1	0	0	0	1	0	0	0	1	0	0	0	
1	-6.88892e-09	0.00013346	-6.88892e-09	1	0.000103236	-0.00013346	-0.000103236	1	-6.07986e-05	-4.70295e-05	0.911111	
1	-2.75652e-08	0.00026698	-2.75596e-08	1	0.000206475	-0.00026698	-0.000206475	1	-0.000243221	-0.00018812	1.82222	
1	-6.20401e-08	0.000400554	-6.20177e-08	1	0.000309715	-0.000400554	-0.000309715	1	-0.000547321	-0.000423273	2.73333	
1	-1.10322e-07	0.000534177	-1.10266e-07	1	0.00041295	-0.000534177	-0.00041295	1	-0.000973143	-0.000752488	3.64444	
1	-1.72419e-07	0.000667844	-1.72307e-07	1	0.000516177	-0.000667844	-0.000516177	1	-0.00152073	-0.00117576	4.55556	
1	-2.48334e-07	0.000801548	-2.48138e-07	1	0.000619392	-0.000801548	-0.000619392	0.999999	-0.00219012	-0.00169307	5.46667	
1	-3.3807e-07	0.000935284	-3.37756e-07	1	0.000722589	-0.000935284	-0.000722589	0.999999	-0.00298134	-0.00230442	6.37778	
0.999999	-4.41627e-07	0.00106905	-4.41156e-07	1	0.000825765	-0.00106905	-0.000825765	0.999999	-0.00389443	-0.00300978	7.28889	
0.999999	-5.59002e-07	0.00120283	-5.58329e-07	1	0.000928915	-0.00120283	-0.000928915	0.999999	-0.0049294	-0.00380913	8.2	
0.999999	-6.9019e-07	0.00133663	-6.89265e-07	0.999999	0.00103204	-0.00133663	-0.00103204	0.999999	-0.00608626	-0.00470246	9.11111	
0.999999	-8.35186e-07	0.00147044	-8.33952e-07	0.999999	0.00113512	-0.00147044	-0.00113512	0.999998	-0.00736504	-0.00568972	10.0222	
0.999999	-9.93979e-07	0.00160426	-9.92375e-07	0.999999	0.00123817	-0.00160426	-0.00123817	0.999998	-0.00876574	-0.00677089	10.9333	
0.999998	-1.16656e-06	0.00173808	-1.16452e-06	0.999999	0.00134118	-0.00173808	-0.00134118	0.999998	-0.0102884	-0.00794592	11.8444	
0.999998	-1.35291e-06	0.00187189	-1.35036e-06	0.999999	0.00144414	-0.00187189	-0.00144414	0.999997	-0.0119329	-0.00921479	12.7555	
0.999998	-1.55302e-06	0.00200569	-1.54988e-06	0.999999	0.00154705	-0.00200569	-0.00154705	0.999997	-0.0136994	-0.0105774	13.6667	
0.999998	-1.76687e-06	0.00213947	-1.76305e-06	0.999999	0.0016499	-0.00213947	-0.0016499	0.999996	-0.0155877	-0.0120338	14.5778	
0.999997	-1.99443e-06	0.00227323	-1.98986e-06	0.999998	0.0017527	-0.00227323	-0.0017527	0.999996	-0.0175979	-0.0135839	15.4889	
0.999997	-2.23569e-06	0.00240696	-2.23026e-06	0.999998	0.00185543	-0.00240696	-0.00185543	0.999995	-0.01973	-0.0152276	16.4	
0.999997	-2.49062e-06	0.00254065	-2.48423e-06	0.999998	0.0019581	-0.00254065	-0.0019581	0.999995	-0.0219839	-0.0169649	17.3111	
0.999996	-2.7592e-06	0.00267431	-2.75175e-06	0.999998	0.00206069	-0.00267431	-0.00206069	0.999994	-0.0243596	-0.0187957	18.2222	
0.999996	-3.04139e-06	0.00280793	-3.03276e-06	0.999998	0.00216321	-0.00280793	-0.00216321	0.999994	-0.0268571	-0.0207199	19.1333	
0.999996	-3.33716e-06	0.00294149	-3.32724e-06	0.999997	0.00226564	-0.00294149	-0.00226564	0.999993	-0.0294763	-0.0227375	20.0444	
0.999995	-3.64648e-06	0.003075	-3.63514e-06	0.999997	0.002368	-0.003075	-0.002368	0.999992	-0.0322171	-0.0248483	20.9555	
0.999995	-3.96931e-06	0.00320845	-3.95644e-06	0.999997	0.00247026	-0.00320845	-0.00247026	0.999992	-0.0350796	-0.0270524	21.8666	
0.999994	-4.30561e-06	0.00334183	-4.29107e-06	0.999997	0.00257243	-0.00334183	-0.00257243	0.999991	-0.0380636	-0.0293497	22.7777	
0.999994	-4.65535e-06	0.00347514	-4.63899e-06	0.999996	0.00267451	-0.00347514	-0.00267451	0.99999	-0.0411691	-0.0317399	23.6888	
0.999993	-5.01848e-06	0.00360838	-5.00017e-06	0.999996	0.00277648	-0.00360838	-0.00277648	0.99999	-0.044396	-0.0342232	24.5999	
0.999993	-5.39496e-06	0.00374153	-5.37454e-06	0.999996	0.00287835	-0.00374153	-0.00287835	0.999989	-0.0477443	-0.0367993	25.511	
0.999992	-5.78473e-06	0.00387459	-5.76206e-06	0.999996	0.00298012	-0.00387459	-0.00298012	0.999988	-0.0512139	-0.0394681	26.4221	
0.999992	-6.18775e-06	0.00400756	-6.16267e-06	0.999995	0.00308176	-0.00400756	-0.00308176	0.999987	-0.0548046	-0.0422297	27.3332	
0.999991	-6.60398e-06	0.00414042	-6.57631e-06	0.999995	0.0031833	-0.00414042	-0.00318329	0.999986	-0.0585165	-0.0450837	28.2443	
0.999991	-7.03334e-06	0.00427319	-7.00292e-06	0.999995	0.0032847	-0.00427319	-0.0032847	0.999985	-0.0623494	-0.0480303	29.1554	
0.99999	-7.4758e-06	0.00440584	-7.44245e-06	0.999994	0.00338599	-0.00440584	-0.00338599	0.999985	-0.0663032	-0.0510691	30.0665	
0.99999	-7.93128e-06	0.00453838	-7.89484e-06	0.999994	0.00348714	-0.00453838	-0.00348714	0.999984	-0.0703777	-0.0542002	30.9776	
0.999989	-8.39974e-06	0.0046708	-8.36e-06	0.999994	0.00358816	-0.0046708	-0.00358816	0.999983	-0.074573	-0.0574234	31.8887	
0.999988	-8.8811e-06	0.00480309	-8.83789e-06	0.999993	0.00368905	-0.00480309	-0.00368905	0.999982	-0.0788889	-0.0607386	32.7998	
0.999988	-9.37531e-06	0.00493525	-9.32843e-06	0.999993	0.00378979	-0.00493525	-0.00378979	0.999981	-0.0833253	-0.0641456	33.7109	
0.999987	-9.8823e-06	0.00506727	-9.83155e-06	0.999992	0.00389039	-0.00506727	-0.00389039	0.99998	-0.087882	-0.0676444	34.622	
0.999986	-1.0402e-05	0.00519915	-1.03472e-05	0.999992	0.00399083	-0.00519915	-0.00399083	0.999979	-0.0925589	-0.0712347	35.5331	
0.999986	-1.09343e-05	0.00533088	-1.08752e-05	0.999992	0.00409112	-0.00533088	-0.00409112	0.999977	-0.0973559	-0.0749165	36.4442	
0.999985	-1.14792e-05	0.00546246	-1.14156e-05	0.999991	0.00419126	-0.00546246	-0.00419126	0.999976	-0.102273	-0.0786896	37.3553	
0.999984	-1.20366e-05	0.00559388	-1.19683e-05	0.999991	0.00429123	-0.00559388	-0.00429123	0.999975	-0.10731	-0.0825538	38.2663	
0.999984	-1.26064e-05	0.00572513	-1.25332e-05	0.99999	0.00439104	-0.00572513	-0.00439104	0.999974	-0.112466	-0.0865091	39.1774	
0.999983	-1.31885e-05	0.00585621	-1.31101e-05	0.99999	0.00449067	-0.00585621	-0.00449067	0.999973	-0.117742	-0.0905552	40.0885	
0.999982	-1.37829e-05	0.00598712	-1.36991e-05	0.999989	0.00459014	-0.00598712	-0.00459013	0.999972	-0.123137	-0.094692	40.9996	
0.999981	-1.43895e-05	0.00611785	-1.43001e-05	0.999989	0.00468942	-0.00611785	-0.00468942	0.99997	-0.128652	-0.0989193	41.9107	
0.99998	-1.50081e-05	0.00624839	-1.49129e-05	0.999989	0.00478852	-0.00624839	-0.00478852	0.999969	-0.134285	-0.103237	42.8218	
0.99998	-1.56388e-05	0.00637874	-1.55374e-05	0.999988	0.00488744	-0.00637874	-0.00488744	0.999968	-0.140038	-0.107645	43.7329	
0.999979	-1.62813e-05	0.00650889	-1.61736e-05	0.999988	0.00498617	-0.00650889	-0.00498617	0.999966	-0.145909	-0.112143	44.6439	
0.999978	-1.69357e-05	0.00663884	-1.68214e-05	0.999987	0.0050847	-0.00663884	-0.0050847	0.999965	-0.151898	-0.116731	45.555	
0.999977	-1.76018e-05	0.00676858	-1.74806e-05	0.999987	0.00518303	-0.00676858	-0.00518303	0.999964	-0.158006	-0.121408	46.4661	
0.999976	-1.82796e-05	0.00689811	-1.81512e-05	0.999986	0.00528117	-0.00689811	-0.00528117	0.999962	-0.164232	-0.126175	47.3772	
0.999975	-1.89688e-05	0.00702742	-1.88331e-05	0.999986	0.0053791	-0.00702742	-0.0053791	0.999961	-0.170576	-0.131032	48.2883	
0.999974	-1.96695e-05	0.00715651	-1.95261e-05	0.999985	0.00547681	-0.00715651	-0.00547681	0.999959	-0.177037	-0.135977	49.1993	
0.999973	-2.03816e-05	0.00728536	-2.02302e-05	0.999984	0.00557432	-0.00728536	-0.00557432	0.999958	-0.183617	-0.141012	50.1104	
0.999973	-2.11048e-05	0.00741399	-2.09453e-05	0.999984	0.00567161	-0.00741399	-0.00567161	0.999956	-0.190313	-0.146135	51.0215	
0.999972	-2.18392e-05	0.00754237	-2.16712e-05	0.999983	0.00576867	-0.00754237	-0.00576867	0.999955	-0.197126	-0.151346	51.9325	
0.999971	-2.25847e-05	0.00767051	-2.24079e-05	0.999983	0.00586552	-0.00767051	-0.00586552	0.999953	-0.204057	-0.156646	52.8436	
0.99997	-2.3341e-05	0.00779839	-2.31552e-05	0.999982	0.00596213	-0.00779839	-0.00596213	0.999952	-0.211104	-0.162035	53.7547	
0.999969	-2.41081e-05	0.00792602	-2.3913e-05	0.999982	0.00605851	-0.00792602	-0.00605851	0.99995	-0.218267	-0.167511	54.6657	
0.999978	-1.43991e-05	0.00665328	-4.67959e-05	0.999958	0.00919746	-0.00665314	-0.00919757	0.999936	-0.224909	-0.174461	55.5768	
0.999986	-6.93856e-07	0.00538049	-6.56819e-05	0.999924	0.0123362	-0.00538009	-0.0123364	0.999909	-0.23039	-0.184271	56.4878	
0.999992	1.70082e-05	0.00410761	-8.05705e-05	0.99988	0.0154746	-0.00410685	-0.0154748	0.999872	-0.234712	-0.19694	57.3989	
0.999996	3.87083e-05	0.00283461	-9.14616e-05	0.999827	0.0186127	-0.0028334	-0.0186129	0.999823	-0.237874	-0.212469	58.3098	
0.999999	6.44075e-05	0.00156148	-9.8355e-05	0.999763	0.0217503	-0.00155971	-0.0217504	0.999762	-0.239875	-0.230857	59.2208	
1	9.41078e-05	0.000288174	-0.000101251	0.99969	0.0248875	-0.000285743	-0.0248875	0.99969	-0.240716	-0.252103	60.1316	
1	0.000127811	-0.000985325	-0.000100148	0.999607	0.028024	0.00098852	-0.0280239	0.999607	-0.240396	-0.276207	61.0424	
0.999997	0.000165519	-0.00225905	-9.50472e-05	0.999514	0.03116	0.00226311	-0.0311597	0.999512	-0.238914	-0.303168	61.9531	
0.999994	0.000207236	-0.00353302	-8.59481e-05	0.999412	0.0342953	0.00353805	-0.0342948	0.999405	-0.236272	-0.332987	62.8637	
0.999988	0.000252963	-0.00480727	-7.28506e-05	0.999299	0.0374299	0.00481337	-0.0374291	0.999288	-0.232467	-0.365661	63.7743	
0.999981	0.000302704	-0.00608183	-5.57545e-05	0.999177	0.0405636	0.0060891	-0.0405625	0.999158	-0.2275	-0.40119	64.6847	
0.999973	0.000356462	-0.00735672	-3.46598e-05	0.999045	0.0436965	0.00736527	-0.0436951	0.999018	-0.221371	-0.439575	65.5949	
0.999963	0.000414242	-0.00863197	-9.5664e-06	0.998903	0.0468285	0.0086419	-0.0468266	0.998866	-0.214079	-0.480812	66.5051	
0.999951	0.000476048	-0.0099076	1.95257e-05	0.998751	0.0499594	0.00991901	-0.0499572	0.998702	-0.205624	-0.524903	67.4151	
0.999937	0.000541883	-0.0111837	5.26164e-05	0.99859	0.0530893	0.0111966	-0.0530866	0.998527	-0.196004	-0.571845	68.3249	
0.999922	0.000611754	-0.0124601	8.97059e-05	0.998419	0.0562181	0.0124748	-0.0562148	0.998341	-0.18522	-0.621638	69.2346	
0.999905	0.000685664	-0.0137371	0.000130794	0.998237	0.0593457	0.0137536	-0.0593419	0.998143	-0.173272	-0.67428	70.1441	
0.999887	0.000763619	-0.0150145	0.000175881	0.998047	0.062472	0.0150329	-0.0624676	0.997934	-0.160158	-0.729771	71.0535	
0.999867	0.000845625	-0.0162925	0.000224966	0.997846	0.0655971	0.0163129	-0.065592	0.997713	-0.145878	-0.78811	71.9626	
0.999667	0.00156731	-0.02577	0.000660922	0.996275	0.0862311	0.0258091	-0.0862194	0.995942	-0.126689	-0.857271	72.8709	
0.999376	0.0024849	-0.0352282	0.00129331	0.994277	0.106823	0.035292	-0.106802	0.993654	-0.0988524	-0.945207	73.7773	
0.998996	0.00359792	-0.0446622	0.0021218	0.991854	0.127362	0.0447566	-0.127329	0.99085	-0.0623843	-1.05187	74.6814	
0.998525	0.00490579	-0.0540671	0.00314596	0.989007	0.147838	0.0541979	-0.14779	0.987533	-0.017303	-1.17721	75.5827	
0.997965	0.00640784	-0.063438	0.00436527	0.985736	0.16824	0.0636112	-0.168175	0.983703	0.0363679	-1.32116	76.4807	
0.997316	0.00810327	-0.07277	0.00577908	0.982045	0.188558	0.0729914	-0.188472	0.979362	0.0986006	-1.48363	77.375	
0.996577	0.00999123	-0.0820584	0.00738667	0.977935	0.20878	0.0823338	-0.208672	0.974514	0.169363	-1.66456	78.2652	
0.99575	0.0120707	-0.0912983	0.0091872	0.973407	0.228897	0.0916334	-0.228763	0.96916	0.248618	-1.86385	79.1507	
0.994835	0.0143407	-0.100485	0.0111797	0.968465	0.248897	0.100886	-0.248735	0.963303	0.336325	-2.08138	80.031	
0.993832	0.0167999	-0.109613	0.0133633	0.963111	0.268772	0.110085	-0.268579	0.956947	0.432438	-2.31706	80.9059	
0.992742	0.0194471	-0.118679	0.0157366	0.957348	0.288509	0.119228	-0.288283	0.950094	0.536907	-2.57075	81.7747	
0.991565	0.022281	-0.127677	0.0182986	0.951178	0.3081	0.128309	-0.307837	0.942748	0.649679	-2.84233	82.637	
0.990303	0.0253	-0.136604	0.0210478	0.944605	0.327533	0.137323	-0.327232	0.934913	0.770694	-3.13165	83.4924	
0.988955	0.0285026	-0.145453	0.0239829	0.937633	0.3468	0.146266	-0.346457	0.926592	0.89989	-3.43857	84.3405	
0.987522	0.0318871	-0.154221	0.0271024	0.930264	0.365889	0.155133	-0.365503	0.917792	1.0372	-3.76292	85.1807	
0.986005	0.0354518	-0.162903	0.0304045	0.922503	0.384791	0.16392	-0.384358	0.908515	1.18255	-4.10454	86.0127	
0.984405	0.0391949	-0.171494	0.0338876	0.914354	0.403496	0.172621	-0.403015	0.898766	1.33587	-4.46325	86.8361	
0.982723	0.0431143	-0.179991	0.03755	0.905821	0.421994	0.181233	-0.421462	0.888552	1.49708	-4.83886	87.6503	
0.980959	0.047208	-0.188388	0.0413896	0.896908	0.440276	0.189751	-0.439691	0.877876	1.66609	-5.23118	88.4551	
0.979115	0.051474	-0.196682	0.0454045	0.88762	0.458333	0.198171	-0.457691	0.866745	1.84282	-5.64	89.2499	
