1	0	0	0	1	0	0	0	1	0	0	0	
1	-6.94872e-07	-0.000399967	-6.94872e-07	0.999994	-0.00347464	0.000399967	0.00347464	0.999994	0.000177258	0.0015399	0.886362	
1	-2.78484e-06	-0.000800692	-2.78494e-06	0.999976	-0.00695612	0.000800692	0.00695612	0.999975	0.000709368	0.00616263	1.77271	
0.999999	-6.27785e-06	-0.00120216	-6.27826e-06	0.999945	-0.0104443	0.00120216	0.0104443	0.999945	0.001597	0.0138742	2.65904	
0.999999	-1.11817e-05	-0.00160436	-1.11827e-05	0.999903	-0.0139391	0.00160436	0.0139391	0.999902	0.0028408	0.0246805	3.54534	
0.999998	-1.75041e-05	-0.00200727	-1.75062e-05	0.999848	-0.0174404	0.00200727	0.0174404	0.999846	0.00444141	0.0385874	4.43159	
0.999997	-2.52526e-05	-0.00241088	-2.52562e-05	0.999781	-0.020948	0.00241088	0.020948	0.999778	0.00639945	0.0556004	5.31779	
0.999996	-3.44346e-05	-0.00281518	-3.44404e-05	0.999701	-0.0244618	0.00281518	0.0244618	0.999697	0.00871555	0.0757253	6.20392	
0.999995	-4.50573e-05	-0.00322015	-4.50661e-05	0.999608	-0.0279818	0.00322015	0.0279818	0.999603	0.0113903	0.0989674	7.08997	
0.999993	-5.7128e-05	-0.00362578	-5.71405e-05	0.999504	-0.0315077	0.00362578	0.0315077	0.999497	0.0144243	0.125332	7.97594	
0.999992	-7.06535e-05	-0.00403205	-7.06708e-05	0.999386	-0.0350394	0.00403204	0.0350394	0.999378	0.0178181	0.154824	8.86181	
0.99999	-8.56409e-05	-0.00443894	-8.5664e-05	0.999256	-0.0385768	0.00443894	0.0385768	0.999246	0.0215723	0.18745	9.74756	
0.999988	-0.000102097	-0.00484645	-0.000102127	0.999113	-0.0421199	0.00484645	0.0421199	0.999101	0.0256874	0.223213	10.6332	
0.999986	-0.000120028	-0.00525455	-0.000120066	0.998957	-0.0456684	0.00525455	0.0456684	0.998943	0.030164	0.262119	11.5187	
0.999984	-0.00013944	-0.00566324	-0.000139488	0.998788	-0.0492222	0.00566324	0.0492222	0.998772	0.0350026	0.304173	12.404	
0.999982	-0.000160341	-0.0060725	-0.0001604	0.998606	-0.0527812	0.00607249	0.0527812	0.998588	0.0402036	0.349379	13.2892	
0.999979	-0.000182735	-0.00648231	-0.000182807	0.998411	-0.0563453	0.0064823	0.0563453	0.99839	0.0457677	0.397742	14.1743	
0.999976	-0.000206629	-0.00689266	-0.000206716	0.998203	-0.0599144	0.00689265	0.0599144	0.99818	0.0516953	0.449267	15.0591	
0.999973	-0.00023203	-0.00730353	-0.000232133	0.997983	-0.0634883	0.00730353	0.0634883	0.997956	0.0579867	0.503956	15.9438	
0.99997	-0.000258942	-0.00771491	-0.000259064	0.997748	-0.0670669	0.00771491	0.0670669	0.997719	0.0646427	0.561816	16.8282	
0.999967	-0.000287372	-0.00812679	-0.000287514	0.997501	-0.0706501	0.00812679	0.0706501	0.997468	0.0716634	0.62285	17.7124	
0.999963	-0.000317325	-0.00853915	-0.000317489	0.997241	-0.0742377	0.00853915	0.0742377	0.997204	0.0790495	0.687062	18.5964	
0.99996	-0.000348806	-0.00895198	-0.000348995	0.996967	-0.0778296	0.00895197	0.0778296	0.996926	0.0868012	0.754455	19.4802	
0.999956	-0.00038182	-0.00936525	-0.000382037	0.996679	-0.0814257	0.00936525	0.0814257	0.996635	0.0949191	0.825034	20.3637	
0.999952	-0.000416374	-0.00977897	-0.00041662	0.996379	-0.0850259	0.00977896	0.0850259	0.996331	0.103403	0.898803	21.247	
0.999948	-0.00045247	-0.0101931	-0.000452749	0.996065	-0.0886301	0.0101931	0.0886301	0.996012	0.112255	0.975764	22.1299	
0.999944	-0.000490116	-0.0106076	-0.00049043	0.995737	-0.092238	0.0106076	0.092238	0.99568	0.121473	1.05592	23.0126	
0.999939	-0.000529314	-0.0110226	-0.000529666	0.995396	-0.0958496	0.0110226	0.0958496	0.995335	0.131059	1.13928	23.895	
0.999934	-0.00057007	-0.0114379	-0.000570463	0.995041	-0.0994648	0.0114379	0.0994648	0.994975	0.141013	1.22584	24.7771	
0.99993	-0.000612387	-0.0118536	-0.000612825	0.994673	-0.103083	0.0118535	0.103083	0.994602	0.151336	1.3156	25.6588	
0.999925	-0.000656271	-0.0122696	-0.000656757	0.99429	-0.106705	0.0122696	0.106705	0.994215	0.162027	1.40858	26.5402	
0.999919	-0.000701726	-0.012686	-0.000702263	0.993895	-0.11033	0.0126859	0.11033	0.993814	0.173087	1.50477	27.4213	
0.999914	-0.000748755	-0.0131026	-0.000749346	0.993485	-0.113959	0.0131026	0.113959	0.993399	0.184516	1.60417	28.302	
0.999908	-0.000797362	-0.0135196	-0.000798011	0.993062	-0.11759	0.0135196	0.11759	0.99297	0.196314	1.70678	29.1823	
0.999903	-0.000847551	-0.0139369	-0.000848262	0.992625	-0.121224	0.0139368	0.121224	0.992527	0.208482	1.81262	30.0622	
0.999897	-0.000899326	-0.0143544	-0.000900103	0.992174	-0.12486	0.0143544	0.12486	0.992071	0.22102	1.92168	30.9418	
0.99989	-0.00095269	-0.0147723	-0.000953536	0.991709	-0.128499	0.0147722	0.128499	0.9916	0.233929	2.03397	31.8209	
0.999884	-0.00100765	-0.0151903	-0.00100857	0.99123	-0.132141	0.0151902	0.132141	0.991115	0.247208	2.14948	32.6996	
0.999878	-0.0010642	-0.0156086	-0.0010652	0.990738	-0.135785	0.0156085	0.135785	0.990615	0.260857	2.26822	33.5779	
0.999871	-0.00112235	-0.0160271	-0.00112343	0.990231	-0.13943	0.016027	0.13943	0.990102	0.274877	2.39019	34.4557	
0.999864	-0.0011821	-0.0164458	-0.00118327	0.989711	-0.143078	0.0164457	0.143079	0.989575	0.289269	2.51539	35.3331	
0.999857	-0.00124346	-0.0168647	-0.00124471	0.989176	-0.146728	0.0168646	0.146728	0.989033	0.304031	2.64383	36.2099	
0.99985	-0.00130642	-0.0172838	-0.00130777	0.988627	-0.15038	0.0172837	0.15038	0.988477	0.319165	2.7755	37.0863	
0.999842	-0.00137099	-0.017703	-0.00137245	0.988065	-0.154033	0.0177029	0.154033	0.987907	0.334671	2.91041	37.9622	
0.999835	-0.00143718	-0.0181224	-0.00143874	0.987488	-0.157688	0.0181223	0.157688	0.987323	0.350548	3.04856	38.8376	
0.999827	-0.00150497	-0.0185419	-0.00150664	0.986897	-0.161345	0.0185418	0.161345	0.986724	0.366797	3.18995	39.7125	
0.999819	-0.00157439	-0.0189615	-0.00157617	0.986292	-0.165002	0.0189614	0.165002	0.986111	0.383417	3.33458	40.5868	
0.999811	-0.00164542	-0.0193812	-0.00164733	0.985673	-0.168661	0.0193811	0.168661	0.985484	0.40041	3.48246	41.4606	
0.999802	-0.00171807	-0.0198011	-0.00172011	0.985039	-0.172321	0.0198009	0.172321	0.984842	0.417775	3.63357	42.3338	
0.999794	-0.00179235	-0.0202209	-0.00179451	0.984392	-0.175981	0.0202208	0.175982	0.984186	0.435512	3.78794	43.2064	
0.999785	-0.00186824	-0.0206409	-0.00187055	0.98373	-0.179643	0.0206407	0.179643	0.983515	0.453621	3.94554	44.0785	
0.999776	-0.00194576	-0.0210609	-0.00194821	0.983054	-0.183305	0.0210606	0.183305	0.98283	0.472102	4.10639	44.9499	
0.999767	-0.00202491	-0.0214809	-0.00202751	0.982364	-0.186968	0.0214806	0.186968	0.982131	0.490956	4.27049	45.8208	
0.999758	-0.00210568	-0.0219009	-0.00210844	0.98166	-0.190631	0.0219007	0.190631	0.981417	0.510181	4.43784	46.691	
0.999748	-0.00218809	-0.022321	-0.002191	0.980941	-0.194294	0.0223207	0.194294	0.980689	0.52978	4.60843	47.5606	
0.999739	-0.00227212	-0.022741	-0.0022752	0.980208	-0.197958	0.0227407	0.197958	0.979947	0.54975	4.78227	48.4295	
0.999729	-0.00235778	-0.023161	-0.00236103	0.979461	-0.201621	0.0231606	0.201621	0.97919	0.570093	4.95935	49.2977	
0.999719	-0.00244507	-0.0235809	-0.0024485	0.978699	-0.205285	0.0235806	0.205285	0.978418	0.590807	5.13969	50.1653	
0.999709	-0.00253399	-0.0240008	-0.00253761	0.977923	-0.208948	0.0240004	0.208948	0.977632	0.611895	5.32327	51.0322	
0.999698	-0.00262454	-0.0244207	-0.00262836	0.977133	-0.212611	0.0244202	0.212611	0.976832	0.633354	5.5101	51.8984	
0.999682	-0.00276874	-0.0250722	-0.00280159	0.975621	-0.219444	0.0250685	0.219445	0.975303	0.655286	5.70158	52.7635	
0.999665	-0.00291761	-0.0257231	-0.00297942	0.97406	-0.226269	0.0257161	0.22627	0.973725	0.677793	5.89911	53.6273	
0.999647	-0.00307116	-0.0263736	-0.00316184	0.972451	-0.233085	0.0263628	0.233086	0.972099	0.700874	6.10269	54.4897	
0.99963	-0.00322937	-0.0270234	-0.00334885	0.970794	-0.239891	0.0270088	0.239893	0.970424	0.724527	6.31231	55.3506	
0.999611	-0.00339225	-0.0276725	-0.00354044	0.969089	-0.246688	0.0276539	0.24669	0.9687	0.748753	6.52795	56.2099	
0.999593	-0.00355979	-0.0283208	-0.00373661	0.967335	-0.253474	0.0282981	0.253477	0.966928	0.77355	6.74962	57.0678	
0.999573	-0.00373198	-0.0289684	-0.00393734	0.965533	-0.260249	0.0289412	0.260252	0.965107	0.798917	6.97729	57.924	
0.999554	-0.00390881	-0.0296151	-0.00414262	0.963684	-0.267013	0.0295833	0.267017	0.963238	0.824854	7.21097	58.7786	
0.999534	-0.00409027	-0.0302609	-0.00435246	0.961787	-0.273766	0.0302243	0.27377	0.96132	0.85136	7.45064	59.6316	
0.999513	-0.00427636	-0.0309057	-0.00456683	0.959841	-0.280506	0.0308641	0.28051	0.959355	0.878434	7.69629	60.4828	
0.999492	-0.00446705	-0.0315495	-0.00478574	0.957849	-0.287233	0.0315027	0.287238	0.957341	0.906074	7.9479	61.3322	
0.999471	-0.00466235	-0.0321922	-0.00500916	0.955808	-0.293948	0.0321401	0.293953	0.955279	0.934279	8.20548	62.1799	
0.999449	-0.00486223	-0.0328337	-0.00523709	0.953721	-0.300648	0.032776	0.300655	0.95317	0.963049	8.469	63.0257	
0.999427	-0.00506669	-0.0334741	-0.00546951	0.951586	-0.307335	0.0334106	0.307342	0.951012	0.992382	8.73845	63.8696	
0.999404	-0.0052757	-0.0341131	-0.00570641	0.949403	-0.314008	0.0340437	0.314015	0.948807	1.02228	9.01383	64.7115	
0.999381	-0.00548926	-0.0347509	-0.00594779	0.947174	-0.320665	0.0346754	0.320673	0.946555	1.05273	9.29511	65.5515	
0.999357	-0.00570735	-0.0353873	-0.00619362	0.944898	-0.327307	0.0353054	0.327316	0.944255	1.08375	9.58229	66.3895	
0.999333	-0.00592996	-0.0360222	-0.00644389	0.942575	-0.333933	0.0359338	0.333943	0.941908	1.11532	9.87535	67.2254	
0.999309	-0.00615705	-0.0366557	-0.00669858	0.940205	-0.340543	0.0365606	0.340553	0.939514	1.14745	10.1743	68.0592	
0.999284	-0.00638863	-0.0372876	-0.00695768	0.937789	-0.347137	0.0371856	0.347147	0.937073	1.18013	10.4791	68.8909	
0.999259	-0.00662466	-0.0379179	-0.00722118	0.935326	-0.353713	0.0378089	0.353724	0.934585	1.21337	10.7897	69.7204	
0.999233	-0.00686514	-0.0385466	-0.00748905	0.932818	-0.360271	0.0384302	0.360284	0.932051	1.24715	11.1061	70.5477	
0.999169	-0.00747141	-0.0400648	-0.00835447	0.924629	-0.380778	0.0398901	0.380796	0.923798	1.28187	11.4346	71.3702	
0.999103	-0.00811109	-0.0415692	-0.00925194	0.915989	-0.401097	0.0413303	0.401122	0.915092	1.31786	11.7811	72.1852	
0.999034	-0.00878386	-0.043059	-0.010181	0.906902	-0.421219	0.0427502	0.421251	0.905936	1.35513	12.1456	72.9923	
0.998963	-0.0094894	-0.0445334	-0.0111412	0.897372	-0.441134	0.0441491	0.441172	0.896336	1.39364	12.5278	73.791	
0.998889	-0.0102274	-0.0459918	-0.0121321	0.887405	-0.460831	0.0455264	0.460878	0.886295	1.43338	12.9276	74.5811	
0.998814	-0.0109974	-0.0474333	-0.0131532	0.877004	-0.480302	0.0468813	0.480357	0.875819	1.47434	13.3447	75.3621	
0.998736	-0.0117991	-0.0488574	-0.014204	0.866176	-0.499537	0.0482132	0.4996	0.864914	1.51649	13.7791	76.1335	
0.998656	-0.012632	-0.0502633	-0.0152839	0.854925	-0.518526	0.0495214	0.518597	0.853583	1.5598	14.2303	76.8952	
0.998574	-0.0134959	-0.0516503	-0.0163925	0.843257	-0.53726	0.0508053	0.537341	0.841834	1.60427	14.6983	77.6466	
0.99849	-0.0143902	-0.0530177	-0.0175292	0.831178	-0.55573	0.0520642	0.55582	0.829671	1.64986	15.1828	78.3874	
0.998404	-0.0153145	-0.0543649	-0.0186934	0.818694	-0.573926	0.0532976	0.574026	0.8171	1.69655	15.6836	79.1173	
0.998315	-0.0162684	-0.0556913	-0.0198846	0.80581	-0.59184	0.0545049	0.591951	0.804129	1.74433	16.2003	79.8358	
0.998225	-0.0172514	-0.056996	-0.0211022	0.792533	-0.609464	0.0556853	0.609585	0.790763	1.79317	16.7328	80.5426	
0.998133	-0.0182629	-0.0582786	-0.0223455	0.77887	-0.626787	0.0568384	0.626919	0.777008	1.84304	17.2809	81.2375	
0.998039	-0.0193026	-0.0595384	-0.0236141	0.764827	-0.643802	0.0579636	0.643946	0.762872	1.89392	17.8441	81.9199	
0.997944	-0.0203699	-0.0607747	-0.0249072	0.750412	-0.660501	0.0590604	0.660657	0.748361	1.94578	18.4223	82.5897	
0.997846	-0.0214642	-0.061987	-0.0262242	0.735631	-0.676875	0.0601281	0.677043	0.733483	1.99861	19.0152	83.2465	
0.997747	-0.0225851	-0.0631746	-0.0275644	0.720491	-0.692916	0.0611663	0.693096	0.718245	2.05237	19.6224	83.8899	
