1	0	0	0	1	0	0	0	1	0	0	0	
0.999993	5.14448e-06	0.00379586	5.14448e-06	0.999996	-0.00271056	-0.00379586	0.00271056	0.999989	-0.00166884	0.00119169	0.87929	
0.999971	2.05862e-05	0.00759421	2.05752e-05	0.999985	-0.00541998	-0.00759421	0.00541998	0.999956	-0.00667645	0.00476626	1.75856	
0.999935	4.63347e-05	0.011395	4.62904e-05	0.999967	-0.0081282	-0.011395	0.0081282	0.999902	-0.015025	0.0107227	2.63779	
0.999885	8.23986e-05	0.015198	8.22879e-05	0.999941	-0.0108351	-0.015198	0.0108351	0.999826	-0.0267165	0.0190599	3.51697	
0.999819	0.000128787	0.0190032	0.000128565	0.999908	-0.0135407	-0.0190032	0.0135407	0.999728	-0.041753	0.0297766	4.39607	
0.99974	0.000185507	0.0228105	0.000185119	0.999868	-0.0162448	-0.0228105	0.0162448	0.999608	-0.0601363	0.0428717	5.27507	
0.999646	0.000252566	0.0266198	0.000251945	0.99982	-0.0189475	-0.0266198	0.0189474	0.999466	-0.0818681	0.0583439	6.15396	
0.999537	0.000329972	0.0304309	0.000329041	0.999766	-0.0216485	-0.0304309	0.0216485	0.999302	-0.10695	0.0761918	7.03271	
0.999413	0.000417731	0.0342438	0.0004164	0.999703	-0.0243479	-0.0342438	0.0243478	0.999117	-0.135384	0.096414	7.91131	
0.999275	0.000515849	0.0380583	0.000514019	0.999634	-0.0270455	-0.0380584	0.0270455	0.998909	-0.167172	0.119009	8.78974	
0.999123	0.000624332	0.0418744	0.000621891	0.999557	-0.0297413	-0.0418745	0.0297413	0.99868	-0.202314	0.143975	9.66797	
0.998955	0.000743184	0.045692	0.000740012	0.999474	-0.0324353	-0.0456921	0.0324352	0.998429	-0.240812	0.171311	10.546	
0.998773	0.000872412	0.0495109	0.000868373	0.999382	-0.0351272	-0.049511	0.0351271	0.998156	-0.282668	0.201014	11.4238	
0.998576	0.00101202	0.053331	0.00100697	0.999284	-0.0378172	-0.0533311	0.037817	0.997861	-0.327882	0.233084	12.3013	
0.998365	0.00116201	0.0571523	0.00115579	0.999179	-0.040505	-0.0571524	0.0405048	0.997543	-0.376456	0.267518	13.1786	
0.998138	0.00132238	0.0609746	0.00131483	0.999066	-0.0431907	-0.0609748	0.0431904	0.997204	-0.428391	0.304314	14.0556	
0.997897	0.00149315	0.0647978	0.00148409	0.998946	-0.0458741	-0.064798	0.0458738	0.996843	-0.483686	0.343471	14.9323	
0.997641	0.0016743	0.0686219	0.00166354	0.998819	-0.0485551	-0.0686221	0.0485548	0.99646	-0.542344	0.384986	15.8086	
0.997371	0.00186585	0.0724466	0.00185319	0.998685	-0.0512338	-0.0724469	0.0512333	0.996056	-0.604365	0.428858	16.6846	
0.997085	0.00206779	0.076272	0.00205302	0.998544	-0.05391	-0.0762724	0.0539094	0.995629	-0.669749	0.475084	17.5603	
0.996784	0.00228013	0.0800978	0.00226303	0.998395	-0.0565837	-0.0800983	0.056583	0.99518	-0.738497	0.523661	18.4355	
0.996469	0.00250287	0.0839241	0.0024832	0.99824	-0.0592547	-0.0839246	0.0592539	0.994709	-0.810609	0.574589	19.3104	
0.996139	0.002736	0.0877506	0.00271352	0.998077	-0.061923	-0.0877513	0.061922	0.994216	-0.886086	0.627863	20.1848	
0.995794	0.00297953	0.0915773	0.00295398	0.997908	-0.0645886	-0.0915781	0.0645874	0.993701	-0.964927	0.683483	21.0588	
0.995433	0.00323346	0.0954041	0.00320457	0.997731	-0.0672513	-0.0954051	0.06725	0.993164	-1.04713	0.741445	21.9323	
0.995058	0.00349778	0.0992309	0.00346527	0.997547	-0.0699112	-0.099232	0.0699095	0.992605	-1.13271	0.801747	22.8053	
0.994668	0.00377249	0.103057	0.00373608	0.997356	-0.072568	-0.103059	0.0725661	0.992025	-1.22164	0.864386	23.6779	
0.994263	0.00405759	0.106884	0.00401698	0.997159	-0.0752218	-0.106885	0.0752196	0.991422	-1.31394	0.929359	24.5499	
0.993843	0.00435308	0.11071	0.00430796	0.996954	-0.0778725	-0.110712	0.07787	0.990797	-1.40961	0.996665	25.4214	
0.993408	0.00465896	0.114536	0.004609	0.996742	-0.08052	-0.114538	0.0805171	0.990151	-1.50864	1.0663	26.2923	
0.992958	0.00497522	0.118361	0.00492009	0.996524	-0.0831642	-0.118363	0.083161	0.989482	-1.61103	1.13826	27.1626	
0.992493	0.00530185	0.122185	0.00524121	0.996298	-0.0858051	-0.122188	0.0858014	0.988791	-1.71679	1.21254	28.0324	
0.992013	0.00563886	0.126009	0.00557236	0.996066	-0.0884426	-0.126011	0.0884384	0.988079	-1.82591	1.28915	28.9015	
0.991518	0.00598624	0.129831	0.0059135	0.995826	-0.0910767	-0.129835	0.0910719	0.987344	-1.93839	1.36807	29.77	
0.991008	0.00634398	0.133653	0.00626463	0.99558	-0.0937071	-0.133657	0.0937018	0.986588	-2.05424	1.4493	30.6378	
0.990483	0.00671208	0.137474	0.00662573	0.995327	-0.096334	-0.137478	0.096328	0.98581	-2.17344	1.53285	31.505	
0.989942	0.00709053	0.141293	0.00699679	0.995067	-0.0989572	-0.141298	0.0989505	0.98501	-2.296	1.6187	32.3714	
0.989387	0.00747933	0.145111	0.00737778	0.9948	-0.101577	-0.145116	0.101569	0.984187	-2.42192	1.70686	33.2372	
0.988817	0.00787847	0.148928	0.00776869	0.994527	-0.104192	-0.148934	0.104184	0.983343	-2.5512	1.79732	34.1022	
0.988231	0.00828793	0.152743	0.0081695	0.994247	-0.106804	-0.15275	0.106795	0.982478	-2.68384	1.89008	34.9665	
0.987631	0.00870772	0.156557	0.00858019	0.993959	-0.109412	-0.156564	0.109402	0.98159	-2.81983	1.98513	35.83	
0.987015	0.00913782	0.160369	0.00900075	0.993666	-0.112016	-0.160377	0.112005	0.980681	-2.95917	2.08247	36.6927	
0.986384	0.00957824	0.164179	0.00943114	0.993365	-0.114615	-0.164187	0.114603	0.979749	-3.10186	2.1821	37.5546	
0.985738	0.0100289	0.167987	0.00987136	0.993058	-0.117211	-0.167996	0.117197	0.978796	-3.24791	2.28401	38.4156	
0.985077	0.0104899	0.171793	0.0103214	0.992744	-0.119802	-0.171803	0.119787	0.977821	-3.3973	2.3882	39.2759	
0.984401	0.0109612	0.175597	0.0107812	0.992424	-0.122389	-0.175608	0.122373	0.976825	-3.55004	2.49466	40.1352	
0.98371	0.0114427	0.179399	0.0112508	0.992097	-0.124972	-0.179411	0.124954	0.975806	-3.70612	2.6034	40.9937	
0.983004	0.0119345	0.183198	0.0117301	0.991763	-0.12755	-0.183211	0.127531	0.974766	-3.86555	2.7144	41.8513	
0.982282	0.0124366	0.186995	0.0122191	0.991422	-0.130124	-0.187009	0.130103	0.973705	-4.02831	2.82767	42.7079	
0.981546	0.0129489	0.190789	0.0127178	0.991076	-0.132693	-0.190805	0.132671	0.972621	-4.19442	2.9432	43.5636	
0.980794	0.0134714	0.194581	0.0132262	0.990722	-0.135258	-0.194598	0.135233	0.971516	-4.36386	3.06098	44.4183	
0.980027	0.0140041	0.19837	0.0137443	0.990362	-0.137817	-0.198388	0.137791	0.970389	-4.53663	3.18102	45.2721	
0.979245	0.014547	0.202156	0.0142719	0.989996	-0.140373	-0.202176	0.140344	0.969241	-4.71274	3.3033	46.1248	
0.978448	0.0151	0.205939	0.0148092	0.989623	-0.142923	-0.20596	0.142892	0.968071	-4.89218	3.42782	46.9766	
0.977636	0.0156633	0.209719	0.0153561	0.989244	-0.145468	-0.209742	0.145436	0.96688	-5.07494	3.55458	47.8273	
0.976809	0.0162367	0.213496	0.0159125	0.988858	-0.148009	-0.21352	0.147974	0.965667	-5.26102	3.68358	48.6769	
0.975967	0.0168202	0.217269	0.0164784	0.988466	-0.150544	-0.217295	0.150506	0.964433	-5.45043	3.81481	49.5255	
0.975109	0.0174139	0.221039	0.0170539	0.988067	-0.153075	-0.221067	0.153034	0.963177	-5.64316	3.94826	50.3729	
0.974237	0.0180177	0.224806	0.0176388	0.987663	-0.1556	-0.224836	0.155557	0.9619	-5.8392	4.08393	51.2193	
0.972879	0.0189455	0.230539	0.0176666	0.987644	-0.155717	-0.23064	0.155567	0.960523	-6.03944	4.22071	52.0645	
0.971484	0.0198747	0.236271	0.0176961	0.987624	-0.155838	-0.236445	0.155576	0.959109	-6.2448	4.35751	52.9084	
0.970052	0.0208051	0.242003	0.0177271	0.987604	-0.155963	-0.242248	0.155582	0.957659	-6.45525	4.49431	53.7511	
0.968585	0.0217366	0.247732	0.0177597	0.987583	-0.15609	-0.248049	0.155586	0.956172	-6.67081	4.63111	54.5926	
0.96708	0.0226692	0.253459	0.0177939	0.987562	-0.15622	-0.253848	0.155588	0.954648	-6.89147	4.76792	55.4326	
0.96554	0.0236028	0.259183	0.0178297	0.98754	-0.156353	-0.259644	0.155586	0.953089	-7.11723	4.90472	56.2714	
0.963963	0.0245373	0.264903	0.017867	0.987518	-0.156488	-0.265436	0.155582	0.951493	-7.34808	5.04153	57.1087	
0.96235	0.0254726	0.270618	0.0179058	0.987496	-0.156626	-0.271224	0.155575	0.94986	-7.58402	5.17833	57.9446	
0.9607	0.0264087	0.276328	0.0179462	0.987473	-0.156766	-0.277006	0.155564	0.948192	-7.82504	5.31512	58.7791	
0.959015	0.0273454	0.282032	0.017988	0.98745	-0.156907	-0.282784	0.15555	0.946487	-8.07115	5.4519	59.6121	
0.957294	0.0282826	0.287731	0.0180313	0.987426	-0.157051	-0.288554	0.155532	0.944747	-8.32234	5.58867	60.4436	
0.955536	0.0292204	0.293422	0.018076	0.987402	-0.157195	-0.294318	0.15551	0.94297	-8.5786	5.72541	61.2735	
0.953743	0.0301585	0.299105	0.0181221	0.987378	-0.157341	-0.300075	0.155484	0.941159	-8.83993	5.86214	62.1019	
0.951915	0.0310969	0.304781	0.0181695	0.987354	-0.157489	-0.305824	0.155454	0.939312	-9.10631	5.99885	62.9286	
0.950051	0.0320355	0.310447	0.0182182	0.987329	-0.157637	-0.311563	0.155419	0.937429	-9.37774	6.13552	63.7537	
0.948151	0.0329743	0.316104	0.0182682	0.987304	-0.157785	-0.317294	0.155379	0.935512	-9.65422	6.27216	64.5772	
0.946217	0.033913	0.321751	0.0183193	0.98728	-0.157935	-0.323014	0.155335	0.933559	-9.93573	6.40877	65.3989	
0.944247	0.0348517	0.327388	0.0183716	0.987255	-0.158084	-0.328724	0.155285	0.931572	-10.2223	6.54533	66.2189	
0.942243	0.0357903	0.333013	0.0184249	0.98723	-0.158234	-0.334423	0.155231	0.929551	-10.5138	6.68185	67.0371	
0.940204	0.0367286	0.338626	0.0184792	0.987205	-0.158384	-0.340111	0.15517	0.927495	-10.8104	6.81831	67.8536	
0.93813	0.0376665	0.344227	0.0185345	0.98718	-0.158533	-0.345786	0.155105	0.925405	-11.1119	6.95473	68.6682	
0.936023	0.038604	0.349816	0.0185906	0.987155	-0.158682	-0.351448	0.155033	0.923282	-11.4185	7.09108	69.481	
0.930859	0.040716	0.363103	0.012643	0.989587	-0.143377	-0.36516	0.138055	0.920651	-11.7335	7.21994	70.2917	
0.925498	0.0425829	0.37635	0.00646916	0.991737	-0.128121	-0.378696	0.12101	0.917576	-12.0606	7.33384	71.0999	
0.919944	0.0442037	0.389549	7.21949e-05	0.993604	-0.112919	-0.392049	0.103907	0.914057	-12.3994	7.43273	71.9052	
0.914199	0.0455777	0.402695	-0.00654485	0.995187	-0.0977787	-0.405213	0.0867536	0.910097	-12.75	7.51655	72.7072	
0.908265	0.0467041	0.41578	-0.0133788	0.996484	-0.0827082	-0.418181	0.0695583	0.905697	-13.112	7.58528	73.5055	
0.902146	0.0475824	0.428798	-0.0204263	0.997496	-0.0677143	-0.430946	0.0523294	0.900859	-13.4853	7.63887	74.2998	
0.895845	0.0482123	0.441744	-0.027684	0.998221	-0.0528043	-0.443504	0.0350752	0.895586	-13.8698	7.6773	75.0896	
0.889364	0.0485934	0.45461	-0.0351483	0.99866	-0.0379854	-0.455847	0.0178041	0.88988	-14.2652	7.70055	75.8747	
0.882707	0.0487254	0.467392	-0.0428158	0.998812	-0.0232649	-0.46797	0.000524322	0.883744	-14.6714	7.7086	76.6545	
0.875876	0.0486085	0.480081	-0.0506825	0.998677	-0.00864969	-0.479867	-0.0167557	0.877181	-15.0881	7.70147	77.4287	
0.868876	0.0482425	0.492673	-0.0587449	0.998256	0.00585303	-0.491532	-0.0340276	0.870195	-15.5152	7.67914	78.1969	
0.861709	0.0476277	0.505162	-0.0669989	0.997548	0.0202363	-0.502959	-0.0512831	0.862787	-15.9524	7.64163	78.9589	
0.85438	0.0467645	0.51754	-0.0754405	0.996554	0.0344931	-0.514144	-0.0685137	0.854963	-16.3996	7.58896	79.7141	
0.846891	0.0456531	0.529803	-0.0840658	0.995274	0.0486167	-0.525079	-0.0857113	0.846726	-16.8565	7.52115	80.4623	
0.839246	0.0442941	0.541944	-0.0928705	0.993708	0.0626001	-0.535762	-0.102867	0.83808	-17.3229	7.43824	81.203	
0.83145	0.0426883	0.553958	-0.10185	0.991859	0.0764366	-0.546185	-0.119974	0.829028	-17.7986	7.34027	81.936	
0.823505	0.0408363	0.565838	-0.111001	0.989726	0.0901195	-0.556344	-0.137022	0.819577	-18.2834	7.22728	82.6608	
0.815415	0.0387391	0.577579	-0.120318	0.98731	0.103642	-0.566235	-0.154005	0.809729	-18.7769	7.09932	83.3772	
