1	0	0	0	1	0	0	0	1	0	0	0	
0.999997	3.70661e-06	-0.00239522	3.70661e-06	0.999995	0.00309499	0.00239522	-0.00309499	0.999992	0.000875224	-0.00113092	0.730806	
0.999989	1.48383e-05	-0.00479311	1.48286e-05	0.999981	0.00618938	0.00479311	-0.00618938	0.999969	0.00350187	-0.00452347	1.4616	
0.999974	3.34101e-05	-0.00719362	3.33713e-05	0.999957	0.0092831	0.00719362	-0.0092831	0.999931	0.00788188	-0.0101772	2.19237	
0.999954	5.94372e-05	-0.00959672	5.934e-05	0.999923	0.0123761	0.00959672	-0.0123761	0.999877	0.0140171	-0.0180916	2.92311	
0.999928	9.2934e-05	-0.0120023	9.27397e-05	0.99988	0.0154683	0.0120023	-0.0154683	0.999808	0.0219095	-0.028266	3.65381	
0.999896	0.000133915	-0.0144105	0.000133575	0.999828	0.0185597	0.0144105	-0.0185597	0.999724	0.0315609	-0.0407	4.38445	
0.999859	0.000182395	-0.016821	0.00018185	0.999766	0.0216501	0.016821	-0.0216501	0.999624	0.042973	-0.0553928	5.11502	
0.999815	0.000238387	-0.019234	0.00023757	0.999694	0.0247396	0.019234	-0.0247396	0.999509	0.0561477	-0.0723438	5.84551	
0.999766	0.000301906	-0.0216493	0.000300738	0.999613	0.0278281	0.0216493	-0.027828	0.999378	0.0710866	-0.0915523	6.57591	
0.99971	0.000372964	-0.0240669	0.000371359	0.999522	0.0309154	0.0240669	-0.0309154	0.999232	0.0877915	-0.113017	7.30621	
0.999649	0.000451576	-0.0264867	0.000449435	0.999422	0.0340016	0.0264867	-0.0340016	0.999071	0.106264	-0.136738	8.0364	
0.999582	0.000537754	-0.0289088	0.000534969	0.999312	0.0370866	0.0289088	-0.0370866	0.998894	0.126506	-0.162714	8.76647	
0.999509	0.000631511	-0.031333	0.000627966	0.999193	0.0401704	0.0313331	-0.0401703	0.998701	0.148518	-0.190944	9.4964	
0.99943	0.000732859	-0.0337594	0.000728428	0.999064	0.0432528	0.0337594	-0.0432527	0.998494	0.172304	-0.221428	10.2262	
0.999345	0.000841812	-0.0361878	0.000836357	0.998926	0.0463338	0.0361879	-0.0463337	0.99827	0.197863	-0.254163	10.9558	
0.999254	0.000958381	-0.0386182	0.000951755	0.998778	0.0494133	0.0386184	-0.0494132	0.998032	0.225197	-0.289149	11.6853	
0.999156	0.00108258	-0.0410506	0.00107463	0.998621	0.0524914	0.0410508	-0.0524912	0.997777	0.254309	-0.326385	12.4145	
0.999053	0.00121441	-0.043485	0.00120497	0.998454	0.0555679	0.0434852	-0.0555677	0.997508	0.285199	-0.365871	13.1436	
0.998944	0.0013539	-0.0459212	0.00134279	0.998278	0.0586427	0.0459215	-0.0586425	0.997222	0.317868	-0.407604	13.8725	
0.998829	0.00150105	-0.0483592	0.00148808	0.998093	0.0617159	0.0483596	-0.0617156	0.996922	0.352319	-0.451583	14.6012	
0.998708	0.00165588	-0.0507991	0.00164086	0.997898	0.0647873	0.0507996	-0.0647869	0.996605	0.388552	-0.497808	15.3296	
0.99858	0.00181839	-0.0532407	0.00180111	0.997693	0.0678569	0.0532412	-0.0678564	0.996273	0.426569	-0.546276	16.0578	
0.998446	0.00198859	-0.0556839	0.00196884	0.99748	0.0709246	0.0556846	-0.0709241	0.995926	0.466371	-0.596987	16.7858	
0.998307	0.0021665	-0.0581288	0.00214406	0.997257	0.0739905	0.0581297	-0.0739898	0.995563	0.507959	-0.649939	17.5135	
0.998161	0.00235212	-0.0605754	0.00232675	0.997024	0.0770543	0.0605763	-0.0770535	0.995185	0.551335	-0.705131	18.2409	
0.998009	0.00254547	-0.0630234	0.00251692	0.996782	0.0801161	0.0630246	-0.0801152	0.994791	0.596499	-0.762561	18.9681	
0.997851	0.00274655	-0.065473	0.00271458	0.996531	0.0831758	0.0654743	-0.0831747	0.994382	0.643453	-0.822228	19.6949	
0.997686	0.00295538	-0.067924	0.00291971	0.996271	0.0862333	0.0679255	-0.0862321	0.993957	0.692198	-0.88413	20.4215	
0.997515	0.00317196	-0.0703764	0.00313232	0.996001	0.0892886	0.0703782	-0.0892872	0.993516	0.742735	-0.948266	21.1477	
0.997339	0.0033963	-0.0728302	0.00335241	0.995722	0.0923416	0.0728322	-0.09234	0.99306	0.795065	-1.01463	21.8736	
0.997155	0.00362841	-0.0752853	0.00357998	0.995433	0.0953923	0.0752876	-0.0953905	0.992589	0.849189	-1.08323	22.5992	
0.996966	0.00386831	-0.0777416	0.00381502	0.995136	0.0984406	0.0777442	-0.0984386	0.992102	0.905107	-1.15406	23.3244	
0.99677	0.00411598	-0.0801992	0.00405754	0.994829	0.101487	0.0802021	-0.101484	0.991599	0.962821	-1.22711	24.0492	
0.996568	0.00437146	-0.0826579	0.00430753	0.994512	0.10453	0.0826612	-0.104527	0.991081	1.02233	-1.30239	24.7737	
0.99636	0.00463474	-0.0851177	0.00456499	0.994187	0.107571	0.0851215	-0.107568	0.990547	1.08364	-1.37989	25.4978	
0.996146	0.00490582	-0.0875786	0.00482992	0.993852	0.110609	0.0875828	-0.110605	0.989998	1.14675	-1.45961	26.2215	
0.995925	0.00518473	-0.0900405	0.00510231	0.993508	0.113644	0.0900452	-0.113641	0.989433	1.21165	-1.54155	26.9448	
0.995697	0.00547146	-0.0925034	0.00538217	0.993155	0.116677	0.0925086	-0.116673	0.988853	1.27836	-1.62571	27.6677	
0.995464	0.00576602	-0.0949672	0.00566949	0.992793	0.119707	0.094973	-0.119702	0.988257	1.34687	-1.71208	28.3901	
0.995224	0.00606842	-0.0974319	0.00596427	0.992422	0.122734	0.0974383	-0.122729	0.987645	1.41717	-1.80066	29.1121	
0.994977	0.00637867	-0.0998974	0.0062665	0.992041	0.125758	0.0999045	-0.125753	0.987018	1.48928	-1.89146	29.8337	
0.994725	0.00669676	-0.102364	0.00657618	0.991651	0.128779	0.102371	-0.128773	0.986376	1.5632	-1.98447	30.5548	
0.994465	0.00702271	-0.104831	0.0068933	0.991253	0.131798	0.104839	-0.131791	0.985718	1.63891	-2.07968	31.2754	
0.9942	0.00735653	-0.107298	0.00721787	0.990845	0.134813	0.107308	-0.134805	0.985044	1.71643	-2.17709	31.9955	
0.993928	0.00769821	-0.109767	0.00754988	0.990428	0.137825	0.109777	-0.137817	0.984355	1.79576	-2.27671	32.7151	
0.993649	0.00804777	-0.112235	0.00788932	0.990002	0.140834	0.112247	-0.140825	0.983651	1.87688	-2.37853	33.4342	
0.993364	0.0084052	-0.114705	0.0082362	0.989567	0.143839	0.114717	-0.143829	0.982931	1.95982	-2.48254	34.1528	
0.993073	0.00877052	-0.117175	0.0085905	0.989123	0.146841	0.117188	-0.146831	0.982195	2.04456	-2.58875	34.8709	
0.992775	0.00914372	-0.119645	0.00895221	0.98867	0.14984	0.119659	-0.149829	0.981444	2.1311	-2.69715	35.5884	
0.99247	0.00952481	-0.122116	0.00932135	0.988208	0.152836	0.122131	-0.152823	0.980678	2.21945	-2.80774	36.3054	
0.992159	0.0099138	-0.124587	0.00969789	0.987737	0.155828	0.124604	-0.155814	0.979896	2.30961	-2.92052	37.0218	
0.991501	0.0107266	-0.129654	0.0100306	0.987326	0.158391	0.12971	-0.158345	0.978827	2.40254	-3.03531	37.7375	
0.990816	0.0115531	-0.13472	0.0103778	0.986907	0.160959	0.134816	-0.160879	0.977723	2.4992	-3.15196	38.4525	
0.990105	0.0123933	-0.139783	0.0107395	0.98648	0.163532	0.13992	-0.163414	0.976585	2.59959	-3.27046	39.1666	
0.989366	0.0132472	-0.144844	0.0111158	0.986045	0.166109	0.145023	-0.165953	0.975412	2.70371	-3.39081	39.8798	
0.9886	0.0141149	-0.149902	0.0115066	0.985602	0.168691	0.150125	-0.168493	0.974204	2.81156	-3.51302	40.5922	
0.987807	0.0149963	-0.154957	0.0119122	0.985151	0.171277	0.155224	-0.171034	0.972961	2.92313	-3.63708	41.3038	
0.986988	0.0158914	-0.160008	0.0123324	0.984692	0.173867	0.160322	-0.173577	0.971683	3.03843	-3.76301	42.0143	
0.986141	0.0168003	-0.165056	0.0127673	0.984225	0.17646	0.165417	-0.176121	0.97037	3.15746	-3.89079	42.724	
0.985268	0.017723	-0.170099	0.013217	0.98375	0.179056	0.170508	-0.178666	0.969023	3.28021	-4.02043	43.4326	
0.984367	0.0186594	-0.175138	0.0136815	0.983267	0.181655	0.175597	-0.181212	0.96764	3.40668	-4.15193	44.1403	
0.983439	0.0196095	-0.180173	0.0141609	0.982776	0.184257	0.180683	-0.183757	0.966223	3.53687	-4.28529	44.8469	
0.982485	0.0205734	-0.185202	0.0146551	0.982277	0.186861	0.185764	-0.186302	0.964771	3.67077	-4.42051	45.5525	
0.981504	0.021551	-0.190227	0.0151641	0.98177	0.189467	0.190842	-0.188847	0.963284	3.80838	-4.55759	46.2571	
0.980495	0.0225424	-0.195246	0.015688	0.981255	0.192075	0.195916	-0.191392	0.961762	3.9497	-4.69654	46.9605	
0.97946	0.0235474	-0.200259	0.0162269	0.980732	0.194684	0.200985	-0.193935	0.960205	4.09473	-4.83734	47.6628	
0.978398	0.0245662	-0.205266	0.0167806	0.980201	0.197295	0.206049	-0.196477	0.958614	4.24347	-4.98	48.3639	
0.977309	0.0255987	-0.210267	0.0173493	0.979661	0.199906	0.211108	-0.199018	0.956988	4.3959	-5.12451	49.0639	
0.976193	0.0266449	-0.215261	0.0179328	0.979114	0.202518	0.216162	-0.201557	0.955327	4.55202	-5.27088	49.7627	
0.97505	0.0277047	-0.220249	0.0185313	0.978559	0.20513	0.22121	-0.204094	0.953631	4.71184	-5.41911	50.4602	
0.973881	0.0287781	-0.225229	0.0191447	0.977996	0.207742	0.226252	-0.206628	0.951901	4.87535	-5.56919	51.1565	
0.972684	0.0298652	-0.230202	0.019773	0.977425	0.210354	0.231288	-0.20916	0.950136	5.04253	-5.72112	51.8515	
0.971461	0.0309659	-0.235167	0.0204161	0.976846	0.212965	0.236317	-0.211689	0.948337	5.2134	-5.8749	52.5452	
0.970212	0.0320802	-0.240125	0.0210741	0.97626	0.215575	0.24134	-0.214214	0.946503	5.38794	-6.03053	53.2376	
0.968935	0.033208	-0.245074	0.021747	0.975665	0.218185	0.246356	-0.216736	0.944634	5.56614	-6.188	53.9286	
0.967633	0.0343494	-0.250015	0.0224347	0.975063	0.220792	0.251364	-0.219255	0.942732	5.74801	-6.34731	54.6183	
0.966303	0.0355042	-0.254947	0.0231372	0.974453	0.223398	0.256365	-0.221769	0.940795	5.93354	-6.50847	55.3065	
0.964947	0.0366725	-0.25987	0.0238544	0.973835	0.226002	0.261358	-0.224279	0.938824	6.12272	-6.67145	55.9934	
0.963564	0.0378543	-0.264784	0.0245864	0.973209	0.228604	0.266344	-0.226785	0.936819	6.31554	-6.83627	56.6787	
0.962156	0.0390494	-0.269688	0.0253331	0.972576	0.231203	0.271321	-0.229286	0.93478	6.51201	-7.00293	57.3626	
0.96072	0.0402579	-0.274583	0.0260945	0.971935	0.2338	0.276289	-0.231781	0.932707	6.71211	-7.1714	58.045	
0.959259	0.0414797	-0.279468	0.0268704	0.971286	0.236393	0.281249	-0.234271	0.9306	6.91583	-7.3417	58.7259	
0.957771	0.0427148	-0.284343	0.0276609	0.97063	0.238983	0.2862	-0.236756	0.928459	7.12318	-7.51382	59.4052	
0.956257	0.0439631	-0.289207	0.028466	0.969966	0.241569	0.291141	-0.239235	0.926285	7.33415	-7.68774	60.0829	
0.954716	0.0452246	-0.29406	0.0292854	0.969295	0.244151	0.296073	-0.241707	0.924077	7.54872	-7.86348	60.7591	
0.95315	0.0464992	-0.298903	0.0301193	0.968616	0.246729	0.300995	-0.244173	0.921836	7.76689	-8.04103	61.4336	
0.951558	0.047787	-0.303734	0.0309676	0.96793	0.249303	0.305907	-0.246632	0.919562	7.98865	-8.22037	62.1064	
0.949939	0.0490878	-0.308554	0.0318301	0.967237	0.251872	0.310809	-0.249084	0.917254	8.21401	-8.40151	62.7776	
0.948295	0.0504016	-0.313363	0.0327068	0.966536	0.254436	0.3157	-0.251529	0.914913	8.44294	-8.58443	63.4471	
0.946625	0.0517284	-0.318159	0.0335976	0.965829	0.256994	0.320581	-0.253967	0.91254	8.67544	-8.76914	64.1148	
0.944929	0.053068	-0.322943	0.0345025	0.965114	0.259547	0.325451	-0.256396	0.910133	8.9115	-8.95563	64.7809	
0.943208	0.0544205	-0.327715	0.0354214	0.964392	0.262095	0.330309	-0.258818	0.907694	9.15112	-9.14389	65.4451	
0.941461	0.0557857	-0.332475	0.0363542	0.963663	0.264636	0.335156	-0.261231	0.905223	9.39428	-9.33392	66.1075	
0.939688	0.0571637	-0.337221	0.0373008	0.962927	0.267171	0.339992	-0.263636	0.902719	9.64099	-9.52571	66.7682	
0.93789	0.0585543	-0.341955	0.0382611	0.962184	0.269699	0.344816	-0.266031	0.900183	9.89122	-9.71925	67.427	
0.936067	0.0599575	-0.346675	0.0392351	0.961435	0.27222	0.349627	-0.268418	0.897615	10.145	-9.91455	68.0839	
0.934219	0.0613733	-0.351382	0.0402226	0.960678	0.274735	0.354426	-0.270796	0.895015	10.4022	-10.1116	68.7389	
0.932345	0.0628015	-0.356075	0.0412235	0.959915	0.277242	0.359213	-0.273163	0.892383	10.663	-10.3103	69.3921	
0.925649	0.0677515	-0.372267	0.0406714	0.960324	0.275906	0.37619	-0.270533	0.886168	10.9317	-10.509	70.042	
