1	0	0	0	1	0	0	0	1	0	0	0	
0.999996	-4.47181e-06	-0.00271305	-4.47181e-06	0.999995	-0.00329651	0.00271305	0.00329651	0.999991	0.00125513	0.00152505	0.92525	
0.999985	-1.79082e-05	-0.00543001	-1.7898e-05	0.999978	-0.00659402	0.00543001	0.00659402	0.999964	0.00502233	0.00610068	1.85048	
0.999967	-4.03375e-05	-0.00815079	-4.02969e-05	0.999951	-0.00989244	0.00815079	0.00989244	0.999918	0.0113052	0.0137278	2.77568	
0.999941	-7.17875e-05	-0.0108753	-7.16859e-05	0.999913	-0.0131916	0.0108753	0.0131916	0.999854	0.0201071	0.0244071	3.70083	
0.999907	-0.000112285	-0.0136034	-0.000112082	0.999864	-0.0164915	0.0136034	0.0164915	0.999771	0.0314317	0.0381393	4.62591	
0.999867	-0.000161857	-0.0163351	-0.0001615	0.999804	-0.0197919	0.0163352	0.0197919	0.999671	0.0452821	0.054925	5.55091	
0.999818	-0.000220528	-0.0190703	-0.000219957	0.999733	-0.0230928	0.0190703	0.0230928	0.999551	0.0616616	0.0747646	6.4758	
0.999762	-0.000288323	-0.0218088	-0.000287467	0.999652	-0.0263939	0.0218088	0.0263939	0.999414	0.0805734	0.0976584	7.40058	
0.999699	-0.000365267	-0.0245506	-0.000364043	0.999559	-0.0296953	0.0245507	0.0296953	0.999257	0.102021	0.123607	8.32521	
0.999627	-0.000451383	-0.0272956	-0.000449699	0.999455	-0.0329968	0.0272956	0.0329968	0.999083	0.126006	0.15261	9.2497	
0.999548	-0.000546694	-0.0300437	-0.000544447	0.999341	-0.0362983	0.0300437	0.0362983	0.998889	0.152533	0.184668	10.174	
0.999462	-0.000651221	-0.0327948	-0.000648299	0.999215	-0.0395996	0.0327948	0.0395996	0.998677	0.181604	0.21978	11.0981	
0.999368	-0.000764987	-0.0355488	-0.000761266	0.999079	-0.0429007	0.0355489	0.0429007	0.998447	0.213221	0.257947	12.0221	
0.999266	-0.000888012	-0.0383056	-0.000883358	0.998932	-0.0462015	0.0383057	0.0462014	0.998197	0.247388	0.299168	12.9458	
0.999156	-0.00102032	-0.0410651	-0.00101459	0.998774	-0.0495017	0.0410653	0.0495016	0.997929	0.284107	0.343443	13.8692	
0.999038	-0.00116192	-0.0438273	-0.00115496	0.998604	-0.0528014	0.0438275	0.0528013	0.997643	0.323381	0.390771	14.7924	
0.998913	-0.00131284	-0.046592	-0.00130448	0.998424	-0.0561004	0.0465922	0.0561002	0.997337	0.365212	0.441151	15.7154	
0.99878	-0.00147309	-0.0493591	-0.00146316	0.998233	-0.0593986	0.0493594	0.0593983	0.997013	0.409602	0.494584	16.638	
0.998639	-0.0016427	-0.0521287	-0.00163101	0.998031	-0.0626958	0.052129	0.0626955	0.99667	0.456553	0.551068	17.5603	
0.99849	-0.00182167	-0.0549004	-0.00180802	0.997819	-0.0659921	0.0549009	0.0659917	0.996309	0.506068	0.610602	18.4823	
0.998333	-0.00201003	-0.0576744	-0.00199422	0.997595	-0.0692871	0.0576749	0.0692867	0.995928	0.558148	0.673186	19.404	
0.998169	-0.00220779	-0.0604504	-0.0021896	0.99736	-0.072581	0.060451	0.0725804	0.995529	0.612797	0.738817	20.3253	
0.997996	-0.00241496	-0.0632284	-0.00239416	0.997115	-0.0758734	0.0632292	0.0758728	0.995111	0.670014	0.807496	21.2462	
0.997816	-0.00263156	-0.0660083	-0.00260791	0.996858	-0.0791644	0.0660092	0.0791636	0.994674	0.729804	0.87922	22.1668	
0.997627	-0.00285759	-0.06879	-0.00283086	0.996591	-0.0824538	0.0687911	0.0824529	0.994218	0.792166	0.953988	23.0869	
0.997431	-0.00309309	-0.0715733	-0.003063	0.996313	-0.0857415	0.0715746	0.0857404	0.993743	0.857103	1.0318	24.0066	
0.997226	-0.00333804	-0.0743583	-0.00330433	0.996024	-0.0890274	0.0743598	0.0890262	0.99325	0.924616	1.11265	24.9258	
0.997013	-0.00359247	-0.0771448	-0.00355485	0.995724	-0.0923114	0.0771466	0.0923099	0.992737	0.994707	1.19654	25.8446	
0.996793	-0.00385638	-0.0799328	-0.00381458	0.995413	-0.0955933	0.0799348	0.0955916	0.992206	1.06738	1.28347	26.7629	
0.996564	-0.00412979	-0.082722	-0.00408349	0.995092	-0.0988731	0.0827243	0.0988712	0.991656	1.14263	1.37343	27.6806	
0.996327	-0.00441271	-0.0855125	-0.0043616	0.994759	-0.102151	0.0855151	0.102148	0.991087	1.22046	1.46643	28.5979	
0.996082	-0.00470513	-0.0883041	-0.00464889	0.994416	-0.105426	0.0883071	0.105423	0.990499	1.30087	1.56246	29.5147	
0.995829	-0.00500707	-0.0910968	-0.00494538	0.994062	-0.108699	0.0911002	0.108696	0.989892	1.38387	1.66152	30.4308	
0.995568	-0.00531854	-0.0938904	-0.00525104	0.993698	-0.111969	0.0938942	0.111966	0.989266	1.46946	1.7636	31.3464	
0.995299	-0.00563954	-0.0966849	-0.00556589	0.993323	-0.115236	0.0966891	0.115233	0.988622	1.55763	1.86871	32.2615	
0.995022	-0.00597007	-0.0994801	-0.0058899	0.992936	-0.118501	0.0994849	0.118497	0.987958	1.64838	1.97684	33.1759	
0.994736	-0.00631015	-0.102276	-0.00622309	0.99254	-0.121763	0.102281	0.121758	0.987276	1.74172	2.08799	34.0897	
0.994442	-0.00665977	-0.105072	-0.00656544	0.992132	-0.125022	0.105078	0.125017	0.986575	1.83765	2.20215	35.0028	
0.99414	-0.00701893	-0.107869	-0.00691694	0.991714	-0.128277	0.107876	0.128272	0.985855	1.93617	2.31933	35.9153	
0.99383	-0.00738765	-0.110667	-0.00727759	0.991286	-0.13153	0.110674	0.131524	0.985116	2.03728	2.43952	36.8272	
0.993512	-0.00776592	-0.113464	-0.00764737	0.990846	-0.134779	0.113472	0.134772	0.984358	2.14098	2.56271	37.7383	
0.993185	-0.00815374	-0.116262	-0.00802628	0.990396	-0.138024	0.116271	0.138017	0.983581	2.24726	2.68891	38.6487	
0.99285	-0.00855112	-0.11906	-0.00841432	0.989936	-0.141267	0.11907	0.141258	0.982786	2.35614	2.81811	39.5584	
0.992507	-0.00895805	-0.121858	-0.00881146	0.989465	-0.144505	0.121869	0.144496	0.981972	2.4676	2.95031	40.4674	
0.992156	-0.00937453	-0.124656	-0.0092177	0.988983	-0.14774	0.124667	0.14773	0.981139	2.58165	3.0855	41.3756	
0.991796	-0.00980055	-0.127453	-0.00963302	0.988491	-0.150971	0.127466	0.15096	0.980287	2.6983	3.22368	42.283	
0.991428	-0.0102361	-0.130251	-0.0100574	0.987989	-0.154198	0.130265	0.154186	0.979417	2.81753	3.36485	43.1896	
0.991052	-0.0106812	-0.133048	-0.0104909	0.987476	-0.157421	0.133063	0.157408	0.978528	2.93935	3.50901	44.0954	
0.990668	-0.0111359	-0.135844	-0.0109334	0.986953	-0.16064	0.135861	0.160626	0.97762	3.06377	3.65614	45.0003	
0.990275	-0.0116001	-0.13864	-0.0113849	0.986419	-0.163854	0.138658	0.163839	0.976694	3.19077	3.80624	45.9045	
0.989874	-0.0120738	-0.141435	-0.0118455	0.985875	-0.167064	0.141455	0.167048	0.975749	3.32035	3.95932	46.8077	
0.989465	-0.0125571	-0.14423	-0.012315	0.985321	-0.17027	0.144251	0.170252	0.974785	3.45253	4.11536	47.7101	
0.989047	-0.0130498	-0.147024	-0.0127935	0.984756	-0.173471	0.147046	0.173452	0.973803	3.58729	4.27437	48.6115	
0.988621	-0.0135521	-0.149816	-0.013281	0.984181	-0.176667	0.149841	0.176647	0.972802	3.72464	4.43634	49.5121	
0.988187	-0.0140639	-0.152608	-0.0137775	0.983596	-0.179859	0.152634	0.179837	0.971783	3.86457	4.60125	50.4117	
0.987744	-0.0145852	-0.155399	-0.0142829	0.983001	-0.183046	0.155427	0.183022	0.970745	4.00709	4.76912	51.3104	
0.987293	-0.0151159	-0.158188	-0.0147972	0.982395	-0.186228	0.158218	0.186202	0.969689	4.15219	4.93994	52.2081	
0.986834	-0.0156561	-0.160976	-0.0153204	0.98178	-0.189404	0.161008	0.189377	0.968614	4.29987	5.11369	53.1048	
0.986367	-0.0162058	-0.163762	-0.0158524	0.981154	-0.192576	0.163797	0.192546	0.967521	4.45013	5.29038	54.0005	
0.985891	-0.0167649	-0.166548	-0.0163933	0.980518	-0.195742	0.166584	0.195711	0.966409	4.60298	5.46999	54.8952	
0.985407	-0.0173335	-0.169331	-0.0169431	0.979873	-0.198903	0.16937	0.198869	0.96528	4.7584	5.65254	55.7888	
0.984476	-0.0184123	-0.174553	-0.0171144	0.979674	-0.199864	0.174685	0.199749	0.96415	4.91757	5.83695	56.6814	
0.983515	-0.019497	-0.179773	-0.0172916	0.979474	-0.200827	0.179999	0.200625	0.96299	5.08166	6.02217	57.573	
0.982524	-0.0205874	-0.184993	-0.0174746	0.979273	-0.201791	0.185313	0.201497	0.961799	5.25066	6.20821	58.4635	
0.981504	-0.0216835	-0.190211	-0.0176633	0.97907	-0.202756	0.190626	0.202365	0.960578	5.42458	6.39504	59.3528	
0.980454	-0.0227853	-0.195426	-0.0178577	0.978866	-0.203721	0.195937	0.203229	0.959326	5.60341	6.58268	60.241	
0.979374	-0.0238925	-0.200638	-0.0180578	0.978661	-0.204687	0.201247	0.204089	0.958044	5.78716	6.77112	61.128	
0.978265	-0.025005	-0.205846	-0.0182636	0.978454	-0.205654	0.206553	0.204943	0.956731	5.97582	6.96035	62.0139	
0.977126	-0.0261229	-0.21105	-0.0184749	0.978247	-0.206619	0.211856	0.205792	0.955388	6.16939	7.15037	62.8985	
0.975958	-0.0272459	-0.216249	-0.0186918	0.978039	-0.207584	0.217156	0.206636	0.954015	6.36786	7.34117	63.7818	
0.97476	-0.028374	-0.221443	-0.0189141	0.977829	-0.208549	0.222451	0.207473	0.952612	6.57124	7.53274	64.6639	
0.973534	-0.0295071	-0.226631	-0.0191418	0.977619	-0.209511	0.227741	0.208305	0.95118	6.77951	7.72509	65.5446	
0.972278	-0.0306449	-0.231813	-0.0193748	0.977408	-0.210473	0.233025	0.209129	0.949718	6.99267	7.91821	66.424	
0.970993	-0.0317875	-0.236987	-0.019613	0.977196	-0.211432	0.238304	0.209947	0.948227	7.21072	8.11209	67.302	
0.969679	-0.0329346	-0.242154	-0.0198564	0.976983	-0.212389	0.243576	0.210757	0.946706	7.43365	8.30672	68.1787	
0.968336	-0.0340862	-0.247313	-0.0201048	0.97677	-0.213343	0.24884	0.21156	0.945157	7.66146	8.50209	69.0539	
0.966964	-0.0352422	-0.252463	-0.0203582	0.976557	-0.214295	0.254097	0.212355	0.943578	7.89413	8.69821	69.9277	
0.962392	-0.038804	-0.268879	-0.0163579	0.979673	-0.199934	0.271172	0.196813	0.942195	8.13714	8.88751	70.8002	
0.957523	-0.0420943	-0.285266	-0.0120987	0.982551	-0.185597	0.288101	0.181165	0.940307	8.39589	9.06238	71.6711	
0.952362	-0.0451114	-0.301616	-0.00758276	0.985191	-0.171293	0.304877	0.16542	0.937916	8.67023	9.22272	72.54	
0.946909	-0.0478535	-0.31792	-0.00281257	0.98759	-0.15703	0.321489	0.149587	0.935023	8.96001	9.36846	73.4065	
0.941169	-0.0503193	-0.33417	0.00220933	0.989747	-0.142814	0.33793	0.133674	0.93163	9.26509	9.49951	74.2701	
0.935144	-0.0525075	-0.350356	0.00748027	0.991661	-0.128654	0.354189	0.117689	0.927739	9.5853	9.6158	75.1304	
0.928837	-0.0544167	-0.36647	0.0129974	0.993332	-0.114556	0.37026	0.101641	0.923351	9.92046	9.71728	75.9868	
0.922253	-0.0560462	-0.382503	0.0187578	0.994757	-0.10053	0.386132	0.0855388	0.918469	10.2704	9.80387	76.8389	
0.915394	-0.0573948	-0.398447	0.0247584	0.995937	-0.0865811	0.401797	0.0693909	0.913096	10.6349	9.87555	77.6863	
0.908264	-0.058462	-0.414293	0.030996	0.996871	-0.0727181	0.417248	0.0532058	0.907234	11.0139	9.93227	78.5284	
0.900867	-0.0592472	-0.430033	0.0374672	0.997558	-0.0589481	0.432475	0.0369923	0.900887	11.407	9.974	79.365	
0.893207	-0.05975	-0.445658	0.0441685	0.997997	-0.0452784	0.447471	0.0207589	0.894058	11.8141	10.0007	80.1954	
0.885288	-0.05997	-0.46116	0.0510965	0.99819	-0.0317164	0.462227	0.00451451	0.88675	12.235	10.0124	81.0193	
0.877115	-0.0599071	-0.47653	0.0582473	0.998135	-0.0182693	0.476736	-0.0117323	0.878968	12.6694	10.0091	81.8362	
0.86869	-0.0595615	-0.491762	0.0656171	0.997833	-0.0049443	0.49099	-0.0279729	0.870716	13.1171	9.9907	82.6457	
0.86002	-0.0589332	-0.506845	0.0732021	0.997283	0.00825144	0.504982	-0.0441985	0.861998	13.5779	9.95731	83.4473	
0.851109	-0.0580227	-0.521773	0.0809981	0.996486	0.0213109	0.518703	-0.0604005	0.852818	14.0515	9.90892	84.2406	
0.841961	-0.0568304	-0.536536	0.089001	0.995443	0.034227	0.532146	-0.0765701	0.843183	14.5376	9.84555	85.0253	
0.832582	-0.0553569	-0.551128	0.0972065	0.994154	0.046993	0.545305	-0.0926988	0.833096	15.0361	9.76724	85.8008	
0.822976	-0.053603	-0.565541	0.10561	0.99262	0.0596019	0.558172	-0.108778	0.822564	15.5466	9.67403	86.5668	
0.813149	-0.0515697	-0.579766	0.114208	0.990841	0.0720471	0.570741	-0.124799	0.811591	16.0689	9.56596	87.3228	
0.803106	-0.049258	-0.593797	0.122994	0.988819	0.0843218	0.583004	-0.140753	0.800184	16.6027	9.44311	88.0685	
