1	0	0	0	1	0	0	0	1	0	0	0	
0.999992	-1.137e-06	-0.00389071	-1.137e-06	1	-0.000584464	0.00389071	0.000584464	0.999992	0.00150421	0.000225964	0.77323	
0.99997	-4.5475e-06	-0.00778316	-4.54237e-06	0.999999	-0.00116787	0.00778316	0.00116787	0.999969	0.00601753	0.000903445	1.54645	
0.999932	-1.02294e-05	-0.0116773	-1.02089e-05	0.999998	-0.0017502	0.0116773	0.0017502	0.99993	0.0135413	0.00203162	2.31964	
0.999879	-1.81806e-05	-0.0155729	-1.81292e-05	0.999997	-0.00233145	0.0155729	0.00233145	0.999876	0.0240766	0.00360966	3.0928	
0.99981	-2.83987e-05	-0.0194701	-2.82959e-05	0.999996	-0.0029116	0.0194701	0.0029116	0.999806	0.0376248	0.00563671	3.86591	
0.999727	-4.08813e-05	-0.0233686	-4.07014e-05	0.999994	-0.00349064	0.0233686	0.00349064	0.999721	0.054187	0.00811192	4.63896	
0.999628	-5.5626e-05	-0.0272685	-5.53381e-05	0.999992	-0.00406855	0.0272685	0.00406855	0.99962	0.0737641	0.0110344	5.41194	
0.999514	-7.26301e-05	-0.0311695	-7.21981e-05	0.999989	-0.00464532	0.0311695	0.00464531	0.999503	0.0963572	0.0144034	6.18484	
0.999385	-9.1891e-05	-0.0350717	-9.12736e-05	0.999986	-0.00522094	0.0350717	0.00522093	0.999371	0.121967	0.0182178	6.95763	
0.99924	-0.000113406	-0.038975	-0.000112557	0.999983	-0.00579539	0.038975	0.00579537	0.999223	0.150595	0.0224769	7.73032	
0.99908	-0.000137172	-0.0428792	-0.000136039	0.99998	-0.00636866	0.0428792	0.00636863	0.99906	0.182241	0.0271797	8.50289	
0.998905	-0.000163185	-0.0467843	-0.000161713	0.999976	-0.00694073	0.0467843	0.0069407	0.998881	0.216906	0.0323253	9.27533	
0.998714	-0.000191444	-0.0506901	-0.000189569	0.999972	-0.0075116	0.0506902	0.00751155	0.998686	0.254592	0.0379128	10.0476	
0.998508	-0.000221945	-0.0545967	-0.0002196	0.999967	-0.00808125	0.0545967	0.00808119	0.998476	0.295297	0.0439412	10.8198	
0.998287	-0.000254683	-0.0585039	-0.000251797	0.999963	-0.00864967	0.0585039	0.00864959	0.99825	0.339024	0.0504096	11.5917	
0.99805	-0.000289657	-0.0624117	-0.000286152	0.999957	-0.00921685	0.0624117	0.00921674	0.998008	0.385772	0.057317	12.3635	
0.997798	-0.000326863	-0.0663198	-0.000322655	0.999952	-0.00978276	0.0663198	0.00978262	0.99775	0.435542	0.0646625	13.1351	
0.997531	-0.000366296	-0.0702284	-0.000361298	0.999946	-0.0103474	0.0702284	0.0103472	0.997477	0.488334	0.072445	13.9065	
0.997248	-0.000407953	-0.0741372	-0.000402072	0.99994	-0.0109108	0.0741372	0.0109106	0.997188	0.544148	0.0806636	14.6777	
0.99695	-0.000451831	-0.0780462	-0.000444967	0.999934	-0.0114728	0.0780462	0.0114726	0.996884	0.602984	0.0893173	15.4486	
0.996636	-0.000497925	-0.0819553	-0.000489976	0.999927	-0.0120336	0.0819553	0.0120333	0.996563	0.664844	0.0984051	16.2193	
0.996307	-0.000546232	-0.0858644	-0.000537089	0.999921	-0.012593	0.0858644	0.0125927	0.996227	0.729725	0.107926	16.9898	
0.995962	-0.000596748	-0.0897734	-0.000586296	0.999913	-0.0131512	0.0897735	0.0131507	0.995875	0.79763	0.117879	17.7599	
0.995602	-0.000649467	-0.0936823	-0.000637588	0.999906	-0.0137079	0.0936824	0.0137074	0.995508	0.868557	0.128262	18.5298	
0.995226	-0.000704387	-0.097591	-0.000690955	0.999898	-0.0142633	0.0975911	0.0142627	0.995124	0.942507	0.139076	19.2994	
0.994835	-0.000761503	-0.101499	-0.000746389	0.99989	-0.0148174	0.101499	0.0148166	0.994725	1.01948	0.150319	20.0688	
0.994429	-0.000820809	-0.105407	-0.000803879	0.999882	-0.01537	0.105407	0.0153691	0.99431	1.09947	0.161989	20.8377	
0.994007	-0.000882303	-0.109315	-0.000863416	0.999873	-0.0159213	0.109315	0.0159203	0.99388	1.18249	0.174086	21.6064	
0.993569	-0.000945978	-0.113221	-0.000924989	0.999864	-0.0164712	0.113222	0.01647	0.993433	1.26852	0.186609	22.3747	
0.993116	-0.00101183	-0.117128	-0.00098859	0.999855	-0.0170196	0.117128	0.0170183	0.992971	1.35758	0.199556	23.1427	
0.992648	-0.00107986	-0.121033	-0.00105421	0.999845	-0.0175667	0.121033	0.0175651	0.992493	1.44966	0.212926	23.9103	
0.992164	-0.00115005	-0.124938	-0.00112183	0.999835	-0.0181123	0.124938	0.0181105	0.991999	1.54475	0.226719	24.6776	
0.991664	-0.0012224	-0.128841	-0.00119145	0.999825	-0.0186564	0.128841	0.0186544	0.99149	1.64287	0.240933	25.4444	
0.99115	-0.00129692	-0.132744	-0.00126306	0.999815	-0.0191991	0.132744	0.0191968	0.990964	1.744	0.255567	26.2109	
0.990619	-0.00137358	-0.136645	-0.00133664	0.999804	-0.0197403	0.136646	0.0197378	0.990423	1.84815	0.27062	26.9769	
0.990073	-0.0014524	-0.140546	-0.00141219	0.999793	-0.02028	0.140546	0.0202772	0.989866	1.95532	0.28609	27.7425	
0.989512	-0.00153335	-0.144445	-0.0014897	0.999782	-0.0208183	0.144445	0.0208151	0.989294	2.0655	0.301977	28.5077	
0.988935	-0.00161644	-0.148342	-0.00156915	0.999771	-0.021355	0.148343	0.0213515	0.988705	2.1787	0.318279	29.2724	
0.988342	-0.00170166	-0.152239	-0.00165053	0.999759	-0.0218902	0.152239	0.0218863	0.988101	2.29491	0.334996	30.0367	
0.987734	-0.00178901	-0.156133	-0.00173384	0.999747	-0.0224239	0.156134	0.0224196	0.987481	2.41413	0.352125	30.8005	
0.987111	-0.00187848	-0.160027	-0.00181906	0.999735	-0.0229561	0.160027	0.0229513	0.986846	2.53636	0.369666	31.5638	
0.986472	-0.00197006	-0.163918	-0.00190618	0.999722	-0.0234867	0.163919	0.0234815	0.986194	2.66161	0.387618	32.3266	
0.985818	-0.00206374	-0.167808	-0.00199519	0.99971	-0.0240158	0.167809	0.02401	0.985527	2.78986	0.405979	33.0889	
0.985148	-0.00215953	-0.171696	-0.00208608	0.999697	-0.0245433	0.171696	0.0245369	0.984844	2.92112	0.424748	33.8507	
0.984462	-0.00225742	-0.175581	-0.00217884	0.999683	-0.0250692	0.175582	0.0250623	0.984146	3.05538	0.443924	34.6119	
0.983761	-0.00235739	-0.179465	-0.00227346	0.99967	-0.0255936	0.179466	0.025586	0.983431	3.19265	0.463505	35.3726	
0.983045	-0.00245945	-0.183347	-0.00236992	0.999656	-0.0261163	0.183348	0.026108	0.982701	3.33292	0.483491	36.1328	
0.982313	-0.00256359	-0.187226	-0.00246822	0.999642	-0.0266374	0.187228	0.0266284	0.981956	3.47619	0.50388	36.8923	
0.981566	-0.0026698	-0.191104	-0.00256834	0.999628	-0.027157	0.191105	0.0271472	0.981194	3.62246	0.524671	37.6513	
0.980804	-0.00277807	-0.194979	-0.00267027	0.999613	-0.0276749	0.19498	0.0276643	0.980417	3.77173	0.545862	38.4097	
0.980025	-0.0028884	-0.198851	-0.00277401	0.999599	-0.0281911	0.198853	0.0281797	0.979624	3.92399	0.567452	39.1675	
0.979232	-0.00300078	-0.202721	-0.00287953	0.999584	-0.0287058	0.202723	0.0286933	0.978816	4.07924	0.58944	39.9247	
0.978423	-0.00311521	-0.206588	-0.00298683	0.999569	-0.0292187	0.20659	0.0292053	0.977992	4.23749	0.611824	40.6812	
0.978047	-0.00316687	-0.208359	-0.00270764	0.999607	-0.027903	0.208365	0.0278546	0.977654	4.39792	0.633885	41.4373	
0.977667	-0.00321622	-0.210134	-0.00242483	0.999644	-0.0265818	0.210144	0.0264977	0.977311	4.55972	0.654898	42.1931	
0.977283	-0.00326321	-0.211912	-0.00213839	0.999679	-0.0252556	0.211927	0.025135	0.976962	4.7229	0.67486	42.9487	
0.976895	-0.00330783	-0.213695	-0.00184834	0.999712	-0.0239243	0.213713	0.0237665	0.976607	4.88746	0.693766	43.7039	
0.976502	-0.00335005	-0.215481	-0.00155469	0.999744	-0.0225883	0.215502	0.0223925	0.976247	5.0534	0.711612	44.4589	
0.976105	-0.00338984	-0.217271	-0.00125745	0.999773	-0.0212476	0.217294	0.0210131	0.97588	5.22073	0.728394	45.2137	
0.975705	-0.00342719	-0.219064	-0.00095663	0.999801	-0.0199024	0.219089	0.0196284	0.975508	5.38944	0.744106	45.9681	
0.975299	-0.00346206	-0.22086	-0.000652253	0.999828	-0.0185529	0.220886	0.0182387	0.975129	5.55954	0.758746	46.7223	
0.97489	-0.00349444	-0.22266	-0.000344329	0.999852	-0.0171993	0.222687	0.0168441	0.974744	5.73103	0.77231	47.4761	
0.974476	-0.0035243	-0.224462	-3.28748e-05	0.999875	-0.0158418	0.22449	0.0154449	0.974354	5.90392	0.784793	48.2297	
0.974059	-0.00355162	-0.226268	0.000282094	0.999895	-0.0144805	0.226295	0.014041	0.973958	6.0782	0.796193	48.9829	
0.973637	-0.00357639	-0.228076	0.000600558	0.999914	-0.0131156	0.228103	0.0126329	0.973555	6.25388	0.806506	49.7359	
0.973211	-0.00359858	-0.229887	0.0009225	0.999931	-0.0117473	0.229913	0.0112205	0.973146	6.43096	0.815728	50.4885	
0.972781	-0.00361817	-0.2317	0.0012479	0.999945	-0.0103757	0.231725	0.00980409	0.972732	6.60943	0.823856	51.2408	
0.972346	-0.00363515	-0.233516	0.00157673	0.999958	-0.00900096	0.233539	0.00838385	0.972311	6.78931	0.830888	51.9928	
0.971908	-0.0036495	-0.235334	0.00190898	0.999969	-0.00762334	0.235354	0.00695994	0.971885	6.97059	0.83682	52.7444	
0.971465	-0.0036612	-0.237154	0.00224462	0.999978	-0.00624298	0.237172	0.00553252	0.971452	7.15328	0.84165	53.4958	
0.971019	-0.00367023	-0.238976	0.00258362	0.999985	-0.00486004	0.23899	0.00410177	0.971013	7.33737	0.845375	54.2467	
0.970568	-0.00367659	-0.2408	0.00292597	0.99999	-0.0034747	0.24081	0.00266785	0.970569	7.52287	0.847992	54.9974	
0.970113	-0.00368026	-0.242626	0.00327162	0.999992	-0.00208711	0.242632	0.00123095	0.970118	7.70978	0.849499	55.7477	
0.969654	-0.00368122	-0.244453	0.00362057	0.999993	-0.000697459	0.244454	-0.000208765	0.969661	7.89809	0.849894	56.4976	
0.969191	-0.00367947	-0.246282	0.00397278	0.999992	0.00069409	0.246277	-0.00165113	0.969198	8.08782	0.849175	57.2472	
0.968724	-0.00367499	-0.248112	0.00432821	0.999988	0.00208737	0.248101	-0.00309596	0.968729	8.27895	0.84734	57.9965	
0.968254	-0.00366776	-0.249943	0.00468684	0.999983	0.00348221	0.249926	-0.0045431	0.968254	8.4715	0.844387	58.7453	
0.967779	-0.00365779	-0.251775	0.00504864	0.999975	0.00487843	0.251751	-0.00599237	0.967773	8.66545	0.840313	59.4938	
0.9673	-0.00364507	-0.253608	0.00541358	0.999966	0.00627589	0.253577	-0.00744359	0.967287	8.86082	0.835119	60.242	
0.966818	-0.00362957	-0.255442	0.00578162	0.999954	0.00767439	0.255402	-0.0088966	0.966794	9.0576	0.828801	60.9897	
0.966331	-0.00361131	-0.257277	0.00615272	0.99994	0.00907379	0.257228	-0.0103512	0.966295	9.25579	0.82136	61.7371	
0.965841	-0.00359026	-0.259112	0.00652685	0.999924	0.0104739	0.259054	-0.0118073	0.965791	9.4554	0.812793	62.4841	
0.965347	-0.00356643	-0.260947	0.00690397	0.999906	0.0118746	0.26088	-0.0132646	0.96528	9.65641	0.8031	63.2306	
0.964849	-0.00353981	-0.262782	0.00728405	0.999885	0.0132756	0.262705	-0.0147231	0.964764	9.85884	0.792279	63.9768	
0.964347	-0.0035104	-0.264618	0.00766705	0.999863	0.0146769	0.26453	-0.0161824	0.964242	10.0627	0.780331	64.7226	
0.963841	-0.0034782	-0.266454	0.00805292	0.999838	0.0160782	0.266355	-0.0176426	0.963714	10.2679	0.767253	65.468	
0.963332	-0.0034432	-0.268289	0.00844162	0.999812	0.0174794	0.268178	-0.0191033	0.96318	10.4746	0.753047	66.213	
0.962819	-0.0034054	-0.270124	0.00883312	0.999783	0.0188803	0.270001	-0.0205644	0.96264	10.6827	0.737711	66.9575	
0.962303	-0.00336481	-0.271959	0.00922736	0.999752	0.0202808	0.271823	-0.0220258	0.962095	10.8921	0.721245	67.7016	
0.961783	-0.00332141	-0.273793	0.00962431	0.999719	0.0216807	0.273644	-0.0234872	0.961544	11.103	0.703649	68.4454	
0.961259	-0.00327523	-0.275626	0.0100239	0.999683	0.0230798	0.275463	-0.0249485	0.960988	11.3153	0.684923	69.1886	
0.960732	-0.00322625	-0.277458	0.0104261	0.999646	0.024478	0.277281	-0.0264096	0.960426	11.529	0.665067	69.9315	
0.960202	-0.00317448	-0.27929	0.0108309	0.999607	0.025875	0.279098	-0.0278702	0.959858	11.7441	0.644081	70.6739	
0.964013	-0.00365756	-0.265829	0.0144608	0.999146	0.038694	0.26546	-0.0411456	0.963243	11.9547	0.617398	71.4174	
0.967633	-0.00432638	-0.252323	0.0179083	0.99851	0.0515557	0.251724	-0.0544057	0.966269	12.1546	0.580455	72.1634	
0.97106	-0.00518068	-0.238778	0.0211719	0.997696	0.0644553	0.237894	-0.0676454	0.968933	12.3439	0.533267	72.9116	
0.974293	-0.00622014	-0.225197	0.0242506	0.996706	0.077388	0.223974	-0.0808598	0.971235	12.5225	0.47585	73.6618	
0.977331	-0.00744439	-0.211587	0.0271432	0.99554	0.090349	0.209971	-0.094044	0.973174	12.6903	0.408228	74.4135	
0.980172	-0.00885295	-0.197953	0.0298486	0.994199	0.103333	0.19589	-0.107193	0.97475	12.8472	0.330424	75.1666	
