1	0	0	0	1	0	0	0	1	0	0	0	
0.999999	-5.72836e-07	0.00109595	-5.72836e-07	0.999999	0.00104537	-0.00109595	-0.00104537	0.999999	-0.000458584	-0.000437417	0.836868	
0.999998	-2.30286e-06	0.00219757	-2.30216e-06	0.999998	0.0020955	-0.00219757	-0.0020955	0.999995	-0.00183671	-0.00175166	1.67373	
0.999995	-5.20711e-06	0.00330482	-5.20429e-06	0.999995	0.00315035	-0.00330482	-0.00315035	0.99999	-0.0041391	-0.0039467	2.5106	
0.99999	-9.30256e-06	0.00441766	-9.29548e-06	0.999991	0.00420989	-0.00441766	-0.00420989	0.999981	-0.00737045	-0.00702648	3.34745	
0.999985	-1.46061e-05	0.00553606	-1.45919e-05	0.999986	0.00527406	-0.00553606	-0.00527406	0.999971	-0.0115354	-0.0109949	4.1843	
0.999978	-2.11345e-05	0.00665998	-2.11095e-05	0.99998	0.00634284	-0.00665998	-0.00634284	0.999958	-0.0166387	-0.0158558	5.02114	
0.99997	-2.89046e-05	0.00778938	-2.88644e-05	0.999972	0.00741617	-0.00778938	-0.00741617	0.999942	-0.0226848	-0.021613	5.85797	
0.99996	-3.7933e-05	0.00892421	-3.78724e-05	0.999964	0.00849402	-0.00892421	-0.00849402	0.999924	-0.0296783	-0.0282704	6.69478	
0.999949	-4.82362e-05	0.0100645	-4.81492e-05	0.999954	0.00957634	-0.0100645	-0.00957634	0.999903	-0.0376238	-0.0358317	7.53158	
0.999937	-5.98307e-05	0.0112101	-5.97105e-05	0.999943	0.0106631	-0.0112101	-0.0106631	0.99988	-0.0465258	-0.0443006	8.36836	
0.999924	-7.27329e-05	0.012361	-7.25719e-05	0.999931	0.0117542	-0.012361	-0.0117542	0.999855	-0.0563888	-0.0536807	9.20511	
0.999909	-8.6959e-05	0.0135172	-8.67488e-05	0.999917	0.0128497	-0.0135172	-0.0128497	0.999826	-0.0672171	-0.0639759	10.0418	
0.999892	-0.000102525	0.0146787	-0.000102257	0.999903	0.0139495	-0.0146787	-0.0139495	0.999795	-0.0790153	-0.0751896	10.8786	
0.999874	-0.000119448	0.0158454	-0.00011911	0.999887	0.0150536	-0.0158454	-0.0150536	0.999761	-0.0917876	-0.0873255	11.7152	
0.999855	-0.000137743	0.0170173	-0.000137325	0.999869	0.0161618	-0.0170173	-0.0161618	0.999725	-0.105539	-0.100387	12.5519	
0.999834	-0.000157425	0.0181943	-0.000156917	0.999851	0.0172743	-0.0181943	-0.0172743	0.999685	-0.120272	-0.114378	13.3885	
0.999812	-0.000178512	0.0193763	-0.000177899	0.999831	0.0183909	-0.0193763	-0.0183909	0.999643	-0.135993	-0.129301	14.2251	
0.999789	-0.000201018	0.0205635	-0.000200287	0.99981	0.0195115	-0.0205635	-0.0195115	0.999598	-0.152705	-0.145161	15.0617	
0.999763	-0.00022496	0.0217556	-0.000224096	0.999787	0.0206362	-0.0217556	-0.0206362	0.99955	-0.170413	-0.16196	15.8982	
0.999737	-0.000250351	0.0229528	-0.000249339	0.999763	0.021765	-0.0229528	-0.021765	0.9995	-0.189121	-0.179702	16.7346	
0.999708	-0.000277209	0.0241548	-0.000276032	0.999738	0.0228976	-0.0241548	-0.0228976	0.999446	-0.208832	-0.198391	17.5711	
0.999678	-0.000305548	0.0253618	-0.000304189	0.999711	0.0240342	-0.0253618	-0.0240342	0.999389	-0.229551	-0.218029	18.4075	
0.999647	-0.000335382	0.0265736	-0.000333823	0.999683	0.0251747	-0.0265736	-0.0251747	0.99933	-0.251283	-0.238619	19.2438	
0.999614	-0.000366728	0.0277902	-0.000364949	0.999654	0.026319	-0.0277902	-0.026319	0.999267	-0.274031	-0.260166	20.0801	
0.999579	-0.0003996	0.0290115	-0.00039758	0.999623	0.0274671	-0.0290116	-0.027467	0.999202	-0.297798	-0.282672	20.9163	
0.999543	-0.000434012	0.0302376	-0.000431731	0.99959	0.0286189	-0.0302377	-0.0286189	0.999133	-0.32259	-0.30614	21.7525	
0.999505	-0.00046998	0.0314684	-0.000467414	0.999557	0.0297744	-0.0314685	-0.0297744	0.999061	-0.34841	-0.330574	22.5886	
0.999465	-0.000507517	0.0327039	-0.000504644	0.999521	0.0309336	-0.0327039	-0.0309335	0.998986	-0.375262	-0.355976	23.4246	
0.999424	-0.000546638	0.0339439	-0.000543433	0.999485	0.0320964	-0.033944	-0.0320963	0.998908	-0.40315	-0.38235	24.2606	
0.999381	-0.000587357	0.0351885	-0.000583795	0.999446	0.0332627	-0.0351886	-0.0332626	0.998827	-0.432078	-0.409699	25.0965	
0.999336	-0.000629688	0.0364376	-0.000625743	0.999407	0.0344326	-0.0364377	-0.0344325	0.998743	-0.462048	-0.438025	25.9324	
0.999289	-0.000673645	0.0376912	-0.000669289	0.999366	0.0356059	-0.0376913	-0.0356058	0.998655	-0.493067	-0.467331	26.7682	
0.999241	-0.000719241	0.0389493	-0.000714446	0.999323	0.0367827	-0.0389493	-0.0367826	0.998564	-0.525136	-0.497621	27.6039	
0.999191	-0.000766492	0.0402117	-0.000761227	0.999279	0.0379628	-0.0402118	-0.0379627	0.99847	-0.558259	-0.528897	28.4395	
0.999139	-0.000815408	0.0414784	-0.000809644	0.999233	0.0391463	-0.0414786	-0.0391462	0.998372	-0.592441	-0.561162	29.2751	
0.999085	-0.000866005	0.0427495	-0.000859709	0.999186	0.0403332	-0.0427496	-0.040333	0.998271	-0.627685	-0.594419	30.1105	
0.99903	-0.000918296	0.0440249	-0.000911434	0.999137	0.0415232	-0.044025	-0.0415231	0.998167	-0.663995	-0.62867	30.9459	
0.998973	-0.000972292	0.0453044	-0.000964832	0.999087	0.0427165	-0.0453046	-0.0427163	0.99806	-0.701373	-0.663919	31.7812	
0.998914	-0.00102801	0.0465881	-0.00101991	0.999035	0.0439129	-0.0465883	-0.0439127	0.997948	-0.739825	-0.700167	32.6164	
0.998853	-0.00108545	0.047876	-0.00107669	0.998981	0.0451125	-0.0478762	-0.0451122	0.997834	-0.779352	-0.737418	33.4515	
0.99879	-0.00114465	0.049168	-0.00113517	0.998926	0.0463151	-0.0491682	-0.0463148	0.997716	-0.819959	-0.775675	34.2865	
0.998725	-0.00120559	0.050464	-0.00119538	0.99887	0.0475207	-0.0504642	-0.0475205	0.997595	-0.861648	-0.814939	35.1214	
0.998659	-0.00126831	0.051764	-0.00125731	0.998811	0.0487294	-0.0517642	-0.0487291	0.99747	-0.904424	-0.855213	35.9562	
0.99859	-0.00133281	0.0530679	-0.00132098	0.998751	0.0499409	-0.0530682	-0.0499406	0.997341	-0.94829	-0.8965	36.7909	
0.99852	-0.0013991	0.0543758	-0.0013864	0.99869	0.0511554	-0.0543761	-0.0511551	0.997209	-0.993248	-0.938801	37.6255	
0.998447	-0.0014672	0.0556875	-0.00145359	0.998627	0.0523727	-0.0556879	-0.0523724	0.997074	-1.0393	-0.982121	38.46	
0.998373	-0.00153711	0.0570031	-0.00152254	0.998562	0.0535929	-0.0570035	-0.0535924	0.996935	-1.08646	-1.02646	39.2943	
0.998297	-0.00160884	0.0583224	-0.00159328	0.998495	0.0548157	-0.0583229	-0.0548153	0.996792	-1.13471	-1.07182	40.1286	
0.998218	-0.00168242	0.0596455	-0.00166581	0.998427	0.0560413	-0.059646	-0.0560408	0.996645	-1.18408	-1.11821	40.9627	
0.998138	-0.00175785	0.0609723	-0.00174014	0.998357	0.0572696	-0.0609728	-0.0572691	0.996495	-1.23455	-1.16562	41.7967	
0.998056	-0.00183514	0.0623027	-0.00181628	0.998286	0.0585005	-0.0623033	-0.0584999	0.996341	-1.28613	-1.21406	42.6306	
0.997971	-0.00191429	0.0636367	-0.00189424	0.998213	0.0597339	-0.0636373	-0.0597333	0.996184	-1.33883	-1.26354	43.4643	
0.997885	-0.00199533	0.0649743	-0.00197404	0.998138	0.0609699	-0.0649749	-0.0609692	0.996023	-1.39264	-1.31404	44.2979	
0.997797	-0.00207827	0.0663154	-0.00205567	0.998061	0.0622084	-0.0663161	-0.0622077	0.995858	-1.44758	-1.36558	45.1314	
0.997706	-0.0021631	0.0676599	-0.00213915	0.997983	0.0634493	-0.0676607	-0.0634485	0.995689	-1.50364	-1.41816	45.9647	
0.997614	-0.00224984	0.0690079	-0.00222448	0.997903	0.0646927	-0.0690087	-0.0646918	0.995516	-1.56083	-1.47178	46.7979	
0.997519	-0.00233851	0.0703592	-0.00231169	0.997821	0.0659383	-0.0703601	-0.0659374	0.99534	-1.61914	-1.52644	47.631	
0.997205	-0.00262854	0.0746696	-0.00246073	0.997683	0.0679835	-0.0746753	-0.0679773	0.994888	-1.67983	-1.58247	48.4637	
0.996872	-0.00292762	0.0789809	-0.00261897	0.997541	0.0700321	-0.0789918	-0.0700198	0.994413	-1.74413	-1.64022	49.2961	
0.99652	-0.00323575	0.0832929	-0.00278644	0.997395	0.0720837	-0.0833092	-0.0720649	0.993915	-1.81204	-1.69967	50.1281	
0.996149	-0.00355296	0.0876055	-0.00296315	0.997244	0.0741382	-0.0876274	-0.0741122	0.993393	-1.88357	-1.76084	50.9597	
0.995759	-0.00387926	0.0919183	-0.00314914	0.997088	0.0761953	-0.0919462	-0.0761616	0.992847	-1.95871	-1.82372	51.7908	
0.99535	-0.00421466	0.0962313	-0.00334441	0.996928	0.0782549	-0.0962655	-0.0782129	0.992278	-2.03746	-1.88831	52.6214	
0.994922	-0.00455918	0.100544	-0.00354899	0.996763	0.0803168	-0.100585	-0.0802658	0.991685	-2.11983	-1.95462	53.4516	
0.994475	-0.00491281	0.104857	-0.0037629	0.996594	0.0823807	-0.104904	-0.0823202	0.991069	-2.20582	-2.02266	54.2812	
0.994009	-0.00527558	0.109169	-0.00398613	0.99642	0.0844465	-0.109224	-0.0843758	0.99043	-2.29542	-2.09241	55.1104	
0.993524	-0.00564749	0.113481	-0.00421871	0.996242	0.0865139	-0.113543	-0.0864324	0.989766	-2.38863	-2.16388	55.939	
0.99302	-0.00602855	0.117791	-0.00446063	0.996059	0.0885827	-0.117861	-0.0884898	0.98908	-2.48546	-2.23707	56.767	
0.992497	-0.00641875	0.122101	-0.00471191	0.995871	0.0906527	-0.122179	-0.0905479	0.988369	-2.5859	-2.31199	57.5944	
0.991955	-0.00681811	0.12641	-0.00497254	0.995679	0.0927238	-0.126496	-0.0926064	0.987635	-2.68995	-2.38863	58.4212	
0.991393	-0.00722662	0.130717	-0.00524253	0.995483	0.0947956	-0.130812	-0.094665	0.986877	-2.79762	-2.46699	59.2474	
0.990813	-0.00764429	0.135023	-0.00552187	0.995282	0.096868	-0.135126	-0.0967237	0.986096	-2.9089	-2.54707	60.073	
0.990214	-0.0080711	0.139326	-0.00581056	0.995076	0.0989408	-0.139439	-0.0987821	0.985291	-3.02378	-2.62888	60.8979	
0.989595	-0.00850707	0.143628	-0.00610859	0.994866	0.101014	-0.14375	-0.10084	0.984463	-3.14228	-2.71241	61.7221	
0.988958	-0.00895218	0.147928	-0.00641595	0.994652	0.103087	-0.14806	-0.102898	0.983611	-3.26438	-2.79766	62.5456	
0.988301	-0.00940643	0.152225	-0.00673263	0.994433	0.105159	-0.152367	-0.104954	0.982735	-3.39009	-2.88463	63.3684	
0.987625	-0.00986981	0.15652	-0.00705861	0.994209	0.107232	-0.156672	-0.10701	0.981836	-3.51941	-2.97332	64.1905	
0.986931	-0.0103423	0.160812	-0.00739388	0.993981	0.109303	-0.160975	-0.109064	0.980914	-3.65232	-3.06374	65.0117	
0.986217	-0.0108239	0.165101	-0.00773841	0.993748	0.111374	-0.165275	-0.111117	0.979968	-3.78883	-3.15587	65.8322	
0.985485	-0.0113147	0.169387	-0.00809219	0.993511	0.113444	-0.169572	-0.113168	0.978999	-3.92895	-3.24972	66.652	
0.984733	-0.0118145	0.17367	-0.00845519	0.99327	0.115512	-0.173866	-0.115217	0.978006	-4.07265	-3.34528	67.4708	
0.983962	-0.0123233	0.17795	-0.00882738	0.993024	0.117579	-0.178157	-0.117264	0.97699	-4.21995	-3.44256	68.2889	
0.983173	-0.0128413	0.182225	-0.00920874	0.992774	0.119645	-0.182445	-0.119309	0.97595	-4.37084	-3.54155	69.106	
0.982365	-0.0133683	0.186497	-0.00959924	0.99252	0.121708	-0.186729	-0.121352	0.974888	-4.52532	-3.64225	69.9223	
0.981537	-0.0139043	0.190765	-0.00999883	0.992261	0.12377	-0.191009	-0.123392	0.973802	-4.68337	-3.74466	70.7377	
0.980691	-0.0144493	0.195028	-0.0104075	0.991997	0.125829	-0.195286	-0.125429	0.972693	-4.84501	-3.84878	71.5522	
0.976558	-0.0170299	0.214581	-0.0115618	0.991277	0.131289	-0.214945	-0.130693	0.967842	-5.01668	-3.95595	72.3642	
0.972029	-0.019716	0.234031	-0.0128266	0.990526	0.136721	-0.234509	-0.135899	0.962568	-5.20475	-4.06751	73.172	
0.967107	-0.0225064	0.253371	-0.0142011	0.989747	0.142123	-0.253971	-0.141046	0.956872	-5.40915	-4.18339	73.9752	
0.961795	-0.0253999	0.272591	-0.0156849	0.988939	0.14749	-0.273322	-0.146131	0.950758	-5.6298	-4.30356	74.7735	
0.956093	-0.0283952	0.291684	-0.0172772	0.988103	0.152823	-0.292554	-0.151152	0.944227	-5.86659	-4.42796	75.5664	
0.950005	-0.0314911	0.310642	-0.0189774	0.987238	0.158117	-0.311657	-0.156107	0.937284	-6.11942	-4.55653	76.3537	
0.943534	-0.0346861	0.329455	-0.0207848	0.986346	0.163371	-0.330624	-0.160994	0.929929	-6.38818	-4.68922	77.1351	
0.936682	-0.0379789	0.348117	-0.0226984	0.985426	0.168583	-0.349446	-0.16581	0.922168	-6.67276	-4.82598	77.9101	
0.929452	-0.041368	0.366617	-0.0247176	0.98448	0.17375	-0.368115	-0.170554	0.914004	-6.97302	-4.96673	78.6784	
0.921847	-0.0448519	0.384949	-0.0268414	0.983507	0.17887	-0.386623	-0.175223	0.905439	-7.28884	-5.11142	79.4398	
0.913871	-0.0484292	0.403105	-0.0290688	0.982507	0.18394	-0.404962	-0.179816	0.896478	-7.62008	-5.25998	80.1938	
0.905528	-0.0520982	0.421076	-0.031399	0.981483	0.188959	-0.423123	-0.184329	0.887124	-7.96659	-5.41236	80.9401	
0.89682	-0.0558573	0.438855	-0.0338309	0.980433	0.193924	-0.4411	-0.188762	0.877382	-8.32822	-5.56848	81.6785	
