1	0	0	0	1	0	0	0	1	0	0	0	
0.999999	3.45028e-07	0.00160609	3.45028e-07	1	-0.00042965	-0.00160609	0.00042965	0.999999	-0.00062094	0.00016611	0.773232	
0.999995	1.3842e-06	0.00321631	1.38526e-06	1	-0.000861065	-0.00321631	0.000861065	0.999994	-0.00248536	0.000665121	1.54646	
0.999988	3.12386e-06	0.0048306	3.12812e-06	0.999999	-0.00129424	-0.0048306	0.00129424	0.999987	-0.00559642	0.0014984	2.31969	
0.999979	5.57032e-06	0.00644892	5.58101e-06	0.999999	-0.00172916	-0.00644892	0.00172916	0.999978	-0.00995727	0.00266729	3.09291	
0.999967	8.72982e-06	0.00807123	8.75126e-06	0.999998	-0.00216581	-0.00807123	0.00216581	0.999965	-0.015571	0.00417315	3.86612	
0.999953	1.26086e-05	0.00969747	1.26462e-05	0.999997	-0.0026042	-0.00969747	0.0026042	0.99995	-0.0224407	0.00601731	4.63932	
0.999936	1.72127e-05	0.0113276	1.7273e-05	0.999995	-0.0030443	-0.0113276	0.0030443	0.999931	-0.0305693	0.00820111	5.4125	
0.999916	2.25483e-05	0.0129615	2.26391e-05	0.999994	-0.00348611	-0.0129615	0.00348611	0.99991	-0.0399599	0.0107259	6.18567	
0.999893	2.86215e-05	0.0145993	2.87514e-05	0.999992	-0.00392962	-0.0145993	0.00392962	0.999886	-0.0506153	0.0135929	6.95883	
0.999868	3.54382e-05	0.0162408	3.56172e-05	0.99999	-0.00437481	-0.0162408	0.00437482	0.999859	-0.0625386	0.0168035	7.73196	
0.99984	4.30043e-05	0.0178859	4.32436e-05	0.999988	-0.00482169	-0.0178859	0.00482169	0.999828	-0.0757326	0.0203591	8.50507	
0.999809	5.13257e-05	0.0195348	5.16376e-05	0.999986	-0.00527023	-0.0195348	0.00527023	0.999795	-0.0902	0.0242608	9.27816	
0.999776	6.04082e-05	0.0211872	6.08061e-05	0.999984	-0.00572043	-0.0211872	0.00572044	0.999759	-0.105944	0.0285099	10.0512	
0.999739	7.02576e-05	0.0228431	7.07562e-05	0.999981	-0.00617228	-0.0228431	0.00617229	0.99972	-0.122967	0.0331079	10.8243	
0.9997	8.08795e-05	0.0245025	8.14947e-05	0.999978	-0.00662576	-0.0245025	0.00662577	0.999678	-0.141271	0.0380558	11.5973	
0.999658	9.22797e-05	0.0261654	9.30285e-05	0.999975	-0.00708088	-0.0261654	0.00708089	0.999633	-0.16086	0.043355	12.3702	
0.999613	0.000104464	0.0278317	0.000105364	0.999972	-0.0075376	-0.0278317	0.00753762	0.999584	-0.181736	0.0490068	13.1431	
0.999565	0.000117437	0.0295013	0.000118509	0.999968	-0.00799594	-0.0295013	0.00799595	0.999533	-0.203902	0.0550123	13.916	
0.999514	0.000131205	0.0311742	0.000132469	0.999964	-0.00845586	-0.0311742	0.00845588	0.999478	-0.22736	0.0613728	14.6889	
0.99946	0.000145773	0.0328504	0.000147251	0.99996	-0.00891737	-0.0328503	0.0089174	0.99942	-0.252113	0.0680896	15.4617	
0.999404	0.000161147	0.0345297	0.000162862	0.999956	-0.00938046	-0.0345297	0.00938049	0.99936	-0.278163	0.0751639	16.2345	
0.999344	0.000177331	0.0362122	0.000179308	0.999952	-0.0098451	-0.0362122	0.00984514	0.999296	-0.305513	0.0825968	17.0072	
0.999282	0.000194331	0.0378978	0.000196595	0.999947	-0.0103113	-0.0378978	0.0103113	0.999228	-0.334166	0.0903896	17.7798	
0.999216	0.000212153	0.0395864	0.000214731	0.999942	-0.010779	-0.0395864	0.0107791	0.999158	-0.364122	0.0985435	18.5524	
0.999148	0.0002308	0.041278	0.000233721	0.999937	-0.0112483	-0.041278	0.0112484	0.999084	-0.395386	0.10706	19.325	
0.999076	0.000250279	0.0429726	0.000253572	0.999931	-0.0117191	-0.0429726	0.0117191	0.999008	-0.427958	0.115939	20.0975	
0.999002	0.000270594	0.0446701	0.00027429	0.999926	-0.0121914	-0.0446701	0.0121914	0.998927	-0.461842	0.125184	20.8699	
0.998924	0.000291749	0.0463704	0.00029588	0.99992	-0.0126651	-0.0463704	0.0126652	0.998844	-0.49704	0.134794	21.6423	
0.998844	0.000313751	0.0480735	0.00031835	0.999914	-0.0131404	-0.0480735	0.0131405	0.998757	-0.533554	0.14477	22.4146	
0.99876	0.000336602	0.0497793	0.000341705	0.999907	-0.0136171	-0.0497793	0.0136173	0.998667	-0.571385	0.155115	23.1868	
0.998674	0.000360309	0.0514879	0.000365951	0.999901	-0.0140953	-0.0514879	0.0140955	0.998574	-0.610537	0.16583	23.959	
0.998584	0.000384876	0.0531991	0.000391095	0.999894	-0.014575	-0.053199	0.0145752	0.998478	-0.65101	0.176914	24.7311	
0.998491	0.000410307	0.0549129	0.000417141	0.999887	-0.0150561	-0.0549128	0.0150563	0.998378	-0.692808	0.18837	25.5031	
0.998395	0.000436607	0.0566292	0.000444096	0.999879	-0.0155386	-0.0566291	0.0155388	0.998274	-0.735932	0.200199	26.275	
0.998296	0.000463779	0.058348	0.000471965	0.999872	-0.0160225	-0.0583479	0.0160227	0.998168	-0.780384	0.212401	27.0469	
0.998194	0.000491829	0.0600693	0.000500754	0.999864	-0.0165078	-0.0600692	0.0165081	0.998058	-0.826166	0.224978	27.8187	
0.998089	0.000520761	0.0617929	0.000530469	0.999855	-0.0169945	-0.0617928	0.0169948	0.997944	-0.87328	0.237931	28.5904	
0.99798	0.000550578	0.0635189	0.000561115	0.999847	-0.0174826	-0.0635188	0.0174829	0.997827	-0.921727	0.25126	29.362	
0.997869	0.000581285	0.0652472	0.000592698	0.999838	-0.017972	-0.0652471	0.0179724	0.997707	-0.97151	0.264968	30.1335	
0.997754	0.000612886	0.0669777	0.000625222	0.999829	-0.0184628	-0.0669776	0.0184633	0.997584	-1.02263	0.279055	30.9049	
0.997636	0.000645384	0.0687104	0.000658694	0.99982	-0.018955	-0.0687103	0.0189554	0.997457	-1.07509	0.293521	31.6762	
0.997515	0.000678784	0.0704453	0.000693117	0.999811	-0.0194484	-0.0704452	0.0194489	0.997326	-1.12889	0.308369	32.4474	
0.997391	0.00071309	0.0721822	0.000728499	0.999801	-0.0199432	-0.0721821	0.0199438	0.997192	-1.18403	0.323599	33.2185	
0.997264	0.000748304	0.0739212	0.000764843	0.999791	-0.0204393	-0.0739211	0.0204399	0.997055	-1.24052	0.339212	33.9895	
0.997133	0.000784431	0.0756622	0.000802154	0.99978	-0.0209367	-0.075662	0.0209373	0.996914	-1.29835	0.355209	34.7604	
0.996999	0.000821475	0.0774051	0.000840438	0.99977	-0.0214353	-0.0774049	0.021436	0.996769	-1.35753	0.371591	35.5312	
0.996862	0.000859438	0.0791499	0.000879699	0.999759	-0.0219352	-0.0791497	0.021936	0.996621	-1.41805	0.38836	36.3019	
0.996722	0.000898324	0.0808965	0.000919943	0.999748	-0.0224364	-0.0808963	0.0224373	0.99647	-1.47993	0.405515	37.0725	
0.996579	0.000938136	0.0826449	0.000961173	0.999736	-0.0229388	-0.0826446	0.0229397	0.996315	-1.54316	0.423058	37.8429	
0.996432	0.000978878	0.084395	0.00100339	0.999725	-0.0234424	-0.0843947	0.0234434	0.996157	-1.60774	0.440991	38.6132	
0.996282	0.00102055	0.0861469	0.00104661	0.999713	-0.0239472	-0.0861465	0.0239484	0.995995	-1.67367	0.459313	39.3834	
0.996129	0.00106316	0.0879003	0.00109083	0.9997	-0.0244533	-0.0879	0.0244545	0.995829	-1.74096	0.478027	40.1535	
0.995972	0.00110671	0.0896553	0.00113605	0.999688	-0.0249605	-0.089655	0.0249618	0.99566	-1.80961	0.497132	40.9234	
0.995853	0.00114189	0.0909712	0.00143577	0.999599	-0.0282645	-0.090967	0.0282779	0.995452	-1.87944	0.517715	41.6932	
0.995731	0.00118166	0.0922934	0.00174003	0.9995	-0.0315697	-0.0922846	0.0315955	0.995231	-1.95029	0.540863	42.4629	
0.995607	0.00122606	0.0936219	0.00204886	0.99939	-0.0348761	-0.0936075	0.0349148	0.994997	-2.02215	0.566577	43.2323	
0.995481	0.00127512	0.0949564	0.00236227	0.999268	-0.0381836	-0.0949356	0.0382354	0.994749	-2.09505	0.594858	44.0016	
0.995352	0.00132888	0.0962967	0.00268028	0.999135	-0.0414921	-0.0962686	0.0415574	0.994487	-2.16897	0.625707	44.7707	
0.995221	0.00138738	0.0976426	0.0030029	0.998991	-0.0448015	-0.0976063	0.0448805	0.994213	-2.24393	0.659126	45.5395	
0.995087	0.00145065	0.098994	0.00333015	0.998836	-0.0481116	-0.0989486	0.0482049	0.993924	-2.31992	0.695114	46.3082	
0.994951	0.00151873	0.100351	0.00366205	0.99867	-0.0514224	-0.100295	0.0515302	0.993622	-2.39695	0.733673	47.0766	
0.994813	0.00159163	0.101712	0.00399859	0.998493	-0.0547337	-0.101646	0.0548565	0.993307	-2.47502	0.774804	47.8448	
0.994672	0.0016694	0.103079	0.00433981	0.998305	-0.0580456	-0.103001	0.0581836	0.992978	-2.55414	0.818507	48.6127	
0.994529	0.00175205	0.10445	0.00468571	0.998105	-0.0613578	-0.104359	0.0615115	0.992636	-2.63431	0.864784	49.3804	
0.994383	0.00183961	0.105825	0.0050363	0.997894	-0.0646703	-0.105721	0.06484	0.99228	-2.71553	0.913633	50.1478	
0.994235	0.0019321	0.107205	0.00539159	0.997672	-0.0679829	-0.107087	0.068169	0.99191	-2.79781	0.965057	50.9149	
0.994085	0.00202954	0.108589	0.00575159	0.997439	-0.0712957	-0.108455	0.0714985	0.991527	-2.88114	1.01905	51.6817	
0.993932	0.00213195	0.109976	0.00611631	0.997194	-0.0746084	-0.109827	0.0748283	0.99113	-2.96553	1.07563	52.4483	
0.993777	0.00223935	0.111368	0.00648575	0.996938	-0.077921	-0.111201	0.0781584	0.99072	-3.05098	1.13477	53.2145	
0.993619	0.00235174	0.112762	0.00685993	0.996671	-0.0812335	-0.112578	0.0814887	0.990296	-3.1375	1.1965	53.9804	
0.993459	0.00246915	0.11416	0.00723884	0.996393	-0.0845456	-0.113957	0.084819	0.989858	-3.22508	1.26079	54.7459	
0.993297	0.00259158	0.115561	0.0076225	0.996104	-0.0878573	-0.115339	0.0881492	0.989407	-3.31373	1.32767	55.5111	
0.993132	0.00271904	0.116965	0.00801091	0.995803	-0.0911685	-0.116722	0.0914794	0.988943	-3.40345	1.39711	56.276	
0.992965	0.00285153	0.118371	0.00840407	0.995491	-0.0944791	-0.118107	0.0948093	0.988464	-3.49424	1.46914	57.0405	
0.992796	0.00298907	0.11978	0.00880198	0.995168	-0.0977891	-0.119494	0.0981389	0.987973	-3.5861	1.54373	57.8046	
0.992624	0.00313165	0.121191	0.00920464	0.994834	-0.101098	-0.120882	0.101468	0.987467	-3.67903	1.6209	58.5684	
0.99245	0.00327927	0.122604	0.00961207	0.994488	-0.104407	-0.122271	0.104797	0.986949	-3.77304	1.70065	59.3317	
0.992274	0.00343194	0.124019	0.0100242	0.994131	-0.107714	-0.123661	0.108125	0.986416	-3.86812	1.78297	60.0946	
0.992095	0.00358965	0.125436	0.0104412	0.993763	-0.11102	-0.125052	0.111452	0.98587	-3.96428	1.86786	60.8572	
0.991914	0.00375239	0.126854	0.0108629	0.993384	-0.114325	-0.126444	0.114779	0.985311	-4.06151	1.95533	61.6192	
0.991731	0.00392016	0.128273	0.0112893	0.992993	-0.117629	-0.127835	0.118105	0.984738	-4.15982	2.04536	62.3809	
0.991546	0.00409294	0.129693	0.0117205	0.992592	-0.120932	-0.129227	0.121429	0.984152	-4.2592	2.13797	63.1421	
0.991358	0.00427074	0.131114	0.0121564	0.992179	-0.124233	-0.130619	0.124753	0.983552	-4.35966	2.23315	63.9029	
0.991168	0.00445352	0.132536	0.0125971	0.991754	-0.127532	-0.132011	0.128076	0.982939	-4.4612	2.3309	64.6631	
0.990976	0.00464129	0.133958	0.0130425	0.991319	-0.13083	-0.133403	0.131397	0.982313	-4.56382	2.43121	65.4229	
0.990782	0.00483401	0.135381	0.0134926	0.990872	-0.134126	-0.134793	0.134717	0.981673	-4.6675	2.5341	66.1822	
0.990586	0.00503168	0.136803	0.0139474	0.990415	-0.137421	-0.136183	0.138035	0.98102	-4.77227	2.63955	66.9411	
0.990387	0.00523427	0.138225	0.014407	0.989946	-0.140713	-0.137572	0.141352	0.980354	-4.87811	2.74756	67.6994	
0.990186	0.00544176	0.139647	0.0148713	0.989465	-0.144004	-0.13896	0.144668	0.979674	-4.98502	2.85814	68.4571	
0.989984	0.00565412	0.141068	0.0153402	0.988974	-0.147293	-0.140346	0.147981	0.978981	-5.093	2.97128	69.2144	
0.989779	0.00587134	0.142489	0.0158138	0.988472	-0.150579	-0.14173	0.151293	0.978275	-5.20206	3.08699	69.9711	
0.989572	0.00609337	0.143909	0.0162921	0.987958	-0.153863	-0.143113	0.154603	0.977556	-5.31218	3.20525	70.7272	
0.989363	0.00632018	0.145327	0.016775	0.987433	-0.157145	-0.144494	0.157911	0.976824	-5.42338	3.32608	71.4828	
0.9897	0.00592651	0.143033	0.0195219	0.984222	-0.17586	-0.141818	0.176841	0.973969	-5.53407	3.4555	72.2371	
0.990031	0.00548838	0.140746	0.0222169	0.980647	-0.194518	-0.13909	0.195706	0.970749	-5.64268	3.59954	72.989	
0.990354	0.00500598	0.138467	0.024859	0.976712	-0.21311	-0.136309	0.214497	0.967167	-5.74916	3.75813	73.7382	
0.990672	0.00447947	0.136197	0.0274473	0.972417	-0.23163	-0.133477	0.233207	0.963223	-5.85346	3.93123	74.4846	
0.990982	0.00390905	0.133936	0.0299808	0.967763	-0.250071	-0.130596	0.251831	0.958919	-5.95556	4.11876	75.2277	
0.991286	0.00329494	0.131686	0.0324586	0.962753	-0.268426	-0.127666	0.270361	0.954257	-6.05541	4.32065	75.9674	
