1	0	0	0	1	0	0	0	1	0	0	0	
0.999992	5.69571e-07	-0.00398186	5.69571e-07	1	0.000286082	0.00398186	-0.000286082	0.999992	0.00189842	-0.000136395	0.953533	
0.999968	2.28131e-06	-0.00797005	2.28007e-06	1	0.000572306	0.00797005	-0.000572306	0.999968	0.00759672	-0.000545647	1.90705	
0.999928	5.13937e-06	-0.0119644	5.13438e-06	1	0.00085866	0.0119644	-0.00085866	0.999928	0.0171008	-0.00122789	2.86054	
0.999873	9.14774e-06	-0.0159648	9.13524e-06	0.999999	0.00114513	0.0159648	-0.00114513	0.999872	0.0304166	-0.00218323	3.81398	
0.999801	1.43103e-05	-0.0199711	1.42853e-05	0.999999	0.00143171	0.0199711	-0.00143171	0.9998	0.0475497	-0.00341179	4.76736	
0.999712	2.06309e-05	-0.023983	2.0587e-05	0.999999	0.00171838	0.023983	-0.00171838	0.999711	0.0685056	-0.00491365	5.72066	
0.999608	2.8113e-05	-0.0280005	2.80427e-05	0.999998	0.00200513	0.0280005	-0.00200513	0.999606	0.0932897	-0.0066889	6.67387	
0.999487	3.67603e-05	-0.0320234	3.66547e-05	0.999997	0.00229195	0.0320234	-0.00229195	0.999484	0.121907	-0.00873761	7.62698	
0.99935	4.65761e-05	-0.0360515	4.6425e-05	0.999997	0.00257883	0.0360515	-0.00257883	0.999347	0.154363	-0.0110598	8.57996	
0.999196	5.75636e-05	-0.0400847	5.73555e-05	0.999996	0.00286575	0.0400847	-0.00286575	0.999192	0.190663	-0.0136556	9.5328	
0.999026	6.9726e-05	-0.0441228	6.94482e-05	0.999995	0.00315271	0.0441228	-0.0031527	0.999021	0.23081	-0.0165251	10.4855	
0.998839	8.30663e-05	-0.0481656	8.27047e-05	0.999994	0.00343968	0.0481656	-0.00343967	0.998833	0.27481	-0.0196681	11.438	
0.998636	9.75874e-05	-0.0522131	9.71265e-05	0.999993	0.00372667	0.0522131	-0.00372665	0.998629	0.322668	-0.0230848	12.3903	
0.998416	0.000113292	-0.056265	0.000112715	0.999992	0.00401365	0.056265	-0.00401363	0.998408	0.374387	-0.0267751	13.3424	
0.998179	0.000130183	-0.0603211	0.000129472	0.999991	0.00430061	0.0603211	-0.00430059	0.99817	0.429971	-0.030739	14.2943	
0.997925	0.000148262	-0.0643814	0.000147398	0.999989	0.00458755	0.0643814	-0.00458752	0.997915	0.489425	-0.0349766	15.246	
0.997655	0.000167533	-0.0684457	0.000166494	0.999988	0.00487445	0.0684457	-0.00487441	0.997643	0.552753	-0.0394878	16.1974	
0.997367	0.000187997	-0.0725137	0.000186762	0.999987	0.0051613	0.0725137	-0.00516125	0.997354	0.619958	-0.0442725	17.1486	
0.997063	0.000209656	-0.0765854	0.000208202	0.999985	0.00544809	0.0765854	-0.00544803	0.997048	0.691044	-0.0493306	18.0995	
0.996742	0.000232513	-0.0806606	0.000230815	0.999984	0.0057348	0.0806606	-0.00573473	0.996725	0.766014	-0.0546622	19.05	
0.996403	0.00025657	-0.0847391	0.000254601	0.999982	0.00602142	0.0847391	-0.00602134	0.996385	0.844871	-0.0602671	20.0003	
0.996048	0.000281827	-0.0888207	0.00027956	0.99998	0.00630795	0.0888207	-0.00630785	0.996028	0.927619	-0.0661453	20.9502	
0.995675	0.000308288	-0.0929054	0.000305694	0.999978	0.00659437	0.0929054	-0.00659425	0.995653	1.01426	-0.0722966	21.8998	
0.995285	0.000335953	-0.096993	0.000333002	0.999976	0.00688067	0.096993	-0.00688053	0.995261	1.1048	-0.078721	22.849	
0.994878	0.000364824	-0.101083	0.000361484	0.999974	0.00716684	0.101083	-0.00716667	0.994852	1.19923	-0.0854182	23.7978	
0.994454	0.000394902	-0.105176	0.000391141	0.999972	0.00745286	0.105176	-0.00745267	0.994426	1.29757	-0.0923883	24.7462	
0.994012	0.000426188	-0.109271	0.000421971	0.99997	0.00773873	0.109271	-0.0077385	0.993982	1.39981	-0.0996309	25.6942	
0.993553	0.000458684	-0.113368	0.000453975	0.999968	0.00802443	0.113368	-0.00802417	0.993521	1.50596	-0.107146	26.6418	
0.993077	0.00049239	-0.117468	0.000487153	0.999965	0.00830996	0.117468	-0.00830965	0.993042	1.61602	-0.114934	27.5889	
0.992583	0.000527307	-0.121569	0.000521503	0.999963	0.00859529	0.121569	-0.00859494	0.992546	1.72998	-0.122993	28.5356	
0.992072	0.000563436	-0.125672	0.000557026	0.99996	0.00888043	0.125672	-0.00888002	0.992032	1.84786	-0.131325	29.4818	
0.991543	0.000600778	-0.129777	0.00059372	0.999958	0.00916535	0.129777	-0.00916489	0.991501	1.96965	-0.139928	30.4275	
0.990997	0.000639332	-0.133883	0.000631584	0.999955	0.00945005	0.133883	-0.00944953	0.990952	2.09535	-0.148803	31.3726	
0.990433	0.0006791	-0.13799	0.000670618	0.999952	0.00973452	0.13799	-0.00973393	0.990386	2.22497	-0.157949	32.3173	
0.989852	0.000720081	-0.142099	0.00071082	0.99995	0.0100187	0.142099	-0.0100181	0.989802	2.35851	-0.167366	33.2614	
0.989254	0.000762276	-0.146208	0.000752189	0.999947	0.0103027	0.146208	-0.010302	0.9892	2.49597	-0.177054	34.2049	
0.988637	0.000805685	-0.150318	0.000794723	0.999944	0.0105864	0.150319	-0.0105856	0.988581	2.63734	-0.187012	35.1478	
0.988003	0.000850307	-0.154429	0.000838422	0.999941	0.0108698	0.154429	-0.0108689	0.987944	2.78264	-0.197241	36.0902	
0.987352	0.000896142	-0.158541	0.000883284	0.999937	0.011153	0.158541	-0.0111519	0.987289	2.93185	-0.20774	37.0319	
0.986683	0.000943191	-0.162652	0.000929306	0.999934	0.0114358	0.162653	-0.0114347	0.986617	3.08499	-0.218509	37.973	
0.985996	0.000991452	-0.166764	0.000976488	0.999931	0.0117183	0.166764	-0.0117171	0.985927	3.24204	-0.229547	38.9135	
0.985292	0.00104092	-0.170876	0.00102483	0.999927	0.0120005	0.170876	-0.0119991	0.985219	3.40302	-0.240854	39.8532	
0.98457	0.00109161	-0.174988	0.00107432	0.999924	0.0122824	0.174988	-0.0122809	0.984494	3.56791	-0.25243	40.7923	
0.98383	0.0011435	-0.179099	0.00112497	0.99992	0.0125639	0.1791	-0.0125622	0.983751	3.73673	-0.264274	41.7307	
0.983073	0.00119661	-0.18321	0.00117676	0.999917	0.0128451	0.183211	-0.0128433	0.98299	3.90947	-0.276387	42.6684	
0.982298	0.00125092	-0.187321	0.00122971	0.999913	0.0131259	0.187321	-0.0131239	0.982211	4.08613	-0.288767	43.6054	
0.981505	0.00130644	-0.191431	0.0012838	0.999909	0.0134063	0.191431	-0.0134041	0.981415	4.2667	-0.301415	44.5416	
0.980695	0.00136317	-0.195539	0.00133904	0.999905	0.0136864	0.195539	-0.013684	0.9806	4.4512	-0.314329	45.477	
0.979867	0.0014211	-0.199647	0.00139541	0.999901	0.013966	0.199647	-0.0139635	0.979768	4.63961	-0.327511	46.4116	
0.979021	0.00148024	-0.203754	0.00145293	0.999897	0.0142453	0.203754	-0.0142425	0.978919	4.83194	-0.340959	47.3455	
0.978158	0.00154057	-0.207859	0.00151158	0.999893	0.0145241	0.207859	-0.0145211	0.978051	5.02819	-0.354672	48.2785	
0.977277	0.00160211	-0.211962	0.00157136	0.999889	0.0148026	0.211962	-0.0147993	0.977166	5.22834	-0.368651	49.2107	
0.976378	0.00166485	-0.216064	0.00163227	0.999885	0.0150805	0.216064	-0.015077	0.976263	5.43241	-0.382895	50.142	
0.975461	0.00172878	-0.220164	0.0016943	0.999881	0.0153581	0.220164	-0.0153542	0.975342	5.64039	-0.397404	51.0725	
0.974527	0.0017939	-0.224262	0.00175746	0.999876	0.0156351	0.224263	-0.015631	0.974403	5.85228	-0.412177	52.002	
0.973575	0.00186022	-0.228358	0.00182173	0.999872	0.0159117	0.228359	-0.0159073	0.973447	6.06808	-0.427213	52.9307	
0.972606	0.00192773	-0.232452	0.00188712	0.999867	0.0161879	0.232452	-0.0161831	0.972473	6.28778	-0.442513	53.8585	
0.971619	0.00199643	-0.236543	0.00195363	0.999863	0.0164635	0.236543	-0.0164584	0.971482	6.51138	-0.458075	54.7853	
0.970614	0.00206631	-0.240632	0.00202124	0.999858	0.0167387	0.240632	-0.0167332	0.970472	6.73888	-0.4739	55.7111	
0.969592	0.00213738	-0.244718	0.00208995	0.999853	0.0170133	0.244718	-0.0170074	0.969445	6.97028	-0.489986	56.636	
0.968552	0.00220962	-0.248801	0.00215977	0.999848	0.0172875	0.248801	-0.0172812	0.9684	7.20557	-0.506334	57.5599	
0.967495	0.00228304	-0.252881	0.00223068	0.999843	0.0175611	0.252881	-0.0175544	0.967338	7.44476	-0.522942	58.4828	
0.965838	0.00238883	-0.259135	0.00161578	0.999883	0.0152396	0.259141	-0.0151377	0.965721	7.68888	-0.538529	59.4045	
0.96414	0.00247904	-0.265384	0.000986518	0.999916	0.0129246	0.265394	-0.0127229	0.964056	7.93896	-0.551812	60.3245	
0.9624	0.00255366	-0.271625	0.000342897	0.999944	0.0106158	0.271637	-0.0103098	0.962345	8.195	-0.562793	61.243	
0.960618	0.00261268	-0.277859	-0.000315075	0.999965	0.00831332	0.277871	-0.00789838	0.960586	8.45699	-0.571475	62.1598	
0.958796	0.0026561	-0.284083	-0.000987396	0.999981	0.00601703	0.284094	-0.0054886	0.958781	8.72492	-0.577857	63.0749	
0.956932	0.0026839	-0.290299	-0.00167406	0.999992	0.0037269	0.290307	-0.00308041	0.956929	8.99877	-0.581942	63.9882	
0.955028	0.00269609	-0.296505	-0.00237507	0.999996	0.00144286	0.296507	-0.000673754	0.95503	9.27855	-0.583732	64.8998	
0.953082	0.00269265	-0.3027	-0.00309043	0.999995	-0.000835136	0.302696	0.00173143	0.953086	9.56423	-0.583228	65.8095	
0.951096	0.0026736	-0.308883	-0.00382014	0.999988	-0.00310715	0.308871	0.00413518	0.951095	9.85581	-0.580431	66.7174	
0.94907	0.00263894	-0.315055	-0.00456419	0.999975	-0.00537325	0.315033	0.00653756	0.949058	10.1533	-0.575343	67.6233	
0.947003	0.00258866	-0.321214	-0.00532261	0.999957	-0.00763347	0.32118	0.00893862	0.946976	10.4566	-0.567964	68.5273	
0.944896	0.00252279	-0.32736	-0.0060954	0.999933	-0.00988789	0.327312	0.0113384	0.944848	10.7658	-0.558297	69.4292	
0.94275	0.00244134	-0.333491	-0.00688256	0.999903	-0.0121365	0.333429	0.013737	0.942675	11.0808	-0.546341	70.3292	
0.937485	0.00208847	-0.348021	-0.0130637	0.999488	-0.0291925	0.347782	0.0319139	0.937032	11.4056	-0.524575	71.2254	
0.931999	0.00145474	-0.362459	-0.0195034	0.998745	-0.0461411	0.361937	0.0500727	0.930857	11.744	-0.485485	72.116	
0.926295	0.000540499	-0.376798	-0.0261982	0.997671	-0.0629729	0.375886	0.068203	0.924153	12.0958	-0.429092	73.0004	
0.920378	-0.000653722	-0.391029	-0.0331442	0.996269	-0.0796783	0.389622	0.0862945	0.916923	12.4607	-0.35543	73.8782	
0.91425	-0.00212725	-0.405144	-0.0403375	0.99454	-0.0962478	0.403136	0.104337	0.909173	12.8387	-0.264538	74.7489	
0.907916	-0.00387925	-0.419135	-0.0477739	0.992483	-0.112672	0.416422	0.12232	0.900905	13.2295	-0.15647	75.6119	
0.901377	-0.00590872	-0.432995	-0.0554493	0.990101	-0.128941	0.42947	0.140234	0.892126	13.6328	-0.031287	76.4668	
0.894639	-0.00821451	-0.446715	-0.0633592	0.987394	-0.145047	0.442275	0.158068	0.88284	14.0484	0.110941	77.3131	
0.887704	-0.0107953	-0.460287	-0.0714993	0.984365	-0.160979	0.454828	0.175812	0.873053	14.4762	0.270131	78.1503	
0.880578	-0.0136496	-0.473705	-0.0798648	0.981014	-0.17673	0.467123	0.193457	0.862769	14.9157	0.446195	78.9779	
0.873263	-0.0167759	-0.486959	-0.088451	0.977344	-0.192289	0.479153	0.210991	0.851995	15.3669	0.639032	79.7955	
0.865765	-0.0201723	-0.500044	-0.0972531	0.973357	-0.207648	0.49091	0.228405	0.840737	15.8294	0.848532	80.6026	
0.858087	-0.0238369	-0.51295	-0.106266	0.969055	-0.222799	0.502388	0.24569	0.829001	16.303	1.07458	81.3987	
0.850234	-0.0277677	-0.525672	-0.115485	0.964441	-0.237732	0.513581	0.262835	0.816794	16.7874	1.31704	82.1834	
0.84221	-0.0319624	-0.538201	-0.124904	0.959517	-0.25244	0.524482	0.279831	0.804123	17.2824	1.57577	82.9562	
0.83402	-0.0364185	-0.550531	-0.134518	0.954286	-0.266914	0.535085	0.296668	0.790995	17.7876	1.85064	83.7168	
0.825668	-0.0411337	-0.562654	-0.144322	0.948751	-0.281145	0.545383	0.313336	0.777417	18.3027	2.14149	84.4646	
0.81716	-0.0461051	-0.574564	-0.15431	0.942915	-0.295126	0.555372	0.329826	0.763398	18.8276	2.44814	85.1992	
0.808499	-0.0513301	-0.586254	-0.164476	0.936782	-0.308848	0.565046	0.346129	0.748945	19.3618	2.77043	85.9203	
0.799692	-0.0568055	-0.597718	-0.174815	0.930354	-0.322305	0.574398	0.362235	0.734066	19.905	3.10817	86.6274	
0.790742	-0.0625284	-0.608948	-0.185321	0.923636	-0.335488	0.583424	0.378135	0.71877	20.4571	3.46117	87.3201	
0.781655	-0.0684953	-0.619938	-0.195987	0.916632	-0.348389	0.592118	0.39382	0.703066	21.0176	3.82923	87.998	
0.772437	-0.0747031	-0.630683	-0.206808	0.909345	-0.361002	0.600476	0.409281	0.686962	21.5862	4.21214	88.6607	
0.763092	-0.0811481	-0.641175	-0.217778	0.901779	-0.373318	0.608493	0.42451	0.670468	22.1626	4.60968	89.308	
