1	0	0	0	1	0	0	0	1	0	0	0	
0.999995	-2.94441e-06	-0.00308367	-2.94441e-06	0.999998	-0.00190968	0.00308367	0.00190968	0.999993	0.00151925	0.000940855	0.985351	
0.999981	-1.18056e-05	-0.00617477	-1.18044e-05	0.999993	-0.00382358	0.00617477	0.00382358	0.999974	0.00608068	0.0037655	1.97069	
0.999957	-2.66247e-05	-0.00927318	-2.662e-05	0.999984	-0.00574163	0.00927318	0.00574163	0.999941	0.0136915	0.00847806	2.956	
0.999923	-4.74421e-05	-0.0123788	-4.74303e-05	0.999971	-0.00766372	0.0123788	0.00766372	0.999894	0.024359	0.0150826	3.94128	
0.99988	-7.42973e-05	-0.0154913	-7.42737e-05	0.999954	-0.00958978	0.0154913	0.00958978	0.999834	0.0380899	0.023583	4.9265	
0.999827	-0.000107229	-0.0186108	-0.000107188	0.999934	-0.0115197	0.0186108	0.0115197	0.99976	0.0548913	0.0339832	5.91165	
0.999764	-0.000146276	-0.021737	-0.00014621	0.999909	-0.0134534	0.021737	0.0134534	0.999673	0.0747698	0.0462869	6.89673	
0.999691	-0.000191475	-0.0248699	-0.000191375	0.999882	-0.0153909	0.0248699	0.0153909	0.999572	0.0977319	0.0604978	7.88171	
0.999608	-0.000242863	-0.0280092	-0.00024272	0.99985	-0.0173319	0.0280092	0.0173319	0.999457	0.123784	0.0766196	8.86659	
0.999515	-0.000300476	-0.0311548	-0.000300279	0.999814	-0.0192765	0.0311548	0.0192765	0.999329	0.152933	0.0946557	9.85134	
0.999411	-0.000364349	-0.0343066	-0.000364086	0.999775	-0.0212245	0.0343066	0.0212245	0.999186	0.185184	0.11461	10.836	
0.999298	-0.000434516	-0.0374644	-0.000434173	0.999731	-0.0231758	0.0374644	0.0231758	0.999029	0.220544	0.136485	11.8204	
0.999174	-0.000511011	-0.0406282	-0.000510574	0.999684	-0.0251304	0.0406282	0.0251304	0.998858	0.259019	0.160284	12.8048	
0.99904	-0.000593867	-0.0437977	-0.00059332	0.999633	-0.0270882	0.0437977	0.0270882	0.998673	0.300613	0.186011	13.7889	
0.998896	-0.000683116	-0.0469728	-0.000682441	0.999578	-0.029049	0.0469728	0.029049	0.998474	0.345334	0.213668	14.7728	
0.998741	-0.000778789	-0.0501534	-0.000777968	0.999519	-0.0310129	0.0501535	0.0310129	0.99826	0.393186	0.243259	15.7566	
0.998576	-0.000880918	-0.0533394	-0.000879929	0.999456	-0.0329796	0.0533394	0.0329796	0.998032	0.444175	0.274787	16.7401	
0.9984	-0.00098953	-0.0565306	-0.000988355	0.999389	-0.0349492	0.0565306	0.0349492	0.997789	0.498305	0.308254	17.7234	
0.998214	-0.00110466	-0.0597268	-0.00110327	0.999318	-0.0369215	0.0597268	0.0369215	0.997532	0.555582	0.343663	18.7065	
0.998017	-0.00122633	-0.0629279	-0.00122471	0.999242	-0.0388965	0.0629279	0.0388964	0.99726	0.616012	0.381017	19.6892	
0.99781	-0.00135456	-0.0661338	-0.00135268	0.999163	-0.040874	0.0661339	0.0408739	0.996973	0.679597	0.420318	20.6718	
0.997592	-0.0014894	-0.0693444	-0.00148723	0.99908	-0.0428539	0.0693444	0.0428539	0.996672	0.746344	0.461569	21.654	
0.997363	-0.00163085	-0.0725594	-0.00162838	0.998993	-0.0448363	0.0725595	0.0448362	0.996356	0.816257	0.504772	22.6359	
0.997123	-0.00177896	-0.0757788	-0.00177614	0.998902	-0.0468209	0.0757788	0.0468208	0.996025	0.88934	0.549929	23.6175	
0.996873	-0.00193373	-0.0790024	-0.00193054	0.998806	-0.0488077	0.0790025	0.0488076	0.995679	0.965597	0.597043	24.5988	
0.996611	-0.0020952	-0.08223	-0.00209161	0.998707	-0.0507967	0.0822301	0.0507965	0.995318	1.04503	0.646116	25.5797	
0.996339	-0.00226339	-0.0854616	-0.00225936	0.998603	-0.0527876	0.0854617	0.0527875	0.994942	1.12765	0.697149	26.5602	
0.996056	-0.00243832	-0.088697	-0.00243381	0.998495	-0.0547805	0.0886971	0.0547803	0.994551	1.21346	0.750145	27.5404	
0.995761	-0.00262002	-0.091936	-0.002615	0.998384	-0.0567753	0.0919362	0.056775	0.994145	1.30245	0.805106	28.5202	
0.995456	-0.00280849	-0.0951786	-0.00280292	0.998268	-0.0587718	0.0951787	0.0587715	0.993724	1.39464	0.862033	29.4996	
0.99514	-0.00300377	-0.0984245	-0.00299761	0.998147	-0.06077	0.0984246	0.0607696	0.993287	1.49002	0.920928	30.4785	
0.994813	-0.00320587	-0.101674	-0.00319909	0.998023	-0.0627697	0.101674	0.0627694	0.992836	1.5886	0.981793	31.4571	
0.994474	-0.0034148	-0.104926	-0.00340736	0.997894	-0.064771	0.104926	0.0647706	0.992369	1.69039	1.04463	32.4351	
0.994125	-0.0036306	-0.108181	-0.00362244	0.997762	-0.0667736	0.108181	0.0667732	0.991886	1.79538	1.10944	33.4127	
0.993764	-0.00385326	-0.111439	-0.00384435	0.997625	-0.0687776	0.111439	0.0687771	0.991388	1.90359	1.17622	34.3898	
0.993392	-0.00408282	-0.114699	-0.00407311	0.997483	-0.0707828	0.1147	0.0707823	0.990875	2.015	1.24498	35.3665	
0.993009	-0.00431928	-0.117962	-0.00430872	0.997338	-0.0727892	0.117963	0.0727885	0.990347	2.12963	1.31571	36.3426	
0.992614	-0.00456266	-0.121228	-0.00455121	0.997188	-0.0747966	0.121228	0.0747959	0.989803	2.24747	1.38842	37.3181	
0.992208	-0.00481298	-0.124496	-0.00480058	0.997035	-0.076805	0.124496	0.0768042	0.989243	2.36853	1.46311	38.2932	
0.991791	-0.00507023	-0.127765	-0.00505684	0.996876	-0.0788142	0.127766	0.0788134	0.988668	2.49282	1.53978	39.2676	
0.991363	-0.00533445	-0.131037	-0.00532	0.996714	-0.0808243	0.131038	0.0808234	0.988077	2.62032	1.61843	40.2415	
0.990923	-0.00560563	-0.134311	-0.00559008	0.996548	-0.0828351	0.134311	0.082834	0.987471	2.75106	1.69906	41.2148	
0.990472	-0.00588379	-0.137586	-0.00586709	0.996377	-0.0848465	0.137586	0.0848453	0.986849	2.88501	1.78167	42.1875	
0.99001	-0.00616894	-0.140862	-0.00615102	0.996202	-0.0868584	0.140863	0.0868571	0.986212	3.0222	1.86627	43.1596	
0.989536	-0.00646109	-0.144141	-0.0064419	0.996022	-0.0888708	0.144141	0.0888694	0.985558	3.16261	1.95285	44.1311	
0.989051	-0.00676025	-0.14742	-0.00673972	0.995839	-0.0908835	0.147421	0.090882	0.98489	3.30626	2.0414	45.1019	
0.988554	-0.00706641	-0.1507	-0.00704449	0.995651	-0.0928966	0.150701	0.0928949	0.984205	3.45314	2.13195	46.072	
0.988046	-0.0073796	-0.153982	-0.00735622	0.995459	-0.0949098	0.153983	0.0949079	0.983505	3.60325	2.22447	47.0414	
0.987527	-0.00769981	-0.157264	-0.00767491	0.995262	-0.0969231	0.157265	0.0969211	0.982789	3.75659	2.31898	48.0102	
0.986996	-0.00802705	-0.160547	-0.00800057	0.995062	-0.0989364	0.160548	0.0989343	0.982057	3.91317	2.41548	48.9782	
0.986453	-0.00836132	-0.16383	-0.00833319	0.994857	-0.10095	0.163832	0.100947	0.98131	4.07299	2.51395	49.9455	
0.985899	-0.00870264	-0.167114	-0.00867278	0.994647	-0.102963	0.167116	0.10296	0.980547	4.23604	2.61441	50.9121	
0.985334	-0.00905099	-0.170398	-0.00901935	0.994434	-0.104976	0.1704	0.104973	0.979768	4.40233	2.71686	51.8779	
0.984757	-0.00940638	-0.173683	-0.00937289	0.994216	-0.106988	0.173684	0.106985	0.978973	4.57185	2.82129	52.8429	
0.984168	-0.00976882	-0.176967	-0.00973339	0.993994	-0.109	0.176969	0.108997	0.978162	4.74461	2.9277	53.8072	
0.983568	-0.0101383	-0.180251	-0.0101009	0.993768	-0.111012	0.180253	0.111009	0.977336	4.9206	3.03609	54.7706	
0.982957	-0.0105148	-0.183535	-0.0104753	0.993537	-0.113023	0.183537	0.113019	0.976494	5.09983	3.14646	55.7332	
0.982334	-0.0108984	-0.186818	-0.0108567	0.993302	-0.115033	0.186821	0.11503	0.975636	5.2823	3.25882	56.695	
0.9817	-0.011289	-0.190101	-0.0112451	0.993063	-0.117043	0.190104	0.117039	0.974763	5.468	3.37315	57.6559	
0.981054	-0.0116867	-0.193383	-0.0116404	0.99282	-0.119052	0.193386	0.119047	0.973873	5.65694	3.48946	58.6159	
0.980396	-0.0120913	-0.196664	-0.0120427	0.992572	-0.12106	0.196667	0.121055	0.972968	5.84911	3.60776	59.5751	
0.979727	-0.012503	-0.199945	-0.012452	0.99232	-0.123067	0.199948	0.123062	0.972048	6.04451	3.72803	60.5334	
0.979047	-0.0129218	-0.203224	-0.0128682	0.992064	-0.125073	0.203227	0.125067	0.971111	6.24315	3.85028	61.4907	
0.97908	-0.0129011	-0.203064	-0.013133	0.9919	-0.126338	0.203049	0.126362	0.970981	6.44331	3.97415	62.4475	
0.979113	-0.0128805	-0.202906	-0.0133979	0.991734	-0.127606	0.202873	0.127659	0.970848	6.6433	4.0993	63.4042	
0.979146	-0.0128598	-0.20275	-0.0136631	0.991567	-0.128875	0.202698	0.128958	0.970713	6.84312	4.22573	64.3608	
0.979178	-0.0128393	-0.202596	-0.0139283	0.991397	-0.130146	0.202524	0.130258	0.970576	7.04276	4.35344	65.3172	
0.97921	-0.0128187	-0.202444	-0.0141936	0.991225	-0.131418	0.202352	0.131559	0.970436	7.24223	4.48243	66.2735	
0.979241	-0.0127982	-0.202294	-0.0144589	0.991052	-0.13269	0.202182	0.132861	0.970294	7.44154	4.6127	67.2297	
0.979272	-0.0127778	-0.202145	-0.0147242	0.990877	-0.133964	0.202013	0.134164	0.97015	7.64067	4.74426	68.1857	
0.979303	-0.0127575	-0.201999	-0.0149894	0.9907	-0.135238	0.201846	0.135467	0.970004	7.83965	4.8771	69.1416	
0.979333	-0.0127372	-0.201855	-0.0152546	0.990521	-0.136513	0.20168	0.136771	0.969855	8.03845	5.01123	70.0973	
0.979362	-0.0127171	-0.201712	-0.0155197	0.99034	-0.137789	0.201516	0.138075	0.969704	8.2371	5.14664	71.0529	
0.983933	-0.00944872	-0.178287	-0.0145438	0.991038	-0.132787	0.177944	0.133247	0.974978	8.42406	5.28032	72.011	
0.987935	-0.00629767	-0.154741	-0.0136894	0.991711	-0.12776	0.154263	0.128337	0.979659	8.58774	5.4092	72.9741	
0.991365	-0.00326585	-0.13109	-0.012957	0.992358	-0.12271	0.130489	0.123349	0.983747	8.72804	5.53321	73.9414	
0.994222	-0.000355097	-0.107347	-0.0123472	0.992979	-0.117641	0.106635	0.118287	0.987237	8.84487	5.65226	74.9125	
0.996502	0.00243283	-0.0835278	-0.0118602	0.993575	-0.112555	0.0827173	0.113152	0.990128	8.93816	5.76629	75.8868	
0.998207	0.00509623	-0.059646	-0.0114964	0.994143	-0.107457	0.058749	0.10795	0.992419	9.00786	5.87523	76.8636	
0.999333	0.0076335	-0.0357162	-0.0112559	0.994685	-0.102347	0.0347451	0.102681	0.994107	9.05393	5.97901	77.8424	
0.99988	0.0100431	-0.011753	-0.011139	0.995199	-0.0972311	0.0107201	0.0973504	0.995192	9.07633	6.07756	78.8225	
0.999849	0.0123235	0.0122291	-0.0111456	0.995686	-0.0921108	-0.0133114	0.0919606	0.995674	9.07505	6.17084	79.8034	
0.999239	0.0144735	0.0362154	-0.0112759	0.996145	-0.0869896	-0.0373349	0.086515	0.995551	9.0501	6.25877	80.7845	
0.998051	0.0164916	0.0601916	-0.0115297	0.996576	-0.0818706	-0.0613357	0.081017	0.994824	9.00148	6.34131	81.7651	
0.996284	0.0183766	0.0841429	-0.0119068	0.996979	-0.0767568	-0.0852992	0.0754697	0.993493	8.92924	6.41842	82.7448	
0.993941	0.0201275	0.108055	-0.012407	0.997353	-0.0716515	-0.109211	0.0698767	0.991559	8.8334	6.49003	83.7228	
0.991023	0.021743	0.131913	-0.0130301	0.997698	-0.0665576	-0.133057	0.0642412	0.989024	8.71404	6.55611	84.6987	
0.987531	0.0232224	0.155703	-0.0137757	0.998013	-0.0614783	-0.156821	0.0585668	0.985889	8.57121	6.61662	85.6717	
0.983468	0.0245646	0.17941	-0.0146432	0.9983	-0.0564167	-0.180491	0.0528569	0.982155	8.40502	6.67152	86.6414	
0.978835	0.0257689	0.20302	-0.0156322	0.998557	-0.0513758	-0.204051	0.0471148	0.977826	8.21555	6.72077	87.607	
0.973637	0.0268345	0.226519	-0.0167421	0.998785	-0.0463588	-0.227487	0.0413442	0.972903	8.00293	6.76436	88.5682	
0.967876	0.0277607	0.249892	-0.0179722	0.998982	-0.0413685	-0.250786	0.0355485	0.96739	7.76729	6.80224	89.5242	
0.961555	0.0285471	0.273125	-0.0193217	0.99915	-0.0364082	-0.273932	0.0297312	0.961289	7.50876	6.8344	90.4744	
0.954679	0.0291931	0.296204	-0.0207898	0.999288	-0.0314807	-0.296912	0.0238959	0.954606	7.2275	6.86083	91.4184	
0.947251	0.0296983	0.319115	-0.0223757	0.999396	-0.0265891	-0.319711	0.0180461	0.947343	6.92369	6.88149	92.3555	
0.939276	0.0300625	0.341844	-0.0240784	0.999474	-0.0217363	-0.342317	0.0121853	0.939505	6.59751	6.89639	93.2851	
0.930759	0.0302854	0.364377	-0.0258968	0.999521	-0.0169253	-0.364715	0.00631716	0.931098	6.24915	6.9055	94.2068	
0.921705	0.0303668	0.386701	-0.0278299	0.999539	-0.012159	-0.386892	0.000445159	0.922125	5.87883	6.90883	95.1199	
0.91212	0.0303068	0.408802	-0.0298764	0.999526	-0.00744027	-0.408834	-0.00542711	0.912593	5.48678	6.90638	96.0238	
