1	0	0	0	1	0	0	0	1	0	0	0	
1	-5.44087e-09	-0.000224139	-5.44087e-09	1	-4.85491e-05	0.000224139	4.85491e-05	1	0.000118352	2.56354e-05	1.05606	
1	-2.21667e-08	-0.000452565	-2.21374e-08	1	-9.78957e-05	0.000452565	9.78957e-05	1	0.000475672	0.000102963	2.11212	
1	-5.07806e-08	-0.000685265	-5.06608e-08	1	-0.000148032	0.000685265	0.000148032	1	0.00107648	0.00023282	3.16818	
1	-9.18918e-08	-0.000922229	-9.15869e-08	1	-0.000198951	0.000922229	0.000198951	1	0.00192529	0.000416038	4.22424	
0.999999	-1.46116e-07	-0.00116344	-1.45495e-07	1	-0.000250645	0.00116344	0.000250645	0.999999	0.00302658	0.000653438	5.2803	
0.999999	-2.14076e-07	-0.0014089	-2.1297e-07	1	-0.000303107	0.0014089	0.000303107	0.999999	0.00438486	0.000945836	6.33636	
0.999999	-2.96399e-07	-0.00165857	-2.94597e-07	1	-0.000356328	0.00165857	0.000356328	0.999999	0.00600457	0.00129404	7.39242	
0.999998	-3.93719e-07	-0.00191246	-3.90968e-07	1	-0.000410302	0.00191246	0.000410302	0.999998	0.00789019	0.00169884	8.44848	
0.999998	-5.06673e-07	-0.00217055	-5.02676e-07	1	-0.00046502	0.00217055	0.00046502	0.999998	0.0100461	0.00216104	9.50454	
0.999997	-6.35907e-07	-0.00243282	-6.30316e-07	1	-0.000520475	0.00243282	0.000520475	0.999997	0.0124769	0.00268141	10.5606	
0.999996	-7.82069e-07	-0.00269926	-7.74488e-07	1	-0.000576659	0.00269926	0.000576659	0.999996	0.0151867	0.00326073	11.6167	
0.999996	-9.45812e-07	-0.00296986	-9.35791e-07	1	-0.000633565	0.00296986	0.000633565	0.999995	0.0181802	0.00389976	12.6727	
0.999995	-1.12779e-06	-0.0032446	-1.11483e-06	1	-0.000691185	0.0032446	0.000691185	0.999994	0.0214616	0.00459927	13.7288	
0.999994	-1.32868e-06	-0.00352347	-1.31221e-06	1	-0.00074951	0.00352347	0.00074951	0.999994	0.0250354	0.00536	14.7848	
0.999993	-1.54913e-06	-0.00380645	-1.52853e-06	1	-0.000808534	0.00380645	0.000808534	0.999992	0.0289058	0.0061827	15.8409	
0.999992	-1.78981e-06	-0.00409353	-1.7644e-06	1	-0.000868249	0.00409353	0.000868249	0.999991	0.0330772	0.00706809	16.8969	
0.99999	-2.05141e-06	-0.00438469	-2.02043e-06	1	-0.000928646	0.00438469	0.000928646	0.99999	0.037554	0.0080169	17.953	
0.999989	-2.33459e-06	-0.00467992	-2.29723e-06	1	-0.000989717	0.00467992	0.000989717	0.999989	0.0423404	0.00902986	19.009	
0.999988	-2.64004e-06	-0.0049792	-2.59541e-06	0.999999	-0.00105146	0.0049792	0.00105146	0.999987	0.0474407	0.0101077	20.0651	
0.999986	-2.96842e-06	-0.00528251	-2.91556e-06	0.999999	-0.00111385	0.00528251	0.00111385	0.999985	0.0528592	0.011251	21.1211	
0.999984	-3.32044e-06	-0.00558985	-3.25832e-06	0.999999	-0.0011769	0.00558985	0.0011769	0.999984	0.0586001	0.0124606	22.1772	
0.999983	-3.69678e-06	-0.00590118	-3.62427e-06	0.999999	-0.00124059	0.00590118	0.00124059	0.999982	0.0646677	0.0137371	23.2332	
0.999981	-4.09811e-06	-0.0062165	-4.01402e-06	0.999999	-0.00130492	0.0062165	0.00130492	0.99998	0.0710662	0.0150812	24.2892	
0.999979	-4.52514e-06	-0.00653579	-4.42819e-06	0.999999	-0.00136988	0.00653579	0.00136988	0.999978	0.0777998	0.0164936	25.3453	
0.999976	-4.97855e-06	-0.00685904	-4.86738e-06	0.999999	-0.00143545	0.00685904	0.00143545	0.999975	0.0848727	0.0179749	26.4013	
0.999974	-5.45904e-06	-0.00718621	-5.33219e-06	0.999999	-0.00150164	0.00718621	0.00150164	0.999973	0.092289	0.0195258	27.4574	
0.999972	-5.96729e-06	-0.00751731	-5.82321e-06	0.999999	-0.00156843	0.00751731	0.00156842	0.999971	0.100053	0.0211468	28.5134	
0.999969	-6.504e-06	-0.0078523	-6.34106e-06	0.999999	-0.00163581	0.0078523	0.00163581	0.999968	0.108169	0.0228388	29.5694	
0.999966	-7.06987e-06	-0.00819117	-6.88633e-06	0.999999	-0.00170378	0.00819117	0.00170378	0.999965	0.11664	0.0246022	30.6254	
0.999964	-7.66559e-06	-0.00853391	-7.45961e-06	0.999998	-0.00177233	0.00853391	0.00177233	0.999962	0.125471	0.0264377	31.6815	
0.999961	-8.29185e-06	-0.00888049	-8.06149e-06	0.999998	-0.00184145	0.00888049	0.00184145	0.999959	0.134667	0.0283459	32.7375	
0.999957	-8.94934e-06	-0.0092309	-8.69257e-06	0.999998	-0.00191114	0.0092309	0.00191114	0.999956	0.14423	0.0303273	33.7935	
0.999954	-9.63876e-06	-0.00958511	-9.35342e-06	0.999998	-0.00198138	0.00958511	0.00198138	0.999952	0.154165	0.0323827	34.8495	
0.999951	-1.03608e-05	-0.00994311	-1.00446e-05	0.999998	-0.00205217	0.00994311	0.00205216	0.999948	0.164477	0.0345125	35.9055	
0.999947	-1.11162e-05	-0.0103049	-1.07668e-05	0.999998	-0.00212349	0.0103049	0.00212349	0.999945	0.175168	0.0367174	36.9615	
0.999943	-1.19055e-05	-0.0106704	-1.15204e-05	0.999998	-0.00219535	0.0106704	0.00219535	0.999941	0.186244	0.0389979	38.0175	
0.999939	-1.27295e-05	-0.0110396	-1.23062e-05	0.999997	-0.00226773	0.0110396	0.00226773	0.999936	0.197708	0.0413545	39.0735	
0.999935	-1.35889e-05	-0.0114126	-1.31246e-05	0.999997	-0.00234063	0.0114126	0.00234062	0.999932	0.209563	0.0437879	40.1295	
0.999931	-1.44844e-05	-0.0117892	-1.39761e-05	0.999997	-0.00241403	0.0117892	0.00241402	0.999928	0.221814	0.0462985	41.1855	
0.999926	-1.54166e-05	-0.0121696	-1.48615e-05	0.999997	-0.00248793	0.0121696	0.00248792	0.999923	0.234465	0.0488869	42.2415	
0.999921	-1.63862e-05	-0.0125535	-1.57811e-05	0.999997	-0.00256232	0.0125535	0.00256231	0.999918	0.24752	0.0515535	43.2974	
0.999916	-1.7394e-05	-0.0129411	-1.67356e-05	0.999997	-0.00263719	0.0129411	0.00263718	0.999913	0.260982	0.054299	44.3534	
0.999911	-1.84404e-05	-0.0133323	-1.77255e-05	0.999996	-0.00271254	0.0133323	0.00271253	0.999907	0.274855	0.0571238	45.4094	
0.999906	-1.95263e-05	-0.0137271	-1.87513e-05	0.999996	-0.00278835	0.0137271	0.00278834	0.999902	0.289143	0.0600285	46.4653	
0.9999	-2.06524e-05	-0.0141254	-1.98136e-05	0.999996	-0.00286462	0.0141254	0.00286461	0.999896	0.30385	0.0630134	47.5213	
0.999894	-2.18191e-05	-0.0145273	-2.09128e-05	0.999996	-0.00294134	0.0145273	0.00294133	0.99989	0.31898	0.0660791	48.5772	
0.999889	-2.30273e-05	-0.0149327	-2.20495e-05	0.999995	-0.0030185	0.0149327	0.00301849	0.999884	0.334535	0.0692261	49.6332	
0.999882	-2.42776e-05	-0.0153416	-2.32242e-05	0.999995	-0.00309609	0.0153416	0.00309609	0.999878	0.350521	0.0724548	50.6891	
0.999876	-2.55706e-05	-0.015754	-2.44374e-05	0.999995	-0.00317411	0.015754	0.0031741	0.999871	0.36694	0.0757656	51.7451	
0.999869	-2.6907e-05	-0.0161698	-2.56896e-05	0.999995	-0.00325255	0.0161698	0.00325254	0.999864	0.383797	0.0791591	52.801	
0.999862	-2.82873e-05	-0.0165891	-2.69812e-05	0.999994	-0.0033314	0.0165891	0.00333139	0.999857	0.401095	0.0826356	53.8569	
0.999855	-2.97124e-05	-0.0170117	-2.83128e-05	0.999994	-0.00341064	0.0170117	0.00341063	0.999849	0.418837	0.0861956	54.9128	
0.999848	-3.11827e-05	-0.0174378	-2.96848e-05	0.999994	-0.00349028	0.0174378	0.00349027	0.999842	0.437027	0.0898395	55.9687	
0.99984	-3.26988e-05	-0.0178672	-3.10977e-05	0.999994	-0.00357031	0.0178672	0.00357029	0.999834	0.455669	0.0935677	57.0246	
0.999833	-3.42616e-05	-0.0182999	-3.25519e-05	0.999993	-0.00365071	0.0182999	0.00365069	0.999826	0.474767	0.0973806	58.0805	
0.999824	-3.58714e-05	-0.018736	-3.40478e-05	0.999993	-0.00373148	0.018736	0.00373146	0.999818	0.494323	0.101279	59.1363	
0.999816	-3.7529e-05	-0.0191753	-3.5586e-05	0.999993	-0.00381261	0.0191754	0.00381259	0.999809	0.514341	0.105262	60.1922	
0.999808	-3.92349e-05	-0.019618	-3.71668e-05	0.999992	-0.00389409	0.019618	0.00389407	0.9998	0.534825	0.109331	61.248	
0.999799	-4.09897e-05	-0.0200638	-3.87906e-05	0.999992	-0.00397592	0.0200638	0.0039759	0.999791	0.555779	0.113487	62.3039	
0.99979	-4.2794e-05	-0.0205129	-4.04579e-05	0.999992	-0.00405808	0.0205129	0.00405806	0.999781	0.577204	0.117729	63.3597	
0.99978	-4.46484e-05	-0.0209652	-4.2169e-05	0.999991	-0.00414057	0.0209652	0.00414054	0.999772	0.599106	0.122058	64.4156	
0.999771	-4.65535e-05	-0.0214206	-4.39244e-05	0.999991	-0.00422338	0.0214206	0.00422335	0.999762	0.621487	0.126475	65.4714	
0.999761	-4.85098e-05	-0.0218792	-4.57245e-05	0.999991	-0.0043065	0.0218792	0.00430647	0.999751	0.644351	0.130979	66.5272	
0.99975	-5.05179e-05	-0.0223409	-4.75695e-05	0.99999	-0.00438993	0.0223409	0.0043899	0.999741	0.6677	0.135571	67.583	
0.99974	-5.25784e-05	-0.0228057	-4.94599e-05	0.99999	-0.00447365	0.0228057	0.00447361	0.99973	0.691539	0.140251	68.6387	
0.999664	-7.11475e-05	-0.0259376	-0.00012032	0.999973	-0.00738024	0.0259374	0.00738088	0.999636	0.717277	0.14651	69.6945	
0.999577	-9.88488e-05	-0.0290718	-0.000200295	0.999947	-0.0102867	0.0290713	0.0102882	0.999524	0.746323	0.15584	70.7501	
0.999481	-0.000135696	-0.0322082	-0.00028939	0.999913	-0.013193	0.0322072	0.0131955	0.999394	0.77868	0.16824	71.8056	
0.998734	-0.000548722	-0.0503098	-0.0010815	0.999475	-0.0323708	0.0503011	0.0323842	0.998209	0.82225	0.192309	72.8604	
0.997658	-0.0013093	-0.0683835	-0.00222069	0.99867	-0.0515191	0.06836	0.0515503	0.996328	0.88491	0.236632	73.9137	
0.996256	-0.00241691	-0.0864169	-0.00370617	0.997496	-0.0706246	0.0863712	0.0706805	0.993753	0.966617	0.301177	74.9646	
0.994528	-0.00387078	-0.104397	-0.0055369	0.995956	-0.089674	0.104322	0.0897614	0.990485	1.06732	0.3859	76.0124	
0.992475	-0.00566988	-0.122312	-0.0077116	0.99405	-0.108654	0.1222	0.10878	0.986526	1.18693	0.490742	77.0563	
0.9901	-0.00781297	-0.140149	-0.0102288	0.991779	-0.127552	0.139994	0.127722	0.98188	1.32539	0.615629	78.0958	
0.987402	-0.0102986	-0.157896	-0.0130866	0.989146	-0.146353	0.157689	0.146576	0.97655	1.48258	0.760475	79.1299	
0.984385	-0.0131249	-0.175539	-0.0162832	0.986151	-0.165046	0.175275	0.165327	0.970539	1.65841	0.925179	80.1581	
0.98105	-0.01629	-0.193068	-0.0198163	0.982798	-0.183617	0.192738	0.183963	0.963851	1.85274	1.10963	81.1796	
0.9774	-0.0197918	-0.21047	-0.0236834	0.979088	-0.202053	0.210067	0.202471	0.956492	2.06545	1.31369	82.1937	
0.973437	-0.0236276	-0.227732	-0.0278818	0.975024	-0.220341	0.22725	0.220838	0.948466	2.29638	1.53722	83.1996	
0.969164	-0.027795	-0.244842	-0.0324086	0.970609	-0.238469	0.244274	0.239051	0.939779	2.54537	1.78007	84.1967	
0.964585	-0.0322909	-0.261789	-0.0372606	0.965846	-0.256424	0.261128	0.257097	0.930437	2.81225	2.04207	85.1843	
0.959701	-0.0371122	-0.278561	-0.0424346	0.960738	-0.274193	0.2778	0.274964	0.920446	3.09684	2.32303	86.1617	
0.954517	-0.0422556	-0.295147	-0.0479267	0.955289	-0.291764	0.294279	0.292639	0.909814	3.39893	2.62275	87.1282	
0.949036	-0.0477175	-0.311533	-0.0537333	0.949502	-0.309125	0.310552	0.310111	0.898548	3.71832	2.94104	88.0831	
0.943263	-0.0534941	-0.32771	-0.0598503	0.943382	-0.326264	0.326609	0.327366	0.886656	4.05478	3.27767	89.0258	
0.9372	-0.0595813	-0.343666	-0.0662734	0.936933	-0.343168	0.342438	0.344393	0.874145	4.40808	3.6324	89.9556	
0.930853	-0.0659749	-0.359389	-0.0729982	0.930159	-0.359826	0.358029	0.36118	0.861025	4.77797	4.00499	90.8719	
0.924225	-0.0726705	-0.374869	-0.0800199	0.923066	-0.376227	0.37337	0.377715	0.847305	5.16419	4.39517	91.774	
0.917322	-0.0796634	-0.390096	-0.0873336	0.915657	-0.392359	0.38845	0.393988	0.832995	5.56648	4.80267	92.6613	
0.910147	-0.0869487	-0.405057	-0.0949344	0.907938	-0.40821	0.40326	0.409985	0.818104	5.98455	5.22722	93.5332	
0.902707	-0.0945213	-0.419744	-0.102817	0.899916	-0.42377	0.417789	0.425697	0.802642	6.41811	5.66851	94.389	
0.895007	-0.102376	-0.434145	-0.110975	0.891594	-0.439027	0.432027	0.441112	0.786621	6.86687	6.12624	95.2282	
0.887051	-0.110507	-0.448251	-0.119404	0.882979	-0.453972	0.445964	0.456219	0.770052	7.3305	6.60008	96.0503	
0.878845	-0.118909	-0.462052	-0.128098	0.874077	-0.468593	0.459589	0.471009	0.752946	7.80869	7.08972	96.8545	
0.870395	-0.127577	-0.475538	-0.13705	0.864895	-0.482881	0.472895	0.48547	0.735316	8.3011	7.5948	97.6404	
0.861707	-0.136503	-0.4887	-0.146255	0.855438	-0.496825	0.485871	0.499593	0.717173	8.80738	8.11497	98.4074	
0.852787	-0.145682	-0.501529	-0.155705	0.845713	-0.510417	0.498508	0.513367	0.69853	9.3272	8.64987	99.155	
0.843641	-0.155108	-0.514015	-0.165395	0.835727	-0.523645	0.510798	0.526784	0.6794	9.86017	9.19914	99.8826	
0.834276	-0.164773	-0.52615	-0.175317	0.825487	-0.536502	0.522731	0.539834	0.659797	10.4059	9.76238	100.59	
