1	0	0	0	1	0	0	0	1	0	0	0	
0.999997	2.02102e-06	-0.00246769	2.02102e-06	0.999999	0.00163799	0.00246769	-0.00163799	0.999996	0.00103257	-0.00068539	0.836867	
0.999988	8.09912e-06	-0.00494033	8.09657e-06	0.999995	0.00327823	0.00494033	-0.00327823	0.999982	0.00413234	-0.00274251	1.67373	
0.999972	1.82559e-05	-0.00741786	1.82457e-05	0.999988	0.00492068	0.00741786	-0.00492068	0.99996	0.00930343	-0.00617321	2.51057	
0.999951	3.25127e-05	-0.00990019	3.2487e-05	0.999978	0.00656527	0.00990019	-0.00656527	0.999929	0.0165499	-0.0109793	3.3474	
0.999923	5.08902e-05	-0.0123872	5.08388e-05	0.999966	0.00821195	0.0123872	-0.00821195	0.99989	0.0258757	-0.0171626	4.18419	
0.999889	7.3409e-05	-0.0148789	7.3319e-05	0.999951	0.00986067	0.0148789	-0.00986067	0.999841	0.0372849	-0.0247248	5.02095	
0.999849	0.000100089	-0.0173752	9.9945e-05	0.999934	0.0115114	0.0173752	-0.0115114	0.999783	0.0507811	-0.0336676	5.85766	
0.999802	0.000130951	-0.019876	0.000130734	0.999913	0.013164	0.019876	-0.013164	0.999716	0.0663683	-0.0439927	6.69432	
0.999749	0.000166012	-0.0223812	0.000165702	0.99989	0.0148185	0.0223812	-0.0148185	0.99964	0.0840502	-0.0557015	7.53092	
0.99969	0.000205294	-0.0248907	0.000204866	0.999864	0.0164748	0.0248907	-0.0164748	0.999554	0.10383	-0.0687957	8.36745	
0.999624	0.000248813	-0.0274044	0.000248242	0.999836	0.0181329	0.0274044	-0.0181328	0.99946	0.125712	-0.0832767	9.20391	
0.999552	0.000296588	-0.0299224	0.000295845	0.999804	0.0197926	0.0299224	-0.0197926	0.999356	0.1497	-0.099146	10.0403	
0.999473	0.000348637	-0.0324444	0.00034769	0.99977	0.021454	0.0324444	-0.021454	0.999243	0.175796	-0.116405	10.8766	
0.999388	0.000404978	-0.0349705	0.000403792	0.999733	0.0231171	0.0349705	-0.023117	0.999121	0.204005	-0.135055	11.7127	
0.999297	0.000465626	-0.0375004	0.000464165	0.999693	0.0247816	0.0375005	-0.0247816	0.998989	0.234329	-0.155098	12.5488	
0.999198	0.0005306	-0.0400343	0.000528822	0.99965	0.0264477	0.0400343	-0.0264476	0.998848	0.266773	-0.176534	13.3848	
0.999093	0.000599915	-0.0425719	0.000597779	0.999605	0.0281151	0.0425719	-0.0281151	0.998698	0.301338	-0.199365	14.2206	
0.998982	0.000673587	-0.0451132	0.000671046	0.999556	0.029784	0.0451133	-0.0297839	0.998538	0.338029	-0.223592	15.0563	
0.998863	0.000751631	-0.0476582	0.000748638	0.999505	0.0314541	0.0476582	-0.031454	0.998368	0.376847	-0.249216	15.8919	
0.998739	0.000834063	-0.0502067	0.000830566	0.999451	0.0331255	0.0502067	-0.0331254	0.998189	0.417797	-0.276238	16.7273	
0.998607	0.000920897	-0.0527586	0.000916842	0.999394	0.0347982	0.0527587	-0.0347981	0.998001	0.460882	-0.304659	17.5626	
0.998468	0.00101215	-0.055314	0.00100748	0.999334	0.036472	0.055314	-0.0364718	0.997803	0.506103	-0.334481	18.3977	
0.998323	0.00110783	-0.0578726	0.00110248	0.999272	0.0381468	0.0578727	-0.0381467	0.997595	0.553464	-0.365704	19.2327	
0.998171	0.00120795	-0.0604344	0.00120187	0.999206	0.0398228	0.0604346	-0.0398226	0.997377	0.602968	-0.398329	20.0674	
0.998013	0.00131253	-0.0629994	0.00130565	0.999138	0.0414997	0.0629996	-0.0414995	0.99715	0.654617	-0.432357	20.902	
0.997847	0.00142159	-0.0655675	0.00141383	0.999066	0.0431776	0.0655676	-0.0431773	0.996914	0.708414	-0.467789	21.7364	
0.997675	0.00153512	-0.0681385	0.00152642	0.998992	0.0448563	0.0681387	-0.044856	0.996667	0.764362	-0.504625	22.5706	
0.997495	0.00165314	-0.0707124	0.00164343	0.998915	0.0465359	0.0707127	-0.0465355	0.996411	0.822462	-0.542866	23.4046	
0.997309	0.00177568	-0.0732892	0.00176487	0.998835	0.0482162	0.0732895	-0.0482158	0.996145	0.882717	-0.582514	24.2383	
0.997116	0.00190272	-0.0758687	0.00189074	0.998753	0.0498973	0.075869	-0.0498968	0.995869	0.945131	-0.623567	25.0719	
0.996916	0.0020343	-0.0784508	0.00202106	0.998667	0.051579	0.0784512	-0.0515785	0.995583	1.0097	-0.666028	25.9051	
0.996709	0.00217041	-0.0810356	0.00215583	0.998578	0.0532613	0.081036	-0.0532607	0.995287	1.07644	-0.709897	26.7382	
0.996495	0.00231107	-0.0836228	0.00229506	0.998487	0.0549442	0.0836233	-0.0549435	0.994982	1.14534	-0.755173	27.571	
0.996274	0.00245628	-0.0862125	0.00243875	0.998392	0.0566276	0.086213	-0.0566268	0.994666	1.2164	-0.801858	28.4035	
0.996046	0.00260607	-0.0888044	0.00258692	0.998295	0.0583114	0.088805	-0.0583106	0.994341	1.28964	-0.849952	29.2358	
0.995811	0.00276042	-0.0913987	0.00273956	0.998195	0.0599957	0.0913993	-0.0599947	0.994005	1.36504	-0.899455	30.0678	
0.995568	0.00291936	-0.0939951	0.00289669	0.998092	0.0616802	0.0939958	-0.0616792	0.99366	1.44262	-0.950367	30.8995	
0.995319	0.00308289	-0.0965936	0.0030583	0.997986	0.0633651	0.0965944	-0.0633639	0.993305	1.52237	-1.00269	31.7309	
0.995063	0.00325102	-0.0991942	0.0032244	0.997877	0.0650502	0.099195	-0.0650489	0.99294	1.60429	-1.05642	32.562	
0.994799	0.00342375	-0.101797	0.003395	0.997765	0.0667355	0.101798	-0.066734	0.992564	1.68839	-1.11156	33.3928	
0.994529	0.00360109	-0.104401	0.0035701	0.99765	0.0684209	0.104402	-0.0684192	0.992179	1.77467	-1.16812	34.2233	
0.994251	0.00378305	-0.107007	0.00374971	0.997532	0.0701063	0.107008	-0.0701045	0.991784	1.86314	-1.22608	35.0535	
0.993966	0.00396964	-0.109615	0.00393382	0.997412	0.0717918	0.109616	-0.0717899	0.991378	1.95378	-1.28545	35.8833	
0.993674	0.00416086	-0.112224	0.00412244	0.997288	0.0734773	0.112226	-0.0734751	0.990963	2.0466	-1.34624	36.7128	
0.993375	0.00435671	-0.114835	0.00431556	0.997162	0.0751627	0.114837	-0.0751603	0.990537	2.14162	-1.40843	37.5419	
0.993069	0.0045572	-0.117448	0.00451321	0.997033	0.0768479	0.117449	-0.0768453	0.990101	2.23881	-1.47204	38.3707	
0.992755	0.00476233	-0.120061	0.00471536	0.9969	0.0785329	0.120063	-0.0785301	0.989655	2.3382	-1.53705	39.1991	
0.992434	0.00497211	-0.122676	0.00492203	0.996765	0.0802177	0.122678	-0.0802147	0.989199	2.43977	-1.60348	40.0271	
0.992106	0.00518654	-0.125293	0.00513322	0.996627	0.0819023	0.125295	-0.0818989	0.988733	2.54353	-1.67131	40.8547	
0.991771	0.00540563	-0.12791	0.00534892	0.996486	0.0835864	0.127912	-0.0835828	0.988257	2.64948	-1.74055	41.682	
0.991429	0.00562937	-0.130528	0.00556914	0.996342	0.0852702	0.130531	-0.0852662	0.987771	2.75762	-1.8112	42.5088	
0.991079	0.00585777	-0.133148	0.00579387	0.996196	0.0869535	0.133151	-0.0869492	0.987274	2.86795	-1.88327	43.3352	
0.990722	0.00609083	-0.135768	0.00602312	0.996046	0.0886363	0.135771	-0.0886316	0.986768	2.98048	-1.95673	44.1612	
0.990358	0.00632855	-0.138389	0.00625688	0.995893	0.0903185	0.138392	-0.0903135	0.986251	3.0952	-2.03161	44.9868	
0.989986	0.00657094	-0.141011	0.00649514	0.995738	0.0920001	0.141015	-0.0919948	0.985724	3.21211	-2.1079	45.812	
0.989607	0.00681799	-0.143633	0.00673792	0.995579	0.0936811	0.143637	-0.0936753	0.985187	3.33122	-2.18559	46.6367	
0.989221	0.0070697	-0.146257	0.0069852	0.995418	0.0953614	0.146261	-0.0953552	0.98464	3.45252	-2.26468	47.4609	
0.988506	0.00752746	-0.150995	0.0069115	0.995465	0.0948733	0.151024	-0.0948264	0.983971	3.57692	-2.34426	48.2846	
0.987766	0.00798334	-0.155737	0.00683621	0.995512	0.0943906	0.155791	-0.0943005	0.983278	3.7053	-2.4234	49.1078	
0.987003	0.0084373	-0.160482	0.00675937	0.995557	0.0939131	0.160561	-0.0937772	0.982561	3.83767	-2.5021	49.9304	
0.986215	0.00888933	-0.165229	0.00668098	0.995602	0.0934406	0.165333	-0.0932564	0.981819	3.97404	-2.58036	50.7524	
0.985403	0.00933941	-0.169979	0.00660107	0.995647	0.0929729	0.170108	-0.0927379	0.981052	4.1144	-2.65819	51.5737	
0.984568	0.00978752	-0.174731	0.00651964	0.99569	0.09251	0.174883	-0.0922215	0.980261	4.25876	-2.73558	52.3944	
0.983708	0.0102336	-0.179484	0.0064367	0.995733	0.0920516	0.17966	-0.0917071	0.979445	4.40711	-2.81254	53.2144	
0.982824	0.0106777	-0.184238	0.00635227	0.995776	0.0915975	0.184438	-0.0911946	0.978604	4.55946	-2.88907	54.0337	
0.981915	0.0111198	-0.188993	0.00626635	0.995818	0.0911477	0.189216	-0.0906836	0.977739	4.71581	-2.96518	54.8523	
0.980983	0.0115598	-0.193748	0.00617894	0.995859	0.0907018	0.193995	-0.0901741	0.976849	4.87616	-3.04086	55.6702	
0.980027	0.0119977	-0.198504	0.00609003	0.9959	0.0902598	0.198773	-0.0896659	0.975935	5.04051	-3.11611	56.4873	
0.979046	0.0124335	-0.203258	0.00599964	0.99594	0.0898215	0.20355	-0.0891589	0.974997	5.20885	-3.19093	57.3036	
0.978042	0.0128672	-0.208012	0.00590775	0.995979	0.0893867	0.208326	-0.0886528	0.974033	5.3812	-3.26534	58.1192	
0.977013	0.0132987	-0.212764	0.00581435	0.996019	0.0889551	0.2131	-0.0881474	0.973046	5.55754	-3.33932	58.9339	
0.975961	0.013728	-0.217515	0.00571944	0.996057	0.0885268	0.217872	-0.0876427	0.972034	5.73787	-3.41287	59.7478	
0.974884	0.0141552	-0.222263	0.00562301	0.996096	0.0881014	0.222642	-0.0871384	0.970998	5.9222	-3.48601	60.5608	
0.973783	0.0145801	-0.227009	0.00552502	0.996133	0.0876789	0.22741	-0.0866344	0.969938	6.11051	-3.55872	61.373	
0.972659	0.0150028	-0.231752	0.00542548	0.996171	0.0872589	0.232174	-0.0861306	0.968853	6.30282	-3.63101	62.1842	
0.971511	0.0154232	-0.236492	0.00532435	0.996208	0.0868414	0.236935	-0.0856266	0.967745	6.49911	-3.70288	62.9946	
0.970339	0.0158412	-0.241229	0.00522162	0.996245	0.0864263	0.241692	-0.0851224	0.966612	6.69939	-3.77433	63.804	
0.969143	0.016257	-0.245961	0.00511726	0.996281	0.0860132	0.246445	-0.0846178	0.965456	6.90364	-3.84535	64.6124	
0.967924	0.0166704	-0.250689	0.00501124	0.996317	0.0856021	0.251193	-0.0841126	0.964276	7.11187	-3.91596	65.4199	
0.966681	0.0170814	-0.255412	0.00490352	0.996352	0.0851927	0.255936	-0.0836066	0.963072	7.32407	-3.98613	66.2264	
0.965415	0.01749	-0.26013	0.00479408	0.996388	0.0847849	0.260673	-0.0830997	0.961844	7.54024	-4.05589	67.0318	
0.964126	0.0178962	-0.264842	0.00468288	0.996423	0.0843785	0.265405	-0.0825917	0.960593	7.76037	-4.12522	67.8362	
0.962813	0.0182998	-0.269549	0.00456988	0.996458	0.0839734	0.270131	-0.0820825	0.959318	7.98445	-4.19413	68.6396	
0.961477	0.018701	-0.274249	0.00445504	0.996492	0.0835694	0.27485	-0.0815718	0.958021	8.21249	-4.26261	69.4419	
0.960118	0.0190997	-0.278943	0.00433831	0.996526	0.0831663	0.279563	-0.0810595	0.9567	8.44448	-4.33066	70.243	
0.958736	0.0194958	-0.28363	0.00421965	0.99656	0.0827639	0.284268	-0.0805455	0.955356	8.68041	-4.39828	71.0431	
0.95434	0.0205992	-0.298013	-7.61119e-06	0.997621	0.0689332	0.298724	-0.0657834	0.95207	8.92436	-4.45951	71.8413	
0.949726	0.0214798	-0.312343	-0.00444357	0.998468	0.0551531	0.31305	-0.0509925	0.948367	9.18035	-4.50837	72.6365	
0.944898	0.0221371	-0.326615	-0.00908628	0.9991	0.0414298	0.327238	-0.0361793	0.944249	9.44828	-4.54485	73.4285	
0.939857	0.0225709	-0.340821	-0.0139337	0.999517	0.0277692	0.341283	-0.0213502	0.939718	9.72802	-4.56892	74.2168	
0.934605	0.022781	-0.354956	-0.0189838	0.999719	0.0141773	0.355179	-0.00651179	0.934776	10.0195	-4.58058	75.0012	
0.929145	0.0227673	-0.369013	-0.0242342	0.999706	0.000660036	0.36892	0.00832946	0.929424	10.3225	-4.57982	75.7813	
0.923479	0.0225298	-0.382987	-0.0296827	0.999478	-0.0127767	0.382499	0.0231671	0.923666	10.6369	-4.56664	76.5567	
0.917609	0.0220686	-0.39687	-0.0353269	0.999034	-0.0261269	0.39591	0.0379945	0.917503	10.9626	-4.54105	77.3271	
0.911539	0.0213839	-0.410658	-0.0411644	0.998376	-0.0393849	0.409149	0.0528054	0.910939	11.2995	-4.50305	78.0923	
0.90527	0.0204761	-0.424343	-0.0471925	0.997503	-0.0525448	0.422208	0.0675931	0.903976	11.6474	-4.45267	78.8517	
0.898805	0.0193454	-0.437921	-0.0534087	0.996416	-0.0656009	0.435082	0.0823512	0.896617	12.0061	-4.38993	79.6052	
0.892148	0.0179924	-0.451384	-0.0598102	0.995115	-0.0785474	0.447766	0.0970733	0.888866	12.3755	-4.31485	80.3523	
0.885301	0.0164177	-0.464728	-0.0663943	0.9936	-0.0913787	0.460254	0.111753	0.880726	12.7555	-4.22747	81.0928	
