1	0	0	0	1	0	0	0	1	0	0	0	
0.99999	-3.25094e-07	0.00456428	-3.25094e-07	1	0.00014245	-0.00456428	-0.00014245	0.99999	-0.00187758	-5.8599e-05	0.822724	
0.999958	-1.29489e-06	0.00912914	-1.28356e-06	1	0.000282437	-0.00912914	-0.000282437	0.999958	-0.00751057	-0.000233382	1.64543	
0.999906	-2.89832e-06	0.0136945	-2.853e-06	1	0.000419955	-0.0136945	-0.000419954	0.999906	-0.0168994	-0.000522321	2.4681	
0.999833	-5.12428e-06	0.0182601	-5.01096e-06	1	0.000555001	-0.0182601	-0.000555	0.999833	-0.0300444	-0.000923383	3.29073	
0.999739	-7.96164e-06	0.0228261	-7.73498e-06	1	0.000687573	-0.0228261	-0.00068757	0.999739	-0.0469458	-0.00143453	4.11328	
0.999625	-1.13992e-05	0.0273922	-1.10026e-05	1	0.000817667	-0.0273922	-0.000817661	0.999624	-0.0676038	-0.00205373	4.93575	
0.999489	-1.54259e-05	0.0319583	-1.47912e-05	1	0.000945279	-0.0319583	-0.000945269	0.999489	-0.0920184	-0.00277894	5.75811	
0.999333	-2.00305e-05	0.0365244	-1.90783e-05	0.999999	0.00107041	-0.0365244	-0.00107039	0.999332	-0.12019	-0.00360811	6.58035	
0.999155	-2.52017e-05	0.0410903	-2.38413e-05	0.999999	0.00119305	-0.0410903	-0.00119302	0.999155	-0.152118	-0.00453919	7.40246	
0.998957	-3.09282e-05	0.045656	-2.90576e-05	0.999999	0.0013132	-0.045656	-0.00131316	0.998956	-0.187802	-0.00557015	8.22441	
0.998738	-3.71989e-05	0.0502212	-3.47046e-05	0.999999	0.00143086	-0.0502212	-0.0014308	0.998737	-0.227243	-0.00669891	9.04619	
0.998498	-4.40024e-05	0.054786	-4.07597e-05	0.999999	0.00154603	-0.054786	-0.00154594	0.998497	-0.270439	-0.00792344	9.86778	
0.998237	-5.13275e-05	0.0593502	-4.72002e-05	0.999999	0.0016587	-0.0593502	-0.00165858	0.998236	-0.31739	-0.00924167	10.6892	
0.997955	-5.91626e-05	0.0639138	-5.40034e-05	0.999998	0.00176888	-0.0639138	-0.00176871	0.997954	-0.368097	-0.0106515	11.5103	
0.997653	-6.74966e-05	0.0684765	-6.11466e-05	0.999998	0.00187655	-0.0684765	-0.00187633	0.997651	-0.422557	-0.012151	12.3312	
0.997329	-7.6318e-05	0.0730383	-6.86072e-05	0.999998	0.00198172	-0.0730383	-0.00198144	0.997327	-0.480772	-0.0137379	13.1519	
0.996985	-8.56154e-05	0.0775991	-7.63624e-05	0.999998	0.0020844	-0.0775991	-0.00208404	0.996982	-0.542738	-0.0154103	13.9723	
0.996619	-9.53775e-05	0.0821588	-8.43895e-05	0.999998	0.00218457	-0.0821589	-0.00218411	0.996617	-0.608457	-0.0171661	14.7924	
0.996233	-0.000105593	0.0867173	-9.26657e-05	0.999997	0.00228223	-0.0867174	-0.00228167	0.99623	-0.677927	-0.0190031	15.6122	
0.995826	-0.000116249	0.0912745	-0.000101168	0.999997	0.00237739	-0.0912745	-0.0023767	0.995823	-0.751146	-0.0209194	16.4316	
0.995398	-0.000127337	0.0958303	-0.000109875	0.999997	0.00247004	-0.0958303	-0.00246921	0.995395	-0.828115	-0.0229129	17.2508	
0.994949	-0.000138842	0.100384	-0.000118762	0.999997	0.00256019	-0.100385	-0.00255918	0.994945	-0.90883	-0.0249814	18.0695	
0.994479	-0.000150755	0.104937	-0.000127807	0.999996	0.00264783	-0.104937	-0.00264663	0.994475	-0.993292	-0.0271228	18.8879	
0.993988	-0.000163064	0.109488	-0.000136987	0.999996	0.00273297	-0.109488	-0.00273154	0.993984	-1.0815	-0.0293352	19.7059	
0.993476	-0.000175757	0.114037	-0.00014628	0.999996	0.0028156	-0.114037	-0.00281391	0.993473	-1.17345	-0.0316164	20.5234	
0.992944	-0.000188822	0.118584	-0.000155663	0.999996	0.00289572	-0.118584	-0.00289375	0.99294	-1.26914	-0.0339644	21.3406	
0.992391	-0.000202248	0.123129	-0.000165113	0.999996	0.00297333	-0.123129	-0.00297104	0.992386	-1.36857	-0.0363769	22.1573	
0.991816	-0.000216024	0.127672	-0.000174607	0.999995	0.00304845	-0.127672	-0.00304579	0.991812	-1.47174	-0.038852	22.9735	
0.991221	-0.000230137	0.132212	-0.000184122	0.999995	0.00312105	-0.132213	-0.003118	0.991216	-1.57865	-0.0413876	23.7892	
0.990605	-0.000244577	0.136751	-0.000193636	0.999995	0.00319115	-0.136751	-0.00318765	0.9906	-1.68929	-0.0439815	24.6045	
0.989969	-0.000259331	0.141286	-0.000203126	0.999995	0.00325875	-0.141287	-0.00325476	0.989963	-1.80367	-0.0466317	25.4192	
0.989311	-0.000274387	0.14582	-0.000212569	0.999994	0.00332385	-0.14582	-0.00331932	0.989306	-1.92177	-0.049336	26.2334	
0.988633	-0.000289735	0.15035	-0.000221942	0.999994	0.00338645	-0.15035	-0.00338133	0.988627	-2.04361	-0.0520924	27.0471	
0.987934	-0.000305363	0.154878	-0.000231223	0.999994	0.00344655	-0.154878	-0.00344077	0.987928	-2.16917	-0.0548988	27.8602	
0.987214	-0.000321258	0.159403	-0.000240389	0.999994	0.00350415	-0.159403	-0.00349767	0.987207	-2.29845	-0.057753	28.6727	
0.986473	-0.00033741	0.163925	-0.000249417	0.999994	0.00355926	-0.163925	-0.003552	0.986466	-2.43146	-0.060653	29.4846	
0.985711	-0.000353805	0.168443	-0.000258284	0.999993	0.00361188	-0.168443	-0.00360377	0.985705	-2.56818	-0.0635967	30.2958	
0.984929	-0.000370434	0.172959	-0.000266968	0.999993	0.003662	-0.172959	-0.00365299	0.984922	-2.70862	-0.0665818	31.1065	
0.984126	-0.000387283	0.177471	-0.000275446	0.999993	0.00370964	-0.177471	-0.00369963	0.984119	-2.85278	-0.0696064	31.9165	
0.983302	-0.000404341	0.18198	-0.000283695	0.999993	0.00375479	-0.18198	-0.00374372	0.983295	-3.00064	-0.0726684	32.7258	
0.982458	-0.000421597	0.186485	-0.000291693	0.999993	0.00379746	-0.186486	-0.00378524	0.98245	-3.15221	-0.0757655	33.5344	
0.981592	-0.000439039	0.190987	-0.000299417	0.999993	0.00383765	-0.190987	-0.00382419	0.981585	-3.30749	-0.0788958	34.3424	
0.980707	-0.000456654	0.195485	-0.000306844	0.999992	0.00387536	-0.195485	-0.00386057	0.980699	-3.46647	-0.082057	35.1496	
0.9798	-0.000474431	0.199979	-0.000313952	0.999992	0.0039106	-0.19998	-0.00389439	0.979792	-3.62915	-0.0852471	35.9561	
0.978873	-0.000492359	0.20447	-0.000320718	0.999992	0.00394336	-0.20447	-0.00392563	0.978865	-3.79553	-0.088464	36.7618	
0.977925	-0.000510425	0.208956	-0.00032712	0.999992	0.00397366	-0.208956	-0.0039543	0.977917	-3.9656	-0.0917055	37.5667	
0.976956	-0.000528618	0.213438	-0.000333136	0.999992	0.0040015	-0.213438	-0.0039804	0.976948	-4.13936	-0.0949696	38.3709	
0.975967	-0.000546925	0.217916	-0.000338741	0.999992	0.00402688	-0.217916	-0.00400392	0.975959	-4.3168	-0.098254	39.1743	
0.974958	-0.000565336	0.222389	-0.000343915	0.999992	0.00404981	-0.22239	-0.00402487	0.97495	-4.49793	-0.101557	39.9768	
0.973928	-0.000583838	0.226859	-0.000348635	0.999992	0.00407028	-0.226859	-0.00404325	0.973919	-4.68273	-0.104876	40.7785	
0.972877	-0.000602419	0.231323	-0.000352878	0.999992	0.00408831	-0.231324	-0.00405905	0.972868	-4.87121	-0.108209	41.5793	
0.971805	-0.000621068	0.235783	-0.000356622	0.999992	0.0041039	-0.235784	-0.00407227	0.971797	-5.06336	-0.111554	42.3793	
0.970714	-0.000639772	0.240238	-0.000359844	0.999991	0.00411705	-0.240239	-0.00408292	0.970705	-5.25918	-0.114908	43.1784	
0.969601	-0.000658521	0.244689	-0.000362523	0.999991	0.00412776	-0.244689	-0.00409099	0.969593	-5.45867	-0.118271	43.9765	
0.968469	-0.000677301	0.249134	-0.000364635	0.999991	0.00413605	-0.249135	-0.00409648	0.96846	-5.66181	-0.121639	44.7738	
0.967316	-0.000696101	0.253575	-0.00036616	0.999991	0.00414192	-0.253575	-0.0040994	0.967307	-5.8686	-0.12501	45.5701	
0.965558	-0.000717252	0.260188	0.000150759	0.999998	0.0021972	-0.260189	-0.00208229	0.965555	-6.07995	-0.127553	46.3652	
0.963753	-0.000724614	0.266794	0.000680236	1	0.000258755	-0.266794	-6.78934e-05	0.963754	-6.29673	-0.128438	47.1589	
0.961903	-0.000718187	0.273392	0.00122225	0.999998	-0.00167341	-0.27339	0.00194381	0.961901	-6.51894	-0.127666	47.951	
0.960005	-0.000697971	0.279981	0.00177677	0.999992	-0.00359932	-0.279976	0.00395283	0.959999	-6.74658	-0.12524	48.7416	
0.958062	-0.000663967	0.286561	0.00234377	0.999982	-0.00551899	-0.286552	0.00595917	0.958046	-6.97963	-0.121163	49.5306	
0.956072	-0.000616178	0.293131	0.00292325	0.999968	-0.00743243	-0.293117	0.00796284	0.956043	-7.21809	-0.115436	50.318	
0.954036	-0.000554608	0.299691	0.00351516	0.99995	-0.00933966	-0.299671	0.00996384	0.953991	-7.46194	-0.108062	51.1037	
0.951954	-0.000479262	0.30624	0.00411951	0.999928	-0.0112407	-0.306213	0.0119622	0.951888	-7.71118	-0.099042	51.8877	
0.949826	-0.000390144	0.312778	0.00473627	0.999903	-0.0131356	-0.312743	0.0139579	0.949735	-7.96579	-0.0883793	52.67	
0.947652	-0.000287262	0.319305	0.00536542	0.999873	-0.0150243	-0.31926	0.015951	0.947533	-8.22578	-0.0760759	53.4505	
0.945432	-0.000170623	0.325819	0.00600695	0.999839	-0.0169068	-0.325763	0.0179414	0.945281	-8.49112	-0.0621337	54.2291	
0.943167	-4.0235e-05	0.33232	0.00666084	0.999801	-0.0187833	-0.332253	0.0199293	0.94298	-8.7618	-0.046555	55.0059	
0.940856	0.000103892	0.338808	0.0073271	0.99976	-0.0206536	-0.338729	0.0219146	0.940629	-9.03782	-0.0293419	55.7807	
0.938499	0.000261747	0.345282	0.0080057	0.999714	-0.0225179	-0.345189	0.0238972	0.938229	-9.31916	-0.0104965	56.5536	
0.936097	0.000433319	0.351742	0.00869664	0.999665	-0.0243761	-0.351634	0.0258773	0.93578	-9.60581	0.00997905	57.3245	
0.93365	0.000618597	0.358186	0.00939991	0.999612	-0.0262282	-0.358064	0.0278549	0.933282	-9.89776	0.0320826	58.0934	
0.931158	0.000817567	0.364616	0.0101155	0.999555	-0.0280743	-0.364477	0.0298299	0.930735	-10.195	0.0558121	58.8602	
0.92862	0.00103021	0.37103	0.0108434	0.999494	-0.0299144	-0.370872	0.0318023	0.928139	-10.4975	0.0811655	59.6249	
0.926039	0.00125653	0.377427	0.0115837	0.999429	-0.0317485	-0.377251	0.0337723	0.925495	-10.8052	0.108141	60.3874	
0.923412	0.00149648	0.383807	0.0123362	0.99936	-0.0335766	-0.383612	0.0357398	0.922803	-11.1182	0.136735	61.1477	
0.920741	0.00175007	0.39017	0.0131011	0.999287	-0.0353988	-0.389954	0.0377047	0.920062	-11.4364	0.166948	61.9058	
0.918026	0.00201728	0.396515	0.0138783	0.999211	-0.037215	-0.396278	0.0396673	0.917273	-11.7599	0.198776	62.6616	
0.915266	0.00229808	0.402842	0.0146678	0.999131	-0.0390252	-0.402582	0.0416273	0.914437	-12.0885	0.232218	63.4151	
0.912463	0.00259245	0.409151	0.0154696	0.999046	-0.0408296	-0.408866	0.0435849	0.911553	-12.4223	0.267271	64.1663	
0.909616	0.00290039	0.415439	0.0162838	0.998958	-0.0426281	-0.41513	0.0455401	0.908621	-12.7613	0.303934	64.915	
0.906726	0.00322185	0.421708	0.0171103	0.998866	-0.0444207	-0.421373	0.047493	0.905643	-13.1054	0.342205	65.6614	
0.903792	0.00355684	0.427957	0.0179492	0.998771	-0.0462074	-0.427595	0.0494434	0.902617	-13.4546	0.382081	66.4052	
0.900815	0.00390531	0.434185	0.0188004	0.998671	-0.0479883	-0.433796	0.0513914	0.899544	-13.809	0.423561	67.1466	
0.897795	0.00426726	0.440392	0.019664	0.998567	-0.0497633	-0.439974	0.0533372	0.896425	-14.1684	0.466643	67.8854	
0.894733	0.00464265	0.446578	0.02054	0.99846	-0.0515325	-0.446129	0.0552805	0.89326	-14.5329	0.511324	68.6216	
0.891628	0.00503146	0.452741	0.0214283	0.998349	-0.0532959	-0.452261	0.0572216	0.890048	-14.9025	0.557604	69.3552	
0.884377	0.00603835	0.466734	0.0274782	0.997509	-0.0649715	-0.465964	0.0702844	0.882008	-15.2802	0.610057	70.0842	
0.876911	0.0072513	0.480598	0.0337074	0.996497	-0.0765387	-0.479469	0.0833174	0.873595	-15.6691	0.673245	70.8064	
0.869234	0.00866982	0.494326	0.0401133	0.995313	-0.0879926	-0.492772	0.0963151	0.864812	-16.0691	0.747142	71.5215	
0.861348	0.0102933	0.507912	0.046693	0.993959	-0.0993283	-0.505866	0.109272	0.855663	-16.4799	0.831716	72.2293	
0.853257	0.012121	0.521351	0.0534439	0.992434	-0.110541	-0.518746	0.122183	0.846153	-16.9014	0.926932	72.9294	
0.844964	0.0141523	0.534636	0.060363	0.990739	-0.121626	-0.531406	0.135042	0.836284	-17.3334	1.03275	73.6215	
0.836473	0.0163862	0.547763	0.0674476	0.988875	-0.132579	-0.543842	0.147844	0.826062	-17.7758	1.14912	74.3053	
0.827787	0.0188217	0.560726	0.0746944	0.986843	-0.143395	-0.556048	0.160583	0.81549	-18.2282	1.276	74.9806	
0.818911	0.021458	0.57352	0.0821006	0.984643	-0.154069	-0.568018	0.173255	0.804573	-18.6906	1.41334	75.6471	
0.809847	0.0242938	0.586138	0.0896629	0.982277	-0.164597	-0.579748	0.185853	0.793316	-19.1628	1.56107	76.3044	
0.8006	0.0273279	0.598575	0.0973782	0.979746	-0.174974	-0.591233	0.198373	0.781723	-19.6445	1.71913	76.9524	
0.791174	0.0305591	0.610827	0.105243	0.97705	-0.185197	-0.602468	0.210808	0.7698	-20.1356	1.88746	77.5906	
