1	0	0	0	1	0	0	0	1	0	0	0	
1	2.6431e-07	-0.000505136	2.6431e-07	0.999999	0.00104649	0.000505136	-0.00104649	0.999999	0.000198866	-0.000411988	0.787374	
0.999999	1.063e-06	-0.00101306	1.06287e-06	0.999998	0.00209847	0.00101306	-0.00209847	0.999997	0.000796558	-0.00165012	1.57475	
0.999999	2.40469e-06	-0.00152374	2.40414e-06	0.999995	0.00315592	0.00152374	-0.00315592	0.999994	0.00179526	-0.0037187	2.36212	
0.999998	4.29795e-06	-0.00203719	4.29658e-06	0.999991	0.0042188	0.00203719	-0.0042188	0.999989	0.00319716	-0.00662204	3.14948	
0.999997	6.75135e-06	-0.00255337	6.74859e-06	0.999986	0.00528707	0.00255337	-0.00528707	0.999983	0.0050044	-0.0103644	3.93685	
0.999995	9.77344e-06	-0.00307227	9.76859e-06	0.99998	0.0063607	0.00307227	-0.0063607	0.999975	0.00721913	-0.0149499	4.7242	
0.999994	1.33727e-05	-0.00359388	1.33649e-05	0.999972	0.00743966	0.00359388	-0.00743966	0.999966	0.00984351	-0.020383	5.51155	
0.999992	1.75578e-05	-0.00411818	1.7546e-05	0.999964	0.00852391	0.00411818	-0.00852391	0.999955	0.0128796	-0.0266676	6.2989	
0.999989	2.2337e-05	-0.00464515	2.23201e-05	0.999954	0.00961341	0.00464515	-0.00961341	0.999943	0.0163297	-0.033808	7.08623	
0.999987	2.77188e-05	-0.00517479	2.76954e-05	0.999943	0.0107081	0.00517479	-0.0107081	0.999929	0.0201956	-0.0418084	7.87355	
0.999984	3.37117e-05	-0.00570707	3.36804e-05	0.99993	0.011808	0.00570707	-0.011808	0.999914	0.0244797	-0.0506727	8.66087	
0.999981	4.03241e-05	-0.00624198	4.02832e-05	0.999917	0.0129131	0.00624198	-0.0129131	0.999897	0.0291839	-0.0604051	9.44817	
0.999977	4.75643e-05	-0.0067795	4.7512e-05	0.999902	0.0140233	0.0067795	-0.0140233	0.999879	0.0343102	-0.0710095	10.2355	
0.999973	5.54407e-05	-0.00731961	5.5375e-05	0.999885	0.0151385	0.00731961	-0.0151385	0.999859	0.0398609	-0.0824901	11.0227	
0.999969	6.39616e-05	-0.00786231	6.38803e-05	0.999868	0.0162588	0.00786231	-0.0162588	0.999837	0.0458378	-0.0948508	11.81	
0.999965	7.31352e-05	-0.00840757	7.3036e-05	0.999849	0.0173841	0.00840757	-0.0173841	0.999814	0.052243	-0.108096	12.5972	
0.99996	8.29699e-05	-0.00895537	8.28502e-05	0.999829	0.0185143	0.00895537	-0.0185143	0.999788	0.0590786	-0.122228	13.3844	
0.999955	9.34737e-05	-0.00950571	9.3331e-05	0.999807	0.0196495	0.00950571	-0.0196495	0.999762	0.0663465	-0.137253	14.1716	
0.999949	0.000104655	-0.0100586	0.000104486	0.999784	0.0207896	0.0100586	-0.0207896	0.999733	0.0740487	-0.153173	14.9588	
0.999944	0.000116522	-0.0106139	0.000116324	0.999759	0.0219345	0.0106139	-0.0219345	0.999703	0.0821872	-0.169993	15.746	
0.999938	0.000129082	-0.0111717	0.000128852	0.999734	0.0230843	0.0111717	-0.0230843	0.999671	0.0907639	-0.187716	16.5331	
0.999931	0.000142344	-0.011732	0.000142078	0.999706	0.0242388	0.011732	-0.0242388	0.999637	0.0997808	-0.206347	17.3202	
0.999924	0.000156315	-0.0122948	0.00015601	0.999677	0.0253981	0.0122948	-0.0253981	0.999602	0.10924	-0.225888	18.1073	
0.999917	0.000171005	-0.0128599	0.000170657	0.999647	0.0265621	0.0128599	-0.0265621	0.999564	0.119143	-0.246344	18.8943	
0.99991	0.00018642	-0.0134275	0.000186024	0.999615	0.0277308	0.0134275	-0.0277308	0.999525	0.129492	-0.267719	19.6813	
0.999902	0.000202568	-0.0139975	0.000202121	0.999582	0.0289041	0.0139975	-0.0289041	0.999484	0.140289	-0.290015	20.4683	
0.999894	0.000219457	-0.0145698	0.000218955	0.999547	0.030082	0.0145699	-0.030082	0.999441	0.151535	-0.313237	21.2553	
0.999885	0.000237096	-0.0151446	0.000236533	0.999511	0.0312644	0.0151446	-0.0312644	0.999396	0.163234	-0.337388	22.0422	
0.999876	0.000255492	-0.0157216	0.000254863	0.999473	0.0324514	0.0157216	-0.0324514	0.99935	0.175385	-0.362473	22.829	
0.999867	0.000274652	-0.016301	0.000273953	0.999434	0.0336429	0.016301	-0.0336429	0.999301	0.187992	-0.388493	23.6159	
0.999857	0.000294584	-0.0168827	0.00029381	0.999393	0.0348388	0.0168827	-0.0348388	0.99925	0.201056	-0.415453	24.4027	
0.999847	0.000315296	-0.0174667	0.000314441	0.99935	0.0360391	0.0174667	-0.0360391	0.999198	0.214579	-0.443357	25.1895	
0.999837	0.000336795	-0.018053	0.000335854	0.999306	0.0372438	0.018053	-0.0372438	0.999143	0.228563	-0.472208	25.9762	
0.999826	0.00035909	-0.0186415	0.000358055	0.99926	0.0384528	0.0186415	-0.0384528	0.999087	0.243009	-0.502008	26.7629	
0.999815	0.000382186	-0.0192323	0.000381053	0.999213	0.0396661	0.0192323	-0.0396661	0.999028	0.257919	-0.532763	27.5495	
0.999803	0.000406092	-0.0198252	0.000404854	0.999164	0.0408836	0.0198253	-0.0408836	0.998967	0.273296	-0.564474	28.3361	
0.999791	0.000430815	-0.0204204	0.000429466	0.999113	0.0421054	0.0204204	-0.0421054	0.998904	0.28914	-0.597146	29.1226	
0.999779	0.000456363	-0.0210178	0.000454895	0.999061	0.0433313	0.0210178	-0.0433313	0.99884	0.305454	-0.630781	29.9091	
0.999766	0.000482742	-0.0216173	0.000481148	0.999007	0.0445614	0.0216174	-0.0445614	0.998773	0.322239	-0.665383	30.6955	
0.999753	0.000509959	-0.022219	0.000508233	0.998951	0.0457956	0.022219	-0.0457955	0.998704	0.339496	-0.700955	31.4819	
0.999739	0.000538022	-0.0228228	0.000536156	0.998893	0.0470338	0.0228229	-0.0470338	0.998633	0.357229	-0.737501	32.2682	
0.999725	0.000566938	-0.0234287	0.000564924	0.998834	0.048276	0.0234288	-0.048276	0.998559	0.375437	-0.775023	33.0545	
0.999711	0.000596714	-0.0240368	0.000594544	0.998773	0.0495222	0.0240368	-0.0495222	0.998484	0.394124	-0.813525	33.8407	
0.999696	0.000627357	-0.0246469	0.000625022	0.99871	0.0507724	0.0246469	-0.0507723	0.998406	0.41329	-0.85301	34.6269	
0.999681	0.000658872	-0.025259	0.000656366	0.998645	0.0520264	0.0252591	-0.0520264	0.998326	0.432938	-0.89348	35.4129	
0.999665	0.000691268	-0.0258732	0.000688581	0.998579	0.0532843	0.0258733	-0.0532843	0.998244	0.453068	-0.93494	36.199	
0.999649	0.000724552	-0.0264894	0.000721674	0.998511	0.054546	0.0264895	-0.054546	0.99816	0.473682	-0.977391	36.9849	
0.999632	0.000758728	-0.0271076	0.000755651	0.998441	0.0558115	0.0271077	-0.0558115	0.998073	0.494783	-1.02084	37.7708	
0.999615	0.000793805	-0.0277278	0.00079052	0.998369	0.0570808	0.0277279	-0.0570807	0.997984	0.516371	-1.06528	38.5566	
0.999598	0.000829789	-0.02835	0.000826285	0.998296	0.0583537	0.0283501	-0.0583536	0.997893	0.538448	-1.11073	39.3424	
0.99958	0.000866686	-0.0289741	0.000862954	0.99822	0.0596303	0.0289742	-0.0596302	0.9978	0.561016	-1.15718	40.1281	
0.999561	0.000904502	-0.0296001	0.000900532	0.998143	0.0609105	0.0296003	-0.0609104	0.997704	0.584076	-1.20463	40.9137	
0.999543	0.000943244	-0.0302281	0.000939025	0.998064	0.0621943	0.0302282	-0.0621942	0.997606	0.60763	-1.2531	41.6992	
0.999523	0.000982918	-0.0308579	0.00097844	0.997983	0.0634816	0.0308581	-0.0634815	0.997506	0.631678	-1.30257	42.4847	
0.999415	0.00119877	-0.0341885	0.00105397	0.997832	0.0657976	0.0341932	-0.0657951	0.997247	0.657288	-1.35347	43.27	
0.999295	0.00142241	-0.0375191	0.00113746	0.997677	0.068119	0.0375288	-0.0681136	0.996971	0.685524	-1.40619	44.0551	
0.999164	0.00165387	-0.0408496	0.00122894	0.997515	0.0704454	0.0408646	-0.0704367	0.996679	0.716387	-1.46073	44.8399	
0.999022	0.00189316	-0.0441801	0.00132844	0.997347	0.0727768	0.0442006	-0.0727643	0.996369	0.749876	-1.51711	45.6246	
0.998868	0.0021403	-0.0475103	0.001436	0.997174	0.0751129	0.0475368	-0.0750961	0.996043	0.785992	-1.57532	46.409	
0.998704	0.00239531	-0.0508402	0.00155165	0.996995	0.0774534	0.0508729	-0.0774319	0.995699	0.824735	-1.63537	47.1931	
0.998528	0.0026582	-0.0541698	0.0016754	0.99681	0.0797983	0.0542091	-0.0797716	0.995338	0.866104	-1.69726	47.9769	
0.998341	0.00292898	-0.0574989	0.0018073	0.996619	0.0821473	0.057545	-0.082115	0.99496	0.9101	-1.76099	48.7605	
0.998143	0.00320767	-0.0608274	0.00194736	0.996422	0.0845002	0.0608808	-0.0844618	0.994565	0.956723	-1.82657	49.5437	
0.997934	0.00349428	-0.0641554	0.0020956	0.996219	0.0868569	0.0642163	-0.0868119	0.994153	1.00597	-1.894	50.3267	
0.997713	0.00378883	-0.0674826	0.00225204	0.99601	0.089217	0.0675514	-0.089165	0.993724	1.05785	-1.96328	51.1093	
0.997481	0.00409131	-0.0708091	0.00241671	0.995795	0.0915805	0.070886	-0.091521	0.993277	1.11235	-2.03441	51.8915	
0.997239	0.00440176	-0.0741347	0.00258961	0.995574	0.0939471	0.0742201	-0.0938796	0.992813	1.16947	-2.1074	52.6734	
0.996984	0.00472017	-0.0774593	0.00277077	0.995347	0.0963166	0.0775535	-0.0962407	0.992332	1.22923	-2.18225	53.455	
0.996719	0.00504655	-0.080783	0.0029602	0.995114	0.0986888	0.0808863	-0.0986041	0.991834	1.2916	-2.25895	54.2361	
0.996442	0.00538091	-0.0841055	0.0031579	0.994875	0.101064	0.0842183	-0.10097	0.991319	1.3566	-2.33752	55.0168	
0.996155	0.00572326	-0.0874268	0.00336389	0.99463	0.103441	0.0875494	-0.103337	0.990786	1.42422	-2.41796	55.7972	
0.995855	0.0060736	-0.0907469	0.00357818	0.994379	0.10582	0.0908795	-0.105706	0.990236	1.49447	-2.50025	56.5771	
0.995545	0.00643194	-0.0940656	0.00380078	0.994122	0.108201	0.0942087	-0.108076	0.989669	1.56734	-2.58442	57.3565	
0.995224	0.00679829	-0.0973829	0.00403167	0.993859	0.110584	0.0975367	-0.110448	0.989084	1.64282	-2.67045	58.1355	
0.994891	0.00717264	-0.100699	0.00427088	0.993589	0.112968	0.100863	-0.112821	0.988483	1.72093	-2.75835	58.9141	
0.994547	0.00755501	-0.104013	0.0045184	0.993314	0.115354	0.104189	-0.115195	0.987864	1.80166	-2.84811	59.6922	
0.994192	0.00794539	-0.107325	0.00477423	0.993033	0.11774	0.107513	-0.117569	0.987228	1.885	-2.93975	60.4697	
0.993826	0.00834378	-0.110636	0.00503836	0.992746	0.120128	0.110836	-0.119944	0.986574	1.97096	-3.03326	61.2468	
0.993449	0.00875019	-0.113945	0.0053108	0.992452	0.122516	0.114157	-0.122319	0.985904	2.05954	-3.12863	62.0233	
0.99306	0.00916462	-0.117252	0.00559153	0.992153	0.124905	0.117477	-0.124694	0.985216	2.15073	-3.22588	62.7993	
0.99266	0.00958705	-0.120557	0.00588055	0.991848	0.127295	0.120795	-0.127069	0.984511	2.24454	-3.32499	63.5748	
0.992249	0.0100175	-0.12386	0.00617785	0.991536	0.129684	0.124111	-0.129444	0.983789	2.34095	-3.42598	64.3497	
0.991827	0.010456	-0.127161	0.00648342	0.991219	0.132073	0.127425	-0.131818	0.98305	2.43998	-3.52883	65.124	
0.991394	0.0109024	-0.13046	0.00679724	0.990895	0.134462	0.130738	-0.134192	0.982293	2.54162	-3.63356	65.8977	
0.990949	0.0113569	-0.133756	0.0071193	0.990566	0.136851	0.134048	-0.136565	0.98152	2.64586	-3.74015	66.6709	
0.990494	0.0118193	-0.13705	0.00744958	0.990231	0.139239	0.137357	-0.138936	0.980729	2.75271	-3.84861	67.4434	
0.990027	0.0122898	-0.140341	0.00778807	0.98989	0.141626	0.140663	-0.141307	0.979922	2.86216	-3.95894	68.2153	
0.989549	0.0127682	-0.14363	0.00813474	0.989543	0.144012	0.143967	-0.143675	0.979097	2.97421	-4.07114	68.9865	
0.98906	0.0132546	-0.146916	0.00848957	0.98919	0.146397	0.147268	-0.146042	0.978255	3.08887	-4.18519	69.7571	
0.98856	0.013749	-0.1502	0.00885254	0.988831	0.14878	0.150568	-0.148408	0.977397	3.20612	-4.30112	70.527	
0.988049	0.0142514	-0.15348	0.00922362	0.988466	0.151162	0.153864	-0.150771	0.976521	3.32598	-4.4189	71.2962	
0.985071	0.0170714	-0.171299	0.0104109	0.987342	0.158266	0.171832	-0.157687	0.972424	3.4542	-4.54034	72.0635	
0.981766	0.0200174	-0.189039	0.011729	0.986167	0.16534	0.189733	-0.164542	0.96795	3.59655	-4.6672	72.8275	
0.978133	0.0230882	-0.206693	0.0131773	0.984942	0.172379	0.207561	-0.171334	0.963101	3.75296	-4.79943	73.5877	
0.974176	0.0262825	-0.224256	0.0147553	0.983669	0.179382	0.225308	-0.178059	0.957879	3.92339	-4.93699	74.344	
0.969895	0.0295992	-0.241719	0.0164623	0.982346	0.186346	0.242968	-0.184715	0.952285	4.10775	-5.07981	75.096	
0.965291	0.0330369	-0.259078	0.0182978	0.980976	0.193267	0.260534	-0.191299	0.946323	4.30597	-5.22785	75.8435	
0.960368	0.0365943	-0.276323	0.020261	0.979557	0.200143	0.277998	-0.19781	0.939994	4.51799	-5.38104	76.5861	
0.955126	0.0402701	-0.29345	0.0223511	0.978092	0.206972	0.295356	-0.204243	0.9333	4.74372	-5.53933	77.3237	
