1	0	0	0	1	0	0	0	1	0	0	0	
1	2.05485e-08	-0.00013926	2.05485e-08	1	0.000295111	0.00013926	-0.000295111	1	6.24558e-05	-0.000132353	0.89697	
1	8.23824e-08	-0.000278842	8.23783e-08	1	0.000590875	0.000278842	-0.000590875	1	0.000249968	-0.000529704	1.79394	
1	1.85779e-07	-0.000418741	1.85762e-07	1	0.000887282	0.000418741	-0.000887282	1	0.000562823	-0.00119264	2.69091	
1	3.3101e-07	-0.000558952	3.30968e-07	0.999999	0.00118432	0.000558952	-0.00118432	0.999999	0.0010013	-0.00212172	3.58788	
1	5.1834e-07	-0.000699469	5.18255e-07	0.999999	0.00148197	0.000699469	-0.00148197	0.999999	0.00156569	-0.00331751	4.48485	
1	7.48028e-07	-0.000840287	7.47881e-07	0.999998	0.00178023	0.000840287	-0.00178023	0.999998	0.00225624	-0.00478056	5.38181	
1	1.02033e-06	-0.0009814	1.02009e-06	0.999998	0.00207909	0.0009814	-0.00207909	0.999997	0.00307324	-0.00651141	6.27878	
0.999999	1.33549e-06	-0.0011228	1.33513e-06	0.999997	0.00237853	0.0011228	-0.00237853	0.999997	0.00401694	-0.00851058	7.17575	
0.999999	1.69375e-06	-0.00126449	1.69324e-06	0.999996	0.00267854	0.00126449	-0.00267854	0.999996	0.00508761	-0.0107786	8.07272	
0.999999	2.09534e-06	-0.00140645	2.09464e-06	0.999996	0.00297911	0.00140645	-0.00297911	0.999995	0.00628548	-0.013316	8.96968	
0.999999	2.5405e-06	-0.00154869	2.53956e-06	0.999995	0.00328022	0.00154869	-0.00328022	0.999993	0.00761082	-0.0161232	9.86665	
0.999999	3.02944e-06	-0.00169119	3.02822e-06	0.999994	0.00358187	0.00169119	-0.00358187	0.999992	0.00906386	-0.0192007	10.7636	
0.999998	3.56239e-06	-0.00183396	3.56083e-06	0.999992	0.00388404	0.00183396	-0.00388404	0.999991	0.0106448	-0.0225491	11.6606	
0.999998	4.13954e-06	-0.00197698	4.13759e-06	0.999991	0.00418673	0.00197698	-0.00418673	0.999989	0.012354	-0.0261687	12.5575	
0.999998	4.76111e-06	-0.00212025	4.7587e-06	0.99999	0.00448991	0.00212025	-0.00448991	0.999988	0.0141915	-0.03006	13.4545	
0.999997	5.42728e-06	-0.00226377	5.42436e-06	0.999989	0.00479358	0.00226377	-0.00479358	0.999986	0.0161577	-0.0342235	14.3514	
0.999997	6.13826e-06	-0.00240753	6.13475e-06	0.999987	0.00509773	0.00240753	-0.00509773	0.999984	0.0182527	-0.0386596	15.2484	
0.999997	6.89422e-06	-0.00255152	6.89004e-06	0.999985	0.00540233	0.00255152	-0.00540233	0.999982	0.0204768	-0.0433688	16.1454	
0.999996	7.69534e-06	-0.00269573	7.69041e-06	0.999984	0.00570739	0.00269573	-0.00570739	0.99998	0.0228301	-0.0483513	17.0423	
0.999996	8.54179e-06	-0.00284017	8.53603e-06	0.999982	0.00601289	0.00284017	-0.00601289	0.999978	0.0253128	-0.0536077	17.9393	
0.999996	9.43373e-06	-0.00298483	9.42705e-06	0.99998	0.00631881	0.00298483	-0.00631881	0.999976	0.0279253	-0.0591383	18.8362	
0.999995	1.03713e-05	-0.00312969	1.03636e-05	0.999978	0.00662515	0.00312969	-0.00662515	0.999973	0.0306675	-0.0649434	19.7332	
0.999995	1.13547e-05	-0.00327476	1.13459e-05	0.999976	0.00693189	0.00327476	-0.00693189	0.999971	0.0335398	-0.0710236	20.6301	
0.999994	1.2384e-05	-0.00342003	1.2374e-05	0.999974	0.00723902	0.00342003	-0.00723902	0.999968	0.0365423	-0.077379	21.527	
0.999994	1.34595e-05	-0.00356549	1.34481e-05	0.999972	0.00754652	0.00356549	-0.00754652	0.999965	0.0396753	-0.0840101	22.424	
0.999993	1.45811e-05	-0.00371114	1.45683e-05	0.999969	0.0078544	0.00371114	-0.0078544	0.999962	0.0429387	-0.0909172	23.3209	
0.999993	1.5749e-05	-0.00385698	1.57347e-05	0.999967	0.00816262	0.00385698	-0.00816262	0.999959	0.0463329	-0.0981005	24.2179	
0.999992	1.69634e-05	-0.00400299	1.69474e-05	0.999964	0.00847119	0.00400299	-0.00847119	0.999956	0.049858	-0.105561	25.1148	
0.999991	1.82243e-05	-0.00414916	1.82065e-05	0.999961	0.00878008	0.00414916	-0.00878008	0.999953	0.0535141	-0.113297	26.0117	
0.999991	1.95319e-05	-0.00429551	1.95122e-05	0.999959	0.0090893	0.00429551	-0.0090893	0.999949	0.0573014	-0.121312	26.9086	
0.99999	2.08863e-05	-0.00444201	2.08645e-05	0.999956	0.00939881	0.00444201	-0.00939881	0.999946	0.06122	-0.129603	27.8056	
0.999989	2.22875e-05	-0.00458867	2.22634e-05	0.999953	0.00970862	0.00458867	-0.00970862	0.999942	0.0652702	-0.138173	28.7025	
0.999989	2.37356e-05	-0.00473547	2.37092e-05	0.99995	0.0100187	0.00473547	-0.0100187	0.999939	0.0694519	-0.14702	29.5994	
0.999988	2.52307e-05	-0.00488241	2.52017e-05	0.999947	0.0103291	0.00488241	-0.0103291	0.999935	0.0737654	-0.156146	30.4963	
0.999987	2.67728e-05	-0.00502949	2.67412e-05	0.999943	0.0106397	0.00502949	-0.0106397	0.999931	0.0782107	-0.16555	31.3932	
0.999987	2.83621e-05	-0.0051767	2.83276e-05	0.99994	0.0109505	0.0051767	-0.0109505	0.999927	0.082788	-0.175233	32.2901	
0.999986	2.99985e-05	-0.00532404	2.99611e-05	0.999937	0.0112616	0.00532404	-0.0112616	0.999922	0.0874975	-0.185195	33.187	
0.999985	3.16821e-05	-0.00547149	3.16415e-05	0.999933	0.0115729	0.00547149	-0.0115729	0.999918	0.0923391	-0.195436	34.0839	
0.999984	3.3413e-05	-0.00561905	3.33691e-05	0.999929	0.0118844	0.00561905	-0.0118844	0.999914	0.097313	-0.205956	34.9808	
0.999983	3.51912e-05	-0.00576672	3.51437e-05	0.999926	0.0121961	0.00576672	-0.0121961	0.999909	0.102419	-0.216756	35.8777	
0.999983	3.70166e-05	-0.00591449	3.69655e-05	0.999922	0.012508	0.0059145	-0.012508	0.999904	0.107658	-0.227835	36.7746	
0.999982	3.88894e-05	-0.00606236	3.88343e-05	0.999918	0.0128201	0.00606236	-0.0128201	0.999899	0.11303	-0.239194	37.6715	
0.999981	4.08095e-05	-0.00621032	4.07503e-05	0.999914	0.0131323	0.00621032	-0.0131323	0.999894	0.118534	-0.250833	38.5684	
0.99998	4.27769e-05	-0.00635836	4.27135e-05	0.99991	0.0134446	0.00635836	-0.0134446	0.999889	0.124171	-0.262753	39.4652	
0.999979	4.47916e-05	-0.00650647	4.47237e-05	0.999905	0.0137571	0.00650647	-0.0137571	0.999884	0.12994	-0.274952	40.3621	
0.999978	4.68537e-05	-0.00665466	4.6781e-05	0.999901	0.0140697	0.00665466	-0.0140697	0.999879	0.135843	-0.287432	41.259	
0.999977	4.8963e-05	-0.00680291	4.88854e-05	0.999897	0.0143824	0.00680291	-0.0143824	0.999873	0.141878	-0.300193	42.1558	
0.999976	5.11196e-05	-0.00695123	5.10369e-05	0.999892	0.0146952	0.00695123	-0.0146952	0.999868	0.148047	-0.313233	43.0527	
0.999975	5.33233e-05	-0.00709959	5.32353e-05	0.999887	0.0150081	0.00709959	-0.0150081	0.999862	0.154349	-0.326555	43.9495	
0.999974	5.55743e-05	-0.00724801	5.54807e-05	0.999883	0.015321	0.00724801	-0.015321	0.999856	0.160783	-0.340157	44.8464	
0.999973	5.78724e-05	-0.00739646	5.7773e-05	0.999878	0.0156341	0.00739647	-0.0156341	0.99985	0.167351	-0.35404	45.7432	
0.999972	6.02175e-05	-0.00754496	6.01121e-05	0.999873	0.0159471	0.00754496	-0.0159471	0.999844	0.174052	-0.368204	46.64	
0.99997	6.26097e-05	-0.00769348	6.2498e-05	0.999868	0.0162602	0.00769348	-0.0162602	0.999838	0.180886	-0.382648	47.5369	
0.999969	6.50488e-05	-0.00784203	6.49305e-05	0.999863	0.0165733	0.00784203	-0.0165733	0.999832	0.187854	-0.397373	48.4337	
0.999968	6.75347e-05	-0.0079906	6.74097e-05	0.999857	0.0168864	0.0079906	-0.0168864	0.999825	0.194954	-0.41238	49.3305	
0.999967	7.00674e-05	-0.00813918	6.99353e-05	0.999852	0.0171995	0.00813918	-0.0171995	0.999819	0.202188	-0.427667	50.2273	
0.999966	7.26468e-05	-0.00828776	7.25074e-05	0.999847	0.0175126	0.00828776	-0.0175126	0.999812	0.209556	-0.443235	51.1241	
0.999964	7.52727e-05	-0.00843635	7.51258e-05	0.999841	0.0178257	0.00843635	-0.0178257	0.999806	0.217056	-0.459083	52.0209	
0.999963	7.79451e-05	-0.00858493	7.77903e-05	0.999835	0.0181387	0.00858494	-0.0181387	0.999799	0.22469	-0.475213	52.9177	
0.999984	2.32131e-05	-0.00569504	8.91648e-05	0.999805	0.0197315	0.00569439	-0.0197317	0.999789	0.231094	-0.492197	53.8145	
0.999996	-3.6119e-05	-0.00280543	9.59366e-05	0.999773	0.0213248	0.00280402	-0.021325	0.999769	0.234905	-0.51061	54.7113	
1	-0.000100052	8.38846e-05	9.8103e-05	0.999737	0.0229186	-8.61556e-05	-0.0229186	0.999737	0.236124	-0.530453	55.608	
0.999996	-0.000168585	0.00297289	9.56614e-05	0.9997	0.0245127	-0.00297613	-0.0245124	0.999695	0.234751	-0.551725	56.5047	
0.999983	-0.00024172	0.00586157	8.86098e-05	0.999659	0.0261072	-0.00586589	-0.0261063	0.999642	0.230785	-0.574427	57.4014	
0.999962	-0.000319456	0.00874991	7.69465e-05	0.999616	0.027702	-0.0087554	-0.0277003	0.999578	0.224228	-0.598558	58.298	
0.999932	-0.000401794	0.0116379	6.06701e-05	0.999571	0.029297	-0.0116447	-0.0292943	0.999503	0.215079	-0.624119	59.1946	
0.999894	-0.000488733	0.0145255	3.97795e-05	0.999523	0.0308921	-0.0145337	-0.0308883	0.999417	0.203338	-0.65111	60.0911	
0.999848	-0.000580273	0.0174127	1.42741e-05	0.999472	0.0324874	-0.0174224	-0.0324822	0.99932	0.189006	-0.679531	60.9875	
0.999794	-0.000676414	0.0202995	-1.58465e-05	0.999419	0.0340828	-0.0203108	-0.034076	0.999213	0.172084	-0.709382	61.8838	
0.999731	-0.000777156	0.0231859	-5.05822e-05	0.999363	0.0356781	-0.0231989	-0.0356697	0.999094	0.15257	-0.740662	62.78	
0.99966	-0.000882499	0.0260719	-8.99325e-05	0.999305	0.0372734	-0.0260867	-0.037263	0.998965	0.130466	-0.773371	63.6761	
0.99958	-0.000992441	0.0289574	-0.000133897	0.999244	0.0388685	-0.0289741	-0.0388561	0.998825	0.105772	-0.807509	64.5721	
0.999492	-0.00110698	0.0318424	-0.000182474	0.999181	0.0404636	-0.0318612	-0.0404488	0.998673	0.0784886	-0.843076	65.4679	
0.999396	-0.00122613	0.034727	-0.000235663	0.999115	0.0420583	-0.0347478	-0.0420411	0.998511	0.0486155	-0.880072	66.3636	
0.999292	-0.00134986	0.0376111	-0.000293461	0.999047	0.0436529	-0.0376341	-0.043633	0.998339	0.0161532	-0.918495	67.2592	
0.999179	-0.0014782	0.0404946	-0.000355867	0.998976	0.0452471	-0.04052	-0.0452243	0.998155	-0.0188978	-0.958346	68.1546	
0.999057	-0.00161114	0.0433776	-0.000422877	0.998902	0.0468409	-0.0434055	-0.046815	0.99796	-0.0565371	-0.999625	69.0498	
0.998928	-0.00174866	0.0462601	-0.00049449	0.998826	0.0484342	-0.0462905	-0.0484052	0.997755	-0.0967645	-1.04233	69.9449	
0.99879	-0.00189079	0.049142	-0.000570701	0.998748	0.0500271	-0.0491751	-0.0499946	0.997538	-0.139579	-1.08646	70.8397	
0.998644	-0.00203751	0.0520234	-0.000651508	0.998667	0.0516194	-0.0520592	-0.0515833	0.997311	-0.184981	-1.13202	71.7344	
0.997356	-0.00319229	0.0725995	-0.00119681	0.998178	0.0603326	-0.0726598	-0.06026	0.995535	-0.240918	-1.18218	72.6282	
0.995643	-0.00452593	0.0931338	-0.00192209	0.997613	0.0690281	-0.0932239	-0.0689064	0.993258	-0.315318	-1.24011	73.5202	
0.993506	-0.00603777	0.113616	-0.00282699	0.996973	0.0777015	-0.113741	-0.0775181	0.990482	-0.408142	-1.30578	74.4099	
0.990946	-0.00772703	0.134036	-0.00391105	0.996257	0.0863484	-0.134201	-0.0860908	0.987207	-0.519345	-1.37916	75.2969	
0.987965	-0.00959287	0.154382	-0.00517373	0.995467	0.0949645	-0.154594	-0.0946203	0.983437	-0.648871	-1.46021	76.1807	
0.984562	-0.0116344	0.174646	-0.00661439	0.994603	0.103545	-0.174908	-0.103102	0.979172	-0.796654	-1.54889	77.061	
0.980742	-0.0138505	0.194817	-0.00823231	0.993664	0.112087	-0.195135	-0.111532	0.974414	-0.96262	-1.64515	77.9371	
0.976504	-0.0162401	0.214885	-0.0100267	0.992652	0.120585	-0.215264	-0.119906	0.969167	-1.14669	-1.74896	78.8089	
0.971852	-0.018802	0.234839	-0.0119966	0.991568	0.129035	-0.235285	-0.12822	0.963432	-1.34876	-1.86024	79.6756	
0.966788	-0.0215349	0.254669	-0.014141	0.99041	0.137432	-0.255187	-0.136469	0.957213	-1.56874	-1.97895	80.537	
0.961315	-0.0244374	0.274367	-0.016459	0.989181	0.145773	-0.274961	-0.14465	0.950512	-1.80651	-2.10504	81.3927	
0.955434	-0.0275082	0.293921	-0.0189492	0.987881	0.154053	-0.294596	-0.152757	0.943334	-2.06196	-2.23843	82.2421	
0.949149	-0.0307455	0.313322	-0.0216105	0.98651	0.162269	-0.314084	-0.160788	0.935681	-2.33495	-2.37905	83.0848	
0.942464	-0.0341479	0.332559	-0.0244415	0.985069	0.170415	-0.333413	-0.168739	0.927557	-2.62536	-2.52685	83.9205	
0.935381	-0.0377136	0.351625	-0.0274408	0.983559	0.178489	-0.352575	-0.176604	0.918968	-2.93303	-2.68173	84.7487	
0.927904	-0.0414407	0.370508	-0.0306069	0.981981	0.186485	-0.37156	-0.184381	0.909916	-3.2578	-2.84364	85.5689	
0.920038	-0.0453275	0.3892	-0.0339382	0.980335	0.1944	-0.390358	-0.192064	0.900407	-3.59953	-3.01247	86.3808	
0.911785	-0.049372	0.40769	-0.037433	0.978622	0.20223	-0.408959	-0.199652	0.890445	-3.95802	-3.18816	87.1841	
0.90315	-0.0535721	0.42597	-0.0410895	0.976844	0.209971	-0.427355	-0.207138	0.880035	-4.33311	-3.37061	87.9781	
