1	0	0	0	1	0	0	0	1	0	0	0	
1	1.44771e-07	-0.000431498	1.44771e-07	1	0.000671014	0.000431498	-0.000671014	1	0.000230132	-0.000357874	1.06667	
1	5.82448e-07	-0.000865608	5.82156e-07	0.999999	0.00134542	0.000865608	-0.00134542	0.999999	0.000921922	-0.0014333	2.13333	
0.999999	1.31798e-06	-0.00130231	1.31681e-06	0.999998	0.00202316	0.00130231	-0.00202316	0.999997	0.00207815	-0.00322988	3.2	
0.999998	2.35629e-06	-0.00174158	2.35334e-06	0.999996	0.00270421	0.00174158	-0.00270421	0.999995	0.00370156	-0.00575115	4.26666	
0.999998	3.70225e-06	-0.00218341	3.69632e-06	0.999994	0.00338853	0.00218341	-0.00338853	0.999992	0.00579488	-0.00900061	5.33332	
0.999997	5.36071e-06	-0.00262775	5.35027e-06	0.999992	0.00407607	0.00262775	-0.00407607	0.999988	0.00836084	-0.0129817	6.39998	
0.999995	7.33647e-06	-0.00307461	7.31967e-06	0.999989	0.0047668	0.00307461	-0.0047668	0.999984	0.0114021	-0.0176979	7.46663	
0.999994	9.63428e-06	-0.00352394	9.60897e-06	0.999985	0.00546066	0.00352394	-0.00546066	0.999979	0.0149213	-0.0231526	8.53327	
0.999992	1.22589e-05	-0.00397573	1.22225e-05	0.999981	0.00615763	0.00397573	-0.00615763	0.999973	0.0189211	-0.029349	9.59991	
0.99999	1.5215e-05	-0.00442997	1.51647e-05	0.999976	0.00685766	0.00442997	-0.00685766	0.999967	0.0234042	-0.0362905	10.6665	
0.999988	1.85071e-05	-0.00488661	1.84398e-05	0.999971	0.0075607	0.00488661	-0.0075607	0.999959	0.028373	-0.0439803	11.7332	
0.999986	2.214e-05	-0.00534565	2.20521e-05	0.999966	0.00826672	0.00534565	-0.00826672	0.999952	0.0338302	-0.0524216	12.7998	
0.999983	2.61181e-05	-0.00580706	2.60057e-05	0.99996	0.00897567	0.00580706	-0.00897567	0.999943	0.0397783	-0.0616175	13.8664	
0.99998	3.04459e-05	-0.00627081	3.03047e-05	0.999953	0.00968752	0.00627081	-0.00968752	0.999933	0.0462199	-0.0715712	14.933	
0.999977	3.51278e-05	-0.00673688	3.49533e-05	0.999946	0.0104022	0.00673688	-0.0104022	0.999923	0.0531573	-0.0822857	15.9996	
0.999974	4.01684e-05	-0.00720525	3.99555e-05	0.999938	0.0111197	0.00720525	-0.0111197	0.999912	0.0605931	-0.0937641	17.0662	
0.999971	4.55718e-05	-0.00767589	4.53152e-05	0.99993	0.01184	0.0076759	-0.01184	0.9999	0.0685297	-0.106009	18.1327	
0.999967	5.13424e-05	-0.00814879	5.10364e-05	0.999921	0.012563	0.00814879	-0.012563	0.999888	0.0769696	-0.119024	19.1993	
0.999963	5.74845e-05	-0.00862391	5.71228e-05	0.999912	0.0132886	0.00862391	-0.0132886	0.999875	0.085915	-0.132812	20.2658	
0.999959	6.40022e-05	-0.00910123	6.35783e-05	0.999902	0.014017	0.00910124	-0.014017	0.99986	0.0953684	-0.147375	21.3324	
0.999954	7.08995e-05	-0.00958073	7.04067e-05	0.999891	0.0147479	0.00958074	-0.0147479	0.999845	0.105332	-0.162716	22.3989	
0.999949	7.81807e-05	-0.0100624	7.76115e-05	0.99988	0.0154813	0.0100624	-0.0154813	0.99983	0.115808	-0.178838	23.4654	
0.999944	8.58497e-05	-0.0105462	8.51964e-05	0.999868	0.0162173	0.0105462	-0.0162173	0.999813	0.1268	-0.195744	24.5318	
0.999939	9.39104e-05	-0.0110321	9.31649e-05	0.999856	0.0169557	0.0110321	-0.0169557	0.999795	0.138308	-0.213436	25.5983	
0.999934	0.000102367	-0.01152	0.000101521	0.999843	0.0176965	0.01152	-0.0176965	0.999777	0.150336	-0.231918	26.6647	
0.999928	0.000111222	-0.01201	0.000110267	0.99983	0.0184398	0.01201	-0.0184398	0.999758	0.162885	-0.25119	27.7312	
0.999922	0.000120481	-0.0125021	0.000119407	0.999816	0.0191853	0.0125021	-0.0191853	0.999738	0.175958	-0.271257	28.7976	
0.999916	0.000130147	-0.0129961	0.000128944	0.999801	0.0199332	0.0129961	-0.0199332	0.999717	0.189557	-0.29212	29.8639	
0.999909	0.000140224	-0.0134922	0.000138881	0.999786	0.0206833	0.0134922	-0.0206833	0.999695	0.203685	-0.313782	30.9303	
0.999902	0.000150714	-0.0139901	0.000149222	0.99977	0.0214356	0.0139901	-0.0214356	0.999672	0.218342	-0.336246	31.9966	
0.999895	0.000161622	-0.01449	0.000159969	0.999754	0.02219	0.01449	-0.02219	0.999649	0.233531	-0.359513	33.0629	
0.999888	0.000172951	-0.0149918	0.000171126	0.999737	0.0229466	0.0149918	-0.0229466	0.999624	0.249255	-0.383585	34.1292	
0.99988	0.000184704	-0.0154955	0.000182695	0.999719	0.0237053	0.0154955	-0.0237052	0.999599	0.265515	-0.408466	35.1954	
0.999872	0.000196885	-0.016001	0.000194679	0.999701	0.0244659	0.016001	-0.0244659	0.999573	0.282313	-0.434158	36.2617	
0.999864	0.000209496	-0.0165083	0.000207081	0.999682	0.0252286	0.0165084	-0.0252286	0.999545	0.299651	-0.460661	37.3279	
0.999855	0.000222541	-0.0170175	0.000219904	0.999662	0.0259932	0.0170175	-0.0259932	0.999517	0.317532	-0.48798	38.394	
0.999846	0.000236024	-0.0175284	0.00023315	0.999642	0.0267597	0.0175284	-0.0267596	0.999488	0.335956	-0.516114	39.4602	
0.999837	0.000249946	-0.018041	0.000246822	0.999621	0.027528	0.0180411	-0.027528	0.999458	0.354927	-0.545068	40.5263	
0.999828	0.000264311	-0.0185554	0.000260922	0.999599	0.0282981	0.0185554	-0.0282981	0.999427	0.374445	-0.574842	41.5924	
0.999818	0.000279122	-0.0190714	0.000275453	0.999577	0.02907	0.0190714	-0.02907	0.999395	0.394512	-0.605438	42.6584	
0.999808	0.000294381	-0.0195891	0.000290416	0.999555	0.0298437	0.0195891	-0.0298436	0.999363	0.415131	-0.636859	43.7244	
0.999798	0.000310091	-0.0201084	0.000305815	0.999531	0.030619	0.0201085	-0.0306189	0.999329	0.436304	-0.669105	44.7904	
0.999787	0.000326254	-0.0206293	0.000321651	0.999507	0.0313959	0.0206294	-0.0313958	0.999294	0.45803	-0.70218	45.8563	
0.999776	0.000342874	-0.0211518	0.000337926	0.999482	0.0321744	0.0211519	-0.0321743	0.999258	0.480314	-0.736084	46.9222	
0.999765	0.000359952	-0.0216759	0.000354642	0.999457	0.0329544	0.021676	-0.0329543	0.999222	0.503155	-0.770819	47.988	
0.999753	0.000377492	-0.0222015	0.000371801	0.999431	0.0337359	0.0222015	-0.0337358	0.999184	0.526557	-0.806387	49.0539	
0.999742	0.000395494	-0.0227285	0.000389405	0.999404	0.0345189	0.0227286	-0.0345188	0.999146	0.550519	-0.84279	50.1196	
0.999729	0.000413961	-0.023257	0.000407456	0.999377	0.0353032	0.0232572	-0.0353032	0.999106	0.575045	-0.880028	51.1854	
0.999717	0.000432896	-0.023787	0.000425955	0.999348	0.036089	0.0237871	-0.0360889	0.999065	0.600135	-0.918104	52.2511	
0.999704	0.0004523	-0.0243184	0.000444903	0.99932	0.036876	0.0243185	-0.0368759	0.999024	0.625792	-0.957019	53.3167	
0.999691	0.000472175	-0.0248511	0.000464303	0.99929	0.0376643	0.0248513	-0.0376642	0.998981	0.652016	-0.996773	54.3823	
0.999678	0.000492524	-0.0253852	0.000484155	0.99926	0.0384538	0.0253854	-0.0384537	0.998938	0.678808	-1.03737	55.4479	
0.999664	0.000513346	-0.0259206	0.00050446	0.99923	0.0392445	0.0259208	-0.0392444	0.998893	0.706172	-1.07881	56.5134	
0.99965	0.000534646	-0.0264573	0.000525221	0.999198	0.0400363	0.0264575	-0.0400362	0.998848	0.734107	-1.12109	57.5788	
0.999635	0.000556423	-0.0269953	0.000546438	0.999166	0.0408292	0.0269955	-0.0408291	0.998801	0.762615	-1.16422	58.6443	
0.999621	0.00057868	-0.0275345	0.000568111	0.999133	0.0416232	0.0275347	-0.041623	0.998754	0.791698	-1.20819	59.7096	
0.999606	0.000601417	-0.0280749	0.000590242	0.9991	0.0424181	0.0280752	-0.042418	0.998705	0.821357	-1.25302	60.7749	
0.99959	0.000624636	-0.0286165	0.000612832	0.999066	0.043214	0.0286168	-0.0432138	0.998656	0.851592	-1.29869	61.8402	
0.999575	0.000648338	-0.0291592	0.000635882	0.999031	0.0440108	0.0291595	-0.0440106	0.998605	0.882406	-1.34521	62.9054	
0.999559	0.000672525	-0.0297031	0.000659391	0.998995	0.0448084	0.0297034	-0.0448082	0.998554	0.9138	-1.39258	63.9705	
0.999542	0.000697196	-0.030248	0.00068336	0.998959	0.0456069	0.0302483	-0.0456067	0.998501	0.945774	-1.4408	65.0356	
0.999525	0.000722354	-0.030794	0.000707791	0.998922	0.0464061	0.0307944	-0.0464059	0.998448	0.97833	-1.48987	66.1007	
0.999508	0.000747998	-0.031341	0.000732683	0.998885	0.0472061	0.0313414	-0.0472058	0.998393	1.01147	-1.5398	67.1657	
0.999491	0.00077413	-0.0318891	0.000758036	0.998847	0.0480067	0.0318895	-0.0480064	0.998338	1.04519	-1.59058	68.2306	
0.999473	0.00080075	-0.0324381	0.000783851	0.998808	0.0488079	0.0324385	-0.0488076	0.998281	1.0795	-1.64221	69.2955	
0.999455	0.000827859	-0.032988	0.000810128	0.998768	0.0496097	0.0329884	-0.0496095	0.998224	1.11439	-1.6947	70.3603	
0.999303	0.00104744	-0.037328	0.000872931	0.998678	0.0513926	0.0373325	-0.0513893	0.997981	1.1519	-1.74857	71.4249	
0.998006	0.00245973	-0.0630721	0.00120848	0.998313	0.0580549	0.0631085	-0.0580154	0.996319	1.20547	-1.80692	72.4886	
0.996044	0.00404256	-0.0887642	0.00171609	0.997903	0.0647038	0.0888396	-0.0646002	0.993949	1.28651	-1.87232	73.5501	
0.993419	0.0057948	-0.114386	0.00239541	0.99745	0.0713346	0.114508	-0.0711391	0.990872	1.39497	-1.94472	74.6088	
0.990133	0.0077152	-0.139919	0.00324596	0.996953	0.0779423	0.140094	-0.0776275	0.98709	1.53077	-2.02406	75.6637	
0.986187	0.00980241	-0.165346	0.00426714	0.996412	0.0845225	0.165581	-0.0840606	0.982607	1.69381	-2.1103	76.7143	
0.981585	0.0120549	-0.190647	0.0054582	0.995829	0.0910704	0.19095	-0.0904339	0.977425	1.88397	-2.20337	77.7597	
0.976329	0.0144712	-0.215806	0.00681832	0.995204	0.0975814	0.216184	-0.096743	0.971548	2.10112	-2.3032	78.7992	
0.970424	0.0170494	-0.240805	0.00834652	0.994537	0.104051	0.241263	-0.102983	0.96498	2.3451	-2.40973	79.8321	
0.963873	0.0197878	-0.265625	0.0100417	0.993828	0.110474	0.266171	-0.10915	0.957726	2.61575	-2.52288	80.8576	
0.956682	0.0226844	-0.290249	0.0119027	0.993079	0.116846	0.29089	-0.11524	0.949791	2.91287	-2.64256	81.875	
0.948856	0.0257372	-0.314659	0.0139281	0.992289	0.123164	0.315402	-0.121247	0.94118	3.23624	-2.76869	82.8836	
0.940399	0.028944	-0.338838	0.0161166	0.991459	0.129421	0.33969	-0.127168	0.931901	3.58565	-2.90119	83.8826	
0.931319	0.0323024	-0.362769	0.0184666	0.99059	0.135614	0.363736	-0.132999	0.921958	3.96083	-3.03995	84.8714	
0.921621	0.0358102	-0.386435	0.0209763	0.989682	0.141739	0.387524	-0.138735	0.91136	4.36153	-3.18489	85.8492	
0.911313	0.0394648	-0.40982	0.0236441	0.988736	0.14779	0.411036	-0.144373	0.900114	4.78745	-3.33589	86.8154	
0.900401	0.0432636	-0.432905	0.0264679	0.987753	0.153765	0.434256	-0.149908	0.888228	5.2383	-3.49285	87.7693	
0.888894	0.047204	-0.455675	0.0294459	0.986733	0.159658	0.457167	-0.155336	0.875711	5.71375	-3.65565	88.7101	
0.876799	0.0512831	-0.478115	0.0325759	0.985678	0.165465	0.479752	-0.160654	0.86257	6.21347	-3.82419	89.6372	
0.864126	0.055498	-0.500207	0.0358556	0.984587	0.171182	0.501997	-0.165858	0.848817	6.7371	-3.99834	90.55	
0.850883	0.0598457	-0.521936	0.0392828	0.983462	0.176805	0.523885	-0.170944	0.83446	7.28427	-4.17798	91.4478	
0.83708	0.0643232	-0.543287	0.042855	0.982303	0.182331	0.5454	-0.175908	0.819509	7.85459	-4.36298	92.33	
0.822726	0.0689272	-0.564244	0.0465696	0.981111	0.187754	0.566528	-0.180747	0.803976	8.44765	-4.5532	93.1959	
0.807832	0.0736544	-0.584793	0.050424	0.979888	0.193072	0.587252	-0.185457	0.787871	9.06304	-4.74852	94.0449	
0.792408	0.0785016	-0.604919	0.0544156	0.978634	0.198281	0.607559	-0.190036	0.771206	9.70031	-4.9488	94.8765	
0.776466	0.0834653	-0.624607	0.0585413	0.977349	0.203376	0.627434	-0.19448	0.753992	10.359	-5.15389	95.69	
0.760016	0.0885419	-0.643845	0.0627984	0.976035	0.208354	0.646863	-0.198785	0.736242	11.0387	-5.36364	96.4848	
0.743071	0.0937278	-0.662617	0.0671837	0.974693	0.213212	0.665832	-0.202949	0.717969	11.7388	-5.57791	97.2604	
0.725642	0.0990194	-0.680911	0.0716942	0.973324	0.217947	0.684327	-0.206969	0.699185	12.459	-5.79655	98.0163	
0.707741	0.104413	-0.698713	0.0763266	0.971928	0.222554	0.702336	-0.210841	0.679904	13.1985	-6.01939	98.7519	
0.689383	0.109904	-0.716012	0.0810777	0.970507	0.227031	0.719846	-0.214564	0.66014	13.9571	-6.24629	99.4666	
0.670579	0.11549	-0.732794	0.0859441	0.969061	0.231374	0.736843	-0.218133	0.639906	14.734	-6.47707	100.16	
0.651342	0.121166	-0.749047	0.0909223	0.967592	0.23558	0.753317	-0.221548	0.619217	15.5288	-6.71158	100.832	
