1	0	0	0	1	0	0	0	1	0	0	0	
1	-1.68137e-07	0.000582095	-1.68137e-07	1	0.000577696	-0.000582095	-0.000577696	1	-0.000261061	-0.000259088	0.89697	
0.999999	-6.75193e-07	0.00116648	-6.75176e-07	0.999999	0.00115764	-0.00116648	-0.00115764	0.999999	-0.00104527	-0.00103736	1.79394	
0.999998	-1.5251e-06	0.00175315	-1.52504e-06	0.999998	0.00173981	-0.00175315	-0.00173981	0.999997	-0.00235468	-0.00233682	2.69091	
0.999997	-2.72177e-06	0.00234205	-2.7216e-06	0.999997	0.00232418	-0.00234205	-0.00232418	0.999995	-0.00419132	-0.00415946	3.58787	
0.999996	-4.26904e-06	0.00293319	-4.2687e-06	0.999996	0.00291072	-0.00293319	-0.00291072	0.999991	-0.00655718	-0.00650723	4.48484	
0.999994	-6.17074e-06	0.00352652	-6.17014e-06	0.999994	0.00349943	-0.00352652	-0.00349943	0.999988	-0.00945427	-0.00938209	5.3818	
0.999992	-8.43065e-06	0.00412203	-8.42968e-06	0.999992	0.00409026	-0.00412203	-0.00409026	0.999983	-0.0128845	-0.0127859	6.27875	
0.999989	-1.10525e-05	0.0047197	-1.1051e-05	0.999989	0.0046832	-0.0047197	-0.0046832	0.999978	-0.0168499	-0.0167207	7.17571	
0.999986	-1.404e-05	0.0053195	-1.40379e-05	0.999986	0.00527822	-0.0053195	-0.00527822	0.999972	-0.0213523	-0.0211883	8.07265	
0.999982	-1.73968e-05	0.0059214	-1.73939e-05	0.999983	0.0058753	-0.0059214	-0.0058753	0.999965	-0.0263937	-0.0261904	8.96959	
0.999979	-2.11264e-05	0.00652538	-2.11226e-05	0.999979	0.00647442	-0.00652538	-0.00647442	0.999958	-0.0319759	-0.0317291	9.86653	
0.999975	-2.52326e-05	0.00713143	-2.52275e-05	0.999975	0.00707555	-0.00713143	-0.00707555	0.99995	-0.0381008	-0.0378061	10.7635	
0.99997	-2.97187e-05	0.00773951	-2.97122e-05	0.999971	0.00767867	-0.00773951	-0.00767867	0.999941	-0.0447702	-0.0444231	11.6604	
0.999965	-3.45883e-05	0.0083496	-3.45802e-05	0.999966	0.00828376	-0.0083496	-0.00828376	0.999931	-0.0519859	-0.051582	12.5573	
0.99996	-3.98447e-05	0.00896167	-3.98347e-05	0.99996	0.00889078	-0.00896167	-0.00889078	0.99992	-0.0597497	-0.0592845	13.4542	
0.999954	-4.54914e-05	0.00957571	-4.54792e-05	0.999955	0.00949971	-0.00957571	-0.00949971	0.999909	-0.0680635	-0.0675324	14.3511	
0.999948	-5.15317e-05	0.0101917	-5.15171e-05	0.999949	0.0101105	-0.0101917	-0.0101105	0.999897	-0.0769289	-0.0763273	15.248	
0.999942	-5.79689e-05	0.0108096	-5.79515e-05	0.999943	0.0107232	-0.0108096	-0.0107232	0.999884	-0.0863476	-0.0856709	16.1448	
0.999935	-6.48062e-05	0.0114294	-6.47856e-05	0.999936	0.0113378	-0.0114294	-0.0113378	0.99987	-0.0963214	-0.095565	17.0417	
0.999927	-7.20468e-05	0.012051	-7.20227e-05	0.999929	0.0119541	-0.012051	-0.0119541	0.999856	-0.106852	-0.106011	17.9385	
0.99992	-7.96939e-05	0.0126745	-7.96659e-05	0.999921	0.0125723	-0.0126745	-0.0125723	0.999841	-0.117941	-0.117011	18.8354	
0.999912	-8.77505e-05	0.0132998	-8.77182e-05	0.999913	0.0131922	-0.0132998	-0.0131922	0.999825	-0.12959	-0.128566	19.7322	
0.999903	-9.62196e-05	0.0139269	-9.61826e-05	0.999905	0.0138139	-0.0139269	-0.0138139	0.999808	-0.141801	-0.140678	20.629	
0.999894	-0.000105104	0.0145557	-0.000105062	0.999896	0.0144372	-0.0145557	-0.0144372	0.99979	-0.154575	-0.153348	21.5258	
0.999885	-0.000114407	0.0151863	-0.00011436	0.999887	0.0150623	-0.0151863	-0.0150623	0.999771	-0.167914	-0.166578	22.4226	
0.999875	-0.000124132	0.0158186	-0.000124078	0.999877	0.015689	-0.0158186	-0.015689	0.999752	-0.181819	-0.180369	23.3193	
0.999865	-0.000134281	0.0164526	-0.00013422	0.999867	0.0163174	-0.0164526	-0.0163174	0.999731	-0.196292	-0.194724	24.2161	
0.999854	-0.000144856	0.0170883	-0.000144788	0.999856	0.0169474	-0.0170883	-0.0169474	0.99971	-0.211335	-0.209643	25.1128	
0.999843	-0.000155862	0.0177256	-0.000155786	0.999845	0.017579	-0.0177256	-0.017579	0.999688	-0.226948	-0.225127	26.0095	
0.999831	-0.000167299	0.0183645	-0.000167215	0.999834	0.0182122	-0.0183645	-0.0182122	0.999665	-0.243134	-0.241179	26.9062	
0.999819	-0.000179172	0.019005	-0.000179079	0.999822	0.0188469	-0.019005	-0.0188469	0.999642	-0.259894	-0.257799	27.8028	
0.999807	-0.000191482	0.0196471	-0.000191379	0.99981	0.0194831	-0.0196471	-0.0194831	0.999617	-0.277229	-0.27499	28.6995	
0.999794	-0.000204232	0.0202907	-0.000204119	0.999798	0.0201209	-0.0202907	-0.0201209	0.999592	-0.29514	-0.292752	29.5961	
0.999781	-0.000217424	0.0209359	-0.0002173	0.999784	0.02076	-0.0209359	-0.02076	0.999565	-0.31363	-0.311086	30.4927	
0.999767	-0.000231061	0.0215825	-0.000230925	0.999771	0.0214007	-0.0215825	-0.0214007	0.999538	-0.332698	-0.329995	31.3892	
0.999753	-0.000245145	0.0222305	-0.000244997	0.999757	0.0220427	-0.0222306	-0.0220427	0.99951	-0.352348	-0.349478	32.2858	
0.999738	-0.000259678	0.0228801	-0.000259517	0.999743	0.0226862	-0.0228801	-0.0226862	0.999481	-0.372579	-0.369538	33.1823	
0.999723	-0.000274663	0.023531	-0.000274489	0.999728	0.023331	-0.023531	-0.023331	0.999451	-0.393394	-0.390176	34.0788	
0.999707	-0.000290102	0.0241833	-0.000289912	0.999712	0.0239771	-0.0241833	-0.0239771	0.99942	-0.414793	-0.411393	34.9752	
0.999691	-0.000305996	0.024837	-0.000305791	0.999697	0.0246246	-0.024837	-0.0246246	0.999388	-0.436778	-0.433191	35.8717	
0.999675	-0.000322348	0.025492	-0.000322127	0.999681	0.0252733	-0.025492	-0.0252733	0.999356	-0.45935	-0.455569	36.7681	
0.999658	-0.00033916	0.0261483	-0.000338921	0.999664	0.0259233	-0.0261483	-0.0259233	0.999322	-0.48251	-0.47853	37.6645	
0.999641	-0.000356433	0.0268059	-0.000356177	0.999647	0.0265746	-0.0268059	-0.0265746	0.999287	-0.506259	-0.502074	38.5608	
0.999623	-0.00037417	0.0274648	-0.000373894	0.999629	0.027227	-0.0274648	-0.027227	0.999252	-0.530598	-0.526204	39.4571	
0.999604	-0.000392372	0.0281248	-0.000392076	0.999611	0.0278807	-0.0281248	-0.0278807	0.999216	-0.55553	-0.550919	40.3534	
0.999586	-0.00041104	0.0287861	-0.000410724	0.999593	0.0285355	-0.0287861	-0.0285355	0.999178	-0.581053	-0.57622	41.2497	
0.999566	-0.000430177	0.0294486	-0.000429839	0.999574	0.0291914	-0.0294486	-0.0291914	0.99914	-0.607171	-0.60211	42.1459	
0.999546	-0.000449785	0.0301122	-0.000449423	0.999554	0.0298485	-0.0301122	-0.0298485	0.999101	-0.633883	-0.628589	43.0421	
0.999526	-0.000469863	0.030777	-0.000469478	0.999534	0.0305066	-0.030777	-0.0305066	0.999061	-0.661191	-0.655657	43.9382	
0.999505	-0.000490415	0.0314428	-0.000490005	0.999514	0.0311658	-0.0314428	-0.0311658	0.99902	-0.689095	-0.683316	44.8343	
0.999484	-0.000511441	0.0321097	-0.000511005	0.999493	0.031826	-0.0321097	-0.031826	0.998978	-0.717598	-0.711567	45.7304	
0.999463	-0.000532943	0.0327777	-0.000532479	0.999472	0.0324872	-0.0327777	-0.0324872	0.998935	-0.746699	-0.74041	46.6264	
0.99944	-0.000554922	0.0334467	-0.00055443	0.99945	0.0331494	-0.0334467	-0.0331494	0.998891	-0.776399	-0.769847	47.5224	
0.999418	-0.000577379	0.0341166	-0.000576857	0.999428	0.0338125	-0.0341166	-0.0338125	0.998846	-0.8067	-0.799879	48.4184	
0.999395	-0.000600315	0.0347876	-0.000599763	0.999405	0.0344766	-0.0347876	-0.0344766	0.9988	-0.837603	-0.830505	49.3143	
0.999371	-0.000623731	0.0354595	-0.000623147	0.999382	0.0351416	-0.0354595	-0.0351416	0.998753	-0.869108	-0.861728	50.2101	
0.999347	-0.000647629	0.0361323	-0.000647011	0.999359	0.0358074	-0.0361323	-0.0358074	0.998705	-0.901215	-0.893548	51.106	
0.999322	-0.000672008	0.0368059	-0.000671357	0.999334	0.0364741	-0.036806	-0.0364741	0.998657	-0.933927	-0.925965	52.0018	
0.999297	-0.000696871	0.0374805	-0.000696184	0.99931	0.0371416	-0.0374805	-0.0371416	0.998607	-0.967243	-0.95898	52.8975	
0.999172	-0.000813824	0.0406871	-0.000639896	0.999362	0.0357035	-0.0406902	-0.0357	0.998534	-1.0023	-0.991649	53.7932	
0.999036	-0.000926219	0.0438953	-0.000579076	0.999413	0.0342677	-0.0439013	-0.0342601	0.998448	-1.04024	-1.02302	54.6888	
0.998889	-0.00103405	0.0471051	-0.00051373	0.999461	0.0328341	-0.0471137	-0.0328218	0.99835	-1.08106	-1.05311	55.5843	
0.998733	-0.00113732	0.0503163	-0.000443864	0.999507	0.0314025	-0.0503272	-0.031385	0.99824	-1.12476	-1.08191	56.4798	
0.998566	-0.00123602	0.0535288	-0.000369484	0.999551	0.0299729	-0.0535418	-0.0299497	0.998116	-1.17134	-1.10941	57.3751	
0.998388	-0.00133014	0.0567424	-0.000290595	0.999592	0.0285452	-0.0567572	-0.0285157	0.997981	-1.22081	-1.13563	58.2703	
0.9982	-0.00141969	0.059957	-0.000207201	0.999632	0.0271194	-0.0599734	-0.027083	0.997833	-1.27316	-1.16057	59.1654	
0.998001	-0.00150467	0.0631724	-0.000119304	0.99967	0.0256953	-0.0631902	-0.0256515	0.997672	-1.3284	-1.18422	60.0604	
0.997793	-0.00158506	0.0663886	-2.6909e-05	0.999705	0.0242729	-0.0664075	-0.0242211	0.997499	-1.38652	-1.20659	60.9552	
0.997573	-0.00166087	0.0696053	6.99843e-05	0.999739	0.022852	-0.0696251	-0.0227917	0.997313	-1.44753	-1.22767	61.8498	
0.997343	-0.00173209	0.0728225	0.000171375	0.99977	0.0214326	-0.0728429	-0.0213632	0.997115	-1.51143	-1.24747	62.7443	
0.997103	-0.00179873	0.07604	0.000277262	0.9998	0.0200147	-0.0760607	-0.0199356	0.996904	-1.57821	-1.266	63.6386	
0.996852	-0.00186078	0.0792576	0.000387646	0.999827	0.018598	-0.0792785	-0.0185087	0.996681	-1.64787	-1.28324	64.5327	
0.996591	-0.00191824	0.0824753	0.00050253	0.999852	0.0171826	-0.0824961	-0.0170826	0.996445	-1.72043	-1.2992	65.4266	
0.99632	-0.00197111	0.0856929	0.000621916	0.999875	0.0157683	-0.0857133	-0.015657	0.996197	-1.79587	-1.31388	66.3202	
0.996038	-0.00201938	0.0889102	0.000745806	0.999897	0.0143551	-0.08893	-0.0142319	0.995936	-1.87419	-1.32729	67.2137	
0.995745	-0.00206305	0.0921271	0.000874205	0.999916	0.0129429	-0.0921461	-0.0128073	0.995663	-1.9554	-1.33942	68.1069	
0.995442	-0.00210213	0.0953436	0.00100712	0.999933	0.0115316	-0.0953614	-0.011383	0.995378	-2.0395	-1.35026	68.9998	
0.995129	-0.00213661	0.0985593	0.00114455	0.999948	0.0101211	-0.0985758	-0.00995897	0.99508	-2.12647	-1.35984	69.8925	
0.994805	-0.00216649	0.101774	0.0012865	0.999961	0.00871129	-0.101789	-0.00853511	0.994769	-2.21634	-1.36813	70.785	
0.994471	-0.00219177	0.104988	0.00143299	0.999972	0.00730215	-0.105001	-0.00711133	0.994447	-2.30908	-1.37515	71.6771	
0.992504	-0.00219119	0.122189	0.00305188	0.999972	-0.00685725	-0.12217	0.00717875	0.992483	-2.41097	-1.37512	72.5682	
0.990241	-0.00194323	0.139351	0.00491502	0.999768	-0.0209851	-0.139277	0.0214652	0.990021	-2.52823	-1.36227	73.4574	
0.987682	-0.00144801	0.156466	0.00702149	0.99936	-0.0350743	-0.156315	0.0357409	0.98706	-2.6608	-1.33661	74.3441	
0.984829	-0.000705787	0.173525	0.00937022	0.998749	-0.0491178	-0.173273	0.0499986	0.983604	-2.80862	-1.29816	75.228	
0.981683	0.000283066	0.19052	0.01196	0.997935	-0.0631085	-0.190145	0.0642312	0.979653	-2.97162	-1.24693	76.1085	
0.978246	0.00151805	0.207443	0.0147896	0.996918	-0.0770394	-0.206921	0.0784314	0.975209	-3.1497	-1.18294	76.9853	
0.974519	0.00299856	0.224284	0.0178576	0.9957	-0.0909034	-0.223593	0.0925923	0.970275	-3.34279	-1.10624	77.8578	
0.970505	0.00472383	0.241036	0.0211623	0.994279	-0.104694	-0.240152	0.106707	0.964853	-3.55078	-1.01685	78.7257	
0.966204	0.006693	0.25769	0.0247023	0.992658	-0.118403	-0.256591	0.120767	0.958946	-3.77357	-0.914828	79.5886	
0.961621	0.00890508	0.274237	0.0284756	0.990837	-0.132025	-0.2729	0.134767	0.952556	-4.01105	-0.80022	80.4459	
0.956756	0.011359	0.29067	0.0324803	0.988817	-0.145552	-0.289073	0.148699	0.945688	-4.26309	-0.673084	81.2972	
0.951612	0.0140534	0.306979	0.0367146	0.986599	-0.158979	-0.3051	0.162557	0.938344	-4.52958	-0.533485	82.1422	
0.946193	0.0169871	0.323158	0.0411761	0.984184	-0.172297	-0.320973	0.176332	0.930528	-4.81038	-0.381492	82.9804	
0.9405	0.0201585	0.339197	0.0458628	0.981573	-0.1855	-0.336686	0.190019	0.922245	-5.10534	-0.217182	83.8114	
0.934536	0.023566	0.355088	0.0507722	0.978768	-0.198582	-0.352229	0.203611	0.913498	-5.41432	-0.0406375	84.6348	
0.928304	0.027208	0.370824	0.0559018	0.97577	-0.211536	-0.367595	0.2171	0.904291	-5.73717	0.148052	85.45	
0.921809	0.0310825	0.386397	0.0612492	0.972581	-0.224356	-0.382776	0.230479	0.89463	-6.07371	0.348793	86.2569	
0.915052	0.0351877	0.401798	0.0668115	0.969201	-0.237034	-0.397764	0.243743	0.884518	-6.42378	0.561484	87.0548	
0.908037	0.0395215	0.417021	0.072586	0.965634	-0.249566	-0.412553	0.256885	0.873963	-6.78721	0.786018	87.8435	
