1	0	0	0	1	0	0	0	1	0	0	0	
0.999995	6.52425e-06	0.00329564	6.52425e-06	0.999992	-0.0039593	-0.00329564	0.0039593	0.999987	-0.00149552	0.00179669	0.907572	
0.999978	2.61027e-05	0.00659245	2.60945e-05	0.999969	-0.00791752	-0.00659245	0.00791752	0.999947	-0.00598262	0.00718626	1.81512	
0.999951	5.87416e-05	0.00989034	5.87087e-05	0.999929	-0.0118745	-0.00989034	0.0118745	0.999881	-0.0134623	0.0161677	2.72262	
0.999913	0.000104447	0.0131892	0.000104365	0.999875	-0.0158303	-0.0131892	0.0158303	0.999788	-0.0239356	0.0287398	3.63005	
0.999864	0.000163224	0.016489	0.000163059	0.999804	-0.0197846	-0.016489	0.0197846	0.999668	-0.0374033	0.0449014	4.53738	
0.999804	0.000235078	0.0197897	0.00023479	0.999718	-0.0237374	-0.0197897	0.0237374	0.999522	-0.0538661	0.0646512	5.44459	
0.999733	0.000320014	0.023091	0.000319553	0.999617	-0.0276886	-0.023091	0.0276886	0.99935	-0.0733249	0.0879878	6.35165	
0.999652	0.000418036	0.026393	0.000417344	0.999499	-0.0316381	-0.026393	0.0316381	0.999151	-0.0957803	0.11491	7.25855	
0.999559	0.000529148	0.0296956	0.00052816	0.999366	-0.0355857	-0.0296956	0.0355857	0.998925	-0.121233	0.145415	8.16526	
0.999455	0.000653354	0.0329986	0.000651996	0.999218	-0.0395315	-0.0329986	0.0395315	0.998673	-0.149683	0.179502	9.07174	
0.999341	0.000790657	0.036302	0.000788847	0.999054	-0.0434752	-0.036302	0.0434751	0.998395	-0.18113	0.21717	9.97799	
0.999215	0.00094106	0.0396057	0.000938707	0.998875	-0.0474167	-0.0396057	0.0474167	0.99809	-0.215577	0.258415	10.884	
0.999078	0.00110457	0.0429096	0.00110157	0.99868	-0.051356	-0.0429096	0.0513559	0.997758	-0.253021	0.303237	11.7897	
0.998931	0.00128118	0.0462136	0.00127743	0.998469	-0.055293	-0.0462137	0.0552929	0.9974	-0.293464	0.351633	12.695	
0.998772	0.00147089	0.0495176	0.00146629	0.998243	-0.0592274	-0.0495177	0.0592273	0.997016	-0.336906	0.403601	13.6001	
0.998603	0.00167372	0.0528215	0.00166813	0.998002	-0.0631594	-0.0528217	0.0631592	0.996605	-0.383347	0.459139	14.5048	
0.998422	0.00188966	0.0561253	0.00188295	0.997745	-0.0670886	-0.0561255	0.0670885	0.996167	-0.432786	0.518244	15.4091	
0.99823	0.0021187	0.0594288	0.00211073	0.997473	-0.0710151	-0.0594291	0.0710149	0.995703	-0.485223	0.580914	16.313	
0.998028	0.00236086	0.062732	0.00235149	0.997185	-0.0749388	-0.0627323	0.0749385	0.995213	-0.540659	0.647146	17.2164	
0.997814	0.00261612	0.0660348	0.00260519	0.996882	-0.0788594	-0.0660352	0.078859	0.994696	-0.599092	0.716937	18.1194	
0.997589	0.0028845	0.069337	0.00287184	0.996564	-0.082777	-0.0693375	0.0827765	0.994153	-0.660522	0.790286	19.0219	
0.997353	0.00316598	0.0726386	0.00315143	0.99623	-0.0866913	-0.0726393	0.0866908	0.993584	-0.72495	0.867188	19.9239	
0.997106	0.00346058	0.0759396	0.00344395	0.995881	-0.0906024	-0.0759403	0.0906018	0.992988	-0.792374	0.947642	20.8254	
0.996848	0.00376828	0.0792397	0.00374939	0.995517	-0.0945101	-0.0792406	0.0945094	0.992365	-0.862793	1.03164	21.7264	
0.996579	0.00408908	0.082539	0.00406773	0.995137	-0.0984143	-0.08254	0.0984134	0.991717	-0.936207	1.11919	22.6267	
0.996299	0.00442299	0.0858373	0.00439897	0.994742	-0.102315	-0.0858385	0.102314	0.991042	-1.01262	1.21028	23.5265	
0.996008	0.00477	0.0891345	0.00474311	0.994332	-0.106212	-0.0891359	0.106211	0.99034	-1.09202	1.3049	24.4256	
0.995706	0.0051301	0.0924306	0.00510011	0.993907	-0.110105	-0.0924322	0.110103	0.989613	-1.17441	1.40306	25.3241	
0.995393	0.0055033	0.0957254	0.00546999	0.993466	-0.113994	-0.0957273	0.113992	0.988859	-1.2598	1.50476	26.2219	
0.995068	0.00588959	0.099019	0.00585272	0.993011	-0.117879	-0.0990211	0.117877	0.988079	-1.34817	1.60998	27.119	
0.994733	0.00628896	0.102311	0.00624829	0.99254	-0.12176	-0.102314	0.121758	0.987272	-1.43953	1.71872	28.0154	
0.994386	0.00670142	0.105602	0.00665668	0.992054	-0.125637	-0.105604	0.125635	0.98644	-1.53388	1.83098	28.911	
0.994028	0.00712695	0.108891	0.0070779	0.991553	-0.12951	-0.108894	0.129507	0.985581	-1.63122	1.94676	29.8059	
0.993659	0.00756555	0.112178	0.00751192	0.991037	-0.133378	-0.112182	0.133375	0.984696	-1.73154	2.06606	30.7	
0.993279	0.00801722	0.115463	0.00795873	0.990506	-0.137241	-0.115468	0.137238	0.983785	-1.83485	2.18886	31.5933	
0.992888	0.00848195	0.118747	0.00841832	0.98996	-0.1411	-0.118752	0.141096	0.982848	-1.94113	2.31516	32.4857	
0.992486	0.00895974	0.122029	0.00889066	0.989398	-0.144954	-0.122034	0.14495	0.981885	-2.0504	2.44497	33.3773	
0.992073	0.00945057	0.125308	0.00937576	0.988822	-0.148804	-0.125314	0.148799	0.980895	-2.16264	2.57827	34.268	
0.991648	0.00995444	0.128586	0.00987359	0.988231	-0.152648	-0.128592	0.152643	0.97988	-2.27786	2.71506	35.1578	
0.991213	0.0104713	0.131861	0.0103841	0.987625	-0.156488	-0.131868	0.156482	0.978838	-2.39606	2.85534	36.0466	
0.990766	0.0110013	0.135134	0.0109074	0.987005	-0.160322	-0.135142	0.160316	0.977771	-2.51722	2.9991	36.9345	
0.990308	0.0115442	0.138405	0.0114433	0.986369	-0.164151	-0.138413	0.164144	0.976677	-2.64136	3.14633	37.8214	
0.98984	0.0121002	0.141673	0.0119919	0.985718	-0.167975	-0.141682	0.167967	0.975558	-2.76846	3.29704	38.7073	
0.98936	0.0126691	0.144938	0.0125532	0.985053	-0.171793	-0.144948	0.171785	0.974413	-2.89853	3.45122	39.5922	
0.988868	0.0132511	0.148201	0.0131271	0.984373	-0.175606	-0.148212	0.175596	0.973242	-3.03157	3.60885	40.476	
0.988366	0.013846	0.151461	0.0137136	0.983678	-0.179413	-0.151473	0.179403	0.972045	-3.16756	3.76995	41.3588	
0.987853	0.0144539	0.154718	0.0143127	0.982969	-0.183214	-0.154731	0.183203	0.970822	-3.30651	3.93449	42.2404	
0.987328	0.0150747	0.157972	0.0149244	0.982245	-0.18701	-0.157987	0.186998	0.969573	-3.44842	4.10249	43.1209	
0.986793	0.0157085	0.161223	0.0155487	0.981506	-0.1908	-0.161239	0.190786	0.968299	-3.59328	4.27392	44.0003	
0.986246	0.0163553	0.164471	0.0161855	0.980752	-0.194583	-0.164488	0.194569	0.966999	-3.74109	4.44879	44.8785	
0.985688	0.0170149	0.167716	0.0168349	0.979984	-0.198361	-0.167734	0.198345	0.965673	-3.89185	4.62709	45.7556	
0.98512	0.0176875	0.170958	0.0174967	0.979202	-0.202132	-0.170977	0.202115	0.964322	-4.04555	4.80882	46.6314	
0.98454	0.018373	0.174196	0.0181711	0.978405	-0.205897	-0.174217	0.205879	0.962945	-4.2022	4.99396	47.5059	
0.983949	0.0190714	0.17743	0.0188579	0.977593	-0.209655	-0.177453	0.209636	0.961542	-4.36178	5.18252	48.3793	
0.983346	0.0197826	0.180661	0.0195571	0.976768	-0.213407	-0.180686	0.213387	0.960114	-4.5243	5.37448	49.2513	
0.982733	0.0205067	0.183888	0.0202688	0.975927	-0.217153	-0.183915	0.217131	0.95866	-4.68975	5.56984	50.122	
0.982109	0.0212437	0.187112	0.0209929	0.975072	-0.220892	-0.18714	0.220868	0.957181	-4.85813	5.7686	50.9914	
0.981473	0.0219935	0.190332	0.0217294	0.974203	-0.224623	-0.190362	0.224598	0.955677	-5.02944	5.97075	51.8594	
0.980827	0.0227561	0.193547	0.0224782	0.97332	-0.228348	-0.19358	0.228321	0.954147	-5.20367	6.17628	52.7261	
0.980169	0.0235315	0.196759	0.0232394	0.972422	-0.232066	-0.196794	0.232037	0.952592	-5.38082	6.38518	53.5913	
0.978939	0.0249773	0.202618	0.0243841	0.971077	-0.237518	-0.20269	0.237456	0.950016	-5.5621	6.59824	54.4547	
0.977673	0.0264563	0.208461	0.0255628	0.9697	-0.242956	-0.208572	0.24286	0.947374	-5.74873	6.8162	55.3157	
0.97637	0.0279686	0.214287	0.0267753	0.968293	-0.248379	-0.214439	0.248247	0.944663	-5.94068	7.03906	56.1743	
0.975032	0.029514	0.220096	0.0280215	0.966854	-0.253787	-0.220291	0.253618	0.941886	-6.13796	7.2668	57.0304	
0.973657	0.0310924	0.225888	0.0293014	0.965385	-0.25918	-0.226127	0.258971	0.939042	-6.34054	7.49941	57.884	
0.972246	0.0327038	0.231662	0.0306148	0.963884	-0.264557	-0.231948	0.264306	0.936132	-6.54841	7.73687	58.7349	
0.9708	0.034348	0.237419	0.0319617	0.962353	-0.269917	-0.237752	0.269623	0.933155	-6.76156	7.97916	59.5832	
0.969318	0.0360249	0.243157	0.0333419	0.960791	-0.27526	-0.243539	0.274922	0.930111	-6.97996	8.22627	60.4287	
0.9678	0.0377344	0.248876	0.0347553	0.959199	-0.280586	-0.249309	0.280201	0.927002	-7.20361	8.47818	61.2714	
0.966247	0.0394765	0.254576	0.0362018	0.957577	-0.285894	-0.255062	0.28546	0.923827	-7.43249	8.73487	62.1113	
0.964658	0.041251	0.260256	0.0376813	0.955925	-0.291184	-0.260797	0.2907	0.920586	-7.66658	8.99633	62.9483	
0.963034	0.0430579	0.265917	0.0391937	0.954242	-0.296455	-0.266514	0.295918	0.91728	-7.90587	9.26253	63.7823	
0.961374	0.0448969	0.271558	0.0407387	0.95253	-0.301707	-0.272213	0.301116	0.913909	-8.15034	9.53346	64.6133	
0.95968	0.046768	0.277178	0.0423164	0.950788	-0.306939	-0.277892	0.306292	0.910473	-8.39997	9.80909	65.4412	
0.95795	0.0486711	0.282777	0.0439265	0.949016	-0.312151	-0.283553	0.311447	0.906972	-8.65475	10.0894	66.2659	
0.956185	0.0506061	0.288355	0.0455689	0.947216	-0.317343	-0.289194	0.316578	0.903408	-8.91466	10.3744	67.0874	
0.954386	0.0525728	0.293911	0.0472435	0.945385	-0.322513	-0.294815	0.321687	0.899779	-9.17968	10.664	67.9057	
0.952552	0.0545711	0.299445	0.0489501	0.943526	-0.327662	-0.300415	0.326773	0.896086	-9.44979	10.9583	68.7207	
0.950683	0.056601	0.304957	0.0506886	0.941638	-0.332789	-0.305995	0.331835	0.89233	-9.72497	11.2572	69.5322	
0.944741	0.0629692	0.321714	0.0546449	0.937398	-0.343946	-0.323233	0.34252	0.882157	-10.0105	11.5632	70.3375	
0.938474	0.0695377	0.338275	0.0588169	0.933025	-0.354973	-0.340303	0.353029	0.87153	-10.3116	11.8789	71.1333	
0.931888	0.0763029	0.354631	0.0632025	0.92852	-0.365863	-0.357199	0.363356	0.860454	-10.6282	12.204	71.9193	
0.924983	0.0832614	0.370774	0.0677993	0.923887	-0.37661	-0.373911	0.373497	0.848935	-10.9599	12.5383	72.6951	
0.917765	0.0904096	0.386695	0.0726051	0.919128	-0.387211	-0.39043	0.383444	0.83698	-11.3068	12.8818	73.4601	
0.910237	0.0977438	0.402386	0.0776174	0.914245	-0.397658	-0.406748	0.393195	0.824593	-11.6686	13.2343	74.2142	
0.902403	0.10526	0.417839	0.0828336	0.90924	-0.407947	-0.422857	0.402743	0.811782	-12.0451	13.5955	74.9568	
0.894266	0.112955	0.433047	0.088251	0.904117	-0.418072	-0.438748	0.412084	0.798553	-12.4361	13.9653	75.6876	
0.885831	0.120824	0.448	0.0938667	0.898878	-0.428028	-0.454414	0.421213	0.784913	-12.8414	14.3434	76.4061	
0.877103	0.128864	0.462692	0.0996781	0.893525	-0.43781	-0.469845	0.430125	0.770869	-13.2608	14.7298	77.1122	
0.868086	0.13707	0.477115	0.105682	0.888062	-0.447413	-0.485034	0.438815	0.756428	-13.6942	15.1241	77.8053	
0.858784	0.145438	0.491262	0.111875	0.88249	-0.456831	-0.499974	0.447279	0.741597	-14.1412	15.5262	78.4851	
0.849202	0.153963	0.505125	0.118255	0.876814	-0.466061	-0.514657	0.455514	0.726385	-14.6016	15.9359	79.1513	
0.839346	0.162642	0.518697	0.124817	0.871035	-0.475098	-0.529074	0.463514	0.710799	-15.0753	16.353	79.8035	
0.829219	0.17147	0.531971	0.131559	0.865158	-0.483936	-0.543219	0.471275	0.694847	-15.5619	16.7772	80.4414	
0.818829	0.180442	0.544941	0.138477	0.859184	-0.492571	-0.557085	0.478793	0.678538	-16.0612	17.2083	81.0646	
0.808179	0.189553	0.557599	0.145568	0.853118	-0.500999	-0.570664	0.486065	0.661879	-16.573	17.6462	81.6729	
0.797275	0.1988	0.569939	0.152828	0.846961	-0.509215	-0.583949	0.493087	0.644879	-17.0969	18.0905	82.2659	
0.786123	0.208177	0.581956	0.160253	0.840718	-0.517216	-0.596933	0.499855	0.627547	-17.6328	18.5411	82.8434	
0.774729	0.217679	0.593641	0.167839	0.834392	-0.524996	-0.60961	0.506366	0.609893	-18.1804	18.9978	83.4049	
