1	0	0	0	1	0	0	0	1	0	0	0	
0.999997	3.1404e-06	-0.00223637	3.1404e-06	0.999996	0.00280846	0.00223637	-0.00280846	0.999994	0.000884385	-0.00111062	0.790907	
0.99999	1.25793e-05	-0.00447662	1.25711e-05	0.999984	0.00561809	0.00447662	-0.00561809	0.999974	0.00353907	-0.00444294	1.5818	
0.999977	2.8341e-05	-0.00672067	2.8308e-05	0.999964	0.00842882	0.00672067	-0.00842882	0.999942	0.0079671	-0.00999787	2.37268	
0.99996	5.04494e-05	-0.00896849	5.03667e-05	0.999937	0.0112406	0.00896849	-0.0112406	0.999897	0.0141715	-0.0177762	3.16353	
0.999937	7.89279e-05	-0.01122	7.87624e-05	0.999901	0.0140532	0.01122	-0.0140532	0.999838	0.0221551	-0.0277788	3.95433	
0.999909	0.0001138	-0.0134752	0.00011351	0.999858	0.0168668	0.0134752	-0.0168668	0.999767	0.0319209	-0.0400063	4.74509	
0.999876	0.000155087	-0.0157339	0.000154623	0.999806	0.0196811	0.0157339	-0.0196811	0.999682	0.0434718	-0.0544593	5.53578	
0.999838	0.000202814	-0.0179962	0.000202117	0.999747	0.0224962	0.0179962	-0.0224962	0.999585	0.0568106	-0.0711385	6.3264	
0.999795	0.000257	-0.020262	0.000256004	0.99968	0.0253119	0.020262	-0.0253119	0.999474	0.07194	-0.0900445	7.11694	
0.999746	0.000317669	-0.0225312	0.000316298	0.999604	0.0281281	0.0225312	-0.0281281	0.99935	0.0888628	-0.111178	7.90738	
0.999692	0.000384841	-0.0248038	0.000383011	0.999521	0.0309449	0.0248038	-0.0309449	0.999213	0.107582	-0.134538	8.69772	
0.999633	0.000458537	-0.0270796	0.000456156	0.99943	0.0337621	0.0270797	-0.033762	0.999063	0.128099	-0.160127	9.48795	
0.999569	0.000538777	-0.0293588	0.000535745	0.999331	0.0365796	0.0293588	-0.0365795	0.998899	0.150418	-0.187944	10.2781	
0.999499	0.000625582	-0.0316411	0.00062179	0.999223	0.0393973	0.0316412	-0.0393973	0.998723	0.174541	-0.217989	11.068	
0.999424	0.000718972	-0.0339266	0.0007143	0.999108	0.0422153	0.0339267	-0.0422152	0.998532	0.20047	-0.250263	11.8579	
0.999344	0.000818965	-0.0362151	0.000813288	0.998985	0.0450334	0.0362152	-0.0450333	0.998329	0.228208	-0.284766	12.6475	
0.999258	0.000925581	-0.0385067	0.000918764	0.998854	0.0478515	0.0385069	-0.0478514	0.998112	0.257757	-0.321498	13.437	
0.999167	0.00103884	-0.0408012	0.00103074	0.998715	0.0506696	0.0408014	-0.0506694	0.997882	0.28912	-0.360458	14.2263	
0.99907	0.00115876	-0.0430987	0.00114922	0.998568	0.0534876	0.043099	-0.0534874	0.997638	0.322299	-0.401648	15.0155	
0.998968	0.00128535	-0.045399	0.00127421	0.998413	0.0563054	0.0453993	-0.0563051	0.997381	0.357296	-0.445066	15.8044	
0.998861	0.00141864	-0.0477021	0.00140574	0.99825	0.0591229	0.0477025	-0.0591226	0.99711	0.394114	-0.490712	16.5932	
0.998748	0.00155864	-0.050008	0.00154379	0.998079	0.0619401	0.0500084	-0.0619398	0.996826	0.432754	-0.538587	17.3817	
0.998629	0.00170537	-0.0523165	0.00168839	0.9979	0.0647569	0.0523171	-0.0647565	0.996529	0.473219	-0.58869	18.17	
0.998505	0.00185884	-0.0546277	0.00183953	0.997713	0.0675733	0.0546283	-0.0675728	0.996218	0.515511	-0.64102	18.958	
0.998375	0.00201907	-0.0569414	0.00199723	0.997518	0.0703891	0.0569422	-0.0703885	0.995893	0.559632	-0.695577	19.7458	
0.99824	0.00218608	-0.0592576	0.0021615	0.997315	0.0732043	0.0592585	-0.0732035	0.995555	0.605584	-0.752361	20.5333	
0.9981	0.00235989	-0.0615763	0.00233233	0.997104	0.0760187	0.0615773	-0.0760179	0.995203	0.653369	-0.811372	21.3206	
0.997953	0.00254049	-0.0638974	0.00250974	0.996885	0.0788324	0.0638986	-0.0788315	0.994838	0.702989	-0.872608	22.1075	
0.997801	0.00272792	-0.0662208	0.00269373	0.996658	0.0816453	0.0662222	-0.0816442	0.994459	0.754446	-0.936069	22.8942	
0.997644	0.00292218	-0.0685464	0.00288431	0.996423	0.0844573	0.068548	-0.084456	0.994067	0.807742	-1.00175	23.6806	
0.99748	0.00312329	-0.0708743	0.00308148	0.99618	0.0872682	0.0708761	-0.0872667	0.99366	0.862878	-1.06966	24.4666	
0.997311	0.00333126	-0.0732044	0.00328524	0.995929	0.0900781	0.0732064	-0.0900765	0.993241	0.919856	-1.13979	25.2524	
0.997137	0.00354611	-0.0755365	0.00349561	0.995671	0.0928869	0.0755389	-0.092885	0.992807	0.978678	-1.21215	26.0378	
0.996956	0.00376784	-0.0778707	0.00371258	0.995404	0.0956945	0.0778733	-0.0956924	0.99236	1.03935	-1.28672	26.8228	
0.99677	0.00399647	-0.0802068	0.00393615	0.995129	0.0985008	0.0802098	-0.0984984	0.991899	1.10186	-1.36351	27.6075	
0.996578	0.00423201	-0.0825449	0.00416634	0.994847	0.101306	0.0825482	-0.101303	0.991425	1.16622	-1.44253	28.3918	
0.996381	0.00447447	-0.0848848	0.00440313	0.994556	0.104109	0.0848886	-0.104106	0.990937	1.23244	-1.52376	29.1757	
0.996177	0.00472386	-0.0872266	0.00464654	0.994258	0.106911	0.0872307	-0.106908	0.990435	1.3005	-1.6072	29.9593	
0.995968	0.00498019	-0.0895701	0.00489657	0.993951	0.109712	0.0895747	-0.109708	0.989919	1.37042	-1.69287	30.7424	
0.995753	0.00524348	-0.0919152	0.00515322	0.993637	0.112511	0.0919203	-0.112507	0.98939	1.44219	-1.78074	31.5252	
0.995532	0.00551373	-0.094262	0.00541648	0.993315	0.115308	0.0942676	-0.115303	0.988847	1.51582	-1.87083	32.3075	
0.995305	0.00579096	-0.0966103	0.00568637	0.992985	0.118103	0.0966166	-0.118098	0.98829	1.59131	-1.96313	33.0893	
0.995073	0.00607516	-0.0989602	0.00596287	0.992647	0.120897	0.098967	-0.120891	0.98772	1.66865	-2.05764	33.8708	
0.994834	0.00636635	-0.101311	0.00624599	0.992301	0.123689	0.101319	-0.123682	0.987136	1.74786	-2.15436	34.6517	
0.99459	0.00666454	-0.103664	0.00653574	0.991948	0.126478	0.103672	-0.126472	0.986538	1.82892	-2.25328	35.4322	
0.99434	0.00696974	-0.106018	0.0068321	0.991586	0.129266	0.106027	-0.129258	0.985926	1.91185	-2.35441	36.2122	
0.994084	0.00728195	-0.108373	0.00713508	0.991217	0.132051	0.108383	-0.132043	0.985301	1.99664	-2.45774	36.9918	
0.993821	0.00760117	-0.11073	0.00744467	0.99084	0.134835	0.11074	-0.134826	0.984662	2.08329	-2.56328	37.7708	
0.993553	0.00792743	-0.113087	0.00776088	0.990455	0.137616	0.113099	-0.137606	0.984009	2.17181	-2.67101	38.5493	
0.993279	0.00826072	-0.115446	0.0080837	0.990063	0.140394	0.115459	-0.140384	0.983342	2.2622	-2.78095	39.3273	
0.992999	0.00860104	-0.117806	0.00841313	0.989662	0.143171	0.117819	-0.14316	0.982662	2.35445	-2.89308	40.1048	
0.992713	0.00894841	-0.120167	0.00874916	0.989254	0.145945	0.120181	-0.145933	0.981968	2.44857	-3.0074	40.8817	
0.992421	0.00930283	-0.122528	0.00909179	0.988838	0.148716	0.122544	-0.148703	0.98126	2.54455	-3.12391	41.6581	
0.992123	0.0096643	-0.124891	0.00944103	0.988415	0.151485	0.124908	-0.151471	0.980538	2.64241	-3.24262	42.4339	
0.991572	0.010323	-0.129145	0.00952314	0.988316	0.152118	0.129206	-0.152066	0.979889	2.7429	-3.36265	43.2091	
0.991001	0.0109857	-0.133405	0.0096088	0.988217	0.152757	0.133512	-0.152664	0.979218	2.84679	-3.48316	43.9839	
0.990409	0.0116525	-0.137672	0.00969806	0.988116	0.153401	0.137824	-0.153265	0.978527	2.95409	-3.60414	44.7581	
0.989798	0.0123233	-0.141945	0.00979093	0.988015	0.15405	0.142142	-0.153868	0.977814	3.06481	-3.7256	45.5317	
0.989166	0.0129981	-0.146224	0.00988745	0.987911	0.154704	0.146467	-0.154473	0.97708	3.17894	-3.84753	46.3048	
0.988514	0.0136769	-0.150507	0.00998766	0.987807	0.155362	0.150797	-0.155081	0.976325	3.29649	-3.96995	47.0773	
0.987842	0.0143597	-0.154795	0.0100916	0.987702	0.156025	0.155132	-0.15569	0.975548	3.41747	-4.09285	47.8492	
0.98715	0.0150464	-0.159088	0.0101992	0.987595	0.156692	0.159472	-0.156301	0.974751	3.54189	-4.21622	48.6204	
0.986437	0.015737	-0.163384	0.0103106	0.987487	0.157364	0.163816	-0.156914	0.973931	3.66973	-4.34009	49.391	
0.985704	0.0164314	-0.167684	0.0104257	0.987378	0.158039	0.168165	-0.157528	0.973091	3.80102	-4.46443	50.161	
0.98495	0.0171297	-0.171988	0.0105447	0.987268	0.158718	0.172517	-0.158143	0.972229	3.93574	-4.58927	50.9303	
0.984176	0.0178318	-0.176294	0.0106674	0.987156	0.159401	0.176872	-0.158759	0.971345	4.07391	-4.71459	51.6989	
0.983382	0.0185377	-0.180602	0.0107939	0.987044	0.160087	0.18123	-0.159376	0.970441	4.21552	-4.8404	52.4668	
0.982566	0.0192473	-0.184913	0.0109243	0.98693	0.160776	0.18559	-0.159993	0.969514	4.36058	-4.96669	53.2339	
0.981731	0.0199607	-0.189225	0.0110584	0.986816	0.161469	0.189953	-0.160611	0.968567	4.50909	-5.09348	54.0004	
0.980875	0.0206777	-0.193538	0.0111964	0.9867	0.162164	0.194317	-0.161229	0.967598	4.66105	-5.22075	54.766	
0.979998	0.0213983	-0.197853	0.0113382	0.986584	0.162862	0.198683	-0.161848	0.966608	4.81647	-5.34851	55.5309	
0.979101	0.0221225	-0.202168	0.0114838	0.986466	0.163562	0.20305	-0.162466	0.965596	4.97534	-5.47677	56.295	
0.978183	0.0228503	-0.206483	0.0116332	0.986348	0.164265	0.207417	-0.163083	0.964563	5.13766	-5.60551	57.0583	
0.977245	0.0235817	-0.210798	0.0117865	0.986228	0.16497	0.211785	-0.1637	0.963509	5.30343	-5.73473	57.8208	
0.976287	0.0243165	-0.215112	0.0119435	0.986108	0.165676	0.216152	-0.164317	0.962434	5.47266	-5.86445	58.5824	
0.975308	0.0250547	-0.219425	0.0121043	0.985987	0.166385	0.220519	-0.164932	0.961337	5.64535	-5.99465	59.3432	
0.974308	0.0257963	-0.223737	0.0122688	0.985865	0.167094	0.224885	-0.165546	0.960219	5.82148	-6.12534	60.1031	
0.973288	0.0265413	-0.228048	0.0124371	0.985742	0.167806	0.22925	-0.16616	0.959081	6.00107	-6.25652	60.8621	
0.972248	0.0272895	-0.232356	0.0126091	0.985618	0.168518	0.233613	-0.166771	0.957921	6.18412	-6.38818	61.6201	
0.971187	0.028041	-0.236662	0.0127848	0.985493	0.169231	0.237975	-0.167381	0.95674	6.37061	-6.52032	62.3773	
0.970106	0.0287957	-0.240966	0.0129642	0.985368	0.169945	0.242334	-0.167989	0.955539	6.56055	-6.65294	63.1335	
0.969005	0.0295536	-0.245266	0.0131472	0.985242	0.17066	0.24669	-0.168595	0.954316	6.75394	-6.78605	63.8888	
0.967884	0.0303146	-0.249563	0.0133337	0.985116	0.171375	0.251043	-0.169199	0.953073	6.95077	-6.91963	64.6431	
0.966743	0.0310786	-0.253856	0.0135239	0.984988	0.17209	0.255393	-0.1698	0.95181	7.15104	-7.05369	65.3964	
0.965581	0.0318456	-0.258145	0.0137176	0.98486	0.172806	0.25974	-0.170399	0.950526	7.35475	-7.18822	66.1487	
0.9644	0.0326155	-0.262429	0.0139147	0.984732	0.173521	0.264082	-0.170995	0.949222	7.5619	-7.32323	66.8999	
0.963199	0.0333883	-0.266709	0.0141153	0.984603	0.174235	0.268419	-0.171588	0.947897	7.77248	-7.4587	67.6501	
0.961978	0.0341639	-0.270983	0.0143193	0.984473	0.174949	0.272752	-0.172178	0.946552	7.98649	-7.59465	68.3993	
0.960737	0.0349423	-0.275252	0.0145267	0.984343	0.175663	0.27708	-0.172764	0.945187	8.20392	-7.73106	69.1474	
0.959477	0.0357234	-0.279515	0.0147373	0.984213	0.176375	0.281403	-0.173347	0.943803	8.42478	-7.86793	69.8944	
0.958197	0.0365071	-0.283771	0.0149511	0.984082	0.177086	0.285719	-0.173926	0.942398	8.64905	-8.00526	70.6403	
0.954106	0.0388393	-0.296938	0.0108621	0.986413	0.163924	0.29927	-0.159626	0.940721	8.88039	-8.13717	71.385	
0.949828	0.0409711	-0.310079	0.00658452	0.988544	0.150787	0.312705	-0.145263	0.938677	9.12241	-8.25774	72.1283	
0.945362	0.0429016	-0.323189	0.00211994	0.990474	0.137681	0.326017	-0.130844	0.936265	9.375	-8.36693	72.8698	
0.94071	0.0446302	-0.336262	-0.00252985	0.992202	0.124612	0.339201	-0.116373	0.933488	9.63808	-8.4647	73.6092	
0.935876	0.046156	-0.349294	-0.00736302	0.993728	0.111584	0.352253	-0.101857	0.930345	9.91152	-8.551	74.3463	
0.930859	0.0474786	-0.362279	-0.0123777	0.99505	0.0986026	0.365168	-0.087301	0.926839	10.1952	-8.62581	75.0807	
0.925664	0.0485974	-0.375213	-0.0175719	0.996168	0.0856727	0.377939	-0.0727109	0.922971	10.4891	-8.68909	75.8123	
0.92029	0.049512	-0.388091	-0.0229436	0.997083	0.0727994	0.390563	-0.0580924	0.918741	10.793	-8.74082	76.5406	
