1	0	0	0	1	0	0	0	1	0	0	0	
1	-1.11303e-08	-0.000902246	-1.11303e-08	1	-2.46725e-05	0.000902246	2.46725e-05	1	0.00044611	1.21992e-05	0.988889	
0.999998	-4.44886e-08	-0.00180664	-4.4212e-08	1	-4.9097e-05	0.00180664	4.9097e-05	0.999998	0.0017855	4.86741e-05	1.97778	
0.999996	-9.99516e-08	-0.00271313	-9.88426e-08	1	-7.3271e-05	0.00271313	7.3271e-05	0.999996	0.00402028	0.000109178	2.96666	
0.999993	-1.77389e-07	-0.00362168	-1.7461e-07	1	-9.7192e-05	0.00362168	9.7192e-05	0.999993	0.00715249	0.000193463	3.95555	
0.99999	-2.76664e-07	-0.00453225	-2.71094e-07	1	-0.000120857	0.00453225	0.000120857	0.99999	0.0111842	0.000301276	4.94443	
0.999985	-3.97632e-07	-0.00544478	-3.87862e-07	1	-0.000144265	0.00544478	0.000144264	0.999985	0.0161172	0.000432364	5.9333	
0.99998	-5.40143e-07	-0.00635925	-5.24477e-07	1	-0.000167411	0.00635925	0.000167411	0.99998	0.0219537	0.00058647	6.92218	
0.999974	-7.04038e-07	-0.00727559	-6.80489e-07	1	-0.000190295	0.00727559	0.000190295	0.999974	0.0286954	0.000763336	7.91104	
0.999966	-8.89154e-07	-0.00819378	-8.5544e-07	1	-0.000212913	0.00819378	0.000212913	0.999966	0.0363441	0.0009627	8.8999	
0.999958	-1.09532e-06	-0.00911376	-1.04887e-06	1	-0.000235264	0.00911376	0.000235264	0.999958	0.0449017	0.0011843	9.88875	
0.99995	-1.32236e-06	-0.0100355	-1.26029e-06	1	-0.000257345	0.0100355	0.000257345	0.99995	0.05437	0.00142787	10.8776	
0.99994	-1.57008e-06	-0.0109589	-1.48924e-06	1	-0.000279154	0.0109589	0.000279153	0.99994	0.0647505	0.00169314	11.8664	
0.999929	-1.8383e-06	-0.011884	-1.73521e-06	1	-0.000300688	0.011884	0.000300688	0.999929	0.0760451	0.00197983	12.8553	
0.999918	-2.12683e-06	-0.0128107	-1.99771e-06	1	-0.000321947	0.0128107	0.000321946	0.999918	0.0882553	0.00228769	13.8441	
0.999906	-2.43545e-06	-0.013739	-2.27624e-06	1	-0.000342926	0.013739	0.000342925	0.999906	0.101383	0.00261643	14.8329	
0.999892	-2.76397e-06	-0.0146689	-2.57027e-06	1	-0.000363625	0.0146689	0.000363624	0.999892	0.115429	0.00296578	15.8217	
0.999878	-3.11216e-06	-0.0156002	-2.8793e-06	1	-0.000384041	0.0156002	0.00038404	0.999878	0.130395	0.00333546	16.8104	
0.999863	-3.4798e-06	-0.0165329	-3.20279e-06	1	-0.000404173	0.0165329	0.000404171	0.999863	0.146283	0.00372519	17.7992	
0.999847	-3.86668e-06	-0.017467	-3.54021e-06	1	-0.000424019	0.017467	0.000424016	0.999847	0.163094	0.00413468	18.7879	
0.999831	-4.27255e-06	-0.0184025	-3.89102e-06	1	-0.000443576	0.0184025	0.000443572	0.999831	0.18083	0.00456365	19.7767	
0.999813	-4.69718e-06	-0.0193393	-4.25466e-06	1	-0.000462842	0.0193393	0.000462838	0.999813	0.199491	0.00501182	20.7654	
0.999794	-5.14033e-06	-0.0202774	-4.63059e-06	1	-0.000481817	0.0202774	0.000481812	0.999794	0.219079	0.0054789	21.7541	
0.999775	-5.60175e-06	-0.0212166	-5.01825e-06	1	-0.000500498	0.0212166	0.000500492	0.999775	0.239596	0.00596459	22.7428	
0.999755	-6.08119e-06	-0.022157	-5.41707e-06	1	-0.000518884	0.022157	0.000518876	0.999754	0.261042	0.00646862	23.7314	
0.999733	-6.57838e-06	-0.0230986	-5.82648e-06	1	-0.000536972	0.0230986	0.000536964	0.999733	0.283418	0.00699067	24.72	
0.999711	-7.09307e-06	-0.0240412	-6.2459e-06	1	-0.000554762	0.0240412	0.000554752	0.999711	0.306726	0.00753046	25.7087	
0.999688	-7.62498e-06	-0.0249849	-6.67475e-06	1	-0.000572252	0.0249849	0.00057224	0.999688	0.330967	0.0080877	26.6973	
0.999664	-8.17385e-06	-0.0259296	-7.11245e-06	1	-0.000589439	0.0259296	0.000589426	0.999664	0.356141	0.00866208	27.6858	
0.999639	-8.73939e-06	-0.0268752	-7.55839e-06	1	-0.000606324	0.0268752	0.000606308	0.999639	0.38225	0.0092533	28.6744	
0.999613	-9.32132e-06	-0.0278217	-8.01199e-06	1	-0.000622904	0.0278217	0.000622885	0.999613	0.409295	0.00986107	29.6629	
0.999586	-9.91935e-06	-0.028769	-8.47265e-06	1	-0.000639177	0.028769	0.000639157	0.999586	0.437276	0.0104851	30.6514	
0.999558	-1.05332e-05	-0.0297172	-8.93975e-06	1	-0.000655144	0.0297172	0.00065512	0.999558	0.466194	0.011125	31.6398	
0.99953	-1.11626e-05	-0.0306661	-9.4127e-06	1	-0.000670801	0.0306661	0.000670774	0.999529	0.49605	0.0117806	32.6283	
0.9995	-1.18072e-05	-0.0316157	-9.89087e-06	1	-0.000686149	0.0316157	0.000686119	0.9995	0.526845	0.0124515	33.6167	
0.99947	-1.24667e-05	-0.032566	-1.03737e-05	1	-0.000701185	0.032566	0.000701151	0.999469	0.558579	0.0131374	34.6051	
0.999438	-1.31408e-05	-0.0335169	-1.08604e-05	1	-0.00071591	0.0335169	0.000715871	0.999438	0.591253	0.0138381	35.5934	
0.999406	-1.38292e-05	-0.0344684	-1.13506e-05	1	-0.00073032	0.0344685	0.000730278	0.999406	0.624868	0.0145531	36.5817	
0.999372	-1.45316e-05	-0.0354205	-1.18435e-05	1	-0.000744417	0.0354205	0.000744369	0.999372	0.659425	0.0152823	37.57	
0.999338	-1.52476e-05	-0.036373	-1.23385e-05	1	-0.000758197	0.036373	0.000758144	0.999338	0.694922	0.0160252	38.5583	
0.999303	-1.5977e-05	-0.037326	-1.2835e-05	1	-0.000771662	0.037326	0.000771603	0.999303	0.731363	0.0167815	39.5465	
0.999267	-1.67195e-05	-0.0382794	-1.33323e-05	1	-0.000784808	0.0382794	0.000784744	0.999267	0.768745	0.0175511	40.5347	
0.99923	-1.74746e-05	-0.0392331	-1.38299e-05	1	-0.000797637	0.0392331	0.000797566	0.99923	0.807071	0.0183334	41.5228	
0.999192	-1.8242e-05	-0.0401871	-1.4327e-05	1	-0.000810147	0.0401871	0.000810068	0.999192	0.84634	0.0191283	42.5109	
0.999153	-1.90215e-05	-0.0411414	-1.48231e-05	1	-0.000822336	0.0411414	0.00082225	0.999153	0.886552	0.0199354	43.499	
0.999114	-1.98127e-05	-0.0420959	-1.53175e-05	1	-0.000834205	0.0420959	0.00083411	0.999113	0.927708	0.0207544	44.487	
0.999073	-2.06152e-05	-0.0430506	-1.58095e-05	1	-0.000845753	0.0430506	0.000845649	0.999073	0.969809	0.0215849	45.475	
0.999031	-2.14288e-05	-0.0440053	-1.62986e-05	1	-0.000856978	0.0440053	0.000856865	0.999031	1.01285	0.0224267	46.463	
0.998989	-2.2253e-05	-0.0449602	-1.67841e-05	1	-0.000867881	0.0449602	0.000867758	0.998988	1.05684	0.0232795	47.4509	
0.998945	-2.30875e-05	-0.0459151	-1.72653e-05	1	-0.000878461	0.0459151	0.000878327	0.998945	1.10177	0.0241428	48.4387	
0.998901	-2.3932e-05	-0.04687	-1.77417e-05	1	-0.000888717	0.04687	0.000888572	0.998901	1.14765	0.0250164	49.4266	
0.998856	-2.47861e-05	-0.0478248	-1.82124e-05	1	-0.000898649	0.0478248	0.000898492	0.998855	1.19447	0.0259	50.4143	
0.99881	-2.56495e-05	-0.0487795	-1.8677e-05	1	-0.000908257	0.0487795	0.000908087	0.998809	1.24224	0.0267933	51.4021	
0.998762	-2.65218e-05	-0.0497341	-1.91348e-05	1	-0.000917539	0.0497341	0.000917355	0.998762	1.29095	0.0276959	52.3898	
0.998715	-2.74027e-05	-0.0506885	-1.95852e-05	1	-0.000926497	0.0506885	0.000926298	0.998714	1.3406	0.0286075	53.3774	
0.998666	-2.82918e-05	-0.0516426	-2.00274e-05	1	-0.000935129	0.0516426	0.000934915	0.998665	1.3912	0.0295277	54.365	
0.998616	-2.91887e-05	-0.0525964	-2.04609e-05	1	-0.000943435	0.0525964	0.000943205	0.998615	1.44274	0.0304563	55.3525	
0.998565	-3.00932e-05	-0.0535499	-2.0885e-05	1	-0.000951415	0.0535499	0.000951168	0.998565	1.49522	0.031393	56.34	
0.998514	-3.10047e-05	-0.0545031	-2.12992e-05	1	-0.000959069	0.0545031	0.000958804	0.998513	1.54865	0.0323374	57.3275	
0.998461	-3.1923e-05	-0.0554558	-2.17027e-05	1	-0.000966397	0.0554558	0.000966113	0.998461	1.60302	0.0332892	58.3149	
0.998408	-3.28478e-05	-0.056408	-2.20949e-05	1	-0.000973399	0.056408	0.000973095	0.998407	1.65833	0.034248	59.3022	
0.998354	-3.37786e-05	-0.0573597	-2.24752e-05	1	-0.000980074	0.0573597	0.00097975	0.998353	1.71458	0.0352136	60.2895	
0.998298	-3.4715e-05	-0.0583109	-2.28431e-05	1	-0.000986424	0.0583109	0.000986077	0.998298	1.77177	0.0361855	61.2767	
0.998242	-3.56568e-05	-0.0592614	-2.31978e-05	1	-0.000992447	0.0592614	0.000992078	0.998242	1.8299	0.0371636	62.2639	
0.998087	-4.24052e-05	-0.0618308	-0.000220525	0.999991	-0.00424559	0.0618304	0.0042511	0.998078	1.88978	0.0397561	63.251	
0.997924	-5.75408e-05	-0.0643996	-0.000426183	0.999972	-0.00749752	0.0643982	0.0075094	0.997896	1.95219	0.045571	64.2379	
0.997755	-8.10587e-05	-0.0669675	-0.000640165	0.999942	-0.0107482	0.0669645	0.010767	0.997697	2.01714	0.0546077	65.2246	
0.99758	-0.000112952	-0.0695343	-0.000862467	0.999902	-0.0139977	0.0695291	0.0140238	0.997481	2.08463	0.0668654	66.2111	
0.997397	-0.000153211	-0.0720997	-0.00109308	0.999851	-0.0172459	0.0720916	0.0172798	0.997248	2.15465	0.0823433	67.1974	
0.997209	-0.000201825	-0.0746635	-0.001332	0.999789	-0.0204929	0.0746519	0.0205351	0.996998	2.22721	0.101041	68.1834	
0.997014	-0.000258781	-0.0772254	-0.00157922	0.999717	-0.0237385	0.0772096	0.0237896	0.996731	2.3023	0.122957	69.1692	
0.996812	-0.000324063	-0.0797851	-0.00183474	0.999634	-0.0269829	0.0797646	0.0270432	0.996447	2.37991	0.148091	70.1547	
0.996604	-0.000397653	-0.0823424	-0.00209853	0.999541	-0.0302259	0.0823166	0.0302961	0.996146	2.46005	0.176442	71.14	
0.995634	-0.000854518	-0.0933407	-0.00404003	0.998627	-0.0522359	0.0932571	0.0523849	0.994263	2.54687	0.217325	72.1242	
0.994543	-0.00155532	-0.104315	-0.00622286	0.997224	-0.0741976	0.104141	0.0744418	0.991773	2.64448	0.280037	73.1062	
0.993332	-0.00249962	-0.115258	-0.00864569	0.995334	-0.0960974	0.11496	0.0964532	0.988676	2.75282	0.36454	74.0855	
0.992003	-0.00368685	-0.126164	-0.011307	0.992958	-0.117922	0.12571	0.118406	0.984976	2.87182	0.470781	75.0614	
0.990554	-0.00511628	-0.137025	-0.0142053	0.990098	-0.139658	0.136383	0.140286	0.980673	3.00142	0.598696	76.0333	
0.988989	-0.00678704	-0.147836	-0.0173386	0.986754	-0.161293	0.146972	0.16208	0.975771	3.14153	0.748206	77.0007	
0.987306	-0.00869811	-0.158589	-0.0207052	0.98293	-0.182812	0.157472	0.183775	0.970273	3.29207	0.919221	77.963	
0.985509	-0.0108483	-0.169278	-0.0243029	0.978627	-0.204203	0.167875	0.205358	0.964181	3.45294	1.11164	78.9195	
0.983596	-0.0132364	-0.179896	-0.0281295	0.973848	-0.225453	0.178176	0.226816	0.957501	3.62405	1.32533	79.8697	
0.981571	-0.0158607	-0.190438	-0.0321828	0.968596	-0.246549	0.188368	0.248134	0.950235	3.8053	1.56018	80.8131	
0.979434	-0.0187199	-0.200896	-0.0364601	0.962874	-0.267478	0.198445	0.269302	0.942389	3.99656	1.81604	81.7489	
0.977186	-0.0218121	-0.211264	-0.040959	0.956686	-0.288227	0.2084	0.290304	0.933966	4.19774	2.09275	82.6767	
0.974828	-0.0251354	-0.221536	-0.0456767	0.950035	-0.308783	0.218228	0.311129	0.924973	4.40869	2.39014	83.5959	
0.972363	-0.0286878	-0.231705	-0.0506103	0.942926	-0.329134	0.227923	0.331764	0.915414	4.6293	2.70803	84.5059	
0.969791	-0.0324671	-0.241766	-0.0557567	0.935363	-0.349267	0.237478	0.352197	0.905296	4.85943	3.04623	85.4062	
0.967115	-0.036471	-0.251711	-0.0611128	0.92735	-0.369171	0.246888	0.372414	0.894625	5.09893	3.40452	86.2962	
0.964335	-0.0406971	-0.261536	-0.0666754	0.918893	-0.388833	0.256148	0.392403	0.883407	5.34767	3.7827	87.1754	
0.961454	-0.0451428	-0.271234	-0.072441	0.909996	-0.40824	0.265251	0.412153	0.871649	5.60548	4.18053	88.0432	
0.958474	-0.0498053	-0.280799	-0.0784062	0.900665	-0.427382	0.274191	0.43165	0.859359	5.87222	4.59777	88.8991	
0.955395	-0.0546819	-0.290225	-0.0845673	0.890906	-0.446246	0.282965	0.450884	0.846543	6.14772	5.03415	89.7427	
0.95222	-0.0597695	-0.299507	-0.0909204	0.880724	-0.46482	0.291565	0.469843	0.833209	6.4318	5.48942	90.5732	
0.948952	-0.065065	-0.308638	-0.0974618	0.870127	-0.483094	0.299987	0.488514	0.819367	6.72431	5.9633	91.3904	
0.945591	-0.0705652	-0.317614	-0.104187	0.85912	-0.501057	0.308226	0.506886	0.805024	7.02505	6.4555	92.1936	
0.94214	-0.0762668	-0.326428	-0.111093	0.84771	-0.518697	0.316276	0.524949	0.790189	7.33385	6.96571	92.9824	
0.938601	-0.0821662	-0.335076	-0.118175	0.835904	-0.536003	0.324133	0.542691	0.77487	7.65051	7.49362	93.7563	
0.934977	-0.0882598	-0.343552	-0.125428	0.823709	-0.552966	0.331792	0.560101	0.759079	7.97485	8.03892	94.5148	
0.931269	-0.0945439	-0.351851	-0.132848	0.811133	-0.569574	0.339248	0.57717	0.742823	8.30665	8.60127	95.2574	
