1	0	0	0	1	0	0	0	1	0	0	0	
0.999993	-4.00721e-06	0.00379568	-4.00721e-06	0.999998	0.00211145	-0.00379568	-0.00211145	0.999991	-0.00164863	-0.000917097	0.868684	
0.999971	-1.60379e-05	0.00759389	-1.60342e-05	0.999991	0.00422334	-0.00759389	-0.00422334	0.999962	-0.00659562	-0.00366858	1.73735	
0.999935	-3.61045e-05	0.0113945	-3.60897e-05	0.99998	0.0063356	-0.0113945	-0.0063356	0.999915	-0.0148431	-0.00825479	2.60599	
0.999885	-6.42188e-05	0.0151975	-6.41818e-05	0.999964	0.00844817	-0.0151975	-0.00844817	0.999849	-0.0263932	-0.014676	3.47457	
0.999819	-0.000100392	0.0190026	-0.000100318	0.999944	0.010561	-0.0190026	-0.010561	0.999764	-0.0412478	-0.0229326	4.34309	
0.99974	-0.000144636	0.0228099	-0.000144506	0.99992	0.012674	-0.0228099	-0.012674	0.999659	-0.0594089	-0.0330245	5.21153	
0.999646	-0.00019696	0.0266192	-0.000196753	0.999891	0.0147872	-0.0266192	-0.0147872	0.999536	-0.0808781	-0.0449521	6.07987	
0.999537	-0.000257376	0.0304303	-0.000257064	0.999857	0.0169004	-0.0304303	-0.0169004	0.999394	-0.105657	-0.0587154	6.94809	
0.999413	-0.000325891	0.0342433	-0.000325446	0.999819	0.0190136	-0.0342433	-0.0190136	0.999233	-0.133748	-0.0743144	7.81618	
0.999275	-0.000402517	0.0380579	-0.000401903	0.999777	0.0211268	-0.0380579	-0.0211267	0.999052	-0.165151	-0.0917491	8.68413	
0.999123	-0.000487261	0.041874	-0.000486442	0.99973	0.0232398	-0.041874	-0.0232398	0.998853	-0.199869	-0.111019	9.55191	
0.998955	-0.000580131	0.0456916	-0.000579067	0.999678	0.0253527	-0.0456917	-0.0253527	0.998634	-0.237903	-0.132125	10.4195	
0.998773	-0.000681136	0.0495106	-0.000679781	0.999623	0.0274654	-0.0495106	-0.0274653	0.998396	-0.279254	-0.155067	11.2869	
0.998577	-0.000790283	0.0533308	-0.000788589	0.999562	0.0295777	-0.0533308	-0.0295777	0.998139	-0.323922	-0.179843	12.1541	
0.998365	-0.000907579	0.0571521	-0.000905493	0.999497	0.0316897	-0.0571522	-0.0316897	0.997862	-0.37191	-0.206454	13.021	
0.998139	-0.00103303	0.0609745	-0.0010305	0.999428	0.0338013	-0.0609746	-0.0338012	0.997567	-0.423217	-0.2349	13.8877	
0.997898	-0.00116664	0.0647978	-0.0011636	0.999354	0.0359124	-0.0647978	-0.0359123	0.997252	-0.477846	-0.265179	14.7542	
0.997642	-0.00130842	0.0686219	-0.00130481	0.999276	0.038023	-0.0686219	-0.0380229	0.996918	-0.535796	-0.297293	15.6203	
0.997371	-0.00145838	0.0724466	-0.00145412	0.999193	0.040133	-0.0724467	-0.0401329	0.996565	-0.597068	-0.331239	16.4862	
0.997086	-0.00161651	0.076272	-0.00161154	0.999106	0.0422424	-0.0762721	-0.0422422	0.996192	-0.661663	-0.367018	17.3517	
0.996785	-0.00178282	0.0800979	-0.00177707	0.999014	0.044351	-0.080098	-0.0443508	0.9958	-0.729582	-0.404629	18.2169	
0.99647	-0.00195732	0.0839241	-0.0019507	0.998918	0.0464589	-0.0839243	-0.0464586	0.995389	-0.800824	-0.444072	19.0818	
0.99614	-0.00214	0.0877506	-0.00213244	0.998818	0.0485659	-0.0877508	-0.0485656	0.994958	-0.87539	-0.485345	19.9463	
0.995795	-0.00233088	0.0915773	-0.00232229	0.998713	0.050672	-0.0915775	-0.0506716	0.994508	-0.95328	-0.528448	20.8104	
0.995435	-0.00252996	0.095404	-0.00252024	0.998603	0.0527772	-0.0954042	-0.0527767	0.994039	-1.03449	-0.57338	21.6741	
0.995061	-0.00273723	0.0992306	-0.00272629	0.998489	0.0548814	-0.0992309	-0.0548808	0.99355	-1.11903	-0.620141	22.5374	
0.994671	-0.0029527	0.103057	-0.00294044	0.998371	0.0569845	-0.103057	-0.0569839	0.993042	-1.2069	-0.668729	23.4003	
0.994266	-0.00317637	0.106883	-0.0031627	0.998248	0.0590865	-0.106884	-0.0590858	0.992514	-1.29808	-0.719143	24.2627	
0.993847	-0.00340824	0.110709	-0.00339304	0.998121	0.0611873	-0.11071	-0.0611865	0.991968	-1.39259	-0.771382	25.1246	
0.993413	-0.00364831	0.114535	-0.00363148	0.997989	0.0632869	-0.114535	-0.0632859	0.991401	-1.49043	-0.825446	25.9861	
0.992963	-0.00389658	0.118359	-0.00387801	0.997853	0.0653851	-0.11836	-0.065384	0.990816	-1.59158	-0.881333	26.8471	
0.992499	-0.00415306	0.122183	-0.00413263	0.997712	0.067482	-0.122184	-0.0674808	0.990211	-1.69606	-0.939042	27.7075	
0.99202	-0.00441773	0.126007	-0.00439532	0.997567	0.0695775	-0.126007	-0.0695761	0.989586	-1.80386	-0.998572	28.5674	
0.991525	-0.00469061	0.129829	-0.00466609	0.997417	0.0716715	-0.12983	-0.0716699	0.988943	-1.91498	-1.05992	29.4268	
0.991016	-0.00497168	0.13365	-0.00494493	0.997263	0.073764	-0.133651	-0.0737622	0.98828	-2.02943	-1.12309	30.2856	
0.990492	-0.00526095	0.137471	-0.00523183	0.997105	0.0758549	-0.137472	-0.0758528	0.987597	-2.14719	-1.18807	31.1438	
0.989953	-0.00555841	0.141289	-0.00552679	0.996942	0.0779441	-0.141291	-0.0779418	0.986895	-2.26827	-1.25487	32.0014	
0.989399	-0.00586406	0.145107	-0.0058298	0.996775	0.0800316	-0.145108	-0.0800291	0.986174	-2.39266	-1.32349	32.8584	
0.988829	-0.0061779	0.148923	-0.00614086	0.996604	0.0821174	-0.148925	-0.0821146	0.985433	-2.52037	-1.39391	33.7148	
0.988245	-0.00649992	0.152738	-0.00645996	0.996428	0.0842013	-0.15274	-0.0841982	0.984673	-2.6514	-1.46615	34.5705	
0.987646	-0.00683013	0.156551	-0.00678708	0.996248	0.0862834	-0.156553	-0.08628	0.983894	-2.78574	-1.5402	35.4255	
0.987032	-0.0071685	0.160362	-0.00712222	0.996063	0.0883635	-0.160364	-0.0883597	0.983095	-2.92339	-1.61605	36.2799	
0.986403	-0.00751505	0.164171	-0.00746538	0.995874	0.0904416	-0.164174	-0.0904375	0.982277	-3.06435	-1.69371	37.1335	
0.985759	-0.00786976	0.167979	-0.00781654	0.99568	0.0925177	-0.167981	-0.0925132	0.98144	-3.20862	-1.77317	37.9864	
0.9851	-0.00823263	0.171784	-0.00817569	0.995483	0.0945916	-0.171787	-0.0945867	0.980583	-3.3562	-1.85444	38.8386	
0.984426	-0.00860365	0.175587	-0.00854283	0.99528	0.0966634	-0.17559	-0.0966581	0.979707	-3.50708	-1.9375	39.6901	
0.983737	-0.00898282	0.179388	-0.00891794	0.995074	0.098733	-0.179391	-0.0987272	0.978811	-3.66126	-2.02237	40.5407	
0.983034	-0.00937013	0.183186	-0.00930102	0.994863	0.1008	-0.183189	-0.100794	0.977897	-3.81875	-2.10903	41.3906	
0.982315	-0.00976557	0.186982	-0.00969205	0.994648	0.102865	-0.186986	-0.102858	0.976963	-3.97953	-2.19749	42.2397	
0.981581	-0.0101691	0.190775	-0.010091	0.994429	0.104928	-0.190779	-0.10492	0.97601	-4.14361	-2.28773	43.088	
0.980832	-0.0105808	0.194565	-0.0104979	0.994205	0.106988	-0.19457	-0.10698	0.975037	-4.31098	-2.37977	43.9354	
0.980069	-0.0110006	0.198353	-0.0109127	0.993977	0.109046	-0.198358	-0.109037	0.974046	-4.48165	-2.4736	44.782	
0.97929	-0.0114285	0.202138	-0.0113354	0.993744	0.111101	-0.202143	-0.111091	0.973035	-4.6556	-2.56921	45.6277	
0.978497	-0.0118645	0.20592	-0.0117661	0.993508	0.113153	-0.205925	-0.113143	0.972005	-4.83285	-2.6666	46.4725	
0.977689	-0.0123085	0.209698	-0.0122045	0.993267	0.115203	-0.209704	-0.115192	0.970956	-5.01337	-2.76578	47.3164	
0.976866	-0.0127606	0.213473	-0.0126509	0.993022	0.11725	-0.21348	-0.117238	0.969887	-5.19718	-2.86673	48.1594	
0.976027	-0.0132208	0.217245	-0.0131051	0.992772	0.119295	-0.217252	-0.119282	0.9688	-5.38427	-2.96946	49.0014	
0.975175	-0.013689	0.221014	-0.0135671	0.992519	0.121336	-0.221021	-0.121322	0.967693	-5.57463	-3.07397	49.8425	
0.974896	-0.0138417	0.22223	-0.0136348	0.992482	0.121631	-0.222243	-0.121608	0.967378	-5.76716	-3.17948	50.683	
0.974616	-0.0139948	0.223447	-0.0137025	0.992445	0.121925	-0.223465	-0.121892	0.96706	-5.96075	-3.28525	51.5232	
0.974334	-0.0141485	0.224664	-0.0137703	0.992408	0.122218	-0.224688	-0.122175	0.966741	-6.1554	-3.39126	52.3632	
0.97405	-0.0143027	0.225883	-0.0138382	0.992371	0.122509	-0.225912	-0.122456	0.96642	-6.35111	-3.49751	53.2028	
0.973764	-0.0144574	0.227102	-0.0139062	0.992334	0.122799	-0.227136	-0.122736	0.966098	-6.54789	-3.60401	54.0422	
0.973476	-0.0146126	0.228322	-0.0139743	0.992297	0.123088	-0.228362	-0.123014	0.965773	-6.74573	-3.71075	54.8813	
0.973187	-0.0147683	0.229543	-0.0140425	0.992261	0.123376	-0.229588	-0.123291	0.965447	-6.94464	-3.81773	55.7201	
0.972895	-0.0149245	0.230764	-0.0141109	0.992224	0.123662	-0.230815	-0.123567	0.965119	-7.14462	-3.92495	56.5587	
0.972602	-0.0150812	0.231986	-0.0141793	0.992187	0.123948	-0.232043	-0.123841	0.96479	-7.34566	-4.03241	57.3969	
0.972307	-0.0152383	0.233209	-0.0142479	0.992151	0.124232	-0.233272	-0.124115	0.964458	-7.54776	-4.14011	58.2348	
0.972011	-0.0153959	0.234432	-0.0143167	0.992114	0.124516	-0.234501	-0.124387	0.964125	-7.75094	-4.24804	59.0725	
0.971712	-0.015554	0.235656	-0.0143855	0.992078	0.124798	-0.23573	-0.124658	0.96379	-7.95518	-4.35621	59.9099	
0.971412	-0.0157125	0.23688	-0.0144546	0.992041	0.125079	-0.23696	-0.124928	0.963454	-8.16049	-4.46462	60.747	
0.97111	-0.0158715	0.238105	-0.0145238	0.992005	0.12536	-0.238191	-0.125196	0.963115	-8.36687	-4.57326	61.5838	
0.970806	-0.016031	0.23933	-0.0145931	0.991969	0.12564	-0.239422	-0.125464	0.962775	-8.57431	-4.68213	62.4203	
0.9705	-0.0161909	0.240555	-0.0146627	0.991932	0.125919	-0.240653	-0.125731	0.962433	-8.78283	-4.79124	63.2565	
0.970193	-0.0163512	0.241781	-0.0147324	0.991896	0.126197	-0.241885	-0.125997	0.96209	-8.99242	-4.90057	64.0924	
0.969884	-0.016512	0.243007	-0.0148023	0.991859	0.126474	-0.243117	-0.126262	0.961744	-9.20308	-5.01014	64.928	
0.969573	-0.0166732	0.244234	-0.0148724	0.991823	0.126751	-0.24435	-0.126526	0.961397	-9.41481	-5.11994	65.7633	
0.96926	-0.0168348	0.24546	-0.0149428	0.991787	0.127027	-0.245583	-0.12679	0.961048	-9.6276	-5.22996	66.5983	
0.968946	-0.0169968	0.246687	-0.0150133	0.99175	0.127302	-0.246816	-0.127052	0.960698	-9.84147	-5.34022	67.433	
0.96863	-0.0171593	0.247914	-0.0150841	0.991714	0.127577	-0.248049	-0.127314	0.960345	-10.0564	-5.4507	68.2674	
0.968312	-0.0173221	0.249141	-0.0151551	0.991678	0.127851	-0.249282	-0.127575	0.959991	-10.2724	-5.56141	69.1015	
0.967993	-0.0174854	0.250368	-0.0152264	0.991641	0.128125	-0.250515	-0.127836	0.959635	-10.4895	-5.67235	69.9352	
0.97232	-0.0153058	0.233153	-0.0122456	0.993143	0.116265	-0.233333	-0.115902	0.965465	-10.6997	-5.77822	70.7714	
0.976338	-0.0133401	0.215838	-0.00947727	0.994497	0.104336	-0.216042	-0.103913	0.970839	-10.8949	-5.87369	71.6125	
0.980046	-0.0115893	0.19843	-0.00692258	0.995703	0.0923445	-0.198648	-0.0918756	0.975755	-11.075	-5.95874	72.458	
0.983443	-0.0100542	0.180939	-0.00458277	0.996761	0.0802948	-0.18116	-0.0797946	0.980211	-11.24	-6.0333	73.3076	
0.986526	-0.00873542	0.163373	-0.00245896	0.997669	0.0681931	-0.163588	-0.0676759	0.984205	-11.3897	-6.09736	74.1609	
0.989294	-0.0076337	0.145739	-0.000552133	0.998428	0.056045	-0.145938	-0.0555254	0.987734	-11.5242	-6.15087	75.0174	
0.991745	-0.00674953	0.128046	0.0011368	0.999037	0.0438562	-0.128219	-0.0433487	0.990798	-11.6432	-6.19382	75.8768	
0.993879	-0.00608332	0.110303	0.00260705	0.999496	0.0316326	-0.110439	-0.0311515	0.993395	-11.7469	-6.22618	76.7386	
0.995695	-0.00563539	0.0925168	0.00385792	0.999805	0.0193799	-0.092608	-0.0189396	0.995523	-11.8351	-6.24794	77.6026	
0.997192	-0.00540594	0.0746973	0.00488882	0.999963	0.00710392	-0.0747329	-0.00671879	0.997181	-11.9078	-6.25908	78.4681	
0.998368	-0.00539509	0.0568523	0.00569927	0.99997	-0.00518964	-0.0568226	0.00550519	0.998369	-11.9649	-6.25961	79.3349	
0.999224	-0.00560283	0.0389902	0.00628888	0.999827	-0.0174949	-0.0388854	0.0177266	0.999086	-12.0065	-6.24952	80.2025	
0.999759	-0.00602908	0.0211195	0.00665737	0.999534	-0.0298062	-0.02093	0.0299396	0.999333	-12.0325	-6.22881	81.0705	
0.999972	-0.00667363	0.00324868	0.00680457	0.999089	-0.0421175	-0.00296465	0.0421385	0.999107	-12.0429	-6.19751	81.9386	
0.999865	-0.00753618	-0.0146139	0.00673042	0.998495	-0.0544232	0.0150021	0.0543175	0.998411	-12.0376	-6.15561	82.8062	
0.999436	-0.00861632	-0.0324599	0.00643494	0.997751	-0.0667174	0.0329617	0.0664709	0.997244	-12.0168	-6.10314	83.6731	
0.998686	-0.00991354	-0.0502807	0.00591827	0.996857	-0.0789944	0.0509058	0.078593	0.995606	-11.9804	-6.04013	84.5387	
