1	0	0	0	1	0	0	0	1	0	0	0	
0.999999	2.27851e-06	0.00119191	2.27851e-06	0.999993	-0.00382329	-0.00119191	0.00382329	0.999992	-0.000538766	0.00172821	0.904038	
0.999997	9.12127e-06	0.00238445	9.12572e-06	0.999971	-0.00765237	-0.00238445	0.00765237	0.999968	-0.00215535	0.00691544	1.80806	
0.999994	2.05399e-05	0.00357759	2.05577e-05	0.999934	-0.0114871	-0.00357759	0.0114871	0.999928	-0.00485032	0.0155669	2.71206	
0.999989	3.65456e-05	0.00477128	3.65902e-05	0.999883	-0.0153273	-0.00477128	0.0153273	0.999871	-0.00862419	0.0276876	3.61601	
0.999982	5.7149e-05	0.00596548	5.72385e-05	0.999816	-0.019173	-0.00596548	0.019173	0.999798	-0.0134774	0.0432824	4.5199	
0.999974	8.23606e-05	0.00716013	8.25173e-05	0.999735	-0.0230239	-0.00716013	0.0230239	0.999709	-0.0194105	0.0623563	5.42372	
0.999965	0.00011219	0.0083552	0.000112441	0.999639	-0.0268799	-0.0083552	0.0268799	0.999604	-0.0264237	0.0849138	6.32745	
0.999954	0.000146647	0.00955064	0.000147024	0.999527	-0.0307409	-0.00955064	0.0307409	0.999482	-0.0345175	0.11096	7.23108	
0.999942	0.00018574	0.0107464	0.00018628	0.999401	-0.0346067	-0.0107464	0.0346067	0.999343	-0.0436922	0.140498	8.13459	
0.999929	0.000229478	0.0119425	0.000230221	0.999259	-0.0384773	-0.0119424	0.0384773	0.999188	-0.0539481	0.173534	9.03797	
0.999914	0.00027787	0.0131388	0.000278861	0.999103	-0.0423524	-0.0131387	0.0423524	0.999016	-0.0652853	0.21007	9.9412	
0.999897	0.000330922	0.0143352	0.000332212	0.998931	-0.046232	-0.0143352	0.046232	0.998828	-0.0777041	0.250112	10.8443	
0.999879	0.000388642	0.0155319	0.000390286	0.998743	-0.0501158	-0.0155318	0.0501159	0.998623	-0.0912046	0.293663	11.7472	
0.99986	0.000451037	0.0167286	0.000453095	0.998541	-0.0540039	-0.0167285	0.0540039	0.998401	-0.105787	0.340728	12.6498	
0.999839	0.000518113	0.0179254	0.000520649	0.998322	-0.057896	-0.0179253	0.057896	0.998162	-0.121451	0.391309	13.5523	
0.999817	0.000589876	0.0191222	0.00059296	0.998089	-0.061792	-0.0191221	0.061792	0.997906	-0.138197	0.44541	14.4546	
0.999793	0.000666333	0.020319	0.000670038	0.99784	-0.0656918	-0.0203189	0.0656918	0.997633	-0.156026	0.503036	15.3566	
0.999768	0.000747488	0.0215157	0.000751892	0.997575	-0.0695952	-0.0215156	0.0695952	0.997343	-0.174936	0.564188	16.2584	
0.999742	0.000833345	0.0227124	0.000838532	0.997295	-0.0735021	-0.0227122	0.0735022	0.997036	-0.194928	0.628871	17.1599	
0.999714	0.00092391	0.0239088	0.000929968	0.996999	-0.0774124	-0.0239086	0.0774125	0.996712	-0.216001	0.697088	18.0611	
0.999684	0.00101919	0.0251051	0.00102621	0.996687	-0.0813259	-0.0251048	0.081326	0.996371	-0.238156	0.768841	18.962	
0.999653	0.00111918	0.0263011	0.00112726	0.99636	-0.0852425	-0.0263008	0.0852426	0.996013	-0.261393	0.844133	19.8626	
0.999621	0.00122388	0.0274968	0.00123313	0.996016	-0.0891621	-0.0274964	0.0891622	0.995638	-0.28571	0.922968	20.7629	
0.999587	0.00133331	0.0286922	0.00134383	0.995657	-0.0930845	-0.0286918	0.0930846	0.995245	-0.311108	1.00535	21.6628	
0.999552	0.00144746	0.0298873	0.00145937	0.995282	-0.0970095	-0.0298867	0.0970097	0.994835	-0.337587	1.09127	22.5624	
0.999516	0.00156634	0.0310819	0.00157975	0.994892	-0.100937	-0.0310812	0.100937	0.994407	-0.365146	1.18075	23.4616	
0.999478	0.00168994	0.0322761	0.00170497	0.994485	-0.104867	-0.0322753	0.104867	0.993962	-0.393784	1.27378	24.3603	
0.999438	0.00181827	0.0334698	0.00183505	0.994062	-0.1088	-0.0334688	0.1088	0.9935	-0.423502	1.37036	25.2587	
0.999397	0.00195133	0.0346629	0.00196999	0.993623	-0.112734	-0.0346618	0.112734	0.99302	-0.454298	1.4705	26.1567	
0.999355	0.00208912	0.0358555	0.0021098	0.993168	-0.116671	-0.0358543	0.116671	0.992523	-0.486173	1.57419	27.0542	
0.999311	0.00223163	0.0370474	0.00225447	0.992698	-0.120609	-0.037046	0.120609	0.992009	-0.519126	1.68145	27.9512	
0.999266	0.00237887	0.0382387	0.00240402	0.992211	-0.124549	-0.0382371	0.12455	0.991476	-0.553155	1.79227	28.8478	
0.999219	0.00253084	0.0394292	0.00255845	0.991707	-0.128491	-0.0394275	0.128491	0.990927	-0.588261	1.90665	29.7439	
0.999171	0.00268753	0.0406191	0.00271775	0.991188	-0.132434	-0.0406171	0.132435	0.990359	-0.624443	2.02459	30.6395	
0.999122	0.00284895	0.0418081	0.00288195	0.990653	-0.136379	-0.0418058	0.136379	0.989774	-0.6617	2.1461	31.5345	
0.999071	0.00301509	0.0429963	0.00305103	0.990101	-0.140325	-0.0429938	0.140325	0.989172	-0.700031	2.27118	32.429	
0.999018	0.00318595	0.0441837	0.003225	0.989533	-0.144271	-0.0441808	0.144272	0.988551	-0.739436	2.39982	33.323	
0.998965	0.00336153	0.0453701	0.00340386	0.988949	-0.148219	-0.0453669	0.14822	0.987913	-0.779913	2.53203	34.2164	
0.998909	0.00354182	0.0465556	0.00358762	0.988348	-0.152168	-0.0465521	0.152169	0.987258	-0.821462	2.66782	35.1092	
0.998853	0.00372682	0.0477401	0.00377628	0.987731	-0.156117	-0.0477362	0.156118	0.986584	-0.864083	2.80717	36.0015	
0.998795	0.00391653	0.0489235	0.00396983	0.987098	-0.160067	-0.0489192	0.160068	0.985893	-0.907773	2.95009	36.8931	
0.998735	0.00411094	0.0501059	0.00416827	0.986449	-0.164017	-0.0501012	0.164019	0.985184	-0.952532	3.09659	37.784	
0.998675	0.00431005	0.0512872	0.00437162	0.985783	-0.167968	-0.051282	0.167969	0.984457	-0.998359	3.24665	38.6743	
0.998612	0.00451384	0.0524673	0.00457986	0.985101	-0.171918	-0.0524616	0.17192	0.983713	-1.04525	3.40029	39.564	
0.998549	0.00472233	0.0536462	0.004793	0.984402	-0.175869	-0.05364	0.175871	0.982951	-1.09321	3.5575	40.453	
0.998484	0.0049355	0.0548239	0.00501104	0.983687	-0.17982	-0.0548171	0.179822	0.982171	-1.14224	3.71828	41.3413	
0.998417	0.00515334	0.0560004	0.00523397	0.982955	-0.18377	-0.0559929	0.183772	0.981373	-1.19233	3.88263	42.2288	
0.99835	0.00537585	0.0571755	0.00546179	0.982207	-0.18772	-0.0571673	0.187722	0.980557	-1.24348	4.05055	43.1156	
0.998281	0.00560303	0.0583493	0.0056945	0.981443	-0.191669	-0.0583404	0.191672	0.979724	-1.29569	4.22205	44.0017	
0.99821	0.00583486	0.0595217	0.00593211	0.980662	-0.195618	-0.059512	0.195621	0.978872	-1.34896	4.39711	44.8871	
0.998138	0.00607133	0.0606926	0.0061746	0.979865	-0.199566	-0.0606822	0.199569	0.978003	-1.40329	4.57575	45.7716	
0.998065	0.00631245	0.0618621	0.00642197	0.979051	-0.203513	-0.0618509	0.203516	0.977116	-1.45868	4.75795	46.6554	
0.99799	0.0065582	0.0630301	0.00667422	0.978221	-0.207459	-0.063018	0.207463	0.976211	-1.51512	4.94372	47.5383	
0.997914	0.00680857	0.0641966	0.00693135	0.977374	-0.211404	-0.0641835	0.211408	0.975288	-1.57262	5.13306	48.4204	
0.997837	0.00706355	0.0653615	0.00719335	0.976511	-0.215347	-0.0653473	0.215352	0.974348	-1.63117	5.32596	49.3017	
0.997758	0.00732314	0.0665248	0.00746021	0.975631	-0.219289	-0.0665095	0.219294	0.973389	-1.69077	5.52243	50.1821	
0.997678	0.00758733	0.0676864	0.00773194	0.974735	-0.22323	-0.06767	0.223235	0.972413	-1.75143	5.72246	51.0617	
0.997596	0.0078561	0.0688463	0.00800853	0.973823	-0.227169	-0.0688288	0.227174	0.971419	-1.81313	5.92606	51.9403	
0.997514	0.00812944	0.0700045	0.00828997	0.972893	-0.231106	-0.0699857	0.231111	0.970407	-1.87587	6.13321	52.8181	
0.997429	0.00840735	0.071161	0.00857625	0.971948	-0.235041	-0.0711408	0.235047	0.969377	-1.93966	6.34393	53.6949	
0.997572	0.00792433	0.0691898	0.0089168	0.970794	-0.239747	-0.0690689	0.239782	0.968367	-2.00304	6.55856	54.5708	
0.99771	0.00743199	0.067222	0.00924789	0.969616	-0.244457	-0.0669963	0.244519	0.967327	-2.06455	6.77747	55.4458	
0.997844	0.00693032	0.0652575	0.00956946	0.968412	-0.24917	-0.064923	0.249258	0.966259	-2.12418	7.00067	56.3198	
0.997974	0.00641934	0.0632964	0.00988142	0.967184	-0.253886	-0.062849	0.253997	0.965161	-2.18193	7.22815	57.1928	
0.9981	0.00589904	0.0613387	0.0101837	0.96593	-0.258604	-0.0607744	0.258737	0.964034	-2.23781	7.45992	58.0649	
0.998221	0.00536944	0.0593846	0.0104763	0.964651	-0.263322	-0.0586993	0.263476	0.962878	-2.29182	7.69597	58.9359	
0.998338	0.00483055	0.0574339	0.010759	0.963347	-0.268041	-0.0566236	0.268214	0.961694	-2.34395	7.93631	59.8058	
0.99845	0.00428236	0.0554868	0.011032	0.962019	-0.27276	-0.0545474	0.27295	0.960481	-2.3942	8.18092	60.6747	
0.998559	0.00372489	0.0535432	0.011295	0.960665	-0.277479	-0.0524707	0.277683	0.959239	-2.44257	8.42982	61.5424	
0.998663	0.00315815	0.0516033	0.0115481	0.959287	-0.282196	-0.0503936	0.282414	0.957968	-2.48907	8.683	62.4091	
0.998762	0.00258214	0.049667	0.0117912	0.957885	-0.286911	-0.0483161	0.287141	0.956669	-2.53369	8.94045	63.2745	
0.998858	0.00199687	0.0477343	0.0120242	0.956458	-0.291623	-0.0462381	0.291864	0.955341	-2.57643	9.20217	64.1388	
0.998949	0.00140236	0.0458053	0.0122472	0.955006	-0.296333	-0.0441599	0.296582	0.953986	-2.61729	9.46816	65.0018	
0.999036	0.000798609	0.04388	0.0124601	0.953531	-0.301038	-0.0420813	0.301295	0.952602	-2.65627	9.73841	65.8637	
0.999119	0.000185633	0.0419584	0.0126628	0.952031	-0.30574	-0.0400024	0.306002	0.95119	-2.69338	10.0129	66.7242	
0.999198	-0.000436558	0.0400405	0.0128553	0.950507	-0.310436	-0.0379233	0.310702	0.949751	-2.7286	10.2917	67.5835	
0.999272	-0.00106795	0.0381264	0.0130376	0.94896	-0.315127	-0.0358439	0.315395	0.948283	-2.76195	10.5747	68.4414	
0.999343	-0.00170854	0.0362161	0.0132097	0.947389	-0.319812	-0.0337643	0.32008	0.946789	-2.79341	10.8619	69.298	
0.999408	-0.0023583	0.0343096	0.0133715	0.945795	-0.32449	-0.0316846	0.324757	0.945267	-2.82299	11.1534	70.1533	
0.999861	-0.0095074	0.0136873	0.0134927	0.94388	-0.330013	-0.00978164	0.330152	0.943877	-2.84174	11.4495	71.0073	
0.999836	-0.0167725	-0.00689929	0.0134859	0.941934	-0.335528	0.0121263	0.335379	0.942005	-2.84068	11.7503	71.8597	
0.999332	-0.0241498	-0.0274398	0.0133509	0.939958	-0.341029	0.034028	0.340435	0.939652	-2.81981	12.0558	72.7103	
0.99835	-0.0316356	-0.0479237	0.0130879	0.937953	-0.346516	0.0559124	0.345317	0.936819	-2.77916	12.3658	73.5586	
0.996891	-0.039226	-0.0683405	0.0126971	0.93592	-0.351985	0.0777682	0.350022	0.933508	-2.71873	12.6801	74.404	
0.994955	-0.0469173	-0.0886799	0.0121785	0.93386	-0.357432	0.0995843	0.354549	0.929719	-2.63856	12.9986	75.2463	
0.992543	-0.0547053	-0.108931	0.0115325	0.931774	-0.362857	0.12135	0.358895	0.925456	-2.53869	13.3211	76.0849	
0.989657	-0.0625863	-0.129085	0.0107594	0.929663	-0.368255	0.143053	0.363057	0.92072	-2.41917	13.6475	76.9194	
0.986297	-0.0705561	-0.149129	0.00985965	0.927528	-0.373624	0.164683	0.367034	0.915514	-2.28006	13.9775	77.7495	
0.982467	-0.0786107	-0.169055	0.00883362	0.92537	-0.378961	0.186229	0.370823	0.90984	-2.12143	14.311	78.5746	
0.978167	-0.0867459	-0.188852	0.00768187	0.923191	-0.384264	0.20768	0.374423	0.903702	-1.94337	14.6479	79.3944	
0.9734	-0.0949577	-0.20851	0.00640498	0.920992	-0.389529	0.229025	0.377832	0.897101	-1.74596	14.988	80.2084	
0.968168	-0.103242	-0.228019	0.00500362	0.918773	-0.394754	0.250253	0.381048	0.890043	-1.52931	15.331	81.0163	
0.962474	-0.111594	-0.247368	0.0034785	0.916536	-0.399937	0.271353	0.384069	0.88253	-1.29352	15.6769	81.8176	
0.956321	-0.12001	-0.266549	0.0018304	0.914282	-0.405075	0.292314	0.386893	0.874566	-1.03873	16.0254	82.6119	
0.949712	-0.128485	-0.285551	6.01474e-05	0.912012	-0.410164	0.313126	0.389521	0.866156	-0.765042	16.3763	83.3987	
0.94265	-0.137016	-0.304365	-0.00183134	0.909727	-0.415204	0.333778	0.391949	0.857303	-0.472616	16.7296	84.1778	
0.935139	-0.145598	-0.32298	-0.0038431	0.907428	-0.42019	0.35426	0.394177	0.848012	-0.161595	17.085	84.9487	
0.927183	-0.154225	-0.341388	-0.0059741	0.905117	-0.42512	0.374561	0.396204	0.838288	0.167861	17.4422	85.7109	
0.918786	-0.162895	-0.359579	-0.00822325	0.902795	-0.429993	0.39467	0.398028	0.828136	0.515583	17.8013	86.4642	
