1	0	0	0	1	0	0	0	1	0	0	0	
0.999993	-5.99871e-06	0.00361563	-5.99871e-06	0.999994	0.00331819	-0.00361563	-0.00331819	0.999988	-0.00183247	-0.00168172	1.01363	
0.999974	-2.4027e-05	0.00723634	-2.40231e-05	0.999978	0.00663996	-0.00723634	-0.00663996	0.999952	-0.00733246	-0.0067287	2.02724	
0.999941	-5.41315e-05	0.010862	-5.41157e-05	0.99995	0.00996516	-0.010862	-0.00996516	0.999891	-0.016505	-0.0151445	3.0408	
0.999895	-9.63574e-05	0.0144924	-9.6318e-05	0.999912	0.0132936	-0.0144924	-0.0132936	0.999807	-0.0293551	-0.0269325	4.05428	
0.999836	-0.000150749	0.0181274	-0.00015067	0.999862	0.0166253	-0.0181274	-0.0166253	0.999697	-0.0458875	-0.042096	5.06767	
0.999763	-0.00021735	0.021767	-0.000217212	0.999801	0.0199599	-0.021767	-0.0199599	0.999564	-0.0661067	-0.0606381	6.08094	
0.999677	-0.000296202	0.0254108	-0.00029598	0.999729	0.0232974	-0.0254108	-0.0232974	0.999406	-0.0900173	-0.0825617	7.09405	
0.999578	-0.000387346	0.0290588	-0.000387013	0.999645	0.0266377	-0.0290588	-0.0266377	0.999223	-0.117624	-0.10787	8.10699	
0.999465	-0.000490822	0.0327108	-0.000490346	0.99955	0.0299805	-0.0327108	-0.0299805	0.999015	-0.14893	-0.136565	9.11974	
0.999338	-0.000606669	0.0363667	-0.000606014	0.999444	0.0333257	-0.0363667	-0.0333257	0.998783	-0.183939	-0.16865	10.1323	
0.999198	-0.000734926	0.0400263	-0.000734051	0.999327	0.0366733	-0.0400263	-0.0366732	0.998525	-0.222657	-0.204127	11.1445	
0.999045	-0.000875627	0.0436894	-0.000874489	0.999198	0.040023	-0.0436894	-0.0400229	0.998243	-0.265086	-0.242998	12.1565	
0.998878	-0.00102881	0.0473559	-0.00102736	0.999058	0.0433747	-0.047356	-0.0433746	0.997936	-0.311229	-0.285265	13.1682	
0.998697	-0.00119451	0.0510257	-0.00119269	0.998907	0.0467283	-0.0510258	-0.0467282	0.997604	-0.361091	-0.330931	14.1796	
0.998502	-0.00137276	0.0546986	-0.00137052	0.998744	0.0500836	-0.0546987	-0.0500835	0.997246	-0.414674	-0.379997	15.1906	
0.998294	-0.00156359	0.0583744	-0.00156087	0.99857	0.0534405	-0.0583745	-0.0534404	0.996863	-0.471982	-0.432465	16.2013	
0.998071	-0.00176703	0.062053	-0.00176377	0.998384	0.0567988	-0.0620531	-0.0567987	0.996455	-0.533017	-0.488336	17.2116	
0.997835	-0.00198312	0.0657343	-0.00197924	0.998187	0.0601585	-0.0657344	-0.0601583	0.996022	-0.597782	-0.547612	18.2214	
0.997585	-0.00221188	0.069418	-0.00220731	0.997978	0.0635193	-0.0694182	-0.0635191	0.995563	-0.66628	-0.610294	19.2308	
0.997321	-0.00245334	0.0731041	-0.002448	0.997758	0.0668811	-0.0731043	-0.0668809	0.995079	-0.738513	-0.676384	20.2396	
0.997043	-0.00270753	0.0767923	-0.00270135	0.997526	0.0702439	-0.0767926	-0.0702436	0.99457	-0.814484	-0.745881	21.248	
0.996752	-0.00297447	0.0804826	-0.00296736	0.997283	0.0736073	-0.0804829	-0.073607	0.994034	-0.894194	-0.818787	22.2559	
0.996446	-0.0032542	0.0841748	-0.00324606	0.997028	0.0769714	-0.0841751	-0.0769711	0.993474	-0.977646	-0.895103	23.2632	
0.996126	-0.00354673	0.0878686	-0.00353747	0.996762	0.0803359	-0.087869	-0.0803355	0.992887	-1.06484	-0.974829	24.2699	
0.995792	-0.00385208	0.091564	-0.00384161	0.996484	0.0837008	-0.0915645	-0.0837003	0.992275	-1.15578	-1.05797	25.2761	
0.995444	-0.00417029	0.0952609	-0.0041585	0.996194	0.0870658	-0.0952614	-0.0870653	0.991637	-1.25047	-1.14451	26.2815	
0.995081	-0.00450137	0.098959	-0.00448815	0.995893	0.0904309	-0.0989596	-0.0904303	0.990974	-1.3489	-1.23447	27.2864	
0.994705	-0.00484533	0.102658	-0.00483058	0.99558	0.0937959	-0.102659	-0.0937952	0.990285	-1.45109	-1.32784	28.2905	
0.994314	-0.00520221	0.106358	-0.00518581	0.995255	0.0971607	-0.106359	-0.0971598	0.989569	-1.55702	-1.42462	29.2939	
0.993909	-0.00557202	0.110059	-0.00555384	0.994919	0.100525	-0.11006	-0.100524	0.988828	-1.66671	-1.52481	30.2966	
0.99349	-0.00595476	0.113761	-0.0059347	0.994571	0.103889	-0.113762	-0.103888	0.988062	-1.78014	-1.62841	31.2985	
0.993057	-0.00635048	0.117463	-0.00632839	0.994212	0.107252	-0.117464	-0.107251	0.987269	-1.89733	-1.73542	32.2997	
0.992609	-0.00675916	0.121166	-0.00673492	0.993841	0.110615	-0.121167	-0.110613	0.98645	-2.01828	-1.84584	33.3	
0.992147	-0.00718084	0.124868	-0.00715431	0.993458	0.113976	-0.12487	-0.113974	0.985605	-2.14297	-1.95966	34.2995	
0.991671	-0.00761552	0.128571	-0.00758656	0.993063	0.117337	-0.128573	-0.117335	0.984734	-2.27142	-2.07689	35.2981	
0.99118	-0.00806322	0.132273	-0.00803168	0.992657	0.120696	-0.132275	-0.120694	0.983838	-2.40363	-2.19753	36.2958	
0.990675	-0.00852394	0.135976	-0.00848968	0.992239	0.124054	-0.135978	-0.124051	0.982915	-2.53958	-2.32157	37.2926	
0.990156	-0.0089977	0.139678	-0.00896056	0.99181	0.12741	-0.13968	-0.127408	0.981966	-2.67929	-2.44902	38.2884	
0.989622	-0.00948451	0.143379	-0.00944434	0.991368	0.130765	-0.143382	-0.130762	0.980991	-2.82275	-2.57986	39.2833	
0.989074	-0.00998437	0.14708	-0.009941	0.990915	0.134118	-0.147083	-0.134115	0.97999	-2.96996	-2.71411	40.2771	
0.988512	-0.0104973	0.150779	-0.0104506	0.990451	0.137469	-0.150783	-0.137466	0.978963	-3.12093	-2.85175	41.27	
0.987935	-0.0110233	0.154478	-0.010973	0.989975	0.140818	-0.154482	-0.140815	0.977909	-3.27564	-2.99279	42.2618	
0.987343	-0.0115623	0.158176	-0.0115084	0.989487	0.144166	-0.15818	-0.144161	0.97683	-3.43411	-3.13722	43.2525	
0.986737	-0.0121145	0.161872	-0.0120566	0.988987	0.14751	-0.161876	-0.147506	0.975724	-3.59632	-3.28504	44.2421	
0.986117	-0.0126797	0.165567	-0.0126178	0.988476	0.150853	-0.165572	-0.150847	0.974593	-3.76227	-3.43625	45.2305	
0.985482	-0.013258	0.16926	-0.0131919	0.987953	0.154192	-0.169265	-0.154187	0.973435	-3.93197	-3.59085	46.2178	
0.984833	-0.0138494	0.172952	-0.0137788	0.987418	0.157529	-0.172957	-0.157523	0.972251	-4.10542	-3.74883	47.2039	
0.984169	-0.0144539	0.176641	-0.0143787	0.986872	0.160864	-0.176647	-0.160857	0.971041	-4.28261	-3.91019	48.1888	
0.983491	-0.0150714	0.180329	-0.0149914	0.986314	0.164195	-0.180335	-0.164188	0.969805	-4.46353	-4.07493	49.1725	
0.982798	-0.0157021	0.184014	-0.015617	0.985744	0.167523	-0.184021	-0.167515	0.968543	-4.64819	-4.24304	50.1549	
0.982091	-0.0163458	0.187697	-0.0162555	0.985163	0.170848	-0.187705	-0.17084	0.967254	-4.83659	-4.41453	51.136	
0.981369	-0.0170026	0.191377	-0.0169068	0.98457	0.17417	-0.191386	-0.174161	0.96594	-5.02872	-4.58938	52.1157	
0.980633	-0.0176725	0.195055	-0.0175711	0.983966	0.177488	-0.195064	-0.177478	0.964599	-5.22458	-4.7676	53.0942	
0.979882	-0.0183555	0.19873	-0.0182481	0.98335	0.180803	-0.19874	-0.180792	0.963233	-5.42417	-4.94918	54.0712	
0.979117	-0.0190515	0.202402	-0.0189381	0.982723	0.184113	-0.202413	-0.184102	0.96184	-5.62748	-5.13411	55.0469	
0.978338	-0.0197605	0.206071	-0.0196408	0.982083	0.18742	-0.206082	-0.187408	0.960421	-5.83451	-5.3224	56.0211	
0.977543	-0.0204827	0.209736	-0.0203564	0.981433	0.190723	-0.209749	-0.19071	0.958976	-6.04527	-5.51404	56.9939	
0.976735	-0.0212178	0.213399	-0.0210847	0.980771	0.194022	-0.213412	-0.194007	0.957505	-6.25973	-5.70902	57.9652	
0.975912	-0.021966	0.217057	-0.0218259	0.980097	0.197316	-0.217072	-0.197301	0.956009	-6.47791	-5.90734	58.9351	
0.975074	-0.0227273	0.220712	-0.0225798	0.979412	0.200607	-0.220728	-0.20059	0.954486	-6.69979	-6.109	59.9033	
0.974222	-0.0235015	0.224364	-0.0233465	0.978715	0.203892	-0.22438	-0.203874	0.952937	-6.92538	-6.31399	60.87	
0.973356	-0.0242887	0.228011	-0.024126	0.978007	0.207173	-0.228028	-0.207154	0.951362	-7.15467	-6.52231	61.8352	
0.972475	-0.0250889	0.231654	-0.0249182	0.977287	0.210449	-0.231672	-0.210429	0.949762	-7.38766	-6.73395	62.7987	
0.971579	-0.0259021	0.235293	-0.0257231	0.976556	0.21372	-0.235312	-0.213699	0.948135	-7.62433	-6.9489	63.7606	
0.969779	-0.0275258	0.242426	-0.0266576	0.975713	0.217424	-0.242523	-0.217316	0.945493	-7.86651	-7.16735	64.7203	
0.967925	-0.029177	0.249541	-0.0276208	0.974856	0.221119	-0.249718	-0.220919	0.942781	-8.11599	-7.38946	65.6773	
0.966015	-0.0308557	0.256637	-0.0286128	0.973984	0.224805	-0.256896	-0.224508	0.94	-8.37275	-7.61521	66.6316	
0.964052	-0.0325617	0.263712	-0.0296333	0.973097	0.228482	-0.264057	-0.228084	0.937151	-8.63678	-7.84459	67.583	
0.962034	-0.0342948	0.270767	-0.0306821	0.972196	0.23215	-0.271201	-0.231643	0.934233	-8.90806	-8.07759	68.5314	
0.959962	-0.0360551	0.277802	-0.0317593	0.971281	0.235806	-0.278325	-0.235188	0.931247	-9.18658	-8.31419	69.4769	
0.957836	-0.0378423	0.284814	-0.0328645	0.970352	0.239452	-0.285431	-0.238716	0.928194	-9.4723	-8.55437	70.4193	
0.950359	-0.0438698	0.308046	-0.0338124	0.969588	0.242397	-0.309312	-0.24078	0.919973	-9.77374	-8.7974	71.356	
0.942285	-0.0499472	0.331065	-0.0348361	0.968817	0.245316	-0.332994	-0.24269	0.911162	-10.0993	-9.04245	72.2841	
0.933618	-0.0560708	0.353854	-0.0359349	0.968041	0.248205	-0.356462	-0.244444	0.901766	-10.4487	-9.28935	73.203	
0.924364	-0.0622364	0.3764	-0.0371082	0.967259	0.251063	-0.379702	-0.246042	0.89179	-10.8219	-9.53795	74.1121	
0.914529	-0.0684403	0.398688	-0.0383552	0.966473	0.253889	-0.402697	-0.247481	0.881242	-11.2184	-9.78809	75.0107	
0.904119	-0.0746783	0.420703	-0.039675	0.965682	0.256681	-0.425434	-0.248761	0.870129	-11.6381	-10.0396	75.8984	
0.893141	-0.0809465	0.442433	-0.0410669	0.964887	0.259436	-0.447898	-0.249882	0.858456	-12.0808	-10.2923	76.7745	
0.881602	-0.0872408	0.463861	-0.04253	0.964089	0.262152	-0.470074	-0.250842	0.846232	-12.5461	-10.5461	77.6385	
0.869509	-0.0935573	0.484976	-0.0440632	0.963288	0.26483	-0.491948	-0.251641	0.833465	-13.0337	-10.8008	78.4899	
0.85687	-0.0998918	0.505763	-0.0456657	0.962485	0.267465	-0.513507	-0.252279	0.820162	-13.5433	-11.0562	79.328	
0.843693	-0.10624	0.526209	-0.0473364	0.96168	0.270057	-0.534735	-0.252754	0.806333	-14.0746	-11.3122	80.1524	
0.829986	-0.112599	0.5463	-0.0490741	0.960874	0.272605	-0.555621	-0.253067	0.791986	-14.6272	-11.5686	80.9625	
0.815759	-0.118963	0.566025	-0.0508779	0.960067	0.275105	-0.576149	-0.253218	0.777131	-15.2008	-11.8252	81.7578	
0.801021	-0.125329	0.58537	-0.0527466	0.95926	0.277558	-0.596308	-0.253206	0.761777	-15.7951	-12.0819	82.5378	
0.785781	-0.131693	0.604323	-0.0546788	0.958453	0.279961	-0.616084	-0.253032	0.745933	-16.4096	-12.3384	83.3019	
0.770048	-0.13805	0.622871	-0.0566735	0.957647	0.282313	-0.635464	-0.252695	0.72961	-17.0439	-12.5948	84.0498	
0.753833	-0.144397	0.641003	-0.0587293	0.956842	0.284612	-0.654436	-0.252195	0.712819	-17.6977	-12.8507	84.7809	
0.737147	-0.150729	0.658707	-0.0608449	0.956039	0.286856	-0.672987	-0.251534	0.695571	-18.3705	-13.106	85.4947	
0.72	-0.157042	0.675972	-0.063019	0.955239	0.289045	-0.691107	-0.250712	0.677875	-19.0619	-13.3605	86.1909	
0.702402	-0.163333	0.692787	-0.0652501	0.954441	0.291177	-0.708783	-0.249728	0.659744	-19.7714	-13.6142	86.8688	
0.684366	-0.169597	0.70914	-0.0675368	0.953647	0.293251	-0.726004	-0.248584	0.64119	-20.4986	-13.8668	87.5282	
0.665903	-0.17583	0.725022	-0.0698777	0.952857	0.295264	-0.742758	-0.24728	0.622224	-21.2431	-14.1181	88.1686	
0.647025	-0.182029	0.740422	-0.0722712	0.952071	0.297217	-0.759036	-0.245818	0.602858	-22.0042	-14.368	88.7895	
0.627744	-0.188189	0.75533	-0.0747159	0.95129	0.299107	-0.774826	-0.244197	0.583106	-22.7817	-14.6164	89.3906	
0.608071	-0.194306	0.769737	-0.07721	0.950514	0.300933	-0.790119	-0.24242	0.562978	-23.5749	-14.863	89.9715	
0.588021	-0.200376	0.783633	-0.0797521	0.949745	0.302695	-0.804904	-0.240488	0.54249	-24.3833	-15.1078	90.5318	
0.567606	-0.206396	0.79701	-0.0823405	0.948982	0.304391	-0.819173	-0.2384	0.521653	-25.2065	-15.3505	91.0711	
0.546838	-0.212361	0.809858	-0.0849736	0.948225	0.30602	-0.832915	-0.23616	0.500481	-26.0438	-15.591	91.5892	
