1	0	0	0	1	0	0	0	1	0	0	0	
0.999996	2.26135e-06	-0.00269856	2.26135e-06	0.999999	0.00167597	0.00269856	-0.00167597	0.999995	0.00102423	-0.000636106	0.75909	
0.999985	9.05353e-06	-0.00540018	9.04915e-06	0.999994	0.00335221	0.00540018	-0.00335221	0.99998	0.00409807	-0.00254453	1.51817	
0.999967	2.03874e-05	-0.00810478	2.03698e-05	0.999987	0.00502867	0.00810478	-0.00502867	0.999955	0.00922382	-0.00572546	2.27724	
0.999942	3.62735e-05	-0.0108123	3.62296e-05	0.999978	0.00670533	0.0108123	-0.00670533	0.999919	0.0164037	-0.010179	3.03628	
0.999909	5.6722e-05	-0.0135227	5.66342e-05	0.999965	0.00838213	0.0135227	-0.00838213	0.999873	0.02564	-0.0159054	3.79529	
0.999868	8.17431e-05	-0.0162359	8.15891e-05	0.999949	0.010059	0.0162359	-0.010059	0.999818	0.0369347	-0.0229047	4.55427	
0.99982	0.000111346	-0.0189518	0.0001111	0.999931	0.011736	0.0189518	-0.011736	0.999752	0.0502901	-0.0311769	5.3132	
0.999765	0.000145541	-0.0216704	0.000145171	0.99991	0.013413	0.0216704	-0.013413	0.999675	0.065708	-0.0407221	6.07207	
0.999702	0.000184336	-0.0243916	0.000183807	0.999886	0.0150899	0.0243916	-0.0150899	0.999589	0.0831907	-0.0515402	6.83088	
0.999632	0.000227741	-0.0271153	0.000227013	0.999859	0.0167668	0.0271153	-0.0167668	0.999492	0.10274	-0.0636313	7.58963	
0.999555	0.000275763	-0.0298415	0.000274792	0.99983	0.0184436	0.0298415	-0.0184436	0.999384	0.124358	-0.0769953	8.34829	
0.999469	0.000328411	-0.0325701	0.000327148	0.999798	0.0201202	0.0325701	-0.0201202	0.999267	0.148046	-0.091632	9.10687	
0.999377	0.000385693	-0.0353011	0.000384084	0.999762	0.0217967	0.0353011	-0.0217966	0.999139	0.173806	-0.107541	9.86536	
0.999276	0.000447617	-0.0380343	0.000445604	0.999724	0.0234729	0.0380343	-0.0234728	0.999001	0.20164	-0.124723	10.6237	
0.999168	0.000514189	-0.0407698	0.00051171	0.999684	0.0251488	0.0407698	-0.0251488	0.998852	0.23155	-0.143177	11.382	
0.999053	0.000585417	-0.0435073	0.000582405	0.99964	0.0268244	0.0435074	-0.0268244	0.998693	0.263537	-0.162904	12.1402	
0.99893	0.000661308	-0.046247	0.00065769	0.999594	0.0284997	0.0462471	-0.0284996	0.998523	0.297603	-0.183902	12.8982	
0.998799	0.000741867	-0.0489887	0.000737568	0.999544	0.0301745	0.0489888	-0.0301744	0.998343	0.333749	-0.206171	13.6561	
0.998661	0.000827102	-0.0517324	0.000822041	0.999492	0.0318489	0.0517325	-0.0318488	0.998153	0.371978	-0.229712	14.4139	
0.998515	0.000917017	-0.0544779	0.000911109	0.999438	0.0335229	0.054478	-0.0335227	0.997952	0.412289	-0.254523	15.1715	
0.998361	0.00101162	-0.0572253	0.00100477	0.99938	0.0351963	0.0572254	-0.0351961	0.997741	0.454686	-0.280605	15.9289	
0.998199	0.00111091	-0.0599744	0.00110303	0.999319	0.0368691	0.0599745	-0.0368689	0.997519	0.499169	-0.307957	16.6862	
0.99803	0.0012149	-0.0627252	0.00120589	0.999256	0.0385414	0.0627254	-0.0385411	0.997286	0.545739	-0.336579	17.4434	
0.997853	0.00132359	-0.0654777	0.00131335	0.99919	0.040213	0.0654779	-0.0402126	0.997043	0.594398	-0.366469	18.2003	
0.997668	0.00143699	-0.0682317	0.0014254	0.999121	0.0418839	0.0682319	-0.0418835	0.99679	0.645147	-0.397628	18.9571	
0.997476	0.00155509	-0.0709872	0.00154205	0.99905	0.043554	0.0709874	-0.0435536	0.996526	0.697987	-0.430056	19.7136	
0.997276	0.00167791	-0.0737441	0.0016633	0.998976	0.0452234	0.0737444	-0.0452229	0.996251	0.752919	-0.46375	20.47	
0.997068	0.00180545	-0.0765024	0.00178914	0.998898	0.046892	0.0765028	-0.0468914	0.995966	0.809945	-0.498712	21.2261	
0.996852	0.0019377	-0.079262	0.00191957	0.998818	0.0485598	0.0792624	-0.0485591	0.99567	0.869065	-0.53494	21.982	
0.996628	0.00207468	-0.0820228	0.0020546	0.998736	0.0502267	0.0820233	-0.0502258	0.995364	0.93028	-0.572433	22.7377	
0.996397	0.00221638	-0.0847848	0.00219422	0.99865	0.0518926	0.0847854	-0.0518916	0.995047	0.993592	-0.611192	23.4932	
0.996158	0.00236282	-0.0875479	0.00233842	0.998562	0.0535575	0.0875486	-0.0535565	0.99472	1.059	-0.651214	24.2484	
0.99591	0.00251398	-0.090312	0.0024872	0.998471	0.0552215	0.0903128	-0.0552203	0.994381	1.12651	-0.6925	25.0033	
0.995655	0.00266987	-0.0930771	0.00264057	0.998377	0.0568844	0.093078	-0.056883	0.994033	1.19611	-0.735048	25.758	
0.995392	0.00283049	-0.0958432	0.00279852	0.998281	0.0585462	0.0958441	-0.0585447	0.993673	1.26782	-0.778858	26.5124	
0.995122	0.00299585	-0.09861	0.00296104	0.998182	0.0602069	0.0986111	-0.0602052	0.993303	1.34162	-0.823929	27.2666	
0.994843	0.00316595	-0.101378	0.00312814	0.99808	0.0618664	0.101379	-0.0618645	0.992923	1.41753	-0.87026	28.0204	
0.994556	0.00334077	-0.104146	0.0032998	0.997975	0.0635247	0.104147	-0.0635226	0.992531	1.49553	-0.91785	28.774	
0.994262	0.00352034	-0.106915	0.00347602	0.997867	0.0651818	0.106916	-0.0651794	0.992129	1.57564	-0.966699	29.5273	
0.99396	0.00370464	-0.109685	0.00365681	0.997757	0.0668376	0.109686	-0.0668349	0.991717	1.65785	-1.0168	30.2802	
0.993649	0.00389367	-0.112455	0.00384214	0.997644	0.068492	0.112456	-0.0684891	0.991293	1.74217	-1.06817	31.0329	
0.993331	0.00408744	-0.115225	0.00403203	0.997529	0.0701451	0.115227	-0.0701419	0.99086	1.82858	-1.12078	31.7852	
0.993005	0.00428595	-0.117996	0.00422646	0.99741	0.0717968	0.117998	-0.0717933	0.990415	1.9171	-1.17465	32.5372	
0.992671	0.00448918	-0.120767	0.00442542	0.997289	0.073447	0.12077	-0.0734432	0.98996	2.00772	-1.22978	33.2888	
0.992329	0.00469715	-0.123539	0.00462892	0.997166	0.0750958	0.123541	-0.0750916	0.989494	2.10045	-1.28615	34.0401	
0.991979	0.00490984	-0.12631	0.00483694	0.997039	0.076743	0.126313	-0.0767384	0.989018	2.19528	-1.34378	34.7911	
0.991621	0.00512727	-0.129082	0.00504948	0.99691	0.0783887	0.129085	-0.0783837	0.988531	2.29222	-1.40266	35.5416	
0.991255	0.00534942	-0.131854	0.00526653	0.996778	0.0800328	0.131857	-0.0800273	0.988033	2.39126	-1.46278	36.2918	
0.990881	0.00557629	-0.134626	0.00548809	0.996644	0.0816753	0.13463	-0.0816693	0.987525	2.4924	-1.52415	37.0416	
0.990499	0.00580788	-0.137398	0.00571414	0.996507	0.0833161	0.137402	-0.0833096	0.987006	2.59565	-1.58677	37.7911	
0.990109	0.00604418	-0.140169	0.00594468	0.996367	0.0849552	0.140174	-0.0849482	0.986476	2.701	-1.65063	38.5401	
0.989711	0.0062852	-0.142941	0.0061797	0.996225	0.0865925	0.142945	-0.0865849	0.985936	2.80846	-1.71573	39.2887	
0.989413	0.00646348	-0.144983	0.00603119	0.996313	0.0855756	0.145001	-0.0855441	0.985727	2.91775	-1.78107	40.0371	
0.989109	0.00664025	-0.147032	0.00588019	0.996401	0.0845565	0.147064	-0.0845002	0.985511	3.0286	-1.8456	40.7852	
0.9888	0.00681546	-0.149088	0.00572668	0.996488	0.0835351	0.149134	-0.0834533	0.985289	3.14102	-1.90935	41.5332	
0.988486	0.00698908	-0.151151	0.00557066	0.996575	0.0825115	0.151209	-0.0824035	0.985061	3.25502	-1.9723	42.2811	
0.988166	0.00716108	-0.15322	0.00541212	0.99666	0.0814859	0.153291	-0.0813509	0.984827	3.37059	-2.03445	43.0287	
0.987841	0.00733141	-0.155295	0.00525107	0.996744	0.0804583	0.155379	-0.0802955	0.984586	3.48774	-2.09581	43.7762	
0.98751	0.00750005	-0.157376	0.00508749	0.996828	0.0794288	0.157473	-0.0792374	0.984339	3.60648	-2.15636	44.5235	
0.987174	0.00766695	-0.159463	0.00492138	0.99691	0.0783975	0.159572	-0.0781768	0.984086	3.72682	-2.2161	45.2706	
0.986832	0.00783209	-0.161556	0.00475274	0.996992	0.0773645	0.161676	-0.0771136	0.983826	3.84874	-2.27504	46.0175	
0.986485	0.00799544	-0.163654	0.00458157	0.997072	0.0763297	0.163785	-0.076048	0.98356	3.97227	-2.33317	46.7642	
0.986133	0.00815695	-0.165758	0.00440786	0.997152	0.0752934	0.1659	-0.0749799	0.983288	4.0974	-2.39049	47.5108	
0.985775	0.00831661	-0.167866	0.00423161	0.99723	0.0742556	0.168019	-0.0739096	0.983009	4.22414	-2.44701	48.2571	
0.985411	0.00847438	-0.169979	0.00405282	0.997308	0.0732163	0.170142	-0.072837	0.982724	4.35249	-2.5027	49.0031	
0.985042	0.00863022	-0.172097	0.00387149	0.997384	0.0721756	0.17227	-0.0717623	0.982432	4.48245	-2.55758	49.749	
0.984668	0.00878412	-0.17422	0.00368762	0.99746	0.0711336	0.174402	-0.0706854	0.982134	4.61403	-2.61165	50.4947	
0.984288	0.00893604	-0.176347	0.00350121	0.997535	0.0700904	0.176538	-0.0696065	0.98183	4.74722	-2.6649	51.2401	
0.983902	0.00908595	-0.178477	0.00331225	0.997608	0.069046	0.178678	-0.0685257	0.981518	4.88204	-2.71732	51.9852	
0.983511	0.00923382	-0.180612	0.00312076	0.99768	0.0680005	0.180821	-0.0674429	0.981201	5.01849	-2.76893	52.7302	
0.983115	0.00937964	-0.18275	0.00292673	0.997752	0.0669541	0.182967	-0.0663584	0.980877	5.15656	-2.81971	53.4749	
0.982713	0.00952337	-0.184892	0.00273017	0.997822	0.0659066	0.185117	-0.065272	0.980546	5.29627	-2.86967	54.2193	
0.982305	0.00966499	-0.187037	0.00253107	0.997891	0.0648583	0.187269	-0.064184	0.980209	5.43761	-2.91881	54.9635	
0.981893	0.00980447	-0.189185	0.00232944	0.997959	0.0638091	0.189424	-0.0630944	0.979866	5.58058	-2.96712	55.7075	
0.981474	0.00994179	-0.191336	0.00212529	0.998026	0.0627593	0.191582	-0.0620033	0.979516	5.72519	-3.0146	56.4511	
0.981051	0.0100769	-0.193489	0.00191862	0.998092	0.0617087	0.193742	-0.0609106	0.97916	5.87144	-3.06125	57.1946	
0.980622	0.0102099	-0.195645	0.00170943	0.998157	0.0606575	0.195904	-0.0598165	0.978797	6.01933	-3.10707	57.9377	
0.980187	0.0103406	-0.197803	0.00149773	0.998221	0.0596058	0.198068	-0.0587211	0.978428	6.16886	-3.15206	58.6805	
0.979747	0.010469	-0.199963	0.00128352	0.998283	0.0585536	0.200233	-0.0576244	0.978052	6.32003	-3.19622	59.4231	
0.979302	0.0105952	-0.202125	0.00106682	0.998345	0.057501	0.2024	-0.0565265	0.97767	6.47285	-3.23954	60.1654	
0.978852	0.0107191	-0.204289	0.000847618	0.998405	0.056448	0.204568	-0.0554274	0.977282	6.62731	-3.28204	60.9074	
0.978396	0.0108407	-0.206454	0.000625936	0.998464	0.0553948	0.206738	-0.0543273	0.976887	6.78342	-3.32369	61.6491	
0.977935	0.01096	-0.20862	0.000401777	0.998522	0.0543413	0.208908	-0.0532261	0.976486	6.94118	-3.36451	62.3905	
0.977469	0.0110769	-0.210788	0.000175151	0.998579	0.0532877	0.211078	-0.052124	0.976078	7.10058	-3.4045	63.1316	
0.976998	0.0111915	-0.212956	-5.39341e-05	0.998635	0.052234	0.213249	-0.051021	0.975665	7.26163	-3.44365	63.8723	
0.976521	0.0113037	-0.215124	-0.000285468	0.998689	0.0511803	0.215421	-0.0499172	0.975245	7.42433	-3.48196	64.6128	
0.97604	0.0114135	-0.217293	-0.000519442	0.998743	0.0501266	0.217592	-0.0488127	0.974818	7.58868	-3.51943	65.3529	
0.975553	0.0115209	-0.219463	-0.000755843	0.998795	0.049073	0.219764	-0.0477074	0.974386	7.75468	-3.55606	66.0928	
0.975061	0.0116259	-0.221632	-0.000994661	0.998846	0.0480196	0.221934	-0.0466016	0.973947	7.92232	-3.59186	66.8322	
0.974564	0.0117285	-0.223801	-0.00123588	0.998896	0.0469664	0.224105	-0.0454952	0.973503	8.09161	-3.62681	67.5714	
0.974063	0.0118287	-0.22597	-0.0014795	0.998944	0.0459135	0.226274	-0.0443883	0.973052	8.26255	-3.66093	68.3102	
0.973556	0.0119263	-0.228138	-0.00172549	0.998992	0.0448609	0.228443	-0.043281	0.972595	8.43514	-3.6942	69.0487	
0.973044	0.0120216	-0.230305	-0.00197385	0.999038	0.0438088	0.23061	-0.0421733	0.972132	8.60937	-3.72664	69.7868	
0.972528	0.0121143	-0.232471	-0.00222456	0.999083	0.0427571	0.232776	-0.0410653	0.971663	8.78524	-3.75823	70.5245	
0.973483	0.0119825	-0.228444	-0.00649762	0.999673	0.0247468	0.228665	-0.0226063	0.973243	8.96039	-3.7824	71.2627	
0.974422	0.0119271	-0.224411	-0.0106938	0.99992	0.00671053	0.224473	-0.00413909	0.974472	9.13238	-3.79255	72.002	
0.975342	0.0119482	-0.220373	-0.0148115	0.999826	-0.0113453	0.220199	0.0143296	0.97535	9.30116	-3.78868	72.7421	
0.976245	0.0120458	-0.216333	-0.0188494	0.99939	-0.0294141	0.215846	0.0327931	0.975877	9.46666	-3.77079	73.4827	
0.97713	0.0122198	-0.212291	-0.022806	0.998611	-0.0474894	0.211416	0.0512448	0.976052	9.62883	-3.7389	74.2235	
