1	0	0	0	1	0	0	0	1	0	0	0	
0.999994	-4.59533e-06	0.00331972	-4.59533e-06	0.999996	0.00276849	-0.00331972	-0.00276849	0.999991	-0.00130107	-0.00108502	0.783836	
0.999978	-1.83866e-05	0.00664074	-1.83823e-05	0.999985	0.00553677	-0.00664074	-0.00553677	0.999963	-0.00520477	-0.00434002	1.56766	
0.99995	-4.13804e-05	0.00996297	-4.13635e-05	0.999966	0.00830479	-0.00996297	-0.00830479	0.999916	-0.0117121	-0.0097648	2.35145	
0.999912	-7.35833e-05	0.0132864	-7.35408e-05	0.999939	0.0110725	-0.0132864	-0.0110725	0.99985	-0.020824	-0.0173591	3.1352	
0.999862	-0.000115001	0.0166108	-0.000114916	0.999904	0.0138398	-0.0166108	-0.0138398	0.999766	-0.0325413	-0.0271228	3.91889	
0.999801	-0.00016564	0.0199363	-0.000165491	0.999862	0.0166067	-0.0199363	-0.0166067	0.999663	-0.0468648	-0.0390554	4.7025	
0.999729	-0.000225506	0.0232627	-0.000225268	0.999812	0.0193731	-0.0232627	-0.0193731	0.999542	-0.0637953	-0.0531565	5.48603	
0.999646	-0.000294603	0.02659	-0.000294246	0.999755	0.0221389	-0.02659	-0.0221389	0.999401	-0.0833336	-0.0694259	6.26946	
0.999552	-0.000372937	0.029918	-0.000372427	0.99969	0.0249041	-0.029918	-0.0249041	0.999242	-0.10548	-0.087863	7.05276	
0.999447	-0.000460513	0.0332468	-0.000459812	0.999617	0.0276686	-0.0332468	-0.0276686	0.999064	-0.130236	-0.108467	7.83594	
0.999331	-0.000557336	0.0365763	-0.0005564	0.999537	0.0304324	-0.0365763	-0.0304324	0.998867	-0.157601	-0.131238	8.61897	
0.999203	-0.000663409	0.0399063	-0.000662192	0.999449	0.0331954	-0.0399063	-0.0331954	0.998652	-0.187576	-0.156175	9.40184	
0.999065	-0.000778736	0.0432369	-0.000777188	0.999353	0.0359576	-0.0432369	-0.0359576	0.998418	-0.220161	-0.183278	10.1845	
0.998915	-0.000903322	0.0465678	-0.000901387	0.99925	0.0387188	-0.0465679	-0.0387188	0.998164	-0.255358	-0.212545	10.967	
0.998754	-0.00103717	0.0498992	-0.00103479	0.999139	0.0414791	-0.0498993	-0.0414791	0.997893	-0.293165	-0.243976	11.7493	
0.998582	-0.00118028	0.0532309	-0.00117739	0.99902	0.0442384	-0.0532309	-0.0442383	0.997602	-0.333584	-0.27757	12.5314	
0.998398	-0.00133266	0.0565628	-0.00132919	0.998894	0.0469965	-0.0565628	-0.0469964	0.997292	-0.376614	-0.313327	13.3132	
0.998204	-0.00149432	0.0598948	-0.00149019	0.99876	0.0497535	-0.0598949	-0.0497534	0.996964	-0.422256	-0.351245	14.0948	
0.997998	-0.00166524	0.0632269	-0.00166039	0.998619	0.0525094	-0.0632271	-0.0525092	0.996617	-0.47051	-0.391324	14.8761	
0.997781	-0.00184544	0.0665591	-0.00183978	0.99847	0.0552639	-0.0665593	-0.0552637	0.996251	-0.521376	-0.433562	15.6572	
0.997553	-0.00203492	0.0698912	-0.00202837	0.998314	0.0580172	-0.0698914	-0.0580169	0.995866	-0.574854	-0.477959	16.4379	
0.997313	-0.00223368	0.0732232	-0.00222614	0.998149	0.060769	-0.0732234	-0.0607687	0.995462	-0.630943	-0.524514	17.2184	
0.997062	-0.00244171	0.076555	-0.0024331	0.997978	0.0635194	-0.0765552	-0.0635191	0.99504	-0.689644	-0.573225	17.9985	
0.9968	-0.00265903	0.0798865	-0.00264924	0.997798	0.0662684	-0.0798868	-0.066268	0.994599	-0.750957	-0.624091	18.7783	
0.996527	-0.00288564	0.0832176	-0.00287457	0.997611	0.0690158	-0.083218	-0.0690153	0.994139	-0.814881	-0.677111	19.5577	
0.996243	-0.00312152	0.0865484	-0.00310907	0.997417	0.0717616	-0.0865489	-0.071761	0.99366	-0.881416	-0.732284	20.3368	
0.995947	-0.00336669	0.0898787	-0.00335275	0.997215	0.0745057	-0.0898792	-0.074505	0.993162	-0.950562	-0.789608	21.1154	
0.99564	-0.00362115	0.0932084	-0.00360559	0.997005	0.0772481	-0.093209	-0.0772473	0.992645	-1.02232	-0.849083	21.8937	
0.995322	-0.00388488	0.0965376	-0.0038676	0.996788	0.0799887	-0.0965383	-0.0799878	0.99211	-1.09668	-0.910707	22.6716	
0.994992	-0.0041579	0.099866	-0.00413877	0.996564	0.0827274	-0.0998668	-0.0827265	0.991556	-1.17366	-0.974478	23.449	
0.994651	-0.00444021	0.103194	-0.00441909	0.996331	0.0854643	-0.103195	-0.0854632	0.990983	-1.25324	-1.04039	24.226	
0.994299	-0.0047318	0.10652	-0.00470857	0.996092	0.0881992	-0.106522	-0.088198	0.990391	-1.33543	-1.10846	25.0026	
0.993936	-0.00503266	0.109846	-0.00500719	0.995845	0.0909322	-0.109848	-0.0909308	0.98978	-1.42023	-1.17866	25.7786	
0.993561	-0.00534281	0.113171	-0.00531495	0.99559	0.093663	-0.113173	-0.0936614	0.989151	-1.50764	-1.25101	26.5542	
0.993175	-0.00566224	0.116495	-0.00563184	0.995328	0.0963917	-0.116497	-0.09639	0.988503	-1.59765	-1.32549	27.3293	
0.992778	-0.00599094	0.119818	-0.00595786	0.995058	0.0991183	-0.11982	-0.0991163	0.987836	-1.69027	-1.40211	28.1038	
0.992369	-0.00632891	0.12314	-0.006293	0.994781	0.101843	-0.123142	-0.10184	0.98715	-1.78549	-1.48087	28.8779	
0.991949	-0.00667616	0.12646	-0.00663726	0.994496	0.104565	-0.126462	-0.104562	0.986445	-1.88331	-1.56177	29.6514	
0.991518	-0.00703268	0.129779	-0.00699063	0.994204	0.107284	-0.129781	-0.107282	0.985722	-1.98374	-1.64479	30.4243	
0.991075	-0.00739846	0.133097	-0.00735309	0.993904	0.110002	-0.133099	-0.109998	0.98498	-2.08677	-1.72995	31.1967	
0.990622	-0.00777351	0.136413	-0.00772466	0.993597	0.112716	-0.136416	-0.112713	0.984219	-2.1924	-1.81723	31.9684	
0.990156	-0.00815782	0.139727	-0.0081053	0.993283	0.115429	-0.13973	-0.115425	0.983439	-2.30062	-1.90664	32.7396	
0.98968	-0.00855139	0.14304	-0.00849503	0.992961	0.118138	-0.143044	-0.118134	0.982641	-2.41145	-1.99818	33.5101	
0.989192	-0.0089542	0.146352	-0.00889383	0.992631	0.120845	-0.146355	-0.120841	0.981824	-2.52487	-2.09184	34.2801	
0.988693	-0.00936627	0.149661	-0.00930169	0.992295	0.12355	-0.149665	-0.123545	0.980988	-2.64089	-2.18762	35.0493	
0.988183	-0.00978758	0.152969	-0.00971861	0.991951	0.126251	-0.152973	-0.126246	0.980133	-2.7595	-2.28552	35.8179	
0.987661	-0.0102181	0.156275	-0.0101446	0.991599	0.12895	-0.15628	-0.128944	0.97926	-2.8807	-2.38553	36.5858	
0.987128	-0.0106579	0.159579	-0.0105796	0.99124	0.131646	-0.159584	-0.13164	0.978368	-3.00449	-2.48766	37.3531	
0.986583	-0.0111069	0.162881	-0.0110236	0.990874	0.134339	-0.162886	-0.134332	0.977457	-3.13088	-2.5919	38.1196	
0.986028	-0.0115652	0.16618	-0.0114766	0.9905	0.137029	-0.166186	-0.137022	0.976528	-3.25985	-2.69825	38.8854	
0.985461	-0.0120326	0.169478	-0.0119387	0.99012	0.139717	-0.169485	-0.139709	0.97558	-3.3914	-2.80671	39.6505	
0.984882	-0.0125093	0.172773	-0.0124097	0.989731	0.142401	-0.17278	-0.142392	0.974614	-3.52554	-2.91727	40.4148	
0.984293	-0.0129952	0.176066	-0.0128898	0.989336	0.145081	-0.176074	-0.145072	0.973628	-3.66226	-3.02993	41.1784	
0.983692	-0.0134903	0.179357	-0.0133788	0.988933	0.147759	-0.179365	-0.147749	0.972624	-3.80157	-3.14469	41.9411	
0.982566	-0.0144124	0.185354	-0.0140132	0.988413	0.15114	-0.185384	-0.151102	0.970979	-3.94452	-3.26182	42.7029	
0.981404	-0.0153551	0.19134	-0.0146693	0.987881	0.154518	-0.191394	-0.154451	0.969285	-4.09219	-3.38157	43.4633	
0.980204	-0.0163185	0.197316	-0.015347	0.987337	0.157894	-0.197394	-0.157797	0.967541	-4.24456	-3.50395	44.2224	
0.978968	-0.0173025	0.20328	-0.0160463	0.98678	0.161268	-0.203383	-0.161138	0.965748	-4.40164	-3.62894	44.9801	
0.977694	-0.018307	0.209234	-0.0167672	0.986212	0.164638	-0.209363	-0.164474	0.963906	-4.5634	-3.75656	45.7364	
0.976384	-0.0193321	0.215175	-0.0175098	0.985631	0.168005	-0.215331	-0.167805	0.962016	-4.72985	-3.88678	46.4912	
0.975037	-0.0203777	0.221105	-0.0182739	0.985037	0.171369	-0.221288	-0.171132	0.960076	-4.90097	-4.01962	47.2445	
0.973654	-0.0214438	0.227022	-0.0190595	0.984432	0.174729	-0.227234	-0.174453	0.958087	-5.07675	-4.15506	47.9962	
0.972233	-0.0225303	0.232927	-0.0198667	0.983815	0.178085	-0.233169	-0.177768	0.95605	-5.25719	-4.29311	48.7464	
0.970777	-0.0236372	0.238818	-0.0206954	0.983185	0.181437	-0.239091	-0.181077	0.953964	-5.44228	-4.43374	49.495	
0.969283	-0.0247645	0.244697	-0.0215456	0.982543	0.184784	-0.245001	-0.18438	0.951829	-5.63201	-4.57697	50.2419	
0.967754	-0.0259121	0.250562	-0.0224172	0.981889	0.188126	-0.250899	-0.187676	0.949646	-5.82636	-4.72279	50.9871	
0.966188	-0.02708	0.256413	-0.0233101	0.981223	0.191462	-0.256783	-0.190966	0.947415	-6.02533	-4.87119	51.7306	
0.964586	-0.0282681	0.26225	-0.0242245	0.980545	0.194794	-0.262655	-0.194248	0.945135	-6.22891	-5.02216	52.4724	
0.962948	-0.0294764	0.268073	-0.0251601	0.979855	0.198119	-0.268513	-0.197523	0.942807	-6.43709	-5.1757	53.2123	
0.961273	-0.0307048	0.273881	-0.026117	0.979153	0.201439	-0.274357	-0.200791	0.940432	-6.64985	-5.33181	53.9504	
0.959563	-0.0319534	0.279674	-0.0270951	0.978439	0.204752	-0.280187	-0.20405	0.938008	-6.86719	-5.49048	54.6866	
0.957817	-0.033222	0.285452	-0.0280944	0.977713	0.208059	-0.286002	-0.207302	0.935537	-7.08909	-5.6517	55.4209	
0.956035	-0.0345105	0.291215	-0.0291148	0.976975	0.211358	-0.291804	-0.210545	0.933017	-7.31554	-5.81546	56.1532	
0.954217	-0.0358191	0.296961	-0.0301562	0.976225	0.214651	-0.29759	-0.213779	0.930451	-7.54654	-5.98176	56.8835	
0.952364	-0.0371475	0.302692	-0.0312186	0.975464	0.217936	-0.303361	-0.217004	0.927837	-7.78206	-6.15059	57.6118	
0.950476	-0.0384958	0.308406	-0.0323019	0.97469	0.221214	-0.309116	-0.22022	0.925176	-8.0221	-6.32195	58.3381	
0.948552	-0.0398638	0.314103	-0.0334061	0.973905	0.224483	-0.314856	-0.223427	0.922468	-8.26665	-6.49582	59.0622	
0.946592	-0.0412516	0.319784	-0.034531	0.973108	0.227745	-0.320579	-0.226624	0.919712	-8.51569	-6.67221	59.7842	
0.944598	-0.042659	0.325447	-0.0356767	0.9723	0.230998	-0.326286	-0.229811	0.91691	-8.76921	-6.85109	60.504	
0.942568	-0.044086	0.331093	-0.036843	0.97148	0.234242	-0.331977	-0.232987	0.914062	-9.0272	-7.03247	61.2216	
0.940503	-0.0455325	0.33672	-0.0380299	0.970649	0.237477	-0.33765	-0.236153	0.911166	-9.28964	-7.21634	61.9369	
0.938404	-0.0469985	0.34233	-0.0392372	0.969806	0.240703	-0.343306	-0.239308	0.908225	-9.55652	-7.40268	62.65	
0.936269	-0.0484839	0.347922	-0.040465	0.968951	0.243919	-0.348945	-0.242452	0.905237	-9.82783	-7.5915	63.3607	
0.9341	-0.0499886	0.353494	-0.041713	0.968085	0.247125	-0.354566	-0.245585	0.902203	-10.1035	-7.78277	64.0691	
0.931896	-0.0515126	0.359048	-0.0429813	0.967208	0.250322	-0.360169	-0.248706	0.899124	-10.3837	-7.97649	64.7751	
0.929658	-0.0530558	0.364583	-0.0442697	0.96632	0.253508	-0.365754	-0.251816	0.895998	-10.6682	-8.17266	65.4786	
0.927386	-0.0546181	0.370098	-0.0455782	0.96542	0.256683	-0.37132	-0.254913	0.892828	-10.957	-8.37125	66.1797	
0.925079	-0.0561995	0.375594	-0.0469066	0.96451	0.259848	-0.376867	-0.257998	0.889611	-11.2503	-8.57227	66.8783	
0.922738	-0.0577998	0.381069	-0.0482548	0.963588	0.263002	-0.382395	-0.26107	0.88635	-11.5478	-8.77571	67.5743	
0.920363	-0.0594191	0.386524	-0.0496228	0.962655	0.266144	-0.387904	-0.26413	0.883044	-11.8497	-8.98154	68.2678	
0.917954	-0.0610571	0.391959	-0.0510104	0.961712	0.269275	-0.393392	-0.267176	0.879693	-12.1559	-9.18977	68.9586	
0.910392	-0.0661234	0.408429	-0.0532061	0.960241	0.274056	-0.410312	-0.27123	0.870677	-12.4709	-9.40079	69.6446	
0.902512	-0.0712649	0.424727	-0.0554937	0.958748	0.278788	-0.427074	-0.275179	0.861327	-12.7991	-9.61495	70.3235	
0.894319	-0.0764798	0.440846	-0.0578725	0.957234	0.283468	-0.443672	-0.279023	0.851646	-13.1404	-9.83216	70.9948	
0.885814	-0.0817661	0.456779	-0.0603414	0.955699	0.288094	-0.4601	-0.28276	0.841638	-13.4946	-10.0523	71.6585	
0.877003	-0.0871216	0.472521	-0.0628997	0.954144	0.292664	-0.476351	-0.286388	0.831307	-13.8617	-10.2754	72.3142	
0.867887	-0.0925444	0.488066	-0.0655463	0.95257	0.297177	-0.492419	-0.289907	0.820657	-14.2414	-10.5013	72.9616	
0.85847	-0.0980324	0.503407	-0.0682801	0.950977	0.301631	-0.508298	-0.293314	0.809692	-14.6336	-10.7299	73.6006	
0.848757	-0.103583	0.518539	-0.0711002	0.949365	0.306024	-0.523982	-0.296608	0.798415	-15.0381	-10.9611	74.2309	
