1	0	0	0	1	0	0	0	1	0	0	0	
1	-1.42446e-07	7.50739e-05	-1.42446e-07	0.999993	0.00379482	-7.50739e-05	-0.00379482	0.999993	-3.3006e-05	-0.00166838	0.879291	
1	-5.71585e-07	0.000150419	-5.71051e-07	0.999971	0.00759624	-0.000150419	-0.00759624	0.999971	-0.000132143	-0.00667642	1.75857	
1	-1.28997e-06	0.000226034	-1.28783e-06	0.999935	0.0114041	-0.000226034	-0.0114041	0.999935	-0.00029765	-0.0150299	2.63782	
1	-2.30015e-06	0.000301915	-2.29479e-06	0.999884	0.0152184	-0.000301915	-0.0152184	0.999884	-0.000529761	-0.0267344	3.51704	
1	-3.60463e-06	0.000378062	-3.5939e-06	0.999819	0.0190389	-0.000378062	-0.0190389	0.999819	-0.000828711	-0.0417955	4.3962	
1	-5.20592e-06	0.000454471	-5.18712e-06	0.999739	0.0228654	-0.000454472	-0.0228654	0.999738	-0.00119473	-0.0602186	5.2753	
1	-7.10652e-06	0.000531141	-7.07638e-06	0.999644	0.0266979	-0.000531142	-0.0266979	0.999643	-0.00162805	-0.082009	6.15432	
1	-9.30889e-06	0.00060807	-9.26361e-06	0.999534	0.0305362	-0.00060807	-0.0305362	0.999533	-0.00212891	-0.107172	7.03325	
1	-1.18155e-05	0.000685254	-1.17507e-05	0.999409	0.0343802	-0.000685255	-0.0343802	0.999409	-0.00269751	-0.135712	7.91208	
1	-1.46287e-05	0.000762692	-1.45395e-05	0.999269	0.0382298	-0.000762694	-0.0382298	0.999269	-0.0033341	-0.167635	8.79079	
1	-1.77511e-05	0.000840382	-1.76319e-05	0.999114	0.0420847	-0.000840385	-0.0420847	0.999114	-0.00403889	-0.202945	9.66938	
1	-2.11849e-05	0.000918321	-2.10298e-05	0.998944	0.045945	-0.000918325	-0.045945	0.998944	-0.0048121	-0.241647	10.5478	
1	-2.49326e-05	0.000996508	-2.47348e-05	0.998759	0.0498104	-0.000996512	-0.0498104	0.998758	-0.00565395	-0.283745	11.4261	
0.999999	-2.89965e-05	0.00107494	-2.87489e-05	0.998558	0.0536808	-0.00107494	-0.0536808	0.998558	-0.00656466	-0.329245	12.3042	
0.999999	-3.33789e-05	0.00115361	-3.30738e-05	0.998342	0.0575561	-0.00115362	-0.0575561	0.998342	-0.00754444	-0.37815	13.1821	
0.999999	-3.80823e-05	0.00123252	-3.77112e-05	0.998111	0.0614362	-0.00123254	-0.0614362	0.99811	-0.00859351	-0.430465	14.0599	
0.999999	-4.31089e-05	0.00131168	-4.26629e-05	0.997864	0.0653208	-0.00131169	-0.0653208	0.997863	-0.00971207	-0.486193	14.9374	
0.999999	-4.8461e-05	0.00139106	-4.79306e-05	0.997602	0.06921	-0.00139108	-0.06921	0.997601	-0.0109003	-0.545339	15.8147	
0.999999	-5.41408e-05	0.00147068	-5.3516e-05	0.997324	0.0731035	-0.0014707	-0.0731035	0.997323	-0.0121585	-0.607907	16.6918	
0.999999	-6.01507e-05	0.00155053	-5.94207e-05	0.997031	0.0770012	-0.00155056	-0.0770012	0.99703	-0.0134868	-0.6739	17.5686	
0.999999	-6.64928e-05	0.00163061	-6.56464e-05	0.996722	0.080903	-0.00163064	-0.080903	0.996721	-0.0148854	-0.743322	18.4451	
0.999999	-7.31693e-05	0.00171091	-7.21947e-05	0.996397	0.0848088	-0.00171095	-0.0848088	0.996396	-0.0163545	-0.816177	19.3214	
0.999998	-8.01825e-05	0.00179144	-7.90671e-05	0.996057	0.0887184	-0.00179149	-0.0887184	0.996055	-0.0178944	-0.892467	20.1974	
0.999998	-8.75345e-05	0.00187218	-8.62654e-05	0.9957	0.0926317	-0.00187224	-0.0926317	0.995699	-0.0195051	-0.972197	21.073	
0.999998	-9.52275e-05	0.00195315	-9.3791e-05	0.995328	0.0965485	-0.00195322	-0.0965485	0.995326	-0.021187	-1.05537	21.9484	
0.999998	-0.000103264	0.00203433	-0.000101645	0.99494	0.100469	-0.00203441	-0.100469	0.994938	-0.0229401	-1.14199	22.8234	
0.999998	-0.000111645	0.00211572	-0.00010983	0.994536	0.104392	-0.00211582	-0.104392	0.994534	-0.0247647	-1.23205	23.6981	
0.999998	-0.000120374	0.00219733	-0.000118347	0.994116	0.108319	-0.00219744	-0.108319	0.994114	-0.0266611	-1.32557	24.5724	
0.999997	-0.000129452	0.00227914	-0.000127197	0.99368	0.112249	-0.00227927	-0.112249	0.993678	-0.0286292	-1.42254	25.4463	
0.999997	-0.000138881	0.00236116	-0.000136382	0.993228	0.116181	-0.0023613	-0.116181	0.993225	-0.0306694	-1.52297	26.3198	
0.999997	-0.000148664	0.00244338	-0.000145903	0.99276	0.120117	-0.00244355	-0.120117	0.992757	-0.0327819	-1.62686	27.193	
0.999997	-0.000158802	0.0025258	-0.000155762	0.992275	0.124055	-0.00252599	-0.124055	0.992272	-0.0349667	-1.73421	28.0657	
0.999997	-0.000169298	0.00260842	-0.000165959	0.991775	0.127995	-0.00260863	-0.127995	0.991771	-0.0372241	-1.84502	28.938	
0.999996	-0.000180154	0.00269124	-0.000176498	0.991258	0.131938	-0.00269148	-0.131938	0.991254	-0.0395543	-1.9593	29.8098	
0.999996	-0.00019137	0.00277424	-0.000187377	0.990725	0.135883	-0.00277452	-0.135883	0.990721	-0.0419574	-2.07705	30.6812	
0.999996	-0.00020295	0.00285744	-0.0001986	0.990176	0.13983	-0.00285775	-0.13983	0.990171	-0.0444336	-2.19826	31.552	
0.999996	-0.000214895	0.00294082	-0.000210167	0.98961	0.143779	-0.00294117	-0.143779	0.989605	-0.0469831	-2.32295	32.4224	
0.999995	-0.000227207	0.00302439	-0.00022208	0.989028	0.14773	-0.00302478	-0.14773	0.989023	-0.049606	-2.45111	33.2923	
0.999995	-0.000239889	0.00310815	-0.00023434	0.988429	0.151683	-0.00310857	-0.151682	0.988424	-0.0523025	-2.58275	34.1617	
0.999995	-0.00025294	0.00319208	-0.000246947	0.987814	0.155637	-0.00319255	-0.155637	0.987809	-0.0550728	-2.71786	35.0306	
0.999995	-0.000266365	0.00327618	-0.000259904	0.987183	0.159592	-0.0032767	-0.159592	0.987178	-0.057917	-2.85645	35.8989	
0.999994	-0.000280164	0.00336047	-0.000273212	0.986535	0.163549	-0.00336104	-0.163549	0.986529	-0.0608352	-2.99852	36.7666	
0.999994	-0.000294339	0.00344492	-0.00028687	0.985871	0.167507	-0.00344555	-0.167507	0.985865	-0.0638277	-3.14407	37.6338	
0.999994	-0.000308892	0.00352954	-0.000300882	0.98519	0.171466	-0.00353023	-0.171466	0.985184	-0.0668946	-3.29309	38.5003	
0.999993	-0.000323824	0.00361433	-0.000315248	0.984493	0.175426	-0.00361509	-0.175426	0.984486	-0.070036	-3.4456	39.3663	
0.999993	-0.000339138	0.00369928	-0.000329968	0.983779	0.179387	-0.00370011	-0.179387	0.983772	-0.0732521	-3.6016	40.2316	
0.999993	-0.000354835	0.00378439	-0.000345045	0.983048	0.183348	-0.00378529	-0.183348	0.983041	-0.0765431	-3.76107	41.0963	
0.999992	-0.000370916	0.00386966	-0.000360478	0.982301	0.18731	-0.00387064	-0.18731	0.982293	-0.079909	-3.92403	41.9604	
0.999992	-0.000387384	0.00395508	-0.00037627	0.981537	0.191273	-0.00395615	-0.191273	0.981529	-0.08335	-4.09047	42.8238	
0.999992	-0.00040424	0.00404065	-0.000392421	0.980756	0.195235	-0.00404182	-0.195235	0.980748	-0.0868663	-4.2604	43.6865	
0.999991	-0.000421485	0.00412638	-0.000408932	0.979959	0.199198	-0.00412764	-0.199198	0.979951	-0.090458	-4.43381	44.5485	
0.999991	-0.000439121	0.00421225	-0.000425804	0.979145	0.203161	-0.00421362	-0.203161	0.979136	-0.0941252	-4.61071	45.4098	
0.999991	-0.000457149	0.00429826	-0.000443038	0.978315	0.207123	-0.00429974	-0.207123	0.978305	-0.0978681	-4.79109	46.2704	
0.99999	-0.000475572	0.00438442	-0.000460634	0.977468	0.211085	-0.00438601	-0.211085	0.977458	-0.101687	-4.97495	47.1302	
0.99999	-0.000494391	0.00447071	-0.000478595	0.976604	0.215047	-0.00447243	-0.215047	0.976593	-0.105581	-5.1623	47.9893	
0.999989	-0.000513606	0.00455714	-0.00049692	0.975723	0.219008	-0.00455899	-0.219008	0.975712	-0.109552	-5.35313	48.8476	
0.999989	-0.00053322	0.0046437	-0.000515611	0.974825	0.222969	-0.00464569	-0.222969	0.974814	-0.113599	-5.54745	49.7052	
0.999989	-0.000553234	0.00473039	-0.000534668	0.973911	0.226929	-0.00473252	-0.226929	0.9739	-0.117722	-5.74524	50.5619	
0.999988	-0.000573649	0.0048172	-0.000554092	0.97298	0.230888	-0.00481949	-0.230888	0.972968	-0.121921	-5.94652	51.4179	
0.999987	-0.000635733	0.00507464	-0.000590214	0.971269	0.237982	-0.00508014	-0.237982	0.971256	-0.126274	-6.15266	52.2726	
0.999986	-0.000699688	0.00533159	-0.000628252	0.969506	0.245066	-0.00534048	-0.245066	0.969492	-0.130855	-6.36503	53.1259	
0.999984	-0.00076551	0.00558804	-0.000668204	0.967691	0.25214	-0.00560051	-0.25214	0.967675	-0.135665	-6.58363	53.9776	
0.999983	-0.0008332	0.00584399	-0.000710068	0.965823	0.259203	-0.00586023	-0.259202	0.965805	-0.140704	-6.80844	54.8276	
0.999981	-0.000902755	0.00609943	-0.000753843	0.963903	0.266254	-0.00611962	-0.266253	0.963884	-0.145971	-7.03945	55.676	
0.999979	-0.000974175	0.00635434	-0.000799527	0.96193	0.273293	-0.00637867	-0.273293	0.96191	-0.151466	-7.27666	56.5227	
0.999978	-0.00104746	0.00660874	-0.000847118	0.959906	0.28032	-0.00663739	-0.280319	0.959884	-0.157188	-7.52006	57.3676	
0.999976	-0.0011226	0.0068626	-0.000896615	0.95783	0.287334	-0.00689577	-0.287333	0.957806	-0.163138	-7.76962	58.2107	
0.999974	-0.00119961	0.00711592	-0.000948014	0.955702	0.294334	-0.00715379	-0.294333	0.955676	-0.169315	-8.02535	59.052	
0.999972	-0.00127847	0.0073687	-0.00100131	0.953522	0.301321	-0.00741145	-0.30132	0.953494	-0.175719	-8.28723	59.8913	
0.99997	-0.0013592	0.00762093	-0.00105651	0.951291	0.308293	-0.00766875	-0.308291	0.951261	-0.182349	-8.55525	60.7287	
0.999968	-0.00144178	0.0078726	-0.00111361	0.949008	0.31525	-0.00792568	-0.315249	0.948976	-0.189205	-8.82938	61.5642	
0.999966	-0.00152622	0.0081237	-0.0011726	0.946674	0.322192	-0.00818223	-0.32219	0.94664	-0.196286	-9.10963	62.3976	
0.999964	-0.00161251	0.00837423	-0.00123348	0.944288	0.329118	-0.00843839	-0.329116	0.944252	-0.203594	-9.39598	63.2289	
0.999961	-0.00170066	0.00862418	-0.00129624	0.941851	0.336028	-0.00869416	-0.336026	0.941813	-0.211126	-9.68841	64.0581	
0.999959	-0.00179066	0.00887354	-0.0013609	0.939363	0.342921	-0.00894953	-0.342919	0.939322	-0.218883	-9.9869	64.8852	
0.999957	-0.00188251	0.00912231	-0.00142743	0.936825	0.349797	-0.0092045	-0.349795	0.936781	-0.226864	-10.2915	65.71	
0.999954	-0.00197622	0.00937048	-0.00149584	0.934235	0.356655	-0.00945906	-0.356653	0.934189	-0.23507	-10.602	66.5326	
0.999952	-0.00207177	0.00961804	-0.00156613	0.931595	0.363495	-0.00971319	-0.363493	0.931546	-0.243499	-10.9187	67.3528	
0.999949	-0.00216918	0.00986498	-0.00163829	0.928904	0.370316	-0.00996691	-0.370314	0.928853	-0.252151	-11.2413	68.1707	
0.999946	-0.00226843	0.0101113	-0.00171232	0.926163	0.377119	-0.0102202	-0.377116	0.92611	-0.261026	-11.5699	68.9863	
0.999944	-0.00236953	0.010357	-0.00178821	0.923372	0.383902	-0.010473	-0.383899	0.923316	-0.270124	-11.9045	69.7994	
0.999931	-0.0028329	0.0114378	-0.00203056	0.914724	0.404075	-0.0116072	-0.40407	0.914654	-0.279832	-12.2509	70.6075	
0.999916	-0.00331988	0.0125082	-0.00229775	0.905634	0.424053	-0.0127357	-0.424047	0.905551	-0.290535	-12.615	71.4077	
0.999901	-0.00383024	0.0135677	-0.00258964	0.896109	0.443827	-0.0138581	-0.443818	0.89601	-0.302227	-12.9966	72.1998	
0.999884	-0.00436373	0.0146156	-0.00290609	0.886151	0.463387	-0.0149737	-0.463375	0.886036	-0.314903	-13.3954	72.9833	
0.999865	-0.00492008	0.0156516	-0.00324696	0.875767	0.482722	-0.0160822	-0.482708	0.875634	-0.328557	-13.8114	73.7579	
0.999846	-0.00549904	0.0166751	-0.00361207	0.864961	0.501825	-0.0171828	-0.501808	0.864808	-0.343183	-14.2442	74.5231	
0.999825	-0.00610031	0.0176856	-0.00400125	0.853739	0.520686	-0.0182752	-0.520666	0.853565	-0.358773	-14.6938	75.2786	
0.999803	-0.00672362	0.0186826	-0.00441431	0.842105	0.539295	-0.0193587	-0.539271	0.84191	-0.375319	-15.1598	76.024	
0.999779	-0.00736866	0.0196657	-0.00485106	0.830066	0.557644	-0.0204329	-0.557617	0.829847	-0.392814	-15.6421	76.759	
0.999755	-0.00803511	0.0206344	-0.00531128	0.817627	0.575724	-0.0214972	-0.575692	0.817384	-0.411249	-16.1403	77.4833	
0.999729	-0.00872266	0.0215882	-0.00579475	0.804794	0.593526	-0.0225511	-0.59349	0.804525	-0.430615	-16.6544	78.1964	
0.999702	-0.00943097	0.0225266	-0.00630124	0.791574	0.611041	-0.0235942	-0.611001	0.791278	-0.450904	-17.184	78.898	
0.999673	-0.0101597	0.0234492	-0.00683049	0.777972	0.628261	-0.0246258	-0.628216	0.777649	-0.472104	-17.7288	79.5878	
0.999644	-0.0109085	0.0243556	-0.00738226	0.763996	0.645178	-0.0256455	-0.645128	0.763644	-0.494207	-18.2886	80.2654	
0.999613	-0.011677	0.0252453	-0.00795628	0.749652	0.661784	-0.0266528	-0.661729	0.749269	-0.517201	-18.8632	80.9306	
0.999581	-0.0124649	0.0261178	-0.00855227	0.734948	0.67807	-0.0276473	-0.678009	0.734533	-0.541074	-19.4523	81.583	
0.999548	-0.0132717	0.0269729	-0.00916995	0.719889	0.694029	-0.0286284	-0.693962	0.719442	-0.565817	-20.0555	82.2222	
0.999514	-0.014097	0.0278099	-0.00980901	0.704484	0.709652	-0.0295956	-0.70958	0.704003	-0.591416	-20.6725	82.8481	
