1	0	0	0	1	0	0	0	1	0	0	0	
1	-7.06613e-07	-0.000542176	-7.06613e-07	0.999997	-0.00260658	0.000542176	0.00260658	0.999996	0.000202905	0.000975492	0.748484	
0.999999	-2.82796e-06	-0.00108434	-2.83109e-06	0.999986	-0.00521885	0.00108434	0.00521885	0.999986	0.000811616	0.0039041	1.49696	
0.999999	-6.36696e-06	-0.00162647	-6.37949e-06	0.999969	-0.00783677	0.00162647	0.00783677	0.999968	0.00182612	0.00879007	2.24543	
0.999998	-1.13264e-05	-0.00216855	-1.13578e-05	0.999945	-0.0104602	0.00216855	0.0104602	0.999943	0.00324637	0.0156376	2.99388	
0.999996	-1.77088e-05	-0.00271055	-1.77718e-05	0.999914	-0.0130892	0.00271055	0.0130892	0.999911	0.00507234	0.0244508	3.74231	
0.999995	-2.55168e-05	-0.00325247	-2.56271e-05	0.999876	-0.0157236	0.00325247	0.0157236	0.999871	0.00730396	0.0352338	4.49072	
0.999993	-3.47524e-05	-0.00379428	-3.49293e-05	0.999831	-0.0183633	0.00379428	0.0183633	0.999824	0.00994115	0.0479906	5.23909	
0.999991	-4.5418e-05	-0.00433596	-4.56838e-05	0.999779	-0.0210084	0.00433595	0.0210084	0.99977	0.0129838	0.0627252	5.98742	
0.999988	-5.75155e-05	-0.00487749	-5.7896e-05	0.99972	-0.0236586	0.00487748	0.0236586	0.999708	0.0164319	0.0794415	6.73571	
0.999985	-7.10466e-05	-0.00541885	-7.15708e-05	0.999654	-0.026314	0.00541884	0.026314	0.999639	0.0202852	0.0981433	7.48395	
0.999982	-8.60131e-05	-0.00596003	-8.67133e-05	0.99958	-0.0289745	0.00596002	0.0289745	0.999562	0.0245437	0.118835	8.23214	
0.999979	-0.000102416	-0.00650101	-0.000103328	0.999499	-0.0316399	0.00650099	0.0316399	0.999478	0.0292071	0.141519	8.98027	
0.999975	-0.000120258	-0.00704176	-0.000121421	0.999411	-0.0343103	0.00704174	0.0343103	0.999386	0.0342754	0.166201	9.72833	
0.999971	-0.000139539	-0.00758227	-0.000140995	0.999316	-0.0369856	0.00758224	0.0369856	0.999287	0.0397483	0.192883	10.4763	
0.999967	-0.00016026	-0.00812252	-0.000162056	0.999213	-0.0396656	0.00812249	0.0396656	0.99918	0.0456257	0.221569	11.2242	
0.999962	-0.000182423	-0.0086625	-0.000184608	0.999103	-0.0423504	0.00866245	0.0423504	0.999065	0.0519073	0.252263	11.9721	
0.999958	-0.000206028	-0.00920218	-0.000208654	0.998985	-0.0450398	0.00920212	0.0450398	0.998943	0.058593	0.284968	12.7198	
0.999953	-0.000231075	-0.00974154	-0.0002342	0.99886	-0.0477338	0.00974146	0.0477338	0.998813	0.0656825	0.319688	13.4674	
0.999947	-0.000257566	-0.0102806	-0.000261249	0.998727	-0.0504323	0.0102805	0.0504323	0.998675	0.0731756	0.356426	14.215	
0.999941	-0.0002855	-0.0108192	-0.000289804	0.998587	-0.0531352	0.0108191	0.0531353	0.998529	0.0810719	0.395185	14.9624	
0.999935	-0.000314877	-0.0113576	-0.00031987	0.99844	-0.0558425	0.0113574	0.0558426	0.998375	0.0893713	0.435969	15.7097	
0.999929	-0.000345698	-0.0118955	-0.00035145	0.998284	-0.0585541	0.0118953	0.0585542	0.998213	0.0980735	0.478781	16.457	
0.999923	-0.000377962	-0.012433	-0.000384547	0.998121	-0.06127	0.0124328	0.06127	0.998044	0.107178	0.523625	17.204	
0.999916	-0.000411669	-0.0129701	-0.000419165	0.99795	-0.0639899	0.0129699	0.06399	0.997866	0.116685	0.570502	17.951	
0.999909	-0.000446819	-0.0135068	-0.000455307	0.997772	-0.066714	0.0135065	0.066714	0.997681	0.126593	0.619417	18.6978	
0.999901	-0.000483411	-0.014043	-0.000492975	0.997586	-0.069442	0.0140426	0.0694421	0.997487	0.136904	0.670373	19.4445	
0.999894	-0.000521444	-0.0145787	-0.000532174	0.997392	-0.072174	0.0145783	0.0721741	0.997286	0.147615	0.723371	20.191	
0.999886	-0.000560917	-0.0151139	-0.000572905	0.99719	-0.0749099	0.0151135	0.0749099	0.997076	0.158727	0.778417	20.9374	
0.999877	-0.00060183	-0.0156486	-0.000615171	0.996981	-0.0776495	0.0156481	0.0776496	0.996858	0.170239	0.835511	21.6836	
0.999869	-0.00064418	-0.0161828	-0.000658975	0.996763	-0.0803929	0.0161822	0.080393	0.996632	0.182151	0.894657	22.4297	
0.99986	-0.000687968	-0.0167165	-0.000704318	0.996538	-0.0831399	0.0167158	0.08314	0.996398	0.194463	0.955858	23.1755	
0.999851	-0.00073319	-0.0172496	-0.000751204	0.996304	-0.0858905	0.0172488	0.0858906	0.996155	0.207174	1.01912	23.9212	
0.999842	-0.000779846	-0.0177821	-0.000799634	0.996063	-0.0886446	0.0177812	0.0886447	0.995905	0.220284	1.08444	24.6668	
0.999832	-0.000827934	-0.018314	-0.000849611	0.995814	-0.0914021	0.018313	0.0914023	0.995646	0.233792	1.15182	25.4121	
0.999822	-0.000877452	-0.0188453	-0.000901136	0.995556	-0.094163	0.0188442	0.0941632	0.995378	0.247697	1.22126	26.1572	
0.999812	-0.000928398	-0.019376	-0.00095421	0.995291	-0.0969272	0.0193747	0.0969274	0.995103	0.262001	1.29278	26.9021	
0.999801	-0.00098077	-0.019906	-0.00100884	0.995018	-0.0996946	0.0199046	0.0996948	0.994819	0.276701	1.36636	27.6468	
0.999791	-0.00103457	-0.0204354	-0.00106502	0.994736	-0.102465	0.0204338	0.102465	0.994527	0.291797	1.44202	28.3913	
0.99978	-0.00108978	-0.0209641	-0.00112275	0.994446	-0.105239	0.0209623	0.105239	0.994226	0.307289	1.51975	29.1356	
0.999768	-0.00114642	-0.021492	-0.00118204	0.994149	-0.108015	0.0214901	0.108016	0.993917	0.323177	1.59956	29.8797	
0.999757	-0.00120447	-0.0220193	-0.00124288	0.993843	-0.110795	0.0220172	0.110795	0.993599	0.339459	1.68145	30.6235	
0.999745	-0.00126393	-0.0225459	-0.00130528	0.993528	-0.113577	0.0225435	0.113578	0.993273	0.356135	1.76542	31.367	
0.999733	-0.0013248	-0.0230717	-0.00136925	0.993206	-0.116362	0.0230691	0.116363	0.992939	0.373206	1.85147	32.1104	
0.999721	-0.00138708	-0.0235968	-0.00143477	0.992875	-0.11915	0.0235939	0.119151	0.992596	0.390669	1.93961	32.8534	
0.999708	-0.00145077	-0.0241211	-0.00150184	0.992536	-0.121941	0.0241179	0.121942	0.992244	0.408525	2.02984	33.5963	
0.999695	-0.00151585	-0.0246445	-0.00157048	0.992189	-0.124734	0.0246411	0.124735	0.991884	0.426772	2.12215	34.3388	
0.999682	-0.00158233	-0.0251672	-0.00164068	0.991833	-0.12753	0.0251635	0.12753	0.991515	0.445412	2.21656	35.0811	
0.999669	-0.0016502	-0.0256891	-0.00171244	0.991469	-0.130328	0.025685	0.130328	0.991138	0.464441	2.31307	35.8231	
0.999655	-0.00171946	-0.0262101	-0.00178576	0.991097	-0.133128	0.0262057	0.133129	0.990752	0.483861	2.41166	36.5648	
0.999641	-0.00179011	-0.0267303	-0.00186065	0.990717	-0.135931	0.0267255	0.135932	0.990358	0.50367	2.51236	37.3062	
0.999627	-0.00186214	-0.0272496	-0.00193709	0.990328	-0.138736	0.0272444	0.138737	0.989954	0.523868	2.61515	38.0473	
0.999613	-0.00193554	-0.0277681	-0.00201509	0.98993	-0.141543	0.0277624	0.141544	0.989543	0.544454	2.72004	38.7881	
0.99965	-0.00173711	-0.0264042	-0.00214578	0.989235	-0.146319	0.0263742	0.146324	0.988885	0.564714	2.82777	39.5285	
0.999685	-0.00153267	-0.0250454	-0.00226997	0.988516	-0.151099	0.0249893	0.151108	0.988201	0.583936	2.93909	40.2684	
0.999718	-0.00132227	-0.0236913	-0.00238766	0.987773	-0.155883	0.0236078	0.155896	0.987491	0.602124	3.05398	41.0078	
0.99975	-0.00110591	-0.0223421	-0.00249882	0.987005	-0.160672	0.0222294	0.160687	0.986755	0.619278	3.17246	41.7467	
0.999779	-0.000883614	-0.0209976	-0.00260347	0.986213	-0.165463	0.0208543	0.165481	0.985992	0.635402	3.29453	42.485	
0.999807	-0.000655398	-0.0196578	-0.00270157	0.985396	-0.170257	0.0194823	0.170278	0.985204	0.650497	3.42018	43.2227	
0.999832	-0.000421278	-0.0183225	-0.00279314	0.984555	-0.175055	0.0181133	0.175076	0.984388	0.664567	3.54943	43.9598	
0.999856	-0.00018127	-0.0169919	-0.00287816	0.983689	-0.179854	0.0167473	0.179877	0.983547	0.677614	3.68227	44.6963	
0.999877	6.46129e-05	-0.0156657	-0.00295663	0.982799	-0.184656	0.0153843	0.184679	0.982678	0.689639	3.8187	45.4321	
0.999897	0.000316357	-0.014344	-0.00302853	0.981884	-0.189459	0.0140242	0.189483	0.981784	0.700645	3.95873	46.1673	
0.999915	0.000573951	-0.0130266	-0.00309387	0.980945	-0.194263	0.0126669	0.194287	0.980863	0.710633	4.10235	46.9018	
0.999931	0.000837382	-0.0117136	-0.00315264	0.97998	-0.199069	0.0113124	0.199092	0.979915	0.719608	4.24957	47.6356	
0.999945	0.00110664	-0.0104047	-0.00320484	0.978992	-0.203876	0.00996054	0.203898	0.978942	0.727569	4.40039	48.3687	
0.999958	0.00138172	-0.00910011	-0.00325046	0.977978	-0.208683	0.00861137	0.208703	0.977941	0.734519	4.5548	49.1011	
0.999968	0.00166261	-0.00779959	-0.0032895	0.97694	-0.21349	0.00726478	0.213508	0.976914	0.740461	4.71281	49.8326	
0.999977	0.0019493	-0.00650312	-0.00332196	0.975877	-0.218296	0.00592072	0.218313	0.975861	0.745395	4.87442	50.5635	
0.999984	0.00224179	-0.00521064	-0.00334783	0.974789	-0.223103	0.00457913	0.223117	0.974781	0.749325	5.03962	51.2935	
0.999989	0.00254006	-0.00392209	-0.00336711	0.973677	-0.227908	0.00323994	0.227919	0.973675	0.752251	5.20841	52.0227	
0.999992	0.00284413	-0.00263739	-0.00337981	0.97254	-0.232713	0.0019031	0.23272	0.972542	0.754176	5.38081	52.751	
0.999994	0.00315398	-0.00135649	-0.00338592	0.971378	-0.237515	0.000568544	0.237519	0.971383	0.755101	5.55679	53.4785	
0.999994	0.00346962	-7.93196e-05	-0.00338543	0.970191	-0.242317	-0.000763791	0.242315	0.970197	0.755028	5.73636	54.2052	
0.999992	0.00379104	0.00119419	-0.00337836	0.96898	-0.247116	-0.00209397	0.24711	0.968985	0.753958	5.91953	54.9309	
0.999988	0.00411823	0.00246409	-0.0033647	0.967744	-0.251912	-0.00342204	0.251901	0.967747	0.751894	6.10628	55.6557	
0.999983	0.00445121	0.00373046	-0.00334445	0.966484	-0.256706	-0.00474808	0.256689	0.966482	0.748836	6.29662	56.3796	
0.999976	0.00478998	0.00499335	-0.00331762	0.965199	-0.261497	-0.00607214	0.261474	0.965191	0.744787	6.49053	57.1025	
0.999967	0.00513454	0.00625284	-0.0032842	0.963889	-0.266285	-0.00739429	0.266255	0.963874	0.739747	6.68803	57.8244	
0.999957	0.00548488	0.00750899	-0.00324419	0.962555	-0.271068	-0.00871459	0.271032	0.962531	0.733719	6.88911	58.5454	
0.999945	0.00584103	0.00876186	-0.00319761	0.961196	-0.275848	-0.0100331	0.275805	0.961161	0.726702	7.09376	59.2653	
0.999931	0.00620298	0.0100115	-0.00314445	0.959813	-0.280624	-0.0113499	0.280573	0.959766	0.7187	7.30198	59.9842	
0.999915	0.00657075	0.011258	-0.00308471	0.958405	-0.285395	-0.012665	0.285336	0.958344	0.709712	7.51377	60.702	
0.999898	0.00694433	0.0125015	-0.0030184	0.956973	-0.290162	-0.0139785	0.290094	0.956896	0.699741	7.72912	61.4188	
0.999879	0.00732375	0.0137419	-0.00294553	0.955517	-0.294923	-0.0152905	0.294847	0.955422	0.688788	7.94803	62.1345	
0.999858	0.00770901	0.0149793	-0.0028661	0.954036	-0.299678	-0.016601	0.299593	0.953923	0.676852	8.1705	62.849	
0.999836	0.00810012	0.0162139	-0.00278011	0.952531	-0.304428	-0.0179101	0.304333	0.952397	0.663937	8.39651	63.5624	
0.999812	0.0084971	0.0174456	-0.00268756	0.951002	-0.309172	-0.0192179	0.309067	0.950846	0.650042	8.62607	64.2747	
0.999786	0.00889996	0.0186746	-0.00258848	0.949449	-0.31391	-0.0205244	0.313794	0.949269	0.635169	8.85917	64.9858	
0.999759	0.00930872	0.0199009	-0.00248285	0.947872	-0.318641	-0.0218296	0.318514	0.947667	0.619318	9.09581	65.6957	
0.99973	0.00972339	0.0211245	-0.00237068	0.946271	-0.323365	-0.0231337	0.323227	0.946039	0.602491	9.33598	66.4044	
0.999699	0.010144	0.0223456	-0.00225199	0.944647	-0.328081	-0.0244367	0.327932	0.944385	0.584688	9.57967	67.1119	
0.999666	0.0105705	0.0235641	-0.00212678	0.942998	-0.332791	-0.0257387	0.332629	0.942706	0.56591	9.82688	67.8182	
0.999632	0.011003	0.0247803	-0.00199506	0.941326	-0.337492	-0.0270397	0.337318	0.941002	0.546158	10.0776	68.5231	
0.999597	0.0114415	0.025994	-0.00185683	0.939631	-0.342185	-0.0283399	0.341999	0.939273	0.525432	10.3318	69.2268	
0.999559	0.0118861	0.0272054	-0.0017121	0.937912	-0.34687	-0.0296392	0.346671	0.937519	0.503734	10.5896	69.9292	
0.99952	0.0123366	0.0284145	-0.00156088	0.936169	-0.351546	-0.0309377	0.351333	0.935739	0.481064	10.8508	70.6302	
0.999067	0.0167148	0.0398293	-0.00103615	0.931102	-0.364757	-0.043182	0.364375	0.930251	0.453324	11.1186	71.3286	
0.998464	0.0212518	0.051175	-0.000338158	0.925852	-0.377887	-0.0554112	0.377289	0.924436	0.416425	11.3962	72.0227	
0.997711	0.0259459	0.0624476	0.000532852	0.920419	-0.390932	-0.0676211	0.390071	0.918298	0.37038	11.6834	72.7124	
