1	0	0	0	1	0	0	0	1	0	0	0	
1	-1.38405e-06	-0.000521048	-1.38405e-06	0.999986	-0.00531254	0.000521048	0.00531254	0.999986	0.000247498	0.00252346	0.949995	
0.999999	-5.55693e-06	-0.00104469	-5.54295e-06	0.999944	-0.0106247	0.00104469	0.0106247	0.999943	0.000991226	0.0100937	1.89996	
0.999999	-1.25461e-05	-0.00157092	-1.24902e-05	0.999873	-0.0159364	0.00157092	0.0159364	0.999872	0.00223364	0.0227102	2.84988	
0.999998	-2.23791e-05	-0.00209971	-2.22394e-05	0.999774	-0.0212474	0.00209971	0.0212474	0.999772	0.0039772	0.0403726	3.79971	
0.999997	-3.50832e-05	-0.00263105	-3.48036e-05	0.999647	-0.0265576	0.00263105	0.0265576	0.999644	0.00622431	0.06308	4.74944	
0.999995	-5.06855e-05	-0.00316492	-5.01964e-05	0.999492	-0.0318668	0.00316493	0.0318668	0.999487	0.00897741	0.0908317	5.69903	
0.999993	-6.92132e-05	-0.0037013	-6.84307e-05	0.999309	-0.0371749	0.00370132	0.0371749	0.999302	0.0122389	0.123627	6.64845	
0.999991	-9.06934e-05	-0.00424019	-8.95196e-05	0.999097	-0.0424817	0.00424021	0.0424817	0.999088	0.0160111	0.161464	7.59769	
0.999989	-0.000115153	-0.00478156	-0.000113476	0.998858	-0.047787	0.0047816	0.047787	0.998846	0.0202965	0.204341	8.54671	
0.999986	-0.000142619	-0.00532539	-0.000140313	0.99859	-0.0530907	0.00532545	0.0530907	0.998575	0.0250973	0.252258	9.49549	
0.999983	-0.000173117	-0.00587166	-0.000170043	0.998294	-0.0583926	0.00587175	0.0583926	0.998276	0.030416	0.305213	10.444	
0.999979	-0.000206675	-0.00642037	-0.000202679	0.99797	-0.0636926	0.0064205	0.0636926	0.997949	0.0362549	0.363204	11.3922	
0.999976	-0.000243318	-0.00697149	-0.000238234	0.997617	-0.0689905	0.00697166	0.0689905	0.997593	0.0426162	0.426228	12.3401	
0.999972	-0.000283074	-0.007525	-0.000276719	0.997237	-0.0742862	0.00752523	0.0742862	0.997209	0.0495022	0.494285	13.2876	
0.999967	-0.000325968	-0.00808088	-0.000318148	0.996828	-0.0795795	0.00808119	0.0795795	0.996796	0.0569153	0.567371	14.2348	
0.999963	-0.000372027	-0.00863912	-0.000362532	0.996392	-0.0848702	0.00863952	0.0848702	0.996355	0.0648576	0.645485	15.1815	
0.999958	-0.000421277	-0.00919969	-0.000409884	0.995927	-0.0901582	0.00920021	0.0901582	0.995885	0.0733315	0.728624	16.1278	
0.999952	-0.000473742	-0.00976258	-0.000460216	0.995435	-0.0954433	0.00976323	0.0954433	0.995387	0.0823392	0.816785	17.0737	
0.999947	-0.00052945	-0.0103278	-0.000513539	0.994914	-0.100725	0.0103286	0.100725	0.994861	0.0918828	0.909965	18.0191	
0.99994	-0.000588426	-0.0108952	-0.000569866	0.994366	-0.106004	0.0108962	0.106004	0.994306	0.101965	1.00816	18.9639	
0.999934	-0.000650695	-0.011465	-0.000629209	0.993789	-0.11128	0.0114662	0.11128	0.993723	0.112587	1.11137	19.9082	
0.999927	-0.000716282	-0.0120369	-0.000691578	0.993184	-0.116552	0.0120384	0.116552	0.993112	0.123751	1.21959	20.852	
0.99992	-0.000785213	-0.0126111	-0.000756986	0.992552	-0.12182	0.0126128	0.12182	0.992472	0.135461	1.33282	21.7951	
0.999913	-0.000857514	-0.0131875	-0.000825443	0.991891	-0.127085	0.0131895	0.127085	0.991804	0.147717	1.45105	22.7377	
0.999905	-0.000933208	-0.013766	-0.000896962	0.991203	-0.132346	0.0137685	0.132345	0.991108	0.160522	1.57428	23.6796	
0.999897	-0.00101232	-0.0143468	-0.000971554	0.990487	-0.137602	0.0143496	0.137602	0.990384	0.173878	1.7025	24.6208	
0.999888	-0.00109488	-0.0149296	-0.00104923	0.989743	-0.142854	0.0149329	0.142854	0.989631	0.187787	1.83572	25.5613	
0.999879	-0.0011809	-0.0155146	-0.00113	0.988971	-0.148102	0.0155184	0.148102	0.98885	0.202252	1.97392	26.5011	
0.99987	-0.00127042	-0.0161016	-0.00121387	0.988172	-0.153345	0.016106	0.153345	0.988041	0.217273	2.11711	27.4401	
0.99986	-0.00136345	-0.0166907	-0.00130086	0.987345	-0.158584	0.0166957	0.158583	0.987204	0.232854	2.26528	28.3783	
0.99985	-0.00146003	-0.0172819	-0.00139098	0.98649	-0.163817	0.0172876	0.163817	0.986339	0.248996	2.41842	29.3158	
0.999839	-0.00156016	-0.0178751	-0.00148424	0.985607	-0.169046	0.0178816	0.169045	0.985446	0.265702	2.57653	30.2524	
0.999828	-0.00166389	-0.0184703	-0.00158064	0.984697	-0.174269	0.0184776	0.174268	0.984525	0.282972	2.7396	31.1881	
0.999817	-0.00177123	-0.0190675	-0.00168021	0.983759	-0.179487	0.0190757	0.179486	0.983576	0.30081	2.90764	32.123	
0.999805	-0.00188221	-0.0196666	-0.00178294	0.982793	-0.184699	0.0196759	0.184698	0.982598	0.319217	3.08062	33.0569	
0.999793	-0.00199684	-0.0202677	-0.00188885	0.9818	-0.189906	0.0202781	0.189905	0.981593	0.338195	3.25856	33.9899	
0.99978	-0.00211516	-0.0208707	-0.00199795	0.98078	-0.195107	0.0208822	0.195105	0.98056	0.357747	3.44144	34.9219	
0.999767	-0.00223718	-0.0214756	-0.00211024	0.979732	-0.200301	0.0214884	0.2003	0.979499	0.377873	3.62926	35.8529	
0.999753	-0.00236293	-0.0220823	-0.00222575	0.978657	-0.20549	0.0220966	0.205489	0.97841	0.398576	3.82201	36.7829	
0.999739	-0.00249243	-0.0226909	-0.00234447	0.977554	-0.210673	0.0227066	0.210671	0.977293	0.419857	4.01969	37.7119	
0.999725	-0.00262571	-0.0233013	-0.00246642	0.976424	-0.215849	0.0233187	0.215847	0.976149	0.441719	4.22228	38.6398	
0.99971	-0.00276278	-0.0239135	-0.00259161	0.975266	-0.221018	0.0239326	0.221016	0.974977	0.464164	4.42979	39.5666	
0.999695	-0.00290367	-0.0245274	-0.00272005	0.974082	-0.226181	0.0245485	0.226178	0.973777	0.487192	4.64221	40.4922	
0.999679	-0.0030484	-0.0251431	-0.00285174	0.97287	-0.231336	0.0251662	0.231334	0.972549	0.510807	4.85953	41.4168	
0.999663	-0.00319699	-0.0257606	-0.0029867	0.971631	-0.236485	0.0257858	0.236482	0.971294	0.535009	5.08174	42.3401	
0.999646	-0.00334946	-0.0263797	-0.00312493	0.970364	-0.241626	0.0264072	0.241623	0.970011	0.559801	5.30884	43.2622	
0.999629	-0.00350585	-0.0270004	-0.00326644	0.969071	-0.24676	0.0270305	0.246757	0.9687	0.585184	5.54082	44.1831	
0.999612	-0.00366615	-0.0276229	-0.00341125	0.967751	-0.251887	0.0276555	0.251883	0.967362	0.61116	5.77768	45.1027	
0.999594	-0.00383041	-0.0282469	-0.00355935	0.966403	-0.257006	0.0282823	0.257002	0.965997	0.63773	6.0194	46.0211	
0.999575	-0.00399864	-0.0288725	-0.00371077	0.965029	-0.262117	0.028911	0.262113	0.964604	0.664897	6.26598	46.9381	
0.999556	-0.00417085	-0.0294997	-0.0038655	0.963628	-0.26722	0.0295413	0.267216	0.963184	0.692662	6.51741	47.8538	
0.999537	-0.00434708	-0.0301285	-0.00402355	0.9622	-0.272315	0.0301734	0.27231	0.961736	0.721027	6.77369	48.7681	
0.999517	-0.00452733	-0.0307587	-0.00418494	0.960745	-0.277402	0.0308072	0.277397	0.960261	0.749992	7.0348	49.6811	
0.999496	-0.00471164	-0.0313905	-0.00434968	0.959263	-0.28248	0.0314427	0.282474	0.958759	0.779561	7.30074	50.5926	
0.999475	-0.00490002	-0.0320237	-0.00451776	0.957755	-0.28755	0.0320798	0.287544	0.95723	0.809734	7.5715	51.5027	
0.999454	-0.00509249	-0.0326583	-0.0046892	0.95622	-0.292611	0.0327186	0.292604	0.955674	0.840514	7.84707	52.4114	
0.999432	-0.00528908	-0.0332943	-0.004864	0.954659	-0.297663	0.0333591	0.297656	0.95409	0.871901	8.12744	53.3185	
0.999409	-0.00548979	-0.0339318	-0.00504218	0.953071	-0.302706	0.0340012	0.302699	0.95248	0.903897	8.41261	54.2241	
0.999386	-0.00569465	-0.0345705	-0.00522374	0.951456	-0.30774	0.0346448	0.307732	0.950842	0.936504	8.70257	55.1282	
0.999362	-0.00590369	-0.0352106	-0.00540868	0.949815	-0.312765	0.03529	0.312756	0.949178	0.969723	8.9973	56.0307	
0.999338	-0.00611691	-0.035852	-0.00559702	0.948148	-0.31778	0.0359368	0.317771	0.947486	1.00356	9.2968	56.9316	
0.999314	-0.00633434	-0.0364946	-0.00578876	0.946454	-0.322786	0.0365851	0.322776	0.945768	1.038	9.60106	57.8309	
0.999165	-0.00759226	-0.0401401	-0.00604806	0.944259	-0.329149	0.0404016	0.329117	0.943425	1.07457	9.91071	58.7283	
0.999002	-0.00887465	-0.0437765	-0.00633323	0.942019	-0.3355	0.0442158	0.335442	0.941023	1.11477	10.2264	59.6234	
0.998824	-0.0101815	-0.0474037	-0.00664428	0.939736	-0.341838	0.0480273	0.341751	0.938563	1.15858	10.548	60.5162	
0.998631	-0.0115127	-0.0510214	-0.00698119	0.937408	-0.348162	0.0518362	0.348042	0.936045	1.20602	10.8757	61.4067	
0.998424	-0.0128682	-0.0546296	-0.00734395	0.935038	-0.354472	0.0556422	0.354314	0.933469	1.25707	11.2093	62.2947	
0.998202	-0.0142481	-0.0582281	-0.00773254	0.932624	-0.360767	0.0594452	0.360568	0.930837	1.31174	11.5489	63.1802	
0.997965	-0.0156522	-0.0618167	-0.00814692	0.930167	-0.367045	0.063245	0.366802	0.928147	1.37001	11.8944	64.0633	
0.997713	-0.0170806	-0.0653953	-0.00858707	0.927668	-0.373307	0.0670414	0.373015	0.9254	1.4319	12.2458	64.9437	
0.997447	-0.0185331	-0.0689637	-0.00905293	0.925126	-0.379551	0.0708344	0.379207	0.922597	1.49739	12.6031	65.8215	
0.997166	-0.0200097	-0.0725218	-0.00954447	0.922543	-0.385777	0.0746237	0.385376	0.919737	1.56649	12.9663	66.6966	
0.99687	-0.0215104	-0.0760694	-0.0100616	0.919917	-0.391984	0.0784093	0.391522	0.916822	1.63918	13.3353	67.569	
0.99656	-0.0230351	-0.0796064	-0.0106044	0.91725	-0.39817	0.0821909	0.397645	0.913851	1.71546	13.7102	68.4386	
0.996235	-0.0245838	-0.0831326	-0.0111726	0.914542	-0.404336	0.0859684	0.403742	0.910825	1.79534	14.0908	69.3053	
0.994156	-0.0333644	-0.102668	-0.0121436	0.910442	-0.413459	0.107268	0.412289	0.904716	1.88713	14.4785	70.1677	
0.991619	-0.0423263	-0.122066	-0.0133284	0.906257	-0.422518	0.128507	0.420604	0.898097	1.99913	14.8741	71.0241	
0.988626	-0.0514647	-0.141317	-0.0147262	0.901989	-0.431508	0.149673	0.428681	0.890972	2.13127	15.2775	71.8739	
0.985178	-0.0607742	-0.160408	-0.0163364	0.897641	-0.440424	0.170756	0.436516	0.883344	2.28348	15.6885	72.7168	
0.981277	-0.0702498	-0.179331	-0.0181579	0.893216	-0.449261	0.191741	0.444106	0.875217	2.45567	16.1068	73.5521	
0.976927	-0.0798859	-0.198073	-0.0201898	0.888716	-0.458013	0.212619	0.451444	0.866597	2.64776	16.5323	74.3795	
0.972128	-0.0896773	-0.216624	-0.0224309	0.884143	-0.466677	0.233377	0.458528	0.857489	2.85961	16.9645	75.1985	
0.966883	-0.0996183	-0.234974	-0.02488	0.879501	-0.475246	0.254003	0.465354	0.847896	3.09113	17.4034	76.0086	
0.961197	-0.109703	-0.253112	-0.0275356	0.874791	-0.483717	0.274486	0.471917	0.837826	3.34217	17.8486	76.8094	
0.955071	-0.119927	-0.271029	-0.0303964	0.870017	-0.492084	0.294814	0.478214	0.827283	3.6126	18.2999	77.6003	
0.94851	-0.130283	-0.288714	-0.0334605	0.865181	-0.500343	0.314975	0.484241	0.816273	3.90227	18.7571	78.3811	
0.941516	-0.140766	-0.306156	-0.0367264	0.860285	-0.508489	0.33496	0.489995	0.804803	4.211	19.2199	79.1511	
0.934095	-0.151369	-0.323348	-0.0401922	0.855333	-0.516517	0.354755	0.495472	0.792879	4.53863	19.688	79.91	
0.92625	-0.162088	-0.340277	-0.043856	0.850327	-0.524423	0.37435	0.50067	0.780507	4.88497	20.1612	80.6574	
0.917985	-0.172915	-0.356936	-0.0477156	0.845271	-0.532203	0.393734	0.505586	0.767696	5.24983	20.6392	81.3929	
0.909306	-0.183845	-0.373314	-0.0517689	0.840167	-0.539852	0.412895	0.510217	0.754451	5.63299	21.1217	82.1159	
0.900217	-0.194872	-0.389403	-0.0560136	0.835017	-0.547365	0.431824	0.514559	0.740781	6.03426	21.6085	82.8262	
0.890723	-0.205989	-0.405193	-0.0604473	0.829826	-0.554739	0.45051	0.518612	0.726693	6.45338	22.0993	83.5233	
0.880829	-0.21719	-0.420676	-0.0650675	0.824595	-0.56197	0.468941	0.522372	0.712195	6.89014	22.5938	84.2068	
0.870542	-0.228469	-0.435842	-0.0698716	0.819327	-0.569052	0.487108	0.525837	0.697296	7.34429	23.0917	84.8763	
0.859867	-0.239819	-0.450683	-0.0748569	0.814027	-0.575983	0.505	0.529006	0.682003	7.81556	23.5928	85.5315	
0.84881	-0.251234	-0.465191	-0.0800207	0.808696	-0.582759	0.522607	0.531876	0.666325	8.3037	24.0967	86.172	
0.837377	-0.262708	-0.479358	-0.0853598	0.803338	-0.589375	0.539919	0.534447	0.650272	8.80842	24.6033	86.7974	
0.825575	-0.274233	-0.493175	-0.0908715	0.797955	-0.595827	0.556927	0.536716	0.633852	9.32945	25.1121	87.4074	
