1	0	0	0	1	0	0	0	1	0	0	0	
0.999998	5.27126e-06	0.00222219	5.27126e-06	0.999989	-0.00474416	-0.00222219	0.00474416	0.999986	-0.00103198	0.00220316	0.928784	
0.99999	2.10735e-05	0.00444259	2.10837e-05	0.999955	-0.00948908	-0.00444259	0.00948908	0.999945	-0.00412707	0.00881301	1.85754	
0.999978	4.73918e-05	0.00666112	4.74326e-05	0.999899	-0.0142346	-0.00666112	0.0142346	0.999876	-0.00928357	0.0198302	2.78625	
0.999961	8.42107e-05	0.00887773	8.43129e-05	0.99982	-0.0189807	-0.00887773	0.0189807	0.99978	-0.0164997	0.0352552	3.71488	
0.999938	0.000131515	0.0110924	0.000131719	0.999718	-0.023727	-0.0110924	0.023727	0.999657	-0.0257737	0.0550884	4.64341	
0.999911	0.000189288	0.0133049	0.000189646	0.999595	-0.0284737	-0.0133049	0.0284737	0.999506	-0.0371037	0.0793302	5.57181	
0.99988	0.000257514	0.0155154	0.000258086	0.999448	-0.0332204	-0.0155154	0.0332204	0.999328	-0.0504877	0.107981	6.50006	
0.999843	0.000336176	0.0177237	0.000337034	0.999279	-0.037967	-0.0177237	0.037967	0.999122	-0.0659238	0.14104	7.42813	
0.999801	0.000425258	0.0199297	0.000426484	0.999087	-0.0427135	-0.0199297	0.0427135	0.998889	-0.0834098	0.178507	8.35599	
0.999755	0.000524742	0.0221335	0.000526427	0.998873	-0.0474596	-0.0221335	0.0474596	0.998628	-0.102944	0.220383	9.28363	
0.999704	0.00063461	0.0243349	0.000636857	0.998636	-0.0522053	-0.0243349	0.0522054	0.99834	-0.124523	0.266667	10.211	
0.999648	0.000754845	0.0265339	0.000757766	0.998377	-0.0569504	-0.0265338	0.0569505	0.998024	-0.148147	0.317359	11.1381	
0.999587	0.000885428	0.0287304	0.000889145	0.998095	-0.0616948	-0.0287303	0.0616949	0.997681	-0.173811	0.372457	12.0649	
0.999521	0.00102634	0.0309244	0.00103099	0.99779	-0.0664384	-0.0309242	0.0664384	0.997311	-0.201514	0.431961	12.9914	
0.999451	0.00117757	0.0331158	0.00118328	0.997463	-0.0711809	-0.0331156	0.071181	0.996914	-0.231254	0.495871	13.9175	
0.999376	0.00133908	0.0353045	0.00134602	0.997113	-0.0759223	-0.0353042	0.0759225	0.996489	-0.263028	0.564185	14.8432	
0.999296	0.00151087	0.0374905	0.0015192	0.99674	-0.0806625	-0.0374901	0.0806627	0.996036	-0.296833	0.636903	15.7685	
0.999211	0.00169291	0.0396737	0.0017028	0.996345	-0.0854013	-0.0396732	0.0854015	0.995556	-0.332667	0.714022	16.6934	
0.999122	0.00188519	0.041854	0.00189682	0.995927	-0.0901385	-0.0418535	0.0901388	0.995049	-0.370528	0.795542	17.6178	
0.999028	0.00208767	0.0440315	0.00210124	0.995487	-0.0948741	-0.0440308	0.0948744	0.994515	-0.410412	0.881461	18.5418	
0.998929	0.00230035	0.046206	0.00231606	0.995024	-0.0996079	-0.0462052	0.0996082	0.993953	-0.452317	0.971778	19.4652	
0.998826	0.0025232	0.0483775	0.00254126	0.994538	-0.10434	-0.0483765	0.10434	0.993364	-0.496241	1.06649	20.3881	
0.998718	0.00275619	0.0505459	0.00277683	0.99403	-0.10907	-0.0505447	0.10907	0.992748	-0.542179	1.1656	21.3105	
0.998605	0.00299932	0.0527111	0.00302277	0.993499	-0.113797	-0.0527098	0.113798	0.992105	-0.59013	1.2691	22.2322	
0.998488	0.00325255	0.0548732	0.00327905	0.992946	-0.118522	-0.0548716	0.118523	0.991434	-0.64009	1.37698	23.1534	
0.998366	0.00351586	0.057032	0.00354567	0.99237	-0.123245	-0.0570302	0.123246	0.990736	-0.692057	1.48926	24.0739	
0.99824	0.00378924	0.0591875	0.00382262	0.991771	-0.127965	-0.0591853	0.127966	0.990011	-0.746027	1.60592	24.9937	
0.998109	0.00407265	0.0613396	0.00410987	0.99115	-0.132683	-0.0613371	0.132684	0.989259	-0.801997	1.72697	25.9129	
0.997973	0.00436608	0.0634883	0.00440742	0.990506	-0.137397	-0.0634854	0.137399	0.988479	-0.859964	1.85239	26.8313	
0.997833	0.0046695	0.0656335	0.00471526	0.98984	-0.142109	-0.0656302	0.14211	0.987673	-0.919925	1.98219	27.749	
0.997688	0.00498288	0.0677751	0.00503337	0.989151	-0.146817	-0.0677714	0.146819	0.986839	-0.981876	2.11637	28.666	
0.997539	0.00530621	0.0699132	0.00536173	0.988439	-0.151522	-0.069909	0.151524	0.985978	-1.04581	2.25492	29.5822	
0.997385	0.00563946	0.0720476	0.00570034	0.987705	-0.156224	-0.0720428	0.156226	0.98509	-1.11174	2.39784	30.4975	
0.997227	0.00598261	0.0741782	0.00604917	0.986949	-0.160922	-0.0741728	0.160925	0.984176	-1.17964	2.54512	31.412	
0.997064	0.00633562	0.0763051	0.00640822	0.986169	-0.165617	-0.0762991	0.165619	0.983234	-1.24952	2.69677	32.3257	
0.996897	0.00669848	0.0784282	0.00677746	0.985368	-0.170307	-0.0784214	0.17031	0.982265	-1.32137	2.85277	33.2385	
0.996726	0.00707115	0.0805473	0.00715688	0.984543	-0.174994	-0.0805398	0.174997	0.981269	-1.39519	3.01313	34.1503	
0.99655	0.00745363	0.0826626	0.00754646	0.983697	-0.179677	-0.0826541	0.179681	0.980247	-1.47097	3.17784	35.0612	
0.996369	0.00784586	0.0847738	0.00794619	0.982828	-0.184355	-0.0847644	0.184359	0.979197	-1.54872	3.3469	35.9712	
0.996185	0.00824784	0.0868809	0.00835606	0.981936	-0.189029	-0.0868706	0.189034	0.97812	-1.62843	3.5203	36.8802	
0.995995	0.00865953	0.088984	0.00877603	0.981022	-0.193699	-0.0889726	0.193704	0.977017	-1.71009	3.69804	37.7881	
0.995802	0.00908091	0.0910829	0.00920611	0.980085	-0.198364	-0.0910703	0.198369	0.975887	-1.7937	3.88012	38.695	
0.995604	0.00951195	0.0931775	0.00964626	0.979126	-0.203024	-0.0931637	0.20303	0.97473	-1.87926	4.06653	39.6009	
0.995402	0.00995263	0.0952679	0.0100965	0.978145	-0.207679	-0.0952528	0.207686	0.973547	-1.96676	4.25726	40.5057	
0.995195	0.0104029	0.0973539	0.0105567	0.977141	-0.212329	-0.0973374	0.212337	0.972337	-2.0562	4.45232	41.4093	
0.994985	0.0108628	0.0994356	0.011027	0.976115	-0.216975	-0.0994175	0.216983	0.9711	-2.14757	4.65169	42.3118	
0.99477	0.0113322	0.101513	0.0115073	0.975066	-0.221614	-0.101493	0.221624	0.969836	-2.24087	4.85538	43.2132	
0.99455	0.0118111	0.103586	0.0119976	0.973996	-0.226249	-0.103564	0.226259	0.968546	-2.3361	5.06337	44.1134	
0.994327	0.0122995	0.105654	0.0124978	0.972902	-0.230878	-0.10563	0.230889	0.967229	-2.43325	5.27567	45.0123	
0.994099	0.0127974	0.107717	0.013008	0.971787	-0.235501	-0.107692	0.235513	0.965886	-2.53231	5.49227	45.9101	
0.993867	0.0133047	0.109776	0.0135281	0.970649	-0.240118	-0.109749	0.240131	0.964517	-2.63329	5.71315	46.8065	
0.993631	0.0138214	0.11183	0.0140581	0.969489	-0.24473	-0.111801	0.244743	0.963121	-2.73618	5.93833	47.7017	
0.993391	0.0143475	0.11388	0.014598	0.968307	-0.249335	-0.113848	0.24935	0.961698	-2.84097	6.16778	48.5956	
0.993147	0.0148829	0.115924	0.0151477	0.967103	-0.253934	-0.11589	0.25395	0.960249	-2.94766	6.40151	49.4881	
0.992898	0.0154276	0.117964	0.0157073	0.965876	-0.258527	-0.117927	0.258544	0.958774	-3.05624	6.63951	50.3793	
0.992645	0.0159816	0.119999	0.0162768	0.964628	-0.263114	-0.119959	0.263132	0.957273	-3.16671	6.88177	51.2691	
0.992389	0.0165449	0.122029	0.016856	0.963357	-0.267693	-0.121986	0.267713	0.955745	-3.27907	7.12829	52.1575	
0.992128	0.0171174	0.124054	0.017445	0.962064	-0.272266	-0.124008	0.272287	0.954192	-3.39331	7.37907	53.0445	
0.991863	0.0176991	0.126073	0.0180437	0.960749	-0.276832	-0.126025	0.276855	0.952612	-3.50942	7.63409	53.93	
0.991594	0.0182899	0.128088	0.0186522	0.959412	-0.281392	-0.128036	0.281415	0.951006	-3.62741	7.89334	54.814	
0.991321	0.0188899	0.130098	0.0192703	0.958053	-0.285944	-0.130042	0.285969	0.949374	-3.74726	8.15683	55.6966	
0.991407	0.0186989	0.129471	0.0201498	0.956091	-0.292377	-0.129254	0.292474	0.947498	-3.86767	8.42546	56.5775	
0.991492	0.0185045	0.128849	0.0210247	0.954083	-0.298804	-0.128462	0.298971	0.945576	-3.98736	8.70013	57.4566	
0.991575	0.0183065	0.12823	0.021895	0.952029	-0.305224	-0.127667	0.30546	0.943608	-4.1063	8.98082	58.3339	
0.991658	0.0181051	0.127615	0.0227607	0.949929	-0.311635	-0.126868	0.31194	0.941593	-4.22451	9.26754	59.2094	
0.991741	0.0179001	0.127004	0.0236214	0.947784	-0.318037	-0.126065	0.31841	0.939533	-4.34197	9.56027	60.083	
0.991822	0.0176916	0.126395	0.0244773	0.945593	-0.324429	-0.125258	0.324869	0.937428	-4.45868	9.85901	60.9546	
0.991903	0.0174795	0.12579	0.0253282	0.943357	-0.33081	-0.124447	0.331317	0.935276	-4.57464	10.1637	61.8243	
0.991983	0.0172637	0.125187	0.026174	0.941076	-0.33718	-0.123632	0.337753	0.93308	-4.68985	10.4744	62.692	
0.992062	0.0170444	0.124588	0.0270146	0.93875	-0.343537	-0.122812	0.344176	0.930838	-4.8043	10.7911	63.5576	
0.992141	0.0168213	0.123991	0.0278499	0.93638	-0.349882	-0.121988	0.350585	0.928552	-4.91798	11.1138	64.4211	
0.992219	0.0165945	0.123396	0.0286798	0.933965	-0.356212	-0.121159	0.35698	0.926221	-5.0309	11.4424	65.2824	
0.992296	0.016364	0.122804	0.0295042	0.931506	-0.362529	-0.120325	0.363359	0.923846	-5.14304	11.7769	66.1416	
0.992373	0.0161296	0.122214	0.0303231	0.929002	-0.368829	-0.119487	0.369722	0.921427	-5.25441	12.1173	66.9985	
0.992449	0.0158914	0.121627	0.0311362	0.926456	-0.375114	-0.118643	0.376069	0.918965	-5.365	12.4637	67.8532	
0.992524	0.0156493	0.121041	0.0319437	0.923865	-0.381382	-0.117794	0.382397	0.916459	-5.4748	12.8159	68.7056	
0.992599	0.0154032	0.120456	0.0327452	0.921232	-0.387632	-0.116939	0.388708	0.91391	-5.5838	13.174	69.5556	
0.994602	0.0080381	0.103455	0.0342335	0.915759	-0.400268	-0.0979571	0.401648	0.91054	-5.68361	13.5411	70.4029	
0.99625	0.000433822	0.0865207	0.0354585	0.910107	-0.412853	-0.0789223	0.414372	0.906679	-5.76575	13.92	71.2468	
0.997543	-0.00740552	0.0696631	0.0364195	0.904281	-0.425381	-0.0598448	0.426873	0.902329	-5.8302	14.3107	72.0869	
0.99848	-0.0154757	0.052891	0.0371161	0.898284	-0.437846	-0.0407352	0.439143	0.897493	-5.87691	14.7129	72.9228	
0.999061	-0.0237723	0.0362136	0.0375478	0.892118	-0.45024	-0.0216035	0.451177	0.892173	-5.90586	15.1264	73.754	
0.999286	-0.032291	0.0196398	0.0377144	0.885787	-0.462557	-0.00246025	0.462967	0.886372	-5.91703	15.5509	74.5799	
0.999153	-0.0410271	0.00317859	0.0376159	0.879295	-0.474791	0.0166844	0.474508	0.880093	-5.91043	15.9863	75.4003	
0.998664	-0.0499759	-0.0131612	0.0372523	0.872644	-0.486934	0.03582	0.485793	0.87334	-5.88604	16.4323	76.2146	
0.997818	-0.0591325	-0.0293707	0.0366238	0.865839	-0.49898	0.0549363	0.496816	0.866115	-5.8439	16.8886	77.0225	
0.996616	-0.0684922	-0.0454412	0.0357307	0.858883	-0.510924	0.074023	0.507571	0.858424	-5.784	17.3551	77.8234	
0.995059	-0.0780497	-0.0613641	0.0345735	0.85178	-0.522757	0.0930697	0.518053	0.85027	-5.7064	17.8314	78.6169	
0.993148	-0.0877999	-0.0771307	0.0331528	0.844534	-0.534475	0.112066	0.528255	0.841658	-5.61114	18.3173	79.4027	
0.990882	-0.0977377	-0.0927326	0.0314695	0.837149	-0.546069	0.131003	0.538172	0.832592	-5.49825	18.8126	80.1802	
0.988265	-0.107858	-0.108161	0.0295243	0.829628	-0.557536	0.149868	0.5478	0.823077	-5.36781	19.3169	80.9491	
0.985297	-0.118154	-0.123409	0.0273184	0.821976	-0.568867	0.168653	0.557132	0.813118	-5.21988	19.8301	81.709	
0.981979	-0.128622	-0.138466	0.0248529	0.814196	-0.580058	0.187347	0.566163	0.802721	-5.05455	20.3517	82.4594	
0.978314	-0.139255	-0.153326	0.0221293	0.806294	-0.591101	0.205939	0.57489	0.791891	-4.87191	20.8817	83.2	
0.974304	-0.150048	-0.16798	0.0191488	0.798273	-0.601991	0.224421	0.583306	0.780634	-4.67204	21.4195	83.9303	
0.96995	-0.160995	-0.18242	0.0159132	0.790138	-0.612723	0.242782	0.591408	0.768956	-4.45506	21.9651	84.6499	
0.965256	-0.17209	-0.196639	0.0124242	0.781892	-0.62329	0.261012	0.599191	0.756864	-4.22109	22.518	85.3585	
0.960222	-0.183327	-0.210628	0.00868368	0.773541	-0.633687	0.279101	0.606651	0.744363	-3.97026	23.078	86.0557	
0.954854	-0.194699	-0.224381	0.00469364	0.765089	-0.643907	0.29704	0.613784	0.731462	-3.70269	23.6448	86.7411	
