1	0	0	0	1	0	0	0	1	0	0	0	
0.999998	7.57301e-07	-0.00206964	7.57301e-07	1	0.000731819	0.00206964	-0.000731819	0.999998	0.000990395	-0.000350202	0.95707	
0.999991	3.03655e-06	-0.00414427	3.03659e-06	0.999999	0.00146542	0.00414427	-0.00146542	0.99999	0.00396397	-0.00140166	1.91414	
0.999981	6.84861e-06	-0.0062238	6.84877e-06	0.999998	0.00220078	0.0062238	-0.00220078	0.999978	0.00892546	-0.00315607	2.87119	
0.999965	1.22041e-05	-0.00830815	1.22045e-05	0.999996	0.00293786	0.00830815	-0.00293786	0.999961	0.0158795	-0.00561509	3.82823	
0.999946	1.91135e-05	-0.0103972	1.91143e-05	0.999993	0.00367663	0.0103972	-0.00367663	0.999939	0.0248307	-0.00878036	4.78526	
0.999922	2.7587e-05	-0.0124909	2.75884e-05	0.99999	0.00441705	0.0124909	-0.00441705	0.999912	0.0357835	-0.0126535	5.74226	
0.999894	3.76345e-05	-0.0145891	3.76368e-05	0.999987	0.0051591	0.0145891	-0.0051591	0.99988	0.0487422	-0.017236	6.69923	
0.999861	4.92659e-05	-0.0166918	4.92693e-05	0.999983	0.00590274	0.0166918	-0.00590274	0.999843	0.0637113	-0.0225295	7.65617	
0.999823	6.24906e-05	-0.0187988	6.24955e-05	0.999978	0.00664794	0.0187988	-0.00664794	0.999801	0.0806948	-0.0285354	8.61307	
0.999781	7.73179e-05	-0.0209101	7.73247e-05	0.999973	0.00739467	0.0209101	-0.00739467	0.999754	0.099697	-0.0352553	9.56993	
0.999735	9.37569e-05	-0.0230256	9.3766e-05	0.999967	0.00814289	0.0230256	-0.00814289	0.999702	0.120722	-0.0426906	10.5267	
0.999684	0.000111816	-0.0251451	0.000111828	0.99996	0.00889257	0.0251451	-0.00889257	0.999644	0.143773	-0.0508427	11.4835	
0.999628	0.000131505	-0.0272687	0.00013152	0.999953	0.00964368	0.0272687	-0.00964368	0.999582	0.168855	-0.0597129	12.4402	
0.999568	0.000152831	-0.0293961	0.00015285	0.999946	0.0103962	0.0293961	-0.0103962	0.999514	0.195971	-0.0693027	13.3968	
0.999503	0.000175803	-0.0315273	0.000175826	0.999938	0.0111501	0.0315273	-0.0111501	0.999441	0.225125	-0.0796134	14.3534	
0.999433	0.000200428	-0.0336622	0.000200457	0.999929	0.0119053	0.0336622	-0.0119053	0.999362	0.256321	-0.0906462	15.3099	
0.999359	0.000226715	-0.0358007	0.000226749	0.99992	0.0126618	0.0358007	-0.0126618	0.999279	0.289561	-0.102402	16.2663	
0.99928	0.00025467	-0.0379428	0.00025471	0.99991	0.0134195	0.0379428	-0.0134195	0.99919	0.32485	-0.114883	17.2227	
0.999196	0.000284301	-0.0400882	0.000284349	0.999899	0.0141785	0.0400882	-0.0141785	0.999096	0.362191	-0.12809	18.1789	
0.999108	0.000315614	-0.042237	0.00031567	0.999888	0.0149387	0.042237	-0.0149387	0.998996	0.401586	-0.142024	19.1351	
0.999014	0.000348617	-0.0443891	0.000348682	0.999877	0.0157001	0.0443891	-0.0157001	0.998891	0.44304	-0.156685	20.0911	
0.998916	0.000383316	-0.0465443	0.00038339	0.999864	0.0164626	0.0465443	-0.0164626	0.998781	0.486555	-0.172076	21.0471	
0.998813	0.000419717	-0.0487025	0.000419802	0.999852	0.0172262	0.0487025	-0.0172262	0.998665	0.532134	-0.188198	22.0029	
0.998705	0.000457825	-0.0508637	0.000457922	0.999838	0.0179908	0.0508637	-0.0179908	0.998544	0.57978	-0.20505	22.9587	
0.998593	0.000497648	-0.0530278	0.000497757	0.999824	0.0187565	0.0530278	-0.0187565	0.998417	0.629495	-0.222635	23.9143	
0.998475	0.000539189	-0.0551946	0.000539313	0.999809	0.0195232	0.0551946	-0.0195232	0.998285	0.681284	-0.240953	24.8698	
0.998353	0.000582455	-0.0573641	0.000582593	0.999794	0.0202909	0.0573641	-0.0202909	0.998147	0.735147	-0.260006	25.8251	
0.998226	0.00062745	-0.0595362	0.000627605	0.999778	0.0210595	0.0595362	-0.0210595	0.998004	0.791088	-0.279793	26.7804	
0.998094	0.000674178	-0.0617108	0.000674351	0.999761	0.021829	0.0617108	-0.021829	0.997855	0.849109	-0.300317	27.7355	
0.997957	0.000722646	-0.0638877	0.000722837	0.999744	0.0225993	0.0638877	-0.0225994	0.997701	0.909212	-0.321578	28.6904	
0.997815	0.000772855	-0.066067	0.000773067	0.999727	0.0233705	0.066067	-0.0233706	0.997541	0.9714	-0.343576	29.6452	
0.997668	0.000824812	-0.0682485	0.000825045	0.999708	0.0241425	0.0682485	-0.0241425	0.997376	1.03567	-0.366313	30.5998	
0.997516	0.000878518	-0.0704321	0.000878774	0.999689	0.0249153	0.070432	-0.0249153	0.997205	1.10204	-0.389788	31.5543	
0.997359	0.000933978	-0.0726176	0.000934258	0.99967	0.0256888	0.0726176	-0.0256888	0.997029	1.17049	-0.414004	32.5086	
0.997198	0.000991195	-0.0748052	0.000991501	0.999649	0.026463	0.0748052	-0.026463	0.996847	1.24104	-0.438961	33.4628	
0.997031	0.00105017	-0.0769945	0.00105051	0.999628	0.0272379	0.0769945	-0.0272379	0.996659	1.31368	-0.464659	34.4167	
0.996859	0.00111091	-0.0791856	0.00111127	0.999607	0.0280134	0.0791856	-0.0280134	0.996466	1.38842	-0.491098	35.3705	
0.996683	0.00117341	-0.0813783	0.00117381	0.999585	0.0287895	0.0813783	-0.0287895	0.996267	1.46525	-0.518281	36.3241	
0.996501	0.00123768	-0.0835726	0.00123811	0.999562	0.0295662	0.0835726	-0.0295662	0.996063	1.54419	-0.546206	37.2775	
0.996314	0.00130372	-0.0857683	0.00130418	0.999539	0.0303434	0.0857683	-0.0303434	0.995853	1.62523	-0.574875	38.2307	
0.996123	0.00137153	-0.0879654	0.00137203	0.999515	0.0311211	0.0879654	-0.0311211	0.995637	1.70836	-0.604288	39.1837	
0.995926	0.00144111	-0.0901637	0.00144165	0.99949	0.0318992	0.0901637	-0.0318993	0.995416	1.7936	-0.634445	40.1365	
0.995724	0.00151247	-0.0923632	0.00151304	0.999465	0.0326778	0.0923632	-0.0326779	0.995189	1.88095	-0.665347	41.0891	
0.995518	0.00158559	-0.0945638	0.00158621	0.999439	0.0334568	0.0945637	-0.0334569	0.994956	1.9704	-0.696995	42.0414	
0.995306	0.0016605	-0.0967653	0.00166115	0.999412	0.0342362	0.0967653	-0.0342362	0.994718	2.06196	-0.729389	42.9936	
0.995089	0.00173717	-0.0989677	0.00173788	0.999385	0.0350159	0.0989677	-0.0350159	0.994474	2.15562	-0.762529	43.9455	
0.994867	0.00181562	-0.101171	0.00181637	0.999357	0.0357959	0.101171	-0.035796	0.994225	2.2514	-0.796415	44.8971	
0.994641	0.00189585	-0.103375	0.00189665	0.999329	0.0365762	0.103375	-0.0365762	0.99397	2.34928	-0.831047	45.8485	
0.994409	0.00197784	-0.105579	0.0019787	0.9993	0.0373567	0.105579	-0.0373567	0.993709	2.44927	-0.866427	46.7997	
0.994172	0.00206162	-0.107784	0.00206252	0.99927	0.0381374	0.107784	-0.0381374	0.993443	2.55137	-0.902553	47.7506	
0.99393	0.00214716	-0.10999	0.00214812	0.99924	0.0389183	0.10999	-0.0389183	0.99317	2.65559	-0.939427	48.7013	
0.993684	0.00223447	-0.112196	0.0022355	0.999209	0.0396993	0.112196	-0.0396993	0.992893	2.76191	-0.977049	49.6517	
0.993432	0.00232356	-0.114402	0.00232464	0.999178	0.0404804	0.114402	-0.0404804	0.99261	2.87034	-1.01542	50.6018	
0.993175	0.00241441	-0.116608	0.00241556	0.999145	0.0412616	0.116608	-0.0412616	0.992321	2.98089	-1.05453	51.5517	
0.992913	0.00250702	-0.118814	0.00250824	0.999113	0.0420428	0.118814	-0.0420428	0.992026	3.09355	-1.0944	52.5013	
0.992647	0.0026014	-0.12102	0.00260268	0.999079	0.042824	0.12102	-0.042824	0.991726	3.20832	-1.13501	53.4506	
0.992375	0.00269754	-0.123226	0.00269889	0.999045	0.0436051	0.123226	-0.0436052	0.99142	3.3252	-1.17637	54.3996	
0.992098	0.00279543	-0.125431	0.00279686	0.999011	0.0443862	0.125431	-0.0443863	0.991109	3.44419	-1.21848	55.3483	
0.991817	0.00289509	-0.127637	0.00289659	0.998975	0.0451672	0.127637	-0.0451673	0.990792	3.56529	-1.26133	56.2967	
0.99153	0.00299649	-0.129842	0.00299807	0.998939	0.0459481	0.129842	-0.0459482	0.99047	3.6885	-1.30493	57.2448	
0.991239	0.00309963	-0.132046	0.0031013	0.998903	0.0467288	0.132046	-0.0467289	0.990142	3.81383	-1.34928	58.1926	
0.990942	0.00320453	-0.13425	0.00320628	0.998866	0.0475093	0.13425	-0.0475095	0.989808	3.94126	-1.39438	59.1401	
0.99063	0.00331912	-0.136533	0.00378926	0.998652	0.0517704	0.136521	-0.0518027	0.989282	4.07083	-1.4419	60.0871	
0.990312	0.00344375	-0.138818	0.00438201	0.99842	0.0560291	0.138792	-0.0560946	0.988732	4.20258	-1.49354	61.0337	
0.989988	0.00357842	-0.141104	0.0049845	0.998169	0.0602851	0.141061	-0.0603849	0.988158	4.3365	-1.54928	61.9797	
0.989659	0.00372312	-0.14339	0.00559672	0.9979	0.0645383	0.143329	-0.0646734	0.98756	4.47259	-1.60912	62.9252	
0.989325	0.00387785	-0.145676	0.00621865	0.997612	0.0687886	0.145595	-0.0689601	0.986938	4.61085	-1.67307	63.87	
0.988985	0.00404258	-0.147962	0.00685027	0.997306	0.0730357	0.147858	-0.0732448	0.986293	4.75128	-1.74112	64.8143	
0.98864	0.00421728	-0.150247	0.00749156	0.996981	0.0772795	0.150119	-0.0775272	0.985624	4.89387	-1.81327	65.7579	
0.988289	0.00440195	-0.152531	0.00814249	0.996638	0.0815199	0.152377	-0.0818072	0.984931	5.03863	-1.88952	66.7009	
0.987933	0.00459653	-0.154813	0.00880304	0.996277	0.0857567	0.154631	-0.0860847	0.984215	5.18554	-1.96986	67.6432	
0.987572	0.00480099	-0.157093	0.00947318	0.995898	0.0899897	0.156881	-0.0903595	0.983475	5.33461	-2.05429	68.5848	
0.987206	0.0050153	-0.159371	0.0101529	0.9955	0.0942187	0.159126	-0.0946314	0.982712	5.48583	-2.14282	69.5257	
0.986835	0.00523941	-0.161646	0.0108421	0.995084	0.0984436	0.161367	-0.0989002	0.981926	5.6392	-2.23543	70.4659	
0.986459	0.00547325	-0.163918	0.0115408	0.994649	0.102664	0.163602	-0.103166	0.981117	5.79471	-2.33213	71.4053	
0.98635	0.00554947	-0.164567	0.0154579	0.991897	0.126097	0.163933	-0.12692	0.978273	5.95145	-2.44224	72.3429	
0.986242	0.00564141	-0.165214	0.0193818	0.988578	0.149456	0.16417	-0.150602	0.974868	6.10847	-2.57505	73.2776	
0.986133	0.00574901	-0.165858	0.0233103	0.984694	0.172726	0.164313	-0.174197	0.970905	6.26567	-2.73048	74.2088	
0.986024	0.00587221	-0.1665	0.027241	0.980246	0.195895	0.164361	-0.197692	0.966387	6.42296	-2.90845	75.1359	
0.985915	0.00601094	-0.167139	0.0311718	0.975238	0.218949	0.164316	-0.221075	0.961315	6.58025	-3.10886	76.0584	
0.985806	0.00616513	-0.167774	0.0351003	0.969672	0.241875	0.164177	-0.244331	0.955693	6.73745	-3.33158	76.9758	
0.985698	0.00633467	-0.168405	0.0390244	0.963552	0.26466	0.163943	-0.267447	0.949523	6.89448	-3.5765	77.8876	
0.985589	0.00651948	-0.169032	0.0429419	0.95688	0.287291	0.163616	-0.29041	0.942811	7.05123	-3.84346	78.7932	
0.985481	0.00671944	-0.169654	0.0468503	0.949661	0.309755	0.163195	-0.313206	0.935558	7.20763	-4.13233	79.6921	
0.985373	0.00693446	-0.170271	0.0507476	0.941899	0.33204	0.162681	-0.335824	0.92777	7.36358	-4.44293	80.5838	
0.985265	0.00716439	-0.170883	0.0546314	0.933599	0.354131	0.162074	-0.358249	0.919451	7.519	-4.77508	81.4678	
0.985158	0.00740912	-0.17149	0.0584997	0.924764	0.376018	0.161373	-0.380469	0.910605	7.67378	-5.1286	82.3436	
0.985051	0.00766849	-0.17209	0.06235	0.915401	0.397686	0.160581	-0.402471	0.901239	7.82786	-5.50328	83.2107	
0.984945	0.00794237	-0.172684	0.0661804	0.905514	0.419124	0.159696	-0.424243	0.891356	7.98113	-5.89891	84.0685	
0.98484	0.00823059	-0.173271	0.0699884	0.895109	0.44032	0.15872	-0.445772	0.880963	8.13351	-6.31527	84.9167	
0.984735	0.00853299	-0.173851	0.073772	0.884192	0.461261	0.157654	-0.467045	0.870065	8.28491	-6.7521	85.7546	
0.984631	0.0088494	-0.174424	0.0775291	0.87277	0.481936	0.156497	-0.488052	0.85867	8.43525	-7.20917	86.5819	
0.984528	0.00917963	-0.174989	0.0812574	0.860848	0.502332	0.15525	-0.508779	0.846783	8.58444	-7.68621	87.3981	
0.984425	0.0095235	-0.175546	0.0849548	0.848435	0.522438	0.153914	-0.529215	0.834411	8.73239	-8.18295	88.2027	
0.984324	0.00988081	-0.176094	0.0886192	0.835536	0.542242	0.152491	-0.549347	0.821562	8.87903	-8.69911	88.9951	
0.984223	0.0102514	-0.176634	0.0922485	0.822159	0.561734	0.15098	-0.569166	0.808242	9.02426	-9.23438	89.7751	
0.984124	0.0106349	-0.177165	0.0958407	0.808312	0.580901	0.149383	-0.588658	0.79446	9.168	-9.78847	90.5421	
0.984025	0.0110313	-0.177687	0.0993936	0.794003	0.599733	0.1477	-0.607814	0.780223	9.31017	-10.361	91.2957	
0.983928	0.0114402	-0.178199	0.102905	0.77924	0.61822	0.145932	-0.626621	0.765539	9.45069	-10.9518	92.0354	
