1	0	0	0	1	0	0	0	1	0	0	0	
0.999996	-6.7097e-06	-0.00291676	-6.7097e-06	0.999989	-0.00460075	0.00291676	0.00460075	0.999985	0.00144218	0.00227482	0.988884	
0.999983	-2.68265e-05	-0.00583117	-2.68439e-05	0.999958	-0.00920378	0.00583117	0.00920378	0.999941	0.00576756	0.00910042	1.97774	
0.999962	-6.03358e-05	-0.00874313	-6.04055e-05	0.999905	-0.0138089	0.00874313	0.0138089	0.999866	0.0129738	0.0204789	2.96653	
0.999932	-0.000107222	-0.0116525	-0.000107397	0.99983	-0.018416	0.0116525	0.018416	0.999763	0.0230583	0.0364124	3.95524	
0.999894	-0.00016747	-0.0145593	-0.000167819	0.999735	-0.0230249	0.0145593	0.0230249	0.999629	0.0360187	0.0569027	4.94383	
0.999847	-0.000241064	-0.0174634	-0.000241674	0.999618	-0.0276355	0.0174633	0.0276355	0.999466	0.0518521	0.0819516	5.93228	
0.999793	-0.000327985	-0.0203646	-0.000328962	0.99948	-0.0322476	0.0203645	0.0322476	0.999272	0.070556	0.111561	6.92054	
0.999729	-0.000428216	-0.0232628	-0.000429682	0.99932	-0.036861	0.0232628	0.036861	0.99905	0.0921273	0.145731	7.90861	
0.999658	-0.00054174	-0.026158	-0.000543834	0.999139	-0.0414756	0.026158	0.0414757	0.998797	0.116563	0.184464	8.89643	
0.999578	-0.000668537	-0.0290502	-0.000671416	0.998937	-0.0460913	0.0290501	0.0460913	0.998515	0.143861	0.227761	9.88399	
0.999489	-0.000808588	-0.031939	-0.000812427	0.998713	-0.0507079	0.031939	0.0507079	0.998203	0.174016	0.275623	10.8713	
0.999393	-0.000961873	-0.0348246	-0.000966864	0.998468	-0.0553251	0.0348245	0.0553252	0.997861	0.207027	0.328051	11.8582	
0.999288	-0.00112837	-0.0377068	-0.00113472	0.998201	-0.059943	0.0377066	0.0599431	0.997489	0.24289	0.385045	12.8448	
0.999175	-0.00130806	-0.0405855	-0.001316	0.997913	-0.0645613	0.0405852	0.0645614	0.997088	0.281601	0.446606	13.831	
0.999054	-0.00150092	-0.0434605	-0.0015107	0.997603	-0.0691798	0.0434602	0.06918	0.996657	0.323157	0.512734	14.8168	
0.998925	-0.00170693	-0.0463319	-0.0017188	0.997272	-0.0737985	0.0463314	0.0737988	0.996196	0.367554	0.583429	15.8022	
0.998787	-0.00192607	-0.0491995	-0.0019403	0.996919	-0.0784171	0.0491989	0.0784175	0.995706	0.414788	0.658691	16.7871	
0.998641	-0.0021583	-0.0520632	-0.00217521	0.996544	-0.0830356	0.0520625	0.083036	0.995186	0.464857	0.738521	17.7714	
0.998488	-0.00240361	-0.0549229	-0.0024235	0.996148	-0.0876537	0.054922	0.0876542	0.994636	0.517755	0.822918	18.7553	
0.998326	-0.00266198	-0.0577786	-0.00268518	0.99573	-0.0922712	0.0577775	0.0922719	0.994056	0.573479	0.911882	19.7386	
0.998156	-0.00293337	-0.0606301	-0.00296024	0.995291	-0.0968882	0.0606288	0.096889	0.993447	0.632024	1.00541	20.7213	
0.997978	-0.00321777	-0.0634774	-0.00324866	0.99483	-0.101504	0.0634758	0.101505	0.992808	0.693387	1.10351	21.7034	
0.997792	-0.00351514	-0.0663203	-0.00355044	0.994347	-0.106119	0.0663184	0.106121	0.992139	0.757563	1.20617	22.6849	
0.997598	-0.00382546	-0.0691588	-0.00386557	0.993843	-0.110733	0.0691565	0.110735	0.991441	0.824548	1.31339	23.6656	
0.997397	-0.0041487	-0.0719927	-0.00419404	0.993317	-0.115346	0.0719901	0.115348	0.990713	0.894338	1.42518	24.6457	
0.997187	-0.00448483	-0.0748221	-0.00453583	0.992769	-0.119957	0.074819	0.119959	0.989955	0.966927	1.54152	25.625	
0.996969	-0.00483383	-0.0776468	-0.00489094	0.992199	-0.124567	0.0776432	0.124569	0.989168	1.04231	1.66243	26.6036	
0.996744	-0.00519566	-0.0804666	-0.00525935	0.991608	-0.129175	0.0804625	0.129178	0.988352	1.12049	1.78789	27.5814	
0.99651	-0.0055703	-0.0832816	-0.00564106	0.990995	-0.133781	0.0832769	0.133784	0.987505	1.20145	1.91791	28.5583	
0.996269	-0.00595771	-0.0860916	-0.00603604	0.99036	-0.138385	0.0860862	0.138389	0.98663	1.28519	2.05249	29.5344	
0.996021	-0.00635787	-0.0888966	-0.00644429	0.989704	-0.142987	0.0888904	0.142991	0.985724	1.3717	2.19161	30.5097	
0.995764	-0.00677075	-0.0916964	-0.00686578	0.989025	-0.147586	0.0916893	0.147591	0.984789	1.46099	2.33529	31.484	
0.9955	-0.0071963	-0.094491	-0.00730051	0.988325	-0.152183	0.094483	0.152188	0.983825	1.55304	2.48352	32.4573	
0.995228	-0.00763451	-0.0972802	-0.00774846	0.987604	-0.156778	0.0972712	0.156783	0.982831	1.64785	2.63629	33.4297	
0.994948	-0.00808533	-0.100064	-0.00820961	0.98686	-0.161369	0.100054	0.161375	0.981808	1.74542	2.7936	34.4011	
0.994661	-0.00854873	-0.102842	-0.00868395	0.986095	-0.165957	0.102831	0.165964	0.980756	1.84574	2.95545	35.3715	
0.994366	-0.00902469	-0.105615	-0.00917146	0.985308	-0.170543	0.105603	0.17055	0.979674	1.9488	3.12184	36.3409	
0.994064	-0.00951316	-0.108382	-0.00967212	0.984499	-0.175125	0.108368	0.175133	0.978563	2.05459	3.29276	37.3091	
0.993754	-0.0100141	-0.111144	-0.0101859	0.983668	-0.179703	0.111128	0.179713	0.977422	2.16312	3.46821	38.2762	
0.993437	-0.0105275	-0.113899	-0.0107128	0.982816	-0.184278	0.113882	0.184289	0.976252	2.27438	3.64819	39.2422	
0.993112	-0.0110533	-0.116649	-0.0112528	0.981942	-0.188849	0.11663	0.188861	0.975053	2.38835	3.83269	40.207	
0.99278	-0.0115915	-0.119392	-0.0118059	0.981046	-0.193416	0.119371	0.193429	0.973825	2.50504	4.02171	41.1706	
0.99244	-0.012142	-0.12213	-0.012372	0.980128	-0.19798	0.122107	0.197994	0.972568	2.62444	4.21525	42.133	
0.992093	-0.0127048	-0.124861	-0.0129512	0.979189	-0.202538	0.124836	0.202554	0.971282	2.74654	4.4133	43.0942	
0.991739	-0.0132799	-0.127586	-0.0135433	0.978228	-0.207093	0.127558	0.20711	0.969966	2.87133	4.61586	44.054	
0.991377	-0.0138671	-0.130305	-0.0141485	0.977245	-0.211643	0.130274	0.211662	0.968622	2.99882	4.82292	45.0125	
0.991008	-0.0144666	-0.133017	-0.0147666	0.97624	-0.216188	0.132984	0.216209	0.967248	3.12898	5.03448	45.9697	
0.990632	-0.0150782	-0.135723	-0.0153977	0.975214	-0.220729	0.135687	0.220751	0.965846	3.26183	5.25053	46.9255	
0.990249	-0.015702	-0.138422	-0.0160416	0.974166	-0.225264	0.138383	0.225288	0.964415	3.39734	5.47107	47.8799	
0.989858	-0.0163377	-0.141114	-0.0166985	0.973096	-0.229795	0.141072	0.229821	0.962954	3.53552	5.6961	48.8329	
0.989461	-0.0169855	-0.1438	-0.0173682	0.972004	-0.23432	0.143754	0.234348	0.961465	3.67635	5.9256	49.7844	
0.989056	-0.0176453	-0.146479	-0.0180508	0.970891	-0.238839	0.14643	0.23887	0.959948	3.81983	6.15958	50.7345	
0.988645	-0.018317	-0.149151	-0.0187462	0.969757	-0.243353	0.149098	0.243386	0.958401	3.96595	6.39803	51.683	
0.988226	-0.0190007	-0.151816	-0.0194544	0.9686	-0.247861	0.151759	0.247897	0.956826	4.11471	6.64094	52.63	
0.9878	-0.0196961	-0.154474	-0.0201753	0.967422	-0.252364	0.154412	0.252402	0.955223	4.26609	6.88831	53.5754	
0.987368	-0.0204034	-0.157125	-0.020909	0.966222	-0.25686	0.157058	0.256901	0.95359	4.4201	7.14014	54.5192	
0.986929	-0.0211224	-0.159768	-0.0216553	0.965001	-0.26135	0.159697	0.261393	0.95193	4.57672	7.39641	55.4613	
0.986482	-0.0218532	-0.162405	-0.0224144	0.963758	-0.265833	0.162328	0.26588	0.950241	4.73594	7.65711	56.4019	
0.986029	-0.0225957	-0.165034	-0.0231861	0.962494	-0.270311	0.164952	0.270361	0.948523	4.89776	7.92226	57.3407	
0.985569	-0.0233497	-0.167655	-0.0239704	0.961208	-0.274781	0.167568	0.274834	0.946777	5.06217	8.19182	58.2778	
0.985102	-0.0241154	-0.170269	-0.0247673	0.959901	-0.279244	0.170175	0.279302	0.945003	5.22917	8.46581	59.2132	
0.984629	-0.0248926	-0.172875	-0.0255767	0.958572	-0.283701	0.172775	0.283762	0.943201	5.39874	8.74422	60.1468	
0.984149	-0.0256813	-0.175474	-0.0263987	0.957221	-0.28815	0.175368	0.288215	0.94137	5.57088	9.02703	61.0786	
0.984301	-0.025428	-0.174654	-0.027269	0.955775	-0.292833	0.174376	0.292998	0.940077	5.74381	9.31441	62.0089	
0.984453	-0.0251698	-0.173833	-0.0281353	0.954303	-0.297513	0.173378	0.297779	0.938759	5.91575	9.60652	62.9379	
0.984605	-0.0249068	-0.173011	-0.0289975	0.952806	-0.302191	0.172373	0.302556	0.937415	6.08671	9.90335	63.8656	
0.984756	-0.024639	-0.172188	-0.0298553	0.951284	-0.306867	0.171361	0.30733	0.936047	6.25666	10.2049	64.7919	
0.984906	-0.0243663	-0.171365	-0.0307087	0.949737	-0.311539	0.170343	0.312099	0.934654	6.42562	10.5112	65.7168	
0.985056	-0.0240888	-0.170541	-0.0315574	0.948166	-0.316206	0.169318	0.316862	0.933236	6.59356	10.8222	66.6404	
0.985205	-0.0238066	-0.169716	-0.0324013	0.94657	-0.320868	0.168287	0.32162	0.931794	6.76049	11.1379	67.5626	
0.985354	-0.0235195	-0.168891	-0.0332402	0.944949	-0.325524	0.16725	0.32637	0.930328	6.92639	11.4583	68.4833	
0.985502	-0.0232276	-0.168066	-0.0340741	0.943305	-0.330173	0.166207	0.331113	0.928838	7.09127	11.7833	69.4025	
0.989299	-0.0150368	-0.145125	-0.0343566	0.942696	-0.33188	0.141799	0.333315	0.932091	7.24357	12.1119	70.3227	
0.992493	-0.00679418	-0.122111	-0.0345943	0.942082	-0.333592	0.117305	0.335312	0.934775	7.37169	12.4425	71.2458	
0.995083	0.00149516	-0.0990377	-0.0347869	0.941466	-0.335309	0.0927393	0.337105	0.936888	7.47555	12.775	72.1713	
0.997066	0.00982617	-0.0759194	-0.0349345	0.940846	-0.337029	0.0681168	0.338692	0.938428	7.55509	13.1092	73.0986	
0.998441	0.0181938	-0.0527702	-0.0350368	0.940223	-0.338751	0.0434527	0.340072	0.939395	7.61026	13.4448	74.0271	
0.999208	0.0265928	-0.0296043	-0.0350939	0.939598	-0.340475	0.018762	0.341244	0.939787	7.64102	13.7817	74.9563	
0.999366	0.0350182	-0.00643577	-0.0351056	0.938972	-0.342199	-0.00594016	0.342208	0.939606	7.64736	14.1196	75.8856	
0.998915	0.0434647	0.0167212	-0.0350721	0.938343	-0.343921	-0.0306387	0.342962	0.93885	7.62927	14.4584	76.8145	
0.997855	0.0519273	0.0398525	-0.0349932	0.937714	-0.345642	-0.0553185	0.343507	0.93752	7.58677	14.7978	77.7423	
0.996188	0.0604007	0.0629439	-0.0348692	0.937083	-0.34736	-0.0799644	0.343841	0.935617	7.51987	15.1377	78.6685	
0.993913	0.0688797	0.0859813	-0.0346999	0.936452	-0.349074	-0.104562	0.343966	0.933142	7.42863	15.4778	79.5925	
0.991032	0.0773593	0.108951	-0.0344856	0.935821	-0.350783	-0.129095	0.34388	0.930097	7.3131	15.8179	80.5138	
0.987548	0.0858341	0.131838	-0.0342264	0.935191	-0.352486	-0.153549	0.343585	0.926484	7.17334	16.1579	81.4319	
0.983462	0.0942991	0.154629	-0.0339224	0.934561	-0.354182	-0.17791	0.343079	0.922304	7.00944	16.4974	82.346	
0.978777	0.102749	0.177311	-0.0335738	0.933932	-0.355869	-0.202161	0.342364	0.917561	6.82151	16.8363	83.2558	
0.973495	0.111179	0.199868	-0.0331808	0.933305	-0.357548	-0.226289	0.341439	0.912257	6.60965	17.1745	84.1606	
0.96762	0.119583	0.222288	-0.0327437	0.93268	-0.359216	-0.250279	0.340306	0.906395	6.374	17.5116	85.0598	
0.961155	0.127957	0.244556	-0.0322627	0.932057	-0.360872	-0.274116	0.338964	0.89998	6.11471	17.8474	85.953	
0.954105	0.136295	0.266659	-0.0317382	0.931437	-0.362517	-0.297786	0.337416	0.893014	5.83192	18.1819	86.8396	
0.946473	0.144592	0.288584	-0.0311704	0.930819	-0.364148	-0.321273	0.335661	0.885503	5.52581	18.5147	87.719	
0.938265	0.152844	0.310318	-0.0305597	0.930205	-0.365765	-0.344564	0.333701	0.87745	5.19658	18.8457	88.5908	
0.929485	0.161045	0.331845	-0.0299065	0.929595	-0.367367	-0.367645	0.331538	0.868861	4.84441	19.1746	89.4543	
0.920139	0.16919	0.353155	-0.0292111	0.928989	-0.368952	-0.3905	0.329171	0.859742	4.46953	19.5013	90.309	
0.910232	0.177274	0.374233	-0.0284741	0.928388	-0.37052	-0.413117	0.326604	0.850096	4.07217	19.8256	91.1545	
0.899771	0.185293	0.395068	-0.0276958	0.927791	-0.372071	-0.435482	0.323837	0.839932	3.65256	20.1472	91.9901	
0.888762	0.19324	0.415645	-0.0268767	0.9272	-0.373601	-0.457581	0.320872	0.829254	3.21097	20.466	92.8155	
0.877211	0.201113	0.435952	-0.0260173	0.926614	-0.375112	-0.479399	0.31771	0.818069	2.74766	20.7818	93.63	
