1	0	0	0	1	0	0	0	1	0	0	0	
0.999996	4.22858e-06	-0.00276572	4.22858e-06	0.999995	0.00305784	0.00276572	-0.00305784	0.999992	0.00120128	-0.00132815	0.868684	
0.999985	1.69369e-05	-0.00553588	1.69274e-05	0.999981	0.00611713	0.00553588	-0.00611713	0.999966	0.00480703	-0.00531324	1.73735	
0.999965	3.8156e-05	-0.00831038	3.81179e-05	0.999958	0.00917779	0.00831038	-0.00917779	0.999923	0.0108211	-0.0119565	2.60599	
0.999939	6.79163e-05	-0.0110892	6.7821e-05	0.999925	0.0122397	0.0110892	-0.0122397	0.999864	0.0192471	-0.0212591	3.47459	
0.999904	0.000106248	-0.0138721	0.000106057	0.999883	0.0153028	0.0138721	-0.0153028	0.999787	0.0300889	-0.033222	4.34313	
0.999861	0.00015318	-0.0166592	0.000152846	0.999831	0.018367	0.0166592	-0.018367	0.999693	0.04335	-0.0478462	5.21159	
0.999811	0.000208741	-0.0194502	0.000208206	0.99977	0.0214321	0.0194502	-0.0214321	0.999581	0.0590339	-0.0651327	6.07996	
0.999753	0.00027296	-0.0222452	0.000272156	0.9997	0.0244981	0.0222453	-0.0244981	0.999452	0.0771441	-0.0850822	6.94823	
0.999686	0.000345863	-0.0250441	0.000344714	0.99962	0.0275649	0.0250441	-0.0275649	0.999306	0.097684	-0.107695	7.81638	
0.999612	0.000427479	-0.0278467	0.000425898	0.999531	0.0306324	0.0278468	-0.0306323	0.999143	0.120657	-0.132973	8.68439	
0.99953	0.000517834	-0.030653	0.000515724	0.999432	0.0337004	0.0306531	-0.0337004	0.998962	0.146066	-0.160916	9.55226	
0.99944	0.000616953	-0.033463	0.000614207	0.999324	0.036769	0.033463	-0.0367689	0.998763	0.173914	-0.191524	10.42	
0.999342	0.000724861	-0.0362764	0.000721364	0.999206	0.0398379	0.0362764	-0.0398379	0.998547	0.204205	-0.224797	11.2875	
0.999235	0.000841585	-0.0390932	0.00083721	0.999079	0.0429072	0.0390933	-0.0429071	0.998314	0.236942	-0.260737	12.1548	
0.999121	0.000967147	-0.0419134	0.000961759	0.998942	0.0459766	0.0419136	-0.0459765	0.998063	0.272126	-0.299343	13.0219	
0.998998	0.00110157	-0.0447369	0.00109502	0.998796	0.0490461	0.0447371	-0.049046	0.997794	0.309763	-0.340616	13.8888	
0.998867	0.00124488	-0.0475636	0.00123702	0.99864	0.0521157	0.0475638	-0.0521155	0.997508	0.349853	-0.384554	14.7555	
0.998728	0.0013971	-0.0503933	0.00138776	0.998475	0.0551852	0.0503936	-0.0551849	0.997204	0.3924	-0.43116	15.6218	
0.998581	0.00155825	-0.0532261	0.00154725	0.998301	0.0582545	0.0532264	-0.0582542	0.996882	0.437407	-0.480431	16.488	
0.998426	0.00172835	-0.0560617	0.0017155	0.998116	0.0613235	0.0560621	-0.0613231	0.996542	0.484876	-0.532369	17.3538	
0.998262	0.00190742	-0.0589002	0.00189254	0.997923	0.0643921	0.0589007	-0.0643917	0.996185	0.534809	-0.586972	18.2193	
0.99809	0.00209549	-0.0617415	0.00207836	0.99772	0.0674603	0.0617421	-0.0674598	0.99581	0.58721	-0.644241	19.0845	
0.99791	0.00229257	-0.0645854	0.00227298	0.997507	0.0705279	0.0645861	-0.0705273	0.995417	0.64208	-0.704175	19.9494	
0.997721	0.00249868	-0.067432	0.0024764	0.997285	0.0735949	0.0674328	-0.0735941	0.995006	0.699421	-0.766773	20.8139	
0.997524	0.00271384	-0.070281	0.00268864	0.997054	0.0766611	0.070282	-0.0766602	0.994577	0.759237	-0.832036	21.6781	
0.997318	0.00293806	-0.0731324	0.0029097	0.996813	0.0797265	0.0731335	-0.0797254	0.99413	0.821528	-0.899961	22.5419	
0.997104	0.00317138	-0.0759862	0.00313958	0.996562	0.0827909	0.0759875	-0.0827897	0.993666	0.886298	-0.970548	23.4053	
0.996881	0.00341379	-0.0788422	0.00337831	0.996302	0.0858543	0.0788437	-0.0858529	0.993183	0.953548	-1.0438	24.2683	
0.99665	0.00366532	-0.0817003	0.00362588	0.996032	0.0889166	0.0817021	-0.088915	0.992683	1.02328	-1.11971	25.1308	
0.996411	0.00392599	-0.0845605	0.00388229	0.995754	0.0919777	0.0845625	-0.0919758	0.992164	1.0955	-1.19828	25.9929	
0.996162	0.00419581	-0.0874227	0.00414756	0.995465	0.0950374	0.087425	-0.0950353	0.991628	1.1702	-1.2795	26.8546	
0.995906	0.00447479	-0.0902868	0.00442169	0.995167	0.0980958	0.0902894	-0.0980934	0.991073	1.24739	-1.36339	27.7157	
0.99564	0.00476296	-0.0931527	0.00470468	0.99486	0.101153	0.0931557	-0.10115	0.9905	1.32707	-1.44993	28.5764	
0.995367	0.00506031	-0.0960204	0.00499654	0.994543	0.104208	0.0960237	-0.104205	0.989909	1.40923	-1.53912	29.4366	
0.995084	0.00536687	-0.0988896	0.00529727	0.994217	0.107262	0.0988934	-0.107258	0.989301	1.4939	-1.63097	30.2963	
0.994793	0.00568264	-0.10176	0.00560686	0.993881	0.110313	0.101765	-0.110309	0.988674	1.58105	-1.72547	31.1554	
0.994493	0.00600765	-0.104633	0.00592533	0.993536	0.113363	0.104637	-0.113359	0.988029	1.6707	-1.82262	32.0139	
0.994184	0.0063419	-0.107506	0.00625268	0.993181	0.116411	0.107512	-0.116407	0.987366	1.76285	-1.92241	32.8719	
0.993867	0.00668539	-0.110381	0.0065889	0.992817	0.119457	0.110387	-0.119452	0.986684	1.85749	-2.02486	33.7294	
0.993541	0.00703815	-0.113258	0.00693399	0.992444	0.122501	0.113264	-0.122495	0.985985	1.95463	-2.12995	34.5862	
0.993206	0.00740019	-0.116135	0.00728796	0.992061	0.125543	0.116142	-0.125536	0.985267	2.05427	-2.23768	35.4424	
0.992862	0.0077715	-0.119013	0.00765081	0.991669	0.128582	0.119021	-0.128575	0.984532	2.15641	-2.34805	36.2979	
0.99251	0.0081521	-0.121892	0.00802252	0.991268	0.131619	0.121901	-0.131611	0.983778	2.26106	-2.46106	37.1529	
0.992149	0.008542	-0.124772	0.00840311	0.990857	0.134653	0.124782	-0.134645	0.983006	2.3682	-2.57671	38.0071	
0.991779	0.0089412	-0.127653	0.00879257	0.990437	0.137685	0.127664	-0.137676	0.982216	2.47785	-2.69499	38.8607	
0.9914	0.00934972	-0.130535	0.00919089	0.990008	0.140714	0.130546	-0.140704	0.981407	2.59	-2.8159	39.7136	
0.991012	0.00976755	-0.133417	0.00959808	0.989569	0.143741	0.133429	-0.143729	0.980581	2.70466	-2.93944	40.5658	
0.990615	0.0101947	-0.1363	0.0100141	0.989121	0.146764	0.136313	-0.146752	0.979736	2.82182	-3.06561	41.4172	
0.99021	0.0106312	-0.139183	0.010439	0.988664	0.149785	0.139197	-0.149771	0.978873	2.94148	-3.1944	42.2679	
0.989795	0.011077	-0.142066	0.0108728	0.988197	0.152802	0.142082	-0.152788	0.977992	3.06366	-3.32582	43.1179	
0.989372	0.0115322	-0.14495	0.0113153	0.987721	0.155817	0.144967	-0.155801	0.977093	3.18834	-3.45985	43.9671	
0.988939	0.0119967	-0.147834	0.0117668	0.987236	0.158828	0.147852	-0.158811	0.976176	3.31552	-3.5965	44.8155	
0.988498	0.0124705	-0.150718	0.012227	0.986742	0.161836	0.150738	-0.161818	0.97524	3.44521	-3.73576	45.6631	
0.988048	0.0129537	-0.153602	0.0126961	0.986238	0.164841	0.153623	-0.164821	0.974286	3.57741	-3.87764	46.5098	
0.987589	0.0134462	-0.156485	0.013174	0.985726	0.167842	0.156509	-0.16782	0.973315	3.71211	-4.02212	47.3557	
0.987121	0.0139481	-0.159369	0.0136607	0.985204	0.170839	0.159394	-0.170816	0.972325	3.84932	-4.1692	48.2008	
0.986643	0.0144594	-0.162252	0.0141562	0.984673	0.173833	0.162279	-0.173808	0.971317	3.98904	-4.31889	49.045	
0.986157	0.01498	-0.165135	0.0146605	0.984133	0.176824	0.165164	-0.176797	0.970291	4.13126	-4.47117	49.8884	
0.985192	0.0159996	-0.170706	0.0149115	0.983868	0.178272	0.170804	-0.178178	0.969061	4.27719	-4.62535	50.7307	
0.984194	0.0170283	-0.176276	0.015172	0.9836	0.179726	0.176445	-0.179559	0.967794	4.42801	-4.78073	51.572	
0.983161	0.0180661	-0.181844	0.0154422	0.983328	0.181183	0.182086	-0.18094	0.966491	4.58374	-4.93732	52.4121	
0.982096	0.019113	-0.187411	0.0157219	0.983053	0.182644	0.187726	-0.182321	0.965152	4.74437	-5.0951	53.2511	
0.980996	0.0201688	-0.192975	0.0160113	0.982775	0.184109	0.193364	-0.1837	0.963776	4.90989	-5.25408	54.0889	
0.979863	0.0212336	-0.198537	0.0163102	0.982494	0.185577	0.199002	-0.185078	0.962364	5.08031	-5.41425	54.9255	
0.978697	0.0223074	-0.204095	0.0166188	0.98221	0.187047	0.204637	-0.186454	0.960916	5.25563	-5.57562	55.7609	
0.977497	0.0233899	-0.209649	0.016937	0.981923	0.18852	0.210269	-0.187828	0.959431	5.43584	-5.73819	56.595	
0.976263	0.0244813	-0.215199	0.0172648	0.981633	0.189994	0.215898	-0.1892	0.95791	5.62095	-5.90195	57.4278	
0.974996	0.0255814	-0.220745	0.0176022	0.98134	0.191471	0.221524	-0.190569	0.956353	5.81094	-6.0669	58.2592	
0.973695	0.0266903	-0.226285	0.0179491	0.981045	0.192949	0.227145	-0.191935	0.95476	6.00582	-6.23304	59.0893	
0.972361	0.0278077	-0.231819	0.0183056	0.980746	0.194427	0.232762	-0.193297	0.953131	6.20557	-6.40037	59.918	
0.970994	0.0289337	-0.237347	0.0186715	0.980445	0.195907	0.238374	-0.194656	0.951466	6.41021	-6.56887	60.7453	
0.969593	0.0300682	-0.242868	0.0190469	0.980141	0.197386	0.24398	-0.19601	0.949765	6.61972	-6.73855	61.571	
0.968159	0.0312111	-0.248382	0.0194317	0.979834	0.198866	0.24958	-0.19736	0.948029	6.83409	-6.90941	62.3953	
0.966692	0.0323624	-0.253888	0.0198258	0.979525	0.200345	0.255174	-0.198705	0.946257	7.05333	-7.08144	63.2181	
0.965192	0.033522	-0.259386	0.0202291	0.979213	0.201823	0.26076	-0.200045	0.94445	7.27742	-7.25464	64.0393	
0.963658	0.0346897	-0.264876	0.0206417	0.978899	0.2033	0.266339	-0.201379	0.942608	7.50636	-7.42899	64.859	
0.962092	0.0358656	-0.270356	0.0210634	0.978582	0.204776	0.27191	-0.202708	0.940731	7.74015	-7.60451	65.677	
0.960493	0.0370494	-0.275827	0.0214942	0.978263	0.206249	0.277473	-0.20403	0.938819	7.97877	-7.78117	66.4934	
0.958861	0.0382413	-0.281288	0.0219339	0.977942	0.207721	0.283027	-0.205345	0.936872	8.22222	-7.95898	67.3081	
0.957197	0.0394409	-0.286738	0.0223825	0.977619	0.20919	0.288571	-0.206654	0.934891	8.47049	-8.13793	68.121	
0.9555	0.0406483	-0.292177	0.0228399	0.977293	0.210656	0.294106	-0.207955	0.932875	8.72357	-8.31801	68.9323	
0.953771	0.0418634	-0.297605	0.023306	0.976966	0.212119	0.29963	-0.209249	0.930826	8.98146	-8.49922	69.7418	
0.947852	0.0457693	-0.315406	0.0201492	0.979049	0.202624	0.318072	-0.198413	0.927072	9.24977	-8.6763	70.5488	
0.941582	0.0494667	-0.333131	0.0168047	0.981021	0.19317	0.336364	-0.187483	0.922881	9.53403	-8.84391	71.3523	
0.934963	0.0529538	-0.350771	0.013274	0.982881	0.183761	0.354497	-0.176466	0.918255	9.83411	-9.002	72.152	
0.927998	0.0562289	-0.368319	0.00955881	0.984628	0.174401	0.372463	-0.165364	0.913195	10.1499	-9.15048	72.9476	
0.92069	0.0592906	-0.385765	0.0056609	0.986261	0.165095	0.390254	-0.154185	0.907705	10.4812	-9.28928	73.7385	
0.913043	0.0621374	-0.403102	0.00158209	0.98778	0.155848	0.40786	-0.142933	0.901787	10.8278	-9.41833	74.5245	
0.90506	0.0647679	-0.420322	-0.0026757	0.989183	0.146663	0.425275	-0.131614	0.895444	11.1897	-9.53759	75.3051	
0.896746	0.0671809	-0.437416	-0.00711046	0.99047	0.137545	0.442488	-0.120233	0.888678	11.5666	-9.64698	76.0801	
0.888104	0.0693752	-0.454377	-0.0117201	0.99164	0.128498	0.459493	-0.108795	0.881493	11.9584	-9.74646	76.8489	
0.879138	0.0713499	-0.471196	-0.0165024	0.992694	0.119527	0.476281	-0.0973051	0.873892	12.3649	-9.83598	77.6114	
0.869853	0.073104	-0.487865	-0.0214552	0.993629	0.110636	0.492845	-0.0857699	0.86588	12.7858	-9.9155	78.3671	
0.860252	0.0746367	-0.504376	-0.0265761	0.994447	0.101829	0.509176	-0.0741941	0.857459	13.2211	-9.98498	79.1157	
0.850341	0.0759472	-0.520723	-0.0318627	0.995146	0.0931098	0.525267	-0.0625834	0.848633	13.6704	-10.0444	79.8567	
0.840124	0.0770349	-0.536896	-0.0373124	0.995726	0.0844829	0.54111	-0.0509432	0.839407	14.1336	-10.0937	80.5899	
0.829605	0.0778993	-0.552889	-0.0429229	0.996187	0.0759524	0.556698	-0.0392789	0.829786	14.6104	-10.1329	81.315	
0.818791	0.0785401	-0.568694	-0.0486913	0.996529	0.0675223	0.572023	-0.0275962	0.819773	15.1007	-10.1619	82.0315	
0.807685	0.0789568	-0.584304	-0.0546149	0.996751	0.0591964	0.587079	-0.0159004	0.809373	15.6042	-10.1808	82.7391	
