1	0	0	0	1	0	0	0	1	0	0	0	
0.999991	-3.33007e-06	-0.0041505	-3.33007e-06	0.999999	-0.00160465	0.0041505	0.00160465	0.99999	0.0019128	0.000739517	0.921714	
0.999966	-1.33276e-05	-0.00830421	-1.33212e-05	0.999995	-0.00320901	0.00830421	0.00320901	0.99996	0.00765267	0.00295794	1.84341	
0.999922	-3.00015e-05	-0.012461	-2.99761e-05	0.999988	-0.00481302	0.012461	0.00481302	0.999911	0.0172225	0.00665496	2.76507	
0.999862	-5.33604e-05	-0.0166207	-5.32969e-05	0.999979	-0.00641664	0.0166207	0.00641664	0.999841	0.030625	0.0118303	3.68667	
0.999784	-8.34122e-05	-0.0207832	-8.32852e-05	0.999968	-0.0080198	0.0207832	0.0080198	0.999752	0.0478629	0.0184834	4.6082	
0.999689	-0.000120165	-0.0249483	-0.000119942	0.999954	-0.00962246	0.0249483	0.00962245	0.999642	0.0689387	0.026614	5.52964	
0.999576	-0.000163625	-0.029116	-0.000163269	0.999937	-0.0112246	0.029116	0.0112245	0.999513	0.0938547	0.0362216	6.45097	
0.999446	-0.000213799	-0.033286	-0.000213265	0.999918	-0.012826	0.033286	0.012826	0.999364	0.122613	0.0473055	7.37217	
0.999298	-0.000270693	-0.0374583	-0.00026993	0.999896	-0.0144269	0.0374583	0.0144268	0.999194	0.155216	0.0598652	8.29323	
0.999133	-0.000334314	-0.0416327	-0.000333263	0.999872	-0.0160269	0.0416327	0.0160269	0.999004	0.191666	0.0739001	9.21412	
0.99895	-0.000404666	-0.0458091	-0.000403264	0.999845	-0.0176263	0.0458091	0.0176262	0.998795	0.231965	0.0894095	10.1348	
0.99875	-0.000481754	-0.0499874	-0.000479931	0.999815	-0.0192248	0.0499874	0.0192247	0.998565	0.276113	0.106393	11.0553	
0.998532	-0.000565581	-0.0541673	-0.00056326	0.999783	-0.0208224	0.0541673	0.0208223	0.998315	0.324114	0.124849	11.9756	
0.998296	-0.000656153	-0.0583488	-0.000653251	0.999748	-0.0224191	0.0583488	0.022419	0.998044	0.375968	0.144777	12.8956	
0.998043	-0.000753472	-0.0625317	-0.000749898	0.999711	-0.0240148	0.0625318	0.0240147	0.997754	0.431677	0.166176	13.8154	
0.997772	-0.000857542	-0.066716	-0.0008532	0.999672	-0.0256094	0.066716	0.0256093	0.997443	0.491242	0.189046	14.7349	
0.997483	-0.000968363	-0.0709014	-0.000963151	0.999629	-0.027203	0.0709015	0.0272028	0.997112	0.554665	0.213385	15.6541	
0.997176	-0.00108594	-0.0750878	-0.00107975	0.999585	-0.0287954	0.0750879	0.0287952	0.996761	0.621945	0.239192	16.573	
0.996852	-0.00121027	-0.0792752	-0.00120298	0.999537	-0.0303867	0.0792753	0.0303864	0.99639	0.693085	0.266466	17.4916	
0.99651	-0.00134136	-0.0834632	-0.00133285	0.999488	-0.0319767	0.0834634	0.0319763	0.995998	0.768085	0.295207	18.4098	
0.99615	-0.00147921	-0.0876519	-0.00146935	0.999435	-0.0335654	0.0876521	0.0335649	0.995586	0.846945	0.325412	19.3276	
0.995772	-0.00162381	-0.0918411	-0.00161248	0.999381	-0.0351527	0.0918413	0.0351522	0.995153	0.929666	0.357081	20.2451	
0.995377	-0.00177517	-0.0960307	-0.00176221	0.999323	-0.0367387	0.0960309	0.036738	0.9947	1.01625	0.390212	21.1621	
0.994963	-0.00193329	-0.10022	-0.00191856	0.999264	-0.0383232	0.100221	0.0383224	0.994227	1.10669	0.424805	22.0788	
0.994532	-0.00209816	-0.10441	-0.0020815	0.999201	-0.0399061	0.104411	0.0399053	0.993733	1.201	0.460857	22.9949	
0.994083	-0.00226979	-0.1086	-0.00225104	0.999136	-0.0414876	0.1086	0.0414866	0.993219	1.29917	0.498367	23.9106	
0.993616	-0.00244817	-0.11279	-0.00242716	0.999069	-0.0430674	0.11279	0.0430662	0.992685	1.4012	0.537334	24.8259	
0.993131	-0.00263329	-0.116979	-0.00260986	0.998999	-0.0446456	0.116979	0.0446442	0.99213	1.50709	0.577756	25.7406	
0.992628	-0.00282516	-0.121168	-0.00279912	0.998927	-0.0462221	0.121168	0.0462205	0.991555	1.61684	0.619632	26.6548	
0.992107	-0.00302378	-0.125356	-0.00299494	0.998853	-0.0477968	0.125357	0.047795	0.99096	1.73045	0.66296	27.5684	
0.991569	-0.00322913	-0.129543	-0.0031973	0.998775	-0.0493697	0.129544	0.0493677	0.990344	1.84793	0.707738	28.4815	
0.991012	-0.00344122	-0.13373	-0.0034062	0.998696	-0.0509408	0.133731	0.0509385	0.989708	1.96926	0.753965	29.3941	
0.990437	-0.00366003	-0.137915	-0.00362161	0.998614	-0.05251	0.137916	0.0525073	0.989051	2.09445	0.801639	30.306	
0.989845	-0.00388557	-0.1421	-0.00384354	0.998529	-0.0540772	0.142101	0.0540742	0.988374	2.2235	0.850758	31.2173	
0.989234	-0.00411782	-0.146283	-0.00407197	0.998442	-0.0556424	0.146284	0.055639	0.987677	2.35641	0.90132	32.128	
0.988606	-0.00435679	-0.150465	-0.00430688	0.998353	-0.0572056	0.150466	0.0572018	0.986959	2.49317	0.953324	33.038	
0.987959	-0.00460247	-0.154645	-0.00454827	0.998261	-0.0587666	0.154647	0.0587624	0.986221	2.63378	1.00677	33.9474	
0.987295	-0.00485484	-0.158824	-0.00479612	0.998167	-0.0603255	0.158825	0.0603208	0.985462	2.77825	1.06165	34.856	
0.986613	-0.0051139	-0.163	-0.00505041	0.998071	-0.0618823	0.163002	0.061877	0.984683	2.92656	1.11796	35.764	
0.985913	-0.00537964	-0.167175	-0.00531114	0.997972	-0.0634367	0.167177	0.063431	0.983884	3.07873	1.17571	36.6712	
0.985194	-0.00565206	-0.171348	-0.00557828	0.99787	-0.0649889	0.17135	0.0649825	0.983065	3.23474	1.23489	37.5777	
0.984458	-0.00593115	-0.175518	-0.00585182	0.997767	-0.0665387	0.175521	0.0665317	0.982225	3.3946	1.2955	38.4835	
0.983704	-0.00621689	-0.179687	-0.00613175	0.997661	-0.0680862	0.17969	0.0680785	0.981365	3.5583	1.35754	39.3884	
0.982932	-0.00650928	-0.183852	-0.00641806	0.997552	-0.0696312	0.183856	0.0696227	0.980484	3.72585	1.421	40.2925	
0.982142	-0.0068083	-0.188015	-0.00671072	0.997441	-0.0711738	0.188019	0.0711645	0.979584	3.89723	1.48588	41.1958	
0.981335	-0.00711395	-0.192176	-0.00700971	0.997328	-0.0727138	0.19218	0.0727036	0.978663	4.07245	1.55219	42.0983	
0.980509	-0.00742622	-0.196333	-0.00731503	0.997213	-0.0742512	0.196337	0.0742402	0.977722	4.2515	1.61991	42.9999	
0.979666	-0.00774509	-0.200488	-0.00762665	0.997095	-0.075786	0.200492	0.075774	0.976761	4.43438	1.68904	43.9007	
0.978804	-0.00807056	-0.204639	-0.00794456	0.996975	-0.0773181	0.204644	0.0773051	0.975779	4.62109	1.75959	44.8005	
0.977925	-0.0084026	-0.208787	-0.00826873	0.996852	-0.0788476	0.208792	0.0788334	0.974777	4.81163	1.83155	45.6995	
0.977028	-0.00874121	-0.212932	-0.00859915	0.996728	-0.0803742	0.212937	0.0803589	0.973756	5.00599	1.90491	46.5975	
0.976113	-0.00908638	-0.217073	-0.00893581	0.996601	-0.0818981	0.217079	0.0818815	0.972714	5.20416	1.97968	47.4945	
0.97518	-0.00943809	-0.22121	-0.00927867	0.996471	-0.0834191	0.221217	0.0834012	0.971652	5.40616	2.05586	48.3906	
0.97423	-0.00979632	-0.225344	-0.00962773	0.99634	-0.0849372	0.225351	0.0849179	0.97057	5.61196	2.13343	49.2857	
0.973262	-0.0101611	-0.229474	-0.00998295	0.996206	-0.0864524	0.229481	0.0864316	0.969468	5.82158	2.2124	50.1798	
0.972276	-0.0105323	-0.233599	-0.0103443	0.99607	-0.0879646	0.233608	0.0879423	0.968346	6.035	2.29276	51.0728	
0.971272	-0.0109101	-0.237721	-0.0107118	0.995932	-0.0894737	0.23773	0.0894498	0.967204	6.25222	2.37451	51.9648	
0.970251	-0.0112943	-0.241838	-0.0110854	0.995791	-0.0909798	0.241848	0.0909541	0.966042	6.47323	2.45765	52.8558	
0.969212	-0.0116849	-0.245951	-0.0114651	0.995648	-0.0924828	0.245961	0.0924553	0.96486	6.69804	2.54218	53.7457	
0.968155	-0.012082	-0.250059	-0.0118509	0.995503	-0.0939826	0.25007	0.0939531	0.963659	6.92665	2.62808	54.6344	
0.967081	-0.0124855	-0.254162	-0.0122427	0.995356	-0.0954792	0.254174	0.0954477	0.962437	7.15903	2.71537	55.5221	
0.965682	-0.013001	-0.259403	-0.0118264	0.995509	-0.0939201	0.259459	0.0937647	0.961191	7.39574	2.80257	56.4086	
0.964252	-0.013508	-0.264644	-0.0114019	0.99566	-0.0923642	0.264743	0.0920798	0.959913	7.63733	2.88822	57.294	
0.962791	-0.0140063	-0.269883	-0.0109691	0.995808	-0.0908116	0.270024	0.0903929	0.958601	7.88378	2.97232	58.1781	
0.9613	-0.0144959	-0.275121	-0.010528	0.995953	-0.0892621	0.275301	0.0887042	0.957257	8.1351	3.05485	59.0611	
0.959779	-0.0149768	-0.280356	-0.0100788	0.996095	-0.0877158	0.280575	0.0870134	0.95588	8.39128	3.13583	59.9428	
0.958228	-0.0154488	-0.285588	-0.00962121	0.996234	-0.0861726	0.285844	0.0853207	0.95447	8.65232	3.21526	60.8232	
0.956646	-0.0159118	-0.290817	-0.0091554	0.99637	-0.0846326	0.291108	0.083626	0.953028	8.91821	3.29312	61.7023	
0.955035	-0.0163659	-0.29604	-0.00868133	0.996504	-0.0830957	0.296365	0.0819293	0.951554	9.18896	3.36942	62.58	
0.953394	-0.0168109	-0.301259	-0.008199	0.996635	-0.0815618	0.301616	0.0802306	0.950048	9.46454	3.44415	63.4564	
0.951723	-0.0172468	-0.306472	-0.00770839	0.996763	-0.080031	0.30686	0.0785298	0.948509	9.74496	3.51731	64.3314	
0.950023	-0.0176736	-0.311678	-0.00720949	0.996888	-0.0785033	0.312096	0.076827	0.946939	10.0302	3.58891	65.2049	
0.948294	-0.0180911	-0.316877	-0.00670232	0.99701	-0.0769785	0.317323	0.0751221	0.945338	10.3203	3.65894	66.077	
0.946536	-0.0184993	-0.322069	-0.00618684	0.99713	-0.0754567	0.32254	0.073415	0.943704	10.6152	3.72739	66.9476	
0.944748	-0.0188981	-0.327251	-0.00566307	0.997247	-0.0739378	0.327748	0.0717059	0.94204	10.9149	3.79427	67.8166	
0.942932	-0.0192876	-0.332425	-0.00513098	0.997361	-0.0724218	0.332945	0.0699946	0.940345	11.2194	3.85958	68.6841	
0.941088	-0.0196676	-0.337589	-0.00459058	0.997472	-0.0709087	0.33813	0.0682811	0.938619	11.5286	3.9233	69.5501	
0.939216	-0.0200381	-0.342742	-0.00404184	0.997581	-0.0693985	0.343304	0.0665655	0.936863	11.8427	3.98545	70.4144	
0.936289	-0.0205081	-0.35063	0.00340608	0.998777	-0.0493225	0.351213	0.0449859	0.935214	12.1628	4.03686	71.2772	
0.933297	-0.0207962	-0.358503	0.0110216	0.99951	-0.0292873	0.358936	0.0233824	0.933069	12.4901	4.06837	72.1383	
0.930241	-0.0209022	-0.366355	0.0188008	0.99978	-0.00930334	0.366468	0.00176659	0.930429	12.8244	4.07996	72.9971	
0.927121	-0.020826	-0.374182	0.0267394	0.999586	0.0106187	0.373806	-0.0198502	0.927294	13.1656	4.07163	73.8533	
0.923941	-0.0205677	-0.381981	0.0348333	0.998929	0.0304682	0.380945	-0.0414565	0.923668	13.5134	4.04337	74.7064	
0.920702	-0.0201274	-0.389748	0.0430781	0.997808	0.0502346	0.387882	-0.0630407	0.91955	13.8677	3.99521	75.5559	
0.917405	-0.0195053	-0.397478	0.0514695	0.996225	0.0699076	0.394614	-0.0845915	0.914945	14.2284	3.92717	76.4013	
0.914052	-0.0187018	-0.405167	0.060003	0.99418	0.0894765	0.401135	-0.106097	0.909854	14.5951	3.83929	77.2424	
0.910645	-0.0177173	-0.412811	0.0686741	0.991674	0.108931	0.407444	-0.127547	0.90428	14.9678	3.73161	78.0784	
0.907185	-0.0165524	-0.420406	0.0774782	0.988709	0.128261	0.413536	-0.148929	0.898225	15.3461	3.60418	78.9092	
0.903676	-0.0152076	-0.427948	0.0864106	0.985287	0.147456	0.419409	-0.170231	0.891694	15.73	3.45709	79.7341	
0.900117	-0.0136837	-0.435432	0.0954666	0.981408	0.166506	0.425059	-0.191444	0.884689	16.1192	3.2904	80.5528	
0.896513	-0.0119814	-0.442856	0.104641	0.977076	0.1854	0.430483	-0.212554	0.877214	16.5135	3.10421	81.3648	
0.892863	-0.0101017	-0.450215	0.11393	0.972292	0.204129	0.435679	-0.233552	0.869274	16.9127	2.89861	82.1698	
0.88917	-0.00804555	-0.457505	0.123328	0.967059	0.222683	0.440643	-0.254426	0.860872	17.3166	2.67371	82.9672	
0.885437	-0.00581408	-0.464723	0.132829	0.961379	0.241052	0.445373	-0.275165	0.852013	17.725	2.42963	83.7566	
0.881665	-0.00340846	-0.471864	0.14243	0.955257	0.259226	0.449867	-0.295758	0.842702	18.1376	2.1665	84.5376	
0.877856	-0.00082996	-0.478924	0.152124	0.948694	0.277195	0.454122	-0.316193	0.832943	18.5542	1.88447	85.3099	
0.874012	0.00192004	-0.4859	0.161907	0.941695	0.294951	0.458136	-0.336461	0.822742	18.9746	1.58367	86.073	
0.870135	0.00484009	-0.492789	0.171773	0.934264	0.312482	0.461907	-0.35655	0.812105	19.3986	1.26428	86.8264	
0.866228	0.00792864	-0.499586	0.181718	0.926403	0.329782	0.465433	-0.37645	0.801036	19.826	0.926455	87.5699	
