1	0	0	0	1	0	0	0	1	0	0	0	
1	1.32595e-06	0.000586482	1.32595e-06	0.99999	-0.0045217	-0.000586482	0.0045217	0.99999	-0.000239184	0.00184408	0.815654	
0.999999	5.29832e-06	0.00117211	5.30256e-06	0.999959	-0.00904406	-0.00117211	0.00904406	0.999958	-0.000956391	0.00737659	1.63129	
0.999998	1.19099e-05	0.00175688	1.19268e-05	0.999908	-0.013567	-0.00175688	0.013567	0.999906	-0.00215092	0.016598	2.44689	
0.999997	2.11533e-05	0.00234077	2.11957e-05	0.999836	-0.0180904	-0.00234077	0.0180904	0.999834	-0.00382206	0.0295088	3.26245	
0.999996	3.30212e-05	0.00292377	3.3106e-05	0.999744	-0.0226142	-0.00292377	0.0226142	0.99974	-0.00596909	0.0461093	4.07793	
0.999994	4.75062e-05	0.00350587	4.76546e-05	0.999632	-0.0271382	-0.00350587	0.0271382	0.999626	-0.00859129	0.0663998	4.89333	
0.999992	6.46006e-05	0.00408705	6.4838e-05	0.999499	-0.0316624	-0.00408705	0.0316624	0.99949	-0.0116879	0.0903804	5.70863	
0.999989	8.42968e-05	0.0046673	8.46531e-05	0.999345	-0.0361866	-0.00466729	0.0361866	0.999334	-0.0152582	0.118051	6.5238	
0.999986	0.000106587	0.00524661	0.000107096	0.999171	-0.0407108	-0.0052466	0.0407108	0.999157	-0.0193013	0.149412	7.33885	
0.999983	0.000131464	0.00582496	0.000132164	0.998976	-0.0452349	-0.00582494	0.0452349	0.998959	-0.0238166	0.184463	8.15374	
0.999979	0.00015892	0.00640234	0.000159853	0.998761	-0.0497587	-0.00640232	0.0497587	0.998741	-0.0288033	0.223204	8.96846	
0.999976	0.000188946	0.00697874	0.000190159	0.998526	-0.0542822	-0.00697871	0.0542822	0.998501	-0.0342604	0.265635	9.78299	
0.999971	0.000221534	0.00755415	0.000223079	0.998269	-0.0588052	-0.0075541	0.0588052	0.998241	-0.0401873	0.311756	10.5973	
0.999967	0.000256678	0.00812855	0.000258608	0.997993	-0.0633277	-0.00812849	0.0633277	0.99796	-0.0465832	0.361565	11.4114	
0.999962	0.000294368	0.00870193	0.000296744	0.997696	-0.0678495	-0.00870185	0.0678495	0.997658	-0.0534471	0.415063	12.2253	
0.999957	0.000334596	0.00927428	0.000337481	0.997378	-0.0723705	-0.00927418	0.0723705	0.997335	-0.0607782	0.472249	13.0389	
0.999951	0.000377354	0.00984558	0.000380816	0.997039	-0.0768907	-0.00984545	0.0768908	0.996991	-0.0685757	0.533122	13.8523	
0.999946	0.000422634	0.0104158	0.000426745	0.996681	-0.08141	-0.0104157	0.08141	0.996626	-0.0768388	0.597681	14.6653	
0.99994	0.000470427	0.010985	0.000475264	0.996301	-0.0859282	-0.0109848	0.0859282	0.996241	-0.0855665	0.665927	15.4781	
0.999933	0.000520724	0.0115531	0.000526368	0.995901	-0.0904452	-0.0115529	0.0904452	0.995834	-0.094758	0.737857	16.2905	
0.999926	0.000573519	0.0121201	0.000580053	0.995481	-0.094961	-0.0121198	0.094961	0.995407	-0.104412	0.813471	17.1026	
0.999919	0.0006288	0.012686	0.000636315	0.99504	-0.0994754	-0.0126856	0.0994754	0.994959	-0.114529	0.892768	17.9143	
0.999912	0.000686561	0.0132508	0.000695149	0.994578	-0.103988	-0.0132503	0.103988	0.99449	-0.125106	0.975746	18.7257	
0.999904	0.000746792	0.0138144	0.000756551	0.994096	-0.1085	-0.0138139	0.1085	0.994	-0.136144	1.0624	19.5366	
0.999896	0.000809484	0.0143769	0.000820515	0.993594	-0.113009	-0.0143763	0.113009	0.99349	-0.147641	1.15274	20.3472	
0.999888	0.000874629	0.0149383	0.000887038	0.99307	-0.117517	-0.0149376	0.117517	0.992958	-0.159596	1.24676	21.1573	
0.999879	0.000942217	0.0154985	0.000956115	0.992527	-0.122023	-0.0154976	0.122023	0.992406	-0.172008	1.34445	21.967	
0.999871	0.00101224	0.0160575	0.00102774	0.991963	-0.126527	-0.0160565	0.126528	0.991833	-0.184877	1.44582	22.7762	
0.999861	0.00108469	0.0166153	0.00110191	0.991378	-0.131029	-0.0166142	0.13103	0.991239	-0.198201	1.55086	23.585	
0.999852	0.00115955	0.0171719	0.00117862	0.990773	-0.135529	-0.0171706	0.135529	0.990625	-0.211979	1.65957	24.3932	
0.999842	0.00123683	0.0177273	0.00125786	0.990147	-0.140027	-0.0177259	0.140027	0.989989	-0.226211	1.77195	25.201	
0.999832	0.0013165	0.0182815	0.00133963	0.989501	-0.144522	-0.0182798	0.144522	0.989333	-0.240895	1.88799	26.0082	
0.999822	0.00139855	0.0188345	0.00142393	0.988834	-0.149015	-0.0188326	0.149015	0.988656	-0.256031	2.00771	26.8149	
0.999811	0.00148299	0.0193862	0.00151074	0.988147	-0.153505	-0.019384	0.153505	0.987958	-0.271617	2.13108	27.621	
0.9998	0.0015698	0.0199366	0.00160007	0.987439	-0.157992	-0.0199342	0.157993	0.987239	-0.287652	2.25812	28.4266	
0.999789	0.00165897	0.0204858	0.00169191	0.986711	-0.162477	-0.0204831	0.162477	0.9865	-0.304135	2.38882	29.2315	
0.999777	0.00175049	0.0210337	0.00178624	0.985962	-0.166959	-0.0210307	0.166959	0.985739	-0.321066	2.52317	30.0358	
0.999765	0.00184435	0.0215803	0.00188308	0.985193	-0.171438	-0.021577	0.171438	0.984959	-0.338442	2.66118	30.8396	
0.999753	0.00194054	0.0221256	0.0019824	0.984404	-0.175913	-0.0221219	0.175914	0.984157	-0.356264	2.80284	31.6426	
0.999741	0.00203905	0.0226696	0.00208422	0.983594	-0.180386	-0.0226655	0.180386	0.983335	-0.374529	2.94815	32.445	
0.999728	0.00213988	0.0232123	0.00218851	0.982763	-0.184855	-0.0232077	0.184856	0.982492	-0.393238	3.09711	33.2467	
0.999715	0.00224301	0.0237536	0.00229528	0.981913	-0.189321	-0.0237486	0.189322	0.981628	-0.412388	3.24971	34.0478	
0.999702	0.00234843	0.0242936	0.00240451	0.981041	-0.193784	-0.0242881	0.193784	0.980743	-0.431979	3.40595	34.8481	
0.999689	0.00245613	0.0248322	0.00251621	0.98015	-0.198242	-0.0248262	0.198243	0.979838	-0.452009	3.56583	35.6477	
0.999675	0.0025661	0.0253695	0.00263036	0.979238	-0.202698	-0.0253629	0.202698	0.978913	-0.472478	3.72934	36.4465	
0.999661	0.00267834	0.0259054	0.00274697	0.978306	-0.207149	-0.0258982	0.20715	0.977966	-0.493383	3.89649	37.2446	
0.999647	0.00279283	0.0264399	0.00286602	0.977353	-0.211596	-0.0264321	0.211597	0.976999	-0.514725	4.06727	38.0419	
0.999632	0.00290956	0.026973	0.00298751	0.97638	-0.21604	-0.0269645	0.216041	0.976012	-0.536502	4.24167	38.8384	
0.999617	0.00302852	0.0275047	0.00311143	0.975387	-0.220479	-0.0274954	0.220481	0.975004	-0.558712	4.4197	39.634	
0.999602	0.00314971	0.028035	0.00323778	0.974373	-0.224915	-0.0280249	0.224916	0.973975	-0.581355	4.60134	40.4289	
0.999587	0.00327311	0.0285638	0.00336654	0.973339	-0.229346	-0.028553	0.229347	0.972926	-0.604429	4.78661	41.2229	
0.999571	0.0033987	0.0290913	0.00349772	0.972285	-0.233772	-0.0290795	0.233774	0.971856	-0.627933	4.97548	42.016	
0.999555	0.00352649	0.0296172	0.00363131	0.971211	-0.238194	-0.0296046	0.238196	0.970766	-0.651866	5.16796	42.8083	
0.999539	0.00365646	0.0301417	0.0037673	0.970116	-0.242612	-0.0301281	0.242614	0.969655	-0.676227	5.36405	43.5996	
0.999523	0.00378859	0.0306648	0.00390568	0.969001	-0.247025	-0.0306501	0.247027	0.968524	-0.701014	5.56374	44.3901	
0.999506	0.00392289	0.0311864	0.00404645	0.967866	-0.251433	-0.0311706	0.251435	0.967372	-0.726226	5.76703	45.1796	
0.999506	0.003918	0.0311678	0.00428007	0.965953	-0.258682	-0.0311202	0.258688	0.96546	-0.75163	5.97507	45.9679	
0.999507	0.00391357	0.0311515	0.00451335	0.963985	-0.265918	-0.0310703	0.265927	0.963492	-0.776994	6.18903	46.7546	
0.999507	0.00390959	0.0311373	0.00474629	0.961963	-0.273139	-0.0310208	0.273153	0.96147	-0.802316	6.40888	47.5396	
0.999508	0.00390609	0.0311252	0.00497888	0.959886	-0.280346	-0.0309717	0.280363	0.959394	-0.827599	6.63462	48.323	
0.999508	0.00390307	0.031115	0.00521114	0.957755	-0.287539	-0.0309228	0.287559	0.957263	-0.852841	6.86624	49.1047	
0.999508	0.00390054	0.0311067	0.00544306	0.95557	-0.294715	-0.0308742	0.29474	0.955079	-0.878044	7.10371	49.8846	
0.999509	0.00389851	0.0311002	0.00567463	0.95333	-0.301876	-0.0308256	0.301905	0.95284	-0.903207	7.34704	50.6627	
0.999509	0.00389697	0.0310954	0.00590587	0.951037	-0.309021	-0.0307771	0.309053	0.950547	-0.92833	7.59621	51.4389	
0.999509	0.00389592	0.0310922	0.00613677	0.94869	-0.316149	-0.0307286	0.316185	0.9482	-0.953414	7.8512	52.2133	
0.999509	0.00389538	0.0310906	0.00636733	0.946289	-0.32326	-0.0306799	0.323299	0.945799	-0.978458	8.112	52.9857	
0.999509	0.00389533	0.0310905	0.00659754	0.943834	-0.330354	-0.0306311	0.330397	0.943345	-1.00346	8.3786	53.7562	
0.999509	0.00389577	0.0310917	0.00682741	0.941326	-0.337429	-0.030582	0.337476	0.940837	-1.02843	8.65098	54.5246	
0.999509	0.0038967	0.0310943	0.00705692	0.938765	-0.344486	-0.0305326	0.344536	0.938276	-1.05335	8.92912	55.291	
0.999509	0.00389811	0.031098	0.00728609	0.93615	-0.351524	-0.0304827	0.351578	0.935662	-1.07824	9.21302	56.0552	
0.999509	0.00389999	0.031103	0.00751489	0.933483	-0.358543	-0.0304324	0.358601	0.932995	-1.10308	9.50265	56.8173	
0.999508	0.00390233	0.031109	0.00774334	0.930762	-0.365543	-0.0303816	0.365604	0.930275	-1.12788	9.79801	57.5772	
0.999508	0.00390512	0.031116	0.00797141	0.927989	-0.372522	-0.0303301	0.372586	0.927502	-1.15264	10.0991	58.3349	
0.999508	0.00390835	0.031124	0.00819912	0.925164	-0.37948	-0.0302779	0.379549	0.924676	-1.17736	10.4058	59.0903	
0.999508	0.00391199	0.0311328	0.00842644	0.922285	-0.386418	-0.030225	0.38649	0.921798	-1.20203	10.7182	59.8433	
0.999507	0.00391605	0.0311424	0.00865337	0.919355	-0.393334	-0.0301712	0.39341	0.918868	-1.22666	11.0363	60.594	
0.999507	0.00392049	0.0311526	0.00887991	0.916372	-0.400228	-0.0301165	0.400308	0.915886	-1.25125	11.36	61.3422	
0.999507	0.0039253	0.0311635	0.00910605	0.913338	-0.407101	-0.0300608	0.407184	0.912852	-1.27579	11.6893	62.0881	
0.999506	0.00393045	0.0311749	0.00933178	0.910252	-0.41395	-0.0300041	0.414037	0.909766	-1.30029	12.0242	62.8314	
0.999506	0.00393593	0.0311869	0.00955709	0.907114	-0.420777	-0.0299462	0.420867	0.906628	-1.32474	12.3647	63.5722	
0.999505	0.0039417	0.0311992	0.00978197	0.903925	-0.42758	-0.0298871	0.427673	0.903439	-1.34914	12.7108	64.3104	
0.999505	0.00394775	0.0312118	0.0100064	0.900684	-0.434359	-0.0298267	0.434456	0.900199	-1.37349	13.0624	65.0459	
0.999505	0.00395404	0.0312247	0.0102304	0.897393	-0.441114	-0.029765	0.441214	0.896908	-1.3978	13.4195	65.7789	
0.999504	0.00396055	0.0312378	0.0104539	0.894051	-0.447844	-0.0297019	0.447948	0.893566	-1.42205	13.7821	66.5091	
0.999504	0.00396724	0.0312511	0.010677	0.890658	-0.454549	-0.0296373	0.454657	0.890173	-1.44625	14.1502	67.2365	
0.999503	0.00397409	0.0312644	0.0108995	0.887215	-0.461228	-0.0295712	0.46134	0.886731	-1.4704	14.5238	67.9612	
0.999503	0.00398106	0.0312776	0.0111216	0.883721	-0.467882	-0.0295034	0.467997	0.883237	-1.49449	14.9028	68.683	
0.999502	0.00398811	0.0312908	0.0113432	0.880177	-0.474509	-0.0294339	0.474628	0.879694	-1.51853	15.2873	69.402	
0.999598	0.00231254	0.0282584	0.0118975	0.870463	-0.49209	-0.0257359	0.492229	0.870085	-1.54103	15.6816	70.1157	
0.999681	0.000576319	0.02526	0.0123774	0.860396	-0.509475	-0.0220272	0.509625	0.860115	-1.56051	16.0902	70.8213	
0.999751	-0.00121983	0.0222967	0.0127827	0.849983	-0.526656	-0.0183094	0.526809	0.849786	-1.57696	16.5129	71.5187	
0.999808	-0.00307516	0.0193699	0.0131132	0.839226	-0.543625	-0.0145839	0.543774	0.839105	-1.59037	16.9495	72.2075	
0.999852	-0.0049889	0.0164806	0.0133688	0.82813	-0.560376	-0.0108524	0.560514	0.828074	-1.60075	17.3999	72.8874	
0.999883	-0.00696025	0.0136302	0.0135493	0.816701	-0.576903	-0.00711642	0.57702	0.816699	-1.60808	17.8638	73.5582	
0.999901	-0.0089884	0.0108198	0.0136548	0.804942	-0.593197	-0.00337744	0.593286	0.804985	-1.61236	18.3411	74.2196	
0.999906	-0.0110725	0.00805062	0.0136851	0.792858	-0.609252	0.000362945	0.609305	0.792936	-1.61358	18.8316	74.8713	
0.999899	-0.0132117	0.00532374	0.0136402	0.780456	-0.625062	0.00410318	0.625071	0.780557	-1.61176	19.335	75.5131	
0.999878	-0.0154051	0.00264034	0.0135202	0.767739	-0.64062	0.0078417	0.640578	0.767853	-1.60689	19.8512	76.1446	
0.999844	-0.0176517	1.51189e-06	0.0133251	0.754713	-0.65592	0.011577	0.655817	0.754831	-1.59897	20.3799	76.7656	
