1	0	0	0	1	0	0	0	1	0	0	0	
0.999986	-4.11509e-06	-0.00529714	-4.11509e-06	0.999999	-0.00155369	0.00529714	0.00155369	0.999985	0.00257233	0.000754485	0.971207	
0.999944	-1.64616e-05	-0.010594	-1.64652e-05	0.999995	-0.00310797	0.010594	0.00310797	0.999939	0.0102892	0.00301822	1.94238	
0.999874	-3.70422e-05	-0.0158904	-3.70563e-05	0.999989	-0.00466278	0.0158904	0.00466278	0.999863	0.0231502	0.00679176	2.9135	
0.999776	-6.5859e-05	-0.0211862	-6.58944e-05	0.999981	-0.00621809	0.0211862	0.00621809	0.999756	0.0411548	0.0120756	3.88453	
0.999649	-0.000102914	-0.0264812	-0.000102985	0.99997	-0.00777383	0.0264812	0.00777383	0.999619	0.0643024	0.0188702	4.85544	
0.999495	-0.00014821	-0.0317752	-0.000148334	0.999956	-0.00932996	0.0317752	0.00932996	0.999451	0.0925922	0.0271759	5.82621	
0.999313	-0.000201747	-0.0370682	-0.000201945	0.999941	-0.0108864	0.0370682	0.0108864	0.999253	0.126023	0.0369931	6.79679	
0.999102	-0.000263527	-0.0423599	-0.000263824	0.999923	-0.0124432	0.0423599	0.0124432	0.999025	0.164594	0.0483222	7.76717	
0.998864	-0.000333551	-0.0476502	-0.000333976	0.999902	-0.0140002	0.0476502	0.0140003	0.998766	0.208303	0.0611633	8.73731	
0.998598	-0.00041182	-0.0529389	-0.000412404	0.999879	-0.0155575	0.0529389	0.0155575	0.998477	0.25715	0.0755168	9.70719	
0.998303	-0.000498334	-0.0582259	-0.000499113	0.999853	-0.0171148	0.0582259	0.0171149	0.998157	0.311133	0.0913827	10.6768	
0.997981	-0.000593094	-0.0635109	-0.000594106	0.999825	-0.0186723	0.0635109	0.0186724	0.997806	0.370249	0.108761	11.646	
0.997631	-0.000696099	-0.0687939	-0.000697387	0.999795	-0.0202299	0.0687939	0.0202299	0.997426	0.434497	0.127652	12.6149	
0.997252	-0.00080735	-0.0740746	-0.000808959	0.999762	-0.0217874	0.0740746	0.0217875	0.997015	0.503875	0.148056	13.5834	
0.996846	-0.000926845	-0.0793529	-0.000928826	0.999727	-0.0233449	0.0793529	0.023345	0.996573	0.578381	0.169973	14.5515	
0.996412	-0.00105458	-0.0846287	-0.00105699	0.999689	-0.0249024	0.0846287	0.0249025	0.996101	0.658011	0.193402	15.5192	
0.99595	-0.00119057	-0.0899018	-0.00119345	0.999649	-0.0264596	0.0899018	0.0264598	0.995599	0.742765	0.218344	16.4864	
0.99546	-0.00133479	-0.095172	-0.00133822	0.999607	-0.0280167	0.0951719	0.0280169	0.995067	0.832638	0.244799	17.4531	
0.994942	-0.00148726	-0.100439	-0.00149129	0.999561	-0.0295736	0.100439	0.0295738	0.994504	0.927628	0.272765	18.4192	
0.994396	-0.00164796	-0.105703	-0.00165266	0.999514	-0.0311302	0.105703	0.0311304	0.99391	1.02773	0.302243	19.3848	
0.993823	-0.0018169	-0.110964	-0.00182234	0.999464	-0.0326864	0.110964	0.0326867	0.993287	1.13295	0.333234	20.3498	
0.993221	-0.00199407	-0.116221	-0.00200033	0.999412	-0.0342423	0.116221	0.0342427	0.992633	1.24327	0.365735	21.3142	
0.992592	-0.00217948	-0.121474	-0.00218662	0.999357	-0.0357978	0.121474	0.0357982	0.991949	1.3587	0.399747	22.2779	
0.991935	-0.00237311	-0.126724	-0.00238123	0.999299	-0.0373527	0.126723	0.0373533	0.991235	1.47922	0.43527	23.2409	
0.99125	-0.00257497	-0.131969	-0.00258415	0.999239	-0.0389072	0.131969	0.0389078	0.99049	1.60484	0.472303	24.2033	
0.990538	-0.00278505	-0.13721	-0.00279537	0.999177	-0.0404611	0.13721	0.0404618	0.989715	1.73556	0.510846	25.1649	
0.989798	-0.00300335	-0.142447	-0.00301491	0.999112	-0.0420143	0.142447	0.0420151	0.98891	1.87136	0.550897	26.1257	
0.98903	-0.00322986	-0.14768	-0.00324276	0.999045	-0.0435669	0.14768	0.0435679	0.988075	2.01225	0.592457	27.0858	
0.988234	-0.00346459	-0.152908	-0.00347891	0.998976	-0.0451188	0.152908	0.0451199	0.98721	2.15822	0.635524	28.045	
0.987411	-0.00370752	-0.158131	-0.00372337	0.998903	-0.0466699	0.158131	0.0466711	0.986315	2.30926	0.680098	29.0033	
0.98656	-0.00395865	-0.163349	-0.00397614	0.998829	-0.0482202	0.163349	0.0482216	0.985389	2.46537	0.726179	29.9608	
0.985682	-0.00421798	-0.168562	-0.00423721	0.998752	-0.0497696	0.168562	0.0497712	0.984434	2.62655	0.773765	30.9174	
0.984776	-0.00448551	-0.17377	-0.00450659	0.998672	-0.0513181	0.173769	0.0513199	0.983448	2.79279	0.822856	31.873	
0.983843	-0.00476121	-0.178972	-0.00478427	0.99859	-0.0528656	0.178971	0.0528677	0.982433	2.96408	0.87345	32.8276	
0.982882	-0.0050451	-0.184169	-0.00507025	0.998506	-0.0544122	0.184168	0.0544145	0.981387	3.14043	0.925547	33.7813	
0.981893	-0.00533717	-0.18936	-0.00536452	0.998419	-0.0559577	0.189359	0.0559603	0.980312	3.32181	0.979146	34.7339	
0.980877	-0.0056374	-0.194545	-0.00566709	0.998329	-0.057502	0.194544	0.0575049	0.979207	3.50824	1.03425	35.6855	
0.979834	-0.0059458	-0.199723	-0.00597795	0.998237	-0.0590452	0.199722	0.0590485	0.978072	3.6997	1.09084	36.6359	
0.978764	-0.00626235	-0.204896	-0.0062971	0.998143	-0.0605873	0.204895	0.0605909	0.976907	3.89618	1.14894	37.5853	
0.977666	-0.00658705	-0.210062	-0.00662453	0.998046	-0.062128	0.210061	0.062132	0.975712	4.09769	1.20854	38.5335	
0.976541	-0.00691989	-0.215222	-0.00696024	0.997947	-0.0636675	0.215221	0.0636719	0.974488	4.30421	1.26963	39.4805	
0.975388	-0.00726087	-0.220375	-0.00730422	0.997845	-0.0652056	0.220374	0.0652104	0.973233	4.51574	1.33221	40.4263	
0.974209	-0.00760997	-0.225521	-0.00765648	0.997741	-0.0667423	0.22552	0.0667476	0.971949	4.73227	1.39629	41.3709	
0.973002	-0.0079672	-0.23066	-0.00801701	0.997634	-0.0682775	0.230658	0.0682834	0.970636	4.95379	1.46187	42.3143	
0.971768	-0.00833253	-0.235792	-0.00838579	0.997525	-0.0698113	0.23579	0.0698177	0.969293	5.1803	1.52893	43.2563	
0.970507	-0.00870597	-0.240917	-0.00876284	0.997413	-0.0713435	0.240915	0.0713505	0.96792	5.41179	1.59748	44.197	
0.969219	-0.0090875	-0.246034	-0.00914813	0.997299	-0.0728741	0.246031	0.0728817	0.966518	5.64826	1.66752	45.1364	
0.967904	-0.00947711	-0.251143	-0.00954168	0.997183	-0.0744031	0.251141	0.0744114	0.965086	5.88969	1.73905	46.0744	
0.966561	-0.0098748	-0.256245	-0.00994346	0.997064	-0.0759304	0.256242	0.0759394	0.963625	6.13608	1.81206	47.011	
0.965193	-0.0102806	-0.261338	-0.0103535	0.996942	-0.077456	0.261335	0.0774657	0.962135	6.38741	1.88655	47.9462	
0.963797	-0.0106944	-0.266424	-0.0107717	0.996818	-0.0789797	0.266421	0.0789902	0.960615	6.6437	1.96253	48.8799	
0.962374	-0.0111162	-0.271501	-0.0111982	0.996692	-0.0805016	0.271498	0.080513	0.959065	6.90491	2.03999	49.8121	
0.960924	-0.0115461	-0.27657	-0.0116329	0.996563	-0.0820217	0.276566	0.0820339	0.957487	7.17106	2.11892	50.7428	
0.959448	-0.0119841	-0.28163	-0.0120757	0.996431	-0.0835398	0.281626	0.083553	0.955879	7.44212	2.19933	51.6719	
0.957945	-0.01243	-0.286682	-0.0125268	0.996297	-0.0850559	0.286677	0.0850701	0.954243	7.71809	2.28122	52.5995	
0.956416	-0.0128839	-0.291724	-0.0129861	0.996161	-0.08657	0.29172	0.0865853	0.952577	7.99897	2.36457	53.5255	
0.95486	-0.0133459	-0.296758	-0.0134535	0.996022	-0.088082	0.296753	0.0880984	0.950882	8.28473	2.4494	54.4498	
0.953277	-0.0138158	-0.301782	-0.0139292	0.995881	-0.0895919	0.301777	0.0896095	0.949158	8.57538	2.5357	55.3725	
0.951668	-0.0142937	-0.306797	-0.014413	0.995737	-0.0910996	0.306792	0.0911184	0.947405	8.87091	2.62346	56.2934	
0.950032	-0.0147795	-0.311803	-0.0149049	0.995591	-0.0926051	0.311797	0.0926252	0.945623	9.1713	2.71269	57.2127	
0.94837	-0.0152733	-0.316798	-0.015405	0.995443	-0.0941083	0.316792	0.0941298	0.943813	9.47655	2.80338	58.1302	
0.946682	-0.0157751	-0.321784	-0.0159132	0.995292	-0.0956092	0.321778	0.0956321	0.941973	9.78664	2.89553	59.046	
0.944762	-0.0163554	-0.327348	-0.0175708	0.994791	-0.100414	0.327285	0.100619	0.939553	10.1018	2.99083	59.9597	
0.942809	-0.0169657	-0.332902	-0.0192563	0.994264	-0.105206	0.332777	0.1056	0.937074	10.4224	3.09097	60.871	
0.940821	-0.017606	-0.338446	-0.0209696	0.993712	-0.109985	0.338254	0.110573	0.934536	10.7482	3.19594	61.7799	
0.9388	-0.0182762	-0.343978	-0.0227105	0.993135	-0.11475	0.343714	0.115539	0.93194	11.0794	3.30575	62.6862	
0.936745	-0.0189763	-0.349499	-0.024479	0.992532	-0.1195	0.349156	0.120496	0.929285	11.4159	3.42037	63.5901	
0.934656	-0.0197062	-0.355006	-0.0262749	0.991905	-0.124236	0.354581	0.125446	0.926572	11.7576	3.5398	64.4913	
0.932534	-0.0204658	-0.360501	-0.0280981	0.991252	-0.128957	0.359986	0.130387	0.923802	12.1046	3.66403	65.3898	
0.93038	-0.0212551	-0.36598	-0.0299486	0.990574	-0.133664	0.365372	0.135319	0.920974	12.4568	3.79306	66.2857	
0.928193	-0.0220738	-0.371445	-0.0318261	0.989871	-0.138354	0.370736	0.140241	0.918089	12.8143	3.92688	67.1787	
0.925973	-0.022922	-0.376893	-0.0337305	0.989143	-0.143029	0.37608	0.145154	0.915147	13.177	4.06547	68.069	
0.923722	-0.0237995	-0.382324	-0.0356618	0.988391	-0.147688	0.381401	0.150057	0.912149	13.5448	4.20882	68.9563	
0.921438	-0.0247061	-0.387738	-0.0376197	0.987613	-0.152331	0.386699	0.15495	0.909096	13.9178	4.35694	69.8407	
0.919707	-0.0254494	-0.39178	-0.0468866	0.983636	-0.173962	0.389796	0.178363	0.903463	14.2949	4.5188	70.721	
0.917962	-0.0262968	-0.395795	-0.0562246	0.9791	-0.195453	0.392663	0.201672	0.897298	14.6749	4.70336	71.5955	
0.916205	-0.0272479	-0.399782	-0.0656283	0.97401	-0.21679	0.395299	0.224861	0.890605	15.0575	4.9105	72.4637	
0.914437	-0.0283021	-0.403738	-0.0750921	0.968368	-0.237961	0.397701	0.247918	0.883386	15.4426	5.14009	73.3252	
0.912658	-0.0294589	-0.40766	-0.0846105	0.962177	-0.258954	0.399869	0.270829	0.875646	15.83	5.39201	74.1795	
0.910871	-0.0307174	-0.411547	-0.0941778	0.955441	-0.279756	0.401802	0.29358	0.86739	16.2193	5.66611	75.0259	
0.909075	-0.032077	-0.415396	-0.103788	0.948164	-0.300354	0.403498	0.316158	0.858623	16.6103	5.96221	75.8641	
0.907272	-0.0335369	-0.419204	-0.113437	0.940351	-0.320738	0.404955	0.338549	0.84935	17.003	6.28016	76.6936	
0.905464	-0.0350963	-0.42297	-0.123117	0.932005	-0.340894	0.406175	0.360741	0.839576	17.3969	6.61975	77.5138	
0.90365	-0.0367541	-0.426692	-0.132823	0.923133	-0.36081	0.407154	0.382721	0.829307	17.7918	6.9808	78.3242	
0.901833	-0.0385094	-0.430366	-0.14255	0.913738	-0.380476	0.407894	0.404475	0.818549	18.1877	7.36309	79.1245	
0.900012	-0.0403612	-0.433991	-0.152292	0.903827	-0.39988	0.408393	0.42599	0.807309	18.5841	7.76639	79.9141	
0.898191	-0.0423084	-0.437566	-0.162043	0.893406	-0.419009	0.408651	0.447254	0.795593	18.9808	8.19046	80.6925	
0.896368	-0.0443499	-0.441087	-0.171797	0.88248	-0.437853	0.408669	0.468255	0.783407	19.3778	8.63506	81.4593	
0.894546	-0.0464844	-0.444552	-0.181549	0.871056	-0.456401	0.408445	0.488979	0.77076	19.7746	9.09992	82.214	
0.892725	-0.0487107	-0.44796	-0.191292	0.859141	-0.474641	0.407981	0.509416	0.757659	20.1711	9.58477	82.9563	
0.890908	-0.0510274	-0.451309	-0.201021	0.846742	-0.492564	0.407276	0.529552	0.744111	20.567	10.0893	83.6856	
0.889093	-0.0534333	-0.454596	-0.210731	0.833865	-0.510158	0.406332	0.549375	0.730124	20.9621	10.6133	84.4015	
0.887284	-0.0559268	-0.45782	-0.220416	0.82052	-0.527412	0.405147	0.568875	0.715707	21.3562	11.1563	85.1037	
0.88548	-0.0585066	-0.460979	-0.230069	0.806713	-0.544318	0.403724	0.58804	0.700868	21.749	11.7182	85.7916	
0.883683	-0.061171	-0.464071	-0.239685	0.792453	-0.560865	0.402063	0.606858	0.685616	22.1403	12.2985	86.4649	
0.881895	-0.0639186	-0.467094	-0.249259	0.777748	-0.577042	0.400165	0.625318	0.669959	22.5299	12.8968	87.1232	
0.880115	-0.0667477	-0.470046	-0.258785	0.762607	-0.592842	0.398031	0.64341	0.653908	22.9175	13.513	87.7661	
0.878345	-0.0696566	-0.472925	-0.268257	0.747038	-0.608253	0.395662	0.661122	0.637471	23.3029	14.1465	88.3933	
0.876586	-0.0726437	-0.475731	-0.27767	0.731051	-0.623268	0.39306	0.678444	0.620659	23.686	14.797	89.0042	
