1	0	0	0	1	0	0	0	1	0	0	0	
1	1.10838e-07	0.00025297	1.10838e-07	1	-0.000876292	-0.00025297	0.000876292	1	-0.00012821	0.000444121	1.01364	
1	4.43842e-07	0.000506198	4.43921e-07	0.999998	-0.00175379	-0.000506198	0.00175379	0.999998	-0.00051297	0.00177709	2.02727	
1	9.99733e-07	0.000759668	1.00005e-06	0.999997	-0.00263243	-0.000759668	0.00263243	0.999996	-0.00115453	0.00400011	3.04091	
0.999999	1.77919e-06	0.00101337	1.77998e-06	0.999994	-0.0035122	-0.00101337	0.0035122	0.999993	-0.00205314	0.00711432	4.05454	
0.999999	2.78284e-06	0.00126729	2.78442e-06	0.99999	-0.00439303	-0.00126729	0.00439303	0.99999	-0.00320902	0.0111208	5.06816	
0.999999	4.01128e-06	0.00152141	4.01405e-06	0.999986	-0.00527488	-0.00152141	0.00527488	0.999985	-0.00462239	0.0160207	6.08179	
0.999998	5.46505e-06	0.00177573	5.46949e-06	0.999981	-0.00615771	-0.00177573	0.00615771	0.999979	-0.00629344	0.0218149	7.09541	
0.999998	7.14466e-06	0.00203022	7.15132e-06	0.999975	-0.00704148	-0.00203022	0.00704148	0.999973	-0.00822237	0.0285045	8.10902	
0.999997	9.05055e-06	0.00228488	9.06008e-06	0.999969	-0.00792614	-0.00228488	0.00792614	0.999966	-0.0104093	0.0360904	9.12262	
0.999997	1.11831e-05	0.0025397	1.11963e-05	0.999961	-0.00881165	-0.0025397	0.00881165	0.999958	-0.0128545	0.0445734	10.1362	
0.999996	1.35428e-05	0.00279465	1.35603e-05	0.999953	-0.00969795	-0.00279465	0.00969795	0.999949	-0.0155581	0.0539544	11.1498	
0.999995	1.61298e-05	0.00304973	1.61526e-05	0.999944	-0.010585	-0.00304973	0.010585	0.999939	-0.0185201	0.0642342	12.1634	
0.999995	1.89445e-05	0.00330493	1.89736e-05	0.999934	-0.0114728	-0.00330493	0.0114728	0.999929	-0.0217408	0.0754135	13.177	
0.999994	2.19871e-05	0.00356022	2.20235e-05	0.999924	-0.0123612	-0.00356022	0.0123612	0.999917	-0.0252202	0.087493	14.1905	
0.999993	2.52578e-05	0.00381561	2.53026e-05	0.999912	-0.0132503	-0.00381561	0.0132503	0.999905	-0.0289584	0.100473	15.2041	
0.999992	2.87567e-05	0.00407107	2.88111e-05	0.9999	-0.01414	-0.00407107	0.01414	0.999892	-0.0329555	0.114355	16.2176	
0.999991	3.24839e-05	0.00432659	3.25493e-05	0.999887	-0.0150301	-0.00432659	0.0150301	0.999878	-0.0372116	0.129139	17.2311	
0.99999	3.64395e-05	0.00458216	3.65172e-05	0.999873	-0.0159208	-0.00458216	0.0159208	0.999863	-0.0417267	0.144826	18.2446	
0.999988	4.06235e-05	0.00483776	4.07149e-05	0.999859	-0.0168119	-0.00483776	0.0168119	0.999847	-0.0465009	0.161415	19.2581	
0.999987	4.50358e-05	0.00509339	4.51425e-05	0.999843	-0.0177034	-0.00509339	0.0177034	0.99983	-0.0515341	0.178908	20.2716	
0.999986	4.96763e-05	0.00534904	4.98e-05	0.999827	-0.0185953	-0.00534903	0.0185953	0.999813	-0.0568266	0.197305	21.285	
0.999984	5.4545e-05	0.00560467	5.46873e-05	0.99981	-0.0194875	-0.00560467	0.0194875	0.999794	-0.0623781	0.216606	22.2985	
0.999983	5.96416e-05	0.0058603	5.98043e-05	0.999792	-0.0203799	-0.0058603	0.02038	0.999775	-0.0681888	0.236812	23.3119	
0.999981	6.4966e-05	0.00611589	6.5151e-05	0.999774	-0.0212726	-0.00611589	0.0212726	0.999755	-0.0742585	0.257922	24.3253	
0.99998	7.05178e-05	0.00637145	7.0727e-05	0.999754	-0.0221655	-0.00637145	0.0221655	0.999734	-0.0805873	0.279937	25.3387	
0.999978	7.62968e-05	0.00662695	7.65323e-05	0.999734	-0.0230584	-0.00662695	0.0230584	0.999712	-0.0871751	0.302858	26.352	
0.999976	8.23025e-05	0.00688238	8.25664e-05	0.999713	-0.0239515	-0.00688238	0.0239515	0.999689	-0.0940219	0.326683	27.3654	
0.999975	8.85347e-05	0.00713774	8.88292e-05	0.999691	-0.0248446	-0.00713773	0.0248446	0.999666	-0.101128	0.351414	28.3787	
0.999973	9.49928e-05	0.007393	9.53201e-05	0.999669	-0.0257377	-0.00739299	0.0257377	0.999641	-0.108492	0.37705	29.392	
0.999971	0.000101676	0.00764816	0.000102039	0.999645	-0.0266308	-0.00764815	0.0266308	0.999616	-0.116115	0.403591	30.4052	
0.999969	0.000108585	0.00790319	0.000108985	0.999621	-0.0275237	-0.00790319	0.0275237	0.99959	-0.123997	0.431038	31.4185	
0.999967	0.000115718	0.0081581	0.000116158	0.999596	-0.0284165	-0.0081581	0.0284165	0.999563	-0.132137	0.459389	32.4317	
0.999965	0.000123074	0.00841287	0.000123557	0.99957	-0.0293092	-0.00841286	0.0293092	0.999535	-0.140535	0.488646	33.4448	
0.999962	0.000130654	0.00866748	0.000131182	0.999544	-0.0302016	-0.00866747	0.0302016	0.999506	-0.149192	0.518807	34.458	
0.99996	0.000138456	0.00892192	0.000139032	0.999516	-0.0310937	-0.00892191	0.0310937	0.999477	-0.158107	0.549872	35.4711	
0.999958	0.000146479	0.00917618	0.000147107	0.999488	-0.0319856	-0.00917617	0.0319856	0.999446	-0.167279	0.581842	36.4842	
0.999956	0.000154724	0.00943024	0.000155405	0.999459	-0.032877	-0.00943023	0.032877	0.999415	-0.176709	0.614716	37.4973	
0.999953	0.000163188	0.0096841	0.000163926	0.99943	-0.0337681	-0.00968408	0.0337681	0.999383	-0.186397	0.648493	38.5103	
0.999951	0.000171871	0.00993773	0.000172669	0.999399	-0.0346587	-0.00993772	0.0346587	0.99935	-0.196341	0.683173	39.5233	
0.999948	0.000180773	0.0101911	0.000181634	0.999368	-0.0355488	-0.0101911	0.0355488	0.999316	-0.206543	0.718755	40.5362	
0.999945	0.000189891	0.0104443	0.000190818	0.999336	-0.0364384	-0.0104443	0.0364384	0.999281	-0.217001	0.755239	41.5492	
0.999943	0.000199226	0.0106972	0.000200223	0.999303	-0.0373274	-0.0106972	0.0373274	0.999246	-0.227716	0.792625	42.5621	
0.99994	0.000208776	0.0109498	0.000209845	0.999269	-0.0382157	-0.0109498	0.0382157	0.99921	-0.238687	0.830912	43.5749	
0.999937	0.000218539	0.0112022	0.000219685	0.999235	-0.0391034	-0.0112022	0.0391034	0.999172	-0.249914	0.870099	44.5877	
0.999934	0.000228516	0.0114542	0.000229741	0.9992	-0.0399903	-0.0114542	0.0399904	0.999134	-0.261397	0.910185	45.6005	
0.999931	0.000238704	0.011706	0.000240013	0.999164	-0.0408765	-0.011706	0.0408766	0.999096	-0.273135	0.95117	46.6132	
0.999928	0.000249102	0.0119574	0.000250498	0.999128	-0.0417619	-0.0119574	0.0417619	0.999056	-0.285128	0.993052	47.6259	
0.999925	0.00025971	0.0122085	0.000261196	0.99909	-0.0426465	-0.0122085	0.0426465	0.999016	-0.297376	1.03583	48.6386	
0.999922	0.000270525	0.0124593	0.000272106	0.999052	-0.0435301	-0.0124592	0.0435301	0.998974	-0.309878	1.07951	49.6512	
0.999919	0.000281547	0.0127097	0.000283226	0.999013	-0.0444128	-0.0127096	0.0444128	0.998932	-0.322634	1.12408	50.6638	
0.999916	0.000292774	0.0129597	0.000294555	0.998974	-0.0452946	-0.0129596	0.0452946	0.99889	-0.335644	1.16954	51.6763	
0.999913	0.000304204	0.0132093	0.000306091	0.998933	-0.0461752	-0.0132093	0.0461753	0.998846	-0.348906	1.2159	52.6888	
0.999909	0.000315837	0.0134586	0.000317834	0.998892	-0.0470549	-0.0134585	0.0470549	0.998802	-0.362422	1.26315	53.7013	
0.999906	0.00032767	0.0137074	0.000329781	0.99885	-0.0479334	-0.0137074	0.0479334	0.998756	-0.37619	1.3113	54.7137	
0.999903	0.000339702	0.0139559	0.000341931	0.998808	-0.0488107	-0.0139558	0.0488107	0.998711	-0.390211	1.36033	55.726	
0.999899	0.000351931	0.0142038	0.000354283	0.998765	-0.0496868	-0.0142038	0.0496869	0.998664	-0.404482	1.41025	56.7383	
0.999896	0.000364356	0.0144514	0.000366835	0.998721	-0.0505617	-0.0144513	0.0505617	0.998616	-0.419005	1.46106	57.7506	
0.999892	0.000376976	0.0146985	0.000379586	0.998676	-0.0514353	-0.0146984	0.0514353	0.998568	-0.433779	1.51275	58.7628	
0.999888	0.000389787	0.0149451	0.000392533	0.998631	-0.0523076	-0.0149451	0.0523076	0.998519	-0.448803	1.56533	59.7749	
0.999885	0.00040279	0.0151913	0.000405675	0.998585	-0.0531785	-0.0151912	0.0531785	0.998469	-0.464076	1.61879	60.7871	
0.999881	0.000415981	0.0154369	0.000419011	0.998538	-0.0540479	-0.0154368	0.0540479	0.998419	-0.479599	1.67313	61.7991	
0.999877	0.000429359	0.0156821	0.000432538	0.998491	-0.0549159	-0.015682	0.0549159	0.998368	-0.495371	1.72836	62.8111	
0.999873	0.000442922	0.0159267	0.000446255	0.998443	-0.0557824	-0.0159266	0.0557824	0.998316	-0.511391	1.78446	63.8231	
0.999869	0.000456668	0.0161708	0.00046016	0.998394	-0.0566473	-0.0161707	0.0566473	0.998263	-0.527658	1.84144	64.835	
0.999802	0.000667361	0.0198983	0.000452189	0.998419	-0.0562062	-0.0199043	0.056204	0.998221	-0.545942	1.89864	65.8468	
0.999721	0.000876376	0.0236252	0.000442545	0.998444	-0.055764	-0.0236373	0.0557589	0.998164	-0.568009	1.95538	66.8586	
0.999625	0.0010837	0.0273514	0.000431218	0.998469	-0.0553207	-0.0273695	0.0553118	0.998094	-0.593861	2.01168	67.8704	
0.999516	0.00128933	0.0310769	0.000418195	0.998493	-0.0548761	-0.0311008	0.0548626	0.998009	-0.623494	2.06752	68.882	
0.999393	0.00149325	0.0348016	0.000403463	0.998517	-0.0544301	-0.0348313	0.0544112	0.997911	-0.65691	2.1229	69.8936	
0.999256	0.00169545	0.0385253	0.000387006	0.998542	-0.0539826	-0.0385607	0.0539574	0.997798	-0.694107	2.17782	70.9051	
0.999105	0.00189593	0.042248	0.000368809	0.998566	-0.0535335	-0.042289	0.0535012	0.997672	-0.735083	2.23228	71.9164	
0.99782	0.00305997	0.0659197	-0.000111741	0.999001	-0.0446818	-0.0659906	0.0445771	0.996824	-0.789964	2.28199	72.9273	
0.995973	0.00401184	0.0895637	-0.000802482	0.999357	-0.0358405	-0.0896499	0.0356243	0.995336	-0.868849	2.32264	73.937	
0.993565	0.00475093	0.113165	-0.00170297	0.999634	-0.0270153	-0.113252	0.0266487	0.993209	-0.971689	2.35421	74.9449	
0.990597	0.00527676	0.136708	-0.00281262	0.99983	-0.0182117	-0.136781	0.017656	0.990444	-1.09842	2.37666	75.9503	
0.987072	0.00558899	0.160178	-0.00413073	0.999947	-0.00943553	-0.160222	0.0086519	0.987043	-1.24895	2.39	76.9526	
0.982992	0.00568743	0.183559	-0.00565646	0.999984	-0.000692343	-0.18356	-0.000357726	0.983008	-1.42319	2.3942	77.9511	
0.978359	0.00557201	0.206837	-0.00738881	0.999941	0.00801223	-0.20678	-0.00936712	0.978343	-1.62104	2.38927	78.9452	
0.973177	0.00524281	0.229997	-0.00932667	0.999818	0.0166726	-0.229868	-0.0183705	0.973048	-1.84235	2.37521	79.9343	
0.967448	0.00470003	0.253024	-0.0114688	0.999615	0.0252832	-0.252808	-0.0273621	0.967129	-2.08699	2.35203	80.9176	
0.961177	0.00394403	0.275904	-0.0138139	0.999332	0.0338385	-0.275586	-0.0363361	0.960589	-2.35481	2.31975	81.8947	
0.954367	0.00297529	0.29862	-0.0163603	0.99897	0.042333	-0.298187	-0.0452868	0.953433	-2.64562	2.27838	82.8648	
0.947023	0.00179443	0.32116	-0.0191065	0.998528	0.0507613	-0.320596	-0.0542084	0.945664	-2.95925	2.22795	83.8274	
0.93915	0.00040221	0.343507	-0.0220506	0.998007	0.059118	-0.342799	-0.0630952	0.937287	-3.29549	2.16849	84.7817	
0.930752	-0.00120047	0.365649	-0.0251909	0.997408	0.0673976	-0.364782	-0.0719415	0.928309	-3.65412	2.10005	85.7273	
0.921835	-0.00301259	0.387571	-0.0285253	0.996731	0.0755948	-0.386531	-0.0807415	0.918735	-4.03492	2.02266	86.6635	
0.912405	-0.00503298	0.409258	-0.0320516	0.995975	0.0837045	-0.408032	-0.0894898	0.908571	-4.43764	1.93638	87.5896	
0.902467	-0.00726035	0.430697	-0.0357676	0.995142	0.0917214	-0.429271	-0.0981806	0.897823	-4.86202	1.84126	88.5052	
0.892029	-0.00969326	0.451875	-0.0396709	0.994232	0.0996403	-0.450234	-0.106808	0.886499	-5.3078	1.73737	89.4096	
0.881096	-0.0123302	0.472776	-0.043759	0.993246	0.107456	-0.470908	-0.115367	0.874606	-5.77467	1.62476	90.3022	
0.869676	-0.0151693	0.493389	-0.0480292	0.992185	0.115164	-0.49128	-0.123852	0.862151	-6.26236	1.50351	91.1824	
0.857777	-0.018209	0.5137	-0.0524789	0.991048	0.122759	-0.511336	-0.132258	0.849143	-6.77053	1.3737	92.0498	
0.845405	-0.0214471	0.533695	-0.0571051	0.989837	0.130236	-0.531064	-0.140579	0.835589	-7.29886	1.23542	92.9037	
0.832569	-0.0248817	0.553362	-0.0619049	0.988553	0.13759	-0.550451	-0.148809	0.821498	-7.84702	1.08874	93.7436	
0.819277	-0.0285106	0.572688	-0.0668752	0.987196	0.144817	-0.569484	-0.156944	0.80688	-8.41466	0.933772	94.5689	
0.805538	-0.0323313	0.591662	-0.0720129	0.985767	0.151912	-0.588152	-0.164978	0.791745	-9.0014	0.770607	95.3792	
0.79136	-0.0363415	0.61027	-0.0773146	0.984268	0.15887	-0.606442	-0.172906	0.7761	-9.60687	0.599352	96.1738	
0.776752	-0.0405385	0.6285	-0.0827768	0.982698	0.165687	-0.624343	-0.180723	0.759957	-10.2307	0.420117	96.9524	
0.761724	-0.0449197	0.646342	-0.0883962	0.98106	0.172358	-0.641843	-0.188424	0.743327	-10.8725	0.233017	97.7143	
