1	0	0	0	1	0	0	0	1	0	0	0	
0.999993	-6.51635e-06	-0.00371736	-6.51635e-06	0.999994	-0.00350588	0.00371736	0.00350588	0.999987	0.00167376	0.00157853	0.900501	
0.999972	-2.60616e-05	-0.00743352	-2.60698e-05	0.999975	-0.00701283	0.00743352	0.00701283	0.999948	0.00669448	0.00631462	1.80098	
0.999938	-5.86316e-05	-0.0111484	-5.86647e-05	0.999945	-0.0105208	0.0111484	0.0105208	0.999883	0.015061	0.0142092	2.70141	
0.99989	-0.000104222	-0.0148618	-0.000104305	0.999902	-0.0140296	0.0148618	0.0140296	0.999791	0.0267722	0.0252631	3.60177	
0.999827	-0.000162829	-0.0185737	-0.000162994	0.999846	-0.0175393	0.0185737	0.0175393	0.999674	0.0418266	0.0394771	4.50204	
0.999752	-0.000234446	-0.0222841	-0.000234735	0.999778	-0.0210496	0.022284	0.0210496	0.99953	0.060223	0.0568519	5.40218	
0.999662	-0.000319069	-0.0259927	-0.000319531	0.999698	-0.0245606	0.0259927	0.0245606	0.99936	0.0819598	0.0773881	6.30219	
0.999559	-0.000416691	-0.0296995	-0.000417385	0.999606	-0.0280721	0.0296995	0.0280721	0.999165	0.107035	0.101086	7.20203	
0.999442	-0.000527306	-0.0334044	-0.000528298	0.999501	-0.031584	0.0334044	0.031584	0.998943	0.135448	0.127946	8.10169	
0.999311	-0.000650909	-0.0371074	-0.000652273	0.999384	-0.0350963	0.0371074	0.0350963	0.998695	0.167196	0.15797	9.00113	
0.999167	-0.000787492	-0.0408082	-0.00078931	0.999254	-0.0386088	0.0408082	0.0386088	0.998421	0.202278	0.191156	9.90034	
0.999009	-0.000937048	-0.0445069	-0.000939411	0.999112	-0.0421215	0.0445069	0.0421215	0.998121	0.240691	0.227505	10.7993	
0.998837	-0.00109957	-0.0482033	-0.00110258	0.998958	-0.0456342	0.0482032	0.0456343	0.997795	0.282434	0.267017	11.698	
0.998652	-0.00127505	-0.0518973	-0.00127881	0.998791	-0.0491469	0.0518972	0.049147	0.997442	0.327505	0.309693	12.5963	
0.998453	-0.00146348	-0.0555888	-0.0014681	0.998611	-0.0526594	0.0555887	0.0526595	0.997064	0.375901	0.355531	13.4944	
0.99824	-0.00166485	-0.0592778	-0.00167046	0.99842	-0.0561718	0.0592776	0.0561719	0.99666	0.42762	0.404533	14.392	
0.998014	-0.00187915	-0.0629641	-0.00188588	0.998216	-0.0596838	0.0629639	0.059684	0.99623	0.48266	0.456698	15.2893	
0.997774	-0.00210637	-0.0666476	-0.00211437	0.997999	-0.0631954	0.0666473	0.0631956	0.995773	0.541017	0.512025	16.1862	
0.997521	-0.00234651	-0.0703282	-0.00235592	0.99777	-0.0667065	0.0703279	0.0667068	0.995291	0.602691	0.570514	17.0827	
0.997254	-0.00259954	-0.0740059	-0.00261052	0.997528	-0.070217	0.0740055	0.0702174	0.994783	0.667678	0.632164	17.9788	
0.996974	-0.00286548	-0.0776806	-0.00287818	0.997274	-0.0737268	0.0776801	0.0737273	0.994249	0.735975	0.696976	18.8743	
0.99668	-0.00314429	-0.0813521	-0.0031589	0.997008	-0.0772358	0.0813515	0.0772364	0.993688	0.807579	0.764948	19.7694	
0.996373	-0.00343597	-0.0850203	-0.00345267	0.996729	-0.080744	0.0850196	0.0807447	0.993102	0.882488	0.836079	20.664	
0.996053	-0.00374052	-0.0886852	-0.00375948	0.996437	-0.0842512	0.0886844	0.084252	0.99249	0.960699	0.91037	21.558	
0.995719	-0.00405791	-0.0923467	-0.00407934	0.996134	-0.0877573	0.0923458	0.0877583	0.991852	1.04221	0.987818	22.4514	
0.995371	-0.00438813	-0.0960046	-0.00441225	0.995817	-0.0912622	0.0960035	0.0912634	0.991188	1.12701	1.06842	23.3443	
0.99501	-0.00473118	-0.099659	-0.00475818	0.995488	-0.0947659	0.0996577	0.0947673	0.990499	1.21511	1.15218	24.2366	
0.994636	-0.00508704	-0.10331	-0.00511715	0.995147	-0.0982683	0.103308	0.0982698	0.989783	1.3065	1.2391	25.1282	
0.994249	-0.0054557	-0.106956	-0.00548914	0.994793	-0.101769	0.106955	0.101771	0.989042	1.40117	1.32917	26.0192	
0.993848	-0.00583713	-0.110599	-0.00587416	0.994426	-0.105269	0.110597	0.105271	0.988274	1.49912	1.42239	26.9095	
0.993434	-0.00623134	-0.114238	-0.00627219	0.994048	-0.108766	0.114236	0.108769	0.987481	1.60035	1.51876	27.7991	
0.993007	-0.00663831	-0.117873	-0.00668322	0.993656	-0.112262	0.11787	0.112265	0.986663	1.70486	1.61828	28.6879	
0.992566	-0.00705801	-0.121503	-0.00710726	0.993252	-0.115757	0.121501	0.11576	0.985818	1.81264	1.72095	29.576	
0.992112	-0.00749044	-0.12513	-0.0075443	0.992836	-0.119249	0.125126	0.119252	0.984948	1.92368	1.82677	30.4634	
0.991645	-0.00793559	-0.128752	-0.00799432	0.992407	-0.122739	0.128748	0.122743	0.984052	2.03799	1.93573	31.3499	
0.991165	-0.00839342	-0.132369	-0.00845732	0.991965	-0.126227	0.132365	0.126232	0.98313	2.15556	2.04783	32.2357	
0.990672	-0.00886394	-0.135982	-0.00893329	0.991511	-0.129713	0.135977	0.129718	0.982183	2.27638	2.16307	33.1206	
0.990165	-0.00934712	-0.13959	-0.00942223	0.991045	-0.133197	0.139585	0.133202	0.98121	2.40045	2.28145	34.0046	
0.989646	-0.00984295	-0.143194	-0.00992412	0.990566	-0.136678	0.143188	0.136684	0.980212	2.52777	2.40297	34.8877	
0.989113	-0.0103514	-0.146792	-0.010439	0.990074	-0.140157	0.146786	0.140164	0.979187	2.65833	2.52762	35.7699	
0.988568	-0.0108725	-0.150386	-0.0109667	0.98957	-0.143633	0.150379	0.14364	0.978138	2.79213	2.6554	36.6512	
0.988009	-0.0114061	-0.153975	-0.0115074	0.989054	-0.147107	0.153967	0.147115	0.977063	2.92917	2.78632	37.5316	
0.987437	-0.0119524	-0.157558	-0.012061	0.988525	-0.150578	0.15755	0.150586	0.975962	3.06943	2.92036	38.4109	
0.986853	-0.0125112	-0.161136	-0.0126276	0.987983	-0.154046	0.161127	0.154055	0.974836	3.21291	3.05752	39.2893	
0.986255	-0.0130825	-0.164709	-0.013207	0.987429	-0.157511	0.164699	0.157521	0.973684	3.35962	3.19781	40.1666	
0.985645	-0.0136664	-0.168277	-0.0137993	0.986862	-0.160973	0.168266	0.160984	0.972507	3.50954	3.34122	41.0429	
0.985022	-0.0142627	-0.171839	-0.0144044	0.986283	-0.164432	0.171827	0.164444	0.971305	3.66267	3.48774	41.9181	
0.984386	-0.0148716	-0.175396	-0.0150225	0.985692	-0.167887	0.175383	0.167901	0.970077	3.819	3.63738	42.7922	
0.983737	-0.0154929	-0.178946	-0.0156533	0.985088	-0.171339	0.178932	0.171354	0.968825	3.97853	3.79013	43.6652	
0.983075	-0.0161266	-0.182492	-0.016297	0.984471	-0.174788	0.182476	0.174804	0.967546	4.14126	3.94599	44.5371	
0.982401	-0.0167728	-0.186031	-0.0169536	0.983842	-0.178234	0.186014	0.178251	0.966243	4.30717	4.10496	45.4078	
0.981714	-0.0174313	-0.189564	-0.0176229	0.983201	-0.181675	0.189546	0.181694	0.964914	4.47627	4.26702	46.2773	
0.981014	-0.0181023	-0.193091	-0.018305	0.982547	-0.185114	0.193072	0.185133	0.96356	4.64854	4.43219	47.1456	
0.980301	-0.0187856	-0.196613	-0.0189999	0.98188	-0.188548	0.196592	0.188569	0.962182	4.82399	4.60045	48.0127	
0.979576	-0.0194812	-0.200127	-0.0197076	0.981201	-0.191978	0.200105	0.192001	0.960777	5.0026	4.7718	48.8785	
0.978838	-0.0201892	-0.203636	-0.020428	0.98051	-0.195405	0.203612	0.195429	0.959348	5.18438	4.94625	49.743	
0.978088	-0.0209094	-0.207138	-0.0211612	0.979806	-0.198827	0.207113	0.198853	0.957894	5.36931	5.12377	50.6063	
0.977325	-0.0216419	-0.210634	-0.021907	0.97909	-0.202245	0.210607	0.202274	0.956415	5.55739	5.30438	51.4682	
0.97655	-0.0223867	-0.214123	-0.0226656	0.978361	-0.205659	0.214094	0.205689	0.954911	5.74861	5.48807	52.3288	
0.975762	-0.0231436	-0.217606	-0.0234369	0.97762	-0.209068	0.217574	0.209101	0.953382	5.94297	5.67483	53.188	
0.974537	-0.0243234	-0.222902	-0.024819	0.976289	-0.215044	0.222847	0.215101	0.950826	6.14127	5.86583	54.0454	
0.973283	-0.0255364	-0.228183	-0.0262342	0.97492	-0.221004	0.228104	0.221085	0.948204	6.34432	6.06222	54.9004	
0.972	-0.0267828	-0.233449	-0.0276824	0.973514	-0.226947	0.233344	0.227055	0.945514	6.55209	6.264	55.7531	
0.970688	-0.0280622	-0.238701	-0.0291635	0.97207	-0.232873	0.238569	0.233009	0.942758	6.76457	6.47115	56.6033	
0.969346	-0.0293747	-0.243937	-0.0306774	0.970588	-0.238783	0.243776	0.238946	0.939935	6.98175	6.68365	57.451	
0.967976	-0.0307201	-0.249156	-0.0322241	0.96907	-0.244674	0.248966	0.244868	0.937046	7.20361	6.90149	58.2961	
0.966577	-0.0320984	-0.254359	-0.0338034	0.967514	-0.250548	0.254138	0.250772	0.934092	7.43013	7.12465	59.1386	
0.965149	-0.0335094	-0.259546	-0.0354152	0.965921	-0.256403	0.259293	0.256659	0.931071	7.66131	7.35312	59.9784	
0.963693	-0.0349529	-0.264715	-0.0370594	0.964291	-0.26224	0.264428	0.262529	0.927985	7.89711	7.58689	60.8154	
0.962209	-0.036429	-0.269866	-0.038736	0.962624	-0.268057	0.269545	0.26838	0.924834	8.13754	7.82594	61.6497	
0.960696	-0.0379374	-0.274999	-0.0404447	0.96092	-0.273855	0.274642	0.274214	0.921618	8.38256	8.07024	62.481	
0.959155	-0.039478	-0.280114	-0.0421856	0.95918	-0.279633	0.279719	0.280028	0.918336	8.63216	8.31979	63.3095	
0.957586	-0.0410508	-0.285209	-0.0439584	0.957403	-0.285391	0.284776	0.285823	0.914991	8.88633	8.57457	64.135	
0.955989	-0.0426555	-0.290286	-0.0457632	0.955589	-0.291128	0.289812	0.291599	0.91158	9.14504	8.83456	64.9574	
0.954364	-0.0442921	-0.295342	-0.0475996	0.953739	-0.296844	0.294827	0.297355	0.908106	9.40828	9.09974	65.7767	
0.952712	-0.0459604	-0.300379	-0.0494678	0.951853	-0.302539	0.299821	0.303091	0.904568	9.67602	9.37009	66.5929	
0.951032	-0.0476603	-0.305394	-0.0513674	0.94993	-0.308211	0.304793	0.308806	0.900966	9.94825	9.6456	67.4058	
0.949326	-0.0493916	-0.310389	-0.0532985	0.947971	-0.313862	0.309742	0.314501	0.897301	10.225	9.92625	68.2155	
0.947591	-0.0511542	-0.315363	-0.0552608	0.945977	-0.31949	0.314669	0.320173	0.893573	10.5061	10.212	69.0218	
0.9434	-0.0554517	-0.326987	-0.0611296	0.939959	-0.335768	0.325973	0.336753	0.883368	10.7946	10.5078	69.8219	
0.939063	-0.0599649	-0.338475	-0.067204	0.933639	-0.351855	0.337113	0.353161	0.872715	11.0931	10.8185	70.6127	
0.93458	-0.0646917	-0.349821	-0.0734809	0.92702	-0.367743	0.348081	0.369391	0.861621	11.4017	11.1438	71.3936	
0.929956	-0.0696296	-0.361018	-0.0799571	0.920105	-0.383424	0.358873	0.385433	0.850089	11.72	11.4837	72.1643	
0.925191	-0.0747762	-0.372062	-0.0866295	0.912898	-0.398889	0.369482	0.40128	0.838127	12.0479	11.8379	72.9245	
0.920288	-0.0801287	-0.382947	-0.0934944	0.905402	-0.414132	0.379905	0.416924	0.82574	12.3854	12.2063	73.6737	
0.915251	-0.0856845	-0.393667	-0.100549	0.897622	-0.429143	0.390135	0.432357	0.812934	12.7321	12.5887	74.4115	
0.910081	-0.0914408	-0.404217	-0.107788	0.889562	-0.443916	0.400168	0.44757	0.799717	13.0879	12.9849	75.1376	
0.904781	-0.0973947	-0.414591	-0.11521	0.881224	-0.458444	0.409997	0.462556	0.786094	13.4527	13.3947	75.8517	
0.899354	-0.103543	-0.424784	-0.12281	0.872614	-0.472718	0.419619	0.477308	0.772073	13.8263	13.8179	76.5533	
0.893802	-0.109883	-0.434791	-0.130584	0.863736	-0.486731	0.429028	0.491819	0.75766	14.2084	14.2543	77.2421	
0.888129	-0.116411	-0.444607	-0.138529	0.854595	-0.500477	0.43822	0.506079	0.742864	14.5989	14.7036	77.9177	
0.882337	-0.123124	-0.454227	-0.14664	0.845194	-0.513949	0.44719	0.520084	0.727691	14.9976	15.1657	78.5799	
0.876429	-0.130018	-0.463646	-0.154913	0.83554	-0.527139	0.455933	0.533825	0.712149	15.4042	15.6402	79.2282	
0.870408	-0.137091	-0.47286	-0.163345	0.825636	-0.540041	0.464445	0.547295	0.696247	15.8186	16.127	79.8624	
0.864277	-0.144338	-0.481863	-0.17193	0.815487	-0.552648	0.472721	0.560488	0.679991	16.2406	16.6258	80.482	
0.85804	-0.151755	-0.490651	-0.180665	0.8051	-0.564955	0.480758	0.573397	0.663391	16.6699	17.1364	81.0869	
0.851698	-0.15934	-0.49922	-0.189544	0.794479	-0.576954	0.488552	0.586015	0.646455	17.1064	17.6584	81.6767	
0.845257	-0.167088	-0.507565	-0.198565	0.783629	-0.58864	0.496097	0.598337	0.629191	17.5498	18.1917	82.2511	
0.838719	-0.174995	-0.515682	-0.207721	0.772557	-0.600007	0.503392	0.610355	0.611608	17.9998	18.736	82.8098	
