1	0	0	0	1	0	0	0	1	0	0	0	
0.999995	-4.28724e-07	-0.0032097	-4.28724e-07	1	-0.000267143	0.0032097	0.000267143	0.999995	0.0013544	0.000112726	0.843938	
0.999979	-1.71881e-06	-0.00642615	-1.71938e-06	1	-0.000535026	0.00642615	0.000535026	0.999979	0.00542043	0.000451217	1.68787	
0.999953	-3.87621e-06	-0.00964925	-3.8785e-06	1	-0.000803641	0.00964925	0.000803641	0.999953	0.0122038	0.00101609	2.53178	
0.999917	-6.90682e-06	-0.0128789	-6.91256e-06	0.999999	-0.00107298	0.0128789	0.00107298	0.999916	0.02171	0.00180797	3.37566	
0.99987	-1.08165e-05	-0.016115	-1.0828e-05	0.999999	-0.00134304	0.016115	0.00134304	0.999869	0.0339445	0.00282746	4.21951	
0.999813	-1.56109e-05	-0.0193574	-1.5631e-05	0.999999	-0.0016138	0.0193574	0.0016138	0.999811	0.0489128	0.00407516	5.06332	
0.999744	-2.12957e-05	-0.022606	-2.1328e-05	0.999998	-0.00188526	0.022606	0.00188526	0.999743	0.0666201	0.00555165	5.90707	
0.999666	-2.78766e-05	-0.0258607	-2.79252e-05	0.999998	-0.00215741	0.0258607	0.00215741	0.999663	0.0870716	0.00725754	6.75076	
0.999576	-3.5359e-05	-0.0291215	-3.54286e-05	0.999997	-0.00243025	0.0291215	0.00243025	0.999573	0.110272	0.0091934	7.59438	
0.999475	-4.37485e-05	-0.0323881	-4.38444e-05	0.999996	-0.00270376	0.0323881	0.00270376	0.999472	0.136228	0.0113598	8.43792	
0.999364	-5.30504e-05	-0.0356605	-5.31784e-05	0.999996	-0.00297793	0.0356605	0.00297794	0.99936	0.164942	0.0137573	9.28136	
0.999242	-6.327e-05	-0.0389386	-6.34368e-05	0.999995	-0.00325277	0.0389386	0.00325277	0.999236	0.196421	0.0163865	10.1247	
0.999108	-7.44125e-05	-0.0422223	-7.46252e-05	0.999994	-0.00352825	0.0422223	0.00352825	0.999102	0.230668	0.0192479	10.9679	
0.998964	-8.64832e-05	-0.0455114	-8.67496e-05	0.999993	-0.00380437	0.0455114	0.00380438	0.998957	0.267689	0.022342	11.8111	
0.998808	-9.94871e-05	-0.0488059	-9.98155e-05	0.999992	-0.00408112	0.0488059	0.00408113	0.9988	0.307488	0.0256695	12.6541	
0.998642	-0.000113429	-0.0521056	-0.000113829	0.99999	-0.0043585	0.0521056	0.00435851	0.998632	0.35007	0.0292307	13.4969	
0.998464	-0.000128314	-0.0554105	-0.000128795	0.999989	-0.00463649	0.0554105	0.0046365	0.998453	0.395439	0.0330264	14.3396	
0.998274	-0.000144148	-0.0587203	-0.000144719	0.999988	-0.00491509	0.0587203	0.0049151	0.998262	0.443598	0.0370569	15.1822	
0.998074	-0.000160934	-0.0620351	-0.000161607	0.999986	-0.00519428	0.0620351	0.0051943	0.99806	0.494554	0.0413227	16.0246	
0.997862	-0.000178678	-0.0653547	-0.000179465	0.999985	-0.00547406	0.0653547	0.00547409	0.997847	0.548308	0.0458245	16.8668	
0.997639	-0.000197383	-0.068679	-0.000198296	0.999983	-0.00575443	0.068679	0.00575446	0.997622	0.604866	0.0505626	17.7088	
0.997404	-0.000217056	-0.0720079	-0.000218108	0.999982	-0.00603536	0.0720079	0.0060354	0.997386	0.664232	0.0555375	18.5506	
0.997158	-0.0002377	-0.0753412	-0.000238904	0.99998	-0.00631686	0.0753412	0.0063169	0.997138	0.726409	0.0607498	19.3923	
0.9969	-0.000259319	-0.0786789	-0.000260689	0.999978	-0.00659891	0.0786789	0.00659896	0.996878	0.791401	0.0661999	20.2337	
0.996631	-0.000281919	-0.0820209	-0.00028347	0.999976	-0.0068815	0.0820209	0.00688156	0.996607	0.859211	0.0718883	21.0749	
0.99635	-0.000305502	-0.0853671	-0.000307251	0.999974	-0.00716463	0.085367	0.00716471	0.996324	0.929844	0.0778154	21.9158	
0.996057	-0.000330074	-0.0887172	-0.000332036	0.999972	-0.00744829	0.0887172	0.00744838	0.996029	1.0033	0.0839817	22.7566	
0.995752	-0.000355639	-0.0920713	-0.00035783	0.99997	-0.00773247	0.0920713	0.00773257	0.995722	1.07959	0.0903876	23.597	
0.995436	-0.0003822	-0.0954293	-0.000384639	0.999968	-0.00801716	0.0954292	0.00801727	0.995404	1.15871	0.0970336	24.4372	
0.995108	-0.000409762	-0.0987909	-0.000412466	0.999965	-0.00830235	0.0987909	0.00830248	0.995074	1.24066	0.10392	25.2771	
0.994768	-0.000438328	-0.102156	-0.000441316	0.999963	-0.00858803	0.102156	0.00858818	0.994731	1.32546	0.111047	26.1168	
0.994417	-0.000467903	-0.105525	-0.000471194	0.999961	-0.00887419	0.105525	0.00887436	0.994377	1.41309	0.118416	26.9561	
0.994053	-0.000498489	-0.108897	-0.000502105	0.999958	-0.00916083	0.108897	0.00916103	0.994011	1.50357	0.126026	27.7952	
0.993677	-0.000530091	-0.112272	-0.000534051	0.999955	-0.00944793	0.112272	0.00944815	0.993633	1.5969	0.133879	28.6339	
0.99329	-0.000562712	-0.115651	-0.000567038	0.999952	-0.00973549	0.115651	0.00973574	0.993242	1.69308	0.141974	29.4723	
0.99289	-0.000596356	-0.119033	-0.000601071	0.99995	-0.0100235	0.119033	0.0100238	0.99284	1.79211	0.150312	30.3103	
0.992479	-0.000631026	-0.122417	-0.000636152	0.999947	-0.0103119	0.122417	0.0103123	0.992425	1.89399	0.158893	31.1481	
0.992055	-0.000666725	-0.125805	-0.000672286	0.999944	-0.0106008	0.125805	0.0106012	0.991998	1.99873	0.167718	31.9854	
0.991619	-0.000703457	-0.129195	-0.000709477	0.99994	-0.0108901	0.129195	0.0108905	0.991559	2.10633	0.176787	32.8224	
0.991171	-0.000741224	-0.132587	-0.000747728	0.999937	-0.0111798	0.132587	0.0111803	0.991108	2.2168	0.1861	33.6591	
0.990711	-0.000780031	-0.135983	-0.000787044	0.999934	-0.0114699	0.135983	0.0114704	0.990645	2.33013	0.195658	34.4953	
0.990239	-0.000819879	-0.13938	-0.000827429	0.999931	-0.0117604	0.13938	0.011761	0.990169	2.44632	0.205461	35.3312	
0.989754	-0.000860773	-0.14278	-0.000868885	0.999927	-0.0120513	0.14278	0.0120519	0.989681	2.56539	0.215509	36.1666	
0.989257	-0.000902714	-0.146182	-0.000911417	0.999923	-0.0123426	0.146182	0.0123432	0.989181	2.68732	0.225803	37.0016	
0.988748	-0.000945706	-0.149587	-0.000955027	0.99992	-0.0126342	0.149587	0.0126349	0.988668	2.81212	0.236343	37.8362	
0.988227	-0.000989751	-0.152993	-0.00099972	0.999916	-0.0129262	0.152993	0.012927	0.988143	2.9398	0.24713	38.6704	
0.987693	-0.00103485	-0.156401	-0.0010455	0.999912	-0.0132185	0.156401	0.0132194	0.987605	3.07036	0.258163	39.5041	
0.987147	-0.00108101	-0.159811	-0.00109237	0.999908	-0.0135112	0.159811	0.0135121	0.987055	3.20379	0.269443	40.3373	
0.986589	-0.00112823	-0.163222	-0.00114033	0.999904	-0.0138042	0.163222	0.0138052	0.986493	3.3401	0.28097	41.1701	
0.986018	-0.00117651	-0.166635	-0.00118938	0.9999	-0.0140975	0.166635	0.0140986	0.985918	3.47929	0.292744	42.0024	
0.985435	-0.00122586	-0.17005	-0.00123953	0.999896	-0.0143912	0.170049	0.0143924	0.98533	3.62136	0.304767	42.8342	
0.984839	-0.00127628	-0.173465	-0.00129079	0.999891	-0.0146851	0.173465	0.0146864	0.984731	3.76631	0.317037	43.6655	
0.984231	-0.00132777	-0.176882	-0.00134314	0.999887	-0.0149794	0.176882	0.0149807	0.984118	3.91415	0.329556	44.4963	
0.983611	-0.00138033	-0.1803	-0.00139661	0.999882	-0.0152739	0.1803	0.0152754	0.983493	4.06487	0.342323	45.3266	
0.982978	-0.00143396	-0.183719	-0.00145118	0.999878	-0.0155687	0.183719	0.0155703	0.982855	4.21848	0.355339	46.1563	
0.982332	-0.00148867	-0.187139	-0.00150686	0.999873	-0.0158637	0.187139	0.0158654	0.982205	4.37497	0.368604	46.9855	
0.981674	-0.00154446	-0.19056	-0.00156366	0.999868	-0.016159	0.19056	0.0161609	0.981543	4.53434	0.382118	47.8142	
0.98049	-0.00164925	-0.196561	-0.00194035	0.999835	-0.018068	0.196558	0.0180969	0.980325	4.6977	0.396574	48.642	
0.979268	-0.00176596	-0.202559	-0.00232819	0.999798	-0.0199721	0.202553	0.0200296	0.979066	4.86611	0.412662	49.4688	
0.978009	-0.00189459	-0.208554	-0.00272717	0.999757	-0.0218712	0.208544	0.021959	0.977766	5.03958	0.43038	50.2945	
0.976712	-0.00203514	-0.214545	-0.00313727	0.999713	-0.0237655	0.214531	0.0238851	0.976425	5.21811	0.449725	51.1192	
0.975377	-0.00218759	-0.220531	-0.00355846	0.999665	-0.0256548	0.220514	0.0258079	0.975042	5.40168	0.470694	51.9426	
0.974005	-0.00235193	-0.226513	-0.00399073	0.999613	-0.0275392	0.226491	0.0277273	0.973619	5.59031	0.493284	52.7649	
0.972595	-0.00252816	-0.23249	-0.00443405	0.999557	-0.0294187	0.232462	0.0296434	0.972154	5.78397	0.517493	53.586	
0.971148	-0.00271627	-0.238462	-0.00488841	0.999498	-0.0312933	0.238427	0.0315562	0.970648	5.98267	0.543317	54.4058	
0.969663	-0.00291623	-0.244427	-0.00535379	0.999436	-0.033163	0.244386	0.0334656	0.9691	6.18641	0.570755	55.2243	
0.968141	-0.00312805	-0.250387	-0.00583017	0.999369	-0.0350279	0.250338	0.0353717	0.967512	6.39517	0.599802	56.0415	
0.966581	-0.0033517	-0.256339	-0.00631753	0.999299	-0.0368878	0.256283	0.0372744	0.965883	6.60895	0.630457	56.8573	
0.964984	-0.00358718	-0.262284	-0.00681587	0.999226	-0.0387428	0.26222	0.0391739	0.964213	6.82774	0.662716	57.6718	
0.96335	-0.00383446	-0.268221	-0.00732515	0.999149	-0.0405929	0.268149	0.0410699	0.962502	7.05154	0.696576	58.4848	
0.961678	-0.00409352	-0.27415	-0.00784537	0.999068	-0.0424381	0.274069	0.0429626	0.96075	7.28034	0.732035	59.2963	
0.959969	-0.00436436	-0.280071	-0.00837652	0.998984	-0.0442785	0.27998	0.044852	0.958958	7.51413	0.769091	60.1064	
0.958223	-0.00464695	-0.285983	-0.00891857	0.998896	-0.046114	0.285882	0.046738	0.957124	7.75291	0.807739	60.9149	
0.956441	-0.00494126	-0.291885	-0.00947153	0.998805	-0.0479446	0.291773	0.0486207	0.955251	7.99666	0.847978	61.7219	
0.954621	-0.00524729	-0.297778	-0.0100354	0.99871	-0.0497703	0.297655	0.0505	0.953337	8.24538	0.889804	62.5273	
0.952764	-0.00556501	-0.30366	-0.0106101	0.998612	-0.0515911	0.303526	0.052376	0.951383	8.49907	0.933214	63.331	
0.950871	-0.00589439	-0.309532	-0.0111956	0.99851	-0.0534071	0.309386	0.0542486	0.949388	8.7577	0.978207	64.1331	
0.948941	-0.00623541	-0.315393	-0.0117921	0.998405	-0.0552182	0.315234	0.0561179	0.947353	9.02127	1.02478	64.9334	
0.946974	-0.00658805	-0.321242	-0.0123993	0.998296	-0.0570244	0.32107	0.0579838	0.945279	9.28977	1.07293	65.7321	
0.944971	-0.00695227	-0.32708	-0.0130174	0.998183	-0.0588258	0.326894	0.0598464	0.943164	9.56319	1.12265	66.5289	
0.942932	-0.00732807	-0.332905	-0.0136463	0.998067	-0.0606223	0.332706	0.0617056	0.94101	9.84152	1.17394	67.324	
0.940857	-0.0077154	-0.338717	-0.014286	0.997948	-0.062414	0.338504	0.0635615	0.938816	10.1248	1.2268	68.1172	
0.938745	-0.00811423	-0.344517	-0.0149366	0.997825	-0.0642008	0.344288	0.065414	0.936582	10.4129	1.28122	68.9086	
0.936598	-0.00852455	-0.350302	-0.0155979	0.997699	-0.0659827	0.350059	0.0672632	0.93431	10.7059	1.33721	69.6981	
0.934415	-0.00894632	-0.356074	-0.01627	0.997569	-0.0677598	0.355815	0.0691091	0.931998	11.0037	1.39475	70.4856	
0.92784	-0.0102909	-0.372837	-0.0202441	0.996756	-0.0778913	0.372429	0.0798184	0.924622	11.311	1.4576	71.2691	
0.920966	-0.0118286	-0.389463	-0.0243985	0.995827	-0.0879401	0.388878	0.0904922	0.916834	11.6323	1.52947	72.0461	
0.913797	-0.0135586	-0.405945	-0.0287315	0.994781	-0.0979016	0.405153	0.101126	0.908639	11.9674	1.61033	72.8164	
0.906336	-0.0154803	-0.422274	-0.0332411	0.99362	-0.107772	0.421249	0.111714	0.900039	12.3161	1.70014	73.5797	
0.898586	-0.0175927	-0.438445	-0.0379254	0.992343	-0.117545	0.437156	0.122253	0.891038	12.6783	1.79887	74.3355	
0.89055	-0.0198949	-0.45445	-0.0427823	0.990952	-0.127219	0.452869	0.132737	0.881641	13.0539	1.90647	75.0835	
0.882232	-0.0223859	-0.470282	-0.0478095	0.989446	-0.136788	0.468381	0.143162	0.871851	13.4427	2.0229	75.8235	
0.873636	-0.0250646	-0.485933	-0.0530049	0.987827	-0.146247	0.483684	0.153524	0.861673	13.8444	2.1481	76.555	
0.864766	-0.0279297	-0.501397	-0.0583661	0.986095	-0.155594	0.498771	0.163817	0.851112	14.259	2.28201	77.2778	
0.855626	-0.0309801	-0.516667	-0.0638908	0.984252	-0.164823	0.513637	0.174037	0.840171	14.6862	2.42458	77.9915	
0.846218	-0.0342143	-0.531736	-0.0695765	0.982297	-0.173931	0.528274	0.18418	0.828857	15.1259	2.57574	78.6958	
0.836549	-0.0376309	-0.546598	-0.0754206	0.980232	-0.182913	0.542676	0.194241	0.817174	15.5778	2.73543	79.3904	
0.826622	-0.0412285	-0.561245	-0.0814206	0.978057	-0.191766	0.556836	0.204215	0.805127	16.0418	2.90357	80.075	
0.816442	-0.0450053	-0.575671	-0.0875738	0.975775	-0.200486	0.570749	0.214099	0.792722	16.5176	3.0801	80.7492	
