1	0	0	0	1	0	0	0	1	0	0	0	
1	4.09909e-07	0.000212137	4.09909e-07	0.999993	-0.00386456	-0.000212137	0.00386456	0.999993	-9.81401e-05	0.00178785	0.92525	
1	1.64565e-06	0.000425203	1.64326e-06	0.99997	-0.00773481	-0.000425203	0.00773481	0.99997	-0.000392991	0.00715403	1.85049	
1	3.71562e-06	0.000639193	3.70606e-06	0.999933	-0.0116106	-0.000639193	0.0116106	0.999932	-0.000885409	0.0161037	2.7757	
1	6.62815e-06	0.000854101	6.60421e-06	0.99988	-0.0154918	-0.000854101	0.0154918	0.99988	-0.00157625	0.028642	3.70086	
0.999999	1.03915e-05	0.00106992	1.03436e-05	0.999812	-0.0193783	-0.00106992	0.0193783	0.999812	-0.00246635	0.0447739	4.62597	
0.999999	1.5014e-05	0.00128664	1.493e-05	0.999729	-0.0232698	-0.00128665	0.0232698	0.999728	-0.00355656	0.064504	5.55101	
0.999999	2.05038e-05	0.00150427	2.03692e-05	0.999631	-0.0271664	-0.00150427	0.0271664	0.99963	-0.00484771	0.0878371	6.47597	
0.999999	2.68691e-05	0.00172278	2.66669e-05	0.999517	-0.0310677	-0.00172278	0.0310677	0.999516	-0.00634064	0.114778	7.40083	
0.999998	3.41178e-05	0.00194218	3.38286e-05	0.999388	-0.0349738	-0.00194219	0.0349738	0.999386	-0.00803615	0.14533	8.32557	
0.999998	4.22581e-05	0.00216246	4.18599e-05	0.999244	-0.0388844	-0.00216247	0.0388844	0.999241	-0.00993507	0.179499	9.25019	
0.999997	5.12979e-05	0.00238361	5.07663e-05	0.999084	-0.0427993	-0.00238362	0.0427993	0.999081	-0.0120382	0.217288	10.1747	
0.999997	6.12452e-05	0.00260563	6.05532e-05	0.998908	-0.0467186	-0.00260565	0.0467186	0.998905	-0.0143464	0.258702	11.099	
0.999996	7.21078e-05	0.00282851	7.1226e-05	0.998717	-0.0506419	-0.00282853	0.0506419	0.998713	-0.0168604	0.303743	12.0231	
0.999995	8.38936e-05	0.00305224	8.27898e-05	0.99851	-0.0545692	-0.00305227	0.0545692	0.998505	-0.019581	0.352417	12.9471	
0.999995	9.66102e-05	0.00327681	9.52501e-05	0.998287	-0.0585003	-0.00327685	0.0585003	0.998282	-0.022509	0.404726	13.8709	
0.999994	0.000110265	0.00350222	0.000108612	0.998049	-0.0624351	-0.00350227	0.0624351	0.998043	-0.0256452	0.460674	14.7944	
0.999993	0.000124867	0.00372846	0.00012288	0.997795	-0.0663734	-0.00372853	0.0663734	0.997788	-0.0289904	0.520264	15.7178	
0.999992	0.000140422	0.00395553	0.00013806	0.997525	-0.0703151	-0.00395561	0.0703151	0.997517	-0.0325453	0.5835	16.6408	
0.999991	0.000156938	0.00418341	0.000154157	0.997239	-0.0742601	-0.00418351	0.0742601	0.99723	-0.0363106	0.650384	17.5637	
0.99999	0.000174423	0.0044121	0.000171174	0.996937	-0.0782081	-0.00441223	0.0782081	0.996927	-0.0402873	0.72092	18.4862	
0.999989	0.000192885	0.00464159	0.000189119	0.996619	-0.0821591	-0.00464175	0.0821591	0.996608	-0.0444759	0.79511	19.4085	
0.999988	0.000212329	0.00487188	0.000207994	0.996285	-0.0861129	-0.00487206	0.0861129	0.996273	-0.0488772	0.872957	20.3304	
0.999987	0.000232764	0.00510295	0.000227804	0.995935	-0.0900694	-0.00510318	0.0900693	0.995922	-0.053492	0.954464	21.2521	
0.999986	0.000254198	0.0053348	0.000248555	0.995569	-0.0940283	-0.00533507	0.0940283	0.995555	-0.058321	1.03963	22.1734	
0.999984	0.000276636	0.00556743	0.000270251	0.995187	-0.0979897	-0.00556774	0.0979897	0.995172	-0.063365	1.12846	23.0944	
0.999983	0.000300086	0.00580082	0.000292895	0.994789	-0.101953	-0.00580118	0.101953	0.994772	-0.0686246	1.22096	24.015	
0.999982	0.000324555	0.00603496	0.000316494	0.994375	-0.105919	-0.00603539	0.105919	0.994356	-0.0741005	1.31713	24.9352	
0.99998	0.00035005	0.00626985	0.00034105	0.993944	-0.109887	-0.00627035	0.109887	0.993924	-0.0797934	1.41697	25.855	
0.999979	0.000376577	0.00650549	0.000366568	0.993497	-0.113856	-0.00650606	0.113856	0.993476	-0.0857041	1.52048	26.7744	
0.999977	0.000404145	0.00674185	0.000393053	0.993034	-0.117827	-0.00674251	0.117827	0.993011	-0.0918333	1.62766	27.6934	
0.999976	0.000432758	0.00697894	0.000420508	0.992555	-0.1218	-0.00697969	0.1218	0.99253	-0.0981815	1.73852	28.612	
0.999974	0.000462424	0.00721675	0.000448937	0.992059	-0.125774	-0.0072176	0.125774	0.992033	-0.10475	1.85305	29.5301	
0.999972	0.00049315	0.00745526	0.000478345	0.991547	-0.129749	-0.00745623	0.129749	0.991519	-0.111538	1.97126	30.4478	
0.99997	0.000524941	0.00769448	0.000508735	0.991018	-0.133725	-0.00769557	0.133725	0.990989	-0.118548	2.09315	31.3649	
0.999968	0.000557805	0.00793439	0.00054011	0.990473	-0.137702	-0.00793561	0.137702	0.990442	-0.125779	2.21872	32.2816	
0.999966	0.000591748	0.00817498	0.000572476	0.989912	-0.141681	-0.00817635	0.14168	0.989879	-0.133233	2.34797	33.1977	
0.999964	0.000626775	0.00841624	0.000605835	0.989335	-0.145659	-0.00841777	0.145659	0.989299	-0.14091	2.48091	34.1134	
0.999962	0.000662893	0.00865817	0.00064019	0.988741	-0.149638	-0.00865988	0.149638	0.988703	-0.14881	2.61752	35.0284	
0.99996	0.000700108	0.00890076	0.000675547	0.98813	-0.153618	-0.00890266	0.153618	0.98809	-0.156935	2.75781	35.943	
0.999958	0.000738427	0.009144	0.000711906	0.987503	-0.157598	-0.0091461	0.157598	0.987461	-0.165285	2.90179	36.8569	
0.999956	0.000777854	0.00938788	0.000749273	0.98686	-0.161578	-0.00939021	0.161578	0.986815	-0.173861	3.04945	37.7702	
0.999953	0.000818396	0.0096324	0.000787651	0.9862	-0.165558	-0.00963496	0.165557	0.986153	-0.182662	3.20079	38.683	
0.999951	0.000860059	0.00987753	0.000827042	0.985523	-0.169537	-0.00988035	0.169537	0.985474	-0.19169	3.35581	39.5951	
0.999948	0.000902849	0.0101233	0.000867449	0.984831	-0.173517	-0.0101264	0.173516	0.984779	-0.200946	3.51452	40.5066	
0.999946	0.00094677	0.0103696	0.000908877	0.984121	-0.177495	-0.010373	0.177495	0.984067	-0.21043	3.67691	41.4175	
0.999943	0.000991829	0.0106166	0.000951327	0.983395	-0.181474	-0.0106203	0.181473	0.983338	-0.220142	3.84298	42.3276	
0.99994	0.00103803	0.0108641	0.000994802	0.982653	-0.185451	-0.0108682	0.185451	0.982593	-0.230083	4.01272	43.2371	
0.999938	0.00108538	0.0111123	0.00103931	0.981894	-0.189428	-0.0111167	0.189427	0.981832	-0.240254	4.18615	44.1459	
0.999935	0.00113388	0.011361	0.00108484	0.981119	-0.193403	-0.0113657	0.193403	0.981054	-0.250655	4.36326	45.054	
0.999932	0.00118355	0.0116102	0.00113141	0.980327	-0.197378	-0.0116154	0.197377	0.980259	-0.261286	4.54405	45.9614	
0.999929	0.00123437	0.01186	0.00117901	0.979519	-0.201351	-0.0118656	0.20135	0.979447	-0.272149	4.72851	46.868	
0.999926	0.00128637	0.0121104	0.00122766	0.978694	-0.205322	-0.0121164	0.205322	0.978619	-0.283244	4.91665	47.7738	
0.999923	0.00133954	0.0123612	0.00127734	0.977852	-0.209292	-0.0123678	0.209292	0.977775	-0.294571	5.10846	48.6789	
0.999919	0.00139388	0.0126126	0.00132807	0.976994	-0.21326	-0.0126197	0.21326	0.976914	-0.306131	5.30394	49.5832	
0.999916	0.00144941	0.0128646	0.00137984	0.97612	-0.217227	-0.0128722	0.217226	0.976036	-0.317924	5.5031	50.4867	
0.999913	0.00150613	0.013117	0.00143266	0.975229	-0.221191	-0.0131252	0.221191	0.975142	-0.329951	5.70592	51.3894	
0.999909	0.00156404	0.0133699	0.00148653	0.974322	-0.225153	-0.0133787	0.225153	0.974232	-0.342213	5.91241	52.2912	
0.999906	0.00162315	0.0136233	0.00154146	0.973399	-0.229113	-0.0136328	0.229113	0.973304	-0.354709	6.12257	53.1922	
0.999902	0.00168346	0.0138772	0.00159743	0.972458	-0.233071	-0.0138874	0.23307	0.972361	-0.367441	6.33638	54.0923	
0.999899	0.00174497	0.0141315	0.00165446	0.971502	-0.237026	-0.0141424	0.237025	0.971401	-0.380408	6.55386	54.9915	
0.999895	0.0018077	0.0143864	0.00171255	0.970529	-0.240978	-0.014398	0.240977	0.970424	-0.393612	6.775	55.8899	
0.999871	0.00219407	0.0159392	0.0017269	0.970301	-0.241894	-0.0159965	0.24189	0.970172	-0.407673	6.99839	56.7876	
0.999844	0.00258266	0.0174946	0.0017428	0.970072	-0.242812	-0.0175981	0.242805	0.969916	-0.423215	7.22262	57.6852	
0.999814	0.00297342	0.0190524	0.00176025	0.969841	-0.243732	-0.0192025	0.24372	0.969655	-0.44024	7.4477	58.5825	
0.999782	0.00336631	0.0206123	0.00177927	0.969609	-0.244654	-0.0208095	0.244637	0.969391	-0.45875	7.67363	59.4795	
0.999747	0.00376128	0.0221743	0.00179986	0.969375	-0.245577	-0.0224189	0.245555	0.969123	-0.478749	7.9004	60.3763	
0.99971	0.00415828	0.023738	0.00182203	0.969141	-0.246502	-0.0240305	0.246474	0.968851	-0.500237	8.12803	61.2729	
0.999669	0.00455727	0.0253032	0.00184579	0.968904	-0.247429	-0.025644	0.247394	0.968576	-0.523218	8.3565	62.1692	
0.999627	0.00495819	0.0268697	0.00187114	0.968667	-0.248357	-0.0272592	0.248314	0.968296	-0.547693	8.58583	63.0652	
0.999581	0.00536101	0.0284373	0.00189808	0.968428	-0.249286	-0.0288759	0.249236	0.968012	-0.573662	8.81601	63.961	
0.999533	0.00576566	0.0300058	0.00192663	0.968188	-0.250217	-0.030494	0.250158	0.967725	-0.601128	9.04704	64.8566	
0.999482	0.0061721	0.031575	0.00195677	0.967947	-0.251149	-0.032113	0.25108	0.967433	-0.630092	9.27893	65.7518	
0.999429	0.00658027	0.0331446	0.00198852	0.967704	-0.252081	-0.033733	0.252003	0.967138	-0.660554	9.51167	66.6468	
0.999373	0.00699013	0.0347145	0.00202188	0.96746	-0.253015	-0.0353535	0.252927	0.966839	-0.692515	9.74526	67.5415	
0.999314	0.00740162	0.0362843	0.00205685	0.967215	-0.25395	-0.0369744	0.25385	0.966537	-0.725976	9.97971	68.4359	
0.999253	0.00781469	0.037854	0.00209342	0.966969	-0.254885	-0.0385955	0.254774	0.96623	-0.760937	10.215	69.3301	
0.999189	0.00822928	0.0394232	0.00213161	0.966722	-0.255822	-0.0402165	0.255698	0.96592	-0.797397	10.4512	70.2239	
0.998775	0.0104913	0.04835	0.00118031	0.971927	-0.235278	-0.0494611	0.235047	0.970725	-0.838886	10.6782	71.1199	
0.998277	0.0125624	0.0573187	3.31577e-05	0.976694	-0.214637	-0.0586792	0.214269	0.97501	-0.888917	10.8861	72.0201	
0.997694	0.0144414	0.0663245	-0.00130923	0.981018	-0.193911	-0.0678659	0.193377	0.978774	-0.947463	11.0747	72.924	
0.997026	0.0161273	0.0753625	-0.00284614	0.984898	-0.173111	-0.0770162	0.172382	0.982015	-1.01449	11.2439	73.8312	
0.996274	0.0176193	0.084428	-0.00457675	0.988332	-0.152248	-0.0861254	0.151294	0.98473	-1.08997	11.3937	74.7411	
0.995438	0.0189165	0.0935162	-0.00650013	0.991317	-0.131333	-0.0951885	0.130126	0.986918	-1.17385	11.5238	75.6533	
0.994519	0.0200182	0.102622	-0.00861525	0.993852	-0.110377	-0.104201	0.108888	0.988578	-1.2661	11.6344	76.5672	
0.993517	0.0209238	0.111741	-0.010921	0.995937	-0.0893912	-0.113157	0.0875914	0.989709	-1.36666	11.7253	77.4825	
0.992433	0.021633	0.120867	-0.0134161	0.997569	-0.0683872	-0.122053	0.0662481	0.99031	-1.47548	11.7965	78.3985	
0.991267	0.0221451	0.129997	-0.0160992	0.998747	-0.047376	-0.130884	0.0448694	0.990382	-1.5925	11.8479	79.3149	
0.99002	0.0224601	0.139125	-0.018969	0.999472	-0.0263689	-0.139644	0.0234667	0.989924	-1.71766	11.8795	80.2311	
0.988693	0.0225778	0.148247	-0.0220238	0.999743	-0.00537717	-0.14833	0.00205141	0.988936	-1.85089	11.8913	81.1466	
0.987286	0.0224979	0.157356	-0.0252621	0.999559	0.015588	-0.156936	-0.019365	0.987419	-1.99212	11.8833	82.0609	
0.9858	0.0222208	0.16645	-0.0286821	0.998921	0.0365154	-0.165459	-0.040771	0.985374	-2.14127	11.8555	82.9736	
0.984235	0.0217463	0.175522	-0.0322819	0.99783	0.0573938	-0.173893	-0.0621552	0.982801	-2.29827	11.8079	83.8842	
0.982594	0.0210749	0.184568	-0.0360597	0.996284	0.078212	-0.182234	-0.0835061	0.979703	-2.46304	11.7405	84.7922	
0.980876	0.0202069	0.193583	-0.0400134	0.994287	0.098959	-0.190477	-0.104812	0.97608	-2.63547	11.6534	85.697	
0.979082	0.0191427	0.202562	-0.044141	0.991838	0.119624	-0.198619	-0.126063	0.971936	-2.81548	11.5466	86.5982	
0.977214	0.0178829	0.211501	-0.0484401	0.988938	0.140195	-0.206654	-0.147245	0.967271	-3.00298	11.4201	87.4954	
0.975273	0.0164282	0.220394	-0.0529085	0.98559	0.160661	-0.214579	-0.168349	0.962089	-3.19786	11.2741	88.388	
0.973258	0.0147794	0.229237	-0.0575439	0.981796	0.181013	-0.222389	-0.189363	0.956392	-3.40003	11.1086	89.2756	
0.971173	0.0129373	0.238025	-0.0623437	0.977557	0.201238	-0.23008	-0.210276	0.950183	-3.60936	10.9237	90.1577	
