1	0	0	0	1	0	0	0	1	0	0	0	
0.999994	1.58936e-07	0.00336561	1.58936e-07	1	-9.44471e-05	-0.00336561	9.44471e-05	0.999994	-0.00161651	4.53633e-05	0.960604	
0.999977	6.37571e-07	0.00673478	6.39862e-07	1	-0.000189675	-0.00673478	0.000189675	0.999977	-0.00646776	0.000181828	1.9212	
0.999949	1.43919e-06	0.0101074	1.44837e-06	1	-0.000285681	-0.0101074	0.000285681	0.999949	-0.0145571	0.000410143	2.88177	
0.999909	2.56706e-06	0.0134833	2.59002e-06	1	-0.000382463	-0.0134833	0.000382463	0.999909	-0.0258878	0.000731055	3.84231	
0.999858	4.02441e-06	0.0168623	4.07037e-06	1	-0.000480018	-0.0168623	0.000480018	0.999858	-0.0404628	0.00114531	4.8028	
0.999795	5.81444e-06	0.0202444	5.89496e-06	1	-0.000578343	-0.0202444	0.000578344	0.999795	-0.0582853	0.00165364	5.76324	
0.999721	7.94034e-06	0.0236293	8.06927e-06	1	-0.000677437	-0.0236293	0.000677438	0.999721	-0.079358	0.0022568	6.72362	
0.999635	1.04052e-05	0.027017	1.05988e-05	1	-0.000777295	-0.027017	0.000777297	0.999635	-0.103684	0.00295551	7.68391	
0.999538	1.32122e-05	0.0304073	1.3489e-05	1	-0.000877915	-0.0304073	0.000877919	0.999537	-0.131265	0.00375052	8.64412	
0.999429	1.63644e-05	0.0338001	1.67454e-05	1	-0.000979294	-0.0338001	0.000979301	0.999428	-0.162104	0.00464255	9.60423	
0.999308	1.98648e-05	0.0371952	2.03732e-05	0.999999	-0.00108143	-0.0371952	0.00108144	0.999307	-0.196203	0.00563233	10.5642	
0.999176	2.37165e-05	0.0405925	2.43779e-05	0.999999	-0.00118432	-0.0405925	0.00118433	0.999175	-0.233565	0.00672059	11.5241	
0.999032	2.79224e-05	0.0439918	2.87649e-05	0.999999	-0.00128795	-0.0439918	0.00128797	0.999031	-0.274191	0.00790804	12.4839	
0.998876	3.24855e-05	0.0473932	3.35394e-05	0.999999	-0.00139234	-0.0473932	0.00139236	0.998875	-0.318083	0.00919542	13.4435	
0.998709	3.74087e-05	0.0507962	3.87068e-05	0.999999	-0.00149746	-0.0507962	0.0014975	0.998708	-0.365244	0.0105834	14.4029	
0.99853	4.26948e-05	0.054201	4.42723e-05	0.999999	-0.00160333	-0.054201	0.00160337	0.998529	-0.415675	0.0120728	15.3622	
0.998339	4.83468e-05	0.0576073	5.0241e-05	0.999999	-0.00170993	-0.0576073	0.00170998	0.998338	-0.469376	0.0136642	16.3213	
0.998137	5.43673e-05	0.0610149	5.66183e-05	0.999998	-0.00181726	-0.0610149	0.00181733	0.998135	-0.526351	0.0153584	17.2802	
0.997923	6.07592e-05	0.0644238	6.34092e-05	0.999998	-0.00192532	-0.0644238	0.00192541	0.997921	-0.5866	0.017156	18.2389	
0.997697	6.75252e-05	0.0678338	7.06188e-05	0.999998	-0.00203411	-0.0678338	0.00203421	0.997695	-0.650124	0.0190578	19.1974	
0.997459	7.4668e-05	0.0712448	7.82522e-05	0.999998	-0.00214361	-0.0712448	0.00214374	0.997457	-0.716923	0.0210645	20.1557	
0.997209	8.21902e-05	0.0746566	8.63145e-05	0.999997	-0.00225383	-0.0746566	0.00225399	0.997207	-0.787	0.0231768	21.1137	
0.996948	9.00944e-05	0.0780691	9.48106e-05	0.999997	-0.00236477	-0.0780691	0.00236495	0.996945	-0.860355	0.0253953	22.0715	
0.996675	9.83832e-05	0.0814822	0.000103745	0.999997	-0.00247641	-0.0814822	0.00247663	0.996672	-0.936988	0.0277207	23.0291	
0.99639	0.000107059	0.0848957	0.000113124	0.999997	-0.00258876	-0.0848957	0.00258901	0.996386	-1.0169	0.0301537	23.9863	
0.996093	0.000116125	0.0883095	0.000122951	0.999996	-0.0027018	-0.0883095	0.0027021	0.996089	-1.10009	0.0326951	24.9433	
0.995785	0.000125582	0.0917235	0.000133231	0.999996	-0.00281554	-0.0917235	0.00281589	0.995781	-1.18656	0.0353454	25.9	
0.995464	0.000135434	0.0951375	0.00014397	0.999996	-0.00292997	-0.0951375	0.00293038	0.99546	-1.27631	0.0381054	26.8564	
0.995132	0.000145683	0.0985514	0.000155171	0.999995	-0.00304509	-0.0985514	0.00304556	0.995127	-1.36934	0.0409756	27.8125	
0.994788	0.000156331	0.101965	0.00016684	0.999995	-0.00316089	-0.101965	0.00316143	0.994783	-1.46565	0.0439569	28.7683	
0.994432	0.00016738	0.105378	0.00017898	0.999995	-0.00327737	-0.105378	0.00327798	0.994427	-1.56524	0.0470497	29.7237	
0.994065	0.000178833	0.108791	0.000191598	0.999994	-0.00339452	-0.108791	0.00339521	0.994059	-1.6681	0.0502549	30.6788	
0.993685	0.000190692	0.112203	0.000204696	0.999994	-0.00351233	-0.112203	0.00351312	0.993679	-1.77425	0.053573	31.6335	
0.993294	0.000202958	0.115614	0.000218281	0.999993	-0.00363081	-0.115614	0.0036317	0.993288	-1.88367	0.0570047	32.5879	
0.992891	0.000215634	0.119025	0.000232355	0.999993	-0.00374994	-0.119025	0.00375094	0.992884	-1.99637	0.0605506	33.5418	
0.992477	0.000228723	0.122434	0.000246923	0.999992	-0.00386973	-0.122434	0.00387085	0.992469	-2.11234	0.0642114	34.4954	
0.99205	0.000242225	0.125842	0.00026199	0.999992	-0.00399017	-0.125842	0.00399141	0.992042	-2.23159	0.0679876	35.4486	
0.991612	0.000256143	0.129249	0.00027756	0.999992	-0.00411124	-0.129249	0.00411263	0.991604	-2.35411	0.07188	36.4013	
0.991162	0.000270479	0.132654	0.000293637	0.999991	-0.00423295	-0.132654	0.0042345	0.991153	-2.4799	0.0758892	37.3536	
0.990701	0.000285234	0.136058	0.000310226	0.99999	-0.0043553	-0.136058	0.00435701	0.990691	-2.60897	0.0800157	38.3055	
0.990228	0.000300411	0.13946	0.000327329	0.99999	-0.00447827	-0.13946	0.00448015	0.990218	-2.7413	0.0842602	39.257	
0.989743	0.000316011	0.14286	0.000344951	0.999989	-0.00460185	-0.14286	0.00460393	0.989732	-2.8769	0.0886234	40.2079	
0.989246	0.000332036	0.146258	0.000363097	0.999989	-0.00472606	-0.146258	0.00472834	0.989235	-3.01576	0.0931057	41.1584	
0.988738	0.000348487	0.149654	0.000381769	0.999988	-0.00485087	-0.149654	0.00485337	0.988727	-3.15789	0.0977078	42.1085	
0.988219	0.000365366	0.153048	0.000400972	0.999988	-0.00497628	-0.153048	0.00497902	0.988206	-3.30328	0.10243	43.058	
0.987688	0.000382674	0.156439	0.00042071	0.999987	-0.0051023	-0.156439	0.00510529	0.987674	-3.45192	0.107274	44.007	
0.987145	0.000400413	0.159828	0.000440985	0.999986	-0.0052289	-0.159828	0.00523216	0.987131	-3.60383	0.112239	44.9555	
0.986591	0.000418585	0.163214	0.000461802	0.999986	-0.00535609	-0.163214	0.00535964	0.986576	-3.75899	0.117326	45.9035	
0.986025	0.00043719	0.166597	0.000483165	0.999985	-0.00548385	-0.166597	0.00548771	0.98601	-3.9174	0.122536	46.8509	
0.985448	0.00045623	0.169978	0.000505076	0.999984	-0.00561219	-0.169978	0.00561638	0.985432	-4.07905	0.12787	47.7978	
0.984859	0.000475707	0.173355	0.000527539	0.999983	-0.0057411	-0.173355	0.00574563	0.984843	-4.24396	0.133327	48.7442	
0.984259	0.00049562	0.176729	0.000550557	0.999983	-0.00587057	-0.176729	0.00587546	0.984242	-4.41211	0.138908	49.6899	
0.983648	0.000515973	0.1801	0.000574133	0.999982	-0.00600059	-0.1801	0.00600587	0.98363	-4.58349	0.144615	50.6351	
0.983026	0.000536764	0.183468	0.000598271	0.999981	-0.00613116	-0.183468	0.00613685	0.983007	-4.75811	0.150447	51.5797	
0.982392	0.000557997	0.186832	0.000622974	0.99998	-0.00626227	-0.186831	0.0062684	0.982372	-4.93597	0.156406	52.5237	
0.981747	0.00057967	0.190192	0.000648245	0.999979	-0.00639392	-0.190192	0.0064005	0.981726	-5.11706	0.162491	53.467	
0.981091	0.000601786	0.193548	0.000674086	0.999978	-0.00652609	-0.193548	0.00653316	0.981069	-5.30137	0.168703	54.4098	
0.980423	0.000624346	0.1969	0.0007005	0.999978	-0.00665879	-0.1969	0.00666636	0.980401	-5.4889	0.175042	55.3519	
0.979745	0.000647349	0.200249	0.00072749	0.999977	-0.006792	-0.200248	0.00680011	0.979722	-5.67965	0.18151	56.2933	
0.979055	0.000670797	0.203593	0.00075506	0.999976	-0.00692572	-0.203592	0.00693439	0.979031	-5.87362	0.188107	57.2341	
0.978355	0.00069469	0.206932	0.00078321	0.999975	-0.00705994	-0.206932	0.0070692	0.97833	-6.07079	0.194833	58.1742	
0.977644	0.000719028	0.210268	0.000811944	0.999974	-0.00719465	-0.210267	0.00720453	0.977617	-6.27118	0.201689	59.1137	
0.977638	0.000719227	0.210292	0.00105445	0.999965	-0.00832209	-0.210291	0.00835773	0.977603	-6.47317	0.209163	60.0528	
0.977633	0.000719439	0.210316	0.00129735	0.999954	-0.00945121	-0.210313	0.00951267	0.977588	-6.67519	0.217747	60.9919	
0.977629	0.000719661	0.210337	0.00154061	0.999943	-0.0105819	-0.210333	0.0106692	0.977572	-6.87723	0.22744	61.9309	
0.977624	0.000719887	0.210357	0.00178419	0.99993	-0.0117139	-0.21035	0.0118272	0.977554	-7.07928	0.238245	62.87	
0.977621	0.000720113	0.210375	0.00202808	0.999915	-0.0128473	-0.210366	0.0129864	0.977536	-7.28135	0.250163	63.809	
0.977617	0.000720335	0.210391	0.00227223	0.9999	-0.0139818	-0.21038	0.0141469	0.977517	-7.48344	0.263195	64.748	
0.977614	0.000720546	0.210405	0.00251662	0.999883	-0.0151173	-0.210391	0.0153084	0.977497	-7.68554	0.277343	65.687	
0.977612	0.000720743	0.210417	0.0027612	0.999864	-0.0162536	-0.2104	0.0164707	0.977477	-7.88764	0.292606	66.626	
0.977609	0.00072092	0.210427	0.00300596	0.999844	-0.0173907	-0.210407	0.0176338	0.977455	-8.08976	0.308987	67.565	
0.977608	0.000721071	0.210435	0.00325086	0.999823	-0.0185283	-0.210411	0.0187975	0.977432	-8.29188	0.326485	68.5039	
0.977606	0.000721191	0.210441	0.00349586	0.9998	-0.0196664	-0.210413	0.0199617	0.977409	-8.494	0.345101	69.4428	
0.977605	0.000721275	0.210445	0.00374094	0.999777	-0.0208049	-0.210413	0.0211262	0.977384	-8.69613	0.364836	70.3817	
0.982184	0.00015565	0.187924	0.0051241	0.999606	-0.027609	-0.187854	0.02808	0.981795	-8.88742	0.388471	71.3228	
0.986242	-0.000569656	0.165309	0.0063502	0.999387	-0.0344418	-0.165188	0.0350176	0.98564	-9.057	0.418778	72.2678	
0.989778	-0.00145423	0.142611	0.00741852	0.999119	-0.0412993	-0.142426	0.0419351	0.988917	-9.20475	0.455741	73.2162	
0.992789	-0.00249755	0.119845	0.00832845	0.998804	-0.0481776	-0.119581	0.0488283	0.991623	-9.3306	0.499337	74.1675	
0.995275	-0.00369902	0.097023	0.00907947	0.998441	-0.0550727	-0.0966681	0.0556934	0.993757	-9.43447	0.549541	75.1211	
0.997234	-0.00505796	0.0741587	0.00967115	0.99803	-0.0619806	-0.0736991	0.0625264	0.995318	-9.51631	0.606325	76.0766	
0.998663	-0.00657356	0.051265	0.0101031	0.997573	-0.0688974	-0.0506877	0.0693233	0.996306	-9.57605	0.669656	77.0332	
0.999564	-0.00824497	0.0283552	0.0103752	0.997068	-0.0758191	-0.027647	0.0760802	0.996718	-9.61368	0.739497	77.9905	
0.999934	-0.0100712	0.00544261	0.0104871	0.996516	-0.0827416	-0.00459034	0.0827933	0.996556	-9.62916	0.815808	78.9479	
0.999775	-0.0120513	-0.0174597	0.0104389	0.995918	-0.089661	0.0184689	0.0894586	0.995819	-9.6225	0.898545	79.9049	
0.999085	-0.0141839	-0.0403385	0.0102306	0.995273	-0.0965733	0.0415176	0.0960723	0.994508	-9.59368	0.987661	80.8609	
0.997866	-0.016468	-0.0631805	0.00986228	0.994583	-0.103474	0.0645423	0.102631	0.992623	-9.54274	1.0831	81.8154	
0.996118	-0.0189022	-0.0859726	0.00933414	0.993848	-0.110361	0.0875297	0.10913	0.990166	-9.4697	1.18482	82.7678	
0.993842	-0.0214851	-0.108702	0.00864651	0.993067	-0.117228	0.110467	0.115566	0.987138	-9.37459	1.29274	83.7175	
0.99104	-0.0242151	-0.131355	0.00779979	0.992243	-0.124072	0.13334	0.121935	0.983541	-9.25749	1.40682	84.6641	
0.987712	-0.0270908	-0.153918	0.00679445	0.991374	-0.130889	0.156136	0.128235	0.979376	-9.11844	1.52699	85.6069	
0.983862	-0.0301105	-0.17638	0.00563109	0.990461	-0.137675	0.178843	0.13446	0.974647	-8.95754	1.65316	86.5455	
0.97949	-0.0332724	-0.198726	0.00431037	0.989506	-0.144426	0.201446	0.140608	0.969355	-8.77488	1.78529	87.4792	
0.9746	-0.0365747	-0.220944	0.00283305	0.988508	-0.151139	0.223933	0.146674	0.963504	-8.57056	1.92328	88.4076	
0.969195	-0.0400155	-0.243021	0.00119999	0.987469	-0.157809	0.246291	0.152656	0.957098	-8.3447	2.06705	89.3302	
0.963278	-0.0435928	-0.264945	-0.000587869	0.986388	-0.164433	0.268507	0.15855	0.95014	-8.09743	2.21653	90.2463	
0.956851	-0.0473046	-0.286702	-0.0025295	0.985267	-0.171006	0.290568	0.164353	0.942634	-7.82889	2.37163	91.1554	
0.949919	-0.0511486	-0.308281	-0.00462379	0.984105	-0.177526	0.312461	0.170061	0.934584	-7.53924	2.53226	92.0571	
0.942486	-0.0551228	-0.329668	-0.00686951	0.982905	-0.183988	0.334174	0.17567	0.925995	-7.22864	2.69832	92.9508	
0.934556	-0.0592248	-0.350852	-0.00926539	0.981665	-0.190388	0.355695	0.181179	0.916873	-6.89728	2.86973	93.8359	
