1	0	0	0	1	0	0	0	1	0	0	0	
0.999999	9.0099e-08	0.00145144	9.0099e-08	1	-0.000124151	-0.00145144	0.000124151	0.999999	-0.000643251	5.50216e-05	0.886363	
0.999996	3.62238e-07	0.00291032	3.62218e-07	1	-0.000248926	-0.00291032	0.000248926	0.999996	-0.0025763	0.000220363	1.77272	
0.99999	8.19162e-07	0.00437659	8.19085e-07	1	-0.000374319	-0.00437659	0.000374319	0.99999	-0.00580573	0.000496574	2.65908	
0.999983	1.4636e-06	0.00585018	1.46341e-06	1	-0.000500325	-0.00585018	0.000500325	0.999983	-0.010338	0.0008842	3.54543	
0.999973	2.29828e-06	0.00733104	2.29789e-06	1	-0.000626939	-0.00733104	0.000626939	0.999973	-0.0161797	0.00138378	4.43178	
0.999961	3.3259e-06	0.0088191	3.32521e-06	1	-0.000754156	-0.0088191	0.000754156	0.999961	-0.0233372	0.00199586	5.31811	
0.999947	4.54913e-06	0.0103143	4.54803e-06	1	-0.00088197	-0.0103143	0.00088197	0.999946	-0.0318168	0.00272096	6.20444	
0.99993	5.97065e-06	0.0118166	5.96899e-06	0.999999	-0.00101038	-0.0118166	0.00101038	0.99993	-0.0416248	0.00355961	7.09074	
0.999911	7.59312e-06	0.0133259	7.59073e-06	0.999999	-0.00113937	-0.0133259	0.00113937	0.999911	-0.0527675	0.00451234	7.97704	
0.99989	9.41915e-06	0.0148422	9.41586e-06	0.999999	-0.00126894	-0.0148422	0.00126894	0.999889	-0.0652511	0.00557966	8.86331	
0.999866	1.14514e-05	0.0163654	1.1447e-05	0.999999	-0.0013991	-0.0163654	0.0013991	0.999865	-0.0790818	0.00676209	9.74957	
0.99984	1.36924e-05	0.0178955	1.36866e-05	0.999999	-0.00152982	-0.0178955	0.00152982	0.999839	-0.0942656	0.00806013	10.6358	
0.999811	1.61448e-05	0.0194323	1.61374e-05	0.999999	-0.00166111	-0.0194323	0.00166111	0.99981	-0.110809	0.00947429	11.522	
0.99978	1.88111e-05	0.0209758	1.88018e-05	0.999998	-0.00179295	-0.0209758	0.00179295	0.999778	-0.128717	0.0110051	12.4082	
0.999746	2.16938e-05	0.0225261	2.16824e-05	0.999998	-0.00192536	-0.0225261	0.00192536	0.999744	-0.147996	0.012653	13.2943	
0.99971	2.47956e-05	0.0240829	2.47816e-05	0.999998	-0.00205831	-0.0240829	0.00205831	0.999708	-0.168652	0.0144184	14.1805	
0.999671	2.81188e-05	0.0256462	2.8102e-05	0.999998	-0.00219181	-0.0256462	0.00219181	0.999669	-0.190691	0.016302	15.0666	
0.99963	3.1666e-05	0.027216	3.16459e-05	0.999997	-0.00232584	-0.027216	0.00232584	0.999627	-0.214119	0.0183042	15.9526	
0.999585	3.54396e-05	0.0287923	3.54159e-05	0.999997	-0.00246041	-0.0287923	0.00246041	0.999582	-0.238941	0.0204253	16.8386	
0.999539	3.94421e-05	0.0303748	3.94143e-05	0.999997	-0.0025955	-0.0303748	0.0025955	0.999535	-0.265162	0.022666	17.7246	
0.999489	4.36758e-05	0.0319637	4.36435e-05	0.999996	-0.00273112	-0.0319637	0.00273112	0.999485	-0.29279	0.0250267	18.6105	
0.999437	4.81431e-05	0.0335588	4.81058e-05	0.999996	-0.00286726	-0.0335588	0.00286726	0.999433	-0.321828	0.0275078	19.4964	
0.999382	5.28465e-05	0.03516	5.28037e-05	0.999995	-0.0030039	-0.03516	0.0030039	0.999377	-0.352283	0.0301098	20.3822	
0.999324	5.77882e-05	0.0367673	5.77393e-05	0.999995	-0.00314105	-0.0367673	0.00314105	0.999319	-0.38416	0.0328331	21.268	
0.999263	6.29706e-05	0.0383807	6.29151e-05	0.999995	-0.0032787	-0.0383807	0.0032787	0.999258	-0.417464	0.0356782	22.1538	
0.9992	6.8396e-05	0.04	6.83333e-05	0.999994	-0.00341685	-0.04	0.00341685	0.999194	-0.452201	0.0386456	23.0394	
0.999133	7.40666e-05	0.0416253	7.39961e-05	0.999994	-0.00355548	-0.0416253	0.00355548	0.999127	-0.488376	0.0417356	23.9251	
0.999064	7.99846e-05	0.0432563	7.99057e-05	0.999993	-0.0036946	-0.0432563	0.0036946	0.999057	-0.525994	0.0449487	24.8106	
0.998992	8.61524e-05	0.0448932	8.60643e-05	0.999993	-0.0038342	-0.0448932	0.00383419	0.998984	-0.56506	0.0482853	25.6961	
0.998917	9.25721e-05	0.0465357	9.24741e-05	0.999992	-0.00397426	-0.0465357	0.00397426	0.998909	-0.60558	0.0517459	26.5815	
0.998838	9.92458e-05	0.0481839	9.91373e-05	0.999992	-0.0041148	-0.0481839	0.00411479	0.99883	-0.647558	0.0553308	27.4669	
0.998757	0.000106176	0.0498377	0.000106056	0.999991	-0.00425579	-0.0498377	0.00425579	0.998748	-0.690999	0.0590405	28.3522	
0.998673	0.000113364	0.051497	0.000113232	0.99999	-0.00439724	-0.051497	0.00439723	0.998663	-0.735909	0.0628754	29.2374	
0.998586	0.000120812	0.0531617	0.000120668	0.99999	-0.00453913	-0.0531617	0.00453913	0.998576	-0.782292	0.0668358	30.1225	
0.998496	0.000128523	0.0548318	0.000128365	0.999989	-0.00468147	-0.0548318	0.00468147	0.998485	-0.830153	0.0709222	31.0076	
0.998402	0.000136499	0.0565072	0.000136326	0.999988	-0.00482425	-0.0565072	0.00482425	0.998391	-0.879496	0.075135	31.8926	
0.998306	0.000144741	0.0581879	0.000144552	0.999988	-0.00496746	-0.0581879	0.00496746	0.998293	-0.930327	0.0794745	32.7775	
0.998206	0.000153251	0.0598737	0.000153046	0.999987	-0.0051111	-0.0598737	0.00511109	0.998193	-0.98265	0.0839411	33.6623	
0.998103	0.000162032	0.0615647	0.000161809	0.999986	-0.00525516	-0.0615647	0.00525515	0.998089	-1.03647	0.0885352	34.547	
0.997997	0.000171085	0.0632607	0.000170844	0.999985	-0.00539963	-0.0632607	0.00539962	0.997982	-1.09179	0.0932572	35.4316	
0.997888	0.000180412	0.0649617	0.000180152	0.999985	-0.00554451	-0.0649617	0.0055445	0.997872	-1.14862	0.0981075	36.3162	
0.997775	0.000190016	0.0666676	0.000189734	0.999984	-0.00568979	-0.0666676	0.00568978	0.997759	-1.20695	0.103086	37.2006	
0.997659	0.000199897	0.0683784	0.000199594	0.999983	-0.00583547	-0.0683784	0.00583546	0.997642	-1.2668	0.108194	38.0849	
0.99754	0.000210058	0.0700939	0.000209732	0.999982	-0.00598154	-0.0700939	0.00598153	0.997522	-1.32817	0.113431	38.9691	
0.997418	0.0002205	0.0718141	0.00022015	0.999981	-0.006128	-0.0718141	0.00612799	0.997399	-1.39106	0.118798	39.8532	
0.997292	0.000231225	0.073539	0.00023085	0.99998	-0.00627484	-0.073539	0.00627482	0.997273	-1.45548	0.124295	40.7372	
0.997163	0.000242235	0.0752685	0.000241834	0.999979	-0.00642205	-0.0752685	0.00642203	0.997143	-1.52143	0.129922	41.6211	
0.997031	0.000253532	0.0770024	0.000253103	0.999978	-0.00656963	-0.0770024	0.00656961	0.997009	-1.58891	0.135679	42.5049	
0.996895	0.000265116	0.0787408	0.000264658	0.999977	-0.00671757	-0.0787408	0.00671755	0.996872	-1.65793	0.141568	43.3886	
0.996756	0.000276991	0.0804836	0.000276503	0.999976	-0.00686587	-0.0804836	0.00686585	0.996732	-1.7285	0.147588	44.2721	
0.996613	0.000289156	0.0822307	0.000288637	0.999975	-0.00701451	-0.0822307	0.00701449	0.996589	-1.80061	0.153739	45.1555	
0.996467	0.000301615	0.083982	0.000301062	0.999974	-0.0071635	-0.083982	0.00716348	0.996442	-1.87427	0.160023	46.0388	
0.996318	0.000314367	0.0857375	0.00031378	0.999973	-0.00731284	-0.0857375	0.00731281	0.996291	-1.94949	0.166438	46.9219	
0.996165	0.000327416	0.087497	0.000326793	0.999972	-0.0074625	-0.087497	0.00746247	0.996137	-2.02626	0.172987	47.8049	
0.996008	0.000340762	0.0892606	0.000340101	0.999971	-0.00761249	-0.0892606	0.00761246	0.995979	-2.1046	0.179667	48.6878	
0.995848	0.000354406	0.0910282	0.000353707	0.99997	-0.0077628	-0.0910282	0.00776277	0.995818	-2.1845	0.186481	49.5705	
0.995685	0.00036835	0.0927996	0.000367611	0.999969	-0.00791342	-0.0927996	0.00791339	0.995653	-2.26597	0.193429	50.4531	
0.995518	0.000382595	0.0945749	0.000381814	0.999967	-0.00806436	-0.0945749	0.00806432	0.995485	-2.34901	0.20051	51.3355	
0.995347	0.000397144	0.0963539	0.000396318	0.999966	-0.00821559	-0.0963539	0.00821555	0.995313	-2.43363	0.207725	52.2178	
0.994855	0.000436647	0.101304	0.000342388	0.999971	-0.00767259	-0.101304	0.00766781	0.994826	-2.52123	0.214764	53.0998	
0.994339	0.000473458	0.106255	0.000285891	0.999975	-0.00713116	-0.106255	0.00712116	0.994313	-2.61321	0.221318	53.9814	
0.993797	0.000507577	0.111207	0.000226833	0.999978	-0.00659124	-0.111208	0.00657558	0.993775	-2.70959	0.227388	54.8625	
0.99323	0.000539002	0.11616	0.000165219	0.999982	-0.00605279	-0.116161	0.006031	0.993212	-2.81035	0.232975	55.7431	
0.992638	0.000567735	0.121114	0.000101053	0.999985	-0.00551576	-0.121115	0.0054874	0.992623	-2.91551	0.23808	56.6231	
0.992021	0.000593774	0.126068	3.43396e-05	0.999988	-0.00498012	-0.126069	0.00494472	0.992009	-3.02506	0.242704	57.5027	
0.991379	0.000617122	0.131021	-3.49189e-05	0.99999	-0.00444582	-0.131023	0.00440292	0.99137	-3.139	0.246846	58.3817	
0.990712	0.000637776	0.135975	-0.00010672	0.999992	-0.0039128	-0.135976	0.00386195	0.990705	-3.25733	0.250509	59.2601	
0.99002	0.000655739	0.140928	-0.000181062	0.999994	-0.00338103	-0.140929	0.00332177	0.990014	-3.38005	0.253693	60.1379	
0.989302	0.000671009	0.145879	-0.000257944	0.999996	-0.00285046	-0.145881	0.00278233	0.989298	-3.50716	0.256398	61.0151	
0.98856	0.000683589	0.15083	-0.000337366	0.999997	-0.00232104	-0.150831	0.0022436	0.988557	-3.63865	0.258625	61.8917	
0.987792	0.000693477	0.155778	-0.000419328	0.999998	-0.00179273	-0.155779	0.00170552	0.98779	-3.77454	0.260376	62.7676	
0.986999	0.000700676	0.160725	-0.000503831	0.999999	-0.00126548	-0.160726	0.00116805	0.986998	-3.91481	0.261649	63.6428	
0.986181	0.000705184	0.16567	-0.000590878	1	-0.000739248	-0.16567	0.000631142	0.986181	-4.05946	0.262447	64.5172	
0.985338	0.000707004	0.170612	-0.000680471	1	-0.00021399	-0.170612	9.47564e-05	0.985338	-4.2085	0.262768	65.391	
0.98447	0.000706135	0.175551	-0.000772614	1	0.000310339	-0.175551	-0.000441153	0.98447	-4.36191	0.262615	66.264	
0.983577	0.000702579	0.180487	-0.00086731	0.999999	0.000833787	-0.180486	-0.000976632	0.983577	-4.5197	0.261986	67.1362	
0.982659	0.000696337	0.18542	-0.000964565	0.999999	0.0013564	-0.185418	-0.00151173	0.982658	-4.68186	0.260884	68.0076	
0.981716	0.000687409	0.190349	-0.00106438	0.999998	0.00187821	-0.190347	-0.00204648	0.981715	-4.84839	0.259307	68.8782	
0.980749	0.000675796	0.195273	-0.00116677	0.999996	0.00239928	-0.195271	-0.00258093	0.980746	-5.01929	0.257256	69.7479	
0.979756	0.0006615	0.200194	-0.00127174	0.999995	0.00291965	-0.200191	-0.00311514	0.979752	-5.19455	0.254731	70.6167	
0.978739	0.000644522	0.20511	-0.00137929	0.999993	0.00343936	-0.205106	-0.00364914	0.978733	-5.37418	0.251734	71.4847	
0.974067	0.000514702	0.226259	-0.00238772	0.999965	0.0080046	-0.226247	-0.00833726	0.974034	-5.56535	0.246421	72.3502	
0.968938	0.000283377	0.247302	-0.00349474	0.999915	0.0125468	-0.247277	-0.0130213	0.968857	-5.77522	0.236955	73.2113	
0.963356	-4.93397e-05	0.268227	-0.00469981	0.999843	0.0170636	-0.268186	-0.0176989	0.963205	-6.00367	0.22334	74.0676	
0.957321	-0.000483285	0.289025	-0.00600233	0.99975	0.0215529	-0.288963	-0.0223679	0.957079	-6.2506	0.205582	74.9186	
0.950839	-0.00101825	0.309685	-0.00740167	0.999634	0.0260125	-0.309598	-0.0270258	0.950483	-6.51588	0.183691	75.7641	
0.943911	-0.00165396	0.330197	-0.00889713	0.999497	0.0304401	-0.330081	-0.0316705	0.943421	-6.79939	0.157677	76.6034	
0.936541	-0.00239012	0.350551	-0.010488	0.999338	0.0348336	-0.350402	-0.0362997	0.935896	-7.10098	0.127552	77.4363	
0.928732	-0.00322635	0.370737	-0.0121735	0.999158	0.0391909	-0.370551	-0.040911	0.927911	-7.4205	0.0933326	78.2624	
0.92049	-0.00416225	0.390745	-0.0139527	0.998956	0.0435098	-0.390518	-0.0455022	0.91947	-7.75781	0.0550343	79.0811	
0.911816	-0.00519737	0.410566	-0.0158249	0.998732	0.0477881	-0.410293	-0.0500711	0.910578	-8.11273	0.0126762	79.8922	
0.902717	-0.00633118	0.430189	-0.017789	0.998487	0.0520238	-0.429867	-0.0546154	0.901239	-8.48509	-0.0337209	80.6952	
0.893196	-0.00756314	0.449604	-0.0198442	0.998221	0.0562149	-0.44923	-0.0591329	0.891457	-8.8747	-0.0841342	81.4897	
0.883258	-0.00889264	0.468804	-0.0219894	0.997934	0.0603591	-0.468372	-0.0636214	0.881238	-9.28138	-0.138539	82.2754	
0.872907	-0.010319	0.487777	-0.0242236	0.997627	0.0644546	-0.487284	-0.0680786	0.870586	-9.70493	-0.196908	83.0518	
0.86215	-0.0118416	0.506515	-0.0265456	0.997298	0.0684993	-0.505957	-0.0725024	0.859506	-10.1451	-0.259214	83.8186	
0.850991	-0.0134596	0.525008	-0.0289544	0.996949	0.0724911	-0.524382	-0.0768906	0.848004	-10.6018	-0.325425	84.5754	
0.839435	-0.0151723	0.543248	-0.0314487	0.996579	0.0764283	-0.542549	-0.081241	0.836087	-11.0746	-0.395509	85.3217	
0.827489	-0.0169787	0.561225	-0.0340273	0.996189	0.0803087	-0.560449	-0.0855516	0.823758	-11.5635	-0.469431	86.0574	
