1	0	0	0	1	0	0	0	1	0	0	0	
1	-2.27101e-08	-0.000158709	-2.27101e-08	1	-0.000286184	0.000158709	0.000286184	1	6.83733e-05	0.000123291	0.861616	
1	-9.14848e-08	-0.000318556	-9.14693e-08	1	-0.000574323	0.000318556	0.000574323	1	0.000273983	0.000494004	1.72323	
1	-2.07287e-07	-0.000479535	-2.07225e-07	1	-0.000864403	0.000479535	0.000864403	1	0.000617808	0.00111382	2.58485	
1	-3.71081e-07	-0.000641642	-3.70924e-07	0.999999	-0.00115642	0.000641642	0.00115642	0.999999	0.00110082	0.0019844	3.44646	
1	-5.83829e-07	-0.000804869	-5.83512e-07	0.999999	-0.00145035	0.000804869	0.00145035	0.999999	0.00172399	0.00310742	4.30808	
1	-8.46495e-07	-0.000969213	-8.45937e-07	0.999998	-0.00174619	0.000969213	0.00174619	0.999998	0.00248828	0.00448451	5.16969	
0.999999	-1.16004e-06	-0.00113467	-1.15914e-06	0.999998	-0.00204393	0.00113467	0.00204393	0.999997	0.00339465	0.00611733	6.03131	
0.999999	-1.52543e-06	-0.00130123	-1.52407e-06	0.999997	-0.00234356	0.00130123	0.00234356	0.999996	0.00444405	0.00800749	6.89292	
0.999999	-1.94362e-06	-0.00146888	-1.94167e-06	0.999997	-0.00264506	0.00146888	0.00264506	0.999995	0.00563743	0.0101566	7.75453	
0.999999	-2.41558e-06	-0.00163764	-2.41288e-06	0.999996	-0.00294843	0.00163764	0.00294843	0.999994	0.00697575	0.0125663	8.61615	
0.999998	-2.94226e-06	-0.00180747	-2.93864e-06	0.999995	-0.00325364	0.00180747	0.00325364	0.999993	0.00845993	0.0152382	9.47776	
0.999998	-3.52462e-06	-0.0019784	-3.51989e-06	0.999994	-0.0035607	0.0019784	0.0035607	0.999992	0.0100909	0.0181739	10.3394	
0.999998	-4.16363e-06	-0.00215039	-4.15756e-06	0.999993	-0.00386959	0.00215039	0.00386959	0.99999	0.0118696	0.021375	11.201	
0.999997	-4.86023e-06	-0.00232346	-4.85259e-06	0.999991	-0.0041803	0.00232346	0.0041803	0.999989	0.013797	0.0248429	12.0626	
0.999997	-5.61538e-06	-0.0024976	-5.60592e-06	0.99999	-0.00449281	0.0024976	0.00449281	0.999987	0.015874	0.0285794	12.9242	
0.999996	-6.43002e-06	-0.00267279	-6.41847e-06	0.999988	-0.00480711	0.00267279	0.00480711	0.999985	0.0181014	0.0325858	13.7858	
0.999996	-7.30512e-06	-0.00284903	-7.29117e-06	0.999987	-0.0051232	0.00284903	0.0051232	0.999983	0.0204802	0.0368639	14.6474	
0.999995	-8.24161e-06	-0.00302633	-8.22495e-06	0.999985	-0.00544106	0.00302633	0.00544106	0.999981	0.0230114	0.0414151	15.509	
0.999995	-9.24045e-06	-0.00320466	-9.22073e-06	0.999983	-0.00576067	0.00320466	0.00576067	0.999978	0.0256958	0.0462409	16.3706	
0.999994	-1.03026e-05	-0.00338402	-1.02794e-05	0.999982	-0.00608203	0.00338402	0.00608203	0.999976	0.0285342	0.0513428	17.2322	
0.999994	-1.14289e-05	-0.00356442	-1.1402e-05	0.999979	-0.00640513	0.00356442	0.00640513	0.999973	0.0315277	0.0567224	18.0938	
0.999993	-1.26204e-05	-0.00374584	-1.25892e-05	0.999977	-0.00672994	0.00374584	0.00672994	0.99997	0.034677	0.062381	18.9554	
0.999992	-1.3878e-05	-0.00392827	-1.38422e-05	0.999975	-0.00705647	0.00392827	0.00705647	0.999967	0.037983	0.0683203	19.817	
0.999992	-1.52026e-05	-0.00411172	-1.51617e-05	0.999973	-0.00738469	0.00411172	0.00738469	0.999964	0.0414467	0.0745417	20.6786	
0.999991	-1.65952e-05	-0.00429617	-1.65486e-05	0.99997	-0.00771459	0.00429617	0.00771459	0.999961	0.0450689	0.0810466	21.5401	
0.99999	-1.80566e-05	-0.00448161	-1.80039e-05	0.999968	-0.00804617	0.00448161	0.00804617	0.999958	0.0488505	0.0878365	22.4017	
0.999989	-1.95879e-05	-0.00466805	-1.95285e-05	0.999965	-0.00837941	0.00466805	0.00837941	0.999954	0.0527922	0.0949127	23.2633	
0.999988	-2.11898e-05	-0.00485547	-2.11232e-05	0.999962	-0.00871429	0.00485547	0.00871429	0.99995	0.056895	0.102277	24.1249	
0.999987	-2.28634e-05	-0.00504387	-2.27889e-05	0.999959	-0.00905081	0.00504387	0.00905081	0.999946	0.0611597	0.10993	24.9864	
0.999986	-2.46094e-05	-0.00523324	-2.45266e-05	0.999956	-0.00938895	0.00523324	0.00938895	0.999942	0.0655872	0.117874	25.848	
0.999985	-2.64289e-05	-0.00542357	-2.6337e-05	0.999953	-0.0097287	0.00542358	0.0097287	0.999938	0.0701782	0.12611	26.7096	
0.999984	-2.83228e-05	-0.00561487	-2.82211e-05	0.999949	-0.01007	0.00561487	0.01007	0.999934	0.0749337	0.13464	27.5711	
0.999983	-3.02918e-05	-0.00580712	-3.01797e-05	0.999946	-0.010413	0.00580712	0.010413	0.999929	0.0798544	0.143464	28.4327	
0.999982	-3.23369e-05	-0.00600031	-3.22136e-05	0.999942	-0.0107575	0.00600031	0.0107575	0.999924	0.0849411	0.152584	29.2942	
0.999981	-3.4459e-05	-0.00619444	-3.43238e-05	0.999938	-0.0111035	0.00619444	0.0111035	0.999919	0.0901947	0.162002	30.1558	
0.99998	-3.6659e-05	-0.0063895	-3.65111e-05	0.999934	-0.0114511	0.0063895	0.0114511	0.999914	0.095616	0.171719	31.0173	
0.999978	-3.89377e-05	-0.00658549	-3.87763e-05	0.99993	-0.0118002	0.00658549	0.0118002	0.999909	0.101206	0.181736	31.8789	
0.999977	-4.1296e-05	-0.0067824	-4.11202e-05	0.999926	-0.0121509	0.0067824	0.0121509	0.999903	0.106965	0.192054	32.7404	
0.999976	-4.37347e-05	-0.00698022	-4.35437e-05	0.999922	-0.0125031	0.00698022	0.012503	0.999897	0.112894	0.202675	33.6019	
0.999974	-4.62548e-05	-0.00717894	-4.60476e-05	0.999917	-0.0128567	0.00717894	0.0128567	0.999892	0.118994	0.2136	34.4635	
0.999973	-4.8857e-05	-0.00737856	-4.86328e-05	0.999913	-0.0132118	0.00737856	0.0132118	0.999885	0.125265	0.224831	35.325	
0.999971	-5.15422e-05	-0.00757907	-5.13e-05	0.999908	-0.0135684	0.00757907	0.0135684	0.999879	0.131709	0.236368	36.1865	
0.99997	-5.43112e-05	-0.00778047	-5.405e-05	0.999903	-0.0139264	0.00778047	0.0139264	0.999873	0.138326	0.248213	37.048	
0.999968	-5.71649e-05	-0.00798274	-5.68836e-05	0.999898	-0.0142859	0.00798274	0.0142859	0.999866	0.145117	0.260367	37.9095	
0.999966	-6.0104e-05	-0.00818588	-5.98016e-05	0.999893	-0.0146468	0.00818589	0.0146468	0.999859	0.152082	0.272832	38.771	
0.999965	-6.31295e-05	-0.00838989	-6.28049e-05	0.999887	-0.0150091	0.00838989	0.0150091	0.999852	0.159223	0.285608	39.6325	
0.999963	-6.6242e-05	-0.00859475	-6.58941e-05	0.999882	-0.0153728	0.00859476	0.0153728	0.999845	0.166541	0.298697	40.494	
0.999961	-6.94424e-05	-0.00880046	-6.90701e-05	0.999876	-0.0157379	0.00880047	0.0157379	0.999837	0.174035	0.312099	41.3555	
0.999959	-7.27315e-05	-0.00900702	-7.23335e-05	0.99987	-0.0161044	0.00900702	0.0161044	0.99983	0.181706	0.325817	42.2169	
0.999958	-7.61101e-05	-0.0092144	-7.56852e-05	0.999864	-0.0164722	0.00921441	0.0164722	0.999822	0.189556	0.339852	43.0784	
0.999956	-7.95789e-05	-0.00942262	-7.91259e-05	0.999858	-0.0168414	0.00942262	0.0168414	0.999814	0.197585	0.354203	43.9399	
0.999954	-8.31387e-05	-0.00963165	-8.26563e-05	0.999852	-0.0172119	0.00963165	0.0172119	0.999805	0.205794	0.368874	44.8013	
0.999952	-8.67903e-05	-0.00984149	-8.62772e-05	0.999845	-0.0175837	0.0098415	0.0175837	0.999797	0.214183	0.383864	45.6628	
0.999949	-9.05344e-05	-0.0100521	-8.99892e-05	0.999839	-0.0179568	0.0100522	0.0179568	0.999788	0.222753	0.399175	46.5242	
0.999947	-9.43717e-05	-0.0102636	-9.37931e-05	0.999832	-0.0183312	0.0102636	0.0183312	0.999779	0.231506	0.414808	47.3856	
0.999945	-9.83031e-05	-0.0104758	-9.76895e-05	0.999825	-0.0187069	0.0104758	0.0187069	0.99977	0.24044	0.430765	48.2471	
0.999943	-0.000102329	-0.0106889	-0.000101679	0.999818	-0.0190838	0.0106889	0.0190838	0.999761	0.249558	0.447045	49.1085	
0.999941	-0.000106451	-0.0109027	-0.000105763	0.999811	-0.019462	0.0109027	0.019462	0.999751	0.25886	0.463651	49.9699	
0.9999	-0.00017111	-0.0141069	-0.000123567	0.999782	-0.0208853	0.0141074	0.020885	0.999682	0.269635	0.481033	50.8312	
0.99985	-0.000240344	-0.0173114	-0.00014596	0.999751	-0.0223102	0.0173125	0.0223094	0.999601	0.283171	0.499641	51.6926	
0.999789	-0.000314155	-0.0205161	-0.000172951	0.999718	-0.0237365	0.0205178	0.0237351	0.999508	0.299468	0.519478	52.5538	
0.999719	-0.000392549	-0.0237209	-0.000204546	0.999683	-0.0251641	0.0237232	0.0251619	0.999402	0.318528	0.540543	53.4149	
0.999637	-0.000475529	-0.0269256	-0.000240753	0.999646	-0.0265928	0.0269287	0.0265896	0.999284	0.340349	0.562838	54.276	
0.999546	-0.000563097	-0.0301303	-0.000281576	0.999607	-0.0280225	0.0301342	0.0280182	0.999153	0.364932	0.586363	55.1369	
0.999444	-0.000655256	-0.0333347	-0.000327019	0.999566	-0.029453	0.0333396	0.0294475	0.99901	0.392277	0.61112	55.9978	
0.999332	-0.000752007	-0.036539	-0.000377084	0.999523	-0.0308843	0.0365448	0.0308774	0.998855	0.422384	0.637109	56.8585	
0.99921	-0.000853351	-0.0397429	-0.000431774	0.999478	-0.0323162	0.0397497	0.0323078	0.998687	0.455252	0.664329	57.719	
0.999077	-0.000959288	-0.0429464	-0.000491088	0.99943	-0.0337485	0.0429543	0.0337385	0.998507	0.490882	0.692783	58.5794	
0.998934	-0.00106982	-0.0461493	-0.000555026	0.999381	-0.0351812	0.0461584	0.0351694	0.998315	0.529272	0.722469	59.4397	
0.998781	-0.00118494	-0.0493517	-0.000623585	0.999329	-0.0366142	0.049362	0.0366003	0.99811	0.570423	0.753388	60.2997	
0.998617	-0.00130466	-0.0525535	-0.000696761	0.999276	-0.0380471	0.0525651	0.0380312	0.997893	0.614334	0.78554	61.1596	
0.998443	-0.00142896	-0.0557545	-0.000774551	0.99922	-0.0394801	0.0557674	0.0394618	0.997664	0.661005	0.818924	62.0193	
0.998259	-0.00155785	-0.0589547	-0.000856948	0.999162	-0.0409128	0.058969	0.0408922	0.997422	0.710434	0.853541	62.8788	
0.998065	-0.00169132	-0.0621539	-0.000943946	0.999103	-0.0423453	0.0621698	0.042322	0.997168	0.762622	0.889391	63.7381	
0.997861	-0.00182938	-0.0653522	-0.00103554	0.999041	-0.0437773	0.0653696	0.0437513	0.996902	0.817567	0.926472	64.5972	
0.997646	-0.001972	-0.0685494	-0.00113171	0.998977	-0.0452087	0.0685684	0.0451798	0.996623	0.875269	0.964784	65.456	
0.997421	-0.0021192	-0.0717454	-0.00123245	0.998911	-0.0466394	0.0717661	0.0466075	0.996332	0.935726	1.00433	66.3146	
0.997185	-0.00227096	-0.0749402	-0.00133776	0.998843	-0.0480693	0.0749627	0.0480343	0.996029	0.998938	1.0451	67.1729	
0.99694	-0.00242728	-0.0781337	-0.00144761	0.998773	-0.0494982	0.078158	0.0494598	0.995713	1.0649	1.0871	68.031	
0.996684	-0.00258815	-0.0813258	-0.00156199	0.998701	-0.050926	0.0813519	0.0508842	0.995386	1.13362	1.13033	68.8888	
0.996418	-0.00275356	-0.0845164	-0.00168089	0.998627	-0.0523526	0.0845445	0.0523072	0.995046	1.20509	1.17479	69.7463	
0.996142	-0.00292351	-0.0877054	-0.0018043	0.998551	-0.0537778	0.0877356	0.0537286	0.994694	1.27931	1.22047	70.6035	
0.995856	-0.00309798	-0.0908928	-0.00193218	0.998473	-0.0552016	0.090925	0.0551485	0.99433	1.35628	1.26737	71.4603	
0.993803	-0.00429038	-0.111073	-0.00265425	0.998054	-0.0622997	0.111124	0.0622084	0.991858	1.44333	1.31793	72.316	
0.99134	-0.00562595	-0.131199	-0.00352051	0.997584	-0.0693785	0.131272	0.0692396	0.988925	1.54776	1.37456	73.1694	
0.988468	-0.00710407	-0.15126	-0.00453056	0.997064	-0.0764347	0.151359	0.0762386	0.985534	1.66952	1.43724	74.0201	
0.985189	-0.00872406	-0.171248	-0.00568393	0.996494	-0.083465	0.171376	0.0832022	0.981686	1.80857	1.50593	74.8676	
0.981504	-0.0104852	-0.191153	-0.00698009	0.995875	-0.0904662	0.191313	0.0901272	0.977382	1.96482	1.5806	75.7116	
0.977415	-0.0123866	-0.210966	-0.00841843	0.995206	-0.097435	0.211162	0.0970104	0.972625	2.13822	1.66123	76.5517	
0.972923	-0.0144274	-0.230678	-0.00999828	0.994488	-0.104368	0.230912	0.103849	0.967417	2.32867	1.74776	77.3875	
0.968031	-0.0166067	-0.250279	-0.0117189	0.993722	-0.111263	0.250556	0.110639	0.961759	2.5361	1.84017	78.2187	
0.962741	-0.0189234	-0.269761	-0.0135795	0.992907	-0.118115	0.270083	0.117377	0.955656	2.76041	1.9384	79.0447	
0.957056	-0.0213765	-0.289114	-0.0155793	0.992044	-0.124922	0.289484	0.124062	0.949109	3.00148	2.04242	79.8654	
0.950978	-0.0239649	-0.30833	-0.0177172	0.991134	-0.131681	0.308752	0.130688	0.942121	3.25922	2.15217	80.6801	
0.944509	-0.0266873	-0.327399	-0.0199924	0.990176	-0.138388	0.327876	0.137254	0.934697	3.53349	2.26761	81.4887	
0.937654	-0.0295425	-0.346313	-0.0224036	0.989172	-0.145041	0.346848	0.143757	0.926839	3.82418	2.38868	82.2907	
0.930414	-0.0325292	-0.365063	-0.02495	0.988122	-0.151636	0.365659	0.150192	0.918551	4.13114	2.51532	83.0858	
0.922794	-0.0356459	-0.38364	-0.0276301	0.987025	-0.15817	0.384301	0.156558	0.909836	4.45425	2.64747	83.8735	
0.914797	-0.0388912	-0.402036	-0.0304429	0.985884	-0.16464	0.402764	0.162851	0.9007	4.79333	2.78508	84.6535	
