1	0	0	0	1	0	0	0	1	0	0	0	
0.999997	1.72469e-06	0.00244423	1.72469e-06	0.999999	-0.00141123	-0.00244423	0.00141123	0.999996	-0.00106164	0.000612958	0.868686	
0.999988	6.91119e-06	0.00489348	6.90762e-06	0.999996	-0.0028239	-0.00489348	0.0028239	0.999984	-0.00424873	0.00245246	1.73736	
0.999973	1.5577e-05	0.00734768	1.55627e-05	0.999991	-0.00423795	-0.00734768	0.00423795	0.999964	-0.0095656	0.00551973	2.60603	
0.999952	2.77392e-05	0.00980673	2.77034e-05	0.999984	-0.00565335	-0.00980673	0.00565334	0.999936	-0.0170165	0.00981595	3.47467	
0.999925	4.34145e-05	0.0122706	4.33428e-05	0.999975	-0.00707002	-0.0122706	0.00707002	0.9999	-0.0266056	0.0153423	4.34329	
0.999891	6.26194e-05	0.0147391	6.24936e-05	0.999964	-0.00848792	-0.0147391	0.00848792	0.999855	-0.0383371	0.0220998	5.21187	
0.999852	8.53697e-05	0.0172122	8.51682e-05	0.999951	-0.009907	-0.0172122	0.00990699	0.999803	-0.0522149	0.0300895	6.08041	
0.999806	0.000111681	0.0196898	0.000111378	0.999936	-0.0113272	-0.0196898	0.0113272	0.999742	-0.0682431	0.0393124	6.9489	
0.999754	0.000141569	0.0221719	0.000141135	0.999919	-0.0127485	-0.0221719	0.0127485	0.999673	-0.0864255	0.0497695	7.81733	
0.999696	0.000175047	0.0246583	0.000174451	0.9999	-0.0141708	-0.0246583	0.0141707	0.999595	-0.106766	0.0614617	8.6857	
0.999631	0.000212131	0.027149	0.000211335	0.999878	-0.015594	-0.0271491	0.015594	0.99951	-0.129268	0.0743898	9.554	
0.99956	0.000252835	0.0296439	0.000251798	0.999855	-0.0170182	-0.0296439	0.0170182	0.999416	-0.153936	0.0885547	10.4222	
0.999483	0.000297172	0.0321429	0.000295849	0.99983	-0.0184432	-0.0321429	0.0184432	0.999313	-0.180773	0.103957	11.2904	
0.9994	0.000345155	0.0346459	0.0003435	0.999803	-0.019869	-0.0346459	0.019869	0.999202	-0.209782	0.120598	12.1584	
0.99931	0.000396798	0.0371529	0.000394757	0.999773	-0.0212956	-0.0371529	0.0212956	0.999083	-0.240967	0.138477	13.0263	
0.999213	0.000452113	0.0396636	0.000449631	0.999742	-0.0227229	-0.0396637	0.0227228	0.998955	-0.274332	0.157596	13.8942	
0.99911	0.000511111	0.0421782	0.000508129	0.999708	-0.0241508	-0.0421782	0.0241508	0.998818	-0.30988	0.177956	14.7619	
0.999	0.000573805	0.0446964	0.000570258	0.999673	-0.0255794	-0.0446964	0.0255793	0.998673	-0.347613	0.199556	15.6295	
0.998884	0.000640207	0.0472182	0.000636028	0.999635	-0.0270085	-0.0472183	0.0270084	0.998519	-0.387536	0.222397	16.497	
0.998762	0.000710326	0.0497435	0.000705443	0.999595	-0.028438	-0.0497436	0.0284379	0.998357	-0.42965	0.24648	17.3643	
0.998633	0.000784173	0.0522722	0.000778512	0.999554	-0.0298681	-0.0522723	0.0298679	0.998186	-0.47396	0.271804	18.2315	
0.998497	0.000861759	0.0548043	0.00085524	0.99951	-0.0312985	-0.0548044	0.0312983	0.998006	-0.520468	0.298371	19.0985	
0.998354	0.000943093	0.0573396	0.000935633	0.999464	-0.0327292	-0.0573397	0.032729	0.997818	-0.569178	0.326181	19.9654	
0.998205	0.00102819	0.0598781	0.0010197	0.999416	-0.0341603	-0.0598782	0.03416	0.997621	-0.62009	0.355234	20.8321	
0.998049	0.00111704	0.0624196	0.00110744	0.999366	-0.0355915	-0.0624198	0.0355912	0.997415	-0.67321	0.38553	21.6986	
0.997887	0.00120968	0.0649642	0.00119885	0.999314	-0.037023	-0.0649644	0.0370227	0.997201	-0.728538	0.41707	22.565	
0.997718	0.00130609	0.0675116	0.00129396	0.99926	-0.0384546	-0.0675118	0.0384542	0.996977	-0.786078	0.449852	23.4311	
0.997542	0.0014063	0.0700618	0.00139275	0.999203	-0.0398863	-0.0700621	0.0398858	0.996745	-0.845833	0.483879	24.2971	
0.997359	0.00151031	0.0726148	0.00149523	0.999145	-0.041318	-0.0726151	0.0413174	0.996504	-0.907804	0.519149	25.1628	
0.997169	0.00161812	0.0751705	0.00160141	0.999085	-0.0427497	-0.0751708	0.0427491	0.996254	-0.971994	0.555663	26.0284	
0.996973	0.00172974	0.0777286	0.00171128	0.999022	-0.0441813	-0.0777291	0.0441806	0.995995	-1.0384	0.59342	26.8937	
0.99677	0.00184519	0.0802893	0.00182485	0.998958	-0.0456128	-0.0802898	0.045612	0.995727	-1.10704	0.632421	27.7588	
0.99656	0.00196445	0.0828523	0.00194213	0.998891	-0.0470441	-0.0828529	0.0470432	0.995451	-1.1779	0.672665	28.6237	
0.996343	0.00208755	0.0854177	0.0020631	0.998822	-0.0484753	-0.0854183	0.0484742	0.995165	-1.25099	0.714153	29.4883	
0.996119	0.00221448	0.0879852	0.00218778	0.998752	-0.0499061	-0.0879859	0.0499049	0.994871	-1.3263	0.756883	30.3526	
0.995889	0.00234524	0.0905549	0.00231616	0.998679	-0.0513366	-0.0905557	0.0513353	0.994567	-1.40385	0.800856	31.2167	
0.995651	0.00247985	0.0931266	0.00244825	0.998604	-0.0527668	-0.0931275	0.0527653	0.994255	-1.48363	0.846072	32.0806	
0.995407	0.00261831	0.0957003	0.00258404	0.998527	-0.0541965	-0.0957012	0.0541949	0.993934	-1.56565	0.892529	32.9441	
0.995155	0.00276062	0.0982758	0.00272353	0.998448	-0.0556258	-0.0982768	0.0556239	0.993603	-1.6499	0.940228	33.8074	
0.994897	0.00290678	0.100853	0.00286672	0.998367	-0.0570545	-0.100854	0.0570525	0.993264	-1.73639	0.989168	34.6704	
0.994632	0.0030568	0.103432	0.00301361	0.998284	-0.0584827	-0.103433	0.0584804	0.992916	-1.82513	1.03935	35.5331	
0.99436	0.00321067	0.106013	0.00316421	0.998199	-0.0599102	-0.106014	0.0599077	0.992558	-1.9161	1.09077	36.3954	
0.99408	0.0033684	0.108595	0.00331849	0.998112	-0.0613371	-0.108596	0.0613344	0.992192	-2.00931	1.14343	37.2575	
0.993794	0.00353	0.111178	0.00347648	0.998022	-0.0627633	-0.11118	0.0627603	0.991817	-2.10477	1.19733	38.1192	
0.993501	0.00369545	0.113763	0.00363815	0.997931	-0.0641887	-0.113765	0.0641854	0.991432	-2.20247	1.25247	38.9807	
0.993201	0.00386477	0.116349	0.00380351	0.997838	-0.0656132	-0.116351	0.0656097	0.991039	-2.30242	1.30884	39.8417	
0.992894	0.00403795	0.118937	0.00397255	0.997743	-0.067037	-0.118939	0.0670331	0.990636	-2.40462	1.36646	40.7025	
0.992579	0.004215	0.121525	0.00414527	0.997645	-0.0684598	-0.121528	0.0684555	0.990225	-2.50907	1.42531	41.5628	
0.992258	0.0043959	0.124115	0.00432167	0.997546	-0.0698816	-0.124117	0.069877	0.989804	-2.61576	1.48539	42.4228	
0.99193	0.00458067	0.126705	0.00450173	0.997445	-0.0713025	-0.126708	0.0712974	0.989374	-2.72471	1.54671	43.2825	
0.991595	0.00476929	0.129296	0.00468546	0.997341	-0.0727222	-0.129299	0.0727168	0.988936	-2.8359	1.60926	44.1418	
0.991252	0.00496178	0.131888	0.00487285	0.997236	-0.0741409	-0.131891	0.074135	0.988488	-2.94935	1.67304	45.0006	
0.990903	0.00515811	0.13448	0.00506389	0.997129	-0.0755585	-0.134484	0.0755521	0.988031	-3.06504	1.73806	45.8591	
0.990546	0.0053583	0.137073	0.00525858	0.997019	-0.0769748	-0.137077	0.0769679	0.987566	-3.183	1.80431	46.7172	
0.990183	0.00556234	0.139667	0.0054569	0.996908	-0.0783899	-0.139671	0.0783825	0.987091	-3.3032	1.87178	47.5749	
0.989812	0.00577023	0.142261	0.00565886	0.996795	-0.0798037	-0.142265	0.0797957	0.986607	-3.42566	1.94048	48.4322	
0.989435	0.00598196	0.144855	0.00586444	0.996679	-0.0812161	-0.14486	0.0812076	0.986114	-3.55037	2.01042	49.289	
0.98905	0.00619753	0.14745	0.00607364	0.996562	-0.0826272	-0.147455	0.082618	0.985612	-3.67733	2.08157	50.1454	
0.988528	0.00648362	0.150897	0.00582841	0.996696	-0.0810075	-0.150923	0.0809576	0.985225	-3.80693	2.15262	51.0014	
0.987993	0.00676448	0.154349	0.00557762	0.996828	-0.0793893	-0.154397	0.0792969	0.984822	-3.93955	2.22223	51.8571	
0.987445	0.00704003	0.157807	0.00532126	0.996957	-0.0777726	-0.157874	0.0776359	0.984403	-4.07518	2.29039	52.7124	
0.986883	0.00731025	0.161269	0.00505931	0.997083	-0.0761574	-0.161356	0.0759744	0.983968	-4.21383	2.35711	53.5674	
0.986309	0.00757507	0.164736	0.00479177	0.997206	-0.0745438	-0.164841	0.0743125	0.983517	-4.35552	2.42238	54.4219	
0.985721	0.00783445	0.168207	0.00451863	0.997327	-0.0729315	-0.168329	0.0726502	0.98305	-4.50023	2.48622	55.2761	
0.985119	0.00808835	0.171682	0.00423988	0.997444	-0.0713207	-0.17182	0.0709873	0.982567	-4.64797	2.54861	56.1299	
0.984505	0.00833673	0.17516	0.00395551	0.997559	-0.0697113	-0.175313	0.069324	0.982069	-4.79874	2.60955	56.9832	
0.983877	0.00857955	0.17864	0.00366552	0.997672	-0.0681032	-0.178809	0.06766	0.981555	-4.95255	2.66905	57.8361	
0.983236	0.00881676	0.182123	0.00336988	0.997781	-0.0664965	-0.182306	0.0659955	0.981025	-5.1094	2.7271	58.6885	
0.982582	0.00904832	0.185609	0.00306859	0.997888	-0.0648911	-0.185804	0.0643303	0.980479	-5.26929	2.78371	59.5405	
0.981915	0.00927421	0.189096	0.00276164	0.997992	-0.0632869	-0.189303	0.0626645	0.979917	-5.43221	2.83886	60.392	
0.981235	0.00949439	0.192584	0.00244902	0.998093	-0.0616839	-0.192802	0.060998	0.97934	-5.59818	2.89258	61.243	
0.980541	0.00970882	0.196073	0.00213072	0.998191	-0.0600821	-0.196302	0.0593308	0.978747	-5.76718	2.94484	62.0934	
0.979835	0.00991746	0.199563	0.00180673	0.998287	-0.0584815	-0.199802	0.0576627	0.978138	-5.93923	2.99566	62.9434	
0.979115	0.0101203	0.203054	0.00147703	0.99838	-0.056882	-0.2033	0.0559939	0.977514	-6.11431	3.04502	63.7928	
0.978383	0.0103173	0.206544	0.00114162	0.99847	-0.0552835	-0.206798	0.0543243	0.976874	-6.29244	3.09294	64.6417	
0.977638	0.0105084	0.210033	0.000800489	0.998558	-0.0536861	-0.210294	0.0526537	0.976219	-6.4736	3.1394	65.49	
0.97688	0.0106937	0.213522	0.00045362	0.998642	-0.0520897	-0.213789	0.0509823	0.975549	-6.6578	3.18442	66.3378	
0.976109	0.010873	0.217009	0.000101004	0.998724	-0.0504943	-0.217281	0.0493098	0.974863	-6.84503	3.22798	67.1849	
0.975326	0.0110464	0.220495	-0.000257371	0.998804	-0.0488998	-0.220771	0.0476364	0.974162	-7.0353	3.27009	68.0315	
0.97453	0.0112138	0.223978	-0.000621517	0.99888	-0.0473061	-0.224258	0.045962	0.973445	-7.22859	3.31074	68.8774	
0.973721	0.0113752	0.22746	-0.000991445	0.998954	-0.0457134	-0.227742	0.0442865	0.972714	-7.42491	3.34994	69.7227	
0.9729	0.0115307	0.230938	-0.00136717	0.999025	-0.0441214	-0.231222	0.04261	0.971967	-7.62426	3.38768	70.5673	
0.97142	0.0117341	0.237079	-0.00623454	0.999694	-0.0239337	-0.237287	0.0217716	0.971196	-7.82776	3.41565	71.4114	
0.969901	0.0118058	0.243213	-0.0112268	0.99993	-0.00376686	-0.24324	0.000922992	0.969966	-8.03649	3.42551	72.2545	
0.968345	0.0117458	0.249337	-0.0163415	0.999732	0.0163697	-0.249078	-0.0199261	0.968278	-8.25033	3.41725	73.0964	
0.966753	0.011554	0.25545	-0.0215763	0.999102	0.0364664	-0.254799	-0.0407657	0.966134	-8.46919	3.39089	73.9367	
0.965125	0.0112306	0.261548	-0.0269288	0.998039	0.0565139	-0.2604	-0.0615861	0.963535	-8.69298	3.34643	74.7748	
0.963462	0.0107756	0.267628	-0.0323963	0.996543	0.0765026	-0.265878	-0.0823775	0.960481	-8.92157	3.2839	75.6106	
0.961765	0.0101894	0.273687	-0.0379764	0.994616	0.0964232	-0.271231	-0.10313	0.956973	-9.15487	3.20332	76.4434	
0.960034	0.00947225	0.279722	-0.0436663	0.992258	0.116266	-0.276455	-0.123834	0.953015	-9.39276	3.10474	77.2731	
0.958271	0.00862439	0.285731	-0.0494635	0.98947	0.136022	-0.281549	-0.144479	0.948607	-9.63514	2.98819	78.099	
0.956476	0.00764626	0.291711	-0.0553651	0.986254	0.155682	-0.286511	-0.165057	0.943752	-9.88188	2.85374	78.921	
0.95465	0.00653834	0.297659	-0.0613684	0.982612	0.175236	-0.291337	-0.185556	0.938452	-10.1329	2.70145	79.7386	
0.952794	0.00530113	0.303572	-0.0674705	0.978544	0.194676	-0.296026	-0.205968	0.932709	-10.388	2.53139	80.5513	
0.950909	0.00393523	0.309447	-0.0736687	0.974054	0.213992	-0.300576	-0.226283	0.926526	-10.6471	2.34363	81.3589	
0.948995	0.00244128	0.315281	-0.0799599	0.969142	0.233175	-0.304983	-0.246491	0.919906	-10.9102	2.13828	82.1609	
0.947054	0.000819978	0.321073	-0.0863411	0.963812	0.252215	-0.309247	-0.266583	0.912853	-11.177	1.91542	82.957	
0.945087	-0.000927904	0.326818	-0.0928095	0.958065	0.271105	-0.313365	-0.286549	0.905368	-11.4474	1.67516	83.7468	
0.943094	-0.00280154	0.332515	-0.0993619	0.951905	0.289834	-0.317335	-0.30638	0.897457	-11.7214	1.41762	84.5298	
