1	0	0	0	1	0	0	0	1	0	0	0	
0.999997	-2.17499e-06	-0.00239381	-2.17499e-06	0.999998	-0.00181717	0.00239381	0.00181717	0.999995	0.00121746	0.000924189	1.01717	
0.999989	-8.7283e-06	-0.00479551	-8.7275e-06	0.999993	-0.00363999	0.00479551	0.00363999	0.999982	0.00487385	0.00369963	2.03433	
0.999974	-1.97018e-05	-0.00720498	-1.96985e-05	0.999985	-0.00546837	0.00720498	0.00546837	0.999959	0.0109771	0.00833202	3.05147	
0.999954	-3.51366e-05	-0.00962209	-3.51285e-05	0.999973	-0.00730221	0.00962209	0.00730221	0.999927	0.0195352	0.014827	4.06859	
0.999927	-5.50734e-05	-0.0120467	-5.50571e-05	0.999958	-0.00914142	0.0120467	0.00914142	0.999886	0.0305556	0.02319	5.08567	
0.999895	-7.9552e-05	-0.0144788	-7.95234e-05	0.99994	-0.0109859	0.0144788	0.0109859	0.999835	0.0440461	0.0334264	6.1027	
0.999857	-0.000108612	-0.0169181	-0.000108566	0.999918	-0.0128356	0.0169181	0.0128356	0.999774	0.0600141	0.0455417	7.11967	
0.999812	-0.000142291	-0.0193646	-0.000142222	0.999892	-0.0146903	0.0193646	0.0146903	0.999705	0.078467	0.059541	8.13658	
0.999762	-0.000180629	-0.0218181	-0.00018053	0.999863	-0.0165501	0.0218181	0.0165501	0.999625	0.0994119	0.0754294	9.15341	
0.999705	-0.000223661	-0.0242785	-0.000223525	0.99983	-0.0184147	0.0242785	0.0184147	0.999536	0.122856	0.0932121	10.1702	
0.999642	-0.000271426	-0.0267458	-0.000271243	0.999794	-0.0202842	0.0267458	0.0202842	0.999436	0.148806	0.112894	11.1868	
0.999573	-0.000323958	-0.0292197	-0.00032372	0.999754	-0.0221583	0.0292197	0.0221583	0.999327	0.17727	0.134479	12.2033	
0.999497	-0.000381293	-0.0317002	-0.000380989	0.999711	-0.0240371	0.0317002	0.0240371	0.999208	0.208253	0.157974	13.2198	
0.999415	-0.000443466	-0.0341871	-0.000443085	0.999664	-0.0259204	0.0341871	0.0259204	0.999079	0.241762	0.183382	14.2361	
0.999327	-0.00051051	-0.0366803	-0.000510041	0.999613	-0.0278081	0.0366803	0.0278081	0.99894	0.277804	0.210707	15.2522	
0.999232	-0.00058246	-0.0391797	-0.000581888	0.999559	-0.0297002	0.0391797	0.0297002	0.998791	0.316385	0.239955	16.2683	
0.999131	-0.000659347	-0.0416851	-0.000658659	0.9995	-0.0315965	0.0416851	0.0315965	0.998631	0.357512	0.27113	17.2841	
0.999023	-0.000741203	-0.0441965	-0.000740384	0.999439	-0.0334969	0.0441965	0.0334969	0.998461	0.40119	0.304235	18.2998	
0.998908	-0.00082806	-0.0467137	-0.000827094	0.999373	-0.0354014	0.0467137	0.0354014	0.998281	0.447426	0.339276	19.3153	
0.998787	-0.000919948	-0.0492366	-0.000918818	0.999303	-0.0373099	0.0492366	0.0373098	0.99809	0.496225	0.376256	20.3307	
0.998659	-0.0010169	-0.051765	-0.00101558	0.99923	-0.0392221	0.0517651	0.0392221	0.997889	0.547593	0.415179	21.3458	
0.998524	-0.00111893	-0.0542989	-0.00111742	0.999153	-0.0411382	0.054299	0.0411382	0.997677	0.601536	0.456049	22.3607	
0.998383	-0.00122609	-0.0568381	-0.00122436	0.999072	-0.0430579	0.0568382	0.0430579	0.997454	0.658059	0.49887	23.3754	
0.998234	-0.00133839	-0.0593825	-0.00133642	0.998987	-0.0449812	0.0593826	0.0449811	0.997221	0.717167	0.543646	24.3899	
0.998079	-0.00145587	-0.061932	-0.00145363	0.998898	-0.0469079	0.0619321	0.0469079	0.996977	0.778866	0.590379	25.4041	
0.997917	-0.00157854	-0.0644864	-0.00157602	0.998805	-0.0488381	0.0644865	0.048838	0.996723	0.843161	0.639074	26.4181	
0.997748	-0.00170644	-0.0670456	-0.00170361	0.998709	-0.0507715	0.0670457	0.0507714	0.996457	0.910056	0.689734	27.4318	
0.997573	-0.00183959	-0.0696095	-0.00183642	0.998608	-0.0527081	0.0696096	0.052708	0.996181	0.979557	0.742362	28.4452	
0.99739	-0.001978	-0.072178	-0.00197448	0.998504	-0.0546478	0.0721781	0.0546476	0.995894	1.05167	0.796962	29.4583	
0.9972	-0.00212172	-0.0747509	-0.00211781	0.998395	-0.0565905	0.0747511	0.0565903	0.995595	1.12639	0.853536	30.4712	
0.997003	-0.00227075	-0.0773282	-0.00226642	0.998283	-0.058536	0.0773283	0.0585359	0.995286	1.20374	0.912088	31.4837	
0.996799	-0.00242512	-0.0799096	-0.00242035	0.998166	-0.0604844	0.0799098	0.0604842	0.994965	1.28371	0.97262	32.4959	
0.996588	-0.00258486	-0.0824951	-0.00257962	0.998046	-0.0624355	0.0824953	0.0624353	0.994634	1.36631	1.03513	33.5078	
0.99637	-0.00274997	-0.0850845	-0.00274423	0.997921	-0.0643892	0.0850847	0.0643889	0.994291	1.45154	1.09964	34.5193	
0.996145	-0.00292049	-0.0876778	-0.00291421	0.997792	-0.0663454	0.087678	0.0663451	0.993937	1.5394	1.16613	35.5305	
0.995912	-0.00309643	-0.0902747	-0.00308958	0.99766	-0.068304	0.0902749	0.0683037	0.993572	1.6299	1.23461	36.5414	
0.995672	-0.0032778	-0.0928752	-0.00327035	0.997523	-0.070265	0.0928754	0.0702646	0.993195	1.72305	1.30508	37.5518	
0.995425	-0.00346463	-0.0954791	-0.00345654	0.997382	-0.0722282	0.0954794	0.0722278	0.992808	1.81885	1.37755	38.5618	
0.995171	-0.00365692	-0.0980863	-0.00364816	0.997237	-0.0741935	0.0980867	0.074193	0.992408	1.91729	1.45202	39.5715	
0.99491	-0.00385471	-0.100697	-0.00384524	0.997088	-0.0761608	0.100697	0.0761603	0.991998	2.01839	1.52848	40.5807	
0.994641	-0.00405799	-0.10331	-0.00404777	0.996935	-0.0781301	0.103311	0.0781296	0.991576	2.12215	1.60695	41.5896	
0.994365	-0.00426679	-0.105927	-0.00425579	0.996778	-0.0801012	0.105927	0.0801006	0.991142	2.22856	1.68743	42.5979	
0.994081	-0.00448112	-0.108546	-0.00446929	0.996616	-0.0820741	0.108546	0.0820734	0.990698	2.33764	1.76991	43.6059	
0.993791	-0.004701	-0.111168	-0.00468829	0.996451	-0.0840486	0.111168	0.0840479	0.990241	2.44938	1.85439	44.6134	
0.993492	-0.00492642	-0.113792	-0.00491281	0.996281	-0.0860247	0.113793	0.0860239	0.989773	2.5638	1.94089	45.6204	
0.993187	-0.00515741	-0.116419	-0.00514284	0.996107	-0.0880022	0.11642	0.0880014	0.989294	2.68088	2.0294	46.6269	
0.992874	-0.00539397	-0.119048	-0.00537841	0.995929	-0.0899812	0.119049	0.0899802	0.988803	2.80063	2.11992	47.6329	
0.992553	-0.00563612	-0.12168	-0.00561951	0.995747	-0.0919613	0.12168	0.0919603	0.9883	2.92307	2.21245	48.6385	
0.992226	-0.00588386	-0.124313	-0.00586616	0.99556	-0.0939427	0.124314	0.0939416	0.987786	3.04818	2.307	49.6435	
0.99189	-0.00613719	-0.126948	-0.00611837	0.99537	-0.0959251	0.126949	0.0959239	0.98726	3.17596	2.40356	50.6479	
0.991548	-0.00639614	-0.129585	-0.00637613	0.995175	-0.0979085	0.129586	0.0979072	0.986723	3.30643	2.50214	51.6519	
0.991197	-0.0066607	-0.132224	-0.00663945	0.994976	-0.0998929	0.132225	0.0998914	0.986174	3.43959	2.60274	52.6553	
0.99084	-0.00693088	-0.134864	-0.00690835	0.994773	-0.101878	0.134866	0.101876	0.985613	3.57543	2.70535	53.6581	
0.990475	-0.00720668	-0.137506	-0.00718282	0.994566	-0.103864	0.137508	0.103862	0.98504	3.71395	2.80999	54.6603	
0.990102	-0.00748812	-0.140149	-0.00746286	0.994354	-0.10585	0.140151	0.105848	0.984456	3.85517	2.91665	55.662	
0.989722	-0.00777518	-0.142794	-0.00774848	0.994138	-0.107837	0.142795	0.107835	0.98386	3.99907	3.02532	56.6631	
0.989334	-0.00806787	-0.145439	-0.00803968	0.993918	-0.109824	0.14544	0.109822	0.983253	4.14566	3.13602	57.6635	
0.988939	-0.00836621	-0.148085	-0.00833647	0.993694	-0.111812	0.148087	0.11181	0.982634	4.29494	3.24874	58.6633	
0.988537	-0.00867017	-0.150732	-0.00863883	0.993466	-0.1138	0.150734	0.113798	0.982003	4.44692	3.36348	59.6625	
0.988127	-0.00897978	-0.15338	-0.00894676	0.993234	-0.115788	0.153382	0.115786	0.98136	4.60159	3.48024	60.6611	
0.987709	-0.00929501	-0.156028	-0.00926028	0.992997	-0.117776	0.15603	0.117773	0.980706	4.75895	3.59903	61.6589	
0.987284	-0.00961589	-0.158677	-0.00957937	0.992756	-0.119764	0.158679	0.119761	0.98004	4.91901	3.71983	62.6561	
0.986851	-0.00994239	-0.161326	-0.00990403	0.992511	-0.121752	0.161328	0.121749	0.979362	5.08176	3.84266	63.6527	
0.986411	-0.0102745	-0.163975	-0.0102343	0.992262	-0.12374	0.163977	0.123736	0.978673	5.24721	3.96751	64.6485	
0.986133	-0.0104816	-0.165623	-0.00997626	0.992454	-0.122208	0.165654	0.122166	0.978588	5.41485	4.09258	65.6439	
0.985852	-0.0106865	-0.167274	-0.00971579	0.992644	-0.120677	0.167334	0.120595	0.978497	5.5842	4.21604	66.6393	
0.985568	-0.0108889	-0.168928	-0.00945287	0.992832	-0.119147	0.169015	0.119025	0.9784	5.75527	4.33791	67.6345	
0.985281	-0.0110891	-0.170584	-0.00918751	0.993016	-0.117619	0.170697	0.117455	0.978298	5.92804	4.45818	68.6297	
0.98499	-0.0112868	-0.172242	-0.00891973	0.993198	-0.116092	0.172381	0.115886	0.97819	6.10252	4.57685	69.6247	
0.984696	-0.0114821	-0.173901	-0.00864955	0.993378	-0.114566	0.174065	0.114317	0.978076	6.27872	4.69393	70.6197	
0.985882	-0.0107726	-0.167098	-0.00447285	0.995878	-0.0905929	0.167385	0.0900613	0.981769	6.45239	4.79788	71.6165	
0.98702	-0.0102316	-0.16027	-0.000460918	0.997784	-0.066537	0.160596	0.0657472	0.984828	6.6192	4.87713	72.6167	
0.988111	-0.0098597	-0.153424	0.00338366	0.999094	-0.0424141	0.153703	0.0413907	0.98725	6.77906	4.93162	73.6197	
0.989154	-0.00965696	-0.146563	0.0070584	0.999809	-0.0182398	0.146711	0.0170074	0.989033	6.93185	4.96132	74.6249	
0.990148	-0.00962356	-0.139692	0.0105609	0.999926	0.0059704	0.139624	-0.00738686	0.990177	7.07749	4.96621	75.6315	
0.991093	-0.00975952	-0.132815	0.013889	0.999447	0.0302007	0.132447	-0.0317764	0.990681	7.21587	4.94629	76.639	
0.991987	-0.0100648	-0.125937	0.0170404	0.998372	0.0544355	0.125184	-0.0561453	0.990544	7.3469	4.90158	77.6467	
0.992831	-0.0105391	-0.119062	0.0200131	0.996701	0.0786591	0.11784	-0.080478	0.989766	7.47051	4.83209	78.6539	
0.993623	-0.0111821	-0.112195	0.0228052	0.994435	0.102856	0.11042	-0.104759	0.988349	7.5866	4.73787	79.66	
0.994364	-0.0119936	-0.10534	0.025415	0.991576	0.12701	0.102929	-0.128971	0.986292	7.69512	4.619	80.6643	
0.995052	-0.0129728	-0.0985009	0.0278406	0.988125	0.151106	0.095371	-0.153101	0.983598	7.79597	4.47553	81.6663	
0.995688	-0.0141193	-0.0916831	0.0300806	0.984086	0.175129	0.0877514	-0.177131	0.980267	7.88911	4.30757	82.6651	
0.996271	-0.0154322	-0.0848906	0.0321335	0.97946	0.199062	0.080075	-0.201047	0.976303	7.97447	4.11522	83.6602	
0.9968	-0.0169107	-0.0781279	0.033998	0.97425	0.22289	0.0723469	-0.224833	0.971708	8.05199	3.89861	84.651	
0.997275	-0.0185538	-0.0713992	0.0356728	0.968461	0.246599	0.064572	-0.248474	0.966484	8.12163	3.65788	85.6368	
0.997696	-0.0203605	-0.0647089	0.0371569	0.962095	0.270172	0.0567553	-0.271954	0.960635	8.18334	3.39319	86.617	
0.998063	-0.0223297	-0.0580615	0.0384493	0.955157	0.293594	0.0489019	-0.295258	0.954165	8.23708	3.10469	87.5909	
0.998375	-0.02446	-0.051461	0.0395492	0.947651	0.316851	0.0410169	-0.318371	0.947078	8.28281	2.7926	88.5579	
0.998633	-0.02675	-0.044912	0.0404559	0.939582	0.339926	0.0331054	-0.341278	0.939379	8.32051	2.45709	89.5173	
0.998835	-0.0291984	-0.0384184	0.0411688	0.930955	0.362806	0.0251725	-0.363965	0.931072	8.35016	2.09839	90.4687	
0.998982	-0.0318034	-0.0319847	0.0416874	0.921776	0.385475	0.0172233	-0.386416	0.922164	8.37172	1.71674	91.4113	
0.999074	-0.0345635	-0.0256149	0.0420113	0.912051	0.407919	0.00926297	-0.408618	0.912659	8.38519	1.31237	92.3445	
0.999111	-0.0374768	-0.0193131	0.0421405	0.901786	0.430123	0.00129665	-0.430555	0.902564	8.39056	0.88556	93.2677	
0.999092	-0.0405414	-0.0130834	0.0420748	0.890988	0.452073	-0.00667051	-0.452214	0.891885	8.38783	0.436572	94.1804	
0.999018	-0.0437554	-0.00692993	0.0418142	0.879663	0.473755	-0.0146334	-0.47358	0.880629	8.37699	-0.0342985	95.0819	
0.998889	-0.0471167	-0.000856546	0.0413589	0.86782	0.495155	-0.0225867	-0.49464	0.868804	8.35806	-0.526748	95.9717	
0.998705	-0.0506231	0.00513279	0.0407092	0.855465	0.516258	-0.0305255	-0.51538	0.856418	8.33105	-1.04046	96.8492	
0.998465	-0.0542724	0.0110342	0.0398656	0.842607	0.537052	-0.0384446	-0.535787	0.843477	8.29597	-1.5751	97.7138	
0.998171	-0.0580622	0.0168439	0.0388285	0.829254	0.557522	-0.0463387	-0.555848	0.829991	8.25285	-2.13032	98.5649	
