1	0	0	0	1	0	0	0	1	0	0	0	
0.99999	6.82994e-06	-0.00447549	6.82994e-06	0.999995	0.00305213	0.00447549	-0.00305213	0.999985	0.00215751	-0.00147135	0.964137	
0.99996	2.7324e-05	-0.00895244	2.73135e-05	0.999981	0.00610291	0.00895244	-0.00610291	0.999941	0.00863074	-0.00588473	1.92825	
0.99991	6.14857e-05	-0.0134307	6.14438e-05	0.999958	0.00915225	0.0134307	-0.00915225	0.999868	0.019421	-0.0132388	2.8923	
0.99984	0.000109318	-0.0179102	0.000109213	0.999926	0.0122001	0.0179102	-0.0122001	0.999765	0.0345296	-0.0235322	3.85626	
0.999749	0.000170823	-0.0223907	0.000170613	0.999884	0.0152462	0.0223907	-0.0152462	0.999633	0.0539575	-0.0367633	4.82012	
0.999639	0.000246003	-0.0268721	0.000245636	0.999833	0.0182907	0.0268721	-0.0182907	0.999472	0.0777057	-0.0529305	5.78383	
0.999508	0.000334859	-0.0313543	0.000334272	0.999772	0.0213333	0.0313543	-0.0213333	0.999281	0.105775	-0.0720321	6.74737	
0.999358	0.000437393	-0.0358371	0.000436512	0.999703	0.024374	0.0358371	-0.024374	0.99906	0.138166	-0.0940663	7.71072	
0.999187	0.000553604	-0.0403203	0.000552345	0.999624	0.0274128	0.0403204	-0.0274127	0.998811	0.174879	-0.119031	8.67383	
0.998996	0.000683492	-0.044804	0.000681762	0.999536	0.0304494	0.044804	-0.0304493	0.998532	0.215915	-0.146925	9.6367	
0.998784	0.000827058	-0.0492878	0.000824751	0.999439	0.0334838	0.0492879	-0.0334837	0.998223	0.261274	-0.177745	10.5993	
0.998553	0.0009843	-0.0537717	0.000981301	0.999333	0.0365159	0.0537718	-0.0365158	0.997885	0.310957	-0.21149	11.5615	
0.998301	0.00115522	-0.0582556	0.0011514	0.999217	0.0395457	0.0582556	-0.0395455	0.997518	0.364962	-0.248157	12.5235	
0.998029	0.0013398	-0.0627392	0.00133503	0.999092	0.0425729	0.0627393	-0.0425728	0.997122	0.42329	-0.287744	13.485	
0.997737	0.00153806	-0.0672225	0.00153219	0.998959	0.0455976	0.0672226	-0.0455974	0.996696	0.485941	-0.330248	14.4462	
0.997424	0.00174999	-0.0717052	0.00174286	0.998816	0.0486197	0.0717054	-0.0486194	0.99624	0.552914	-0.375668	15.4069	
0.997092	0.00197558	-0.0761874	0.00196702	0.998664	0.051639	0.0761876	-0.0516386	0.995755	0.62421	-0.423999	16.3672	
0.996739	0.00221483	-0.0806688	0.00220467	0.998503	0.0546554	0.0806691	-0.054655	0.995241	0.699826	-0.47524	17.327	
0.996365	0.00246773	-0.0851493	0.00245578	0.998333	0.0576689	0.0851496	-0.0576684	0.994698	0.779762	-0.529388	18.2863	
0.995971	0.00273428	-0.0896287	0.00272034	0.998154	0.0606794	0.0896291	-0.0606788	0.994125	0.864018	-0.58644	19.2451	
0.995558	0.00301448	-0.0941069	0.00299834	0.997965	0.0636867	0.0941074	-0.063686	0.993523	0.952592	-0.646393	20.2033	
0.995123	0.00330831	-0.0985838	0.00328975	0.997768	0.0666909	0.0985844	-0.06669	0.992892	1.04548	-0.709244	21.1609	
0.994669	0.00361578	-0.103059	0.00359457	0.997562	0.0696917	0.10306	-0.0696906	0.992231	1.14269	-0.774989	22.1178	
0.994194	0.00393688	-0.107533	0.00391277	0.997347	0.0726892	0.107534	-0.0726879	0.991541	1.24421	-0.843625	23.0741	
0.993698	0.00427159	-0.112005	0.00424434	0.997123	0.0756831	0.112006	-0.0756816	0.990821	1.35005	-0.91515	24.0298	
0.993183	0.00461991	-0.116475	0.00458926	0.99689	0.0786735	0.116476	-0.0786717	0.990073	1.46019	-0.98956	24.9847	
0.992647	0.00498183	-0.120943	0.00494751	0.996648	0.0816602	0.120945	-0.0816581	0.989295	1.57465	-1.06685	25.9389	
0.992091	0.00535734	-0.125409	0.00531908	0.996397	0.0846432	0.125411	-0.0846407	0.988488	1.69341	-1.14702	26.8924	
0.991514	0.00574644	-0.129873	0.00570393	0.996137	0.0876223	0.129875	-0.0876195	0.987651	1.81647	-1.23006	27.845	
0.990917	0.00614911	-0.134334	0.00610205	0.995869	0.0905974	0.134336	-0.0905942	0.986786	1.94384	-1.31597	28.7968	
0.9903	0.00656535	-0.138793	0.00651343	0.995592	0.0935686	0.138795	-0.0935649	0.985891	2.07551	-1.40475	29.7478	
0.989662	0.00699514	-0.143249	0.00693804	0.995305	0.0965356	0.143252	-0.0965315	0.984967	2.21148	-1.49639	30.6979	
0.989004	0.00743847	-0.147702	0.00737585	0.99501	0.0994984	0.147705	-0.0994937	0.984014	2.35174	-1.59089	31.6471	
0.988326	0.00789532	-0.152152	0.00782685	0.994707	0.102457	0.152155	-0.102452	0.983032	2.49629	-1.68824	32.5953	
0.987627	0.0083657	-0.156599	0.00829102	0.994394	0.105411	0.156603	-0.105405	0.982021	2.64514	-1.78844	33.5426	
0.986908	0.00884958	-0.161042	0.00876833	0.994073	0.108361	0.161047	-0.108354	0.980981	2.79827	-1.89149	34.4889	
0.986168	0.00934695	-0.165482	0.00925876	0.993743	0.111306	0.165487	-0.111298	0.979912	2.95568	-1.99738	35.4342	
0.985409	0.0098578	-0.169919	0.00976229	0.993404	0.114246	0.169925	-0.114238	0.978813	3.11737	-2.1061	36.3785	
0.984629	0.0103821	-0.174352	0.0102789	0.993057	0.117182	0.174358	-0.117173	0.977686	3.28334	-2.21766	37.3216	
0.983828	0.0109199	-0.178781	0.0108085	0.992701	0.120113	0.178788	-0.120103	0.97653	3.45358	-2.33204	38.2637	
0.983008	0.0114711	-0.183206	0.0113512	0.992337	0.123039	0.183214	-0.123028	0.975345	3.62809	-2.44925	39.2047	
0.982167	0.0120357	-0.187627	0.0119069	0.991964	0.12596	0.187635	-0.125948	0.97413	3.80687	-2.56927	40.1444	
0.981305	0.0126137	-0.192044	0.0124755	0.991582	0.128876	0.192053	-0.128862	0.972888	3.98991	-2.69211	41.0831	
0.980424	0.0132051	-0.196456	0.0130571	0.991192	0.131787	0.196466	-0.131772	0.971616	4.1772	-2.81776	42.0204	
0.979522	0.0138099	-0.200864	0.0136516	0.990793	0.134692	0.200874	-0.134676	0.970315	4.36875	-2.9462	42.9566	
0.9786	0.014428	-0.205267	0.0142589	0.990386	0.137592	0.205279	-0.137575	0.968986	4.56454	-3.07745	43.8915	
0.977657	0.0150595	-0.209665	0.0148792	0.989971	0.140487	0.209678	-0.140468	0.967628	4.76458	-3.21148	44.8251	
0.976695	0.0157042	-0.214058	0.0155123	0.989547	0.143376	0.214072	-0.143355	0.966241	4.96886	-3.34831	45.7573	
0.975712	0.0163623	-0.218446	0.0161582	0.989114	0.14626	0.218462	-0.146237	0.964826	5.17737	-3.48791	46.6882	
0.974709	0.0170337	-0.222829	0.0168169	0.988673	0.149138	0.222846	-0.149113	0.963382	5.39011	-3.63029	47.6178	
0.973685	0.0177183	-0.227207	0.0174883	0.988224	0.15201	0.227225	-0.151983	0.96191	5.60708	-3.77544	48.5459	
0.972642	0.0184161	-0.231579	0.0181724	0.987767	0.154876	0.231598	-0.154847	0.960409	5.82827	-3.92336	49.4726	
0.971578	0.0191272	-0.235945	0.0188692	0.987301	0.157737	0.235966	-0.157706	0.958879	6.05367	-4.07403	50.3978	
0.970494	0.0198514	-0.240306	0.0195787	0.986827	0.160591	0.240328	-0.160558	0.957321	6.28327	-4.22745	51.3216	
0.96939	0.0205889	-0.244661	0.0203009	0.986344	0.163439	0.244685	-0.163403	0.955735	6.51708	-4.38363	52.2438	
0.968266	0.0213395	-0.249009	0.0210356	0.985854	0.166281	0.249035	-0.166243	0.95412	6.75509	-4.54254	53.1645	
0.967122	0.0221032	-0.253352	0.0217829	0.985355	0.169117	0.25338	-0.169076	0.952477	6.99729	-4.70419	54.0836	
0.965957	0.02288	-0.257688	0.0225427	0.984848	0.171947	0.257718	-0.171902	0.950806	7.24368	-4.86856	55.0011	
0.964773	0.0236699	-0.262018	0.023315	0.984333	0.17477	0.262049	-0.174722	0.949106	7.49424	-5.03566	55.917	
0.963568	0.0244729	-0.266341	0.0240998	0.98381	0.177586	0.266375	-0.177535	0.947378	7.74898	-5.20547	56.8313	
0.962344	0.0252889	-0.270657	0.024897	0.983279	0.180396	0.270693	-0.180342	0.945623	8.00789	-5.378	57.7438	
0.961099	0.0261179	-0.274966	0.0257066	0.98274	0.1832	0.275005	-0.183142	0.943839	8.27095	-5.55322	58.6547	
0.959033	0.0274789	-0.28196	0.0259478	0.982581	0.184016	0.282105	-0.183794	0.941614	8.53952	-5.73011	59.5636	
0.956912	0.0288456	-0.288941	0.0261961	0.982421	0.184833	0.289193	-0.184438	0.939335	8.81493	-5.90763	60.4704	
0.954738	0.0302177	-0.295908	0.0264514	0.98226	0.185651	0.296268	-0.185076	0.937002	9.09716	-6.08576	61.3749	
0.952511	0.0315952	-0.302861	0.0267136	0.982097	0.18647	0.303331	-0.185705	0.934614	9.38621	-6.2645	62.2772	
0.95023	0.0329779	-0.3098	0.0269827	0.981934	0.187289	0.310379	-0.186326	0.932173	9.68207	-6.44385	63.1771	
0.947896	0.0343657	-0.316722	0.0272586	0.98177	0.188107	0.317413	-0.186939	0.929679	9.98471	-6.62379	64.0746	
0.945508	0.0357585	-0.323628	0.0275412	0.981605	0.188924	0.324431	-0.187543	0.927131	10.2941	-6.80432	64.9697	
0.943069	0.0371561	-0.330516	0.0278304	0.98144	0.189741	0.331432	-0.188137	0.924531	10.6103	-6.98542	65.8624	
0.940576	0.0385584	-0.337387	0.0281262	0.981273	0.190556	0.338416	-0.188722	0.921878	10.9332	-7.1671	66.7525	
0.938031	0.0399652	-0.344238	0.0284282	0.981106	0.191369	0.345382	-0.189297	0.919172	11.2629	-7.34933	67.64	
0.935435	0.0413763	-0.35107	0.0287366	0.980939	0.192181	0.35233	-0.189861	0.916415	11.5992	-7.53211	68.5249	
0.932786	0.0427916	-0.357881	0.029051	0.980771	0.192989	0.359257	-0.190415	0.913606	11.9422	-7.71543	69.4071	
0.925584	0.0463689	-0.375691	0.0238508	0.983354	0.180129	0.377789	-0.175686	0.909071	12.2976	-7.89193	70.2858	
0.918022	0.0496574	-0.393407	0.0183906	0.985728	0.167337	0.396102	-0.160854	0.904007	12.6707	-8.05417	71.1599	
0.910105	0.0526551	-0.411019	0.0126737	0.987893	0.15462	0.414184	-0.14593	0.898418	13.0613	-8.20207	72.0288	
0.901836	0.0553603	-0.428517	0.00670327	0.989846	0.141986	0.432026	-0.130921	0.892308	13.4692	-8.33554	72.8921	
0.893221	0.0577714	-0.44589	0.000482866	0.991587	0.129441	0.449617	-0.115835	0.885679	13.8943	-8.4545	73.7493	
0.884265	0.0598871	-0.463129	-0.00598392	0.993115	0.116994	0.466947	-0.100682	0.878535	14.3361	-8.55888	74.5998	
0.874973	0.0617061	-0.480223	-0.0126933	0.994428	0.104651	0.484005	-0.0854713	0.870881	14.7946	-8.64862	75.4432	
0.86535	0.0632273	-0.497163	-0.0196415	0.995526	0.0924197	0.500782	-0.0702104	0.862721	15.2694	-8.72367	76.2789	
0.855403	0.0644499	-0.513938	-0.0268243	0.996409	0.080307	0.517269	-0.0549088	0.85406	15.7601	-8.78399	77.1066	
0.845136	0.0653731	-0.530539	-0.0342376	0.997076	0.0683201	0.533454	-0.0395753	0.844902	16.2667	-8.82954	77.9256	
0.834555	0.0659965	-0.546957	-0.0418772	0.997526	0.0564658	0.54933	-0.0242188	0.835254	16.7887	-8.8603	78.7356	
0.823668	0.0663196	-0.563181	-0.0497385	0.997759	0.044751	0.564887	-0.0088482	0.825121	17.3259	-8.87624	79.5361	
0.81248	0.0663422	-0.579202	-0.0578171	0.997776	0.0331827	0.580115	0.00652752	0.814508	17.8779	-8.87736	80.3265	
0.800997	0.0660645	-0.595012	-0.0661081	0.997575	0.0217674	0.595007	0.0218995	0.803422	18.4444	-8.86365	81.1065	
0.789227	0.0654864	-0.6106	-0.0746068	0.997158	0.0105119	0.609553	0.0372587	0.791869	19.0251	-8.83513	81.8756	
0.777176	0.0646084	-0.625958	-0.0833083	0.996524	-0.00057737	0.623745	0.0525962	0.779857	19.6197	-8.79182	82.6333	
0.764851	0.063431	-0.641077	-0.0922075	0.995673	-0.0114939	0.637574	0.0679032	0.767391	20.2277	-8.73372	83.3793	
0.75226	0.0619548	-0.655947	-0.101299	0.994608	-0.0222314	0.651033	0.0831708	0.754479	20.849	-8.66089	84.1129	
0.739409	0.0601807	-0.670561	-0.110578	0.993327	-0.0327837	0.664114	0.09839	0.741129	21.483	-8.57336	84.834	
0.726306	0.0581097	-0.684911	-0.120039	0.991831	-0.0431445	0.676809	0.113552	0.727349	22.1294	-8.47119	85.5419	
0.712959	0.0557431	-0.698986	-0.129676	0.990122	-0.0533078	0.68911	0.128648	0.713146	22.7879	-8.35442	86.2364	
0.699376	0.0530822	-0.71278	-0.139484	0.988201	-0.0632678	0.701012	0.14367	0.698528	23.4581	-8.22314	86.9169	
0.685564	0.0501285	-0.726284	-0.149457	0.986068	-0.0730187	0.712506	0.158607	0.683505	24.1396	-8.07741	87.5832	
0.671531	0.0468838	-0.739491	-0.15959	0.983726	-0.0825548	0.723586	0.173453	0.668085	24.8319	-7.91733	88.2348	
0.657286	0.04335	-0.752393	-0.169875	0.981174	-0.0918706	0.734246	0.188198	0.652276	25.5347	-7.74298	88.8713	
