1	0	0	0	1	0	0	0	1	0	0	0	
0.999985	4.96183e-06	0.00556672	4.96183e-06	0.999998	-0.00178266	-0.00556672	0.00178266	0.999983	-0.00290989	0.000931848	1.04545	
0.999938	1.98513e-05	0.0111341	1.98536e-05	0.999994	-0.00356594	-0.0111341	0.00356594	0.999932	-0.0116399	0.00372771	2.09086	
0.999861	4.46747e-05	0.016702	4.46837e-05	0.999986	-0.00534976	-0.016702	0.00534976	0.999846	-0.0261906	0.00838821	3.1362	
0.999752	7.94379e-05	0.0222701	7.94602e-05	0.999975	-0.00713407	-0.0222701	0.00713407	0.999727	-0.0465624	0.0149139	4.18144	
0.999612	0.000124146	0.0278382	0.000124191	0.99996	-0.0089188	-0.0278382	0.0089188	0.999573	-0.0727555	0.0233052	5.22653	
0.999442	0.000178804	0.0334063	0.000178882	0.999943	-0.0107039	-0.0334063	0.0107039	0.999385	-0.10477	0.0335625	6.27144	
0.99924	0.000243417	0.0389739	0.000243542	0.999922	-0.0124892	-0.0389739	0.0124892	0.999162	-0.142605	0.0456862	7.31614	
0.999008	0.000317988	0.044541	0.000318175	0.999898	-0.0142748	-0.044541	0.0142748	0.998906	-0.186261	0.0596765	8.36059	
0.998744	0.000402521	0.0501073	0.000402789	0.999871	-0.0160606	-0.0501073	0.0160606	0.998615	-0.235736	0.0755337	9.40475	
0.998449	0.000497019	0.0556727	0.000497387	0.999841	-0.0178464	-0.0556727	0.0178464	0.99829	-0.29103	0.0932579	10.4486	
0.998123	0.000601485	0.0612368	0.000601977	0.999807	-0.0196322	-0.0612368	0.0196323	0.99793	-0.352142	0.112849	11.4921	
0.997766	0.000715922	0.0667996	0.00071656	0.99977	-0.021418	-0.0667996	0.0214181	0.997537	-0.41907	0.134307	12.5352	
0.997378	0.00084033	0.0723608	0.000841143	0.99973	-0.0232037	-0.0723608	0.0232038	0.997109	-0.491814	0.157632	13.5778	
0.996959	0.000974712	0.0779202	0.000975729	0.999687	-0.0249893	-0.0779202	0.0249893	0.996646	-0.57037	0.182824	14.62	
0.996509	0.00111907	0.0834776	0.00112032	0.999641	-0.0267745	-0.0834776	0.0267746	0.99615	-0.654737	0.209883	15.6617	
0.996028	0.0012734	0.0890328	0.00127492	0.999591	-0.0285595	-0.0890328	0.0285596	0.995619	-0.744913	0.238808	16.7029	
0.995516	0.00143771	0.0945857	0.00143953	0.999538	-0.0303441	-0.0945856	0.0303442	0.995054	-0.840896	0.269598	17.7434	
0.994972	0.00161199	0.100136	0.00161415	0.999482	-0.0321283	-0.100136	0.0321284	0.994455	-0.942682	0.302254	18.7834	
0.994398	0.00179625	0.105683	0.00179879	0.999423	-0.033912	-0.105683	0.0339121	0.993821	-1.05027	0.336776	19.8227	
0.993793	0.00199048	0.111228	0.00199345	0.999361	-0.035695	-0.111228	0.0356952	0.993154	-1.16366	0.373161	20.8614	
0.993157	0.00219468	0.116769	0.00219812	0.999295	-0.0374775	-0.116769	0.0374777	0.992452	-1.28284	0.411411	21.8993	
0.992489	0.00240885	0.122307	0.0024128	0.999226	-0.0392593	-0.122306	0.0392595	0.991716	-1.40781	0.451524	22.9365	
0.991791	0.00263298	0.127841	0.0026375	0.999154	-0.0410402	-0.127841	0.0410405	0.990945	-1.53857	0.493499	23.9729	
0.991062	0.00286709	0.133371	0.00287222	0.999079	-0.0428204	-0.133371	0.0428207	0.990141	-1.67511	0.537336	25.0085	
0.990302	0.00311115	0.138897	0.00311695	0.999	-0.0445996	-0.138897	0.0446001	0.989302	-1.81743	0.583033	26.0432	
0.989511	0.00336517	0.144419	0.0033717	0.998918	-0.0463779	-0.144419	0.0463784	0.988429	-1.96553	0.63059	27.077	
0.988689	0.00362914	0.149937	0.00363645	0.998833	-0.0481552	-0.149937	0.0481557	0.987522	-2.1194	0.680006	28.1099	
0.987836	0.00390307	0.15545	0.00391122	0.998745	-0.0499314	-0.155449	0.049932	0.986581	-2.27903	0.731279	29.1418	
0.986952	0.00418693	0.160958	0.00419599	0.998654	-0.0517064	-0.160958	0.0517071	0.985606	-2.44443	0.784409	30.1727	
0.986038	0.00448074	0.166461	0.00449077	0.998559	-0.0534801	-0.166461	0.053481	0.984597	-2.61558	0.839394	31.2026	
0.985093	0.00478448	0.171959	0.00479554	0.998461	-0.0552526	-0.171958	0.0552536	0.983553	-2.79248	0.896232	32.2314	
0.984116	0.00509814	0.177451	0.00511031	0.99836	-0.0570237	-0.177451	0.0570248	0.982476	-2.97512	0.954923	33.2591	
0.98311	0.00542173	0.182938	0.00543507	0.998255	-0.0587934	-0.182937	0.0587946	0.981365	-3.16351	1.01547	34.2857	
0.982072	0.00575523	0.188419	0.00576981	0.998148	-0.0605616	-0.188418	0.060563	0.98022	-3.35763	1.07786	35.311	
0.981004	0.00609863	0.193893	0.00611454	0.998037	-0.0623283	-0.193893	0.0623298	0.979041	-3.55747	1.1421	36.3352	
0.979905	0.00645193	0.199362	0.00646924	0.997923	-0.0640933	-0.199362	0.064095	0.977828	-3.76304	1.20818	37.3581	
0.978775	0.00681513	0.204824	0.00683391	0.997806	-0.0658566	-0.204824	0.0658586	0.976581	-3.97432	1.27611	38.3797	
0.977615	0.0071882	0.21028	0.00720855	0.997685	-0.0676182	-0.210279	0.0676204	0.9753	-4.1913	1.34589	39.4	
0.976424	0.00757115	0.215728	0.00759314	0.997562	-0.069378	-0.215728	0.0693804	0.973986	-4.41399	1.4175	40.419	
0.975203	0.00796396	0.22117	0.00798768	0.997435	-0.0711359	-0.221169	0.0711385	0.972637	-4.64237	1.49095	41.4366	
0.973951	0.00836662	0.226604	0.00839215	0.997305	-0.0728918	-0.226603	0.0728948	0.971255	-4.87643	1.56624	42.4527	
0.972669	0.00877912	0.232031	0.00880657	0.997171	-0.0746458	-0.23203	0.074649	0.96984	-5.11617	1.64337	43.4673	
0.971356	0.00920146	0.237451	0.0092309	0.997035	-0.0763976	-0.23745	0.0764012	0.968391	-5.36158	1.72233	44.4805	
0.970013	0.00963362	0.242862	0.00966515	0.996895	-0.0781473	-0.242861	0.0781512	0.966908	-5.61266	1.80312	45.4922	
0.96864	0.0100756	0.248266	0.0101093	0.996752	-0.0798948	-0.248264	0.0798991	0.965392	-5.86938	1.88573	46.5022	
0.967236	0.0105274	0.253661	0.0105634	0.996606	-0.0816401	-0.253659	0.0816447	0.963842	-6.13175	1.97018	47.5107	
0.965802	0.0109889	0.259048	0.0110273	0.996457	-0.083383	-0.259046	0.083388	0.962259	-6.39976	2.05645	48.5175	
0.964338	0.0114602	0.264426	0.0115011	0.996304	-0.0851235	-0.264424	0.085129	0.960642	-6.67339	2.14453	49.5227	
0.962844	0.0119413	0.269795	0.0119848	0.996148	-0.0868615	-0.269793	0.0868675	0.958992	-6.95264	2.23444	50.5261	
0.961319	0.0124322	0.275155	0.0124783	0.995989	-0.088597	-0.275153	0.0886035	0.957309	-7.2375	2.32617	51.5278	
0.959765	0.0129327	0.280507	0.0129817	0.995827	-0.0903299	-0.280504	0.0903369	0.955592	-7.52796	2.4197	52.5278	
0.958181	0.013443	0.285848	0.0134949	0.995662	-0.0920601	-0.285846	0.0920677	0.953843	-7.824	2.51505	53.5259	
0.956566	0.013963	0.29118	0.0140179	0.995494	-0.0937877	-0.291178	0.0937959	0.95206	-8.12563	2.61221	54.5221	
0.954922	0.0144927	0.296503	0.0145507	0.995322	-0.0955124	-0.2965	0.0955212	0.950244	-8.43283	2.71117	55.5165	
0.953248	0.015032	0.301815	0.0150934	0.995147	-0.0972343	-0.301812	0.0972438	0.948395	-8.74558	2.81193	56.509	
0.951544	0.015581	0.307117	0.0156457	0.994969	-0.0989533	-0.307114	0.0989635	0.946513	-9.06389	2.9145	57.4995	
0.949811	0.0161397	0.312409	0.0162079	0.994788	-0.100669	-0.312406	0.10068	0.944598	-9.38773	3.01886	58.4881	
0.948047	0.016708	0.31769	0.0167798	0.994604	-0.102382	-0.317687	0.102394	0.942651	-9.71709	3.12501	59.4746	
0.946254	0.0172859	0.322961	0.0173614	0.994416	-0.104092	-0.322957	0.104105	0.940671	-10.052	3.23295	60.459	
0.944432	0.0178734	0.328221	0.0179528	0.994225	-0.105799	-0.328216	0.105812	0.938658	-10.3924	3.34268	61.4414	
0.94258	0.0184704	0.333469	0.0185538	0.994032	-0.107502	-0.333464	0.107517	0.936612	-10.7382	3.45419	62.4217	
0.940699	0.019077	0.338706	0.0191646	0.993835	-0.109202	-0.338701	0.109218	0.934534	-11.0896	3.56749	63.3998	
0.938788	0.0196932	0.343932	0.019785	0.993635	-0.110899	-0.343926	0.110915	0.932423	-11.4464	3.68256	64.3757	
0.936848	0.0203188	0.349146	0.020415	0.993432	-0.112592	-0.34914	0.11261	0.93028	-11.8087	3.7994	65.3494	
0.934879	0.020954	0.354348	0.0210547	0.993225	-0.114282	-0.354342	0.114301	0.928104	-12.1764	3.91801	66.3208	
0.931492	0.0220411	0.363094	0.0217288	0.993009	-0.116023	-0.363112	0.115964	0.924501	-12.5515	4.03838	67.2892	
0.928022	0.0231438	0.371805	0.0224195	0.992789	-0.117757	-0.37185	0.117617	0.920812	-12.9357	4.16048	68.2538	
0.92447	0.0242621	0.380482	0.023127	0.992567	-0.119485	-0.380552	0.11926	0.917037	-13.329	4.2843	69.2145	
0.914211	0.0273754	0.404314	0.0232873	0.992518	-0.119858	-0.40457	0.11899	0.906733	-13.7394	4.40885	70.1679	
0.903327	0.0304806	0.427868	0.0234573	0.992469	-0.120226	-0.42831	0.11864	0.89581	-14.1748	4.53307	71.1102	
0.891827	0.0335755	0.451129	0.023637	0.992421	-0.120589	-0.451759	0.118208	0.884274	-14.6349	4.65688	72.0408	
0.879718	0.0366582	0.474081	0.0238262	0.992373	-0.120948	-0.474898	0.117695	0.872135	-15.1193	4.7802	72.9589	
0.867009	0.0397263	0.496707	0.0240247	0.992325	-0.121301	-0.497714	0.117102	0.8594	-15.6277	4.90295	73.8641	
0.853707	0.042778	0.518993	0.0242325	0.992277	-0.121649	-0.520189	0.116429	0.846078	-16.1598	5.02503	74.7557	
0.839823	0.045811	0.540923	0.0244494	0.99223	-0.121992	-0.542309	0.115677	0.832178	-16.7153	5.14636	75.633	
0.825366	0.0488233	0.562483	0.0246753	0.992183	-0.122329	-0.564059	0.114845	0.817709	-17.2936	5.26687	76.4955	
0.810345	0.0518129	0.583657	0.02491	0.992136	-0.12266	-0.585423	0.113935	0.802682	-17.8945	5.38647	77.3425	
0.794772	0.0547776	0.604432	0.0251533	0.99209	-0.122984	-0.606387	0.112948	0.787107	-18.5175	5.50507	78.1736	
0.778655	0.0577156	0.624792	0.0254051	0.992044	-0.123302	-0.626937	0.111883	0.770994	-19.1623	5.6226	78.9881	
0.762008	0.0606247	0.644724	0.0256652	0.991998	-0.123614	-0.647059	0.110741	0.754354	-19.8283	5.73898	79.7855	
0.74484	0.0635029	0.664215	0.0259334	0.991954	-0.123918	-0.666739	0.109524	0.7372	-20.5151	5.85413	80.5652	
0.727164	0.0663484	0.68325	0.0262096	0.991909	-0.124216	-0.685964	0.108233	0.719541	-21.2222	5.96796	81.3268	
0.708991	0.0691592	0.701818	0.0264935	0.991865	-0.124506	-0.70472	0.106867	0.701391	-21.9492	6.08041	82.0696	
0.690335	0.0719334	0.719905	0.026785	0.991822	-0.124788	-0.722994	0.105428	0.682762	-22.6955	6.19138	82.7931	
0.671207	0.074669	0.7375	0.0270838	0.991779	-0.125063	-0.740775	0.103918	0.663667	-23.4607	6.30082	83.497	
0.651621	0.0773641	0.754589	0.0273898	0.991737	-0.12533	-0.75805	0.102336	0.644118	-24.2443	6.40864	84.1806	
0.631591	0.0800171	0.771161	0.0277028	0.991696	-0.125589	-0.774807	0.100684	0.624129	-25.0456	6.51477	84.8436	
0.61113	0.0826259	0.787206	0.0280224	0.991655	-0.12584	-0.791034	0.0989638	0.603714	-25.8641	6.61914	85.4855	
0.590251	0.0851889	0.802712	0.0283486	0.991615	-0.126082	-0.806722	0.0971758	0.582887	-26.6994	6.72167	86.1058	
0.56897	0.0877044	0.817668	0.0286811	0.991575	-0.126316	-0.821858	0.0953214	0.561661	-27.5507	6.8223	86.7041	
0.547301	0.0901705	0.832064	0.0290197	0.991537	-0.12654	-0.836433	0.0934019	0.540052	-28.4176	6.92096	87.28	
0.525258	0.0925856	0.845891	0.0293641	0.991499	-0.126757	-0.850436	0.0914187	0.518074	-29.2994	7.01757	87.8332	
0.502857	0.0949481	0.859139	0.029714	0.991462	-0.126963	-0.863859	0.0893729	0.495742	-30.1956	7.11208	88.3632	
0.480112	0.0972563	0.871799	0.0300694	0.991426	-0.127161	-0.876692	0.0872662	0.473071	-31.1055	7.20442	88.8696	
0.45704	0.0995086	0.883862	0.0304299	0.991391	-0.12735	-0.888925	0.0850998	0.450078	-32.0284	7.29453	89.3522	
0.433657	0.101704	0.89532	0.0307952	0.991357	-0.127529	-0.900552	0.0828753	0.426776	-32.9639	7.38234	89.8106	
0.409977	0.10384	0.906166	0.0311651	0.991323	-0.127698	-0.911563	0.0805941	0.403184	-33.9112	7.46779	90.2445	
0.386018	0.105915	0.916391	0.0315395	0.991291	-0.127858	-0.921952	0.078258	0.379316	-34.8697	7.55084	90.6535	
0.361796	0.10793	0.925989	0.0319179	0.991259	-0.128008	-0.931711	0.0758683	0.355188	-35.8387	7.63141	91.0375	
