1	0	0	0	1	0	0	0	1	0	0	0	
0.999999	3.80825e-06	0.00149978	3.80825e-06	0.999987	-0.00507839	-0.00149978	0.00507839	0.999986	-0.000781325	0.00264564	1.04191	
0.999996	1.52294e-05	0.00299867	1.52395e-05	0.999948	-0.0101605	-0.00299867	0.0101605	0.999944	-0.00312484	0.0105845	2.0838	
0.99999	3.42599e-05	0.0044966	3.43004e-05	0.999884	-0.0152462	-0.0044966	0.0152462	0.999874	-0.00702958	0.0238204	3.12563	
0.999982	6.08959e-05	0.00599353	6.09972e-05	0.999793	-0.0203352	-0.00599353	0.0203352	0.999775	-0.0124945	0.0423569	4.16736	
0.999972	9.51326e-05	0.00748937	9.53354e-05	0.999677	-0.0254273	-0.00748937	0.0254273	0.999649	-0.0195186	0.0661974	5.20899	
0.99996	0.000136965	0.00898408	0.00013732	0.999534	-0.0305223	-0.00898407	0.0305223	0.999494	-0.0281006	0.0953449	6.25046	
0.999945	0.000186386	0.0104776	0.000186955	0.999365	-0.0356201	-0.0104776	0.0356201	0.99931	-0.0382394	0.129803	7.29176	
0.999928	0.000243391	0.0119698	0.000244244	0.999171	-0.0407204	-0.0119698	0.0407204	0.999099	-0.0499336	0.169573	8.33285	
0.999909	0.000307971	0.0134607	0.000309191	0.99895	-0.0458229	-0.0134607	0.0458229	0.998859	-0.0631819	0.214659	9.37371	
0.999888	0.000380119	0.0149503	0.000381797	0.998702	-0.0509276	-0.0149502	0.0509276	0.99859	-0.0779829	0.265062	10.4143	
0.999865	0.000459827	0.0164383	0.000462066	0.998429	-0.0560341	-0.0164383	0.0560341	0.998294	-0.094335	0.320785	11.4546	
0.999839	0.000547086	0.0179249	0.000549997	0.998129	-0.0611423	-0.0179248	0.0611424	0.997968	-0.112237	0.381829	12.4946	
0.999811	0.000641886	0.0194099	0.000645593	0.997803	-0.066252	-0.0194098	0.0662521	0.997614	-0.131687	0.448197	13.5342	
0.999781	0.000744216	0.0208933	0.000748852	0.99745	-0.071363	-0.0208931	0.071363	0.997232	-0.152683	0.519889	14.5734	
0.999749	0.000854067	0.022375	0.000859775	0.997071	-0.076475	-0.0223747	0.0764751	0.99682	-0.175224	0.596906	15.6123	
0.999715	0.000971427	0.0238549	0.000978361	0.996666	-0.0815879	-0.0238546	0.081588	0.996381	-0.199308	0.679251	16.6506	
0.999678	0.00109628	0.025333	0.00110461	0.996234	-0.0867014	-0.0253326	0.0867015	0.995912	-0.224932	0.766923	17.6885	
0.99964	0.00122862	0.0268092	0.00123851	0.995775	-0.0918154	-0.0268088	0.0918155	0.995415	-0.252096	0.859924	18.7259	
0.999599	0.00136844	0.0282836	0.00138008	0.99529	-0.0969296	-0.028283	0.0969298	0.994889	-0.280796	0.958253	19.7628	
0.999556	0.00151571	0.0297559	0.00152929	0.994779	-0.102044	-0.0297552	0.102044	0.994335	-0.311032	1.06191	20.7991	
0.999511	0.00167042	0.0312262	0.00168615	0.994241	-0.107158	-0.0312253	0.107158	0.993752	-0.342801	1.1709	21.8348	
0.999464	0.00183256	0.0326943	0.00185066	0.993676	-0.112272	-0.0326933	0.112272	0.99314	-0.3761	1.28521	22.8699	
0.999414	0.00200212	0.0341603	0.00202281	0.993084	-0.117385	-0.0341591	0.117385	0.992499	-0.410927	1.40485	23.9044	
0.999363	0.00217908	0.0356241	0.00220259	0.992466	-0.122497	-0.0356227	0.122497	0.991829	-0.447281	1.52982	24.9381	
0.999309	0.00236341	0.0370856	0.00239	0.991822	-0.127608	-0.0370839	0.127609	0.991131	-0.485158	1.66012	25.9712	
0.999254	0.00255511	0.0385448	0.00258503	0.99115	-0.132718	-0.0385428	0.132719	0.990404	-0.524557	1.79574	27.0035	
0.999196	0.00275416	0.0400015	0.00278768	0.990452	-0.137827	-0.0399992	0.137828	0.989648	-0.565474	1.93668	28.035	
0.999136	0.00296053	0.0414559	0.00299793	0.989728	-0.142934	-0.0414532	0.142935	0.988864	-0.607907	2.08295	29.0657	
0.999074	0.00317422	0.0429077	0.00321578	0.988976	-0.14804	-0.0429046	0.14804	0.98805	-0.651854	2.23454	30.0956	
0.99901	0.0033952	0.0443569	0.00344122	0.988198	-0.153143	-0.0443534	0.153144	0.987208	-0.697312	2.39144	31.1247	
0.998944	0.00362345	0.0458035	0.00367424	0.987393	-0.158244	-0.0457995	0.158245	0.986337	-0.744278	2.55366	32.1528	
0.998876	0.00385895	0.0472475	0.00391483	0.986562	-0.163343	-0.0472429	0.163344	0.985437	-0.79275	2.7212	33.18	
0.998806	0.00410169	0.0486887	0.00416298	0.985703	-0.168438	-0.0486835	0.16844	0.984509	-0.842724	2.89404	34.2063	
0.998733	0.00435163	0.0501271	0.00441867	0.984818	-0.173532	-0.0501213	0.173533	0.983552	-0.894197	3.0722	35.2316	
0.998659	0.00460876	0.0515627	0.00468191	0.983907	-0.178622	-0.0515561	0.178624	0.982566	-0.947167	3.25566	36.2558	
0.998583	0.00487306	0.0529954	0.00495267	0.982968	-0.183709	-0.052988	0.183711	0.981551	-1.00163	3.44442	37.2791	
0.998505	0.00514451	0.0544252	0.00523094	0.982003	-0.188792	-0.0544169	0.188794	0.980508	-1.05758	3.63848	38.3012	
0.998424	0.00542307	0.0558519	0.00551671	0.981011	-0.193872	-0.0558427	0.193875	0.979436	-1.11503	3.83784	39.3223	
0.998342	0.00570874	0.0572756	0.00580997	0.979993	-0.198948	-0.0572654	0.198951	0.978335	-1.17395	4.04248	40.3422	
0.998258	0.00600147	0.0586962	0.0061107	0.978948	-0.20402	-0.0586849	0.204023	0.977206	-1.23436	4.25242	41.361	
0.998172	0.00630126	0.0601136	0.00641889	0.977876	-0.209087	-0.0601012	0.209091	0.976048	-1.29624	4.46763	42.3785	
0.998083	0.00660807	0.0615278	0.00673452	0.976777	-0.214151	-0.0615141	0.214155	0.974861	-1.3596	4.68813	43.3949	
0.997993	0.00692187	0.0629388	0.00705757	0.975652	-0.219209	-0.0629237	0.219214	0.973646	-1.42442	4.9139	44.41	
0.997901	0.00724265	0.0643464	0.00738804	0.974501	-0.224263	-0.0643298	0.224268	0.972402	-1.49072	5.14493	45.4238	
0.997807	0.00757038	0.0657506	0.0077259	0.973322	-0.229312	-0.0657325	0.229317	0.97113	-1.55847	5.38123	46.4363	
0.997711	0.00790503	0.0671515	0.00807114	0.972118	-0.234355	-0.0671317	0.234361	0.969829	-1.62769	5.62279	47.4474	
0.997614	0.00824656	0.0685488	0.00842373	0.970886	-0.239393	-0.0685273	0.239399	0.9685	-1.69836	5.8696	48.4572	
0.997514	0.00859497	0.0699427	0.00878367	0.969628	-0.244425	-0.0699192	0.244432	0.967142	-1.77049	6.12166	49.4656	
0.997412	0.00895021	0.0713329	0.00915092	0.968344	-0.249452	-0.0713075	0.249459	0.965756	-1.84406	6.37896	50.4726	
0.997309	0.00931225	0.0727196	0.00952548	0.967033	-0.254472	-0.072692	0.25448	0.964342	-1.91908	6.64149	51.4781	
0.997204	0.00968108	0.0741026	0.00990733	0.965696	-0.259486	-0.0740726	0.259495	0.9629	-1.99554	6.90925	52.4821	
0.997096	0.0100567	0.0754818	0.0102964	0.964332	-0.264494	-0.0754495	0.264503	0.961429	-2.07343	7.18223	53.4846	
0.996987	0.0104389	0.0768573	0.0106928	0.962942	-0.269495	-0.0768224	0.269505	0.95993	-2.15276	7.46043	54.4856	
0.996877	0.0108279	0.078229	0.0110964	0.961526	-0.27449	-0.0781913	0.2745	0.958403	-2.23352	7.74383	55.485	
0.996764	0.0112236	0.0795968	0.0115071	0.960083	-0.279477	-0.0795563	0.279488	0.956847	-2.3157	8.03244	56.4827	
0.996649	0.0116258	0.0809607	0.0119251	0.958615	-0.284457	-0.0809171	0.284469	0.955264	-2.3993	8.32624	57.4789	
0.996533	0.0120347	0.0823206	0.0123502	0.95712	-0.289429	-0.0822739	0.289443	0.953653	-2.48432	8.62523	58.4733	
0.996415	0.0124501	0.0836765	0.0127824	0.955599	-0.294394	-0.0836264	0.294409	0.952014	-2.57074	8.92939	59.4661	
0.996295	0.0128721	0.0850284	0.0132218	0.954051	-0.299352	-0.0849747	0.299367	0.950347	-2.65858	9.23872	60.4572	
0.996174	0.0133005	0.0863762	0.0136682	0.952478	-0.304301	-0.0863187	0.304317	0.948652	-2.74781	9.55322	61.4465	
0.99605	0.0137354	0.0877198	0.0141217	0.950879	-0.309242	-0.0876584	0.309259	0.946929	-2.83845	9.87287	62.434	
0.995925	0.0141768	0.0890592	0.0145822	0.949253	-0.314174	-0.0889937	0.314193	0.945179	-2.93048	10.1977	63.4197	
0.995799	0.0146245	0.0903944	0.0150497	0.947602	-0.319099	-0.0903246	0.319118	0.943401	-3.0239	10.5276	64.4036	
0.99567	0.0150786	0.0917254	0.0155242	0.945925	-0.324014	-0.091651	0.324035	0.941595	-3.1187	10.8627	65.3856	
0.99554	0.0155391	0.0930519	0.0160057	0.944222	-0.32892	-0.0929728	0.328943	0.939762	-3.21488	11.2028	66.3657	
0.995565	0.0154518	0.0928033	0.0161701	0.943638	-0.330583	-0.0926808	0.330618	0.939203	-3.3116	11.5464	67.3446	
0.995589	0.0153634	0.0925529	0.0163339	0.943051	-0.332246	-0.0923865	0.332293	0.938641	-3.40801	11.8918	68.3228	
0.995614	0.0152739	0.0923008	0.0164973	0.942461	-0.333909	-0.09209	0.333967	0.938075	-3.50412	12.2389	69.3005	
0.995639	0.0151834	0.0920472	0.0166603	0.941868	-0.33557	-0.0917914	0.33564	0.937507	-3.59991	12.5877	70.2776	
0.996621	0.011489	0.0813295	0.0146379	0.949475	-0.313502	-0.0808222	0.313633	0.946098	-3.68984	12.926	71.259	
0.997478	0.00804629	0.0705177	0.0128732	0.956564	-0.29124	-0.0697981	0.291413	0.954048	-3.76831	13.2412	72.2489	
0.998209	0.00485758	0.0596191	0.0113674	0.963129	-0.268798	-0.0587266	0.268995	0.96135	-3.83527	13.5332	73.2468	
0.998814	0.00192501	0.0486411	0.0101215	0.969168	-0.246194	-0.0476153	0.246394	0.967999	-3.89068	13.8017	74.252	
0.999293	-0.000749407	0.0375912	0.00913632	0.974675	-0.223441	-0.0364717	0.223627	0.973992	-3.93448	14.0466	75.2638	
0.999644	-0.00316387	0.0264768	0.00841255	0.979646	-0.200556	-0.0253034	0.200708	0.979324	-3.96667	14.2676	76.2814	
0.999869	-0.00531673	0.0153056	0.00795069	0.984079	-0.177554	-0.0141179	0.177652	0.983992	-3.98721	14.4647	77.3043	
0.999966	-0.00720654	0.00408499	0.00775104	0.98797	-0.15445	-0.0029228	0.154476	0.987992	-3.99608	14.6378	78.3317	
0.999935	-0.00883201	-0.0071773	0.00781374	0.991317	-0.13126	0.00827426	0.131195	0.991322	-3.9933	14.7866	79.3629	
0.999777	-0.010192	-0.0184737	0.00813874	0.994118	-0.108	0.0194657	0.107825	0.993979	-3.97884	14.9111	80.3972	
0.999492	-0.0112857	-0.0297964	0.00872583	0.99637	-0.0846854	0.030644	0.0843824	0.995962	-3.95274	15.0113	81.4339	
0.99908	-0.0121122	-0.0411379	0.00957461	0.998071	-0.0613324	0.0418014	0.0608821	0.997269	-3.91499	15.087	82.4724	
0.998541	-0.0126711	-0.0524904	0.0106845	0.999222	-0.0379568	0.0529305	0.0373406	0.9979	-3.86564	15.1381	83.5118	
0.997876	-0.012962	-0.0638462	0.0120548	0.999821	-0.0145743	0.0640237	0.0137737	0.997853	-3.80471	15.1648	84.5516	
0.997084	-0.0129846	-0.0751977	0.0136844	0.999868	0.00879915	0.0750735	-0.00980253	0.99713	-3.73224	15.1668	85.591	
0.996167	-0.0127389	-0.086537	0.0155724	0.999362	0.0321477	0.0860723	-0.0333721	0.99573	-3.64828	15.1443	86.6292	
0.995125	-0.0122252	-0.0978566	0.0177175	0.998304	0.0554556	0.0970127	-0.056919	0.993654	-3.5529	15.0973	87.6657	
0.99396	-0.0114437	-0.109149	0.0201181	0.996695	0.0787069	0.107887	-0.0804274	0.990905	-3.44615	15.0257	88.6996	
0.99267	-0.0103949	-0.120406	0.0227727	0.994535	0.101886	0.118689	-0.103881	0.987483	-3.32811	14.9297	89.7303	
0.991259	-0.00907972	-0.13162	0.0256795	0.991827	0.124977	0.12941	-0.127264	0.983391	-3.19885	14.8093	90.7571	
0.989725	-0.00749889	-0.142784	0.0288364	0.988572	0.147964	0.140043	-0.150561	0.978631	-3.05847	14.6646	91.7793	
0.988072	-0.00565353	-0.15389	0.0322414	0.984772	0.170832	0.150581	-0.173756	0.973208	-2.90706	14.4956	92.7962	
0.986299	-0.00354488	-0.16493	0.0358921	0.980431	0.193565	0.161017	-0.196833	0.967125	-2.74472	14.3025	93.8071	
0.984408	-0.00117437	-0.175898	0.039786	0.97555	0.216148	0.171343	-0.219776	0.960385	-2.57156	14.0855	94.8113	
0.9824	0.00145638	-0.186785	0.0439206	0.970133	0.238566	0.181554	-0.242571	0.952994	-2.38771	13.8446	95.8082	
0.980276	0.00434559	-0.197584	0.048293	0.964184	0.260802	0.191641	-0.2652	0.944956	-2.19328	13.58	96.797	
0.978039	0.00749131	-0.208289	0.0529003	0.957706	0.282843	0.201598	-0.28765	0.936278	-1.9884	13.292	97.7771	
0.975689	0.0108914	-0.21889	0.0577392	0.950705	0.304673	0.211419	-0.309905	0.926964	-1.77322	12.9807	98.7478	
0.973228	0.0145435	-0.229383	0.0628066	0.943185	0.326277	0.221096	-0.331949	0.917021	-1.54789	12.6463	99.7085	
0.970657	0.0184453	-0.239758	0.068099	0.935151	0.347641	0.230623	-0.353768	0.906455	-1.31255	12.289	100.659	
