1	0	0	0	1	0	0	0	1	0	0	0	
0.999996	2.3e-06	0.0029127	2.3e-06	0.999999	-0.00157929	-0.0029127	0.00157929	0.999995	-0.00115699	0.000627329	0.794443	
0.999983	9.20686e-06	0.00582766	9.20608e-06	0.999995	-0.00315954	-0.00582766	0.00315954	0.999978	-0.00462886	0.0025097	1.58888	
0.999962	2.07304e-05	0.00874481	2.07273e-05	0.999989	-0.00474071	-0.00874481	0.00474071	0.999951	-0.0104174	0.00564786	2.38329	
0.999932	3.68802e-05	0.0116641	3.68724e-05	0.99998	-0.00632277	-0.0116641	0.00632277	0.999912	-0.0185242	0.0100425	3.17768	
0.999894	5.76653e-05	0.0145854	5.76498e-05	0.999969	-0.00790566	-0.0145854	0.00790566	0.999862	-0.0289511	0.0156944	3.97204	
0.999847	8.30948e-05	0.0175087	8.30675e-05	0.999955	-0.00948935	-0.0175087	0.00948935	0.999802	-0.0416996	0.0226041	4.76635	
0.999791	0.000113177	0.0204338	0.000113133	0.999939	-0.0110738	-0.0204338	0.0110738	0.99973	-0.0567712	0.0307722	5.56061	
0.999727	0.000147921	0.0233608	0.000147855	0.99992	-0.012659	-0.0233608	0.0126589	0.999647	-0.0741675	0.0401994	6.35481	
0.999654	0.000187333	0.0262895	0.000187239	0.999899	-0.0142448	-0.0262895	0.0142448	0.999553	-0.0938897	0.0508862	7.14894	
0.999573	0.000231422	0.0292199	0.000231293	0.999875	-0.0158312	-0.0292199	0.0158312	0.999448	-0.115939	0.062833	7.94298	
0.999483	0.000280195	0.0321519	0.000280023	0.999848	-0.0174183	-0.0321519	0.0174183	0.999331	-0.140318	0.0760405	8.73694	
0.999384	0.000333659	0.0350853	0.000333435	0.999819	-0.0190059	-0.0350853	0.0190059	0.999204	-0.167026	0.090509	9.53081	
0.999277	0.00039182	0.0380202	0.000391535	0.999788	-0.020594	-0.0380202	0.020594	0.999065	-0.196065	0.106239	10.3246	
0.999161	0.000454685	0.0409565	0.000454329	0.999754	-0.0221826	-0.0409565	0.0221826	0.998915	-0.227436	0.123231	11.1182	
0.999036	0.00052226	0.043894	0.000521821	0.999717	-0.0237716	-0.043894	0.0237716	0.998753	-0.261141	0.141485	11.9117	
0.998903	0.00059455	0.0468328	0.000594017	0.999678	-0.025361	-0.0468328	0.025361	0.998581	-0.297179	0.161001	12.7051	
0.99876	0.000671561	0.0497726	0.000670921	0.999637	-0.0269507	-0.0497726	0.0269507	0.998397	-0.335553	0.181781	13.4984	
0.998609	0.000753298	0.0527136	0.000752538	0.999592	-0.0285407	-0.0527136	0.0285407	0.998202	-0.376263	0.203823	14.2915	
0.99845	0.000839766	0.0556555	0.000838871	0.999546	-0.030131	-0.0556555	0.030131	0.997995	-0.41931	0.227129	15.0844	
0.998281	0.000930968	0.0585983	0.000929924	0.999496	-0.0317215	-0.0585983	0.0317215	0.997778	-0.464694	0.251698	15.8772	
0.998104	0.00102691	0.0615419	0.0010257	0.999444	-0.0333122	-0.0615419	0.0333122	0.997548	-0.512416	0.277531	16.6697	
0.997918	0.00112759	0.0644863	0.0011262	0.99939	-0.034903	-0.0644863	0.034903	0.997308	-0.562478	0.304627	17.4621	
0.997723	0.00123303	0.0674313	0.00123143	0.999333	-0.0364939	-0.0674314	0.0364939	0.997056	-0.614878	0.332988	18.2543	
0.99752	0.00134321	0.070377	0.0013414	0.999274	-0.0380849	-0.070377	0.0380848	0.996793	-0.669619	0.362612	19.0464	
0.997307	0.00145814	0.0733232	0.00145609	0.999212	-0.0396759	-0.0733232	0.0396758	0.996519	-0.7267	0.393501	19.8381	
0.997086	0.00157783	0.0762698	0.00157552	0.999147	-0.0412668	-0.0762698	0.0412667	0.996233	-0.786122	0.425653	20.6297	
0.996856	0.00170227	0.0792168	0.00169969	0.99908	-0.0428577	-0.0792168	0.0428576	0.995936	-0.847884	0.459069	21.421	
0.996617	0.00183147	0.0821641	0.00182859	0.99901	-0.0444485	-0.0821641	0.0444484	0.995627	-0.911989	0.493749	22.2121	
0.996369	0.00196544	0.0851116	0.00196224	0.998938	-0.0460391	-0.0851117	0.046039	0.995307	-0.978434	0.529692	23.003	
0.996113	0.00210416	0.0880592	0.00210062	0.998863	-0.0476295	-0.0880593	0.0476294	0.994976	-1.04722	0.5669	23.7936	
0.995848	0.00224765	0.091007	0.00224374	0.998785	-0.0492197	-0.0910071	0.0492196	0.994633	-1.11835	0.60537	24.5839	
0.995574	0.0023959	0.0939547	0.00239159	0.998705	-0.0508097	-0.0939548	0.0508095	0.994279	-1.19182	0.645104	25.3739	
0.995291	0.00254891	0.0969023	0.00254419	0.998623	-0.0523993	-0.0969024	0.0523991	0.993914	-1.26763	0.686101	26.1637	
0.994999	0.00270669	0.0998498	0.00270152	0.998538	-0.0539886	-0.0998499	0.0539883	0.993537	-1.34579	0.72836	26.9531	
0.994698	0.00286923	0.102797	0.00286359	0.99845	-0.0555774	-0.102797	0.0555771	0.993148	-1.42629	0.771882	27.7423	
0.994389	0.00303653	0.105744	0.00303039	0.99836	-0.0571658	-0.105744	0.0571655	0.992749	-1.50912	0.816666	28.5311	
0.99407	0.0032086	0.108691	0.00320193	0.998267	-0.0587538	-0.108691	0.0587534	0.992338	-1.5943	0.862712	29.3197	
0.993743	0.00338542	0.111637	0.0033782	0.998172	-0.0603412	-0.111637	0.0603408	0.991915	-1.68182	0.910018	30.1078	
0.993407	0.003567	0.114582	0.00355919	0.998074	-0.0619281	-0.114582	0.0619277	0.991482	-1.77168	0.958586	30.8957	
0.993063	0.00375334	0.117527	0.00374491	0.997974	-0.0635144	-0.117527	0.0635139	0.991036	-1.86388	1.00841	31.6832	
0.992709	0.00394443	0.120471	0.00393535	0.997871	-0.0651001	-0.120472	0.0650995	0.99058	-1.95842	1.0595	32.4703	
0.992347	0.00414028	0.123415	0.00413051	0.997766	-0.066685	-0.123415	0.0666844	0.990112	-2.05529	1.11185	33.2571	
0.991975	0.00434087	0.126358	0.00433039	0.997658	-0.0682693	-0.126358	0.0682686	0.989633	-2.15451	1.16546	34.0435	
0.991595	0.00454621	0.129299	0.00453498	0.997547	-0.0698528	-0.1293	0.0698521	0.989142	-2.25606	1.22032	34.8295	
0.991206	0.00475629	0.13224	0.00474427	0.997434	-0.0714355	-0.132241	0.0714347	0.98864	-2.35995	1.27644	35.6152	
0.990809	0.0049711	0.13518	0.00495827	0.997318	-0.0730174	-0.13518	0.0730165	0.988127	-2.46618	1.33382	36.4004	
0.990402	0.00519066	0.138118	0.00517696	0.9972	-0.0745983	-0.138119	0.0745974	0.987602	-2.57474	1.39246	37.1852	
0.989987	0.00541494	0.141056	0.00540035	0.99708	-0.0761784	-0.141056	0.0761774	0.987066	-2.68563	1.45235	37.9696	
0.989563	0.00564395	0.143992	0.00562843	0.996956	-0.0777575	-0.143992	0.0777564	0.986519	-2.79886	1.5135	38.7535	
0.98913	0.00587767	0.146927	0.00586118	0.996831	-0.0793356	-0.146927	0.0793344	0.985961	-2.91442	1.5759	39.537	
0.988688	0.00611611	0.14986	0.00609861	0.996703	-0.0809127	-0.149861	0.0809114	0.985391	-3.03231	1.63955	40.3201	
0.988238	0.00635926	0.152792	0.00634071	0.996572	-0.0824887	-0.152792	0.0824873	0.98481	-3.15253	1.70445	41.1027	
0.987779	0.00660712	0.155722	0.00658747	0.996439	-0.0840636	-0.155723	0.0840621	0.984217	-3.27508	1.77061	41.8848	
0.987311	0.00685967	0.158651	0.00683889	0.996303	-0.0856373	-0.158651	0.0856357	0.983614	-3.39996	1.83802	42.6665	
0.98719	0.00692465	0.159398	0.00679071	0.996329	-0.0853394	-0.159404	0.0853286	0.983519	-3.5263	1.90593	43.4479	
0.987068	0.00698951	0.160147	0.00674204	0.996355	-0.0850398	-0.160158	0.0850198	0.983423	-3.65323	1.9736	44.2292	
0.986946	0.00705425	0.160897	0.00669288	0.996381	-0.0847387	-0.160913	0.0847094	0.983327	-3.78077	2.04102	45.0104	
0.986823	0.00711886	0.161649	0.00664324	0.996407	-0.0844361	-0.161669	0.0843973	0.983229	-3.90891	2.10819	45.7916	
0.986699	0.00718334	0.162401	0.00659313	0.996433	-0.084132	-0.162426	0.0840837	0.983132	-4.03765	2.17511	46.5727	
0.986574	0.00724767	0.163155	0.00654254	0.996459	-0.0838266	-0.163185	0.0837685	0.983033	-4.16699	2.24179	47.3537	
0.986448	0.00731186	0.163909	0.00649149	0.996485	-0.0835197	-0.163944	0.0834519	0.982933	-4.29693	2.30821	48.1346	
0.986322	0.00737589	0.164665	0.00643997	0.996511	-0.0832116	-0.164704	0.0831339	0.982833	-4.42747	2.37438	48.9155	
0.986195	0.00743976	0.165422	0.006388	0.996537	-0.0829022	-0.165466	0.0828145	0.982732	-4.55862	2.4403	49.6962	
0.986067	0.00750347	0.166179	0.00633558	0.996563	-0.0825916	-0.166228	0.0824937	0.982631	-4.69038	2.50597	50.4769	
0.985938	0.00756701	0.166937	0.00628272	0.996589	-0.0822799	-0.166991	0.0821717	0.982528	-4.82274	2.57138	51.2575	
0.985809	0.00763037	0.167696	0.00622942	0.996616	-0.081967	-0.167754	0.0818485	0.982425	-4.95571	2.63653	52.038	
0.985679	0.00769355	0.168456	0.00617569	0.996642	-0.0816531	-0.168519	0.0815241	0.982321	-5.08929	2.70142	52.8185	
0.985548	0.00775655	0.169217	0.00612154	0.996668	-0.0813382	-0.169284	0.0811985	0.982217	-5.22347	2.76606	53.5988	
0.985417	0.00781935	0.169978	0.00606697	0.996694	-0.0810223	-0.170049	0.0808719	0.982111	-5.35826	2.83044	54.3791	
0.985285	0.00788195	0.17074	0.00601199	0.99672	-0.0807054	-0.170816	0.0805443	0.982005	-5.49366	2.89456	55.1593	
0.985152	0.00794436	0.171502	0.00595661	0.996746	-0.0803878	-0.171583	0.0802157	0.981899	-5.62967	2.95841	55.9394	
0.985018	0.00800655	0.172265	0.00590082	0.996772	-0.0800693	-0.17235	0.0798862	0.981791	-5.76628	3.02201	56.7194	
0.984884	0.00806854	0.173028	0.00584465	0.996798	-0.07975	-0.173118	0.0795558	0.981683	-5.90351	3.08534	57.4994	
0.984749	0.0081303	0.173792	0.0057881	0.996824	-0.0794301	-0.173886	0.0792246	0.981574	-6.04135	3.14841	58.2792	
0.984613	0.00819185	0.174556	0.00573117	0.996849	-0.0791094	-0.174654	0.0788926	0.981464	-6.1798	3.21122	59.059	
0.984477	0.00825316	0.17532	0.00567387	0.996875	-0.0787882	-0.175423	0.0785599	0.981354	-6.31885	3.27377	59.8387	
0.98434	0.00831425	0.176085	0.00561622	0.996901	-0.0784664	-0.176192	0.0782265	0.981243	-6.45852	3.33604	60.6182	
0.984202	0.0083751	0.17685	0.00555821	0.996927	-0.078144	-0.176961	0.0778925	0.981131	-6.5988	3.39806	61.3977	
0.984064	0.0084357	0.177615	0.00549986	0.996952	-0.0778212	-0.17773	0.0775579	0.981018	-6.73969	3.45981	62.1772	
0.983925	0.00849607	0.17838	0.00544117	0.996978	-0.077498	-0.178499	0.0772228	0.980905	-6.8812	3.52129	62.9565	
0.983785	0.00855618	0.179145	0.00538215	0.997003	-0.0771744	-0.179269	0.0768873	0.980791	-7.02331	3.58251	63.7357	
0.983645	0.00861604	0.17991	0.00532282	0.997028	-0.0768505	-0.180038	0.0765513	0.980676	-7.16603	3.64345	64.5148	
0.983504	0.00867564	0.180676	0.00526317	0.997054	-0.0765263	-0.180807	0.0762149	0.980561	-7.30937	3.70414	65.2939	
0.983363	0.00873498	0.181441	0.00520322	0.997079	-0.0762019	-0.181576	0.0758782	0.980445	-7.45332	3.76455	66.0728	
0.983221	0.00879405	0.182206	0.00514298	0.997104	-0.0758773	-0.182345	0.0755413	0.980328	-7.59787	3.8247	66.8517	
0.983079	0.00885286	0.18297	0.00508245	0.997129	-0.0755526	-0.183114	0.0752041	0.980211	-7.74304	3.88458	67.6305	
0.982935	0.00891139	0.183735	0.00502165	0.997154	-0.0752278	-0.183882	0.0748667	0.980093	-7.88882	3.94419	68.4092	
0.982792	0.00896964	0.184499	0.00496058	0.997178	-0.074903	-0.18465	0.0745293	0.979974	-8.03521	4.00353	69.1877	
0.982647	0.00902761	0.185263	0.00489925	0.997203	-0.0745782	-0.185418	0.0741918	0.979855	-8.18221	4.06261	69.9662	
0.982503	0.00908529	0.186027	0.00483767	0.997228	-0.0742535	-0.186185	0.0738542	0.979735	-8.32982	4.12142	70.7446	
0.985171	0.00808	0.171382	0.00249263	0.998111	-0.0613856	-0.171555	0.0609025	0.98329	-8.47193	4.17495	71.5244	
0.987621	0.00726813	0.156688	0.000339852	0.998824	-0.0484736	-0.156856	0.0479268	0.986458	-8.60238	4.21818	72.3068	
0.989852	0.00664999	0.141949	-0.00161982	0.999368	-0.0355226	-0.142096	0.0349322	0.989236	-8.72114	4.25109	73.0917	
0.991861	0.00622584	0.127172	-0.00338561	0.99974	-0.0225378	-0.127279	0.0219238	0.991625	-8.82814	4.27368	73.8785	
0.993649	0.00599585	0.112362	-0.00495682	0.999942	-0.00952422	-0.112412	0.00890678	0.993622	-8.92336	4.28592	74.6671	
0.995215	0.00596009	0.0975248	-0.00633284	0.999974	0.00351298	-0.0975013	-0.00411378	0.995227	-9.00674	4.28783	75.4572	
0.996558	0.00611859	0.0826668	-0.00751311	0.999835	0.0165686	-0.0825518	-0.0171327	0.996439	-9.07827	4.27939	76.2483	
0.997678	0.00647128	0.0677937	-0.00849718	0.999525	0.0296376	-0.0675697	-0.0301449	0.997259	-9.1379	4.26061	77.0403	
0.998575	0.00701803	0.0529113	-0.00928465	0.999044	0.0427148	-0.052561	-0.0431452	0.997685	-9.18562	4.23149	77.8328	
