1	0	0	0	1	0	0	0	1	0	0	0	
0.999992	5.7908e-06	-0.00389626	5.7908e-06	0.999996	0.00297248	0.00389626	-0.00297248	0.999988	0.00182318	-0.00139091	0.935855	
0.99997	2.31734e-05	-0.00779553	2.31571e-05	0.999982	0.00594306	0.00779553	-0.00594306	0.999952	0.00729412	-0.00556276	1.87169	
0.999932	5.21585e-05	-0.0116977	5.20931e-05	0.99996	0.00891166	0.0116977	-0.00891166	0.999892	0.0164156	-0.0125137	2.80747	
0.999878	9.27563e-05	-0.0156027	9.25928e-05	0.999929	0.0118782	0.0156027	-0.0118782	0.999808	0.0291903	-0.0222419	3.74319	
0.99981	0.000144976	-0.0195103	0.000144649	0.99989	0.0148425	0.0195103	-0.0148425	0.999699	0.0456207	-0.0347454	4.67882	
0.999726	0.000208827	-0.0234204	0.000208255	0.999841	0.0178046	0.0234204	-0.0178046	0.999567	0.0657093	-0.0500219	5.61434	
0.999626	0.000284317	-0.027333	0.000283401	0.999784	0.0207643	0.027333	-0.0207643	0.999411	0.0894583	-0.0680695	6.54972	
0.999512	0.000371454	-0.0312478	0.000370079	0.999719	0.0237216	0.0312478	-0.0237216	0.99923	0.11687	-0.0888858	7.48495	
0.999381	0.000470245	-0.0351648	0.00046828	0.999644	0.0266763	0.0351649	-0.0266763	0.999025	0.147947	-0.112468	8.41999	
0.999236	0.000580695	-0.0390839	0.000577994	0.999561	0.0296284	0.0390839	-0.0296283	0.998797	0.18269	-0.138815	9.35483	
0.999075	0.000702812	-0.0430048	0.000699209	0.999469	0.0325777	0.0430049	-0.0325776	0.998544	0.221102	-0.167923	10.2894	
0.998898	0.000836599	-0.0469276	0.000831914	0.999368	0.0355242	0.0469277	-0.0355241	0.998266	0.263184	-0.19979	11.2238	
0.998706	0.000982061	-0.050852	0.000976098	0.999259	0.0384678	0.0508522	-0.0384677	0.997965	0.308938	-0.234413	12.1579	
0.998498	0.0011392	-0.054778	0.00113175	0.999142	0.0414084	0.0547782	-0.0414082	0.99764	0.358366	-0.271789	13.0917	
0.998274	0.00130803	-0.0587054	0.00129885	0.999015	0.0443459	0.0587057	-0.0443456	0.99729	0.411468	-0.311916	14.0252	
0.998035	0.00148853	-0.0626342	0.00147739	0.998881	0.0472802	0.0626344	-0.0472799	0.996916	0.468247	-0.354791	14.9584	
0.997781	0.00168073	-0.0665641	0.00166736	0.998737	0.0502112	0.0665644	-0.0502108	0.996518	0.528703	-0.400409	15.8911	
0.99751	0.00188461	-0.070495	0.00186873	0.998585	0.0531388	0.0704954	-0.0531383	0.996096	0.592837	-0.44877	16.8235	
0.997224	0.00210018	-0.0744269	0.0020815	0.998425	0.056063	0.0744274	-0.0560623	0.995649	0.660651	-0.499868	17.7555	
0.996922	0.00232744	-0.0783596	0.00230564	0.998256	0.0589836	0.0783602	-0.0589828	0.995179	0.732145	-0.553701	18.6871	
0.996605	0.00256639	-0.0822929	0.00254115	0.998079	0.0619006	0.0822937	-0.0618996	0.994684	0.80732	-0.610265	19.6182	
0.996272	0.00281703	-0.0862268	0.00278799	0.997893	0.0648138	0.0862278	-0.0648126	0.994165	0.886176	-0.669558	20.5489	
0.995922	0.00307935	-0.0901612	0.00304617	0.997699	0.0677232	0.0901623	-0.0677217	0.993622	0.968714	-0.731575	21.479	
0.995557	0.00335335	-0.0940958	0.00331565	0.997497	0.0706287	0.0940972	-0.070627	0.993055	1.05493	-0.796312	22.4086	
0.995177	0.00363903	-0.0980307	0.00359641	0.997287	0.0735302	0.0980322	-0.0735281	0.992463	1.14484	-0.863767	23.3377	
0.99478	0.00393639	-0.101966	0.00388844	0.997068	0.0764277	0.101967	-0.0764252	0.991848	1.23842	-0.933934	24.2662	
0.994368	0.00424542	-0.1059	0.00419172	0.99684	0.0793209	0.105903	-0.079318	0.991208	1.33569	-1.00681	25.1942	
0.993939	0.00456611	-0.109835	0.00450622	0.996605	0.0822099	0.109838	-0.0822066	0.990544	1.43664	-1.08239	26.1215	
0.993495	0.00489847	-0.113769	0.00483193	0.996361	0.0850945	0.113772	-0.0850907	0.989856	1.54128	-1.16068	27.0482	
0.993035	0.00524249	-0.117703	0.00516882	0.996109	0.0879747	0.117707	-0.0879703	0.989144	1.64959	-1.24166	27.9742	
0.992559	0.00559815	-0.121637	0.00551686	0.995849	0.0908503	0.12164	-0.0908454	0.988408	1.76159	-1.32533	28.8996	
0.992067	0.00596545	-0.125569	0.00587605	0.995581	0.0937214	0.125573	-0.0937157	0.987648	1.87727	-1.41169	29.8242	
0.991559	0.00634438	-0.129501	0.00624634	0.995305	0.0965877	0.129506	-0.0965814	0.986864	1.99663	-1.50074	30.7482	
0.991035	0.00673494	-0.133432	0.00662772	0.995021	0.0994493	0.133437	-0.0994421	0.986056	2.11967	-1.59246	31.6714	
0.990495	0.00713712	-0.137362	0.00702016	0.994728	0.102306	0.137368	-0.102298	0.985223	2.24639	-1.68686	32.5938	
0.989939	0.0075509	-0.14129	0.00742364	0.994428	0.105158	0.141297	-0.105149	0.984367	2.37678	-1.78393	33.5154	
0.989368	0.00797627	-0.145218	0.00783813	0.99412	0.108005	0.145225	-0.107994	0.983487	2.51085	-1.88367	34.4362	
0.98878	0.00841323	-0.149143	0.0082636	0.993803	0.110846	0.149152	-0.110835	0.982583	2.6486	-1.98607	35.3562	
0.988176	0.00886176	-0.153068	0.00870002	0.993479	0.113683	0.153077	-0.11367	0.981655	2.79002	-2.09112	36.2753	
0.987556	0.00932185	-0.15699	0.00914738	0.993147	0.116514	0.157001	-0.1165	0.980703	2.93512	-2.19882	37.1936	
0.98692	0.00979349	-0.160911	0.00960563	0.992807	0.119339	0.160922	-0.119324	0.979727	3.08388	-2.30917	38.1109	
0.986268	0.0102767	-0.16483	0.0100748	0.992459	0.12216	0.164842	-0.122143	0.978728	3.23632	-2.42216	39.0274	
0.985601	0.0107714	-0.168747	0.0105547	0.992104	0.124975	0.16876	-0.124956	0.977704	3.39242	-2.53779	39.9428	
0.984917	0.0112775	-0.172661	0.0110455	0.991741	0.127784	0.172676	-0.127763	0.976657	3.55219	-2.65604	40.8573	
0.984217	0.0117952	-0.176573	0.011547	0.99137	0.130587	0.17659	-0.130565	0.975586	3.71562	-2.77692	41.7708	
0.983501	0.0123244	-0.180483	0.0120594	0.990991	0.133385	0.180501	-0.133361	0.974492	3.88272	-2.90042	42.6833	
0.982769	0.012865	-0.184391	0.0125824	0.990605	0.136177	0.18441	-0.13615	0.973374	4.05347	-3.02653	43.5948	
0.982021	0.0134171	-0.188295	0.0131161	0.990211	0.138963	0.188316	-0.138934	0.972232	4.22788	-3.15525	44.5052	
0.981257	0.0139805	-0.192197	0.0136604	0.989809	0.141743	0.19222	-0.141711	0.971066	4.40594	-3.28658	45.4145	
0.980477	0.0145554	-0.196096	0.0142154	0.9894	0.144516	0.196121	-0.144482	0.969877	4.58766	-3.42049	46.3228	
0.979681	0.0151417	-0.199991	0.014781	0.988984	0.147284	0.200018	-0.147247	0.968664	4.77303	-3.557	47.2299	
0.978869	0.0157393	-0.203884	0.0153571	0.98856	0.150045	0.203913	-0.150006	0.967428	4.96204	-3.6961	48.1358	
0.97804	0.0163483	-0.207773	0.0159437	0.988128	0.1528	0.207805	-0.152758	0.966169	5.15469	-3.83777	49.0406	
0.977196	0.0169686	-0.211659	0.0165408	0.98769	0.155549	0.211693	-0.155503	0.964886	5.35099	-3.98201	49.9442	
0.976336	0.0176002	-0.215541	0.0171484	0.987244	0.158291	0.215578	-0.158242	0.96358	5.55092	-4.12882	50.8466	
0.97546	0.0182431	-0.21942	0.0177663	0.98679	0.161027	0.219459	-0.160973	0.96225	5.75449	-4.27819	51.7478	
0.974568	0.0188972	-0.223294	0.0183947	0.986329	0.163756	0.223336	-0.163699	0.960897	5.96168	-4.43012	52.6477	
0.97366	0.0195626	-0.227165	0.0190333	0.985861	0.166478	0.22721	-0.166417	0.959521	6.17251	-4.58459	53.5463	
0.972736	0.0202392	-0.231032	0.0196823	0.985386	0.169193	0.23108	-0.169128	0.958122	6.38696	-4.7416	54.4436	
0.971796	0.020927	-0.234894	0.0203415	0.984904	0.171902	0.234946	-0.171832	0.9567	6.60502	-4.90115	55.3396	
0.97084	0.0216259	-0.238753	0.0210109	0.984415	0.174604	0.238808	-0.174529	0.955254	6.82671	-5.06322	56.2343	
0.969698	0.022451	-0.243275	0.0208794	0.98451	0.174083	0.243414	-0.173887	0.954208	7.05235	-5.22625	57.1278	
0.968532	0.0232743	-0.247798	0.0207449	0.984605	0.173561	0.248023	-0.17324	0.953138	7.28231	-5.38868	58.0203	
0.967343	0.0240958	-0.252324	0.0206074	0.9847	0.173038	0.252633	-0.172587	0.952045	7.51658	-5.55051	58.9118	
0.96613	0.0249152	-0.25685	0.0204671	0.984794	0.172514	0.257243	-0.171928	0.95093	7.75517	-5.71172	59.8022	
0.964894	0.0257325	-0.261376	0.0203238	0.984889	0.171989	0.261852	-0.171264	0.949791	7.99807	-5.8723	60.6916	
0.963634	0.0265474	-0.265902	0.0201775	0.984984	0.171464	0.266461	-0.170593	0.948629	8.24528	-6.03227	61.58	
0.962352	0.02736	-0.270427	0.0200282	0.985078	0.170937	0.271068	-0.169918	0.947444	8.49681	-6.19161	62.4672	
0.961046	0.02817	-0.274949	0.019876	0.985173	0.17041	0.275673	-0.169236	0.946236	8.75265	-6.35031	63.3533	
0.959717	0.0289773	-0.27947	0.0197207	0.985267	0.169881	0.280275	-0.168549	0.945006	9.01279	-6.50837	64.2383	
0.958366	0.0297819	-0.283987	0.0195623	0.985361	0.169352	0.284873	-0.167857	0.943754	9.27724	-6.66578	65.1221	
0.956991	0.0305835	-0.2885	0.0194009	0.985456	0.168822	0.289467	-0.167158	0.942479	9.54599	-6.82254	66.0047	
0.955594	0.0313821	-0.293009	0.0192365	0.98555	0.168291	0.294057	-0.166455	0.941182	9.81904	-6.97865	66.8861	
0.954175	0.0321776	-0.297513	0.0190689	0.985644	0.167759	0.29864	-0.165745	0.939863	10.0964	-7.1341	67.7663	
0.952734	0.0329697	-0.302012	0.0188982	0.985737	0.167227	0.303218	-0.16503	0.938522	10.378	-7.28888	68.6453	
0.951271	0.0337585	-0.306504	0.0187244	0.985831	0.166693	0.307789	-0.164309	0.93716	10.6639	-7.44299	69.523	
0.949706	0.0345295	-0.311234	0.0116333	0.989325	0.145258	0.312927	-0.141573	0.939166	10.9544	-7.58612	70.401	
0.948116	0.0351857	-0.315972	0.00442682	0.992299	0.123783	0.317894	-0.118759	0.940659	11.2496	-7.70795	71.2807	
0.946501	0.0357268	-0.320717	-0.00289117	0.994751	0.102279	0.322688	-0.0958804	0.941637	11.5493	-7.80839	72.1615	
0.944863	0.0361523	-0.325465	-0.0103167	0.99668	0.0807597	0.327304	-0.0729492	0.942099	11.8535	-7.88739	73.043	
0.943201	0.0364622	-0.330215	-0.0178456	0.998085	0.0592353	0.331742	-0.049978	0.942045	12.1619	-7.94491	73.9247	
0.941518	0.0366562	-0.334962	-0.0254738	0.998964	0.037718	0.335998	-0.0269794	0.941476	12.4744	-7.98093	74.806	
0.939814	0.0367342	-0.339706	-0.0331972	0.999317	0.0162196	0.34007	-0.00396613	0.940392	12.7907	-7.99541	75.6867	
0.93809	0.0366962	-0.344443	-0.0410115	0.999145	-0.00524814	0.343956	0.0190494	0.938793	13.1108	-7.98835	76.566	
0.936346	0.0365422	-0.34917	-0.0489124	0.998447	-0.0266735	0.347653	0.0420544	0.93668	13.4345	-7.95976	77.4437	
0.934585	0.0362722	-0.353886	-0.0568957	0.997223	-0.0480447	0.351161	0.0650364	0.934054	13.7615	-7.90964	78.3191	
0.932806	0.0358865	-0.358587	-0.0649568	0.995475	-0.0693501	0.354476	0.0879829	0.930917	14.0917	-7.83804	79.1918	
0.931011	0.0353852	-0.363271	-0.0730915	0.993204	-0.090578	0.357597	0.110881	0.92727	14.4249	-7.74498	80.0613	
0.929201	0.0347687	-0.367935	-0.0812953	0.990409	-0.111717	0.360522	0.133719	0.923116	14.7609	-7.63052	80.9272	
0.927377	0.0340371	-0.372577	-0.0895637	0.987094	-0.132755	0.36325	0.156483	0.918457	15.0996	-7.49472	81.789	
0.925539	0.0331911	-0.377194	-0.0978921	0.98326	-0.153681	0.365779	0.179162	0.913294	15.4408	-7.33765	82.6462	
0.923689	0.0322309	-0.381784	-0.106276	0.978908	-0.174483	0.368108	0.201743	0.907632	15.7842	-7.15941	83.4983	
0.921828	0.0311572	-0.386345	-0.114711	0.974042	-0.19515	0.370236	0.224213	0.901473	16.1297	-6.96008	84.3448	
0.919957	0.0299706	-0.390873	-0.123192	0.968664	-0.215671	0.37216	0.24656	0.894821	16.4771	-6.73978	85.1854	
0.918076	0.0286716	-0.395366	-0.131715	0.962777	-0.236034	0.373881	0.268773	0.887679	16.8262	-6.49863	86.0195	
0.916187	0.027261	-0.399822	-0.140274	0.956384	-0.256229	0.375398	0.290838	0.880051	17.1769	-6.23676	86.8467	
0.914292	0.0257395	-0.404238	-0.148866	0.949488	-0.276243	0.376709	0.312744	0.871941	17.5288	-5.95432	87.6666	
0.91239	0.024108	-0.408612	-0.157486	0.942095	-0.296067	0.377814	0.33448	0.863354	17.8819	-5.65145	88.4786	
0.910483	0.0223675	-0.412942	-0.166129	0.934206	-0.31569	0.378712	0.356031	0.854295	18.2359	-5.32832	89.2824	
