1	0	0	0	1	0	0	0	1	0	0	0	
0.999999	1.10431e-06	-0.00155088	1.10431e-06	0.999999	0.00142411	0.00155088	-0.00142411	0.999998	0.000657165	-0.00060345	0.847474	
0.999995	4.43142e-06	-0.00310697	4.43001e-06	0.999996	0.0028521	0.00310697	-0.0028521	0.999991	0.00263087	-0.00241544	1.69494	
0.999989	1.00021e-05	-0.00466822	9.99639e-06	0.999991	0.00428392	0.00466822	-0.00428392	0.99998	0.0059255	-0.00543924	2.54241	
0.999981	1.78368e-05	-0.00623458	1.78225e-05	0.999984	0.0057195	0.00623458	-0.0057195	0.999964	0.0105454	-0.00967806	3.38986	
0.99997	2.79558e-05	-0.00780599	2.79273e-05	0.999974	0.0071588	0.00780599	-0.0071588	0.999944	0.0164949	-0.0151351	4.23729	
0.999956	4.03792e-05	-0.00938241	4.03292e-05	0.999963	0.00860175	0.00938241	-0.00860175	0.999919	0.0237783	-0.0218134	5.08471	
0.99994	5.5127e-05	-0.0109638	5.50467e-05	0.99995	0.0100483	0.0109638	-0.0100483	0.999889	0.0323998	-0.0297162	5.93211	
0.999921	7.22186e-05	-0.01255	7.20978e-05	0.999934	0.0114984	0.01255	-0.0114984	0.999855	0.0423634	-0.0388463	6.77947	
0.9999	9.16734e-05	-0.0141411	9.15004e-05	0.999916	0.0129521	0.0141411	-0.0129521	0.999816	0.0536735	-0.0492069	7.62681	
0.999876	0.000113511	-0.015737	0.000113272	0.999896	0.0144091	0.015737	-0.0144091	0.999772	0.066334	-0.0608009	8.47411	
0.99985	0.000137749	-0.0173377	0.00013743	0.999874	0.0158696	0.0173377	-0.0158696	0.999724	0.080349	-0.0736311	9.32137	
0.999821	0.000164408	-0.018943	0.000163992	0.99985	0.0173334	0.018943	-0.0173334	0.99967	0.0957225	-0.0877004	10.1686	
0.999789	0.000193505	-0.0205529	0.000192974	0.999823	0.0188004	0.0205529	-0.0188004	0.999612	0.112458	-0.103012	11.0158	
0.999754	0.000225059	-0.0221674	0.000224393	0.999795	0.0202707	0.0221674	-0.0202707	0.999549	0.130561	-0.119568	11.8629	
0.999717	0.000259087	-0.0237865	0.000258266	0.999764	0.0217442	0.0237865	-0.0217442	0.999481	0.150033	-0.137371	12.7099	
0.999677	0.000295607	-0.0254099	0.000294607	0.99973	0.0232208	0.02541	-0.0232208	0.999407	0.170879	-0.156424	13.5569	
0.999634	0.000334637	-0.0270378	0.000333434	0.999695	0.0247005	0.0270379	-0.0247005	0.999329	0.193103	-0.17673	14.4039	
0.999589	0.000376194	-0.0286701	0.000374762	0.999657	0.0261831	0.0286701	-0.0261831	0.999246	0.216709	-0.198292	15.2508	
0.999541	0.000420295	-0.0303066	0.000418606	0.999617	0.0276688	0.0303067	-0.0276687	0.999158	0.2417	-0.221111	16.0976	
0.999489	0.000466956	-0.0319474	0.00046498	0.999575	0.0291573	0.0319474	-0.0291573	0.999064	0.268079	-0.24519	16.9443	
0.999435	0.000516194	-0.0335924	0.0005139	0.99953	0.0306487	0.0335924	-0.0306486	0.998966	0.295851	-0.270532	17.7909	
0.999379	0.000568025	-0.0352415	0.000565381	0.999483	0.0321428	0.0352415	-0.0321428	0.998862	0.325018	-0.297139	18.6375	
0.999319	0.000622465	-0.0368947	0.000619436	0.999434	0.0336397	0.0368947	-0.0336397	0.998753	0.355585	-0.325014	19.4839	
0.999256	0.00067953	-0.0385519	0.000676079	0.999382	0.0351393	0.0385519	-0.0351392	0.998639	0.387555	-0.354158	20.3303	
0.999191	0.000739235	-0.040213	0.000735324	0.999328	0.0366415	0.0402131	-0.0366414	0.998519	0.42093	-0.384574	21.1766	
0.999122	0.000801594	-0.0418781	0.000797184	0.999272	0.0381463	0.0418782	-0.0381462	0.998394	0.455716	-0.416264	22.0227	
0.999051	0.000866624	-0.043547	0.000861672	0.999213	0.0396536	0.0435471	-0.0396535	0.998264	0.491914	-0.449231	22.8688	
0.998977	0.000934337	-0.0452198	0.000928801	0.999152	0.0411633	0.0452199	-0.0411632	0.998129	0.529528	-0.483476	23.7148	
0.998899	0.00100475	-0.0468962	0.000998584	0.999088	0.0426755	0.0468963	-0.0426754	0.997988	0.568561	-0.519001	24.5606	
0.998819	0.00107787	-0.0485763	0.00107103	0.999023	0.04419	0.0485765	-0.0441898	0.997841	0.609016	-0.55581	25.4063	
0.998735	0.00115373	-0.0502601	0.00114616	0.998954	0.0457068	0.0502603	-0.0457066	0.99769	0.650897	-0.593902	26.2519	
0.998649	0.00123232	-0.0519474	0.00122398	0.998883	0.0472259	0.0519476	-0.0472257	0.997533	0.694206	-0.633281	27.0973	
0.99856	0.00131366	-0.0536383	0.00130449	0.99881	0.0487471	0.0536385	-0.0487469	0.99737	0.738947	-0.673948	27.9426	
0.998467	0.00139777	-0.0553325	0.00138772	0.998735	0.0502705	0.0553328	-0.0502702	0.997202	0.785122	-0.715905	28.7878	
0.998371	0.00148466	-0.0570302	0.00147367	0.998657	0.051796	0.0570305	-0.0517957	0.997028	0.832735	-0.759155	29.6328	
0.998273	0.00157434	-0.0587312	0.00156235	0.998576	0.0533234	0.0587316	-0.0533231	0.996849	0.881787	-0.803697	30.4777	
0.998171	0.00166682	-0.0604355	0.00165378	0.998493	0.0548529	0.0604359	-0.0548525	0.996664	0.932283	-0.849535	31.3224	
0.998066	0.00176212	-0.0621431	0.00174796	0.998408	0.0563843	0.0621435	-0.0563838	0.996473	0.984225	-0.89667	32.167	
0.997958	0.00186024	-0.0638538	0.0018449	0.99832	0.0579175	0.0638542	-0.057917	0.996277	1.03761	-0.945104	33.0114	
0.997846	0.0019612	-0.0655676	0.00194462	0.998229	0.0594525	0.0655681	-0.0594519	0.996075	1.09246	-0.994838	33.8557	
0.997732	0.00206501	-0.0672844	0.00204711	0.998136	0.0609893	0.0672849	-0.0609887	0.995868	1.14875	-1.04587	34.6997	
0.997614	0.00217167	-0.0690042	0.0021524	0.998041	0.0625277	0.0690048	-0.0625271	0.995655	1.2065	-1.09821	35.5436	
0.997493	0.00228121	-0.070727	0.00226048	0.997943	0.0640678	0.0707277	-0.0640671	0.995436	1.26571	-1.15185	36.3873	
0.997369	0.00239362	-0.0724527	0.00237137	0.997843	0.0656095	0.0724534	-0.0656087	0.995212	1.32638	-1.2068	37.2308	
0.997242	0.00250892	-0.0741811	0.00248507	0.99774	0.0671527	0.0741819	-0.0671519	0.994981	1.38852	-1.26306	38.0741	
0.997111	0.00262712	-0.0759123	0.0026016	0.997634	0.0686974	0.0759132	-0.0686965	0.994745	1.45212	-1.32062	38.9172	
0.996977	0.00274822	-0.0776463	0.00272095	0.997526	0.0702435	0.0776472	-0.0702425	0.994503	1.51719	-1.3795	39.7602	
0.99684	0.00287225	-0.0793828	0.00284314	0.997416	0.071791	0.0793839	-0.0717899	0.994256	1.58373	-1.43968	40.6029	
0.9967	0.00299919	-0.081122	0.00296817	0.997303	0.0733398	0.0811231	-0.0733386	0.994002	1.65174	-1.50118	41.4454	
0.996556	0.00312907	-0.0828636	0.00309604	0.997187	0.0748899	0.0828649	-0.0748885	0.993743	1.72123	-1.56399	42.2877	
0.996409	0.00326189	-0.0846078	0.00322678	0.997069	0.0764411	0.0846091	-0.0764396	0.993478	1.79219	-1.62811	43.1297	
0.996259	0.00339765	-0.0863543	0.00336037	0.996948	0.0779935	0.0863558	-0.0779919	0.993207	1.86464	-1.69355	43.9716	
0.996105	0.00353637	-0.0881032	0.00349683	0.996825	0.079547	0.0881048	-0.0795453	0.99293	1.93856	-1.7603	44.8132	
0.995948	0.00367805	-0.0898544	0.00363615	0.996699	0.0811015	0.0898561	-0.0810996	0.992647	2.01397	-1.82837	45.6545	
0.995788	0.0038227	-0.0916078	0.00377836	0.996571	0.082657	0.0916097	-0.082655	0.992359	2.09087	-1.89776	46.4956	
0.995624	0.00397032	-0.0933634	0.00392344	0.99644	0.0842135	0.0933654	-0.0842113	0.992064	2.16925	-1.96847	47.3365	
0.995457	0.00412093	-0.0951211	0.0040714	0.996307	0.0857708	0.0951232	-0.0857684	0.991764	2.24912	-2.0405	48.1771	
0.994996	0.00453237	-0.0998078	0.00432151	0.996083	0.0883148	0.0998171	-0.0883043	0.99108	2.33172	-2.11426	49.0173	
0.994513	0.00495596	-0.104493	0.00458398	0.995853	0.0908601	0.10451	-0.0908406	0.990366	2.4183	-2.19017	49.857	
0.994008	0.0053917	-0.109176	0.00485881	0.995616	0.0934063	0.109201	-0.093377	0.989624	2.50886	-2.26823	50.696	
0.99348	0.0058396	-0.113858	0.005146	0.995373	0.0959532	0.113891	-0.0959135	0.988853	2.60339	-2.34844	51.5343	
0.99293	0.00629966	-0.118537	0.00544556	0.995122	0.0985006	0.118579	-0.0984497	0.988052	2.7019	-2.4308	52.372	
0.992357	0.00677186	-0.123214	0.00575748	0.994865	0.101048	0.123266	-0.100985	0.987222	2.80438	-2.51531	53.209	
0.991762	0.00725621	-0.127888	0.00608177	0.994601	0.103596	0.127949	-0.10352	0.986363	2.91083	-2.60196	54.0453	
0.991145	0.0077527	-0.13256	0.00641842	0.99433	0.106143	0.132631	-0.106054	0.985475	3.02125	-2.69077	54.8808	
0.990505	0.00826133	-0.137228	0.00676742	0.994053	0.10869	0.13731	-0.108587	0.984558	3.13563	-2.78172	55.7156	
0.989843	0.00878207	-0.141893	0.00712875	0.993768	0.111237	0.141985	-0.111118	0.983612	3.25398	-2.87482	56.5496	
0.989159	0.00931493	-0.146554	0.0075024	0.993477	0.113782	0.146658	-0.113648	0.982637	3.37629	-2.97006	57.3828	
0.988452	0.00985988	-0.151212	0.00788836	0.99318	0.116326	0.151328	-0.116176	0.981633	3.50256	-3.06744	58.2151	
0.987723	0.0104169	-0.155866	0.0082866	0.992875	0.118869	0.155993	-0.118701	0.9806	3.63278	-3.16697	59.0466	
0.986972	0.010986	-0.160515	0.0086971	0.992564	0.12141	0.160655	-0.121224	0.979538	3.76695	-3.26864	59.8772	
0.986199	0.0115672	-0.16516	0.00911984	0.992247	0.123949	0.165313	-0.123745	0.978447	3.90508	-3.37244	60.7068	
0.985403	0.0121603	-0.1698	0.00955478	0.991922	0.126486	0.169967	-0.126263	0.977328	4.04715	-3.47838	61.5356	
0.984586	0.0127655	-0.174436	0.0100019	0.991591	0.129021	0.174616	-0.128777	0.976179	4.19316	-3.58645	62.3634	
0.983746	0.0133827	-0.179066	0.0104612	0.991254	0.131553	0.17926	-0.131288	0.975002	4.34311	-3.69665	63.1901	
0.982884	0.0140118	-0.183691	0.0109325	0.99091	0.134083	0.1839	-0.133796	0.973796	4.497	-3.80897	64.0159	
0.982	0.0146528	-0.18831	0.0114159	0.990559	0.136609	0.188534	-0.1363	0.972562	4.65481	-3.92342	64.8407	
0.981094	0.0153057	-0.192924	0.0119114	0.990202	0.139132	0.193163	-0.1388	0.971299	4.81655	-4.03999	65.6644	
0.980166	0.0159705	-0.197531	0.0124188	0.989839	0.141652	0.197787	-0.141296	0.970008	4.98221	-4.15868	66.487	
0.979217	0.0166472	-0.202133	0.0129381	0.989469	0.144168	0.202404	-0.143787	0.968689	5.15179	-4.27948	67.3085	
0.978245	0.0173356	-0.206728	0.0134694	0.989092	0.14668	0.207016	-0.146273	0.967341	5.32528	-4.40239	68.1288	
0.977251	0.0180358	-0.211316	0.0140124	0.98871	0.149188	0.211621	-0.148755	0.965965	5.50267	-4.52741	68.9481	
0.976236	0.0187477	-0.215898	0.0145672	0.988321	0.151691	0.21622	-0.151231	0.964561	5.68396	-4.65452	69.7661	
0.975199	0.0194713	-0.220472	0.0151337	0.987925	0.15419	0.220812	-0.153702	0.963129	5.86915	-4.78373	70.5829	
0.970584	0.0226132	-0.2397	0.0167304	0.986838	0.160842	0.240182	-0.160121	0.957431	6.0645	-4.91672	71.3968	
0.965582	0.0258829	-0.258809	0.0184609	0.985707	0.167453	0.259444	-0.166467	0.951303	6.27622	-5.05511	72.2056	
0.960195	0.0292789	-0.277792	0.0203244	0.984532	0.17402	0.27859	-0.172739	0.944748	6.50421	-5.19885	73.0091	
0.954426	0.0327997	-0.296639	0.0223201	0.983314	0.18054	0.297611	-0.178933	0.937769	6.74838	-5.34787	73.8068	
0.948278	0.0364437	-0.315342	0.0244471	0.982054	0.187011	0.316498	-0.185047	0.930369	7.00861	-5.50211	74.5984	
0.941753	0.0402094	-0.333893	0.0267045	0.980751	0.193428	0.335243	-0.191078	0.922551	7.28479	-5.6615	75.3836	
0.934854	0.0440949	-0.352283	0.0290912	0.979407	0.199791	0.353838	-0.197023	0.91432	7.57679	-5.82595	76.162	
0.927585	0.0480986	-0.370504	0.0316061	0.978022	0.206094	0.372274	-0.20288	0.905678	7.88448	-5.99541	76.9332	
0.919948	0.0522186	-0.388548	0.0342482	0.976596	0.212337	0.390543	-0.208646	0.896629	8.20772	-6.1698	77.6969	
0.911946	0.0564532	-0.406407	0.0370162	0.975131	0.218515	0.408636	-0.214318	0.887178	8.54638	-6.34903	78.4528	
0.903585	0.0608004	-0.424073	0.0399089	0.973627	0.224627	0.426546	-0.219893	0.877328	8.90029	-6.53303	79.2005	
0.894867	0.0652582	-0.441537	0.042925	0.972085	0.230668	0.444265	-0.225371	0.867085	9.2693	-6.72171	79.9398	
0.885796	0.0698247	-0.458793	0.0460632	0.970505	0.236638	0.461784	-0.230746	0.856453	9.65324	-6.91499	80.6701	
0.876376	0.0744977	-0.475831	0.049322	0.968889	0.242533	0.479096	-0.236019	0.845436	10.0519	-7.11279	81.3913	
0.866612	0.0792753	-0.492646	0.0527	0.967236	0.24835	0.496192	-0.241185	0.83404	10.4652	-7.315	82.103	
