1	0	0	0	1	0	0	0	1	0	0	0	
0.999999	2.65711e-06	-0.00139566	2.65711e-06	0.999993	0.00380767	0.00139566	-0.00380767	0.999992	0.000598794	-0.00163365	0.858078	
0.999996	1.0632e-05	-0.0027915	1.06362e-05	0.999971	0.00761882	0.0027915	-0.00761882	0.999967	0.00239525	-0.00653608	1.71614	
0.999991	2.39309e-05	-0.00418747	2.39476e-05	0.999935	0.0114333	0.00418747	-0.0114333	0.999926	0.00538952	-0.0147102	2.57418	
0.999984	4.25595e-05	-0.00558355	4.26011e-05	0.999884	0.0152511	0.00558355	-0.0152511	0.999868	0.00958168	-0.0261589	3.43217	
0.999976	6.65233e-05	-0.00697967	6.66065e-05	0.999818	0.019072	0.00697967	-0.019072	0.999794	0.0149718	-0.0408849	4.29011	
0.999965	9.58271e-05	-0.00837581	9.5973e-05	0.999738	0.0228959	0.00837581	-0.0228959	0.999703	0.02156	-0.0588908	5.14798	
0.999952	0.000130476	-0.00977192	0.000130709	0.999643	0.0267227	0.00977192	-0.0267227	0.999595	0.0293461	-0.0801793	6.00576	
0.999938	0.000170473	-0.011168	0.000170824	0.999533	0.0305524	0.011168	-0.0305524	0.999471	0.0383301	-0.104753	6.86344	
0.999921	0.000215824	-0.0125639	0.000216325	0.999409	0.0343847	0.0125639	-0.0343847	0.99933	0.0485121	-0.132613	7.721	
0.999903	0.000266531	-0.0139596	0.000267221	0.999269	0.0382196	0.0139596	-0.0382196	0.999172	0.0598917	-0.163763	8.57844	
0.999882	0.000322598	-0.0153552	0.000323519	0.999115	0.042057	0.0153552	-0.042057	0.998997	0.072469	-0.198205	9.43574	
0.99986	0.000384028	-0.0167505	0.000385225	0.998946	0.0458967	0.0167505	-0.0458967	0.998806	0.0862437	-0.235941	10.2929	
0.999835	0.000450823	-0.0181456	0.000452347	0.998762	0.0497387	0.0181455	-0.0497387	0.998597	0.101215	-0.276973	11.1498	
0.999809	0.000522985	-0.0195403	0.000524892	0.998563	0.0535828	0.0195403	-0.0535828	0.998372	0.117384	-0.321302	12.0066	
0.999781	0.000600515	-0.0209347	0.000602864	0.998349	0.0574289	0.0209346	-0.057429	0.99813	0.13475	-0.36893	12.8632	
0.99975	0.000683416	-0.0223286	0.00068627	0.998121	0.061277	0.0223285	-0.061277	0.997871	0.153311	-0.41986	13.7196	
0.999718	0.000771689	-0.0237221	0.000775116	0.997877	0.0651268	0.023722	-0.0651269	0.997595	0.173069	-0.474093	14.5757	
0.999684	0.000865333	-0.0251151	0.000869405	0.997618	0.0689784	0.025115	-0.0689784	0.997302	0.194022	-0.531629	15.4316	
0.999648	0.00096435	-0.0265076	0.000969143	0.997344	0.0728315	0.0265075	-0.0728316	0.996992	0.21617	-0.592472	16.2872	
0.99961	0.00106874	-0.0278996	0.00107433	0.997055	0.0766861	0.0278993	-0.0766862	0.996665	0.239513	-0.656621	17.1426	
0.99957	0.0011785	-0.0292909	0.00118498	0.996751	0.080542	0.0292906	-0.0805421	0.996321	0.26405	-0.724078	17.9977	
0.999528	0.00129363	-0.0306815	0.00130109	0.996431	0.0843992	0.0306812	-0.0843993	0.99596	0.28978	-0.794845	18.8524	
0.999485	0.00141414	-0.0320715	0.00142267	0.996097	0.0882575	0.0320711	-0.0882577	0.995581	0.316703	-0.868922	19.7069	
0.999439	0.00154001	-0.0334607	0.00154971	0.995747	0.0921169	0.0334603	-0.092117	0.995186	0.344819	-0.94631	20.561	
0.999391	0.00167125	-0.0348492	0.00168222	0.995382	0.0959771	0.0348486	-0.0959773	0.994773	0.374126	-1.02701	21.4148	
0.999342	0.00180785	-0.0362368	0.0018202	0.995002	0.0998381	0.0362362	-0.0998384	0.994344	0.404625	-1.11102	22.2682	
0.99929	0.00194982	-0.0376236	0.00196365	0.994607	0.1037	0.0376229	-0.1037	0.993897	0.436313	-1.19835	23.1212	
0.999237	0.00209715	-0.0390095	0.00211258	0.994196	0.107562	0.0390087	-0.107562	0.993433	0.469191	-1.28899	23.9739	
0.999181	0.00224983	-0.0403945	0.00226699	0.99377	0.111425	0.0403935	-0.111425	0.992952	0.503258	-1.38294	24.8261	
0.999124	0.00240787	-0.0417785	0.00242688	0.993329	0.115288	0.0417774	-0.115288	0.992453	0.538513	-1.48021	25.6779	
0.999065	0.00257126	-0.0431614	0.00259224	0.992873	0.119151	0.0431602	-0.119152	0.991938	0.574954	-1.5808	26.5293	
0.999004	0.00273999	-0.0445433	0.00276308	0.992401	0.123015	0.0445419	-0.123015	0.991405	0.612582	-1.6847	27.3803	
0.998941	0.00291407	-0.0459242	0.0029394	0.991914	0.126878	0.0459226	-0.126879	0.990855	0.651395	-1.79191	28.2307	
0.998876	0.00309348	-0.0473039	0.0031212	0.991412	0.130742	0.0473021	-0.130743	0.990287	0.691392	-1.90244	29.0807	
0.998809	0.00327822	-0.0486824	0.00330847	0.990894	0.134605	0.0486804	-0.134606	0.989703	0.732573	-2.01629	29.9302	
0.99874	0.00346829	-0.0500597	0.00350122	0.990361	0.138468	0.0500574	-0.138469	0.989101	0.774935	-2.13345	30.7792	
0.99867	0.00366368	-0.0514358	0.00369945	0.989812	0.14233	0.0514332	-0.142331	0.988482	0.818479	-2.25392	31.6277	
0.998597	0.00386438	-0.0528106	0.00390314	0.989248	0.146192	0.0528077	-0.146193	0.987846	0.863203	-2.37771	32.4756	
0.998523	0.0040704	-0.054184	0.00411231	0.988669	0.150054	0.0541808	-0.150055	0.987192	0.909105	-2.50482	33.323	
0.998446	0.00428171	-0.0555561	0.00432695	0.988075	0.153914	0.0555526	-0.153916	0.986521	0.956185	-2.63523	34.1698	
0.998368	0.00449832	-0.0569268	0.00454705	0.987465	0.157774	0.0569229	-0.157775	0.985833	1.00444	-2.76896	35.016	
0.998288	0.00472022	-0.058296	0.00477262	0.986839	0.161633	0.0582918	-0.161634	0.985128	1.05387	-2.906	35.8616	
0.998206	0.00494739	-0.0596638	0.00500364	0.986199	0.16549	0.0596591	-0.165492	0.984405	1.10448	-3.04635	36.7066	
0.998122	0.00517984	-0.06103	0.00524013	0.985543	0.169347	0.0610249	-0.169349	0.983665	1.15626	-3.19001	37.551	
0.998037	0.00541755	-0.0623947	0.00548206	0.984871	0.173202	0.0623891	-0.173204	0.982908	1.20921	-3.33698	38.3948	
0.997949	0.00566052	-0.0637578	0.00572944	0.984184	0.177056	0.0637516	-0.177058	0.982134	1.26333	-3.48726	39.2378	
0.99786	0.00590873	-0.0651192	0.00598226	0.983482	0.180908	0.0651125	-0.18091	0.981342	1.31862	-3.64084	40.0803	
0.997769	0.00616218	-0.066479	0.00624052	0.982764	0.184758	0.0664717	-0.184761	0.980533	1.37507	-3.79773	40.922	
0.997676	0.00642085	-0.0678371	0.00650422	0.982031	0.188607	0.0678292	-0.18861	0.979707	1.43269	-3.95792	41.763	
0.997581	0.00668475	-0.0691935	0.00677334	0.981283	0.192454	0.0691848	-0.192457	0.978863	1.49148	-4.12141	42.6033	
0.997484	0.00695385	-0.070548	0.00704788	0.980519	0.196299	0.0705387	-0.196303	0.978003	1.55142	-4.28821	43.4429	
0.997386	0.00722815	-0.0719007	0.00732784	0.979739	0.200142	0.0718907	-0.200146	0.977125	1.61253	-4.4583	44.2817	
0.997285	0.00750764	-0.0732516	0.0076132	0.978945	0.203983	0.0732407	-0.203987	0.97623	1.6748	-4.63169	45.1198	
0.997183	0.0077923	-0.0746006	0.00790397	0.978135	0.207822	0.0745889	-0.207826	0.975318	1.73822	-4.80837	45.9571	
0.997079	0.00808213	-0.0759477	0.00820013	0.977309	0.211658	0.075935	-0.211662	0.974388	1.8028	-4.98835	46.7936	
0.996973	0.00837711	-0.0772928	0.00850168	0.976469	0.215491	0.0772792	-0.215496	0.973442	1.86854	-5.17162	47.6293	
0.996866	0.00867723	-0.0786359	0.00880861	0.975613	0.219322	0.0786213	-0.219328	0.972478	1.93543	-5.35818	48.4642	
0.996756	0.00898248	-0.0799769	0.00912091	0.974741	0.223151	0.0799613	-0.223156	0.971498	2.00346	-5.54802	49.2982	
0.996834	0.00876181	-0.0790294	0.00960067	0.973376	0.229013	0.0789319	-0.229047	0.97021	2.07164	-5.74203	50.1313	
0.99691	0.00853646	-0.0780876	0.0100748	0.971973	0.234875	0.0779041	-0.234936	0.968884	2.13893	-5.9411	50.9632	
0.996985	0.00830644	-0.0771514	0.0105431	0.970534	0.240735	0.0768777	-0.240822	0.96752	2.20533	-6.14522	51.794	
0.997058	0.00807175	-0.0762206	0.0110058	0.969057	0.246592	0.0758525	-0.246705	0.966117	2.27086	-6.35439	52.6236	
0.997131	0.00783243	-0.0752951	0.0114626	0.967543	0.252446	0.0748285	-0.252584	0.964677	2.33551	-6.56861	53.452	
0.997201	0.00758847	-0.0743748	0.0119137	0.965992	0.258296	0.0738055	-0.258459	0.963199	2.39928	-6.78787	54.2792	
0.997271	0.00733988	-0.0734595	0.0123589	0.964405	0.264142	0.0727834	-0.264329	0.961682	2.46217	-7.01217	55.105	
0.99734	0.00708667	-0.0725491	0.0127982	0.96278	0.269984	0.0717621	-0.270194	0.960128	2.52419	-7.2415	55.9296	
0.997407	0.00682885	-0.0716435	0.0132317	0.961118	0.27582	0.0707414	-0.276053	0.958536	2.58533	-7.47586	56.7527	
0.997473	0.0065664	-0.0707426	0.0136592	0.95942	0.28165	0.0697213	-0.281905	0.956906	2.64559	-7.71525	57.5746	
0.997538	0.00629933	-0.0698461	0.0140808	0.957685	0.287474	0.0687015	-0.28775	0.955238	2.70498	-7.95965	58.3949	
0.997602	0.00602764	-0.068954	0.0144964	0.955913	0.293291	0.0676819	-0.293587	0.953533	2.7635	-8.20907	59.2139	
0.997664	0.00575131	-0.0680662	0.0149061	0.954105	0.2991	0.0666625	-0.299416	0.951791	2.82114	-8.46349	60.0313	
0.997726	0.00547033	-0.0671824	0.0153096	0.952261	0.304901	0.0656431	-0.305236	0.950011	2.8779	-8.72292	60.8473	
0.997786	0.00518468	-0.0663026	0.0157072	0.95038	0.310694	0.0646235	-0.311048	0.948195	2.93379	-8.98733	61.6617	
0.997845	0.00489435	-0.0654266	0.0160986	0.948463	0.316477	0.0636037	-0.316849	0.946341	2.98881	-9.25672	62.4745	
0.997904	0.00459933	-0.0645543	0.0164839	0.946511	0.322251	0.0625835	-0.32264	0.944451	3.04294	-9.53109	63.2858	
0.997961	0.00429958	-0.0636855	0.0168631	0.944522	0.328015	0.0615627	-0.32842	0.942524	3.09621	-9.81042	64.0954	
0.998017	0.00399508	-0.0628202	0.0172361	0.942498	0.333767	0.0605413	-0.334188	0.94056	3.1486	-10.0947	64.9033	
0.998072	0.0036858	-0.0619581	0.017603	0.940438	0.339509	0.0595191	-0.339945	0.93856	3.20011	-10.3839	65.7095	
0.998126	0.00337172	-0.0610991	0.0179636	0.938343	0.345238	0.058496	-0.345689	0.936524	3.25074	-10.6781	66.514	
0.998179	0.00305279	-0.0602431	0.0183179	0.936213	0.350956	0.0574718	-0.35142	0.934452	3.3005	-10.9772	67.3167	
0.998231	0.00272899	-0.05939	0.018666	0.934048	0.35666	0.0564464	-0.357138	0.932345	3.34937	-11.2812	68.1177	
0.998282	0.00240027	-0.0585396	0.0190079	0.931848	0.362351	0.0554198	-0.362841	0.930202	3.39737	-11.5901	68.9168	
0.998332	0.00206659	-0.0576918	0.0193433	0.929613	0.368028	0.0543917	-0.36853	0.928023	3.44448	-11.9039	69.714	
0.999057	-0.00378442	-0.0432628	0.0200282	0.924081	0.381671	0.0385339	-0.382178	0.923285	3.48435	-12.226	70.5083	
0.999533	-0.00984679	-0.0289109	0.0204791	0.918349	0.395242	0.0226584	-0.395649	0.918122	3.51061	-12.5597	71.2984	
0.999763	-0.0161177	-0.0146427	0.020696	0.912419	0.408733	0.00677248	-0.408939	0.912537	3.52323	-12.9049	72.0839	
0.999745	-0.0225944	-0.000464956	0.0206787	0.906296	0.422138	-0.00911657	-0.42204	0.906531	3.52223	-13.2615	72.8643	
0.999479	-0.0292737	0.013616	0.0204273	0.89998	0.435452	-0.0250014	-0.434947	0.900109	3.50759	-13.6292	73.6395	
0.998965	-0.0361527	0.0275935	0.0199418	0.893476	0.448669	-0.0408748	-0.447654	0.893272	3.47932	-14.0078	74.409	
0.998205	-0.0432282	0.0414614	0.0192225	0.886785	0.461781	-0.0567293	-0.460155	0.886024	3.43745	-14.3973	75.1724	
0.997197	-0.0504968	0.055213	0.0182697	0.879913	0.474784	-0.0725577	-0.472445	0.878369	3.38198	-14.7975	75.9294	
0.995943	-0.0579554	0.0688422	0.0170839	0.87286	0.487671	-0.0883528	-0.484516	0.870309	3.31294	-15.2081	76.6797	
0.994443	-0.0656003	0.0823426	0.0156656	0.865632	0.500436	-0.104107	-0.496365	0.861849	3.23036	-15.6289	77.4229	
0.992697	-0.0734282	0.095708	0.0140154	0.85823	0.513074	-0.119814	-0.507986	0.852992	3.13428	-16.0599	78.1586	
0.990708	-0.0814354	0.108932	0.0121341	0.850659	0.525578	-0.135465	-0.519372	0.843743	3.02476	-16.5006	78.8866	
0.988475	-0.0896183	0.122009	0.0100226	0.842922	0.537943	-0.151054	-0.53052	0.834105	2.90182	-16.9511	79.6065	
0.985999	-0.097973	0.134933	0.00768183	0.835022	0.550163	-0.166573	-0.541424	0.824084	2.76554	-17.411	80.318	
0.983282	-0.106496	0.147698	0.00511289	0.826963	0.562233	-0.182016	-0.552078	0.813683	2.61598	-17.8802	81.0207	
0.980325	-0.115183	0.160298	0.00231695	0.81875	0.574146	-0.197375	-0.562478	0.802908	2.4532	-18.3584	81.7143	
