1	0	0	0	1	0	0	0	1	0	0	0	
0.999998	2.46951e-06	0.00200185	2.46951e-06	0.999997	-0.00246721	-0.00200185	0.00246721	0.999995	-0.00102519	0.00126351	1.02424	
0.999992	9.90796e-06	0.0040098	9.90752e-06	0.999988	-0.00494171	-0.0040098	0.00494171	0.99998	-0.00410389	0.00505779	2.04847	
0.999982	2.23596e-05	0.00602373	2.23578e-05	0.999972	-0.00742337	-0.00602373	0.00742337	0.999954	-0.00924228	0.0113902	3.07268	
0.999968	3.9868e-05	0.00804355	3.98635e-05	0.999951	-0.00991207	-0.00804355	0.00991207	0.999919	-0.0164464	0.0202681	4.09686	
0.999949	6.24759e-05	0.0100692	6.2467e-05	0.999923	-0.0124077	-0.0100692	0.0124077	0.999872	-0.0257224	0.0316985	5.12099	
0.999927	9.02254e-05	0.0121005	9.02098e-05	0.999889	-0.0149101	-0.0121005	0.0149101	0.999816	-0.0370759	0.0456885	6.14508	
0.9999	0.000123158	0.0141373	0.000123133	0.999848	-0.0174191	-0.0141373	0.0174191	0.999748	-0.0505129	0.062245	7.1691	
0.999869	0.000161314	0.0161797	0.000161276	0.999801	-0.0199347	-0.0161797	0.0199347	0.99967	-0.0660389	0.0813746	8.19304	
0.999834	0.000204734	0.0182275	0.00020468	0.999748	-0.0224566	-0.0182275	0.0224566	0.999582	-0.0836595	0.103084	9.2169	
0.999794	0.000253456	0.0202805	0.000253381	0.999688	-0.0249849	-0.0202805	0.0249849	0.999482	-0.10338	0.12738	10.2407	
0.99975	0.000307519	0.0223387	0.000307419	0.999621	-0.0275193	-0.0223387	0.0275193	0.999372	-0.125207	0.154269	11.2643	
0.999702	0.000366961	0.024402	0.000366831	0.999548	-0.0300597	-0.024402	0.0300597	0.99925	-0.149143	0.183756	12.2879	
0.99965	0.000431819	0.0264702	0.000431653	0.999468	-0.0326061	-0.0264702	0.0326061	0.999118	-0.175196	0.215849	13.3113	
0.999592	0.000502128	0.0285434	0.00050192	0.999382	-0.0351582	-0.0285434	0.0351582	0.998974	-0.20337	0.250552	14.3345	
0.999531	0.000577923	0.0306213	0.000577667	0.999288	-0.0377159	-0.0306213	0.0377159	0.998819	-0.233669	0.287872	15.3576	
0.999465	0.000659241	0.0327038	0.000658929	0.999188	-0.0402791	-0.0327038	0.0402791	0.998653	-0.266099	0.327815	16.3806	
0.999394	0.000746114	0.0347909	0.000745738	0.999081	-0.0428478	-0.0347909	0.0428478	0.998476	-0.300665	0.370386	17.4034	
0.999319	0.000838574	0.0368825	0.000838127	0.998968	-0.0454217	-0.0368825	0.0454217	0.998287	-0.337371	0.415591	18.426	
0.99924	0.000936656	0.0389785	0.000936128	0.998847	-0.0480007	-0.0389785	0.0480007	0.998086	-0.376221	0.463435	19.4483	
0.999155	0.00104039	0.0410786	0.00103977	0.998719	-0.0505847	-0.0410787	0.0505847	0.997875	-0.41722	0.513922	20.4705	
0.999067	0.0011498	0.043183	0.00114909	0.998585	-0.0531736	-0.043183	0.0531736	0.997651	-0.460372	0.567059	21.4925	
0.998973	0.00126493	0.0452914	0.00126411	0.998443	-0.0557672	-0.0452914	0.0557672	0.997416	-0.505681	0.62285	22.5142	
0.998875	0.0013858	0.0474037	0.00138486	0.998294	-0.0583655	-0.0474037	0.0583655	0.997169	-0.553153	0.6813	23.5357	
0.998772	0.00151244	0.0495198	0.00151137	0.998139	-0.0609682	-0.0495199	0.0609682	0.996911	-0.602789	0.742413	24.5569	
0.998664	0.00164488	0.0516397	0.00164366	0.997976	-0.0635753	-0.0516397	0.0635753	0.99664	-0.654595	0.806195	25.5778	
0.998552	0.00178314	0.0537632	0.00178176	0.997806	-0.0661866	-0.0537633	0.0661866	0.996358	-0.708574	0.872649	26.5985	
0.998435	0.00192725	0.0558903	0.0019257	0.997628	-0.0688021	-0.0558903	0.068802	0.996064	-0.76473	0.941779	27.6188	
0.998313	0.00207723	0.0580207	0.0020755	0.997444	-0.0714215	-0.0580208	0.0714214	0.995757	-0.823067	1.01359	28.6389	
0.998187	0.00223311	0.0601545	0.00223119	0.997252	-0.0740447	-0.0601546	0.0740446	0.995439	-0.883587	1.08809	29.6586	
0.998055	0.00239492	0.0622915	0.00239278	0.997054	-0.0766716	-0.0622916	0.0766716	0.995109	-0.946294	1.16527	30.678	
0.997919	0.00256266	0.0644316	0.00256031	0.996847	-0.0793022	-0.0644317	0.0793021	0.994766	-1.01119	1.24515	31.6971	
0.997778	0.00273638	0.0665747	0.00273378	0.996634	-0.0819362	-0.0665748	0.0819361	0.994412	-1.07828	1.32772	32.7158	
0.997632	0.00291608	0.0687207	0.00291323	0.996413	-0.0845735	-0.0687208	0.0845734	0.994045	-1.14757	1.413	33.7341	
0.997481	0.00310179	0.0708694	0.00309866	0.996185	-0.087214	-0.0708696	0.0872139	0.993666	-1.21906	1.50097	34.7521	
0.997325	0.00329352	0.0730209	0.0032901	0.995949	-0.0898576	-0.0730211	0.0898575	0.993274	-1.29275	1.59165	35.7696	
0.997164	0.0034913	0.075175	0.00348757	0.995706	-0.0925041	-0.0751751	0.092504	0.99287	-1.36864	1.68505	36.7868	
0.996999	0.00369514	0.0773315	0.00369109	0.995456	-0.0951534	-0.0773317	0.0951533	0.992454	-1.44674	1.78115	37.8035	
0.996828	0.00390506	0.0794904	0.00390066	0.995198	-0.0978055	-0.0794906	0.0978053	0.992026	-1.52706	1.87997	38.8198	
0.996652	0.00412107	0.0816516	0.00411631	0.994933	-0.10046	-0.0816518	0.10046	0.991585	-1.60958	1.9815	39.8356	
0.996472	0.0043432	0.083815	0.00433805	0.99466	-0.103117	-0.0838152	0.103117	0.991132	-1.69432	2.08576	40.851	
0.996286	0.00457144	0.0859804	0.00456589	0.994379	-0.105776	-0.0859807	0.105776	0.990666	-1.78128	2.19274	41.866	
0.996096	0.00480583	0.0881477	0.00479985	0.994092	-0.108438	-0.0881481	0.108437	0.990187	-1.87045	2.30244	42.8804	
0.9959	0.00504636	0.090317	0.00503993	0.993796	-0.111101	-0.0903173	0.111101	0.989697	-1.96185	2.41487	43.8943	
0.9957	0.00529305	0.0924879	0.00528616	0.993493	-0.113767	-0.0924883	0.113766	0.989193	-2.05547	2.53003	44.9078	
0.995494	0.00554592	0.0946605	0.00553853	0.993183	-0.116434	-0.094661	0.116433	0.988677	-2.15131	2.64792	45.9207	
0.995284	0.00580497	0.0968347	0.00579706	0.992865	-0.119103	-0.0968352	0.119102	0.988149	-2.24938	2.76854	46.933	
0.995068	0.0060702	0.0990103	0.00606176	0.992539	-0.121773	-0.0990108	0.121773	0.987607	-2.34968	2.8919	47.9449	
0.994847	0.00634164	0.101187	0.00633263	0.992206	-0.124445	-0.101188	0.124444	0.987054	-2.4522	3.01799	48.9561	
0.994621	0.00661928	0.103365	0.00660968	0.991866	-0.127118	-0.103366	0.127117	0.986487	-2.55696	3.14682	49.9668	
0.994391	0.00690314	0.105545	0.00689292	0.991517	-0.129792	-0.105545	0.129791	0.985908	-2.66395	3.27839	50.9769	
0.994155	0.00719321	0.107725	0.00718236	0.991161	-0.132467	-0.107726	0.132467	0.985316	-2.77317	3.4127	51.9864	
0.993914	0.00748951	0.109906	0.00747799	0.990798	-0.135143	-0.109907	0.135143	0.984712	-2.88462	3.54975	52.9953	
0.993668	0.00779203	0.112088	0.00777981	0.990427	-0.13782	-0.112089	0.137819	0.984094	-2.99831	3.68954	54.0036	
0.993417	0.00810078	0.114271	0.00808785	0.990048	-0.140497	-0.114272	0.140497	0.983465	-3.11423	3.83207	55.0112	
0.99316	0.00841577	0.116454	0.00840208	0.989662	-0.143175	-0.116455	0.143175	0.982822	-3.23239	3.97735	56.0182	
0.992899	0.00873698	0.118638	0.00872252	0.989268	-0.145854	-0.118639	0.145853	0.982167	-3.35279	4.12536	57.0245	
0.992633	0.00906443	0.120822	0.00904916	0.988866	-0.148532	-0.120823	0.148531	0.981499	-3.47543	4.27612	58.0302	
0.992361	0.00939812	0.123007	0.00938201	0.988457	-0.151211	-0.123008	0.15121	0.980818	-3.6003	4.42963	59.0351	
0.992085	0.00973803	0.125192	0.00972106	0.98804	-0.15389	-0.125193	0.153889	0.980125	-3.72741	4.58587	60.0394	
0.991803	0.0100842	0.127376	0.0100663	0.987616	-0.156568	-0.127378	0.156567	0.979419	-3.85675	4.74487	61.0429	
0.991517	0.0104366	0.129561	0.0104177	0.987184	-0.159247	-0.129563	0.159245	0.9787	-3.98834	4.9066	62.0457	
0.991225	0.0107951	0.131746	0.0107754	0.986744	-0.161925	-0.131747	0.161923	0.977969	-4.12216	5.07108	63.0477	
0.990928	0.01116	0.13393	0.0111392	0.986297	-0.164602	-0.133932	0.164601	0.977225	-4.25822	5.2383	64.049	
0.990626	0.011531	0.136114	0.0115092	0.985842	-0.167279	-0.136116	0.167277	0.976468	-4.39652	5.40826	65.0496	
0.990716	0.0114185	0.135468	0.0122075	0.984969	-0.1723	-0.135399	0.172354	0.975685	-4.53557	5.58219	66.0493	
0.990805	0.0113031	0.134824	0.0129025	0.984069	-0.177319	-0.134681	0.177428	0.974875	-4.67388	5.76132	67.0482	
0.990893	0.0111847	0.134183	0.0135941	0.983142	-0.182336	-0.133961	0.1825	0.974037	-4.81146	5.94565	68.0463	
0.990981	0.0110634	0.133545	0.0142822	0.982189	-0.18735	-0.133239	0.187568	0.973173	-4.9483	6.13517	69.0435	
0.991068	0.010939	0.132908	0.0149666	0.98121	-0.192361	-0.132515	0.192632	0.972282	-5.0844	6.32988	70.0398	
0.991154	0.0108115	0.132274	0.0156475	0.980205	-0.197368	-0.131789	0.197692	0.971365	-5.21975	6.52977	71.0352	
0.993555	0.00675768	0.113147	0.0176415	0.976838	-0.213252	-0.111968	0.213874	0.970423	-5.34459	6.74056	72.0297	
0.995565	0.0023864	0.0940458	0.0193106	0.973208	-0.229116	-0.0920729	0.229916	0.968845	-5.44909	6.96784	73.0229	
0.997182	-0.0022994	0.0749816	0.0206537	0.969316	-0.244948	-0.0721177	0.245807	0.966632	-5.53318	7.21148	74.0141	
0.998406	-0.00729667	0.0559672	0.0216699	0.965166	-0.260739	-0.0521152	0.261537	0.963786	-5.59681	7.47132	75.0028	
0.999235	-0.0126021	0.0370152	0.0223586	0.96076	-0.276479	-0.0320785	0.277095	0.960307	-5.63993	7.74718	75.9882	
0.99967	-0.0182123	0.0181378	0.0227194	0.956101	-0.292156	-0.0120207	0.292472	0.956199	-5.66251	8.03888	76.9698	
0.999709	-0.0241235	-0.000652424	0.0227519	0.951192	-0.307761	0.00804485	0.307657	0.951463	-5.66455	8.34624	77.9468	
0.999353	-0.0303318	-0.0193432	0.0224562	0.946036	-0.323284	0.0281052	0.32264	0.946104	-5.64603	8.66904	78.9186	
0.998602	-0.0368333	-0.0379224	0.0218324	0.940636	-0.338713	0.0481471	0.337412	0.940125	-5.60698	9.00709	79.8846	
0.997456	-0.0436235	-0.0563776	0.020881	0.934997	-0.35404	0.0681574	0.351962	0.933529	-5.54742	9.36015	80.8442	
0.995917	-0.0506981	-0.0746969	0.0196026	0.929122	-0.369254	0.088123	0.366282	0.926322	-5.46738	9.728	81.7968	
0.993985	-0.0580525	-0.0928683	0.017998	0.923014	-0.384345	0.108031	0.380362	0.918507	-5.36692	10.1104	82.7416	
0.991661	-0.0656817	-0.11088	0.0160684	0.916678	-0.399303	0.127868	0.394192	0.910089	-5.2461	10.5071	83.6781	
0.988947	-0.0735809	-0.128719	0.0138148	0.910118	-0.414119	0.147621	0.407764	0.901075	-5.10501	10.9178	84.6057	
0.985846	-0.0817448	-0.146376	0.0112389	0.903338	-0.428782	0.167278	0.421068	0.891471	-4.94374	11.3423	85.5237	
0.982358	-0.0901681	-0.163837	0.00834226	0.896342	-0.443284	0.186824	0.434097	0.881281	-4.76238	11.7803	86.4316	
0.978486	-0.0988452	-0.181092	0.00512685	0.889136	-0.457614	0.206249	0.44684	0.870514	-4.56107	12.2314	87.3288	
0.974233	-0.10777	-0.198129	0.00159476	0.881724	-0.471763	0.225538	0.459291	0.859177	-4.33993	12.6955	88.2147	
0.969602	-0.116938	-0.214938	-0.0022517	0.87411	-0.485722	0.244679	0.471441	0.847276	-4.09911	13.1722	89.0886	
0.964595	-0.126342	-0.231506	-0.00641	0.866301	-0.499482	0.26366	0.483281	0.834819	-3.83877	13.6611	89.9501	
0.959215	-0.135976	-0.247824	-0.0108774	0.8583	-0.513034	0.282467	0.494805	0.821815	-3.55907	14.1621	90.7986	
0.953467	-0.145834	-0.26388	-0.015651	0.850113	-0.526368	0.30109	0.506005	0.808272	-3.2602	14.6746	91.6334	
0.947354	-0.155909	-0.279664	-0.0207277	0.841746	-0.539476	0.319515	0.516872	0.7942	-2.94236	15.1985	92.4541	
0.940881	-0.166195	-0.295166	-0.0261041	0.833203	-0.55235	0.337731	0.527401	0.779606	-2.60575	15.7333	93.2601	
0.93405	-0.176685	-0.310375	-0.0317767	0.824491	-0.564982	0.355726	0.537584	0.764502	-2.25059	16.2787	94.051	
0.926867	-0.187372	-0.325282	-0.0377418	0.815616	-0.577361	0.373487	0.547414	0.748896	-1.87713	16.8344	94.826	
0.919337	-0.198249	-0.339877	-0.0439954	0.806583	-0.589482	0.391003	0.556886	0.732799	-1.4856	17.4	95.5849	
0.911465	-0.20931	-0.354149	-0.0505336	0.797397	-0.601335	0.408263	0.565992	0.716222	-1.07625	17.9751	96.327	
0.903255	-0.220546	-0.368091	-0.0573519	0.788066	-0.612913	0.425255	0.574728	0.699175	-0.649367	18.5593	97.0519	
