1	0	0	0	1	0	0	0	1	0	0	0	
0.999991	6.31944e-06	0.00429375	6.31944e-06	0.999996	-0.00294354	-0.00429375	0.00294354	0.999986	-0.00208507	0.0014294	0.971208	
0.999963	2.52872e-05	0.00858947	2.52819e-05	0.999983	-0.00588718	-0.00858947	0.00588718	0.999946	-0.00834125	0.00571766	1.94239	
0.999917	5.69157e-05	0.012887	5.68943e-05	0.999961	-0.00883083	-0.012887	0.00883083	0.999878	-0.0187704	0.0128648	2.91352	
0.999852	0.000101217	0.0171863	0.000101163	0.999931	-0.0117744	-0.0171863	0.0117744	0.999783	-0.0333742	0.0228709	3.88457	
0.999769	0.000158201	0.021487	0.000158094	0.999892	-0.0147178	-0.021487	0.0147178	0.999661	-0.0521542	0.0357357	4.85551	
0.999667	0.000227879	0.0257892	0.000227692	0.999844	-0.0176609	-0.0257892	0.0176608	0.999511	-0.0751119	0.0514589	5.82632	
0.999547	0.000310261	0.0300927	0.000309961	0.999788	-0.0206036	-0.0300927	0.0206035	0.999335	-0.102249	0.0700404	6.79698	
0.999408	0.000405356	0.0343972	0.000404905	0.999723	-0.0235458	-0.0343972	0.0235458	0.999131	-0.133565	0.0914796	7.76745	
0.999251	0.000513171	0.0387027	0.000512528	0.999649	-0.0264874	-0.0387028	0.0264874	0.9989	-0.169063	0.115776	8.73771	
0.999074	0.000633716	0.0430091	0.000632832	0.999567	-0.0294284	-0.0430091	0.0294283	0.998641	-0.208743	0.142929	9.70773	
0.99888	0.000766997	0.0473162	0.000765818	0.999476	-0.0323685	-0.0473162	0.0323685	0.998355	-0.252606	0.172938	10.6775	
0.998666	0.000913021	0.0516237	0.000911488	0.999376	-0.0353079	-0.0516238	0.0353078	0.998042	-0.300652	0.205802	11.6469	
0.998434	0.00107179	0.0559317	0.00106984	0.999268	-0.0382462	-0.0559318	0.0382461	0.997702	-0.352881	0.241521	12.6161	
0.998183	0.00124332	0.06024	0.00124088	0.999151	-0.0411835	-0.06024	0.0411834	0.997334	-0.409295	0.280092	13.5849	
0.997914	0.00142761	0.0645484	0.0014246	0.999025	-0.0441196	-0.0645484	0.0441195	0.996939	-0.469893	0.321516	14.5533	
0.997625	0.00162466	0.0688567	0.00162101	0.998891	-0.0470544	-0.0688568	0.0470543	0.996516	-0.534676	0.36579	15.5214	
0.997318	0.00183447	0.0731649	0.00183009	0.998748	-0.0499879	-0.073165	0.0499877	0.996066	-0.603643	0.412915	16.489	
0.996992	0.00205705	0.0774727	0.00205185	0.998597	-0.0529199	-0.0774729	0.0529197	0.995589	-0.676793	0.462887	17.4561	
0.996648	0.00229241	0.0817801	0.00228629	0.998437	-0.0558503	-0.0817803	0.0558501	0.995084	-0.754128	0.515707	18.4228	
0.996284	0.00254054	0.0860869	0.00253339	0.998268	-0.0587792	-0.0860871	0.0587788	0.994552	-0.835646	0.571371	19.389	
0.995902	0.00280144	0.090393	0.00279317	0.99809	-0.0617062	-0.0903932	0.0617058	0.993993	-0.921346	0.629879	20.3547	
0.995501	0.00307511	0.0946981	0.0030656	0.997904	-0.0646314	-0.0946984	0.064631	0.993406	-1.01123	0.69123	21.3198	
0.995082	0.00336156	0.0990023	0.00335069	0.99771	-0.0675547	-0.0990026	0.0675542	0.992791	-1.10529	0.75542	22.2843	
0.994643	0.00366078	0.103305	0.00364843	0.997507	-0.070476	-0.103306	0.0704753	0.99215	-1.20353	0.822448	23.2482	
0.994186	0.00397277	0.107607	0.00395881	0.997295	-0.0733951	-0.107607	0.0733943	0.991481	-1.30595	0.892312	24.2114	
0.993709	0.00429754	0.111907	0.00428182	0.997075	-0.076312	-0.111908	0.0763111	0.990784	-1.41255	0.96501	25.174	
0.993214	0.00463506	0.116206	0.00461746	0.996846	-0.0792265	-0.116206	0.0792255	0.99006	-1.52333	1.04054	26.1359	
0.9927	0.00498536	0.120503	0.00496572	0.996609	-0.0821387	-0.120503	0.0821375	0.989309	-1.63827	1.1189	27.0971	
0.992168	0.00534841	0.124798	0.00532659	0.996363	-0.0850483	-0.124798	0.085047	0.98853	-1.75739	1.20008	28.0576	
0.991616	0.00572421	0.129091	0.00570006	0.996108	-0.0879554	-0.129092	0.0879538	0.987724	-1.88068	1.2841	29.0173	
0.991046	0.00611276	0.133381	0.00608612	0.995845	-0.0908597	-0.133383	0.0908579	0.986891	-2.00814	1.37093	29.9762	
0.990457	0.00651406	0.13767	0.00648475	0.995574	-0.0937612	-0.137671	0.0937592	0.98603	-2.13977	1.46058	30.9342	
0.989849	0.0069281	0.141956	0.00689595	0.995294	-0.0966599	-0.141957	0.0966576	0.985142	-2.27556	1.55305	31.8914	
0.989222	0.00735486	0.146239	0.0073197	0.995005	-0.0995555	-0.146241	0.099553	0.984227	-2.41551	1.64833	32.8478	
0.988576	0.00779435	0.15052	0.00775599	0.994708	-0.102448	-0.150522	0.102445	0.983284	-2.55962	1.74642	33.8032	
0.987912	0.00824655	0.154798	0.00820481	0.994403	-0.105338	-0.1548	0.105334	0.982314	-2.70789	1.84732	34.7577	
0.987228	0.00871146	0.159073	0.00866615	0.994089	-0.108224	-0.159075	0.10822	0.981317	-2.86031	1.95102	35.7113	
0.986526	0.00918906	0.163344	0.00913998	0.993766	-0.111106	-0.163347	0.111102	0.980293	-3.01688	2.05753	36.6639	
0.985805	0.00967935	0.167613	0.0096263	0.993436	-0.113986	-0.167616	0.113981	0.979241	-3.1776	2.16683	37.6154	
0.985066	0.0101823	0.171878	0.0101251	0.993097	-0.116862	-0.171881	0.116857	0.978162	-3.34246	2.27893	38.566	
0.984307	0.0106979	0.176139	0.0106363	0.992749	-0.119734	-0.176143	0.119728	0.977056	-3.51146	2.39381	39.5154	
0.98353	0.0112262	0.180397	0.01116	0.992393	-0.122602	-0.180401	0.122596	0.975923	-3.6846	2.51149	40.4638	
0.982734	0.0117672	0.18465	0.0116961	0.992029	-0.125467	-0.184655	0.12546	0.974763	-3.86187	2.63195	41.4111	
0.981919	0.0123207	0.1889	0.0122446	0.991656	-0.128328	-0.188905	0.12832	0.973575	-4.04328	2.75518	42.3572	
0.981085	0.0128869	0.193146	0.0128054	0.991275	-0.131184	-0.193151	0.131176	0.972361	-4.22881	2.8812	43.3022	
0.980233	0.0134656	0.197387	0.0133787	0.990886	-0.134037	-0.197393	0.134028	0.971119	-4.41846	3.00998	44.2459	
0.979362	0.014057	0.201624	0.0139642	0.990488	-0.136885	-0.20163	0.136876	0.969851	-4.61223	3.14153	45.1885	
0.978472	0.0146609	0.205856	0.0145621	0.990083	-0.139729	-0.205863	0.139719	0.968555	-4.81011	3.27585	46.1298	
0.977564	0.0152774	0.210084	0.0151723	0.989669	-0.142569	-0.210092	0.142558	0.967233	-5.0121	3.41293	47.0698	
0.976637	0.0159064	0.214307	0.0157948	0.989246	-0.145404	-0.214315	0.145392	0.965883	-5.21819	3.55276	48.0085	
0.975691	0.016548	0.218525	0.0164296	0.988816	-0.148235	-0.218534	0.148222	0.964507	-5.42839	3.69534	48.946	
0.974727	0.017202	0.222738	0.0170765	0.988377	-0.151061	-0.222747	0.151047	0.963104	-5.64268	3.84067	49.882	
0.973744	0.0178685	0.226945	0.0177357	0.98793	-0.153883	-0.226955	0.153867	0.961674	-5.86106	3.98873	50.8167	
0.972742	0.0185475	0.231147	0.0184071	0.987475	-0.156699	-0.231158	0.156683	0.960217	-6.08352	4.13954	51.75	
0.971722	0.019239	0.235344	0.0190906	0.987012	-0.159511	-0.235356	0.159493	0.958733	-6.31006	4.29308	52.6818	
0.970683	0.0199429	0.239535	0.0197863	0.98654	-0.162318	-0.239548	0.162298	0.957223	-6.54068	4.44934	53.6122	
0.969626	0.0206591	0.24372	0.0204941	0.986061	-0.165119	-0.243734	0.165099	0.955686	-6.77536	4.60833	54.5412	
0.96855	0.0213878	0.247899	0.021214	0.985573	-0.167916	-0.247914	0.167894	0.954123	-7.01411	4.77003	55.4686	
0.967455	0.0221289	0.252072	0.021946	0.985077	-0.170707	-0.252088	0.170683	0.952533	-7.25692	4.93445	56.3945	
0.966343	0.0228822	0.256239	0.02269	0.984574	-0.173493	-0.256256	0.173467	0.950916	-7.50377	5.10157	57.3188	
0.965211	0.0236479	0.260399	0.023446	0.984062	-0.176273	-0.260418	0.176246	0.949273	-7.75467	5.27139	58.2415	
0.964062	0.024426	0.264553	0.0242139	0.983542	-0.179048	-0.264573	0.179019	0.947604	-8.00961	5.44391	59.1627	
0.961928	0.0258596	0.272077	0.0249812	0.983027	-0.181753	-0.272159	0.18163	0.944955	-8.27025	5.61904	60.0817	
0.959734	0.0273142	0.27958	0.0257709	0.982503	-0.184454	-0.279726	0.184231	0.942238	-8.53825	5.79671	60.9982	
0.957479	0.0287895	0.287061	0.0265829	0.981972	-0.187148	-0.287274	0.186822	0.939453	-8.81359	5.9769	61.9119	
0.955165	0.0302855	0.294521	0.0274172	0.981433	-0.189837	-0.294802	0.189401	0.9366	-9.09625	6.15959	62.823	
0.952791	0.031802	0.301958	0.0282735	0.980886	-0.19252	-0.302309	0.191968	0.93368	-9.38622	6.34479	63.7312	
0.950356	0.0333389	0.309372	0.0291519	0.980331	-0.195195	-0.309795	0.194523	0.930692	-9.68346	6.53247	64.6365	
0.947863	0.0348962	0.316762	0.0300521	0.979769	-0.197863	-0.317259	0.197066	0.927638	-9.98796	6.72263	65.539	
0.94531	0.0364737	0.324128	0.0309741	0.979199	-0.200523	-0.3247	0.199596	0.924517	-10.2997	6.91526	66.4384	
0.942698	0.0380713	0.331469	0.0319176	0.978622	-0.203174	-0.332118	0.202112	0.92133	-10.6187	7.11033	67.3347	
0.940026	0.0396889	0.338785	0.0328826	0.978038	-0.205817	-0.339513	0.204614	0.918076	-10.9448	7.30784	68.228	
0.937297	0.0413263	0.346074	0.0338689	0.977446	-0.208451	-0.346883	0.207101	0.914757	-11.2781	7.50777	69.118	
0.934508	0.0429834	0.353336	0.0348763	0.976848	-0.211075	-0.354228	0.209574	0.911373	-11.6186	7.71011	70.0048	
0.925634	0.0480544	0.375357	0.0347581	0.976915	-0.210781	-0.376821	0.208153	0.902595	-11.9736	7.91297	70.8857	
0.916213	0.0530895	0.397159	0.0346326	0.976982	-0.210491	-0.399192	0.206609	0.893285	-12.3505	8.11439	71.7578	
0.906252	0.0580856	0.418728	0.0344999	0.977049	-0.210204	-0.421327	0.204944	0.883449	-12.7489	8.31426	72.6207	
0.895757	0.0630398	0.440051	0.0343601	0.977115	-0.20992	-0.443214	0.203157	0.873091	-13.1688	8.51244	73.4737	
0.884734	0.0679492	0.461118	0.0342132	0.97718	-0.209639	-0.46484	0.201251	0.862219	-13.6098	8.70884	74.3164	
0.873188	0.0728109	0.481914	0.0340595	0.977245	-0.209362	-0.486191	0.199226	0.850839	-14.0716	8.90332	75.1483	
0.861128	0.077622	0.502427	0.0338988	0.977309	-0.209089	-0.507256	0.197084	0.838957	-14.5541	9.09578	75.969	
0.84856	0.0823796	0.522646	0.0337314	0.977372	-0.208819	-0.528022	0.194825	0.826581	-15.0568	9.2861	76.7778	
0.835492	0.087081	0.542559	0.0335573	0.977435	-0.208554	-0.548477	0.192452	0.813717	-15.5796	9.47418	77.5744	
0.821931	0.0917235	0.562153	0.0333767	0.977497	-0.208293	-0.568608	0.189965	0.800373	-16.1221	9.65989	78.3582	
0.807885	0.0963042	0.581418	0.0331896	0.977558	-0.208037	-0.588405	0.187367	0.786558	-16.684	9.84313	79.1289	
0.793363	0.10082	0.600342	0.0329961	0.977618	-0.207785	-0.607854	0.184658	0.772279	-17.2649	10.0238	79.8859	
0.778373	0.10527	0.618914	0.0327965	0.977677	-0.207537	-0.626945	0.181839	0.757545	-17.8646	10.2018	80.6288	
0.762924	0.109649	0.637122	0.0325907	0.977736	-0.207295	-0.645666	0.178914	0.742364	-18.4826	10.377	81.3572	
0.747025	0.113956	0.654956	0.0323789	0.977793	-0.207057	-0.664007	0.175883	0.726746	-19.1186	10.5493	82.0707	
0.730685	0.118188	0.672407	0.0321612	0.977849	-0.206825	-0.681957	0.172749	0.710699	-19.7722	10.7186	82.7687	
0.713915	0.122343	0.689462	0.0319379	0.977905	-0.206597	-0.699504	0.169513	0.694233	-20.4431	10.8848	83.451	
0.696723	0.126419	0.706113	0.0317089	0.977959	-0.206376	-0.716639	0.166177	0.677358	-21.1308	11.0478	84.1171	
0.679121	0.130411	0.722349	0.0314744	0.978012	-0.206159	-0.733351	0.162743	0.660084	-21.835	11.2075	84.7666	
0.661118	0.13432	0.738161	0.0312346	0.978064	-0.205949	-0.749632	0.159213	0.64242	-22.5552	11.3639	85.3991	
0.642725	0.138141	0.753539	0.0309896	0.978115	-0.205744	-0.76547	0.155589	0.624378	-23.291	11.5168	86.0143	
0.623953	0.141874	0.768475	0.0307395	0.978165	-0.205545	-0.780857	0.151873	0.605968	-24.0419	11.6661	86.6118	
0.604813	0.145515	0.78296	0.0304846	0.978213	-0.205352	-0.795784	0.148068	0.5872	-24.8076	11.8117	87.1913	
0.585317	0.149063	0.796985	0.0302249	0.978261	-0.205165	-0.810241	0.144175	0.568087	-25.5875	11.9537	87.7523	
0.565475	0.152515	0.810541	0.0299606	0.978307	-0.204985	-0.824221	0.140198	0.548638	-26.3812	12.0918	88.2946	
