1	0	0	0	1	0	0	0	1	0	0	0	
0.999983	-9.8995e-07	-0.00579517	-9.8995e-07	1	-0.000341644	0.00579517	0.000341644	0.999983	0.00300881	0.000177379	1.03838	
0.999933	-3.96122e-06	-0.0115911	-3.96288e-06	1	-0.000683616	0.0115911	0.000683616	0.999933	0.0120356	0.000709687	2.07672	
0.999849	-8.91628e-06	-0.0173874	-8.92292e-06	0.999999	-0.0010259	0.0173874	0.0010259	0.999848	0.0270811	0.00159726	3.11499	
0.999731	-1.58575e-05	-0.0231841	-1.58741e-05	0.999999	-0.0013685	0.0231841	0.0013685	0.99973	0.0481455	0.00284042	4.15316	
0.99958	-2.47873e-05	-0.0289809	-2.48205e-05	0.999999	-0.00171138	0.0289809	0.00171138	0.999579	0.0752293	0.00443947	5.19119	
0.999395	-3.57077e-05	-0.0347775	-3.57658e-05	0.999998	-0.00205454	0.0347775	0.00205454	0.999393	0.108332	0.00639471	6.22904	
0.999177	-4.8621e-05	-0.0405738	-4.8714e-05	0.999997	-0.00239797	0.0405738	0.00239797	0.999174	0.147454	0.00870643	7.26669	
0.998924	-6.35292e-05	-0.0463695	-6.36687e-05	0.999996	-0.00274165	0.0463695	0.00274166	0.998921	0.192594	0.0113749	8.30408	
0.998639	-8.04343e-05	-0.0521645	-8.06336e-05	0.999995	-0.00308558	0.0521645	0.00308558	0.998634	0.243753	0.0144004	9.3412	
0.998319	-9.93381e-05	-0.0579585	-9.96122e-05	0.999994	-0.00342973	0.0579585	0.00342974	0.998313	0.300928	0.0177831	10.378	
0.997966	-0.000120242	-0.0637514	-0.000120608	0.999993	-0.0037741	0.0637514	0.00377411	0.997959	0.364119	0.0215233	11.4145	
0.997579	-0.000143149	-0.0695428	-0.000143624	0.999992	-0.00411868	0.0695428	0.00411869	0.99757	0.433324	0.0256212	12.4505	
0.997158	-0.00016806	-0.0753327	-0.000168664	0.99999	-0.00446344	0.0753327	0.00446346	0.997148	0.508543	0.030077	13.4862	
0.996704	-0.000194976	-0.0811207	-0.000195732	0.999988	-0.00480839	0.0811207	0.00480842	0.996693	0.589772	0.0348909	14.5214	
0.996216	-0.000223898	-0.0869068	-0.000224829	0.999987	-0.0051535	0.0869068	0.00515354	0.996203	0.677011	0.040063	15.556	
0.995695	-0.00025483	-0.0926906	-0.000255959	0.999985	-0.00549876	0.0926906	0.00549881	0.99568	0.770257	0.0455937	16.5902	
0.99514	-0.00028777	-0.098472	-0.000289126	0.999983	-0.00584416	0.098472	0.00584423	0.995123	0.869507	0.0514829	17.6238	
0.994551	-0.000322722	-0.104251	-0.000324332	0.999981	-0.00618969	0.104251	0.00618978	0.994532	0.974759	0.0577309	18.6568	
0.993929	-0.000359685	-0.110027	-0.000361579	0.999979	-0.00653534	0.110027	0.00653545	0.993907	1.08601	0.0643377	19.6892	
0.993273	-0.000398662	-0.115799	-0.000400871	0.999976	-0.00688109	0.115799	0.00688122	0.993249	1.20326	0.0713036	20.721	
0.992583	-0.000439652	-0.121569	-0.00044221	0.999974	-0.00722693	0.121569	0.00722709	0.992557	1.3265	0.0786285	21.752	
0.99186	-0.000482657	-0.127335	-0.000485599	0.999971	-0.00757285	0.127335	0.00757303	0.991831	1.45573	0.0863126	22.7822	
0.991103	-0.000527678	-0.133098	-0.00053104	0.999969	-0.00791883	0.133098	0.00791905	0.991071	1.59094	0.094356	23.8118	
0.990312	-0.000574715	-0.138856	-0.000578535	0.999966	-0.00826486	0.138856	0.00826512	0.990278	1.73214	0.102759	24.8405	
0.989488	-0.00062377	-0.144611	-0.000628087	0.999963	-0.00861093	0.144611	0.00861124	0.989451	1.87931	0.111521	25.8683	
0.988631	-0.000674841	-0.150361	-0.000679697	0.99996	-0.00895702	0.150361	0.00895739	0.988591	2.03246	0.120642	26.8953	
0.98774	-0.000727931	-0.156106	-0.000733369	0.999956	-0.00930313	0.156106	0.00930355	0.987696	2.19158	0.130123	27.9214	
0.986816	-0.000783039	-0.161847	-0.000789103	0.999953	-0.00964923	0.161847	0.00964973	0.986769	2.35666	0.139964	28.9465	
0.985858	-0.000840166	-0.167583	-0.000846903	0.99995	-0.00999533	0.167583	0.0099959	0.985807	2.52769	0.150164	29.9707	
0.984866	-0.000899311	-0.173314	-0.000906769	0.999946	-0.0103414	0.173314	0.010342	0.984812	2.70468	0.160723	30.9938	
0.983841	-0.000960476	-0.17904	-0.000968703	0.999942	-0.0106874	0.179039	0.0106882	0.983784	2.88762	0.171642	32.0159	
0.982783	-0.00102366	-0.184759	-0.00103271	0.999939	-0.0110334	0.184759	0.0110342	0.982722	3.07651	0.18292	33.0369	
0.981692	-0.00108886	-0.190474	-0.00109878	0.999935	-0.0113793	0.190474	0.0113803	0.981626	3.27132	0.194557	34.0568	
0.980567	-0.00115608	-0.196182	-0.00116693	0.999931	-0.0117251	0.196182	0.0117262	0.980497	3.47207	0.206554	35.0755	
0.979409	-0.00122532	-0.201884	-0.00123716	0.999926	-0.0120709	0.201884	0.0120721	0.979335	3.67875	0.21891	36.093	
0.978217	-0.00129658	-0.20758	-0.00130946	0.999922	-0.0124165	0.20758	0.0124179	0.978139	3.89134	0.231625	37.1093	
0.976993	-0.00136986	-0.213269	-0.00138383	0.999918	-0.012762	0.213269	0.0127635	0.97691	4.10984	0.244699	38.1244	
0.975735	-0.00144516	-0.218951	-0.00146029	0.999913	-0.0131074	0.218951	0.0131091	0.975648	4.33425	0.258132	39.1381	
0.974444	-0.00152247	-0.224627	-0.00153882	0.999908	-0.0134527	0.224627	0.0134545	0.974352	4.56455	0.271924	40.1505	
0.97312	-0.0016018	-0.230295	-0.00161944	0.999903	-0.0137978	0.230295	0.0137998	0.973023	4.80074	0.286074	41.1616	
0.971762	-0.00168314	-0.235956	-0.00170214	0.999899	-0.0141427	0.235956	0.0141449	0.971661	5.04281	0.300583	42.1713	
0.970372	-0.0017665	-0.241609	-0.00178691	0.999893	-0.0144874	0.241609	0.0144899	0.970266	5.29076	0.31545	43.1795	
0.968949	-0.00185188	-0.247254	-0.00187377	0.999888	-0.0148319	0.247254	0.0148347	0.968837	5.54458	0.330675	44.1863	
0.967493	-0.00193927	-0.252892	-0.00196272	0.999883	-0.0151763	0.252892	0.0151793	0.967376	5.80425	0.346258	45.1915	
0.966003	-0.00202867	-0.258521	-0.00205375	0.999877	-0.0155204	0.258521	0.0155237	0.965881	6.06977	0.362199	46.1953	
0.964481	-0.00212008	-0.264142	-0.00214686	0.999872	-0.0158643	0.264142	0.0158679	0.964353	6.34113	0.378497	47.1974	
0.962927	-0.0022135	-0.269754	-0.00224206	0.999866	-0.0162079	0.269754	0.0162118	0.962793	6.61833	0.395152	48.198	
0.961339	-0.00230893	-0.275358	-0.00233934	0.99986	-0.0165512	0.275357	0.0165555	0.961199	6.90135	0.412165	49.1969	
0.959719	-0.00240637	-0.280952	-0.00243871	0.999854	-0.0168943	0.280952	0.016899	0.959573	7.19018	0.429534	50.1942	
0.958066	-0.00250582	-0.286537	-0.00254016	0.999848	-0.0172371	0.286537	0.0172421	0.957914	7.48482	0.44726	51.1897	
0.95638	-0.00260727	-0.292113	-0.0026437	0.999842	-0.0175796	0.292113	0.0175851	0.956222	7.78525	0.465342	52.1835	
0.954662	-0.00271072	-0.297679	-0.00274932	0.999836	-0.0179218	0.297679	0.0179277	0.954498	8.09146	0.48378	53.1756	
0.952911	-0.00281618	-0.303236	-0.00285703	0.999829	-0.0182636	0.303235	0.01827	0.952741	8.40345	0.502574	54.1658	
0.951128	-0.00292364	-0.308782	-0.00296682	0.999823	-0.0186052	0.308782	0.018612	0.950951	8.72121	0.521723	55.1542	
0.949313	-0.00303309	-0.314318	-0.0030787	0.999816	-0.0189463	0.314318	0.0189537	0.949129	9.04472	0.541226	56.1407	
0.947465	-0.00314454	-0.319844	-0.00319266	0.999809	-0.0192871	0.319844	0.019295	0.947274	9.37397	0.561085	57.1253	
0.945585	-0.00325799	-0.325359	-0.0033087	0.999802	-0.0196275	0.325359	0.019636	0.945387	9.70896	0.581298	58.1079	
0.943672	-0.00337342	-0.330864	-0.00342683	0.999795	-0.0199675	0.330863	0.0199766	0.943467	10.0497	0.601864	59.0886	
0.941728	-0.00349085	-0.336357	-0.00354704	0.999787	-0.0203071	0.336357	0.0203169	0.941515	10.3961	0.622784	60.0673	
0.939751	-0.00361027	-0.34184	-0.00366933	0.99978	-0.0206463	0.341839	0.0206567	0.939531	10.7482	0.644058	61.0439	
0.937743	-0.00373167	-0.347311	-0.0037937	0.999773	-0.0209851	0.34731	0.0209962	0.937515	11.106	0.665684	62.0185	
0.935702	-0.00385506	-0.35277	-0.00392015	0.999765	-0.0213234	0.352769	0.0213353	0.935467	11.4695	0.687662	62.9909	
0.93363	-0.00398043	-0.358217	-0.00404869	0.999757	-0.0216612	0.358217	0.0216739	0.933387	11.8386	0.709992	63.9612	
0.931525	-0.00410777	-0.363653	-0.00417929	0.999749	-0.0219986	0.363652	0.0220121	0.931275	12.2134	0.732673	64.9293	
0.929389	-0.00423709	-0.369076	-0.00431198	0.999741	-0.0223355	0.369075	0.0223498	0.929131	12.5938	0.755706	65.8952	
0.928144	-0.00430792	-0.372198	-0.0033672	0.999795	-0.0199686	0.372207	0.019787	0.927939	12.9787	0.777583	66.8594	
0.926887	-0.00437014	-0.375316	-0.00241441	0.999842	-0.0176047	0.375333	0.0172238	0.92673	13.3668	0.796799	67.8224	
0.925619	-0.00442376	-0.378431	-0.0014538	0.999883	-0.0152443	0.378454	0.0146606	0.925504	13.7582	0.813353	68.784	
0.924341	-0.00446876	-0.381541	-0.000485574	0.999917	-0.0128878	0.381567	0.012098	0.924262	14.1528	0.827245	69.7444	
0.930613	-0.0044313	-0.365977	0.0069175	0.999961	0.00548229	0.365938	-0.00763354	0.930608	14.5409	0.829564	70.7075	
0.936621	-0.00472493	-0.350311	0.0140086	0.999614	0.0239719	0.350063	-0.0273599	0.936327	14.9127	0.811394	71.6768	
0.942361	-0.00534946	-0.334555	0.0207828	0.998877	0.0425685	0.333952	-0.0470679	0.941414	15.2678	0.77275	72.6518	
0.947828	-0.00630447	-0.318719	0.0272358	0.99775	0.0612595	0.317615	-0.0667441	0.945868	15.6061	0.713656	73.6317	
0.95302	-0.00758931	-0.302813	0.033363	0.996234	0.0800325	0.301065	-0.0863753	0.949684	15.9273	0.634153	74.6159	
0.957932	-0.00920312	-0.286848	0.0391604	0.994329	0.0988747	0.284312	-0.105948	0.95286	16.2313	0.534295	75.6038	
0.962561	-0.0111448	-0.270836	0.0446241	0.992037	0.117774	0.267367	-0.12545	0.955394	16.5177	0.414148	76.5946	
0.966904	-0.0134131	-0.254786	0.0497503	0.98936	0.136716	0.250242	-0.144867	0.957284	16.7865	0.273794	77.5877	
0.970959	-0.0160064	-0.238711	0.0545357	0.986299	0.15569	0.232948	-0.164187	0.958529	17.0374	0.113326	78.5824	
0.974722	-0.018923	-0.222619	0.0589769	0.982857	0.174682	0.215498	-0.183395	0.959128	17.2702	-0.0671456	79.5781	
0.978191	-0.0221609	-0.206524	0.0630711	0.979035	0.193679	0.197902	-0.202481	0.959081	17.4849	-0.267501	80.5741	
0.981363	-0.025718	-0.190434	0.0668155	0.974837	0.212669	0.180173	-0.22143	0.958388	17.6812	-0.487604	81.5697	
0.984237	-0.0295918	-0.174361	0.0702074	0.970265	0.231639	0.162322	-0.240229	0.957048	17.859	-0.727307	82.5642	
0.98681	-0.0337798	-0.158316	0.0732447	0.965322	0.250576	0.144362	-0.258867	0.955064	18.0182	-0.986448	83.557	
0.989082	-0.0382791	-0.14231	0.0759253	0.960012	0.269467	0.126305	-0.27733	0.952436	18.1588	-1.26485	84.5474	
0.991049	-0.0430866	-0.126354	0.0782474	0.954338	0.2883	0.108162	-0.295607	0.949167	18.2805	-1.56233	85.5348	
0.992711	-0.0481993	-0.110458	0.0802094	0.948303	0.307062	0.0899471	-0.313684	0.945258	18.3834	-1.87869	86.5184	
0.994068	-0.0536135	-0.0946321	0.0818101	0.941913	0.32574	0.0716712	-0.33155	0.940711	18.4673	-2.21371	87.4976	
0.995117	-0.0593257	-0.0788884	0.0830482	0.935171	0.344322	0.053347	-0.349192	0.935531	18.5322	-2.56716	88.4718	
0.995858	-0.0653319	-0.0632368	0.083923	0.928082	0.362795	0.0349869	-0.366599	0.929721	18.5781	-2.93882	89.4403	
0.996291	-0.0716283	-0.0476881	0.084434	0.920651	0.381146	0.0166032	-0.383759	0.923284	18.6048	-3.32842	90.4024	
0.996415	-0.0782104	-0.0322526	0.0845807	0.912882	0.399364	-0.00179167	-0.400661	0.916225	18.6125	-3.73571	91.3575	
0.996231	-0.085074	-0.0169407	0.084363	0.904782	0.417436	-0.0201853	-0.417292	0.908548	18.6011	-4.16041	92.305	
0.995738	-0.0922142	-0.00176279	0.0837812	0.896354	0.43535	-0.0385654	-0.433642	0.900259	18.5706	-4.60223	93.2442	
0.994936	-0.0996265	0.0132709	0.0828355	0.887606	0.453094	-0.0569195	-0.4497	0.891364	18.521	-5.06088	94.1744	
0.993827	-0.107306	0.0281503	0.0815267	0.878542	0.470656	-0.0752352	-0.465455	0.881868	18.4524	-5.53605	95.0951	
0.992412	-0.115247	0.0428653	0.0798556	0.86917	0.488023	-0.0935003	-0.480897	0.871777	18.3648	-6.02741	96.0056	
0.99069	-0.123444	0.0574061	0.0778233	0.859495	0.505185	-0.111702	-0.496014	0.8611	18.2583	-6.53465	96.9054	
0.988663	-0.131892	0.0717628	0.0754313	0.849524	0.52213	-0.129829	-0.510797	0.849842	18.1329	-7.0574	97.7937	
0.986333	-0.140586	0.0859257	0.072681	0.839263	0.538846	-0.147868	-0.525236	0.838011	17.9887	-7.59533	98.6701	
