1	0	0	0	1	0	0	0	1	0	0	0	
1	-1.54581e-07	-8.1311e-05	-1.54581e-07	0.999993	-0.00380221	8.1311e-05	0.00380221	0.999993	3.58919e-05	0.00167835	0.882826	
1	-6.15049e-07	-0.000162012	-6.17769e-07	0.999971	-0.00760933	0.000162012	0.00760933	0.999971	0.000143298	0.00671557	1.76564	
1	-1.37712e-06	-0.000242098	-1.38802e-06	0.999935	-0.0114212	0.000242098	0.0114212	0.999935	0.000321678	0.0151159	2.64843	
1	-2.43647e-06	-0.000321564	-2.46374e-06	0.999884	-0.0152378	0.000321564	0.0152378	0.999884	0.000570486	0.0268836	3.53118	
1	-3.7887e-06	-0.000400407	-3.84331e-06	0.999818	-0.0190589	0.000400407	0.0190589	0.999818	0.000889175	0.0420227	4.41387	
1	-5.42936e-06	-0.000478622	-5.52504e-06	0.999738	-0.0228844	0.000478621	0.0228844	0.999738	0.00127719	0.0605371	5.29651	
1	-7.35396e-06	-0.000556205	-7.50723e-06	0.999643	-0.0267142	0.000556203	0.0267142	0.999643	0.00173398	0.0824306	6.17906	
1	-9.55794e-06	-0.000633152	-9.78812e-06	0.999533	-0.0305481	0.000633148	0.0305481	0.999533	0.00225897	0.107707	7.06153	
1	-1.20367e-05	-0.000709458	-1.23659e-05	0.999409	-0.0343861	0.000709453	0.0343861	0.999408	0.00285162	0.13637	7.94389	
1	-1.47856e-05	-0.00078512	-1.52388e-05	0.999269	-0.0382279	0.000785112	0.0382279	0.999269	0.00351134	0.168423	8.82614	
1	-1.77999e-05	-0.000860134	-1.84048e-05	0.999115	-0.0420736	0.000860121	0.0420736	0.999114	0.00423757	0.203869	9.70825	
1	-2.10748e-05	-0.000934496	-2.18621e-05	0.998945	-0.0459228	0.000934478	0.0459228	0.998945	0.00502973	0.242712	10.5902	
0.999999	-2.46057e-05	-0.0010082	-2.56087e-05	0.99876	-0.0497756	0.00100818	0.0497756	0.99876	0.00588725	0.284955	11.472	
0.999999	-2.83875e-05	-0.00108125	-2.96427e-05	0.998561	-0.0536318	0.00108121	0.0536318	0.99856	0.00680954	0.3306	12.3537	
0.999999	-3.24154e-05	-0.00115363	-3.39619e-05	0.998346	-0.0574913	0.00115359	0.0574913	0.998345	0.00779601	0.379652	13.2352	
0.999999	-3.66845e-05	-0.00122535	-3.85644e-05	0.998116	-0.0613539	0.00122529	0.0613539	0.998115	0.00884608	0.432112	14.1164	
0.999999	-4.11898e-05	-0.00129639	-4.3448e-05	0.997871	-0.0652195	0.00129632	0.0652195	0.99787	0.00995916	0.487983	14.9975	
0.999999	-4.59262e-05	-0.00136676	-4.86105e-05	0.997611	-0.069088	0.00136667	0.069088	0.99761	0.0111346	0.547268	15.8783	
0.999999	-5.08888e-05	-0.00143646	-5.40498e-05	0.997335	-0.0729592	0.00143634	0.0729592	0.997334	0.0123719	0.60997	16.7589	
0.999999	-5.60722e-05	-0.00150547	-5.97637e-05	0.997044	-0.0768331	0.00150533	0.0768331	0.997043	0.0136704	0.676091	17.6393	
0.999999	-6.14715e-05	-0.0015738	-6.575e-05	0.996738	-0.0807095	0.00157363	0.0807095	0.996736	0.0150295	0.745632	18.5193	
0.999999	-6.70814e-05	-0.00164145	-7.20063e-05	0.996416	-0.0845883	0.00164124	0.0845883	0.996415	0.0164486	0.818597	19.3991	
0.999999	-7.28967e-05	-0.0017084	-7.85303e-05	0.996079	-0.0884693	0.00170815	0.0884693	0.996077	0.0179271	0.894987	20.2787	
0.999998	-7.8912e-05	-0.00177466	-8.53197e-05	0.995726	-0.0923524	0.00177437	0.0923524	0.995725	0.0194643	0.974805	21.1579	
0.999998	-8.51222e-05	-0.00184023	-9.2372e-05	0.995358	-0.0962376	0.00183988	0.0962376	0.995357	0.0210597	1.05805	22.0368	
0.999998	-9.15218e-05	-0.00190509	-9.9685e-05	0.994975	-0.100125	0.00190468	0.100125	0.994973	0.0227126	1.14473	22.9153	
0.999998	-9.81055e-05	-0.00196926	-0.000107256	0.994576	-0.104013	0.00196878	0.104013	0.994574	0.0244224	1.23484	23.7935	
0.999998	-0.000104868	-0.00203272	-0.000115083	0.994161	-0.107904	0.00203217	0.107904	0.994159	0.0261885	1.32838	24.6714	
0.999998	-0.000111803	-0.00209547	-0.000123163	0.993731	-0.111796	0.00209484	0.111796	0.993729	0.0280102	1.42536	25.5489	
0.999998	-0.000118907	-0.00215752	-0.000131493	0.993285	-0.115689	0.00215679	0.115689	0.993283	0.0298869	1.52577	26.426	
0.999998	-0.000126172	-0.00221885	-0.000140071	0.992824	-0.119583	0.00221802	0.119583	0.992822	0.031818	1.62963	27.3027	
0.999997	-0.000133594	-0.00227947	-0.000148895	0.992347	-0.123479	0.00227852	0.123479	0.992345	0.0338029	1.73692	28.179	
0.999997	-0.000141167	-0.00233937	-0.000157962	0.991855	-0.127375	0.0023383	0.127375	0.991852	0.0358408	1.84765	29.0548	
0.999997	-0.000148886	-0.00239856	-0.000167268	0.991346	-0.131273	0.00239734	0.131273	0.991343	0.0379312	1.96182	29.9302	
0.999997	-0.000156744	-0.00245702	-0.000176812	0.990822	-0.135171	0.00245565	0.135171	0.990819	0.0400734	2.07943	30.8052	
0.999997	-0.000164737	-0.00251476	-0.000186591	0.990283	-0.13907	0.00251323	0.13907	0.990279	0.0422667	2.20049	31.6797	
0.999997	-0.000172858	-0.00257177	-0.000196602	0.989727	-0.142969	0.00257006	0.142969	0.989724	0.0445106	2.32498	32.5537	
0.999997	-0.000181102	-0.00262806	-0.000206842	0.989156	-0.146869	0.00262615	0.146869	0.989152	0.0468042	2.45292	33.4272	
0.999996	-0.000189463	-0.00268361	-0.000217308	0.988569	-0.150769	0.0026815	0.150769	0.988565	0.0491471	2.5843	34.3002	
0.999996	-0.000197936	-0.00273844	-0.000227998	0.987966	-0.154669	0.0027361	0.154669	0.987963	0.0515385	2.71913	35.1726	
0.999996	-0.000206514	-0.00279253	-0.000238908	0.987348	-0.158569	0.00278995	0.158569	0.987344	0.0539778	2.8574	36.0446	
0.999996	-0.000215191	-0.00284589	-0.000250036	0.986714	-0.162468	0.00284304	0.162469	0.98671	0.0564643	2.99911	36.9159	
0.999996	-0.000223963	-0.00289851	-0.000261379	0.986064	-0.166368	0.00289538	0.166368	0.986059	0.0589973	3.14426	37.7867	
0.999996	-0.000232822	-0.0029504	-0.000272934	0.985398	-0.170267	0.00294696	0.170267	0.985394	0.0615762	3.29285	38.657	
0.999995	-0.000241764	-0.00300154	-0.000284699	0.984716	-0.174166	0.00299777	0.174166	0.984712	0.0642003	3.44489	39.5266	
0.999995	-0.000250782	-0.00305195	-0.000296669	0.984019	-0.178064	0.00304783	0.178064	0.984014	0.0668689	3.60037	40.3956	
0.999995	-0.00025987	-0.00310161	-0.000308842	0.983306	-0.181961	0.00309712	0.181961	0.983301	0.0695814	3.75929	41.264	
0.999995	-0.000269023	-0.00315053	-0.000321215	0.982577	-0.185858	0.00314564	0.185858	0.982572	0.072337	3.92165	42.1318	
0.999995	-0.000278235	-0.0031987	-0.000333785	0.981832	-0.189753	0.00319339	0.189753	0.981827	0.0751352	4.08745	42.9989	
0.999995	-0.000287499	-0.00324613	-0.00034655	0.981071	-0.193647	0.00324036	0.193647	0.981066	0.0779751	4.25669	43.8654	
0.999995	-0.00029681	-0.00329282	-0.000359505	0.980295	-0.19754	0.00328656	0.19754	0.980289	0.0808562	4.42937	44.7311	
0.999994	-0.000306162	-0.00333875	-0.000372647	0.979502	-0.201432	0.00333199	0.201432	0.979497	0.0837777	4.60548	45.5962	
0.999994	-0.000315548	-0.00338394	-0.000385975	0.978694	-0.205322	0.00337663	0.205322	0.978689	0.086739	4.78503	46.4606	
0.999994	-0.000324963	-0.00342838	-0.000399483	0.977871	-0.209211	0.00342049	0.209211	0.977865	0.0897394	4.96801	47.3242	
0.999994	-0.000334401	-0.00347207	-0.00041317	0.977031	-0.213097	0.00346357	0.213097	0.977025	0.0927781	5.15442	48.1872	
0.999994	-0.000343855	-0.003515	-0.000427033	0.976175	-0.216982	0.00350587	0.216982	0.976169	0.0958545	5.34427	49.0493	
0.999994	-0.00035332	-0.00355719	-0.000441067	0.975304	-0.220865	0.00354738	0.220865	0.975298	0.0989679	5.53754	49.9107	
0.999993	-0.00036279	-0.00359862	-0.000455269	0.974417	-0.224746	0.0035881	0.224746	0.974411	0.102118	5.73424	50.7714	
0.999993	-0.000372258	-0.0036393	-0.000469638	0.973515	-0.228624	0.00362802	0.228625	0.973508	0.105303	5.93436	51.6312	
0.999998	7.70892e-05	-0.00175372	-0.000487058	0.971995	-0.235002	0.00168649	0.235002	0.971993	0.107649	6.13901	52.49	
1	0.00053809	0.000126019	-0.000491762	0.970432	-0.241372	-0.000252173	0.241372	0.970433	0.108282	6.34929	53.3474	
0.999997	0.00101072	0.00199996	-0.000483754	0.968827	-0.247736	-0.00218801	0.247735	0.968825	0.107205	6.56519	54.2034	
0.999991	0.00149497	0.00386815	-0.000463039	0.96718	-0.254093	-0.00412106	0.254089	0.967172	0.10442	6.78671	55.058	
0.999982	0.00199082	0.00573063	-0.000429622	0.965489	-0.260442	-0.00605136	0.260435	0.965473	0.0999296	7.01382	55.9111	
0.999968	0.00249824	0.00758746	-0.000383511	0.963757	-0.266782	-0.00797895	0.266771	0.963727	0.0937364	7.24654	56.7627	
0.999951	0.00301724	0.00943867	-0.000324714	0.961982	-0.273114	-0.00990388	0.273097	0.961935	0.0858427	7.48485	57.6127	
0.99993	0.00354779	0.0112843	-0.000253241	0.960164	-0.279436	-0.0118262	0.279413	0.960098	0.0762507	7.72873	58.4611	
0.999906	0.00408989	0.0131244	-0.000169101	0.958305	-0.285747	-0.0137459	0.285718	0.958215	0.0649627	7.97819	59.3079	
0.999877	0.00464353	0.0149591	-7.23058e-05	0.956403	-0.292049	-0.0156631	0.292012	0.956286	0.0519812	8.23321	60.153	
0.999845	0.00520869	0.0167883	3.71314e-05	0.95446	-0.298339	-0.0175778	0.298293	0.954312	0.0373081	8.49378	60.9963	
0.99981	0.00578538	0.0186122	0.000159197	0.952475	-0.304617	-0.01949	0.304562	0.952293	0.0209458	8.75989	61.8379	
0.999771	0.00637359	0.0204307	0.000293877	0.950448	-0.310884	-0.0213998	0.310819	0.950228	0.00289647	9.03153	62.6777	
0.999728	0.00697332	0.0222439	0.000441155	0.948379	-0.317137	-0.0233072	0.317061	0.948119	-0.0168379	9.30869	63.5157	
0.999682	0.00758456	0.0240519	0.000601015	0.94627	-0.323378	-0.0252123	0.32329	0.945964	-0.0382552	9.59135	64.3518	
0.999632	0.00820732	0.0258547	0.000773439	0.944119	-0.329605	-0.0271151	0.329504	0.943765	-0.0613533	9.8795	65.1859	
0.999578	0.00884161	0.0276524	0.000958408	0.941927	-0.335817	-0.0290157	0.335702	0.941521	-0.0861303	10.1731	66.0181	
0.999521	0.00948741	0.0294449	0.0011559	0.939694	-0.342015	-0.030914	0.341886	0.939233	-0.112584	10.4722	66.8483	
0.999461	0.0101447	0.0312324	0.0013659	0.93742	-0.348198	-0.0328102	0.348053	0.936901	-0.140713	10.7768	67.6765	
0.999396	0.0108136	0.0330148	0.00158838	0.935106	-0.354365	-0.0347043	0.354203	0.934524	-0.170515	11.0868	68.5026	
0.999328	0.011494	0.0347923	0.00182332	0.932751	-0.360516	-0.0365964	0.360337	0.932104	-0.201988	11.4022	69.3265	
0.999257	0.012186	0.0365649	0.0020707	0.930357	-0.36665	-0.0384864	0.366453	0.92964	-0.235131	11.723	70.1483	
0.998662	0.0171317	0.0487926	0.00286764	0.923732	-0.383028	-0.0516332	0.382655	0.922447	-0.274913	12.0537	70.9659	
0.997894	0.0222901	0.0609223	0.00389688	0.916823	-0.399275	-0.0647548	0.398671	0.914805	-0.32629	12.3986	71.7769	
0.996952	0.0276587	0.0729482	0.00515791	0.909632	-0.415383	-0.0778449	0.414493	0.906717	-0.389238	12.7575	72.581	
0.995838	0.0332349	0.0848643	0.00665012	0.902163	-0.431344	-0.0908971	0.430113	0.898187	-0.463726	13.1304	73.3777	
0.994552	0.0390159	0.096665	0.00837278	0.89442	-0.44715	-0.103905	0.445523	0.88922	-0.549718	13.5169	74.1668	
0.993094	0.044999	0.108344	0.0103251	0.886406	-0.462794	-0.116862	0.460717	0.87982	-0.647172	13.9169	74.9477	
0.991466	0.0511812	0.119897	0.012506	0.878125	-0.478268	-0.129763	0.475686	0.869991	-0.75604	14.3303	75.7201	
0.989668	0.0575596	0.131317	0.0149145	0.869581	-0.493564	-0.1426	0.490423	0.859739	-0.87627	14.7568	76.4836	
0.987701	0.0641309	0.142598	0.0175495	0.86078	-0.508675	-0.155368	0.504922	0.849067	-1.0078	15.1962	77.238	
0.985566	0.0708921	0.153736	0.0204096	0.851723	-0.523594	-0.16806	0.519174	0.837982	-1.15057	15.6482	77.9827	
0.983263	0.0778398	0.164725	0.0234935	0.842417	-0.538313	-0.18067	0.533174	0.826489	-1.30451	16.1128	78.7174	
0.980795	0.0849707	0.17556	0.0267996	0.832866	-0.552826	-0.193192	0.546914	0.814593	-1.46955	16.5895	79.4419	
0.978162	0.0922812	0.186235	0.0303263	0.823074	-0.567124	-0.20562	0.560387	0.802301	-1.6456	17.0783	80.1556	
0.975365	0.0997678	0.196745	0.034072	0.813046	-0.581202	-0.217948	0.573588	0.789618	-1.83257	17.5789	80.8583	
0.972407	0.107427	0.207085	0.0380348	0.802787	-0.595052	-0.23017	0.586509	0.77655	-2.03039	18.091	81.5497	
0.969288	0.115255	0.21725	0.0422127	0.792302	-0.608667	-0.242279	0.599144	0.763104	-2.23894	18.6144	82.2293	
0.96601	0.123247	0.227235	0.0466038	0.781596	-0.622041	-0.254271	0.611488	0.749286	-2.45813	19.1488	82.897	
0.962574	0.131401	0.237035	0.0512058	0.770675	-0.635168	-0.266139	0.623533	0.735103	-2.68786	19.694	83.5522	
