1	0	0	0	1	0	0	0	1	0	0	0	
1	7.10058e-08	-8.79288e-05	7.10058e-08	0.999999	0.00161507	8.79288e-05	-0.00161507	0.999999	3.32176e-05	-0.000610139	0.755555	
1	2.83348e-07	-0.000175515	2.8421e-07	0.999995	0.00323366	0.000175515	-0.00323366	0.999995	0.000132741	-0.00244188	1.51111	
1	6.36208e-07	-0.000262755	6.39662e-07	0.999988	0.00485572	0.000262755	-0.00485572	0.999988	0.00029831	-0.00549787	2.26666	
1	1.12873e-06	-0.000349642	1.13739e-06	0.999979	0.00648119	0.000349642	-0.00648119	0.999979	0.00052966	-0.0097807	3.0222	
1	1.76005e-06	-0.000436174	1.7774e-06	0.999967	0.00811005	0.000436174	-0.00811005	0.999967	0.000826524	-0.015293	3.77774	
1	2.52925e-06	-0.000522344	2.55967e-06	0.999953	0.00974224	0.000522344	-0.00974224	0.999952	0.00118863	-0.0220372	4.53326	
1	3.4354e-06	-0.000608149	3.48417e-06	0.999935	0.0113777	0.000608149	-0.0113777	0.999935	0.00161571	-0.0300158	5.28877	
1	4.47754e-06	-0.000693584	4.55084e-06	0.999915	0.0130164	0.000693584	-0.0130164	0.999915	0.00210747	-0.0392314	6.04427	
1	5.65467e-06	-0.000778645	5.7596e-06	0.999893	0.0146584	0.000778644	-0.0146584	0.999892	0.00266365	-0.0496863	6.79976	
1	6.96578e-06	-0.000863327	7.11034e-06	0.999867	0.0163034	0.000863326	-0.0163034	0.999867	0.00328395	-0.061383	7.55522	
1	8.40982e-06	-0.000947626	8.60295e-06	0.999839	0.0179516	0.000947624	-0.0179516	0.999838	0.00396808	-0.0743238	8.31067	
0.999999	9.98572e-06	-0.00103154	1.02373e-05	0.999808	0.0196029	0.00103153	-0.0196029	0.999807	0.00471577	-0.088511	9.06609	
0.999999	1.16924e-05	-0.00111506	1.20131e-05	0.999774	0.0212571	0.00111505	-0.0212571	0.999773	0.0055267	-0.103947	9.82149	
0.999999	1.35287e-05	-0.00119818	1.39304e-05	0.999737	0.0229143	0.00119817	-0.0229143	0.999737	0.00640058	-0.120634	10.5769	
0.999999	1.54934e-05	-0.0012809	1.59888e-05	0.999698	0.0245745	0.0012809	-0.0245745	0.999697	0.00733712	-0.138574	11.3322	
0.999999	1.75855e-05	-0.00136322	1.81881e-05	0.999656	0.0262375	0.00136321	-0.0262375	0.999655	0.00833601	-0.15777	12.0875	
0.999999	1.98036e-05	-0.00144513	2.05281e-05	0.999611	0.0279034	0.00144512	-0.0279034	0.99961	0.00939693	-0.178223	12.8428	
0.999999	2.21466e-05	-0.00152663	2.30086e-05	0.999563	0.0295721	0.00152661	-0.0295721	0.999561	0.0105196	-0.199936	13.598	
0.999999	2.46132e-05	-0.00160771	2.56291e-05	0.999512	0.0312434	0.00160769	-0.0312435	0.999511	0.0117037	-0.222911	14.3532	
0.999999	2.72022e-05	-0.00168837	2.83895e-05	0.999458	0.0329175	0.00168835	-0.0329175	0.999457	0.0129488	-0.247149	15.1084	
0.999998	2.99121e-05	-0.0017686	3.12893e-05	0.999401	0.0345943	0.00176858	-0.0345943	0.9994	0.0142548	-0.272654	15.8635	
0.999998	3.27417e-05	-0.00184841	3.43283e-05	0.999342	0.0362736	0.00184838	-0.0362736	0.99934	0.0156212	-0.299426	16.6186	
0.999998	3.56897e-05	-0.00192778	3.7506e-05	0.999279	0.0379555	0.00192775	-0.0379555	0.999278	0.0170477	-0.327468	17.3736	
0.999998	3.87546e-05	-0.00200672	4.08222e-05	0.999214	0.03964	0.00200668	-0.03964	0.999212	0.0185341	-0.356782	18.1286	
0.999998	4.1935e-05	-0.00208521	4.42762e-05	0.999146	0.0413268	0.00208517	-0.0413268	0.999144	0.0200799	-0.38737	18.8836	
0.999998	4.52296e-05	-0.00216327	4.78678e-05	0.999074	0.0430161	0.00216321	-0.0430161	0.999072	0.0216848	-0.419233	19.6384	
0.999997	4.86368e-05	-0.00224087	5.15965e-05	0.999	0.0447078	0.00224081	-0.0447078	0.998998	0.0233485	-0.452373	20.3933	
0.999997	5.21552e-05	-0.00231803	5.54618e-05	0.998923	0.0464018	0.00231795	-0.0464018	0.99892	0.0250707	-0.486792	21.148	
0.999997	5.57833e-05	-0.00239473	5.94632e-05	0.998843	0.0480981	0.00239464	-0.0480981	0.99884	0.0268511	-0.522492	21.9027	
0.999997	5.95196e-05	-0.00247097	6.36003e-05	0.998759	0.0497966	0.00247087	-0.0497966	0.998756	0.0286891	-0.559474	22.6574	
0.999997	6.33625e-05	-0.00254675	6.78724e-05	0.998673	0.0514973	0.00254663	-0.0514973	0.99867	0.0305846	-0.597741	23.412	
0.999997	6.73105e-05	-0.00262206	7.22791e-05	0.998584	0.0532002	0.00262193	-0.0532002	0.99858	0.0325372	-0.637293	24.1665	
0.999996	7.1362e-05	-0.00269691	7.68197e-05	0.998492	0.0549051	0.00269676	-0.0549051	0.998488	0.0345465	-0.678133	24.9209	
0.999996	7.55154e-05	-0.00277128	8.14938e-05	0.998396	0.0566121	0.00277111	-0.0566121	0.998392	0.0366121	-0.720262	25.6753	
0.999996	7.97691e-05	-0.00284517	8.63007e-05	0.998298	0.0583211	0.00284498	-0.0583211	0.998294	0.0387338	-0.763681	26.4296	
0.999996	8.41213e-05	-0.00291859	9.12397e-05	0.998196	0.060032	0.00291838	-0.060032	0.998192	0.040911	-0.808392	27.1838	
0.999996	8.85705e-05	-0.00299153	9.63103e-05	0.998092	0.0617448	0.00299129	-0.0617448	0.998087	0.0431436	-0.854397	27.938	
0.999995	9.3115e-05	-0.00306398	0.000101512	0.997984	0.0634595	0.00306371	-0.0634595	0.99798	0.045431	-0.901696	28.6921	
0.999995	9.7753e-05	-0.00313594	0.000106843	0.997874	0.0651761	0.00313564	-0.0651761	0.997869	0.047773	-0.950292	29.4461	
0.999995	0.000102483	-0.00320741	0.000112305	0.99776	0.0668943	0.00320708	-0.0668943	0.997755	0.0501691	-1.00019	30.2	
0.999995	0.000107303	-0.00327838	0.000117895	0.997643	0.0686143	0.00327802	-0.0686143	0.997638	0.0526191	-1.05138	30.9538	
0.999994	0.000112211	-0.00334886	0.000123613	0.997523	0.070336	0.00334846	-0.070336	0.997518	0.0551224	-1.10387	31.7075	
0.999994	0.000117206	-0.00341884	0.000129458	0.9974	0.0720593	0.0034184	-0.0720593	0.997394	0.0576788	-1.15766	32.4611	
0.999994	0.000122286	-0.00348831	0.000135431	0.997274	0.0737842	0.00348782	-0.0737842	0.997268	0.0602878	-1.21276	33.2147	
0.999994	0.000127448	-0.00355728	0.000141529	0.997145	0.0755106	0.00355674	-0.0755106	0.997139	0.0629491	-1.26916	33.9681	
0.999993	0.000132692	-0.00362573	0.000147752	0.997013	0.0772385	0.00362515	-0.0772385	0.997006	0.0656622	-1.32687	34.7215	
0.999993	0.000138015	-0.00369368	0.000154099	0.996877	0.0789678	0.00369304	-0.0789678	0.99687	0.0684269	-1.38588	35.4747	
0.999993	0.000143415	-0.00376111	0.000160569	0.996739	0.0806985	0.00376041	-0.0806986	0.996731	0.0712426	-1.4462	36.2278	
0.999993	0.000148891	-0.00382802	0.000167163	0.996597	0.0824306	0.00382726	-0.0824306	0.996589	0.0741091	-1.50782	36.9809	
0.999992	0.00015444	-0.00389441	0.000173877	0.996452	0.084164	0.00389359	-0.084164	0.996444	0.0770259	-1.57076	37.7338	
0.999992	0.000160062	-0.00396027	0.000180713	0.996304	0.0858986	0.00395939	-0.0858986	0.996296	0.0799925	-1.635	38.4866	
0.999992	0.000165753	-0.00402562	0.000187669	0.996153	0.0876344	0.00402465	-0.0876344	0.996145	0.0830087	-1.70056	39.2393	
0.999999	-6.77235e-05	-0.00138894	0.000190757	0.996052	0.0887732	0.00137744	-0.0887734	0.996051	0.0850495	-1.7672	39.9919	
0.999999	-0.000304359	0.001249	0.000190818	0.995949	0.089918	-0.00127131	-0.0899177	0.995948	0.0850896	-1.83471	40.7445	
0.999992	-0.000544166	0.00388815	0.000187818	0.995845	0.0910687	-0.00392155	-0.0910673	0.995837	0.0831279	-1.90308	41.4969	
0.999978	-0.00078716	0.00652843	0.000181724	0.995738	0.0922251	-0.0065732	-0.0922219	0.995717	0.0791632	-1.97232	42.2493	
0.999957	-0.00103335	0.00916978	0.000172506	0.99563	0.093387	-0.00922621	-0.0933814	0.995588	0.0731945	-2.04244	43.0015	
0.999929	-0.00128275	0.0118121	0.000160131	0.99552	0.0945543	-0.0118805	-0.0945457	0.99545	0.0652209	-2.11344	43.7537	
0.999894	-0.00153538	0.0144554	0.000144572	0.995408	0.0957268	-0.014536	-0.0957146	0.995303	0.0552413	-2.18531	44.5058	
0.999852	-0.00179124	0.0170996	0.0001258	0.995294	0.0969044	-0.0171927	-0.096888	0.995147	0.0432549	-2.25807	45.2577	
0.999803	-0.00205034	0.0197445	0.000103788	0.995178	0.098087	-0.0198504	-0.0980656	0.994982	0.0292608	-2.33172	46.0095	
0.999747	-0.00231269	0.0223903	7.85111e-05	0.99506	0.0992744	-0.0225092	-0.0992475	0.994808	0.0132582	-2.40626	46.7612	
0.999683	-0.00257832	0.0250367	4.99436e-05	0.99494	0.100466	-0.025169	-0.100433	0.994625	-0.00475356	-2.4817	47.5128	
0.999613	-0.00284721	0.0276837	1.80628e-05	0.994819	0.101663	-0.0278297	-0.101623	0.994434	-0.0247753	-2.55803	48.2642	
0.999535	-0.00311938	0.0303312	-1.71537e-05	0.994695	0.102864	-0.0304912	-0.102816	0.994233	-0.0468077	-2.63526	49.0155	
0.99945	-0.00339485	0.0329793	-5.57269e-05	0.99457	0.104069	-0.0331535	-0.104013	0.994023	-0.0708512	-2.7134	49.7666	
0.999358	-0.00367361	0.0356277	-9.76764e-05	0.994443	0.105278	-0.0358165	-0.105214	0.993804	-0.0969066	-2.79244	50.5176	
0.999259	-0.00395568	0.0382766	-0.000143021	0.994314	0.106491	-0.0384802	-0.106417	0.993577	-0.124974	-2.87239	51.2684	
0.999153	-0.00424106	0.0409257	-0.000191778	0.994183	0.107707	-0.0411444	-0.107624	0.99334	-0.155055	-2.95325	52.019	
0.99904	-0.00452976	0.0435751	-0.000243963	0.99405	0.108928	-0.0438092	-0.108834	0.993094	-0.187148	-3.03502	52.7694	
0.998919	-0.00482178	0.0462247	-0.000299593	0.993915	0.110151	-0.0464745	-0.110046	0.992839	-0.221255	-3.11771	53.5197	
0.998792	-0.00511713	0.0488743	-0.000358679	0.993778	0.111378	-0.0491402	-0.111261	0.992576	-0.257377	-3.20132	54.2697	
0.998657	-0.00541581	0.0515241	-0.000421235	0.993639	0.112608	-0.0518062	-0.112479	0.992303	-0.295512	-3.28584	55.0196	
0.998515	-0.00571783	0.0541738	-0.000487272	0.993499	0.113841	-0.0544725	-0.113699	0.992021	-0.335662	-3.37128	55.7692	
0.998366	-0.0060232	0.0568235	-0.000556801	0.993356	0.115077	-0.0571391	-0.114921	0.99173	-0.377826	-3.45765	56.5186	
0.99821	-0.00633191	0.059473	-0.000629829	0.993212	0.116315	-0.0598058	-0.116145	0.99143	-0.422005	-3.54494	57.2678	
0.998046	-0.00664396	0.0621224	-0.000706365	0.993066	0.117556	-0.0624727	-0.117371	0.991121	-0.4682	-3.63316	58.0168	
0.997876	-0.00695937	0.0647715	-0.000786415	0.992918	0.1188	-0.0651396	-0.118598	0.990803	-0.516409	-3.7223	58.7655	
0.997698	-0.00727812	0.0674203	-0.000869985	0.992768	0.120045	-0.0678064	-0.119827	0.990477	-0.566633	-3.81238	59.514	
0.997513	-0.00760023	0.0700688	-0.000957077	0.992616	0.121292	-0.0704733	-0.121058	0.990141	-0.618872	-3.90338	60.2622	
0.997321	-0.00792569	0.0727168	-0.0010477	0.992463	0.122542	-0.0731399	-0.12229	0.989796	-0.673126	-3.99531	61.0102	
0.997122	-0.0082545	0.0753643	-0.00114184	0.992307	0.123793	-0.0758065	-0.123523	0.989442	-0.729394	-4.08817	61.7579	
0.996915	-0.00858667	0.0780114	-0.00123951	0.99215	0.125045	-0.0784727	-0.124756	0.989079	-0.787678	-4.18196	62.5053	
0.996702	-0.00892219	0.0806578	-0.00134071	0.991991	0.126299	-0.0811387	-0.125991	0.988708	-0.847975	-4.27669	63.2525	
0.996481	-0.00926106	0.0833035	-0.00144544	0.99183	0.127555	-0.0838043	-0.127226	0.988327	-0.910287	-4.37235	63.9994	
0.996253	-0.00960327	0.0859486	-0.00155368	0.991668	0.128811	-0.0864695	-0.128462	0.987938	-0.974613	-4.46894	64.746	
0.996018	-0.00994883	0.0885929	-0.00166544	0.991504	0.130068	-0.0891342	-0.129698	0.987539	-1.04095	-4.56647	65.4923	
0.995776	-0.0102977	0.0912363	-0.00178071	0.991338	0.131326	-0.0917984	-0.130934	0.987132	-1.1093	-4.66493	66.2383	
0.995527	-0.01065	0.0938789	-0.00189949	0.99117	0.132585	-0.094462	-0.13217	0.986716	-1.17967	-4.76433	66.9839	
0.99527	-0.0110056	0.0965205	-0.00202175	0.991	0.133844	-0.0971249	-0.133406	0.986291	-1.25205	-4.86466	67.7293	
0.995006	-0.0113645	0.0991612	-0.00214751	0.990829	0.135103	-0.0997872	-0.134642	0.985857	-1.32644	-4.96592	68.4743	
0.994736	-0.0117267	0.101801	-0.00227673	0.990656	0.136363	-0.102449	-0.135877	0.985414	-1.40284	-5.06812	69.219	
0.994458	-0.0120922	0.104439	-0.00240942	0.990482	0.137623	-0.105109	-0.137112	0.984963	-1.48125	-5.17124	69.9634	
0.994173	-0.0124611	0.107076	-0.00254555	0.990306	0.138882	-0.107769	-0.138345	0.984503	-1.56167	-5.27531	70.7074	
0.993881	-0.0128333	0.109713	-0.00268512	0.990128	0.140141	-0.110428	-0.139578	0.984034	-1.6441	-5.3803	71.4511	
0.991657	-0.0153928	0.12798	-0.00227756	0.990597	0.136793	-0.128882	-0.135943	0.982298	-1.73451	-5.48439	72.1939	
0.989092	-0.0178844	0.146211	-0.00180723	0.991054	0.13345	-0.14729	-0.132259	0.980211	-1.83884	-5.58571	72.9354	
0.986185	-0.0203071	0.164401	-0.00127428	0.991498	0.130116	-0.165645	-0.128528	0.977774	-1.95706	-5.68423	73.6751	
0.982937	-0.02266	0.182542	-0.000678914	0.991929	0.12679	-0.183941	-0.124751	0.974989	-2.08913	-5.77992	74.4128	
