1	0	0	0	1	0	0	0	1	0	0	0	
0.999991	-2.86586e-06	-0.00415426	-2.86586e-06	0.999999	-0.00137971	0.00415426	0.00137971	0.99999	0.0020614	0.000684632	0.992421	
0.999965	-1.1476e-05	-0.00831364	-1.14724e-05	0.999996	-0.00276028	0.00831364	0.00276028	0.999962	0.00824814	0.00273895	1.98482	
0.999922	-2.58478e-05	-0.012478	-2.58336e-05	0.999991	-0.00414163	0.012478	0.00414163	0.999914	0.0185652	0.00616377	2.97719	
0.999861	-4.59981e-05	-0.0166471	-4.59627e-05	0.999985	-0.00552372	0.0166471	0.00552372	0.999846	0.0330174	0.0109598	3.96949	
0.999783	-7.19433e-05	-0.0208208	-7.18724e-05	0.999976	-0.00690648	0.0208208	0.00690648	0.999759	0.0516095	0.0171279	4.96172	
0.999687	-0.000103699	-0.0249989	-0.000103575	0.999966	-0.00828986	0.0249989	0.00828985	0.999653	0.0743458	0.0246685	5.95386	
0.999574	-0.00014128	-0.0291814	-0.000141081	0.999953	-0.00967379	0.0291814	0.00967379	0.999527	0.101231	0.0335823	6.94588	
0.999443	-0.000184701	-0.0333679	-0.000184403	0.999939	-0.0110582	0.0333679	0.0110582	0.999382	0.132269	0.0438698	7.93776	
0.999294	-0.000233977	-0.0375584	-0.000233549	0.999923	-0.0124431	0.0375584	0.0124431	0.999217	0.167463	0.0555314	8.92949	
0.999128	-0.000289119	-0.0417526	-0.000288531	0.999904	-0.0138284	0.0417526	0.0138284	0.999032	0.206818	0.0685677	9.92105	
0.998944	-0.000350142	-0.0459504	-0.000349357	0.999884	-0.015214	0.0459504	0.015214	0.998828	0.250338	0.0829789	10.9124	
0.998742	-0.000417056	-0.0501516	-0.000416035	0.999862	-0.0165999	0.0501517	0.0165998	0.998604	0.298025	0.0987653	11.9036	
0.998521	-0.000489875	-0.0543561	-0.000488573	0.999838	-0.0179859	0.0543562	0.0179859	0.99836	0.349883	0.115927	12.8945	
0.998284	-0.000568608	-0.0585637	-0.00056698	0.999812	-0.0193722	0.0585637	0.0193721	0.998096	0.405915	0.134465	13.8852	
0.998028	-0.000653266	-0.0627742	-0.000651261	0.999784	-0.0207585	0.0627742	0.0207585	0.997812	0.466125	0.154378	14.8755	
0.997754	-0.000743859	-0.0669875	-0.000741422	0.999754	-0.0221449	0.0669875	0.0221448	0.997508	0.530514	0.175667	15.8656	
0.997461	-0.000840397	-0.0712033	-0.000837469	0.999723	-0.0235313	0.0712033	0.0235312	0.997184	0.599086	0.198332	16.8554	
0.997151	-0.000942887	-0.0754215	-0.000939408	0.999689	-0.0249176	0.0754216	0.0249175	0.99684	0.671843	0.222373	17.8449	
0.996823	-0.00105134	-0.079642	-0.00104724	0.999653	-0.0263038	0.0796421	0.0263036	0.996476	0.748788	0.24779	18.834	
0.996476	-0.00116576	-0.0838646	-0.00116097	0.999616	-0.0276898	0.0838646	0.0276896	0.996092	0.829922	0.274582	19.8228	
0.996112	-0.00128615	-0.088089	-0.00128061	0.999576	-0.0290756	0.0880891	0.0290753	0.995688	0.915248	0.302749	20.8111	
0.995729	-0.00141253	-0.0923152	-0.00140615	0.999535	-0.030461	0.0923153	0.0304607	0.995264	1.00477	0.332292	21.799	
0.995328	-0.00154489	-0.0965429	-0.0015376	0.999492	-0.0318462	0.0965431	0.0318458	0.994819	1.09848	0.363209	22.7865	
0.994908	-0.00168325	-0.100772	-0.00167495	0.999446	-0.0332309	0.100772	0.0332305	0.994354	1.19639	0.395501	23.7736	
0.99447	-0.00182761	-0.105002	-0.00181822	0.999399	-0.0346151	0.105003	0.0346146	0.993869	1.2985	0.429167	24.7602	
0.994014	-0.00197796	-0.109234	-0.0019674	0.99935	-0.0359989	0.109234	0.0359983	0.993364	1.40481	0.464206	25.7463	
0.99354	-0.00213432	-0.113466	-0.00212248	0.999299	-0.037382	0.113466	0.0373814	0.992838	1.51531	0.500618	26.7318	
0.993047	-0.00229669	-0.117699	-0.00228348	0.999246	-0.0387646	0.117699	0.0387638	0.992292	1.63002	0.538402	27.7169	
0.992535	-0.00246507	-0.121933	-0.00245038	0.999191	-0.0401464	0.121933	0.0401455	0.991726	1.74893	0.577558	28.7014	
0.992006	-0.00263947	-0.126167	-0.00262319	0.999134	-0.0415275	0.126167	0.0415265	0.991139	1.87204	0.618084	29.6853	
0.991457	-0.00281987	-0.130401	-0.0028019	0.999075	-0.0429079	0.130401	0.0429067	0.990532	1.99935	0.659981	30.6686	
0.990891	-0.00300629	-0.134635	-0.00298651	0.999014	-0.0442873	0.134636	0.044286	0.989905	2.13087	0.703247	31.6514	
0.990306	-0.00319873	-0.138869	-0.00317702	0.998952	-0.0456659	0.13887	0.0456644	0.989257	2.26658	0.747882	32.6334	
0.989702	-0.00339718	-0.143103	-0.00337342	0.998887	-0.0470435	0.143104	0.0470418	0.988589	2.4065	0.793884	33.6149	
0.98908	-0.00360164	-0.147336	-0.00357571	0.998821	-0.0484201	0.147337	0.0484182	0.987901	2.55062	0.841252	34.5956	
0.988439	-0.00381211	-0.151569	-0.00378388	0.998752	-0.0497957	0.15157	0.0497935	0.987192	2.69894	0.889986	35.5757	
0.98778	-0.0040286	-0.155801	-0.00399793	0.998682	-0.0511701	0.155802	0.0511677	0.986462	2.85147	0.940085	36.5551	
0.987103	-0.00425109	-0.160032	-0.00421785	0.99861	-0.0525434	0.160033	0.0525407	0.985712	3.00819	0.991546	37.5337	
0.986407	-0.00447958	-0.164262	-0.00444364	0.998536	-0.0539154	0.164263	0.0539124	0.984942	3.16911	1.04437	38.5115	
0.985692	-0.00471407	-0.168491	-0.00467528	0.99846	-0.0552862	0.168492	0.0552829	0.984152	3.33423	1.09855	39.4886	
0.984959	-0.00495457	-0.172718	-0.00491277	0.998382	-0.0566556	0.172719	0.0566519	0.983341	3.50354	1.1541	40.4649	
0.984207	-0.00520105	-0.176943	-0.0051561	0.998302	-0.0580236	0.176945	0.0580196	0.982509	3.67705	1.211	41.4404	
0.983437	-0.00545351	-0.181167	-0.00540526	0.99822	-0.0593902	0.181168	0.0593858	0.981657	3.85475	1.26926	42.4151	
0.982649	-0.00571196	-0.185389	-0.00566025	0.998137	-0.0607553	0.18539	0.0607505	0.980785	4.03664	1.32887	43.3888	
0.981842	-0.00597638	-0.189608	-0.00592104	0.998051	-0.0621189	0.18961	0.0621136	0.979893	4.22272	1.38984	44.3618	
0.981016	-0.00624677	-0.193826	-0.00618764	0.997964	-0.0634808	0.193828	0.063475	0.97898	4.41298	1.45216	45.3338	
0.980172	-0.00652312	-0.198041	-0.00646003	0.997875	-0.0648412	0.198043	0.0648348	0.978047	4.60744	1.51582	46.3049	
0.97931	-0.00680542	-0.202253	-0.00673819	0.997784	-0.0661998	0.202255	0.0661929	0.977093	4.80607	1.58084	47.275	
0.978429	-0.00709366	-0.206463	-0.00702213	0.997691	-0.0675567	0.206465	0.0675492	0.976119	5.00888	1.64721	48.2443	
0.977529	-0.00738783	-0.210669	-0.00731181	0.997596	-0.0689117	0.210672	0.0689036	0.975125	5.21587	1.71492	49.2125	
0.976612	-0.00768793	-0.214873	-0.00760724	0.997499	-0.0702649	0.214876	0.0702562	0.974111	5.42703	1.78397	50.1797	
0.975676	-0.00799394	-0.219073	-0.0079084	0.997401	-0.0716163	0.219076	0.0716068	0.973077	5.64236	1.85436	51.1459	
0.974721	-0.00830586	-0.22327	-0.00821527	0.997301	-0.0729656	0.223273	0.0729554	0.972022	5.86186	1.9261	52.1111	
0.973749	-0.00862366	-0.227463	-0.00852783	0.997199	-0.074313	0.227467	0.0743019	0.970947	6.08553	1.99917	53.0753	
0.972757	-0.00894735	-0.231653	-0.00884608	0.997095	-0.0756583	0.231657	0.0756464	0.969852	6.31335	2.07357	54.0383	
0.971748	-0.0092769	-0.235838	-0.00917	0.996989	-0.0770015	0.235842	0.0769887	0.968737	6.54533	2.14931	55.0003	
0.97072	-0.00961231	-0.24002	-0.00949957	0.996881	-0.0783425	0.240024	0.0783288	0.967602	6.78146	2.22638	55.9611	
0.969675	-0.00995356	-0.244197	-0.00983477	0.996772	-0.0796814	0.244202	0.0796666	0.966446	7.02174	2.30478	56.9208	
0.96861	-0.0103006	-0.24837	-0.0101756	0.996661	-0.0810179	0.248375	0.0810021	0.965271	7.26616	2.38451	57.8793	
0.967528	-0.0106535	-0.252538	-0.010522	0.996548	-0.0823522	0.252544	0.0823353	0.964076	7.51473	2.46556	58.8367	
0.966428	-0.0110122	-0.256702	-0.010874	0.996433	-0.0836841	0.256708	0.0836661	0.962861	7.76742	2.54793	59.7929	
0.965309	-0.0113767	-0.260861	-0.0112316	0.996316	-0.0850137	0.260867	0.0849944	0.961626	8.02425	2.63162	60.7478	
0.964173	-0.0117469	-0.265015	-0.0115947	0.996198	-0.0863407	0.265021	0.0863202	0.960371	8.2852	2.71663	61.7015	
0.962076	-0.012421	-0.272498	-0.0116697	0.996174	-0.0866084	0.272531	0.0865038	0.95825	8.55194	2.80239	62.6536	
0.959921	-0.0130966	-0.279966	-0.0117471	0.99615	-0.0868767	0.280026	0.0866836	0.956071	8.82613	2.88833	63.6035	
0.957707	-0.0137736	-0.287417	-0.011827	0.996125	-0.0871455	0.287503	0.0868591	0.953833	9.10775	2.97444	64.5512	
0.955434	-0.014452	-0.29485	-0.0119092	0.996101	-0.0874143	0.294964	0.0870301	0.951537	9.39678	3.06073	65.4967	
0.953104	-0.0151317	-0.302265	-0.0119936	0.996076	-0.087683	0.302406	0.0871963	0.949182	9.6932	3.14718	66.4399	
0.950715	-0.0158127	-0.309662	-0.0120803	0.996052	-0.0879513	0.30983	0.0873575	0.94677	9.997	3.2338	67.3807	
0.948269	-0.0164949	-0.317039	-0.012169	0.996027	-0.0882189	0.317234	0.0875133	0.944301	10.3082	3.32057	68.319	
0.945765	-0.0171782	-0.324396	-0.0122597	0.996002	-0.0884855	0.324619	0.0876636	0.941774	10.6267	3.4075	69.2549	
0.943205	-0.0178625	-0.331732	-0.0123524	0.995977	-0.0887509	0.331983	0.0878079	0.93919	10.9525	3.49457	70.1883	
0.935082	-0.0198482	-0.353876	-0.0098019	0.996601	-0.081798	0.354297	0.0799564	0.931709	11.293	3.57782	71.1167	
0.926433	-0.0216475	-0.375837	-0.0070864	0.997166	-0.0749028	0.376393	0.0720557	0.923654	11.6556	3.65325	72.0374	
0.917264	-0.0232592	-0.3976	-0.00420752	0.997672	-0.0680696	0.398257	0.0641107	0.915031	12.04	3.72082	72.9498	
0.907581	-0.0246823	-0.419152	-0.00116705	0.998119	-0.0613026	0.419876	0.0561262	0.905844	12.446	3.78049	73.8534	
0.897388	-0.0259161	-0.44048	0.00203315	0.998506	-0.0546059	0.441237	0.0481071	0.8961	12.8733	3.83221	74.7476	
0.886693	-0.0269596	-0.461571	0.00539112	0.998834	-0.0479837	0.462326	0.0400584	0.885805	13.3217	3.87597	75.6319	
0.875503	-0.0278123	-0.482412	0.00890477	0.999101	-0.0414401	0.483131	0.0319851	0.874964	13.7909	3.91172	76.5056	
0.863823	-0.0284737	-0.50299	0.012572	0.999309	-0.034979	0.503638	0.0238921	0.863584	14.2806	3.93945	77.3684	
0.851662	-0.0289433	-0.523292	0.0163904	0.999456	-0.0286045	0.523835	0.0157844	0.851673	14.7904	3.95913	78.2195	
0.839026	-0.0292209	-0.543306	0.0203578	0.999544	-0.0223205	0.54371	0.00766694	0.839238	15.3202	3.97077	79.0586	
0.825924	-0.0293063	-0.563019	0.0244717	0.99957	-0.0161308	0.56325	-0.000455222	0.826286	15.8695	3.97435	79.8851	
0.812363	-0.0291993	-0.58242	0.0287295	0.999537	-0.0100393	0.582444	-0.0085771	0.812826	16.438	3.96987	80.6985	
0.798352	-0.0289002	-0.601497	0.0331286	0.999443	-0.00404964	0.601279	-0.0166937	0.798865	17.0255	3.95733	81.4983	
0.7839	-0.0284091	-0.620237	0.0376663	0.999289	0.00183439	0.619743	-0.0248	0.784413	17.6314	3.93674	82.284	
0.769015	-0.0277263	-0.638629	0.0423399	0.999074	0.00760919	0.637827	-0.0328911	0.769477	18.2554	3.90811	83.0551	
0.753707	-0.0268521	-0.656662	0.0471465	0.9988	0.0132712	0.655517	-0.0409619	0.754068	18.8972	3.87146	83.8111	
0.737985	-0.0257872	-0.674325	0.052083	0.998465	0.018817	0.672805	-0.0490075	0.738195	19.5564	3.82681	84.5516	
0.721858	-0.0245322	-0.691606	0.0571464	0.998071	0.0242431	0.689678	-0.0570229	0.721868	20.2325	3.7742	85.2762	
0.705337	-0.0230879	-0.708496	0.0623337	0.997618	0.0295462	0.706126	-0.0650033	0.705096	20.9252	3.71364	85.9843	
0.688432	-0.0214551	-0.724984	0.0676417	0.997105	0.0347231	0.72214	-0.0729436	0.68789	21.6339	3.64519	86.6755	
0.671153	-0.0196349	-0.741059	0.073067	0.996534	0.0397704	0.73771	-0.080839	0.670261	22.3583	3.56888	87.3495	
0.65351	-0.0176284	-0.756712	0.0786064	0.995904	0.0446852	0.752825	-0.0886847	0.652219	23.098	3.48475	88.0058	
0.635516	-0.0154368	-0.771934	0.0842563	0.995216	0.0494645	0.767477	-0.0964757	0.633776	23.8524	3.39287	88.6439	
0.61718	-0.0130615	-0.786714	0.0900135	0.99447	0.0541051	0.781656	-0.104207	0.614942	24.6212	3.29328	89.2636	
0.598514	-0.0105039	-0.801043	0.0958742	0.993667	0.0586044	0.795355	-0.111875	0.595731	25.4037	3.18605	89.8644	
0.57953	-0.00776559	-0.814914	0.101835	0.992807	0.0629596	0.808564	-0.119474	0.576152	26.1997	3.07125	90.4459	
0.560239	-0.00484829	-0.828317	0.107892	0.991891	0.0671679	0.821275	-0.126999	0.556219	27.0085	2.94894	91.0078	
