1	0	0	0	1	0	0	0	1	0	0	0	
0.999991	7.80969e-06	0.00433988	7.80969e-06	0.999994	-0.00359901	-0.00433988	0.00359901	0.999984	-0.00216885	0.0017986	0.99949	
0.999962	3.12358e-05	0.00867854	3.1246e-05	0.999974	-0.00719935	-0.00867854	0.00719935	0.999936	-0.00867479	0.00719506	1.99895	
0.999915	7.02761e-05	0.0130158	7.03168e-05	0.999942	-0.0108009	-0.0130158	0.0108009	0.999857	-0.0195165	0.0161907	2.99834	
0.999849	0.000124928	0.0173516	0.00012503	0.999896	-0.0144036	-0.0173516	0.0144036	0.999746	-0.0346927	0.0287866	3.99764	
0.999765	0.000195187	0.0216858	0.000195391	0.999838	-0.0180072	-0.0216858	0.0180072	0.999603	-0.0542016	0.0449838	4.99681	
0.999661	0.000281051	0.0260182	0.000281407	0.999766	-0.0216117	-0.0260182	0.0216117	0.999428	-0.0780416	0.0647833	5.99583	
0.999539	0.000382514	0.0303486	0.000383084	0.999682	-0.025217	-0.0303486	0.025217	0.999221	-0.106211	0.0881859	6.99465	
0.999398	0.000499572	0.034677	0.000500427	0.999584	-0.0288228	-0.034677	0.0288229	0.998983	-0.138707	0.115192	7.99325	
0.999239	0.000632219	0.0390032	0.00063344	0.999474	-0.0324292	-0.0390032	0.0324292	0.998713	-0.175529	0.145803	8.99159	
0.999061	0.000780448	0.043327	0.000782127	0.99935	-0.036036	-0.043327	0.036036	0.998411	-0.216673	0.180018	9.98965	
0.998864	0.000944254	0.0476484	0.000946491	0.999213	-0.039643	-0.0476483	0.0396431	0.998077	-0.262138	0.217839	10.9874	
0.998648	0.00112363	0.0519671	0.00112654	0.999064	-0.0432502	-0.051967	0.0432503	0.997712	-0.311921	0.259265	11.9848	
0.998414	0.00131856	0.0562831	0.00132226	0.998901	-0.0468575	-0.056283	0.0468576	0.997315	-0.366019	0.304296	12.9818	
0.998161	0.00152905	0.0605961	0.00153368	0.998725	-0.0504646	-0.060596	0.0504648	0.996886	-0.424429	0.352933	13.9784	
0.99789	0.00175508	0.0649061	0.00176078	0.998536	-0.0540715	-0.0649059	0.0540717	0.996425	-0.487148	0.405175	14.9746	
0.9976	0.00199665	0.0692129	0.00200356	0.998333	-0.0576782	-0.0692127	0.0576784	0.995933	-0.554174	0.461022	15.9702	
0.997291	0.00225374	0.0735164	0.00226203	0.998118	-0.0612843	-0.0735161	0.0612846	0.995409	-0.625502	0.520473	16.9654	
0.996965	0.00252634	0.0778164	0.00253619	0.997889	-0.06489	-0.0778161	0.0648903	0.994854	-0.70113	0.583529	17.96	
0.996619	0.00281445	0.0821128	0.00282603	0.997647	-0.0684949	-0.0821124	0.0684954	0.994267	-0.781054	0.650189	18.9541	
0.996255	0.00311805	0.0864054	0.00313156	0.997393	-0.072099	-0.0864049	0.0720996	0.993648	-0.865271	0.720451	19.9476	
0.995873	0.00343712	0.0906942	0.00345276	0.997124	-0.0757022	-0.0906936	0.0757029	0.992997	-0.953776	0.794315	20.9404	
0.995472	0.00377166	0.0949789	0.00378965	0.996843	-0.0793044	-0.0949782	0.0793052	0.992315	-1.04656	0.87178	21.9325	
0.995053	0.00412166	0.0992595	0.00414221	0.996549	-0.0829054	-0.0992587	0.0829064	0.991602	-1.14363	0.952845	22.924	
0.994616	0.00448709	0.103536	0.00451044	0.996241	-0.0865051	-0.103535	0.0865063	0.990857	-1.24498	1.03751	23.9147	
0.99416	0.00486795	0.107808	0.00489433	0.99592	-0.0901035	-0.107806	0.0901049	0.99008	-1.3506	1.12577	24.9047	
0.993686	0.00526422	0.112075	0.00529389	0.995586	-0.0937003	-0.112074	0.0937019	0.989272	-1.46048	1.21763	25.8939	
0.993194	0.00567588	0.116337	0.00570911	0.995239	-0.0972954	-0.116336	0.0972974	0.988433	-1.57463	1.31308	26.8822	
0.992683	0.00610292	0.120595	0.00613997	0.994879	-0.100889	-0.120593	0.100891	0.987562	-1.69303	1.41212	27.8697	
0.992154	0.00654532	0.124848	0.00658648	0.994505	-0.10448	-0.124846	0.104483	0.986659	-1.81569	1.51476	28.8563	
0.991607	0.00700307	0.129095	0.00704862	0.994118	-0.10807	-0.129093	0.108073	0.985726	-1.9426	1.62098	29.842	
0.991042	0.00747614	0.133338	0.00752639	0.993718	-0.111657	-0.133335	0.111661	0.984761	-2.07375	1.7308	30.8268	
0.990459	0.00796452	0.137575	0.00801978	0.993305	-0.115243	-0.137572	0.115246	0.983764	-2.20913	1.84419	31.8106	
0.989858	0.00846819	0.141806	0.00852878	0.992879	-0.118825	-0.141803	0.11883	0.982737	-2.34875	1.96117	32.7933	
0.989239	0.00898714	0.146032	0.00905338	0.992439	-0.122406	-0.146028	0.122411	0.981678	-2.49259	2.08173	33.775	
0.988602	0.00952133	0.150252	0.00959358	0.991986	-0.125983	-0.150247	0.125989	0.980588	-2.64065	2.20587	34.7557	
0.987947	0.0100708	0.154466	0.0101493	0.99152	-0.129559	-0.154461	0.129565	0.979467	-2.79293	2.33358	35.7352	
0.987274	0.0106354	0.158674	0.0107207	0.991041	-0.133131	-0.158668	0.133138	0.978314	-2.94942	2.46487	36.7136	
0.986583	0.0112152	0.162875	0.0113076	0.990548	-0.1367	-0.162869	0.136708	0.977131	-3.11011	2.59972	37.6908	
0.985874	0.0118102	0.167071	0.01191	0.990042	-0.140266	-0.167064	0.140275	0.975916	-3.27499	2.73814	38.6669	
0.985148	0.0124203	0.17126	0.012528	0.989523	-0.143829	-0.171252	0.143838	0.974671	-3.44406	2.88013	39.6417	
0.984403	0.0130456	0.175442	0.0131615	0.988991	-0.147389	-0.175433	0.147399	0.973394	-3.61732	3.02567	40.6152	
0.983641	0.0136859	0.179618	0.0138105	0.988446	-0.150945	-0.179608	0.150956	0.972087	-3.79475	3.17478	41.5875	
0.982862	0.0143414	0.183786	0.014475	0.987887	-0.154498	-0.183776	0.15451	0.970749	-3.97635	3.32743	42.5584	
0.982064	0.0150118	0.187948	0.0151549	0.987315	-0.158047	-0.187936	0.15806	0.96938	-4.16211	3.48364	43.528	
0.981249	0.0156973	0.192102	0.0158503	0.98673	-0.161592	-0.19209	0.161607	0.96798	-4.35203	3.64339	44.4962	
0.980417	0.0163978	0.19625	0.0165612	0.986132	-0.165133	-0.196236	0.165149	0.966549	-4.5461	3.80669	45.4629	
0.979567	0.0171133	0.200389	0.0172875	0.985521	-0.16867	-0.200374	0.168688	0.965088	-4.7443	3.97352	46.4283	
0.978699	0.0178437	0.204522	0.0180292	0.984896	-0.172204	-0.204505	0.172223	0.963596	-4.94664	4.14389	47.3921	
0.977814	0.0185891	0.208646	0.0187863	0.984259	-0.175732	-0.208629	0.175753	0.962073	-5.1531	4.31779	48.3545	
0.976912	0.0193493	0.212763	0.0195587	0.983608	-0.179257	-0.212744	0.17928	0.96052	-5.36368	4.49522	49.3153	
0.975993	0.0201244	0.216872	0.0203465	0.982944	-0.182777	-0.216851	0.182801	0.958936	-5.57837	4.67617	50.2745	
0.975056	0.0209143	0.220973	0.0211496	0.982267	-0.186292	-0.22095	0.186319	0.957322	-5.79716	4.86064	51.2322	
0.974102	0.021719	0.225065	0.0219681	0.981576	-0.189803	-0.225041	0.189831	0.955678	-6.02005	5.04862	52.1882	
0.97313	0.0225385	0.22915	0.0228018	0.980873	-0.193308	-0.229124	0.193339	0.954003	-6.24702	5.24011	53.1426	
0.972142	0.0233728	0.233226	0.0236508	0.980157	-0.196809	-0.233198	0.196842	0.952298	-6.47806	5.4351	54.0953	
0.971136	0.0242217	0.237293	0.0245151	0.979427	-0.200305	-0.237263	0.20034	0.950563	-6.71317	5.63359	55.0462	
0.970113	0.0250854	0.241352	0.0253945	0.978684	-0.203795	-0.241319	0.203833	0.948798	-6.95234	5.83558	55.9954	
0.969074	0.0259637	0.245401	0.0262892	0.977928	-0.20728	-0.245367	0.207321	0.947002	-7.19556	6.04105	56.9428	
0.968017	0.0268566	0.249442	0.027199	0.977159	-0.21076	-0.249405	0.210804	0.945177	-7.44282	6.25001	57.8884	
0.966944	0.0277641	0.253474	0.028124	0.976377	-0.214234	-0.253434	0.214281	0.943321	-7.69412	6.46244	58.8322	
0.965853	0.0286861	0.257496	0.0290642	0.975582	-0.217702	-0.257454	0.217752	0.941436	-7.94943	6.67835	59.7741	
0.964746	0.0296227	0.261509	0.0300194	0.974774	-0.221164	-0.261464	0.221218	0.939521	-8.20876	6.89773	60.7141	
0.963622	0.0305738	0.265513	0.0309897	0.973953	-0.224621	-0.265465	0.224678	0.937576	-8.47209	7.12056	61.6522	
0.962831	0.0312507	0.268292	0.0328898	0.972329	-0.23129	-0.268096	0.231517	0.93516	-8.73874	7.34855	62.5881	
0.96203	0.0319487	0.271067	0.0348092	0.970655	-0.237944	-0.270714	0.238345	0.932687	-9.00801	7.58336	63.5216	
0.961221	0.0326675	0.273836	0.0367479	0.968932	-0.244582	-0.273318	0.245161	0.930158	-9.27989	7.82499	64.4525	
0.960404	0.0334071	0.2766	0.0387055	0.96716	-0.251204	-0.275908	0.251963	0.927572	-9.55437	8.07343	65.3809	
0.959579	0.0341673	0.279357	0.040682	0.965339	-0.257808	-0.278483	0.258752	0.924929	-9.83142	8.32866	66.3067	
0.958746	0.034948	0.282108	0.0426771	0.96347	-0.264395	-0.281042	0.265527	0.922231	-10.111	8.59067	67.2298	
0.957905	0.035749	0.284851	0.0446906	0.961552	-0.270962	-0.283585	0.272286	0.919478	-10.3932	8.85944	68.1502	
0.957057	0.0365701	0.287586	0.0467223	0.959586	-0.277511	-0.286112	0.27903	0.916669	-10.6779	9.13496	69.0678	
0.956201	0.0374112	0.290312	0.048772	0.957572	-0.284039	-0.28862	0.285757	0.913806	-10.9651	9.41721	69.9826	
0.958672	0.0348247	0.282375	0.0554204	0.950613	-0.305391	-0.279064	0.308419	0.909396	-11.2489	9.71416	70.8938	
0.961059	0.0320418	0.274479	0.061843	0.943126	-0.326634	-0.269334	0.330889	0.904418	-11.5229	10.0337	71.8003	
0.963361	0.0290641	0.26663	0.0680357	0.935114	-0.347753	-0.259436	0.353152	0.898875	-11.7872	10.3755	72.7015	
0.965576	0.0258936	0.25883	0.0739947	0.926584	-0.368736	-0.249376	0.375194	0.892771	-12.0415	10.7395	73.597	
0.967702	0.0225321	0.251087	0.0797162	0.917541	-0.389569	-0.23916	0.397003	0.88611	-12.2857	11.1255	74.486	
0.969739	0.0189819	0.243404	0.0851966	0.907989	-0.41024	-0.228795	0.418563	0.878896	-12.5195	11.5331	75.3681	
0.971685	0.0152452	0.235786	0.0904326	0.897936	-0.430735	-0.218287	0.439862	0.871133	-12.743	11.9621	76.2427	
0.97354	0.0113241	0.228238	0.0954209	0.887387	-0.451043	-0.207643	0.460887	0.862826	-12.9558	12.4123	77.1093	
0.9753	0.00722134	0.220764	0.100158	0.876349	-0.471149	-0.196869	0.481623	0.85398	-13.158	12.8833	77.9673	
0.976967	0.00293932	0.21337	0.104642	0.864828	-0.491042	-0.185972	0.502059	0.844601	-13.3493	13.3749	78.8162	
0.978538	-0.00151926	0.20606	0.108869	0.852833	-0.510709	-0.174959	0.522182	0.834695	-13.5297	13.8868	79.6555	
0.980013	-0.00615162	0.198839	0.112837	0.84037	-0.530138	-0.163837	0.541978	0.824267	-13.699	14.4186	80.4846	
0.98139	-0.0109548	0.19171	0.116543	0.827447	-0.549317	-0.152612	0.561437	0.813326	-13.8572	14.9701	81.303	
0.98267	-0.015926	0.184679	0.119985	0.814073	-0.568233	-0.141293	0.580544	0.801876	-14.0041	15.5408	82.1103	
0.98385	-0.0210618	0.17775	0.123161	0.800255	-0.586876	-0.129885	0.599289	0.789925	-14.1396	16.1305	82.9058	
0.984931	-0.0263593	0.170927	0.126069	0.786003	-0.605232	-0.118396	0.617661	0.777482	-14.2637	16.7387	83.6891	
0.985911	-0.031815	0.164214	0.128706	0.771325	-0.623292	-0.106833	0.635646	0.764553	-14.3762	17.3651	84.4598	
0.986791	-0.0374256	0.157616	0.131073	0.75623	-0.641043	-0.0952028	0.653234	0.751147	-14.4772	18.0092	85.2173	
0.987569	-0.0431875	0.151137	0.133166	0.740728	-0.658474	-0.0835137	0.670415	0.737271	-14.5665	18.6707	85.9612	
0.988245	-0.0490972	0.144781	0.134984	0.724829	-0.675576	-0.0717724	0.687177	0.722936	-14.6441	19.3492	86.691	
0.988818	-0.0551509	0.138551	0.136527	0.708542	-0.692336	-0.0599864	0.703511	0.708149	-14.71	20.0442	87.4062	
0.989289	-0.061345	0.132452	0.137794	0.691877	-0.708744	-0.0481628	0.719404	0.69292	-14.764	20.7554	88.1064	
0.989657	-0.0676754	0.126488	0.138783	0.674846	-0.724791	-0.0363092	0.734849	0.677258	-14.8063	21.4822	88.7912	
0.989921	-0.0741383	0.120662	0.139495	0.657458	-0.740466	-0.0244329	0.749835	0.661173	-14.8366	22.2242	89.4601	
0.990082	-0.0807297	0.114977	0.139928	0.639724	-0.75576	-0.0125414	0.764353	0.644676	-14.8551	22.9809	90.1127	
0.99014	-0.0874453	0.109438	0.140082	0.621657	-0.770662	-0.000642071	0.778394	0.627776	-14.8617	23.752	90.7487	
0.990093	-0.0942811	0.104048	0.139958	0.603265	-0.785164	0.0112577	0.791948	0.610485	-14.8564	24.5368	91.3675	
