1	0	0	0	1	0	0	0	1	0	0	0	
1	-6.50966e-07	-0.000692173	-6.50966e-07	0.999998	-0.00188093	0.000692173	0.00188093	0.999998	0.000352029	0.000956617	1.01717	
0.999999	-2.61347e-06	-0.00138693	-2.61316e-06	0.999993	-0.00376846	0.00138693	0.00376846	0.999992	0.00140943	0.00382982	2.03434	
0.999998	-5.90168e-06	-0.00208425	-5.90044e-06	0.999984	-0.00566247	0.00208425	0.00566247	0.999982	0.00317483	0.00862626	3.0515	
0.999996	-1.05296e-05	-0.00278409	-1.05265e-05	0.999971	-0.00756288	0.00278409	0.00756288	0.999968	0.0056508	0.0153525	4.06864	
0.999994	-1.6511e-05	-0.00348641	-1.65047e-05	0.999955	-0.00946959	0.00348641	0.00946959	0.999949	0.00883989	0.024015	5.08577	
0.999991	-2.38595e-05	-0.00419119	-2.38485e-05	0.999935	-0.0113825	0.00419119	0.0113825	0.999926	0.0127446	0.03462	6.10288	
0.999988	-3.25884e-05	-0.00489838	-3.25707e-05	0.999912	-0.0133015	0.00489838	0.0133015	0.9999	0.0173674	0.047174	7.11996	
0.999984	-4.2711e-05	-0.00560795	-4.26844e-05	0.999884	-0.0152265	0.00560795	0.0152265	0.999868	0.0227108	0.061683	8.13702	
0.99998	-5.42401e-05	-0.00631987	-5.4202e-05	0.999853	-0.0171575	0.00631988	0.0171575	0.999833	0.0287771	0.078153	9.15404	
0.999975	-6.71886e-05	-0.00703411	-6.7136e-05	0.999818	-0.0190942	0.00703411	0.0190942	0.999793	0.0355688	0.0965901	10.171	
0.99997	-8.1569e-05	-0.00775062	-8.14986e-05	0.999779	-0.0210367	0.00775062	0.0210367	0.999749	0.0430881	0.117	11.188	
0.999964	-9.73935e-05	-0.00846937	-9.73018e-05	0.999736	-0.0229847	0.00846937	0.0229847	0.9997	0.0513374	0.139389	12.2049	
0.999958	-0.000114674	-0.00919032	-0.000114557	0.999689	-0.0249383	0.00919032	0.0249383	0.999647	0.0603188	0.163762	13.2217	
0.999951	-0.000133423	-0.00991345	-0.000133277	0.999638	-0.0268973	0.00991345	0.0268973	0.999589	0.0700347	0.190125	14.2385	
0.999943	-0.000153652	-0.0106387	-0.000153471	0.999583	-0.0288616	0.0106387	0.0288616	0.999527	0.0804873	0.218483	15.2552	
0.999935	-0.000175372	-0.0113661	-0.000175152	0.999525	-0.0308312	0.0113661	0.0308312	0.99946	0.0916786	0.248842	16.2719	
0.999927	-0.000198595	-0.0120955	-0.000198329	0.999462	-0.0328058	0.0120955	0.0328058	0.999389	0.103611	0.281207	17.2884	
0.999918	-0.000223331	-0.0128269	-0.000223014	0.999395	-0.0347855	0.0128269	0.0347855	0.999312	0.116286	0.315583	18.305	
0.999908	-0.000249591	-0.0135604	-0.000249217	0.999324	-0.0367701	0.0135604	0.0367701	0.999232	0.129706	0.351975	19.3214	
0.999898	-0.000277385	-0.0142958	-0.000276948	0.999249	-0.0387595	0.0142958	0.0387595	0.999146	0.143874	0.390388	20.3377	
0.999887	-0.000306724	-0.0150331	-0.000306217	0.999169	-0.0407536	0.0150331	0.0407536	0.999056	0.15879	0.430827	21.354	
0.999876	-0.000337619	-0.0157723	-0.000337034	0.999086	-0.0427523	0.0157723	0.0427523	0.998961	0.174457	0.473297	22.3702	
0.999864	-0.000370077	-0.0165133	-0.000369407	0.998998	-0.0447556	0.0165133	0.0447556	0.998861	0.190877	0.517802	23.3862	
0.999851	-0.00040411	-0.0172562	-0.000403347	0.998906	-0.0467633	0.0172562	0.0467632	0.998757	0.208052	0.564348	24.4022	
0.999838	-0.000439726	-0.0180008	-0.000438861	0.99881	-0.0487752	0.0180008	0.0487752	0.998648	0.225983	0.612937	25.418	
0.999824	-0.000476935	-0.0187471	-0.000475959	0.998709	-0.0507914	0.0187472	0.0507914	0.998533	0.244672	0.663575	26.4338	
0.99981	-0.000515744	-0.0194952	-0.000514649	0.998604	-0.0528117	0.0194952	0.0528117	0.998414	0.264122	0.716267	27.4494	
0.999795	-0.000556164	-0.0202449	-0.000554938	0.998495	-0.0548361	0.0202449	0.054836	0.99829	0.284333	0.771015	28.4649	
0.999779	-0.000598201	-0.0209963	-0.000596836	0.998382	-0.0568643	0.0209963	0.0568643	0.998161	0.305308	0.827824	29.4803	
0.999763	-0.000641864	-0.0217492	-0.000640349	0.998264	-0.0588963	0.0217492	0.0588963	0.998027	0.327048	0.886698	30.4955	
0.999747	-0.00068716	-0.0225037	-0.000685485	0.998142	-0.060932	0.0225037	0.060932	0.997888	0.349554	0.947641	31.5106	
0.999729	-0.000734098	-0.0232597	-0.00073225	0.998015	-0.0629714	0.0232597	0.0629714	0.997744	0.372829	1.01066	32.5255	
0.999711	-0.000782684	-0.0240171	-0.000780653	0.997884	-0.0650142	0.0240172	0.0650142	0.997595	0.396873	1.07575	33.5403	
0.999693	-0.000832925	-0.024776	-0.000830698	0.997749	-0.0670605	0.0247761	0.0670604	0.997441	0.421689	1.14292	34.555	
0.999674	-0.000884827	-0.0255363	-0.000882393	0.997609	-0.06911	0.0255364	0.0691099	0.997282	0.447277	1.21217	35.5695	
0.999654	-0.000938398	-0.026298	-0.000935743	0.997464	-0.0711627	0.0262981	0.0711627	0.997118	0.473639	1.28351	36.5838	
0.999633	-0.000993644	-0.027061	-0.000990755	0.997315	-0.0732185	0.0270611	0.0732185	0.996949	0.500777	1.35694	37.5979	
0.999612	-0.00105057	-0.0278253	-0.00104743	0.997162	-0.0752773	0.0278254	0.0752773	0.996774	0.528692	1.43247	38.6119	
0.999591	-0.00110918	-0.0285909	-0.00110578	0.997004	-0.077339	0.028591	0.0773389	0.996595	0.557384	1.51009	39.6257	
0.999568	-0.00116948	-0.0293576	-0.00116581	0.996842	-0.0794035	0.0293578	0.0794034	0.99641	0.586856	1.5898	40.6393	
0.999545	-0.00123148	-0.0301255	-0.00122752	0.996675	-0.0814706	0.0301257	0.0814705	0.99622	0.617109	1.67162	41.6528	
0.999522	-0.00129518	-0.0308946	-0.00129091	0.996504	-0.0835403	0.0308948	0.0835403	0.996025	0.648143	1.75554	42.666	
0.999498	-0.00136059	-0.0316648	-0.00135599	0.996328	-0.0856125	0.031665	0.0856124	0.995825	0.67996	1.84157	43.679	
0.999473	-0.0014277	-0.032436	-0.00142277	0.996147	-0.0876871	0.0324362	0.087687	0.99562	0.712561	1.92971	44.6918	
0.999447	-0.00149653	-0.0332083	-0.00149124	0.995962	-0.0897639	0.0332085	0.0897638	0.995409	0.745947	2.01996	45.7045	
0.999421	-0.00156707	-0.0339815	-0.00156142	0.995772	-0.0918429	0.0339818	0.0918428	0.995194	0.780119	2.11232	46.7168	
0.999394	-0.00163934	-0.0347557	-0.00163329	0.995578	-0.093924	0.034756	0.0939238	0.994973	0.815078	2.2068	47.729	
0.999367	-0.00171332	-0.0355308	-0.00170688	0.995379	-0.096007	0.0355311	0.0960069	0.994746	0.850825	2.3034	48.741	
0.999339	-0.00178904	-0.0363068	-0.00178217	0.995176	-0.0980918	0.0363071	0.0980917	0.994515	0.887361	2.40211	49.7527	
0.99931	-0.00186648	-0.0370836	-0.00185917	0.994968	-0.100178	0.037084	0.100178	0.994278	0.924687	2.50295	50.7641	
0.999281	-0.00194566	-0.0378612	-0.00193788	0.994755	-0.102267	0.0378616	0.102267	0.994036	0.962803	2.60591	51.7754	
0.999251	-0.00202656	-0.0386396	-0.00201831	0.994538	-0.104357	0.03864	0.104356	0.993789	1.00171	2.711	52.7864	
0.999221	-0.0021092	-0.0394186	-0.00210045	0.994316	-0.106448	0.0394191	0.106448	0.993537	1.04141	2.81821	53.7971	
0.999189	-0.00219358	-0.0401984	-0.00218431	0.99409	-0.10854	0.0401989	0.10854	0.993279	1.0819	2.92755	54.8075	
0.999157	-0.00227969	-0.0409788	-0.00226988	0.993859	-0.110634	0.0409794	0.110634	0.993016	1.12319	3.03902	55.8177	
0.999125	-0.00236754	-0.0417598	-0.00235717	0.993623	-0.112729	0.0417604	0.112729	0.992748	1.16527	3.15262	56.8277	
0.999092	-0.00245713	-0.0425414	-0.00244618	0.993383	-0.114825	0.0425421	0.114825	0.992474	1.20814	3.26835	57.8373	
0.999058	-0.00254846	-0.0433235	-0.0025369	0.993138	-0.116922	0.0433242	0.116922	0.992196	1.25181	3.38621	58.8467	
0.999023	-0.00264152	-0.0441062	-0.00262934	0.992888	-0.11902	0.0441069	0.11902	0.991912	1.29628	3.50621	59.8558	
0.998988	-0.00273632	-0.0448892	-0.00272349	0.992634	-0.121118	0.04489	0.121118	0.991623	1.34154	3.62834	60.8646	
0.998952	-0.00283286	-0.0456727	-0.00281936	0.992376	-0.123217	0.0456735	0.123217	0.991328	1.3876	3.7526	61.8731	
0.998916	-0.00293114	-0.0464565	-0.00291694	0.992112	-0.125317	0.0464574	0.125317	0.991028	1.43446	3.879	62.8813	
0.998879	-0.00303114	-0.0472407	-0.00301623	0.991845	-0.127417	0.0472417	0.127417	0.990724	1.48211	4.00754	63.8892	
0.998841	-0.00313288	-0.0480252	-0.00311723	0.991572	-0.129517	0.0480262	0.129517	0.990413	1.53057	4.13821	64.8968	
0.998614	-0.00372301	-0.0524943	-0.00324253	0.991246	-0.131985	0.0525261	0.131972	0.989861	1.58171	4.2712	65.9039	
0.998367	-0.00432425	-0.0569611	-0.00337913	0.990914	-0.134453	0.0570249	0.134426	0.989281	1.63742	4.40669	66.9105	
0.998099	-0.00493659	-0.0614254	-0.00352703	0.990576	-0.136921	0.0615224	0.136877	0.988676	1.69771	4.54467	67.9164	
0.997812	-0.00556002	-0.0658871	-0.00368621	0.990231	-0.139388	0.0660184	0.139325	0.988044	1.76258	4.68514	68.9218	
0.997503	-0.0061945	-0.070346	-0.00385663	0.98988	-0.141853	0.0705128	0.141771	0.987385	1.83202	4.8281	69.9264	
0.997175	-0.00684002	-0.0748019	-0.00403828	0.989523	-0.144318	0.0750053	0.144212	0.9867	1.90603	4.97355	70.9304	
0.994958	-0.0105181	-0.0997362	-0.00426084	0.989154	-0.146821	0.100199	0.146506	0.984122	1.99514	5.12141	71.9328	
0.992105	-0.014253	-0.124597	-0.00454732	0.988779	-0.149317	0.125327	0.148705	0.980908	2.10984	5.27156	72.9323	
0.988617	-0.0180424	-0.149369	-0.00489754	0.988398	-0.151804	0.150375	0.150808	0.977059	2.25007	5.4239	73.9281	
0.984496	-0.0218837	-0.174035	-0.00531127	0.988013	-0.154281	0.175325	0.152813	0.972579	2.41572	5.57832	74.9197	
0.979746	-0.0257745	-0.19858	-0.00578824	0.987622	-0.156745	0.200162	0.15472	0.967469	2.6067	5.73474	75.9065	
0.974368	-0.0297123	-0.222988	-0.00632815	0.987227	-0.159196	0.22487	0.156527	0.961734	2.82288	5.89304	76.8877	
0.968368	-0.0336946	-0.247243	-0.00693065	0.986827	-0.161631	0.249432	0.158232	0.955378	3.06411	6.05313	77.8628	
0.961747	-0.0377187	-0.271329	-0.00759534	0.986423	-0.16405	0.273833	0.159835	0.948403	3.33025	6.21491	78.831	
0.954512	-0.041782	-0.295231	-0.0083218	0.986015	-0.166449	0.298056	0.161335	0.940815	3.62112	6.37826	79.7919	
0.946666	-0.045882	-0.318933	-0.00910955	0.985603	-0.168829	0.322087	0.16273	0.932619	3.93654	6.54308	80.7448	
0.938215	-0.050016	-0.34242	-0.0099581	0.985188	-0.171187	0.34591	0.16402	0.92382	4.27629	6.70927	81.689	
0.929164	-0.0541812	-0.365677	-0.0108669	0.98477	-0.173523	0.369509	0.165205	0.914424	4.64016	6.87672	82.6239	
0.919518	-0.0583751	-0.388689	-0.0118353	0.984349	-0.175833	0.392869	0.166282	0.904436	5.02792	7.04532	83.549	
0.909285	-0.0625949	-0.41144	-0.0128628	0.983925	-0.178117	0.415975	0.167252	0.893863	5.43931	7.21496	84.4637	
0.89847	-0.0668378	-0.433917	-0.0139486	0.983499	-0.180374	0.438813	0.168113	0.882713	5.87406	7.38553	85.3673	
0.887082	-0.0711012	-0.456104	-0.0150921	0.983071	-0.182602	0.461366	0.168866	0.870991	6.3319	7.55692	86.2592	
0.875126	-0.0753822	-0.477988	-0.0162925	0.982641	-0.184799	0.483621	0.16951	0.858707	6.81254	7.72902	87.139	
0.862611	-0.0796782	-0.499554	-0.017549	0.98221	-0.186964	0.505564	0.170044	0.845867	7.31565	7.90173	88.0059	
0.849545	-0.0839863	-0.520788	-0.0188609	0.981777	-0.189096	0.527179	0.170468	0.83248	7.84092	8.07492	88.8596	
0.835936	-0.0883037	-0.541676	-0.0202272	0.981344	-0.191193	0.548454	0.170782	0.818555	8.388	8.24848	89.6993	
0.821794	-0.0926276	-0.562205	-0.0216472	0.98091	-0.193255	0.569374	0.170986	0.804101	8.95654	8.42231	90.5246	
0.807127	-0.0969553	-0.582362	-0.0231198	0.980475	-0.195279	0.589925	0.171079	0.789126	9.54617	8.59629	91.3349	
0.791944	-0.101284	-0.602134	-0.0246442	0.980041	-0.197264	0.610096	0.171061	0.773642	10.1565	8.7703	92.1298	
0.776257	-0.105611	-0.621508	-0.0262193	0.979606	-0.199209	0.629871	0.170933	0.757657	10.7872	8.94425	92.9086	
0.760074	-0.109933	-0.640471	-0.0278441	0.979172	-0.201113	0.64924	0.170694	0.741182	11.4378	9.118	93.671	
0.743406	-0.114248	-0.659011	-0.0295176	0.978739	-0.202974	0.668189	0.170345	0.724228	12.1078	9.29146	94.4163	
0.726264	-0.118552	-0.677116	-0.0312387	0.978307	-0.204792	0.686705	0.169885	0.706806	12.7969	9.4645	95.1441	
0.70866	-0.122844	-0.694774	-0.0330063	0.977876	-0.206565	0.704778	0.169316	0.688927	13.5047	9.63703	95.854	
0.690603	-0.127119	-0.711974	-0.0348192	0.977447	-0.208292	0.722395	0.168638	0.670602	14.2305	9.80891	96.5455	
