1	0	0	0	1	0	0	0	1	0	0	0	
1	4.36237e-07	0.000150569	4.36237e-07	0.999983	-0.00579444	-0.000150569	0.00579444	0.999983	-7.97716e-05	0.00306989	1.05959	
1	1.73973e-06	0.000300521	1.74353e-06	0.999933	-0.0115903	-0.000300521	0.0115903	0.999933	-0.000318759	0.0122803	2.11914	
1	3.90354e-06	0.000449848	3.91874e-06	0.999849	-0.0173874	-0.000449848	0.0173874	0.999849	-0.000716304	0.0276327	3.17863	
1	6.92071e-06	0.000598544	6.95872e-06	0.999731	-0.0231855	-0.000598544	0.0231855	0.999731	-0.00127174	0.0491283	4.238	
1	1.07842e-05	0.000746605	1.08602e-05	0.99958	-0.0289844	-0.000746604	0.0289844	0.99958	-0.0019844	0.0767678	5.29724	
1	1.54869e-05	0.000894023	1.562e-05	0.999395	-0.0347838	-0.000894021	0.0347838	0.999394	-0.0028536	0.110552	6.35629	
0.999999	2.10217e-05	0.00104079	2.12347e-05	0.999176	-0.0405835	-0.00104079	0.0405835	0.999176	-0.00387866	0.150482	7.41513	
0.999999	2.73814e-05	0.00118691	2.77009e-05	0.998924	-0.0463833	-0.0011869	0.0463833	0.998923	-0.00505889	0.196557	8.47373	
0.999999	3.45587e-05	0.00133237	3.50153e-05	0.998638	-0.052183	-0.00133236	0.052183	0.998637	-0.00639359	0.248777	9.53203	
0.999999	4.25465e-05	0.00147716	4.31743e-05	0.998318	-0.0579823	-0.00147714	0.0579823	0.998317	-0.00788206	0.307143	10.59	
0.999999	5.13372e-05	0.00162128	5.21745e-05	0.997964	-0.0637811	-0.00162126	0.0637811	0.997963	-0.00952359	0.371653	11.6476	
0.999998	6.09236e-05	0.00176473	6.20122e-05	0.997576	-0.069579	-0.00176469	0.069579	0.997575	-0.0113175	0.442307	12.7049	
0.999998	7.12983e-05	0.00190749	7.26839e-05	0.997155	-0.075376	-0.00190744	0.075376	0.997153	-0.013263	0.519104	13.7617	
0.999998	8.24536e-05	0.00204957	8.41859e-05	0.9967	-0.0811717	-0.0020495	0.0811717	0.996698	-0.0153593	0.602043	14.818	
0.999998	9.43822e-05	0.00219096	9.65144e-05	0.996211	-0.0869659	-0.00219087	0.0869659	0.996209	-0.0176059	0.691122	15.8739	
0.999997	0.000107076	0.00233165	0.000109666	0.995689	-0.0927584	-0.00233153	0.0927584	0.995686	-0.0200019	0.78634	16.9292	
0.999997	0.000120529	0.00247164	0.000123636	0.995132	-0.098549	-0.00247149	0.098549	0.995129	-0.0225465	0.887694	17.9839	
0.999997	0.000134731	0.00261092	0.000138422	0.994542	-0.104337	-0.00261073	0.104337	0.994539	-0.0252391	0.995183	19.038	
0.999996	0.000149677	0.0027495	0.000154018	0.993918	-0.110124	-0.00274926	0.110124	0.993914	-0.0280788	1.1088	20.0915	
0.999996	0.000165357	0.00288735	0.000170422	0.99326	-0.115907	-0.00288706	0.115907	0.993256	-0.0310649	1.22856	21.1443	
0.999995	0.000181765	0.00302449	0.00018763	0.992568	-0.121688	-0.00302413	0.121688	0.992564	-0.0341966	1.35443	22.1964	
0.999995	0.000198892	0.0031609	0.000205636	0.991843	-0.127465	-0.00316046	0.127465	0.991838	-0.0374732	1.48643	23.2477	
0.999995	0.00021673	0.00329657	0.000224438	0.991084	-0.13324	-0.00329606	0.13324	0.991078	-0.0408939	1.62456	24.2983	
0.999994	0.000235272	0.00343152	0.000244031	0.990291	-0.139011	-0.00343091	0.139011	0.990285	-0.0444578	1.76879	25.348	
0.999994	0.00025451	0.00356573	0.000264411	0.989464	-0.144778	-0.00356501	0.144778	0.989458	-0.0481643	1.91915	26.3969	
0.999993	0.000274436	0.00369919	0.000285574	0.988604	-0.150541	-0.00369835	0.150541	0.988597	-0.0520124	2.0756	27.4448	
0.999993	0.000295042	0.0038319	0.000307515	0.98771	-0.1563	-0.00383092	0.1563	0.987702	-0.0560014	2.23817	28.4919	
0.999992	0.000316319	0.00396387	0.00033023	0.986782	-0.162055	-0.00396273	0.162055	0.986774	-0.0601305	2.40683	29.538	
0.999992	0.00033826	0.00409508	0.000353716	0.98582	-0.167805	-0.00409377	0.167805	0.985812	-0.0643988	2.58159	30.583	
0.999991	0.000360857	0.00422553	0.000377966	0.984825	-0.173551	-0.00422403	0.173551	0.984816	-0.0688056	2.76244	31.6271	
0.99999	0.000384101	0.00435521	0.000402978	0.983796	-0.179291	-0.00435351	0.179291	0.983786	-0.0733499	2.94938	32.67	
0.99999	0.000407985	0.00448413	0.000428747	0.982733	-0.185026	-0.0044822	0.185026	0.982723	-0.0780311	3.1424	33.7119	
0.999989	0.0004325	0.00461228	0.000455268	0.981637	-0.190756	-0.00461009	0.190756	0.981627	-0.0828482	3.34148	34.7526	
0.999989	0.000457638	0.00473966	0.000482536	0.980508	-0.19648	-0.00473719	0.19648	0.980496	-0.0878004	3.54664	35.7921	
0.999988	0.000483391	0.00486625	0.000510548	0.979344	-0.202198	-0.00486348	0.202198	0.979333	-0.0928868	3.75786	36.8305	
0.999987	0.00050975	0.00499207	0.000539297	0.978148	-0.20791	-0.00498896	0.20791	0.978135	-0.0981066	3.97514	37.8675	
0.999987	0.000536708	0.0051171	0.000568781	0.976918	-0.213616	-0.00511363	0.213616	0.976904	-0.103459	4.19846	38.9033	
0.999986	0.000564255	0.00524134	0.000598994	0.975654	-0.219315	-0.00523748	0.219315	0.97564	-0.108943	4.42783	39.9378	
0.999985	0.000592384	0.00536479	0.000629931	0.974357	-0.225007	-0.00536051	0.225007	0.974342	-0.114558	4.66323	40.9709	
0.999985	0.000621087	0.00548744	0.000661588	0.973026	-0.230693	-0.00548271	0.230693	0.973011	-0.120303	4.90466	42.0026	
0.999984	0.000650355	0.0056093	0.00069396	0.971663	-0.236371	-0.00560407	0.236371	0.971647	-0.126176	5.15211	43.0328	
0.999983	0.000680179	0.00573036	0.000727042	0.970266	-0.242041	-0.0057246	0.242042	0.970249	-0.132178	5.40557	44.0617	
0.999983	0.000710551	0.00585061	0.000760829	0.968835	-0.247705	-0.00584428	0.247705	0.968818	-0.138307	5.66504	45.089	
0.999982	0.000741463	0.00597006	0.000795316	0.967372	-0.25336	-0.00596312	0.25336	0.967354	-0.144563	5.9305	46.1148	
0.999981	0.000772906	0.00608869	0.000830499	0.965875	-0.259007	-0.00608111	0.259007	0.965856	-0.150944	6.20196	47.139	
0.99998	0.000804872	0.00620652	0.000866372	0.964345	-0.264646	-0.00619824	0.264646	0.964326	-0.15745	6.47939	48.1616	
0.99998	0.000837352	0.00632353	0.00090293	0.962782	-0.270276	-0.0063145	0.270276	0.962762	-0.164079	6.76279	49.1826	
0.999979	0.000870338	0.00643973	0.000940169	0.961187	-0.275898	-0.0064299	0.275898	0.961165	-0.170831	7.05215	50.2018	
0.999978	0.000903821	0.0065551	0.000978083	0.959558	-0.28151	-0.00654443	0.281511	0.959536	-0.177705	7.34747	51.2194	
0.999977	0.000937793	0.00666966	0.00101667	0.957896	-0.287114	-0.00665809	0.287114	0.957873	-0.184699	7.64872	52.2353	
0.999977	0.000972245	0.00678339	0.00105592	0.956201	-0.292708	-0.00677087	0.292708	0.956178	-0.191814	7.95591	53.2493	
0.999976	0.00100717	0.00689629	0.00109582	0.954474	-0.298293	-0.00688276	0.298293	0.954449	-0.199048	8.26902	54.2616	
0.999975	0.00104256	0.00700837	0.00113639	0.952714	-0.303868	-0.00699377	0.303868	0.952688	-0.206399	8.58805	55.272	
0.999974	0.0010784	0.00711961	0.0011776	0.950921	-0.309433	-0.00710388	0.309433	0.950895	-0.213868	8.91298	56.2805	
0.999973	0.00111468	0.00723003	0.00121946	0.949095	-0.314987	-0.00721309	0.314988	0.949068	-0.221453	9.24379	57.2871	
0.999972	0.00115141	0.00733961	0.00126195	0.947237	-0.320532	-0.00732141	0.320532	0.947209	-0.229154	9.58049	58.2918	
0.999972	0.00118856	0.00744835	0.00130508	0.945346	-0.326065	-0.00742882	0.326066	0.945318	-0.236968	9.92306	59.2944	
0.999971	0.00122614	0.00755626	0.00134884	0.943423	-0.331588	-0.00753532	0.331588	0.943394	-0.244896	10.2715	60.2951	
0.99997	0.00126412	0.00766332	0.00139322	0.941468	-0.3371	-0.00764091	0.3371	0.941438	-0.252937	10.6258	61.2936	
0.999969	0.00130251	0.00776955	0.00143821	0.93948	-0.3426	-0.00774558	0.342601	0.939449	-0.261089	10.9859	62.2901	
0.999968	0.00134129	0.00787494	0.00148382	0.93746	-0.348089	-0.00784933	0.34809	0.937428	-0.269351	11.3518	63.2845	
0.999967	0.00138046	0.00797948	0.00153004	0.935408	-0.353567	-0.00795215	0.353567	0.935375	-0.277722	11.7235	64.2767	
0.999966	0.00142	0.00808318	0.00157685	0.933324	-0.359032	-0.00805405	0.359033	0.93329	-0.286202	12.1011	65.2667	
0.999965	0.00145991	0.00818603	0.00162426	0.931208	-0.364486	-0.00815501	0.364486	0.931173	-0.29479	12.4844	66.2545	
0.999965	0.00150019	0.00828803	0.00167226	0.929059	-0.369927	-0.00825503	0.369928	0.929024	-0.303484	12.8735	67.24	
0.999989	9.58529e-05	0.00478921	0.00170725	0.927012	-0.375027	-0.00447561	0.375031	0.927001	-0.310229	13.2682	68.2234	
0.999998	-0.00132779	0.00129786	0.00172146	0.924937	-0.380117	-0.000695725	0.380118	0.924938	-0.312968	13.6682	69.2045	
0.999669	-0.0113243	-0.0231118	0.00175155	0.92585	-0.377888	0.0256774	0.377722	0.925563	-0.299732	14.0698	70.185	
0.998644	-0.0212542	-0.0475294	0.00184516	0.926757	-0.375658	0.0520324	0.37506	0.925539	-0.25856	14.4686	71.1657	
0.996924	-0.0311103	-0.0719377	0.00200223	0.927657	-0.373429	0.078351	0.372136	0.924865	-0.189479	14.8645	72.1461	
0.99451	-0.0408858	-0.0963198	0.00222263	0.92855	-0.371202	0.104615	0.36895	0.923543	-0.0925382	15.2571	73.1255	
0.991405	-0.0505739	-0.120658	0.00250623	0.929434	-0.368979	0.130805	0.365505	0.921572	0.0321938	15.6463	74.1031	
0.98761	-0.0601677	-0.144936	0.00285281	0.93031	-0.366762	0.156903	0.361804	0.918955	0.18463	16.0316	75.0782	
0.983128	-0.0696606	-0.169137	0.00326213	0.931177	-0.364552	0.182891	0.357849	0.915693	0.364663	16.4129	76.0503	
0.977962	-0.0790458	-0.193243	0.00373392	0.932034	-0.362351	0.208751	0.353643	0.911789	0.572167	16.7899	77.0185	
0.972115	-0.0883167	-0.217238	0.00426783	0.932881	-0.360159	0.234465	0.349189	0.907245	0.806995	17.1623	77.9823	
0.965593	-0.0974669	-0.241104	0.00486349	0.933717	-0.35798	0.260014	0.34449	0.902064	1.06898	17.5298	78.9409	
0.958398	-0.10649	-0.264825	0.00552048	0.934541	-0.355814	0.28538	0.339549	0.89625	1.35795	17.8922	79.8937	
0.950538	-0.11538	-0.288385	0.00623835	0.935352	-0.353662	0.310547	0.33437	0.889808	1.67369	18.2493	80.84	
0.942016	-0.124129	-0.311766	0.00701659	0.936152	-0.351527	0.335495	0.328956	0.882741	2.01598	18.6007	81.7792	
0.932839	-0.132733	-0.334953	0.00785466	0.936937	-0.349409	0.360208	0.323312	0.875054	2.38459	18.9463	82.7105	
0.923013	-0.141185	-0.357929	0.00875195	0.937709	-0.347311	0.384668	0.31744	0.866754	2.77924	19.2858	83.6334	
0.912546	-0.14948	-0.380678	0.00970786	0.938467	-0.345234	0.408859	0.311346	0.857845	3.19968	19.619	84.5471	
0.901444	-0.15761	-0.403184	0.0107217	0.939209	-0.343178	0.432762	0.305033	0.848335	3.64559	19.9455	85.4511	
0.889716	-0.165571	-0.425431	0.0117928	0.939936	-0.341147	0.456362	0.298507	0.838229	4.11667	20.2653	86.3447	
0.877369	-0.173358	-0.447404	0.0129203	0.940647	-0.33914	0.479641	0.29177	0.827535	4.6126	20.5781	87.2273	
0.864413	-0.180963	-0.469087	0.0141035	0.941342	-0.33716	0.502584	0.28483	0.81626	5.13301	20.8836	88.0982	
0.850856	-0.188383	-0.490465	0.0153416	0.942019	-0.335207	0.525175	0.277689	0.804413	5.67754	21.1816	88.9569	
0.836708	-0.195613	-0.511523	0.0166336	0.94268	-0.333284	0.547397	0.270353	0.792001	6.24582	21.472	89.8027	
0.821979	-0.202646	-0.532246	0.0179787	0.943322	-0.331392	0.569234	0.262828	0.779034	6.83745	21.7545	90.6351	
0.806679	-0.209478	-0.55262	0.019376	0.943946	-0.329531	0.590673	0.255118	0.76552	7.452	22.0289	91.4534	
0.790818	-0.216104	-0.57263	0.0208244	0.944551	-0.327704	0.611697	0.247229	0.751468	8.08905	22.295	92.2572	
0.774409	-0.22252	-0.592263	0.0223229	0.945137	-0.325911	0.632291	0.239167	0.73689	8.74815	22.5527	93.0458	
0.757462	-0.228721	-0.611504	0.0238706	0.945703	-0.324154	0.652442	0.230937	0.721794	9.42884	22.8018	93.8186	
0.73999	-0.234703	-0.630341	0.0254662	0.946249	-0.322434	0.672136	0.222545	0.706192	10.1306	23.0421	94.5752	
0.722004	-0.240461	-0.648759	0.0271087	0.946775	-0.320752	0.691357	0.213997	0.690095	10.8531	23.2734	95.315	
0.703518	-0.245992	-0.666746	0.0287969	0.94728	-0.319109	0.710094	0.205299	0.673513	11.5956	23.4955	96.0375	
0.684544	-0.251292	-0.684289	0.0305297	0.947764	-0.317507	0.728332	0.196456	0.656458	12.3577	23.7084	96.7421	
0.665096	-0.256356	-0.701377	0.0323058	0.948227	-0.315946	0.746059	0.187476	0.638943	13.1389	23.9118	97.4285	
