1	0	0	0	1	0	0	0	1	0	0	0	
0.999998	-3.17078e-06	0.00211727	-3.17078e-06	0.999996	0.00299515	-0.00211727	-0.00299515	0.999993	-0.00077366	-0.00109444	0.730806	
0.999991	-1.26823e-05	0.00423359	-1.26918e-05	0.999982	0.00599345	-0.00423359	-0.00599345	0.999973	-0.00309429	-0.00437892	1.4616	
0.99998	-2.85355e-05	0.0063489	-2.85736e-05	0.99996	0.00899485	-0.0063489	-0.00899485	0.999939	-0.00696118	-0.00985571	2.19238	
0.999964	-5.07309e-05	0.00846316	-5.08264e-05	0.999928	0.0119993	-0.00846316	-0.0119993	0.999892	-0.0123736	-0.0175271	2.92313	
0.999944	-7.92689e-05	0.0105763	-7.946e-05	0.999887	0.0150067	-0.0105763	-0.0150067	0.999831	-0.0193307	-0.0273951	3.65384	
0.999919	-0.00011415	0.0126884	-0.000114484	0.999838	0.018017	-0.0126884	-0.018017	0.999757	-0.0278317	-0.0394621	4.38449	
0.99989	-0.000155373	0.0147992	-0.000155908	0.999779	0.0210301	-0.0147992	-0.0210301	0.999669	-0.0378758	-0.0537301	5.11509	
0.999857	-0.000202937	0.0169088	-0.000203741	0.999711	0.0240461	-0.0169088	-0.0240461	0.999568	-0.049462	-0.0702012	5.84562	
0.999819	-0.000256843	0.0190172	-0.000257992	0.999634	0.0270647	-0.0190171	-0.0270647	0.999453	-0.0625895	-0.0888773	6.57607	
0.999777	-0.000317088	0.0211242	-0.000318669	0.999547	0.030086	-0.0211241	-0.0300861	0.999324	-0.0772573	-0.10976	7.30644	
0.99973	-0.000383672	0.0232298	-0.00038578	0.999452	0.03311	-0.0232298	-0.03311	0.999182	-0.0934644	-0.132853	8.0367	
0.999679	-0.000456593	0.025334	-0.000459334	0.999347	0.0361364	-0.025334	-0.0361365	0.999026	-0.11121	-0.158156	8.76685	
0.999623	-0.000535848	0.0274368	-0.000539339	0.999233	0.0391654	-0.0274367	-0.0391654	0.998856	-0.130493	-0.185671	9.49689	
0.999563	-0.000621435	0.029538	-0.000625801	0.999109	0.0421967	-0.029538	-0.0421968	0.998673	-0.151311	-0.215401	10.2268	
0.999499	-0.000713352	0.0316378	-0.000718727	0.998976	0.0452304	-0.0316376	-0.0452305	0.998475	-0.173665	-0.247348	10.9566	
0.99943	-0.000811596	0.0337359	-0.000818126	0.998834	0.0482664	-0.0337357	-0.0482665	0.998265	-0.197553	-0.281512	11.6862	
0.999357	-0.000916163	0.0358323	-0.000924003	0.998683	0.0513046	-0.0358321	-0.0513048	0.99804	-0.222973	-0.317896	12.4156	
0.99928	-0.00102705	0.0379271	-0.00103636	0.998522	0.054345	-0.0379269	-0.0543452	0.997802	-0.249925	-0.356501	13.1449	
0.999198	-0.00114426	0.0400202	-0.00115522	0.998351	0.0573875	-0.0400199	-0.0573877	0.99755	-0.278407	-0.397328	13.874	
0.999112	-0.00126777	0.0421115	-0.00128057	0.998171	0.0604321	-0.0421111	-0.0604323	0.997284	-0.308418	-0.44038	14.603	
0.999022	-0.0013976	0.044201	-0.00141242	0.997982	0.0634786	-0.0442005	-0.0634789	0.997004	-0.339957	-0.485658	15.3317	
0.998927	-0.00153373	0.0462886	-0.00155078	0.997783	0.066527	-0.046288	-0.0665274	0.99671	-0.373022	-0.533163	16.0602	
0.998828	-0.00167616	0.0483743	-0.00169565	0.997575	0.0695773	-0.0483736	-0.0695777	0.996403	-0.407612	-0.582896	16.7885	
0.998725	-0.00182488	0.050458	-0.00184703	0.997357	0.0726293	-0.0504572	-0.0726299	0.996082	-0.443725	-0.63486	17.5165	
0.998617	-0.00197989	0.0525398	-0.00200494	0.99713	0.0756831	-0.0525389	-0.0756838	0.995747	-0.48136	-0.689054	18.2444	
0.998505	-0.00214118	0.0546195	-0.00216938	0.996893	0.0787386	-0.0546184	-0.0787393	0.995398	-0.520516	-0.745481	18.9719	
0.998389	-0.00230875	0.0566972	-0.00234034	0.996646	0.0817956	-0.0566959	-0.0817965	0.995035	-0.561191	-0.804142	19.6993	
0.998268	-0.00248259	0.0587727	-0.00251784	0.99639	0.0848542	-0.0587712	-0.0848553	0.994658	-0.603383	-0.865037	20.4263	
0.998144	-0.0026627	0.0608461	-0.00270188	0.996124	0.0879143	-0.0608444	-0.0879155	0.994268	-0.647091	-0.928168	21.1531	
0.998015	-0.00284906	0.0629173	-0.00289245	0.995849	0.0909758	-0.0629153	-0.0909772	0.993864	-0.692313	-0.993536	21.8795	
0.997882	-0.00304168	0.0649862	-0.00308957	0.995564	0.0940386	-0.0649839	-0.0940402	0.993445	-0.739048	-1.06114	22.6057	
0.997744	-0.00324054	0.0670528	-0.00329323	0.995269	0.0971027	-0.0670502	-0.0971045	0.993013	-0.787294	-1.13099	23.3316	
0.997603	-0.00344563	0.0691171	-0.00350344	0.994964	0.100168	-0.0691142	-0.10017	0.992567	-0.837049	-1.20307	24.0571	
0.997457	-0.00365695	0.071179	-0.0037202	0.99465	0.103235	-0.0711757	-0.103237	0.992107	-0.888312	-1.2774	24.7823	
0.997307	-0.0038745	0.0732385	-0.00394352	0.994326	0.106302	-0.0732348	-0.106305	0.991633	-0.94108	-1.35397	25.5072	
0.997153	-0.00409825	0.0752955	-0.00417338	0.993992	0.109371	-0.0752914	-0.109374	0.991145	-0.995352	-1.43278	26.2317	
0.996995	-0.00432821	0.07735	-0.0044098	0.993649	0.11244	-0.0773454	-0.112444	0.990643	-1.05113	-1.51383	26.9559	
0.996832	-0.00456437	0.079402	-0.00465277	0.993295	0.115511	-0.0793969	-0.115514	0.990128	-1.1084	-1.59713	27.6796	
0.996666	-0.00480671	0.0814514	-0.00490231	0.992932	0.118582	-0.0814457	-0.118586	0.989598	-1.16717	-1.68267	28.403	
0.996495	-0.00505522	0.0834982	-0.00515839	0.992559	0.121654	-0.0834919	-0.121659	0.989054	-1.22744	-1.77045	29.126	
0.99632	-0.00530991	0.0855423	-0.00542104	0.992176	0.124727	-0.0855354	-0.124732	0.988497	-1.28921	-1.86049	29.8486	
0.996142	-0.00557075	0.0875837	-0.00569024	0.991784	0.127801	-0.0875761	-0.127806	0.987925	-1.35246	-1.95276	30.5708	
0.995959	-0.00583774	0.0896224	-0.005966	0.991381	0.130875	-0.089614	-0.130881	0.98734	-1.41721	-2.04729	31.2926	
0.995772	-0.00611086	0.0916583	-0.00624831	0.990968	0.133949	-0.091649	-0.133956	0.98674	-1.48344	-2.14406	32.014	
0.995581	-0.00639012	0.0936913	-0.00653718	0.990546	0.137024	-0.0936812	-0.137031	0.986127	-1.55116	-2.24308	32.7348	
0.995386	-0.00667549	0.0957215	-0.0068326	0.990114	0.1401	-0.0957104	-0.140107	0.9855	-1.62037	-2.34435	33.4553	
0.995187	-0.00696696	0.0977488	-0.00713458	0.989672	0.143176	-0.0977367	-0.143184	0.984858	-1.69105	-2.44786	34.1753	
0.994984	-0.00726453	0.0997731	-0.00744311	0.989219	0.146252	-0.0997599	-0.146261	0.984203	-1.76322	-2.55363	34.8948	
0.994777	-0.00756818	0.101794	-0.00775819	0.988757	0.149328	-0.10178	-0.149338	0.983534	-1.83686	-2.66164	35.6138	
0.994566	-0.0078779	0.103813	-0.00807981	0.988285	0.152404	-0.103797	-0.152415	0.982851	-1.91198	-2.7719	36.3323	
0.994351	-0.00819368	0.105828	-0.00840798	0.987803	0.155481	-0.105811	-0.155492	0.982154	-1.98857	-2.88441	37.0503	
0.99435	-0.00819539	0.105839	-0.00892464	0.987032	0.160275	-0.10578	-0.160314	0.981382	-2.06589	-2.99981	37.7678	
0.994348	-0.00819802	0.105854	-0.00944224	0.986236	0.165076	-0.105751	-0.165143	0.980584	-2.14318	-3.11874	38.4847	
0.994346	-0.0082016	0.105875	-0.00996074	0.985414	0.169883	-0.105724	-0.169977	0.97976	-2.22046	-3.24119	39.2011	
0.994343	-0.00820615	0.105901	-0.0104801	0.984567	0.174694	-0.1057	-0.174816	0.978911	-2.29771	-3.36718	39.9168	
0.994339	-0.00821173	0.105932	-0.0110004	0.983694	0.179511	-0.105679	-0.17966	0.978036	-2.37495	-3.49671	40.6318	
0.994336	-0.00821835	0.105968	-0.0115216	0.982796	0.184333	-0.10566	-0.184509	0.977135	-2.45218	-3.62978	41.3463	
0.994331	-0.00822605	0.106008	-0.0120436	0.981873	0.189158	-0.105642	-0.189363	0.976208	-2.52939	-3.76639	42.06	
0.994326	-0.00823486	0.106053	-0.0125664	0.980923	0.193988	-0.105627	-0.19422	0.975255	-2.60659	-3.90655	42.7731	
0.994321	-0.0082448	0.106102	-0.0130901	0.979948	0.198821	-0.105614	-0.19908	0.974275	-2.68377	-4.05027	43.4855	
0.994315	-0.00825589	0.106156	-0.0136146	0.978948	0.203657	-0.105602	-0.203944	0.97327	-2.76095	-4.19753	44.1971	
0.994309	-0.00826816	0.106213	-0.0141398	0.977921	0.208495	-0.105592	-0.20881	0.972239	-2.83813	-4.34836	44.908	
0.994302	-0.00828163	0.106275	-0.0146659	0.976869	0.213336	-0.105584	-0.213679	0.971181	-2.91529	-4.50274	45.6181	
0.994295	-0.00829631	0.106341	-0.0151926	0.975791	0.218179	-0.105577	-0.21855	0.970098	-2.99245	-4.66067	46.3275	
0.994287	-0.00831223	0.106411	-0.0157201	0.974686	0.223023	-0.105571	-0.223422	0.968988	-3.0696	-4.82217	47.036	
0.994279	-0.00832941	0.106485	-0.0162484	0.973556	0.227869	-0.105567	-0.228295	0.967852	-3.14675	-4.98723	47.7438	
0.994271	-0.00834784	0.106562	-0.0167773	0.9724	0.232715	-0.105564	-0.23317	0.966689	-3.2239	-5.15585	48.4507	
0.994262	-0.00836755	0.106643	-0.0173069	0.971218	0.237562	-0.105561	-0.238044	0.965501	-3.30105	-5.32804	49.1567	
0.994253	-0.00838854	0.106727	-0.0178371	0.97001	0.242409	-0.10556	-0.242919	0.964286	-3.37819	-5.50378	49.8619	
0.994243	-0.00841082	0.106815	-0.018368	0.968776	0.247255	-0.105559	-0.247794	0.963045	-3.45534	-5.68309	50.5661	
0.994233	-0.0084344	0.106905	-0.0188995	0.967516	0.252101	-0.105559	-0.252668	0.961778	-3.53248	-5.86596	51.2694	
0.994223	-0.00845927	0.106999	-0.0194316	0.96623	0.256946	-0.105559	-0.257541	0.960484	-3.60962	-6.0524	51.9719	
0.994213	-0.00848545	0.107096	-0.0199642	0.964919	0.261789	-0.10556	-0.262412	0.959165	-3.68677	-6.24239	52.6733	
0.994202	-0.00851292	0.107195	-0.0204974	0.963581	0.266631	-0.105561	-0.267282	0.957819	-3.76391	-6.43594	53.3738	
0.99419	-0.00854169	0.107297	-0.0210312	0.962217	0.27147	-0.105562	-0.272149	0.956447	-3.84106	-6.63305	54.0733	
0.994179	-0.00857175	0.107402	-0.0215654	0.960827	0.276307	-0.105563	-0.277015	0.955049	-3.9182	-6.83372	54.7717	
0.994167	-0.0086031	0.107509	-0.0221001	0.959412	0.281141	-0.105564	-0.281877	0.953626	-3.99535	-7.03794	55.4692	
0.994155	-0.00863572	0.107618	-0.0226353	0.957971	0.285972	-0.105565	-0.286736	0.952176	-4.0725	-7.24572	56.1656	
0.994142	-0.00866961	0.10773	-0.0231709	0.956504	0.290799	-0.105565	-0.291592	0.9507	-4.14965	-7.45704	56.8609	
0.99413	-0.00870474	0.107843	-0.0237069	0.955011	0.295623	-0.105565	-0.296444	0.949198	-4.22679	-7.67191	57.5551	
0.994117	-0.00874112	0.107959	-0.0242433	0.953492	0.300442	-0.105564	-0.301291	0.947671	-4.30394	-7.89033	58.2482	
0.994104	-0.00877871	0.108076	-0.02478	0.951948	0.305256	-0.105562	-0.306134	0.946117	-4.38109	-8.11228	58.9402	
0.994091	-0.00881749	0.108195	-0.0253171	0.950378	0.310066	-0.10556	-0.310973	0.944539	-4.45823	-8.33778	59.6311	
0.994077	-0.00885746	0.108315	-0.0258545	0.948783	0.31487	-0.105556	-0.315806	0.942934	-4.53538	-8.5668	60.3208	
0.994064	-0.00889858	0.108437	-0.0263921	0.947162	0.319669	-0.105552	-0.320633	0.941304	-4.61252	-8.79936	61.0093	
0.99405	-0.00894082	0.10856	-0.02693	0.945516	0.324461	-0.105546	-0.325454	0.939649	-4.68965	-9.03545	61.6966	
0.994036	-0.00898416	0.108684	-0.0274681	0.943844	0.329248	-0.105539	-0.330269	0.937968	-4.76678	-9.27505	62.3827	
0.994022	-0.00902858	0.108809	-0.0280063	0.942147	0.334027	-0.10553	-0.335078	0.936262	-4.84391	-9.51817	63.0675	
0.994007	-0.00907403	0.108935	-0.0285448	0.940425	0.3388	-0.105519	-0.339879	0.934531	-4.92103	-9.7648	63.7511	
0.993993	-0.00912048	0.109062	-0.0290833	0.938678	0.343565	-0.105507	-0.344674	0.932775	-4.99814	-10.0149	64.4335	
0.993979	-0.00916791	0.109189	-0.0296219	0.936906	0.348323	-0.105493	-0.34946	0.930993	-5.07524	-10.2686	65.1145	
0.993964	-0.00921626	0.109317	-0.0301606	0.93511	0.353073	-0.105477	-0.354239	0.929187	-5.15233	-10.5257	65.7942	
0.99395	-0.0092655	0.109445	-0.0306993	0.933288	0.357814	-0.105459	-0.359009	0.927357	-5.2294	-10.7863	66.4726	
0.993935	-0.00931558	0.109573	-0.031238	0.931442	0.362547	-0.105439	-0.363771	0.925502	-5.30647	-11.0504	67.1496	
0.99392	-0.00936647	0.109702	-0.0317767	0.929571	0.367271	-0.105416	-0.368524	0.923622	-5.38351	-11.318	67.8253	
0.993906	-0.00941812	0.10983	-0.0323153	0.927676	0.371986	-0.10539	-0.373268	0.921718	-5.46054	-11.5891	68.4996	
0.993891	-0.00947048	0.109959	-0.0328537	0.925756	0.376691	-0.105362	-0.378002	0.91979	-5.53755	-11.8636	69.1725	
0.993876	-0.00952349	0.110087	-0.0333921	0.923813	0.381386	-0.105332	-0.382726	0.917838	-5.61454	-12.1416	69.844	
0.995134	-0.00457239	0.0984227	-0.0346862	0.918719	0.393387	-0.0922215	-0.394886	0.91409	-5.68673	-12.4257	70.5134	
