1	0	0	0	1	0	0	0	1	0	0	0	
1	-8.97819e-08	0.000106404	-8.97819e-08	0.999999	0.00168757	-0.000106404	-0.00168757	0.999999	-5.11061e-05	-0.000810543	0.960606	
1	-3.60982e-07	0.000213502	-3.60002e-07	0.999994	0.00337693	-0.000213502	-0.00337693	0.999994	-0.000204758	-0.00324304	1.92121	
1	-8.16121e-07	0.000321291	-8.12197e-07	0.999987	0.00506802	-0.000321291	-0.00506802	0.999987	-0.000461621	-0.00729917	2.88181	
1	-1.4577e-06	0.000429766	-1.44788e-06	0.999977	0.00676076	-0.000429766	-0.00676076	0.999977	-0.000822356	-0.0129806	3.84239	
1	-2.2882e-06	0.000538926	-2.26854e-06	0.999964	0.00845507	-0.000538926	-0.00845507	0.999964	-0.00128762	-0.0202888	4.80297	
1	-3.31007e-06	0.000648764	-3.27563e-06	0.999948	0.0101509	-0.000648764	-0.0101509	0.999948	-0.00185807	-0.0292253	5.76354	
1	-4.52575e-06	0.000759279	-4.4706e-06	0.99993	0.0118481	-0.000759279	-0.0118481	0.99993	-0.00253436	-0.0397915	6.72408	
1	-5.93765e-06	0.000870465	-5.85484e-06	0.999908	0.0135467	-0.000870466	-0.0135467	0.999908	-0.00331713	-0.0519887	7.68461	
1	-7.54814e-06	0.00098232	-7.42975e-06	0.999884	0.0152466	-0.00098232	-0.0152466	0.999883	-0.00420703	-0.0658182	8.64512	
0.999999	-9.35959e-06	0.00109484	-9.19667e-06	0.999856	0.0169476	-0.00109484	-0.0169476	0.999856	-0.0052047	-0.0812812	9.6056	
0.999999	-1.13743e-05	0.00120802	-1.11569e-05	0.999826	0.0186498	-0.00120802	-0.0186498	0.999825	-0.00631077	-0.0983788	10.5661	
0.999999	-1.35947e-05	0.00132185	-1.33118e-05	0.999793	0.0203531	-0.00132185	-0.0203531	0.999792	-0.00752587	-0.117112	11.5265	
0.999999	-1.60229e-05	0.00143633	-1.56626e-05	0.999757	0.0220573	-0.00143634	-0.0220573	0.999756	-0.00885064	-0.137482	12.4869	
0.999999	-1.86612e-05	0.00155146	-1.82105e-05	0.999718	0.0237624	-0.00155147	-0.0237624	0.999716	-0.0102857	-0.159489	13.4472	
0.999999	-2.15119e-05	0.00166724	-2.09568e-05	0.999676	0.0254683	-0.00166724	-0.0254683	0.999674	-0.0118316	-0.183135	14.4075	
0.999998	-2.45771e-05	0.00178365	-2.39026e-05	0.999631	0.027175	-0.00178366	-0.027175	0.999629	-0.0134891	-0.208419	15.3678	
0.999998	-2.7859e-05	0.00190069	-2.70491e-05	0.999583	0.0288823	-0.0019007	-0.0288823	0.999581	-0.0152587	-0.235344	16.328	
0.999998	-3.13596e-05	0.00201837	-3.03974e-05	0.999532	0.0305902	-0.00201838	-0.0305902	0.99953	-0.0171411	-0.263909	17.2882	
0.999998	-3.50813e-05	0.00213666	-3.39485e-05	0.999478	0.0322987	-0.00213668	-0.0322987	0.999476	-0.0191368	-0.294115	18.2483	
0.999997	-3.90258e-05	0.00225558	-3.77036e-05	0.999422	0.0340076	-0.0022556	-0.0340076	0.999419	-0.0212464	-0.325962	19.2084	
0.999997	-4.31954e-05	0.0023751	-4.16636e-05	0.999362	0.0357169	-0.00237513	-0.0357169	0.999359	-0.0234706	-0.359451	20.1684	
0.999997	-4.7592e-05	0.00249524	-4.58296e-05	0.999299	0.0374265	-0.00249527	-0.0374265	0.999296	-0.0258098	-0.394582	21.1284	
0.999997	-5.22175e-05	0.00261598	-5.02024e-05	0.999234	0.0391363	-0.00261602	-0.0391362	0.99923	-0.0282648	-0.431355	22.0883	
0.999996	-5.70739e-05	0.00273732	-5.47831e-05	0.999165	0.0408462	-0.00273737	-0.0408462	0.999162	-0.030836	-0.469771	23.0481	
0.999996	-6.21631e-05	0.00285925	-5.95724e-05	0.999094	0.0425562	-0.00285931	-0.0425562	0.99909	-0.0335242	-0.509829	24.0079	
0.999996	-6.74869e-05	0.00298178	-6.45713e-05	0.99902	0.0442662	-0.00298184	-0.0442662	0.999015	-0.0363297	-0.55153	24.9676	
0.999995	-7.30472e-05	0.00310488	-6.97806e-05	0.998943	0.0459761	-0.00310495	-0.0459761	0.998938	-0.0392532	-0.594874	25.9272	
0.999995	-7.88456e-05	0.00322856	-7.5201e-05	0.998862	0.0476858	-0.00322865	-0.0476858	0.998857	-0.0422952	-0.63986	26.8868	
0.999994	-8.4884e-05	0.00335281	-8.08333e-05	0.998779	0.0493954	-0.00335291	-0.0493954	0.998774	-0.0454564	-0.686488	27.8462	
0.999994	-9.11641e-05	0.00347763	-8.66783e-05	0.998693	0.0511046	-0.00347774	-0.0511046	0.998687	-0.0487372	-0.734759	28.8056	
0.999994	-9.76875e-05	0.00360301	-9.27365e-05	0.998604	0.0528134	-0.00360314	-0.0528134	0.998598	-0.0521381	-0.784671	29.7649	
0.999993	-0.000104456	0.00372894	-9.90086e-05	0.998513	0.0545218	-0.00372909	-0.0545218	0.998506	-0.0556598	-0.836224	30.7241	
0.999993	-0.00011147	0.00385542	-0.000105495	0.998418	0.0562296	-0.00385559	-0.0562296	0.99841	-0.0593028	-0.889418	31.6833	
0.999992	-0.000118733	0.00398244	-0.000112197	0.99832	0.0579368	-0.00398263	-0.0579368	0.998312	-0.0630675	-0.944253	32.6423	
0.999992	-0.000126246	0.00411	-0.000119115	0.99822	0.0596434	-0.00411021	-0.0596434	0.998211	-0.0669545	-1.00073	33.6012	
0.999991	-0.000134009	0.00423809	-0.000126248	0.998116	0.0613492	-0.00423833	-0.0613491	0.998107	-0.0709643	-1.05884	34.5601	
0.99999	-0.000142025	0.00436671	-0.000133598	0.99801	0.0630541	-0.00436697	-0.0630541	0.998001	-0.0750975	-1.11859	35.5188	
0.99999	-0.000150294	0.00449584	-0.000141165	0.997901	0.0647581	-0.00449614	-0.0647581	0.997891	-0.0793545	-1.17998	36.4774	
0.999989	-0.000158818	0.00462548	-0.00014895	0.997789	0.0664612	-0.00462581	-0.0664612	0.997778	-0.0837358	-1.24301	37.436	
0.999989	-0.000167599	0.00475564	-0.000156952	0.997674	0.0681632	-0.004756	-0.0681632	0.997663	-0.0882419	-1.30767	38.3944	
0.999988	-0.000176637	0.00488628	-0.000165172	0.997557	0.0698641	-0.00488669	-0.069864	0.997545	-0.0928733	-1.37396	39.3527	
0.999987	-0.000185934	0.00501743	-0.00017361	0.997436	0.0715637	-0.00501787	-0.0715637	0.997423	-0.0976305	-1.44189	40.3109	
0.999987	-0.000195491	0.00514905	-0.000182267	0.997313	0.0732621	-0.00514954	-0.0732621	0.997299	-0.102514	-1.51145	41.2689	
0.999986	-0.000205309	0.00528116	-0.000191143	0.997187	0.0749591	-0.00528169	-0.0749591	0.997173	-0.107524	-1.58264	42.2269	
0.999985	-0.000215388	0.00541374	-0.000200237	0.997058	0.0766547	-0.00541432	-0.0766547	0.997043	-0.112661	-1.65546	43.1847	
0.999985	-0.000225731	0.00554679	-0.00020955	0.996926	0.0783488	-0.00554742	-0.0783487	0.996911	-0.117926	-1.72991	44.1424	
0.999984	-0.000236337	0.00568029	-0.000219083	0.996792	0.0800413	-0.00568098	-0.0800412	0.996775	-0.123319	-1.80598	45.1	
0.999983	-0.000247208	0.00581425	-0.000228834	0.996654	0.0817321	-0.005815	-0.0817321	0.996637	-0.128841	-1.88368	46.0574	
0.999982	-0.000258345	0.00594865	-0.000238804	0.996514	0.0834213	-0.00594947	-0.0834212	0.996497	-0.134491	-1.96301	47.0147	
0.999981	-0.000269748	0.00608349	-0.000248993	0.996372	0.0851086	-0.00608438	-0.0851085	0.996353	-0.140271	-2.04395	47.9719	
0.999981	-0.000281418	0.00621876	-0.0002594	0.996226	0.086794	-0.00621972	-0.086794	0.996207	-0.146181	-2.12652	48.929	
0.99998	-0.000293356	0.00635446	-0.000270027	0.996078	0.0884775	-0.00635549	-0.0884775	0.996058	-0.152221	-2.2107	49.8858	
0.999979	-0.000305563	0.00649057	-0.000280871	0.995927	0.090159	-0.00649169	-0.0901589	0.995906	-0.158392	-2.2965	50.8426	
0.999978	-0.000318038	0.00662709	-0.000291934	0.995774	0.0918384	-0.00662829	-0.0918383	0.995752	-0.164693	-2.38392	51.7992	
0.999977	-0.000330782	0.00676401	-0.000303215	0.995618	0.0935156	-0.00676531	-0.0935155	0.995595	-0.171126	-2.47294	52.7556	
0.999976	-0.000343797	0.00690133	-0.000314713	0.995459	0.0951906	-0.00690272	-0.0951905	0.995435	-0.177691	-2.56358	53.7119	
0.999975	-0.000357082	0.00703903	-0.000326429	0.995298	0.0968632	-0.00704052	-0.0968631	0.995273	-0.184388	-2.65582	54.6681	
0.999974	-0.000370638	0.00717712	-0.000338361	0.995134	0.0985335	-0.00717871	-0.0985334	0.995108	-0.191217	-2.74967	55.6241	
0.999973	-0.000384464	0.00731557	-0.00035051	0.994967	0.100201	-0.00731728	-0.100201	0.99494	-0.19818	-2.84512	56.5799	
0.999972	-0.000398562	0.00745439	-0.000362874	0.994798	0.101867	-0.00745621	-0.101866	0.99477	-0.205276	-2.94218	57.5356	
0.999971	-0.000412931	0.00759356	-0.000375454	0.994626	0.103529	-0.00759551	-0.103529	0.994597	-0.212505	-3.04083	58.4911	
0.99997	-0.000427572	0.00773308	-0.000388249	0.994452	0.105189	-0.00773516	-0.105189	0.994422	-0.219868	-3.14108	59.4464	
0.999983	-0.0002354	0.00590535	-0.00037967	0.994584	0.103938	-0.00589783	-0.103938	0.994566	-0.226416	-3.24152	60.4017	
0.999992	-4.54933e-05	0.00407702	-0.000373395	0.994714	0.102684	-0.00406014	-0.102685	0.994706	-0.231199	-3.34076	61.3572	
0.999997	0.000142133	0.00224817	-0.00036943	0.994843	0.101428	-0.00222216	-0.101429	0.99484	-0.234217	-3.4388	62.3127	
1	0.000327467	0.000418915	-0.000367783	0.99497	0.100171	-0.000384005	-0.100171	0.99497	-0.235468	-3.53563	63.2685	
0.999999	0.000510495	-0.00141067	-0.00036846	0.995096	0.0989116	0.00145424	-0.098911	0.995095	-0.234954	-3.63125	64.2243	
0.999995	0.000691203	-0.00324047	-0.000371469	0.995221	0.0976503	0.00329248	-0.0976486	0.995216	-0.232674	-3.72566	65.1802	
0.999987	0.000869581	-0.00507042	-0.000376814	0.995344	0.0963872	0.00513063	-0.096384	0.995331	-0.228629	-3.81885	66.1363	
0.999976	0.00104562	-0.00690041	-0.000384502	0.995466	0.0951221	0.00696858	-0.0951171	0.995442	-0.222817	-3.91083	67.0925	
0.999961	0.00121929	-0.00873034	-0.00039454	0.995586	0.0938552	0.00880624	-0.0938481	0.995548	-0.215241	-4.00159	68.0488	
0.999943	0.00139061	-0.0105601	-0.000406934	0.995705	0.0925864	0.0106435	-0.0925769	0.995649	-0.205899	-4.09113	69.0051	
0.999922	0.00155955	-0.0123897	-0.000421688	0.995822	0.0913158	0.0124803	-0.0913034	0.995745	-0.194793	-4.17945	69.9616	
0.999897	0.00172609	-0.0142189	-0.000438808	0.995938	0.0900434	0.0143166	-0.0900279	0.995836	-0.181922	-4.26654	70.9182	
0.999614	0.00280612	-0.0276538	-0.000857168	0.99753	0.0702381	0.0277826	-0.0701873	0.997147	-0.161701	-4.3435	71.8755	
0.999148	0.00361838	-0.0411025	-0.001543	0.998727	0.0504126	0.0412326	-0.0503062	0.997882	-0.128551	-4.40138	72.8337	
0.998502	0.0041624	-0.0545572	-0.00249592	0.999529	0.0305782	0.0546588	-0.0303962	0.998042	-0.0824916	-4.44014	73.7924	
0.997675	0.00443788	-0.0680102	-0.00371537	0.999935	0.0107463	0.0680535	-0.0104686	0.997627	-0.0235497	-4.45977	74.751	
0.996667	0.00444464	-0.0814537	-0.00520065	0.999945	-0.00907167	0.081409	0.00946505	0.996636	0.0482411	-4.46025	75.7089	
0.99548	0.00418269	-0.09488	-0.0069509	0.999559	-0.0288642	0.0947175	0.0293932	0.99507	0.132839	-4.44159	76.6656	
0.994114	0.00365218	-0.108281	-0.00896512	0.998777	-0.0486199	0.107971	0.0493045	0.992931	0.230196	-4.40378	77.6204	
0.992569	0.00285342	-0.12165	-0.0112421	0.9976	-0.0683274	0.121163	0.0691872	0.990218	0.340255	-4.34687	78.573	
0.990847	0.00178686	-0.134978	-0.0137806	0.996027	-0.0879753	0.134285	0.0890301	0.986935	0.462953	-4.27087	79.5227	
0.988949	0.000453123	-0.148258	-0.0165792	0.994061	-0.107552	0.147329	0.108822	0.983083	0.59822	-4.17584	80.4689	
0.986875	-0.00114703	-0.161483	-0.0196361	0.991702	-0.127047	0.160288	0.12855	0.978664	0.745976	-4.06182	81.4112	
0.984627	-0.00301266	-0.174643	-0.0229497	0.988952	-0.146448	0.173155	0.148205	0.97368	0.906138	-3.92889	82.349	
0.982207	-0.00514271	-0.187733	-0.026518	0.985812	-0.165745	0.185922	0.167774	0.968135	1.07861	-3.77712	83.2817	
0.979615	-0.00753594	-0.200745	-0.030339	0.982284	-0.184926	0.198582	0.187247	0.962031	1.2633	-3.60659	84.2088	
0.976853	-0.010191	-0.21367	-0.0344105	0.97837	-0.20398	0.211127	0.206611	0.955373	1.46009	-3.41741	85.1298	
0.973922	-0.0131063	-0.226502	-0.0387301	0.974072	-0.222897	0.223551	0.225856	0.948163	1.66888	-3.20969	86.0441	
0.970826	-0.0162802	-0.239233	-0.0432953	0.969394	-0.241664	0.235846	0.244972	0.940407	1.88954	-2.98354	86.9512	
0.967564	-0.0197108	-0.251856	-0.0481036	0.964336	-0.260272	0.248004	0.263945	0.932109	2.12195	-2.73909	87.8506	
0.964139	-0.0233963	-0.264363	-0.053152	0.958903	-0.27871	0.26002	0.282767	0.923273	2.36596	-2.47649	88.7418	
0.960554	-0.0273344	-0.276748	-0.0584378	0.953098	-0.296967	0.271885	0.301425	0.913904	2.62145	-2.19589	89.6243	
0.956809	-0.0315229	-0.289003	-0.0639579	0.946923	-0.315032	0.283594	0.31991	0.904009	2.88826	-1.89744	90.4975	
0.952908	-0.0359593	-0.30112	-0.069709	0.940383	-0.332896	0.295139	0.33821	0.893592	3.16624	-1.58133	91.3609	
0.948852	-0.0406412	-0.313094	-0.075688	0.933482	-0.350548	0.306514	0.356315	0.88266	3.45523	-1.24773	92.2141	
0.944644	-0.0455657	-0.324917	-0.0818912	0.926222	-0.367977	0.317713	0.374215	0.871219	3.75507	-0.89684	93.0565	
0.940286	-0.0507302	-0.336583	-0.0883152	0.918609	-0.385173	0.328728	0.391899	0.859275	4.06557	-0.528856	93.8877	
