1	0	0	0	1	0	0	0	1	0	0	0	
0.999989	7.78636e-06	0.00462514	7.78636e-06	0.999994	-0.00336695	-0.00462514	0.00336695	0.999984	-0.00240134	0.0017481	1.03838	
0.999957	3.11476e-05	0.00925067	3.11453e-05	0.999977	-0.00673367	-0.00925067	0.00673367	0.999935	-0.00960557	0.00699227	2.07672	
0.999904	7.00861e-05	0.0138764	7.00768e-05	0.999949	-0.0101001	-0.0138764	0.0101001	0.999853	-0.021613	0.0157322	3.115	
0.999829	0.000124603	0.0185022	0.00012458	0.999909	-0.013466	-0.0185022	0.013466	0.999738	-0.0384238	0.0279676	4.15317	
0.999732	0.000194699	0.0231279	0.000194653	0.999858	-0.0168313	-0.0231279	0.0168313	0.999591	-0.0600378	0.0436977	5.19121	
0.999615	0.000280375	0.0277533	0.000280294	0.999796	-0.020196	-0.0277533	0.0201959	0.999411	-0.086455	0.062922	6.22908	
0.999476	0.00038163	0.0323782	0.0003815	0.999722	-0.0235598	-0.0323782	0.0235598	0.999198	-0.117675	0.0856397	7.26674	
0.999315	0.000498462	0.0370026	0.000498267	0.999637	-0.0269226	-0.0370026	0.0269226	0.998952	-0.153697	0.11185	8.30417	
0.999133	0.000630869	0.0416261	0.000630591	0.999541	-0.0302844	-0.0416261	0.0302844	0.998674	-0.19452	0.141551	9.34132	
0.99893	0.000778848	0.0462488	0.000778466	0.999434	-0.033645	-0.0462488	0.033645	0.998363	-0.240145	0.174743	10.3782	
0.998705	0.000942397	0.0508702	0.000941887	0.999315	-0.0370043	-0.0508703	0.0370043	0.998019	-0.290568	0.211424	11.4147	
0.998459	0.00112151	0.0554905	0.00112085	0.999184	-0.0403622	-0.0554905	0.0403621	0.997643	-0.34579	0.251592	12.4508	
0.998191	0.00131618	0.0601092	0.00131534	0.999043	-0.0437185	-0.0601092	0.0437185	0.997234	-0.405808	0.295246	13.4865	
0.997902	0.00152641	0.0647264	0.00152536	0.99889	-0.0470731	-0.0647264	0.0470731	0.996792	-0.470622	0.342384	14.5218	
0.997591	0.00175218	0.0693418	0.00175089	0.998726	-0.050426	-0.0693418	0.0504259	0.996318	-0.54023	0.393005	15.5566	
0.99726	0.0019935	0.0739552	0.00199193	0.998551	-0.0537769	-0.0739552	0.0537768	0.995811	-0.614628	0.447106	16.5909	
0.996906	0.00225035	0.0785665	0.00224846	0.998364	-0.0571258	-0.0785665	0.0571257	0.995271	-0.693817	0.504686	17.6247	
0.996532	0.00252272	0.0831755	0.00252048	0.998167	-0.0604725	-0.0831756	0.0604724	0.994698	-0.777792	0.565742	18.6579	
0.996136	0.00281061	0.0877821	0.00280797	0.997958	-0.063817	-0.0877822	0.0638169	0.994093	-0.866552	0.630273	19.6904	
0.995718	0.003114	0.0923861	0.00311093	0.997737	-0.0671591	-0.0923862	0.0671589	0.993456	-0.960095	0.698274	20.7224	
0.99528	0.00343289	0.0969873	0.00342933	0.997506	-0.0704986	-0.0969874	0.0704985	0.992786	-1.05842	0.769745	21.7536	
0.99482	0.00376726	0.101586	0.00376317	0.997263	-0.0738356	-0.101586	0.0738354	0.992083	-1.16151	0.844682	22.7841	
0.994338	0.0041171	0.106181	0.00411243	0.997009	-0.0771697	-0.106181	0.0771695	0.991348	-1.26938	0.923083	23.8139	
0.993836	0.00448241	0.110773	0.00447709	0.996744	-0.0805011	-0.110773	0.0805008	0.99058	-1.38203	1.00494	24.8429	
0.993312	0.00486315	0.115361	0.00485714	0.996468	-0.0838294	-0.115361	0.083829	0.98978	-1.49943	1.09026	25.8711	
0.992767	0.00525933	0.119946	0.00525257	0.996181	-0.0871546	-0.119946	0.0871542	0.988947	-1.6216	1.17904	26.8985	
0.9922	0.00567092	0.124527	0.00566336	0.995882	-0.0904765	-0.124527	0.0904761	0.988083	-1.74853	1.27126	27.9249	
0.991612	0.00609792	0.129104	0.00608948	0.995573	-0.0937952	-0.129104	0.0937946	0.987185	-1.88022	1.36693	28.9505	
0.991003	0.0065403	0.133677	0.00653092	0.995252	-0.0971103	-0.133677	0.0971097	0.986256	-2.01665	1.46605	29.9751	
0.990373	0.00699804	0.138246	0.00698767	0.99492	-0.100422	-0.138246	0.100421	0.985294	-2.15783	1.56861	30.9987	
0.989722	0.00747114	0.14281	0.0074597	0.994578	-0.10373	-0.142811	0.103729	0.984299	-2.30375	1.6746	32.0213	
0.989049	0.00795957	0.14737	0.00794698	0.994224	-0.107034	-0.14737	0.107033	0.983273	-2.45441	1.78403	33.0428	
0.988356	0.00846331	0.151925	0.00844951	0.993859	-0.110334	-0.151925	0.110333	0.982214	-2.60981	1.89688	34.0633	
0.987641	0.00898234	0.156475	0.00896725	0.993483	-0.11363	-0.156476	0.113629	0.981124	-2.76993	2.01316	35.0826	
0.986905	0.00951664	0.16102	0.00950019	0.993096	-0.116922	-0.161021	0.116921	0.980001	-2.93477	2.13286	36.1008	
0.986148	0.0100662	0.165559	0.0100483	0.992698	-0.120209	-0.165561	0.120208	0.978846	-3.10433	2.25598	37.1179	
0.985371	0.010631	0.170094	0.0106116	0.992289	-0.123493	-0.170095	0.123491	0.977659	-3.2786	2.3825	38.1337	
0.984572	0.011211	0.174622	0.0111899	0.991869	-0.126771	-0.174624	0.126769	0.97644	-3.45757	2.51244	39.1482	
0.983752	0.0118061	0.179145	0.0117834	0.991438	-0.130045	-0.179147	0.130043	0.97519	-3.64125	2.64577	40.1615	
0.982911	0.0124165	0.183663	0.012392	0.990996	-0.133315	-0.183664	0.133312	0.973907	-3.82962	2.7825	41.1735	
0.982049	0.0130419	0.188174	0.0130156	0.990544	-0.136579	-0.188175	0.136576	0.972593	-4.02267	2.92263	42.1841	
0.981167	0.0136825	0.192678	0.0136542	0.99008	-0.139838	-0.19268	0.139836	0.971247	-4.22041	3.06614	43.1933	
0.980263	0.0143382	0.197177	0.0143078	0.989606	-0.143093	-0.197179	0.14309	0.969869	-4.42282	3.21303	44.2011	
0.979339	0.0150089	0.201669	0.0149763	0.989121	-0.146342	-0.201671	0.146338	0.96846	-4.6299	3.3633	45.2075	
0.978394	0.0156946	0.206154	0.0156598	0.988625	-0.149585	-0.206156	0.149582	0.967019	-4.84165	3.51694	46.2124	
0.977428	0.0163954	0.210632	0.0163582	0.988118	-0.152824	-0.210635	0.15282	0.965546	-5.05804	3.67395	47.2157	
0.976441	0.0171111	0.215103	0.0170715	0.987601	-0.156056	-0.215106	0.156052	0.964042	-5.27908	3.83431	48.2176	
0.975434	0.0178418	0.219567	0.0177996	0.987072	-0.159283	-0.219571	0.159279	0.962507	-5.50476	3.99803	49.2178	
0.974406	0.0185873	0.224024	0.0185425	0.986534	-0.162505	-0.224028	0.162499	0.96094	-5.73508	4.16509	50.2165	
0.973358	0.0193478	0.228473	0.0193001	0.985984	-0.16572	-0.228477	0.165714	0.959342	-5.97002	4.3355	51.2135	
0.972289	0.0201231	0.232915	0.0200725	0.985424	-0.168929	-0.232919	0.168923	0.957713	-6.20957	4.50924	52.2088	
0.971199	0.0209132	0.237348	0.0208597	0.984853	-0.172132	-0.237353	0.172126	0.956052	-6.45373	4.68631	53.2024	
0.970089	0.0217181	0.241774	0.0216614	0.984272	-0.175329	-0.241779	0.175322	0.954361	-6.70249	4.8667	54.1943	
0.968959	0.0225378	0.246192	0.0224779	0.98368	-0.17852	-0.246197	0.178512	0.952639	-6.95585	5.05041	55.1844	
0.967808	0.0233721	0.250601	0.0233089	0.983077	-0.181704	-0.250607	0.181696	0.950885	-7.21378	5.23743	56.1727	
0.966637	0.0242212	0.255002	0.0241544	0.982464	-0.184881	-0.255008	0.184873	0.949101	-7.4763	5.42775	57.1591	
0.965446	0.0250849	0.259394	0.0250145	0.98184	-0.188052	-0.259401	0.188043	0.947286	-7.74337	5.62136	58.1437	
0.964234	0.0259632	0.263777	0.0258891	0.981206	-0.191216	-0.263784	0.191206	0.945441	-8.01501	5.81827	59.1264	
0.963002	0.026856	0.268152	0.0267782	0.980562	-0.194373	-0.268159	0.194362	0.943564	-8.29119	6.01845	60.1072	
0.96175	0.0277635	0.272517	0.0276816	0.979907	-0.197523	-0.272525	0.197512	0.941658	-8.57191	6.22191	61.086	
0.960478	0.0286854	0.276873	0.0285994	0.979242	-0.200666	-0.276882	0.200654	0.93972	-8.85716	6.42863	62.0628	
0.959186	0.0296217	0.28122	0.0295315	0.978567	-0.203802	-0.281229	0.203789	0.937753	-9.14693	6.63862	63.0375	
0.957874	0.0305725	0.285557	0.0304779	0.977881	-0.20693	-0.285567	0.206916	0.935755	-9.4412	6.85185	64.0102	
0.956542	0.0315376	0.289884	0.0314385	0.977185	-0.210051	-0.289895	0.210036	0.933727	-9.73998	7.06833	64.9809	
0.95519	0.0325171	0.294202	0.0324134	0.976479	-0.213164	-0.294213	0.213148	0.931669	-10.0432	7.28805	65.9494	
0.953752	0.0335492	0.298716	0.0322728	0.97658	-0.212723	-0.298857	0.212525	0.930332	-10.3512	7.50905	66.9161	
0.952291	0.0345784	0.303225	0.0321299	0.97668	-0.212281	-0.303494	0.211896	0.928973	-10.6639	7.72941	67.8814	
0.950808	0.0356045	0.307727	0.0319846	0.976781	-0.21184	-0.308124	0.211262	0.927592	-10.9814	7.94911	68.8454	
0.949303	0.0366274	0.312222	0.0318371	0.976881	-0.2114	-0.312746	0.210623	0.92619	-11.3038	8.16815	69.8078	
0.948828	0.036927	0.313627	0.0237037	0.98201	-0.187335	-0.314903	0.185183	0.930883	-11.6297	8.37366	70.7721	
0.94835	0.0371881	0.31504	0.0155172	0.986478	-0.163157	-0.316848	0.159618	0.934949	-11.9577	8.55269	71.7408	
0.947868	0.0374103	0.316458	0.0072831	0.990282	-0.138881	-0.318579	0.133946	0.938385	-12.2876	8.70511	72.7135	
0.947385	0.0375936	0.317881	-0.000993103	0.99342	-0.114525	-0.320095	0.108184	0.941188	-12.6192	8.83083	73.6894	
0.946899	0.0377378	0.319308	-0.00930581	0.995889	-0.0901044	-0.321395	0.0823484	0.943358	-12.9523	8.92976	74.6679	
0.946412	0.0378429	0.320737	-0.0176494	0.997688	-0.0656356	-0.322479	0.0564575	0.944891	-13.2866	9.00183	75.6483	
0.945923	0.0379088	0.322169	-0.0260183	0.998815	-0.0411354	-0.323346	0.0305286	0.945788	-13.622	9.047	76.63	
0.945433	0.0379354	0.323601	-0.0344068	0.99927	-0.0166202	-0.323995	0.00457918	0.946048	-13.9581	9.06523	77.6123	
0.944942	0.0379226	0.325033	-0.0428093	0.999052	0.00789351	-0.324426	-0.0213734	0.94567	-14.2947	9.05651	78.5945	
0.944451	0.0378707	0.326464	-0.0512202	0.998162	0.0323892	-0.324637	-0.0473115	0.944655	-14.6318	9.02084	79.576	
0.943959	0.0377794	0.327893	-0.0596337	0.9966	0.0568502	-0.324631	-0.0732178	0.943003	-14.9689	8.95826	80.5561	
0.943468	0.037649	0.329319	-0.0680442	0.994368	0.0812603	-0.324405	-0.0990747	0.940715	-15.3059	8.8688	81.5342	
0.942977	0.0374794	0.330741	-0.076446	0.991466	0.105603	-0.323961	-0.124865	0.937794	-15.6425	8.75253	82.5096	
0.942487	0.0372709	0.332159	-0.0848334	0.987896	0.129861	-0.323298	-0.150571	0.934241	-15.9786	8.60952	83.4816	
0.941998	0.0370236	0.33357	-0.0932009	0.983662	0.15402	-0.322418	-0.176175	0.930059	-16.3138	8.43986	84.4496	
0.941511	0.0367375	0.334974	-0.101543	0.978766	0.178062	-0.32132	-0.201661	0.925249	-16.6481	8.24368	85.4129	
0.941025	0.036413	0.336371	-0.109853	0.973211	0.201971	-0.320006	-0.227011	0.919816	-16.9811	8.02111	86.3709	
0.940542	0.0360502	0.337759	-0.118127	0.967001	0.225731	-0.318476	-0.252208	0.913764	-17.3126	7.77229	87.3229	
0.940061	0.0356494	0.339138	-0.126358	0.96014	0.249327	-0.316732	-0.277235	0.907095	-17.6424	7.49739	88.2683	
0.939583	0.0352108	0.340506	-0.134542	0.952634	0.272741	-0.314774	-0.302075	0.899815	-17.9703	7.1966	89.2065	
0.939108	0.0347348	0.341862	-0.142671	0.944485	0.29596	-0.312604	-0.326712	0.891929	-18.296	6.87012	90.1368	
0.938636	0.0342216	0.343206	-0.150742	0.935702	0.318966	-0.310223	-0.351128	0.883442	-18.6194	6.51817	91.0586	
0.938169	0.0336717	0.344537	-0.158749	0.926288	0.341744	-0.307634	-0.375308	0.87436	-18.9402	6.14099	91.9713	
0.937705	0.0330853	0.345854	-0.166685	0.916251	0.364279	-0.304837	-0.399235	0.864688	-19.2582	5.73883	92.8743	
0.937246	0.0324629	0.347155	-0.174547	0.905598	0.386556	-0.301834	-0.422893	0.854434	-19.5732	5.31196	93.7669	
0.936791	0.0318049	0.348441	-0.182328	0.894335	0.40856	-0.298628	-0.446266	0.843604	-19.885	4.86068	94.6485	
0.936342	0.0311118	0.349709	-0.190023	0.88247	0.430276	-0.295221	-0.469338	0.832205	-20.1933	4.38528	95.5186	
0.935897	0.0303839	0.35096	-0.197628	0.870011	0.451689	-0.291615	-0.492094	0.820246	-20.498	3.88608	96.3766	
0.935459	0.0296218	0.352193	-0.205136	0.856967	0.472785	-0.287813	-0.514519	0.807734	-20.7989	3.36342	97.2219	
0.935026	0.0288261	0.353406	-0.212544	0.843347	0.49355	-0.283816	-0.536596	0.794678	-21.0957	2.81766	98.0539	
