1	0	0	0	1	0	0	0	1	0	0	0	
1	-3.01003e-08	-0.000371643	-3.01003e-08	1	-0.000161985	0.000371643	0.000161985	1	0.000145654	6.34849e-05	0.783838	
1	-1.19763e-07	-0.00074133	-1.19754e-07	1	-0.000323091	0.00074133	0.000323091	1	0.00058185	0.000253595	1.56768	
0.999999	-2.68028e-07	-0.00110905	-2.67991e-07	1	-0.000483314	0.00110905	0.000483314	0.999999	0.00130705	0.000569641	2.35151	
0.999999	-4.73932e-07	-0.00147478	-4.73839e-07	1	-0.00064265	0.00147478	0.00064265	0.999999	0.0023197	0.00101093	3.13535	
0.999998	-7.3651e-07	-0.00183853	-7.36327e-07	1	-0.000801094	0.00183853	0.000801094	0.999998	0.00361825	0.00157676	3.91919	
0.999998	-1.0548e-06	-0.00220028	-1.05448e-06	1	-0.000958641	0.00220028	0.000958641	0.999997	0.00520114	0.00226643	4.70303	
0.999997	-1.42783e-06	-0.00256001	-1.42732e-06	0.999999	-0.00111529	0.00256001	0.00111529	0.999996	0.00706678	0.00307924	5.48686	
0.999996	-1.85463e-06	-0.00291771	-1.85387e-06	0.999999	-0.00127103	0.00291771	0.00127103	0.999995	0.00921361	0.00401449	6.2707	
0.999995	-2.33423e-06	-0.00327339	-2.33316e-06	0.999999	-0.00142586	0.00327339	0.00142586	0.999994	0.01164	0.00507145	7.05453	
0.999993	-2.86567e-06	-0.00362701	-2.8642e-06	0.999999	-0.00157977	0.00362701	0.00157977	0.999992	0.0143444	0.00624941	7.83836	
0.999992	-3.44797e-06	-0.00397858	-3.44601e-06	0.999998	-0.00173277	0.00397858	0.00173277	0.999991	0.0173252	0.00754766	8.62219	
0.999991	-4.08016e-06	-0.00432808	-4.07763e-06	0.999998	-0.00188484	0.00432808	0.00188484	0.999989	0.0205807	0.00896546	9.40603	
0.999989	-4.76126e-06	-0.0046755	-4.75806e-06	0.999998	-0.00203598	0.0046755	0.00203598	0.999987	0.0241094	0.0105021	10.1899	
0.999987	-5.4903e-06	-0.00502084	-5.48632e-06	0.999998	-0.0021862	0.00502084	0.0021862	0.999985	0.0279096	0.0121569	10.9737	
0.999986	-6.26631e-06	-0.00536407	-6.26144e-06	0.999997	-0.00233547	0.00536407	0.00233547	0.999983	0.0319796	0.013929	11.7575	
0.999984	-7.08831e-06	-0.0057052	-7.08244e-06	0.999997	-0.00248381	0.0057052	0.00248381	0.999981	0.0363179	0.0158178	12.5413	
0.999982	-7.95533e-06	-0.0060442	-7.94833e-06	0.999997	-0.0026312	0.0060442	0.0026312	0.999978	0.0409227	0.0178224	13.3252	
0.99998	-8.8664e-06	-0.00638108	-8.85813e-06	0.999996	-0.00277764	0.00638108	0.00277764	0.999976	0.0457924	0.0199423	14.109	
0.999977	-9.82055e-06	-0.00671581	-9.81087e-06	0.999996	-0.00292312	0.00671581	0.00292312	0.999973	0.0509253	0.0221765	14.8928	
0.999975	-1.08168e-05	-0.00704839	-1.08056e-05	0.999995	-0.00306765	0.00704839	0.00306765	0.99997	0.0563198	0.0245244	15.6766	
0.999973	-1.18542e-05	-0.00737881	-1.18412e-05	0.999995	-0.00321122	0.00737881	0.00321122	0.999968	0.0619741	0.0269852	16.4604	
0.99997	-1.29317e-05	-0.00770706	-1.29169e-05	0.999994	-0.00335382	0.00770706	0.00335382	0.999965	0.0678865	0.0295582	17.2442	
0.999968	-1.40484e-05	-0.00803313	-1.40316e-05	0.999994	-0.00349546	0.00803313	0.00349546	0.999962	0.0740554	0.0322425	18.028	
0.999965	-1.52033e-05	-0.00835701	-1.51844e-05	0.999993	-0.00363611	0.00835701	0.00363611	0.999958	0.080479	0.0350375	18.8119	
0.999962	-1.63955e-05	-0.00867868	-1.63742e-05	0.999993	-0.0037758	0.00867868	0.0037758	0.999955	0.0871557	0.0379424	19.5957	
0.99996	-1.76239e-05	-0.00899815	-1.76001e-05	0.999992	-0.00391449	0.00899815	0.00391449	0.999952	0.0940835	0.0409564	20.3795	
0.999957	-1.88877e-05	-0.00931539	-1.88612e-05	0.999992	-0.00405221	0.00931539	0.00405221	0.999948	0.101261	0.0440787	21.1633	
0.999954	-2.01858e-05	-0.0096304	-2.01564e-05	0.999991	-0.00418893	0.0096304	0.00418893	0.999945	0.108686	0.0473085	21.9471	
0.999951	-2.15172e-05	-0.00994317	-2.14849e-05	0.999991	-0.00432466	0.00994317	0.00432466	0.999941	0.116357	0.0506452	22.7308	
0.999947	-2.28811e-05	-0.0102537	-2.28455e-05	0.99999	-0.00445939	0.0102537	0.00445939	0.999937	0.124273	0.0540878	23.5146	
0.999944	-2.42765e-05	-0.010562	-2.42375e-05	0.999989	-0.00459312	0.010562	0.00459312	0.999934	0.132431	0.0576357	24.2984	
0.999941	-2.57024e-05	-0.010868	-2.56597e-05	0.999989	-0.00472585	0.010868	0.00472585	0.99993	0.14083	0.061288	25.0822	
0.999938	-2.71578e-05	-0.0111717	-2.71113e-05	0.999988	-0.00485757	0.0111717	0.00485756	0.999926	0.149468	0.0650439	25.866	
0.999934	-2.86418e-05	-0.0114731	-2.85913e-05	0.999988	-0.00498827	0.0114731	0.00498827	0.999922	0.158343	0.0689026	26.6498	
0.999931	-3.01535e-05	-0.0117722	-3.00988e-05	0.999987	-0.00511796	0.0117722	0.00511796	0.999918	0.167453	0.0728635	27.4335	
0.999927	-3.16919e-05	-0.0120691	-3.16327e-05	0.999986	-0.00524663	0.0120691	0.00524663	0.999913	0.176797	0.0769256	28.2173	
0.999924	-3.3256e-05	-0.0123636	-3.31922e-05	0.999986	-0.00537427	0.0123636	0.00537427	0.999909	0.186372	0.0810881	29.0011	
0.99992	-3.48449e-05	-0.0126557	-3.47763e-05	0.999985	-0.00550089	0.0126557	0.00550089	0.999905	0.196178	0.0853503	29.7849	
0.999916	-3.64577e-05	-0.0129456	-3.6384e-05	0.999984	-0.00562648	0.0129456	0.00562648	0.9999	0.206211	0.0897113	30.5686	
0.999912	-3.80935e-05	-0.0132331	-3.80145e-05	0.999983	-0.00575103	0.0132331	0.00575103	0.999896	0.216471	0.0941704	31.3524	
0.999909	-3.97512e-05	-0.0135183	-3.96668e-05	0.999983	-0.00587454	0.0135183	0.00587454	0.999891	0.226956	0.0987266	32.1361	
0.999905	-4.14301e-05	-0.0138011	-4.134e-05	0.999982	-0.00599702	0.0138011	0.00599702	0.999887	0.237663	0.103379	32.9199	
0.999901	-4.31291e-05	-0.0140815	-4.3033e-05	0.999981	-0.00611845	0.0140815	0.00611845	0.999882	0.248591	0.108128	33.7036	
0.999897	-4.48473e-05	-0.0143596	-4.47451e-05	0.999981	-0.00623883	0.0143596	0.00623883	0.999877	0.259737	0.112971	34.4874	
0.999893	-4.65838e-05	-0.0146352	-4.64753e-05	0.99998	-0.00635816	0.0146352	0.00635816	0.999873	0.271101	0.117908	35.2711	
0.999889	-4.83378e-05	-0.0149085	-4.82227e-05	0.999979	-0.00647644	0.0149085	0.00647644	0.999868	0.28268	0.122938	36.0548	
0.999885	-5.01082e-05	-0.0151794	-4.99864e-05	0.999978	-0.00659366	0.0151794	0.00659365	0.999863	0.294472	0.12806	36.8386	
0.999881	-5.18942e-05	-0.0154479	-5.17654e-05	0.999977	-0.00670981	0.0154479	0.00670981	0.999858	0.306475	0.133274	37.6223	
0.999877	-5.36949e-05	-0.0157139	-5.35589e-05	0.999977	-0.00682491	0.0157139	0.0068249	0.999853	0.318688	0.138579	38.406	
0.999872	-5.55094e-05	-0.0159775	-5.5366e-05	0.999976	-0.00693893	0.0159775	0.00693893	0.999848	0.331108	0.143973	39.1898	
0.999868	-5.73368e-05	-0.0162387	-5.71858e-05	0.999975	-0.00705188	0.0162387	0.00705188	0.999843	0.343735	0.149456	39.9735	
0.999864	-5.91762e-05	-0.0164975	-5.90173e-05	0.999974	-0.00716376	0.0164975	0.00716376	0.999838	0.356564	0.155028	40.7572	
0.99986	-6.10268e-05	-0.0167538	-6.08598e-05	0.999974	-0.00727457	0.0167538	0.00727457	0.999833	0.369596	0.160686	41.5409	
0.999855	-6.28876e-05	-0.0170076	-6.27123e-05	0.999973	-0.00738429	0.0170076	0.00738429	0.999828	0.382828	0.166431	42.3246	
0.999888	-4.92611e-05	-0.0149385	-3.71639e-05	0.999983	-0.00578506	0.0149385	0.00578497	0.999872	0.395348	0.171593	43.1083	
0.999917	-3.89343e-05	-0.012867	-1.49111e-05	0.999991	-0.00418464	0.0128671	0.00418449	0.999908	0.406246	0.1755	43.8921	
0.999942	-3.19171e-05	-0.0107933	4.0373e-06	0.999997	-0.00258307	0.0107934	0.00258287	0.999938	0.415519	0.178152	44.6759	
0.999962	-2.82187e-05	-0.0087175	1.9673e-05	1	-0.000980386	0.00871753	0.000980177	0.999962	0.423166	0.179549	45.4597	
0.999978	-2.78482e-05	-0.00663959	3.19878e-05	1	0.000623355	0.00663958	-0.000623554	0.999978	0.429184	0.179688	46.2435	
0.99999	-3.0814e-05	-0.0045597	4.09739e-05	0.999998	0.00222811	0.00455962	-0.00222828	0.999987	0.433573	0.178571	47.0273	
0.999997	-3.71243e-05	-0.00247789	4.6624e-05	0.999993	0.00383384	0.00247773	-0.00383394	0.99999	0.436332	0.176195	47.8111	
1	-4.67867e-05	-0.000394256	4.8931e-05	0.999985	0.00544049	0.000393996	-0.00544051	0.999985	0.437457	0.17256	48.595	
0.999999	-5.98085e-05	0.00169112	4.7888e-05	0.999975	0.00704802	-0.0016915	-0.00704793	0.999974	0.436949	0.167665	49.3788	
0.999993	-7.61966e-05	0.00377816	4.34889e-05	0.999963	0.00865639	-0.00377867	-0.00865617	0.999955	0.434805	0.161511	50.1626	
0.999983	-9.59574e-05	0.00586677	3.57274e-05	0.999947	0.0102655	-0.00586744	-0.0102652	0.99993	0.431024	0.154095	50.9464	
0.999968	-0.000119097	0.00795688	2.45978e-05	0.999929	0.0118754	-0.00795773	-0.0118749	0.999898	0.425606	0.145418	51.7302	
0.99995	-0.000145621	0.0100484	1.00949e-05	0.999909	0.013486	-0.0100494	-0.0134853	0.999859	0.418548	0.135479	52.5139	
0.999926	-0.000175534	0.0121412	-7.78645e-06	0.999886	0.0150973	-0.0121425	-0.0150963	0.999812	0.409851	0.124277	53.2976	
0.999899	-0.000208842	0.0142353	-2.90509e-05	0.99986	0.0167092	-0.0142368	-0.0167079	0.999759	0.399512	0.111812	54.0813	
0.999867	-0.000245548	0.0163306	-5.37028e-05	0.999832	0.0183216	-0.0163324	-0.01832	0.999699	0.387532	0.0980844	54.8649	
0.99983	-0.000285656	0.0184269	-8.17461e-05	0.999801	0.0199345	-0.018429	-0.0199326	0.999631	0.373908	0.0830924	55.6485	
0.999789	-0.000329171	0.0205243	-0.000113184	0.999768	0.0215479	-0.0205266	-0.0215457	0.999557	0.358641	0.0668362	56.432	
0.999744	-0.000376094	0.0226225	-0.000148021	0.999732	0.0231618	-0.0226251	-0.0231592	0.999476	0.341729	0.0493155	57.2155	
0.999694	-0.00042643	0.0247216	-0.000186259	0.999693	0.024776	-0.0247245	-0.024773	0.999387	0.323171	0.03053	57.9989	
0.99964	-0.000480178	0.0268214	-0.000227901	0.999652	0.0263905	-0.0268247	-0.0263871	0.999292	0.302968	0.0104793	58.7822	
0.999582	-0.000537343	0.0289219	-0.000272949	0.999608	0.0280054	-0.0289256	-0.0280015	0.999189	0.281119	-0.0108366	59.5654	
0.999518	-0.000597924	0.0310229	-0.000321405	0.999561	0.0296204	-0.031027	-0.0296161	0.99908	0.257622	-0.0334181	60.3486	
0.999451	-0.000661923	0.0331244	-0.000373271	0.999512	0.0312357	-0.033129	-0.0312309	0.998963	0.232478	-0.0572653	61.1317	
0.999379	-0.00072934	0.0352264	-0.000428547	0.99946	0.0328511	-0.0352313	-0.0328458	0.998839	0.205686	-0.0823782	61.9146	
0.999303	-0.000800176	0.0373287	-0.000487235	0.999406	0.0344667	-0.0373341	-0.0344608	0.998708	0.177247	-0.108757	62.6975	
0.999222	-0.000874429	0.0394312	-0.000549335	0.999349	0.0360823	-0.0394371	-0.0360759	0.998571	0.147158	-0.136402	63.4803	
0.999137	-0.000952099	0.0415339	-0.000614848	0.999289	0.0376979	-0.0415402	-0.0376909	0.998426	0.115422	-0.165312	64.2629	
0.999047	-0.00103319	0.0436366	-0.000683773	0.999227	0.0393135	-0.0436435	-0.0393059	0.998274	0.0820367	-0.195489	65.0455	
0.998953	-0.00111769	0.0457393	-0.000756109	0.999162	0.040929	-0.0457467	-0.0409207	0.998115	0.047003	-0.226931	65.8279	
0.998854	-0.0012056	0.047842	-0.000831856	0.999094	0.0425444	-0.0478499	-0.0425354	0.997948	0.0103206	-0.259639	66.6102	
0.998751	-0.00129692	0.0499444	-0.000911012	0.999024	0.0441596	-0.049953	-0.04415	0.997775	-0.0280102	-0.293613	67.3924	
0.998644	-0.00139165	0.0520466	-0.000993576	0.998951	0.0457746	-0.0520558	-0.0457643	0.997595	-0.0679894	-0.328852	68.1744	
0.998532	-0.00148978	0.0541485	-0.00107955	0.998876	0.0473894	-0.0541582	-0.0473783	0.997408	-0.109617	-0.365357	68.9563	
0.998415	-0.00159131	0.0562499	-0.00116892	0.998798	0.0490039	-0.0562603	-0.048992	0.997213	-0.152892	-0.403126	69.738	
0.998295	-0.00169623	0.0583508	-0.00126169	0.998717	0.050618	-0.0583618	-0.0506053	0.997012	-0.197815	-0.44216	70.5196	
0.99817	-0.00180455	0.0604511	-0.00135787	0.998634	0.0522317	-0.0604628	-0.0522182	0.996804	-0.244384	-0.482459	71.301	
0.997092	-0.00271945	0.0761597	-0.00215239	0.99796	0.0638138	-0.0761779	-0.0637921	0.995052	-0.297938	-0.527927	72.0817	
0.995767	-0.00381672	0.0918377	-0.00312951	0.99715	0.0753733	-0.0918637	-0.0753416	0.992917	-0.363799	-0.582458	72.8608	
0.994194	-0.00509593	0.107479	-0.00428883	0.996207	0.0869057	-0.107514	-0.0868621	0.990402	-0.441941	-0.64603	73.6381	
0.992375	-0.00655658	0.123078	-0.00562993	0.99513	0.0984067	-0.123123	-0.0983493	0.987506	-0.532336	-0.718621	74.4133	
0.990311	-0.00819813	0.138628	-0.00715227	0.99392	0.109872	-0.138685	-0.109799	0.984231	-0.634947	-0.8002	75.1861	
0.988001	-0.0100199	0.154123	-0.00885528	0.992577	0.121297	-0.154194	-0.121206	0.980578	-0.749736	-0.890738	75.9562	
0.985447	-0.0120213	0.169558	-0.0107383	0.991101	0.132677	-0.169644	-0.132567	0.976549	-0.876658	-0.9902	76.7233	
0.98265	-0.0142014	0.184926	-0.0128006	0.989494	0.144008	-0.185028	-0.143876	0.972144	-1.01566	-1.09855	77.487	
