1	0	0	0	1	0	0	0	1	0	0	0	
0.999998	1.18381e-06	-0.00195977	1.18381e-06	0.999999	0.00120811	0.00195977	-0.00120811	0.999997	0.000903175	-0.000556767	0.921716	
0.999992	4.75568e-06	-0.00392823	4.75448e-06	0.999997	0.00242097	0.00392823	-0.00242097	0.999989	0.00361671	-0.00222926	1.84343	
0.999983	1.07458e-05	-0.00590531	1.0741e-05	0.999993	0.00363851	0.00590531	-0.00363851	0.999976	0.00814859	-0.00502182	2.76513	
0.999969	1.91842e-05	-0.00789092	1.9172e-05	0.999988	0.0048607	0.00789092	-0.0048607	0.999957	0.0145067	-0.00893876	3.68682	
0.999951	3.01004e-05	-0.00988498	3.0076e-05	0.999981	0.00608746	0.00988498	-0.00608746	0.999933	0.0226989	-0.0139843	4.60848	
0.999929	4.3524e-05	-0.0118874	4.34811e-05	0.999973	0.00731874	0.0118874	-0.00731874	0.999903	0.0327329	-0.0201627	5.53012	
0.999903	5.94839e-05	-0.0138981	5.94151e-05	0.999963	0.00855448	0.0138981	-0.00855448	0.999867	0.0446164	-0.027478	6.45174	
0.999873	7.80092e-05	-0.015917	7.79055e-05	0.999952	0.00979463	0.015917	-0.00979463	0.999825	0.0583569	-0.0359343	7.37331	
0.999839	9.91284e-05	-0.017944	9.89797e-05	0.999939	0.0110391	0.017944	-0.0110391	0.999778	0.0739621	-0.0455358	8.29485	
0.9998	0.00012287	-0.019979	0.000122664	0.999924	0.0122879	0.019979	-0.0122879	0.999725	0.0914392	-0.0562862	9.21633	
0.999757	0.000149261	-0.022022	0.000148986	0.999908	0.0135409	0.022022	-0.0135409	0.999666	0.110796	-0.0681897	10.1378	
0.99971	0.000178331	-0.0240728	0.000177972	0.99989	0.0147981	0.0240728	-0.0147981	0.999601	0.132039	-0.08125	11.0592	
0.999658	0.000210106	-0.0261313	0.000209647	0.999871	0.0160594	0.0261313	-0.0160594	0.99953	0.155176	-0.095471	11.9805	
0.999602	0.000244613	-0.0281975	0.000244038	0.99985	0.0173248	0.0281976	-0.0173248	0.999452	0.180214	-0.110856	12.9017	
0.999542	0.00028188	-0.0302714	0.000281169	0.999827	0.0185942	0.0302714	-0.0185942	0.999369	0.20716	-0.12741	13.8229	
0.999476	0.000321932	-0.0323527	0.000321066	0.999803	0.0198675	0.0323527	-0.0198675	0.999279	0.236021	-0.145135	14.744	
0.999407	0.000364797	-0.0344414	0.000363754	0.999776	0.0211447	0.0344414	-0.0211447	0.999183	0.266803	-0.164036	15.665	
0.999332	0.000410499	-0.0365374	0.000409256	0.999748	0.0224257	0.0365375	-0.0224257	0.999081	0.299514	-0.184116	16.5859	
0.999253	0.000459065	-0.0386407	0.000457597	0.999719	0.0237105	0.0386407	-0.0237105	0.998972	0.334161	-0.205378	17.5067	
0.999169	0.000510519	-0.0407511	0.000508801	0.999687	0.024999	0.0407512	-0.024999	0.998857	0.370749	-0.227826	18.4274	
0.999081	0.000564887	-0.0428686	0.00056289	0.999654	0.0262911	0.0428686	-0.0262911	0.998735	0.409286	-0.251464	19.3481	
0.998987	0.000622194	-0.044993	0.000619889	0.999619	0.0275869	0.0449931	-0.0275868	0.998606	0.449778	-0.276294	20.2685	
0.998889	0.000682463	-0.0471244	0.000679819	0.999582	0.0288862	0.0471244	-0.0288861	0.998471	0.492231	-0.30232	21.1889	
0.998786	0.000745718	-0.0492625	0.000742703	0.999544	0.0301889	0.0492625	-0.0301888	0.99833	0.536652	-0.329545	22.1092	
0.998677	0.000811983	-0.0514073	0.000808564	0.999504	0.0314951	0.0514073	-0.031495	0.998181	0.583047	-0.357973	23.0293	
0.998564	0.000881281	-0.0535587	0.000877421	0.999461	0.0328046	0.0535587	-0.0328045	0.998026	0.631421	-0.387606	23.9492	
0.998446	0.000953635	-0.0557166	0.000949298	0.999417	0.0341174	0.0557166	-0.0341172	0.997864	0.681782	-0.418447	24.8691	
0.998323	0.00102907	-0.0578809	0.00102421	0.999372	0.0354334	0.057881	-0.0354333	0.997694	0.734134	-0.4505	25.7887	
0.998195	0.0011076	-0.0600516	0.00110219	0.999324	0.0367526	0.0600517	-0.0367525	0.997518	0.788484	-0.483768	26.7082	
0.998061	0.00118926	-0.0622285	0.00118325	0.999274	0.038075	0.0622286	-0.0380748	0.997335	0.844838	-0.518252	27.6276	
0.997923	0.00127406	-0.0644115	0.0012674	0.999223	0.0394004	0.0644117	-0.0394002	0.997145	0.903202	-0.553957	28.5468	
0.997779	0.00136202	-0.0666006	0.00135468	0.999169	0.0407288	0.0666008	-0.0407285	0.996948	0.96358	-0.590885	29.4658	
0.99763	0.00145317	-0.0687957	0.00144509	0.999114	0.0420601	0.0687959	-0.0420598	0.996744	1.02598	-0.629039	30.3846	
0.997475	0.00154753	-0.0709967	0.00153867	0.999057	0.0433943	0.0709969	-0.043394	0.996532	1.0904	-0.668421	31.3032	
0.997316	0.00164512	-0.0732034	0.00163541	0.998998	0.0447314	0.0732036	-0.044731	0.996313	1.15686	-0.709035	32.2216	
0.997151	0.00174594	-0.0754158	0.00173536	0.998937	0.0460712	0.0754161	-0.0460708	0.996087	1.22535	-0.750881	33.1398	
0.99698	0.00185004	-0.0776339	0.00183851	0.998874	0.0474137	0.0776341	-0.0474133	0.995854	1.29589	-0.793964	34.0578	
0.996804	0.00195742	-0.0798574	0.00194489	0.998809	0.0487589	0.0798577	-0.0487584	0.995613	1.36847	-0.838286	34.9756	
0.996623	0.0020681	-0.0820863	0.00205451	0.998742	0.0501066	0.0820867	-0.0501061	0.995365	1.4431	-0.883848	35.8932	
0.996436	0.0021821	-0.0843206	0.0021674	0.998673	0.0514569	0.084321	-0.0514563	0.995109	1.51979	-0.930654	36.8105	
0.996244	0.00229944	-0.0865601	0.00228356	0.998602	0.0528096	0.0865605	-0.0528089	0.994846	1.59854	-0.978706	37.7276	
0.996046	0.00242013	-0.0888047	0.00240301	0.998529	0.0541648	0.0888051	-0.054164	0.994575	1.67936	-1.02801	38.6444	
0.995843	0.0025442	-0.0910543	0.00252577	0.998454	0.0555222	0.0910548	-0.0555214	0.994297	1.76225	-1.07855	39.561	
0.995634	0.00267166	-0.0933089	0.00265186	0.998377	0.056882	0.0933095	-0.0568811	0.994011	1.84722	-1.13036	40.4774	
0.995419	0.00280252	-0.0955684	0.00278128	0.998299	0.058244	0.095569	-0.058243	0.993717	1.93427	-1.18341	41.3934	
0.995199	0.0029368	-0.0978326	0.00291405	0.998218	0.0596082	0.0978332	-0.0596071	0.993416	2.0234	-1.23772	42.3092	
0.994972	0.00307452	-0.100101	0.00305019	0.998135	0.0609745	0.100102	-0.0609733	0.993107	2.11462	-1.2933	43.2247	
0.994741	0.00321569	-0.102375	0.0031897	0.99805	0.0623428	0.102376	-0.0623415	0.99279	2.20793	-1.35013	44.1399	
0.994503	0.00336032	-0.104653	0.0033326	0.997963	0.0637131	0.104654	-0.0637117	0.992466	2.30334	-1.40822	45.0549	
0.99426	0.00350844	-0.106935	0.0034789	0.997874	0.0650854	0.106936	-0.0650838	0.992133	2.40086	-1.46758	45.9695	
0.994011	0.00366004	-0.109222	0.00362862	0.997783	0.0664595	0.109223	-0.0664578	0.991793	2.50047	-1.5282	46.8838	
0.993756	0.00381516	-0.111512	0.00378177	0.997689	0.0678355	0.111514	-0.0678336	0.991445	2.6022	-1.59009	47.7978	
0.993495	0.00397379	-0.113807	0.00393835	0.997594	0.0692132	0.113808	-0.0692111	0.991089	2.70604	-1.65324	48.7114	
0.993228	0.00413596	-0.116106	0.00409837	0.997497	0.0705926	0.116107	-0.0705904	0.990725	2.812	-1.71767	49.6248	
0.992956	0.00430167	-0.118409	0.00426186	0.997397	0.0719736	0.11841	-0.0719712	0.990353	2.92008	-1.78337	50.5378	
0.992677	0.00447094	-0.120715	0.00442881	0.997296	0.0733562	0.120717	-0.0733536	0.989973	3.03029	-1.85035	51.4504	
0.992393	0.00464377	-0.123026	0.00459924	0.997192	0.0747403	0.123027	-0.0747376	0.989585	3.14262	-1.9186	52.3627	
0.992102	0.00482018	-0.12534	0.00477315	0.997087	0.0761259	0.125341	-0.0761229	0.989189	3.25708	-1.98812	53.2747	
0.991806	0.00500018	-0.127657	0.00495056	0.996979	0.0775129	0.127659	-0.0775097	0.988785	3.37368	-2.05893	54.1862	
0.991503	0.00518378	-0.129978	0.00513147	0.996869	0.0789012	0.12998	-0.0788978	0.988373	3.49241	-2.13101	55.0974	
0.991195	0.00537099	-0.132302	0.00531589	0.996757	0.0802908	0.132304	-0.0802871	0.987952	3.61329	-2.20437	56.0082	
0.990445	0.00582346	-0.137782	0.00565934	0.99655	0.0828022	0.137789	-0.0827908	0.986995	3.73776	-2.27953	56.9184	
0.989665	0.00629014	-0.14326	0.00601708	0.996336	0.0853135	0.143272	-0.0852938	0.986001	3.86729	-2.35699	57.8277	
0.988854	0.00677103	-0.148736	0.00638912	0.996115	0.0878245	0.148753	-0.0877959	0.984969	4.00188	-2.43676	58.736	
0.988012	0.00726613	-0.154209	0.00677546	0.995888	0.090335	0.154231	-0.0902969	0.9839	4.14151	-2.51884	59.6434	
0.987138	0.00777543	-0.15968	0.00717608	0.995655	0.0928447	0.159708	-0.0927965	0.982793	4.28619	-2.60322	60.5498	
0.986234	0.00829894	-0.165147	0.00759099	0.995415	0.0953535	0.165181	-0.0952945	0.981649	4.43592	-2.6899	61.4551	
0.985299	0.00883664	-0.170611	0.00802017	0.995168	0.097861	0.170652	-0.0977906	0.980467	4.59069	-2.77888	62.3594	
0.984333	0.00938853	-0.176072	0.00846361	0.994914	0.100367	0.176119	-0.100285	0.979247	4.7505	-2.87017	63.2625	
0.983335	0.00995458	-0.181528	0.0089213	0.994655	0.102871	0.181581	-0.102776	0.97799	4.91535	-2.96375	64.1645	
0.982307	0.0105348	-0.186979	0.0093932	0.994388	0.105374	0.18704	-0.105266	0.976696	5.08524	-3.05963	65.0654	
0.981248	0.0111291	-0.192426	0.0098793	0.994116	0.107874	0.192494	-0.107752	0.975364	5.26015	-3.1578	65.965	
0.980159	0.0117376	-0.197867	0.0103796	0.993836	0.110372	0.197943	-0.110235	0.973995	5.44009	-3.25826	66.8634	
0.979038	0.0123602	-0.203303	0.010894	0.99355	0.112867	0.203386	-0.112716	0.972589	5.62504	-3.36101	67.7605	
0.977886	0.0129968	-0.208732	0.0114225	0.993258	0.115359	0.208824	-0.115192	0.971145	5.81501	-3.46605	68.6563	
0.976704	0.0136475	-0.214156	0.0119651	0.99296	0.117848	0.214256	-0.117665	0.969664	6.01	-3.57336	69.5507	
0.975491	0.0143122	-0.219572	0.0125218	0.992655	0.120334	0.219682	-0.120134	0.968147	6.20998	-3.68295	70.4438	
0.974248	0.0149909	-0.224982	0.0130924	0.992343	0.122816	0.2251	-0.122599	0.966592	6.41496	-3.79482	71.3354	
0.969136	0.0177307	-0.245889	0.0149208	0.991363	0.130294	0.246075	-0.129941	0.960501	6.63212	-3.91121	72.2236	
0.963571	0.020629	-0.266658	0.0169114	0.990326	0.137723	0.266919	-0.137215	0.9539	6.86855	-4.03434	73.1059	
0.957554	0.0236844	-0.287278	0.0190633	0.989234	0.145098	0.287622	-0.144416	0.946793	7.12412	-4.16413	73.9819	
0.951091	0.0268952	-0.307739	0.0213753	0.988085	0.152417	0.308171	-0.15154	0.939184	7.39871	-4.30053	74.8511	
0.944183	0.0302597	-0.328029	0.0238461	0.986882	0.159675	0.328557	-0.158584	0.931075	7.69216	-4.44346	75.713	
0.936835	0.0337761	-0.348138	0.0264745	0.985624	0.166867	0.348769	-0.165544	0.922472	8.00433	-4.59285	76.5673	
0.92905	0.0374426	-0.368055	0.029259	0.984312	0.173991	0.368795	-0.172415	0.91338	8.33504	-4.74861	77.4134	
0.920833	0.0412571	-0.387769	0.0321982	0.982948	0.181043	0.388626	-0.179196	0.903802	8.68412	-4.91066	78.2509	
0.912188	0.0452178	-0.40727	0.0352905	0.981531	0.188018	0.40825	-0.185881	0.893745	9.05138	-5.07891	79.0793	
0.903119	0.0493224	-0.426548	0.0385342	0.980063	0.194914	0.427658	-0.192467	0.883213	9.43664	-5.25328	79.8983	
0.893632	0.0535689	-0.445593	0.0419277	0.978544	0.201726	0.446838	-0.198951	0.872212	9.83967	-5.43368	80.7073	
0.883731	0.0579548	-0.464393	0.0454691	0.976975	0.20845	0.465781	-0.20533	0.860748	10.2603	-5.62001	81.506	
0.873422	0.062478	-0.48294	0.0491566	0.975358	0.215084	0.484477	-0.211599	0.848827	10.6982	-5.81216	82.2939	
0.86271	0.0671361	-0.501223	0.0529882	0.973691	0.221624	0.502916	-0.217756	0.836455	11.1533	-6.01004	83.0707	
0.8516	0.0719264	-0.519234	0.0569618	0.971978	0.228066	0.521088	-0.223798	0.82364	11.6252	-6.21354	83.8358	
0.8401	0.0768466	-0.536961	0.0610754	0.970218	0.234407	0.538983	-0.22972	0.810387	12.1138	-6.42256	84.5888	
0.828214	0.0818939	-0.554396	0.0653268	0.968413	0.240643	0.556591	-0.235521	0.796703	12.6187	-6.63698	85.3295	
0.815949	0.0870657	-0.57153	0.0697137	0.966563	0.246772	0.573905	-0.241197	0.782597	13.1398	-6.85669	86.0574	
0.803313	0.0923593	-0.588353	0.0742338	0.964669	0.252789	0.590913	-0.246744	0.768075	13.6766	-7.08157	86.7721	
0.79031	0.0977719	-0.604856	0.0788846	0.962733	0.258692	0.607608	-0.252161	0.753145	14.229	-7.31151	87.4732	
0.776949	0.103301	-0.621031	0.0836638	0.960756	0.264478	0.62398	-0.257444	0.737815	14.7966	-7.54637	88.1603	
