1	0	0	0	1	0	0	0	1	0	0	0	
0.999985	5.5509e-07	-0.00543102	5.5509e-07	1	0.000204413	0.00543102	-0.000204413	0.999985	0.00281975	-0.00010613	1.03838	
0.999941	2.22525e-06	-0.0108639	2.23337e-06	1	0.000410393	0.0108639	-0.000410393	0.999941	0.01128	-0.000425334	2.07673	
0.999867	5.01979e-06	-0.0162985	5.05229e-06	1	0.000617933	0.0162985	-0.000617934	0.999867	0.0253825	-0.000959234	3.11501	
0.999764	8.94798e-06	-0.0217346	9.02925e-06	1	0.000827026	0.0217346	-0.000827027	0.999763	0.0451291	-0.00170945	4.15321	
0.999631	1.4019e-05	-0.027172	1.41816e-05	0.999999	0.00103766	0.027172	-0.00103767	0.99963	0.0705211	-0.00267758	5.19128	
0.999468	2.0242e-05	-0.0326104	2.05267e-05	0.999999	0.00124984	0.0326104	-0.00124984	0.999467	0.10156	-0.00386524	6.2292	
0.999276	2.76261e-05	-0.0380497	2.80817e-05	0.999999	0.00146355	0.0380497	-0.00146356	0.999275	0.138246	-0.00527402	7.26693	
0.999054	3.61803e-05	-0.0434896	3.68638e-05	0.999999	0.00167878	0.0434896	-0.00167879	0.999052	0.180581	-0.00690551	8.30445	
0.998802	4.59136e-05	-0.0489299	4.68903e-05	0.999998	0.00189552	0.0489299	-0.00189554	0.9988	0.228564	-0.00876128	9.34172	
0.998521	5.68348e-05	-0.0543705	5.8178e-05	0.999998	0.00211377	0.0543705	-0.00211381	0.998519	0.282197	-0.0108429	10.3787	
0.99821	6.89527e-05	-0.059811	7.07442e-05	0.999997	0.00233352	0.059811	-0.00233357	0.998207	0.341479	-0.013152	11.4154	
0.997869	8.22763e-05	-0.0652514	8.46057e-05	0.999997	0.00255476	0.0652514	-0.00255483	0.997866	0.406411	-0.01569	12.4517	
0.997498	9.68141e-05	-0.0706914	9.97795e-05	0.999996	0.00277748	0.0706914	-0.00277758	0.997494	0.476991	-0.0184585	13.4877	
0.997098	0.000112575	-0.0761308	0.000116282	0.999995	0.00300167	0.0761307	-0.00300181	0.997093	0.55322	-0.0214591	14.5233	
0.996668	0.000129567	-0.0815693	0.000134131	0.999995	0.00322732	0.0815693	-0.00322751	0.996662	0.635097	-0.0246934	15.5584	
0.996208	0.000147799	-0.0870068	0.000153342	0.999994	0.00345443	0.0870068	-0.00345467	0.996202	0.722621	-0.0281627	16.5931	
0.995718	0.00016728	-0.0924431	0.000173932	0.999993	0.00368298	0.092443	-0.00368329	0.995711	0.81579	-0.0318687	17.6273	
0.995198	0.000188018	-0.0978779	0.000195918	0.999992	0.00391297	0.0978779	-0.00391336	0.995191	0.914603	-0.0358128	18.661	
0.994649	0.00021002	-0.103311	0.000219316	0.999991	0.00414439	0.103311	-0.00414487	0.99464	1.01906	-0.0399966	19.6941	
0.99407	0.000233296	-0.108742	0.000244143	0.99999	0.00437722	0.108742	-0.00437781	0.99406	1.12916	-0.0444215	20.7266	
0.993461	0.000257854	-0.114172	0.000270414	0.999989	0.00461146	0.114172	-0.00461218	0.99345	1.24489	-0.0490891	21.7585	
0.992822	0.000283701	-0.119599	0.000298147	0.999988	0.00484709	0.119598	-0.00484796	0.992811	1.36626	-0.0540007	22.7898	
0.992154	0.000310847	-0.125023	0.000327357	0.999987	0.00508411	0.125023	-0.00508515	0.992141	1.49327	-0.0591579	23.8203	
0.991456	0.000339297	-0.130445	0.00035806	0.999986	0.00532251	0.130445	-0.00532373	0.991441	1.62591	-0.0645621	24.8502	
0.990727	0.000369062	-0.135864	0.000390272	0.999984	0.00556226	0.135864	-0.00556371	0.990712	1.76417	-0.0702148	25.8793	
0.98997	0.000400148	-0.141279	0.000424009	0.999983	0.00580338	0.141279	-0.00580507	0.989953	1.90806	-0.0761174	26.9077	
0.989182	0.000432562	-0.146692	0.000459288	0.999982	0.00604583	0.146692	-0.0060478	0.989164	2.05757	-0.0822713	27.9352	
0.988365	0.000466314	-0.152101	0.000496123	0.99998	0.00628962	0.152101	-0.0062919	0.988345	2.21271	-0.088678	28.9619	
0.987518	0.00050141	-0.157506	0.00053453	0.999979	0.00653473	0.157506	-0.00653735	0.987496	2.37345	-0.0953389	29.9878	
0.986641	0.000537859	-0.162907	0.000574526	0.999977	0.00678115	0.162907	-0.00678415	0.986618	2.53981	-0.102255	31.0127	
0.985735	0.000575666	-0.168304	0.000616124	0.999975	0.00702886	0.168304	-0.00703229	0.98571	2.71177	-0.109429	32.0367	
0.984799	0.000614841	-0.173697	0.000659341	0.999973	0.00727786	0.173697	-0.00728176	0.984772	2.88933	-0.11686	33.0598	
0.983833	0.000655389	-0.179085	0.000704192	0.999971	0.00752814	0.179085	-0.00753254	0.983805	3.0725	-0.124552	34.0819	
0.982838	0.000697319	-0.184469	0.000750692	0.999969	0.00777967	0.184469	-0.00778464	0.982808	3.26125	-0.132505	35.1029	
0.981813	0.000740637	-0.189847	0.000798856	0.999967	0.00803246	0.189847	-0.00803804	0.981781	3.45559	-0.14072	36.1229	
0.980759	0.000785351	-0.195221	0.000848699	0.999965	0.00828648	0.19522	-0.00829273	0.980724	3.65552	-0.149198	37.1418	
0.979675	0.000831468	-0.200589	0.000900235	0.999963	0.00854173	0.200588	-0.0085487	0.979638	3.86102	-0.157942	38.1596	
0.978562	0.000878993	-0.205951	0.00095348	0.999961	0.0087982	0.205951	-0.00880595	0.978523	4.07209	-0.166953	39.1763	
0.977419	0.000927935	-0.211308	0.00100845	0.999958	0.00905586	0.211307	-0.00906446	0.977378	4.28873	-0.176231	40.1918	
0.976247	0.0009783	-0.216658	0.00106515	0.999956	0.00931471	0.216658	-0.00932423	0.976203	4.51093	-0.185778	41.2061	
0.975045	0.0010301	-0.222003	0.00112361	0.999954	0.00957473	0.222002	-0.00958524	0.974999	4.73867	-0.195596	42.2191	
0.973815	0.00108333	-0.227341	0.00118383	0.999951	0.00983591	0.227341	-0.00984749	0.973766	4.97197	-0.205685	43.2309	
0.972554	0.001138	-0.232673	0.00124584	0.999948	0.0100982	0.232672	-0.010111	0.972503	5.21081	-0.216048	44.2414	
0.971265	0.00119412	-0.237997	0.00130963	0.999945	0.0103617	0.237997	-0.0103757	0.971211	5.45517	-0.226684	45.2506	
0.969946	0.0012517	-0.243315	0.00137524	0.999943	0.0106263	0.243315	-0.0106415	0.969889	5.70507	-0.237596	46.2584	
0.968599	0.00131074	-0.248626	0.00144267	0.99994	0.010892	0.248625	-0.0109086	0.968538	5.96048	-0.248785	47.2648	
0.967222	0.00137125	-0.253929	0.00151193	0.999937	0.0111588	0.253928	-0.0111769	0.967158	6.2214	-0.260251	48.2698	
0.965816	0.00143323	-0.259225	0.00158304	0.999933	0.0114266	0.259224	-0.0114464	0.965749	6.48783	-0.271997	49.2733	
0.964381	0.00149669	-0.264513	0.00165602	0.99993	0.0116955	0.264512	-0.011717	0.964311	6.75975	-0.284024	50.2754	
0.962917	0.00156164	-0.269793	0.00173087	0.999927	0.0119655	0.269792	-0.0119888	0.962844	7.03715	-0.296331	51.276	
0.961424	0.00162808	-0.275064	0.0018076	0.999923	0.0122365	0.275063	-0.0122617	0.961348	7.32004	-0.308922	52.275	
0.959903	0.00169602	-0.280328	0.00188624	0.99992	0.0125085	0.280327	-0.0125358	0.959823	7.60839	-0.321797	53.2725	
0.958352	0.00176546	-0.285583	0.0019668	0.999916	0.0127816	0.285581	-0.0128109	0.958269	7.90221	-0.334957	54.2683	
0.956773	0.00183641	-0.290829	0.00204928	0.999913	0.0130556	0.290827	-0.0130872	0.956686	8.20148	-0.348403	55.2626	
0.955166	0.00190887	-0.296066	0.0021337	0.999909	0.0133306	0.296064	-0.0133647	0.955074	8.50619	-0.362136	56.2551	
0.953529	0.00198285	-0.301294	0.00222008	0.999905	0.0136066	0.301292	-0.0136432	0.953434	8.81633	-0.376159	57.246	
0.951864	0.00205836	-0.306512	0.00230842	0.999901	0.0138835	0.306511	-0.0139227	0.951765	9.1319	-0.390471	58.2352	
0.950171	0.0021354	-0.311722	0.00239873	0.999897	0.0141613	0.31172	-0.0142034	0.950068	9.45288	-0.405074	59.2226	
0.948449	0.00221397	-0.316921	0.00249104	0.999893	0.0144401	0.316919	-0.0144851	0.948342	9.77926	-0.419968	60.2082	
0.946699	0.00229408	-0.32211	0.00258534	0.999888	0.0147197	0.322108	-0.0147679	0.946588	10.111	-0.435156	61.1921	
0.944921	0.00237574	-0.32729	0.00268166	0.999884	0.0150002	0.327287	-0.0150517	0.944805	10.4482	-0.450639	62.1741	
0.943115	0.00245894	-0.332459	0.00278	0.999879	0.0152816	0.332456	-0.0153366	0.942994	10.7907	-0.466416	63.1542	
0.94128	0.00254371	-0.337617	0.00288038	0.999875	0.0155639	0.337614	-0.0156224	0.941155	11.1386	-0.48249	64.1325	
0.939418	0.00263003	-0.342765	0.0029828	0.99987	0.0158469	0.342762	-0.0159093	0.939288	11.4919	-0.498861	65.1088	
0.937527	0.00271791	-0.347902	0.00308728	0.999865	0.0161308	0.347899	-0.0161972	0.937392	11.8505	-0.51553	66.0831	
0.935273	0.00283474	-0.353915	0.00449142	0.999792	0.0198772	0.353898	-0.0201802	0.935066	12.2148	-0.534417	67.0553	
0.932981	0.00297716	-0.359914	0.00591981	0.999704	0.0236149	0.359878	-0.0241629	0.932686	12.5854	-0.55744	68.025	
0.93065	0.00314517	-0.365898	0.00737239	0.999599	0.0273437	0.365837	-0.028145	0.930253	12.9622	-0.584598	68.9922	
0.928281	0.00333872	-0.371865	0.00884907	0.999478	0.0310635	0.371774	-0.0321263	0.927767	13.3452	-0.61589	69.9569	
0.925858	0.0036277	-0.377855	0.0182674	0.998355	0.0543456	0.377431	-0.0572187	0.924268	13.7342	-0.66228	70.9185	
0.923399	0.00407888	-0.383821	0.0278247	0.996602	0.0775319	0.382833	-0.0822726	0.920147	14.1289	-0.734707	71.8762	
0.920906	0.00469194	-0.389758	0.0375147	0.994219	0.100607	0.387976	-0.107271	0.915406	14.5291	-0.833122	72.8293	
0.91838	0.00546648	-0.395662	0.0473306	0.991208	0.123555	0.392859	-0.132197	0.910047	14.9346	-0.957459	73.7771	
0.915824	0.00640198	-0.40153	0.057266	0.987572	0.14636	0.397477	-0.157034	0.904076	15.3449	-1.10763	74.719	
0.913238	0.00749781	-0.407357	0.0673141	0.983313	0.169008	0.401826	-0.181765	0.897495	15.7599	-1.28355	75.6544	
0.910626	0.00875322	-0.413139	0.0774682	0.978434	0.191483	0.405906	-0.206374	0.890309	16.1793	-1.48508	76.5827	
0.907988	0.0101674	-0.418873	0.0877214	0.972938	0.213769	0.409711	-0.230844	0.882524	16.6028	-1.71209	77.5032	
0.905326	0.0117393	-0.424555	0.0980668	0.966828	0.235852	0.413241	-0.255158	0.874143	17.0301	-1.96443	78.4153	
0.902642	0.013468	-0.430181	0.108497	0.960109	0.257717	0.416492	-0.2793	0.865174	17.4609	-2.24193	79.3184	
0.899938	0.0153522	-0.435747	0.119006	0.952786	0.27935	0.419462	-0.303254	0.855622	17.895	-2.54441	80.2118	
0.897216	0.0173907	-0.441249	0.129586	0.944863	0.300735	0.42215	-0.327004	0.845493	18.332	-2.87165	81.0951	
0.894478	0.0195822	-0.446683	0.14023	0.936346	0.321858	0.424553	-0.350533	0.834794	18.7716	-3.22344	81.9675	
0.891725	0.0219251	-0.452047	0.150931	0.92724	0.342705	0.42667	-0.373826	0.823533	19.2136	-3.59955	82.8286	
0.888959	0.0244178	-0.457336	0.161681	0.917551	0.363262	0.4285	-0.396867	0.811717	19.6576	-3.99971	83.6776	
0.886182	0.0270587	-0.462547	0.172474	0.907287	0.383515	0.43004	-0.419641	0.799354	20.1033	-4.42365	84.5141	
0.883396	0.0298461	-0.467676	0.183302	0.896453	0.40345	0.431291	-0.442132	0.786452	20.5506	-4.8711	85.3375	
0.880603	0.032778	-0.47272	0.194158	0.885058	0.423054	0.432252	-0.464325	0.77302	20.9989	-5.34176	86.1472	
0.877804	0.0358524	-0.477676	0.205034	0.873109	0.442314	0.432921	-0.486205	0.759068	21.4482	-5.83529	86.9427	
0.875003	0.0390673	-0.482539	0.215923	0.860614	0.461217	0.433298	-0.507758	0.744604	21.8979	-6.35138	87.7234	
0.872199	0.0424205	-0.487308	0.226819	0.847581	0.47975	0.433384	-0.528968	0.729638	22.3479	-6.88967	88.4889	
0.869397	0.0459098	-0.491978	0.237712	0.834019	0.4979	0.433177	-0.549822	0.71418	22.7979	-7.4498	89.2386	
0.866596	0.0495327	-0.496546	0.248597	0.819938	0.515656	0.432679	-0.570305	0.698241	23.2474	-8.03139	89.9719	
0.8638	0.053287	-0.50101	0.259465	0.805347	0.533005	0.431889	-0.590404	0.681832	23.6963	-8.63406	90.6885	
0.861009	0.0571699	-0.505366	0.270311	0.790255	0.549936	0.430808	-0.610105	0.664963	24.1443	-9.25739	91.3878	
0.858227	0.061179	-0.509611	0.281125	0.774673	0.566437	0.429436	-0.629395	0.647646	24.5909	-9.90096	92.0693	
0.855454	0.0653115	-0.513743	0.291901	0.758612	0.582497	0.427775	-0.648261	0.629893	25.036	-10.5643	92.7326	
0.852693	0.0695646	-0.517759	0.302632	0.742081	0.598105	0.425826	-0.666691	0.611715	25.4792	-11.2471	93.3773	
0.849946	0.0739355	-0.521656	0.31331	0.725093	0.613251	0.42359	-0.68467	0.593125	25.9202	-11.9488	94.0029	
0.847214	0.0784212	-0.525432	0.323928	0.707659	0.627925	0.421069	-0.702189	0.574136	26.3588	-12.6688	94.6089	
