1	0	0	0	1	0	0	0	1	0	0	0	
0.999993	3.5526e-06	-0.00384193	3.5526e-06	0.999998	0.00184938	0.00384193	-0.00184938	0.999991	0.00169588	-0.000816342	0.882826	
0.99997	1.42206e-05	-0.00768559	1.42277e-05	0.999993	0.00370144	0.00768559	-0.00370144	0.999964	0.0067843	-0.00326655	1.76564	
0.999934	3.20207e-05	-0.0115309	3.20491e-05	0.999985	0.00555613	0.0115309	-0.00555613	0.999918	0.0152667	-0.00735298	2.64841	
0.999882	5.69691e-05	-0.0153777	5.70401e-05	0.999973	0.0074134	0.0153777	-0.0074134	0.999854	0.0271446	-0.0130779	3.53114	
0.999815	8.90817e-05	-0.0192259	8.92238e-05	0.999957	0.00927319	0.0192259	-0.00927319	0.999772	0.0424191	-0.0204436	4.41381	
0.999734	0.000128374	-0.0230753	0.000128623	0.999938	0.0111354	0.0230753	-0.0111354	0.999672	0.0610915	-0.0294523	5.29639	
0.999637	0.00017486	-0.026926	0.000175259	0.999915	0.0130001	0.026926	-0.0130001	0.999553	0.0831628	-0.0401061	6.17888	
0.999526	0.000228556	-0.0307776	0.000229154	0.999889	0.0148671	0.0307776	-0.0148672	0.999416	0.108634	-0.0524071	7.06125	
0.9994	0.000289474	-0.0346302	0.000290329	0.99986	0.0167365	0.0346302	-0.0167365	0.99926	0.137506	-0.0663574	7.9435	
0.999259	0.000357629	-0.0384836	0.000358804	0.999827	0.0186081	0.0384836	-0.0186081	0.999086	0.16978	-0.0819591	8.8256	
0.999103	0.000433033	-0.0423377	0.000434601	0.99979	0.0204818	0.0423377	-0.0204819	0.998893	0.205455	-0.0992139	9.70753	
0.998932	0.000515699	-0.0461924	0.000517739	0.99975	0.0223577	0.0461924	-0.0223578	0.998682	0.244534	-0.118124	10.5893	
0.998747	0.00060564	-0.0500475	0.000608238	0.999706	0.0242357	0.0500475	-0.0242358	0.998453	0.287015	-0.138691	11.4709	
0.998546	0.000702867	-0.053903	0.000706116	0.999659	0.0261158	0.0539029	-0.0261158	0.998205	0.332901	-0.160917	12.3522	
0.99833	0.000807392	-0.0577587	0.000811392	0.999608	0.0279977	0.0577586	-0.0279979	0.997938	0.38219	-0.184804	13.2333	
0.9981	0.000919225	-0.0616145	0.000924084	0.999553	0.0298817	0.0616144	-0.0298818	0.997653	0.434883	-0.210353	14.1142	
0.997854	0.00103838	-0.0654703	0.00104421	0.999495	0.0317674	0.0654702	-0.0317676	0.997349	0.49098	-0.237566	14.9948	
0.997593	0.00116486	-0.069326	0.00117179	0.999433	0.033655	0.0693258	-0.0336552	0.997026	0.550481	-0.266444	15.8752	
0.997318	0.00129868	-0.0731814	0.00130683	0.999367	0.0355443	0.0731813	-0.0355446	0.996685	0.613385	-0.29699	16.7552	
0.997027	0.00143984	-0.0770365	0.00144936	0.999298	0.0374353	0.0770363	-0.0374357	0.996325	0.679694	-0.329205	17.635	
0.996722	0.00158837	-0.0808911	0.00159939	0.999225	0.039328	0.0808909	-0.0393284	0.995947	0.749405	-0.363089	18.5144	
0.996401	0.00174425	-0.0847452	0.00175694	0.999148	0.0412222	0.0847449	-0.0412228	0.99555	0.822519	-0.398646	19.3935	
0.996066	0.00190751	-0.0885985	0.00192202	0.999068	0.043118	0.0885982	-0.0431186	0.995134	0.899035	-0.435875	20.2722	
0.995715	0.00207815	-0.0924511	0.00209464	0.998984	0.0450152	0.0924507	-0.0450159	0.994699	0.978953	-0.474779	21.1505	
0.99535	0.00225617	-0.0963027	0.00227482	0.998896	0.0469138	0.0963023	-0.0469147	0.994246	1.06227	-0.515359	22.0285	
0.994969	0.00244159	-0.100153	0.00246258	0.998805	0.0488138	0.100153	-0.0488149	0.993774	1.14899	-0.557615	22.906	
0.994574	0.00263441	-0.104003	0.00265792	0.99871	0.0507151	0.104002	-0.0507163	0.993283	1.23911	-0.60155	23.7832	
0.994163	0.00283463	-0.107851	0.00286086	0.998611	0.0526176	0.10785	-0.052619	0.992774	1.33262	-0.647164	24.6598	
0.993738	0.00304226	-0.111698	0.00307141	0.998508	0.0545213	0.111697	-0.0545229	0.992245	1.42953	-0.694458	25.536	
0.993297	0.00325731	-0.115543	0.00328959	0.998401	0.0564261	0.115542	-0.056428	0.991699	1.52984	-0.743433	26.4118	
0.992842	0.00347977	-0.119387	0.0035154	0.998291	0.058332	0.119386	-0.0583342	0.991133	1.63354	-0.794091	27.287	
0.992371	0.00370965	-0.123229	0.00374886	0.998177	0.0602389	0.123227	-0.0602414	0.990548	1.74063	-0.846432	28.1618	
0.991886	0.00394697	-0.127069	0.00398998	0.998059	0.0621468	0.127067	-0.0621495	0.989945	1.85112	-0.900457	29.036	
0.991386	0.00419171	-0.130907	0.00423876	0.997937	0.0640556	0.130905	-0.0640587	0.989323	1.96499	-0.956167	29.9097	
0.990871	0.00444388	-0.134743	0.00449522	0.997812	0.0659652	0.134741	-0.0659686	0.988682	2.08225	-1.01356	30.7828	
0.990341	0.00470348	-0.138577	0.00475937	0.997682	0.0678755	0.138575	-0.0678794	0.988023	2.2029	-1.07265	31.6553	
0.989796	0.00497052	-0.142408	0.00503121	0.997549	0.0697867	0.142406	-0.069791	0.987345	2.32692	-1.13342	32.5273	
0.989236	0.005245	-0.146238	0.00531075	0.997412	0.0716984	0.146235	-0.0717033	0.986648	2.45434	-1.19587	33.3987	
0.988661	0.00552691	-0.150064	0.005598	0.997271	0.0736108	0.150062	-0.0736162	0.985932	2.58513	-1.26002	34.2694	
0.988071	0.00581626	-0.153888	0.00589298	0.997127	0.0755238	0.153886	-0.0755297	0.985198	2.71929	-1.32585	35.1395	
0.987467	0.00611305	-0.15771	0.00619568	0.996978	0.0774372	0.157707	-0.0774437	0.984445	2.85683	-1.39338	36.0089	
0.986847	0.00641728	-0.161528	0.00650611	0.996826	0.079351	0.161525	-0.0793583	0.983673	2.99775	-1.46259	36.8777	
0.986213	0.00672894	-0.165344	0.00682428	0.996669	0.0812653	0.16534	-0.0812732	0.982882	3.14203	-1.5335	37.7457	
0.985564	0.00704803	-0.169156	0.00715019	0.996509	0.0831799	0.169152	-0.0831886	0.982073	3.28968	-1.60609	38.6131	
0.9849	0.00737456	-0.172966	0.00748386	0.996345	0.0850947	0.172961	-0.0851042	0.981245	3.44069	-1.68038	39.4797	
0.984222	0.00770852	-0.176772	0.00782528	0.996177	0.0870097	0.176767	-0.0870201	0.980398	3.59507	-1.75636	40.3456	
0.983528	0.0080499	-0.180574	0.00817445	0.996005	0.0889249	0.180569	-0.0889363	0.979533	3.7528	-1.83403	41.2108	
0.98282	0.00839871	-0.184373	0.00853139	0.995829	0.0908402	0.184367	-0.0908525	0.978649	3.91389	-1.91339	42.0751	
0.982098	0.00875495	-0.188169	0.00889609	0.995649	0.0927555	0.188162	-0.0927689	0.977747	4.07833	-1.99444	42.9387	
0.98136	0.00911859	-0.191961	0.00926857	0.995465	0.0946707	0.191953	-0.0946853	0.976826	4.24612	-2.07719	43.8015	
0.980608	0.00948966	-0.195748	0.00964881	0.995278	0.0965859	0.195741	-0.0966017	0.975886	4.41725	-2.16163	44.6634	
0.979842	0.00986813	-0.199532	0.0100368	0.995086	0.098501	0.199524	-0.098518	0.974928	4.59173	-2.24776	45.5246	
0.97906	0.010254	-0.203312	0.0104326	0.994891	0.100416	0.203303	-0.100434	0.973951	4.76954	-2.33558	46.3848	
0.978264	0.0106473	-0.207088	0.0108362	0.994691	0.10233	0.207078	-0.10235	0.972956	4.95069	-2.42509	47.2442	
0.977454	0.0110479	-0.21086	0.0112475	0.994488	0.104245	0.210849	-0.104266	0.971942	5.13517	-2.51629	48.1027	
0.976629	0.011456	-0.214627	0.0116667	0.994281	0.106159	0.214615	-0.106181	0.97091	5.32298	-2.60919	48.9603	
0.97579	0.0118714	-0.218389	0.0120936	0.99407	0.108072	0.218377	-0.108097	0.969859	5.5141	-2.70377	49.817	
0.974936	0.0122942	-0.222147	0.0125282	0.993854	0.109985	0.222134	-0.110011	0.96879	5.70855	-2.80005	50.6728	
0.974067	0.0127244	-0.225901	0.0129707	0.993635	0.111897	0.225886	-0.111926	0.967702	5.90632	-2.89801	51.5276	
0.973677	0.0129209	-0.227567	0.0139693	0.993132	0.116158	0.227505	-0.11628	0.96681	6.10645	-2.99875	52.3815	
0.973282	0.0131256	-0.229237	0.0149766	0.99261	0.120422	0.229123	-0.120638	0.965893	6.30801	-3.10333	53.2346	
0.972884	0.0133385	-0.23091	0.0159925	0.992067	0.124687	0.230741	-0.124999	0.964953	6.511	-3.21175	54.0869	
0.972481	0.0135595	-0.232586	0.0170169	0.991505	0.128954	0.232358	-0.129363	0.963989	6.71542	-3.32403	54.9384	
0.972075	0.0137887	-0.234265	0.0180497	0.990922	0.133222	0.233975	-0.13373	0.963002	6.92127	-3.44017	55.789	
0.971665	0.0140261	-0.235946	0.019091	0.990319	0.137491	0.23559	-0.138099	0.961991	7.12854	-3.56016	56.6387	
0.971251	0.0142717	-0.237629	0.0201405	0.989696	0.141759	0.237204	-0.14247	0.960956	7.33724	-3.684	57.4875	
0.970833	0.0145255	-0.239314	0.0211982	0.989053	0.146027	0.238816	-0.146841	0.959898	7.54736	-3.81171	58.3354	
0.970412	0.0147875	-0.241001	0.0222641	0.98839	0.150295	0.240426	-0.151214	0.958817	7.75891	-3.94328	59.1824	
0.969987	0.0150577	-0.242689	0.0233381	0.987708	0.154561	0.242033	-0.155586	0.957712	7.97187	-4.0787	60.0283	
0.969559	0.015336	-0.244377	0.02442	0.987005	0.158826	0.243637	-0.159958	0.956585	8.18625	-4.21799	60.8733	
0.969127	0.0156224	-0.246066	0.0255098	0.986282	0.163088	0.245238	-0.16433	0.955434	8.40205	-4.36113	61.7173	
0.968692	0.015917	-0.247755	0.0266074	0.985539	0.167347	0.246836	-0.1687	0.95426	8.61926	-4.50814	62.5603	
0.968253	0.0162196	-0.249444	0.0277127	0.984776	0.171604	0.24843	-0.173069	0.953063	8.83788	-4.659	63.4022	
0.967812	0.0165302	-0.251132	0.0288255	0.983994	0.175857	0.250019	-0.177436	0.951844	9.0579	-4.81372	64.2431	
0.967367	0.0168489	-0.25282	0.0299459	0.983191	0.180106	0.251605	-0.1818	0.950602	9.27932	-4.97229	65.0828	
0.966919	0.0171755	-0.254506	0.0310737	0.982369	0.184351	0.253185	-0.186161	0.949337	9.50214	-5.13471	65.9215	
0.966468	0.01751	-0.256191	0.0322087	0.981527	0.188591	0.254761	-0.190518	0.94805	9.72636	-5.30098	66.759	
0.966014	0.0178524	-0.257874	0.0333509	0.980666	0.192825	0.256331	-0.194872	0.946741	9.95196	-5.4711	67.5954	
0.965557	0.0182025	-0.259555	0.0345002	0.979785	0.197054	0.257895	-0.199222	0.94541	10.179	-5.64506	68.4307	
0.965097	0.0185604	-0.261234	0.0356564	0.978885	0.201277	0.259454	-0.203566	0.944057	10.4073	-5.82286	69.2647	
0.964635	0.0189259	-0.26291	0.0368194	0.977966	0.205493	0.261006	-0.207906	0.942683	10.6371	-6.00449	70.0975	
0.968243	0.0158513	-0.249508	0.0411045	0.974314	0.221409	0.246609	-0.224633	0.942722	10.8611	-6.19542	70.9298	
0.971646	0.0125396	-0.236109	0.0451455	0.970382	0.237321	0.232092	-0.241252	0.942301	11.0724	-6.40108	71.7619	
0.974841	0.00899258	-0.222719	0.0489405	0.966169	0.253223	0.217461	-0.257752	0.941421	11.2709	-6.62136	72.5935	
0.977828	0.00521182	-0.209345	0.0524875	0.961679	0.269106	0.202725	-0.274127	0.940083	11.4564	-6.85615	73.424	
0.980605	0.00119921	-0.195993	0.055785	0.956914	0.284963	0.18789	-0.290369	0.938287	11.6288	-7.10533	74.2532	
0.98317	-0.00304329	-0.182669	0.0588311	0.951876	0.300785	0.172963	-0.306469	0.936034	11.7881	-7.3688	75.0806	
0.985522	-0.00751362	-0.169381	0.0616246	0.946567	0.316565	0.157952	-0.32242	0.933325	11.9342	-7.64641	75.9058	
0.98766	-0.0122096	-0.156135	0.064164	0.94099	0.332296	0.142864	-0.338214	0.930162	12.067	-7.93803	76.7284	
0.989584	-0.0171289	-0.142937	0.0664481	0.935148	0.34797	0.127707	-0.353843	0.926545	12.1864	-8.24353	77.548	
0.991291	-0.0222693	-0.129794	0.0684757	0.929043	0.363579	0.112487	-0.3693	0.922477	12.2924	-8.56275	78.3642	
0.992782	-0.027628	-0.116711	0.0702459	0.922679	0.379115	0.097213	-0.384577	0.91796	12.385	-8.89553	79.1766	
0.994055	-0.0332027	-0.103696	0.0717578	0.916059	0.394571	0.0818912	-0.399666	0.912995	12.4641	-9.24172	79.9849	
0.99511	-0.0389904	-0.0907552	0.0730107	0.909186	0.40994	0.0665296	-0.414561	0.907586	12.5296	-9.60115	80.7885	
0.995946	-0.0449885	-0.077894	0.074004	0.902063	0.425213	0.0511355	-0.429254	0.901735	12.5815	-9.97364	81.5872	
0.996563	-0.051194	-0.0651191	0.0747372	0.894693	0.440385	0.0357166	-0.443738	0.895445	12.6199	-10.359	82.3806	
0.996961	-0.0576039	-0.0524368	0.0752099	0.887081	0.455446	0.0202802	-0.458006	0.888718	12.6446	-10.7571	83.1681	
0.99714	-0.064215	-0.0398531	0.0754219	0.87923	0.47039	0.00483397	-0.47205	0.881558	12.6557	-11.1676	83.9496	
0.997099	-0.0710241	-0.0273743	0.0753731	0.871143	0.485209	-0.0106146	-0.485865	0.873969	12.6531	-11.5905	84.7245	
