1	0	0	0	1	0	0	0	1	0	0	0	
0.999996	-1.39127e-06	-0.00266688	-1.39127e-06	0.999999	-0.00104337	0.00266688	0.00104337	0.999996	0.00113477	0.000443959	0.851009	
0.999986	-5.57116e-06	-0.00533646	-5.57199e-06	0.999998	-0.0020881	0.00533646	0.0020881	0.999984	0.00454024	0.00177642	1.70201	
0.999968	-1.25488e-05	-0.00800863	-1.25521e-05	0.999995	-0.00313416	0.00800863	0.00313416	0.999963	0.0102186	0.00399852	2.553	
0.999943	-2.23329e-05	-0.0106833	-2.23412e-05	0.999991	-0.00418152	0.0106833	0.00418152	0.999934	0.0181722	0.00711138	3.40397	
0.999911	-3.49321e-05	-0.0133605	-3.49487e-05	0.999986	-0.00523015	0.0133605	0.00523015	0.999897	0.0284029	0.0111161	4.2549	
0.999871	-5.03546e-05	-0.0160399	-5.03837e-05	0.99998	-0.00628	0.0160399	0.00628	0.999852	0.040913	0.0160137	5.10581	
0.999825	-6.86085e-05	-0.0187217	-6.86551e-05	0.999973	-0.00733105	0.0187217	0.00733105	0.999798	0.0557042	0.0218053	5.95667	
0.999771	-8.97014e-05	-0.0214056	-8.97713e-05	0.999965	-0.00838327	0.0214056	0.00838327	0.999736	0.0727786	0.0284918	6.80748	
0.99971	-0.000113641	-0.0240916	-0.000113741	0.999955	-0.00943662	0.0240916	0.00943662	0.999665	0.0921379	0.0360743	7.65824	
0.999641	-0.000140434	-0.0267796	-0.000140571	0.999945	-0.0104911	0.0267796	0.0104911	0.999586	0.113784	0.0445536	8.50893	
0.999566	-0.000170087	-0.0294695	-0.000170271	0.999933	-0.0115466	0.0294695	0.0115466	0.999499	0.137718	0.0539308	9.35955	
0.999483	-0.000202608	-0.0321613	-0.000202846	0.999921	-0.0126031	0.0321613	0.0126031	0.999403	0.163942	0.0642066	10.2101	
0.999392	-0.000238001	-0.0348548	-0.000238306	0.999907	-0.0136607	0.0348548	0.0136607	0.999299	0.192458	0.075382	11.0606	
0.999295	-0.000276275	-0.03755	-0.000276655	0.999892	-0.0147192	0.03755	0.0147192	0.999186	0.223267	0.0874578	11.9109	
0.99919	-0.000317433	-0.0402467	-0.000317902	0.999875	-0.0157786	0.0402467	0.0157786	0.999065	0.25637	0.100435	12.7612	
0.999077	-0.000361482	-0.0429449	-0.000362052	0.999858	-0.016839	0.0429449	0.016839	0.998936	0.291768	0.114314	13.6113	
0.998958	-0.000408426	-0.0456446	-0.000409111	0.99984	-0.0179002	0.0456446	0.0179002	0.998797	0.329463	0.129095	14.4614	
0.998831	-0.000458272	-0.0483455	-0.000459085	0.99982	-0.0189622	0.0483455	0.0189622	0.998651	0.369457	0.144781	15.3113	
0.998696	-0.000511022	-0.0510477	-0.00051198	0.999799	-0.020025	0.0510477	0.0200251	0.998495	0.411749	0.16137	16.1611	
0.998554	-0.000566682	-0.053751	-0.0005678	0.999777	-0.0210886	0.053751	0.0210887	0.998332	0.456341	0.178864	17.0108	
0.998405	-0.000625256	-0.0564554	-0.000626551	0.999754	-0.022153	0.0564554	0.022153	0.998159	0.503235	0.197264	17.8603	
0.998248	-0.000686747	-0.0591607	-0.000688237	0.99973	-0.023218	0.0591607	0.023218	0.997978	0.55243	0.216569	18.7097	
0.998084	-0.000751159	-0.061867	-0.000752863	0.999705	-0.0242837	0.0618669	0.0242837	0.997789	0.603928	0.236781	19.5589	
0.997913	-0.000818494	-0.064574	-0.000820433	0.999678	-0.02535	0.064574	0.0253501	0.997591	0.657729	0.257901	20.4079	
0.997734	-0.000888757	-0.0672817	-0.000890949	0.999651	-0.0264169	0.0672817	0.026417	0.997384	0.713835	0.279928	21.2568	
0.997547	-0.000961949	-0.0699901	-0.000964417	0.999622	-0.0274844	0.0699901	0.0274845	0.997169	0.772245	0.302863	22.1055	
0.997353	-0.00103807	-0.072699	-0.00104084	0.999592	-0.0285524	0.072699	0.0285525	0.996945	0.832959	0.326707	22.954	
0.997152	-0.00111713	-0.0754084	-0.00112022	0.999561	-0.0296209	0.0754084	0.029621	0.996713	0.89598	0.351461	23.8023	
0.996943	-0.00119912	-0.0781181	-0.00120255	0.999528	-0.0306899	0.0781181	0.03069	0.996472	0.961306	0.377123	24.6504	
0.996727	-0.00128405	-0.0808282	-0.00128785	0.999495	-0.0317593	0.0808281	0.0317594	0.996222	1.02894	0.403696	25.4983	
0.996504	-0.00137192	-0.0835384	-0.00137612	0.99946	-0.0328291	0.0835383	0.0328292	0.995964	1.09888	0.431179	26.346	
0.996273	-0.00146273	-0.0862487	-0.00146735	0.999424	-0.0338992	0.0862487	0.0338994	0.995697	1.17112	0.459572	27.1935	
0.996034	-0.00155648	-0.0889591	-0.00156154	0.999387	-0.0349697	0.088959	0.0349699	0.995421	1.24567	0.488876	28.0407	
0.995788	-0.00165316	-0.0916694	-0.00165871	0.999349	-0.0360405	0.0916693	0.0360407	0.995137	1.32253	0.519092	28.8877	
0.995535	-0.00175279	-0.0943796	-0.00175884	0.99931	-0.0371115	0.0943795	0.0371118	0.994844	1.4017	0.550218	29.7344	
0.995274	-0.00185536	-0.0970895	-0.00186194	0.999269	-0.0381827	0.0970894	0.0381831	0.994543	1.48317	0.582257	30.5809	
0.995006	-0.00196086	-0.0997992	-0.00196802	0.999227	-0.0392542	0.099799	0.0392545	0.994233	1.56695	0.615207	31.4272	
0.99473	-0.00206931	-0.102508	-0.00207706	0.999184	-0.0403258	0.102508	0.0403262	0.993914	1.65303	0.649069	32.2731	
0.994447	-0.00218069	-0.105217	-0.00218907	0.99914	-0.0413975	0.105217	0.041398	0.993587	1.74142	0.683843	33.1188	
0.994156	-0.002295	-0.107925	-0.00230405	0.999095	-0.0424693	0.107925	0.0424698	0.993251	1.83211	0.719529	33.9642	
0.993858	-0.00241225	-0.110633	-0.002422	0.999049	-0.0435412	0.110633	0.0435418	0.992907	1.92511	0.756128	34.8094	
0.993553	-0.00253244	-0.11334	-0.00254292	0.999001	-0.0446131	0.113339	0.0446137	0.992554	2.02041	0.793638	35.6542	
0.99324	-0.00265555	-0.116046	-0.0026668	0.998952	-0.045685	0.116045	0.0456857	0.992193	2.11801	0.832061	36.4987	
0.99292	-0.00278159	-0.118751	-0.00279365	0.998902	-0.0467569	0.11875	0.0467576	0.991823	2.21792	0.871396	37.3429	
0.992593	-0.00291055	-0.121455	-0.00292346	0.998851	-0.0478286	0.121454	0.0478294	0.991444	2.32013	0.911643	38.1868	
0.992258	-0.00304244	-0.124158	-0.00305622	0.998799	-0.0489003	0.124157	0.0489011	0.991057	2.42464	0.952803	39.0304	
0.991916	-0.00317724	-0.12686	-0.00319195	0.998746	-0.0499718	0.126859	0.0499727	0.990661	2.53145	0.994874	39.8736	
0.991566	-0.00331495	-0.12956	-0.00333063	0.998691	-0.0510431	0.12956	0.0510441	0.990257	2.64055	1.03786	40.7165	
0.991209	-0.00345558	-0.132259	-0.00347226	0.998635	-0.0521142	0.132259	0.0521154	0.989844	2.75196	1.08175	41.559	
0.990845	-0.00359911	-0.134957	-0.00361683	0.998578	-0.0531851	0.134957	0.0531863	0.989423	2.86566	1.12656	42.4012	
0.990473	-0.00374554	-0.137654	-0.00376435	0.99852	-0.0542557	0.137653	0.054257	0.988993	2.98166	1.17228	43.243	
0.990095	-0.00389487	-0.140348	-0.00391481	0.998461	-0.055326	0.140348	0.0553274	0.988555	3.09995	1.21891	44.0845	
0.989708	-0.00404709	-0.143041	-0.0040682	0.9984	-0.0563959	0.143041	0.0563975	0.988109	3.22053	1.26644	44.9256	
0.989315	-0.0042022	-0.145733	-0.00422453	0.998339	-0.0574655	0.145732	0.0574671	0.987654	3.34341	1.31489	45.7663	
0.988914	-0.00436018	-0.148422	-0.00438378	0.998276	-0.0585346	0.148422	0.0585364	0.98719	3.46857	1.36425	46.6066	
0.988507	-0.00452104	-0.15111	-0.00454595	0.998212	-0.0596033	0.151109	0.0596052	0.986718	3.59602	1.41452	47.4465	
0.988092	-0.00468476	-0.153795	-0.00471103	0.998147	-0.0606715	0.153795	0.0606736	0.986238	3.72576	1.4657	48.286	
0.988134	-0.00466816	-0.153526	-0.00473837	0.998136	-0.0608471	0.153524	0.0608525	0.986269	3.85653	1.51741	49.1253	
0.988176	-0.00465145	-0.153256	-0.00476576	0.998125	-0.0610231	0.153252	0.0610319	0.986301	3.98706	1.56928	49.9646	
0.988218	-0.00463464	-0.152984	-0.00479317	0.998114	-0.0611997	0.152979	0.0612119	0.986332	4.11736	1.62129	50.804	
0.98826	-0.00461774	-0.152712	-0.00482062	0.998103	-0.0613769	0.152706	0.0613924	0.986363	4.24743	1.67346	51.6434	
0.988302	-0.00460073	-0.152439	-0.00484809	0.998092	-0.0615545	0.152432	0.0615735	0.986394	4.37727	1.72578	52.4828	
0.988344	-0.00458362	-0.152166	-0.00487559	0.998081	-0.0617326	0.152157	0.0617549	0.986425	4.50688	1.77826	53.3223	
0.988387	-0.00456641	-0.151891	-0.0049031	0.99807	-0.0619111	0.151881	0.0619368	0.986456	4.63625	1.83089	54.1617	
0.988429	-0.0045491	-0.151616	-0.00493063	0.998058	-0.0620901	0.151604	0.0621192	0.986487	4.76538	1.88368	55.0012	
0.988471	-0.00453169	-0.15134	-0.00495817	0.998047	-0.0622695	0.151327	0.0623019	0.986518	4.89428	1.93662	55.8408	
0.988514	-0.00451418	-0.151063	-0.00498572	0.998036	-0.0624492	0.151048	0.0624851	0.98655	5.02294	1.98972	56.6803	
0.988556	-0.00449658	-0.150786	-0.00501327	0.998024	-0.0626293	0.150769	0.0626685	0.986581	5.15137	2.04297	57.5199	
0.988599	-0.00447887	-0.150507	-0.00504083	0.998013	-0.0628098	0.150489	0.0628524	0.986612	5.27955	2.09638	58.3595	
0.988641	-0.00446107	-0.150228	-0.00506837	0.998001	-0.0629906	0.150209	0.0630365	0.986643	5.4075	2.14995	59.1991	
0.988684	-0.00444317	-0.149948	-0.00509591	0.99799	-0.0631716	0.149928	0.0632209	0.986674	5.53521	2.20367	60.0388	
0.988726	-0.00442518	-0.149668	-0.00512344	0.997978	-0.0633529	0.149646	0.0634055	0.986705	5.66268	2.25755	60.8785	
0.988769	-0.00440708	-0.149387	-0.00515095	0.997966	-0.0635345	0.149363	0.0635904	0.986735	5.78991	2.31159	61.7182	
0.988812	-0.00438889	-0.149105	-0.00517844	0.997955	-0.0637163	0.14908	0.0637756	0.986766	5.9169	2.36578	62.5579	
0.988854	-0.00437061	-0.148822	-0.00520591	0.997943	-0.0638983	0.148796	0.0639609	0.986797	6.04365	2.42014	63.3977	
0.988897	-0.00435222	-0.148539	-0.00523336	0.997931	-0.0640805	0.148511	0.0641464	0.986828	6.17015	2.47465	64.2375	
0.98894	-0.00433375	-0.148255	-0.00526077	0.997919	-0.0642628	0.148225	0.064332	0.986859	6.29641	2.52931	65.0773	
0.988982	-0.00431518	-0.147971	-0.00528815	0.997907	-0.0644453	0.147939	0.0645177	0.98689	6.42243	2.58414	65.9171	
0.989025	-0.00429651	-0.147686	-0.00531549	0.997895	-0.0646279	0.147653	0.0647036	0.986921	6.54821	2.63912	66.757	
0.989068	-0.00427776	-0.1474	-0.00534279	0.997883	-0.0648105	0.147365	0.0648895	0.986951	6.67374	2.69427	67.5969	
0.98911	-0.00425891	-0.147114	-0.00537004	0.997871	-0.0649932	0.147077	0.0650755	0.986982	6.79903	2.74957	68.4368	
0.989153	-0.00423996	-0.146827	-0.00539725	0.997859	-0.065176	0.146789	0.0652615	0.987013	6.92407	2.80503	69.2767	
0.989196	-0.00422093	-0.146539	-0.0054244	0.997847	-0.0653588	0.1465	0.0654475	0.987043	7.04887	2.86064	70.1167	
0.989239	-0.0042018	-0.146251	-0.0054515	0.997835	-0.0655415	0.14621	0.0656335	0.987074	7.17342	2.91642	70.9567	
0.992013	-0.00292549	-0.126102	-0.00462023	0.998217	-0.0595044	0.126051	0.0596117	0.990231	7.28927	2.96971	71.7981	
0.994376	-0.00177219	-0.105892	-0.00391223	0.998563	-0.0534493	0.105835	0.053563	0.99294	7.38794	3.01787	72.642	
0.996327	-0.000742414	-0.0856323	-0.00332783	0.998871	-0.0473791	0.0855708	0.0474901	0.9952	7.46939	3.06087	73.488	
0.997864	0.000163372	-0.0653308	-0.00286729	0.999143	-0.0412965	0.065268	0.0413956	0.997009	7.53357	3.0987	74.3357	
0.998987	0.000944756	-0.044997	-0.00253081	0.999377	-0.0352042	0.0449357	0.0352824	0.998367	7.58047	3.13132	75.1848	
0.999695	0.00160139	-0.0246401	-0.00231856	0.999574	-0.029105	0.024583	0.0291532	0.999273	7.61005	3.15874	76.0348	
0.999989	0.00213296	-0.00426937	-0.00223062	0.999733	-0.0230016	0.00421917	0.0230109	0.999726	7.62231	3.18094	76.8854	
0.999867	0.00253925	0.016106	-0.00226704	0.999855	-0.0168969	-0.0161466	0.0168581	0.999728	7.61723	3.1979	77.7362	
0.999331	0.00282005	0.0364768	-0.00242779	0.999939	-0.0107935	-0.036505	0.0106977	0.999276	7.59483	3.20963	78.5868	
0.998379	0.00297525	0.0568337	-0.00271282	0.999985	-0.00469423	-0.0568469	0.00453245	0.998373	7.5551	3.21611	79.4369	
0.997014	0.00300478	0.0771677	-0.00312198	0.999994	0.00139811	-0.077163	-0.00163485	0.997017	7.49808	3.21734	80.286	
0.995234	0.00290862	0.0974694	-0.00365509	0.999965	0.0074808	-0.0974443	-0.00780141	0.99521	7.42378	3.21333	81.1337	
0.993042	0.00268682	0.11773	-0.00431191	0.999899	0.0135511	-0.117681	-0.0139644	0.992953	7.33224	3.20407	81.9797	
0.990438	0.00233947	0.137939	-0.00509215	0.999795	0.0196062	-0.137865	-0.0201211	0.990247	7.2235	3.18956	82.8236	
0.987423	0.00186673	0.158089	-0.00599545	0.999653	0.0256434	-0.157987	-0.0262687	0.987092	7.09761	3.16982	83.665	
