1	0	0	0	1	0	0	0	1	0	0	0	
0.999999	1.89356e-06	-0.00109527	1.89356e-06	0.999994	0.00345769	0.00109527	-0.00345769	0.999993	0.000429259	-0.00135514	0.783837	
0.999998	7.57566e-06	-0.00219055	7.57827e-06	0.999976	0.00691777	0.00219055	-0.00691777	0.999974	0.00171704	-0.00542148	1.56766	
0.999995	1.70489e-05	-0.00328581	1.70593e-05	0.999946	0.0103802	0.00328581	-0.0103802	0.999941	0.00386333	-0.0122009	2.35147	
0.99999	3.03157e-05	-0.00438102	3.03418e-05	0.999904	0.0138448	0.00438102	-0.0138448	0.999895	0.00686811	-0.0216951	3.13524	
0.999985	4.73782e-05	-0.00547615	4.74304e-05	0.99985	0.0173116	0.00547615	-0.0173116	0.999835	0.0107313	-0.0339059	3.91898	
0.999978	6.82384e-05	-0.00657119	6.83297e-05	0.999784	0.0207804	0.00657118	-0.0207804	0.999762	0.0154529	-0.0488349	4.70266	
0.999971	9.28979e-05	-0.00766609	9.3044e-05	0.999706	0.0242512	0.00766608	-0.0242512	0.999677	0.0210328	-0.0664837	5.48628	
0.999962	0.000121358	-0.00876083	0.000121578	0.999616	0.0277239	0.00876083	-0.0277239	0.999577	0.0274708	-0.0868537	6.26982	
0.999951	0.000153621	-0.00985539	0.000153934	0.999513	0.0311984	0.00985539	-0.0311984	0.999465	0.0347669	-0.109947	7.05329	
0.99994	0.000189686	-0.0109497	0.000190118	0.999399	0.0346747	0.0109497	-0.0346747	0.999339	0.0429208	-0.135764	7.83666	
0.999927	0.000229556	-0.0120438	0.000230132	0.999272	0.0381526	0.0120438	-0.0381526	0.999199	0.0519324	-0.164306	8.61992	
0.999914	0.00027323	-0.0131377	0.000273979	0.999133	0.041632	0.0131377	-0.041632	0.999047	0.0618016	-0.195575	9.40308	
0.999899	0.000320709	-0.0142312	0.000321663	0.998982	0.0451129	0.0142312	-0.0451129	0.998881	0.072528	-0.229572	10.1861	
0.999883	0.000371994	-0.0153245	0.000373186	0.998818	0.0485952	0.0153244	-0.0485952	0.998701	0.0841114	-0.266298	10.969	
0.999865	0.000427084	-0.0164174	0.000428552	0.998643	0.0520789	0.0164173	-0.0520789	0.998508	0.0965517	-0.305754	11.7517	
0.999847	0.000485978	-0.0175099	0.000487761	0.998455	0.0555637	0.0175098	-0.0555637	0.998302	0.109848	-0.347942	12.5343	
0.999827	0.000548677	-0.018602	0.000550818	0.998255	0.0590497	0.0186019	-0.0590497	0.998082	0.124001	-0.392861	13.3168	
0.999806	0.000615179	-0.0196937	0.000617723	0.998042	0.0625367	0.0196936	-0.0625368	0.997848	0.13901	-0.440513	14.099	
0.999784	0.000685485	-0.0207849	0.000688479	0.997818	0.0660248	0.0207848	-0.0660248	0.997601	0.154874	-0.490899	14.8811	
0.99976	0.000759592	-0.0218757	0.000763087	0.997581	0.0695137	0.0218756	-0.0695137	0.997341	0.171594	-0.544019	15.6629	
0.999736	0.0008375	-0.0229659	0.000841547	0.997331	0.0730034	0.0229658	-0.0730034	0.997067	0.189168	-0.599874	16.4446	
0.99971	0.000919206	-0.0240556	0.000923863	0.99707	0.0764938	0.0240555	-0.0764938	0.99678	0.207597	-0.658465	17.226	
0.999683	0.00100471	-0.0251448	0.00101003	0.996796	0.0799849	0.0251446	-0.0799849	0.996479	0.226879	-0.719792	18.0072	
0.999655	0.00109401	-0.0262334	0.00110006	0.996509	0.0834765	0.0262331	-0.0834766	0.996164	0.247015	-0.783856	18.7881	
0.999626	0.0011871	-0.0273213	0.00119394	0.99621	0.0869686	0.027321	-0.0869687	0.995836	0.268004	-0.850657	19.5688	
0.999596	0.00128398	-0.0284087	0.00129168	0.995899	0.0904611	0.0284083	-0.0904612	0.995495	0.289845	-0.920195	20.3493	
0.999564	0.00138465	-0.0294953	0.00139328	0.995576	0.0939538	0.0294949	-0.093954	0.99514	0.312539	-0.992471	21.1295	
0.999531	0.00148911	-0.0305813	0.00149874	0.99524	0.0974468	0.0305808	-0.097447	0.994771	0.336084	-1.06748	21.9093	
0.999497	0.00159734	-0.0316666	0.00160805	0.994891	0.10094	0.031666	-0.10094	0.994388	0.360479	-1.14524	22.6889	
0.999462	0.00170936	-0.0327511	0.00172121	0.99453	0.104433	0.0327505	-0.104433	0.993992	0.385725	-1.22573	23.4682	
0.999426	0.00182515	-0.0338349	0.00183824	0.994157	0.107926	0.0338341	-0.107927	0.993583	0.411821	-1.30895	24.2472	
0.999388	0.00194472	-0.0349178	0.00195911	0.993772	0.111419	0.034917	-0.11142	0.99316	0.438766	-1.39492	25.0258	
0.99935	0.00206805	-0.036	0.00208384	0.993373	0.114912	0.035999	-0.114913	0.992723	0.46656	-1.48362	25.8041	
0.99931	0.00219515	-0.0370813	0.00221243	0.992963	0.118405	0.0370802	-0.118405	0.992273	0.495201	-1.57507	26.5821	
0.999269	0.002326	-0.0381617	0.00234486	0.99254	0.121897	0.0381605	-0.121897	0.991809	0.524689	-1.66925	27.3597	
0.999227	0.00246062	-0.0392412	0.00248114	0.992105	0.125389	0.0392399	-0.125389	0.991331	0.555024	-1.76616	28.1369	
0.999183	0.00259898	-0.0403198	0.00262127	0.991657	0.12888	0.0403184	-0.12888	0.99084	0.586204	-1.86582	28.9138	
0.999139	0.00274109	-0.0413975	0.00276524	0.991196	0.132371	0.0413959	-0.132371	0.990335	0.61823	-1.9682	29.6902	
0.999093	0.00288694	-0.0424742	0.00291305	0.990724	0.135861	0.0424724	-0.135861	0.989817	0.651099	-2.07333	30.4663	
0.999047	0.00303652	-0.0435499	0.0030647	0.990238	0.13935	0.0435479	-0.13935	0.989285	0.684812	-2.18119	31.2419	
0.998999	0.00318984	-0.0446246	0.00322019	0.989741	0.142838	0.0446224	-0.142839	0.98874	0.719368	-2.29179	32.0172	
0.99895	0.00334688	-0.0456982	0.00337952	0.989231	0.146325	0.0456958	-0.146326	0.98818	0.754766	-2.40512	32.792	
0.998899	0.00350764	-0.0467708	0.00354267	0.988708	0.149812	0.0467681	-0.149812	0.987608	0.791004	-2.52118	33.5663	
0.998848	0.00367211	-0.0478423	0.00370965	0.988173	0.153297	0.0478394	-0.153298	0.987021	0.828083	-2.63997	34.3402	
0.998796	0.00384029	-0.0489126	0.00388046	0.987626	0.156781	0.0489094	-0.156782	0.986421	0.866	-2.7615	35.1136	
0.998742	0.00401217	-0.0499818	0.00405508	0.987066	0.160264	0.0499784	-0.160265	0.985808	0.904756	-2.88576	35.8866	
0.998687	0.00418775	-0.0510498	0.00423352	0.986494	0.163745	0.0510461	-0.163746	0.985181	0.94435	-3.01274	36.6591	
0.998631	0.00436701	-0.0521167	0.00441577	0.985909	0.167225	0.0521126	-0.167226	0.98454	0.98478	-3.14246	37.431	
0.998574	0.00454995	-0.0531823	0.00460183	0.985312	0.170703	0.0531778	-0.170705	0.983886	1.02605	-3.2749	38.2025	
0.998516	0.00473656	-0.0542467	0.00479169	0.984702	0.17418	0.0542418	-0.174182	0.983218	1.06815	-3.41007	38.9735	
0.998457	0.00492684	-0.0553098	0.00498535	0.98408	0.177655	0.0553046	-0.177657	0.982537	1.11108	-3.54796	39.7439	
0.998397	0.00512078	-0.0563716	0.00518281	0.983446	0.181129	0.056366	-0.18113	0.981843	1.15484	-3.68857	40.5138	
0.998335	0.00531837	-0.0574321	0.00538405	0.982799	0.1846	0.057426	-0.184602	0.981134	1.19944	-3.83191	41.2831	
0.998273	0.0055196	-0.0584913	0.00558907	0.98214	0.18807	0.0584847	-0.188072	0.980412	1.24487	-3.97797	42.0518	
0.998312	0.00539287	-0.0578329	0.00566172	0.981904	0.189294	0.0578072	-0.189302	0.980216	1.29045	-4.12587	42.8203	
0.99835	0.00526469	-0.0571714	0.00573367	0.981666	0.190522	0.0571262	-0.190535	0.980017	1.33549	-4.27474	43.5885	
0.998389	0.00513505	-0.0565068	0.00580492	0.981426	0.191751	0.0564419	-0.19177	0.979816	1.38	-4.42457	44.3566	
0.998427	0.00500399	-0.0558394	0.00587545	0.981185	0.192983	0.0557544	-0.193008	0.979612	1.42397	-4.57537	45.1245	
0.998465	0.00487149	-0.0551691	0.00594525	0.980941	0.194217	0.0550637	-0.194247	0.979406	1.4674	-4.72714	45.8923	
0.998503	0.00473757	-0.0544961	0.00601432	0.980695	0.195453	0.05437	-0.195488	0.979198	1.51029	-4.87989	46.6599	
0.99854	0.00460224	-0.0538205	0.00608263	0.980447	0.196691	0.0536733	-0.196731	0.978987	1.55264	-5.03361	47.4274	
0.998577	0.00446552	-0.0531423	0.00615018	0.980197	0.197931	0.0529738	-0.197976	0.978774	1.59443	-5.1883	48.1947	
0.998614	0.00432741	-0.0524617	0.00621696	0.979945	0.199173	0.0522715	-0.199223	0.978559	1.63568	-5.34397	48.9618	
0.99865	0.00418792	-0.0517788	0.00628295	0.979691	0.200417	0.0515665	-0.200471	0.978341	1.67638	-5.50062	49.7287	
0.998686	0.00404708	-0.0510936	0.00634815	0.979435	0.201662	0.050859	-0.201721	0.978122	1.71652	-5.65824	50.4955	
0.998721	0.00390488	-0.0504063	0.00641255	0.979177	0.202909	0.0501491	-0.202973	0.977899	1.75611	-5.81685	51.2621	
0.998756	0.00376134	-0.049717	0.00647614	0.978917	0.204158	0.0494367	-0.204226	0.977675	1.79514	-5.97644	52.0285	
0.998791	0.00361648	-0.0490257	0.00653891	0.978655	0.205408	0.0487221	-0.20548	0.977448	1.83361	-6.13701	52.7948	
0.998825	0.0034703	-0.0483326	0.00660084	0.978391	0.20666	0.0480053	-0.206736	0.977218	1.87152	-6.29857	53.5609	
0.998859	0.00332283	-0.0476377	0.00666194	0.978125	0.207913	0.0472865	-0.207993	0.976987	1.90886	-6.46111	54.3267	
0.998893	0.00317408	-0.0469412	0.00672219	0.977857	0.209167	0.0465657	-0.209251	0.976753	1.94565	-6.62463	55.0925	
0.998926	0.00302406	-0.0462431	0.00678158	0.977587	0.210422	0.045843	-0.21051	0.976516	1.98186	-6.78915	55.858	
0.998958	0.00287279	-0.0455436	0.0068401	0.977315	0.211679	0.0451185	-0.21177	0.976278	2.01751	-6.95465	56.6233	
0.99899	0.00272028	-0.0448427	0.00689776	0.977042	0.212936	0.0443924	-0.21303	0.976037	2.05259	-7.12113	57.3885	
0.999022	0.00256656	-0.0441405	0.00695453	0.976766	0.214195	0.0436647	-0.214292	0.975793	2.08711	-7.28861	58.1534	
0.999053	0.00241163	-0.0434372	0.00701042	0.976489	0.215454	0.0429355	-0.215554	0.975547	2.12105	-7.45707	58.9182	
0.999084	0.00225551	-0.0427328	0.00706541	0.97621	0.216714	0.042205	-0.216817	0.975299	2.15441	-7.62653	59.6828	
0.999114	0.00209823	-0.0420274	0.00711951	0.975928	0.217975	0.0414731	-0.218081	0.975049	2.18721	-7.79697	60.4471	
0.999144	0.00193979	-0.0413212	0.0071727	0.975645	0.219236	0.0407401	-0.219345	0.974796	2.21943	-7.96841	61.2113	
0.999173	0.00178022	-0.0406142	0.00722497	0.975361	0.220498	0.040006	-0.220609	0.974541	2.25108	-8.14084	61.9753	
0.999202	0.00161955	-0.0399065	0.00727633	0.975074	0.221761	0.039271	-0.221874	0.974284	2.28215	-8.31425	62.7391	
0.99923	0.00145777	-0.0391983	0.00732676	0.974786	0.223024	0.038535	-0.223139	0.974025	2.31264	-8.48866	63.5027	
0.999258	0.00129493	-0.0384895	0.00737626	0.974495	0.224287	0.0377983	-0.224404	0.973763	2.34256	-8.66406	64.2661	
0.999285	0.00113103	-0.0377804	0.00742483	0.974203	0.22555	0.0370609	-0.225669	0.973499	2.37189	-8.84046	65.0292	
0.999312	0.000966093	-0.037071	0.00747246	0.97391	0.226814	0.0363229	-0.226935	0.973232	2.40066	-9.01784	65.7922	
0.999338	0.000800148	-0.0363614	0.00751915	0.973614	0.228077	0.0355845	-0.2282	0.972964	2.42884	-9.19622	66.5549	
0.999364	0.000633213	-0.0356517	0.00756489	0.973317	0.229341	0.0348456	-0.229465	0.972693	2.45644	-9.37558	67.3175	
0.999389	0.00046531	-0.034942	0.00760968	0.973018	0.230604	0.0341065	-0.230729	0.97242	2.48346	-9.55594	68.0798	
0.999414	0.000296461	-0.0342325	0.00765351	0.972717	0.231868	0.0333672	-0.231994	0.972145	2.50991	-9.73729	68.8419	
0.999438	0.000126688	-0.0335231	0.00769639	0.972415	0.233131	0.0326279	-0.233258	0.971867	2.53577	-9.91963	69.6038	
0.999461	-4.39845e-05	-0.032814	0.00773831	0.972111	0.234394	0.0318885	-0.234521	0.971588	2.56106	-10.103	70.3655	
0.999778	-0.00282465	-0.0208925	0.00734321	0.975585	0.2195	0.0197623	-0.219605	0.975389	2.5813	-10.281	71.1286	
0.999945	-0.00542212	-0.00892666	0.00713369	0.97883	0.204552	0.00762857	-0.204604	0.978815	2.59204	-10.4472	71.8945	
0.999965	-0.00783542	0.00307879	0.00710982	0.981845	0.189553	-0.00450813	-0.189525	0.981866	2.59326	-10.6017	72.6629	
0.999835	-0.0100636	0.0151193	0.00727161	0.984628	0.174512	-0.0166431	-0.174373	0.984539	2.58497	-10.7443	73.4336	
0.999557	-0.0121058	0.0271902	0.00761901	0.98718	0.159432	-0.0287717	-0.159154	0.986834	2.56717	-10.875	74.2063	
0.99913	-0.0139613	0.0392869	0.00815188	0.989498	0.14432	-0.0408892	-0.143874	0.988751	2.53987	-10.9938	74.9806	
0.998556	-0.0156293	0.0514048	0.00887001	0.991581	0.129181	-0.0529911	-0.128538	0.990288	2.50307	-11.1006	75.7562	
0.997833	-0.0171092	0.0635392	0.00977313	0.99343	0.114022	-0.0650725	-0.113154	0.991444	2.4568	-11.1953	76.5329	
