1	0	0	0	1	0	0	0	1	0	0	0	
1	-6.50948e-07	0.000368841	-6.50948e-07	0.999994	0.00352968	-0.000368841	-0.00352968	0.999994	-0.00017194	-0.0016454	0.932321	
1	-2.61472e-06	0.000739564	-2.60997e-06	0.999975	0.00706447	-0.000739564	-0.00706447	0.999975	-0.000688636	-0.006584	1.86463	
0.999999	-5.90648e-06	0.00111216	-5.88742e-06	0.999944	0.0106042	-0.00111216	-0.0106042	0.999943	-0.00155184	-0.0148205	2.79692	
0.999999	-1.05413e-05	0.00148661	-1.04936e-05	0.9999	0.0141488	-0.00148661	-0.0141488	0.999899	-0.00276329	-0.0263594	3.72917	
0.999998	-1.65341e-05	0.00186292	-1.64385e-05	0.999843	0.0176981	-0.00186292	-0.0176981	0.999842	-0.00432471	-0.0412052	4.66137	
0.999997	-2.38999e-05	0.00224106	-2.37324e-05	0.999774	0.0212519	-0.00224106	-0.0212519	0.999772	-0.00623783	-0.0593622	5.59351	
0.999997	-3.26535e-05	0.00262104	-3.2385e-05	0.999692	0.0248102	-0.00262104	-0.0248102	0.999689	-0.00850436	-0.0808346	6.52559	
0.999995	-4.28095e-05	0.00300283	-4.24063e-05	0.999597	0.0283727	-0.00300283	-0.0283727	0.999593	-0.011126	-0.105626	7.45758	
0.999994	-5.43826e-05	0.00338642	-5.38058e-05	0.99949	0.0319394	-0.00338643	-0.0319394	0.999484	-0.0141044	-0.133742	8.38947	
0.999993	-6.73874e-05	0.00377182	-6.65932e-05	0.999369	0.0355101	-0.00377183	-0.0355101	0.999362	-0.0174413	-0.165184	9.32126	
0.999991	-8.18382e-05	0.00415899	-8.0778e-05	0.999236	0.0390847	-0.00415901	-0.0390847	0.999227	-0.0211384	-0.199957	10.2529	
0.99999	-9.77494e-05	0.00454794	-9.63694e-05	0.99909	0.042663	-0.00454797	-0.042663	0.999079	-0.0251973	-0.238065	11.1845	
0.999988	-0.000115135	0.00493864	-0.000113377	0.99893	0.046245	-0.00493868	-0.046245	0.998918	-0.0296196	-0.279511	12.1158	
0.999986	-0.00013401	0.0053311	-0.000131809	0.998758	0.0498304	-0.00533115	-0.0498304	0.998743	-0.034407	-0.324297	13.0471	
0.999984	-0.000154387	0.00572529	-0.000151675	0.998572	0.0534191	-0.00572536	-0.0534191	0.998556	-0.0395611	-0.372428	13.9781	
0.999981	-0.000176282	0.0061212	-0.000172984	0.998374	0.0570111	-0.00612129	-0.0570111	0.998355	-0.0450836	-0.423907	14.909	
0.999979	-0.000199706	0.00651882	-0.000195745	0.998162	0.0606061	-0.00651894	-0.060606	0.99814	-0.050976	-0.478735	15.8397	
0.999976	-0.000224675	0.00691814	-0.000219966	0.997937	0.064204	-0.00691829	-0.064204	0.997913	-0.0572399	-0.536917	16.7702	
0.999973	-0.000251202	0.00731915	-0.000245656	0.997699	0.0678047	-0.00731934	-0.0678047	0.997672	-0.0638769	-0.598454	17.7005	
0.99997	-0.0002793	0.00772182	-0.000272822	0.997447	0.0714081	-0.00772206	-0.071408	0.997417	-0.0708887	-0.66335	18.6305	
0.999967	-0.000308982	0.00812616	-0.000301474	0.997182	0.0750139	-0.00812644	-0.0750139	0.997149	-0.0782766	-0.731607	19.5603	
0.999964	-0.000340262	0.00853214	-0.000331619	0.996904	0.0786222	-0.00853248	-0.0786222	0.996868	-0.0860424	-0.803226	20.4898	
0.99996	-0.000373154	0.00893976	-0.000363265	0.996613	0.0822327	-0.00894016	-0.0822327	0.996573	-0.0941875	-0.87821	21.4191	
0.999956	-0.000407669	0.00934899	-0.00039642	0.996308	0.0858453	-0.00934947	-0.0858453	0.996265	-0.102713	-0.956562	22.3481	
0.999952	-0.000443821	0.00975983	-0.000431093	0.99599	0.0894599	-0.0097604	-0.0894598	0.995943	-0.111622	-1.03828	23.2768	
0.999948	-0.000481622	0.0101723	-0.000467289	0.995659	0.0930763	-0.0101729	-0.0930762	0.995607	-0.120914	-1.12337	24.2052	
0.999944	-0.000521085	0.0105863	-0.000505017	0.995314	0.0966944	-0.010587	-0.0966943	0.995258	-0.130591	-1.21184	25.1332	
0.999939	-0.000562223	0.0110018	-0.000544285	0.994956	0.100314	-0.0110027	-0.100314	0.994895	-0.140656	-1.30368	26.061	
0.999935	-0.000605047	0.0114189	-0.000585098	0.994584	0.103935	-0.01142	-0.103935	0.994519	-0.151108	-1.39889	26.9884	
0.99993	-0.000649571	0.0118376	-0.000627465	0.994199	0.107558	-0.0118388	-0.107557	0.994128	-0.161951	-1.49748	27.9154	
0.999925	-0.000695805	0.0122578	-0.000671392	0.9938	0.111181	-0.0122591	-0.111181	0.993725	-0.173184	-1.59945	28.842	
0.999919	-0.000743763	0.0126794	-0.000716886	0.993388	0.114806	-0.012681	-0.114806	0.993307	-0.18481	-1.70479	29.7683	
0.999914	-0.000793455	0.0131026	-0.000763953	0.992962	0.118431	-0.0131044	-0.118431	0.992876	-0.196831	-1.81352	30.6942	
0.999908	-0.000844893	0.0135272	-0.0008126	0.992523	0.122057	-0.0135292	-0.122057	0.992431	-0.209246	-1.92562	31.6197	
0.999902	-0.000898089	0.0139533	-0.000862833	0.99207	0.125684	-0.0139556	-0.125684	0.991972	-0.222058	-2.04111	32.5447	
0.999896	-0.000953054	0.0143809	-0.000914658	0.991604	0.129312	-0.0143834	-0.129311	0.9915	-0.235269	-2.15998	33.4694	
0.99989	-0.0010098	0.0148099	-0.000968081	0.991124	0.132939	-0.0148126	-0.132939	0.991014	-0.248879	-2.28223	34.3935	
0.999883	-0.00106833	0.0152402	-0.00102311	0.99063	0.136567	-0.0152433	-0.136567	0.990514	-0.26289	-2.40787	35.3172	
0.999877	-0.00112867	0.015672	-0.00107975	0.990123	0.140195	-0.0156755	-0.140195	0.99	-0.277303	-2.53688	36.2405	
0.99987	-0.00119082	0.0161052	-0.001138	0.989603	0.143823	-0.016109	-0.143822	0.989472	-0.29212	-2.66928	37.1632	
0.999862	-0.0012548	0.0165397	-0.00119787	0.989069	0.147451	-0.0165439	-0.14745	0.988931	-0.307342	-2.80506	38.0855	
0.999855	-0.00132061	0.0169756	-0.00125937	0.988521	0.151078	-0.0169802	-0.151077	0.988376	-0.322969	-2.94422	39.0072	
0.999847	-0.00138826	0.0174128	-0.0013225	0.98796	0.154705	-0.0174179	-0.154704	0.987807	-0.339004	-3.08677	39.9285	
0.99984	-0.00145776	0.0178513	-0.00138727	0.987385	0.158331	-0.0178569	-0.15833	0.987225	-0.355448	-3.23269	40.8491	
0.999832	-0.00152913	0.0182912	-0.00145368	0.986797	0.161957	-0.0182973	-0.161956	0.986628	-0.372302	-3.382	41.7693	
0.999823	-0.00160237	0.0187323	-0.00152173	0.986195	0.165581	-0.018739	-0.165581	0.986018	-0.389567	-3.53468	42.6889	
0.999815	-0.0016775	0.0191747	-0.00159144	0.98558	0.169205	-0.019182	-0.169204	0.985394	-0.407244	-3.69075	43.6079	
0.999806	-0.00175451	0.0196183	-0.0016628	0.984951	0.172828	-0.0196263	-0.172827	0.984757	-0.425335	-3.85019	44.5263	
0.999797	-0.00183343	0.0200631	-0.00173581	0.984308	0.176449	-0.0200718	-0.176448	0.984105	-0.443841	-4.01301	45.4441	
0.999788	-0.00191426	0.0205092	-0.00181049	0.983652	0.180069	-0.0205186	-0.180068	0.98344	-0.462763	-4.1792	46.3613	
0.999778	-0.00199701	0.0209565	-0.00188684	0.982983	0.183687	-0.0209667	-0.183686	0.982761	-0.482101	-4.34877	47.2778	
0.999769	-0.00208168	0.021405	-0.00196486	0.9823	0.187304	-0.021416	-0.187303	0.982069	-0.501859	-4.52171	48.1938	
0.999759	-0.0021683	0.0218546	-0.00204455	0.981604	0.190919	-0.0218665	-0.190918	0.981362	-0.522035	-4.69802	49.109	
0.999749	-0.00225685	0.0223053	-0.00212591	0.980894	0.194532	-0.0223182	-0.194531	0.980642	-0.542633	-4.8777	50.0237	
0.999738	-0.00234736	0.0227572	-0.00220896	0.980171	0.198143	-0.0227711	-0.198142	0.979909	-0.563652	-5.06075	50.9376	
0.999728	-0.00243983	0.0232102	-0.00229369	0.979434	0.201752	-0.0232251	-0.20175	0.979162	-0.585093	-5.24717	51.8508	
0.999717	-0.00253427	0.0236643	-0.00238011	0.978684	0.205359	-0.0236803	-0.205357	0.978401	-0.606959	-5.43695	52.7634	
0.999706	-0.00263068	0.0241195	-0.00246821	0.97792	0.208963	-0.0241367	-0.208961	0.977626	-0.629249	-5.63009	53.6752	
0.999694	-0.00272908	0.0245757	-0.00255801	0.977144	0.212564	-0.0245941	-0.212562	0.976838	-0.651966	-5.82658	54.5863	
0.999683	-0.00282946	0.025033	-0.0026495	0.976354	0.216163	-0.0250527	-0.216161	0.976036	-0.675109	-6.02644	55.4967	
0.999671	-0.00293184	0.0254913	-0.00274269	0.97555	0.219759	-0.0255123	-0.219757	0.975221	-0.698681	-6.22965	56.4063	
0.999656	-0.00305683	0.0260456	-0.00274939	0.975493	0.220012	-0.0260799	-0.220008	0.975149	-0.722731	-6.43465	57.3154	
0.999641	-0.00318246	0.0266021	-0.00275624	0.975436	0.220266	-0.0266496	-0.22026	0.975077	-0.747311	-6.63988	58.2246	
0.999626	-0.00330871	0.0271607	-0.00276324	0.975379	0.220519	-0.0272216	-0.220512	0.975004	-0.772424	-6.84536	59.1336	
0.99961	-0.00343558	0.0277213	-0.0027704	0.975321	0.220773	-0.0277957	-0.220764	0.974931	-0.798071	-7.05106	60.0426	
0.999594	-0.00356305	0.0282839	-0.00277771	0.975264	0.221027	-0.0283718	-0.221016	0.974858	-0.824254	-7.257	60.9515	
0.999577	-0.0036911	0.0288484	-0.00278517	0.975206	0.221281	-0.0289499	-0.221267	0.974783	-0.850975	-7.46318	61.8604	
0.99956	-0.00381972	0.0294146	-0.00279279	0.975149	0.221535	-0.0295298	-0.221519	0.974709	-0.878236	-7.66959	62.7691	
0.999543	-0.00394889	0.0299827	-0.00280057	0.975091	0.221789	-0.0301116	-0.221771	0.974634	-0.906039	-7.87623	63.6779	
0.999525	-0.0040786	0.0305524	-0.0028085	0.975033	0.222043	-0.0306952	-0.222023	0.974558	-0.934385	-8.08311	64.5865	
0.999507	-0.00420883	0.0311237	-0.00281658	0.974975	0.222297	-0.0312804	-0.222275	0.974482	-0.963275	-8.29023	65.4951	
0.999488	-0.00433957	0.0316965	-0.00282482	0.974917	0.222551	-0.0318672	-0.222527	0.974406	-0.992712	-8.49758	66.4036	
0.999469	-0.0044708	0.0322707	-0.00283322	0.974859	0.222806	-0.0324555	-0.222779	0.974329	-1.0227	-8.70516	67.312	
0.99945	-0.0046025	0.0328464	-0.00284177	0.9748	0.22306	-0.0330453	-0.223031	0.974251	-1.05323	-8.91298	68.2203	
0.99943	-0.00473466	0.0334234	-0.00285048	0.974742	0.223315	-0.0336365	-0.223283	0.974173	-1.08432	-9.12103	69.1286	
0.99941	-0.00486726	0.0340016	-0.00285935	0.974684	0.223569	-0.0342289	-0.223535	0.974095	-1.11595	-9.32932	70.0368	
0.999389	-0.00500029	0.0345809	-0.00286837	0.974625	0.223824	-0.0348226	-0.223786	0.974016	-1.14814	-9.53785	70.945	
0.999365	-0.00515017	0.0352699	-0.00204818	0.979574	0.201074	-0.0355851	-0.201018	0.978941	-1.18096	-9.73588	71.8554	
0.999339	-0.00528394	0.0359622	-0.00121044	0.983991	0.178215	-0.0363282	-0.17814	0.983334	-1.21449	-9.91264	72.7702	
0.999313	-0.00540153	0.0366574	-0.000355627	0.987874	0.155259	-0.0370515	-0.155166	0.987193	-1.2487	-10.068	73.6888	
0.999287	-0.00550288	0.0373552	0.00051581	0.99122	0.132221	-0.0377548	-0.132107	0.990516	-1.28357	-10.2019	74.6108	
0.99926	-0.00558794	0.0380551	0.00140339	0.994029	0.109111	-0.0384375	-0.108977	0.993301	-1.31909	-10.3143	75.5356	
0.999233	-0.00565665	0.0387568	0.00230664	0.996297	0.0859421	-0.0390994	-0.0857868	0.995546	-1.35524	-10.4051	76.4628	
0.999205	-0.00570898	0.0394598	0.00322505	0.998025	0.0627276	-0.03974	-0.0625505	0.99725	-1.39199	-10.4743	77.3918	
0.999177	-0.00574491	0.0401639	0.00415815	0.999212	0.0394797	-0.040359	-0.0392802	0.998413	-1.42933	-10.5218	78.3221	
0.999148	-0.00576441	0.0408686	0.00510541	0.999856	0.016211	-0.0409562	-0.0159885	0.999033	-1.46724	-10.5475	79.2533	
0.999119	-0.00576747	0.0415736	0.00606632	0.999957	-0.00706585	-0.041531	0.00731182	0.99911	-1.50569	-10.5516	80.1848	
0.999089	-0.00575409	0.0422784	0.00704036	0.999515	-0.0303382	-0.0420833	0.0306082	0.998645	-1.54467	-10.5339	81.1161	
0.999059	-0.00572428	0.0429827	0.008027	0.998531	-0.0535933	-0.0426127	0.0538879	0.997637	-1.58416	-10.4945	82.0467	
0.999029	-0.00567805	0.0436861	0.00902571	0.997004	-0.0768187	-0.043119	0.0771384	0.996088	-1.62412	-10.4334	82.9762	
0.998999	-0.00561544	0.0443882	0.0100359	0.994937	-0.100002	-0.0436019	0.100347	0.993997	-1.66455	-10.3507	83.9039	
0.998968	-0.00553646	0.0450886	0.0110571	0.992329	-0.12313	-0.0440611	0.123501	0.991366	-1.70542	-10.2463	84.8295	
0.998936	-0.00544117	0.045787	0.0120888	0.989183	-0.14619	-0.0444963	0.146588	0.988196	-1.7467	-10.1204	85.7523	
0.998905	-0.00532962	0.046483	0.0131303	0.985499	-0.16917	-0.0449074	0.169595	0.98449	-1.78838	-9.97301	86.6719	
0.998873	-0.00520187	0.0471762	0.014181	0.981281	-0.192058	-0.045294	0.19251	0.980249	-1.83043	-9.8042	87.5879	
0.998841	-0.00505798	0.0478662	0.0152405	0.97653	-0.214841	-0.0456561	0.215321	0.975475	-1.87283	-9.61408	88.4996	
0.998809	-0.00489804	0.0485526	0.0163082	0.971249	-0.237506	-0.0459934	0.238015	0.970172	-1.91555	-9.40274	89.4066	
0.998776	-0.00472214	0.0492351	0.0173834	0.965441	-0.260041	-0.0463056	0.260579	0.964341	-1.95858	-9.1703	90.3084	
0.998743	-0.00453036	0.0499133	0.0184656	0.959109	-0.282435	-0.0465928	0.283002	0.957987	-2.00189	-8.9169	91.2046	
