1	0	0	0	1	0	0	0	1	0	0	0	
1	-4.63356e-09	-6.37178e-05	-4.63356e-09	1	-0.00014544	6.37178e-05	0.00014544	1	3.25186e-05	7.42257e-05	1.02071	
1	-1.84372e-08	-0.000127128	-1.84215e-08	1	-0.000289933	0.000127128	0.000289933	1	0.000129918	0.00029642	2.04141	
1	-4.12602e-08	-0.000190227	-4.11979e-08	1	-0.000433471	0.000190227	0.000433471	1	0.000291881	0.000665611	3.06212	
1	-7.29505e-08	-0.00025301	-7.27958e-08	1	-0.000576049	0.00025301	0.000576049	1	0.000518089	0.00118082	4.08283	
1	-1.13355e-07	-0.000315473	-1.13047e-07	1	-0.000717659	0.000315473	0.000717659	1	0.000808216	0.00184107	5.10353	
1	-1.62318e-07	-0.00037761	-1.61783e-07	1	-0.000858294	0.00037761	0.000858294	1	0.00116193	0.00264536	6.12424	
1	-2.19683e-07	-0.000439419	-2.18834e-07	1	-0.000997948	0.000439419	0.000997948	0.999999	0.00157891	0.0035927	7.14495	
1	-2.85294e-07	-0.000500894	-2.84029e-07	0.999999	-0.00113661	0.000500894	0.00113661	0.999999	0.0020588	0.00468209	8.16565	
1	-3.58992e-07	-0.000562031	-3.57196e-07	0.999999	-0.00127429	0.000562031	0.00127429	0.999999	0.00260127	0.0059125	9.18636	
1	-4.40616e-07	-0.000622825	-4.38163e-07	0.999999	-0.00141096	0.000622826	0.00141096	0.999999	0.00320596	0.00728292	10.2071	
1	-5.30007e-07	-0.000683274	-5.26758e-07	0.999999	-0.00154662	0.000683274	0.00154662	0.999999	0.00387253	0.00879233	11.2278	
1	-6.27001e-07	-0.000743371	-6.22806e-07	0.999999	-0.00168127	0.000743371	0.00168127	0.999998	0.00460063	0.0104397	12.2485	
1	-7.31435e-07	-0.000803113	-7.26134e-07	0.999998	-0.0018149	0.000803113	0.0018149	0.999998	0.00538988	0.012224	13.2692	
1	-8.43146e-07	-0.000862496	-8.36566e-07	0.999998	-0.0019475	0.000862496	0.0019475	0.999998	0.00623993	0.0141441	14.2899	
1	-9.61968e-07	-0.000921515	-9.53926e-07	0.999998	-0.00207907	0.000921515	0.00207907	0.999997	0.00715041	0.0161991	15.3106	
1	-1.08773e-06	-0.000980166	-1.07804e-06	0.999998	-0.0022096	0.000980166	0.0022096	0.999997	0.00812094	0.0183878	16.3313	
0.999999	-1.22028e-06	-0.00103844	-1.20873e-06	0.999997	-0.00233908	0.00103844	0.00233908	0.999997	0.00915114	0.0207093	17.352	
0.999999	-1.35944e-06	-0.00109635	-1.34582e-06	0.999997	-0.00246752	0.00109635	0.00246752	0.999996	0.0102406	0.0231623	18.3727	
0.999999	-1.50503e-06	-0.00115387	-1.48913e-06	0.999997	-0.00259489	0.00115387	0.00259489	0.999996	0.011389	0.0257459	19.3934	
0.999999	-1.6569e-06	-0.001211	-1.63849e-06	0.999996	-0.0027212	0.001211	0.0027212	0.999996	0.012596	0.028459	20.4141	
0.999999	-1.81488e-06	-0.00126775	-1.79371e-06	0.999996	-0.00284645	0.00126775	0.00284645	0.999995	0.013861	0.0313005	21.4348	
0.999999	-1.97878e-06	-0.0013241	-1.95463e-06	0.999996	-0.00297062	0.0013241	0.00297062	0.999995	0.0151838	0.0342693	22.4555	
0.999999	-2.14845e-06	-0.00138006	-2.12105e-06	0.999995	-0.0030937	0.00138006	0.0030937	0.999994	0.0165638	0.0373642	23.4762	
0.999999	-2.32371e-06	-0.00143561	-2.29281e-06	0.999995	-0.0032157	0.00143561	0.0032157	0.999994	0.0180008	0.0405842	24.4969	
0.999999	-2.50438e-06	-0.00149076	-2.46972e-06	0.999994	-0.00333661	0.00149076	0.00333661	0.999993	0.0194943	0.0439282	25.5176	
0.999999	-2.6903e-06	-0.0015455	-2.65161e-06	0.999994	-0.00345642	0.0015455	0.00345642	0.999993	0.0210439	0.0473951	26.5383	
0.999999	-2.88129e-06	-0.00159982	-2.8383e-06	0.999994	-0.00357513	0.00159982	0.00357513	0.999992	0.0226491	0.0509837	27.559	
0.999999	-3.07717e-06	-0.00165372	-3.02961e-06	0.999993	-0.00369273	0.00165372	0.00369273	0.999992	0.0243096	0.0546928	28.5797	
0.999999	-3.27778e-06	-0.00170721	-3.22536e-06	0.999993	-0.00380921	0.00170721	0.00380921	0.999991	0.0260248	0.0585215	29.6004	
0.999998	-3.48294e-06	-0.00176026	-3.42537e-06	0.999992	-0.00392458	0.00176026	0.00392458	0.999991	0.0277945	0.0624685	30.6211	
0.999998	-3.69248e-06	-0.00181288	-3.62947e-06	0.999992	-0.00403882	0.00181289	0.00403882	0.99999	0.029618	0.0665326	31.6418	
0.999998	-3.90622e-06	-0.00186507	-3.83748e-06	0.999991	-0.00415193	0.00186507	0.00415193	0.99999	0.0314951	0.0707128	32.6625	
0.999998	-4.12398e-06	-0.00191683	-4.04922e-06	0.999991	-0.0042639	0.00191683	0.0042639	0.999989	0.0334252	0.0750078	33.6832	
0.999998	-4.3456e-06	-0.00196813	-4.26452e-06	0.99999	-0.00437474	0.00196813	0.00437474	0.999988	0.0354079	0.0794166	34.7039	
0.999998	-4.57089e-06	-0.00201899	-4.48319e-06	0.99999	-0.00448443	0.00201899	0.00448443	0.999988	0.0374427	0.0839379	35.7246	
0.999998	-4.79969e-06	-0.0020694	-4.70507e-06	0.999989	-0.00459297	0.0020694	0.00459297	0.999987	0.0395293	0.0885706	36.7453	
0.999998	-5.03182e-06	-0.00211936	-4.92997e-06	0.999989	-0.00470035	0.00211936	0.00470035	0.999987	0.041667	0.0933135	37.766	
0.999998	-5.2671e-06	-0.00216885	-5.15773e-06	0.999988	-0.00480657	0.00216885	0.00480657	0.999986	0.0438555	0.0981653	38.7867	
0.999998	-5.50536e-06	-0.00221789	-5.38816e-06	0.999988	-0.00491163	0.00221789	0.00491163	0.999985	0.0460943	0.103125	39.8074	
0.999997	-5.74643e-06	-0.00226645	-5.6211e-06	0.999987	-0.00501552	0.00226645	0.00501552	0.999985	0.0483829	0.108191	40.8281	
0.999997	-5.99013e-06	-0.00231455	-5.85637e-06	0.999987	-0.00511823	0.00231455	0.00511823	0.999984	0.0507208	0.113363	41.8488	
0.999997	-6.23628e-06	-0.00236217	-6.0938e-06	0.999986	-0.00521977	0.00236217	0.00521977	0.999984	0.0531076	0.118639	42.8694	
0.999997	-6.48473e-06	-0.00240931	-6.33322e-06	0.999986	-0.00532012	0.00240931	0.00532012	0.999983	0.0555428	0.124018	43.8901	
0.999997	-6.73528e-06	-0.00245597	-6.57446e-06	0.999985	-0.00541928	0.00245597	0.00541928	0.999982	0.0580258	0.129499	44.9108	
0.999997	-6.98778e-06	-0.00250215	-6.81734e-06	0.999985	-0.00551726	0.00250215	0.00551726	0.999982	0.0605562	0.135081	45.9315	
0.999997	-7.24205e-06	-0.00254783	-7.0617e-06	0.999984	-0.00561403	0.00254783	0.00561403	0.999981	0.0631335	0.140762	46.9522	
0.999997	-7.49791e-06	-0.00259302	-7.30737e-06	0.999984	-0.00570961	0.00259302	0.00570961	0.99998	0.0657571	0.146541	47.9729	
0.999997	-7.75521e-06	-0.00263772	-7.55419e-06	0.999983	-0.00580398	0.00263772	0.00580398	0.99998	0.0684266	0.152417	48.9936	
0.999996	-8.01376e-06	-0.00268191	-7.80199e-06	0.999983	-0.00589714	0.00268191	0.00589714	0.999979	0.0711415	0.158388	50.0143	
0.999996	-8.2734e-06	-0.00272559	-8.05059e-06	0.999982	-0.00598908	0.0027256	0.00598908	0.999978	0.0739013	0.164455	51.0349	
0.999996	-8.53396e-06	-0.00276877	-8.29985e-06	0.999982	-0.00607981	0.00276877	0.00607981	0.999978	0.0767053	0.170614	52.0556	
0.999996	-8.79527e-06	-0.00281144	-8.5496e-06	0.999981	-0.00616932	0.00281144	0.00616932	0.999977	0.0795532	0.176865	53.0763	
0.999996	-9.05717e-06	-0.00285359	-8.79967e-06	0.99998	-0.00625761	0.00285359	0.00625761	0.999976	0.0824444	0.183207	54.097	
0.999996	-9.31949e-06	-0.00289522	-9.04991e-06	0.99998	-0.00634466	0.00289522	0.00634466	0.999976	0.0853783	0.189639	55.1177	
0.999996	-9.58206e-06	-0.00293632	-9.30015e-06	0.999979	-0.00643049	0.00293632	0.00643048	0.999975	0.0883545	0.196159	56.1384	
0.999996	-9.84473e-06	-0.0029769	-9.55025e-06	0.999979	-0.00651507	0.0029769	0.00651507	0.999974	0.0913723	0.202766	57.159	
0.999995	-1.01073e-05	-0.00301695	-9.80004e-06	0.999978	-0.00659842	0.00301695	0.00659842	0.999974	0.0944313	0.209458	58.1797	
0.999995	-1.03697e-05	-0.00305646	-1.00494e-05	0.999978	-0.00668052	0.00305647	0.00668052	0.999973	0.0975309	0.216235	59.2004	
0.999995	-1.06317e-05	-0.00309544	-1.02981e-05	0.999977	-0.00676138	0.00309544	0.00676138	0.999972	0.100671	0.223095	60.2211	
0.999995	-1.08931e-05	-0.00313388	-1.0546e-05	0.999977	-0.00684099	0.00313388	0.00684099	0.999972	0.10385	0.230037	61.2418	
0.999995	-1.11538e-05	-0.00317177	-1.07931e-05	0.999976	-0.00691934	0.00317177	0.00691934	0.999971	0.107068	0.23706	62.2624	
0.999995	-1.14136e-05	-0.00320911	-1.10391e-05	0.999976	-0.00699644	0.00320911	0.00699644	0.99997	0.110324	0.244162	63.2831	
0.999995	-1.16724e-05	-0.0032459	-1.12838e-05	0.999975	-0.00707227	0.0032459	0.00707227	0.99997	0.113619	0.251342	64.3038	
0.999995	-1.193e-05	-0.00328214	-1.15273e-05	0.999974	-0.00714685	0.00328214	0.00714685	0.999969	0.11695	0.258599	65.3245	
1	6.32528e-06	-0.000280552	-7.73264e-06	0.999987	-0.00501667	0.000280517	0.00501667	0.999987	0.118768	0.264806	66.3452	
0.999996	1.81867e-05	0.00272149	-1.03337e-05	0.999996	-0.00288552	-0.00272153	0.00288549	0.999992	0.117523	0.268839	67.3658	
0.999984	2.36495e-05	0.00572387	-1.93365e-05	1	-0.000753577	-0.00572389	0.000753454	0.999983	0.113212	0.270696	68.3865	
0.999962	2.271e-05	0.00872648	-3.47451e-05	0.999999	0.00137899	-0.00872644	-0.00137924	0.999961	0.105838	0.270377	69.4072	
0.999931	1.53654e-05	0.0117292	-5.65623e-05	0.999994	0.00351201	-0.0117291	-0.00351244	0.999925	0.0953981	0.267881	70.4279	
0.999891	1.61399e-06	0.0147319	-8.47894e-05	0.999984	0.00564531	-0.0147317	-0.00564594	0.999876	0.0818938	0.263207	71.4485	
0.999374	-0.000269729	0.0353776	-0.000460234	0.999787	0.0206237	-0.0353756	-0.0206271	0.999161	0.05632	0.249797	72.4688	
0.99843	-0.000850376	0.0560018	-0.00114487	0.999366	0.0355865	-0.0559965	-0.0355948	0.997796	0.00968533	0.221103	73.488	
0.997061	-0.00173995	0.0765911	-0.00213824	0.998721	0.050524	-0.076581	-0.0505393	0.995782	-0.0579797	0.177142	74.5054	
0.995267	-0.00293788	0.097132	-0.00343972	0.997851	0.0654264	-0.0971155	-0.0654509	0.993119	-0.146631	0.117942	75.5205	
0.99305	-0.00444337	0.117611	-0.00504844	0.996759	0.0802841	-0.117587	-0.0803199	0.989809	-0.256211	0.0435437	76.5326	
0.99041	-0.00625545	0.138016	-0.00696337	0.995445	0.0950874	-0.137982	-0.0951366	0.985855	-0.386649	-0.046006	77.5409	
0.987351	-0.00837294	0.158332	-0.00918325	0.993908	0.109827	-0.158287	-0.109891	0.981259	-0.537858	-0.150648	78.5449	
0.983872	-0.0107945	0.178546	-0.0117066	0.992152	0.124492	-0.178488	-0.124575	0.976024	-0.709742	-0.270315	79.5439	
0.979978	-0.0135184	0.198646	-0.0145319	0.990175	0.139074	-0.198574	-0.139177	0.970154	-0.902188	-0.404929	80.5372	
0.97567	-0.0165431	0.218618	-0.0176572	0.987981	0.153564	-0.218531	-0.153688	0.963652	-1.11507	-0.554402	81.5241	
0.970952	-0.0198664	0.238449	-0.0210805	0.98557	0.167952	-0.238345	-0.168099	0.956522	-1.34825	-0.718636	82.5042	
0.965826	-0.0234863	0.258126	-0.0247995	0.982944	0.182228	-0.258003	-0.182401	0.94877	-1.60158	-0.897525	83.4766	
0.960295	-0.0274004	0.277637	-0.0288119	0.980104	0.196383	-0.277494	-0.196585	0.9404	-1.87489	-1.09095	84.4408	
0.954364	-0.0316062	0.296969	-0.033115	0.977053	0.210408	-0.296805	-0.21064	0.931417	-2.168	-1.29879	85.3961	
0.948036	-0.0361008	0.316109	-0.037706	0.973792	0.224294	-0.315922	-0.224558	0.921828	-2.48072	-1.52091	86.342	
0.941315	-0.0408814	0.335045	-0.042582	0.970324	0.238032	-0.334833	-0.23833	0.911639	-2.81285	-1.75716	87.2778	
0.934206	-0.0459449	0.353764	-0.0477397	0.96665	0.251612	-0.353526	-0.251946	0.900856	-3.16418	-2.00739	88.2028	
0.926713	-0.0512879	0.372254	-0.0531759	0.962774	0.265027	-0.371989	-0.265399	0.889487	-3.53447	-2.27143	89.1166	
0.918841	-0.056907	0.390504	-0.0588869	0.958697	0.278267	-0.39021	-0.278679	0.877539	-3.92348	-2.54912	90.0184	
0.910595	-0.0627986	0.4085	-0.064869	0.954423	0.291324	-0.408177	-0.291777	0.865019	-4.33096	-2.84027	90.9078	
0.901981	-0.0689587	0.426233	-0.0711184	0.949953	0.304188	-0.425878	-0.304685	0.851936	-4.75665	-3.14469	91.7841	
0.893005	-0.0753835	0.443689	-0.077631	0.945292	0.316853	-0.443301	-0.317395	0.838298	-5.20026	-3.46219	92.6468	
0.883671	-0.0820686	0.460858	-0.0844026	0.940442	0.329309	-0.460437	-0.329899	0.824115	-5.66151	-3.79255	93.4952	
0.873987	-0.0890098	0.477729	-0.0914286	0.935406	0.341549	-0.477272	-0.342187	0.809395	-6.1401	-4.13557	94.3289	
0.863958	-0.0962025	0.49429	-0.0987046	0.930188	0.353564	-0.493796	-0.354253	0.794147	-6.63572	-4.49102	95.1474	
0.853591	-0.103642	0.510531	-0.106226	0.924791	0.365346	-0.509999	-0.366088	0.778383	-7.14803	-4.85867	95.95	
0.842892	-0.111324	0.526441	-0.113987	0.919218	0.376889	-0.52587	-0.377685	0.762112	-7.67672	-5.23828	96.7362	
0.83187	-0.119242	0.542009	-0.121984	0.913473	0.388184	-0.541399	-0.389035	0.745345	-8.22144	-5.6296	97.5056	
0.82053	-0.127392	0.557227	-0.130211	0.90756	0.399224	-0.556575	-0.400133	0.728092	-8.78182	-6.03238	98.2576	
