1	0	0	0	1	0	0	0	1	0	0	0	
0.999999	1.05068e-06	-0.00120579	1.05068e-06	0.999998	0.00174273	0.00120579	-0.00174273	0.999998	0.000485359	-0.000701495	0.80505	
0.999997	4.2143e-06	-0.00241477	4.21508e-06	0.999994	0.00349074	0.00241477	-0.00349074	0.999991	0.00194273	-0.0028081	1.6101	
0.999993	9.50826e-06	-0.00362692	9.51138e-06	0.999986	0.00524397	0.00362692	-0.00524397	0.99998	0.00437466	-0.00632404	2.41514	
0.999988	1.69498e-05	-0.00484219	1.69576e-05	0.999975	0.00700236	0.00484219	-0.00700236	0.999964	0.00778369	-0.0112535	3.22016	
0.999982	2.65558e-05	-0.00606054	2.65715e-05	0.999962	0.00876585	0.00606054	-0.00876585	0.999943	0.0121723	-0.0176006	4.02518	
0.999973	3.83432e-05	-0.00728193	3.83707e-05	0.999945	0.0105344	0.00728193	-0.0105344	0.999918	0.017543	-0.0253695	4.83017	
0.999964	5.23285e-05	-0.00850632	5.23727e-05	0.999924	0.012308	0.00850632	-0.012308	0.999888	0.0238982	-0.0345641	5.63514	
0.999953	6.85282e-05	-0.00973367	6.85946e-05	0.999901	0.0140864	0.00973367	-0.0140864	0.999853	0.0312402	-0.0451885	6.44009	
0.99994	8.69583e-05	-0.0109639	8.70535e-05	0.999874	0.0158698	0.0109639	-0.0158698	0.999814	0.0395715	-0.0572467	7.24501	
0.999926	0.000107635	-0.0121971	0.000107766	0.999844	0.017658	0.0121971	-0.017658	0.99977	0.0488944	-0.0707425	8.04989	
0.99991	0.000130574	-0.013433	0.000130749	0.999811	0.019451	0.013433	-0.019451	0.999721	0.0592112	-0.0856798	8.85474	
0.999892	0.00015579	-0.0146718	0.000156019	0.999774	0.0212487	0.0146718	-0.0212487	0.999667	0.0705241	-0.102062	9.65954	
0.999873	0.0001833	-0.0159133	0.000183592	0.999734	0.0230511	0.0159133	-0.0230511	0.999608	0.0828354	-0.119894	10.4643	
0.999853	0.000213118	-0.0171576	0.000213484	0.999691	0.0248581	0.0171576	-0.0248581	0.999544	0.0961473	-0.139179	11.269	
0.999831	0.000245259	-0.0184045	0.00024571	0.999644	0.0266696	0.0184045	-0.0266696	0.999475	0.110462	-0.15992	12.0737	
0.999807	0.000279738	-0.019654	0.000280287	0.999594	0.0284856	0.019654	-0.0284856	0.999401	0.125781	-0.182121	12.8783	
0.999781	0.000316569	-0.0209062	0.00031723	0.999541	0.0303061	0.0209062	-0.0303061	0.999322	0.142108	-0.205787	13.6828	
0.999754	0.000355766	-0.0221609	0.000356553	0.999484	0.0321309	0.0221608	-0.0321309	0.999238	0.159444	-0.230919	14.4873	
0.999726	0.000397344	-0.023418	0.000398272	0.999423	0.03396	0.023418	-0.0339601	0.999149	0.17779	-0.257522	15.2917	
0.999695	0.000441316	-0.0246777	0.000442402	0.999359	0.0357935	0.0246777	-0.0357935	0.999054	0.19715	-0.2856	16.096	
0.999663	0.000487696	-0.0259398	0.000488956	0.999292	0.0376311	0.0259397	-0.0376311	0.998955	0.217525	-0.315155	16.9002	
0.99963	0.000536497	-0.0272042	0.00053795	0.99922	0.0394729	0.0272042	-0.0394729	0.99885	0.238917	-0.346192	17.7044	
0.999594	0.000587732	-0.028471	0.000589397	0.999146	0.0413188	0.028471	-0.0413188	0.99874	0.261327	-0.378712	18.5085	
0.999557	0.000641415	-0.0297401	0.000643311	0.999068	0.0431687	0.0297401	-0.0431687	0.998625	0.284759	-0.412721	19.3125	
0.999519	0.000697557	-0.0310115	0.000699705	0.998986	0.0450226	0.0310115	-0.0450226	0.998505	0.309213	-0.44822	20.1164	
0.999478	0.000756171	-0.0322851	0.000758594	0.9989	0.0468804	0.032285	-0.0468804	0.998379	0.334691	-0.485213	20.9202	
0.999436	0.00081727	-0.0335608	0.000819989	0.998811	0.0487421	0.0335608	-0.0487421	0.998247	0.361196	-0.523704	21.7239	
0.999393	0.000880865	-0.0348387	0.000883905	0.998718	0.0506076	0.0348387	-0.0506076	0.998111	0.388728	-0.563695	22.5275	
0.999347	0.000946968	-0.0361187	0.000950353	0.998622	0.0524768	0.0361186	-0.0524769	0.997969	0.41729	-0.605189	23.3309	
0.9993	0.00101559	-0.0374008	0.00101935	0.998521	0.0543497	0.0374007	-0.0543498	0.997821	0.446884	-0.648189	24.1343	
0.999251	0.00108674	-0.0386848	0.0010909	0.998417	0.0562263	0.0386847	-0.0562264	0.997668	0.47751	-0.692699	24.9375	
0.9992	0.00116044	-0.0399708	0.00116502	0.99831	0.0581064	0.0399707	-0.0581065	0.99751	0.509171	-0.738721	25.7406	
0.999148	0.00123668	-0.0412588	0.00124172	0.998198	0.0599901	0.0412586	-0.0599902	0.997346	0.541868	-0.786258	26.5436	
0.999094	0.00131549	-0.0425486	0.00132101	0.998083	0.0618772	0.0425484	-0.0618773	0.997176	0.575602	-0.835313	27.3465	
0.999038	0.00139688	-0.0438403	0.00140291	0.997964	0.0637677	0.0438401	-0.0637678	0.997001	0.610376	-0.885888	28.1492	
0.99898	0.00148084	-0.0451337	0.00148742	0.997841	0.0656616	0.0451335	-0.0656617	0.996821	0.64619	-0.937987	28.9517	
0.99892	0.0015674	-0.046429	0.00157456	0.997714	0.0675587	0.0464287	-0.0675589	0.996634	0.683046	-0.991611	29.7541	
0.998859	0.00165657	-0.0477259	0.00166433	0.997583	0.069459	0.0477257	-0.0694592	0.996443	0.720946	-1.04676	30.5564	
0.998796	0.00174834	-0.0490246	0.00175675	0.997449	0.0713626	0.0490243	-0.0713628	0.996245	0.75989	-1.10345	31.3585	
0.998731	0.00184273	-0.0503248	0.00185183	0.99731	0.0732692	0.0503245	-0.0732694	0.996042	0.79988	-1.16167	32.1605	
0.998665	0.00193976	-0.0516267	0.00194958	0.997168	0.0751789	0.0516263	-0.0751791	0.995833	0.840918	-1.22142	32.9622	
0.998596	0.00203942	-0.0529301	0.00204999	0.997022	0.0770915	0.0529297	-0.0770918	0.995618	0.883005	-1.28271	33.7639	
0.998526	0.00214173	-0.054235	0.0021531	0.996872	0.0790071	0.0542346	-0.0790074	0.995398	0.926141	-1.34555	34.5653	
0.998454	0.00224669	-0.0555414	0.0022589	0.996718	0.0809256	0.055541	-0.0809259	0.995171	0.970328	-1.40993	35.3665	
0.99838	0.00235432	-0.0568493	0.0023674	0.996559	0.0828468	0.0568487	-0.0828472	0.994939	1.01557	-1.47585	36.1676	
0.998304	0.00246461	-0.0581585	0.00247861	0.996397	0.0847709	0.0581579	-0.0847713	0.994702	1.06186	-1.54332	36.9685	
0.998227	0.00257759	-0.0594691	0.00259255	0.996231	0.0866976	0.0594684	-0.086698	0.994458	1.10921	-1.61234	37.7692	
0.998147	0.00269324	-0.0607809	0.00270921	0.996061	0.0886269	0.0607802	-0.0886274	0.994209	1.15761	-1.68291	38.5697	
0.998066	0.00281159	-0.062094	0.00282861	0.995887	0.0905588	0.0620933	-0.0905594	0.993953	1.20707	-1.75504	39.37	
0.997983	0.00293264	-0.0634084	0.00295075	0.995709	0.0924933	0.0634075	-0.0924939	0.993692	1.25759	-1.82872	40.17	
0.997899	0.00305639	-0.0647239	0.00307564	0.995527	0.0944302	0.064723	-0.0944308	0.993425	1.30916	-1.90397	40.9699	
0.997812	0.00318285	-0.0660406	0.00320329	0.99534	0.0963695	0.0660396	-0.0963701	0.993152	1.3618	-1.98077	41.7695	
0.997723	0.00331202	-0.0673583	0.0033337	0.99515	0.0983111	0.0673573	-0.0983118	0.992873	1.4155	-2.05913	42.569	
0.997633	0.00344392	-0.0686772	0.00346689	0.994956	0.100255	0.068676	-0.100256	0.992589	1.47025	-2.13906	43.3682	
0.997541	0.00357854	-0.069997	0.00360285	0.994757	0.102201	0.0699957	-0.102202	0.992298	1.52607	-2.22056	44.1671	
0.997456	0.00370394	-0.0711857	0.00395016	0.994242	0.107082	0.0711725	-0.107091	0.991699	1.5829	-2.3048	44.9658	
0.99737	0.00383572	-0.0723784	0.00430345	0.993703	0.111963	0.0723521	-0.11198	0.991073	1.64067	-2.39298	45.7639	
0.997282	0.00397391	-0.073575	0.00466276	0.993139	0.116843	0.0735345	-0.116869	0.990421	1.69939	-2.4851	46.5615	
0.997192	0.00411854	-0.0747751	0.00502808	0.992551	0.121723	0.0747195	-0.121757	0.989744	1.75907	-2.58115	47.3585	
0.9971	0.00426962	-0.0759787	0.00539943	0.991939	0.126601	0.0759068	-0.126644	0.98904	1.8197	-2.68114	48.1551	
0.997007	0.00442719	-0.0771855	0.00577682	0.991302	0.131478	0.0770962	-0.131531	0.98831	1.88129	-2.78506	48.951	
0.996912	0.00459126	-0.0783953	0.00616026	0.990641	0.136354	0.0782877	-0.136416	0.987553	1.94383	-2.89292	49.7463	
0.996815	0.00476183	-0.079608	0.00654974	0.989955	0.141228	0.0794809	-0.1413	0.986771	2.00734	-3.00471	50.541	
0.996716	0.00493894	-0.0808233	0.00694528	0.989245	0.1461	0.0806756	-0.146182	0.985963	2.0718	-3.12043	51.3351	
0.996616	0.00512257	-0.082041	0.00734688	0.988511	0.15097	0.0818718	-0.151062	0.985128	2.13723	-3.24007	52.1285	
0.996514	0.00531275	-0.083261	0.00775453	0.987752	0.155837	0.0830692	-0.15594	0.984267	2.20363	-3.36365	52.9213	
0.99641	0.00550948	-0.084483	0.00816825	0.986969	0.160702	0.0842675	-0.160815	0.983381	2.27098	-3.49115	53.7133	
0.996304	0.00571275	-0.0857069	0.00858803	0.986162	0.165564	0.0854667	-0.165688	0.982468	2.33931	-3.62258	54.5046	
0.996197	0.00592257	-0.0869325	0.00901387	0.98533	0.170423	0.0866665	-0.170558	0.981529	2.4086	-3.75793	55.2952	
0.996087	0.00613894	-0.0881595	0.00944576	0.984474	0.175278	0.0878668	-0.175425	0.980564	2.47885	-3.89719	56.085	
0.995977	0.00636185	-0.0893878	0.00988371	0.983593	0.18013	0.0890672	-0.180288	0.979573	2.55007	-4.04038	56.874	
0.995864	0.00659128	-0.0906172	0.0103277	0.982688	0.184978	0.0902678	-0.185148	0.978556	2.62226	-4.18747	57.6622	
0.99575	0.00682724	-0.0918475	0.0107777	0.981759	0.189821	0.0914681	-0.190004	0.977513	2.69541	-4.33848	58.4495	
0.995634	0.0070697	-0.0930785	0.0112338	0.980806	0.194661	0.0926682	-0.194857	0.976444	2.76953	-4.4934	59.236	
0.995516	0.00731865	-0.09431	0.0116959	0.979829	0.199496	0.0938677	-0.199704	0.97535	2.84462	-4.65222	60.0217	
0.995397	0.00757407	-0.0955418	0.012164	0.978827	0.204326	0.0950665	-0.204547	0.974229	2.92067	-4.81494	60.8064	
0.995276	0.00783593	-0.0967737	0.012638	0.977802	0.209151	0.0962644	-0.209386	0.973083	2.99768	-4.98156	61.5903	
0.995153	0.00810422	-0.0980056	0.0131181	0.976752	0.213971	0.0974612	-0.214219	0.971911	3.07566	-5.15207	62.3732	
0.995029	0.00837891	-0.0992372	0.0136042	0.975678	0.218785	0.0986568	-0.219048	0.970714	3.1546	-5.32648	63.1552	
0.994903	0.00865997	-0.100468	0.0140961	0.97458	0.223594	0.0998508	-0.22387	0.96949	3.23451	-5.50476	63.9361	
0.994775	0.00894736	-0.101699	0.0145941	0.973459	0.228397	0.101043	-0.228688	0.968242	3.31537	-5.68693	64.7161	
0.994646	0.00924105	-0.102929	0.0150979	0.972313	0.233193	0.102234	-0.233499	0.966968	3.3972	-5.87297	65.4951	
0.994515	0.00954101	-0.104157	0.0156077	0.971144	0.237984	0.103422	-0.238304	0.965668	3.47998	-6.06288	66.273	
0.994383	0.00984719	-0.105385	0.0161233	0.969951	0.242767	0.104609	-0.243103	0.964343	3.56372	-6.25666	67.0499	
0.994249	0.0101596	-0.106611	0.0166447	0.968734	0.247544	0.105793	-0.247895	0.962993	3.64841	-6.4543	67.8257	
0.994114	0.0104781	-0.107836	0.017172	0.967493	0.252314	0.106974	-0.25268	0.961618	3.73405	-6.6558	68.6004	
0.993977	0.0108027	-0.109058	0.0177051	0.966229	0.257076	0.108152	-0.257459	0.960218	3.82065	-6.86114	69.374	
0.993838	0.0111333	-0.110279	0.018244	0.964941	0.261831	0.109328	-0.26223	0.958792	3.90819	-7.07033	70.1465	
0.993698	0.0114699	-0.111498	0.0187886	0.96363	0.266579	0.110501	-0.266994	0.957342	3.99668	-7.28336	70.9178	
0.993755	0.0113277	-0.111007	0.0210028	0.958063	0.285785	0.109589	-0.286332	0.951843	4.08527	-7.50609	71.6863	
0.993811	0.0111755	-0.110519	0.0231982	0.952109	0.304877	0.108634	-0.305554	0.945957	4.17311	-7.74435	72.4502	
0.993867	0.0110135	-0.110035	0.0253738	0.945769	0.323847	0.107634	-0.324653	0.939689	4.26017	-7.99803	73.2093	
0.993922	0.0108417	-0.109553	0.027529	0.939046	0.342687	0.106591	-0.34362	0.93304	4.34641	-8.26704	73.9631	
0.993976	0.0106602	-0.109075	0.0296627	0.931943	0.36139	0.105505	-0.362448	0.926013	4.43178	-8.55126	74.7115	
0.99403	0.0104691	-0.108601	0.0317741	0.924462	0.379947	0.104375	-0.38113	0.918611	4.51627	-8.85058	75.454	
0.994084	0.0102684	-0.108131	0.0338624	0.916607	0.398352	0.103204	-0.399656	0.910837	4.59983	-9.16487	76.1904	
0.994136	0.0100582	-0.107665	0.0359267	0.908381	0.416596	0.101991	-0.418021	0.902694	4.68242	-9.49402	76.9204	
0.994188	0.00983857	-0.107203	0.0379662	0.899788	0.434673	0.100736	-0.436217	0.894185	4.76403	-9.83788	77.6437	
0.99424	0.00960967	-0.106745	0.03998	0.89083	0.452575	0.0994411	-0.454236	0.885314	4.84461	-10.1963	78.3601	
