1	0	0	0	1	0	0	0	1	0	0	0	
0.999999	2.75991e-06	-0.0016258	2.75991e-06	0.999994	0.00339512	0.0016258	-0.00339512	0.999993	0.00061132	-0.0012766	0.752018	
0.999995	1.10431e-05	-0.00325183	1.10468e-05	0.999977	0.00679298	0.00325183	-0.00679298	0.999972	0.00244536	-0.00510743	1.50403	
0.999988	2.48555e-05	-0.00487804	2.48704e-05	0.999948	0.0101935	0.00487804	-0.0101935	0.999936	0.00550228	-0.0114945	2.25601	
0.999979	4.42029e-05	-0.00650439	4.42402e-05	0.999908	0.0135967	0.00650439	-0.0135967	0.999886	0.00978219	-0.0204399	3.00797	
0.999967	6.90906e-05	-0.00813085	6.91652e-05	0.999855	0.0170023	0.00813085	-0.0170023	0.999822	0.0152852	-0.0319454	3.75988	
0.999952	9.95237e-05	-0.00975738	9.96544e-05	0.999792	0.0204105	0.00975738	-0.0204105	0.999744	0.0220114	-0.0460131	4.51174	
0.999935	0.000135507	-0.011384	0.000135717	0.999716	0.023821	0.0113839	-0.023821	0.999651	0.0299607	-0.0626445	5.26353	
0.999915	0.000177046	-0.0130105	0.00017736	0.999629	0.0272338	0.0130105	-0.0272338	0.999544	0.0391333	-0.0818416	6.01525	
0.999893	0.000224144	-0.014637	0.000224593	0.99953	0.0306488	0.014637	-0.0306488	0.999423	0.0495291	-0.103606	6.76688	
0.999868	0.000276805	-0.0162635	0.000277423	0.99942	0.034066	0.0162635	-0.034066	0.999287	0.061148	-0.12794	7.51842	
0.99984	0.000335034	-0.0178898	0.000335859	0.999297	0.0374852	0.0178898	-0.0374852	0.999137	0.07399	-0.154844	8.26985	
0.999809	0.000398834	-0.019516	0.000399906	0.999163	0.0409065	0.019516	-0.0409065	0.998972	0.088055	-0.18432	9.02116	
0.999776	0.000468209	-0.021142	0.000469574	0.999017	0.0443296	0.021142	-0.0443296	0.998793	0.103343	-0.216369	9.77234	
0.999741	0.000543161	-0.0227678	0.000544868	0.998859	0.0477547	0.0227677	-0.0477547	0.9986	0.119853	-0.250994	10.5234	
0.999702	0.000623693	-0.0243933	0.000625796	0.998689	0.0511815	0.0243932	-0.0511815	0.998391	0.137586	-0.288195	11.2743	
0.999661	0.000709808	-0.0260185	0.000712363	0.998508	0.05461	0.0260184	-0.05461	0.998169	0.156542	-0.327974	12.025	
0.999618	0.000801509	-0.0276434	0.000804576	0.998314	0.0580401	0.0276433	-0.0580401	0.997931	0.176719	-0.370331	12.7756	
0.999571	0.000898797	-0.0292679	0.000902441	0.998108	0.0614718	0.0292678	-0.0614718	0.99768	0.198118	-0.415269	13.5259	
0.999522	0.00100167	-0.030892	0.00100596	0.997891	0.0649049	0.0308919	-0.064905	0.997413	0.220739	-0.462788	14.2761	
0.999471	0.00111014	-0.0325157	0.00111515	0.997662	0.0683395	0.0325155	-0.0683396	0.997132	0.244581	-0.512889	15.0261	
0.999416	0.0012242	-0.0341389	0.00123	0.99742	0.0717753	0.0341387	-0.0717754	0.996836	0.269643	-0.565574	15.7758	
0.999359	0.00134386	-0.0357615	0.00135053	0.997167	0.0752125	0.0357613	-0.0752126	0.996526	0.295927	-0.620843	16.5253	
0.9993	0.0014691	-0.0373837	0.00147674	0.996901	0.0786508	0.0373834	-0.0786509	0.996201	0.32343	-0.678698	17.2746	
0.999238	0.00159995	-0.0390052	0.00160862	0.996624	0.0820902	0.0390049	-0.0820903	0.995861	0.352152	-0.739138	18.0237	
0.999173	0.00173639	-0.0406261	0.0017462	0.996334	0.0855306	0.0406257	-0.0855308	0.995507	0.382094	-0.802165	18.7724	
0.999105	0.00187842	-0.0422464	0.00188947	0.996032	0.0889719	0.0422459	-0.0889722	0.995138	0.413255	-0.86778	19.5209	
0.999035	0.00202605	-0.0438659	0.00203843	0.995719	0.0924142	0.0438654	-0.0924145	0.994754	0.445634	-0.935984	20.2692	
0.998963	0.00217928	-0.0454848	0.00219308	0.995393	0.0958572	0.0454841	-0.0958575	0.994355	0.47923	-1.00678	21.0171	
0.998887	0.0023381	-0.0471028	0.00235345	0.995055	0.099301	0.0471021	-0.0993013	0.993942	0.514043	-1.08016	21.7647	
0.998809	0.00250251	-0.0487201	0.00251951	0.994704	0.102745	0.0487192	-0.102746	0.993514	0.550073	-1.15613	22.512	
0.998729	0.00267251	-0.0503366	0.00269128	0.994342	0.10619	0.0503356	-0.106191	0.993071	0.587319	-1.23469	23.259	
0.998646	0.00284811	-0.0519521	0.00286877	0.993968	0.109636	0.051951	-0.109636	0.992613	0.62578	-1.31585	24.0056	
0.99856	0.0030293	-0.0535668	0.00305196	0.993581	0.113082	0.0535655	-0.113082	0.992141	0.665455	-1.39959	24.7519	
0.998471	0.00321608	-0.0551805	0.00324087	0.993182	0.116528	0.055179	-0.116529	0.991653	0.706344	-1.48593	25.4979	
0.99838	0.00340844	-0.0567932	0.0034355	0.992771	0.119974	0.0567916	-0.119975	0.991151	0.748446	-1.57485	26.2434	
0.998286	0.00360639	-0.0584049	0.00363585	0.992348	0.123421	0.0584031	-0.123422	0.990634	0.791761	-1.66637	26.9886	
0.99819	0.00380992	-0.0600156	0.00384191	0.991912	0.126868	0.0600136	-0.126869	0.990102	0.836287	-1.76049	27.7334	
0.998091	0.00401903	-0.0616252	0.0040537	0.991464	0.130315	0.061623	-0.130316	0.989556	0.882023	-1.85719	28.4777	
0.99799	0.00423371	-0.0632337	0.00427121	0.991004	0.133762	0.0632312	-0.133763	0.988994	0.92897	-1.95649	29.2217	
0.997886	0.00445397	-0.064841	0.00449444	0.990532	0.137208	0.0648383	-0.13721	0.988418	0.977125	-2.05838	29.9652	
0.997779	0.0046798	-0.0664472	0.0047234	0.990047	0.140655	0.0664441	-0.140657	0.987826	1.02649	-2.16286	30.7083	
0.99767	0.0049112	-0.0680521	0.00495808	0.989551	0.144101	0.0680487	-0.144103	0.98722	1.07706	-2.26993	31.4509	
0.997558	0.00514816	-0.0696558	0.00519848	0.989041	0.147547	0.0696521	-0.147549	0.986599	1.12884	-2.37959	32.1931	
0.997443	0.00539068	-0.0712582	0.00544461	0.98852	0.150993	0.0712541	-0.150995	0.985963	1.18182	-2.49185	32.9348	
0.997326	0.00563875	-0.0728593	0.00569647	0.987986	0.154438	0.0728548	-0.15444	0.985312	1.23601	-2.6067	33.676	
0.997207	0.00589238	-0.074459	0.00595404	0.98744	0.157883	0.0744541	-0.157885	0.984647	1.29139	-2.72413	34.4168	
0.997084	0.00615155	-0.0760573	0.00621734	0.986881	0.161327	0.0760519	-0.161329	0.983966	1.34799	-2.84416	35.157	
0.99696	0.00641626	-0.0776542	0.00648636	0.986311	0.16477	0.0776484	-0.164773	0.98327	1.40578	-2.96678	35.8967	
0.996832	0.00668651	-0.0792496	0.0067611	0.985728	0.168212	0.0792433	-0.168215	0.98256	1.46477	-3.09199	36.6359	
0.996702	0.00696228	-0.0808436	0.00704156	0.985132	0.171654	0.0808367	-0.171657	0.981835	1.52496	-3.21978	37.3745	
0.99657	0.00724359	-0.082436	0.00732774	0.984524	0.175095	0.0824285	-0.175098	0.981094	1.58635	-3.35016	38.1126	
0.996435	0.00753041	-0.0840268	0.00761963	0.983904	0.178534	0.0840188	-0.178538	0.980339	1.64894	-3.48314	38.8501	
0.996296	0.00782863	-0.0856355	0.00815171	0.982765	0.184681	0.0856054	-0.184695	0.979061	1.71272	-3.61972	39.5869	
0.996154	0.00813767	-0.0872458	0.00869388	0.981586	0.19082	0.0871921	-0.190845	0.97774	1.77769	-3.76092	40.3226	
0.996008	0.00845755	-0.0888576	0.00924614	0.980369	0.196953	0.088779	-0.196988	0.976378	1.84386	-3.90675	41.0574	
0.99586	0.0087883	-0.0904706	0.00980849	0.979113	0.203078	0.0903657	-0.203125	0.974974	1.91122	-4.0572	41.7911	
0.995709	0.00912992	-0.0920848	0.0103809	0.977819	0.209196	0.0919522	-0.209255	0.973528	1.97978	-4.21226	42.5238	
0.995555	0.00948242	-0.0936999	0.0109634	0.976485	0.215306	0.0935382	-0.215376	0.972041	2.04952	-4.37192	43.2553	
0.995398	0.00984582	-0.0953158	0.0115561	0.975113	0.221408	0.0951236	-0.221491	0.970512	2.12046	-4.53619	43.9858	
0.995239	0.0102201	-0.0969322	0.0121587	0.973702	0.227501	0.0967082	-0.227597	0.968941	2.19259	-4.70505	44.715	
0.995076	0.0106053	-0.0985491	0.0127715	0.972252	0.233586	0.0982918	-0.233694	0.967329	2.26591	-4.8785	45.4431	
0.99491	0.0110014	-0.100166	0.0133943	0.970764	0.239661	0.0998744	-0.239783	0.965676	2.34043	-5.05654	46.1699	
0.994741	0.0114084	-0.101783	0.0140272	0.969238	0.245727	0.101456	-0.245862	0.963981	2.41613	-5.23914	46.8955	
0.994569	0.0118263	-0.103401	0.0146701	0.967673	0.251783	0.103036	-0.251933	0.962244	2.49302	-5.42632	47.6198	
0.994395	0.0122551	-0.105017	0.0153231	0.966069	0.257829	0.104614	-0.257993	0.960466	2.5711	-5.61806	48.3427	
0.994217	0.0126948	-0.106634	0.0159861	0.964427	0.263865	0.10619	-0.264044	0.958647	2.65036	-5.81435	49.0643	
0.994037	0.0131454	-0.10825	0.0166591	0.962747	0.26989	0.107765	-0.270084	0.956787	2.73081	-6.01519	49.7846	
0.993853	0.0136068	-0.109865	0.0173421	0.961029	0.275904	0.109337	-0.276114	0.954886	2.81245	-6.22057	50.5034	
0.993667	0.0140791	-0.111479	0.0180351	0.959272	0.281907	0.110907	-0.282132	0.952943	2.89526	-6.43047	51.2207	
0.993478	0.0145623	-0.113092	0.0187381	0.957478	0.287898	0.112475	-0.28814	0.95096	2.97925	-6.6449	51.9366	
0.993286	0.0150562	-0.114703	0.019451	0.955645	0.293878	0.11404	-0.294136	0.948936	3.06443	-6.86384	52.651	
0.993091	0.0155609	-0.116313	0.0201738	0.953774	0.299845	0.115603	-0.30012	0.946871	3.15078	-7.08729	53.3639	
0.992893	0.0160764	-0.117922	0.0209066	0.951866	0.3058	0.117162	-0.306092	0.944765	3.2383	-7.31523	54.0751	
0.992692	0.0166027	-0.119529	0.0216492	0.94992	0.311743	0.118719	-0.312052	0.942618	3.32699	-7.54766	54.7848	
0.992488	0.0171397	-0.121134	0.0224018	0.947936	0.317672	0.120272	-0.317999	0.940431	3.41685	-7.78457	55.4929	
0.992282	0.0176874	-0.122737	0.0231641	0.945915	0.323588	0.121822	-0.323933	0.938204	3.50788	-8.02594	56.1993	
0.992072	0.0182457	-0.124337	0.0239363	0.943856	0.32949	0.123368	-0.329854	0.935936	3.60008	-8.27177	56.9039	
0.99186	0.0188146	-0.125935	0.0247183	0.941759	0.335379	0.124911	-0.335762	0.933628	3.69343	-8.52205	57.6069	
0.991645	0.0193942	-0.127531	0.0255101	0.939625	0.341253	0.126449	-0.341655	0.93128	3.78795	-8.77677	58.3082	
0.991427	0.0199843	-0.129123	0.0263115	0.937454	0.347113	0.127984	-0.347534	0.928892	3.88362	-9.03591	59.0076	
0.991207	0.0205849	-0.130713	0.0271228	0.935246	0.352958	0.129515	-0.353399	0.926464	3.98044	-9.29947	59.7052	
0.990983	0.021196	-0.1323	0.0279437	0.933001	0.358788	0.131041	-0.359249	0.923996	4.07841	-9.56744	60.401	
0.990757	0.0218175	-0.133883	0.0287742	0.930719	0.364602	0.132562	-0.365085	0.921488	4.17753	-9.83979	61.095	
0.990528	0.0224494	-0.135464	0.0296144	0.9284	0.370401	0.13408	-0.370904	0.918941	4.27779	-10.1165	61.787	
0.990296	0.0230916	-0.13704	0.0304641	0.926044	0.376184	0.135592	-0.376709	0.916354	4.37919	-10.3976	62.4771	
0.990062	0.0237441	-0.138613	0.0313234	0.923651	0.381951	0.137099	-0.382497	0.913728	4.48173	-10.6831	63.1652	
0.989825	0.0244068	-0.140182	0.0321922	0.921223	0.387702	0.138601	-0.38827	0.911063	4.58539	-10.9729	63.8513	
0.989585	0.0250797	-0.141747	0.0330705	0.918757	0.393436	0.140098	-0.394026	0.908359	4.69019	-11.2671	64.5355	
0.989343	0.0257628	-0.143308	0.0339583	0.916256	0.399152	0.14159	-0.399765	0.905616	4.7961	-11.5656	65.2175	
0.989098	0.0264558	-0.144864	0.0348554	0.913718	0.404852	0.143076	-0.405487	0.902834	4.90314	-11.8683	65.8975	
0.98885	0.0271589	-0.146416	0.0357619	0.911144	0.410534	0.144556	-0.411192	0.900014	5.01129	-12.1754	66.5754	
0.9886	0.0278719	-0.147964	0.0366777	0.908534	0.416198	0.14603	-0.41688	0.897155	5.12056	-12.4868	67.2512	
0.988347	0.0285948	-0.149506	0.0376028	0.905889	0.421843	0.147499	-0.42255	0.894257	5.23093	-12.8024	67.9248	
0.988092	0.0293274	-0.151044	0.0385371	0.903207	0.427471	0.148961	-0.428201	0.891322	5.3424	-13.1223	68.5962	
0.987834	0.0300699	-0.152577	0.0394807	0.900491	0.43308	0.150417	-0.433835	0.888348	5.45497	-13.4465	69.2654	
0.987724	0.030392	-0.153221	0.0423061	0.892182	0.44969	0.150368	-0.450652	0.879944	5.56807	-13.779	69.9303	
0.987615	0.0307264	-0.153859	0.0451301	0.883559	0.46614	0.150266	-0.46731	0.87123	5.68112	-14.1242	70.5887	
0.987506	0.0310728	-0.15449	0.0479517	0.874625	0.482423	0.150111	-0.483803	0.862207	5.79406	-14.4818	71.2406	
0.987396	0.0314312	-0.155115	0.0507698	0.865383	0.498533	0.149903	-0.500125	0.85288	5.90688	-14.8518	71.8855	
