1	0	0	0	1	0	0	0	1	0	0	0	
0.999997	-9.16657e-07	0.00228567	-9.16657e-07	1	0.000802089	-0.00228567	-0.000802089	0.999997	-0.000855395	-0.000300176	0.748484	
0.99999	-3.67031e-06	0.00457423	-3.66835e-06	0.999999	0.00160434	-0.00457423	-0.00160434	0.999988	-0.00342266	-0.00120076	1.49696	
0.999976	-8.26588e-06	0.00686564	-8.25803e-06	0.999997	0.00240672	-0.00686564	-0.00240672	0.999974	-0.00770395	-0.00270187	2.24543	
0.999958	-1.47081e-05	0.00915982	-1.46885e-05	0.999995	0.00320922	-0.00915982	-0.00320922	0.999953	-0.0137014	-0.0048036	2.99389	
0.999934	-2.30017e-05	0.0114567	-2.29624e-05	0.999992	0.00401182	-0.0114567	-0.00401182	0.999926	-0.021417	-0.00750602	3.74233	
0.999905	-3.3151e-05	0.0137563	-3.30821e-05	0.999988	0.00481448	-0.0137563	-0.00481448	0.999894	-0.0308528	-0.0108092	4.49075	
0.999871	-4.51603e-05	0.0160585	-4.505e-05	0.999984	0.0056172	-0.0160585	-0.0056172	0.999855	-0.0420107	-0.0147132	5.23914	
0.999831	-5.90338e-05	0.0183632	-5.88682e-05	0.999979	0.00641994	-0.0183632	-0.00641994	0.999811	-0.0548928	-0.019218	5.9875	
0.999786	-7.47756e-05	0.0206705	-7.45387e-05	0.999974	0.00722269	-0.0206705	-0.00722269	0.99976	-0.0695009	-0.0243236	6.73583	
0.999736	-9.23893e-05	0.0229801	-9.20632e-05	0.999968	0.00802542	-0.0229801	-0.00802542	0.999704	-0.0858368	-0.0300301	7.48411	
0.99968	-0.000111879	0.0252922	-0.000111444	0.999961	0.00882812	-0.0252922	-0.00882811	0.999641	-0.103902	-0.0363374	8.23235	
0.999619	-0.000133247	0.0276065	-0.000132681	0.999954	0.00963075	-0.0276065	-0.00963075	0.999572	-0.123699	-0.0432455	8.98054	
0.999552	-0.000156499	0.0299232	-0.000155777	0.999946	0.0104333	-0.0299232	-0.0104333	0.999498	-0.145229	-0.0507544	9.72868	
0.99948	-0.000181636	0.032242	-0.000180733	0.999937	0.0112358	-0.032242	-0.0112357	0.999417	-0.168494	-0.0588638	10.4768	
0.999403	-0.000208662	0.034563	-0.00020755	0.999928	0.0120381	-0.034563	-0.0120381	0.99933	-0.193495	-0.0675739	11.2248	
0.999319	-0.000237579	0.036886	-0.000236228	0.999918	0.0128403	-0.036886	-0.0128403	0.999237	-0.220235	-0.0768844	11.9727	
0.999231	-0.000268392	0.0392111	-0.000266768	0.999907	0.0136423	-0.0392111	-0.0136423	0.999138	-0.248714	-0.0867953	12.7206	
0.999137	-0.000301101	0.0415382	-0.000299172	0.999896	0.0144441	-0.0415382	-0.0144441	0.999033	-0.278933	-0.0973064	13.4684	
0.999037	-0.00033571	0.0438672	-0.000333438	0.999884	0.0152457	-0.0438672	-0.0152457	0.998921	-0.310896	-0.108418	14.2161	
0.998932	-0.000372221	0.046198	-0.000369568	0.999871	0.0160471	-0.0461981	-0.0160471	0.998803	-0.344602	-0.120129	14.9638	
0.998822	-0.000410635	0.0485307	-0.000407561	0.999858	0.0168483	-0.0485307	-0.0168482	0.99868	-0.380054	-0.132439	15.7113	
0.998705	-0.000450956	0.050865	-0.000447418	0.999844	0.0176491	-0.0508651	-0.017649	0.99855	-0.417252	-0.14535	16.4587	
0.998584	-0.000493184	0.0532011	-0.000489137	0.99983	0.0184497	-0.0532011	-0.0184496	0.998413	-0.456198	-0.158859	17.2061	
0.998456	-0.000537322	0.0555388	-0.000532719	0.999815	0.01925	-0.0555388	-0.0192498	0.998271	-0.496893	-0.172968	17.9533	
0.998323	-0.000583371	0.057878	-0.000578163	0.999799	0.0200499	-0.0578781	-0.0200497	0.998122	-0.539338	-0.187676	18.7005	
0.998185	-0.000631332	0.0602188	-0.000625469	0.999782	0.0208494	-0.0602188	-0.0208493	0.997967	-0.583535	-0.202982	19.4475	
0.998041	-0.000681206	0.062561	-0.000674635	0.999765	0.0216486	-0.0625611	-0.0216484	0.997806	-0.629485	-0.218886	20.1944	
0.997891	-0.000732995	0.0649046	-0.00072566	0.999748	0.0224474	-0.0649047	-0.0224472	0.997639	-0.677188	-0.235389	20.9412	
0.997736	-0.0007867	0.0672495	-0.000778544	0.999729	0.0232458	-0.0672496	-0.0232455	0.997465	-0.726646	-0.252489	21.6878	
0.997575	-0.00084232	0.0695957	-0.000833284	0.999711	0.0240437	-0.0695958	-0.0240434	0.997285	-0.777859	-0.270187	22.4344	
0.997408	-0.000899857	0.0719431	-0.000889879	0.999691	0.0248412	-0.0719432	-0.0248408	0.997099	-0.830829	-0.288481	23.1807	
0.997236	-0.000959311	0.0742917	-0.000948328	0.999671	0.0256382	-0.0742918	-0.0256378	0.996907	-0.885556	-0.307372	23.927	
0.997058	-0.00102068	0.0766413	-0.00100863	0.99965	0.0264347	-0.0766415	-0.0264342	0.996708	-0.942042	-0.32686	24.6731	
0.996875	-0.00108397	0.078992	-0.00107078	0.999629	0.0272306	-0.0789922	-0.0272301	0.996503	-1.00029	-0.346943	25.419	
0.996685	-0.00114918	0.0813437	-0.00113478	0.999607	0.0280261	-0.0813439	-0.0280255	0.996292	-1.06029	-0.367622	26.1648	
0.996491	-0.0012163	0.0836963	-0.00120062	0.999584	0.0288209	-0.0836965	-0.0288203	0.996074	-1.12206	-0.388896	26.9104	
0.99629	-0.00128534	0.0860498	-0.00126831	0.999561	0.0296152	-0.08605	-0.0296145	0.995851	-1.18558	-0.410765	27.6559	
0.996084	-0.0013563	0.088404	-0.00133783	0.999537	0.0304089	-0.0884043	-0.030408	0.99562	-1.25087	-0.433228	28.4012	
0.995872	-0.00142917	0.0907591	-0.0014092	0.999512	0.0312019	-0.0907594	-0.031201	0.995384	-1.31792	-0.456285	29.1463	
0.995654	-0.00150396	0.0931148	-0.0014824	0.999487	0.0319943	-0.0931151	-0.0319933	0.995141	-1.38674	-0.479935	29.8913	
0.995431	-0.00158066	0.0954711	-0.00155743	0.999461	0.0327861	-0.0954715	-0.032785	0.994892	-1.45731	-0.504178	30.636	
0.995202	-0.00165928	0.097828	-0.00163429	0.999435	0.0335771	-0.0978284	-0.0335759	0.994637	-1.52965	-0.529013	31.3806	
0.994967	-0.00173981	0.100185	-0.00171297	0.999408	0.0343675	-0.100186	-0.0343662	0.994375	-1.60376	-0.55444	32.1249	
0.994727	-0.00182224	0.102543	-0.00179347	0.99938	0.0351571	-0.102544	-0.0351557	0.994107	-1.67963	-0.580458	32.8691	
0.994481	-0.00190659	0.104902	-0.0018758	0.999352	0.035946	-0.104902	-0.0359444	0.993833	-1.75726	-0.607066	33.6131	
0.994229	-0.00199284	0.10726	-0.00195994	0.999323	0.0367342	-0.107261	-0.0367324	0.993552	-1.83666	-0.634265	34.3569	
0.993971	-0.002081	0.109619	-0.00204588	0.999294	0.0375215	-0.10962	-0.0375196	0.993265	-1.91783	-0.662053	35.1004	
0.993708	-0.00217106	0.111978	-0.00213364	0.999264	0.0383081	-0.111979	-0.038306	0.992972	-2.00076	-0.690431	35.8437	
0.993439	-0.00226302	0.114337	-0.00222319	0.999233	0.0390938	-0.114338	-0.0390915	0.992672	-2.08546	-0.719396	36.5869	
0.993165	-0.00235688	0.116697	-0.00231455	0.999202	0.0398787	-0.116698	-0.0398762	0.992367	-2.17192	-0.748949	37.3297	
0.992884	-0.00245263	0.119056	-0.00240769	0.99917	0.0406628	-0.119057	-0.0406601	0.992055	-2.26015	-0.779089	38.0724	
0.992598	-0.00255028	0.121416	-0.00250263	0.999138	0.0414459	-0.121417	-0.041443	0.991736	-2.35015	-0.809816	38.8148	
0.992452	-0.00259892	0.122604	-0.00229564	0.999206	0.0397636	-0.12261	-0.0397449	0.991659	-2.44147	-0.8402	39.5571	
0.992304	-0.00264574	0.123798	-0.00208626	0.999273	0.0380785	-0.123808	-0.0380437	0.991577	-2.53369	-0.869311	40.2993	
0.992154	-0.00269071	0.124996	-0.00187451	0.999336	0.0363908	-0.125011	-0.0363396	0.99149	-2.62681	-0.897149	41.0414	
0.992001	-0.0027338	0.1262	-0.00166036	0.999396	0.0347006	-0.126219	-0.0346325	0.991398	-2.72083	-0.92371	41.7835	
0.991846	-0.00277499	0.127409	-0.00144381	0.999454	0.0330079	-0.127431	-0.0329227	0.991301	-2.81576	-0.948992	42.5255	
0.99169	-0.00281425	0.128623	-0.00122486	0.999509	0.0313129	-0.128648	-0.0312102	0.991199	-2.9116	-0.972993	43.2675	
0.991531	-0.00285156	0.129841	-0.00100351	0.999561	0.0296155	-0.129869	-0.029495	0.991092	-3.00834	-0.995711	44.0093	
0.99137	-0.00288689	0.131064	-0.000779743	0.99961	0.027916	-0.131094	-0.0277773	0.990981	-3.10601	-1.01715	44.7511	
0.991207	-0.00292023	0.132291	-0.000553567	0.999656	0.0262143	-0.132322	-0.026057	0.990864	-3.20459	-1.03729	45.4928	
0.991041	-0.00295155	0.133523	-0.000324975	0.9997	0.0245106	-0.133555	-0.0243344	0.990743	-3.30409	-1.05615	46.2344	
0.990874	-0.00298083	0.134759	-9.39652e-05	0.99974	0.0228049	-0.134792	-0.0226095	0.990616	-3.40452	-1.07372	46.9759	
0.990704	-0.00300805	0.135998	0.000139465	0.999777	0.0210974	-0.136032	-0.0208823	0.990484	-3.50587	-1.09	47.7173	
0.990533	-0.00303318	0.137242	0.000375316	0.999812	0.019388	-0.137275	-0.0191529	0.990348	-3.60815	-1.10498	48.4586	
0.990359	-0.00305622	0.138489	0.00061359	0.999844	0.0176769	-0.138522	-0.0174215	0.990206	-3.71137	-1.11867	49.1998	
0.990183	-0.00307713	0.13974	0.000854288	0.999872	0.0159642	-0.139772	-0.0156881	0.990059	-3.81552	-1.13106	49.9409	
0.990005	-0.00309591	0.140995	0.00109741	0.999898	0.0142498	-0.141025	-0.0139527	0.989908	-3.9206	-1.14215	50.6819	
0.989825	-0.00311254	0.142253	0.00134295	0.999921	0.012534	-0.14228	-0.0122155	0.989751	-4.02663	-1.15194	51.4228	
0.989643	-0.00312699	0.143514	0.00159092	0.99994	0.0108168	-0.143539	-0.0104765	0.989589	-4.1336	-1.16044	52.1636	
0.989459	-0.00313927	0.144778	0.00184131	0.999957	0.00909827	-0.1448	-0.00873579	0.989422	-4.2415	-1.16763	52.9042	
0.989273	-0.00314934	0.146045	0.00209412	0.999971	0.00737847	-0.146064	-0.00699348	0.98925	-4.35036	-1.17351	53.6447	
0.989085	-0.0031572	0.147315	0.00234935	0.999981	0.00565748	-0.14733	-0.00524963	0.989074	-4.46016	-1.17809	54.3851	
0.988894	-0.00316283	0.148587	0.002607	0.999989	0.00393539	-0.148598	-0.00350431	0.988892	-4.57091	-1.18137	55.1253	
0.988702	-0.00316622	0.149862	0.00286706	0.999993	0.00221226	-0.149868	-0.00175761	0.988704	-4.68261	-1.18334	55.8654	
0.988507	-0.00316736	0.151139	0.00312953	0.999995	0.000488193	-0.15114	-9.58719e-06	0.988512	-4.79526	-1.184	56.6054	
0.988311	-0.00316624	0.152419	0.0033944	0.999993	-0.00123676	-0.152414	0.00173967	0.988315	-4.90886	-1.18335	57.3452	
0.988112	-0.00316285	0.153701	0.00366168	0.999989	-0.0029625	-0.15369	0.00349009	0.988113	-5.02342	-1.1814	58.0848	
0.987912	-0.00315718	0.154984	0.00393136	0.999981	-0.00468898	-0.154967	0.00524159	0.987906	-5.13893	-1.17813	58.8243	
0.987709	-0.00314922	0.15627	0.00420343	0.999971	-0.0064161	-0.156245	0.00699411	0.987694	-5.2554	-1.17355	59.5637	
0.987505	-0.00313896	0.157557	0.00447789	0.999957	-0.0081438	-0.157524	0.00874756	0.987476	-5.37282	-1.16766	60.3029	
0.987298	-0.0031264	0.158846	0.00475472	0.99994	-0.00987199	-0.158805	0.0105019	0.987254	-5.49121	-1.16045	61.0419	
0.98709	-0.00311153	0.160136	0.00503394	0.99992	-0.0116006	-0.160087	0.012257	0.987027	-5.61055	-1.15194	61.7808	
0.98688	-0.00309434	0.161427	0.00531552	0.999897	-0.0133296	-0.161369	0.0140128	0.986795	-5.73085	-1.14211	62.5195	
0.986668	-0.00307483	0.162719	0.00559946	0.999871	-0.0150588	-0.162652	0.0157692	0.986557	-5.85211	-1.13096	63.258	
0.986453	-0.003053	0.164013	0.00588575	0.999842	-0.0167883	-0.163936	0.0175262	0.986315	-5.97434	-1.1185	63.9963	
0.986237	-0.00302885	0.165307	0.00617439	0.999809	-0.0185179	-0.16522	0.0192837	0.986068	-6.09752	-1.10472	64.7345	
0.98602	-0.00300237	0.166602	0.00646536	0.999774	-0.0202475	-0.166504	0.0210416	0.985816	-6.22167	-1.08963	65.4724	
0.9858	-0.00297355	0.167898	0.00675866	0.999736	-0.0219772	-0.167788	0.0227998	0.985559	-6.34677	-1.07322	66.2102	
0.985578	-0.00294241	0.169194	0.00705427	0.999694	-0.0237067	-0.169072	0.0245583	0.985298	-6.47284	-1.0555	66.9478	
0.985355	-0.00290894	0.17049	0.00735219	0.999649	-0.0254361	-0.170356	0.026317	0.985031	-6.59987	-1.03646	67.6852	
0.98513	-0.00287314	0.171786	0.0076524	0.999602	-0.0271652	-0.17164	0.0280758	0.98476	-6.72786	-1.01611	68.4223	
0.984903	-0.00283502	0.173083	0.0079549	0.999551	-0.028894	-0.172923	0.0298347	0.984483	-6.85681	-0.994433	69.1593	
0.984675	-0.00279457	0.174379	0.00825967	0.999497	-0.0306225	-0.174206	0.0315935	0.984202	-6.98672	-0.971444	69.8961	
0.984444	-0.0027518	0.175675	0.0085667	0.99944	-0.0323505	-0.175488	0.0333522	0.983917	-7.11759	-0.947138	70.6326	
0.984212	-0.00270672	0.176971	0.00887598	0.99938	-0.034078	-0.176769	0.0351107	0.983626	-7.24942	-0.921517	71.369	
0.98548	-0.00302684	0.169764	0.0118562	0.998627	-0.05102	-0.169376	0.0522919	0.984163	-7.37896	-0.888806	72.1054	
0.986694	-0.00347275	0.162554	0.0147086	0.997579	-0.0679683	-0.161924	0.0694548	0.984356	-7.50295	-0.843242	72.8421	
0.987852	-0.00404429	0.155344	0.0174321	0.996236	-0.084917	-0.154415	0.0865934	0.984204	-7.62135	-0.78484	73.5789	
