1	0	0	0	1	0	0	0	1	0	0	0	
0.999994	-7.09011e-06	-0.00355481	-7.09011e-06	0.999992	-0.00398899	0.00355481	0.00398899	0.999986	0.00181421	0.0020358	1.0207	
0.999975	-2.83718e-05	-0.00711032	-2.8382e-05	0.999968	-0.00798165	0.00711032	0.00798165	0.999943	0.00725722	0.00814508	2.04138	
0.999943	-6.38638e-05	-0.0106664	-6.39047e-05	0.999928	-0.0119778	0.0106664	0.0119778	0.999871	0.0163297	0.0183315	3.06199	
0.999899	-0.000113584	-0.0142229	-0.000113686	0.999872	-0.0159774	0.0142229	0.0159774	0.999771	0.029032	0.0325986	4.08252	
0.999842	-0.000177549	-0.0177797	-0.000177754	0.9998	-0.0199801	0.0177797	0.0199801	0.999642	0.0453647	0.0509496	5.10293	
0.999772	-0.000255776	-0.0213366	-0.000256135	0.999712	-0.0239859	0.0213366	0.0239859	0.999485	0.0653279	0.0733879	6.12319	
0.99969	-0.000348278	-0.0248936	-0.000348852	0.999608	-0.0279946	0.0248936	0.0279946	0.999298	0.0889217	0.0999164	7.14328	
0.999595	-0.00045507	-0.0284504	-0.000455932	0.999488	-0.032006	0.0284504	0.032006	0.999083	0.116146	0.130538	8.16316	
0.999487	-0.000576165	-0.0320069	-0.000577397	0.999351	-0.0360201	0.0320069	0.0360201	0.998838	0.147001	0.165255	9.18281	
0.999367	-0.000711575	-0.0355631	-0.00071327	0.999198	-0.0400365	0.0355631	0.0400366	0.998565	0.181485	0.204071	10.2022	
0.999234	-0.000861311	-0.0391187	-0.000863572	0.999029	-0.0440553	0.0391186	0.0440553	0.998263	0.2196	0.246988	11.2213	
0.999089	-0.00102538	-0.0426736	-0.00102832	0.998843	-0.0480762	0.0426735	0.0480762	0.997932	0.261343	0.294008	12.2401	
0.99893	-0.0012038	-0.0462277	-0.00120755	0.998641	-0.052099	0.0462276	0.0520991	0.997571	0.306714	0.345133	13.2585	
0.998759	-0.00139657	-0.0497808	-0.00140126	0.998423	-0.0561237	0.0497807	0.0561238	0.997182	0.355712	0.400365	14.2765	
0.998576	-0.0016037	-0.0533329	-0.00160947	0.998188	-0.0601501	0.0533327	0.0601502	0.996764	0.408336	0.459706	15.2941	
0.998379	-0.0018252	-0.0568837	-0.00183221	0.997937	-0.0641779	0.0568835	0.0641781	0.996316	0.464586	0.523158	16.3113	
0.99817	-0.00206108	-0.0604332	-0.00206949	0.997669	-0.0682072	0.0604329	0.0682074	0.995839	0.524459	0.590721	17.328	
0.997948	-0.00231133	-0.0639811	-0.00232132	0.997385	-0.0722376	0.0639807	0.0722379	0.995333	0.587954	0.662398	18.3442	
0.997714	-0.00257596	-0.0675274	-0.00258772	0.997084	-0.076269	0.067527	0.0762694	0.994798	0.655069	0.738189	19.3599	
0.997467	-0.00285498	-0.071072	-0.0028687	0.996766	-0.0803014	0.0710714	0.0803019	0.994234	0.725804	0.818096	20.375	
0.997207	-0.00314838	-0.0746146	-0.00316427	0.996432	-0.0843345	0.0746139	0.0843351	0.99364	0.800155	0.90212	21.3895	
0.996935	-0.00345617	-0.0781552	-0.00347445	0.996082	-0.0883682	0.0781544	0.0883689	0.993017	0.878121	0.99026	22.4034	
0.99665	-0.00377835	-0.0816936	-0.00379925	0.995715	-0.0924023	0.0816926	0.0924032	0.992365	0.9597	1.08252	23.4167	
0.996353	-0.00411491	-0.0852297	-0.00413867	0.995331	-0.0964367	0.0852285	0.0964377	0.991683	1.04489	1.17889	24.4292	
0.996043	-0.00446586	-0.0887633	-0.00449272	0.99493	-0.100471	0.0887619	0.100472	0.990973	1.13369	1.27939	25.4411	
0.99572	-0.00483119	-0.0922944	-0.00486141	0.994512	-0.104506	0.0922928	0.104507	0.990232	1.22609	1.384	26.4522	
0.995385	-0.0052109	-0.0958227	-0.00524476	0.994078	-0.10854	0.0958209	0.108542	0.989463	1.32209	1.49273	27.4626	
0.995037	-0.00560499	-0.0993482	-0.00564276	0.993627	-0.112574	0.0993461	0.112576	0.988664	1.4217	1.60558	28.4721	
0.994677	-0.00601344	-0.102871	-0.00605542	0.99316	-0.116607	0.102868	0.11661	0.987836	1.5249	1.72254	29.4808	
0.994304	-0.00643626	-0.10639	-0.00648274	0.992675	-0.12064	0.106387	0.120643	0.986979	1.63169	1.84363	30.4887	
0.993918	-0.00687343	-0.109906	-0.00692473	0.992174	-0.124672	0.109903	0.124675	0.986092	1.74208	1.96883	31.4956	
0.99352	-0.00732495	-0.113419	-0.00738139	0.991656	-0.128703	0.113415	0.128706	0.985176	1.85605	2.09814	32.5017	
0.99311	-0.00779082	-0.116928	-0.00785273	0.991121	-0.132733	0.116924	0.132737	0.984231	1.9736	2.23157	33.5068	
0.992687	-0.00827101	-0.120434	-0.00833874	0.990569	-0.136762	0.120429	0.136766	0.983256	2.09474	2.36911	34.5109	
0.992252	-0.00876552	-0.123936	-0.00883942	0.99	-0.140789	0.123931	0.140794	0.982252	2.21945	2.51077	35.514	
0.991804	-0.00927435	-0.127434	-0.00935477	0.989415	-0.144815	0.127428	0.14482	0.981218	2.34773	2.65653	36.5161	
0.991344	-0.00979747	-0.130928	-0.00988479	0.988812	-0.148839	0.130921	0.148844	0.980156	2.47958	2.8064	37.5171	
0.990871	-0.0103349	-0.134417	-0.0104295	0.988193	-0.152861	0.13441	0.152867	0.979064	2.61499	2.96038	38.517	
0.990386	-0.0108866	-0.137903	-0.0109888	0.987556	-0.156881	0.137895	0.156888	0.977942	2.75396	3.11847	39.5157	
0.989889	-0.0114525	-0.141384	-0.0115629	0.986903	-0.160898	0.141375	0.160906	0.976792	2.89649	3.28065	40.5133	
0.989379	-0.0120327	-0.14486	-0.0121515	0.986233	-0.164914	0.14485	0.164922	0.975612	3.04257	3.44694	41.5098	
0.988857	-0.0126271	-0.148332	-0.0127548	0.985546	-0.168927	0.148321	0.168936	0.974403	3.19219	3.61733	42.505	
0.988323	-0.0132357	-0.151799	-0.0133728	0.984842	-0.172937	0.151787	0.172948	0.973165	3.34535	3.79181	43.4989	
0.987776	-0.0138585	-0.155261	-0.0140054	0.984121	-0.176944	0.155248	0.176956	0.971897	3.50205	3.97039	44.4916	
0.987217	-0.0144955	-0.158718	-0.0146526	0.983383	-0.180949	0.158704	0.180962	0.970601	3.66228	4.15305	45.4829	
0.986647	-0.0151466	-0.16217	-0.0153145	0.982629	-0.18495	0.162154	0.184964	0.969275	3.82603	4.3398	46.473	
0.986063	-0.0158119	-0.165617	-0.0159909	0.981857	-0.188949	0.165599	0.188964	0.96792	3.9933	4.53064	47.4616	
0.985468	-0.0164912	-0.169058	-0.0166819	0.981068	-0.192943	0.169039	0.19296	0.966536	4.16408	4.72556	48.4489	
0.984861	-0.0171847	-0.172493	-0.0173876	0.980262	-0.196934	0.172473	0.196952	0.965123	4.33837	4.92455	49.4347	
0.984241	-0.0178922	-0.175923	-0.0181078	0.97944	-0.200922	0.175901	0.200941	0.963681	4.51617	5.12762	50.4191	
0.98361	-0.0186138	-0.179347	-0.0188425	0.9786	-0.204905	0.179323	0.204926	0.96221	4.69746	5.33475	51.402	
0.982966	-0.0193494	-0.182765	-0.0195918	0.977744	-0.208885	0.182739	0.208908	0.96071	4.88224	5.54595	52.3833	
0.982311	-0.020099	-0.186177	-0.0203556	0.976871	-0.21286	0.186149	0.212885	0.959181	5.0705	5.76122	53.3632	
0.981643	-0.0208626	-0.189583	-0.021134	0.97598	-0.216831	0.189553	0.216858	0.957623	5.26224	5.98054	54.3414	
0.980964	-0.0216401	-0.192983	-0.0219268	0.975073	-0.220798	0.19295	0.220826	0.956037	5.45746	6.20391	55.3181	
0.980272	-0.0224316	-0.196376	-0.0227341	0.974149	-0.22476	0.196341	0.22479	0.954421	5.65613	6.43134	56.2931	
0.979569	-0.0232369	-0.199762	-0.0235559	0.973208	-0.228717	0.199725	0.22875	0.952777	5.85827	6.6628	57.2664	
0.978854	-0.0240561	-0.203142	-0.0243921	0.97225	-0.232669	0.203102	0.232704	0.951104	6.06385	6.89831	58.2381	
0.978127	-0.0248891	-0.206515	-0.0252428	0.971275	-0.236616	0.206472	0.236654	0.949402	6.27288	7.13785	59.208	
0.977388	-0.025736	-0.209881	-0.0261078	0.970284	-0.240558	0.209835	0.240598	0.947672	6.48534	7.38141	60.1762	
0.976638	-0.0265966	-0.21324	-0.0269872	0.969275	-0.244495	0.213191	0.244537	0.945913	6.70124	7.62901	61.1426	
0.975876	-0.0274709	-0.216592	-0.027881	0.96825	-0.248426	0.21654	0.248471	0.944125	6.92055	7.88062	62.1072	
0.975102	-0.028359	-0.219937	-0.0287891	0.967207	-0.252351	0.219881	0.2524	0.942309	7.14328	8.13624	63.0699	
0.974316	-0.0292607	-0.223274	-0.0297115	0.966148	-0.25627	0.223215	0.256322	0.940465	7.36942	8.39587	64.0308	
0.972875	-0.0308978	-0.229258	-0.0300951	0.965713	-0.257863	0.229365	0.257768	0.938588	7.6004	8.65823	64.9898	
0.971395	-0.0325442	-0.23523	-0.0304901	0.965273	-0.259456	0.235505	0.259207	0.936669	7.83765	8.92208	65.9469	
0.969875	-0.0341997	-0.24119	-0.0308964	0.964831	-0.26105	0.241635	0.260638	0.934709	8.08116	9.18738	66.9019	
0.968317	-0.0358642	-0.247136	-0.0313139	0.964385	-0.262643	0.247754	0.26206	0.932707	8.33092	9.45414	67.855	
0.96672	-0.0375373	-0.253069	-0.0317425	0.963936	-0.264235	0.253861	0.263475	0.930664	8.58692	9.72235	68.8059	
0.965084	-0.0392189	-0.258986	-0.0321823	0.963484	-0.265827	0.259954	0.26488	0.928581	8.84915	9.992	69.7548	
0.9599	-0.0441519	-0.276845	-0.027665	0.967782	-0.250267	0.278975	0.24789	0.927752	9.12421	10.2537	70.7023	
0.954351	-0.0487564	-0.294681	-0.0228303	0.971793	-0.234726	0.297813	0.230739	0.926319	9.41859	10.498	71.6485	
0.948442	-0.0530294	-0.312484	-0.0176815	0.975517	-0.219214	0.316458	0.213437	0.924283	9.7321	10.7247	72.5931	
0.942175	-0.0569683	-0.330242	-0.0122219	0.978948	-0.203742	0.334897	0.195997	0.921645	10.0645	10.9337	73.5352	
0.935557	-0.0605703	-0.347944	-0.00645493	0.982087	-0.188318	0.353118	0.178428	0.918407	10.4157	11.1248	74.4743	
0.928589	-0.0638332	-0.365578	-0.000384475	0.98493	-0.172954	0.371108	0.160744	0.914571	10.7853	11.2979	75.4098	
0.921278	-0.0667548	-0.383132	0.00598555	0.987475	-0.15766	0.388858	0.142955	0.910139	11.1732	11.4529	76.3411	
0.913628	-0.0693333	-0.400595	0.012651	0.989722	-0.142444	0.406353	0.125073	0.905115	11.5791	11.5897	77.2676	
0.905644	-0.071567	-0.417955	0.0196075	0.991668	-0.127318	0.423585	0.10711	0.899502	12.0026	11.7082	78.1886	
0.897331	-0.0734543	-0.435202	0.0268506	0.993313	-0.112291	0.44054	0.0890765	0.893303	12.4437	11.8083	79.1037	
0.888695	-0.0749941	-0.452325	0.0343755	0.994654	-0.0973723	0.457209	0.0709853	0.886522	12.9019	11.89	80.012	
0.87974	-0.0761854	-0.469311	0.0421774	0.995692	-0.0825723	0.47358	0.0528479	0.879164	13.3769	11.9532	80.9132	
0.870474	-0.0770274	-0.48615	0.0502511	0.996426	-0.0679005	0.489643	0.034676	0.871233	13.8685	11.9979	81.8066	
0.860902	-0.0775196	-0.502831	0.0585914	0.996855	-0.0533664	0.505387	0.0164816	0.862736	14.3764	12.024	82.6916	
0.851029	-0.0776616	-0.519343	0.0671929	0.996978	-0.0389795	0.520801	-0.00172354	0.853676	14.9001	12.0315	83.5676	
0.840864	-0.0774533	-0.535676	0.07605	0.996797	-0.024749	0.535877	-0.0199276	0.844061	15.4394	12.0205	84.4341	
0.830412	-0.0768949	-0.551818	0.0851569	0.99631	-0.0106844	0.550604	-0.0381186	0.833896	15.994	11.9908	85.2905	
0.81968	-0.0759867	-0.56776	0.0945076	0.995519	0.00320522	0.564972	-0.0562849	0.823188	16.5633	11.9426	86.1362	
0.808675	-0.0747293	-0.58349	0.104096	0.994423	0.0169109	0.578972	-0.0744144	0.811944	17.1472	11.8759	86.9708	
0.797404	-0.0731236	-0.598999	0.113916	0.993024	0.0304236	0.592596	-0.0924956	0.800172	17.7451	11.7908	87.7936	
0.785875	-0.0711706	-0.614276	0.123961	0.991323	0.0437346	0.605833	-0.110516	0.787878	18.3568	11.6871	88.6041	
0.774095	-0.0688716	-0.629312	0.134225	0.98932	0.0568353	0.618676	-0.128465	0.775072	18.9817	11.5652	89.4018	
0.762072	-0.066228	-0.644097	0.144701	0.987016	0.069717	0.631117	-0.146331	0.761761	19.6196	11.4249	90.1861	
0.749813	-0.0632416	-0.65862	0.155382	0.984414	0.0823714	0.643146	-0.164101	0.747953	20.27	11.2665	90.9567	
0.737327	-0.0599143	-0.672874	0.166261	0.981515	0.0947902	0.654756	-0.181764	0.733659	20.9324	11.09	91.7129	
0.724622	-0.0562483	-0.686847	0.177331	0.978321	0.106965	0.665941	-0.199309	0.718887	21.6065	10.8955	92.4542	
0.711705	-0.052246	-0.700532	0.188585	0.974834	0.118889	0.676691	-0.216724	0.703647	22.2917	10.6831	93.1803	
0.698586	-0.04791	-0.71392	0.200015	0.971056	0.130553	0.687001	-0.233998	0.687949	22.9877	10.4531	93.8905	
0.685273	-0.043243	-0.727001	0.211615	0.96699	0.141951	0.696864	-0.251119	0.671803	23.694	10.2055	94.5845	
