1	0	0	0	1	0	0	0	1	0	0	0	
1	-3.75515e-07	0.000450102	-3.75515e-07	0.999999	0.00166858	-0.000450102	-0.00166858	0.999999	-0.000179586	-0.000665746	0.797979	
1	-1.50904e-06	0.000902359	-1.50857e-06	0.999994	0.00334412	-0.000902359	-0.00334412	0.999994	-0.000719205	-0.00266576	1.59596	
0.999999	-3.41088e-06	0.00135676	-3.40903e-06	0.999987	0.00502658	-0.00135676	-0.00502658	0.999986	-0.00162057	-0.00600559	2.39393	
0.999998	-6.09134e-06	0.00181329	-6.08668e-06	0.999977	0.00671589	-0.00181329	-0.00671589	0.999976	-0.00288539	-0.0106907	3.19189	
0.999997	-9.56064e-06	0.00227194	-9.55128e-06	0.999965	0.00841199	-0.00227194	-0.00841199	0.999962	-0.00451536	-0.0167266	3.98985	
0.999996	-1.3829e-05	0.00273269	-1.38125e-05	0.999949	0.0101148	-0.00273269	-0.0101148	0.999945	-0.00651216	-0.0241186	4.78779	
0.999995	-1.89065e-05	0.00319554	-1.88801e-05	0.99993	0.0118244	-0.00319554	-0.0118244	0.999925	-0.00887746	-0.0328721	5.58572	
0.999993	-2.48034e-05	0.00366046	-2.47636e-05	0.999908	0.0135405	-0.00366046	-0.0135405	0.999902	-0.0116129	-0.0429925	6.38363	
0.999991	-3.15297e-05	0.00412745	-3.14726e-05	0.999884	0.0152633	-0.00412745	-0.0152633	0.999875	-0.0147202	-0.0544849	7.18152	
0.999989	-3.90954e-05	0.00459649	-3.90166e-05	0.999856	0.0169925	-0.00459649	-0.0169925	0.999845	-0.018201	-0.0673547	7.97939	
0.999987	-4.75105e-05	0.00506757	-4.7405e-05	0.999825	0.0187282	-0.00506757	-0.0187282	0.999812	-0.0220569	-0.0816069	8.77723	
0.999985	-5.67849e-05	0.00554067	-5.66473e-05	0.99979	0.0204703	-0.00554067	-0.0204703	0.999775	-0.0262895	-0.0972467	9.57505	
0.999982	-6.69285e-05	0.00601579	-6.67527e-05	0.999753	0.0222188	-0.00601579	-0.0222188	0.999735	-0.0309004	-0.114279	10.3728	
0.999979	-7.79511e-05	0.0064929	-7.77305e-05	0.999713	0.0239735	-0.0064929	-0.0239735	0.999692	-0.0358912	-0.132709	11.1706	
0.999976	-8.98625e-05	0.006972	-8.959e-05	0.999669	0.0257345	-0.006972	-0.0257344	0.999645	-0.0412636	-0.152542	11.9683	
0.999972	-0.000102672	0.00745306	-0.00010234	0.999622	0.0275016	-0.00745307	-0.0275016	0.999594	-0.047019	-0.173783	12.766	
0.999969	-0.00011639	0.00793609	-0.00011599	0.999571	0.0292748	-0.00793609	-0.0292748	0.99954	-0.0531591	-0.196436	13.5636	
0.999965	-0.000131026	0.00842105	-0.000130549	0.999518	0.0310541	-0.00842106	-0.0310541	0.999482	-0.0596855	-0.220507	14.3612	
0.99996	-0.00014659	0.00890795	-0.000146026	0.999461	0.0328394	-0.00890796	-0.0328393	0.999421	-0.0665996	-0.246	15.1587	
0.999956	-0.00016309	0.00939676	-0.00016243	0.9994	0.0346306	-0.00939677	-0.0346306	0.999356	-0.073903	-0.27292	15.9562	
0.999951	-0.000180536	0.00988746	-0.00017977	0.999336	0.0364276	-0.00988748	-0.0364276	0.999287	-0.0815972	-0.301271	16.7537	
0.999946	-0.000198938	0.0103801	-0.000198053	0.999269	0.0382305	-0.0103801	-0.0382305	0.999215	-0.0896838	-0.331059	17.5511	
0.999941	-0.000218305	0.0108745	-0.00021729	0.999198	0.0400392	-0.0108745	-0.0400392	0.999139	-0.0981641	-0.362288	18.3484	
0.999935	-0.000238646	0.0113709	-0.000237489	0.999124	0.0418535	-0.0113709	-0.0418535	0.999059	-0.10704	-0.394962	19.1456	
0.99993	-0.00025997	0.011869	-0.000258658	0.999046	0.0436735	-0.011869	-0.0436735	0.998975	-0.116312	-0.429087	19.9428	
0.999923	-0.000282287	0.012369	-0.000280806	0.998964	0.0454991	-0.0123691	-0.045499	0.998888	-0.125983	-0.464666	20.74	
0.999917	-0.000305605	0.0128708	-0.00030394	0.998879	0.0473301	-0.0128709	-0.0473301	0.998796	-0.136054	-0.501703	21.537	
0.999911	-0.000329934	0.0133744	-0.000328071	0.998791	0.0491667	-0.0133745	-0.0491667	0.998701	-0.146525	-0.540205	22.334	
0.999904	-0.000355282	0.0138798	-0.000353205	0.998698	0.0510086	-0.0138799	-0.0510086	0.998602	-0.157399	-0.580174	23.1309	
0.999896	-0.000381659	0.014387	-0.000379351	0.998602	0.0528559	-0.0143871	-0.0528558	0.998499	-0.168678	-0.621614	23.9277	
0.999889	-0.000409072	0.0148959	-0.000406517	0.998502	0.0547084	-0.014896	-0.0547084	0.998391	-0.180361	-0.664532	24.7245	
0.999881	-0.000437532	0.0154066	-0.000434712	0.998399	0.0565661	-0.0154067	-0.0565661	0.99828	-0.192452	-0.708929	25.5211	
0.999873	-0.000467045	0.015919	-0.000463942	0.998291	0.0584291	-0.0159191	-0.058429	0.998165	-0.20495	-0.754811	26.3177	
0.999865	-0.000497621	0.0164331	-0.000494217	0.99818	0.0602971	-0.0164332	-0.060297	0.998045	-0.217859	-0.802181	27.1141	
0.999856	-0.000529269	0.0169489	-0.000525543	0.998065	0.0621701	-0.016949	-0.0621701	0.997922	-0.231178	-0.851045	27.9105	
0.999847	-0.000561997	0.0174663	-0.000557928	0.997947	0.0640481	-0.0174665	-0.0640481	0.997794	-0.244909	-0.901404	28.7068	
0.999838	-0.000595812	0.0179855	-0.000591381	0.997824	0.065931	-0.0179856	-0.065931	0.997662	-0.259054	-0.953265	29.503	
0.999829	-0.000630724	0.0185063	-0.000625909	0.997697	0.0678188	-0.0185064	-0.0678187	0.997526	-0.273614	-1.00663	30.299	
0.999819	-0.00066674	0.0190287	-0.000661518	0.997567	0.0697113	-0.0190289	-0.0697113	0.997386	-0.28859	-1.0615	31.095	
0.999809	-0.000703869	0.0195527	-0.000698217	0.997433	0.0716086	-0.0195529	-0.0716086	0.997241	-0.303984	-1.11789	31.8908	
0.999798	-0.000742118	0.0200784	-0.000736013	0.997294	0.0735106	-0.0200786	-0.0735105	0.997092	-0.319797	-1.17579	32.6865	
0.999787	-0.000781495	0.0206056	-0.000774912	0.997152	0.0754171	-0.0206059	-0.0754171	0.996939	-0.336029	-1.23521	33.4821	
0.999776	-0.000822009	0.0211344	-0.000814923	0.997005	0.0773282	-0.0211347	-0.0773282	0.996782	-0.352684	-1.29615	34.2776	
0.999765	-0.000863666	0.0216648	-0.000856052	0.996855	0.0792438	-0.0216651	-0.0792437	0.99662	-0.36976	-1.35862	35.0729	
0.999753	-0.000906476	0.0221967	-0.000898306	0.9967	0.0811638	-0.022197	-0.0811637	0.996454	-0.387261	-1.42262	35.8682	
0.999741	-0.000950444	0.0227301	-0.000941691	0.996542	0.0830881	-0.0227305	-0.083088	0.996283	-0.405186	-1.48816	36.6632	
0.999729	-0.000995579	0.0232651	-0.000986216	0.996379	0.0850168	-0.0232655	-0.0850167	0.996108	-0.423538	-1.55523	37.4582	
0.999716	-0.00104189	0.0238015	-0.00103189	0.996212	0.0869497	-0.023802	-0.0869495	0.995928	-0.442318	-1.62384	38.253	
0.999703	-0.00108938	0.0243394	-0.00107871	0.996041	0.0888867	-0.0243399	-0.0888866	0.995744	-0.461526	-1.694	39.0476	
0.99969	-0.00113806	0.0248788	-0.00112669	0.995866	0.0908279	-0.0248793	-0.0908277	0.995556	-0.481164	-1.76571	39.8422	
0.999676	-0.00118793	0.0254196	-0.00117583	0.995687	0.0927731	-0.0254202	-0.0927729	0.995363	-0.501233	-1.83896	40.6365	
0.999662	-0.00123901	0.0259619	-0.00122615	0.995503	0.0947222	-0.0259625	-0.0947221	0.995165	-0.521734	-1.91377	41.4307	
0.999648	-0.0012913	0.0265056	-0.00127764	0.995315	0.0966753	-0.0265062	-0.0966752	0.994963	-0.542669	-1.99013	42.2248	
0.999633	-0.0013448	0.0270506	-0.00133031	0.995123	0.0986323	-0.0270514	-0.0986321	0.994756	-0.564038	-2.06806	43.0186	
0.999618	-0.00139953	0.0275971	-0.00138418	0.994927	0.100593	-0.0275979	-0.100593	0.994545	-0.585842	-2.14755	43.8123	
0.99954	-0.00167762	0.0302932	-0.00149882	0.994521	0.10453	-0.0303026	-0.104528	0.99406	-0.608944	-2.22939	44.6058	
0.999454	-0.00196635	0.0329876	-0.00162436	0.994098	0.108472	-0.0330062	-0.108466	0.993552	-0.634203	-2.31437	45.3988	
0.999361	-0.00226572	0.0356801	-0.00176082	0.99366	0.112417	-0.0357086	-0.112408	0.99302	-0.66162	-2.4025	46.1914	
0.99926	-0.00257573	0.0383708	-0.00190822	0.993205	0.116365	-0.0384098	-0.116353	0.992465	-0.691193	-2.49377	46.9836	
0.999153	-0.00289639	0.0410596	-0.00206658	0.992733	0.120317	-0.0411097	-0.1203	0.991886	-0.72292	-2.58819	47.7754	
0.999037	-0.00322771	0.0437464	-0.00223592	0.992246	0.124272	-0.0438083	-0.12425	0.991283	-0.756802	-2.68577	48.5666	
0.998915	-0.00356969	0.0464312	-0.00241625	0.991742	0.128229	-0.0465055	-0.128202	0.990657	-0.792836	-2.78649	49.3574	
0.998785	-0.00392234	0.0491139	-0.00260759	0.991221	0.132189	-0.0492012	-0.132157	0.990007	-0.831022	-2.89038	50.1477	
0.998649	-0.00428565	0.0517945	-0.00280995	0.990684	0.136151	-0.0518955	-0.136113	0.989333	-0.871359	-2.99741	50.9374	
0.998504	-0.00465965	0.054473	-0.00302334	0.990131	0.140115	-0.0545883	-0.14007	0.988636	-0.913845	-3.10761	51.7266	
0.998353	-0.00504432	0.0571493	-0.00324777	0.989561	0.14408	-0.0572794	-0.144029	0.987914	-0.958479	-3.22096	52.5152	
0.998194	-0.00543967	0.0598233	-0.00348325	0.988974	0.148047	-0.059969	-0.147988	0.987169	-1.00526	-3.33747	53.3033	
0.998028	-0.00584571	0.062495	-0.00372978	0.988371	0.152015	-0.0626569	-0.151948	0.9864	-1.05419	-3.45714	54.0907	
0.997855	-0.00626243	0.0651643	-0.00398737	0.987752	0.155983	-0.065343	-0.155909	0.985608	-1.10526	-3.57998	54.8775	
0.997674	-0.00668984	0.0678313	-0.00425603	0.987116	0.159952	-0.0680274	-0.159869	0.984791	-1.15847	-3.70597	55.6637	
0.997487	-0.00712793	0.0704958	-0.00453574	0.986463	0.163922	-0.0707099	-0.163829	0.983951	-1.21383	-3.83512	56.4492	
0.997292	-0.00757671	0.0731578	-0.00482652	0.985794	0.167891	-0.0733905	-0.167789	0.983087	-1.27132	-3.96743	57.234	
0.997089	-0.00803618	0.0758172	-0.00512836	0.985108	0.17186	-0.0760692	-0.171748	0.9822	-1.33095	-4.10291	58.0182	
0.99688	-0.00850633	0.0784741	-0.00544126	0.984406	0.175828	-0.078746	-0.175707	0.981288	-1.39272	-4.24154	58.8016	
0.996663	-0.00898716	0.0811283	-0.00576521	0.983687	0.179796	-0.0814207	-0.179664	0.980353	-1.45663	-4.38333	59.5843	
0.996439	-0.00947868	0.0837798	-0.00610021	0.982952	0.183762	-0.0840933	-0.183619	0.979394	-1.52267	-4.52827	60.3662	
0.996208	-0.00998088	0.0864286	-0.00644625	0.9822	0.187728	-0.0867638	-0.187573	0.978411	-1.59084	-4.67637	61.1473	
0.99597	-0.0104938	0.0890745	-0.00680332	0.981432	0.191691	-0.0894321	-0.191525	0.977405	-1.66114	-4.82763	61.9277	
0.995724	-0.0110173	0.0917177	-0.0071714	0.980647	0.195653	-0.0920982	-0.195474	0.976375	-1.73357	-4.98204	62.7072	
0.995471	-0.0115515	0.0943579	-0.0075505	0.979846	0.199612	-0.0947621	-0.199421	0.975321	-1.80812	-5.1396	63.4859	
0.995211	-0.0120964	0.0969953	-0.00794058	0.979028	0.203569	-0.0974236	-0.203365	0.974244	-1.8848	-5.30031	64.2638	
0.994944	-0.0126519	0.0996296	-0.00834164	0.978194	0.207524	-0.100083	-0.207306	0.973143	-1.96361	-5.46416	65.0408	
0.99467	-0.0132181	0.102261	-0.00875366	0.977344	0.211475	-0.102739	-0.211243	0.972019	-2.04453	-5.63116	65.8169	
0.994388	-0.013795	0.104889	-0.00917662	0.976478	0.215424	-0.105394	-0.215177	0.970871	-2.12757	-5.8013	66.5921	
0.9941	-0.0143824	0.107514	-0.00961051	0.975595	0.219368	-0.108045	-0.219107	0.9697	-2.21273	-5.97457	67.3663	
0.993804	-0.0149805	0.110136	-0.0100553	0.974696	0.223309	-0.110695	-0.223033	0.968506	-2.30001	-6.15098	68.1397	
0.993501	-0.0155893	0.112755	-0.0105109	0.973781	0.227247	-0.113341	-0.226955	0.967288	-2.3894	-6.33052	68.912	
0.99319	-0.0162086	0.11537	-0.0109774	0.972849	0.231179	-0.115985	-0.230872	0.966046	-2.4809	-6.51319	69.6834	
0.992873	-0.0168386	0.117982	-0.0114548	0.971902	0.235108	-0.118626	-0.234784	0.964782	-2.5745	-6.69898	70.4538	
0.992548	-0.0174792	0.120591	-0.0119429	0.970938	0.239031	-0.121265	-0.23869	0.963495	-2.67022	-6.88789	71.2232	
0.99069	-0.0210291	0.134503	-0.0137047	0.967573	0.252221	-0.135445	-0.251716	0.958276	-2.77265	-7.08357	71.9899	
0.988627	-0.024767	0.148336	-0.0156608	0.964029	0.265336	-0.149571	-0.264641	0.952677	-2.88637	-7.2896	72.7524	
0.98636	-0.0286911	0.162085	-0.0178104	0.960308	0.278371	-0.163638	-0.277461	0.946698	-3.01134	-7.5059	73.5103	
0.983889	-0.0328001	0.175745	-0.0201526	0.956413	0.291322	-0.17764	-0.29017	0.940343	-3.14751	-7.73238	74.2632	
0.981216	-0.0370923	0.18931	-0.0226865	0.952343	0.304183	-0.191571	-0.302764	0.933614	-3.29483	-7.96897	75.0109	
0.978343	-0.0415659	0.202775	-0.0254111	0.948102	0.316949	-0.205426	-0.315238	0.926512	-3.45323	-8.21555	75.7531	
0.975269	-0.0462192	0.216135	-0.0283253	0.94369	0.329615	-0.219199	-0.327586	0.919043	-3.62266	-8.47204	76.4895	
0.971996	-0.0510503	0.229384	-0.031428	0.93911	0.342176	-0.232885	-0.339803	0.911207	-3.80304	-8.73833	77.2198	
0.968526	-0.0560574	0.242517	-0.0347179	0.934363	0.354627	-0.246478	-0.351886	0.903009	-3.99431	-9.01431	77.9437	
