1	0	0	0	1	0	0	0	1	0	0	0	
1	-8.81496e-09	-0.000307228	-8.81496e-09	1	-5.73839e-05	0.000307228	5.73839e-05	1	0.000144847	2.70545e-05	0.942929	
1	-3.48398e-08	-0.000610796	-3.4837e-08	1	-0.000114075	0.000610796	0.000114075	1	0.000577663	0.000107891	1.88586	
1	-7.74471e-08	-0.000910692	-7.74362e-08	1	-0.000170072	0.000910692	0.000170072	1	0.00129499	0.000241857	2.82879	
0.999999	-1.36014e-07	-0.0012069	-1.35987e-07	1	-0.000225372	0.0012069	0.000225372	0.999999	0.00229336	0.000428294	3.77172	
0.999999	-2.09924e-07	-0.00149941	-2.09871e-07	1	-0.000279972	0.00149941	0.000279972	0.999999	0.0035693	0.000666546	4.71464	
0.999998	-2.98563e-07	-0.00178822	-2.98471e-07	1	-0.000333871	0.00178822	0.000333871	0.999998	0.0051193	0.000955952	5.65757	
0.999998	-4.01325e-07	-0.00207329	-4.01179e-07	1	-0.000387067	0.00207329	0.000387067	0.999998	0.00693986	0.00129585	6.6005	
0.999997	-5.17606e-07	-0.00235463	-5.1739e-07	1	-0.000439557	0.00235463	0.000439557	0.999997	0.00902747	0.00168557	7.54343	
0.999997	-6.46811e-07	-0.00263222	-6.46505e-07	1	-0.000491339	0.00263222	0.000491339	0.999996	0.0113786	0.00212446	8.48635	
0.999996	-7.88347e-07	-0.00290605	-7.87933e-07	1	-0.000542411	0.00290605	0.000542411	0.999996	0.0139897	0.00261183	9.42928	
0.999995	-9.4163e-07	-0.00317611	-9.41085e-07	1	-0.000592772	0.00317611	0.000592772	0.999995	0.0168572	0.00314703	10.3722	
0.999994	-1.10608e-06	-0.00344238	-1.10538e-06	1	-0.000642419	0.00344238	0.000642419	0.999994	0.0199776	0.00372938	11.3151	
0.999993	-1.28112e-06	-0.00370486	-1.28024e-06	1	-0.000691351	0.00370486	0.000691351	0.999993	0.0233473	0.00435821	12.2581	
0.999992	-1.46619e-06	-0.00396352	-1.4651e-06	1	-0.000739564	0.00396352	0.000739564	0.999992	0.0269626	0.00503283	13.201	
0.999991	-1.66072e-06	-0.00421837	-1.6594e-06	1	-0.000787059	0.00421837	0.000787059	0.999991	0.0308201	0.00575258	14.1439	
0.99999	-1.86416e-06	-0.00446939	-1.86258e-06	1	-0.000833831	0.00446939	0.000833831	0.99999	0.0349161	0.00651677	15.0868	
0.999989	-2.07595e-06	-0.00471657	-2.07409e-06	1	-0.000879881	0.00471657	0.000879881	0.999988	0.0392469	0.00732473	16.0297	
0.999988	-2.29557e-06	-0.00495989	-2.29338e-06	1	-0.000925206	0.00495989	0.000925206	0.999987	0.0438091	0.00817576	16.9727	
0.999986	-2.52246e-06	-0.00519935	-2.51993e-06	1	-0.000969804	0.00519935	0.000969804	0.999986	0.0485988	0.00906919	17.9156	
0.999985	-2.7561e-06	-0.00543494	-2.75319e-06	0.999999	-0.00101367	0.00543494	0.00101367	0.999985	0.0536125	0.0100043	18.8585	
0.999984	-2.99598e-06	-0.00566664	-2.99266e-06	0.999999	-0.00105681	0.00566664	0.00105681	0.999983	0.0588465	0.0109805	19.8014	
0.999983	-3.24156e-06	-0.00589445	-3.2378e-06	0.999999	-0.00109922	0.00589445	0.00109922	0.999982	0.0642971	0.011997	20.7443	
0.999981	-3.49236e-06	-0.00611836	-3.48812e-06	0.999999	-0.0011409	0.00611836	0.0011409	0.999981	0.0699607	0.0130531	21.6872	
0.99998	-3.74785e-06	-0.00633835	-3.74311e-06	0.999999	-0.00118184	0.00633835	0.00118184	0.999979	0.0758336	0.0141482	22.6301	
0.999979	-4.00756e-06	-0.00655442	-4.00228e-06	0.999999	-0.00122204	0.00655442	0.00122204	0.999978	0.0819121	0.0152816	23.573	
0.999977	-4.27099e-06	-0.00676655	-4.26514e-06	0.999999	-0.0012615	0.00676655	0.0012615	0.999976	0.0881925	0.0164525	24.5159	
0.999976	-4.53767e-06	-0.00697475	-4.53122e-06	0.999999	-0.00130023	0.00697475	0.00130023	0.999975	0.094671	0.0176602	25.4589	
0.999974	-4.80712e-06	-0.00717899	-4.80003e-06	0.999999	-0.00133821	0.00717899	0.00133821	0.999973	0.101344	0.0189042	26.4018	
0.999973	-5.07887e-06	-0.00737928	-5.07113e-06	0.999999	-0.00137546	0.00737928	0.00137546	0.999972	0.108208	0.0201836	27.3447	
0.999971	-5.35249e-06	-0.00757559	-5.34405e-06	0.999999	-0.00141195	0.00757559	0.00141195	0.99997	0.115258	0.0214977	28.2876	
0.99997	-5.62751e-06	-0.00776793	-5.61835e-06	0.999999	-0.00144771	0.00776793	0.00144771	0.999969	0.122492	0.0228459	29.2305	
0.999968	-5.90349e-06	-0.00795628	-5.89358e-06	0.999999	-0.00148271	0.00795628	0.00148271	0.999967	0.129906	0.0242275	30.1734	
0.999967	-6.18001e-06	-0.00814064	-6.16932e-06	0.999999	-0.00151697	0.00814064	0.00151697	0.999966	0.137495	0.0256418	31.1163	
0.999965	-6.45664e-06	-0.008321	-6.44515e-06	0.999999	-0.00155048	0.008321	0.00155048	0.999964	0.145256	0.027088	32.0592	
0.999964	-6.73296e-06	-0.00849734	-6.72064e-06	0.999999	-0.00158324	0.00849734	0.00158324	0.999963	0.153185	0.0285654	33.0021	
0.999962	-7.00857e-06	-0.00866967	-6.99539e-06	0.999999	-0.00161525	0.00866967	0.00161525	0.999961	0.161279	0.0300734	33.9449	
0.999961	-7.28306e-06	-0.00883798	-7.26901e-06	0.999999	-0.00164651	0.00883798	0.00164651	0.99996	0.169533	0.0316112	34.8878	
0.999959	-7.55605e-06	-0.00900225	-7.5411e-06	0.999999	-0.00167701	0.00900225	0.00167701	0.999958	0.177944	0.0331781	35.8307	
0.999958	-7.82716e-06	-0.00916248	-7.81129e-06	0.999999	-0.00170675	0.00916248	0.00170675	0.999957	0.186508	0.0347734	36.7736	
0.999957	-8.09601e-06	-0.00931867	-8.0792e-06	0.999998	-0.00173575	0.00931867	0.00173575	0.999955	0.195221	0.0363965	37.7165	
0.999955	-8.36223e-06	-0.0094708	-8.34446e-06	0.999998	-0.00176398	0.0094708	0.00176398	0.999954	0.20408	0.0380465	38.6594	
0.999954	-8.62548e-06	-0.00961888	-8.60674e-06	0.999998	-0.00179146	0.00961888	0.00179146	0.999952	0.21308	0.0397227	39.6023	
0.999952	-8.8854e-06	-0.00976289	-8.86567e-06	0.999998	-0.00181817	0.00976289	0.00181817	0.999951	0.222218	0.0414245	40.5452	
0.999951	-9.14166e-06	-0.00990282	-9.12092e-06	0.999998	-0.00184413	0.00990282	0.00184413	0.999949	0.23149	0.0431512	41.488	
0.99995	-9.39392e-06	-0.0100387	-9.37218e-06	0.999998	-0.00186933	0.0100387	0.00186933	0.999948	0.240891	0.0449019	42.4309	
0.999948	-9.64187e-06	-0.0101705	-9.6191e-06	0.999998	-0.00189377	0.0101705	0.00189377	0.999946	0.250419	0.0466761	43.3738	
0.999947	-9.8852e-06	-0.0102981	-9.8614e-06	0.999998	-0.00191744	0.0102981	0.00191744	0.999945	0.260069	0.048473	44.3167	
0.999946	-1.01236e-05	-0.0104217	-1.00988e-05	0.999998	-0.00194035	0.0104217	0.00194035	0.999944	0.269838	0.0502918	45.2596	
0.999944	-1.03568e-05	-0.0105412	-1.03309e-05	0.999998	-0.0019625	0.0105412	0.0019625	0.999943	0.279721	0.0521318	46.2024	
0.999943	-1.05845e-05	-0.0106566	-1.05576e-05	0.999998	-0.00198388	0.0106566	0.00198388	0.999941	0.289715	0.0539924	47.1453	
0.999942	-1.08064e-05	-0.0107679	-1.07784e-05	0.999998	-0.0020045	0.0107679	0.0020045	0.99994	0.299816	0.0558728	48.0882	
0.999941	-1.10222e-05	-0.010875	-1.09933e-05	0.999998	-0.00202435	0.010875	0.00202435	0.999939	0.31002	0.0577722	49.0311	
0.99994	-1.12318e-05	-0.0109781	-1.12018e-05	0.999998	-0.00204344	0.0109781	0.00204344	0.999938	0.320323	0.0596901	49.9739	
0.999939	-1.14348e-05	-0.011077	-1.14038e-05	0.999998	-0.00206175	0.011077	0.00206175	0.999937	0.330721	0.0616255	50.9168	
0.999938	-1.16311e-05	-0.0111717	-1.15991e-05	0.999998	-0.0020793	0.0111717	0.0020793	0.999935	0.341211	0.0635779	51.8597	
0.999937	-1.18204e-05	-0.0112624	-1.17874e-05	0.999998	-0.00209609	0.0112624	0.00209609	0.999934	0.351788	0.0655464	52.8025	
0.999936	-1.20024e-05	-0.0113489	-1.19684e-05	0.999998	-0.0021121	0.0113489	0.0021121	0.999933	0.362448	0.0675304	53.7454	
0.999935	-1.2177e-05	-0.0114313	-1.21421e-05	0.999998	-0.00212735	0.0114313	0.00212735	0.999932	0.373188	0.0695292	54.6883	
0.999934	-1.2344e-05	-0.0115095	-1.23081e-05	0.999998	-0.00214182	0.0115095	0.00214182	0.999931	0.384004	0.071542	55.6311	
0.999933	-1.25032e-05	-0.0115836	-1.24664e-05	0.999998	-0.00215553	0.0115836	0.00215553	0.999931	0.394891	0.073568	56.574	
0.999932	-1.26544e-05	-0.0116535	-1.26167e-05	0.999998	-0.00216847	0.0116535	0.00216847	0.99993	0.405847	0.0756066	57.5169	
0.999951	-1.13855e-05	-0.009866	1.87734e-05	1	0.000748729	0.00986599	-0.000748878	0.999951	0.415992	0.0762759	58.4597	
0.999967	-1.53411e-05	-0.00807455	4.49496e-05	0.999993	0.00366672	0.00807444	-0.00366697	0.999961	0.424451	0.074194	59.4026	
0.99998	-2.45447e-05	-0.00627927	6.58974e-05	0.999978	0.00658546	0.00627897	-0.00658574	0.999959	0.431218	0.0693602	60.3455	
0.99999	-3.90192e-05	-0.00448027	8.16027e-05	0.999955	0.00950489	0.0044797	-0.00950516	0.999945	0.43629	0.0617739	61.2884	
0.999996	-5.87862e-05	-0.00267768	9.2052e-05	0.999923	0.0124249	0.00267674	-0.0124251	0.999919	0.439664	0.0514345	62.2313	
1	-8.38668e-05	-0.0008716	9.72322e-05	0.999882	0.0153456	0.00087021	-0.0153457	0.999882	0.441336	0.0383415	63.1741	
1	-0.000114281	0.000937841	9.71306e-05	0.999833	0.0182667	-0.000939772	-0.0182666	0.999833	0.441304	0.0224945	64.1169	
0.999996	-0.000150047	0.00275053	9.1735e-05	0.999775	0.0211884	-0.00275309	-0.021188	0.999772	0.439563	0.003893	65.0596	
0.99999	-0.000191185	0.00456634	8.10335e-05	0.999709	0.0241104	-0.00456962	-0.0241098	0.999699	0.43611	-0.0174634	66.0023	
0.99998	-0.000237709	0.00638515	6.50149e-05	0.999635	0.0270328	-0.00638925	-0.0270319	0.999614	0.430944	-0.0415749	66.9449	
0.999966	-0.000289638	0.00820686	4.36682e-05	0.999551	0.0299555	-0.00821185	-0.0299542	0.999518	0.42406	-0.0684418	67.8874	
0.99995	-0.000346985	0.0100313	1.69831e-05	0.999459	0.0328785	-0.0100373	-0.0328767	0.999409	0.415456	-0.0980643	68.8299	
0.99993	-0.000409765	0.0118584	-1.50504e-05	0.999359	0.0358017	-0.0118655	-0.0357993	0.999289	0.405129	-0.130443	69.7722	
0.999906	-0.000477992	0.0136881	-5.24419e-05	0.99925	0.0387249	-0.0136963	-0.038722	0.999156	0.393078	-0.165577	70.7144	
0.999879	-0.000551676	0.0155201	-9.52003e-05	0.999132	0.0416483	-0.0155296	-0.0416448	0.999012	0.379299	-0.203467	71.6565	
0.999604	-0.00120182	0.0281024	-0.00053004	0.998105	0.0615384	-0.0281231	-0.0615289	0.997709	0.358717	-0.252112	72.5979	
0.999171	-0.00210236	0.0406648	-0.00121562	0.996681	0.0813969	-0.040701	-0.0813788	0.995852	0.326268	-0.319491	73.5378	
0.998579	-0.00325277	0.0532003	-0.00215156	0.994862	0.101213	-0.0532562	-0.101184	0.993441	0.281968	-0.405567	74.4757	
0.997828	-0.00465243	0.065702	-0.00333734	0.99265	0.120975	-0.0657819	-0.120932	0.990479	0.225843	-0.510291	75.4111	
0.996921	-0.00630056	0.0781628	-0.0047723	0.990045	0.140673	-0.078271	-0.140613	0.986966	0.157924	-0.633606	76.3435	
0.995856	-0.00819623	0.090576	-0.00645565	0.987048	0.160296	-0.0907166	-0.160216	0.982904	0.0782487	-0.775444	77.2722	
0.994634	-0.0103384	0.102934	-0.00838644	0.983662	0.179832	-0.103112	-0.179731	0.978297	-0.0131388	-0.935724	78.1969	
0.993257	-0.0127259	0.115231	-0.0105636	0.979887	0.199271	-0.11545	-0.199145	0.973146	-0.116188	-1.11436	79.117	
0.991725	-0.0153573	0.12746	-0.0129859	0.975728	0.218602	-0.127724	-0.218448	0.967454	-0.230841	-1.31125	80.032	
0.990038	-0.0182313	0.139614	-0.0156521	0.971184	0.237814	-0.139926	-0.237631	0.961224	-0.357034	-1.52628	80.9413	
0.988198	-0.0213462	0.151685	-0.0185606	0.96626	0.256897	-0.152051	-0.256681	0.954461	-0.494697	-1.75934	81.8445	
0.986206	-0.0247003	0.163668	-0.0217098	0.960958	0.27584	-0.164092	-0.275588	0.947167	-0.643755	-2.0103	82.7411	
0.984063	-0.0282917	0.175556	-0.025098	0.955281	0.294632	-0.176041	-0.294343	0.939347	-0.804123	-2.27902	83.6306	
0.981769	-0.0321185	0.187342	-0.0287233	0.949232	0.313263	-0.187893	-0.312934	0.931004	-0.975713	-2.56534	84.5124	
0.979327	-0.0361784	0.19902	-0.0325836	0.942814	0.331723	-0.19964	-0.33135	0.922145	-1.15843	-2.86911	85.3862	
0.976738	-0.0404693	0.210583	-0.0366769	0.936031	0.350002	-0.211276	-0.349583	0.912773	-1.35217	-3.19016	86.2513	
0.974003	-0.0449888	0.222024	-0.0410008	0.928887	0.368088	-0.222795	-0.367622	0.902893	-1.55683	-3.52831	87.1074	
0.971123	-0.0497343	0.233338	-0.045553	0.921385	0.385973	-0.23419	-0.385456	0.892513	-1.77229	-3.88338	87.9539	
0.968101	-0.0547032	0.244518	-0.0503309	0.91353	0.403646	-0.245455	-0.403076	0.881636	-1.99844	-4.25516	88.7904	
0.964937	-0.0598928	0.255557	-0.0553319	0.905326	0.421097	-0.256583	-0.420472	0.870269	-2.23514	-4.64345	89.6164	
0.961634	-0.0653002	0.26645	-0.0605531	0.896778	0.438317	-0.267569	-0.437635	0.858419	-2.48227	-5.04804	90.4314	
0.958194	-0.0709223	0.277191	-0.0659918	0.887891	0.455296	-0.278406	-0.454554	0.846091	-2.73969	-5.4687	91.2351	
0.954618	-0.0767561	0.287774	-0.0716448	0.878669	0.472025	-0.289089	-0.471221	0.833294	-3.00726	-5.90519	92.0269	
