1	0	0	0	1	0	0	0	1	0	0	0	
0.999997	5.64707e-06	0.00258708	5.64707e-06	0.99999	-0.00436557	-0.00258708	0.00436557	0.999987	-0.00120143	0.00202735	0.928784	
0.999987	2.25814e-05	0.00517268	2.25927e-05	0.999962	-0.00873298	-0.00517268	0.00873298	0.999948	-0.00480502	0.00811025	1.85754	
0.99997	5.07953e-05	0.00775674	5.08401e-05	0.999914	-0.0131021	-0.00775673	0.0131021	0.999884	-0.0108094	0.0182503	2.78626	
0.999947	9.02803e-05	0.0103392	9.03924e-05	0.999847	-0.0174728	-0.0103392	0.0174728	0.999794	-0.019213	0.0324492	3.7149	
0.999917	0.000141028	0.0129199	0.000141252	0.999761	-0.021845	-0.0129199	0.021845	0.999678	-0.0300144	0.0507082	4.64344	
0.99988	0.000203028	0.0154988	0.000203421	0.999656	-0.0262185	-0.0154988	0.0262185	0.999536	-0.0432119	0.0730286	5.57187	
0.999837	0.000276272	0.0180759	0.0002769	0.999532	-0.0305932	-0.0180759	0.0305932	0.999368	-0.0588038	0.0994116	6.50015	
0.999787	0.00036075	0.020651	0.000361692	0.999388	-0.0349689	-0.020651	0.0349689	0.999175	-0.0767884	0.129858	7.42826	
0.99973	0.000456449	0.0232241	0.000457796	0.999226	-0.0393456	-0.0232241	0.0393456	0.998956	-0.0971637	0.16437	8.35618	
0.999667	0.000563361	0.0257952	0.000565212	0.999044	-0.0437231	-0.0257951	0.0437231	0.998711	-0.119928	0.202946	9.28389	
0.999597	0.000681472	0.0283641	0.00068394	0.998842	-0.0481013	-0.028364	0.0481013	0.99844	-0.145079	0.245589	10.2114	
0.999521	0.000810771	0.0309307	0.00081398	0.998622	-0.05248	-0.0309306	0.0524801	0.998143	-0.172615	0.292299	11.1386	
0.999438	0.000951245	0.033495	0.000955329	0.998382	-0.0568591	-0.0334949	0.0568592	0.99782	-0.202534	0.343075	12.0655	
0.999349	0.00110288	0.036057	0.00110799	0.998123	-0.0612386	-0.0360568	0.0612387	0.997472	-0.234834	0.397919	12.9921	
0.999253	0.00126567	0.0386164	0.00127195	0.997844	-0.0656182	-0.0386162	0.0656183	0.997097	-0.269512	0.456831	13.9183	
0.999151	0.00143959	0.0411734	0.00144722	0.997546	-0.0699978	-0.0411731	0.0699979	0.996697	-0.306565	0.51981	14.8443	
0.999042	0.00162463	0.0437277	0.00163379	0.997229	-0.0743773	-0.0437273	0.0743775	0.996271	-0.345993	0.586858	15.7698	
0.998927	0.00182077	0.0462793	0.00183165	0.996892	-0.0787566	-0.0462789	0.0787568	0.995819	-0.387791	0.657973	16.6949	
0.998805	0.00202801	0.0488282	0.00204081	0.996536	-0.0831355	-0.0488276	0.0831358	0.995341	-0.431958	0.733155	17.6196	
0.998677	0.00224632	0.0513742	0.00226125	0.996161	-0.0875139	-0.0513735	0.0875143	0.994838	-0.478491	0.812404	18.5438	
0.998542	0.00247569	0.0539173	0.00249298	0.995766	-0.0918918	-0.0539165	0.0918922	0.994308	-0.527387	0.895719	19.4676	
0.998401	0.00271611	0.0564574	0.00273598	0.995352	-0.0962688	-0.0564565	0.0962694	0.993753	-0.578644	0.9831	20.3908	
0.998254	0.00296755	0.0589945	0.00299026	0.994918	-0.100645	-0.0589934	0.100646	0.993172	-0.632258	1.07455	21.3135	
0.9981	0.00322999	0.0615285	0.0032558	0.994465	-0.10502	-0.0615271	0.105021	0.992565	-0.688227	1.17006	22.2357	
0.99794	0.00350343	0.0640592	0.0035326	0.993992	-0.109394	-0.0640576	0.109395	0.991932	-0.746548	1.26963	23.1573	
0.997773	0.00378783	0.0665867	0.00382066	0.9935	-0.113767	-0.0665848	0.113768	0.991274	-0.807218	1.37327	24.0783	
0.997601	0.0040832	0.0691108	0.00411995	0.992989	-0.118138	-0.0691086	0.11814	0.990589	-0.870233	1.48096	24.9986	
0.997422	0.00438949	0.0716315	0.00443048	0.992458	-0.122508	-0.071629	0.12251	0.989879	-0.935591	1.59272	25.9184	
0.997236	0.0047067	0.0741487	0.00475224	0.991907	-0.126876	-0.0741458	0.126878	0.989143	-1.00329	1.70853	26.8374	
0.997044	0.0050348	0.0766624	0.00508522	0.991337	-0.131243	-0.0766591	0.131245	0.988382	-1.07332	1.8284	27.7558	
0.996846	0.00537377	0.0791724	0.0054294	0.990748	-0.135607	-0.0791686	0.135609	0.987594	-1.14569	1.95233	28.6734	
0.996642	0.0057236	0.0816787	0.00578478	0.990139	-0.139969	-0.0816744	0.139972	0.986781	-1.22038	2.08031	29.5903	
0.996432	0.00608426	0.0841812	0.00615136	0.989511	-0.14433	-0.0841764	0.144332	0.985942	-1.2974	2.21234	30.5064	
0.996215	0.00645573	0.0866799	0.0065291	0.988863	-0.148688	-0.0866744	0.148691	0.985078	-1.37674	2.34842	31.4217	
0.995993	0.00683799	0.0891747	0.00691802	0.988195	-0.153043	-0.0891685	0.153047	0.984188	-1.4584	2.48854	32.3362	
0.995764	0.00723101	0.0916655	0.00731809	0.987508	-0.157396	-0.0916586	0.1574	0.983272	-1.54238	2.63271	33.2499	
0.995529	0.00763477	0.0941522	0.0077293	0.986802	-0.161746	-0.0941445	0.161751	0.982331	-1.62867	2.78092	34.1627	
0.995287	0.00804926	0.0966348	0.00815164	0.986076	-0.166093	-0.0966262	0.166098	0.981364	-1.71726	2.93318	35.0747	
0.99504	0.00847443	0.0991132	0.00858509	0.985331	-0.170438	-0.0991037	0.170443	0.980371	-1.80815	3.08946	35.9857	
0.994787	0.00891028	0.101587	0.00902965	0.984566	-0.174779	-0.101577	0.174785	0.979353	-1.90135	3.24979	36.8958	
0.994527	0.00935677	0.104057	0.0094853	0.983782	-0.179117	-0.104045	0.179124	0.978309	-1.99684	3.41414	37.8049	
0.994262	0.00981389	0.106523	0.00995203	0.982978	-0.183452	-0.10651	0.183459	0.97724	-2.09462	3.58252	38.7131	
0.99399	0.0102816	0.108983	0.0104298	0.982155	-0.187783	-0.108969	0.187791	0.976146	-2.19469	3.75493	39.6202	
0.993713	0.0107599	0.11144	0.0109186	0.981313	-0.192111	-0.111424	0.19212	0.975025	-2.29704	3.93136	40.5263	
0.993429	0.0112487	0.113892	0.0114185	0.98045	-0.196435	-0.113875	0.196444	0.97388	-2.40167	4.1118	41.4314	
0.99314	0.011748	0.116339	0.0119294	0.979569	-0.200755	-0.11632	0.200765	0.972709	-2.50857	4.29627	42.3354	
0.992845	0.0122579	0.118781	0.0124512	0.978668	-0.205071	-0.118761	0.205082	0.971513	-2.61774	4.48474	43.2382	
0.992544	0.0127782	0.121219	0.0129841	0.977748	-0.209383	-0.121197	0.209395	0.970291	-2.72917	4.67722	44.14	
0.992236	0.0133089	0.123651	0.0135279	0.976808	-0.21369	-0.123628	0.213704	0.969044	-2.84287	4.87371	45.0406	
0.991924	0.01385	0.126079	0.0140826	0.975849	-0.217994	-0.126053	0.218009	0.967772	-2.95882	5.07419	45.9401	
0.991605	0.0144016	0.128502	0.0146483	0.97487	-0.222293	-0.128474	0.222309	0.966475	-3.07702	5.27867	46.8383	
0.99128	0.0149634	0.130919	0.0152249	0.973872	-0.226587	-0.130889	0.226604	0.965152	-3.19747	5.48715	47.7354	
0.99095	0.0155356	0.133332	0.0158124	0.972855	-0.230876	-0.133299	0.230895	0.963804	-3.32015	5.69961	48.6312	
0.990613	0.0161181	0.135739	0.0164107	0.971818	-0.235161	-0.135704	0.235181	0.962431	-3.44508	5.91605	49.5257	
0.990272	0.0167108	0.138141	0.0170199	0.970762	-0.23944	-0.138104	0.239462	0.961034	-3.57223	6.13647	50.4189	
0.989924	0.0173138	0.140538	0.0176399	0.969687	-0.243714	-0.140497	0.243738	0.959611	-3.70161	6.36087	51.3109	
0.989571	0.017927	0.142929	0.0182707	0.968592	-0.247983	-0.142886	0.248009	0.958163	-3.83322	6.58923	52.2015	
0.989212	0.0185503	0.145315	0.0189123	0.967478	-0.252247	-0.145268	0.252274	0.95669	-3.96703	6.82156	53.0907	
0.988847	0.0191838	0.147695	0.0195647	0.966345	-0.256505	-0.147645	0.256534	0.955192	-4.10306	7.05785	53.9786	
0.988477	0.0198273	0.15007	0.0202278	0.965192	-0.260758	-0.150017	0.260788	0.953669	-4.24129	7.29809	54.8651	
0.988101	0.020481	0.152439	0.0209017	0.964021	-0.265004	-0.152382	0.265037	0.952121	-4.38173	7.54228	55.7501	
0.988126	0.0204359	0.152279	0.0219076	0.962248	-0.27129	-0.152075	0.271405	0.950375	-4.52311	7.7914	56.6336	
0.988151	0.0203905	0.152122	0.0229125	0.960432	-0.277571	-0.151763	0.277767	0.948585	-4.66421	8.04643	57.5155	
0.988176	0.0203448	0.151968	0.0239162	0.958572	-0.283845	-0.151447	0.284123	0.946751	-4.80502	8.30737	58.3957	
0.9882	0.0202988	0.151817	0.0249187	0.956668	-0.290112	-0.151127	0.290472	0.944874	-4.94554	8.57421	59.2741	
0.988224	0.0202524	0.151668	0.0259198	0.954721	-0.296372	-0.150803	0.296813	0.942953	-5.08575	8.84695	60.1508	
0.988248	0.0202057	0.151521	0.0269195	0.95273	-0.302623	-0.150473	0.303145	0.940989	-5.22566	9.12556	61.0257	
0.988271	0.0201585	0.151376	0.0279175	0.950696	-0.308864	-0.150139	0.309468	0.938983	-5.36527	9.41006	61.8988	
0.988294	0.0201108	0.151233	0.0289139	0.948619	-0.315096	-0.149799	0.31578	0.936933	-5.50456	9.70042	62.7699	
0.988316	0.0200625	0.151091	0.0299084	0.946499	-0.321317	-0.149454	0.322081	0.934841	-5.64353	9.99664	63.6392	
0.988339	0.0200137	0.150951	0.0309011	0.944337	-0.327526	-0.149104	0.328371	0.932706	-5.78218	10.2987	64.5065	
0.988361	0.0199643	0.150812	0.0318917	0.942132	-0.333723	-0.148748	0.334648	0.930529	-5.9205	10.6066	65.3717	
0.988383	0.0199142	0.150674	0.0328803	0.939884	-0.339907	-0.148385	0.340913	0.928311	-6.05849	10.9203	66.235	
0.988405	0.0198633	0.150537	0.0338665	0.937595	-0.346077	-0.148017	0.347163	0.92605	-6.19613	11.2399	67.0961	
0.988427	0.0198115	0.150401	0.0348504	0.935263	-0.352233	-0.147642	0.353398	0.923749	-6.33344	11.5652	67.9552	
0.988448	0.0197589	0.150264	0.0358319	0.93289	-0.358374	-0.147261	0.359618	0.921406	-6.47039	11.8963	68.8121	
0.98847	0.0197053	0.150128	0.0368107	0.930476	-0.364499	-0.146873	0.365822	0.919022	-6.60698	12.2332	69.6668	
0.990923	0.0130668	0.133794	0.0388648	0.924917	-0.378177	-0.12869	0.379944	0.916014	-6.73496	12.5796	70.519	
0.993052	0.00617876	0.117517	0.0406473	0.919149	-0.391807	-0.110437	0.393862	0.912511	-6.84601	12.9389	71.3682	
0.994855	-0.000955161	0.101307	0.0421572	0.913175	-0.405381	-0.092124	0.407566	0.908517	-6.94009	13.3111	72.2139	
0.996331	-0.00833112	0.0851727	0.0433937	0.906998	-0.418892	-0.0737617	0.421052	0.904033	-7.01713	13.696	73.0556	
0.997481	-0.0159451	0.0691225	0.0443562	0.900622	-0.432333	-0.0553597	0.43431	0.899061	-7.07709	14.0932	73.893	
0.998302	-0.0237931	0.053165	0.0450441	0.894051	-0.445696	-0.0369278	0.447334	0.893604	-7.11995	14.5027	74.7256	
0.998795	-0.0318708	0.037309	0.0454571	0.887286	-0.458973	-0.018476	0.460116	0.887666	-7.14568	14.9241	75.5528	
0.99896	-0.0401738	0.021563	0.0455949	0.880333	-0.472159	-1.42048e-05	0.472651	0.88125	-7.15427	15.3573	76.3743	
0.998796	-0.0486977	0.00593544	0.0454575	0.873196	-0.485246	0.0184476	0.484931	0.874358	-7.14571	15.802	77.1897	
0.998303	-0.057438	-0.00956523	0.045045	0.865876	-0.498226	0.0368994	0.49695	0.866995	-7.12	16.258	77.9984	
0.997482	-0.0663898	-0.0249307	0.0443575	0.85838	-0.511093	0.0553313	0.5087	0.859164	-7.07717	16.725	78.8	
0.996333	-0.0755483	-0.0401525	0.0433954	0.850711	-0.52384	0.0737334	0.520176	0.85087	-7.01723	17.2029	79.5942	
0.994857	-0.0849087	-0.0552227	0.0421593	0.842873	-0.536459	0.0920958	0.531372	0.842118	-6.94022	17.6912	80.3804	
0.993055	-0.0944658	-0.070133	0.0406498	0.834869	-0.548945	0.110408	0.542282	0.832911	-6.84617	18.1898	81.1583	
0.990927	-0.104215	-0.0848754	0.0388678	0.826706	-0.56129	0.128662	0.552899	0.823255	-6.73514	18.6984	81.9275	
0.988474	-0.11415	-0.0994419	0.0368141	0.818386	-0.573488	0.146845	0.563218	0.813156	-6.60719	19.2168	82.6875	
0.985699	-0.124266	-0.113825	0.0344899	0.809915	-0.585532	0.16495	0.573233	0.802618	-6.46239	19.7446	83.4379	
0.982602	-0.134558	-0.128016	0.0318965	0.801297	-0.597416	0.182966	0.582939	0.791647	-6.30081	20.2815	84.1783	
0.979185	-0.145019	-0.142008	0.0290353	0.792536	-0.609133	0.200883	0.592331	0.78025	-6.12255	20.8273	84.9083	
0.97545	-0.155645	-0.155794	0.0259077	0.783638	-0.620677	0.218692	0.601404	0.768432	-5.92769	21.3817	85.6275	
0.971399	-0.16643	-0.169366	0.0225156	0.774607	-0.632042	0.236382	0.610152	0.7562	-5.71635	21.9444	86.3356	
0.967035	-0.177367	-0.182716	0.0188606	0.765448	-0.643222	0.253946	0.618571	0.74356	-5.48863	22.515	87.0321	
