1	0	0	0	1	0	0	0	1	0	0	0	
0.999994	5.58452e-06	0.00342295	5.58452e-06	0.999995	-0.00326296	-0.00342295	0.00326296	0.999989	-0.00174692	0.00166527	1.0207	
0.999977	2.23732e-05	0.00685191	2.23642e-05	0.999979	-0.00652903	-0.00685191	0.00652903	0.999955	-0.00699074	0.00666266	2.04138	
0.999947	5.04156e-05	0.0102867	5.03796e-05	0.999952	-0.00979806	-0.0102867	0.00979806	0.999899	-0.0157375	0.0149953	3.06202	
0.999906	8.97602e-05	0.0137273	8.96701e-05	0.999915	-0.0130699	-0.0137273	0.0130699	0.99982	-0.0279932	0.026666	4.08258	
0.999853	0.000140454	0.0171734	0.000140274	0.999866	-0.0163444	-0.0171734	0.0163444	0.999719	-0.0437635	0.0416778	5.10306	
0.999787	0.000202544	0.0206249	0.000202228	0.999807	-0.0196214	-0.0206249	0.0196214	0.999595	-0.063054	0.0600331	6.12342	
0.99971	0.000276075	0.0240817	0.000275569	0.999738	-0.0229008	-0.0240817	0.0229008	0.999448	-0.0858703	0.0817345	7.14364	
0.999621	0.000361091	0.0275437	0.000360331	0.999657	-0.0261825	-0.0275437	0.0261825	0.999278	-0.112218	0.106784	8.1637	
0.999519	0.000457635	0.0310106	0.000456547	0.999566	-0.0294662	-0.0310106	0.0294662	0.999085	-0.142101	0.135185	9.18357	
0.999405	0.000565748	0.0344823	0.000564251	0.999463	-0.0327518	-0.0344824	0.0327518	0.998869	-0.175526	0.166938	10.2032	
0.999279	0.000685472	0.0379588	0.000683473	0.99935	-0.0360393	-0.0379588	0.0360392	0.998629	-0.212496	0.202046	11.2227	
0.999141	0.000816845	0.0414398	0.000814244	0.999226	-0.0393284	-0.0414398	0.0393283	0.998367	-0.253018	0.24051	12.2418	
0.99899	0.000959907	0.0449251	0.000956593	0.999091	-0.042619	-0.0449252	0.0426189	0.998081	-0.297095	0.282332	13.2607	
0.998827	0.00111469	0.0484147	0.00111055	0.998945	-0.0459109	-0.0484148	0.0459108	0.997772	-0.344731	0.327514	14.2793	
0.998651	0.00128124	0.0519084	0.00127614	0.998788	-0.0492041	-0.0519085	0.0492039	0.997439	-0.395932	0.376056	15.2976	
0.998463	0.00145959	0.0554061	0.00145338	0.99862	-0.0524983	-0.0554062	0.0524981	0.997083	-0.4507	0.42796	16.3155	
0.998262	0.00164977	0.0589075	0.00164231	0.998441	-0.0557935	-0.0589077	0.0557932	0.996703	-0.509041	0.483227	17.333	
0.998049	0.00185181	0.0624126	0.00184294	0.998251	-0.0590894	-0.0624128	0.0590891	0.9963	-0.570957	0.541858	18.3502	
0.997823	0.00206575	0.0659212	0.00205531	0.99805	-0.062386	-0.0659215	0.0623856	0.995873	-0.636453	0.603853	19.3669	
0.997584	0.00229162	0.0694331	0.00227942	0.997838	-0.0656831	-0.0694335	0.0656826	0.995422	-0.705532	0.669213	20.3832	
0.997333	0.00252944	0.0729482	0.0025153	0.997615	-0.0689805	-0.0729487	0.06898	0.994947	-0.778198	0.737939	21.399	
0.997068	0.00277925	0.0764664	0.00276298	0.997381	-0.0722781	-0.076467	0.0722775	0.994449	-0.854453	0.81003	22.4143	
0.996791	0.00304107	0.0799874	0.00302245	0.997135	-0.0755758	-0.0799881	0.0755751	0.993927	-0.9343	0.885487	23.429	
0.996501	0.00331493	0.0835113	0.00329376	0.996879	-0.0788734	-0.0835121	0.0788726	0.993381	-1.01774	0.964311	24.4433	
0.996199	0.00360086	0.0870377	0.0035769	0.996612	-0.0821708	-0.0870387	0.0821698	0.99281	-1.10478	1.0465	25.4569	
0.995883	0.00389887	0.0905666	0.0038719	0.996333	-0.0854679	-0.0905677	0.0854667	0.992216	-1.19543	1.13205	26.47	
0.995554	0.004209	0.0940977	0.00417876	0.996044	-0.0887644	-0.0940991	0.088763	0.991598	-1.28967	1.22097	27.4824	
0.995212	0.00453126	0.0976311	0.00449751	0.995743	-0.0920604	-0.0976326	0.0920587	0.990956	-1.38752	1.31326	28.4942	
0.994858	0.00486568	0.101166	0.00482814	0.995432	-0.0953555	-0.101168	0.0953536	0.990289	-1.48898	1.4089	29.5054	
0.99449	0.00521227	0.104704	0.00517068	0.995109	-0.0986497	-0.104706	0.0986475	0.989599	-1.59405	1.50791	30.5158	
0.994109	0.00557106	0.108242	0.00552514	0.994775	-0.101943	-0.108245	0.10194	0.988884	-1.70273	1.61028	31.5256	
0.993715	0.00594207	0.111783	0.00589151	0.99443	-0.105235	-0.111786	0.105232	0.988145	-1.81502	1.71601	32.5345	
0.993308	0.0063253	0.115325	0.00626981	0.994074	-0.108525	-0.115328	0.108522	0.987382	-1.93093	1.8251	33.5428	
0.992887	0.00672077	0.118868	0.00666004	0.993707	-0.111814	-0.118871	0.111811	0.986594	-2.05046	1.93755	34.5502	
0.992454	0.00712851	0.122412	0.00706221	0.993329	-0.115102	-0.122416	0.115098	0.985782	-2.1736	2.05336	35.5568	
0.992007	0.00754852	0.125957	0.00747632	0.992939	-0.118388	-0.125962	0.118383	0.984946	-2.30036	2.17251	36.5626	
0.991547	0.00798082	0.129503	0.00790238	0.992539	-0.121672	-0.129508	0.121666	0.984086	-2.43074	2.29502	37.5675	
0.991074	0.00842542	0.13305	0.00834039	0.992128	-0.124953	-0.133055	0.124948	0.983201	-2.56474	2.42088	38.5715	
0.990587	0.00888232	0.136597	0.00879034	0.991705	-0.128233	-0.136603	0.128227	0.982292	-2.70236	2.55009	39.5746	
0.990087	0.00935155	0.140144	0.00925225	0.991272	-0.13151	-0.140151	0.131503	0.981359	-2.8436	2.68265	40.5767	
0.989574	0.0098331	0.143692	0.0097261	0.990827	-0.134785	-0.143699	0.134778	0.980401	-2.98847	2.81855	41.5779	
0.989047	0.010327	0.14724	0.0102119	0.990372	-0.138058	-0.147248	0.138049	0.979418	-3.13695	2.95778	42.5781	
0.988507	0.0108332	0.150788	0.0107096	0.989905	-0.141327	-0.150796	0.141318	0.978412	-3.28906	3.10036	43.5773	
0.987953	0.0113518	0.154335	0.0112193	0.989427	-0.144594	-0.154345	0.144584	0.977381	-3.44479	3.24627	44.5755	
0.987386	0.0118827	0.157882	0.0117409	0.988939	-0.147858	-0.157893	0.147846	0.976325	-3.60415	3.39551	45.5726	
0.986806	0.012426	0.161429	0.0122745	0.988439	-0.151118	-0.16144	0.151106	0.975246	-3.76712	3.54809	46.5685	
0.986212	0.0129816	0.164974	0.0128199	0.987929	-0.154376	-0.164987	0.154362	0.974141	-3.93371	3.70398	47.5634	
0.985605	0.0135496	0.168519	0.0133773	0.987408	-0.15763	-0.168533	0.157615	0.973013	-4.10393	3.8632	48.5572	
0.984985	0.0141299	0.172064	0.0139466	0.986875	-0.16088	-0.172078	0.160864	0.97186	-4.27776	4.02574	49.5497	
0.98435	0.0147227	0.175606	0.0145277	0.986332	-0.164127	-0.175623	0.16411	0.970683	-4.45521	4.19159	50.5411	
0.983703	0.0153277	0.179148	0.0151208	0.985778	-0.16737	-0.179166	0.167352	0.969481	-4.63628	4.36075	51.5313	
0.983042	0.0159451	0.182688	0.0157257	0.985213	-0.17061	-0.182707	0.170589	0.968255	-4.82096	4.53322	52.5202	
0.982367	0.0165749	0.186227	0.0163425	0.984637	-0.173845	-0.186247	0.173823	0.967004	-5.00926	4.709	53.5079	
0.981679	0.017217	0.189764	0.0169711	0.984051	-0.177076	-0.189786	0.177052	0.96573	-5.20117	4.88807	54.4943	
0.980977	0.0178714	0.193299	0.0176115	0.983454	-0.180302	-0.193323	0.180277	0.964431	-5.39669	5.07043	55.4793	
0.980262	0.0185382	0.196832	0.0182638	0.982845	-0.183525	-0.196858	0.183497	0.963107	-5.59582	5.25609	56.4631	
0.979533	0.0192173	0.200363	0.0189279	0.982227	-0.186742	-0.20039	0.186713	0.96176	-5.79856	5.44502	57.4454	
0.978791	0.0199087	0.203891	0.0196037	0.981597	-0.189955	-0.203921	0.189924	0.960388	-6.0049	5.63724	58.4264	
0.978035	0.0206124	0.207418	0.0202913	0.980957	-0.193163	-0.207449	0.193129	0.958992	-6.21484	5.83273	59.406	
0.977266	0.0213285	0.210941	0.0209906	0.980306	-0.196367	-0.210975	0.19633	0.957572	-6.42839	6.0315	60.3841	
0.976483	0.0220567	0.214462	0.0217017	0.979644	-0.199565	-0.214498	0.199526	0.956128	-6.64553	6.23352	61.3608	
0.975687	0.0227973	0.21798	0.0224244	0.978972	-0.202758	-0.218019	0.202716	0.954659	-6.86627	6.43881	62.336	
0.974877	0.0235501	0.221495	0.0231588	0.978289	-0.205945	-0.221536	0.205901	0.953167	-7.0906	6.64735	63.3096	
0.974054	0.0243152	0.225007	0.0239049	0.977596	-0.209128	-0.225051	0.20908	0.95165	-7.31851	6.85914	64.2818	
0.973367	0.0249599	0.227891	0.025498	0.976101	-0.215815	-0.227831	0.215878	0.949468	-7.54965	7.07602	65.252	
0.97267	0.0256263	0.230773	0.0271106	0.974559	-0.222487	-0.230603	0.222663	0.947229	-7.78361	7.29983	66.22	
0.971964	0.0263142	0.233652	0.0287426	0.972968	-0.229143	-0.233366	0.229434	0.944934	-8.0204	7.53056	67.1857	
0.971249	0.0270235	0.236527	0.0303937	0.971331	-0.235781	-0.236118	0.236191	0.942583	-8.26	7.76819	68.149	
0.970525	0.0277541	0.239398	0.0320638	0.969646	-0.242401	-0.238859	0.242932	0.940176	-8.50241	8.01272	69.1098	
0.969791	0.0285058	0.242264	0.0337529	0.967914	-0.249003	-0.241589	0.249658	0.937713	-8.74761	8.26411	70.0682	
0.970848	0.0273482	0.238131	0.0397593	0.961333	-0.272502	-0.236375	0.274026	0.932221	-8.99155	8.53139	71.0226	
0.971881	0.0260833	0.234023	0.0456327	0.954142	-0.295855	-0.231008	0.298215	0.926123	-9.2301	8.82345	71.9711	
0.97289	0.0247118	0.229943	0.0513693	0.946346	-0.319047	-0.22549	0.32221	0.919421	-9.46309	9.14011	72.913	
0.973875	0.0232347	0.225894	0.0569654	0.937949	-0.342063	-0.219825	0.345995	0.912121	-9.69037	9.48115	73.8478	
0.974834	0.021653	0.221879	0.0624173	0.928957	-0.364888	-0.214017	0.369555	0.904227	-9.91179	9.84635	74.7748	
0.975767	0.0199677	0.217901	0.0677215	0.919376	-0.387508	-0.20807	0.392874	0.895744	-10.1272	10.2355	75.6935	
0.976673	0.0181798	0.21396	0.0728745	0.909212	-0.409907	-0.201987	0.415937	0.886678	-10.3365	10.6483	76.6032	
0.977552	0.0162905	0.210062	0.077873	0.898471	-0.432071	-0.195773	0.43873	0.877034	-10.5395	11.0845	77.5034	
0.978404	0.0143011	0.206207	0.0827138	0.887162	-0.453985	-0.189431	0.461237	0.86682	-10.7361	11.5438	78.3934	
0.979227	0.0122129	0.202399	0.0873935	0.87529	-0.475636	-0.182966	0.483444	0.856041	-10.9262	12.026	79.2727	
0.980021	0.0100272	0.198639	0.0919093	0.862865	-0.497008	-0.176382	0.505335	0.844704	-11.1096	12.5306	80.1408	
0.980786	0.00774546	0.194931	0.0962582	0.849893	-0.518089	-0.169683	0.526898	0.832818	-11.2862	13.0574	80.9969	
0.981522	0.00536912	0.191276	0.100437	0.836384	-0.538864	-0.162874	0.548118	0.820389	-11.4559	13.6061	81.8407	
0.982226	0.00289977	0.187678	0.104444	0.822346	-0.55932	-0.155958	0.568981	0.807427	-11.6187	14.1763	82.6715	
0.9829	0.000338996	0.184138	0.108275	0.807788	-0.579444	-0.148941	0.589473	0.793938	-11.7743	14.7675	83.4888	
0.983543	-0.00231152	0.180659	0.111929	0.79272	-0.599222	-0.141827	0.609582	0.779933	-11.9227	15.3795	84.2921	
0.984154	-0.00505007	0.177243	0.115403	0.777151	-0.618642	-0.134621	0.629293	0.76542	-12.0638	16.0118	85.0808	
0.984733	-0.00787485	0.173893	0.118695	0.761093	-0.637691	-0.127327	0.648595	0.750408	-12.1975	16.664	85.8545	
0.98528	-0.010784	0.170609	0.121803	0.744554	-0.656356	-0.11995	0.667475	0.734908	-12.3237	17.3357	86.6125	
0.985794	-0.0137757	0.167395	0.124724	0.727547	-0.674626	-0.112495	0.68592	0.718929	-12.4423	18.0264	87.3545	
0.986274	-0.016848	0.164253	0.127456	0.710081	-0.692488	-0.104966	0.703918	0.702482	-12.5533	18.7358	88.08	
0.986722	-0.0199988	0.161185	0.129999	0.692169	-0.709931	-0.0973696	0.721458	0.685578	-12.6566	19.4633	88.7884	
0.987135	-0.0232261	0.158193	0.13235	0.673822	-0.726944	-0.0897095	0.738529	0.668227	-12.752	20.2084	89.4794	
0.987515	-0.0265278	0.155278	0.134508	0.655052	-0.743515	-0.081991	0.755118	0.650441	-12.8397	20.9708	90.1524	
0.98786	-0.0299018	0.152442	0.136471	0.635871	-0.759634	-0.0742192	0.771216	0.632232	-12.9194	21.7498	90.8071	
0.988171	-0.0333458	0.149688	0.138238	0.616292	-0.77529	-0.066399	0.786812	0.613611	-12.9912	22.545	91.4429	
0.988447	-0.0368577	0.147018	0.139808	0.596327	-0.790473	-0.0585356	0.801895	0.594591	-13.0549	23.3558	92.0596	
0.988688	-0.040435	0.144432	0.14118	0.57599	-0.805173	-0.050634	0.816456	0.575183	-13.1107	24.1818	92.6566	
0.988895	-0.0440756	0.141933	0.142353	0.555294	-0.819381	-0.0426995	0.830486	0.555401	-13.1583	25.0223	93.2336	
