1	0	0	0	1	0	0	0	1	0	0	0	
0.999999	-2.5461e-06	0.00123853	-2.5461e-06	0.999992	0.00411145	-0.00123853	-0.00411145	0.999991	-0.000653985	-0.00217098	1.05606	
0.999997	-1.02079e-05	0.00248021	-1.02029e-05	0.999966	0.00822933	-0.00248021	-0.00822933	0.999963	-0.0026176	-0.00868729	2.1121	
0.999993	-2.30189e-05	0.00372497	-2.29991e-05	0.999924	0.0123534	-0.00372497	-0.0123534	0.999917	-0.00589412	-0.0195556	3.16809	
0.999988	-4.10122e-05	0.00497275	-4.09624e-05	0.999864	0.0164835	-0.00497275	-0.0164835	0.999852	-0.0104868	-0.0347824	4.22403	
0.999981	-6.422e-05	0.00622351	-6.41203e-05	0.999787	0.0206195	-0.00622351	-0.0206195	0.999768	-0.0163988	-0.054374	5.2799	
0.999972	-9.26741e-05	0.00747718	-9.24994e-05	0.999693	0.024761	-0.00747718	-0.024761	0.999665	-0.0236332	-0.0783363	6.33566	
0.999962	-0.000126406	0.0087337	-0.000126126	0.999582	0.028908	-0.0087337	-0.028908	0.999544	-0.032193	-0.106675	7.3913	
0.99995	-0.000165445	0.00999302	-0.000165025	0.999453	0.0330602	-0.00999303	-0.0330602	0.999403	-0.0420813	-0.139396	8.44681	
0.999937	-0.000209822	0.0112551	-0.000209221	0.999307	0.0372174	-0.0112551	-0.0372174	0.999244	-0.053301	-0.176505	9.50216	
0.999922	-0.000259567	0.0125198	-0.000258739	0.999143	0.0413794	-0.0125198	-0.0413794	0.999065	-0.0658549	-0.218007	10.5573	
0.999905	-0.000314707	0.0137872	-0.000313601	0.998962	0.045546	-0.0137872	-0.045546	0.998867	-0.0797458	-0.263906	11.6123	
0.999887	-0.000375272	0.0150571	-0.000373832	0.998763	0.0497171	-0.0150572	-0.0497171	0.99865	-0.0949766	-0.314208	12.667	
0.999867	-0.000441287	0.0163296	-0.000439453	0.998547	0.0538924	-0.0163296	-0.0538923	0.998413	-0.11155	-0.368917	13.7216	
0.999845	-0.000512781	0.0176045	-0.000510485	0.998312	0.0580716	-0.0176045	-0.0580716	0.998157	-0.129468	-0.428037	14.7758	
0.999822	-0.000589779	0.0188818	-0.000586949	0.99806	0.0622547	-0.0188819	-0.0622547	0.997882	-0.148734	-0.491573	15.8298	
0.999797	-0.000672307	0.0201614	-0.000668866	0.99779	0.0664414	-0.0201615	-0.0664414	0.997587	-0.16935	-0.559529	16.8835	
0.99977	-0.00076039	0.0214433	-0.000756256	0.997502	0.0706316	-0.0214434	-0.0706315	0.997272	-0.191319	-0.631908	17.9368	
0.999741	-0.000854052	0.0227274	-0.000849137	0.997196	0.0748249	-0.0227276	-0.0748249	0.996938	-0.214643	-0.708713	18.9898	
0.999711	-0.000953317	0.0240136	-0.000947527	0.996872	0.0790213	-0.0240139	-0.0790212	0.996584	-0.239323	-0.789949	20.0424	
0.999679	-0.00105821	0.025302	-0.00105144	0.996531	0.0832204	-0.0253023	-0.0832203	0.99621	-0.265364	-0.875617	21.0947	
0.999646	-0.00116875	0.0265924	-0.00116091	0.996171	0.0874222	-0.0265927	-0.0874221	0.995816	-0.292766	-0.965722	22.1466	
0.99961	-0.00128495	0.0278848	-0.00127593	0.995793	0.0916264	-0.0278852	-0.0916263	0.995403	-0.321532	-1.06026	23.198	
0.999573	-0.00140685	0.0291791	-0.00139653	0.995396	0.0958328	-0.0291796	-0.0958326	0.99497	-0.351664	-1.15925	24.249	
0.999534	-0.00153447	0.0304752	-0.00152272	0.994982	0.100041	-0.0304758	-0.100041	0.994516	-0.383164	-1.26268	25.2995	
0.999494	-0.00166781	0.0317731	-0.00165452	0.99455	0.104251	-0.0317738	-0.104251	0.994043	-0.416034	-1.37055	26.3495	
0.999451	-0.0018069	0.0330728	-0.00179193	0.994099	0.108463	-0.0330736	-0.108463	0.99355	-0.450275	-1.48287	27.399	
0.999407	-0.00195176	0.0343742	-0.00193498	0.99363	0.112677	-0.0343751	-0.112676	0.993037	-0.48589	-1.59964	28.448	
0.999361	-0.00210241	0.0356771	-0.00208367	0.993143	0.116891	-0.0356782	-0.116891	0.992504	-0.522881	-1.72086	29.4964	
0.999313	-0.00225886	0.0369817	-0.00223803	0.992637	0.121107	-0.0369829	-0.121106	0.99195	-0.561248	-1.84653	30.5443	
0.999264	-0.00242113	0.0382877	-0.00239805	0.992113	0.125323	-0.0382891	-0.125322	0.991377	-0.600994	-1.97665	31.5915	
0.999212	-0.00258924	0.0395951	-0.00256374	0.991571	0.12954	-0.0395968	-0.129539	0.990783	-0.64212	-2.11122	32.6382	
0.999159	-0.0027632	0.040904	-0.00273513	0.99101	0.133757	-0.0409058	-0.133757	0.99017	-0.684628	-2.25025	33.6842	
0.999104	-0.00294303	0.0422141	-0.00291221	0.990431	0.137975	-0.0422162	-0.137974	0.989536	-0.728519	-2.39373	34.7295	
0.999047	-0.00312874	0.0435255	-0.003095	0.989834	0.142192	-0.0435279	-0.142192	0.988882	-0.773795	-2.54167	35.7742	
0.998989	-0.00332034	0.044838	-0.00328351	0.989219	0.14641	-0.0448408	-0.146409	0.988207	-0.820456	-2.69406	36.8181	
0.998928	-0.00351784	0.0461518	-0.00347774	0.988585	0.150627	-0.0461548	-0.150626	0.987513	-0.868505	-2.8509	37.8614	
0.998866	-0.00372127	0.0474665	-0.00367769	0.987932	0.154843	-0.0474699	-0.154842	0.986798	-0.917941	-3.0122	38.9039	
0.998802	-0.00393062	0.0487823	-0.00388338	0.987261	0.159059	-0.0487861	-0.159058	0.986063	-0.968767	-3.17795	39.9456	
0.998736	-0.00414591	0.050099	-0.0040948	0.986572	0.163274	-0.0501032	-0.163273	0.985308	-1.02098	-3.34815	40.9866	
0.998668	-0.00436715	0.0514166	-0.00431197	0.985865	0.167488	-0.0514213	-0.167486	0.984532	-1.07459	-3.5228	42.0267	
0.998598	-0.00459435	0.0527351	-0.00453489	0.985139	0.1717	-0.0527402	-0.171698	0.983737	-1.12959	-3.7019	43.066	
0.998526	-0.00482752	0.0540543	-0.00476356	0.984395	0.175911	-0.0540599	-0.175909	0.982921	-1.18599	-3.88545	44.1045	
0.998453	-0.00506666	0.0553741	-0.00499798	0.983632	0.18012	-0.0553804	-0.180118	0.982085	-1.24377	-4.07344	45.142	
0.998377	-0.00531179	0.0566947	-0.00523816	0.982851	0.184327	-0.0567015	-0.184325	0.981228	-1.30296	-4.26588	46.1787	
0.9983	-0.0055629	0.0580158	-0.0054841	0.982052	0.188532	-0.0580233	-0.18853	0.980352	-1.36354	-4.46276	47.2145	
0.998221	-0.00582001	0.0593374	-0.00573579	0.981234	0.192735	-0.0593456	-0.192732	0.979455	-1.42551	-4.66408	48.2494	
0.99814	-0.00608312	0.0606595	-0.00599324	0.980398	0.196935	-0.0606684	-0.196932	0.978538	-1.48888	-4.86983	49.2832	
0.998057	-0.00635223	0.0619819	-0.00625644	0.979544	0.201132	-0.0619917	-0.201129	0.977601	-1.55365	-5.08002	50.3161	
0.997972	-0.00662735	0.0633047	-0.0065254	0.978672	0.205327	-0.0633153	-0.205324	0.976644	-1.61982	-5.29464	51.348	
0.997886	-0.00690848	0.0646278	-0.00680012	0.977781	0.209519	-0.0646393	-0.209515	0.975667	-1.68738	-5.51369	52.3789	
0.997797	-0.00719563	0.065951	-0.00708058	0.976872	0.213707	-0.0659635	-0.213703	0.974669	-1.75634	-5.73716	53.4088	
0.997706	-0.00748879	0.0672744	-0.0073668	0.975945	0.217892	-0.0672879	-0.217888	0.973652	-1.8267	-5.96505	54.4375	
0.997614	-0.00778796	0.0685979	-0.00765875	0.975	0.222073	-0.0686125	-0.222068	0.972614	-1.89846	-6.19736	55.4652	
0.99752	-0.00809316	0.0699214	-0.00795645	0.974037	0.22625	-0.0699371	-0.226245	0.971556	-1.97162	-6.43409	56.4918	
0.997423	-0.00840437	0.0712449	-0.00825988	0.973055	0.230424	-0.0712618	-0.230418	0.970479	-2.04618	-6.67522	57.5173	
0.997325	-0.00872159	0.0725683	-0.00856904	0.972056	0.234593	-0.0725864	-0.234587	0.969381	-2.12213	-6.92076	58.5416	
0.997225	-0.00904483	0.0738915	-0.00888391	0.971039	0.238757	-0.073911	-0.238751	0.968264	-2.19949	-7.17069	59.5647	
0.997123	-0.00937408	0.0752144	-0.0092045	0.970003	0.242918	-0.0752354	-0.242911	0.967127	-2.27824	-7.42503	60.5867	
0.997019	-0.00970934	0.0765371	-0.0095308	0.96895	0.247073	-0.0765596	-0.247066	0.965969	-2.3584	-7.68375	61.6074	
0.996914	-0.0100506	0.0778595	-0.0098628	0.967879	0.251223	-0.0778835	-0.251216	0.964793	-2.43995	-7.94686	62.6269	
0.996806	-0.0103979	0.0791814	-0.0102005	0.96679	0.255369	-0.0792071	-0.255361	0.963596	-2.5229	-8.21435	63.6451	
0.996696	-0.0107511	0.0805028	-0.0105438	0.965683	0.259509	-0.0805302	-0.2595	0.96238	-2.60724	-8.48621	64.6621	
0.996585	-0.0111104	0.0818238	-0.0108929	0.964559	0.263643	-0.081853	-0.263634	0.961144	-2.69299	-8.76244	65.6778	
0.996471	-0.0114756	0.0831441	-0.0112476	0.963417	0.267772	-0.0831752	-0.267762	0.959888	-2.78013	-9.04303	66.6922	
0.996356	-0.0118468	0.0844637	-0.0116079	0.962257	0.271895	-0.0844969	-0.271884	0.958613	-2.86866	-9.32799	67.7052	
0.995998	-0.0129739	0.0884257	-0.0117433	0.96183	0.273394	-0.0885975	-0.273338	0.957829	-2.96006	-9.61588	68.7171	
0.995623	-0.0141075	0.0923855	-0.0118851	0.961402	0.274892	-0.0926976	-0.274787	0.957026	-3.05579	-9.90531	69.7282	
0.995231	-0.0152472	0.0963428	-0.0120333	0.960971	0.276388	-0.0967967	-0.27623	0.956205	-3.15585	-10.1963	70.7385	
0.993239	-0.0202576	0.114307	-0.0100595	0.965934	0.258593	-0.115652	-0.257994	0.959199	-3.26803	-10.4784	71.7499	
0.990893	-0.0249242	0.132321	-0.00773614	0.970557	0.240748	-0.134426	-0.239579	0.961526	-3.40009	-10.7411	72.7642	
0.988197	-0.0292439	0.150373	-0.00506476	0.974836	0.222866	-0.153106	-0.220997	0.963182	-3.55193	-10.9843	73.7806	
0.985151	-0.0332136	0.168449	-0.00204726	0.978768	0.20496	-0.17168	-0.202261	0.964166	-3.72343	-11.2078	74.7983	
0.981757	-0.0368305	0.186538	0.00131425	0.982351	0.187041	-0.190134	-0.183384	0.964479	-3.91449	-11.4115	75.8167	
0.978019	-0.0400921	0.204626	0.00501744	0.985582	0.169123	-0.208456	-0.164379	0.964119	-4.12497	-11.5951	76.8352	
0.973938	-0.0429962	0.222701	0.00905971	0.988459	0.151218	-0.226632	-0.145259	0.963088	-4.35473	-11.7586	77.8528	
0.969518	-0.0455406	0.24075	0.0134383	0.990979	0.133338	-0.244651	-0.126039	0.961385	-4.60359	-11.9019	78.8691	
0.964762	-0.0477237	0.258761	0.01815	0.993142	0.115496	-0.262499	-0.10673	0.959012	-4.8714	-12.0248	79.8832	
0.959672	-0.049544	0.276722	0.0231918	0.994945	0.0977049	-0.280163	-0.087347	0.95597	-5.15796	-12.1273	80.8944	
0.954253	-0.051	0.294619	0.0285599	0.996388	0.079976	-0.297633	-0.0679031	0.952262	-5.46307	-12.2093	81.9021	
0.948508	-0.0520909	0.31244	0.0342507	0.997468	0.0623222	-0.314895	-0.0484119	0.947891	-5.78652	-12.2707	82.9055	
0.942442	-0.0528159	0.330173	0.0402603	0.998186	0.0447558	-0.331938	-0.0288869	0.942859	-6.12809	-12.3115	83.9039	
0.936058	-0.0531744	0.347805	0.0465843	0.998542	0.027289	-0.348749	-0.00934184	0.93717	-6.48753	-12.3317	84.8967	
0.92936	-0.0531663	0.365325	0.0532185	0.998533	0.00993403	-0.365317	0.0102098	0.930827	-6.8646	-12.3312	85.8831	
0.922355	-0.0527915	0.38272	0.0601582	0.998162	-0.0072971	-0.381631	0.0297542	0.923836	-7.25904	-12.3101	86.8625	
0.915046	-0.0520502	0.399977	0.0673985	0.997428	-0.0243923	-0.397679	0.049278	0.9162	-7.67056	-12.2684	87.8341	
0.907438	-0.0509431	0.417085	0.0749345	0.996331	-0.0413398	-0.413449	0.0687674	0.907927	-8.09888	-12.2061	88.7974	
0.899538	-0.0494709	0.434032	0.0827608	0.994873	-0.0581276	-0.428931	0.0882088	0.89902	-8.54371	-12.1232	89.7515	
0.89135	-0.0476345	0.450807	0.090872	0.993054	-0.0747441	-0.444115	0.107589	0.889487	-9.00473	-12.0198	90.696	
0.88288	-0.0454353	0.467396	0.0992625	0.990875	-0.0911777	-0.458989	0.126894	0.879334	-9.48163	-11.896	91.63	
0.874134	-0.0428749	0.483789	0.107926	0.988339	-0.107417	-0.473542	0.14611	0.868567	-9.97406	-11.7518	92.553	
0.865118	-0.0399549	0.499975	0.116858	0.985446	-0.12345	-0.487766	0.165225	0.857196	-10.4817	-11.5874	93.4643	
0.855838	-0.0366774	0.515942	0.12605	0.9822	-0.139267	-0.50165	0.184225	0.845227	-11.0042	-11.4029	94.3633	
0.846301	-0.0330448	0.531679	0.135497	0.978601	-0.154856	-0.515184	0.203096	0.832669	-11.5411	-11.1983	95.2493	
0.836514	-0.0290595	0.547174	0.145192	0.974653	-0.170206	-0.528359	0.221825	0.81953	-12.0922	-10.9739	96.1218	
0.826483	-0.0247244	0.562418	0.155129	0.970359	-0.185307	-0.541166	0.2404	0.805821	-12.6569	-10.7299	96.9801	
0.816215	-0.0200424	0.5774	0.1653	0.965721	-0.200148	-0.553596	0.258808	0.791549	-13.235	-10.4662	97.8236	
0.805718	-0.0150168	0.592108	0.175699	0.960743	-0.214718	-0.565639	0.277035	0.776726	-13.8261	-10.1833	98.6517	
0.794999	-0.00965113	0.606534	0.186317	0.955427	-0.229008	-0.577289	0.295069	0.761362	-14.4296	-9.88119	99.4639	
0.784065	-0.00394911	0.620666	0.197149	0.949779	-0.243007	-0.588536	0.312897	0.745467	-15.0452	-9.56014	100.26	
