1	0	0	0	1	0	0	0	1	0	0	0	
1	2.7493e-08	-0.000160928	2.7493e-08	1	0.00034168	0.000160928	-0.00034168	1	8.38371e-05	-0.000178001	1.04192	
1	1.10555e-07	-0.000322683	1.1059e-07	1	0.000685333	0.000322683	-0.000685333	1	0.000335779	-0.000713033	2.08384	
1	2.50064e-07	-0.000485255	2.50205e-07	0.999999	0.00103094	0.000485255	-0.00103094	0.999999	0.000756682	-0.00160714	3.12576	
1	4.46889e-07	-0.000648634	4.47243e-07	0.999999	0.00137848	0.000648634	-0.00137848	0.999999	0.00134739	-0.00286236	4.16768	
1	7.01891e-07	-0.00081281	7.02604e-07	0.999999	0.00172795	0.00081281	-0.00172795	0.999998	0.00210875	-0.00448068	5.20959	
1	1.01592e-06	-0.000977775	1.01718e-06	0.999998	0.00207931	0.000977775	-0.00207931	0.999997	0.00304157	-0.00646411	6.25151	
0.999999	1.38983e-06	-0.00114352	1.39185e-06	0.999997	0.00243255	0.00114352	-0.00243255	0.999996	0.00414667	-0.00881461	7.29343	
0.999999	1.82444e-06	-0.00131003	1.82748e-06	0.999996	0.00278766	0.00131003	-0.00278766	0.999995	0.00542487	-0.0115341	8.33534	
0.999999	2.32058e-06	-0.0014773	2.32496e-06	0.999995	0.00314461	0.0014773	-0.00314461	0.999994	0.00687696	-0.0146246	9.37725	
0.999999	2.87908e-06	-0.00164531	2.88512e-06	0.999994	0.00350339	0.00164531	-0.00350339	0.999993	0.00850371	-0.0180879	10.4192	
0.999998	3.50072e-06	-0.00181407	3.50882e-06	0.999993	0.00386397	0.00181407	-0.00386397	0.999991	0.0103059	-0.021926	11.4611	
0.999998	4.18632e-06	-0.00198355	4.1969e-06	0.999991	0.00422634	0.00198355	-0.00422634	0.999989	0.0122843	-0.0261408	12.503	
0.999998	4.93665e-06	-0.00215376	4.95019e-06	0.999989	0.00459048	0.00215376	-0.00459048	0.999987	0.0144397	-0.030734	13.5449	
0.999997	5.7525e-06	-0.00232467	5.7695e-06	0.999988	0.00495637	0.00232467	-0.00495637	0.999985	0.0167728	-0.0357075	14.5868	
0.999997	6.63462e-06	-0.00249628	6.65565e-06	0.999986	0.00532399	0.00249628	-0.00532399	0.999983	0.0192843	-0.0410632	15.6287	
0.999996	7.58376e-06	-0.00266857	7.60943e-06	0.999984	0.00569332	0.00266857	-0.00569332	0.99998	0.021975	-0.0468027	16.6706	
0.999996	8.60068e-06	-0.00284155	8.63163e-06	0.999982	0.00606434	0.00284155	-0.00606434	0.999978	0.0248455	-0.052928	17.7125	
0.999995	9.68611e-06	-0.0030152	9.72303e-06	0.999979	0.00643703	0.0030152	-0.00643703	0.999975	0.0278966	-0.0594407	18.7544	
0.999995	1.08408e-05	-0.0031895	1.08844e-05	0.999977	0.00681137	0.0031895	-0.00681137	0.999972	0.031129	-0.0663426	19.7963	
0.999994	1.20653e-05	-0.00336445	1.21165e-05	0.999974	0.00718734	0.00336445	-0.00718734	0.999969	0.0345434	-0.0736354	20.8382	
0.999994	1.33605e-05	-0.00354004	1.34201e-05	0.999971	0.00756493	0.00354004	-0.00756493	0.999965	0.0381403	-0.0813207	21.8801	
0.999993	1.47271e-05	-0.00371625	1.47958e-05	0.999968	0.00794411	0.00371625	-0.00794411	0.999962	0.0419206	-0.0894003	22.9219	
0.999992	1.61656e-05	-0.00389309	1.62445e-05	0.999965	0.00832486	0.00389309	-0.00832486	0.999958	0.0458847	-0.0978757	23.9638	
0.999992	1.76767e-05	-0.00407053	1.77668e-05	0.999962	0.00870716	0.00407053	-0.00870716	0.999954	0.0500334	-0.106749	25.0057	
0.999991	1.92612e-05	-0.00424857	1.93635e-05	0.999959	0.00909099	0.00424856	-0.00909099	0.99995	0.0543674	-0.116021	26.0476	
0.99999	2.09195e-05	-0.00442719	2.10351e-05	0.999955	0.00947633	0.00442719	-0.00947633	0.999945	0.0588871	-0.125694	27.0894	
0.999989	2.26525e-05	-0.00460639	2.27825e-05	0.999951	0.00986317	0.00460639	-0.00986317	0.999941	0.0635932	-0.135769	28.1313	
0.999989	2.44605e-05	-0.00478615	2.46062e-05	0.999947	0.0102515	0.00478615	-0.0102515	0.999936	0.0684863	-0.146248	29.1731	
0.999988	2.63444e-05	-0.00496648	2.65069e-05	0.999943	0.0106412	0.00496648	-0.0106412	0.999931	0.0735671	-0.157132	30.215	
0.999987	2.83045e-05	-0.00514734	2.84852e-05	0.999939	0.0110324	0.00514734	-0.0110324	0.999926	0.078836	-0.168423	31.2568	
0.999986	3.03416e-05	-0.00532874	3.05418e-05	0.999935	0.011425	0.00532874	-0.011425	0.999921	0.0842936	-0.180122	32.2987	
0.999985	3.24561e-05	-0.00551067	3.26772e-05	0.99993	0.011819	0.00551067	-0.011819	0.999915	0.0899405	-0.192232	33.3405	
0.999984	3.46486e-05	-0.00569311	3.48921e-05	0.999925	0.0122143	0.00569311	-0.0122143	0.999909	0.0957772	-0.204752	34.3823	
0.999983	3.69196e-05	-0.00587605	3.7187e-05	0.99992	0.012611	0.00587605	-0.012611	0.999903	0.101804	-0.217685	35.4242	
0.999982	3.92696e-05	-0.00605949	3.95625e-05	0.999915	0.013009	0.00605948	-0.013009	0.999897	0.108022	-0.231032	36.466	
0.999981	4.16992e-05	-0.0062434	4.20192e-05	0.99991	0.0134084	0.0062434	-0.0134084	0.999891	0.114431	-0.244794	37.5078	
0.999979	4.42088e-05	-0.00642779	4.45575e-05	0.999905	0.013809	0.00642779	-0.013809	0.999884	0.121033	-0.258974	38.5496	
0.999978	4.67988e-05	-0.00661264	4.71781e-05	0.999899	0.0142108	0.00661264	-0.0142108	0.999877	0.127826	-0.273571	39.5914	
0.999977	4.94698e-05	-0.00679795	4.98813e-05	0.999893	0.0146139	0.00679794	-0.0146139	0.99987	0.134813	-0.288587	40.6332	
0.999976	5.22222e-05	-0.00698369	5.26678e-05	0.999887	0.0150183	0.00698369	-0.0150183	0.999863	0.141992	-0.304024	41.6749	
0.999974	5.50563e-05	-0.00716986	5.5538e-05	0.999881	0.0154238	0.00716986	-0.0154238	0.999855	0.149366	-0.319884	42.7167	
0.999973	5.79726e-05	-0.00735645	5.84923e-05	0.999875	0.0158305	0.00735645	-0.0158305	0.999848	0.156933	-0.336166	43.7585	
0.999972	6.09715e-05	-0.00754345	6.15313e-05	0.999868	0.0162383	0.00754345	-0.0162383	0.99984	0.164696	-0.352872	44.8002	
0.99997	6.40534e-05	-0.00773085	6.46552e-05	0.999861	0.0166473	0.00773085	-0.0166473	0.999832	0.172653	-0.370004	45.842	
0.999969	6.72186e-05	-0.00791864	6.78647e-05	0.999855	0.0170574	0.00791863	-0.0170574	0.999823	0.180806	-0.387563	46.8837	
0.999967	7.04674e-05	-0.0081068	7.11599e-05	0.999847	0.0174686	0.00810679	-0.0174686	0.999815	0.189154	-0.40555	47.9254	
0.999966	7.38003e-05	-0.00829533	7.45414e-05	0.99984	0.0178808	0.00829532	-0.0178808	0.999806	0.197699	-0.423965	48.9672	
0.999964	7.72174e-05	-0.00848422	7.80096e-05	0.999833	0.0182941	0.00848421	-0.0182941	0.999797	0.20644	-0.442811	50.0089	
0.999962	8.07191e-05	-0.00867345	8.15646e-05	0.999825	0.0187084	0.00867344	-0.0187084	0.999787	0.215379	-0.462088	51.0506	
0.999961	8.43057e-05	-0.00886301	8.5207e-05	0.999817	0.0191238	0.008863	-0.0191238	0.999778	0.224515	-0.481797	52.0923	
0.999959	8.79775e-05	-0.0090529	8.8937e-05	0.999809	0.01954	0.00905289	-0.0195401	0.999768	0.233848	-0.501939	53.134	
0.999957	9.17346e-05	-0.0092431	9.2755e-05	0.999801	0.0199573	0.00924309	-0.0199573	0.999758	0.24338	-0.522516	54.1756	
0.999955	9.55773e-05	-0.00943361	9.66611e-05	0.999792	0.0203755	0.00943359	-0.0203755	0.999748	0.253109	-0.543528	55.2173	
0.999954	9.95059e-05	-0.0096244	0.000100656	0.999784	0.0207946	0.00962439	-0.0207946	0.999737	0.263038	-0.564975	56.2589	
0.999952	0.00010352	-0.00981548	0.000104739	0.999775	0.0212146	0.00981547	-0.0212146	0.999727	0.273165	-0.586861	57.3006	
0.99995	0.000107621	-0.0100068	0.000108911	0.999766	0.0216354	0.0100068	-0.0216354	0.999716	0.283492	-0.609184	58.3422	
0.999948	0.000111808	-0.0101984	0.000113173	0.999757	0.0220571	0.0101984	-0.0220571	0.999705	0.294018	-0.631946	59.3838	
0.999946	0.000116082	-0.0103903	0.000117524	0.999747	0.0224797	0.0103903	-0.0224797	0.999693	0.304744	-0.655148	60.4254	
0.999944	0.000120442	-0.0105824	0.000121964	0.999738	0.022903	0.0105824	-0.022903	0.999682	0.31567	-0.67879	61.467	
0.999942	0.000124889	-0.0107747	0.000126495	0.999728	0.0233271	0.0107747	-0.0233271	0.99967	0.326796	-0.702874	62.5086	
0.99994	0.000129423	-0.0109673	0.000131115	0.999718	0.023752	0.0109672	-0.023752	0.999658	0.338123	-0.727401	63.5502	
0.999938	0.000134044	-0.01116	0.000135825	0.999708	0.0241775	0.01116	-0.0241776	0.999645	0.34965	-0.75237	64.5917	
0.999936	0.000138752	-0.0113529	0.000140626	0.999697	0.0246039	0.0113529	-0.0246039	0.999633	0.361378	-0.777783	65.6333	
0.999933	0.000143546	-0.0115461	0.000145516	0.999687	0.0250308	0.0115461	-0.0250309	0.99962	0.373308	-0.803641	66.6748	
0.999931	0.000148428	-0.0117394	0.000150497	0.999676	0.0254585	0.0117394	-0.0254585	0.999607	0.385438	-0.829944	67.7163	
0.999967	5.49972e-05	-0.00813662	0.000159731	0.999652	0.0263873	0.00813524	-0.0263878	0.999619	0.395792	-0.856953	68.7578	
0.99999	-4.1778e-05	-0.00453406	0.000165621	0.999627	0.027317	0.00453123	-0.0273175	0.999617	0.402391	-0.884932	69.7994	
1	-0.000141898	-0.000931767	0.000168162	0.999601	0.0282476	0.000927387	-0.0282477	0.999601	0.405235	-0.913879	70.8409	
0.999996	-0.000245365	0.00267021	0.000167347	0.999574	0.0291788	-0.00267623	-0.0291783	0.999571	0.404324	-0.943796	71.8824	
0.999594	-0.00104266	0.0284784	0.000114258	0.999469	0.0325825	-0.0284972	-0.0325661	0.999063	0.388083	-0.975964	72.9236	
0.998525	-0.00192717	0.0542647	-2.67453e-05	0.999352	0.0359834	-0.0542989	-0.0359317	0.997878	0.344947	-1.01165	73.964	
0.99679	-0.00289828	0.0800117	-0.000255567	0.999224	0.039379	-0.0800637	-0.039273	0.996016	0.274945	-1.05083	75.0028	
0.99439	-0.00395534	0.105702	-0.000572053	0.999085	0.0427672	-0.105774	-0.0425877	0.993478	0.178126	-1.09348	76.0393	
0.991327	-0.00509763	0.131318	-0.000975988	0.998934	0.0461455	-0.131413	-0.0458735	0.990266	0.0545538	-1.13957	77.0728	
0.987603	-0.00632438	0.156842	-0.0014671	0.998772	0.0495118	-0.156963	-0.0491281	0.986382	-0.0956868	-1.18906	78.1026	
0.983221	-0.00763475	0.182257	-0.00204505	0.9986	0.0528637	-0.182406	-0.0523494	0.981829	-0.272494	-1.24193	79.1281	
0.978184	-0.00902785	0.207546	-0.00270945	0.998416	0.0561989	-0.207725	-0.0555352	0.97661	-0.475748	-1.29814	80.1484	
0.972494	-0.0105027	0.232692	-0.00345985	0.998221	0.0595153	-0.232903	-0.0586833	0.970728	-0.70531	-1.35764	81.1629	
0.966156	-0.0120584	0.257678	-0.00429573	0.998016	0.0628105	-0.257924	-0.0617916	0.964187	-0.961026	-1.42041	82.171	
0.959174	-0.0136938	0.282486	-0.00521655	0.997801	0.0660823	-0.282769	-0.064858	0.956993	-1.24272	-1.48639	83.1719	
0.951553	-0.0154079	0.307099	-0.00622165	0.997574	0.0693285	-0.307423	-0.0678804	0.949149	-1.5502	-1.55555	84.165	
0.943298	-0.0171994	0.331502	-0.00731038	0.997338	0.0725469	-0.331868	-0.0708567	0.940661	-1.88327	-1.62783	85.1496	
0.934414	-0.0190671	0.355678	-0.00848198	0.997092	0.0757353	-0.356088	-0.0737849	0.931535	-2.24169	-1.70319	86.1249	
0.924908	-0.0210099	0.37961	-0.00973566	0.996836	0.0788915	-0.380066	-0.0766631	0.921777	-2.62521	-1.78157	87.0905	
0.914786	-0.0230262	0.403281	-0.0110706	0.99657	0.0820134	-0.403786	-0.0794893	0.911394	-3.03359	-1.86292	88.0456	
0.904056	-0.0251149	0.426677	-0.0124858	0.996294	0.0850989	-0.427233	-0.0822615	0.900392	-3.46654	-1.94719	88.9895	
0.892723	-0.0272745	0.44978	-0.0139804	0.996009	0.0881459	-0.450389	-0.084978	0.888779	-3.92377	-2.03432	89.9216	
0.880796	-0.0295034	0.472576	-0.0155534	0.995715	0.0911523	-0.47324	-0.0876368	0.876563	-4.40498	-2.12425	90.8413	
0.868283	-0.0318003	0.495048	-0.0172036	0.995413	0.0941161	-0.49577	-0.0902361	0.863753	-4.90982	-2.21692	91.748	
0.855193	-0.0341635	0.517182	-0.01893	0.995101	0.0970353	-0.517964	-0.0927742	0.850357	-5.43796	-2.31227	92.6411	
0.841534	-0.0365914	0.538963	-0.0207314	0.994781	0.0999078	-0.539806	-0.0952493	0.836383	-5.98905	-2.41023	93.5198	
0.827316	-0.0390824	0.560376	-0.0226066	0.994452	0.102732	-0.561282	-0.0976599	0.821843	-6.5627	-2.51073	94.3838	
0.812548	-0.0416348	0.581405	-0.0245543	0.994116	0.105505	-0.582377	-0.100004	0.806744	-7.15854	-2.61371	95.2322	
0.79724	-0.0442469	0.602038	-0.0265731	0.993771	0.108226	-0.603077	-0.102281	0.791099	-7.77615	-2.7191	96.0647	
0.781403	-0.0469169	0.62226	-0.0286618	0.993419	0.110893	-0.623368	-0.104488	0.774916	-8.41511	-2.82682	96.8806	
0.765048	-0.049643	0.642057	-0.0308188	0.993059	0.113504	-0.643236	-0.106624	0.758208	-9.075	-2.93681	97.6793	
0.748185	-0.0524233	0.661416	-0.0330428	0.992693	0.116058	-0.662667	-0.108688	0.740985	-9.75536	-3.04898	98.4604	
0.730826	-0.0552559	0.680324	-0.0353322	0.992319	0.118551	-0.681649	-0.110678	0.72326	-10.4557	-3.16327	99.2232	
0.712983	-0.058139	0.698767	-0.0376855	0.991939	0.120984	-0.700168	-0.112593	0.705044	-11.1756	-3.27959	99.9674	
