1	0	0	0	1	0	0	0	1	0	0	0	
0.999984	-1.54764e-06	-0.00566776	-1.54764e-06	1	-0.000546116	0.00566776	0.000546116	0.999984	0.00295268	0.000284505	1.04191	
0.999936	-6.18716e-06	-0.0113366	-6.1776e-06	0.999999	-0.00109065	0.0113366	0.00109065	0.999935	0.0118113	0.0011372	2.08379	
0.999855	-1.39109e-05	-0.0170064	-1.38727e-05	0.999999	-0.0016336	0.0170064	0.0016336	0.999854	0.0265769	0.00255643	3.12561	
0.999743	-2.47112e-05	-0.0226769	-2.46156e-05	0.999998	-0.00217492	0.0226769	0.00217492	0.99974	0.0472504	0.00454051	4.16732	
0.999598	-3.858e-05	-0.0283479	-3.83888e-05	0.999996	-0.0027146	0.0283479	0.0027146	0.999594	0.0738324	0.00708776	5.20889	
0.999421	-5.55093e-05	-0.0340192	-5.51746e-05	0.999995	-0.00325262	0.0340192	0.00325262	0.999416	0.106323	0.0101964	6.2503	
0.999212	-7.54907e-05	-0.0396906	-7.49552e-05	0.999993	-0.00378897	0.0396906	0.00378896	0.999205	0.144723	0.0138648	7.2915	
0.998971	-9.85158e-05	-0.0453618	-9.77125e-05	0.999991	-0.00432361	0.0453618	0.0043236	0.998961	0.189032	0.0180912	8.33247	
0.998697	-0.000124576	-0.0510326	-0.000123428	0.999988	-0.00485654	0.0510326	0.00485651	0.998685	0.23925	0.0228736	9.37316	
0.998391	-0.000153663	-0.0567029	-0.000152084	0.999985	-0.00538773	0.0567029	0.00538768	0.998377	0.295376	0.0282105	10.4136	
0.998053	-0.000185767	-0.0623725	-0.000183662	0.999982	-0.00591716	0.0623725	0.0059171	0.998035	0.35741	0.0340998	11.4536	
0.997682	-0.000220879	-0.068041	-0.000218143	0.999979	-0.00644482	0.0680411	0.00644472	0.997662	0.42535	0.0405398	12.4933	
0.99728	-0.000258991	-0.0737084	-0.000255508	0.999976	-0.00697068	0.0737084	0.00697055	0.997255	0.499196	0.0475287	13.5326	
0.996845	-0.000300092	-0.0793744	-0.000295739	0.999972	-0.00749473	0.0793744	0.00749455	0.996817	0.578946	0.0550644	14.5714	
0.996378	-0.000344173	-0.0850388	-0.000338816	0.999968	-0.00801694	0.0850388	0.00801672	0.996345	0.664599	0.0631452	15.6098	
0.995878	-0.000391226	-0.0907013	-0.00038472	0.999963	-0.00853731	0.0907014	0.00853701	0.995842	0.756153	0.071769	16.6476	
0.995346	-0.000441238	-0.0963619	-0.000433431	0.999959	-0.00905581	0.0963619	0.00905543	0.995305	0.853605	0.080934	17.6849	
0.994782	-0.000494202	-0.10202	-0.000484931	0.999954	-0.00957242	0.10202	0.00957195	0.994736	0.956955	0.0906382	18.7217	
0.994186	-0.000550105	-0.107676	-0.000539199	0.999949	-0.0100871	0.107676	0.0100865	0.994135	1.0662	0.100879	19.7578	
0.993557	-0.000608939	-0.113329	-0.000596216	0.999944	-0.0105999	0.113329	0.0105992	0.993501	1.18133	0.111656	20.7933	
0.992896	-0.000670693	-0.11898	-0.000655962	0.999938	-0.0111108	0.11898	0.0111099	0.992835	1.30236	0.122966	21.8281	
0.992203	-0.000735356	-0.124627	-0.000718416	0.999932	-0.0116197	0.124627	0.0116186	0.992136	1.42927	0.134806	22.8622	
0.991478	-0.000802917	-0.130271	-0.000783559	0.999926	-0.0121266	0.130271	0.0121253	0.991404	1.56206	0.147176	23.8955	
0.990721	-0.000873366	-0.135911	-0.00085137	0.99992	-0.0126315	0.135911	0.01263	0.99064	1.70073	0.160072	24.9281	
0.989931	-0.000946691	-0.141548	-0.000921829	0.999913	-0.0131344	0.141548	0.0131327	0.989844	1.84528	0.173494	25.9598	
0.989109	-0.00102288	-0.147181	-0.000994915	0.999907	-0.0136354	0.147181	0.0136333	0.989016	1.99569	0.187438	26.9907	
0.988255	-0.00110193	-0.15281	-0.00107061	0.9999	-0.0141342	0.15281	0.0141318	0.988155	2.15198	0.201902	28.0208	
0.987369	-0.00118381	-0.158434	-0.00114889	0.999892	-0.014631	0.158435	0.0146283	0.987261	2.31412	0.216885	29.0499	
0.986451	-0.00126853	-0.164054	-0.00122973	0.999885	-0.0151258	0.164055	0.0151226	0.986335	2.48213	0.232384	30.078	
0.9855	-0.00135607	-0.169669	-0.00131311	0.999877	-0.0156185	0.16967	0.0156148	0.985377	2.65598	0.248397	31.1052	
0.984518	-0.00144641	-0.17528	-0.00139902	0.999869	-0.016109	0.17528	0.0161048	0.984387	2.83569	0.264922	32.1314	
0.983503	-0.00153955	-0.180885	-0.00148743	0.999861	-0.0165975	0.180885	0.0165927	0.983364	3.02124	0.281956	33.1565	
0.982457	-0.00163547	-0.186485	-0.00157832	0.999853	-0.0170838	0.186485	0.0170784	0.982309	3.21262	0.299497	34.1806	
0.981378	-0.00173416	-0.192079	-0.00167167	0.999844	-0.017568	0.192079	0.0175619	0.981222	3.40984	0.317544	35.2035	
0.980267	-0.00183561	-0.197667	-0.00176746	0.999836	-0.01805	0.197668	0.0180432	0.980103	3.61288	0.336092	36.2253	
0.979125	-0.00193981	-0.20325	-0.00186566	0.999827	-0.0185298	0.20325	0.0185222	0.978952	3.82175	0.355142	37.2458	
0.977951	-0.00204674	-0.208826	-0.00196625	0.999817	-0.0190075	0.208827	0.018999	0.977768	4.03642	0.374689	38.2652	
0.976744	-0.00215639	-0.214396	-0.00206922	0.999808	-0.019483	0.214397	0.0194735	0.976552	4.25691	0.394731	39.2833	
0.975506	-0.00226874	-0.219959	-0.00217453	0.999798	-0.0199562	0.21996	0.0199457	0.975305	4.48319	0.415267	40.3002	
0.974237	-0.00238379	-0.225516	-0.00228218	0.999789	-0.0204272	0.225517	0.0204156	0.974025	4.71527	0.436294	41.3157	
0.972935	-0.00250152	-0.231065	-0.00239212	0.999779	-0.020896	0.231067	0.0208832	0.972714	4.95313	0.457809	42.3299	
0.971602	-0.00262192	-0.236608	-0.00250435	0.999769	-0.0213626	0.236609	0.0213485	0.97137	5.19677	0.47981	43.3427	
0.970237	-0.00274497	-0.242143	-0.00261885	0.999758	-0.0218268	0.242144	0.0218113	0.969995	5.44618	0.502295	44.3541	
0.96884	-0.00287066	-0.24767	-0.00273557	0.999748	-0.0222888	0.247672	0.0222718	0.968588	5.70135	0.52526	45.364	
0.967412	-0.00299898	-0.25319	-0.00285452	0.999737	-0.0227485	0.253191	0.0227299	0.967149	5.96229	0.548705	46.3724	
0.965952	-0.00312991	-0.258701	-0.00297566	0.999726	-0.0232059	0.258703	0.0231856	0.965679	6.22896	0.572625	47.3794	
0.964461	-0.00326344	-0.264205	-0.00309897	0.999715	-0.023661	0.264207	0.0236389	0.964176	6.50138	0.597018	48.3847	
0.962939	-0.00339955	-0.2697	-0.00322442	0.999704	-0.0241138	0.269702	0.0240897	0.962643	6.77952	0.621883	49.3885	
0.961385	-0.00353824	-0.275186	-0.003352	0.999693	-0.0245642	0.275188	0.024538	0.961077	7.06339	0.647216	50.3907	
0.959799	-0.00367948	-0.280663	-0.00348168	0.999681	-0.0250122	0.280666	0.0249839	0.95948	7.35297	0.673015	51.3912	
0.958183	-0.00382326	-0.286132	-0.00361344	0.999669	-0.025458	0.286135	0.0254273	0.957852	7.64825	0.699278	52.3901	
0.956535	-0.00396956	-0.291591	-0.00374726	0.999657	-0.0259013	0.291594	0.0258682	0.956192	7.94922	0.726001	53.3872	
0.954856	-0.00411838	-0.297041	-0.00388311	0.999645	-0.0263423	0.297044	0.0263065	0.954501	8.25588	0.753181	54.3826	
0.953146	-0.00426969	-0.302481	-0.00402097	0.999633	-0.0267808	0.302485	0.0267423	0.952779	8.56821	0.780818	55.3763	
0.951405	-0.00442349	-0.307912	-0.00416081	0.999621	-0.027217	0.307915	0.0271755	0.951026	8.88621	0.808907	56.3681	
0.949633	-0.00457975	-0.313332	-0.00430262	0.999608	-0.0276508	0.313336	0.0276062	0.949241	9.20985	0.837446	57.358	
0.94783	-0.00473847	-0.318742	-0.00444637	0.999596	-0.0280821	0.318747	0.0280343	0.947425	9.53914	0.866433	58.3461	
0.945996	-0.00489962	-0.324142	-0.00459203	0.999583	-0.028511	0.324147	0.0284598	0.945579	9.87407	0.895864	59.3323	
0.944131	-0.00506319	-0.329531	-0.00473959	0.99957	-0.0289375	0.329536	0.0288826	0.943701	10.2146	0.925737	60.3165	
0.942236	-0.00522916	-0.33491	-0.00488901	0.999557	-0.0293615	0.334915	0.0293028	0.941793	10.5608	0.956049	61.2988	
0.94031	-0.00539753	-0.340277	-0.00504028	0.999544	-0.029783	0.340283	0.0297204	0.939853	10.9125	0.986798	62.2791	
0.938353	-0.00556827	-0.345634	-0.00519337	0.99953	-0.0302021	0.345639	0.0301353	0.937883	11.2699	1.01798	63.2573	
0.936366	-0.00574136	-0.350978	-0.00534826	0.999517	-0.0306188	0.350985	0.0305475	0.935883	11.6328	1.04959	64.2335	
0.934348	-0.0059168	-0.356312	-0.00550493	0.999503	-0.0310329	0.356318	0.030957	0.933852	12.0012	1.08164	65.2075	
0.932301	-0.00609456	-0.361633	-0.00566334	0.999489	-0.0314445	0.36164	0.0313638	0.93179	12.3753	1.1141	66.1795	
0.930983	-0.00620321	-0.36501	-0.0046541	0.999573	-0.028858	0.365033	0.0285651	0.930556	12.7538	1.14532	67.1497	
0.929653	-0.00630173	-0.368382	-0.00363469	0.999648	-0.026273	0.368418	0.0257638	0.929303	13.1359	1.17363	68.1186	
0.928311	-0.00639009	-0.37175	-0.00260531	0.999716	-0.0236901	0.371796	0.0229603	0.92803	13.5216	1.19901	69.0862	
0.926956	-0.00646827	-0.375114	-0.00156613	0.999776	-0.0211098	0.375166	0.0201553	0.926738	13.9107	1.22147	70.0524	
0.932163	-0.00633748	-0.361984	0.00650062	0.999979	-0.000767195	0.361981	-0.00163797	0.932184	14.2947	1.23112	71.0209	
0.937182	-0.00651454	-0.348781	0.0142761	0.999704	0.0196876	0.34855	-0.0234301	0.936997	14.6649	1.21806	71.9947	
0.942009	-0.00699934	-0.335515	0.021755	0.998953	0.0402408	0.334882	-0.0452064	0.941175	15.021	1.1823	72.9732	
0.946641	-0.00779155	-0.322195	0.0289323	0.997726	0.0608785	0.320987	-0.066952	0.944714	15.3627	1.12387	73.9558	
0.951076	-0.00889062	-0.308829	0.0358032	0.996023	0.0815866	0.306875	-0.0886521	0.947612	15.6898	1.0428	74.9416	
0.95531	-0.0102958	-0.295426	0.0423628	0.993846	0.102351	0.292554	-0.110292	0.949867	16.0021	0.93915	75.9302	
0.95934	-0.0120062	-0.281996	0.0486069	0.991196	0.123158	0.278035	-0.131857	0.951478	16.2994	0.812993	76.9208	
0.963164	-0.0140206	-0.268548	0.0545311	0.988075	0.143993	0.263327	-0.153333	0.952443	16.5814	0.664412	77.9127	
0.966779	-0.0163376	-0.255091	0.0601315	0.984485	0.164842	0.248441	-0.174705	0.952762	16.848	0.493508	78.9053	
0.970182	-0.0189557	-0.241635	0.0654042	0.980429	0.185691	0.233386	-0.195958	0.952435	17.0991	0.300396	79.8979	
0.973372	-0.0218731	-0.228187	0.0703457	0.975909	0.206526	0.218172	-0.217078	0.951461	17.3343	0.0852091	80.8898	
0.976345	-0.0250878	-0.214757	0.0749526	0.970929	0.227332	0.202811	-0.238051	0.949842	17.5536	-0.151908	81.8804	
0.979101	-0.0285976	-0.201355	0.0792218	0.965491	0.248096	0.187312	-0.258862	0.947578	17.7569	-0.410795	82.8689	
0.981636	-0.0324002	-0.18799	0.0831504	0.959599	0.268803	0.171686	-0.279498	0.944672	17.9439	-0.691275	83.8547	
0.983951	-0.036493	-0.17467	0.0867357	0.953258	0.28944	0.155943	-0.299944	0.941124	18.1146	-0.993158	84.8372	
0.986042	-0.0408731	-0.161405	0.0899753	0.946472	0.309992	0.140095	-0.320187	0.936938	18.2688	-1.31624	85.8157	
0.987908	-0.0455377	-0.148203	0.092867	0.939245	0.330445	0.124151	-0.340213	0.932117	18.4065	-1.6603	86.7894	
0.989549	-0.0504836	-0.135074	0.0954088	0.931583	0.350786	0.108124	-0.360007	0.926663	18.5275	-2.02511	87.7578	
0.990962	-0.0557073	-0.122026	0.0975991	0.923489	0.371001	0.0920226	-0.379558	0.92058	18.6318	-2.41041	88.7202	
0.992148	-0.0612054	-0.109069	0.0994362	0.914971	0.391076	0.0758592	-0.39885	0.913873	18.7193	-2.81595	89.676	
0.993105	-0.0669742	-0.096211	0.100919	0.906034	0.410997	0.0596442	-0.417873	0.906546	18.7899	-3.24146	90.6244	
0.993833	-0.0730096	-0.0834607	0.102047	0.896683	0.430751	0.0433888	-0.436611	0.898603	18.8435	-3.68664	91.5648	
0.994331	-0.0793077	-0.070827	0.102818	0.886925	0.450325	0.027104	-0.455054	0.890051	18.8803	-4.15118	92.4967	
0.994599	-0.0858641	-0.0583183	0.103233	0.876767	0.469704	0.0108008	-0.473188	0.880895	18.9	-4.63479	93.4193	
0.994636	-0.0926745	-0.0459432	0.103291	0.866216	0.488877	-0.00550974	-0.491	0.871142	18.9028	-5.13712	94.3321	
0.994443	-0.0997341	-0.03371	0.102992	0.855278	0.50783	-0.0218165	-0.50848	0.860797	18.8885	-5.65784	95.2345	
0.99402	-0.107038	-0.0216271	0.102336	0.843962	0.52655	-0.0381085	-0.525615	0.849869	18.8573	-6.19659	96.1257	
0.993366	-0.114582	-0.00970263	0.101324	0.832275	0.545025	-0.0543747	-0.542393	0.838364	18.8091	-6.75301	97.0052	
0.992484	-0.12236	0.00205528	0.0999562	0.820224	0.563242	-0.070604	-0.558803	0.82629	18.744	-7.32672	97.8725	
0.991372	-0.130367	0.0136387	0.0982338	0.807818	0.581188	-0.0867853	-0.574834	0.813655	18.662	-7.91733	98.7269	
