1	0	0	0	1	0	0	0	1	0	0	0	
0.999996	7.15029e-06	0.00270237	7.15029e-06	0.999986	-0.00529182	-0.00270237	0.00529182	0.999982	-0.00141261	0.00276619	1.04545	
0.999985	2.86082e-05	0.00540566	2.86015e-05	0.999944	-0.0105829	-0.00540566	0.0105829	0.999929	-0.00565091	0.0110644	2.09086	
0.999967	6.43823e-05	0.00810977	6.43553e-05	0.999874	-0.0158731	-0.00810977	0.0158731	0.999841	-0.0127158	0.0248937	3.1362	
0.999942	0.000114481	0.0108146	0.000114413	0.999776	-0.0211622	-0.0108146	0.0211622	0.999718	-0.0226081	0.0442532	4.18142	
0.999909	0.00017891	0.0135201	0.000178775	0.99965	-0.0264501	-0.0135201	0.0264501	0.999559	-0.0353286	0.0691415	5.2265	
0.999868	0.000257679	0.016226	0.000257442	0.999496	-0.0317365	-0.016226	0.0317365	0.999365	-0.0508777	0.0995573	6.2714	
0.999821	0.000350793	0.0189325	0.000350414	0.999314	-0.0370212	-0.0189325	0.0370212	0.999135	-0.0692561	0.135499	7.31607	
0.999766	0.000458257	0.0216392	0.000457689	0.999105	-0.0423041	-0.0216392	0.0423041	0.99887	-0.0904641	0.176965	8.36049	
0.999703	0.000580078	0.0243462	0.000579266	0.998867	-0.047585	-0.0243463	0.047585	0.99857	-0.114502	0.223952	9.40461	
0.999634	0.00071626	0.0270534	0.000715145	0.998601	-0.0528637	-0.0270534	0.0528637	0.998235	-0.14137	0.27646	10.4484	
0.999557	0.000866808	0.0297606	0.000865321	0.998308	-0.05814	-0.0297606	0.0581399	0.997865	-0.171068	0.334484	11.4918	
0.999472	0.00103173	0.0324677	0.00102979	0.997987	-0.0634137	-0.0324678	0.0634136	0.997459	-0.203597	0.398024	12.5348	
0.99938	0.00121102	0.0351747	0.00120856	0.997638	-0.0686846	-0.0351748	0.0686845	0.997018	-0.238956	0.467075	13.5774	
0.999281	0.00140468	0.0378815	0.00140161	0.997261	-0.0739526	-0.0378816	0.0739525	0.996542	-0.277144	0.541636	14.6195	
0.999175	0.00161273	0.0405879	0.00160894	0.996856	-0.0792174	-0.0405881	0.0792173	0.996031	-0.318163	0.621702	15.6611	
0.999061	0.00183515	0.0432939	0.00183056	0.996424	-0.0844789	-0.0432941	0.0844788	0.995484	-0.362011	0.707271	16.7021	
0.998939	0.00207196	0.0459994	0.00206644	0.995963	-0.0897369	-0.0459996	0.0897368	0.994903	-0.408687	0.798338	17.7425	
0.998811	0.00232314	0.0487042	0.0023166	0.995475	-0.0949912	-0.0487045	0.0949911	0.994286	-0.458192	0.894901	18.7823	
0.998674	0.00258871	0.0514083	0.00258101	0.99496	-0.100242	-0.0514087	0.100241	0.993634	-0.510524	0.996955	19.8215	
0.998531	0.00286866	0.0541116	0.00285968	0.994416	-0.105488	-0.0541121	0.105488	0.992947	-0.565682	1.1045	20.8599	
0.99838	0.003163	0.056814	0.0031526	0.993846	-0.11073	-0.0568146	0.11073	0.992225	-0.623667	1.21752	21.8976	
0.998221	0.00347171	0.0595154	0.00345976	0.993247	-0.115968	-0.0595161	0.115967	0.991468	-0.684476	1.33602	22.9346	
0.998056	0.0037948	0.0622156	0.00378114	0.992621	-0.121201	-0.0622164	0.1212	0.990676	-0.748109	1.45999	23.9707	
0.997882	0.00413226	0.0649146	0.00411675	0.991967	-0.126429	-0.0649156	0.126429	0.989849	-0.814565	1.58944	25.006	
0.997702	0.0044841	0.0676124	0.00446657	0.991286	-0.131652	-0.0676135	0.131652	0.988987	-0.883842	1.72434	26.0403	
0.997513	0.00485031	0.0703087	0.00483059	0.990577	-0.13687	-0.07031	0.13687	0.988091	-0.955938	1.86471	27.0738	
0.997318	0.00523088	0.0730035	0.0052088	0.989841	-0.142083	-0.0730051	0.142082	0.987159	-1.03085	2.01052	28.1063	
0.997115	0.00562581	0.0756967	0.00560119	0.989077	-0.14729	-0.0756985	0.147289	0.986192	-1.10859	2.16179	29.1379	
0.996905	0.0060351	0.0783882	0.00600775	0.988286	-0.152492	-0.0783903	0.152491	0.985191	-1.18913	2.31849	30.1684	
0.996687	0.00645874	0.0810779	0.00642847	0.987468	-0.157687	-0.0810804	0.157686	0.984155	-1.27249	2.48063	31.1978	
0.996462	0.00689672	0.0837658	0.00686333	0.986623	-0.162877	-0.0837685	0.162875	0.983084	-1.35866	2.6482	32.2261	
0.996229	0.00734904	0.0864516	0.00731233	0.98575	-0.16806	-0.0864547	0.168058	0.981979	-1.44764	2.82118	33.2533	
0.995989	0.00781569	0.0891354	0.00777544	0.98485	-0.173237	-0.0891389	0.173235	0.980838	-1.53943	2.99959	34.2794	
0.995741	0.00829666	0.091817	0.00825265	0.983922	-0.178407	-0.0918209	0.178405	0.979664	-1.63402	3.1834	35.3042	
0.995486	0.00879195	0.0944962	0.00874396	0.982968	-0.18357	-0.0945007	0.183568	0.978454	-1.73142	3.37261	36.3277	
0.995224	0.00930154	0.0971732	0.00924934	0.981986	-0.188726	-0.0971781	0.188724	0.97721	-1.83162	3.56722	37.35	
0.994954	0.00982543	0.0998476	0.00976877	0.980977	-0.193876	-0.0998532	0.193873	0.975932	-1.93461	3.76722	38.371	
0.994677	0.0103636	0.102519	0.0103023	0.979942	-0.199017	-0.102526	0.199014	0.974619	-2.0404	3.97259	39.3906	
0.994392	0.0109161	0.105189	0.0108498	0.978879	-0.204152	-0.105196	0.204148	0.973272	-2.14898	4.18333	40.4088	
0.9941	0.0114828	0.107855	0.0114113	0.97779	-0.209278	-0.107863	0.209274	0.97189	-2.26035	4.39944	41.4256	
0.993801	0.0120638	0.110519	0.0119868	0.976673	-0.214397	-0.110527	0.214392	0.970474	-2.37451	4.6209	42.4409	
0.993494	0.012659	0.113179	0.0125763	0.97553	-0.219507	-0.113188	0.219502	0.969024	-2.49145	4.84771	43.4548	
0.99318	0.0132684	0.115837	0.0131797	0.97436	-0.224609	-0.115847	0.224604	0.967539	-2.61118	5.07986	44.4671	
0.992858	0.0138921	0.118491	0.0137971	0.973163	-0.229703	-0.118502	0.229697	0.966021	-2.73368	5.31734	45.4778	
0.992529	0.01453	0.121142	0.0144284	0.971939	-0.234788	-0.121154	0.234782	0.964468	-2.85895	5.56013	46.4869	
0.992192	0.015182	0.12379	0.0150735	0.970689	-0.239865	-0.123803	0.239858	0.962882	-2.987	5.80824	47.4944	
0.991848	0.0158483	0.126434	0.0157326	0.969413	-0.244932	-0.126449	0.244925	0.961261	-3.11781	6.06165	48.5002	
0.991497	0.0165286	0.129075	0.0164055	0.968109	-0.24999	-0.129091	0.249982	0.959606	-3.25139	6.32035	49.5043	
0.991138	0.0172232	0.131712	0.0170923	0.96678	-0.255039	-0.131729	0.25503	0.957918	-3.38773	6.58434	50.5066	
0.990772	0.0179319	0.134346	0.0177928	0.965423	-0.260079	-0.134364	0.260069	0.956196	-3.52683	6.8536	51.5072	
0.990399	0.0186546	0.136975	0.0185072	0.964041	-0.265108	-0.136995	0.265098	0.95444	-3.66867	7.12812	52.5059	
0.990018	0.0193915	0.139601	0.0192353	0.962632	-0.270128	-0.139623	0.270117	0.95265	-3.81327	7.40789	53.5028	
0.98963	0.0201425	0.142223	0.0199772	0.961197	-0.275138	-0.142246	0.275126	0.950827	-3.96061	7.6929	54.4978	
0.989234	0.0209075	0.14484	0.0207327	0.959736	-0.280138	-0.144865	0.280125	0.94897	-4.11069	7.98315	55.4909	
0.988831	0.0216865	0.147454	0.021502	0.958249	-0.285127	-0.147481	0.285113	0.94708	-4.26351	8.27861	56.482	
0.988421	0.0224796	0.150063	0.022285	0.956735	-0.290106	-0.150092	0.290091	0.945156	-4.41906	8.57929	57.4712	
0.988003	0.0232867	0.152667	0.0230815	0.955196	-0.295073	-0.152698	0.295057	0.943199	-4.57734	8.88516	58.4582	
0.987578	0.0241078	0.155267	0.0238918	0.95363	-0.30003	-0.155301	0.300013	0.941209	-4.73834	9.19622	59.4433	
0.987146	0.0249428	0.157863	0.0247155	0.952039	-0.304976	-0.157898	0.304958	0.939185	-4.90205	9.51246	60.4262	
0.986706	0.0257918	0.160453	0.0255529	0.950422	-0.309911	-0.160492	0.309891	0.937129	-5.06849	9.83386	61.407	
0.986259	0.0266546	0.163039	0.0264038	0.948779	-0.314834	-0.16308	0.314813	0.935039	-5.23763	10.1604	62.3857	
0.985805	0.0275314	0.16562	0.0272682	0.947111	-0.319746	-0.165664	0.319723	0.932916	-5.40947	10.4921	63.3621	
0.985344	0.0284221	0.168196	0.0281461	0.945417	-0.324646	-0.168243	0.324622	0.93076	-5.58401	10.8289	64.3363	
0.984875	0.0293266	0.170767	0.0290375	0.943697	-0.329534	-0.170817	0.329508	0.928572	-5.76125	11.1709	65.3082	
0.984399	0.0302449	0.173333	0.0299422	0.941952	-0.33441	-0.173386	0.334382	0.926351	-5.94117	11.5179	66.2778	
0.984285	0.0304669	0.17394	0.0314121	0.939087	-0.342242	-0.173772	0.342327	0.923372	-6.12264	11.8716	67.2447	
0.98417	0.0306948	0.174547	0.0328852	0.936154	-0.350048	-0.174147	0.350247	0.920326	-6.30451	12.2337	68.2085	
0.984055	0.0309284	0.175153	0.0343613	0.933155	-0.357827	-0.174512	0.35814	0.917214	-6.48677	12.6039	69.169	
0.986453	0.0256386	0.162026	0.03801	0.925107	-0.3778	-0.159578	0.378841	0.9116	-6.66141	12.9892	70.1251	
0.988636	0.0200536	0.148985	0.0413314	0.916608	-0.397644	-0.144535	0.399283	0.905363	-6.82039	13.396	71.0749	
0.990602	0.0141771	0.136038	0.0443231	0.907666	-0.417345	-0.129393	0.419453	0.898508	-6.96359	13.824	72.0179	
0.99235	0.00801311	0.123193	0.0469831	0.898287	-0.43689	-0.114164	0.439336	0.891039	-7.09091	14.2729	72.9534	
0.993879	0.00156585	0.11046	0.0493096	0.888477	-0.456265	-0.0988556	0.458919	0.882961	-7.20227	14.7425	73.8807	
0.995188	-0.00516028	0.0978474	0.051301	0.878242	-0.475457	-0.0834802	0.478188	0.874281	-7.29758	15.2324	74.7994	
0.996276	-0.0121607	0.0853636	0.0529559	0.86759	-0.494452	-0.0680477	0.497131	0.865003	-7.3768	15.7422	75.7086	
0.997141	-0.0194306	0.0730172	0.0542732	0.856528	-0.513239	-0.0525688	0.515734	0.855134	-7.43985	16.2717	76.6078	
0.997785	-0.026965	0.0608167	0.055252	0.845064	-0.531803	-0.0370539	0.533985	0.844681	-7.4867	16.8205	77.4964	
0.998205	-0.0347588	0.0487704	0.0558917	0.833204	-0.550133	-0.0215138	0.551872	0.833652	-7.51732	17.3881	78.3737	
0.998402	-0.0428066	0.0368865	0.0561917	0.820959	-0.568216	-0.0059589	0.569381	0.822052	-7.53168	17.9742	79.2393	
0.998376	-0.051103	0.0251732	0.056152	0.808335	-0.586039	0.00960003	0.586501	0.809891	-7.52978	18.5785	80.0924	
0.998127	-0.0596423	0.0136384	0.0557724	0.795341	-0.603591	0.0251524	0.603221	0.797177	-7.51161	19.2004	80.9325	
0.997654	-0.0684186	0.00228997	0.0550534	0.781987	-0.620859	0.0406876	0.619529	0.783919	-7.47719	19.8396	81.759	
0.996959	-0.077426	-0.00886424	0.0539952	0.768281	-0.637832	0.056195	0.635413	0.770125	-7.42654	20.4956	82.5714	
0.996041	-0.0866583	-0.0198167	0.0525988	0.754233	-0.654497	0.071664	0.650864	0.755805	-7.35971	21.1681	83.3691	
0.994902	-0.0961092	-0.0305598	0.0508651	0.739852	-0.670844	0.0870841	0.665869	0.740969	-7.27672	21.8564	84.1516	
0.993541	-0.105772	-0.0410864	0.0487951	0.725148	-0.686862	0.102445	0.68042	0.725626	-7.17764	22.5602	84.9182	
0.991961	-0.115641	-0.0513891	0.0463904	0.710132	-0.702538	0.117735	0.694507	0.709788	-7.06254	23.2789	85.6686	
0.990162	-0.125708	-0.061461	0.0436526	0.694813	-0.717864	0.132945	0.708119	0.693465	-6.9315	24.0122	86.4022	
0.988145	-0.135968	-0.0712952	0.0405835	0.679203	-0.732828	0.148065	0.721247	0.676668	-6.7846	24.7594	87.1184	
0.985911	-0.146412	-0.080885	0.0371853	0.66331	-0.74742	0.163083	0.733882	0.65941	-6.62194	25.52	87.8168	
0.983463	-0.157034	-0.0902237	0.0334603	0.647148	-0.76163	0.17799	0.746016	0.6417	-6.44364	26.2937	88.497	
0.980802	-0.167826	-0.0993052	0.029411	0.630725	-0.775449	0.192775	0.757641	0.623553	-6.24982	27.0797	89.1584	
0.97793	-0.178782	-0.108123	0.0250401	0.614055	-0.788866	0.207429	0.768748	0.604979	-6.04061	27.8776	89.8007	
0.974848	-0.189894	-0.116671	0.0203508	0.597147	-0.801873	0.221941	0.77933	0.585992	-5.81616	28.6869	90.4232	
0.971559	-0.201153	-0.124944	0.0153461	0.580015	-0.814461	0.236301	0.78938	0.566605	-5.57661	29.507	91.0258	
0.968065	-0.212553	-0.132936	0.0100295	0.562668	-0.826622	0.2505	0.79889	0.546831	-5.32213	30.3373	91.6078	
0.964368	-0.224085	-0.140641	0.0044046	0.54512	-0.838346	0.264527	0.807855	0.526684	-5.0529	31.1772	92.169	
0.960471	-0.235743	-0.148054	-0.00152471	0.527382	-0.849627	0.278375	0.816268	0.506176	-4.76909	32.0262	92.709	
0.956377	-0.247517	-0.155171	-0.00775442	0.509467	-0.860455	0.292031	0.824123	0.485323	-4.47091	32.8837	93.2273	
