1	0	0	0	1	0	0	0	1	0	0	0	
0.999995	6.26246e-06	0.00319266	6.26246e-06	0.999992	-0.00392301	-0.00319266	0.00392301	0.999987	-0.00152216	0.00187037	0.953531	
0.99998	2.50494e-05	0.00638439	2.50622e-05	0.999969	-0.00784889	-0.00638438	0.00784889	0.999949	-0.0060882	0.00748284	1.90704	
0.999954	5.63627e-05	0.00957506	5.64142e-05	0.999931	-0.0117775	-0.00957506	0.0117775	0.999885	-0.0136972	0.0168401	2.8605	
0.999919	0.000100204	0.0127646	0.000100332	0.999877	-0.0157088	-0.0127646	0.0157088	0.999795	-0.024348	0.0299447	3.81388	
0.999873	0.000156573	0.0159529	0.000156831	0.999807	-0.0196425	-0.0159529	0.0196425	0.99968	-0.0380396	0.046799	4.76717	
0.999817	0.000225471	0.0191398	0.000225922	0.999722	-0.0235786	-0.0191398	0.0235786	0.999539	-0.0547707	0.0674055	5.72033	
0.999751	0.000306897	0.0223253	0.000307618	0.999621	-0.0275169	-0.0223252	0.0275169	0.999372	-0.0745399	0.0917662	6.67335	
0.999675	0.000400849	0.0255091	0.00040193	0.999505	-0.0314573	-0.0255091	0.0314574	0.99918	-0.0973458	0.119883	7.6262	
0.999588	0.000507325	0.0286914	0.00050887	0.999373	-0.0353998	-0.0286913	0.0353998	0.998961	-0.123187	0.151759	8.57885	
0.999492	0.000626323	0.0318718	0.000628448	0.999226	-0.039344	-0.0318718	0.0393441	0.998717	-0.152062	0.187394	9.53128	
0.999385	0.000757839	0.0350504	0.000760673	0.999062	-0.0432901	-0.0350503	0.0432901	0.998448	-0.183968	0.226792	10.4835	
0.999269	0.000901869	0.038227	0.000905554	0.998883	-0.0472377	-0.0382269	0.0472377	0.998152	-0.218904	0.269952	11.4354	
0.999142	0.00105841	0.0414015	0.0010631	0.998689	-0.0511867	-0.0414014	0.0511868	0.997831	-0.256869	0.316878	12.387	
0.999005	0.00122745	0.0445739	0.00123332	0.998478	-0.0551372	-0.0445737	0.0551373	0.997483	-0.297859	0.36757	13.3383	
0.998859	0.001409	0.0477439	0.00141621	0.998252	-0.0590888	-0.0477437	0.059089	0.99711	-0.341873	0.42203	14.2893	
0.998702	0.00160303	0.0509116	0.0016118	0.99801	-0.0630415	-0.0509113	0.0630417	0.996711	-0.388908	0.480258	15.2399	
0.998535	0.00180955	0.0540767	0.00182007	0.997752	-0.0669952	-0.0540764	0.0669955	0.996287	-0.438963	0.542255	16.1901	
0.998358	0.00202854	0.0572393	0.00204104	0.997478	-0.0709497	-0.0572389	0.0709501	0.995836	-0.492035	0.608024	17.1398	
0.998172	0.00226	0.0603992	0.00227471	0.997188	-0.0749049	-0.0603987	0.0749054	0.99536	-0.548121	0.677563	18.0892	
0.997975	0.00250393	0.0635563	0.00252108	0.996882	-0.0788607	-0.0635556	0.0788613	0.994858	-0.607218	0.750874	19.0381	
0.997769	0.0027603	0.0667105	0.00278016	0.996561	-0.082817	-0.0667097	0.0828176	0.994329	-0.669325	0.827957	19.9864	
0.997552	0.0030291	0.0698617	0.00305195	0.996223	-0.0867735	-0.0698607	0.0867743	0.993775	-0.734437	0.908814	20.9343	
0.997326	0.00331034	0.0730098	0.00333646	0.99587	-0.0907303	-0.0730086	0.0907312	0.993196	-0.802553	0.993443	21.8816	
0.997089	0.00360399	0.0761547	0.00363367	0.9955	-0.0946871	-0.0761533	0.0946882	0.99259	-0.873669	1.08184	22.8284	
0.996843	0.00391005	0.0792964	0.0039436	0.995115	-0.0986438	-0.0792947	0.0986451	0.991958	-0.947781	1.17402	23.7746	
0.996588	0.00422849	0.0824346	0.00426624	0.994714	-0.1026	-0.0824327	0.102602	0.991301	-1.02489	1.26997	24.7201	
0.996322	0.00455931	0.0855693	0.00460159	0.994296	-0.106557	-0.0855671	0.106558	0.990618	-1.10498	1.36969	25.665	
0.996046	0.0049025	0.0887005	0.00494966	0.993862	-0.110512	-0.0886979	0.110514	0.989909	-1.18807	1.47318	26.6093	
0.995761	0.00525803	0.0918279	0.00531043	0.993413	-0.114467	-0.0918249	0.11447	0.989174	-1.27414	1.58045	27.5528	
0.995466	0.0056259	0.0949516	0.00568391	0.992947	-0.118422	-0.0949482	0.118425	0.988413	-1.36318	1.69149	28.4957	
0.995161	0.00600608	0.0980714	0.00607009	0.992465	-0.122376	-0.0980675	0.122379	0.987627	-1.45521	1.80629	29.4378	
0.994847	0.00639856	0.101187	0.00646897	0.991967	-0.126328	-0.101183	0.126332	0.986814	-1.5502	1.92487	30.3792	
0.994523	0.00680333	0.104299	0.00688055	0.991453	-0.13028	-0.104294	0.130284	0.985976	-1.64817	2.04722	31.3197	
0.994189	0.00722036	0.107406	0.00730482	0.990923	-0.13423	-0.107401	0.134235	0.985112	-1.7491	2.17333	32.2595	
0.993846	0.00764963	0.11051	0.00774177	0.990377	-0.138179	-0.110503	0.138184	0.984223	-1.85299	2.30321	33.1984	
0.993493	0.00809114	0.113609	0.00819139	0.989815	-0.142127	-0.113601	0.142132	0.983307	-1.95983	2.43686	34.1365	
0.99313	0.00854485	0.116703	0.00865369	0.989236	-0.146073	-0.116695	0.146079	0.982366	-2.06963	2.57427	35.0736	
0.992758	0.00901075	0.119793	0.00912865	0.988641	-0.150017	-0.119784	0.150024	0.981399	-2.18238	2.71544	36.0099	
0.992376	0.00948882	0.122878	0.00961626	0.98803	-0.153959	-0.122868	0.153967	0.980407	-2.29807	2.86037	36.9452	
0.991985	0.00997903	0.125959	0.0101165	0.987403	-0.157899	-0.125948	0.157908	0.979389	-2.4167	3.00907	37.8796	
0.991585	0.0104814	0.129034	0.0106294	0.98676	-0.161837	-0.129022	0.161847	0.978345	-2.53826	3.16152	38.813	
0.991175	0.0109958	0.132105	0.0111549	0.986101	-0.165773	-0.132092	0.165784	0.977276	-2.66275	3.31772	39.7454	
0.990755	0.0115223	0.135171	0.0116931	0.985425	-0.169707	-0.135156	0.169718	0.976181	-2.79016	3.47768	40.6767	
0.990327	0.0120609	0.138231	0.0122438	0.984733	-0.173638	-0.138215	0.173651	0.97506	-2.9205	3.64138	41.607	
0.989888	0.0126115	0.141286	0.0128071	0.984026	-0.177566	-0.141269	0.17758	0.973914	-3.05375	3.80884	42.5362	
0.989441	0.0131741	0.144336	0.013383	0.983301	-0.181492	-0.144317	0.181507	0.972742	-3.1899	3.98004	43.4643	
0.988984	0.0137487	0.147381	0.0139715	0.982561	-0.185414	-0.14736	0.185431	0.971545	-3.32897	4.15499	44.3913	
0.988518	0.0143352	0.15042	0.0145725	0.981805	-0.189334	-0.150397	0.189352	0.970323	-3.47093	4.33367	45.3171	
0.988043	0.0149337	0.153453	0.0151861	0.981032	-0.193251	-0.153429	0.19327	0.969075	-3.61578	4.51609	46.2417	
0.987559	0.0155441	0.156481	0.0158122	0.980243	-0.197164	-0.156454	0.197185	0.967802	-3.76353	4.70225	47.1652	
0.987065	0.0161663	0.159503	0.0164508	0.979438	-0.201074	-0.159474	0.201097	0.966503	-3.91415	4.89214	48.0874	
0.986562	0.0168004	0.162519	0.0171019	0.978617	-0.20498	-0.162488	0.205005	0.965179	-4.06765	5.08576	49.0084	
0.98605	0.0174463	0.16553	0.0177654	0.977779	-0.208883	-0.165496	0.20891	0.96383	-4.22402	5.2831	49.9281	
0.98553	0.018104	0.168534	0.0184414	0.976926	-0.212781	-0.168497	0.21281	0.962455	-4.38326	5.48416	50.8465	
0.985	0.0187735	0.171532	0.0191299	0.976056	-0.216676	-0.171492	0.216708	0.961056	-4.54536	5.68894	51.7635	
0.984461	0.0194547	0.174524	0.0198307	0.97517	-0.220567	-0.174481	0.220601	0.959631	-4.71031	5.89744	52.6792	
0.983913	0.0201475	0.177509	0.020544	0.974268	-0.224454	-0.177464	0.22449	0.958181	-4.8781	6.10964	53.5936	
0.983356	0.0208521	0.180488	0.0212696	0.97335	-0.228336	-0.180439	0.228375	0.956706	-5.04874	6.32555	54.5066	
0.98279	0.0215683	0.183461	0.0220076	0.972416	-0.232214	-0.183409	0.232256	0.955206	-5.22221	6.54517	55.4181	
0.982216	0.022296	0.186427	0.022758	0.971465	-0.236088	-0.186371	0.236132	0.953681	-5.39851	6.76848	56.3282	
0.981632	0.0230354	0.189386	0.0235206	0.970499	-0.239957	-0.189326	0.240004	0.952131	-5.57763	6.99549	57.2368	
0.98104	0.0237863	0.192339	0.0242956	0.969516	-0.24382	-0.192275	0.243871	0.950556	-5.75957	7.22618	58.144	
0.981085	0.0237292	0.192119	0.0252847	0.968247	-0.248712	-0.19192	0.248865	0.949333	-5.94274	7.4611	59.0498	
0.981129	0.023671	0.191899	0.0262733	0.966951	-0.253603	-0.19156	0.253859	0.948082	-6.12557	7.70079	59.9544	
0.981173	0.0236117	0.19168	0.0272612	0.965628	-0.258494	-0.191195	0.258853	0.946805	-6.30806	7.94523	60.8578	
0.981218	0.0235511	0.19146	0.0282484	0.964277	-0.263384	-0.190824	0.263846	0.945501	-6.49019	8.19444	61.76	
0.981262	0.0234893	0.191241	0.0292346	0.9629	-0.268272	-0.190448	0.268836	0.94417	-6.67197	8.4484	62.661	
0.981306	0.0234263	0.191022	0.0302197	0.961495	-0.273157	-0.190066	0.273823	0.942813	-6.85339	8.70713	63.5606	
0.98135	0.0233621	0.190803	0.0312035	0.960063	-0.278039	-0.189679	0.278807	0.941429	-7.03444	8.9706	64.459	
0.981394	0.0232965	0.190584	0.032186	0.958604	-0.282916	-0.189286	0.283786	0.940019	-7.21512	9.23883	65.356	
0.981439	0.0232297	0.190365	0.0331669	0.957119	-0.287789	-0.188887	0.288761	0.938583	-7.39542	9.5118	66.2516	
0.981483	0.0231615	0.190145	0.0341461	0.955608	-0.292656	-0.188483	0.29373	0.937122	-7.57533	9.78952	67.1459	
0.981527	0.023092	0.189925	0.0351236	0.95407	-0.297517	-0.188072	0.298692	0.935634	-7.75486	10.072	68.0388	
0.981571	0.0230211	0.189705	0.036099	0.952506	-0.302372	-0.187656	0.303647	0.934122	-7.934	10.3591	68.9302	
0.981615	0.0229488	0.189485	0.0370724	0.950917	-0.307218	-0.187235	0.308595	0.932584	-8.11274	10.651	69.8202	
0.985591	0.0158903	0.168396	0.0384114	0.948539	-0.314321	-0.164725	0.31626	0.934262	-8.28055	10.949	70.7103	
0.989058	0.00866058	0.147276	0.0395788	0.946105	-0.321434	-0.142122	0.323746	0.935409	-8.42685	11.2541	71.6017	
0.992012	0.00126385	0.126136	0.0405739	0.943613	-0.328554	-0.119439	0.331047	0.936025	-8.55156	11.5663	72.494	
0.994454	-0.00629572	0.104988	0.0413962	0.941067	-0.335676	-0.0966871	0.338161	0.936108	-8.65461	11.8854	73.3866	
0.99638	-0.0140138	0.0838436	0.0420451	0.938468	-0.342798	-0.0738806	0.345082	0.93566	-8.73593	12.2111	74.2791	
0.997791	-0.0218861	0.0627157	0.0425203	0.935817	-0.349913	-0.0510322	0.351807	0.93468	-8.79549	12.5434	75.1708	
0.998686	-0.029908	0.0416159	0.0428216	0.933115	-0.35702	-0.0281547	0.358333	0.933169	-8.83324	12.882	76.0614	
0.999063	-0.0380751	0.0205563	0.0429487	0.930364	-0.364112	-0.00526121	0.364654	0.931128	-8.84918	13.2267	76.9503	
0.998924	-0.0463827	-0.000451275	0.0429017	0.927566	-0.371188	0.0176353	0.370769	0.928558	-8.84328	13.5774	77.837	
0.998267	-0.054826	-0.0213948	0.0426804	0.924723	-0.378241	0.0405217	0.376673	0.92546	-8.81555	13.9337	78.721	
0.997093	-0.0634003	-0.0422624	0.0422851	0.921835	-0.385269	0.0633851	0.382362	0.921836	-8.76601	14.2956	79.6017	
0.995403	-0.0721006	-0.0630422	0.0417159	0.918905	-0.392268	0.0862125	0.387835	0.917688	-8.69468	14.6629	80.4788	
0.993198	-0.0809221	-0.0837224	0.0409733	0.915934	-0.399233	0.108991	0.393087	0.913019	-8.60161	15.0352	81.3517	
0.990479	-0.0898598	-0.104291	0.0400575	0.912923	-0.40616	0.131707	0.398116	0.907831	-8.48684	15.4124	82.2198	
0.987248	-0.0989085	-0.124737	0.0389692	0.909876	-0.413046	0.154349	0.402918	0.902127	-8.35046	15.7944	83.0828	
0.983506	-0.108063	-0.145048	0.037709	0.906793	-0.419887	0.176903	0.407492	0.895911	-8.19252	16.1807	83.9401	
0.979255	-0.117318	-0.165213	0.0362775	0.903676	-0.426678	0.199356	0.411834	0.889185	-8.01312	16.5714	84.7912	
0.974499	-0.126669	-0.18522	0.0346756	0.900526	-0.433417	0.221696	0.415942	0.881954	-7.81237	16.9661	85.6357	
0.969239	-0.13611	-0.205059	0.0329042	0.897347	-0.440098	0.243911	0.419813	0.874222	-7.59037	17.3646	86.473	
0.963479	-0.145636	-0.224717	0.0309643	0.894138	-0.446719	0.265986	0.423446	0.865993	-7.34726	17.7666	87.3027	
0.957222	-0.155241	-0.244183	0.028857	0.890903	-0.453275	0.287911	0.426839	0.857273	-7.08316	18.172	88.1243	
0.950472	-0.16492	-0.263447	0.0265834	0.887644	-0.459763	0.309671	0.429989	0.848065	-6.79824	18.5805	88.9374	
0.943232	-0.174667	-0.282498	0.024145	0.884361	-0.466179	0.331256	0.432894	0.838375	-6.49265	18.992	89.7415	
0.935506	-0.184478	-0.301324	0.0215431	0.881057	-0.47252	0.352653	0.435554	0.828208	-6.16657	19.406	90.5361	
