1	0	0	0	1	0	0	0	1	0	0	0	
1	-1.08749e-06	-0.000851267	-1.08749e-06	0.999997	-0.002555	0.000851267	0.002555	0.999996	0.000371247	0.00111426	0.872221	
0.999999	-4.35864e-06	-0.0017043	-4.35789e-06	0.999987	-0.00511441	0.0017043	0.00511441	0.999985	0.00148576	0.00445898	1.74444	
0.999997	-9.82608e-06	-0.00255906	-9.82309e-06	0.999971	-0.00767815	0.00255906	0.00767815	0.999967	0.00334506	0.010038	2.61664	
0.999994	-1.75022e-05	-0.00341553	-1.74947e-05	0.999948	-0.0102461	0.00341553	0.0102461	0.999942	0.00595064	0.0178549	3.48882	
0.999991	-2.73993e-05	-0.00427368	-2.73843e-05	0.999918	-0.0128182	0.00427368	0.0128182	0.999909	0.00930399	0.0279136	4.36098	
0.999987	-3.95291e-05	-0.00513347	-3.95029e-05	0.999881	-0.0153944	0.00513347	0.0153944	0.999868	0.0134066	0.0402174	5.2331	
0.999982	-5.39036e-05	-0.00599488	-5.38615e-05	0.999838	-0.0179746	0.00599488	0.0179746	0.99982	0.0182598	0.05477	6.10519	
0.999976	-7.0534e-05	-0.00685788	-7.04708e-05	0.999789	-0.0205586	0.00685788	0.0205586	0.999765	0.023865	0.0715748	6.97723	
0.99997	-8.94318e-05	-0.00772243	-8.93413e-05	0.999732	-0.0231464	0.00772244	0.0231464	0.999702	0.0302236	0.090635	7.84922	
0.999963	-0.000110608	-0.00858852	-0.000110483	0.999669	-0.0257379	0.00858852	0.0257379	0.999632	0.037337	0.111954	8.72116	
0.999955	-0.000134073	-0.00945611	-0.000133907	0.999599	-0.028333	0.00945611	0.028333	0.999554	0.0452065	0.135535	9.59302	
0.999947	-0.000159838	-0.0103252	-0.000159621	0.999521	-0.0309316	0.0103252	0.0309316	0.999468	0.0538333	0.161381	10.4648	
0.999937	-0.000187912	-0.0111957	-0.000187636	0.999438	-0.0335336	0.0111957	0.0335336	0.999375	0.0632188	0.189495	11.3365	
0.999927	-0.000218307	-0.0120676	-0.000217961	0.999347	-0.036139	0.0120676	0.036139	0.999274	0.0733642	0.21988	12.2082	
0.999916	-0.000251032	-0.0129409	-0.000250605	0.999249	-0.0387476	0.0129409	0.0387476	0.999165	0.0842707	0.252539	13.0797	
0.999905	-0.000286095	-0.0138155	-0.000285577	0.999144	-0.0413594	0.0138155	0.0413594	0.999049	0.0959394	0.287474	13.9512	
0.999892	-0.000323508	-0.0146915	-0.000322885	0.999033	-0.0439742	0.0146915	0.0439742	0.998925	0.108372	0.324689	14.8225	
0.999879	-0.000363278	-0.0155687	-0.000362538	0.998914	-0.0465919	0.0155687	0.0465919	0.998793	0.121568	0.364186	15.6937	
0.999865	-0.000405415	-0.0164473	-0.000404543	0.998788	-0.0492126	0.0164473	0.0492126	0.998653	0.135531	0.405968	16.5648	
0.99985	-0.000449927	-0.017327	-0.000448908	0.998656	-0.051836	0.017327	0.051836	0.998505	0.15026	0.450036	17.4358	
0.999834	-0.000496823	-0.018208	-0.000495641	0.998516	-0.0544621	0.018208	0.0544621	0.99835	0.165758	0.496394	18.3067	
0.999818	-0.00054611	-0.0190901	-0.00054475	0.998369	-0.0570909	0.0190901	0.0570909	0.998186	0.182024	0.545043	19.1774	
0.9998	-0.000597797	-0.0199734	-0.00059624	0.998215	-0.0597221	0.0199734	0.0597221	0.998015	0.19906	0.595987	20.0479	
0.999782	-0.000651891	-0.0208577	-0.000650119	0.998054	-0.0623558	0.0208578	0.0623557	0.997836	0.216867	0.649226	20.9184	
0.999763	-0.000708399	-0.0217432	-0.000706394	0.997886	-0.0649917	0.0217433	0.0649917	0.997649	0.235446	0.704764	21.7886	
0.999744	-0.000767329	-0.0226297	-0.000765071	0.99771	-0.06763	0.0226298	0.0676299	0.997454	0.254797	0.762602	22.6587	
0.999723	-0.000828688	-0.0235173	-0.000826155	0.997528	-0.0702703	0.0235173	0.0702703	0.997251	0.274922	0.822742	23.5286	
0.999702	-0.000892481	-0.0244058	-0.000889653	0.997338	-0.0729127	0.0244059	0.0729127	0.99704	0.295822	0.885186	24.3983	
0.99968	-0.000958716	-0.0252953	-0.000955569	0.997141	-0.0755571	0.0252954	0.0755571	0.996821	0.317498	0.949935	25.2679	
0.999657	-0.0010274	-0.0261857	-0.00102391	0.996937	-0.0782033	0.0261858	0.0782033	0.996593	0.339949	1.01699	26.1372	
0.999633	-0.00109853	-0.027077	-0.00109468	0.996726	-0.0808514	0.0270772	0.0808513	0.996358	0.363178	1.08636	27.0064	
0.999608	-0.00117213	-0.0279692	-0.00116788	0.996507	-0.0835011	0.0279694	0.083501	0.996115	0.387184	1.15803	27.8753	
0.999583	-0.00124818	-0.0288623	-0.00124353	0.996281	-0.0861524	0.0288625	0.0861523	0.995864	0.411969	1.23202	28.7441	
0.999556	-0.00132671	-0.0297561	-0.00132161	0.996048	-0.0888052	0.0297563	0.0888051	0.995604	0.437534	1.30832	29.6126	
0.999529	-0.00140771	-0.0306507	-0.00140214	0.995808	-0.0914594	0.030651	0.0914593	0.995337	0.463878	1.38694	30.4808	
0.999501	-0.00149119	-0.0315461	-0.00148513	0.99556	-0.094115	0.0315464	0.0941149	0.995061	0.491003	1.46787	31.3489	
0.999472	-0.00157716	-0.0324422	-0.00157056	0.995305	-0.0967717	0.0324425	0.0967716	0.994778	0.518909	1.55112	32.2167	
0.999443	-0.0016656	-0.033339	-0.00165846	0.995043	-0.0994296	0.0333393	0.0994295	0.994486	0.547597	1.63668	33.0842	
0.999412	-0.00175654	-0.0342364	-0.00174881	0.994774	-0.102089	0.0342368	0.102088	0.994186	0.577068	1.72457	33.9515	
0.999381	-0.00184998	-0.0351345	-0.00184162	0.994497	-0.104749	0.0351349	0.104748	0.993878	0.607322	1.81477	34.8185	
0.999349	-0.00194591	-0.0360331	-0.00193691	0.994213	-0.107409	0.0360336	0.107409	0.993562	0.638359	1.90729	35.6852	
0.999316	-0.00204434	-0.0369323	-0.00203465	0.993922	-0.110071	0.0369329	0.110071	0.993237	0.670181	2.00214	36.5517	
0.999282	-0.00214528	-0.0378321	-0.00213487	0.993623	-0.112733	0.0378327	0.112733	0.992905	0.702787	2.09931	37.4179	
0.999247	-0.00224872	-0.0387324	-0.00223756	0.993317	-0.115396	0.038733	0.115396	0.992564	0.736178	2.1988	38.2838	
0.999212	-0.00235466	-0.0396331	-0.00234272	0.993004	-0.118059	0.0396338	0.118059	0.992215	0.770355	2.30061	39.1494	
0.999175	-0.00246312	-0.0405343	-0.00245035	0.992683	-0.120723	0.0405351	0.120723	0.991858	0.805317	2.40474	40.0146	
0.999138	-0.00257409	-0.0414359	-0.00256045	0.992355	-0.123387	0.0414367	0.123387	0.991493	0.841066	2.5112	40.8796	
0.9991	-0.00268757	-0.0423379	-0.00267304	0.99202	-0.126051	0.0423388	0.126051	0.99112	0.877602	2.61999	41.7442	
0.999061	-0.00280356	-0.0432402	-0.00278809	0.991678	-0.128716	0.0432412	0.128716	0.990738	0.914924	2.73109	42.6085	
0.999021	-0.00292207	-0.0441429	-0.00290562	0.991328	-0.13138	0.0441439	0.13138	0.990349	0.953034	2.84452	43.4725	
0.99898	-0.0030431	-0.0450458	-0.00302563	0.990971	-0.134045	0.045047	0.134044	0.989951	0.991931	2.96028	44.3362	
0.998939	-0.00316664	-0.045949	-0.0031481	0.990606	-0.136709	0.0459503	0.136709	0.989545	1.03162	3.07836	45.1994	
0.998896	-0.00329269	-0.0468525	-0.00327306	0.990235	-0.139373	0.0468538	0.139373	0.989131	1.07209	3.19876	46.0624	
0.998853	-0.00342126	-0.0477561	-0.00340048	0.989855	-0.142037	0.0477576	0.142037	0.988709	1.11335	3.32148	46.9249	
0.998809	-0.00355235	-0.0486599	-0.00353038	0.989469	-0.1447	0.0486615	0.1447	0.988278	1.1554	3.44653	47.7871	
0.998764	-0.00368595	-0.0495638	-0.00366274	0.989076	-0.147363	0.0495656	0.147363	0.98784	1.19824	3.57391	48.6489	
0.998718	-0.00382206	-0.0504679	-0.00379758	0.988675	-0.150026	0.0504697	0.150025	0.987393	1.24186	3.7036	49.5103	
0.998672	-0.00396068	-0.051372	-0.00393487	0.988267	-0.152687	0.051374	0.152687	0.986938	1.28628	3.83562	50.3714	
0.99871	-0.00384563	-0.0506282	-0.0039328	0.988273	-0.152647	0.0506215	0.152649	0.986983	1.33076	3.96878	51.2322	
0.998748	-0.00373052	-0.0498838	-0.00393082	0.988279	-0.152608	0.0498685	0.152613	0.987027	1.37459	4.1019	52.0931	
0.998785	-0.00361536	-0.0491389	-0.00392892	0.988285	-0.15257	0.0491149	0.152578	0.98707	1.41775	4.235	52.954	
0.998822	-0.00350016	-0.0483936	-0.00392711	0.98829	-0.152534	0.0483608	0.152544	0.987113	1.46026	4.36807	53.815	
0.998858	-0.00338492	-0.0476478	-0.00392538	0.988296	-0.152498	0.0476063	0.152511	0.987154	1.50212	4.50111	54.676	
0.998894	-0.00326967	-0.0469017	-0.00392374	0.988301	-0.152464	0.0468515	0.152479	0.987196	1.54331	4.63412	55.537	
0.998929	-0.0031544	-0.0461553	-0.00392217	0.988306	-0.152431	0.0460964	0.152448	0.987236	1.58385	4.7671	56.3981	
0.998964	-0.00303912	-0.0454087	-0.00392067	0.988311	-0.152398	0.0453411	0.152418	0.987275	1.62372	4.90006	57.2592	
0.998998	-0.00292384	-0.0446619	-0.00391925	0.988316	-0.152367	0.0445856	0.152389	0.987314	1.66294	5.03299	58.1203	
0.999031	-0.00280857	-0.043915	-0.00391789	0.988321	-0.152337	0.0438299	0.152361	0.987353	1.7015	5.16589	58.9815	
0.999064	-0.00269331	-0.043168	-0.0039166	0.988325	-0.152307	0.0430743	0.152334	0.98739	1.7394	5.29877	59.8427	
0.999096	-0.00257809	-0.0424211	-0.00391537	0.98833	-0.152279	0.0423186	0.152307	0.987427	1.77664	5.43163	60.704	
0.999128	-0.0024629	-0.0416742	-0.0039142	0.988334	-0.152251	0.041563	0.152282	0.987463	1.81322	5.56446	61.5652	
0.999159	-0.00234775	-0.0409275	-0.0039131	0.988338	-0.152225	0.0408076	0.152257	0.987498	1.84914	5.69728	62.4265	
0.99919	-0.00223265	-0.0401809	-0.00391204	0.988342	-0.152199	0.0400523	0.152233	0.987533	1.88441	5.83007	63.2879	
0.99922	-0.00211761	-0.0394346	-0.00391104	0.988346	-0.152174	0.0392973	0.15221	0.987567	1.91901	5.96284	64.1492	
0.999249	-0.00200265	-0.0386886	-0.0039101	0.98835	-0.15215	0.0385425	0.152187	0.9876	1.95296	6.09559	65.0106	
0.999278	-0.00188775	-0.0379429	-0.0039092	0.988353	-0.152127	0.0377882	0.152165	0.987632	1.98625	6.22832	65.872	
0.999306	-0.00177295	-0.0371977	-0.00390834	0.988357	-0.152104	0.0370343	0.152144	0.987664	2.01888	6.36103	66.7335	
0.999334	-0.00165823	-0.036453	-0.00390753	0.98836	-0.152083	0.0362809	0.152124	0.987695	2.05085	6.49373	67.595	
0.999361	-0.00154362	-0.0357088	-0.00390677	0.988363	-0.152062	0.035528	0.152104	0.987726	2.08217	6.62641	68.4565	
0.999388	-0.00142913	-0.0349652	-0.00390604	0.988366	-0.152041	0.0347757	0.152085	0.987756	2.11283	6.75907	69.318	
0.999413	-0.00131475	-0.0342223	-0.00390535	0.988369	-0.152021	0.0340241	0.152066	0.987785	2.14283	6.89171	70.1796	
0.999439	-0.00120049	-0.0334801	-0.0039047	0.988372	-0.152002	0.0332733	0.152048	0.987813	2.17218	7.02434	71.0411	
0.999754	0.000433927	-0.0221621	-0.00339253	0.991025	-0.133637	0.0219051	0.133679	0.990783	2.19625	7.14895	71.9041	
0.99994	0.00185784	-0.0108128	-0.00309149	0.993335	-0.11522	0.0105266	0.115247	0.993281	2.21039	7.25751	72.7694	
0.999995	0.00307056	0.00056243	-0.00300173	0.995303	-0.0967616	-0.0008569	0.0967595	0.995307	2.21461	7.34998	73.6366	
0.99992	0.00407152	0.0119581	-0.0031233	0.996927	-0.07827	-0.01224	0.0782264	0.99686	2.2089	7.42629	74.5055	
0.999715	0.00486024	0.0233688	-0.00345613	0.998207	-0.0597539	-0.0236173	0.0596561	0.99794	2.19326	7.48643	75.3755	
0.99938	0.00543634	0.0347891	-0.00400008	0.999142	-0.0412221	-0.0349834	0.0410574	0.998544	2.1677	7.53035	76.2462	
0.998915	0.00579956	0.0462137	-0.00475487	0.999731	-0.0226836	-0.0463328	0.0224392	0.998674	2.13224	7.55804	77.1172	
0.99832	0.00594971	0.057637	-0.00572015	0.999975	-0.00414704	-0.0576602	0.00381038	0.998329	2.08688	7.56949	77.9882	
0.997596	0.00588673	0.0690537	-0.00689547	0.999873	0.0143787	-0.0689602	-0.0148203	0.997509	2.03166	7.56469	78.8586	
0.996742	0.00561065	0.0804582	-0.00828025	0.999425	0.0328848	-0.0802274	-0.0334439	0.996215	1.9666	7.54364	79.7282	
0.99576	0.0051216	0.0918453	-0.00987386	0.998631	0.0513625	-0.0914565	-0.0520516	0.994448	1.89172	7.50635	80.5963	
0.99465	0.0044198	0.103209	-0.0116755	0.997492	0.069803	-0.102642	-0.0706346	0.992207	1.80707	7.45285	81.4628	
0.993412	0.00350561	0.114545	-0.0136844	0.996009	0.0881976	-0.113779	-0.089184	0.989495	1.71268	7.38314	82.3271	
0.992047	0.00237944	0.125847	-0.0158995	0.994182	0.106537	-0.124862	-0.107691	0.986312	1.6086	7.29728	83.1888	
0.990555	0.00104183	0.13711	-0.0183198	0.992011	0.124814	-0.135885	-0.126147	0.982661	1.49488	7.1953	84.0475	
0.988938	-0.000506574	0.148329	-0.0209441	0.989498	0.143018	-0.146844	-0.144543	0.978542	1.37158	7.07724	84.9028	
0.987196	-0.00226504	0.159498	-0.0237712	0.986645	0.161141	-0.157732	-0.16287	0.973958	1.23874	6.94317	85.7544	
