1	0	0	0	1	0	0	0	1	0	0	0	
0.999992	2.59463e-06	0.00394881	2.59463e-06	0.999999	-0.00131413	-0.00394881	0.00131413	0.999991	-0.00209208	0.000696223	1.05959	
0.999969	1.0394e-05	0.00790336	1.03945e-05	0.999997	-0.00263029	-0.00790336	0.00263029	0.999965	-0.00837135	0.00278597	2.11917	
0.99993	2.34209e-05	0.0118635	2.3423e-05	0.999992	-0.00394843	-0.0118635	0.00394843	0.999922	-0.0188438	0.00627137	3.17871	
0.999875	4.16975e-05	0.0158289	4.17026e-05	0.999986	-0.00526848	-0.0158289	0.00526848	0.999861	-0.0335152	0.0111545	4.23819	
0.999804	6.52451e-05	0.0197995	6.52554e-05	0.999978	-0.00659038	-0.0197995	0.00659038	0.999782	-0.0523911	0.0174373	5.2976	
0.999717	9.40846e-05	0.0237751	9.41025e-05	0.999969	-0.00791406	-0.0237751	0.00791406	0.999686	-0.0754768	0.0251217	6.35691	
0.999615	0.000128236	0.0277555	0.000128265	0.999957	-0.00923946	-0.0277555	0.00923946	0.999572	-0.102778	0.0342096	7.41612	
0.999496	0.000167718	0.0317404	0.000167761	0.999944	-0.0105665	-0.0317404	0.0105665	0.99944	-0.134298	0.0447028	8.47519	
0.999361	0.00021255	0.0357297	0.000212612	0.999929	-0.0118952	-0.0357297	0.0118952	0.999291	-0.170044	0.056603	9.53412	
0.999211	0.00026275	0.0397233	0.000262835	0.999913	-0.0132254	-0.0397233	0.0132254	0.999123	-0.210019	0.0699118	10.5929	
0.999044	0.000318335	0.0437208	0.000318448	0.999894	-0.014557	-0.0437208	0.014557	0.998938	-0.254228	0.0846309	11.6514	
0.998861	0.000379321	0.0477222	0.000379468	0.999874	-0.0158901	-0.0477222	0.0158901	0.998734	-0.302674	0.100762	12.7098	
0.998661	0.000445724	0.0517272	0.000445912	0.999852	-0.0172245	-0.0517272	0.0172245	0.998513	-0.355362	0.118306	13.7679	
0.998445	0.00051756	0.0557356	0.000517795	0.999828	-0.0185601	-0.0557356	0.0185601	0.998273	-0.412296	0.137264	14.8258	
0.998213	0.000594842	0.0597473	0.000595132	0.999802	-0.019897	-0.0597473	0.019897	0.998015	-0.473479	0.157639	15.8835	
0.997965	0.000677585	0.0637621	0.000677937	0.999774	-0.021235	-0.063762	0.021235	0.997739	-0.538914	0.179431	16.9408	
0.9977	0.000765801	0.0677796	0.000766224	0.999745	-0.0225741	-0.0677796	0.0225742	0.997445	-0.608604	0.202641	17.9979	
0.997419	0.000859503	0.0717999	0.000860006	0.999714	-0.0239143	-0.0717999	0.0239143	0.997132	-0.682553	0.22727	19.0546	
0.997121	0.000958702	0.0758226	0.000959295	0.999681	-0.0252554	-0.0758226	0.0252554	0.996801	-0.760764	0.25332	20.111	
0.996807	0.00106341	0.0798477	0.0010641	0.999646	-0.0265973	-0.0798476	0.0265974	0.996452	-0.843238	0.280792	21.167	
0.996476	0.00117364	0.0838748	0.00117444	0.999609	-0.0279402	-0.0838748	0.0279402	0.996085	-0.929977	0.309686	22.2226	
0.996128	0.00128939	0.0879038	0.00129031	0.99957	-0.0292837	-0.0879038	0.0292838	0.995698	-1.02099	0.340003	23.2779	
0.995764	0.00141068	0.0919345	0.00141174	0.99953	-0.030628	-0.0919345	0.0306281	0.995294	-1.11626	0.371744	24.3327	
0.995383	0.00153751	0.0959668	0.00153872	0.999488	-0.0319729	-0.0959667	0.031973	0.994871	-1.21581	0.40491	25.3871	
0.994986	0.0016699	0.1	0.00167126	0.999443	-0.0333184	-0.1	0.0333185	0.994429	-1.31964	0.439502	26.441	
0.994572	0.00180785	0.104035	0.00180938	0.999397	-0.0346644	-0.104035	0.0346645	0.993969	-1.42773	0.475519	27.4945	
0.994141	0.00195136	0.108071	0.00195307	0.999349	-0.0360109	-0.108071	0.036011	0.993491	-1.54011	0.512963	28.5474	
0.993694	0.00210044	0.112107	0.00210235	0.9993	-0.0373577	-0.112107	0.0373578	0.992994	-1.65676	0.551833	29.5999	
0.99323	0.00225509	0.116144	0.00225722	0.999248	-0.0387049	-0.116144	0.038705	0.992478	-1.77768	0.592131	30.6518	
0.992749	0.00241533	0.120181	0.00241769	0.999195	-0.0400523	-0.120181	0.0400524	0.991944	-1.90289	0.633857	31.7031	
0.992251	0.00258114	0.124219	0.00258375	0.999139	-0.0413999	-0.124219	0.0414	0.991391	-2.03237	0.67701	32.7539	
0.991737	0.00275254	0.128256	0.00275541	0.999082	-0.0427476	-0.128256	0.0427478	0.990819	-2.16613	0.721592	33.8041	
0.991206	0.00292953	0.132294	0.00293267	0.999023	-0.0440954	-0.132294	0.0440956	0.990229	-2.30417	0.767601	34.8536	
0.990658	0.0031121	0.136331	0.00311554	0.998962	-0.0454432	-0.136331	0.0454434	0.989621	-2.44649	0.815039	35.9025	
0.990094	0.00330026	0.140367	0.00330401	0.998899	-0.0467909	-0.140367	0.0467912	0.988993	-2.59308	0.863905	36.9508	
0.989513	0.003494	0.144403	0.00349809	0.998835	-0.0481386	-0.144403	0.0481389	0.988347	-2.74395	0.914198	37.9984	
0.988915	0.00369333	0.148437	0.00369778	0.998768	-0.049486	-0.148437	0.0494863	0.987683	-2.8991	0.96592	39.0453	
0.9883	0.00389825	0.152471	0.00390307	0.9987	-0.0508332	-0.152471	0.0508335	0.987	-3.05852	1.01907	40.0915	
0.987669	0.00410874	0.156503	0.00411396	0.998629	-0.05218	-0.156503	0.0521805	0.986298	-3.22221	1.07365	41.1369	
0.987021	0.00432482	0.160534	0.00433044	0.998557	-0.0535265	-0.160534	0.053527	0.985578	-3.39018	1.12965	42.1816	
0.986356	0.00454647	0.164563	0.00455253	0.998483	-0.0548726	-0.164563	0.0548731	0.984839	-3.56242	1.18708	43.2255	
0.985675	0.00477369	0.16859	0.0047802	0.998407	-0.0562182	-0.16859	0.0562187	0.984082	-3.73892	1.24594	44.2687	
0.984977	0.00500647	0.172615	0.00501347	0.998329	-0.0575632	-0.172615	0.0575638	0.983306	-3.91969	1.30622	45.311	
0.984262	0.00524481	0.176638	0.00525231	0.99825	-0.0589075	-0.176637	0.0589082	0.982512	-4.10472	1.36792	46.3525	
0.983531	0.00548871	0.180658	0.00549673	0.998168	-0.0602512	-0.180658	0.060252	0.981699	-4.29402	1.43106	47.3931	
0.982783	0.00573814	0.184676	0.00574672	0.998085	-0.0615942	-0.184675	0.061595	0.980868	-4.48757	1.49561	48.4329	
0.982018	0.00599312	0.18869	0.00600227	0.997999	-0.0629363	-0.18869	0.0629372	0.980018	-4.68538	1.56159	49.4718	
0.981237	0.00625362	0.192702	0.00626337	0.997912	-0.0642775	-0.192702	0.0642785	0.97915	-4.88744	1.62899	50.5097	
0.98044	0.00651965	0.196711	0.00653002	0.997823	-0.0656179	-0.196711	0.0656189	0.978263	-5.09375	1.69781	51.5468	
0.979626	0.00679118	0.200716	0.0068022	0.997733	-0.0669572	-0.200716	0.0669583	0.977359	-5.30431	1.76804	52.5829	
0.978795	0.0070682	0.204718	0.00707991	0.99764	-0.0682955	-0.204718	0.0682967	0.976436	-5.5191	1.8397	53.618	
0.977949	0.00735072	0.208716	0.00736313	0.997546	-0.0696326	-0.208715	0.0696339	0.975494	-5.73814	1.91278	54.6521	
0.977086	0.0076387	0.21271	0.00765184	0.997449	-0.0709686	-0.21271	0.07097	0.974535	-5.96141	1.98727	55.6852	
0.976206	0.00793215	0.2167	0.00794605	0.997351	-0.0723033	-0.216699	0.0723048	0.973557	-6.18891	2.06318	56.7173	
0.97531	0.00823105	0.220686	0.00824574	0.997251	-0.0736367	-0.220685	0.0736384	0.972561	-6.42064	2.1405	57.7484	
0.974398	0.00853538	0.224667	0.00855088	0.997149	-0.0749688	-0.224666	0.0749706	0.971547	-6.65658	2.21923	58.7784	
0.97347	0.00884512	0.228644	0.00886147	0.997046	-0.0762994	-0.228643	0.0763013	0.970516	-6.89675	2.29937	59.8073	
0.972526	0.00916027	0.232615	0.0091775	0.99694	-0.0776286	-0.232615	0.0776306	0.969466	-7.14112	2.38093	60.8351	
0.971565	0.00948081	0.236582	0.00949894	0.996833	-0.0789562	-0.236581	0.0789584	0.968398	-7.3897	2.46389	61.8617	
0.970589	0.00980671	0.240544	0.00982578	0.996724	-0.0802822	-0.240543	0.0802845	0.967313	-7.64248	2.54825	62.8873	
0.969596	0.010138	0.2445	0.010158	0.996613	-0.0816065	-0.244499	0.081609	0.966209	-7.89945	2.63402	63.9117	
0.968588	0.0104746	0.248451	0.0104956	0.9965	-0.0829292	-0.24845	0.0829318	0.965088	-8.16062	2.7212	64.9349	
0.967564	0.0108165	0.252396	0.0108385	0.996386	-0.08425	-0.252395	0.0842528	0.963949	-8.42596	2.80977	65.9569	
0.966524	0.0111637	0.256335	0.0111868	0.996269	-0.085569	-0.256334	0.085572	0.962793	-8.69549	2.89975	66.9776	
0.965468	0.0115161	0.260268	0.0115404	0.996151	-0.0868861	-0.260267	0.0868893	0.961619	-8.96918	2.99112	67.9972	
0.965401	0.0115385	0.260515	0.0117101	0.996095	-0.0875131	-0.260507	0.0875359	0.961495	-9.24509	3.08353	69.0161	
0.965334	0.011561	0.260761	0.01188	0.996037	-0.0881396	-0.260746	0.088182	0.961372	-9.52125	3.17662	70.0348	
0.971796	0.00932444	0.235637	0.0106709	0.996456	-0.083439	-0.23558	0.0836001	0.968253	-9.78421	3.26764	71.0572	
0.977601	0.00720794	0.210344	0.00958485	0.996852	-0.0787064	-0.210249	0.0789596	0.974454	-10.0204	3.35376	72.0865	
0.982744	0.00521301	0.184898	0.00862257	0.997225	-0.0739454	-0.18477	0.0742636	0.979972	-10.2297	3.43495	73.122	
0.987222	0.00334104	0.159317	0.00778473	0.997575	-0.0691591	-0.159161	0.0695156	0.984802	-10.4119	3.51113	74.163	
0.991032	0.00159333	0.133619	0.00707194	0.997902	-0.0643509	-0.133441	0.0647188	0.988941	-10.567	3.58225	75.2087	
0.99417	-2.88706e-05	0.107822	0.00648468	0.998206	-0.0595243	-0.107627	0.0598765	0.992387	-10.6947	3.64826	76.2585	
0.996636	-0.00152444	0.0819454	0.00602338	0.998486	-0.0546826	-0.0817379	0.0549922	0.995136	-10.795	3.70912	77.3115	
0.998426	-0.00289232	0.0560058	0.00568835	0.998742	-0.0498292	-0.0557912	0.0500694	0.997186	-10.8679	3.76479	78.3671	
0.999541	-0.00413155	0.0300219	0.00547984	0.998973	-0.0449675	-0.0298053	0.0451114	0.998537	-10.9132	3.81522	79.4245	
0.999978	-0.00524127	0.0040119	0.00539798	0.999181	-0.040101	-0.00379844	0.0401218	0.999188	-10.9311	3.86037	80.483	
0.999738	-0.00622069	-0.0220059	0.00544283	0.999364	-0.035233	0.022211	0.035104	0.999137	-10.9213	3.90023	81.5417	
0.998822	-0.00706913	-0.0480132	0.00561437	0.999523	-0.0303669	0.0482049	0.0300616	0.998385	-10.884	3.93476	82.6001	
0.997228	-0.007786	-0.0739918	0.00591247	0.999657	-0.0255062	0.074165	0.0249981	0.996933	-10.8192	3.96393	83.6572	
0.99496	-0.00837078	-0.0999235	0.00633692	0.999767	-0.0206543	0.100073	0.019917	0.994781	-10.7268	3.98773	84.7125	
0.992018	-0.00882308	-0.12579	0.00688743	0.999851	-0.0158146	0.125911	0.014822	0.991931	-10.6071	4.00613	85.7651	
0.988404	-0.00914256	-0.151573	0.0075636	0.999911	-0.0109904	0.15166	0.00971655	0.988385	-10.46	4.01913	86.8144	
0.984121	-0.00932902	-0.177255	0.00836497	0.999946	-0.00618526	0.177303	0.0046043	0.984145	-10.2857	4.02672	87.8595	
0.979172	-0.00938231	-0.202818	0.00929098	0.999956	-0.00140241	0.202822	-0.000511174	0.979215	-10.0843	4.02889	88.8997	
0.97356	-0.0093024	-0.228243	0.010341	0.999941	0.00335474	0.228198	-0.00562629	0.973598	-9.85598	4.02564	89.9344	
0.967289	-0.00908935	-0.253513	0.0115142	0.999901	0.00808286	0.253415	-0.0107375	0.967298	-9.6008	4.01697	90.9627	
0.960364	-0.0087433	-0.27861	0.0128099	0.999836	0.0127786	0.278453	-0.0158411	0.960319	-9.31901	4.00289	91.984	
0.95279	-0.0082645	-0.303517	0.014227	0.999747	0.0174388	0.303296	-0.0209336	0.952666	-9.01078	3.9834	92.9976	
0.944572	-0.00765329	-0.328216	0.0157647	0.999632	0.02206	0.327926	-0.0260115	0.944345	-8.67634	3.95853	94.0027	
0.935715	-0.00691009	-0.352689	0.0174218	0.999493	0.026639	0.352326	-0.031071	0.935361	-8.31592	3.92829	94.9986	
0.926226	-0.00603542	-0.37692	0.0191972	0.99933	0.0311727	0.376479	-0.0361088	0.925721	-7.92978	3.89269	95.9846	
0.916112	-0.0050299	-0.400891	0.0210897	0.999142	0.0356579	0.400368	-0.0411213	0.915431	-7.51818	3.85177	96.9601	
0.905379	-0.00389423	-0.424586	0.0230978	0.998929	0.0400913	0.423976	-0.0461048	0.904499	-7.08142	3.80556	97.9244	
0.894035	-0.00262922	-0.447989	0.0252203	0.998692	0.0444699	0.447286	-0.0510561	0.892933	-6.6198	3.75408	98.8767	
0.882089	-0.00123574	-0.471081	0.0274555	0.998432	0.0487907	0.470282	-0.0559715	0.880739	-6.13365	3.69737	99.8165	
0.869548	0.000285217	-0.493849	0.029802	0.998147	0.0530505	0.492949	-0.0608476	0.867928	-5.6233	3.63548	100.743	
0.856421	0.00193259	-0.516274	0.032258	0.997839	0.0572465	0.515269	-0.0656811	0.854508	-5.08912	3.56844	101.656	
0.842718	0.00370523	-0.538343	0.034822	0.997507	0.0613756	0.537228	-0.0704684	0.840488	-4.53147	3.4963	102.554	
