1	0	0	0	1	0	0	0	1	0	0	0	
1	2.1651e-06	0.000850531	2.1651e-06	0.999987	-0.00509114	-0.000850531	0.00509114	0.999987	-0.000431066	0.00258029	1.01363	
0.999999	8.6685e-06	0.00170188	8.66773e-06	0.999948	-0.0101863	-0.00170188	0.0101863	0.999947	-0.00172468	0.0103232	2.02724	
0.999997	1.95219e-05	0.00255401	1.95188e-05	0.999883	-0.0152851	-0.00255401	0.0152851	0.99988	-0.00388164	0.0232326	3.04079	
0.999994	3.47367e-05	0.00340689	3.4729e-05	0.999792	-0.0203876	-0.00340689	0.0203876	0.999786	-0.00690274	0.0413122	4.05426	
0.999991	5.43241e-05	0.00426048	5.43086e-05	0.999675	-0.0254935	-0.00426048	0.0254935	0.999666	-0.0107887	0.0645656	5.06762	
0.999987	7.82946e-05	0.00511476	7.82675e-05	0.999532	-0.0306025	-0.00511476	0.0306025	0.999519	-0.0155403	0.0929961	6.08084	
0.999982	0.000106659	0.00596969	0.000106615	0.999362	-0.0357145	-0.00596969	0.0357145	0.999344	-0.0211581	0.126607	7.09391	
0.999977	0.000139427	0.00682524	0.000139362	0.999166	-0.0408292	-0.00682524	0.0408292	0.999143	-0.0276428	0.165401	8.10678	
0.99997	0.000176609	0.00768137	0.000176515	0.998944	-0.0459466	-0.00768137	0.0459466	0.998914	-0.034995	0.20938	9.11943	
0.999964	0.000218214	0.00853804	0.000218085	0.998695	-0.0510663	-0.00853805	0.0510663	0.998659	-0.0432153	0.258548	10.1318	
0.999956	0.000264251	0.00939524	0.00026408	0.99842	-0.0561882	-0.00939524	0.0561882	0.998376	-0.0523043	0.312907	11.144	
0.999947	0.000314729	0.0102529	0.000314506	0.998119	-0.061312	-0.0102529	0.061312	0.998066	-0.0622624	0.372458	12.1558	
0.999938	0.000369657	0.011111	0.000369374	0.997791	-0.0664377	-0.011111	0.0664377	0.997729	-0.07309	0.437204	13.1673	
0.999928	0.000429043	0.0119696	0.000428689	0.997436	-0.0715649	-0.0119696	0.0715649	0.997364	-0.0847877	0.507147	14.1785	
0.999918	0.000492895	0.0128285	0.000492459	0.997055	-0.0766934	-0.0128285	0.0766934	0.996972	-0.0973559	0.582287	15.1892	
0.999906	0.000561221	0.0136878	0.000560691	0.996647	-0.0818232	-0.0136878	0.0818232	0.996553	-0.110795	0.662626	16.1996	
0.999894	0.000634028	0.0145474	0.000633391	0.996212	-0.0869539	-0.0145474	0.0869539	0.996106	-0.125105	0.748166	17.2095	
0.999881	0.000711322	0.0154072	0.000710565	0.995751	-0.0920854	-0.0154073	0.0920853	0.995632	-0.140287	0.838906	18.219	
0.999867	0.000793111	0.0162674	0.000792221	0.995263	-0.0972174	-0.0162674	0.0972174	0.99513	-0.15634	0.934848	19.2279	
0.999853	0.000879402	0.0171277	0.000878362	0.994748	-0.10235	-0.0171277	0.10235	0.994601	-0.173265	1.03599	20.2364	
0.999838	0.000970199	0.0179882	0.000968995	0.994207	-0.107482	-0.0179883	0.107482	0.994044	-0.191063	1.14234	21.2442	
0.999822	0.00106551	0.0188489	0.00106412	0.993638	-0.112615	-0.0188489	0.112615	0.99346	-0.209733	1.25389	22.2515	
0.999805	0.00116534	0.0197096	0.00116375	0.993043	-0.117747	-0.0197097	0.117747	0.992848	-0.229275	1.37064	23.2582	
0.999788	0.00126969	0.0205705	0.00126789	0.992421	-0.122879	-0.0205706	0.122879	0.992208	-0.24969	1.4926	24.2643	
0.999769	0.00137857	0.0214314	0.00137654	0.991772	-0.128011	-0.0214315	0.128011	0.991541	-0.270977	1.61975	25.2697	
0.99975	0.00149199	0.0222923	0.00148969	0.991096	-0.133141	-0.0222925	0.133141	0.990846	-0.293137	1.75211	26.2744	
0.999731	0.00160994	0.0231532	0.00160737	0.990393	-0.13827	-0.0231534	0.13827	0.990124	-0.31617	1.88966	27.2784	
0.99971	0.00173243	0.0240141	0.00172957	0.989663	-0.143399	-0.0240143	0.143399	0.989374	-0.340076	2.03242	28.2817	
0.999689	0.00185947	0.0248749	0.00185629	0.988907	-0.148526	-0.0248751	0.148526	0.988596	-0.364854	2.18037	29.2841	
0.999667	0.00199106	0.0257355	0.00198753	0.988123	-0.153651	-0.0257358	0.153651	0.98779	-0.390504	2.33352	30.2858	
0.999644	0.0021272	0.026596	0.00212331	0.987313	-0.158774	-0.0265963	0.158774	0.986957	-0.417027	2.49186	31.2866	
0.99962	0.00226789	0.0274563	0.00226361	0.986475	-0.163896	-0.0274567	0.163896	0.986096	-0.444423	2.6554	32.2866	
0.999596	0.00241315	0.0283164	0.00240845	0.985611	-0.169015	-0.0283168	0.169015	0.985207	-0.47269	2.82413	33.2857	
0.999571	0.00256296	0.0291763	0.00255781	0.984719	-0.174132	-0.0291767	0.174131	0.98429	-0.501828	2.99804	34.2839	
0.999545	0.00271733	0.0300358	0.00271172	0.983801	-0.179246	-0.0300364	0.179246	0.983346	-0.531839	3.17714	35.2811	
0.999518	0.00287627	0.0308951	0.00287016	0.982855	-0.184357	-0.0308957	0.184357	0.982374	-0.56272	3.36142	36.2774	
0.999491	0.00303977	0.031754	0.00303313	0.981883	-0.189466	-0.0317546	0.189465	0.981374	-0.594473	3.55088	37.2727	
0.999463	0.00320784	0.0326125	0.00320065	0.980883	-0.194571	-0.0326132	0.194571	0.980346	-0.627096	3.74552	38.2669	
0.999434	0.00338047	0.0334706	0.0033727	0.979857	-0.199673	-0.0334714	0.199672	0.979291	-0.660589	3.94533	39.2601	
0.999404	0.00355767	0.0343283	0.00354928	0.978803	-0.204771	-0.0343291	0.204771	0.978208	-0.694951	4.1503	40.2522	
0.999374	0.00373944	0.0351854	0.0037304	0.977723	-0.209865	-0.0351864	0.209865	0.977097	-0.730183	4.36045	41.2432	
0.999343	0.00392577	0.0360421	0.00391606	0.976616	-0.214956	-0.0360431	0.214956	0.975958	-0.766283	4.57576	42.233	
0.999311	0.00411668	0.0368982	0.00410625	0.975482	-0.220042	-0.0368993	0.220042	0.974792	-0.803252	4.79622	43.2217	
0.999278	0.00431215	0.0377537	0.00430097	0.974321	-0.225124	-0.037755	0.225124	0.973598	-0.841088	5.02184	44.2092	
0.999244	0.00451218	0.0386086	0.00450023	0.973132	-0.230202	-0.03861	0.230202	0.972377	-0.879792	5.25261	45.1954	
0.99921	0.00471678	0.0394629	0.00470401	0.971918	-0.235275	-0.0394644	0.235274	0.971127	-0.919361	5.48852	46.1804	
0.999175	0.00492595	0.0403165	0.00491232	0.970676	-0.240343	-0.0403181	0.240342	0.969851	-0.959797	5.72957	47.1642	
0.999139	0.00513967	0.0411693	0.00512516	0.969407	-0.245405	-0.0411712	0.245405	0.968546	-1.0011	5.97576	48.1466	
0.999102	0.00535795	0.0420215	0.00534251	0.968111	-0.250463	-0.0420234	0.250462	0.967214	-1.04326	6.22708	49.1277	
0.999065	0.0055808	0.0428728	0.00556439	0.966789	-0.255515	-0.042875	0.255514	0.965854	-1.08629	6.48351	50.1074	
0.999027	0.00580819	0.0437234	0.00579078	0.96544	-0.260561	-0.0437257	0.260561	0.964467	-1.13018	6.74507	51.0857	
0.998988	0.00604014	0.0445731	0.00602169	0.964064	-0.265601	-0.0445756	0.265601	0.963052	-1.17493	7.01174	52.0626	
0.998948	0.00627664	0.0454219	0.0062571	0.962662	-0.270636	-0.0454246	0.270635	0.96161	-1.22055	7.28351	53.0381	
0.998908	0.00651768	0.0462699	0.00649701	0.961232	-0.275664	-0.0462728	0.275663	0.96014	-1.26702	7.56039	54.012	
0.998866	0.00676326	0.0471169	0.00674143	0.959776	-0.280685	-0.04712	0.280685	0.958643	-1.31435	7.84236	54.9845	
0.998824	0.00701339	0.0479629	0.00699034	0.958294	-0.2857	-0.0479663	0.2857	0.957118	-1.36255	8.12941	55.9555	
0.998782	0.00726804	0.0488079	0.00724374	0.956784	-0.290708	-0.0488115	0.290708	0.955566	-1.41159	8.42155	56.9249	
0.998738	0.00752723	0.0496519	0.00750163	0.955248	-0.295709	-0.0496558	0.295709	0.953987	-1.4615	8.71875	57.8927	
0.998694	0.00779094	0.0504948	0.007764	0.953686	-0.300703	-0.050499	0.300703	0.95238	-1.51226	9.02103	58.8588	
0.998649	0.00805917	0.0513367	0.00803084	0.952097	-0.30569	-0.0513411	0.305689	0.950746	-1.56388	9.32836	59.8234	
0.998603	0.00833192	0.0521774	0.00830214	0.950482	-0.310669	-0.0521821	0.310668	0.949085	-1.61634	9.64074	60.7862	
0.998557	0.00860917	0.0530169	0.00857792	0.94884	-0.31564	-0.053022	0.315639	0.947397	-1.66966	9.95816	61.7474	
0.998509	0.00889093	0.0538552	0.00885814	0.947172	-0.320604	-0.0538606	0.320603	0.945681	-1.72383	10.2806	62.7069	
0.998461	0.00917719	0.0546924	0.00914282	0.945478	-0.325559	-0.0546981	0.325558	0.943939	-1.77885	10.6081	63.6646	
0.998328	0.00996204	0.0569363	0.00962641	0.942623	-0.33372	-0.056994	0.33371	0.940951	-1.83546	10.9422	64.6199	
0.99819	0.0107661	0.0591726	0.0101299	0.939698	-0.341856	-0.0592848	0.341836	0.937888	-1.89439	11.2846	65.5721	
0.998046	0.0115893	0.0614011	0.0106533	0.936702	-0.349966	-0.0615704	0.349936	0.934748	-1.95564	11.6352	66.5212	
0.997897	0.0124317	0.0636218	0.0111966	0.933636	-0.358049	-0.0638507	0.358008	0.931533	-2.01921	11.994	67.4671	
0.997742	0.0132932	0.0658345	0.0117596	0.930499	-0.366105	-0.0661257	0.366052	0.928242	-2.08509	12.361	68.4096	
0.997582	0.0141737	0.0680392	0.0123423	0.927293	-0.374133	-0.0683952	0.374068	0.924876	-2.15326	12.7361	69.3488	
0.997417	0.0150733	0.0702358	0.0129448	0.924017	-0.382132	-0.0706591	0.382054	0.921435	-2.22374	13.1193	70.2846	
0.99665	0.0190585	0.0795378	0.0146993	0.9149	-0.403413	-0.0804576	0.403231	0.911554	-2.30033	13.5173	71.2136	
0.995784	0.0232573	0.0887366	0.0166808	0.905293	-0.424459	-0.0902044	0.42415	0.901088	-2.38683	13.9367	72.1324	
0.994819	0.027667	0.0978263	0.0188879	0.895204	-0.445255	-0.0998934	0.444796	0.890044	-2.48318	14.3771	73.0402	
0.993756	0.0322848	0.106801	0.0213193	0.884639	-0.465788	-0.109518	0.465157	0.878428	-2.58932	14.8383	73.9365	
0.992596	0.0371078	0.115655	0.0239733	0.873605	-0.486045	-0.119073	0.485219	0.866247	-2.70518	15.32	74.8208	
0.991339	0.0421328	0.124382	0.0268484	0.862109	-0.506012	-0.128551	0.504969	0.853511	-2.83069	15.8219	75.6925	
0.989987	0.0473566	0.132978	0.0299425	0.850157	-0.525677	-0.137946	0.524395	0.840227	-2.96576	16.3436	76.5509	
0.98854	0.0527758	0.141435	0.0332538	0.837758	-0.545027	-0.147253	0.543485	0.826402	-3.11031	16.8849	77.3956	
0.986998	0.0583871	0.14975	0.0367802	0.824921	-0.564051	-0.156465	0.562225	0.812048	-3.26425	17.4453	78.2261	
0.985364	0.0641867	0.157917	0.0405192	0.811652	-0.582735	-0.165577	0.580604	0.797172	-3.42748	18.0245	79.0417	
0.983638	0.070171	0.165929	0.0444687	0.79796	-0.601067	-0.174583	0.598611	0.781784	-3.59988	18.6222	79.842	
0.981821	0.0763361	0.173784	0.0486259	0.783855	-0.619036	-0.183476	0.616233	0.765894	-3.78136	19.2379	80.6264	
0.979914	0.082678	0.181474	0.0529883	0.769346	-0.636631	-0.192252	0.63346	0.749512	-3.9718	19.8713	81.3945	
0.977919	0.0891927	0.188996	0.0575531	0.754441	-0.65384	-0.200904	0.650279	0.732649	-4.17107	20.522	82.1457	
0.975837	0.095876	0.196344	0.0623172	0.73915	-0.670651	-0.209427	0.666682	0.715315	-4.37904	21.1895	82.8796	
0.973668	0.102724	0.203514	0.0672777	0.723484	-0.687055	-0.217816	0.682656	0.697522	-4.59559	21.8734	83.5957	
0.971416	0.109731	0.210501	0.0724314	0.707452	-0.70304	-0.226064	0.698191	0.679282	-4.82057	22.5733	84.2935	
0.96908	0.116894	0.2173	0.0777749	0.691064	-0.718597	-0.234168	0.713279	0.660605	-5.05383	23.2887	84.9727	
0.966663	0.124208	0.223908	0.0833049	0.674331	-0.733715	-0.242121	0.727908	0.641504	-5.29524	24.0191	85.6326	
0.964166	0.131668	0.23032	0.0890177	0.657264	-0.748385	-0.249919	0.74207	0.62199	-5.54463	24.7642	86.273	
0.961591	0.139269	0.236532	0.0949098	0.639873	-0.762597	-0.257557	0.755756	0.602078	-5.80184	25.5234	86.8934	
0.958939	0.147006	0.24254	0.100977	0.62217	-0.776342	-0.265028	0.768956	0.581779	-6.06671	26.2961	87.4935	
0.956212	0.154875	0.24834	0.107216	0.604167	-0.789612	-0.27233	0.781662	0.561106	-6.33907	27.0821	88.0727	
0.953412	0.162871	0.253928	0.113623	0.585874	-0.802397	-0.279457	0.793867	0.540073	-6.61874	27.8806	88.6309	
0.95054	0.170988	0.259301	0.120193	0.567304	-0.81469	-0.286405	0.805562	0.518694	-6.90554	28.6913	89.1675	
0.947599	0.179221	0.264455	0.126922	0.548468	-0.826483	-0.293168	0.816739	0.496981	-7.1993	29.5135	89.6823	
0.94459	0.187564	0.269388	0.133806	0.529379	-0.837767	-0.299743	0.827392	0.474949	-7.49981	30.3469	90.1749	
0.941515	0.196013	0.274095	0.14084	0.510049	-0.848537	-0.306126	0.837514	0.452612	-7.80689	31.1907	90.645	
