1	0	0	0	1	0	0	0	1	0	0	0	
0.999995	3.63378e-06	-0.00329823	3.63378e-06	0.999998	0.00220346	0.00329823	-0.00220346	0.999992	0.00152002	-0.00101549	0.921715	
0.999978	1.45578e-05	-0.00660089	1.45638e-05	0.99999	0.00441169	0.00660089	-0.00441169	0.999968	0.00608212	-0.00406414	1.84341	
0.999951	3.28071e-05	-0.00990785	3.2831e-05	0.999978	0.00662462	0.00990785	-0.00662462	0.999929	0.0136903	-0.00915033	2.76509	
0.999913	5.84159e-05	-0.013219	5.84759e-05	0.999961	0.00884215	0.013219	-0.00884216	0.999874	0.0243485	-0.0162783	3.68671	
0.999863	9.1418e-05	-0.0165342	9.15381e-05	0.999939	0.0110642	0.0165342	-0.0110642	0.999802	0.0380606	-0.0254524	4.60828	
0.999803	0.000131846	-0.0198533	0.000132057	0.999912	0.0132908	0.0198533	-0.0132908	0.999715	0.0548301	-0.0366766	5.52978	
0.999731	0.000179733	-0.0231762	0.00018007	0.99988	0.0155217	0.0231762	-0.0155217	0.999611	0.0746606	-0.0499551	6.45119	
0.999649	0.00023511	-0.0265028	0.000235616	0.999842	0.0177569	0.0265028	-0.0177569	0.999491	0.0975556	-0.0652918	7.37249	
0.999555	0.000298008	-0.0298329	0.000298733	0.9998	0.0199963	0.0298329	-0.0199963	0.999355	0.123518	-0.0826907	8.29368	
0.99945	0.000368457	-0.0331665	0.000369455	0.999753	0.0222398	0.0331665	-0.0222398	0.999202	0.152552	-0.102156	9.21473	
0.999333	0.000446487	-0.0365034	0.000447819	0.9997	0.0244874	0.0365033	-0.0244875	0.999033	0.18466	-0.12369	10.1356	
0.999206	0.000532127	-0.0398434	0.000533861	0.999642	0.026739	0.0398434	-0.0267391	0.998848	0.219845	-0.147299	11.0564	
0.999067	0.000625404	-0.0431865	0.000627615	0.999579	0.0289945	0.0431864	-0.0289946	0.998646	0.25811	-0.172984	11.9769	
0.998917	0.000726348	-0.0465325	0.000729115	0.999511	0.0312538	0.0465324	-0.0312539	0.998428	0.299458	-0.20075	12.8973	
0.998755	0.000834983	-0.0498812	0.000838393	0.999438	0.0335169	0.0498812	-0.033517	0.998193	0.343891	-0.2306	13.8175	
0.998582	0.000951337	-0.0532327	0.000955484	0.999359	0.0357836	0.0532326	-0.0357837	0.997941	0.391412	-0.262538	14.7374	
0.998397	0.00107544	-0.0565867	0.00108042	0.999275	0.0380538	0.0565866	-0.038054	0.997672	0.442023	-0.296567	15.6571	
0.998201	0.0012073	-0.0599431	0.00121323	0.999186	0.0403276	0.059943	-0.0403278	0.997387	0.495727	-0.33269	16.5765	
0.997994	0.00134696	-0.0633018	0.00135394	0.999091	0.0426048	0.0633017	-0.042605	0.997085	0.552526	-0.37091	17.4957	
0.997774	0.00149444	-0.0666627	0.00150259	0.998991	0.0448853	0.0666625	-0.0448856	0.996765	0.612421	-0.411231	18.4146	
0.997544	0.00164975	-0.0700257	0.0016592	0.998886	0.0471691	0.0700254	-0.0471694	0.996429	0.675415	-0.453655	19.3332	
0.997302	0.00181293	-0.0733905	0.00182381	0.998775	0.049456	0.0733902	-0.0494564	0.996076	0.741509	-0.498186	20.2514	
0.997048	0.00198399	-0.0767572	0.00199644	0.998658	0.051746	0.0767568	-0.0517465	0.995706	0.810706	-0.544826	21.1694	
0.996782	0.00216296	-0.0801255	0.00217712	0.998536	0.054039	0.0801251	-0.0540396	0.995319	0.883006	-0.593579	22.087	
0.996505	0.00234984	-0.0834953	0.00236587	0.998409	0.056335	0.0834949	-0.0563356	0.994915	0.958412	-0.644446	23.0042	
0.996217	0.00254467	-0.0868666	0.00256273	0.998276	0.0586338	0.0868661	-0.0586346	0.994493	1.03692	-0.697432	23.921	
0.995916	0.00274747	-0.0902392	0.00276771	0.998138	0.0609353	0.0902386	-0.0609362	0.994054	1.11854	-0.752537	24.8375	
0.995604	0.00295824	-0.093613	0.00298084	0.997994	0.0632395	0.0936123	-0.0632406	0.993598	1.20327	-0.809765	25.7535	
0.995281	0.00317701	-0.0969878	0.00320215	0.997844	0.0655464	0.096987	-0.0655476	0.993125	1.29111	-0.869118	26.6691	
0.994945	0.00340379	-0.100364	0.00343166	0.997689	0.0678557	0.100363	-0.0678571	0.992634	1.38206	-0.930599	27.5842	
0.994598	0.00363861	-0.10374	0.00366938	0.997528	0.0701675	0.103739	-0.0701691	0.992126	1.47613	-0.994209	28.4989	
0.994239	0.00388147	-0.107117	0.00391536	0.997362	0.0724816	0.107116	-0.0724834	0.991601	1.5733	-1.05995	29.4132	
0.993868	0.00413239	-0.110495	0.00416959	0.99719	0.0747979	0.110494	-0.0748	0.991058	1.67359	-1.12783	30.3269	
0.993486	0.00439139	-0.113873	0.00443212	0.997012	0.0771165	0.113872	-0.0771188	0.990498	1.77699	-1.19784	31.2401	
0.993091	0.00465847	-0.117252	0.00470295	0.996829	0.0794372	0.11725	-0.0794398	0.98992	1.8835	-1.26999	32.1528	
0.992685	0.00493366	-0.120631	0.0049821	0.99664	0.0817598	0.120629	-0.0817628	0.989325	1.99313	-1.34429	33.0649	
0.992267	0.00521696	-0.124009	0.0052696	0.996445	0.0840844	0.124007	-0.0840877	0.988712	2.10587	-1.42072	33.9765	
0.991838	0.00550838	-0.127388	0.00556546	0.996244	0.0864109	0.127386	-0.0864146	0.988082	2.22173	-1.4993	34.8876	
0.991396	0.00580794	-0.130767	0.0058697	0.996038	0.0887391	0.130764	-0.0887432	0.987434	2.3407	-1.58002	35.798	
0.990943	0.00611564	-0.134145	0.00618234	0.995825	0.0910691	0.134142	-0.0910736	0.986768	2.46279	-1.66289	36.7078	
0.990478	0.0064315	-0.137523	0.00650339	0.995607	0.0934006	0.137519	-0.0934056	0.986085	2.58798	-1.74791	37.617	
0.990001	0.00675552	-0.1409	0.00683287	0.995384	0.0957336	0.140896	-0.0957391	0.985384	2.71629	-1.83508	38.5256	
0.989512	0.00708772	-0.144277	0.00717079	0.995154	0.0980681	0.144273	-0.0980741	0.984666	2.84772	-1.9244	39.4335	
0.989011	0.00742809	-0.147653	0.00751716	0.994918	0.100404	0.147648	-0.100411	0.98393	2.98225	-2.01587	40.3408	
0.988499	0.00777665	-0.151028	0.00787201	0.994677	0.102741	0.151023	-0.102748	0.983176	3.1199	-2.1095	41.2473	
0.987975	0.00813341	-0.154402	0.00823534	0.99443	0.105079	0.154396	-0.105087	0.982404	3.26065	-2.20528	42.1532	
0.987439	0.00849836	-0.157774	0.00860717	0.994177	0.107419	0.157769	-0.107427	0.981615	3.40452	-2.30322	43.0583	
0.986891	0.00887152	-0.161146	0.00898751	0.993918	0.109759	0.16114	-0.109769	0.980808	3.55149	-2.40332	43.9627	
0.986331	0.00925288	-0.164516	0.00937636	0.993653	0.1121	0.164509	-0.112111	0.979984	3.70157	-2.50557	44.8664	
0.985759	0.00964246	-0.167885	0.00977374	0.993382	0.114443	0.167877	-0.114454	0.979141	3.85475	-2.60999	45.7693	
0.985176	0.0100402	-0.171252	0.0101797	0.993105	0.116786	0.171244	-0.116798	0.978281	4.01104	-2.71656	46.6713	
0.984581	0.0104463	-0.174617	0.0105941	0.992822	0.119129	0.174608	-0.119142	0.977403	4.17043	-2.8253	47.5726	
0.983974	0.0108605	-0.177981	0.0110171	0.992534	0.121474	0.177971	-0.121488	0.976508	4.33292	-2.93619	48.4731	
0.983355	0.0112829	-0.181342	0.0114487	0.992239	0.123818	0.181332	-0.123834	0.975594	4.4985	-3.04925	49.3728	
0.982725	0.0117136	-0.184702	0.0118889	0.991938	0.126164	0.184691	-0.12618	0.974663	4.66719	-3.16447	50.2716	
0.982083	0.0121525	-0.188059	0.0123376	0.991632	0.128509	0.188047	-0.128527	0.973714	4.83897	-3.28186	51.1695	
0.981429	0.0125996	-0.191414	0.0127949	0.991319	0.130855	0.191401	-0.130874	0.972747	5.01384	-3.40141	52.0665	
0.980763	0.0130549	-0.194766	0.0132608	0.991	0.133201	0.194752	-0.133222	0.971763	5.1918	-3.52312	52.9627	
0.980085	0.0135184	-0.198116	0.0137353	0.990676	0.135547	0.198101	-0.135569	0.970761	5.37285	-3.64699	53.8579	
0.979396	0.0139902	-0.201464	0.0142184	0.990345	0.137894	0.201448	-0.137917	0.969741	5.55699	-3.77303	54.7522	
0.978695	0.0144701	-0.204808	0.01471	0.990008	0.14024	0.204791	-0.140265	0.968704	5.74421	-3.90123	55.6456	
0.977874	0.0150387	-0.208654	0.0159029	0.989183	0.145825	0.20859	-0.145917	0.967057	5.93472	-4.03312	56.5377	
0.977036	0.0156306	-0.212499	0.017118	0.988324	0.151403	0.212384	-0.151564	0.965361	6.12873	-4.17022	57.4282	
0.976183	0.0162456	-0.216341	0.0183553	0.987432	0.156972	0.216172	-0.157205	0.963616	6.32623	-4.31252	58.3172	
0.975313	0.0168839	-0.220181	0.0196148	0.986508	0.162533	0.219954	-0.162839	0.961823	6.52723	-4.46001	59.2046	
0.974427	0.0175453	-0.224017	0.0208964	0.985551	0.168084	0.22373	-0.168467	0.959981	6.7317	-4.6127	60.0903	
0.973526	0.0182298	-0.22785	0.0222001	0.984561	0.173626	0.227498	-0.174087	0.958091	6.93966	-4.77057	60.9742	
0.972608	0.0189373	-0.231679	0.0235258	0.983539	0.179158	0.231258	-0.179701	0.956152	7.15108	-4.93362	61.8564	
0.971675	0.0196679	-0.235502	0.0248735	0.982484	0.184679	0.23501	-0.185306	0.954166	7.36596	-5.10183	62.7368	
0.970726	0.0204215	-0.239321	0.0262432	0.981396	0.19019	0.238752	-0.190903	0.952131	7.5843	-5.27521	63.6154	
0.969761	0.0211979	-0.243133	0.0276347	0.980276	0.195691	0.242486	-0.196492	0.950048	7.80608	-5.45375	64.492	
0.968781	0.0219971	-0.246939	0.029048	0.979124	0.20118	0.246209	-0.202072	0.947918	8.0313	-5.63743	65.3667	
0.967786	0.0228191	-0.250738	0.030483	0.977939	0.206657	0.249922	-0.207643	0.94574	8.25995	-5.82625	66.2394	
0.966775	0.0236637	-0.254529	0.0319398	0.976721	0.212122	0.253624	-0.213204	0.943514	8.49202	-6.0202	67.1101	
0.96575	0.0245308	-0.258313	0.0334181	0.975471	0.217576	0.257314	-0.218756	0.941241	8.72749	-6.21928	67.9787	
0.964709	0.0254204	-0.262088	0.0349179	0.974189	0.223016	0.260992	-0.224297	0.938922	8.96635	-6.42346	68.8452	
0.963654	0.0263323	-0.265854	0.0364392	0.972875	0.228444	0.264658	-0.229828	0.936555	9.20861	-6.63275	69.7095	
0.962583	0.0272664	-0.26961	0.0379818	0.971528	0.233859	0.268311	-0.235349	0.934142	9.45423	-6.84713	70.5717	
0.961559	0.0282019	-0.273146	0.0441111	0.96593	0.255016	0.271032	-0.257261	0.927555	9.7028	-7.07417	71.4297	
0.960525	0.0292204	-0.276656	0.0503006	0.959836	0.276017	0.273609	-0.279037	0.920476	9.95382	-7.32134	72.2814	
0.959481	0.0303214	-0.280138	0.0565471	0.953248	0.296853	0.276042	-0.300665	0.912908	10.2071	-7.58851	73.1264	
0.958428	0.0315042	-0.28359	0.0628471	0.94617	0.31751	0.278327	-0.322134	0.904856	10.4626	-7.87554	73.9641	
0.957367	0.0327682	-0.287011	0.0691974	0.938606	0.33798	0.280465	-0.343431	0.896323	10.7202	-8.18229	74.7943	
0.956298	0.0341127	-0.290398	0.0755947	0.93056	0.35825	0.282454	-0.364546	0.887314	10.9796	-8.50858	75.6163	
0.955221	0.0355371	-0.29375	0.0820354	0.922037	0.378309	0.284293	-0.385467	0.877834	11.2408	-8.85425	76.4298	
0.954138	0.0370405	-0.297066	0.0885162	0.91304	0.398148	0.28598	-0.406184	0.867888	11.5036	-9.2191	77.2344	
0.953049	0.0386223	-0.300342	0.0950336	0.903575	0.417756	0.287517	-0.426685	0.857481	11.7679	-9.60295	78.0296	
0.951955	0.0402815	-0.303579	0.101584	0.893647	0.437122	0.2889	-0.446959	0.846619	12.0336	-10.0056	78.815	
0.950855	0.0420172	-0.306773	0.108165	0.88326	0.456236	0.29013	-0.466996	0.835308	12.3005	-10.4268	79.5901	
0.949751	0.0438286	-0.309923	0.114771	0.872421	0.475088	0.291206	-0.486786	0.823553	12.5684	-10.8664	80.3547	
0.948643	0.0457146	-0.313028	0.1214	0.861135	0.493668	0.292127	-0.506316	0.81136	12.8372	-11.3241	81.1082	
0.947532	0.0476743	-0.316086	0.128049	0.849408	0.511966	0.292894	-0.525578	0.798737	13.1069	-11.7997	81.8502	
0.946418	0.0497067	-0.319095	0.134713	0.837247	0.529972	0.293504	-0.544561	0.78569	13.3771	-12.2929	82.5804	
0.945303	0.0518106	-0.322054	0.141389	0.824657	0.547677	0.293959	-0.563255	0.772225	13.6479	-12.8035	83.2985	
0.944186	0.0539849	-0.324961	0.148074	0.811646	0.565071	0.294258	-0.58165	0.758351	13.919	-13.3311	84.0039	
0.943068	0.0562285	-0.327814	0.154763	0.79822	0.582145	0.294401	-0.599735	0.744074	14.1903	-13.8756	84.6963	
0.941949	0.0585402	-0.330612	0.161455	0.784387	0.59889	0.294387	-0.617503	0.729402	14.4616	-14.4366	85.3754	
0.940832	0.0609188	-0.333354	0.168144	0.770154	0.615297	0.294217	-0.634942	0.714342	14.7329	-15.0138	86.0408	
0.939715	0.063363	-0.336038	0.174827	0.755528	0.631358	0.293891	-0.652045	0.698903	15.004	-15.607	86.6921	
