1	0	0	0	1	0	0	0	1	0	0	0	
0.999987	-3.6156e-07	-0.00503836	-3.6156e-07	1	-0.000143522	0.00503836	0.000143522	0.999987	0.00225964	6.43675e-05	0.896966	
0.999949	-1.44695e-06	-0.010077	-1.44813e-06	1	-0.000287287	0.010077	0.000287287	0.999949	0.00903868	0.000257579	1.79391	
0.999886	-3.2575e-06	-0.0151159	-3.26221e-06	1	-0.00043129	0.0151159	0.00043129	0.999886	0.0203373	0.000579851	2.69081	
0.999797	-5.79453e-06	-0.0201548	-5.80632e-06	1	-0.000575529	0.0201548	0.00057553	0.999797	0.0361557	0.0010314	3.58764	
0.999683	-9.05933e-06	-0.0251936	-9.08292e-06	1	-0.00072	0.0251936	0.00072	0.999682	0.0564938	0.00161242	4.48437	
0.999543	-1.30532e-05	-0.0302321	-1.30945e-05	1	-0.000864698	0.0302321	0.000864698	0.999543	0.0813515	0.00232314	5.381	
0.999378	-1.77773e-05	-0.0352703	-1.78434e-05	0.999999	-0.00100962	0.0352703	0.00100962	0.999377	0.110728	0.00316374	6.27748	
0.999187	-2.3233e-05	-0.040308	-2.33321e-05	0.999999	-0.00115476	0.040308	0.00115476	0.999187	0.144624	0.00413444	7.17381	
0.998971	-2.94214e-05	-0.0453451	-2.9563e-05	0.999999	-0.00130012	0.0453451	0.00130012	0.998971	0.183038	0.00523542	8.06996	
0.99873	-3.63438e-05	-0.0503814	-3.65384e-05	0.999999	-0.00144569	0.0503814	0.00144569	0.998729	0.22597	0.00646687	8.9659	
0.998463	-4.40012e-05	-0.0554168	-4.42607e-05	0.999999	-0.00159146	0.0554168	0.00159147	0.998462	0.273419	0.007829	9.86161	
0.998171	-5.23949e-05	-0.0604512	-5.27322e-05	0.999998	-0.00173744	0.0604512	0.00173745	0.99817	0.325385	0.00932197	10.7571	
0.997854	-6.15259e-05	-0.0654844	-6.19553e-05	0.999998	-0.00188362	0.0654844	0.00188364	0.997852	0.381865	0.010946	11.6523	
0.997511	-7.13954e-05	-0.0705163	-7.19321e-05	0.999998	-0.00203	0.0705163	0.00203002	0.997509	0.442859	0.0127012	12.5471	
0.997142	-8.20044e-05	-0.0755468	-8.26649e-05	0.999998	-0.00217657	0.0755468	0.00217659	0.99714	0.508367	0.0145878	13.4417	
0.996748	-9.3354e-05	-0.0805757	-9.4156e-05	0.999997	-0.00232333	0.0805757	0.00232336	0.996746	0.578385	0.016606	14.3359	
0.996329	-0.000105445	-0.0856029	-0.000106408	0.999997	-0.00247027	0.0856029	0.00247031	0.996326	0.652914	0.0187559	15.2298	
0.995885	-0.000118279	-0.0906282	-0.000119422	0.999997	-0.00261739	0.0906282	0.00261744	0.995881	0.731951	0.0210376	16.1233	
0.995415	-0.000131857	-0.0956516	-0.000133201	0.999996	-0.00276468	0.0956516	0.00276475	0.995411	0.815495	0.0234515	17.0164	
0.99492	-0.000146179	-0.100673	-0.000147747	0.999996	-0.00291215	0.100673	0.00291223	0.994915	0.903544	0.0259975	17.909	
0.994399	-0.000161246	-0.105692	-0.000163062	0.999995	-0.00305978	0.105692	0.00305988	0.994394	0.996096	0.0286759	18.8012	
0.993853	-0.000177061	-0.110709	-0.000179149	0.999995	-0.00320758	0.110709	0.0032077	0.993848	1.09315	0.0314869	19.6929	
0.993282	-0.000193622	-0.115723	-0.000196008	0.999994	-0.00335554	0.115723	0.00335568	0.993276	1.1947	0.0344304	20.5841	
0.992685	-0.000210932	-0.120734	-0.000213643	0.999994	-0.00350365	0.120734	0.00350382	0.992679	1.30075	0.0375068	21.4747	
0.992063	-0.000228991	-0.125743	-0.000232055	0.999993	-0.00365191	0.125743	0.00365211	0.992056	1.41129	0.0407161	22.3649	
0.991415	-0.0002478	-0.130749	-0.000251247	0.999993	-0.00380032	0.130749	0.00380055	0.991408	1.52632	0.0440586	23.2544	
0.990743	-0.00026736	-0.135752	-0.00027122	0.999992	-0.00394887	0.135752	0.00394914	0.990735	1.64584	0.0475342	24.1434	
0.990045	-0.000287671	-0.140751	-0.000291976	0.999992	-0.00409756	0.140751	0.00409787	0.990036	1.76985	0.0511432	25.0317	
0.989322	-0.000308735	-0.145748	-0.000313517	0.999991	-0.00424639	0.145748	0.00424674	0.989313	1.89834	0.0548856	25.9194	
0.988573	-0.000330552	-0.150741	-0.000335846	0.99999	-0.00439534	0.150741	0.00439574	0.988564	2.03131	0.0587616	26.8065	
0.9878	-0.000353122	-0.15573	-0.000358963	0.99999	-0.00454442	0.15573	0.00454488	0.987789	2.16876	0.0627714	27.6929	
0.987001	-0.000376448	-0.160716	-0.000382871	0.999989	-0.00469362	0.160716	0.00469414	0.98699	2.31068	0.0669149	28.5785	
0.986177	-0.000400528	-0.165697	-0.000407572	0.999988	-0.00484293	0.165697	0.00484352	0.986165	2.45707	0.0711924	29.4634	
0.985327	-0.000425365	-0.170675	-0.000433068	0.999987	-0.00499236	0.170675	0.00499303	0.985315	2.60793	0.075604	30.3476	
0.984453	-0.000450958	-0.175649	-0.000459359	0.999987	-0.0051419	0.175649	0.00514264	0.984439	2.76325	0.0801497	31.231	
0.983553	-0.000477308	-0.180618	-0.000486449	0.999986	-0.00529154	0.180618	0.00529237	0.983539	2.92303	0.0848296	32.1136	
0.982628	-0.000504416	-0.185584	-0.000514338	0.999985	-0.00544128	0.185584	0.00544221	0.982613	3.08727	0.089644	32.9954	
0.981678	-0.000532282	-0.190544	-0.000543029	0.999984	-0.00559111	0.190544	0.00559215	0.981663	3.25596	0.0945927	33.8764	
0.980704	-0.000560908	-0.1955	-0.000572523	0.999983	-0.00574104	0.1955	0.00574218	0.980687	3.42909	0.099676	34.7565	
0.979703	-0.000590293	-0.200451	-0.000602822	0.999982	-0.00589105	0.200451	0.00589232	0.979686	3.60667	0.104894	35.6357	
0.978678	-0.000620438	-0.205398	-0.000633927	0.999982	-0.00604114	0.205398	0.00604254	0.97866	3.78869	0.110247	36.514	
0.977628	-0.000651343	-0.210339	-0.000665841	0.999981	-0.00619131	0.210339	0.00619285	0.977609	3.97514	0.115734	37.3913	
0.976553	-0.000683009	-0.215275	-0.000698564	0.99998	-0.00634155	0.215275	0.00634325	0.976533	4.16602	0.121356	38.2677	
0.975453	-0.000715437	-0.220206	-0.000732098	0.999979	-0.00649186	0.220206	0.00649372	0.975432	4.36133	0.127113	39.1432	
0.974328	-0.000748627	-0.225132	-0.000766445	0.999978	-0.00664224	0.225132	0.00664427	0.974306	4.56106	0.133006	40.0176	
0.973178	-0.000782579	-0.230052	-0.000801606	0.999977	-0.00679267	0.230052	0.00679489	0.973155	4.7652	0.139033	40.891	
0.972003	-0.000817293	-0.234966	-0.000837583	0.999976	-0.00694316	0.234966	0.00694558	0.971979	4.97376	0.145195	41.7634	
0.970804	-0.000852771	-0.239874	-0.000874377	0.999974	-0.0070937	0.239874	0.00709633	0.970778	5.18671	0.151493	42.6347	
0.969579	-0.000889012	-0.244777	-0.00091199	0.999973	-0.00724429	0.244777	0.00724714	0.969552	5.40407	0.157926	43.5049	
0.96833	-0.000926016	-0.249673	-0.000950423	0.999972	-0.00739491	0.249673	0.00739801	0.968302	5.62583	0.164494	44.374	
0.967056	-0.000963785	-0.254564	-0.000989677	0.999971	-0.00754557	0.254564	0.00754893	0.967027	5.85197	0.171197	45.2419	
0.965757	-0.00100232	-0.259448	-0.00102975	0.99997	-0.00769627	0.259448	0.00769989	0.965727	6.0825	0.178036	46.1087	
0.964433	-0.00104162	-0.264325	-0.00107065	0.999969	-0.00784699	0.264325	0.0078509	0.964402	6.3174	0.185011	46.9744	
0.963085	-0.00108168	-0.269196	-0.00111238	0.999967	-0.00799774	0.269196	0.00800195	0.963052	6.55668	0.19212	47.8388	
0.961712	-0.0011225	-0.27406	-0.00115493	0.999966	-0.0081485	0.27406	0.00815303	0.961678	6.80032	0.199366	48.702	
0.960314	-0.0011641	-0.278918	-0.00119831	0.999965	-0.00829928	0.278917	0.00830415	0.960279	7.04832	0.206746	49.564	
0.958892	-0.00120645	-0.283768	-0.00124252	0.999964	-0.00845006	0.283768	0.00845529	0.958856	7.30068	0.214263	50.4247	
0.957446	-0.00124958	-0.288611	-0.00128757	0.999962	-0.00860085	0.288611	0.00860645	0.957408	7.55738	0.221915	51.2841	
0.955974	-0.00129347	-0.293447	-0.00133344	0.999961	-0.00875164	0.293447	0.00875764	0.955935	7.81843	0.229702	52.1422	
0.953685	-0.00136907	-0.300803	-0.00196406	0.99994	-0.0107781	0.3008	0.0108697	0.953625	8.08494	0.238505	52.9986	
0.951339	-0.00146096	-0.308143	-0.00260904	0.999915	-0.0127957	0.308136	0.012977	0.951254	8.35804	0.2492	53.853	
0.948935	-0.00156912	-0.315468	-0.00326831	0.999885	-0.0148045	0.315455	0.0150796	0.948821	8.63771	0.261783	54.7051	
0.946473	-0.00169352	-0.322777	-0.00394183	0.999851	-0.0168045	0.322757	0.0171773	0.946326	8.92394	0.27625	55.5551	
0.943955	-0.00183414	-0.330069	-0.00462955	0.999813	-0.0187957	0.330042	0.0192704	0.94377	9.21672	0.292596	56.4027	
0.94138	-0.00199093	-0.337343	-0.00533144	0.99977	-0.0207782	0.337307	0.0213587	0.941152	9.51601	0.310818	57.2481	
0.938747	-0.00216388	-0.344599	-0.00604744	0.999723	-0.0227519	0.344553	0.0234423	0.938474	9.82182	0.33091	58.0911	
0.936059	-0.00235295	-0.351836	-0.00677753	0.999672	-0.024717	0.351779	0.0255211	0.935735	10.1341	0.35287	58.9317	
0.933313	-0.00255811	-0.359054	-0.00752165	0.999616	-0.0266734	0.358985	0.0275953	0.932935	10.4529	0.376692	59.7697	
0.930512	-0.00277934	-0.366252	-0.00827979	0.999556	-0.0286211	0.366169	0.0296648	0.930075	10.7781	0.402372	60.6053	
0.927654	-0.00301658	-0.373429	-0.00905191	0.999492	-0.0305603	0.373331	0.0317296	0.927155	11.1098	0.429907	61.4382	
0.92474	-0.00326982	-0.380584	-0.00983797	0.999424	-0.0324908	0.380471	0.0337898	0.924175	11.4478	0.459291	62.2685	
0.921771	-0.00353902	-0.387718	-0.010638	0.999351	-0.0344128	0.387588	0.0358453	0.921135	11.7923	0.490522	63.0961	
0.918747	-0.00382413	-0.394829	-0.0114518	0.999274	-0.0363263	0.394681	0.0378962	0.918036	12.1431	0.523594	63.921	
0.915667	-0.00412513	-0.401917	-0.0122796	0.999193	-0.0382313	0.40175	0.0399425	0.914878	12.5003	0.558504	64.743	
0.912532	-0.00444198	-0.408981	-0.0131212	0.999108	-0.0401278	0.408794	0.0419842	0.91166	12.8638	0.595247	65.5622	
0.909343	-0.00477463	-0.41602	-0.0139766	0.999019	-0.0420158	0.415813	0.0440213	0.908384	13.2337	0.633819	66.3784	
0.906099	-0.00512304	-0.423035	-0.0148458	0.998926	-0.0438954	0.422805	0.0460539	0.90505	13.6098	0.674217	67.1917	
0.902801	-0.00548719	-0.430024	-0.0157288	0.998828	-0.0457667	0.429771	0.0480819	0.901657	13.9921	0.716435	68.002	
0.899449	-0.00586702	-0.436986	-0.0166256	0.998727	-0.0476295	0.436709	0.0501055	0.898206	14.3808	0.760471	68.8092	
0.896044	-0.00626249	-0.443922	-0.0175362	0.998621	-0.049484	0.44362	0.0521245	0.894698	14.7756	0.80632	69.6133	
0.887816	-0.00732989	-0.460141	-0.0234413	0.997855	-0.0611243	0.459601	0.0650534	0.88574	15.1807	0.858875	70.4119	
0.879299	-0.00863254	-0.476192	-0.0295539	0.99692	-0.0726445	0.475352	0.0779496	0.876336	15.6	0.923012	71.2022	
0.870498	-0.0101698	-0.492068	-0.035871	0.995817	-0.0840389	0.490864	0.0908066	0.866491	16.0333	0.9987	71.9838	
0.861416	-0.0119408	-0.50776	-0.0423892	0.994545	-0.0953017	0.506128	0.103618	0.856211	16.4805	1.0859	72.7565	
0.852058	-0.0139448	-0.523261	-0.0491053	0.993107	-0.106427	0.521139	0.116377	0.8455	16.9412	1.18457	73.5197	
0.842429	-0.0161807	-0.538564	-0.056016	0.991502	-0.11741	0.535887	0.129078	0.834364	17.4153	1.29466	74.2731	
0.832535	-0.0186475	-0.553659	-0.0631178	0.989732	-0.128244	0.550366	0.141714	0.822809	17.9025	1.41611	75.0164	
0.822378	-0.0213437	-0.568541	-0.0704071	0.987797	-0.138925	0.564568	0.154278	0.81084	18.4026	1.54886	75.7491	
0.811966	-0.0242682	-0.5832	-0.0778803	0.985698	-0.149447	0.578486	0.166765	0.798463	18.9152	1.69285	76.4708	
0.801303	-0.0274194	-0.59763	-0.0855335	0.983436	-0.159804	0.592113	0.179168	0.785685	19.4402	1.848	77.1813	
0.790394	-0.0307957	-0.611824	-0.093363	0.981013	-0.169991	0.605443	0.191481	0.772511	19.9773	2.01424	77.8802	
0.779245	-0.0343955	-0.625775	-0.101365	0.978429	-0.180003	0.618468	0.203698	0.75895	20.5263	2.19148	78.5671	
0.767862	-0.0382169	-0.639475	-0.109535	0.975687	-0.189836	0.631182	0.215813	0.745006	21.0867	2.37963	79.2416	
0.75625	-0.0422581	-0.652917	-0.117869	0.972786	-0.199484	0.643579	0.227818	0.730688	21.6585	2.5786	79.9034	
0.744415	-0.0465169	-0.666095	-0.126363	0.96973	-0.208942	0.655652	0.23971	0.716003	22.2412	2.78829	80.5523	
0.732363	-0.0509913	-0.679003	-0.135013	0.966518	-0.218206	0.667395	0.25148	0.700957	22.8346	3.00859	81.1878	
0.7201	-0.0556789	-0.691633	-0.143814	0.963154	-0.227271	0.678803	0.263125	0.685559	23.4384	3.23939	81.8097	
0.707632	-0.0605775	-0.703979	-0.152763	0.959638	-0.236132	0.68987	0.274637	0.669817	24.0522	3.48058	82.4176	
0.694966	-0.0656846	-0.716036	-0.161853	0.955973	-0.244786	0.700589	0.286011	0.653737	24.6758	3.73203	83.0112	
