1	0	0	0	1	0	0	0	1	0	0	0	
1	-5.81732e-07	0.000255458	-5.81732e-07	0.99999	0.0045544	-0.000255458	-0.0045544	0.99999	-0.000104183	-0.00185742	0.815654	
1	-2.30909e-06	0.000508292	-2.32114e-06	0.999959	0.00910921	-0.000508292	-0.00910921	0.999958	-0.000415662	-0.00742983	1.63129	
1	-5.1583e-06	0.000758496	-5.20652e-06	0.999907	0.0136643	-0.000758496	-0.0136643	0.999906	-0.000932295	-0.0167175	2.44689	
0.999999	-9.10555e-06	0.00100607	-9.22611e-06	0.999834	0.0182196	-0.00100606	-0.0182196	0.999834	-0.00165193	-0.0297207	3.26245	
0.999999	-1.4127e-05	0.00125099	-1.43681e-05	0.999741	0.022775	-0.00125099	-0.022775	0.99974	-0.00257243	-0.0464395	4.07793	
0.999999	-2.01987e-05	0.00149328	-2.06207e-05	0.999626	0.0273305	-0.00149327	-0.0273305	0.999625	-0.00369162	-0.066874	4.89333	
0.999998	-2.72969e-05	0.00173291	-2.79721e-05	0.999492	0.0318858	-0.00173289	-0.0318858	0.99949	-0.00500734	-0.0910241	5.70863	
0.999998	-3.53974e-05	0.00196988	-3.64102e-05	0.999336	0.0364409	-0.00196986	-0.0364409	0.999334	-0.00651743	-0.11889	6.5238	
0.999998	-4.44765e-05	0.00220419	-4.59233e-05	0.999159	0.0409957	-0.00220416	-0.0409957	0.999157	-0.00821972	-0.150471	7.33885	
0.999997	-5.45099e-05	0.00243584	-5.64994e-05	0.998962	0.0455501	-0.00243579	-0.0455501	0.998959	-0.010112	-0.185766	8.15374	
0.999996	-6.54737e-05	0.00266481	-6.81264e-05	0.998744	0.0501039	-0.00266475	-0.050104	0.99874	-0.0121922	-0.224777	8.96846	
0.999996	-7.73438e-05	0.00289111	-8.07923e-05	0.998505	0.0546572	-0.00289102	-0.0546572	0.998501	-0.014458	-0.267502	9.78299	
0.999995	-9.00962e-05	0.00311473	-9.4485e-05	0.998246	0.0592098	-0.0031146	-0.0592098	0.998241	-0.0169072	-0.31394	10.5973	
0.999994	-0.000103707	0.00333567	-0.000109193	0.997965	0.0637615	-0.0033355	-0.0637615	0.99796	-0.0195378	-0.364091	11.4114	
0.999994	-0.000118151	0.00355392	-0.000124903	0.997664	0.0683123	-0.00355369	-0.0683123	0.997658	-0.0223474	-0.417955	12.2253	
0.999993	-0.000133405	0.00376948	-0.000141603	0.997342	0.0728621	-0.00376919	-0.0728621	0.997335	-0.0253339	-0.47553	13.0389	
0.999992	-0.000149445	0.00398235	-0.000159282	0.996999	0.0774108	-0.00398197	-0.0774108	0.996991	-0.028495	-0.536815	13.8523	
0.999991	-0.000166245	0.00419252	-0.000177927	0.996636	0.0819582	-0.00419204	-0.0819583	0.996627	-0.0318286	-0.601811	14.6653	
0.99999	-0.000183783	0.00439999	-0.000197526	0.996251	0.0865044	-0.0043994	-0.0865044	0.996242	-0.0353325	-0.670515	15.4781	
0.999989	-0.000202034	0.00460476	-0.000218066	0.995846	0.0910491	-0.00460403	-0.0910491	0.995836	-0.0390043	-0.742926	16.2905	
0.999988	-0.000220974	0.00480682	-0.000239536	0.995421	0.0955922	-0.00480593	-0.0955923	0.995409	-0.042842	-0.819044	17.1026	
0.999987	-0.000240577	0.00500617	-0.000261922	0.994974	0.100134	-0.0050051	-0.100134	0.994961	-0.0468432	-0.898867	17.9143	
0.999986	-0.000260821	0.00520281	-0.000285213	0.994507	0.104674	-0.00520153	-0.104674	0.994493	-0.0510057	-0.982393	18.7257	
0.999985	-0.00028168	0.00539674	-0.000309396	0.994018	0.109212	-0.00539522	-0.109212	0.994004	-0.0553274	-1.06962	19.5366	
0.999984	-0.000303131	0.00558796	-0.000334459	0.99351	0.113748	-0.00558617	-0.113748	0.993494	-0.0598059	-1.16055	20.3472	
0.999983	-0.000325148	0.00577645	-0.000360388	0.99298	0.118282	-0.00577436	-0.118282	0.992963	-0.0644391	-1.25518	21.1573	
0.999982	-0.000347708	0.00596223	-0.000387173	0.99243	0.122813	-0.0059598	-0.122814	0.992412	-0.0692246	-1.3535	21.967	
0.999981	-0.000370787	0.00614529	-0.0004148	0.991859	0.127343	-0.00614248	-0.127343	0.99184	-0.0741603	-1.45553	22.7763	
0.99998	-0.000394359	0.00632563	-0.000443257	0.991267	0.13187	-0.00632239	-0.13187	0.991247	-0.0792438	-1.56124	23.585	
0.999979	-0.000418401	0.00650324	-0.00047253	0.990654	0.136395	-0.00649953	-0.136395	0.990633	-0.084473	-1.67065	24.3933	
0.999978	-0.000442888	0.00667813	-0.000502609	0.990021	0.140917	-0.00667391	-0.140918	0.989999	-0.0898455	-1.78374	25.201	
0.999976	-0.000467795	0.0068503	-0.000533479	0.989367	0.145437	-0.0068455	-0.145437	0.989344	-0.0953591	-1.90053	26.0083	
0.999975	-0.0004931	0.00701974	-0.000565129	0.988693	0.149954	-0.00701431	-0.149954	0.988668	-0.101012	-2.021	26.815	
0.999974	-0.000518776	0.00718646	-0.000597545	0.987998	0.154468	-0.00718034	-0.154468	0.987972	-0.106801	-2.14515	27.6211	
0.999973	-0.0005448	0.00735045	-0.000630716	0.987282	0.158979	-0.00734358	-0.15898	0.987255	-0.112724	-2.27298	28.4267	
0.999972	-0.000571147	0.00751172	-0.000664627	0.986545	0.163487	-0.00750403	-0.163488	0.986517	-0.118779	-2.40449	29.2316	
0.99997	-0.000597793	0.00767026	-0.000699268	0.985788	0.167992	-0.00766168	-0.167993	0.985758	-0.124964	-2.53968	30.036	
0.999969	-0.000624713	0.00782608	-0.000734624	0.98501	0.172494	-0.00781653	-0.172494	0.98498	-0.131277	-2.67854	30.8397	
0.999968	-0.000651884	0.00797917	-0.000770683	0.984212	0.176992	-0.00796857	-0.176993	0.98418	-0.137714	-2.82107	31.6428	
0.999967	-0.00067928	0.00812953	-0.000807433	0.983393	0.181487	-0.00811781	-0.181488	0.98336	-0.144275	-2.96727	32.4452	
0.999965	-0.000706878	0.00827718	-0.00084486	0.982553	0.185978	-0.00826423	-0.185979	0.982519	-0.150956	-3.11713	33.2469	
0.999964	-0.000734653	0.0084221	-0.000882951	0.981693	0.190466	-0.00840785	-0.190467	0.981658	-0.157755	-3.27066	34.048	
0.999963	-0.000762581	0.0085643	-0.000921695	0.980813	0.19495	-0.00854864	-0.194951	0.980776	-0.16467	-3.42784	34.8483	
0.999962	-0.000790637	0.00870378	-0.000961077	0.979912	0.19943	-0.00868661	-0.199431	0.979873	-0.171699	-3.58868	35.6479	
0.999961	-0.000818798	0.00884054	-0.00100109	0.97899	0.203906	-0.00882176	-0.203907	0.978951	-0.17884	-3.75318	36.4468	
0.999959	-0.000847038	0.00897459	-0.00104171	0.978048	0.208378	-0.00895408	-0.208379	0.978007	-0.186089	-3.92132	37.2449	
0.999958	-0.000875334	0.00910592	-0.00108293	0.977085	0.212846	-0.00908357	-0.212847	0.977043	-0.193446	-4.09311	38.0422	
0.999957	-0.000903661	0.00923454	-0.00112474	0.976102	0.21731	-0.00921023	-0.217311	0.976059	-0.200906	-4.26854	38.8388	
0.999956	-0.000931996	0.00936045	-0.00116712	0.975099	0.221769	-0.00933404	-0.22177	0.975054	-0.208469	-4.44761	39.6345	
0.999955	-0.000960313	0.00948364	-0.00121007	0.974075	0.226224	-0.00945502	-0.226225	0.974029	-0.216132	-4.63031	40.4294	
0.999953	-0.000988589	0.00960414	-0.00125356	0.97303	0.230674	-0.00957316	-0.230676	0.972984	-0.223892	-4.81665	41.2234	
0.999952	-0.0010168	0.00972193	-0.00129759	0.971966	0.23512	-0.00968845	-0.235121	0.971918	-0.231748	-5.00662	42.0166	
0.999951	-0.00104492	0.00983702	-0.00134214	0.97088	0.239561	-0.00980089	-0.239562	0.970832	-0.239696	-5.20021	42.8089	
0.99995	-0.00107293	0.00994941	-0.0013872	0.969775	0.243997	-0.00991048	-0.243998	0.969725	-0.247735	-5.39742	43.6003	
0.999949	-0.0011008	0.0100591	-0.00143275	0.968649	0.248428	-0.0100172	-0.24843	0.968598	-0.255862	-5.59824	44.3908	
0.999948	-0.0011285	0.0101661	-0.00147879	0.967503	0.252854	-0.0101211	-0.252856	0.967451	-0.264075	-5.80268	45.1804	
0.99997	-0.000481682	0.00770724	-0.00150684	0.966697	0.25592	-0.00757384	-0.255924	0.966667	-0.271292	-6.01018	45.9692	
0.999986	0.000174753	0.00524359	-0.00152686	0.965878	0.258991	-0.00501941	-0.258996	0.965865	-0.276427	-6.22018	46.7573	
0.999996	0.000840786	0.00277548	-0.00153877	0.965048	0.262069	-0.00245813	-0.262072	0.965045	-0.279477	-6.43268	47.5448	
0.999999	0.0015164	0.000303227	-0.00154252	0.964206	0.265151	0.000109702	-0.265151	0.964207	-0.280435	-6.6477	48.3316	
0.999995	0.00220158	-0.00217288	-0.00153805	0.963351	0.268238	0.0026838	-0.268234	0.96335	-0.279295	-6.86523	49.1177	
0.999985	0.0028963	-0.00465254	-0.00152529	0.962485	0.27133	0.00526385	-0.271319	0.962475	-0.276054	-7.08527	49.9031	
0.999968	0.00360053	-0.00713544	-0.00150419	0.961607	0.274427	0.00784957	-0.274407	0.961582	-0.270706	-7.30784	50.6878	
0.999944	0.00431425	-0.0096213	-0.00147469	0.960717	0.277527	0.0104407	-0.277497	0.96067	-0.263247	-7.53292	51.4718	
0.999914	0.00503744	-0.0121098	-0.00143675	0.959815	0.280631	0.0130368	-0.280589	0.959739	-0.253672	-7.76052	52.255	
0.999877	0.00577005	-0.0146007	-0.00139031	0.958901	0.283738	0.0156378	-0.283682	0.958791	-0.241978	-7.99065	53.0374	
0.999833	0.00651205	-0.0170936	-0.00133533	0.957975	0.286847	0.0182433	-0.286777	0.957824	-0.22816	-8.2233	53.8191	
0.999782	0.0072634	-0.0195884	-0.00127178	0.957038	0.28996	0.0208529	-0.289872	0.956838	-0.212215	-8.45847	54.5999	
0.999724	0.00802407	-0.0220846	-0.00119961	0.956089	0.293074	0.0234665	-0.292967	0.955835	-0.194141	-8.69617	55.38	
0.999659	0.008794	-0.0245821	-0.0011188	0.955128	0.296191	0.0260838	-0.296062	0.954812	-0.173933	-8.93639	56.1592	
0.999587	0.00957316	-0.0270805	-0.0010293	0.954156	0.299308	0.0287043	-0.299157	0.953772	-0.151589	-9.17914	56.9376	
0.999509	0.0103615	-0.0295795	-0.000931086	0.953172	0.302427	0.031328	-0.302251	0.952713	-0.127106	-9.42441	57.7151	
0.999423	0.011159	-0.032079	-0.000824141	0.952177	0.305547	0.0339544	-0.305344	0.951636	-0.100482	-9.67221	58.4917	
0.99933	0.0119655	-0.0345785	-0.000708438	0.95117	0.308667	0.0365834	-0.308436	0.950541	-0.0717142	-9.92253	59.2675	
0.999231	0.012781	-0.0370779	-0.00058396	0.950152	0.311787	0.0392145	-0.311526	0.949428	-0.0408016	-10.1754	60.0423	
0.999124	0.0136055	-0.0395768	-0.000450691	0.949122	0.314907	0.0418477	-0.314613	0.948297	-0.00774209	-10.4307	60.8163	
0.99901	0.0144389	-0.0420749	-0.000308619	0.948082	0.318027	0.0444824	-0.317699	0.947148	0.0274658	-10.6886	61.5893	
0.998889	0.0152811	-0.0445721	-0.000157735	0.94703	0.321145	0.0471186	-0.320781	0.945981	0.0648234	-10.949	62.3614	
0.998761	0.0161321	-0.0470681	1.9661e-06	0.945967	0.324262	0.0497559	-0.32386	0.944796	0.104332	-11.2119	63.1325	
0.998626	0.0169917	-0.0495625	0.000170487	0.944894	0.327377	0.052394	-0.326936	0.943593	0.145991	-11.4773	63.9026	
0.998484	0.01786	-0.0520551	0.000347826	0.943809	0.330491	0.0550326	-0.330008	0.942373	0.189803	-11.7452	64.6718	
0.998335	0.0187368	-0.0545457	0.000533979	0.942714	0.333602	0.0576716	-0.333075	0.941135	0.235767	-12.0156	65.4399	
0.998179	0.019622	-0.0570339	0.000728938	0.941608	0.33671	0.0603105	-0.336138	0.93988	0.283883	-12.2886	66.2071	
0.998016	0.0205157	-0.0595196	0.000932692	0.940492	0.339815	0.0629492	-0.339196	0.938607	0.334152	-12.564	66.9732	
0.997846	0.0214176	-0.0620025	0.00114523	0.939365	0.342917	0.0655874	-0.342249	0.937317	0.386573	-12.8419	67.7382	
0.997669	0.0223277	-0.0644822	0.00136653	0.938228	0.346015	0.0682248	-0.345297	0.936011	0.441146	-13.1223	68.5022	
0.997485	0.0232459	-0.0669587	0.00159657	0.937081	0.349109	0.070861	-0.348338	0.934687	0.497869	-13.4052	69.2651	
0.997294	0.0241722	-0.0694315	0.00183533	0.935923	0.352199	0.073496	-0.351373	0.933346	0.556742	-13.6906	70.027	
0.995765	0.0305875	-0.0866974	0.00112286	0.938913	0.344152	0.091928	-0.342792	0.934903	0.624209	-13.9737	70.7889	
0.993896	0.0368429	-0.103988	0.000251776	0.941828	0.336094	0.110322	-0.334069	0.93607	0.706695	-14.2497	71.552	
0.991687	0.0429357	-0.121297	-0.000777549	0.944668	0.328028	0.12867	-0.325206	0.936848	0.804166	-14.5186	72.3159	
0.98914	0.0488635	-0.138617	-0.00196469	0.94743	0.319956	0.146964	-0.316209	0.937237	0.916581	-14.7802	73.0802	
0.986255	0.0546238	-0.155941	-0.00330916	0.950115	0.311883	0.165198	-0.30708	0.937236	1.04389	-15.0344	73.8447	
0.983034	0.0602141	-0.17326	-0.00481039	0.95272	0.303811	0.183362	-0.297823	0.936846	1.18605	-15.2811	74.609	
0.979477	0.0656323	-0.190569	-0.00646776	0.955245	0.295745	0.201451	-0.288443	0.936065	1.343	-15.5202	75.3729	
0.975587	0.0708759	-0.20786	-0.00828058	0.957689	0.287686	0.219456	-0.278942	0.934896	1.51466	-15.7516	76.1359	
0.971365	0.0759428	-0.225126	-0.0102481	0.96005	0.27964	0.237369	-0.269326	0.933338	1.70097	-15.9752	76.8979	
0.966813	0.080831	-0.242359	-0.0123695	0.962328	0.271609	0.255184	-0.259597	0.931392	1.90185	-16.1909	77.6584	
0.961933	0.0855383	-0.259553	-0.0146439	0.964522	0.263596	0.272892	-0.249761	0.929058	2.11723	-16.3987	78.4171	
