1	0	0	0	1	0	0	0	1	0	0	0	
1	-5.48757e-08	-0.000747807	-5.48757e-08	1	-0.000146764	0.000747807	0.000146764	1	0.000382968	7.51611e-05	1.02424	
0.999999	-2.20635e-07	-0.0014991	-2.20852e-07	1	-0.000294502	0.0014991	0.000294502	0.999999	0.00153365	0.000301143	2.04848	
0.999997	-4.99023e-07	-0.00225383	-4.99895e-07	1	-0.000443209	0.00225383	0.000443209	0.999997	0.00345561	0.00067894	3.07272	
0.999995	-8.91772e-07	-0.00301197	-8.93961e-07	1	-0.000592878	0.00301197	0.000592878	0.999995	0.00615233	0.00120954	4.09696	
0.999993	-1.4006e-06	-0.00377346	-1.405e-06	1	-0.000743506	0.00377346	0.000743506	0.999993	0.0096273	0.00189393	5.1212	
0.99999	-2.02722e-06	-0.00453829	-2.03496e-06	1	-0.000895087	0.00453829	0.000895087	0.999989	0.0138839	0.00273309	6.14543	
0.999986	-2.77333e-06	-0.00530639	-2.78576e-06	0.999999	-0.00104762	0.00530639	0.00104762	0.999985	0.0189256	0.00372799	7.16966	
0.999982	-3.64061e-06	-0.00607774	-3.65934e-06	0.999999	-0.00120109	0.00607774	0.00120109	0.999981	0.0247556	0.0048796	8.19389	
0.999977	-4.63073e-06	-0.00685228	-4.6576e-06	0.999999	-0.00135549	0.00685228	0.00135549	0.999976	0.0313774	0.00618887	9.21811	
0.999971	-5.74534e-06	-0.00762999	-5.78245e-06	0.999999	-0.00151083	0.00762999	0.00151083	0.99997	0.0387941	0.00765678	10.2423	
0.999965	-6.98608e-06	-0.00841082	-7.03577e-06	0.999999	-0.00166709	0.00841082	0.00166709	0.999963	0.0470089	0.00928426	11.2665	
0.999958	-8.35459e-06	-0.00919472	-8.41946e-06	0.999998	-0.00182427	0.00919472	0.00182427	0.999956	0.0560251	0.0110723	12.2907	
0.99995	-9.85246e-06	-0.00998167	-9.93537e-06	0.999998	-0.00198237	0.00998167	0.00198237	0.999948	0.0658457	0.0130217	13.3149	
0.999942	-1.14813e-05	-0.0107716	-1.15854e-05	0.999998	-0.00214137	0.0107716	0.00214137	0.99994	0.0764739	0.0151336	14.3391	
0.999933	-1.32427e-05	-0.0115645	-1.33713e-05	0.999997	-0.00230127	0.0115645	0.00230127	0.99993	0.0879127	0.0174087	15.3633	
0.999924	-1.51382e-05	-0.0123603	-1.5295e-05	0.999997	-0.00246207	0.0123603	0.00246207	0.999921	0.100165	0.0198482	16.3875	
0.999913	-1.71693e-05	-0.013159	-1.73582e-05	0.999997	-0.00262376	0.013159	0.00262376	0.99991	0.113234	0.0224527	17.4116	
0.999903	-1.93376e-05	-0.0139605	-1.95628e-05	0.999996	-0.00278633	0.0139605	0.00278633	0.999899	0.127122	0.0252233	18.4358	
0.999891	-2.16446e-05	-0.0147648	-2.19106e-05	0.999996	-0.00294977	0.0147648	0.00294978	0.999887	0.141833	0.0281609	19.4599	
0.999879	-2.40918e-05	-0.0155718	-2.44033e-05	0.999995	-0.00311409	0.0155718	0.00311409	0.999874	0.157369	0.0312664	20.484	
0.999866	-2.66806e-05	-0.0163815	-2.70427e-05	0.999995	-0.00327927	0.0163815	0.00327928	0.99986	0.173733	0.0345405	21.5081	
0.999852	-2.94125e-05	-0.0171939	-2.98305e-05	0.999994	-0.00344531	0.0171939	0.00344531	0.999846	0.190928	0.0379843	22.5322	
0.999838	-3.22889e-05	-0.0180089	-3.27685e-05	0.999993	-0.0036122	0.0180089	0.0036122	0.999831	0.208956	0.0415986	23.5563	
0.999823	-3.53113e-05	-0.0188265	-3.58582e-05	0.999993	-0.00377993	0.0188265	0.00377994	0.999816	0.22782	0.0453843	24.5803	
0.999807	-3.8481e-05	-0.0196466	-3.91016e-05	0.999992	-0.0039485	0.0196466	0.0039485	0.999799	0.247523	0.0493422	25.6044	
0.99979	-4.17994e-05	-0.0204692	-4.25001e-05	0.999992	-0.0041179	0.0204692	0.0041179	0.999782	0.268067	0.0534732	26.6284	
0.999773	-4.52679e-05	-0.0212943	-4.60554e-05	0.999991	-0.00428812	0.0212943	0.00428813	0.999764	0.289455	0.0577781	27.6524	
0.999755	-4.88877e-05	-0.0221217	-4.97692e-05	0.99999	-0.00445916	0.0221217	0.00445917	0.999745	0.31169	0.0622578	28.6764	
0.999737	-5.26603e-05	-0.0229515	-5.36431e-05	0.999989	-0.00463101	0.0229515	0.00463102	0.999726	0.334773	0.0669131	29.7004	
0.999717	-5.65868e-05	-0.0237837	-5.76786e-05	0.999988	-0.00480365	0.0237837	0.00480367	0.999706	0.358707	0.0717448	30.7243	
0.999697	-6.06685e-05	-0.024618	-6.18774e-05	0.999988	-0.0049771	0.024618	0.00497711	0.999685	0.383494	0.0767537	31.7483	
0.999676	-6.49067e-05	-0.0254547	-6.6241e-05	0.999987	-0.00515133	0.0254547	0.00515135	0.999663	0.409138	0.0819407	32.7722	
0.999654	-6.93026e-05	-0.0262935	-7.07708e-05	0.999986	-0.00532634	0.0262935	0.00532636	0.99964	0.435639	0.0873066	33.7961	
0.999632	-7.38574e-05	-0.0271344	-7.54684e-05	0.999985	-0.00550213	0.0271344	0.00550215	0.999617	0.463	0.0928521	34.8199	
0.999609	-7.85722e-05	-0.0279774	-8.03353e-05	0.999984	-0.00567868	0.0279774	0.0056787	0.999592	0.491224	0.098578	35.8438	
0.999585	-8.34481e-05	-0.0288225	-8.5373e-05	0.999983	-0.00585598	0.0288225	0.00585601	0.999567	0.520313	0.104485	36.8676	
0.99956	-8.84864e-05	-0.0296696	-9.05828e-05	0.999982	-0.00603404	0.0296696	0.00603407	0.999542	0.550268	0.110574	37.8914	
0.999534	-9.3688e-05	-0.0305187	-9.59661e-05	0.999981	-0.00621284	0.0305187	0.00621287	0.999515	0.581092	0.116846	38.9151	
0.999508	-9.90541e-05	-0.0313696	-0.000101524	0.99998	-0.00639237	0.0313696	0.00639241	0.999487	0.612786	0.123302	39.9389	
0.999481	-0.000104586	-0.0322225	-0.000107259	0.999978	-0.00657263	0.0322225	0.00657267	0.999459	0.645353	0.129941	40.9626	
0.999453	-0.000110284	-0.0330772	-0.000113171	0.999977	-0.00675361	0.0330772	0.00675366	0.99943	0.678794	0.136766	41.9862	
0.999424	-0.000116149	-0.0339336	-0.000119262	0.999976	-0.0069353	0.0339336	0.00693535	0.9994	0.713112	0.143777	43.0099	
0.999395	-0.000122183	-0.0347918	-0.000125534	0.999975	-0.00711769	0.0347918	0.00711775	0.999369	0.748308	0.150973	44.0335	
0.999364	-0.000128386	-0.0356517	-0.000131986	0.999973	-0.00730078	0.0356517	0.00730084	0.999338	0.784383	0.158357	45.0571	
0.999333	-0.00013476	-0.0365133	-0.000138622	0.999972	-0.00748455	0.0365133	0.00748462	0.999305	0.82134	0.165929	46.0806	
0.999301	-0.000141304	-0.0373764	-0.000145441	0.999971	-0.007669	0.0373764	0.00766908	0.999272	0.859181	0.17369	47.1041	
0.999269	-0.000148021	-0.0382412	-0.000152446	0.999969	-0.00785412	0.0382411	0.00785421	0.999238	0.897906	0.18164	48.1276	
0.999235	-0.00015491	-0.0391074	-0.000159636	0.999968	-0.00803991	0.0391074	0.00804	0.999203	0.937518	0.18978	49.151	
0.999201	-0.000161973	-0.0399751	-0.000167014	0.999966	-0.00822634	0.0399751	0.00822644	0.999167	0.978018	0.19811	50.1745	
0.999166	-0.000169211	-0.0408442	-0.00017458	0.999965	-0.00841342	0.0408442	0.00841353	0.99913	1.01941	0.206632	51.1978	
0.99913	-0.000176623	-0.0417147	-0.000182336	0.999963	-0.00860113	0.0417147	0.00860125	0.999093	1.06169	0.215345	52.2212	
0.999093	-0.000184211	-0.0425866	-0.000190282	0.999961	-0.00878948	0.0425865	0.00878961	0.999054	1.10486	0.224251	53.2445	
0.999055	-0.000191976	-0.0434597	-0.00019842	0.99996	-0.00897844	0.0434597	0.00897858	0.999015	1.14893	0.233351	54.2677	
0.999017	-0.000199917	-0.0443341	-0.00020675	0.999958	-0.00916801	0.044334	0.00916816	0.998975	1.19389	0.242644	55.2909	
0.998978	-0.000208036	-0.0452096	-0.000215273	0.999956	-0.00935818	0.0452096	0.00935834	0.998934	1.23974	0.252132	56.3141	
0.998937	-0.000216334	-0.0460864	-0.00022399	0.999954	-0.00954894	0.0460863	0.00954912	0.998892	1.2865	0.261815	57.3372	
0.998897	-0.00022481	-0.0469642	-0.000232903	0.999953	-0.00974028	0.0469642	0.00974048	0.998849	1.33415	0.271694	58.3603	
0.998855	-0.000233465	-0.0478431	-0.000242011	0.999951	-0.0099322	0.047843	0.00993241	0.998805	1.3827	0.281768	59.3833	
0.998812	-0.0002423	-0.048723	-0.000251316	0.999949	-0.0101247	0.048723	0.0101249	0.998761	1.43216	0.29204	60.4063	
0.998769	-0.000251315	-0.0496039	-0.000260818	0.999947	-0.0103177	0.0496038	0.010318	0.998716	1.48251	0.30251	61.4293	
0.998725	-0.000260511	-0.0504857	-0.000270519	0.999945	-0.0105113	0.0504856	0.0105116	0.998669	1.53377	0.313177	62.4522	
0.99868	-0.000269888	-0.0513684	-0.000280419	0.999943	-0.0107054	0.0513683	0.0107057	0.998622	1.58593	0.324043	63.4751	
0.998634	-0.000279446	-0.0522519	-0.000290518	0.999941	-0.0109001	0.0522518	0.0109004	0.998574	1.639	0.335107	64.4979	
0.998587	-0.000289186	-0.0531362	-0.000300817	0.999938	-0.0110953	0.0531361	0.0110956	0.998526	1.69297	0.346372	65.5206	
0.998473	-0.000309026	-0.0552409	-0.000118418	0.99997	-0.00773437	0.0552417	0.0077291	0.998443	1.74847	0.356013	66.5433	
0.998354	-0.000321778	-0.0573466	7.10324e-05	0.99999	-0.00437444	0.0573474	0.00436317	0.998345	1.80613	0.362205	67.5659	
0.998231	-0.000327433	-0.059453	0.000267533	0.999999	-0.00101548	0.0594533	0.000997779	0.998231	1.86595	0.364951	68.5884	
0.998103	-0.000325988	-0.0615599	0.000471085	0.999997	0.00234251	0.0615589	-0.00236706	0.998101	1.92792	0.36425	69.6108	
0.997971	-0.000317439	-0.0636671	0.000681688	0.999984	0.00569951	0.0636642	-0.00573135	0.997955	1.99205	0.360102	70.633	
0.997834	-0.000301784	-0.0657744	0.00089934	0.999959	0.00905553	0.0657689	-0.00909507	0.997793	2.05834	0.352509	71.6551	
0.997253	-0.000125501	-0.0740658	0.0025922	0.999445	0.033209	0.0740205	-0.0333098	0.9967	2.12993	0.330792	72.6765	
0.996604	0.00025202	-0.0823454	0.00448433	0.998345	0.057328	0.0822236	-0.0575026	0.994954	2.20995	0.284282	73.6966	
0.995886	0.000830529	-0.0906077	0.00657448	0.99666	0.0813969	0.0903727	-0.0816577	0.992555	2.29834	0.213011	74.7145	
0.995101	0.00160965	-0.0988475	0.00886129	0.99439	0.1054	0.0984626	-0.105759	0.989505	2.39506	0.117026	75.7296	
0.994249	0.00258887	-0.107059	0.0113432	0.991538	0.129321	0.106488	-0.129792	0.985806	2.50002	-0.0036114	76.7412	
0.993331	0.00376755	-0.115237	0.0140187	0.988104	0.153145	0.114443	-0.153739	0.981462	2.61317	-0.148821	77.7488	
0.992347	0.00514491	-0.123377	0.016886	0.984092	0.176855	0.122324	-0.177585	0.976473	2.73443	-0.318509	78.7515	
0.991297	0.00672005	-0.131472	0.0199432	0.979503	0.200438	0.130124	-0.201315	0.970845	2.86372	-0.512562	79.7488	
0.990183	0.00849194	-0.139518	0.0231882	0.974342	0.223876	0.137839	-0.224913	0.96458	3.00096	-0.730854	80.7401	
0.989005	0.0104594	-0.147509	0.0266191	0.96861	0.247154	0.145464	-0.248364	0.957683	3.14605	-0.973243	81.7245	
0.987765	0.0126212	-0.15544	0.0302334	0.962313	0.270258	0.152993	-0.271651	0.950157	3.29891	-1.23957	82.7016	
0.986462	0.0149759	-0.163306	0.0340289	0.955454	0.293173	0.160422	-0.294761	0.942009	3.45942	-1.52966	83.6707	
0.985098	0.0175219	-0.171102	0.038003	0.948037	0.315882	0.167746	-0.317677	0.933243	3.62749	-1.84331	84.6311	
0.983673	0.0202575	-0.178822	0.0421532	0.940068	0.338372	0.17496	-0.340385	0.923865	3.80301	-2.18034	85.5822	
0.982189	0.023181	-0.186462	0.0464767	0.931551	0.360627	0.182059	-0.36287	0.913882	3.98586	-2.54051	86.5234	
0.980646	0.0262905	-0.194016	0.0509707	0.922493	0.382633	0.189038	-0.385117	0.903299	4.17591	-2.92359	87.4541	
0.979046	0.0295839	-0.20148	0.0556323	0.912899	0.404376	0.195894	-0.407111	0.892124	4.37306	-3.32933	88.3736	
0.977389	0.0330591	-0.208849	0.0604583	0.902776	0.425841	0.202621	-0.428839	0.880365	4.57716	-3.75746	89.2814	
0.975677	0.0367138	-0.216117	0.0654457	0.89213	0.447014	0.209216	-0.450285	0.868028	4.78808	-4.20771	90.1768	
0.973911	0.0405455	-0.22328	0.0705911	0.880968	0.467881	0.215673	-0.471436	0.855122	5.00569	-4.67976	91.0594	
0.972091	0.0445518	-0.230334	0.0758912	0.869297	0.488429	0.221989	-0.492278	0.841655	5.22983	-5.17333	91.9284	
0.97022	0.04873	-0.237274	0.0813426	0.857125	0.508645	0.228159	-0.512798	0.827636	5.46038	-5.68808	92.7833	
0.968298	0.0530775	-0.244094	0.0869415	0.844461	0.528514	0.23418	-0.532981	0.813075	5.69716	-6.22367	93.6236	
0.966326	0.0575913	-0.250792	0.0926844	0.831312	0.548024	0.240047	-0.552814	0.797981	5.94004	-6.77976	94.4487	
0.964307	0.0622685	-0.257361	0.0985676	0.817687	0.567162	0.245757	-0.572286	0.782363	6.18884	-7.35598	95.258	
0.962241	0.067106	-0.263799	0.104587	0.803595	0.585915	0.251306	-0.591382	0.766233	6.44341	-7.95195	96.0512	
0.960129	0.0721007	-0.270101	0.110739	0.789045	0.604272	0.25669	-0.61009	0.7496	6.70358	-8.56729	96.8275	
0.957973	0.0772493	-0.276262	0.117019	0.774047	0.62222	0.261906	-0.628398	0.732476	6.96918	-9.20158	97.5865	
0.955774	0.0825484	-0.282279	0.123424	0.75861	0.639748	0.26695	-0.646294	0.714872	7.24004	-9.85441	98.3278	
