1	0	0	0	1	0	0	0	1	0	0	0	
0.999996	6.83558e-06	-0.00294192	6.83558e-06	0.999989	0.00464698	0.00294192	-0.00464698	0.999985	0.00143382	-0.00226482	0.974743	
0.999983	2.73448e-05	-0.00588414	2.73429e-05	0.999957	0.0092938	0.00588414	-0.0092938	0.999939	0.00573542	-0.00905921	1.94946	
0.999961	6.15304e-05	-0.00882656	6.15231e-05	0.999903	0.0139403	0.00882656	-0.0139403	0.999864	0.0129051	-0.0203829	2.92411	
0.999931	0.000109395	-0.0117691	0.000109377	0.999827	0.0185864	0.0117691	-0.0185864	0.999758	0.0229429	-0.0362356	3.89868	
0.999892	0.00017094	-0.0147116	0.000170903	0.99973	0.0232319	0.0147116	-0.0232319	0.999622	0.0358489	-0.0566168	4.87312	
0.999844	0.000246167	-0.0176541	0.000246103	0.999611	0.0278766	0.0176541	-0.0278766	0.999455	0.0516232	-0.0815258	5.84742	
0.999788	0.000335078	-0.0205964	0.000334976	0.999471	0.0325205	0.0205964	-0.0325205	0.999259	0.0702655	-0.110962	6.82155	
0.999723	0.000437673	-0.0235385	0.000437519	0.999309	0.0371633	0.0235385	-0.0371633	0.999032	0.0917758	-0.144924	7.79546	
0.999649	0.000553951	-0.0264802	0.000553731	0.999126	0.041805	0.0264802	-0.041805	0.998775	0.116154	-0.183411	8.76914	
0.999567	0.000683913	-0.0294215	0.000683611	0.998921	0.0464453	0.0294215	-0.0464453	0.998487	0.143399	-0.226422	9.74256	
0.999476	0.000827557	-0.0323622	0.000827155	0.998694	0.0510842	0.0323622	-0.0510842	0.99817	0.173511	-0.273956	10.7157	
0.999376	0.000984883	-0.0353023	0.00098436	0.998446	0.0557215	0.0353023	-0.0557215	0.997822	0.206489	-0.32601	11.6885	
0.999268	0.00115589	-0.0382417	0.00115522	0.998176	0.0603571	0.0382417	-0.0603571	0.997444	0.242332	-0.382584	12.6609	
0.999151	0.00134057	-0.0411803	0.00133974	0.997885	0.0649907	0.0411804	-0.0649907	0.997036	0.28104	-0.443675	13.633	
0.999025	0.00153893	-0.044118	0.00153791	0.997572	0.0696224	0.0441181	-0.0696223	0.996597	0.322613	-0.509282	14.6046	
0.998891	0.00175096	-0.0470548	0.00174972	0.997238	0.0742518	0.0470548	-0.0742518	0.996129	0.367048	-0.579403	15.5758	
0.998748	0.00197666	-0.0499904	0.00197517	0.996882	0.078879	0.0499905	-0.0788789	0.99563	0.414346	-0.654035	16.5466	
0.998596	0.00221602	-0.0529249	0.00221425	0.996505	0.0835036	0.0529249	-0.0835036	0.995101	0.464504	-0.733176	17.5168	
0.998436	0.00246905	-0.0558581	0.00246696	0.996106	0.0881257	0.0558582	-0.0881256	0.994542	0.517522	-0.816824	18.4865	
0.998267	0.00273572	-0.0587899	0.00273329	0.995686	0.092745	0.0587901	-0.092745	0.993953	0.573399	-0.904976	19.4556	
0.998089	0.00301605	-0.0617204	0.00301324	0.995245	0.0973615	0.0617205	-0.0973614	0.993333	0.632133	-0.997629	20.4242	
0.997903	0.00331002	-0.0646492	0.00330679	0.994781	0.101975	0.0646494	-0.101975	0.992684	0.693722	-1.09478	21.3921	
0.997708	0.00361763	-0.0675765	0.00361393	0.994297	0.106585	0.0675767	-0.106585	0.992005	0.758166	-1.19643	22.3594	
0.997504	0.00393887	-0.070502	0.00393467	0.993791	0.111192	0.0705023	-0.111192	0.991295	0.825462	-1.30257	23.326	
0.997292	0.00427373	-0.0734258	0.00426898	0.993264	0.115795	0.073426	-0.115795	0.990555	0.895609	-1.41319	24.2919	
0.997071	0.00462221	-0.0763476	0.00461687	0.992715	0.120395	0.0763479	-0.120395	0.989786	0.968605	-1.52831	25.2571	
0.996841	0.0049843	-0.0792674	0.00497832	0.992145	0.124991	0.0792678	-0.124991	0.988986	1.04445	-1.6479	26.2215	
0.996603	0.00535999	-0.0821852	0.00535332	0.991554	0.129584	0.0821856	-0.129583	0.988157	1.12314	-1.77198	27.1851	
0.996356	0.00574926	-0.0851008	0.00574186	0.990941	0.134172	0.0851013	-0.134171	0.987297	1.20467	-1.90052	28.1479	
0.9961	0.00615212	-0.0880141	0.00614392	0.990308	0.138756	0.0880147	-0.138755	0.986408	1.28904	-2.03354	29.1098	
0.995836	0.00656855	-0.0909251	0.00655951	0.989652	0.143335	0.0909257	-0.143335	0.985489	1.37625	-2.17102	30.0709	
0.995563	0.00699854	-0.0938336	0.0069886	0.988976	0.147911	0.0938344	-0.14791	0.984539	1.4663	-2.31297	31.031	
0.995282	0.00744208	-0.0967396	0.00743118	0.988278	0.152481	0.0967404	-0.152481	0.98356	1.55918	-2.45937	31.9902	
0.994992	0.00789916	-0.099643	0.00788724	0.98756	0.157047	0.0996439	-0.157046	0.982552	1.65489	-2.61023	32.9485	
0.994693	0.00836977	-0.102544	0.00835676	0.98682	0.161608	0.102545	-0.161607	0.981513	1.75344	-2.76553	33.9057	
0.994386	0.00885389	-0.105441	0.00883974	0.986059	0.166164	0.105443	-0.166163	0.980445	1.8548	-2.92528	34.8619	
0.99407	0.00935152	-0.108336	0.00933616	0.985276	0.170715	0.108338	-0.170714	0.979347	1.95899	-3.08946	35.8171	
0.993746	0.00986263	-0.111228	0.009846	0.984473	0.17526	0.11123	-0.175259	0.978219	2.06601	-3.25808	36.7711	
0.993413	0.0103872	-0.114117	0.0103692	0.983648	0.1798	0.114119	-0.179799	0.977061	2.17584	-3.43113	37.7241	
0.993071	0.0109253	-0.117003	0.0109059	0.982803	0.184335	0.117005	-0.184334	0.975874	2.28848	-3.6086	38.6759	
0.992721	0.0114768	-0.119885	0.0114559	0.981937	0.188864	0.119887	-0.188862	0.974658	2.40393	-3.79049	39.6265	
0.992363	0.0120417	-0.122765	0.0120193	0.981049	0.193386	0.122767	-0.193385	0.973412	2.5222	-3.97678	40.576	
0.991996	0.0126201	-0.12564	0.012596	0.980141	0.197903	0.125643	-0.197902	0.972136	2.64327	-4.16749	41.5242	
0.99162	0.0132118	-0.128512	0.013186	0.979211	0.202414	0.128515	-0.202412	0.970831	2.76714	-4.36259	42.4711	
0.991236	0.013817	-0.131381	0.0137894	0.978261	0.206919	0.131384	-0.206917	0.969497	2.8938	-4.56209	43.4168	
0.990843	0.0144355	-0.134246	0.014406	0.97729	0.211417	0.134249	-0.211415	0.968133	3.02327	-4.76597	44.3612	
0.990442	0.0150673	-0.137107	0.015036	0.976298	0.215908	0.13711	-0.215906	0.96674	3.15552	-4.97424	45.3042	
0.990032	0.0157125	-0.139964	0.0156791	0.975285	0.220393	0.139968	-0.22039	0.965317	3.29056	-5.18688	46.2458	
0.989614	0.016371	-0.142817	0.0163355	0.974252	0.224871	0.142821	-0.224868	0.963865	3.42839	-5.40388	47.186	
0.989187	0.0170429	-0.145666	0.0170051	0.973197	0.229342	0.14567	-0.229339	0.962384	3.56899	-5.62525	48.1249	
0.988752	0.0177279	-0.148511	0.0176879	0.972122	0.233806	0.148516	-0.233803	0.960874	3.71237	-5.85098	49.0622	
0.988308	0.0184263	-0.151352	0.0183839	0.971027	0.238262	0.151357	-0.238259	0.959335	3.85852	-6.08105	49.9981	
0.987856	0.0191379	-0.154188	0.019093	0.969911	0.242711	0.154194	-0.242708	0.957767	4.00744	-6.31546	50.9324	
0.987396	0.0198627	-0.15702	0.0198153	0.968774	0.247153	0.157026	-0.247149	0.956169	4.15912	-6.5542	51.8652	
0.986927	0.0206007	-0.159847	0.0205506	0.967616	0.251587	0.159854	-0.251583	0.954543	4.31356	-6.79727	52.7964	
0.986449	0.0213519	-0.16267	0.0212991	0.966439	0.256013	0.162677	-0.256009	0.952888	4.47075	-7.04466	53.7261	
0.985964	0.0221163	-0.165489	0.0220606	0.96524	0.260432	0.165496	-0.260427	0.951204	4.63069	-7.29636	54.6541	
0.98547	0.0228938	-0.168302	0.0228351	0.964021	0.264842	0.16831	-0.264837	0.949491	4.79338	-7.55236	55.5804	
0.984967	0.0236844	-0.17111	0.0236227	0.962782	0.269244	0.171119	-0.269238	0.947749	4.95881	-7.81265	56.5051	
0.984456	0.0244881	-0.173914	0.0244232	0.961523	0.273638	0.173923	-0.273632	0.945979	5.12698	-8.07724	57.4281	
0.983937	0.0253048	-0.176713	0.0252367	0.960243	0.278023	0.176722	-0.278017	0.94418	5.29787	-8.34609	58.3493	
0.98341	0.0261346	-0.179506	0.0260631	0.958943	0.282399	0.179516	-0.282393	0.942352	5.47149	-8.61922	59.2687	
0.982874	0.0269775	-0.182294	0.0269025	0.957623	0.286767	0.182305	-0.28676	0.940496	5.64784	-8.89661	60.1864	
0.982964	0.0268342	-0.181828	0.027576	0.956555	0.290245	0.181717	-0.290315	0.939519	5.82525	-9.17787	61.1027	
0.983054	0.0266891	-0.181361	0.0282478	0.955473	0.293723	0.181125	-0.293869	0.938528	6.00209	-9.46258	62.018	
0.983144	0.0265422	-0.180895	0.0289179	0.954378	0.297199	0.18053	-0.29742	0.937523	6.17835	-9.75076	62.9323	
0.983234	0.0263935	-0.180429	0.0295861	0.953268	0.300673	0.179933	-0.30097	0.936505	6.35403	-10.0424	63.8457	
0.983323	0.026243	-0.179964	0.0302524	0.952145	0.304145	0.179334	-0.304517	0.935473	6.52913	-10.3375	64.758	
0.983412	0.026091	-0.1795	0.0309167	0.951009	0.307614	0.178732	-0.30806	0.934427	6.70364	-10.6361	65.6694	
0.9835	0.0259373	-0.179037	0.0315788	0.949859	0.311079	0.178128	-0.3116	0.933368	6.87757	-10.9381	66.5797	
0.983589	0.0257821	-0.178575	0.0322387	0.948696	0.314541	0.177523	-0.315136	0.932296	7.0509	-11.2435	67.4889	
0.983676	0.0256255	-0.178114	0.0328963	0.947521	0.317998	0.176916	-0.318666	0.93121	7.22365	-11.5524	68.3972	
0.983763	0.0254676	-0.177655	0.0335514	0.946332	0.32145	0.176308	-0.322192	0.930112	7.3958	-11.8648	69.3043	
0.987644	0.0179456	-0.155686	0.0325154	0.94834	0.315585	0.153307	-0.316748	0.936038	7.55645	-12.1762	70.2139	
0.990981	0.010554	-0.133584	0.0316243	0.950313	0.309684	0.130215	-0.311116	0.941409	7.69464	-12.4822	71.129	
0.993775	0.00329719	-0.111361	0.0308786	0.952251	0.303751	0.107045	-0.305299	0.946221	7.81028	-12.7826	72.049	
0.996021	-0.00382053	-0.0890322	0.0302787	0.954151	0.29779	0.0838125	-0.299301	0.950471	7.9033	-13.0773	72.9734	
0.997721	-0.0107949	-0.0666098	0.0298251	0.956013	0.291804	0.0605299	-0.293125	0.954156	7.97365	-13.3661	73.9017	
0.998871	-0.0176219	-0.0441073	0.0295179	0.957836	0.285796	0.0372113	-0.286775	0.957275	8.02129	-13.6487	74.8334	
0.999473	-0.0242973	-0.021538	0.0293573	0.959618	0.27977	0.0138706	-0.280255	0.959825	8.04619	-13.9251	75.7678	
0.999524	-0.0308172	0.00108457	0.0293435	0.961359	0.273731	-0.00947829	-0.273569	0.961806	8.04833	-14.195	76.7043	
0.999026	-0.0371779	0.0237471	0.0294765	0.963057	0.26768	-0.0328216	-0.26672	0.963215	8.02771	-14.4583	77.6426	
0.997979	-0.0433753	0.046436	0.0297561	0.964711	0.261623	-0.0561454	-0.259712	0.964052	7.98435	-14.7149	78.5819	
0.996383	-0.049406	0.069138	0.0301822	0.966321	0.255562	-0.0794358	-0.252551	0.964317	7.91827	-14.9646	79.5218	
0.994239	-0.0552663	0.0918394	0.0307546	0.967886	0.249501	-0.102679	-0.245239	0.96401	7.82951	-15.2072	80.4617	
0.991548	-0.0609527	0.114527	0.0314729	0.969404	0.243444	-0.125861	-0.237782	0.96313	7.71812	-15.4426	81.401	
0.988313	-0.0664619	0.137187	0.0323367	0.970875	0.237394	-0.148969	-0.230184	0.961678	7.58417	-15.6707	82.3391	
0.984534	-0.0717905	0.159806	0.0333455	0.972298	0.231355	-0.171988	-0.222449	0.959654	7.42773	-15.8913	83.2756	
0.980215	-0.0769355	0.182371	0.0344987	0.973671	0.225331	-0.194905	-0.214581	0.957062	7.24891	-16.1043	84.2098	
0.975358	-0.0818938	0.204868	0.0357955	0.974995	0.219325	-0.217706	-0.206587	0.9539	7.0478	-16.3096	85.1412	
0.969965	-0.0866623	0.227284	0.0372353	0.976268	0.21334	-0.240378	-0.19847	0.950173	6.82453	-16.507	86.0692	
0.96404	-0.0912384	0.249605	0.0388171	0.97749	0.207381	-0.262908	-0.190235	0.945881	6.57923	-16.6965	86.9934	
0.957586	-0.0956192	0.271819	0.0405401	0.978659	0.20145	-0.285281	-0.181887	0.941027	6.31205	-16.8779	87.913	
0.950608	-0.0998023	0.293912	0.0424032	0.979776	0.195552	-0.307484	-0.173431	0.935615	6.02314	-17.0511	88.8277	
0.943109	-0.103785	0.315871	0.0444053	0.980839	0.189689	-0.329506	-0.164871	0.929647	5.71267	-17.2159	89.7368	
0.935094	-0.107565	0.337683	0.0465452	0.981849	0.183866	-0.351331	-0.156215	0.923127	5.38083	-17.3724	90.6399	
0.926567	-0.11114	0.359335	0.0488216	0.982803	0.178086	-0.372948	-0.147465	0.916059	5.02782	-17.5204	91.5363	
0.917534	-0.114508	0.380814	0.0512332	0.983702	0.172351	-0.394343	-0.138628	0.908447	4.65384	-17.6599	92.4255	
0.908	-0.117667	0.402108	0.0537786	0.984546	0.166666	-0.415505	-0.129708	0.900295	4.25912	-17.7907	93.3071	
