1	0	0	0	1	0	0	0	1	0	0	0	
0.999995	4.51535e-06	-0.00311673	4.51535e-06	0.999996	0.00289748	0.00311673	-0.00289748	0.999991	0.00137577	-0.00127899	0.882826	
0.999981	1.80721e-05	-0.00623494	1.80759e-05	0.999983	0.00579755	0.00623494	-0.00579755	0.999964	0.00550374	-0.0051171	1.76564	
0.999956	4.06868e-05	-0.00935453	4.0702e-05	0.999962	0.00870012	0.00935453	-0.00870012	0.999918	0.0123852	-0.0115166	2.64841	
0.999922	7.23755e-05	-0.0124754	7.24136e-05	0.999933	0.0116051	0.0124754	-0.0116051	0.999855	0.0220212	-0.0204796	3.53114	
0.999878	0.000113154	-0.0155975	0.00011323	0.999895	0.0145124	0.0155975	-0.0145124	0.999773	0.034413	-0.0320083	4.41381	
0.999825	0.000163036	-0.0187207	0.000163169	0.999848	0.017422	0.0187207	-0.017422	0.999673	0.0495616	-0.0461046	5.29639	
0.999761	0.000222036	-0.0218448	0.00022225	0.999793	0.0203337	0.0218448	-0.0203337	0.999555	0.0674678	-0.0627706	6.17888	
0.999688	0.000290169	-0.0249699	0.000290489	0.99973	0.0232475	0.0249699	-0.0232475	0.999418	0.0881325	-0.082008	7.06126	
0.999605	0.000367447	-0.0280958	0.000367904	0.999658	0.0261633	0.0280958	-0.0261633	0.999263	0.111556	-0.103819	7.9435	
0.999512	0.000453882	-0.0312224	0.000454512	0.999577	0.029081	0.0312224	-0.029081	0.999089	0.13774	-0.128204	8.82561	
0.99941	0.000549486	-0.0343497	0.000550327	0.999488	0.0320005	0.0343497	-0.0320005	0.998897	0.166685	-0.155167	9.70755	
0.999297	0.000654272	-0.0374774	0.000655365	0.99939	0.0349217	0.0374774	-0.0349217	0.998687	0.19839	-0.184707	10.5893	
0.999175	0.000768249	-0.0406057	0.000769641	0.999283	0.0378446	0.0406056	-0.0378446	0.998458	0.232857	-0.216827	11.4709	
0.999043	0.000891427	-0.0437342	0.000893168	0.999168	0.040769	0.0437342	-0.040769	0.998211	0.270086	-0.251529	12.3522	
0.998901	0.00102382	-0.046863	0.00102596	0.999044	0.0436948	0.046863	-0.0436949	0.997945	0.310077	-0.288812	13.2334	
0.998749	0.00116543	-0.049992	0.00116803	0.998912	0.0466221	0.0499919	-0.0466221	0.997661	0.35283	-0.328679	14.1143	
0.998587	0.00131627	-0.053121	0.00131939	0.998771	0.0495506	0.0531209	-0.0495507	0.997358	0.398346	-0.371131	14.9949	
0.998416	0.00147634	-0.05625	0.00148006	0.998621	0.0524803	0.0562499	-0.0524804	0.997036	0.446624	-0.41617	15.8752	
0.998234	0.00164566	-0.0593788	0.00165003	0.998462	0.0554111	0.0593787	-0.0554113	0.996696	0.497664	-0.463795	16.7553	
0.998043	0.00182423	-0.0625074	0.00182933	0.998295	0.058343	0.0625073	-0.0583432	0.996338	0.551466	-0.514007	17.6351	
0.997842	0.00201206	-0.0656358	0.00201797	0.998119	0.0612758	0.0656356	-0.061276	0.99596	0.60803	-0.566809	18.5145	
0.997631	0.00220915	-0.0687637	0.00221595	0.997934	0.0642094	0.0687634	-0.0642097	0.995565	0.667356	-0.6222	19.3936	
0.99741	0.0024155	-0.0718911	0.00242328	0.99774	0.0671438	0.0718908	-0.0671441	0.99515	0.729443	-0.680182	20.2723	
0.997179	0.00263113	-0.0750179	0.00263997	0.997538	0.0700789	0.0750176	-0.0700793	0.994717	0.794291	-0.740754	21.1507	
0.996938	0.00285603	-0.078144	0.00286603	0.997327	0.0730146	0.0781436	-0.073015	0.994265	0.861898	-0.803918	22.0286	
0.996687	0.00309022	-0.0812694	0.00310147	0.997107	0.0759508	0.0812689	-0.0759512	0.993794	0.932265	-0.869674	22.9062	
0.996427	0.00333368	-0.0843938	0.00334629	0.996878	0.0788873	0.0843933	-0.0788879	0.993305	1.00539	-0.938022	23.7833	
0.996157	0.00358643	-0.0875173	0.00360049	0.99664	0.0818242	0.0875167	-0.0818249	0.992797	1.08127	-1.00896	24.66	
0.995876	0.00384847	-0.0906398	0.0038641	0.996394	0.0847614	0.0906391	-0.0847621	0.99227	1.15992	-1.0825	25.5363	
0.995586	0.00411979	-0.0937611	0.0041371	0.996138	0.0876987	0.0937603	-0.0876995	0.991725	1.24131	-1.15862	26.412	
0.995286	0.0044004	-0.0968811	0.0044195	0.995874	0.090636	0.0968802	-0.090637	0.991161	1.32546	-1.23734	27.2873	
0.994976	0.0046903	-0.0999998	0.00471132	0.995601	0.0935734	0.0999988	-0.0935744	0.990578	1.41237	-1.31866	28.1621	
0.994657	0.00498949	-0.103117	0.00501254	0.995319	0.0965106	0.103116	-0.0965118	0.989976	1.50203	-1.40257	29.0363	
0.994327	0.00529796	-0.106233	0.00532318	0.995029	0.0994476	0.106232	-0.099449	0.989356	1.59444	-1.48907	29.91	
0.993988	0.00561571	-0.109347	0.00564324	0.994729	0.102384	0.109346	-0.102386	0.988717	1.68959	-1.57816	30.7832	
0.993639	0.00594275	-0.112459	0.00597271	0.99442	0.105321	0.112458	-0.105322	0.988059	1.7875	-1.66984	31.6558	
0.993279	0.00627907	-0.11557	0.00631161	0.994103	0.108257	0.115568	-0.108259	0.987382	1.88816	-1.76412	32.5277	
0.992911	0.00662466	-0.118679	0.00665992	0.993777	0.111192	0.118677	-0.111194	0.986687	1.99156	-1.86099	33.3991	
0.992532	0.00697953	-0.121786	0.00701765	0.993441	0.114127	0.121784	-0.114129	0.985973	2.0977	-1.96045	34.2699	
0.992143	0.00734367	-0.12489	0.0073848	0.993097	0.117061	0.124888	-0.117063	0.985241	2.20658	-2.0625	35.14	
0.991745	0.00771707	-0.127993	0.00776137	0.992744	0.119994	0.12799	-0.119997	0.984489	2.31821	-2.16715	36.0095	
0.991337	0.00809972	-0.131093	0.00814736	0.992382	0.122926	0.13109	-0.122929	0.983719	2.43257	-2.27438	36.8783	
0.990919	0.00849163	-0.134191	0.00854276	0.992012	0.125858	0.134188	-0.125861	0.982931	2.54967	-2.3842	37.7464	
0.990491	0.00889279	-0.137287	0.00894757	0.991632	0.128788	0.137283	-0.128792	0.982123	2.6695	-2.4966	38.6138	
0.990054	0.00930318	-0.14038	0.0093618	0.991243	0.131717	0.140376	-0.131721	0.981297	2.79206	-2.6116	39.4805	
0.989607	0.00972281	-0.14347	0.00978542	0.990846	0.134645	0.143466	-0.134649	0.980452	2.91735	-2.72918	40.3464	
0.98915	0.0101517	-0.146558	0.0102184	0.990439	0.137571	0.146553	-0.137576	0.979589	3.04537	-2.84934	41.2116	
0.988683	0.0105897	-0.149643	0.0106609	0.990024	0.140496	0.149638	-0.140502	0.978707	3.17612	-2.97209	42.076	
0.988207	0.011037	-0.152725	0.0111127	0.9896	0.14342	0.15272	-0.143426	0.977807	3.30958	-3.09742	42.9397	
0.987721	0.0114934	-0.155804	0.0115739	0.989166	0.146342	0.155798	-0.146348	0.976887	3.44577	-3.22533	43.8025	
0.987225	0.0119591	-0.15888	0.0120445	0.988724	0.149262	0.158874	-0.149269	0.97595	3.58467	-3.35582	44.6645	
0.98672	0.0124339	-0.161953	0.0125244	0.988273	0.152181	0.161946	-0.152188	0.974993	3.72628	-3.48889	45.5257	
0.986205	0.0129179	-0.165023	0.0130137	0.987813	0.155098	0.165015	-0.155106	0.974019	3.87061	-3.62453	46.386	
0.985681	0.013411	-0.168089	0.0135124	0.987345	0.158013	0.168081	-0.158021	0.973025	4.01764	-3.76275	47.2455	
0.985146	0.0139133	-0.171152	0.0140204	0.986867	0.160925	0.171143	-0.160935	0.972013	4.16738	-3.90354	48.104	
0.984603	0.0144247	-0.174212	0.0145377	0.98638	0.163836	0.174202	-0.163846	0.970983	4.31982	-4.04691	48.9617	
0.984049	0.0149452	-0.177267	0.0150644	0.985885	0.166745	0.177257	-0.166755	0.969934	4.47496	-4.19284	49.8184	
0.983486	0.0154748	-0.18032	0.0156004	0.985381	0.169651	0.180309	-0.169662	0.968867	4.63279	-4.34134	50.6743	
0.982914	0.0160135	-0.183368	0.0161457	0.984868	0.172555	0.183357	-0.172567	0.967781	4.79332	-4.4924	51.5291	
0.982931	0.0159977	-0.18328	0.0166576	0.984382	0.175257	0.183221	-0.175319	0.967312	4.95513	-4.64597	52.3833	
0.982947	0.0159814	-0.183191	0.0171703	0.983887	0.177964	0.183083	-0.178075	0.966835	5.11683	-4.80196	53.2371	
0.982964	0.0159648	-0.183101	0.0176836	0.983384	0.180675	0.182943	-0.180835	0.966349	5.2784	-4.96039	54.0904	
0.982981	0.0159479	-0.183012	0.0181975	0.982872	0.18339	0.182802	-0.183599	0.965854	5.43984	-5.12125	54.9433	
0.982999	0.0159305	-0.182921	0.0187119	0.982351	0.186109	0.182658	-0.186367	0.965351	5.60116	-5.28456	55.7958	
0.983016	0.0159129	-0.18283	0.0192269	0.981821	0.18883	0.182512	-0.189138	0.96484	5.76235	-5.45031	56.6478	
0.983033	0.0158949	-0.182739	0.0197422	0.981283	0.191555	0.182364	-0.191912	0.96432	5.92341	-5.61852	57.4993	
0.98305	0.0158766	-0.182648	0.0202578	0.980737	0.194282	0.182214	-0.194689	0.963792	6.08434	-5.78917	58.3504	
0.983067	0.0158579	-0.182556	0.0207738	0.980181	0.197011	0.182063	-0.197468	0.963255	6.24514	-5.96227	59.2011	
0.983085	0.015839	-0.182465	0.0212899	0.979617	0.199742	0.181909	-0.200248	0.96271	6.4058	-6.13783	60.0512	
0.983102	0.0158197	-0.182373	0.0218062	0.979045	0.202475	0.181754	-0.203031	0.962156	6.56633	-6.31584	60.9009	
0.98312	0.0158002	-0.182281	0.0223225	0.978464	0.205209	0.181597	-0.205814	0.961594	6.72672	-6.49631	61.75	
0.983137	0.0157803	-0.182188	0.0228389	0.977874	0.207944	0.181439	-0.208598	0.961024	6.88696	-6.67924	62.5987	
0.983154	0.0157602	-0.182096	0.0233552	0.977276	0.210679	0.181279	-0.211383	0.960445	7.04707	-6.86462	63.4469	
0.983172	0.0157397	-0.182004	0.0238715	0.97667	0.213414	0.181117	-0.214168	0.959859	7.20704	-7.05247	64.2945	
0.983189	0.0157191	-0.181912	0.0243875	0.976056	0.216149	0.180954	-0.216952	0.959264	7.36686	-7.24277	65.1417	
0.983206	0.0156981	-0.18182	0.0249033	0.975433	0.218884	0.180789	-0.219736	0.958661	7.52654	-7.43553	65.9883	
0.983224	0.0156769	-0.181728	0.0254188	0.974802	0.221618	0.180623	-0.222519	0.95805	7.68608	-7.63075	66.8343	
0.983241	0.0156555	-0.181637	0.0259339	0.974163	0.224351	0.180456	-0.225301	0.957431	7.84546	-7.82842	67.6798	
0.983258	0.0156339	-0.181545	0.0264486	0.973516	0.227082	0.180287	-0.228082	0.956805	8.0047	-8.02855	68.5248	
0.983275	0.015612	-0.181454	0.0269629	0.972862	0.229811	0.180118	-0.230861	0.95617	8.16379	-8.23114	69.3692	
0.983293	0.0155899	-0.181363	0.0274765	0.972199	0.232539	0.179947	-0.233637	0.955528	8.32272	-8.43617	70.2131	
0.987021	0.0104466	-0.160252	0.0273027	0.972439	0.231555	0.158254	-0.232925	0.959532	8.47202	-8.64213	71.0584	
0.99027	0.00532031	-0.139058	0.0271513	0.972678	0.230567	0.136485	-0.232099	0.963069	8.60212	-8.84741	71.9071	
0.993038	0.000213425	-0.11779	0.0270222	0.972916	0.229575	0.114649	-0.23116	0.966137	8.71298	-9.0519	72.7588	
0.995325	-0.00487152	-0.0964607	0.0269156	0.973153	0.228581	0.0927575	-0.230108	0.968734	8.80454	-9.25552	73.6129	
0.997128	-0.00993204	-0.0750789	0.0268316	0.973389	0.227584	0.0708206	-0.228945	0.97086	8.87675	-9.45816	74.4691	
0.998447	-0.0149657	-0.0536555	0.0267701	0.973623	0.226585	0.0488493	-0.22767	0.972512	8.92957	-9.65973	75.3269	
0.999282	-0.01997	-0.0322009	0.0267312	0.973857	0.225585	0.0268542	-0.226284	0.973691	8.96299	-9.86012	76.1861	
0.999631	-0.0249425	-0.0107256	0.0267149	0.974088	0.224584	0.00484595	-0.224788	0.974396	8.97698	-10.0592	77.046	
0.999496	-0.0298809	0.0107601	0.0267212	0.974319	0.223582	-0.0171646	-0.223182	0.974626	8.97155	-10.257	77.9064	
0.998875	-0.0347826	0.0322456	0.0267502	0.974547	0.222581	-0.0391668	-0.221468	0.974381	8.94668	-10.4533	78.7667	
0.997769	-0.0396454	0.0537205	0.0268017	0.974774	0.22158	-0.06115	-0.219645	0.973661	8.9024	-10.648	79.6266	
0.996178	-0.0444668	0.0751743	0.0268758	0.974999	0.22058	-0.0831033	-0.217716	0.972468	8.83872	-10.8411	80.4857	
0.994105	-0.0492445	0.0965966	0.0269725	0.975221	0.219581	-0.105016	-0.215681	0.9708	8.75568	-11.0324	81.3436	
0.991548	-0.0539761	0.117977	0.0270917	0.975442	0.218584	-0.126878	-0.213541	0.96866	8.65331	-11.2218	82.1997	
0.988511	-0.0586595	0.139305	0.0272333	0.97566	0.21759	-0.148678	-0.211296	0.966048	8.53167	-11.4094	83.0537	
0.984993	-0.0632922	0.16057	0.0273973	0.975876	0.216599	-0.170405	-0.208949	0.962965	8.39082	-11.5949	83.9053	
0.980997	-0.067872	0.181762	0.0275835	0.97609	0.215611	-0.19205	-0.2065	0.959414	8.23082	-11.7783	84.7539	
0.976526	-0.0723967	0.20287	0.027792	0.976301	0.214627	-0.213601	-0.20395	0.955395	8.05175	-11.9595	85.5991	
