1	0	0	0	1	0	0	0	1	0	0	0	
0.999988	-4.74715e-06	-0.00494459	-4.74715e-06	0.999998	-0.00192013	0.00494459	0.00192013	0.999986	0.00261964	0.00101728	1.05959	
0.999951	-1.90069e-05	-0.00989295	-1.90137e-05	0.999993	-0.0038431	0.00989295	0.0038431	0.999944	0.0104806	0.00407063	2.11915	
0.99989	-4.28077e-05	-0.0148449	-4.28351e-05	0.999983	-0.00576883	0.0148449	0.00576883	0.999873	0.0235866	0.00916302	3.17865	
0.999804	-7.61774e-05	-0.0198001	-7.62458e-05	0.99997	-0.00769724	0.0198001	0.00769724	0.999774	0.0419415	0.0162973	4.23807	
0.999693	-0.000119143	-0.0247585	-0.00011928	0.999954	-0.00962824	0.0247585	0.00962824	0.999647	0.0655486	0.0254764	5.29736	
0.999558	-0.00017173	-0.0297197	-0.00017197	0.999933	-0.0115618	0.0297197	0.0115618	0.999491	0.0944111	0.0367028	6.3565	
0.999398	-0.000233965	-0.0346837	-0.000234348	0.999909	-0.0134977	0.0346837	0.0134977	0.999307	0.128532	0.0499793	7.41546	
0.999214	-0.000305871	-0.0396501	-0.000306447	0.999881	-0.015436	0.0396501	0.015436	0.999094	0.167914	0.0653084	8.47421	
0.999004	-0.000387473	-0.0446188	-0.000388296	0.999849	-0.0173766	0.0446188	0.0173766	0.998853	0.21256	0.0826925	9.53272	
0.99877	-0.000478793	-0.0495895	-0.000479926	0.999813	-0.0193194	0.0495895	0.0193194	0.998583	0.262471	0.102134	10.591	
0.99851	-0.000579854	-0.0545621	-0.000581366	0.999774	-0.0212642	0.0545621	0.0212643	0.998284	0.317651	0.123635	11.6489	
0.998226	-0.000690677	-0.0595363	-0.000692643	0.99973	-0.0232111	0.0595363	0.0232112	0.997956	0.3781	0.147198	12.7065	
0.997917	-0.000811282	-0.0645119	-0.000813787	0.999683	-0.02516	0.0645118	0.0251601	0.9976	0.44382	0.172825	13.7638	
0.997582	-0.00094169	-0.0694886	-0.000944823	0.999632	-0.0271107	0.0694886	0.0271108	0.997214	0.514814	0.200518	14.8206	
0.997223	-0.00108192	-0.0744664	-0.00108578	0.999577	-0.0290631	0.0744663	0.0290633	0.9968	0.591081	0.230279	15.877	
0.996838	-0.00123199	-0.0794449	-0.00123668	0.999518	-0.0310173	0.0794448	0.0310175	0.996357	0.672623	0.26211	16.933	
0.996429	-0.00139192	-0.0844239	-0.00139754	0.999455	-0.032973	0.0844238	0.0329733	0.995884	0.75944	0.296012	17.9885	
0.995994	-0.00156172	-0.0894033	-0.0015684	0.999389	-0.0349303	0.0894032	0.0349306	0.995383	0.851534	0.331988	19.0435	
0.995534	-0.00174141	-0.0943828	-0.00174928	0.999318	-0.036889	0.0943826	0.0368894	0.994852	0.948903	0.370038	20.0979	
0.995049	-0.001931	-0.0993622	-0.00194019	0.999243	-0.0388491	0.099362	0.0388495	0.994293	1.05155	0.410164	21.1517	
0.994539	-0.00213052	-0.104341	-0.00214117	0.999165	-0.0408104	0.104341	0.040811	0.993704	1.15947	0.452368	22.205	
0.994004	-0.00233997	-0.10932	-0.00235222	0.999082	-0.042773	0.10932	0.0427736	0.993086	1.27267	0.496652	23.2576	
0.993443	-0.00255936	-0.114298	-0.00257337	0.998996	-0.0447366	0.114297	0.0447374	0.992439	1.39114	0.543015	24.3095	
0.992857	-0.00278872	-0.119275	-0.00280464	0.998905	-0.0467013	0.119274	0.0467022	0.991762	1.51489	0.59146	25.3607	
0.992246	-0.00302804	-0.12425	-0.00304605	0.99881	-0.0486669	0.12425	0.048668	0.991057	1.6439	0.641987	26.4112	
0.99161	-0.00327735	-0.129225	-0.00329761	0.998712	-0.0506333	0.129224	0.0506346	0.990322	1.7782	0.694597	27.461	
0.990948	-0.00353664	-0.134197	-0.00355935	0.998609	-0.0526005	0.134197	0.0526021	0.989558	1.91776	0.749292	28.5099	
0.990261	-0.00380594	-0.139168	-0.00383128	0.998503	-0.0545684	0.139168	0.0545702	0.988764	2.06258	0.806072	29.558	
0.989549	-0.00408524	-0.144137	-0.00411341	0.998392	-0.056537	0.144137	0.056539	0.987941	2.21268	0.864937	30.6053	
0.988812	-0.00437456	-0.149104	-0.00440575	0.998277	-0.058506	0.149103	0.0585083	0.987089	2.36804	0.925889	31.6516	
0.988049	-0.0046739	-0.154069	-0.00470833	0.998159	-0.0604754	0.154067	0.0604781	0.986208	2.52866	0.988928	32.6971	
0.987261	-0.00498327	-0.15903	-0.00502116	0.998036	-0.0624452	0.159029	0.0624483	0.985297	2.69453	1.05405	33.7416	
0.986448	-0.00530268	-0.163989	-0.00534424	0.997909	-0.0644153	0.163988	0.0644187	0.984357	2.86567	1.12127	34.7851	
0.985609	-0.00563213	-0.168945	-0.0056776	0.997778	-0.0663856	0.168943	0.0663894	0.983387	3.04206	1.19057	35.8276	
0.984746	-0.00597161	-0.173898	-0.00602124	0.997643	-0.0683559	0.173896	0.0683602	0.982388	3.22369	1.26196	36.8691	
0.983857	-0.00632115	-0.178847	-0.00637516	0.997504	-0.0703262	0.178845	0.0703311	0.98136	3.41057	1.33544	37.9095	
0.982942	-0.00668074	-0.183792	-0.00673939	0.99736	-0.0722965	0.18379	0.072302	0.980303	3.6027	1.41101	38.9488	
0.982003	-0.00705037	-0.188734	-0.00711393	0.997213	-0.0742666	0.188731	0.0742727	0.979216	3.80006	1.48866	39.9869	
0.981038	-0.00743006	-0.193671	-0.00749878	0.997062	-0.0762365	0.193669	0.0762433	0.9781	4.00265	1.5684	41.0239	
0.980049	-0.0078198	-0.198604	-0.00789396	0.996906	-0.0782061	0.198601	0.0782135	0.976955	4.21048	1.65024	42.0597	
0.979034	-0.00821959	-0.203533	-0.00829947	0.996746	-0.0801752	0.20353	0.0801835	0.97578	4.42353	1.73415	43.0943	
0.977993	-0.00862944	-0.208457	-0.00871532	0.996582	-0.0821439	0.208453	0.0821529	0.974576	4.6418	1.82016	44.1275	
0.976928	-0.00904933	-0.213376	-0.00914151	0.996414	-0.0841119	0.213372	0.0841219	0.973343	4.86528	1.90825	45.1596	
0.975838	-0.00947927	-0.21829	-0.00957804	0.996242	-0.0860794	0.218286	0.0860903	0.97208	5.09397	1.99843	46.1902	
0.974722	-0.00991926	-0.223199	-0.0100249	0.996066	-0.088046	0.223194	0.088058	0.970788	5.32787	2.09069	47.2196	
0.973582	-0.0103693	-0.228102	-0.0104822	0.995886	-0.0900118	0.228097	0.0900249	0.969468	5.56696	2.18504	48.2475	
0.972417	-0.0108293	-0.232999	-0.0109498	0.995701	-0.0919767	0.232994	0.091991	0.968118	5.81124	2.28147	49.274	
0.971226	-0.0112994	-0.237891	-0.0114277	0.995512	-0.0939407	0.237885	0.0939562	0.966738	6.06072	2.37999	50.2991	
0.970011	-0.0117796	-0.242776	-0.011916	0.995319	-0.0959035	0.24277	0.0959203	0.96533	6.31537	2.48059	51.3227	
0.968771	-0.0122697	-0.247655	-0.0124147	0.995122	-0.0978651	0.247648	0.0978834	0.963893	6.57519	2.58326	52.3448	
0.967505	-0.0127698	-0.252528	-0.0129237	0.994921	-0.0998255	0.25252	0.0998453	0.962426	6.84018	2.68802	53.3654	
0.966215	-0.01328	-0.257394	-0.0134431	0.994716	-0.101785	0.257385	0.101806	0.960931	7.11032	2.79485	54.3844	
0.964901	-0.0138001	-0.262252	-0.0139728	0.994506	-0.103742	0.262243	0.103765	0.959407	7.38562	2.90377	55.4018	
0.963561	-0.0143302	-0.267104	-0.0145129	0.994292	-0.105698	0.267094	0.105723	0.957853	7.66607	3.01475	56.4176	
0.962197	-0.0148703	-0.271949	-0.0150633	0.994074	-0.107653	0.271938	0.10768	0.956271	7.95165	3.12781	57.4317	
0.960808	-0.0154204	-0.276785	-0.015624	0.993852	-0.109606	0.276774	0.109635	0.95466	8.24235	3.24295	58.4441	
0.959395	-0.0159804	-0.281615	-0.0161951	0.993626	-0.111557	0.281602	0.111588	0.953021	8.53818	3.36015	59.4548	
0.957956	-0.0165504	-0.286436	-0.0167766	0.993396	-0.113506	0.286423	0.113539	0.951352	8.83912	3.47942	60.4637	
0.956494	-0.0171302	-0.291249	-0.0173683	0.993161	-0.115454	0.291235	0.115489	0.949655	9.14516	3.60076	61.4708	
0.955007	-0.01772	-0.296054	-0.0179704	0.992922	-0.117399	0.296039	0.117437	0.947929	9.4563	3.72417	62.4762	
0.953495	-0.0183197	-0.30085	-0.0185827	0.992679	-0.119342	0.300834	0.119383	0.946175	9.77252	3.84963	63.4797	
0.95196	-0.0189293	-0.305638	-0.0192054	0.992432	-0.121283	0.305621	0.121327	0.944392	10.0938	3.97716	64.4813	
0.9504	-0.0195487	-0.310417	-0.0198384	0.992181	-0.123222	0.310398	0.123269	0.94258	10.4202	4.10675	65.481	
0.948815	-0.020178	-0.315186	-0.0204816	0.991925	-0.125159	0.315167	0.125208	0.940741	10.7516	4.23839	66.4788	
0.947207	-0.0208171	-0.319947	-0.0211351	0.991666	-0.127093	0.319926	0.127145	0.938872	11.0881	4.37209	67.4746	
0.945856	-0.021347	-0.323885	-0.0205756	0.991885	-0.125462	0.323935	0.125333	0.937741	11.4292	4.50585	68.4688	
0.944487	-0.0218693	-0.327819	-0.0200096	0.992101	-0.123835	0.327938	0.12352	0.936589	11.7746	4.63769	69.4619	
0.946408	-0.0212156	-0.322277	-0.0116072	0.994961	-0.0995848	0.322766	0.0979886	0.941393	12.1193	4.75505	70.4569	
0.948297	-0.0207128	-0.316708	-0.00334135	0.997161	-0.0752193	0.317367	0.0723885	0.945536	12.4585	4.84532	71.4566	
0.950154	-0.0203612	-0.311117	0.00478224	0.9987	-0.0507554	0.311746	0.0467376	0.949015	12.7918	4.90844	72.4604	
0.951976	-0.0201611	-0.305507	0.0127578	0.999575	-0.0262102	0.305906	0.0210539	0.951829	13.1191	4.94436	73.4675	
0.953764	-0.0201127	-0.299883	0.0205798	0.999787	-0.00160101	0.299851	-0.00464455	0.953975	13.44	4.95305	74.4773	
0.955515	-0.020216	-0.294248	0.0282428	0.999335	0.023055	0.293586	-0.0303397	0.955451	13.7544	4.93452	75.4889	
0.957229	-0.0204708	-0.288606	0.0357412	0.99822	0.0477404	0.287115	-0.0560137	0.956257	14.0621	4.88876	76.5018	
0.958904	-0.0208771	-0.282961	0.04307	0.996443	0.072438	0.280442	-0.0816483	0.956392	14.3628	4.81583	77.5152	
0.960539	-0.0214345	-0.277318	0.0502238	0.994004	0.0971305	0.273573	-0.107226	0.955856	14.6563	4.71576	78.5284	
0.962133	-0.0221426	-0.27168	0.0571978	0.990905	0.1218	0.266512	-0.132728	0.954649	14.9425	4.58862	79.5406	
0.963685	-0.023001	-0.266051	0.0639871	0.987149	0.14643	0.259264	-0.158137	0.952772	15.2211	4.43451	80.5512	
0.965193	-0.024009	-0.260435	0.0705867	0.982739	0.171003	0.251833	-0.183435	0.950227	15.4919	4.25354	81.5595	
0.966657	-0.025166	-0.254835	0.0769922	0.977676	0.195502	0.244227	-0.208604	0.947015	15.7547	4.04583	82.5647	
0.968075	-0.0264711	-0.249257	0.0831991	0.971966	0.219909	0.236448	-0.233627	0.943139	16.0094	3.81152	83.5661	
0.969448	-0.0279234	-0.243704	0.0892029	0.965611	0.244208	0.228504	-0.258486	0.938601	16.2557	3.55078	84.5631	
0.970772	-0.0295219	-0.238179	0.0949995	0.958617	0.268381	0.2204	-0.283163	0.933404	16.4935	3.2638	85.555	
0.972049	-0.0312655	-0.232687	0.100585	0.950988	0.292411	0.212141	-0.307642	0.927552	16.7227	2.95078	86.541	
0.973276	-0.0331529	-0.227232	0.105955	0.94273	0.316281	0.203733	-0.331905	0.921049	16.9431	2.61193	87.5204	
0.974453	-0.0351828	-0.221816	0.111106	0.933848	0.339976	0.195182	-0.355935	0.9139	17.1544	2.24749	88.4926	
0.97558	-0.0373539	-0.216445	0.116034	0.924349	0.363477	0.186494	-0.379716	0.90611	17.3566	1.85772	89.4569	
0.976655	-0.0396645	-0.211122	0.120737	0.914239	0.386769	0.177675	-0.40323	0.897684	17.5496	1.44289	90.4126	
0.977677	-0.0421131	-0.20585	0.12521	0.903525	0.409835	0.168731	-0.426461	0.888629	17.7331	1.0033	91.3591	
0.978646	-0.0446979	-0.200634	0.129451	0.892215	0.432659	0.15967	-0.449393	0.878949	17.9071	0.539244	92.2956	
0.979561	-0.0474171	-0.195476	0.133456	0.880318	0.455226	0.150496	-0.472009	0.868653	18.0715	0.0510587	93.2215	
0.980422	-0.0502688	-0.190381	0.137222	0.86784	0.477519	0.141216	-0.494294	0.857748	18.226	-0.460917	94.1362	
0.981228	-0.053251	-0.185353	0.140748	0.854791	0.499522	0.131838	-0.516233	0.84624	18.3707	-0.996324	95.039	
0.981978	-0.0563617	-0.180394	0.144031	0.841181	0.52122	0.122367	-0.537809	0.834139	18.5054	-1.55479	95.9293	
0.982672	-0.0595986	-0.175508	0.147068	0.827018	0.542598	0.11281	-0.559008	0.821452	18.63	-2.13591	96.8065	
0.98331	-0.0629595	-0.170698	0.149857	0.812312	0.563642	0.103174	-0.579815	0.80819	18.7444	-2.73929	97.67	
0.98389	-0.0664419	-0.165969	0.152396	0.797075	0.584335	0.0934653	-0.600214	0.79436	18.8486	-3.36451	98.519	
0.984413	-0.0700436	-0.161323	0.154683	0.781316	0.604664	0.0836912	-0.620193	0.779972	18.9425	-4.01111	99.3532	
0.984878	-0.0737619	-0.156763	0.156718	0.765047	0.624614	0.0738584	-0.639736	0.765037	19.0259	-4.67866	100.172	
