1	0	0	0	1	0	0	0	1	0	0	0	
0.999999	3.6997e-09	0.00109688	3.6997e-09	1	-6.74587e-06	-0.00109688	6.74587e-06	0.999999	-0.000542345	3.33546e-06	0.988889	
0.999998	1.47751e-08	0.00220179	1.45125e-08	1	-1.33017e-05	-0.00220179	1.33017e-05	0.999998	-0.00217335	1.32479e-05	1.97778	
0.999995	3.31188e-08	0.00331468	3.20606e-08	1	-1.96638e-05	-0.00331468	1.96638e-05	0.999995	-0.00490094	2.95475e-05	2.96666	
0.99999	5.86131e-08	0.0044355	5.59486e-08	1	-2.58282e-05	-0.0044355	2.58282e-05	0.99999	-0.00873298	5.20408e-05	3.95554	
0.999985	9.11308e-08	0.00556419	8.57639e-08	1	-3.17914e-05	-0.00556419	3.17914e-05	0.999985	-0.0136773	8.05305e-05	4.94442	
0.999978	1.30535e-07	0.00670069	1.21076e-07	1	-3.75495e-05	-0.00670069	3.75495e-05	0.999978	-0.0197416	0.000114816	5.93329	
0.999969	1.76677e-07	0.00784495	1.61437e-07	1	-4.3099e-05	-0.00784495	4.3099e-05	0.999969	-0.0269336	0.000154692	6.92215	
0.99996	2.29401e-07	0.00899691	2.06383e-07	1	-4.84362e-05	-0.00899691	4.84361e-05	0.99996	-0.035261	0.000199951	7.91101	
0.999948	2.8854e-07	0.0101565	2.55431e-07	1	-5.35575e-05	-0.0101565	5.35573e-05	0.999948	-0.0447313	0.000250381	8.89985	
0.999936	3.53915e-07	0.0113237	3.0808e-07	1	-5.84594e-05	-0.0113237	5.84591e-05	0.999936	-0.055352	0.000305767	9.88868	
0.999922	4.2534e-07	0.0124984	3.63815e-07	1	-6.31383e-05	-0.0124984	6.31379e-05	0.999922	-0.0671307	0.00036589	10.8775	
0.999906	5.02619e-07	0.0136806	4.221e-07	1	-6.75907e-05	-0.0136806	6.75902e-05	0.999906	-0.0800747	0.000430528	11.8663	
0.999889	5.85542e-07	0.0148701	4.82385e-07	1	-7.18133e-05	-0.0148701	7.18125e-05	0.999889	-0.0941915	0.000499454	12.8551	
0.999871	6.73895e-07	0.0160671	5.44101e-07	1	-7.58026e-05	-0.0160671	7.58016e-05	0.999871	-0.109488	0.000572441	13.8439	
0.999851	7.67449e-07	0.0172713	6.06663e-07	1	-7.95552e-05	-0.0172713	7.95538e-05	0.999851	-0.125972	0.000649256	14.8326	
0.999829	8.65967e-07	0.0184827	6.69469e-07	1	-8.30679e-05	-0.0184827	8.3066e-05	0.999829	-0.143651	0.000729663	15.8213	
0.999806	9.69203e-07	0.0197013	7.31898e-07	1	-8.63372e-05	-0.0197013	8.63349e-05	0.999806	-0.16253	0.000813422	16.8101	
0.999781	1.0769e-06	0.0209271	7.93317e-07	1	-8.936e-05	-0.0209271	8.9357e-05	0.999781	-0.182619	0.000900292	17.7987	
0.999754	1.18879e-06	0.0221598	8.53071e-07	1	-9.2133e-05	-0.0221598	9.21293e-05	0.999754	-0.203923	0.000990027	18.7874	
0.999726	1.3046e-06	0.0233996	9.10493e-07	1	-9.46531e-05	-0.0233996	9.46485e-05	0.999726	-0.22645	0.00108238	19.776	
0.999696	1.42404e-06	0.0246463	9.64897e-07	1	-9.69171e-05	-0.0246463	9.69115e-05	0.999696	-0.250206	0.00117709	20.7646	
0.999665	1.54682e-06	0.0258998	1.01558e-06	1	-9.8922e-05	-0.0258998	9.89151e-05	0.999665	-0.275198	0.00127392	21.7532	
0.999631	1.67263e-06	0.0271601	1.06183e-06	1	-0.000100665	-0.0271601	0.000100656	0.999631	-0.301433	0.0013726	22.7417	
0.999596	1.80115e-06	0.0284272	1.10291e-06	1	-0.000102142	-0.0284272	0.000102132	0.999596	-0.328918	0.00147286	23.7303	
0.999559	1.93206e-06	0.0297009	1.13806e-06	1	-0.000103351	-0.0297009	0.000103339	0.999559	-0.357659	0.00157446	24.7187	
0.99952	2.06503e-06	0.0309813	1.16653e-06	1	-0.000104289	-0.0309813	0.000104275	0.99952	-0.387663	0.00167711	25.7072	
0.999479	2.19972e-06	0.0322682	1.18754e-06	1	-0.000104953	-0.0322682	0.000104936	0.999479	-0.418936	0.00178056	26.6956	
0.999437	2.33576e-06	0.0335616	1.20028e-06	1	-0.00010534	-0.0335616	0.000105321	0.999437	-0.451486	0.00188452	27.6839	
0.999392	2.47281e-06	0.0348614	1.20395e-06	1	-0.000105447	-0.0348614	0.000105425	0.999392	-0.485317	0.00198872	28.6722	
0.999346	2.61048e-06	0.0361675	1.19772e-06	1	-0.000105272	-0.0361675	0.000105246	0.999346	-0.520437	0.00209288	29.6605	
0.999297	2.7484e-06	0.03748	1.18075e-06	1	-0.000104811	-0.03748	0.000104782	0.999297	-0.556851	0.00219673	30.6487	
0.999247	2.88617e-06	0.0387986	1.15218e-06	1	-0.000104062	-0.0387986	0.000104029	0.999247	-0.594567	0.00229997	31.6369	
0.999195	3.02341e-06	0.0401235	1.11114e-06	1	-0.000103023	-0.0401235	0.000102985	0.999195	-0.63359	0.00240233	32.625	
0.99914	3.1597e-06	0.0414544	1.05675e-06	1	-0.000101691	-0.0414544	0.000101647	0.99914	-0.673925	0.00250351	33.6131	
0.999084	3.29462e-06	0.0427913	9.88116e-07	1	-0.000100063	-0.0427913	0.000100014	0.999084	-0.71558	0.00260322	34.6011	
0.999026	3.42776e-06	0.0441342	9.04314e-07	1	-9.81368e-05	-0.0441342	9.80811e-05	0.999026	-0.75856	0.00270117	35.589	
0.998965	3.55867e-06	0.045483	8.04424e-07	1	-9.59097e-05	-0.045483	9.58471e-05	0.998965	-0.802871	0.00279705	36.5769	
0.998903	3.68693e-06	0.0468377	6.87504e-07	1	-9.33795e-05	-0.0468377	9.33092e-05	0.998903	-0.848518	0.00289058	37.5647	
0.998838	3.81207e-06	0.048198	5.52603e-07	1	-9.05438e-05	-0.048198	9.04652e-05	0.998838	-0.895508	0.00298145	38.5525	
0.998771	3.93365e-06	0.0495641	3.98754e-07	1	-8.74001e-05	-0.0495641	8.73125e-05	0.998771	-0.943846	0.00306935	39.5402	
0.998702	4.05119e-06	0.0509358	2.24978e-07	1	-8.39463e-05	-0.0509358	8.38488e-05	0.998702	-0.993538	0.00315398	40.5279	
0.998631	4.16422e-06	0.0523131	3.02857e-08	1	-8.018e-05	-0.0523131	8.00718e-05	0.998631	-1.04459	0.00323503	41.5154	
0.998557	4.27226e-06	0.0536959	-1.86327e-07	1	-7.6099e-05	-0.0536959	7.59792e-05	0.998557	-1.097	0.00331219	42.5029	
0.998482	4.37482e-06	0.055084	-4.25876e-07	1	-7.17013e-05	-0.055084	7.15689e-05	0.998482	-1.15079	0.00338514	43.4904	
0.998404	4.47141e-06	0.0564776	-6.89389e-07	1	-6.69846e-05	-0.0564776	6.68387e-05	0.998404	-1.20595	0.00345358	44.4777	
0.998324	4.56152e-06	0.0578764	-9.77902e-07	1	-6.19468e-05	-0.0578764	6.17864e-05	0.998324	-1.26249	0.00351717	45.465	
0.998241	4.64464e-06	0.0592804	-1.29247e-06	1	-5.65861e-05	-0.0592804	5.641e-05	0.998241	-1.32042	0.00357562	46.4522	
0.998157	4.72025e-06	0.0606896	-1.63414e-06	1	-5.09003e-05	-0.0606896	5.07073e-05	0.998157	-1.37974	0.00362858	47.4393	
0.99807	4.78783e-06	0.0621038	-2.004e-06	1	-4.48876e-05	-0.0621038	4.46765e-05	0.99807	-1.44045	0.00367574	48.4263	
0.99798	4.84684e-06	0.0635231	-2.40313e-06	1	-3.8546e-05	-0.0635231	3.83155e-05	0.99798	-1.50257	0.00371678	49.4132	
0.997889	4.89674e-06	0.0649473	-2.83261e-06	1	-3.18737e-05	-0.0649473	3.16224e-05	0.997889	-1.56609	0.00375136	50.4001	
0.997795	4.937e-06	0.0663764	-3.29355e-06	1	-2.48689e-05	-0.0663764	2.45955e-05	0.997795	-1.63102	0.00377915	51.3868	
0.997698	4.96705e-06	0.0678102	-3.78706e-06	1	-1.75299e-05	-0.0678102	1.72328e-05	0.997698	-1.69737	0.00379984	52.3735	
0.997599	4.98635e-06	0.0692488	-4.31426e-06	1	-9.85499e-06	-0.0692488	9.53258e-06	0.997599	-1.76514	0.00381307	53.3601	
0.997498	4.99433e-06	0.0706921	-4.87628e-06	1	-1.84244e-06	-0.0706921	1.49312e-06	0.997498	-1.83433	0.00381852	54.3465	
0.997395	4.99041e-06	0.0721399	-5.47426e-06	1	6.50932e-06	-0.0721399	-6.88728e-06	0.997395	-1.90495	0.00381585	55.3329	
0.997288	4.97403e-06	0.0735923	-6.10934e-06	1	1.52019e-05	-0.0735923	-1.56102e-05	0.997288	-1.97701	0.00380473	56.3192	
0.99718	4.94461e-06	0.0750491	-6.78268e-06	1	2.42367e-05	-0.0750491	-2.46774e-05	0.99718	-2.05051	0.00378481	57.3053	
0.997069	4.90155e-06	0.0765102	-7.49543e-06	1	3.36153e-05	-0.0765102	-3.40902e-05	0.997069	-2.12544	0.00375575	58.2914	
0.996955	4.84427e-06	0.0779757	-8.24878e-06	1	4.33391e-05	-0.0779757	-4.38503e-05	0.996955	-2.20183	0.00371722	59.2773	
0.996839	4.77217e-06	0.0794454	-9.04388e-06	1	5.34094e-05	-0.0794454	-5.39591e-05	0.996839	-2.27966	0.00366885	60.2631	
0.996721	4.68465e-06	0.0809193	-9.88194e-06	1	6.38276e-05	-0.0809193	-6.44179e-05	0.996721	-2.35896	0.00361032	61.2488	
0.9966	4.58111e-06	0.0823972	-1.07641e-05	1	7.4595e-05	-0.0823972	-7.52282e-05	0.9966	-2.43971	0.00354128	62.2344	
0.996521	2.79655e-06	0.0833438	-0.000309666	0.999993	0.00366904	-0.0833433	-0.00368208	0.996514	-2.52166	0.00168349	63.2199	
0.996441	-2.44403e-06	0.0842958	-0.00061203	0.999973	0.00726365	-0.0842936	-0.00728939	0.996414	-2.60454	-0.0037413	64.2053	
0.996359	-1.1178e-05	0.0852528	-0.000917869	0.999941	0.0108584	-0.0852478	-0.0108971	0.9963	-2.68837	-0.0127335	65.1906	
0.996277	-2.34402e-05	0.0862146	-0.0012272	0.999895	0.0144531	-0.0862058	-0.014505	0.996172	-2.77315	-0.0252935	66.1757	
0.996192	-3.92632e-05	0.087181	-0.00154002	0.999836	0.0180477	-0.0871674	-0.0181132	0.996029	-2.85887	-0.0414214	67.1608	
0.996107	-5.86771e-05	0.0881518	-0.00185635	0.999764	0.0216421	-0.0881322	-0.0217215	0.995872	-2.94555	-0.0611174	68.1457	
0.99602	-8.17093e-05	0.0891267	-0.0021762	0.999679	0.0252363	-0.0891001	-0.0253298	0.995701	-3.03318	-0.0843817	69.1304	
0.995932	-0.000108385	0.0901055	-0.00249957	0.999581	0.0288301	-0.0900708	-0.028938	0.995515	-3.12177	-0.111214	70.1149	
0.995843	-0.000138727	0.0910879	-0.00282648	0.99947	0.0324234	-0.0910442	-0.0325461	0.995315	-3.21132	-0.141615	71.0993	
0.996166	2.33216e-05	0.087486	-0.00500788	0.998375	0.0567564	-0.0873426	-0.0569769	0.994548	-3.29953	-0.185881	72.0832	
0.996475	0.000273753	0.083888	-0.0070981	0.996684	0.0810633	-0.0835876	-0.081373	0.993172	-3.38405	-0.254291	73.0661	
0.996771	0.000612414	0.080296	-0.00909585	0.994396	0.105329	-0.0797815	-0.105719	0.99119	-3.46483	-0.346802	74.0473	
0.997053	0.0010391	0.0767123	-0.0109999	0.991513	0.129539	-0.0759267	-0.130001	0.988602	-3.54182	-0.463359	75.0262	
0.997321	0.00155355	0.0731391	-0.0128092	0.988038	0.153678	-0.0720255	-0.154203	0.98541	-3.61498	-0.603889	76.0023	
0.997574	0.00215544	0.0695785	-0.0145224	0.983972	0.177732	-0.0680802	-0.178311	0.981616	-3.68426	-0.768307	76.9749	
0.997813	0.00284441	0.0660328	-0.0161387	0.979317	0.201686	-0.0640934	-0.20231	0.977222	-3.74961	-0.956513	77.9435	
0.998038	0.00362005	0.062504	-0.017657	0.974078	0.225524	-0.0600673	-0.226186	0.97223	-3.811	-1.16839	78.9075	
0.998248	0.00448187	0.0589944	-0.0190764	0.968255	0.249234	-0.0560046	-0.249923	0.966645	-3.8684	-1.40381	79.8662	
0.998444	0.00542934	0.0555061	-0.020396	0.961855	0.2728	-0.0519077	-0.273507	0.960468	-3.92176	-1.66263	80.8191	
0.998624	0.0064619	0.0520412	-0.021615	0.954879	0.296207	-0.047779	-0.296924	0.953705	-3.97105	-1.94469	81.7656	
0.998789	0.0075789	0.0486018	-0.0227327	0.947333	0.319442	-0.0436211	-0.32016	0.946359	-4.01624	-2.24982	82.7051	
0.99894	0.00877967	0.0451901	-0.0237484	0.939221	0.34249	-0.0394365	-0.3432	0.938434	-4.05731	-2.57783	83.6371	
0.999075	0.0100635	0.0418081	-0.0246614	0.930548	0.365337	-0.0352279	-0.366031	0.929936	-4.09423	-2.92853	84.5609	
0.999195	0.0114295	0.0384579	-0.0254713	0.92132	0.38797	-0.0309977	-0.388637	0.920869	-4.12698	-3.30169	85.4761	
0.999299	0.012877	0.0351415	-0.0261774	0.911542	0.410374	-0.0267486	-0.411006	0.91124	-4.15553	-3.69709	86.382	
0.999388	0.014405	0.031861	-0.0267794	0.901219	0.432536	-0.0224831	-0.433124	0.901054	-4.17988	-4.11448	87.2782	
0.999462	0.0160125	0.0286184	-0.027277	0.890359	0.454441	-0.0182039	-0.454978	0.890317	-4.2	-4.55362	88.1639	
0.99952	0.0176987	0.0254157	-0.0276697	0.878968	0.476078	-0.0139136	-0.476553	0.879036	-4.21588	-5.01424	89.0388	
0.999563	0.0194625	0.0222547	-0.0279574	0.867052	0.497432	-0.00961474	-0.497837	0.867217	-4.22751	-5.49604	89.9023	
0.99959	0.0213028	0.0191375	-0.02814	0.85462	0.51849	-0.00531003	-0.518816	0.854869	-4.23489	-5.99875	90.7538	
0.999601	0.0232184	0.016066	-0.0282171	0.841679	0.539241	-0.00100207	-0.539479	0.841998	-4.23801	-6.52204	91.5929	
0.999597	0.0252083	0.0130419	-0.028189	0.828236	0.55967	0.0033065	-0.559812	0.828613	-4.23687	-7.06561	92.4189	
0.999577	0.0272711	0.0100673	-0.0280554	0.8143	0.579765	0.00761305	-0.579803	0.814721	-4.23147	-7.62911	93.2315	
0.999542	0.0294057	0.00714384	-0.0278166	0.79988	0.599515	0.011915	-0.599439	0.800332	-4.22182	-8.21221	94.0301	
0.999491	0.0316107	0.00427336	-0.0274727	0.784984	0.618907	0.0162096	-0.618709	0.785453	-4.20791	-8.81455	94.8142	
0.999425	0.0338848	0.00145762	-0.0270239	0.769621	0.637929	0.0204943	-0.637601	0.770094	-4.18976	-9.43576	95.5834	
