1	0	0	0	1	0	0	0	1	0	0	0	
0.999999	-1.5264e-06	-0.00103624	-1.5264e-06	0.999996	-0.00294604	0.00103624	0.00294604	0.999995	0.00049954	0.0014202	0.96414	
0.999998	-6.12207e-06	-0.00207542	-6.12022e-06	0.999983	-0.00589866	0.00207542	0.00589866	0.99998	0.00199958	0.00568398	1.92827	
0.999995	-1.3811e-05	-0.00311749	-1.38035e-05	0.999961	-0.00885772	0.00311749	0.00885772	0.999956	0.00450293	0.0127976	2.89238	
0.999991	-2.46167e-05	-0.00416243	-2.45981e-05	0.99993	-0.0118231	0.00416243	0.0118231	0.999921	0.00801237	0.0227672	3.85646	
0.999986	-3.85625e-05	-0.00521018	-3.85252e-05	0.999891	-0.0147947	0.00521018	0.0147947	0.999877	0.0125306	0.0355989	4.82051	
0.99998	-5.56712e-05	-0.0062607	-5.56057e-05	0.999842	-0.0177723	0.0062607	0.0177723	0.999822	0.0180604	0.0512985	5.78451	
0.999973	-7.59654e-05	-0.00731395	-7.58604e-05	0.999785	-0.0207559	0.00731395	0.0207559	0.999758	0.0246044	0.0698718	6.74845	
0.999965	-9.9467e-05	-0.00836988	-9.93092e-05	0.999718	-0.0237452	0.00836989	0.0237452	0.999683	0.0321651	0.0913245	7.71232	
0.999956	-0.000126198	-0.00942846	-0.000125972	0.999642	-0.0267403	0.00942846	0.0267403	0.999598	0.0407452	0.115662	8.67612	
0.999945	-0.00015618	-0.0104896	-0.000155868	0.999558	-0.0297408	0.0104896	0.0297408	0.999503	0.0503471	0.14289	9.63982	
0.999933	-0.000189433	-0.0115534	-0.000189017	0.999464	-0.0327468	0.0115534	0.0327468	0.999397	0.0609734	0.173013	10.6034	
0.99992	-0.000225978	-0.0126196	-0.000225437	0.99936	-0.0357581	0.0126196	0.035758	0.999281	0.0726265	0.206038	11.5669	
0.999906	-0.000265836	-0.0136883	-0.000265145	0.999248	-0.0387745	0.0136883	0.0387745	0.999154	0.0853088	0.241968	12.5303	
0.999891	-0.000309026	-0.0147594	-0.000308161	0.999126	-0.0417959	0.0147595	0.0417959	0.999017	0.0990226	0.280808	13.4936	
0.999875	-0.000355568	-0.0158329	-0.000354501	0.998995	-0.0448222	0.015833	0.0448222	0.99887	0.11377	0.322564	14.4567	
0.999857	-0.00040548	-0.0169088	-0.000404182	0.998854	-0.0478533	0.0169088	0.0478532	0.998711	0.129554	0.36724	15.4197	
0.999838	-0.000458782	-0.0179869	-0.000457222	0.998704	-0.0508889	0.017987	0.0508889	0.998542	0.146376	0.414841	16.3825	
0.999818	-0.000515491	-0.0190673	-0.000513635	0.998545	-0.0539291	0.0190673	0.0539291	0.998363	0.164239	0.465371	17.3452	
0.999797	-0.000575626	-0.0201499	-0.000573438	0.998376	-0.0569737	0.0201499	0.0569737	0.998172	0.183145	0.518834	18.3076	
0.999774	-0.000639204	-0.0212346	-0.000636646	0.998197	-0.0600225	0.0212347	0.0600224	0.997971	0.203095	0.575234	19.2699	
0.999751	-0.000706241	-0.0223215	-0.000703275	0.998009	-0.0630754	0.0223216	0.0630753	0.997759	0.224092	0.634576	20.232	
0.999726	-0.000776755	-0.0234104	-0.000773338	0.997811	-0.0661322	0.0234105	0.0661322	0.997536	0.246138	0.696864	21.1939	
0.999699	-0.000850761	-0.0245013	-0.000846849	0.997603	-0.0691929	0.0245014	0.0691929	0.997302	0.269235	0.7621	22.1555	
0.999672	-0.000928276	-0.0255942	-0.000923823	0.997386	-0.0722573	0.0255944	0.0722573	0.997058	0.293385	0.830289	23.1169	
0.999643	-0.00100932	-0.0266891	-0.00100427	0.997159	-0.0753253	0.0266893	0.0753252	0.996802	0.31859	0.901434	24.0781	
0.999613	-0.00109389	-0.0277858	-0.00108821	0.996922	-0.0783967	0.027786	0.0783966	0.996535	0.344851	0.975539	25.0391	
0.999582	-0.00118202	-0.0288844	-0.00117565	0.996675	-0.0814715	0.0288846	0.0814714	0.996257	0.37217	1.05261	25.9997	
0.99955	-0.00127372	-0.0299847	-0.0012666	0.996418	-0.0845494	0.029985	0.0845493	0.995968	0.400549	1.13264	26.9601	
0.999516	-0.001369	-0.0310869	-0.00136108	0.996152	-0.0876304	0.0310872	0.0876303	0.995668	0.42999	1.21564	27.9202	
0.999481	-0.00146788	-0.0321907	-0.00145909	0.995876	-0.0907143	0.0321911	0.0907141	0.995357	0.460495	1.30162	28.88	
0.999444	-0.00157036	-0.0332962	-0.00156065	0.99559	-0.093801	0.0332966	0.0938008	0.995034	0.492065	1.39057	29.8396	
0.999407	-0.00167646	-0.0344033	-0.00166576	0.995294	-0.0968903	0.0344038	0.0968901	0.9947	0.524701	1.48249	30.7988	
0.999368	-0.00178619	-0.0355119	-0.00177444	0.994988	-0.0999822	0.0355125	0.099982	0.994355	0.558406	1.5774	31.7576	
0.999327	-0.00189957	-0.0366221	-0.0018867	0.994672	-0.103076	0.0366228	0.103076	0.993999	0.59318	1.67529	32.7161	
0.999286	-0.0020166	-0.0377338	-0.00200254	0.994346	-0.106173	0.0377345	0.106173	0.993631	0.629026	1.77616	33.6743	
0.999243	-0.0021373	-0.0388469	-0.00212198	0.99401	-0.109272	0.0388477	0.109271	0.993253	0.665944	1.88002	34.6321	
0.999199	-0.00226167	-0.0399614	-0.00224502	0.993664	-0.112372	0.0399623	0.112372	0.992862	0.703936	1.98687	35.5896	
0.999153	-0.00238972	-0.0410772	-0.00237166	0.993308	-0.115475	0.0410782	0.115475	0.992461	0.743003	2.09671	36.5467	
0.999106	-0.00252148	-0.0421943	-0.00250192	0.992941	-0.118579	0.0421954	0.118579	0.992048	0.783147	2.20954	37.5033	
0.999058	-0.00265693	-0.0433126	-0.00263581	0.992565	-0.121685	0.0433139	0.121685	0.991623	0.824368	2.32536	38.4596	
0.999008	-0.0027961	-0.0444322	-0.00277332	0.992179	-0.124793	0.0444336	0.124792	0.991187	0.866669	2.44418	39.4155	
0.998958	-0.00293899	-0.0455529	-0.00291448	0.991783	-0.127901	0.0455545	0.127901	0.99074	0.91005	2.566	40.3709	
0.998905	-0.00308561	-0.0466747	-0.00305927	0.991376	-0.131011	0.0466764	0.131011	0.990282	0.954512	2.69081	41.3259	
0.998852	-0.00323596	-0.0477976	-0.00320771	0.99096	-0.134122	0.0477995	0.134122	0.989811	1.00006	2.81862	42.2804	
0.998797	-0.00339005	-0.0489215	-0.00335979	0.990533	-0.137234	0.0489236	0.137234	0.98933	1.04668	2.94944	43.2345	
0.998741	-0.00354789	-0.0500463	-0.00351554	0.990096	-0.140347	0.0500486	0.140346	0.988837	1.09439	3.08325	44.1881	
0.998683	-0.00370949	-0.0511721	-0.00367494	0.989649	-0.143461	0.0511746	0.14346	0.988332	1.14319	3.22006	45.1413	
0.998624	-0.00387485	-0.0522988	-0.003838	0.989192	-0.146575	0.0523015	0.146574	0.987816	1.19307	3.35988	46.0939	
0.998564	-0.00404397	-0.0534262	-0.00400473	0.988725	-0.14969	0.0534292	0.149689	0.987289	1.24404	3.5027	47.0461	
0.998502	-0.00421686	-0.0545545	-0.00417513	0.988248	-0.152804	0.0545577	0.152803	0.98675	1.2961	3.64852	47.9977	
0.998439	-0.00439352	-0.0556835	-0.00434919	0.98776	-0.15592	0.055687	0.155918	0.986199	1.34925	3.79735	48.9488	
0.998374	-0.00457396	-0.0568132	-0.00452693	0.987263	-0.159035	0.056817	0.159033	0.985637	1.40348	3.94918	49.8993	
0.998309	-0.00475818	-0.0579435	-0.00470834	0.986755	-0.16215	0.0579476	0.162148	0.985063	1.45881	4.10401	50.8494	
0.998241	-0.00494618	-0.0590745	-0.00489342	0.986237	-0.165265	0.0590789	0.165263	0.984478	1.51522	4.26185	51.7988	
0.998173	-0.00513797	-0.060206	-0.00508217	0.985709	-0.168379	0.0602107	0.168378	0.983882	1.57273	4.42269	52.7477	
0.998103	-0.00533355	-0.0613379	-0.0052746	0.985171	-0.171493	0.061343	0.171491	0.983274	1.63133	4.58653	53.696	
0.998031	-0.00553291	-0.0624704	-0.00547069	0.984623	-0.174607	0.0624759	0.174605	0.982655	1.69101	4.75337	54.6437	
0.997959	-0.00573606	-0.0636032	-0.00567046	0.984065	-0.17772	0.0636091	0.177717	0.982024	1.7518	4.92321	55.5909	
0.997885	-0.005943	-0.0647364	-0.00587389	0.983497	-0.180832	0.0647427	0.180829	0.981381	1.81367	5.09606	56.5374	
0.997809	-0.00615373	-0.06587	-0.00608099	0.982918	-0.183943	0.0658767	0.18394	0.980727	1.87664	5.2719	57.4832	
0.997732	-0.00636825	-0.0670038	-0.00629176	0.98233	-0.187052	0.067011	0.18705	0.980062	1.9407	5.45075	58.4285	
0.997654	-0.00658656	-0.0681378	-0.00650619	0.981731	-0.190161	0.0681455	0.190158	0.979386	2.00586	5.63259	59.3731	
0.997323	-0.00748772	-0.0727374	-0.00674212	0.981089	-0.193438	0.0728103	0.193411	0.978412	2.07381	5.8175	60.3169	
0.99697	-0.00840428	-0.0773331	-0.00699397	0.980436	-0.196716	0.0774734	0.19666	0.977406	2.14625	6.00554	61.2597	
0.996595	-0.00933622	-0.0819245	-0.00726174	0.97977	-0.199994	0.0821343	0.199907	0.976366	2.2232	6.19671	62.2016	
0.996198	-0.0102835	-0.0865114	-0.00754543	0.979093	-0.203271	0.086793	0.203151	0.975293	2.30463	6.39102	63.1424	
0.995779	-0.0112461	-0.0910935	-0.00784501	0.978405	-0.206548	0.0914492	0.20639	0.974187	2.39056	6.58844	64.0822	
0.995338	-0.012224	-0.0956707	-0.00816046	0.977705	-0.209823	0.0961026	0.209625	0.973048	2.48097	6.78899	65.0209	
0.994875	-0.0132171	-0.100243	-0.00849174	0.976994	-0.213096	0.100753	0.212855	0.971875	2.57587	6.99266	65.9585	
0.994391	-0.0142255	-0.104809	-0.00883881	0.976272	-0.216366	0.1054	0.216079	0.97067	2.67525	7.19944	66.8949	
0.993884	-0.015249	-0.10937	-0.00920164	0.975539	-0.219633	0.110044	0.219297	0.969432	2.77911	7.40932	67.8302	
0.993356	-0.0162876	-0.113925	-0.00958016	0.974795	-0.222897	0.114684	0.222508	0.968162	2.88745	7.6223	68.7643	
0.992806	-0.0173412	-0.118474	-0.00997431	0.97404	-0.226156	0.11932	0.225711	0.966859	3.00025	7.83837	69.6971	
0.992234	-0.0184099	-0.123016	-0.010384	0.973274	-0.229411	0.123952	0.228907	0.965525	3.11753	8.05753	70.6286	
0.988964	-0.0239287	-0.146213	-0.010562	0.972974	-0.230674	0.147781	0.229672	0.961983	3.24853	8.27861	71.5579	
0.985121	-0.0294643	-0.169318	-0.0107712	0.972673	-0.231931	0.171524	0.230304	0.957883	3.40246	8.50036	72.4834	
0.980708	-0.0350135	-0.192317	-0.0110114	0.97237	-0.233183	0.195168	0.230802	0.953226	3.57924	8.72266	73.4048	
0.975727	-0.0405731	-0.215197	-0.0112826	0.972068	-0.234429	0.218698	0.231167	0.948015	3.77876	8.94537	74.3214	
0.970182	-0.0461398	-0.237946	-0.0115844	0.971765	-0.235667	0.242101	0.231396	0.942254	4.00091	9.16837	75.2326	
0.964075	-0.0517104	-0.260549	-0.0119169	0.971462	-0.236897	0.265364	0.231492	0.935945	4.24556	9.39153	76.1381	
0.95741	-0.0572818	-0.282994	-0.0122797	0.971158	-0.238119	0.288472	0.231453	0.929093	4.51256	9.61471	77.0372	
0.95019	-0.0628505	-0.305268	-0.0126727	0.970855	-0.239332	0.311413	0.231279	0.921701	4.80176	9.83779	77.9295	
0.942421	-0.0684135	-0.327357	-0.0130956	0.970552	-0.240534	0.334172	0.230971	0.913773	5.11299	10.0606	78.8144	
0.934106	-0.0739674	-0.349248	-0.0135482	0.97025	-0.241726	0.356738	0.230529	0.905314	5.44608	10.2831	79.6913	
0.925251	-0.0795091	-0.37093	-0.0140302	0.969948	-0.242906	0.379097	0.229953	0.89633	5.80082	10.5051	80.5599	
0.91586	-0.0850353	-0.39239	-0.0145414	0.969648	-0.244074	0.401235	0.229244	0.886825	6.17701	10.7265	81.4195	
0.905939	-0.0905429	-0.413614	-0.0150815	0.969348	-0.24523	0.42314	0.228401	0.876804	6.57444	10.9471	82.2698	
0.895494	-0.0960285	-0.434591	-0.01565	0.969049	-0.246371	0.444799	0.227425	0.866274	6.99287	11.1669	83.1101	
0.88453	-0.101489	-0.455309	-0.0162468	0.968752	-0.247499	0.4662	0.226318	0.855241	7.43205	11.3856	83.94	
0.873055	-0.106921	-0.475755	-0.0168715	0.968456	-0.248612	0.48733	0.225079	0.843711	7.89174	11.6032	84.7591	
0.861074	-0.112322	-0.495918	-0.0175236	0.968162	-0.24971	0.508177	0.223709	0.831691	8.37167	11.8196	85.5668	
0.848596	-0.117689	-0.515785	-0.0182029	0.96787	-0.250791	0.528729	0.222209	0.819188	8.87156	12.0346	86.3627	
0.835626	-0.123018	-0.535346	-0.0189089	0.96758	-0.251856	0.548973	0.22058	0.806209	9.39111	12.248	87.1463	
0.822173	-0.128306	-0.554589	-0.0196412	0.967292	-0.252903	0.568899	0.218823	0.792761	9.93003	12.4599	87.9171	
0.808244	-0.13355	-0.573503	-0.0203994	0.967007	-0.253933	0.588494	0.216939	0.778853	10.488	12.6699	88.6748	
0.793848	-0.138747	-0.592076	-0.0211831	0.966724	-0.254944	0.607747	0.214929	0.764493	11.0647	12.8781	89.4188	
0.778993	-0.143895	-0.610299	-0.0219917	0.966444	-0.255936	0.626647	0.212794	0.749688	11.6598	13.0844	90.1488	
0.763687	-0.148989	-0.62816	-0.0228249	0.966166	-0.256908	0.645183	0.210535	0.734448	12.2729	13.2884	90.8643	
0.747939	-0.154028	-0.645649	-0.0236821	0.965892	-0.25786	0.663344	0.208154	0.718781	12.9038	13.4903	91.5649	
