1	0	0	0	1	0	0	0	1	0	0	0	
0.999983	1.65521e-06	0.00590397	1.65521e-06	1	-0.000560705	-0.00590397	0.000560705	0.999982	-0.00311748	0.00029607	1.05605	
0.99993	6.62031e-06	0.0118076	6.61964e-06	0.999999	-0.00112127	-0.0118076	0.00112127	0.99993	-0.0124698	0.0011842	2.11207	
0.999843	1.48943e-05	0.0177107	1.48916e-05	0.999999	-0.00168166	-0.0177107	0.00168166	0.999842	-0.0280564	0.00266424	3.16801	
0.999721	2.64759e-05	0.0236131	2.64692e-05	0.999997	-0.00224188	-0.0236131	0.00224188	0.999719	-0.0498767	0.00473599	4.22385	
0.999564	4.13638e-05	0.0295145	4.13505e-05	0.999996	-0.00280189	-0.0295145	0.00280189	0.99956	-0.0779297	0.00739926	5.27953	
0.999373	5.95567e-05	0.0354147	5.95334e-05	0.999994	-0.00336167	-0.0354147	0.00336167	0.999367	-0.112214	0.0106538	6.33503	
0.999146	8.10529e-05	0.0413135	8.10156e-05	0.999992	-0.00392121	-0.0413135	0.00392121	0.999139	-0.152729	0.0144994	7.3903	
0.998885	0.000105851	0.0472107	0.000105795	0.99999	-0.00448048	-0.0472107	0.00448048	0.998875	-0.199473	0.0189358	8.44532	
0.998589	0.000133948	0.053106	0.000133868	0.999987	-0.00503946	-0.053106	0.00503946	0.998576	-0.252443	0.0239626	9.50003	
0.998258	0.000165344	0.0589993	0.000165234	0.999984	-0.00559814	-0.0589993	0.00559814	0.998242	-0.311639	0.0295796	10.5544	
0.997892	0.000200034	0.0648904	0.000199888	0.999981	-0.0061565	-0.0648904	0.00615649	0.997873	-0.377056	0.0357864	11.6084	
0.997492	0.000238019	0.070779	0.000237828	0.999977	-0.0067145	-0.070779	0.00671449	0.997469	-0.448694	0.0425827	12.662	
0.997057	0.000279294	0.0766648	0.000279052	0.999974	-0.00727214	-0.0766648	0.00727213	0.99703	-0.526549	0.0499681	13.7152	
0.996587	0.000323858	0.0825478	0.000323555	0.999969	-0.00782939	-0.0825478	0.00782937	0.996556	-0.610618	0.0579421	14.7679	
0.996083	0.000371707	0.0884277	0.000371335	0.999965	-0.00838623	-0.0884277	0.00838621	0.996047	-0.700899	0.0665045	15.82	
0.995543	0.00042284	0.0943042	0.000422388	0.99996	-0.00894264	-0.0943042	0.00894262	0.995503	-0.797387	0.0756547	16.8716	
0.99497	0.000477252	0.100177	0.00047671	0.999955	-0.0094986	-0.100177	0.00949858	0.994924	-0.900079	0.0853922	17.9226	
0.994361	0.000534942	0.106046	0.000534298	0.999949	-0.0100541	-0.106046	0.0100541	0.99431	-1.00897	0.0957166	18.973	
0.993718	0.000595906	0.111912	0.000595148	0.999944	-0.0106091	-0.111912	0.0106091	0.993662	-1.12406	0.106627	20.0227	
0.99304	0.000660139	0.117773	0.000659256	0.999937	-0.0111636	-0.117773	0.0111636	0.992978	-1.24534	0.118124	21.0717	
0.992328	0.00072764	0.123629	0.000726618	0.999931	-0.0117176	-0.123629	0.0117175	0.992259	-1.37281	0.130206	22.12	
0.991582	0.000798405	0.129481	0.000797229	0.999924	-0.012271	-0.129481	0.0122709	0.991506	-1.50646	0.142873	23.1675	
0.9908	0.000872429	0.135328	0.000871085	0.999917	-0.0128238	-0.135328	0.0128237	0.990718	-1.64629	0.156123	24.2142	
0.989985	0.000949708	0.14117	0.000948182	0.99991	-0.0133761	-0.14117	0.013376	0.989895	-1.79229	0.169958	25.26	
0.989135	0.00103024	0.147007	0.00102852	0.999902	-0.0139278	-0.147007	0.0139276	0.989037	-1.94445	0.184375	26.3049	
0.988251	0.00111402	0.152839	0.00111208	0.999895	-0.0144788	-0.152839	0.0144786	0.988145	-2.10278	0.199374	27.349	
0.987332	0.00120104	0.158664	0.00119887	0.999886	-0.0150291	-0.158664	0.015029	0.987218	-2.26727	0.214955	28.392	
0.986379	0.0012913	0.164484	0.00128888	0.999878	-0.0155789	-0.164484	0.0155787	0.986257	-2.4379	0.231117	29.4341	
0.985392	0.0013848	0.170298	0.00138211	0.999869	-0.0161279	-0.170298	0.0161276	0.985261	-2.61467	0.247859	30.4751	
0.98437	0.00148152	0.176105	0.00147855	0.99986	-0.0166762	-0.176105	0.0166759	0.98423	-2.79758	0.26518	31.515	
0.983315	0.00158148	0.181906	0.00157819	0.99985	-0.0172238	-0.181906	0.0172234	0.983165	-2.98663	0.28308	32.5539	
0.982225	0.00168465	0.1877	0.00168104	0.999841	-0.0177706	-0.1877	0.0177702	0.982066	-3.18179	0.301558	33.5916	
0.981101	0.00179103	0.193487	0.00178707	0.999831	-0.0183166	-0.193487	0.0183163	0.980932	-3.38307	0.320613	34.6281	
0.979943	0.00190063	0.199267	0.0018963	0.99982	-0.0188619	-0.199267	0.0188615	0.979764	-3.59045	0.340244	35.6634	
0.978752	0.00201343	0.205039	0.00200871	0.99981	-0.0194064	-0.205039	0.0194059	0.978561	-3.80394	0.36045	36.6975	
0.977526	0.00212942	0.210804	0.00212429	0.999799	-0.01995	-0.210804	0.0199495	0.977325	-4.02352	0.381231	37.7303	
0.976266	0.00224862	0.216561	0.00224304	0.999787	-0.0204928	-0.216561	0.0204922	0.976054	-4.24918	0.402586	38.7617	
0.974973	0.00237099	0.22231	0.00236496	0.999776	-0.0210347	-0.22231	0.0210341	0.974749	-4.48092	0.424513	39.7918	
0.973646	0.00249655	0.228051	0.00249004	0.999764	-0.0215758	-0.228051	0.021575	0.97341	-4.71872	0.447012	40.8205	
0.972285	0.00262529	0.233783	0.00261826	0.999752	-0.0221159	-0.233783	0.0221151	0.972037	-4.96259	0.470082	41.8477	
0.970891	0.0027572	0.239507	0.00274963	0.99974	-0.0226551	-0.239507	0.0226542	0.97063	-5.2125	0.493721	42.8735	
0.969463	0.00289226	0.245222	0.00288413	0.999727	-0.0231934	-0.245222	0.0231924	0.969189	-5.46845	0.51793	43.8978	
0.968001	0.00303049	0.250928	0.00302177	0.999714	-0.0237307	-0.250928	0.0237296	0.967715	-5.73044	0.542706	44.9206	
0.966506	0.00317186	0.256624	0.00316253	0.999701	-0.0242671	-0.256624	0.0242658	0.966207	-5.99844	0.568049	45.9417	
0.964978	0.00331638	0.262311	0.0033064	0.999687	-0.0248024	-0.262312	0.024801	0.964664	-6.27245	0.593958	46.9613	
0.963416	0.00346404	0.267989	0.00345338	0.999673	-0.0253367	-0.267989	0.0253352	0.963089	-6.55247	0.620432	47.9792	
0.961821	0.00361482	0.273656	0.00360346	0.999659	-0.0258699	-0.273656	0.0258684	0.96148	-6.83848	0.647469	48.9955	
0.960193	0.00376873	0.279314	0.00375663	0.999644	-0.0264022	-0.279314	0.0264004	0.959837	-7.13046	0.675068	50.01	
0.958531	0.00392575	0.284961	0.00391289	0.99963	-0.0269333	-0.284961	0.0269314	0.958161	-7.42842	0.703229	51.0227	
0.956837	0.00408589	0.290597	0.00407223	0.999615	-0.0274633	-0.290598	0.0274613	0.956451	-7.73233	0.73195	52.0337	
0.955109	0.00424912	0.296223	0.00423463	0.999599	-0.0279922	-0.296223	0.02799	0.954708	-8.04219	0.76123	53.0429	
0.953349	0.00441544	0.301838	0.0044001	0.999584	-0.02852	-0.301838	0.0285176	0.952932	-8.35799	0.791068	54.0502	
0.951556	0.00458485	0.307442	0.00456861	0.999568	-0.0290466	-0.307442	0.0290441	0.951123	-8.67971	0.821463	55.0556	
0.94973	0.00475734	0.313034	0.00474017	0.999551	-0.0295721	-0.313035	0.0295693	0.949281	-9.00734	0.852412	56.059	
0.947871	0.00493289	0.318615	0.00491477	0.999535	-0.0300964	-0.318616	0.0300934	0.947406	-9.34087	0.883916	57.0605	
0.94598	0.00511151	0.324185	0.00509239	0.999518	-0.0306194	-0.324185	0.0306162	0.945498	-9.68029	0.915973	58.0601	
0.944056	0.00529318	0.329742	0.00527303	0.999501	-0.0311413	-0.329742	0.0311378	0.943557	-10.0256	0.948581	59.0575	
0.9421	0.00547789	0.335287	0.00545668	0.999484	-0.0316618	-0.335287	0.0316582	0.941584	-10.3767	0.981739	60.053	
0.940112	0.00566564	0.34082	0.00564333	0.999466	-0.0321812	-0.34082	0.0321772	0.939578	-10.7337	1.01545	61.0463	
0.938091	0.00585642	0.34634	0.00583297	0.999448	-0.0326992	-0.34634	0.032695	0.937539	-11.0966	1.0497	62.0374	
0.936038	0.00605021	0.351847	0.00602559	0.99943	-0.0332159	-0.351848	0.0332115	0.935468	-11.4653	1.0845	63.0265	
0.933953	0.00624702	0.357342	0.00622118	0.999412	-0.0337314	-0.357342	0.0337266	0.933364	-11.8397	1.11985	64.0133	
0.931836	0.00644682	0.362823	0.00641974	0.999393	-0.0342454	-0.362824	0.0342404	0.931228	-12.22	1.15574	64.9978	
0.929687	0.00664962	0.368291	0.00662124	0.999374	-0.0347582	-0.368292	0.0347527	0.92906	-12.6061	1.19217	65.9801	
0.927506	0.00685539	0.373746	0.00682569	0.999355	-0.0352695	-0.373746	0.0352638	0.92686	-12.9979	1.22914	66.9601	
0.923855	0.0071938	0.382676	0.00669311	0.999367	-0.0349452	-0.382685	0.0348456	0.923221	-13.3973	1.26616	67.937	
0.920118	0.00752813	0.39157	0.00655747	0.999379	-0.0346224	-0.391587	0.0344244	0.919497	-13.8061	1.30273	68.91	
0.916295	0.00785835	0.400427	0.00641873	0.999391	-0.034301	-0.400452	0.034	0.915687	-14.2244	1.33886	69.8791	
0.90571	0.00865016	0.42381	0.00389269	0.99958	-0.0287209	-0.42388	0.0276625	0.905296	-14.6597	1.37143	70.8407	
0.894527	0.00927896	0.446918	0.00122398	0.99973	-0.0232064	-0.447013	0.0213057	0.894274	-15.1195	1.39728	71.7909	
0.882754	0.00974431	0.469735	-0.00158554	0.999841	-0.0177613	-0.469833	0.0149341	0.882629	-15.6037	1.41642	72.7292	
0.870399	0.0100459	0.492245	-0.00453393	0.999913	-0.0123895	-0.492327	0.00855204	0.870368	-16.1118	1.42882	73.6549	
0.85747	0.0101835	0.514433	-0.00761912	0.999946	-0.00709476	-0.514477	0.00216403	0.857501	-16.6434	1.43448	74.5674	
0.843978	0.010157	0.536282	-0.010839	0.999939	-0.00188067	-0.536269	-0.00422549	0.844037	-17.1983	1.43339	75.4659	
0.82993	0.0099665	0.557778	-0.0141912	0.999894	0.0032491	-0.557687	-0.0106121	0.829984	-17.776	1.42556	76.3499	
0.815338	0.00961205	0.578906	-0.0176735	0.999809	0.00829097	-0.578716	-0.0169912	0.815352	-18.376	1.41098	77.2187	
0.80021	0.00909392	0.59965	-0.0212835	0.999686	0.0132414	-0.599342	-0.0233586	0.800153	-18.9981	1.38968	78.0718	
0.784559	0.00841247	0.619997	-0.0250186	0.999523	0.018097	-0.61955	-0.0297096	0.784395	-19.6418	1.36165	78.9085	
0.768394	0.00756818	0.639933	-0.0288762	0.999322	0.0228544	-0.639326	-0.03604	0.768091	-20.3065	1.32693	79.7283	
0.751726	0.00656164	0.659443	-0.0328537	0.999081	0.0275101	-0.658656	-0.0423452	0.751251	-20.992	1.28554	80.5306	
0.734568	0.00539355	0.678513	-0.0369482	0.998803	0.0320611	-0.677528	-0.0486209	0.733888	-21.6975	1.2375	81.3149	
0.716932	0.00406472	0.697131	-0.0411569	0.998486	0.0365041	-0.695927	-0.0548628	0.716013	-22.4228	1.18286	82.0805	
0.698829	0.00257608	0.715284	-0.0454769	0.99813	0.040836	-0.713842	-0.0610663	0.69764	-23.1673	1.12164	82.827	
0.680273	0.000928666	0.732959	-0.0499052	0.997737	0.0450538	-0.731258	-0.0672274	0.67878	-23.9304	1.05389	83.5538	
0.661275	-0.000876372	0.750143	-0.0544387	0.997306	0.0491546	-0.748165	-0.0733415	0.659447	-24.7116	0.979665	84.2605	
0.641851	-0.00283778	0.766824	-0.0590742	0.996838	0.0531355	-0.764551	-0.0794046	0.639654	-25.5104	0.899006	84.9465	
0.622012	-0.00495418	0.782992	-0.0638084	0.996333	0.0569937	-0.780403	-0.0854123	0.619415	-26.3262	0.811973	85.6114	
0.601773	-0.00722411	0.798634	-0.0686382	0.995792	0.0607266	-0.795712	-0.0913604	0.598745	-27.1585	0.718626	86.2546	
0.581148	-0.00964598	0.81374	-0.0735601	0.995214	0.0643315	-0.810466	-0.0972449	0.577657	-28.0067	0.619031	86.8758	
0.560152	-0.0122181	0.8283	-0.0785706	0.9946	0.0678059	-0.824655	-0.103062	0.556167	-28.8701	0.513257	87.4746	
0.538798	-0.0149387	0.842302	-0.0836664	0.993951	0.0711474	-0.83827	-0.108807	0.534289	-29.7482	0.401377	88.0504	
0.517103	-0.0178059	0.855738	-0.0888438	0.993266	0.0743537	-0.8513	-0.114476	0.512039	-30.6404	0.283471	88.6029	
0.49508	-0.0208176	0.868598	-0.0940993	0.992548	0.0774226	-0.863737	-0.120065	0.489432	-31.5461	0.159619	89.1318	
0.472746	-0.0239718	0.880873	-0.0994291	0.991795	0.0803518	-0.875572	-0.12557	0.466483	-32.4645	0.0299089	89.6365	
0.450115	-0.0272662	0.892554	-0.10483	0.991009	0.0831394	-0.886796	-0.130988	0.44321	-33.3952	-0.10557	90.1169	
0.427204	-0.0306987	0.903634	-0.110297	0.99019	0.0857835	-0.897402	-0.136315	0.419627	-34.3373	-0.246722	90.5726	
0.404029	-0.0342667	0.914104	-0.115827	0.989338	0.0882821	-0.907383	-0.141547	0.395752	-35.2904	-0.39345	91.0031	
0.380606	-0.0379678	0.923958	-0.121417	0.988455	0.0906335	-0.916732	-0.14668	0.371602	-36.2536	-0.545652	91.4083	
0.35695	-0.0417994	0.933188	-0.127062	0.987541	0.0928361	-0.925441	-0.151711	0.347192	-37.2264	-0.70322	91.7879	
