1	0	0	0	1	0	0	0	1	0	0	0	
0.999994	5.20458e-07	0.00352034	5.20458e-07	1	-0.000295685	-0.00352034	0.000295685	0.999994	-0.00152904	0.000128429	0.868685	
0.999975	2.08252e-06	0.00704546	2.0782e-06	1	-0.000590545	-0.00704546	0.000590545	0.999975	-0.00611823	0.000513357	1.73736	
0.999944	4.68603e-06	0.0105752	4.66874e-06	1	-0.000884567	-0.0105752	0.000884567	0.999944	-0.0137717	0.00115406	2.60601	
0.9999	8.33076e-06	0.0141096	8.28747e-06	0.999999	-0.00117774	-0.0141096	0.00117774	0.9999	-0.0244934	0.00204981	3.47463	
0.999844	1.30163e-05	0.0176483	1.29296e-05	0.999999	-0.00147005	-0.0176483	0.00147005	0.999843	-0.0382872	0.00319986	4.34321	
0.999775	1.87422e-05	0.0211914	1.85903e-05	0.999998	-0.00176148	-0.0211914	0.00176148	0.999774	-0.0551571	0.00460345	5.21173	
0.999694	2.55078e-05	0.0247387	2.52644e-05	0.999998	-0.00205202	-0.0247387	0.00205202	0.999692	-0.0751065	0.00625982	6.08018	
0.9996	3.33124e-05	0.0282901	3.29469e-05	0.999997	-0.00234167	-0.0282901	0.00234166	0.999597	-0.0981393	0.00816819	6.94856	
0.999493	4.21551e-05	0.0318454	4.16324e-05	0.999997	-0.0026304	-0.0318454	0.00263039	0.999489	-0.124259	0.0103278	7.81685	
0.999373	5.2035e-05	0.0354046	5.13154e-05	0.999996	-0.00291821	-0.0354046	0.00291819	0.999369	-0.153468	0.0127378	8.68505	
0.99924	6.2951e-05	0.0389676	6.19905e-05	0.999995	-0.00320508	-0.0389676	0.00320506	0.999235	-0.185772	0.0153974	9.55313	
0.999095	7.4902e-05	0.0425342	7.36518e-05	0.999994	-0.003491	-0.0425342	0.00349097	0.999089	-0.221171	0.0183057	10.4211	
0.998937	8.78865e-05	0.0461042	8.62937e-05	0.999993	-0.00377596	-0.0461042	0.00377592	0.998929	-0.259671	0.0214621	11.2889	
0.998765	0.000101903	0.0496777	9.991e-05	0.999992	-0.00405995	-0.0496777	0.0040599	0.998757	-0.301273	0.0248655	12.1566	
0.998581	0.000116951	0.0532545	0.000114495	0.999991	-0.00434296	-0.0532545	0.00434289	0.998572	-0.345981	0.0285152	13.0241	
0.998384	0.000133027	0.0568344	0.000130042	0.999989	-0.00462497	-0.0568344	0.00462489	0.998373	-0.393798	0.0324103	13.8915	
0.998173	0.000150131	0.0604174	0.000146545	0.999988	-0.00490598	-0.0604174	0.00490587	0.998161	-0.444725	0.0365499	14.7587	
0.99795	0.00016826	0.0640033	0.000163997	0.999987	-0.00518597	-0.0640033	0.00518584	0.997936	-0.498767	0.0409332	15.6257	
0.997713	0.000187413	0.067592	0.000182393	0.999985	-0.00546494	-0.067592	0.00546477	0.997698	-0.555924	0.0455592	16.4925	
0.997463	0.000207587	0.0711834	0.000201724	0.999983	-0.00574286	-0.0711834	0.00574265	0.997447	-0.6162	0.0504271	17.359	
0.9972	0.000228781	0.0747774	0.000221985	0.999982	-0.00601974	-0.0747774	0.00601948	0.997182	-0.679598	0.0555359	18.2254	
0.996924	0.000250991	0.0783738	0.000243169	0.99998	-0.00629556	-0.0783739	0.00629525	0.996904	-0.746118	0.0608848	19.0915	
0.996635	0.000274216	0.0819727	0.000265268	0.999978	-0.0065703	-0.0819727	0.00656994	0.996613	-0.815763	0.0664727	19.9574	
0.996332	0.000298453	0.0855737	0.000288275	0.999977	-0.00684397	-0.0855738	0.00684353	0.996308	-0.888536	0.0722987	20.823	
0.996016	0.0003237	0.0891769	0.000312183	0.999975	-0.00711655	-0.0891769	0.00711603	0.99599	-0.964438	0.078362	21.6883	
0.995686	0.000349954	0.0927821	0.000336986	0.999973	-0.00738802	-0.0927821	0.00738742	0.995659	-1.04347	0.0846615	22.5534	
0.995344	0.000377211	0.0963892	0.000362674	0.999971	-0.00765838	-0.0963892	0.00765768	0.995314	-1.12564	0.0911962	23.4182	
0.994988	0.00040547	0.099998	0.000389241	0.999969	-0.00792763	-0.0999981	0.00792681	0.994956	-1.21094	0.0979652	24.2826	
0.994618	0.000434726	0.103609	0.00041668	0.999966	-0.00819574	-0.103609	0.0081948	0.994584	-1.29937	0.104968	25.1468	
0.994235	0.000464978	0.107221	0.000444981	0.999964	-0.00846271	-0.107221	0.00846164	0.994199	-1.39094	0.112202	26.0106	
0.993839	0.000496221	0.110834	0.000474138	0.999962	-0.00872854	-0.110834	0.00872731	0.993801	-1.48565	0.119668	26.8741	
0.993429	0.000528453	0.114449	0.000504142	0.999959	-0.0089932	-0.114449	0.0089918	0.993388	-1.5835	0.127364	27.7372	
0.993006	0.00056167	0.118065	0.000534986	0.999957	-0.0092567	-0.118065	0.00925511	0.992963	-1.6845	0.13529	28.5999	
0.992569	0.000595869	0.121682	0.000566661	0.999955	-0.00951901	-0.121682	0.00951723	0.992523	-1.78863	0.143443	29.4623	
0.992119	0.000631046	0.1253	0.000599159	0.999952	-0.00978015	-0.1253	0.00977814	0.992071	-1.8959	0.151824	30.3243	
0.991655	0.000667197	0.128919	0.000632471	0.999949	-0.0100401	-0.128919	0.0100378	0.991604	-2.00632	0.160431	31.1859	
0.991178	0.000704319	0.132539	0.00066659	0.999947	-0.0102988	-0.132539	0.0102963	0.991124	-2.11989	0.169263	32.0471	
0.990687	0.000742407	0.136159	0.000701506	0.999944	-0.0105563	-0.136159	0.0105535	0.990631	-2.23659	0.178319	32.9079	
0.990182	0.000781458	0.13978	0.000737211	0.999941	-0.0108126	-0.13978	0.0108095	0.990124	-2.35644	0.187598	33.7682	
0.989664	0.000821468	0.143401	0.000773696	0.999938	-0.0110677	-0.143401	0.0110643	0.989603	-2.47944	0.197099	34.6281	
0.989133	0.000862433	0.147022	0.000810953	0.999936	-0.0113215	-0.147022	0.0113177	0.989068	-2.60559	0.20682	35.4875	
0.988588	0.000904347	0.150644	0.000848972	0.999933	-0.0115741	-0.150644	0.0115699	0.98852	-2.73488	0.216761	36.3465	
0.988029	0.000947208	0.154265	0.000887745	0.99993	-0.0118255	-0.154266	0.0118208	0.987959	-2.86731	0.226921	37.2049	
0.987457	0.00099101	0.157887	0.000927263	0.999927	-0.0120755	-0.157887	0.0120705	0.987383	-3.00289	0.237298	38.0629	
0.986871	0.00103575	0.161508	0.000967516	0.999924	-0.0123243	-0.161509	0.0123188	0.986794	-3.14162	0.247891	38.9204	
0.986271	0.00108142	0.16513	0.00100849	0.99992	-0.0125719	-0.16513	0.0125658	0.986192	-3.2835	0.2587	39.7773	
0.985658	0.00112802	0.16875	0.00105019	0.999917	-0.0128181	-0.168751	0.0128115	0.985575	-3.42851	0.269722	40.6338	
0.985031	0.00117554	0.172371	0.00109259	0.999914	-0.013063	-0.172371	0.0130558	0.984946	-3.57668	0.280958	41.4896	
0.984391	0.00122399	0.17599	0.0011357	0.999911	-0.0133067	-0.175991	0.0132989	0.984302	-3.72799	0.292405	42.345	
0.983737	0.00127334	0.179609	0.00117949	0.999908	-0.013549	-0.17961	0.0135405	0.983645	-3.88244	0.304062	43.1997	
0.98307	0.0013236	0.183227	0.00122396	0.999904	-0.0137901	-0.183228	0.0137809	0.982974	-4.04004	0.315929	44.0539	
0.982389	0.00137477	0.186844	0.0012691	0.999901	-0.0140298	-0.186845	0.0140198	0.982289	-4.20077	0.328004	44.9075	
0.981694	0.00142683	0.19046	0.00131489	0.999897	-0.0142682	-0.190461	0.0142574	0.981591	-4.36466	0.340286	45.7605	
0.980986	0.00147979	0.194075	0.00136134	0.999894	-0.0145052	-0.194075	0.0144936	0.98088	-4.53168	0.352774	46.6129	
0.980264	0.00153364	0.197688	0.00140843	0.99989	-0.0147409	-0.197689	0.0147284	0.980154	-4.70184	0.365466	47.4647	
0.979528	0.00158836	0.2013	0.00145615	0.999887	-0.0149753	-0.201301	0.0149618	0.979415	-4.87514	0.378362	48.3158	
0.978779	0.00164397	0.20491	0.00150449	0.999883	-0.0152083	-0.204911	0.0151939	0.978663	-5.05157	0.39146	49.1663	
0.978017	0.00170044	0.208519	0.00155344	0.99988	-0.01544	-0.20852	0.0154245	0.977896	-5.23114	0.404759	50.0161	
0.976887	0.00177631	0.213751	0.00102748	0.999915	-0.0130053	-0.213756	0.0129243	0.976802	-5.41456	0.417072	50.8651	
0.975727	0.00183888	0.218983	0.000488958	0.999944	-0.0105756	-0.21899	0.010426	0.975671	-5.60252	0.427214	51.7132	
0.974538	0.00188812	0.224214	-6.21041e-05	0.999967	-0.00815085	-0.224222	0.00792939	0.974506	-5.79502	0.435187	52.5602	
0.97332	0.00192401	0.229445	-0.000625705	0.999983	-0.00573109	-0.229453	0.00543461	0.973305	-5.99207	0.440991	53.4062	
0.972072	0.00194653	0.234675	-0.00120184	0.999994	-0.00331627	-0.23468	0.00294161	0.972068	-6.19367	0.44463	54.2512	
0.970795	0.00195566	0.239903	-0.0017905	0.999998	-0.000906405	-0.239904	0.000450388	0.970796	-6.3998	0.446103	55.0951	
0.969489	0.00195138	0.245129	-0.00239168	0.999996	0.00149853	-0.245125	-0.00203907	0.969489	-6.61047	0.445413	55.9378	
0.968153	0.00193368	0.250352	-0.00300537	0.999988	0.00389853	-0.250341	-0.00452677	0.968147	-6.82567	0.442561	56.7794	
0.966788	0.00190255	0.255571	-0.00363158	0.999974	0.00629362	-0.255552	-0.00701273	0.96677	-7.04541	0.437549	57.6198	
0.965395	0.00185799	0.260787	-0.0042703	0.999953	0.00868381	-0.260758	-0.00949694	0.965357	-7.26966	0.430378	58.4591	
0.963972	0.00179998	0.265998	-0.00492152	0.999927	0.0110691	-0.265958	-0.0119794	0.96391	-7.49844	0.42105	59.297	
0.96252	0.00172852	0.271204	-0.00558524	0.999894	0.0134495	-0.271152	-0.0144602	0.962428	-7.73173	0.409566	60.1337	
0.96104	0.00164362	0.276405	-0.00626146	0.999855	0.0158251	-0.276339	-0.0169392	0.960911	-7.96953	0.395928	60.9691	
0.959531	0.00154527	0.281599	-0.00695017	0.99981	0.0181958	-0.281518	-0.0194166	0.95936	-8.21183	0.380137	61.8032	
0.957993	0.00143348	0.286787	-0.00765138	0.999759	0.0205617	-0.286689	-0.0218923	0.957774	-8.45863	0.362194	62.6359	
0.956427	0.00130825	0.291969	-0.00836509	0.999702	0.0229228	-0.291852	-0.0243663	0.956153	-8.70992	0.342102	63.4672	
0.954833	0.0011696	0.297142	-0.00909128	0.999639	0.025279	-0.297005	-0.0268387	0.954499	-8.96568	0.319862	64.2971	
0.95321	0.00101754	0.302308	-0.00982997	0.99957	0.0276305	-0.30215	-0.0293094	0.95281	-9.22592	0.295474	65.1255	
0.951559	0.000852071	0.307465	-0.0105812	0.999495	0.0299773	-0.307284	-0.0317785	0.951087	-9.49063	0.268941	65.9524	
0.94988	0.000673222	0.312613	-0.0113448	0.999413	0.0323192	-0.312408	-0.034246	0.949331	-9.75979	0.240264	66.7779	
0.948174	0.000481007	0.317751	-0.012121	0.999326	0.0346565	-0.31752	-0.0367118	0.947541	-10.0334	0.209443	67.6018	
0.94644	0.000275447	0.322879	-0.0129097	0.999232	0.036989	-0.322621	-0.0391762	0.945717	-10.3114	0.176482	68.4241	
0.944679	5.65674e-05	0.327997	-0.0137108	0.999133	0.0393169	-0.32771	-0.0416389	0.94386	-10.5939	0.14138	69.2448	
0.94289	-0.000175608	0.333104	-0.0145245	0.999027	0.04164	-0.332787	-0.0441001	0.94197	-10.8808	0.10414	70.0639	
0.938923	-0.000800034	0.344127	-0.0207045	0.998054	0.058811	-0.343504	-0.062344	0.93708	-11.1745	0.0579048	70.8801	
0.934831	-0.00163833	0.35509	-0.027079	0.996749	0.0758886	-0.354059	-0.0805585	0.931747	-11.4775	-0.00416637	71.6918	
0.930616	-0.00269011	0.365988	-0.0336448	0.99511	0.0928647	-0.364448	-0.098735	0.925975	-11.7896	-0.0820444	72.4988	
0.92628	-0.00395487	0.376815	-0.0403989	0.99314	0.109731	-0.374664	-0.116865	0.919766	-12.1107	-0.175692	73.3005	
0.921825	-0.00543201	0.387567	-0.0473381	0.990839	0.126481	-0.384704	-0.13494	0.913123	-12.4405	-0.285066	74.0966	
0.917254	-0.00712084	0.398239	-0.0544591	0.988208	0.143104	-0.394562	-0.152951	0.90605	-12.779	-0.410115	74.8868	
0.912568	-0.00902057	0.408825	-0.0617586	0.985249	0.159595	-0.404234	-0.17089	0.89855	-13.126	-0.550778	75.6706	
0.90777	-0.0111303	0.419321	-0.0692332	0.981962	0.175945	-0.413716	-0.188748	0.890625	-13.4812	-0.706991	76.4478	
0.902862	-0.013449	0.429721	-0.0768792	0.97835	0.192146	-0.423002	-0.206518	0.882281	-13.8447	-0.878679	77.2179	
0.897845	-0.0159756	0.440021	-0.0846931	0.974415	0.208191	-0.432089	-0.22419	0.873521	-14.2161	-1.06576	77.9805	
0.892724	-0.018709	0.450216	-0.0926713	0.970157	0.224071	-0.440972	-0.241756	0.864348	-14.5953	-1.26815	78.7354	
0.887499	-0.0216478	0.4603	-0.10081	0.965579	0.239781	-0.449647	-0.259208	0.854768	-14.9822	-1.48575	79.4821	
0.882174	-0.0247906	0.47027	-0.109105	0.960683	0.255312	-0.45811	-0.276538	0.844785	-15.3765	-1.71846	80.2203	
0.876751	-0.0281359	0.480121	-0.117553	0.955472	0.270656	-0.466357	-0.293738	0.834403	-15.778	-1.96616	80.9497	
0.871232	-0.0316823	0.489847	-0.12615	0.949947	0.285808	-0.474384	-0.310799	0.823628	-16.1866	-2.22875	81.6699	
0.865621	-0.035428	0.499445	-0.134891	0.944113	0.300759	-0.482188	-0.327713	0.812465	-16.6021	-2.50609	82.3805	
0.859919	-0.0393712	0.50891	-0.143773	0.93797	0.315502	-0.489764	-0.344473	0.800918	-17.0243	-2.79806	83.0813	
