1	0	0	0	1	0	0	0	1	0	0	0	
1	2.58066e-07	-0.000538756	2.58066e-07	1	0.000958006	0.000538756	-0.000958006	0.999999	0.000200673	-0.000356833	0.744949	
0.999999	1.03785e-06	-0.00108041	1.03789e-06	0.999998	0.00192125	0.00108041	-0.00192125	0.999998	0.000803773	-0.00142928	1.4899	
0.999999	2.34773e-06	-0.00162495	2.34791e-06	0.999996	0.0028897	0.00162495	-0.0028897	0.999995	0.00181145	-0.00322124	2.23484	
0.999998	4.19607e-06	-0.00217236	4.19652e-06	0.999993	0.00386334	0.00217236	-0.00386334	0.99999	0.00322585	-0.00573658	2.97979	
0.999996	6.59122e-06	-0.00272261	6.59211e-06	0.999988	0.00484212	0.00272261	-0.00484212	0.999985	0.00504911	-0.00897914	3.72473	
0.999995	9.54151e-06	-0.0032757	9.54308e-06	0.999983	0.00582604	0.0032757	-0.00582604	0.999978	0.00728333	-0.0129528	4.46966	
0.999993	1.30552e-05	-0.00383161	1.30578e-05	0.999977	0.00681505	0.00383161	-0.00681505	0.999969	0.00993062	-0.0176612	5.21459	
0.99999	1.71407e-05	-0.00439032	1.71445e-05	0.99997	0.00780913	0.00439032	-0.00780913	0.99996	0.0129931	-0.0231084	5.95952	
0.999988	2.18062e-05	-0.00495182	2.18117e-05	0.999961	0.00880824	0.00495182	-0.00880824	0.999949	0.0164728	-0.0292979	6.70443	
0.999985	2.706e-05	-0.00551608	2.70676e-05	0.999952	0.00981237	0.00551608	-0.00981237	0.999937	0.0203718	-0.0362336	7.44934	
0.999981	3.29103e-05	-0.0060831	3.29204e-05	0.999941	0.0108215	0.0060831	-0.0108215	0.999923	0.0246922	-0.0439192	8.19424	
0.999978	3.93653e-05	-0.00665285	3.93785e-05	0.99993	0.0118356	0.00665285	-0.0118356	0.999908	0.0294361	-0.0523584	8.93912	
0.999974	4.64331e-05	-0.00722532	4.64501e-05	0.999917	0.0128545	0.00722532	-0.0128545	0.999891	0.0346053	-0.0615549	9.684	
0.99997	5.4122e-05	-0.00780049	5.41433e-05	0.999904	0.0138784	0.00780049	-0.0138784	0.999873	0.0402021	-0.0715122	10.4289	
0.999965	6.24401e-05	-0.00837834	6.24665e-05	0.999889	0.0149072	0.00837834	-0.0149072	0.999854	0.0462283	-0.0822341	11.1737	
0.99996	7.13955e-05	-0.00895886	7.14276e-05	0.999873	0.0159408	0.00895886	-0.0159408	0.999833	0.0526859	-0.0937242	11.9185	
0.999954	8.09962e-05	-0.00954204	8.1035e-05	0.999856	0.0169792	0.00954204	-0.0169792	0.99981	0.059577	-0.105986	12.6634	
0.999949	9.12503e-05	-0.0101278	9.12966e-05	0.999838	0.0180223	0.0101278	-0.0180223	0.999786	0.0669036	-0.119023	13.4082	
0.999943	0.000102166	-0.0107163	0.00010222	0.999818	0.0190703	0.0107163	-0.0190703	0.999761	0.0746675	-0.132839	14.1529	
0.999936	0.000113751	-0.0113073	0.000113815	0.999798	0.0201229	0.0113073	-0.0201229	0.999734	0.0828707	-0.147438	14.8977	
0.999929	0.000126013	-0.0119009	0.000126087	0.999776	0.0211802	0.0119009	-0.0211802	0.999705	0.0915152	-0.162822	15.6424	
0.999922	0.00013896	-0.012497	0.000139047	0.999753	0.0222422	0.012497	-0.0222422	0.999675	0.100603	-0.178996	16.3872	
0.999914	0.000152601	-0.0130958	0.0001527	0.999728	0.0233088	0.0130958	-0.0233088	0.999643	0.110135	-0.195962	17.1319	
0.999906	0.000166942	-0.013697	0.000167055	0.999703	0.02438	0.013697	-0.02438	0.999609	0.120115	-0.213725	17.8765	
0.999898	0.000181993	-0.0143007	0.000182121	0.999676	0.0254558	0.0143007	-0.0254558	0.999574	0.130544	-0.232288	18.6212	
0.999889	0.00019776	-0.014907	0.000197905	0.999648	0.0265361	0.014907	-0.0265361	0.999537	0.141423	-0.251653	19.3658	
0.99988	0.000214251	-0.0155157	0.000214414	0.999618	0.0276209	0.0155157	-0.0276209	0.999498	0.152754	-0.271826	20.1104	
0.99987	0.000231474	-0.0161269	0.000231657	0.999588	0.0287101	0.0161269	-0.0287101	0.999458	0.16454	-0.292807	20.8549	
0.99986	0.000249436	-0.0167405	0.000249641	0.999556	0.0298038	0.0167405	-0.0298038	0.999416	0.176783	-0.314602	21.5995	
0.999849	0.000268146	-0.0173565	0.000268373	0.999522	0.030902	0.0173565	-0.030902	0.999372	0.189483	-0.337214	22.344	
0.999838	0.000287611	-0.017975	0.000287863	0.999488	0.0320045	0.017975	-0.0320045	0.999326	0.202643	-0.360645	23.0884	
0.999827	0.000307838	-0.0185958	0.000308116	0.999452	0.0331113	0.0185958	-0.0331113	0.999279	0.216265	-0.384899	23.8329	
0.999815	0.000328835	-0.019219	0.000329141	0.999414	0.0342225	0.019219	-0.0342225	0.999229	0.23035	-0.409979	24.5773	
0.999803	0.000350608	-0.0198445	0.000350945	0.999375	0.0353379	0.0198445	-0.0353379	0.999178	0.2449	-0.435889	25.3216	
0.99979	0.000373167	-0.0204724	0.000373536	0.999335	0.0364576	0.0204724	-0.0364577	0.999125	0.259917	-0.462631	26.0659	
0.999777	0.000396517	-0.0211026	0.00039692	0.999293	0.0375816	0.0211026	-0.0375816	0.999071	0.275403	-0.490208	26.8102	
0.999764	0.000420667	-0.0217351	0.000421106	0.99925	0.0387097	0.0217351	-0.0387097	0.999014	0.291359	-0.518625	27.5544	
0.99975	0.000445623	-0.0223698	0.000446101	0.999206	0.039842	0.0223698	-0.039842	0.998956	0.307787	-0.547883	28.2986	
0.999735	0.000471393	-0.0230069	0.000471912	0.99916	0.0409783	0.0230069	-0.0409783	0.998895	0.324688	-0.577987	29.0428	
0.99972	0.000497983	-0.0236461	0.000498545	0.999112	0.0421188	0.0236461	-0.0421188	0.998833	0.342065	-0.608939	29.7869	
0.999705	0.000525401	-0.0242876	0.000526009	0.999064	0.0432634	0.0242876	-0.0432634	0.998768	0.359919	-0.640741	30.5309	
0.999689	0.000553654	-0.0249313	0.000554311	0.999013	0.0444119	0.0249313	-0.0444119	0.998702	0.378252	-0.673398	31.275	
0.999673	0.000582749	-0.0255771	0.000583456	0.998961	0.0455645	0.0255771	-0.0455645	0.998634	0.397065	-0.706912	32.0189	
0.999656	0.000612693	-0.0262252	0.000613454	0.998908	0.046721	0.0262251	-0.046721	0.998564	0.41636	-0.741286	32.7628	
0.999639	0.000643492	-0.0268753	0.000644309	0.998853	0.0478815	0.0268753	-0.0478815	0.998491	0.436139	-0.776523	33.5067	
0.999621	0.000675154	-0.0275276	0.00067603	0.998796	0.0490458	0.0275276	-0.0490458	0.998417	0.456403	-0.812626	34.2505	
0.999603	0.000707685	-0.028182	0.000708623	0.998738	0.050214	0.028182	-0.050214	0.998341	0.477153	-0.849598	34.9942	
0.999584	0.000741092	-0.0288385	0.000742095	0.998679	0.0513861	0.0288385	-0.0513861	0.998262	0.498392	-0.887441	35.7379	
0.999565	0.000775381	-0.0294971	0.000776453	0.998617	0.0525619	0.0294971	-0.0525619	0.998182	0.52012	-0.926159	36.4815	
0.999545	0.000810559	-0.0301577	0.000811703	0.998555	0.0537415	0.0301577	-0.0537415	0.998099	0.54234	-0.965755	37.2251	
0.999525	0.000846633	-0.0308204	0.000847851	0.99849	0.0549248	0.0308203	-0.0549248	0.998015	0.565053	-1.00623	37.9686	
0.999504	0.000883609	-0.031485	0.000884906	0.998424	0.0561118	0.031485	-0.0561119	0.997928	0.58826	-1.04759	38.712	
0.999448	0.000983823	-0.03321	0.00100518	0.998209	0.0598218	0.0332094	-0.0598222	0.997656	0.612357	-1.09077	39.4553	
0.999389	0.0010906	-0.0349369	0.00113198	0.997979	0.0635342	0.0349356	-0.0635349	0.997368	0.637739	-1.13672	40.1984	
0.999327	0.00120396	-0.0366655	0.00126534	0.997735	0.0672488	0.0366635	-0.06725	0.997062	0.664408	-1.18543	40.9413	
0.999262	0.00132391	-0.0383959	0.00140525	0.997478	0.0709656	0.038393	-0.0709671	0.99674	0.692365	-1.23692	41.6839	
0.999193	0.00145048	-0.0401279	0.00155175	0.997206	0.0746843	0.0401241	-0.0746863	0.9964	0.721611	-1.29117	42.4263	
0.999122	0.00158368	-0.0418614	0.00170483	0.99692	0.0784048	0.0418567	-0.0784073	0.996042	0.752147	-1.34819	43.1685	
0.999048	0.00172352	-0.0435964	0.00186452	0.99662	0.0821269	0.0435906	-0.08213	0.995668	0.783974	-1.40799	43.9103	
0.99897	0.00187002	-0.0453327	0.00203082	0.996306	0.0858506	0.0453258	-0.0858542	0.995276	0.817093	-1.47056	44.6519	
0.99889	0.00202319	-0.0470703	0.00220374	0.995978	0.0895756	0.0470622	-0.0895799	0.994867	0.851505	-1.5359	45.3932	
0.998806	0.00218304	-0.048809	0.0023833	0.995635	0.0933018	0.0487996	-0.0933067	0.994441	0.887211	-1.60402	46.1342	
0.998719	0.00234958	-0.0505488	0.00256951	0.995278	0.0970291	0.0505381	-0.0970347	0.993997	0.924212	-1.67492	46.8748	
0.998629	0.00252283	-0.0522896	0.00276237	0.994907	0.100757	0.0522775	-0.100764	0.993536	0.962508	-1.7486	47.6151	
0.998536	0.00270278	-0.0540313	0.00296189	0.994522	0.104486	0.0540178	-0.104493	0.993058	1.0021	-1.82505	48.3551	
0.998439	0.00288946	-0.0557739	0.00316807	0.994122	0.108216	0.0557587	-0.108223	0.992562	1.04299	-1.90428	49.0947	
0.99834	0.00308286	-0.0575171	0.00338094	0.993709	0.111946	0.0575003	-0.111954	0.992048	1.08518	-1.98629	49.8339	
0.998237	0.00328299	-0.059261	0.00360048	0.99328	0.115676	0.0592425	-0.115685	0.991518	1.12866	-2.07108	50.5727	
0.998131	0.00348985	-0.0610054	0.00382671	0.992838	0.119406	0.0609852	-0.119416	0.990969	1.17344	-2.15865	51.3111	
0.998022	0.00370346	-0.0627502	0.00405962	0.992381	0.123136	0.0627282	-0.123148	0.990404	1.21952	-2.249	52.0492	
0.99791	0.00392382	-0.0644954	0.00429923	0.99191	0.126867	0.0644715	-0.126879	0.989821	1.2669	-2.34213	52.7867	
0.997795	0.00415092	-0.0662409	0.00454553	0.991425	0.130597	0.066215	-0.13061	0.98922	1.31558	-2.43804	53.5239	
0.997677	0.00438477	-0.0679866	0.00479853	0.990926	0.134326	0.0679586	-0.13434	0.988602	1.36555	-2.53672	54.2606	
0.997555	0.00462537	-0.0697323	0.00505822	0.990412	0.138055	0.0697023	-0.13807	0.987967	1.41683	-2.63819	54.9968	
0.99743	0.00487271	-0.0714781	0.00532462	0.989883	0.141783	0.0714458	-0.141799	0.987314	1.4694	-2.74243	55.7325	
0.997302	0.00512681	-0.0732237	0.0055977	0.989341	0.14551	0.0731892	-0.145527	0.986643	1.52328	-2.84946	56.4678	
0.997171	0.00538765	-0.0749692	0.00587749	0.988784	0.149236	0.0749324	-0.149254	0.985956	1.57845	-2.95925	57.2025	
0.997037	0.00565523	-0.0767144	0.00616396	0.988213	0.15296	0.0766752	-0.15298	0.98525	1.63492	-3.07183	57.9368	
0.9969	0.00592955	-0.0784593	0.00645713	0.987628	0.156684	0.0784176	-0.156705	0.984527	1.69269	-3.18718	58.6704	
0.996759	0.00621061	-0.0802037	0.00675698	0.987028	0.160406	0.0801595	-0.160428	0.983787	1.75175	-3.3053	59.4036	
0.996615	0.00649839	-0.0819475	0.00706351	0.986414	0.164126	0.0819008	-0.164149	0.98303	1.81212	-3.4262	60.1362	
0.996469	0.0067929	-0.0836908	0.00737671	0.985786	0.167844	0.0836413	-0.167869	0.982255	1.87378	-3.54987	60.8682	
0.996319	0.00709412	-0.0854333	0.00769659	0.985144	0.17156	0.0853811	-0.171586	0.981462	1.93673	-3.67631	61.5996	
0.996166	0.00740204	-0.087175	0.00802313	0.984487	0.175275	0.08712	-0.175302	0.980652	2.00099	-3.80551	62.3305	
0.996009	0.00771666	-0.0889158	0.00835632	0.983816	0.178987	0.088858	-0.179015	0.979825	2.06653	-3.93749	63.0607	
0.99585	0.00803796	-0.0906557	0.00869616	0.983131	0.182696	0.0905949	-0.182726	0.978981	2.13337	-4.07223	63.7903	
0.995687	0.00836594	-0.0923944	0.00904264	0.982432	0.186403	0.0923307	-0.186435	0.978119	2.20151	-4.20973	64.5193	
0.995522	0.00870058	-0.0941321	0.00939574	0.981718	0.190107	0.0940652	-0.19014	0.97724	2.27094	-4.35	65.2476	
0.995353	0.00904187	-0.0958684	0.00975546	0.980991	0.193809	0.0957984	-0.193843	0.976344	2.34166	-4.49302	65.9753	
0.995181	0.00938979	-0.0976035	0.0101218	0.980249	0.197507	0.0975303	-0.197543	0.97543	2.41367	-4.6388	66.7023	
0.995006	0.00974434	-0.0993371	0.0104947	0.979494	0.201202	0.0992606	-0.20124	0.9745	2.48697	-4.78734	67.4286	
0.994828	0.0101055	-0.101069	0.0108742	0.978724	0.204894	0.100989	-0.204933	0.973552	2.56156	-4.93863	68.1542	
0.994647	0.0104732	-0.1028	0.0112603	0.97794	0.208582	0.102716	-0.208623	0.972587	2.63743	-5.09267	68.8791	
0.994463	0.0108475	-0.104529	0.0116529	0.977142	0.212267	0.104442	-0.212309	0.971605	2.71459	-5.24946	69.6032	
0.994275	0.0112284	-0.106256	0.012052	0.976331	0.215948	0.106165	-0.215992	0.970606	2.79304	-5.40899	70.3266	
0.994085	0.0116158	-0.107981	0.0124577	0.975505	0.219625	0.107887	-0.219671	0.96959	2.87277	-5.57126	71.0493	
0.993275	0.0132736	-0.115015	0.0143675	0.971596	0.236209	0.114883	-0.236273	0.964872	2.95575	-5.74109	71.7699	
0.992414	0.0150519	-0.122013	0.0163969	0.967403	0.252709	0.12184	-0.252792	0.959818	3.04392	-5.92326	72.4868	
0.991503	0.01695	-0.128973	0.0185452	0.962928	0.269119	0.128754	-0.269225	0.954432	3.13726	-6.11771	73.1998	
