1	0	0	0	1	0	0	0	1	0	0	0	
1	2.97813e-08	0.000221987	2.97813e-08	1	-0.000268316	-0.000221987	0.000268316	1	-0.000107798	0.000130296	0.971212	
1	1.19434e-07	0.000444564	1.19417e-07	1	-0.00053727	-0.000444564	0.00053727	1	-0.000431479	0.000521494	1.94242	
1	2.6941e-07	0.000667723	2.6934e-07	1	-0.000806847	-0.000667723	0.000806847	0.999999	-0.000971613	0.0011742	2.91364	
1	4.8015e-07	0.000891453	4.79976e-07	0.999999	-0.00107704	-0.000891453	0.00107704	0.999999	-0.00172876	0.00208903	3.88485	
0.999999	7.52086e-07	0.00111574	7.51738e-07	0.999999	-0.00134782	-0.00111574	0.00134782	0.999998	-0.00270346	0.00326655	4.85606	
0.999999	1.08564e-06	0.00134058	1.08503e-06	0.999999	-0.00161919	-0.00134058	0.00161919	0.999998	-0.00389627	0.00470736	5.82727	
0.999999	1.48122e-06	0.00156596	1.48024e-06	0.999998	-0.00189114	-0.00156596	0.00189114	0.999997	-0.00530771	0.006412	6.79848	
0.999998	1.93923e-06	0.00179188	1.93776e-06	0.999998	-0.00216365	-0.00179188	0.00216365	0.999996	-0.0069383	0.00838102	7.76969	
0.999998	2.46006e-06	0.0020183	2.45795e-06	0.999997	-0.0024367	-0.0020183	0.0024367	0.999995	-0.00878854	0.010615	8.74089	
0.999997	3.04409e-06	0.00224524	3.04118e-06	0.999996	-0.00271029	-0.00224524	0.00271029	0.999994	-0.0108589	0.0131144	9.7121	
0.999997	3.69169e-06	0.00247268	3.6878e-06	0.999996	-0.0029844	-0.00247268	0.0029844	0.999992	-0.01315	0.0158798	10.6833	
0.999996	4.40321e-06	0.00270061	4.39815e-06	0.999995	-0.00325901	-0.00270061	0.00325901	0.999991	-0.0156622	0.0189116	11.6545	
0.999996	5.17901e-06	0.00292901	5.17255e-06	0.999994	-0.00353413	-0.00292901	0.00353413	0.999989	-0.018396	0.0222104	12.6257	
0.999995	6.01941e-06	0.00315788	6.01132e-06	0.999993	-0.00380973	-0.00315788	0.00380973	0.999988	-0.0213518	0.0257766	13.5969	
0.999994	6.92475e-06	0.00338721	6.91477e-06	0.999992	-0.00408579	-0.00338721	0.00408579	0.999986	-0.0245301	0.0296107	14.5681	
0.999993	7.89534e-06	0.00361698	7.8832e-06	0.99999	-0.00436232	-0.00361698	0.00436232	0.999984	-0.0279314	0.0337132	15.5393	
0.999993	8.93149e-06	0.00384719	8.91689e-06	0.999989	-0.00463928	-0.00384719	0.00463928	0.999982	-0.031556	0.0380844	16.5105	
0.999992	1.00335e-05	0.00407782	1.00161e-05	0.999988	-0.00491668	-0.00407782	0.00491668	0.99998	-0.0354045	0.0427248	17.4817	
0.999991	1.12016e-05	0.00430887	1.11811e-05	0.999987	-0.0051945	-0.00430887	0.0051945	0.999977	-0.0394771	0.0476349	18.4529	
0.99999	1.24361e-05	0.00454033	1.24122e-05	0.999985	-0.00547272	-0.00454033	0.00547272	0.999975	-0.0437743	0.052815	19.4241	
0.999989	1.37373e-05	0.00477217	1.37095e-05	0.999983	-0.00575134	-0.00477217	0.00575134	0.999972	-0.0482965	0.0582654	20.3953	
0.999987	1.51053e-05	0.0050044	1.50733e-05	0.999982	-0.00603033	-0.0050044	0.00603033	0.999969	-0.0530441	0.0639867	21.3665	
0.999986	1.65405e-05	0.005237	1.65039e-05	0.99998	-0.00630969	-0.005237	0.00630969	0.999966	-0.0580174	0.0699791	22.3376	
0.999985	1.8043e-05	0.00546996	1.80014e-05	0.999978	-0.0065894	-0.00546996	0.0065894	0.999963	-0.0632168	0.0762429	23.3088	
0.999984	1.96132e-05	0.00570327	1.9566e-05	0.999976	-0.00686945	-0.00570327	0.00686945	0.99996	-0.0686425	0.0827786	24.28	
0.999982	2.1251e-05	0.00593692	2.11978e-05	0.999974	-0.00714983	-0.00593692	0.00714983	0.999957	-0.0742951	0.0895865	25.2512	
0.999981	2.29569e-05	0.0061709	2.28972e-05	0.999972	-0.00743052	-0.0061709	0.00743052	0.999953	-0.0801747	0.0966668	26.2223	
0.999979	2.47308e-05	0.0064052	2.46642e-05	0.99997	-0.00771151	-0.0064052	0.00771151	0.99995	-0.0862818	0.10402	27.1935	
0.999978	2.65731e-05	0.00663981	2.64989e-05	0.999968	-0.00799278	-0.00663981	0.00799278	0.999946	-0.0926165	0.111646	28.1647	
0.999976	2.84838e-05	0.00687471	2.84015e-05	0.999966	-0.00827434	-0.00687471	0.00827434	0.999942	-0.0991792	0.119545	29.1358	
0.999975	3.0463e-05	0.00710989	3.03722e-05	0.999963	-0.00855615	-0.0071099	0.00855615	0.999938	-0.10597	0.127718	30.107	
0.999973	3.2511e-05	0.00734536	3.24109e-05	0.999961	-0.00883821	-0.00734536	0.00883821	0.999934	-0.11299	0.136165	31.0781	
0.999971	3.46278e-05	0.00758108	3.45179e-05	0.999958	-0.0091205	-0.00758108	0.0091205	0.99993	-0.120238	0.144886	32.0493	
0.999969	3.68136e-05	0.00781706	3.66932e-05	0.999956	-0.00940302	-0.00781706	0.00940302	0.999925	-0.127716	0.153881	33.0204	
0.999968	3.90683e-05	0.00805328	3.89368e-05	0.999953	-0.00968574	-0.00805328	0.00968574	0.999921	-0.135422	0.163151	33.9915	
0.999966	4.13922e-05	0.00828974	4.12488e-05	0.99995	-0.00996866	-0.00828974	0.00996866	0.999916	-0.143359	0.172695	34.9627	
0.999964	4.37852e-05	0.00852641	4.36294e-05	0.999947	-0.0102518	-0.00852641	0.0102518	0.999911	-0.151525	0.182514	35.9338	
0.999962	4.62474e-05	0.00876329	4.60784e-05	0.999945	-0.010535	-0.00876329	0.010535	0.999906	-0.159921	0.192608	36.9049	
0.999959	4.87789e-05	0.00900037	4.8596e-05	0.999941	-0.0108185	-0.00900037	0.0108185	0.999901	-0.168547	0.202978	37.876	
0.999957	5.13797e-05	0.00923764	5.11821e-05	0.999938	-0.011102	-0.00923764	0.011102	0.999896	-0.177403	0.213622	38.8472	
0.999955	5.40498e-05	0.00947508	5.38367e-05	0.999935	-0.0113857	-0.00947508	0.0113857	0.99989	-0.18649	0.224543	39.8183	
0.999953	5.67892e-05	0.00971269	5.65599e-05	0.999932	-0.0116695	-0.00971269	0.0116695	0.999885	-0.195808	0.235738	40.7894	
0.99995	5.95978e-05	0.00995046	5.93515e-05	0.999929	-0.0119534	-0.00995046	0.0119534	0.999879	-0.205356	0.24721	41.7605	
0.999948	6.24758e-05	0.0101884	6.22116e-05	0.999925	-0.0122374	-0.0101884	0.0122374	0.999873	-0.215136	0.258957	42.7316	
0.999946	6.5423e-05	0.0104264	6.51401e-05	0.999922	-0.0125215	-0.0104264	0.0125215	0.999867	-0.225147	0.27098	43.7026	
0.999943	6.84394e-05	0.0106646	6.81369e-05	0.999918	-0.0128057	-0.0106646	0.0128057	0.999861	-0.235389	0.283279	44.6737	
0.999941	7.15249e-05	0.0109028	7.12019e-05	0.999914	-0.0130898	-0.0109028	0.0130898	0.999855	-0.245862	0.295854	45.6448	
0.999938	7.46795e-05	0.0111412	7.43351e-05	0.999911	-0.0133741	-0.0111412	0.0133741	0.999848	-0.256567	0.308705	46.6159	
0.999935	7.7903e-05	0.0113797	7.75364e-05	0.999907	-0.0136583	-0.0113797	0.0136583	0.999842	-0.267503	0.321832	47.5869	
0.999933	8.11955e-05	0.0116182	8.08056e-05	0.999903	-0.0139426	-0.0116182	0.0139426	0.999835	-0.278671	0.335236	48.558	
0.99993	8.45567e-05	0.0118568	8.41426e-05	0.999899	-0.0142268	-0.0118568	0.0142268	0.999828	-0.29007	0.348915	49.529	
0.999927	8.79865e-05	0.0120955	8.75473e-05	0.999895	-0.0145111	-0.0120955	0.0145111	0.999822	-0.301702	0.36287	50.5001	
0.999924	9.14849e-05	0.0123342	9.10195e-05	0.999891	-0.0147953	-0.0123342	0.0147953	0.999814	-0.313565	0.377101	51.4711	
0.999921	9.50516e-05	0.0125729	9.4559e-05	0.999886	-0.0150794	-0.0125729	0.0150794	0.999807	-0.32566	0.391609	52.4421	
0.999918	9.86866e-05	0.0128117	9.81657e-05	0.999882	-0.0153636	-0.0128117	0.0153636	0.9998	-0.337987	0.406392	53.4132	
0.999915	0.00010239	0.0130504	0.000101839	0.999878	-0.0156476	-0.0130504	0.0156476	0.999792	-0.350546	0.421451	54.3842	
0.999912	0.00010616	0.0132892	0.00010558	0.999873	-0.0159316	-0.0132892	0.0159315	0.999785	-0.363336	0.436786	55.3552	
0.999908	0.000109999	0.0135279	0.000109387	0.999869	-0.0162154	-0.0135279	0.0162154	0.999777	-0.376359	0.452397	56.3262	
0.999905	0.000113905	0.0137667	0.00011326	0.999864	-0.0164992	-0.0137667	0.0164992	0.999769	-0.389613	0.468283	57.2972	
0.999902	0.000117878	0.0140054	0.0001172	0.999859	-0.0167828	-0.0140054	0.0167828	0.999761	-0.4031	0.484445	58.2682	
0.999899	0.000121918	0.014244	0.000121205	0.999854	-0.0170663	-0.014244	0.0170663	0.999753	-0.416818	0.500883	59.2391	
0.999895	0.000126025	0.0144826	0.000125276	0.999849	-0.0173496	-0.0144826	0.0173496	0.999745	-0.430768	0.517595	60.2101	
0.999847	0.000181631	0.0174662	0.000166257	0.999802	-0.0199143	-0.0174664	0.0199142	0.999649	-0.446282	0.535691	61.181	
0.999791	0.000244884	0.0204491	0.000214886	0.999747	-0.0224784	-0.0204495	0.022478	0.999538	-0.464694	0.556277	62.1518	
0.999725	0.000315776	0.0234313	0.000271155	0.999686	-0.0250416	-0.0234319	0.0250411	0.999412	-0.486003	0.579352	63.1225	
0.999651	0.000394298	0.0264125	0.000335054	0.999619	-0.0276038	-0.0264133	0.027603	0.99927	-0.510209	0.604917	64.0931	
0.999568	0.000480443	0.0293926	0.000406574	0.999545	-0.0301649	-0.0293937	0.0301638	0.999113	-0.537309	0.632969	65.0635	
0.999476	0.000574198	0.0323714	0.000485703	0.999464	-0.0327246	-0.0323728	0.0327231	0.99894	-0.567303	0.663507	66.0338	
0.999375	0.000675552	0.0353488	0.000572427	0.999377	-0.0352827	-0.0353506	0.0352809	0.998752	-0.60019	0.69653	67.0039	
0.999265	0.000784491	0.0383246	0.00066673	0.999284	-0.0378392	-0.0383268	0.0378369	0.998549	-0.635968	0.732037	67.9738	
0.999146	0.000901	0.0412986	0.000768595	0.999184	-0.0403937	-0.0413013	0.040391	0.99833	-0.674636	0.770025	68.9435	
0.999019	0.00102506	0.0442708	0.000878004	0.999077	-0.0429461	-0.0442739	0.0429429	0.998096	-0.716192	0.810492	69.913	
0.998883	0.00115666	0.0472409	0.000994936	0.998964	-0.0454963	-0.0472446	0.0454925	0.997847	-0.760634	0.853437	70.8822	
0.998738	0.00129578	0.0502088	0.00111937	0.998845	-0.0480441	-0.0502131	0.0480396	0.997582	-0.80796	0.898857	71.8512	
0.997627	0.00233714	0.0688172	0.00204327	0.997979	-0.0635137	-0.0688265	0.0635036	0.995605	-0.865769	0.953025	72.8192	
0.996168	0.0036669	0.0873832	0.00325578	0.996873	-0.0789481	-0.0873995	0.0789301	0.993041	-0.941637	1.0222	73.7849	
0.994363	0.00528427	0.105896	0.00475618	0.995529	-0.0943382	-0.105921	0.0943101	0.989892	-1.03552	1.10633	74.7479	
0.992213	0.00718829	0.124344	0.00654361	0.993946	-0.109675	-0.12438	0.109634	0.986159	-1.14736	1.20537	75.7075	
0.989719	0.00937785	0.142717	0.00861699	0.992126	-0.124949	-0.142765	0.124894	0.981845	-1.27709	1.31926	76.6632	
0.986882	0.0118516	0.161005	0.0109751	0.990069	-0.140152	-0.161067	0.14008	0.976952	-1.42464	1.44794	77.6145	
0.983705	0.0146082	0.179195	0.0136166	0.987778	-0.155274	-0.179273	0.155184	0.971483	-1.58992	1.59133	78.5607	
0.980189	0.017646	0.197278	0.0165398	0.985252	-0.170307	-0.197374	0.170196	0.965441	-1.77283	1.74934	79.5013	
0.976335	0.0209631	0.215243	0.0197432	0.982495	-0.185242	-0.215359	0.185108	0.95883	-1.97327	1.92189	80.4358	
0.972148	0.0245576	0.23308	0.0232247	0.979506	-0.20007	-0.233216	0.19991	0.951654	-2.19111	2.10887	81.3636	
0.967627	0.0284274	0.250777	0.0269823	0.976289	-0.214782	-0.250936	0.214595	0.943917	-2.42623	2.31016	82.2842	
0.962778	0.0325703	0.268324	0.0310138	0.972845	-0.229369	-0.268508	0.229153	0.935624	-2.67849	2.52566	83.1969	
0.957602	0.0369837	0.285711	0.0353169	0.969176	-0.243824	-0.285922	0.243576	0.926779	-2.94774	2.75523	84.1014	
0.952102	0.041665	0.302929	0.039889	0.965285	-0.258137	-0.303168	0.257856	0.917387	-3.23382	2.99874	84.9969	
0.946282	0.0466116	0.319965	0.0447274	0.961172	-0.2723	-0.320234	0.271984	0.907455	-3.53656	3.25605	85.8831	
0.940145	0.0518205	0.336812	0.0498292	0.956842	-0.286305	-0.337112	0.285951	0.896988	-3.85579	3.527	86.7594	
0.933695	0.0572886	0.353457	0.0551915	0.952296	-0.300143	-0.353791	0.29975	0.885992	-4.19131	3.81143	87.6253	
0.926935	0.0630126	0.369893	0.060811	0.947538	-0.313806	-0.370261	0.313371	0.874474	-4.54293	4.10918	88.4802	
0.91987	0.0689894	0.386109	0.0666846	0.942569	-0.327287	-0.386514	0.326809	0.86244	-4.91044	4.42007	89.3237	
0.912503	0.0752152	0.402095	0.0728086	0.937393	-0.340577	-0.402538	0.340053	0.849898	-5.29363	4.74392	90.1553	
0.90484	0.0816864	0.417843	0.0791795	0.932014	-0.353668	-0.418325	0.353097	0.836855	-5.69227	5.08054	90.9744	
0.896884	0.0883993	0.433342	0.0857936	0.926433	-0.366553	-0.433866	0.365933	0.823319	-6.10612	5.42972	91.7807	
0.88864	0.0953498	0.448584	0.0926469	0.920655	-0.379224	-0.44915	0.378554	0.809297	-6.53493	5.79126	92.5735	
0.880113	0.102534	0.46356	0.0997354	0.914683	-0.391674	-0.46417	0.390951	0.794798	-6.97847	6.16496	93.3525	
0.871308	0.109947	0.478261	0.107055	0.90852	-0.403895	-0.478916	0.403117	0.77983	-7.43646	6.55058	94.1172	
