1	0	0	0	1	0	0	0	1	0	0	0	
0.999999	-4.22475e-06	0.00146881	-4.22475e-06	0.999983	0.00575258	-0.00146881	-0.00575258	0.999982	-0.000791155	-0.00309856	1.07727	
0.999996	-1.6924e-05	0.00294044	-1.69083e-05	0.999934	0.0115055	-0.00294044	-0.0115055	0.999929	-0.00316614	-0.0123944	2.15449	
0.99999	-3.81312e-05	0.00441483	-3.8068e-05	0.999851	0.0172584	-0.00441483	-0.0172584	0.999841	-0.00712797	-0.0278877	3.23165	
0.999983	-6.78791e-05	0.00589194	-6.77212e-05	0.999735	0.0230113	-0.00589194	-0.0230113	0.999718	-0.0126796	-0.0495785	4.30869	
0.999973	-0.0001062	0.0073717	-0.000105884	0.999586	0.0287638	-0.0073717	-0.0287638	0.999559	-0.0198239	-0.0774665	5.38557	
0.999961	-0.000153126	0.00885404	-0.000152574	0.999404	0.0345156	-0.00885405	-0.0345156	0.999365	-0.0285637	-0.111551	6.46227	
0.999947	-0.00020869	0.0103389	-0.000207805	0.999189	0.0402667	-0.0103389	-0.0402667	0.999135	-0.0389018	-0.151832	7.53874	
0.99993	-0.000272921	0.0118263	-0.000271594	0.998941	0.0460167	-0.0118263	-0.0460167	0.998871	-0.0508408	-0.198307	8.61494	
0.999911	-0.000345851	0.0133161	-0.000343954	0.998659	0.0517654	-0.0133161	-0.0517654	0.99857	-0.0643835	-0.250976	9.69084	
0.99989	-0.000427509	0.0148082	-0.000424902	0.998345	0.0575126	-0.0148083	-0.0575126	0.998235	-0.0795323	-0.309838	10.7664	
0.999867	-0.000517927	0.0163026	-0.00051445	0.997997	0.0632581	-0.0163027	-0.063258	0.997864	-0.0962899	-0.374889	11.8416	
0.999841	-0.000617133	0.0177993	-0.000612613	0.997616	0.0690016	-0.0177994	-0.0690015	0.997458	-0.114659	-0.446129	12.9163	
0.999814	-0.000725157	0.0192981	-0.000719404	0.997203	0.0747429	-0.0192983	-0.0747429	0.997016	-0.134641	-0.523555	13.9906	
0.999783	-0.000842026	0.0207991	-0.000834834	0.996756	0.0804818	-0.0207994	-0.0804818	0.996539	-0.156239	-0.607165	15.0644	
0.999751	-0.000967769	0.0223021	-0.000958918	0.996276	0.0862181	-0.0223025	-0.086218	0.996027	-0.179455	-0.696956	16.1377	
0.999716	-0.00110241	0.0238071	-0.00109167	0.995763	0.0919515	-0.0238076	-0.0919514	0.995479	-0.204292	-0.792925	17.2104	
0.999679	-0.00124599	0.025314	-0.00123309	0.995217	0.0976819	-0.0253147	-0.0976817	0.994896	-0.230751	-0.895069	18.2825	
0.999639	-0.00139852	0.0268228	-0.0013832	0.994638	0.103409	-0.0268236	-0.103409	0.994277	-0.258835	-1.00338	19.3539	
0.999597	-0.00156003	0.0283334	-0.00154201	0.994026	0.109132	-0.0283344	-0.109132	0.993623	-0.288545	-1.11787	20.4247	
0.999553	-0.00173054	0.0298458	-0.00170953	0.993381	0.114852	-0.029847	-0.114852	0.992934	-0.319884	-1.23851	21.4947	
0.999506	-0.0019101	0.0313598	-0.00188576	0.992703	0.120568	-0.0313613	-0.120567	0.99221	-0.352853	-1.36532	22.564	
0.999457	-0.0020987	0.0328755	-0.00207072	0.991993	0.126279	-0.0328773	-0.126279	0.99145	-0.387454	-1.49828	23.6325	
0.999406	-0.0022964	0.0343927	-0.00226442	0.991249	0.131986	-0.0343949	-0.131986	0.990655	-0.423689	-1.63739	24.7001	
0.999352	-0.00250319	0.0359114	-0.00246686	0.990472	0.137689	-0.035914	-0.137688	0.989824	-0.46156	-1.78265	25.7669	
0.999295	-0.00271912	0.0374316	-0.00267805	0.989663	0.143386	-0.0374346	-0.143386	0.988959	-0.501069	-1.93404	26.8327	
0.999237	-0.0029442	0.0389531	-0.002898	0.988821	0.149079	-0.0389566	-0.149078	0.988058	-0.542216	-2.09158	27.8976	
0.999175	-0.00317846	0.0404759	-0.00312672	0.987946	0.154766	-0.04048	-0.154765	0.987122	-0.585003	-2.25524	28.9615	
0.999112	-0.00342191	0.042	-0.00336422	0.987039	0.160447	-0.0420047	-0.160446	0.98615	-0.629433	-2.42502	30.0244	
0.999046	-0.00367459	0.0435252	-0.00361049	0.986098	0.166123	-0.0435306	-0.166122	0.985144	-0.675505	-2.60092	31.0862	
0.998977	-0.0039365	0.0450516	-0.00386555	0.985125	0.171793	-0.0450577	-0.171791	0.984102	-0.723222	-2.78294	32.1469	
0.998906	-0.00420768	0.046579	-0.0041294	0.98412	0.177457	-0.046586	-0.177455	0.983026	-0.772585	-2.97105	33.2065	
0.998832	-0.00448813	0.0481074	-0.00440205	0.983082	0.183114	-0.0481153	-0.183112	0.981914	-0.823595	-3.16527	34.2649	
0.998756	-0.00477789	0.0496367	-0.0046835	0.982011	0.188764	-0.0496457	-0.188762	0.980767	-0.876253	-3.36557	35.3221	
0.998677	-0.00507697	0.0511668	-0.00497376	0.980908	0.194408	-0.0511769	-0.194405	0.979585	-0.93056	-3.57196	36.378	
0.998596	-0.00538539	0.0526977	-0.00527282	0.979773	0.200044	-0.0527091	-0.200041	0.978369	-0.986516	-3.78442	37.4326	
0.998512	-0.00570317	0.0542294	-0.0055807	0.978605	0.205673	-0.0542421	-0.20567	0.977117	-1.04412	-4.00296	38.4859	
0.998426	-0.00603032	0.0557617	-0.00589739	0.977405	0.211295	-0.0557759	-0.211291	0.97583	-1.10338	-4.22755	39.5378	
0.998337	-0.00636686	0.0572946	-0.0062229	0.976172	0.216909	-0.0573104	-0.216905	0.974509	-1.1643	-4.45819	40.5884	
0.998246	-0.00671282	0.058828	-0.00655722	0.974907	0.222515	-0.0588455	-0.22251	0.973153	-1.22686	-4.69488	41.6375	
0.998152	-0.0070682	0.0603618	-0.00690037	0.97361	0.228112	-0.0603813	-0.228107	0.971762	-1.29108	-4.93759	42.6851	
0.998055	-0.00743302	0.0618961	-0.00725235	0.972281	0.233702	-0.0619175	-0.233696	0.970336	-1.35696	-5.18634	43.7311	
0.997956	-0.0078073	0.0634307	-0.00761314	0.97092	0.239282	-0.0634543	-0.239276	0.968876	-1.42449	-5.4411	44.7757	
0.997854	-0.00819106	0.0649655	-0.00798277	0.969527	0.244854	-0.0649914	-0.244847	0.967381	-1.49367	-5.70187	45.8186	
0.997749	-0.0085843	0.0665005	-0.00836121	0.968102	0.250417	-0.0665289	-0.25041	0.965851	-1.56452	-5.96863	46.8599	
0.997642	-0.00898704	0.0680356	-0.00874848	0.966645	0.255971	-0.0680667	-0.255962	0.964287	-1.63701	-6.24138	47.8996	
0.997533	-0.0093993	0.0695708	-0.00914457	0.965156	0.261515	-0.0696048	-0.261506	0.962689	-1.71117	-6.52011	48.9375	
0.99742	-0.00982108	0.071106	-0.00954948	0.963636	0.267049	-0.071143	-0.267039	0.961056	-1.78698	-6.80481	49.9737	
0.997305	-0.0102524	0.0726411	-0.00996321	0.962083	0.272573	-0.0726813	-0.272563	0.959389	-1.86445	-7.09546	51.0081	
0.997188	-0.0106933	0.074176	-0.0103858	0.9605	0.278088	-0.0742197	-0.278076	0.957687	-1.94358	-7.39205	52.0408	
0.997068	-0.0111437	0.0757107	-0.0108171	0.958884	0.283592	-0.075758	-0.283579	0.955952	-2.02436	-7.69458	53.0715	
0.996945	-0.0116037	0.0772451	-0.0112573	0.957237	0.289085	-0.0772963	-0.289071	0.954182	-2.1068	-8.00303	54.1004	
0.996819	-0.0120733	0.0787792	-0.0117063	0.955559	0.294568	-0.0788345	-0.294553	0.952378	-2.1909	-8.31739	55.1273	
0.996691	-0.0125525	0.0803128	-0.0121641	0.953849	0.30004	-0.0803725	-0.300024	0.95054	-2.27665	-8.63765	56.1523	
0.99656	-0.0130413	0.0818459	-0.0126307	0.952108	0.3055	-0.0819103	-0.305483	0.948668	-2.36407	-8.9638	57.1753	
0.996426	-0.0135397	0.0833785	-0.013106	0.950336	0.310949	-0.0834477	-0.310931	0.946762	-2.45313	-9.29583	58.1963	
0.99629	-0.0140477	0.0849104	-0.0135902	0.948533	0.316387	-0.0849848	-0.316367	0.944823	-2.54386	-9.63371	59.2151	
0.99615	-0.0145654	0.0864416	-0.0140832	0.946699	0.321812	-0.0865215	-0.321791	0.942849	-2.63624	-9.97745	60.2319	
0.996009	-0.0150927	0.0879721	-0.0145849	0.944834	0.327226	-0.0880577	-0.327203	0.940842	-2.73027	-10.327	61.2465	
0.995864	-0.0156296	0.0895017	-0.0150954	0.942937	0.332628	-0.0895933	-0.332603	0.938802	-2.82596	-10.6824	62.259	
0.995717	-0.0161762	0.0910304	-0.0156147	0.941011	0.338017	-0.0911284	-0.33799	0.936727	-2.92331	-11.0436	63.2692	
0.995567	-0.0167324	0.0925581	-0.0161427	0.939053	0.343393	-0.0926627	-0.343365	0.93462	-3.0223	-11.4106	64.2772	
0.995414	-0.0172983	0.0940847	-0.0166795	0.937065	0.348757	-0.0941964	-0.348726	0.932479	-3.12295	-11.7834	65.2829	
0.995258	-0.0178739	0.0956103	-0.017225	0.935046	0.354107	-0.0957293	-0.354075	0.930305	-3.22525	-12.162	66.2862	
0.9951	-0.0184591	0.0971346	-0.0177793	0.932997	0.359444	-0.0972613	-0.35941	0.928097	-3.32921	-12.5463	67.2873	
0.994939	-0.019054	0.0986577	-0.0183423	0.930918	0.364768	-0.0987925	-0.364732	0.925857	-3.43481	-12.9363	68.2859	
0.994775	-0.0196586	0.100179	-0.018914	0.928808	0.370078	-0.100323	-0.370039	0.923583	-3.54206	-13.3321	69.282	
0.996122	-0.0144696	0.0867819	-0.0167913	0.936985	0.348967	-0.0863627	-0.349071	0.933108	-3.64262	-13.7195	70.2822	
0.997267	-0.00958507	0.0732517	-0.0149868	0.944681	0.327647	-0.07234	-0.327849	0.941956	-3.72811	-14.0841	71.2922	
0.99821	-0.00500851	0.0595988	-0.0135018	0.951893	0.306133	-0.0582649	-0.30639	0.950121	-3.79846	-14.4258	72.3114	
0.998949	-0.000743242	0.045833	-0.0123373	0.958614	0.284442	-0.0441476	-0.284708	0.957597	-3.85363	-14.7442	73.3391	
0.999484	0.00320763	0.0319644	-0.0114943	0.964839	0.262589	-0.0299982	-0.26282	0.964378	-3.89357	-15.0391	74.3744	
0.999815	0.00684125	0.0180029	-0.0109732	0.970565	0.240589	-0.0158271	-0.240742	0.97046	-3.91825	-15.3103	75.4166	
0.999941	0.010155	0.00395874	-0.0107746	0.975787	0.218459	-0.00164444	-0.218488	0.975838	-3.92766	-15.5577	76.465	
0.999862	0.0131464	-0.0101579	-0.0108984	0.9805	0.196214	0.0125394	-0.196077	0.980508	-3.92179	-15.781	77.5188	
0.999579	0.0158134	-0.0243369	-0.0113448	0.984703	0.173872	0.0267141	-0.173523	0.984468	-3.90065	-15.9801	78.5773	
0.999091	0.0181539	-0.0385678	-0.0121132	0.988391	0.151448	0.0408694	-0.150843	0.987713	-3.86425	-16.1548	79.6397	
0.998399	0.0201664	-0.0528404	-0.0132032	0.991562	0.128958	0.0549951	-0.128054	0.990241	-3.81261	-16.3051	80.7051	
0.997504	0.0218493	-0.0671442	-0.014614	0.994214	0.106418	0.0690809	-0.105171	0.992052	-3.74577	-16.4307	81.7729	
0.996406	0.0232015	-0.0814691	-0.0163445	0.996345	0.083846	0.0831166	-0.0822131	0.993143	-3.66379	-16.5317	82.8423	
0.995105	0.0242218	-0.0958045	-0.0183936	0.997953	0.061257	0.0970921	-0.059195	0.993514	-3.56671	-16.6078	83.9124	
0.993604	0.0249097	-0.11014	-0.0207596	0.999036	0.0386679	0.110997	-0.0361341	0.993164	-3.45462	-16.6592	84.9826	
0.991902	0.0252646	-0.124465	-0.0234409	0.999596	0.0160948	0.124822	-0.0130469	0.992093	-3.32759	-16.6857	86.052	
0.990002	0.0252862	-0.13877	-0.0264356	0.99963	-0.00644567	0.138556	0.0100497	0.990304	-3.18572	-16.6873	87.1198	
0.987904	0.0249746	-0.153044	-0.0297415	0.999139	-0.0289373	0.152189	0.033139	0.987796	-3.02911	-16.664	88.1854	
0.98561	0.0243299	-0.167276	-0.0333561	0.998123	-0.0513638	0.165712	0.0562043	0.984571	-2.85786	-16.6159	89.2478	
0.983122	0.0233526	-0.181456	-0.0372769	0.996583	-0.0737088	0.179115	0.0792288	0.980633	-2.67211	-16.5429	90.3064	
0.980441	0.0220435	-0.195575	-0.041501	0.99452	-0.0959562	0.192388	0.102196	0.975983	-2.472	-16.4452	91.3604	
0.97757	0.0204035	-0.209621	-0.0460254	0.991936	-0.11809	0.205522	0.125089	0.970625	-2.25766	-16.3228	92.409	
0.97451	0.0184337	-0.223585	-0.0508467	0.988832	-0.140093	0.218506	0.147891	0.964564	-2.02925	-16.1757	93.4514	
0.971264	0.0161356	-0.237457	-0.0559615	0.985211	-0.161951	0.231332	0.170586	0.957803	-1.78693	-16.0042	94.4869	
0.967834	0.0135109	-0.251226	-0.0613661	0.981075	-0.183648	0.24399	0.193157	0.950347	-1.53089	-15.8082	95.5148	
0.964223	0.0105614	-0.264882	-0.0670565	0.976427	-0.205167	0.256471	0.215588	0.942202	-1.26131	-15.5881	96.5342	
0.960433	0.00728942	-0.278416	-0.0730286	0.971271	-0.226493	0.268766	0.237863	0.933373	-0.978379	-15.3438	97.5446	
0.956467	0.00369717	-0.291817	-0.0792782	0.965611	-0.24761	0.280867	0.259965	0.923868	-0.682309	-15.0756	98.545	
0.952328	-0.000212692	-0.305077	-0.0858005	0.95945	-0.268504	0.292763	0.281879	0.913692	-0.373312	-14.7838	99.5348	
0.948018	-0.00443733	-0.318185	-0.092591	0.952793	-0.289158	0.304447	0.303588	0.902854	-0.0516133	-14.4684	100.513	
0.943542	-0.00897368	-0.331132	-0.0996447	0.945645	-0.309559	0.315911	0.325078	0.891361	0.282554	-14.1297	101.48	
0.938902	-0.0138184	-0.343908	-0.106956	0.938011	-0.329691	0.327145	0.346331	0.879222	0.628948	-13.7681	102.434	
0.934101	-0.0189681	-0.356504	-0.114521	0.929896	-0.34954	0.338142	0.367333	0.866445	0.987318	-13.3837	103.374	
