1	0	0	0	1	0	0	0	1	0	0	0	
0.999996	4.66189e-06	0.00280002	4.66189e-06	0.999994	-0.00332988	-0.00280002	0.00332988	0.999991	-0.00137951	0.00164056	0.98535	
0.999984	1.86703e-05	0.00560351	1.8669e-05	0.999978	-0.00666344	-0.00560351	0.00666344	0.999962	-0.00551973	0.00656404	1.97068	
0.999965	4.20583e-05	0.00841035	4.20532e-05	0.99995	-0.0100005	-0.00841035	0.0100005	0.999915	-0.012424	0.014774	2.95598	
0.999937	7.48582e-05	0.0112204	7.48454e-05	0.999911	-0.013341	-0.0112204	0.013341	0.999848	-0.0220957	0.0262739	3.94121	
0.999902	0.000117101	0.0140337	0.000117076	0.999861	-0.0166848	-0.0140337	0.0166848	0.999762	-0.0345378	0.0410669	4.92638	
0.999858	0.000168818	0.0168499	0.000168773	0.999799	-0.0200317	-0.0168499	0.0200317	0.999657	-0.0497535	0.0591563	5.91145	
0.999807	0.000230037	0.0196691	0.000229965	0.999727	-0.0233816	-0.0196691	0.0233816	0.999533	-0.0677456	0.080545	6.8964	
0.999747	0.000300788	0.0224911	0.00030068	0.999643	-0.0267343	-0.0224911	0.0267343	0.99939	-0.088517	0.105236	7.88123	
0.999679	0.000381098	0.0253157	0.000380943	0.999547	-0.0300898	-0.0253157	0.0300898	0.999227	-0.11207	0.133232	8.8659	
0.999604	0.000470993	0.028143	0.00047078	0.99944	-0.0334479	-0.028143	0.0334479	0.999044	-0.138408	0.164536	9.8504	
0.99952	0.000570501	0.0309726	0.000570216	0.999322	-0.0368085	-0.0309726	0.0368085	0.998842	-0.167533	0.199149	10.8347	
0.999428	0.000679644	0.0338047	0.000679274	0.999193	-0.0401714	-0.0338047	0.0401714	0.998621	-0.199448	0.237076	11.8188	
0.999328	0.000798448	0.036639	0.000797976	0.999052	-0.0435365	-0.036639	0.0435364	0.99838	-0.234154	0.278317	12.8027	
0.99922	0.000926935	0.0394754	0.000926345	0.998899	-0.0469036	-0.0394754	0.0469036	0.998119	-0.271653	0.322874	13.7863	
0.999104	0.00106513	0.0423138	0.0010644	0.998735	-0.0502727	-0.0423138	0.0502727	0.997839	-0.311949	0.370751	14.7697	
0.998979	0.00121305	0.0451541	0.00121216	0.998559	-0.0536435	-0.0451541	0.0536435	0.997539	-0.355043	0.421948	15.7528	
0.998847	0.00137071	0.0479962	0.00136965	0.998372	-0.0570161	-0.0479962	0.057016	0.997219	-0.400936	0.476468	16.7355	
0.998706	0.00153815	0.05084	0.00153689	0.998174	-0.0603901	-0.05084	0.0603901	0.996879	-0.44963	0.534311	17.718	
0.998556	0.00171536	0.0536854	0.00171388	0.997963	-0.0637656	-0.0536854	0.0637655	0.99652	-0.501127	0.59548	18.7001	
0.998399	0.00190239	0.0565322	0.00190065	0.997742	-0.0671423	-0.0565322	0.0671422	0.996141	-0.555429	0.659975	19.6818	
0.998233	0.00209923	0.0593803	0.00209722	0.997508	-0.0705201	-0.0593804	0.07052	0.995741	-0.612537	0.727798	20.6632	
0.998059	0.0023059	0.0622297	0.00230359	0.997263	-0.0738989	-0.0622297	0.0738989	0.995322	-0.672451	0.79895	21.6441	
0.997877	0.00252242	0.0650801	0.00251978	0.997006	-0.0772786	-0.0650802	0.0772785	0.994883	-0.735174	0.873432	22.6247	
0.997686	0.00274881	0.0679316	0.00274581	0.996738	-0.080659	-0.0679318	0.0806589	0.994424	-0.800706	0.951244	23.6048	
0.997487	0.00298508	0.070784	0.00298168	0.996458	-0.08404	-0.0707842	0.0840399	0.993945	-0.869048	1.03239	24.5844	
0.99728	0.00323123	0.0736372	0.0032274	0.996166	-0.0874215	-0.0736373	0.0874213	0.993446	-0.940202	1.11686	25.5635	
0.997064	0.00348729	0.076491	0.003483	0.995863	-0.0908033	-0.0764912	0.0908031	0.992927	-1.01417	1.20467	26.5422	
0.99684	0.00375325	0.0793454	0.00374846	0.995548	-0.0941852	-0.0793456	0.094185	0.992388	-1.09094	1.29581	27.5203	
0.996608	0.00402914	0.0822002	0.00402381	0.995221	-0.0975673	-0.0822005	0.0975671	0.991828	-1.17053	1.39028	28.4979	
0.996367	0.00431496	0.0850553	0.00430906	0.994882	-0.100949	-0.0850556	0.100949	0.991249	-1.25294	1.48809	29.4749	
0.996118	0.00461071	0.0879107	0.00460419	0.994532	-0.104331	-0.0879111	0.104331	0.99065	-1.33815	1.58922	30.4513	
0.99586	0.0049164	0.0907662	0.00490923	0.99417	-0.107712	-0.0907666	0.107712	0.99003	-1.42618	1.69369	31.4272	
0.995594	0.00523205	0.0936217	0.00522418	0.993796	-0.111093	-0.0936221	0.111093	0.98939	-1.51703	1.80149	32.4024	
0.99532	0.00555765	0.0964771	0.00554904	0.993411	-0.114474	-0.0964775	0.114473	0.98873	-1.61069	1.91262	33.377	
0.995037	0.00589321	0.0993322	0.00588381	0.993014	-0.117853	-0.0993328	0.117853	0.98805	-1.70716	2.02708	34.3509	
0.994746	0.00623873	0.102187	0.00622849	0.992605	-0.121232	-0.102188	0.121232	0.98735	-1.80644	2.14488	35.3241	
0.994446	0.00659421	0.105041	0.0065831	0.992184	-0.12461	-0.105042	0.124609	0.98663	-1.90854	2.266	36.2966	
0.994138	0.00695966	0.107895	0.00694761	0.991752	-0.127987	-0.107896	0.127986	0.985889	-2.01345	2.39044	37.2685	
0.993821	0.00733508	0.110748	0.00732205	0.991307	-0.131362	-0.110749	0.131361	0.985129	-2.12117	2.51822	38.2395	
0.993496	0.00772046	0.113601	0.0077064	0.990852	-0.134736	-0.113602	0.134735	0.984348	-2.2317	2.64932	39.2098	
0.993163	0.00811581	0.116452	0.00810066	0.990384	-0.138109	-0.116453	0.138108	0.983547	-2.34505	2.78374	40.1794	
0.992821	0.00852112	0.119303	0.00850482	0.989905	-0.141479	-0.119304	0.141478	0.982726	-2.4612	2.92149	41.1481	
0.992471	0.00893639	0.122152	0.0089189	0.989414	-0.144849	-0.122153	0.144847	0.981885	-2.58016	3.06256	42.116	
0.992113	0.00936162	0.125	0.00934287	0.988911	-0.148216	-0.125001	0.148215	0.981023	-2.70193	3.20694	43.0831	
0.991746	0.00979679	0.127847	0.00977673	0.988397	-0.151581	-0.127848	0.15158	0.980142	-2.8265	3.35464	44.0493	
0.99137	0.0102419	0.130692	0.0102205	0.98787	-0.154944	-0.130694	0.154942	0.97924	-2.95388	3.50566	45.0147	
0.990986	0.010697	0.133536	0.0106741	0.987333	-0.158305	-0.133538	0.158303	0.978319	-3.08406	3.65999	45.9791	
0.990594	0.011162	0.136378	0.0111376	0.986783	-0.161663	-0.13638	0.161661	0.977377	-3.21704	3.81763	46.9427	
0.990193	0.0116369	0.139219	0.011611	0.986222	-0.165019	-0.139221	0.165017	0.976415	-3.35282	3.97857	47.9053	
0.989784	0.0121217	0.142057	0.0120942	0.985649	-0.168372	-0.14206	0.16837	0.975434	-3.49141	4.14283	48.8669	
0.989367	0.0126165	0.144894	0.0125872	0.985065	-0.171722	-0.144896	0.17172	0.974432	-3.63278	4.31038	49.8275	
0.988941	0.0131211	0.147728	0.0130901	0.984469	-0.175069	-0.147731	0.175067	0.97341	-3.77695	4.48123	50.7872	
0.988507	0.0136356	0.15056	0.0136028	0.983862	-0.178414	-0.150563	0.178411	0.972368	-3.92392	4.65539	51.7458	
0.988064	0.01416	0.15339	0.0141253	0.983242	-0.181755	-0.153394	0.181752	0.971307	-4.07367	4.83283	52.7034	
0.987613	0.0146943	0.156218	0.0146576	0.982612	-0.185093	-0.156221	0.18509	0.970225	-4.22621	5.01356	53.66	
0.987154	0.0152384	0.159043	0.0151996	0.98197	-0.188427	-0.159047	0.188424	0.969124	-4.38153	5.19759	54.6155	
0.986686	0.0157923	0.161865	0.0157514	0.981316	-0.191758	-0.161869	0.191754	0.968002	-4.53964	5.38489	55.5698	
0.986211	0.016356	0.164685	0.016313	0.980651	-0.195085	-0.164689	0.195081	0.966861	-4.70053	5.57548	56.5231	
0.985726	0.0169295	0.167502	0.0168842	0.979974	-0.198408	-0.167506	0.198404	0.9657	-4.8642	5.76934	57.4752	
0.985234	0.0175128	0.170316	0.0174652	0.979286	-0.201727	-0.170321	0.201723	0.96452	-5.03064	5.96647	58.4262	
0.984733	0.0181059	0.173127	0.0180558	0.978586	-0.205043	-0.173132	0.205038	0.96332	-5.19985	6.16687	59.376	
0.984224	0.0187087	0.175934	0.0186561	0.977876	-0.208354	-0.17594	0.208349	0.9621	-5.37183	6.37054	60.3246	
0.983707	0.0193212	0.178739	0.019266	0.977153	-0.211661	-0.178745	0.211656	0.96086	-5.54657	6.57747	61.272	
0.983436	0.0196408	0.180189	0.0192842	0.977132	-0.211758	-0.180227	0.211725	0.960568	-5.72343	6.78606	62.2187	
0.983163	0.0199607	0.18164	0.0193025	0.977111	-0.211855	-0.181711	0.211794	0.960273	-5.90175	6.99472	63.165	
0.982887	0.020281	0.183091	0.0193207	0.977089	-0.211951	-0.183195	0.211861	0.959976	-6.08153	7.20344	64.1111	
0.982608	0.0206016	0.184544	0.0193391	0.977068	-0.212047	-0.18468	0.211928	0.959677	-6.26277	7.41223	65.0569	
0.982328	0.0209225	0.185996	0.0193576	0.977047	-0.212142	-0.186166	0.211994	0.959375	-6.44548	7.62109	66.0023	
0.982045	0.0212437	0.187449	0.0193761	0.977026	-0.212238	-0.187652	0.212059	0.959071	-6.62965	7.83001	66.9475	
0.981759	0.021565	0.188902	0.0193948	0.977005	-0.212333	-0.189138	0.212123	0.958765	-6.81529	8.03899	67.8924	
0.981471	0.0218866	0.190355	0.0194135	0.976984	-0.212427	-0.190623	0.212187	0.958457	-7.00239	8.24804	68.837	
0.981181	0.0222082	0.191808	0.0194325	0.976963	-0.212522	-0.192109	0.21225	0.958146	-7.19095	8.45715	69.7812	
0.980889	0.0225299	0.19326	0.0194515	0.976942	-0.212617	-0.193594	0.212313	0.957833	-7.38098	8.66632	70.7252	
0.982692	0.0206102	0.184094	0.0151561	0.981514	-0.190788	-0.184624	0.190276	0.964214	-7.56732	8.86468	71.6722	
0.98441	0.0189012	0.174871	0.0110656	0.985585	-0.168821	-0.175541	0.168124	0.97001	-7.74478	9.04127	72.6252	
0.98604	0.017404	0.165596	0.0071827	0.989151	-0.146728	-0.166353	0.14587	0.975217	-7.91323	9.19597	73.5836	
0.987582	0.0161194	0.156273	0.00350963	0.99221	-0.124525	-0.157063	0.123527	0.979833	-8.07258	9.3287	74.5468	
0.989035	0.0150482	0.146909	4.86445e-05	0.994762	-0.102223	-0.147678	0.101109	0.983854	-8.22272	9.43938	75.5144	
0.990399	0.0141912	0.13751	-0.00319815	0.996803	-0.0798366	-0.138204	0.0786303	0.987278	-8.36358	9.52794	76.4855	
0.991671	0.0135487	0.128081	-0.00622878	0.998333	-0.0573792	-0.128645	0.0561036	0.990102	-8.49505	9.59432	77.4598	
0.992852	0.0131212	0.118628	-0.00904142	0.999351	-0.0348646	-0.119009	0.0335428	0.992326	-8.61707	9.63849	78.4365	
0.993941	0.012909	0.109157	-0.0116344	0.999857	-0.0123062	-0.1093	0.0109617	0.993948	-8.72956	9.66042	79.4152	
0.994936	0.0129122	0.099673	-0.014006	0.999849	0.0102821	-0.0995252	-0.0116261	0.994967	-8.83245	9.66009	80.3951	
0.995839	0.0131307	0.0901822	-0.0161549	0.999329	0.0328868	-0.0896898	-0.0342068	0.995382	-8.92568	9.63751	81.3758	
0.996647	0.0135645	0.0806903	-0.0180799	0.998295	0.0554939	-0.0798	-0.0567667	0.995193	-9.00919	9.59269	82.3565	
0.997361	0.0142133	0.0712031	-0.0197796	0.99675	0.07809	-0.0698618	-0.0792922	0.9944	-9.08292	9.52565	83.3368	
0.997979	0.0150767	0.0617263	-0.0212531	0.994694	0.100661	-0.0598812	-0.10177	0.993004	-9.14685	9.43644	84.316	
0.998503	0.0161541	0.0522658	-0.0224995	0.992128	0.123194	-0.0498642	-0.124185	0.991005	-9.20092	9.32511	85.2935	
0.99893	0.017445	0.0428271	-0.023518	0.989053	0.145674	-0.039817	-0.146526	0.988405	-9.24511	9.19173	86.2688	
0.999262	0.0189485	0.0334161	-0.024308	0.985472	0.168089	-0.0297456	-0.168777	0.985205	-9.27938	9.03638	87.2412	
0.999497	0.0206637	0.0240385	-0.0248691	0.981387	0.190424	-0.0196562	-0.190926	0.981408	-9.30372	8.85916	88.2101	
0.999637	0.0225896	0.0146999	-0.0252008	0.9768	0.212666	-0.00955486	-0.212959	0.977014	-9.31811	8.66016	89.1751	
0.99968	0.024725	0.00540609	-0.0253031	0.971714	0.234801	0.000552285	-0.234863	0.972028	-9.32255	8.43952	90.1354	
0.999626	0.0270686	-0.00383738	-0.0251758	0.966132	0.256817	0.0106591	-0.256624	0.966452	-9.31702	8.19736	91.0904	
0.999476	0.029619	-0.0130249	-0.0248189	0.960058	0.278699	0.0207594	-0.27823	0.96029	-9.30154	7.93384	92.0398	
0.99923	0.0323747	-0.0221508	-0.0242328	0.953494	0.300435	0.0308472	-0.299667	0.953545	-9.27612	7.64911	92.9827	
0.998888	0.0353339	-0.0312097	-0.0234178	0.946446	0.322011	0.0409162	-0.320922	0.946221	-9.24076	7.34334	93.9187	
0.99845	0.0384949	-0.040196	-0.0223744	0.938918	0.343414	0.0509604	-0.341982	0.938324	-9.19549	7.01673	94.8472	
0.997916	0.0418557	-0.0491043	-0.0211031	0.930913	0.364631	0.0609737	-0.362835	0.929857	-9.14034	6.66947	95.7677	
