1	0	0	0	1	0	0	0	1	0	0	0	
0.999994	5.27999e-06	-0.00355953	5.27999e-06	0.999996	0.00296666	0.00355953	-0.00296666	0.999989	0.00149572	-0.0012466	0.840401	
0.999975	2.11235e-05	-0.00711965	2.11228e-05	0.999982	0.00593362	0.00711965	-0.00593362	0.999957	0.00598315	-0.00498652	1.68078	
0.999943	4.75352e-05	-0.0106803	4.75324e-05	0.99996	0.0089008	0.0106803	-0.0089008	0.999903	0.0134627	-0.01122	2.52113	
0.999899	8.45198e-05	-0.0142413	8.45127e-05	0.99993	0.0118681	0.0142413	-0.0118681	0.999828	0.0239349	-0.0199472	3.36142	
0.999842	0.000132081	-0.0178027	0.000132067	0.99989	0.0148355	0.0178027	-0.0148355	0.999731	0.0373998	-0.0311681	4.20164	
0.999772	0.000190223	-0.0213643	0.000190199	0.999841	0.017803	0.0213643	-0.017803	0.999613	0.0538579	-0.0448829	5.04177	
0.999689	0.00025895	-0.0249261	0.000258911	0.999784	0.0207703	0.0249261	-0.0207703	0.999474	0.0733093	-0.0610915	5.8818	
0.999594	0.000338264	-0.028488	0.000338205	0.999718	0.0237376	0.028488	-0.0237376	0.999312	0.0957541	-0.0797939	6.72169	
0.999486	0.000428168	-0.0320499	0.000428084	0.999643	0.0267046	0.0320499	-0.0267046	0.999129	0.121192	-0.10099	7.56144	
0.999366	0.000528665	-0.0356116	0.000528549	0.99956	0.0296714	0.0356116	-0.0296714	0.998925	0.149624	-0.124679	8.40103	
0.999232	0.000639757	-0.0391732	0.000639602	0.999467	0.0326378	0.0391732	-0.0326378	0.998699	0.181049	-0.150862	9.24044	
0.999086	0.000761446	-0.0427346	0.000761244	0.999366	0.0356038	0.0427346	-0.0356038	0.998452	0.215467	-0.179537	10.0796	
0.998927	0.000893733	-0.0462956	0.000893477	0.999256	0.0385693	0.0462956	-0.0385693	0.998183	0.252877	-0.210705	10.9186	
0.998756	0.00103662	-0.0498561	0.0010363	0.999137	0.0415342	0.0498561	-0.0415342	0.997892	0.29328	-0.244364	11.7574	
0.998572	0.00119011	-0.0534162	0.00118971	0.999009	0.0444985	0.0534162	-0.0444985	0.99758	0.336676	-0.280515	12.5959	
0.998375	0.0013542	-0.0569756	0.00135372	0.998872	0.0474622	0.0569756	-0.0474621	0.997247	0.383063	-0.319158	13.4341	
0.998165	0.00152889	-0.0605344	0.00152831	0.998727	0.050425	0.0605344	-0.050425	0.996892	0.432441	-0.36029	14.2721	
0.997943	0.00171418	-0.0640923	0.00171349	0.998572	0.053387	0.0640923	-0.053387	0.996515	0.484809	-0.403912	15.1097	
0.997707	0.00191007	-0.0676494	0.00190927	0.998409	0.0563481	0.0676495	-0.0563481	0.996117	0.540168	-0.450023	15.947	
0.997459	0.00211656	-0.0712056	0.00211562	0.998237	0.0593082	0.0712056	-0.0593082	0.995697	0.598515	-0.498622	16.784	
0.997199	0.00233365	-0.0747608	0.00233257	0.998057	0.0622673	0.0747608	-0.0622673	0.995256	0.65985	-0.549709	17.6206	
0.996925	0.00256134	-0.0783148	0.00256009	0.997867	0.0652252	0.0783148	-0.0652252	0.994793	0.724173	-0.603281	18.4568	
0.996639	0.00279963	-0.0818676	0.0027982	0.997669	0.068182	0.0818677	-0.0681819	0.994308	0.791482	-0.659339	19.2926	
0.99634	0.00304851	-0.0854192	0.00304689	0.997462	0.0711375	0.0854192	-0.0711374	0.993802	0.861777	-0.717882	20.128	
0.996029	0.00330798	-0.0889694	0.00330615	0.997246	0.0740916	0.0889694	-0.0740915	0.993275	0.935055	-0.778907	20.963	
0.995705	0.00357804	-0.0925181	0.00357598	0.997021	0.0770444	0.0925182	-0.0770443	0.992726	1.01132	-0.842415	21.7975	
0.995368	0.00385869	-0.0960653	0.00385638	0.996788	0.0799956	0.0960654	-0.0799955	0.992155	1.09056	-0.908404	22.6316	
0.995018	0.00414992	-0.0996109	0.00414734	0.996545	0.0829454	0.099611	-0.0829452	0.991563	1.17278	-0.976872	23.4652	
0.994655	0.00445173	-0.103155	0.00444887	0.996294	0.0858935	0.103155	-0.0858933	0.99095	1.25799	-1.04782	24.2982	
0.99428	0.00476411	-0.106697	0.00476095	0.996035	0.0888399	0.106697	-0.0888397	0.990315	1.34617	-1.12124	25.1307	
0.993892	0.00508707	-0.110237	0.00508358	0.995766	0.0917846	0.110237	-0.0917844	0.989658	1.43732	-1.19714	25.9627	
0.993492	0.00542059	-0.113775	0.00541675	0.995489	0.0947274	0.113775	-0.0947272	0.98898	1.53145	-1.27551	26.7942	
0.993078	0.00576468	-0.117311	0.00576047	0.995202	0.0976684	0.117312	-0.0976681	0.988281	1.62856	-1.35636	27.625	
0.992652	0.00611932	-0.120846	0.00611472	0.994907	0.100607	0.120846	-0.100607	0.98756	1.72863	-1.43967	28.4553	
0.992214	0.00648452	-0.124377	0.00647949	0.994604	0.103544	0.124378	-0.103544	0.986818	1.83168	-1.52546	29.2849	
0.991762	0.00686026	-0.127907	0.00685479	0.994291	0.106479	0.127907	-0.106479	0.986054	1.93769	-1.61371	30.1139	
0.991298	0.00724654	-0.131434	0.00724061	0.99397	0.109412	0.131434	-0.109411	0.985269	2.04666	-1.70443	30.9423	
0.990822	0.00764335	-0.134959	0.00763693	0.99364	0.112342	0.134959	-0.112342	0.984462	2.1586	-1.79761	31.77	
0.990332	0.0080507	-0.138481	0.00804375	0.993302	0.11527	0.138481	-0.11527	0.983634	2.2735	-1.89325	32.597	
0.98983	0.00846856	-0.142001	0.00846106	0.992954	0.118196	0.142001	-0.118195	0.982785	2.39136	-1.99136	33.4233	
0.989316	0.00889693	-0.145517	0.00888886	0.992598	0.121119	0.145518	-0.121119	0.981914	2.51218	-2.09192	34.2488	
0.988788	0.00933581	-0.149031	0.00932714	0.992233	0.12404	0.149032	-0.124039	0.981022	2.63595	-2.19493	35.0737	
0.988248	0.00978519	-0.152543	0.00977588	0.99186	0.126958	0.152543	-0.126957	0.980108	2.76267	-2.3004	35.8977	
0.987696	0.0102451	-0.156051	0.0102351	0.991478	0.129874	0.156051	-0.129873	0.979174	2.89234	-2.40832	36.721	
0.987131	0.0107154	-0.159556	0.0107047	0.991087	0.132786	0.159557	-0.132786	0.978218	3.02496	-2.51869	37.5435	
0.986553	0.0111962	-0.163058	0.0111848	0.990687	0.135696	0.163059	-0.135696	0.97724	3.16053	-2.63151	38.3652	
0.985963	0.0116875	-0.166557	0.0116754	0.990279	0.138604	0.166557	-0.138603	0.976242	3.29903	-2.74677	39.1861	
0.98536	0.0121892	-0.170052	0.0121763	0.989862	0.141508	0.170053	-0.141507	0.975222	3.44048	-2.86447	40.0061	
0.984744	0.0127014	-0.173544	0.0126876	0.989437	0.144409	0.173545	-0.144408	0.974181	3.58486	-2.98461	40.8252	
0.984116	0.013224	-0.177033	0.0132094	0.989003	0.147307	0.177034	-0.147306	0.973119	3.73217	-3.10719	41.6435	
0.983475	0.013757	-0.180518	0.0137415	0.98856	0.150202	0.180519	-0.150201	0.972035	3.88242	-3.23221	42.4608	
0.982822	0.0143005	-0.183999	0.0142841	0.988108	0.153094	0.184001	-0.153092	0.970931	4.03559	-3.35965	43.2773	
0.982157	0.0148543	-0.187477	0.014837	0.987648	0.155982	0.187478	-0.15598	0.969805	4.19169	-3.48952	44.0928	
0.981478	0.0154186	-0.190951	0.0154002	0.98718	0.158867	0.190952	-0.158865	0.968658	4.3507	-3.62182	44.9073	
0.980788	0.0159932	-0.194421	0.0159738	0.986703	0.161749	0.194423	-0.161747	0.96749	4.51264	-3.75654	45.7209	
0.980085	0.0165782	-0.197887	0.0165577	0.986217	0.164627	0.197889	-0.164625	0.966301	4.67749	-3.89369	46.5335	
0.979369	0.0171735	-0.201349	0.0171519	0.985723	0.167502	0.201351	-0.1675	0.965092	4.84525	-4.03325	47.3451	
0.978211	0.0181385	-0.20682	0.0182239	0.984829	0.172566	0.206813	-0.172575	0.96304	5.01676	-4.17615	48.1553	
0.977021	0.0191324	-0.212281	0.0193243	0.98391	0.177618	0.212264	-0.177639	0.960931	5.19286	-4.32331	48.9637	
0.975801	0.0201553	-0.21773	0.0204531	0.982964	0.182658	0.217703	-0.182691	0.958765	5.37354	-4.47472	49.7704	
0.974549	0.0212071	-0.223169	0.0216103	0.981991	0.187685	0.22313	-0.187731	0.956541	5.55878	-4.63037	50.5752	
0.973266	0.0222877	-0.228595	0.0227957	0.980993	0.1927	0.228545	-0.19276	0.954259	5.74857	-4.79026	51.3782	
0.971953	0.023397	-0.23401	0.0240093	0.979968	0.197702	0.233948	-0.197776	0.951921	5.94291	-4.95436	52.1791	
0.970608	0.0245349	-0.239412	0.0252511	0.978917	0.202691	0.239337	-0.202779	0.949525	6.14179	-5.12268	52.9781	
0.969233	0.0257015	-0.244801	0.0265209	0.97784	0.207666	0.244713	-0.207769	0.947073	6.34519	-5.29519	53.7751	
0.967827	0.0268966	-0.250177	0.0278186	0.976737	0.212628	0.250076	-0.212746	0.944564	6.5531	-5.47189	54.57	
0.96639	0.0281201	-0.255539	0.0291443	0.975608	0.217575	0.255424	-0.21771	0.941998	6.76551	-5.65277	55.3627	
0.964922	0.0293721	-0.260888	0.0304977	0.974454	0.222508	0.260759	-0.22266	0.939376	6.98242	-5.83782	56.1533	
0.963424	0.0306523	-0.266222	0.0318789	0.973273	0.227427	0.266078	-0.227595	0.936698	7.2038	-6.02702	56.9416	
0.961896	0.0319607	-0.271542	0.0332877	0.972067	0.23233	0.271382	-0.232516	0.933964	7.42964	-6.22036	57.7277	
0.960337	0.0332973	-0.276846	0.0347242	0.970836	0.237219	0.276671	-0.237423	0.931173	7.65993	-6.41783	58.5114	
0.958748	0.0346619	-0.282136	0.036188	0.969578	0.242091	0.281944	-0.242315	0.928327	7.89466	-6.61942	59.2928	
0.957129	0.0360544	-0.287409	0.0376793	0.968296	0.246949	0.287201	-0.247191	0.925425	8.13382	-6.82511	60.0717	
0.95548	0.0374748	-0.292667	0.0391979	0.966988	0.25179	0.292441	-0.252052	0.922468	8.37739	-7.03489	60.8482	
0.953801	0.038923	-0.297908	0.0407437	0.965655	0.256615	0.297664	-0.256897	0.919456	8.62535	-7.24875	61.6222	
0.952092	0.0403989	-0.303132	0.0423167	0.964296	0.261423	0.30287	-0.261727	0.916389	8.8777	-7.46668	62.3936	
0.950353	0.0419023	-0.308339	0.0439166	0.962913	0.266215	0.308059	-0.26654	0.913267	9.13442	-7.68866	63.1625	
0.948585	0.0434333	-0.313529	0.0455435	0.961504	0.27099	0.31323	-0.271336	0.91009	9.39548	-7.91468	63.9286	
0.946787	0.0449916	-0.318701	0.0471973	0.960071	0.275747	0.318382	-0.276116	0.906859	9.66089	-8.14472	64.6921	
0.94496	0.0465772	-0.323855	0.0488778	0.958613	0.280487	0.323516	-0.280878	0.903574	9.93062	-8.37877	65.4529	
0.943103	0.04819	-0.32899	0.0505849	0.95713	0.285209	0.32863	-0.285623	0.900234	10.2047	-8.61682	66.2108	
0.941217	0.0498298	-0.334106	0.0523186	0.955622	0.289912	0.333726	-0.290351	0.896841	10.483	-8.85884	66.966	
0.939302	0.0514966	-0.339204	0.0540787	0.95409	0.294598	0.338801	-0.29506	0.893394	10.7656	-9.10484	67.7183	
0.937359	0.0531902	-0.344281	0.0558652	0.952533	0.299265	0.343857	-0.299752	0.889894	11.0524	-9.35478	68.4676	
0.935386	0.0549106	-0.349339	0.0576779	0.950952	0.303912	0.348893	-0.304424	0.886341	11.3435	-9.60866	69.214	
0.930308	0.0593627	-0.361944	0.0631438	0.94616	0.31748	0.361304	-0.318208	0.876472	11.642	-9.8703	69.9547	
0.925053	0.064011	-0.374405	0.0687995	0.941157	0.330892	0.373555	-0.331851	0.866217	11.9508	-10.1435	70.6871	
0.919624	0.0688534	-0.386717	0.0746425	0.935945	0.344143	0.385641	-0.345348	0.855579	12.2698	-10.428	71.4106	
0.914024	0.0738877	-0.398874	0.0806703	0.930527	0.357228	0.397558	-0.358693	0.844564	12.5989	-10.7239	72.125	
0.908255	0.0791117	-0.410871	0.0868801	0.924904	0.370141	0.409299	-0.371879	0.833175	12.938	-11.0309	72.83	
0.902319	0.084523	-0.422702	0.0932693	0.91908	0.382875	0.420859	-0.3849	0.821419	13.2868	-11.3489	73.5253	
0.896219	0.0901195	-0.434363	0.099835	0.913056	0.395426	0.432233	-0.397752	0.809301	13.6453	-11.6778	74.2106	
0.889957	0.0958984	-0.445847	0.106574	0.906836	0.407787	0.443417	-0.410429	0.796825	14.0133	-12.0174	74.8855	
0.883537	0.101857	-0.457151	0.113484	0.900422	0.419953	0.454404	-0.422924	0.783997	14.3905	-12.3676	75.5498	
0.876962	0.107994	-0.468269	0.120562	0.893818	0.43192	0.465192	-0.435232	0.770824	14.777	-12.7282	76.2031	
0.870233	0.114305	-0.479196	0.127804	0.887025	0.443681	0.475774	-0.447349	0.75731	15.1724	-13.0991	76.8453	
0.863355	0.120787	-0.489927	0.135207	0.880047	0.455231	0.486145	-0.459268	0.743462	15.5766	-13.48	77.4759	
0.85633	0.127439	-0.500458	0.142768	0.872888	0.466566	0.496303	-0.470984	0.729286	15.9894	-13.871	78.0948	
0.849161	0.134257	-0.510784	0.150484	0.86555	0.47768	0.506241	-0.482492	0.714787	16.4107	-14.2716	78.7016	
