1	0	0	0	1	0	0	0	1	0	0	0	
1	-2.00037e-07	-0.000672351	-2.00037e-07	1	-0.000595038	0.000672351	0.000595038	1	0.000334817	0.000296317	0.995959	
0.999999	-8.01544e-07	-0.00134585	-8.01598e-07	0.999999	-0.00119117	0.00134585	0.00119117	0.999998	0.00133984	0.00118581	1.99192	
0.999998	-1.80657e-06	-0.00202047	-1.80679e-06	0.999998	-0.00178837	0.00202047	0.00178837	0.999996	0.0030162	0.00266957	2.98788	
0.999996	-3.21709e-06	-0.00269616	-3.21763e-06	0.999997	-0.00238661	0.00269616	0.00238661	0.999994	0.00536498	0.00474863	3.98383	
0.999994	-5.03501e-06	-0.00337291	-5.03609e-06	0.999996	-0.00298587	0.00337291	0.00298587	0.99999	0.00838726	0.00742401	4.97978	
0.999992	-7.26215e-06	-0.00405067	-7.26405e-06	0.999994	-0.0035861	0.00405067	0.0035861	0.999985	0.0120841	0.0106967	5.97573	
0.999989	-9.90026e-06	-0.00472942	-9.90332e-06	0.999991	-0.00418728	0.00472942	0.00418728	0.99998	0.0164564	0.0145677	6.97167	
0.999985	-1.2951e-05	-0.00540911	-1.29556e-05	0.999989	-0.00478939	0.00540911	0.00478939	0.999974	0.0215051	0.0190379	7.96761	
0.999981	-1.64161e-05	-0.00608972	-1.64226e-05	0.999985	-0.00539238	0.00608972	0.00539238	0.999967	0.0272313	0.0241082	8.96354	
0.999977	-2.02969e-05	-0.00677122	-2.03059e-05	0.999982	-0.00599625	0.00677122	0.00599625	0.999959	0.0336358	0.0297795	9.95946	
0.999972	-2.45949e-05	-0.00745357	-2.46069e-05	0.999978	-0.00660095	0.00745357	0.00660095	0.99995	0.0407195	0.0360527	10.9554	
0.999967	-2.93115e-05	-0.00813673	-2.93272e-05	0.999974	-0.00720645	0.00813673	0.00720645	0.999941	0.0484831	0.0429285	11.9513	
0.999961	-3.4448e-05	-0.00882068	-3.4468e-05	0.999969	-0.00781273	0.00882068	0.00781273	0.999931	0.0569276	0.0504077	12.9472	
0.999955	-4.00056e-05	-0.00950537	-4.00306e-05	0.999965	-0.00841976	0.00950537	0.00841976	0.999919	0.0660536	0.0584912	13.9431	
0.999948	-4.59854e-05	-0.0101908	-4.60163e-05	0.999959	-0.00902751	0.0101908	0.00902751	0.999907	0.0758619	0.0671796	14.9389	
0.999941	-5.23885e-05	-0.0108769	-5.24261e-05	0.999954	-0.00963594	0.0108769	0.00963594	0.999894	0.0863531	0.0764736	15.9348	
0.999933	-5.92159e-05	-0.0115636	-5.92611e-05	0.999948	-0.010245	0.0115636	0.010245	0.999881	0.0975281	0.0863739	16.9306	
0.999925	-6.64685e-05	-0.012251	-6.65222e-05	0.999941	-0.0108548	0.012251	0.0108548	0.999866	0.109387	0.0968812	17.9265	
0.999916	-7.41471e-05	-0.012939	-7.42103e-05	0.999934	-0.0114651	0.012939	0.0114651	0.999851	0.121931	0.107996	18.9223	
0.999907	-8.22523e-05	-0.0136275	-8.23262e-05	0.999927	-0.012076	0.0136275	0.012076	0.999834	0.135161	0.119719	19.9181	
0.999898	-9.0785e-05	-0.0143165	-9.08706e-05	0.99992	-0.0126874	0.0143165	0.0126874	0.999817	0.149076	0.132051	20.9139	
0.999887	-9.97457e-05	-0.015006	-9.98442e-05	0.999912	-0.0132994	0.015006	0.0132994	0.999799	0.163678	0.144992	21.9097	
0.999877	-0.000109135	-0.0156959	-0.000109248	0.999903	-0.0139118	0.0156959	0.0139118	0.99978	0.178967	0.158542	22.9054	
0.999866	-0.000118953	-0.0163863	-0.000119081	0.999895	-0.0145247	0.0163863	0.0145247	0.99976	0.194944	0.172703	23.9011	
0.999854	-0.0001292	-0.017077	-0.000129345	0.999885	-0.015138	0.017077	0.015138	0.99974	0.211608	0.187474	24.8968	
0.999842	-0.000139877	-0.0177681	-0.00014004	0.999876	-0.0157517	0.0177681	0.0157517	0.999718	0.22896	0.202857	25.8925	
0.99983	-0.000150983	-0.0184595	-0.000151166	0.999866	-0.0163657	0.0184595	0.0163657	0.999696	0.247001	0.218851	26.8882	
0.999817	-0.00016252	-0.0191512	-0.000162724	0.999856	-0.0169801	0.0191512	0.0169801	0.999672	0.26573	0.235456	27.8838	
0.999803	-0.000174486	-0.0198432	-0.000174713	0.999845	-0.0175948	0.0198432	0.0175948	0.999648	0.285148	0.252674	28.8795	
0.999789	-0.000186881	-0.0205353	-0.000187133	0.999834	-0.0182098	0.0205353	0.0182098	0.999623	0.305256	0.270504	29.8751	
0.999775	-0.000199707	-0.0212277	-0.000199985	0.999823	-0.018825	0.0212277	0.018825	0.999597	0.326053	0.288946	30.8706	
0.99976	-0.000212961	-0.0219202	-0.000213267	0.999811	-0.0194404	0.0219202	0.0194404	0.999571	0.34754	0.308002	31.8662	
0.999744	-0.000226645	-0.0226128	-0.000226981	0.999799	-0.020056	0.0226128	0.020056	0.999543	0.369716	0.32767	32.8617	
0.999728	-0.000240757	-0.0233054	-0.000241125	0.999786	-0.0206718	0.0233054	0.0206718	0.999515	0.392583	0.347952	33.8572	
0.999712	-0.000255298	-0.0239982	-0.000255699	0.999773	-0.0212877	0.0239982	0.0212877	0.999485	0.416139	0.368847	34.8527	
0.999695	-0.000270266	-0.0246909	-0.000270703	0.99976	-0.0219037	0.0246909	0.0219037	0.999455	0.440385	0.390355	35.8481	
0.999678	-0.000285661	-0.0253836	-0.000286136	0.999746	-0.0225197	0.0253836	0.0225197	0.999424	0.465321	0.412477	36.8435	
0.99966	-0.000301482	-0.0260763	-0.000301997	0.999732	-0.0231358	0.0260763	0.0231358	0.999392	0.490947	0.435213	37.8389	
0.999642	-0.000317729	-0.0267689	-0.000318286	0.999718	-0.0237519	0.0267689	0.0237519	0.999359	0.517263	0.458562	38.8342	
0.999623	-0.0003344	-0.0274613	-0.000335001	0.999703	-0.0243679	0.0274613	0.0243679	0.999326	0.544269	0.482524	39.8295	
0.999604	-0.000351495	-0.0281536	-0.000352143	0.999688	-0.024984	0.0281536	0.024984	0.999291	0.571964	0.507101	40.8248	
0.999584	-0.000369013	-0.0288457	-0.000369709	0.999672	-0.0255999	0.0288457	0.0255999	0.999256	0.600348	0.53229	41.82	
0.999564	-0.000386952	-0.0295376	-0.000387699	0.999656	-0.0262157	0.0295376	0.0262157	0.99922	0.629422	0.558094	42.8152	
0.999543	-0.000405311	-0.0302293	-0.000406112	0.99964	-0.0268314	0.0302293	0.0268314	0.999183	0.659185	0.58451	43.8104	
0.999522	-0.00042409	-0.0309206	-0.000424947	0.999623	-0.0274468	0.0309206	0.0274469	0.999145	0.689636	0.611539	44.8055	
0.9995	-0.000443286	-0.0316116	-0.000444201	0.999606	-0.0280621	0.0316116	0.0280622	0.999106	0.720776	0.639182	45.8006	
0.999478	-0.000462898	-0.0323023	-0.000463875	0.999589	-0.0286772	0.0323023	0.0286772	0.999067	0.752604	0.667437	46.7956	
0.999455	-0.000482924	-0.0329926	-0.000483965	0.999571	-0.029292	0.0329926	0.029292	0.999026	0.785119	0.696304	47.7906	
0.999432	-0.000503364	-0.0336825	-0.000504472	0.999553	-0.0299065	0.0336824	0.0299065	0.998985	0.818322	0.725784	48.7856	
0.999409	-0.000524215	-0.0343719	-0.000525392	0.999534	-0.0305207	0.0343718	0.0305207	0.998943	0.852212	0.755875	49.7805	
0.999385	-0.000545476	-0.0350608	-0.000546725	0.999515	-0.0311345	0.0350608	0.0311345	0.9989	0.886788	0.786579	50.7754	
0.999361	-0.000567144	-0.0357492	-0.000568468	0.999496	-0.0317479	0.0357492	0.031748	0.998856	0.92205	0.817893	51.7703	
0.999336	-0.000589218	-0.036437	-0.00059062	0.999476	-0.032361	0.036437	0.032361	0.998812	0.957997	0.849818	52.7651	
0.99931	-0.000611696	-0.0371243	-0.000613179	0.999456	-0.0329736	0.0371242	0.0329736	0.998767	0.994629	0.882353	53.7598	
0.999285	-0.000634575	-0.0378109	-0.000636142	0.999436	-0.0335857	0.0378109	0.0335857	0.99872	1.03195	0.915498	54.7545	
0.999259	-0.000657854	-0.0384969	-0.000659508	0.999415	-0.0341973	0.0384968	0.0341973	0.998673	1.06994	0.949253	55.7492	
0.999232	-0.000681531	-0.0391822	-0.000683274	0.999394	-0.0348084	0.0391821	0.0348084	0.998626	1.10863	0.983616	56.7438	
0.999205	-0.000705602	-0.0398667	-0.000707439	0.999372	-0.0354189	0.0398667	0.0354189	0.998577	1.14799	1.01859	57.7384	
0.999177	-0.000730066	-0.0405505	-0.000731999	0.99935	-0.0360288	0.0405505	0.0360289	0.998528	1.18804	1.05417	58.7329	
0.999149	-0.00075492	-0.0412336	-0.000756953	0.999328	-0.0366381	0.0412335	0.0366382	0.998478	1.22877	1.09035	59.7274	
0.999121	-0.000780162	-0.0419158	-0.000782297	0.999306	-0.0372468	0.0419157	0.0372469	0.998427	1.27017	1.12715	60.7218	
0.999092	-0.000805788	-0.0425971	-0.00080803	0.999283	-0.0378548	0.0425971	0.0378549	0.998375	1.31226	1.16455	61.7161	
0.999063	-0.000831797	-0.0432776	-0.000834148	0.99926	-0.0384621	0.0432776	0.0384621	0.998322	1.35502	1.20255	62.7105	
0.99908	-0.000816742	-0.0428716	-0.000709715	0.999367	-0.035578	0.0428735	0.0355757	0.998447	1.39792	1.23942	63.7048	
0.999098	-0.000802849	-0.0424652	-0.000586423	0.999465	-0.032693	0.0424687	0.0326884	0.998563	1.44042	1.27341	64.6993	
0.999115	-0.000790123	-0.0420584	-0.000464278	0.999556	-0.0298071	0.0420633	0.0298002	0.99867	1.48252	1.30453	65.6939	
0.999132	-0.000778565	-0.0416513	-0.000343285	0.999638	-0.0269204	0.0416572	0.0269113	0.998769	1.52421	1.33277	66.6886	
0.999149	-0.000768179	-0.041244	-0.000223452	0.999711	-0.024033	0.0412505	0.0240218	0.99886	1.56549	1.35814	67.6833	
0.999166	-0.000758966	-0.0408364	-0.000104782	0.999776	-0.0211452	0.0408433	0.0211318	0.998942	1.60638	1.38062	68.6782	
0.999182	-0.000750929	-0.0404285	1.27168e-05	0.999833	-0.0182568	0.0404355	0.0182414	0.999016	1.64685	1.40023	69.6731	
0.999199	-0.000744069	-0.0400205	0.000129041	0.999882	-0.0153682	0.0400272	0.0153507	0.999081	1.68692	1.41696	70.6682	
0.999215	-0.000738387	-0.0396122	0.000244185	0.999922	-0.0124794	0.0396184	0.0124599	0.999137	1.72658	1.43081	71.6632	
0.99948	-0.000734151	-0.0322322	0.00109836	0.999936	0.0112832	0.0322218	-0.0113128	0.999417	1.76236	1.43138	72.6585	
0.999691	-0.000905459	-0.0248524	0.00177641	0.999384	0.0350451	0.0248053	-0.0350784	0.999077	1.79076	1.40828	73.6538	
0.999846	-0.00125221	-0.0174773	0.00227791	0.998268	0.0587916	0.0173734	-0.0588224	0.998117	1.81176	1.36151	74.6484	
0.999947	-0.00177418	-0.0101117	0.00260255	0.996587	0.0825079	0.00993078	-0.0825298	0.996539	1.82536	1.29112	75.6417	
0.999993	-0.00247105	-0.00275995	0.00275014	0.994343	0.106179	0.00248197	-0.106186	0.994343	1.83154	1.19714	76.6332	
0.999984	-0.00334239	0.00457327	0.00272057	0.991538	0.129791	-0.00496838	-0.129777	0.991531	1.8303	1.07963	77.6222	
0.99992	-0.00438765	0.0118835	0.00251388	0.988172	0.153329	-0.0124157	-0.153287	0.988104	1.82165	0.938659	78.6081	
0.999801	-0.0056062	0.0191661	0.00213018	0.984248	0.176778	-0.0198552	-0.176702	0.984064	1.80558	0.774323	79.5902	
0.999627	-0.00699727	0.0264166	0.00156972	0.979769	0.200123	-0.0272825	-0.200007	0.979415	1.7821	0.58672	80.568	
0.999398	-0.00856	0.0336305	0.000832838	0.974738	0.223351	-0.0346928	-0.223189	0.974158	1.75124	0.375966	81.5409	
0.999114	-0.0102934	0.0408034	-8.00042e-05	0.969156	0.246447	-0.0420817	-0.246232	0.968297	1.713	0.142192	82.5083	
0.998776	-0.0121965	0.0479308	-0.00116824	0.963029	0.269396	-0.0494444	-0.269122	0.961836	1.66742	-0.114457	83.4695	
0.998384	-0.014268	0.0550083	-0.0024312	0.956359	0.292184	-0.0567765	-0.291846	0.954779	1.61452	-0.393822	84.424	
0.997938	-0.0165066	0.0620315	-0.00386809	0.949151	0.314798	-0.0640734	-0.314388	0.94713	1.55434	-0.69573	85.3711	
0.997438	-0.018911	0.068996	-0.00547804	0.941409	0.337222	-0.0713306	-0.336736	0.938893	1.48691	-1.01999	86.3104	
0.996884	-0.0214797	0.0758975	-0.00726003	0.933138	0.359444	-0.0785436	-0.358875	0.930075	1.41227	-1.36641	87.2411	
0.996278	-0.024211	0.0827318	-0.00921296	0.924344	0.38145	-0.0857079	-0.380792	0.92068	1.33047	-1.73477	88.1628	
0.995618	-0.0271034	0.0894945	-0.0113356	0.915031	0.403225	-0.092819	-0.402472	0.910714	1.24156	-2.12484	89.0749	
0.994907	-0.0301549	0.0961816	-0.0136267	0.905205	0.424756	-0.0998726	-0.423903	0.900184	1.1456	-2.53638	89.9767	
0.994144	-0.0333638	0.102789	-0.0160848	0.894873	0.44603	-0.106864	-0.445072	0.889096	1.04265	-2.96913	90.8678	
0.993329	-0.036728	0.109312	-0.0187084	0.884041	0.467035	-0.11379	-0.465964	0.877456	0.932759	-3.42283	91.7475	
0.992463	-0.0402454	0.115748	-0.0214958	0.872716	0.487755	-0.120645	-0.486567	0.865273	0.81601	-3.8972	92.6154	
0.991547	-0.0439138	0.122091	-0.0244453	0.860904	0.50818	-0.127425	-0.506869	0.852553	0.69247	-4.39194	93.4709	
0.990581	-0.0477311	0.128339	-0.0275551	0.848613	0.528296	-0.134126	-0.526857	0.839305	0.562216	-4.90674	94.3135	
0.989566	-0.0516947	0.134486	-0.0308233	0.83585	0.548091	-0.140744	-0.546518	0.825536	0.42533	-5.44129	95.1426	
0.988503	-0.0558023	0.14053	-0.0342478	0.822625	0.567552	-0.147275	-0.56584	0.811255	0.281895	-5.99525	95.9577	
0.987391	-0.0600513	0.146467	-0.0378265	0.808944	0.586668	-0.153714	-0.584811	0.796472	0.132001	-6.56828	96.7584	
