1	0	0	0	1	0	0	0	1	0	0	0	
0.999997	-4.13506e-06	0.00246894	-4.13506e-06	0.999994	0.00334965	-0.00246894	-0.00334965	0.999991	-0.00122949	-0.00166806	0.995957	
0.999988	-1.65609e-05	0.00494076	-1.65634e-05	0.999978	0.00670419	-0.00494076	-0.00670419	0.999965	-0.00491937	-0.00667467	1.9919	
0.999973	-3.73086e-05	0.00741533	-3.73185e-05	0.999949	0.0100635	-0.00741533	-0.0100635	0.999922	-0.0110725	-0.0150247	2.9878	
0.999951	-6.6408e-05	0.00989257	-6.6433e-05	0.99991	0.0134274	-0.00989257	-0.0134274	0.999861	-0.0196915	-0.0267227	3.98365	
0.999923	-0.000103888	0.0123724	-0.000103938	0.999859	0.0167958	-0.0123724	-0.0167958	0.999782	-0.030779	-0.0417733	4.97944	
0.99989	-0.000149778	0.0148546	-0.000149865	0.999797	0.0201686	-0.0148546	-0.0201686	0.999686	-0.0443374	-0.0601808	5.97513	
0.99985	-0.000204103	0.0173392	-0.000204244	0.999723	0.0235455	-0.0173392	-0.0235455	0.999572	-0.0603693	-0.0819496	6.97073	
0.999803	-0.000266891	0.019826	-0.000267102	0.999637	0.0269265	-0.019826	-0.0269265	0.999441	-0.0788768	-0.107084	7.9662	
0.999751	-0.000338168	0.0223149	-0.000338469	0.99954	0.0303114	-0.0223149	-0.0303114	0.999291	-0.0998622	-0.135587	8.96152	
0.999692	-0.000417956	0.0248059	-0.000418371	0.999432	0.0337001	-0.0248059	-0.0337001	0.999124	-0.123327	-0.167464	9.9567	
0.999627	-0.000506281	0.0272988	-0.000506835	0.999312	0.0370924	-0.0272988	-0.0370925	0.998939	-0.149275	-0.202717	10.9517	
0.999556	-0.000603164	0.0297935	-0.000603885	0.99918	0.0404883	-0.0297935	-0.0404883	0.998736	-0.177705	-0.241351	11.9465	
0.999478	-0.000708628	0.0322899	-0.000709546	0.999036	0.0438874	-0.0322899	-0.0438874	0.998515	-0.208622	-0.283368	12.9411	
0.999394	-0.000822692	0.0347879	-0.000823842	0.998881	0.0472898	-0.0347879	-0.0472898	0.998275	-0.242025	-0.328773	13.9355	
0.999304	-0.000945378	0.0372875	-0.000946794	0.998714	0.0506953	-0.0372874	-0.0506953	0.998018	-0.277917	-0.377567	14.9296	
0.999208	-0.0010767	0.0397884	-0.00107842	0.998535	0.0541036	-0.0397883	-0.0541037	0.997742	-0.316299	-0.429755	15.9234	
0.999105	-0.00121669	0.0422906	-0.00121875	0.998344	0.0575148	-0.0422905	-0.0575148	0.997449	-0.357173	-0.485339	16.917	
0.998995	-0.00136534	0.044794	-0.0013678	0.998141	0.0609286	-0.0447939	-0.0609287	0.997137	-0.400539	-0.544322	17.9102	
0.99888	-0.00152269	0.0472985	-0.00152559	0.997927	0.0643449	-0.0472984	-0.064345	0.996806	-0.4464	-0.606705	18.9032	
0.998758	-0.00168875	0.0498039	-0.00169213	0.9977	0.0677636	-0.0498038	-0.0677637	0.996458	-0.494755	-0.672493	19.8958	
0.998629	-0.00186353	0.0523103	-0.00186744	0.997461	0.0711845	-0.0523101	-0.0711846	0.996091	-0.545605	-0.741686	20.888	
0.998494	-0.00204704	0.0548174	-0.00205155	0.997211	0.0746075	-0.0548172	-0.0746076	0.995705	-0.598953	-0.814288	21.8799	
0.998353	-0.00223929	0.0573251	-0.00224445	0.996948	0.0780324	-0.0573249	-0.0780325	0.995301	-0.654797	-0.8903	22.8714	
0.998205	-0.00244031	0.0598334	-0.00244618	0.996674	0.0814591	-0.0598332	-0.0814593	0.994879	-0.71314	-0.969724	23.8625	
0.998051	-0.00265009	0.0623422	-0.00265673	0.996387	0.0848875	-0.0623419	-0.0848877	0.994438	-0.773981	-1.05256	24.8531	
0.997891	-0.00286866	0.0648514	-0.00287613	0.996088	0.0883174	-0.064851	-0.0883176	0.993979	-0.83732	-1.13881	25.8433	
0.997724	-0.00309601	0.0673607	-0.00310439	0.995777	0.0917486	-0.0673603	-0.0917489	0.993501	-0.903159	-1.22848	26.833	
0.997551	-0.00333215	0.0698703	-0.00334151	0.995454	0.0951811	-0.0698698	-0.0951814	0.993005	-0.971497	-1.32157	27.8223	
0.997371	-0.0035771	0.0723798	-0.0035875	0.995119	0.0986147	-0.0723793	-0.0986151	0.99249	-1.04233	-1.41808	28.811	
0.997184	-0.00383086	0.0748893	-0.00384238	0.994772	0.102049	-0.0748887	-0.10205	0.991956	-1.11567	-1.51801	29.7992	
0.996992	-0.00409343	0.0773987	-0.00410616	0.994412	0.105485	-0.077398	-0.105485	0.991404	-1.19151	-1.62135	30.7869	
0.996793	-0.00436482	0.0799077	-0.00437883	0.994041	0.108921	-0.079907	-0.108921	0.990834	-1.26984	-1.72812	31.774	
0.996587	-0.00464504	0.0824165	-0.00466041	0.993657	0.112357	-0.0824156	-0.112358	0.990244	-1.35067	-1.83832	32.7606	
0.996375	-0.00493407	0.0849247	-0.0049509	0.993261	0.115794	-0.0849237	-0.115795	0.989636	-1.43401	-1.95193	33.7465	
0.996157	-0.00523194	0.0874323	-0.0052503	0.992853	0.119231	-0.0874312	-0.119232	0.989009	-1.51984	-2.06897	34.7318	
0.995932	-0.00553863	0.0899393	-0.00555862	0.992432	0.122669	-0.0899381	-0.122669	0.988364	-1.60816	-2.18943	35.7165	
0.995701	-0.00585415	0.0924455	-0.00587587	0.991999	0.126106	-0.0924441	-0.126107	0.9877	-1.69899	-2.31332	36.7006	
0.995463	-0.00617849	0.0949508	-0.00620203	0.991554	0.129543	-0.0949493	-0.129544	0.987017	-1.7923	-2.44063	37.6839	
0.995219	-0.00651166	0.0974552	-0.00653712	0.991097	0.13298	-0.0974535	-0.132981	0.986316	-1.88812	-2.57136	38.6666	
0.994968	-0.00685365	0.0999584	-0.00688114	0.990628	0.136416	-0.0999565	-0.136417	0.985596	-1.98642	-2.70552	39.6486	
0.994711	-0.00720445	0.10246	-0.00723407	0.990146	0.139852	-0.102458	-0.139853	0.984857	-2.08722	-2.84309	40.6298	
0.994448	-0.00756407	0.104961	-0.00759593	0.989652	0.143287	-0.104959	-0.143288	0.9841	-2.19051	-2.98409	41.6103	
0.994178	-0.0079325	0.107461	-0.0079667	0.989146	0.146721	-0.107458	-0.146723	0.983324	-2.29629	-3.12851	42.5901	
0.993901	-0.00830973	0.109959	-0.00834639	0.988627	0.150154	-0.109956	-0.150156	0.982529	-2.40456	-3.27635	43.569	
0.993619	-0.00869575	0.112455	-0.00873499	0.988097	0.153586	-0.112452	-0.153588	0.981715	-2.51531	-3.42761	44.5472	
0.99333	-0.00909056	0.11495	-0.00913249	0.987554	0.157017	-0.114946	-0.157019	0.980883	-2.62855	-3.58229	45.5245	
0.993034	-0.00949414	0.117442	-0.00953889	0.986999	0.160446	-0.117439	-0.160449	0.980033	-2.74428	-3.74038	46.501	
0.992733	-0.0099065	0.119933	-0.00995418	0.986431	0.163874	-0.119929	-0.163877	0.979164	-2.86248	-3.90189	47.4767	
0.992424	-0.0103276	0.122422	-0.0103783	0.985851	0.1673	-0.122418	-0.167303	0.978276	-2.98317	-4.06681	48.4514	
0.99211	-0.0107575	0.124909	-0.0108114	0.98526	0.170724	-0.124905	-0.170727	0.977369	-3.10633	-4.23514	49.4253	
0.991789	-0.011196	0.127394	-0.0112533	0.984656	0.174146	-0.127389	-0.17415	0.976445	-3.23196	-4.40688	50.3983	
0.991462	-0.0116434	0.129876	-0.011704	0.984039	0.177566	-0.129871	-0.17757	0.975501	-3.36007	-4.58203	51.3703	
0.991128	-0.0120994	0.132356	-0.0121636	0.983411	0.180984	-0.13235	-0.180988	0.974539	-3.49066	-4.76059	52.3414	
0.990789	-0.0125641	0.134834	-0.0126321	0.98277	0.184399	-0.134828	-0.184404	0.973559	-3.62371	-4.94255	53.3115	
0.990442	-0.0130374	0.137309	-0.0131093	0.982117	0.187812	-0.137302	-0.187817	0.97256	-3.75922	-5.1279	54.2806	
0.99009	-0.0135195	0.139781	-0.0135954	0.981453	0.191223	-0.139774	-0.191228	0.971543	-3.8972	-5.31666	55.2488	
0.989731	-0.0140101	0.142251	-0.0140902	0.980775	0.19463	-0.142243	-0.194636	0.970507	-4.03764	-5.50881	56.2159	
0.989367	-0.0145094	0.144717	-0.0145938	0.980086	0.198035	-0.144709	-0.198041	0.969453	-4.18053	-5.70436	57.1819	
0.988996	-0.0150173	0.147181	-0.0151061	0.979385	0.201436	-0.147172	-0.201443	0.968381	-4.32589	-5.9033	58.1469	
0.988618	-0.0155338	0.149642	-0.0156272	0.978672	0.204835	-0.149632	-0.204842	0.96729	-4.47369	-6.10562	59.1108	
0.988235	-0.0160589	0.152099	-0.016157	0.977947	0.20823	-0.152089	-0.208237	0.966181	-4.62394	-6.31132	60.0737	
0.987845	-0.0165924	0.154554	-0.0166955	0.977209	0.211621	-0.154543	-0.211629	0.965054	-4.77664	-6.52041	61.0354	
0.987449	-0.0171345	0.157005	-0.0172426	0.97646	0.215009	-0.156993	-0.215018	0.963909	-4.93177	-6.73287	61.996	
0.986818	-0.0180026	0.160833	-0.0183361	0.974957	0.221635	-0.160795	-0.221662	0.961775	-5.09003	-6.95033	62.9549	
0.986171	-0.018897	0.164652	-0.0194557	0.973409	0.228246	-0.164587	-0.228293	0.95958	-5.25206	-7.1744	63.9117	
0.985509	-0.0198178	0.168463	-0.0206012	0.971815	0.234841	-0.168369	-0.234909	0.957324	-5.41787	-7.40506	64.8663	
0.984832	-0.0207648	0.172264	-0.0217727	0.970176	0.241421	-0.172139	-0.241509	0.955009	-5.58743	-7.64231	65.8186	
0.98414	-0.0217379	0.176055	-0.02297	0.968492	0.247983	-0.175899	-0.248094	0.952633	-5.76075	-7.88613	66.7686	
0.983434	-0.022737	0.179837	-0.0241931	0.966763	0.254529	-0.179646	-0.254663	0.950197	-5.93781	-8.13649	67.7162	
0.982712	-0.023762	0.183607	-0.0254417	0.964988	0.261057	-0.183382	-0.261215	0.947701	-6.11859	-8.39339	68.6613	
0.981977	-0.0248127	0.187367	-0.0267159	0.963169	0.267566	-0.187105	-0.26775	0.945146	-6.30308	-8.6568	69.6039	
0.981226	-0.025889	0.191116	-0.0280154	0.961305	0.274058	-0.190816	-0.274267	0.942532	-6.49128	-8.92672	70.5439	
0.979317	-0.0286769	0.200291	-0.0324869	0.954776	0.295545	-0.199708	-0.295939	0.934097	-6.68577	-9.21068	71.4785	
0.977321	-0.0316758	0.209381	-0.0371606	0.947753	0.316832	-0.208478	-0.317427	0.925082	-6.88904	-9.51614	72.4044	
0.97524	-0.0348839	0.21838	-0.0420336	0.940241	0.337907	-0.217118	-0.338719	0.915494	-7.10099	-9.84291	73.321	
0.973075	-0.0382992	0.227283	-0.047103	0.932243	0.358755	-0.225623	-0.359801	0.905338	-7.32148	-10.1908	74.2278	
0.970828	-0.0419195	0.236083	-0.0523655	0.923764	0.379364	-0.233988	-0.38066	0.894621	-7.55037	-10.5595	75.1242	
0.9685	-0.0457427	0.244776	-0.0578179	0.914811	0.399722	-0.242209	-0.401283	0.88335	-7.78752	-10.9489	76.0096	
0.966092	-0.0497663	0.253357	-0.0634568	0.905389	0.419815	-0.250279	-0.421657	0.871531	-8.03278	-11.3588	76.8836	
0.963606	-0.0539879	0.261819	-0.0692788	0.895502	0.439632	-0.258194	-0.44177	0.859171	-8.286	-11.7888	77.7455	
0.961043	-0.0584048	0.270157	-0.0752802	0.885159	0.459159	-0.265949	-0.461609	0.846279	-8.54703	-12.2387	78.5948	
0.958405	-0.0630143	0.278367	-0.0814573	0.874364	0.478385	-0.273539	-0.481162	0.832862	-8.8157	-12.7082	79.431	
0.955694	-0.0678135	0.286443	-0.0878063	0.863125	0.497298	-0.28096	-0.500416	0.818929	-9.09184	-13.197	80.2536	
0.952912	-0.0727995	0.29438	-0.0943232	0.851449	0.515886	-0.288206	-0.51936	0.804489	-9.37529	-13.7048	81.0621	
0.950059	-0.0779692	0.302174	-0.101004	0.839342	0.534137	-0.295274	-0.537983	0.789549	-9.66586	-14.2314	81.8559	
0.947138	-0.0833193	0.309819	-0.107845	0.826813	0.552041	-0.302158	-0.556272	0.77412	-9.96339	-14.7763	82.6346	
0.94415	-0.0888466	0.317311	-0.114841	0.813869	0.569586	-0.308856	-0.574215	0.758212	-10.2677	-15.3393	83.3977	
0.941098	-0.0945476	0.324646	-0.121988	0.800518	0.586762	-0.315362	-0.591803	0.741833	-10.5785	-15.92	84.1448	
0.937984	-0.100419	0.331817	-0.129282	0.786769	0.603557	-0.321672	-0.609024	0.724994	-10.8958	-16.518	84.8753	
0.934808	-0.106457	0.338822	-0.136718	0.772629	0.619961	-0.327783	-0.625868	0.707706	-11.2192	-17.133	85.5888	
0.931574	-0.112657	0.345656	-0.144292	0.758109	0.635965	-0.333691	-0.642323	0.689979	-11.5486	-17.7646	86.2848	
0.928283	-0.119017	0.352314	-0.151999	0.743216	0.651557	-0.339392	-0.658381	0.671824	-11.8838	-18.4123	86.963	
0.924938	-0.125531	0.358793	-0.159833	0.72796	0.666729	-0.344882	-0.67403	0.653253	-12.2246	-19.0759	87.6229	
0.921539	-0.132197	0.365088	-0.167792	0.71235	0.681471	-0.350159	-0.689261	0.634277	-12.5707	-19.7548	88.2641	
0.91809	-0.139009	0.371196	-0.175868	0.696397	0.695774	-0.355219	-0.704065	0.614908	-12.922	-20.4487	88.8862	
0.914593	-0.145964	0.377112	-0.184058	0.680109	0.709629	-0.360058	-0.718433	0.595158	-13.2782	-21.1571	89.4888	
0.91105	-0.153058	0.382834	-0.192356	0.663498	0.723028	-0.364674	-0.732355	0.575038	-13.6392	-21.8796	90.0716	
0.907462	-0.160285	0.388357	-0.200757	0.646573	0.735962	-0.369064	-0.745823	0.554562	-14.0046	-22.6158	90.6341	
0.903833	-0.167642	0.393678	-0.209257	0.629345	0.748423	-0.373226	-0.758829	0.533743	-14.3742	-23.3651	91.1761	
