1	0	0	0	1	0	0	0	1	0	0	0	
0.999991	6.12453e-06	0.00415679	6.12453e-06	0.999996	-0.00294674	-0.00415679	0.00294674	0.999987	-0.00218757	0.00155076	1.05252	
0.999965	2.45291e-05	0.00831957	2.45195e-05	0.999983	-0.00589541	-0.00831957	0.00589541	0.999948	-0.00875343	0.00620406	2.10501	
0.999922	5.52568e-05	0.0124881	5.52184e-05	0.999961	-0.00884588	-0.0124881	0.00884588	0.999883	-0.0197038	0.0139619	3.15745	
0.999861	9.83495e-05	0.0166623	9.82535e-05	0.99993	-0.011798	-0.0166623	0.011798	0.999792	-0.0350446	0.024826	4.20981	
0.999783	0.000153848	0.020842	0.000153656	0.999891	-0.0147517	-0.020842	0.0147517	0.999674	-0.0547818	0.0387981	5.26206	
0.999687	0.000221792	0.0250268	0.000221455	0.999843	-0.0177067	-0.0250268	0.0177067	0.99953	-0.0789209	0.0558798	6.31416	
0.999573	0.00030222	0.0292167	0.00030168	0.999786	-0.020663	-0.0292167	0.020663	0.99936	-0.107467	0.0760725	7.36611	
0.999442	0.000395169	0.0334115	0.000394358	0.999721	-0.0236205	-0.0334115	0.0236205	0.999163	-0.140426	0.0993773	8.41786	
0.999292	0.000500674	0.037611	0.000499515	0.999647	-0.0265789	-0.037611	0.0265789	0.998939	-0.177803	0.125795	9.46939	
0.999125	0.000618772	0.041815	0.000617176	0.999563	-0.0295382	-0.041815	0.0295381	0.998689	-0.219602	0.155328	10.5207	
0.99894	0.000749494	0.0460233	0.000747365	0.999472	-0.0324982	-0.0460233	0.0324981	0.998412	-0.265828	0.187975	11.5717	
0.998737	0.000892875	0.0502357	0.000890105	0.999371	-0.0354587	-0.0502357	0.0354587	0.998108	-0.316486	0.223738	12.6224	
0.998516	0.00104894	0.054452	0.00104542	0.999261	-0.0384198	-0.0544521	0.0384197	0.997777	-0.371579	0.262618	13.6727	
0.998277	0.00121773	0.0586722	0.00121332	0.999143	-0.0413811	-0.0586722	0.041381	0.997419	-0.431112	0.304614	14.7227	
0.998019	0.00139927	0.0628958	0.00139383	0.999015	-0.0443426	-0.062896	0.0443424	0.997035	-0.495089	0.349727	15.7723	
0.997743	0.00159359	0.0671229	0.00158697	0.998879	-0.0473042	-0.0671231	0.0473039	0.996623	-0.563514	0.397957	16.8215	
0.997449	0.0018007	0.0713532	0.00179276	0.998734	-0.0502656	-0.0713534	0.0502654	0.996184	-0.636389	0.449304	17.8703	
0.997137	0.00202065	0.0755864	0.00201121	0.99858	-0.0532269	-0.0755867	0.0532265	0.995718	-0.713718	0.503769	18.9185	
0.996807	0.00225345	0.0798225	0.00224233	0.998418	-0.0561878	-0.0798228	0.0561874	0.995224	-0.795504	0.561349	19.9663	
0.996457	0.00249912	0.0840612	0.00248614	0.998246	-0.0591482	-0.0840616	0.0591477	0.994704	-0.881751	0.622046	21.0135	
0.99609	0.00275769	0.0883024	0.00274266	0.998066	-0.062108	-0.0883029	0.0621074	0.994156	-0.97246	0.685858	22.0602	
0.995704	0.00302918	0.0925459	0.00301188	0.997876	-0.0650671	-0.0925464	0.0650663	0.99358	-1.06763	0.752785	23.1063	
0.995299	0.00331361	0.0967914	0.00329382	0.997678	-0.0680253	-0.0967921	0.0680243	0.992977	-1.16728	0.822826	24.1517	
0.994876	0.003611	0.101039	0.0035885	0.997471	-0.0709825	-0.10104	0.0709813	0.992347	-1.27139	0.895979	25.1965	
0.994434	0.00392137	0.105288	0.00389591	0.997255	-0.0739385	-0.105289	0.0739371	0.991689	-1.37997	0.972245	26.2406	
0.993973	0.00424472	0.109539	0.00421606	0.99703	-0.0768933	-0.10954	0.0768917	0.991004	-1.49303	1.05162	27.2841	
0.993494	0.00458109	0.11379	0.00454896	0.996797	-0.0798466	-0.113792	0.0798448	0.990291	-1.61056	1.13411	28.3267	
0.992996	0.00493047	0.118044	0.00489462	0.996554	-0.0827985	-0.118045	0.0827963	0.98955	-1.73257	1.2197	29.3687	
0.992479	0.0052929	0.122298	0.00525303	0.996303	-0.0857486	-0.122299	0.0857462	0.988782	-1.85905	1.3084	30.4098	
0.991944	0.00566836	0.126552	0.0056242	0.996043	-0.088697	-0.126554	0.0886942	0.987986	-1.99001	1.4002	31.4501	
0.991389	0.00605689	0.130808	0.00600813	0.995774	-0.0916435	-0.13081	0.0916403	0.987163	-2.12546	1.4951	32.4895	
0.990816	0.00645848	0.135064	0.00640482	0.995496	-0.0945879	-0.135066	0.0945843	0.986312	-2.26538	1.5931	33.5281	
0.990224	0.00687316	0.13932	0.00681427	0.995209	-0.0975302	-0.139323	0.097526	0.985433	-2.40978	1.6942	34.5658	
0.989612	0.00730091	0.143576	0.00723647	0.994914	-0.10047	-0.143579	0.100465	0.984526	-2.55866	1.7984	35.6025	
0.988982	0.00774176	0.147832	0.00767142	0.994609	-0.103408	-0.147835	0.103402	0.983592	-2.71202	1.90569	36.6382	
0.988333	0.0081957	0.152087	0.00811912	0.994296	-0.106343	-0.152091	0.106337	0.982629	-2.86986	2.01607	37.673	
0.987665	0.00866275	0.156342	0.00857956	0.993975	-0.109275	-0.156347	0.109268	0.981639	-3.03218	2.12953	38.7067	
0.986978	0.0091429	0.160597	0.00905274	0.993644	-0.112204	-0.160602	0.112197	0.980622	-3.19898	2.24608	39.7394	
0.986272	0.00963616	0.16485	0.00953864	0.993305	-0.115131	-0.164856	0.115123	0.979576	-3.37025	2.36571	40.771	
0.985546	0.0101425	0.169102	0.0100373	0.992956	-0.118054	-0.169109	0.118045	0.978503	-3.54601	2.48842	41.8014	
0.984802	0.010662	0.173353	0.0105486	0.9926	-0.120975	-0.17336	0.120965	0.977402	-3.72624	2.6142	42.8307	
0.984039	0.0111946	0.177603	0.0110726	0.992234	-0.123892	-0.177611	0.123881	0.976273	-3.91094	2.74306	43.8589	
0.983256	0.0117403	0.181851	0.0116094	0.99186	-0.126805	-0.181859	0.126793	0.975116	-4.10012	2.87498	44.8858	
0.982454	0.0122991	0.186097	0.0121588	0.991477	-0.129715	-0.186106	0.129702	0.973931	-4.29376	3.00996	45.9115	
0.981634	0.012871	0.190341	0.0127208	0.991085	-0.132622	-0.190351	0.132607	0.972719	-4.49188	3.148	46.936	
0.980794	0.013456	0.194583	0.0132955	0.990685	-0.135524	-0.194594	0.135509	0.971479	-4.69446	3.2891	47.9592	
0.979935	0.014054	0.198823	0.0138828	0.990276	-0.138423	-0.198835	0.138406	0.970211	-4.90151	3.43326	48.981	
0.979057	0.0146652	0.20306	0.0144828	0.989858	-0.141318	-0.203073	0.141299	0.968915	-5.11302	3.58045	50.0015	
0.978159	0.0152894	0.207294	0.0150953	0.989432	-0.144208	-0.207308	0.144188	0.967591	-5.32899	3.7307	51.0206	
0.977243	0.0159267	0.211525	0.0157205	0.988998	-0.147094	-0.211541	0.147072	0.96624	-5.54941	3.88397	52.0383	
0.976307	0.0165771	0.215754	0.0163581	0.988554	-0.149976	-0.21577	0.149952	0.964861	-5.77429	4.04029	53.0546	
0.975352	0.0172405	0.219979	0.0170084	0.988102	-0.152853	-0.219997	0.152827	0.963455	-6.00362	4.19963	54.0694	
0.974378	0.0179169	0.2242	0.0176711	0.987642	-0.155726	-0.22422	0.155698	0.962021	-6.23739	4.362	55.0827	
0.973385	0.0186064	0.228418	0.0183463	0.987173	-0.158594	-0.228439	0.158564	0.960559	-6.47561	4.52738	56.0945	
0.972373	0.0193088	0.232632	0.019034	0.986696	-0.161457	-0.232655	0.161424	0.959069	-6.71827	4.69578	57.1047	
0.971342	0.0200243	0.236842	0.0197341	0.98621	-0.164315	-0.236867	0.16428	0.957552	-6.96536	4.86718	58.1134	
0.970291	0.0207527	0.241048	0.0204467	0.985716	-0.167168	-0.241074	0.16713	0.956008	-7.21688	5.04159	59.1204	
0.969222	0.0214941	0.24525	0.0211717	0.985214	-0.170016	-0.245278	0.169975	0.954436	-7.47283	5.219	60.1258	
0.968133	0.0222484	0.249447	0.021909	0.984703	-0.172858	-0.249477	0.172815	0.952836	-7.73321	5.3994	61.1295	
0.967025	0.0230156	0.253639	0.0226586	0.984184	-0.175695	-0.253671	0.175649	0.951209	-7.99799	5.58278	62.1315	
0.965898	0.0237957	0.257826	0.0234206	0.983656	-0.178526	-0.257861	0.178477	0.949555	-8.26719	5.76915	63.1319	
0.964752	0.0245888	0.262009	0.0241949	0.983121	-0.181352	-0.262045	0.181299	0.947873	-8.5408	5.95848	64.1304	
0.963587	0.0253946	0.266186	0.0249814	0.982577	-0.184172	-0.266225	0.184115	0.946164	-8.81881	6.15079	65.1272	
0.962403	0.0262133	0.270357	0.0257801	0.982024	-0.186986	-0.270399	0.186926	0.944428	-9.10122	6.34605	66.1221	
0.9612	0.0270448	0.274523	0.026591	0.981464	-0.189794	-0.274567	0.18973	0.942664	-9.38801	6.54427	67.1152	
0.958918	0.0286076	0.282239	0.0271877	0.981055	-0.191811	-0.282379	0.191604	0.939973	-9.68112	6.74495	68.106	
0.956571	0.0301861	0.289934	0.0278011	0.980643	-0.193822	-0.290172	0.193465	0.937215	-9.98243	6.9476	69.0939	
0.954159	0.0317801	0.297607	0.0284309	0.980226	-0.195826	-0.297946	0.195311	0.934389	-10.2919	7.1522	70.0788	
0.946186	0.0367169	0.321532	0.0266761	0.981313	-0.19056	-0.322521	0.188883	0.927526	-10.6185	7.3544	71.0588	
0.937585	0.0414868	0.345273	0.0247828	0.982363	-0.185335	-0.346872	0.182324	0.92002	-10.9708	7.54976	72.0311	
0.928361	0.0460866	0.368812	0.0227525	0.983375	-0.180154	-0.370984	0.175639	0.911878	-11.3486	7.73816	72.9952	
0.91852	0.0505129	0.392135	0.0205866	0.98435	-0.175021	-0.394838	0.168833	0.903105	-11.7516	7.91945	73.9504	
0.90807	0.0547629	0.415223	0.0182865	0.985285	-0.169939	-0.418419	0.161909	0.893706	-12.1796	8.09352	74.8961	
0.897017	0.0588335	0.438062	0.0158538	0.986181	-0.164912	-0.441711	0.154874	0.883689	-12.6323	8.26024	75.8315	
0.88537	0.0627219	0.460636	0.0132903	0.987037	-0.159943	-0.464697	0.147731	0.873059	-13.1094	8.4195	76.7561	
0.873137	0.0664254	0.482929	0.0105976	0.987852	-0.155036	-0.48736	0.140486	0.861826	-13.6104	8.57118	77.6691	
0.860325	0.0699414	0.504925	0.00777768	0.988626	-0.150195	-0.509687	0.133144	0.849995	-14.1352	8.71519	78.5701	
0.846944	0.0732676	0.52661	0.00483247	0.989358	-0.145422	-0.531661	0.125709	0.837576	-14.6832	8.85143	79.4582	
0.833003	0.0764017	0.547968	0.00176401	0.990048	-0.140721	-0.553266	0.118188	0.824578	-15.2542	8.97979	80.333	
0.818511	0.0793413	0.568985	-0.00142558	0.990695	-0.136095	-0.574489	0.110584	0.811008	-15.8477	9.10019	81.1938	
0.80348	0.0820846	0.589646	-0.00473409	0.991299	-0.131548	-0.595313	0.102904	0.796877	-16.4634	9.21255	82.04	
0.787918	0.0846296	0.609937	-0.00815923	0.991859	-0.127082	-0.615726	0.0951533	0.782194	-17.1008	9.31678	82.8711	
0.771837	0.0869745	0.629843	-0.0116986	0.992375	-0.1227	-0.635712	0.0873363	0.766969	-17.7594	9.41282	83.6864	
0.755249	0.0891178	0.649351	-0.0153498	0.992847	-0.118406	-0.655259	0.0794588	0.751214	-18.4388	9.50061	84.4854	
0.738164	0.0910579	0.668448	-0.0191103	0.993274	-0.114203	-0.674351	0.0715264	0.734939	-19.1386	9.58007	85.2675	
0.720594	0.0927936	0.68712	-0.0229775	0.993656	-0.110093	-0.692977	0.0635444	0.718154	-19.8582	9.65116	86.0323	
0.702551	0.0943235	0.705354	-0.0269486	0.993992	-0.10608	-0.711123	0.0555184	0.700873	-20.5971	9.71382	86.7791	
0.684049	0.0956467	0.723138	-0.0310211	0.994284	-0.102166	-0.728776	0.0474539	0.683106	-21.355	9.76801	87.5075	
0.6651	0.0967622	0.740459	-0.0351919	0.994529	-0.0983534	-0.745925	0.0393566	0.664866	-22.1311	9.8137	88.2169	
0.645716	0.0976692	0.757306	-0.0394583	0.994729	-0.0946454	-0.762558	0.0312321	0.646166	-22.925	9.85085	88.9069	
0.625912	0.0983672	0.773666	-0.0438173	0.994882	-0.0910445	-0.778662	0.0230859	0.627019	-23.7361	9.87944	89.577	
0.6057	0.0988556	0.789528	-0.0482658	0.99499	-0.0875532	-0.794228	0.0149238	0.607437	-24.5639	9.89944	90.2267	
0.585096	0.0991341	0.804882	-0.0528009	0.995051	-0.0841738	-0.809243	0.00675129	0.587435	-25.4078	9.91085	90.8555	
0.564113	0.0992025	0.819716	-0.0574192	0.995066	-0.0809086	-0.823698	-0.00142587	0.567026	-26.2672	9.91365	91.4631	
0.542766	0.0990608	0.834021	-0.0621178	0.995035	-0.0777601	-0.837584	-0.00960203	0.546225	-27.1415	9.90785	92.049	
0.52107	0.0987091	0.847787	-0.0668932	0.994958	-0.0747302	-0.850889	-0.0177716	0.525045	-28.0302	9.89344	92.6128	
0.499039	0.0981475	0.861004	-0.0717423	0.994834	-0.0718212	-0.863605	-0.0259288	0.503502	-28.9325	9.87044	93.1541	
0.476689	0.0973766	0.873662	-0.0766616	0.994664	-0.0690351	-0.875723	-0.034068	0.481611	-29.8479	9.83887	93.6726	
0.454035	0.0963968	0.885754	-0.0816477	0.994449	-0.0663737	-0.887235	-0.0421837	0.459386	-30.7757	9.79874	94.1678	
