1	0	0	0	1	0	0	0	1	0	0	0	
1	-1.45436e-08	0.000676272	-1.45436e-08	1	4.30111e-05	-0.000676272	-4.30111e-05	1	-0.000322425	-2.05063e-05	0.953535	
0.999999	-5.82723e-08	0.00135312	-5.83689e-08	1	8.62016e-05	-0.00135312	-8.62016e-05	0.999999	-0.00128997	-8.21107e-05	1.90707	
0.999998	-1.31354e-07	0.00203051	-1.3174e-07	1	0.00012957	-0.00203051	-0.00012957	0.999998	-0.00290318	-0.000184984	2.8606	
0.999996	-2.3395e-07	0.00270842	-2.34918e-07	1	0.000173114	-0.00270842	-0.000173114	0.999996	-0.00516255	-0.000329294	3.81414	
0.999994	-3.6622e-07	0.00338682	-3.68157e-07	1	0.000216833	-0.00338682	-0.000216833	0.999994	-0.00806857	-0.000515208	4.76767	
0.999992	-5.28315e-07	0.00406566	-5.31708e-07	1	0.000260725	-0.00406566	-0.000260725	0.999992	-0.0116217	-0.000742892	5.7212	
0.999989	-7.20386e-07	0.00474494	-7.25817e-07	1	0.000304787	-0.00474494	-0.000304787	0.999989	-0.0158223	-0.00101251	6.67472	
0.999985	-9.42573e-07	0.0054246	-9.50726e-07	1	0.000349018	-0.0054246	-0.000349018	0.999985	-0.0206708	-0.00132422	7.62825	
0.999981	-1.19502e-06	0.00610463	-1.20667e-06	1	0.000393417	-0.00610463	-0.000393417	0.999981	-0.0261676	-0.00167819	8.58176	
0.999977	-1.47785e-06	0.006785	-1.49388e-06	1	0.000437981	-0.006785	-0.000437981	0.999977	-0.0323129	-0.00207458	9.53528	
0.999972	-1.7912e-06	0.00746566	-1.81259e-06	1	0.000482708	-0.00746566	-0.000482708	0.999972	-0.0391072	-0.00251353	10.4888	
0.999967	-2.13519e-06	0.0081466	-2.16301e-06	1	0.000527597	-0.0081466	-0.000527597	0.999967	-0.0465506	-0.00299521	11.4423	
0.999961	-2.50993e-06	0.00882778	-2.54536e-06	1	0.000572646	-0.00882778	-0.000572646	0.999961	-0.0546434	-0.00351977	12.3958	
0.999955	-2.91555e-06	0.00950918	-2.95986e-06	1	0.000617853	-0.00950918	-0.000617853	0.999955	-0.0633859	-0.00408736	13.3493	
0.999948	-3.35214e-06	0.0101907	-3.4067e-06	1	0.000663216	-0.0101907	-0.000663216	0.999948	-0.0727782	-0.00469814	14.3028	
0.999941	-3.81981e-06	0.0108725	-3.88609e-06	1	0.000708732	-0.0108725	-0.000708733	0.999941	-0.0828205	-0.00535224	15.2563	
0.999933	-4.31866e-06	0.0115543	-4.39823e-06	1	0.000754401	-0.0115543	-0.000754402	0.999933	-0.0935128	-0.00604981	16.2097	
0.999925	-4.84877e-06	0.0122363	-4.94329e-06	1	0.00080022	-0.0122363	-0.00080022	0.999925	-0.104855	-0.006791	17.1632	
0.999917	-5.41024e-06	0.0129182	-5.52148e-06	1	0.000846187	-0.0129182	-0.000846187	0.999916	-0.116848	-0.00757596	18.1167	
0.999908	-6.00314e-06	0.0136003	-6.13295e-06	1	0.0008923	-0.0136003	-0.0008923	0.999907	-0.129491	-0.00840481	19.0701	
0.999898	-6.62754e-06	0.0142823	-6.77789e-06	1	0.000938556	-0.0142823	-0.000938557	0.999898	-0.142785	-0.00927771	20.0236	
0.999888	-7.28352e-06	0.0149643	-7.45647e-06	1	0.000984955	-0.0149643	-0.000984956	0.999888	-0.156729	-0.0101948	20.977	
0.999878	-7.97114e-06	0.0156462	-8.16883e-06	0.999999	0.00103149	-0.0156462	-0.00103149	0.999877	-0.171323	-0.0111562	21.9304	
0.999867	-8.69045e-06	0.0163281	-8.91515e-06	0.999999	0.00107817	-0.0163281	-0.00107817	0.999866	-0.186567	-0.012162	22.8838	
0.999855	-9.44152e-06	0.0170098	-9.69556e-06	0.999999	0.00112498	-0.0170098	-0.00112498	0.999855	-0.202462	-0.0132124	23.8372	
0.999843	-1.02244e-05	0.0176913	-1.05102e-05	0.999999	0.00117193	-0.0176913	-0.00117193	0.999843	-0.219006	-0.0143075	24.7906	
0.999831	-1.10391e-05	0.0183727	-1.13592e-05	0.999999	0.001219	-0.0183727	-0.00121901	0.99983	-0.2362	-0.0154474	25.744	
0.999818	-1.18856e-05	0.0190539	-1.22428e-05	0.999999	0.00126621	-0.0190539	-0.00126621	0.999818	-0.254044	-0.0166323	26.6974	
0.999805	-1.27641e-05	0.0197348	-1.31609e-05	0.999999	0.00131354	-0.0197348	-0.00131354	0.999804	-0.272537	-0.0178622	27.6507	
0.999792	-1.36745e-05	0.0204154	-1.41138e-05	0.999999	0.001361	-0.0204154	-0.001361	0.999791	-0.291679	-0.0191373	28.6041	
0.999777	-1.46168e-05	0.0210958	-1.51016e-05	0.999999	0.00140858	-0.0210958	-0.00140858	0.999776	-0.311471	-0.0204578	29.5574	
0.999763	-1.55911e-05	0.0217758	-1.61243e-05	0.999999	0.00145628	-0.0217758	-0.00145628	0.999762	-0.33191	-0.0218237	30.5107	
0.999748	-1.65973e-05	0.0224554	-1.7182e-05	0.999999	0.00150409	-0.0224554	-0.0015041	0.999747	-0.352998	-0.0232351	31.464	
0.999732	-1.76355e-05	0.0231346	-1.8275e-05	0.999999	0.00155203	-0.0231346	-0.00155204	0.999731	-0.374734	-0.0246921	32.4173	
0.999716	-1.87057e-05	0.0238135	-1.94031e-05	0.999999	0.00160007	-0.0238135	-0.00160008	0.999715	-0.397117	-0.026195	33.3706	
0.9997	-1.98078e-05	0.0244918	-2.05666e-05	0.999999	0.00164823	-0.0244918	-0.00164824	0.999699	-0.420148	-0.0277437	34.3238	
0.999683	-2.09418e-05	0.0251697	-2.17655e-05	0.999999	0.0016965	-0.0251697	-0.00169651	0.999682	-0.443825	-0.0293383	35.2771	
0.999666	-2.21077e-05	0.025847	-2.29998e-05	0.999998	0.00174487	-0.025847	-0.00174488	0.999664	-0.468148	-0.0309791	36.2303	
0.999648	-2.33055e-05	0.0265238	-2.42696e-05	0.999998	0.00179335	-0.0265238	-0.00179336	0.999647	-0.493117	-0.032666	37.1835	
0.99963	-2.4535e-05	0.0272001	-2.5575e-05	0.999998	0.00184193	-0.0272001	-0.00184194	0.999628	-0.518731	-0.0343992	38.1367	
0.999611	-2.57964e-05	0.0278757	-2.6916e-05	0.999998	0.0018906	-0.0278757	-0.00189062	0.99961	-0.544989	-0.0361788	39.0899	
0.999592	-2.70895e-05	0.0285507	-2.82926e-05	0.999998	0.00193938	-0.0285507	-0.00193939	0.99959	-0.571891	-0.0380048	40.043	
0.999573	-2.84143e-05	0.029225	-2.97049e-05	0.999998	0.00198825	-0.029225	-0.00198826	0.999571	-0.599437	-0.0398774	40.9961	
0.999553	-2.97708e-05	0.0298986	-3.11529e-05	0.999998	0.00203721	-0.0298986	-0.00203723	0.999551	-0.627625	-0.0417966	41.9493	
0.999533	-3.11587e-05	0.0305715	-3.26365e-05	0.999998	0.00208626	-0.0305715	-0.00208628	0.99953	-0.656455	-0.0437625	42.9024	
0.999512	-3.25782e-05	0.0312436	-3.4156e-05	0.999998	0.00213539	-0.0312436	-0.00213542	0.99951	-0.685927	-0.0457753	43.8554	
0.999491	-3.40291e-05	0.031915	-3.57111e-05	0.999998	0.00218461	-0.031915	-0.00218464	0.999488	-0.716039	-0.047835	44.8085	
0.999469	-3.55112e-05	0.0325855	-3.73019e-05	0.999998	0.00223391	-0.0325855	-0.00223394	0.999466	-0.74679	-0.0499416	45.7615	
0.999447	-3.70246e-05	0.0332552	-3.89285e-05	0.999997	0.0022833	-0.0332552	-0.00228333	0.999444	-0.778181	-0.0520953	46.7146	
0.999424	-3.85691e-05	0.033924	-4.05907e-05	0.999997	0.00233275	-0.033924	-0.00233279	0.999422	-0.81021	-0.0542961	47.6675	
0.999402	-4.01447e-05	0.0345919	-4.22886e-05	0.999997	0.00238229	-0.0345919	-0.00238232	0.999399	-0.842876	-0.0565441	48.6205	
0.999378	-4.17511e-05	0.0352589	-4.40221e-05	0.999997	0.00243189	-0.0352589	-0.00243193	0.999375	-0.876179	-0.0588394	49.5735	
0.999354	-4.33884e-05	0.0359249	-4.57912e-05	0.999997	0.00248156	-0.0359249	-0.00248161	0.999351	-0.910117	-0.061182	50.5264	
0.99933	-4.50563e-05	0.0365899	-4.75958e-05	0.999997	0.0025313	-0.0365899	-0.00253135	0.999327	-0.94469	-0.063572	51.4793	
0.999306	-4.67548e-05	0.0372539	-4.94359e-05	0.999997	0.00258111	-0.0372539	-0.00258116	0.999303	-0.979896	-0.0660095	52.4322	
0.999281	-4.84836e-05	0.0379168	-5.13114e-05	0.999997	0.00263097	-0.0379168	-0.00263103	0.999277	-1.01573	-0.0684945	53.385	
0.999256	-5.02428e-05	0.0385786	-5.32222e-05	0.999996	0.00268089	-0.0385786	-0.00268095	0.999252	-1.05221	-0.0710271	54.3379	
0.99923	-5.2032e-05	0.0392394	-5.51683e-05	0.999996	0.00273087	-0.0392393	-0.00273093	0.999226	-1.08931	-0.0736073	55.2907	
0.999204	-5.38513e-05	0.0398989	-5.71496e-05	0.999996	0.0027809	-0.0398989	-0.00278097	0.9992	-1.12704	-0.0762352	56.2435	
0.999177	-5.57003e-05	0.0405574	-5.91659e-05	0.999996	0.00283099	-0.0405573	-0.00283106	0.999173	-1.1654	-0.0789109	57.1962	
0.99915	-5.75789e-05	0.0412146	-6.12172e-05	0.999996	0.00288112	-0.0412146	-0.00288119	0.999146	-1.20438	-0.0816343	58.149	
0.999123	-5.94871e-05	0.0418705	-6.33034e-05	0.999996	0.00293129	-0.0418705	-0.00293137	0.999119	-1.24399	-0.0844055	59.1017	
0.999101	-6.1954e-05	0.0423941	-0.000213017	0.999979	0.00648154	-0.0423936	-0.00648474	0.99908	-1.28417	-0.0888948	60.0544	
0.999079	-6.62785e-05	0.042917	-0.000364591	0.99995	0.0100317	-0.0429155	-0.0100381	0.999028	-1.32484	-0.0967724	61.007	
0.999056	-7.24558e-05	0.0434393	-0.000518019	0.999908	0.0135817	-0.0434363	-0.0135914	0.998964	-1.36601	-0.108038	61.9596	
0.999033	-8.04799e-05	0.0439609	-0.000673298	0.999853	0.0171315	-0.0439558	-0.0171445	0.998886	-1.40768	-0.122692	62.9121	
0.99901	-9.03434e-05	0.0444816	-0.000830423	0.999786	0.020681	-0.0444739	-0.0206975	0.998796	-1.44984	-0.140734	63.8645	
0.998987	-0.000102038	0.0450013	-0.000989387	0.999706	0.0242302	-0.0449906	-0.0242502	0.998693	-1.49249	-0.162164	64.8168	
0.998963	-0.000115554	0.0455199	-0.00115019	0.999613	0.0277791	-0.0455056	-0.0278027	0.998577	-1.53564	-0.186981	65.7691	
0.99894	-0.000130882	0.0460374	-0.00131281	0.999508	0.0313275	-0.0460188	-0.0313548	0.998448	-1.57927	-0.215185	66.7212	
0.998916	-0.000148008	0.0465535	-0.00147726	0.999391	0.0348755	-0.0465302	-0.0349065	0.998307	-1.6234	-0.246776	67.6732	
0.998892	-0.000166921	0.0470681	-0.00164352	0.99926	0.0384229	-0.0470397	-0.0384577	0.998152	-1.66801	-0.281754	68.625	
0.998867	-0.000187606	0.0475813	-0.00181159	0.999117	0.0419698	-0.0475471	-0.0420084	0.997985	-1.7131	-0.320118	69.5767	
0.998843	-0.000210048	0.0480927	-0.00198145	0.998962	0.045516	-0.0480524	-0.0455586	0.997805	-1.75868	-0.361867	70.5283	
0.998818	-0.00023423	0.0486025	-0.00215311	0.998793	0.0490615	-0.0485553	-0.0491082	0.997613	-1.80474	-0.407001	71.4796	
0.99886	-0.00018167	0.0477435	-0.00329886	0.99734	0.0728118	-0.0476297	-0.0728863	0.996202	-1.8506	-0.465167	72.4302	
0.9989	-0.000108639	0.0468859	-0.00442224	0.995321	0.0965217	-0.046677	-0.0966229	0.994226	-1.89557	-0.545987	73.3793	
0.99894	-1.51788e-05	0.0460303	-0.00552261	0.992737	0.120178	-0.0456978	-0.120305	0.991685	-1.93961	-0.649416	74.3261	
0.998979	9.86583e-05	0.0451771	-0.00659934	0.98959	0.143767	-0.0446926	-0.143918	0.98858	-1.98271	-0.775395	75.2703	
0.999017	0.000232807	0.0443269	-0.00765181	0.985881	0.167275	-0.0436621	-0.16745	0.984913	-2.02483	-0.923852	76.2112	
0.999054	0.000387192	0.04348	-0.00867944	0.981612	0.190689	-0.0426067	-0.190886	0.980687	-2.06597	-1.0947	77.1484	
0.99909	0.000561724	0.0426371	-0.00968164	0.976787	0.213996	-0.0415271	-0.214214	0.975904	-2.10608	-1.28785	78.0813	
0.999126	0.000756305	0.0417984	-0.0106578	0.971407	0.237182	-0.0404239	-0.23742	0.970566	-2.14515	-1.50319	79.0094	
0.99916	0.000970825	0.0409647	-0.0116075	0.965476	0.260235	-0.0392977	-0.260492	0.964676	-2.18317	-1.74059	79.9321	
0.999193	0.00120516	0.0401362	-0.01253	0.958997	0.28314	-0.0381493	-0.283415	0.958238	-2.22009	-1.99991	80.8489	
0.999226	0.00145918	0.0393135	-0.013425	0.951973	0.305886	-0.0369791	-0.306177	0.951256	-2.25591	-2.28103	81.7593	
0.999257	0.00173274	0.0384971	-0.0142918	0.94441	0.328459	-0.0357879	-0.328765	0.943733	-2.29061	-2.58376	82.6628	
0.999288	0.00202568	0.0376874	-0.0151299	0.936311	0.350847	-0.0345764	-0.351167	0.935674	-2.32416	-2.90795	83.5589	
0.999317	0.00233783	0.0368848	-0.015939	0.92768	0.373036	-0.0333452	-0.373369	0.927083	-2.35654	-3.2534	84.4471	
0.999345	0.00266903	0.0360899	-0.0167185	0.918523	0.395014	-0.0320951	-0.395359	0.917966	-2.38774	-3.61992	85.3268	
0.999372	0.00301908	0.0353031	-0.0174681	0.908845	0.416769	-0.0308267	-0.417124	0.908327	-2.41774	-4.0073	86.1975	
0.999398	0.00338778	0.0345248	-0.0181872	0.898651	0.438288	-0.0295409	-0.438652	0.898171	-2.44652	-4.41533	87.0588	
0.999423	0.00377492	0.0337554	-0.0188754	0.887947	0.459559	-0.0282382	-0.459931	0.887506	-2.47407	-4.84376	87.9102	
0.999447	0.00418029	0.0329955	-0.0195325	0.876739	0.480569	-0.0269195	-0.480948	0.876336	-2.50037	-5.29237	88.7512	
0.999469	0.00460365	0.0322454	-0.0201579	0.865034	0.501308	-0.0255855	-0.501692	0.864668	-2.52541	-5.76088	89.5813	
0.999491	0.00504476	0.0315056	-0.0207514	0.852838	0.521763	-0.024237	-0.522151	0.852508	-2.54916	-6.24904	90.4	
0.999511	0.00550337	0.0307764	-0.0213126	0.840158	0.541923	-0.0228747	-0.542314	0.839865	-2.57162	-6.75656	91.2069	
0.99953	0.00597922	0.0300584	-0.0218411	0.827002	0.561775	-0.0214994	-0.562168	0.826744	-2.59278	-7.28317	92.0016	
0.999548	0.00647204	0.0293519	-0.0223368	0.813376	0.58131	-0.0201118	-0.581703	0.813153	-2.61262	-7.82856	92.7835	
