1	0	0	0	1	0	0	0	1	0	0	0	
0.999999	2.2236e-06	0.00141323	2.2236e-06	0.999995	-0.00314684	-0.00141323	0.00314684	0.999994	-0.000536384	0.00119437	0.759089	
0.999996	8.91061e-06	0.0028294	8.90576e-06	0.99998	-0.0062968	-0.0028294	0.0062968	0.999976	-0.00214665	0.00477866	1.51817	
0.999991	2.0084e-05	0.00424849	2.00645e-05	0.999955	-0.00944981	-0.00424849	0.00944981	0.999946	-0.00483304	0.0107552	2.27723	
0.999984	3.57663e-05	0.00567046	3.57177e-05	0.999921	-0.0126058	-0.00567046	0.0126058	0.999904	-0.00859773	0.0191263	3.03627	
0.999975	5.59802e-05	0.00709527	5.58828e-05	0.999876	-0.0157647	-0.00709528	0.0157647	0.999851	-0.0134429	0.0298942	3.79527	
0.999964	8.07478e-05	0.00852291	8.05771e-05	0.999821	-0.0189263	-0.00852291	0.0189263	0.999785	-0.0193707	0.043061	4.55422	
0.99995	0.000110091	0.00995333	0.000109818	0.999756	-0.0220907	-0.00995334	0.0220907	0.999706	-0.0263833	0.0586289	5.31312	
0.999935	0.000144032	0.0113865	0.000143621	0.999681	-0.0252578	-0.0113865	0.0252578	0.999616	-0.0344828	0.0765998	6.07195	
0.999918	0.000182592	0.0128224	0.000182005	0.999596	-0.0284274	-0.0128224	0.0284274	0.999514	-0.0436712	0.0969758	6.83071	
0.999898	0.000225792	0.014261	0.000224984	0.999501	-0.0315995	-0.014261	0.0315995	0.999399	-0.0539505	0.119759	7.58939	
0.999877	0.000273654	0.0157022	0.000272575	0.999395	-0.034774	-0.0157022	0.034774	0.999272	-0.065323	0.144951	8.34798	
0.999853	0.000326198	0.0171461	0.000324794	0.99928	-0.0379509	-0.0171461	0.0379509	0.999132	-0.0777904	0.172553	9.10647	
0.999827	0.000383444	0.0185925	0.000381656	0.999154	-0.04113	-0.0185925	0.04113	0.998981	-0.0913549	0.202568	9.86484	
0.999799	0.000445414	0.0200415	0.000443176	0.999018	-0.0443113	-0.0200415	0.0443112	0.998817	-0.106018	0.234997	10.6231	
0.999769	0.000512128	0.021493	0.00050937	0.998871	-0.0474946	-0.0214931	0.0474946	0.99864	-0.121783	0.269841	11.3812	
0.999737	0.000583605	0.022947	0.000580253	0.998715	-0.05068	-0.0229471	0.05068	0.998451	-0.13865	0.307103	12.1392	
0.999702	0.000659864	0.0244035	0.000655838	0.998548	-0.0538673	-0.0244036	0.0538673	0.99825	-0.156621	0.346783	12.8971	
0.999665	0.000740927	0.0258623	0.000736141	0.998371	-0.0570565	-0.0258625	0.0570564	0.998036	-0.1757	0.388884	13.6547	
0.999626	0.00082681	0.0273236	0.000821175	0.998183	-0.0602475	-0.0273237	0.0602474	0.997809	-0.195886	0.433406	14.4122	
0.999585	0.000917535	0.0287872	0.000910953	0.997985	-0.0634401	-0.0287874	0.06344	0.99757	-0.217183	0.480351	15.1696	
0.999542	0.00101312	0.0302531	0.00100549	0.997777	-0.0666344	-0.0302534	0.0666342	0.997319	-0.239592	0.52972	15.9267	
0.999496	0.00111358	0.0317213	0.0011048	0.997558	-0.0698302	-0.0317216	0.06983	0.997054	-0.263114	0.581515	16.6837	
0.999448	0.00121894	0.0331918	0.00120889	0.997329	-0.0730274	-0.0331921	0.0730272	0.996777	-0.287752	0.635736	17.4404	
0.999398	0.00132921	0.0346644	0.00131779	0.99709	-0.076226	-0.0346649	0.0762258	0.996488	-0.313507	0.692384	18.197	
0.999346	0.00144441	0.0361393	0.00143149	0.99684	-0.079426	-0.0361398	0.0794258	0.996185	-0.34038	0.751461	18.9533	
0.999291	0.00156456	0.0376163	0.00155001	0.996579	-0.0826271	-0.0376169	0.0826269	0.99587	-0.368374	0.812967	19.7094	
0.999234	0.00168968	0.0390954	0.00167337	0.996308	-0.0858295	-0.0390961	0.0858291	0.995542	-0.39749	0.876904	20.4652	
0.999175	0.00181979	0.0405766	0.00180158	0.996027	-0.0890328	-0.0405774	0.0890325	0.995202	-0.42773	0.943272	21.2208	
0.999113	0.00195489	0.0420598	0.00193464	0.995735	-0.0922372	-0.0420607	0.0922368	0.994848	-0.459095	1.01207	21.9761	
0.999049	0.00209501	0.043545	0.00207257	0.995433	-0.0954424	-0.0435461	0.095442	0.994482	-0.491587	1.0833	22.7311	
0.998983	0.00224016	0.0450322	0.00221538	0.99512	-0.0986485	-0.0450334	0.098648	0.994103	-0.525207	1.15697	23.4859	
0.998914	0.00239037	0.0465213	0.00236309	0.994796	-0.101855	-0.0465227	0.101855	0.993711	-0.559956	1.23307	24.2404	
0.998843	0.00254564	0.0480124	0.00251569	0.994462	-0.105063	-0.048014	0.105062	0.993306	-0.595837	1.31161	24.9945	
0.99877	0.00270599	0.0495053	0.00267321	0.994118	-0.108271	-0.0495071	0.10827	0.992888	-0.632851	1.39257	25.7484	
0.998695	0.00287143	0.051	0.00283565	0.993763	-0.11148	-0.051002	0.111479	0.992457	-0.670999	1.47598	26.5019	
0.998616	0.00304199	0.0524966	0.00300302	0.993397	-0.114689	-0.0524988	0.114688	0.992013	-0.710282	1.56182	27.2551	
0.998536	0.00321767	0.0539949	0.00317533	0.993021	-0.117898	-0.0539974	0.117897	0.991557	-0.750702	1.6501	28.008	
0.998453	0.0033985	0.0554949	0.00335259	0.992634	-0.121108	-0.0554977	0.121107	0.991087	-0.792261	1.74081	28.7605	
0.998368	0.00358448	0.0569966	0.00353481	0.992236	-0.124318	-0.0569997	0.124316	0.990604	-0.834959	1.83396	29.5126	
0.99828	0.00377562	0.0585	0.003722	0.991828	-0.127528	-0.0585034	0.127526	0.990108	-0.878797	1.92954	30.2644	
0.99819	0.00397196	0.0600049	0.00391417	0.991409	-0.130738	-0.0600087	0.130736	0.989599	-0.923778	2.02757	31.0158	
0.998098	0.00417349	0.0615115	0.00411132	0.99098	-0.133948	-0.0615157	0.133946	0.989077	-0.969902	2.12803	31.7668	
0.998003	0.00438023	0.0630196	0.00431347	0.99054	-0.137158	-0.0630242	0.137156	0.988542	-1.01717	2.23092	32.5174	
0.997905	0.00459219	0.0645292	0.00452062	0.990089	-0.140368	-0.0645343	0.140365	0.987994	-1.06559	2.33625	33.2676	
0.997805	0.00480939	0.0660403	0.00473277	0.989628	-0.143577	-0.0660459	0.143575	0.987433	-1.11515	2.44402	34.0173	
0.997703	0.00503184	0.0675529	0.00494995	0.989156	-0.146786	-0.0675589	0.146784	0.986859	-1.16586	2.55423	34.7666	
0.997598	0.00525955	0.0690668	0.00517214	0.988673	-0.149995	-0.0690734	0.149992	0.986271	-1.21771	2.66687	35.5155	
0.997491	0.00549253	0.0705821	0.00539937	0.98818	-0.153204	-0.0705893	0.1532	0.985671	-1.27072	2.78194	36.264	
0.997381	0.0057308	0.0720988	0.00563164	0.987676	-0.156411	-0.0721066	0.156408	0.985057	-1.32488	2.89945	37.012	
0.997269	0.00597437	0.0736167	0.00586894	0.987161	-0.159618	-0.0736252	0.159614	0.98443	-1.38019	3.0194	37.7595	
0.997154	0.00622325	0.0751359	0.0061113	0.986636	-0.162825	-0.0751451	0.16282	0.98379	-1.43666	3.14178	38.5065	
0.997037	0.00647744	0.0766564	0.00635871	0.9861	-0.16603	-0.0766663	0.166026	0.983137	-1.49428	3.26659	39.253	
0.996709	0.00717584	0.0807385	0.00669399	0.985384	-0.170215	-0.0807799	0.170196	0.982094	-1.55404	3.3942	39.9989	
0.996365	0.00789151	0.084816	0.0070474	0.984649	-0.174403	-0.0848903	0.174367	0.981015	-1.61692	3.52498	40.744	
0.996004	0.00862448	0.0888887	0.00741898	0.983895	-0.178593	-0.0889974	0.178539	0.9799	-1.68291	3.65892	41.4883	
0.995626	0.00937474	0.0929565	0.00780874	0.983122	-0.182785	-0.0931011	0.182712	0.978748	-1.75203	3.79603	42.2317	
0.995231	0.0101423	0.0970191	0.00821671	0.982329	-0.186979	-0.0972012	0.186885	0.977561	-1.82426	3.93631	42.9742	
0.994819	0.0109271	0.101077	0.00864292	0.981518	-0.191175	-0.101297	0.191058	0.976338	-1.8996	4.07976	43.7158	
0.994389	0.0117292	0.105129	0.00908739	0.980687	-0.195371	-0.10539	0.19523	0.975079	-1.97805	4.22637	44.4565	
0.993943	0.0125486	0.109175	0.00955012	0.979837	-0.199568	-0.109478	0.199402	0.973783	-2.0596	4.37615	45.1961	
0.99348	0.0133852	0.113216	0.0100311	0.978968	-0.203765	-0.113562	0.203573	0.972451	-2.14425	4.5291	45.9348	
0.993	0.0142391	0.117251	0.0105304	0.97808	-0.207963	-0.117642	0.207742	0.971084	-2.232	4.68522	46.6725	
0.992503	0.0151103	0.121279	0.011048	0.977173	-0.212159	-0.121717	0.211909	0.96968	-2.32285	4.84449	47.4091	
0.99199	0.0159987	0.125302	0.0115839	0.976246	-0.216355	-0.125787	0.216074	0.968241	-2.41679	5.00693	48.1446	
0.991459	0.0169043	0.129319	0.0121381	0.9753	-0.22055	-0.129853	0.220236	0.966765	-2.51382	5.17253	48.879	
0.990912	0.0178272	0.133329	0.0127106	0.974335	-0.224744	-0.133913	0.224396	0.965253	-2.61393	5.34129	49.6123	
0.990347	0.0187672	0.137332	0.0133014	0.973351	-0.228935	-0.137969	0.228552	0.963706	-2.71712	5.51321	50.3445	
0.989766	0.0197244	0.141328	0.0139105	0.972347	-0.233125	-0.142019	0.232705	0.962122	-2.82339	5.68827	51.0754	
0.989168	0.0206988	0.145318	0.0145379	0.971325	-0.237312	-0.146063	0.236854	0.960503	-2.93273	5.86649	51.8051	
0.988554	0.0216904	0.149301	0.0151835	0.970283	-0.241496	-0.150102	0.240998	0.958848	-3.04514	6.04786	52.5336	
0.987923	0.0226991	0.153276	0.0158474	0.969222	-0.245677	-0.154136	0.245138	0.957157	-3.16061	6.23237	53.2608	
0.987275	0.0237249	0.157245	0.0165294	0.968142	-0.249854	-0.158163	0.249274	0.95543	-3.27914	6.42002	53.9867	
0.98661	0.0247678	0.161205	0.0172297	0.967044	-0.254027	-0.162184	0.253403	0.953668	-3.40073	6.61081	54.7113	
0.985929	0.0258277	0.165158	0.0179482	0.965926	-0.258196	-0.166199	0.257527	0.95187	-3.52537	6.80474	55.4346	
0.985231	0.0269047	0.169104	0.0186848	0.964789	-0.262361	-0.170208	0.261646	0.950037	-3.65305	7.00179	56.1564	
0.984517	0.0279987	0.173041	0.0194395	0.963633	-0.26652	-0.174211	0.265758	0.948169	-3.78377	7.20196	56.8769	
0.983786	0.0291097	0.176971	0.0202124	0.962459	-0.270675	-0.178206	0.269863	0.946265	-3.91753	7.40525	57.5959	
0.983038	0.0302377	0.180892	0.0210032	0.961265	-0.274823	-0.182195	0.273961	0.944325	-4.05432	7.61166	58.3135	
0.982274	0.0313826	0.184805	0.0218121	0.960053	-0.278966	-0.186178	0.278052	0.942351	-4.19413	7.82117	59.0296	
0.981493	0.0325444	0.18871	0.022639	0.958822	-0.283103	-0.190153	0.282136	0.940341	-4.33697	8.03379	59.7441	
0.980697	0.0337231	0.192606	0.0234837	0.957573	-0.287233	-0.194121	0.286211	0.938296	-4.48282	8.24951	60.4572	
0.979883	0.0349186	0.196493	0.0243464	0.956305	-0.291356	-0.198081	0.290278	0.936217	-4.63168	8.46831	61.1686	
0.979053	0.036131	0.200372	0.0252269	0.955018	-0.295471	-0.202035	0.294337	0.934103	-4.78354	8.6902	61.8785	
0.978207	0.0373601	0.204242	0.0261251	0.953714	-0.29958	-0.20598	0.298387	0.931954	-4.9384	8.91517	62.5868	
0.977345	0.038606	0.208102	0.0270411	0.95239	-0.30368	-0.209918	0.302427	0.92977	-5.09625	9.1432	63.2934	
0.976466	0.0398685	0.211953	0.0279747	0.951049	-0.307772	-0.213848	0.306458	0.927552	-5.25709	9.3743	63.9983	
0.975571	0.0411478	0.215795	0.028926	0.949689	-0.311855	-0.217771	0.310479	0.925299	-5.42091	9.60846	64.7016	
0.97466	0.0424436	0.219628	0.0298947	0.948311	-0.31593	-0.221685	0.31449	0.923012	-5.58771	9.84566	65.4031	
0.973733	0.0437561	0.223451	0.030881	0.946916	-0.319995	-0.225591	0.31849	0.920691	-5.75747	10.0859	66.1029	
0.972789	0.0450851	0.227264	0.0318846	0.945502	-0.324051	-0.229488	0.32248	0.918337	-5.93019	10.3292	66.8009	
0.971829	0.0464306	0.231067	0.0329056	0.944071	-0.328097	-0.233377	0.326458	0.915948	-6.10587	10.5755	67.497	
0.970854	0.0477925	0.23486	0.0339439	0.942622	-0.332133	-0.237258	0.330425	0.913525	-6.2845	10.8248	68.1914	
0.969862	0.0491709	0.238643	0.0349993	0.941155	-0.336159	-0.241129	0.33438	0.911069	-6.46607	11.0771	68.8839	
0.968854	0.0505657	0.242416	0.0360719	0.939671	-0.340173	-0.244992	0.338323	0.908579	-6.65058	11.3325	69.5746	
0.964454	0.0564978	0.258141	0.0380057	0.937063	-0.347085	-0.261504	0.344558	0.901607	-6.84282	11.5916	70.2616	
0.959768	0.0625372	0.273742	0.0400652	0.934409	-0.353942	-0.277921	0.350669	0.89431	-7.04756	11.8555	70.9433	
0.954798	0.0686816	0.289213	0.0422498	0.931708	-0.360742	-0.294239	0.356654	0.886691	-7.26473	12.124	71.6193	
0.949545	0.0749289	0.304549	0.0445585	0.928963	-0.367482	-0.31045	0.362511	0.878753	-7.49424	12.397	72.2894	
0.944011	0.0812769	0.319745	0.0469906	0.926173	-0.374161	-0.32655	0.368237	0.870498	-7.73602	12.6743	72.9533	
