1	0	0	0	1	0	0	0	1	0	0	0	
0.999998	5.64076e-06	-0.00208974	5.64076e-06	0.999985	0.00539849	0.00208974	-0.00539849	0.999983	0.00108128	-0.00279332	1.03484	
0.999991	2.2544e-05	-0.00417681	2.25622e-05	0.999942	0.0107988	0.00417681	-0.0107988	0.999933	0.00432376	-0.0111742	2.06965	
0.99998	5.06852e-05	-0.00626115	5.07582e-05	0.999869	0.0162008	0.00626115	-0.0162008	0.999849	0.00972463	-0.0251445	3.10439	
0.999965	9.00394e-05	-0.00834267	9.02219e-05	0.999767	0.0216043	0.00834266	-0.0216043	0.999732	0.017281	-0.0447058	4.13902	
0.999946	0.000140581	-0.0104213	0.000140946	0.999635	0.027009	0.0104213	-0.027009	0.999581	0.02699	-0.0698596	5.17352	
0.999922	0.000202285	-0.012497	0.000202923	0.999474	0.0324147	0.0124969	-0.0324147	0.999396	0.0388484	-0.100607	6.20784	
0.999894	0.000275123	-0.0145696	0.000276145	0.999284	0.0378214	0.0145696	-0.0378214	0.999178	0.0528533	-0.136949	7.24196	
0.999861	0.000359069	-0.0166391	0.000360602	0.999065	0.0432287	0.016639	-0.0432287	0.998927	0.0690015	-0.178886	8.27583	
0.999825	0.000454096	-0.0187054	0.000456286	0.998816	0.0486365	0.0187053	-0.0486365	0.998641	0.0872896	-0.22642	9.30942	
0.999784	0.000560174	-0.0207684	0.000563186	0.998538	0.0540446	0.0207683	-0.0540446	0.998323	0.107714	-0.27955	10.3427	
0.999739	0.000677277	-0.0228281	0.000681293	0.998231	0.0594527	0.022828	-0.0594527	0.99797	0.130272	-0.338276	11.3756	
0.99969	0.000805374	-0.0248844	0.000810595	0.997894	0.0648607	0.0248843	-0.0648608	0.997584	0.15496	-0.402599	12.4082	
0.999637	0.000944436	-0.0269372	0.000951082	0.997528	0.0702685	0.026937	-0.0702686	0.997164	0.181773	-0.472518	13.4403	
0.999579	0.00109443	-0.0289865	0.00110274	0.997132	0.0756757	0.0289862	-0.0756758	0.996711	0.210709	-0.548034	14.472	
0.999518	0.00125534	-0.0310321	0.00126556	0.996707	0.0810822	0.0310317	-0.0810823	0.996224	0.241764	-0.629144	15.5032	
0.999452	0.00142711	-0.033074	0.00143953	0.996252	0.0864878	0.0330735	-0.086488	0.995704	0.274934	-0.71585	16.5339	
0.999382	0.00160973	-0.0351121	0.00162462	0.995768	0.0918923	0.0351115	-0.0918926	0.99515	0.310214	-0.808148	17.564	
0.999308	0.00180315	-0.0371464	0.00182084	0.995254	0.0972955	0.0371456	-0.0972959	0.994562	0.347602	-0.906039	18.5935	
0.99923	0.00200736	-0.0391768	0.00202817	0.994711	0.102697	0.0391757	-0.102698	0.993941	0.387093	-1.00952	19.6224	
0.999148	0.00222231	-0.0412032	0.00224659	0.994138	0.108097	0.0412019	-0.108098	0.993286	0.428682	-1.11859	20.6507	
0.999062	0.00244797	-0.0432255	0.00247608	0.993535	0.113495	0.0432239	-0.113496	0.992598	0.472366	-1.23325	21.6782	
0.998972	0.00268431	-0.0452437	0.00271663	0.992904	0.118892	0.0452418	-0.118892	0.991876	0.518141	-1.35349	22.705	
0.998878	0.00293129	-0.0472577	0.00296822	0.992242	0.124285	0.0472554	-0.124286	0.991121	0.566001	-1.47932	23.7311	
0.998781	0.00318888	-0.0492674	0.00323084	0.991551	0.129677	0.0492647	-0.129678	0.990332	0.615943	-1.61073	24.7563	
0.998679	0.00345704	-0.0512728	0.00350447	0.990831	0.135065	0.0512696	-0.135066	0.989509	0.667962	-1.74771	25.7808	
0.998573	0.00373574	-0.0532738	0.00378909	0.99008	0.140451	0.0532701	-0.140452	0.988653	0.722054	-1.89027	26.8043	
0.998463	0.00402494	-0.0552704	0.00408469	0.989301	0.145834	0.055266	-0.145835	0.987764	0.778213	-2.03841	27.827	
0.99835	0.0043246	-0.0572623	0.00439124	0.988491	0.151213	0.0572573	-0.151215	0.986841	0.836435	-2.19211	28.8487	
0.998232	0.00463469	-0.0592497	0.00470872	0.987653	0.156589	0.0592439	-0.156591	0.985885	0.896716	-2.35138	29.8694	
0.998111	0.00495518	-0.0612324	0.00503712	0.986784	0.161962	0.0612257	-0.161964	0.984895	0.95905	-2.5162	30.8891	
0.997986	0.00528601	-0.0632104	0.00537642	0.985886	0.16733	0.0632028	-0.167333	0.983872	1.02343	-2.68659	31.9078	
0.997857	0.00562716	-0.0651836	0.00572659	0.984959	0.172695	0.0651749	-0.172698	0.982816	1.08986	-2.86253	32.9254	
0.997725	0.00597859	-0.0671518	0.00608761	0.984002	0.178055	0.0671421	-0.178058	0.981727	1.15832	-3.04402	33.942	
0.997589	0.00634025	-0.0691152	0.00645947	0.983015	0.183411	0.0691042	-0.183415	0.980604	1.22882	-3.23106	34.9573	
0.997448	0.00671211	-0.0710736	0.00684214	0.981999	0.188762	0.0710612	-0.188766	0.979448	1.30135	-3.42363	35.9715	
0.997305	0.00709412	-0.0730268	0.00723559	0.980953	0.194108	0.073013	-0.194113	0.978258	1.37589	-3.62175	36.9845	
0.997157	0.00748626	-0.074975	0.00763981	0.979878	0.199449	0.0749595	-0.199455	0.977036	1.45246	-3.82539	37.9962	
0.997006	0.00788846	-0.076918	0.00805477	0.978774	0.204785	0.0769007	-0.204792	0.97578	1.53103	-4.03456	39.0066	
0.996851	0.00830071	-0.0788557	0.00848044	0.97764	0.210116	0.0788366	-0.210123	0.974491	1.61162	-4.24924	40.0157	
0.996693	0.00872294	-0.0807881	0.00891681	0.976476	0.215441	0.0807669	-0.215449	0.973169	1.6942	-4.46945	41.0235	
0.996531	0.00915513	-0.0827151	0.00936385	0.975283	0.22076	0.0826917	-0.220769	0.971814	1.77878	-4.69516	42.0299	
0.996366	0.00959723	-0.0846367	0.00982153	0.974061	0.226074	0.0846109	-0.226083	0.970426	1.86534	-4.92637	43.0349	
0.996197	0.0100492	-0.0865527	0.0102898	0.972809	0.231381	0.0865244	-0.231391	0.969005	1.95389	-5.16308	44.0384	
0.996024	0.010511	-0.0884632	0.0107687	0.971528	0.236681	0.0884322	-0.236693	0.967552	2.04442	-5.40528	45.0404	
0.995848	0.0109825	-0.0903681	0.0112582	0.970217	0.241976	0.0903342	-0.241988	0.966065	2.13692	-5.65296	46.0409	
0.995668	0.0114638	-0.0922673	0.0117582	0.968877	0.247263	0.0922302	-0.247277	0.964545	2.23138	-5.90612	47.0398	
0.995485	0.0119548	-0.0941607	0.0122686	0.967508	0.252543	0.0941204	-0.252558	0.962993	2.32781	-6.16474	48.0372	
0.995299	0.0124555	-0.0960484	0.0127896	0.966109	0.257816	0.0960045	-0.257833	0.961408	2.42618	-6.42883	49.0329	
0.995109	0.0129657	-0.0979302	0.0133211	0.964681	0.263082	0.0978825	-0.2631	0.95979	2.5265	-6.69838	50.027	
0.994916	0.0134855	-0.099806	0.0138629	0.963224	0.268341	0.0997543	-0.26836	0.95814	2.62876	-6.97337	51.0194	
0.994719	0.0140148	-0.101676	0.0144152	0.961738	0.273591	0.10162	-0.273612	0.956457	2.73296	-7.2538	52.0101	
0.994519	0.0145536	-0.10354	0.0149778	0.960223	0.278834	0.103479	-0.278856	0.954741	2.83908	-7.53966	52.999	
0.994315	0.0151018	-0.105397	0.0155507	0.958678	0.284069	0.105332	-0.284093	0.952993	2.94713	-7.83095	53.9861	
0.994109	0.0156594	-0.107249	0.016134	0.957104	0.289295	0.107179	-0.289321	0.951213	3.05709	-8.12764	54.9714	
0.993899	0.0162263	-0.109094	0.0167275	0.955501	0.294513	0.109019	-0.294541	0.9494	3.16895	-8.42975	55.9548	
0.993686	0.0168025	-0.110934	0.0173313	0.953869	0.299722	0.110852	-0.299752	0.947555	3.28272	-8.73725	56.9363	
0.993469	0.0173879	-0.112766	0.0179453	0.952208	0.304922	0.112679	-0.304954	0.945678	3.39838	-9.05014	57.9159	
0.99325	0.0179824	-0.114593	0.0185694	0.950518	0.310113	0.114499	-0.310147	0.943768	3.51593	-9.36841	58.8936	
0.993027	0.0185862	-0.116413	0.0192037	0.948799	0.315295	0.116313	-0.315332	0.941827	3.63536	-9.69205	59.8692	
0.992801	0.019199	-0.118226	0.0198481	0.947052	0.320467	0.118119	-0.320507	0.939853	3.75666	-10.021	60.8429	
0.992572	0.0198208	-0.120033	0.0205026	0.945275	0.32563	0.119919	-0.325672	0.937847	3.87983	-10.3554	61.8144	
0.99234	0.0204517	-0.121834	0.0211671	0.943469	0.330783	0.121711	-0.330828	0.935809	4.00485	-10.6951	62.7839	
0.992105	0.0210914	-0.123627	0.0218417	0.941635	0.335926	0.123497	-0.335974	0.93374	4.13173	-11.0401	63.7513	
0.991866	0.0217401	-0.125415	0.0225262	0.939772	0.341058	0.125276	-0.341109	0.931639	4.26045	-11.3904	64.7165	
0.991625	0.0223976	-0.127195	0.0232206	0.93788	0.346181	0.127047	-0.346235	0.929505	4.39101	-11.7461	65.6795	
0.991848	0.0217801	-0.125553	0.0240375	0.935618	0.352196	0.125141	-0.352342	0.927467	4.5215	-12.1076	66.6403	
0.992068	0.0211511	-0.123914	0.0248423	0.933314	0.3582	0.123227	-0.358436	0.925386	4.65001	-12.4753	67.599	
0.992284	0.0205105	-0.122276	0.0256349	0.930971	0.364192	0.121305	-0.364516	0.923262	4.77654	-12.8494	68.5556	
0.992498	0.0198584	-0.12064	0.0264152	0.928588	0.370171	0.119376	-0.37058	0.921097	4.90107	-13.2298	69.5099	
0.99517	0.0105088	-0.0976003	0.0271234	0.92611	0.376276	0.0943429	-0.377106	0.921353	5.01166	-13.6167	70.4633	
0.997216	0.000999139	-0.0745623	0.0276654	0.92359	0.382381	0.0692471	-0.383379	0.920991	5.09631	-14.0102	71.4166	
0.998633	-0.0086642	-0.0515411	0.0280411	0.92103	0.388482	0.044105	-0.389396	0.920014	5.15496	-14.4101	72.3692	
0.999422	-0.0184747	-0.0285519	0.0282499	0.91843	0.394574	0.0189333	-0.395152	0.918421	5.18758	-14.816	73.3205	
0.99958	-0.0284259	-0.00561037	0.028292	0.915793	0.400653	-0.006251	-0.400643	0.916213	5.19415	-15.2278	74.2699	
0.999109	-0.0385111	0.0172683	0.0281671	0.91312	0.406716	-0.0314311	-0.405867	0.913392	5.17465	-15.6451	75.2166	
0.998008	-0.0487236	0.0400688	0.0278754	0.910414	0.412758	-0.0565902	-0.410819	0.909959	5.1291	-16.0677	76.1601	
0.996279	-0.0590564	0.0627758	0.0274171	0.907676	0.418775	-0.0817115	-0.415495	0.905918	5.05754	-16.4953	77.0997	
0.993922	-0.0695027	0.0853742	0.0267925	0.904908	0.424763	-0.106778	-0.419894	0.90127	4.96	-16.9276	78.0349	
0.990939	-0.0800555	0.107849	0.0260021	0.902111	0.430719	-0.131773	-0.424012	0.896019	4.83656	-17.3643	78.9649	
0.987332	-0.0907078	0.130185	0.0250462	0.899289	0.436638	-0.15668	-0.427846	0.890168	4.6873	-17.8051	79.8891	
0.983103	-0.101452	0.152367	0.0239257	0.896441	0.442516	-0.181482	-0.431393	0.883722	4.51232	-18.2497	80.807	
0.978256	-0.112282	0.17438	0.0226411	0.893572	0.448349	-0.206163	-0.434652	0.876684	4.31173	-18.6978	81.718	
0.972793	-0.123189	0.19621	0.0211935	0.890681	0.454134	-0.230705	-0.43762	0.869059	4.08567	-19.1492	82.6213	
0.966718	-0.134168	0.217842	0.0195837	0.887772	0.459867	-0.255093	-0.440295	0.860853	3.83429	-19.6035	83.5165	
0.960036	-0.145209	0.239262	0.0178128	0.884846	0.465543	-0.279311	-0.442676	0.85207	3.55776	-20.0604	84.4028	
0.95275	-0.156306	0.260455	0.0158821	0.881905	0.471159	-0.303341	-0.44476	0.842718	3.25627	-20.5196	85.2798	
0.944865	-0.167452	0.281406	0.0137928	0.878952	0.476711	-0.327169	-0.446546	0.832801	2.93001	-20.9808	86.1468	
0.936388	-0.178638	0.302103	0.0115463	0.875988	0.482196	-0.350777	-0.448034	0.822327	2.57921	-21.4437	87.0032	
0.927323	-0.189858	0.322531	0.00914411	0.873014	0.487609	-0.374151	-0.449222	0.811302	2.20409	-21.908	87.8486	
0.917676	-0.201104	0.342677	0.00658785	0.870034	0.492947	-0.397274	-0.450109	0.799735	1.80491	-22.3733	88.6822	
0.907455	-0.212368	0.362527	0.00387922	0.867049	0.498207	-0.420132	-0.450694	0.787632	1.38194	-22.8394	89.5036	
0.896665	-0.223643	0.382067	0.00102003	0.864061	0.503385	-0.442708	-0.450979	0.775002	0.935464	-23.306	90.3122	
0.885315	-0.234922	0.401285	-0.00198779	0.861073	0.508478	-0.464988	-0.450961	0.761853	0.465774	-23.7727	91.1074	
0.873411	-0.246196	0.420167	-0.00514224	0.858085	0.513482	-0.486957	-0.450641	0.748195	-0.0268122	-24.2393	91.8888	
0.860962	-0.257459	0.438702	-0.0084412	0.8551	0.518394	-0.508599	-0.45002	0.734036	-0.541966	-24.7053	92.6558	
0.847976	-0.268702	0.456877	-0.0118825	0.852121	0.52321	-0.529902	-0.449098	0.719385	-1.07934	-25.1706	93.4079	
0.834461	-0.279918	0.474679	-0.0154637	0.849149	0.527927	-0.55085	-0.447875	0.704253	-1.63858	-25.6347	94.1445	
0.820427	-0.2911	0.492097	-0.0191826	0.846186	0.532543	-0.571429	-0.446353	0.68865	-2.21931	-26.0974	94.8653	
0.805884	-0.302241	0.509119	-0.0230366	0.843233	0.537054	-0.591625	-0.444531	0.672586	-2.82113	-26.5584	95.5697	
