1	0	0	0	1	0	0	0	1	0	0	0	
0.999995	-3.76242e-06	0.003001	-3.76242e-06	0.999997	0.00250743	-0.003001	-0.00250743	0.999992	-0.00110719	-0.000925093	0.737877	
0.999982	-1.50571e-05	0.00600389	-1.50527e-05	0.999987	0.00501497	-0.00600389	-0.00501497	0.999969	-0.00442945	-0.00370041	1.47574	
0.999959	-3.38939e-05	0.0090086	-3.38761e-05	0.999972	0.00752255	-0.0090086	-0.00752255	0.999931	-0.00996816	-0.008326	2.21359	
0.999928	-6.02823e-05	0.0120151	-6.0238e-05	0.99995	0.0100301	-0.0120151	-0.0100301	0.999878	-0.0177246	-0.0148019	2.95139	
0.999887	-9.42316e-05	0.0150233	-9.4143e-05	0.999921	0.0125377	-0.0150233	-0.0125377	0.999809	-0.0277001	-0.023128	3.68916	
0.999837	-0.000135751	0.0180331	-0.000135596	0.999887	0.0150451	-0.0180331	-0.0150451	0.999724	-0.039896	-0.0333044	4.42687	
0.999779	-0.000184849	0.0210445	-0.000184601	0.999846	0.0175524	-0.0210445	-0.0175524	0.999624	-0.0543132	-0.0453309	5.16451	
0.999711	-0.000241535	0.0240575	-0.000241163	0.999799	0.0200594	-0.0240575	-0.0200594	0.999509	-0.0709532	-0.0592074	5.90207	
0.999633	-0.000305817	0.0270719	-0.000305284	0.999745	0.0225663	-0.0270719	-0.0225663	0.999379	-0.0898168	-0.0749338	6.63953	
0.999547	-0.000377702	0.0300877	-0.00037697	0.999686	0.0250728	-0.0300877	-0.0250728	0.999233	-0.110905	-0.0925097	7.3769	
0.999452	-0.000457199	0.0331049	-0.000456222	0.99962	0.0275789	-0.0331049	-0.0275789	0.999071	-0.13422	-0.111935	8.11416	
0.999347	-0.000544315	0.0361233	-0.000543045	0.999547	0.0300847	-0.0361233	-0.0300847	0.998894	-0.159761	-0.133209	8.85129	
0.999233	-0.000639058	0.039143	-0.000637441	0.999469	0.03259	-0.039143	-0.03259	0.998702	-0.187529	-0.156333	9.58828	
0.99911	-0.000741435	0.0421639	-0.000739413	0.999384	0.0350948	-0.0421639	-0.0350948	0.998494	-0.217527	-0.181304	10.3251	
0.998978	-0.000851452	0.0451858	-0.000848962	0.999293	0.037599	-0.0451859	-0.037599	0.998271	-0.249754	-0.208124	11.0618	
0.998837	-0.000969116	0.0482089	-0.000966092	0.999195	0.0401027	-0.0482089	-0.0401026	0.998032	-0.284211	-0.236791	11.7983	
0.998686	-0.00109443	0.0512329	-0.0010908	0.999091	0.0426057	-0.0512329	-0.0426056	0.997778	-0.320899	-0.267305	12.5347	
0.998526	-0.00122741	0.0542578	-0.0012231	0.998981	0.0451079	-0.0542579	-0.0451078	0.997508	-0.359818	-0.299666	13.2708	
0.998357	-0.00136805	0.0572836	-0.00136298	0.998865	0.0476095	-0.0572837	-0.0476093	0.997222	-0.400971	-0.333873	14.0067	
0.998179	-0.00151637	0.0603102	-0.00151045	0.998743	0.0501102	-0.0603104	-0.05011	0.996921	-0.444356	-0.369926	14.7425	
0.997991	-0.00167236	0.0633376	-0.0016655	0.998614	0.05261	-0.0633378	-0.0526098	0.996605	-0.489974	-0.407823	15.4779	
0.997794	-0.00183603	0.0663656	-0.00182814	0.998479	0.055109	-0.0663659	-0.0551087	0.996272	-0.537827	-0.447565	16.2132	
0.997587	-0.00200739	0.0693943	-0.00199837	0.998337	0.057607	-0.0693946	-0.0576067	0.995925	-0.587915	-0.48915	16.9482	
0.997372	-0.00218644	0.0724236	-0.00217619	0.99819	0.060104	-0.0724239	-0.0601037	0.995561	-0.640237	-0.532578	17.6829	
0.997147	-0.00237318	0.0754533	-0.0023616	0.998036	0.0626	-0.0754537	-0.0625995	0.995182	-0.694795	-0.577848	18.4174	
0.996912	-0.00256763	0.0784836	-0.00255459	0.997876	0.0650948	-0.078484	-0.0650943	0.994788	-0.751589	-0.62496	19.1516	
0.996668	-0.00276978	0.0815142	-0.00275517	0.997709	0.0675885	-0.0815146	-0.067588	0.994378	-0.810619	-0.673912	19.8855	
0.996415	-0.00297963	0.0845451	-0.00296334	0.997537	0.0700811	-0.0845457	-0.0700804	0.993952	-0.871885	-0.724703	20.619	
0.996153	-0.0031972	0.0875763	-0.00317909	0.997358	0.0725723	-0.0875769	-0.0725715	0.993511	-0.935388	-0.777333	21.3523	
0.995881	-0.00342248	0.0906077	-0.00340243	0.997173	0.0750623	-0.0906084	-0.0750614	0.993054	-1.00113	-0.831801	22.0852	
0.995599	-0.00365548	0.0936393	-0.00363335	0.996982	0.0775509	-0.0936401	-0.0775499	0.992581	-1.0691	-0.888105	22.8178	
0.995309	-0.0038962	0.0966709	-0.00387185	0.996784	0.0800381	-0.0966719	-0.0800369	0.992093	-1.13932	-0.946245	23.55	
0.995009	-0.00414464	0.0997026	-0.00411793	0.996581	0.0825239	-0.0997037	-0.0825226	0.991589	-1.21177	-1.00622	24.2819	
0.994699	-0.0044008	0.102734	-0.00437159	0.996371	0.0850082	-0.102735	-0.0850067	0.99107	-1.28646	-1.06803	25.0134	
0.99438	-0.0046647	0.105766	-0.00463282	0.996155	0.0874909	-0.105767	-0.0874892	0.990535	-1.36338	-1.13167	25.7445	
0.994052	-0.00493632	0.108797	-0.00490163	0.995932	0.0899721	-0.108799	-0.0899702	0.989984	-1.44254	-1.19714	26.4751	
0.993714	-0.00521567	0.111828	-0.005178	0.995704	0.0924516	-0.11183	-0.0924495	0.989418	-1.52394	-1.26444	27.2054	
0.993367	-0.00550275	0.114859	-0.00546194	0.995469	0.0949294	-0.114861	-0.0949271	0.988836	-1.60758	-1.33357	27.9353	
0.99301	-0.00579757	0.11789	-0.00575344	0.995228	0.0974055	-0.117892	-0.0974029	0.988238	-1.69345	-1.40453	28.6647	
0.992644	-0.00610012	0.12092	-0.0060525	0.994981	0.0998799	-0.120922	-0.099877	0.987625	-1.78156	-1.47732	29.3937	
0.992268	-0.0064104	0.12395	-0.00635912	0.994728	0.102352	-0.123952	-0.102349	0.986996	-1.8719	-1.55192	30.1222	
0.991883	-0.00672842	0.126979	-0.00667329	0.994469	0.104823	-0.126982	-0.104819	0.986351	-1.96448	-1.62836	30.8502	
0.991488	-0.00705417	0.130008	-0.006995	0.994203	0.107292	-0.130011	-0.107288	0.985691	-2.0593	-1.70661	31.5778	
0.991084	-0.00738766	0.133036	-0.00732426	0.993931	0.109758	-0.133039	-0.109754	0.985015	-2.15635	-1.78669	32.3049	
0.99067	-0.00772889	0.136063	-0.00766106	0.993654	0.112223	-0.136067	-0.112218	0.984324	-2.25563	-1.86858	33.0314	
0.990247	-0.00807785	0.13909	-0.00800539	0.99337	0.114686	-0.139094	-0.114681	0.983616	-2.35715	-1.95229	33.7575	
0.989814	-0.00843454	0.142115	-0.00835725	0.99308	0.117146	-0.14212	-0.117141	0.982894	-2.4609	-2.03782	34.483	
0.989372	-0.00879896	0.14514	-0.00871663	0.992783	0.119605	-0.145145	-0.119599	0.982155	-2.56688	-2.12517	35.208	
0.98892	-0.00917112	0.148164	-0.00908352	0.992481	0.122061	-0.14817	-0.122054	0.981401	-2.6751	-2.21432	35.9324	
0.988459	-0.00955101	0.151187	-0.00945793	0.992173	0.124515	-0.151193	-0.124508	0.980632	-2.78555	-2.30529	36.6563	
0.987988	-0.00993862	0.154209	-0.00983985	0.991858	0.126966	-0.154216	-0.126959	0.979846	-2.89822	-2.39806	37.3796	
0.987093	-0.0106711	0.15979	-0.0103457	0.991444	0.130121	-0.159811	-0.130095	0.978538	-3.01408	-2.4929	38.1021	
0.986167	-0.0114216	0.165363	-0.0108702	0.991019	0.133275	-0.165401	-0.133229	0.977186	-3.13406	-2.59005	38.8237	
0.985208	-0.0121899	0.170929	-0.0114134	0.990584	0.136429	-0.170983	-0.136361	0.975792	-3.25817	-2.68951	39.5442	
0.984217	-0.012976	0.176487	-0.0119751	0.990138	0.139581	-0.176558	-0.139491	0.974356	-3.38639	-2.79129	40.2637	
0.983195	-0.01378	0.182036	-0.0125555	0.989682	0.142732	-0.182125	-0.142619	0.972877	-3.51872	-2.89537	40.9821	
0.982141	-0.0146019	0.187578	-0.0131546	0.989215	0.145881	-0.187685	-0.145743	0.971356	-3.65516	-3.00176	41.6994	
0.981056	-0.0154416	0.19311	-0.0137722	0.988737	0.149029	-0.193236	-0.148865	0.969793	-3.7957	-3.11045	42.4156	
0.979938	-0.016299	0.198634	-0.0144085	0.988249	0.152174	-0.19878	-0.151983	0.968188	-3.94033	-3.22145	43.1306	
0.978789	-0.0171743	0.204148	-0.0150634	0.98775	0.155317	-0.204315	-0.155098	0.96654	-4.08905	-3.33474	43.8444	
0.977609	-0.0180673	0.209653	-0.0157369	0.98724	0.158458	-0.209841	-0.15821	0.96485	-4.24185	-3.45033	44.557	
0.976397	-0.0189781	0.215149	-0.016429	0.98672	0.161596	-0.215358	-0.161317	0.963119	-4.39872	-3.56822	45.2683	
0.975153	-0.0199065	0.220634	-0.0171396	0.98619	0.164731	-0.220866	-0.16442	0.961345	-4.55966	-3.6884	45.9783	
0.973879	-0.0208527	0.226109	-0.0178688	0.985648	0.167863	-0.226365	-0.167519	0.959529	-4.72466	-3.81086	46.687	
0.972573	-0.0218165	0.231574	-0.0186165	0.985097	0.170992	-0.231854	-0.170613	0.957672	-4.89372	-3.93561	47.3943	
0.971235	-0.022798	0.237029	-0.0193828	0.984534	0.174117	-0.237332	-0.173702	0.955772	-5.06682	-4.06264	48.1003	
0.969866	-0.0237971	0.242472	-0.0201674	0.983961	0.177238	-0.242801	-0.176787	0.953831	-5.24396	-4.19195	48.8048	
0.968467	-0.0248138	0.247904	-0.0209706	0.983378	0.180354	-0.248259	-0.179866	0.951849	-5.42513	-4.32354	49.5079	
0.967036	-0.025848	0.253325	-0.0217922	0.982784	0.183467	-0.253706	-0.18294	0.949824	-5.61033	-4.45739	50.2095	
0.965574	-0.0268997	0.258735	-0.0226321	0.98218	0.186575	-0.259143	-0.186007	0.947759	-5.79954	-4.59351	50.9096	
0.964081	-0.0279689	0.264132	-0.0234904	0.981565	0.189678	-0.264568	-0.189069	0.945651	-5.99276	-4.73189	51.6081	
0.962557	-0.0290556	0.269517	-0.0243671	0.98094	0.192776	-0.269982	-0.192125	0.943503	-6.18997	-4.87253	52.3051	
0.961002	-0.0301597	0.27489	-0.025262	0.980305	0.195869	-0.275384	-0.195175	0.941313	-6.39118	-5.01542	53.0005	
0.959417	-0.0312811	0.280251	-0.0261751	0.979659	0.198956	-0.280774	-0.198218	0.939082	-6.59637	-5.16056	53.6943	
0.957801	-0.0324199	0.285599	-0.0271064	0.979003	0.202038	-0.286152	-0.201254	0.936811	-6.80553	-5.30794	54.3863	
0.956154	-0.033576	0.290933	-0.0280559	0.978336	0.205114	-0.291517	-0.204283	0.934498	-7.01866	-5.45756	55.0767	
0.954477	-0.0347494	0.296255	-0.0290235	0.977659	0.208183	-0.29687	-0.207304	0.932144	-7.23574	-5.60941	55.7654	
0.952769	-0.0359399	0.301563	-0.0300091	0.976972	0.211247	-0.30221	-0.210319	0.92975	-7.45676	-5.76349	56.4524	
0.95103	-0.0371476	0.306857	-0.0310128	0.976275	0.214303	-0.307537	-0.213325	0.927315	-7.68173	-5.91979	57.1375	
0.949262	-0.0383725	0.312137	-0.0320344	0.975567	0.217353	-0.312851	-0.216324	0.924839	-7.91061	-6.0783	57.8208	
0.947463	-0.0396144	0.317403	-0.0330738	0.97485	0.220396	-0.318151	-0.219315	0.922324	-8.14341	-6.23903	58.5023	
0.945634	-0.0408734	0.322655	-0.0341311	0.974122	0.223432	-0.323437	-0.222297	0.919768	-8.38012	-6.40196	59.182	
0.943775	-0.0421494	0.327891	-0.0352062	0.973384	0.22646	-0.328709	-0.225271	0.917171	-8.62073	-6.56708	59.8597	
0.941885	-0.0434423	0.333113	-0.036299	0.972636	0.229481	-0.333967	-0.228236	0.914535	-8.86521	-6.7344	60.5355	
0.939966	-0.0447521	0.33832	-0.0374094	0.971878	0.232493	-0.339211	-0.231192	0.911859	-9.11358	-6.9039	61.2093	
0.938017	-0.0460787	0.343512	-0.0385375	0.97111	0.235498	-0.344439	-0.234139	0.909143	-9.3658	-7.07558	61.8811	
0.936038	-0.0474221	0.348688	-0.039683	0.970333	0.238494	-0.349653	-0.237077	0.906387	-9.62188	-7.24943	62.551	
0.93403	-0.0487822	0.353848	-0.040846	0.969545	0.241482	-0.354852	-0.240005	0.903592	-9.8818	-7.42545	63.2187	
0.931992	-0.050159	0.358992	-0.0420263	0.968748	0.244461	-0.360035	-0.242923	0.900757	-10.1456	-7.60362	63.8844	
0.929924	-0.0515525	0.36412	-0.0432239	0.967941	0.247431	-0.365202	-0.245831	0.897883	-10.4131	-7.78394	64.548	
0.927827	-0.0529624	0.369231	-0.0444388	0.967124	0.250393	-0.370354	-0.248729	0.89497	-10.6845	-7.9664	65.2095	
0.925701	-0.0543889	0.374326	-0.0456708	0.966297	0.253344	-0.375489	-0.251617	0.892018	-10.9597	-8.151	65.8688	
0.923545	-0.0558319	0.379404	-0.0469198	0.965461	0.256287	-0.380609	-0.254494	0.889028	-11.2386	-8.33773	66.5259	
0.92136	-0.0572912	0.384464	-0.0481859	0.964616	0.259219	-0.385711	-0.25736	0.885998	-11.5214	-8.52657	67.1808	
0.919146	-0.0587668	0.389508	-0.0494688	0.963761	0.262142	-0.390797	-0.260215	0.88293	-11.8078	-8.71753	67.8334	
0.916904	-0.0602587	0.394533	-0.0507685	0.962896	0.265054	-0.395866	-0.263059	0.879824	-12.0981	-8.91058	68.4837	
0.914632	-0.0617667	0.399541	-0.052085	0.962022	0.267956	-0.400918	-0.265891	0.876679	-12.392	-9.10573	69.1318	
0.907436	-0.0664837	0.414896	-0.0543419	0.960543	0.272772	-0.416661	-0.27007	0.868019	-12.6937	-9.30348	69.7755	
0.899965	-0.0712734	0.430096	-0.0566853	0.95904	0.27754	-0.432261	-0.274156	0.859063	-13.0069	-9.50427	70.4127	
