1	0	0	0	1	0	0	0	1	0	0	0	
0.999996	3.33917e-06	0.00265044	3.33917e-06	0.999997	-0.0025197	-0.00265044	0.0025197	0.999993	-0.000968484	0.000920708	0.730806	
0.999986	1.3368e-05	0.00530358	1.33632e-05	0.999987	-0.00504016	-0.00530358	0.00504016	0.999973	-0.00387492	0.00368311	1.4616	
0.999968	3.0102e-05	0.00795934	3.0083e-05	0.999971	-0.00756133	-0.00795934	0.00756133	0.99994	-0.00872125	0.00828775	2.19238	
0.999944	5.35565e-05	0.0106177	5.3509e-05	0.999949	-0.0100832	-0.0106177	0.0100832	0.999893	-0.0155094	0.0147351	2.92313	
0.999912	8.37464e-05	0.0132785	8.36514e-05	0.999921	-0.0126056	-0.0132785	0.0126056	0.999832	-0.0242412	0.0230257	3.65384	
0.999873	0.000120687	0.0159419	0.00012052	0.999886	-0.0151286	-0.0159419	0.0151286	0.999758	-0.0349184	0.0331599	4.3845	
0.999827	0.000164391	0.0186076	0.000164125	0.999844	-0.017652	-0.0186076	0.017652	0.999671	-0.047543	0.045138	5.1151	
0.999774	0.000214875	0.0212757	0.000214475	0.999796	-0.020176	-0.0212757	0.0201759	0.99957	-0.0621165	0.0589606	5.84563	
0.999713	0.000272151	0.0239461	0.00027158	0.999742	-0.0227003	-0.0239461	0.0227002	0.999455	-0.0786408	0.0746277	6.57608	
0.999646	0.000336234	0.0266188	0.000335447	0.999682	-0.0252249	-0.0266188	0.0252249	0.999327	-0.0971174	0.0921398	7.30644	
0.999571	0.000407136	0.0292936	0.000406087	0.999615	-0.0277498	-0.0292936	0.0277498	0.999186	-0.117548	0.111497	8.03671	
0.999489	0.00048487	0.0319706	0.000483506	0.999541	-0.0302749	-0.0319706	0.0302749	0.99903	-0.139934	0.132699	8.76687	
0.999399	0.00056945	0.0346496	0.000567713	0.999462	-0.0328002	-0.0346497	0.0328002	0.998861	-0.164278	0.155747	9.49691	
0.999303	0.000660888	0.0373307	0.000658715	0.999376	-0.0353256	-0.0373308	0.0353256	0.998678	-0.19058	0.180641	10.2268	
0.999199	0.000759196	0.0400138	0.00075652	0.999283	-0.0378511	-0.0400138	0.0378511	0.998482	-0.218842	0.20738	10.9566	
0.999088	0.000864386	0.0426987	0.000861135	0.999184	-0.0403766	-0.0426988	0.0403765	0.998272	-0.249065	0.235965	11.6862	
0.998969	0.00097647	0.0453856	0.000972566	0.999079	-0.0429021	-0.0453856	0.042902	0.998048	-0.281252	0.266395	12.4157	
0.998843	0.00109546	0.0480742	0.00109082	0.998967	-0.0454274	-0.0480743	0.0454273	0.99781	-0.315402	0.298671	13.145	
0.99871	0.00122136	0.0507646	0.0012159	0.998849	-0.0479526	-0.0507647	0.0479525	0.997559	-0.351519	0.332792	13.8741	
0.998569	0.0013542	0.0534566	0.00134782	0.998724	-0.0504776	-0.0534568	0.0504774	0.997294	-0.389602	0.368759	14.603	
0.998421	0.00149397	0.0561503	0.00148658	0.998593	-0.0530023	-0.0561505	0.0530021	0.997014	-0.429653	0.406571	15.3317	
0.998266	0.00164068	0.0588456	0.00163219	0.998456	-0.0555268	-0.0588459	0.0555265	0.996722	-0.471673	0.446228	16.0603	
0.998103	0.00179436	0.0615425	0.00178465	0.998312	-0.0580508	-0.0615427	0.0580505	0.996415	-0.515663	0.487729	16.7886	
0.997933	0.001955	0.0642407	0.00194396	0.998162	-0.0605745	-0.0642411	0.0605741	0.996094	-0.561625	0.531075	17.5166	
0.997755	0.00212262	0.0669404	0.00211013	0.998005	-0.0630976	-0.0669408	0.0630972	0.99576	-0.60956	0.576265	18.2445	
0.997569	0.00229723	0.0696415	0.00228317	0.997842	-0.0656203	-0.069642	0.0656198	0.995411	-0.659468	0.623299	18.9721	
0.997377	0.00247883	0.0723438	0.00246308	0.997673	-0.0681424	-0.0723444	0.0681418	0.995049	-0.71135	0.672176	19.6994	
0.997176	0.00266744	0.0750474	0.00264986	0.997497	-0.0706638	-0.0750481	0.0706632	0.994673	-0.765208	0.722896	20.4264	
0.996969	0.00286306	0.0777522	0.00284352	0.997314	-0.0731846	-0.077753	0.0731838	0.994283	-0.821042	0.775458	21.1532	
0.996753	0.00306569	0.0804582	0.00304406	0.997126	-0.0757046	-0.080459	0.0757038	0.993879	-0.878853	0.829863	21.8797	
0.99653	0.00327536	0.0831652	0.00325148	0.996931	-0.0782239	-0.0831661	0.0782229	0.993461	-0.938643	0.886108	22.6059	
0.9963	0.00349207	0.0858732	0.00346578	0.996729	-0.0807423	-0.0858743	0.0807412	0.993029	-1.00041	0.944194	23.3317	
0.996062	0.00371581	0.0885822	0.00368697	0.996521	-0.0832598	-0.0885834	0.0832585	0.992583	-1.06416	1.00412	24.0573	
0.995816	0.00394661	0.0912921	0.00391505	0.996307	-0.0857764	-0.0912935	0.0857749	0.992123	-1.12989	1.06589	24.7825	
0.995563	0.00418446	0.0940029	0.00415003	0.996086	-0.088292	-0.0940044	0.0882903	0.991649	-1.1976	1.12949	25.5074	
0.995302	0.00442938	0.0967144	0.00439189	0.995859	-0.0908065	-0.0967161	0.0908047	0.991161	-1.26729	1.19493	26.2319	
0.995034	0.00468137	0.0994267	0.00464065	0.995625	-0.09332	-0.0994286	0.0933179	0.990659	-1.33896	1.26221	26.9561	
0.994758	0.00494044	0.10214	0.00489631	0.995385	-0.0958322	-0.102142	0.09583	0.990143	-1.41261	1.33133	27.6799	
0.994474	0.00520658	0.104853	0.00515886	0.995139	-0.0983433	-0.104856	0.0983408	0.989613	-1.48825	1.40228	28.4033	
0.994183	0.00547982	0.107568	0.00542831	0.994887	-0.100853	-0.10757	0.10085	0.989069	-1.56587	1.47506	29.1263	
0.993884	0.00576014	0.110282	0.00570466	0.994627	-0.103362	-0.110285	0.103359	0.988511	-1.64548	1.54968	29.8489	
0.993577	0.00604757	0.112997	0.0059879	0.994362	-0.105869	-0.113001	0.105865	0.987939	-1.72707	1.62613	30.5711	
0.993262	0.0063421	0.115713	0.00627804	0.99409	-0.108375	-0.115717	0.108371	0.987353	-1.81064	1.70442	31.2929	
0.99294	0.00664373	0.118429	0.00657508	0.993812	-0.110879	-0.118433	0.110875	0.986752	-1.8962	1.78453	32.0143	
0.99261	0.00695247	0.121145	0.00687901	0.993528	-0.113382	-0.121149	0.113377	0.986138	-1.98374	1.86647	32.7352	
0.992273	0.00726833	0.123862	0.00718984	0.993237	-0.115883	-0.123866	0.115878	0.98551	-2.07327	1.95024	33.4556	
0.991928	0.00759131	0.126578	0.00750756	0.99294	-0.118383	-0.126583	0.118377	0.984867	-2.16479	2.03584	34.1756	
0.991575	0.00792141	0.129295	0.00783218	0.992636	-0.120881	-0.1293	0.120875	0.984211	-2.25829	2.12327	34.8951	
0.991214	0.00825864	0.132012	0.00816368	0.992326	-0.123377	-0.132018	0.123371	0.98354	-2.35378	2.21251	35.6141	
0.990845	0.00860299	0.134729	0.00850208	0.99201	-0.125871	-0.134735	0.125865	0.982855	-2.45125	2.30359	36.3327	
0.990469	0.00895447	0.137446	0.00884736	0.991688	-0.128364	-0.137452	0.128357	0.982156	-2.55071	2.39648	37.0507	
0.989712	0.00965587	0.142748	0.00927672	0.99129	-0.131372	-0.142773	0.131345	0.981002	-2.6531	2.49138	37.768	
0.988926	0.0103735	0.148044	0.00972313	0.990882	-0.134382	-0.148088	0.134333	0.979808	-2.75939	2.58846	38.4845	
0.988112	0.0111074	0.153335	0.0101866	0.990464	-0.137392	-0.153399	0.137321	0.978576	-2.86955	2.68772	39.2001	
0.987269	0.0118575	0.158619	0.0106671	0.990037	-0.140404	-0.158704	0.140308	0.977306	-2.9836	2.78917	39.9148	
0.986397	0.0126239	0.163898	0.0111648	0.9896	-0.143416	-0.164004	0.143295	0.975997	-3.10151	2.8928	40.6286	
0.985496	0.0134065	0.16917	0.0116795	0.989152	-0.146428	-0.169298	0.14628	0.974649	-3.2233	2.99861	41.3413	
0.984566	0.0142053	0.174435	0.0122114	0.988695	-0.149441	-0.174585	0.149265	0.973263	-3.34896	3.1066	42.0531	
0.983608	0.0150204	0.179693	0.0127604	0.988228	-0.152454	-0.179867	0.152248	0.971838	-3.47848	3.21678	42.7639	
0.982621	0.0158517	0.184943	0.0133265	0.987751	-0.155466	-0.185142	0.155229	0.970374	-3.61186	3.32913	43.4736	
0.981606	0.0166991	0.190187	0.0139098	0.987265	-0.158478	-0.190411	0.158208	0.968872	-3.74909	3.44366	44.1822	
0.980562	0.0175628	0.195422	0.0145101	0.986768	-0.161489	-0.195673	0.161185	0.967332	-3.89016	3.56037	44.8897	
0.979489	0.0184426	0.20065	0.0151276	0.986261	-0.164498	-0.200927	0.16416	0.965753	-4.03508	3.67925	45.596	
0.978388	0.0193386	0.20587	0.0157623	0.985745	-0.167507	-0.206174	0.167132	0.964136	-4.18384	3.80031	46.3012	
0.977259	0.0202508	0.211081	0.016414	0.985219	-0.170514	-0.211414	0.170101	0.962481	-4.33643	3.92353	47.0052	
0.976101	0.0211791	0.216283	0.0170829	0.984682	-0.173519	-0.216645	0.173067	0.960788	-4.49284	4.04893	47.708	
0.974915	0.0221235	0.221477	0.0177688	0.984136	-0.176522	-0.221869	0.176029	0.959056	-4.65308	4.17649	48.4095	
0.9737	0.023084	0.226662	0.0184718	0.98358	-0.179523	-0.227084	0.178988	0.957286	-4.81713	4.30622	49.1098	
0.972457	0.0240606	0.231837	0.0191919	0.983015	-0.182521	-0.232291	0.181943	0.955478	-4.98499	4.4381	49.8087	
0.971186	0.0250532	0.237003	0.019929	0.982439	-0.185517	-0.237489	0.184894	0.953632	-5.15665	4.57215	50.5063	
0.969886	0.0260619	0.242159	0.0206831	0.981854	-0.188509	-0.242678	0.187841	0.951747	-5.3321	4.70835	51.2025	
0.968559	0.0270865	0.247305	0.0214542	0.981258	-0.191498	-0.247857	0.190783	0.949825	-5.51135	4.8467	51.8974	
0.967203	0.0281271	0.252441	0.0222423	0.980653	-0.194484	-0.253028	0.19372	0.947866	-5.69437	4.9872	52.5908	
0.96582	0.0291837	0.257567	0.0230473	0.980039	-0.197466	-0.258188	0.196653	0.945868	-5.88117	5.12984	53.2828	
0.964408	0.0302562	0.262682	0.0238692	0.979414	-0.200444	-0.263339	0.19958	0.943833	-6.07174	5.27463	53.9733	
0.962968	0.0313446	0.267786	0.024708	0.97878	-0.203418	-0.26848	0.202502	0.94176	-6.26607	5.42155	54.6623	
0.961501	0.0324488	0.272879	0.0255635	0.978136	-0.206387	-0.27361	0.205417	0.93965	-6.46415	5.57061	55.3498	
0.960006	0.0335689	0.277961	0.0264359	0.977483	-0.209352	-0.278729	0.208327	0.937502	-6.66598	5.72179	56.0357	
0.958483	0.0347048	0.283031	0.027325	0.97682	-0.212312	-0.283838	0.211231	0.935317	-6.87155	5.8751	56.72	
0.956932	0.0358564	0.288089	0.0282308	0.976147	-0.215267	-0.288936	0.214129	0.933094	-7.08084	6.03053	57.4027	
0.955354	0.0370237	0.293136	0.0291533	0.975465	-0.218216	-0.294023	0.21702	0.930835	-7.29386	6.18807	58.0838	
0.953748	0.0382067	0.29817	0.0300923	0.974773	-0.22116	-0.299098	0.219904	0.928538	-7.51059	6.34773	58.7633	
0.952114	0.0394054	0.303192	0.0310479	0.974072	-0.224098	-0.304162	0.22278	0.926204	-7.73102	6.50948	59.441	
0.950453	0.0406196	0.308202	0.03202	0.973361	-0.22703	-0.309214	0.22565	0.923834	-7.95515	6.67334	60.117	
0.948765	0.0418494	0.313198	0.0330085	0.972641	-0.229956	-0.314253	0.228512	0.921427	-8.18297	6.8393	60.7913	
0.94705	0.0430947	0.318182	0.0340134	0.971912	-0.232875	-0.319281	0.231367	0.918983	-8.41447	7.00734	61.4638	
0.945307	0.0443555	0.323153	0.0350346	0.971173	-0.235787	-0.324296	0.234213	0.916502	-8.64963	7.17746	62.1345	
0.943537	0.0456317	0.32811	0.0360721	0.970425	-0.238693	-0.329298	0.237051	0.913986	-8.88846	7.34967	62.8033	
0.94174	0.0469233	0.333053	0.0371257	0.969668	-0.241592	-0.334287	0.239881	0.911433	-9.13094	7.52394	63.4704	
0.939916	0.0482302	0.337983	0.0381955	0.968901	-0.244483	-0.339263	0.242702	0.908843	-9.37706	7.70028	64.1355	
0.938065	0.0495524	0.342898	0.0392813	0.968126	-0.247366	-0.344226	0.245515	0.906218	-9.62681	7.87868	64.7987	
0.936187	0.0508898	0.347799	0.0403831	0.967341	-0.250242	-0.349175	0.248318	0.903557	-9.88018	8.05912	65.46	
0.934282	0.0522424	0.352686	0.0415008	0.966547	-0.253109	-0.354111	0.251112	0.90086	-10.1372	8.24162	66.1194	
0.932351	0.0536101	0.357558	0.0426343	0.965744	-0.255969	-0.359033	0.253897	0.898127	-10.3977	8.42615	66.7767	
0.930393	0.0549928	0.362416	0.0437836	0.964933	-0.25882	-0.36394	0.256672	0.895359	-10.6619	8.61272	67.4321	
0.928408	0.0563906	0.367258	0.0449485	0.964112	-0.261662	-0.368833	0.259437	0.892555	-10.9297	8.80131	68.0854	
0.926397	0.0578034	0.372085	0.0461289	0.963283	-0.264495	-0.373712	0.262192	0.889716	-11.201	8.99191	68.7366	
0.92436	0.059231	0.376896	0.0473249	0.962445	-0.26732	-0.378576	0.264936	0.886842	-11.4759	9.18453	69.3858	
0.917502	0.063958	0.392556	0.0490187	0.961278	-0.271187	-0.3947	0.268057	0.878839	-11.7585	9.37929	70.031	
