1	0	0	0	1	0	0	0	1	0	0	0	
0.999999	-1.17086e-07	-0.00156258	-1.17086e-07	1	-0.000149863	0.00156258	0.000149863	0.999999	0.000767085	7.35691e-05	0.981818	
0.999995	-4.68947e-07	-0.00312838	-4.68217e-07	1	-0.000299568	0.00312838	0.000299568	0.999995	0.00306992	0.000294199	1.96363	
0.999989	-1.05627e-06	-0.00469733	-1.05334e-06	1	-0.000449106	0.00469733	0.000449106	0.999989	0.00691163	0.000661729	2.94544	
0.99998	-1.87968e-06	-0.00626935	-1.87236e-06	1	-0.000598468	0.00626935	0.000598468	0.99998	0.0122953	0.00117599	3.92725	
0.999969	-2.93979e-06	-0.00784437	-2.92511e-06	1	-0.000747646	0.00784437	0.000747646	0.999969	0.0192238	0.00183681	4.90904	
0.999956	-4.23713e-06	-0.00942231	-4.2114e-06	1	-0.000896631	0.00942231	0.000896631	0.999955	0.0277002	0.002644	5.89082	
0.999939	-5.7722e-06	-0.0110031	-5.73096e-06	0.999999	-0.00104541	0.0110031	0.00104541	0.999939	0.0377272	0.00359737	6.87259	
0.999921	-7.54546e-06	-0.0125867	-7.48349e-06	0.999999	-0.00119399	0.0125867	0.00119399	0.99992	0.0493077	0.00469671	7.85434	
0.9999	-9.55732e-06	-0.014173	-9.46862e-06	0.999999	-0.00134234	0.014173	0.00134234	0.999899	0.0624442	0.00594182	8.83607	
0.999876	-1.18081e-05	-0.0157619	-1.16859e-05	0.999999	-0.00149047	0.0157619	0.00149047	0.999875	0.0771396	0.00733247	9.81777	
0.999849	-1.42982e-05	-0.0173534	-1.4135e-05	0.999999	-0.00163836	0.0173534	0.00163836	0.999848	0.0933962	0.00886844	10.7995	
0.99982	-1.70278e-05	-0.0189473	-1.68153e-05	0.999998	-0.00178601	0.0189473	0.001786	0.999819	0.111217	0.0105495	11.7811	
0.999789	-1.99972e-05	-0.0205437	-1.97263e-05	0.999998	-0.0019334	0.0205437	0.0019334	0.999787	0.130603	0.0123754	12.7627	
0.999755	-2.32064e-05	-0.0221424	-2.28673e-05	0.999998	-0.00208053	0.0221424	0.00208053	0.999753	0.151558	0.0143459	13.7443	
0.999718	-2.66558e-05	-0.0237434	-2.62377e-05	0.999998	-0.0022274	0.0237434	0.00222739	0.999716	0.174084	0.0164607	14.7259	
0.999679	-3.03452e-05	-0.0253465	-2.98368e-05	0.999997	-0.00237399	0.0253465	0.00237398	0.999676	0.198182	0.0187195	15.7074	
0.999637	-3.42749e-05	-0.0269518	-3.36638e-05	0.999997	-0.00252029	0.0269518	0.00252028	0.999634	0.223856	0.0211221	16.6889	
0.999592	-3.84447e-05	-0.0285591	-3.77179e-05	0.999996	-0.0026663	0.0285591	0.00266629	0.999589	0.251107	0.0236683	17.6703	
0.999545	-4.28546e-05	-0.0301684	-4.19983e-05	0.999996	-0.00281201	0.0301684	0.002812	0.999541	0.279937	0.0263576	18.6517	
0.999495	-4.75046e-05	-0.0317795	-4.65041e-05	0.999996	-0.00295741	0.0317795	0.00295739	0.999491	0.310348	0.0291899	19.6331	
0.999442	-5.23944e-05	-0.0333925	-5.12343e-05	0.999995	-0.00310249	0.0333925	0.00310247	0.999438	0.342341	0.0321647	20.6143	
0.999387	-5.75238e-05	-0.0350072	-5.6188e-05	0.999995	-0.00324725	0.0350072	0.00324723	0.999382	0.375919	0.0352818	21.5956	
0.999329	-6.28927e-05	-0.0366235	-6.1364e-05	0.999994	-0.00339168	0.0366235	0.00339165	0.999323	0.411083	0.0385409	22.5768	
0.999269	-6.85007e-05	-0.0382415	-6.67613e-05	0.999994	-0.00353576	0.0382415	0.00353573	0.999262	0.447835	0.0419416	23.5579	
0.999205	-7.43476e-05	-0.039861	-7.23788e-05	0.999993	-0.0036795	0.039861	0.00367946	0.999198	0.486177	0.0454836	24.539	
0.999139	-8.04329e-05	-0.0414819	-7.82153e-05	0.999993	-0.00382288	0.0414819	0.00382284	0.999132	0.526108	0.0491666	25.52	
0.999071	-8.67563e-05	-0.0431041	-8.42695e-05	0.999992	-0.0039659	0.0431041	0.00396585	0.999063	0.567633	0.0529901	26.5009	
0.998999	-9.33172e-05	-0.0447277	-9.05403e-05	0.999992	-0.00410856	0.0447277	0.00410849	0.998991	0.61075	0.0569539	27.4817	
0.998925	-0.000100115	-0.0463524	-9.70262e-05	0.999991	-0.00425083	0.0463524	0.00425076	0.998916	0.655462	0.0610575	28.4625	
0.998848	-0.00010715	-0.0479783	-0.000103726	0.99999	-0.00439272	0.0479783	0.00439264	0.998839	0.70177	0.0653006	29.4433	
0.998769	-0.00011442	-0.0496053	-0.000110638	0.99999	-0.00453422	0.0496053	0.00453412	0.998759	0.749675	0.0696829	30.4239	
0.998687	-0.000121926	-0.0512332	-0.000117761	0.999989	-0.00467532	0.0512332	0.00467521	0.998676	0.799177	0.0742038	31.4045	
0.998602	-0.000129666	-0.0528621	-0.000125094	0.999988	-0.00481601	0.0528621	0.00481589	0.99859	0.850278	0.0788631	32.3849	
0.998514	-0.000137641	-0.0544917	-0.000132635	0.999988	-0.00495629	0.0544917	0.00495615	0.998502	0.902979	0.0836603	33.3653	
0.998424	-0.000145848	-0.0561222	-0.000140382	0.999987	-0.00509615	0.0561222	0.00509599	0.998411	0.957281	0.088595	34.3456	
0.998331	-0.000154288	-0.0577533	-0.000148334	0.999986	-0.00523558	0.0577533	0.00523541	0.998317	1.01318	0.0936667	35.3258	
0.998235	-0.000162959	-0.059385	-0.000156489	0.999986	-0.00537458	0.059385	0.00537439	0.998221	1.07069	0.0988752	36.306	
0.998137	-0.00017186	-0.0610173	-0.000164846	0.999985	-0.00551314	0.0610173	0.00551292	0.998121	1.12979	0.10422	37.286	
0.998036	-0.000180992	-0.06265	-0.000173402	0.999984	-0.00565125	0.06265	0.00565101	0.99802	1.1905	0.1097	38.2659	
0.997932	-0.000190352	-0.0642831	-0.000182157	0.999983	-0.00578891	0.0642831	0.00578864	0.997915	1.25282	0.115316	39.2457	
0.997825	-0.00019994	-0.0659165	-0.000191108	0.999982	-0.0059261	0.0659165	0.00592581	0.997808	1.31673	0.121067	40.2254	
0.997716	-0.000209754	-0.0675501	-0.000200253	0.999982	-0.00606284	0.0675501	0.00606251	0.997697	1.38225	0.126952	41.2051	
0.997604	-0.000219794	-0.0691839	-0.00020959	0.999981	-0.00619909	0.0691839	0.00619874	0.997585	1.44938	0.132971	42.1846	
0.997489	-0.000230058	-0.0708178	-0.000219118	0.99998	-0.00633487	0.0708178	0.00633448	0.997469	1.5181	0.139124	43.1639	
0.997372	-0.000240545	-0.0724516	-0.000228835	0.999979	-0.00647016	0.0724517	0.00646974	0.997351	1.58844	0.14541	44.1432	
0.997252	-0.000251254	-0.0740854	-0.000238739	0.999978	-0.00660496	0.0740854	0.0066045	0.99723	1.66037	0.151828	45.1224	
0.997129	-0.000262184	-0.075719	-0.000248827	0.999977	-0.00673927	0.0757191	0.00673876	0.997106	1.73391	0.158378	46.1014	
0.997004	-0.000273334	-0.0773525	-0.000259097	0.999976	-0.00687306	0.0773525	0.00687251	0.99698	1.80906	0.16506	47.0803	
0.996876	-0.000284701	-0.0789856	-0.000269549	0.999975	-0.00700635	0.0789856	0.00700575	0.996851	1.88581	0.171873	48.0591	
0.996745	-0.000296285	-0.0806183	-0.000280178	0.999974	-0.00713912	0.0806184	0.00713847	0.996719	1.96416	0.178817	49.0378	
0.996612	-0.000308085	-0.0822506	-0.000290984	0.999974	-0.00727137	0.0822507	0.00727067	0.996585	2.04411	0.18589	50.0163	
0.996476	-0.000320098	-0.0838824	-0.000301964	0.999973	-0.00740309	0.0838824	0.00740233	0.996448	2.12567	0.193093	50.9947	
0.996337	-0.000332324	-0.0855135	-0.000313116	0.999972	-0.00753428	0.0855136	0.00753346	0.996309	2.20883	0.200425	51.973	
0.996196	-0.00034476	-0.087144	-0.000324437	0.999971	-0.00766493	0.0871441	0.00766405	0.996166	2.29358	0.207886	52.9511	
0.996052	-0.000357406	-0.0887738	-0.000335926	0.99997	-0.00779504	0.0887738	0.00779408	0.996021	2.37994	0.215475	53.9291	
0.995905	-0.000370259	-0.0904027	-0.00034758	0.999969	-0.00792459	0.0904028	0.00792356	0.995874	2.4679	0.223191	54.9069	
0.995756	-0.000383319	-0.0920307	-0.000359396	0.999968	-0.00805359	0.0920308	0.00805249	0.995724	2.55746	0.231033	55.8846	
0.995604	-0.000396583	-0.0936577	-0.000371373	0.999966	-0.00818203	0.0936578	0.00818084	0.995571	2.64862	0.239002	56.8622	
0.99545	-0.000410049	-0.0952837	-0.000383508	0.999965	-0.0083099	0.0952838	0.00830863	0.995415	2.74137	0.247097	57.8396	
0.995293	-0.000423717	-0.0969086	-0.000395798	0.999964	-0.0084372	0.0969087	0.00843584	0.995258	2.83572	0.255317	58.8168	
0.995134	-0.000437583	-0.0985322	-0.000408242	0.999963	-0.00856392	0.0985323	0.00856247	0.995097	2.93166	0.263662	59.7939	
0.994972	-0.000451647	-0.100155	-0.000420836	0.999962	-0.00869006	0.100155	0.00868852	0.994934	3.0292	0.272131	60.7708	
0.994807	-0.000465907	-0.101776	-0.000433578	0.999961	-0.00881562	0.101776	0.00881397	0.994768	3.12833	0.280723	61.7476	
0.994805	-0.000466082	-0.1018	-0.00011723	0.999984	-0.00572394	0.101801	0.00570614	0.994788	3.22827	0.287851	62.7243	
0.994802	-0.000466182	-0.101824	0.000199308	0.999997	-0.0026311	0.101825	0.00259713	0.994799	3.32823	0.291927	63.701	
0.9948	-0.000466208	-0.101848	0.000516024	1	0.000462777	0.101848	-0.000512926	0.9948	3.42821	0.29295	64.6777	
0.994797	-0.000466158	-0.101872	0.000832905	0.999993	0.00355758	0.101869	-0.00362392	0.994791	3.52822	0.290919	65.6544	
0.994795	-0.000466036	-0.101895	0.00114994	0.999977	0.00665319	0.10189	-0.00673574	0.994773	3.62825	0.285834	66.6311	
0.994793	-0.000465843	-0.101918	0.00146711	0.999951	0.0097495	0.101909	-0.00984826	0.994745	3.7283	0.277692	67.6078	
0.99479	-0.000465586	-0.101941	0.00178441	0.999916	0.0128464	0.101926	-0.0129614	0.994708	3.82836	0.266495	68.5844	
0.994788	-0.000465268	-0.101962	0.00210183	0.999871	0.0159437	0.101942	-0.016075	0.99466	3.92844	0.252241	69.561	
0.994786	-0.000464898	-0.101983	0.00241934	0.999816	0.0190415	0.101956	-0.0191889	0.994604	4.02854	0.234929	70.5375	
0.994784	-0.000464484	-0.102003	0.00273693	0.999751	0.0221394	0.101968	-0.0223031	0.994538	4.12864	0.21456	71.514	
0.995833	-0.000826541	-0.091187	0.0048609	0.999018	0.0440295	0.0910611	-0.0442893	0.99486	4.22341	0.181868	72.4907	
0.996764	-0.00142753	-0.0803705	0.00674426	0.997802	0.0659202	0.0800998	-0.0662489	0.994583	4.30744	0.127601	73.4674	
0.997575	-0.00226709	-0.0695604	0.00838585	0.996103	0.0877981	0.0690902	-0.0881686	0.993707	4.38068	0.0517923	74.4435	
0.998266	-0.0033447	-0.058763	0.00978471	0.993922	0.10965	0.0580391	-0.110035	0.992232	4.44309	-0.0455125	75.4185	
0.998837	-0.00465973	-0.0479849	0.01094	0.991261	0.131463	0.0469529	-0.131835	0.990159	4.49464	-0.164255	76.3917	
0.999287	-0.00621139	-0.0372325	0.011851	0.98812	0.153224	0.0358385	-0.153556	0.98749	4.53528	-0.304363	77.3626	
0.999616	-0.00799872	-0.0265125	0.0125171	0.984503	0.17492	0.0247025	-0.175184	0.984226	4.565	-0.465753	78.3306	
0.999824	-0.0100207	-0.0158311	0.012938	0.980411	0.196537	0.0135516	-0.196707	0.980369	4.58378	-0.648327	79.2951	
0.999911	-0.012276	-0.00519493	0.0131135	0.975847	0.218063	0.00239252	-0.218111	0.975921	4.59161	-0.851976	80.2555	
0.999876	-0.0147634	0.00538971	0.0130433	0.970813	0.239484	-0.00876799	-0.239384	0.970885	4.58848	-1.07658	81.2112	
0.99972	-0.0174813	0.0159164	0.0127276	0.965312	0.260788	-0.0199232	-0.260513	0.965265	4.57439	-1.32199	82.1617	
0.999443	-0.0204281	0.0263788	0.0121666	0.959348	0.281963	-0.0310664	-0.281485	0.959063	4.54936	-1.58808	83.1065	
0.999045	-0.023602	0.0367707	0.0113605	0.952925	0.302994	-0.0421909	-0.302287	0.952283	4.5134	-1.87467	84.0448	
0.998526	-0.0270011	0.0470857	0.0103099	0.946046	0.32387	-0.05329	-0.322907	0.944929	4.46652	-2.1816	84.9762	
0.997886	-0.0306234	0.0573176	0.00901536	0.938715	0.344577	-0.064357	-0.343332	0.937006	4.40877	-2.50868	85.9001	
0.997126	-0.0344667	0.0674603	0.00747772	0.930937	0.365105	-0.0753852	-0.363551	0.928519	4.34016	-2.85571	86.816	
0.996247	-0.0385286	0.0775077	0.00569789	0.922716	0.385439	-0.086368	-0.383551	0.919472	4.26075	-3.22249	87.7232	
0.995248	-0.0428068	0.0874537	0.00367693	0.914058	0.405568	-0.0972988	-0.403319	0.909872	4.17058	-3.60879	88.6213	
0.994131	-0.0472986	0.0972923	0.00141606	0.904967	0.425479	-0.108171	-0.422845	0.899723	4.06971	-4.01438	89.5097	
0.992896	-0.0520013	0.107018	-0.00108335	0.895449	0.445162	-0.118978	-0.442115	0.889032	3.9582	-4.43902	90.3878	
0.991544	-0.0569121	0.116624	-0.0038198	0.885511	0.464603	-0.129713	-0.46112	0.877806	3.8361	-4.88245	91.2552	
0.990076	-0.0620281	0.126105	-0.00679163	0.875157	0.483791	-0.14037	-0.479847	0.86605	3.70351	-5.3444	92.1114	
0.988492	-0.0673461	0.135456	-0.00999707	0.864394	0.502715	-0.150943	-0.498284	0.853773	3.5605	-5.8246	92.9557	
0.986794	-0.072863	0.14467	-0.0134342	0.853229	0.521363	-0.161425	-0.516422	0.840982	3.40714	-6.32275	93.7877	
0.984982	-0.0785754	0.153742	-0.0171009	0.841668	0.539724	-0.171809	-0.534248	0.827684	3.24355	-6.83856	94.6069	
0.983058	-0.0844799	0.162667	-0.020995	0.829718	0.557787	-0.18209	-0.551752	0.813887	3.06981	-7.37171	95.4128	
