1	0	0	0	1	0	0	0	1	0	0	0	
0.999995	-1.29531e-06	0.00309705	-1.29531e-06	1	0.000836476	-0.00309705	-0.000836476	0.999995	-0.00125759	-0.00033966	0.81212	
0.999981	-5.19137e-06	0.00619947	-5.19361e-06	0.999999	0.00167512	-0.00619947	-0.00167512	0.999979	-0.00503255	-0.00135952	1.62423	
0.999957	-1.17038e-05	0.00930715	-1.17128e-05	0.999997	0.00251592	-0.00930715	-0.00251592	0.999954	-0.0113292	-0.00306134	2.43633	
0.999923	-2.0848e-05	0.01242	-2.08705e-05	0.999994	0.00335884	-0.01242	-0.00335884	0.999917	-0.0201517	-0.00544685	3.2484	
0.999879	-3.26392e-05	0.0155379	-3.26843e-05	0.999991	0.00420386	-0.0155379	-0.00420386	0.99987	-0.0315044	-0.00851777	4.06043	
0.999826	-4.70925e-05	0.0186608	-4.71715e-05	0.999987	0.00505096	-0.0186608	-0.00505096	0.999813	-0.0453911	-0.0122758	4.87242	
0.999763	-6.42227e-05	0.0217886	-6.43493e-05	0.999983	0.00590012	-0.0217886	-0.00590012	0.999745	-0.0618161	-0.0167226	5.68437	
0.999689	-8.40444e-05	0.0249212	-8.42346e-05	0.999977	0.00675131	-0.0249212	-0.00675131	0.999667	-0.0807831	-0.0218599	6.49625	
0.999606	-0.000106572	0.0280585	-0.000106844	0.999971	0.00760451	-0.0280585	-0.00760451	0.999577	-0.102296	-0.0276892	7.30807	
0.999513	-0.00013182	0.0312004	-0.000132195	0.999964	0.00845969	-0.0312004	-0.00845969	0.999477	-0.126359	-0.0342122	8.1198	
0.99941	-0.000159802	0.0343468	-0.000160303	0.999957	0.00931683	-0.0343468	-0.00931684	0.999367	-0.152975	-0.0414306	8.93146	
0.999297	-0.000190533	0.0374976	-0.000191184	0.999948	0.0101759	-0.0374976	-0.0101759	0.999245	-0.182148	-0.0493458	9.74301	
0.999173	-0.000224025	0.0406527	-0.000224855	0.999939	0.0110369	-0.0406527	-0.0110369	0.999112	-0.213882	-0.0579596	10.5545	
0.99904	-0.000260292	0.0438121	-0.000261332	0.999929	0.0118998	-0.0438121	-0.0118998	0.998969	-0.24818	-0.0672733	11.3658	
0.998896	-0.000299348	0.0469756	-0.00030063	0.999918	0.0127645	-0.0469756	-0.0127646	0.998814	-0.285045	-0.0772885	12.177	
0.998742	-0.000341206	0.0501431	-0.000342765	0.999907	0.0136311	-0.0501431	-0.0136312	0.998649	-0.324481	-0.0880068	12.9881	
0.998578	-0.000385878	0.0533145	-0.000387752	0.999895	0.0144996	-0.0533145	-0.0144996	0.998472	-0.366491	-0.0994296	13.7991	
0.998403	-0.000433377	0.0564898	-0.000435605	0.999882	0.0153698	-0.0564898	-0.0153698	0.998285	-0.411079	-0.111558	14.6099	
0.998218	-0.000483715	0.0596689	-0.000486341	0.999868	0.0162417	-0.0596688	-0.0162418	0.998086	-0.458246	-0.124395	15.4205	
0.998023	-0.000536906	0.0628516	-0.000539974	0.999853	0.0171155	-0.0628515	-0.0171156	0.997876	-0.507997	-0.13794	16.231	
0.997817	-0.00059296	0.0660378	-0.000596518	0.999838	0.0179909	-0.0660378	-0.017991	0.997655	-0.560334	-0.152195	17.0413	
0.997601	-0.00065189	0.0692275	-0.000655987	0.999822	0.018868	-0.0692275	-0.0188682	0.997422	-0.61526	-0.167162	17.8514	
0.997374	-0.000713708	0.0724206	-0.000718397	0.999805	0.0197468	-0.0724205	-0.019747	0.997179	-0.672778	-0.182842	18.6614	
0.997137	-0.000778424	0.0756169	-0.00078376	0.999787	0.0206273	-0.0756169	-0.0206275	0.996924	-0.73289	-0.199237	19.4711	
0.996889	-0.000846051	0.0788165	-0.000852091	0.999768	0.0215094	-0.0788164	-0.0215096	0.996657	-0.795599	-0.216347	20.2806	
0.99663	-0.000916598	0.0820191	-0.000923402	0.999749	0.0223931	-0.082019	-0.0223933	0.996379	-0.860908	-0.234174	21.0899	
0.996361	-0.000990078	0.0852247	-0.000997709	0.999729	0.0232783	-0.0852246	-0.0232786	0.99609	-0.928819	-0.25272	21.899	
0.996082	-0.0010665	0.0884331	-0.00107502	0.999707	0.0241651	-0.088433	-0.0241655	0.995789	-0.999335	-0.271985	22.7078	
0.995791	-0.00114587	0.0916444	-0.00115536	0.999685	0.0250534	-0.0916443	-0.0250539	0.995477	-1.07246	-0.291971	23.5164	
0.99549	-0.00122821	0.0948584	-0.00123872	0.999663	0.0259433	-0.0948582	-0.0259438	0.995153	-1.14819	-0.31268	24.3247	
0.995178	-0.00131352	0.098075	-0.00132514	0.999639	0.0268346	-0.0980748	-0.0268351	0.994817	-1.22653	-0.334111	25.1327	
0.994856	-0.00140182	0.101294	-0.00141461	0.999615	0.0277273	-0.101294	-0.027728	0.99447	-1.30749	-0.356267	25.9405	
0.994522	-0.00149311	0.104516	-0.00150715	0.999589	0.0286215	-0.104515	-0.0286222	0.994111	-1.39106	-0.379149	26.748	
0.994178	-0.0015874	0.107739	-0.00160278	0.999563	0.0295171	-0.107739	-0.0295179	0.993741	-1.47725	-0.402757	27.5552	
0.993823	-0.0016847	0.110965	-0.0017015	0.999536	0.030414	-0.110965	-0.0304149	0.993359	-1.56605	-0.427093	28.3621	
0.993457	-0.00178502	0.114194	-0.00180332	0.999508	0.0313123	-0.114193	-0.0313133	0.992965	-1.65748	-0.452159	29.1686	
0.99308	-0.00188837	0.117424	-0.00190827	0.999479	0.0322119	-0.117423	-0.0322131	0.992559	-1.75153	-0.477954	29.9749	
0.992692	-0.00199476	0.120656	-0.00201634	0.99945	0.0331128	-0.120656	-0.0331141	0.992142	-1.84821	-0.504481	30.7808	
0.992294	-0.00210419	0.12389	-0.00212755	0.999419	0.034015	-0.12389	-0.0340165	0.991713	-1.94751	-0.53174	31.5864	
0.991884	-0.00221668	0.127126	-0.00224191	0.999388	0.0349184	-0.127125	-0.03492	0.991272	-2.04943	-0.559733	32.3916	
0.991464	-0.00233223	0.130363	-0.00235943	0.999355	0.0358231	-0.130363	-0.0358249	0.990819	-2.15399	-0.58846	33.1964	
0.991032	-0.00245085	0.133602	-0.00248012	0.999322	0.0367289	-0.133602	-0.0367309	0.990354	-2.26118	-0.617922	34.0009	
0.990589	-0.00257254	0.136843	-0.00260399	0.999288	0.0376359	-0.136842	-0.0376381	0.989878	-2.37099	-0.64812	34.805	
0.990136	-0.00269733	0.140084	-0.00273106	0.999253	0.0385441	-0.140084	-0.0385465	0.989389	-2.48344	-0.679056	35.6087	
0.989671	-0.0028252	0.143327	-0.00286132	0.999217	0.0394534	-0.143327	-0.039456	0.988889	-2.59852	-0.710729	36.412	
0.989196	-0.00295617	0.146572	-0.00299479	0.999181	0.0403638	-0.146571	-0.0403666	0.988376	-2.71624	-0.743142	37.2149	
0.988709	-0.00309025	0.149817	-0.00313149	0.999143	0.0412752	-0.149816	-0.0412783	0.987852	-2.83659	-0.776295	38.0174	
0.988211	-0.00322744	0.153063	-0.00327141	0.999104	0.0421877	-0.153063	-0.0421911	0.987315	-2.95958	-0.810189	38.8194	
0.987702	-0.00336775	0.156311	-0.00341457	0.999065	0.0431012	-0.15631	-0.0431049	0.986767	-3.0852	-0.844824	39.621	
0.987182	-0.00351118	0.159559	-0.00356098	0.999024	0.0440157	-0.159558	-0.0440197	0.986207	-3.21346	-0.880202	40.4221	
0.986651	-0.00365774	0.162808	-0.00371064	0.998983	0.0449311	-0.162806	-0.0449354	0.985634	-3.34436	-0.916323	41.2228	
0.986109	-0.00380744	0.166057	-0.00386356	0.998941	0.0458475	-0.166056	-0.0458522	0.98505	-3.4779	-0.953188	42.023	
0.985555	-0.00396028	0.169307	-0.00401976	0.998898	0.0467648	-0.169306	-0.0467699	0.984453	-3.61408	-0.990799	42.8228	
0.984991	-0.00411626	0.172557	-0.00417923	0.998854	0.047683	-0.172556	-0.0476884	0.983845	-3.75289	-1.02915	43.622	
0.984415	-0.0042754	0.175808	-0.00434199	0.998809	0.048602	-0.175806	-0.0486079	0.983224	-3.89435	-1.06826	44.4208	
0.983396	-0.00456048	0.181416	-0.0048264	0.998673	0.0512671	-0.18141	-0.0512914	0.982069	-4.0394	-1.10882	45.2188	
0.982344	-0.00486108	0.187022	-0.00532582	0.998531	0.053928	-0.187009	-0.0539719	0.980874	-4.189	-1.15157	46.0159	
0.981259	-0.00517719	0.192624	-0.00584024	0.998381	0.0565847	-0.192605	-0.0566493	0.97964	-4.34315	-1.19648	46.812	
0.980141	-0.0055088	0.198223	-0.00636966	0.998224	0.0592372	-0.198197	-0.0593235	0.978365	-4.50184	-1.24358	47.6071	
0.978991	-0.00585592	0.203818	-0.00691405	0.998059	0.0618854	-0.203785	-0.0619944	0.977051	-4.66507	-1.29284	48.4011	
0.977809	-0.00621852	0.209408	-0.00747339	0.997888	0.0645291	-0.209367	-0.0646621	0.975697	-4.83284	-1.34427	49.194	
0.976593	-0.0065966	0.214994	-0.00804768	0.997709	0.0671683	-0.214945	-0.0673263	0.974303	-5.00513	-1.39786	49.9858	
0.975345	-0.00699015	0.220575	-0.0086369	0.997523	0.069803	-0.220517	-0.0699871	0.972869	-5.18196	-1.45362	50.7765	
0.974064	-0.00739915	0.22615	-0.00924102	0.99733	0.0724331	-0.226082	-0.0726443	0.971396	-5.3633	-1.51154	51.566	
0.972751	-0.00782359	0.23172	-0.00986004	0.99713	0.0750584	-0.231642	-0.0752979	0.969883	-5.54917	-1.57161	52.3543	
0.971405	-0.00826345	0.237283	-0.0104939	0.996923	0.077679	-0.237195	-0.0779478	0.96833	-5.73954	-1.63384	53.1413	
0.970027	-0.00871872	0.24284	-0.0111427	0.996709	0.0802947	-0.24274	-0.0805939	0.966738	-5.93443	-1.69822	53.9271	
0.968617	-0.00918937	0.248389	-0.0118063	0.996487	0.0829055	-0.248279	-0.0832362	0.965106	-6.13381	-1.76474	54.7115	
0.967174	-0.00967538	0.253932	-0.0124847	0.996259	0.0855112	-0.253809	-0.0858745	0.963435	-6.33769	-1.83341	55.4946	
0.965698	-0.0101767	0.259467	-0.0131779	0.996023	0.0881119	-0.259332	-0.0885088	0.961724	-6.54606	-1.90422	56.2764	
0.964191	-0.0106934	0.264993	-0.0138859	0.995781	0.0907075	-0.264845	-0.091139	0.959974	-6.75891	-1.97717	57.0567	
0.962651	-0.0112254	0.270512	-0.0146086	0.995531	0.0932978	-0.27035	-0.0937651	0.958185	-6.97623	-2.05225	57.8356	
0.961079	-0.0117726	0.276022	-0.0153461	0.995274	0.0958829	-0.275846	-0.0963869	0.956357	-7.19802	-2.12947	58.613	
0.959475	-0.012335	0.281522	-0.0160983	0.995011	0.0984626	-0.281332	-0.0990044	0.95449	-7.42427	-2.20881	59.3889	
0.95784	-0.0129127	0.287013	-0.0168652	0.99474	0.101037	-0.286808	-0.101618	0.952583	-7.65497	-2.29027	60.1633	
0.956172	-0.0135055	0.292495	-0.0176468	0.994462	0.103606	-0.292274	-0.104226	0.950638	-7.89011	-2.37386	60.9361	
0.954472	-0.0141135	0.297966	-0.018443	0.994177	0.106169	-0.297729	-0.10683	0.948654	-8.12969	-2.45956	61.7074	
0.952741	-0.0147366	0.303426	-0.0192538	0.993885	0.108726	-0.303173	-0.10943	0.946631	-8.37369	-2.54738	62.477	
0.950978	-0.0153747	0.308876	-0.0200793	0.993586	0.111278	-0.308606	-0.112025	0.94457	-8.62211	-2.6373	63.2449	
0.949184	-0.0160279	0.314314	-0.0209193	0.993281	0.113824	-0.314027	-0.114615	0.94247	-8.87494	-2.72933	64.0112	
0.947358	-0.016696	0.319741	-0.0217739	0.992968	0.116364	-0.319436	-0.1172	0.940332	-9.13216	-2.82346	64.7757	
0.945501	-0.0173792	0.325156	-0.0226431	0.992648	0.118898	-0.324832	-0.119781	0.938156	-9.39378	-2.91969	65.5385	
0.943612	-0.0180772	0.330559	-0.0235267	0.992322	0.121426	-0.330216	-0.122356	0.935942	-9.65977	-3.01801	66.2995	
0.941693	-0.0187901	0.335949	-0.0244249	0.991988	0.123948	-0.335586	-0.124927	0.933689	-9.93012	-3.11843	67.0587	
0.939742	-0.0195178	0.341326	-0.0253375	0.991648	0.126464	-0.340943	-0.127492	0.931399	-10.2048	-3.22092	67.816	
0.937761	-0.0202603	0.346689	-0.0262645	0.9913	0.128974	-0.346286	-0.130052	0.929071	-10.4839	-3.3255	68.5715	
0.935749	-0.0210175	0.352039	-0.0272059	0.990946	0.131477	-0.351615	-0.132607	0.926705	-10.7673	-3.43216	69.325	
0.933707	-0.0217894	0.357375	-0.0281617	0.990585	0.133974	-0.356929	-0.135157	0.924302	-11.055	-3.54089	70.0767	
0.927692	-0.0241134	0.372566	-0.0324718	0.988919	0.14486	-0.371931	-0.146484	0.91663	-11.351	-3.65525	70.8242	
0.921432	-0.0266239	0.387627	-0.0369583	0.98712	0.155654	-0.386779	-0.15775	0.90858	-11.6591	-3.7788	71.5654	
0.914927	-0.0293198	0.402553	-0.0416195	0.985188	0.166349	-0.401467	-0.168952	0.900155	-11.9791	-3.91146	72.2999	
0.908182	-0.0321999	0.417336	-0.0464535	0.983124	0.176943	-0.41599	-0.180083	0.89136	-12.3111	-4.0532	73.0274	
0.901198	-0.0352632	0.431971	-0.0514582	0.980929	0.187431	-0.430342	-0.191141	0.882197	-12.6548	-4.20394	73.7476	
0.893979	-0.0385083	0.446452	-0.0566316	0.978603	0.197808	-0.444516	-0.20212	0.87267	-13.01	-4.36363	74.4602	
0.886527	-0.0419339	0.460772	-0.0619715	0.976149	0.208071	-0.458507	-0.213015	0.862784	-13.3767	-4.53221	75.1649	
0.878846	-0.0455386	0.474927	-0.0674758	0.973565	0.218214	-0.472309	-0.223823	0.852542	-13.7547	-4.7096	75.8614	
0.870939	-0.0493209	0.488909	-0.0731422	0.970855	0.228234	-0.485917	-0.234538	0.841948	-14.1438	-4.89573	76.5495	
0.862809	-0.0532792	0.502714	-0.0789683	0.968018	0.238127	-0.499324	-0.245157	0.831008	-14.5439	-5.09052	77.2289	
0.85446	-0.057412	0.516336	-0.0849518	0.965057	0.247889	-0.512525	-0.255674	0.819725	-14.9548	-5.29389	77.8992	
