1	0	0	0	1	0	0	0	1	0	0	0	
0.999998	4.22927e-06	-0.00199381	4.22927e-06	0.999991	0.00424237	0.00199381	-0.00424237	0.999989	0.000848379	-0.00180515	0.851007	
0.999992	1.69074e-05	-0.00398586	1.69175e-05	0.999964	0.00848604	0.00398586	-0.00848604	0.999956	0.00339276	-0.00722117	1.702	
0.999982	3.80223e-05	-0.0059761	3.80625e-05	0.999919	0.0127309	0.0059761	-0.0127309	0.999901	0.00763164	-0.0162491	2.55295	
0.999968	6.75614e-05	-0.00796447	6.7662e-05	0.999856	0.0169768	0.00796447	-0.0169768	0.999824	0.0135634	-0.0288899	3.40384	
0.99995	0.000105512	-0.00995094	0.000105713	0.999775	0.0212237	0.00995094	-0.0212237	0.999725	0.0211865	-0.0451445	4.25466	
0.999929	0.000151861	-0.0119354	0.000152213	0.999676	0.0254715	0.0119354	-0.0254715	0.999604	0.0304993	-0.0650136	5.10539	
0.999903	0.000206595	-0.0139179	0.000207159	0.999558	0.0297201	0.0139179	-0.0297201	0.999461	0.0415001	-0.0884979	5.956	
0.999874	0.000269701	-0.0158984	0.000270546	0.999423	0.0339693	0.0158984	-0.0339693	0.999296	0.0541871	-0.115598	6.80648	
0.99984	0.000341165	-0.0178767	0.000342372	0.999269	0.0382191	0.0178767	-0.0382191	0.999109	0.0685586	-0.146315	7.65682	
0.999803	0.000420972	-0.0198529	0.000422632	0.999098	0.0424694	0.0198529	-0.0424694	0.998901	0.0846128	-0.180648	8.50698	
0.999762	0.000509109	-0.0218269	0.000511322	0.998908	0.04672	0.0218269	-0.04672	0.99867	0.102348	-0.218599	9.35696	
0.999717	0.00060556	-0.0237986	0.000608437	0.9987	0.0509708	0.0237986	-0.0509709	0.998417	0.121762	-0.260167	10.2067	
0.999668	0.00071031	-0.0257681	0.000713972	0.998474	0.0552218	0.025768	-0.0552219	0.998142	0.142852	-0.305353	11.0563	
0.999615	0.000823345	-0.0277352	0.000827923	0.99823	0.0594729	0.027735	-0.0594729	0.997845	0.165618	-0.354156	11.9056	
0.999558	0.000944648	-0.0296999	0.000950283	0.997967	0.0637239	0.0296997	-0.0637239	0.997526	0.190057	-0.406577	12.7546	
0.999498	0.00107421	-0.0316622	0.00108105	0.997686	0.0679747	0.0316619	-0.0679748	0.997185	0.216167	-0.462615	13.6034	
0.999434	0.001212	-0.0336219	0.00122021	0.997388	0.0722252	0.0336216	-0.0722253	0.996821	0.243945	-0.522271	14.4518	
0.999366	0.00135801	-0.0355792	0.00136776	0.997071	0.0764753	0.0355788	-0.0764755	0.996436	0.273391	-0.585544	15.3	
0.999294	0.00151223	-0.0375339	0.0015237	0.996735	0.080725	0.0375334	-0.0807252	0.996029	0.3045	-0.652434	16.1478	
0.999219	0.00167464	-0.0394859	0.00168802	0.996382	0.0849741	0.0394853	-0.0849743	0.9956	0.337272	-0.72294	16.9952	
0.999139	0.00184521	-0.0414353	0.00186071	0.99601	0.0892225	0.0414346	-0.0892228	0.995149	0.371704	-0.797062	17.8423	
0.999057	0.00202394	-0.0433819	0.00204176	0.99562	0.0934701	0.0433811	-0.0934704	0.994677	0.407794	-0.874799	18.689	
0.99897	0.00221081	-0.0453258	0.00223117	0.995212	0.0977167	0.0453248	-0.0977172	0.994182	0.445539	-0.956151	19.5353	
0.998879	0.00240579	-0.0472669	0.00242892	0.994785	0.101962	0.0472657	-0.101963	0.993665	0.484936	-1.04112	20.3811	
0.998785	0.00260887	-0.0492051	0.00263502	0.994341	0.106207	0.0492037	-0.106208	0.993126	0.525985	-1.12969	21.2265	
0.998687	0.00282004	-0.0511404	0.00284945	0.993878	0.11045	0.0511388	-0.110451	0.992565	0.568681	-1.22188	22.0714	
0.998586	0.00303926	-0.0530728	0.0030722	0.993396	0.114692	0.0530709	-0.114693	0.991982	0.613023	-1.31768	22.9159	
0.998481	0.00326653	-0.0550022	0.00330326	0.992897	0.118933	0.055	-0.118934	0.991378	0.659008	-1.41709	23.7598	
0.998372	0.00350182	-0.0569285	0.00354263	0.992379	0.123172	0.056926	-0.123173	0.990751	0.706633	-1.52011	24.6032	
0.99826	0.00374512	-0.0588518	0.0037903	0.991843	0.127409	0.0588489	-0.127411	0.990103	0.755896	-1.62674	25.4461	
0.998144	0.0039964	-0.0607719	0.00404625	0.991289	0.131645	0.0607686	-0.131647	0.989432	0.806794	-1.73697	26.2884	
0.998024	0.00425565	-0.0626889	0.00431047	0.990716	0.135879	0.0626851	-0.135881	0.98874	0.859324	-1.8508	27.1301	
0.997901	0.00452285	-0.0646026	0.00458296	0.990125	0.140111	0.0645984	-0.140113	0.988026	0.913484	-1.96824	27.9712	
0.997774	0.00479797	-0.0665131	0.00486371	0.989516	0.144341	0.0665083	-0.144343	0.98729	0.96927	-2.08928	28.8117	
0.997644	0.00508099	-0.0684203	0.0051527	0.988889	0.148568	0.0684149	-0.148571	0.986532	1.02668	-2.21391	29.6516	
0.99751	0.0053719	-0.0703241	0.00544992	0.988243	0.152794	0.0703181	-0.152797	0.985753	1.08571	-2.34215	30.4908	
0.997372	0.00567067	-0.0722245	0.00575536	0.987579	0.157017	0.0722178	-0.15702	0.984951	1.14636	-2.47397	31.3294	
0.997231	0.00597728	-0.0741216	0.00606901	0.986897	0.161237	0.0741141	-0.161241	0.984128	1.20863	-2.6094	32.1672	
0.997087	0.00629171	-0.0760151	0.00639086	0.986197	0.165455	0.0760068	-0.165459	0.983283	1.27251	-2.74841	33.0044	
0.996939	0.00661394	-0.0779051	0.00672089	0.985478	0.169671	0.0778959	-0.169675	0.982417	1.33799	-2.89101	33.8408	
0.996787	0.00694394	-0.0797915	0.0070591	0.984741	0.173883	0.0797814	-0.173888	0.981528	1.40508	-3.0372	34.6765	
0.996632	0.0072817	-0.0816744	0.00740547	0.983986	0.178093	0.0816632	-0.178098	0.980618	1.47378	-3.18697	35.5114	
0.996474	0.00762719	-0.0835535	0.00775998	0.983212	0.182299	0.0835413	-0.182305	0.979687	1.54408	-3.34032	36.3455	
0.996312	0.00798039	-0.085429	0.00812263	0.982421	0.186503	0.0854156	-0.186509	0.978733	1.61597	-3.49726	37.1788	
0.996147	0.00834127	-0.0873008	0.0084934	0.981611	0.190703	0.0872861	-0.19071	0.977758	1.68945	-3.65777	38.0113	
0.995978	0.00870981	-0.0891688	0.00887227	0.980783	0.1949	0.0891528	-0.194908	0.976761	1.76453	-3.82185	38.843	
0.995806	0.009086	-0.091033	0.00925924	0.979937	0.199094	0.0910155	-0.199102	0.975743	1.84119	-3.9895	39.6738	
0.995631	0.0094698	-0.0928933	0.00965428	0.979072	0.203284	0.0928743	-0.203293	0.974703	1.91944	-4.16072	40.5037	
0.995452	0.00986119	-0.0947497	0.0100574	0.97819	0.207471	0.094729	-0.20748	0.973642	1.99926	-4.33551	41.3327	
0.99527	0.0102601	-0.0966021	0.0104686	0.977289	0.211653	0.0965798	-0.211664	0.972559	2.08067	-4.51386	42.1608	
0.995085	0.0106666	-0.0984506	0.0108877	0.97637	0.215832	0.0984264	-0.215843	0.971455	2.16364	-4.69576	42.988	
0.994896	0.0110807	-0.100295	0.011315	0.975433	0.220007	0.100269	-0.220019	0.970329	2.24819	-4.88123	43.8143	
0.994704	0.0115022	-0.102136	0.0117502	0.974477	0.224178	0.102107	-0.224191	0.969181	2.3343	-5.07024	44.6395	
0.994509	0.0119312	-0.103972	0.0121934	0.973504	0.228345	0.103941	-0.228359	0.968013	2.42198	-5.2628	45.4638	
0.99431	0.0123676	-0.105804	0.0126446	0.972512	0.232508	0.105771	-0.232523	0.966822	2.51121	-5.45891	46.2871	
0.994108	0.0128114	-0.107632	0.0131037	0.971503	0.236666	0.107597	-0.236682	0.965611	2.602	-5.65856	47.1094	
0.993903	0.0132627	-0.109456	0.0135707	0.970475	0.24082	0.109418	-0.240837	0.964378	2.69434	-5.86175	47.9306	
0.994018	0.013007	-0.108439	0.0139237	0.969689	0.243945	0.108325	-0.243996	0.963707	2.78699	-6.06804	48.751	
0.994132	0.0127469	-0.107419	0.014274	0.968891	0.247076	0.107227	-0.24716	0.963024	2.87871	-6.27703	49.5708	
0.994246	0.0124825	-0.106395	0.0146215	0.968081	0.250212	0.106123	-0.250328	0.962327	2.96949	-6.48872	50.3901	
0.994358	0.0122136	-0.105369	0.0149662	0.967258	0.253353	0.105013	-0.253501	0.961618	3.05933	-6.7031	51.2087	
0.99447	0.0119404	-0.104339	0.015308	0.966423	0.256498	0.103898	-0.256677	0.960896	3.14822	-6.92018	52.0268	
0.994581	0.0116628	-0.103307	0.0156468	0.965577	0.259647	0.102779	-0.259857	0.960162	3.23617	-7.13997	52.8442	
0.994691	0.0113809	-0.102272	0.0159825	0.964718	0.2628	0.101654	-0.26304	0.959415	3.32315	-7.36247	53.661	
0.994801	0.0110947	-0.101235	0.0163152	0.963847	0.265956	0.100525	-0.266225	0.958655	3.40918	-7.58767	54.4771	
0.994909	0.0108042	-0.100195	0.0166447	0.962964	0.269115	0.0993919	-0.269413	0.957882	3.49425	-7.81559	55.2926	
0.995017	0.0105094	-0.0991537	0.016971	0.962069	0.272277	0.0982542	-0.272602	0.957097	3.57835	-8.04622	56.1075	
0.995123	0.0102104	-0.0981104	0.017294	0.961163	0.27544	0.0971125	-0.275794	0.956299	3.66148	-8.27956	56.9216	
0.995229	0.00990721	-0.0970656	0.0176137	0.960244	0.278606	0.0959668	-0.278986	0.955488	3.74363	-8.51563	57.7351	
0.995333	0.00959983	-0.0960193	0.0179301	0.959314	0.281773	0.0948176	-0.28218	0.954665	3.82481	-8.75441	58.5479	
0.995437	0.0092883	-0.0949717	0.018243	0.958371	0.284941	0.0936648	-0.285373	0.953829	3.90501	-8.9959	59.36	
0.995539	0.00897265	-0.093923	0.0185524	0.957418	0.28811	0.0925087	-0.288567	0.95298	3.98423	-9.24012	60.1713	
0.99564	0.00865294	-0.0928735	0.0188582	0.956452	0.29128	0.0913495	-0.291761	0.952119	4.06246	-9.48705	60.9819	
0.99574	0.00832919	-0.0918232	0.0191605	0.955475	0.294449	0.0901873	-0.294954	0.951246	4.13971	-9.7367	61.7918	
0.99584	0.00800144	-0.0907724	0.0194592	0.954487	0.297618	0.0890224	-0.298146	0.95036	4.21596	-9.98907	62.601	
0.995937	0.00766974	-0.0897212	0.0197542	0.953487	0.300787	0.0878549	-0.301337	0.949462	4.29123	-10.2442	63.4094	
0.996034	0.00733412	-0.0886698	0.0200455	0.952476	0.303955	0.086685	-0.304527	0.948551	4.36549	-10.502	64.217	
0.99613	0.00699464	-0.0876183	0.0203331	0.951453	0.307121	0.085513	-0.307714	0.947628	4.43876	-10.7625	65.0238	
0.996224	0.00665133	-0.0865671	0.0206168	0.95042	0.310286	0.0843389	-0.310899	0.946694	4.51104	-11.0257	65.8299	
0.996317	0.00630425	-0.0855161	0.0208967	0.949375	0.313448	0.083163	-0.314081	0.945747	4.58231	-11.2916	66.6351	
0.996409	0.00595345	-0.0844657	0.0211728	0.94832	0.316608	0.0819854	-0.31726	0.944788	4.65258	-11.5603	67.4395	
0.996499	0.00559898	-0.0834159	0.021445	0.947254	0.319766	0.0808064	-0.320435	0.943818	4.72185	-11.8316	68.2431	
0.996588	0.0052409	-0.0823669	0.0217132	0.946177	0.32292	0.0796261	-0.323607	0.942835	4.79012	-12.1056	69.0459	
0.996676	0.00487926	-0.0813189	0.0219775	0.94509	0.326071	0.0784447	-0.326774	0.941841	4.85738	-12.3824	69.8479	
0.99806	-0.00166803	-0.0622309	0.0215262	0.947224	0.319848	0.0584131	-0.320567	0.945423	4.91561	-12.6578	70.6509	
0.999039	-0.00808829	-0.0430748	0.0212071	0.949317	0.313603	0.0383551	-0.314215	0.948577	4.95679	-12.928	71.4569	
0.999612	-0.0143786	-0.0238592	0.0210204	0.951368	0.307338	0.0182798	-0.307721	0.951301	4.98089	-13.1926	72.2653	
0.999779	-0.0205362	-0.00459289	0.020966	0.953376	0.301057	-0.00180382	-0.301087	0.953595	4.9879	-13.4517	73.0759	
0.999539	-0.0265582	0.0147155	0.0210442	0.955339	0.294763	-0.0218866	-0.294317	0.955457	4.97782	-13.705	73.8882	
0.998893	-0.0324418	0.0340571	0.0212547	0.957257	0.288457	-0.0419595	-0.287414	0.956887	4.95065	-13.9526	74.702	
0.997842	-0.0381846	0.0534233	0.0215975	0.959129	0.282143	-0.0620134	-0.280381	0.957884	4.90641	-14.1942	75.5168	
0.996385	-0.0437838	0.0728053	0.0220725	0.960955	0.275825	-0.0820392	-0.27322	0.958447	4.84511	-14.4297	76.3322	
0.994523	-0.0492369	0.0921943	0.0226794	0.962732	0.269504	-0.102028	-0.265937	0.958576	4.76679	-14.6592	77.1479	
0.992257	-0.0545414	0.111582	0.023418	0.964462	0.263183	-0.12197	-0.258532	0.958271	4.67147	-14.8823	77.9636	
0.989589	-0.059695	0.130958	0.024288	0.966142	0.256866	-0.141858	-0.251011	0.957533	4.5592	-15.0992	78.7788	
0.986519	-0.0646953	0.150316	0.0252888	0.967772	0.250555	-0.161681	-0.243376	0.956361	4.43004	-15.3095	79.5932	
0.983049	-0.06954	0.169645	0.0264202	0.969351	0.244254	-0.181431	-0.235631	0.954757	4.28404	-15.5134	80.4064	
0.97918	-0.074227	0.188937	0.0276815	0.970879	0.237964	-0.201099	-0.22778	0.95272	4.12127	-15.7105	81.2181	
0.974914	-0.0787541	0.208184	0.0290722	0.972355	0.231689	-0.220675	-0.219825	0.950252	3.94179	-15.901	82.0278	
