1	0	0	0	1	0	0	0	1	0	0	0	
0.999999	3.55829e-06	-0.00172527	3.55829e-06	0.999991	0.00412489	0.00172527	-0.00412489	0.99999	0.000892696	-0.00213432	1.03485	
0.999994	1.42642e-05	-0.0034543	1.42637e-05	0.999966	0.00825852	0.0034543	-0.00825852	0.99996	0.00357273	-0.00854181	2.06967	
0.999987	3.21636e-05	-0.00518701	3.21618e-05	0.999923	0.0124007	0.00518701	-0.0124007	0.99991	0.00804396	-0.0192314	3.10445	
0.999976	5.73014e-05	-0.00692332	5.72968e-05	0.999863	0.0165512	0.00692332	-0.0165512	0.999839	0.0143101	-0.0342118	4.13917	
0.999962	8.97219e-05	-0.00866314	8.97126e-05	0.999786	0.0207098	0.00866314	-0.0207098	0.999748	0.022375	-0.0534916	5.17381	
0.999946	0.000129468	-0.0104064	0.000129452	0.999691	0.0248764	0.0104064	-0.0248764	0.999636	0.032242	-0.077079	6.20834	
0.999926	0.000176583	-0.012153	0.000176557	0.999578	0.0290506	0.012153	-0.0290506	0.999504	0.0439148	-0.104982	7.24275	
0.999903	0.000231107	-0.0139028	0.000231068	0.999448	0.0332324	0.0139028	-0.0332324	0.999351	0.0573967	-0.137209	8.277	
0.999877	0.000293082	-0.0156559	0.000293026	0.9993	0.0374216	0.0156559	-0.0374216	0.999177	0.0726912	-0.173767	9.31109	
0.999848	0.000362548	-0.017412	0.000362471	0.999134	0.0416178	0.017412	-0.0416178	0.998982	0.0898013	-0.214664	10.345	
0.999816	0.000439542	-0.0191711	0.00043944	0.99895	0.045821	0.0191711	-0.045821	0.998766	0.10873	-0.259907	11.3787	
0.999781	0.000524105	-0.0209332	0.000523971	0.998748	0.0500308	0.0209332	-0.0500308	0.998528	0.129481	-0.309503	12.4121	
0.999742	0.000616272	-0.0226981	0.000616102	0.998527	0.0542472	0.0226981	-0.0542472	0.99827	0.152057	-0.363459	13.4453	
0.9997	0.000716081	-0.0244657	0.000715867	0.998289	0.0584699	0.0244657	-0.0584699	0.997989	0.176461	-0.421782	14.4782	
0.999655	0.000823567	-0.026236	0.000823303	0.998032	0.0626987	0.0262361	-0.0626987	0.997688	0.202695	-0.484478	15.5108	
0.999607	0.000938765	-0.0280089	0.000938444	0.997757	0.0669334	0.028009	-0.0669334	0.997364	0.230763	-0.551553	16.5431	
0.999556	0.00106171	-0.0297844	0.00106132	0.997463	0.0711738	0.0297844	-0.0711738	0.997019	0.260667	-0.623013	17.5751	
0.999501	0.00119243	-0.0315622	0.00119197	0.997151	0.0754197	0.0315622	-0.0754197	0.996652	0.292409	-0.698864	18.6067	
0.999443	0.00133096	-0.0333423	0.00133042	0.99682	0.0796709	0.0333423	-0.0796709	0.996263	0.325992	-0.779112	19.6378	
0.999382	0.00147734	-0.0351247	0.00147671	0.996471	0.0839272	0.0351247	-0.0839272	0.995853	0.361419	-0.863761	20.6686	
0.999317	0.00163159	-0.0369093	0.00163085	0.996102	0.0881883	0.0369093	-0.0881883	0.99542	0.398691	-0.952818	21.6989	
0.999249	0.00179374	-0.0386959	0.00179289	0.995715	0.0924542	0.0386959	-0.0924542	0.994965	0.437811	-1.04629	22.7288	
0.999178	0.00196382	-0.0404845	0.00196285	0.995309	0.0967245	0.0404846	-0.0967245	0.994487	0.478781	-1.14417	23.7582	
0.999104	0.00214186	-0.0422751	0.00214076	0.994884	0.100999	0.0422751	-0.100999	0.993988	0.521603	-1.24648	24.7871	
0.999026	0.00232789	-0.0440674	0.00232664	0.99444	0.105278	0.0440675	-0.105278	0.993466	0.566279	-1.35321	25.8155	
0.998945	0.00252193	-0.0458615	0.00252053	0.993977	0.10956	0.0458616	-0.10956	0.992922	0.612811	-1.46438	26.8433	
0.99886	0.00272401	-0.0476573	0.00272244	0.993495	0.113847	0.0476574	-0.113847	0.992355	0.6612	-1.57997	27.8705	
0.998772	0.00293415	-0.0494546	0.0029324	0.992993	0.118136	0.0494547	-0.118136	0.991765	0.711448	-1.70001	28.8971	
0.998681	0.00315238	-0.0512534	0.00315043	0.992472	0.122429	0.0512535	-0.122429	0.991153	0.763557	-1.82448	29.9231	
0.998586	0.00337872	-0.0530536	0.00337655	0.991932	0.126725	0.0530538	-0.126725	0.990518	0.817528	-1.9534	30.9485	
0.998488	0.00361319	-0.0548551	0.0036108	0.991373	0.131024	0.0548553	-0.131024	0.98986	0.873363	-2.08677	31.9732	
0.998386	0.00385582	-0.0566579	0.00385318	0.990794	0.135326	0.0566581	-0.135326	0.98918	0.931063	-2.22458	32.9972	
0.998281	0.00410662	-0.0584618	0.00410372	0.990195	0.13963	0.058462	-0.13963	0.988476	0.990629	-2.36685	34.0205	
0.998173	0.00436561	-0.0602668	0.00436244	0.989577	0.143936	0.060267	-0.143936	0.98775	1.05206	-2.51358	35.0431	
0.998061	0.00463281	-0.0620727	0.00462935	0.98894	0.148245	0.062073	-0.148245	0.987001	1.11536	-2.66476	36.0648	
0.997946	0.00490825	-0.0638796	0.00490447	0.988283	0.152555	0.0638799	-0.152555	0.986228	1.18054	-2.8204	37.0858	
0.997827	0.00519193	-0.0656872	0.00518783	0.987606	0.156867	0.0656875	-0.156867	0.985433	1.24758	-2.9805	38.106	
0.997705	0.00548388	-0.0674956	0.00547943	0.98691	0.16118	0.067496	-0.16118	0.984614	1.31649	-3.14507	39.1254	
0.997579	0.00578411	-0.0693046	0.00577929	0.986194	0.165495	0.069305	-0.165495	0.983773	1.38727	-3.3141	40.1439	
0.99745	0.00609263	-0.0711142	0.00608743	0.985458	0.16981	0.0711147	-0.16981	0.982908	1.45993	-3.48759	41.1615	
0.997317	0.00640946	-0.0729243	0.00640385	0.984702	0.174127	0.0729248	-0.174127	0.982019	1.53446	-3.66555	42.1782	
0.997181	0.00673461	-0.0747348	0.00672858	0.983927	0.178444	0.0747353	-0.178444	0.981108	1.61086	-3.84798	43.194	
0.997041	0.0070681	-0.0765455	0.00706161	0.983132	0.182762	0.0765461	-0.182761	0.980173	1.68914	-4.03488	44.2088	
0.996898	0.00740993	-0.0783565	0.00740298	0.982317	0.18708	0.0783572	-0.187079	0.979215	1.76929	-4.22624	45.2226	
0.996751	0.00776012	-0.0801677	0.00775267	0.981482	0.191398	0.0801684	-0.191397	0.978233	1.85132	-4.42208	46.2354	
0.996601	0.00811867	-0.0819789	0.00811071	0.980627	0.195715	0.0819797	-0.195715	0.977228	1.93522	-4.62238	47.2472	
0.996447	0.00848561	-0.0837901	0.0084771	0.979752	0.200033	0.0837909	-0.200033	0.9762	2.02099	-4.82715	48.258	
0.99629	0.00886092	-0.0856011	0.00885185	0.978858	0.20435	0.0856021	-0.20435	0.975148	2.10864	-5.03639	49.2677	
0.996129	0.00924463	-0.087412	0.00923497	0.977943	0.208666	0.0874131	-0.208666	0.974073	2.19816	-5.25009	50.2762	
0.995965	0.00963673	-0.0892227	0.00962646	0.977009	0.212982	0.0892238	-0.212981	0.972974	2.28956	-5.46826	51.2837	
0.995797	0.0100372	-0.091033	0.0100263	0.976054	0.217296	0.0910342	-0.217295	0.971852	2.38283	-5.6909	52.29	
0.995626	0.0104462	-0.0928428	0.0104346	0.97508	0.221609	0.0928441	-0.221608	0.970706	2.47797	-5.918	53.2951	
0.995451	0.0108635	-0.0946521	0.0108512	0.974085	0.22592	0.0946535	-0.22592	0.969536	2.57499	-6.14956	54.2991	
0.995273	0.0112892	-0.0964609	0.0112763	0.973071	0.23023	0.0964624	-0.230229	0.968344	2.67387	-6.38558	55.3018	
0.995091	0.0117234	-0.0982689	0.0117097	0.972036	0.234538	0.0982706	-0.234537	0.967127	2.77463	-6.62606	56.3032	
0.994905	0.012166	-0.100076	0.0121515	0.970982	0.238844	0.100078	-0.238843	0.965887	2.87726	-6.871	57.3034	
0.994716	0.012617	-0.101883	0.0126017	0.969908	0.243147	0.101885	-0.243146	0.964624	2.98176	-7.1204	58.3023	
0.994524	0.0130765	-0.103688	0.0130603	0.968813	0.247448	0.10369	-0.247447	0.963337	3.08813	-7.37424	59.2999	
0.994328	0.0135443	-0.105493	0.0135273	0.967699	0.251747	0.105495	-0.251746	0.962026	3.19637	-7.63254	60.2961	
0.994128	0.0140206	-0.107296	0.0140027	0.966564	0.256042	0.107299	-0.256041	0.960692	3.30648	-7.89528	61.291	
0.993925	0.0145053	-0.109099	0.0144865	0.96541	0.260335	0.109101	-0.260334	0.959335	3.41845	-8.16246	62.2845	
0.993718	0.0149985	-0.1109	0.0149787	0.964235	0.264624	0.110902	-0.264623	0.957954	3.53228	-8.43409	63.2765	
0.993508	0.0155	-0.112699	0.0154793	0.963041	0.26891	0.112702	-0.268908	0.956549	3.64798	-8.71015	64.2671	
0.993295	0.01601	-0.114498	0.0159882	0.961827	0.273192	0.114501	-0.273191	0.955121	3.76554	-8.99065	65.2563	
0.993077	0.0165283	-0.116294	0.0165055	0.960592	0.27747	0.116298	-0.277469	0.95367	3.88496	-9.27557	66.2439	
0.99242	0.0180752	-0.121555	0.0171715	0.959025	0.282801	0.121686	-0.282745	0.951445	4.0081	-9.56544	67.2297	
0.991733	0.0196515	-0.126804	0.017868	0.957427	0.288123	0.127067	-0.288007	0.949161	4.13681	-9.86077	68.2131	
0.991016	0.0212569	-0.132041	0.0185951	0.955798	0.293435	0.132442	-0.293254	0.946816	4.27109	-10.1615	69.1941	
0.99027	0.0228915	-0.137265	0.0193525	0.95414	0.298736	0.137808	-0.298486	0.944413	4.41092	-10.4677	70.1727	
0.98656	0.0303576	-0.160557	0.0204871	0.951857	0.305858	0.162113	-0.305037	0.938441	4.56612	-10.78	71.147	
0.982249	0.0379833	-0.183694	0.0218051	0.949525	0.312933	0.186309	-0.311384	0.931842	4.74641	-11.099	72.1148	
0.977342	0.0457634	-0.206661	0.0233057	0.947146	0.319956	0.21038	-0.317523	0.924619	4.95168	-11.4244	73.0754	
0.971841	0.0536928	-0.22944	0.0249878	0.944721	0.326921	0.23431	-0.323449	0.916777	5.18179	-11.7561	74.0282	
0.965749	0.0617662	-0.252018	0.0268504	0.942252	0.333825	0.258084	-0.329158	0.908321	5.43658	-12.0938	74.9727	
0.959072	0.0699781	-0.27438	0.0288923	0.939741	0.340663	0.281685	-0.334648	0.899258	5.71588	-12.4373	75.908	
0.951813	0.078323	-0.296509	0.0311119	0.93719	0.34743	0.305097	-0.339913	0.889592	6.01951	-12.7863	76.8336	
0.943977	0.0867954	-0.318393	0.0335079	0.934599	0.354121	0.328306	-0.344951	0.879332	6.34727	-13.1407	77.749	
0.93557	0.0953895	-0.340015	0.0360787	0.931971	0.360733	0.351294	-0.349758	0.868482	6.69893	-13.5002	78.6534	
0.926597	0.1041	-0.361361	0.0388225	0.929308	0.36726	0.374047	-0.354331	0.857052	7.07426	-13.8645	79.5463	
0.917064	0.11292	-0.382418	0.0417375	0.926611	0.373699	0.39655	-0.358667	0.845048	7.47301	-14.2334	80.427	
0.906977	0.121845	-0.40317	0.0448217	0.923882	0.380044	0.418788	-0.362762	0.832478	7.89491	-14.6068	81.2951	
0.896344	0.130868	-0.423605	0.0480732	0.921123	0.386293	0.440745	-0.366615	0.819351	8.33968	-14.9842	82.1498	
0.885171	0.139983	-0.443708	0.0514896	0.918335	0.39244	0.462408	-0.370223	0.805676	8.80702	-15.3655	82.9907	
0.873466	0.149185	-0.463466	0.0550687	0.915522	0.398482	0.48376	-0.373583	0.791462	9.29661	-15.7503	83.8171	
0.861237	0.158466	-0.482866	0.0588082	0.912683	0.404414	0.50479	-0.376693	0.776718	9.80814	-16.1386	84.6286	
0.848492	0.167822	-0.501894	0.0627055	0.909823	0.410232	0.525481	-0.37955	0.761454	10.3413	-16.5299	85.4245	
0.835239	0.177245	-0.520539	0.0667579	0.906941	0.415933	0.54582	-0.382154	0.74568	10.8956	-16.924	86.2044	
0.821487	0.186729	-0.538787	0.0709629	0.904041	0.421513	0.565794	-0.384502	0.729407	11.4708	-17.3207	86.9677	
0.807246	0.196268	-0.556626	0.0753176	0.901124	0.426968	0.58539	-0.386592	0.712646	12.0665	-17.7197	87.7139	
0.792525	0.205856	-0.574045	0.079819	0.898193	0.432295	0.604594	-0.388424	0.695409	12.6823	-18.1208	88.4425	
0.777333	0.215486	-0.591032	0.0844642	0.895248	0.437489	0.623393	-0.389996	0.677705	13.3177	-18.5236	89.153	
0.761682	0.225151	-0.607575	0.0892501	0.892293	0.442547	0.641775	-0.391306	0.659549	13.9724	-18.9279	89.845	
0.745581	0.234846	-0.623663	0.0941733	0.889328	0.447467	0.659727	-0.392355	0.64095	14.6458	-19.3334	90.5179	
0.729042	0.244563	-0.639286	0.0992308	0.886357	0.452244	0.677238	-0.393142	0.621923	15.3376	-19.7398	91.1714	
0.712075	0.254296	-0.654433	0.104419	0.883381	0.456876	0.694296	-0.393665	0.60248	16.0473	-20.147	91.805	
0.694691	0.26404	-0.669094	0.109734	0.880401	0.461359	0.710888	-0.393925	0.582633	16.7745	-20.5545	92.4182	
0.676903	0.273786	-0.683259	0.115174	0.877421	0.46569	0.727005	-0.393921	0.562396	17.5185	-20.9622	93.0107	
0.658722	0.283529	-0.696919	0.120733	0.874442	0.469867	0.742636	-0.393653	0.541783	18.279	-21.3697	93.5821	
0.640161	0.293262	-0.710064	0.126409	0.871466	0.473886	0.757769	-0.393122	0.520808	19.0554	-21.7768	94.1319	
