1	0	0	0	1	0	0	0	1	0	0	0	
0.999993	-7.30075e-06	-0.00368376	-7.30075e-06	0.999992	-0.00396372	0.00368376	0.00396372	0.999985	0.00193212	0.00207895	1.04898	
0.999973	-2.9207e-05	-0.00736739	-2.92157e-05	0.999969	-0.00792967	0.00736739	0.00792967	0.999941	0.00772841	0.00831699	2.09794	
0.999939	-6.5726e-05	-0.0110507	-6.57612e-05	0.999929	-0.0118977	0.0110507	0.0118977	0.999868	0.0173887	0.0187164	3.14683	
0.999891	-0.000116864	-0.0147337	-0.000116952	0.999874	-0.0158677	0.0147337	0.0158677	0.999766	0.0309125	0.0332792	4.19563	
0.99983	-0.000182627	-0.018416	-0.000182803	0.999803	-0.0198394	0.018416	0.0198394	0.999634	0.0482994	0.0520075	5.24431	
0.999756	-0.000263019	-0.0220976	-0.000263327	0.999716	-0.0238128	0.0220976	0.0238128	0.999472	0.0695486	0.0749029	6.29283	
0.999668	-0.000358043	-0.0257784	-0.000358535	0.999614	-0.0277876	0.0257784	0.0277876	0.999281	0.0946594	0.101967	7.34117	
0.999566	-0.000467701	-0.0294582	-0.00046844	0.999495	-0.0317637	0.0294582	0.0317637	0.999061	0.123631	0.133202	8.38929	
0.999451	-0.000591995	-0.0331368	-0.000593051	0.999361	-0.035741	0.0331368	0.035741	0.998812	0.156462	0.168608	9.43717	
0.999322	-0.000730925	-0.0368141	-0.000732378	0.999211	-0.0397193	0.0368141	0.0397193	0.998532	0.193151	0.208186	10.4848	
0.99918	-0.000884491	-0.04049	-0.000886428	0.999044	-0.0436984	0.0404899	0.0436984	0.998224	0.233696	0.251938	11.5321	
0.999024	-0.00105269	-0.0441643	-0.00105521	0.998862	-0.0476781	0.0441642	0.0476782	0.997886	0.278097	0.299865	12.579	
0.998854	-0.00123552	-0.0478368	-0.00123873	0.998664	-0.0516584	0.0478367	0.0516585	0.997518	0.326351	0.351967	13.6256	
0.998672	-0.00143298	-0.0515075	-0.00143698	0.99845	-0.0556391	0.0515074	0.0556392	0.997121	0.378457	0.408244	14.6718	
0.998475	-0.00164506	-0.0551762	-0.00164999	0.99822	-0.05962	0.055176	0.0596201	0.996695	0.434412	0.468697	15.7175	
0.998266	-0.00187175	-0.0588427	-0.00187774	0.997974	-0.0636009	0.0588425	0.0636011	0.996239	0.494214	0.533326	16.7628	
0.998042	-0.00211306	-0.0625069	-0.00212025	0.997711	-0.0675817	0.0625066	0.0675819	0.995754	0.557861	0.602131	17.8076	
0.997806	-0.00236897	-0.0661686	-0.0023775	0.997433	-0.0715622	0.0661683	0.0715625	0.995239	0.625351	0.675112	18.8519	
0.997556	-0.00263947	-0.0698278	-0.00264951	0.997139	-0.0755424	0.0698274	0.0755427	0.994695	0.69668	0.752268	19.8956	
0.997292	-0.00292456	-0.0734842	-0.00293628	0.996829	-0.0795219	0.0734838	0.0795224	0.994121	0.771846	0.833599	20.9387	
0.997015	-0.00322422	-0.0771378	-0.00323779	0.996502	-0.0835007	0.0771372	0.0835013	0.993518	0.850846	0.919104	21.9812	
0.996725	-0.00353844	-0.0807883	-0.00355404	0.99616	-0.0874787	0.0807876	0.0874793	0.992885	0.933677	1.00878	23.0231	
0.996421	-0.00386721	-0.0844357	-0.00388504	0.995802	-0.0914556	0.0844349	0.0914563	0.992223	1.02034	1.10263	24.0643	
0.996105	-0.00421052	-0.0880798	-0.00423078	0.995427	-0.0954312	0.0880788	0.0954321	0.991532	1.11082	1.20066	25.1047	
0.995774	-0.00456834	-0.0917204	-0.00459125	0.995036	-0.0994056	0.0917193	0.0994066	0.990811	1.20512	1.30285	26.1445	
0.995431	-0.00494068	-0.0953575	-0.00496645	0.99463	-0.103378	0.0953561	0.10338	0.990061	1.30324	1.40921	27.1834	
0.995074	-0.0053275	-0.0989908	-0.00535636	0.994207	-0.107349	0.0989893	0.107351	0.989281	1.40518	1.51974	28.2216	
0.994704	-0.0057288	-0.10262	-0.00576098	0.993768	-0.111319	0.102618	0.11132	0.988472	1.51092	1.63443	29.2589	
0.994321	-0.00614455	-0.106246	-0.0061803	0.993313	-0.115286	0.106244	0.115288	0.987634	1.62047	1.75328	30.2954	
0.993925	-0.00657473	-0.109867	-0.00661431	0.992842	-0.119251	0.109865	0.119253	0.986767	1.73381	1.8763	31.3309	
0.993515	-0.00701933	-0.113484	-0.00706299	0.992355	-0.123214	0.113481	0.123217	0.98587	1.85096	2.00347	32.3656	
0.993092	-0.00747832	-0.117097	-0.00752634	0.991852	-0.127175	0.117094	0.127177	0.984944	1.97189	2.13481	33.3993	
0.992657	-0.00795168	-0.120705	-0.00800434	0.991333	-0.131132	0.120701	0.131136	0.983989	2.09662	2.27029	34.432	
0.992208	-0.00843938	-0.124308	-0.00849698	0.990797	-0.135087	0.124304	0.135091	0.983005	2.22512	2.40992	35.4636	
0.991746	-0.00894142	-0.127907	-0.00900423	0.990246	-0.13904	0.127902	0.139044	0.981992	2.3574	2.55371	36.4943	
0.991271	-0.00945774	-0.1315	-0.00952608	0.989678	-0.142989	0.131496	0.142993	0.980949	2.49346	2.70163	37.5238	
0.990783	-0.00998835	-0.135089	-0.0100625	0.989095	-0.146934	0.135083	0.146939	0.979878	2.63328	2.8537	38.5523	
0.990282	-0.0105332	-0.138672	-0.0106135	0.988496	-0.150877	0.138666	0.150882	0.978778	2.77686	3.00991	39.5796	
0.989769	-0.0110923	-0.14225	-0.0111791	0.98788	-0.154816	0.142243	0.154822	0.977649	2.92419	3.17025	40.6057	
0.989242	-0.0116655	-0.145822	-0.0117592	0.987249	-0.158751	0.145815	0.158758	0.976491	3.07528	3.33472	41.6307	
0.988703	-0.0122529	-0.149389	-0.0123538	0.986601	-0.162682	0.149381	0.16269	0.975304	3.23011	3.50332	42.6544	
0.98815	-0.0128545	-0.15295	-0.0129628	0.985938	-0.166609	0.152941	0.166618	0.974088	3.38867	3.67604	43.6768	
0.987585	-0.0134701	-0.156505	-0.0135863	0.985258	-0.170533	0.156495	0.170542	0.972844	3.55097	3.85288	44.698	
0.987008	-0.0140998	-0.160054	-0.0142243	0.984563	-0.174451	0.160043	0.174462	0.971571	3.71699	4.03383	45.7178	
0.986417	-0.0147435	-0.163597	-0.0148767	0.983852	-0.178366	0.163585	0.178377	0.970269	3.88674	4.21889	46.7363	
0.985814	-0.0154013	-0.167133	-0.0155434	0.983125	-0.182276	0.16712	0.182288	0.968939	4.06019	4.40806	47.7534	
0.985198	-0.0160729	-0.170663	-0.0162245	0.982382	-0.186181	0.170649	0.186194	0.96758	4.23735	4.60133	48.7691	
0.98457	-0.0167586	-0.174187	-0.01692	0.981623	-0.190081	0.174171	0.190095	0.966193	4.4182	4.79869	49.7834	
0.983929	-0.0174581	-0.177703	-0.0176297	0.980848	-0.193976	0.177686	0.193991	0.964777	4.60275	5.00014	50.7961	
0.983276	-0.0181714	-0.181213	-0.0183537	0.980057	-0.197865	0.181195	0.197882	0.963333	4.79098	5.20568	51.8074	
0.98261	-0.0188986	-0.184716	-0.0190919	0.979251	-0.20175	0.184696	0.201768	0.961861	4.98289	5.41529	52.8172	
0.981932	-0.0196395	-0.188212	-0.0198444	0.978429	-0.205628	0.18819	0.205648	0.960361	5.17847	5.62898	53.8254	
0.981242	-0.0203942	-0.1917	-0.020611	0.977591	-0.209501	0.191677	0.209523	0.958833	5.37771	5.84674	54.832	
0.980539	-0.0211625	-0.195181	-0.0213917	0.976738	-0.213369	0.195156	0.213392	0.957276	5.5806	6.06855	55.837	
0.979824	-0.0219445	-0.198655	-0.0221865	0.975868	-0.21723	0.198628	0.217254	0.955692	5.78714	6.29443	56.8403	
0.979096	-0.0227401	-0.202121	-0.0229954	0.974983	-0.221085	0.202092	0.221111	0.95408	5.99732	6.52435	57.842	
0.978357	-0.0235492	-0.205579	-0.0238184	0.974083	-0.224934	0.205548	0.224962	0.95244	6.21112	6.75831	58.842	
0.977605	-0.0243719	-0.20903	-0.0246553	0.973167	-0.228776	0.208997	0.228807	0.950772	6.42855	6.99631	59.8402	
0.976842	-0.025208	-0.212472	-0.0255062	0.972235	-0.232612	0.212437	0.232644	0.949077	6.64959	7.23834	60.8367	
0.976066	-0.0260576	-0.215907	-0.0263709	0.971288	-0.236441	0.215869	0.236476	0.947354	6.87423	7.48439	61.8313	
0.975279	-0.0269205	-0.219333	-0.0272496	0.970325	-0.240263	0.219292	0.2403	0.945604	7.10247	7.73446	62.8242	
0.974479	-0.0277967	-0.22275	-0.028142	0.969347	-0.244078	0.222707	0.244118	0.943826	7.3343	7.98853	63.8152	
0.973668	-0.0286862	-0.226159	-0.0290483	0.968354	-0.247886	0.226113	0.247928	0.942021	7.56971	8.24661	64.8043	
0.972845	-0.0295889	-0.22956	-0.0299683	0.967345	-0.251687	0.229511	0.251731	0.940189	7.80868	8.50868	65.7915	
0.97201	-0.0305048	-0.232952	-0.030902	0.96632	-0.25548	0.232899	0.255527	0.93833	8.05121	8.77474	66.7768	
0.970429	-0.0322206	-0.239228	-0.0313097	0.965878	-0.257098	0.239349	0.256986	0.936307	8.2989	9.04355	67.76	
0.968805	-0.0339456	-0.245488	-0.0317287	0.965433	-0.258714	0.245785	0.258432	0.934239	8.55335	9.31388	68.7411	
0.967139	-0.0356796	-0.251732	-0.0321589	0.964985	-0.260326	0.252206	0.259867	0.932127	8.81455	9.58573	69.72	
0.961626	-0.0409677	-0.271287	-0.0280323	0.968943	-0.245688	0.272927	0.243865	0.930613	9.08999	9.84995	70.6971	
0.95568	-0.0459181	-0.290803	-0.0235816	0.972649	-0.23108	0.29346	0.227696	0.928459	9.38708	10.0973	71.6722	
0.949306	-0.0505273	-0.310268	-0.0188098	0.976099	-0.21651	0.313792	0.21137	0.925666	9.7056	10.3276	72.6447	
0.942506	-0.0547923	-0.329667	-0.0137202	0.979292	-0.201989	0.333907	0.194899	0.922237	10.0453	10.5407	73.614	
0.935287	-0.05871	-0.348987	-0.00831621	0.982224	-0.187527	0.353793	0.178294	0.918173	10.406	10.7364	74.5794	
0.927652	-0.0622778	-0.368215	-0.00260161	0.984895	-0.173134	0.373436	0.161566	0.913478	10.7875	10.9147	75.5401	
0.919608	-0.0654933	-0.387339	0.00341968	0.987302	-0.158819	0.392822	0.144727	0.908155	11.1894	11.0754	76.4956	
0.91116	-0.0683541	-0.406344	0.00974351	0.989443	-0.144593	0.411937	0.127788	0.902207	11.6115	11.2183	77.4452	
0.902313	-0.0708584	-0.425217	0.0163655	0.991318	-0.130466	0.43077	0.110762	0.895639	12.0536	11.3434	78.3882	
0.893074	-0.0730044	-0.443946	0.0232812	0.992924	-0.116446	0.449306	0.0936596	0.888455	12.5152	11.4507	79.324	
0.88345	-0.0747906	-0.462518	0.0304858	0.994261	-0.102545	0.467533	0.0764927	0.88066	12.9961	11.5399	80.2519	
0.873445	-0.0762158	-0.48092	0.0379743	0.995328	-0.08877	0.485439	0.0592732	0.872259	13.4959	11.6111	81.1714	
0.863069	-0.0772791	-0.499139	0.0457416	0.996124	-0.0751323	0.503011	0.0420129	0.863258	14.0144	11.6642	82.0817	
0.852327	-0.0779797	-0.517163	0.0537823	0.996648	-0.0616406	0.520237	0.0247237	0.853664	14.5511	11.6993	82.9823	
0.841227	-0.0783171	-0.53498	0.0620909	0.996901	-0.0483044	0.537105	0.00741756	0.843483	15.1057	11.7161	83.8725	
0.829777	-0.0782911	-0.552576	0.0706618	0.996881	-0.0351327	0.553604	-0.00989372	0.832721	15.6778	11.7148	84.7517	
0.817984	-0.0779018	-0.569941	0.0794889	0.99659	-0.0221346	0.569722	-0.0271982	0.821387	16.267	11.6954	85.6193	
0.805858	-0.0771492	-0.587062	0.0885663	0.996027	-0.00931913	0.585448	-0.044484	0.809489	16.873	11.6578	86.4747	
0.793405	-0.0760341	-0.603927	0.0978876	0.995192	0.00330498	0.600772	-0.0617392	0.797033	17.4952	11.602	87.3174	
0.780635	-0.0745572	-0.620525	0.107447	0.994086	0.015729	0.615682	-0.0789519	0.784029	18.1332	11.5282	88.1467	
0.767556	-0.0727194	-0.636844	0.117237	0.992711	0.0279445	0.630169	-0.0961103	0.770486	18.7867	11.4364	88.9621	
0.754177	-0.0705221	-0.652873	0.127251	0.991066	0.0399429	0.644223	-0.113203	0.756414	19.4552	11.3266	89.763	
0.740509	-0.0679667	-0.668601	0.137482	0.989153	0.0517161	0.657834	-0.130217	0.741821	20.1381	11.1989	90.5489	
0.726559	-0.065055	-0.684018	0.147924	0.986974	0.063256	0.670992	-0.147142	0.726718	20.8351	11.0535	91.3191	
0.712338	-0.061789	-0.699112	0.15857	0.984529	0.0745545	0.683689	-0.163966	0.711115	21.5457	10.8903	92.0733	
0.697855	-0.058171	-0.713873	0.169411	0.981821	0.085604	0.695916	-0.180677	0.695023	22.2693	10.7095	92.8109	
0.68312	-0.0542034	-0.728292	0.18044	0.978851	0.0963968	0.707664	-0.197264	0.678453	23.0055	10.5113	93.5313	
0.668144	-0.049889	-0.742358	0.19165	0.975621	0.106926	0.718926	-0.213715	0.661417	23.7538	10.2957	94.2341	
0.652937	-0.0452308	-0.756061	0.203033	0.972135	0.117183	0.729693	-0.230019	0.643925	24.5137	10.063	94.9188	
0.637508	-0.0402319	-0.769392	0.214582	0.968393	0.127162	0.739958	-0.246165	0.625991	25.2845	9.81318	95.5849	
0.62187	-0.0348958	-0.782343	0.226288	0.964398	0.136856	0.749714	-0.262141	0.607627	26.0659	9.54656	96.2319	
