1	0	0	0	1	0	0	0	1	0	0	0	
0.999999	6.65672e-07	-0.00154437	6.65672e-07	1	0.00086206	0.00154437	-0.00086206	0.999998	0.00064076	-0.000357668	0.829798	
0.999995	2.66861e-06	-0.00309206	2.66901e-06	0.999999	0.00172623	0.00309206	-0.00172623	0.999994	0.00256441	-0.00143155	1.65959	
0.999989	6.01768e-06	-0.004643	6.0193e-06	0.999997	0.00259248	0.004643	-0.00259248	0.999986	0.00577368	-0.00322338	2.48938	
0.999981	1.07216e-05	-0.00619715	1.07257e-05	0.999994	0.00346079	0.00619715	-0.00346079	0.999975	0.0102713	-0.00573487	3.31916	
0.99997	1.6789e-05	-0.00775445	1.67971e-05	0.999991	0.00433112	0.00775445	-0.00433112	0.999961	0.0160598	-0.00896773	4.14894	
0.999957	2.42282e-05	-0.00931486	2.42426e-05	0.999986	0.00520345	0.00931486	-0.00520345	0.999943	0.0231418	-0.0129236	4.97869	
0.999941	3.30477e-05	-0.0108783	3.30706e-05	0.999982	0.00607775	0.0108783	-0.00607775	0.999922	0.0315199	-0.0176042	5.80844	
0.999923	4.32554e-05	-0.0124448	4.32899e-05	0.999976	0.006954	0.0124448	-0.006954	0.999898	0.0411967	-0.023011	6.63816	
0.999902	5.48594e-05	-0.0140142	5.49088e-05	0.999969	0.00783216	0.0140142	-0.00783216	0.999871	0.0521744	-0.0291458	7.46786	
0.999879	6.78676e-05	-0.0155865	6.79356e-05	0.999962	0.0087122	0.0155865	-0.0087122	0.999841	0.0644557	-0.03601	8.29754	
0.999853	8.22875e-05	-0.0171616	8.23784e-05	0.999954	0.0095941	0.0171616	-0.0095941	0.999807	0.0780428	-0.0436053	9.12719	
0.999824	9.81268e-05	-0.0187395	9.82452e-05	0.999945	0.0104778	0.0187395	-0.0104778	0.999769	0.0929382	-0.0519331	9.95682	
0.999794	0.000115393	-0.0203202	0.000115544	0.999935	0.0113634	0.0203202	-0.0113634	0.999729	0.109144	-0.060995	10.7864	
0.99976	0.000134093	-0.0219035	0.000134282	0.999925	0.0122507	0.0219035	-0.0122507	0.999685	0.126663	-0.0707925	11.616	
0.999724	0.000154234	-0.0234895	0.000154467	0.999914	0.0131397	0.0234895	-0.0131397	0.999638	0.145496	-0.0813269	12.4455	
0.999685	0.000175823	-0.025078	0.000176106	0.999902	0.0140305	0.025078	-0.0140305	0.999587	0.165647	-0.0925998	13.275	
0.999644	0.000198866	-0.0266691	0.000199207	0.999889	0.0149229	0.0266691	-0.0149229	0.999533	0.187116	-0.104613	14.1044	
0.999601	0.000223371	-0.0282626	0.000223777	0.999875	0.015817	0.0282626	-0.015817	0.999475	0.209908	-0.117367	14.9338	
0.999554	0.000249343	-0.0298586	0.000249822	0.99986	0.0167127	0.0298586	-0.0167128	0.999414	0.234022	-0.130863	15.7631	
0.999505	0.00027679	-0.0314569	0.000277349	0.999845	0.0176101	0.0314569	-0.0176101	0.99935	0.259462	-0.145104	16.5924	
0.999453	0.000305716	-0.0330575	0.000306365	0.999829	0.018509	0.0330575	-0.018509	0.999282	0.286229	-0.160089	17.4216	
0.999399	0.000336129	-0.0346604	0.000336876	0.999812	0.0194094	0.0346604	-0.0194094	0.999211	0.314325	-0.175822	18.2508	
0.999342	0.000368033	-0.0362655	0.000368888	0.999794	0.0203114	0.0362655	-0.0203114	0.999136	0.343752	-0.192302	19.0799	
0.999282	0.000401435	-0.0378728	0.000402408	0.999775	0.0212148	0.0378728	-0.0212148	0.999057	0.374512	-0.209531	19.909	
0.99922	0.00043634	-0.0394821	0.000437441	0.999755	0.0221197	0.0394821	-0.0221197	0.998975	0.406606	-0.22751	20.7379	
0.999155	0.000472752	-0.0410935	0.000473994	0.999735	0.023026	0.0410935	-0.023026	0.99889	0.440037	-0.246241	21.5669	
0.999088	0.000510678	-0.0427069	0.000512071	0.999713	0.0239337	0.0427069	-0.0239338	0.998801	0.474806	-0.265725	22.3957	
0.999017	0.000550123	-0.0443222	0.000551678	0.999691	0.0248428	0.0443222	-0.0248428	0.998708	0.510914	-0.285962	23.2245	
0.998944	0.00059109	-0.0459395	0.000592821	0.999668	0.0257532	0.0459394	-0.0257533	0.998612	0.548364	-0.306955	24.0531	
0.998868	0.000633585	-0.0475585	0.000635505	0.999644	0.0266649	0.0475585	-0.026665	0.998512	0.587156	-0.328703	24.8818	
0.99879	0.000677612	-0.0491793	0.000679734	0.999619	0.0275779	0.0491793	-0.027578	0.998409	0.627292	-0.351208	25.7103	
0.998708	0.000723175	-0.0508019	0.000725513	0.999594	0.0284922	0.0508019	-0.0284923	0.998302	0.668774	-0.374472	26.5387	
0.998625	0.000770279	-0.0524261	0.000772846	0.999567	0.0294077	0.0524261	-0.0294077	0.998192	0.711603	-0.398494	27.3671	
0.998538	0.000818927	-0.054052	0.000821739	0.99954	0.0303243	0.0540519	-0.0303244	0.998078	0.755781	-0.423277	28.1953	
0.998448	0.000869124	-0.0556794	0.000872196	0.999511	0.0312421	0.0556793	-0.0312422	0.99796	0.801308	-0.448821	29.0235	
0.998356	0.000920872	-0.0573083	0.00092422	0.999482	0.0321611	0.0573082	-0.0321612	0.997838	0.848187	-0.475127	29.8515	
0.998261	0.000974175	-0.0589387	0.000977815	0.999452	0.0330811	0.0589386	-0.0330812	0.997713	0.896418	-0.502196	30.6795	
0.998163	0.00102904	-0.0605704	0.00103299	0.999421	0.0340022	0.0605704	-0.0340024	0.997585	0.946002	-0.530029	31.5073	
0.998063	0.00108546	-0.0622036	0.00108973	0.999389	0.0349244	0.0622035	-0.0349245	0.997452	0.99694	-0.558627	32.335	
0.99796	0.00114345	-0.063838	0.00114807	0.999357	0.0358476	0.0638379	-0.0358477	0.997316	1.04923	-0.58799	33.1627	
0.997854	0.001203	-0.0654737	0.00120798	0.999323	0.0367717	0.0654736	-0.0367719	0.997177	1.10289	-0.61812	33.9902	
0.997745	0.00126413	-0.0671105	0.00126949	0.999288	0.0376968	0.0671104	-0.037697	0.997033	1.1579	-0.649017	34.8176	
0.997633	0.00132682	-0.0687485	0.00133258	0.999253	0.0386228	0.0687484	-0.038623	0.996886	1.21426	-0.680682	35.6449	
0.997519	0.00139109	-0.0703876	0.00139727	0.999217	0.0395497	0.0703875	-0.03955	0.996735	1.27199	-0.713116	36.472	
0.997402	0.00145694	-0.0720277	0.00146356	0.999179	0.0404775	0.0720276	-0.0404778	0.996581	1.33108	-0.746319	37.299	
0.997282	0.00152437	-0.0736688	0.00153144	0.999141	0.0414061	0.0736686	-0.0414064	0.996423	1.39153	-0.780293	38.1259	
0.997159	0.00159337	-0.0753108	0.00160093	0.999102	0.0423355	0.0753106	-0.0423358	0.996261	1.45334	-0.815038	38.9527	
0.997033	0.00166396	-0.0769536	0.00167202	0.999062	0.0432657	0.0769535	-0.043266	0.996095	1.51651	-0.850554	39.7793	
0.996905	0.00173613	-0.0785973	0.00174471	0.999021	0.0441966	0.0785971	-0.044197	0.995926	1.58105	-0.886842	40.6058	
0.996774	0.00180988	-0.0802418	0.00181901	0.99898	0.0451283	0.0802416	-0.0451286	0.995753	1.64695	-0.923903	41.4322	
0.99664	0.00188522	-0.0818869	0.00189491	0.998937	0.0460606	0.0818867	-0.046061	0.995577	1.71422	-0.961738	42.2584	
0.996503	0.00196214	-0.0835327	0.00197243	0.998893	0.0469935	0.0835325	-0.046994	0.995396	1.78285	-1.00035	43.0844	
0.996364	0.00204065	-0.0851791	0.00205155	0.998849	0.0479271	0.0851789	-0.0479276	0.995212	1.85285	-1.03973	43.9103	
0.996221	0.00212074	-0.0868261	0.00213229	0.998803	0.0488613	0.0868258	-0.0488618	0.995025	1.92421	-1.07989	44.7361	
0.996076	0.00220242	-0.0884735	0.00221464	0.998757	0.049796	0.0884732	-0.0497966	0.994833	1.99695	-1.12082	45.5617	
0.995928	0.00228569	-0.0901214	0.00229859	0.99871	0.0507313	0.0901211	-0.0507319	0.994638	2.07104	-1.16253	46.3871	
0.996016	0.00223479	-0.0891472	0.00252045	0.998581	0.0531932	0.0891396	-0.053206	0.994597	2.14542	-1.20565	47.2124	
0.996103	0.00218161	-0.0881758	0.00274024	0.998446	0.0556591	0.0881602	-0.0556838	0.994549	2.21898	-1.25083	48.0377	
0.996188	0.00212616	-0.087207	0.00295794	0.998305	0.0581286	0.0871828	-0.058165	0.994493	2.29173	-1.29807	48.863	
0.996272	0.00206844	-0.0862408	0.00317354	0.998157	0.0606017	0.0862073	-0.0606495	0.994429	2.36367	-1.34736	49.6882	
0.996355	0.00200846	-0.0852772	0.00338703	0.998003	0.0630782	0.0852336	-0.0631372	0.994359	2.4348	-1.39872	50.5133	
0.996437	0.00194623	-0.0843161	0.00359838	0.997842	0.065558	0.0842618	-0.0656278	0.99428	2.50512	-1.45215	51.3384	
0.996518	0.00188175	-0.0833574	0.00380759	0.997675	0.0680409	0.0832916	-0.0681213	0.994194	2.57464	-1.50764	52.1634	
0.996598	0.00181501	-0.082401	0.00401465	0.997502	0.0705267	0.0823232	-0.0706175	0.994101	2.64336	-1.5652	52.9884	
0.996676	0.00174604	-0.081447	0.00421953	0.997322	0.0730152	0.0813564	-0.0731162	0.994	2.71127	-1.62484	53.8132	
0.996754	0.00167482	-0.0804952	0.00442223	0.997136	0.0755065	0.0803911	-0.0756173	0.993891	2.77838	-1.68655	54.638	
0.99683	0.00160137	-0.0795455	0.00462274	0.996943	0.0780001	0.0794272	-0.0781206	0.993775	2.84468	-1.75033	55.4627	
0.996905	0.00152569	-0.078598	0.00482104	0.996743	0.0804961	0.0784648	-0.0806259	0.993651	2.91019	-1.8162	56.2873	
0.996979	0.00144777	-0.0776525	0.00501711	0.996537	0.0829943	0.0775038	-0.0831332	0.99352	2.9749	-1.88414	57.1117	
0.997053	0.00136763	-0.076709	0.00521095	0.996325	0.0854945	0.076544	-0.0856422	0.993381	3.03882	-1.95416	57.9361	
0.997125	0.00128525	-0.0757674	0.00540255	0.996106	0.0879965	0.0755855	-0.0881528	0.993235	3.10194	-2.02627	58.7603	
0.997196	0.00120065	-0.0748276	0.00559189	0.995881	0.0905002	0.0746281	-0.0906648	0.993081	3.16426	-2.10046	59.5845	
0.997266	0.00111382	-0.0738897	0.00577896	0.995649	0.0930054	0.0736717	-0.0931781	0.99292	3.22579	-2.17674	60.4084	
0.997335	0.00102477	-0.0729534	0.00596375	0.99541	0.095512	0.0727165	-0.0956925	0.992751	3.28653	-2.2551	61.2323	
0.997403	0.000933489	-0.0720188	0.00614625	0.995165	0.0980198	0.0717621	-0.0982079	0.992575	3.34647	-2.33555	62.056	
0.99747	0.000839981	-0.0710858	0.00632646	0.994914	0.100529	0.0708087	-0.100724	0.992391	3.40562	-2.41809	62.8796	
0.997536	0.000744245	-0.0701542	0.00650435	0.994656	0.103038	0.069856	-0.103241	0.9922	3.46398	-2.50271	63.703	
0.997601	0.000646279	-0.0692242	0.00667991	0.994392	0.105549	0.0689041	-0.105758	0.992002	3.52156	-2.58943	64.5262	
0.997665	0.000546082	-0.0682955	0.00685315	0.994121	0.10806	0.067953	-0.108276	0.991796	3.57834	-2.67823	65.3493	
0.997728	0.00044365	-0.0673681	0.00702405	0.993843	0.110572	0.0670024	-0.110794	0.991582	3.63433	-2.76912	66.1722	
0.99779	0.00033898	-0.0664419	0.00719259	0.993559	0.113084	0.0660524	-0.113312	0.991361	3.68954	-2.8621	66.9949	
0.997851	0.000232071	-0.065517	0.00735878	0.993269	0.115596	0.0651028	-0.115829	0.991133	3.74395	-2.95717	67.8175	
0.997912	0.000122918	-0.0645931	0.0075226	0.992972	0.118108	0.0641537	-0.118347	0.990898	3.79758	-3.05433	68.6398	
0.997971	1.15159e-05	-0.0636703	0.00768403	0.992669	0.120619	0.0632049	-0.120864	0.990655	3.85042	-3.15358	69.4619	
0.998029	-0.000102139	-0.0627485	0.00784309	0.992359	0.123131	0.0622564	-0.12338	0.990405	3.90247	-3.25492	70.2839	
0.998087	-0.000218051	-0.0618275	0.00799974	0.992043	0.125642	0.0613082	-0.125896	0.990147	3.95374	-3.35834	71.1056	
0.999016	-0.00254536	-0.0442702	0.00856374	0.990631	0.136295	0.0435085	-0.13654	0.989679	3.99723	-3.46723	71.9271	
0.99963	-0.00506093	-0.026725	0.00893608	0.989105	0.14694	0.0256902	-0.147125	0.988784	4.02594	-3.58493	72.748	
0.999928	-0.00776367	-0.00919943	0.00911661	0.987465	0.157574	0.00786076	-0.157647	0.987464	4.03986	-3.71138	73.5679	
0.999909	-0.0106524	0.00829897	0.00910525	0.985712	0.168191	-0.00997204	-0.168101	0.985719	4.03899	-3.84654	74.3866	
0.999574	-0.013726	0.0257627	0.008902	0.983847	0.178788	-0.0278006	-0.178482	0.98355	4.02332	-3.99034	75.2037	
0.998923	-0.0169829	0.0431841	0.00850696	0.981871	0.189358	-0.0456171	-0.188787	0.980958	3.99285	-4.14272	76.0188	
0.997956	-0.020422	0.0605559	0.00792029	0.979785	0.199899	-0.063414	-0.19901	0.977944	3.94761	-4.30363	76.8316	
0.996674	-0.0240416	0.0778704	0.00714224	0.977588	0.210404	-0.0811836	-0.209148	0.974508	3.88762	-4.47298	77.6417	
0.995076	-0.0278402	0.0951203	0.00617315	0.975284	0.220871	-0.0989183	-0.219196	0.970654	3.81289	-4.6507	78.4488	
0.993165	-0.0318161	0.112298	0.00501344	0.972871	0.231294	-0.11661	-0.22915	0.966381	3.72347	-4.83673	79.2525	
0.99094	-0.0359678	0.129396	0.00366361	0.970352	0.241668	-0.134252	-0.239005	0.961693	3.61938	-5.03097	80.0525	
0.988403	-0.0402933	0.146408	0.00212423	0.967728	0.25199	-0.151837	-0.248757	0.956591	3.50068	-5.23335	80.8484	
0.985555	-0.0447908	0.163325	0.000395966	0.964999	0.262255	-0.169355	-0.258402	0.951077	3.36741	-5.44378	81.6399	
