1	0	0	0	1	0	0	0	1	0	0	0	
1	3.60797e-13	4.844e-07	3.60797e-13	1	-1.48972e-06	-4.844e-07	1.48972e-06	1	-2.39501e-07	7.36557e-07	0.988889	
1	1.72407e-12	1.05887e-06	1.72409e-12	1	-3.25648e-06	-1.05887e-06	3.25648e-06	1	-1.00256e-06	3.08329e-06	1.97778	
1	4.56705e-12	1.72338e-06	4.56715e-12	1	-5.30019e-06	-1.72338e-06	5.30019e-06	1	-2.37823e-06	7.31408e-06	2.96667	
1	9.44146e-12	2.47788e-06	9.44174e-12	1	-7.62073e-06	-2.47788e-06	7.62073e-06	1	-4.45551e-06	1.37027e-05	3.95556	
1	1.69734e-11	3.32233e-06	1.69741e-11	1	-1.0218e-05	-3.32233e-06	1.0218e-05	1	-7.3234e-06	2.2523e-05	4.94444	
1	2.78632e-11	4.25668e-06	2.78645e-11	1	-1.30918e-05	-4.25668e-06	1.30918e-05	1	-1.10708e-05	3.40484e-05	5.93333	
1	4.28852e-11	5.28088e-06	4.28874e-11	1	-1.62421e-05	-5.28088e-06	1.62421e-05	1	-1.57866e-05	4.85524e-05	6.92222	
1	6.28873e-11	6.39487e-06	6.2891e-11	1	-1.96686e-05	-6.39487e-06	1.96686e-05	1	-2.15596e-05	6.63083e-05	7.91111	
1	8.87912e-11	7.59859e-06	8.87972e-11	1	-2.33712e-05	-7.59859e-06	2.33712e-05	1	-2.84786e-05	8.75891e-05	8.9	
1	1.21592e-10	8.89198e-06	1.21601e-10	1	-2.73497e-05	-8.89198e-06	2.73497e-05	1	-3.66323e-05	0.000112668	9.88889	
1	1.62358e-10	1.02749e-05	1.62371e-10	1	-3.16039e-05	-1.02749e-05	3.16039e-05	1	-4.61093e-05	0.000141817	10.8778	
1	2.12229e-10	1.17474e-05	2.12248e-10	1	-3.61336e-05	-1.17474e-05	3.61336e-05	1	-5.69981e-05	0.000175309	11.8667	
1	2.7242e-10	1.33094e-05	2.72446e-10	1	-4.09385e-05	-1.33094e-05	4.09385e-05	1	-6.93873e-05	0.000213417	12.8556	
1	3.44215e-10	1.49607e-05	3.4425e-10	1	-4.60184e-05	-1.49607e-05	4.60184e-05	1	-8.33653e-05	0.000256413	13.8444	
1	4.28972e-10	1.67012e-05	4.29019e-10	1	-5.1373e-05	-1.67012e-05	5.1373e-05	1	-9.90203e-05	0.000304567	14.8333	
1	5.2812e-10	1.85309e-05	5.28182e-10	1	-5.70021e-05	-1.85309e-05	5.70021e-05	1	-0.000116441	0.000358153	15.8222	
1	6.4316e-10	2.04497e-05	6.43239e-10	1	-6.29054e-05	-2.04497e-05	6.29054e-05	1	-0.000135714	0.00041744	16.8111	
1	7.75661e-10	2.24575e-05	7.75762e-10	1	-6.90826e-05	-2.24575e-05	6.90826e-05	1	-0.00015693	0.000482701	17.8	
1	9.27266e-10	2.45542e-05	9.27393e-10	1	-7.55334e-05	-2.45542e-05	7.55334e-05	1	-0.000180174	0.000554206	18.7889	
1	1.09969e-09	2.67396e-05	1.09984e-09	1	-8.22574e-05	-2.67396e-05	8.22574e-05	1	-0.000205536	0.000632224	19.7778	
1	1.2947e-09	2.90137e-05	1.2949e-09	1	-8.92544e-05	-2.90137e-05	8.92544e-05	1	-0.000233103	0.000717027	20.7667	
1	1.51416e-09	3.13763e-05	1.5144e-09	1	-9.65239e-05	-3.13763e-05	9.65239e-05	1	-0.000262963	0.000808885	21.7556	
1	1.75998e-09	3.38273e-05	1.76027e-09	1	-0.000104066	-3.38273e-05	0.000104066	1	-0.000295202	0.000908065	22.7444	
1	2.03416e-09	3.63666e-05	2.03451e-09	1	-0.000111879	-3.63666e-05	0.000111879	1	-0.000329909	0.00101484	23.7333	
1	2.33874e-09	3.8994e-05	2.33915e-09	1	-0.000119964	-3.8994e-05	0.000119964	1	-0.000367171	0.00112947	24.7222	
1	2.67584e-09	4.17095e-05	2.67634e-09	1	-0.00012832	-4.17095e-05	0.00012832	1	-0.000407074	0.00125223	25.7111	
1	3.04766e-09	4.45128e-05	3.04824e-09	1	-0.000136947	-4.45128e-05	0.000136947	1	-0.000449706	0.00138339	26.7	
1	3.45645e-09	4.74039e-05	3.45713e-09	1	-0.000145844	-4.74039e-05	0.000145844	1	-0.000495154	0.00152322	27.6889	
1	3.90452e-09	5.03826e-05	3.90532e-09	1	-0.000155011	-5.03826e-05	0.000155011	1	-0.000543504	0.00167197	28.6778	
1	4.39427e-09	5.34487e-05	4.3952e-09	1	-0.000164447	-5.34487e-05	0.000164447	1	-0.000594843	0.00182993	29.6667	
1	4.92814e-09	5.66021e-05	4.92921e-09	1	-0.000174152	-5.66021e-05	0.000174152	1	-0.000649257	0.00199735	30.6556	
1	5.50864e-09	5.98427e-05	5.50987e-09	1	-0.000184125	-5.98427e-05	0.000184125	1	-0.000706832	0.00217449	31.6444	
1	6.13835e-09	6.31701e-05	6.13977e-09	1	-0.000194366	-6.31701e-05	0.000194366	1	-0.000767655	0.00236164	32.6333	
1	6.81991e-09	6.65844e-05	6.82153e-09	1	-0.000204874	-6.65844e-05	0.000204874	1	-0.000831812	0.00255904	33.6222	
1	7.55601e-09	7.00853e-05	7.55785e-09	1	-0.00021565	-7.00853e-05	0.00021565	1	-0.000899387	0.00276696	34.6111	
1	8.34943e-09	7.36726e-05	8.35151e-09	1	-0.000226691	-7.36726e-05	0.000226691	1	-0.000970468	0.00298568	35.6	
1	9.20297e-09	7.73462e-05	9.20533e-09	1	-0.000237999	-7.73462e-05	0.000237999	1	-0.00104514	0.00321544	36.5889	
1	1.01195e-08	8.11059e-05	1.01222e-08	1	-0.000249571	-8.11059e-05	0.000249571	1	-0.00112348	0.00345652	37.5778	
1	1.1102e-08	8.49515e-05	1.1105e-08	1	-0.000261408	-8.49515e-05	0.000261408	1	-0.00120559	0.00370917	38.5667	
1	1.21535e-08	8.88827e-05	1.21568e-08	1	-0.00027351	-8.88827e-05	0.00027351	1	-0.00129154	0.00397366	39.5556	
1	1.32769e-08	9.28995e-05	1.32807e-08	1	-0.000285875	-9.28995e-05	0.000285875	1	-0.00138142	0.00425024	40.5444	
1	1.44755e-08	9.70015e-05	1.44797e-08	1	-0.000298502	-9.70015e-05	0.000298502	1	-0.00147532	0.00453918	41.5333	
1	1.57523e-08	0.000101189	1.5757e-08	1	-0.000311392	-0.000101189	0.000311392	1	-0.00157331	0.00484074	42.5222	
1	1.71107e-08	0.000105461	1.71159e-08	1	-0.000324544	-0.000105461	0.000324544	1	-0.00167549	0.00515518	43.5111	
1	1.85539e-08	0.000109817	1.85596e-08	1	-0.000337956	-0.000109817	0.000337956	1	-0.00178193	0.00548274	44.5	
1	2.00851e-08	0.000114258	2.00915e-08	1	-0.000351629	-0.000114258	0.000351629	1	-0.00189272	0.00582371	45.4889	
1	2.17079e-08	0.000118784	2.17149e-08	1	-0.000365561	-0.000118784	0.000365561	1	-0.00200795	0.00617832	46.4778	
1	2.34256e-08	0.000123393	2.34333e-08	1	-0.000379753	-0.000123393	0.000379753	1	-0.00212769	0.00654683	47.4667	
1	2.52417e-08	0.000128086	2.52502e-08	1	-0.000394202	-0.000128086	0.000394202	1	-0.00225204	0.00692951	48.4556	
1	2.71598e-08	0.000132863	2.71691e-08	1	-0.00040891	-0.000132863	0.00040891	1	-0.00238106	0.00732661	49.4444	
1	2.91835e-08	0.000137723	2.91936e-08	1	-0.000423874	-0.000137723	0.000423874	1	-0.00251485	0.00773837	50.4333	
1	3.13163e-08	0.000142666	3.13274e-08	1	-0.000439094	-0.000142666	0.000439094	1	-0.00265349	0.00816506	51.4222	
1	3.3562e-08	0.000147692	3.35741e-08	1	-0.000454569	-0.000147692	0.000454569	1	-0.00279705	0.00860693	52.4111	
1	3.59243e-08	0.0001528	3.59375e-08	1	-0.000470299	-0.0001528	0.000470299	1	-0.00294563	0.00906422	53.4	
1	3.8407e-08	0.000157991	3.84213e-08	1	-0.000486283	-0.000157991	0.000486283	1	-0.0030993	0.0095372	54.3889	
1	4.10138e-08	0.000163264	4.10294e-08	1	-0.00050252	-0.000163264	0.00050252	1	-0.00325814	0.0100261	55.3778	
1	4.37488e-08	0.000168618	4.37657e-08	1	-0.000519009	-0.000168618	0.000519009	1	-0.00342224	0.0105312	56.3667	
1	4.66156e-08	0.000174054	4.6634e-08	1	-0.00053575	-0.000174054	0.00053575	1	-0.00359167	0.0110527	57.3556	
1	4.96184e-08	0.000179572	4.96382e-08	1	-0.000552741	-0.000179572	0.000552741	1	-0.00376652	0.0115909	58.3444	
1	5.27611e-08	0.00018517	5.27825e-08	1	-0.000569982	-0.00018517	0.000569982	1	-0.00394686	0.012146	59.3333	
1	5.60477e-08	0.000190849	5.60708e-08	1	-0.000587473	-0.000190849	0.000587473	1	-0.00413278	0.0127183	60.3222	
1	5.94823e-08	0.000196608	5.95072e-08	1	-0.000605211	-0.000196608	0.000605211	1	-0.00432436	0.0133081	61.3111	
1	6.3069e-08	0.000202448	6.30958e-08	1	-0.000623196	-0.000202448	0.000623196	1	-0.00452167	0.0139154	62.3	
1	1.18797e-06	0.000664287	1.63404e-06	0.999991	-0.00424816	-0.000664286	0.00424816	0.999991	-0.00495022	0.0163241	63.2889	
0.999999	3.98684e-06	0.00112609	4.87902e-06	0.999969	-0.00787299	-0.00112609	0.00787299	0.999968	-0.00583547	0.0223173	64.2778	
0.999999	8.45889e-06	0.00158781	9.79748e-06	0.999934	-0.0114975	-0.0015878	0.0114975	0.999933	-0.00717734	0.0318949	65.2666	
0.999998	1.46026e-05	0.00204937	1.63885e-05	0.999886	-0.0151214	-0.00204936	0.0151214	0.999884	-0.00897572	0.0450565	66.2554	
0.999997	2.24158e-05	0.00251073	2.46506e-05	0.999824	-0.0187445	-0.00251071	0.0187445	0.999821	-0.0112304	0.0618013	67.2441	
0.999996	3.18957e-05	0.00297181	3.45819e-05	0.99975	-0.0223667	-0.00297178	0.0223667	0.999745	-0.0139412	0.0821285	68.2328	
0.999994	4.30387e-05	0.00343256	4.61802e-05	0.999662	-0.0259876	-0.00343252	0.0259876	0.999656	-0.0171078	0.106037	69.2214	
0.999992	5.58406e-05	0.00389292	5.94426e-05	0.999562	-0.0296071	-0.00389287	0.0296071	0.999554	-0.0207298	0.133526	70.2099	
0.999991	7.02964e-05	0.00435283	7.43661e-05	0.999448	-0.033225	-0.00435276	0.033225	0.999438	-0.0248068	0.164593	71.1983	
0.999972	0.000211309	0.00745018	0.000219116	0.998332	-0.0577256	-0.00744995	0.0577256	0.998305	-0.0306429	0.209565	72.1861	
0.999944	0.000428239	0.0105431	0.000439779	0.996617	-0.0821909	-0.0105426	0.082191	0.996561	-0.0395396	0.27875	73.1725	
0.999907	0.000720954	0.0136296	0.00073622	0.994301	-0.106606	-0.0136288	0.106606	0.994208	-0.0514917	0.372104	74.1569	
0.99986	0.00108928	0.0167079	0.00110826	0.991388	-0.130956	-0.0167067	0.130956	0.991247	-0.0664916	0.489571	75.1386	
0.999803	0.00153298	0.0197761	0.00155566	0.987878	-0.155226	-0.0197743	0.155226	0.987681	-0.0845303	0.631079	76.1172	
0.999737	0.00205179	0.0228323	0.00207817	0.983774	-0.179401	-0.0228299	0.179401	0.983511	-0.105597	0.796542	77.0919	
0.999662	0.0026454	0.0258746	0.00267545	0.979078	-0.203466	-0.0258715	0.203466	0.97874	-0.129678	0.985858	78.0621	
0.999577	0.00331344	0.0289012	0.00334714	0.973794	-0.227407	-0.0288973	0.227407	0.973371	-0.15676	1.19891	79.0274	
0.999483	0.00405549	0.0319102	0.00409283	0.967924	-0.251209	-0.0319054	0.251209	0.967407	-0.186825	1.43557	79.987	
0.999379	0.00487112	0.0348998	0.00491207	0.961473	-0.274857	-0.0348941	0.274858	0.960851	-0.219855	1.6957	80.9405	
0.999266	0.00575982	0.0378682	0.00580435	0.954443	-0.298338	-0.0378614	0.298338	0.953709	-0.255831	1.97913	81.8872	
0.999144	0.00672104	0.0408135	0.00676913	0.946839	-0.321636	-0.0408056	0.321637	0.945983	-0.294729	2.28569	82.8265	
0.999013	0.00775421	0.043734	0.00780583	0.938667	-0.344737	-0.0437248	0.344738	0.93768	-0.336527	2.61519	83.758	
0.998873	0.00885868	0.0466279	0.00891379	0.92993	-0.367628	-0.0466174	0.367629	0.928803	-0.381198	2.96743	84.6809	
0.998724	0.0100338	0.0494933	0.0100924	0.920635	-0.390294	-0.0494814	0.390296	0.919359	-0.428716	3.3422	85.5947	
0.998566	0.0112788	0.0523286	0.0113408	0.910787	-0.412722	-0.0523152	0.412723	0.909353	-0.479051	3.73927	86.499	
0.9984	0.012593	0.055132	0.0126584	0.900391	-0.434897	-0.055117	0.434899	0.898791	-0.532173	4.15839	87.3931	
0.998224	0.0139755	0.0579017	0.0140442	0.889455	-0.456806	-0.0578851	0.456809	0.88768	-0.588049	4.59932	88.2764	
0.998041	0.0154255	0.0606362	0.0154976	0.877985	-0.478437	-0.0606179	0.478439	0.876026	-0.646646	5.06177	89.1485	
0.997849	0.0169422	0.0633338	0.0170175	0.865988	-0.499775	-0.0633136	0.499777	0.863837	-0.707926	5.54547	90.0088	
0.997648	0.0185245	0.0659927	0.018603	0.853472	-0.520807	-0.0659706	0.52081	0.85112	-0.771853	6.05012	90.8568	
0.99744	0.0201716	0.0686113	0.0202533	0.840443	-0.541521	-0.0685873	0.541524	0.837883	-0.838388	6.57541	91.692	
0.997223	0.0218824	0.0711882	0.0219672	0.82691	-0.561904	-0.0711621	0.561908	0.824133	-0.90749	7.12102	92.5138	
0.996998	0.0236558	0.0737216	0.0237437	0.812882	-0.581944	-0.0736933	0.581948	0.80988	-0.979116	7.68662	93.3218	
0.996766	0.0254909	0.07621	0.0255818	0.798367	-0.601628	-0.0761796	0.601632	0.795132	-1.05322	8.27187	94.1154	
0.996526	0.0273864	0.078652	0.0274802	0.783373	-0.620945	-0.0786193	0.620949	0.779899	-1.12977	8.8764	94.8942	
0.996278	0.0293412	0.081046	0.029438	0.76791	-0.639881	-0.0810109	0.639886	0.764188	-1.2087	9.49984	95.6577	
