1	0	0	0	1	0	0	0	1	0	0	0	
0.999991	2.84634e-06	-0.00414148	2.84634e-06	0.999999	0.00137454	0.00414148	-0.00137454	0.99999	0.00163777	-0.00054357	0.790907	
0.999966	1.13885e-05	-0.00828343	1.1392e-05	0.999996	0.00275008	0.00828343	-0.00275008	0.999962	0.00655127	-0.00217467	1.5818	
0.999923	2.56321e-05	-0.0124258	2.56459e-05	0.999991	0.00412657	0.0124258	-0.00412657	0.999914	0.0147408	-0.00489408	2.37266	
0.999863	4.55823e-05	-0.0165684	4.56169e-05	0.999985	0.00550399	0.0165684	-0.00550399	0.999848	0.0262067	-0.00870253	3.16348	
0.999785	7.12445e-05	-0.0207112	7.13136e-05	0.999976	0.00688232	0.0207112	-0.00688232	0.999762	0.0409491	-0.0136008	3.95423	
0.999691	0.000102623	-0.0248541	0.000102745	0.999966	0.00826151	0.0248541	-0.00826152	0.999657	0.0589682	-0.0195895	4.74491	
0.999579	0.000139724	-0.0289971	0.000139918	0.999954	0.00964155	0.0289971	-0.00964156	0.999533	0.0802639	-0.0266693	5.5355	
0.999451	0.000182552	-0.03314	0.000182842	0.999939	0.0110224	0.03314	-0.0110224	0.99939	0.104836	-0.034841	6.32599	
0.999305	0.00023111	-0.0372827	0.000231525	0.999923	0.012404	0.0372827	-0.012404	0.999228	0.132685	-0.0441051	7.11635	
0.999142	0.000285404	-0.0414252	0.000285974	0.999905	0.0137864	0.0414252	-0.0137864	0.999046	0.163811	-0.0544623	7.90658	
0.998961	0.000345437	-0.0455673	0.000346198	0.999885	0.0151695	0.0455673	-0.0151696	0.998846	0.198212	-0.0659131	8.69666	
0.998764	0.000411214	-0.0497091	0.000412204	0.999863	0.0165534	0.0497091	-0.0165534	0.998627	0.23589	-0.0784581	9.48657	
0.998549	0.000482739	-0.0538503	0.000483998	0.999839	0.0179378	0.0538503	-0.0179379	0.998388	0.276843	-0.0920978	10.2763	
0.998317	0.000560015	-0.0579909	0.000561589	0.999813	0.0193229	0.0579909	-0.019323	0.99813	0.321071	-0.106833	11.0658	
0.998068	0.000643046	-0.0621309	0.000644984	0.999785	0.0207086	0.0621308	-0.0207087	0.997853	0.368574	-0.122664	11.8552	
0.997801	0.000731835	-0.06627	0.000734189	0.999756	0.0220949	0.06627	-0.022095	0.997557	0.419351	-0.139591	12.6442	
0.997518	0.000826386	-0.0704083	0.000829211	0.999724	0.0234818	0.0704083	-0.0234819	0.997242	0.473401	-0.157614	13.4331	
0.997217	0.000926702	-0.0745456	0.000930057	0.99969	0.0248691	0.0745456	-0.0248692	0.996907	0.530724	-0.176735	14.2217	
0.996899	0.00103279	-0.0786819	0.00103673	0.999655	0.0262569	0.0786819	-0.0262571	0.996554	0.591318	-0.196953	15.01	
0.996564	0.00114464	-0.0828171	0.00114924	0.999617	0.0276452	0.082817	-0.0276454	0.996181	0.655184	-0.218269	15.7981	
0.996212	0.00126227	-0.0869511	0.0012676	0.999578	0.0290339	0.086951	-0.0290342	0.995789	0.722319	-0.240683	16.5858	
0.995842	0.00138567	-0.0910837	0.0013918	0.999536	0.0304231	0.0910836	-0.0304233	0.995378	0.792724	-0.264196	17.3732	
0.995456	0.00151485	-0.0952149	0.00152186	0.999493	0.0318125	0.0952148	-0.0318129	0.994948	0.866397	-0.288808	18.1603	
0.995052	0.00164981	-0.0993447	0.00165778	0.999447	0.0332023	0.0993446	-0.0332027	0.994499	0.943336	-0.314518	18.947	
0.994631	0.00179056	-0.103473	0.00179956	0.9994	0.0345925	0.103473	-0.0345929	0.994031	1.02354	-0.341329	19.7334	
0.994192	0.00193709	-0.107599	0.00194721	0.999351	0.0359828	0.107599	-0.0359834	0.993543	1.10701	-0.369238	20.5194	
0.993737	0.0020894	-0.111724	0.00210074	0.999299	0.0373735	0.111724	-0.0373741	0.993036	1.19374	-0.398248	21.305	
0.993265	0.0022475	-0.115847	0.00226015	0.999246	0.0387643	0.115847	-0.0387651	0.99251	1.28374	-0.428358	22.0902	
0.992775	0.00241139	-0.119968	0.00242545	0.999191	0.0401554	0.119968	-0.0401562	0.991965	1.37699	-0.459567	22.875	
0.992268	0.00258107	-0.124087	0.00259664	0.999133	0.0415465	0.124087	-0.0415475	0.991401	1.4735	-0.491878	23.6593	
0.991744	0.00275654	-0.128204	0.00277372	0.999074	0.0429379	0.128204	-0.042939	0.990818	1.57327	-0.525288	24.4432	
0.991203	0.00293781	-0.132319	0.0029567	0.999013	0.0443293	0.132318	-0.0443305	0.990215	1.6763	-0.559799	25.2266	
0.990645	0.00312487	-0.136431	0.00314558	0.998949	0.0457207	0.136431	-0.0457221	0.989594	1.78258	-0.595411	26.0095	
0.990069	0.00331772	-0.140541	0.00334038	0.998884	0.0471122	0.140541	-0.0471138	0.988953	1.89211	-0.632124	26.7919	
0.989477	0.00351636	-0.144649	0.00354108	0.998817	0.0485037	0.144648	-0.0485055	0.988294	2.00489	-0.669937	27.5739	
0.988867	0.0037208	-0.148754	0.0037477	0.998747	0.0498952	0.148753	-0.0498972	0.987615	2.12091	-0.708851	28.3552	
0.988241	0.00393104	-0.152857	0.00396024	0.998676	0.0512866	0.152856	-0.0512889	0.986917	2.24019	-0.748865	29.1361	
0.987597	0.00414707	-0.156956	0.0041787	0.998603	0.0526779	0.156956	-0.0526804	0.9862	2.3627	-0.78998	29.9164	
0.986936	0.00436889	-0.161053	0.00440308	0.998527	0.0540691	0.161052	-0.0540719	0.985464	2.48846	-0.832196	30.6961	
0.986258	0.00459651	-0.165147	0.0046334	0.99845	0.0554602	0.165146	-0.0554632	0.984708	2.61746	-0.875512	31.4752	
0.985563	0.00482992	-0.169239	0.00486964	0.998371	0.056851	0.169237	-0.0568544	0.983934	2.74969	-0.919929	32.2537	
0.984851	0.00506913	-0.173327	0.00511182	0.998289	0.0582417	0.173325	-0.0582454	0.983141	2.88516	-0.965446	33.0316	
0.984122	0.00531413	-0.177412	0.00535994	0.998206	0.0596321	0.17741	-0.0596362	0.982328	3.02386	-1.01206	33.8088	
0.983376	0.00556492	-0.181493	0.005614	0.998121	0.0610223	0.181492	-0.0610268	0.981497	3.16579	-1.05978	34.5854	
0.982613	0.0058215	-0.185572	0.005874	0.998033	0.0624121	0.18557	-0.062417	0.980647	3.31095	-1.1086	35.3614	
0.981834	0.00608387	-0.189647	0.00613994	0.997944	0.0638016	0.189645	-0.063807	0.979777	3.45933	-1.15851	36.1366	
0.981037	0.00635203	-0.193718	0.00641183	0.997852	0.0651907	0.193716	-0.0651966	0.978889	3.61093	-1.20953	36.9112	
0.980223	0.00662598	-0.197786	0.00668967	0.997759	0.0665795	0.197784	-0.0665858	0.977982	3.76575	-1.26164	37.6851	
0.979392	0.00690571	-0.20185	0.00697346	0.997663	0.0679678	0.201848	-0.0679747	0.977055	3.92379	-1.31485	38.4582	
0.978544	0.00719123	-0.205911	0.0072632	0.997566	0.0693557	0.205908	-0.0693632	0.97611	4.08504	-1.36916	39.2306	
0.97768	0.00748252	-0.209967	0.00755889	0.997466	0.070743	0.209965	-0.0707511	0.975146	4.2495	-1.42457	40.0022	
0.976798	0.0077796	-0.21402	0.00786053	0.997364	0.0721299	0.214017	-0.0721386	0.974163	4.41716	-1.48108	40.7731	
0.9759	0.00808246	-0.218069	0.00816813	0.997261	0.0735162	0.218066	-0.0735256	0.97316	4.58803	-1.53868	41.5432	
0.974985	0.00839109	-0.222114	0.00848169	0.997155	0.0749019	0.22211	-0.0749121	0.97214	4.7621	-1.59738	42.3124	
0.973532	0.00888427	-0.228376	0.00920661	0.996909	0.078028	0.228364	-0.0780653	0.970441	4.94024	-1.65788	43.0806	
0.972039	0.00939795	-0.23463	0.00995117	0.996653	0.0811466	0.234607	-0.0812125	0.968692	5.12333	-1.72087	43.8475	
0.970505	0.00993209	-0.240875	0.0107153	0.996386	0.0842575	0.240841	-0.0843535	0.966892	5.31135	-1.78634	44.6129	
0.968931	0.0104867	-0.247109	0.0114991	0.99611	0.0873608	0.247064	-0.0874881	0.965041	5.50429	-1.8543	45.3769	
0.967316	0.0110616	-0.253334	0.0123023	0.995824	0.0904563	0.253277	-0.0906164	0.96314	5.70216	-1.92473	46.1394	
0.96566	0.011657	-0.259549	0.013125	0.995529	0.0935439	0.259478	-0.0937381	0.961189	5.90493	-1.99763	46.9004	
0.963963	0.0122727	-0.265752	0.0139672	0.995223	0.0966234	0.265668	-0.0968533	0.959187	6.1126	-2.073	47.6598	
0.962226	0.0129086	-0.271944	0.0148287	0.994908	0.0996949	0.271846	-0.0999616	0.957135	6.32516	-2.15084	48.4177	
0.960449	0.0135648	-0.278125	0.0157095	0.994582	0.102758	0.278012	-0.103063	0.955033	6.54261	-2.23112	49.1738	
0.958632	0.0142413	-0.284293	0.0166097	0.994247	0.105813	0.284165	-0.106158	0.95288	6.76492	-2.31386	49.9283	
0.956774	0.0149379	-0.290449	0.0175291	0.993903	0.108859	0.290304	-0.109245	0.950678	6.9921	-2.39904	50.6811	
0.954876	0.0156546	-0.296592	0.0184676	0.993548	0.111897	0.296431	-0.112325	0.948426	7.22413	-2.48667	51.4321	
0.952938	0.0163914	-0.302722	0.0194254	0.993184	0.114927	0.302543	-0.115398	0.946124	7.461	-2.57672	52.1813	
0.95096	0.0171483	-0.308839	0.0204022	0.99281	0.117947	0.308641	-0.118464	0.943773	7.70269	-2.6692	52.9287	
0.948942	0.0179252	-0.314941	0.0213981	0.992427	0.120959	0.314724	-0.121522	0.941372	7.94921	-2.76411	53.6742	
0.946884	0.018722	-0.321029	0.022413	0.992034	0.123962	0.320793	-0.124573	0.938922	8.20053	-2.86143	54.4178	
0.944787	0.0195386	-0.327102	0.0234468	0.991631	0.126955	0.326845	-0.127615	0.936422	8.45664	-2.96116	55.1594	
0.94265	0.0203752	-0.33316	0.0244996	0.991219	0.12994	0.332882	-0.13065	0.933874	8.71753	-3.06329	55.899	
0.940474	0.0212315	-0.339203	0.0255712	0.990797	0.132915	0.338903	-0.133677	0.931276	8.9832	-3.16782	56.6366	
0.938258	0.0221076	-0.345229	0.0266617	0.990366	0.135881	0.344907	-0.136696	0.92863	9.25361	-3.27474	57.3721	
0.936003	0.0230034	-0.35124	0.0277709	0.989926	0.138838	0.350895	-0.139707	0.925935	9.52877	-3.38404	58.1055	
0.933709	0.0239187	-0.357233	0.0288989	0.989476	0.141785	0.356865	-0.142709	0.923191	9.80866	-3.49573	58.8368	
0.931376	0.0248537	-0.36321	0.0300455	0.989016	0.144722	0.362817	-0.145703	0.920399	10.0933	-3.60978	59.5658	
0.929004	0.0258082	-0.369169	0.0312108	0.988547	0.147649	0.368751	-0.148689	0.917559	10.3826	-3.7262	60.2926	
0.926593	0.0267821	-0.37511	0.0323946	0.988069	0.150567	0.374667	-0.151666	0.914671	10.6766	-3.84498	61.0172	
0.924144	0.0277755	-0.381033	0.033597	0.987581	0.153475	0.380564	-0.154634	0.911734	10.9752	-3.96611	61.7395	
0.921656	0.0287881	-0.386937	0.0348178	0.987084	0.156373	0.386441	-0.157594	0.90875	11.2785	-4.08958	62.4594	
0.919131	0.0298201	-0.392823	0.0360571	0.986578	0.15926	0.3923	-0.160545	0.905719	11.5865	-4.21539	63.1769	
0.916566	0.0308712	-0.398689	0.0373147	0.986062	0.162137	0.398138	-0.163487	0.90264	11.8991	-4.34353	63.8921	
0.913964	0.0319415	-0.404536	0.0385907	0.985538	0.165004	0.403956	-0.166419	0.899513	12.2163	-4.47399	64.6047	
0.911324	0.0330309	-0.410362	0.039885	0.985004	0.167861	0.409753	-0.169343	0.89634	12.5381	-4.60677	65.3149	
0.908646	0.0341393	-0.416169	0.0411975	0.98446	0.170707	0.415529	-0.172257	0.89312	12.8644	-4.74186	66.0226	
0.905931	0.0352666	-0.421954	0.0425282	0.983908	0.173542	0.421284	-0.175162	0.889853	13.1953	-4.87925	66.7277	
0.903178	0.0364128	-0.427719	0.043877	0.983346	0.176366	0.427017	-0.178057	0.886539	13.5308	-5.01893	67.4301	
0.900388	0.0375778	-0.433461	0.0452438	0.982775	0.17918	0.432728	-0.180943	0.883179	13.8708	-5.1609	68.13	
0.897561	0.0387615	-0.439183	0.0466287	0.982196	0.181982	0.438417	-0.183819	0.879773	14.2153	-5.30515	68.8272	
0.894697	0.0399639	-0.444882	0.0480316	0.981607	0.184774	0.444083	-0.186685	0.876321	14.5643	-5.45167	69.5216	
0.88756	0.0430061	-0.45868	0.0533728	0.97933	0.1951	0.45759	-0.197644	0.866919	14.9209	-5.60366	70.211	
0.88021	0.0462212	-0.472328	0.058873	0.976924	0.205313	0.470918	-0.208526	0.857177	15.2881	-5.76428	70.8928	
0.872651	0.0496079	-0.485818	0.06453	0.974389	0.215409	0.484062	-0.219327	0.847101	15.6657	-5.93349	71.5668	
0.864885	0.0531649	-0.499146	0.0703415	0.971728	0.225383	0.497017	-0.230041	0.836693	16.0537	-6.1112	72.2327	
0.856916	0.0568908	-0.512307	0.0763054	0.968939	0.235232	0.509777	-0.240666	0.825958	16.4519	-6.29735	72.8902	
0.848746	0.0607842	-0.525296	0.0824193	0.966026	0.244952	0.522338	-0.251197	0.814901	16.86	-6.49186	73.5391	
0.840379	0.0648436	-0.538106	0.0886808	0.962988	0.254539	0.534695	-0.261629	0.803524	17.2781	-6.69467	74.1792	
0.831818	0.0690672	-0.550735	0.0950875	0.959827	0.263989	0.546843	-0.271959	0.791834	17.7058	-6.90568	74.8101	
