1	0	0	0	1	0	0	0	1	0	0	0	
0.999993	-4.64328e-06	0.00371151	-4.64328e-06	0.999997	0.00250209	-0.00371151	-0.00250209	0.99999	-0.00146773	-0.000989463	0.790906	
0.999972	-1.85751e-05	0.00742473	-1.85613e-05	0.999987	0.00500161	-0.00742473	-0.00500161	0.99996	-0.00587162	-0.00395684	1.5818	
0.999938	-4.17948e-05	0.0111396	-4.17396e-05	0.999972	0.00749853	-0.0111396	-0.00749853	0.99991	-0.013213	-0.00890009	2.37266	
0.99989	-7.43015e-05	0.014856	-7.41636e-05	0.99995	0.00999279	-0.014856	-0.00999279	0.99984	-0.0234931	-0.0158171	3.16347	
0.999827	-0.000116094	0.018574	-0.000115818	0.999922	0.0124843	-0.018574	-0.0124843	0.99975	-0.0367132	-0.0247058	3.95422	
0.999751	-0.000167171	0.0222933	-0.000166689	0.999888	0.0149731	-0.0222933	-0.0149731	0.999639	-0.0528743	-0.035564	4.74488	
0.999662	-0.000227532	0.0260139	-0.000226759	0.999848	0.0174591	-0.026014	-0.0174591	0.999509	-0.0719777	-0.0483895	5.53546	
0.999558	-0.000297173	0.0297359	-0.000296014	0.999801	0.0199422	-0.0297359	-0.0199422	0.999359	-0.0940242	-0.06318	6.32592	
0.99944	-0.000376094	0.0334589	-0.000374439	0.999749	0.0224223	-0.033459	-0.0224223	0.999189	-0.119015	-0.0799332	7.11626	
0.999308	-0.000464291	0.0371831	-0.000462016	0.99969	0.0248996	-0.0371832	-0.0248995	0.998998	-0.146951	-0.0986469	7.90645	
0.999163	-0.000561764	0.0409083	-0.000558729	0.999625	0.0273737	-0.0409084	-0.0273737	0.998788	-0.177832	-0.119319	8.69648	
0.999003	-0.000668507	0.0446345	-0.000664563	0.999554	0.0298449	-0.0446345	-0.0298448	0.998557	-0.211661	-0.141946	9.48635	
0.99883	-0.00078452	0.0483615	-0.0007795	0.999477	0.0323129	-0.0483616	-0.0323127	0.998307	-0.248437	-0.166526	10.276	
0.998642	-0.000909798	0.0520893	-0.000903524	0.999395	0.0347777	-0.0520894	-0.0347775	0.998037	-0.288161	-0.193058	11.0655	
0.99844	-0.00104434	0.0558178	-0.00103662	0.999306	0.0372393	-0.0558179	-0.0372391	0.997746	-0.330833	-0.221537	11.8547	
0.998225	-0.00118814	0.0595469	-0.00117876	0.999211	0.0396976	-0.0595471	-0.0396973	0.997436	-0.376455	-0.251962	12.6437	
0.997995	-0.00134119	0.0632766	-0.00132994	0.99911	0.0421526	-0.0632768	-0.0421523	0.997105	-0.425026	-0.28433	13.4325	
0.997751	-0.0015035	0.0670067	-0.00149014	0.999004	0.0446043	-0.067007	-0.0446038	0.996755	-0.476548	-0.318638	14.221	
0.997494	-0.00167505	0.0707373	-0.00165933	0.998891	0.0470525	-0.0707376	-0.0470519	0.996385	-0.531019	-0.354884	15.0092	
0.997222	-0.00185584	0.0744681	-0.00183751	0.998773	0.0494973	-0.0744686	-0.0494966	0.995994	-0.588442	-0.393064	15.7971	
0.996936	-0.00204587	0.0781992	-0.00202465	0.998648	0.0519385	-0.0781997	-0.0519377	0.995584	-0.648815	-0.433177	16.5846	
0.996636	-0.00224513	0.0819304	-0.00222073	0.998518	0.0543762	-0.0819311	-0.0543752	0.995154	-0.71214	-0.475219	17.3719	
0.996321	-0.00245362	0.0856617	-0.00242573	0.998382	0.0568102	-0.0856625	-0.056809	0.994703	-0.778416	-0.519187	18.1588	
0.995993	-0.00267133	0.089393	-0.00263965	0.99824	0.0592406	-0.089394	-0.0592392	0.994233	-0.847643	-0.565079	18.9453	
0.99565	-0.00289826	0.0931243	-0.00286244	0.998093	0.0616673	-0.0931254	-0.0616656	0.993743	-0.919821	-0.612892	19.7315	
0.995294	-0.00313439	0.0968553	-0.00309411	0.997939	0.0640902	-0.0968566	-0.0640883	0.993233	-0.99495	-0.662622	20.5172	
0.994923	-0.00337973	0.100586	-0.00333462	0.99778	0.0665093	-0.100588	-0.066507	0.992703	-1.07303	-0.714266	21.3026	
0.994537	-0.00363427	0.104317	-0.00358396	0.997615	0.0689246	-0.104318	-0.0689219	0.992153	-1.15406	-0.767822	22.0875	
0.994138	-0.00389799	0.108047	-0.0038421	0.997445	0.0713359	-0.108049	-0.0713329	0.991583	-1.23804	-0.823287	22.872	
0.993725	-0.0041709	0.111776	-0.00410903	0.997269	0.0737433	-0.111779	-0.0737399	0.990993	-1.32498	-0.880657	23.656	
0.993297	-0.00445299	0.115505	-0.00438473	0.997087	0.0761467	-0.115508	-0.0761428	0.990384	-1.41486	-0.939928	24.4395	
0.992855	-0.00474424	0.119234	-0.00466918	0.9969	0.0785461	-0.119237	-0.0785416	0.989754	-1.50769	-1.0011	25.2226	
0.992399	-0.00504466	0.122961	-0.00496234	0.996707	0.0809414	-0.122965	-0.0809363	0.989105	-1.60347	-1.06417	26.0052	
0.991928	-0.00535423	0.126688	-0.00526422	0.996508	0.0833325	-0.126692	-0.0833268	0.988436	-1.7022	-1.12912	26.7872	
0.991443	-0.00567295	0.130414	-0.00557477	0.996304	0.0857195	-0.130419	-0.085713	0.987747	-1.80387	-1.19597	27.5687	
0.990944	-0.00600081	0.134139	-0.00589398	0.996094	0.0881022	-0.134144	-0.088095	0.987038	-1.90849	-1.26471	28.3496	
0.990431	-0.00633779	0.137863	-0.00622184	0.995879	0.0904806	-0.137869	-0.0904726	0.98631	-2.01606	-1.33532	29.13	
0.989903	-0.0066839	0.141586	-0.0065583	0.995658	0.0928547	-0.141592	-0.0928458	0.985561	-2.12658	-1.40781	29.9098	
0.989361	-0.00703911	0.145308	-0.00690337	0.995432	0.0952245	-0.145315	-0.0952146	0.984793	-2.24004	-1.48218	30.689	
0.988805	-0.00740343	0.149028	-0.00725701	0.9952	0.0975898	-0.149036	-0.0975788	0.984005	-2.35644	-1.55843	31.4675	
0.988235	-0.00777684	0.152747	-0.00761919	0.994963	0.0999507	-0.152755	-0.0999386	0.983198	-2.47578	-1.63653	32.2455	
0.98765	-0.00815934	0.156465	-0.0079899	0.994721	0.102307	-0.156474	-0.102294	0.982371	-2.59807	-1.71651	33.0228	
0.987051	-0.00855091	0.160181	-0.00836912	0.994473	0.104659	-0.160191	-0.104644	0.981524	-2.7233	-1.79834	33.7994	
0.986437	-0.00895154	0.163896	-0.00875682	0.99422	0.107006	-0.163906	-0.10699	0.980657	-2.85146	-1.88204	34.5754	
0.985809	-0.00936123	0.167609	-0.00915298	0.993961	0.109349	-0.16762	-0.109331	0.97977	-2.98257	-1.96758	35.3506	
0.985167	-0.00977996	0.17132	-0.00955757	0.993698	0.111687	-0.171332	-0.111667	0.978864	-3.11661	-2.05498	36.1252	
0.98451	-0.0102077	0.175029	-0.00997057	0.993428	0.11402	-0.175042	-0.113999	0.977939	-3.25358	-2.14422	36.899	
0.983839	-0.0106445	0.178736	-0.010392	0.993154	0.116348	-0.178751	-0.116326	0.976994	-3.39349	-2.2353	37.6721	
0.983154	-0.0110903	0.182441	-0.0108217	0.992875	0.118672	-0.182458	-0.118647	0.976029	-3.53633	-2.32822	38.4444	
0.982455	-0.0115451	0.186145	-0.0112598	0.99259	0.120991	-0.186162	-0.120964	0.975044	-3.68211	-2.42298	39.216	
0.98174	-0.0120089	0.189846	-0.0117062	0.9923	0.123305	-0.189865	-0.123275	0.97404	-3.83081	-2.51956	39.9868	
0.981012	-0.0124816	0.193545	-0.0121609	0.992005	0.125614	-0.193565	-0.125582	0.973017	-3.98244	-2.61797	40.7567	
0.980269	-0.0129633	0.197241	-0.0126238	0.991704	0.127917	-0.197263	-0.127884	0.971974	-4.13699	-2.71821	41.5259	
0.979512	-0.013454	0.200935	-0.013095	0.991399	0.130216	-0.200959	-0.13018	0.970911	-4.29447	-2.82026	42.2942	
0.97849	-0.014107	0.205809	-0.0130388	0.991435	0.129948	-0.20588	-0.129837	0.969926	-4.45536	-2.92309	43.0617	
0.977441	-0.0147598	0.21069	-0.0129818	0.991471	0.129683	-0.210807	-0.129493	0.968913	-4.62014	-3.02564	43.8284	
0.976365	-0.0154125	0.215577	-0.0129239	0.991506	0.12942	-0.215741	-0.129147	0.967872	-4.78882	-3.12792	44.5944	
0.975261	-0.0160648	0.22047	-0.0128652	0.99154	0.12916	-0.22068	-0.128801	0.966804	-4.9614	-3.22993	45.3594	
0.97413	-0.0167168	0.225368	-0.0128058	0.991575	0.128902	-0.225624	-0.128454	0.965709	-5.1379	-3.33166	46.1237	
0.972972	-0.0173685	0.230271	-0.0127455	0.991608	0.128647	-0.230573	-0.128105	0.964586	-5.3183	-3.43312	46.887	
0.971785	-0.0180196	0.235178	-0.0126844	0.991642	0.128395	-0.235526	-0.127755	0.963435	-5.50262	-3.5343	47.6495	
0.970572	-0.0186703	0.240088	-0.0126226	0.991675	0.128145	-0.240482	-0.127404	0.962256	-5.69086	-3.6352	48.411	
0.96933	-0.0193204	0.245002	-0.0125601	0.991708	0.127897	-0.245441	-0.127052	0.96105	-5.88302	-3.73583	49.1716	
0.968061	-0.0199698	0.249918	-0.0124968	0.99174	0.127652	-0.250403	-0.126698	0.959816	-6.07911	-3.83618	49.9312	
0.966764	-0.0206186	0.254836	-0.0124328	0.991772	0.127409	-0.255367	-0.126343	0.958554	-6.27912	-3.93624	50.6898	
0.96544	-0.0212666	0.259757	-0.012368	0.991804	0.127169	-0.260332	-0.125986	0.957264	-6.48305	-4.03603	51.4474	
0.964088	-0.0219138	0.264678	-0.0123025	0.991835	0.12693	-0.265298	-0.125628	0.955947	-6.69092	-4.13553	52.204	
0.962708	-0.0225601	0.269599	-0.0122363	0.991866	0.126694	-0.270265	-0.125268	0.954602	-6.90271	-4.23475	52.9596	
0.961301	-0.0232056	0.274521	-0.0121694	0.991897	0.12646	-0.275231	-0.124907	0.953229	-7.11843	-4.33368	53.714	
0.959866	-0.02385	0.279443	-0.0121018	0.991927	0.126228	-0.280198	-0.124544	0.951829	-7.33808	-4.43233	54.4674	
0.958404	-0.0244934	0.284363	-0.0120334	0.991957	0.125998	-0.285163	-0.124179	0.950401	-7.56165	-4.53069	55.2196	
0.956914	-0.0251357	0.289283	-0.0119644	0.991987	0.12577	-0.290126	-0.123812	0.948945	-7.78915	-4.62876	55.9707	
0.955396	-0.0257768	0.2942	-0.0118946	0.992017	0.125544	-0.295088	-0.123444	0.947462	-8.02058	-4.72653	56.7207	
0.953851	-0.0264167	0.299115	-0.0118241	0.992046	0.12532	-0.300046	-0.123073	0.945952	-8.25593	-4.82402	57.4694	
0.952279	-0.0270554	0.304027	-0.0117529	0.992075	0.125097	-0.305002	-0.122701	0.944414	-8.4952	-4.92121	58.217	
0.95068	-0.0276927	0.308936	-0.0116809	0.992104	0.124876	-0.309955	-0.122326	0.942849	-8.73838	-5.01811	58.9633	
0.949053	-0.0283286	0.313841	-0.0116082	0.992132	0.124657	-0.314903	-0.121949	0.941257	-8.98549	-5.11471	59.7084	
0.947399	-0.0289631	0.318742	-0.0115348	0.99216	0.12444	-0.319847	-0.12157	0.939637	-9.2365	-5.21101	60.4522	
0.945718	-0.0295961	0.323638	-0.0114605	0.992188	0.124223	-0.324786	-0.121189	0.937991	-9.49143	-5.30701	61.1947	
0.94401	-0.0302276	0.328528	-0.0113855	0.992216	0.124008	-0.32972	-0.120806	0.936318	-9.75025	-5.40271	61.9359	
0.942276	-0.0308574	0.333413	-0.0113097	0.992243	0.123795	-0.334647	-0.12042	0.934618	-10.013	-5.4981	62.6758	
0.940514	-0.0314855	0.338292	-0.0112331	0.992271	0.123583	-0.339568	-0.120031	0.932891	-10.2796	-5.59319	63.4143	
0.938726	-0.032112	0.343164	-0.0111556	0.992298	0.123372	-0.344483	-0.119641	0.931138	-10.5501	-5.68797	64.1515	
0.936912	-0.0327366	0.348029	-0.0110773	0.992325	0.123162	-0.34939	-0.119247	0.929358	-10.8245	-5.78244	64.8872	
0.935071	-0.0333595	0.352886	-0.0109982	0.992352	0.122953	-0.354289	-0.118851	0.927553	-11.1028	-5.8766	65.6215	
0.933204	-0.0339804	0.357736	-0.0109181	0.992378	0.122745	-0.35918	-0.118452	0.925721	-11.3849	-5.97044	66.3544	
0.931311	-0.0345994	0.362577	-0.0108371	0.992405	0.122538	-0.364062	-0.11805	0.923863	-11.6709	-6.06397	67.0858	
0.929393	-0.0352164	0.367408	-0.0107552	0.992431	0.122332	-0.368936	-0.117646	0.921979	-11.9608	-6.15717	67.8158	
0.927448	-0.0358313	0.372231	-0.0106723	0.992457	0.122126	-0.373799	-0.117238	0.92007	-12.2545	-6.25006	68.5442	
0.925478	-0.0364441	0.377043	-0.0105885	0.992483	0.121921	-0.378653	-0.116828	0.918136	-12.5521	-6.34262	69.2712	
0.923483	-0.0370547	0.381846	-0.0105036	0.992509	0.121717	-0.383496	-0.116414	0.916176	-12.8535	-6.43486	69.9966	
0.919773	-0.038084	0.390598	-0.00378895	0.994372	0.105875	-0.392432	-0.098861	0.914452	-13.1603	-6.51999	70.7205	
0.915978	-0.0389453	0.399333	0.00307903	0.995931	0.0900664	-0.401216	-0.0812693	0.912371	-13.4742	-6.59123	71.443	
0.912101	-0.0396381	0.408046	0.0100977	0.997185	0.0742967	-0.409842	-0.0636458	0.909933	-13.7949	-6.64854	72.1636	
0.908141	-0.0401624	0.416734	0.0172642	0.998134	0.0585723	-0.418308	-0.0459974	0.90714	-14.1225	-6.6919	72.8822	
0.904101	-0.0405178	0.425393	0.0245759	0.998777	0.0428994	-0.426611	-0.028331	0.903991	-14.4566	-6.72129	73.5985	
0.899983	-0.0407041	0.434021	0.0320298	0.999114	0.027284	-0.434747	-0.0106535	0.90049	-14.7972	-6.73671	74.3121	
0.895787	-0.0407215	0.442613	0.0396231	0.999146	0.0117323	-0.442713	0.00702809	0.896636	-15.1442	-6.73814	75.0228	
0.891517	-0.0405697	0.451167	0.0473527	0.998871	-0.00374976	-0.450506	0.024707	0.892431	-15.4975	-6.72559	75.7303	
