1	0	0	0	1	0	0	0	1	0	0	0	
0.999998	-4.32073e-07	-0.00206696	-4.32073e-07	1	-0.000418076	0.00206696	0.000418076	0.999998	0.000777197	0.000157201	0.75202	
0.999991	-1.73354e-06	-0.00414058	-1.73287e-06	1	-0.000837178	0.00414058	0.000837178	0.999991	0.00311129	0.000629189	1.50404	
0.999981	-3.91206e-06	-0.00622081	-3.90938e-06	0.999999	-0.00125729	0.00622081	0.00125729	0.99998	0.00700728	0.00141673	2.25605	
0.999965	-6.97522e-06	-0.00830759	-6.96849e-06	0.999999	-0.0016784	0.00830759	0.0016784	0.999964	0.0124701	0.00252058	3.00804	
0.999946	-1.09305e-05	-0.0104009	-1.0917e-05	0.999998	-0.00210049	0.0104009	0.00210049	0.999944	0.0195047	0.00394148	3.76003	
0.999922	-1.57854e-05	-0.0125005	-1.57617e-05	0.999997	-0.00252355	0.0125005	0.00252355	0.999919	0.0281158	0.00568017	4.512	
0.999893	-2.15472e-05	-0.0146066	-2.15092e-05	0.999996	-0.00294757	0.0146066	0.00294757	0.999889	0.0383084	0.00773737	5.26395	
0.99986	-2.82232e-05	-0.016719	-2.8166e-05	0.999994	-0.00337252	0.016719	0.00337252	0.999855	0.0500871	0.0101138	6.01587	
0.999823	-3.58207e-05	-0.0188376	-3.57387e-05	0.999993	-0.00379841	0.0188376	0.00379841	0.999815	0.0634568	0.0128101	6.76777	
0.99978	-4.43467e-05	-0.0209624	-4.42337e-05	0.999991	-0.0042252	0.0209624	0.0042252	0.999771	0.078422	0.0158271	7.51963	
0.999733	-5.38084e-05	-0.0230933	-5.36572e-05	0.999989	-0.0046529	0.0230933	0.00465289	0.999722	0.0949874	0.0191653	8.27146	
0.999682	-6.42127e-05	-0.0252303	-6.40156e-05	0.999987	-0.00508147	0.0252303	0.00508147	0.999669	0.113158	0.0228256	9.02325	
0.999625	-7.55665e-05	-0.0273733	-7.53149e-05	0.999985	-0.00551092	0.0273733	0.00551092	0.99961	0.132937	0.0268084	9.775	
0.999564	-8.78766e-05	-0.0295222	-8.75612e-05	0.999982	-0.00594122	0.0295222	0.00594122	0.999546	0.15433	0.0311145	10.5267	
0.999498	-0.00010115	-0.031677	-0.000100761	0.99998	-0.00637237	0.031677	0.00637236	0.999478	0.177342	0.0357446	11.2784	
0.999427	-0.000115393	-0.0338377	-0.000114919	0.999977	-0.00680434	0.0338377	0.00680433	0.999404	0.201976	0.0406991	12.03	
0.999352	-0.000130612	-0.0360041	-0.000130042	0.999974	-0.00723712	0.0360041	0.00723711	0.999325	0.228237	0.0459789	12.7815	
0.999271	-0.000146814	-0.0381761	-0.000146135	0.999971	-0.00767071	0.0381761	0.0076707	0.999242	0.25613	0.0515843	13.533	
0.999185	-0.000164006	-0.0403539	-0.000163204	0.999967	-0.00810508	0.0403539	0.00810506	0.999153	0.285658	0.0575162	14.2844	
0.999095	-0.000182193	-0.0425372	-0.000181255	0.999964	-0.00854022	0.0425372	0.0085402	0.999058	0.316826	0.063775	15.0358	
0.998999	-0.000201381	-0.044726	-0.000200293	0.99996	-0.00897612	0.044726	0.0089761	0.998959	0.349638	0.0703613	15.787	
0.998899	-0.000221578	-0.0469202	-0.000220323	0.999956	-0.00941276	0.0469202	0.00941273	0.998854	0.384098	0.0772757	16.5382	
0.998793	-0.000242789	-0.0491198	-0.000241351	0.999951	-0.00985013	0.0491199	0.0098501	0.998744	0.42021	0.0845187	17.2893	
0.998682	-0.000265021	-0.0513248	-0.000263381	0.999947	-0.0102882	0.0513248	0.0102882	0.998629	0.457978	0.0920909	18.0404	
0.998566	-0.000288278	-0.053535	-0.00028642	0.999942	-0.010727	0.053535	0.010727	0.998508	0.497406	0.0999928	18.7913	
0.998445	-0.000312567	-0.0557504	-0.000310471	0.999938	-0.0111665	0.0557504	0.0111664	0.998382	0.538499	0.108225	19.5422	
0.998318	-0.000337894	-0.057971	-0.000335541	0.999933	-0.0116066	0.057971	0.0116066	0.998251	0.581259	0.116788	20.2929	
0.998186	-0.000364264	-0.0601966	-0.000361633	0.999927	-0.0120474	0.0601966	0.0120474	0.998114	0.625691	0.125682	21.0436	
0.998049	-0.000391684	-0.0624272	-0.000388752	0.999922	-0.0124889	0.0624273	0.0124888	0.997971	0.671799	0.134908	21.7941	
0.997907	-0.000420157	-0.0646628	-0.000416903	0.999916	-0.012931	0.0646628	0.0129309	0.997823	0.719586	0.144466	22.5446	
0.997759	-0.000449691	-0.0669033	-0.000446091	0.99991	-0.0133737	0.0669033	0.0133735	0.99767	0.769057	0.154357	23.2949	
0.997606	-0.00048029	-0.0691486	-0.00047632	0.999904	-0.013817	0.0691486	0.0138168	0.997511	0.820213	0.16458	24.0451	
0.997448	-0.000511959	-0.0713986	-0.000507594	0.999898	-0.0142609	0.0713986	0.0142607	0.997346	0.873061	0.175138	24.7952	
0.997284	-0.000544704	-0.0736533	-0.000539918	0.999892	-0.0147053	0.0736534	0.0147051	0.997175	0.927602	0.186029	25.5451	
0.997114	-0.000578529	-0.0759127	-0.000573295	0.999885	-0.0151503	0.0759127	0.0151501	0.996999	0.98384	0.197255	26.295	
0.996939	-0.00061344	-0.0781766	-0.000607731	0.999878	-0.0155959	0.0781767	0.0155957	0.996818	1.04178	0.208816	27.0447	
0.996759	-0.000649442	-0.080445	-0.000643228	0.999871	-0.016042	0.0804451	0.0160418	0.99663	1.10142	0.220712	27.7942	
0.996573	-0.000686539	-0.0827179	-0.000679792	0.999864	-0.0164887	0.082718	0.0164884	0.996437	1.16277	0.232944	28.5436	
0.996381	-0.000724736	-0.0849952	-0.000717424	0.999856	-0.0169358	0.0849952	0.0169355	0.996237	1.22584	0.245511	29.2929	
0.996184	-0.000764038	-0.0872767	-0.00075613	0.999849	-0.0173834	0.0872768	0.0173831	0.996032	1.29061	0.258415	30.042	
0.995981	-0.000804449	-0.0895625	-0.000795913	0.999841	-0.0178315	0.0895626	0.0178311	0.995822	1.3571	0.271656	30.791	
0.995772	-0.000845973	-0.0918525	-0.000836777	0.999833	-0.0182801	0.0918526	0.0182796	0.995605	1.42532	0.285234	31.5398	
0.995558	-0.000888616	-0.0941466	-0.000878724	0.999824	-0.0187291	0.0941467	0.0187286	0.995382	1.49526	0.29915	32.2884	
0.995338	-0.000932381	-0.0964448	-0.000921758	0.999816	-0.0191785	0.0964449	0.019178	0.995154	1.56692	0.313403	33.0369	
0.995112	-0.000977272	-0.0987469	-0.000965883	0.999807	-0.0196284	0.098747	0.0196278	0.994919	1.64032	0.327995	33.7852	
0.994881	-0.00102329	-0.101053	-0.0010111	0.999798	-0.0200787	0.101053	0.0200781	0.994678	1.71544	0.342924	34.5333	
0.994643	-0.00107045	-0.103363	-0.00105742	0.999789	-0.0205294	0.103363	0.0205287	0.994432	1.7923	0.358193	35.2812	
0.9944	-0.00111875	-0.105677	-0.00110483	0.999779	-0.0209804	0.105677	0.0209797	0.994179	1.87091	0.373801	36.0289	
0.994151	-0.00116818	-0.107994	-0.00115335	0.99977	-0.0214319	0.107994	0.021431	0.99392	1.95125	0.389747	36.7765	
0.993896	-0.00121877	-0.110315	-0.00120297	0.99976	-0.0218836	0.110315	0.0218828	0.993656	2.03334	0.406034	37.5238	
0.993635	-0.0012705	-0.11264	-0.0012537	0.99975	-0.0223358	0.11264	0.0223348	0.993385	2.11717	0.42266	38.271	
0.993368	-0.00132338	-0.114968	-0.00130554	0.999739	-0.0227882	0.114969	0.0227872	0.993108	2.20275	0.439626	39.0179	
0.992774	-0.00143842	-0.119991	-0.00129515	0.999741	-0.0227004	0.119993	0.0226917	0.992515	2.2911	0.456727	39.7645	
0.992154	-0.00155308	-0.125015	-0.00128466	0.999743	-0.0226155	0.125018	0.0225986	0.991897	2.38323	0.473757	40.5107	
0.991507	-0.00166738	-0.13004	-0.00127411	0.999745	-0.0225334	0.130044	0.0225077	0.991253	2.47913	0.490717	41.2564	
0.990835	-0.00178131	-0.135066	-0.00126349	0.999747	-0.022454	0.135072	0.0224189	0.990582	2.57882	0.50761	42.0016	
0.990137	-0.0018949	-0.140093	-0.00125284	0.999749	-0.0223774	0.1401	0.0223322	0.989886	2.68229	0.524437	42.7462	
0.989412	-0.00200813	-0.14512	-0.00124218	0.99975	-0.0223034	0.145128	0.0222475	0.989163	2.78954	0.541199	43.4904	
0.988661	-0.00212104	-0.150147	-0.0012315	0.999752	-0.0222319	0.150157	0.0221647	0.988414	2.90057	0.557899	44.234	
0.987885	-0.00223361	-0.155174	-0.00122084	0.999754	-0.0221629	0.155185	0.0220838	0.987639	3.01538	0.574537	44.977	
0.987082	-0.00234585	-0.160201	-0.0012102	0.999755	-0.0220963	0.160213	0.0220047	0.986837	3.13397	0.591115	45.7194	
0.986252	-0.00245778	-0.165227	-0.0011996	0.999757	-0.022032	0.165241	0.0219274	0.986009	3.25635	0.607634	46.4612	
0.985397	-0.00256939	-0.170253	-0.00118905	0.999758	-0.02197	0.170268	0.0218516	0.985156	3.3825	0.624095	47.2024	
0.984516	-0.0026807	-0.175277	-0.00117855	0.999759	-0.0219102	0.175293	0.0217775	0.984275	3.51244	0.6405	47.9429	
0.983608	-0.0027917	-0.1803	-0.00116813	0.999761	-0.0218525	0.180318	0.0217049	0.983369	3.64615	0.65685	48.6828	
0.982674	-0.0029024	-0.185321	-0.00115778	0.999762	-0.0217969	0.185341	0.0216338	0.982436	3.78364	0.673146	49.422	
0.981713	-0.00301281	-0.190341	-0.00114752	0.999763	-0.0217433	0.190361	0.0215641	0.981477	3.92491	0.689389	50.1604	
0.980727	-0.00312294	-0.195359	-0.00113735	0.999764	-0.0216915	0.19538	0.0214956	0.980492	4.06995	0.705579	50.8981	
0.979714	-0.00323277	-0.200374	-0.00112727	0.999765	-0.0216416	0.200397	0.0214285	0.97948	4.21877	0.721719	51.6351	
0.978675	-0.00334233	-0.205387	-0.0011173	0.999766	-0.0215935	0.205411	0.0213625	0.978443	4.37136	0.737809	52.3713	
0.97761	-0.0034516	-0.210397	-0.00110743	0.999767	-0.0215471	0.210422	0.0212976	0.977379	4.52771	0.75385	53.1067	
0.976519	-0.00356061	-0.215404	-0.00109766	0.999768	-0.0215023	0.21543	0.0212338	0.976288	4.68784	0.769842	53.8413	
0.975401	-0.00366933	-0.220407	-0.00108801	0.999769	-0.0214591	0.220435	0.021171	0.975172	4.85173	0.785787	54.5751	
0.974257	-0.00377779	-0.225407	-0.00107846	0.99977	-0.0214173	0.225436	0.0211091	0.974029	5.01938	0.801685	55.308	
0.973087	-0.00388598	-0.230404	-0.00106903	0.999771	-0.021377	0.230434	0.021048	0.97286	5.19079	0.817536	56.0401	
0.971891	-0.0039939	-0.235396	-0.0010597	0.999772	-0.0213381	0.235427	0.0209878	0.971665	5.36596	0.833342	56.7712	
0.970669	-0.00410156	-0.240384	-0.00105047	0.999773	-0.0213004	0.240417	0.0209282	0.970444	5.54489	0.849103	57.5015	
0.969421	-0.00420895	-0.245368	-0.00104135	0.999773	-0.021264	0.245401	0.0208693	0.969197	5.72756	0.864819	58.2308	
0.968147	-0.00431607	-0.250346	-0.00103232	0.999774	-0.0212287	0.250381	0.020811	0.967924	5.91398	0.880492	58.9592	
0.966846	-0.00442294	-0.25532	-0.00102338	0.999775	-0.0211945	0.255356	0.0207531	0.966624	6.10414	0.89612	59.6866	
0.96552	-0.00452954	-0.260289	-0.00101452	0.999776	-0.0211613	0.260326	0.0206958	0.965299	6.29804	0.911705	60.413	
0.964168	-0.00463588	-0.265252	-0.00100574	0.999776	-0.0211291	0.265291	0.0206388	0.963948	6.49568	0.927248	61.1384	
0.96279	-0.00474195	-0.270209	-0.000997024	0.999777	-0.0210978	0.270249	0.0205821	0.96257	6.69705	0.942747	61.8628	
0.961386	-0.00484776	-0.275161	-0.000988367	0.999778	-0.0210672	0.275202	0.0205257	0.961167	6.90215	0.958204	62.5862	
0.959956	-0.0049533	-0.280106	-0.000979757	0.999778	-0.0210375	0.280148	0.0204695	0.959738	7.11096	0.973619	63.3085	
0.958501	-0.00505857	-0.285045	-0.000971181	0.999779	-0.0210084	0.285089	0.0204133	0.958284	7.3235	0.988991	64.0297	
0.95702	-0.00516358	-0.289978	-0.000962627	0.999779	-0.0209799	0.290022	0.0203573	0.956803	7.53975	1.00432	64.7497	
0.955513	-0.00526831	-0.294903	-0.000954081	0.99978	-0.0209519	0.294949	0.0203012	0.955297	7.7597	1.01961	65.4687	
0.95398	-0.00537277	-0.299821	-0.000945529	0.999781	-0.0209245	0.299868	0.020245	0.953766	7.98336	1.03486	66.1865	
0.952422	-0.00547695	-0.304732	-0.000936954	0.999781	-0.0208975	0.30478	0.0201887	0.952209	8.21071	1.05006	66.9032	
0.950839	-0.00558085	-0.309636	-0.000928341	0.999782	-0.0208708	0.309685	0.0201322	0.950626	8.44176	1.06522	67.6187	
0.94923	-0.00568447	-0.314531	-0.00091967	0.999782	-0.0208444	0.314581	0.0200754	0.949018	8.67649	1.08034	68.333	
0.947596	-0.0057878	-0.319419	-0.000910924	0.999783	-0.0208182	0.31947	0.0200182	0.947385	8.9149	1.09541	69.0461	
0.945937	-0.00589084	-0.324298	-0.000902083	0.999783	-0.0207922	0.32435	0.0199607	0.945726	9.15698	1.11045	69.7579	
0.944252	-0.00599359	-0.329169	-0.000893125	0.999784	-0.0207663	0.329222	0.0199026	0.944043	9.40273	1.12544	70.4685	
0.938001	-0.0063297	-0.346576	0.000240427	0.999845	-0.01761	0.346633	0.0164349	0.937857	9.65687	1.1391	71.1761	
0.931428	-0.00660161	-0.363865	0.00143218	0.999894	-0.014475	0.363922	0.0129613	0.931339	9.92405	1.15015	71.879	
0.924537	-0.00680921	-0.381031	0.00268171	0.999932	-0.0113623	0.381083	0.00948309	0.924492	10.2042	1.15859	72.5768	
0.91733	-0.00695244	-0.398067	0.00398858	0.999958	-0.00827324	0.398108	0.00600157	0.917319	10.4972	1.16441	73.2693	
