1	0	0	0	1	0	0	0	1	0	0	0	
0.999988	-7.93491e-07	-0.00497949	-7.93491e-07	1	-0.000318701	0.00497949	0.000318701	0.999988	0.00222443	0.00014237	0.893431	
0.99995	-3.17756e-06	-0.00995889	-3.18474e-06	1	-0.00063884	0.00995889	0.00063884	0.99995	0.00889768	0.000570121	1.78684	
0.999888	-7.15935e-06	-0.0149381	-7.1881e-06	1	-0.000960408	0.0149381	0.000960408	0.999888	0.0200196	0.00128453	2.6802	
0.999802	-1.2746e-05	-0.0199169	-1.28178e-05	0.999999	-0.0012834	0.0199169	0.0012834	0.999801	0.03559	0.00228688	3.5735	
0.99969	-1.99445e-05	-0.0248952	-2.00882e-05	0.999999	-0.0016078	0.0248952	0.0016078	0.999689	0.0556083	0.00357843	4.46671	
0.999554	-2.87619e-05	-0.029873	-2.90134e-05	0.999998	-0.0019336	0.029873	0.0019336	0.999552	0.0800743	0.00516044	5.35981	
0.999393	-3.92052e-05	-0.0348499	-3.96076e-05	0.999997	-0.00226079	0.0348499	0.0022608	0.99939	0.108987	0.00703415	6.25277	
0.999207	-5.12812e-05	-0.039826	-5.18848e-05	0.999997	-0.00258938	0.039826	0.00258939	0.999203	0.142346	0.00920082	7.14558	
0.998996	-6.49968e-05	-0.0448011	-6.5859e-05	0.999996	-0.00291933	0.0448011	0.00291935	0.998992	0.180151	0.0116617	8.03821	
0.99876	-8.03588e-05	-0.0497751	-8.15443e-05	0.999995	-0.00325066	0.0497751	0.00325068	0.998755	0.2224	0.0144179	8.93064	
0.9985	-9.7374e-05	-0.0547478	-9.89546e-05	0.999994	-0.00358334	0.0547478	0.00358338	0.998494	0.269092	0.0174708	9.82284	
0.998215	-0.000116049	-0.059719	-0.000118104	0.999992	-0.00391736	0.059719	0.00391742	0.998208	0.320226	0.0208216	10.7148	
0.997905	-0.000136391	-0.0646888	-0.000139005	0.999991	-0.00425273	0.0646888	0.00425281	0.997896	0.375802	0.0244714	11.6065	
0.997571	-0.000158405	-0.0696569	-0.000161674	0.999989	-0.00458942	0.0696569	0.00458954	0.99756	0.435816	0.0284214	12.4979	
0.997212	-0.0001821	-0.0746231	-0.000186122	0.999988	-0.00492743	0.0746231	0.00492758	0.9972	0.500269	0.0326729	13.389	
0.996828	-0.00020748	-0.0795875	-0.000212364	0.999986	-0.00526675	0.0795875	0.00526695	0.996814	0.569157	0.037227	14.2798	
0.996419	-0.000234554	-0.0845498	-0.000240413	0.999984	-0.00560737	0.0845498	0.00560762	0.996403	0.64248	0.0420848	15.1702	
0.995986	-0.000263326	-0.0895099	-0.000270283	0.999982	-0.00594928	0.0895099	0.00594959	0.995968	0.720236	0.0472477	16.0602	
0.995528	-0.000293803	-0.0944677	-0.000301987	0.99998	-0.00629246	0.0944676	0.00629285	0.995508	0.802422	0.0527166	16.9498	
0.995045	-0.000325993	-0.099423	-0.000335539	0.999978	-0.00663692	0.099423	0.00663739	0.995023	0.889037	0.0584927	17.839	
0.994538	-0.0003599	-0.104376	-0.000370952	0.999976	-0.00698263	0.104376	0.0069832	0.994513	0.980077	0.0645773	18.7278	
0.994006	-0.000395531	-0.109326	-0.000408239	0.999973	-0.00732958	0.109326	0.00733028	0.993979	1.07554	0.0709714	19.6161	
0.993449	-0.000432892	-0.114273	-0.000447414	0.99997	-0.00767777	0.114273	0.00767861	0.99342	1.17543	0.0776761	20.5039	
0.992868	-0.00047199	-0.119217	-0.000488489	0.999968	-0.00802719	0.119217	0.00802818	0.992836	1.27973	0.0846927	21.3912	
0.992262	-0.00051283	-0.124158	-0.000531477	0.999965	-0.00837782	0.124158	0.00837898	0.992227	1.38845	0.092022	22.278	
0.991632	-0.000555418	-0.129096	-0.000576392	0.999962	-0.00872966	0.129096	0.00873102	0.991594	1.50158	0.0996654	23.1642	
0.990977	-0.000599761	-0.134031	-0.000623247	0.999959	-0.00908268	0.134031	0.00908426	0.990936	1.61913	0.107624	24.0498	
0.990298	-0.000645863	-0.138962	-0.000672054	0.999955	-0.00943689	0.138962	0.00943872	0.990253	1.74108	0.115898	24.9348	
0.989594	-0.000693731	-0.143889	-0.000722826	0.999952	-0.00979227	0.143889	0.00979437	0.989545	1.86743	0.12449	25.8192	
0.988865	-0.000743371	-0.148813	-0.000775576	0.999948	-0.0101488	0.148813	0.0101512	0.988813	1.99819	0.1334	26.703	
0.988112	-0.000794788	-0.153733	-0.000830316	0.999944	-0.0105065	0.153733	0.0105092	0.988057	2.13334	0.14263	27.5861	
0.987335	-0.000847989	-0.158648	-0.00088706	0.999941	-0.0108653	0.158648	0.0108684	0.987275	2.27289	0.152179	28.4685	
0.986533	-0.000902977	-0.16356	-0.000945819	0.999937	-0.0112252	0.16356	0.0112288	0.98647	2.41682	0.162051	29.3502	
0.985707	-0.00095976	-0.168468	-0.00100661	0.999932	-0.0115863	0.168467	0.0115903	0.985639	2.56515	0.172244	30.2312	
0.984856	-0.00101834	-0.17337	-0.00106943	0.999928	-0.0119484	0.17337	0.0119529	0.984784	2.71785	0.182761	31.1114	
0.983981	-0.00107873	-0.178269	-0.00113431	0.999924	-0.0123117	0.178269	0.0123167	0.983905	2.87493	0.193603	31.9909	
0.983082	-0.00114093	-0.183163	-0.00120126	0.999919	-0.012676	0.183162	0.0126816	0.983001	3.03639	0.20477	32.8695	
0.982158	-0.00120494	-0.188052	-0.00127028	0.999914	-0.0130414	0.188051	0.0130476	0.982073	3.20222	0.216264	33.7474	
0.981211	-0.00127077	-0.192936	-0.00134139	0.999909	-0.0134078	0.192935	0.0134147	0.98112	3.37241	0.228085	34.6244	
0.980238	-0.00133843	-0.197815	-0.0014146	0.999904	-0.0137752	0.197814	0.0137829	0.980143	3.54697	0.240235	35.5005	
0.979242	-0.00140792	-0.202689	-0.00148992	0.999899	-0.0141437	0.202688	0.0141521	0.979141	3.72588	0.252714	36.3757	
0.978222	-0.00147925	-0.207557	-0.00156737	0.999893	-0.0145132	0.207557	0.0145225	0.978115	3.90914	0.265523	37.2501	
0.977177	-0.00155242	-0.212421	-0.00164696	0.999888	-0.0148837	0.21242	0.0148939	0.977065	4.09676	0.278664	38.1235	
0.976108	-0.00162743	-0.217278	-0.00172869	0.999882	-0.0152552	0.217277	0.0152664	0.975991	4.28871	0.292137	38.996	
0.975016	-0.0017043	-0.22213	-0.00181258	0.999876	-0.0156277	0.222129	0.0156399	0.974892	4.485	0.305944	39.8675	
0.973899	-0.00178302	-0.226976	-0.00189864	0.99987	-0.0160011	0.226975	0.0160144	0.973769	4.68562	0.320084	40.738	
0.972758	-0.0018636	-0.231816	-0.00198689	0.999864	-0.0163755	0.231815	0.01639	0.972622	4.89057	0.33456	41.6075	
0.971593	-0.00194605	-0.23665	-0.00207733	0.999858	-0.0167508	0.236649	0.0167666	0.97145	5.09984	0.349371	42.4759	
0.970404	-0.00203036	-0.241478	-0.00216997	0.999851	-0.017127	0.241477	0.0171441	0.970255	5.31343	0.36452	43.3433	
0.969191	-0.00211655	-0.2463	-0.00226483	0.999844	-0.0175042	0.246299	0.0175227	0.969036	5.53133	0.380006	44.2096	
0.967955	-0.00220463	-0.251115	-0.00236191	0.999837	-0.0178822	0.251114	0.0179023	0.967792	5.75353	0.395831	45.0748	
0.966694	-0.00229458	-0.255924	-0.00246124	0.99983	-0.0182611	0.255922	0.0182828	0.966524	5.98004	0.411996	45.9389	
0.96541	-0.00238642	-0.260726	-0.00256281	0.999823	-0.0186409	0.260724	0.0186643	0.965233	6.21083	0.428501	46.8019	
0.964102	-0.00248016	-0.265521	-0.00266664	0.999816	-0.0190215	0.265519	0.0190467	0.963917	6.44591	0.445347	47.6637	
0.96277	-0.00257579	-0.270309	-0.00277274	0.999808	-0.019403	0.270307	0.0194301	0.962578	6.68528	0.462535	48.5243	
0.961415	-0.00267332	-0.27509	-0.00288112	0.9998	-0.0197853	0.275088	0.0198144	0.961215	6.92891	0.480066	49.3837	
0.960036	-0.00277276	-0.279864	-0.0029918	0.999792	-0.0201684	0.279862	0.0201997	0.959828	7.17682	0.497941	50.2418	
0.958633	-0.0028741	-0.284631	-0.00310477	0.999784	-0.0205523	0.284628	0.0205858	0.958417	7.42899	0.516161	51.0987	
0.957207	-0.00297736	-0.28939	-0.00322006	0.999776	-0.020937	0.289387	0.0209729	0.956982	7.68541	0.534726	51.9544	
0.955083	-0.00313942	-0.296323	-0.00402931	0.999714	-0.0235785	0.296312	0.0237134	0.954797	7.94706	0.554688	52.8084	
0.952907	-0.00332144	-0.303244	-0.00485683	0.999645	-0.0262112	0.303223	0.0264496	0.952552	8.21488	0.577097	53.6605	
0.950681	-0.0035234	-0.310152	-0.00570259	0.999568	-0.028835	0.310119	0.0291815	0.95025	8.48887	0.601949	54.5105	
0.948403	-0.00374528	-0.317046	-0.00656653	0.999484	-0.0314499	0.317	0.0319091	0.947889	8.76902	0.629239	55.3584	
0.946074	-0.00398706	-0.323925	-0.00744862	0.999392	-0.034056	0.323864	0.0346323	0.94547	9.0553	0.658964	56.2042	
0.943695	-0.00424871	-0.33079	-0.00834883	0.999293	-0.0366531	0.330712	0.037351	0.942992	9.34772	0.691121	57.0478	
0.941265	-0.00453022	-0.337638	-0.00926712	0.999187	-0.0392413	0.337542	0.0400654	0.940458	9.64624	0.725704	57.8892	
0.938785	-0.00483155	-0.344471	-0.0102035	0.999073	-0.0418205	0.344354	0.0427752	0.937865	9.95085	0.762711	58.7283	
0.936254	-0.00515268	-0.351286	-0.0111578	0.998952	-0.0443907	0.351147	0.0454805	0.935215	10.2615	0.802136	59.565	
0.933673	-0.00549356	-0.358084	-0.0121301	0.998823	-0.0469519	0.35792	0.0481813	0.932508	10.5783	0.843977	60.3994	
0.931043	-0.00585418	-0.364863	-0.0131204	0.998688	-0.049504	0.364674	0.0508775	0.929744	10.9011	0.888228	61.2313	
0.928363	-0.00623449	-0.371624	-0.0141286	0.998545	-0.0520471	0.371407	0.0535691	0.926923	11.2299	0.934886	62.0607	
0.925633	-0.00663445	-0.378364	-0.0151548	0.998394	-0.0545811	0.378119	0.0562561	0.924046	11.5647	0.983947	62.8876	
0.922854	-0.00705403	-0.385085	-0.0161987	0.998237	-0.057106	0.384809	0.0589384	0.921113	11.9056	1.03541	63.7118	
0.920026	-0.00749317	-0.391785	-0.0172606	0.998072	-0.0596217	0.391476	0.061616	0.918123	12.2523	1.08926	64.5334	
0.91715	-0.00795185	-0.398463	-0.0183402	0.9979	-0.0621283	0.398121	0.0642889	0.915078	12.6051	1.14551	65.3524	
0.914225	-0.00843001	-0.40512	-0.0194376	0.99772	-0.0646258	0.404741	0.066957	0.911977	12.9637	1.20414	66.1685	
0.911251	-0.00892761	-0.411754	-0.0205529	0.997534	-0.067114	0.411337	0.0696204	0.90882	13.3283	1.26515	66.9819	
0.90823	-0.00944459	-0.418364	-0.0216858	0.99734	-0.069593	0.417908	0.072279	0.905609	13.6987	1.32854	67.7925	
0.905161	-0.0099809	-0.424951	-0.0228366	0.997139	-0.0720628	0.424454	0.0749329	0.902344	14.075	1.3943	68.6001	
0.902045	-0.0105365	-0.431513	-0.024005	0.99693	-0.0745233	0.430974	0.0775818	0.899023	14.4572	1.46243	69.4048	
0.89512	-0.0118864	-0.445667	-0.0309112	0.995584	-0.0886382	0.444753	0.0931179	0.8908	14.8484	1.53869	70.2044	
0.887978	-0.0134817	-0.459688	-0.038033	0.993993	-0.10262	0.45831	0.108608	0.882132	15.2518	1.62881	70.9964	
0.880624	-0.0153216	-0.473568	-0.0453668	0.992159	-0.116462	0.471639	0.124043	0.873023	15.6672	1.73274	71.7805	
0.873061	-0.0174051	-0.487301	-0.0529089	0.990081	-0.130156	0.484733	0.139417	0.86348	16.0945	1.85044	72.5563	
0.865292	-0.0197312	-0.500879	-0.0606557	0.987761	-0.143697	0.497584	0.154721	0.853505	16.5333	1.98184	73.3233	
0.857323	-0.0222988	-0.514296	-0.0686033	0.985201	-0.157077	0.510188	0.169948	0.843105	16.9835	2.12688	74.0813	
0.849156	-0.0251065	-0.527546	-0.0767476	0.982401	-0.170289	0.522537	0.18509	0.832284	17.4449	2.28549	74.8297	
0.840795	-0.028153	-0.540621	-0.0850846	0.979363	-0.183328	0.534625	0.200139	0.821048	17.9172	2.45758	75.5683	
0.832246	-0.0314367	-0.553515	-0.0936102	0.976088	-0.196186	0.546447	0.215089	0.809403	18.4001	2.64308	76.2967	
0.823512	-0.034956	-0.566221	-0.10232	0.972579	-0.208857	0.557996	0.229932	0.797353	18.8935	2.84189	77.0145	
0.814597	-0.0387092	-0.578734	-0.11121	0.968836	-0.221335	0.569266	0.24466	0.784906	19.3971	3.0539	77.7213	
0.805506	-0.0426944	-0.591047	-0.120275	0.964862	-0.233614	0.580253	0.259266	0.772067	19.9106	3.27903	78.4169	
0.796244	-0.0469095	-0.603154	-0.129512	0.960658	-0.245687	0.59095	0.273742	0.758843	20.4339	3.51714	79.1008	
0.786815	-0.0513526	-0.615049	-0.138915	0.956228	-0.257548	0.601352	0.288082	0.745241	20.9665	3.76813	79.7727	
0.777224	-0.0560213	-0.626725	-0.148479	0.951572	-0.269193	0.611455	0.302278	0.731267	21.5083	4.03186	80.4324	
0.767476	-0.0609133	-0.638178	-0.1582	0.946694	-0.280613	0.621252	0.316324	0.716928	22.059	4.30821	81.0793	
0.757574	-0.0660263	-0.649401	-0.168074	0.941595	-0.291805	0.630739	0.330212	0.702231	22.6183	4.59704	81.7133	
0.747526	-0.0713576	-0.660389	-0.178095	0.936278	-0.302762	0.639912	0.343934	0.687184	23.1859	4.89821	82.334	
0.737335	-0.0769046	-0.671136	-0.188257	0.930747	-0.31348	0.648766	0.357486	0.671794	23.7616	5.21156	82.9411	
