1	0	0	0	1	0	0	0	1	0	0	0	
0.999999	-5.90232e-07	0.0016983	-5.90232e-07	1	0.000695084	-0.0016983	-0.000695084	0.999998	-0.000719634	-0.000294533	0.847474	
0.999994	-2.37261e-06	0.00340513	-2.37224e-06	0.999999	0.00139344	-0.00340513	-0.00139344	0.999993	-0.00288215	-0.00117952	1.69495	
0.999987	-5.36452e-06	0.00512042	-5.36303e-06	0.999998	0.00209504	-0.00512042	-0.00209504	0.999985	-0.00649474	-0.00265772	2.54241	
0.999977	-9.58323e-06	0.0068441	-9.57948e-06	0.999996	0.00279985	-0.0068441	-0.00279985	0.999973	-0.0115646	-0.00473186	3.38987	
0.999963	-1.50459e-05	0.00857612	-1.50384e-05	0.999994	0.00350784	-0.00857612	-0.00350784	0.999957	-0.0180987	-0.00740467	4.23731	
0.999947	-2.17697e-05	0.0103164	-2.17565e-05	0.999991	0.004219	-0.0103164	-0.004219	0.999938	-0.0261041	-0.0106788	5.08474	
0.999927	-2.97716e-05	0.0120649	-2.97503e-05	0.999988	0.00493328	-0.0120649	-0.00493328	0.999915	-0.0355879	-0.014557	5.93216	
0.999904	-3.90685e-05	0.0138215	-3.90365e-05	0.999984	0.00565066	-0.0138215	-0.00565066	0.999889	-0.046557	-0.0190418	6.77955	
0.999879	-4.96773e-05	0.0155862	-4.96312e-05	0.99998	0.00637111	-0.0155862	-0.00637111	0.999858	-0.0590181	-0.0241359	7.62692	
0.999849	-6.16145e-05	0.0173589	-6.15508e-05	0.999975	0.0070946	-0.0173589	-0.0070946	0.999824	-0.0729782	-0.0298418	8.47426	
0.999817	-7.48968e-05	0.0191395	-7.48116e-05	0.999969	0.00782111	-0.0191395	-0.0078211	0.999786	-0.088444	-0.0361621	9.32157	
0.999781	-8.95407e-05	0.020928	-8.94294e-05	0.999963	0.00855059	-0.020928	-0.00855059	0.999744	-0.105422	-0.0430994	10.1688	
0.999742	-0.000105563	0.0227244	-0.00010542	0.999957	0.00928303	-0.0227244	-0.00928303	0.999699	-0.123919	-0.0506562	11.0161	
0.999699	-0.000122979	0.0245284	-0.0001228	0.99995	0.0100184	-0.0245284	-0.0100184	0.999649	-0.143942	-0.058835	11.8633	
0.999653	-0.000141805	0.0263401	-0.000141584	0.999942	0.0107567	-0.0263401	-0.0107567	0.999595	-0.165497	-0.0676381	12.7104	
0.999603	-0.000162058	0.0281595	-0.000161788	0.999934	0.0114978	-0.0281595	-0.0114978	0.999537	-0.18859	-0.0770682	13.5575	
0.99955	-0.000183753	0.0299863	-0.000183428	0.999925	0.0122417	-0.0299863	-0.0122417	0.999475	-0.213229	-0.0871275	14.4046	
0.999494	-0.000206906	0.0318206	-0.000206519	0.999916	0.0129885	-0.0318206	-0.0129885	0.999409	-0.239419	-0.0978185	15.2516	
0.999433	-0.000231533	0.0336624	-0.000231075	0.999906	0.013738	-0.0336624	-0.013738	0.999339	-0.267167	-0.109144	16.0985	
0.999369	-0.000257649	0.0355114	-0.000257113	0.999895	0.0144903	-0.0355114	-0.0144903	0.999264	-0.296478	-0.121105	16.9454	
0.999302	-0.00028527	0.0373677	-0.000284646	0.999884	0.0152453	-0.0373677	-0.0152453	0.999185	-0.32736	-0.133705	17.7922	
0.99923	-0.00031441	0.0392312	-0.00031369	0.999872	0.016003	-0.0392312	-0.016003	0.999102	-0.359818	-0.146946	18.639	
0.999155	-0.000345086	0.0411018	-0.00034426	0.999859	0.0167634	-0.0411019	-0.0167634	0.999014	-0.393858	-0.16083	19.4857	
0.999076	-0.000377312	0.0429795	-0.000376369	0.999846	0.0175264	-0.0429795	-0.0175263	0.998922	-0.429486	-0.17536	20.3323	
0.998993	-0.000411103	0.0448642	-0.000410032	0.999833	0.0182919	-0.0448642	-0.0182919	0.998826	-0.466709	-0.190538	21.1788	
0.998906	-0.000446473	0.0467558	-0.000445264	0.999818	0.0190601	-0.0467558	-0.01906	0.998724	-0.505532	-0.206365	22.0252	
0.998816	-0.000483438	0.0486542	-0.000482078	0.999803	0.0198308	-0.0486542	-0.0198307	0.998619	-0.54596	-0.222845	22.8716	
0.998721	-0.000522011	0.0505594	-0.000520488	0.999788	0.0206039	-0.0505594	-0.0206039	0.998509	-0.588001	-0.239978	23.7178	
0.998622	-0.000562207	0.0524713	-0.000560508	0.999771	0.0213796	-0.0524713	-0.0213795	0.998394	-0.631659	-0.257768	24.564	
0.99852	-0.00060404	0.0543898	-0.000602152	0.999754	0.0221577	-0.0543898	-0.0221576	0.998274	-0.67694	-0.276217	25.4101	
0.998413	-0.000647525	0.0563149	-0.000645433	0.999737	0.0229382	-0.0563149	-0.0229382	0.99815	-0.72385	-0.295326	26.256	
0.998302	-0.000692674	0.0582465	-0.000690364	0.999718	0.0237211	-0.0582465	-0.023721	0.99802	-0.772394	-0.315097	27.1019	
0.998187	-0.000739502	0.0601845	-0.000736959	0.999699	0.0245064	-0.0601845	-0.0245063	0.997886	-0.822577	-0.335533	27.9476	
0.998068	-0.000788022	0.0621288	-0.00078523	0.99968	0.025294	-0.0621288	-0.0252939	0.997748	-0.874406	-0.356635	28.7932	
0.997944	-0.000838248	0.0640794	-0.00083519	0.999659	0.0260838	-0.0640794	-0.0260837	0.997604	-0.927885	-0.378405	29.6387	
0.997817	-0.000890192	0.0660362	-0.000886853	0.999638	0.026876	-0.0660363	-0.0268758	0.997455	-0.98302	-0.400846	30.4841	
0.997685	-0.000943868	0.0679992	-0.000940229	0.999617	0.0276703	-0.0679992	-0.0276702	0.997302	-1.03982	-0.42396	31.3294	
0.997549	-0.000999289	0.0699682	-0.000995332	0.999594	0.0284669	-0.0699682	-0.0284668	0.997143	-1.09828	-0.447747	32.1745	
0.997408	-0.00105647	0.0719432	-0.00105217	0.999571	0.0292656	-0.0719432	-0.0292655	0.996979	-1.15841	-0.47221	33.0195	
0.997263	-0.00111542	0.0739241	-0.00111077	0.999547	0.0300665	-0.0739241	-0.0300663	0.996811	-1.22022	-0.497351	33.8643	
0.997114	-0.00117615	0.0759108	-0.00117112	0.999523	0.0308695	-0.0759109	-0.0308693	0.996637	-1.28371	-0.523172	34.709	
0.99696	-0.00123867	0.0779033	-0.00123325	0.999497	0.0316745	-0.0779034	-0.0316743	0.996458	-1.34889	-0.549674	35.5536	
0.996802	-0.001303	0.0799015	-0.00129717	0.999471	0.0324816	-0.0799016	-0.0324814	0.996273	-1.41576	-0.576859	36.398	
0.996639	-0.00136915	0.0819053	-0.00136288	0.999445	0.0332908	-0.0819055	-0.0332905	0.996084	-1.48432	-0.604729	37.2422	
0.996472	-0.00143714	0.0839147	-0.0014304	0.999417	0.0341019	-0.0839148	-0.0341016	0.995889	-1.55458	-0.633286	38.0863	
0.9963	-0.00150696	0.0859296	-0.00149974	0.999389	0.0349149	-0.0859297	-0.0349146	0.995689	-1.62655	-0.662531	38.9302	
0.996124	-0.00157863	0.0879498	-0.0015709	0.99936	0.0357299	-0.08795	-0.0357296	0.995484	-1.70023	-0.692465	39.7739	
0.995943	-0.00165217	0.0899754	-0.00164391	0.999331	0.0365468	-0.0899756	-0.0365464	0.995273	-1.77563	-0.723091	40.6175	
0.995757	-0.00172759	0.0920062	-0.00171877	0.9993	0.0373655	-0.0920064	-0.0373651	0.995057	-1.85274	-0.75441	41.4609	
0.995567	-0.00180489	0.0940422	-0.00179549	0.999269	0.038186	-0.0940424	-0.0381856	0.994836	-1.93158	-0.786424	42.3041	
0.995372	-0.00188409	0.0960834	-0.00187408	0.999237	0.0390084	-0.0960835	-0.0390079	0.994609	-2.01214	-0.819134	43.1471	
0.995172	-0.00196519	0.0981295	-0.00195455	0.999204	0.0398325	-0.0981297	-0.039832	0.994376	-2.09443	-0.852541	43.9899	
0.994967	-0.00204822	0.100181	-0.00203691	0.999171	0.0406584	-0.100181	-0.0406578	0.994138	-2.17847	-0.886648	44.8325	
0.994758	-0.00213317	0.102237	-0.00212117	0.999137	0.0414859	-0.102237	-0.0414853	0.993895	-2.26424	-0.921455	45.6749	
0.994544	-0.00222006	0.104297	-0.00220734	0.999102	0.0423152	-0.104298	-0.0423145	0.993646	-2.35175	-0.956964	46.5171	
0.994325	-0.00230889	0.106363	-0.00229543	0.999066	0.043146	-0.106363	-0.0431453	0.993391	-2.44102	-0.993176	47.3591	
0.994101	-0.00239968	0.108433	-0.00238544	0.99903	0.0439785	-0.108433	-0.0439777	0.99313	-2.53204	-1.03009	48.2008	
0.993525	-0.00263078	0.113581	-0.00251727	0.998977	0.0451575	-0.113584	-0.045151	0.992502	-2.62611	-1.06786	49.0422	
0.992922	-0.00286818	0.118731	-0.00265556	0.998922	0.0463387	-0.118736	-0.0463261	0.991845	-2.72456	-1.10662	49.883	
0.992292	-0.0031119	0.123882	-0.00280034	0.998866	0.0475221	-0.123889	-0.0475027	0.991158	-2.82737	-1.14638	50.7233	
0.991634	-0.00336196	0.129034	-0.00295164	0.998809	0.0487074	-0.129044	-0.0486808	0.990443	-2.93454	-1.18714	51.563	
0.99095	-0.00361836	0.134186	-0.00310945	0.99875	0.0498945	-0.134199	-0.0498602	0.989699	-3.04609	-1.22889	52.4021	
0.990237	-0.00388112	0.139339	-0.00327381	0.998689	0.0510833	-0.139354	-0.0510407	0.988926	-3.162	-1.27165	53.2405	
0.989497	-0.00415024	0.144491	-0.00344472	0.998627	0.0522736	-0.14451	-0.0522223	0.988124	-3.28229	-1.31541	54.0782	
0.98873	-0.00442574	0.149644	-0.00362219	0.998563	0.0534654	-0.149665	-0.0534048	0.987293	-3.40694	-1.36016	54.9153	
0.987935	-0.00470761	0.154795	-0.00380624	0.998498	0.0546584	-0.15482	-0.0545881	0.986433	-3.53596	-1.40593	55.7516	
0.987113	-0.00499587	0.159946	-0.00399686	0.998431	0.0558525	-0.159974	-0.055772	0.985544	-3.66935	-1.45269	56.5872	
0.986263	-0.00529052	0.165096	-0.00419407	0.998363	0.0570476	-0.165127	-0.0569564	0.984626	-3.80711	-1.50046	57.4221	
0.985386	-0.00559156	0.170244	-0.00439787	0.998293	0.0582436	-0.170279	-0.0581412	0.983679	-3.94924	-1.54923	58.2561	
0.984481	-0.00589899	0.17539	-0.00460826	0.998221	0.0594403	-0.175429	-0.0593261	0.982703	-4.09573	-1.599	59.0894	
0.983549	-0.00621282	0.180534	-0.00482524	0.998148	0.0606376	-0.180577	-0.0605111	0.981698	-4.24658	-1.64978	59.9218	
0.982589	-0.00653304	0.185676	-0.0050488	0.998074	0.0618353	-0.185723	-0.0616961	0.980663	-4.4018	-1.70157	60.7533	
0.981602	-0.00685966	0.190816	-0.00527895	0.997997	0.0630333	-0.190866	-0.0628809	0.9796	-4.56137	-1.75436	61.5839	
0.980587	-0.00719266	0.195952	-0.00551568	0.99792	0.0642314	-0.196007	-0.0640653	0.978508	-4.7253	-1.80815	62.4136	
0.979545	-0.00753205	0.201086	-0.00575898	0.997841	0.0654296	-0.201144	-0.0652493	0.977386	-4.89359	-1.86294	63.2424	
0.978475	-0.00787782	0.206215	-0.00600884	0.99776	0.0666277	-0.206278	-0.0664327	0.976236	-5.06623	-1.91874	64.0703	
0.977378	-0.00822996	0.211341	-0.00626524	0.997678	0.0678256	-0.211409	-0.0676153	0.975056	-5.24322	-1.97554	64.8971	
0.976253	-0.00858847	0.216463	-0.00652818	0.997594	0.069023	-0.216535	-0.068797	0.973848	-5.42456	-2.03335	65.7229	
0.975101	-0.00895334	0.221581	-0.00679764	0.997508	0.07022	-0.221658	-0.0699778	0.97261	-5.61024	-2.09215	66.5477	
0.973921	-0.00932455	0.226694	-0.0070736	0.997422	0.0714162	-0.226775	-0.0711573	0.971344	-5.80026	-2.15195	67.3714	
0.972715	-0.0097021	0.231802	-0.00735604	0.997333	0.0726117	-0.231888	-0.0723356	0.970049	-5.99461	-2.21276	68.1941	
0.97148	-0.010086	0.236905	-0.00764495	0.997243	0.0738063	-0.236996	-0.0735125	0.968725	-6.19329	-2.27456	69.0156	
0.970219	-0.0104762	0.242002	-0.00794029	0.997152	0.0749998	-0.242099	-0.0746878	0.967373	-6.3963	-2.33736	69.836	
0.96893	-0.0108726	0.247094	-0.00824204	0.997059	0.0761922	-0.247196	-0.0758615	0.965991	-6.60364	-2.40115	70.6553	
0.963515	-0.0124923	0.267362	-0.00887978	0.996868	0.078579	-0.267506	-0.0780862	0.960387	-6.82174	-2.46639	71.4716	
0.957674	-0.0141585	0.287507	-0.0095677	0.996672	0.0809515	-0.287696	-0.0802759	0.954351	-7.05701	-2.53349	72.2829	
0.951409	-0.0158703	0.307521	-0.0103055	0.996471	0.0833084	-0.307757	-0.0824296	0.947888	-7.30934	-2.60244	73.089	
0.944724	-0.0176271	0.327394	-0.0110928	0.996264	0.0856489	-0.32768	-0.0845462	0.940998	-7.57861	-2.6732	73.8894	
0.93762	-0.019428	0.347118	-0.0119294	0.996052	0.0879717	-0.347456	-0.0866249	0.933686	-7.8647	-2.74573	74.6838	
0.930103	-0.0212723	0.366683	-0.0128147	0.995834	0.0902759	-0.367076	-0.0886648	0.925956	-8.16748	-2.82001	75.4719	
0.922174	-0.023159	0.386082	-0.0137484	0.995612	0.0925604	-0.386531	-0.0906648	0.917809	-8.48683	-2.896	76.2532	
0.913838	-0.0250874	0.405304	-0.0147302	0.995385	0.0948242	-0.405813	-0.0926241	0.909251	-8.82259	-2.97367	77.0274	
0.905097	-0.0270566	0.424343	-0.0157595	0.995153	0.0970663	-0.424912	-0.0945419	0.900284	-9.17461	-3.05298	77.7942	
0.895957	-0.0290657	0.443188	-0.0168359	0.994917	0.0992856	-0.443821	-0.0964172	0.890913	-9.54274	-3.1339	78.5532	
0.886421	-0.0311138	0.461832	-0.0179589	0.994675	0.101481	-0.46253	-0.0982492	0.881143	-9.92681	-3.21639	79.3041	
0.876494	-0.0332	0.480266	-0.019128	0.99443	0.103652	-0.481032	-0.100037	0.870977	-10.3266	-3.30042	80.0466	
0.86618	-0.0353234	0.498483	-0.0203427	0.99418	0.105798	-0.499318	-0.10178	0.86042	-10.7421	-3.38594	80.7803	
0.855483	-0.0374829	0.516473	-0.0216025	0.993925	0.107916	-0.51738	-0.103478	0.849476	-11.1729	-3.47292	81.5049	
0.844409	-0.0396777	0.534228	-0.0229067	0.993667	0.110007	-0.53521	-0.105128	0.838152	-11.6189	-3.56131	82.22	
