1	0	0	0	1	0	0	0	1	0	0	0	
1	5.1391e-08	-0.000534145	5.1391e-08	1	0.000192423	0.000534145	-0.000192423	1	0.000282045	-0.000101605	1.05606	
0.999999	2.06289e-07	-0.00107004	2.06389e-07	1	0.000385665	0.00107004	-0.000385665	0.999999	0.0011291	-0.000406854	2.11212	
0.999999	4.65793e-07	-0.00160766	4.66194e-07	1	0.000579716	0.00160766	-0.000579716	0.999999	0.00254301	-0.000916604	3.16818	
0.999998	8.30984e-07	-0.00214697	8.3199e-07	1	0.000774566	0.00214697	-0.000774566	0.999997	0.00452557	-0.00163171	4.22424	
0.999996	1.30292e-06	-0.00268795	1.30494e-06	1	0.000970205	0.00268795	-0.000970205	0.999996	0.00707856	-0.002553	5.2803	
0.999995	1.88265e-06	-0.00323055	1.8862e-06	0.999999	0.00116662	0.00323055	-0.00116662	0.999994	0.0102037	-0.00368131	6.33635	
0.999993	2.5712e-06	-0.00377476	2.57689e-06	0.999999	0.00136381	0.00377476	-0.00136381	0.999992	0.0139027	-0.00501746	7.3924	
0.999991	3.36957e-06	-0.00432054	3.37813e-06	0.999999	0.00156176	0.00432054	-0.00156176	0.999989	0.0181773	-0.00656225	8.44846	
0.999988	4.27874e-06	-0.00486786	4.29101e-06	0.999998	0.00176046	0.00486786	-0.00176046	0.999987	0.023029	-0.00831648	9.5045	
0.999985	5.29968e-06	-0.00541669	5.3166e-06	0.999998	0.0019599	0.00541669	-0.0019599	0.999983	0.0284596	-0.010281	10.5605	
0.999982	6.43333e-06	-0.005967	6.45596e-06	0.999998	0.00216007	0.005967	-0.00216007	0.99998	0.0344705	-0.0124564	11.6166	
0.999979	7.68062e-06	-0.00651876	7.71012e-06	0.999997	0.00236096	0.00651876	-0.00236096	0.999976	0.0410634	-0.0148437	12.6726	
0.999975	9.04244e-06	-0.00707193	9.0801e-06	0.999997	0.00256256	0.00707193	-0.00256256	0.999972	0.0482397	-0.0174434	13.7287	
0.999971	1.05197e-05	-0.0076265	1.05669e-05	0.999996	0.00276486	0.0076265	-0.00276486	0.999967	0.0560009	-0.0202565	14.7847	
0.999967	1.21132e-05	-0.00818242	1.21715e-05	0.999996	0.00296785	0.00818242	-0.00296785	0.999962	0.0643485	-0.0232835	15.8407	
0.999962	1.38239e-05	-0.00873967	1.38948e-05	0.999995	0.00317152	0.00873967	-0.00317152	0.999957	0.0732839	-0.0265253	16.8967	
0.999957	1.56524e-05	-0.00929821	1.57378e-05	0.999994	0.00337586	0.00929821	-0.00337586	0.999951	0.0828084	-0.0299825	17.9527	
0.999951	1.75997e-05	-0.00985801	1.77014e-05	0.999994	0.00358086	0.00985801	-0.00358086	0.999945	0.0929235	-0.0336559	19.0087	
0.999946	1.96665e-05	-0.010419	1.97864e-05	0.999993	0.0037865	0.010419	-0.0037865	0.999939	0.10363	-0.0375461	20.0647	
0.99994	2.18536e-05	-0.0109813	2.19938e-05	0.999992	0.00399278	0.0109813	-0.00399278	0.999932	0.11493	-0.0416538	21.1207	
0.999933	2.41616e-05	-0.0115447	2.43244e-05	0.999991	0.00419969	0.0115447	-0.00419969	0.999925	0.126825	-0.0459797	22.1767	
0.999927	2.65913e-05	-0.0121092	2.6779e-05	0.99999	0.00440722	0.0121092	-0.00440722	0.999917	0.139315	-0.0505244	23.2327	
0.99992	2.91433e-05	-0.0126749	2.93584e-05	0.999989	0.00461535	0.0126749	-0.00461535	0.999909	0.152402	-0.0552885	24.2887	
0.999912	3.18184e-05	-0.0132416	3.20633e-05	0.999988	0.00482407	0.0132416	-0.00482407	0.999901	0.166086	-0.0602728	25.3446	
0.999905	3.46171e-05	-0.0138094	3.48946e-05	0.999987	0.00503338	0.0138094	-0.00503338	0.999892	0.18037	-0.0654779	26.4006	
0.999897	3.754e-05	-0.0143782	3.7853e-05	0.999986	0.00524326	0.0143782	-0.00524326	0.999883	0.195254	-0.0709043	27.4565	
0.999888	4.05878e-05	-0.0149479	4.09391e-05	0.999985	0.00545371	0.0149479	-0.00545371	0.999873	0.210739	-0.0765526	28.5125	
0.99988	4.37609e-05	-0.0155187	4.41537e-05	0.999984	0.0056647	0.0155187	-0.0056647	0.999864	0.226826	-0.0824234	29.5684	
0.999871	4.706e-05	-0.0160903	4.74974e-05	0.999983	0.00587624	0.0160903	-0.00587624	0.999853	0.243517	-0.0885174	30.6243	
0.999861	5.04855e-05	-0.0166628	5.09708e-05	0.999981	0.0060883	0.0166628	-0.00608831	0.999843	0.260811	-0.0948351	31.6802	
0.999851	5.40379e-05	-0.0172362	5.45746e-05	0.99998	0.00630088	0.0172362	-0.00630089	0.999832	0.278711	-0.101377	32.7361	
0.999841	5.77177e-05	-0.0178104	5.83092e-05	0.999979	0.00651397	0.0178104	-0.00651398	0.99982	0.297217	-0.108144	33.792	
0.999831	6.15253e-05	-0.0183854	6.21754e-05	0.999977	0.00672756	0.0183854	-0.00672757	0.999808	0.316329	-0.115136	34.8478	
0.99982	6.54611e-05	-0.0189611	6.61736e-05	0.999976	0.00694163	0.0189611	-0.00694164	0.999796	0.336049	-0.122353	35.9037	
0.999809	6.95255e-05	-0.0195376	7.03043e-05	0.999974	0.00715617	0.0195376	-0.00715618	0.999784	0.356378	-0.129797	36.9595	
0.999798	7.37188e-05	-0.0201148	7.4568e-05	0.999973	0.00737118	0.0201148	-0.00737119	0.999771	0.377316	-0.137468	38.0153	
0.999786	7.80414e-05	-0.0206926	7.89651e-05	0.999971	0.00758663	0.0206926	-0.00758664	0.999757	0.398863	-0.145366	39.0711	
0.999774	8.24936e-05	-0.0212711	8.34961e-05	0.99997	0.00780253	0.0212711	-0.00780254	0.999743	0.421021	-0.153492	40.1269	
0.999761	8.70756e-05	-0.0218502	8.81614e-05	0.999968	0.00801885	0.0218502	-0.00801886	0.999729	0.44379	-0.161847	41.1827	
0.999748	9.17878e-05	-0.0224298	9.29613e-05	0.999966	0.00823559	0.0224298	-0.0082356	0.999714	0.467172	-0.170429	42.2385	
0.999735	9.66302e-05	-0.02301	9.78963e-05	0.999964	0.00845274	0.02301	-0.00845275	0.9997	0.491165	-0.179241	43.2942	
0.999722	0.000101603	-0.0235906	0.000102967	0.999962	0.00867027	0.0235906	-0.00867029	0.999684	0.515772	-0.188283	44.35	
0.999708	0.000106707	-0.0241718	0.000108172	0.99996	0.00888819	0.0241718	-0.00888821	0.999668	0.540992	-0.197554	45.4057	
0.999694	0.000111941	-0.0247534	0.000113514	0.999959	0.00910648	0.0247534	-0.0091065	0.999652	0.566826	-0.207056	46.4614	
0.999679	0.000117307	-0.0253354	0.000118992	0.999957	0.00932513	0.0253354	-0.00932515	0.999636	0.593274	-0.216788	47.5171	
0.999664	0.000122803	-0.0259177	0.000124606	0.999954	0.00954412	0.0259177	-0.00954414	0.999619	0.620337	-0.226752	48.5727	
0.999649	0.000128431	-0.0265004	0.000130357	0.999952	0.00976345	0.0265004	-0.00976347	0.999601	0.648016	-0.236947	49.6284	
0.999633	0.00013419	-0.0270835	0.000136244	0.99995	0.0099831	0.0270835	-0.00998313	0.999583	0.67631	-0.247374	50.684	
0.999617	0.000140079	-0.0276668	0.000142268	0.999948	0.0102031	0.0276668	-0.0102031	0.999565	0.705219	-0.258033	51.7396	
0.999601	0.0001461	-0.0282503	0.000148429	0.999946	0.0104233	0.0282503	-0.0104234	0.999547	0.734745	-0.268924	52.7952	
0.999584	0.000152252	-0.0288341	0.000154727	0.999943	0.0106439	0.0288341	-0.0106439	0.999528	0.764887	-0.280048	53.8508	
0.999567	0.000158535	-0.029418	0.000161161	0.999941	0.0108647	0.029418	-0.0108647	0.999508	0.795646	-0.291406	54.9064	
0.99955	0.000164949	-0.0300021	0.000167733	0.999939	0.0110858	0.0300021	-0.0110858	0.999488	0.827022	-0.302996	55.9619	
0.999532	0.000171494	-0.0305863	0.000174442	0.999936	0.0113071	0.0305863	-0.0113072	0.999468	0.859014	-0.31482	57.0174	
0.999514	0.000178169	-0.0311706	0.000181288	0.999934	0.0115287	0.0311706	-0.0115287	0.999448	0.891624	-0.326878	58.0729	
0.999496	0.000184975	-0.031755	0.00018827	0.999931	0.0117505	0.031755	-0.0117506	0.999427	0.924851	-0.33917	59.1283	
0.999477	0.00019191	-0.0323394	0.00019539	0.999928	0.0119725	0.0323394	-0.0119726	0.999405	0.958694	-0.351697	60.1838	
0.999458	0.000198976	-0.0329237	0.000202645	0.999926	0.0121947	0.0329237	-0.0121948	0.999383	0.993155	-0.364458	61.2392	
0.999438	0.000206171	-0.0335081	0.000210038	0.999923	0.0124172	0.0335081	-0.0124172	0.999361	1.02823	-0.377454	62.2946	
0.999419	0.000213496	-0.0340923	0.000217566	0.99992	0.0126397	0.0340923	-0.0126398	0.999339	1.06393	-0.390685	63.35	
0.999399	0.000220949	-0.0346765	0.000225231	0.999917	0.0128625	0.0346764	-0.0128626	0.999316	1.10024	-0.404151	64.4053	
0.999378	0.000228532	-0.0352605	0.000233031	0.999914	0.0130854	0.0352605	-0.0130855	0.999292	1.13717	-0.417852	65.4607	
0.999357	0.000236242	-0.0358443	0.000240967	0.999911	0.0133085	0.0358443	-0.0133086	0.999269	1.17471	-0.431789	66.516	
0.999336	0.00024408	-0.036428	0.000249038	0.999908	0.0135317	0.0364279	-0.0135317	0.999245	1.21288	-0.445962	67.5712	
0.999315	0.000252046	-0.0370114	0.000257244	0.999905	0.013755	0.0370113	-0.0137551	0.99922	1.25165	-0.46037	68.6265	
0.999376	0.000231286	-0.0353239	0.000151475	0.999941	0.0108327	0.0353243	-0.0108313	0.999317	1.28985	-0.473352	69.6818	
0.999434	0.000215465	-0.0336363	5.06461e-05	0.999969	0.00791036	0.033637	-0.00790759	0.999403	1.32626	-0.483247	70.7372	
0.999489	0.000204581	-0.0319488	-4.52387e-05	0.999988	0.00498808	0.0319494	-0.00498408	0.999477	1.3609	-0.490054	71.7926	
0.999864	0.000292933	-0.0165014	-0.000563785	0.999865	-0.0164116	0.0164944	0.0164186	0.999729	1.38648	-0.484016	72.8483	
0.999999	0.000711945	-0.00105546	-0.000751343	0.999285	-0.0378092	0.00102779	0.0378099	0.999284	1.39573	-0.45538	73.9039	
0.999896	0.00146132	0.0143782	-0.000607783	0.998247	-0.0591898	-0.0144395	0.0591749	0.998143	1.38865	-0.404166	74.9587	
0.999553	0.00254055	0.0297889	-0.000133205	0.996751	-0.0805385	-0.0298967	0.0804986	0.996306	1.36524	-0.33041	76.0119	
0.998972	0.00394887	0.0451658	0.00067206	0.994801	-0.101841	-0.0453331	0.101766	0.993775	1.32551	-0.234163	77.0628	
0.998152	0.0056853	0.0604982	0.00180745	0.992395	-0.123081	-0.0607379	0.122963	0.990551	1.2695	-0.115493	78.1106	
0.997095	0.00774863	0.0757755	0.00327218	0.989537	-0.144245	-0.0761003	0.144074	0.986636	1.19724	0.025519	79.1547	
0.9958	0.0101374	0.090987	0.00506522	0.986227	-0.165318	-0.0914097	0.165084	0.982034	1.10878	0.188773	80.1943	
0.99427	0.01285	0.106122	0.00718532	0.98247	-0.186285	-0.106655	0.18598	0.976748	1.00419	0.374156	81.2286	
0.992505	0.0158845	0.12117	0.00963101	0.978266	-0.207131	-0.121827	0.206746	0.97078	0.88354	0.581539	82.257	
0.990505	0.0192388	0.136121	0.0124006	0.973619	-0.227843	-0.136913	0.227367	0.964136	0.746909	0.810777	83.2788	
0.988274	0.0229105	0.150964	0.0154921	0.968532	-0.248405	-0.151904	0.247831	0.95682	0.594396	1.06171	84.2932	
0.985811	0.0268972	0.165688	0.0189034	0.96301	-0.268803	-0.166789	0.268121	0.948837	0.426106	1.33416	85.2995	
0.98312	0.0311959	0.180284	0.0226322	0.957055	-0.289023	-0.181558	0.288225	0.940193	0.242158	1.62795	86.297	
0.980201	0.0358038	0.194742	0.0266757	0.950671	-0.309052	-0.196201	0.308127	0.930894	0.042678	1.94286	87.2851	
0.977057	0.0407176	0.20905	0.0310313	0.943864	-0.328874	-0.210706	0.327815	0.920945	-0.172194	2.27868	88.2629	
0.97369	0.0459339	0.223201	0.0356958	0.936638	-0.348476	-0.225065	0.347275	0.910355	-0.402307	2.63516	89.23	
0.970102	0.051449	0.237182	0.0406661	0.928997	-0.367845	-0.239267	0.366492	0.89913	-0.647503	3.01208	90.1855	
0.966296	0.0572591	0.250985	0.0459385	0.920949	-0.386967	-0.253302	0.385454	0.887278	-0.907609	3.40915	91.1288	
0.962274	0.0633602	0.2646	0.0515096	0.912497	-0.405828	-0.26716	0.404148	0.874809	-1.18244	3.82611	92.0593	
0.95804	0.069748	0.278018	0.0573754	0.903648	-0.424416	-0.280833	0.422559	0.861729	-1.47182	4.26266	92.9763	
0.953596	0.076418	0.291229	0.0635317	0.894407	-0.442718	-0.294309	0.440676	0.848049	-1.77553	4.7185	93.8792	
0.948946	0.0833656	0.304224	0.0699744	0.884783	-0.46072	-0.307581	0.458486	0.833777	-2.09336	5.19332	94.7673	
0.944091	0.090586	0.316994	0.0766989	0.87478	-0.478411	-0.320638	0.475977	0.818925	-2.4251	5.68677	95.64	
0.939037	0.0980741	0.329531	0.0837005	0.864407	-0.495778	-0.333471	0.493136	0.803501	-2.77051	6.19852	96.4968	
0.933787	0.105825	0.341824	0.0909744	0.85367	-0.512808	-0.346073	0.50995	0.787518	-3.12935	6.72821	97.3369	
0.928343	0.113832	0.353866	0.0985155	0.842576	-0.52949	-0.358432	0.52641	0.770986	-3.50137	7.27547	98.1599	
0.92271	0.122092	0.365649	0.106319	0.831135	-0.545813	-0.370543	0.542503	0.753916	-3.88632	7.83992	98.9651	
0.916893	0.130597	0.377163	0.114378	0.819352	-0.561765	-0.382394	0.558217	0.736321	-4.28391	8.42117	99.7521	
0.910894	0.139342	0.388402	0.122688	0.807238	-0.577334	-0.39398	0.573542	0.718212	-4.69389	9.01881	100.52	
0.904718	0.14832	0.399357	0.131244	0.7948	-0.59251	-0.40529	0.588468	0.699603	-5.11595	9.63242	101.269	
