1	0	0	0	1	0	0	0	1	0	0	0	
1	2.15407e-07	-0.000749403	2.15407e-07	1	0.000574875	0.000749403	-0.000574875	1	0.000382461	-0.00029339	1.02071	
0.999999	8.67055e-07	-0.00150353	8.67022e-07	0.999999	0.00115333	0.00150353	-0.00115333	0.999998	0.00153226	-0.00117539	2.04141	
0.999997	1.96305e-06	-0.00226235	1.96292e-06	0.999998	0.00173534	0.00226235	-0.00173534	0.999996	0.00345419	-0.00264963	3.06212	
0.999995	3.51146e-06	-0.00302582	3.51112e-06	0.999997	0.00232087	0.00302582	-0.00232087	0.999993	0.00615303	-0.00471974	4.08282	
0.999993	5.5203e-06	-0.0037939	5.51963e-06	0.999996	0.0029099	0.0037939	-0.0029099	0.999989	0.0096335	-0.00738928	5.10352	
0.99999	7.99755e-06	-0.00456655	7.99637e-06	0.999994	0.00350238	0.00456655	-0.00350238	0.999983	0.0139003	-0.0106618	6.12421	
0.999986	1.09511e-05	-0.00534373	1.09492e-05	0.999992	0.00409829	0.00534373	-0.00409829	0.999977	0.018958	-0.0145408	7.1449	
0.999981	1.43889e-05	-0.00612539	1.43861e-05	0.999989	0.00469759	0.00612539	-0.00469759	0.99997	0.0248113	-0.0190298	8.16558	
0.999976	1.83188e-05	-0.00691151	1.83147e-05	0.999986	0.00530026	0.00691151	-0.00530026	0.999962	0.0314648	-0.0241323	9.18625	
0.99997	2.27485e-05	-0.00770203	2.27428e-05	0.999983	0.00590627	0.00770203	-0.00590627	0.999953	0.0389228	-0.0298516	10.2069	
0.999964	2.76858e-05	-0.00849692	2.76781e-05	0.999979	0.00651557	0.00849692	-0.00651557	0.999943	0.04719	-0.0361911	11.2276	
0.999957	3.31382e-05	-0.00929614	3.31283e-05	0.999975	0.00712815	0.00929614	-0.00712815	0.999931	0.0562708	-0.0431542	12.2482	
0.999949	3.91136e-05	-0.0100996	3.91008e-05	0.99997	0.00774396	0.0100996	-0.00774396	0.999919	0.0661695	-0.0507443	13.2688	
0.999941	4.56193e-05	-0.0109074	4.56032e-05	0.999965	0.00836298	0.0109074	-0.00836298	0.999906	0.0768905	-0.0589645	14.2895	
0.999931	5.26628e-05	-0.0117193	5.2643e-05	0.99996	0.00898517	0.0117193	-0.00898517	0.999891	0.0884381	-0.0678182	15.3101	
0.999921	6.02517e-05	-0.0125354	6.02274e-05	0.999954	0.00961049	0.0125354	-0.00961049	0.999875	0.100817	-0.0773086	16.3306	
0.999911	6.83932e-05	-0.0133556	6.83639e-05	0.999948	0.0102389	0.0133556	-0.0102389	0.999858	0.11403	-0.0874388	17.3512	
0.999899	7.70946e-05	-0.0141799	7.70597e-05	0.999941	0.0108704	0.0141799	-0.0108704	0.99984	0.128083	-0.098212	18.3718	
0.999887	8.63633e-05	-0.0150083	8.63219e-05	0.999934	0.011505	0.0150083	-0.011505	0.999821	0.142979	-0.109631	19.3923	
0.999875	9.62062e-05	-0.0158406	9.61577e-05	0.999926	0.0121425	0.0158406	-0.0121425	0.999801	0.158723	-0.1217	20.4128	
0.999861	0.00010663	-0.0166768	0.000106574	0.999918	0.0127831	0.0166768	-0.0127831	0.999779	0.175319	-0.134421	21.4333	
0.999847	0.000117643	-0.017517	0.000117578	0.99991	0.0134265	0.017517	-0.0134265	0.999756	0.192769	-0.147797	22.4538	
0.999831	0.000129251	-0.018361	0.000129176	0.999901	0.0140729	0.018361	-0.0140729	0.999732	0.21108	-0.161831	23.4742	
0.999815	0.000141461	-0.0192088	0.000141376	0.999892	0.0147222	0.0192088	-0.0147222	0.999707	0.230254	-0.176527	24.4947	
0.999799	0.00015428	-0.0200604	0.000154183	0.999882	0.0153742	0.0200604	-0.0153742	0.999681	0.250295	-0.191887	25.515	
0.999781	0.000167715	-0.0209158	0.000167605	0.999872	0.0160291	0.0209158	-0.0160291	0.999653	0.271207	-0.207914	26.5354	
0.999763	0.000181771	-0.0217748	0.000181648	0.999861	0.0166868	0.0217748	-0.0166868	0.999624	0.292995	-0.22461	27.5558	
0.999744	0.000196457	-0.0226374	0.000196318	0.99985	0.0173472	0.0226374	-0.0173472	0.999593	0.315661	-0.24198	28.5761	
0.999724	0.000211777	-0.0235037	0.000211623	0.999838	0.0180103	0.0235037	-0.0180103	0.999562	0.339209	-0.260025	29.5963	
0.999703	0.000227739	-0.0243735	0.000227567	0.999826	0.018676	0.0243735	-0.018676	0.999528	0.363643	-0.278748	30.6166	
0.999681	0.000244349	-0.0252467	0.000244158	0.999813	0.0193444	0.0252467	-0.0193444	0.999494	0.388967	-0.298151	31.6368	
0.999659	0.000261613	-0.0261235	0.000261401	0.9998	0.0200154	0.0261235	-0.0200154	0.999458	0.415184	-0.318239	32.657	
0.999635	0.000279536	-0.0270037	0.000279303	0.999786	0.020689	0.0270037	-0.0206889	0.999421	0.442298	-0.339012	33.6771	
0.999611	0.000298125	-0.0278872	0.00029787	0.999772	0.021365	0.0278872	-0.021365	0.999383	0.470311	-0.360475	34.6972	
0.999586	0.000317386	-0.0287741	0.000317106	0.999757	0.0220436	0.0287741	-0.0220436	0.999343	0.499229	-0.382629	35.7172	
0.99956	0.000337324	-0.0296642	0.000337018	0.999742	0.0227246	0.0296642	-0.0227246	0.999302	0.529053	-0.405476	36.7373	
0.999533	0.000357946	-0.0305576	0.000357612	0.999726	0.023408	0.0305576	-0.023408	0.999259	0.559787	-0.42902	37.7572	
0.999505	0.000379256	-0.0314541	0.000378893	0.99971	0.0240939	0.0314541	-0.0240939	0.999215	0.591435	-0.453263	38.7772	
0.999476	0.00040126	-0.0323538	0.000400866	0.999693	0.024782	0.0323538	-0.024782	0.999169	0.624	-0.478207	39.797	
0.999447	0.000423964	-0.0332566	0.000423537	0.999675	0.0254725	0.0332566	-0.0254725	0.999122	0.657484	-0.503854	40.8169	
0.999416	0.000447372	-0.0341624	0.00044691	0.999658	0.0261653	0.0341624	-0.0261653	0.999074	0.691892	-0.530208	41.8367	
0.999385	0.000471491	-0.0350712	0.000470992	0.999639	0.0268603	0.0350712	-0.0268603	0.999024	0.727225	-0.55727	42.8564	
0.999352	0.000496324	-0.035983	0.000495786	0.99962	0.0275575	0.035983	-0.0275575	0.998972	0.763488	-0.585042	43.8761	
0.999319	0.000521877	-0.0368977	0.000521298	0.999601	0.0282569	0.0368977	-0.0282568	0.998919	0.800683	-0.613527	44.8957	
0.999285	0.000548154	-0.0378152	0.000547533	0.99958	0.0289584	0.0378152	-0.0289583	0.998865	0.838813	-0.642727	45.9153	
0.999249	0.000575161	-0.0387355	0.000574495	0.99956	0.029662	0.0387355	-0.0296619	0.998809	0.877881	-0.672644	46.9348	
0.999213	0.000602902	-0.0396586	0.000602188	0.999539	0.0303676	0.0396586	-0.0303676	0.998752	0.91789	-0.70328	47.9543	
0.999176	0.000631381	-0.0405845	0.000630618	0.999517	0.0310753	0.0405845	-0.0310753	0.998693	0.958842	-0.734638	48.9737	
0.999138	0.000660602	-0.0415129	0.000659788	0.999495	0.0317849	0.041513	-0.0317849	0.998632	1.00074	-0.766719	49.993	
0.999099	0.000690571	-0.0424441	0.000689702	0.999472	0.0324966	0.0424441	-0.0324965	0.99857	1.04359	-0.799525	51.0123	
0.999058	0.00072129	-0.0433777	0.000720365	0.999448	0.0332101	0.0433778	-0.0332101	0.998507	1.08739	-0.833059	52.0315	
0.999017	0.000752764	-0.0443139	0.00075178	0.999424	0.0339255	0.044314	-0.0339255	0.998441	1.13214	-0.867322	53.0507	
0.998975	0.000784997	-0.0452526	0.000783951	0.999399	0.0346427	0.0452526	-0.0346427	0.998375	1.17785	-0.902316	54.0698	
0.998932	0.000817993	-0.0461937	0.000816882	0.999374	0.0353617	0.0461937	-0.0353617	0.998306	1.22452	-0.938043	55.0888	
0.998888	0.000851754	-0.0471372	0.000850577	0.999348	0.0360825	0.0471372	-0.0360825	0.998237	1.27215	-0.974505	56.1077	
0.998843	0.000886286	-0.048083	0.000885038	0.999322	0.0368051	0.048083	-0.036805	0.998165	1.32075	-1.0117	57.1266	
0.998797	0.00092159	-0.0490311	0.000920269	0.999295	0.0375293	0.0490311	-0.0375292	0.998092	1.37031	-1.04964	58.1454	
0.99875	0.00095767	-0.0499815	0.000956274	0.999268	0.0382551	0.0499815	-0.0382551	0.998017	1.42084	-1.08832	59.1641	
0.998702	0.00099453	-0.050934	0.000993055	0.999239	0.0389826	0.050934	-0.0389826	0.997941	1.47235	-1.12774	60.1827	
0.998652	0.00103217	-0.0518886	0.00103062	0.999211	0.0397117	0.0518886	-0.0397116	0.997863	1.52482	-1.1679	61.2013	
0.998602	0.0010706	-0.0528454	0.00106896	0.999181	0.0404422	0.0528454	-0.0404422	0.997783	1.57827	-1.2088	62.2198	
0.998551	0.00110981	-0.0538041	0.00110808	0.999151	0.0411743	0.0538042	-0.0411743	0.997702	1.6327	-1.25046	63.2382	
0.998499	0.00114982	-0.0547649	0.001148	0.999121	0.0419079	0.0547649	-0.0419078	0.997619	1.68811	-1.29286	64.2565	
0.998445	0.00119061	-0.0557276	0.0011887	0.99909	0.0426428	0.0557276	-0.0426428	0.997535	1.7445	-1.33601	65.2747	
0.998172	0.0013938	-0.0604242	0.00124786	0.999046	0.0436587	0.0604274	-0.0436543	0.997218	1.80378	-1.38005	66.2928	
0.997876	0.00160183	-0.065121	0.0013119	0.999001	0.0446758	0.0651275	-0.0446664	0.996877	1.86786	-1.42513	67.3105	
0.997558	0.00181468	-0.0698176	0.00138082	0.998955	0.0456939	0.0698275	-0.0456787	0.996513	1.93673	-1.47123	68.3278	
0.997218	0.00203238	-0.0745137	0.00145463	0.998907	0.0467128	0.0745272	-0.0466912	0.996125	2.01041	-1.51838	69.3448	
0.996855	0.00225489	-0.079209	0.00153332	0.998859	0.0477322	0.0792263	-0.0477035	0.995715	2.08888	-1.56655	70.3613	
0.996471	0.00248223	-0.0839034	0.00161688	0.99881	0.0487518	0.0839246	-0.0487154	0.995281	2.17214	-1.61576	71.3774	
0.994013	0.0037452	-0.109198	0.00180161	0.998715	0.050653	0.109247	-0.0505464	0.992729	2.27073	-1.66642	72.3921	
0.990912	0.00505435	-0.13442	0.0020347	0.998616	0.0525486	0.134499	-0.0523445	0.98953	2.39514	-1.71893	73.4038	
0.987169	0.00640882	-0.159552	0.00231601	0.998514	0.0544375	0.159664	-0.0541085	0.985687	2.54527	-1.77326	74.4119	
0.982787	0.00780773	-0.184578	0.00264535	0.998409	0.0563185	0.184724	-0.0558373	0.981203	2.72104	-1.82938	75.4157	
0.977769	0.00925018	-0.209481	0.0030225	0.998301	0.0581902	0.209664	-0.0575297	0.97608	2.92233	-1.88724	76.4147	
0.972118	0.0107352	-0.234247	0.00344723	0.998189	0.0600516	0.234467	-0.0591847	0.970321	3.149	-1.94681	77.4081	
0.965838	0.0122619	-0.258857	0.00391925	0.998075	0.0619013	0.259118	-0.0608011	0.96393	3.40092	-2.00805	78.3953	
0.958932	0.0138292	-0.283298	0.00443825	0.997957	0.0637382	0.2836	-0.062378	0.956912	3.67791	-2.07092	79.3757	
0.951406	0.0154361	-0.307551	0.0050039	0.997836	0.0655611	0.307898	-0.0639142	0.94927	3.9798	-2.13537	80.3486	
0.943265	0.0170815	-0.331602	0.00561583	0.997712	0.0673688	0.331995	-0.0654088	0.941011	4.30639	-2.20138	81.3133	
0.934512	0.0187645	-0.355436	0.00627364	0.997586	0.0691601	0.355875	-0.0668608	0.932139	4.65747	-2.26888	82.2693	
0.925155	0.0204838	-0.379035	0.00697691	0.997457	0.0709338	0.379524	-0.0682693	0.922659	5.0328	-2.33785	83.216	
0.9152	0.0222384	-0.402386	0.00772517	0.997325	0.0726889	0.402926	-0.0696333	0.91258	5.43215	-2.40824	84.1527	
0.904652	0.0240272	-0.425473	0.00851794	0.99719	0.0744241	0.426066	-0.070952	0.901906	5.85525	-2.47999	85.0788	
0.893519	0.0258489	-0.448281	0.0093547	0.997053	0.0761383	0.448928	-0.0722245	0.890644	6.30183	-2.55306	85.9936	
0.881808	0.0277024	-0.470795	0.0102349	0.996914	0.0778304	0.471498	-0.07345	0.878803	6.7716	-2.62741	86.8967	
0.869526	0.0295865	-0.493	0.011158	0.996772	0.0794993	0.493761	-0.0746276	0.86639	7.26425	-2.70299	87.7874	
0.856682	0.0315	-0.514882	0.0121233	0.996629	0.081144	0.515702	-0.0757567	0.853412	7.77946	-2.77974	88.6652	
0.843284	0.0334415	-0.536427	0.0131303	0.996483	0.0827633	0.537308	-0.0768364	0.839879	8.3169	-2.85762	89.5294	
0.82934	0.0354099	-0.557621	0.0141783	0.996335	0.0843562	0.558564	-0.0778661	0.825799	8.87621	-2.93658	90.3795	
0.814861	0.0374038	-0.578449	0.0152666	0.996185	0.0859216	0.579456	-0.0788451	0.811181	9.45704	-3.01656	91.215	
0.799854	0.039422	-0.598898	0.0163945	0.996033	0.0874586	0.599971	-0.0797728	0.796035	10.059	-3.09752	92.0353	
0.78433	0.0414632	-0.618956	0.0175612	0.99588	0.0889661	0.620095	-0.0806485	0.780371	10.6817	-3.17939	92.8399	
0.7683	0.0435259	-0.638609	0.0187661	0.995725	0.0904432	0.639815	-0.0814717	0.764198	11.3247	-3.26214	93.6282	
0.751773	0.0456089	-0.657843	0.0200083	0.995568	0.0918889	0.659119	-0.0822419	0.747528	11.9877	-3.34569	94.3998	
0.73476	0.0477109	-0.676648	0.021287	0.99541	0.0933022	0.677993	-0.0829585	0.730372	12.6701	-3.43001	95.1541	
0.717272	0.0498304	-0.695009	0.0226013	0.995251	0.0946823	0.696427	-0.0836211	0.712739	13.3716	-3.51503	95.8906	
0.699321	0.0519661	-0.712916	0.0239505	0.99509	0.0960281	0.714406	-0.0842292	0.694643	14.0917	-3.60069	96.6089	
0.680918	0.0541165	-0.730357	0.0253336	0.994929	0.097339	0.731921	-0.0847825	0.676094	14.8298	-3.68695	97.3085	
