1	0	0	0	1	0	0	0	1	0	0	0	
0.99999	2.63002e-06	-0.00451305	2.63002e-06	0.999999	0.00116551	0.00451305	-0.00116551	0.999989	0.00186449	-0.000481509	0.82626	
0.999959	1.05257e-05	-0.00902555	1.05392e-05	0.999997	0.00233387	0.00902555	-0.00233387	0.999957	0.00745771	-0.00192722	1.6525	
0.999908	2.36988e-05	-0.0135374	2.37529e-05	0.999994	0.00350506	0.0135374	-0.00350506	0.999902	0.0167792	-0.00433947	2.47871	
0.999837	4.2161e-05	-0.0180485	4.22961e-05	0.999989	0.00467905	0.0180485	-0.00467905	0.999826	0.0298283	-0.00772058	3.30486	
0.999746	6.59236e-05	-0.0225587	6.61939e-05	0.999983	0.00585581	0.0225587	-0.00585581	0.999728	0.0466045	-0.0120729	4.13094	
0.999634	9.49981e-05	-0.027068	9.54711e-05	0.999975	0.00703531	0.027068	-0.00703532	0.999609	0.0671069	-0.0173986	4.95693	
0.999501	0.000129396	-0.0315762	0.000130152	0.999966	0.00821753	0.0315762	-0.00821754	0.999468	0.0913347	-0.0237001	5.78281	
0.999349	0.000169127	-0.0360833	0.000170262	0.999956	0.00940244	0.0360833	-0.00940246	0.999305	0.119287	-0.0309794	6.60857	
0.999176	0.000214204	-0.0405891	0.000215825	0.999944	0.01059	0.0405891	-0.01059	0.99912	0.150963	-0.039239	7.43418	
0.998983	0.000264636	-0.0450935	0.000266865	0.999931	0.0117802	0.0450935	-0.0117803	0.998913	0.186361	-0.0484809	8.25963	
0.998769	0.000320434	-0.0495964	0.000323407	0.999916	0.012973	0.0495964	-0.0129731	0.998685	0.22548	-0.0587073	9.08491	
0.998536	0.000381609	-0.0540978	0.000385474	0.9999	0.0141684	0.0540977	-0.0141685	0.998435	0.26832	-0.0699204	9.90998	
0.998282	0.000448172	-0.0585974	0.00045309	0.999882	0.0153664	0.0585974	-0.0153665	0.998163	0.314878	-0.0821223	10.7348	
0.998007	0.000520131	-0.0630953	0.000526279	0.999863	0.0165668	0.0630953	-0.016567	0.99787	0.365153	-0.095315	11.5595	
0.997713	0.000597498	-0.0675913	0.000605064	0.999842	0.0177698	0.0675913	-0.01777	0.997555	0.419144	-0.109501	12.3838	
0.997398	0.000680282	-0.0720854	0.000689469	0.99982	0.0189752	0.0720853	-0.0189755	0.997218	0.476849	-0.124682	13.2079	
0.997063	0.000768493	-0.0765773	0.000779517	0.999796	0.0201831	0.0765772	-0.0201835	0.996859	0.538266	-0.140859	14.0318	
0.996708	0.000862141	-0.081067	0.000875231	0.999771	0.0213933	0.0810669	-0.0213939	0.996479	0.603394	-0.158036	14.8553	
0.996333	0.000961234	-0.0855545	0.000976634	0.999744	0.022606	0.0855543	-0.0226066	0.996077	0.67223	-0.176214	15.6785	
0.995938	0.00106578	-0.0900395	0.00108375	0.999716	0.0238209	0.0900393	-0.0238217	0.995653	0.744773	-0.195395	16.5013	
0.995522	0.0011758	-0.0945221	0.0011966	0.999686	0.0250382	0.0945218	-0.0250392	0.995208	0.821022	-0.215581	17.3238	
0.995086	0.00129128	-0.099002	0.0013152	0.999654	0.0262578	0.0990017	-0.026259	0.994741	0.900972	-0.236774	18.1459	
0.994631	0.00141225	-0.103479	0.00143958	0.999621	0.0274796	0.103479	-0.0274811	0.994252	0.984624	-0.258976	18.9676	
0.994155	0.00153871	-0.107954	0.00156977	0.999587	0.0287037	0.107953	-0.0287054	0.993741	1.07197	-0.282189	19.7889	
0.993659	0.00167068	-0.112425	0.00170578	0.999551	0.02993	0.112425	-0.0299319	0.993209	1.16302	-0.306414	20.6098	
0.993143	0.00180814	-0.116894	0.00184763	0.999513	0.0311584	0.116893	-0.0311607	0.992656	1.25776	-0.331653	21.4302	
0.992607	0.00195113	-0.121359	0.00199535	0.999473	0.0323889	0.121358	-0.0323916	0.99208	1.35619	-0.357908	22.2502	
0.992051	0.00209964	-0.125821	0.00214895	0.999432	0.0336216	0.125821	-0.0336247	0.991483	1.4583	-0.385182	23.0697	
0.991475	0.00225368	-0.13028	0.00230847	0.99939	0.0348563	0.130279	-0.0348599	0.990864	1.56411	-0.413475	23.8886	
0.990879	0.00241327	-0.134736	0.00247391	0.999345	0.0360931	0.134735	-0.0360972	0.990224	1.67359	-0.44279	24.7071	
0.990263	0.0025784	-0.139188	0.00264531	0.999299	0.0373319	0.139187	-0.0373365	0.989562	1.78676	-0.473128	25.525	
0.989627	0.00274909	-0.143636	0.00282267	0.999252	0.0385726	0.143635	-0.0385779	0.988879	1.9036	-0.50449	26.3424	
0.988971	0.00292534	-0.148081	0.00300603	0.999203	0.0398153	0.148079	-0.0398213	0.988173	2.02412	-0.536879	27.1591	
0.988295	0.00310716	-0.152522	0.00319541	0.999152	0.0410599	0.15252	-0.0410667	0.987447	2.1483	-0.570297	27.9753	
0.9876	0.00329456	-0.156959	0.00339081	0.999099	0.0423064	0.156957	-0.042314	0.986699	2.27616	-0.604744	28.7909	
0.986884	0.00348755	-0.161392	0.00359227	0.999045	0.0435547	0.161389	-0.0435632	0.985929	2.40768	-0.640223	29.6059	
0.986149	0.00368612	-0.16582	0.0037998	0.998989	0.0448049	0.165818	-0.0448144	0.985138	2.54286	-0.676734	30.4202	
0.985394	0.0038903	-0.170245	0.00401342	0.998931	0.0460568	0.170242	-0.0460674	0.984325	2.68169	-0.714281	31.2338	
0.984619	0.00410008	-0.174665	0.00423316	0.998871	0.0473105	0.174662	-0.0473222	0.983491	2.82419	-0.752863	32.0468	
0.983825	0.00431547	-0.179081	0.00445902	0.99881	0.0485659	0.179078	-0.0485788	0.982635	2.97033	-0.792483	32.8591	
0.983011	0.00453648	-0.183493	0.00469104	0.998747	0.0498229	0.183489	-0.0498373	0.981758	3.12011	-0.833141	33.6706	
0.982177	0.00476311	-0.187899	0.00492923	0.998682	0.0510817	0.187895	-0.0510974	0.980859	3.27355	-0.874841	34.4814	
0.981323	0.00499538	-0.192301	0.00517361	0.998616	0.052342	0.192297	-0.0523593	0.979939	3.43061	-0.917582	35.2915	
0.98045	0.00523327	-0.196699	0.00542419	0.998548	0.0536039	0.196693	-0.0536229	0.978998	3.59132	-0.961367	36.1008	
0.979557	0.00547682	-0.201091	0.005681	0.998477	0.0548674	0.201085	-0.0548882	0.978035	3.75565	-1.0062	36.9093	
0.978645	0.005726	-0.205478	0.00594405	0.998406	0.0561324	0.205472	-0.0561551	0.977051	3.92362	-1.05207	37.717	
0.977713	0.00598084	-0.20986	0.00621336	0.998332	0.0573989	0.209854	-0.0574236	0.976045	4.0952	-1.09899	38.5239	
0.976762	0.00624134	-0.214237	0.00648896	0.998257	0.0586668	0.21423	-0.0586936	0.975018	4.2704	-1.14697	39.33	
0.975791	0.0065075	-0.218609	0.00677085	0.998179	0.0599361	0.218601	-0.0599653	0.97397	4.44922	-1.19599	40.1351	
0.9748	0.00677933	-0.222976	0.00705906	0.9981	0.0612068	0.222967	-0.0612384	0.972901	4.63165	-1.24606	40.9395	
0.973791	0.00705683	-0.227336	0.0073536	0.998019	0.0624789	0.227327	-0.0625131	0.97181	4.81768	-1.29719	41.7429	
0.972762	0.00734001	-0.231692	0.00765449	0.997936	0.0637522	0.231681	-0.0637892	0.970698	5.00731	-1.34937	42.5454	
0.971713	0.00762887	-0.236041	0.00796174	0.997852	0.0650268	0.23603	-0.0650667	0.969565	5.20053	-1.4026	43.347	
0.970645	0.00792341	-0.240385	0.00827538	0.997765	0.0663027	0.240373	-0.0663457	0.968411	5.39735	-1.45689	44.1476	
0.969558	0.00822365	-0.244723	0.00859542	0.997677	0.0675798	0.24471	-0.067626	0.967235	5.59775	-1.51224	44.9473	
0.968452	0.00852958	-0.249055	0.00892188	0.997587	0.068858	0.249041	-0.0689077	0.966039	5.80174	-1.56865	45.746	
0.96775	0.00872809	-0.251761	0.00988773	0.997313	0.0725827	0.251718	-0.0727312	0.965064	6.00862	-1.62716	46.5438	
0.967039	0.00893796	-0.254473	0.0108661	0.997025	0.0763118	0.254398	-0.0765615	0.964064	6.21771	-1.68884	47.3408	
0.966318	0.00915922	-0.25719	0.0118569	0.996721	0.0800449	0.257079	-0.0803982	0.96304	6.42902	-1.75368	48.1369	
0.965587	0.00939196	-0.259911	0.0128601	0.996401	0.0837815	0.259762	-0.0842408	0.961991	6.64254	-1.8217	48.9322	
0.964847	0.00963621	-0.262636	0.0138758	0.996066	0.0875214	0.262446	-0.088089	0.960917	6.85828	-1.8929	49.7266	
0.964097	0.00989203	-0.265366	0.0149037	0.995715	0.0912639	0.265131	-0.0919422	0.959819	7.07624	-1.96727	50.5202	
0.963338	0.0101595	-0.268098	0.015944	0.995349	0.0950088	0.267817	-0.0958002	0.958695	7.29642	-2.04484	51.3128	
0.962569	0.0104385	-0.270834	0.0169966	0.994967	0.0987556	0.270502	-0.0996624	0.957547	7.51882	-2.12559	52.1044	
0.961791	0.0107293	-0.273573	0.0180614	0.994569	0.102504	0.273187	-0.103528	0.956374	7.74343	-2.20953	52.8951	
0.961004	0.0110318	-0.276315	0.0191383	0.994155	0.106253	0.275872	-0.107398	0.955176	7.97027	-2.29667	53.6848	
0.960207	0.011346	-0.279058	0.0202274	0.993725	0.110003	0.278555	-0.111271	0.953953	8.19932	-2.38701	54.4736	
0.959401	0.011672	-0.281803	0.0213285	0.99328	0.113754	0.281237	-0.115146	0.952705	8.43059	-2.48055	55.2613	
0.958586	0.0120098	-0.28455	0.0224416	0.992819	0.117504	0.283918	-0.119024	0.951433	8.66407	-2.5773	56.0479	
0.957762	0.0123594	-0.287298	0.0235666	0.992342	0.121254	0.286596	-0.122903	0.950136	8.89977	-2.67724	56.8335	
0.956928	0.0127208	-0.290046	0.0247035	0.991849	0.125003	0.289272	-0.126784	0.948814	9.13768	-2.7804	57.618	
0.956086	0.013094	-0.292795	0.0258522	0.99134	0.12875	0.291945	-0.130666	0.947467	9.3778	-2.88676	58.4015	
0.955234	0.013479	-0.295544	0.0270125	0.990815	0.132496	0.294615	-0.134548	0.946097	9.62012	-2.99633	59.1837	
0.954374	0.0138758	-0.298292	0.0281845	0.990275	0.13624	0.297282	-0.138431	0.944701	9.86466	-3.1091	59.9649	
0.953504	0.0142844	-0.30104	0.0293681	0.989718	0.139982	0.299944	-0.142314	0.943282	10.1114	-3.22509	60.7449	
0.952627	0.0147048	-0.303787	0.0305631	0.989146	0.14372	0.302603	-0.146196	0.941838	10.3603	-3.34428	61.5237	
0.95174	0.0151369	-0.306532	0.0317694	0.988558	0.147456	0.305257	-0.150078	0.940369	10.6114	-3.46668	62.3013	
0.950845	0.0155808	-0.309276	0.0329871	0.987955	0.151188	0.307906	-0.153958	0.938877	10.8648	-3.59229	63.0777	
0.949941	0.0160364	-0.312017	0.0342159	0.987335	0.154916	0.31055	-0.157837	0.937361	11.1203	-3.7211	63.8528	
0.949029	0.0165037	-0.314757	0.0354559	0.9867	0.158639	0.313188	-0.161713	0.935821	11.378	-3.85312	64.6267	
0.948109	0.0169826	-0.317493	0.0367068	0.986049	0.162358	0.315821	-0.165588	0.934258	11.6378	-3.98834	65.3993	
0.94718	0.0174731	-0.320226	0.0379685	0.985382	0.166072	0.318447	-0.169459	0.932671	11.8999	-4.12675	66.1705	
0.946243	0.0179752	-0.322956	0.0392411	0.9847	0.169781	0.321067	-0.173327	0.931061	12.1641	-4.26837	66.9405	
0.945299	0.0184887	-0.325682	0.0405243	0.984003	0.173484	0.323679	-0.177192	0.929427	12.4304	-4.41318	67.7091	
0.944346	0.0190137	-0.328403	0.041818	0.98329	0.177181	0.326285	-0.181053	0.927771	12.6989	-4.56118	68.4764	
0.943386	0.0195501	-0.331121	0.0431222	0.982561	0.180871	0.328882	-0.18491	0.926091	12.9696	-4.71237	69.2423	
0.942418	0.0200978	-0.333833	0.0444366	0.981817	0.184554	0.331472	-0.188762	0.924389	13.2424	-4.86675	70.0068	
0.945836	0.0180271	-0.324145	0.0502417	0.9783	0.20101	0.320735	-0.206408	0.924405	13.5119	-5.03001	70.7706	
0.94914	0.0157719	-0.314459	0.0558545	0.974469	0.217462	0.309861	-0.223966	0.924027	13.7724	-5.20782	71.5343	
0.95233	0.0133332	-0.304779	0.0612724	0.970327	0.233904	0.298854	-0.241428	0.923254	14.0239	-5.4001	72.2975	
0.955403	0.010712	-0.295109	0.0664933	0.965875	0.250329	0.28772	-0.258788	0.922088	14.2662	-5.60676	73.0599	
0.95836	0.0079094	-0.285454	0.0715149	0.961114	0.266729	0.276463	-0.276037	0.920528	14.4993	-5.82772	73.8211	
0.961198	0.00492669	-0.275817	0.0763351	0.956048	0.283099	0.265089	-0.293168	0.918575	14.7231	-6.06288	74.581	
0.963916	0.00176509	-0.266202	0.0809518	0.950678	0.29943	0.253601	-0.310174	0.916231	14.9374	-6.31215	75.339	
0.966513	-0.00157404	-0.256614	0.085363	0.945006	0.315715	0.242005	-0.327048	0.913495	15.1421	-6.57542	76.095	
0.968988	-0.00508929	-0.247057	0.0895669	0.939035	0.331949	0.230306	-0.343783	0.91037	15.3373	-6.85257	76.8485	
0.97134	-0.00877915	-0.237534	0.0935617	0.932768	0.348124	0.218508	-0.36037	0.906856	15.5227	-7.14349	77.5993	
0.973567	-0.012642	-0.22805	0.0973456	0.926207	0.364232	0.206617	-0.376804	0.902955	15.6983	-7.44805	78.347	
0.97567	-0.0166763	-0.21861	0.100917	0.919354	0.380268	0.194638	-0.393077	0.898669	15.8641	-7.76612	79.0913	
