1	0	0	0	1	0	0	0	1	0	0	0	
1	3.30137e-07	0.000139686	3.30137e-07	0.999989	-0.00472683	-0.000139686	0.00472683	0.999989	-6.04249e-05	0.00204471	0.865148	
1	1.34091e-06	0.000282229	1.32757e-06	0.999955	-0.00945482	-0.000282229	0.00945482	0.999955	-0.000242936	0.00817936	1.73028	
1	3.05955e-06	0.000427627	3.00616e-06	0.999899	-0.0141839	-0.000427628	0.0141839	0.999899	-0.000550003	0.0184049	2.59537	
1	5.51326e-06	0.000575878	5.37977e-06	0.999821	-0.0189138	-0.000575879	0.0189138	0.999821	-0.000984097	0.0327222	3.4604	
1	8.72929e-06	0.000726978	8.46223e-06	0.99972	-0.0236446	-0.000726981	0.0236446	0.99972	-0.00154768	0.0511319	4.32535	
1	1.27348e-05	0.000880924	1.22674e-05	0.999597	-0.028376	-0.000880931	0.028376	0.999597	-0.00224323	0.0736348	5.19021	
0.999999	1.75572e-05	0.00103771	1.6809e-05	0.999452	-0.0331079	-0.00103773	0.0331079	0.999451	-0.00307319	0.100231	6.05495	
0.999999	2.32235e-05	0.00119734	2.2101e-05	0.999284	-0.0378403	-0.00119736	0.0378403	0.999283	-0.00404004	0.130922	6.91956	
0.999999	2.9761e-05	0.00135981	2.81571e-05	0.999093	-0.042573	-0.00135984	0.042573	0.999092	-0.00514623	0.165707	7.78401	
0.999999	3.71969e-05	0.00152511	3.49912e-05	0.99888	-0.0473058	-0.00152516	0.0473058	0.998879	-0.00639421	0.204586	8.64829	
0.999999	4.55584e-05	0.00169323	4.26169e-05	0.998645	-0.0520387	-0.00169331	0.0520387	0.998644	-0.00778645	0.24756	9.51237	
0.999998	5.48728e-05	0.00186418	5.10481e-05	0.998387	-0.0567714	-0.00186429	0.0567714	0.998385	-0.00932538	0.294629	10.3762	
0.999998	6.51671e-05	0.00203795	6.02985e-05	0.998107	-0.061504	-0.0020381	0.061504	0.998105	-0.0110135	0.345792	11.2399	
0.999998	7.64686e-05	0.00221453	7.03819e-05	0.997804	-0.0662363	-0.00221473	0.0662363	0.997802	-0.0128531	0.40105	12.1033	
0.999997	8.88044e-05	0.00239393	8.13119e-05	0.997479	-0.070968	-0.00239419	0.070968	0.997476	-0.0148469	0.460401	12.9664	
0.999997	0.000102202	0.00257612	9.31023e-05	0.997131	-0.0756992	-0.00257647	0.0756992	0.997127	-0.016997	0.523846	13.8292	
0.999996	0.000116687	0.00276112	0.000105767	0.99676	-0.0804297	-0.00276156	0.0804297	0.996756	-0.0193061	0.591383	14.6917	
0.999996	0.000132289	0.0029489	0.000119319	0.996367	-0.0851594	-0.00294946	0.0851593	0.996363	-0.0217766	0.663013	15.5539	
0.999995	0.000149033	0.00313948	0.000133772	0.995952	-0.089888	-0.00314017	0.089888	0.995947	-0.0244108	0.738735	16.4157	
0.999994	0.000166947	0.00333283	0.000149141	0.995514	-0.0946156	-0.00333368	0.0946156	0.995508	-0.0272113	0.818547	17.2771	
0.999994	0.000186058	0.00352896	0.000165438	0.995053	-0.099342	-0.00352999	0.099342	0.995047	-0.0301803	0.902448	18.1382	
0.999993	0.000206392	0.00372786	0.000182677	0.99457	-0.104067	-0.0037291	0.104067	0.994563	-0.0333204	0.990438	18.9989	
0.999992	0.000227977	0.00392952	0.000200873	0.994065	-0.108791	-0.003931	0.108791	0.994057	-0.036634	1.08252	19.8591	
0.999991	0.00025084	0.00413393	0.000220037	0.993537	-0.113513	-0.00413569	0.113513	0.993528	-0.0401235	1.17868	20.7189	
0.999991	0.000275008	0.0043411	0.000240184	0.992986	-0.118233	-0.00434316	0.118233	0.992976	-0.0437912	1.27893	21.5782	
0.99999	0.000300506	0.004551	0.000261328	0.992413	-0.122951	-0.00455341	0.122951	0.992402	-0.0476397	1.38326	22.437	
0.999989	0.000327363	0.00476363	0.000283482	0.991817	-0.127668	-0.00476644	0.127668	0.991806	-0.0516712	1.49167	23.2954	
0.999988	0.000355605	0.00497898	0.000306659	0.991199	-0.132382	-0.00498224	0.132382	0.991186	-0.0558883	1.60416	24.1531	
0.999986	0.000385259	0.00519706	0.000330872	0.990558	-0.137095	-0.0052008	0.137095	0.990544	-0.0602932	1.72073	25.0104	
0.999985	0.000416351	0.00541784	0.000356136	0.989895	-0.141805	-0.00542213	0.141804	0.98988	-0.0648885	1.84138	25.8671	
0.999984	0.000448908	0.00564132	0.000382463	0.989209	-0.146512	-0.00564621	0.146512	0.989193	-0.0696764	1.96609	26.7232	
0.999983	0.000482957	0.00586749	0.000409868	0.988501	-0.151217	-0.00587305	0.151217	0.988483	-0.0746593	2.09488	27.5787	
0.999981	0.000518524	0.00609634	0.000438362	0.98777	-0.155919	-0.00610263	0.155919	0.987751	-0.0798397	2.22774	28.4336	
0.99998	0.000555635	0.00632786	0.00046796	0.987016	-0.160618	-0.00633495	0.160618	0.986996	-0.0852199	2.36467	29.2878	
0.999978	0.000594318	0.00656205	0.000498675	0.986241	-0.165315	-0.00657001	0.165315	0.986219	-0.0908023	2.50566	30.1413	
0.999977	0.000634598	0.00679889	0.00053052	0.985442	-0.170008	-0.00680781	0.170008	0.985419	-0.0965892	2.65071	30.9942	
0.999975	0.000676503	0.00703838	0.000563509	0.984622	-0.174698	-0.00704832	0.174698	0.984597	-0.102583	2.79983	31.8464	
0.999973	0.000720057	0.0072805	0.000597653	0.983779	-0.179385	-0.00729157	0.179385	0.983752	-0.108786	2.95299	32.6979	
0.999971	0.000765288	0.00752524	0.000632968	0.982913	-0.184069	-0.00753752	0.184068	0.982885	-0.115201	3.11022	33.5486	
0.999969	0.000812221	0.0077726	0.000669465	0.982025	-0.188749	-0.00778619	0.188748	0.981995	-0.12183	3.27149	34.3986	
0.999967	0.000860883	0.00802256	0.000707158	0.981115	-0.193425	-0.00803756	0.193424	0.981082	-0.128675	3.43681	35.2477	
0.999965	0.0009113	0.00827511	0.000746061	0.980182	-0.198097	-0.00829164	0.198096	0.980147	-0.135738	3.60617	36.0961	
0.999963	0.000963497	0.00853024	0.000786185	0.979227	-0.202766	-0.0085484	0.202765	0.97919	-0.143023	3.77957	36.9437	
0.999961	0.0010175	0.00878794	0.000827544	0.97825	-0.20743	-0.00880786	0.207429	0.97821	-0.150531	3.95701	37.7904	
0.999958	0.00107334	0.0090482	0.000870151	0.97725	-0.21209	-0.00906999	0.212089	0.977208	-0.158264	4.13849	38.6363	
0.999956	0.00113103	0.009311	0.00091402	0.976228	-0.216746	-0.0093348	0.216745	0.976184	-0.166226	4.32399	39.4813	
0.999953	0.00119061	0.00957634	0.000959162	0.975183	-0.221398	-0.00960229	0.221397	0.975137	-0.174417	4.51352	40.3254	
0.999951	0.0012521	0.00984421	0.00100559	0.974116	-0.226045	-0.00987243	0.226043	0.974067	-0.182842	4.70707	41.1685	
0.999948	0.00131552	0.0101146	0.00105332	0.973027	-0.230687	-0.0101452	0.230686	0.972975	-0.191501	4.90464	42.0108	
0.999945	0.00138091	0.0103874	0.00110236	0.971916	-0.235325	-0.0104207	0.235323	0.971861	-0.200397	5.10623	42.8521	
0.999942	0.00144827	0.0106628	0.00115273	0.970783	-0.239957	-0.0106988	0.239956	0.970725	-0.209533	5.31182	43.6924	
0.999939	0.00151766	0.0109406	0.00120443	0.969627	-0.244585	-0.0109795	0.244583	0.969566	-0.218911	5.52142	44.5317	
0.999936	0.00158907	0.0112209	0.00125748	0.968449	-0.249208	-0.0112629	0.249206	0.968385	-0.228532	5.73502	45.37	
0.999932	0.00166255	0.0115037	0.0013119	0.967249	-0.253825	-0.0115489	0.253823	0.967182	-0.2384	5.95262	46.2073	
0.999929	0.00173812	0.0117888	0.00136769	0.966027	-0.258437	-0.0118375	0.258435	0.965956	-0.248516	6.17421	47.0435	
0.999925	0.00181579	0.0120764	0.00142488	0.964783	-0.263043	-0.0121287	0.263041	0.964708	-0.258884	6.39979	47.8787	
0.999922	0.00189561	0.0123664	0.00148346	0.963517	-0.267644	-0.0124226	0.267641	0.963439	-0.269504	6.62935	48.7128	
0.999918	0.00197758	0.0126588	0.00154345	0.962228	-0.272239	-0.012719	0.272236	0.962146	-0.28038	6.86289	49.5457	
0.999868	0.00293164	0.0160018	0.00160874	0.960989	-0.276582	-0.0161884	0.276571	0.960857	-0.292884	7.10029	50.3776	
0.999805	0.00390174	0.0193435	0.00168989	0.959727	-0.280929	-0.0196606	0.280907	0.959533	-0.308392	7.34144	51.2083	
0.999731	0.00488785	0.0226838	0.00178698	0.958443	-0.28528	-0.0231355	0.285244	0.958176	-0.326904	7.58635	52.0379	
0.999644	0.00588995	0.0260222	0.00190007	0.957136	-0.289633	-0.0266127	0.289579	0.956784	-0.348424	7.835	52.8662	
0.999545	0.00690803	0.0293584	0.00202923	0.955807	-0.293988	-0.0300919	0.293914	0.955358	-0.372953	8.08741	53.6934	
0.999434	0.00794205	0.0326923	0.0021745	0.954456	-0.298345	-0.0335729	0.298247	0.953898	-0.400493	8.34356	54.5193	
0.99931	0.00899198	0.0360236	0.00233596	0.953082	-0.302703	-0.0370553	0.302578	0.952404	-0.431045	8.60347	55.3439	
0.999175	0.0100578	0.0393519	0.00251363	0.951687	-0.307061	-0.040539	0.306907	0.950876	-0.464611	8.86712	56.1672	
0.999027	0.0111394	0.0426769	0.00270757	0.950269	-0.311419	-0.0440236	0.311231	0.949314	-0.501191	9.13451	56.9892	
0.998867	0.0122369	0.0459985	0.00291779	0.948829	-0.315776	-0.0475088	0.315552	0.947718	-0.540786	9.40564	57.8098	
0.998694	0.0133501	0.0493163	0.00314435	0.947368	-0.320132	-0.0509945	0.319868	0.946089	-0.583396	9.68051	58.629	
0.998509	0.014479	0.0526301	0.00338724	0.945885	-0.324485	-0.0544803	0.32418	0.944425	-0.629022	9.95911	59.4468	
0.998312	0.0156236	0.0559397	0.0036465	0.94438	-0.328836	-0.0579659	0.328485	0.942729	-0.677663	10.2414	60.2632	
0.998102	0.0167838	0.0592447	0.00392213	0.942854	-0.333184	-0.0614511	0.332784	0.940999	-0.72932	10.5275	61.078	
0.997881	0.0179596	0.0625449	0.00421414	0.941306	-0.337528	-0.0649357	0.337077	0.939235	-0.783992	10.8173	61.8914	
0.997646	0.0191508	0.0658401	0.00452254	0.939737	-0.341868	-0.0684194	0.341361	0.937439	-0.841679	11.1107	62.7032	
0.9974	0.0203575	0.06913	0.0048473	0.938147	-0.346203	-0.0719019	0.345638	0.935609	-0.902379	11.4079	63.5134	
0.997141	0.0215795	0.0724143	0.00518842	0.936536	-0.350533	-0.075383	0.349906	0.933747	-0.966091	11.7088	64.322	
0.99687	0.0228169	0.0756929	0.00554589	0.934904	-0.354856	-0.0788624	0.354166	0.931852	-1.03281	12.0134	65.1291	
0.996587	0.0240694	0.0789655	0.00591969	0.933252	-0.359174	-0.0823398	0.358415	0.929924	-1.10255	12.3216	65.9344	
0.996291	0.0253371	0.0822318	0.00630977	0.931579	-0.363483	-0.0858151	0.362654	0.927964	-1.17529	12.6335	66.7381	
0.995983	0.0266199	0.0854917	0.00671612	0.929886	-0.367786	-0.0892879	0.366883	0.925972	-1.25103	12.9491	67.5401	
0.995663	0.0279176	0.0887448	0.00713868	0.928173	-0.37208	-0.0927581	0.3711	0.923949	-1.32978	13.2683	68.3403	
0.995331	0.0292303	0.0919909	0.00757742	0.926441	-0.376365	-0.0962254	0.375305	0.921893	-1.41153	13.5912	69.1388	
0.994986	0.0305577	0.0952299	0.00803227	0.924688	-0.380641	-0.0996895	0.379497	0.919806	-1.49628	13.9177	69.9354	
0.9926	0.038741	0.115086	0.00792871	0.925043	-0.379779	-0.121172	0.377881	0.917891	-1.59182	14.2454	70.7304	
0.98975	0.0468873	0.134895	0.00780502	0.925397	-0.378919	-0.142598	0.376088	0.915545	-1.70593	14.5715	71.5236	
0.986438	0.0549931	0.154649	0.00766127	0.925749	-0.378062	-0.163957	0.374119	0.912772	-1.83854	14.896	72.3145	
0.982665	0.0630543	0.174339	0.00749752	0.926098	-0.377207	-0.18524	0.371976	0.909572	-1.9896	15.2188	73.1028	
0.978433	0.0710674	0.193955	0.00731385	0.926446	-0.376356	-0.206436	0.369658	0.905946	-2.15904	15.5396	73.8882	
0.973744	0.0790286	0.213488	0.00711035	0.926792	-0.375508	-0.227535	0.367167	0.901896	-2.34677	15.8584	74.6702	
0.9686	0.086934	0.232929	0.00688711	0.927135	-0.374665	-0.248528	0.364504	0.897424	-2.55271	16.1749	75.4486	
0.963004	0.0947801	0.252269	0.00664424	0.927475	-0.373825	-0.269405	0.361671	0.892533	-2.77676	16.489	76.2229	
0.956958	0.102563	0.271499	0.00638185	0.927813	-0.372991	-0.290155	0.358669	0.887224	-3.01883	16.8006	76.9928	
0.950466	0.110279	0.290609	0.00610006	0.928148	-0.372161	-0.31077	0.355499	0.8815	-3.27878	17.1096	77.758	
0.943529	0.117925	0.309592	0.005799	0.92848	-0.371337	-0.33124	0.352163	0.875364	-3.55651	17.4157	78.518	
0.936151	0.125498	0.328437	0.00547882	0.928808	-0.37052	-0.351554	0.348662	0.868818	-3.85188	17.7189	79.2725	
0.928337	0.132992	0.347136	0.00513967	0.929134	-0.369708	-0.371704	0.344998	0.861866	-4.16476	18.019	80.0212	
0.920089	0.140406	0.365681	0.0047817	0.929456	-0.368903	-0.391681	0.341172	0.85451	-4.49499	18.3158	80.7637	
0.911411	0.147736	0.384063	0.00440508	0.929774	-0.368105	-0.411474	0.337187	0.846755	-4.84243	18.6092	81.4996	
0.902308	0.154977	0.402272	0.00400999	0.930088	-0.367315	-0.431074	0.333044	0.838604	-5.20691	18.8992	82.2287	
