1	0	0	0	1	0	0	0	1	0	0	0	
0.999995	-2.22575e-06	-0.00329141	-2.22575e-06	0.999999	-0.00135246	0.00329141	0.00135246	0.999994	0.0015867	0.00065198	0.964139	
0.999978	-8.92784e-06	-0.00659183	-8.92859e-06	0.999996	-0.00270884	0.00659183	0.00270884	0.999975	0.00635112	0.00260981	1.92827	
0.999951	-2.01433e-05	-0.00990111	-2.01463e-05	0.999992	-0.00406909	0.00990111	0.00406909	0.999943	0.0143019	0.00587725	2.89237	
0.999913	-3.59087e-05	-0.0132191	-3.59162e-05	0.999985	-0.00543314	0.0132191	0.00543314	0.999898	0.0254475	0.010458	3.85643	
0.999863	-5.626e-05	-0.0165456	-5.6275e-05	0.999977	-0.00680094	0.0165456	0.00680094	0.99984	0.0397962	0.0163557	4.82045	
0.999802	-8.12327e-05	-0.0198806	-8.1259e-05	0.999967	-0.00817243	0.0198806	0.00817243	0.999769	0.0573563	0.0235739	5.7844	
0.99973	-0.000110862	-0.0232238	-0.000110904	0.999954	-0.00954755	0.0232238	0.00954755	0.999685	0.0781357	0.0321162	6.74828	
0.999647	-0.000145181	-0.0265752	-0.000145245	0.99994	-0.0109262	0.0265752	0.0109262	0.999587	0.102142	0.0419861	7.71208	
0.999552	-0.000184226	-0.0299345	-0.000184316	0.999924	-0.0123084	0.0299345	0.0123084	0.999476	0.129384	0.0531868	8.67577	
0.999445	-0.000228028	-0.0333016	-0.000228153	0.999906	-0.013694	0.0333016	0.013694	0.999352	0.159868	0.0657218	9.63934	
0.999327	-0.000276621	-0.0366763	-0.000276788	0.999886	-0.0150831	0.0366763	0.0150831	0.999213	0.193603	0.0795945	10.6028	
0.999197	-0.000330037	-0.0400586	-0.000330255	0.999864	-0.0164754	0.0400586	0.0164754	0.999061	0.230594	0.0948079	11.5661	
0.999056	-0.000388307	-0.0434483	-0.000388585	0.99984	-0.017871	0.0434483	0.017871	0.998896	0.270851	0.111365	12.5293	
0.998902	-0.000451464	-0.0468451	-0.000451812	0.999814	-0.0192698	0.0468451	0.0192698	0.998716	0.314378	0.12927	13.4923	
0.998737	-0.000519536	-0.050249	-0.000519966	0.999786	-0.0206717	0.050249	0.0206717	0.998523	0.361185	0.148524	14.4551	
0.998559	-0.000592556	-0.0536598	-0.000593078	0.999756	-0.0220767	0.0536598	0.0220768	0.998315	0.411276	0.169132	15.4177	
0.99837	-0.000670551	-0.0570774	-0.00067118	0.999724	-0.0234848	0.0570774	0.0234848	0.998093	0.464659	0.191096	16.3801	
0.998168	-0.000753551	-0.0605016	-0.000754299	0.99969	-0.0248958	0.0605016	0.0248958	0.997858	0.521341	0.214419	17.3423	
0.997954	-0.000841584	-0.0639322	-0.000842467	0.999653	-0.0263097	0.0639322	0.0263097	0.997607	0.581327	0.239104	18.3042	
0.997728	-0.000934679	-0.0673692	-0.000935711	0.999615	-0.0277264	0.0673692	0.0277264	0.997343	0.644623	0.265153	19.266	
0.997489	-0.00103286	-0.0708123	-0.00103406	0.999575	-0.0291459	0.0708123	0.0291459	0.997064	0.711237	0.29257	20.2274	
0.997238	-0.00113616	-0.0742614	-0.00113754	0.999532	-0.0305681	0.0742614	0.0305681	0.99677	0.781173	0.321356	21.1886	
0.996975	-0.0012446	-0.0777163	-0.00124618	0.999487	-0.0319929	0.0777163	0.031993	0.996462	0.854437	0.351515	22.1494	
0.996699	-0.00135821	-0.0811769	-0.00136001	0.99944	-0.0334203	0.0811769	0.0334204	0.996139	0.931034	0.383049	23.11	
0.99641	-0.001477	-0.0846431	-0.00147904	0.999391	-0.0348503	0.0846431	0.0348504	0.995802	1.01097	0.41596	24.0703	
0.996109	-0.00160102	-0.0881147	-0.00160332	0.99934	-0.0362827	0.0881147	0.0362828	0.995449	1.09425	0.450251	25.0302	
0.995795	-0.00173027	-0.0915915	-0.00173285	0.999287	-0.0377175	0.0915915	0.0377176	0.995082	1.18088	0.485925	25.9898	
0.995469	-0.00186479	-0.0950734	-0.00186768	0.999231	-0.0391547	0.0950734	0.0391548	0.9947	1.27087	0.522983	26.949	
0.995129	-0.0020046	-0.0985603	-0.00200781	0.999174	-0.0405941	0.0985602	0.0405943	0.994303	1.36422	0.561428	27.9078	
0.994777	-0.00214971	-0.102052	-0.00215327	0.999114	-0.0420358	0.102052	0.0420359	0.993891	1.46092	0.601261	28.8663	
0.994412	-0.00230015	-0.105548	-0.00230409	0.999052	-0.0434796	0.105548	0.0434798	0.993463	1.561	0.642486	29.8243	
0.994033	-0.00245595	-0.109049	-0.00246029	0.998987	-0.0449255	0.109049	0.0449257	0.993021	1.66445	0.685104	30.782	
0.993642	-0.00261712	-0.112554	-0.00262188	0.998921	-0.0463734	0.112554	0.0463736	0.992563	1.77128	0.729117	31.7392	
0.993238	-0.00278368	-0.116063	-0.0027889	0.998852	-0.0478233	0.116063	0.0478236	0.99209	1.88149	0.774526	32.6959	
0.992821	-0.00295565	-0.119576	-0.00296136	0.998781	-0.049275	0.119576	0.0492754	0.991601	1.99509	0.821335	33.6522	
0.99239	-0.00313305	-0.123094	-0.00313927	0.998708	-0.0507287	0.123093	0.0507291	0.991098	2.11207	0.869544	34.608	
0.991946	-0.00331589	-0.126615	-0.00332266	0.998632	-0.0521841	0.126614	0.0521845	0.990578	2.23245	0.919156	35.5633	
0.99149	-0.00350421	-0.130139	-0.00351156	0.998554	-0.0536412	0.130139	0.0536417	0.990044	2.35622	0.970172	36.5181	
0.991019	-0.003698	-0.133667	-0.00370596	0.998474	-0.0551	0.133667	0.0551005	0.989493	2.48339	1.02259	37.4724	
0.990536	-0.0038973	-0.137198	-0.0039059	0.998392	-0.0565604	0.137198	0.056561	0.988928	2.61397	1.07642	38.4261	
0.990039	-0.00410211	-0.140732	-0.00411139	0.998307	-0.0580223	0.140732	0.0580229	0.988346	2.74795	1.13166	39.3793	
0.989529	-0.00431245	-0.144269	-0.00432244	0.99822	-0.0594856	0.144269	0.0594864	0.987749	2.88534	1.18831	40.3319	
0.989005	-0.00452834	-0.147809	-0.00453908	0.99813	-0.0609504	0.147809	0.0609512	0.987136	3.02615	1.24637	41.284	
0.988468	-0.00474979	-0.151352	-0.00476131	0.998039	-0.0624166	0.151352	0.0624174	0.986507	3.17036	1.30584	42.2354	
0.987918	-0.00497681	-0.154897	-0.00498916	0.997945	-0.063884	0.154897	0.0638849	0.985863	3.318	1.36673	43.1862	
0.987354	-0.00520942	-0.158445	-0.00522263	0.997849	-0.0653526	0.158445	0.0653536	0.985203	3.46905	1.42903	44.1364	
0.986777	-0.00544762	-0.161995	-0.00546173	0.99775	-0.0668224	0.161994	0.0668235	0.984527	3.62352	1.49275	45.086	
0.986186	-0.00569144	-0.165547	-0.00570649	0.997649	-0.0682933	0.165546	0.0682945	0.983835	3.78142	1.55788	46.0348	
0.985581	-0.00594088	-0.1691	-0.00595692	0.997546	-0.0697652	0.1691	0.0697666	0.983127	3.94274	1.62444	46.9831	
0.984963	-0.00619595	-0.172656	-0.00621301	0.99744	-0.0712381	0.172655	0.0712396	0.982403	4.10749	1.69241	47.9306	
0.984331	-0.00645666	-0.176213	-0.0064748	0.997332	-0.0727119	0.176212	0.0727135	0.981663	4.27567	1.76181	48.8774	
0.983685	-0.00672303	-0.179772	-0.00674228	0.997222	-0.0741866	0.179771	0.0741883	0.980907	4.44728	1.83263	49.8235	
0.983026	-0.00699506	-0.183332	-0.00701547	0.997109	-0.075662	0.183331	0.0756639	0.980135	4.62232	1.90487	50.7689	
0.982353	-0.00727276	-0.186893	-0.00729438	0.996994	-0.0771382	0.186892	0.0771402	0.979347	4.8008	1.97853	51.7135	
0.981667	-0.00755614	-0.190455	-0.00757901	0.996876	-0.078615	0.190454	0.0786172	0.978543	4.9827	2.05361	52.6573	
0.980967	-0.0078452	-0.194018	-0.00786938	0.996756	-0.0800924	0.194017	0.0800948	0.977723	5.16805	2.13013	53.6004	
0.980253	-0.00813996	-0.197581	-0.00816548	0.996634	-0.0815704	0.19758	0.081573	0.976887	5.35682	2.20806	54.5426	
0.979525	-0.00844041	-0.201146	-0.00846734	0.99651	-0.0830489	0.201144	0.0830516	0.976034	5.54904	2.28742	55.4841	
0.978784	-0.00874657	-0.20471	-0.00877495	0.996382	-0.0845278	0.204709	0.0845307	0.975166	5.74469	2.36821	56.4247	
0.978028	-0.00905844	-0.208275	-0.00908832	0.996253	-0.086007	0.208274	0.0860102	0.974281	5.94378	2.45042	57.3645	
0.977259	-0.00937602	-0.21184	-0.00940746	0.996121	-0.0874866	0.211839	0.0874899	0.973381	6.1463	2.53406	58.3034	
0.976477	-0.00969932	-0.215405	-0.00973237	0.995987	-0.0889663	0.215404	0.0889699	0.972464	6.35226	2.61913	59.2414	
0.974902	-0.0103458	-0.222394	-0.010146	0.995817	-0.0908021	0.222403	0.0907796	0.970719	6.56332	2.70578	60.1782	
0.973276	-0.0110056	-0.229373	-0.0105735	0.995644	-0.0926374	0.229393	0.092587	0.96892	6.78112	2.79418	61.1132	
0.9716	-0.0116786	-0.236342	-0.0110148	0.995467	-0.0944717	0.236373	0.0943919	0.967067	7.00565	2.88431	62.0465	
0.969873	-0.0123648	-0.243299	-0.0114699	0.995286	-0.0963049	0.243343	0.0961941	0.965159	7.23691	2.97619	62.978	
0.968094	-0.0130643	-0.250245	-0.0119388	0.995101	-0.0981367	0.250301	0.0979932	0.963196	7.47488	3.0698	63.9076	
0.966266	-0.013777	-0.257179	-0.0124215	0.994913	-0.0999668	0.257248	0.099789	0.961179	7.71956	3.16515	64.8353	
0.964386	-0.0145028	-0.2641	-0.0129179	0.994722	-0.101795	0.264182	0.101581	0.959108	7.97092	3.26222	65.761	
0.962456	-0.0152417	-0.271008	-0.013428	0.994526	-0.103621	0.271104	0.10337	0.956983	8.22897	3.36102	66.6847	
0.960476	-0.0159937	-0.277903	-0.0139518	0.994327	-0.105444	0.278013	0.105154	0.954804	8.49369	3.46155	67.6063	
0.958445	-0.0167587	-0.284783	-0.0144891	0.994125	-0.107265	0.284908	0.106934	0.952572	8.76505	3.56379	68.5258	
0.956365	-0.0175368	-0.291649	-0.01504	0.993919	-0.109083	0.291788	0.108709	0.950285	9.04306	3.66774	69.4431	
0.954234	-0.0183278	-0.298499	-0.0156043	0.993709	-0.110897	0.298654	0.11048	0.947945	9.3277	3.77341	70.3582	
0.946803	-0.0210006	-0.321129	-0.0163924	0.993426	-0.113297	0.321397	0.112534	0.940234	9.62662	3.88092	71.2685	
0.938828	-0.0237219	-0.343568	-0.0172381	0.993137	-0.115677	0.343954	0.114523	0.931976	9.94738	3.99039	72.1711	
0.930316	-0.0264901	-0.365802	-0.0181409	0.992844	-0.118035	0.366311	0.116445	0.923178	10.2898	4.10173	73.0654	
0.92127	-0.0293036	-0.387819	-0.0191002	0.992545	-0.120369	0.388455	0.1183	0.913842	10.6537	4.2149	73.9511	
0.911696	-0.0321606	-0.409606	-0.0201155	0.992242	-0.12268	0.410374	0.120086	0.903976	11.0388	4.32983	74.8274	
0.901599	-0.0350597	-0.43115	-0.0211863	0.991935	-0.124965	0.432054	0.121802	0.893585	11.4449	4.44644	75.694	
0.890986	-0.0379991	-0.452439	-0.0223118	0.991623	-0.127222	0.453483	0.123448	0.882674	11.8718	4.56468	76.5503	
0.879862	-0.040977	-0.47346	-0.0234915	0.991307	-0.129452	0.474649	0.125022	0.871251	12.3193	4.68446	77.3959	
0.868234	-0.0439918	-0.494201	-0.0247246	0.990988	-0.131651	0.495538	0.126523	0.859322	12.787	4.80573	78.2302	
0.856109	-0.0470417	-0.51465	-0.0260105	0.990664	-0.13382	0.51614	0.127951	0.846893	13.2747	4.92841	79.0527	
0.843494	-0.050125	-0.534795	-0.0273483	0.990337	-0.135956	0.536443	0.129304	0.833972	13.7822	5.05243	79.8631	
0.830395	-0.0532397	-0.554625	-0.0287374	0.990007	-0.138059	0.556433	0.130582	0.820567	14.309	5.17772	80.6607	
0.816822	-0.0563842	-0.574128	-0.0301769	0.989674	-0.140127	0.5761	0.131785	0.806685	14.855	5.30421	81.4452	
0.802781	-0.0595566	-0.593293	-0.0316659	0.989337	-0.14216	0.595433	0.13291	0.792335	15.4198	5.43181	82.2161	
0.78828	-0.0627551	-0.612108	-0.0332037	0.988998	-0.144155	0.61442	0.133959	0.777524	16.0031	5.56047	82.9729	
0.773329	-0.0659778	-0.630562	-0.0347892	0.988656	-0.146112	0.633049	0.13493	0.762262	16.6045	5.6901	83.7152	
0.757936	-0.0692228	-0.648646	-0.0364217	0.988312	-0.14803	0.651311	0.135822	0.746556	17.2236	5.82063	84.4426	
0.74211	-0.0724882	-0.666347	-0.0381001	0.987966	-0.149907	0.669195	0.136636	0.730417	17.8603	5.95198	85.1547	
0.725859	-0.0757722	-0.683657	-0.0398234	0.987617	-0.151743	0.68669	0.13737	0.713854	18.5139	6.08407	85.8509	
0.709194	-0.0790728	-0.700565	-0.0415907	0.987267	-0.153536	0.703785	0.138024	0.696876	19.1843	6.21684	86.531	
0.692124	-0.0823882	-0.717061	-0.043401	0.986916	-0.155285	0.720472	0.138598	0.679493	19.8709	6.3502	87.1946	
0.674659	-0.0857163	-0.733135	-0.0452532	0.986563	-0.15699	0.736741	0.139092	0.661715	20.5734	6.48407	87.8412	
0.65681	-0.0890553	-0.748779	-0.0471461	0.986209	-0.158649	0.752581	0.139504	0.643553	21.2914	6.61838	88.4704	
0.638585	-0.0924033	-0.763983	-0.0490788	0.985854	-0.160262	0.767984	0.139836	0.625017	22.0244	6.75305	89.082	
0.619997	-0.0957582	-0.778739	-0.05105	0.985498	-0.161826	0.782941	0.140087	0.606118	22.7721	6.888	89.6755	
