1	0	0	0	1	0	0	0	1	0	0	0	
0.999996	4.48679e-06	0.00275509	4.48679e-06	0.999995	-0.00325708	-0.00275509	0.00325708	0.999991	-0.00148886	0.00176014	1.0808	
0.999985	1.79898e-05	0.00551671	1.79895e-05	0.999979	-0.00652177	-0.00551671	0.00652177	0.999964	-0.00595898	0.00704467	2.16159	
0.999966	4.05722e-05	0.00828472	4.0571e-05	0.999952	-0.0097939	-0.00828472	0.0097939	0.999918	-0.0134173	0.0158617	3.24234	
0.999939	7.22955e-05	0.011059	7.22925e-05	0.999915	-0.0130733	-0.011059	0.0130733	0.999853	-0.0238708	0.0282193	4.32302	
0.999904	0.00011322	0.0138393	0.000113214	0.999866	-0.0163598	-0.0138393	0.0163598	0.99977	-0.0373259	0.0441251	5.40363	
0.999862	0.000163406	0.0166256	0.000163395	0.999807	-0.0196532	-0.0166256	0.0196532	0.999669	-0.0537893	0.0635867	6.48413	
0.999811	0.00022291	0.0194177	0.000222893	0.999737	-0.0229534	-0.0194177	0.0229534	0.999548	-0.0732673	0.0866115	7.56452	
0.999753	0.000291789	0.0222154	0.000291764	0.999655	-0.0262601	-0.0222154	0.0262601	0.999408	-0.0957661	0.113207	8.64477	
0.999687	0.000370098	0.0250187	0.000370062	0.999563	-0.0295732	-0.0250187	0.0295732	0.999249	-0.121292	0.143379	9.72485	
0.999613	0.000457893	0.0278273	0.000457843	0.999459	-0.0328926	-0.0278273	0.0328926	0.999071	-0.14985	0.177136	10.8048	
0.99953	0.000555224	0.0306411	0.000555158	0.999344	-0.036218	-0.0306411	0.036218	0.998874	-0.181446	0.214484	11.8845	
0.99944	0.000662144	0.0334599	0.000662058	0.999217	-0.0395492	-0.0334599	0.0395492	0.998657	-0.216087	0.255429	12.9639	
0.999341	0.000778703	0.0362837	0.000778593	0.99908	-0.0428861	-0.0362837	0.0428861	0.998421	-0.253777	0.299977	14.0432	
0.999234	0.00090495	0.0391122	0.000904812	0.99893	-0.0462286	-0.0391122	0.0462286	0.998165	-0.294521	0.348135	15.1221	
0.999119	0.00104093	0.0419453	0.00104076	0.99877	-0.0495764	-0.0419453	0.0495764	0.997889	-0.338325	0.399909	16.2008	
0.998996	0.0011867	0.0447829	0.00118649	0.998598	-0.0529293	-0.0447829	0.0529293	0.997594	-0.385193	0.455303	17.2792	
0.998864	0.00134229	0.0476248	0.00134204	0.998414	-0.0562873	-0.0476248	0.0562873	0.997278	-0.435131	0.514325	18.3572	
0.998724	0.00150775	0.0504708	0.00150745	0.998218	-0.05965	-0.0504709	0.05965	0.996943	-0.488142	0.576978	19.4349	
0.998576	0.00168312	0.0533209	0.00168277	0.998011	-0.0630174	-0.0533209	0.0630174	0.996587	-0.544232	0.643268	20.5122	
0.998419	0.00186845	0.0561749	0.00186804	0.997792	-0.0663892	-0.0561749	0.0663892	0.996211	-0.603404	0.7132	21.5891	
0.998254	0.00206377	0.0590325	0.00206329	0.997561	-0.0697653	-0.0590325	0.0697653	0.995815	-0.665662	0.786778	22.6656	
0.99808	0.00226912	0.0618938	0.00226857	0.997319	-0.0731455	-0.0618938	0.0731455	0.995399	-0.731012	0.864008	23.7417	
0.997898	0.00248454	0.0647584	0.00248391	0.997064	-0.0765297	-0.0647584	0.0765297	0.994962	-0.799455	0.944893	24.8173	
0.997707	0.00271007	0.0676263	0.00270935	0.996798	-0.0799176	-0.0676263	0.0799175	0.994505	-0.870996	1.02944	25.8924	
0.997508	0.00294573	0.0704973	0.00294493	0.996519	-0.083309	-0.0704974	0.083309	0.994027	-0.945639	1.11765	26.967	
0.9973	0.00319157	0.0733713	0.00319066	0.996229	-0.0867039	-0.0733714	0.0867039	0.993529	-1.02339	1.20952	28.0411	
0.997083	0.00344761	0.0762482	0.0034466	0.995927	-0.090102	-0.0762482	0.0901019	0.993009	-1.10424	1.30507	29.1146	
0.996858	0.00371389	0.0791277	0.00371276	0.995612	-0.0935031	-0.0791277	0.0935031	0.99247	-1.18821	1.40429	30.1876	
0.996624	0.00399044	0.0820097	0.00398917	0.995285	-0.0969071	-0.0820098	0.0969071	0.991909	-1.27529	1.50719	31.26	
0.996381	0.00427727	0.0848941	0.00427587	0.994947	-0.100314	-0.0848942	0.100314	0.991327	-1.36548	1.61377	32.3317	
0.996129	0.00457443	0.0877807	0.00457288	0.994596	-0.103723	-0.0877808	0.103723	0.990725	-1.4588	1.72403	33.4028	
0.995869	0.00488193	0.0906695	0.00488022	0.994233	-0.107135	-0.0906696	0.107135	0.990102	-1.55523	1.83798	34.4733	
0.9956	0.0051998	0.0935601	0.00519792	0.993857	-0.110548	-0.0935602	0.110548	0.989457	-1.65479	1.95562	35.543	
0.995322	0.00552806	0.0964525	0.00552601	0.99347	-0.113964	-0.0964527	0.113964	0.988792	-1.75748	2.07694	36.6121	
0.995036	0.00586674	0.0993466	0.0058645	0.99307	-0.117382	-0.0993467	0.117381	0.988105	-1.86329	2.20196	37.6804	
0.99474	0.00621585	0.102242	0.0062134	0.992657	-0.120801	-0.102242	0.120801	0.987397	-1.97223	2.33068	38.748	
0.994436	0.00657541	0.105139	0.00657275	0.992233	-0.124221	-0.105139	0.124221	0.986669	-2.0843	2.46309	39.8148	
0.994123	0.00694545	0.108037	0.00694256	0.991796	-0.127643	-0.108037	0.127643	0.985918	-2.1995	2.5992	40.8808	
0.993801	0.00732597	0.110936	0.00732285	0.991347	-0.131066	-0.110936	0.131066	0.985147	-2.31783	2.73901	41.946	
0.99347	0.00771699	0.113836	0.00771362	0.990885	-0.134491	-0.113837	0.13449	0.984354	-2.4393	2.88251	43.0103	
0.99313	0.00811853	0.116737	0.0081149	0.990411	-0.137915	-0.116737	0.137915	0.98354	-2.5639	3.02972	44.0737	
0.992781	0.0085306	0.119638	0.00852669	0.989924	-0.141341	-0.119639	0.14134	0.982705	-2.69164	3.18063	45.1363	
0.992423	0.00895321	0.12254	0.00894901	0.989425	-0.144767	-0.122541	0.144766	0.981849	-2.82252	3.33525	46.198	
0.992056	0.00938637	0.125442	0.00938186	0.988914	-0.148193	-0.125443	0.148192	0.980971	-2.95653	3.49356	47.2587	
0.991681	0.00983009	0.128345	0.00982526	0.98839	-0.151619	-0.128345	0.151618	0.980071	-3.09368	3.65558	48.3184	
0.991296	0.0102844	0.131247	0.0102792	0.987854	-0.155045	-0.131248	0.155045	0.97915	-3.23396	3.82131	49.3772	
0.990903	0.0107492	0.134149	0.0107437	0.987305	-0.158471	-0.13415	0.15847	0.978208	-3.37738	3.99073	50.435	
0.9905	0.0112247	0.137051	0.0112188	0.986744	-0.161896	-0.137052	0.161896	0.977244	-3.52394	4.16386	51.4917	
0.990089	0.0117107	0.139953	0.0117044	0.98617	-0.165321	-0.139953	0.16532	0.976259	-3.67364	4.34069	52.5474	
0.989669	0.0122073	0.142854	0.0122006	0.985584	-0.168745	-0.142854	0.168744	0.975253	-3.82647	4.52122	53.602	
0.989239	0.0127144	0.145754	0.0127074	0.984986	-0.172168	-0.145755	0.172167	0.974225	-3.98243	4.70545	54.6555	
0.988801	0.0132322	0.148653	0.0132247	0.984375	-0.17559	-0.148654	0.175589	0.973175	-4.14153	4.89338	55.7079	
0.988354	0.0137606	0.151552	0.0137526	0.983751	-0.179011	-0.151553	0.17901	0.972105	-4.30377	5.085	56.7591	
0.987897	0.0142995	0.154449	0.0142911	0.983115	-0.18243	-0.15445	0.182429	0.971012	-4.46913	5.28033	57.8092	
0.987432	0.014849	0.157345	0.0148401	0.982467	-0.185847	-0.157346	0.185847	0.969899	-4.63763	5.47935	58.8581	
0.986958	0.0154091	0.16024	0.0153997	0.981806	-0.189263	-0.160241	0.189262	0.968763	-4.80925	5.68206	59.9058	
0.986475	0.0159797	0.163133	0.0159698	0.981132	-0.192677	-0.163134	0.192676	0.967607	-4.98401	5.88846	60.9522	
0.985983	0.0165609	0.166024	0.0165504	0.980446	-0.196089	-0.166025	0.196088	0.966429	-5.16189	6.09855	61.9973	
0.985482	0.0171526	0.168914	0.0171416	0.979748	-0.199498	-0.168915	0.199497	0.96523	-5.34289	6.31233	63.0412	
0.984972	0.0177549	0.171801	0.0177433	0.979038	-0.202905	-0.171802	0.202904	0.964009	-5.52702	6.52979	64.0838	
0.984453	0.0183677	0.174687	0.0183555	0.978315	-0.20631	-0.174688	0.206309	0.962767	-5.71426	6.75093	65.125	
0.983925	0.018991	0.17757	0.0189782	0.977579	-0.209711	-0.177571	0.20971	0.961504	-5.90462	6.97574	66.1649	
0.983388	0.0196248	0.18045	0.0196114	0.976831	-0.21311	-0.180452	0.213109	0.96022	-6.0981	7.20424	67.2034	
0.982843	0.0202691	0.183328	0.020255	0.976071	-0.216505	-0.18333	0.216504	0.958914	-6.29469	7.4364	68.2405	
0.982288	0.0209239	0.186204	0.0209091	0.975299	-0.219898	-0.186206	0.219896	0.957587	-6.49439	7.67224	69.2762	
0.981725	0.0215891	0.189077	0.0215736	0.974514	-0.223286	-0.189078	0.223285	0.956239	-6.69719	7.91173	70.3105	
0.97697	0.0267191	0.211697	0.0189595	0.977334	-0.210851	-0.212533	0.210008	0.95432	-6.91424	8.1459	71.343	
0.971662	0.031533	0.234264	0.0160412	0.979981	-0.198444	-0.235832	0.196579	0.951704	-7.15655	8.36563	72.3731	
0.965803	0.0360272	0.25676	0.0128206	0.982452	-0.186077	-0.258958	0.183005	0.948393	-7.42396	8.57078	73.4	
0.9594	0.0401984	0.27917	0.00930021	0.984745	-0.173757	-0.281896	0.169299	0.94439	-7.71625	8.76117	74.4229	
0.952456	0.0440435	0.301477	0.00548256	0.986859	-0.161493	-0.304628	0.155468	0.939697	-8.03323	8.93669	75.4411	
0.944976	0.0475598	0.323665	0.00137043	0.988792	-0.149296	-0.327138	0.141524	0.934319	-8.37466	9.0972	76.4539	
0.936965	0.0507447	0.345718	-0.00303317	0.990543	-0.137172	-0.349409	0.127477	0.928258	-8.74029	9.24257	77.4605	
0.928431	0.0535959	0.367618	-0.00772503	0.99211	-0.125132	-0.371425	0.113337	0.92152	-9.12986	9.37272	78.4602	
0.919378	0.0561112	0.389352	-0.0127017	0.993493	-0.113184	-0.393169	0.0991135	0.914109	-9.54307	9.48753	79.4523	
0.909814	0.0582889	0.410902	-0.0179596	0.99469	-0.101337	-0.414627	0.0848181	0.90603	-9.97964	9.58694	80.4359	
0.899746	0.0601274	0.432252	-0.0234949	0.995701	-0.0895992	-0.435781	0.0704608	0.89729	-10.4392	9.67086	81.4105	
0.88918	0.0616252	0.453389	-0.0293034	0.996524	-0.0779795	-0.456618	0.056052	0.887895	-10.9215	9.73923	82.3753	
0.878125	0.0627814	0.474295	-0.0353811	0.99716	-0.0664864	-0.477122	0.0416023	0.877852	-11.4261	9.792	83.3296	
0.866588	0.0635951	0.494955	-0.0417234	0.997607	-0.0551281	-0.497277	0.0271222	0.867168	-11.9527	9.82915	84.2726	
0.854579	0.0640657	0.515355	-0.0483257	0.997866	-0.0439131	-0.517069	0.0126223	0.855851	-12.5009	9.85062	85.2038	
0.842105	0.0641928	0.53548	-0.0551832	0.997936	-0.0328495	-0.536483	-0.00188677	0.843909	-13.0703	9.85643	86.1224	
0.829176	0.0639763	0.555314	-0.0622909	0.997817	-0.0219453	-0.555506	-0.0163945	0.831351	-13.6605	9.84655	87.0278	
0.815802	0.0634165	0.574844	-0.0696436	0.997509	-0.0112086	-0.574123	-0.0308902	0.818186	-14.271	9.82099	87.9193	
0.801991	0.0625137	0.594056	-0.0772359	0.997013	-0.000647133	-0.592321	-0.0453634	0.804424	-14.9013	9.77978	88.7962	
0.787755	0.0612685	0.612934	-0.0850623	0.996328	0.00973135	-0.610087	-0.0598035	0.790074	-15.5512	9.72295	89.6579	
0.773103	0.059682	0.631466	-0.0931171	0.995456	0.0199193	-0.627408	-0.0741999	0.775148	-16.22	9.65053	90.5038	
0.758047	0.0577552	0.649637	-0.101394	0.994397	0.0299092	-0.64427	-0.0885422	0.759656	-16.9072	9.56257	91.3333	
0.742597	0.0554895	0.667436	-0.109888	0.993151	0.0396939	-0.660662	-0.10282	0.743609	-17.6125	9.45915	92.1457	
0.726765	0.0528866	0.684847	-0.118592	0.99172	0.0492661	-0.676571	-0.117022	0.727019	-18.3351	9.34034	92.9405	
0.710561	0.0499485	0.70186	-0.1275	0.990105	0.0586189	-0.691987	-0.131139	0.709899	-19.0748	9.20623	93.717	
0.693999	0.0466771	0.718461	-0.136605	0.988306	0.0677455	-0.706898	-0.145161	0.69226	-19.8308	9.05691	94.4748	
0.67709	0.0430751	0.734639	-0.145901	0.986326	0.0766391	-0.721292	-0.159076	0.674116	-20.6026	8.89248	95.2133	
0.659846	0.0391449	0.750381	-0.155381	0.984166	0.0852934	-0.73516	-0.172875	0.65548	-21.3897	8.71309	95.9318	
0.64228	0.0348894	0.765676	-0.165038	0.981826	0.0937019	-0.748491	-0.186549	0.636365	-22.1916	8.51884	96.63	
0.624404	0.0303117	0.780513	-0.174865	0.979309	0.101859	-0.761276	-0.200085	0.616786	-23.0075	8.30989	97.3072	
0.606233	0.0254153	0.794881	-0.184855	0.976618	0.109757	-0.773505	-0.213476	0.596756	-23.8369	8.08638	97.9631	
0.587779	0.0202036	0.808769	-0.195	0.973752	0.117393	-0.785169	-0.226711	0.576291	-24.6793	7.84849	98.597	
0.569055	0.0146805	0.822168	-0.205294	0.970716	0.124759	-0.796261	-0.239781	0.555405	-25.534	7.59638	99.2086	
