1	0	0	0	1	0	0	0	1	0	0	0	
1	1.79468e-07	0.000872405	1.79468e-07	1	-0.000411432	-0.000872405	0.000411432	1	-0.000395887	0.000186703	0.907576	
0.999998	7.18343e-07	0.00174525	7.18568e-07	1	-0.000823328	-0.00174525	0.000823328	0.999998	-0.00158375	0.000747022	1.81515	
0.999997	1.61734e-06	0.00261848	1.61825e-06	0.999999	-0.00123567	-0.00261848	0.00123567	0.999996	-0.00356395	0.00168137	2.72272	
0.999994	2.87714e-06	0.00349209	2.8794e-06	0.999999	-0.00164844	-0.00349209	0.00164844	0.999993	-0.00633686	0.00299015	3.63029	
0.99999	4.49833e-06	0.00436602	4.50285e-06	0.999998	-0.00206163	-0.00436602	0.00206163	0.999988	-0.00990277	0.00467374	4.53786	
0.999986	6.48147e-06	0.00524024	6.48938e-06	0.999997	-0.00247522	-0.00524024	0.00247522	0.999983	-0.014262	0.0067325	5.44542	
0.999981	8.82705e-06	0.00611472	8.83972e-06	0.999996	-0.00288919	-0.00611472	0.00288919	0.999977	-0.0194147	0.00916681	6.35298	
0.999976	1.15355e-05	0.00698943	1.15545e-05	0.999995	-0.00330352	-0.00698943	0.00330352	0.99997	-0.0253612	0.011977	7.26053	
0.999969	1.46072e-05	0.00786432	1.46344e-05	0.999993	-0.0037182	-0.00786432	0.0037182	0.999962	-0.0321017	0.0151634	8.16808	
0.999962	1.80426e-05	0.00873936	1.80799e-05	0.999991	-0.00413321	-0.00873936	0.00413321	0.999953	-0.0396362	0.0187262	9.07562	
0.999954	2.18417e-05	0.00961453	2.18916e-05	0.99999	-0.00454854	-0.00961453	0.00454854	0.999943	-0.047965	0.0226659	9.98315	
0.999945	2.6005e-05	0.0104898	2.60698e-05	0.999988	-0.00496417	-0.0104898	0.00496417	0.999933	-0.0570881	0.0269827	10.8907	
0.999935	3.05324e-05	0.0113651	3.06149e-05	0.999986	-0.00538008	-0.0113651	0.00538008	0.999921	-0.0670055	0.0316767	11.7982	
0.999925	3.54241e-05	0.0122404	3.55274e-05	0.999983	-0.00579625	-0.0122404	0.00579625	0.999908	-0.0777174	0.0367484	12.7057	
0.999914	4.06802e-05	0.0131156	4.08073e-05	0.999981	-0.00621268	-0.0131156	0.00621268	0.999895	-0.0892236	0.0421979	13.6132	
0.999902	4.63007e-05	0.0139909	4.6455e-05	0.999978	-0.00662933	-0.0139909	0.00662933	0.99988	-0.101524	0.0480255	14.5206	
0.999889	5.22853e-05	0.014866	5.24706e-05	0.999975	-0.00704621	-0.014866	0.00704621	0.999865	-0.114619	0.0542313	15.4281	
0.999876	5.86341e-05	0.015741	5.88541e-05	0.999972	-0.00746328	-0.015741	0.00746328	0.999848	-0.128508	0.0608155	16.3355	
0.999862	6.53468e-05	0.0166158	6.56057e-05	0.999969	-0.00788053	-0.0166158	0.00788053	0.999831	-0.143191	0.0677784	17.243	
0.999847	7.24232e-05	0.0174904	7.27252e-05	0.999966	-0.00829795	-0.0174904	0.00829795	0.999813	-0.158668	0.07512	18.1504	
0.999831	7.9863e-05	0.0183648	8.02127e-05	0.999962	-0.00871551	-0.0183648	0.00871552	0.999793	-0.174939	0.0828405	19.0578	
0.999815	8.76657e-05	0.019239	8.80679e-05	0.999958	-0.00913321	-0.019239	0.00913322	0.999773	-0.192003	0.09094	19.9652	
0.999798	9.5831e-05	0.0201128	9.62907e-05	0.999954	-0.00955102	-0.0201128	0.00955103	0.999752	-0.209861	0.0994187	20.8725	
0.99978	0.000104358	0.0209863	0.000104881	0.99995	-0.00996893	-0.0209863	0.00996894	0.99973	-0.228511	0.108277	21.7799	
0.999761	0.000113247	0.0218594	0.000113838	0.999946	-0.0103869	-0.0218594	0.0103869	0.999707	-0.247954	0.117514	22.6872	
0.999742	0.000122497	0.0227321	0.000123162	0.999942	-0.010805	-0.0227321	0.010805	0.999683	-0.268189	0.12713	23.5945	
0.999721	0.000132108	0.0236044	0.000132851	0.999937	-0.0112231	-0.0236044	0.0112231	0.999658	-0.289216	0.137127	24.5018	
0.9997	0.000142077	0.0244761	0.000142907	0.999932	-0.0116412	-0.0244761	0.0116412	0.999633	-0.311034	0.147502	25.409	
0.999679	0.000152406	0.0253474	0.000153328	0.999927	-0.0120594	-0.0253474	0.0120594	0.999606	-0.333643	0.158257	26.3162	
0.999656	0.000163093	0.0262181	0.000164113	0.999922	-0.0124775	-0.0262181	0.0124775	0.999578	-0.357043	0.169392	27.2234	
0.999633	0.000174137	0.0270882	0.000175262	0.999917	-0.0128956	-0.0270882	0.0128956	0.99955	-0.381233	0.180906	28.1306	
0.999609	0.000185536	0.0279578	0.000186774	0.999911	-0.0133137	-0.0279577	0.0133137	0.99952	-0.406212	0.192799	29.0378	
0.999584	0.000197292	0.0288266	0.000198649	0.999906	-0.0137317	-0.0288266	0.0137318	0.99949	-0.43198	0.205072	29.9449	
0.999559	0.000209401	0.0296948	0.000210885	0.9999	-0.0141497	-0.0296948	0.0141497	0.999459	-0.458536	0.217724	30.852	
0.999533	0.000221863	0.0305622	0.000223482	0.999894	-0.0145676	-0.0305622	0.0145676	0.999427	-0.48588	0.230756	31.7591	
0.999506	0.000234677	0.0314289	0.000236438	0.999888	-0.0149853	-0.0314289	0.0149853	0.999394	-0.514011	0.244167	32.6661	
0.999478	0.000247842	0.0322948	0.000249753	0.999881	-0.015403	-0.0322948	0.015403	0.99936	-0.542928	0.257957	33.5731	
0.99945	0.000261356	0.0331599	0.000263426	0.999875	-0.0158205	-0.0331599	0.0158205	0.999325	-0.572631	0.272125	34.4801	
0.999421	0.000275219	0.0340241	0.000277455	0.999868	-0.0162378	-0.0340241	0.0162378	0.999289	-0.603118	0.286673	35.3871	
0.999391	0.000289427	0.0348874	0.000291839	0.999861	-0.016655	-0.0348874	0.016655	0.999252	-0.634389	0.3016	36.294	
0.999361	0.000303981	0.0357498	0.000306577	0.999854	-0.0170719	-0.0357498	0.017072	0.999215	-0.666444	0.316904	37.2008	
0.99933	0.000318879	0.0366112	0.000321668	0.999847	-0.0174887	-0.0366112	0.0174888	0.999177	-0.69928	0.332588	38.1077	
0.999298	0.000334119	0.0374716	0.000337111	0.99984	-0.0179052	-0.0374716	0.0179053	0.999137	-0.732898	0.348649	39.0145	
0.999265	0.000349699	0.038331	0.000352903	0.999832	-0.0183215	-0.038331	0.0183216	0.999097	-0.767296	0.365088	39.9213	
0.999232	0.000365618	0.0391894	0.000369043	0.999824	-0.0187376	-0.0391893	0.0187377	0.999056	-0.802474	0.381905	40.828	
0.999198	0.000381874	0.0400466	0.000385531	0.999816	-0.0191533	-0.0400465	0.0191534	0.999014	-0.83843	0.3991	41.7347	
0.999163	0.000398466	0.0409027	0.000402364	0.999808	-0.0195688	-0.0409026	0.0195689	0.998971	-0.875164	0.416672	42.6414	
0.999128	0.000415391	0.0417576	0.00041954	0.9998	-0.019984	-0.0417575	0.0199841	0.998928	-0.912674	0.43462	43.548	
0.999092	0.000432648	0.0426113	0.000437059	0.999792	-0.0203988	-0.0426112	0.0203989	0.998883	-0.95096	0.452946	44.4546	
0.999055	0.000450234	0.0434638	0.000454917	0.999783	-0.0208133	-0.0434637	0.0208134	0.998838	-0.99002	0.471647	45.3611	
0.999017	0.000468148	0.044315	0.000473114	0.999775	-0.0212274	-0.0443149	0.0212275	0.998792	-1.02985	0.490725	46.2676	
0.998979	0.000486387	0.0451649	0.000491648	0.999766	-0.0216411	-0.0451648	0.0216413	0.998745	-1.07046	0.510178	47.1741	
0.998941	0.00050495	0.0460134	0.000510516	0.999757	-0.0220545	-0.0460134	0.0220546	0.998697	-1.11183	0.530007	48.0805	
0.998901	0.000523835	0.0468606	0.000529716	0.999747	-0.0224674	-0.0468606	0.0224675	0.998649	-1.15398	0.55021	48.9869	
0.998861	0.000543038	0.0477064	0.000549247	0.999738	-0.0228799	-0.0477063	0.0228801	0.998599	-1.19689	0.570789	49.8932	
0.998821	0.000562559	0.0485508	0.000569107	0.999729	-0.0232919	-0.0485507	0.0232921	0.998549	-1.24057	0.591741	50.7995	
0.998779	0.000582394	0.0493936	0.000589293	0.999719	-0.0237035	-0.0493936	0.0237037	0.998498	-1.28502	0.613067	51.7057	
0.998737	0.000602541	0.050235	0.000609803	0.999709	-0.0241146	-0.0502349	0.0241148	0.998446	-1.33023	0.634767	52.6119	
0.998695	0.000622998	0.0510748	0.000630635	0.999699	-0.0245252	-0.0510747	0.0245254	0.998394	-1.3762	0.656839	53.518	
0.998651	0.000643763	0.0519131	0.000651786	0.999689	-0.0249353	-0.051913	0.0249355	0.99834	-1.42294	0.679284	54.4241	
0.998676	0.000632477	0.0514358	0.000514546	0.999752	-0.0222838	-0.0514371	0.0222807	0.998428	-1.46983	0.70071	55.3302	
0.998701	0.00062245	0.050958	0.000378528	0.999807	-0.0196312	-0.0509604	0.019625	0.998508	-1.5163	0.719726	56.2364	
0.998725	0.000613685	0.0504797	0.000243739	0.999856	-0.0169776	-0.0504828	0.0169683	0.998581	-1.56233	0.736332	57.1427	
0.998749	0.000606186	0.0500008	0.000110183	0.999897	-0.0143231	-0.0500044	0.0143107	0.998646	-1.60793	0.750526	58.049	
0.998773	0.000599954	0.0495214	-2.21332e-05	0.999932	-0.0116678	-0.049525	0.0116524	0.998705	-1.6531	0.762308	58.9554	
0.998797	0.000594994	0.0490415	-0.000153205	0.999959	-0.00901175	-0.0490449	0.00899339	0.998756	-1.69783	0.771676	59.8618	
0.99882	0.000591308	0.0485611	-0.000283025	0.99998	-0.00635497	-0.0485639	0.00633373	0.9988	-1.74212	0.778632	60.7683	
0.998843	0.000588898	0.0480801	-0.00041159	0.999993	-0.00369758	-0.048082	0.00367351	0.998837	-1.78598	0.783173	61.6748	
0.998866	0.000587769	0.0475987	-0.000538894	0.999999	-0.00103963	-0.0475993	0.0010128	0.998866	-1.8294	0.7853	62.5813	
0.998889	0.000587922	0.0471168	-0.000664932	0.999998	0.00161879	-0.0471157	-0.00164832	0.998888	-1.87238	0.785011	63.4879	
0.998912	0.000589361	0.0466343	-0.000789698	0.999991	0.00427761	-0.0466314	-0.00430978	0.998903	-1.91492	0.782307	64.3944	
0.998934	0.000592088	0.0461514	-0.000913188	0.999976	0.00693676	-0.0461462	-0.00697151	0.99891	-1.95702	0.777188	65.301	
0.998956	0.000596106	0.045668	-0.0010354	0.999953	0.00959617	-0.0456602	-0.00963344	0.998911	-1.99868	0.769653	66.2076	
0.998978	0.000601417	0.0451841	-0.00115632	0.999924	0.0122558	-0.0451733	-0.0122955	0.998903	-2.0399	0.759702	67.1142	
0.999	0.000608025	0.0446997	-0.00127595	0.999888	0.0149155	-0.0446857	-0.0149576	0.998889	-2.08068	0.747335	68.0208	
0.999022	0.000615931	0.0442149	-0.00139429	0.999845	0.0175752	-0.0441972	-0.0176197	0.998867	-2.12101	0.732552	68.9273	
0.999043	0.000625139	0.0437296	-0.00151132	0.999794	0.0202349	-0.0437079	-0.0202817	0.998838	-2.1609	0.715352	69.8339	
0.999064	0.00063565	0.0432438	-0.00162705	0.999737	0.0228945	-0.0432179	-0.0229435	0.998802	-2.20035	0.695737	70.7404	
0.999085	0.000647466	0.0427576	-0.00174147	0.999672	0.025554	-0.042727	-0.0256051	0.998759	-2.23935	0.673707	71.6468	
0.999426	0.000967935	0.0338763	-0.00254015	0.99892	0.0463983	-0.0337948	-0.0464577	0.998348	-2.27408	0.641004	72.5531	
0.999686	0.00147376	0.025001	-0.0031522	0.997733	0.0672288	-0.0248452	-0.0672865	0.997424	-2.30069	0.589386	73.4588	
0.999867	0.00216469	0.0161362	-0.00357729	0.996111	0.0880345	-0.0158828	-0.0880806	0.995987	-2.31917	0.518879	74.3635	
0.999969	0.00304036	0.00728639	-0.00381521	0.994056	0.108805	-0.00691227	-0.108829	0.994036	-2.32952	0.42952	75.2666	
0.99999	0.00410033	-0.00154376	-0.00386583	0.991568	0.129529	0.00206186	-0.129522	0.991574	-2.33172	0.321354	76.1676	
0.999932	0.00534404	-0.0103497	-0.00372914	0.988649	0.150197	0.0110349	-0.150148	0.988602	-2.32577	0.194438	77.0663	
0.999794	0.00677086	-0.019127	-0.00340519	0.9853	0.170797	0.0200023	-0.170697	0.985121	-2.31169	0.0488361	77.9619	
0.999576	0.00838006	-0.0278711	-0.00289417	0.981524	0.19132	0.0289594	-0.191158	0.981132	-2.28947	-0.115376	78.8542	
0.999279	0.0101708	-0.0365774	-0.00219632	0.977321	0.211753	0.0379016	-0.21152	0.976638	-2.25913	-0.298115	79.7427	
0.998902	0.0121422	-0.0452416	-0.00131201	0.972694	0.232088	0.0468243	-0.231774	0.971642	-2.22068	-0.499285	80.6268	
0.998446	0.0142931	-0.0538591	-0.000241699	0.967646	0.252313	0.0557228	-0.251908	0.966146	-2.17414	-0.718784	81.5062	
0.997911	0.0166226	-0.0624254	0.00101407	0.962178	0.272419	0.0645927	-0.271913	0.960152	-2.11954	-0.956497	82.3804	
0.997297	0.0191294	-0.0709363	0.00245464	0.956295	0.292394	0.0734293	-0.291778	0.953663	-2.05691	-1.2123	83.2489	
0.996605	0.0218122	-0.0793873	0.00407928	0.949998	0.312228	0.0822282	-0.311492	0.946684	-1.98627	-1.48607	84.1113	
0.995835	0.0246696	-0.087774	0.00588715	0.943292	0.331912	0.0909847	-0.331046	0.939218	-1.90766	-1.77766	84.9671	
0.994987	0.0277001	-0.0960922	0.00787732	0.936179	0.351435	0.0996943	-0.35043	0.931268	-1.82113	-2.08692	85.816	
0.994062	0.0309023	-0.104338	0.0100488	0.928664	0.370786	0.108353	-0.369633	0.922839	-1.72672	-2.41369	86.6574	
0.99306	0.0342744	-0.112506	0.0124004	0.920749	0.389957	0.116955	-0.388646	0.913934	-1.62447	-2.7578	87.4909	
0.991982	0.0378148	-0.120593	0.0149309	0.91244	0.408937	0.125498	-0.407459	0.904559	-1.51444	-3.11908	88.3162	
0.990828	0.0415215	-0.128594	0.0176391	0.903741	0.427717	0.133975	-0.426062	0.894719	-1.39669	-3.49734	89.1327	
