1	0	0	0	1	0	0	0	1	0	0	0	
1	-1.10433e-06	0.000805003	-1.10433e-06	0.999996	0.00274367	-0.000805003	-0.00274367	0.999996	-0.000395184	-0.00134689	0.981817	
0.999999	-4.42041e-06	0.0016104	-4.42219e-06	0.999985	0.00549089	-0.0016104	-0.00549089	0.999984	-0.00158093	-0.00538932	1.96363	
0.999997	-9.95304e-06	0.00241615	-9.96015e-06	0.999966	0.00824154	-0.00241615	-0.00824154	0.999963	-0.0035576	-0.0121307	2.94542	
0.999995	-1.77067e-05	0.00322223	-1.77245e-05	0.99994	0.0109955	-0.00322223	-0.0109955	0.999934	-0.00632554	-0.0215743	3.92719	
0.999992	-2.76854e-05	0.00402859	-2.77211e-05	0.999905	0.0137526	-0.00402859	-0.0137526	0.999897	-0.00988503	-0.0337234	4.90892	
0.999988	-3.98931e-05	0.00483519	-3.99556e-05	0.999864	0.0165128	-0.00483519	-0.0165128	0.999852	-0.0142363	-0.048581	5.89062	
0.999984	-5.43332e-05	0.00564201	-5.44332e-05	0.999814	0.019276	-0.00564201	-0.019276	0.999798	-0.0193797	-0.0661501	6.87227	
0.999979	-7.10086e-05	0.006449	-7.11588e-05	0.999757	0.022042	-0.006449	-0.022042	0.999736	-0.0253153	-0.0864335	7.85386	
0.999974	-8.99223e-05	0.00725613	-9.01371e-05	0.999692	0.0248107	-0.00725612	-0.0248107	0.999666	-0.0320433	-0.109434	8.83538	
0.999967	-0.000111077	0.00806336	-0.000111372	0.99962	0.0275819	-0.00806335	-0.0275819	0.999587	-0.0395637	-0.135154	9.81683	
0.999961	-0.000134474	0.00887065	-0.000134868	0.999539	0.0303557	-0.00887064	-0.0303557	0.9995	-0.0478768	-0.163596	10.7982	
0.999953	-0.000160115	0.00967797	-0.000160629	0.999451	0.0331318	-0.00967796	-0.0331318	0.999404	-0.0569825	-0.194763	11.7795	
0.999945	-0.000188002	0.0104853	-0.000188656	0.999355	0.0359101	-0.0104853	-0.0359101	0.9993	-0.0668808	-0.228656	12.7607	
0.999936	-0.000218137	0.0112926	-0.000218955	0.999251	0.0386905	-0.0112925	-0.0386905	0.999187	-0.0775717	-0.265278	13.7417	
0.999927	-0.000250519	0.0120998	-0.000251526	0.99914	0.0414728	-0.0120997	-0.0414729	0.999066	-0.0890552	-0.304631	14.7227	
0.999917	-0.000285148	0.0129068	-0.000286373	0.99902	0.0442571	-0.0129068	-0.0442571	0.998937	-0.101331	-0.346717	15.7035	
0.999906	-0.000322026	0.0137138	-0.000323497	0.998893	0.0470431	-0.0137137	-0.0470431	0.998799	-0.114399	-0.391537	16.6843	
0.999895	-0.000361152	0.0145205	-0.0003629	0.998758	0.0498307	-0.0145204	-0.0498307	0.998652	-0.12826	-0.439093	17.6648	
0.999882	-0.000402525	0.015327	-0.000404583	0.998615	0.0526197	-0.0153269	-0.0526198	0.998497	-0.142912	-0.489387	18.6452	
0.99987	-0.000446144	0.0161333	-0.000448547	0.998464	0.0554102	-0.0161332	-0.0554102	0.998333	-0.158356	-0.54242	19.6255	
0.999856	-0.000492008	0.0169392	-0.000494792	0.998305	0.0582019	-0.0169391	-0.0582019	0.998161	-0.174592	-0.598193	20.6056	
0.999842	-0.000540115	0.0177448	-0.000543319	0.998138	0.0609948	-0.0177448	-0.0609948	0.99798	-0.191618	-0.656708	21.5855	
0.999828	-0.000590463	0.0185501	-0.000594128	0.997963	0.0637886	-0.01855	-0.0637886	0.997791	-0.209436	-0.717965	22.5653	
0.999812	-0.00064305	0.019355	-0.000647217	0.997781	0.0665833	-0.0193548	-0.0665834	0.997593	-0.228044	-0.781966	23.5448	
0.999797	-0.000697874	0.0201594	-0.000702587	0.99759	0.0693789	-0.0201592	-0.0693789	0.997387	-0.247442	-0.848711	24.5242	
0.99978	-0.000754931	0.0209634	-0.000760236	0.997392	0.072175	-0.0209632	-0.0721751	0.997172	-0.267629	-0.918201	25.5033	
0.999763	-0.000814218	0.0217668	-0.000820163	0.997185	0.0749717	-0.0217666	-0.0749717	0.996948	-0.288605	-0.990437	26.4823	
0.999745	-0.000875731	0.0225697	-0.000882366	0.996971	0.0777688	-0.0225695	-0.0777688	0.996716	-0.31037	-1.06542	27.461	
0.999726	-0.000939467	0.0233721	-0.000946842	0.996749	0.0805661	-0.0233718	-0.0805662	0.996475	-0.332923	-1.14315	28.4394	
0.999707	-0.00100542	0.0241738	-0.00101359	0.996519	0.0833636	-0.0241734	-0.0833637	0.996226	-0.356264	-1.22362	29.4177	
0.999688	-0.00107359	0.0249749	-0.00108261	0.996281	0.0861612	-0.0249745	-0.0861613	0.995968	-0.380391	-1.30684	30.3957	
0.999667	-0.00114396	0.0257753	-0.00115389	0.996035	0.0889587	-0.0257748	-0.0889588	0.995702	-0.405304	-1.39281	31.3734	
0.999646	-0.00121654	0.0265749	-0.00122743	0.995781	0.0917559	-0.0265744	-0.0917561	0.995427	-0.431003	-1.48153	32.3509	
0.999624	-0.00129132	0.0273739	-0.00130323	0.995519	0.0945529	-0.0273733	-0.0945531	0.995143	-0.457486	-1.57299	33.328	
0.999602	-0.00136829	0.028172	-0.00138129	0.995249	0.0973494	-0.0281714	-0.0973496	0.994851	-0.484754	-1.66719	34.305	
0.999579	-0.00144744	0.0289694	-0.0014616	0.994972	0.100145	-0.0289687	-0.100146	0.994551	-0.512804	-1.76415	35.2816	
0.999556	-0.00152878	0.0297658	-0.00154415	0.994686	0.102941	-0.0297651	-0.102941	0.994242	-0.541637	-1.86384	36.2579	
0.999532	-0.00161228	0.0305614	-0.00162894	0.994393	0.105735	-0.0305606	-0.105735	0.993925	-0.571252	-1.96628	37.2339	
0.999507	-0.00169795	0.0313561	-0.00171596	0.994092	0.108529	-0.0313551	-0.108529	0.993599	-0.601647	-2.07147	38.2096	
0.999481	-0.00178578	0.0321499	-0.00180521	0.993783	0.111321	-0.0321488	-0.111321	0.993264	-0.632821	-2.17939	39.185	
0.999455	-0.00187576	0.0329426	-0.00189669	0.993466	0.114112	-0.0329414	-0.114113	0.992922	-0.664775	-2.29006	40.16	
0.999429	-0.00196788	0.0337343	-0.00199038	0.993141	0.116902	-0.033733	-0.116903	0.99257	-0.697506	-2.40347	41.1347	
0.999402	-0.00206213	0.034525	-0.00208628	0.992809	0.119691	-0.0345235	-0.119691	0.992211	-0.731014	-2.51962	42.109	
0.999374	-0.0021585	0.0353146	-0.00218438	0.992469	0.122478	-0.035313	-0.122479	0.991843	-0.765297	-2.6385	43.083	
0.999346	-0.00225699	0.036103	-0.00228468	0.992121	0.125264	-0.0361013	-0.125264	0.991466	-0.800355	-2.76012	44.0567	
0.999317	-0.00235759	0.0368904	-0.00238717	0.991765	0.128047	-0.0368884	-0.128048	0.991082	-0.836186	-2.88447	45.0299	
0.999287	-0.00246028	0.0376765	-0.00249183	0.991402	0.130829	-0.0376744	-0.13083	0.990689	-0.87279	-3.01156	46.0028	
0.999257	-0.00256506	0.0384614	-0.00259866	0.991031	0.133609	-0.0384591	-0.133609	0.990288	-0.910165	-3.14137	46.9753	
0.999226	-0.00267191	0.0392451	-0.00270766	0.990652	0.136386	-0.0392426	-0.136387	0.989878	-0.948309	-3.27392	47.9473	
0.999195	-0.00278083	0.0400274	-0.00281881	0.990266	0.139162	-0.0400248	-0.139163	0.98946	-0.987222	-3.40919	48.919	
0.999163	-0.0028918	0.0408085	-0.0029321	0.989872	0.141935	-0.0408056	-0.141936	0.989034	-1.0269	-3.54718	49.8903	
0.99913	-0.00300481	0.0415882	-0.00304753	0.98947	0.144706	-0.0415851	-0.144706	0.9886	-1.06735	-3.6879	50.8611	
0.999097	-0.00311986	0.0423666	-0.00316508	0.989061	0.147474	-0.0423632	-0.147475	0.988158	-1.10856	-3.83133	51.8315	
0.999064	-0.00323692	0.0431435	-0.00328474	0.988644	0.150239	-0.0431399	-0.15024	0.987708	-1.15053	-3.97748	52.8015	
0.999029	-0.00335599	0.043919	-0.00340651	0.98822	0.153001	-0.0439151	-0.153002	0.98725	-1.19327	-4.12635	53.771	
0.998995	-0.00347706	0.044693	-0.00353037	0.987788	0.155761	-0.0446888	-0.155762	0.986783	-1.23677	-4.27792	54.7401	
0.998959	-0.00360011	0.0454655	-0.00365631	0.987349	0.158517	-0.045461	-0.158519	0.986309	-1.28102	-4.43221	55.7087	
0.998924	-0.00372512	0.0462365	-0.00378432	0.986903	0.161271	-0.0462317	-0.161272	0.985827	-1.32604	-4.58919	56.6768	
0.998887	-0.00385209	0.0470059	-0.00391439	0.986449	0.16402	-0.0470007	-0.164022	0.985336	-1.3718	-4.74888	57.6445	
0.99885	-0.00398101	0.0477737	-0.0040465	0.985988	0.166767	-0.0477682	-0.166769	0.984838	-1.41833	-4.91127	58.6117	
0.998813	-0.00411185	0.0485399	-0.00418065	0.98552	0.16951	-0.048534	-0.169512	0.984332	-1.4656	-5.07635	59.5784	
0.998775	-0.00424461	0.0493044	-0.00431681	0.985044	0.172249	-0.0492981	-0.172251	0.983819	-1.51363	-5.24413	60.5446	
0.998736	-0.00437926	0.0500672	-0.00445499	0.984561	0.174985	-0.0500605	-0.174987	0.983297	-1.56241	-5.41459	61.5102	
0.998833	-0.00403347	0.0481265	-0.0044765	0.984484	0.175416	-0.0480873	-0.175427	0.983317	-1.61059	-5.58661	62.4757	
0.998926	-0.00368642	0.0461836	-0.00449709	0.984407	0.175846	-0.0461117	-0.175865	0.983334	-1.65683	-5.75907	63.4411	
0.999015	-0.00333814	0.0442386	-0.00451676	0.984331	0.176274	-0.0441339	-0.176301	0.983346	-1.70113	-5.93195	64.4066	
0.999101	-0.00298866	0.0422917	-0.00453549	0.984254	0.176701	-0.0421539	-0.176734	0.983355	-1.74349	-6.10526	65.372	
0.999182	-0.00263801	0.0403431	-0.0045533	0.984177	0.177127	-0.040172	-0.177166	0.983361	-1.78391	-6.27899	66.3375	
0.99926	-0.00228621	0.0383928	-0.00457017	0.984101	0.17755	-0.0381883	-0.177595	0.983363	-1.82237	-6.45314	67.303	
0.999334	-0.00193331	0.0364411	-0.00458612	0.984025	0.177972	-0.036203	-0.178021	0.983361	-1.85889	-6.62772	68.2685	
0.999404	-0.00157932	0.034488	-0.00460115	0.983949	0.178392	-0.0342162	-0.178444	0.983355	-1.89346	-6.80271	69.234	
0.99947	-0.00122429	0.0325338	-0.00461524	0.983873	0.178809	-0.0322281	-0.178864	0.983346	-1.92608	-6.97812	70.1994	
0.999532	-0.000868231	0.0305786	-0.00462843	0.983797	0.179224	-0.0302388	-0.179282	0.983333	-1.95675	-7.15393	71.1649	
0.999924	0.00234072	0.012145	-0.0042962	0.98652	0.163582	-0.0115984	-0.163622	0.986455	-1.97729	-7.32228	72.1319	
0.999966	0.00525564	-0.00634147	-0.00426007	0.988994	0.147895	0.00704896	-0.147863	0.988983	-1.97952	-7.47519	73.1017	
0.99966	0.00787479	-0.0248697	-0.00452007	0.991216	0.132173	0.0256921	-0.132015	0.990915	-1.96345	-7.6126	74.0737	
0.999005	0.0101966	-0.0434285	-0.00507603	0.993187	0.116424	0.0443197	-0.116088	0.99225	-1.92907	-7.7344	75.0473	
0.998001	0.0122196	-0.0620067	-0.00592763	0.994903	0.100659	0.0629207	-0.100091	0.992987	-1.87643	-7.84053	76.022	
0.99665	0.0139427	-0.0805931	-0.00707434	0.996365	0.0848877	0.0814837	-0.0840331	0.993126	-1.80553	-7.93092	76.997	
0.994951	0.0153647	-0.0991764	-0.00851549	0.997572	0.0691185	0.0999976	-0.067925	0.992666	-1.71644	-8.00552	77.9719	
0.992907	0.0164849	-0.117746	-0.0102502	0.998523	0.0533614	0.118451	-0.0517759	0.991609	-1.60919	-8.06429	78.946	
0.990518	0.0173025	-0.136289	-0.0122774	0.999216	0.0376257	0.136834	-0.0355957	0.989954	-1.48387	-8.10718	79.9189	
0.987786	0.0178171	-0.154797	-0.0145959	0.999653	0.0219212	0.155134	-0.019394	0.987703	-1.34053	-8.13418	80.8898	
0.984712	0.0180284	-0.173256	-0.0172043	0.999832	0.00625705	0.17334	-0.00318063	0.984857	-1.17927	-8.14526	81.8582	
0.981298	0.0179362	-0.191657	-0.0201011	0.999754	-0.00935715	0.191442	0.0130347	0.981417	-1.00019	-8.14042	82.8235	
0.977547	0.0175406	-0.209988	-0.0232844	0.999418	-0.024912	0.209429	0.0292421	0.977387	-0.803386	-8.11967	83.7851	
0.97346	0.0168417	-0.228238	-0.0267524	0.998825	-0.0403982	0.227289	0.0454319	0.972767	-0.588987	-8.08301	84.7425	
0.96904	0.0158402	-0.246396	-0.0305029	0.997976	-0.0558064	0.245013	0.0615944	0.967561	-0.357118	-8.03046	85.6951	
0.96429	0.0145364	-0.264451	-0.0345338	0.996869	-0.0711272	0.262589	0.0777197	0.961773	-0.107919	-7.96207	86.6423	
0.959212	0.0129314	-0.282392	-0.0388425	0.995507	-0.0863515	0.280007	0.0937982	0.955405	0.158459	-7.87787	87.5835	
0.95381	0.0110259	-0.300209	-0.0434266	0.99389	-0.10147	0.297256	0.10982	0.948461	0.441857	-7.7779	88.5181	
0.948087	0.00882111	-0.31789	-0.0482832	0.992019	-0.116474	0.314326	0.125776	0.940946	0.742103	-7.66224	89.4457	
0.942046	0.00631843	-0.335425	-0.0534093	0.989896	-0.131354	0.331206	0.141656	0.932864	1.05902	-7.53095	90.3656	
0.93569	0.00351933	-0.352804	-0.058802	0.987521	-0.146101	0.347887	0.157451	0.924221	1.39241	-7.38411	91.2773	
0.929025	0.000425505	-0.370016	-0.064458	0.984895	-0.160706	0.364359	0.173151	0.91502	1.74207	-7.2218	92.1803	
0.922054	-0.00296119	-0.387051	-0.0703738	0.982021	-0.175161	0.380611	0.188746	0.905268	2.1078	-7.04414	93.0739	
0.91478	-0.00663871	-0.403898	-0.0765459	0.978901	-0.189457	0.396634	0.204228	0.894971	2.48938	-6.85121	93.9577	
0.907209	-0.0106049	-0.420547	-0.0829706	0.975535	-0.203585	0.412417	0.219587	0.884134	2.88657	-6.64315	94.8311	
0.899344	-0.0148572	-0.436988	-0.0896439	0.971927	-0.217536	0.427953	0.234814	0.872765	3.29913	-6.42006	95.6937	
