1	0	0	0	1	0	0	0	1	0	0	0	
0.999999	3.21629e-06	0.0015075	3.21629e-06	0.999991	-0.00426704	-0.0015075	0.00426704	0.99999	-0.000606806	0.00171759	0.805048	
0.999995	1.28532e-05	0.00301299	1.28631e-05	0.999964	-0.00853497	-0.00301299	0.00853497	0.999959	-0.00242642	0.00687073	1.61008	
0.99999	2.88952e-05	0.00451645	2.89347e-05	0.999918	-0.0128037	-0.00451645	0.0128037	0.999908	-0.00545721	0.0154601	2.41508	
0.999982	5.13265e-05	0.00601784	5.14254e-05	0.999854	-0.0170732	-0.00601784	0.0170732	0.999836	-0.00969754	0.0274863	3.22003	
0.999972	8.01312e-05	0.00751713	8.03291e-05	0.999772	-0.0213432	-0.00751713	0.0213432	0.999744	-0.0151457	0.0429499	4.02491	
0.999959	0.000115293	0.00901429	0.00011564	0.999672	-0.0256138	-0.00901429	0.0256138	0.999631	-0.0218	0.0618513	4.82971	
0.999945	0.000156797	0.0105093	0.000157351	0.999553	-0.0298848	-0.0105093	0.0298848	0.999498	-0.0296588	0.084191	5.63441	
0.999928	0.000204624	0.0120021	0.000205455	0.999416	-0.0341562	-0.0120021	0.0341562	0.999344	-0.0387202	0.109969	6.439	
0.999909	0.000258761	0.0134927	0.000259948	0.999261	-0.0384278	-0.0134926	0.0384278	0.99917	-0.0489825	0.139186	7.24345	
0.999888	0.000319188	0.014981	0.00032082	0.999088	-0.0426996	-0.0149809	0.0426996	0.998976	-0.0604438	0.171842	8.04776	
0.999864	0.00038589	0.016467	0.000388067	0.998896	-0.0469714	-0.016467	0.0469714	0.99876	-0.0731024	0.207937	8.8519	
0.999839	0.00045885	0.0179507	0.000461679	0.998686	-0.0512432	-0.0179506	0.0512432	0.998525	-0.0869564	0.247471	9.65586	
0.999811	0.00053805	0.0194321	0.000541651	0.998458	-0.0555149	-0.019432	0.0555149	0.998269	-0.102004	0.290444	10.4596	
0.999781	0.000623473	0.020911	0.000627974	0.998211	-0.0597864	-0.0209109	0.0597864	0.997992	-0.118243	0.336855	11.2632	
0.999749	0.000715101	0.0223876	0.000720641	0.997946	-0.0640575	-0.0223874	0.0640576	0.997695	-0.135672	0.386706	12.0665	
0.999715	0.000812918	0.0238617	0.000819643	0.997663	-0.0683283	-0.0238614	0.0683284	0.997377	-0.154288	0.439995	12.8695	
0.999679	0.000916904	0.0253333	0.000924974	0.997361	-0.0725986	-0.025333	0.0725987	0.997039	-0.17409	0.496721	13.6724	
0.99964	0.00102704	0.0268024	0.00103663	0.997041	-0.0768683	-0.026802	0.0768684	0.996681	-0.195076	0.556886	14.4749	
0.9996	0.00114331	0.028269	0.00115459	0.996702	-0.0811373	-0.0282685	0.0811374	0.996302	-0.217243	0.620487	15.2771	
0.999557	0.0012657	0.029733	0.00127885	0.996345	-0.0854055	-0.0297325	0.0854057	0.995903	-0.24059	0.687525	16.079	
0.999512	0.00139419	0.0311944	0.00140941	0.99597	-0.0896729	-0.0311937	0.0896732	0.995483	-0.265114	0.757999	16.8806	
0.999466	0.00152875	0.0326532	0.00154626	0.995577	-0.0939393	-0.0326524	0.0939396	0.995042	-0.290814	0.831908	17.6818	
0.999417	0.00166937	0.0341093	0.00168938	0.995165	-0.0982047	-0.0341084	0.0982051	0.994582	-0.317687	0.909251	18.4827	
0.999366	0.00181604	0.0355628	0.00183877	0.994735	-0.102469	-0.0355616	0.102469	0.9941	-0.345731	0.990028	19.2832	
0.999313	0.00196872	0.0370135	0.00199442	0.994286	-0.106732	-0.0370121	0.106732	0.993599	-0.374944	1.07424	20.0833	
0.999258	0.00212741	0.0384615	0.00215632	0.993819	-0.110994	-0.0384599	0.110994	0.993077	-0.405323	1.16188	20.883	
0.999201	0.00229209	0.0399067	0.00232446	0.993333	-0.115254	-0.0399048	0.115255	0.992534	-0.436867	1.25295	21.6823	
0.999142	0.00246272	0.0413491	0.00249882	0.99283	-0.119513	-0.0413469	0.119514	0.991971	-0.469573	1.34745	22.4811	
0.999081	0.0026393	0.0427887	0.00267941	0.992307	-0.12377	-0.0427862	0.123771	0.991388	-0.503439	1.44538	23.2794	
0.999018	0.00282181	0.0442254	0.00286621	0.991767	-0.128025	-0.0442225	0.128026	0.990784	-0.538462	1.54673	24.0773	
0.998953	0.00301022	0.0456592	0.0030592	0.991208	-0.132279	-0.0456559	0.13228	0.99016	-0.57464	1.65151	24.8747	
0.998886	0.00320451	0.0470901	0.00325839	0.99063	-0.136531	-0.0470864	0.136532	0.989516	-0.611972	1.75972	25.6716	
0.998817	0.00340467	0.048518	0.00346375	0.990035	-0.140781	-0.0485138	0.140782	0.988851	-0.650453	1.87134	26.4679	
0.998746	0.00361068	0.049943	0.00367529	0.989421	-0.145029	-0.0499383	0.14503	0.988166	-0.690083	1.98639	27.2637	
0.998673	0.00382251	0.0513649	0.00389298	0.988788	-0.149274	-0.0513596	0.149276	0.987461	-0.730858	2.10486	28.0589	
0.998598	0.00404014	0.0527839	0.00411681	0.988137	-0.153518	-0.0527779	0.15352	0.986735	-0.772776	2.22674	28.8536	
0.998521	0.00426355	0.0541997	0.00434678	0.987468	-0.157759	-0.0541931	0.157761	0.985989	-0.815834	2.35204	29.6477	
0.998442	0.00449273	0.0556125	0.00458288	0.986781	-0.161997	-0.0556052	0.162	0.985223	-0.860031	2.48075	30.4411	
0.998362	0.00472764	0.0570222	0.00482508	0.986075	-0.166233	-0.057014	0.166236	0.984436	-0.905363	2.61287	31.234	
0.998279	0.00496828	0.0584287	0.00507339	0.98535	-0.170467	-0.0584197	0.17047	0.98363	-0.951828	2.7484	32.0262	
0.998195	0.00521461	0.0598321	0.00532778	0.984608	-0.174697	-0.0598221	0.174701	0.982803	-0.999424	2.88734	32.8177	
0.998109	0.00546662	0.0612323	0.00558826	0.983847	-0.178925	-0.0612213	0.178929	0.981955	-1.04815	3.02969	33.6086	
0.99802	0.00572429	0.0626292	0.00585479	0.983067	-0.18315	-0.0626171	0.183155	0.981088	-1.09799	3.17544	34.3988	
0.99793	0.00598759	0.0640229	0.00612738	0.98227	-0.187373	-0.0640097	0.187377	0.9802	-1.14897	3.32459	35.1882	
0.997839	0.0062565	0.0654133	0.00640601	0.981454	-0.191592	-0.0653989	0.191596	0.979292	-1.20106	3.47713	35.977	
0.997745	0.00653101	0.0668004	0.00669067	0.98062	-0.195807	-0.0667846	0.195813	0.978365	-1.25426	3.63308	36.765	
0.997649	0.00681108	0.0681842	0.00698135	0.979767	-0.20002	-0.068167	0.200026	0.977416	-1.30858	3.79241	37.5522	
0.997552	0.0070967	0.0695647	0.00727802	0.978896	-0.204229	-0.0695459	0.204236	0.976448	-1.36402	3.95514	38.3387	
0.997453	0.00738784	0.0709417	0.00758068	0.978007	-0.208435	-0.0709214	0.208442	0.97546	-1.42056	4.12125	39.1244	
0.997352	0.00768448	0.0723154	0.00788932	0.977099	-0.212637	-0.0722933	0.212645	0.974452	-1.47821	4.29075	39.9093	
0.99725	0.00798661	0.0736856	0.00820393	0.976174	-0.216836	-0.0736617	0.216844	0.973423	-1.53696	4.46363	40.6934	
0.997145	0.00829418	0.0750524	0.00852448	0.97523	-0.221031	-0.0750266	0.221039	0.972375	-1.59681	4.63989	41.4766	
0.997039	0.0086072	0.0764157	0.00885097	0.974267	-0.225222	-0.0763878	0.225231	0.971306	-1.65776	4.81952	42.259	
0.996931	0.00892562	0.0777755	0.00918338	0.973287	-0.229409	-0.0777455	0.229419	0.970218	-1.7198	5.00253	43.0405	
0.996821	0.00924943	0.0791317	0.0095217	0.972288	-0.233592	-0.0790994	0.233603	0.969109	-1.78293	5.18891	43.8211	
0.996918	0.0089609	0.0779424	0.00975289	0.971596	-0.236446	-0.0778473	0.236478	0.968513	-1.84611	5.37813	44.6011	
0.997013	0.00866748	0.0767484	0.009981	0.970893	-0.239306	-0.0765886	0.239358	0.967906	-1.90827	5.56967	45.3805	
0.997107	0.00836918	0.0755497	0.010206	0.97018	-0.242172	-0.0753236	0.242243	0.967287	-1.96942	5.76352	46.1595	
0.9972	0.00806601	0.0743467	0.0104277	0.969456	-0.245044	-0.0740524	0.245133	0.966657	-2.02955	5.9597	46.938	
0.997292	0.00775797	0.0731395	0.0106463	0.968722	-0.24792	-0.0727752	0.248027	0.966016	-2.08865	6.15821	47.7159	
0.997382	0.00744509	0.0719284	0.0108615	0.967978	-0.250801	-0.0714923	0.250926	0.965363	-2.14672	6.35905	48.4933	
0.997471	0.00712737	0.0707135	0.0110734	0.967223	-0.253687	-0.0702039	0.253829	0.964698	-2.20376	6.56223	49.2702	
0.997559	0.00680484	0.0694951	0.0112818	0.966458	-0.256577	-0.0689101	0.256735	0.964022	-2.25976	6.76775	50.0466	
0.997646	0.0064775	0.0682733	0.0114868	0.965682	-0.259472	-0.0676111	0.259645	0.963334	-2.31471	6.9756	50.8224	
0.997731	0.00614539	0.0670484	0.0116883	0.964897	-0.26237	-0.0663072	0.262558	0.962635	-2.36861	7.1858	51.5977	
0.997815	0.00580851	0.0658206	0.0118863	0.964101	-0.265271	-0.0649985	0.265474	0.961925	-2.42147	7.39835	52.3723	
0.997897	0.0054669	0.06459	0.0120807	0.963294	-0.268176	-0.0636853	0.268392	0.961202	-2.47327	7.61324	53.1465	
0.997978	0.00512057	0.0633569	0.0122714	0.962478	-0.271084	-0.0623677	0.271313	0.960468	-2.52401	7.83049	53.92	
0.998057	0.00476955	0.0621214	0.0124584	0.961651	-0.273994	-0.0610459	0.274235	0.959723	-2.57368	8.05009	54.6929	
0.998135	0.00441388	0.0608838	0.0126418	0.960814	-0.276907	-0.0597202	0.27716	0.958966	-2.6223	8.27204	55.4652	
0.998211	0.00405358	0.0596442	0.0128213	0.959966	-0.279821	-0.0583907	0.280086	0.958198	-2.66984	8.49634	56.2369	
0.998286	0.00368868	0.0584028	0.0129971	0.959109	-0.282738	-0.0570576	0.283012	0.957418	-2.71631	8.723	57.008	
0.99836	0.00331922	0.0571599	0.0131691	0.958242	-0.285656	-0.0557212	0.28594	0.956626	-2.76171	8.95202	57.7785	
0.998431	0.00294522	0.0559156	0.0133371	0.957364	-0.288575	-0.0543815	0.288868	0.955823	-2.80602	9.1834	58.5483	
0.998501	0.00256674	0.0546701	0.0135013	0.956477	-0.291496	-0.0530389	0.291797	0.955009	-2.84926	9.41713	59.3174	
0.99857	0.0021838	0.0534236	0.0136615	0.955579	-0.294417	-0.0516934	0.294725	0.954183	-2.89142	9.65322	60.0859	
0.998636	0.00179644	0.0521762	0.0138178	0.954672	-0.297338	-0.0503453	0.297654	0.953346	-2.93249	9.89167	60.8538	
0.998701	0.00140471	0.0509283	0.0139701	0.953755	-0.30026	-0.0489949	0.300581	0.952497	-2.97248	10.1325	61.6209	
0.998765	0.00100866	0.0496799	0.0141184	0.952828	-0.303181	-0.0476422	0.303508	0.951637	-3.01138	10.3756	62.3874	
0.998826	0.000608315	0.0484312	0.0142626	0.951892	-0.306102	-0.0462875	0.306433	0.950766	-3.04919	10.6211	63.1531	
0.998886	0.000203738	0.0471825	0.0144027	0.950946	-0.309022	-0.0449309	0.309357	0.949884	-3.08591	10.869	63.9182	
0.998944	-0.000205025	0.0459338	0.0145388	0.94999	-0.311941	-0.0435727	0.31228	0.94899	-3.12153	11.1192	64.6825	
0.999001	-0.000617925	0.0446855	0.0146707	0.949025	-0.314859	-0.0422131	0.3152	0.948086	-3.15606	11.3718	65.4462	
0.999056	-0.00103491	0.0434377	0.0147985	0.948051	-0.317775	-0.0408522	0.318118	0.94717	-3.1895	11.6267	66.2091	
0.999109	-0.00145592	0.0421905	0.0149222	0.947067	-0.32069	-0.0394903	0.321034	0.946244	-3.22184	11.884	66.9712	
0.99916	-0.0018809	0.0409441	0.0150417	0.946074	-0.323602	-0.0381275	0.323946	0.945307	-3.25308	12.1436	67.7326	
0.999209	-0.0023098	0.0396988	0.015157	0.945071	-0.326512	-0.036764	0.326856	0.944359	-3.28323	12.4056	68.4932	
0.999257	-0.00274255	0.0384546	0.0152682	0.94406	-0.329419	-0.0354	0.329762	0.9434	-3.31228	12.6699	69.2531	
0.999302	-0.0031791	0.0372118	0.0153751	0.94304	-0.332324	-0.0340358	0.332664	0.942431	-3.34023	12.9366	70.0122	
0.999758	-0.00917748	0.0199784	0.0151633	0.945826	-0.32432	-0.0159196	0.324544	0.945737	-3.36033	13.2011	70.7723	
0.999883	-0.0150264	0.0026881	0.0151052	0.948543	-0.316289	0.00220293	0.316293	0.948659	-3.36586	13.4591	71.5348	
0.999678	-0.0207236	-0.014652	0.0152007	0.951189	-0.308235	0.0203246	0.307913	0.951197	-3.35679	13.7103	72.2996	
0.999142	-0.0262667	-0.032035	0.0154498	0.953763	-0.300162	0.038438	0.299409	0.95335	-3.33313	13.9548	73.0663	
0.998275	-0.0316534	-0.0494537	0.0158524	0.956265	-0.292072	0.0565359	0.290784	0.955117	-3.2949	14.1924	73.8345	
0.997078	-0.0368816	-0.0669011	0.0164083	0.958693	-0.283968	0.0746109	0.28204	0.956497	-3.24211	14.423	74.604	
0.995551	-0.0419492	-0.0843702	0.0171174	0.961047	-0.275854	0.0926556	0.273183	0.957489	-3.17478	14.6465	75.3744	
0.993695	-0.0468541	-0.101854	0.0179793	0.963325	-0.267734	0.110663	0.264215	0.958094	-3.09294	14.8628	76.1455	
0.991511	-0.0515943	-0.119345	0.0189937	0.965527	-0.25961	0.128625	0.25514	0.958311	-2.99661	15.0719	76.917	
0.989	-0.0561678	-0.136837	0.0201601	0.967651	-0.251486	0.146536	0.245961	0.958139	-2.88585	15.2736	77.6884	
