1	0	0	0	1	0	0	0	1	0	0	0	
1	1.57037e-06	0.000730686	1.57037e-06	0.999991	-0.00429833	-0.000730686	0.00429833	0.99999	-0.000369034	0.00217088	1.0101	
0.999999	6.29229e-06	0.00146255	6.29337e-06	0.999963	-0.0086051	-0.00146255	0.0086051	0.999962	-0.00147673	0.00868777	2.02018	
0.999998	1.41819e-05	0.00219557	1.41863e-05	0.999917	-0.0129201	-0.00219557	0.0129201	0.999914	-0.00332427	0.0195591	3.03022	
0.999996	2.5255e-05	0.00292969	2.5266e-05	0.999851	-0.0172432	-0.00292969	0.0172432	0.999847	-0.00591279	0.0347931	4.0402	
0.999993	3.95271e-05	0.0036649	3.9549e-05	0.999767	-0.0215741	-0.0036649	0.0215741	0.999761	-0.00924339	0.0543978	5.0501	
0.99999	5.70132e-05	0.00440114	5.70516e-05	0.999664	-0.0259126	-0.00440114	0.0259126	0.999655	-0.0133172	0.078381	6.05991	
0.999987	7.77279e-05	0.0051384	7.77894e-05	0.999542	-0.0302586	-0.0051384	0.0302586	0.999529	-0.0181351	0.10675	7.0696	
0.999983	0.000101686	0.00587663	0.000101778	0.999401	-0.0346119	-0.00587663	0.0346119	0.999384	-0.0236983	0.139513	8.07915	
0.999978	0.0001289	0.0066158	0.000129033	0.99924	-0.0389722	-0.00661579	0.0389722	0.999218	-0.0300076	0.176677	9.08855	
0.999973	0.000159385	0.00735587	0.000159568	0.99906	-0.0433393	-0.00735587	0.0433393	0.999033	-0.037064	0.218248	10.0978	
0.999967	0.000193154	0.00809682	0.000193397	0.998861	-0.0477132	-0.00809681	0.0477132	0.998828	-0.0448684	0.264235	11.1068	
0.999961	0.000230219	0.00883861	0.000230536	0.998642	-0.0520935	-0.0088386	0.0520935	0.998603	-0.0534216	0.314642	12.1156	
0.999954	0.000270593	0.00958119	0.000270997	0.998404	-0.05648	-0.00958118	0.05648	0.998358	-0.0627246	0.369477	13.1242	
0.999947	0.000314288	0.0103246	0.000314794	0.998145	-0.0608726	-0.0103245	0.0608726	0.998092	-0.072778	0.428746	14.1325	
0.999939	0.000361316	0.0110686	0.00036194	0.997867	-0.0652711	-0.0110686	0.0652711	0.997806	-0.0835826	0.492456	15.1405	
0.99993	0.000411688	0.0118134	0.000412447	0.99757	-0.0696753	-0.0118134	0.0696753	0.9975	-0.0951392	0.56061	16.1482	
0.999921	0.000465414	0.0125589	0.000466327	0.997252	-0.074085	-0.0125589	0.074085	0.997173	-0.107448	0.633217	17.1557	
0.999911	0.000522507	0.013305	0.000523592	0.996914	-0.0784999	-0.0133049	0.0784999	0.996825	-0.120511	0.71028	18.1627	
0.999901	0.000582975	0.0140517	0.000584253	0.996556	-0.0829199	-0.0140516	0.0829199	0.996457	-0.134327	0.791805	19.1694	
0.99989	0.000646829	0.0147989	0.000648323	0.996178	-0.0873447	-0.0147989	0.0873448	0.996068	-0.148898	0.877798	20.1758	
0.999879	0.000714078	0.0155467	0.00071581	0.99578	-0.0917743	-0.0155466	0.0917743	0.995658	-0.164224	0.968262	21.1817	
0.999867	0.000784732	0.016295	0.000786727	0.995361	-0.0962083	-0.0162949	0.0962084	0.995228	-0.180306	1.0632	22.1872	
0.999854	0.000858799	0.0170437	0.000861082	0.994922	-0.100647	-0.0170436	0.100647	0.994776	-0.197144	1.16262	23.1922	
0.999841	0.000936288	0.0177929	0.000938886	0.994462	-0.105089	-0.0177928	0.105089	0.994304	-0.214738	1.26653	24.1968	
0.999828	0.00101721	0.0185425	0.00102015	0.993982	-0.109535	-0.0185423	0.109535	0.99381	-0.233089	1.37493	25.2009	
0.999813	0.00110156	0.0192924	0.00110488	0.993482	-0.113985	-0.0192922	0.113985	0.993295	-0.252197	1.48782	26.2045	
0.999798	0.00118936	0.0200426	0.00119308	0.992961	-0.118439	-0.0200424	0.118439	0.992759	-0.272063	1.6052	27.2076	
0.999783	0.00128062	0.0207932	0.00128477	0.992419	-0.122896	-0.0207929	0.122896	0.992202	-0.292687	1.72709	28.2101	
0.999767	0.00137533	0.021544	0.00137994	0.991856	-0.127356	-0.0215437	0.127356	0.991623	-0.31407	1.85348	29.212	
0.99975	0.0014735	0.022295	0.00147862	0.991273	-0.131818	-0.0222947	0.131818	0.991023	-0.33621	1.98438	30.2134	
0.999733	0.00157515	0.0230463	0.0015808	0.990669	-0.136284	-0.0230459	0.136284	0.990402	-0.359109	2.11978	31.2141	
0.999715	0.00168027	0.0237976	0.0016865	0.990043	-0.140752	-0.0237972	0.140752	0.989759	-0.382768	2.2597	32.2142	
0.999697	0.00178888	0.0245492	0.00179572	0.989397	-0.145222	-0.0245487	0.145222	0.989094	-0.407185	2.40413	33.2136	
0.999678	0.00190097	0.0253008	0.00190846	0.98873	-0.149695	-0.0253002	0.149695	0.988409	-0.432361	2.55308	34.2123	
0.999659	0.00201655	0.0260524	0.00202473	0.988042	-0.154169	-0.0260518	0.154169	0.987701	-0.458296	2.70655	35.2104	
0.999638	0.00213563	0.0268041	0.00214454	0.987333	-0.158645	-0.0268034	0.158645	0.986972	-0.484991	2.86453	36.2077	
0.999618	0.00225821	0.0275558	0.00226789	0.986603	-0.163123	-0.027555	0.163123	0.986221	-0.512445	3.02704	37.2042	
0.999596	0.00238429	0.0283075	0.00239479	0.985852	-0.167602	-0.0283066	0.167602	0.985448	-0.540658	3.19408	38.2	
0.999575	0.00251387	0.029059	0.00252524	0.985079	-0.172082	-0.029058	0.172082	0.984654	-0.56963	3.36563	39.195	
0.999552	0.00264697	0.0298105	0.00265925	0.984286	-0.176563	-0.0298094	0.176563	0.983838	-0.599361	3.54172	40.1892	
0.999529	0.00278357	0.0305618	0.00279681	0.983471	-0.181045	-0.0305606	0.181045	0.983	-0.629851	3.72233	41.1826	
0.999505	0.00292369	0.031313	0.00293794	0.982635	-0.185527	-0.0313117	0.185527	0.98214	-0.6611	3.90747	42.1751	
0.999481	0.00306733	0.0320639	0.00308263	0.981777	-0.19001	-0.0320625	0.19001	0.981258	-0.693107	4.09713	43.1667	
0.999456	0.00321448	0.0328147	0.00323089	0.980899	-0.194493	-0.0328131	0.194493	0.980355	-0.725872	4.29133	44.1574	
0.999431	0.00336515	0.0335651	0.00338272	0.979999	-0.198975	-0.0335634	0.198976	0.97943	-0.759396	4.49005	45.1472	
0.999405	0.00351934	0.0343153	0.00353812	0.979077	-0.203458	-0.0343133	0.203458	0.978482	-0.793677	4.6933	46.136	
0.999378	0.00367705	0.0350651	0.0036971	0.978135	-0.20794	-0.035063	0.207941	0.977513	-0.828716	4.90107	47.1239	
0.999351	0.00383827	0.0358146	0.00385965	0.97717	-0.212422	-0.0358123	0.212422	0.976522	-0.864511	5.11338	48.1108	
0.999323	0.00400302	0.0365636	0.00402578	0.976185	-0.216903	-0.0365611	0.216903	0.975508	-0.901064	5.33021	49.0967	
0.999295	0.00417129	0.0373122	0.00419549	0.975178	-0.221382	-0.0373095	0.221383	0.974473	-0.938372	5.55157	50.0815	
0.999266	0.00434307	0.0380604	0.00436878	0.97415	-0.225861	-0.0380575	0.225862	0.973416	-0.976436	5.77745	51.0653	
0.999236	0.00451837	0.0388081	0.00454564	0.9731	-0.230338	-0.0388049	0.230339	0.972336	-1.01526	6.00785	52.048	
0.999206	0.00469719	0.0395552	0.00472608	0.972029	-0.234814	-0.0395518	0.234815	0.971235	-1.05483	6.24278	53.0296	
0.999176	0.00487951	0.0403018	0.0049101	0.970936	-0.239288	-0.0402981	0.239289	0.970112	-1.09516	6.48223	54.0101	
0.999144	0.00506536	0.0410479	0.00509769	0.969822	-0.24376	-0.0410439	0.243761	0.968967	-1.13624	6.72619	54.9894	
0.999112	0.00525471	0.0417932	0.00528886	0.968687	-0.24823	-0.0417889	0.248231	0.967799	-1.17807	6.97467	55.9676	
0.99908	0.00544756	0.042538	0.00548361	0.96753	-0.252697	-0.0425334	0.252698	0.96661	-1.22066	7.22767	56.9446	
0.999047	0.00564392	0.0432821	0.00568192	0.966351	-0.257162	-0.0432771	0.257163	0.965398	-1.264	7.48517	57.9203	
0.999013	0.00584378	0.0440254	0.00588381	0.965152	-0.261625	-0.0440201	0.261626	0.964165	-1.30809	7.74719	58.8949	
0.998979	0.00604714	0.044768	0.00608926	0.963931	-0.266084	-0.0447623	0.266085	0.96291	-1.35293	8.01371	59.8681	
0.998944	0.00625398	0.0455098	0.00629828	0.962688	-0.270541	-0.0455037	0.270542	0.961632	-1.39852	8.28473	60.8401	
0.998909	0.00646432	0.0462509	0.00651085	0.961424	-0.274994	-0.0462443	0.274995	0.960333	-1.44486	8.56026	61.8108	
0.998873	0.00667814	0.0469911	0.00672699	0.960139	-0.279443	-0.0469841	0.279445	0.959012	-1.49194	8.84028	62.7802	
0.998836	0.00689544	0.0477304	0.00694667	0.958832	-0.283889	-0.047723	0.283891	0.957668	-1.53977	9.12479	63.7482	
0.998771	0.00728001	0.0490254	0.00699381	0.958555	-0.284822	-0.049067	0.284815	0.957326	-1.58866	9.41202	64.7154	
0.998704	0.00766611	0.0503208	0.0070424	0.958276	-0.285757	-0.0504119	0.285741	0.95698	-1.6389	9.70018	65.6822	
0.998635	0.00805369	0.0516165	0.00709244	0.957996	-0.286694	-0.0517573	0.286669	0.956631	-1.6905	9.98927	66.6487	
0.998563	0.00844267	0.0529122	0.00714394	0.957714	-0.287634	-0.0531032	0.287599	0.956278	-1.74346	10.2793	67.6148	
0.998491	0.00883301	0.0542078	0.0071969	0.95743	-0.288575	-0.0544491	0.28853	0.955921	-1.79778	10.5703	68.5805	
0.998416	0.00922463	0.0555029	0.00725133	0.957145	-0.289519	-0.055795	0.289463	0.955562	-1.85346	10.8622	69.5459	
0.998339	0.00961749	0.0567974	0.00730723	0.956858	-0.290465	-0.0571406	0.290398	0.955199	-1.9105	11.1551	70.511	
0.998104	0.0107223	0.0606013	0.00583069	0.963801	-0.266558	-0.0612657	0.266407	0.961912	-1.9703	11.4363	71.4793	
0.997853	0.0117315	0.0644306	0.00425177	0.970144	-0.242492	-0.0653518	0.242246	0.968011	-2.03425	11.6932	72.454	
0.997586	0.0126446	0.0682829	0.00257145	0.975882	-0.218281	-0.0693961	0.21793	0.973494	-2.10231	11.9256	73.4346	
0.997303	0.0134609	0.0721557	0.00079082	0.981013	-0.193942	-0.0733963	0.193476	0.978356	-2.17443	12.1334	74.4205	
0.997003	0.0141799	0.0760465	-0.00108899	0.985532	-0.169489	-0.0773496	0.168898	0.982594	-2.25057	12.3164	75.4109	
0.996689	0.0148012	0.079953	-0.00306678	0.989436	-0.144938	-0.0812536	0.144212	0.986205	-2.33068	12.4746	76.4053	
0.996359	0.0153243	0.0838725	-0.0051413	0.992724	-0.120304	-0.0851058	0.119435	0.989188	-2.4147	12.6077	77.403	
0.996013	0.0157489	0.0878026	-0.00731121	0.995393	-0.0956045	-0.0889037	0.0945814	0.991539	-2.50259	12.7158	78.4034	
0.995653	0.0160748	0.0917408	-0.00957513	0.997441	-0.0708539	-0.092645	0.0696675	0.993259	-2.59429	12.7988	79.4059	
0.995278	0.0163018	0.0956845	-0.0119316	0.998867	-0.0460684	-0.0963271	0.0447092	0.994345	-2.68973	12.8566	80.4098	
0.994889	0.0164296	0.0996313	-0.0143792	0.99967	-0.0212636	-0.0999478	0.0197223	0.994797	-2.78886	12.8891	81.4145	
0.994485	0.0164583	0.103579	-0.0169163	0.999851	0.00354448	-0.103505	-0.00527709	0.994615	-2.89162	12.8964	82.4193	
0.994067	0.0163877	0.107524	-0.0195412	0.999407	0.0283401	-0.106996	-0.0302731	0.993798	-2.99794	12.8784	83.4236	
0.993636	0.0162181	0.111465	-0.0222524	0.998341	0.0531075	-0.110419	-0.0552499	0.992348	-3.10775	12.8353	84.4267	
0.993191	0.0159493	0.115399	-0.025048	0.996652	0.0778308	-0.113771	-0.0801914	0.990265	-3.22099	12.7668	85.4281	
0.992733	0.0155817	0.119323	-0.0279264	0.994342	0.102494	-0.117051	-0.105082	0.987551	-3.33757	12.6733	86.4271	
0.992262	0.0151155	0.123235	-0.0308856	0.991411	0.127082	-0.120256	-0.129905	0.984207	-3.45743	12.5546	87.423	
0.991779	0.0145509	0.127133	-0.0339238	0.987863	0.151579	-0.123384	-0.154646	0.980235	-3.58049	12.4109	88.4152	
0.991283	0.0138883	0.131014	-0.0370391	0.983699	0.175969	-0.126434	-0.179288	0.975638	-3.70666	12.2422	89.403	
0.990776	0.0131281	0.134875	-0.0402294	0.978921	0.200236	-0.129404	-0.203815	0.97042	-3.83588	12.0487	90.3859	
0.990256	0.0122709	0.138715	-0.0434928	0.973534	0.224366	-0.13229	-0.228213	0.964582	-3.96806	11.8305	91.3633	
0.989726	0.0113172	0.14253	-0.046827	0.96754	0.248342	-0.135093	-0.252465	0.958129	-4.10311	11.5877	92.3344	
0.989184	0.0102675	0.146318	-0.0502301	0.960943	0.27215	-0.137809	-0.276556	0.951065	-4.24094	11.3205	93.2987	
0.988632	0.00912258	0.150077	-0.0536999	0.953747	0.295774	-0.140437	-0.300471	0.943395	-4.38148	11.0291	94.2555	
0.98807	0.00788314	0.153804	-0.057234	0.945958	0.319199	-0.142976	-0.324194	0.935124	-4.52462	10.7136	95.2043	
0.987498	0.00654996	0.157497	-0.0608304	0.937579	0.342411	-0.145423	-0.347711	0.926256	-4.67029	10.3742	96.1445	
0.986916	0.00512391	0.161154	-0.0644866	0.928617	0.365394	-0.147778	-0.371005	0.916797	-4.81838	10.0112	97.0753	
0.986325	0.00360588	0.164772	-0.0682004	0.919076	0.388134	-0.150039	-0.394063	0.906754	-4.9688	9.62478	97.9964	
