1	0	0	0	1	0	0	0	1	0	0	0	
0.99999	-3.73576e-06	-0.00457588	-3.73576e-06	0.999999	-0.0016328	0.00457588	0.0016328	0.999988	0.00218972	0.000781352	0.957067	
0.999958	-1.49503e-05	-0.00915307	-1.49556e-05	0.999995	-0.00326723	0.00915307	0.00326723	0.999953	0.00875952	0.00312619	1.91411	
0.999906	-3.36553e-05	-0.0137314	-3.36767e-05	0.999988	-0.00490324	0.0137314	0.00490324	0.999894	0.0197106	0.00703605	2.87111	
0.999832	-5.98622e-05	-0.0183108	-5.99156e-05	0.999979	-0.00654077	0.0183108	0.00654077	0.999811	0.0350439	0.0125124	3.82804	
0.999738	-9.3582e-05	-0.022891	-9.36888e-05	0.999967	-0.00817978	0.022891	0.00817978	0.999705	0.0547604	0.0195567	4.78488	
0.999623	-0.000134825	-0.0274719	-0.000135012	0.999952	-0.00982021	0.0274719	0.00982021	0.999574	0.0788609	0.0281704	5.74161	
0.999486	-0.000183601	-0.0320533	-0.0001839	0.999934	-0.011462	0.0320533	0.011462	0.99942	0.107346	0.0383547	6.6982	
0.999329	-0.00023992	-0.0366352	-0.000240369	0.999914	-0.0131051	0.0366351	0.0131051	0.999243	0.140216	0.050111	7.65463	
0.99915	-0.000303791	-0.0412172	-0.000304433	0.999891	-0.0147495	0.0412172	0.0147495	0.999041	0.177471	0.0634404	8.61089	
0.998951	-0.000375222	-0.0457994	-0.000376105	0.999866	-0.016395	0.0457994	0.016395	0.998816	0.219112	0.0783442	9.56693	
0.99873	-0.000454221	-0.0503815	-0.000455399	0.999837	-0.0180417	0.0503815	0.0180417	0.998567	0.265138	0.0948234	10.5228	
0.998488	-0.000540797	-0.0549634	-0.000542328	0.999806	-0.0196895	0.0549634	0.0196895	0.998294	0.315549	0.112879	11.4783	
0.998225	-0.000634957	-0.0595449	-0.000636906	0.999772	-0.0213383	0.0595449	0.0213384	0.997998	0.370345	0.132513	12.4336	
0.997942	-0.000736706	-0.0641259	-0.000739143	0.999735	-0.0229881	0.0641258	0.0229882	0.997677	0.429526	0.153724	13.3886	
0.997637	-0.000846053	-0.0687062	-0.000849053	0.999696	-0.0246389	0.0687061	0.024639	0.997333	0.493091	0.176516	14.3433	
0.997311	-0.000963002	-0.0732856	-0.000966645	0.999654	-0.0262905	0.0732856	0.0262906	0.996964	0.561039	0.200887	15.2977	
0.996963	-0.00108756	-0.0778641	-0.00109193	0.999609	-0.0279429	0.0778641	0.0279431	0.996572	0.63337	0.22684	16.2516	
0.996595	-0.00121973	-0.0824415	-0.00122492	0.999561	-0.0295961	0.0824414	0.0295963	0.996156	0.710082	0.254375	17.2052	
0.996206	-0.00135952	-0.0870176	-0.00136563	0.999511	-0.0312499	0.0870175	0.0312502	0.995717	0.791174	0.283492	18.1584	
0.995795	-0.00150692	-0.0915922	-0.00151405	0.999457	-0.0329045	0.0915921	0.0329048	0.995253	0.876645	0.314193	19.1112	
0.995364	-0.00166196	-0.0961653	-0.00167021	0.999401	-0.0345596	0.0961651	0.03456	0.994765	0.966494	0.346477	20.0635	
0.994911	-0.00182462	-0.100737	-0.00183412	0.999342	-0.0362153	0.100736	0.0362158	0.994254	1.06072	0.380346	21.0153	
0.994438	-0.00199491	-0.105306	-0.00200577	0.999281	-0.0378714	0.105306	0.037872	0.993718	1.15932	0.415799	21.9666	
0.993943	-0.00217284	-0.109873	-0.00218518	0.999216	-0.039528	0.109873	0.0395287	0.993159	1.26229	0.452838	22.9174	
0.993428	-0.0023584	-0.114439	-0.00237235	0.999149	-0.041185	0.114438	0.0411858	0.992576	1.36963	0.491463	23.8676	
0.992891	-0.0025516	-0.119001	-0.00256729	0.999079	-0.0428422	0.119001	0.0428432	0.991969	1.48134	0.531674	24.8173	
0.992333	-0.00275244	-0.123562	-0.00277001	0.999006	-0.0444998	0.123561	0.0445009	0.991339	1.59741	0.573471	25.7664	
0.991754	-0.00296091	-0.128119	-0.00298051	0.99893	-0.0461575	0.128119	0.0461588	0.990684	1.71785	0.616855	26.7149	
0.991155	-0.00317702	-0.132674	-0.0031988	0.998851	-0.0478154	0.132674	0.0478168	0.990006	1.84265	0.661826	27.6627	
0.990534	-0.00340077	-0.137226	-0.00342488	0.99877	-0.0494734	0.137226	0.049475	0.989303	1.97181	0.708384	28.6099	
0.989892	-0.00363216	-0.141775	-0.00365876	0.998685	-0.0511314	0.141775	0.0511333	0.988577	2.10532	0.756529	29.5564	
0.98923	-0.00387118	-0.146321	-0.00390045	0.998598	-0.0527894	0.14632	0.0527915	0.987828	2.24318	0.80626	30.5021	
0.988546	-0.00411784	-0.150863	-0.00414993	0.998508	-0.0544473	0.150862	0.0544497	0.987054	2.3854	0.857579	31.4472	
0.987842	-0.00437212	-0.155402	-0.00440723	0.998415	-0.0561051	0.155401	0.0561079	0.986257	2.53195	0.910485	32.3915	
0.987116	-0.00463404	-0.159937	-0.00467233	0.998319	-0.0577627	0.159936	0.0577658	0.985436	2.68285	0.964978	33.335	
0.98637	-0.00490358	-0.164468	-0.00494525	0.998221	-0.0594201	0.164467	0.0594235	0.984591	2.83809	1.02106	34.2777	
0.985603	-0.00518075	-0.168995	-0.00522598	0.998119	-0.0610772	0.168994	0.061081	0.983723	2.99766	1.07872	35.2197	
0.984815	-0.00546553	-0.173518	-0.00551453	0.998015	-0.0627339	0.173517	0.0627382	0.982831	3.16157	1.13797	36.1607	
0.984007	-0.00575793	-0.178037	-0.00581089	0.997908	-0.0643902	0.178035	0.0643949	0.981915	3.3298	1.19881	37.1009	
0.983178	-0.00605793	-0.182551	-0.00611507	0.997798	-0.066046	0.182549	0.0660513	0.980975	3.50235	1.26124	38.0402	
0.982328	-0.00636554	-0.187061	-0.00642706	0.997685	-0.0677013	0.187059	0.0677071	0.980013	3.67922	1.32524	38.9786	
0.981457	-0.00668075	-0.191566	-0.00674687	0.997569	-0.0693561	0.191564	0.0693625	0.979026	3.86041	1.39084	39.9161	
0.980566	-0.00700355	-0.196066	-0.0070745	0.997451	-0.0710102	0.196064	0.0710172	0.978016	4.0459	1.45801	40.8526	
0.979654	-0.00733393	-0.200561	-0.00740994	0.997329	-0.0726636	0.200559	0.0726713	0.976983	4.2357	1.52677	41.7882	
0.978721	-0.0076719	-0.205051	-0.00775319	0.997205	-0.0743163	0.205048	0.0743247	0.975926	4.4298	1.59712	42.7227	
0.977768	-0.00801743	-0.209536	-0.00810424	0.997077	-0.0759681	0.209533	0.0759773	0.974845	4.62819	1.66904	43.6562	
0.976794	-0.00837053	-0.214015	-0.00846311	0.996947	-0.0776191	0.214012	0.0776292	0.973742	4.83087	1.74255	44.5887	
0.9758	-0.00873118	-0.218489	-0.00882977	0.996814	-0.0792692	0.218485	0.0792801	0.972614	5.03784	1.81763	45.5201	
0.974786	-0.00909937	-0.222957	-0.00920423	0.996678	-0.0809183	0.222953	0.0809302	0.971464	5.24908	1.8943	46.4504	
0.973751	-0.0094751	-0.227419	-0.00958649	0.996539	-0.0825664	0.227414	0.0825793	0.97029	5.4646	1.97255	47.3796	
0.972696	-0.00985836	-0.231875	-0.00997653	0.996398	-0.0842134	0.23187	0.0842274	0.969093	5.68438	2.05237	48.3077	
0.97162	-0.0102491	-0.236325	-0.0103744	0.996253	-0.0858593	0.236319	0.0858744	0.967873	5.90843	2.13377	49.2346	
0.970524	-0.0106474	-0.240768	-0.01078	0.996106	-0.087504	0.240762	0.0875202	0.96663	6.13673	2.21675	50.1603	
0.969408	-0.0110532	-0.245205	-0.0111933	0.995956	-0.0891474	0.245199	0.0891649	0.965364	6.36928	2.3013	51.0848	
0.968272	-0.0114665	-0.249636	-0.0116145	0.995802	-0.0907895	0.249629	0.0908084	0.964074	6.60607	2.38742	52.0081	
0.967116	-0.0118872	-0.254059	-0.0120434	0.995646	-0.0924303	0.254052	0.0924505	0.962762	6.8471	2.47512	52.9302	
0.965939	-0.0123154	-0.258476	-0.01248	0.995487	-0.0940696	0.258468	0.0940913	0.961427	7.09236	2.56438	53.851	
0.964743	-0.012751	-0.262886	-0.0129244	0.995326	-0.0957075	0.262877	0.0957308	0.960068	7.34184	2.65522	54.7705	
0.963526	-0.0131941	-0.267288	-0.0133765	0.995161	-0.0973438	0.267279	0.0973687	0.958687	7.59554	2.74762	55.6887	
0.96229	-0.0136446	-0.271684	-0.0138364	0.994993	-0.0989786	0.271674	0.0990052	0.957283	7.85345	2.8416	56.6056	
0.961034	-0.0141025	-0.276072	-0.014304	0.994823	-0.100612	0.276061	0.10064	0.955857	8.11556	2.93713	57.5211	
0.959758	-0.0145677	-0.280452	-0.0147792	0.99465	-0.102243	0.280441	0.102273	0.954407	8.38187	3.03424	58.4352	
0.958471	-0.0150449	-0.284792	-0.0162563	0.994102	-0.107227	0.284725	0.107404	0.952573	8.65232	3.13457	59.3478	
0.957164	-0.015546	-0.289128	-0.017756	0.993527	-0.112202	0.289001	0.11253	0.950692	8.92687	3.23982	60.2585	
0.955837	-0.0160708	-0.293459	-0.0192781	0.992925	-0.117168	0.293266	0.11765	0.948764	9.20551	3.34997	61.1675	
0.954489	-0.0166194	-0.297784	-0.0208226	0.992297	-0.122123	0.29752	0.122766	0.94679	9.48822	3.46502	62.0746	
0.95312	-0.0171917	-0.302103	-0.0223893	0.991641	-0.127068	0.301763	0.127875	0.944768	9.775	3.58496	62.9798	
0.951732	-0.0177876	-0.306415	-0.0239782	0.990959	-0.132003	0.305993	0.132978	0.942701	10.0658	3.70979	63.883	
0.950323	-0.0184071	-0.310719	-0.0255891	0.990251	-0.136926	0.310211	0.138075	0.940587	10.3607	3.8395	64.7842	
0.948895	-0.0190501	-0.315015	-0.027222	0.989515	-0.141838	0.314414	0.143165	0.938428	10.6596	3.97408	65.6834	
0.947448	-0.0197164	-0.319302	-0.0288766	0.988754	-0.146738	0.318604	0.148247	0.936223	10.9625	4.11353	66.5805	
0.945981	-0.0204061	-0.323579	-0.030553	0.987966	-0.151626	0.322779	0.153322	0.933973	11.2695	4.25784	67.4755	
0.944495	-0.0211189	-0.327845	-0.032251	0.987151	-0.156502	0.326938	0.158389	0.931678	11.5804	4.40701	68.3682	
0.942991	-0.0218547	-0.3321	-0.0339704	0.98631	-0.161365	0.33108	0.163447	0.929339	11.8953	4.56102	69.2588	
0.941468	-0.0226135	-0.336343	-0.035711	0.985443	-0.166214	0.335206	0.168497	0.926955	12.2141	4.71987	70.1471	
0.941468	-0.0226134	-0.336343	-0.0437204	0.98113	-0.188344	0.334255	0.192025	0.922713	12.5345	4.8924	71.0323	
0.941468	-0.0226134	-0.336343	-0.0517048	0.976255	-0.210365	0.333113	0.215443	0.917943	12.8539	5.08739	71.9131	
0.941468	-0.0226133	-0.336342	-0.0596595	0.970821	-0.232266	0.33178	0.238738	0.912648	13.172	5.30475	72.7892	
0.941468	-0.0226132	-0.336342	-0.0675801	0.964831	-0.254035	0.330258	0.261896	0.90683	13.4889	5.54433	73.6599	
0.941469	-0.0226131	-0.336342	-0.075462	0.958289	-0.275657	0.328546	0.284904	0.900493	13.8041	5.806	74.5248	
0.941469	-0.022613	-0.336341	-0.0833007	0.951199	-0.297122	0.326646	0.307749	0.89364	14.1177	6.08962	75.3834	
0.941469	-0.0226129	-0.336341	-0.0910917	0.943564	-0.318417	0.32456	0.330418	0.886276	14.4293	6.39502	76.2352	
0.941469	-0.0226128	-0.336341	-0.0988306	0.935389	-0.33953	0.322287	0.352897	0.878405	14.7389	6.72203	77.0797	
0.941469	-0.0226127	-0.33634	-0.106513	0.926678	-0.360448	0.31983	0.375175	0.87003	15.0462	7.07045	77.9164	
0.941469	-0.0226125	-0.33634	-0.114134	0.917437	-0.38116	0.31719	0.397238	0.861158	15.351	7.4401	78.7449	
0.941469	-0.0226124	-0.33634	-0.12169	0.907671	-0.401653	0.314368	0.419073	0.851792	15.6533	7.83075	79.5647	
0.941469	-0.0226122	-0.336339	-0.129176	0.897385	-0.421917	0.311366	0.440669	0.841939	15.9527	8.24219	80.3752	
0.941469	-0.0226121	-0.336339	-0.136589	0.886585	-0.441939	0.308186	0.462012	0.831604	16.2492	8.67417	81.1761	
0.94147	-0.0226119	-0.336339	-0.143923	0.875278	-0.461709	0.30483	0.483091	0.820793	16.5426	9.12646	81.9669	
0.94147	-0.0226118	-0.336339	-0.151174	0.86347	-0.481213	0.301299	0.503894	0.809512	16.8326	9.59879	82.7471	
0.94147	-0.0226116	-0.336338	-0.15834	0.851167	-0.500443	0.297596	0.524407	0.797768	17.1192	10.0909	83.5162	
0.94147	-0.0226114	-0.336338	-0.165414	0.838377	-0.519386	0.293722	0.544621	0.785567	17.4022	10.6025	84.274	
0.94147	-0.0226112	-0.336338	-0.172394	0.825108	-0.538031	0.28968	0.564523	0.772916	17.6814	11.1333	85.0198	
0.94147	-0.022611	-0.336338	-0.179275	0.811366	-0.556369	0.285473	0.584102	0.759823	17.9567	11.683	85.7533	
0.94147	-0.0226108	-0.336337	-0.186053	0.797159	-0.574388	0.281102	0.603346	0.746295	18.2278	12.2512	86.4741	
0.94147	-0.0226106	-0.336337	-0.192725	0.782496	-0.592078	0.27657	0.622245	0.732339	18.4947	12.8377	87.1817	
0.94147	-0.0226104	-0.336337	-0.199287	0.767385	-0.60943	0.271879	0.640788	0.717964	18.7571	13.4422	87.8757	
0.94147	-0.0226101	-0.336337	-0.205735	0.751835	-0.626432	0.267033	0.658964	0.703179	19.015	14.0642	88.5558	
0.94147	-0.0226099	-0.336336	-0.212064	0.735854	-0.643076	0.262034	0.676762	0.68799	19.2682	14.7034	89.2216	
