1	0	0	0	1	0	0	0	1	0	0	0	
0.999995	-3.09367e-06	-0.00316137	-3.09367e-06	0.999998	-0.00195716	0.00316137	0.00195716	0.999993	0.00126695	0.000784348	0.801513	
0.99998	-1.23845e-05	-0.00632626	-1.23764e-05	0.999992	-0.00391393	0.00632626	0.00391393	0.999972	0.00506919	0.00313723	1.60302	
0.999955	-2.78849e-05	-0.00949459	-2.78524e-05	0.999983	-0.00587024	0.00949459	0.00587024	0.999938	0.0114095	0.00705832	2.4045	
0.99992	-4.96069e-05	-0.0126663	-4.95255e-05	0.999969	-0.00782606	0.0126663	0.00782606	0.999889	0.0202907	0.0125472	3.20594	
0.999875	-7.75622e-05	-0.0158412	-7.73993e-05	0.999952	-0.00978132	0.0158412	0.00978132	0.999827	0.0317153	0.0196035	4.00734	
0.999819	-0.000111762	-0.0190194	-0.000111477	0.999931	-0.011736	0.0190194	0.011736	0.99975	0.0456859	0.0282267	4.80869	
0.999754	-0.000152217	-0.0222006	-0.00015176	0.999906	-0.01369	0.0222006	0.01369	0.99966	0.0622052	0.0384164	5.60997	
0.999678	-0.000198938	-0.0253849	-0.000198252	0.999878	-0.0156432	0.0253849	0.0156432	0.999555	0.0812755	0.0501719	6.41117	
0.999592	-0.000251935	-0.0285722	-0.000250955	0.999845	-0.0175957	0.0285722	0.0175957	0.999437	0.102899	0.0634927	7.21228	
0.999495	-0.000311218	-0.0317623	-0.000309869	0.999809	-0.0195474	0.0317623	0.0195474	0.999304	0.127079	0.0783781	8.0133	
0.999389	-0.000376796	-0.0349552	-0.000374996	0.999769	-0.0214983	0.0349552	0.0214982	0.999158	0.153816	0.0948275	8.8142	
0.999272	-0.000448678	-0.0381508	-0.000446336	0.999725	-0.0234482	0.0381508	0.0234481	0.998997	0.183114	0.11284	9.61497	
0.999145	-0.000526872	-0.041349	-0.00052389	0.999677	-0.0253971	0.0413491	0.025397	0.998822	0.214974	0.132415	10.4156	
0.999007	-0.000611387	-0.0445498	-0.000607658	0.999626	-0.027345	0.0445499	0.0273449	0.998633	0.249399	0.153552	11.2161	
0.998859	-0.000702231	-0.0477531	-0.000697638	0.999571	-0.0292918	0.0477531	0.0292917	0.99843	0.28639	0.176249	12.0164	
0.9987	-0.000799411	-0.0509587	-0.000793831	0.999512	-0.0312375	0.0509588	0.0312373	0.998212	0.32595	0.200507	12.8166	
0.998532	-0.000902934	-0.0541666	-0.000896234	0.999449	-0.033182	0.0541667	0.0331818	0.99798	0.36808	0.226323	13.6166	
0.998352	-0.00101281	-0.0573768	-0.00100485	0.999382	-0.0351252	0.0573769	0.035125	0.997734	0.412782	0.253698	14.4164	
0.998162	-0.00112904	-0.0605891	-0.00111966	0.999312	-0.0370672	0.0605892	0.0370669	0.997474	0.460058	0.282629	15.216	
0.997962	-0.00125163	-0.0638034	-0.00124069	0.999238	-0.0390078	0.0638036	0.0390075	0.9972	0.509909	0.313117	16.0154	
0.997751	-0.00138059	-0.0670197	-0.00136791	0.99916	-0.0409471	0.06702	0.0409467	0.996911	0.562338	0.345159	16.8145	
0.997529	-0.00151592	-0.0702379	-0.00150134	0.999079	-0.0428849	0.0702382	0.0428844	0.996608	0.617345	0.378755	17.6135	
0.997297	-0.00165763	-0.0734579	-0.00164095	0.998994	-0.0448212	0.0734583	0.0448206	0.996291	0.674933	0.413904	18.4121	
0.997054	-0.00180572	-0.0766797	-0.00178676	0.998905	-0.046756	0.0766801	0.0467553	0.995959	0.735102	0.450603	19.2105	
0.996801	-0.00196019	-0.079903	-0.00193876	0.998812	-0.0486892	0.0799036	0.0486884	0.995613	0.797854	0.488853	20.0087	
0.996537	-0.00212106	-0.083128	-0.00209693	0.998716	-0.0506208	0.0831286	0.0506198	0.995252	0.86319	0.528652	20.8065	
0.996262	-0.00228832	-0.0863544	-0.00226128	0.998616	-0.0525507	0.0863551	0.0525495	0.994878	0.931112	0.569998	21.6041	
0.995976	-0.00246197	-0.0895823	-0.00243181	0.998512	-0.0544788	0.0895831	0.0544774	0.994488	1.00162	0.612889	22.4013	
0.99568	-0.00264203	-0.0928114	-0.0026085	0.998405	-0.0564052	0.0928123	0.0564036	0.994085	1.07472	0.657326	23.1983	
0.995373	-0.00282848	-0.0960418	-0.00279134	0.998293	-0.0583297	0.0960429	0.0583279	0.993667	1.1504	0.703306	23.9949	
0.995056	-0.00302134	-0.0992733	-0.00298034	0.998179	-0.0602523	0.0992745	0.0602502	0.993234	1.22868	0.750827	24.7912	
0.994727	-0.0032206	-0.102506	-0.00317549	0.99806	-0.062173	0.102507	0.0621707	0.992788	1.30954	0.799888	25.5871	
0.994388	-0.00342627	-0.105739	-0.00337677	0.997938	-0.0640917	0.105741	0.0640891	0.992326	1.393	0.850487	26.3826	
0.994038	-0.00363834	-0.108974	-0.00358418	0.997813	-0.0660084	0.108976	0.0660054	0.991851	1.47905	0.902624	27.1778	
0.993677	-0.00385682	-0.112209	-0.00379771	0.997683	-0.067923	0.112211	0.0679196	0.99136	1.56769	0.956295	27.9726	
0.993305	-0.00408171	-0.115445	-0.00401736	0.99755	-0.0698354	0.115448	0.0698317	0.990856	1.65893	1.0115	28.767	
0.992923	-0.004313	-0.118682	-0.00424312	0.997414	-0.0717457	0.118685	0.0717415	0.990337	1.75276	1.06824	29.561	
0.99253	-0.00455069	-0.121919	-0.00447496	0.997274	-0.0736538	0.121922	0.0736491	0.989803	1.84918	1.1265	30.3545	
0.992125	-0.00479479	-0.125157	-0.0047129	0.99713	-0.0755596	0.12516	0.0755544	0.989255	1.9482	1.1863	31.1476	
0.99171	-0.0050453	-0.128395	-0.00495691	0.996983	-0.077463	0.128399	0.0774573	0.988693	2.04982	1.24762	31.9403	
0.991284	-0.0053022	-0.131634	-0.00520699	0.996832	-0.0793642	0.131638	0.0793578	0.988116	2.15403	1.31046	32.7325	
0.990847	-0.0055655	-0.134873	-0.00546312	0.996678	-0.0812628	0.134877	0.0812559	0.987525	2.26084	1.37483	33.5243	
0.990399	-0.0058352	-0.138112	-0.0057253	0.99652	-0.0831591	0.138116	0.0831514	0.986919	2.37024	1.44072	34.3156	
0.989941	-0.00611129	-0.141351	-0.00599352	0.996358	-0.0850528	0.141356	0.0850444	0.986299	2.48224	1.50812	35.1063	
0.989471	-0.00639377	-0.14459	-0.00626775	0.996193	-0.086944	0.144595	0.0869348	0.985665	2.59684	1.57705	35.8966	
0.98899	-0.00668264	-0.147829	-0.006548	0.996025	-0.0888325	0.147835	0.0888225	0.985015	2.71404	1.64748	36.6864	
0.988499	-0.00697789	-0.151067	-0.00683424	0.995853	-0.0907185	0.151074	0.0907075	0.984352	2.83383	1.71943	37.4756	
0.987996	-0.00727952	-0.154306	-0.00712647	0.995678	-0.0926017	0.154313	0.0925898	0.983674	2.95621	1.79289	38.2643	
0.987483	-0.00758752	-0.157544	-0.00742467	0.995499	-0.0944822	0.157552	0.0944693	0.982982	3.08119	1.86785	39.0525	
0.986958	-0.00790189	-0.160782	-0.00772883	0.995317	-0.0963599	0.16079	0.0963459	0.982275	3.20877	1.94432	39.8401	
0.986423	-0.00822262	-0.164019	-0.00803894	0.995131	-0.0982348	0.164028	0.0982196	0.981554	3.33895	2.0223	40.6271	
0.985876	-0.00854971	-0.167256	-0.00835498	0.994942	-0.100107	0.167266	0.10009	0.980818	3.47171	2.10177	41.4135	
0.985319	-0.00888316	-0.170492	-0.00867693	0.994749	-0.101976	0.170502	0.101958	0.980068	3.60708	2.18275	42.1994	
0.984751	-0.00922294	-0.173727	-0.00900479	0.994553	-0.103842	0.173739	0.103823	0.979304	3.74503	2.26521	42.9846	
0.984171	-0.00956906	-0.176962	-0.00933854	0.994354	-0.105705	0.176974	0.105685	0.978525	3.88559	2.34918	43.7692	
0.983483	-0.00997371	-0.180725	-0.0091606	0.994458	-0.104732	0.180768	0.104658	0.977941	4.02895	2.43347	44.5533	
0.982778	-0.0103755	-0.184497	-0.0089789	0.994562	-0.10376	0.18457	0.103629	0.977341	4.17537	2.51694	45.3369	
0.982057	-0.0107743	-0.188276	-0.00879346	0.994664	-0.102788	0.188379	0.102599	0.976722	4.32483	2.59959	46.12	
0.981319	-0.0111702	-0.192063	-0.00860426	0.994766	-0.101817	0.192195	0.101568	0.976087	4.47735	2.68141	46.9026	
0.980565	-0.011563	-0.195856	-0.00841131	0.994866	-0.100847	0.196016	0.100535	0.975433	4.63293	2.76241	47.6847	
0.979793	-0.0119527	-0.199655	-0.00821459	0.994966	-0.099878	0.199844	0.0994999	0.974763	4.79157	2.84257	48.4663	
0.979005	-0.0123393	-0.203461	-0.00801411	0.995064	-0.0989098	0.203677	0.0984638	0.974074	4.95328	2.92191	49.2473	
0.978201	-0.0127226	-0.207272	-0.00780986	0.995161	-0.0979425	0.207515	0.0974261	0.973368	5.11807	3.00041	50.0277	
0.977379	-0.0131027	-0.211088	-0.00760185	0.995258	-0.0969761	0.211357	0.096387	0.972645	5.28594	3.07809	50.8076	
0.976541	-0.0134794	-0.214909	-0.00739006	0.995353	-0.0960106	0.215204	0.0953465	0.971903	5.45689	3.15492	51.5869	
0.975686	-0.0138528	-0.218734	-0.00717449	0.995447	-0.0950461	0.219055	0.0943044	0.971145	5.63092	3.23093	52.3656	
0.974815	-0.0142227	-0.222563	-0.00695515	0.99554	-0.0940825	0.222908	0.0932609	0.970368	5.80804	3.3061	53.1437	
0.973926	-0.0145891	-0.226395	-0.00673202	0.995632	-0.0931199	0.226765	0.092216	0.969574	5.98825	3.38043	53.9211	
0.973021	-0.014952	-0.230231	-0.00650511	0.995723	-0.0921583	0.230624	0.0911696	0.968762	6.17155	3.45392	54.6979	
0.972099	-0.0153114	-0.23407	-0.00627441	0.995813	-0.0911977	0.234486	0.0901218	0.967933	6.35795	3.52658	55.4741	
0.971161	-0.015667	-0.23791	-0.00603992	0.995902	-0.090238	0.238349	0.0890726	0.967086	6.54744	3.59839	56.2495	
0.970206	-0.016019	-0.241753	-0.00580163	0.99599	-0.0892794	0.242214	0.0880219	0.966222	6.74003	3.66936	57.0243	
0.969234	-0.0163673	-0.245597	-0.00555955	0.996076	-0.0883218	0.246079	0.0869698	0.96534	6.93572	3.73949	57.7984	
0.968245	-0.0167118	-0.249442	-0.00531366	0.996162	-0.0873651	0.249945	0.0859163	0.964441	7.1345	3.80878	58.5718	
0.96724	-0.0170525	-0.253289	-0.00506396	0.996247	-0.0864095	0.253811	0.0848614	0.963524	7.33639	3.87722	59.3444	
0.966219	-0.0173893	-0.257135	-0.00481046	0.99633	-0.0854549	0.257677	0.0838051	0.96259	7.54137	3.94481	60.1163	
0.965181	-0.0177222	-0.260981	-0.00455315	0.996413	-0.0845013	0.261543	0.0827473	0.961638	7.74945	4.01156	60.8875	
0.964127	-0.0180512	-0.264827	-0.00429201	0.996494	-0.0835487	0.265407	0.0816882	0.96067	7.96063	4.07746	61.6579	
0.963056	-0.0183762	-0.268672	-0.00402706	0.996575	-0.0825971	0.26927	0.0806276	0.959684	8.17491	4.14251	62.4275	
0.96197	-0.0186971	-0.272516	-0.00375829	0.996654	-0.0816465	0.27313	0.0795656	0.958681	8.39228	4.20671	63.1963	
0.960867	-0.019014	-0.276358	-0.00348568	0.996733	-0.0806968	0.276989	0.0785022	0.957661	8.61275	4.27005	63.9643	
0.959748	-0.0193269	-0.280198	-0.00320924	0.99681	-0.0797482	0.280845	0.0774374	0.956624	8.8363	4.33255	64.7314	
0.958613	-0.0196355	-0.284035	-0.00292897	0.996886	-0.0788006	0.284698	0.0763712	0.95557	9.06295	4.39419	65.4977	
0.957462	-0.0199401	-0.28787	-0.00264486	0.996961	-0.0778539	0.288548	0.0753035	0.9545	9.29268	4.45497	66.2632	
0.956295	-0.0202404	-0.291702	-0.0023569	0.997035	-0.0769082	0.292394	0.0742344	0.953412	9.5255	4.5149	67.0278	
0.955113	-0.0205365	-0.29553	-0.0020651	0.997108	-0.0759635	0.296235	0.073164	0.952309	9.7614	4.57397	67.7916	
0.953915	-0.0208283	-0.299354	-0.00176944	0.99718	-0.0750197	0.300072	0.0720921	0.951188	10.0004	4.63218	68.5544	
0.952701	-0.0211158	-0.303174	-0.00146993	0.997251	-0.0740769	0.303905	0.0710188	0.950052	10.2424	4.68954	69.3163	
0.951473	-0.021399	-0.306989	-0.00116655	0.997321	-0.073135	0.307731	0.069944	0.948899	10.4875	4.74603	70.0774	
0.950025	-0.0216801	-0.311421	0.00487298	0.998494	-0.0546462	0.312136	0.0503977	0.9487	10.736	4.79426	70.8379	
0.948557	-0.0218698	-0.315851	0.0109971	0.999285	-0.036165	0.316416	0.0308311	0.948119	10.9879	4.82681	71.5981	
0.947069	-0.0219681	-0.320277	0.0172034	0.999695	-0.0176988	0.320569	0.0112521	0.947158	11.2432	4.84368	72.3576	
0.945562	-0.0219749	-0.324698	0.0234894	0.999724	0.000744957	0.324592	-0.00833138	0.945817	11.5017	4.84485	73.1163	
0.944037	-0.0218902	-0.329112	0.0298525	0.999371	0.0191589	0.328486	-0.0279115	0.944096	11.7635	4.83032	73.8737	
0.942494	-0.0217141	-0.333517	0.0362902	0.998636	0.0375356	0.332248	-0.0474805	0.941996	12.0283	4.80011	74.6296	
0.940933	-0.0214467	-0.337912	0.0427999	0.99752	0.0558677	0.335876	-0.0670303	0.939518	12.296	4.75422	75.3837	
0.939356	-0.021088	-0.342294	0.049379	0.996024	0.0741478	0.339369	-0.0865533	0.936663	12.5666	4.69266	76.1356	
0.937763	-0.0206382	-0.346661	0.0560248	0.994148	0.0923686	0.342726	-0.106042	0.933431	12.84	4.61548	76.8851	
0.936155	-0.0200974	-0.351013	0.0627347	0.991892	0.110523	0.345946	-0.125487	0.929825	13.116	4.52269	77.6318	
