1	0	0	0	1	0	0	0	1	0	0	0	
0.999996	1.64416e-06	0.00298506	1.64416e-06	0.999999	-0.00110159	-0.00298506	0.00110159	0.999995	-0.00146539	0.000540782	0.981817	
0.999982	6.59109e-06	0.00597666	6.59101e-06	0.999998	-0.00220557	-0.00597666	0.00220557	0.99998	-0.00586479	0.0021643	1.96362	
0.99996	1.48621e-05	0.00897469	1.48618e-05	0.999995	-0.00331189	-0.00897469	0.00331189	0.999954	-0.0132045	0.00487288	2.94541	
0.999928	2.64781e-05	0.011979	2.64772e-05	0.99999	-0.0044205	-0.011979	0.0044205	0.999918	-0.0234909	0.00866878	3.92717	
0.999888	4.14595e-05	0.0149894	4.14578e-05	0.999985	-0.00553136	-0.0149894	0.00553136	0.999872	-0.03673	0.0135542	4.90888	
0.999838	5.98262e-05	0.0180059	5.98233e-05	0.999978	-0.0066444	-0.0180059	0.0066444	0.999816	-0.0529277	0.0195314	5.89055	
0.999779	8.15979e-05	0.0210283	8.15932e-05	0.99997	-0.00775958	-0.0210283	0.00775958	0.999749	-0.07209	0.0266025	6.87215	
0.999711	0.000106794	0.0240564	0.000106786	0.999961	-0.00887686	-0.0240564	0.00887686	0.999671	-0.0942224	0.0347695	7.85369	
0.999633	0.000135432	0.0270901	0.000135422	0.99995	-0.00999618	-0.0270901	0.00999618	0.999583	-0.119331	0.0440344	8.83514	
0.999546	0.000167531	0.0301293	0.000167517	0.999938	-0.0111175	-0.0301293	0.0111175	0.999484	-0.14742	0.0543993	9.8165	
0.99945	0.000203109	0.0331738	0.00020309	0.999925	-0.0122407	-0.0331738	0.0122407	0.999375	-0.178496	0.0658661	10.7978	
0.999344	0.000242182	0.0362235	0.000242158	0.999911	-0.0133659	-0.0362235	0.0133659	0.999254	-0.212564	0.0784366	11.7789	
0.999228	0.000284769	0.0392784	0.000284737	0.999895	-0.0144929	-0.0392784	0.0144929	0.999123	-0.249629	0.0921128	12.7599	
0.999103	0.000330884	0.0423381	0.000330845	0.999878	-0.0156217	-0.0423381	0.0156217	0.998981	-0.289695	0.106896	13.7408	
0.998969	0.000380544	0.0454027	0.000380495	0.99986	-0.0167522	-0.0454027	0.0167522	0.998828	-0.332768	0.122789	14.7216	
0.998824	0.000433764	0.0484719	0.000433705	0.99984	-0.0178844	-0.0484719	0.0178844	0.998664	-0.378852	0.139792	15.7021	
0.998671	0.00049056	0.0515456	0.000490489	0.999819	-0.0190183	-0.0515456	0.0190183	0.99849	-0.427951	0.157908	16.6826	
0.998507	0.000550945	0.0546238	0.000550861	0.999797	-0.0201537	-0.0546238	0.0201537	0.998304	-0.480071	0.177138	17.6628	
0.998333	0.000614934	0.0577062	0.000614835	0.999773	-0.0212907	-0.0577062	0.0212907	0.998107	-0.535215	0.197484	18.6429	
0.99815	0.000682541	0.0607927	0.000682424	0.999748	-0.0224292	-0.0607927	0.0224292	0.997898	-0.593387	0.218946	19.6227	
0.997957	0.000753777	0.0638832	0.000753643	0.999722	-0.0235691	-0.0638832	0.0235691	0.997679	-0.654592	0.241527	20.6024	
0.997754	0.000828657	0.0669776	0.000828502	0.999694	-0.0247104	-0.0669776	0.0247104	0.997448	-0.718832	0.265228	21.5818	
0.997541	0.000907192	0.0700757	0.000907015	0.999665	-0.0258531	-0.0700757	0.0258531	0.997207	-0.786113	0.29005	22.561	
0.997318	0.000989394	0.0731774	0.000989192	0.999635	-0.026997	-0.0731774	0.026997	0.996953	-0.856437	0.315995	23.54	
0.997086	0.00107527	0.0762825	0.00107504	0.999603	-0.0281422	-0.0762825	0.0281422	0.996689	-0.929809	0.343063	24.5187	
0.996843	0.00116484	0.0793909	0.00116458	0.99957	-0.0292886	-0.0793909	0.0292886	0.996413	-1.00623	0.371256	25.4971	
0.99659	0.00125811	0.0825025	0.00125782	0.999536	-0.0304361	-0.0825025	0.0304361	0.996126	-1.08571	0.400576	26.4752	
0.996327	0.00135509	0.0856171	0.00135476	0.9995	-0.0315848	-0.0856171	0.0315847	0.995827	-1.16824	0.431022	27.4531	
0.996054	0.00145578	0.0887346	0.00145542	0.999463	-0.0327344	-0.0887346	0.0327344	0.995517	-1.25383	0.462597	28.4307	
0.995771	0.0015602	0.0918549	0.0015598	0.999425	-0.0338851	-0.0918549	0.033885	0.995196	-1.34248	0.495301	29.4079	
0.995478	0.00166836	0.0949779	0.00166792	0.999385	-0.0350366	-0.0949779	0.0350366	0.994863	-1.4342	0.529136	30.3849	
0.995175	0.00178026	0.0981033	0.00177977	0.999343	-0.0361891	-0.0981033	0.0361891	0.994518	-1.52898	0.564101	31.3615	
0.994861	0.00189591	0.101231	0.00189537	0.999301	-0.0373424	-0.101231	0.0373424	0.994162	-1.62684	0.600198	32.3377	
0.994537	0.00201531	0.104361	0.00201473	0.999257	-0.0384965	-0.104361	0.0384965	0.993794	-1.72777	0.637429	33.3137	
0.994204	0.00213848	0.107493	0.00213785	0.999211	-0.0396514	-0.107493	0.0396513	0.993415	-1.83177	0.675792	34.2892	
0.993859	0.00226542	0.110627	0.00226473	0.999164	-0.0408069	-0.110627	0.0408069	0.993024	-1.93884	0.71529	35.2644	
0.993505	0.00239614	0.113763	0.00239538	0.999116	-0.0419631	-0.113763	0.041963	0.992621	-2.049	0.755922	36.2391	
0.99314	0.00253063	0.1169	0.00252981	0.999067	-0.0431198	-0.1169	0.0431198	0.992207	-2.16224	0.79769	37.2135	
0.992766	0.00266891	0.12004	0.00266802	0.999016	-0.0442771	-0.12004	0.0442771	0.991781	-2.27855	0.840594	38.1875	
0.99238	0.00281098	0.12318	0.00281002	0.998963	-0.0454349	-0.12318	0.0454349	0.991344	-2.39795	0.884635	39.161	
0.991985	0.00295684	0.126322	0.0029558	0.99891	-0.0465931	-0.126322	0.0465931	0.990894	-2.52043	0.929812	40.1341	
0.991579	0.00310649	0.129465	0.00310538	0.998854	-0.0477517	-0.129465	0.0477517	0.990434	-2.646	0.976127	41.1067	
0.991163	0.00325994	0.132608	0.00325875	0.998798	-0.0489107	-0.132608	0.0489106	0.989961	-2.77466	1.02358	42.0789	
0.990737	0.00341719	0.135753	0.00341591	0.99874	-0.0500699	-0.135753	0.0500699	0.989477	-2.9064	1.07217	43.0507	
0.9903	0.00357824	0.138899	0.00357687	0.998681	-0.0512294	-0.138899	0.0512293	0.988981	-3.04123	1.1219	44.0219	
0.989853	0.0037431	0.142045	0.00374163	0.99862	-0.0523891	-0.142045	0.052389	0.988473	-3.17914	1.17277	44.9927	
0.989396	0.00391175	0.145191	0.00391019	0.998558	-0.0535489	-0.145191	0.0535488	0.987953	-3.32015	1.22477	45.9629	
0.988928	0.00408421	0.148338	0.00408254	0.998494	-0.0547088	-0.148338	0.0547087	0.987422	-3.46425	1.27792	46.9326	
0.98845	0.00426047	0.151485	0.00425869	0.998429	-0.0558687	-0.151485	0.0558686	0.986879	-3.61143	1.3322	47.9018	
0.987962	0.00444053	0.154632	0.00443864	0.998363	-0.0570287	-0.154632	0.0570285	0.986325	-3.76171	1.38762	48.8705	
0.987464	0.00462439	0.157779	0.00462239	0.998295	-0.0581886	-0.157779	0.0581884	0.985758	-3.91507	1.44418	49.8386	
0.986955	0.00481205	0.160926	0.00480992	0.998226	-0.0593483	-0.160926	0.0593482	0.98518	-4.07153	1.50188	50.8062	
0.986436	0.00500351	0.164073	0.00500125	0.998155	-0.0605079	-0.164073	0.0605078	0.984591	-4.23108	1.56072	51.7732	
0.985906	0.00519875	0.167218	0.00519637	0.998083	-0.0616673	-0.167219	0.0616671	0.983989	-4.39371	1.6207	52.7395	
0.985366	0.00539779	0.170364	0.00539527	0.99801	-0.0628265	-0.170364	0.0628263	0.983376	-4.55943	1.68181	53.7053	
0.984816	0.00560061	0.173509	0.00559795	0.997935	-0.0639853	-0.173509	0.0639851	0.982752	-4.72824	1.74407	54.6705	
0.984256	0.00580722	0.176652	0.00580441	0.997859	-0.0651438	-0.176652	0.0651436	0.982115	-4.90014	1.80746	55.6351	
0.983686	0.0060176	0.179795	0.00601463	0.997781	-0.0663019	-0.179795	0.0663017	0.981467	-5.07512	1.87198	56.599	
0.983105	0.00623175	0.182937	0.00622863	0.997703	-0.0674596	-0.182937	0.0674593	0.980808	-5.25319	1.93765	57.5623	
0.982514	0.00644967	0.186077	0.00644638	0.997622	-0.0686167	-0.186077	0.0686164	0.980136	-5.43434	2.00445	58.525	
0.981913	0.00667134	0.189216	0.00666789	0.997541	-0.0697733	-0.189216	0.069773	0.979453	-5.61858	2.07239	59.487	
0.981302	0.00689677	0.192353	0.00689314	0.997458	-0.0709293	-0.192353	0.070929	0.978759	-5.80589	2.14146	60.4483	
0.98068	0.00712595	0.195489	0.00712214	0.997373	-0.0720847	-0.195489	0.0720843	0.978053	-5.99629	2.21166	61.4089	
0.979349	0.00760948	0.202035	0.00717552	0.997354	-0.0723472	-0.202051	0.0723028	0.976702	-6.19145	2.28255	62.3685	
0.977973	0.00809452	0.208573	0.00723104	0.997334	-0.0726111	-0.208605	0.0725199	0.975308	-6.39304	2.35364	63.3268	
0.976554	0.00858104	0.215102	0.00728868	0.997314	-0.0728762	-0.215149	0.0727354	0.973869	-6.60107	2.42495	64.2836	
0.975091	0.00906901	0.221621	0.0073484	0.997294	-0.0731423	-0.221684	0.0729489	0.972386	-6.81551	2.49647	65.2391	
0.973584	0.0095584	0.228129	0.00741015	0.997274	-0.073409	-0.228209	0.0731603	0.970859	-7.03637	2.56819	66.193	
0.972033	0.0100492	0.234627	0.00747389	0.997254	-0.0736761	-0.234724	0.0733693	0.969289	-7.26363	2.64013	67.1455	
0.970439	0.0105413	0.241114	0.00753957	0.997234	-0.0739434	-0.241227	0.0735755	0.967676	-7.49728	2.71226	68.0964	
0.968802	0.0110347	0.247589	0.00760713	0.997214	-0.0742107	-0.247718	0.0737789	0.966019	-7.73731	2.7846	69.0456	
0.967122	0.0115294	0.254052	0.00767652	0.997193	-0.0744775	-0.254198	0.0739791	0.964319	-7.98371	2.85714	69.9933	
0.965398	0.0120254	0.260502	0.00774767	0.997173	-0.0747438	-0.260665	0.0741758	0.962576	-8.23646	2.92987	70.9392	
0.958932	0.0137115	0.283305	0.00607363	0.997609	-0.0688406	-0.283571	0.0677342	0.956556	-8.50364	2.99954	71.8814	
0.951923	0.015244	0.305957	0.0042592	0.998006	-0.0629763	-0.306307	0.0612518	0.94996	-8.79323	3.06286	72.8173	
0.944376	0.0166221	0.328446	0.00230547	0.998363	-0.0571543	-0.328859	0.0547324	0.942792	-9.10506	3.1198	73.7465	
0.936296	0.0178449	0.350758	0.000213615	0.998679	-0.0513782	-0.351212	0.0481801	0.935056	-9.43893	3.17032	74.6684	
0.927687	0.0189116	0.37288	-0.0020151	0.998955	-0.0456514	-0.373354	0.0415988	0.926756	-9.79464	3.2144	75.5825	
0.918554	0.0198216	0.394797	-0.00437934	0.999191	-0.0399773	-0.39527	0.0349924	0.917898	-10.172	3.252	76.4881	
0.908904	0.0205744	0.416498	-0.00687768	0.999386	-0.0343595	-0.416949	0.0283649	0.908487	-10.5707	3.2831	77.3847	
0.898741	0.0211695	0.437968	-0.0095086	0.99954	-0.0288012	-0.438376	0.0217204	0.898529	-10.9906	3.30769	78.2718	
0.888073	0.0216066	0.459195	-0.0122705	0.999653	-0.0233059	-0.45954	0.0150627	0.88803	-11.4315	3.32575	79.1489	
0.876904	0.0218853	0.480167	-0.0151618	0.999725	-0.0178768	-0.480426	0.00839602	0.876995	-11.8929	3.33727	80.0154	
0.865243	0.0220056	0.50087	-0.0181807	0.999756	-0.0125172	-0.501023	0.00172425	0.865432	-12.3747	3.34224	80.8708	
0.853096	0.0219672	0.521292	-0.0213253	0.999746	-0.00723032	-0.521318	-0.00494857	0.853348	-12.8766	3.34065	81.7146	
0.84047	0.0217704	0.54142	-0.0245939	0.999695	-0.00201938	-0.541299	-0.0116184	0.84075	-13.3983	3.33252	82.5463	
0.827374	0.0214151	0.561244	-0.0279844	0.999604	0.00311249	-0.560954	-0.0182812	0.827645	-13.9395	3.31784	83.3654	
0.813814	0.0209017	0.580749	-0.0314947	0.999471	0.00816222	-0.580271	-0.0249331	0.814041	-14.4997	3.29663	84.1714	
0.799799	0.0202303	0.599926	-0.0351228	0.999297	0.0131267	-0.599239	-0.0315699	0.799948	-15.0788	3.26889	84.9637	
0.785338	0.0194015	0.618763	-0.0388665	0.999082	0.0180031	-0.617845	-0.0381876	0.785372	-15.6763	3.23464	85.742	
0.77044	0.0184157	0.637247	-0.0427235	0.998827	0.0227883	-0.63608	-0.0447824	0.770323	-16.2919	3.19391	86.5058	
0.755112	0.0172735	0.655368	-0.0466915	0.998531	0.0274795	-0.653931	-0.0513502	0.75481	-16.9252	3.14671	87.2545	
0.739365	0.0159755	0.673115	-0.0507681	0.998195	0.0320739	-0.671388	-0.0578871	0.738842	-17.5758	3.09308	87.9878	
0.723208	0.0145227	0.690477	-0.0549508	0.997819	0.0365687	-0.68844	-0.0643891	0.722429	-18.2434	3.03306	88.7052	
0.706651	0.0129158	0.707444	-0.0592372	0.997403	0.0409612	-0.705078	-0.0708522	0.705581	-18.9275	2.96666	89.4062	
0.689703	0.0111558	0.724006	-0.0636246	0.996948	0.0452487	-0.721291	-0.0772728	0.688308	-19.6278	2.89394	90.0905	
0.672376	0.00924386	0.740152	-0.0681104	0.996453	0.0494286	-0.73707	-0.0836467	0.67062	-20.3438	2.81494	90.7577	
0.654678	0.007181	0.755874	-0.072692	0.995919	0.0534986	-0.752404	-0.0899703	0.652528	-21.075	2.72971	91.4073	
0.636622	0.00496852	0.77116	-0.0773664	0.995346	0.057456	-0.767285	-0.0962396	0.634043	-21.8211	2.63829	92.0389	
