1	0	0	0	1	0	0	0	1	0	0	0	
0.99999	5.32527e-06	-0.00452906	5.32527e-06	0.999997	0.00235158	0.00452906	-0.00235158	0.999987	0.0022714	-0.00117936	1.00303	
0.999959	2.13126e-05	-0.00905937	2.1323e-05	0.999989	0.00470611	0.00905937	-0.00470611	0.999948	0.00908622	-0.00471891	2.00603	
0.999908	4.79811e-05	-0.0135908	4.80227e-05	0.999975	0.00706349	0.0135908	-0.00706349	0.999883	0.0204456	-0.0106216	3.00897	
0.999836	8.53495e-05	-0.0181231	8.54535e-05	0.999956	0.00942364	0.0181231	-0.00942364	0.999791	0.0363506	-0.0188901	4.01184	
0.999743	0.000133435	-0.0226561	0.000133644	0.999931	0.0117865	0.0226561	-0.0117865	0.999674	0.056802	-0.0295273	5.01461	
0.99963	0.000192256	-0.0271897	0.00019262	0.9999	0.0141519	0.0271897	-0.0141519	0.99953	0.0818005	-0.0425359	6.01724	
0.999497	0.000261827	-0.0317237	0.000262411	0.999864	0.0165199	0.0317237	-0.0165199	0.99936	0.111346	-0.0579183	7.01972	
0.999342	0.000342166	-0.0362579	0.000343041	0.999822	0.0188902	0.0362579	-0.0188902	0.999164	0.14544	-0.075677	8.02201	
0.999168	0.000433285	-0.0407922	0.000434536	0.999774	0.0212629	0.0407922	-0.0212629	0.998941	0.184082	-0.0958145	9.02409	
0.998972	0.0005352	-0.0453264	0.000536921	0.99972	0.0236379	0.0453264	-0.0236379	0.998693	0.227272	-0.118333	10.0259	
0.998756	0.000647924	-0.0498603	0.00065022	0.999661	0.026015	0.0498603	-0.026015	0.998417	0.27501	-0.143235	11.0275	
0.998519	0.00077147	-0.0543938	0.000774455	0.999597	0.0283942	0.0543938	-0.0283943	0.998116	0.327295	-0.170522	12.0288	
0.998262	0.00090585	-0.0589267	0.00090965	0.999526	0.0307754	0.0589266	-0.0307755	0.997788	0.384127	-0.200196	13.0298	
0.997984	0.00105107	-0.0634588	0.00105583	0.99945	0.0331584	0.0634587	-0.0331586	0.997433	0.445505	-0.23226	14.0304	
0.997685	0.00120715	-0.0679899	0.001213	0.999367	0.0355433	0.0679898	-0.0355435	0.997053	0.511429	-0.266716	15.0307	
0.997366	0.0013741	-0.0725199	0.00138121	0.999279	0.0379299	0.0725198	-0.0379302	0.996645	0.581896	-0.303564	16.0306	
0.997026	0.00155192	-0.0770487	0.00156045	0.999186	0.0403182	0.0770485	-0.0403185	0.996212	0.656907	-0.342807	17.03	
0.996666	0.00174062	-0.081576	0.00175075	0.999086	0.042708	0.0815758	-0.0427084	0.995752	0.73646	-0.384446	18.029	
0.996284	0.00194022	-0.0861017	0.00195214	0.998981	0.0450993	0.0861015	-0.0450998	0.995265	0.820553	-0.428484	19.0275	
0.995883	0.00215071	-0.0906257	0.00216462	0.998869	0.0474919	0.0906253	-0.0474925	0.994752	0.909184	-0.47492	20.0256	
0.99546	0.0023721	-0.0951476	0.00238821	0.998752	0.0498858	0.0951472	-0.0498866	0.994212	1.00235	-0.523757	21.0231	
0.995017	0.00260441	-0.0996675	0.00262294	0.998629	0.0522809	0.099667	-0.0522818	0.993646	1.10005	-0.574996	22.02	
0.994554	0.00284763	-0.104185	0.00286881	0.9985	0.0546771	0.104185	-0.0546782	0.993054	1.20229	-0.628639	23.0164	
0.99407	0.00310176	-0.1087	0.00312584	0.998365	0.0570743	0.1087	-0.0570756	0.992435	1.30905	-0.684685	24.0121	
0.993565	0.00336682	-0.113213	0.00339404	0.998224	0.0594725	0.113212	-0.059474	0.991789	1.42035	-0.743136	25.0073	
0.99304	0.00364281	-0.117723	0.00367343	0.998077	0.0618714	0.117722	-0.0618733	0.991117	1.53616	-0.803994	26.0017	
0.992494	0.00392972	-0.12223	0.00396402	0.997925	0.0642712	0.122228	-0.0642733	0.990419	1.6565	-0.867259	26.9955	
0.991928	0.00422756	-0.126733	0.00426583	0.997766	0.0666716	0.126732	-0.066674	0.989694	1.78136	-0.932931	27.9885	
0.991341	0.00453633	-0.131234	0.00457885	0.997601	0.0690725	0.131232	-0.0690753	0.988942	1.91073	-1.00101	28.9809	
0.990734	0.00485602	-0.135731	0.00490311	0.99743	0.0714739	0.135729	-0.0714772	0.988164	2.04462	-1.0715	29.9724	
0.990106	0.00518665	-0.140224	0.00523861	0.997254	0.0738758	0.140222	-0.0738794	0.98736	2.18301	-1.1444	30.9632	
0.989458	0.0055282	-0.144714	0.00558535	0.997071	0.0762779	0.144712	-0.076282	0.986529	2.32591	-1.21971	31.9531	
0.98879	0.00588067	-0.1492	0.00594336	0.996882	0.0786802	0.149197	-0.0786849	0.985672	2.47331	-1.29743	32.9422	
0.988101	0.00624407	-0.153682	0.00631264	0.996687	0.0810826	0.153679	-0.081088	0.984788	2.62521	-1.37755	33.9304	
0.987391	0.00661839	-0.158159	0.00669319	0.996487	0.0834851	0.158156	-0.0834911	0.983878	2.7816	-1.46009	34.9177	
0.986662	0.00700362	-0.162632	0.00708502	0.99628	0.0858875	0.162629	-0.0858942	0.982942	2.94248	-1.54504	35.9041	
0.985912	0.00739976	-0.167101	0.00748813	0.996067	0.0882898	0.167097	-0.0882972	0.981979	3.10784	-1.6324	36.8896	
0.985142	0.0078068	-0.171565	0.00790254	0.995848	0.0906918	0.17156	-0.0907001	0.98099	3.27768	-1.72217	37.874	
0.984352	0.00822474	-0.176024	0.00832823	0.995623	0.0930935	0.176019	-0.0931027	0.979974	3.452	-1.81435	38.8575	
0.983541	0.00865357	-0.180477	0.00876522	0.995391	0.0954948	0.180472	-0.0955049	0.978932	3.63079	-1.90894	39.8399	
0.98271	0.00909329	-0.184926	0.00921352	0.995154	0.0978955	0.18492	-0.0979068	0.977864	3.81404	-2.00594	40.8213	
0.98186	0.00954388	-0.189369	0.00967311	0.994911	0.100296	0.189363	-0.100308	0.97677	4.00175	-2.10535	41.8015	
0.980989	0.0100053	-0.193807	0.010144	0.994661	0.102695	0.1938	-0.102709	0.97565	4.19391	-2.20717	42.7807	
0.980098	0.0104776	-0.198239	0.0106262	0.994406	0.105094	0.198232	-0.105109	0.974503	4.39052	-2.31139	43.7588	
0.979187	0.0109608	-0.202666	0.0111197	0.994144	0.107492	0.202657	-0.107508	0.97333	4.59157	-2.41802	44.7356	
0.978256	0.0114548	-0.207086	0.0116245	0.993876	0.109888	0.207077	-0.109906	0.972132	4.79706	-2.52706	45.7113	
0.977305	0.0119596	-0.2115	0.0121406	0.993602	0.112284	0.21149	-0.112304	0.970907	5.00698	-2.6385	46.6858	
0.976334	0.0124752	-0.215908	0.012668	0.993322	0.114679	0.215897	-0.1147	0.969656	5.22132	-2.75235	47.659	
0.975343	0.0130016	-0.22031	0.0132067	0.993036	0.117072	0.220297	-0.117095	0.968379	5.44008	-2.86859	48.6309	
0.974333	0.0135389	-0.224704	0.0137566	0.992743	0.119464	0.224691	-0.119489	0.967076	5.66325	-2.98725	49.6016	
0.973303	0.0140868	-0.229092	0.0143179	0.992445	0.121855	0.229078	-0.121882	0.965747	5.89082	-3.1083	50.571	
0.972253	0.0146456	-0.233473	0.0148904	0.99214	0.124244	0.233458	-0.124273	0.964393	6.12279	-3.23175	51.539	
0.971183	0.015215	-0.237847	0.0154742	0.991829	0.126632	0.237831	-0.126663	0.963012	6.35915	-3.3576	52.5056	
0.970094	0.0157952	-0.242214	0.0160693	0.991512	0.129017	0.242196	-0.129051	0.961606	6.59989	-3.48584	53.4708	
0.968986	0.0163861	-0.246574	0.0166756	0.991189	0.131402	0.246554	-0.131438	0.960175	6.845	-3.61648	54.4346	
0.967857	0.0169877	-0.250925	0.0172932	0.99086	0.133784	0.250905	-0.133823	0.958717	7.09449	-3.74951	55.397	
0.96671	0.0175999	-0.25527	0.017922	0.990524	0.136164	0.255247	-0.136206	0.957234	7.34833	-3.88494	56.3578	
0.965543	0.0182228	-0.259606	0.018562	0.990183	0.138542	0.259582	-0.138587	0.955725	7.60653	-4.02275	57.3172	
0.964356	0.0188564	-0.263934	0.0192133	0.989835	0.140918	0.263908	-0.140966	0.954191	7.86906	-4.16295	58.2751	
0.963151	0.0195005	-0.268254	0.0198757	0.989481	0.143292	0.268227	-0.143344	0.952632	8.13594	-4.30554	59.2314	
0.961926	0.0201552	-0.272566	0.0205494	0.989121	0.145664	0.272537	-0.145719	0.951047	8.40714	-4.45051	60.1861	
0.960682	0.0208205	-0.276869	0.0212342	0.988754	0.148033	0.276838	-0.148091	0.949436	8.68266	-4.59786	61.1392	
0.959419	0.0214964	-0.281164	0.0219302	0.988382	0.150399	0.281131	-0.150462	0.947801	8.96249	-4.74759	62.0907	
0.958137	0.0221827	-0.28545	0.0226374	0.988003	0.152763	0.285415	-0.15283	0.94614	9.24662	-4.89969	63.0406	
0.957184	0.0227	-0.28859	0.0243543	0.987072	0.158419	0.288455	-0.158664	0.944256	9.53443	-5.05591	63.9886	
0.95622	0.0232369	-0.291724	0.02609	0.986104	0.164065	0.291483	-0.164494	0.942327	9.82528	-5.21798	64.9348	
0.955246	0.0237933	-0.294853	0.0278444	0.985102	0.169702	0.294498	-0.170317	0.940353	10.1192	-5.3859	65.879	
0.954262	0.0243692	-0.297976	0.0296172	0.984064	0.175328	0.2975	-0.176134	0.938334	10.4161	-5.55965	66.8212	
0.953268	0.0249644	-0.301091	0.0314084	0.982992	0.180943	0.300488	-0.181944	0.936271	10.716	-5.73923	67.7613	
0.952265	0.0255787	-0.3042	0.0332176	0.981884	0.186546	0.303461	-0.187746	0.934164	11.0188	-5.92464	68.6994	
0.951252	0.0262121	-0.3073	0.0350448	0.980742	0.192137	0.306418	-0.19354	0.932014	11.3247	-6.11586	69.6353	
0.953706	0.0245444	-0.299737	0.0422117	0.975873	0.214221	0.297763	-0.216956	0.92966	11.6277	-6.32174	70.569	
0.95609	0.022687	-0.292195	0.049171	0.970449	0.236241	0.28892	-0.240235	0.926721	11.922	-6.55104	71.5001	
0.958401	0.0206411	-0.284679	0.0559183	0.964476	0.258185	0.279895	-0.263364	0.9232	12.2073	-6.80361	72.4279	
0.960637	0.0184079	-0.277194	0.0624495	0.957955	0.280039	0.270695	-0.286327	0.919098	12.4834	-7.07931	73.3519	
0.962799	0.0159888	-0.269746	0.0687604	0.950892	0.301788	0.261324	-0.309109	0.914418	12.7502	-7.37794	74.2714	
0.964883	0.0133854	-0.262337	0.074847	0.943291	0.32342	0.251789	-0.331698	0.909164	13.0076	-7.69933	75.186	
0.96689	0.0105994	-0.254973	0.0807055	0.935156	0.34492	0.242096	-0.354077	0.903338	13.2553	-8.04328	76.0951	
0.968817	0.00763237	-0.247659	0.0863322	0.926493	0.366275	0.23225	-0.376235	0.896943	13.4932	-8.40956	76.998	
0.970664	0.00448629	-0.2404	0.0917237	0.917307	0.387472	0.222259	-0.398155	0.889985	13.7211	-8.79795	77.8942	
0.972428	0.00116311	-0.233199	0.0968764	0.907604	0.408497	0.212127	-0.419825	0.882467	13.939	-9.2082	78.7832	
0.97411	-0.00233506	-0.226061	0.101787	0.89739	0.429337	0.201863	-0.441232	0.874395	14.1466	-9.64006	79.6643	
0.975708	-0.00600605	-0.218992	0.106453	0.886672	0.449979	0.191471	-0.462361	0.865772	14.3439	-10.0932	80.5371	
0.977221	-0.00984753	-0.211994	0.110871	0.875455	0.47041	0.180959	-0.483199	0.856605	14.5307	-10.5675	81.4009	
0.978648	-0.0138571	-0.205074	0.115038	0.863748	0.490617	0.170333	-0.503733	0.8469	14.7069	-11.0625	82.2553	
0.979989	-0.0180322	-0.198234	0.118952	0.851558	0.510588	0.1596	-0.523951	0.836662	14.8724	-11.5779	83.0997	
0.981242	-0.0223703	-0.191479	0.122609	0.838892	0.530309	0.148767	-0.543839	0.825898	15.027	-12.1134	83.9335	
0.982406	-0.0268686	-0.184815	0.126009	0.825758	0.549769	0.13784	-0.563385	0.814615	15.1708	-12.6688	84.7563	
0.983481	-0.0315242	-0.178243	0.129149	0.812164	0.568955	0.126827	-0.582577	0.802819	15.3035	-13.2435	85.5675	
0.984467	-0.0363343	-0.17177	0.132026	0.798119	0.587856	0.115734	-0.601403	0.790519	15.4252	-13.8373	86.3666	
0.985362	-0.0412958	-0.165399	0.134639	0.783633	0.606458	0.104568	-0.61985	0.777722	15.5357	-14.4498	87.1532	
0.986166	-0.0464057	-0.159134	0.136987	0.768713	0.624752	0.0933362	-0.637908	0.764436	15.6349	-15.0806	87.9266	
0.986878	-0.0516606	-0.152978	0.139067	0.75337	0.642724	0.0820458	-0.655565	0.750669	15.7229	-15.7294	88.6865	
0.987499	-0.0570573	-0.146937	0.140879	0.737613	0.660364	0.0707039	-0.672809	0.73643	15.7995	-16.3956	89.4324	
0.988027	-0.0625925	-0.141013	0.142422	0.721451	0.677661	0.0593174	-0.689631	0.721728	15.8647	-17.0789	90.1637	
0.988463	-0.0682625	-0.13521	0.143693	0.704896	0.694604	0.0478937	-0.706019	0.706572	15.9185	-17.7789	90.88	
0.988805	-0.0740639	-0.129532	0.144694	0.687957	0.711181	0.0364399	-0.721962	0.690972	15.9608	-18.4951	91.581	
0.989055	-0.079993	-0.123983	0.145422	0.670645	0.727384	0.0249631	-0.737453	0.674938	15.9916	-19.2271	92.266	
0.989211	-0.0860461	-0.118566	0.145878	0.652971	0.743201	0.0134707	-0.752479	0.658479	16.0108	-19.9743	92.9348	
