1	0	0	0	1	0	0	0	1	0	0	0	
1	7.55832e-08	-0.000100424	7.55832e-08	0.999999	0.00150529	0.000100424	-0.00150529	0.999999	5.24942e-05	-0.000786854	1.04545	
1	3.02581e-07	-0.00020081	3.03298e-07	0.999995	0.00301716	0.00020081	-0.00301716	0.999995	0.000209958	-0.00315086	2.09091	
1	6.81505e-07	-0.000301151	6.84387e-07	0.99999	0.00453555	0.000301151	-0.00453555	0.99999	0.000472347	-0.00709887	3.13635	
1	1.21282e-06	-0.000401435	1.22005e-06	0.999982	0.00606036	0.000401435	-0.00606036	0.999982	0.000839608	-0.0126376	4.18179	
1	1.89692e-06	-0.000501654	1.91145e-06	0.999971	0.00759152	0.000501654	-0.00759152	0.999971	0.00131168	-0.0197739	5.22722	
1	2.73418e-06	-0.000601799	2.75972e-06	0.999958	0.00912894	0.000601799	-0.00912894	0.999958	0.00188848	-0.0285141	6.27264	
1	3.7249e-06	-0.000701859	3.76593e-06	0.999943	0.0106725	0.000701859	-0.0106725	0.999943	0.00256994	-0.0388649	7.31804	
1	4.86934e-06	-0.000801826	4.93113e-06	0.999925	0.0122222	0.000801826	-0.0122222	0.999925	0.00335596	-0.0508326	8.36343	
1	6.1677e-06	-0.000901691	6.25633e-06	0.999905	0.0137779	0.00090169	-0.0137779	0.999905	0.00424643	-0.0644236	9.40879	
0.999999	7.62013e-06	-0.00100144	7.74249e-06	0.999882	0.0153396	0.00100144	-0.0153396	0.999882	0.00524125	-0.0796441	10.4541	
0.999999	9.22674e-06	-0.00110108	9.39052e-06	0.999857	0.016907	0.00110107	-0.016907	0.999856	0.00634029	-0.0965003	11.4995	
0.999999	1.09876e-05	-0.00120058	1.12013e-05	0.999829	0.0184803	0.00120058	-0.0184803	0.999829	0.00754343	-0.114998	12.5447	
0.999999	1.29026e-05	-0.00129994	1.31757e-05	0.999799	0.0200592	0.00129994	-0.0200592	0.999798	0.00885052	-0.135144	13.59	
0.999999	1.49719e-05	-0.00139916	1.53146e-05	0.999766	0.0216437	0.00139915	-0.0216437	0.999765	0.0102614	-0.156943	14.6352	
0.999999	1.71952e-05	-0.00149822	1.76185e-05	0.99973	0.0232337	0.00149821	-0.0232337	0.999729	0.0117759	-0.180402	15.6804	
0.999999	1.95725e-05	-0.00159711	2.00884e-05	0.999692	0.0248291	0.00159711	-0.0248291	0.99969	0.0133939	-0.205525	16.7256	
0.999999	2.21035e-05	-0.00169583	2.27249e-05	0.999651	0.0264299	0.00169582	-0.0264299	0.999649	0.0151153	-0.23232	17.7707	
0.999998	2.4788e-05	-0.00179437	2.55285e-05	0.999607	0.0280358	0.00179436	-0.0280358	0.999605	0.0169397	-0.260791	18.8157	
0.999998	2.76256e-05	-0.00189272	2.85e-05	0.99956	0.029647	0.0018927	-0.029647	0.999559	0.018867	-0.290943	19.8608	
0.999998	3.06161e-05	-0.00199087	3.16398e-05	0.999511	0.0312632	0.00199085	-0.0312632	0.999509	0.020897	-0.322783	20.9057	
0.999998	3.3759e-05	-0.0020888	3.49484e-05	0.999459	0.0328844	0.00208879	-0.0328844	0.999457	0.0230296	-0.356314	21.9506	
0.999998	3.70539e-05	-0.00218653	3.84265e-05	0.999404	0.0345105	0.0021865	-0.0345105	0.999402	0.0252644	-0.391543	22.9955	
0.999997	4.05003e-05	-0.00228403	4.20742e-05	0.999347	0.0361414	0.002284	-0.0361414	0.999344	0.0276012	-0.428475	24.0403	
0.999997	4.40976e-05	-0.00238129	4.58922e-05	0.999286	0.0377771	0.00238126	-0.0377771	0.999283	0.0300399	-0.467114	25.085	
0.999997	4.78453e-05	-0.00247832	4.98806e-05	0.999223	0.0394173	0.00247828	-0.0394173	0.99922	0.0325801	-0.507466	26.1297	
0.999997	5.17427e-05	-0.00257509	5.40399e-05	0.999157	0.0410621	0.00257504	-0.0410621	0.999153	0.0352216	-0.549535	27.1743	
0.999996	5.57891e-05	-0.00267161	5.83702e-05	0.999087	0.0427114	0.00267155	-0.0427114	0.999084	0.0379642	-0.593326	28.2189	
0.999996	5.99838e-05	-0.00276786	6.28719e-05	0.999015	0.0443651	0.0027678	-0.0443651	0.999012	0.0408075	-0.638843	29.2633	
0.999996	6.43259e-05	-0.00286384	6.7545e-05	0.99894	0.046023	0.00286377	-0.046023	0.998936	0.0437512	-0.686091	30.3077	
0.999996	6.88148e-05	-0.00295954	7.23898e-05	0.998862	0.0476851	0.00295946	-0.0476851	0.998858	0.0467952	-0.735075	31.352	
0.999995	7.34494e-05	-0.00305495	7.74063e-05	0.998781	0.0493513	0.00305485	-0.0493513	0.998777	0.049939	-0.785798	32.3962	
0.999995	7.82289e-05	-0.00315007	8.25945e-05	0.998698	0.0510215	0.00314996	-0.0510215	0.998693	0.0531825	-0.838266	33.4403	
0.999995	8.31523e-05	-0.00324488	8.79546e-05	0.998611	0.0526956	0.00324475	-0.0526957	0.998605	0.0565251	-0.892482	34.4844	
0.999994	8.82186e-05	-0.00333938	9.34864e-05	0.998521	0.0543736	0.00333923	-0.0543736	0.998515	0.0599668	-0.94845	35.5283	
0.999994	9.34267e-05	-0.00343356	9.919e-05	0.998428	0.0560553	0.0034334	-0.0560553	0.998422	0.063507	-1.00617	36.5722	
0.999994	9.87755e-05	-0.00352741	0.000105065	0.998332	0.0577407	0.00352723	-0.0577407	0.998325	0.0671455	-1.06566	37.6159	
0.999993	0.000104264	-0.00362093	0.000111112	0.998232	0.0594296	0.00362073	-0.0594297	0.998226	0.070882	-1.12691	38.6596	
0.999993	0.000109891	-0.00371411	0.00011733	0.99813	0.061122	0.00371389	-0.0611221	0.998123	0.074716	-1.18992	39.7031	
0.999993	0.000115655	-0.00380695	0.000123719	0.998025	0.0628178	0.00380669	-0.0628178	0.998018	0.0786472	-1.25471	40.7466	
0.999992	0.000121555	-0.00389942	0.000130278	0.997917	0.0645169	0.00389914	-0.0645169	0.997909	0.0826752	-1.32127	41.7899	
0.999992	0.000127589	-0.00399154	0.000137009	0.997805	0.0662192	0.00399123	-0.0662192	0.997797	0.0867997	-1.38961	42.8331	
0.999992	0.000133757	-0.00408329	0.000143909	0.99769	0.0679246	0.00408294	-0.0679246	0.997682	0.0910203	-1.45973	43.8762	
0.999991	0.000140056	-0.00417466	0.000150979	0.997573	0.069633	0.00417428	-0.069633	0.997564	0.0953366	-1.53164	44.9192	
0.999991	0.000146486	-0.00426565	0.000158219	0.997452	0.0713443	0.00426523	-0.0713443	0.997443	0.0997482	-1.60533	45.962	
0.99999	0.000153045	-0.00435625	0.000165627	0.997328	0.0730584	0.00435579	-0.0730585	0.997318	0.104255	-1.68081	47.0047	
0.99999	0.000159731	-0.00444646	0.000173204	0.9972	0.0747753	0.00444596	-0.0747754	0.99719	0.108856	-1.75809	48.0473	
0.99999	0.000166543	-0.00453626	0.000180948	0.99707	0.0764949	0.00453571	-0.0764949	0.99706	0.11355	-1.83716	49.0898	
0.999989	0.000173479	-0.00462566	0.00018886	0.996936	0.078217	0.00462506	-0.0782171	0.996926	0.118339	-1.91803	50.1321	
0.999989	0.000180538	-0.00471464	0.000196938	0.9968	0.0799416	0.00471398	-0.0799416	0.996788	0.123221	-2.00071	51.1743	
0.999988	0.000187717	-0.0048032	0.000205183	0.99666	0.0816686	0.00480249	-0.0816686	0.996648	0.128195	-2.08519	52.2163	
0.999988	0.000195016	-0.00489134	0.000213592	0.996516	0.0833978	0.00489056	-0.0833979	0.996504	0.133262	-2.17147	53.2582	
0.999988	0.000202433	-0.00497904	0.000222166	0.99637	0.0851292	0.00497819	-0.0851293	0.996357	0.138421	-2.25956	54.2999	
0.999987	0.000209965	-0.0050663	0.000230904	0.99622	0.0868628	0.00506539	-0.0868628	0.996207	0.143671	-2.34947	55.3414	
0.999987	0.000217611	-0.00515311	0.000239805	0.996067	0.0885983	0.00515213	-0.0885984	0.996054	0.149012	-2.44119	56.3829	
0.999986	0.000225369	-0.00523948	0.000248868	0.995911	0.0903358	0.00523842	-0.0903359	0.995898	0.154443	-2.53472	57.4241	
0.999986	0.000233237	-0.00532539	0.000258093	0.995752	0.0920751	0.00532424	-0.0920751	0.995738	0.159965	-2.63007	58.4652	
0.999985	0.000241214	-0.00541084	0.000267477	0.99559	0.0938161	0.0054096	-0.0938162	0.995575	0.165576	-2.72724	59.5061	
0.999985	0.000249297	-0.00549582	0.000277021	0.995424	0.0955588	0.00549449	-0.0955588	0.995409	0.171275	-2.82623	60.5468	
0.999984	0.000257484	-0.00558032	0.000286724	0.995255	0.097303	0.0055789	-0.097303	0.995239	0.177064	-2.92705	61.5874	
0.999984	0.000265774	-0.00566435	0.000296584	0.995083	0.0990486	0.00566282	-0.0990487	0.995066	0.18294	-3.02969	62.6278	
0.999983	0.000274164	-0.00574789	0.0003066	0.994907	0.100796	0.00574625	-0.100796	0.994891	0.188904	-3.13415	63.668	
0.999983	0.000282652	-0.00583095	0.000316771	0.994728	0.102544	0.00582919	-0.102544	0.994711	0.194955	-3.24044	64.708	
0.999982	0.000291236	-0.0059135	0.000327097	0.994547	0.104293	0.00591163	-0.104293	0.994529	0.201092	-3.34856	65.7478	
0.999982	0.000299915	-0.00599556	0.000337576	0.994361	0.106044	0.00599356	-0.106044	0.994343	0.207315	-3.45851	66.7875	
0.999981	0.000308685	-0.00607712	0.000348206	0.994173	0.107795	0.00607498	-0.107796	0.994155	0.213624	-3.57029	67.8269	
0.999992	7.24412e-05	-0.00388477	0.000341611	0.994315	0.106477	0.0038704	-0.106477	0.994308	0.218823	-3.6823	68.8664	
0.999999	-0.000160957	-0.00169152	0.000337944	0.994455	0.105159	0.00166521	-0.10516	0.994454	0.221716	-3.79293	69.9059	
1	-0.000391498	0.000502503	0.0003372	0.994594	0.103843	-0.000540441	-0.103843	0.994594	0.222304	-3.90218	70.9457	
0.999871	-0.00184356	0.0159833	0.000511799	0.996555	0.082929	-0.0160811	-0.0829101	0.996427	0.213615	-3.9998	71.9865	
0.9995	-0.00296966	0.0314873	0.00101277	0.998077	0.0619833	-0.0316108	-0.0619204	0.99758	0.188684	-4.07552	73.0289	
0.998888	-0.00376903	0.047004	0.00183978	0.999157	0.0410205	-0.0471189	-0.0408884	0.998052	0.147527	-4.12926	74.0721	
0.998035	-0.00424113	0.0625227	0.00299225	0.999794	0.0200549	-0.0625949	-0.0198284	0.997842	0.0901735	-4.161	75.1155	
0.996941	-0.00438562	0.0780328	0.0044694	0.99999	-0.000899116	-0.078028	0.00124513	0.99695	0.0166619	-4.17071	76.1583	
0.995608	-0.00420241	0.0935238	0.00627023	0.999742	-0.0218272	-0.0934079	0.0223178	0.995378	-0.0729575	-4.1584	77.1998	
0.994037	-0.00369162	0.108985	0.00839349	0.999052	-0.0427152	-0.108724	0.0433752	0.993125	-0.178623	-4.12406	78.2393	
0.992227	-0.00285362	0.124406	0.0108377	0.99792	-0.0635487	-0.123966	0.064403	0.990194	-0.300264	-4.06771	79.2761	
0.990182	-0.00168895	0.139776	0.0136013	0.996346	-0.0843135	-0.139123	0.0853868	0.986587	-0.437795	-3.98941	80.3094	
0.987901	-0.000198435	0.155085	0.0166823	0.994333	-0.104995	-0.154185	0.106312	0.982306	-0.591124	-3.8892	81.3387	
0.985387	0.00161692	0.170322	0.0200787	0.99188	-0.12558	-0.169142	0.127165	0.977354	-0.760145	-3.76715	82.3631	
0.982642	0.00375588	0.185476	0.023788	0.988991	-0.146054	-0.183983	0.147931	0.971734	-0.944744	-3.62334	83.382	
0.979666	0.00621698	0.200539	0.0278078	0.985666	-0.166403	-0.198699	0.168596	0.96545	-1.14479	-3.45787	84.3947	
0.976463	0.00899853	0.215498	0.0321354	0.981908	-0.186613	-0.213278	0.189146	0.958507	-1.36016	-3.27086	85.4004	
0.973034	0.0120986	0.230344	0.0367677	0.97772	-0.20667	-0.227713	0.209566	0.95091	-1.59069	-3.06243	86.3986	
0.969382	0.0155152	0.245067	0.0417016	0.973104	-0.226561	-0.241991	0.229844	0.942662	-1.83623	-2.83272	87.3885	
0.965509	0.0192458	0.259657	0.0469338	0.968064	-0.246272	-0.256105	0.249964	0.933771	-2.09661	-2.5819	88.3694	
0.961418	0.0232881	0.274104	0.0524607	0.962603	-0.265789	-0.270043	0.269914	0.924242	-2.37166	-2.31013	89.3407	
0.957112	0.0276391	0.288397	0.0582784	0.956725	-0.285099	-0.283797	0.289679	0.914082	-2.66118	-2.0176	90.3017	
0.952593	0.0322959	0.302528	0.064383	0.950433	-0.30419	-0.297357	0.309247	0.903297	-2.96499	-1.70451	91.2517	
0.947865	0.0372554	0.316486	0.0707704	0.943733	-0.323047	-0.310714	0.328603	0.891895	-3.28286	-1.37107	92.1902	
0.942931	0.0425141	0.330262	0.0774362	0.936629	-0.341658	-0.323859	0.347735	0.879884	-3.61459	-1.01751	93.1164	
0.937795	0.0480685	0.343847	0.0843758	0.929125	-0.360011	-0.336782	0.366629	0.867272	-3.95994	-0.644068	94.0297	
0.932459	0.0539148	0.357231	0.0915845	0.921226	-0.378093	-0.349475	0.385273	0.854068	-4.31869	-0.251006	94.9296	
0.926927	0.0600489	0.370405	0.0990573	0.912939	-0.395891	-0.36193	0.403653	0.84028	-4.69058	0.16141	95.8153	
0.921204	0.0664667	0.38336	0.106789	0.904269	-0.413393	-0.374138	0.421758	0.825918	-5.07536	0.5929	96.6863	
0.915293	0.0731639	0.396088	0.114775	0.895221	-0.430588	-0.38609	0.439575	0.810992	-5.47278	1.04317	97.542	
0.909198	0.0801357	0.408579	0.123009	0.885802	-0.447463	-0.397778	0.457092	0.795512	-5.88255	1.51191	98.3818	
0.902924	0.0873776	0.420825	0.131486	0.876019	-0.464007	-0.409194	0.474296	0.779489	-6.3044	1.9988	99.2052	
0.896474	0.0948844	0.432818	0.140199	0.865877	-0.48021	-0.420331	0.491176	0.762933	-6.73804	2.5035	100.012	
0.889853	0.102651	0.444549	0.149144	0.855384	-0.496058	-0.431181	0.507721	0.745857	-7.18317	3.02568	100.8	
