1	0	0	0	1	0	0	0	1	0	0	0	
0.999999	-2.12882e-07	-0.00152695	-2.12882e-07	1	-0.000278833	0.00152695	0.000278833	0.999999	0.000655123	0.000119631	0.85808	
0.999995	-8.55591e-07	-0.0030608	-8.56002e-07	1	-0.000559197	0.0030608	0.000559197	0.999995	0.00262345	0.00047918	1.71616	
0.999989	-1.9343e-06	-0.0046015	-1.93595e-06	1	-0.000841081	0.0046015	0.000841081	0.999989	0.00591089	0.00107996	2.57423	
0.999981	-3.45516e-06	-0.00614898	-3.45931e-06	0.999999	-0.00112448	0.00614898	0.00112448	0.99998	0.0105233	0.00192326	3.4323	
0.99997	-5.42429e-06	-0.0077032	-5.43262e-06	0.999999	-0.00140938	0.0077032	0.00140938	0.999969	0.0164664	0.00301039	4.29036	
0.999957	-7.84779e-06	-0.00926408	-7.86242e-06	0.999999	-0.00169578	0.00926408	0.00169578	0.999956	0.0237461	0.00434263	5.14841	
0.999941	-1.07317e-05	-0.0108316	-1.07552e-05	0.999998	-0.00198367	0.0108316	0.00198367	0.999939	0.0323679	0.00592126	6.00645	
0.999923	-1.40821e-05	-0.0124056	-1.41175e-05	0.999997	-0.00227304	0.0124056	0.00227304	0.99992	0.0423376	0.00774756	6.86447	
0.999902	-1.79049e-05	-0.0139862	-1.79557e-05	0.999997	-0.00256387	0.0139862	0.00256387	0.999899	0.0536608	0.00982279	7.72247	
0.999879	-2.22061e-05	-0.0155731	-2.22763e-05	0.999996	-0.00285617	0.0155731	0.00285618	0.999875	0.0663429	0.0121482	8.58045	
0.999853	-2.69917e-05	-0.0171665	-2.70857e-05	0.999995	-0.00314993	0.0171665	0.00314993	0.999848	0.0803896	0.0147251	9.43842	
0.999824	-3.22675e-05	-0.0187662	-3.23902e-05	0.999994	-0.00344513	0.0187662	0.00344513	0.999818	0.0958061	0.0175546	10.2964	
0.999792	-3.80394e-05	-0.0203721	-3.81962e-05	0.999993	-0.00374176	0.0203721	0.00374176	0.999785	0.112598	0.0206381	11.1543	
0.999758	-4.43133e-05	-0.0219842	-4.45101e-05	0.999992	-0.00403982	0.0219842	0.00403983	0.99975	0.130771	0.0239767	12.0121	
0.999721	-5.10948e-05	-0.0236024	-5.1338e-05	0.999991	-0.0043393	0.0236024	0.00433931	0.999712	0.150329	0.0275717	12.87	
0.999682	-5.83898e-05	-0.0252267	-5.86863e-05	0.999989	-0.00464019	0.0252267	0.00464019	0.999671	0.171279	0.0314243	13.7278	
0.999639	-6.6204e-05	-0.0268571	-6.65612e-05	0.999988	-0.00494248	0.0268571	0.00494248	0.999627	0.193625	0.0355356	14.5856	
0.999594	-7.4543e-05	-0.0284933	-7.49689e-05	0.999986	-0.00524616	0.0284933	0.00524616	0.99958	0.217372	0.039907	15.4433	
0.999546	-8.34125e-05	-0.0301355	-8.39155e-05	0.999985	-0.00555122	0.0301355	0.00555122	0.99953	0.242526	0.0445395	16.301	
0.999495	-9.2818e-05	-0.0317835	-9.34072e-05	0.999983	-0.00585765	0.0317835	0.00585766	0.999478	0.269092	0.0494343	17.1587	
0.999441	-0.000102765	-0.0334372	-0.00010345	0.999981	-0.00616544	0.0334372	0.00616545	0.999422	0.297075	0.0545927	18.0163	
0.999384	-0.000113259	-0.0350967	-0.00011405	0.999979	-0.00647458	0.0350967	0.0064746	0.999363	0.326478	0.0600158	18.8739	
0.999324	-0.000124306	-0.0367618	-0.000125213	0.999977	-0.00678507	0.0367618	0.00678509	0.999301	0.357309	0.0657048	19.7314	
0.999261	-0.000135911	-0.0384324	-0.000136945	0.999975	-0.0070969	0.0384324	0.00709692	0.999236	0.38957	0.0716607	20.5888	
0.999195	-0.000148078	-0.0401086	-0.000149252	0.999973	-0.00741004	0.0401086	0.00741007	0.999168	0.423267	0.0778848	21.4462	
0.999126	-0.000160815	-0.0417903	-0.000162141	0.99997	-0.0077245	0.0417903	0.00772453	0.999097	0.458405	0.0843782	22.3035	
0.999054	-0.000174125	-0.0434773	-0.000175616	0.999968	-0.00804027	0.0434773	0.0080403	0.999022	0.494988	0.0911419	23.1608	
0.998979	-0.000188015	-0.0451697	-0.000189683	0.999965	-0.00835733	0.0451697	0.00835737	0.998944	0.533022	0.0981772	24.018	
0.998901	-0.000202489	-0.0468673	-0.000204349	0.999962	-0.00867567	0.0468673	0.00867572	0.998863	0.572509	0.105485	24.8752	
0.99882	-0.000217552	-0.0485701	-0.000219619	0.99996	-0.00899529	0.0485701	0.00899534	0.998779	0.613456	0.113067	25.7322	
0.998735	-0.000233209	-0.0502781	-0.000235498	0.999957	-0.00931617	0.0502781	0.00931623	0.998692	0.655866	0.120923	26.5892	
0.998648	-0.000249466	-0.0519911	-0.000251993	0.999954	-0.00963831	0.0519911	0.00963838	0.998601	0.699743	0.129055	27.4462	
0.998557	-0.000266328	-0.0537092	-0.000269108	0.99995	-0.00996169	0.0537092	0.00996177	0.998507	0.745093	0.137465	28.303	
0.998462	-0.000283798	-0.0554322	-0.00028685	0.999947	-0.0102863	0.0554322	0.0102864	0.998409	0.791919	0.146152	29.1598	
0.998365	-0.000301883	-0.05716	-0.000305224	0.999944	-0.0106121	0.05716	0.0106122	0.998309	0.840226	0.155118	30.0164	
0.998264	-0.000320587	-0.0588927	-0.000324234	0.99994	-0.0109392	0.0588927	0.0109393	0.998204	0.890017	0.164365	30.873	
0.99816	-0.000339914	-0.0606302	-0.000343888	0.999936	-0.0112675	0.0606302	0.0112676	0.998097	0.941297	0.173892	31.7295	
0.998053	-0.00035987	-0.0623723	-0.000364189	0.999933	-0.0115969	0.0623723	0.011597	0.997986	0.99407	0.183702	32.5859	
0.997942	-0.000380459	-0.0641191	-0.000385143	0.999929	-0.0119275	0.0641191	0.0119277	0.997871	1.04834	0.193795	33.4422	
0.997828	-0.000401685	-0.0658704	-0.000406756	0.999925	-0.0122593	0.0658704	0.0122595	0.997753	1.10411	0.204173	34.2984	
0.997711	-0.000423553	-0.0676262	-0.000429032	0.999921	-0.0125923	0.0676262	0.0125925	0.997631	1.16139	0.214835	35.1545	
0.99759	-0.000446068	-0.0693865	-0.000451976	0.999916	-0.0129264	0.0693865	0.0129266	0.997506	1.22017	0.225784	36.0105	
0.997465	-0.000469234	-0.0711511	-0.000475594	0.999912	-0.0132616	0.0711511	0.0132619	0.997377	1.28047	0.23702	36.8664	
0.997338	-0.000493054	-0.07292	-0.00049989	0.999907	-0.013598	0.07292	0.0135983	0.997245	1.34228	0.248544	37.7222	
0.997206	-0.000517535	-0.0746932	-0.00052487	0.999903	-0.0139355	0.0746931	0.0139358	0.997109	1.40561	0.260357	38.5778	
0.997072	-0.000542678	-0.0764705	-0.000550538	0.999898	-0.0142741	0.0764704	0.0142744	0.99697	1.47047	0.27246	39.4334	
0.996933	-0.00056849	-0.0782519	-0.000576899	0.999893	-0.0146138	0.0782519	0.0146141	0.996827	1.53685	0.284855	40.2888	
0.996792	-0.000594973	-0.0800374	-0.000603958	0.999888	-0.0149546	0.0800373	0.014955	0.99668	1.60476	0.297541	41.1441	
0.996646	-0.000622132	-0.0818268	-0.000631719	0.999883	-0.0152964	0.0818267	0.0152968	0.996529	1.67421	0.31052	41.9993	
0.996497	-0.000649971	-0.0836202	-0.000660187	0.999877	-0.0156394	0.0836201	0.0156398	0.996375	1.74519	0.323793	42.8543	
0.996345	-0.000678493	-0.0854173	-0.000689366	0.999872	-0.0159833	0.0854173	0.0159838	0.996217	1.81771	0.337361	43.7092	
0.996189	-0.000707703	-0.0872183	-0.000719262	0.999866	-0.0163283	0.0872182	0.0163288	0.996055	1.89178	0.351225	44.564	
0.996029	-0.000737604	-0.089023	-0.000749878	0.999861	-0.0166744	0.0890229	0.0166749	0.99589	1.9674	0.365385	45.4186	
0.995866	-0.000768199	-0.0908313	-0.000781218	0.999855	-0.0170214	0.0908312	0.017022	0.995721	2.04456	0.379842	46.2731	
0.995699	-0.000799493	-0.0926432	-0.000813288	0.999849	-0.0173695	0.092643	0.0173701	0.995548	2.12328	0.394597	47.1274	
0.995528	-0.000831489	-0.0944586	-0.00084609	0.999843	-0.0177185	0.0944584	0.0177192	0.995371	2.20355	0.409652	47.9816	
0.995354	-0.00086419	-0.0962774	-0.00087963	0.999836	-0.0180685	0.0962773	0.0180693	0.995191	2.28539	0.425007	48.8356	
0.995176	-0.0008976	-0.0980996	-0.000913912	0.99983	-0.0184195	0.0980995	0.0184203	0.995006	2.36878	0.440662	49.6895	
0.994814	-0.000969657	-0.101703	-0.00120896	0.999771	-0.0213577	0.1017	0.0213699	0.994586	2.4545	0.457734	50.5431	
0.994439	-0.00105252	-0.10531	-0.0015146	0.999704	-0.024294	0.105304	0.0243184	0.994143	2.54332	0.477336	51.3964	
0.99405	-0.00114623	-0.108921	-0.00183083	0.999628	-0.0272284	0.108911	0.0272658	0.993677	2.63522	0.499468	52.2492	
0.993647	-0.00125079	-0.112535	-0.00215765	0.999543	-0.030161	0.112521	0.0302122	0.99319	2.73023	0.524128	53.1017	
0.99323	-0.00136622	-0.116152	-0.00249509	0.999449	-0.0330916	0.116134	0.0331574	0.99268	2.82833	0.551317	53.9537	
0.9928	-0.00149255	-0.119773	-0.00284314	0.999347	-0.0360202	0.119748	0.0361014	0.992148	2.92953	0.581031	54.8053	
0.992356	-0.00162979	-0.123396	-0.00320181	0.999236	-0.0389469	0.123365	0.0390443	0.991593	3.03384	0.613272	55.6564	
0.991898	-0.00177796	-0.127021	-0.00357111	0.999117	-0.0418715	0.126983	0.0419859	0.991016	3.14125	0.648037	56.507	
0.991427	-0.00193705	-0.130648	-0.00395103	0.998988	-0.044794	0.130603	0.0449262	0.990416	3.25176	0.685326	57.3571	
0.990942	-0.0021071	-0.134277	-0.0043416	0.998852	-0.0477145	0.134223	0.0478652	0.989794	3.36539	0.725138	58.2067	
0.990443	-0.00228809	-0.137907	-0.00474281	0.998706	-0.0506328	0.137844	0.0508029	0.98915	3.48211	0.76747	59.0557	
0.98993	-0.00248005	-0.141538	-0.00515466	0.998552	-0.0535488	0.141466	0.0537392	0.988483	3.60195	0.812323	59.9042	
0.989403	-0.00268296	-0.14517	-0.00557717	0.998389	-0.0564627	0.145088	0.056674	0.987794	3.72489	0.859695	60.7521	
0.988863	-0.00289683	-0.148803	-0.00601032	0.998218	-0.0593743	0.148709	0.0596074	0.987083	3.85094	0.909584	61.5994	
0.988309	-0.00312167	-0.152435	-0.00645413	0.998038	-0.0622837	0.15233	0.0625393	0.986349	3.9801	0.96199	62.4461	
0.987741	-0.00335746	-0.156067	-0.00690859	0.997849	-0.0651907	0.15595	0.0654697	0.985593	4.11237	1.01691	63.2922	
0.987159	-0.0036042	-0.159699	-0.00737371	0.997652	-0.0680953	0.159569	0.0683985	0.984814	4.24774	1.07435	64.1375	
0.986564	-0.00386189	-0.16333	-0.00784948	0.997446	-0.0709976	0.163187	0.0713257	0.984014	4.38621	1.13429	64.9823	
0.985955	-0.00413051	-0.16696	-0.00833591	0.997231	-0.0738974	0.166803	0.0742512	0.98319	4.52779	1.19675	65.8263	
0.985332	-0.00441006	-0.170589	-0.008833	0.997008	-0.0767947	0.170417	0.0771751	0.982345	4.67247	1.26172	66.6696	
0.984696	-0.00470052	-0.174215	-0.00934074	0.996776	-0.0796895	0.174028	0.0800973	0.981478	4.82026	1.3292	67.5121	
0.984047	-0.00500187	-0.17784	-0.00985913	0.996536	-0.0825818	0.177637	0.0830177	0.980588	4.97113	1.39918	68.3539	
0.983383	-0.0053141	-0.181463	-0.0103882	0.996286	-0.0854715	0.181243	0.0859364	0.979676	5.12511	1.47167	69.195	
0.982707	-0.00563718	-0.185083	-0.0109279	0.996029	-0.0883586	0.184846	0.0888532	0.978743	5.28218	1.54666	70.0352	
0.982017	-0.00597111	-0.1887	-0.0114782	0.995762	-0.0912431	0.188445	0.0917682	0.977787	5.44233	1.62415	70.8746	
0.97962	-0.00720999	-0.200733	-0.0148903	0.993999	-0.108371	0.200309	0.109151	0.973633	5.60913	1.71036	71.7119	
0.977077	-0.00866293	-0.212711	-0.0185099	0.991931	-0.125422	0.212081	0.126484	0.969032	5.78607	1.81146	72.5454	
0.974389	-0.0103293	-0.22463	-0.0223352	0.989559	-0.142388	0.223756	0.143758	0.963985	5.97307	1.92741	73.3748	
0.971559	-0.0122082	-0.236485	-0.0263646	0.986884	-0.159261	0.235327	0.160966	0.958494	6.17004	2.05815	74.1996	
0.968586	-0.0142989	-0.248268	-0.0305961	0.983908	-0.176035	0.24679	0.178101	0.952562	6.3769	2.20363	75.0196	
0.965472	-0.0166004	-0.259976	-0.0350279	0.980632	-0.1927	0.25814	0.195153	0.946192	6.59354	2.36378	75.8343	
0.96222	-0.0191117	-0.271603	-0.0396579	0.977058	-0.20925	0.269371	0.212115	0.939386	6.81987	2.53852	76.6433	
0.958829	-0.0218315	-0.283143	-0.0444839	0.973186	-0.225676	0.280477	0.22898	0.932148	7.05579	2.72778	77.4463	
0.955303	-0.0247586	-0.294591	-0.0495037	0.96902	-0.241972	0.291455	0.24574	0.924481	7.30118	2.93146	78.2429	
0.951642	-0.0278918	-0.305942	-0.0547151	0.96456	-0.258129	0.302299	0.262386	0.916389	7.55594	3.14947	79.0327	
0.947848	-0.0312294	-0.31719	-0.0601156	0.959809	-0.274141	0.313003	0.278912	0.907875	7.81994	3.38172	79.8154	
0.943923	-0.0347701	-0.328331	-0.0657028	0.954769	-0.289999	0.323564	0.295309	0.898943	8.09306	3.62809	80.5907	
0.939868	-0.0385122	-0.339359	-0.071474	0.949442	-0.305697	0.333975	0.31157	0.889598	8.37518	3.88848	81.3581	
0.935686	-0.0424539	-0.35027	-0.0774266	0.943832	-0.321228	0.344233	0.327688	0.879843	8.66617	4.16276	82.1172	
0.931379	-0.0465934	-0.361058	-0.0835579	0.937939	-0.336583	0.354333	0.343656	0.869683	8.96589	4.4508	82.8679	
0.926948	-0.0509289	-0.371717	-0.0898651	0.931768	-0.351757	0.364269	0.359465	0.859124	9.27422	4.75248	83.6096	
