1	0	0	0	1	0	0	0	1	0	0	0	
0.999993	1.94127e-06	0.00384299	1.94127e-06	0.999999	-0.00101029	-0.00384299	0.00101029	0.999992	-0.00147897	0.000388808	0.769695	
0.99997	7.76764e-06	0.00768836	7.76296e-06	0.999998	-0.00201998	-0.00768836	0.00201998	0.999968	-0.0059168	0.001555	1.53938	
0.999933	1.74816e-05	0.011536	1.74629e-05	0.999995	-0.00302906	-0.011536	0.00302906	0.999929	-0.0133153	0.00349812	2.30904	
0.999882	3.10856e-05	0.0153859	3.10388e-05	0.999992	-0.0040375	-0.0153859	0.0040375	0.999873	-0.0236761	0.00621768	3.07866	
0.999815	4.85816e-05	0.0192378	4.8488e-05	0.999987	-0.00504527	-0.0192378	0.00504527	0.999802	-0.037001	0.00971317	3.84823	
0.999733	6.99719e-05	0.0230918	6.98079e-05	0.999982	-0.00605235	-0.0230918	0.00605235	0.999715	-0.0532916	0.0139841	4.61774	
0.999637	9.52581e-05	0.0269478	9.49956e-05	0.999975	-0.00705873	-0.0269478	0.00705872	0.999612	-0.0725492	0.0190299	5.38718	
0.999525	0.000124442	0.0308055	0.000124048	0.999967	-0.00806436	-0.0308055	0.00806436	0.999493	-0.0947755	0.02485	6.15654	
0.999399	0.000157525	0.0346651	0.000156962	0.999959	-0.00906924	-0.0346651	0.00906923	0.999358	-0.119972	0.0314438	6.92579	
0.999258	0.000194509	0.0385263	0.000193734	0.999949	-0.0100733	-0.0385263	0.0100733	0.999207	-0.148139	0.0388108	7.69494	
0.999101	0.000235394	0.0423892	0.000234361	0.999939	-0.0110766	-0.0423892	0.0110766	0.99904	-0.17928	0.0469503	8.46396	
0.99893	0.000280182	0.0462535	0.000278838	0.999927	-0.0120791	-0.0462535	0.0120791	0.998857	-0.213394	0.0558618	9.23285	
0.998743	0.000328873	0.0501193	0.000327162	0.999914	-0.0130807	-0.0501193	0.0130807	0.998658	-0.250483	0.0655445	10.0016	
0.998542	0.000381469	0.0539864	0.000379329	0.999901	-0.0140814	-0.0539864	0.0140814	0.998442	-0.290548	0.0759978	10.7702	
0.998325	0.000437969	0.0578548	0.000435334	0.999886	-0.0150813	-0.0578548	0.0150812	0.998211	-0.33359	0.087221	11.5386	
0.998093	0.000498374	0.0617243	0.000495174	0.999871	-0.0160802	-0.0617243	0.0160801	0.997964	-0.37961	0.0992134	12.3068	
0.997846	0.000562685	0.0655949	0.000558842	0.999854	-0.0170782	-0.0655949	0.0170781	0.9977	-0.428608	0.111974	13.0748	
0.997584	0.0006309	0.0694665	0.000626336	0.999836	-0.0180752	-0.0694665	0.018075	0.997421	-0.480587	0.125503	13.8427	
0.997307	0.000703021	0.073339	0.000697649	0.999818	-0.0190712	-0.073339	0.019071	0.997125	-0.535545	0.139798	14.6103	
0.997014	0.000779047	0.0772123	0.000772777	0.999798	-0.0200662	-0.0772124	0.020066	0.996813	-0.593485	0.15486	15.3776	
0.996707	0.000858977	0.0810864	0.000851714	0.999778	-0.0210602	-0.0810864	0.0210599	0.996485	-0.654406	0.170688	16.1447	
0.996384	0.00094281	0.0849611	0.000934455	0.999756	-0.0220531	-0.0849612	0.0220528	0.99614	-0.718309	0.187279	16.9116	
0.996046	0.00103055	0.0888363	0.001021	0.999734	-0.023045	-0.0888365	0.0230445	0.99578	-0.785195	0.204635	17.6782	
0.995692	0.00112219	0.0927121	0.00111133	0.99971	-0.0240357	-0.0927122	0.0240352	0.995403	-0.855064	0.222754	18.4445	
0.995324	0.00121772	0.0965882	0.00120545	0.999686	-0.0250253	-0.0965884	0.0250247	0.99501	-0.927916	0.241634	19.2105	
0.99494	0.00131716	0.100465	0.00130335	0.999661	-0.0260138	-0.100465	0.0260131	0.9946	-1.00375	0.261276	19.9762	
0.994541	0.0014205	0.104341	0.00140502	0.999634	-0.0270011	-0.104342	0.0270003	0.994175	-1.08257	0.281678	20.7416	
0.994126	0.00152774	0.108218	0.00151046	0.999607	-0.0279872	-0.108218	0.0279863	0.993733	-1.16437	0.30284	21.5066	
0.993696	0.00163886	0.112095	0.00161967	0.999579	-0.0289722	-0.112095	0.0289711	0.993275	-1.24916	0.32476	22.2713	
0.993251	0.00175389	0.115972	0.00173263	0.99955	-0.0299558	-0.115972	0.0299546	0.992801	-1.33693	0.347437	23.0357	
0.99279	0.0018728	0.119848	0.00184933	0.99952	-0.0309383	-0.119849	0.0309369	0.99231	-1.42769	0.370871	23.7996	
0.992315	0.0019956	0.123725	0.00196978	0.999489	-0.0319194	-0.123725	0.0319178	0.991803	-1.52143	0.395061	24.5632	
0.991823	0.00212229	0.127601	0.00209397	0.999456	-0.0328993	-0.127602	0.0328975	0.99128	-1.61815	0.420005	25.3264	
0.991317	0.00225286	0.131477	0.00222188	0.999424	-0.0338778	-0.131477	0.0338758	0.99074	-1.71786	0.445703	26.0892	
0.990795	0.00238732	0.135352	0.00235351	0.99939	-0.034855	-0.135353	0.0348527	0.990184	-1.82055	0.472153	26.8515	
0.990257	0.00252565	0.139227	0.00248885	0.999355	-0.0358309	-0.139228	0.0358283	0.989612	-1.92622	0.499354	27.6135	
0.989704	0.00266786	0.143101	0.00262789	0.999319	-0.0368053	-0.143102	0.0368025	0.989023	-2.03487	0.527306	28.3749	
0.989136	0.00281394	0.146974	0.00277063	0.999282	-0.0377784	-0.146975	0.0377752	0.988419	-2.14651	0.556007	29.1359	
0.988553	0.0029639	0.150847	0.00291706	0.999245	-0.03875	-0.150848	0.0387465	0.987797	-2.26113	0.585457	29.8965	
0.987954	0.00311771	0.154719	0.00306717	0.999206	-0.0397202	-0.15472	0.0397163	0.98716	-2.37872	0.615653	30.6566	
0.987339	0.00327539	0.158589	0.00322096	0.999167	-0.040689	-0.158591	0.0406846	0.986506	-2.4993	0.646595	31.4161	
0.986709	0.00343693	0.162459	0.0033784	0.999126	-0.0416562	-0.16246	0.0416514	0.985836	-2.62286	0.678282	32.1752	
0.986064	0.00360233	0.166328	0.0035395	0.999085	-0.042622	-0.166329	0.0426167	0.985149	-2.74939	0.710713	32.9337	
0.985403	0.00377158	0.170195	0.00370425	0.999043	-0.0435862	-0.170196	0.0435804	0.984446	-2.8789	0.743885	33.6917	
0.984727	0.00394467	0.174061	0.00387264	0.999	-0.0445489	-0.174062	0.0445426	0.983727	-3.01139	0.7778	34.4491	
0.984035	0.00412161	0.177925	0.00404465	0.998956	-0.04551	-0.177927	0.0455031	0.982991	-3.14685	0.812454	35.206	
0.983328	0.00430238	0.181788	0.00422028	0.998911	-0.0464695	-0.18179	0.046462	0.982239	-3.28529	0.847846	35.9624	
0.982606	0.00448699	0.18565	0.00439953	0.998865	-0.0474275	-0.185652	0.0474193	0.981471	-3.4267	0.883976	36.7181	
0.981868	0.00467543	0.18951	0.00458237	0.998818	-0.0483838	-0.189512	0.0483749	0.980686	-3.57108	0.920843	37.4732	
0.981114	0.00486769	0.193368	0.00476881	0.998771	-0.0493384	-0.19337	0.0493288	0.979885	-3.71843	0.958444	38.2277	
0.980345	0.00506378	0.197224	0.00495883	0.998722	-0.0502914	-0.197227	0.050281	0.979068	-3.86875	0.996778	38.9816	
0.979561	0.00526367	0.201078	0.00515242	0.998673	-0.0512427	-0.201081	0.0512314	0.978234	-4.02204	1.03585	39.7349	
0.978761	0.00546738	0.204931	0.00534957	0.998623	-0.0521923	-0.204934	0.0521801	0.977384	-4.1783	1.07564	40.4875	
0.977367	0.00581779	0.211471	0.00541774	0.998606	-0.0525121	-0.211482	0.0524693	0.975973	-4.33855	1.11592	41.2393	
0.975928	0.00617027	0.218005	0.00548887	0.998588	-0.0528351	-0.218023	0.0527599	0.974517	-4.50385	1.15641	41.9899	
0.974445	0.00652481	0.22453	0.00556295	0.99857	-0.0531611	-0.224556	0.0530517	0.973016	-4.67417	1.19714	42.7394	
0.972918	0.00688144	0.231048	0.00564003	0.998552	-0.0534901	-0.231081	0.0533446	0.971471	-4.84953	1.23808	43.4878	
0.971347	0.00724014	0.237557	0.00572012	0.998534	-0.0538218	-0.237598	0.0536385	0.969881	-5.0299	1.27926	44.2349	
0.969731	0.00760093	0.244057	0.00580324	0.998516	-0.0541562	-0.244107	0.0539333	0.968247	-5.21528	1.32065	44.9808	
0.968071	0.00796381	0.250548	0.00588939	0.998497	-0.0544932	-0.250606	0.0542289	0.966569	-5.40567	1.36228	45.7254	
0.966368	0.00832877	0.25703	0.00597861	0.998478	-0.0548326	-0.257096	0.0545251	0.964847	-5.60106	1.40413	46.4687	
0.96462	0.00869583	0.263502	0.00607089	0.998458	-0.0551743	-0.263575	0.0548219	0.96308	-5.80144	1.44622	47.2107	
0.962828	0.00906498	0.269963	0.00616625	0.998439	-0.0555182	-0.270045	0.0551191	0.961269	-6.0068	1.48853	47.9513	
0.960992	0.00943622	0.276414	0.0062647	0.998419	-0.0558641	-0.276504	0.0554167	0.959414	-6.21714	1.53107	48.6904	
0.959113	0.00980955	0.282854	0.00636623	0.998399	-0.056212	-0.282952	0.0557144	0.957514	-6.43245	1.57384	49.4282	
0.95719	0.010185	0.289282	0.00647086	0.998378	-0.0565618	-0.289389	0.0560122	0.955571	-6.65272	1.61683	50.1644	
0.955223	0.0105625	0.295699	0.00657858	0.998357	-0.0569132	-0.295814	0.0563101	0.953584	-6.87793	1.66006	50.8991	
0.953212	0.0109421	0.302103	0.00668939	0.998337	-0.0572662	-0.302227	0.0566077	0.951554	-7.10809	1.70352	51.6323	
0.951159	0.0113238	0.308495	0.0068033	0.998315	-0.0576207	-0.308628	0.0569052	0.949479	-7.34317	1.7472	52.364	
0.949061	0.0117075	0.314874	0.00692029	0.998294	-0.0579765	-0.315016	0.0572023	0.947361	-7.58318	1.79112	53.0939	
0.94692	0.0120933	0.32124	0.00704035	0.998272	-0.0583336	-0.321391	0.0574989	0.945199	-7.82811	1.83526	53.8223	
0.944737	0.0124812	0.327593	0.00716348	0.99825	-0.0586917	-0.327752	0.0577949	0.942994	-8.07793	1.87963	54.549	
0.942509	0.0128712	0.333932	0.00728968	0.998228	-0.0590509	-0.3341	0.0580903	0.940746	-8.33264	1.92423	55.2739	
0.940239	0.0132632	0.340256	0.00741891	0.998206	-0.0594109	-0.340433	0.0583848	0.938454	-8.59224	1.96905	55.9971	
0.937926	0.0136572	0.346566	0.00755117	0.998184	-0.0597717	-0.346752	0.0586784	0.936119	-8.8567	2.01411	56.7186	
0.93557	0.0140533	0.35286	0.00768645	0.998161	-0.0601332	-0.353057	0.0589711	0.933742	-9.12602	2.05938	57.4382	
0.933172	0.0144513	0.35914	0.00782471	0.998138	-0.0604951	-0.359345	0.0592625	0.931321	-9.40019	2.10489	58.156	
0.930731	0.0148514	0.365404	0.00796595	0.998115	-0.0608575	-0.365619	0.0595528	0.928858	-9.67919	2.15061	58.8718	
0.928247	0.0152535	0.371652	0.00811014	0.998091	-0.0612203	-0.371876	0.0598417	0.926351	-9.96302	2.19656	59.5858	
0.925721	0.0156576	0.377883	0.00825725	0.998068	-0.0615832	-0.378117	0.0601291	0.923803	-10.2517	2.24273	60.2979	
0.923152	0.0160637	0.384098	0.00840725	0.998044	-0.0619461	-0.384342	0.0604149	0.921212	-10.5451	2.28912	61.0079	
0.920542	0.0164717	0.390296	0.00856012	0.99802	-0.0623091	-0.39055	0.0606991	0.918578	-10.8433	2.33573	61.7159	
0.91789	0.0168816	0.396477	0.00871582	0.997996	-0.0626719	-0.39674	0.0609815	0.915903	-11.1463	2.38256	62.422	
0.915195	0.0172935	0.40264	0.00887433	0.997972	-0.0630345	-0.402913	0.061262	0.913186	-11.454	2.42961	63.1259	
0.912459	0.0177073	0.408784	0.00903561	0.997948	-0.0633967	-0.409068	0.0615405	0.910426	-11.7665	2.47687	63.8277	
0.909682	0.018123	0.414911	0.00919961	0.997923	-0.0637584	-0.415205	0.0618169	0.907625	-12.0837	2.52434	64.5274	
0.906862	0.0185405	0.421019	0.00936631	0.997898	-0.0641196	-0.421323	0.062091	0.904783	-12.4057	2.57203	65.2249	
0.904002	0.01896	0.427107	0.00953566	0.997873	-0.0644801	-0.427422	0.0623629	0.901899	-12.7323	2.61992	65.9202	
0.901101	0.0193812	0.433177	0.00970762	0.997848	-0.0648398	-0.433501	0.0626323	0.898974	-13.0637	2.66803	66.6132	
0.898158	0.0198043	0.439226	0.00988214	0.997823	-0.0651986	-0.439562	0.0628991	0.896007	-13.3996	2.71634	67.304	
0.895175	0.0202292	0.445256	0.0100592	0.997798	-0.0655564	-0.445602	0.0631633	0.893	-13.7403	2.76486	67.9925	
0.892151	0.0206559	0.451265	0.0102387	0.997773	-0.0659131	-0.451622	0.0634248	0.889952	-14.0856	2.81357	68.6787	
0.889086	0.0210843	0.457254	0.0104206	0.997747	-0.0662686	-0.457621	0.0636834	0.886864	-14.4355	2.86249	69.3625	
0.880293	0.0222467	0.473909	0.00866485	0.997979	-0.0629432	-0.474352	0.0595147	0.878321	-14.7942	2.9099	70.0419	
0.871185	0.0233302	0.4904	0.00684637	0.998196	-0.0596505	-0.490907	0.0553241	0.869454	-15.1657	2.9541	70.7145	
0.861767	0.0243345	0.50672	0.00496586	0.998396	-0.0563918	-0.50728	0.0511129	0.860264	-15.5499	2.99506	71.3802	
0.852042	0.0252591	0.522864	0.00302401	0.998581	-0.0531684	-0.523465	0.0468828	0.850756	-15.9465	3.03278	72.0387	
0.842013	0.0261037	0.538826	0.00102154	0.99875	-0.0499813	-0.539457	0.0426354	0.840933	-16.3556	3.06723	72.6898	
0.831684	0.026868	0.554599	-0.00104081	0.998902	-0.0468319	-0.555248	0.0383721	0.830799	-16.7769	3.09841	73.3332	
