1	0	0	0	1	0	0	0	1	0	0	0	
0.999996	-2.27969e-06	0.00284501	-2.27969e-06	0.999999	0.00160258	-0.00284501	-0.00160258	0.999995	-0.00136647	-0.000769727	0.960604	
0.999984	-9.14332e-06	0.00569775	-9.1427e-06	0.999995	0.00320931	-0.00569775	-0.00320931	0.999979	-0.00546958	-0.00308089	1.9212	
0.999963	-2.06272e-05	0.0085581	-2.06247e-05	0.999988	0.00482009	-0.0085581	-0.00482009	0.999952	-0.0123167	-0.00693744	2.88177	
0.999935	-3.6767e-05	0.0114259	-3.67607e-05	0.999979	0.00643488	-0.0114259	-0.00643488	0.999914	-0.0219151	-0.0123432	3.84231	
0.999898	-5.75978e-05	0.0143011	-5.75853e-05	0.999968	0.00805358	-0.0143011	-0.00805358	0.999865	-0.0342719	-0.0193021	4.80282	
0.999852	-8.31543e-05	0.0171836	-8.31323e-05	0.999953	0.00967614	-0.0171836	-0.00967614	0.999806	-0.0493941	-0.0278178	5.76326	
0.999799	-0.000113471	0.0200731	-0.000113435	0.999936	0.0113025	-0.0200731	-0.0113025	0.999735	-0.0672886	-0.0378939	6.72365	
0.999736	-0.00014858	0.0229696	-0.000148527	0.999916	0.0129325	-0.0229696	-0.0129325	0.999653	-0.0879622	-0.049534	7.68396	
0.999665	-0.000188515	0.025873	-0.000188439	0.999894	0.0145662	-0.025873	-0.0145662	0.999559	-0.111421	-0.0627417	8.64419	
0.999586	-0.000233308	0.0287831	-0.000233203	0.999869	0.0162034	-0.0287831	-0.0162034	0.999454	-0.137673	-0.0775205	9.60432	
0.999497	-0.000282992	0.0316998	-0.000282851	0.999841	0.0178442	-0.0316998	-0.0178442	0.999338	-0.166723	-0.0938737	10.5644	
0.9994	-0.000337596	0.0346229	-0.000337413	0.99981	0.0194883	-0.0346229	-0.0194883	0.99921	-0.198578	-0.111805	11.5243	
0.999295	-0.000397151	0.0375524	-0.000396918	0.999777	0.0211358	-0.0375524	-0.0211358	0.999071	-0.233244	-0.131316	12.484	
0.99918	-0.000461688	0.0404882	-0.000461397	0.99974	0.0227866	-0.0404882	-0.0227866	0.99892	-0.270727	-0.152413	13.4437	
0.999056	-0.000531236	0.04343	-0.000530876	0.999701	0.0244405	-0.04343	-0.0244405	0.998757	-0.311034	-0.175096	14.4032	
0.998924	-0.000605823	0.0463778	-0.000605385	0.999659	0.0260976	-0.0463778	-0.0260976	0.998583	-0.354169	-0.19937	15.3625	
0.998782	-0.000685478	0.0493314	-0.000684951	0.999614	0.0277578	-0.0493314	-0.0277578	0.998397	-0.400138	-0.225236	16.3217	
0.998632	-0.000770227	0.0522908	-0.0007696	0.999567	0.0294209	-0.0522908	-0.0294209	0.998198	-0.448948	-0.2527	17.2806	
0.998472	-0.000860099	0.0552557	-0.000859359	0.999516	0.0310869	-0.0552557	-0.0310869	0.997988	-0.500602	-0.281762	18.2394	
0.998303	-0.000955118	0.058226	-0.000954254	0.999463	0.0327558	-0.058226	-0.0327558	0.997766	-0.555108	-0.312426	19.198	
0.998125	-0.00105531	0.0612017	-0.00105431	0.999407	0.0344274	-0.0612017	-0.0344274	0.997532	-0.61247	-0.344694	20.1563	
0.997937	-0.0011607	0.0641826	-0.00115955	0.999347	0.0361018	-0.0641826	-0.0361017	0.997285	-0.672692	-0.378569	21.1144	
0.997741	-0.00127132	0.0671685	-0.00127	0.999285	0.0377787	-0.0671686	-0.0377787	0.997026	-0.735781	-0.414054	22.0723	
0.997535	-0.00138718	0.0701594	-0.00138568	0.99922	0.0394582	-0.0701595	-0.0394581	0.996755	-0.80174	-0.451151	23.0299	
0.997319	-0.00150832	0.0731551	-0.00150661	0.999152	0.0411401	-0.0731552	-0.0411401	0.996472	-0.870574	-0.489863	23.9873	
0.997095	-0.00163475	0.0761555	-0.00163282	0.999081	0.0428245	-0.0761556	-0.0428244	0.996176	-0.942289	-0.530191	24.9444	
0.99686	-0.00176649	0.0791604	-0.00176433	0.999007	0.0445112	-0.0791605	-0.0445111	0.995868	-1.01689	-0.572139	25.9012	
0.996617	-0.00190357	0.0821698	-0.00190115	0.99893	0.0462001	-0.0821699	-0.0462	0.995547	-1.09438	-0.615708	26.8576	
0.996363	-0.002046	0.0851834	-0.00204332	0.99885	0.0478912	-0.0851835	-0.0478911	0.995214	-1.17476	-0.6609	27.8138	
0.9961	-0.00219382	0.0882013	-0.00219084	0.998768	0.0495844	-0.0882013	-0.0495843	0.994868	-1.25803	-0.707718	28.7696	
0.995828	-0.00234703	0.0912231	-0.00234374	0.998682	0.0512797	-0.0912232	-0.0512796	0.994509	-1.34421	-0.756163	29.7252	
0.995546	-0.00250566	0.0942489	-0.00250203	0.998593	0.0529769	-0.094249	-0.0529767	0.994138	-1.43329	-0.806238	30.6803	
0.995254	-0.00266972	0.0972784	-0.00266573	0.998501	0.054676	-0.0972785	-0.0546758	0.993754	-1.52529	-0.857944	31.6351	
0.994952	-0.00283923	0.100312	-0.00283486	0.998406	0.0563769	-0.100312	-0.0563767	0.993358	-1.62019	-0.911283	32.5895	
0.994641	-0.00301422	0.103348	-0.00300944	0.998307	0.0580796	-0.103348	-0.0580793	0.992948	-1.71801	-0.966256	33.5435	
0.99432	-0.00319469	0.106388	-0.00318948	0.998206	0.0597839	-0.106389	-0.0597836	0.992526	-1.81874	-1.02287	34.4972	
0.993989	-0.00338065	0.109432	-0.00337499	0.998102	0.0614898	-0.109432	-0.0614895	0.992091	-1.9224	-1.08111	35.4504	
0.993648	-0.00357214	0.112478	-0.00356599	0.997995	0.0631973	-0.112478	-0.0631969	0.991642	-2.02899	-1.141	36.4032	
0.993297	-0.00376916	0.115528	-0.0037625	0.997884	0.0649062	-0.115528	-0.0649058	0.991181	-2.1385	-1.20253	37.3555	
0.992937	-0.00397172	0.11858	-0.00396453	0.997771	0.0666165	-0.11858	-0.066616	0.990707	-2.25094	-1.2657	38.3075	
0.992566	-0.00417984	0.121635	-0.00417208	0.997654	0.068328	-0.121636	-0.0683276	0.99022	-2.36632	-1.33051	39.2589	
0.992186	-0.00439353	0.124693	-0.00438518	0.997534	0.0700409	-0.124693	-0.0700403	0.98972	-2.48463	-1.39697	40.2099	
0.991795	-0.0046128	0.127753	-0.00460382	0.997412	0.0717548	-0.127754	-0.0717543	0.989207	-2.60588	-1.46508	41.1604	
0.991395	-0.00483767	0.130816	-0.00482803	0.997286	0.0734699	-0.130816	-0.0734693	0.988681	-2.73008	-1.53483	42.1103	
0.990985	-0.00506814	0.133881	-0.00505782	0.997157	0.075186	-0.133881	-0.0751853	0.988141	-2.85721	-1.60623	43.0598	
0.990564	-0.00530422	0.136948	-0.00529318	0.997025	0.076903	-0.136948	-0.0769022	0.987589	-2.98729	-1.67928	44.0088	
0.990134	-0.00554593	0.140016	-0.00553414	0.996889	0.0786209	-0.140017	-0.0786201	0.987023	-3.12032	-1.75397	44.9572	
0.989693	-0.00579328	0.143087	-0.0057807	0.996751	0.0803396	-0.143088	-0.0803387	0.986444	-3.25629	-1.83032	45.905	
0.989243	-0.00604626	0.14616	-0.00603286	0.996609	0.082059	-0.14616	-0.082058	0.985852	-3.39522	-1.90832	46.8523	
0.988782	-0.00630489	0.149234	-0.00629064	0.996464	0.0837791	-0.149234	-0.083778	0.985246	-3.5371	-1.98797	47.7991	
0.988311	-0.00656918	0.152309	-0.00655403	0.996317	0.0854997	-0.15231	-0.0854986	0.984628	-3.68193	-2.06928	48.7452	
0.98783	-0.00683913	0.155386	-0.00682305	0.996166	0.0872209	-0.155387	-0.0872197	0.983996	-3.82972	-2.15223	49.6907	
0.987339	-0.00711475	0.158464	-0.0070977	0.996011	0.0889425	-0.158465	-0.0889412	0.983351	-3.98047	-2.23685	50.6357	
0.986838	-0.00739604	0.161543	-0.00737798	0.995854	0.0906645	-0.161544	-0.090663	0.982692	-4.13417	-2.32311	51.58	
0.986327	-0.00768301	0.164623	-0.00766391	0.995694	0.0923868	-0.164624	-0.0923852	0.98202	-4.29083	-2.41103	52.5236	
0.985805	-0.00797565	0.167704	-0.00795547	0.99553	0.0941093	-0.167705	-0.0941076	0.981335	-4.45045	-2.5006	53.4666	
0.985273	-0.00827399	0.170786	-0.00825267	0.995363	0.095832	-0.170787	-0.0958301	0.980637	-4.61302	-2.59183	54.409	
0.984732	-0.008578	0.173868	-0.00855552	0.995193	0.0975547	-0.173869	-0.0975527	0.979925	-4.77856	-2.68471	55.3506	
0.98418	-0.00888771	0.176951	-0.00886402	0.99502	0.0992775	-0.176952	-0.0992754	0.9792	-4.94707	-2.77925	56.2916	
0.983617	-0.0092031	0.180034	-0.00917816	0.994844	0.101	-0.180035	-0.100998	0.978461	-5.11853	-2.87544	57.2319	
0.983045	-0.00952419	0.183117	-0.00949795	0.994665	0.102723	-0.183118	-0.10272	0.97771	-5.29295	-2.97329	58.1714	
0.982462	-0.00985096	0.1862	-0.00982338	0.994482	0.104445	-0.186202	-0.104443	0.976945	-5.47034	-3.07279	59.1103	
0.982074	-0.0100728	0.188225	-0.0107827	0.993934	0.109449	-0.188186	-0.109517	0.976008	-5.65016	-3.17555	60.0483	
0.981681	-0.0103059	0.190254	-0.0117526	0.993359	0.114451	-0.19017	-0.11459	0.975041	-5.83188	-3.28319	60.9854	
0.981282	-0.0105502	0.192287	-0.012733	0.992759	0.119449	-0.192155	-0.119662	0.974042	-6.01552	-3.39571	61.9215	
0.980878	-0.0108057	0.194322	-0.013724	0.992132	0.124444	-0.194138	-0.124731	0.973012	-6.20105	-3.51309	62.8567	
0.980469	-0.0110724	0.19636	-0.0147253	0.991479	0.129434	-0.19612	-0.129798	0.971951	-6.3885	-3.63534	63.7909	
0.980055	-0.0113503	0.1984	-0.0157371	0.990799	0.134421	-0.198101	-0.134862	0.97086	-6.57784	-3.76246	64.724	
0.979636	-0.0116393	0.200442	-0.0167592	0.990094	0.139402	-0.200079	-0.139923	0.969737	-6.76909	-3.89444	65.6561	
0.979213	-0.0119396	0.202484	-0.0177917	0.989363	0.144378	-0.202054	-0.14498	0.968584	-6.96224	-4.03128	66.5871	
0.978784	-0.0122509	0.204528	-0.0188343	0.988605	0.149349	-0.204027	-0.150033	0.9674	-7.15728	-4.17297	67.5169	
0.978351	-0.0125733	0.206571	-0.0198871	0.987822	0.154314	-0.205995	-0.155081	0.966186	-7.35421	-4.31952	68.4457	
0.977913	-0.0129067	0.208613	-0.0209501	0.987012	0.159273	-0.207959	-0.160125	0.964942	-7.55304	-4.47092	69.3732	
0.977471	-0.013251	0.210655	-0.022023	0.986177	0.164225	-0.209919	-0.165164	0.963667	-7.75375	-4.62715	70.2995	
0.97896	-0.0119755	0.203699	-0.0267434	0.982135	0.186267	-0.202291	-0.187795	0.961151	-7.95174	-4.79669	71.224	
0.980394	-0.0105369	0.196763	-0.0312878	0.977576	0.208245	-0.194545	-0.210318	0.958081	-8.14235	-4.98791	72.1459	
0.981772	-0.00893583	0.189852	-0.0356535	0.972503	0.230146	-0.186688	-0.23272	0.954457	-8.32547	-5.20072	73.0645	
0.983093	-0.00717339	0.182969	-0.039838	0.966918	0.251958	-0.178723	-0.254987	0.950284	-8.50099	-5.43498	73.9794	
0.984355	-0.00525055	0.176118	-0.0438389	0.960824	0.273669	-0.170655	-0.277108	0.945562	-8.6688	-5.69055	74.8901	
0.985559	-0.0031684	0.169303	-0.0476539	0.954226	0.295265	-0.162489	-0.299069	0.940295	-8.82882	-5.96731	75.7959	
0.986704	-0.000928165	0.162528	-0.0512808	0.947127	0.316734	-0.154229	-0.320857	0.934486	-8.98095	-6.26507	76.6964	
0.987788	0.00146888	0.155797	-0.0547175	0.939531	0.338063	-0.145879	-0.34246	0.928138	-9.1251	-6.58368	77.5911	
0.988812	0.00402134	0.149114	-0.057962	0.931443	0.359242	-0.137446	-0.363865	0.921255	-9.26118	-6.92295	78.4794	
0.989775	0.00672776	0.142482	-0.0610124	0.922867	0.380256	-0.128934	-0.385061	0.91384	-9.38913	-7.28268	79.3608	
0.990675	0.00958656	0.135906	-0.063867	0.913807	0.401095	-0.120347	-0.406035	0.905899	-9.50887	-7.66266	80.2349	
0.991514	0.0125961	0.129389	-0.0665242	0.90427	0.421746	-0.111691	-0.426774	0.897435	-9.62032	-8.06268	81.1011	
0.99229	0.0157547	0.122936	-0.0689824	0.894261	0.442197	-0.10297	-0.447268	0.888453	-9.72343	-8.48251	81.9589	
0.993002	0.0190604	0.116549	-0.0712402	0.883786	0.462436	-0.0941898	-0.467503	0.878959	-9.81813	-8.92189	82.8078	
0.993651	0.0225114	0.110232	-0.0732962	0.87285	0.482453	-0.0853554	-0.487469	0.868958	-9.90437	-9.38059	83.6474	
0.994236	0.0261057	0.10399	-0.0751494	0.86146	0.502234	-0.0764718	-0.507154	0.858456	-9.9821	-9.85834	84.4771	
0.994756	0.0298412	0.097825	-0.0767986	0.849623	0.521769	-0.0675441	-0.526546	0.847459	-10.0513	-10.3548	85.2965	
0.995212	0.0337158	0.0917416	-0.0782429	0.837345	0.541047	-0.0585775	-0.545635	0.835973	-10.1119	-10.8698	86.1051	
0.995603	0.0377272	0.0857429	-0.0794814	0.824633	0.560057	-0.0495771	-0.564409	0.824005	-10.1638	-11.403	86.9024	
0.995928	0.0418731	0.0798324	-0.0805135	0.811495	0.578786	-0.040548	-0.582857	0.811562	-10.2071	-11.9541	87.688	
0.996189	0.0461511	0.0740135	-0.0813385	0.797938	0.597226	-0.0314956	-0.60097	0.798651	-10.2417	-12.5227	88.4615	
0.996384	0.0505588	0.0682896	-0.081956	0.783971	0.615364	-0.022425	-0.618735	0.785279	-10.2676	-13.1086	89.2223	
0.996513	0.0550935	0.062664	-0.0823655	0.769601	0.633191	-0.0133415	-0.636144	0.771455	-10.2848	-13.7113	89.97	
0.996576	0.0597528	0.0571399	-0.082567	0.754836	0.650696	-0.00425034	-0.653186	0.757185	-10.2932	-14.3306	90.7043	
0.996574	0.0645339	0.0517206	-0.0825602	0.739685	0.66787	0.00484331	-0.669852	0.742479	-10.2929	-14.9661	91.4246	
