1	0	0	0	1	0	0	0	1	0	0	0	
0.999998	3.47216e-06	-0.00212082	3.47216e-06	0.999995	0.00327433	0.00212082	-0.00327433	0.999992	0.000936163	-0.00144534	0.882826	
0.999991	1.39067e-05	-0.00424463	1.39035e-05	0.999979	0.00655176	0.00424463	-0.00655176	0.99997	0.00374597	-0.00578272	1.76564	
0.99998	3.13295e-05	-0.00637134	3.13168e-05	0.999952	0.00983218	0.00637134	-0.00983218	0.999931	0.00843201	-0.0130148	2.64842	
0.999964	5.5766e-05	-0.0085009	5.57341e-05	0.999914	0.0131155	0.0085009	-0.0131155	0.999878	0.0149968	-0.0231443	3.53117	
0.999943	8.7241e-05	-0.0106332	8.71771e-05	0.999865	0.0164015	0.0106332	-0.0164015	0.999809	0.0234429	-0.0361735	4.41386	
0.999918	0.000125779	-0.0127683	0.000125667	0.999806	0.0196903	0.0127683	-0.0196903	0.999725	0.0337727	-0.052105	5.29648	
0.999889	0.000171403	-0.014906	0.000171224	0.999736	0.0229816	0.014906	-0.0229816	0.999625	0.0459885	-0.070941	6.17903	
0.999855	0.000224137	-0.0170462	0.000223868	0.999655	0.0262753	0.0170462	-0.0262753	0.999509	0.0600927	-0.0926837	7.06147	
0.999816	0.000284003	-0.019189	0.000283618	0.999563	0.0295714	0.019189	-0.0295714	0.999378	0.0760874	-0.117335	7.94381	
0.999772	0.000351024	-0.0213342	0.000350494	0.99946	0.0328698	0.0213342	-0.0328698	0.999232	0.0939749	-0.144898	8.82603	
0.999724	0.000425221	-0.0234817	0.000424514	0.999346	0.0361702	0.0234817	-0.0361702	0.99907	0.113757	-0.175373	9.70811	
0.999671	0.000506616	-0.0256316	0.000505695	0.999221	0.0394727	0.0256316	-0.0394727	0.998892	0.135437	-0.208763	10.59	
0.999614	0.000595227	-0.0277837	0.000594055	0.999084	0.0427772	0.0277837	-0.0427771	0.998698	0.159015	-0.245069	11.4718	
0.999552	0.000691077	-0.029938	0.00068961	0.998937	0.0460834	0.029938	-0.0460834	0.998489	0.184494	-0.284294	12.3534	
0.999485	0.000794184	-0.0320943	0.000792377	0.998779	0.0493913	0.0320944	-0.0493913	0.998264	0.211876	-0.326437	13.2348	
0.999413	0.000904566	-0.0342527	0.00090237	0.99861	0.0527009	0.0342528	-0.0527008	0.998023	0.241163	-0.371502	14.116	
0.999336	0.00102224	-0.0364131	0.00101961	0.99843	0.0560119	0.0364132	-0.0560118	0.997766	0.272356	-0.41949	14.9969	
0.999255	0.00114723	-0.0385753	0.0011441	0.998238	0.0593243	0.0385754	-0.0593243	0.997493	0.305457	-0.470401	15.8777	
0.999169	0.00127955	-0.0407394	0.00127586	0.998035	0.062638	0.0407395	-0.0626379	0.997204	0.340468	-0.524237	16.7582	
0.999078	0.00141921	-0.0429052	0.00141491	0.997822	0.0659529	0.0429054	-0.0659528	0.9969	0.37739	-0.580999	17.6384	
0.998982	0.00156624	-0.0450728	0.00156125	0.997597	0.0692688	0.0450729	-0.0692687	0.996579	0.416225	-0.640687	18.5184	
0.998882	0.00172065	-0.0472419	0.0017149	0.997361	0.0725857	0.0472421	-0.0725856	0.996243	0.456974	-0.703304	19.398	
0.998777	0.00188244	-0.0494126	0.00187587	0.997113	0.0759035	0.0494128	-0.0759033	0.99589	0.499639	-0.768849	20.2774	
0.998667	0.00205165	-0.0515847	0.00204417	0.996855	0.079222	0.051585	-0.0792218	0.995521	0.544221	-0.837324	21.1564	
0.998551	0.00222828	-0.0537583	0.00221982	0.996585	0.0825411	0.0537587	-0.0825409	0.995137	0.590721	-0.908728	22.0351	
0.998432	0.00241234	-0.0559333	0.00240282	0.996304	0.0858608	0.0559337	-0.0858605	0.994736	0.639141	-0.983063	22.9135	
0.998307	0.00260385	-0.0581095	0.00259318	0.996012	0.0891809	0.0581099	-0.0891806	0.994319	0.689481	-1.06033	23.7915	
0.998177	0.00280282	-0.0602869	0.00279091	0.995709	0.0925014	0.0602874	-0.092501	0.993886	0.741744	-1.14053	24.6691	
0.998043	0.00300926	-0.0624654	0.00299602	0.995394	0.0958221	0.062466	-0.0958216	0.993437	0.795929	-1.22365	25.5463	
0.997903	0.00322319	-0.064645	0.00320852	0.995068	0.0991428	0.0646458	-0.0991424	0.992971	0.852038	-1.30971	26.4232	
0.997759	0.00344461	-0.0668256	0.00342842	0.994731	0.102464	0.0668265	-0.102463	0.99249	0.910072	-1.39871	27.2996	
0.997609	0.00367354	-0.0690072	0.00365572	0.994382	0.105784	0.0690081	-0.105784	0.991992	0.970031	-1.49063	28.1755	
0.997455	0.00390998	-0.0711896	0.00389042	0.994023	0.109105	0.0711907	-0.109104	0.991478	1.03192	-1.58548	29.0511	
0.997296	0.00415395	-0.0733728	0.00413254	0.993652	0.112425	0.073374	-0.112424	0.990948	1.09573	-1.68327	29.9262	
0.997132	0.00440544	-0.0755568	0.00438208	0.993269	0.115745	0.0755581	-0.115744	0.990401	1.16147	-1.78399	30.8007	
0.996963	0.00466448	-0.0777413	0.00463904	0.992876	0.119064	0.0777429	-0.119063	0.989838	1.22914	-1.88763	31.6749	
0.996789	0.00493107	-0.0799265	0.00490343	0.992471	0.122383	0.0799282	-0.122382	0.989259	1.29874	-1.99421	32.5485	
0.996609	0.00520521	-0.0821122	0.00517526	0.992055	0.125701	0.0821141	-0.125699	0.988664	1.37027	-2.10372	33.4215	
0.996425	0.00548691	-0.0842984	0.00545452	0.991627	0.129018	0.0843005	-0.129016	0.988053	1.44372	-2.21615	34.2941	
0.996236	0.00577619	-0.0864849	0.00574122	0.991189	0.132334	0.0864872	-0.132332	0.987425	1.51911	-2.33152	35.1661	
0.996042	0.00607303	-0.0886718	0.00603535	0.990739	0.135649	0.0886743	-0.135647	0.986781	1.59643	-2.44981	36.0375	
0.995843	0.00637745	-0.0908589	0.00633693	0.990277	0.138963	0.0908617	-0.138961	0.986121	1.67568	-2.57102	36.9084	
0.995639	0.00668946	-0.0930461	0.00664595	0.989805	0.142276	0.0930493	-0.142274	0.985444	1.75686	-2.69516	37.7787	
0.99543	0.00700905	-0.0952335	0.00696242	0.989321	0.145587	0.0952369	-0.145585	0.984751	1.83997	-2.82223	38.6484	
0.995216	0.00733623	-0.0974209	0.00728633	0.988826	0.148897	0.0974247	-0.148895	0.984042	1.92502	-2.95222	39.5174	
0.994997	0.007671	-0.0996083	0.00761768	0.988319	0.152206	0.0996124	-0.152203	0.983317	2.01199	-3.08513	40.3858	
0.994773	0.00801337	-0.101796	0.00795647	0.987802	0.155513	0.1018	-0.15551	0.982575	2.1009	-3.22096	41.2536	
0.994544	0.00836334	-0.103983	0.00830271	0.987273	0.158818	0.103988	-0.158815	0.981817	2.19174	-3.3597	42.1207	
0.99431	0.0087209	-0.10617	0.00865638	0.986733	0.162121	0.106175	-0.162117	0.981043	2.28451	-3.50137	42.9872	
0.994071	0.00908606	-0.108356	0.00901748	0.986182	0.165422	0.108362	-0.165418	0.980252	2.37921	-3.64595	43.8529	
0.993826	0.00945882	-0.110542	0.00938602	0.985619	0.168721	0.110549	-0.168717	0.979445	2.47584	-3.79344	44.7179	
0.993577	0.00983918	-0.112728	0.00976199	0.985045	0.172018	0.112735	-0.172014	0.978623	2.5744	-3.94384	45.5823	
0.993323	0.0102271	-0.114914	0.0101454	0.98446	0.175313	0.114921	-0.175308	0.977783	2.67489	-4.09716	46.4458	
0.993064	0.0106227	-0.117098	0.0105362	0.983864	0.178605	0.117106	-0.1786	0.976928	2.77731	-4.25338	47.3087	
0.992799	0.0110258	-0.119282	0.0109344	0.983257	0.181895	0.119291	-0.18189	0.976056	2.88166	-4.4125	48.1708	
0.99253	0.0114366	-0.121466	0.0113401	0.982639	0.185183	0.121475	-0.185177	0.975168	2.98793	-4.57453	49.0321	
0.992255	0.0118549	-0.123648	0.0117531	0.982009	0.188467	0.123658	-0.188461	0.974264	3.09614	-4.73946	49.8926	
0.991976	0.0122808	-0.12583	0.0121735	0.981368	0.191749	0.12584	-0.191743	0.973344	3.20627	-4.90729	50.7523	
0.991691	0.0127143	-0.128011	0.0126013	0.980717	0.195028	0.128022	-0.195021	0.972408	3.31833	-5.07801	51.6112	
0.991087	0.0136218	-0.132521	0.0127555	0.980485	0.196179	0.132607	-0.19612	0.971572	3.43338	-5.25067	52.4693	
0.99046	0.0145356	-0.137034	0.0129159	0.980251	0.197333	0.137196	-0.197221	0.970712	3.55247	-5.42429	53.3266	
0.989811	0.0154557	-0.141547	0.0130826	0.980015	0.198492	0.141786	-0.198322	0.969827	3.67562	-5.59889	54.1832	
0.98914	0.0163819	-0.146062	0.0132554	0.979777	0.199655	0.146379	-0.199423	0.968919	3.80282	-5.77446	55.039	
0.988447	0.0173143	-0.150578	0.0134346	0.979536	0.200822	0.150973	-0.200525	0.967986	3.93407	-5.951	55.894	
0.987731	0.0182528	-0.155093	0.01362	0.979292	0.201993	0.155568	-0.201627	0.967029	4.06939	-6.12852	56.7481	
0.986994	0.0191972	-0.159608	0.0138116	0.979047	0.203166	0.160164	-0.202728	0.966048	4.20876	-6.30701	57.6014	
0.986234	0.0201476	-0.164123	0.0140096	0.978799	0.204342	0.16476	-0.203829	0.965043	4.35218	-6.48647	58.4538	
0.985453	0.0211039	-0.168635	0.0142138	0.978549	0.205521	0.169355	-0.204928	0.964014	4.49967	-6.6669	59.3053	
0.984649	0.022066	-0.173147	0.0144242	0.978298	0.206703	0.17395	-0.206027	0.962961	4.65121	-6.8483	60.1559	
0.983823	0.0230338	-0.177656	0.0146409	0.978044	0.207886	0.178543	-0.207124	0.961885	4.8068	-7.03067	61.0056	
0.982975	0.0240073	-0.182162	0.0148638	0.977788	0.209071	0.183135	-0.208219	0.960784	4.96645	-7.21401	61.8543	
0.982106	0.0249863	-0.186665	0.0150928	0.97753	0.210257	0.187724	-0.209312	0.95966	5.13016	-7.39832	62.702	
0.981214	0.0259709	-0.191165	0.0153281	0.97727	0.211444	0.192311	-0.210402	0.958513	5.29791	-7.58358	63.5487	
0.980301	0.0269609	-0.195661	0.0155694	0.977008	0.212632	0.196895	-0.21149	0.957342	5.46971	-7.76981	64.3944	
0.979366	0.0279563	-0.200152	0.0158169	0.976745	0.213821	0.201475	-0.212575	0.956148	5.64556	-7.957	65.239	
0.978409	0.0289569	-0.204638	0.0160704	0.97648	0.21501	0.206051	-0.213656	0.954931	5.82544	-8.14515	66.0826	
0.977431	0.0299627	-0.20912	0.0163299	0.976213	0.216198	0.210623	-0.214734	0.953691	6.00937	-8.33424	66.9251	
0.976431	0.0309735	-0.213595	0.0165953	0.975945	0.217386	0.21519	-0.215808	0.952429	6.19733	-8.52429	67.7665	
0.97541	0.0319894	-0.218064	0.0168667	0.975675	0.218574	0.219752	-0.216877	0.951143	6.38932	-8.71528	68.6068	
0.974368	0.0330102	-0.222527	0.0171438	0.975403	0.219761	0.224308	-0.217942	0.949835	6.58534	-8.90722	69.4459	
0.973304	0.0340357	-0.226983	0.0174268	0.97513	0.220946	0.228858	-0.219003	0.948505	6.78537	-9.10009	70.2838	
0.969354	0.0375617	-0.242778	0.0139948	0.978194	0.20722	0.245268	-0.204267	0.947691	6.99466	-9.28694	71.1209	
0.965132	0.0408413	-0.258557	0.0103262	0.981044	0.19351	0.261559	-0.189432	0.946416	7.21839	-9.46073	71.957	
0.96064	0.043873	-0.27431	0.00642258	0.983678	0.179821	0.277722	-0.174505	0.944679	7.45645	-9.62139	72.7918	
0.955879	0.0466553	-0.290031	0.00228598	0.986096	0.166161	0.29375	-0.159493	0.942482	7.70872	-9.76882	73.6248	
0.950853	0.0491868	-0.305711	-0.00208162	0.988296	0.152536	0.309635	-0.144403	0.939826	7.97507	-9.90297	74.4557	
0.945563	0.0514663	-0.321343	-0.0066781	0.990277	0.138952	0.32537	-0.129242	0.936713	8.25538	-10.0238	75.2841	
0.940013	0.0534928	-0.336919	-0.0115012	0.992037	0.125417	0.340945	-0.114019	0.933143	8.54951	-10.1312	76.1095	
0.934204	0.0552651	-0.352432	-0.0165486	0.993577	0.111938	0.356355	-0.0987402	0.929119	8.85732	-10.2251	76.9316	
0.92814	0.0567825	-0.367875	-0.0218178	0.994896	0.0985191	0.371591	-0.0834133	0.924642	9.17866	-10.3055	77.7499	
0.921824	0.0580442	-0.383238	-0.0273063	0.995992	0.0851687	0.386646	-0.0680457	0.919714	9.51337	-10.3723	78.5641	
0.915258	0.0590496	-0.398517	-0.0330114	0.996866	0.071893	0.401513	-0.052645	0.914339	9.86129	-10.4256	79.3737	
0.908447	0.0597982	-0.413701	-0.0389303	0.997516	0.0586982	0.416184	-0.0372187	0.908518	10.2222	-10.4653	80.1783	
0.901392	0.0602896	-0.428786	-0.0450601	0.997943	0.0455909	0.430653	-0.0217742	0.902255	10.5961	-10.4913	80.9777	
0.894099	0.0605236	-0.443762	-0.0513979	0.998147	0.0325775	0.444911	-0.00631911	0.895552	10.9826	-10.5037	81.7713	
0.886569	0.0605001	-0.458623	-0.0579405	0.998126	0.0196643	0.458953	0.00913905	0.888413	11.3816	-10.5025	82.5588	
0.878808	0.0602191	-0.473361	-0.0646848	0.997882	0.00685758	0.472772	0.0245928	0.880842	11.7929	-10.4876	83.3398	
0.870818	0.0596808	-0.48797	-0.0716274	0.997414	-0.00583644	0.48636	0.0400345	0.872841	12.2163	-10.4591	84.1139	
0.862604	0.0588853	-0.502442	-0.0787651	0.996723	-0.0184115	0.499711	0.0554567	0.864415	12.6515	-10.4169	84.8808	
