1	0	0	0	1	0	0	0	1	0	0	0	
0.999997	-4.48618e-06	0.00256735	-4.48618e-06	0.999994	0.00349477	-0.00256735	-0.00349477	0.999991	-0.000978967	-0.0013326	0.762624	
0.999987	-1.79552e-05	0.00513711	-1.7942e-05	0.999976	0.00698768	-0.00513711	-0.00698768	0.999962	-0.00391678	-0.00532971	1.52523	
0.99997	-4.04192e-05	0.00770921	-4.03664e-05	0.999945	0.0104787	-0.00770921	-0.0104787	0.999915	-0.00881526	-0.0119899	2.28781	
0.999947	-7.18902e-05	0.0102836	-7.17584e-05	0.999902	0.0139676	-0.0102836	-0.0139676	0.99985	-0.0156762	-0.0213116	3.05035	
0.999917	-0.00011238	0.0128603	-0.000112116	0.999848	0.0174545	-0.0128603	-0.0174545	0.999765	-0.0245013	-0.0332933	3.81283	
0.999881	-0.0001619	0.0154391	-0.000161439	0.999781	0.0209393	-0.0154391	-0.0209393	0.999662	-0.0352922	-0.0479334	4.57524	
0.999838	-0.000220463	0.0180201	-0.000219725	0.999702	0.0244219	-0.0180202	-0.0244219	0.999539	-0.0480507	-0.0652302	5.33756	
0.999788	-0.000288078	0.0206033	-0.000286971	0.999611	0.0279022	-0.0206033	-0.0279022	0.999398	-0.0627783	-0.0851821	6.09979	
0.999731	-0.000364757	0.0231884	-0.000363176	0.999507	0.0313801	-0.0231884	-0.0313801	0.999239	-0.0794767	-0.107787	6.86189	
0.999668	-0.000450511	0.0257756	-0.000448337	0.999392	0.0348557	-0.0257756	-0.0348557	0.99906	-0.0981474	-0.133044	7.62387	
0.999597	-0.000545351	0.0283647	-0.000542452	0.999265	0.0383288	-0.0283647	-0.0383288	0.998863	-0.118792	-0.16095	8.38571	
0.999521	-0.000649287	0.0309557	-0.000645518	0.999126	0.0417994	-0.0309558	-0.0417993	0.998646	-0.141412	-0.191504	9.14739	
0.999437	-0.000762328	0.0335485	-0.000757533	0.998975	0.0452673	-0.0335486	-0.0452672	0.998411	-0.166008	-0.224704	9.90889	
0.999346	-0.000884486	0.0361432	-0.000878492	0.998811	0.0487326	-0.0361433	-0.0487325	0.998158	-0.192582	-0.260547	10.6702	
0.999249	-0.00101577	0.0387396	-0.00100839	0.998636	0.0521952	-0.0387398	-0.052195	0.997885	-0.221136	-0.299032	11.4313	
0.999145	-0.00115619	0.0413376	-0.00114723	0.998449	0.055655	-0.0413379	-0.0556548	0.997594	-0.251671	-0.340157	12.1922	
0.999033	-0.00130575	0.0439374	-0.001295	0.998251	0.0591119	-0.0439377	-0.0591116	0.997284	-0.284188	-0.383919	12.9529	
0.998915	-0.00146447	0.0465387	-0.00145171	0.99804	0.0625658	-0.0465391	-0.0625655	0.996955	-0.318688	-0.430316	13.7133	
0.99879	-0.00163235	0.0491415	-0.00161734	0.997817	0.0660168	-0.049142	-0.0660164	0.996608	-0.355172	-0.479346	14.4735	
0.998659	-0.0018094	0.0517459	-0.00179189	0.997583	0.0694647	-0.0517465	-0.0694643	0.996241	-0.393643	-0.531007	15.2334	
0.99852	-0.00199563	0.0543516	-0.00197536	0.997337	0.0729095	-0.0543524	-0.072909	0.995856	-0.4341	-0.585296	15.993	
0.998374	-0.00219105	0.0569588	-0.00216774	0.997079	0.0763511	-0.0569597	-0.0763505	0.995453	-0.476544	-0.64221	16.7523	
0.998221	-0.00239567	0.0595673	-0.00236903	0.996809	0.0797895	-0.0595683	-0.0797887	0.99503	-0.520978	-0.701748	17.5113	
0.998062	-0.00260949	0.062177	-0.00257922	0.996527	0.0832245	-0.0621783	-0.0832236	0.994589	-0.567402	-0.763907	18.27	
0.997895	-0.00283252	0.064788	-0.00279831	0.996234	0.0866561	-0.0647895	-0.086655	0.994129	-0.615816	-0.828684	19.0283	
0.997721	-0.00306477	0.0674001	-0.00302629	0.99593	0.0900843	-0.0674019	-0.090083	0.993651	-0.666223	-0.896077	19.7863	
0.997541	-0.00330625	0.0700134	-0.00326316	0.995613	0.093509	-0.0700154	-0.0935075	0.993154	-0.718622	-0.966082	20.5439	
0.997353	-0.00355697	0.0726277	-0.00350891	0.995285	0.0969301	-0.0726301	-0.0969284	0.992638	-0.773014	-1.0387	21.3011	
0.997158	-0.00381692	0.0752431	-0.00376353	0.994945	0.100348	-0.0752458	-0.100346	0.992103	-0.829402	-1.11392	22.0579	
0.996956	-0.00408612	0.0778594	-0.00402702	0.994594	0.103761	-0.0778625	-0.103759	0.99155	-0.887784	-1.19175	22.8143	
0.996747	-0.00436457	0.0804766	-0.00429938	0.994231	0.107171	-0.0804801	-0.107169	0.990978	-0.948162	-1.27218	23.5703	
0.996531	-0.00465229	0.0830947	-0.00458058	0.993857	0.110577	-0.0830987	-0.110574	0.990388	-1.01054	-1.35521	24.3258	
0.996308	-0.00494927	0.0857136	-0.00487064	0.993471	0.11398	-0.0857181	-0.113976	0.989779	-1.07491	-1.44083	25.0809	
0.996077	-0.00525552	0.0883332	-0.00516953	0.993074	0.117378	-0.0883382	-0.117374	0.989151	-1.14128	-1.52905	25.8355	
0.99584	-0.00557105	0.0909535	-0.00547726	0.992665	0.120772	-0.0909592	-0.120768	0.988505	-1.20965	-1.61986	26.5896	
0.995595	-0.00589586	0.0935744	-0.00579382	0.992245	0.124162	-0.0935808	-0.124158	0.98784	-1.28002	-1.71325	27.3432	
0.995343	-0.00622996	0.096196	-0.00611919	0.991813	0.127548	-0.0962031	-0.127543	0.987156	-1.35238	-1.80923	28.0963	
0.995084	-0.00657335	0.098818	-0.00645338	0.991371	0.13093	-0.0988259	-0.130924	0.986454	-1.42675	-1.90778	28.8488	
0.994817	-0.00692603	0.101441	-0.00679637	0.990916	0.134308	-0.101449	-0.134301	0.985734	-1.50312	-2.00892	29.6008	
0.994544	-0.00728802	0.104064	-0.00714815	0.990451	0.137681	-0.104073	-0.137674	0.984995	-1.58149	-2.11263	30.3523	
0.994263	-0.00765932	0.106687	-0.00750872	0.989974	0.14105	-0.106698	-0.141042	0.984237	-1.66186	-2.2189	31.1032	
0.993975	-0.00803992	0.109311	-0.00787807	0.989486	0.144414	-0.109322	-0.144405	0.983461	-1.74423	-2.32775	31.8535	
0.99368	-0.00842984	0.111934	-0.00825619	0.988987	0.147774	-0.111947	-0.147764	0.982667	-1.8286	-2.43916	32.6032	
0.993377	-0.00882907	0.114559	-0.00864307	0.988476	0.151129	-0.114573	-0.151119	0.981853	-1.91498	-2.55312	33.3523	
0.993067	-0.00923763	0.117183	-0.0090387	0.987955	0.15448	-0.117198	-0.154468	0.981022	-2.00335	-2.66965	34.1008	
0.99275	-0.00965551	0.119807	-0.00944307	0.987422	0.157826	-0.119824	-0.157813	0.980172	-2.09373	-2.78873	34.8486	
0.992426	-0.0100827	0.122432	-0.00985617	0.986878	0.161167	-0.12245	-0.161153	0.979304	-2.18612	-2.91035	35.5958	
0.992094	-0.0105192	0.125056	-0.010278	0.986323	0.164503	-0.125076	-0.164488	0.978417	-2.2805	-3.03452	36.3423	
0.991755	-0.0109651	0.12768	-0.0107085	0.985757	0.167835	-0.127702	-0.167818	0.977512	-2.37689	-3.16124	37.0881	
0.991408	-0.0114203	0.130305	-0.0111478	0.98518	0.171161	-0.130328	-0.171143	0.976588	-2.47528	-3.29049	37.8333	
0.991054	-0.0118849	0.132929	-0.0115957	0.984592	0.174482	-0.132954	-0.174463	0.975646	-2.57567	-3.42227	38.5777	
0.990693	-0.0123587	0.135552	-0.0120523	0.983993	0.177799	-0.13558	-0.177778	0.974686	-2.67807	-3.55659	39.3214	
0.990324	-0.0128419	0.138176	-0.0125176	0.983383	0.18111	-0.138206	-0.181087	0.973708	-2.78247	-3.69343	40.0643	
0.989784	-0.0135421	0.141931	-0.0126361	0.98323	0.181933	-0.142015	-0.181868	0.973014	-2.88932	-3.83183	40.8066	
0.989227	-0.0142475	0.145696	-0.0127582	0.983075	0.182758	-0.145834	-0.182648	0.972302	-2.99908	-3.97082	41.5484	
0.988653	-0.014958	0.149469	-0.012884	0.982919	0.183586	-0.149662	-0.183428	0.971574	-3.11176	-4.11041	42.2896	
0.988063	-0.0156737	0.15325	-0.0130134	0.982762	0.184415	-0.153499	-0.184208	0.970827	-3.22735	-4.25059	43.0303	
0.987456	-0.0163944	0.157039	-0.0131465	0.982604	0.185246	-0.157344	-0.184987	0.970063	-3.34588	-4.39137	43.7704	
0.986833	-0.0171202	0.160835	-0.0132833	0.982445	0.186079	-0.161198	-0.185765	0.969282	-3.46735	-4.53275	44.5099	
0.986192	-0.017851	0.164639	-0.0134238	0.982285	0.186913	-0.165059	-0.186542	0.968482	-3.59175	-4.67471	45.2488	
0.985535	-0.0185867	0.168449	-0.013568	0.982123	0.187749	-0.168928	-0.187319	0.967665	-3.71911	-4.81727	45.9871	
0.984861	-0.0193274	0.172266	-0.013716	0.981961	0.188587	-0.172803	-0.188095	0.96683	-3.84941	-4.96042	46.7247	
0.98417	-0.0200729	0.176088	-0.0138678	0.981797	0.189427	-0.176685	-0.18887	0.965976	-3.98268	-5.10416	47.4617	
0.983462	-0.0208232	0.179916	-0.0140234	0.981632	0.190267	-0.180573	-0.189644	0.965105	-4.11891	-5.2485	48.1981	
0.982736	-0.0215783	0.183749	-0.0141827	0.981466	0.19111	-0.184467	-0.190416	0.964216	-4.2581	-5.39342	48.9337	
0.981994	-0.022338	0.187587	-0.0143459	0.981299	0.191953	-0.188366	-0.191188	0.96331	-4.40027	-5.53893	49.6687	
0.981235	-0.0231024	0.191429	-0.0145129	0.981131	0.192798	-0.192271	-0.191958	0.962385	-4.54541	-5.68503	50.403	
0.980458	-0.0238715	0.195275	-0.0146837	0.980962	0.193644	-0.196179	-0.192727	0.961442	-4.69353	-5.83171	51.1366	
0.979664	-0.0246451	0.199124	-0.0148583	0.980792	0.194491	-0.200092	-0.193495	0.960481	-4.84463	-5.97898	51.8695	
0.978853	-0.0254231	0.202977	-0.0150368	0.98062	0.195339	-0.204009	-0.19426	0.959501	-4.99872	-6.12684	52.6016	
0.978025	-0.0262056	0.206832	-0.0152191	0.980448	0.196188	-0.207929	-0.195025	0.958504	-5.1558	-6.27528	53.3329	
0.97718	-0.0269925	0.21069	-0.0154053	0.980275	0.197038	-0.211853	-0.195787	0.957489	-5.31587	-6.4243	54.0635	
0.976318	-0.0277838	0.21455	-0.0155954	0.980101	0.197888	-0.215779	-0.196548	0.956456	-5.47893	-6.57391	54.7933	
0.975438	-0.0285793	0.218411	-0.0157892	0.979925	0.198739	-0.219707	-0.197307	0.955405	-5.64499	-6.72409	55.5224	
0.974541	-0.029379	0.222274	-0.015987	0.979749	0.199591	-0.223637	-0.198063	0.954336	-5.81404	-6.87485	56.2506	
0.973628	-0.0301828	0.226138	-0.0161885	0.979572	0.200443	-0.227568	-0.198818	0.953249	-5.98609	-7.02618	56.978	
0.972697	-0.0309907	0.230002	-0.016394	0.979393	0.201296	-0.231501	-0.199571	0.952144	-6.16114	-7.17809	57.7045	
0.971749	-0.0318027	0.233866	-0.0166032	0.979214	0.202149	-0.235434	-0.200321	0.951022	-6.33919	-7.33058	58.4302	
0.970783	-0.0326186	0.23773	-0.0168163	0.979034	0.203002	-0.239367	-0.201069	0.949881	-6.52024	-7.48363	59.1551	
0.969801	-0.0334384	0.241593	-0.0170332	0.978853	0.203855	-0.243301	-0.201814	0.948723	-6.70429	-7.63726	59.879	
0.968802	-0.034262	0.245456	-0.0172539	0.978671	0.204708	-0.247234	-0.202557	0.947547	-6.89133	-7.79145	60.6021	
0.967786	-0.0350894	0.249317	-0.0174784	0.978488	0.205561	-0.251167	-0.203297	0.946354	-7.08138	-7.94621	61.3243	
0.966753	-0.0359205	0.253176	-0.0177066	0.978304	0.206414	-0.255098	-0.204034	0.945143	-7.27443	-8.10153	62.0455	
0.965703	-0.0367552	0.257033	-0.0179387	0.97812	0.207267	-0.259028	-0.204769	0.943914	-7.47047	-8.25741	62.7658	
0.964637	-0.0375935	0.260888	-0.0181745	0.977935	0.208119	-0.262955	-0.205501	0.942669	-7.66951	-8.41385	63.4852	
0.963554	-0.0384353	0.26474	-0.018414	0.977749	0.208971	-0.266881	-0.206229	0.941405	-7.87154	-8.57085	64.2036	
0.962454	-0.0392805	0.268589	-0.0186572	0.977562	0.209822	-0.270804	-0.206955	0.940125	-8.07657	-8.7284	64.9211	
0.961337	-0.040129	0.272434	-0.0189041	0.977374	0.210672	-0.274724	-0.207677	0.938827	-8.28459	-8.88651	65.6376	
0.960204	-0.0409808	0.276275	-0.0191547	0.977186	0.211522	-0.27864	-0.208396	0.937513	-8.49559	-9.04516	66.353	
0.959055	-0.0418357	0.280112	-0.0194089	0.976996	0.212371	-0.282553	-0.209112	0.936182	-8.70958	-9.20437	67.0675	
0.95789	-0.0426938	0.283944	-0.0196667	0.976807	0.213218	-0.286462	-0.209824	0.934833	-8.92656	-9.36411	67.7809	
0.956708	-0.043555	0.287772	-0.0199281	0.976616	0.214065	-0.290366	-0.210533	0.933469	-9.14651	-9.5244	68.4934	
0.95551	-0.0444191	0.291594	-0.0201931	0.976425	0.214911	-0.294266	-0.211237	0.932087	-9.36944	-9.68523	69.2047	
0.954297	-0.0452861	0.29541	-0.0204616	0.976233	0.215755	-0.29816	-0.211939	0.930689	-9.59534	-9.84659	69.915	
0.951504	-0.0471638	0.303998	-0.0154106	0.97963	0.200219	-0.307249	-0.195194	0.931395	-9.82619	-10.0018	70.6251	
0.948629	-0.0488867	0.312591	-0.0102088	0.982747	0.184674	-0.316226	-0.178379	0.931763	-10.0639	-10.1443	71.3355	
0.945671	-0.0504542	0.321186	-0.00485813	0.985582	0.169126	-0.325089	-0.161498	0.931792	-10.3085	-10.2739	72.0462	
0.942632	-0.0518658	0.32978	0.000639396	0.988136	0.153581	-0.333833	-0.144559	0.931482	-10.5598	-10.3906	72.7567	
0.939513	-0.0531209	0.338369	0.00628182	0.990406	0.138043	-0.342455	-0.127568	0.930833	-10.8176	-10.4944	73.4668	
