1	0	0	0	1	0	0	0	1	0	0	0	
0.999988	-7.35535e-06	0.00483257	-7.35535e-06	0.999995	0.00304405	-0.00483257	-0.00304405	0.999984	-0.00243216	-0.00153202	1.00656	
0.999953	-2.94232e-05	0.00966729	-2.93992e-05	0.999981	0.00608448	-0.00966729	-0.00608448	0.999935	-0.00972971	-0.00612627	2.01309	
0.999895	-6.61997e-05	0.014504	-6.61038e-05	0.999958	0.00912121	-0.014504	-0.00912121	0.999853	-0.0218947	-0.013779	3.01955	
0.999813	-0.000117681	0.0193425	-0.000117441	0.999926	0.0121541	-0.0193425	-0.0121541	0.999739	-0.0389291	-0.0244866	4.02591	
0.999708	-0.000183861	0.0241826	-0.000183382	0.999885	0.0151831	-0.0241826	-0.0151831	0.999592	-0.0608346	-0.038245	5.03214	
0.999579	-0.000264735	0.0290243	-0.000263897	0.999834	0.0182081	-0.0290243	-0.0182081	0.999413	-0.0876128	-0.0550503	6.03821	
0.999426	-0.000360298	0.0338673	-0.000358957	0.999775	0.021229	-0.0338673	-0.021229	0.999201	-0.119265	-0.0748983	7.04408	
0.99925	-0.000470542	0.0387114	-0.00046853	0.999706	0.0242456	-0.0387114	-0.0242456	0.998956	-0.155793	-0.0977849	8.04972	
0.999051	-0.000595461	0.0435566	-0.000592587	0.999628	0.027258	-0.0435566	-0.0272579	0.998679	-0.197197	-0.123706	9.0551	
0.998828	-0.000735047	0.0484025	-0.000731095	0.999542	0.0302659	-0.0484026	-0.0302658	0.998369	-0.243479	-0.152657	10.0602	
0.998581	-0.000889291	0.0532492	-0.000884023	0.999446	0.0332694	-0.0532493	-0.0332692	0.998027	-0.294639	-0.184633	11.0649	
0.99831	-0.00105819	0.0580964	-0.00105134	0.999342	0.0362682	-0.0580965	-0.036268	0.997652	-0.350677	-0.21963	12.0693	
0.998016	-0.00124172	0.0629439	-0.00123301	0.999228	0.0392623	-0.0629441	-0.039262	0.997244	-0.411595	-0.257643	13.0733	
0.997698	-0.00143989	0.0677916	-0.00142899	0.999106	0.0422516	-0.0677919	-0.0422512	0.996804	-0.477392	-0.298667	14.0769	
0.997357	-0.00165267	0.0726394	-0.00163927	0.998975	0.045236	-0.0726397	-0.0452355	0.996332	-0.548069	-0.342698	15.08	
0.996992	-0.00188007	0.0774869	-0.0018638	0.998835	0.0482155	-0.0774873	-0.0482148	0.995827	-0.623626	-0.38973	16.0826	
0.996603	-0.00212206	0.0823342	-0.00210254	0.998687	0.0511898	-0.0823347	-0.051189	0.995289	-0.704062	-0.439758	17.0847	
0.99619	-0.00237864	0.0871811	-0.00235546	0.99853	0.0541589	-0.0871817	-0.0541579	0.994719	-0.789377	-0.492778	18.0863	
0.995753	-0.0026498	0.0920272	-0.00262253	0.998364	0.0571228	-0.092028	-0.0571215	0.994117	-0.87957	-0.548783	19.0872	
0.995292	-0.00293551	0.0968726	-0.0029037	0.998189	0.0600813	-0.0968736	-0.0600797	0.993482	-0.974641	-0.607769	20.0876	
0.994808	-0.00323577	0.101717	-0.00319895	0.998006	0.0630343	-0.101718	-0.0630324	0.992814	-1.07459	-0.669729	21.0872	
0.9943	-0.00355057	0.10656	-0.00350823	0.997815	0.0659818	-0.106562	-0.0659795	0.992115	-1.17941	-0.734659	22.0862	
0.993768	-0.00387988	0.111402	-0.0038315	0.997615	0.0689236	-0.111404	-0.0689209	0.991382	-1.28911	-0.802552	23.0845	
0.993212	-0.00422369	0.116243	-0.00416873	0.997406	0.0718596	-0.116245	-0.0718564	0.990618	-1.40368	-0.873403	24.082	
0.992632	-0.00458199	0.121082	-0.00451988	0.997189	0.0747898	-0.121084	-0.074786	0.989821	-1.52313	-0.947206	25.0787	
0.992028	-0.00495476	0.125919	-0.0048849	0.996964	0.0777141	-0.125922	-0.0777097	0.988992	-1.64744	-1.02395	26.0746	
0.9914	-0.00534198	0.130754	-0.00526376	0.99673	0.0806323	-0.130757	-0.0806272	0.98813	-1.77662	-1.10364	27.0697	
0.990749	-0.00574364	0.135587	-0.00565641	0.996488	0.0835444	-0.135591	-0.0835385	0.987237	-1.91067	-1.18626	28.0638	
0.990073	-0.00615972	0.140418	-0.00606282	0.996238	0.0864503	-0.140422	-0.0864435	0.986311	-2.04959	-1.27181	29.0571	
0.989374	-0.00659019	0.145246	-0.00648294	0.995979	0.08935	-0.145251	-0.0893421	0.985353	-2.19336	-1.36028	30.0494	
0.98865	-0.00703505	0.150072	-0.00691674	0.995712	0.0922432	-0.150077	-0.0922342	0.984363	-2.342	-1.45167	31.0407	
0.987903	-0.00749426	0.154895	-0.00736416	0.995438	0.0951299	-0.154901	-0.0951198	0.98334	-2.49549	-1.54596	32.031	
0.987131	-0.00796781	0.159715	-0.00782517	0.995155	0.0980101	-0.159722	-0.0979986	0.982286	-2.65383	-1.64315	33.0203	
0.986336	-0.00845569	0.164532	-0.00829972	0.994864	0.100884	-0.16454	-0.100871	0.981199	-2.81703	-1.74324	34.0085	
0.985516	-0.00895786	0.169345	-0.00878777	0.994565	0.10375	-0.169354	-0.103736	0.980081	-2.98507	-1.84622	34.9956	
0.984673	-0.0094743	0.174156	-0.00928927	0.994257	0.10661	-0.174166	-0.106594	0.97893	-3.15796	-1.95207	35.9815	
0.983805	-0.010005	0.178962	-0.00980418	0.993942	0.109463	-0.178973	-0.109445	0.977748	-3.33569	-2.0608	36.9663	
0.982914	-0.0105499	0.183765	-0.0103324	0.99362	0.112309	-0.183777	-0.112289	0.976533	-3.51825	-2.1724	37.9498	
0.981998	-0.0111091	0.188564	-0.010874	0.993289	0.115148	-0.188577	-0.115126	0.975287	-3.70565	-2.28685	38.9322	
0.981059	-0.0116824	0.193359	-0.0114289	0.99295	0.11798	-0.193374	-0.117955	0.974009	-3.89788	-2.40416	39.9132	
0.980095	-0.0122699	0.198149	-0.011997	0.992604	0.120804	-0.198166	-0.120777	0.972699	-4.09494	-2.52431	40.893	
0.979108	-0.0128715	0.202935	-0.0125782	0.99225	0.123622	-0.202953	-0.123591	0.971357	-4.29682	-2.64729	41.8714	
0.978096	-0.0134872	0.207717	-0.0131726	0.991888	0.126431	-0.207737	-0.126398	0.969984	-4.50351	-2.77311	42.8484	
0.977061	-0.014117	0.212493	-0.0137801	0.991518	0.129233	-0.212515	-0.129197	0.968579	-4.71502	-2.90175	43.8241	
0.976001	-0.0147608	0.217265	-0.0144006	0.991141	0.132028	-0.217289	-0.131988	0.967142	-4.93133	-3.0332	44.7983	
0.974918	-0.0154187	0.222032	-0.0150341	0.990757	0.134815	-0.222058	-0.134771	0.965674	-5.15245	-3.16745	45.771	
0.97381	-0.0160906	0.226793	-0.0156805	0.990365	0.137594	-0.226822	-0.137547	0.964175	-5.37836	-3.30451	46.7423	
0.972679	-0.0167764	0.231549	-0.0163398	0.989965	0.140365	-0.23158	-0.140314	0.962644	-5.60907	-3.44435	47.712	
0.971523	-0.0174762	0.236299	-0.017012	0.989558	0.143129	-0.236333	-0.143073	0.961081	-5.84456	-3.58697	48.6802	
0.970344	-0.0181899	0.241044	-0.0176969	0.989143	0.145884	-0.241081	-0.145823	0.959487	-6.08484	-3.73237	49.6468	
0.96914	-0.0189175	0.245783	-0.0183945	0.988722	0.148631	-0.245822	-0.148566	0.957862	-6.32989	-3.88053	50.6118	
0.967913	-0.0196589	0.250515	-0.0191049	0.988292	0.15137	-0.250558	-0.151299	0.956206	-6.57971	-4.03145	51.5751	
0.966662	-0.0204142	0.255242	-0.0198278	0.987856	0.154101	-0.255288	-0.154025	0.954518	-6.83429	-4.18511	52.5367	
0.965387	-0.0211832	0.259962	-0.0205634	0.987413	0.156824	-0.260011	-0.156741	0.952799	-7.09363	-4.34152	53.4967	
0.964087	-0.021966	0.264675	-0.0213114	0.986962	0.159538	-0.264729	-0.159449	0.951049	-7.35773	-4.50065	54.4548	
0.962764	-0.0227625	0.269382	-0.022072	0.986504	0.162243	-0.269439	-0.162148	0.949268	-7.62657	-4.66251	55.4112	
0.961418	-0.0235727	0.274081	-0.0228449	0.986039	0.16494	-0.274143	-0.164838	0.947457	-7.90014	-4.82707	56.3658	
0.960047	-0.0243966	0.278774	-0.0236302	0.985567	0.167629	-0.27884	-0.167519	0.945614	-8.17845	-4.99434	57.3186	
0.958652	-0.0252341	0.28346	-0.0244278	0.985088	0.170309	-0.28353	-0.170191	0.94374	-8.46148	-5.16431	58.2695	
0.957234	-0.0260852	0.288138	-0.0252377	0.984602	0.172979	-0.288213	-0.172854	0.941836	-8.74923	-5.33696	59.2184	
0.955791	-0.0269498	0.292808	-0.0260598	0.984109	0.175642	-0.292889	-0.175507	0.939901	-9.04169	-5.51228	60.1655	
0.954325	-0.0278279	0.297471	-0.026894	0.98361	0.178295	-0.297557	-0.178151	0.937935	-9.33885	-5.69027	61.1106	
0.952835	-0.0287196	0.302126	-0.0277403	0.983103	0.180939	-0.302217	-0.180786	0.935939	-9.64071	-5.87092	62.0537	
0.951322	-0.0296246	0.306772	-0.0285986	0.98259	0.183574	-0.30687	-0.183411	0.933912	-9.94725	-6.05421	62.9947	
0.949656	-0.030609	0.311794	-0.0283316	0.982748	0.182768	-0.312009	-0.182401	0.932406	-10.2587	-6.23832	63.934	
0.947962	-0.0315888	0.316813	-0.0280591	0.982905	0.181962	-0.317145	-0.181382	0.93087	-10.5754	-6.42141	64.8718	
0.946238	-0.0325639	0.321827	-0.0277813	0.983062	0.181153	-0.322275	-0.180355	0.929307	-10.8972	-6.60346	65.808	
0.944486	-0.033534	0.326836	-0.0274982	0.983219	0.180344	-0.327399	-0.17932	0.927715	-11.2241	-6.78448	66.7426	
0.942705	-0.0344991	0.331839	-0.0272096	0.983376	0.179533	-0.332516	-0.178276	0.926094	-11.5563	-6.96445	67.6756	
0.940896	-0.0354589	0.336835	-0.0269156	0.983531	0.178722	-0.337625	-0.177225	0.924446	-11.8935	-7.14337	68.6069	
0.939058	-0.0364133	0.341824	-0.0266163	0.983687	0.177909	-0.342726	-0.176165	0.92277	-12.236	-7.32123	69.5366	
0.938077	-0.03688	0.344458	-0.0180065	0.987782	0.154797	-0.345958	-0.151414	0.925952	-12.5826	-7.4861	70.4671	
0.937087	-0.037276	0.347099	-0.00931864	0.991258	0.131612	-0.348971	-0.126566	0.928547	-12.9323	-7.62601	71.4005	
0.936089	-0.037601	0.349748	-0.000558178	0.99411	0.10837	-0.351763	-0.101639	0.930555	-13.285	-7.74087	72.3362	
0.935083	-0.037855	0.352401	0.0082693	0.996339	0.0850847	-0.354332	-0.0766472	0.931973	-13.6404	-7.8306	73.2736	
0.93407	-0.0380377	0.355058	0.0171582	0.997943	0.0617716	-0.356677	-0.0516069	0.932801	-13.9983	-7.89515	74.2122	
0.933051	-0.038149	0.357716	0.0261029	0.99892	0.0384452	-0.358796	-0.0265339	0.933039	-14.3584	-7.93448	75.1513	
0.932026	-0.0381889	0.360373	0.0350978	0.999269	0.0151202	-0.360688	-0.00144414	0.932686	-14.7205	-7.94856	76.0903	
0.930996	-0.0381573	0.363029	0.0441371	0.998992	-0.00818853	-0.362351	0.0236466	0.931742	-15.0844	-7.93739	77.0287	
0.929962	-0.0380542	0.365682	0.0532151	0.998087	-0.0314663	-0.363785	0.0487223	0.930208	-15.4499	-7.90097	77.9658	
0.928924	-0.0378797	0.368329	0.0623261	0.996556	-0.0546984	-0.364988	0.0737671	0.928085	-15.8167	-7.83931	78.9011	
0.927882	-0.0376339	0.370969	0.0714643	0.994399	-0.07787	-0.365961	0.0987653	0.925375	-16.1846	-7.75248	79.834	
0.926839	-0.037317	0.373601	0.080624	0.991618	-0.100967	-0.366702	0.123701	0.922078	-16.5533	-7.64051	80.7638	
0.925793	-0.0369291	0.376223	0.0897992	0.988214	-0.123973	-0.36721	0.148558	0.918198	-16.9227	-7.50348	81.69	
0.924746	-0.0364706	0.378832	0.0989843	0.98419	-0.146876	-0.367486	0.173321	0.913736	-17.2925	-7.34147	82.6121	
0.923699	-0.0359417	0.381428	0.108173	0.979548	-0.16966	-0.36753	0.197975	0.908696	-17.6624	-7.1546	83.5293	
0.922653	-0.0353427	0.384009	0.117361	0.974291	-0.19231	-0.36734	0.222503	0.90308	-18.0323	-6.94297	84.4412	
0.921607	-0.034674	0.386574	0.12654	0.968423	-0.214813	-0.366918	0.24689	0.896893	-18.4019	-6.70672	85.3471	
0.920562	-0.0339361	0.389119	0.135706	0.961947	-0.237154	-0.366264	0.271121	0.890137	-18.7709	-6.446	86.2466	
0.91952	-0.0331294	0.391645	0.144853	0.954867	-0.25932	-0.365378	0.29518	0.882818	-19.1391	-6.16097	87.1389	
0.91848	-0.0322544	0.394149	0.153975	0.947188	-0.281295	-0.36426	0.319053	0.87494	-19.5064	-5.85182	88.0236	
0.917445	-0.0313116	0.39663	0.163066	0.938915	-0.303066	-0.362912	0.342723	0.866508	-19.8723	-5.51874	88.9001	
0.916413	-0.0303018	0.399086	0.17212	0.930052	-0.32462	-0.361334	0.366176	0.857527	-20.2369	-5.16195	89.7678	
0.915386	-0.0292254	0.401515	0.181132	0.920606	-0.345942	-0.359527	0.389398	0.848003	-20.5997	-4.78166	90.6262	
0.914364	-0.0280833	0.403917	0.190096	0.910582	-0.367019	-0.357493	0.412373	0.837943	-20.9606	-4.37812	91.4748	
0.913349	-0.026876	0.406289	0.199007	0.899988	-0.387839	-0.355232	0.435086	0.827351	-21.3193	-3.95159	92.3129	
0.912341	-0.0256044	0.408631	0.207858	0.888828	-0.408386	-0.352746	0.457525	0.816236	-21.6756	-3.50233	93.1402	
0.911339	-0.0242694	0.41094	0.216644	0.877112	-0.42865	-0.350037	0.479673	0.804604	-22.0293	-3.03063	93.956	
0.910346	-0.0228716	0.413215	0.225359	0.864845	-0.448616	-0.347106	0.501518	0.792463	-22.3802	-2.53678	94.7598	
