1	0	0	0	1	0	0	0	1	0	0	0	
1	-2.13978e-06	-0.000964002	-2.13978e-06	0.99999	-0.00443934	0.000964002	0.00443934	0.99999	0.000430637	0.00198313	0.893431	
0.999998	-8.56252e-06	-0.00192834	-8.56317e-06	0.999961	-0.00888088	0.00192834	0.00888088	0.999959	0.0017227	0.00793352	1.78684	
0.999996	-1.92733e-05	-0.00289298	-1.92759e-05	0.999911	-0.0133245	0.00289298	0.0133245	0.999907	0.00387646	0.0178531	2.68022	
0.999993	-3.4277e-05	-0.00385789	-3.42835e-05	0.999842	-0.01777	0.00385789	0.01777	0.999835	0.0068922	0.0317435	3.57354	
0.999988	-5.35783e-05	-0.00482305	-5.35912e-05	0.999753	-0.0222174	0.00482305	0.0222174	0.999742	0.0107701	0.0496066	4.46679	
0.999983	-7.71814e-05	-0.00578843	-7.7204e-05	0.999644	-0.0266664	0.00578843	0.0266664	0.999628	0.0155105	0.0714439	5.35994	
0.999977	-0.000105091	-0.006754	-0.000105127	0.999516	-0.031117	0.006754	0.031117	0.999493	0.0211134	0.0972568	6.25298	
0.99997	-0.00013731	-0.00771973	-0.000137364	0.999367	-0.035569	0.00771973	0.035569	0.999337	0.0275791	0.127047	7.1459	
0.999962	-0.000173842	-0.00868559	-0.00017392	0.999199	-0.0400222	0.00868559	0.0400222	0.999161	0.0349076	0.160815	8.03866	
0.999953	-0.000214692	-0.00965155	-0.000214799	0.99901	-0.0444766	0.00965155	0.0444766	0.998964	0.0430991	0.198562	8.93126	
0.999944	-0.000259862	-0.0106176	-0.000260004	0.998802	-0.0489321	0.0106176	0.0489321	0.998746	0.0521537	0.240289	9.82367	
0.999933	-0.000309355	-0.0115837	-0.00030954	0.998574	-0.0533884	0.0115837	0.0533884	0.998507	0.0620714	0.285997	10.7159	
0.999921	-0.000363175	-0.0125498	-0.00036341	0.998325	-0.0578454	0.0125498	0.0578454	0.998247	0.0728523	0.335688	11.6079	
0.999909	-0.000421322	-0.0135159	-0.000421617	0.998057	-0.0623031	0.0135159	0.0623031	0.997966	0.0844963	0.38936	12.4996	
0.999895	-0.0004838	-0.0144819	-0.000484163	0.997769	-0.0667613	0.0144819	0.0667613	0.997664	0.0970034	0.447015	13.3911	
0.999881	-0.000550612	-0.0154479	-0.000551052	0.99746	-0.0712199	0.0154479	0.0712199	0.997341	0.110374	0.508654	14.2823	
0.999865	-0.000621757	-0.0164138	-0.000622286	0.997132	-0.0756787	0.0164138	0.0756787	0.996997	0.124607	0.574276	15.1732	
0.999849	-0.000697239	-0.0173796	-0.000697867	0.996784	-0.0801375	0.0173796	0.0801375	0.996632	0.139703	0.643882	16.0638	
0.999831	-0.000777058	-0.0183452	-0.000777797	0.996415	-0.0845964	0.0183452	0.0845964	0.996246	0.155662	0.717472	16.9541	
0.999813	-0.000861216	-0.0193106	-0.000862079	0.996026	-0.0890551	0.0193106	0.0890551	0.995839	0.172483	0.795045	17.844	
0.999794	-0.000949713	-0.0202759	-0.000950712	0.995618	-0.0935135	0.0202758	0.0935135	0.995412	0.190167	0.876602	18.7335	
0.999774	-0.00104255	-0.0212409	-0.0010437	0.995189	-0.0979715	0.0212408	0.0979715	0.994963	0.208713	0.962142	19.6226	
0.999753	-0.00113973	-0.0222056	-0.00114104	0.99474	-0.102429	0.0222055	0.102429	0.994492	0.228122	1.05166	20.5113	
0.999731	-0.00124125	-0.02317	-0.00124274	0.994271	-0.106886	0.0231699	0.106886	0.994001	0.248392	1.14517	21.3996	
0.999708	-0.00134711	-0.0241341	-0.0013488	0.993781	-0.111342	0.024134	0.111342	0.993489	0.269523	1.24265	22.2875	
0.999684	-0.00145731	-0.0250979	-0.00145921	0.993272	-0.115797	0.0250978	0.115797	0.992956	0.291516	1.34412	23.1749	
0.999659	-0.00157185	-0.0260613	-0.00157398	0.992742	-0.12025	0.0260612	0.12025	0.992401	0.31437	1.44957	24.0618	
0.999633	-0.00169073	-0.0270243	-0.0016931	0.992193	-0.124703	0.0270241	0.124703	0.991826	0.338084	1.55899	24.9481	
0.999607	-0.00181395	-0.0279868	-0.00181659	0.991623	-0.129155	0.0279866	0.129155	0.991229	0.362658	1.6724	25.834	
0.999579	-0.0019415	-0.0289489	-0.00194443	0.991033	-0.133604	0.0289487	0.133605	0.990612	0.388092	1.78978	26.7193	
0.99955	-0.0020734	-0.0299105	-0.00207662	0.990423	-0.138053	0.0299103	0.138053	0.989973	0.414386	1.91113	27.6041	
0.999521	-0.00220962	-0.0308716	-0.00221317	0.989792	-0.142499	0.0308713	0.142499	0.989313	0.441538	2.03646	28.4883	
0.99949	-0.00235018	-0.0318321	-0.00235407	0.989142	-0.146944	0.0318318	0.146944	0.988632	0.469548	2.16576	29.3719	
0.999459	-0.00249507	-0.0327921	-0.00249933	0.988471	-0.151387	0.0327917	0.151387	0.987931	0.498417	2.29903	30.2548	
0.999427	-0.00264429	-0.0337514	-0.00264894	0.987781	-0.155828	0.033751	0.155828	0.987207	0.528143	2.43626	31.1372	
0.999394	-0.00279784	-0.0347101	-0.00280289	0.98707	-0.160266	0.0347097	0.160266	0.986463	0.558725	2.57747	32.0188	
0.999359	-0.00295571	-0.0356682	-0.0029612	0.986339	-0.164702	0.0356678	0.164702	0.985698	0.590164	2.72264	32.8998	
0.999324	-0.0031179	-0.0366256	-0.00312384	0.985588	-0.169136	0.0366251	0.169136	0.984912	0.622459	2.87177	33.7801	
0.999288	-0.00328441	-0.0375823	-0.00329083	0.984817	-0.173567	0.0375817	0.173567	0.984105	0.655608	3.02486	34.6597	
0.999251	-0.00345523	-0.0385382	-0.00346216	0.984025	-0.177995	0.0385376	0.177995	0.983277	0.689612	3.18191	35.5386	
0.999213	-0.00363036	-0.0394934	-0.00363783	0.983214	-0.18242	0.0394927	0.18242	0.982427	0.72447	3.34291	36.4167	
0.999174	-0.0038098	-0.0404478	-0.00381783	0.982382	-0.186842	0.040447	0.186842	0.981557	0.76018	3.50787	37.2941	
0.999135	-0.00399354	-0.0414013	-0.00400216	0.981531	-0.191261	0.0414005	0.191262	0.980666	0.796743	3.67678	38.1706	
0.999094	-0.00418158	-0.042354	-0.00419082	0.980659	-0.195677	0.0423531	0.195678	0.979753	0.834157	3.84963	39.0464	
0.999052	-0.00437392	-0.0433059	-0.0043838	0.979768	-0.20009	0.0433049	0.20009	0.97882	0.872422	4.02643	39.9213	
0.99901	-0.00457055	-0.0442568	-0.0045811	0.978856	-0.204499	0.0442557	0.204499	0.977866	0.911537	4.20716	40.7954	
0.998966	-0.00477146	-0.0452068	-0.00478271	0.977924	-0.208904	0.0452056	0.208904	0.976891	0.951501	4.39184	41.6686	
0.998922	-0.00497665	-0.0461559	-0.00498864	0.976973	-0.213306	0.0461546	0.213306	0.975895	0.992313	4.58045	42.541	
0.998877	-0.00518612	-0.0471039	-0.00519887	0.976001	-0.217703	0.0471025	0.217704	0.974878	1.03397	4.77299	43.4124	
0.99883	-0.00539986	-0.048051	-0.0054134	0.97501	-0.222097	0.0480494	0.222097	0.97384	1.07648	4.96945	44.2829	
0.998783	-0.00561786	-0.048997	-0.00563223	0.973998	-0.226487	0.0489953	0.226487	0.972781	1.11983	5.16984	45.1525	
0.998735	-0.00584012	-0.0499419	-0.00585535	0.972967	-0.230872	0.0499401	0.230872	0.971702	1.16403	5.37416	46.0212	
0.998686	-0.00606663	-0.0508858	-0.00608276	0.971915	-0.235253	0.0508839	0.235253	0.970601	1.20907	5.58238	46.8888	
0.998636	-0.00629739	-0.0518285	-0.00631445	0.970844	-0.239629	0.0518264	0.239629	0.96948	1.25495	5.79452	47.7555	
0.998585	-0.00653239	-0.0527701	-0.00655041	0.969753	-0.244001	0.0527679	0.244001	0.968338	1.30167	6.01057	48.6212	
0.998534	-0.00677162	-0.0537105	-0.00679064	0.968642	-0.248368	0.0537081	0.248368	0.967176	1.34924	6.23052	49.4858	
0.998481	-0.00701508	-0.0546498	-0.00703513	0.967511	-0.252729	0.0546472	0.25273	0.965992	1.39764	6.45437	50.3494	
0.998427	-0.00726275	-0.0555878	-0.00728387	0.966361	-0.257086	0.055585	0.257087	0.964788	1.44689	6.68211	51.2119	
0.998373	-0.00751464	-0.0565245	-0.00753687	0.965191	-0.261438	0.0565216	0.261439	0.963564	1.49697	6.91375	52.0733	
0.998327	-0.00772761	-0.0572975	-0.0079803	0.963124	-0.26894	0.0572628	0.268948	0.961451	1.54779	7.15068	52.9333	
0.998281	-0.00794717	-0.0580707	-0.00842952	0.960998	-0.276426	0.0580027	0.27644	0.959279	1.59929	7.39431	53.7913	
0.998234	-0.00817332	-0.0588441	-0.00888451	0.958814	-0.283894	0.0587409	0.283916	0.957048	1.65144	7.64464	54.6473	
0.998186	-0.00840604	-0.0596175	-0.00934527	0.956572	-0.291346	0.0594775	0.291374	0.954758	1.70425	7.90163	55.5014	
0.998137	-0.00864532	-0.0603907	-0.00981177	0.954272	-0.298779	0.0602122	0.298815	0.95241	1.75772	8.16528	56.3533	
0.998088	-0.00889114	-0.0611636	-0.010284	0.951914	-0.306194	0.0609449	0.306237	0.950002	1.81184	8.43557	57.2032	
0.998038	-0.00914349	-0.0619361	-0.0107619	0.949498	-0.31359	0.0616755	0.313641	0.947536	1.86662	8.71248	58.0509	
0.997988	-0.00940233	-0.062708	-0.0112455	0.947024	-0.320966	0.0624038	0.321025	0.945012	1.92204	8.996	58.8963	
0.997936	-0.00966765	-0.0634791	-0.0117348	0.944493	-0.328322	0.0631296	0.32839	0.94243	1.97812	9.2861	59.7395	
0.997884	-0.00993941	-0.0642493	-0.0122297	0.941904	-0.335658	0.0638529	0.335734	0.93979	2.03485	9.58278	60.5803	
0.997832	-0.0102176	-0.0650185	-0.0127302	0.939259	-0.342973	0.0645735	0.343057	0.937092	2.09222	9.88601	61.4187	
0.997778	-0.0105022	-0.0657864	-0.0132363	0.936557	-0.350266	0.0652913	0.350359	0.934337	2.15023	10.1958	62.2547	
0.997725	-0.0107931	-0.0665531	-0.013748	0.933798	-0.357538	0.0660061	0.357639	0.931524	2.20889	10.512	63.0882	
0.99767	-0.0110903	-0.0673183	-0.0142652	0.930982	-0.364786	0.0667177	0.364897	0.928655	2.26818	10.8348	63.9192	
0.997615	-0.0113938	-0.0680819	-0.0147879	0.92811	-0.372012	0.0674261	0.372131	0.925728	2.3281	11.1641	64.7476	
0.997559	-0.0117035	-0.0688437	-0.015316	0.925182	-0.379214	0.0681311	0.379343	0.922744	2.38866	11.4998	65.5734	
0.997502	-0.0120194	-0.0696036	-0.0158496	0.922198	-0.386392	0.0688325	0.38653	0.919705	2.44984	11.8419	66.3964	
0.997445	-0.0123414	-0.0703615	-0.0163886	0.919159	-0.393546	0.0695303	0.393693	0.916609	2.51165	12.1904	67.2167	
0.997387	-0.0126695	-0.0711172	-0.016933	0.916064	-0.400674	0.0702243	0.400831	0.913456	2.57408	12.5454	68.0343	
0.997329	-0.0130036	-0.0718706	-0.0174827	0.912914	-0.407777	0.0709143	0.407944	0.910249	2.63713	12.9067	68.8489	
0.99727	-0.0133437	-0.0726216	-0.0180377	0.909709	-0.414854	0.0716002	0.415031	0.906985	2.70079	13.2743	69.6607	
0.997341	-0.0129183	-0.0717189	-0.0196196	0.900223	-0.434988	0.0701823	0.435238	0.897576	2.76413	13.6541	70.4669	
0.997411	-0.0124729	-0.0708258	-0.0211695	0.890288	-0.454907	0.0687294	0.455228	0.887718	2.82619	14.0519	71.2645	
0.997479	-0.0120076	-0.0699428	-0.0226865	0.879909	-0.474601	0.0672421	0.474991	0.877418	2.88693	14.4675	72.053	
0.997545	-0.0115226	-0.0690704	-0.02417	0.869092	-0.49406	0.0657214	0.494516	0.86668	2.94633	14.9006	72.8322	
0.99761	-0.0110182	-0.0682089	-0.0256192	0.857842	-0.513275	0.0641678	0.513795	0.85551	3.00436	15.3511	73.6015	
0.997674	-0.0104947	-0.0673588	-0.0270334	0.846165	-0.532235	0.0625822	0.532818	0.843913	3.06098	15.8186	74.3607	
0.997735	-0.0099522	-0.0665205	-0.0284119	0.834066	-0.550933	0.0609655	0.551575	0.831894	3.11618	16.3031	75.1094	
0.997796	-0.00939112	-0.0656944	-0.0297539	0.821552	-0.569357	0.0593183	0.570057	0.819461	3.16991	16.8041	75.8471	
0.997854	-0.00881169	-0.064881	-0.0310588	0.808628	-0.5875	0.0576415	0.588254	0.806619	3.22216	17.3216	76.5735	
0.997911	-0.0082142	-0.0640806	-0.032326	0.795302	-0.605351	0.0559359	0.606158	0.793375	3.2729	17.8552	77.2883	
0.997966	-0.00759896	-0.0632937	-0.0335549	0.78158	-0.622902	0.0542025	0.623759	0.779735	3.3221	18.4046	77.991	
0.998019	-0.00696625	-0.0625206	-0.0347447	0.767468	-0.640145	0.052442	0.64105	0.765706	3.36975	18.9697	78.6814	
0.998071	-0.00631641	-0.0617618	-0.035895	0.752974	-0.657071	0.0506553	0.65802	0.751295	3.4158	19.55	79.3591	
0.998121	-0.00564976	-0.0610175	-0.0370051	0.738105	-0.67367	0.0488434	0.674662	0.736509	3.46025	20.1454	80.0238	
0.998169	-0.00496662	-0.0602882	-0.0380745	0.722868	-0.689936	0.0470071	0.690968	0.721355	3.50307	20.7554	80.6751	
0.998215	-0.00426735	-0.0595743	-0.0391027	0.707272	-0.70586	0.0451474	0.706929	0.705842	3.54424	21.3799	81.3127	
0.998259	-0.00355228	-0.0588761	-0.0400892	0.691323	-0.721433	0.0432651	0.722537	0.689977	3.58374	22.0185	81.9362	
0.998301	-0.00282177	-0.0581939	-0.0410333	0.67503	-0.736649	0.0413612	0.737785	0.673767	3.62154	22.6709	82.5455	
0.998342	-0.0020762	-0.0575281	-0.0419348	0.658401	-0.751499	0.0394368	0.752665	0.657222	3.65764	23.3367	83.1401	
