1	0	0	0	1	0	0	0	1	0	0	0	
0.999999	-2.36235e-06	-0.00101832	-2.36235e-06	0.999989	-0.00463965	0.00101832	0.00463965	0.999989	0.000451304	0.00205621	0.88636	
0.999998	-9.45432e-06	-0.00203726	-9.45256e-06	0.999957	-0.00928034	0.00203726	0.00928034	0.999955	0.00180548	0.00822531	1.7727	
0.999995	-2.12827e-05	-0.00305677	-2.12757e-05	0.999903	-0.013922	0.00305677	0.013922	0.999898	0.00406307	0.0185082	2.659	
0.999992	-3.78542e-05	-0.00407684	-3.78366e-05	0.999828	-0.0185644	0.00407684	0.0185644	0.999819	0.00722456	0.0329056	3.54524	
0.999987	-5.91752e-05	-0.00509744	-5.914e-05	0.999731	-0.0232075	0.00509744	0.0232075	0.999718	0.0112904	0.0514181	4.4314	
0.999981	-8.52519e-05	-0.00611853	-8.51904e-05	0.999612	-0.0278511	0.00611853	0.0278511	0.999593	0.0162612	0.0740464	5.31746	
0.999975	-0.00011609	-0.00714009	-0.000115992	0.999472	-0.0324951	0.00714009	0.0324951	0.999446	0.0221372	0.100791	6.2034	
0.999967	-0.000151697	-0.0081621	-0.000151549	0.99931	-0.0371394	0.0081621	0.0371394	0.999277	0.0289188	0.131652	7.0892	
0.999958	-0.000192076	-0.00918451	-0.000191865	0.999127	-0.0417839	0.00918452	0.0417839	0.999084	0.0366065	0.166629	7.97484	
0.999948	-0.000237234	-0.0102073	-0.000236944	0.998922	-0.0464284	0.0102073	0.0464284	0.998869	0.0452007	0.205723	8.8603	
0.999937	-0.000287176	-0.0112305	-0.000286789	0.998695	-0.0510728	0.0112305	0.0510728	0.998632	0.0547015	0.248934	9.74556	
0.999925	-0.000341908	-0.012254	-0.000341404	0.998447	-0.055717	0.012254	0.055717	0.998371	0.0651095	0.296261	10.6306	
0.999912	-0.000401433	-0.0132778	-0.000400792	0.998177	-0.0603609	0.0132778	0.0603609	0.998088	0.0764247	0.347705	11.5154	
0.999898	-0.000465757	-0.0143018	-0.000464955	0.997885	-0.0650042	0.0143019	0.0650042	0.997782	0.0886475	0.403265	12.3999	
0.999882	-0.000534884	-0.0153262	-0.000533897	0.997572	-0.069647	0.0153262	0.069647	0.997454	0.101778	0.46294	13.2842	
0.999866	-0.000608819	-0.0163507	-0.00060762	0.997237	-0.074289	0.0163507	0.074289	0.997103	0.115817	0.52673	14.1681	
0.999849	-0.000687565	-0.0173754	-0.000686127	0.99688	-0.0789302	0.0173755	0.0789301	0.996729	0.130764	0.594634	15.0518	
0.99983	-0.000771127	-0.0184003	-0.000769419	0.996502	-0.0835703	0.0184004	0.0835703	0.996332	0.146619	0.666651	15.9351	
0.999811	-0.000859508	-0.0194253	-0.000857499	0.996102	-0.0882094	0.0194254	0.0882094	0.995913	0.163383	0.742781	16.818	
0.99979	-0.000952712	-0.0204504	-0.000950367	0.99568	-0.0928472	0.0204505	0.0928472	0.99547	0.181055	0.823022	17.7005	
0.999769	-0.00105074	-0.0214756	-0.00104803	0.995237	-0.0974837	0.0214758	0.0974836	0.995005	0.199636	0.907373	18.5827	
0.999746	-0.0011536	-0.0225009	-0.00115048	0.994772	-0.102119	0.022501	0.102119	0.994518	0.219126	0.995834	19.4644	
0.999722	-0.00126129	-0.0235261	-0.00125772	0.994285	-0.106752	0.0235263	0.106752	0.994007	0.239524	1.0884	20.3457	
0.999698	-0.00137382	-0.0245514	-0.00136977	0.993777	-0.111384	0.0245516	0.111384	0.993474	0.260832	1.18508	21.2265	
0.999672	-0.00149119	-0.0255766	-0.0014866	0.993247	-0.116013	0.0255769	0.116013	0.992918	0.283048	1.28585	22.1068	
0.999645	-0.00161339	-0.0266018	-0.00160823	0.992695	-0.120641	0.0266021	0.120641	0.99234	0.306172	1.39073	22.9867	
0.999617	-0.00174044	-0.0276268	-0.00173466	0.992122	-0.125267	0.0276272	0.125267	0.991738	0.330206	1.49972	23.866	
0.999588	-0.00187233	-0.0286518	-0.00186589	0.991527	-0.12989	0.0286522	0.12989	0.991114	0.355148	1.6128	24.7447	
0.999558	-0.00200907	-0.0296766	-0.00200191	0.99091	-0.134511	0.0296771	0.134511	0.990468	0.380998	1.72998	25.6229	
0.999526	-0.00215065	-0.0307012	-0.00214273	0.990272	-0.139129	0.0307018	0.139129	0.989798	0.407757	1.85125	26.5006	
0.999494	-0.00229709	-0.0317256	-0.00228834	0.989612	-0.143745	0.0317263	0.143745	0.989106	0.435424	1.97661	27.3776	
0.999461	-0.00244837	-0.0327498	-0.00243875	0.988931	-0.148358	0.0327505	0.148358	0.988391	0.463999	2.10607	28.254	
0.999426	-0.00260451	-0.0337737	-0.00259396	0.988228	-0.152969	0.0337745	0.152968	0.987654	0.493482	2.23961	29.1297	
0.999391	-0.0027655	-0.0347973	-0.00275396	0.987503	-0.157576	0.0347983	0.157576	0.986894	0.523872	2.37724	30.0048	
0.999354	-0.00293134	-0.0358207	-0.00291876	0.986757	-0.16218	0.0358217	0.16218	0.986111	0.55517	2.51895	30.8792	
0.999316	-0.00310204	-0.0368436	-0.00308834	0.985989	-0.166781	0.0368448	0.166781	0.985305	0.587374	2.66474	31.7529	
0.999277	-0.00327759	-0.0378662	-0.00326272	0.9852	-0.171378	0.0378675	0.171378	0.984477	0.620486	2.8146	32.6259	
0.999238	-0.00345799	-0.0388884	-0.00344189	0.984389	-0.175972	0.0388898	0.175972	0.983627	0.654503	2.96854	33.4981	
0.999197	-0.00364325	-0.0399101	-0.00362584	0.983557	-0.180563	0.0399117	0.180562	0.982753	0.689427	3.12655	34.3696	
0.999155	-0.00383337	-0.0409314	-0.00381458	0.982703	-0.185149	0.0409332	0.185149	0.981858	0.725256	3.28863	35.2402	
0.999111	-0.00402833	-0.0419522	-0.00400811	0.981828	-0.189732	0.0419542	0.189731	0.980939	0.76199	3.45477	36.1101	
0.999067	-0.00422815	-0.0429725	-0.00420641	0.980931	-0.194311	0.0429747	0.19431	0.979998	0.799629	3.62497	36.9792	
0.999022	-0.00443282	-0.0439923	-0.0044095	0.980013	-0.198885	0.0439946	0.198885	0.979035	0.838172	3.79923	37.8474	
0.998976	-0.00464235	-0.0450114	-0.00461736	0.979073	-0.203455	0.045014	0.203455	0.978049	0.877619	3.97754	38.7147	
0.998928	-0.00485672	-0.04603	-0.00482999	0.978112	-0.208021	0.0460328	0.208021	0.977041	0.91797	4.1599	39.5812	
0.99888	-0.00507594	-0.047048	-0.00504739	0.97713	-0.212583	0.047051	0.212582	0.97601	0.959223	4.3463	40.4468	
0.99883	-0.00530001	-0.0480652	-0.00526956	0.976126	-0.21714	0.0480686	0.217139	0.974956	1.00138	4.53675	41.3114	
0.998779	-0.00552892	-0.0490818	-0.0054965	0.975101	-0.221692	0.0490855	0.221691	0.973881	1.04444	4.73123	42.1751	
0.998728	-0.00576268	-0.0500977	-0.00572819	0.974055	-0.226239	0.0501017	0.226238	0.972783	1.08839	4.92974	43.0378	
0.998675	-0.00600127	-0.0511129	-0.00596464	0.972987	-0.230781	0.0511171	0.230781	0.971662	1.13325	5.13229	43.8996	
0.998621	-0.00624471	-0.0521272	-0.00620585	0.971898	-0.235319	0.0521319	0.235318	0.970519	1.17901	5.33885	44.7603	
0.998566	-0.00649298	-0.0531408	-0.0064518	0.970788	-0.239851	0.0531458	0.239849	0.969354	1.22567	5.54944	45.62	
0.99851	-0.00674609	-0.0541536	-0.00670249	0.969657	-0.244377	0.054159	0.244376	0.968167	1.27322	5.76404	46.4787	
0.998453	-0.00700402	-0.0551654	-0.00695792	0.968505	-0.248898	0.0551713	0.248897	0.966957	1.32168	5.98265	47.3363	
0.998394	-0.00726679	-0.0561765	-0.00721809	0.967331	-0.253414	0.0561827	0.253412	0.965725	1.37103	6.20526	48.1928	
0.998335	-0.00753438	-0.0571866	-0.00748299	0.966136	-0.257924	0.0571933	0.257922	0.964471	1.42127	6.43188	49.0483	
0.998275	-0.00780679	-0.0581957	-0.00775261	0.964921	-0.262428	0.058203	0.262426	0.963195	1.47241	6.66249	49.9026	
0.998213	-0.00808402	-0.0592039	-0.00802696	0.963684	-0.266926	0.0592117	0.266924	0.961897	1.52445	6.89709	50.7557	
0.998151	-0.00836606	-0.0602111	-0.00830601	0.962426	-0.271418	0.0602194	0.271416	0.960576	1.57738	7.13567	51.6077	
0.998048	-0.00882944	-0.0618267	-0.00878624	0.96026	-0.278968	0.0618328	0.278966	0.958308	1.63147	7.37959	52.4582	
0.997942	-0.00930569	-0.0634389	-0.00927915	0.958035	-0.2865	0.0634428	0.286499	0.955978	1.68699	7.63019	53.3065	
0.997834	-0.00979478	-0.0650478	-0.00978471	0.955751	-0.294013	0.0650493	0.294013	0.953585	1.74394	7.88747	54.1528	
0.997723	-0.0102967	-0.0666531	-0.0103029	0.953408	-0.301507	0.0666521	0.301507	0.951131	1.80231	8.15139	54.997	
0.997609	-0.0108114	-0.0682547	-0.0108337	0.951006	-0.308981	0.0682512	0.308982	0.948616	1.86209	8.42195	55.8389	
0.997493	-0.0113388	-0.0698526	-0.011377	0.948546	-0.316436	0.0698464	0.316437	0.946039	1.9233	8.69913	56.6786	
0.997374	-0.011879	-0.0714466	-0.0119328	0.946027	-0.323869	0.0714376	0.323871	0.9434	1.98591	8.9829	57.516	
0.997252	-0.0124319	-0.0730365	-0.0125012	0.943449	-0.331281	0.0730247	0.331284	0.940701	2.04993	9.27326	58.351	
0.997127	-0.0129974	-0.0746223	-0.0130819	0.940814	-0.338672	0.0746076	0.338675	0.937941	2.11536	9.57017	59.1835	
0.997	-0.0135756	-0.0762039	-0.0136751	0.93812	-0.34604	0.0761861	0.346044	0.93512	2.18219	9.87363	60.0137	
0.99687	-0.0141663	-0.0777811	-0.0142807	0.935369	-0.353386	0.0777602	0.353391	0.932238	2.25042	10.1836	60.8412	
0.996737	-0.0147696	-0.0793538	-0.0148986	0.93256	-0.360708	0.0793297	0.360714	0.929297	2.32004	10.5001	61.6662	
0.996602	-0.0153854	-0.0809219	-0.0155289	0.929693	-0.368007	0.0808945	0.368013	0.926295	2.39105	10.823	62.4886	
0.996464	-0.0160137	-0.0824852	-0.0161713	0.92677	-0.375282	0.0824545	0.375288	0.923233	2.46344	11.1525	63.3083	
0.996323	-0.0166544	-0.0840437	-0.016826	0.923789	-0.382531	0.0840095	0.382539	0.920112	2.53721	11.4883	64.1252	
0.996179	-0.0173076	-0.0855972	-0.0174929	0.920752	-0.389756	0.0855596	0.389764	0.916932	2.61236	11.8306	64.9394	
0.996033	-0.017973	-0.0871457	-0.0181719	0.917658	-0.396955	0.0871044	0.396964	0.913692	2.68889	12.1793	65.7507	
0.995885	-0.0186508	-0.088689	-0.018863	0.914508	-0.404127	0.0886441	0.404137	0.910393	2.76678	12.5343	66.5591	
0.995733	-0.0193408	-0.0902269	-0.0195661	0.911302	-0.411274	0.0901783	0.411284	0.907035	2.84603	12.8957	67.3646	
0.995579	-0.0200431	-0.0917594	-0.0202812	0.90804	-0.418392	0.0917071	0.418404	0.903619	2.92664	13.2634	68.167	
0.995423	-0.0207575	-0.0932864	-0.0210083	0.904722	-0.425484	0.0932302	0.425496	0.900145	3.0086	13.6374	68.9664	
0.995264	-0.021484	-0.0948077	-0.0217472	0.901349	-0.432547	0.0947477	0.43256	0.896613	3.09191	14.0177	69.7627	
0.994844	-0.0234025	-0.0986756	-0.0238477	0.891738	-0.451922	0.0985689	0.451946	0.886583	3.17758	14.4097	70.553	
0.994409	-0.0254047	-0.102499	-0.0260307	0.881709	-0.471075	0.102342	0.471109	0.876118	3.26663	14.8188	71.3342	
0.993957	-0.0274895	-0.106276	-0.0282952	0.871265	-0.489996	0.106064	0.490042	0.865222	3.35899	15.2448	72.106	
0.993489	-0.029656	-0.110005	-0.03064	0.860413	-0.508675	0.109735	0.508733	0.853902	3.45463	15.6874	72.8679	
0.993005	-0.0319029	-0.113684	-0.033064	0.849157	-0.527104	0.113352	0.527175	0.842162	3.55351	16.1465	73.6196	
0.992505	-0.0342293	-0.117311	-0.0355659	0.837504	-0.545273	0.116913	0.545359	0.830009	3.65556	16.6219	74.3607	
0.99199	-0.0366341	-0.120885	-0.0381446	0.825458	-0.563174	0.120416	0.563274	0.817449	3.76074	17.1132	75.0909	
0.991461	-0.0391159	-0.124403	-0.0407989	0.813025	-0.580797	0.123861	0.580913	0.804487	3.86901	17.6203	75.8097	
0.990916	-0.0416736	-0.127864	-0.0435273	0.800213	-0.598134	0.127245	0.598266	0.79113	3.9803	18.1429	76.5169	
0.990357	-0.044306	-0.131266	-0.0463285	0.787026	-0.615177	0.130566	0.615326	0.777384	4.09456	18.6808	77.2121	
0.989783	-0.0470117	-0.134608	-0.0492013	0.773473	-0.631917	0.133823	0.632084	0.763257	4.21174	19.2337	77.8949	
0.989196	-0.0497895	-0.137887	-0.0521441	0.759558	-0.648346	0.137014	0.648531	0.748755	4.33177	19.8012	78.565	
0.988595	-0.0526379	-0.141103	-0.0551555	0.745289	-0.664456	0.140138	0.66466	0.733886	4.45461	20.3832	79.2221	
0.98798	-0.0555556	-0.144254	-0.0582341	0.730674	-0.680239	0.143194	0.680463	0.718656	4.58018	20.9794	79.8659	
0.987352	-0.0585411	-0.147338	-0.0613783	0.715718	-0.695687	0.146179	0.695931	0.703073	4.70843	21.5894	80.496	
0.986712	-0.061593	-0.150353	-0.0645866	0.700431	-0.710792	0.149092	0.711058	0.687145	4.83929	22.213	81.1121	
0.986059	-0.0647097	-0.153299	-0.0678574	0.684818	-0.725548	0.151932	0.725836	0.67088	4.97271	22.8498	81.714	
0.985394	-0.0678898	-0.156173	-0.0711891	0.668888	-0.739947	0.154697	0.740257	0.654285	5.1086	23.4996	82.3013	
