1	0	0	0	1	0	0	0	1	0	0	0	
0.999997	2.66894e-06	0.00241117	2.66894e-06	0.999998	-0.0022138	-0.00241117	0.0022138	0.999995	-0.000940723	0.000863719	0.780302	
0.999988	1.06923e-05	0.00482611	1.06919e-05	0.99999	-0.00443089	-0.00482611	0.00443089	0.999979	-0.00376436	0.00345616	1.56059	
0.999974	2.40945e-05	0.00724473	2.40929e-05	0.999978	-0.00665121	-0.00724473	0.00665121	0.999952	-0.00847382	0.00777986	2.34087	
0.999953	4.28996e-05	0.00966699	4.28956e-05	0.999961	-0.00887469	-0.00966699	0.00887469	0.999914	-0.015072	0.0138373	3.12112	
0.999927	6.71314e-05	0.0120928	6.71234e-05	0.999938	-0.0111013	-0.0120928	0.0111013	0.999865	-0.0235616	0.021631	3.90134	
0.999895	9.6813e-05	0.0145221	9.67991e-05	0.999911	-0.0133309	-0.0145221	0.0133309	0.999806	-0.0339455	0.0311632	4.68152	
0.999856	0.000131968	0.0169549	0.000131945	0.999879	-0.0155635	-0.0169549	0.0155635	0.999735	-0.0462263	0.0424365	5.46164	
0.999812	0.000172618	0.019391	0.000172584	0.999842	-0.0177991	-0.019391	0.0177991	0.999654	-0.0604067	0.055453	6.24171	
0.999762	0.000218785	0.0218304	0.000218737	0.999799	-0.0200375	-0.0218304	0.0200375	0.999561	-0.0764893	0.070215	7.0217	
0.999705	0.000270493	0.0242731	0.000270426	0.999752	-0.0222787	-0.0242731	0.0222787	0.999457	-0.0944767	0.0867247	7.80162	
0.999643	0.000327761	0.0267189	0.000327672	0.999699	-0.0245226	-0.0267189	0.0245226	0.999342	-0.114371	0.104984	8.58146	
0.999574	0.000390611	0.0291678	0.000390496	0.999642	-0.0267693	-0.0291678	0.0267693	0.999216	-0.136176	0.124996	9.3612	
0.9995	0.000459064	0.0316198	0.000458917	0.999579	-0.0290185	-0.0316198	0.0290185	0.999079	-0.159892	0.146762	10.1408	
0.999419	0.00053314	0.0340747	0.000532957	0.999511	-0.0312703	-0.0340747	0.0312703	0.99893	-0.185523	0.170283	10.9204	
0.999332	0.00061286	0.0365325	0.000612633	0.999438	-0.0335246	-0.0365325	0.0335246	0.99877	-0.21307	0.195563	11.6998	
0.999239	0.000698242	0.0389932	0.000697966	0.999359	-0.0357813	-0.0389932	0.0357813	0.998599	-0.242537	0.222603	12.479	
0.99914	0.000789306	0.0414567	0.000788975	0.999276	-0.0380405	-0.0414567	0.0380404	0.998416	-0.273925	0.251405	13.2582	
0.999035	0.00088607	0.0439228	0.000885677	0.999187	-0.0403019	-0.0439228	0.0403019	0.998222	-0.307236	0.28197	14.0372	
0.998923	0.000988554	0.0463916	0.000988091	0.999093	-0.0425656	-0.0463916	0.0425655	0.998016	-0.342472	0.314301	14.816	
0.998805	0.00109678	0.048863	0.00109623	0.998994	-0.0448314	-0.048863	0.0448314	0.997799	-0.379636	0.348399	15.5947	
0.998681	0.00121075	0.0513369	0.00121012	0.998889	-0.0470994	-0.0513369	0.0470994	0.99757	-0.418729	0.384266	16.3732	
0.99855	0.0013305	0.0538132	0.00132978	0.99878	-0.0493695	-0.0538132	0.0493695	0.99733	-0.459753	0.421904	17.1515	
0.998413	0.00145604	0.0562919	0.00145521	0.998665	-0.0516416	-0.0562919	0.0516415	0.997078	-0.502711	0.461313	17.9296	
0.99827	0.00158738	0.0587729	0.00158644	0.998544	-0.0539156	-0.0587729	0.0539156	0.996814	-0.547604	0.502497	18.7075	
0.998121	0.00172455	0.0612561	0.00172349	0.998419	-0.0561915	-0.0612561	0.0561915	0.996539	-0.594433	0.545455	19.4853	
0.997965	0.00186756	0.0637415	0.00186636	0.998287	-0.0584692	-0.0637416	0.0584692	0.996252	-0.643201	0.59019	20.2627	
0.997802	0.00201642	0.0662291	0.00201507	0.998151	-0.0607488	-0.0662291	0.0607487	0.995953	-0.69391	0.636703	21.04	
0.997634	0.00217115	0.0687186	0.00216964	0.998009	-0.06303	-0.0687187	0.0630299	0.995643	-0.74656	0.684996	21.817	
0.997459	0.00233176	0.0712102	0.00233009	0.997862	-0.0653128	-0.0712102	0.0653128	0.995321	-0.801153	0.735069	22.5938	
0.997277	0.00249827	0.0737036	0.00249642	0.99771	-0.0675972	-0.0737037	0.0675972	0.994987	-0.857692	0.786924	23.3703	
0.997089	0.00267069	0.076199	0.00266864	0.997552	-0.0698832	-0.076199	0.0698831	0.994641	-0.916177	0.840562	24.1466	
0.996895	0.00284904	0.078696	0.00284679	0.997388	-0.0721706	-0.0786961	0.0721705	0.994283	-0.976609	0.895985	24.9226	
0.996694	0.00303332	0.0811949	0.00303085	0.997219	-0.0744594	-0.0811949	0.0744593	0.993913	-1.03899	0.953193	25.6983	
0.996486	0.00322356	0.0836953	0.00322086	0.997045	-0.0767496	-0.0836954	0.0767495	0.993531	-1.10332	1.01219	26.4737	
0.996272	0.00341977	0.0861973	0.00341681	0.996866	-0.079041	-0.0861975	0.0790409	0.993138	-1.16961	1.07297	27.2488	
0.996052	0.00362195	0.0887009	0.00361873	0.99668	-0.0813336	-0.088701	0.0813335	0.992732	-1.23784	1.13554	28.0236	
0.995825	0.00383012	0.0912059	0.00382662	0.99649	-0.0836275	-0.091206	0.0836273	0.992314	-1.30804	1.1999	28.798	
0.995591	0.00404429	0.0937123	0.00404049	0.996294	-0.0859224	-0.0937124	0.0859222	0.991885	-1.38018	1.26605	29.5722	
0.995351	0.00426447	0.09622	0.00426036	0.996092	-0.0882183	-0.0962201	0.0882181	0.991443	-1.45428	1.33399	30.346	
0.995104	0.00449067	0.0987289	0.00448624	0.995885	-0.0905152	-0.0987291	0.090515	0.990989	-1.53034	1.40372	31.1194	
0.994851	0.00472291	0.101239	0.00471813	0.995672	-0.092813	-0.101239	0.0928128	0.990523	-1.60836	1.47525	31.8925	
0.994591	0.00496118	0.10375	0.00495604	0.995454	-0.0951117	-0.103751	0.0951114	0.990045	-1.68834	1.54857	32.6652	
0.994324	0.00520551	0.106263	0.00519999	0.995231	-0.0974112	-0.106263	0.0974109	0.989555	-1.77028	1.62368	33.4376	
0.994051	0.0054559	0.108776	0.00544998	0.995001	-0.0997114	-0.108776	0.099711	0.989053	-1.85417	1.70059	34.2095	
0.993772	0.00571236	0.11129	0.00570602	0.994767	-0.102012	-0.11129	0.102012	0.988538	-1.94003	1.77929	34.9811	
0.993485	0.0059749	0.113805	0.00596812	0.994527	-0.104314	-0.113806	0.104313	0.988012	-2.02786	1.85979	35.7523	
0.993192	0.00624353	0.116321	0.00623629	0.994281	-0.106616	-0.116321	0.106615	0.987473	-2.11764	1.94208	36.523	
0.992892	0.00651825	0.118838	0.00651053	0.994029	-0.108918	-0.118838	0.108918	0.986922	-2.20939	2.02617	37.2933	
0.992586	0.00679907	0.121355	0.00679085	0.993772	-0.111221	-0.121355	0.111221	0.986358	-2.3031	2.11206	38.0632	
0.992273	0.00708601	0.123873	0.00707727	0.99351	-0.113525	-0.123873	0.113524	0.985783	-2.39878	2.19975	38.8326	
0.991953	0.00737905	0.126391	0.00736977	0.993242	-0.115828	-0.126392	0.115828	0.985195	-2.49642	2.28923	39.6016	
0.991627	0.00767822	0.12891	0.00766838	0.992968	-0.118132	-0.12891	0.118132	0.984595	-2.59602	2.38051	40.3701	
0.991293	0.00798352	0.131429	0.00797309	0.992689	-0.120436	-0.13143	0.120436	0.983982	-2.6976	2.47359	41.1382	
0.990954	0.00829496	0.133949	0.00828391	0.992404	-0.12274	-0.133949	0.12274	0.983358	-2.80113	2.56846	41.9057	
0.990318	0.00887703	0.13853	0.0088697	0.991867	-0.126966	-0.138531	0.126966	0.982186	-2.90744	2.66588	42.6726	
0.989662	0.00947905	0.143109	0.00947539	0.991312	-0.131188	-0.143109	0.131188	0.980974	-3.01733	2.7666	43.4385	
0.988983	0.010101	0.147683	0.010101	0.990739	-0.135406	-0.147683	0.135406	0.979722	-3.13078	2.87062	44.2035	
0.988283	0.0107429	0.152253	0.0107464	0.990147	-0.13962	-0.152252	0.13962	0.97843	-3.2478	2.97792	44.9675	
0.987562	0.0114046	0.156818	0.0114117	0.989537	-0.143829	-0.156818	0.14383	0.977098	-3.36838	3.08851	45.7304	
0.986818	0.0120863	0.161379	0.0120968	0.988908	-0.148034	-0.161378	0.148035	0.975727	-3.49253	3.20238	46.4923	
0.986054	0.0127878	0.165935	0.0128018	0.988262	-0.152234	-0.165934	0.152235	0.974315	-3.62023	3.31953	47.2531	
0.985268	0.0135092	0.170486	0.0135266	0.987597	-0.156429	-0.170484	0.156431	0.972864	-3.75149	3.43996	48.0128	
0.98446	0.0142504	0.175031	0.0142711	0.986913	-0.160619	-0.175029	0.160621	0.971373	-3.88629	3.56365	48.7714	
0.983631	0.0150114	0.179571	0.0150354	0.986212	-0.164803	-0.179569	0.164805	0.969842	-4.02464	3.69062	49.5288	
0.98278	0.0157923	0.184105	0.0158195	0.985492	-0.168981	-0.184102	0.168984	0.968272	-4.16652	3.82085	50.2849	
0.981908	0.0165929	0.188632	0.0166233	0.984754	-0.173154	-0.18863	0.173157	0.966662	-4.31195	3.95434	51.0398	
0.981014	0.0174132	0.193153	0.0174467	0.983999	-0.17732	-0.19315	0.177323	0.965013	-4.4609	4.09108	51.7935	
0.980099	0.0182532	0.197668	0.0182898	0.983225	-0.18148	-0.197665	0.181484	0.963324	-4.61338	4.23107	52.5458	
0.979163	0.0191129	0.202176	0.0191525	0.982432	-0.185633	-0.202172	0.185638	0.961595	-4.76937	4.3743	53.2968	
0.978205	0.0199923	0.206676	0.0200348	0.981622	-0.18978	-0.206672	0.189784	0.959827	-4.92889	4.52077	54.0465	
0.977226	0.0208912	0.21117	0.0209367	0.980794	-0.193919	-0.211165	0.193924	0.95802	-5.09191	4.67048	54.7947	
0.976226	0.0218098	0.215655	0.0218581	0.979948	-0.198052	-0.21565	0.198057	0.956174	-5.25843	4.82341	55.5416	
0.975205	0.0227479	0.220133	0.0227989	0.979084	-0.202176	-0.220128	0.202182	0.954288	-5.42845	4.97956	56.2869	
0.974162	0.0237055	0.224603	0.0237592	0.978202	-0.206294	-0.224597	0.2063	0.952364	-5.60196	5.13893	57.0308	
0.973098	0.0246825	0.229064	0.0247389	0.977302	-0.210403	-0.229058	0.210409	0.9504	-5.77895	5.30152	57.7732	
0.972014	0.025679	0.233517	0.025738	0.976384	-0.214504	-0.23351	0.214511	0.948398	-5.95943	5.4673	58.514	
0.970908	0.0266948	0.237961	0.0267564	0.975448	-0.218596	-0.237954	0.218604	0.946356	-6.14337	5.63628	59.2533	
0.969781	0.02773	0.242396	0.027794	0.974495	-0.222681	-0.242389	0.222689	0.944276	-6.33078	5.80845	59.9909	
0.968633	0.0287845	0.246822	0.0288509	0.973524	-0.226756	-0.246814	0.226764	0.942158	-6.52164	5.98381	60.7269	
0.967465	0.0298582	0.251238	0.0299269	0.972536	-0.230822	-0.25123	0.230831	0.94	-6.71595	6.16234	61.4612	
0.966275	0.030951	0.255644	0.031022	0.971529	-0.23488	-0.255636	0.234889	0.937805	-6.91371	6.34404	62.1939	
0.965065	0.032063	0.260041	0.0321363	0.970505	-0.238928	-0.260032	0.238937	0.935571	-7.1149	6.52891	62.9248	
0.963834	0.0331941	0.264427	0.0332695	0.969464	-0.242966	-0.264418	0.242976	0.933298	-7.31951	6.71693	63.6539	
0.962583	0.0343442	0.268803	0.0344217	0.968405	-0.246994	-0.268793	0.247005	0.930988	-7.52755	6.90809	64.3813	
0.961311	0.0355132	0.273168	0.0355927	0.967329	-0.251013	-0.273158	0.251024	0.92864	-7.73899	7.1024	65.1068	
0.960018	0.0367012	0.277523	0.0367827	0.966236	-0.255021	-0.277512	0.255032	0.926254	-7.95384	7.29984	65.8305	
0.958705	0.037908	0.281866	0.0379914	0.965125	-0.259018	-0.281855	0.259031	0.92383	-8.17207	7.5004	66.5523	
0.957371	0.0391336	0.286198	0.0392188	0.963997	-0.263006	-0.286186	0.263018	0.921368	-8.3937	7.70408	67.2722	
0.956017	0.0403779	0.290518	0.0404648	0.962852	-0.266982	-0.290506	0.266995	0.918869	-8.61869	7.91087	67.9902	
0.954643	0.0416408	0.294826	0.0417295	0.961689	-0.270947	-0.294814	0.270961	0.916332	-8.84706	8.12075	68.7062	
0.953249	0.0429224	0.299123	0.0430127	0.96051	-0.274901	-0.29911	0.274915	0.913759	-9.07878	8.33373	69.4202	
0.951834	0.0442224	0.303407	0.0443143	0.959314	-0.278843	-0.303394	0.278858	0.911148	-9.31385	8.54978	70.1322	
0.947409	0.0482908	0.31636	0.0484326	0.955527	-0.290898	-0.316338	0.290922	0.902937	-9.55565	8.77209	70.84	
0.9428	0.0525306	0.329193	0.0527222	0.951581	-0.302842	-0.329162	0.302876	0.894382	-9.8075	9.00377	71.5412	
0.938009	0.0569403	0.341902	0.0571813	0.947477	-0.31467	-0.341861	0.314714	0.885486	-10.0693	9.24473	72.2357	
0.933037	0.0615181	0.354481	0.0618084	0.943217	-0.326377	-0.35443	0.326432	0.876254	-10.341	9.49488	72.9231	
0.927887	0.0662625	0.366926	0.0666017	0.938801	-0.33796	-0.366864	0.338027	0.866688	-10.6224	9.75413	73.6031	
0.922561	0.0711715	0.379232	0.0715593	0.934232	-0.349413	-0.379159	0.349492	0.856793	-10.9135	10.0224	74.2755	
0.917059	0.0762433	0.391394	0.0766793	0.929512	-0.360732	-0.391309	0.360825	0.846571	-11.2141	10.2995	74.9401	
