1	0	0	0	1	0	0	0	1	0	0	0	
0.999998	3.57761e-06	-0.00185924	3.57761e-06	0.999993	0.00384845	0.00185924	-0.00384845	0.999991	0.000748394	-0.0015491	0.805048	
0.999993	1.4327e-05	-0.00372125	1.43171e-05	0.99997	0.00769728	0.00372125	-0.00769728	0.999963	0.00299469	-0.00619655	1.61008	
0.999984	3.22702e-05	-0.00558598	3.22305e-05	0.999933	0.0115464	0.00558598	-0.0115464	0.999918	0.00674109	-0.0139426	2.41509	
0.999972	5.74291e-05	-0.00745339	5.73297e-05	0.999881	0.0153957	0.00745339	-0.0153957	0.999854	0.0119898	-0.0247875	3.22005	
0.999957	8.98252e-05	-0.00932344	8.96265e-05	0.999815	0.0192452	0.00932344	-0.0192452	0.999771	0.0187429	-0.0387314	4.02495	
0.999937	0.00012948	-0.0111961	0.000129132	0.999733	0.0230946	0.0111961	-0.0230946	0.999671	0.0270025	-0.0557742	4.82977	
0.999915	0.000176414	-0.0130713	0.000175857	0.999637	0.026944	0.0130713	-0.026944	0.999551	0.0367708	-0.0759161	5.63451	
0.999888	0.000230649	-0.014949	0.000229813	0.999526	0.0307932	0.014949	-0.0307932	0.999414	0.0480497	-0.0991568	6.43915	
0.999858	0.000292204	-0.0168291	0.00029101	0.9994	0.0346422	0.0168292	-0.0346422	0.999258	0.0608412	-0.125496	7.24366	
0.999825	0.000361101	-0.0187117	0.000359459	0.999259	0.0384908	0.0187118	-0.0384908	0.999084	0.0751473	-0.154934	8.04805	
0.999788	0.000437359	-0.0205967	0.000435169	0.999103	0.042339	0.0205967	-0.042339	0.998891	0.09097	-0.18747	8.85228	
0.999747	0.000520997	-0.022484	0.000518149	0.998933	0.0461866	0.022484	-0.0461866	0.99868	0.108311	-0.223104	9.65636	
0.999703	0.000612036	-0.0243736	0.00060841	0.998747	0.0500337	0.0243736	-0.0500336	0.99845	0.127173	-0.261835	10.4603	
0.999655	0.000710494	-0.0262654	0.000705961	0.998547	0.05388	0.0262655	-0.0538799	0.998202	0.147556	-0.303663	11.264	
0.999603	0.00081639	-0.0281594	0.00081081	0.998332	0.0577255	0.0281596	-0.0577254	0.997935	0.169464	-0.348587	12.0675	
0.999548	0.000929743	-0.0300556	0.000922966	0.998102	0.0615701	0.0300558	-0.06157	0.99765	0.192897	-0.396607	12.8707	
0.999489	0.00105057	-0.0319539	0.00104244	0.997858	0.0654138	0.0319542	-0.0654137	0.997346	0.217857	-0.447721	13.6738	
0.999426	0.00117889	-0.0338543	0.00116923	0.997598	0.0692564	0.0338546	-0.0692562	0.997024	0.244347	-0.501929	14.4766	
0.99936	0.00131473	-0.0357566	0.00130336	0.997324	0.0730978	0.0357571	-0.0730976	0.996684	0.272368	-0.55923	15.2791	
0.99929	0.00145809	-0.037661	0.00144482	0.997035	0.0769379	0.0376615	-0.0769377	0.996324	0.301921	-0.619623	16.0813	
0.999216	0.001609	-0.0395673	0.00159363	0.996731	0.0807767	0.0395679	-0.0807764	0.995947	0.333007	-0.683107	16.8833	
0.999138	0.00176747	-0.0414755	0.00174979	0.996412	0.0846141	0.0414762	-0.0846138	0.99555	0.36563	-0.749681	17.6849	
0.999057	0.00193352	-0.0433855	0.00191332	0.996079	0.08845	0.0433864	-0.0884496	0.995135	0.399789	-0.819343	18.4862	
0.998971	0.00210717	-0.0452973	0.0020842	0.995731	0.0922842	0.0452984	-0.0922837	0.994702	0.435487	-0.892093	19.2871	
0.998882	0.00228842	-0.0472109	0.00226246	0.995367	0.0961168	0.0472121	-0.0961162	0.99425	0.472725	-0.967929	20.0877	
0.99879	0.00247731	-0.0491262	0.0024481	0.99499	0.0999475	0.0491276	-0.0999468	0.993779	0.511504	-1.04685	20.888	
0.998693	0.00267384	-0.0510431	0.00264112	0.994597	0.103776	0.0510448	-0.103776	0.99329	0.551826	-1.12885	21.6878	
0.998592	0.00287804	-0.0529616	0.00284153	0.99419	0.107603	0.0529636	-0.107602	0.992782	0.593692	-1.21394	22.4873	
0.998488	0.0030899	-0.0548818	0.00304934	0.993768	0.111428	0.054884	-0.111427	0.992256	0.637104	-1.3021	23.2863	
0.99838	0.00330946	-0.0568034	0.00326454	0.993331	0.115251	0.056806	-0.11525	0.991711	0.682062	-1.39335	24.0849	
0.998268	0.00353672	-0.0587265	0.00348715	0.99288	0.119071	0.0587295	-0.11907	0.991147	0.728568	-1.48767	24.8831	
0.998152	0.00377169	-0.0606511	0.00371717	0.992413	0.122889	0.0606544	-0.122888	0.990565	0.776623	-1.58506	25.6807	
0.998032	0.0040144	-0.062577	0.00395459	0.991933	0.126705	0.0625808	-0.126703	0.989965	0.826228	-1.68553	26.478	
0.997908	0.00426486	-0.0645042	0.00419944	0.991437	0.130518	0.0645085	-0.130516	0.989345	0.877385	-1.78906	27.2747	
0.997781	0.00452308	-0.0664328	0.0044517	0.990927	0.134329	0.0664376	-0.134327	0.988707	0.930094	-1.89567	28.0709	
0.997649	0.00478906	-0.0683626	0.00471138	0.990402	0.138137	0.068368	-0.138134	0.988051	0.984357	-2.00534	28.8666	
0.997513	0.00506284	-0.0702936	0.00497849	0.989862	0.141942	0.0702996	-0.141939	0.987376	1.04017	-2.11808	29.6618	
0.997374	0.00534441	-0.0722257	0.00525303	0.989308	0.145745	0.0722324	-0.145741	0.986682	1.09755	-2.23388	30.4564	
0.997231	0.00563379	-0.074159	0.005535	0.98874	0.149544	0.0741664	-0.14954	0.98597	1.15648	-2.35274	31.2504	
0.997083	0.005931	-0.0760933	0.0058244	0.988156	0.15334	0.0761015	-0.153336	0.985239	1.21696	-2.47465	32.0439	
0.996932	0.00623604	-0.0780286	0.00612124	0.987558	0.157134	0.0780377	-0.157129	0.98449	1.27901	-2.59962	32.8367	
0.996776	0.00654892	-0.0799649	0.00642551	0.986946	0.160924	0.0799749	-0.160919	0.983722	1.34261	-2.72765	33.629	
0.996617	0.00686967	-0.081902	0.00673722	0.986319	0.16471	0.081913	-0.164705	0.982936	1.40778	-2.85872	34.4206	
0.996453	0.00719828	-0.0838401	0.00705637	0.985677	0.168494	0.0838522	-0.168488	0.982131	1.4745	-2.99284	35.2116	
0.996286	0.00753477	-0.085779	0.00738297	0.985021	0.172274	0.0857922	-0.172267	0.981307	1.54279	-3.13	36.002	
0.996114	0.00787915	-0.0877186	0.007717	0.984351	0.17605	0.087733	-0.176043	0.980465	1.61264	-3.2702	36.7916	
0.995939	0.00823143	-0.089659	0.00805847	0.983666	0.179823	0.0896747	-0.179815	0.979605	1.68405	-3.41344	37.5806	
0.995759	0.00859162	-0.0916	0.00840739	0.982967	0.183592	0.0916171	-0.183583	0.978725	1.75702	-3.55972	38.3689	
0.995575	0.00895973	-0.0935417	0.00876375	0.982253	0.187357	0.0935602	-0.187348	0.977828	1.83156	-3.70903	39.1564	
0.995387	0.00933577	-0.0954839	0.00912754	0.981525	0.191118	0.095504	-0.191108	0.976912	1.90766	-3.86137	39.9433	
0.995195	0.00971974	-0.0974267	0.00949878	0.980782	0.194876	0.0974485	-0.194865	0.975977	1.98533	-4.01673	40.7294	
0.994999	0.0101117	-0.09937	0.00987746	0.980025	0.198629	0.0993935	-0.198617	0.975024	2.06457	-4.17512	41.5147	
0.994799	0.0105115	-0.101314	0.0102636	0.979254	0.202378	0.101339	-0.202365	0.974053	2.14537	-4.33653	42.2992	
0.994595	0.0109194	-0.103258	0.0106571	0.978468	0.206123	0.103285	-0.206109	0.973063	2.22773	-4.50095	43.083	
0.994386	0.0113352	-0.105202	0.0110581	0.977668	0.209864	0.105232	-0.209849	0.972054	2.31167	-4.66838	43.866	
0.993859	0.0123736	-0.10996	0.0115375	0.976724	0.214189	0.110051	-0.214142	0.970583	2.39832	-4.83905	44.6479	
0.993308	0.0134332	-0.114711	0.0120391	0.975759	0.218515	0.114866	-0.218434	0.969068	2.48886	-5.01317	45.4287	
0.992733	0.0145139	-0.119455	0.0125631	0.974774	0.222841	0.119676	-0.222723	0.967508	2.58327	-5.19075	46.2082	
0.992135	0.0156158	-0.124192	0.0131094	0.973768	0.227167	0.124482	-0.227009	0.965904	2.68155	-5.37178	46.9865	
0.991514	0.0167387	-0.128922	0.013678	0.972741	0.231492	0.129282	-0.231291	0.964257	2.78369	-5.55626	47.7634	
0.990868	0.0178828	-0.133643	0.0142689	0.971693	0.235816	0.134077	-0.235569	0.962564	2.8897	-5.74418	48.539	
0.990199	0.0190479	-0.138357	0.0148823	0.970625	0.240138	0.138867	-0.239843	0.960828	2.99957	-5.93555	49.3132	
0.989507	0.020234	-0.143062	0.0155179	0.969536	0.244458	0.14365	-0.244113	0.959048	3.11329	-6.13035	50.086	
0.988791	0.0214412	-0.147759	0.0161759	0.968426	0.248775	0.148428	-0.248376	0.957224	3.23086	-6.32859	50.8574	
0.988052	0.0226693	-0.152448	0.0168563	0.967296	0.253089	0.1532	-0.252634	0.955356	3.35227	-6.53026	51.6272	
0.987289	0.0239184	-0.157127	0.017559	0.966146	0.257399	0.157964	-0.256886	0.953445	3.47753	-6.73536	52.3956	
0.986502	0.0251884	-0.161797	0.018284	0.964974	0.261706	0.162722	-0.261132	0.951489	3.60661	-6.94387	53.1624	
0.985693	0.0264793	-0.166458	0.0190312	0.963783	0.266008	0.167473	-0.26537	0.94949	3.73952	-7.15581	53.9276	
0.98486	0.027791	-0.17111	0.0198008	0.962571	0.270305	0.172217	-0.269601	0.947447	3.87626	-7.37115	54.6911	
0.984004	0.0291236	-0.175751	0.0205925	0.961339	0.274597	0.176953	-0.273824	0.945361	4.01681	-7.58989	55.453	
0.983124	0.0304769	-0.180382	0.0214064	0.960086	0.278883	0.181682	-0.278038	0.943232	4.16117	-7.81203	56.2132	
0.982222	0.0318509	-0.185003	0.0222425	0.958814	0.283163	0.186403	-0.282244	0.941059	4.30933	-8.03756	56.9717	
0.981296	0.0332456	-0.189614	0.0231007	0.957521	0.287437	0.191115	-0.286441	0.938843	4.46129	-8.26647	57.7284	
0.980347	0.0346609	-0.194213	0.0239809	0.956208	0.291703	0.195819	-0.290628	0.936584	4.61705	-8.49875	58.4833	
0.979375	0.0360969	-0.198802	0.0248832	0.954875	0.295962	0.200515	-0.294805	0.934283	4.77658	-8.7344	59.2364	
0.978379	0.0375533	-0.20338	0.0258073	0.953523	0.300213	0.205201	-0.298971	0.931938	4.93989	-8.97342	59.9876	
0.977361	0.0390302	-0.207946	0.0267534	0.952151	0.304456	0.209879	-0.303127	0.929551	5.10697	-9.21578	60.7369	
0.97632	0.0405276	-0.2125	0.0277213	0.950759	0.30869	0.214547	-0.307271	0.927121	5.27782	-9.46148	61.4843	
0.975256	0.0420453	-0.217043	0.0287109	0.949347	0.312915	0.219206	-0.311404	0.924649	5.45241	-9.71051	62.2297	
0.974169	0.0435833	-0.221574	0.0297222	0.947916	0.31713	0.223855	-0.315524	0.922135	5.63076	-9.96287	62.973	
0.973059	0.0451415	-0.226092	0.030755	0.946466	0.321335	0.228494	-0.319632	0.919579	5.81284	-10.2185	63.7144	
0.971927	0.04672	-0.230598	0.0318094	0.944996	0.32553	0.233123	-0.323727	0.916981	5.99865	-10.4775	64.4537	
0.970772	0.0483185	-0.235091	0.0328852	0.943508	0.329714	0.237742	-0.327808	0.914342	6.18819	-10.7398	65.1908	
0.969594	0.0499372	-0.239572	0.0339824	0.942	0.333887	0.24235	-0.331876	0.91166	6.38144	-11.0053	65.9258	
0.968393	0.0515757	-0.244039	0.0351007	0.940474	0.338048	0.246947	-0.33593	0.908938	6.57839	-11.2741	66.6587	
0.96717	0.0532343	-0.248493	0.0362402	0.938929	0.342198	0.251534	-0.339969	0.906174	6.77904	-11.5462	67.3893	
0.965924	0.0549126	-0.252933	0.0374008	0.937365	0.346335	0.256109	-0.343993	0.90337	6.98338	-11.8215	68.1177	
0.964656	0.0566107	-0.25736	0.0385822	0.935783	0.350459	0.260673	-0.348001	0.900525	7.1914	-12.1	68.8438	
0.963365	0.0583285	-0.261772	0.0397845	0.934183	0.354569	0.265225	-0.351994	0.897639	7.40309	-12.3818	69.5676	
0.958014	0.0652242	-0.279202	0.0411587	0.932412	0.359046	0.28375	-0.355463	0.89058	7.62407	-12.6666	70.2874	
0.952304	0.0721861	-0.296491	0.0426254	0.930624	0.363486	0.302161	-0.358787	0.88316	7.85993	-12.9541	71.0014	
0.946235	0.0792114	-0.313632	0.044184	0.92882	0.367888	0.320449	-0.361966	0.875382	8.11055	-13.2442	71.7093	
0.939811	0.0862973	-0.330618	0.0458338	0.927	0.372251	0.338607	-0.364999	0.867249	8.37585	-13.5369	72.4108	
0.933034	0.0934408	-0.347442	0.0475742	0.925165	0.376571	0.356628	-0.367883	0.858766	8.65571	-13.8319	73.1056	
0.925908	0.100639	-0.364097	0.0494044	0.923317	0.380849	0.374505	-0.370619	0.849934	8.95001	-14.1292	73.7934	
0.918434	0.107889	-0.380576	0.0513238	0.921455	0.385081	0.39223	-0.373204	0.840758	9.25865	-14.4286	74.474	
0.910617	0.115188	-0.396873	0.0533315	0.91958	0.389266	0.409796	-0.375638	0.831242	9.5815	-14.73	75.147	
0.902459	0.122533	-0.412982	0.0554267	0.917694	0.393403	0.427196	-0.377921	0.821389	9.91842	-15.0333	75.8123	
0.893963	0.129921	-0.428895	0.0576086	0.915796	0.39749	0.444423	-0.38005	0.811203	10.2693	-15.3385	76.4694	
