1	0	0	0	1	0	0	0	1	0	0	0	
0.999999	-1.65709e-06	-0.00169534	-1.65709e-06	0.999998	-0.00195488	0.00169534	0.00195488	0.999997	0.00062248	0.000717777	0.734343	
0.999994	-6.63348e-06	-0.00339168	-6.63575e-06	0.999992	-0.00391226	0.00339168	0.00391226	0.999987	0.00249029	0.00287203	1.46868	
0.999987	-1.49372e-05	-0.00508899	-1.49463e-05	0.999983	-0.0058721	0.00508899	0.0058721	0.99997	0.00560416	0.00646457	2.20301	
0.999977	-2.6576e-05	-0.00678722	-2.65988e-05	0.999969	-0.00783434	0.00678722	0.00783434	0.999946	0.00996477	0.0114972	2.93732	
0.999964	-4.15576e-05	-0.00848634	-4.16031e-05	0.999952	-0.00979895	0.00848634	0.00979895	0.999916	0.0155728	0.0179716	3.67161	
0.999948	-5.9889e-05	-0.0101863	-5.99688e-05	0.999931	-0.0117659	0.0101863	0.0117659	0.999879	0.0224289	0.0258896	4.40588	
0.999929	-8.15775e-05	-0.011887	-8.17052e-05	0.999906	-0.0137351	0.011887	0.0137351	0.999835	0.0305336	0.0352529	5.14012	
0.999908	-0.00010663	-0.0135885	-0.000106822	0.999877	-0.0157065	0.0135885	0.0157065	0.999784	0.0398875	0.046063	5.87433	
0.999883	-0.000135052	-0.0152908	-0.000135327	0.999844	-0.0176801	0.0152908	0.0176801	0.999727	0.0504912	0.0583216	6.60849	
0.999856	-0.000166852	-0.0169937	-0.000167229	0.999807	-0.0196558	0.0169937	0.0196558	0.999662	0.0623451	0.0720303	7.34261	
0.999825	-0.000202034	-0.0186972	-0.000202537	0.999766	-0.0216336	0.0186972	0.0216336	0.999591	0.0754498	0.0871906	8.07668	
0.999792	-0.000240604	-0.0204013	-0.00024126	0.999721	-0.0236135	0.0204013	0.0236135	0.999513	0.0898056	0.103804	8.81069	
0.999756	-0.000282569	-0.022106	-0.000283404	0.999672	-0.0255954	0.022106	0.0255954	0.999428	0.105413	0.121872	9.54465	
0.999716	-0.000327933	-0.0238112	-0.000328977	0.99962	-0.0275792	0.0238112	0.0275792	0.999336	0.122273	0.141396	10.2785	
0.999674	-0.000376702	-0.0255168	-0.000377988	0.999563	-0.0295649	0.0255168	0.0295649	0.999237	0.140384	0.162378	11.0124	
0.999629	-0.000428879	-0.0272229	-0.000430442	0.999502	-0.0315525	0.0272229	0.0315525	0.999131	0.159749	0.184819	11.7461	
0.999581	-0.000484471	-0.0289293	-0.000486348	0.999437	-0.0335418	0.0289293	0.0335419	0.999019	0.180366	0.20872	12.4798	
0.99953	-0.000543481	-0.0306361	-0.000545711	0.999368	-0.035533	0.0306361	0.035533	0.998899	0.202237	0.234082	13.2133	
0.999477	-0.000605913	-0.0323432	-0.000608539	0.999295	-0.0375258	0.0323432	0.0375259	0.998772	0.225361	0.260907	13.9468	
0.99942	-0.000671771	-0.0340506	-0.000674837	0.999219	-0.0395204	0.0340505	0.0395204	0.998638	0.249739	0.289196	14.6802	
0.99936	-0.000741059	-0.0357582	-0.000744611	0.999138	-0.0415165	0.0357581	0.0415166	0.998498	0.275371	0.318951	15.4135	
0.999298	-0.00081378	-0.0374659	-0.000817868	0.999052	-0.0435143	0.0374658	0.0435143	0.99835	0.302257	0.350172	16.1467	
0.999232	-0.000889936	-0.0391738	-0.000894612	0.998963	-0.0455135	0.0391737	0.0455136	0.998195	0.330397	0.38286	16.8798	
0.999164	-0.000969532	-0.0408818	-0.000974849	0.99887	-0.0475143	0.0408817	0.0475144	0.998034	0.359791	0.417018	17.6127	
0.999092	-0.00105257	-0.0425899	-0.00105858	0.998773	-0.0495165	0.0425897	0.0495166	0.997865	0.390439	0.452645	18.3456	
0.999018	-0.00113905	-0.0442979	-0.00114582	0.998671	-0.05152	0.0442977	0.0515202	0.997689	0.422342	0.489743	19.0783	
0.99894	-0.00122898	-0.046006	-0.00123656	0.998566	-0.053525	0.0460058	0.0535251	0.997506	0.455499	0.528312	19.8109	
0.99886	-0.00132235	-0.0477139	-0.00133082	0.998456	-0.0555312	0.0477137	0.0555314	0.997316	0.48991	0.568355	20.5433	
0.998777	-0.00141917	-0.0494218	-0.00142859	0.998342	-0.0575387	0.0494215	0.0575389	0.997119	0.525575	0.609871	21.2756	
0.998691	-0.00151945	-0.0511295	-0.00152988	0.998224	-0.0595473	0.0511292	0.0595476	0.996915	0.562495	0.652862	22.0078	
0.998602	-0.00162317	-0.052837	-0.00163469	0.998102	-0.0615572	0.0528367	0.0615575	0.996704	0.600668	0.697328	22.7398	
0.99851	-0.00173035	-0.0545443	-0.00174303	0.997976	-0.0635681	0.0545439	0.0635685	0.996486	0.640095	0.743271	23.4716	
0.998415	-0.00184098	-0.0562513	-0.00185489	0.997846	-0.0655801	0.0562509	0.0655805	0.996261	0.680776	0.790691	24.2033	
0.998317	-0.00195507	-0.0579581	-0.00197029	0.997711	-0.0675932	0.0579576	0.0675936	0.996028	0.72271	0.839589	24.9348	
0.998216	-0.00207261	-0.0596644	-0.00208922	0.997572	-0.0696072	0.0596639	0.0696077	0.995789	0.765897	0.889965	25.6661	
0.998113	-0.0021936	-0.0613704	-0.00221169	0.997429	-0.0716221	0.0613698	0.0716226	0.995542	0.810337	0.941821	26.3973	
0.998006	-0.00231805	-0.063076	-0.00233769	0.997282	-0.0736379	0.0630752	0.0736385	0.995288	0.85603	0.995157	27.1283	
0.997897	-0.00244594	-0.064781	-0.00246724	0.997131	-0.0756545	0.0647802	0.0756552	0.995028	0.902975	1.04997	27.8591	
0.997784	-0.00257729	-0.0664856	-0.00260033	0.996976	-0.0776719	0.0664847	0.0776727	0.99476	0.951172	1.10627	28.5897	
0.997669	-0.00271209	-0.0681896	-0.00273696	0.996816	-0.0796901	0.0681886	0.0796909	0.994485	1.00062	1.16405	29.3201	
0.99755	-0.00285034	-0.069893	-0.00287713	0.996652	-0.0817089	0.0698919	0.0817098	0.994203	1.05132	1.22331	30.0503	
0.997429	-0.00299204	-0.0715958	-0.00302085	0.996484	-0.0837283	0.0715946	0.0837294	0.993913	1.10327	1.28406	30.7802	
0.997305	-0.00313718	-0.073298	-0.00316811	0.996312	-0.0857484	0.0732966	0.0857495	0.993617	1.15647	1.34628	31.51	
0.997178	-0.00328577	-0.0749994	-0.00331892	0.996135	-0.087769	0.0749979	0.0877703	0.993313	1.21092	1.41	32.2395	
0.997048	-0.00343779	-0.0767	-0.00347327	0.995955	-0.0897901	0.0766984	0.0897915	0.993003	1.26662	1.47519	32.9689	
0.996916	-0.00359326	-0.0783999	-0.00363117	0.99577	-0.0918117	0.0783982	0.0918132	0.992685	1.32356	1.54187	33.6979	
0.99678	-0.00375216	-0.080099	-0.00379261	0.995581	-0.0938336	0.0800971	0.0938353	0.992361	1.38176	1.61004	34.4268	
0.996641	-0.00391449	-0.0817971	-0.0039576	0.995387	-0.095856	0.0817951	0.0958577	0.992029	1.4412	1.67969	35.1554	
0.9965	-0.00408026	-0.0834944	-0.00412613	0.99519	-0.0978786	0.0834922	0.0978805	0.99169	1.50189	1.75082	35.8838	
0.996356	-0.00424944	-0.0851907	-0.0042982	0.994988	-0.0999015	0.0851883	0.0999036	0.991344	1.56383	1.82344	36.6119	
0.996208	-0.00442206	-0.0868861	-0.00447381	0.994782	-0.101925	0.0868834	0.101927	0.990991	1.62701	1.89755	37.3398	
0.99629	-0.00432554	-0.0859547	-0.00460565	0.994625	-0.103437	0.0859402	0.103449	0.990915	1.69046	1.97296	38.0675	
0.99637	-0.00422745	-0.0850221	-0.00473655	0.994466	-0.104954	0.0849952	0.104976	0.990836	1.75322	2.04949	38.7951	
0.99645	-0.00412779	-0.0840882	-0.0048665	0.994303	-0.106477	0.0840487	0.106509	0.990753	1.81529	2.12714	39.5227	
0.996529	-0.00402654	-0.0831532	-0.00499545	0.994138	-0.108006	0.0831006	0.108046	0.990667	1.87666	2.20591	40.2502	
0.996607	-0.0039237	-0.082217	-0.0051234	0.993969	-0.10954	0.082151	0.10959	0.990576	1.93734	2.28582	40.9777	
0.996684	-0.00381927	-0.0812797	-0.00525032	0.993798	-0.111079	0.0811999	0.111138	0.990482	1.99732	2.36687	41.705	
0.99676	-0.00371325	-0.0803414	-0.00537618	0.993623	-0.112624	0.0802473	0.112691	0.990384	2.0566	2.44905	42.4324	
0.996836	-0.00360562	-0.0794021	-0.00550097	0.993446	-0.114173	0.0792933	0.114248	0.990283	2.11518	2.53238	43.1596	
0.996911	-0.00349639	-0.0784617	-0.00562466	0.993265	-0.115727	0.0783379	0.115811	0.990177	2.17305	2.61685	43.8868	
0.996985	-0.00338555	-0.0775205	-0.00574724	0.993082	-0.117286	0.0773812	0.117377	0.990068	2.23023	2.70247	44.6139	
0.997058	-0.00327309	-0.0765783	-0.00586867	0.992895	-0.118849	0.0764232	0.118949	0.989955	2.2867	2.78924	45.3409	
0.997131	-0.00315902	-0.0756353	-0.00598894	0.992705	-0.120416	0.0754639	0.120524	0.989838	2.34247	2.87717	46.0678	
0.997202	-0.00304334	-0.0746914	-0.00610802	0.992513	-0.121988	0.0745034	0.122103	0.989717	2.39753	2.96626	46.7946	
0.997273	-0.00292603	-0.0737467	-0.00622591	0.992317	-0.123564	0.0735417	0.123687	0.989592	2.45189	3.0565	47.5214	
0.997343	-0.0028071	-0.0728013	-0.00634257	0.992118	-0.125145	0.0725788	0.125274	0.989464	2.50554	3.14791	48.248	
0.997411	-0.00268654	-0.0718552	-0.00645799	0.991916	-0.126728	0.0716148	0.126864	0.989331	2.55849	3.24049	48.9746	
0.99748	-0.00256435	-0.0709083	-0.00657215	0.991712	-0.128316	0.0706496	0.128459	0.989195	2.61072	3.33424	49.7011	
0.997547	-0.00244054	-0.0699608	-0.00668503	0.991504	-0.129907	0.0696835	0.130056	0.989055	2.66225	3.42916	50.4274	
0.997613	-0.00231509	-0.0690127	-0.00679662	0.991293	-0.131502	0.0687162	0.131657	0.988911	2.71307	3.52525	51.1537	
0.997679	-0.002188	-0.068064	-0.00690689	0.991079	-0.1331	0.067748	0.133261	0.988763	2.76317	3.62252	51.8798	
0.997743	-0.00205929	-0.0671148	-0.00701582	0.990861	-0.134701	0.0667788	0.134868	0.988611	2.81257	3.72097	52.6058	
0.997807	-0.00192894	-0.066165	-0.00712341	0.990641	-0.136306	0.0658087	0.136478	0.988455	2.86125	3.8206	53.3318	
0.99787	-0.00179695	-0.0652148	-0.00722964	0.990418	-0.137913	0.0648377	0.138091	0.988295	2.90922	3.92142	54.0576	
0.997932	-0.00166332	-0.0642641	-0.00733448	0.990192	-0.139523	0.0638658	0.139706	0.988131	2.95647	4.02342	54.7833	
0.997993	-0.00152806	-0.0633129	-0.00743792	0.989962	-0.141136	0.0628931	0.141323	0.987964	3.00302	4.1266	55.5088	
0.998053	-0.00139116	-0.0623614	-0.00753995	0.98973	-0.142751	0.0619196	0.142943	0.987792	3.04884	4.23098	56.2343	
0.998112	-0.00125262	-0.0614096	-0.00764055	0.989495	-0.144368	0.0609453	0.144565	0.987617	3.09396	4.33654	56.9596	
0.99817	-0.00111244	-0.0604574	-0.00773971	0.989256	-0.145988	0.0599702	0.146189	0.987437	3.13835	4.4433	57.6848	
0.998228	-0.000970633	-0.0595049	-0.00783742	0.989015	-0.14761	0.0589945	0.147814	0.987254	3.18203	4.55125	58.4098	
0.998284	-0.000827187	-0.0585521	-0.00793365	0.98877	-0.149233	0.0580181	0.149442	0.987067	3.225	4.66039	59.1347	
0.99834	-0.000682106	-0.0575992	-0.0080284	0.988523	-0.150859	0.057041	0.151071	0.986876	3.26724	4.77073	59.8595	
0.998394	-0.000535393	-0.056646	-0.00812166	0.988272	-0.152486	0.0560633	0.152701	0.986681	3.30877	4.88227	60.5841	
0.998448	-0.000387047	-0.0556927	-0.00821341	0.988019	-0.154115	0.055085	0.154333	0.986482	3.34958	4.995	61.3086	
0.998501	-0.000237072	-0.0547392	-0.00830363	0.987762	-0.155745	0.0541062	0.155966	0.986279	3.38968	5.10894	62.033	
0.998553	-8.54698e-05	-0.0537856	-0.00839233	0.987503	-0.157376	0.0531269	0.1576	0.986073	3.42905	5.22407	62.7572	
0.998603	6.77584e-05	-0.0528319	-0.00847948	0.987241	-0.159009	0.052147	0.159235	0.985863	3.4677	5.3404	63.4812	
0.998653	0.00022261	-0.0518782	-0.00856508	0.986976	-0.160642	0.0511667	0.16087	0.985648	3.50564	5.45794	64.2051	
0.998702	0.000379081	-0.0509245	-0.00864912	0.986707	-0.162277	0.050186	0.162507	0.98543	3.54285	5.57667	64.9288	
0.998751	0.000537169	-0.0499707	-0.00873158	0.986436	-0.163912	0.0492049	0.164143	0.985209	3.57934	5.69661	65.6524	
0.998798	0.000696872	-0.049017	-0.00881246	0.986162	-0.165547	0.0482234	0.16578	0.984983	3.61512	5.81775	66.3758	
0.998844	0.000858185	-0.0480634	-0.00889175	0.985886	-0.167183	0.0472416	0.167417	0.984754	3.65017	5.94009	67.099	
0.998889	0.00102111	-0.0471099	-0.00896944	0.985606	-0.168819	0.0462594	0.169054	0.984521	3.6845	6.06363	67.8221	
0.998934	0.00118563	-0.0461565	-0.00904552	0.985324	-0.170456	0.045277	0.170692	0.984284	3.71811	6.18837	68.545	
0.998977	0.00135175	-0.0452032	-0.00911998	0.985039	-0.172092	0.0442943	0.172328	0.984043	3.751	6.31432	69.2677	
0.999019	0.00151946	-0.0442502	-0.00919283	0.984751	-0.173728	0.0433114	0.173965	0.983799	3.78316	6.44147	69.9902	
0.999061	0.00168877	-0.0432973	-0.00926404	0.98446	-0.175364	0.0423284	0.175601	0.983551	3.81461	6.56982	70.7126	
0.999101	0.00185966	-0.0423447	-0.00933362	0.984167	-0.177	0.0413451	0.177236	0.9833	3.84533	6.69937	71.4347	
0.999688	0.00505278	-0.0244816	-0.00924582	0.984645	-0.174324	0.0232248	0.174496	0.984384	3.86904	6.82852	72.1572	
