1	0	0	0	1	0	0	0	1	0	0	0	
1	-5.94767e-08	3.18928e-05	-5.94767e-08	0.999993	0.00372978	-3.18928e-05	-0.00372978	0.999993	-1.18793e-05	-0.00138925	0.744948	
1	-2.47439e-07	6.54847e-05	-2.41146e-07	0.999972	0.00746095	-6.54847e-05	-0.00746095	0.999972	-4.815e-05	-0.00555752	1.48989	
1	-5.76626e-07	0.000100776	-5.51445e-07	0.999937	0.0111935	-0.000100776	-0.0111935	0.999937	-0.000110078	-0.0125058	2.2348	
1	-1.05979e-06	0.000137768	-9.96817e-07	0.999889	0.0149272	-0.000137768	-0.0149272	0.999889	-0.00019893	-0.0222351	2.97969	
1	-1.70971e-06	0.00017646	-1.58371e-06	0.999826	0.0186621	-0.000176461	-0.0186621	0.999826	-0.000315973	-0.0347463	3.72453	
1	-2.53915e-06	0.000216853	-2.31859e-06	0.999749	0.0223981	-0.000216856	-0.0223981	0.999749	-0.000462474	-0.0500402	4.46932	
1	-3.56093e-06	0.000258947	-3.2079e-06	0.999658	0.0261351	-0.000258951	-0.0261351	0.999658	-0.0006397	-0.0681177	5.21405	
1	-4.78784e-06	0.000302741	-4.25812e-06	0.999554	0.0298731	-0.000302749	-0.0298731	0.999554	-0.00084892	-0.0889793	5.95871	
1	-6.23271e-06	0.000348237	-5.47572e-06	0.999435	0.0336119	-0.000348249	-0.0336119	0.999435	-0.0010914	-0.112626	6.70328	
1	-7.90836e-06	0.000395433	-6.86716e-06	0.999302	0.0373515	-0.000395452	-0.0373515	0.999302	-0.00136841	-0.139058	7.44776	
1	-9.82763e-06	0.000444329	-8.43895e-06	0.999155	0.0410918	-0.000444357	-0.0410918	0.999155	-0.00168122	-0.168276	8.19214	
1	-1.20034e-05	0.000494925	-1.01975e-05	0.998995	0.0448327	-0.000494966	-0.0448327	0.998994	-0.00203109	-0.200281	8.9364	
1	-1.44484e-05	0.000547221	-1.21494e-05	0.99882	0.0485742	-0.000547277	-0.0485742	0.998819	-0.0024193	-0.235073	9.68054	
1	-1.71757e-05	0.000601215	-1.43011e-05	0.998631	0.0523161	-0.00060129	-0.0523161	0.99863	-0.00284712	-0.272652	10.4245	
1	-2.01979e-05	0.000656907	-1.66591e-05	0.998427	0.0560585	-0.000657007	-0.0560585	0.998427	-0.0033158	-0.313019	11.1684	
1	-2.35281e-05	0.000714297	-1.92298e-05	0.99821	0.0598011	-0.000714426	-0.0598011	0.99821	-0.00382662	-0.356174	11.9121	
1	-2.71791e-05	0.000773383	-2.20197e-05	0.997979	0.063544	-0.000773547	-0.063544	0.997979	-0.00438086	-0.402117	12.6556	
1	-3.11636e-05	0.000834165	-2.50355e-05	0.997734	0.067287	-0.000834371	-0.067287	0.997733	-0.00497977	-0.450848	13.399	
1	-3.54948e-05	0.000896641	-2.82834e-05	0.997474	0.0710302	-0.000896897	-0.0710302	0.997474	-0.00562462	-0.502368	14.1421	
1	-4.01853e-05	0.000960809	-3.17701e-05	0.997201	0.0747733	-0.000961124	-0.0747733	0.9972	-0.00631669	-0.556676	14.8851	
0.999999	-4.5248e-05	0.00102667	-3.5502e-05	0.996913	0.0785163	-0.00102705	-0.0785163	0.996912	-0.00705724	-0.613772	15.6279	
0.999999	-5.06959e-05	0.00109422	-3.94857e-05	0.996611	0.0822593	-0.00109468	-0.0822592	0.99661	-0.00784753	-0.673657	16.3704	
0.999999	-5.65418e-05	0.00116346	-4.37275e-05	0.996295	0.0860019	-0.00116401	-0.0860019	0.996294	-0.00868884	-0.73633	17.1127	
0.999999	-6.27985e-05	0.00123439	-4.8234e-05	0.995965	0.0897443	-0.00123504	-0.0897443	0.995964	-0.00958242	-0.801791	17.8548	
0.999999	-6.9479e-05	0.001307	-5.30117e-05	0.995621	0.0934863	-0.00130777	-0.0934863	0.99562	-0.0105296	-0.87004	18.5966	
0.999999	-7.6596e-05	0.00138129	-5.80671e-05	0.995262	0.0972279	-0.0013822	-0.0972278	0.995261	-0.0115315	-0.941077	19.3381	
0.999999	-8.41625e-05	0.00145727	-6.34066e-05	0.99489	0.100969	-0.00145832	-0.100969	0.994889	-0.0125895	-1.0149	20.0794	
0.999999	-9.21911e-05	0.00153493	-6.90367e-05	0.994503	0.104709	-0.00153614	-0.104709	0.994502	-0.0137049	-1.09151	20.8204	
0.999999	-0.000100695	0.00161426	-7.49639e-05	0.994102	0.108449	-0.00161566	-0.108449	0.994101	-0.0148789	-1.17091	21.5611	
0.999999	-0.000109687	0.00169527	-8.11946e-05	0.993687	0.112188	-0.00169687	-0.112188	0.993686	-0.0161127	-1.25309	22.3015	
0.999998	-0.000119179	0.00177795	-8.77353e-05	0.993258	0.115926	-0.00177978	-0.115926	0.993256	-0.0174077	-1.33805	23.0416	
0.999998	-0.000129185	0.0018623	-9.45925e-05	0.992815	0.119663	-0.00186438	-0.119663	0.992813	-0.018765	-1.42581	23.7814	
0.999998	-0.000139717	0.00194832	-0.000101773	0.992357	0.123399	-0.00195067	-0.123399	0.992355	-0.020186	-1.51634	24.5208	
0.999998	-0.000150788	0.002036	-0.000109282	0.991885	0.127134	-0.00203865	-0.127134	0.991883	-0.0216719	-1.60966	25.2599	
0.999998	-0.000162411	0.00212535	-0.000117127	0.9914	0.130868	-0.00212833	-0.130868	0.991397	-0.023224	-1.70576	25.9986	
0.999998	-0.000174599	0.00221636	-0.000125315	0.9909	0.134601	-0.00221969	-0.134601	0.990897	-0.0248436	-1.80464	26.737	
0.999997	-0.000187363	0.00230902	-0.000133851	0.990386	0.138333	-0.00231274	-0.138332	0.990383	-0.0265318	-1.9063	27.4749	
0.999997	-0.000200718	0.00240333	-0.000142742	0.989858	0.142063	-0.00240747	-0.142063	0.989855	-0.02829	-2.01074	28.2125	
0.999997	-0.000214676	0.0024993	-0.000151995	0.989315	0.145791	-0.00250389	-0.145791	0.989312	-0.0301193	-2.11796	28.9497	
0.999997	-0.000229248	0.00259691	-0.000161615	0.988759	0.149518	-0.002602	-0.149518	0.988756	-0.0320211	-2.22795	29.6865	
0.999996	-0.000244449	0.00269617	-0.00017161	0.988188	0.153244	-0.00270178	-0.153244	0.988185	-0.0339967	-2.34072	30.4229	
0.999996	-0.00026029	0.00279707	-0.000181985	0.987604	0.156967	-0.00280325	-0.156967	0.9876	-0.0360471	-2.45627	31.1588	
0.999996	-0.000276785	0.0028996	-0.000192748	0.987005	0.160689	-0.00290639	-0.160689	0.987001	-0.0381738	-2.57459	31.8943	
0.999995	-0.000293945	0.00300376	-0.000203903	0.986392	0.16441	-0.00301122	-0.16441	0.986388	-0.040378	-2.69568	32.6293	
0.999995	-0.000311784	0.00310956	-0.000215459	0.985765	0.168128	-0.00311771	-0.168128	0.98576	-0.0426609	-2.81954	33.3639	
0.999995	-0.000330314	0.00321698	-0.00022742	0.985124	0.171844	-0.00322588	-0.171844	0.985119	-0.0450237	-2.94617	34.098	
0.999994	-0.000349547	0.00332602	-0.000239794	0.984469	0.175558	-0.00333573	-0.175558	0.984463	-0.0474678	-3.07557	34.8316	
0.999994	-0.000369495	0.00343668	-0.000252586	0.9838	0.17927	-0.00344724	-0.17927	0.983794	-0.0499942	-3.20774	35.5647	
0.999994	-0.000390173	0.00354895	-0.000265804	0.983117	0.18298	-0.00356042	-0.18298	0.98311	-0.0526044	-3.34267	36.2974	
0.999993	-0.000411591	0.00366283	-0.000279452	0.982419	0.186688	-0.00367527	-0.186688	0.982412	-0.0552995	-3.48036	37.0295	
0.999993	-0.000433762	0.00377831	-0.000293539	0.981708	0.190393	-0.00379178	-0.190393	0.981701	-0.0580808	-3.62081	37.7611	
0.999992	-0.000456698	0.00389539	-0.000308069	0.980983	0.194096	-0.00390995	-0.194096	0.980975	-0.0609495	-3.76402	38.4921	
0.999984	-0.000800786	0.00562723	-0.000315658	0.980674	0.195649	-0.00567515	-0.195648	0.980658	-0.0645197	-3.90919	39.2228	
0.999972	-0.00114903	0.00736556	-0.000326077	0.980362	0.197206	-0.00744751	-0.197203	0.980334	-0.0694076	-4.05552	39.9532	
0.999957	-0.00150142	0.00911018	-0.000339352	0.980047	0.198767	-0.00922684	-0.198761	0.980005	-0.0756184	-4.20301	40.6834	
0.999939	-0.00185796	0.0108609	-0.000355509	0.979728	0.200331	-0.011013	-0.200323	0.979668	-0.0831572	-4.35166	41.4133	
0.999918	-0.00221863	0.0126176	-0.000374572	0.979406	0.201899	-0.0128057	-0.201887	0.979325	-0.0920291	-4.50147	42.143	
0.999893	-0.00258342	0.01438	-0.000396566	0.979081	0.20347	-0.0146048	-0.203454	0.978976	-0.102239	-4.65245	42.8724	
0.999865	-0.00295233	0.016148	-0.000421514	0.978752	0.205045	-0.0164102	-0.205024	0.978619	-0.113791	-4.8046	43.6015	
0.999834	-0.00332534	0.0179213	-0.000449438	0.978421	0.206623	-0.0182216	-0.206596	0.978257	-0.126691	-4.95791	44.3304	
0.999799	-0.00370244	0.0196998	-0.000480361	0.978085	0.208204	-0.0200389	-0.208171	0.977887	-0.140942	-5.11241	45.059	
0.999761	-0.00408363	0.0214833	-0.000514303	0.977747	0.209788	-0.0218619	-0.209749	0.977511	-0.156549	-5.26807	45.7874	
0.999719	-0.00446887	0.0232716	-0.000551284	0.977405	0.211375	-0.0236904	-0.211328	0.977128	-0.173516	-5.42491	46.5154	
0.999674	-0.00485817	0.0250646	-0.000591324	0.97706	0.212964	-0.0255242	-0.21291	0.976738	-0.191847	-5.58293	47.2432	
0.999625	-0.0052515	0.0268619	-0.000634442	0.976711	0.214556	-0.0273631	-0.214493	0.976342	-0.211546	-5.74213	47.9707	
0.999573	-0.00564884	0.0286636	-0.000680654	0.97636	0.216151	-0.029207	-0.216079	0.975939	-0.232617	-5.9025	48.6979	
0.999517	-0.00605019	0.0304693	-0.000729979	0.976005	0.217749	-0.0310556	-0.217666	0.975529	-0.255063	-6.06406	49.4247	
0.999458	-0.00645551	0.0322789	-0.000782433	0.975646	0.219348	-0.0329087	-0.219255	0.975113	-0.278889	-6.2268	50.1513	
0.999395	-0.0068648	0.0340921	-0.000838029	0.975285	0.22095	-0.0347663	-0.220845	0.974689	-0.304096	-6.39073	50.8775	
0.999329	-0.00727802	0.0359089	-0.000896783	0.97492	0.222554	-0.0366281	-0.222437	0.974259	-0.330688	-6.55584	51.6035	
0.999258	-0.00769517	0.0377291	-0.000958708	0.974552	0.22416	-0.0384939	-0.22403	0.973822	-0.358669	-6.72214	52.3291	
0.999185	-0.0081162	0.0395523	-0.00102382	0.974181	0.225767	-0.0403635	-0.225624	0.973378	-0.388042	-6.88962	53.0544	
0.999107	-0.00854111	0.0413786	-0.00109212	0.973806	0.227377	-0.0422368	-0.227219	0.972927	-0.418808	-7.0583	53.7793	
0.999026	-0.00896986	0.0432076	-0.00116363	0.973429	0.228988	-0.0441135	-0.228815	0.97247	-0.450972	-7.22816	54.5039	
0.998941	-0.00940243	0.0450392	-0.00123835	0.973048	0.2306	-0.0459935	-0.230412	0.972006	-0.484534	-7.39921	55.2282	
0.998852	-0.0098388	0.0468732	-0.0013163	0.972664	0.232214	-0.0478766	-0.23201	0.971535	-0.519499	-7.57145	55.9521	
0.99876	-0.0102789	0.0487095	-0.00139749	0.972277	0.23383	-0.0497626	-0.233608	0.971057	-0.555867	-7.74488	56.6757	
0.998664	-0.0107228	0.0505478	-0.00148191	0.971886	0.235446	-0.0516513	-0.235206	0.970572	-0.593641	-7.9195	57.3989	
0.998564	-0.0111704	0.052388	-0.00156957	0.971493	0.237063	-0.0535426	-0.236805	0.970081	-0.632823	-8.09531	58.1217	
0.998461	-0.0116216	0.0542298	-0.00166049	0.971097	0.238681	-0.0554362	-0.238404	0.969583	-0.673415	-8.27232	58.8442	
0.998354	-0.0120765	0.0560732	-0.00175466	0.970697	0.2403	-0.057332	-0.240003	0.969078	-0.715418	-8.45051	59.5663	
0.998243	-0.012535	0.0579178	-0.00185208	0.970294	0.24192	-0.0592298	-0.241602	0.968566	-0.758835	-8.6299	60.288	
0.998128	-0.0129971	0.0597637	-0.00195277	0.969889	0.24354	-0.0611294	-0.243201	0.968048	-0.803665	-8.81047	61.0094	
0.998009	-0.0134627	0.0616105	-0.00205672	0.96948	0.24516	-0.0630306	-0.244799	0.967523	-0.849912	-8.99224	61.7303	
0.997887	-0.0139318	0.063458	-0.00216393	0.969069	0.246781	-0.0649333	-0.246397	0.966991	-0.897575	-9.1752	62.4509	
0.997761	-0.0144044	0.0653062	-0.00227439	0.968654	0.248402	-0.0668372	-0.247994	0.966453	-0.946657	-9.35935	63.1711	
0.997632	-0.0148804	0.0671548	-0.00238812	0.968237	0.250023	-0.0687422	-0.249591	0.965908	-0.997156	-9.54468	63.8908	
0.997498	-0.0153598	0.0690036	-0.0025051	0.967817	0.251644	-0.0706481	-0.251187	0.965357	-1.04908	-9.73121	64.6102	
0.997361	-0.0158426	0.0708525	-0.00262533	0.967394	0.253264	-0.0725546	-0.252782	0.964799	-1.10242	-9.91893	65.3291	
0.99722	-0.0163286	0.0727013	-0.00274881	0.966968	0.254884	-0.0744617	-0.254376	0.964235	-1.15718	-10.1078	66.0476	
0.997075	-0.0168179	0.0745498	-0.00287553	0.966539	0.256504	-0.0763692	-0.255968	0.963664	-1.21336	-10.2979	66.7657	
0.996927	-0.0173105	0.0763978	-0.00300548	0.966107	0.258123	-0.0782768	-0.25756	0.963087	-1.27096	-10.4892	67.4834	
0.996775	-0.0178062	0.0782452	-0.00313867	0.965673	0.259741	-0.0801843	-0.259149	0.962503	-1.32998	-10.6817	68.2006	
0.996619	-0.0183051	0.0800918	-0.00327506	0.965236	0.261359	-0.0820917	-0.260738	0.961913	-1.39042	-10.8753	68.9174	
0.99646	-0.018807	0.0819374	-0.00341467	0.964796	0.262976	-0.0839987	-0.262324	0.961317	-1.45229	-11.0701	69.6338	
0.996297	-0.019312	0.0837818	-0.00355747	0.964354	0.264591	-0.0859051	-0.263909	0.960714	-1.51557	-11.2661	70.3497	
0.995195	-0.0223918	0.0953149	-0.00224773	0.968016	0.25088	-0.0978839	-0.249889	0.963314	-1.58403	-11.4575	71.0663	
0.99395	-0.025303	0.106877	-0.000767493	0.971477	0.237134	-0.109829	-0.235781	0.96558	-1.6614	-11.6384	71.7848	
0.992562	-0.0280447	0.118465	0.000882718	0.974736	0.223358	-0.121736	-0.221592	0.967511	-1.74766	-11.8088	72.5049	
