1	0	0	0	1	0	0	0	1	0	0	0	
1	-3.36875e-07	0.000872549	-3.36875e-07	1	0.000772162	-0.000872549	-0.000772162	0.999999	-0.000405207	-0.000358588	0.928788	
0.999998	-1.35059e-06	0.00174716	-1.35039e-06	0.999999	0.00154592	-0.00174716	-0.00154592	0.999997	-0.00162179	-0.00143509	1.85757	
0.999997	-3.04566e-06	0.00262381	-3.04485e-06	0.999997	0.00232124	-0.00262381	-0.00232124	0.999994	-0.00365164	-0.00323098	2.78636	
0.999994	-5.42649e-06	0.00350244	-5.42445e-06	0.999995	0.00309809	-0.00350244	-0.00309809	0.999989	-0.00649663	-0.00574768	3.71514	
0.99999	-8.49738e-06	0.00438303	-8.4933e-06	0.999992	0.00387643	-0.00438303	-0.00387643	0.999983	-0.0101586	-0.00898661	4.64391	
0.999986	-1.22625e-05	0.00526555	-1.22554e-05	0.999989	0.00465624	-0.00526555	-0.00465624	0.999975	-0.0146393	-0.0129491	5.57268	
0.999981	-1.67261e-05	0.00614994	-1.67146e-05	0.999985	0.00543747	-0.00614994	-0.00543747	0.999966	-0.0199406	-0.0176366	6.50144	
0.999975	-2.1892e-05	0.00703618	-2.18747e-05	0.999981	0.00622011	-0.00703618	-0.00622011	0.999956	-0.0260642	-0.0230503	7.43019	
0.999969	-2.77641e-05	0.00792422	-2.77395e-05	0.999975	0.0070041	-0.00792422	-0.0070041	0.999944	-0.0330117	-0.0291915	8.35894	
0.999961	-3.43463e-05	0.00881404	-3.43123e-05	0.99997	0.00778942	-0.00881404	-0.00778942	0.999931	-0.0407848	-0.0360616	9.28767	
0.999953	-4.16422e-05	0.0097056	-4.15968e-05	0.999963	0.00857604	-0.0097056	-0.00857604	0.999916	-0.0493853	-0.0436616	10.2164	
0.999944	-4.96554e-05	0.0105988	-4.95963e-05	0.999956	0.00936391	-0.0105988	-0.00936391	0.9999	-0.0588145	-0.0519928	11.1451	
0.999934	-5.83893e-05	0.0114938	-5.83139e-05	0.999948	0.010153	-0.0114938	-0.010153	0.999882	-0.0690742	-0.0610563	12.0738	
0.999923	-6.78473e-05	0.0123903	-6.77529e-05	0.99994	0.0109433	-0.0123903	-0.0109433	0.999863	-0.0801658	-0.0708533	13.0024	
0.999912	-7.80326e-05	0.0132884	-7.79162e-05	0.999931	0.0117348	-0.0132884	-0.0117348	0.999843	-0.0920908	-0.0813849	13.9311	
0.999899	-8.89484e-05	0.0141881	-8.88067e-05	0.999922	0.0125274	-0.0141881	-0.0125274	0.999821	-0.104851	-0.0926521	14.8597	
0.999886	-0.000100598	0.0150893	-0.000100427	0.999911	0.013321	-0.0150893	-0.013321	0.999797	-0.118447	-0.104656	15.7883	
0.999872	-0.000112983	0.0159919	-0.000112781	0.9999	0.0141158	-0.0159919	-0.0141158	0.999772	-0.132881	-0.117397	16.7169	
0.999857	-0.000126108	0.016896	-0.000125869	0.999889	0.0149115	-0.016896	-0.0149115	0.999746	-0.148154	-0.130878	17.6455	
0.999842	-0.000139975	0.0178015	-0.000139696	0.999877	0.0157083	-0.0178015	-0.0157083	0.999718	-0.164267	-0.145097	18.574	
0.999825	-0.000154586	0.0187083	-0.000154262	0.999864	0.016506	-0.0187083	-0.016506	0.999689	-0.181222	-0.160057	19.5025	
0.999808	-0.000169944	0.0196165	-0.000169571	0.99985	0.0173046	-0.0196165	-0.0173046	0.999658	-0.19902	-0.175759	20.431	
0.999789	-0.000186051	0.020526	-0.000185624	0.999836	0.0181042	-0.020526	-0.0181042	0.999625	-0.217662	-0.192202	21.3595	
0.99977	-0.000202909	0.0214367	-0.000202424	0.999821	0.0189045	-0.0214367	-0.0189045	0.999591	-0.237149	-0.209389	22.2879	
0.99975	-0.000220521	0.0223486	-0.000219972	0.999806	0.0197057	-0.0223486	-0.0197057	0.999556	-0.257483	-0.227319	23.2163	
0.999729	-0.000238889	0.0232616	-0.000238269	0.99979	0.0205077	-0.0232617	-0.0205077	0.999519	-0.278664	-0.245994	24.1447	
0.999708	-0.000258014	0.0241759	-0.000257319	0.999773	0.0213105	-0.0241759	-0.0213105	0.999481	-0.300693	-0.265414	25.073	
0.999685	-0.000277898	0.0250912	-0.000277122	0.999755	0.0221139	-0.0250912	-0.0221139	0.999441	-0.323573	-0.28558	26.0013	
0.999662	-0.000298542	0.0260075	-0.000297679	0.999737	0.0229181	-0.0260075	-0.0229181	0.999399	-0.347303	-0.306493	26.9295	
0.999637	-0.00031995	0.0269249	-0.000318992	0.999719	0.0237229	-0.0269249	-0.0237229	0.999356	-0.371884	-0.328153	27.8577	
0.999612	-0.00034212	0.0278433	-0.000341063	0.999699	0.0245283	-0.0278433	-0.0245283	0.999311	-0.397318	-0.35056	28.7859	
0.999586	-0.000365056	0.0287626	-0.000363891	0.999679	0.0253343	-0.0287626	-0.0253343	0.999265	-0.423606	-0.373716	29.714	
0.999559	-0.000388758	0.0296828	-0.000387478	0.999658	0.0261408	-0.0296828	-0.0261408	0.999217	-0.450747	-0.397621	30.6421	
0.999532	-0.000413227	0.0306038	-0.000411826	0.999637	0.0269479	-0.0306039	-0.0269479	0.999168	-0.478744	-0.422275	31.5701	
0.999503	-0.000438464	0.0315257	-0.000436933	0.999615	0.0277554	-0.0315258	-0.0277554	0.999117	-0.507597	-0.447679	32.4981	
0.999473	-0.000464469	0.0324484	-0.000462802	0.999592	0.0285634	-0.0324484	-0.0285634	0.999065	-0.537306	-0.473833	33.4261	
0.999443	-0.000491245	0.0333718	-0.000489433	0.999568	0.0293718	-0.0333719	-0.0293718	0.999011	-0.567873	-0.500738	34.354	
0.999412	-0.00051879	0.034296	-0.000516825	0.999544	0.0301806	-0.034296	-0.0301806	0.998956	-0.599297	-0.528394	35.2818	
0.999379	-0.000547106	0.0352208	-0.000544979	0.99952	0.0309898	-0.0352208	-0.0309897	0.998899	-0.63158	-0.556801	36.2096	
0.999346	-0.000576193	0.0361462	-0.000573896	0.999494	0.0317992	-0.0361463	-0.0317992	0.99884	-0.664723	-0.585959	37.1373	
0.999312	-0.000606051	0.0370723	-0.000603574	0.999468	0.0326089	-0.0370723	-0.0326089	0.99878	-0.698725	-0.61587	38.065	
0.999278	-0.00063668	0.0379989	-0.000634014	0.999441	0.0334189	-0.0379989	-0.0334188	0.998719	-0.733588	-0.646533	38.9927	
0.999242	-0.000668079	0.038926	-0.000665217	0.999414	0.034229	-0.0389261	-0.034229	0.998656	-0.769311	-0.677948	39.9202	
0.999205	-0.00070025	0.0398536	-0.00069718	0.999386	0.0350394	-0.0398537	-0.0350393	0.998591	-0.805896	-0.710116	40.8477	
0.999168	-0.000733191	0.0407816	-0.000729904	0.999357	0.0358499	-0.0407817	-0.0358498	0.998525	-0.843343	-0.743037	41.7752	
0.999129	-0.000766903	0.0417101	-0.000763388	0.999327	0.0366605	-0.0417101	-0.0366604	0.998457	-0.881651	-0.77671	42.7026	
0.99909	-0.000801384	0.0426389	-0.000797631	0.999297	0.0374711	-0.0426389	-0.0374711	0.998388	-0.920822	-0.811136	43.6299	
0.99905	-0.000836634	0.043568	-0.000832633	0.999267	0.0382818	-0.0435681	-0.0382817	0.998317	-0.960856	-0.846315	44.5571	
0.999009	-0.000872652	0.0444974	-0.000868392	0.999235	0.0390925	-0.0444975	-0.0390924	0.998244	-1.00175	-0.882247	45.4843	
0.998967	-0.000909437	0.045427	-0.000904908	0.999203	0.0399032	-0.0454271	-0.0399031	0.99817	-1.04351	-0.918932	46.4115	
0.998924	-0.000946988	0.0463569	-0.000942178	0.99917	0.0407138	-0.046357	-0.0407137	0.998095	-1.08614	-0.95637	47.3385	
0.998881	-0.000985304	0.0472869	-0.000980202	0.999137	0.0415244	-0.047287	-0.0415242	0.998018	-1.12963	-0.994561	48.2655	
0.998836	-0.00102438	0.0482171	-0.00101898	0.999103	0.0423347	-0.0482172	-0.0423346	0.997939	-1.17398	-1.0335	49.1924	
0.998791	-0.00106423	0.0491473	-0.00105851	0.999068	0.043145	-0.0491475	-0.0431448	0.997859	-1.21919	-1.0732	50.1192	
0.998745	-0.00110483	0.0500776	-0.00109878	0.999033	0.043955	-0.0500778	-0.0439548	0.997778	-1.26527	-1.11365	51.046	
0.998698	-0.00114619	0.051008	-0.0011398	0.998997	0.0447648	-0.0510081	-0.0447646	0.997694	-1.31222	-1.15485	51.9727	
0.99865	-0.00118831	0.0519382	-0.00118157	0.99896	0.0455743	-0.0519384	-0.0455741	0.99761	-1.36002	-1.1968	52.8993	
0.998601	-0.00123119	0.0528685	-0.00122408	0.998923	0.0463835	-0.0528686	-0.0463834	0.997524	-1.4087	-1.23951	53.8258	
0.998551	-0.00127481	0.0537986	-0.00126733	0.998885	0.0471924	-0.0537988	-0.0471922	0.997436	-1.45823	-1.28296	54.7523	
0.9985	-0.00131919	0.0547286	-0.00131132	0.998846	0.048001	-0.0547288	-0.0480007	0.997347	-1.50863	-1.32717	55.6786	
0.998449	-0.00136432	0.0556584	-0.00135604	0.998807	0.0488091	-0.0556586	-0.0488089	0.997256	-1.55989	-1.37213	56.6049	
0.998562	-0.00126067	0.0535921	-0.00148895	0.998685	0.0512356	-0.0535862	-0.0512417	0.997248	-1.61063	-1.41859	57.5312	
0.998671	-0.00115202	0.0515266	-0.00161687	0.998558	0.0536632	-0.0515141	-0.0536752	0.997229	-1.65943	-1.46731	58.4574	
0.998775	-0.00103836	0.0494617	-0.0017398	0.998424	0.0560917	-0.049442	-0.0561091	0.9972	-1.70632	-1.5183	59.3836	
0.998876	-0.000919691	0.0473975	-0.00185773	0.998284	0.0585211	-0.0473701	-0.0585434	0.99716	-1.75128	-1.57154	60.3098	
0.998972	-0.000796018	0.045334	-0.00197065	0.998139	0.0609512	-0.0452982	-0.0609778	0.997111	-1.79431	-1.62705	61.2359	
0.999063	-0.000667338	0.0432711	-0.00207855	0.997987	0.0633817	-0.0432263	-0.0634123	0.997051	-1.83542	-1.68481	62.162	
0.99915	-0.00053365	0.0412087	-0.00218142	0.99783	0.0658127	-0.0411544	-0.0658467	0.996981	-1.87461	-1.74484	63.088	
0.999233	-0.000394952	0.0391469	-0.00227926	0.997666	0.068244	-0.0390825	-0.0682809	0.9969	-1.91187	-1.80713	64.0139	
0.999312	-0.000251244	0.0370856	-0.00237206	0.997497	0.0706754	-0.0370105	-0.0707147	0.99681	-1.94721	-1.87168	64.9398	
0.999386	-0.000102523	0.0350248	-0.00245981	0.997321	0.0731068	-0.0349384	-0.0731481	0.996709	-1.98062	-1.93849	65.8656	
0.999457	5.1211e-05	0.0329644	-0.00254251	0.99714	0.075538	-0.0328662	-0.0755808	0.996598	-2.01211	-2.00755	66.7913	
0.999522	0.00020996	0.0309044	-0.00262016	0.996952	0.077969	-0.0307938	-0.0780128	0.996477	-2.04167	-2.07888	67.7168	
0.999584	0.000373726	0.0288448	-0.00269275	0.996759	0.0803996	-0.0287213	-0.0804438	0.996345	-2.06931	-2.15247	68.6423	
0.999641	0.00054251	0.0267856	-0.00276027	0.99656	0.0828297	-0.0266485	-0.0828739	0.996204	-2.09502	-2.22831	69.5676	
0.999694	0.000716314	0.0247266	-0.00282274	0.996355	0.085259	-0.0245754	-0.0853027	0.996052	-2.11881	-2.30641	70.4928	
0.999743	0.00089514	0.022668	-0.00288013	0.996144	0.0876876	-0.0225021	-0.0877303	0.99589	-2.14067	-2.38677	71.4178	
0.999993	0.00279627	0.00237093	-0.00301674	0.995108	0.0987505	-0.00208319	-0.098757	0.995109	-2.15209	-2.47338	72.3425	
0.999828	0.00492168	-0.0179048	-0.00292643	0.993949	0.109802	0.0183368	-0.109731	0.993792	-2.14454	-2.5702	73.2662	
0.999246	0.00727022	-0.0381481	-0.00260924	0.992669	0.120836	0.038747	-0.120645	0.991939	-2.11803	-2.67719	74.1884	
0.998248	0.00984063	-0.0583483	-0.00206535	0.991268	0.131846	0.0591362	-0.131494	0.989552	-2.07257	-2.79429	75.1086	
0.996835	0.0126315	-0.0784943	-0.00129506	0.989747	0.142826	0.0794936	-0.142273	0.98663	-2.00819	-2.92143	76.0264	
0.995007	0.0156414	-0.0985753	-0.00029877	0.988106	0.153772	0.0998081	-0.152974	0.983177	-1.92492	-3.05855	76.9412	
0.992765	0.0188686	-0.118581	0.000922974	0.986347	0.164675	0.120069	-0.163593	0.979194	-1.82281	-3.20556	77.8525	
0.990111	0.0223115	-0.138499	0.00236952	0.984471	0.175532	0.140265	-0.174125	0.974683	-1.7019	-3.36241	78.7599	
0.987046	0.025968	-0.15832	0.00404007	0.982478	0.186336	0.160385	-0.184562	0.969646	-1.56228	-3.52898	79.6629	
0.983572	0.0298364	-0.178034	0.00593375	0.980369	0.197081	0.180419	-0.194899	0.964087	-1.404	-3.70521	80.561	
0.97969	0.0339145	-0.197628	0.00804952	0.978147	0.207761	0.200356	-0.205132	0.958008	-1.22717	-3.89099	81.4536	
0.975403	0.0382001	-0.217094	0.0103862	0.975811	0.21837	0.220184	-0.215254	0.951412	-1.03186	-4.08623	82.3404	
0.970713	0.0426909	-0.23642	0.0129427	0.973363	0.228904	0.239894	-0.22526	0.944303	-0.818194	-4.29081	83.2208	
0.965622	0.0473844	-0.255595	0.0157174	0.970805	0.239356	0.259475	-0.235144	0.936686	-0.58628	-4.50463	84.0943	
0.960133	0.0522782	-0.27461	0.018709	0.968137	0.24972	0.278915	-0.244902	0.928563	-0.336244	-4.72757	84.9606	
0.95425	0.0573696	-0.293455	0.0219157	0.965362	0.259991	0.298206	-0.254528	0.91994	-0.0682203	-4.95951	85.8191	
0.947975	0.0626559	-0.312118	0.025336	0.962481	0.270164	0.317335	-0.264016	0.91082	0.217646	-5.20033	86.6693	
0.941312	0.0681341	-0.330591	0.0289679	0.959495	0.280232	0.336294	-0.273362	0.90121	0.521201	-5.44989	87.5108	
0.934264	0.0738014	-0.348862	0.0328094	0.956406	0.290191	0.355071	-0.282561	0.891114	0.842281	-5.70807	88.3432	
0.926835	0.0796547	-0.366923	0.0368586	0.953216	0.300035	0.373656	-0.291607	0.880537	1.18071	-5.97473	89.166	
0.919029	0.0856909	-0.384764	0.0411132	0.949926	0.309759	0.392041	-0.300497	0.869486	1.53631	-6.24971	89.9787	
0.91085	0.0919066	-0.402374	0.0455709	0.946538	0.319358	0.410214	-0.309224	0.857966	1.90889	-6.53287	90.781	
