1	0	0	0	1	0	0	0	1	0	0	0	
1	-3.90768e-07	0.000263164	-3.90768e-07	0.999996	0.00296975	-0.000263164	-0.00296975	0.999996	-0.000133842	-0.00151038	1.01717	
1	-1.56934e-06	0.000527533	-1.56755e-06	0.999982	0.00594629	-0.000527533	-0.00594629	0.999982	-0.000535979	-0.00604495	2.03433	
1	-3.54461e-06	0.000793095	-3.53743e-06	0.99996	0.00892945	-0.000793095	-0.00892945	0.99996	-0.00120763	-0.0136105	3.05147	
0.999999	-6.3254e-06	0.00105984	-6.30741e-06	0.999929	0.0119191	-0.00105984	-0.0119191	0.999928	-0.00215001	-0.0242138	4.06859	
0.999999	-9.92043e-06	0.00132776	-9.88436e-06	0.999889	0.0149151	-0.00132776	-0.0149151	0.999888	-0.00336431	-0.0378614	5.08567	
0.999999	-1.43383e-05	0.00159684	-1.42751e-05	0.999839	0.0179173	-0.00159684	-0.0179173	0.999838	-0.00485172	-0.0545595	6.1027	
0.999998	-1.95877e-05	0.00186707	-1.94863e-05	0.999781	0.0209256	-0.00186708	-0.0209256	0.999779	-0.00661342	-0.0743144	7.11968	
0.999998	-2.56769e-05	0.00213845	-2.55245e-05	0.999713	0.0239397	-0.00213845	-0.0239397	0.999711	-0.00865058	-0.0971323	8.13659	
0.999997	-3.26144e-05	0.00241096	-3.23962e-05	0.999637	0.0269597	-0.00241096	-0.0269597	0.999634	-0.0109643	-0.123019	9.15343	
0.999996	-4.04084e-05	0.00268458	-4.01077e-05	0.99955	0.0299852	-0.00268459	-0.0299852	0.999547	-0.0135559	-0.15198	10.1702	
0.999996	-4.90672e-05	0.00295932	-4.86655e-05	0.999455	0.0330162	-0.00295933	-0.0330162	0.99945	-0.0164263	-0.184022	11.1869	
0.999995	-5.85987e-05	0.00323516	-5.80754e-05	0.99935	0.0360526	-0.00323517	-0.0360526	0.999345	-0.0195767	-0.21915	12.2034	
0.999994	-6.9011e-05	0.00351208	-6.83437e-05	0.999236	0.0390941	-0.00351209	-0.0390941	0.999229	-0.0230083	-0.257368	13.2199	
0.999993	-8.0312e-05	0.00379008	-7.94763e-05	0.999112	0.0421407	-0.00379009	-0.0421407	0.999104	-0.0267221	-0.298683	14.2362	
0.999992	-9.25093e-05	0.00406914	-9.14789e-05	0.998978	0.0451921	-0.00406916	-0.0451921	0.99897	-0.0307192	-0.343099	15.2524	
0.999991	-0.000105611	0.00434925	-0.000104357	0.998835	0.0482483	-0.00434928	-0.0482483	0.998826	-0.0350007	-0.390622	16.2684	
0.999989	-0.000119624	0.00463041	-0.000118117	0.998683	0.0513091	-0.00463045	-0.0513091	0.998672	-0.0395677	-0.441255	17.2843	
0.999988	-0.000134556	0.0049126	-0.000132764	0.998521	0.0543743	-0.00491265	-0.0543743	0.998509	-0.0444211	-0.495004	18.3001	
0.999986	-0.000150415	0.0051958	-0.000148302	0.998349	0.0574439	-0.00519586	-0.0574438	0.998335	-0.0495622	-0.551874	19.3156	
0.999985	-0.000167207	0.00548001	-0.000164738	0.998167	0.0605175	-0.00548009	-0.0605175	0.998152	-0.0549918	-0.611867	20.331	
0.999983	-0.000184941	0.00576522	-0.000182077	0.997976	0.0635952	-0.00576531	-0.0635952	0.997959	-0.0607111	-0.674989	21.3462	
0.999982	-0.000203622	0.00605141	-0.000200323	0.997775	0.0666768	-0.00605152	-0.0666768	0.997756	-0.066721	-0.741244	22.3612	
0.99998	-0.000223258	0.00633857	-0.000219482	0.997564	0.069762	-0.0063387	-0.069762	0.997544	-0.0730225	-0.810635	23.376	
0.999978	-0.000243855	0.00662668	-0.000239557	0.997343	0.0728508	-0.00662684	-0.0728508	0.997321	-0.0796165	-0.883166	24.3906	
0.999976	-0.000265421	0.00691574	-0.000260555	0.997112	0.0759431	-0.00691593	-0.0759431	0.997088	-0.0865042	-0.95884	25.4049	
0.999974	-0.000287961	0.00720574	-0.000282478	0.996872	0.0790386	-0.00720596	-0.0790386	0.996846	-0.0936864	-1.03766	26.419	
0.999972	-0.000311483	0.00749666	-0.000305333	0.996621	0.0821372	-0.00749691	-0.0821372	0.996593	-0.101164	-1.11963	27.4328	
0.99997	-0.000335992	0.00778848	-0.000329122	0.99636	0.0852388	-0.00778877	-0.0852388	0.99633	-0.108938	-1.20476	28.4464	
0.999967	-0.000361494	0.0080812	-0.00035385	0.99609	0.0883432	-0.00808154	-0.0883432	0.996057	-0.11701	-1.29304	29.4597	
0.999965	-0.000387997	0.00837481	-0.000379521	0.99581	0.0914503	-0.00837519	-0.0914503	0.995774	-0.125379	-1.38448	30.4727	
0.999962	-0.000415504	0.00866928	-0.000406139	0.995519	0.09456	-0.00866972	-0.0945599	0.995481	-0.134048	-1.47908	31.4854	
0.99996	-0.000444024	0.00896461	-0.000433708	0.995219	0.097672	-0.00896511	-0.0976719	0.995178	-0.143017	-1.57685	32.4978	
0.999957	-0.00047356	0.00926078	-0.000462231	0.994908	0.100786	-0.00926136	-0.100786	0.994865	-0.152287	-1.67778	33.51	
0.999954	-0.000504118	0.00955779	-0.000491712	0.994587	0.103903	-0.00955843	-0.103903	0.994542	-0.161858	-1.78188	34.5217	
0.999951	-0.000535705	0.00985561	-0.000522153	0.994257	0.107021	-0.00985634	-0.107021	0.994208	-0.171732	-1.88916	35.5332	
0.999948	-0.000568325	0.0101542	-0.000553559	0.993916	0.110141	-0.0101551	-0.110141	0.993864	-0.18191	-1.9996	36.5443	
0.999945	-0.000601983	0.0104537	-0.000585933	0.993565	0.113263	-0.0104546	-0.113263	0.99351	-0.192392	-2.11322	37.555	
0.999942	-0.000636684	0.0107539	-0.000619276	0.993204	0.116386	-0.0107549	-0.116386	0.993146	-0.203178	-2.23002	38.5654	
0.999939	-0.000672434	0.0110548	-0.000653593	0.992833	0.119511	-0.0110559	-0.11951	0.992771	-0.214271	-2.34999	39.5754	
0.999935	-0.000709236	0.0113565	-0.000688885	0.992451	0.122636	-0.0113578	-0.122636	0.992387	-0.22567	-2.47314	40.5851	
0.999932	-0.000747095	0.011659	-0.000725155	0.99206	0.125763	-0.0116604	-0.125763	0.991992	-0.237377	-2.59948	41.5943	
0.999928	-0.000786017	0.0119621	-0.000762406	0.991658	0.128891	-0.0119637	-0.128891	0.991587	-0.249392	-2.72899	42.6031	
0.999924	-0.000826004	0.012266	-0.00080064	0.991247	0.132019	-0.0122677	-0.132019	0.991171	-0.261716	-2.86169	43.6115	
0.999921	-0.000867062	0.0125706	-0.000839859	0.990825	0.135149	-0.0125724	-0.135148	0.990746	-0.274349	-2.99756	44.6195	
0.999917	-0.000909194	0.0128759	-0.000880065	0.990393	0.138278	-0.0128779	-0.138278	0.99031	-0.287293	-3.13662	45.627	
0.999913	-0.000952403	0.0131818	-0.00092126	0.989951	0.141408	-0.013184	-0.141408	0.989864	-0.300547	-3.27887	46.6341	
0.999909	-0.000996695	0.0134884	-0.000963445	0.989499	0.144538	-0.0134908	-0.144538	0.989407	-0.314114	-3.4243	47.6407	
0.999904	-0.00104207	0.0137956	-0.00100662	0.989036	0.147669	-0.0137982	-0.147668	0.988941	-0.327993	-3.57291	48.6469	
0.9999	-0.00108854	0.0141034	-0.00105079	0.988564	0.150799	-0.0141063	-0.150798	0.988464	-0.342184	-3.72471	49.6526	
0.999895	-0.00113609	0.0144119	-0.00109596	0.988081	0.153928	-0.014415	-0.153928	0.987977	-0.35669	-3.87968	50.6578	
0.999891	-0.00118474	0.0147209	-0.00114212	0.987589	0.157058	-0.0147243	-0.157057	0.98748	-0.37151	-4.03785	51.6625	
0.999886	-0.00123449	0.0150305	-0.00118928	0.987086	0.160187	-0.0150342	-0.160186	0.986972	-0.386645	-4.19919	52.6667	
0.999881	-0.00128534	0.0153407	-0.00123743	0.986573	0.163315	-0.0153447	-0.163314	0.986455	-0.402095	-4.36372	53.6703	
0.999877	-0.0013373	0.0156515	-0.00128658	0.98605	0.166442	-0.0156557	-0.166442	0.985927	-0.417861	-4.53143	54.6734	
0.999872	-0.00139035	0.0159628	-0.00133674	0.985517	0.169569	-0.0159673	-0.169568	0.985389	-0.433944	-4.70232	55.676	
0.999867	-0.00144452	0.0162746	-0.00138789	0.984975	0.172694	-0.0162795	-0.172693	0.984841	-0.450345	-4.87639	56.6781	
0.999861	-0.0014998	0.0165869	-0.00144004	0.984422	0.175818	-0.0165922	-0.175817	0.984283	-0.467063	-5.05364	57.6795	
0.999856	-0.00155618	0.0168997	-0.00149319	0.983859	0.17894	-0.0169054	-0.17894	0.983715	-0.484099	-5.23406	58.6804	
0.999851	-0.00161369	0.017213	-0.00154734	0.983286	0.182061	-0.0172191	-0.182061	0.983137	-0.501454	-5.41766	59.6807	
0.999845	-0.0016723	0.0175267	-0.00160248	0.982703	0.185181	-0.0175333	-0.18518	0.982548	-0.519129	-5.60444	60.6805	
0.999839	-0.00173204	0.0178409	-0.00165863	0.982111	0.188298	-0.0178479	-0.188297	0.98195	-0.537123	-5.79438	61.6796	
0.999834	-0.00179289	0.0181556	-0.00171577	0.981508	0.191414	-0.018163	-0.191413	0.981342	-0.555438	-5.9875	62.6781	
0.999828	-0.00185486	0.0184706	-0.00177392	0.980896	0.194527	-0.0184786	-0.194526	0.980723	-0.574073	-6.18378	63.6759	
0.999822	-0.00191795	0.0187861	-0.00183306	0.980273	0.197638	-0.0187945	-0.197637	0.980095	-0.59303	-6.38323	64.6732	
0.999843	-0.00168212	0.0176362	-0.00195318	0.978948	0.204102	-0.0176082	-0.204105	0.978791	-0.611544	-6.58755	65.6695	
0.999863	-0.00143898	0.0164891	-0.00206548	0.977579	0.210557	-0.0164224	-0.210563	0.977442	-0.628851	-6.79845	66.6644	
0.999882	-0.00118852	0.0153448	-0.00216993	0.976169	0.217003	-0.015237	-0.21701	0.97605	-0.644953	-7.0159	67.6579	
0.999899	-0.000930729	0.0142031	-0.00226655	0.974716	0.223438	-0.014052	-0.223447	0.974615	-0.659849	-7.23992	68.65	
0.999914	-0.000665596	0.013064	-0.00235533	0.97322	0.229862	-0.0128671	-0.229873	0.973136	-0.67354	-7.47047	69.6406	
0.999929	-0.000393105	0.0119272	-0.00243628	0.971683	0.236274	-0.0116823	-0.236286	0.971613	-0.686025	-7.70755	70.6297	
0.999996	0.00212325	0.00208061	-0.00258946	0.965912	0.258857	-0.00146007	-0.258861	0.965913	-0.69271	-7.95939	71.6151	
0.999958	0.0048682	-0.00770485	-0.00250434	0.959617	0.2813	0.00876312	-0.281269	0.959589	-0.688995	-8.23411	72.5944	
0.999817	0.00783999	-0.0174229	-0.00218097	0.952801	0.303588	0.0189806	-0.303495	0.952644	-0.674884	-8.53152	73.567	
0.999573	0.0110367	-0.0270672	-0.00161956	0.945469	0.325707	0.0291859	-0.325524	0.945083	-0.650386	-8.85145	74.5322	
0.999224	0.0144562	-0.0366315	-0.000820477	0.937627	0.347643	0.0393723	-0.347343	0.936911	-0.615517	-9.19368	75.4895	
0.998772	0.0180964	-0.0461097	0.000215769	0.929278	0.369381	0.0495332	-0.368938	0.928133	-0.570298	-9.55799	76.438	
0.998218	0.0219548	-0.0554957	0.0014885	0.920429	0.390908	0.0596621	-0.390293	0.918755	-0.51476	-9.94415	77.3774	
0.99756	0.026029	-0.0647833	0.00299691	0.911085	0.412209	0.0697524	-0.411397	0.908783	-0.448938	-10.3519	78.3069	
0.9968	0.0303164	-0.0739665	0.00474	0.901252	0.43327	0.0797976	-0.432234	0.898224	-0.372875	-10.781	79.226	
0.995938	0.0348141	-0.0830395	0.00671666	0.890936	0.454079	0.0897912	-0.452792	0.887083	-0.28662	-11.2311	80.134	
0.994975	0.0395193	-0.0919963	0.0089256	0.880145	0.474622	0.0997268	-0.473058	0.875369	-0.190228	-11.702	81.0304	
0.993911	0.0444289	-0.100831	0.0113654	0.868885	0.494884	0.109598	-0.493017	0.863089	-0.0837632	-12.1934	81.9146	
0.992747	0.0495398	-0.109538	0.0140345	0.857163	0.514854	0.119398	-0.512658	0.850251	0.0327072	-12.7049	82.786	
0.991484	0.0548486	-0.118112	0.0169311	0.844987	0.534519	0.129121	-0.531967	0.836863	0.159107	-13.2362	83.6441	
0.990123	0.0603519	-0.126548	0.0200534	0.832365	0.553865	0.138761	-0.550932	0.822934	0.295355	-13.787	84.4883	
0.988664	0.0660462	-0.134838	0.0233994	0.819306	0.572879	0.14831	-0.56954	0.808472	0.441364	-14.3568	85.3181	
0.987109	0.0719277	-0.14298	0.0269669	0.805816	0.591551	0.157764	-0.587781	0.793488	0.597037	-14.9455	86.1329	
0.985457	0.0779927	-0.150966	0.0307536	0.791906	0.609868	0.167116	-0.605642	0.777991	0.762276	-15.5525	86.9321	
0.983712	0.0842373	-0.158792	0.034757	0.777584	0.627817	0.17636	-0.62311	0.761991	0.936972	-16.1774	87.7154	
0.981873	0.0906573	-0.166453	0.0389745	0.76286	0.645388	0.18549	-0.640176	0.745498	1.12101	-16.8199	88.4821	
0.979942	0.0972487	-0.173944	0.0434035	0.747743	0.662568	0.1945	-0.656828	0.728523	1.31428	-17.4796	89.2318	
0.97792	0.104007	-0.18126	0.0480411	0.732242	0.679348	0.203384	-0.673056	0.711077	1.51665	-18.156	89.964	
0.975808	0.110928	-0.188397	0.0528842	0.716368	0.695715	0.212136	-0.688848	0.693172	1.72799	-18.8487	90.6782	
0.973608	0.118008	-0.195349	0.0579298	0.700132	0.71166	0.220752	-0.704194	0.674818	1.94816	-19.5572	91.374	
0.971321	0.125241	-0.202112	0.0631745	0.683542	0.727172	0.229224	-0.719086	0.656027	2.17702	-20.2811	92.0509	
0.968949	0.132623	-0.208683	0.068615	0.666612	0.74224	0.237549	-0.733512	0.636813	2.41443	-21.0199	92.7085	
0.966493	0.14015	-0.215055	0.0742478	0.64935	0.756857	0.245719	-0.747464	0.617187	2.66023	-21.7732	93.3463	
0.963955	0.147815	-0.221227	0.0800692	0.631769	0.771011	0.253731	-0.760933	0.597161	2.91426	-22.5404	93.9639	
0.961336	0.155615	-0.227193	0.0860754	0.613879	0.784693	0.261579	-0.77391	0.57675	3.17635	-23.321	94.561	
