1	0	0	0	1	0	0	0	1	0	0	0	
0.999993	3.03647e-06	-0.00380077	3.03647e-06	0.999999	0.00159782	0.00380077	-0.00159782	0.999992	0.00205395	-0.000863467	1.08081	
0.999971	1.21766e-05	-0.00761091	1.21776e-05	0.999995	0.00319984	0.00761091	-0.00319984	0.999966	0.00822088	-0.00345614	2.16159	
0.999935	2.74658e-05	-0.0114302	2.74699e-05	0.999988	0.004806	0.0114302	-0.004806	0.999923	0.0185108	-0.00778254	3.24234	
0.999884	4.8949e-05	-0.0152585	4.89593e-05	0.999979	0.00641619	0.0152585	-0.00641619	0.999863	0.0329335	-0.0138471	4.32304	
0.999818	7.66699e-05	-0.0190956	7.66905e-05	0.999968	0.00803034	0.0190956	-0.00803034	0.999785	0.0514987	-0.021654	5.40365	
0.999737	0.000110672	-0.0229412	0.000110708	0.999953	0.00964836	0.0229412	-0.00964836	0.99969	0.0742155	-0.0312077	6.48418	
0.999641	0.000150996	-0.0267951	0.000151054	0.999936	0.0112702	0.0267951	-0.0112702	0.999577	0.101093	-0.0425122	7.5646	
0.99953	0.000197684	-0.0306572	0.000197771	0.999917	0.0128957	0.0306572	-0.0128957	0.999447	0.132141	-0.0555715	8.64488	
0.999404	0.000250776	-0.0345273	0.000250901	0.999894	0.0145248	0.0345273	-0.0145248	0.999298	0.167367	-0.0703896	9.72501	
0.999262	0.000310312	-0.038405	0.000310483	0.999869	0.0161574	0.038405	-0.0161574	0.999132	0.20678	-0.0869704	10.805	
0.999105	0.00037633	-0.0422903	0.000376559	0.999842	0.0177935	0.0422903	-0.0177935	0.998947	0.250388	-0.105318	11.8847	
0.998933	0.000448867	-0.0461829	0.000449165	0.999811	0.0194329	0.0461829	-0.0194329	0.998744	0.298199	-0.125435	12.9643	
0.998745	0.00052796	-0.0500826	0.000528341	0.999778	0.0210756	0.0500826	-0.0210756	0.998523	0.350222	-0.147326	14.0436	
0.998541	0.000613646	-0.0539891	0.000614122	0.999742	0.0227215	0.0539891	-0.0227215	0.998283	0.406462	-0.170994	15.1227	
0.998322	0.000705958	-0.0579024	0.000706546	0.999703	0.0243705	0.0579024	-0.0243705	0.998025	0.466929	-0.196443	16.2015	
0.998087	0.000804931	-0.0618221	0.000805646	0.999661	0.0260224	0.0618221	-0.0260224	0.997748	0.531629	-0.223676	17.2801	
0.997836	0.000910597	-0.0657482	0.000911457	0.999616	0.0276773	0.0657481	-0.0276773	0.997452	0.600568	-0.252695	18.3583	
0.997569	0.00102299	-0.0696802	0.00102401	0.999569	0.029335	0.0696802	-0.0293351	0.997138	0.673755	-0.283505	19.4362	
0.997286	0.00114214	-0.0736181	0.00114335	0.999519	0.0309955	0.0736181	-0.0309956	0.996805	0.751194	-0.316108	20.5137	
0.996987	0.00126808	-0.0775617	0.00126949	0.999466	0.0326586	0.0775617	-0.0326587	0.996453	0.832892	-0.350507	21.5909	
0.996671	0.00140083	-0.0815107	0.00140247	0.99941	0.0343243	0.0815107	-0.0343244	0.996081	0.918855	-0.386705	22.6676	
0.99634	0.00154043	-0.0854649	0.00154231	0.999351	0.0359925	0.0854649	-0.0359926	0.995691	1.00909	-0.424705	23.744	
0.995992	0.0016869	-0.0894242	0.00168906	0.999289	0.0376631	0.0894241	-0.0376632	0.995281	1.1036	-0.464509	24.8199	
0.995628	0.00184027	-0.0933882	0.00184273	0.999224	0.039336	0.0933882	-0.0393361	0.994852	1.20239	-0.506119	25.8954	
0.995248	0.00200057	-0.0973569	0.00200335	0.999157	0.0410111	0.0973568	-0.0410112	0.994404	1.30547	-0.549539	26.9704	
0.994851	0.00216781	-0.10133	0.00217095	0.999086	0.0426883	0.10133	-0.0426884	0.993937	1.41284	-0.594771	28.0449	
0.994437	0.00234203	-0.105307	0.00234555	0.999013	0.0443676	0.105307	-0.0443678	0.99345	1.52451	-0.641817	29.1189	
0.994007	0.00252325	-0.109288	0.00252718	0.998936	0.0460488	0.109288	-0.046049	0.992943	1.64048	-0.690678	30.1924	
0.99356	0.00271149	-0.113273	0.00271586	0.998856	0.0477319	0.113273	-0.0477322	0.992417	1.76075	-0.741358	31.2653	
0.993097	0.00290676	-0.117262	0.00291161	0.998774	0.0494168	0.117262	-0.0494171	0.991871	1.88534	-0.793858	32.3376	
0.992617	0.0031091	-0.121254	0.00311446	0.998689	0.0511034	0.121254	-0.0511037	0.991305	2.01423	-0.84818	33.4093	
0.99212	0.00331851	-0.125249	0.00332441	0.9986	0.0527916	0.125249	-0.052792	0.99072	2.14744	-0.904326	34.4804	
0.991606	0.00353502	-0.129247	0.00354151	0.998509	0.0544813	0.129247	-0.0544818	0.990115	2.28497	-0.962297	35.5509	
0.991076	0.00375865	-0.133247	0.00376575	0.998414	0.0561725	0.133247	-0.056173	0.98949	2.42682	-1.0221	36.6206	
0.990528	0.00398941	-0.137251	0.00399717	0.998316	0.057865	0.13725	-0.0578655	0.988845	2.573	-1.08372	37.6897	
0.989964	0.00422732	-0.141256	0.00423577	0.998216	0.0595588	0.141256	-0.0595594	0.98818	2.72351	-1.14718	38.7581	
0.989383	0.00447239	-0.145264	0.00448158	0.998112	0.0612537	0.145263	-0.0612544	0.987495	2.87835	-1.21247	39.8258	
0.988785	0.00472463	-0.149273	0.00473461	0.998005	0.0629497	0.149273	-0.0629505	0.98679	3.03751	-1.27959	40.8927	
0.98817	0.00498406	-0.153284	0.00499486	0.997896	0.0646468	0.153284	-0.0646476	0.986065	3.20102	-1.34854	41.9589	
0.987537	0.0052507	-0.157297	0.00526236	0.997783	0.0663447	0.157297	-0.0663456	0.98532	3.36886	-1.41933	43.0242	
0.986888	0.00552454	-0.161311	0.00553712	0.997667	0.0680435	0.161311	-0.0680445	0.984555	3.54103	-1.49196	44.0887	
0.986222	0.00580561	-0.165326	0.00581915	0.997548	0.069743	0.165326	-0.0697441	0.98377	3.71755	-1.56642	45.1524	
0.985538	0.00609391	-0.169342	0.00610845	0.997426	0.0714431	0.169342	-0.0714444	0.982964	3.89841	-1.64272	46.2153	
0.984838	0.00638944	-0.173359	0.00640505	0.997301	0.0731439	0.173358	-0.0731452	0.982139	4.0836	-1.72086	47.2772	
0.98412	0.00669223	-0.177376	0.00670894	0.997173	0.0748451	0.177375	-0.0748466	0.981293	4.27314	-1.80083	48.3383	
0.983386	0.00700226	-0.181393	0.00702013	0.997041	0.0765467	0.181392	-0.0765483	0.980427	4.46702	-1.88265	49.3984	
0.982634	0.00731956	-0.185411	0.00733864	0.996907	0.0782486	0.18541	-0.0782504	0.979541	4.66524	-1.9663	50.4576	
0.981865	0.00764411	-0.189428	0.00766446	0.996769	0.0799507	0.189427	-0.0799526	0.978634	4.86781	-2.05179	51.5158	
0.981079	0.00797594	-0.193445	0.00799761	0.996629	0.081653	0.193444	-0.0816551	0.977707	5.07471	-2.13913	52.573	
0.980275	0.00831503	-0.197461	0.00833808	0.996485	0.0833553	0.19746	-0.0833576	0.97676	5.28596	-2.2283	53.6292	
0.979455	0.00866139	-0.201477	0.00868588	0.996338	0.0850575	0.201476	-0.08506	0.975793	5.50154	-2.31931	54.6844	
0.978617	0.00901503	-0.205491	0.00904101	0.996188	0.0867597	0.20549	-0.0867624	0.974806	5.72147	-2.41217	55.7385	
0.977763	0.00937594	-0.209505	0.00940347	0.996035	0.0884616	0.209503	-0.0884646	0.973798	5.94574	-2.50686	56.7915	
0.976891	0.00974412	-0.213517	0.00977326	0.995879	0.0901633	0.213515	-0.0901664	0.97277	6.17434	-2.60339	57.8434	
0.976002	0.0101196	-0.217527	0.0101504	0.99572	0.0918645	0.217526	-0.0918679	0.971722	6.40727	-2.70177	58.8943	
0.975096	0.0105023	-0.221536	0.0105348	0.995557	0.0935654	0.221535	-0.093569	0.970653	6.64454	-2.80198	59.9439	
0.974172	0.0108923	-0.225543	0.0109266	0.995392	0.0952656	0.225541	-0.0952695	0.969564	6.88615	-2.90403	60.9924	
0.973232	0.0112895	-0.229548	0.0113257	0.995223	0.0969652	0.229546	-0.0969695	0.968455	7.13208	-3.00791	62.0397	
0.972274	0.011694	-0.23355	0.0117322	0.995052	0.0986642	0.233548	-0.0986687	0.967326	7.38234	-3.11364	63.0858	
0.9713	0.0121057	-0.23755	0.0121459	0.994877	0.100362	0.237548	-0.100367	0.966177	7.63692	-3.2212	64.1307	
0.970308	0.0125247	-0.241547	0.012567	0.994699	0.102059	0.241545	-0.102065	0.965007	7.89582	-3.33059	65.1743	
0.9693	0.0129509	-0.245541	0.0129953	0.994518	0.103756	0.245538	-0.103761	0.963818	8.15904	-3.44182	66.2167	
0.968274	0.0133843	-0.249532	0.013431	0.994334	0.105451	0.249529	-0.105457	0.962608	8.42658	-3.55488	67.2577	
0.967232	0.013825	-0.253519	0.0138739	0.994147	0.107145	0.253517	-0.107151	0.961378	8.69843	-3.66978	68.2975	
0.966172	0.0142728	-0.257503	0.0143241	0.993956	0.108838	0.257501	-0.108845	0.960128	8.97459	-3.7865	69.3359	
0.965096	0.0147279	-0.261484	0.0147816	0.993763	0.110529	0.261481	-0.110537	0.958858	9.25505	-3.90506	70.3729	
0.971758	0.0118049	-0.235684	0.0139399	0.994132	0.10727	0.235567	-0.107526	0.965891	9.52367	-4.02291	71.4131	
0.977724	0.00896365	-0.209704	0.0131862	0.994491	0.103988	0.209481	-0.104437	0.972219	9.76419	-4.13746	72.4605	
0.982988	0.00620625	-0.183565	0.0125212	0.994839	0.100686	0.183243	-0.101272	0.977838	9.97643	-4.24863	73.5144	
0.987547	0.0035347	-0.157285	0.0119453	0.995177	0.097366	0.15687	-0.0980323	0.982742	10.1602	-4.35634	74.574	
0.991397	0.000950958	-0.130883	0.0114589	0.995503	0.0940306	0.130383	-0.0947215	0.986929	10.3155	-4.46052	75.6385	
0.994537	-0.0015431	-0.104378	0.0110623	0.995818	0.0906823	0.103801	-0.0913415	0.990395	10.442	-4.56107	76.7071	
0.996962	-0.00394566	-0.0777897	0.0107559	0.996122	0.0873235	0.0771435	-0.0878949	0.993138	10.5398	-4.65794	77.7791	
0.998672	-0.00625495	-0.0511378	0.0105399	0.996414	0.0839565	0.0504293	-0.084384	0.995156	10.6088	-4.75104	78.8536	
0.999665	-0.00846929	-0.0244416	0.0104144	0.996693	0.080584	0.0236783	-0.0808116	0.996448	10.6488	-4.84032	79.9299	
0.999941	-0.0105871	0.00227953	0.0103795	0.996961	0.0772084	-0.00309002	-0.0771802	0.997012	10.66	-4.92571	81.0073	
0.9995	-0.0126068	0.029006	0.0104353	0.997216	0.073832	-0.029856	-0.0734924	0.996849	10.6422	-5.00713	82.0848	
0.998341	-0.0145268	0.0557184	0.0105817	0.997459	0.0704575	-0.0566003	-0.069751	0.995957	10.5954	-5.08455	83.1618	
0.996466	-0.0163459	0.0823971	0.0108186	0.997688	0.0670872	-0.0833032	-0.0659586	0.994339	10.5198	-5.15789	84.2374	
0.993875	-0.0180627	0.109023	0.0111459	0.997905	0.0637236	-0.109945	-0.0621181	0.991995	10.4154	-5.22711	85.3109	
0.990572	-0.019676	0.135576	0.0115632	0.998109	0.0603691	-0.136507	-0.0582323	0.988926	10.2822	-5.29215	86.3815	
0.986557	-0.0211844	0.162037	0.0120703	0.9983	0.0570263	-0.162969	-0.0543039	0.985136	10.1203	-5.35297	87.4484	
0.981835	-0.0225871	0.188387	0.0126669	0.998477	0.0536976	-0.189313	-0.0503359	0.980626	9.92995	-5.40952	88.5107	
0.976409	-0.0238828	0.214606	0.0133524	0.998641	0.0503853	-0.215518	-0.0463311	0.9754	9.71117	-5.46176	89.5678	
0.970282	-0.0250708	0.240676	0.0141264	0.998791	0.0470919	-0.241565	-0.0422926	0.969463	9.46414	-5.50966	90.6189	
0.963459	-0.02615	0.266577	0.0149883	0.998927	0.0438199	-0.267436	-0.0382231	0.962817	9.18906	-5.55317	91.6632	
0.955945	-0.0271198	0.29229	0.0159375	0.99905	0.0405715	-0.293113	-0.0341258	0.955469	8.88612	-5.59227	92.6999	
0.947746	-0.0279794	0.317797	0.0169733	0.999158	0.0373492	-0.318575	-0.0300035	0.947423	8.55554	-5.62693	93.7283	
0.938867	-0.0287282	0.343079	0.018095	0.999253	0.0341553	-0.343804	-0.0258593	0.938685	8.19757	-5.65712	94.7476	
0.929315	-0.0293657	0.368118	0.0193017	0.999333	0.0309922	-0.368783	-0.0216962	0.929262	7.81246	-5.68282	95.7571	
0.919097	-0.0298913	0.392895	0.0205925	0.9994	0.0278622	-0.393492	-0.0175174	0.919161	7.4005	-5.70401	96.7561	
0.908221	-0.0303048	0.417392	0.0219665	0.999452	0.0247674	-0.417914	-0.0133257	0.908389	6.96198	-5.72068	97.7438	
0.896694	-0.0306057	0.441592	0.0234227	0.99949	0.0217103	-0.442031	-0.00912426	0.896953	6.49724	-5.73281	98.7194	
0.884525	-0.0307939	0.465476	0.02496	0.999514	0.0186931	-0.465825	-0.00491619	0.884863	6.0066	-5.7404	99.6824	
0.871722	-0.0308692	0.489027	0.0265774	0.999523	0.0157178	-0.489279	-0.00070453	0.872127	5.49043	-5.74344	100.632	
0.858296	-0.0308317	0.512229	0.0282735	0.999518	0.0127868	-0.512376	0.00350765	0.858754	4.94909	-5.74192	101.567	
0.844255	-0.0306812	0.535063	0.0300473	0.999499	0.00990215	-0.535099	0.00771726	0.844754	4.383	-5.73586	102.488	
0.82961	-0.030418	0.557514	0.0318973	0.999466	0.00706594	-0.557431	0.0119212	0.830138	3.79256	-5.72525	103.393	
0.814372	-0.0300421	0.579565	0.0338223	0.999419	0.00428026	-0.579357	0.0161165	0.814915	3.17819	-5.71009	104.282	
