1	0	0	0	1	0	0	0	1	0	0	0	
0.999986	2.30645e-06	0.00525337	2.30645e-06	1	-0.000878077	-0.00525337	0.000878077	0.999986	-0.00260679	0.000435713	0.99242	
0.999945	9.23656e-06	0.0105077	9.25421e-06	0.999998	-0.00175968	-0.0105077	0.00175968	0.999943	-0.0104277	0.0017446	1.98481	
0.999876	2.08107e-05	0.0157629	2.08813e-05	0.999997	-0.00264478	-0.0157629	0.00264478	0.999872	-0.0234635	0.00393015	2.97715	
0.999779	3.70491e-05	0.0210187	3.72257e-05	0.999994	-0.00353334	-0.0210187	0.00353334	0.999773	-0.041715	0.00699582	3.9694	
0.999655	5.79715e-05	0.0262749	5.83248e-05	0.99999	-0.00442534	-0.0262749	0.00442535	0.999645	-0.0651828	0.010945	4.96153	
0.999503	8.35978e-05	0.0315314	8.42162e-05	0.999986	-0.00532075	-0.0315314	0.00532076	0.999489	-0.0938671	0.0157812	5.95353	
0.999323	0.000113947	0.036788	0.000114937	0.999981	-0.00621954	-0.036788	0.00621956	0.999304	-0.127768	0.0215076	6.94536	
0.999116	0.000149039	0.0420444	0.000150524	0.999975	-0.00712167	-0.0420444	0.0071217	0.99909	-0.166886	0.0281278	7.93699	
0.998881	0.000188893	0.0473006	0.000191015	0.999968	-0.00802712	-0.0473006	0.00802717	0.998848	-0.21122	0.0356448	8.92839	
0.998618	0.000233527	0.0525563	0.000236445	0.99996	-0.00893585	-0.0525563	0.00893593	0.998578	-0.26077	0.0440621	9.91954	
0.998327	0.000282959	0.0578113	0.000286851	0.999951	-0.00984784	-0.0578113	0.00984795	0.998279	-0.315536	0.053383	10.9104	
0.998009	0.000337209	0.0630655	0.000342269	0.999942	-0.010763	-0.0630654	0.0107632	0.997951	-0.375517	0.0636105	11.901	
0.997663	0.000396293	0.0683186	0.000402734	0.999932	-0.0116814	-0.0683186	0.0116817	0.997595	-0.440711	0.0747479	12.8912	
0.99729	0.000460231	0.0735706	0.000468284	0.99992	-0.012603	-0.0735705	0.0126033	0.99721	-0.511118	0.0867984	13.881	
0.996889	0.000529039	0.0788211	0.000538951	0.999908	-0.0135277	-0.078821	0.013528	0.996797	-0.586737	0.0997652	14.8705	
0.99646	0.000602735	0.0840701	0.000614773	0.999895	-0.0144554	-0.08407	0.0144559	0.996355	-0.667566	0.113651	15.8595	
0.996003	0.000681336	0.0893173	0.000695783	0.999881	-0.0153862	-0.0893172	0.0153869	0.995884	-0.753603	0.12846	16.8481	
0.995519	0.000764859	0.0945626	0.000782017	0.999867	-0.0163201	-0.0945625	0.0163209	0.995385	-0.844846	0.144193	17.8362	
0.995007	0.00085332	0.0998058	0.000873508	0.999851	-0.0172569	-0.0998056	0.0172579	0.994857	-0.941295	0.160856	18.8238	
0.994467	0.000946736	0.105047	0.00097029	0.999834	-0.0181967	-0.105046	0.0181979	0.994301	-1.04294	0.178449	19.8108	
0.993899	0.00104512	0.110285	0.0010724	0.999816	-0.0191394	-0.110285	0.0191409	0.993716	-1.1498	0.196977	20.7973	
0.993304	0.0011485	0.115521	0.00117986	0.999798	-0.020085	-0.11552	0.0200868	0.993102	-1.26184	0.216443	21.7832	
0.992682	0.00125687	0.120754	0.00129272	0.999778	-0.0210334	-0.120753	0.0210356	0.99246	-1.37908	0.236848	22.7684	
0.992031	0.00137027	0.125984	0.00141101	0.999757	-0.0219846	-0.125983	0.0219872	0.991789	-1.50152	0.258197	23.7531	
0.991353	0.0014887	0.13121	0.00153475	0.999736	-0.0229386	-0.13121	0.0229417	0.991089	-1.62914	0.280491	24.737	
0.990648	0.00161217	0.136433	0.00166398	0.999713	-0.0238954	-0.136433	0.023899	0.990361	-1.76195	0.303734	25.7202	
0.989915	0.00174071	0.141653	0.00179874	0.999689	-0.0248549	-0.141652	0.024859	0.989604	-1.89994	0.327928	26.7027	
0.989154	0.00187433	0.146869	0.00193905	0.999665	-0.025817	-0.146868	0.0258218	0.988819	-2.04311	0.353077	27.6844	
0.988366	0.00201303	0.152081	0.00208495	0.999639	-0.0267817	-0.15208	0.0267872	0.988005	-2.19145	0.379182	28.6653	
0.98755	0.00215685	0.157289	0.00223646	0.999612	-0.0277491	-0.157288	0.0277554	0.987163	-2.34496	0.406247	29.6454	
0.986707	0.00230578	0.162493	0.00239362	0.999585	-0.028719	-0.162491	0.0287262	0.986292	-2.50364	0.434274	30.6247	
0.985836	0.00245984	0.167692	0.00255647	0.999556	-0.0296914	-0.167691	0.0296996	0.985392	-2.66748	0.463265	31.6031	
0.984938	0.00261906	0.172887	0.00272502	0.999526	-0.0306663	-0.172885	0.0306755	0.984464	-2.83648	0.493224	32.5805	
0.984013	0.00278342	0.178076	0.00289931	0.999495	-0.0316436	-0.178074	0.031654	0.983508	-3.01063	0.524153	33.5571	
0.98306	0.00295297	0.183261	0.00307937	0.999463	-0.0326233	-0.183259	0.032635	0.982523	-3.18993	0.556054	34.5326	
0.98208	0.00312769	0.188441	0.00326524	0.99943	-0.0336054	-0.188438	0.0336185	0.981509	-3.37437	0.58893	35.5072	
0.981072	0.00330761	0.193615	0.00345693	0.999396	-0.0345898	-0.193612	0.0346044	0.980468	-3.56395	0.622783	36.4808	
0.980037	0.00349274	0.198784	0.00365448	0.99936	-0.0355765	-0.198781	0.0355928	0.979397	-3.75866	0.657616	37.4533	
0.978975	0.00368309	0.203947	0.00385791	0.999324	-0.0365655	-0.203943	0.0365835	0.978299	-3.95849	0.693431	38.4247	
0.977886	0.00387867	0.209104	0.00406726	0.999286	-0.0375566	-0.2091	0.0375765	0.977172	-4.16345	0.73023	39.3951	
0.976769	0.00407949	0.214255	0.00428256	0.999248	-0.0385499	-0.214251	0.0385719	0.976017	-4.37352	0.768016	40.3643	
0.975626	0.00428557	0.2194	0.00450382	0.999208	-0.0395453	-0.219395	0.0395695	0.974833	-4.58871	0.80679	41.3323	
0.974455	0.00449691	0.224538	0.00473108	0.999167	-0.0405428	-0.224533	0.0405694	0.973622	-4.80899	0.846556	42.2991	
0.973257	0.00471353	0.22967	0.00496437	0.999124	-0.0415423	-0.229665	0.0415715	0.972382	-5.03437	0.887316	43.2648	
0.972032	0.00493543	0.234795	0.00520371	0.999081	-0.0425438	-0.234789	0.0425758	0.971113	-5.26484	0.929071	44.2292	
0.970781	0.00516263	0.239913	0.00544913	0.999037	-0.0435473	-0.239907	0.0435822	0.969817	-5.50039	0.971824	45.1923	
0.969502	0.00539513	0.245024	0.00570065	0.998991	-0.0445526	-0.245017	0.0445907	0.968493	-5.74101	1.01558	46.1541	
0.968196	0.00563294	0.250128	0.00595831	0.998944	-0.0455599	-0.250121	0.0456013	0.96714	-5.98671	1.06033	47.1146	
0.966864	0.00587608	0.255224	0.00622212	0.998896	-0.0465689	-0.255216	0.0466139	0.96576	-6.23746	1.10609	48.0737	
0.965505	0.00612455	0.260313	0.00649211	0.998846	-0.0475798	-0.260304	0.0476285	0.964351	-6.49327	1.15285	49.0315	
0.964119	0.00637836	0.265394	0.0067683	0.998796	-0.0485924	-0.265384	0.0486451	0.962915	-6.75412	1.20063	49.9878	
0.962706	0.00663753	0.270467	0.00705073	0.998744	-0.0496067	-0.270457	0.0496636	0.96145	-7.02001	1.24941	50.9427	
0.961267	0.00690204	0.275532	0.00733941	0.998691	-0.0506226	-0.275521	0.0506841	0.959958	-7.29094	1.2992	51.8961	
0.959801	0.00717193	0.280589	0.00763437	0.998637	-0.0516401	-0.280576	0.0517064	0.958438	-7.56688	1.35001	52.8481	
0.958309	0.00744718	0.285637	0.00793563	0.998581	-0.0526592	-0.285624	0.0527305	0.95689	-7.84783	1.40183	53.7985	
0.95679	0.00772782	0.290676	0.00824322	0.998524	-0.0536798	-0.290662	0.0537565	0.955315	-8.1338	1.45467	54.7473	
0.955245	0.00801385	0.295707	0.00855715	0.998466	-0.0547019	-0.295692	0.0547842	0.953711	-8.42475	1.50853	55.6946	
0.953674	0.00830527	0.300728	0.00887746	0.998407	-0.0557255	-0.300712	0.0558136	0.95208	-8.72069	1.56341	56.6403	
0.952076	0.00860209	0.305741	0.00920415	0.998346	-0.0567504	-0.305723	0.0568447	0.950422	-9.02162	1.61931	57.5843	
0.950452	0.00890431	0.310744	0.00953726	0.998284	-0.0577766	-0.310725	0.0578775	0.948736	-9.32751	1.67624	58.5267	
0.948802	0.00921196	0.315738	0.0098768	0.998221	-0.0588041	-0.315718	0.0589119	0.947023	-9.63836	1.73419	59.4674	
0.947125	0.00952502	0.320722	0.0102228	0.998156	-0.0598329	-0.3207	0.0599479	0.945282	-9.95416	1.79317	60.4064	
0.945423	0.0098435	0.325696	0.0105753	0.99809	-0.0608629	-0.325673	0.0609855	0.943513	-10.2749	1.85318	61.3437	
0.944395	0.0100415	0.32866	0.0119038	0.997834	-0.0646919	-0.328598	0.065007	0.94223	-10.5996	1.9157	62.2794	
0.943357	0.0102524	0.331622	0.0132459	0.997562	-0.0685207	-0.331516	0.069032	0.940921	-10.9271	1.98221	63.2138	
0.942308	0.010476	0.334582	0.0146015	0.997273	-0.0723486	-0.334428	0.0730601	0.939585	-11.2576	2.05272	64.147	
0.94125	0.0107125	0.33754	0.0159704	0.996967	-0.0761752	-0.337332	0.0770906	0.938224	-11.5909	2.12723	65.0788	
0.940183	0.0109618	0.340495	0.0173525	0.996644	-0.0799999	-0.340229	0.0811229	0.936837	-11.9271	2.20574	66.0092	
0.939106	0.0112239	0.343446	0.0187475	0.996304	-0.083822	-0.343117	0.0851565	0.935425	-12.2662	2.28825	66.9382	
0.938019	0.0114988	0.346392	0.0201553	0.995948	-0.0876411	-0.345997	0.0891906	0.933987	-12.6081	2.37476	67.8659	
0.936924	0.0117863	0.349335	0.0215757	0.995575	-0.0914565	-0.348867	0.0932249	0.932524	-12.9529	2.46528	68.792	
0.93582	0.0120865	0.352272	0.0230085	0.995186	-0.0952677	-0.351727	0.0972586	0.931036	-13.3006	2.5598	69.7168	
0.940766	0.0105455	0.338893	0.0299866	0.993012	-0.114143	-0.337728	0.117544	0.933875	-13.6427	2.66639	70.6422	
0.94551	0.0087139	0.325477	0.0366792	0.990428	-0.133069	-0.323521	0.137757	0.93614	-13.9709	2.79308	71.5702	
0.950049	0.0065929	0.312032	0.0430822	0.987436	-0.152036	-0.309114	0.157885	0.937828	-14.2848	2.93979	72.5001	
0.954379	0.00418379	0.298568	0.0491916	0.984037	-0.171031	-0.294518	0.177916	0.938938	-14.5843	3.10642	73.4314	
0.958499	0.00148806	0.285092	0.0550038	0.980234	-0.190043	-0.27974	0.197837	0.939471	-14.8693	3.29289	74.3636	
0.962406	-0.00149265	0.271612	0.060515	0.976029	-0.20906	-0.264789	0.217637	0.939426	-15.1395	3.49906	75.2959	
0.966096	-0.00475648	0.258137	0.065722	0.971424	-0.228069	-0.249676	0.237302	0.938802	-15.3948	3.72482	76.228	
0.969569	-0.00830144	0.244676	0.0706215	0.966423	-0.247061	-0.234409	0.256822	0.937601	-15.635	3.97002	77.1591	
0.972822	-0.0121253	0.231235	0.0752105	0.961028	-0.266022	-0.218998	0.276183	0.935822	-15.86	4.23452	78.0888	
0.975853	-0.0162258	0.217825	0.0794862	0.955244	-0.284941	-0.203452	0.295375	0.933467	-16.0697	4.51815	79.0164	
0.97866	-0.0206004	0.204452	0.0834459	0.949072	-0.303807	-0.187781	0.314385	0.930538	-16.2638	4.82073	79.9414	
0.981241	-0.0252463	0.191125	0.0870873	0.942518	-0.322608	-0.171994	0.333201	0.927036	-16.4424	5.14209	80.8632	
0.983595	-0.0301607	0.177853	0.090408	0.935585	-0.341332	-0.156102	0.351812	0.922963	-16.6052	5.48202	81.7812	
0.98572	-0.0353407	0.164643	0.093406	0.928277	-0.359968	-0.140113	0.370206	0.918322	-16.7522	5.84031	82.695	
0.987615	-0.0407829	0.151504	0.0960795	0.920599	-0.378504	-0.124038	0.388373	0.913116	-16.8832	6.21675	83.6038	
0.989279	-0.046484	0.138444	0.0984269	0.912556	-0.396929	-0.107887	0.406301	0.907348	-16.9983	6.61109	84.5072	
0.99071	-0.0524407	0.12547	0.100447	0.904153	-0.415232	-0.0916689	0.423978	0.901021	-17.0974	7.02311	85.4045	
0.991909	-0.058649	0.112591	0.102137	0.895394	-0.433401	-0.0753948	0.441395	0.89414	-17.1803	7.45254	86.2954	
0.992874	-0.0651054	0.0998148	0.103498	0.886286	-0.451426	-0.0590742	0.458539	0.886708	-17.247	7.89912	87.1791	
0.993604	-0.0718057	0.0871491	0.104529	0.876833	-0.469294	-0.0427173	0.475402	0.878731	-17.2975	8.36258	88.0552	
0.994099	-0.0787458	0.0746018	0.105228	0.867043	-0.486995	-0.0263341	0.491972	0.870213	-17.3318	8.84262	88.9231	
0.99436	-0.0859216	0.0621805	0.105595	0.856919	-0.504519	-0.00993466	0.508239	0.861159	-17.3498	9.33897	89.7822	
0.994384	-0.0933285	0.049893	0.10563	0.84647	-0.521854	0.00647088	0.524193	0.851575	-17.3515	9.8513	90.6322	
0.994174	-0.100962	0.0377467	0.105333	0.835701	-0.538989	0.0228724	0.539825	0.841467	-17.3369	10.3793	91.4723	
0.993728	-0.108817	0.0257492	0.104704	0.824619	-0.555915	0.0392599	0.555124	0.83084	-17.3061	10.9227	92.3022	
0.993047	-0.11689	0.0139079	0.103744	0.81323	-0.57262	0.0556232	0.570082	0.819703	-17.259	11.481	93.1212	
0.992132	-0.125174	0.00222991	0.102452	0.801543	-0.589095	0.0719523	0.584689	0.808061	-17.1957	12.0541	93.929	
