1	0	0	0	1	0	0	0	1	0	0	0	
0.999997	-1.32164e-06	-0.00225752	-1.32164e-06	0.999999	-0.00117087	0.00225752	0.00117087	0.999997	0.00097655	0.000506492	0.865151	
0.99999	-5.30059e-06	-0.0045215	-5.29834e-06	0.999997	-0.0023441	0.0045215	0.0023441	0.999987	0.00390899	0.00202699	1.7303	
0.999977	-1.19571e-05	-0.00679186	-1.19481e-05	0.999994	-0.00351963	0.00679186	0.00351963	0.999971	0.00880289	0.0045635	2.59543	
0.999959	-2.13112e-05	-0.00906852	-2.12886e-05	0.999989	-0.00469743	0.00906852	0.00469743	0.999948	0.0156637	0.008118	3.46055	
0.999936	-3.33826e-05	-0.0113514	-3.33372e-05	0.999983	-0.00587743	0.0113514	0.00587743	0.999918	0.0244969	0.0126924	4.32564	
0.999907	-4.81905e-05	-0.0136404	-4.8111e-05	0.999975	-0.00705961	0.0136404	0.00705961	0.999882	0.0353077	0.0182887	5.19071	
0.999873	-6.57542e-05	-0.0159355	-6.56267e-05	0.999966	-0.0082439	0.0159355	0.0082439	0.999839	0.0481015	0.0249086	6.05574	
0.999834	-8.60925e-05	-0.0182365	-8.59007e-05	0.999956	-0.00943027	0.0182365	0.00943026	0.999789	0.0628835	0.032554	6.92073	
0.999789	-0.000109224	-0.0205434	-0.000108949	0.999944	-0.0106187	0.0205434	0.0106187	0.999733	0.0796588	0.0412267	7.78567	
0.999739	-0.000135166	-0.0228562	-0.000134788	0.99993	-0.011809	0.0228562	0.011809	0.999669	0.0984324	0.0509284	8.65057	
0.999683	-0.000163938	-0.0251746	-0.000163432	0.999915	-0.0130013	0.0251747	0.0130013	0.999599	0.119209	0.0616607	9.5154	
0.999622	-0.000195556	-0.0274988	-0.000194897	0.999899	-0.0141955	0.0274988	0.0141955	0.999521	0.141995	0.0734254	10.3802	
0.999555	-0.000230038	-0.0298285	-0.000229197	0.999882	-0.0153915	0.0298285	0.0153915	0.999437	0.166793	0.0862241	11.2449	
0.999483	-0.000267401	-0.0321636	-0.000266347	0.999862	-0.0165894	0.0321636	0.0165893	0.999345	0.193609	0.100058	12.1095	
0.999405	-0.000307662	-0.0345042	-0.000306362	0.999842	-0.0177889	0.0345042	0.0177889	0.999246	0.222448	0.114929	12.974	
0.999321	-0.000350837	-0.0368501	-0.000349254	0.99982	-0.0189902	0.0368501	0.0189902	0.99914	0.253314	0.130839	13.8385	
0.999231	-0.000396941	-0.0392012	-0.000395038	0.999796	-0.0201931	0.0392012	0.0201931	0.999027	0.286212	0.147789	14.7029	
0.999136	-0.000445992	-0.0415575	-0.000443726	0.999771	-0.0213976	0.0415575	0.0213976	0.998907	0.321147	0.16578	15.5671	
0.999035	-0.000498003	-0.0439188	-0.000495331	0.999744	-0.0226037	0.0439189	0.0226037	0.998779	0.358122	0.184814	16.4313	
0.998928	-0.00055299	-0.0462852	-0.000549867	0.999716	-0.0238113	0.0462852	0.0238112	0.998644	0.397142	0.204892	17.2953	
0.998815	-0.000610969	-0.0486564	-0.000607344	0.999687	-0.0250204	0.0486564	0.0250203	0.998502	0.438211	0.226015	18.1592	
0.998697	-0.000671952	-0.0510325	-0.000667774	0.999656	-0.0262309	0.0510325	0.0262307	0.998352	0.481334	0.248185	19.023	
0.998572	-0.000735955	-0.0534133	-0.00073117	0.999623	-0.0274427	0.0534133	0.0274426	0.998195	0.526515	0.271403	19.8867	
0.998442	-0.000802992	-0.0557987	-0.000797543	0.999589	-0.0286559	0.0557988	0.0286557	0.998031	0.573758	0.29567	20.7502	
0.998305	-0.000873074	-0.0581887	-0.000866902	0.999553	-0.0298704	0.0581888	0.0298702	0.997859	0.623066	0.320987	21.6136	
0.998163	-0.000946217	-0.0605832	-0.000939259	0.999516	-0.031086	0.0605833	0.0310858	0.997679	0.674444	0.347355	22.4768	
0.998014	-0.00102243	-0.0629821	-0.00101462	0.999478	-0.0323029	0.0629822	0.0323027	0.997492	0.727895	0.374775	23.3398	
0.997859	-0.00110173	-0.0653853	-0.00109301	0.999437	-0.033521	0.0653855	0.0335207	0.997297	0.783424	0.403249	24.2027	
0.997699	-0.00118413	-0.0677928	-0.00117441	0.999396	-0.0347401	0.0677929	0.0347398	0.997094	0.841034	0.432777	25.0655	
0.997532	-0.00126964	-0.0702044	-0.00125886	0.999352	-0.0359603	0.0702046	0.0359599	0.996884	0.900728	0.46336	25.928	
0.997359	-0.00135827	-0.07262	-0.00134635	0.999308	-0.0371814	0.0726203	0.037181	0.996666	0.962511	0.494999	26.7904	
0.997179	-0.00145002	-0.0750397	-0.00143689	0.999261	-0.0384036	0.0750399	0.0384031	0.996441	1.02639	0.527694	27.6526	
0.996994	-0.00154493	-0.0774632	-0.00153049	0.999213	-0.0396266	0.0774635	0.0396261	0.996207	1.09235	0.561448	28.5145	
0.996802	-0.00164298	-0.0798905	-0.00162717	0.999164	-0.0408505	0.0798909	0.0408499	0.995966	1.16042	0.59626	29.3763	
0.996604	-0.0017442	-0.0823216	-0.00172691	0.999113	-0.0420753	0.082322	0.0420746	0.995717	1.23059	0.632131	30.2378	
0.9964	-0.00184859	-0.0847563	-0.00182975	0.99906	-0.0433008	0.0847567	0.0433	0.99546	1.30287	0.669062	31.0992	
0.996189	-0.00195616	-0.0871946	-0.00193567	0.999006	-0.044527	0.087195	0.0445261	0.995196	1.37725	0.707053	31.9603	
0.995972	-0.00206693	-0.0896363	-0.00204469	0.998951	-0.0457539	0.0896368	0.0457529	0.994923	1.45374	0.746106	32.8212	
0.995749	-0.0021809	-0.0920814	-0.00215681	0.998893	-0.0469815	0.092082	0.0469804	0.994643	1.53235	0.78622	33.6818	
0.995519	-0.00229807	-0.0945298	-0.00227204	0.998835	-0.0482097	0.0945304	0.0482084	0.994354	1.61307	0.827397	34.5422	
0.995283	-0.00241846	-0.0969814	-0.00239038	0.998774	-0.0494384	0.0969821	0.049437	0.994058	1.69592	0.869636	35.4023	
0.995041	-0.00254208	-0.0994362	-0.00251184	0.998712	-0.0506676	0.0994369	0.050666	0.993753	1.78088	0.912938	36.2622	
0.994792	-0.00266893	-0.101894	-0.00263642	0.998649	-0.0518972	0.101895	0.0518956	0.993441	1.86797	0.957304	37.1218	
0.994536	-0.00279902	-0.104355	-0.00276413	0.998584	-0.0531273	0.104356	0.0531255	0.99312	1.95719	1.00273	37.9812	
0.994274	-0.00293235	-0.106818	-0.00289497	0.998517	-0.0543577	0.106819	0.0543557	0.992792	2.04854	1.04923	38.8402	
0.994006	-0.00306894	-0.109285	-0.00302895	0.998449	-0.0555885	0.109286	0.0555863	0.992455	2.14202	1.09679	39.699	
0.993731	-0.00320879	-0.111754	-0.00316606	0.998379	-0.0568195	0.111755	0.0568172	0.99211	2.23764	1.14541	40.5575	
0.993449	-0.0033519	-0.114226	-0.00330631	0.998308	-0.0580508	0.114227	0.0580482	0.991757	2.3354	1.1951	41.4156	
0.993161	-0.00349828	-0.1167	-0.00344971	0.998235	-0.0592823	0.116701	0.0592794	0.991396	2.43529	1.24585	42.2735	
0.992866	-0.00364794	-0.119176	-0.00359626	0.998161	-0.0605139	0.119178	0.0605108	0.991027	2.53732	1.29767	43.1311	
0.992565	-0.00380088	-0.121655	-0.00374595	0.998085	-0.0617456	0.121657	0.0617423	0.99065	2.6415	1.35055	43.9883	
0.992257	-0.0039571	-0.124137	-0.00389879	0.998007	-0.0629774	0.124139	0.0629737	0.990265	2.74783	1.4045	44.8452	
0.991943	-0.0041166	-0.12662	-0.00405478	0.997928	-0.0642092	0.126622	0.0642052	0.989871	2.8563	1.45952	45.7017	
0.991622	-0.00427941	-0.129106	-0.00421392	0.997848	-0.0654409	0.129108	0.0654367	0.989469	2.96693	1.5156	46.558	
0.991294	-0.0044455	-0.131594	-0.00437621	0.997765	-0.0666726	0.131596	0.066668	0.989059	3.0797	1.57274	47.4138	
0.990959	-0.0046149	-0.134083	-0.00454166	0.997682	-0.0679041	0.134086	0.0678992	0.988641	3.19463	1.63095	48.2693	
0.990618	-0.00478759	-0.136574	-0.00471025	0.997596	-0.0691355	0.136577	0.0691302	0.988214	3.31171	1.69023	49.1245	
0.99027	-0.00496359	-0.139068	-0.004882	0.997509	-0.0703667	0.13907	0.070361	0.98778	3.43095	1.75057	49.9792	
0.989534	-0.00532807	-0.144201	-0.00481428	0.997543	-0.0698946	0.144219	0.0698573	0.987077	3.55349	1.81122	50.8335	
0.98877	-0.00569032	-0.149336	-0.00474476	0.997576	-0.0694273	0.149369	0.0693562	0.986346	3.68049	1.87144	51.6872	
0.987979	-0.00605031	-0.154472	-0.00467344	0.997608	-0.0689645	0.15452	0.0688574	0.985587	3.81195	1.93123	52.5402	
0.987159	-0.00640805	-0.159609	-0.00460035	0.99764	-0.0685061	0.159671	0.0683607	0.9848	3.94786	1.99059	53.3925	
0.986313	-0.00676351	-0.164746	-0.00452548	0.997672	-0.0680519	0.164823	0.067866	0.983986	4.08823	2.04952	54.2442	
0.985438	-0.0071167	-0.169884	-0.00444885	0.997702	-0.0676017	0.169974	0.0673731	0.983143	4.23305	2.10802	55.0951	
0.984536	-0.00746759	-0.175021	-0.00437046	0.997733	-0.0671552	0.175125	0.0668817	0.982272	4.38234	2.16609	55.9453	
0.983607	-0.00781618	-0.180157	-0.00429031	0.997763	-0.0667124	0.180275	0.0663917	0.981373	4.53607	2.22374	56.7947	
0.98265	-0.00816245	-0.185292	-0.0042084	0.997793	-0.0662729	0.185424	0.0659028	0.980446	4.69427	2.28097	57.6434	
0.981665	-0.0085064	-0.190425	-0.00412471	0.997822	-0.0658367	0.19057	0.065415	0.979492	4.85691	2.33778	58.4912	
0.980653	-0.008848	-0.195556	-0.00403925	0.997851	-0.0654035	0.195715	0.064928	0.978509	5.02401	2.39416	59.3382	
0.979613	-0.00918724	-0.200686	-0.003952	0.997879	-0.0649732	0.200857	0.0644417	0.977499	5.19556	2.45012	60.1843	
0.978545	-0.00952411	-0.205812	-0.00386295	0.997907	-0.0645455	0.205996	0.0639557	0.976461	5.37155	2.50566	61.0295	
0.97745	-0.00985859	-0.210936	-0.00377208	0.997935	-0.0641203	0.211132	0.0634701	0.975395	5.55199	2.56079	61.8739	
0.976328	-0.0101907	-0.216056	-0.00367937	0.997962	-0.0636974	0.216265	0.0629845	0.974301	5.73688	2.61549	62.7173	
0.975178	-0.0105203	-0.221172	-0.00358479	0.99799	-0.0632765	0.221393	0.0624987	0.97318	5.9262	2.66977	63.5597	
0.974001	-0.0108475	-0.226284	-0.00348832	0.998016	-0.0628576	0.226517	0.0620127	0.972031	6.11995	2.72363	64.4011	
0.972797	-0.0111723	-0.231392	-0.00338994	0.998043	-0.0624403	0.231636	0.0615262	0.970855	6.31814	2.77707	65.2416	
0.971565	-0.0114946	-0.236494	-0.00328959	0.998069	-0.0620246	0.23675	0.0610389	0.969651	6.52075	2.83009	66.081	
0.970306	-0.0118144	-0.241591	-0.00318727	0.998095	-0.0616103	0.241859	0.0605508	0.96842	6.72779	2.88269	66.9194	
0.96902	-0.0121317	-0.246683	-0.00308291	0.998121	-0.061197	0.246962	0.0600617	0.967162	6.93924	2.93486	67.7567	
0.967707	-0.0124464	-0.251769	-0.00297649	0.998146	-0.0607848	0.252059	0.0595713	0.965877	7.1551	2.98661	68.5928	
0.966368	-0.0127586	-0.256848	-0.00286795	0.998172	-0.0603733	0.257149	0.0590795	0.964564	7.37538	3.03794	69.4279	
0.965001	-0.0130682	-0.261921	-0.00275726	0.998197	-0.0599625	0.262232	0.058586	0.963225	7.60005	3.08883	70.2618	
0.963608	-0.0133752	-0.266986	-0.00264436	0.998222	-0.059552	0.267308	0.0580908	0.961859	7.82911	3.13931	71.0946	
0.958529	-0.0143367	-0.284634	0.000499716	0.998817	-0.0486263	0.284995	0.0464675	0.957402	8.06804	3.18454	71.9248	
0.953126	-0.0150842	-0.302196	0.0038444	0.99928	-0.0377539	0.302548	0.0348225	0.952498	8.3222	3.2197	72.751	
0.947402	-0.0156173	-0.319664	0.00738813	0.99961	-0.0269399	0.31996	0.0231612	0.947148	8.59149	3.24479	73.5728	
0.941359	-0.0159359	-0.33703	0.0111292	0.999807	-0.0161892	0.337222	0.011489	0.941355	8.87579	3.25978	74.3898	
0.935	-0.0160399	-0.354284	0.015066	0.999871	-0.00550709	0.354327	-0.000188516	0.935122	9.17495	3.26466	75.2015	
0.928328	-0.015929	-0.37142	0.0191966	0.999803	0.0051016	0.371266	-0.011866	0.928451	9.48883	3.25945	76.0077	
0.921346	-0.0156035	-0.38843	0.023519	0.999601	0.0156319	0.388031	-0.0235378	0.921346	9.8173	3.24413	76.8079	
0.914058	-0.0150634	-0.405305	0.0280313	0.999267	0.0260788	0.404615	-0.0351987	0.91381	10.1602	3.21872	77.6018	
0.906466	-0.014309	-0.422037	0.0327313	0.9988	0.0364375	0.421009	-0.0468431	0.905846	10.5174	3.18323	78.3889	
0.898574	-0.0133406	-0.438619	0.0376168	0.9982	0.0467031	0.437207	-0.0584656	0.897459	10.8886	3.13768	79.169	
0.890387	-0.0121588	-0.455043	0.0426856	0.997469	0.0568708	0.453199	-0.0700608	0.888652	11.2738	3.08208	79.9417	
0.881907	-0.010764	-0.471301	0.0479352	0.996605	0.0669359	0.46898	-0.0816231	0.879429	11.6727	3.01646	80.7066	
0.873139	-0.00915693	-0.487386	0.0533633	0.99561	0.0768936	0.484542	-0.0931473	0.869795	12.0852	2.94086	81.4633	
0.864087	-0.00733832	-0.503289	0.0589673	0.994484	0.0867394	0.499877	-0.104628	0.859754	12.5111	2.8553	82.2114	
0.854755	-0.00530903	-0.519005	0.0647445	0.993228	0.0964685	0.514978	-0.11606	0.84931	12.9501	2.75983	82.9508	
0.845148	-0.00307	-0.534524	0.0706923	0.991842	0.106076	0.529838	-0.127437	0.83847	13.4021	2.6545	83.6809	
