1	0	0	0	1	0	0	0	1	0	0	0	
0.999998	9.62204e-08	-0.00216981	9.62204e-08	1	8.86899e-05	0.00216981	-8.86899e-05	0.999998	0.00080053	-3.27212e-05	0.737878	
0.999991	3.86411e-07	-0.00434282	3.88332e-07	1	0.000178396	0.00434282	-0.000178396	0.999991	0.0032033	-0.00013126	1.47575	
0.999979	8.73343e-07	-0.00651895	8.8104e-07	1	0.000269117	0.00651895	-0.000269118	0.999979	0.00721063	-0.000296365	2.21362	
0.999962	1.55979e-06	-0.00869816	1.57906e-06	1	0.000360856	0.00869816	-0.000360856	0.999962	0.0128248	-0.000528787	2.95148	
0.999941	2.44851e-06	-0.0108804	2.4871e-06	1	0.000453611	0.0108804	-0.000453611	0.999941	0.0200481	-0.000829276	3.68932	
0.999915	3.54227e-06	-0.0130656	3.60991e-06	1	0.000547382	0.0130656	-0.000547383	0.999914	0.0288828	-0.00119858	4.42715	
0.999884	4.84384e-06	-0.0152537	4.95222e-06	1	0.00064217	0.0152537	-0.000642171	0.999883	0.0393309	-0.00163746	5.16495	
0.999848	6.35597e-06	-0.0174447	6.51876e-06	1	0.000737975	0.0174447	-0.000737977	0.999848	0.0513946	-0.00214665	5.90273	
0.999807	8.08142e-06	-0.0196384	8.31429e-06	1	0.000834797	0.0196384	-0.000834799	0.999807	0.065076	-0.00272691	6.64048	
0.999762	1.00229e-05	-0.0218349	1.03436e-05	1	0.000932635	0.0218349	-0.000932639	0.999761	0.0803772	-0.00337898	7.3782	
0.999711	1.21833e-05	-0.0240341	1.26113e-05	0.999999	0.00103149	0.0240341	-0.00103149	0.999711	0.0973001	-0.00410363	8.11589	
0.999656	1.45651e-05	-0.026236	1.51224e-05	0.999999	0.00113136	0.026236	-0.00113137	0.999655	0.115847	-0.0049016	8.85353	
0.999595	1.71713e-05	-0.0284404	1.78815e-05	0.999999	0.00123225	0.0284404	-0.00123226	0.999595	0.136019	-0.00577363	9.59113	
0.99953	2.00045e-05	-0.0306473	2.08933e-05	0.999999	0.00133415	0.0306473	-0.00133416	0.999529	0.157819	-0.00672048	10.3287	
0.99946	2.30674e-05	-0.0328567	2.41627e-05	0.999999	0.00143706	0.0328567	-0.00143708	0.999459	0.181248	-0.0077429	11.0662	
0.999385	2.63628e-05	-0.0350685	2.76945e-05	0.999999	0.00154099	0.0350685	-0.00154101	0.999384	0.206308	-0.00884164	11.8036	
0.999305	2.98934e-05	-0.0372827	3.14934e-05	0.999999	0.00164593	0.0372827	-0.00164596	0.999303	0.233001	-0.0100174	12.541	
0.99922	3.36618e-05	-0.0394991	3.55641e-05	0.999998	0.00175189	0.0394991	-0.00175193	0.999218	0.261329	-0.0112711	13.2784	
0.999129	3.76708e-05	-0.0417178	3.99115e-05	0.999998	0.00185886	0.0417178	-0.0018589	0.999128	0.291293	-0.0126032	14.0156	
0.999034	4.1923e-05	-0.0439387	4.45403e-05	0.999998	0.00196684	0.0439387	-0.00196689	0.999032	0.322895	-0.0140147	14.7528	
0.998934	4.64212e-05	-0.0461617	4.94552e-05	0.999998	0.00207582	0.0461617	-0.00207589	0.998932	0.356137	-0.0155063	15.49	
0.998829	5.11679e-05	-0.0483868	5.46611e-05	0.999998	0.00218582	0.0483868	-0.00218591	0.998826	0.39102	-0.0170786	16.227	
0.998718	5.61659e-05	-0.0506139	6.01627e-05	0.999997	0.00229683	0.0506139	-0.00229693	0.998716	0.427545	-0.0187325	16.964	
0.998603	6.14179e-05	-0.052843	6.59647e-05	0.999997	0.00240884	0.0528429	-0.00240896	0.9986	0.465714	-0.0204687	17.7009	
0.998482	6.69263e-05	-0.0550739	7.20719e-05	0.999997	0.00252186	0.0550739	-0.002522	0.998479	0.505529	-0.0222879	18.4377	
0.998357	7.26939e-05	-0.0573067	7.8489e-05	0.999997	0.00263588	0.0573067	-0.00263605	0.998353	0.546991	-0.0241909	19.1744	
0.998226	7.87233e-05	-0.0595414	8.52208e-05	0.999996	0.00275091	0.0595413	-0.0027511	0.998222	0.590101	-0.0261785	19.911	
0.99809	8.50172e-05	-0.0617777	9.2272e-05	0.999996	0.00286693	0.0617777	-0.00286716	0.998086	0.63486	-0.0282513	20.6475	
0.997949	9.1578e-05	-0.0640157	9.96473e-05	0.999996	0.00298396	0.0640157	-0.00298422	0.997944	0.68127	-0.0304101	21.3839	
0.997803	9.84083e-05	-0.0662554	0.000107351	0.999995	0.00310199	0.0662554	-0.00310228	0.997798	0.729332	-0.0326556	22.1203	
0.997651	0.000105511	-0.0684966	0.000115389	0.999995	0.00322101	0.0684966	-0.00322135	0.997646	0.779048	-0.0349887	22.8565	
0.997495	0.000112888	-0.0707393	0.000123765	0.999994	0.00334103	0.0707393	-0.00334141	0.997489	0.830417	-0.0374099	23.5925	
0.997333	0.000120542	-0.0729835	0.000132483	0.999994	0.00346204	0.0729835	-0.00346248	0.997327	0.883442	-0.0399201	24.3285	
0.997166	0.000128477	-0.0752291	0.00014155	0.999994	0.00358404	0.0752291	-0.00358454	0.99716	0.938124	-0.0425201	25.0643	
0.996994	0.000136693	-0.077476	0.000150968	0.999993	0.00370704	0.077476	-0.00370759	0.996987	0.994463	-0.0452104	25.8001	
0.996817	0.000145194	-0.0797243	0.000160743	0.999993	0.00383102	0.0797242	-0.00383164	0.99681	1.05246	-0.0479919	26.5357	
0.996634	0.000153983	-0.0819737	0.00017088	0.999992	0.00395599	0.0819737	-0.00395668	0.996627	1.11212	-0.0508654	27.2711	
0.996447	0.000163061	-0.0842243	0.000181383	0.999992	0.00408194	0.0842243	-0.00408271	0.996438	1.17343	-0.0538314	28.0064	
0.996254	0.000172432	-0.0864761	0.000192256	0.999991	0.00420887	0.086476	-0.00420973	0.996245	1.23641	-0.0568908	28.7416	
0.996056	0.000182097	-0.0887289	0.000203505	0.999991	0.00433678	0.0887288	-0.00433773	0.996046	1.30105	-0.0600443	29.4767	
0.995852	0.000192059	-0.0909827	0.000215134	0.99999	0.00446567	0.0909826	-0.00446672	0.995842	1.36735	-0.0632926	30.2115	
0.995644	0.000202321	-0.0932375	0.000227147	0.999989	0.00459553	0.0932374	-0.00459669	0.995633	1.43532	-0.0666365	30.9463	
0.99543	0.000212884	-0.0954931	0.000239548	0.999989	0.00472637	0.0954931	-0.00472764	0.995419	1.50495	-0.0700766	31.6808	
0.995211	0.000223752	-0.0977496	0.000252344	0.999988	0.00485817	0.0977495	-0.00485957	0.995199	1.57625	-0.0736137	32.4153	
0.994987	0.000234926	-0.100007	0.000265537	0.999988	0.00499095	0.100007	-0.00499248	0.994974	1.64921	-0.0772485	33.1495	
0.994757	0.00024641	-0.102265	0.000279132	0.999987	0.00512468	0.102265	-0.00512636	0.994744	1.72383	-0.0809817	33.8836	
0.994522	0.000258204	-0.104524	0.000293134	0.999986	0.00525938	0.104523	-0.00526121	0.994509	1.80012	-0.0848141	34.6175	
0.994282	0.000270312	-0.106783	0.000307548	0.999985	0.00539504	0.106783	-0.00539703	0.994268	1.87808	-0.0887464	35.3513	
0.994037	0.000282736	-0.109043	0.000322377	0.999985	0.00553165	0.109043	-0.00553382	0.994022	1.95771	-0.0927792	36.0848	
0.993786	0.000295478	-0.111303	0.000337626	0.999984	0.00566922	0.111303	-0.00567157	0.99377	2.039	-0.0969133	36.8182	
0.993531	0.00030854	-0.113564	0.0003533	0.999983	0.00580774	0.113564	-0.00581029	0.993514	2.12197	-0.101149	37.5514	
0.993408	0.000316199	-0.114636	0.000647079	0.999965	0.00836562	0.114635	-0.00838465	0.993372	2.20616	-0.106387	38.2844	
0.993282	0.000326702	-0.115714	0.000944044	0.99994	0.0109268	0.115711	-0.0109626	0.993222	2.29114	-0.113524	39.0174	
0.993156	0.000340084	-0.116799	0.00124421	0.999908	0.0134911	0.116793	-0.0135441	0.993064	2.37692	-0.122566	39.7502	
0.993027	0.000356379	-0.11789	0.00154758	0.99987	0.0160584	0.11788	-0.0161289	0.992897	2.4635	-0.133513	40.4829	
0.992896	0.000375622	-0.118986	0.00185417	0.999825	0.0186287	0.118972	-0.0187169	0.992721	2.55089	-0.146369	41.2154	
0.992763	0.000397843	-0.120088	0.00216399	0.999773	0.0212017	0.120069	-0.0213082	0.992537	2.63908	-0.161136	41.9479	
0.992628	0.000423075	-0.121196	0.00247704	0.999714	0.0237775	0.121171	-0.0239024	0.992344	2.72808	-0.177816	42.6802	
0.992492	0.000451347	-0.122309	0.00279334	0.999649	0.0263558	0.122278	-0.0264996	0.992142	2.8179	-0.196412	43.4123	
0.992353	0.000482688	-0.123428	0.0031129	0.999576	0.0289366	0.123389	-0.0290996	0.991932	2.90854	-0.216924	44.1443	
0.992213	0.000517126	-0.124551	0.00343571	0.999497	0.0315198	0.124505	-0.0317022	0.991712	2.99999	-0.239357	44.8762	
0.992071	0.000554685	-0.12568	0.00376179	0.999411	0.0341052	0.125625	-0.0343075	0.991484	3.09228	-0.26371	45.6079	
0.991926	0.000595392	-0.126813	0.00409115	0.999318	0.0366927	0.126748	-0.0369153	0.991248	3.18539	-0.289987	46.3394	
0.99178	0.000639271	-0.127951	0.00442378	0.999218	0.0392822	0.127876	-0.0395254	0.991002	3.27933	-0.318189	47.0707	
0.991632	0.000686342	-0.129093	0.00475969	0.999112	0.0418737	0.129007	-0.0421377	0.990748	3.3741	-0.348318	47.8019	
0.991482	0.000736629	-0.13024	0.0050989	0.998998	0.0444669	0.130142	-0.0447523	0.990485	3.46971	-0.380375	48.5328	
0.99133	0.00079015	-0.13139	0.00544139	0.998877	0.0470619	0.13128	-0.0473688	0.990213	3.56616	-0.414362	49.2636	
0.991177	0.000846925	-0.132545	0.00578718	0.998749	0.0496584	0.132421	-0.0499873	0.989932	3.66345	-0.450281	49.9941	
0.991021	0.00090697	-0.133704	0.00613626	0.998615	0.0522564	0.133566	-0.0526076	0.989643	3.76158	-0.488132	50.7245	
0.990863	0.000970301	-0.134866	0.00648864	0.998473	0.0548558	0.134713	-0.0552297	0.989344	3.86056	-0.527917	51.4546	
0.990704	0.00103693	-0.136032	0.00684432	0.998325	0.0574564	0.135863	-0.0578533	0.989037	3.96039	-0.569638	52.1845	
0.990543	0.00110688	-0.137201	0.00720329	0.998169	0.0600582	0.137016	-0.0604785	0.988721	4.06106	-0.613295	52.9142	
0.990379	0.00118016	-0.138373	0.00756557	0.998006	0.062661	0.138171	-0.063105	0.988396	4.16259	-0.65889	53.6436	
0.990214	0.00125677	-0.139548	0.00793114	0.997836	0.0652647	0.139328	-0.0657328	0.988062	4.26497	-0.706424	54.3728	
0.990048	0.00133673	-0.140726	0.00830001	0.99766	0.0678693	0.140488	-0.0683619	0.98772	4.36821	-0.755897	55.1017	
0.989879	0.00142004	-0.141907	0.00867217	0.997476	0.0704746	0.141649	-0.070992	0.987368	4.4723	-0.80731	55.8304	
0.989708	0.00150672	-0.143091	0.00904762	0.997285	0.0730805	0.142812	-0.073623	0.987008	4.57725	-0.860664	56.5589	
0.989536	0.00159677	-0.144276	0.00942636	0.997087	0.0756869	0.143977	-0.076255	0.986639	4.68306	-0.91596	57.287	
0.989362	0.00169018	-0.145464	0.00980838	0.996882	0.0782938	0.145143	-0.0788877	0.986261	4.78972	-0.973198	58.0149	
0.989186	0.00178697	-0.146654	0.0101937	0.99667	0.0809009	0.146311	-0.081521	0.985874	4.89725	-1.03238	58.7425	
0.989009	0.00188714	-0.147846	0.0105823	0.996451	0.0835083	0.147479	-0.084155	0.985478	5.00564	-1.0935	59.4698	
0.988829	0.00199068	-0.14904	0.0109741	0.996225	0.0861157	0.148649	-0.0867893	0.985074	5.1149	-1.15657	60.1968	
0.988648	0.0020976	-0.150235	0.0113692	0.995991	0.0887232	0.149819	-0.0894241	0.984661	5.22501	-1.22158	60.9235	
0.988465	0.00220789	-0.151431	0.0117675	0.995751	0.0913305	0.15099	-0.092059	0.984239	5.33599	-1.28854	61.6499	
0.988281	0.00232155	-0.152629	0.0121691	0.995504	0.0939376	0.152161	-0.0946941	0.983809	5.44784	-1.35744	62.376	
0.988095	0.00243857	-0.153828	0.012574	0.995249	0.0965445	0.153333	-0.0973293	0.98337	5.56055	-1.42829	63.1018	
0.987907	0.00255895	-0.155028	0.012982	0.994988	0.0991509	0.154504	-0.0999644	0.982922	5.67412	-1.50108	63.8272	
0.987717	0.00268267	-0.156228	0.0133933	0.994719	0.101757	0.155676	-0.102599	0.982465	5.78856	-1.57581	64.5524	
0.987526	0.00280973	-0.157429	0.0138077	0.994444	0.104362	0.156848	-0.105234	0.982	5.90386	-1.65249	65.2771	
0.987334	0.00294012	-0.158631	0.0142254	0.994161	0.106967	0.158019	-0.107868	0.981527	6.02003	-1.73111	66.0015	
0.987139	0.00307383	-0.159832	0.0146462	0.993871	0.10957	0.159189	-0.110502	0.981044	6.13706	-1.81167	66.7256	
0.986944	0.00321084	-0.161034	0.0150702	0.993574	0.112173	0.160359	-0.113135	0.980554	6.25495	-1.89418	67.4493	
0.986746	0.00335114	-0.162236	0.0154974	0.993271	0.114775	0.161529	-0.115768	0.980054	6.37371	-1.97863	68.1727	
0.986548	0.0034947	-0.163437	0.0159277	0.99296	0.117376	0.162697	-0.1184	0.979546	6.49333	-2.06503	68.8956	
0.986347	0.00364153	-0.164638	0.0163611	0.992642	0.119975	0.163864	-0.121031	0.97903	6.61381	-2.15336	69.6182	
0.986146	0.00379158	-0.165839	0.0167976	0.992317	0.122573	0.165029	-0.123661	0.978506	6.73515	-2.24364	70.3405	
0.985943	0.00394485	-0.167038	0.0172372	0.991986	0.12517	0.166193	-0.12629	0.977973	6.85735	-2.33586	71.0623	
0.987125	0.00296435	-0.159923	0.0199908	0.989702	0.141738	0.158697	-0.14311	0.976901	6.97722	-2.43525	71.7835	
0.988253	0.00186158	-0.152817	0.0226168	0.987134	0.158285	0.151146	-0.159882	0.975496	7.09154	-2.54704	72.5039	
