1	0	0	0	1	0	0	0	1	0	0	0	
1	2.33206e-07	-0.000726188	2.33206e-07	1	0.000642276	0.000726188	-0.000642276	1	0.000391151	-0.000345953	1.07727	
0.999999	9.34474e-07	-0.00145365	9.34505e-07	0.999999	0.00128572	0.00145365	-0.00128572	0.999998	0.00156529	-0.00138444	2.15454	
0.999998	2.10621e-06	-0.00218233	2.10633e-06	0.999998	0.00193029	0.00218233	-0.00193029	0.999996	0.00352376	-0.0031167	3.23181	
0.999996	3.75071e-06	-0.00291221	3.75102e-06	0.999997	0.00257595	0.00291221	-0.00257595	0.999992	0.00626786	-0.00554392	4.30908	
0.999993	5.87019e-06	-0.00364323	5.8708e-06	0.999995	0.00322267	0.00364323	-0.00322267	0.999988	0.00979886	-0.00866727	5.38634	
0.99999	8.46673e-06	-0.00437535	8.46781e-06	0.999993	0.00387041	0.00437535	-0.00387041	0.999983	0.014118	-0.0124879	6.4636	
0.999987	1.15423e-05	-0.00510854	1.15441e-05	0.99999	0.00451913	0.00510854	-0.00451913	0.999977	0.0192263	-0.0170068	7.54085	
0.999983	1.50989e-05	-0.00584274	1.51015e-05	0.999987	0.0051688	0.00584274	-0.0051688	0.99997	0.0251251	-0.022225	8.61809	
0.999978	1.91382e-05	-0.00657793	1.91419e-05	0.999983	0.00581937	0.00657793	-0.00581937	0.999961	0.0318153	-0.0281437	9.69533	
0.999973	2.3662e-05	-0.00731405	2.36671e-05	0.999979	0.00647082	0.00731405	-0.00647082	0.999952	0.039298	-0.0347636	10.7726	
0.999968	2.86717e-05	-0.00805107	2.86786e-05	0.999975	0.0071231	0.00805107	-0.0071231	0.999942	0.0475743	-0.0420858	11.8498	
0.999961	3.41689e-05	-0.00878894	3.41778e-05	0.99997	0.00777618	0.00878894	-0.00777618	0.999931	0.0566449	-0.0501111	12.927	
0.999955	4.0155e-05	-0.00952763	4.01664e-05	0.999964	0.00843003	0.00952763	-0.00843003	0.999919	0.0665109	-0.0588404	14.0042	
0.999947	4.66312e-05	-0.0102671	4.66454e-05	0.999959	0.00908459	0.0102671	-0.00908459	0.999906	0.077173	-0.0682744	15.0813	
0.999939	5.35986e-05	-0.0110073	5.36161e-05	0.999953	0.00973984	0.0110073	-0.00973984	0.999892	0.0886322	-0.0784139	16.1585	
0.999931	6.10584e-05	-0.0117481	6.10796e-05	0.999946	0.0103957	0.0117481	-0.0103957	0.999877	0.100889	-0.0892596	17.2357	
0.999922	6.90113e-05	-0.0124896	6.90369e-05	0.999939	0.0110523	0.0124896	-0.0110523	0.999861	0.113944	-0.100812	18.3128	
0.999912	7.74584e-05	-0.0132317	7.74887e-05	0.999931	0.0117093	0.0132317	-0.0117093	0.999844	0.127799	-0.113073	19.3899	
0.999902	8.64002e-05	-0.0139744	8.6436e-05	0.999924	0.012367	0.0139744	-0.012367	0.999826	0.142453	-0.126041	20.467	
0.999892	9.58374e-05	-0.0147176	9.58792e-05	0.999915	0.0130251	0.0147176	-0.0130251	0.999807	0.157908	-0.139718	21.5441	
0.99988	0.000105771	-0.0154612	0.000105819	0.999906	0.0136837	0.0154612	-0.0136837	0.999787	0.174163	-0.154104	22.6211	
0.999869	0.0001162	-0.0162053	0.000116256	0.999897	0.0143427	0.0162053	-0.0143427	0.999766	0.19122	-0.1692	23.6982	
0.999856	0.000127126	-0.0169498	0.00012719	0.999887	0.0150021	0.0169498	-0.0150021	0.999744	0.209078	-0.185007	24.7752	
0.999843	0.000138549	-0.0176946	0.000138621	0.999877	0.0156619	0.0176946	-0.0156619	0.999721	0.227739	-0.201523	25.8522	
0.99983	0.000150468	-0.0184398	0.00015055	0.999867	0.0163219	0.0184398	-0.0163219	0.999697	0.247202	-0.218751	26.9291	
0.999816	0.000162885	-0.0191852	0.000162977	0.999856	0.0169823	0.0191852	-0.0169823	0.999672	0.267469	-0.23669	28.006	
0.999801	0.000175797	-0.0199308	0.000175901	0.999844	0.0176429	0.0199308	-0.0176429	0.999646	0.288538	-0.25534	29.083	
0.999786	0.000189207	-0.0206766	0.000189322	0.999832	0.0183037	0.0206766	-0.0183037	0.999619	0.31041	-0.274702	30.1598	
0.99977	0.000203112	-0.0214225	0.000203241	0.99982	0.0189646	0.0214225	-0.0189646	0.999591	0.333087	-0.294776	31.2367	
0.999754	0.000217513	-0.0221685	0.000217655	0.999807	0.0196257	0.0221685	-0.0196257	0.999562	0.356566	-0.315562	32.3135	
0.999737	0.000232408	-0.0229146	0.000232566	0.999794	0.0202868	0.0229146	-0.0202868	0.999532	0.38085	-0.337061	33.3903	
0.99972	0.000247798	-0.0236607	0.000247971	0.999781	0.0209481	0.0236607	-0.0209481	0.999501	0.405937	-0.359271	34.467	
0.999702	0.000263681	-0.0244067	0.000263871	0.999766	0.0216093	0.0244067	-0.0216093	0.999469	0.431828	-0.382194	35.5437	
0.999684	0.000280057	-0.0251527	0.000280265	0.999752	0.0222705	0.0251527	-0.0222705	0.999436	0.458522	-0.40583	36.6204	
0.999665	0.000296924	-0.0258986	0.000297151	0.999737	0.0229316	0.0258986	-0.0229316	0.999402	0.48602	-0.430177	37.6971	
0.999645	0.000314281	-0.0266443	0.000314528	0.999722	0.0235927	0.0266443	-0.0235927	0.999367	0.514322	-0.455237	38.7737	
0.999625	0.000332127	-0.0273898	0.000332396	0.999706	0.0242536	0.0273898	-0.0242536	0.999331	0.543427	-0.481009	39.8503	
0.999604	0.000350461	-0.028135	0.000350752	0.99969	0.0249143	0.028135	-0.0249143	0.999294	0.573334	-0.507492	40.9268	
0.999583	0.000369281	-0.02888	0.000369596	0.999673	0.0255749	0.02888	-0.0255749	0.999256	0.604045	-0.534688	42.0033	
0.999561	0.000388586	-0.0296246	0.000388925	0.999656	0.0262351	0.0296246	-0.0262351	0.999217	0.635557	-0.562594	43.0797	
0.999539	0.000408373	-0.0303689	0.000408739	0.999638	0.0268951	0.0303689	-0.0268951	0.999177	0.667872	-0.591212	44.1561	
0.999516	0.000428642	-0.0311127	0.000429034	0.99962	0.0275548	0.0311127	-0.0275548	0.999136	0.700988	-0.620541	45.2325	
0.999492	0.000449389	-0.0318561	0.000449811	0.999602	0.0282141	0.0318561	-0.0282141	0.999094	0.734906	-0.65058	46.3088	
0.999468	0.000470614	-0.032599	0.000471066	0.999583	0.028873	0.032599	-0.028873	0.999051	0.769623	-0.681329	47.3851	
0.999444	0.000492314	-0.0333414	0.000492797	0.999564	0.0295315	0.0333414	-0.0295315	0.999008	0.805141	-0.712788	48.4613	
0.999419	0.000514486	-0.0340832	0.000515002	0.999544	0.0301895	0.0340832	-0.0301895	0.998963	0.841459	-0.744956	49.5375	
0.999393	0.000537129	-0.0348243	0.00053768	0.999524	0.030847	0.0348243	-0.030847	0.998917	0.878575	-0.777833	50.6136	
0.999367	0.00056024	-0.0355648	0.000560826	0.999503	0.031504	0.0355648	-0.031504	0.998871	0.916489	-0.811417	51.6897	
0.999341	0.000583816	-0.0363046	0.00058444	0.999483	0.0321603	0.0363046	-0.0321603	0.998823	0.9552	-0.845709	52.7657	
0.999313	0.000607855	-0.0370437	0.000608518	0.999461	0.0328161	0.0370436	-0.0328161	0.998775	0.994708	-0.880708	53.8417	
0.999286	0.000632354	-0.0377819	0.000633057	0.999439	0.0334712	0.0377819	-0.0334712	0.998725	1.03501	-0.916412	54.9176	
0.999258	0.00065731	-0.0385193	0.000658055	0.999417	0.0341255	0.0385193	-0.0341256	0.998675	1.07611	-0.952822	55.9935	
0.999229	0.000682719	-0.0392559	0.000683508	0.999395	0.0347792	0.0392558	-0.0347792	0.998624	1.118	-0.989937	57.0693	
0.9992	0.00070858	-0.0399915	0.000709415	0.999372	0.0354321	0.0399915	-0.0354321	0.998572	1.16069	-1.02776	58.1451	
0.99917	0.000734889	-0.0407262	0.00073577	0.999348	0.0360842	0.0407261	-0.0360842	0.998519	1.20417	-1.06628	59.2208	
0.99914	0.000761642	-0.0414598	0.000762572	0.999325	0.0367354	0.0414598	-0.0367354	0.998465	1.24843	-1.1055	60.2965	
0.999109	0.000788837	-0.0421925	0.000789817	0.999301	0.0373858	0.0421924	-0.0373858	0.99841	1.29349	-1.14542	61.372	
0.999078	0.000816469	-0.042924	0.000817501	0.999276	0.0380352	0.042924	-0.0380352	0.998354	1.33934	-1.18605	62.4476	
0.999046	0.000844535	-0.0436545	0.00084562	0.999251	0.0386837	0.0436544	-0.0386837	0.998297	1.38597	-1.22737	63.523	
0.999014	0.000873031	-0.0443837	0.000874172	0.999226	0.0393312	0.0443837	-0.0393312	0.99824	1.43339	-1.26939	64.5984	
0.998982	0.000901954	-0.0451118	0.000903152	0.9992	0.0399777	0.0451118	-0.0399777	0.998182	1.4816	-1.31211	65.6738	
0.998948	0.000931299	-0.0458386	0.000932557	0.999174	0.0406231	0.0458386	-0.0406231	0.998123	1.53059	-1.35553	66.7491	
0.998915	0.000961063	-0.0465641	0.000962382	0.999148	0.0412674	0.0465641	-0.0412674	0.998063	1.58036	-1.39964	67.8243	
0.998881	0.000991242	-0.0472883	0.000992623	0.999121	0.0419106	0.0472883	-0.0419106	0.998002	1.63091	-1.44444	68.8994	
0.998846	0.00102183	-0.0480112	0.00102328	0.999094	0.0425526	0.0480112	-0.0425526	0.99794	1.68224	-1.48993	69.9745	
0.998811	0.00105283	-0.0487326	0.00105434	0.999066	0.0431934	0.0487326	-0.0431934	0.997877	1.73435	-1.53612	71.0496	
0.997137	0.00221558	-0.0755864	0.00105434	0.999066	0.0431934	0.0756115	-0.0431494	0.996203	1.80133	-1.58263	72.1237	
0.994739	0.00337673	-0.102385	0.00105434	0.999066	0.0431934	0.102436	-0.0430741	0.993807	1.89724	-1.62908	73.1957	
0.99162	0.00453543	-0.12911	0.00105434	0.999066	0.0431934	0.129185	-0.0429675	0.990689	2.02201	-1.67542	74.2646	
0.987782	0.00569084	-0.155741	0.00105434	0.999066	0.0431934	0.155841	-0.0428298	0.986853	2.17554	-1.72164	75.3299	
0.983227	0.00684212	-0.182259	0.00105434	0.999066	0.0431934	0.182384	-0.0426611	0.982301	2.35774	-1.76769	76.3906	
0.977959	0.00798844	-0.208645	0.00105434	0.999066	0.0431934	0.208795	-0.0424613	0.977037	2.56845	-1.81355	77.446	
0.971982	0.00912896	-0.234879	0.00105434	0.999066	0.0431934	0.235054	-0.0422308	0.971064	2.80754	-1.85917	78.4954	
0.965299	0.0102629	-0.260944	0.00105434	0.999066	0.0431934	0.261143	-0.0419697	0.964387	3.07483	-1.90452	79.538	
0.957917	0.0113893	-0.286819	0.00105434	0.999066	0.0431934	0.287043	-0.0416781	0.957011	3.37012	-1.94958	80.573	
0.94984	0.0125075	-0.312485	0.00105434	0.999066	0.0431934	0.312734	-0.0413563	0.94894	3.6932	-1.99431	81.5997	
0.941074	0.0136167	-0.337926	0.00105434	0.999066	0.0431934	0.338198	-0.0410045	0.940181	4.04384	-2.03867	82.6173	
0.931626	0.0147159	-0.363121	0.00105434	0.999066	0.0431934	0.363417	-0.0406229	0.93074	4.42177	-2.08264	83.6251	
0.921502	0.0158045	-0.388053	0.00105434	0.999066	0.0431934	0.388373	-0.0402119	0.920624	4.82674	-2.12619	84.6224	
0.910709	0.0168816	-0.412703	0.00105434	0.999066	0.0431934	0.413047	-0.0397717	0.909841	5.25844	-2.16927	85.6084	
0.899256	0.0179465	-0.437054	0.00105434	0.999066	0.0431934	0.437421	-0.0393027	0.898397	5.71656	-2.21187	86.5824	
0.887151	0.0189983	-0.461088	0.00105434	0.999066	0.0431934	0.461478	-0.0388052	0.886302	6.20077	-2.25394	87.5438	
0.874402	0.0200364	-0.484788	0.00105434	0.999066	0.0431934	0.485201	-0.0382795	0.873565	6.71072	-2.29546	88.4918	
0.861019	0.02106	-0.508136	0.00105434	0.999066	0.0431934	0.508571	-0.0377261	0.860193	7.24603	-2.33641	89.4257	
0.847012	0.0220682	-0.531115	0.00105434	0.999066	0.0431934	0.531573	-0.0371453	0.846198	7.80632	-2.37674	90.3449	
0.83239	0.0230605	-0.55371	0.00105434	0.999066	0.0431934	0.554189	-0.0365376	0.831589	8.39119	-2.41643	91.2486	
0.817165	0.0240361	-0.575902	0.00105434	0.999066	0.0431934	0.576403	-0.0359033	0.816377	9.0002	-2.45545	92.1363	
0.801347	0.0249942	-0.597677	0.00105434	0.999066	0.0431934	0.598199	-0.035243	0.800572	9.63292	-2.49377	93.0073	
0.784948	0.0259341	-0.619019	0.00105434	0.999066	0.0431934	0.619561	-0.0345572	0.784187	10.2889	-2.53137	93.861	
0.767979	0.0268553	-0.639911	0.00105434	0.999066	0.0431934	0.640474	-0.0338463	0.767234	10.9676	-2.56822	94.6967	
0.750454	0.027757	-0.66034	0.00105434	0.999066	0.0431934	0.660922	-0.0331109	0.749724	11.6687	-2.60429	95.5138	
0.732384	0.0286386	-0.680289	0.00105434	0.999066	0.0431934	0.680891	-0.0323514	0.73167	12.3915	-2.63955	96.3118	
0.713783	0.0294994	-0.699746	0.00105434	0.999066	0.0431934	0.700366	-0.0315685	0.713085	13.1355	-2.67398	97.0901	
0.694664	0.0303388	-0.718694	0.00105434	0.999066	0.0431934	0.719333	-0.0307626	0.693984	13.9002	-2.70756	97.848	
0.675042	0.0311561	-0.737121	0.00105434	0.999066	0.0431934	0.737779	-0.0299345	0.674378	14.6851	-2.74025	98.5851	
0.65493	0.0319509	-0.755014	0.00105434	0.999066	0.0431934	0.755689	-0.0290847	0.654284	15.4896	-2.77205	99.3008	
0.634342	0.0327226	-0.772359	0.00105434	0.999066	0.0431934	0.773051	-0.0282137	0.633716	16.3131	-2.80291	99.9946	
0.613295	0.0334705	-0.789144	0.00105434	0.999066	0.0431934	0.789853	-0.0273223	0.612687	17.155	-2.83283	100.666	
0.591803	0.0341941	-0.805357	0.00105434	0.999066	0.0431934	0.806082	-0.0264111	0.591215	18.0147	-2.86177	101.315	
