1	0	0	0	1	0	0	0	1	0	0	0	
0.999998	-4.17204e-06	0.00204136	-4.17204e-06	0.999992	0.00408749	-0.00204136	-0.00408749	0.99999	-0.000890261	-0.0017826	0.872219	
0.999992	-1.66882e-05	0.00408229	-1.66946e-05	0.999967	0.00817728	-0.00408229	-0.00817728	0.999958	-0.00356086	-0.00713142	1.74442	
0.999981	-3.75497e-05	0.00612275	-3.75754e-05	0.999925	0.0122693	-0.00612275	-0.0122693	0.999906	-0.0080114	-0.0160484	2.61658	
0.999967	-6.67575e-05	0.00816266	-6.68218e-05	0.999866	0.0163633	-0.00816266	-0.0163633	0.999833	-0.0142414	-0.0285354	3.48869	
0.999948	-0.000104312	0.010202	-0.000104441	0.999791	0.0204593	-0.010202	-0.0204593	0.999739	-0.0222505	-0.0445942	4.36073	
0.999925	-0.000150213	0.0122406	-0.000150439	0.999698	0.0245572	-0.0122406	-0.0245572	0.999623	-0.032038	-0.0642264	5.23268	
0.999898	-0.000204461	0.0142786	-0.000204822	0.999589	0.0286568	-0.0142786	-0.0286568	0.999487	-0.0436033	-0.0874336	6.10451	
0.999867	-0.000267055	0.0163158	-0.000267596	0.999463	0.032758	-0.0163158	-0.032758	0.99933	-0.0569459	-0.114217	6.97622	
0.999832	-0.000337993	0.0183521	-0.000338766	0.99932	0.0368607	-0.0183521	-0.0368607	0.999152	-0.0720649	-0.144579	7.84778	
0.999792	-0.000417274	0.0203876	-0.000418337	0.999161	0.0409648	-0.0203876	-0.0409648	0.998953	-0.0889598	-0.178519	8.71918	
0.999748	-0.000504896	0.0224221	-0.000506314	0.998984	0.0450702	-0.0224221	-0.0450702	0.998732	-0.10763	-0.21604	9.59039	
0.999701	-0.000600857	0.0244557	-0.000602701	0.99879	0.0491767	-0.0244556	-0.0491767	0.998491	-0.128074	-0.257143	10.4614	
0.999649	-0.000705154	0.0264882	-0.000707502	0.998579	0.0532843	-0.0264881	-0.0532844	0.998228	-0.150291	-0.301827	11.3322	
0.999593	-0.000817784	0.0285196	-0.000820719	0.998351	0.0573929	-0.0285195	-0.0573929	0.997944	-0.17428	-0.350095	12.2028	
0.999533	-0.000938743	0.0305498	-0.000942357	0.998106	0.0615023	-0.0305497	-0.0615023	0.997639	-0.200041	-0.401946	13.0731	
0.999469	-0.00106803	0.0325788	-0.00107242	0.997845	0.0656124	-0.0325787	-0.0656124	0.997313	-0.227572	-0.457383	13.9431	
0.9994	-0.00120563	0.0346065	-0.0012109	0.997566	0.0697231	-0.0346063	-0.0697232	0.996966	-0.256872	-0.516404	14.8128	
0.999328	-0.00135155	0.0366329	-0.00135781	0.99727	0.0738343	-0.0366327	-0.0738344	0.996597	-0.28794	-0.579011	15.6822	
0.999251	-0.00150579	0.0386579	-0.00151315	0.996956	0.0779458	-0.0386576	-0.077946	0.996208	-0.320775	-0.645204	16.5513	
0.999171	-0.00166833	0.0406815	-0.00167692	0.996626	0.0820577	-0.0406812	-0.0820578	0.995797	-0.355376	-0.714984	17.42	
0.999086	-0.00183917	0.0427036	-0.00184912	0.996279	0.0861696	-0.0427031	-0.0861699	0.995365	-0.391741	-0.78835	18.2884	
0.998997	-0.0020183	0.0447241	-0.00202975	0.995914	0.0902817	-0.0447236	-0.0902819	0.994912	-0.429869	-0.865303	19.1564	
0.998905	-0.00220572	0.046743	-0.00221881	0.995532	0.0943936	-0.0467424	-0.0943939	0.994437	-0.469758	-0.945842	20.024	
0.998808	-0.00240142	0.0487603	-0.00241629	0.995134	0.0985054	-0.0487595	-0.0985057	0.993941	-0.511408	-1.02997	20.8911	
0.998707	-0.00260539	0.0507758	-0.00262221	0.994718	0.102617	-0.0507749	-0.102617	0.993424	-0.554816	-1.11768	21.7578	
0.998602	-0.00281763	0.0527895	-0.00283655	0.994284	0.106728	-0.0527885	-0.106728	0.992886	-0.599981	-1.20898	22.6241	
0.998493	-0.00303813	0.0548015	-0.00305932	0.993834	0.110838	-0.0548003	-0.110839	0.992326	-0.646902	-1.30386	23.4899	
0.99838	-0.00326687	0.0568115	-0.00329052	0.993366	0.114948	-0.0568102	-0.114949	0.991746	-0.695576	-1.40233	24.3551	
0.998262	-0.00350386	0.0588197	-0.00353013	0.992881	0.119057	-0.0588181	-0.119058	0.991144	-0.746003	-1.50438	25.2199	
0.998141	-0.00374907	0.0608258	-0.00377817	0.992379	0.123166	-0.060824	-0.123166	0.99052	-0.798181	-1.61002	26.0841	
0.998016	-0.00400251	0.0628299	-0.00403462	0.99186	0.127273	-0.0628278	-0.127274	0.989876	-0.852107	-1.71924	26.9478	
0.997887	-0.00426416	0.0648319	-0.00429948	0.991323	0.131379	-0.0648295	-0.13138	0.98921	-0.90778	-1.83204	27.8109	
0.997754	-0.004534	0.0668317	-0.00457275	0.990769	0.135484	-0.0668291	-0.135485	0.988523	-0.965197	-1.94843	28.6734	
0.997617	-0.00481204	0.0688293	-0.00485442	0.990198	0.139588	-0.0688264	-0.139589	0.987815	-1.02436	-2.06839	29.5353	
0.997476	-0.00509826	0.0708247	-0.0051445	0.989609	0.14369	-0.0708214	-0.143692	0.987085	-1.08526	-2.19193	30.3966	
0.997331	-0.00539265	0.0728178	-0.00544297	0.989004	0.147791	-0.0728141	-0.147792	0.986334	-1.1479	-2.31905	31.2572	
0.997182	-0.00569519	0.0748085	-0.00574982	0.988381	0.15189	-0.0748043	-0.151892	0.985562	-1.21228	-2.44975	32.1172	
0.997029	-0.00600588	0.0767968	-0.00606507	0.98774	0.155987	-0.0767921	-0.155989	0.984769	-1.27839	-2.58402	32.9765	
0.996872	-0.0063247	0.0787826	-0.00638869	0.987083	0.160082	-0.0787775	-0.160085	0.983955	-1.34624	-2.72186	33.8351	
0.996711	-0.00665164	0.0807659	-0.00672068	0.986408	0.164176	-0.0807602	-0.164179	0.983119	-1.41581	-2.86328	34.6929	
0.996546	-0.00698669	0.0827467	-0.00706104	0.985716	0.168267	-0.0827404	-0.16827	0.982262	-1.48712	-3.00826	35.5501	
0.996377	-0.00732982	0.0847248	-0.00740975	0.985007	0.172356	-0.0847178	-0.17236	0.981384	-1.56015	-3.15681	36.4064	
0.996205	-0.00768104	0.0867002	-0.00776681	0.98428	0.176443	-0.0866926	-0.176447	0.980485	-1.6349	-3.30893	37.262	
0.996028	-0.00804033	0.0886729	-0.00813222	0.983536	0.180527	-0.0886645	-0.180531	0.979565	-1.71138	-3.46461	38.1168	
0.995848	-0.00840766	0.0906428	-0.00850596	0.982775	0.184609	-0.0906337	-0.184614	0.978623	-1.78957	-3.62386	38.9708	
0.995664	-0.00878303	0.0926099	-0.00888803	0.981997	0.188688	-0.0925999	-0.188693	0.977661	-1.86948	-3.78666	39.824	
0.995476	-0.00916642	0.0945742	-0.00927842	0.981201	0.192764	-0.0945632	-0.19277	0.976677	-1.95111	-3.95302	40.6763	
0.995284	-0.00955782	0.0965354	-0.00967711	0.980388	0.196838	-0.0965236	-0.196844	0.975672	-2.03444	-4.12294	41.5277	
0.995088	-0.0099572	0.0984937	-0.0100841	0.979558	0.200908	-0.0984808	-0.200915	0.974646	-2.11949	-4.29641	42.3783	
0.994888	-0.0103646	0.100449	-0.0104994	0.978711	0.204976	-0.100435	-0.204983	0.973599	-2.20624	-4.47342	43.2279	
0.994685	-0.0107799	0.102401	-0.0109229	0.977846	0.20904	-0.102386	-0.209047	0.972531	-2.29469	-4.65399	44.0767	
0.994478	-0.0112031	0.10435	-0.0113548	0.976964	0.213101	-0.104334	-0.213109	0.971442	-2.38484	-4.83809	44.9245	
0.994266	-0.0116343	0.106296	-0.0117948	0.976065	0.217158	-0.106278	-0.217167	0.970332	-2.47669	-5.02574	45.7713	
0.994052	-0.0120734	0.108239	-0.0122432	0.975149	0.221212	-0.10822	-0.221221	0.969201	-2.57024	-5.21693	46.6171	
0.993833	-0.0125204	0.110178	-0.0126997	0.974215	0.225262	-0.110158	-0.225272	0.968048	-2.66547	-5.41165	47.462	
0.993611	-0.0129752	0.112114	-0.0131645	0.973265	0.229309	-0.112092	-0.229319	0.966875	-2.7624	-5.6099	48.3058	
0.993385	-0.0134379	0.114047	-0.0136375	0.972297	0.233351	-0.114023	-0.233363	0.965681	-2.86101	-5.81168	49.1487	
0.993155	-0.0139085	0.115976	-0.0141187	0.971312	0.23739	-0.11595	-0.237402	0.964467	-2.96131	-6.01699	49.9904	
0.993132	-0.0139564	0.116168	-0.0149122	0.969665	0.243981	-0.116049	-0.244038	0.962797	-3.06248	-6.22695	50.8309	
0.993108	-0.0140071	0.116365	-0.015707	0.967972	0.250567	-0.116148	-0.250667	0.96108	-3.16375	-6.4427	51.6699	
0.993083	-0.0140605	0.116567	-0.016503	0.966232	0.257145	-0.116246	-0.25729	0.959317	-3.2651	-6.66422	52.5075	
0.993058	-0.0141166	0.116773	-0.0173003	0.964445	0.263715	-0.116344	-0.263905	0.957506	-3.36653	-6.89152	53.3434	
0.993033	-0.0141755	0.116984	-0.0180988	0.962612	0.270278	-0.116441	-0.270512	0.955649	-3.46805	-7.12459	54.1778	
0.993006	-0.0142371	0.117199	-0.0188984	0.960733	0.276831	-0.116538	-0.27711	0.953745	-3.56966	-7.36342	55.0105	
0.99298	-0.0143015	0.117418	-0.0196992	0.958807	0.283375	-0.116633	-0.283699	0.951794	-3.67135	-7.60799	55.8415	
0.992952	-0.0143686	0.11764	-0.020501	0.956834	0.289909	-0.116728	-0.290278	0.949796	-3.77312	-7.85831	56.6708	
0.992925	-0.0144385	0.117866	-0.0213039	0.954816	0.296433	-0.11682	-0.296847	0.947753	-3.87497	-8.11436	57.4984	
0.992896	-0.014511	0.118095	-0.0221078	0.952752	0.302945	-0.116911	-0.303404	0.945663	-3.97691	-8.37614	58.3241	
0.992868	-0.0145862	0.118326	-0.0229127	0.950641	0.309446	-0.116999	-0.30995	0.943527	-4.07892	-8.64363	59.148	
0.992839	-0.0146641	0.118561	-0.0237185	0.948485	0.315934	-0.117086	-0.316483	0.941344	-4.18101	-8.91683	59.97	
0.992809	-0.0147447	0.118797	-0.0245251	0.946283	0.322409	-0.11717	-0.323004	0.939116	-4.28317	-9.19572	60.7901	
0.992779	-0.0148278	0.119036	-0.0253325	0.944035	0.32887	-0.117251	-0.329511	0.936843	-4.3854	-9.48029	61.6082	
0.992749	-0.0149134	0.119277	-0.0261407	0.941742	0.335318	-0.117329	-0.336005	0.934524	-4.4877	-9.77053	62.4244	
0.992718	-0.0150016	0.11952	-0.0269497	0.939404	0.341751	-0.117404	-0.342483	0.93216	-4.59007	-10.0664	63.2384	
0.992688	-0.0150922	0.119764	-0.0277593	0.937021	0.348168	-0.117476	-0.348947	0.92975	-4.69251	-10.368	64.0505	
0.992657	-0.0151852	0.120009	-0.0285695	0.934593	0.35457	-0.117544	-0.355395	0.927296	-4.795	-10.6751	64.8603	
0.992625	-0.0152805	0.120255	-0.0293802	0.93212	0.360956	-0.117608	-0.361827	0.924797	-4.89756	-10.9879	65.6681	
0.992594	-0.0153781	0.120502	-0.0301914	0.929603	0.367325	-0.117668	-0.368242	0.922254	-5.00016	-11.3063	66.4736	
0.992562	-0.0154778	0.120749	-0.0310031	0.927041	0.373676	-0.117723	-0.37464	0.919666	-5.10282	-11.6303	67.2769	
0.992531	-0.0155797	0.120997	-0.0318151	0.924435	0.380009	-0.117774	-0.38102	0.917035	-5.20552	-11.9599	68.0779	
0.992499	-0.0156836	0.121245	-0.0326275	0.921786	0.386324	-0.11782	-0.387382	0.91436	-5.30827	-12.295	68.8766	
0.992467	-0.0157894	0.121492	-0.0334401	0.919093	0.39262	-0.117862	-0.393725	0.911641	-5.41105	-12.6356	69.6729	
0.993776	-0.0110765	0.110845	-0.0354948	0.911696	0.40933	-0.105591	-0.410717	0.905628	-5.50851	-12.9865	70.4655	
0.994941	-0.00616567	0.100272	-0.0373235	0.903988	0.425927	-0.0932704	-0.427514	0.899184	-5.59524	-13.352	71.2526	
0.995961	-0.00105918	0.0897759	-0.0389251	0.895973	0.4424	-0.0809054	-0.444108	0.892313	-5.6712	-13.7322	72.0339	
0.996837	0.00424051	0.0793633	-0.040299	0.887654	0.458744	-0.0685018	-0.460491	0.885017	-5.73636	-14.1267	72.8091	
0.997567	0.00973088	0.0690385	-0.0414444	0.879037	0.474949	-0.0560657	-0.476654	0.877301	-5.79069	-14.5354	73.5777	
0.99815	0.0154093	0.0588067	-0.0423609	0.870124	0.491009	-0.043603	-0.492591	0.869168	-5.83416	-14.9581	74.3393	
0.998588	0.0212731	0.0486725	-0.043048	0.860921	0.506915	-0.0311195	-0.508294	0.860621	-5.86674	-15.3946	75.0938	
0.99888	0.0273195	0.0386409	-0.0435054	0.85143	0.52266	-0.0186212	-0.523756	0.851665	-5.88844	-15.8447	75.8405	
0.999025	0.0335456	0.0287166	-0.0437329	0.841658	0.538237	-0.0061141	-0.538968	0.842304	-5.89923	-16.3082	76.5793	
0.999023	0.0399484	0.0189043	-0.0437303	0.831609	0.553638	0.00639594	-0.553924	0.832543	-5.8991	-16.7849	77.3098	
0.998875	0.0465249	0.00920874	-0.0434977	0.821286	0.568856	0.0189029	-0.568616	0.822386	-5.88807	-17.2744	78.0315	
0.99858	0.053272	-0.00036553	-0.0430351	0.810696	0.583883	0.031401	-0.583038	0.811838	-5.86613	-17.7767	78.7443	
0.998139	0.0601864	-0.00981395	-0.0423428	0.799844	0.598713	0.043884	-0.597183	0.800903	-5.8333	-18.2914	79.4476	
0.997552	0.067265	-0.019132	-0.0414211	0.788733	0.613338	0.0563463	-0.611044	0.789588	-5.78958	-18.8184	80.1413	
0.996819	0.0745042	-0.0283153	-0.0402705	0.777371	0.627752	0.0687817	-0.624615	0.777898	-5.73501	-19.3573	80.8249	
0.99594	0.0819007	-0.0373594	-0.0388915	0.765762	0.641948	0.0811844	-0.637888	0.765838	-5.66961	-19.9079	81.4982	
0.994916	0.089451	-0.0462601	-0.0372848	0.753911	0.655918	0.0935485	-0.650859	0.753413	-5.5934	-20.47	82.1608	
