1	0	0	0	1	0	0	0	1	0	0	0	
0.999993	-1.19433e-06	-0.00375735	-1.19433e-06	1	-0.000635729	0.00375735	0.000635729	0.999993	0.00157885	0.000267135	0.840402	
0.999972	-4.7839e-06	-0.00751901	-4.78599e-06	0.999999	-0.00127274	0.00751901	0.00127274	0.999971	0.0063172	0.00106908	1.68079	
0.999936	-1.0779e-05	-0.0112849	-1.07873e-05	0.999998	-0.00191102	0.0112849	0.00191102	0.999934	0.0142186	0.0024069	2.52116	
0.999887	-1.91897e-05	-0.0150548	-1.92105e-05	0.999997	-0.00255054	0.0150548	0.00255054	0.999883	0.0252866	0.00428166	3.36149	
0.999823	-3.00259e-05	-0.0188287	-3.00677e-05	0.999995	-0.0031913	0.0188287	0.0031913	0.999818	0.0395246	0.0066944	4.20177	
0.999744	-4.32975e-05	-0.0226065	-4.33707e-05	0.999993	-0.00383327	0.0226065	0.00383327	0.999737	0.0569358	0.00964614	5.04198	
0.999652	-5.90141e-05	-0.026388	-5.91313e-05	0.99999	-0.00447643	0.026388	0.00447643	0.999642	0.0775234	0.0131379	5.88213	
0.999545	-7.71851e-05	-0.0301732	-7.73612e-05	0.999987	-0.00512077	0.0301732	0.00512077	0.999532	0.101291	0.0171707	6.72218	
0.999423	-9.78199e-05	-0.0339619	-9.80717e-05	0.999983	-0.00576627	0.0339619	0.00576627	0.999406	0.12824	0.0217454	7.56214	
0.999287	-0.000120928	-0.037754	-0.000121274	0.999979	-0.0064129	0.037754	0.00641291	0.999266	0.158376	0.0268632	8.40199	
0.999136	-0.000146517	-0.0415494	-0.00014698	0.999975	-0.00706066	0.0415494	0.00706067	0.999112	0.191699	0.0325248	9.24171	
0.998971	-0.000174598	-0.045348	-0.0001752	0.99997	-0.00770953	0.045348	0.00770954	0.998941	0.228214	0.0387313	10.0813	
0.998791	-0.000205178	-0.0491497	-0.000205944	0.999965	-0.00835948	0.0491497	0.0083595	0.998756	0.267922	0.0454835	10.9207	
0.998597	-0.000238265	-0.0529544	-0.000239225	0.999959	-0.00901049	0.0529544	0.00901052	0.998556	0.310826	0.0527824	11.76	
0.998388	-0.00027387	-0.0567619	-0.000275052	0.999953	-0.00966256	0.0567619	0.00966259	0.998341	0.356929	0.0606289	12.5991	
0.998164	-0.000311998	-0.0605721	-0.000313435	0.999947	-0.0103157	0.0605721	0.0103157	0.998111	0.406233	0.0690239	13.438	
0.997925	-0.00035266	-0.064385	-0.000354385	0.99994	-0.0109698	0.064385	0.0109698	0.997865	0.458741	0.0779681	14.2767	
0.997672	-0.000395861	-0.0682004	-0.000397912	0.999932	-0.0116249	0.0682003	0.0116249	0.997604	0.514453	0.0874625	15.1152	
0.997403	-0.000441611	-0.0720181	-0.000444027	0.999924	-0.012281	0.0720181	0.012281	0.997328	0.573373	0.0975078	15.9535	
0.99712	-0.000489917	-0.0758382	-0.000492737	0.999916	-0.012938	0.0758382	0.0129381	0.997036	0.635503	0.108105	16.7916	
0.996822	-0.000540786	-0.0796605	-0.000544055	0.999907	-0.013596	0.0796605	0.0135961	0.996729	0.700844	0.119255	17.6293	
0.996509	-0.000594225	-0.0834848	-0.000597988	0.999898	-0.0142549	0.0834848	0.014255	0.996407	0.769398	0.130958	18.4669	
0.996181	-0.000650242	-0.0873111	-0.000654546	0.999889	-0.0149147	0.0873111	0.0149148	0.996069	0.841167	0.143215	19.3041	
0.995838	-0.000708844	-0.0911393	-0.000713738	0.999878	-0.0155753	0.0911392	0.0155756	0.995716	0.916152	0.156027	20.1411	
0.99548	-0.000770036	-0.0949691	-0.000775574	0.999868	-0.0162369	0.0949691	0.0162371	0.995348	0.994355	0.169395	20.9777	
0.995107	-0.000833827	-0.0988006	-0.000840062	0.999857	-0.0168993	0.0988006	0.0168996	0.994964	1.07578	0.183319	21.814	
0.994719	-0.000900222	-0.102634	-0.00090721	0.999845	-0.0175625	0.102634	0.0175628	0.994564	1.16042	0.1978	22.6501	
0.994316	-0.000969228	-0.106468	-0.000977028	0.999833	-0.0182265	0.106468	0.0182269	0.994149	1.24829	0.212839	23.4857	
0.993897	-0.00104085	-0.110304	-0.00104952	0.999821	-0.0188913	0.110304	0.0188918	0.993718	1.33937	0.228437	24.321	
0.993464	-0.0011151	-0.114141	-0.00112471	0.999808	-0.0195569	0.11414	0.0195575	0.993272	1.43369	0.244593	25.156	
0.993015	-0.00119197	-0.117979	-0.00120258	0.999795	-0.0202232	0.117978	0.0202239	0.99281	1.53122	0.261309	25.9905	
0.992552	-0.00127148	-0.121817	-0.00128316	0.999781	-0.0208903	0.121817	0.020891	0.992333	1.63199	0.278586	26.8247	
0.992073	-0.00135363	-0.125657	-0.00136645	0.999767	-0.0215581	0.125657	0.0215589	0.991839	1.73597	0.296424	27.6584	
0.991579	-0.00143842	-0.129498	-0.00145245	0.999752	-0.0222265	0.129497	0.0222275	0.991331	1.84319	0.314823	28.4918	
0.991069	-0.00152586	-0.133339	-0.00154118	0.999737	-0.0228957	0.133338	0.0228967	0.990806	1.95364	0.333784	29.3247	
0.990545	-0.00161596	-0.13718	-0.00163265	0.999721	-0.0235655	0.13718	0.0235666	0.990266	2.06731	0.353308	30.1571	
0.990005	-0.00170872	-0.141022	-0.00172685	0.999705	-0.0242359	0.141022	0.0242372	0.98971	2.18421	0.373395	30.9891	
0.98945	-0.00180415	-0.144864	-0.00182379	0.999688	-0.024907	0.144864	0.0249084	0.989138	2.30434	0.394046	31.8206	
0.988879	-0.00190224	-0.148707	-0.00192349	0.999671	-0.0255786	0.148707	0.0255802	0.98855	2.4277	0.415262	32.6517	
0.988294	-0.00200301	-0.152549	-0.00202596	0.999653	-0.0262509	0.152549	0.0262526	0.987947	2.55429	0.437042	33.4822	
0.987693	-0.00210645	-0.156392	-0.00213118	0.999635	-0.0269236	0.156392	0.0269256	0.987328	2.68411	0.459388	34.3122	
0.987077	-0.00221258	-0.160234	-0.00223918	0.999617	-0.027597	0.160234	0.0275991	0.986693	2.81715	0.482299	35.1417	
0.986445	-0.0023214	-0.164076	-0.00234996	0.999598	-0.0282708	0.164076	0.0282732	0.986042	2.95343	0.505777	35.9706	
0.985798	-0.00243291	-0.167918	-0.00246352	0.999578	-0.0289452	0.167918	0.0289478	0.985376	3.09293	0.529821	36.799	
0.985136	-0.0025471	-0.171759	-0.00257988	0.999558	-0.02962	0.171759	0.0296228	0.984694	3.23567	0.554433	37.6269	
0.984458	-0.002664	-0.1756	-0.00269903	0.999537	-0.0302953	0.175599	0.0302984	0.983995	3.38163	0.579612	38.4541	
0.983765	-0.0027836	-0.17944	-0.00282098	0.999516	-0.030971	0.179439	0.0309744	0.983281	3.53081	0.605359	39.2808	
0.983057	-0.0029059	-0.183279	-0.00294574	0.999495	-0.0316472	0.183278	0.0316509	0.982551	3.68323	0.631674	40.1068	
0.982333	-0.00303091	-0.187117	-0.00307331	0.999473	-0.0323238	0.187116	0.0323278	0.981806	3.83887	0.658558	40.9322	
0.981594	-0.00315863	-0.190954	-0.0032037	0.99945	-0.0330007	0.190953	0.0330051	0.981044	3.99773	0.686011	41.757	
0.980839	-0.00328906	-0.19479	-0.00333691	0.999427	-0.033678	0.194789	0.0336827	0.980267	4.15982	0.714033	42.5812	
0.98007	-0.0034222	-0.198625	-0.00347295	0.999404	-0.0343557	0.198624	0.0343608	0.979473	4.32514	0.742626	43.4047	
0.979284	-0.00355807	-0.202458	-0.00361182	0.99938	-0.0350337	0.202457	0.0350392	0.978664	4.49367	0.771788	44.2275	
0.978484	-0.00369665	-0.20629	-0.00375353	0.999355	-0.035712	0.206289	0.0357179	0.977839	4.66543	0.80152	45.0496	
0.977668	-0.00383795	-0.210121	-0.00389808	0.99933	-0.0363906	0.210119	0.036397	0.976998	4.84041	0.831823	45.871	
0.976837	-0.00398198	-0.213949	-0.00404547	0.999305	-0.0370694	0.213948	0.0370763	0.976141	5.0186	0.862696	46.6918	
0.97599	-0.00412873	-0.217776	-0.00419571	0.999278	-0.0377485	0.217775	0.0377559	0.975268	5.20001	0.894141	47.5117	
0.974607	-0.00437363	-0.22388	-0.00479516	0.999172	-0.040394	0.223872	0.0404418	0.973779	5.38559	0.927	48.3307	
0.973185	-0.00463553	-0.229979	-0.00541058	0.999059	-0.0430329	0.229962	0.0431232	0.972244	5.57629	0.962114	49.1485	
0.971723	-0.0049144	-0.236072	-0.00604193	0.998939	-0.0456651	0.236046	0.0458002	0.970662	5.77211	0.99948	49.9649	
0.970223	-0.00521024	-0.242159	-0.00668918	0.998811	-0.0482907	0.242123	0.0484726	0.969034	5.97304	1.03909	50.7799	
0.968683	-0.00552302	-0.248239	-0.00735231	0.998676	-0.0509096	0.248192	0.0511404	0.96736	6.17907	1.08095	51.5936	
0.967104	-0.00585274	-0.254313	-0.00803128	0.998534	-0.0535217	0.254253	0.0538036	0.96564	6.3902	1.12505	52.4059	
0.965487	-0.00619937	-0.260378	-0.00872607	0.998386	-0.0561271	0.260306	0.056462	0.963874	6.60642	1.17138	53.2167	
0.96383	-0.00656289	-0.266436	-0.00943664	0.99823	-0.0587256	0.266349	0.0591157	0.962062	6.82772	1.21995	54.026	
0.962135	-0.00694328	-0.272485	-0.010163	0.998067	-0.0613172	0.272384	0.0617647	0.960204	7.0541	1.27074	54.8337	
0.960401	-0.0073405	-0.278525	-0.010905	0.997897	-0.0639019	0.278408	0.0644088	0.958301	7.28555	1.32376	55.6399	
0.958628	-0.00775455	-0.284555	-0.0116628	0.99772	-0.0664796	0.284422	0.067048	0.956352	7.52205	1.379	56.4444	
0.956817	-0.00818538	-0.290576	-0.0124362	0.997536	-0.0690504	0.290425	0.0696822	0.954357	7.7636	1.43646	57.2473	
0.954967	-0.00863297	-0.296586	-0.0132252	0.997345	-0.0716141	0.296417	0.0723115	0.952317	8.0102	1.49612	58.0485	
0.953079	-0.00909729	-0.302585	-0.0140299	0.997147	-0.0741707	0.302397	0.0749358	0.950232	8.26182	1.558	58.8479	
0.951152	-0.00957829	-0.308573	-0.0148502	0.996942	-0.0767202	0.308365	0.0775549	0.948102	8.51846	1.62207	59.6456	
0.949188	-0.010076	-0.31455	-0.015686	0.99673	-0.0792625	0.31432	0.080169	0.945926	8.78012	1.68835	60.4415	
0.947185	-0.0105903	-0.320514	-0.0165374	0.996512	-0.0817976	0.320262	0.0827779	0.943706	9.04677	1.75682	61.2355	
0.945144	-0.0111211	-0.326465	-0.0174042	0.996286	-0.0843255	0.32619	0.0853816	0.94144	9.31841	1.82748	62.0277	
0.943065	-0.0116686	-0.332403	-0.0182865	0.996054	-0.0868461	0.332105	0.08798	0.93913	9.59503	1.90033	62.8179	
0.940949	-0.0122325	-0.338328	-0.0191843	0.995815	-0.0893593	0.338005	0.0905732	0.936776	9.87661	1.97536	63.6062	
0.938795	-0.0128129	-0.344239	-0.0200976	0.995569	-0.0918653	0.34389	0.093161	0.934377	10.1631	2.05256	64.3924	
0.936603	-0.0134097	-0.350135	-0.0210262	0.995316	-0.0943638	0.34976	0.0957434	0.931934	10.4546	2.13194	65.1767	
0.934375	-0.0140228	-0.356016	-0.0219702	0.995056	-0.0968548	0.355614	0.0983204	0.929447	10.751	2.21349	65.9588	
0.932109	-0.0146523	-0.361882	-0.0229295	0.994789	-0.0993384	0.361452	0.100892	0.926916	11.0523	2.2972	66.7389	
0.929806	-0.0152981	-0.367732	-0.0239042	0.994516	-0.101814	0.367273	0.103458	0.924341	11.3586	2.38307	67.5168	
0.927466	-0.0159601	-0.373566	-0.0248941	0.994236	-0.104283	0.373077	0.106019	0.921723	11.6696	2.47109	68.2925	
0.92509	-0.0166383	-0.379384	-0.0258994	0.993949	-0.106744	0.378864	0.108573	0.919061	11.9856	2.56126	69.066	
0.922677	-0.0173326	-0.385184	-0.0269199	0.993656	-0.109197	0.384633	0.111123	0.916357	12.3064	2.65358	69.8373	
0.916341	-0.0192347	-0.399938	-0.0321773	0.992077	-0.121438	0.399105	0.124148	0.908462	12.6358	2.75244	70.6041	
0.909771	-0.021347	-0.41456	-0.0376276	0.990325	-0.13357	0.413401	0.137118	0.900166	12.9772	2.86223	71.3641	
0.902973	-0.0236686	-0.429045	-0.0432685	0.988399	-0.145589	0.427514	0.150027	0.891473	13.3306	2.98289	72.117	
0.895947	-0.0261983	-0.443387	-0.0490975	0.9863	-0.157488	0.441438	0.16287	0.882386	13.6957	3.11438	72.8624	
0.888698	-0.0289352	-0.457578	-0.055112	0.984029	-0.169263	0.455168	0.175642	0.87291	14.0725	3.25663	73.6	
0.881229	-0.0318779	-0.471614	-0.0613093	0.981587	-0.180908	0.468697	0.188335	0.863049	14.4607	3.40958	74.3295	
0.873542	-0.0350252	-0.485486	-0.0676868	0.978976	-0.192418	0.482019	0.200946	0.852806	14.8602	3.57316	75.0505	
0.865642	-0.0383757	-0.49919	-0.0742415	0.976196	-0.203788	0.495128	0.213468	0.842188	15.2708	3.7473	75.7628	
0.857532	-0.0419279	-0.512719	-0.0809707	0.973249	-0.215013	0.508018	0.225896	0.831197	15.6924	3.93193	76.4659	
0.849215	-0.0456803	-0.526068	-0.0878713	0.970135	-0.226088	0.520685	0.238224	0.81984	16.1247	4.12696	77.1597	
0.840695	-0.0496312	-0.53923	-0.0949403	0.966857	-0.237009	0.533121	0.250447	0.80812	16.5675	4.33231	77.8438	
0.831976	-0.0537788	-0.552199	-0.102175	0.963416	-0.247769	0.545322	0.262559	0.796044	17.0207	4.54789	78.5179	
0.823061	-0.0581213	-0.564971	-0.109571	0.959813	-0.258366	0.557283	0.274555	0.783617	17.484	4.77359	79.1817	
0.813955	-0.0626569	-0.577538	-0.117126	0.95605	-0.268793	0.568997	0.286431	0.770843	17.9573	5.00933	79.8349	
