1	0	0	0	1	0	0	0	1	0	0	0	
0.999988	1.01044e-07	-0.00484611	1.01044e-07	1	4.17007e-05	0.00484611	-4.17007e-05	0.999988	0.0024304	-2.09136e-05	1.00303	
0.999953	4.05576e-07	-0.00969685	4.07592e-07	1	8.3857e-05	0.00969685	-8.38571e-05	0.999953	0.00972393	-8.38828e-05	2.00603	
0.999894	9.16197e-07	-0.014552	9.24266e-07	1	0.000126468	0.014552	-0.000126468	0.999894	0.0218851	-0.000189364	3.00898	
0.999812	1.6355e-06	-0.0194114	1.65569e-06	1	0.000169533	0.0194114	-0.000169533	0.999812	0.0389183	-0.000337814	4.01187	
0.999705	2.56606e-06	-0.0242749	2.60648e-06	1	0.00021305	0.0242749	-0.000213051	0.999705	0.0608277	-0.000529686	5.01466	
0.999575	3.71046e-06	-0.0291422	3.78125e-06	1	0.00025702	0.0291422	-0.000257021	0.999575	0.0876172	-0.000765434	6.01733	
0.999421	5.07127e-06	-0.0340131	5.18463e-06	1	0.00030144	0.0340131	-0.000301441	0.999421	0.119291	-0.00104551	7.01986	
0.999244	6.65104e-06	-0.0388876	6.82123e-06	1	0.000346309	0.0388876	-0.000346312	0.999244	0.155851	-0.00137037	8.02222	
0.999042	8.45232e-06	-0.0437653	8.69565e-06	1	0.000391626	0.0437653	-0.000391632	0.999042	0.197303	-0.00174046	9.02439	
0.998816	1.04776e-05	-0.048646	1.08125e-05	1	0.000437391	0.048646	-0.000437399	0.998816	0.243649	-0.00215623	10.0264	
0.998566	1.27295e-05	-0.0535297	1.31764e-05	1	0.000483601	0.0535297	-0.000483613	0.998566	0.294892	-0.00261814	11.0281	
0.998292	1.52105e-05	-0.0584161	1.57919e-05	1	0.000530256	0.058416	-0.000530273	0.998292	0.351034	-0.00312662	12.0295	
0.997994	1.79232e-05	-0.0633049	1.86636e-05	1	0.000577354	0.0633049	-0.000577377	0.997994	0.412079	-0.00368212	13.0307	
0.997672	2.08699e-05	-0.0681961	2.17961e-05	1	0.000624893	0.0681961	-0.000624924	0.997672	0.478029	-0.00428509	14.0316	
0.997325	2.40532e-05	-0.0730893	2.5194e-05	1	0.000672872	0.0730893	-0.000672914	0.997325	0.548886	-0.00493598	15.0321	
0.996955	2.74755e-05	-0.0779845	2.88618e-05	1	0.000721289	0.0779845	-0.000721344	0.996954	0.624652	-0.00563522	16.0322	
0.996559	3.11395e-05	-0.0828815	3.28041e-05	1	0.000770144	0.0828815	-0.000770213	0.996559	0.705329	-0.00638326	17.032	
0.99614	3.50473e-05	-0.0877799	3.70254e-05	1	0.000819434	0.0877799	-0.000819521	0.99614	0.790919	-0.00718054	18.0314	
0.995696	3.92017e-05	-0.0926798	4.15304e-05	1	0.000869157	0.0926797	-0.000869265	0.995696	0.881422	-0.00802749	19.0303	
0.995228	4.36049e-05	-0.0975807	4.63234e-05	1	0.000919312	0.0975807	-0.000919445	0.995227	0.976841	-0.00892456	20.0288	
0.994735	4.82593e-05	-0.102483	5.1409e-05	1	0.000969897	0.102483	-0.000970059	0.994734	1.07718	-0.00987218	21.0268	
0.994217	5.31675e-05	-0.107385	5.67918e-05	0.999999	0.00102091	0.107385	-0.00102111	0.994217	1.18243	-0.0108708	22.0243	
0.993676	5.83317e-05	-0.112289	6.24762e-05	0.999999	0.00107235	0.112289	-0.00107258	0.993675	1.2926	-0.0119208	23.0213	
0.993109	6.37543e-05	-0.117192	6.84667e-05	0.999999	0.00112421	0.117192	-0.00112449	0.993109	1.40769	-0.0130227	24.0177	
0.992518	6.94378e-05	-0.122096	7.47677e-05	0.999999	0.0011765	0.122096	-0.00117683	0.992518	1.52769	-0.0141768	25.0135	
0.991903	7.53845e-05	-0.127	8.13838e-05	0.999999	0.00122921	0.127	-0.00122959	0.991902	1.65262	-0.0153837	26.0087	
0.991263	8.15967e-05	-0.131904	8.83194e-05	0.999999	0.00128233	0.131904	-0.00128278	0.991262	1.78246	-0.0166437	27.0033	
0.990598	8.80767e-05	-0.136807	9.55788e-05	0.999999	0.00133587	0.136807	-0.00133639	0.990597	1.91723	-0.0179572	27.9972	
0.989908	9.48269e-05	-0.14171	0.000103166	0.999999	0.00138983	0.14171	-0.00139042	0.989907	2.05691	-0.0193248	28.9905	
0.989194	0.00010185	-0.146611	0.000111087	0.999999	0.0014442	0.146611	-0.00144488	0.989193	2.2015	-0.0207467	29.983	
0.988455	0.000109147	-0.151512	0.000119344	0.999999	0.00149897	0.151512	-0.00149975	0.988454	2.35102	-0.0222235	30.9749	
0.987692	0.000116721	-0.156412	0.000127943	0.999999	0.00155416	0.156412	-0.00155504	0.987691	2.50545	-0.0237555	31.9659	
0.986904	0.000124575	-0.161311	0.000136888	0.999999	0.00160975	0.161311	-0.00161075	0.986902	2.66479	-0.0253432	32.9562	
0.986091	0.00013271	-0.166208	0.000146182	0.999999	0.00166574	0.166208	-0.00166687	0.986089	2.82905	-0.026987	33.9457	
0.985253	0.000141129	-0.171103	0.000155831	0.999999	0.00172213	0.171103	-0.0017234	0.985252	2.99821	-0.0286873	34.9344	
0.984391	0.000149833	-0.175996	0.000165839	0.999998	0.00177892	0.175996	-0.00178034	0.984389	3.17229	-0.0304444	35.9222	
0.983504	0.000158826	-0.180888	0.00017621	0.999998	0.0018361	0.180888	-0.00183769	0.983502	3.35127	-0.0322589	36.9091	
0.982592	0.000168109	-0.185777	0.000186948	0.999998	0.00189368	0.185777	-0.00189545	0.98259	3.53516	-0.0341312	37.8951	
0.981655	0.000177685	-0.190663	0.000198057	0.999998	0.00195165	0.190663	-0.00195361	0.981654	3.72395	-0.0360615	38.8802	
0.980694	0.000187555	-0.195547	0.000209541	0.999998	0.00201	0.195547	-0.00201217	0.980692	3.91764	-0.0380504	39.8644	
0.979708	0.000197721	-0.200428	0.000221406	0.999998	0.00206874	0.200428	-0.00207114	0.979706	4.11623	-0.0400983	40.8475	
0.978698	0.000208187	-0.205306	0.000233654	0.999998	0.00212786	0.205306	-0.0021305	0.978695	4.31971	-0.0422055	41.8297	
0.977662	0.000218953	-0.210181	0.00024629	0.999998	0.00218736	0.210181	-0.00219027	0.97766	4.52809	-0.0443724	42.8109	
0.976602	0.000230023	-0.215052	0.000259319	0.999997	0.00224724	0.215052	-0.00225042	0.9766	4.74135	-0.0465995	43.791	
0.975518	0.000241397	-0.21992	0.000272743	0.999997	0.00230748	0.21992	-0.00231097	0.975515	4.95949	-0.0488871	44.77	
0.974409	0.000253078	-0.224784	0.000286568	0.999997	0.0023681	0.224784	-0.00237192	0.974406	5.18252	-0.0512357	45.7479	
0.973275	0.000265069	-0.229644	0.000300798	0.999997	0.00242909	0.229644	-0.00243325	0.973272	5.41042	-0.0536455	46.7247	
0.972116	0.00027737	-0.2345	0.000315435	0.999997	0.00249044	0.2345	-0.00249497	0.972113	5.6432	-0.0561171	47.7003	
0.970933	0.000289985	-0.239352	0.000330485	0.999997	0.00255215	0.239352	-0.00255707	0.97093	5.88084	-0.0586508	48.6748	
0.969725	0.000302914	-0.244199	0.000345951	0.999997	0.00261422	0.244199	-0.00261956	0.969722	6.12335	-0.0612469	49.6481	
0.968493	0.000316161	-0.249041	0.000361837	0.999996	0.00267665	0.249041	-0.00268243	0.968489	6.37072	-0.063906	50.6201	
0.967236	0.000329726	-0.253879	0.000378147	0.999996	0.00273942	0.253879	-0.00274567	0.967232	6.62294	-0.0666283	51.5909	
0.965955	0.000343612	-0.258711	0.000394885	0.999996	0.00280255	0.258711	-0.0028093	0.965951	6.88001	-0.0694142	52.5604	
0.964649	0.000357821	-0.263539	0.000412054	0.999996	0.00286602	0.263539	-0.00287329	0.964645	7.14193	-0.0722641	53.5286	
0.963319	0.000372354	-0.26836	0.000429659	0.999996	0.00292983	0.26836	-0.00293767	0.963314	7.40869	-0.0751784	54.4955	
0.961964	0.000387213	-0.273177	0.000447704	0.999995	0.00299398	0.273177	-0.00300241	0.961959	7.68028	-0.0781574	55.4611	
0.960585	0.000402401	-0.277987	0.000466191	0.999995	0.00305847	0.277987	-0.00306752	0.96058	7.95669	-0.0812016	56.4253	
0.959181	0.000417918	-0.282791	0.000485125	0.999995	0.00312329	0.282791	-0.00313299	0.959176	8.23793	-0.0843112	57.3881	
0.957754	0.000433768	-0.28759	0.00050451	0.999995	0.00318844	0.28759	-0.00319883	0.957748	8.52399	-0.0874867	58.3494	
0.956302	0.000449951	-0.292382	0.000524348	0.999995	0.00325391	0.292382	-0.00326503	0.956296	8.81485	-0.0907285	59.3094	
0.954825	0.000466468	-0.297167	0.000544645	0.999994	0.0033197	0.297167	-0.00333159	0.95482	9.11052	-0.0940368	60.2678	
0.953325	0.000483323	-0.301946	0.000565402	0.999994	0.00338581	0.301946	-0.0033985	0.953319	9.41099	-0.097412	61.2248	
0.9518	0.000500517	-0.306718	0.000586624	0.999994	0.00345224	0.306718	-0.00346577	0.951794	9.71624	-0.100855	62.1802	
0.950252	0.000518051	-0.311483	0.000608315	0.999994	0.00351897	0.311483	-0.00353339	0.950245	10.0263	-0.104365	63.1341	
0.947731	0.000537907	-0.31907	-5.23415e-05	0.999999	0.00153039	0.319071	-0.0014337	0.94773	10.3425	-0.106856	64.086	
0.945149	0.000540985	-0.326639	-0.00072821	1	-0.000450904	0.326638	0.000664034	0.945149	10.6663	-0.107242	65.0353	
0.942507	0.000527292	-0.334187	-0.00141929	0.999996	-0.00242497	0.334185	0.00275986	0.942504	10.9978	-0.105525	65.982	
0.939803	0.000496841	-0.341716	-0.00212557	0.999988	-0.00439189	0.341709	0.00485385	0.939793	11.3367	-0.101706	66.926	
0.93704	0.000449643	-0.349223	-0.00284705	0.999976	-0.00635172	0.349211	0.00694607	0.937018	11.6832	-0.0957884	67.8673	
0.934216	0.000385713	-0.356707	-0.00358374	0.999959	-0.00830454	0.35669	0.00903659	0.934179	12.0373	-0.0877728	68.8057	
0.931333	0.000305063	-0.364169	-0.00433565	0.999938	-0.0102504	0.364144	0.0111255	0.931276	12.3988	-0.0776612	69.7413	
0.923744	-7.02892e-05	-0.38301	-0.00982664	0.999666	-0.0238834	0.382883	0.0258259	0.923436	12.7734	-0.0591286	70.6715	
0.915778	-0.000744131	-0.401685	-0.0155914	0.999179	-0.0373969	0.401383	0.04051	0.915014	13.1668	-0.0258584	71.5935	
0.907438	-0.00171604	-0.420183	-0.0216262	0.998476	-0.0507823	0.419629	0.0551687	0.906017	13.5786	0.0221285	72.5069	
0.89873	-0.0029854	-0.438492	-0.0279273	0.997557	-0.0640312	0.437612	0.0697927	0.896451	14.0085	0.0848018	73.4109	
0.88966	-0.00455142	-0.456602	-0.0344907	0.996424	-0.0771354	0.45532	0.0843728	0.886321	14.4563	0.162122	74.305	
0.880232	-0.00641311	-0.4745	-0.0413124	0.995077	-0.0900866	0.472741	0.0988999	0.875634	14.9218	0.254041	75.1887	
0.870454	-0.0085693	-0.492175	-0.048388	0.993516	-0.102877	0.489865	0.113365	0.864396	15.4046	0.360501	76.0614	
0.860331	-0.0110186	-0.509616	-0.0557131	0.991744	-0.115497	0.506682	0.127758	0.852615	15.9044	0.481434	76.9226	
0.84987	-0.0137596	-0.526813	-0.0632831	0.989761	-0.127941	0.523179	0.142072	0.840297	16.4209	0.616765	77.7716	
0.839077	-0.0167904	-0.543754	-0.0710931	0.987568	-0.1402	0.539348	0.156296	0.827451	16.9538	0.766408	78.6081	
0.827958	-0.0201092	-0.560429	-0.0791384	0.985166	-0.152266	0.555177	0.170421	0.814085	17.5028	0.93027	79.4314	
0.816522	-0.0237139	-0.576827	-0.0874138	0.982558	-0.164132	0.570658	0.18444	0.800207	18.0674	1.10825	80.241	
0.804775	-0.0276022	-0.592938	-0.0959141	0.979744	-0.17579	0.58578	0.198342	0.785826	18.6474	1.30023	81.0365	
0.792724	-0.0317717	-0.608752	-0.104634	0.976727	-0.187233	0.600533	0.21212	0.770951	19.2424	1.50609	81.8172	
0.780378	-0.0362197	-0.624258	-0.113568	0.973508	-0.198454	0.614909	0.225765	0.755591	19.852	1.72571	82.5829	
0.767743	-0.0409436	-0.639448	-0.122711	0.97009	-0.209445	0.628898	0.239267	0.739756	20.4758	1.95894	83.3328	
0.754828	-0.0459401	-0.654311	-0.132056	0.966475	-0.2202	0.642491	0.252619	0.723456	21.1135	2.20564	84.0667	
0.741642	-0.0512064	-0.668839	-0.141598	0.962664	-0.230713	0.655681	0.265812	0.706701	21.7646	2.46566	84.784	
0.728191	-0.056739	-0.683022	-0.151331	0.95866	-0.240975	0.668459	0.278839	0.689501	22.4287	2.73882	85.4842	
0.714485	-0.0625344	-0.696851	-0.161249	0.954467	-0.250982	0.680816	0.291689	0.671869	23.1054	3.02497	86.167	
0.700532	-0.0685891	-0.710317	-0.171345	0.950086	-0.260726	0.692745	0.304357	0.653813	23.7943	3.32391	86.8319	
0.686342	-0.0748991	-0.723412	-0.181614	0.94552	-0.270202	0.704238	0.316833	0.635347	24.4949	3.63546	87.4785	
0.671922	-0.0814606	-0.736128	-0.192048	0.940772	-0.279404	0.715289	0.329109	0.616481	25.2069	3.95943	88.1063	
0.657283	-0.0882695	-0.748457	-0.202641	0.935845	-0.288325	0.72589	0.341179	0.597227	25.9297	4.29561	88.715	
0.642432	-0.0953213	-0.760391	-0.213387	0.930742	-0.296961	0.736034	0.353035	0.577598	26.6629	4.64378	89.3043	
0.627381	-0.102612	-0.771923	-0.224279	0.925466	-0.305305	0.745716	0.364668	0.557606	27.4061	5.00374	89.8736	
0.612137	-0.110136	-0.783044	-0.235309	0.920022	-0.313353	0.754929	0.376072	0.537263	28.1587	5.37525	90.4227	
0.596711	-0.11789	-0.793749	-0.246471	0.914411	-0.321099	0.763667	0.38724	0.516583	28.9203	5.75808	90.9513	
