1	0	0	0	1	0	0	0	1	0	0	0	
0.999999	2.59783e-07	-0.00160939	2.59783e-07	1	0.000322834	0.00160939	-0.000322834	0.999999	0.000613683	-0.000123101	0.762626	
0.999995	1.043e-06	-0.00322506	1.04263e-06	1	0.000646692	0.00322506	-0.000646692	0.999995	0.00245712	-0.000492794	1.52525	
0.999988	2.35534e-06	-0.00484696	2.35382e-06	1	0.000971564	0.00484696	-0.000971564	0.999988	0.00553509	-0.00110986	2.28787	
0.999979	4.20243e-06	-0.00647504	4.19862e-06	0.999999	0.00129744	0.00647504	-0.00129744	0.999978	0.00985232	-0.00197506	3.05048	
0.999967	6.58987e-06	-0.00810926	6.58223e-06	0.999999	0.0016243	0.00810926	-0.0016243	0.999966	0.0154135	-0.00308915	3.81309	
0.999952	9.52321e-06	-0.00974956	9.50979e-06	0.999998	0.00195214	0.00974956	-0.00195214	0.999951	0.0222233	-0.0044529	4.57568	
0.999935	1.3008e-05	-0.0113959	1.29864e-05	0.999997	0.00228095	0.0113959	-0.00228095	0.999932	0.0302864	-0.00606703	5.33826	
0.999915	1.70496e-05	-0.0130482	1.70172e-05	0.999997	0.00261072	0.0130482	-0.00261072	0.999911	0.0396072	-0.00793229	6.10083	
0.999892	2.16535e-05	-0.0147065	2.1607e-05	0.999996	0.00294143	0.0147065	-0.00294143	0.999888	0.0501904	-0.0100494	6.86338	
0.999866	2.68251e-05	-0.0163706	2.67609e-05	0.999995	0.00327307	0.0163706	-0.00327307	0.999861	0.0620406	-0.0124191	7.62591	
0.999837	3.25697e-05	-0.0180406	3.24838e-05	0.999993	0.00360564	0.0180406	-0.00360564	0.999831	0.075162	-0.015042	8.38842	
0.999806	3.88926e-05	-0.0197164	3.87805e-05	0.999992	0.00393911	0.0197164	-0.00393911	0.999798	0.0895593	-0.0179189	9.15091	
0.999771	4.57989e-05	-0.0213979	4.56558e-05	0.999991	0.00427349	0.0213979	-0.00427349	0.999762	0.105237	-0.0210505	9.91336	
0.999734	5.3294e-05	-0.0230852	5.31144e-05	0.999989	0.00460875	0.0230852	-0.00460875	0.999723	0.122199	-0.0244374	10.6758	
0.999693	6.13829e-05	-0.024778	6.11611e-05	0.999988	0.00494488	0.024778	-0.00494488	0.999681	0.14045	-0.0280803	11.4382	
0.999649	7.00707e-05	-0.0264765	6.98004e-05	0.999986	0.00528188	0.0264765	-0.00528188	0.999635	0.159994	-0.0319799	12.2006	
0.999603	7.93624e-05	-0.0281805	7.9037e-05	0.999984	0.00561974	0.0281805	-0.00561973	0.999587	0.180835	-0.0361369	12.9629	
0.999553	8.92631e-05	-0.0298899	8.88753e-05	0.999982	0.00595843	0.0298899	-0.00595842	0.999535	0.202978	-0.0405518	13.7252	
0.9995	9.97777e-05	-0.0316049	9.93199e-05	0.99998	0.00629795	0.0316049	-0.00629795	0.999481	0.226427	-0.0452253	14.4874	
0.999445	0.000110911	-0.0333252	0.000110375	0.999978	0.00663829	0.0333252	-0.00663828	0.999423	0.251185	-0.050158	15.2496	
0.999386	0.000122668	-0.0350508	0.000122045	0.999976	0.00697944	0.0350508	-0.00697943	0.999361	0.277258	-0.0553507	16.0118	
0.999323	0.000135053	-0.0367818	0.000134335	0.999973	0.00732138	0.0367818	-0.00732137	0.999297	0.304649	-0.0608037	16.7739	
0.999258	0.000148072	-0.038518	0.000147248	0.999971	0.0076641	0.038518	-0.00766409	0.999229	0.333362	-0.0665179	17.536	
0.999189	0.000161728	-0.0402593	0.000160789	0.999968	0.0080076	0.0402594	-0.00800758	0.999157	0.363401	-0.0724937	18.298	
0.999117	0.000176026	-0.0420059	0.000174961	0.999965	0.00835185	0.0420059	-0.00835183	0.999082	0.394769	-0.0787318	19.0599	
0.999042	0.000190972	-0.0437575	0.00018977	0.999962	0.00869686	0.0437575	-0.00869683	0.999004	0.427472	-0.0852327	19.8218	
0.998964	0.000206569	-0.0455141	0.000205218	0.999959	0.0090426	0.0455141	-0.00904257	0.998923	0.461512	-0.0919969	20.5837	
0.998882	0.000222821	-0.0472757	0.00022131	0.999956	0.00938906	0.0472757	-0.00938903	0.998838	0.496894	-0.0990251	21.3455	
0.998797	0.000239735	-0.0490422	0.00023805	0.999953	0.00973624	0.0490422	-0.0097362	0.998749	0.533622	-0.106318	22.1072	
0.998708	0.000257312	-0.0508136	0.000255442	0.999949	0.0100841	0.0508137	-0.0100841	0.998657	0.571698	-0.113876	22.8688	
0.998616	0.000275559	-0.0525899	0.000273489	0.999946	0.0104327	0.0525899	-0.0104326	0.998562	0.611127	-0.121699	23.6304	
0.998521	0.000294479	-0.0543709	0.000292194	0.999942	0.0107819	0.0543709	-0.0107819	0.998463	0.651913	-0.129788	24.3919	
0.998422	0.000314076	-0.0561567	0.000311563	0.999938	0.0111319	0.0561567	-0.0111318	0.99836	0.694058	-0.138144	25.1533	
0.99832	0.000334355	-0.0579471	0.000331598	0.999934	0.0114824	0.0579471	-0.0114824	0.998254	0.737568	-0.146767	25.9146	
0.998214	0.000355319	-0.0597421	0.000352302	0.99993	0.0118336	0.0597421	-0.0118336	0.998144	0.782444	-0.155658	26.6759	
0.998104	0.000376973	-0.0615417	0.00037368	0.999926	0.0121855	0.0615417	-0.0121854	0.99803	0.828691	-0.164817	27.437	
0.997992	0.00039932	-0.0633458	0.000395734	0.999921	0.012538	0.0633458	-0.0125379	0.997913	0.876313	-0.174244	28.1981	
0.997875	0.000422364	-0.0651544	0.000418468	0.999917	0.012891	0.0651544	-0.0128909	0.997792	0.925311	-0.18394	28.9591	
0.997755	0.000446109	-0.0669673	0.000441886	0.999912	0.0132447	0.0669674	-0.0132446	0.997667	0.975691	-0.193906	29.72	
0.997631	0.00047056	-0.0687847	0.000465989	0.999907	0.013599	0.0687847	-0.0135988	0.997539	1.02746	-0.204142	30.4808	
0.997504	0.000495719	-0.0706063	0.000490783	0.999903	0.0139538	0.0706063	-0.0139536	0.997407	1.08061	-0.214648	31.2415	
0.997373	0.00052159	-0.0724322	0.000516268	0.999897	0.0143092	0.0724322	-0.014309	0.997271	1.13515	-0.225425	32.0021	
0.997239	0.000548176	-0.0742623	0.00054245	0.999892	0.0146652	0.0742623	-0.014665	0.997131	1.19109	-0.236473	32.7626	
0.9971	0.000575482	-0.0760965	0.00056933	0.999887	0.0150217	0.0760965	-0.0150214	0.996987	1.24842	-0.247793	33.523	
0.996958	0.000603511	-0.0779348	0.000596911	0.999882	0.0153787	0.0779348	-0.0153784	0.99684	1.30715	-0.259385	34.2832	
0.996813	0.000632266	-0.0797771	0.000625196	0.999876	0.0157362	0.0797772	-0.0157359	0.996689	1.36729	-0.271249	35.0434	
0.996663	0.00066175	-0.0816235	0.000654189	0.99987	0.0160943	0.0816235	-0.016094	0.996533	1.42884	-0.283386	35.8034	
0.99651	0.000691966	-0.0834737	0.000683891	0.999864	0.0164528	0.0834738	-0.0164525	0.996374	1.49179	-0.295797	36.5634	
0.996353	0.000722919	-0.0853278	0.000714305	0.999858	0.0168118	0.0853279	-0.0168115	0.996211	1.55616	-0.308481	37.3232	
0.996192	0.00075461	-0.0871858	0.000745434	0.999852	0.0171713	0.0871859	-0.0171709	0.996044	1.62194	-0.321439	38.0828	
0.996027	0.000787044	-0.0890475	0.00077728	0.999846	0.0175313	0.0890476	-0.0175308	0.995873	1.68914	-0.334671	38.8424	
0.995859	0.000820222	-0.0909129	0.000809846	0.99984	0.0178917	0.090913	-0.0178912	0.995698	1.75776	-0.348178	39.6018	
0.995686	0.000854149	-0.092782	0.000843134	0.999833	0.0182525	0.0927821	-0.018252	0.995519	1.8278	-0.36196	40.3611	
0.995259	0.000934592	-0.0972507	0.000779918	0.999845	0.0175903	0.097252	-0.0175828	0.995104	1.90027	-0.375624	41.1201	
0.994812	0.00101212	-0.101722	0.000714033	0.999856	0.0169314	0.101725	-0.0169162	0.994669	1.97614	-0.388779	41.8788	
0.994345	0.00108674	-0.106196	0.000645498	0.999867	0.0162759	0.1062	-0.0162524	0.994212	2.05542	-0.401426	42.6372	
0.993856	0.00115844	-0.110673	0.000574328	0.999878	0.0156235	0.110678	-0.0155911	0.993734	2.13812	-0.413569	43.3953	
0.993347	0.00122725	-0.115152	0.00050054	0.999888	0.0149743	0.115157	-0.0149323	0.993235	2.22424	-0.425208	44.1529	
0.992817	0.00129315	-0.119633	0.000424149	0.999897	0.0143282	0.119639	-0.014276	0.992715	2.31377	-0.436345	44.9102	
0.992267	0.00135615	-0.124115	0.000345169	0.999906	0.0136851	0.124122	-0.0136221	0.992173	2.40672	-0.446983	45.6671	
0.991696	0.00141626	-0.128599	0.000263613	0.999915	0.0130449	0.128607	-0.0129705	0.991611	2.50309	-0.457123	46.4235	
0.991104	0.00147348	-0.133085	0.000179495	0.999923	0.0124076	0.133093	-0.0123211	0.991027	2.60288	-0.466767	47.1795	
0.990491	0.00152781	-0.137571	9.28248e-05	0.999931	0.0117732	0.13758	-0.011674	0.990422	2.70609	-0.475917	47.9351	
0.989857	0.00157926	-0.142059	3.61424e-06	0.999938	0.0111414	0.142068	-0.0110289	0.989796	2.81272	-0.484574	48.6901	
0.989202	0.00162783	-0.146547	-8.81272e-05	0.999945	0.0105124	0.146556	-0.010386	0.989148	2.92278	-0.49274	49.4447	
0.988527	0.00167352	-0.151035	-0.000182391	0.999951	0.00988601	0.151044	-0.00974504	0.988479	3.03626	-0.500416	50.1988	
0.987831	0.00171633	-0.155524	-0.000279168	0.999957	0.00926217	0.155533	-0.00910603	0.987789	3.15316	-0.507604	50.9524	
0.987113	0.00175628	-0.160012	-0.000378452	0.999963	0.00864081	0.160021	-0.0084689	0.987077	3.27348	-0.514306	51.7055	
0.986375	0.00179335	-0.164501	-0.000480236	0.999968	0.00802187	0.16451	-0.00783358	0.986344	3.39723	-0.520522	52.458	
0.985616	0.00182757	-0.168988	-0.000584516	0.999972	0.00740529	0.168997	-0.0072	0.98559	3.5244	-0.526255	53.2099	
0.984836	0.00185892	-0.173475	-0.000691286	0.999977	0.00679101	0.173484	-0.00656811	0.984815	3.655	-0.531505	53.9612	
0.984036	0.00188741	-0.177961	-0.000800544	0.999981	0.00617895	0.17797	-0.00593784	0.984018	3.78901	-0.536273	54.712	
0.983214	0.00191306	-0.182446	-0.000912286	0.999984	0.00556906	0.182454	-0.00530913	0.9832	3.92644	-0.540562	55.4621	
0.982371	0.00193585	-0.18693	-0.00102651	0.999987	0.00496126	0.186937	-0.00468191	0.982361	4.0673	-0.544372	56.2116	
0.981508	0.00195579	-0.191412	-0.00114322	0.99999	0.00435549	0.191418	-0.00405612	0.9815	4.21157	-0.547704	56.9604	
0.980624	0.00197288	-0.195891	-0.00126241	0.999992	0.00375169	0.195897	-0.0034317	0.980618	4.35926	-0.550559	57.7086	
0.979718	0.00198714	-0.200369	-0.00138408	0.999994	0.00314978	0.200374	-0.00280858	0.979715	4.51036	-0.552938	58.4561	
0.978792	0.00199855	-0.204845	-0.00150823	0.999996	0.00254972	0.204849	-0.00218669	0.978791	4.66488	-0.554843	59.2029	
0.977846	0.00200713	-0.209318	-0.00163488	0.999997	0.00195143	0.209321	-0.00156598	0.977846	4.82281	-0.556274	59.949	
0.976878	0.00201288	-0.213788	-0.00176401	0.999998	0.00135484	0.213791	-0.000946386	0.976879	4.98415	-0.557232	60.6944	
0.97589	0.00201579	-0.218256	-0.00189564	0.999998	0.000759892	0.218257	-0.000327836	0.975891	5.14889	-0.557718	61.439	
0.97488	0.00201588	-0.22272	-0.00202977	0.999998	0.000166524	0.22272	0.000289731	0.974882	5.31704	-0.557732	62.1829	
0.973851	0.00201314	-0.227181	-0.00216641	0.999998	-0.000425331	0.227179	0.000906377	0.973853	5.4886	-0.557276	62.9259	
0.9728	0.00200758	-0.231638	-0.00230557	0.999997	-0.00101574	0.231635	0.00152217	0.972802	5.66355	-0.55635	63.6682	
0.971729	0.0019992	-0.236091	-0.00244725	0.999996	-0.00160476	0.236087	0.00213716	0.97173	5.8419	-0.554955	64.4097	
0.970637	0.001988	-0.24054	-0.00259146	0.999994	-0.00219246	0.240535	0.00275143	0.970637	6.02364	-0.553091	65.1503	
0.969525	0.00197399	-0.244985	-0.00273821	0.999992	-0.0027789	0.244978	0.00336503	0.969523	6.20877	-0.550759	65.8902	
0.968392	0.00195716	-0.249426	-0.00288752	0.99999	-0.00336415	0.249417	0.00397804	0.968388	6.39729	-0.547959	66.6291	
0.967239	0.00193753	-0.253862	-0.00303939	0.999988	-0.00394826	0.253851	0.0045905	0.967232	6.58919	-0.544691	67.3672	
0.966065	0.00191508	-0.258292	-0.00319384	0.999985	-0.00453131	0.25828	0.00520249	0.966056	6.78448	-0.540957	68.1044	
0.964871	0.00188984	-0.262718	-0.00335088	0.999981	-0.00511336	0.262703	0.00581407	0.964859	6.98314	-0.536756	68.8407	
0.963656	0.00186178	-0.267138	-0.00351053	0.999978	-0.00569446	0.267122	0.0064253	0.963641	7.18517	-0.532089	69.576	
0.962422	0.00183093	-0.271553	-0.0036728	0.999974	-0.00627468	0.271534	0.00703625	0.962403	7.39056	-0.526956	70.3105	
0.961167	0.00179727	-0.275962	-0.00383771	0.999969	-0.00685408	0.275941	0.00764698	0.961144	7.59932	-0.521357	71.0439	
0.956082	0.00160101	-0.293095	-0.005726	0.999896	-0.0132165	0.293043	0.0143143	0.955992	7.81629	-0.512983	71.775	
0.950692	0.00128562	-0.310133	-0.00772745	0.999779	-0.0195435	0.310039	0.0209764	0.950492	8.04626	-0.499526	72.502	
0.945	0.000851226	-0.327069	-0.00984134	0.999618	-0.0258329	0.326922	0.0276309	0.944647	8.28915	-0.48099	73.2246	
0.939007	0.000297982	-0.343898	-0.0120669	0.999412	-0.0320824	0.343687	0.0342754	0.938459	8.54487	-0.457384	73.9427	
0.932715	-0.000373913	-0.360614	-0.0144033	0.999163	-0.0382897	0.360326	0.0409074	0.931929	8.81333	-0.428715	74.6559	
