1	0	0	0	1	0	0	0	1	0	0	0	
0.999998	-1.03135e-06	0.00207843	-1.03135e-06	1	0.000992437	-0.00207843	-0.000992437	0.999997	-0.000862337	-0.000411761	0.829797	
0.999991	-4.13471e-06	0.00416196	-4.13297e-06	0.999998	0.00198648	-0.00416196	-0.00198648	0.999989	-0.00345147	-0.00164771	1.65959	
0.99998	-9.32339e-06	0.00625052	-9.31645e-06	0.999996	0.00298209	-0.00625052	-0.00298209	0.999976	-0.00777159	-0.00370917	2.48937	
0.999965	-1.66105e-05	0.00834406	-1.65931e-05	0.999992	0.00397923	-0.00834406	-0.00397923	0.999957	-0.0138269	-0.00659741	3.31914	
0.999945	-2.6009e-05	0.0104425	-2.59741e-05	0.999988	0.00497787	-0.0104425	-0.00497787	0.999933	-0.0216214	-0.0103137	4.1489	
0.999921	-3.75315e-05	0.0125458	-3.74704e-05	0.999982	0.00597797	-0.0125458	-0.00597797	0.999903	-0.0311592	-0.0148593	4.97863	
0.999893	-5.11905e-05	0.0146538	-5.10925e-05	0.999976	0.0069795	-0.0146538	-0.0069795	0.999868	-0.0424443	-0.0202353	5.80833	
0.999859	-6.69983e-05	0.0167666	-6.68509e-05	0.999968	0.00798241	-0.0167666	-0.00798241	0.999828	-0.0554806	-0.026443	6.638	
0.999822	-8.49667e-05	0.0188839	-8.47557e-05	0.99996	0.00898668	-0.0188839	-0.00898668	0.999781	-0.070272	-0.0334835	7.46764	
0.999779	-0.000105108	0.0210059	-0.000104817	0.99995	0.00999227	-0.0210059	-0.00999226	0.999729	-0.0868222	-0.0413578	8.29724	
0.999732	-0.000127433	0.0231323	-0.000127044	0.999939	0.0109991	-0.0231323	-0.0109991	0.999672	-0.105135	-0.0500671	9.12679	
0.999681	-0.000151953	0.0252631	-0.000151447	0.999928	0.0120072	-0.0252632	-0.0120072	0.999609	-0.125214	-0.0596125	9.95629	
0.999625	-0.00017868	0.0273984	-0.000178035	0.999915	0.0130166	-0.0273984	-0.0130166	0.99954	-0.147064	-0.0699948	10.7857	
0.999564	-0.000207624	0.0295379	-0.000206816	0.999902	0.0140271	-0.0295379	-0.0140271	0.999465	-0.170686	-0.0812152	11.6151	
0.999498	-0.000238797	0.0316816	-0.0002378	0.999887	0.0150387	-0.0316816	-0.0150387	0.999385	-0.196086	-0.0932745	12.4444	
0.999428	-0.000272207	0.0338294	-0.000270994	0.999871	0.0160514	-0.0338295	-0.0160514	0.999299	-0.223267	-0.106174	13.2737	
0.999352	-0.000307867	0.0359814	-0.000306408	0.999854	0.0170653	-0.0359814	-0.0170652	0.999207	-0.252231	-0.119914	14.1029	
0.999272	-0.000345785	0.0381374	-0.000344049	0.999836	0.0180801	-0.0381374	-0.0180801	0.999109	-0.282983	-0.134496	14.932	
0.999188	-0.000385971	0.0402973	-0.000383925	0.999818	0.0190959	-0.0402973	-0.0190959	0.999005	-0.315525	-0.14992	15.761	
0.999098	-0.000428435	0.042461	-0.000426044	0.999798	0.0201127	-0.0424611	-0.0201127	0.998896	-0.349862	-0.166188	16.5899	
0.999004	-0.000473185	0.0446286	-0.000470412	0.999777	0.0211305	-0.0446286	-0.0211304	0.99878	-0.385995	-0.183299	17.4187	
0.998904	-0.000520232	0.0467999	-0.000517037	0.999755	0.0221491	-0.0468	-0.022149	0.998659	-0.423929	-0.201256	18.2475	
0.9988	-0.000569584	0.0489749	-0.000565925	0.999731	0.0231685	-0.0489749	-0.0231684	0.998531	-0.463666	-0.220058	19.0761	
0.998691	-0.000621248	0.0511535	-0.000617084	0.999707	0.0241888	-0.0511535	-0.0241887	0.998398	-0.505209	-0.239706	19.9046	
0.998576	-0.000675235	0.0533356	-0.000670518	0.999682	0.0252099	-0.0533356	-0.0252098	0.998258	-0.548562	-0.260202	20.733	
0.998457	-0.000731551	0.0555211	-0.000726236	0.999656	0.0262317	-0.0555212	-0.0262316	0.998113	-0.593726	-0.281545	21.5613	
0.998333	-0.000790204	0.05771	-0.000784241	0.999628	0.0272542	-0.0577101	-0.0272541	0.997961	-0.640706	-0.303736	22.3895	
0.998204	-0.000851202	0.0599023	-0.00084454	0.9996	0.0282775	-0.0599024	-0.0282773	0.997804	-0.689503	-0.326776	23.2176	
0.99807	-0.000914553	0.0620978	-0.000907137	0.99957	0.0293013	-0.0620979	-0.0293011	0.99764	-0.740121	-0.350665	24.0455	
0.99793	-0.000980263	0.0642964	-0.000972039	0.99954	0.0303258	-0.0642965	-0.0303255	0.99747	-0.792562	-0.375404	24.8732	
0.997786	-0.00104834	0.0664982	-0.00103925	0.999508	0.0313508	-0.0664983	-0.0313505	0.997294	-0.846828	-0.400993	25.7009	
0.997637	-0.00111879	0.068703	-0.00110877	0.999475	0.0323764	-0.0687031	-0.032376	0.997112	-0.902923	-0.427434	26.5283	
0.997482	-0.00119162	0.0709107	-0.00118061	0.999441	0.0334025	-0.0709109	-0.0334021	0.996923	-0.960849	-0.454725	27.3557	
0.997322	-0.00126683	0.0731214	-0.00125478	0.999406	0.034429	-0.0731216	-0.0344286	0.996729	-1.02061	-0.482868	28.1828	
0.997157	-0.00134443	0.0753348	-0.00133127	0.99937	0.035456	-0.075335	-0.0354555	0.996528	-1.0822	-0.511862	29.0098	
0.996987	-0.00142443	0.077551	-0.00141008	0.999333	0.0364833	-0.0775513	-0.0364828	0.996321	-1.14564	-0.54171	29.8367	
0.996812	-0.00150684	0.0797699	-0.00149123	0.999295	0.0375111	-0.0797702	-0.0375105	0.996107	-1.21091	-0.572409	30.6633	
0.996632	-0.00159165	0.0819914	-0.00157472	0.999256	0.0385391	-0.0819917	-0.0385384	0.995888	-1.27802	-0.603962	31.4898	
0.996446	-0.00167887	0.0842154	-0.00166054	0.999216	0.0395675	-0.0842158	-0.0395667	0.995662	-1.34698	-0.636368	32.3161	
0.996255	-0.00176851	0.0864419	-0.00174871	0.999174	0.0405961	-0.0864423	-0.0405953	0.995429	-1.41779	-0.669627	33.1422	
0.996059	-0.00186057	0.0886708	-0.00183921	0.999132	0.041625	-0.0886712	-0.041624	0.995191	-1.49044	-0.70374	33.9681	
0.995858	-0.00195506	0.090902	-0.00193206	0.999088	0.042654	-0.0909025	-0.0426529	0.994946	-1.56495	-0.738706	34.7938	
0.995651	-0.00205197	0.0931355	-0.00202726	0.999043	0.0436832	-0.093136	-0.043682	0.994695	-1.6413	-0.774526	35.6193	
0.995439	-0.00215132	0.0953711	-0.00212481	0.998998	0.0447125	-0.0953717	-0.0447112	0.994437	-1.71952	-0.811201	36.4446	
0.995222	-0.0022531	0.0976088	-0.0022247	0.998951	0.0457419	-0.0976095	-0.0457405	0.994173	-1.79958	-0.848729	37.2697	
0.995	-0.00235732	0.0998486	-0.00232695	0.998903	0.0467713	-0.0998493	-0.0467698	0.993903	-1.88151	-0.887111	38.0945	
0.994772	-0.00246399	0.10209	-0.00243155	0.998854	0.0478008	-0.102091	-0.0477992	0.993626	-1.96529	-0.926348	38.9191	
0.994539	-0.0025731	0.104334	-0.0025385	0.998804	0.0488303	-0.104335	-0.0488285	0.993343	-2.05094	-0.966439	39.7435	
0.994301	-0.00268466	0.106579	-0.0026478	0.998753	0.0498597	-0.10658	-0.0498577	0.993053	-2.13845	-1.00738	40.5677	
0.994057	-0.00279866	0.108827	-0.00275946	0.998701	0.050889	-0.108828	-0.0508869	0.992757	-2.22782	-1.04918	41.3916	
0.993808	-0.00291512	0.111076	-0.00287346	0.998647	0.0519182	-0.111077	-0.0519159	0.992455	-2.31906	-1.09184	42.2153	
0.993553	-0.00303403	0.113326	-0.00298982	0.998593	0.0529473	-0.113327	-0.0529448	0.992146	-2.41216	-1.13534	43.0387	
0.993293	-0.00315539	0.115578	-0.00310853	0.998537	0.0539762	-0.115579	-0.0539734	0.991831	-2.50714	-1.1797	43.8618	
0.993028	-0.00327921	0.117832	-0.00322959	0.998481	0.0550048	-0.117833	-0.0550019	0.991509	-2.60398	-1.22492	44.6847	
0.992758	-0.00340549	0.120087	-0.003353	0.998423	0.0560332	-0.120088	-0.0560301	0.991181	-2.70269	-1.27098	45.5073	
0.992482	-0.00353422	0.122343	-0.00347875	0.998365	0.0570613	-0.122344	-0.0570579	0.990846	-2.80328	-1.3179	46.3297	
0.991916	-0.00379084	0.126838	-0.00335265	0.998422	0.0560588	-0.126851	-0.0560308	0.990338	-2.90667	-1.36482	47.1516	
0.99133	-0.00404311	0.131337	-0.00322249	0.998478	0.0550606	-0.13136	-0.0550064	0.989808	-3.0138	-1.41089	47.9732	
0.990722	-0.00429101	0.135839	-0.00308829	0.998533	0.0540667	-0.135871	-0.0539846	0.989255	-3.12468	-1.45611	48.7943	
0.990093	-0.00453454	0.140342	-0.00295006	0.998586	0.053077	-0.140385	-0.0529652	0.988679	-3.23929	-1.50049	49.615	
0.989442	-0.00477367	0.144848	-0.00280781	0.998638	0.0520914	-0.1449	-0.0519481	0.988082	-3.35766	-1.54402	50.4351	
0.988771	-0.00500842	0.149356	-0.00266155	0.99869	0.0511096	-0.149416	-0.0509332	0.987462	-3.47977	-1.5867	51.2548	
0.988078	-0.00523875	0.153865	-0.00251129	0.998739	0.0501317	-0.153933	-0.0499204	0.986819	-3.60563	-1.62854	52.0739	
0.987364	-0.00546466	0.158375	-0.00235702	0.998788	0.0491574	-0.158451	-0.0489095	0.986155	-3.73524	-1.66955	52.8925	
0.986629	-0.00568615	0.162885	-0.00219876	0.998836	0.0481866	-0.16297	-0.0479004	0.985468	-3.8686	-1.70972	53.7105	
0.985872	-0.00590319	0.167396	-0.0020365	0.998882	0.0472192	-0.167488	-0.046893	0.984758	-4.0057	-1.74905	54.528	
0.985094	-0.00611578	0.171908	-0.00187024	0.998928	0.046255	-0.172006	-0.0458871	0.984027	-4.14656	-1.78754	55.3448	
0.984295	-0.00632391	0.176419	-0.00169999	0.998972	0.045294	-0.176524	-0.0448826	0.983273	-4.29116	-1.8252	56.161	
0.983475	-0.00652757	0.180929	-0.00152572	0.999016	0.0443359	-0.18104	-0.0438793	0.982496	-4.43952	-1.86203	56.9766	
0.982633	-0.00672675	0.185438	-0.00134745	0.999058	0.0433808	-0.185555	-0.0428772	0.981698	-4.59162	-1.89802	57.7916	
0.98177	-0.00692143	0.189947	-0.00116515	0.999099	0.0424283	-0.190069	-0.0418762	0.980877	-4.74746	-1.93319	58.6059	
0.980886	-0.00711162	0.194453	-0.000978828	0.999139	0.0414784	-0.194581	-0.040876	0.980034	-4.90705	-1.96752	59.4194	
0.979981	-0.00729729	0.198958	-0.000788461	0.999178	0.040531	-0.19909	-0.0398765	0.97917	-5.07039	-2.00102	60.2323	
0.979055	-0.00747845	0.203461	-0.000594038	0.999216	0.0395859	-0.203597	-0.0388777	0.978283	-5.23746	-2.0337	61.0445	
0.978107	-0.00765507	0.207961	-0.000395544	0.999253	0.0386431	-0.208101	-0.0378793	0.977374	-5.40828	-2.06555	61.8559	
0.977139	-0.00782715	0.212458	-0.000192962	0.999289	0.0377022	-0.212602	-0.0368813	0.976443	-5.58283	-2.09656	62.6665	
0.97615	-0.00799469	0.216952	1.37291e-05	0.999324	0.0367633	-0.217099	-0.0358835	0.97549	-5.76111	-2.12675	63.4764	
0.975139	-0.00815766	0.221443	0.000224549	0.999358	0.0358262	-0.221593	-0.0348858	0.974515	-5.94312	-2.15612	64.2854	
0.974108	-0.00831607	0.22593	0.00043952	0.999391	0.0348908	-0.226082	-0.0338881	0.973519	-6.12886	-2.18465	65.0936	
0.973056	-0.0084699	0.230412	0.000658668	0.999423	0.0339569	-0.230567	-0.0328902	0.9725	-6.31833	-2.21236	65.9011	
0.971984	-0.00861914	0.234891	0.00088202	0.999454	0.0330244	-0.235047	-0.031892	0.971461	-6.51151	-2.23924	66.7076	
0.97089	-0.00876378	0.239365	0.0011096	0.999484	0.0320931	-0.239522	-0.0308933	0.970399	-6.70841	-2.26529	67.5133	
0.969776	-0.00890382	0.243833	0.00134145	0.999513	0.0311631	-0.243992	-0.0298941	0.969316	-6.90902	-2.29051	68.3181	
0.968642	-0.00903925	0.248296	0.00157759	0.999542	0.030234	-0.248456	-0.0288942	0.968212	-7.11334	-2.3149	69.1219	
0.967487	-0.00917005	0.252754	0.00181805	0.999569	0.0293058	-0.252914	-0.0278934	0.967087	-7.32135	-2.33846	69.9249	
0.966312	-0.00929622	0.257206	0.00206288	0.999595	0.0283783	-0.257366	-0.0268917	0.96594	-7.53307	-2.36119	70.7269	
0.96215	-0.00961114	0.272351	0.00565209	0.999867	0.0153174	-0.272462	-0.0131983	0.962076	-7.7529	-2.37782	71.5269	
0.957752	-0.00971088	0.287432	0.00944503	0.999953	0.00231158	-0.287441	0.000500881	0.957798	-7.98521	-2.38309	72.3235	
0.953119	-0.0095954	0.302443	0.0134401	0.999853	-0.0106335	-0.302296	0.0141998	0.953108	-8.2299	-2.37699	73.1163	
0.948254	-0.00926475	0.317376	0.0176355	0.999568	-0.0235122	-0.317021	0.0278926	0.948008	-8.48687	-2.35953	73.9051	
0.943159	-0.00871908	0.332227	0.0220295	0.999097	-0.036319	-0.33161	0.0415734	0.9425	-8.75599	-2.3307	74.6895	
0.937836	-0.00795862	0.346987	0.0266203	0.998442	-0.0490485	-0.346056	0.0552364	0.936586	-9.03717	-2.29054	75.4692	
0.932287	-0.00698369	0.361652	0.0314057	0.997601	-0.0616951	-0.360354	0.0688755	0.93027	-9.33026	-2.23904	76.2438	
0.926515	-0.00579471	0.376214	0.0363838	0.996575	-0.0742535	-0.374496	0.082485	0.923552	-9.63516	-2.17624	77.0129	
0.920521	-0.0043922	0.390668	0.0415524	0.995366	-0.0867181	-0.388477	0.096059	0.916438	-9.95173	-2.10216	77.7764	
0.91431	-0.00277677	0.405007	0.0469092	0.993973	-0.0990837	-0.40229	0.109592	0.908929	-10.2798	-2.01683	78.5337	
0.907882	-0.000949094	0.419224	0.0524521	0.992397	-0.111345	-0.415931	0.123077	0.901029	-10.6193	-1.92029	79.2847	
0.901242	0.00109003	0.433315	0.0581786	0.990638	-0.123496	-0.429393	0.13651	0.892741	-10.9701	-1.81259	80.029	
0.894392	0.00333972	0.447272	0.0640862	0.988698	-0.135533	-0.44267	0.149884	0.884069	-11.3319	-1.69376	80.7662	
