1	0	0	0	1	0	0	0	1	0	0	0	
0.999999	4.16599e-06	-0.00147952	4.16599e-06	0.999984	0.0056315	0.00147952	-0.0056315	0.999983	0.000762926	-0.00290393	1.03131	
0.999996	1.66737e-05	-0.00296012	1.66678e-05	0.999937	0.0112632	0.00296012	-0.0112632	0.999932	0.00305226	-0.0116158	2.06258	
0.99999	3.7536e-05	-0.00444176	3.75126e-05	0.999857	0.0168948	0.00444176	-0.0168948	0.999847	0.0068691	-0.0261357	3.09378	
0.999982	6.67654e-05	-0.00592438	6.67069e-05	0.999746	0.0225263	0.00592438	-0.0225263	0.999729	0.0122145	-0.0464635	4.12488	
0.999973	0.000104374	-0.00740793	0.000104257	0.999603	0.0281573	0.00740793	-0.0281573	0.999576	0.0190894	-0.0725989	5.15584	
0.99996	0.000150374	-0.00889235	0.00015017	0.999429	0.0337877	0.00889235	-0.0337877	0.999389	0.0274948	-0.104541	6.18662	
0.999946	0.000204777	-0.0103776	0.00020445	0.999223	0.0394173	0.0103776	-0.0394173	0.999169	0.0374315	-0.14229	7.21719	
0.99993	0.000267594	-0.0118636	0.000267103	0.998985	0.0450458	0.0118636	-0.0450458	0.998914	0.0489003	-0.185844	8.24752	
0.999911	0.000338836	-0.0133503	0.000338134	0.998715	0.0506732	0.0133504	-0.0506732	0.998626	0.0619021	-0.235202	9.27757	
0.99989	0.000418513	-0.0148377	0.000417548	0.998414	0.0562991	0.0148378	-0.0562991	0.998304	0.0764376	-0.290364	10.3073	
0.999867	0.000506636	-0.0163257	0.000505349	0.998081	0.0619234	0.0163258	-0.0619234	0.997947	0.0925073	-0.351326	11.3367	
0.999841	0.000603214	-0.0178143	0.000601541	0.997716	0.0675459	0.0178143	-0.0675459	0.997557	0.110112	-0.418088	12.3657	
0.999813	0.000708258	-0.0193034	0.000706129	0.997319	0.0731664	0.0193034	-0.0731663	0.997133	0.129252	-0.490647	13.3943	
0.999783	0.000821776	-0.0207929	0.000819114	0.996891	0.0787846	0.020793	-0.0787846	0.996675	0.149928	-0.569002	14.4224	
0.999751	0.000943777	-0.0222828	0.000940501	0.996431	0.0844005	0.0222829	-0.0844004	0.996183	0.17214	-0.65315	15.45	
0.999717	0.00107427	-0.023773	0.00107029	0.99594	0.0900137	0.0237732	-0.0900136	0.995657	0.19589	-0.743088	16.4771	
0.99968	0.00121326	-0.0252636	0.00120849	0.995417	0.0956241	0.0252638	-0.095624	0.995097	0.221176	-0.838813	17.5037	
0.999641	0.00136076	-0.0267543	0.0013551	0.994862	0.101231	0.0267546	-0.101231	0.994503	0.248	-0.940323	18.5296	
0.9996	0.00151678	-0.0282453	0.00151011	0.994276	0.106836	0.0282456	-0.106836	0.993875	0.276361	-1.04761	19.5549	
0.999556	0.00168132	-0.0297364	0.00167354	0.993658	0.112436	0.0297368	-0.112436	0.993214	0.30626	-1.16068	20.5796	
0.999511	0.00185438	-0.0312275	0.00184538	0.993008	0.118034	0.0312281	-0.118033	0.992518	0.337697	-1.27953	21.6036	
0.999463	0.00203599	-0.0327187	0.00202564	0.992327	0.123627	0.0327193	-0.123627	0.991789	0.370672	-1.40414	22.6268	
0.999412	0.00222613	-0.0342098	0.0022143	0.991614	0.129216	0.0342106	-0.129216	0.991026	0.405185	-1.53452	23.6492	
0.99936	0.00242483	-0.0357009	0.00241139	0.99087	0.134801	0.0357018	-0.134801	0.990229	0.441236	-1.67066	24.6709	
0.999305	0.00263207	-0.0371918	0.00261688	0.990094	0.140382	0.0371929	-0.140382	0.989399	0.478825	-1.81256	25.6917	
0.999247	0.00284788	-0.0386825	0.00283079	0.989287	0.145958	0.0386838	-0.145958	0.988534	0.517951	-1.96022	26.7116	
0.999188	0.00307225	-0.040173	0.00305312	0.988448	0.15153	0.0401744	-0.151529	0.987636	0.558615	-2.11362	27.7307	
0.999126	0.00330519	-0.0416631	0.00328385	0.987578	0.157096	0.0416648	-0.157096	0.986704	0.600816	-2.27276	28.7488	
0.999062	0.00354669	-0.0431529	0.00352299	0.986676	0.162657	0.0431548	-0.162657	0.985739	0.644554	-2.43765	29.7659	
0.998996	0.00379678	-0.0446423	0.00377054	0.985743	0.168213	0.0446445	-0.168212	0.984739	0.689828	-2.60826	30.782	
0.998927	0.00405544	-0.0461312	0.0040265	0.984779	0.173763	0.0461337	-0.173763	0.983706	0.736639	-2.78461	31.797	
0.998856	0.00432269	-0.0476195	0.00429086	0.983784	0.179308	0.0476224	-0.179307	0.98264	0.784985	-2.96667	32.811	
0.998783	0.00459852	-0.0491073	0.00456362	0.982757	0.184846	0.0491106	-0.184845	0.98154	0.834866	-3.15445	33.8238	
0.998707	0.00488295	-0.0505945	0.00484478	0.981699	0.190378	0.0505982	-0.190377	0.980406	0.886282	-3.34793	34.8355	
0.998629	0.00517596	-0.052081	0.00513433	0.98061	0.195904	0.0520851	-0.195903	0.979239	0.939231	-3.54712	35.846	
0.998549	0.00547756	-0.0535667	0.00543228	0.979489	0.201424	0.0535713	-0.201422	0.978038	0.993714	-3.75201	36.8553	
0.998467	0.00578775	-0.0550517	0.00573861	0.978338	0.206936	0.0550568	-0.206935	0.976804	1.04973	-3.96258	37.8633	
0.998382	0.00610654	-0.0565357	0.00605332	0.977155	0.212442	0.0565415	-0.21244	0.975537	1.10728	-4.17883	38.8701	
0.998295	0.00643393	-0.0580189	0.00637641	0.975941	0.21794	0.0580253	-0.217939	0.974236	1.16635	-4.40076	39.8755	
0.998205	0.00676991	-0.0595011	0.00670787	0.974697	0.223432	0.0595082	-0.22343	0.972902	1.22696	-4.62836	40.8795	
0.998113	0.00711449	-0.0609823	0.00704769	0.973421	0.228915	0.0609901	-0.228913	0.971534	1.2891	-4.86161	41.8822	
0.998019	0.00746766	-0.0624624	0.00739588	0.972114	0.234391	0.062471	-0.234389	0.970134	1.35276	-5.10052	42.8834	
0.997923	0.00782943	-0.0639414	0.00775242	0.970777	0.239859	0.0639508	-0.239857	0.9687	1.41795	-5.34506	43.8832	
0.997824	0.00819979	-0.0654193	0.00811732	0.969408	0.245319	0.0654295	-0.245317	0.967233	1.48467	-5.59525	44.8815	
0.997723	0.00857875	-0.0668958	0.00849055	0.968009	0.250771	0.0669071	-0.250768	0.965732	1.55291	-5.85106	45.8782	
0.99762	0.00896629	-0.0683711	0.00887212	0.966579	0.256214	0.0683834	-0.256211	0.964199	1.62267	-6.11249	46.8734	
0.997514	0.00936243	-0.069845	0.00926202	0.965119	0.261648	0.0698584	-0.261645	0.962633	1.69396	-6.37952	47.867	
0.997406	0.00976715	-0.0713176	0.00966024	0.963628	0.267074	0.0713321	-0.26707	0.961033	1.76676	-6.65216	48.859	
0.997295	0.0101805	-0.0727887	0.0100668	0.962106	0.272491	0.0728045	-0.272486	0.959401	1.84109	-6.93038	49.8493	
0.997183	0.0106023	-0.0742582	0.0104816	0.960553	0.277898	0.0742754	-0.277893	0.957736	1.91693	-7.21419	50.8378	
0.997068	0.0110328	-0.0757262	0.0109047	0.958971	0.283296	0.0757448	-0.283291	0.956038	1.99429	-7.50357	51.8247	
0.99695	0.0114719	-0.0771926	0.0113362	0.957357	0.288684	0.0772127	-0.288678	0.954308	2.07316	-7.79851	52.8098	
0.99683	0.0119195	-0.0786573	0.0117759	0.955714	0.294062	0.0786789	-0.294056	0.952544	2.15355	-8.099	53.7931	
0.996708	0.0123757	-0.0801203	0.0122238	0.95404	0.299431	0.0801436	-0.299424	0.950748	2.23545	-8.40504	54.7745	
0.996584	0.0128404	-0.0815815	0.0126801	0.952336	0.304789	0.0816065	-0.304782	0.94892	2.31885	-8.7166	55.7541	
0.996457	0.0133137	-0.0830408	0.0131445	0.950601	0.310136	0.0830677	-0.310129	0.947058	2.40377	-9.03368	56.7318	
0.996328	0.0137955	-0.0844983	0.0136173	0.948837	0.315474	0.0845272	-0.315466	0.945165	2.49019	-9.35628	57.7075	
0.996197	0.0142859	-0.0859537	0.0140982	0.947042	0.3208	0.0859847	-0.320792	0.943239	2.57812	-9.68437	58.6813	
0.996063	0.0147849	-0.0874072	0.0145874	0.945217	0.326116	0.0874404	-0.326107	0.94128	2.66755	-10.0179	59.653	
0.995927	0.0152924	-0.0888587	0.0150847	0.943363	0.33142	0.0888941	-0.33141	0.93929	2.75847	-10.357	60.6228	
0.995788	0.0158084	-0.090308	0.0155903	0.941478	0.336713	0.0903459	-0.336703	0.937267	2.8509	-10.7015	61.5904	
0.995648	0.0163329	-0.0917551	0.016104	0.939564	0.341994	0.0917955	-0.341984	0.935212	2.94482	-11.0515	62.556	
0.995505	0.0168659	-0.0932	0.016626	0.93762	0.347264	0.0932431	-0.347253	0.933124	3.04024	-11.4069	63.5194	
0.995359	0.0174074	-0.0946426	0.017156	0.935646	0.352522	0.0946885	-0.35251	0.931005	3.13715	-11.7677	64.4807	
0.995211	0.0179575	-0.0960829	0.0176943	0.933643	0.357768	0.0961317	-0.357755	0.928854	3.23555	-12.134	65.4397	
0.994702	0.0198197	-0.100868	0.0183649	0.931189	0.364073	0.101143	-0.363997	0.925892	3.33727	-12.5062	66.3961	
0.994167	0.0217141	-0.105639	0.0190697	0.928693	0.37036	0.106148	-0.370214	0.922862	3.44417	-12.8848	67.3495	
0.993607	0.0236407	-0.110393	0.0198087	0.926154	0.376625	0.111145	-0.376404	0.919764	3.55621	-13.2698	68.2996	
0.99302	0.0255994	-0.115132	0.0205816	0.923573	0.38287	0.116134	-0.382568	0.9166	3.67341	-13.6611	69.2466	
0.989873	0.035071	-0.137558	0.0215927	0.92053	0.390075	0.140307	-0.389094	0.91045	3.80566	-14.0591	70.1888	
0.986133	0.0446996	-0.159826	0.0227942	0.917437	0.397228	0.164386	-0.395363	0.903696	3.96278	-14.4636	71.1243	
0.981803	0.0544789	-0.18192	0.0241851	0.914295	0.404326	0.188356	-0.401368	0.89634	4.14468	-14.8745	72.0525	
0.976887	0.0644024	-0.203826	0.0257646	0.911107	0.411364	0.2122	-0.407107	0.888389	4.35125	-15.2914	72.9729	
0.971386	0.0744634	-0.22553	0.0275316	0.907875	0.418336	0.235904	-0.412575	0.879847	4.58233	-15.7141	73.8847	
0.965306	0.0846553	-0.247017	0.0294848	0.904601	0.425239	0.25945	-0.417769	0.870721	4.83777	-16.1423	74.7875	
0.95865	0.0949713	-0.268273	0.0316231	0.901287	0.432067	0.282825	-0.422685	0.861015	5.11742	-16.5757	75.6805	
0.951423	0.105405	-0.289283	0.033945	0.897935	0.438817	0.306011	-0.42732	0.850738	5.42107	-17.014	76.5632	
0.943628	0.115948	-0.310035	0.0364489	0.894548	0.445484	0.328994	-0.431671	0.839895	5.74853	-17.457	77.4351	
0.935273	0.126595	-0.330513	0.0391333	0.891127	0.452062	0.351758	-0.435736	0.828493	6.09958	-17.9043	78.2954	
0.926361	0.137338	-0.350704	0.0419962	0.887676	0.458549	0.374288	-0.43951	0.816541	6.474	-18.3557	79.1438	
0.916899	0.14817	-0.370596	0.0450358	0.884196	0.464939	0.39657	-0.442993	0.804046	6.87152	-18.8108	79.9795	
0.906894	0.159084	-0.390174	0.0482502	0.88069	0.471229	0.418588	-0.446181	0.791017	7.29188	-19.2693	80.802	
0.896351	0.170073	-0.409426	0.051637	0.87716	0.477414	0.440327	-0.449072	0.777461	7.73481	-19.731	81.6109	
0.885279	0.181128	-0.428339	0.0551942	0.873608	0.48349	0.461774	-0.451665	0.763389	8.20001	-20.1955	82.4055	
0.873683	0.192244	-0.4469	0.0589193	0.870037	0.489453	0.482914	-0.453958	0.74881	8.68717	-20.6625	83.1853	
0.861573	0.203413	-0.465097	0.0628098	0.866449	0.495299	0.503733	-0.455948	0.733733	9.19597	-21.1317	83.9498	
0.848955	0.214626	-0.482918	0.0668632	0.862847	0.501024	0.524218	-0.457636	0.718168	9.72607	-21.6028	84.6985	
0.835839	0.225878	-0.500352	0.0710768	0.859232	0.506624	0.544353	-0.45902	0.702126	10.2771	-22.0755	85.4309	
0.822234	0.237159	-0.517385	0.0754477	0.855608	0.512096	0.564127	-0.460098	0.685617	10.8487	-22.5495	86.1466	
0.808147	0.248463	-0.534008	0.0799731	0.851976	0.517436	0.583526	-0.460871	0.668652	11.4406	-23.0244	86.845	
0.793589	0.259783	-0.550209	0.08465	0.84834	0.522641	0.602537	-0.461337	0.651243	12.0522	-23.5	87.5256	
0.778569	0.27111	-0.565977	0.0894752	0.844701	0.527707	0.621148	-0.461497	0.633401	12.6832	-23.9759	88.1881	
0.763097	0.282437	-0.581302	0.0944456	0.841062	0.53263	0.639345	-0.46135	0.615137	13.3333	-24.4518	88.8319	
0.747184	0.293757	-0.596173	0.0995578	0.837426	0.537407	0.657118	-0.460896	0.596465	14.0018	-24.9274	89.4567	
0.73084	0.305062	-0.610581	0.104808	0.833794	0.542036	0.674454	-0.460136	0.577397	14.6885	-25.4023	90.0621	
0.714076	0.316345	-0.624517	0.110194	0.830169	0.546513	0.691341	-0.45907	0.557945	15.3928	-25.8764	90.6476	
0.696903	0.327598	-0.63797	0.115711	0.826554	0.550835	0.707769	-0.457699	0.538121	16.1143	-26.3491	91.2128	
0.679332	0.338813	-0.650933	0.121356	0.822951	0.554999	0.723727	-0.456023	0.51794	16.8525	-26.8203	91.7574	
0.661376	0.349983	-0.663396	0.127124	0.819363	0.559003	0.739203	-0.454045	0.497415	17.6069	-27.2896	92.281	
