1	0	0	0	1	0	0	0	1	0	0	0	
0.999989	2.19391e-06	0.00468537	2.19391e-06	1	-0.000936489	-0.00468537	0.000936489	0.999989	-0.00223384	0.000446489	0.953532	
0.999956	8.78353e-06	0.0093745	8.78488e-06	0.999998	-0.00187402	-0.0093745	0.00187402	0.999954	-0.00893714	0.00178645	1.90704	
0.999901	1.97808e-05	0.0140672	1.97862e-05	0.999996	-0.00281256	-0.0140672	0.00281256	0.999897	-0.0201134	0.00402087	2.86051	
0.999824	3.51974e-05	0.0187634	3.52109e-05	0.999993	-0.00375208	-0.0187634	0.00375208	0.999817	-0.0357661	0.00715068	3.81391	
0.999725	5.50445e-05	0.0234629	5.50716e-05	0.999989	-0.00469253	-0.0234629	0.00469253	0.999714	-0.0558982	0.0111768	4.76722	
0.999603	7.93334e-05	0.0281654	7.93807e-05	0.999984	-0.0056339	-0.0281654	0.0056339	0.999587	-0.080513	0.0161001	5.72043	
0.99946	0.000108075	0.0328709	0.00010815	0.999978	-0.00657615	-0.0328709	0.00657615	0.999438	-0.109613	0.0219215	6.6735	
0.999294	0.000141279	0.0375792	0.000141392	0.999972	-0.00751924	-0.0375792	0.00751924	0.999265	-0.143202	0.0286417	7.62642	
0.999105	0.000178956	0.0422901	0.000179118	0.999964	-0.00846315	-0.0422901	0.00846315	0.99907	-0.181281	0.0362616	8.57916	
0.998895	0.000221115	0.0470034	0.000221339	0.999956	-0.00940783	-0.0470034	0.00940783	0.99885	-0.223853	0.044782	9.53171	
0.998662	0.000267767	0.051719	0.000268066	0.999946	-0.0103533	-0.051719	0.0103533	0.998608	-0.270921	0.0542034	10.484	
0.998406	0.000318921	0.0564368	0.00031931	0.999936	-0.0112994	-0.0564367	0.0112994	0.998342	-0.322486	0.0645268	11.4361	
0.998128	0.000374585	0.0611564	0.00037508	0.999925	-0.0122462	-0.0611564	0.0122462	0.998053	-0.378551	0.0757526	12.3879	
0.997828	0.000434769	0.0658779	0.000435388	0.999913	-0.0131937	-0.0658779	0.0131937	0.99774	-0.439117	0.0878816	13.3395	
0.997505	0.000499479	0.0706009	0.000500242	0.9999	-0.0141418	-0.0706009	0.0141418	0.997404	-0.504186	0.100914	14.2907	
0.997159	0.000568726	0.0753255	0.000569652	0.999886	-0.0150904	-0.0753254	0.0150905	0.997045	-0.573759	0.114851	15.2416	
0.996791	0.000642516	0.0800513	0.000643628	0.999871	-0.0160397	-0.0800512	0.0160397	0.996662	-0.647838	0.129693	16.1921	
0.9964	0.000720856	0.0847782	0.000722178	0.999855	-0.0169894	-0.0847782	0.0169894	0.996255	-0.726423	0.14544	17.1423	
0.995986	0.000803755	0.0895061	0.000805311	0.999839	-0.0179396	-0.089506	0.0179397	0.995825	-0.809516	0.162094	18.092	
0.99555	0.000891218	0.0942347	0.000893035	0.999821	-0.0188903	-0.0942347	0.0188904	0.995371	-0.897118	0.179653	19.0414	
0.995091	0.000983254	0.098964	0.000985358	0.999803	-0.0198413	-0.098964	0.0198415	0.994893	-0.989229	0.198119	19.9903	
0.994609	0.00107987	0.103694	0.00108229	0.999783	-0.0207928	-0.103694	0.0207929	0.994392	-1.08585	0.217492	20.9387	
0.994104	0.00118106	0.108424	0.00118383	0.999763	-0.0217446	-0.108424	0.0217448	0.993867	-1.18698	0.237773	21.8866	
0.993577	0.00128685	0.113154	0.00129	0.999742	-0.0226968	-0.113154	0.0226969	0.993318	-1.29262	0.258961	22.8341	
0.993026	0.00139723	0.117884	0.00140079	0.999719	-0.0236492	-0.117884	0.0236494	0.992746	-1.40277	0.281058	23.781	
0.992453	0.00151221	0.122614	0.00151622	0.999696	-0.0246018	-0.122614	0.0246021	0.992149	-1.51744	0.304063	24.7273	
0.991857	0.0016318	0.127344	0.00163629	0.999672	-0.0255547	-0.127344	0.025555	0.991529	-1.63661	0.327976	25.6731	
0.991238	0.001756	0.132073	0.00176101	0.999647	-0.0265078	-0.132073	0.0265081	0.990886	-1.76029	0.352798	26.6182	
0.990597	0.00188481	0.136801	0.00189038	0.999621	-0.027461	-0.136801	0.0274614	0.990218	-1.88848	0.378529	27.5627	
0.989932	0.00201824	0.141529	0.00202441	0.999594	-0.0284143	-0.141529	0.0284148	0.989526	-2.02118	0.405169	28.5066	
0.989245	0.00215629	0.146255	0.0021631	0.999566	-0.0293678	-0.146255	0.0293683	0.988811	-2.15839	0.432718	29.4498	
0.988534	0.00229897	0.150981	0.00230646	0.999538	-0.0303212	-0.150981	0.0303218	0.988072	-2.3001	0.461176	30.3923	
0.987801	0.00244628	0.155705	0.00245449	0.999508	-0.0312747	-0.155705	0.0312754	0.987308	-2.44632	0.490544	31.3341	
0.987044	0.00259821	0.160427	0.00260721	0.999477	-0.0322282	-0.160427	0.032229	0.986521	-2.59704	0.520821	32.2752	
0.986265	0.00275479	0.165148	0.0027646	0.999446	-0.0331817	-0.165148	0.0331825	0.98571	-2.75226	0.552007	33.2155	
0.985463	0.00291599	0.169867	0.00292668	0.999413	-0.034135	-0.169867	0.0341359	0.984876	-2.91199	0.584102	34.155	
0.984637	0.00308184	0.174584	0.00309344	0.999379	-0.0350883	-0.174584	0.0350893	0.984017	-3.07621	0.617107	35.0937	
0.983789	0.00325233	0.179299	0.0032649	0.999345	-0.0360414	-0.179299	0.0360425	0.983134	-3.24493	0.65102	36.0316	
0.982918	0.00342746	0.184011	0.00344106	0.99931	-0.0369943	-0.184011	0.0369956	0.982228	-3.41814	0.685842	36.9686	
0.982024	0.00360724	0.188722	0.00362191	0.999273	-0.037947	-0.188721	0.0379484	0.981297	-3.59585	0.721573	37.9048	
0.981107	0.00379166	0.193429	0.00380746	0.999236	-0.0388995	-0.193429	0.038901	0.980343	-3.77805	0.758213	38.84	
0.980167	0.00398072	0.198134	0.00399772	0.999198	-0.0398517	-0.198133	0.0398534	0.979365	-3.96473	0.79576	39.7743	
0.979204	0.00417443	0.202835	0.00419268	0.999158	-0.0408036	-0.202835	0.0408054	0.978362	-4.1559	0.834216	40.7077	
0.978218	0.00437279	0.207534	0.00439234	0.999118	-0.0417551	-0.207534	0.0417572	0.977336	-4.35155	0.873579	41.6401	
0.977209	0.0045758	0.212229	0.00459671	0.999077	-0.0427063	-0.212229	0.0427085	0.976286	-4.55168	0.91385	42.5716	
0.976177	0.00478344	0.216921	0.00480579	0.999035	-0.043657	-0.216921	0.0436595	0.975212	-4.75629	0.955027	43.502	
0.975123	0.00499574	0.221609	0.00501958	0.998992	-0.0446074	-0.221609	0.04461	0.974115	-4.96536	0.997112	44.4314	
0.974045	0.00521268	0.226294	0.00523808	0.998948	-0.0455572	-0.226293	0.0455601	0.972993	-5.17891	1.0401	45.3597	
0.972945	0.00543426	0.230975	0.00546128	0.998903	-0.0465065	-0.230974	0.0465097	0.971848	-5.39692	1.084	46.2869	
0.971821	0.00566049	0.235651	0.0056892	0.998857	-0.0474554	-0.23565	0.0474588	0.970678	-5.61939	1.1288	47.213	
0.970675	0.00589135	0.240323	0.00592183	0.99881	-0.0484036	-0.240323	0.0484073	0.969485	-5.84632	1.17451	48.1381	
0.969506	0.00612686	0.244991	0.00615916	0.998762	-0.0493512	-0.24499	0.0493552	0.968268	-6.0777	1.22112	49.0619	
0.968314	0.006367	0.249655	0.00640121	0.998714	-0.0502982	-0.249654	0.0503026	0.967028	-6.31353	1.26863	49.9846	
0.967099	0.00661177	0.254313	0.00664796	0.998664	-0.0512445	-0.254312	0.0512492	0.965763	-6.55381	1.31705	50.9061	
0.965862	0.00686117	0.258967	0.00689941	0.998613	-0.0521902	-0.258966	0.0521952	0.964475	-6.79852	1.36636	51.8264	
0.964601	0.00711521	0.263616	0.00715557	0.998562	-0.053135	-0.263615	0.0531405	0.963163	-7.04768	1.41659	52.7454	
0.963318	0.00737387	0.26826	0.00741643	0.998509	-0.0540792	-0.268258	0.054085	0.961828	-7.30126	1.46771	53.6632	
0.962013	0.00763715	0.272898	0.00768199	0.998456	-0.0550225	-0.272897	0.0550287	0.960468	-7.55926	1.51973	54.5797	
0.960684	0.00790505	0.277531	0.00795225	0.998401	-0.055965	-0.277529	0.0559717	0.959085	-7.82169	1.57265	55.4949	
0.959333	0.00817756	0.282158	0.0082272	0.998346	-0.0569066	-0.282157	0.0569138	0.957679	-8.08853	1.62647	56.4087	
0.957959	0.00845468	0.286779	0.00850685	0.998289	-0.0578474	-0.286778	0.057855	0.956249	-8.35978	1.68119	57.3212	
0.956563	0.00873641	0.291395	0.00879118	0.998232	-0.0587872	-0.291393	0.0587954	0.954795	-8.63543	1.7368	58.2323	
0.954593	0.00912269	0.297773	0.0082048	0.998347	-0.0568885	-0.297799	0.0567486	0.95294	-8.91634	1.79189	59.1419	
0.952579	0.0094956	0.304143	0.00760677	0.998458	-0.0549971	-0.304196	0.0547026	0.951037	-9.20335	1.84503	60.0496	
0.95052	0.0098551	0.310506	0.00699712	0.998564	-0.0531129	-0.310583	0.0526575	0.949086	-9.49646	1.89621	60.9556	
0.948418	0.0102011	0.31686	0.00637587	0.998666	-0.0512357	-0.31696	0.0506131	0.947088	-9.79566	1.94545	61.8596	
0.946271	0.0105337	0.323204	0.00574303	0.998764	-0.0493655	-0.323324	0.0485693	0.945041	-10.1009	1.99274	62.7617	
0.94408	0.0108527	0.329537	0.00509861	0.998858	-0.0475024	-0.329676	0.0465262	0.942947	-10.4123	2.03808	63.6619	
0.941846	0.0111581	0.335859	0.00444263	0.998948	-0.0456461	-0.336015	0.0444837	0.940805	-10.7296	2.08147	64.56	
0.939568	0.01145	0.342169	0.00377511	0.999033	-0.0437967	-0.34234	0.0424417	0.938617	-11.0531	2.12291	65.456	
0.937248	0.0117282	0.348467	0.00309603	0.999115	-0.041954	-0.34865	0.0404002	0.936382	-11.3825	2.16241	66.35	
0.934884	0.0119928	0.35475	0.00240543	0.999192	-0.0401181	-0.354945	0.0383591	0.9341	-11.718	2.19996	67.2418	
0.932478	0.0122437	0.36102	0.00170329	0.999265	-0.0382888	-0.361223	0.0363183	0.931772	-12.0594	2.23556	68.1313	
0.930029	0.0124809	0.367274	0.000989621	0.999334	-0.036466	-0.367484	0.0342779	0.929398	-12.4068	2.26922	69.0187	
0.927539	0.0127044	0.373512	0.000264428	0.999399	-0.0346498	-0.373727	0.0322377	0.926978	-12.7602	2.30093	69.9038	
0.922678	0.0129875	0.385354	-0.00736907	0.999844	-0.0160533	-0.385502	0.0119723	0.922629	-13.1222	2.32201	70.7856	
0.917667	0.013011	0.397137	-0.0152371	0.999881	0.00245045	-0.397058	-0.00829993	0.917756	-13.4953	2.32376	71.6631	
0.91251	0.012775	0.408854	-0.0233353	0.99951	0.020851	-0.408388	-0.0285675	0.912362	-13.8793	2.30618	72.5357	
0.90721	0.0122795	0.420499	-0.031659	0.998732	0.0391378	-0.419485	-0.0488187	0.906448	-14.2741	2.26929	73.4029	
0.901769	0.0115249	0.432065	-0.0402034	0.997547	0.0573005	-0.430345	-0.0690423	0.90002	-14.6793	2.21309	74.2642	
0.89619	0.0105116	0.443545	-0.0489637	0.995956	0.0753288	-0.44096	-0.0892266	0.893081	-15.0947	2.13763	75.1191	
0.890477	0.00924012	0.454934	-0.057935	0.993959	0.0932125	-0.451324	-0.10936	0.885634	-15.5201	2.04295	75.9672	
0.884633	0.00771126	0.466223	-0.0671121	0.991558	0.110941	-0.461432	-0.129432	0.877683	-15.9553	1.92909	76.8079	
0.878662	0.00592584	0.477408	-0.0764898	0.988755	0.128505	-0.471278	-0.14943	0.869234	-16.4	1.79613	77.6408	
0.872566	0.0038849	0.488481	-0.0860628	0.98555	0.145895	-0.480856	-0.169343	0.860291	-16.854	1.64415	78.4655	
0.866349	0.00158959	0.499437	-0.0958257	0.981945	0.163099	-0.49016	-0.189159	0.850859	-17.317	1.47322	79.2813	
0.860015	-0.000958793	0.510269	-0.105773	0.977943	0.180109	-0.499186	-0.208869	0.840944	-17.7887	1.28344	80.088	
0.853566	-0.00375879	0.52097	-0.115899	0.973546	0.196914	-0.507929	-0.228459	0.830551	-18.2689	1.07493	80.8849	
0.847008	-0.00680881	0.531536	-0.126197	0.968757	0.213506	-0.516383	-0.24792	0.819686	-18.7572	0.847794	81.6717	
0.840344	-0.0101071	0.54196	-0.136663	0.963577	0.229875	-0.524543	-0.26724	0.808355	-19.2535	0.602171	82.448	
0.833577	-0.0136519	0.552235	-0.14729	0.95801	0.246011	-0.532406	-0.286408	0.796564	-19.7575	0.338197	83.2132	
0.826711	-0.017441	0.562357	-0.158072	0.95206	0.261906	-0.539965	-0.305413	0.784321	-20.2688	0.0560224	83.9669	
0.81975	-0.0214724	0.572319	-0.169003	0.945729	0.27755	-0.547218	-0.324245	0.771633	-20.7871	-0.244193	84.7088	
0.812698	-0.0257438	0.582116	-0.180076	0.939022	0.292934	-0.55416	-0.342893	0.758506	-21.3123	-0.562277	85.4383	
0.80556	-0.0302527	0.591741	-0.191286	0.931941	0.308051	-0.560788	-0.361345	0.744948	-21.8439	-0.898051	86.1552	
0.798339	-0.0349965	0.601191	-0.202626	0.924492	0.32289	-0.567096	-0.379593	0.730966	-22.3816	-1.25132	86.8589	
0.791039	-0.0399727	0.610459	-0.21409	0.916677	0.337444	-0.573082	-0.397624	0.716569	-22.9253	-1.62189	87.549	
0.783664	-0.0451782	0.61954	-0.225671	0.908503	0.351704	-0.578743	-0.41543	0.701765	-23.4744	-2.00955	88.2253	
0.776219	-0.0506103	0.628429	-0.237362	0.899972	0.365663	-0.584075	-0.433	0.686563	-24.0289	-2.41407	88.8872	
