1	0	0	0	1	0	0	0	1	0	0	0	
0.999992	-2.25365e-06	0.00388082	-2.25365e-06	0.999999	0.00116143	-0.00388082	-0.00116143	0.999992	-0.00150039	-0.000449027	0.77323	
0.99997	-9.01932e-06	0.00776331	-9.02078e-06	0.999997	0.00232372	-0.00776331	-0.00232372	0.999967	-0.00600221	-0.00179644	1.54645	
0.999932	-2.03043e-05	0.0116474	-2.03101e-05	0.999994	0.00348687	-0.0116474	-0.00348687	0.999926	-0.0135067	-0.00404292	2.31964	
0.999879	-3.61157e-05	0.015533	-3.61303e-05	0.999989	0.00465084	-0.015533	-0.00465084	0.999869	-0.0240151	-0.00718909	3.09279	
0.999811	-5.64606e-05	0.0194199	-5.64897e-05	0.999983	0.00581561	-0.0194199	-0.00581561	0.999795	-0.0375284	-0.0112356	3.8659	
0.999728	-8.13456e-05	0.0233082	-8.13965e-05	0.999976	0.00698114	-0.0233082	-0.00698114	0.999704	-0.0540479	-0.016183	4.63894	
0.99963	-0.000110777	0.0271978	-0.000110859	0.999967	0.00814742	-0.0271978	-0.00814743	0.999597	-0.0735743	-0.022032	5.4119	
0.999517	-0.000144763	0.0310884	-0.000144885	0.999957	0.00931443	-0.0310884	-0.00931443	0.999473	-0.0961087	-0.028783	6.18477	
0.999388	-0.000183307	0.0349802	-0.000183482	0.999945	0.0104821	-0.0349802	-0.0104821	0.999333	-0.121652	-0.0364367	6.95755	
0.999244	-0.000226418	0.0388729	-0.000226658	0.999932	0.0116505	-0.0388729	-0.0116505	0.999176	-0.150205	-0.0449936	7.7302	
0.999085	-0.000274099	0.0427666	-0.00027442	0.999918	0.0128195	-0.0427666	-0.0128195	0.999003	-0.181768	-0.0544541	8.50273	
0.998911	-0.000326359	0.046661	-0.000326776	0.999902	0.0139891	-0.046661	-0.0139891	0.998813	-0.216342	-0.0648187	9.27512	
0.998721	-0.000383201	0.0505561	-0.000383732	0.999885	0.0151593	-0.0505561	-0.0151594	0.998606	-0.253928	-0.076088	10.0474	
0.998516	-0.000444632	0.0544519	-0.000445295	0.999867	0.0163301	-0.0544519	-0.0163301	0.998383	-0.294526	-0.0882624	10.8194	
0.998296	-0.000510656	0.0583483	-0.000511473	0.999847	0.0175015	-0.0583483	-0.0175015	0.998143	-0.338136	-0.101342	11.5913	
0.998061	-0.000581279	0.0622451	-0.000582272	0.999825	0.0186733	-0.0622451	-0.0186733	0.997886	-0.38476	-0.115328	12.363	
0.99781	-0.000656506	0.0661423	-0.000657698	0.999803	0.0198456	-0.0661422	-0.0198457	0.997613	-0.434396	-0.13022	13.1345	
0.997544	-0.000736342	0.0700397	-0.000737758	0.999779	0.0210184	-0.0700397	-0.0210185	0.997323	-0.487047	-0.146019	13.9058	
0.997263	-0.000820791	0.0739374	-0.000822457	0.999753	0.0221917	-0.0739374	-0.0221917	0.997016	-0.54271	-0.162725	14.6768	
0.996966	-0.000909857	0.0778352	-0.000911801	0.999727	0.0233653	-0.0778352	-0.0233654	0.996692	-0.601388	-0.180338	15.4476	
0.996654	-0.00100355	0.081733	-0.0010058	0.999698	0.0245393	-0.081733	-0.0245394	0.996352	-0.66308	-0.198859	16.2182	
0.996326	-0.00110186	0.0856308	-0.00110445	0.999669	0.0257137	-0.0856308	-0.0257138	0.995995	-0.727786	-0.218287	16.9884	
0.995984	-0.0012048	0.0895285	-0.00120777	0.999638	0.0268885	-0.0895285	-0.0268886	0.995621	-0.795505	-0.238624	17.7584	
0.995625	-0.00131238	0.0934259	-0.00131575	0.999605	0.0280635	-0.0934259	-0.0280637	0.995231	-0.866238	-0.25987	18.5281	
0.995252	-0.0014246	0.0973231	-0.0014284	0.999571	0.0292388	-0.097323	-0.029239	0.994823	-0.939985	-0.282024	19.2975	
0.994863	-0.00154146	0.10122	-0.00154574	0.999536	0.0304144	-0.10122	-0.0304146	0.994399	-1.01675	-0.305087	20.0666	
0.994459	-0.00166296	0.105116	-0.00166775	0.9995	0.0315902	-0.105116	-0.0315905	0.993958	-1.09652	-0.329059	20.8353	
0.994039	-0.00178911	0.109012	-0.00179446	0.999461	0.0327662	-0.109012	-0.0327665	0.9935	-1.1793	-0.353941	21.6037	
0.993604	-0.00191991	0.112907	-0.00192585	0.999422	0.0339424	-0.112907	-0.0339428	0.993026	-1.2651	-0.379732	22.3717	
0.993153	-0.00205536	0.116801	-0.00206194	0.999381	0.0351188	-0.116801	-0.0351192	0.992534	-1.35391	-0.406432	23.1394	
0.992687	-0.00219547	0.120695	-0.00220274	0.999339	0.0362953	-0.120694	-0.0362957	0.992026	-1.44573	-0.434042	23.9066	
0.992206	-0.00234023	0.124587	-0.00234823	0.999295	0.0374718	-0.124587	-0.0374723	0.991501	-1.54056	-0.462562	24.6735	
0.991709	-0.00248966	0.128479	-0.00249844	0.99925	0.0386485	-0.128479	-0.0386491	0.990959	-1.6384	-0.491992	25.44	
0.991197	-0.00264375	0.132369	-0.00265335	0.999203	0.0398252	-0.132369	-0.0398259	0.9904	-1.73925	-0.522332	26.206	
0.990669	-0.00280251	0.136259	-0.00281298	0.999155	0.041002	-0.136259	-0.0410027	0.989824	-1.8431	-0.553582	26.9716	
0.990126	-0.00296593	0.140147	-0.00297733	0.999106	0.0421787	-0.140147	-0.0421795	0.989232	-1.94997	-0.585741	27.7367	
0.989568	-0.00313403	0.144034	-0.0031464	0.999055	0.0433554	-0.144033	-0.0433563	0.988623	-2.05983	-0.618811	28.5014	
0.988994	-0.00330679	0.147919	-0.0033202	0.999002	0.0445321	-0.147919	-0.0445331	0.987996	-2.17271	-0.65279	29.2656	
0.988405	-0.00348422	0.151803	-0.00349872	0.998949	0.0457087	-0.151803	-0.0457098	0.987353	-2.28859	-0.68768	30.0293	
0.9878	-0.00366633	0.155685	-0.00368198	0.998894	0.0468851	-0.155685	-0.0468864	0.986693	-2.40747	-0.723479	30.7925	
0.98718	-0.00385311	0.159566	-0.00386997	0.998837	0.0480615	-0.159566	-0.0480629	0.986017	-2.52935	-0.760188	31.5552	
0.986544	-0.00404457	0.163445	-0.00406269	0.998779	0.0492377	-0.163445	-0.0492392	0.985323	-2.65423	-0.797806	32.3173	
0.985893	-0.0042407	0.167322	-0.00426015	0.998719	0.0504137	-0.167322	-0.0504154	0.984613	-2.78211	-0.836334	33.0789	
0.985227	-0.00444151	0.171197	-0.00446235	0.998658	0.0515895	-0.171197	-0.0515913	0.983885	-2.91298	-0.875772	33.84	
0.984545	-0.004647	0.17507	-0.0046693	0.998596	0.0527651	-0.17507	-0.0527671	0.983141	-3.04686	-0.916119	34.6005	
0.983848	-0.00485717	0.178942	-0.00488098	0.998532	0.0539404	-0.178941	-0.0539426	0.98238	-3.18372	-0.957374	35.3604	
0.983135	-0.00507201	0.18281	-0.00509742	0.998467	0.0551155	-0.18281	-0.0551178	0.981602	-3.32358	-0.999539	36.1197	
0.982407	-0.00529153	0.186677	-0.0053186	0.9984	0.0562902	-0.186676	-0.0562927	0.980807	-3.46643	-1.04261	36.8784	
0.981664	-0.00551573	0.190542	-0.00554452	0.998332	0.0574646	-0.190541	-0.0574673	0.979996	-3.61227	-1.08659	37.6365	
0.980905	-0.00574461	0.194403	-0.0057752	0.998263	0.0586386	-0.194403	-0.0586416	0.979167	-3.7611	-1.13148	38.3939	
0.980131	-0.00597816	0.198263	-0.00601063	0.998192	0.0598122	-0.198262	-0.0598155	0.978322	-3.91291	-1.17728	39.1507	
0.979341	-0.00621639	0.20212	-0.00625081	0.998119	0.0609855	-0.202119	-0.060989	0.97746	-4.0677	-1.22399	39.9068	
0.978536	-0.00645929	0.205974	-0.00649574	0.998045	0.0621583	-0.205973	-0.0621621	0.976581	-4.22547	-1.2716	40.6623	
0.977184	-0.00686932	0.212285	-0.00702116	0.997886	0.06461	-0.21228	-0.0646263	0.975069	-4.38718	-1.32062	41.4168	
0.97579	-0.00729537	0.218589	-0.00756217	0.997721	0.0670567	-0.218579	-0.0670863	0.97351	-4.55376	-1.37154	42.1702	
0.974355	-0.00773743	0.224883	-0.00811874	0.997549	0.0694984	-0.22487	-0.0695419	0.971904	-4.7252	-1.42436	42.9223	
0.972879	-0.00819548	0.231168	-0.00869083	0.997371	0.0719349	-0.23115	-0.071993	0.970251	-4.90151	-1.47908	43.6732	
0.971362	-0.00866949	0.237444	-0.00927843	0.997188	0.0743662	-0.237421	-0.0744396	0.96855	-5.08267	-1.5357	44.4228	
0.969805	-0.00915943	0.243711	-0.00988149	0.996998	0.0767921	-0.243682	-0.0768816	0.966803	-5.26867	-1.5942	45.171	
0.968206	-0.00966529	0.249967	-0.0105	0.996802	0.0792127	-0.249933	-0.0793188	0.965009	-5.45951	-1.65459	45.9179	
0.966567	-0.010187	0.256212	-0.0111339	0.996601	0.0816277	-0.256173	-0.0817513	0.963168	-5.65518	-1.71686	46.6634	
0.964887	-0.0107246	0.262447	-0.0117831	0.996393	0.0840371	-0.262402	-0.0841788	0.96128	-5.85567	-1.78101	47.4074	
0.963166	-0.011278	0.268671	-0.0124477	0.996179	0.0864409	-0.268619	-0.0866013	0.959346	-6.06097	-1.84704	48.1499	
0.961405	-0.0118472	0.274883	-0.0131276	0.995959	0.0888389	-0.274825	-0.0890187	0.957365	-6.27108	-1.91494	48.891	
0.959603	-0.0124322	0.281084	-0.0138228	0.995734	0.091231	-0.281019	-0.0914309	0.955337	-6.48598	-1.9847	49.6305	
0.95776	-0.0130328	0.287272	-0.0145332	0.995502	0.0936172	-0.2872	-0.0938379	0.953263	-6.70566	-2.05633	50.3684	
0.955878	-0.0136492	0.293447	-0.0152588	0.995265	0.0959974	-0.293368	-0.0962394	0.951143	-6.93012	-2.12982	51.1046	
0.953955	-0.0142813	0.29961	-0.0159996	0.995021	0.0983714	-0.299523	-0.0986355	0.948977	-7.15934	-2.20516	51.8392	
0.951992	-0.0149289	0.305759	-0.0167555	0.994772	0.100739	-0.305665	-0.101026	0.946764	-7.39331	-2.28235	52.5722	
0.949989	-0.0155922	0.311895	-0.0175265	0.994516	0.103101	-0.311793	-0.103411	0.944506	-7.63203	-2.36139	53.3034	
0.947945	-0.016271	0.318017	-0.0183125	0.994255	0.105456	-0.317906	-0.10579	0.942202	-7.87549	-2.44227	54.0328	
0.945862	-0.0169653	0.324125	-0.0191136	0.993988	0.107805	-0.324005	-0.108164	0.939852	-8.12366	-2.52499	54.7604	
0.943739	-0.0176751	0.330218	-0.0199297	0.993715	0.110147	-0.33009	-0.110531	0.937456	-8.37655	-2.60954	55.4862	
0.941577	-0.0184004	0.336296	-0.0207607	0.993437	0.112482	-0.336159	-0.112892	0.935015	-8.63413	-2.69592	56.2102	
0.939374	-0.019141	0.342359	-0.0216066	0.993152	0.114811	-0.342212	-0.115248	0.932528	-8.8964	-2.78412	56.9322	
0.937133	-0.019897	0.348406	-0.0224674	0.992862	0.117133	-0.34825	-0.117597	0.929996	-9.16334	-2.87415	57.6523	
0.934851	-0.0206683	0.354437	-0.023343	0.992566	0.119448	-0.354271	-0.11994	0.927419	-9.43495	-2.96598	58.3704	
0.932531	-0.0214549	0.360452	-0.0242334	0.992264	0.121756	-0.360276	-0.122277	0.924797	-9.71121	-3.05963	59.0865	
0.930171	-0.0222567	0.36645	-0.0251386	0.991957	0.124057	-0.366264	-0.124607	0.92213	-9.9921	-3.15508	59.8006	
0.927773	-0.0230737	0.372432	-0.0260585	0.991643	0.126351	-0.372235	-0.12693	0.919418	-10.2776	-3.25233	60.5125	
0.925335	-0.0239058	0.378396	-0.0269931	0.991324	0.128638	-0.378188	-0.129247	0.916662	-10.5677	-3.35137	61.2224	
0.922859	-0.024753	0.384342	-0.0279423	0.990999	0.130917	-0.384124	-0.131558	0.913861	-10.8625	-3.4522	61.9301	
0.920344	-0.0256153	0.390271	-0.0289061	0.990669	0.133189	-0.390041	-0.133861	0.911016	-11.1618	-3.55482	62.6356	
0.91779	-0.0264926	0.396181	-0.0298845	0.990333	0.135454	-0.39594	-0.136158	0.908126	-11.4656	-3.65921	63.3389	
0.915198	-0.0273848	0.402073	-0.0308774	0.989991	0.13771	-0.401819	-0.138447	0.905193	-11.7741	-3.76538	64.04	
0.912568	-0.0282919	0.407945	-0.0318848	0.989644	0.13996	-0.40768	-0.14073	0.902215	-12.087	-3.87331	64.7388	
0.9099	-0.0292138	0.413799	-0.0329066	0.989291	0.142201	-0.413521	-0.143005	0.899194	-12.4045	-3.98301	65.4352	
0.907193	-0.0301506	0.419632	-0.0339428	0.988932	0.144435	-0.419343	-0.145274	0.896129	-12.7265	-4.09446	66.1293	
0.904449	-0.0311021	0.425446	-0.0349933	0.988568	0.146661	-0.425144	-0.147535	0.893021	-13.053	-4.20767	66.8211	
0.901667	-0.0320683	0.43124	-0.0360582	0.988198	0.148878	-0.430925	-0.149788	0.889869	-13.384	-4.32262	67.5104	
0.898848	-0.0330491	0.437013	-0.0371373	0.987822	0.151088	-0.436685	-0.152035	0.886675	-13.7194	-4.43931	68.1972	
0.895991	-0.0340445	0.442765	-0.0382307	0.987442	0.153289	-0.442424	-0.154273	0.883437	-14.0593	-4.55773	68.8816	
0.893097	-0.0350544	0.448497	-0.0393382	0.987055	0.155483	-0.448141	-0.156504	0.880157	-14.4036	-4.67788	69.5634	
0.885229	-0.0378254	0.463615	-0.0432984	0.98566	0.163092	-0.463135	-0.164448	0.870897	-14.7559	-4.80197	70.2404	
0.877104	-0.040733	0.47857	-0.0473881	0.984197	0.17062	-0.477957	-0.17233	0.861313	-15.1198	-4.93218	70.9101	
0.868725	-0.0437762	0.493357	-0.0516059	0.982665	0.178063	-0.4926	-0.180148	0.851406	-15.495	-5.06846	71.5723	
0.860094	-0.0469538	0.50797	-0.0559501	0.981066	0.185419	-0.507058	-0.187898	0.841181	-15.8815	-5.21076	72.2267	
0.851215	-0.0502646	0.522404	-0.0604192	0.979399	0.192684	-0.521327	-0.195579	0.830642	-16.2791	-5.35902	72.8731	
0.842092	-0.0537074	0.536654	-0.0650114	0.977666	0.199856	-0.535402	-0.203186	0.819793	-16.6877	-5.51319	73.5112	
