1	0	0	0	1	0	0	0	1	0	0	0	
0.999998	5.12371e-06	-0.00207663	5.12371e-06	0.999988	0.0049346	0.00207663	-0.0049346	0.999986	0.00105982	-0.0025184	1.0207	
0.999991	2.05083e-05	-0.00415445	2.05106e-05	0.999951	0.0098732	0.00415445	-0.0098732	0.999943	0.00423988	-0.0100756	2.04138	
0.999981	4.61738e-05	-0.00623339	4.61834e-05	0.99989	0.0148156	0.00623339	-0.0148156	0.999871	0.00954136	-0.0226757	3.06199	
0.999965	8.21398e-05	-0.00831335	8.21637e-05	0.999805	0.0197616	0.00831335	-0.0197616	0.99977	0.0169654	-0.0403223	4.08252	
0.999946	0.000128425	-0.0103942	0.000128473	0.999695	0.0247109	0.0103942	-0.0247109	0.999641	0.0265129	-0.063019	5.10292	
0.999922	0.000185047	-0.012476	0.000185131	0.99956	0.0296635	0.012476	-0.0296635	0.999482	0.0381848	-0.0907693	6.12319	
0.999894	0.000252023	-0.0145585	0.000252158	0.999401	0.0346191	0.0145585	-0.0346191	0.999295	0.051982	-0.123576	7.14327	
0.999861	0.000329371	-0.0166418	0.000329572	0.999216	0.0395774	0.0166418	-0.0395775	0.999078	0.0679052	-0.161443	8.16315	
0.999825	0.000417104	-0.0187256	0.000417392	0.999008	0.0445384	0.0187256	-0.0445384	0.998832	0.0859552	-0.204372	9.18279	
0.999783	0.000515239	-0.02081	0.000515636	0.998774	0.0495018	0.02081	-0.0495018	0.998557	0.106132	-0.252366	10.2022	
0.999738	0.00062379	-0.0228948	0.000624319	0.998515	0.0544674	0.0228948	-0.0544674	0.998253	0.128437	-0.305427	11.2213	
0.999688	0.00074277	-0.0249799	0.000743459	0.998232	0.059435	0.0249799	-0.059435	0.99792	0.15287	-0.363557	12.24	
0.999633	0.000872193	-0.0270654	0.00087307	0.997923	0.0644045	0.0270654	-0.0644045	0.997557	0.179432	-0.42676	13.2584	
0.999575	0.00101207	-0.029151	0.00101317	0.99759	0.0693755	0.029151	-0.0693755	0.997165	0.208122	-0.495035	14.2764	
0.999511	0.00116241	-0.0312368	0.00116376	0.997232	0.074348	0.0312367	-0.074348	0.996743	0.238941	-0.568385	15.294	
0.999444	0.00132323	-0.0333225	0.00132487	0.996848	0.0793217	0.0333225	-0.0793217	0.996292	0.271889	-0.646811	16.3112	
0.999372	0.00149454	-0.0354082	0.00149651	0.99644	0.0842964	0.0354081	-0.0842964	0.995811	0.306966	-0.730314	17.3279	
0.999295	0.00167634	-0.0374938	0.00167868	0.996006	0.089272	0.0374937	-0.089272	0.995301	0.344172	-0.818896	18.344	
0.999215	0.00186865	-0.0395791	0.0018714	0.995547	0.0942482	0.039579	-0.0942482	0.994762	0.383507	-0.912556	19.3597	
0.99913	0.00207147	-0.0416642	0.00207468	0.995063	0.0992248	0.041664	-0.0992248	0.994192	0.424969	-1.0113	20.3747	
0.99904	0.00228481	-0.0437489	0.00228853	0.994554	0.104202	0.0437487	-0.104202	0.993594	0.46856	-1.11512	21.3892	
0.998946	0.00250868	-0.045833	0.00251296	0.994019	0.109179	0.0458328	-0.109179	0.992965	0.514278	-1.22402	22.4031	
0.998848	0.00274308	-0.0479167	0.00274798	0.993459	0.114155	0.0479164	-0.114155	0.992307	0.562124	-1.338	23.4163	
0.998745	0.00298801	-0.0499997	0.00299359	0.992874	0.119132	0.0499994	-0.119132	0.991619	0.612096	-1.45705	24.4288	
0.998638	0.0032435	-0.052082	0.0032498	0.992263	0.124108	0.0520816	-0.124108	0.990901	0.664193	-1.58119	25.4406	
0.998526	0.00350952	-0.0541635	0.00351661	0.991628	0.129083	0.054163	-0.129083	0.990154	0.718416	-1.71041	26.4516	
0.99841	0.0037861	-0.0562441	0.00379405	0.990966	0.134057	0.0562436	-0.134057	0.989376	0.774762	-1.8447	27.4619	
0.998289	0.00407323	-0.0583238	0.0040821	0.99028	0.13903	0.0583231	-0.13903	0.988569	0.833232	-1.98408	28.4713	
0.998165	0.00437092	-0.0604024	0.00438077	0.989568	0.144002	0.0604017	-0.144002	0.987732	0.893823	-2.12852	29.4799	
0.998035	0.00467916	-0.0624799	0.00469007	0.98883	0.148972	0.0624791	-0.148972	0.986866	0.956536	-2.27804	30.4877	
0.997902	0.00499796	-0.0645562	0.00501	0.988067	0.153941	0.0645552	-0.153941	0.985969	1.02137	-2.43264	31.4945	
0.997763	0.00532731	-0.0666312	0.00534057	0.987279	0.158907	0.0666301	-0.158908	0.985043	1.08832	-2.5923	32.5004	
0.997621	0.00566723	-0.0687048	0.00568177	0.986465	0.163872	0.0687036	-0.163872	0.984086	1.15739	-2.75703	33.5054	
0.997474	0.00601769	-0.070777	0.0060336	0.985626	0.168834	0.0707757	-0.168834	0.9831	1.22857	-2.92683	34.5094	
0.997323	0.00637872	-0.0728477	0.00639607	0.984761	0.173794	0.0728462	-0.173794	0.982084	1.30187	-3.10169	35.5123	
0.997167	0.00675029	-0.0749168	0.00676918	0.983871	0.178751	0.0749151	-0.178751	0.981038	1.37728	-3.28162	36.5142	
0.997007	0.00713241	-0.0769842	0.00715293	0.982955	0.183705	0.0769823	-0.183706	0.979962	1.4548	-3.4666	37.515	
0.996842	0.00752507	-0.0790498	0.00754731	0.982014	0.188656	0.0790477	-0.188657	0.978857	1.53443	-3.65664	38.5147	
0.996673	0.00792828	-0.0811136	0.00795232	0.981048	0.193604	0.0811112	-0.193605	0.977721	1.61617	-3.85172	39.5132	
0.9965	0.00834202	-0.0831754	0.00836796	0.980055	0.198548	0.0831728	-0.198549	0.976555	1.70001	-4.05186	40.5106	
0.996322	0.00876629	-0.0852353	0.00879423	0.979038	0.203489	0.0852324	-0.20349	0.97536	1.78596	-4.25704	41.5068	
0.99614	0.00920108	-0.087293	0.00923113	0.977995	0.208426	0.0872899	-0.208427	0.974135	1.87401	-4.46727	42.5017	
0.995954	0.00964639	-0.0893486	0.00967864	0.976926	0.213359	0.0893451	-0.21336	0.97288	1.96415	-4.68253	43.4954	
0.995763	0.0101022	-0.091402	0.0101368	0.975832	0.218287	0.0913982	-0.218289	0.971595	2.0564	-4.90282	44.4877	
0.995568	0.0105685	-0.093453	0.0106055	0.974712	0.223211	0.0934489	-0.223213	0.97028	2.15074	-5.12815	45.4788	
0.995368	0.0110454	-0.0955017	0.0110848	0.973567	0.228131	0.0954971	-0.228133	0.968935	2.24716	-5.35849	46.4685	
0.995164	0.0115327	-0.0975479	0.0115748	0.972397	0.233046	0.0975429	-0.233048	0.967561	2.34568	-5.59386	47.4568	
0.994956	0.0120304	-0.0995915	0.0120753	0.971201	0.237956	0.0995861	-0.237958	0.966157	2.44629	-5.83424	48.4437	
0.994743	0.0125387	-0.101632	0.0125864	0.96998	0.24286	0.101627	-0.242863	0.964723	2.54898	-6.07963	49.4291	
0.994526	0.0130574	-0.103671	0.0131081	0.968733	0.24776	0.103664	-0.247762	0.963259	2.65375	-6.33002	50.4131	
0.994305	0.0135865	-0.105706	0.0136403	0.967461	0.252654	0.105699	-0.252656	0.961765	2.7606	-6.58541	51.3955	
0.994079	0.0141261	-0.107739	0.0141831	0.966163	0.257542	0.107731	-0.257545	0.960242	2.86953	-6.8458	52.3764	
0.993849	0.0146761	-0.109769	0.0147365	0.96484	0.262424	0.10976	-0.262427	0.958689	2.98052	-7.11117	53.3557	
0.993614	0.0152364	-0.111795	0.0153004	0.963492	0.2673	0.111787	-0.267303	0.957106	3.09359	-7.38152	54.3335	
0.993376	0.0158072	-0.113819	0.0158748	0.962118	0.27217	0.113809	-0.272173	0.955494	3.20873	-7.65684	55.3096	
0.993133	0.0163884	-0.115839	0.0164597	0.960719	0.277033	0.115829	-0.277037	0.953852	3.32592	-7.93713	56.284	
0.992885	0.0169799	-0.117856	0.0170551	0.959295	0.281889	0.117846	-0.281894	0.952181	3.44518	-8.22239	57.2568	
0.992634	0.0175818	-0.11987	0.017661	0.957846	0.286739	0.119859	-0.286744	0.95048	3.56649	-8.51259	58.2278	
0.992378	0.018194	-0.121881	0.0182773	0.956371	0.291582	0.121868	-0.291587	0.948749	3.68986	-8.80775	59.1971	
0.992118	0.0188165	-0.123888	0.0189041	0.954871	0.296417	0.123874	-0.296423	0.946989	3.81528	-9.10784	60.1646	
0.991853	0.0194493	-0.125891	0.0195414	0.953346	0.301245	0.125877	-0.301251	0.9452	3.94274	-9.41287	61.1303	
0.991585	0.0200924	-0.127891	0.0201891	0.951796	0.306066	0.127876	-0.306072	0.943381	4.07224	-9.72282	62.0941	
0.991312	0.0207458	-0.129887	0.0208472	0.950221	0.310878	0.129871	-0.310885	0.941533	4.20378	-10.0377	63.0561	
0.991035	0.0214094	-0.131879	0.0215157	0.948621	0.315683	0.131862	-0.31569	0.939655	4.33736	-10.3575	64.0162	
0.991216	0.0209702	-0.13058	0.0220088	0.947427	0.319215	0.130409	-0.319285	0.938643	4.47121	-10.6815	64.9748	
0.991395	0.020526	-0.129282	0.022497	0.946218	0.322746	0.128954	-0.322878	0.937614	4.60358	-11.0093	65.9323	
0.991573	0.0200768	-0.127986	0.02298	0.944995	0.326276	0.127497	-0.326468	0.93657	4.73446	-11.3407	66.8888	
0.991748	0.0196227	-0.126691	0.0234578	0.943758	0.329804	0.126037	-0.330055	0.93551	4.86385	-11.6757	67.8442	
0.991921	0.0191638	-0.125398	0.0239303	0.942506	0.33333	0.124577	-0.333638	0.934434	4.99175	-12.0144	68.7986	
0.992093	0.0187003	-0.124108	0.0243975	0.941241	0.336853	0.123115	-0.337218	0.933342	5.11816	-12.3568	69.7518	
0.994746	0.0107645	-0.101802	0.0233792	0.944286	0.328294	0.0996645	-0.328949	0.939074	5.23187	-12.6968	70.7075	
0.996841	0.00302829	-0.0793678	0.0225755	0.947255	0.319685	0.0761497	-0.320467	0.944194	5.3216	-13.0283	71.6686	
0.998374	-0.00450335	-0.0568186	0.021987	0.950145	0.311032	0.0525852	-0.311776	0.948699	5.3873	-13.3509	72.6347	
0.999346	-0.0118255	-0.0341694	0.0216141	0.952955	0.302341	0.0289865	-0.302882	0.952587	5.42893	-13.6646	73.6051	
0.999755	-0.0189334	-0.0114349	0.0214571	0.955682	0.293617	0.00536894	-0.293791	0.955855	5.44647	-13.9692	74.5791	
0.999602	-0.0258225	0.01137	0.021516	0.958326	0.284866	-0.0182521	-0.284508	0.9585	5.43989	-14.2643	75.5562	
0.998886	-0.0324881	0.0342305	0.0217908	0.960884	0.276094	-0.0418613	-0.275041	0.960521	5.40921	-14.5499	76.5356	
0.997608	-0.0389261	0.0571317	0.0222813	0.963354	0.267306	-0.0654432	-0.265394	0.961916	5.35445	-14.8257	77.5168	
0.995768	-0.0451322	0.0800587	0.0229872	0.965735	0.258508	-0.0889826	-0.255574	0.962686	5.27563	-15.0916	78.4991	
0.993368	-0.0511023	0.102997	0.023908	0.968026	0.249707	-0.112464	-0.245588	0.962828	5.17282	-15.3474	79.4818	
0.99041	-0.0568326	0.12593	0.0250432	0.970225	0.240906	-0.135872	-0.235442	0.962344	5.04607	-15.5929	80.4644	
0.986895	-0.0623194	0.148845	0.026392	0.972331	0.232113	-0.159192	-0.225143	0.961233	4.89547	-15.828	81.4462	
0.982826	-0.067559	0.171726	0.0279536	0.974341	0.223333	-0.182408	-0.214697	0.959496	4.72113	-16.0525	82.4265	
0.978204	-0.0725481	0.194558	0.0297268	0.976256	0.214572	-0.205505	-0.204111	0.957134	4.52315	-16.2662	83.4047	
0.973035	-0.0772834	0.217326	0.0317106	0.978073	0.205835	-0.228468	-0.193393	0.95415	4.30165	-16.4691	84.3802	
0.96732	-0.0817618	0.240016	0.0339036	0.979791	0.197128	-0.251283	-0.182548	0.950543	4.0568	-16.661	85.3523	
0.961063	-0.0859805	0.262613	0.0363045	0.98141	0.188457	-0.273934	-0.171585	0.946318	3.78874	-16.8417	86.3204	
0.954269	-0.0899366	0.285101	0.0389117	0.982928	0.179827	-0.296407	-0.16051	0.941477	3.49764	-17.0112	87.2839	
0.946941	-0.0936276	0.307467	0.0417234	0.984345	0.171245	-0.318687	-0.14933	0.936023	3.18371	-17.1694	88.2421	
0.939086	-0.0970511	0.329696	0.0447379	0.985658	0.162715	-0.340759	-0.138054	0.929959	2.84714	-17.316	89.1945	
0.930707	-0.100205	0.351773	0.0479531	0.986868	0.154244	-0.362609	-0.126687	0.92329	2.48816	-17.4512	90.1404	
0.92181	-0.103087	0.373684	0.0513671	0.987974	0.145836	-0.384224	-0.115238	0.91602	2.10699	-17.5746	91.0791	
0.912401	-0.105695	0.395414	0.0549775	0.988975	0.137497	-0.405588	-0.103714	0.908153	1.70388	-17.6864	92.0101	
0.902487	-0.108028	0.41695	0.058782	0.98987	0.129233	-0.426688	-0.0921219	0.899695	1.27911	-17.7863	92.9328	
0.892073	-0.110084	0.438278	0.0627781	0.990659	0.121049	-0.44751	-0.0804701	0.890651	0.832932	-17.8744	93.8466	
0.881166	-0.111862	0.459383	0.0669633	0.991342	0.11295	-0.46804	-0.068766	0.881027	0.365652	-17.9506	94.7508	
0.869774	-0.11336	0.480252	0.0713348	0.991917	0.104942	-0.488267	-0.0570172	0.87083	-0.122429	-18.0148	95.6449	
0.857904	-0.114578	0.500872	0.0758897	0.992384	0.0970297	-0.508175	-0.0452312	0.860066	-0.630994	-18.067	96.5284	
0.845563	-0.115515	0.521228	0.0806252	0.992744	0.0892184	-0.527752	-0.0334157	0.848741	-1.15971	-18.1071	97.4005	
