1	0	0	0	1	0	0	0	1	0	0	0	
0.999994	5.45982e-06	-0.00355025	5.45982e-06	0.999995	0.00307572	0.00355025	-0.00307572	0.999989	0.0015232	-0.00131961	0.858078	
0.999975	2.18486e-05	-0.00710309	2.18346e-05	0.999981	0.00614975	0.00710309	-0.00614975	0.999956	0.00609392	-0.00527772	1.71614	
0.999943	4.91765e-05	-0.0106584	4.91204e-05	0.999957	0.00922199	0.0106584	-0.00922199	0.999901	0.0137144	-0.0118728	2.57416	
0.999899	8.74533e-05	-0.0142162	8.7313e-05	0.999924	0.0122924	0.0142162	-0.0122924	0.999823	0.0243866	-0.0211034	3.43212	
0.999842	0.000136688	-0.0177763	0.000136408	0.999882	0.0153608	0.0177763	-0.0153608	0.999724	0.0381127	-0.0329677	4.29001	
0.999772	0.000196891	-0.0213386	0.000196399	0.99983	0.0184272	0.0213386	-0.0184272	0.999602	0.0548946	-0.0474642	5.1478	
0.99969	0.000268069	-0.0249031	0.000267282	0.999769	0.0214915	0.0249031	-0.0214915	0.999459	0.0747343	-0.064591	6.00548	
0.999595	0.000350231	-0.0284696	0.000349051	0.999698	0.0245537	0.0284696	-0.0245537	0.999293	0.0976334	-0.0843462	6.86303	
0.999487	0.000443384	-0.0320381	0.000441698	0.999619	0.0276136	0.0320381	-0.0276135	0.999105	0.123594	-0.106728	7.72042	
0.999366	0.000547537	-0.0356085	0.000545218	0.999529	0.0306711	0.0356085	-0.0306711	0.998895	0.152617	-0.131735	8.57765	
0.999232	0.000662695	-0.0391806	0.000659604	0.999431	0.0337263	0.0391806	-0.0337262	0.998663	0.184704	-0.159364	9.43468	
0.999085	0.000788866	-0.0427544	0.000784846	0.999323	0.0367789	0.0427545	-0.0367788	0.998408	0.219858	-0.189613	10.2915	
0.998926	0.000926055	-0.0463298	0.000920939	0.999206	0.039829	0.0463299	-0.0398289	0.998132	0.258079	-0.222481	11.1481	
0.998753	0.00107427	-0.0499067	0.00106787	0.99908	0.0428764	0.0499069	-0.0428763	0.997833	0.299368	-0.257965	12.0045	
0.998568	0.00123351	-0.0534851	0.00122564	0.998944	0.0459211	0.0534852	-0.0459209	0.997512	0.343728	-0.296063	12.8605	
0.998369	0.00140379	-0.0570647	0.00139423	0.9988	0.048963	0.0570649	-0.0489628	0.997169	0.391159	-0.336772	13.7163	
0.998158	0.00158511	-0.0606456	0.00157363	0.998646	0.0520021	0.0606459	-0.0520017	0.996804	0.441661	-0.38009	14.5718	
0.997934	0.00177747	-0.0642276	0.00176384	0.998483	0.0550382	0.0642279	-0.0550377	0.996416	0.495237	-0.426014	15.427	
0.997696	0.00198087	-0.0678106	0.00196484	0.998311	0.0580712	0.0678111	-0.0580707	0.996007	0.551888	-0.474542	16.2818	
0.997446	0.00219533	-0.0713946	0.00217663	0.998129	0.0611011	0.0713952	-0.0611005	0.995575	0.611613	-0.525671	17.1363	
0.997182	0.00242084	-0.0749795	0.00239919	0.997939	0.0641279	0.0749802	-0.0641271	0.995121	0.674414	-0.579399	17.9904	
0.996905	0.00265741	-0.0785651	0.0026325	0.997739	0.0671514	0.0785659	-0.0671504	0.994645	0.740291	-0.635723	18.8441	
0.996616	0.00290503	-0.0821514	0.00287657	0.997531	0.0701716	0.0821524	-0.0701704	0.994146	0.809246	-0.694639	19.6974	
0.996313	0.00316371	-0.0857382	0.00313137	0.997313	0.0731883	0.0857394	-0.0731869	0.993626	0.881279	-0.756145	20.5502	
0.995997	0.00343346	-0.0893256	0.0033969	0.997087	0.0762016	0.089327	-0.0762	0.993083	0.956389	-0.820238	21.4026	
0.995667	0.00371426	-0.0929133	0.00367313	0.996851	0.0792113	0.0929149	-0.0792094	0.992518	1.03458	-0.886915	22.2545	
0.995325	0.00400613	-0.0965013	0.00396007	0.996607	0.0822174	0.0965032	-0.0822152	0.991931	1.11585	-0.956173	23.1059	
0.994969	0.00430906	-0.10009	0.00425769	0.996353	0.0852198	0.100092	-0.0852172	0.991322	1.20019	-1.02801	23.9568	
0.9946	0.00462305	-0.103678	0.00456597	0.996091	0.0882184	0.10368	-0.0882154	0.990691	1.28762	-1.10242	24.8072	
0.994218	0.00494811	-0.107266	0.00488491	0.995819	0.0912131	0.107269	-0.0912097	0.990037	1.37813	-1.1794	25.657	
0.993823	0.00528422	-0.110855	0.0052145	0.995539	0.0942039	0.110858	-0.0942	0.989362	1.47171	-1.25895	26.5062	
0.993414	0.0056314	-0.114443	0.0055547	0.99525	0.0971907	0.114446	-0.0971863	0.988664	1.56838	-1.34106	27.3549	
0.992992	0.00598963	-0.118031	0.00590552	0.994952	0.100173	0.118035	-0.100168	0.987944	1.66812	-1.42573	28.2029	
0.992557	0.00635891	-0.121618	0.00626693	0.994646	0.103152	0.121623	-0.103146	0.987202	1.77094	-1.51296	29.0503	
0.992108	0.00673925	-0.125205	0.00663891	0.99433	0.106126	0.125211	-0.10612	0.986438	1.87685	-1.60275	29.8971	
0.991646	0.00713064	-0.128792	0.00702146	0.994006	0.109096	0.128798	-0.109089	0.985652	1.98583	-1.69508	30.7432	
0.991171	0.00753307	-0.132378	0.00741455	0.993674	0.112062	0.132384	-0.112054	0.984844	2.09788	-1.78996	31.5887	
0.990682	0.00794655	-0.135963	0.00781816	0.993332	0.115023	0.13597	-0.115014	0.984014	2.21302	-1.88738	32.4334	
0.99018	0.00837106	-0.139547	0.00823229	0.992982	0.11798	0.139555	-0.11797	0.983162	2.33123	-1.98734	33.2774	
0.989665	0.00880661	-0.14313	0.0086569	0.992623	0.120932	0.14314	-0.120921	0.982288	2.45252	-2.08984	34.1206	
0.989136	0.00925319	-0.146713	0.00909198	0.992256	0.12388	0.146723	-0.123868	0.981391	2.57688	-2.19486	34.9631	
0.988594	0.00971079	-0.150294	0.00953752	0.99188	0.126822	0.150305	-0.126809	0.980473	2.70432	-2.30241	35.8049	
0.988038	0.0101794	-0.153874	0.00999349	0.991495	0.12976	0.153886	-0.129746	0.979533	2.83483	-2.41248	36.6458	
0.987469	0.010659	-0.157453	0.0104599	0.991102	0.132693	0.157466	-0.132678	0.978571	2.96841	-2.52508	37.4859	
0.986886	0.0111497	-0.16103	0.0109366	0.9907	0.135622	0.161045	-0.135604	0.977587	3.10507	-2.64018	38.3252	
0.986291	0.0116513	-0.164606	0.0114238	0.99029	0.138545	0.164622	-0.138526	0.976581	3.24479	-2.75779	39.1636	
0.985681	0.0121639	-0.168181	0.0119213	0.989872	0.141463	0.168198	-0.141442	0.975553	3.38759	-2.87791	40.0011	
0.985058	0.0126875	-0.171753	0.0124291	0.989445	0.144376	0.171772	-0.144353	0.974503	3.53345	-3.00053	40.8378	
0.984422	0.0132221	-0.175324	0.0129473	0.98901	0.147283	0.175345	-0.147259	0.973432	3.68238	-3.12564	41.6735	
0.983772	0.0137676	-0.178893	0.0134757	0.988566	0.150186	0.178916	-0.150159	0.972338	3.83437	-3.25325	42.5083	
0.983109	0.0143241	-0.182461	0.0140144	0.988114	0.153083	0.182485	-0.153054	0.971223	3.98942	-3.38334	43.3422	
0.982432	0.0148916	-0.186026	0.0145634	0.987654	0.155974	0.186052	-0.155944	0.970086	4.14754	-3.51591	44.1751	
0.981742	0.01547	-0.189589	0.0151225	0.987185	0.158861	0.189617	-0.158827	0.968927	4.30872	-3.65096	45.007	
0.981038	0.0160593	-0.193149	0.0156919	0.986708	0.161741	0.193179	-0.161705	0.967746	4.47295	-3.78848	45.8379	
0.980321	0.0166595	-0.196708	0.0162714	0.986223	0.164616	0.19674	-0.164577	0.966544	4.64024	-3.92847	46.6678	
0.97959	0.0172707	-0.200264	0.0168611	0.98573	0.167485	0.200298	-0.167444	0.96532	4.81059	-4.07092	47.4967	
0.978845	0.0178927	-0.203817	0.017461	0.985229	0.170349	0.203854	-0.170304	0.964075	4.98399	-4.21583	48.3245	
0.978088	0.0185256	-0.207368	0.0180709	0.98472	0.173207	0.207408	-0.173159	0.962807	5.16044	-4.36319	49.1512	
0.976683	0.0196866	-0.213784	0.0184788	0.984383	0.175069	0.213892	-0.174938	0.961066	5.34119	-4.51254	49.9766	
0.975233	0.0208602	-0.220193	0.0189004	0.984041	0.176934	0.22037	-0.176713	0.959276	5.52751	-4.66341	50.8005	
0.97374	0.0220464	-0.226594	0.0193357	0.983695	0.1788	0.226841	-0.178486	0.957437	5.71938	-4.8158	51.6229	
0.972202	0.0232451	-0.232986	0.0197848	0.983345	0.180667	0.233306	-0.180254	0.955551	5.9168	-4.96972	52.4436	
0.97062	0.0244564	-0.23937	0.0202476	0.982991	0.182534	0.239763	-0.182018	0.953616	6.11977	-5.12515	53.2627	
0.968995	0.0256802	-0.245744	0.0207241	0.982632	0.184402	0.246211	-0.183778	0.951633	6.32827	-5.28209	54.0801	
0.967325	0.0269164	-0.252108	0.0212143	0.982269	0.186271	0.252651	-0.185532	0.949603	6.54231	-5.44054	54.8959	
0.965611	0.0281649	-0.258461	0.0217181	0.981902	0.188138	0.259082	-0.187282	0.947524	6.76186	-5.60049	55.7098	
0.963853	0.0294257	-0.264803	0.0222355	0.981531	0.190005	0.265504	-0.189025	0.945398	6.98693	-5.76194	56.522	
0.962052	0.0306988	-0.271134	0.0227665	0.981156	0.191871	0.271915	-0.190763	0.943224	7.21751	-5.92489	57.3322	
0.960207	0.031984	-0.277453	0.023311	0.980777	0.193736	0.278316	-0.192494	0.941003	7.45358	-6.08932	58.1407	
0.958318	0.0332813	-0.283759	0.0238689	0.980394	0.195598	0.284705	-0.194219	0.938734	7.69514	-6.25524	58.9471	
0.956386	0.0345907	-0.290052	0.0244402	0.980006	0.197459	0.291083	-0.195936	0.936419	7.94218	-6.42263	59.7517	
0.95441	0.035912	-0.296331	0.0250248	0.979615	0.199317	0.297448	-0.197646	0.934056	8.19468	-6.5915	60.5542	
0.952391	0.0372452	-0.302597	0.0256227	0.979221	0.201172	0.303801	-0.199348	0.931646	8.45264	-6.76182	61.3546	
0.950328	0.0385901	-0.308847	0.0262337	0.978822	0.203024	0.310141	-0.201042	0.92919	8.71605	-6.93361	62.153	
0.948223	0.0399468	-0.315083	0.0268578	0.97842	0.204873	0.316468	-0.202727	0.926688	8.98489	-7.10684	62.9493	
0.946075	0.0413151	-0.321304	0.0274948	0.978014	0.206717	0.32278	-0.204404	0.924139	9.25915	-7.28152	63.7434	
0.943883	0.042695	-0.327508	0.0281448	0.977605	0.208557	0.329078	-0.206071	0.921543	9.53883	-7.45763	64.5352	
0.941649	0.0440862	-0.333696	0.0288075	0.977192	0.210393	0.33536	-0.207729	0.918903	9.8239	-7.63517	65.3249	
0.939373	0.0454888	-0.339867	0.0294828	0.976776	0.212224	0.341628	-0.209377	0.916216	10.1144	-7.81412	66.1122	
0.937054	0.0469027	-0.34602	0.0301707	0.976357	0.214049	0.347879	-0.211015	0.913484	10.4102	-7.99449	66.8972	
0.934693	0.0483277	-0.352156	0.0308711	0.975934	0.215869	0.354114	-0.212643	0.910707	10.7114	-8.17626	67.6799	
0.932289	0.0497637	-0.358274	0.0315837	0.975508	0.217683	0.360332	-0.214259	0.907884	11.0179	-8.35942	68.4601	
0.929844	0.0512107	-0.364372	0.0323084	0.97508	0.219491	0.366532	-0.215864	0.905018	11.3298	-8.54396	69.2379	
0.92214	0.0555576	-0.382847	0.0299111	0.976432	0.213742	0.385699	-0.208552	0.898745	11.6525	-8.72605	70.0119	
0.914045	0.0597537	-0.401188	0.0273922	0.977738	0.208035	0.404688	-0.201143	0.892059	11.9916	-8.90184	70.7802	
0.905562	0.0637971	-0.419388	0.0247529	0.978996	0.202372	0.42349	-0.193641	0.884963	12.347	-9.07122	71.5427	
0.896697	0.0676859	-0.437439	0.0219944	0.980206	0.196755	0.442098	-0.186051	0.877459	12.7183	-9.23413	72.2988	
0.887453	0.0714184	-0.455332	0.0191179	0.981367	0.191188	0.460502	-0.178375	0.869552	13.1056	-9.39049	73.0484	
0.877833	0.0749928	-0.473059	0.0161247	0.98248	0.185672	0.478695	-0.170617	0.861244	13.5086	-9.54023	73.791	
0.867843	0.0784075	-0.490612	0.0130163	0.983542	0.18021	0.496667	-0.16278	0.85254	13.9271	-9.68327	74.5263	
0.857488	0.0816608	-0.507982	0.00979412	0.984554	0.174805	0.514411	-0.154868	0.843444	14.3609	-9.81956	75.254	
0.846771	0.0847514	-0.525162	0.00645957	0.985516	0.169459	0.531918	-0.146886	0.833959	14.8098	-9.94903	75.9737	
0.835699	0.0876778	-0.542144	0.00301422	0.986427	0.164175	0.54918	-0.138835	0.824091	15.2737	-10.0716	76.6851	
0.824275	0.0904386	-0.55892	-0.000540361	0.987286	0.158955	0.566189	-0.130721	0.813844	15.7522	-10.1873	77.3879	
0.812506	0.0930326	-0.575482	-0.00420252	0.988093	0.153802	0.582938	-0.122546	0.803222	16.2453	-10.2959	78.0817	
0.800396	0.0954585	-0.591823	-0.00797058	0.988848	0.148717	0.599419	-0.114316	0.79223	16.7526	-10.3976	78.7662	
0.787951	0.0977153	-0.607935	-0.0118428	0.98955	0.143704	0.615624	-0.106032	0.780874	17.2739	-10.4921	79.4412	
0.775178	0.099802	-0.62381	-0.0158174	0.990199	0.138764	0.631545	-0.0976999	0.769159	17.809	-10.5795	80.1062	
0.762081	0.101717	-0.639442	-0.0198926	0.990795	0.1339	0.647176	-0.0893227	0.75709	18.3576	-10.6598	80.7611	
