1	0	0	0	1	0	0	0	1	0	0	0	
1	-5.30421e-08	-0.000344525	-5.30421e-08	1	-0.000307915	0.000344525	0.000307915	1	0.000137462	0.000122855	0.79798	
1	-2.14294e-07	-0.000692484	-2.14303e-07	1	-0.000618926	0.000692484	0.000618926	1	0.000551218	0.000492655	1.59596	
0.999999	-4.86959e-07	-0.00104387	-4.86997e-07	1	-0.000933025	0.00104387	0.000933025	0.999999	0.00124401	0.00111187	2.39394	
0.999999	-8.74257e-07	-0.00139866	-8.74353e-07	0.999999	-0.0012502	0.00139866	0.0012502	0.999998	0.00221855	0.00198295	3.19192	
0.999998	-1.37943e-06	-0.00175686	-1.37962e-06	0.999999	-0.00157045	0.00175686	0.00157045	0.999997	0.00347757	0.00310836	3.9899	
0.999998	-2.00572e-06	-0.00211844	-2.00607e-06	0.999998	-0.00189375	0.00211844	0.00189375	0.999996	0.00502377	0.00449054	4.78787	
0.999997	-2.75641e-06	-0.00248339	-2.75697e-06	0.999998	-0.00222009	0.00248339	0.00222009	0.999994	0.00685985	0.00613192	5.58585	
0.999996	-3.63478e-06	-0.00285171	-3.63562e-06	0.999997	-0.00254948	0.00285171	0.00254948	0.999993	0.00898851	0.00803493	6.38382	
0.999995	-4.64413e-06	-0.00322339	-4.64534e-06	0.999996	-0.00288189	0.00322339	0.00288189	0.999991	0.0114124	0.010202	7.1818	
0.999994	-5.78778e-06	-0.0035984	-5.78946e-06	0.999995	-0.00321731	0.0035984	0.00321731	0.999988	0.0141342	0.0126355	7.97977	
0.999992	-7.06904e-06	-0.00397673	-7.0713e-06	0.999994	-0.00355575	0.00397673	0.00355575	0.999986	0.0171566	0.0153379	8.77774	
0.999991	-8.49127e-06	-0.00435838	-8.49423e-06	0.999992	-0.00389717	0.00435838	0.00389717	0.999983	0.0204823	0.0183115	9.5757	
0.999989	-1.00578e-05	-0.00474333	-1.00616e-05	0.999991	-0.00424158	0.00474333	0.00424158	0.99998	0.0241138	0.0215588	10.3737	
0.999987	-1.1772e-05	-0.00513157	-1.17768e-05	0.999989	-0.00458896	0.00513157	0.00458896	0.999976	0.0280537	0.0250821	11.1716	
0.999985	-1.36373e-05	-0.00552309	-1.36433e-05	0.999988	-0.0049393	0.00552309	0.0049393	0.999973	0.0323048	0.0288838	11.9696	
0.999982	-1.5657e-05	-0.00591786	-1.56643e-05	0.999986	-0.00529259	0.00591786	0.00529259	0.999968	0.0368697	0.0329662	12.7675	
0.99998	-1.78346e-05	-0.00631589	-1.78434e-05	0.999984	-0.00564883	0.00631589	0.00564883	0.999964	0.0417508	0.0373317	13.5655	
0.999977	-2.01734e-05	-0.00671715	-2.0184e-05	0.999982	-0.00600799	0.00671715	0.00600799	0.999959	0.0469509	0.0419827	14.3634	
0.999975	-2.26769e-05	-0.00712164	-2.26894e-05	0.99998	-0.00637006	0.00712164	0.00637006	0.999954	0.0524724	0.0469214	15.1614	
0.999972	-2.53484e-05	-0.00752933	-2.53632e-05	0.999977	-0.00673504	0.00752933	0.00673504	0.999949	0.058318	0.0521502	15.9593	
0.999968	-2.81915e-05	-0.00794022	-2.82088e-05	0.999975	-0.00710292	0.00794022	0.00710292	0.999943	0.0644902	0.0576714	16.7573	
0.999965	-3.12096e-05	-0.0083543	-3.12296e-05	0.999972	-0.00747367	0.0083543	0.00747367	0.999937	0.0709915	0.0634873	17.5552	
0.999962	-3.44061e-05	-0.00877154	-3.44292e-05	0.999969	-0.0078473	0.00877154	0.0078473	0.999931	0.0778246	0.0696002	18.3531	
0.999958	-3.77844e-05	-0.00919193	-3.78109e-05	0.999966	-0.00822378	0.00919193	0.00822378	0.999924	0.0849918	0.0760124	19.1511	
0.999954	-4.13481e-05	-0.00961547	-4.13783e-05	0.999963	-0.00860311	0.00961547	0.00860311	0.999917	0.0924958	0.0827262	19.949	
0.99995	-4.51006e-05	-0.0100421	-4.51348e-05	0.99996	-0.00898528	0.0100421	0.00898528	0.999909	0.100339	0.0897438	20.7469	
0.999945	-4.90453e-05	-0.0104719	-4.9084e-05	0.999956	-0.00937026	0.0104719	0.00937026	0.999901	0.108524	0.0970675	21.5448	
0.999941	-5.31859e-05	-0.0109048	-5.32293e-05	0.999952	-0.00975806	0.0109048	0.00975806	0.999893	0.117053	0.104699	22.3427	
0.999936	-5.75256e-05	-0.0113407	-5.75743e-05	0.999948	-0.0101487	0.0113407	0.0101487	0.999884	0.125929	0.112642	23.1406	
0.999931	-6.2068e-05	-0.0117798	-6.21224e-05	0.999944	-0.010542	0.0117798	0.010542	0.999875	0.135154	0.120897	23.9385	
0.999925	-6.68167e-05	-0.0122219	-6.68771e-05	0.99994	-0.0109382	0.0122219	0.0109382	0.999865	0.14473	0.129468	24.7363	
0.99992	-7.1775e-05	-0.012667	-7.1842e-05	0.999936	-0.0113371	0.012667	0.0113371	0.999855	0.15466	0.138355	25.5342	
0.999914	-7.69465e-05	-0.0131151	-7.70206e-05	0.999931	-0.0117387	0.0131151	0.0117387	0.999845	0.164947	0.147562	26.3321	
0.999908	-8.23346e-05	-0.0135663	-8.24163e-05	0.999926	-0.0121431	0.0135663	0.0121431	0.999834	0.175593	0.157091	27.1299	
0.999902	-8.7943e-05	-0.0140204	-8.80327e-05	0.999921	-0.0125502	0.0140204	0.0125503	0.999823	0.1866	0.166943	27.9278	
0.999895	-9.37749e-05	-0.0144776	-9.38733e-05	0.999916	-0.0129601	0.0144776	0.0129601	0.999811	0.19797	0.177122	28.7256	
0.999888	-9.9834e-05	-0.0149377	-9.99417e-05	0.999911	-0.0133726	0.0149377	0.0133726	0.999799	0.209706	0.187628	29.5234	
0.999881	-0.000106124	-0.0154007	-0.000106241	0.999905	-0.0137878	0.0154007	0.0137878	0.999786	0.221811	0.198465	30.3212	
0.999874	-0.000112648	-0.0158667	-0.000112776	0.999899	-0.0142057	0.0158667	0.0142057	0.999773	0.234287	0.209634	31.119	
0.999867	-0.000119409	-0.0163357	-0.000119548	0.999893	-0.0146262	0.0163357	0.0146262	0.99976	0.247135	0.221138	31.9168	
0.999859	-0.000126411	-0.0168075	-0.000126562	0.999887	-0.0150494	0.0168075	0.0150494	0.999745	0.260359	0.232978	32.7146	
0.999851	-0.000133658	-0.0172822	-0.000133822	0.99988	-0.0154751	0.0172822	0.0154751	0.999731	0.27396	0.245157	33.5124	
0.999842	-0.000141153	-0.0177598	-0.00014133	0.999874	-0.0159036	0.0177598	0.0159036	0.999716	0.287942	0.257677	34.3101	
0.999834	-0.0001489	-0.0182402	-0.000149091	0.999867	-0.0163346	0.0182402	0.0163346	0.9997	0.302305	0.270539	35.1079	
0.999825	-0.000156901	-0.0187235	-0.000157107	0.999859	-0.0167682	0.0187235	0.0167682	0.999684	0.317053	0.283747	35.9056	
0.999815	-0.000165161	-0.0192096	-0.000165382	0.999852	-0.0172044	0.0192096	0.0172044	0.999667	0.332188	0.297302	36.7033	
0.999806	-0.000173683	-0.0196985	-0.000173921	0.999844	-0.0176431	0.0196985	0.0176431	0.99965	0.347712	0.311206	37.501	
0.999796	-0.00018247	-0.0201902	-0.000182725	0.999836	-0.0180844	0.0201902	0.0180844	0.999633	0.363627	0.32546	38.2987	
0.999786	-0.000191526	-0.0206847	-0.000191799	0.999828	-0.0185282	0.0206847	0.0185282	0.999614	0.379936	0.340069	39.0964	
0.999776	-0.000200854	-0.021182	-0.000201146	0.99982	-0.0189745	0.021182	0.0189745	0.999596	0.39664	0.355032	39.8941	
0.999765	-0.000210457	-0.021682	-0.000210769	0.999811	-0.0194234	0.021682	0.0194234	0.999576	0.413743	0.370352	40.6917	
0.999754	-0.00022034	-0.0221847	-0.000220673	0.999802	-0.0198747	0.0221847	0.0198747	0.999556	0.431245	0.386032	41.4894	
0.999743	-0.000230505	-0.0226902	-0.00023086	0.999793	-0.0203285	0.0226902	0.0203285	0.999536	0.44915	0.402072	42.287	
0.999731	-0.000240955	-0.0231983	-0.000241333	0.999784	-0.0207848	0.0231983	0.0207848	0.999515	0.467459	0.418476	43.0846	
0.999719	-0.000251695	-0.0237091	-0.000252097	0.999774	-0.0212435	0.0237091	0.0212435	0.999493	0.486174	0.435245	43.8822	
0.999666	-0.000300103	-0.0258407	-0.000324138	0.999708	-0.0241497	0.0258404	0.02415	0.999374	0.505944	0.453357	44.6797	
0.999609	-0.000354786	-0.027975	-0.000402436	0.999634	-0.0270576	0.0279743	0.0270582	0.999242	0.527416	0.473788	45.4771	
0.999546	-0.000415763	-0.0301117	-0.000487004	0.999551	-0.029967	0.0301107	0.0299681	0.999097	0.550591	0.496541	46.2744	
0.99948	-0.000483049	-0.0322509	-0.000577857	0.999459	-0.032878	0.0322493	0.0328795	0.998939	0.575472	0.521617	47.0716	
0.999408	-0.000556662	-0.0343923	-0.000675007	0.999359	-0.0357903	0.0343902	0.0357923	0.998767	0.602061	0.549016	47.8687	
0.999332	-0.000636616	-0.0365359	-0.000778465	0.99925	-0.0387039	0.0365332	0.0387065	0.998583	0.630358	0.57874	48.6656	
0.999251	-0.000722925	-0.0386816	-0.000888244	0.999133	-0.0416187	0.0386781	0.0416219	0.998385	0.660367	0.610791	49.4624	
0.999166	-0.000815601	-0.0408291	-0.00100435	0.999007	-0.0445345	0.0408249	0.0445384	0.998173	0.692088	0.645168	50.259	
0.999076	-0.000914657	-0.0429785	-0.0011268	0.998873	-0.0474513	0.0429735	0.0474559	0.997949	0.725523	0.681873	51.0554	
0.998981	-0.0010201	-0.0451295	-0.0012556	0.99873	-0.050369	0.0451236	0.0503743	0.997711	0.760673	0.720906	51.8517	
0.998881	-0.00113195	-0.0472821	-0.00139076	0.998578	-0.0532874	0.0472752	0.0532935	0.997459	0.797539	0.762268	52.6477	
0.998777	-0.00125021	-0.0494361	-0.00153228	0.998418	-0.0562065	0.0494282	0.0562134	0.997195	0.836123	0.805961	53.4436	
0.998667	-0.00137488	-0.0515914	-0.00168017	0.998249	-0.0591261	0.0515824	0.0591339	0.996916	0.876425	0.851983	54.2392	
0.998553	-0.00150597	-0.0537479	-0.00183443	0.998072	-0.0620461	0.0537377	0.0620549	0.996625	0.918446	0.900336	55.0346	
0.998435	-0.0016435	-0.0559054	-0.00199508	0.997885	-0.0649664	0.055894	0.0649763	0.99632	0.962188	0.951021	55.8298	
0.998311	-0.00178745	-0.0580639	-0.00216212	0.997691	-0.067887	0.0580512	0.0678979	0.996002	1.00765	1.00404	56.6247	
0.998183	-0.00193785	-0.0602232	-0.00233554	0.997487	-0.0708077	0.0602091	0.0708197	0.99567	1.05484	1.05938	57.4194	
0.99805	-0.00209468	-0.0623833	-0.00251535	0.997275	-0.0737284	0.0623677	0.0737416	0.995325	1.10374	1.11706	58.2138	
0.997912	-0.00225795	-0.0645438	-0.00270156	0.997054	-0.0766491	0.0645268	0.0766634	0.994967	1.15437	1.17707	59.0079	
0.99777	-0.00242767	-0.0667049	-0.00289417	0.996825	-0.0795695	0.0666863	0.0795851	0.994595	1.20673	1.23941	59.8017	
0.997623	-0.00260382	-0.0688662	-0.00309316	0.996587	-0.0824896	0.068846	0.0825065	0.99421	1.2608	1.30409	60.5952	
0.99747	-0.00278642	-0.0710278	-0.00329856	0.99634	-0.0854093	0.0710059	0.0854275	0.993811	1.3166	1.37109	61.3884	
0.997314	-0.00297545	-0.0731894	-0.00351034	0.996085	-0.0883285	0.0731657	0.0883481	0.993399	1.37412	1.44043	62.1813	
0.997152	-0.00317091	-0.0753511	-0.00372852	0.995821	-0.091247	0.0753255	0.0912681	0.992973	1.43337	1.51209	62.9738	
0.996986	-0.0033728	-0.0775125	-0.00395309	0.995549	-0.0941649	0.0774851	0.0941874	0.992535	1.49434	1.58609	63.766	
0.996815	-0.00358111	-0.0796737	-0.00418404	0.995268	-0.0970819	0.0796443	0.097106	0.992082	1.55703	1.66241	64.5579	
0.996639	-0.00379583	-0.0818344	-0.00442137	0.994978	-0.0999979	0.081803	0.100024	0.991617	1.62145	1.74106	65.3493	
0.996458	-0.00401697	-0.0839947	-0.00466507	0.994679	-0.102913	0.0839612	0.10294	0.991138	1.68759	1.82204	66.1404	
0.996273	-0.0042445	-0.0861543	-0.00491515	0.994372	-0.105827	0.0861186	0.105856	0.990645	1.75545	1.90535	66.9311	
0.996083	-0.00447842	-0.0883131	-0.00517158	0.994057	-0.108739	0.0882752	0.10877	0.99014	1.82503	1.99098	67.7215	
0.995888	-0.00471871	-0.0904711	-0.00543437	0.993733	-0.111651	0.0904309	0.111683	0.989621	1.89633	2.07894	68.5114	
0.995688	-0.00496537	-0.092628	-0.00570351	0.9934	-0.114561	0.0925855	0.114595	0.989088	1.96935	2.16923	69.3009	
0.995484	-0.00521838	-0.0947838	-0.00597898	0.993059	-0.117469	0.0947389	0.117505	0.988543	2.04409	2.26183	70.0899	
0.995275	-0.00547773	-0.0969383	-0.00626079	0.992709	-0.120375	0.0968909	0.120414	0.987984	2.12055	2.35676	70.8785	
0.995062	-0.0057434	-0.0990915	-0.0065489	0.99235	-0.12328	0.0990415	0.12332	0.987412	2.19873	2.45401	71.6667	
0.993907	-0.00719727	-0.109989	-0.00828398	0.990166	-0.139651	0.109912	0.139711	0.984073	2.2821	2.55896	72.4533	
0.992632	-0.00883203	-0.120847	-0.0101992	0.98771	-0.155962	0.120739	0.156046	0.980343	2.37413	2.67696	73.2371	
0.991238	-0.010647	-0.131661	-0.0122939	0.984984	-0.172209	0.131518	0.172319	0.976222	2.47478	2.80798	74.0178	
0.989724	-0.0126415	-0.142428	-0.0145671	0.981987	-0.188384	0.142244	0.188523	0.971713	2.58401	2.95196	74.795	
0.988093	-0.0148148	-0.153143	-0.017018	0.978723	-0.204481	0.152914	0.204652	0.966817	2.70178	3.10884	75.5685	
0.986344	-0.0171659	-0.163802	-0.0196456	0.975191	-0.220493	0.163523	0.2207	0.961536	2.82804	3.27856	76.3379	
0.984478	-0.0196939	-0.1744	-0.0224488	0.971393	-0.236415	0.174067	0.23666	0.955873	2.96274	3.46104	77.103	
0.982496	-0.0223978	-0.184934	-0.0254265	0.967331	-0.252239	0.184542	0.252526	0.949829	3.10583	3.65623	77.8634	
0.980398	-0.0252765	-0.195399	-0.0285776	0.963006	-0.26796	0.194943	0.268291	0.943407	3.25725	3.86404	78.6188	
