1	0	0	0	1	0	0	0	1	0	0	0	
0.999999	-3.57724e-07	0.00120009	-3.57724e-07	1	0.000596162	-0.00120009	-0.000596162	0.999999	-0.000487309	-0.000242078	0.812121	
0.999997	-1.4382e-06	0.00240635	-1.43806e-06	0.999999	0.00119528	-0.00240635	-0.00119528	0.999996	-0.00195174	-0.000969511	1.62424	
0.999993	-3.25231e-06	0.00361874	-3.25176e-06	0.999998	0.00179732	-0.00361874	-0.00179732	0.999992	-0.00439829	-0.00218469	2.43636	
0.999988	-5.8109e-06	0.00483722	-5.80954e-06	0.999997	0.00240228	-0.00483722	-0.00240228	0.999985	-0.00783192	-0.00388998	3.24847	
0.999982	-9.12479e-06	0.00606175	-9.12205e-06	0.999995	0.00301013	-0.00606175	-0.00301013	0.999977	-0.0122576	-0.00608775	4.06058	
0.999973	-1.32047e-05	0.00729228	-1.31999e-05	0.999993	0.00362084	-0.00729228	-0.00362084	0.999967	-0.0176801	-0.00878032	4.87267	
0.999964	-1.80614e-05	0.00852878	-1.80537e-05	0.999991	0.0042344	-0.00852878	-0.0042344	0.999955	-0.0241044	-0.01197	5.68476	
0.999952	-2.37055e-05	0.00977121	-2.36939e-05	0.999988	0.00485078	-0.00977121	-0.00485078	0.99994	-0.0315353	-0.0156592	6.49684	
0.999939	-3.01477e-05	0.0110195	-3.01309e-05	0.999985	0.00546996	-0.0110195	-0.00546996	0.999924	-0.0399776	-0.01985	7.30891	
0.999925	-3.73985e-05	0.0122737	-3.73753e-05	0.999981	0.00609193	-0.0122737	-0.00609193	0.999906	-0.0494361	-0.0245448	8.12096	
0.999908	-4.54684e-05	0.0135336	-4.54373e-05	0.999977	0.00671665	-0.0135336	-0.00671665	0.999886	-0.0599154	-0.0297459	8.933	
0.99989	-5.43678e-05	0.0147993	-5.43273e-05	0.999973	0.00734411	-0.0147993	-0.00734411	0.999864	-0.0714203	-0.0354554	9.74502	
0.999871	-6.41073e-05	0.0160707	-6.40554e-05	0.999968	0.00797428	-0.0160707	-0.00797428	0.999839	-0.0839554	-0.0416756	10.557	
0.99985	-7.4697e-05	0.0173478	-7.46319e-05	0.999963	0.00860714	-0.0173478	-0.00860714	0.999812	-0.0975253	-0.0484087	11.369	
0.999826	-8.61474e-05	0.0186305	-8.60669e-05	0.999957	0.00924267	-0.0186305	-0.00924267	0.999784	-0.112135	-0.0556568	12.181	
0.999802	-9.84686e-05	0.0199188	-9.83704e-05	0.999951	0.00988085	-0.0199188	-0.00988085	0.999753	-0.127788	-0.0634221	12.9929	
0.999775	-0.000111671	0.0212126	-0.000111552	0.999945	0.0105217	-0.0212126	-0.0105217	0.99972	-0.14449	-0.0717067	13.8048	
0.999747	-0.000125764	0.022512	-0.000125623	0.999938	0.0111651	-0.022512	-0.0111651	0.999684	-0.162245	-0.0805129	14.6167	
0.999716	-0.000140759	0.0238168	-0.000140592	0.99993	0.011811	-0.0238168	-0.011811	0.999647	-0.181057	-0.0898426	15.4285	
0.999684	-0.000156664	0.025127	-0.000156469	0.999922	0.0124596	-0.025127	-0.0124596	0.999607	-0.200931	-0.0996979	16.2403	
0.99965	-0.000173491	0.0264425	-0.000173263	0.999914	0.0131106	-0.0264425	-0.0131106	0.999564	-0.221871	-0.110081	17.0521	
0.999615	-0.000191248	0.0277634	-0.000190985	0.999905	0.0137642	-0.0277634	-0.0137642	0.99952	-0.243882	-0.120994	17.8639	
0.999577	-0.000209946	0.0290896	-0.000209645	0.999896	0.0144203	-0.0290896	-0.0144203	0.999473	-0.266968	-0.132438	18.6756	
0.999537	-0.000229594	0.0304209	-0.00022925	0.999886	0.0150788	-0.0304209	-0.0150788	0.999423	-0.291133	-0.144417	19.4873	
0.999496	-0.000250203	0.0317575	-0.000249812	0.999876	0.0157398	-0.0317575	-0.0157398	0.999372	-0.316381	-0.156931	20.2989	
0.999452	-0.00027178	0.0330992	-0.000271339	0.999865	0.0164032	-0.0330993	-0.0164032	0.999317	-0.342717	-0.169983	21.1105	
0.999407	-0.000294337	0.0344461	-0.00029384	0.999854	0.017069	-0.0344461	-0.017069	0.999261	-0.370145	-0.183575	21.922	
0.999359	-0.000317882	0.0357979	-0.000317326	0.999843	0.0177372	-0.035798	-0.0177372	0.999202	-0.398668	-0.197708	22.7335	
0.999309	-0.000342424	0.0371548	-0.000341804	0.999831	0.0184077	-0.0371548	-0.0184077	0.99914	-0.428291	-0.212385	23.545	
0.999258	-0.000367974	0.0385167	-0.000367284	0.999818	0.0190805	-0.0385167	-0.0190805	0.999076	-0.459018	-0.227608	24.3564	
0.999204	-0.000394539	0.0398834	-0.000393775	0.999805	0.0197556	-0.0398834	-0.0197556	0.999009	-0.490854	-0.243378	25.1677	
0.999149	-0.000422129	0.0412551	-0.000421285	0.999791	0.0204331	-0.0412551	-0.020433	0.99894	-0.523801	-0.259697	25.979	
0.999091	-0.000450754	0.0426315	-0.000449824	0.999777	0.0211127	-0.0426315	-0.0211127	0.998868	-0.557864	-0.276567	26.7902	
0.999031	-0.000480421	0.0440128	-0.0004794	0.999762	0.0217946	-0.0440128	-0.0217946	0.998793	-0.593047	-0.29399	27.6014	
0.998969	-0.00051114	0.0453987	-0.000510022	0.999747	0.0224788	-0.0453988	-0.0224787	0.998716	-0.629353	-0.311967	28.4125	
0.998905	-0.00054292	0.0467894	-0.000541698	0.999732	0.0231651	-0.0467894	-0.023165	0.998636	-0.666787	-0.330501	29.2236	
0.998838	-0.000575768	0.0481847	-0.000574437	0.999715	0.0238535	-0.0481847	-0.0238535	0.998554	-0.705352	-0.349594	30.0345	
0.99877	-0.000609695	0.0495846	-0.000608247	0.999699	0.0245441	-0.0495846	-0.0245441	0.998468	-0.745053	-0.369246	30.8455	
0.998699	-0.000644707	0.050989	-0.000643136	0.999681	0.0252368	-0.0509891	-0.0252368	0.99838	-0.785892	-0.38946	31.6563	
0.998626	-0.000680814	0.052398	-0.000679112	0.999663	0.0259316	-0.052398	-0.0259316	0.99829	-0.827873	-0.410238	32.4671	
0.998551	-0.000718023	0.0538114	-0.000716184	0.999645	0.0266285	-0.0538114	-0.0266284	0.998196	-0.871001	-0.43158	33.2778	
0.998473	-0.000756343	0.0552292	-0.000754359	0.999626	0.0273274	-0.0552292	-0.0273273	0.9981	-0.915278	-0.453489	34.0884	
0.998394	-0.000795783	0.0566513	-0.000793645	0.999607	0.0280283	-0.0566514	-0.0280282	0.998001	-0.960708	-0.475967	34.8989	
0.998312	-0.000836349	0.0580778	-0.00083405	0.999587	0.0287312	-0.0580779	-0.0287311	0.997899	-1.0073	-0.499015	35.7094	
0.998227	-0.000878049	0.0595086	-0.000875582	0.999566	0.0294361	-0.0595086	-0.029436	0.997794	-1.05504	-0.522634	36.5197	
0.998141	-0.000920893	0.0609435	-0.000918247	0.999545	0.0301429	-0.0609436	-0.0301428	0.997686	-1.10395	-0.546827	37.33	
0.998052	-0.000964886	0.0623826	-0.000962054	0.999524	0.0308516	-0.0623827	-0.0308515	0.997575	-1.15403	-0.571594	38.1402	
0.997961	-0.00101004	0.0638259	-0.00100701	0.999501	0.0315623	-0.0638259	-0.0315622	0.997462	-1.20528	-0.596938	38.9503	
0.997867	-0.00105635	0.0652732	-0.00105312	0.999478	0.0322748	-0.0652733	-0.0322747	0.997345	-1.2577	-0.62286	39.7603	
0.997771	-0.00110384	0.0667246	-0.0011004	0.999455	0.0329891	-0.0667246	-0.032989	0.997226	-1.3113	-0.649361	40.5703	
0.997672	-0.00115251	0.0681799	-0.00114884	0.999431	0.0337053	-0.06818	-0.0337052	0.997104	-1.36608	-0.676443	41.3801	
0.997572	-0.00120237	0.0696391	-0.00119846	0.999407	0.0344233	-0.0696392	-0.0344232	0.996978	-1.42204	-0.704107	42.1898	
0.997468	-0.00125342	0.0711023	-0.00124927	0.999382	0.035143	-0.0711024	-0.0351429	0.99685	-1.47919	-0.732355	42.9994	
0.997363	-0.00130567	0.0725692	-0.00130127	0.999356	0.0358645	-0.0725693	-0.0358644	0.996718	-1.53753	-0.761188	43.8089	
0.997254	-0.00135913	0.07404	-0.00135446	0.99933	0.0365878	-0.0740401	-0.0365876	0.996584	-1.59706	-0.790608	44.6183	
0.996955	-0.00150793	0.0779629	-0.00153862	0.999238	0.0390021	-0.0779623	-0.0390033	0.996193	-1.65879	-0.821303	45.4275	
0.99664	-0.00166641	0.0818883	-0.00173237	0.99914	0.0414166	-0.0818869	-0.0414193	0.995781	-1.7237	-0.853959	46.2364	
0.996309	-0.00183459	0.085816	-0.00193574	0.999037	0.0438312	-0.0858138	-0.0438356	0.995346	-1.79179	-0.888578	47.0449	
0.995963	-0.00201247	0.0897458	-0.00214874	0.998928	0.0462459	-0.0897426	-0.0462521	0.99489	-1.86308	-0.925159	47.8531	
0.9956	-0.00220007	0.0936774	-0.00237137	0.998813	0.0486605	-0.0936732	-0.0486686	0.994413	-1.93756	-0.963703	48.6608	
0.995222	-0.0023974	0.0976106	-0.00260365	0.998691	0.051075	-0.0976053	-0.0510851	0.993913	-2.01523	-1.00421	49.4682	
0.994828	-0.00260447	0.101545	-0.00284557	0.998564	0.0534892	-0.101539	-0.0535015	0.993392	-2.09609	-1.04668	50.2752	
0.994417	-0.00282129	0.105481	-0.00309715	0.998431	0.0559031	-0.105473	-0.0559177	0.992849	-2.18015	-1.09111	51.0817	
0.993991	-0.00304787	0.109418	-0.00335839	0.998292	0.0583164	-0.109409	-0.0583335	0.992284	-2.26741	-1.1375	51.8878	
0.993549	-0.00328421	0.113356	-0.00362929	0.998148	0.0607293	-0.113345	-0.0607489	0.991697	-2.35786	-1.18586	52.6934	
0.993091	-0.00353032	0.117294	-0.00390986	0.997997	0.0631415	-0.117282	-0.0631638	0.991088	-2.45151	-1.23617	53.4986	
0.992617	-0.00378621	0.121232	-0.0042001	0.99784	0.0655529	-0.121219	-0.0655781	0.990457	-2.54835	-1.28845	54.3032	
0.992127	-0.00405187	0.125171	-0.00450002	0.997678	0.0679635	-0.125156	-0.0679916	0.989805	-2.6484	-1.34269	55.1073	
0.991621	-0.00432731	0.129109	-0.0048096	0.997509	0.0703731	-0.129092	-0.0704044	0.98913	-2.75164	-1.39888	55.9109	
0.991099	-0.00461252	0.133048	-0.00512885	0.997335	0.0727817	-0.133029	-0.0728162	0.988434	-2.85807	-1.45704	56.7139	
0.990561	-0.00490751	0.136985	-0.00545777	0.997154	0.0751891	-0.136964	-0.075227	0.987715	-2.96771	-1.51715	57.5163	
0.990007	-0.00521227	0.140922	-0.00579635	0.996968	0.0775953	-0.140899	-0.0776368	0.986975	-3.08054	-1.57923	58.3182	
0.989437	-0.0055268	0.144858	-0.0061446	0.996776	0.0800002	-0.144833	-0.0800453	0.986213	-3.19656	-1.64326	59.1194	
0.988851	-0.00585109	0.148793	-0.00650249	0.996578	0.0824036	-0.148766	-0.0824525	0.985429	-3.31578	-1.70924	59.92	
0.988249	-0.00618514	0.152726	-0.00687004	0.996374	0.0848055	-0.152697	-0.0848582	0.984623	-3.43819	-1.77718	60.72	
0.987631	-0.00652893	0.156658	-0.00724723	0.996164	0.0872058	-0.156626	-0.0872625	0.983795	-3.5638	-1.84707	61.5193	
0.986998	-0.00688246	0.160588	-0.00763405	0.995948	0.0896044	-0.160554	-0.0896652	0.982946	-3.69259	-1.91891	62.3179	
0.986348	-0.00724572	0.164516	-0.00803049	0.995727	0.0920011	-0.164479	-0.0920662	0.982075	-3.82458	-1.99271	63.1158	
0.985682	-0.00761869	0.168441	-0.00843654	0.995499	0.0943959	-0.168402	-0.0944655	0.981181	-3.95975	-2.06845	63.913	
0.985001	-0.00800137	0.172364	-0.0088522	0.995266	0.0967887	-0.172323	-0.0968628	0.980267	-4.0981	-2.14614	64.7095	
0.984303	-0.00839373	0.176285	-0.00927744	0.995026	0.0991794	-0.17624	-0.0992581	0.97933	-4.23964	-2.22578	65.5052	
0.98359	-0.00879576	0.180202	-0.00971226	0.994781	0.101568	-0.180155	-0.101651	0.978372	-4.38436	-2.30736	66.3001	
0.982861	-0.00920745	0.184116	-0.0101566	0.99453	0.103954	-0.184066	-0.104042	0.977392	-4.53225	-2.39088	67.0943	
0.982117	-0.00962876	0.188027	-0.0106106	0.994273	0.106338	-0.187975	-0.106431	0.97639	-4.68333	-2.47635	67.8876	
0.981356	-0.0100597	0.191935	-0.011074	0.994011	0.108719	-0.191879	-0.108818	0.975367	-4.83757	-2.56375	68.6802	
0.98058	-0.0105002	0.195839	-0.011547	0.993742	0.111098	-0.19578	-0.111202	0.974323	-4.99498	-2.6531	69.4719	
0.979788	-0.0109503	0.199738	-0.0120294	0.993468	0.113474	-0.199676	-0.113583	0.973257	-5.15556	-2.74437	70.2627	
0.978981	-0.01141	0.203634	-0.0125214	0.993188	0.115847	-0.203569	-0.115962	0.972169	-5.3193	-2.83758	71.0527	
0.975435	-0.0134459	0.219876	-0.0149506	0.991793	0.126976	-0.219778	-0.127144	0.967229	-5.49121	-2.9363	71.8402	
0.971619	-0.0156687	0.236031	-0.0175653	0.99027	0.138045	-0.235898	-0.138273	0.96189	-5.67625	-3.04408	72.6236	
0.967534	-0.0180774	0.252094	-0.0203644	0.98862	0.149051	-0.25192	-0.149346	0.956155	-5.87434	-3.16087	73.4024	
0.963181	-0.020671	0.268058	-0.0233468	0.986843	0.159989	-0.267838	-0.160356	0.950026	-6.0854	-3.28664	74.1765	
0.958563	-0.0234485	0.283916	-0.0265113	0.98494	0.170854	-0.283646	-0.171301	0.943505	-6.30935	-3.42131	74.9454	
0.95368	-0.0264088	0.299661	-0.0298565	0.982911	0.181642	-0.299337	-0.182175	0.936595	-6.54608	-3.56485	75.7089	
0.948536	-0.0295505	0.315287	-0.033381	0.980759	0.192349	-0.314904	-0.192974	0.929299	-6.79551	-3.71719	76.4666	
0.943132	-0.0328725	0.330788	-0.0370835	0.978483	0.20297	-0.330342	-0.203694	0.92162	-7.05753	-3.87827	77.2182	
0.937471	-0.0363733	0.346157	-0.0409624	0.976084	0.2135	-0.345644	-0.214329	0.913561	-7.33203	-4.04802	77.9634	
0.931555	-0.0400515	0.361388	-0.045016	0.973564	0.223936	-0.360803	-0.224877	0.905125	-7.6189	-4.22637	78.7019	
0.925386	-0.0439056	0.376474	-0.0492428	0.970923	0.234273	-0.375813	-0.235331	0.896317	-7.91802	-4.41325	79.4334	
