1	0	0	0	1	0	0	0	1	0	0	0	
1	2.62984e-06	-0.000908699	2.62984e-06	0.999983	0.00578808	0.000908699	-0.00578808	0.999983	0.000470184	-0.0029949	1.03484	
0.999998	1.05111e-05	-0.00181641	1.05167e-05	0.999933	0.0115762	0.00181641	-0.0115762	0.999931	0.00188023	-0.0119796	2.06965	
0.999996	2.36325e-05	-0.00272311	2.36553e-05	0.999849	0.017364	0.00272311	-0.017364	0.999846	0.00422909	-0.026954	3.10439	
0.999993	4.19828e-05	-0.00362876	4.20398e-05	0.999732	0.0231515	0.00362876	-0.0231515	0.999725	0.00751571	-0.0479178	4.13902	
0.99999	6.55506e-05	-0.00453333	6.56644e-05	0.999581	0.0289383	0.00453333	-0.0289383	0.999571	0.011739	-0.0748703	5.1735	
0.999985	9.43239e-05	-0.00543679	9.45232e-05	0.999397	0.0347243	0.00543678	-0.0347243	0.999382	0.0168978	-0.107811	6.20781	
0.99998	0.000128291	-0.0063391	0.00012861	0.999179	0.0405093	0.0063391	-0.0405093	0.999159	0.0229909	-0.146739	7.24191	
0.999974	0.00016744	-0.00724025	0.000167918	0.998928	0.0462931	0.00724024	-0.0462931	0.998902	0.0300172	-0.191653	8.27576	
0.999967	0.000211758	-0.00814019	0.000212441	0.998643	0.0520755	0.00814017	-0.0520755	0.99861	0.0379754	-0.242551	9.30932	
0.999959	0.000261233	-0.00903889	0.000262172	0.998325	0.0578562	0.00903887	-0.0578562	0.998284	0.0468643	-0.299433	10.3426	
0.999951	0.000315852	-0.00993634	0.000317104	0.997973	0.0636351	0.0099363	-0.0636351	0.997924	0.0566826	-0.362295	11.3755	
0.999941	0.000375603	-0.0108325	0.00037723	0.997588	0.069412	0.0108324	-0.069412	0.997529	0.0674288	-0.431137	12.408	
0.999931	0.000440472	-0.0117273	0.000442543	0.997169	0.0751867	0.0117272	-0.0751867	0.997101	0.0791018	-0.505956	13.44	
0.99992	0.000510446	-0.0126208	0.000513034	0.996717	0.0809589	0.0126207	-0.0809589	0.996638	0.0917	-0.58675	14.4716	
0.999909	0.000585512	-0.0135128	0.000588697	0.996232	0.0867285	0.0135127	-0.0867286	0.99614	0.105222	-0.673516	15.5028	
0.999896	0.000665656	-0.0144035	0.000669523	0.995713	0.0924953	0.0144033	-0.0924953	0.995609	0.119667	-0.766251	16.5333	
0.999883	0.000750865	-0.0152927	0.000755505	0.995161	0.0982591	0.0152925	-0.0982591	0.995043	0.135032	-0.864952	17.5633	
0.999869	0.000841125	-0.0161804	0.000846633	0.994575	0.10402	0.0161802	-0.10402	0.994444	0.151317	-0.969617	18.5928	
0.999854	0.000936421	-0.0170667	0.0009429	0.993956	0.109777	0.0170663	-0.109777	0.99381	0.168519	-1.08024	19.6215	
0.999838	0.00103674	-0.0179514	0.0010443	0.993303	0.11553	0.0179509	-0.11553	0.993142	0.186638	-1.19682	20.6496	
0.999822	0.00114207	-0.0188345	0.00115081	0.992618	0.12128	0.018834	-0.12128	0.99244	0.205672	-1.31935	21.677	
0.999805	0.00125238	-0.019716	0.00126244	0.991899	0.127025	0.0197154	-0.127025	0.991704	0.225618	-1.44783	22.7037	
0.999787	0.00136768	-0.0205959	0.00137918	0.991146	0.132767	0.0205952	-0.132767	0.990933	0.246476	-1.58225	23.7295	
0.999768	0.00148794	-0.0214742	0.001501	0.990361	0.138504	0.0214733	-0.138504	0.990129	0.268243	-1.72262	24.7546	
0.999749	0.00161315	-0.0223508	0.00162791	0.989542	0.144236	0.0223497	-0.144236	0.989291	0.290918	-1.86891	25.7788	
0.999729	0.0017433	-0.0232256	0.00175989	0.98869	0.149963	0.0232244	-0.149964	0.988419	0.314499	-2.02114	26.8021	
0.999708	0.00187836	-0.0240988	0.00189694	0.987805	0.155686	0.0240973	-0.155686	0.987513	0.338985	-2.17929	27.8245	
0.999686	0.00201832	-0.0249701	0.00203904	0.986886	0.161403	0.0249684	-0.161403	0.986573	0.364373	-2.34336	28.846	
0.999664	0.00216317	-0.0258397	0.00218619	0.985935	0.167115	0.0258377	-0.167115	0.985599	0.390661	-2.51335	29.8664	
0.999641	0.00231288	-0.0267074	0.00233836	0.98495	0.172821	0.0267052	-0.172821	0.984591	0.417848	-2.68924	30.8858	
0.999617	0.00246746	-0.0275733	0.00249556	0.983933	0.178521	0.0275707	-0.178522	0.98355	0.445932	-2.87103	31.9042	
0.999592	0.00262687	-0.0284373	0.00265777	0.982882	0.184216	0.0284344	-0.184216	0.982474	0.47491	-3.05872	32.9215	
0.999567	0.0027911	-0.0292994	0.00282498	0.981799	0.189904	0.0292961	-0.189904	0.981365	0.504782	-3.2523	33.9376	
0.999541	0.00296013	-0.0301595	0.00299718	0.980682	0.195585	0.0301558	-0.195586	0.980223	0.535544	-3.45176	34.9526	
0.999514	0.00313396	-0.0310177	0.00317436	0.979533	0.20126	0.0310136	-0.201261	0.979047	0.567194	-3.6571	35.9664	
0.999486	0.00331255	-0.0318739	0.0033565	0.97835	0.206928	0.0318693	-0.206929	0.977837	0.599731	-3.86831	36.9789	
0.999458	0.0034959	-0.032728	0.0035436	0.977135	0.21259	0.0327229	-0.21259	0.976593	0.633153	-4.08538	37.9902	
0.999429	0.00368398	-0.0335802	0.00373564	0.975887	0.218244	0.0335745	-0.218245	0.975316	0.667457	-4.3083	39.0001	
0.9994	0.00387679	-0.0344302	0.00393261	0.974606	0.22389	0.0344239	-0.223891	0.974006	0.702641	-4.53708	40.0088	
0.999369	0.00407429	-0.0352782	0.00413449	0.973293	0.229529	0.0352712	-0.22953	0.972662	0.738703	-4.77169	41.016	
0.999338	0.00427648	-0.036124	0.00434128	0.971947	0.23516	0.0361162	-0.235161	0.971285	0.775641	-5.01213	42.0219	
0.999306	0.00448334	-0.0369676	0.00455297	0.970568	0.240783	0.0369591	-0.240785	0.969875	0.813452	-5.2584	43.0263	
0.999274	0.00469484	-0.0378091	0.00476953	0.969157	0.246398	0.0377998	-0.2464	0.968431	0.852134	-5.51048	44.0292	
0.999241	0.00491097	-0.0386484	0.00499096	0.967713	0.252005	0.0386381	-0.252006	0.966954	0.891685	-5.76837	45.0306	
0.999207	0.00513171	-0.0394854	0.00521725	0.966237	0.257603	0.0394742	-0.257605	0.965444	0.932102	-6.03206	46.0305	
0.999172	0.00535705	-0.0403202	0.00544837	0.964728	0.263192	0.040308	-0.263194	0.963901	0.973384	-6.30153	47.0288	
0.999137	0.00558696	-0.0411527	0.00568432	0.963187	0.268772	0.0411393	-0.268774	0.962324	1.01553	-6.57678	48.0255	
0.999101	0.00582142	-0.0419829	0.00592508	0.961614	0.274343	0.0419684	-0.274345	0.960715	1.05853	-6.85781	49.0205	
0.999065	0.00606042	-0.0428107	0.00617064	0.960008	0.279905	0.0427949	-0.279907	0.959073	1.10239	-7.14459	50.0139	
0.999028	0.00630394	-0.0436362	0.00642099	0.95837	0.285457	0.0436191	-0.28546	0.957398	1.1471	-7.43713	51.0055	
0.99899	0.00655195	-0.0444592	0.0066761	0.9567	0.290999	0.0444408	-0.291002	0.95569	1.19266	-7.7354	51.9954	
0.998951	0.00680445	-0.0452799	0.00693598	0.954998	0.296532	0.04526	-0.296535	0.953949	1.23908	-8.03941	52.9835	
0.998912	0.0070614	-0.0460981	0.00720059	0.953264	0.302054	0.0460766	-0.302057	0.952176	1.28634	-8.34914	53.9697	
0.998872	0.00732279	-0.0469139	0.00746993	0.951497	0.307566	0.0468907	-0.30757	0.95037	1.33444	-8.66457	54.9542	
0.998832	0.0075886	-0.0477272	0.00774398	0.949699	0.313067	0.0477022	-0.313071	0.948531	1.38339	-8.98571	55.9367	
0.99879	0.00785881	-0.0485379	0.00802272	0.947869	0.318558	0.0485111	-0.318562	0.94666	1.43317	-9.31253	56.9173	
0.998749	0.0081334	-0.0493461	0.00830615	0.946008	0.324038	0.0493174	-0.324042	0.944756	1.48379	-9.64503	57.896	
0.998706	0.00841235	-0.0501518	0.00859424	0.944114	0.329507	0.0501209	-0.329511	0.94282	1.53524	-9.9832	58.8727	
0.998663	0.00869564	-0.0509549	0.00888698	0.942189	0.334964	0.0509218	-0.334969	0.940852	1.58752	-10.327	59.8473	
0.998619	0.00898325	-0.0517553	0.00918436	0.940232	0.34041	0.05172	-0.340415	0.938852	1.64063	-10.6765	60.8199	
0.998575	0.00927515	-0.0525531	0.00948635	0.938244	0.345844	0.0525154	-0.34585	0.936819	1.69457	-11.0316	61.7905	
0.99853	0.00957133	-0.0533483	0.00979295	0.936224	0.351266	0.0533081	-0.351273	0.934754	1.74932	-11.3923	62.7589	
0.998485	0.00987176	-0.0541408	0.0101041	0.934173	0.356677	0.0540979	-0.356683	0.932658	1.8049	-11.7586	63.7251	
0.998438	0.0101764	-0.0549305	0.0104199	0.932091	0.362075	0.0548849	-0.362082	0.930529	1.86129	-12.1305	64.6892	
0.998392	0.0104853	-0.0557176	0.0107402	0.929977	0.367461	0.055669	-0.367468	0.928369	1.91849	-12.508	65.651	
0.99838	0.0105648	-0.0559157	0.0112721	0.926427	0.376306	0.0557774	-0.376327	0.924807	1.97616	-12.8928	66.6099	
0.998368	0.0106461	-0.0561127	0.0118051	0.922792	0.385117	0.0558804	-0.385151	0.92116	2.03393	-13.2869	67.5651	
0.998356	0.010729	-0.0563084	0.012339	0.919073	0.393893	0.0559776	-0.39394	0.91743	2.09181	-13.69	68.5164	
0.998344	0.0108135	-0.0565026	0.0128738	0.915271	0.402633	0.0560691	-0.402693	0.913616	2.14979	-14.1022	69.4638	
0.998575	0.0090347	-0.0526023	0.0142453	0.9047	0.425811	0.0514364	-0.425953	0.903282	2.20541	-14.531	70.404	
0.998785	0.00715663	-0.0487477	0.0154981	0.893539	0.448718	0.0467693	-0.448928	0.892343	2.25623	-14.9837	71.3331	
0.998976	0.00518056	-0.0449414	0.0166314	0.881796	0.471338	0.0420709	-0.471603	0.880807	2.3022	-15.46	72.2507	
0.999147	0.00310783	-0.0411859	0.0176445	0.869478	0.493656	0.0373444	-0.493961	0.868682	2.3433	-15.9596	73.1559	
0.999297	0.000939816	-0.0374836	0.0185367	0.856594	0.515657	0.0325929	-0.51599	0.855975	2.37949	-16.4822	74.0484	
0.999426	-0.00132203	-0.0338372	0.0193074	0.843153	0.537327	0.0278195	-0.537672	0.842695	2.41075	-17.0275	74.9273	
0.999536	-0.0036762	-0.0302489	0.019956	0.829163	0.558651	0.0230276	-0.558995	0.828851	2.43706	-17.5949	75.7923	
0.999624	-0.00612111	-0.0267213	0.0204822	0.814633	0.579615	0.0182202	-0.579944	0.814452	2.4584	-18.1843	76.6426	
0.999692	-0.00865513	-0.0232567	0.0208856	0.799574	0.600204	0.0134006	-0.600505	0.799509	2.47476	-18.7951	77.4778	
0.999739	-0.0112766	-0.0198574	0.0211659	0.783996	0.620405	0.00857208	-0.620664	0.78403	2.48613	-19.427	78.2972	
0.999766	-0.0139836	-0.0165257	0.021323	0.767908	0.640205	0.0037378	-0.640407	0.768027	2.4925	-20.0796	79.1003	
0.999771	-0.0167746	-0.0132637	0.0213566	0.751323	0.659589	-0.00109898	-0.659722	0.751509	2.49387	-20.7523	79.8866	
0.999756	-0.0196475	-0.0100738	0.0212669	0.73425	0.678546	-0.00593502	-0.678595	0.734489	2.49023	-21.4448	80.6555	
0.99972	-0.0226004	-0.00695802	0.0210538	0.716701	0.697062	-0.0107671	-0.697014	0.716977	2.48159	-22.1566	81.4066	
0.999664	-0.0256315	-0.00391844	0.0207176	0.698689	0.715126	-0.015592	-0.714967	0.698985	2.46795	-22.8873	82.1393	
0.999587	-0.0287385	-0.000957107	0.0202583	0.680224	0.732724	-0.0204064	-0.732441	0.680525	2.44932	-23.6362	82.8531	
0.999489	-0.0319196	0.00192399	0.0196764	0.66132	0.749846	-0.0252072	-0.749424	0.66161	2.42572	-24.403	83.5476	
0.99937	-0.0351725	0.00472293	0.0189723	0.641989	0.766479	-0.0299911	-0.765907	0.642252	2.39715	-25.1872	84.2223	
0.999231	-0.0384951	0.00743784	0.0181463	0.622244	0.782613	-0.0347549	-0.781876	0.622464	2.36365	-25.9881	84.8767	
0.999072	-0.041885	0.0100669	0.0171991	0.602098	0.798237	-0.0394955	-0.797323	0.60226	2.32523	-26.8052	85.5105	
0.998892	-0.0453402	0.0126084	0.0161313	0.581565	0.81334	-0.0442096	-0.812235	0.581652	2.28192	-27.6381	86.1231	
0.998692	-0.0488582	0.0150605	0.0149436	0.560658	0.827912	-0.0488941	-0.826605	0.560655	2.23374	-28.4861	86.7142	
0.998472	-0.0524368	0.0174217	0.0136367	0.539392	0.841944	-0.053546	-0.84042	0.539283	2.18073	-29.3487	87.2833	
0.998232	-0.0560734	0.0196903	0.0122117	0.517781	0.855426	-0.0581619	-0.853674	0.51755	2.12293	-30.2253	87.8302	
0.997973	-0.0597657	0.0218649	0.0106693	0.495838	0.868349	-0.062739	-0.866356	0.495471	2.06037	-31.1154	88.3544	
0.997694	-0.0635112	0.023944	0.00901077	0.47358	0.880705	-0.0672741	-0.878458	0.47306	1.99309	-32.0182	88.8556	
0.997395	-0.0673074	0.0259262	0.00723706	0.45102	0.892485	-0.0717641	-0.889972	0.450332	1.92115	-32.9333	89.3334	
0.997078	-0.0711518	0.0278102	0.00534941	0.428174	0.903681	-0.0762061	-0.900891	0.427303	1.84458	-33.86	89.7875	
0.996741	-0.0750417	0.0295947	0.00334908	0.405057	0.914285	-0.0805971	-0.911207	0.403988	1.76344	-34.7977	90.2177	
0.996386	-0.0789747	0.0312785	0.0012374	0.381685	0.924292	-0.0849342	-0.920912	0.380403	1.67778	-35.7457	90.6235	
