1	0	0	0	1	0	0	0	1	0	0	0	
1	9.19659e-07	-0.000392192	9.19659e-07	0.999989	0.00468981	0.000392192	-0.00468981	0.999989	0.000194611	-0.00232715	0.992421	
1	3.67413e-06	-0.000783582	3.68006e-06	0.999956	0.00938515	0.000783582	-0.00938515	0.999956	0.000778045	-0.00931133	1.98482	
0.999999	8.25799e-06	-0.00117415	8.28172e-06	0.999901	0.0140858	0.00117415	-0.0140858	0.9999	0.0017495	-0.0209579	2.97717	
0.999999	1.46656e-05	-0.00156388	1.4725e-05	0.999823	0.0187916	0.00156388	-0.0187916	0.999822	0.00310814	-0.0372722	3.96946	
0.999998	2.28909e-05	-0.00195275	2.30099e-05	0.999724	0.0235024	0.00195275	-0.0235024	0.999722	0.00485314	-0.058259	4.96166	
0.999997	3.2928e-05	-0.00234075	3.31364e-05	0.999602	0.028218	0.00234075	-0.028218	0.999599	0.00698364	-0.0839233	5.95375	
0.999996	4.47705e-05	-0.00272786	4.51043e-05	0.999457	0.0329381	0.00272785	-0.0329381	0.999454	0.00949874	-0.11427	6.94571	
0.999995	5.84119e-05	-0.00311405	5.8913e-05	0.999291	0.0376626	0.00311404	-0.0376626	0.999286	0.0123976	-0.149303	7.93751	
0.999994	7.38454e-05	-0.00349932	7.4562e-05	0.999101	0.0423913	0.0034993	-0.0423913	0.999095	0.0156792	-0.189027	8.92913	
0.999992	9.1064e-05	-0.00388363	9.20503e-05	0.998889	0.047124	0.00388361	-0.047124	0.998881	0.0193427	-0.233445	9.92055	
0.999991	0.000110061	-0.00426699	0.000111377	0.998654	0.0518606	0.00426695	-0.0518606	0.998645	0.0233871	-0.282563	10.9118	
0.999989	0.000130828	-0.00464936	0.000132541	0.998397	0.0566008	0.00464931	-0.0566008	0.998386	0.0278115	-0.336383	11.9027	
0.999987	0.000153358	-0.00503074	0.00015554	0.998117	0.0613444	0.00503067	-0.0613444	0.998104	0.0326148	-0.394908	12.8934	
0.999985	0.000177643	-0.0054111	0.000180374	0.997814	0.0660913	0.00541101	-0.0660913	0.997799	0.0377961	-0.458144	13.8838	
0.999983	0.000203676	-0.00579042	0.00020704	0.997488	0.0708412	0.00579031	-0.0708412	0.997471	0.0433543	-0.526091	14.8739	
0.999981	0.000231448	-0.0061687	0.000235536	0.997139	0.0755941	0.00616855	-0.0755941	0.99712	0.0492885	-0.598755	15.8636	
0.999979	0.000260951	-0.00654592	0.000265861	0.996767	0.0803496	0.00654572	-0.0803496	0.996745	0.0555975	-0.676136	16.853	
0.999976	0.000292176	-0.00692205	0.000298011	0.996372	0.0851076	0.0069218	-0.0851076	0.996348	0.0622802	-0.758238	17.842	
0.999973	0.000325114	-0.00729709	0.000331985	0.995954	0.089868	0.00729678	-0.089868	0.995927	0.0693357	-0.845063	18.8306	
0.999971	0.000359757	-0.00767101	0.00036778	0.995512	0.0946304	0.00767063	-0.0946305	0.995483	0.0767627	-0.936614	19.8187	
0.999968	0.000396095	-0.00804381	0.000405392	0.995048	0.0993948	0.00804334	-0.0993949	0.995016	0.0845602	-1.03289	20.8065	
0.999964	0.00043412	-0.00841546	0.00044482	0.99456	0.104161	0.0084149	-0.104161	0.994525	0.092727	-1.1339	21.7937	
0.999961	0.000473821	-0.00878595	0.000486059	0.994049	0.108929	0.00878528	-0.108929	0.994011	0.101262	-1.23964	22.7804	
0.999958	0.000515189	-0.00915526	0.000529106	0.993515	0.113698	0.00915447	-0.113698	0.993473	0.110164	-1.35011	23.7666	
0.999954	0.000558215	-0.00952338	0.000573959	0.992958	0.118468	0.00952245	-0.118468	0.992912	0.119432	-1.46531	24.7523	
0.999951	0.000602888	-0.0098903	0.000620612	0.992377	0.123239	0.0098892	-0.123239	0.992328	0.129064	-1.58525	25.7374	
0.999947	0.000649198	-0.010256	0.000669063	0.991772	0.128011	0.0102547	-0.128012	0.99172	0.13906	-1.70992	26.7219	
0.999943	0.000697135	-0.0106205	0.000719307	0.991145	0.132784	0.010619	-0.132784	0.991088	0.149417	-1.83933	27.7058	
0.999939	0.000746688	-0.0109837	0.00077134	0.990494	0.137557	0.010982	-0.137557	0.990433	0.160136	-1.97348	28.6891	
0.999935	0.000797847	-0.0113456	0.000825157	0.989819	0.142331	0.0113437	-0.142331	0.989754	0.171214	-2.11236	29.6717	
0.999931	0.000850602	-0.0117063	0.000880755	0.989121	0.147104	0.011704	-0.147104	0.989052	0.182651	-2.25599	30.6536	
0.999927	0.00090494	-0.0120657	0.000938128	0.988399	0.151877	0.0120631	-0.151878	0.988326	0.194444	-2.40434	31.6348	
0.999922	0.00096085	-0.0124237	0.000997272	0.987654	0.15665	0.0124209	-0.156651	0.987576	0.206594	-2.55744	32.6152	
0.999918	0.00101832	-0.0127805	0.00105818	0.986885	0.161423	0.0127772	-0.161423	0.986803	0.219097	-2.71527	33.595	
0.999913	0.00107735	-0.0131359	0.00112085	0.986092	0.166195	0.0131322	-0.166195	0.986005	0.231954	-2.87784	34.5739	
0.999908	0.00113791	-0.01349	0.00118528	0.985276	0.170966	0.0134859	-0.170966	0.985185	0.245162	-3.04515	35.552	
0.999903	0.0012	-0.0138427	0.00125145	0.984437	0.175736	0.0138381	-0.175736	0.98434	0.258721	-3.21718	36.5293	
0.999898	0.0012636	-0.014194	0.00131937	0.983573	0.180504	0.0141889	-0.180505	0.983472	0.272628	-3.39395	37.5058	
0.999893	0.00132871	-0.014544	0.00138903	0.982686	0.185272	0.0145383	-0.185272	0.98258	0.286883	-3.57546	38.4814	
0.999888	0.0013953	-0.0148925	0.00146042	0.981776	0.190037	0.0148863	-0.190038	0.981664	0.301484	-3.76169	39.456	
0.999883	0.00146338	-0.0152396	0.00153353	0.980842	0.194801	0.0152327	-0.194802	0.980724	0.316429	-3.95265	40.4298	
0.999877	0.00153292	-0.0155854	0.00160837	0.979884	0.199563	0.0155778	-0.199564	0.979761	0.331718	-4.14834	41.4026	
0.999872	0.00160392	-0.0159296	0.00168492	0.978902	0.204323	0.0159213	-0.204323	0.978774	0.347348	-4.34876	42.3745	
0.999866	0.00167636	-0.0162725	0.00176318	0.977897	0.20908	0.0162633	-0.209081	0.977763	0.363318	-4.55389	43.3453	
0.99986	0.00175023	-0.0166138	0.00184314	0.976868	0.213835	0.0166038	-0.213836	0.976729	0.379628	-4.76375	44.3152	
0.999855	0.00182551	-0.0169537	0.00192479	0.975816	0.218587	0.0169428	-0.218588	0.97567	0.396274	-4.97833	45.284	
0.999849	0.0019022	-0.0172922	0.00200813	0.974739	0.223336	0.0172802	-0.223337	0.974588	0.413256	-5.19761	46.2517	
0.999843	0.00198027	-0.0176291	0.00209315	0.97364	0.228083	0.017616	-0.228084	0.973482	0.430572	-5.42162	47.2184	
0.999837	0.00205972	-0.0179645	0.00217984	0.972516	0.232825	0.0179503	-0.232827	0.972353	0.44822	-5.65032	48.1839	
0.99983	0.00214054	-0.0182984	0.0022682	0.971369	0.237565	0.018283	-0.237566	0.971199	0.4662	-5.88374	49.1484	
0.999824	0.0022227	-0.0186308	0.00235821	0.970198	0.242301	0.0186141	-0.242302	0.970022	0.484509	-6.12186	50.1116	
0.999818	0.0023062	-0.0189616	0.00244988	0.969004	0.247033	0.0189436	-0.247034	0.968822	0.503145	-6.36467	51.0737	
0.999811	0.00239102	-0.0192909	0.00254319	0.967786	0.251761	0.0192715	-0.251763	0.967597	0.522108	-6.61218	52.0346	
0.999804	0.00247715	-0.0196187	0.00263813	0.966545	0.256485	0.0195977	-0.256487	0.966349	0.541395	-6.86438	52.9942	
0.999798	0.00256458	-0.0199448	0.0027347	0.96528	0.261205	0.0199222	-0.261206	0.965077	0.561006	-7.12127	53.9526	
0.999791	0.00265328	-0.0202694	0.00283289	0.963991	0.26592	0.0202451	-0.265922	0.963782	0.580937	-7.38284	54.9097	
0.999784	0.00274325	-0.0205924	0.00293269	0.962679	0.27063	0.0205663	-0.270632	0.962463	0.601188	-7.64908	55.8656	
0.999777	0.00283448	-0.0209138	0.00303409	0.961343	0.275336	0.0208858	-0.275338	0.961121	0.621757	-7.92	56.8201	
0.99977	0.00292694	-0.0212336	0.00313709	0.959984	0.280036	0.0212036	-0.280038	0.959755	0.642643	-8.19558	57.7732	
0.999763	0.00302062	-0.0215518	0.00324167	0.958602	0.284731	0.0215197	-0.284734	0.958365	0.663843	-8.47583	58.725	
0.999756	0.00311552	-0.0218684	0.00334782	0.957196	0.289421	0.021834	-0.289424	0.956952	0.685355	-8.76073	59.6754	
0.999749	0.0032116	-0.0221833	0.00345555	0.955767	0.294106	0.0221466	-0.294108	0.955515	0.707179	-9.05029	60.6244	
0.999741	0.00330887	-0.0224966	0.00356483	0.954314	0.298784	0.0224574	-0.298787	0.954056	0.729312	-9.34449	61.572	
0.999719	0.00359933	-0.0234104	0.00375954	0.951742	0.306878	0.0233852	-0.30688	0.951461	0.75206	-9.64503	62.5175	
0.999697	0.003897	-0.02432	0.00396215	0.9491	0.31495	0.0243095	-0.314951	0.948797	0.775727	-9.9536	63.4605	
0.999673	0.00420187	-0.0252256	0.00417263	0.94639	0.323001	0.0252304	-0.323	0.946063	0.800309	-10.2702	64.4007	
0.999648	0.00451389	-0.0261269	0.00439095	0.94361	0.331029	0.0261479	-0.331027	0.943259	0.825804	-10.5947	65.3382	
0.999623	0.00483303	-0.0270241	0.00461707	0.940763	0.339034	0.0270618	-0.339031	0.940386	0.852207	-10.9272	66.2729	
0.999597	0.00515926	-0.027917	0.00485097	0.937847	0.347014	0.0279722	-0.34701	0.937444	0.879516	-11.2676	67.2047	
0.99957	0.00549253	-0.0288057	0.00509261	0.934864	0.354971	0.0288791	-0.354965	0.934434	0.907726	-11.6159	68.1336	
0.999542	0.00583283	-0.0296902	0.00534197	0.931812	0.362902	0.0297824	-0.362894	0.931354	0.936835	-11.9722	69.0594	
0.999514	0.00618011	-0.0305704	0.005599	0.928693	0.370807	0.0306821	-0.370798	0.928207	0.966839	-12.3362	69.9822	
0.999373	0.00781833	-0.03453	0.0063994	0.919356	0.393375	0.0348208	-0.393349	0.918729	0.999344	-12.7154	70.8987	
0.999215	0.00955274	-0.0384477	0.00730068	0.90947	0.415705	0.0389381	-0.415659	0.908687	1.03595	-13.1169	71.8055	
0.999039	0.0113822	-0.0423211	0.0083023	0.899043	0.437782	0.0430315	-0.437713	0.898084	1.07662	-13.5404	72.7021	
0.998846	0.0133057	-0.046148	0.00940362	0.888079	0.459594	0.0470983	-0.459497	0.886929	1.12135	-13.9856	73.5879	
0.998635	0.015322	-0.0499258	0.010604	0.876587	0.481126	0.0511361	-0.480999	0.875229	1.1701	-14.4523	74.4623	
0.998408	0.0174299	-0.0536523	0.0119026	0.864573	0.502366	0.0551425	-0.502205	0.862989	1.22283	-14.9402	75.3249	
0.998163	0.019628	-0.0573252	0.0132988	0.852045	0.5233	0.0591149	-0.523101	0.850218	1.27953	-15.449	76.1751	
0.997901	0.021915	-0.0609422	0.0147916	0.839009	0.543916	0.063051	-0.543675	0.836924	1.34016	-15.9784	77.0123	
0.997622	0.0242895	-0.0645011	0.01638	0.825475	0.5642	0.0669482	-0.563915	0.823115	1.40467	-16.528	77.8361	
0.997327	0.0267501	-0.0679997	0.0180633	0.811451	0.584141	0.0708042	-0.583808	0.808799	1.47303	-17.0975	78.6459	
0.997015	0.0292952	-0.0714358	0.0198402	0.796945	0.603726	0.0746167	-0.603341	0.793985	1.54519	-17.6866	79.4412	
0.996687	0.0319232	-0.0748074	0.0217098	0.781966	0.622943	0.0783832	-0.622503	0.778682	1.62111	-18.295	80.2217	
0.996343	0.0346326	-0.0781123	0.0236708	0.766523	0.64178	0.0821014	-0.641282	0.7629	1.70075	-18.9221	80.9867	
0.995983	0.0374217	-0.0813486	0.025722	0.750627	0.660226	0.0857692	-0.659666	0.746649	1.78406	-19.5677	81.7358	
0.995607	0.0402887	-0.0845142	0.0278623	0.734286	0.678268	0.0893841	-0.677644	0.729938	1.87097	-20.2313	82.4685	
0.995217	0.0432319	-0.0876072	0.0300902	0.717511	0.695897	0.092944	-0.695205	0.712778	1.96145	-20.9126	83.1844	
0.994811	0.0462494	-0.0906256	0.0324044	0.700311	0.713102	0.0964467	-0.712338	0.695178	2.05543	-21.611	83.8831	
0.99439	0.0493395	-0.0935677	0.0348035	0.682699	0.729871	0.09989	-0.729032	0.677151	2.15286	-22.3263	84.5641	
0.993954	0.0525003	-0.0964316	0.037286	0.664684	0.746194	0.103272	-0.745278	0.658708	2.25368	-23.0579	85.227	
0.993504	0.0557296	-0.0992156	0.0398504	0.646277	0.762061	0.10659	-0.761065	0.639858	2.35782	-23.8054	85.8714	
0.99304	0.0590257	-0.101918	0.0424951	0.627491	0.777463	0.109843	-0.776383	0.620615	2.46522	-24.5683	86.4969	
0.992562	0.0623865	-0.104537	0.0452184	0.608336	0.792391	0.113028	-0.791224	0.60099	2.57582	-25.3463	87.1031	
0.992071	0.0658098	-0.107071	0.0480187	0.588824	0.806834	0.116143	-0.805578	0.580995	2.68954	-26.1386	87.6896	
0.991567	0.0692936	-0.109518	0.0508943	0.568967	0.820784	0.119187	-0.819435	0.560642	2.80632	-26.945	88.2562	
0.991049	0.0728357	-0.111878	0.0538433	0.548778	0.834232	0.122158	-0.832789	0.539945	2.92609	-27.7649	88.8023	
0.990519	0.076434	-0.114148	0.0568641	0.528269	0.847171	0.125053	-0.84563	0.518915	3.04876	-28.5978	89.3278	
0.989977	0.0800863	-0.116327	0.0599547	0.507453	0.859591	0.127872	-0.85795	0.497565	3.17428	-29.4432	89.8322	
