1	0	0	0	1	0	0	0	1	0	0	0	
1	-2.51936e-06	-0.000967388	-2.51936e-06	0.999986	-0.00520854	0.000967388	0.00520854	0.999986	0.000512521	0.00275948	1.05959	
0.999998	-1.00888e-05	-0.00193603	-1.00852e-05	0.999946	-0.01042	0.00193603	0.01042	0.999944	0.00205075	0.0110395	2.11915	
0.999996	-2.27244e-05	-0.00290588	-2.27097e-05	0.999878	-0.0156342	0.00290588	0.0156342	0.999874	0.00461599	0.024843	3.17865	
0.999992	-4.04415e-05	-0.0038769	-4.04047e-05	0.999783	-0.020851	0.0038769	0.020851	0.999775	0.0082095	0.0441728	4.23807	
0.999988	-6.32553e-05	-0.00484906	-6.31817e-05	0.99966	-0.02607	0.00484906	0.02607	0.999648	0.0128325	0.0690315	5.29736	
0.999983	-9.11806e-05	-0.00582231	-9.10517e-05	0.99951	-0.031291	0.00582231	0.031291	0.999493	0.0184862	0.0994213	6.3565	
0.999977	-0.000124232	-0.00679661	-0.000124025	0.999333	-0.036514	0.00679661	0.036514	0.99931	0.0251717	0.135344	7.41547	
0.99997	-0.000162422	-0.00777192	-0.000162113	0.999129	-0.0417385	0.00777193	0.0417385	0.999098	0.0328901	0.176802	8.47422	
0.999962	-0.000205766	-0.00874821	-0.000205324	0.998897	-0.0469645	0.00874822	0.0469645	0.998858	0.0416425	0.223797	9.53274	
0.999953	-0.000254277	-0.00972542	-0.000253668	0.998637	-0.0521917	0.00972544	0.0521917	0.99859	0.0514298	0.27633	10.591	
0.999943	-0.000307966	-0.0107035	-0.000307154	0.99835	-0.0574198	0.0107036	0.0574198	0.998293	0.062253	0.334402	11.6489	
0.999932	-0.000366847	-0.0116825	-0.000365791	0.998036	-0.0626487	0.0116825	0.0626487	0.997967	0.0741132	0.398014	12.7065	
0.99992	-0.000430932	-0.0126622	-0.000429587	0.997694	-0.0678782	0.0126623	0.0678782	0.997613	0.087011	0.467167	13.7638	
0.999907	-0.000500231	-0.0136428	-0.00049855	0.997324	-0.0731079	0.0136428	0.0731079	0.997231	0.100947	0.541862	14.8207	
0.999893	-0.000574757	-0.014624	-0.000572687	0.996927	-0.0783378	0.0146241	0.0783378	0.99682	0.115923	0.622098	15.8771	
0.999878	-0.000654519	-0.015606	-0.000652005	0.996502	-0.0835676	0.0156061	0.0835675	0.99638	0.131939	0.707875	16.9331	
0.999862	-0.000739529	-0.0165886	-0.000736511	0.996049	-0.088797	0.0165887	0.088797	0.995912	0.148996	0.799194	17.9886	
0.999845	-0.000829796	-0.0175718	-0.000826211	0.995569	-0.0940259	0.017572	0.0940258	0.995415	0.167094	0.896053	19.0436	
0.999827	-0.00092533	-0.0185555	-0.000921111	0.995062	-0.099254	0.0185558	0.099254	0.994889	0.186235	0.998452	20.0981	
0.999809	-0.00102614	-0.0195398	-0.00102122	0.994526	-0.104481	0.0195401	0.104481	0.994335	0.206418	1.10639	21.152	
0.999789	-0.00113223	-0.0205246	-0.00112653	0.993963	-0.109707	0.0205249	0.109707	0.993752	0.227644	1.21987	22.2053	
0.999768	-0.00124362	-0.0215098	-0.00123706	0.993373	-0.114932	0.0215102	0.114931	0.993141	0.249914	1.33888	23.2579	
0.999746	-0.00136031	-0.0224954	-0.00135281	0.992754	-0.120154	0.0224959	0.120154	0.9925	0.273229	1.46343	24.3099	
0.999723	-0.00148231	-0.0234814	-0.00147379	0.992108	-0.125375	0.0234819	0.125375	0.991831	0.297588	1.59351	25.3612	
0.999699	-0.00160962	-0.0244677	-0.00159999	0.991435	-0.130594	0.0244683	0.130594	0.991134	0.322992	1.72912	26.4118	
0.999674	-0.00174226	-0.0254542	-0.00173142	0.990733	-0.135811	0.025455	0.135811	0.990408	0.349441	1.87026	27.4616	
0.999649	-0.00188023	-0.026441	-0.00186808	0.990004	-0.141025	0.0264419	0.141025	0.989653	0.376936	2.01693	28.5106	
0.999622	-0.00202353	-0.027428	-0.00200998	0.989248	-0.146237	0.027429	0.146237	0.988869	0.405477	2.16912	29.5589	
0.999594	-0.00217217	-0.0284152	-0.00215711	0.988463	-0.151445	0.0284163	0.151445	0.988057	0.435064	2.32684	30.6062	
0.999565	-0.00232616	-0.0294024	-0.00230948	0.987651	-0.156651	0.0294037	0.156651	0.987216	0.465697	2.49006	31.6527	
0.999535	-0.0024855	-0.0303897	-0.0024671	0.986812	-0.161853	0.0303912	0.161853	0.986347	0.497376	2.65881	32.6983	
0.999504	-0.00265019	-0.0313771	-0.00262995	0.985945	-0.167051	0.0313788	0.167051	0.985449	0.530102	2.83306	33.743	
0.999472	-0.00282024	-0.0323644	-0.00279804	0.98505	-0.172246	0.0323663	0.172246	0.984522	0.563874	3.01282	34.7867	
0.999439	-0.00299566	-0.0333517	-0.00297138	0.984128	-0.177437	0.0333539	0.177436	0.983567	0.598692	3.19808	35.8294	
0.999405	-0.00317644	-0.0343389	-0.00314995	0.983178	-0.182623	0.0343413	0.182623	0.982583	0.634557	3.38884	36.871	
0.99937	-0.00336259	-0.0353259	-0.00333376	0.982201	-0.187805	0.0353287	0.187805	0.981571	0.671468	3.58509	37.9116	
0.999334	-0.00355411	-0.0363128	-0.00352281	0.981196	-0.192983	0.0363158	0.192982	0.98053	0.709426	3.78683	38.9512	
0.999297	-0.00375101	-0.0372994	-0.0037171	0.980164	-0.198156	0.0373028	0.198155	0.979461	0.748429	3.99406	39.9896	
0.999259	-0.00395328	-0.0382858	-0.00391662	0.979104	-0.203323	0.0382896	0.203322	0.978363	0.788477	4.20676	41.0268	
0.99922	-0.00416092	-0.0392719	-0.00412138	0.978017	-0.208486	0.039276	0.208485	0.977237	0.829572	4.42493	42.0629	
0.99918	-0.00437395	-0.0402576	-0.00433136	0.976902	-0.213642	0.0402622	0.213641	0.976082	0.871711	4.64858	43.0977	
0.999139	-0.00459235	-0.0412429	-0.00454657	0.975761	-0.218794	0.041248	0.218793	0.974899	0.914895	4.87768	44.1314	
0.999096	-0.00481612	-0.0422279	-0.00476701	0.974592	-0.223939	0.0422334	0.223938	0.973688	0.959123	5.11224	45.1637	
0.999053	-0.00504528	-0.0432123	-0.00499266	0.973395	-0.229078	0.0432184	0.229077	0.972448	1.0044	5.35224	46.1948	
0.999009	-0.00527981	-0.0441962	-0.00522353	0.972172	-0.234211	0.0442029	0.23421	0.971181	1.05071	5.59769	47.2245	
0.998964	-0.00551972	-0.0451796	-0.00545961	0.970921	-0.239337	0.0451869	0.239336	0.969885	1.09807	5.84858	48.2529	
0.998917	-0.00576499	-0.0461624	-0.00570089	0.969643	-0.244457	0.0461703	0.244455	0.968561	1.14647	6.10489	49.2799	
0.99887	-0.00601564	-0.0471445	-0.00594738	0.968339	-0.24957	0.0471532	0.249568	0.967209	1.19591	6.36662	50.3055	
0.998822	-0.00627166	-0.048126	-0.00619905	0.967007	-0.254675	0.0481354	0.254673	0.965828	1.2464	6.63377	51.3296	
0.998772	-0.00653305	-0.0491067	-0.00645592	0.965648	-0.259773	0.0491169	0.259771	0.96442	1.29792	6.90632	52.3522	
0.998722	-0.0067998	-0.0500867	-0.00671797	0.964262	-0.264864	0.0500978	0.264862	0.962984	1.35049	7.18427	53.3734	
0.99867	-0.00707191	-0.0510659	-0.00698519	0.96285	-0.269947	0.0510778	0.269945	0.96152	1.40409	7.46761	54.393	
0.998618	-0.00734937	-0.0520442	-0.00725757	0.961411	-0.275022	0.0520571	0.275019	0.960028	1.45873	7.75633	55.411	
0.998564	-0.00763218	-0.0530217	-0.00753512	0.959945	-0.280089	0.0530356	0.280086	0.958509	1.51441	8.05043	56.4274	
0.99851	-0.00792034	-0.0539982	-0.00781782	0.958452	-0.285147	0.0540132	0.285144	0.956961	1.57112	8.34989	57.4423	
0.998454	-0.00821384	-0.0549738	-0.00810566	0.956933	-0.290197	0.0549898	0.290194	0.955387	1.62887	8.6547	58.4554	
0.998397	-0.00851268	-0.0559483	-0.00839864	0.955387	-0.295238	0.0559656	0.295235	0.953784	1.68766	8.96486	59.4669	
0.99834	-0.00881684	-0.0569218	-0.00869674	0.953815	-0.30027	0.0569403	0.300267	0.952154	1.74747	9.28036	60.4767	
0.998281	-0.00912633	-0.0578942	-0.00899995	0.952216	-0.305293	0.057914	0.30529	0.950497	1.80832	9.60118	61.4847	
0.998221	-0.00944114	-0.0588655	-0.00930827	0.950591	-0.310307	0.0588867	0.310303	0.948812	1.8702	9.92732	62.4909	
0.998161	-0.00976125	-0.0598356	-0.00962169	0.94894	-0.315311	0.0598582	0.315307	0.9471	1.93311	10.2588	63.4954	
0.998099	-0.0100867	-0.0608045	-0.00994019	0.947262	-0.320305	0.0608286	0.320301	0.945361	1.99705	10.5955	64.498	
0.998036	-0.0104174	-0.0617721	-0.0102638	0.945559	-0.32529	0.0617978	0.325285	0.943595	2.06202	10.9375	65.4988	
0.997972	-0.0107534	-0.0627385	-0.0105924	0.943829	-0.330264	0.0627658	0.330259	0.941801	2.12802	11.2848	66.4977	
0.997907	-0.0110946	-0.0637035	-0.0109261	0.942074	-0.335228	0.0637326	0.335222	0.939981	2.19503	11.6374	67.4946	
0.99772	-0.0120685	-0.0663971	-0.011493	0.93912	-0.343398	0.0664991	0.343378	0.93684	2.26403	11.9969	68.489	
0.997525	-0.013066	-0.0690819	-0.0120839	0.936095	-0.351539	0.0692605	0.351504	0.933621	2.33596	12.3651	69.4799	
0.99658	-0.0176096	-0.0807323	-0.0138424	0.927642	-0.373215	0.0814628	0.373056	0.924226	2.41581	12.749	70.4643	
0.995482	-0.022422	-0.0922608	-0.015885	0.918688	-0.394664	0.0936081	0.394347	0.914182	2.50857	13.1556	71.4383	
0.994233	-0.0274996	-0.103659	-0.0182102	0.909241	-0.415871	0.105688	0.41536	0.903496	2.61416	13.5846	72.4014	
0.992832	-0.0328389	-0.11492	-0.0208165	0.899307	-0.436822	0.117693	0.436083	0.892177	2.73252	14.0357	73.3528	
0.991281	-0.0384362	-0.126034	-0.0237019	0.888893	-0.457501	0.129616	0.456499	0.880232	2.86355	14.5086	74.2919	
0.989581	-0.0442876	-0.136995	-0.0268645	0.878007	-0.477894	0.141448	0.476595	0.867669	3.00717	15.003	75.2179	
0.987734	-0.0503889	-0.147795	-0.030302	0.866655	-0.497987	0.15318	0.496357	0.854497	3.16327	15.5185	76.1304	
0.98574	-0.0567358	-0.158426	-0.034012	0.854846	-0.517766	0.164805	0.515771	0.840726	3.33175	16.0548	77.0286	
0.9836	-0.063324	-0.16888	-0.0379919	0.842589	-0.537216	0.176315	0.534822	0.826365	3.51248	16.6114	77.9119	
0.981318	-0.0701488	-0.17915	-0.042239	0.829891	-0.556325	0.187701	0.553498	0.811424	3.70535	17.188	78.7796	
0.978893	-0.0772054	-0.18923	-0.0467502	0.816762	-0.575078	0.198955	0.571786	0.795913	3.91021	17.7842	79.6312	
0.976328	-0.0844888	-0.199111	-0.0515224	0.803211	-0.593463	0.210069	0.589673	0.779844	4.12692	18.3996	80.4661	
0.973625	-0.0919939	-0.208788	-0.0565522	0.789247	-0.611466	0.221036	0.607146	0.763228	4.35533	19.0337	81.2837	
0.970785	-0.0997155	-0.218252	-0.0618361	0.774881	-0.629075	0.231848	0.624193	0.746076	4.59529	19.6861	82.0833	
0.96781	-0.107648	-0.227499	-0.0673704	0.760122	-0.646279	0.242497	0.640801	0.728401	4.84661	20.3563	82.8646	
0.964703	-0.115786	-0.23652	-0.0731512	0.744981	-0.663063	0.252977	0.656961	0.710215	5.10912	21.0439	83.6268	
0.961466	-0.124124	-0.24531	-0.0791745	0.729468	-0.679418	0.263278	0.672659	0.69153	5.38265	21.7484	84.3695	
0.9581	-0.132656	-0.253863	-0.085436	0.713594	-0.695331	0.273395	0.687885	0.672361	5.667	22.4693	85.0921	
0.954609	-0.141376	-0.262173	-0.0919313	0.69737	-0.710791	0.28332	0.702629	0.652719	5.96196	23.206	85.7942	
0.950995	-0.150278	-0.270233	-0.098656	0.680809	-0.725787	0.293046	0.71688	0.632619	6.26734	23.9581	86.4752	
0.94726	-0.159355	-0.278038	-0.105605	0.66392	-0.740309	0.302567	0.730627	0.612076	6.58291	24.725	87.1346	
0.943406	-0.168601	-0.285583	-0.112774	0.646717	-0.754347	0.311875	0.743862	0.591103	6.90846	25.5062	87.7721	
0.939438	-0.17801	-0.292863	-0.120157	0.629211	-0.767891	0.320965	0.756575	0.569715	7.24376	26.3012	88.3872	
0.935357	-0.187576	-0.299871	-0.12775	0.611414	-0.78093	0.329829	0.768757	0.547928	7.58857	27.1094	88.9793	
0.931166	-0.19729	-0.306604	-0.135548	0.59334	-0.793457	0.338462	0.7804	0.525756	7.94265	27.9302	89.5482	
0.926869	-0.207147	-0.313057	-0.143543	0.575	-0.805463	0.346857	0.791495	0.503215	8.30575	28.763	90.0934	
0.922467	-0.21714	-0.319225	-0.151732	0.556408	-0.816938	0.355009	0.802035	0.480321	8.67762	29.6073	90.6145	
0.917965	-0.227262	-0.325103	-0.160108	0.537577	-0.827875	0.362912	0.812012	0.45709	9.05799	30.4625	91.1111	
0.913366	-0.237505	-0.330688	-0.168666	0.518519	-0.838266	0.37056	0.821419	0.433538	9.44661	31.3279	91.583	
0.908672	-0.247862	-0.335976	-0.177399	0.499249	-0.848104	0.377949	0.83025	0.409683	9.84319	32.203	92.0298	
0.903887	-0.258327	-0.340963	-0.186301	0.479779	-0.857382	0.385072	0.838498	0.385539	10.2475	33.0872	92.4511	
0.899014	-0.268891	-0.345645	-0.195367	0.460124	-0.866094	0.391925	0.846158	0.361125	10.6591	33.9797	92.8467	
