1	0	0	0	1	0	0	0	1	0	0	0	
0.99999	4.82829e-06	0.00455264	4.82829e-06	0.999998	-0.00212108	-0.00455264	0.00212108	0.999987	-0.0020257	0.000943776	0.889895	
0.999959	1.93118e-05	0.00910619	1.93007e-05	0.999991	-0.00424014	-0.00910619	0.00424014	0.99995	-0.0081032	0.0037742	1.77977	
0.999907	4.34455e-05	0.0136605	4.34009e-05	0.99998	-0.00635711	-0.0136605	0.00635711	0.999886	-0.0182333	0.00848945	2.6696	
0.999834	7.7224e-05	0.0182155	7.71126e-05	0.999964	-0.00847196	-0.0182155	0.00847196	0.999798	-0.0324165	0.0150877	3.55936	
0.999741	0.000120642	0.0227711	0.000120419	0.999944	-0.0105846	-0.0227711	0.0105846	0.999685	-0.0506535	0.0235669	4.44903	
0.999627	0.000173693	0.0273271	0.000173303	0.999919	-0.012695	-0.0273271	0.012695	0.999546	-0.0729447	0.0339252	5.33859	
0.999492	0.000236371	0.0318833	0.000235748	0.99989	-0.0148031	-0.0318833	0.0148031	0.999382	-0.0992904	0.0461605	6.22801	
0.999336	0.000308671	0.0364398	0.000307735	0.999857	-0.0169089	-0.0364398	0.0169089	0.999193	-0.129691	0.0602707	7.11728	
0.999159	0.000390584	0.0409964	0.000389248	0.999819	-0.0190122	-0.0409964	0.0190122	0.998978	-0.164146	0.0762538	8.00636	
0.998962	0.000482104	0.0455529	0.000480267	0.999777	-0.0211131	-0.0455529	0.0211131	0.998739	-0.202656	0.0941076	8.89525	
0.998744	0.000583224	0.0501093	0.000580775	0.99973	-0.0232115	-0.0501093	0.0232115	0.998474	-0.245221	0.11383	9.78391	
0.998504	0.000693937	0.0546653	0.000690753	0.999679	-0.0253073	-0.0546654	0.0253072	0.998184	-0.291841	0.135418	10.6723	
0.998245	0.000814233	0.059221	0.000810181	0.999624	-0.0274005	-0.0592211	0.0274004	0.997869	-0.342515	0.158871	11.5605	
0.997964	0.000944106	0.0637762	0.000939042	0.999565	-0.029491	-0.0637762	0.0294909	0.997528	-0.397242	0.184184	12.4483	
0.997662	0.00108355	0.0683307	0.00107731	0.999501	-0.0315788	-0.0683308	0.0315786	0.997163	-0.456023	0.211357	13.3359	
0.99734	0.00123255	0.0728844	0.00122498	0.999432	-0.0336638	-0.0728845	0.0336636	0.996772	-0.518857	0.240387	14.2231	
0.996996	0.0013911	0.0774373	0.00138202	0.99936	-0.035746	-0.0774375	0.0357457	0.996356	-0.585743	0.27127	15.1099	
0.996632	0.00155919	0.0819892	0.00154841	0.999283	-0.0378253	-0.0819894	0.0378249	0.995915	-0.65668	0.304006	15.9964	
0.996247	0.00173681	0.0865399	0.00172413	0.999202	-0.0399017	-0.0865402	0.0399011	0.995449	-0.731667	0.33859	16.8824	
0.995841	0.00192396	0.0910895	0.00190916	0.999117	-0.041975	-0.0910898	0.0419743	0.994958	-0.810704	0.37502	17.7681	
0.995414	0.00212061	0.0956376	0.00210349	0.999027	-0.0440453	-0.095638	0.0440445	0.994441	-0.893788	0.413295	18.6532	
0.994966	0.00232677	0.100184	0.00230708	0.998934	-0.0461126	-0.100185	0.0461116	0.9939	-0.98092	0.45341	19.538	
0.994498	0.00254242	0.104729	0.00251992	0.998836	-0.0481767	-0.10473	0.0481755	0.993333	-1.0721	0.495363	20.4222	
0.994008	0.00276755	0.109273	0.00274198	0.998734	-0.0502375	-0.109273	0.0502361	0.992741	-1.16732	0.539151	21.3059	
0.993497	0.00300215	0.113814	0.00297325	0.998627	-0.0522952	-0.113815	0.0522935	0.992125	-1.26658	0.584772	22.189	
0.992966	0.0032462	0.118354	0.0032137	0.998517	-0.0543495	-0.118355	0.0543476	0.991483	-1.36989	0.632222	23.0717	
0.992414	0.0034997	0.122892	0.00346331	0.998402	-0.0564005	-0.122893	0.0563983	0.990816	-1.47723	0.681498	23.9537	
0.991841	0.00376264	0.127427	0.00372205	0.998284	-0.0584481	-0.127428	0.0584455	0.990124	-1.58861	0.732598	24.8351	
0.991247	0.00403499	0.13196	0.0039899	0.998161	-0.0604922	-0.131961	0.0604892	0.989408	-1.70402	0.785518	25.7159	
0.990632	0.00431676	0.136491	0.00426685	0.998034	-0.0625329	-0.136492	0.0625294	0.988666	-1.82347	0.840255	26.596	
0.989996	0.00460792	0.141019	0.00455286	0.997903	-0.06457	-0.14102	0.0645661	0.987899	-1.94695	0.896806	27.4755	
0.98934	0.00490846	0.145544	0.00484791	0.997768	-0.0666034	-0.145546	0.066599	0.987107	-2.07446	0.955168	28.3543	
0.988662	0.00521837	0.150067	0.00515198	0.997629	-0.0686333	-0.150069	0.0686283	0.986291	-2.20599	1.01534	29.2324	
0.987964	0.00553764	0.154586	0.00546504	0.997486	-0.0706594	-0.154589	0.0706538	0.985449	-2.34155	1.07731	30.1097	
0.987245	0.00586625	0.159103	0.00578707	0.997338	-0.0726818	-0.159106	0.0726755	0.984583	-2.48113	1.14109	30.9862	
0.986504	0.00620419	0.163617	0.00611805	0.997187	-0.0747004	-0.16362	0.0746933	0.983692	-2.62473	1.20666	31.862	
0.985744	0.00655144	0.168127	0.00645794	0.997032	-0.0767151	-0.16813	0.0767072	0.982776	-2.77234	1.27402	32.737	
0.984962	0.00690799	0.172634	0.00680673	0.996873	-0.078726	-0.172638	0.0787172	0.981835	-2.92396	1.34318	33.6112	
0.984159	0.00727383	0.177137	0.00716439	0.99671	-0.0807329	-0.177142	0.0807231	0.980869	-3.0796	1.41412	34.4845	
0.983336	0.00764893	0.181637	0.00753088	0.996543	-0.0827358	-0.181642	0.082725	0.979879	-3.23924	1.48685	35.3569	
0.982492	0.00803329	0.186133	0.0079062	0.996372	-0.0847346	-0.186138	0.0847227	0.978864	-3.40288	1.56135	36.2285	
0.981627	0.00842688	0.190625	0.0082903	0.996197	-0.0867294	-0.190631	0.0867163	0.977824	-3.57053	1.63764	37.0991	
0.980741	0.00882969	0.195113	0.00868317	0.996019	-0.0887201	-0.19512	0.0887056	0.97676	-3.74217	1.71569	37.9688	
0.979834	0.00924171	0.199598	0.00908477	0.995836	-0.0907065	-0.199605	0.0906907	0.975671	-3.9178	1.79551	38.8375	
0.978907	0.00966292	0.204078	0.00949509	0.99565	-0.0926888	-0.204085	0.0926714	0.974557	-4.09742	1.8771	39.7053	
0.977959	0.0100933	0.208553	0.00991409	0.99546	-0.0946667	-0.208562	0.0946478	0.973419	-4.28103	1.96045	40.572	
0.97699	0.0105328	0.213024	0.0103417	0.995266	-0.0966403	-0.213034	0.0966197	0.972256	-4.46862	2.04555	41.4377	
0.976001	0.0109815	0.217491	0.010778	0.995068	-0.0986096	-0.217501	0.0985871	0.971068	-4.66019	2.13241	42.3024	
0.97499	0.0114393	0.221953	0.0112229	0.994866	-0.100574	-0.221964	0.10055	0.969857	-4.85573	2.22102	43.166	
0.973959	0.0119062	0.22641	0.0116764	0.994661	-0.102535	-0.226422	0.102508	0.96862	-5.05524	2.31137	44.0286	
0.972908	0.0123821	0.230862	0.0121383	0.994452	-0.104491	-0.230875	0.104462	0.967359	-5.25871	2.40346	44.89	
0.971835	0.0128672	0.235309	0.0126089	0.994239	-0.106442	-0.235323	0.106411	0.966074	-5.46615	2.49729	45.7503	
0.970742	0.0133613	0.239751	0.0130879	0.994022	-0.108389	-0.239766	0.108355	0.964765	-5.67754	2.59285	46.6094	
0.969629	0.0138644	0.244188	0.0135753	0.993802	-0.110331	-0.244204	0.110295	0.963431	-5.89288	2.69014	47.4673	
0.968495	0.0143765	0.248619	0.0140712	0.993578	-0.112268	-0.248637	0.112229	0.962073	-6.11217	2.78915	48.3241	
0.96734	0.0148976	0.253045	0.0145755	0.993351	-0.114201	-0.253064	0.114159	0.960691	-6.3354	2.88988	49.1796	
0.966164	0.0154277	0.257465	0.0150881	0.99312	-0.116129	-0.257485	0.116084	0.959284	-6.56257	2.99233	50.0339	
0.964968	0.0159667	0.26188	0.0156091	0.992885	-0.118052	-0.261901	0.118004	0.957853	-6.79367	3.09648	50.887	
0.963752	0.0165146	0.266288	0.0161384	0.992646	-0.11997	-0.266311	0.119919	0.956398	-7.0287	3.20235	51.7387	
0.962041	0.0172737	0.272359	0.0159323	0.992738	-0.119239	-0.272441	0.119052	0.954779	-7.26842	3.30868	52.5891	
0.960288	0.0180281	0.278427	0.0157224	0.992828	-0.118512	-0.278566	0.118183	0.953118	-7.51359	3.41424	53.438	
0.958495	0.018778	0.284491	0.0155086	0.992918	-0.117789	-0.284688	0.117312	0.951415	-7.76421	3.51902	54.2854	
0.95666	0.0195232	0.290551	0.0152909	0.993006	-0.11707	-0.290805	0.116439	0.949671	-8.02028	3.62303	55.1313	
0.954785	0.0202636	0.296607	0.0150693	0.993093	-0.116354	-0.296916	0.115563	0.947885	-8.28178	3.72626	55.9756	
0.952868	0.0209991	0.302657	0.0148438	0.99318	-0.115643	-0.303021	0.114685	0.946058	-8.54873	3.82871	56.8184	
0.950911	0.0217297	0.308701	0.0146145	0.993266	-0.114934	-0.30912	0.113804	0.944189	-8.8211	3.93037	57.6594	
0.948913	0.0224552	0.314738	0.0143812	0.99335	-0.11423	-0.31521	0.11292	0.94228	-9.0989	4.03125	58.4988	
0.946874	0.0231757	0.320768	0.0141441	0.993434	-0.113528	-0.321293	0.112034	0.940329	-9.38211	4.13135	59.3365	
0.944795	0.023891	0.326789	0.013903	0.993517	-0.11283	-0.327366	0.111145	0.938338	-9.67073	4.23065	60.1724	
0.942676	0.024601	0.332801	0.0136581	0.993599	-0.112135	-0.33343	0.110253	0.936306	-9.96475	4.32916	61.0065	
0.940517	0.0253058	0.338804	0.0134091	0.99368	-0.111443	-0.339483	0.109357	0.934234	-10.2642	4.42688	61.8388	
0.938317	0.0260051	0.344796	0.0131562	0.993761	-0.110754	-0.345525	0.108459	0.932121	-10.569	4.52379	62.6692	
0.936078	0.0266989	0.350777	0.0128993	0.99384	-0.110068	-0.351555	0.107557	0.929968	-10.8791	4.61991	63.4978	
0.9338	0.0273872	0.356746	0.0126384	0.993919	-0.109384	-0.357572	0.106652	0.927776	-11.1947	4.71522	64.3244	
0.931482	0.0280699	0.362703	0.0123734	0.993997	-0.108703	-0.363577	0.105743	0.925543	-11.5155	4.80973	65.149	
0.929125	0.0287468	0.368646	0.0121043	0.994075	-0.108025	-0.369567	0.104831	0.923272	-11.8417	4.90342	65.9717	
0.926729	0.029418	0.374576	0.0118311	0.994151	-0.107348	-0.375543	0.103915	0.920961	-12.1733	4.9963	66.7923	
0.924295	0.0300834	0.380492	0.0115538	0.994227	-0.106675	-0.381504	0.102995	0.918611	-12.5101	5.08837	67.6108	
0.921822	0.0307428	0.386392	0.0112723	0.994302	-0.106003	-0.387449	0.102071	0.916223	-12.8523	5.17961	68.4272	
0.919311	0.0313963	0.392277	0.0109865	0.994376	-0.105333	-0.393378	0.101144	0.913796	-13.1997	5.27003	69.2415	
0.914371	0.0325318	0.403567	0.00360762	0.996072	-0.0884679	-0.40486	0.0823484	0.910663	-13.5549	5.35168	70.0533	
0.909291	0.0334345	0.414816	-0.0039817	0.997421	-0.0716647	-0.416142	0.0635124	0.907079	-13.9202	5.41659	70.8621	
0.904072	0.0341038	0.426018	-0.0117777	0.998421	-0.054932	-0.427219	0.044645	0.903045	-14.2955	5.46471	71.6676	
0.898717	0.0345394	0.437167	-0.0197765	0.999071	-0.038278	-0.438083	0.0257554	0.898565	-14.6805	5.49604	72.4692	
0.893229	0.0347412	0.448258	-0.0279742	0.999373	-0.0217109	-0.448731	0.00685314	0.89364	-15.0751	5.51055	73.2667	
0.88761	0.0347091	0.459286	-0.0363667	0.999325	-0.00523896	-0.459157	-0.0120525	0.888273	-15.4791	5.50823	74.0596	
0.881864	0.0344429	0.470244	-0.0449498	0.998927	0.0111297	-0.469356	-0.0309523	0.882466	-15.8923	5.4891	74.8475	
0.875993	0.033943	0.481127	-0.0537194	0.99818	0.0273869	-0.479322	-0.0498366	0.876223	-16.3144	5.45315	75.6301	
0.870001	0.0332094	0.491931	-0.062671	0.997085	0.0435248	-0.489051	-0.0686964	0.869546	-16.7453	5.40041	76.4069	
0.863889	0.0322427	0.502649	-0.0718002	0.995641	0.0595352	-0.498538	-0.0875221	0.862438	-17.1847	5.33089	77.1776	
0.857661	0.0310432	0.513277	-0.0811026	0.993849	0.0754102	-0.507779	-0.106305	0.854904	-17.6325	5.24465	77.9417	
0.851321	0.0296116	0.523809	-0.0905735	0.99171	0.091142	-0.516768	-0.125034	0.846946	-18.0884	5.14171	78.699	
0.844871	0.0279485	0.534239	-0.100208	0.989226	0.106723	-0.525501	-0.143702	0.838569	-18.5522	5.02213	79.449	
0.838315	0.0260548	0.544564	-0.110002	0.986398	0.122145	-0.533974	-0.162299	0.829778	-19.0236	4.88597	80.1914	
0.831655	0.0239315	0.554777	-0.11995	0.983226	0.137401	-0.542183	-0.180815	0.820575	-19.5025	4.73329	80.9257	
0.824895	0.0215795	0.564874	-0.130047	0.979713	0.152483	-0.550123	-0.199242	0.810967	-19.9885	4.56418	81.6517	
0.818039	0.0190001	0.574849	-0.140289	0.97586	0.167383	-0.557792	-0.217571	0.800957	-20.4815	4.37871	82.3689	
0.811089	0.0161945	0.584698	-0.150669	0.971669	0.182095	-0.565184	-0.235791	0.79055	-20.9812	4.17698	83.0771	
0.80405	0.0131641	0.594416	-0.161184	0.967142	0.196611	-0.572296	-0.253895	0.779753	-21.4873	3.95909	83.7758	
