1	0	0	0	1	0	0	0	1	0	0	0	
0.99999	5.39757e-06	0.00440372	5.39757e-06	0.999997	-0.00245135	-0.00440372	0.00245135	0.999987	-0.00195165	0.0010864	0.88636	
0.999961	2.15905e-05	0.00880576	2.16067e-05	0.999988	-0.00490544	-0.00880576	0.00490544	0.999949	-0.00780587	0.0043468	1.7727	
0.999913	4.85832e-05	0.013206	4.86478e-05	0.999973	-0.00736221	-0.013206	0.00736221	0.999886	-0.0175611	0.00978362	2.65899	
0.999845	8.63793e-05	0.0176044	8.6541e-05	0.999952	-0.00982158	-0.0176044	0.00982159	0.999797	-0.0312157	0.0173992	3.54521	
0.999758	0.000134983	0.0220007	0.000135306	0.999925	-0.0122835	-0.0220007	0.0122835	0.999682	-0.048768	0.0271958	4.43135	
0.999652	0.000194396	0.0263949	0.000194962	0.999891	-0.0147479	-0.0263949	0.0147479	0.999543	-0.0702161	0.0391756	5.31737	
0.999526	0.000264624	0.0307868	0.000265529	0.999852	-0.0172147	-0.0307868	0.0172147	0.999378	-0.095558	0.0533409	6.20326	
0.999381	0.000345667	0.0351764	0.000347025	0.999806	-0.0196839	-0.0351764	0.0196839	0.999187	-0.124792	0.0696938	7.08899	
0.999217	0.000437529	0.0395636	0.000439468	0.999754	-0.0221554	-0.0395635	0.0221554	0.998971	-0.157915	0.0882363	7.97454	
0.999034	0.000540211	0.0439481	0.000542878	0.999697	-0.0246291	-0.0439481	0.0246291	0.99873	-0.194926	0.10897	8.85988	
0.998831	0.000653716	0.04833	0.000657271	0.999632	-0.0271049	-0.0483299	0.027105	0.998464	-0.235822	0.131898	9.74501	
0.99861	0.000778044	0.052709	0.000782666	0.999562	-0.0295828	-0.0527089	0.029583	0.998172	-0.280601	0.157021	10.6299	
0.998369	0.000913198	0.0570851	0.000919079	0.999485	-0.0320628	-0.057085	0.032063	0.997854	-0.32926	0.184342	11.5145	
0.998109	0.00105918	0.0614582	0.00106653	0.999403	-0.0345447	-0.0614581	0.0345449	0.997512	-0.381796	0.213861	12.3988	
0.99783	0.00121598	0.0658282	0.00122503	0.999313	-0.0370285	-0.065828	0.0370288	0.997144	-0.438207	0.245581	13.2828	
0.997532	0.00138362	0.0701949	0.0013946	0.999218	-0.0395142	-0.0701946	0.0395146	0.99675	-0.49849	0.279504	14.1665	
0.997215	0.00156207	0.0745582	0.00157525	0.999116	-0.0420016	-0.0745579	0.0420021	0.996332	-0.562642	0.315631	15.0498	
0.99688	0.00175136	0.078918	0.00176701	0.999008	-0.0444907	-0.0789177	0.0444913	0.995888	-0.630659	0.353963	15.9327	
0.996525	0.00195147	0.0832743	0.00196988	0.998894	-0.0469814	-0.0832738	0.0469822	0.995419	-0.70254	0.394503	16.8152	
0.996151	0.00216241	0.0876268	0.00218388	0.998773	-0.0494737	-0.0876263	0.0494746	0.994924	-0.77828	0.437251	17.6973	
0.995758	0.00238417	0.0919756	0.00240902	0.998646	-0.0519675	-0.0919749	0.0519686	0.994404	-0.857876	0.482209	18.5789	
0.995347	0.00261675	0.0963204	0.00264533	0.998512	-0.0544627	-0.0963196	0.0544641	0.993859	-0.941325	0.529378	19.4601	
0.994917	0.00286015	0.100661	0.0028928	0.998372	-0.0569593	-0.10066	0.0569609	0.993289	-1.02862	0.578759	20.3407	
0.994468	0.00311436	0.104998	0.00315147	0.998226	-0.0594571	-0.104997	0.0594591	0.992693	-1.11977	0.630355	21.2209	
0.994	0.0033794	0.10933	0.00342133	0.998073	-0.0619562	-0.109329	0.0619585	0.992073	-1.21475	0.684165	22.1005	
0.993513	0.00365524	0.113658	0.00370241	0.997914	-0.0644565	-0.113657	0.0644592	0.991427	-1.31358	0.740191	22.9796	
0.993008	0.0039419	0.117982	0.00399472	0.997748	-0.0669578	-0.11798	0.0669609	0.990756	-1.41623	0.798434	23.858	
0.992484	0.00423936	0.122301	0.00429826	0.997575	-0.0694602	-0.122299	0.0694638	0.990059	-1.52272	0.858895	24.7359	
0.991942	0.00454762	0.126615	0.00461305	0.997397	-0.0719635	-0.126613	0.0719676	0.989338	-1.63303	0.921575	25.6131	
0.99138	0.00486668	0.130925	0.00493911	0.997211	-0.0744676	-0.130922	0.0744724	0.988592	-1.74717	0.986475	26.4897	
0.990801	0.00519654	0.135229	0.00527643	0.997019	-0.0769726	-0.135226	0.0769781	0.98782	-1.86512	1.0536	27.3656	
0.990203	0.00553718	0.139529	0.00562505	0.996821	-0.0794784	-0.139525	0.0794845	0.987023	-1.98689	1.12294	28.2408	
0.989586	0.00588861	0.143823	0.00598495	0.996616	-0.0819848	-0.143819	0.0819918	0.986202	-2.11246	1.1945	29.1153	
0.988951	0.00625082	0.148112	0.00635617	0.996404	-0.0844918	-0.148108	0.0844997	0.985355	-2.24184	1.26829	29.9891	
0.988297	0.0066238	0.152396	0.00673869	0.996186	-0.0869994	-0.152391	0.0870082	0.984483	-2.37501	1.3443	30.8621	
0.987625	0.00700755	0.156675	0.00713255	0.995961	-0.0895074	-0.156669	0.0895173	0.983586	-2.51198	1.42253	31.7343	
0.986935	0.00740206	0.160947	0.00753773	0.995729	-0.0920158	-0.160941	0.0920268	0.982664	-2.65274	1.50299	32.6057	
0.986227	0.00780733	0.165215	0.00795427	0.995491	-0.0945246	-0.165208	0.0945368	0.981718	-2.79728	1.58567	33.4763	
0.9855	0.00822334	0.169476	0.00838215	0.995246	-0.0970336	-0.169468	0.0970472	0.980746	-2.94561	1.67057	34.346	
0.984755	0.0086501	0.173731	0.00882139	0.994994	-0.0995428	-0.173723	0.0995578	0.979749	-3.0977	1.75771	35.2149	
0.983992	0.00908759	0.177981	0.009272	0.994736	-0.102052	-0.177971	0.102069	0.978728	-3.25357	1.84706	36.0828	
0.983211	0.00953581	0.182224	0.00973398	0.994471	-0.104561	-0.182214	0.10458	0.977682	-3.4132	1.93865	36.9499	
0.982411	0.00999474	0.186462	0.0102074	0.994199	-0.107071	-0.18645	0.107091	0.97661	-3.57658	2.03246	37.816	
0.981594	0.0104644	0.190693	0.0106921	0.99392	-0.10958	-0.19068	0.109602	0.975515	-3.74372	2.12849	38.6812	
0.980759	0.0109447	0.194917	0.0111883	0.993635	-0.112089	-0.194903	0.112113	0.974394	-3.9146	2.22675	39.5453	
0.979905	0.0114358	0.199135	0.0116958	0.993343	-0.114598	-0.19912	0.114624	0.973248	-4.08923	2.32724	40.4085	
0.979034	0.0119375	0.203346	0.0122148	0.993044	-0.117106	-0.20333	0.117135	0.972078	-4.26759	2.42995	41.2706	
0.978145	0.0124499	0.207551	0.0127452	0.992739	-0.119615	-0.207533	0.119646	0.970884	-4.44967	2.53488	42.1317	
0.977238	0.012973	0.211749	0.013287	0.992426	-0.122122	-0.211729	0.122156	0.969664	-4.63548	2.64205	42.9917	
0.976313	0.0135067	0.21594	0.0138402	0.992107	-0.124629	-0.215919	0.124666	0.96842	-4.82501	2.75143	43.8506	
0.975371	0.0140511	0.220124	0.0144048	0.991781	-0.127136	-0.220101	0.127176	0.967152	-5.01825	2.86305	44.7085	
0.974411	0.0146061	0.2243	0.0149809	0.991448	-0.129642	-0.224276	0.129685	0.965858	-5.21519	2.97688	45.5651	
0.973433	0.0151717	0.22847	0.0155684	0.991108	-0.132147	-0.228443	0.132193	0.964541	-5.41582	3.09294	46.4207	
0.972437	0.0157479	0.232632	0.0161674	0.990761	-0.134651	-0.232603	0.134701	0.963199	-5.62015	3.21122	47.275	
0.971424	0.0163348	0.236786	0.0167778	0.990408	-0.137155	-0.236756	0.137208	0.961832	-5.82816	3.33173	48.1281	
0.970394	0.0169322	0.240934	0.0173996	0.990047	-0.139657	-0.2409	0.139715	0.960441	-6.03985	3.45446	48.9801	
0.969346	0.0175402	0.245073	0.0180329	0.98968	-0.142159	-0.245037	0.142221	0.959026	-6.25521	3.57941	49.8307	
0.968281	0.0181588	0.249205	0.0186776	0.989305	-0.144659	-0.249166	0.144725	0.957586	-6.47423	3.70658	50.6801	
0.967198	0.0187879	0.253328	0.0193338	0.988924	-0.147158	-0.253287	0.147229	0.956122	-6.69691	3.83597	51.5283	
0.96662	0.0191284	0.255501	0.0206462	0.988151	-0.152089	-0.255383	0.152287	0.954771	-6.92235	3.96871	52.3751	
0.966035	0.0194813	0.257676	0.0219716	0.987351	-0.15702	-0.257475	0.157348	0.953388	-7.14964	4.10593	53.2208	
0.965444	0.0198467	0.259853	0.0233098	0.986523	-0.161952	-0.259565	0.162412	0.951971	-7.37878	4.24764	54.0652	
0.964847	0.0202244	0.262031	0.0246608	0.985668	-0.166883	-0.261651	0.167478	0.950521	-7.60977	4.39385	54.9084	
0.964245	0.0206147	0.264211	0.0260245	0.984786	-0.171813	-0.263733	0.172546	0.949038	-7.84261	4.54454	55.7502	
0.963636	0.0210173	0.266392	0.0274008	0.983876	-0.176742	-0.265811	0.177615	0.947522	-8.0773	4.69972	56.5907	
0.963021	0.0214324	0.268574	0.0287895	0.982938	-0.18167	-0.267885	0.182684	0.945973	-8.31382	4.8594	57.4299	
0.9624	0.0218599	0.270755	0.0301906	0.981973	-0.186594	-0.269953	0.187752	0.944391	-8.55219	5.02357	58.2677	
0.961773	0.0222999	0.272937	0.031604	0.980981	-0.191515	-0.272017	0.19282	0.942776	-8.79238	5.19224	59.104	
0.961141	0.0227522	0.275118	0.0330295	0.979961	-0.196433	-0.274074	0.197887	0.941129	-9.0344	5.36539	59.939	
0.960503	0.0232169	0.277298	0.034467	0.978913	-0.201346	-0.276125	0.202952	0.93945	-9.27823	5.54304	60.7724	
0.95986	0.0236939	0.279477	0.0359164	0.977839	-0.206255	-0.27817	0.208014	0.937737	-9.52389	5.72517	61.6043	
0.959211	0.0241832	0.281654	0.0373775	0.976737	-0.211158	-0.280208	0.213073	0.935993	-9.77135	5.91179	62.4347	
0.958557	0.0246847	0.283829	0.0388503	0.975608	-0.216055	-0.282239	0.218128	0.934217	-10.0206	6.10289	63.2636	
0.957898	0.0251984	0.286002	0.0403346	0.974452	-0.220946	-0.284263	0.22318	0.932408	-10.2717	6.29847	64.0908	
0.957233	0.0257243	0.288172	0.0418303	0.973268	-0.22583	-0.286278	0.228226	0.930568	-10.5245	6.49852	64.9165	
0.956563	0.0262621	0.290339	0.0433372	0.972058	-0.230706	-0.288285	0.233268	0.928697	-10.7792	6.70305	65.7405	
0.955889	0.026812	0.292503	0.0448551	0.970821	-0.235574	-0.290284	0.238303	0.926794	-11.0356	6.91204	66.5628	
0.955209	0.0273737	0.294662	0.0463839	0.969557	-0.240434	-0.292273	0.243332	0.92486	-11.2938	7.12549	67.3834	
0.954525	0.0279473	0.296818	0.0479235	0.968266	-0.245284	-0.294254	0.248354	0.922895	-11.5537	7.3434	68.2023	
0.953836	0.0285326	0.298969	0.0494737	0.966949	-0.250124	-0.296224	0.253369	0.920899	-11.8154	7.56576	69.0195	
0.953143	0.0291295	0.301115	0.0510343	0.965605	-0.254955	-0.298185	0.258375	0.918873	-12.0788	7.79255	69.8348	
0.957019	0.0255763	0.288896	0.0561979	0.960872	-0.271233	-0.284529	0.27581	0.918135	-12.3371	8.0293	70.649	
0.960712	0.0217921	0.276689	0.0611183	0.95583	-0.287494	-0.270733	0.29311	0.916946	-12.5832	8.28145	71.4623	
0.964221	0.0177787	0.264502	0.065793	0.950484	-0.30373	-0.256805	0.310266	0.915307	-12.817	8.54887	72.2743	
0.967544	0.0135381	0.25234	0.0702197	0.944834	-0.319934	-0.24275	0.327269	0.913218	-13.0384	8.83142	73.0847	
0.970679	0.00907233	0.240208	0.0743963	0.938885	-0.336096	-0.228577	0.344112	0.910681	-13.2473	9.12898	73.8931	
0.973625	0.00438365	0.228113	0.0783207	0.932639	-0.352209	-0.214291	0.360785	0.907697	-13.4436	9.44139	74.699	
0.97638	-0.000525653	0.21606	0.0819909	0.926098	-0.368265	-0.199899	0.377282	0.904267	-13.6271	9.7685	75.5021	
0.978943	-0.00565318	0.204056	0.0854053	0.919267	-0.384257	-0.18541	0.393593	0.900393	-13.7979	10.1102	76.3019	
0.981312	-0.0109964	0.192107	0.088562	0.912149	-0.400176	-0.17083	0.409711	0.896077	-13.9558	10.4662	77.0981	
0.983487	-0.0165527	0.180218	0.0914596	0.904747	-0.416015	-0.156166	0.425628	0.891321	-14.1007	10.8364	77.8903	
0.985467	-0.0223194	0.168395	0.0940967	0.897064	-0.431765	-0.141425	0.441336	0.886127	-14.2326	11.2206	78.678	
0.98725	-0.0282936	0.156644	0.0964719	0.889105	-0.44742	-0.126614	0.456827	0.880499	-14.3514	11.6187	79.461	
0.988835	-0.0344724	0.144971	0.098584	0.880874	-0.462971	-0.111742	0.472094	0.874438	-14.457	12.0304	80.2388	
0.990222	-0.0408527	0.133382	0.100432	0.872374	-0.478411	-0.0968143	0.487129	0.867947	-14.5495	12.4555	81.011	
0.991411	-0.0474315	0.121881	0.102015	0.86361	-0.493732	-0.0818394	0.501925	0.861031	-14.6286	12.8939	81.7773	
0.9924	-0.0542055	0.110476	0.103333	0.854585	-0.508927	-0.0668243	0.516474	0.853691	-14.6945	13.3452	82.5372	
0.993188	-0.0611713	0.0991705	0.104384	0.845305	-0.523987	-0.0517764	0.53077	0.845933	-14.7471	13.8094	83.2905	
0.993777	-0.0683255	0.0879713	0.105168	0.835774	-0.538907	-0.036703	0.544805	0.837759	-14.7863	14.2861	84.0367	
