1	0	0	0	1	0	0	0	1	0	0	0	
0.999995	5.74753e-07	0.00310746	5.74753e-07	1	-0.000369918	-0.00310746	0.000369918	0.999995	-0.00116294	0.000138439	0.748484	
0.999981	2.30458e-06	0.00621927	2.30923e-06	1	-0.000741851	-0.00621927	0.000741851	0.99998	-0.0046534	0.00055451	1.49696	
0.999956	5.19896e-06	0.00933535	5.2176e-06	0.999999	-0.00111579	-0.00933535	0.00111579	0.999956	-0.0104746	0.00124972	2.24542	
0.999922	9.26733e-06	0.0124556	9.314e-06	0.999999	-0.00149174	-0.0124556	0.00149174	0.999921	-0.0186297	0.00222557	2.99386	
0.999879	1.45191e-05	0.01558	1.46126e-05	0.999998	-0.00186969	-0.01558	0.00186969	0.999877	-0.0291219	0.00348357	3.74227	
0.999825	2.09636e-05	0.0187084	2.11274e-05	0.999997	-0.00224964	-0.0187084	0.00224964	0.999822	-0.0419541	0.0050252	4.49064	
0.999761	2.86101e-05	0.0218408	2.88725e-05	0.999997	-0.00263157	-0.0218408	0.00263157	0.999758	-0.0571293	0.00685195	5.23897	
0.999688	3.74678e-05	0.0249771	3.78621e-05	0.999995	-0.00301548	-0.0249771	0.00301549	0.999683	-0.0746506	0.00896532	5.98725	
0.999605	4.75461e-05	0.0281171	4.81101e-05	0.999994	-0.00340138	-0.0281171	0.00340138	0.999599	-0.0945207	0.0113668	6.73547	
0.999511	5.8854e-05	0.0312609	5.96305e-05	0.999993	-0.00378924	-0.0312609	0.00378925	0.999504	-0.116742	0.0140578	7.48362	
0.999408	7.14007e-05	0.0344083	7.24374e-05	0.999991	-0.00417907	-0.0344083	0.00417909	0.999399	-0.141319	0.0170399	8.23169	
0.999294	8.51952e-05	0.0375593	8.65447e-05	0.99999	-0.00457086	-0.0375593	0.00457088	0.999284	-0.168252	0.0203145	8.97968	
0.999171	0.000100247	0.0407137	0.000101966	0.999988	-0.0049646	-0.0407137	0.00496463	0.999159	-0.197545	0.0238831	9.72759	
0.999037	0.000116564	0.0438716	0.000118716	0.999986	-0.00536028	-0.0438716	0.00536033	0.999023	-0.229201	0.0277472	10.4754	
0.998893	0.000134156	0.0470327	0.000136808	0.999983	-0.00575791	-0.0470327	0.00575797	0.998877	-0.263221	0.0319081	11.2231	
0.998739	0.000153031	0.0501971	0.000156256	0.999981	-0.00615747	-0.0501971	0.00615755	0.99872	-0.299608	0.0363674	11.9707	
0.998575	0.000173199	0.0533647	0.000177074	0.999978	-0.00655895	-0.0533647	0.00655906	0.998554	-0.338366	0.0411265	12.7181	
0.998401	0.000194668	0.0565354	0.000199275	0.999976	-0.00696236	-0.0565353	0.00696249	0.998376	-0.379495	0.0461868	13.4655	
0.998216	0.000217447	0.059709	0.000222873	0.999973	-0.00736767	-0.059709	0.00736784	0.998189	-0.422999	0.0515499	14.2127	
0.998021	0.000241544	0.0628856	0.000247883	0.99997	-0.0077749	-0.0628856	0.0077751	0.99799	-0.468879	0.057217	14.9597	
0.997815	0.000266969	0.066065	0.000274317	0.999966	-0.00818402	-0.066065	0.00818426	0.997782	-0.517138	0.0631897	15.7066	
0.997599	0.000293729	0.0692472	0.000302189	0.999963	-0.00859503	-0.0692472	0.00859532	0.997563	-0.567777	0.0694693	16.4534	
0.997373	0.000321833	0.0724321	0.000331513	0.999959	-0.00900792	-0.072432	0.00900827	0.997333	-0.620799	0.0760573	17.2	
0.997137	0.00035129	0.0756195	0.000362303	0.999956	-0.00942269	-0.0756195	0.00942311	0.997092	-0.676207	0.0829551	17.9464	
0.99689	0.000382108	0.0788095	0.000394571	0.999952	-0.00983933	-0.0788095	0.00983982	0.996841	-0.734001	0.0901642	18.6926	
0.996632	0.000414295	0.082002	0.000428332	0.999947	-0.0102578	-0.0820019	0.0102584	0.996579	-0.794183	0.0976858	19.4386	
0.996364	0.000447859	0.0851968	0.000463598	0.999943	-0.0106782	-0.0851967	0.0106788	0.996307	-0.856756	0.105521	20.1844	
0.996085	0.00048281	0.0883939	0.000500384	0.999938	-0.0111004	-0.0883938	0.0111012	0.996024	-0.921721	0.113672	20.93	
0.995796	0.000519154	0.0915932	0.000538702	0.999933	-0.0115244	-0.091593	0.0115253	0.99573	-0.98908	0.12214	21.6754	
0.995497	0.0005569	0.0947946	0.000578565	0.999928	-0.0119503	-0.0947945	0.0119513	0.995425	-1.05883	0.130926	22.4206	
0.995186	0.000596057	0.0979981	0.000619988	0.999923	-0.0123779	-0.0979979	0.0123791	0.99511	-1.13098	0.140032	23.1655	
0.994866	0.000636631	0.101204	0.000662982	0.999918	-0.0128074	-0.101203	0.0128088	0.994783	-1.20553	0.149458	23.9103	
0.994534	0.000678631	0.104411	0.000707562	0.999912	-0.0132387	-0.104411	0.0132402	0.994446	-1.28248	0.159207	24.6547	
0.994192	0.000722065	0.10762	0.00075374	0.999906	-0.0136718	-0.10762	0.0136735	0.994098	-1.36184	0.169279	25.3989	
0.993839	0.00076694	0.110831	0.00080153	0.9999	-0.0141067	-0.110831	0.0141086	0.993739	-1.44359	0.179676	26.1428	
0.993475	0.000813265	0.114043	0.000850944	0.999894	-0.0145433	-0.114043	0.0145455	0.993369	-1.52775	0.1904	26.8865	
0.993101	0.000861046	0.117258	0.000901995	0.999887	-0.0149817	-0.117257	0.0149841	0.992989	-1.61431	0.201451	27.6299	
0.992716	0.000910292	0.120473	0.000954695	0.999881	-0.0154219	-0.120473	0.0154246	0.992597	-1.70328	0.212831	28.373	
0.99232	0.00096101	0.12369	0.00100906	0.999874	-0.0158638	-0.12369	0.0158668	0.992194	-1.79465	0.224542	29.1158	
0.991914	0.00101321	0.126908	0.0010651	0.999866	-0.0163075	-0.126908	0.0163108	0.99178	-1.88844	0.236584	29.8583	
0.991497	0.00106689	0.130128	0.00112283	0.999859	-0.0167529	-0.130128	0.0167565	0.991356	-1.98463	0.248959	30.6004	
0.991069	0.00112207	0.133349	0.00118225	0.999851	-0.0172	-0.133348	0.017204	0.99092	-2.08324	0.261669	31.3423	
0.99063	0.00117875	0.136571	0.0012434	0.999843	-0.0176488	-0.13657	0.0176533	0.990473	-2.18425	0.274714	32.0838	
0.99018	0.00123694	0.139794	0.00130626	0.999835	-0.0180993	-0.139793	0.0181042	0.990015	-2.28768	0.288096	32.825	
0.989719	0.00129665	0.143017	0.00137087	0.999827	-0.0185516	-0.143017	0.0185569	0.989546	-2.39352	0.301816	33.5658	
0.989248	0.00135787	0.146242	0.00143723	0.999818	-0.0190055	-0.146241	0.0190113	0.989066	-2.50177	0.315876	34.3063	
0.988766	0.00142063	0.149468	0.00150534	0.999809	-0.019461	-0.149467	0.0194674	0.988575	-2.61244	0.330276	35.0464	
0.988272	0.00148493	0.152694	0.00157524	0.9998	-0.0199183	-0.152693	0.0199252	0.988073	-2.72552	0.345018	35.7862	
0.987768	0.00155077	0.155921	0.00164692	0.999791	-0.0203771	-0.15592	0.0203847	0.987559	-2.84101	0.360104	36.5255	
0.987253	0.00161815	0.159148	0.0017204	0.999781	-0.0208377	-0.159147	0.0208458	0.987035	-2.95892	0.375534	37.2645	
0.986728	0.0016871	0.162376	0.00179569	0.999772	-0.0212998	-0.162375	0.0213087	0.986499	-3.07925	0.39131	38.0031	
0.986191	0.00175761	0.165604	0.00187281	0.999761	-0.0217636	-0.165603	0.0217732	0.985952	-3.202	0.407433	38.7413	
0.98543	0.0018629	0.170071	0.00236288	0.999694	-0.0246413	-0.170065	0.0246841	0.985124	-3.32762	0.42482	39.4789	
0.984648	0.0019816	0.174543	0.0028657	0.999617	-0.027515	-0.174531	0.0275928	0.984265	-3.45658	0.444384	40.216	
0.983843	0.00211375	0.179019	0.0033813	0.999533	-0.0303846	-0.179	0.030499	0.983376	-3.58889	0.466124	40.9523	
0.983017	0.00225939	0.183499	0.00390965	0.999439	-0.0332501	-0.183472	0.0334028	0.982457	-3.72454	0.490039	41.688	
0.982169	0.00241853	0.187983	0.00445077	0.999338	-0.0361114	-0.187946	0.0363042	0.981508	-3.86354	0.516127	42.423	
0.981299	0.0025912	0.19247	0.00500464	0.999228	-0.0389684	-0.192422	0.0392029	0.980529	-4.00589	0.544385	43.1573	
0.980408	0.00277744	0.19696	0.00557127	0.99911	-0.0418211	-0.196901	0.0420991	0.979519	-4.15159	0.574811	43.8909	
0.979494	0.00297726	0.201452	0.00615065	0.998983	-0.0446694	-0.20138	0.0449925	0.978479	-4.30064	0.607405	44.6236	
0.978558	0.00319069	0.205947	0.00674279	0.998848	-0.0475133	-0.205861	0.0478832	0.977409	-4.45305	0.642163	45.3556	
0.9776	0.00341773	0.210443	0.00734767	0.998704	-0.0503527	-0.210343	0.0507711	0.976309	-4.60881	0.679084	46.0868	
0.97662	0.00365841	0.214941	0.00796529	0.998553	-0.0531875	-0.214824	0.0536561	0.975178	-4.76793	0.718165	46.8171	
0.975618	0.00391275	0.21944	0.00859565	0.998393	-0.0560178	-0.219306	0.0565382	0.974017	-4.9304	0.759404	47.5466	
0.974594	0.00418074	0.223939	0.00923874	0.998224	-0.0588434	-0.223788	0.0594173	0.972825	-5.09623	0.8028	48.2752	
0.973548	0.00446241	0.228439	0.00989456	0.998048	-0.0616642	-0.228268	0.0622934	0.971603	-5.2654	0.848349	49.0028	
0.97248	0.00475776	0.232939	0.0105631	0.997863	-0.0644803	-0.232748	0.0651664	0.970351	-5.43794	0.89605	49.7296	
0.971389	0.00506679	0.237439	0.0112443	0.99767	-0.0672916	-0.237226	0.0680362	0.969069	-5.61382	0.9459	50.4554	
0.970277	0.00538951	0.241937	0.0119383	0.997469	-0.0700981	-0.241703	0.0709028	0.967756	-5.79306	0.997898	51.1803	
0.969142	0.00572593	0.246435	0.012645	0.997259	-0.0728996	-0.246177	0.0737662	0.966414	-5.97564	1.05204	51.9041	
0.967986	0.00607603	0.250931	0.0133643	0.997041	-0.0756961	-0.250649	0.0766263	0.965041	-6.16158	1.10832	52.627	
0.966807	0.00643982	0.255426	0.0140964	0.996815	-0.0784876	-0.255118	0.079483	0.963638	-6.35086	1.16675	53.3488	
0.965607	0.00681729	0.259918	0.0148411	0.996581	-0.0812741	-0.259584	0.0823363	0.962204	-6.54348	1.2273	54.0695	
0.964384	0.00720844	0.264408	0.0155984	0.996339	-0.0840555	-0.264046	0.0851861	0.960741	-6.73944	1.29	54.7891	
0.963139	0.00761325	0.268895	0.0163685	0.996089	-0.0868316	-0.268504	0.0880324	0.959247	-6.93875	1.35482	55.5077	
0.961873	0.00803173	0.273379	0.0171512	0.99583	-0.0896026	-0.272959	0.0908751	0.957724	-7.14139	1.42178	56.2251	
0.960584	0.00846384	0.277859	0.0179465	0.995563	-0.0923684	-0.277408	0.0937142	0.956171	-7.34736	1.49086	56.9414	
0.959274	0.00890959	0.282336	0.0187545	0.995288	-0.0951288	-0.281853	0.0965497	0.954587	-7.55666	1.56207	57.6564	
0.957942	0.00936895	0.286808	0.019575	0.995005	-0.0978839	-0.286293	0.0993814	0.952974	-7.76928	1.63539	58.3703	
0.956589	0.0098419	0.291276	0.0204082	0.994714	-0.100634	-0.290727	0.102209	0.951331	-7.98523	1.71084	59.083	
0.955213	0.0103284	0.295739	0.021254	0.994415	-0.103378	-0.295155	0.105034	0.949659	-8.20449	1.7884	59.7944	
0.953816	0.0108285	0.300196	0.0221124	0.994108	-0.106117	-0.299576	0.107854	0.947956	-8.42706	1.86807	60.5046	
0.952397	0.0113421	0.304648	0.0229833	0.993792	-0.10885	-0.303992	0.11067	0.946225	-8.65295	1.94985	61.2135	
0.950957	0.0118692	0.309094	0.0238668	0.993469	-0.111578	-0.3084	0.113483	0.944463	-8.88213	2.03374	61.9211	
0.949496	0.0124098	0.313534	0.0247629	0.993138	-0.1143	-0.312801	0.116291	0.942673	-9.11461	2.11973	62.6273	
0.948013	0.0129639	0.317967	0.0256715	0.992798	-0.117016	-0.317194	0.119096	0.940853	-9.35038	2.20782	63.3322	
0.946509	0.0135313	0.322394	0.0265926	0.992451	-0.119727	-0.32158	0.121896	0.939004	-9.58944	2.29801	64.0357	
0.944984	0.0141121	0.326813	0.0275262	0.992095	-0.122432	-0.325957	0.124692	0.937125	-9.83178	2.39029	64.7379	
0.943437	0.0147063	0.331224	0.0284724	0.991732	-0.125131	-0.330326	0.127484	0.935218	-10.0774	2.48467	65.4386	
0.94187	0.0153138	0.335628	0.029431	0.99136	-0.127825	-0.334686	0.130272	0.933282	-10.3263	2.58113	66.1379	
0.940282	0.0159345	0.340024	0.0304021	0.99098	-0.130512	-0.339036	0.133056	0.931317	-10.5784	2.67968	66.8357	
0.938673	0.0165685	0.344411	0.0313856	0.990593	-0.133194	-0.343377	0.135835	0.929323	-10.8338	2.78031	67.532	
0.937043	0.0172157	0.348789	0.0323816	0.990197	-0.13587	-0.347709	0.13861	0.9273	-11.0924	2.88302	68.2268	
0.935393	0.017876	0.353157	0.03339	0.989794	-0.13854	-0.35203	0.141381	0.925249	-11.3543	2.98781	68.9201	
0.933722	0.0185494	0.357517	0.0344109	0.989382	-0.141203	-0.35634	0.144147	0.92317	-11.6194	3.09466	69.6119	
0.932031	0.0192358	0.361866	0.0354441	0.988963	-0.143861	-0.36064	0.146909	0.921063	-11.8877	3.20359	70.3021	
0.92857	0.0207049	0.37058	0.0413263	0.986467	-0.158667	-0.368851	0.162648	0.915147	-12.1607	3.31944	70.9893	
0.92503	0.0223231	0.379237	0.0473399	0.983717	-0.173376	-0.376932	0.178331	0.908912	-12.4398	3.44705	71.672	
0.921415	0.0240898	0.387833	0.0534828	0.980715	-0.187981	-0.384882	0.193951	0.902358	-12.725	3.58638	72.3498	
