1	0	0	0	1	0	0	0	1	0	0	0	
0.999999	5.06261e-07	-0.00168667	5.06261e-07	1	0.00060031	0.00168667	-0.00060031	0.999998	0.000661037	-0.000235273	0.783838	
0.999994	2.02971e-06	-0.00337675	2.0308e-06	0.999999	0.00120249	0.00337675	-0.00120249	0.999994	0.00264549	-0.000941824	1.56767	
0.999987	4.57753e-06	-0.0050702	4.58193e-06	0.999998	0.00180652	0.0050702	-0.00180652	0.999986	0.00595601	-0.00212111	2.3515	
0.999977	8.15685e-06	-0.00676697	8.16787e-06	0.999997	0.00241238	0.00676697	-0.00241238	0.999974	0.0105952	-0.00377458	3.13533	
0.999964	1.27747e-05	-0.008467	1.27968e-05	0.999995	0.00302007	0.008467	-0.00302007	0.99996	0.0165657	-0.00590366	3.91914	
0.999948	1.84379e-05	-0.0101702	1.84767e-05	0.999993	0.00362956	0.0101702	-0.00362956	0.999942	0.02387	-0.00850978	4.70294	
0.999929	2.51534e-05	-0.0118766	2.52156e-05	0.999991	0.00424084	0.0118766	-0.00424084	0.99992	0.0325106	-0.0115943	5.48672	
0.999908	3.2928e-05	-0.0135862	3.30214e-05	0.999988	0.0048539	0.0135862	-0.0048539	0.999896	0.04249	-0.0151588	6.27049	
0.999883	4.17681e-05	-0.0152987	4.19018e-05	0.999985	0.00546872	0.0152987	-0.00546872	0.999868	0.0538105	-0.0192044	7.05424	
0.999855	5.16805e-05	-0.0170143	5.18647e-05	0.999981	0.00608527	0.0170143	-0.00608527	0.999837	0.0664746	-0.0237326	7.83796	
0.999825	6.26716e-05	-0.0187329	6.29176e-05	0.999978	0.00670355	0.0187329	-0.00670356	0.999802	0.0804846	-0.0287448	8.62166	
0.999791	7.47476e-05	-0.0204543	7.50682e-05	0.999973	0.00732355	0.0204543	-0.00732355	0.999764	0.0958429	-0.0342423	9.40532	
0.999754	8.7915e-05	-0.0221786	8.83237e-05	0.999968	0.00794523	0.0221786	-0.00794524	0.999722	0.112552	-0.0402264	10.189	
0.999714	0.00010218	-0.0239057	0.000102692	0.999963	0.00856859	0.0239057	-0.0085686	0.999677	0.130613	-0.0466985	10.9726	
0.999671	0.000117548	-0.0256356	0.000118179	0.999958	0.00919362	0.0256356	-0.00919363	0.999629	0.150029	-0.0536599	11.7561	
0.999625	0.000134026	-0.0273681	0.000134794	0.999952	0.00982029	0.0273681	-0.0098203	0.999577	0.170802	-0.0611118	12.5397	
0.999576	0.000151619	-0.0291033	0.000152542	0.999945	0.0104486	0.0291033	-0.0104486	0.999522	0.192934	-0.0690556	13.3231	
0.999524	0.000170333	-0.0308411	0.000171431	0.999939	0.0110785	0.0308411	-0.0110785	0.999463	0.216428	-0.0774925	14.1066	
0.999469	0.000190174	-0.0325814	0.000191469	0.999931	0.01171	0.0325814	-0.01171	0.9994	0.241284	-0.0864237	14.89	
0.999411	0.000211148	-0.0343242	0.00021266	0.999924	0.0123431	0.0343242	-0.0123431	0.999335	0.267506	-0.0958506	15.6733	
0.999349	0.000233259	-0.0360695	0.000235013	0.999916	0.0129777	0.0360695	-0.0129777	0.999265	0.295095	-0.105774	16.4566	
0.999285	0.000256513	-0.0378171	0.000258534	0.999907	0.0136139	0.0378171	-0.0136139	0.999192	0.324052	-0.116196	17.2398	
0.999217	0.000280916	-0.0395671	0.00028323	0.999898	0.0142516	0.0395671	-0.0142517	0.999115	0.35438	-0.127117	18.023	
0.999146	0.000306472	-0.0413194	0.000309106	0.999889	0.0148908	0.0413193	-0.0148909	0.999035	0.386081	-0.138539	18.8061	
0.999072	0.000333187	-0.0430739	0.000336169	0.999879	0.0155316	0.0430738	-0.0155316	0.998951	0.419157	-0.150462	19.5892	
0.998995	0.000361065	-0.0448305	0.000364426	0.999869	0.0161737	0.0448305	-0.0161738	0.998864	0.453608	-0.162888	20.3722	
0.998914	0.000390112	-0.0465893	0.000393882	0.999858	0.0168174	0.0465893	-0.0168175	0.998773	0.489437	-0.175818	21.1551	
0.99883	0.000420332	-0.0483502	0.000424543	0.999847	0.0174625	0.0483501	-0.0174626	0.998678	0.526646	-0.189253	21.9379	
0.998743	0.000451729	-0.050113	0.000456416	0.999836	0.018109	0.050113	-0.0181091	0.998579	0.565235	-0.203194	22.7207	
0.998653	0.000484309	-0.0518779	0.000489506	0.999824	0.0187569	0.0518779	-0.0187571	0.998477	0.605208	-0.217643	23.5034	
0.99856	0.000518075	-0.0536447	0.000523818	0.999812	0.0194062	0.0536446	-0.0194064	0.998371	0.646564	-0.2326	24.286	
0.998463	0.000553032	-0.0554133	0.000559359	0.999799	0.0200569	0.0554132	-0.0200571	0.998262	0.689306	-0.248066	25.0685	
0.998363	0.000589184	-0.0571837	0.000596133	0.999785	0.020709	0.0571837	-0.0207092	0.998149	0.733435	-0.264043	25.8509	
0.99826	0.000626535	-0.0589559	0.000634147	0.999772	0.0213623	0.0589559	-0.0213626	0.998032	0.778952	-0.280532	26.6333	
0.998154	0.000665089	-0.0607298	0.000673405	0.999757	0.022017	0.0607297	-0.0220173	0.997911	0.825859	-0.297533	27.4155	
0.998044	0.00070485	-0.0625054	0.000713913	0.999743	0.022673	0.0625053	-0.0226733	0.997787	0.874157	-0.315048	28.1977	
0.997931	0.000745821	-0.0642826	0.000755675	0.999728	0.0233303	0.0642824	-0.0233306	0.997659	0.923848	-0.333078	28.9797	
0.997815	0.000788007	-0.0660613	0.000798697	0.999712	0.0239888	0.0660611	-0.0239892	0.997527	0.974932	-0.351624	29.7617	
0.997696	0.00083141	-0.0678415	0.000842982	0.999696	0.0246486	0.0678413	-0.024649	0.997392	1.02741	-0.370686	30.5435	
0.997573	0.000876034	-0.0696231	0.000888537	0.999679	0.0253096	0.069623	-0.02531	0.997252	1.08129	-0.390266	31.3253	
0.997447	0.000921883	-0.0714062	0.000935365	0.999662	0.0259718	0.071406	-0.0259723	0.997109	1.13656	-0.410364	32.1069	
0.997318	0.000968959	-0.0731905	0.000983471	0.999645	0.0266352	0.0731903	-0.0266358	0.996962	1.19323	-0.430983	32.8884	
0.997185	0.00101727	-0.0749762	0.00103286	0.999627	0.0272998	0.074976	-0.0273004	0.996812	1.2513	-0.452121	33.6698	
0.997049	0.00106681	-0.0767631	0.00108353	0.999608	0.0279656	0.0767629	-0.0279662	0.996657	1.31077	-0.473781	34.4511	
0.996909	0.00111758	-0.0785512	0.0011355	0.999589	0.0286324	0.0785509	-0.0286331	0.996499	1.37164	-0.495964	35.2322	
0.996767	0.0011696	-0.0803404	0.00118876	0.99957	0.0293004	0.0803401	-0.0293012	0.996337	1.43391	-0.518669	36.0133	
0.996621	0.00122285	-0.0821307	0.00124332	0.99955	0.0299695	0.0821304	-0.0299704	0.996171	1.49758	-0.541899	36.7942	
0.996472	0.00127735	-0.083922	0.00129918	0.99953	0.0306397	0.0839217	-0.0306406	0.996001	1.56266	-0.565654	37.5749	
0.996319	0.0013331	-0.0857143	0.00135635	0.999509	0.0313109	0.0857139	-0.0313119	0.995828	1.62915	-0.589934	38.3556	
0.996163	0.00139009	-0.0875075	0.00141482	0.999487	0.0319832	0.0875071	-0.0319843	0.99565	1.69704	-0.614741	39.1361	
0.996004	0.00144834	-0.0893016	0.00147461	0.999466	0.0326565	0.0893011	-0.0326577	0.995469	1.76633	-0.640075	39.9164	
0.995841	0.00150783	-0.0910964	0.00153571	0.999443	0.0333308	0.091096	-0.0333321	0.995284	1.83703	-0.665938	40.6966	
0.995675	0.00156859	-0.0928921	0.00159814	0.99942	0.0340061	0.0928916	-0.0340075	0.995095	1.90914	-0.69233	41.4767	
0.995506	0.00163059	-0.0946884	0.00166188	0.999397	0.0346824	0.0946879	-0.0346839	0.994903	1.98266	-0.719251	42.2566	
0.995518	0.00162572	-0.0945542	0.00192781	0.999296	0.0374784	0.0945486	-0.0374928	0.994814	2.05682	-0.747539	43.0364	
0.995531	0.00162065	-0.0944245	0.00219374	0.999186	0.0402784	0.094413	-0.0403055	0.994717	2.13088	-0.778029	43.8162	
0.995543	0.0016154	-0.0942992	0.00245969	0.999069	0.0430822	0.094281	-0.0431221	0.994611	2.20483	-0.810726	44.5958	
0.995554	0.00160998	-0.0941782	0.00272565	0.998943	0.0458896	0.0941525	-0.0459423	0.994497	2.27868	-0.845632	45.3754	
0.995565	0.00160441	-0.0940613	0.00299161	0.998809	0.0487006	0.0940274	-0.048766	0.994375	2.35243	-0.88275	46.1549	
0.995576	0.00159872	-0.0939485	0.00325758	0.998667	0.051515	0.0939056	-0.0515931	0.994243	2.42609	-0.922083	46.9343	
0.995586	0.00159291	-0.0938396	0.00352355	0.998517	0.0543325	0.093787	-0.0544234	0.994104	2.49965	-0.963633	47.7135	
0.995596	0.00158701	-0.0937346	0.00378952	0.998358	0.0571533	0.0936714	-0.0572568	0.993955	2.57312	-1.0074	48.4927	
0.995605	0.00158103	-0.0936333	0.00405548	0.998192	0.0599769	0.0935588	-0.0600931	0.993799	2.6465	-1.05339	49.2717	
0.995615	0.00157499	-0.0935356	0.00432144	0.998017	0.0628034	0.093449	-0.0629322	0.993633	2.71979	-1.10161	50.0506	
0.995624	0.00156889	-0.0934415	0.00458739	0.997833	0.0656326	0.093342	-0.065774	0.993459	2.793	-1.15205	50.8294	
0.995632	0.00156275	-0.0933507	0.00485333	0.997642	0.0684643	0.0932375	-0.0686184	0.993277	2.86612	-1.20472	51.6081	
0.99564	0.00155658	-0.0932632	0.00511925	0.997442	0.0712985	0.0931356	-0.0714651	0.993085	2.93916	-1.25963	52.3866	
0.995648	0.00155039	-0.0931789	0.00538514	0.997234	0.0741349	0.093036	-0.0743141	0.992886	3.01213	-1.31676	53.1649	
0.995656	0.00154419	-0.0930976	0.00565101	0.997017	0.0769735	0.0929387	-0.0771652	0.992677	3.08501	-1.37613	53.9431	
0.995663	0.00153798	-0.0930192	0.00591685	0.996792	0.079814	0.0928436	-0.0800183	0.99246	3.15783	-1.43773	54.7211	
0.99567	0.00153178	-0.0929437	0.00618266	0.996559	0.0826565	0.0927505	-0.0828732	0.992235	3.23056	-1.50157	55.4989	
0.995677	0.00152559	-0.0928708	0.00644842	0.996317	0.0855006	0.0926593	-0.0857299	0.992	3.30323	-1.56765	56.2766	
0.995684	0.00151942	-0.0928006	0.00671413	0.996067	0.0883463	0.0925699	-0.0885881	0.991758	3.37582	-1.63597	57.0541	
0.99569	0.00151327	-0.0927328	0.00697979	0.995809	0.0911935	0.0924822	-0.0914477	0.991506	3.44835	-1.70653	57.8313	
0.995696	0.00150714	-0.0926674	0.00724539	0.995542	0.094042	0.092396	-0.0943087	0.991246	3.52081	-1.77933	58.6084	
0.995702	0.00150104	-0.0926042	0.00751093	0.995267	0.0968917	0.0923113	-0.0971707	0.990978	3.5932	-1.85437	59.3853	
0.995708	0.00149496	-0.0925432	0.00777639	0.994983	0.0997424	0.092228	-0.100034	0.9907	3.66552	-1.93166	60.162	
0.995713	0.00148891	-0.0924841	0.00804178	0.994691	0.102594	0.0921458	-0.102898	0.990415	3.73778	-2.01119	60.9384	
0.995718	0.00148288	-0.0924269	0.00830708	0.99439	0.105446	0.0920648	-0.105763	0.99012	3.80998	-2.09297	61.7146	
0.995724	0.00147688	-0.0923715	0.00857228	0.994081	0.108299	0.0919847	-0.108628	0.989818	3.88211	-2.177	62.4906	
0.995729	0.0014709	-0.0923177	0.00883738	0.993764	0.111153	0.0919055	-0.111494	0.989506	3.95418	-2.26327	63.2663	
0.995733	0.00146494	-0.0922655	0.00910238	0.993438	0.114007	0.0918271	-0.11436	0.989186	4.02619	-2.35178	64.0418	
0.995738	0.00145899	-0.0922146	0.00936725	0.993104	0.116861	0.0917492	-0.117226	0.988858	4.09814	-2.44255	64.817	
0.995743	0.00145304	-0.0921651	0.009632	0.992762	0.119715	0.0916719	-0.120093	0.988521	4.17002	-2.53556	65.592	
0.995747	0.0014471	-0.0921167	0.00989661	0.992411	0.122569	0.091595	-0.122959	0.988176	4.24185	-2.63081	66.3667	
0.995752	0.00144114	-0.0920694	0.0101611	0.992051	0.125423	0.0915184	-0.125825	0.987822	4.31361	-2.72832	67.1411	
0.995756	0.00143517	-0.0920231	0.0104254	0.991684	0.128276	0.0914419	-0.128691	0.98746	4.38532	-2.82807	67.9153	
0.99576	0.00142916	-0.0919775	0.0106895	0.991308	0.131129	0.0913654	-0.131556	0.987089	4.45697	-2.93006	68.6892	
0.995764	0.00142312	-0.0919327	0.0109535	0.990923	0.133982	0.0912889	-0.134421	0.98671	4.52855	-3.0343	69.4627	
0.995768	0.00141702	-0.0918884	0.0112173	0.990531	0.136833	0.0912121	-0.137285	0.986323	4.60008	-3.14079	70.236	
0.995772	0.00141086	-0.0918446	0.0114809	0.99013	0.139684	0.0911351	-0.140148	0.985927	4.67154	-3.24952	71.009	
0.996854	-0.000472525	-0.0792628	0.0127398	0.987937	0.154333	0.0782337	-0.154857	0.984834	4.73792	-3.36514	71.7814	
0.99777	-0.00254333	-0.0666973	0.0138066	0.985526	0.168962	0.0653022	-0.169506	0.983363	4.79418	-3.49227	72.5528	
0.998521	-0.00480078	-0.0541531	0.0146811	0.982898	0.183567	0.0523457	-0.184091	0.981514	4.84029	-3.63086	73.3229	
0.999107	-0.00724399	-0.0416349	0.0153628	0.980053	0.198142	0.0393691	-0.198604	0.979289	4.87624	-3.78085	74.0914	
0.999526	-0.00987203	-0.0291475	0.0158515	0.976993	0.21268	0.0263773	-0.213041	0.976687	4.902	-3.94219	74.858	
0.99978	-0.0126839	-0.0166957	0.016147	0.97372	0.227177	0.0133755	-0.227397	0.97371	4.91758	-4.11481	75.6224	
0.999868	-0.0156785	-0.00428436	0.0162491	0.970233	0.241627	0.000368473	-0.241665	0.97036	4.92297	-4.29865	76.3843	
0.99979	-0.0188547	0.00808187	0.0161579	0.966535	0.256025	-0.0126387	-0.25584	0.966636	4.91816	-4.49364	77.1435	
