1	0	0	0	1	0	0	0	1	0	0	0	
1	-1.86545e-06	-0.000844607	-1.86545e-06	0.99999	-0.00441729	0.000844607	0.00441729	0.99999	0.000334004	0.00174684	0.790906	
0.999999	-7.4641e-06	-0.00168956	-7.46245e-06	0.999961	-0.00883442	0.00168956	0.00883442	0.99996	0.00133615	0.0069873	1.5818	
0.999997	-1.6799e-05	-0.00253483	-1.67924e-05	0.999912	-0.0132513	0.00253483	0.0132513	0.999909	0.00300671	0.0157212	2.37266	
0.999994	-2.9873e-05	-0.00338041	-2.98565e-05	0.999844	-0.0176679	0.00338041	0.0176679	0.999838	0.00534592	0.0279484	3.16347	
0.999991	-4.66889e-05	-0.00422628	-4.6656e-05	0.999756	-0.022084	0.00422629	0.022084	0.999747	0.00835403	0.0436684	3.95421	
0.999987	-6.72497e-05	-0.00507243	-6.71921e-05	0.999649	-0.0264996	0.00507243	0.0264996	0.999636	0.0120313	0.062881	4.74488	
0.999982	-9.15579e-05	-0.00591883	-9.14658e-05	0.999522	-0.0309146	0.00591884	0.0309146	0.999505	0.0163778	0.0855858	5.53545	
0.999977	-0.000119616	-0.00676548	-0.000119478	0.999376	-0.0353289	0.00676548	0.0353289	0.999353	0.0213939	0.111782	6.32591	
0.999971	-0.000151427	-0.00761234	-0.00015123	0.99921	-0.0397424	0.00761234	0.0397424	0.999181	0.0270797	0.141469	7.11624	
0.999964	-0.000186993	-0.00845941	-0.000186722	0.999025	-0.0441551	0.00845941	0.0441551	0.998989	0.0334353	0.174647	7.90643	
0.999957	-0.000226316	-0.00930666	-0.000225955	0.99882	-0.0485667	0.00930667	0.0485667	0.998777	0.040461	0.211314	8.69645	
0.999948	-0.0002694	-0.0101541	-0.00026893	0.998596	-0.0529774	0.0101541	0.0529774	0.998544	0.0481569	0.251471	9.4863	
0.999939	-0.000316245	-0.0110017	-0.000315647	0.998352	-0.0573869	0.0110017	0.0573869	0.998291	0.0565231	0.295115	10.276	
0.99993	-0.000366854	-0.0118494	-0.000366107	0.998089	-0.0617952	0.0118494	0.0617951	0.998019	0.0655596	0.342246	11.0654	
0.999919	-0.00042123	-0.0126972	-0.00042031	0.997806	-0.0662021	0.0126972	0.0662021	0.997725	0.0752667	0.392863	11.8546	
0.999908	-0.000479374	-0.0135451	-0.000478257	0.997504	-0.0706076	0.0135452	0.0706076	0.997412	0.0856444	0.446965	12.6436	
0.999896	-0.000541289	-0.0143932	-0.000539948	0.997183	-0.0750117	0.0143932	0.0750117	0.997079	0.0966928	0.504551	13.4324	
0.999884	-0.000606975	-0.0152412	-0.000605383	0.996842	-0.0794141	0.0152413	0.0794141	0.996725	0.108412	0.56562	14.2208	
0.99987	-0.000676435	-0.0160894	-0.000674562	0.996481	-0.0838149	0.0160894	0.0838149	0.996351	0.120802	0.630169	15.009	
0.999856	-0.000749671	-0.0169375	-0.000747486	0.996101	-0.0882139	0.0169376	0.0882139	0.995958	0.133863	0.698199	15.7969	
0.999841	-0.000826684	-0.0177857	-0.000824154	0.995702	-0.0926111	0.0177858	0.0926111	0.995543	0.147594	0.769707	16.5844	
0.999826	-0.000907475	-0.0186339	-0.000904567	0.995283	-0.0970063	0.018634	0.0970063	0.995109	0.161997	0.844692	17.3716	
0.99981	-0.000992047	-0.019482	-0.000988723	0.994845	-0.1014	0.0194822	0.1014	0.994655	0.17707	0.923153	18.1585	
0.999793	-0.0010804	-0.0203301	-0.00107662	0.994388	-0.105791	0.0203303	0.105791	0.994181	0.192814	1.00509	18.945	
0.999775	-0.00117254	-0.0211782	-0.00116827	0.993911	-0.110179	0.0211784	0.110179	0.993686	0.209229	1.09049	19.7311	
0.999757	-0.00126846	-0.0220262	-0.00126366	0.993415	-0.114566	0.0220264	0.114566	0.993171	0.226314	1.17937	20.5168	
0.999737	-0.00136816	-0.0228741	-0.00136279	0.992899	-0.11895	0.0228744	0.11895	0.992637	0.244071	1.27172	21.3021	
0.999718	-0.00147165	-0.0237218	-0.00146566	0.992364	-0.123332	0.0237222	0.123332	0.992082	0.262497	1.36753	22.087	
0.999697	-0.00157893	-0.0245695	-0.00157227	0.99181	-0.127711	0.0245699	0.127711	0.991507	0.281595	1.4668	22.8714	
0.999676	-0.00169	-0.025417	-0.00168263	0.991237	-0.132088	0.0254175	0.132087	0.990912	0.301363	1.56954	23.6554	
0.999653	-0.00180486	-0.0262644	-0.00179672	0.990644	-0.136461	0.0262649	0.136461	0.990297	0.321801	1.67574	24.4388	
0.999631	-0.0019235	-0.0271115	-0.00191456	0.990032	-0.140832	0.0271122	0.140832	0.989662	0.342909	1.7854	25.2218	
0.999607	-0.00204594	-0.0279585	-0.00203613	0.9894	-0.1452	0.0279592	0.1452	0.989007	0.364687	1.89851	26.0043	
0.999583	-0.00217217	-0.0288053	-0.00216144	0.988749	-0.149565	0.0288061	0.149565	0.988332	0.387135	2.01508	26.7862	
0.999558	-0.00230219	-0.0296518	-0.00229049	0.98808	-0.153927	0.0296527	0.153927	0.987637	0.410253	2.1351	27.5676	
0.999532	-0.002436	-0.0304981	-0.00242327	0.98739	-0.158286	0.0304991	0.158286	0.986922	0.43404	2.25856	28.3485	
0.999505	-0.0025736	-0.0313441	-0.00255978	0.986682	-0.162641	0.0313452	0.162641	0.986187	0.458497	2.38547	29.1288	
0.999478	-0.002715	-0.0321898	-0.00270003	0.985954	-0.166993	0.032191	0.166993	0.985432	0.483623	2.51583	29.9085	
0.99945	-0.00286019	-0.0330352	-0.00284401	0.985207	-0.171342	0.0330366	0.171342	0.984658	0.509417	2.64963	30.6875	
0.999421	-0.00300917	-0.0338803	-0.00299172	0.984441	-0.175687	0.0338819	0.175687	0.983863	0.535881	2.78686	31.466	
0.999392	-0.00316194	-0.0347251	-0.00314316	0.983656	-0.180029	0.0347268	0.180028	0.983048	0.563012	2.92753	32.2438	
0.999362	-0.00331851	-0.0355695	-0.00329832	0.982852	-0.184367	0.0355714	0.184366	0.982214	0.590812	3.07163	33.021	
0.999331	-0.00347887	-0.0364135	-0.00345721	0.982029	-0.188701	0.0364156	0.1887	0.981359	0.61928	3.21916	33.7975	
0.999299	-0.00364303	-0.0372572	-0.00361983	0.981186	-0.193031	0.0372594	0.19303	0.980485	0.648415	3.37012	34.5733	
0.999267	-0.00381097	-0.0381004	-0.00378616	0.980324	-0.197357	0.0381029	0.197356	0.979591	0.678217	3.5245	35.3485	
0.999233	-0.00398271	-0.0389432	-0.00395621	0.979444	-0.201679	0.0389459	0.201678	0.978677	0.708687	3.6823	36.1229	
0.9992	-0.00415824	-0.0397856	-0.00412999	0.978544	-0.205997	0.0397885	0.205996	0.977744	0.739823	3.84352	36.8965	
0.999165	-0.00433756	-0.0406275	-0.00430747	0.977625	-0.210311	0.0406307	0.21031	0.97679	0.771625	4.00815	37.6695	
0.99913	-0.00452068	-0.0414689	-0.00448867	0.976687	-0.21462	0.0414724	0.214619	0.975817	0.804093	4.17619	38.4416	
0.999093	-0.00470758	-0.0423098	-0.00467358	0.975731	-0.218925	0.0423136	0.218924	0.974824	0.837226	4.34764	39.213	
0.999057	-0.00489827	-0.0431502	-0.00486221	0.974755	-0.223225	0.0431543	0.223225	0.973811	0.871025	4.52249	39.9836	
0.999019	-0.00509275	-0.0439901	-0.00505453	0.97376	-0.227521	0.0439945	0.22752	0.972779	0.905489	4.70074	40.7534	
0.998981	-0.00529101	-0.0448294	-0.00525056	0.972746	-0.231813	0.0448342	0.231812	0.971727	0.940616	4.88238	41.5224	
0.998942	-0.00549307	-0.0456682	-0.0054503	0.971714	-0.236099	0.0456733	0.236098	0.970655	0.976408	5.06742	42.2905	
0.998882	-0.00580286	-0.0469219	-0.00578779	0.969967	-0.243168	0.0469238	0.243168	0.968849	1.01303	5.25695	43.0575	
0.99882	-0.00612201	-0.0481741	-0.00613439	0.968169	-0.250224	0.0481725	0.250224	0.966989	1.05063	5.45206	43.823	
0.998757	-0.00645049	-0.0494246	-0.00649008	0.966319	-0.257265	0.0494195	0.257266	0.965076	1.08923	5.65275	44.5871	
0.998692	-0.00678831	-0.0506736	-0.00685484	0.964418	-0.264293	0.0506646	0.264294	0.96311	1.1288	5.85901	45.3496	
0.998626	-0.00713546	-0.0519207	-0.00722866	0.962466	-0.271305	0.0519078	0.271308	0.961092	1.16937	6.07081	46.1105	
0.998558	-0.00749191	-0.053166	-0.00761153	0.960463	-0.278303	0.053149	0.278306	0.959021	1.21091	6.28816	46.8699	
0.998488	-0.00785767	-0.0544094	-0.00800343	0.958409	-0.285285	0.0543881	0.285289	0.956897	1.25344	6.51104	47.6275	
0.998416	-0.00823272	-0.0556508	-0.00840435	0.956305	-0.292252	0.0556251	0.292257	0.954721	1.29694	6.73943	48.3835	
0.998343	-0.00861705	-0.0568901	-0.00881427	0.954149	-0.299202	0.0568598	0.299208	0.952492	1.34143	6.97333	49.1377	
0.998269	-0.00901065	-0.0581272	-0.00923317	0.951943	-0.306136	0.0580923	0.306142	0.950212	1.38689	7.21272	49.8901	
0.998192	-0.00941349	-0.0593621	-0.00966103	0.949687	-0.313052	0.0593223	0.31306	0.947879	1.43332	7.45759	50.6407	
0.998114	-0.00982557	-0.0605946	-0.0100978	0.94738	-0.319952	0.0605498	0.31996	0.945494	1.48072	7.70792	51.3895	
0.998034	-0.0102469	-0.0618247	-0.0105436	0.945023	-0.326834	0.0617748	0.326843	0.943058	1.5291	7.9637	52.1363	
0.997953	-0.0106774	-0.0630524	-0.0109982	0.942616	-0.333697	0.0629972	0.333708	0.940569	1.57844	8.22492	52.8812	
0.99787	-0.0111171	-0.0642774	-0.0114618	0.940159	-0.340542	0.0642168	0.340554	0.938029	1.62875	8.49156	53.6241	
0.997786	-0.0115659	-0.0654998	-0.0119342	0.937653	-0.347369	0.0654337	0.347381	0.935438	1.68002	8.76361	54.365	
0.997699	-0.0120239	-0.0667195	-0.0124154	0.935096	-0.354176	0.0666477	0.35419	0.932796	1.73225	9.04105	55.1038	
0.997611	-0.0124911	-0.0679363	-0.0129055	0.932491	-0.360964	0.0678588	0.360978	0.930102	1.78544	9.32387	55.8405	
0.997522	-0.0129673	-0.0691502	-0.0134044	0.929835	-0.367731	0.0690668	0.367747	0.927357	1.83959	9.61205	56.575	
0.997431	-0.0134527	-0.0703612	-0.0139121	0.927131	-0.374479	0.0702718	0.374496	0.924562	1.89469	9.90557	57.3074	
0.997338	-0.0139471	-0.0715691	-0.0144285	0.924378	-0.381206	0.0714736	0.381223	0.921716	1.95075	10.2044	58.0375	
0.997244	-0.0144506	-0.0727738	-0.0149537	0.921575	-0.387911	0.0726721	0.38793	0.918819	2.00775	10.5086	58.7654	
0.997148	-0.0149631	-0.0739754	-0.0154876	0.918724	-0.394596	0.0738673	0.394616	0.915872	2.0657	10.8181	59.4909	
0.99705	-0.0154845	-0.0751736	-0.0160302	0.915825	-0.401258	0.0750592	0.40128	0.912875	2.12459	11.1328	60.2141	
0.996951	-0.016015	-0.0763685	-0.0165814	0.912877	-0.407898	0.0762475	0.407921	0.909828	2.18443	11.4528	60.9349	
0.99685	-0.0165544	-0.0775599	-0.0171413	0.90988	-0.414516	0.0774323	0.41454	0.906731	2.2452	11.778	61.6533	
0.996748	-0.0171028	-0.0787477	-0.0177098	0.906836	-0.421111	0.0786134	0.421137	0.903584	2.30691	12.1085	62.3692	
0.996644	-0.01766	-0.0799319	-0.0182868	0.903744	-0.427683	0.0797909	0.42771	0.900388	2.36955	12.4442	63.0826	
0.996538	-0.0182261	-0.0811125	-0.0188724	0.900604	-0.434232	0.0809645	0.434259	0.897142	2.43312	12.7851	63.7934	
0.996431	-0.018801	-0.0822893	-0.0194666	0.897416	-0.440756	0.0821344	0.440785	0.893847	2.49762	13.1311	64.5017	
0.996322	-0.0193848	-0.0834622	-0.0200692	0.894181	-0.447256	0.0833002	0.447286	0.890503	2.56305	13.4823	65.2073	
0.996212	-0.0199774	-0.0846312	-0.0206804	0.890898	-0.453732	0.0844621	0.453763	0.887111	2.62939	13.8386	65.9103	
0.9961	-0.0205786	-0.0857961	-0.0212999	0.887569	-0.460182	0.0856199	0.460215	0.883669	2.69665	14.2001	66.6105	
0.995987	-0.0211887	-0.086957	-0.0219279	0.884193	-0.466607	0.0867736	0.466641	0.88018	2.76482	14.5666	67.3081	
0.995872	-0.0218074	-0.0881137	-0.0225643	0.88077	-0.473006	0.087923	0.473042	0.876642	2.83391	14.9382	68.0028	
0.995755	-0.0224347	-0.0892662	-0.023209	0.877301	-0.47938	0.0890681	0.479417	0.873056	2.9039	15.3149	68.6947	
0.995637	-0.0230707	-0.0904144	-0.023862	0.873785	-0.485727	0.0902088	0.485765	0.869422	2.9748	15.6966	69.3838	
0.995364	-0.0245433	-0.0929902	-0.0256496	0.864124	-0.502625	0.0926912	0.50268	0.859489	3.04713	16.0875	70.0675	
0.995085	-0.0260661	-0.0955359	-0.0274854	0.854134	-0.519325	0.0951373	0.519399	0.84922	3.12141	16.4916	70.7433	
0.994798	-0.0276383	-0.0980505	-0.0293686	0.84382	-0.535822	0.0975462	0.535914	0.838618	3.19761	16.909	71.4108	
0.994503	-0.0292595	-0.100533	-0.0312986	0.833185	-0.552108	0.099917	0.55222	0.827689	3.2757	17.3393	72.0697	
0.994202	-0.0309289	-0.102983	-0.0332745	0.822233	-0.568177	0.102249	0.56831	0.816437	3.35565	17.7824	72.7199	
0.993894	-0.0326459	-0.105398	-0.0352956	0.810969	-0.584024	0.104541	0.584178	0.804865	3.43743	18.2382	73.3611	
0.993579	-0.0344099	-0.107779	-0.0373612	0.799397	-0.599641	0.106791	0.599817	0.792978	3.521	18.7064	73.993	
0.993258	-0.0362201	-0.110123	-0.0394703	0.787521	-0.615022	0.109001	0.615222	0.780782	3.60634	19.187	74.6154	
