1	0	0	0	1	0	0	0	1	0	0	0	
1	7.04741e-07	-0.000383323	7.04741e-07	0.999993	0.00367699	0.000383323	-0.00367699	0.999993	0.000164461	-0.00157758	0.858079	
1	2.8208e-06	-0.000766782	2.82243e-06	0.999973	0.00735954	0.000766782	-0.00735954	0.999973	0.000657903	-0.00631271	1.71615	
0.999999	6.35124e-06	-0.00115036	6.35778e-06	0.999939	0.0110475	0.00115036	-0.0110475	0.999938	0.00148044	-0.0142101	2.57419	
0.999999	1.1299e-05	-0.00153405	1.13154e-05	0.999891	0.0147408	0.00153405	-0.0147408	0.99989	0.00263216	-0.0252743	3.4322	
0.999998	1.76668e-05	-0.00191783	1.76996e-05	0.99983	0.0184393	0.00191783	-0.0184393	0.999828	0.00411315	-0.03951	4.29016	
0.999997	2.54574e-05	-0.00230169	2.55149e-05	0.999755	0.0221429	0.00230169	-0.0221429	0.999752	0.0059235	-0.0569214	5.14806	
0.999996	3.46733e-05	-0.00268562	3.47653e-05	0.999666	0.0258514	0.00268562	-0.0258514	0.999662	0.00806326	-0.0775128	6.00589	
0.999995	4.53168e-05	-0.0030696	4.54551e-05	0.999563	0.0295647	0.0030696	-0.0295647	0.999558	0.0105325	-0.101289	6.86364	
0.999994	5.73902e-05	-0.00345362	5.7588e-05	0.999446	0.0332828	0.00345362	-0.0332828	0.99944	0.0133312	-0.128253	7.72129	
0.999993	7.08957e-05	-0.00383767	7.11681e-05	0.999315	0.0370055	0.00383766	-0.0370055	0.999308	0.0164595	-0.158409	8.57883	
0.999991	8.58352e-05	-0.00422173	8.61989e-05	0.99917	0.0407326	0.00422172	-0.0407326	0.999161	0.0199173	-0.191762	9.43626	
0.999989	0.000102211	-0.00460579	0.000102684	0.999011	0.0444641	0.00460578	-0.0444641	0.999	0.0237046	-0.228315	10.2936	
0.999988	0.000120024	-0.00498984	0.000120627	0.998838	0.0481999	0.00498982	-0.0481999	0.998825	0.0278215	-0.268072	11.1507	
0.999986	0.000139276	-0.00537386	0.000140031	0.99865	0.0519398	0.00537384	-0.0519398	0.998636	0.032268	-0.311036	12.0077	
0.999983	0.000159969	-0.00575784	0.000160899	0.998448	0.0556837	0.00575781	-0.0556837	0.998432	0.0370439	-0.357211	12.8645	
0.999981	0.000182104	-0.00614176	0.000183235	0.998232	0.0594314	0.00614173	-0.0594314	0.998213	0.0421493	-0.4066	13.7212	
0.999979	0.000205682	-0.00652562	0.000207041	0.998002	0.063183	0.00652558	-0.063183	0.997981	0.0475841	-0.459206	14.5776	
0.999976	0.000230705	-0.0069094	0.000232321	0.997757	0.0669381	0.00690935	-0.0669381	0.997733	0.0533482	-0.515034	15.4339	
0.999973	0.000257173	-0.00729309	0.000259076	0.997498	0.0706968	0.00729302	-0.0706968	0.997471	0.0594416	-0.574085	16.2899	
0.99997	0.000285087	-0.00767668	0.00028731	0.997224	0.0744589	0.00767659	-0.0744589	0.997195	0.0658642	-0.636362	17.1457	
0.999967	0.000314448	-0.00806014	0.000317025	0.996936	0.0782243	0.00806004	-0.0782243	0.996903	0.0726158	-0.70187	18.0012	
0.999964	0.000345256	-0.00844347	0.000348224	0.996633	0.0819929	0.00844335	-0.0819929	0.996597	0.0796965	-0.770609	18.8565	
0.999961	0.000377513	-0.00882666	0.000380908	0.996315	0.0857645	0.00882652	-0.0857645	0.996276	0.087106	-0.842584	19.7115	
0.999958	0.000411217	-0.00920969	0.000415079	0.995983	0.089539	0.00920952	-0.0895391	0.995941	0.0948442	-0.917797	20.5663	
0.999954	0.00044637	-0.00959256	0.000450741	0.995636	0.0933164	0.00959235	-0.0933164	0.99559	0.102911	-0.996249	21.4207	
0.99995	0.000482972	-0.00997523	0.000487894	0.995275	0.0970964	0.00997499	-0.0970965	0.995225	0.111306	-1.07794	22.2749	
0.999946	0.000521022	-0.0103577	0.000526541	0.994899	0.100879	0.0103574	-0.100879	0.994845	0.12003	-1.16288	23.1287	
0.999942	0.00056052	-0.01074	0.000566683	0.994507	0.104664	0.0107397	-0.104664	0.99445	0.129081	-1.25107	23.9822	
0.999938	0.000601467	-0.011122	0.000608321	0.994102	0.108452	0.0111217	-0.108452	0.99404	0.13846	-1.34251	24.8353	
0.999934	0.000643861	-0.0115039	0.000651458	0.993681	0.112241	0.0115034	-0.112241	0.993614	0.148168	-1.43719	25.6881	
0.999929	0.000687703	-0.0118854	0.000696094	0.993245	0.116033	0.011885	-0.116033	0.993174	0.158202	-1.53513	26.5405	
0.999924	0.000732991	-0.0122668	0.00074223	0.992795	0.119826	0.0122662	-0.119827	0.992719	0.168564	-1.63632	27.3926	
0.99992	0.000779725	-0.0126478	0.000789868	0.992329	0.123622	0.0126472	-0.123622	0.992249	0.179253	-1.74077	28.2442	
0.999915	0.000827904	-0.0130286	0.000839008	0.991849	0.127419	0.0130279	-0.127419	0.991763	0.190269	-1.84848	29.0954	
0.99991	0.000877528	-0.0134091	0.000889652	0.991353	0.131218	0.0134083	-0.131218	0.991263	0.201611	-1.95945	29.9462	
0.999904	0.000928594	-0.0137892	0.0009418	0.990843	0.135019	0.0137883	-0.135019	0.990747	0.213279	-2.07367	30.7966	
0.999899	0.000981101	-0.0141691	0.000995453	0.990317	0.13882	0.0141681	-0.13882	0.990216	0.225274	-2.19116	31.6465	
0.999894	0.00103505	-0.0145486	0.00105061	0.989776	0.142623	0.0145475	-0.142624	0.98967	0.237594	-2.31191	32.4959	
0.999888	0.00109044	-0.0149277	0.00110727	0.989221	0.146428	0.0149265	-0.146428	0.989109	0.250239	-2.43593	33.3449	
0.999882	0.00114726	-0.0153065	0.00116544	0.98865	0.150233	0.0153052	-0.150233	0.988532	0.26321	-2.56321	34.1934	
0.999876	0.00120552	-0.015685	0.00122512	0.988064	0.154039	0.0156835	-0.154039	0.98794	0.276505	-2.69375	35.0414	
0.99987	0.00126522	-0.0160631	0.0012863	0.987463	0.157846	0.0160614	-0.157846	0.987333	0.290125	-2.82756	35.8889	
0.999864	0.00132634	-0.0164407	0.00134899	0.986847	0.161653	0.0164389	-0.161654	0.986711	0.304069	-2.96464	36.7358	
0.999858	0.0013889	-0.016818	0.00141318	0.986215	0.165462	0.016816	-0.165462	0.986073	0.318337	-3.10499	37.5822	
0.999851	0.00145288	-0.0171949	0.00147888	0.985569	0.16927	0.0171926	-0.16927	0.98542	0.332928	-3.2486	38.4281	
0.999844	0.00151829	-0.0175713	0.00154608	0.984907	0.173079	0.0175689	-0.173079	0.984751	0.347842	-3.39548	39.2733	
0.999838	0.00158513	-0.0179473	0.00161479	0.98423	0.176888	0.0179446	-0.176888	0.984067	0.363079	-3.54563	40.1181	
0.999831	0.00165338	-0.0183228	0.001685	0.983537	0.180697	0.0183199	-0.180698	0.983368	0.378638	-3.69905	40.9622	
0.999824	0.00172306	-0.0186979	0.00175672	0.98283	0.184507	0.0186948	-0.184507	0.982653	0.394518	-3.85574	41.8057	
0.999816	0.00179415	-0.0190725	0.00182994	0.982107	0.188316	0.0190691	-0.188316	0.981923	0.410721	-4.0157	42.6485	
0.999809	0.00186665	-0.0194466	0.00190466	0.981369	0.192124	0.0194429	-0.192125	0.981178	0.427244	-4.17892	43.4908	
0.999802	0.00194056	-0.0198202	0.00198088	0.980615	0.195933	0.0198162	-0.195933	0.980417	0.444088	-4.34541	44.3324	
0.999794	0.00201588	-0.0201933	0.0020586	0.979847	0.199741	0.020189	-0.199741	0.979641	0.461252	-4.51517	45.1733	
0.999786	0.00209261	-0.0205659	0.00213782	0.979063	0.203548	0.0205613	-0.203548	0.978849	0.478735	-4.6882	46.0136	
0.999778	0.00217073	-0.020938	0.00221853	0.978263	0.207354	0.020933	-0.207355	0.978042	0.496538	-4.8645	46.8532	
0.99977	0.00225026	-0.0213095	0.00230074	0.977449	0.21116	0.0213042	-0.211161	0.977219	0.514659	-5.04406	47.6921	
0.999762	0.00233118	-0.0216805	0.00238444	0.976619	0.214965	0.0216747	-0.214965	0.976381	0.533099	-5.22688	48.5303	
0.999754	0.00241349	-0.0220509	0.00246964	0.975774	0.218768	0.0220447	-0.218769	0.975528	0.551857	-5.41297	49.3677	
0.999737	0.00258089	-0.0227853	0.00262724	0.974211	0.225623	0.02278	-0.225623	0.973948	0.571088	-5.60364	50.2041	
0.99972	0.00275335	-0.023518	0.00279006	0.9726	0.232468	0.0235137	-0.232468	0.97232	0.59095	-5.80018	51.0392	
0.999702	0.00293086	-0.0242491	0.00295808	0.97094	0.239303	0.0242458	-0.239304	0.970642	0.611441	-6.00259	51.8728	
0.999683	0.00311339	-0.0249784	0.00313129	0.969232	0.246129	0.0249762	-0.246129	0.968915	0.632559	-6.21086	52.7049	
0.999664	0.00330094	-0.025706	0.00330969	0.967475	0.252943	0.0257048	-0.252944	0.96714	0.654304	-6.42498	53.5356	
0.999645	0.00349349	-0.0264317	0.00349325	0.96567	0.259747	0.0264318	-0.259747	0.965315	0.676672	-6.64495	54.3647	
0.999624	0.00369102	-0.0271556	0.00368197	0.963817	0.26654	0.0271569	-0.266539	0.963441	0.699664	-6.87075	55.1922	
0.999604	0.00389351	-0.0278777	0.00387583	0.961915	0.27332	0.0278801	-0.27332	0.961519	0.723277	-7.10237	56.0181	
0.999583	0.00410096	-0.0285978	0.00407482	0.959966	0.280088	0.0286015	-0.280088	0.959548	0.74751	-7.3398	56.8423	
0.999561	0.00431334	-0.029316	0.00427893	0.957968	0.286844	0.029321	-0.286843	0.957529	0.772362	-7.58304	57.6648	
0.999539	0.00453064	-0.0300321	0.00448814	0.955922	0.293586	0.0300385	-0.293585	0.955461	0.797829	-7.83207	58.4856	
0.999516	0.00475283	-0.0307463	0.00470244	0.953829	0.300315	0.030754	-0.300314	0.953345	0.823912	-8.08688	59.3045	
0.999493	0.00497991	-0.0314584	0.00492181	0.951687	0.307029	0.0314675	-0.307028	0.95118	0.850608	-8.34745	60.1216	
0.999469	0.00521186	-0.0321683	0.00514623	0.949499	0.313729	0.0321789	-0.313728	0.948967	0.877915	-8.61378	60.9369	
0.999445	0.00544864	-0.0328762	0.0053757	0.947262	0.320415	0.0328882	-0.320413	0.946707	0.905831	-8.88586	61.7502	
0.99942	0.00569026	-0.0335818	0.00561018	0.944978	0.327084	0.0335953	-0.327083	0.944398	0.934355	-9.16366	62.5616	
0.999394	0.00593668	-0.0342853	0.00584967	0.942648	0.333739	0.0343002	-0.333737	0.942042	0.963485	-9.44718	63.3709	
0.999369	0.00618789	-0.0349865	0.00609415	0.940269	0.340376	0.035003	-0.340375	0.939638	0.993219	-9.7364	64.1783	
0.999342	0.00644387	-0.0356854	0.0063436	0.937844	0.346998	0.0357034	-0.346996	0.937187	1.02356	-10.0313	64.9835	
0.999315	0.00670459	-0.0363821	0.006598	0.935373	0.353602	0.0364015	-0.3536	0.934688	1.05449	-10.3319	65.7866	
0.999288	0.00697005	-0.0370763	0.00685733	0.932854	0.360189	0.0370973	-0.360187	0.932142	1.08603	-10.6381	66.5876	
0.99926	0.00724021	-0.0377682	0.00712157	0.930289	0.366758	0.0377908	-0.366756	0.929549	1.11816	-10.95	67.3863	
0.999232	0.00751507	-0.0384577	0.00739071	0.927678	0.373309	0.0384818	-0.373306	0.92691	1.15088	-11.2675	68.1828	
0.999203	0.00779458	-0.0391447	0.00766472	0.92502	0.379841	0.0391703	-0.379838	0.924223	1.1842	-11.5907	68.977	
0.999174	0.00807874	-0.0398292	0.00794357	0.922317	0.386354	0.0398564	-0.386351	0.92149	1.2181	-11.9194	69.7689	
0.99907	0.00908057	-0.042149	0.00881766	0.913878	0.405893	0.0422048	-0.405888	0.912948	1.25331	-12.2593	70.556	
0.99896	0.0101316	-0.0444466	0.00974156	0.905025	0.425247	0.0445337	-0.425238	0.903986	1.29053	-12.6159	71.3355	
0.998845	0.0112313	-0.046721	0.0107149	0.895762	0.444405	0.0468421	-0.444392	0.894607	1.32973	-12.989	72.1072	
0.998723	0.0123791	-0.0489712	0.0117371	0.886093	0.463358	0.049129	-0.463342	0.884817	1.37091	-13.3785	72.8707	
0.998596	0.0135747	-0.0511961	0.0128078	0.876023	0.482099	0.0513933	-0.482078	0.87462	1.41404	-13.7842	73.6256	
0.998464	0.0148173	-0.0533947	0.0139265	0.865556	0.500618	0.0536339	-0.500593	0.86402	1.4591	-14.2058	74.3716	
0.998325	0.0161065	-0.055566	0.0150927	0.854697	0.518908	0.0558499	-0.518877	0.853022	1.50608	-14.6432	75.1083	
0.998181	0.0174416	-0.057709	0.0163058	0.843451	0.536959	0.0580401	-0.536923	0.841632	1.55494	-15.0962	75.8354	
0.998032	0.018822	-0.0598226	0.0175653	0.831823	0.554763	0.0602036	-0.554721	0.829855	1.60567	-15.5646	76.5526	
0.997877	0.0202472	-0.0619061	0.0188706	0.819819	0.572312	0.0623395	-0.572265	0.817696	1.65825	-16.0481	77.2595	
0.997716	0.0217163	-0.0639582	0.0202211	0.807444	0.589598	0.0644466	-0.589545	0.805161	1.71265	-16.5466	77.9558	
0.997551	0.0232289	-0.0659783	0.0216161	0.794703	0.606613	0.0665241	-0.606553	0.792255	1.76884	-17.0598	78.6411	
0.99738	0.0247841	-0.0679652	0.0230551	0.781604	0.623349	0.068571	-0.623283	0.778984	1.82681	-17.5874	79.3153	
0.997204	0.0263812	-0.0699181	0.0245374	0.768151	0.639799	0.0705863	-0.639725	0.765355	1.88651	-18.1293	79.9779	
0.997023	0.0280196	-0.0718361	0.0260622	0.75435	0.655954	0.0725691	-0.655874	0.751374	1.94794	-18.6852	80.6287	
0.996837	0.0296984	-0.0737183	0.0276289	0.740209	0.671809	0.0745186	-0.67172	0.737047	2.01105	-19.2548	81.2673	
