1	0	0	0	1	0	0	0	1	0	0	0	
0.999999	9.83026e-07	0.00139959	9.83026e-07	0.999999	-0.00140474	-0.00139959	0.00140474	0.999998	-0.000714284	0.000716913	1.02071	
0.999996	3.94196e-06	0.00280296	3.94034e-06	0.999996	-0.00281212	-0.00280296	0.00281212	0.999992	-0.00285907	0.002869	2.04141	
0.999991	8.89093e-06	0.00421006	8.88445e-06	0.999991	-0.00422208	-0.00421006	0.00422208	0.999982	-0.00643819	0.00645894	3.0621	
0.999984	1.58437e-05	0.00562081	1.58275e-05	0.999984	-0.00563455	-0.00562081	0.00563455	0.999968	-0.0114554	0.0114893	4.08279	
0.999975	2.48138e-05	0.00703515	2.47813e-05	0.999975	-0.00704944	-0.00703515	0.00704944	0.99995	-0.0179144	0.0179626	5.10345	
0.999964	3.58143e-05	0.008453	3.57572e-05	0.999964	-0.00846669	-0.008453	0.00846669	0.999928	-0.0258189	0.0258813	6.1241	
0.999951	4.88579e-05	0.0098743	4.87664e-05	0.999951	-0.00988622	-0.0098743	0.00988622	0.999902	-0.0351723	0.0352478	7.14472	
0.999936	6.39571e-05	0.011299	6.38195e-05	0.999936	-0.011308	-0.011299	0.011308	0.999872	-0.0459781	0.0460643	8.16531	
0.999919	8.11239e-05	0.012727	8.09269e-05	0.999919	-0.0127318	-0.012727	0.0127318	0.999838	-0.0582399	0.0583331	9.18587	
0.9999	0.00010037	0.0141582	0.000100099	0.9999	-0.0141578	-0.0141582	0.0141578	0.9998	-0.0719608	0.0720563	10.2064	
0.999878	0.000121707	0.0155926	0.000121344	0.999879	-0.0155857	-0.0155926	0.0155857	0.999757	-0.0871443	0.087236	11.2269	
0.999855	0.000145145	0.0170301	0.000144673	0.999855	-0.0170155	-0.0170301	0.0170155	0.99971	-0.103793	0.103874	12.2473	
0.999829	0.000170696	0.0184707	0.000170094	0.99983	-0.0184472	-0.0184707	0.0184472	0.999659	-0.121911	0.121973	13.2677	
0.999802	0.000198369	0.0199141	0.000197615	0.999802	-0.0198806	-0.0199142	0.0198806	0.999604	-0.141501	0.141533	14.288	
0.999772	0.000228175	0.0213605	0.000227245	0.999773	-0.0213158	-0.0213605	0.0213157	0.999545	-0.162566	0.162558	15.3083	
0.99974	0.000260122	0.0228097	0.000258991	0.999741	-0.0227525	-0.0228098	0.0227525	0.999481	-0.185108	0.185048	16.3285	
0.999706	0.000294221	0.0242617	0.000292861	0.999707	-0.0241908	-0.0242617	0.0241908	0.999413	-0.209131	0.209006	17.3487	
0.999669	0.000330479	0.0257163	0.000328862	0.999671	-0.0256306	-0.0257164	0.0256305	0.999341	-0.234638	0.234433	18.3687	
0.999631	0.000368906	0.0271736	0.000367	0.999633	-0.0270717	-0.0271736	0.0270717	0.999264	-0.261631	0.261329	19.3887	
0.99959	0.000409509	0.0286334	0.000407282	0.999593	-0.0285142	-0.0286334	0.0285142	0.999183	-0.290112	0.289698	20.4086	
0.999547	0.000452296	0.0300956	0.000449713	0.999551	-0.029958	-0.0300956	0.0299579	0.999098	-0.320084	0.319539	21.4285	
0.999502	0.000497274	0.0315602	0.000494299	0.999507	-0.0314029	-0.0315603	0.0314028	0.999008	-0.351551	0.350855	22.4482	
0.999454	0.000544451	0.0330272	0.000541045	0.99946	-0.0328489	-0.0330272	0.0328488	0.998914	-0.384513	0.383646	23.4679	
0.999405	0.000593831	0.0344964	0.000589956	0.999412	-0.0342959	-0.0344965	0.0342959	0.998816	-0.418974	0.417914	24.4874	
0.999353	0.000645423	0.0359678	0.000641035	0.999361	-0.0357439	-0.0359679	0.0357439	0.998714	-0.454936	0.453659	25.5068	
0.999299	0.00069923	0.0374413	0.000694287	0.999308	-0.0371928	-0.0374414	0.0371927	0.998606	-0.492401	0.490882	26.5262	
0.999242	0.00075526	0.0389168	0.000749716	0.999253	-0.0386425	-0.0389169	0.0386424	0.998495	-0.53137	0.529585	27.5454	
0.999183	0.000813516	0.0403943	0.000807324	0.999196	-0.040093	-0.0403944	0.0400928	0.998379	-0.571847	0.569768	28.5645	
0.999123	0.000874003	0.0418736	0.000867114	0.999136	-0.0415441	-0.0418738	0.0415439	0.998259	-0.613833	0.611431	29.5835	
0.999059	0.000936726	0.0433548	0.000929088	0.999075	-0.0429957	-0.043355	0.0429956	0.998134	-0.65733	0.654576	30.6024	
0.998994	0.00100169	0.0448378	0.000993249	0.999011	-0.0444479	-0.044838	0.0444477	0.998005	-0.702339	0.699203	31.6211	
0.998926	0.00106889	0.0463224	0.0010596	0.998945	-0.0459006	-0.0463226	0.0459004	0.997871	-0.748864	0.745313	32.6397	
0.998856	0.00113834	0.0478086	0.00112814	0.998878	-0.0473536	-0.0478088	0.0473534	0.997733	-0.796904	0.792905	33.6582	
0.998783	0.00121004	0.0492963	0.00119886	0.998808	-0.0488069	-0.0492966	0.0488066	0.997591	-0.846462	0.841981	34.6765	
0.998709	0.00128399	0.0507855	0.00127178	0.998735	-0.0502604	-0.0507858	0.0502601	0.997444	-0.897539	0.89254	35.6947	
0.998632	0.00136018	0.052276	0.00134689	0.998661	-0.0517141	-0.0522764	0.0517138	0.997293	-0.950137	0.944583	36.7127	
0.998552	0.00143864	0.0537679	0.00142418	0.998585	-0.0531679	-0.0537683	0.0531675	0.997137	-1.00426	0.998109	37.7306	
0.998471	0.00151934	0.055261	0.00150367	0.998506	-0.0546217	-0.0552614	0.0546212	0.996977	-1.0599	1.05312	38.7483	
0.998387	0.0016023	0.0567552	0.00158534	0.998425	-0.0560754	-0.0567557	0.0560749	0.996812	-1.11707	1.10961	39.7658	
0.998301	0.00168752	0.0582505	0.0016692	0.998342	-0.0575289	-0.0582511	0.0575284	0.996643	-1.17576	1.16759	40.7832	
0.998212	0.00177499	0.0597469	0.00175525	0.998257	-0.0589823	-0.0597474	0.0589817	0.996469	-1.23598	1.22705	41.8004	
0.998121	0.00186472	0.0612441	0.00184347	0.99817	-0.0604353	-0.0612448	0.0604347	0.996291	-1.29773	1.288	42.8174	
0.998028	0.00195669	0.0627423	0.00193387	0.998081	-0.0618881	-0.062743	0.0618873	0.996109	-1.36101	1.35043	43.8342	
0.997932	0.00205092	0.0642412	0.00202645	0.99799	-0.0633403	-0.064242	0.0633395	0.995922	-1.42582	1.41434	44.8509	
0.997834	0.0021474	0.0657408	0.0021212	0.997897	-0.0647921	-0.0657417	0.0647913	0.995731	-1.49216	1.47973	45.8673	
0.997734	0.00224612	0.0672411	0.00221812	0.997801	-0.0662433	-0.067242	0.0662424	0.995535	-1.56002	1.5466	46.8836	
0.997632	0.00234709	0.068742	0.0023172	0.997703	-0.0676939	-0.068743	0.0676929	0.995335	-1.62943	1.61496	47.8996	
0.997527	0.0024503	0.0702433	0.00241844	0.997604	-0.0691438	-0.0702444	0.0691426	0.995131	-1.70036	1.68479	48.9154	
0.99742	0.00255575	0.0717451	0.00252183	0.997502	-0.0705928	-0.0717463	0.0705916	0.994922	-1.77282	1.7561	49.9311	
0.99731	0.00266343	0.0732472	0.00262737	0.997398	-0.072041	-0.0732485	0.0720397	0.994708	-1.84682	1.8289	50.9465	
0.997198	0.00277334	0.0747495	0.00273505	0.997292	-0.0734883	-0.0747509	0.0734869	0.994491	-1.92235	1.90317	51.9617	
0.997084	0.00288548	0.0762521	0.00284486	0.997184	-0.0749346	-0.0762536	0.0749331	0.994269	-1.99942	1.97891	52.9767	
0.996968	0.00299983	0.0777548	0.00295681	0.997074	-0.0763798	-0.0777564	0.0763782	0.994042	-2.07802	2.05613	53.9914	
0.996849	0.0031164	0.0792575	0.00307087	0.996962	-0.0778239	-0.0792593	0.0778221	0.993812	-2.15815	2.13483	55.0059	
0.996728	0.00323518	0.0807603	0.00318705	0.996848	-0.0792668	-0.0807622	0.0792648	0.993577	-2.23982	2.215	56.0202	
0.996605	0.00335616	0.0822629	0.00330533	0.996732	-0.0807084	-0.0822649	0.0807063	0.993337	-2.32302	2.29664	57.0342	
0.996479	0.00347933	0.0837653	0.00342571	0.996614	-0.0821486	-0.0837675	0.0821463	0.993094	-2.40776	2.37976	58.048	
0.996352	0.00360469	0.0852675	0.00354818	0.996494	-0.0835874	-0.0852699	0.083585	0.992846	-2.49403	2.46434	59.0615	
0.996221	0.00373224	0.0867694	0.00367272	0.996372	-0.0850247	-0.0867719	0.0850221	0.992594	-2.58183	2.55039	60.0748	
0.996089	0.00386195	0.0882708	0.00379934	0.996248	-0.0864605	-0.0882735	0.0864577	0.992337	-2.67116	2.6379	61.0878	
0.995954	0.00399382	0.0897718	0.00392801	0.996122	-0.0878946	-0.0897747	0.0878916	0.992076	-2.76203	2.72688	62.1006	
0.995817	0.00412786	0.0912723	0.00405874	0.995994	-0.089327	-0.0912754	0.0893239	0.991812	-2.85443	2.81732	63.113	
0.995678	0.00426403	0.0927721	0.0041915	0.995864	-0.0907577	-0.0927754	0.0907543	0.991542	-2.94836	2.90923	64.1253	
0.995537	0.00440234	0.0942712	0.00432629	0.995732	-0.0921865	-0.0942747	0.0921829	0.991269	-3.04382	3.00259	65.1372	
0.995667	0.00427523	0.0928972	0.0042379	0.995819	-0.0912502	-0.092899	0.0912485	0.991485	-3.13935	3.09621	66.1491	
0.995794	0.0041494	0.0915228	0.00415069	0.995905	-0.0903124	-0.0915227	0.0903125	0.991699	-3.23347	3.18887	67.1612	
0.99592	0.00402485	0.0901478	0.00406467	0.99599	-0.0893732	-0.090146	0.089375	0.99191	-3.32618	3.28057	68.1736	
0.996044	0.00390159	0.0887725	0.00397985	0.996074	-0.0884325	-0.088769	0.088436	0.992119	-3.41749	3.37132	69.1861	
0.996166	0.00377963	0.0873968	0.00389622	0.996158	-0.0874905	-0.0873917	0.0874956	0.992324	-3.5074	3.4611	70.1989	
0.996287	0.00365898	0.0860209	0.0038138	0.99624	-0.0865471	-0.0860142	0.0865538	0.992527	-3.5959	3.54993	71.2119	
0.997789	0.00211195	0.0664338	0.00257813	0.997513	-0.0704329	-0.0664174	0.0704485	0.995302	-3.67369	3.63006	72.2264	
0.998904	0.00088277	0.0467984	0.00166053	0.998524	-0.0542791	-0.0467773	0.0542973	0.997429	-3.73147	3.69373	73.2435	
0.999632	-2.77742e-05	0.0271275	0.00106159	0.999274	-0.038096	-0.0271067	0.0381107	0.998906	-3.76918	3.74089	74.2624	
0.999972	-0.000619085	0.00743388	0.000781717	0.99976	-0.0218942	-0.00741854	0.0218994	0.999733	-3.7868	3.77152	75.2824	
0.999924	-0.000890778	-0.0122696	0.000821081	0.999984	-0.00568429	0.0122745	0.00567379	0.999909	-3.78432	3.78559	76.303	
0.999488	-0.000842676	-0.0319702	0.00117966	0.999944	0.0105232	0.0319595	-0.0105555	0.999433	-3.76174	3.7831	77.3234	
0.998665	-0.00047481	-0.0516549	0.00185722	0.999641	0.0267177	0.0516237	-0.0267779	0.998308	-3.71908	3.76405	78.343	
0.997454	0.00021258	-0.0713111	0.00285332	0.999076	0.0428887	0.0712543	-0.0429829	0.996532	-3.65637	3.72844	79.3612	
0.995857	0.00121905	-0.0909259	0.00416731	0.998248	0.0590256	0.0908386	-0.05916	0.994107	-3.57364	3.67631	80.3772	
0.993874	0.00254394	-0.110487	0.00579834	0.997158	0.0751179	0.110364	-0.0752984	0.991035	-3.47095	3.60769	81.3903	
0.991508	0.00418638	-0.12998	0.00774534	0.995807	0.0911553	0.129817	-0.0913879	0.987317	-3.34837	3.52261	82.4001	
0.988759	0.00614532	-0.149394	0.010007	0.994195	0.107127	0.149186	-0.107418	0.982957	-3.20597	3.42115	83.4056	
0.985629	0.00841947	-0.168716	0.012582	0.992324	0.123023	0.168457	-0.123378	0.977957	-3.04385	3.30335	84.4065	
0.98212	0.0110074	-0.187933	0.0154685	0.990195	0.138833	0.187619	-0.139258	0.97232	-2.86212	3.16931	85.4018	
0.978235	0.0139073	-0.207033	0.0186647	0.987809	0.154546	0.206659	-0.155047	0.96605	-2.66088	3.0191	86.3912	
0.973976	0.0171174	-0.226003	0.0221684	0.985168	0.170153	0.225564	-0.170735	0.959151	-2.44029	2.85283	87.3737	
0.969346	0.0206355	-0.244831	0.0259775	0.982274	0.185642	0.244322	-0.186312	0.951627	-2.20046	2.6706	88.349	
0.964348	0.0244595	-0.263505	0.0300894	0.979128	0.201005	0.262921	-0.201767	0.943484	-1.94158	2.47253	89.3162	
0.958985	0.0285867	-0.282012	0.0345015	0.975733	0.21623	0.281349	-0.217091	0.934727	-1.66379	2.25875	90.2748	
0.953261	0.0330145	-0.30034	0.0392109	0.97209	0.231309	0.299594	-0.232274	0.925361	-1.36729	2.02941	91.2241	
0.947179	0.0377401	-0.318478	0.0442144	0.968202	0.246231	0.317644	-0.247306	0.915392	-1.05226	1.78464	92.1636	
0.940743	0.0427603	-0.336413	0.049509	0.964072	0.260986	0.335487	-0.262176	0.904827	-0.718917	1.52461	93.0926	
0.933958	0.0480718	-0.354135	0.055091	0.959702	0.275565	0.353111	-0.276876	0.893673	-0.367469	1.24948	94.0106	
0.926828	0.0536713	-0.371631	0.060957	0.955096	0.289959	0.370506	-0.291396	0.881938	0.00185102	0.959449	94.9168	
0.919357	0.0595551	-0.38889	0.067103	0.950255	0.304158	0.387659	-0.305726	0.869628	0.388804	0.654689	95.8108	
0.911551	0.0657192	-0.405901	0.073525	0.945184	0.318153	0.40456	-0.319857	0.856751	0.793138	0.335404	96.6919	
0.903414	0.0721599	-0.422653	0.0802189	0.939885	0.331934	0.421197	-0.333779	0.843317	1.21459	0.0018007	97.5596	
0.894953	0.0788727	-0.439134	0.0871804	0.934363	0.345494	0.437561	-0.347484	0.829334	1.65288	-0.345903	98.4133	
0.886171	0.0858534	-0.455335	0.0944048	0.92862	0.358822	0.453639	-0.360963	0.814811	2.10773	-0.707482	99.2524	
