1	0	0	0	1	0	0	0	1	0	0	0	
0.999999	-1.0649e-06	-0.00109419	-1.0649e-06	0.999998	-0.00194647	0.00109419	0.00194647	0.999998	0.000492661	0.000876402	0.900504	
0.999998	-4.27494e-06	-0.00219223	-4.27553e-06	0.999992	-0.00390033	0.00219223	0.00390033	0.99999	0.00197238	0.00350894	1.801	
0.999995	-9.65307e-06	-0.00329408	-9.65547e-06	0.999983	-0.00586152	0.00329408	0.00586152	0.999977	0.0044426	0.00790424	2.70149	
0.99999	-1.7222e-05	-0.00439969	-1.7228e-05	0.999969	-0.00782996	0.00439969	0.00782996	0.99996	0.00790675	0.0140689	3.60197	
0.999985	-2.70043e-05	-0.00550902	-2.70164e-05	0.999952	-0.00980556	0.00550902	0.00980556	0.999937	0.0123682	0.0220093	4.50243	
0.999978	-3.90221e-05	-0.00662201	-3.90433e-05	0.999931	-0.0117882	0.00662201	0.0117882	0.999909	0.0178302	0.031732	5.40287	
0.99997	-5.32974e-05	-0.00773862	-5.33314e-05	0.999905	-0.0137779	0.00773862	0.0137779	0.999875	0.0242961	0.0432432	6.30327	
0.999961	-6.9852e-05	-0.00885881	-6.99032e-05	0.999876	-0.0157745	0.00885881	0.0157745	0.999836	0.0317691	0.0565493	7.20365	
0.99995	-8.87072e-05	-0.00998252	-8.87806e-05	0.999842	-0.017778	0.00998252	0.017778	0.999792	0.0402525	0.0716564	8.10399	
0.999938	-0.000109884	-0.0111097	-0.000109986	0.999804	-0.0197882	0.0111097	0.0197882	0.999742	0.0497493	0.0885707	9.00428	
0.999925	-0.000133404	-0.0122403	-0.00013354	0.999762	-0.0218051	0.0122403	0.0218051	0.999687	0.0602628	0.107298	9.90453	
0.999911	-0.000159288	-0.0133744	-0.000159465	0.999716	-0.0238287	0.0133744	0.0238287	0.999627	0.0717959	0.127845	10.8047	
0.999895	-0.000187555	-0.0145117	-0.000187781	0.999666	-0.0258587	0.0145117	0.0258587	0.99956	0.0843516	0.150217	11.7049	
0.999877	-0.000218227	-0.0156523	-0.00021851	0.999611	-0.0278952	0.0156523	0.0278952	0.999488	0.0979331	0.17442	12.6049	
0.999859	-0.000251322	-0.0167962	-0.000251671	0.999552	-0.029938	0.0167962	0.029938	0.999411	0.112543	0.200459	13.505	
0.999839	-0.000286861	-0.0179433	-0.000287286	0.999488	-0.0319871	0.0179433	0.0319871	0.999327	0.128185	0.228341	14.4049	
0.999818	-0.000324862	-0.0190935	-0.000325375	0.99942	-0.0340424	0.0190935	0.0340424	0.999238	0.144861	0.258071	15.3048	
0.999795	-0.000365345	-0.0202468	-0.000365956	0.999348	-0.0361038	0.0202468	0.0361038	0.999143	0.162574	0.289655	16.2045	
0.999771	-0.000408329	-0.0214032	-0.00040905	0.999271	-0.0381713	0.0214032	0.0381713	0.999042	0.181327	0.323097	17.1042	
0.999745	-0.000453832	-0.0225626	-0.000454675	0.99919	-0.0402447	0.0225625	0.0402447	0.998935	0.201122	0.358404	18.0038	
0.999718	-0.000501871	-0.0237249	-0.000502851	0.999104	-0.042324	0.0237249	0.042324	0.998822	0.221963	0.395581	18.9033	
0.99969	-0.000552466	-0.0248901	-0.000553596	0.999013	-0.044409	0.0248901	0.044409	0.998703	0.243852	0.434633	19.8027	
0.99966	-0.000605633	-0.0260582	-0.000606929	0.998918	-0.0464997	0.0260582	0.0464998	0.998578	0.266792	0.475565	20.702	
0.999629	-0.00066139	-0.0272291	-0.000662866	0.998818	-0.0485961	0.0272291	0.0485961	0.998447	0.290785	0.518382	21.6011	
0.999596	-0.000719753	-0.0284028	-0.000721427	0.998714	-0.050698	0.0284027	0.050698	0.99831	0.315833	0.563089	22.5002	
0.999562	-0.00078074	-0.0295791	-0.000782629	0.998605	-0.0528053	0.0295791	0.0528054	0.998167	0.34194	0.609692	23.3991	
0.999526	-0.000844366	-0.0307582	-0.000846488	0.998491	-0.054918	0.0307581	0.0549181	0.998017	0.369107	0.658195	24.2979	
0.999489	-0.000910648	-0.0319398	-0.000913022	0.998372	-0.057036	0.0319398	0.0570361	0.997861	0.397336	0.708603	25.1965	
0.999451	-0.000979602	-0.0331241	-0.000982247	0.998248	-0.0591592	0.033124	0.0591593	0.997699	0.426632	0.76092	26.0951	
0.999411	-0.00105124	-0.0343108	-0.00105418	0.99812	-0.0612875	0.0343107	0.0612876	0.99753	0.456994	0.815151	26.9934	
0.999369	-0.00112558	-0.0355	-0.00112883	0.997986	-0.0634208	0.0354999	0.0634209	0.997355	0.488427	0.871302	27.8916	
0.999326	-0.00120264	-0.0366916	-0.00120623	0.997848	-0.0655591	0.0366915	0.0655592	0.997174	0.520931	0.929375	28.7897	
0.999281	-0.00128243	-0.0378856	-0.00128638	0.997705	-0.0677022	0.0378855	0.0677023	0.996986	0.55451	0.989377	29.6875	
0.999235	-0.00136497	-0.039082	-0.00136929	0.997557	-0.0698501	0.0390818	0.0698502	0.996792	0.589164	1.05131	30.5852	
0.999187	-0.00145027	-0.0402806	-0.00145499	0.997403	-0.0720027	0.0402804	0.0720028	0.996591	0.624897	1.11518	31.4828	
0.999138	-0.00153833	-0.0414814	-0.00154349	0.997245	-0.0741599	0.0414812	0.07416	0.996383	0.661711	1.18099	32.3801	
0.999087	-0.00162919	-0.0426844	-0.0016348	0.997082	-0.0763216	0.0426842	0.0763218	0.996169	0.699607	1.24874	33.2773	
0.999035	-0.00172284	-0.0438896	-0.00172894	0.996914	-0.0784878	0.0438893	0.0784879	0.995948	0.738586	1.31845	34.1742	
0.998981	-0.0018193	-0.0450968	-0.00182592	0.99674	-0.0806583	0.0450965	0.0806584	0.995721	0.778653	1.3901	35.071	
0.998925	-0.00191859	-0.046306	-0.00192574	0.996562	-0.082833	0.0463057	0.0828332	0.995487	0.819807	1.46372	35.9675	
0.998868	-0.00202071	-0.0475173	-0.00202844	0.996378	-0.085012	0.0475169	0.0850121	0.995246	0.862051	1.53929	36.8638	
0.99881	-0.00212568	-0.0487304	-0.00213401	0.996189	-0.087195	0.0487301	0.0871952	0.994999	0.905386	1.61683	37.76	
0.998749	-0.00223351	-0.0499455	-0.00224246	0.995995	-0.089382	0.0499451	0.0893822	0.994744	0.949815	1.69633	38.6558	
0.998688	-0.00234421	-0.0511624	-0.00235382	0.995796	-0.091573	0.0511619	0.0915732	0.994483	0.995339	1.77781	39.5515	
0.998624	-0.00245779	-0.052381	-0.0024681	0.995591	-0.0937677	0.0523805	0.093768	0.994215	1.04196	1.86126	40.4469	
0.998559	-0.00257425	-0.0536014	-0.00258529	0.995381	-0.0959663	0.0536009	0.0959666	0.99394	1.08968	1.94669	41.3421	
0.998492	-0.00269362	-0.0548235	-0.00270542	0.995166	-0.0981685	0.054823	0.0981688	0.993659	1.1385	2.0341	42.237	
0.998424	-0.0028159	-0.0560473	-0.0028285	0.994946	-0.100374	0.0560466	0.100375	0.99337	1.18841	2.12349	43.1317	
0.998354	-0.00294109	-0.0572726	-0.00295452	0.99472	-0.102583	0.0572719	0.102584	0.993074	1.23944	2.21487	44.0261	
0.998283	-0.00306921	-0.0584995	-0.00308352	0.994489	-0.104796	0.0584987	0.104797	0.992772	1.29156	2.30825	44.9202	
0.99821	-0.00320027	-0.0597278	-0.00321548	0.994253	-0.107012	0.059727	0.107013	0.992462	1.34479	2.40361	45.8141	
0.998135	-0.00333427	-0.0609577	-0.00335043	0.994011	-0.109231	0.0609568	0.109232	0.992145	1.39913	2.50098	46.7076	
0.998058	-0.00347122	-0.0621889	-0.00348837	0.993764	-0.111454	0.0621879	0.111454	0.991822	1.45458	2.60034	47.6009	
0.99798	-0.00361113	-0.0634214	-0.00362931	0.993511	-0.113679	0.0634204	0.11368	0.991491	1.51113	2.70171	48.4939	
0.997901	-0.00375401	-0.0646553	-0.00377326	0.993253	-0.115907	0.0646541	0.115908	0.991153	1.5688	2.80508	49.3866	
0.997819	-0.00389986	-0.0658904	-0.00392022	0.992989	-0.118139	0.0658892	0.118139	0.990809	1.62758	2.91046	50.279	
0.997736	-0.00404869	-0.0671267	-0.00407021	0.99272	-0.120373	0.0671254	0.120373	0.990457	1.68747	3.01785	51.1711	
0.997652	-0.00420051	-0.0683641	-0.00422323	0.992446	-0.122609	0.0683627	0.12261	0.990098	1.74847	3.12726	52.0628	
0.997565	-0.00435532	-0.0696027	-0.00437928	0.992166	-0.124849	0.0696012	0.12485	0.989731	1.81059	3.23868	52.9542	
0.997477	-0.00451312	-0.0708423	-0.00453837	0.991881	-0.127091	0.0708407	0.127092	0.989358	1.87382	3.35212	53.8453	
0.997346	-0.0047503	-0.0726489	-0.00493506	0.991163	-0.132559	0.0726366	0.132566	0.988509	1.93843	3.46903	54.7359	
0.997212	-0.00499785	-0.0744567	-0.00534189	0.990414	-0.138026	0.0744328	0.138039	0.987626	2.00464	3.59087	55.6256	
0.997074	-0.00525578	-0.0762654	-0.00575886	0.989635	-0.14349	0.0762291	0.143509	0.986709	2.07248	3.71764	56.5146	
0.996932	-0.00552409	-0.0780748	-0.00618598	0.988825	-0.148951	0.0780252	0.148977	0.985757	2.14193	3.84933	57.4027	
0.996787	-0.00580277	-0.0798847	-0.00662323	0.987985	-0.15441	0.0798209	0.154443	0.984772	2.213	3.98595	58.2899	
0.996639	-0.00609183	-0.0816948	-0.00707061	0.987114	-0.159865	0.0816159	0.159906	0.983753	2.28569	4.12748	59.1763	
0.996487	-0.00639125	-0.083505	-0.00752812	0.986212	-0.165317	0.0834102	0.165365	0.982699	2.36	4.27394	60.0617	
0.996331	-0.00670102	-0.085315	-0.00799574	0.985279	-0.170765	0.0852034	0.17082	0.981611	2.43591	4.4253	60.9461	
0.996173	-0.00702114	-0.0871246	-0.00847347	0.984316	-0.176208	0.0869953	0.176272	0.98049	2.51345	4.58158	61.8296	
0.99601	-0.00735157	-0.0889336	-0.00896129	0.983323	-0.181647	0.0887858	0.181719	0.979334	2.59259	4.74277	62.712	
0.995845	-0.00769232	-0.0907417	-0.00945918	0.982299	-0.187081	0.0905746	0.187162	0.978145	2.67335	4.90886	63.5933	
0.995676	-0.00804334	-0.0925489	-0.00996713	0.981245	-0.192509	0.0923615	0.192599	0.976921	2.75572	5.07985	64.4736	
0.995503	-0.00840462	-0.0943547	-0.0104851	0.98016	-0.197932	0.0941462	0.198031	0.975664	2.8397	5.25573	65.3528	
0.995327	-0.00877612	-0.0961591	-0.0110131	0.979044	-0.203349	0.0959286	0.203458	0.974373	2.92528	5.43651	66.2308	
0.995148	-0.00915781	-0.0979618	-0.0115511	0.977899	-0.20876	0.0977085	0.208879	0.973048	3.01246	5.62216	67.1076	
0.994965	-0.00954966	-0.0997626	-0.0120991	0.976723	-0.214164	0.0994856	0.214293	0.97169	3.10125	5.8127	67.9832	
0.99478	-0.00995163	-0.101561	-0.012657	0.975517	-0.219561	0.10126	0.219701	0.970298	3.19164	6.0081	68.8576	
0.99459	-0.0103637	-0.103358	-0.0132249	0.97428	-0.224951	0.103031	0.225101	0.968873	3.28362	6.20838	69.7308	
0.994398	-0.0107858	-0.105152	-0.0138026	0.973014	-0.230334	0.104798	0.230495	0.967414	3.3772	6.41351	70.6026	
0.993974	-0.0117454	-0.108988	-0.016165	0.967668	-0.251707	0.108421	0.251952	0.961647	3.4732	6.63074	71.4712	
0.993535	-0.0127901	-0.112801	-0.0186071	0.961849	-0.272947	0.111989	0.273282	0.955393	3.57245	6.86724	72.3344	
0.993083	-0.0139193	-0.116589	-0.0211276	0.955558	-0.294044	0.1155	0.294473	0.948655	3.67488	7.12289	73.1917	
0.992616	-0.0151326	-0.120348	-0.0237252	0.9488	-0.314985	0.118953	0.315515	0.941435	3.78045	7.39755	74.0428	
0.992136	-0.0164293	-0.124078	-0.0263987	0.941577	-0.335762	0.122345	0.336397	0.933739	3.8891	7.69108	74.8871	
0.991643	-0.0178087	-0.127776	-0.0291467	0.933893	-0.356362	0.125676	0.357108	0.92557	4.00077	8.00335	75.7243	
0.991137	-0.0192701	-0.131441	-0.0319678	0.925752	-0.376776	0.128942	0.377639	0.916931	4.11542	8.33418	76.5539	
0.990617	-0.0208128	-0.13507	-0.0348605	0.917159	-0.396994	0.132144	0.397978	0.907828	4.23298	8.68342	77.3755	
0.990085	-0.0224361	-0.138663	-0.0378235	0.908117	-0.417005	0.135278	0.418115	0.898265	4.35339	9.05089	78.1888	
0.989541	-0.024139	-0.142216	-0.0408551	0.898631	-0.436799	0.138344	0.438041	0.888246	4.47659	9.43639	78.9932	
0.988985	-0.0259207	-0.145729	-0.0439539	0.888706	-0.456366	0.141339	0.457744	0.877777	4.60253	9.83973	79.7884	
0.988417	-0.0277804	-0.149199	-0.0471183	0.878347	-0.475696	0.144263	0.477216	0.866864	4.73113	10.2607	80.5739	
0.987837	-0.029717	-0.152625	-0.0503467	0.867559	-0.494779	0.147114	0.496446	0.855511	4.86233	10.6991	81.3495	
0.987247	-0.0317296	-0.156005	-0.0536374	0.856348	-0.513606	0.149891	0.515424	0.843725	4.99606	11.1547	82.1146	
0.986645	-0.0338172	-0.159337	-0.0569888	0.844719	-0.532167	0.152591	0.534141	0.831511	5.13226	11.6273	82.8689	
0.986033	-0.0359788	-0.162619	-0.0603992	0.832678	-0.550453	0.155214	0.552587	0.818875	5.27085	12.1167	83.612	
0.98541	-0.0382131	-0.165851	-0.0638668	0.820232	-0.568454	0.157759	0.570753	0.805825	5.41178	12.6225	84.3436	
0.984778	-0.0405191	-0.16903	-0.0673899	0.807387	-0.586162	0.160223	0.58863	0.792366	5.55495	13.1445	85.0632	
0.984136	-0.0428957	-0.172154	-0.0709668	0.794148	-0.603566	0.162606	0.606208	0.778505	5.70032	13.6825	85.7705	
0.983484	-0.0453416	-0.175223	-0.0745955	0.780524	-0.62066	0.164907	0.62348	0.76425	5.84779	14.2362	86.4652	
