1	0	0	0	1	0	0	0	1	0	0	0	
1	-1.49338e-08	6.8591e-05	-1.49338e-08	1	0.000435444	-6.8591e-05	-0.000435444	1	-2.85796e-05	-0.000181435	0.833333	
1	-5.962e-08	0.000137055	-5.96112e-08	1	0.000869952	-0.000137055	-0.000869952	1	-0.000114265	-0.00072535	1.66667	
1	-1.33881e-07	0.000205389	-1.33846e-07	0.999999	0.00130351	-0.000205389	-0.00130351	0.999999	-0.00025695	-0.00163096	2.5	
1	-2.37535e-07	0.000273591	-2.37447e-07	0.999998	0.0017361	-0.000273591	-0.0017361	0.999998	-0.000456526	-0.00289746	3.33333	
1	-3.70398e-07	0.000341659	-3.70222e-07	0.999998	0.00216771	-0.000341659	-0.00216771	0.999998	-0.00071288	-0.00452405	4.16666	
1	-5.32279e-07	0.000409591	-5.31973e-07	0.999997	0.00259833	-0.000409591	-0.00259833	0.999997	-0.0010259	-0.0065099	4.99999	
1	-7.22988e-07	0.000477382	-7.22498e-07	0.999995	0.00302793	-0.000477382	-0.00302793	0.999995	-0.00139547	-0.00885417	5.83332	
1	-9.42326e-07	0.000545033	-9.41593e-07	0.999994	0.00345651	-0.000545033	-0.00345651	0.999994	-0.00182148	-0.011556	6.66665	
1	-1.1901e-06	0.000612539	-1.18905e-06	0.999992	0.00388406	-0.000612539	-0.00388406	0.999992	-0.0023038	-0.0146146	7.49998	
1	-1.46609e-06	0.000679899	-1.46466e-06	0.999991	0.00431055	-0.000679899	-0.00431055	0.99999	-0.00284232	-0.018029	8.33331	
1	-1.77011e-06	0.00074711	-1.7682e-06	0.999989	0.00473597	-0.00074711	-0.00473597	0.999989	-0.0034369	-0.0217984	9.16663	
1	-2.10193e-06	0.00081417	-2.09946e-06	0.999987	0.00516031	-0.00081417	-0.00516031	0.999986	-0.00408744	-0.0259218	9.99995	
1	-2.46135e-06	0.000881076	-2.45822e-06	0.999984	0.00558355	-0.000881076	-0.00558355	0.999984	-0.00479379	-0.0303985	10.8333	
1	-2.84815e-06	0.000947827	-2.84424e-06	0.999982	0.00600568	-0.000947827	-0.00600568	0.999982	-0.00555583	-0.0352273	11.6666	
0.999999	-3.26211e-06	0.00101442	-3.25731e-06	0.999979	0.00642668	-0.00101442	-0.00642668	0.999979	-0.00637344	-0.0404074	12.4999	
0.999999	-3.703e-06	0.00108085	-3.69718e-06	0.999977	0.00684655	-0.00108085	-0.00684655	0.999976	-0.00724646	-0.045938	13.3332	
0.999999	-4.17059e-06	0.00114712	-4.16363e-06	0.999974	0.00726526	-0.00114712	-0.00726526	0.999973	-0.00817478	-0.0518179	14.1665	
0.999999	-4.66466e-06	0.00121322	-4.65641e-06	0.99997	0.0076828	-0.00121322	-0.0076828	0.99997	-0.00915826	-0.0580462	14.9998	
0.999999	-5.18497e-06	0.00127916	-5.17529e-06	0.999967	0.00809916	-0.00127916	-0.00809916	0.999966	-0.0101967	-0.064622	15.8332	
0.999999	-5.73128e-06	0.00134492	-5.72002e-06	0.999964	0.00851432	-0.00134492	-0.00851432	0.999963	-0.0112901	-0.0715443	16.6665	
0.999999	-6.30336e-06	0.00141051	-6.29035e-06	0.99996	0.00892827	-0.00141051	-0.00892827	0.999959	-0.0124382	-0.0788121	17.4998	
0.999999	-6.90095e-06	0.00147593	-6.88603e-06	0.999956	0.00934099	-0.00147593	-0.00934099	0.999955	-0.0136409	-0.0864243	18.3331	
0.999999	-7.52381e-06	0.00154117	-7.5068e-06	0.999952	0.00975248	-0.00154117	-0.00975248	0.999951	-0.014898	-0.0943799	19.1664	
0.999999	-8.17169e-06	0.00160623	-8.15242e-06	0.999948	0.0101627	-0.00160623	-0.0101627	0.999947	-0.0162094	-0.102678	19.9996	
0.999999	-8.84434e-06	0.00167111	-8.82262e-06	0.999944	0.0105717	-0.00167111	-0.0105717	0.999943	-0.017575	-0.111317	20.8329	
0.999998	-9.5415e-06	0.00173581	-9.51713e-06	0.99994	0.0109794	-0.00173581	-0.0109794	0.999938	-0.0189946	-0.120297	21.6662	
0.999998	-1.02629e-05	0.00180031	-1.02357e-05	0.999935	0.0113858	-0.00180031	-0.0113858	0.999934	-0.0204679	-0.129616	22.4995	
0.999998	-1.10083e-05	0.00186463	-1.0978e-05	0.99993	0.0117908	-0.00186463	-0.0117908	0.999929	-0.021995	-0.139273	23.3328	
0.999998	-1.17775e-05	0.00192876	-1.17439e-05	0.999926	0.0121946	-0.00192876	-0.0121946	0.999924	-0.0235756	-0.149266	24.166	
0.999998	-1.257e-05	0.0019927	-1.2533e-05	0.999921	0.012597	-0.0019927	-0.012597	0.999919	-0.0252095	-0.159596	24.9993	
0.999998	-1.33858e-05	0.00205644	-1.33451e-05	0.999916	0.0129981	-0.00205644	-0.0129981	0.999913	-0.0268967	-0.170261	25.8326	
0.999998	-1.42245e-05	0.00211998	-1.41798e-05	0.99991	0.0133978	-0.00211998	-0.0133978	0.999908	-0.0286368	-0.181259	26.6658	
0.999998	-1.50858e-05	0.00218332	-1.5037e-05	0.999905	0.0137961	-0.00218332	-0.0137961	0.999902	-0.0304299	-0.19259	27.4991	
0.999997	-1.59695e-05	0.00224646	-1.59162e-05	0.999899	0.0141931	-0.00224646	-0.0141931	0.999897	-0.0322756	-0.204252	28.3323	
0.999997	-1.68753e-05	0.00230939	-1.68173e-05	0.999894	0.0145886	-0.00230939	-0.0145886	0.999891	-0.0341739	-0.216244	29.1656	
0.999997	-1.78028e-05	0.00237212	-1.774e-05	0.999888	0.0149827	-0.00237212	-0.0149827	0.999885	-0.0361245	-0.228566	29.9988	
0.999997	-1.87519e-05	0.00243463	-1.86839e-05	0.999882	0.0153754	-0.00243463	-0.0153754	0.999879	-0.0381273	-0.241215	30.8321	
0.999997	-1.97222e-05	0.00249694	-1.96487e-05	0.999876	0.0157666	-0.00249694	-0.0157666	0.999873	-0.0401822	-0.254191	31.6653	
0.999997	-2.07134e-05	0.00255903	-2.06342e-05	0.999869	0.0161564	-0.00255903	-0.0161564	0.999866	-0.0422888	-0.267492	32.4985	
0.999997	-2.17252e-05	0.00262091	-2.164e-05	0.999863	0.0165447	-0.00262091	-0.0165447	0.99986	-0.0444471	-0.281118	33.3317	
0.999996	-2.27574e-05	0.00268256	-2.2666e-05	0.999857	0.0169316	-0.00268256	-0.0169316	0.999853	-0.0466569	-0.295066	34.1649	
0.999996	-2.38096e-05	0.002744	-2.37116e-05	0.99985	0.0173169	-0.002744	-0.0173169	0.999846	-0.048918	-0.309336	34.9981	
0.999996	-2.48815e-05	0.00280521	-2.47768e-05	0.999843	0.0177007	-0.00280521	-0.0177007	0.999839	-0.0512301	-0.323927	35.8314	
0.999996	-2.59729e-05	0.0028662	-2.5861e-05	0.999836	0.018083	-0.0028662	-0.018083	0.999832	-0.0535932	-0.338837	36.6645	
0.999996	-2.70834e-05	0.00292696	-2.69641e-05	0.99983	0.0184638	-0.00292696	-0.0184638	0.999825	-0.056007	-0.354065	37.4977	
0.999996	-2.82127e-05	0.00298749	-2.80857e-05	0.999822	0.018843	-0.00298749	-0.018843	0.999818	-0.0584714	-0.369609	38.3309	
0.999995	-2.93605e-05	0.00304779	-2.92255e-05	0.999815	0.0192206	-0.00304779	-0.0192206	0.999811	-0.0609861	-0.385469	39.1641	
0.999995	-3.05265e-05	0.00310786	-3.03833e-05	0.999808	0.0195967	-0.00310786	-0.0195967	0.999803	-0.063551	-0.401643	39.9973	
0.999995	-3.17104e-05	0.00316769	-3.15586e-05	0.999801	0.0199712	-0.00316769	-0.0199712	0.999796	-0.0661658	-0.41813	40.8304	
0.999995	-3.29119e-05	0.00322728	-3.27511e-05	0.999793	0.0203441	-0.00322728	-0.0203441	0.999788	-0.0688303	-0.434928	41.6636	
0.999995	-3.41306e-05	0.00328663	-3.39606e-05	0.999785	0.0207154	-0.00328663	-0.0207154	0.99978	-0.0715445	-0.452036	42.4968	
0.999994	-3.53663e-05	0.00334574	-3.51867e-05	0.999778	0.021085	-0.00334574	-0.021085	0.999772	-0.0743079	-0.469453	43.3299	
0.999994	-3.66185e-05	0.0034046	-3.6429e-05	0.99977	0.021453	-0.0034046	-0.021453	0.999764	-0.0771206	-0.487177	44.163	
0.999994	-3.78871e-05	0.00346322	-3.76874e-05	0.999762	0.0218194	-0.00346322	-0.0218194	0.999756	-0.0799822	-0.505207	44.9962	
0.999994	-3.91716e-05	0.00352158	-3.89614e-05	0.999754	0.0221841	-0.00352159	-0.0221841	0.999748	-0.0828925	-0.523542	45.8293	
0.999994	-4.04717e-05	0.0035797	-4.02506e-05	0.999746	0.0225471	-0.0035797	-0.0225471	0.999739	-0.0858514	-0.54218	46.6624	
0.999993	-4.17872e-05	0.00363756	-4.15549e-05	0.999738	0.0229084	-0.00363757	-0.0229084	0.999731	-0.0888586	-0.561119	47.4955	
0.999986	-7.62854e-05	0.00522252	-3.13836e-05	0.999788	0.0206131	-0.00522298	-0.020613	0.999774	-0.0925505	-0.579253	48.3287	
0.999977	-0.000107147	0.00680773	-1.75645e-05	0.999832	0.0183165	-0.00680855	-0.0183161	0.999809	-0.0975636	-0.595474	49.1618	
0.999965	-0.00013437	0.00839318	-9.34429e-08	0.999872	0.0160185	-0.00839426	-0.0160179	0.999836	-0.103898	-0.60978	49.995	
0.99995	-0.000157949	0.00997886	2.10332e-05	0.999906	0.0137192	-0.00998008	-0.0137183	0.999856	-0.111554	-0.62217	50.8282	
0.999933	-0.000177883	0.0115647	4.58189e-05	0.999935	0.0114188	-0.011566	-0.0114175	0.999868	-0.120532	-0.632643	51.6614	
0.999914	-0.000194169	0.0131508	7.42667e-05	0.999958	0.00911735	-0.013152	-0.00911559	0.999872	-0.130831	-0.641199	52.4947	
0.999891	-0.000206803	0.014737	0.000106379	0.999977	0.00681486	-0.0147381	-0.00681256	0.999868	-0.142452	-0.647835	53.3279	
0.999867	-0.000215784	0.0163234	0.000142159	0.99999	0.00451144	-0.0163242	-0.00450852	0.999857	-0.155394	-0.652552	54.1611	
0.99984	-0.00022111	0.0179099	0.000181608	0.999998	0.00220716	-0.0179104	-0.00220355	0.999837	-0.169659	-0.655349	54.9943	
0.99981	-0.000222777	0.0194966	0.000224728	1	-9.79023e-05	-0.0194965	0.000102265	0.99981	-0.185245	-0.656225	55.8275	
0.999778	-0.000220784	0.0210833	0.000271521	0.999997	-0.00240366	-0.0210827	0.00240886	0.999775	-0.202153	-0.655178	56.6607	
0.999743	-0.00021513	0.0226701	0.000321987	0.999989	-0.00471005	-0.0226688	0.00471614	0.999732	-0.220383	-0.65221	57.4938	
0.999706	-0.000205812	0.0242569	0.000376128	0.999975	-0.00701699	-0.0242549	0.00702405	0.999681	-0.239934	-0.647318	58.3269	
0.999666	-0.000192829	0.0258438	0.000433944	0.999956	-0.00932439	-0.0258409	0.0093325	0.999623	-0.260808	-0.640503	59.1599	
0.999624	-0.000176181	0.0274308	0.000495435	0.999932	-0.0116322	-0.0274269	0.0116414	0.999556	-0.283003	-0.631764	59.9929	
0.999579	-0.000155864	0.0290177	0.000560601	0.999903	-0.0139403	-0.0290127	0.0139507	0.999482	-0.306519	-0.6211	60.8258	
0.999532	-0.00013188	0.0306046	0.000629441	0.999868	-0.0162487	-0.0305984	0.0162603	0.999399	-0.331357	-0.608512	61.6587	
0.999482	-0.000104226	0.0321915	0.000701955	0.999828	-0.0185572	-0.032184	0.0185702	0.999309	-0.357516	-0.593999	62.4915	
0.999429	-7.29016e-05	0.0337784	0.000778142	0.999782	-0.0208658	-0.0337695	0.0208802	0.999212	-0.384997	-0.577562	63.3242	
0.999374	-3.79071e-05	0.0353651	0.000857999	0.999731	-0.0231744	-0.0353548	0.0231902	0.999106	-0.413799	-0.559199	64.1569	
0.999317	7.5842e-07	0.0369518	0.000941526	0.999675	-0.0254829	-0.0369398	0.0255003	0.998992	-0.443922	-0.538911	64.9894	
0.999257	4.30951e-05	0.0385384	0.00102872	0.999613	-0.0277913	-0.0385247	0.0278103	0.998871	-0.475365	-0.516699	65.8218	
0.999195	8.9103e-05	0.0401249	0.00111958	0.999546	-0.0300995	-0.0401094	0.0301202	0.998741	-0.508129	-0.492561	66.6542	
0.99913	0.000138782	0.0417113	0.0012141	0.999474	-0.0324073	-0.0416938	0.0324298	0.998604	-0.542214	-0.466498	67.4864	
0.999062	0.000192132	0.0432975	0.00131228	0.999396	-0.0347148	-0.043278	0.0347391	0.998459	-0.577619	-0.438511	68.3185	
0.998992	0.000249153	0.0448835	0.00141411	0.999313	-0.0370219	-0.0448619	0.037048	0.998306	-0.614344	-0.4086	69.1505	
0.99892	0.000309843	0.0464694	0.0015196	0.999225	-0.0393284	-0.0464455	0.0393565	0.998145	-0.652389	-0.376765	69.9824	
0.998845	0.000374203	0.048055	0.00162874	0.999132	-0.0416342	-0.0480288	0.0416644	0.997977	-0.691753	-0.343006	70.8141	
0.998767	0.000442231	0.0496404	0.00174152	0.999033	-0.0439394	-0.0496118	0.0439717	0.9978	-0.732437	-0.307324	71.6456	
0.998196	0.000994704	0.0600389	0.00272985	0.998077	-0.0619217	-0.059985	0.0619739	0.996274	-0.778104	-0.263179	72.4765	
0.997516	0.00173479	0.0704192	0.00390503	0.996797	-0.0798726	-0.0703322	0.0799491	0.994315	-0.832405	-0.204042	73.306	
0.996729	0.00266216	0.0807768	0.00526656	0.995194	-0.0977842	-0.0806489	0.0978897	0.991924	-0.895316	-0.12994	74.1336	
0.995834	0.00377642	0.0911072	0.00681383	0.993267	-0.115649	-0.0909305	0.115788	0.989103	-0.96681	-0.0409043	74.9591	
0.994832	0.00507709	0.101406	0.00854619	0.991018	-0.133459	-0.101173	0.133636	0.985853	-1.04686	0.0630259	75.782	
0.993724	0.00656359	0.111669	0.0104629	0.988447	-0.151206	-0.111371	0.151425	0.982175	-1.13542	0.181806	76.602	
0.992509	0.00823529	0.121891	0.0125631	0.985556	-0.168883	-0.121521	0.16915	0.97807	-1.23246	0.315383	77.4188	
0.991189	0.0100915	0.132068	0.0148458	0.982346	-0.186483	-0.131618	0.1868	0.973541	-1.33794	0.463701	78.232	
0.989764	0.0121313	0.142195	0.0173102	0.978819	-0.203997	-0.141658	0.20437	0.96859	-1.45181	0.626695	79.0413	
0.988235	0.0143539	0.152269	0.0199551	0.974975	-0.221417	-0.151637	0.221851	0.963218	-1.57402	0.804293	79.8462	
0.986602	0.0167583	0.162285	0.0227794	0.970817	-0.238737	-0.16155	0.239236	0.957428	-1.70452	0.996419	80.6465	
0.984865	0.0193435	0.172238	0.0257818	0.966346	-0.255949	-0.171392	0.256516	0.951222	-1.84325	1.20299	81.4418	
0.983027	0.0221083	0.182124	0.0289611	0.961565	-0.273046	-0.18116	0.273686	0.944604	-1.99015	1.42392	82.2318	
