1	0	0	0	1	0	0	0	1	0	0	0	
0.999994	8.28764e-06	0.00357177	8.28764e-06	0.999989	-0.00464059	-0.00357177	0.00464059	0.999983	-0.00186075	0.00241757	1.04191	
0.999974	3.31572e-05	0.00714435	3.31539e-05	0.999957	-0.00928131	-0.00714435	0.00928131	0.999931	-0.00744343	0.00967034	2.08379	
0.999943	7.46174e-05	0.0107176	7.46043e-05	0.999903	-0.013922	-0.0107176	0.013922	0.999846	-0.0167488	0.0217584	3.1256	
0.999898	0.000132676	0.0142914	0.000132643	0.999828	-0.0185625	-0.0142914	0.0185625	0.999726	-0.0297775	0.0386815	4.1673	
0.99984	0.000207341	0.0178656	0.000207275	0.999731	-0.0232025	-0.0178656	0.0232025	0.999571	-0.0465301	0.0604394	5.20885	
0.99977	0.000298618	0.0214401	0.000298503	0.999612	-0.0278421	-0.0214401	0.0278421	0.999382	-0.0670068	0.0870317	6.25023	
0.999687	0.000406513	0.0250147	0.00040633	0.999472	-0.0324809	-0.0250147	0.0324809	0.999159	-0.0912079	0.118458	7.29139	
0.999591	0.000531032	0.0285894	0.000530756	0.999311	-0.0371188	-0.0285894	0.0371188	0.998902	-0.119134	0.154716	8.3323	
0.999482	0.000672178	0.032164	0.000671785	0.999128	-0.0417557	-0.032164	0.0417557	0.99861	-0.150784	0.195807	9.37293	
0.999361	0.000829957	0.0357383	0.000829416	0.998923	-0.0463914	-0.0357383	0.0463914	0.998284	-0.186158	0.241728	10.4132	
0.999226	0.00100437	0.0393123	0.00100365	0.998697	-0.0510257	-0.0393123	0.0510257	0.997923	-0.225257	0.292479	11.4532	
0.999079	0.00119542	0.0428857	0.00119448	0.998449	-0.0556584	-0.0428857	0.0556584	0.997528	-0.268079	0.348057	12.4927	
0.998919	0.00140311	0.0464586	0.00140192	0.99818	-0.0602894	-0.0464586	0.0602894	0.997099	-0.314624	0.408461	13.5319	
0.998746	0.00162744	0.0500307	0.00162595	0.997889	-0.0649185	-0.0500307	0.0649185	0.996636	-0.364891	0.473689	14.5705	
0.998561	0.00186841	0.0536019	0.00186657	0.997577	-0.0695455	-0.0536019	0.0695455	0.996138	-0.418879	0.54374	15.6087	
0.998362	0.00212602	0.0571721	0.00212379	0.997243	-0.0741704	-0.0571721	0.0741703	0.995605	-0.476588	0.61861	16.6463	
0.998151	0.00240027	0.0607411	0.00239759	0.996888	-0.0787928	-0.0607412	0.0787927	0.995039	-0.538016	0.698298	17.6833	
0.997926	0.00269116	0.0643089	0.00268798	0.996511	-0.0834126	-0.064309	0.0834125	0.994438	-0.603163	0.782801	18.7198	
0.997689	0.00299868	0.0678753	0.00299494	0.996113	-0.0880298	-0.0678754	0.0880296	0.993803	-0.672026	0.872115	19.7556	
0.997439	0.00332283	0.0714401	0.00331847	0.995694	-0.092644	-0.0714403	0.0926439	0.993133	-0.744604	0.966239	20.7907	
0.997177	0.00366361	0.0750033	0.00365857	0.995253	-0.0972552	-0.0750035	0.097255	0.992429	-0.820895	1.06517	21.8251	
0.996901	0.00402102	0.0785647	0.00401522	0.99479	-0.101863	-0.078565	0.101863	0.991691	-0.900899	1.1689	22.8587	
0.996612	0.00439504	0.0821241	0.00438841	0.994306	-0.106468	-0.0821245	0.106467	0.990919	-0.984612	1.27743	23.8916	
0.996311	0.00478568	0.0856815	0.00477815	0.993801	-0.111069	-0.085682	0.111068	0.990112	-1.07203	1.39076	24.9236	
0.995997	0.00519292	0.0892368	0.00518441	0.993275	-0.115666	-0.0892373	0.115666	0.989272	-1.16316	1.50888	25.9548	
0.99567	0.00561677	0.0927897	0.00560719	0.992727	-0.120259	-0.0927903	0.120259	0.988397	-1.25799	1.63179	26.9851	
0.99533	0.0060572	0.0963402	0.00604648	0.992157	-0.124849	-0.0963409	0.124848	0.987487	-1.35652	1.75948	28.0145	
0.994977	0.00651422	0.0998881	0.00650227	0.991567	-0.129434	-0.0998889	0.129433	0.986544	-1.45875	1.89195	29.0429	
0.994612	0.00698782	0.103433	0.00697453	0.990955	-0.134014	-0.103434	0.134014	0.985567	-1.56467	2.0292	30.0703	
0.994234	0.00747797	0.106976	0.00746327	0.990322	-0.138591	-0.106977	0.13859	0.984555	-1.67428	2.17121	31.0966	
0.993842	0.00798469	0.110515	0.00796847	0.989667	-0.143162	-0.110516	0.143161	0.98351	-1.78759	2.31799	32.1219	
0.993438	0.00850794	0.114052	0.0084901	0.988991	-0.147729	-0.114053	0.147728	0.98243	-1.90458	2.46953	33.1461	
0.993022	0.00904773	0.117585	0.00902817	0.988295	-0.15229	-0.117586	0.152289	0.981316	-2.02526	2.62583	34.1691	
0.992592	0.00960403	0.121115	0.00958265	0.987577	-0.156846	-0.121116	0.156845	0.980169	-2.14961	2.78688	35.191	
0.99215	0.0101768	0.124641	0.0101535	0.986837	-0.161397	-0.124643	0.161396	0.978987	-2.27764	2.95267	36.2116	
0.991695	0.0107661	0.128164	0.0107408	0.986077	-0.165943	-0.128166	0.165941	0.977772	-2.40935	3.1232	37.231	
0.991227	0.0113719	0.131683	0.0113444	0.985295	-0.170482	-0.131685	0.170481	0.976522	-2.54472	3.29846	38.2491	
0.990746	0.0119942	0.135198	0.0119643	0.984493	-0.175016	-0.1352	0.175014	0.975239	-2.68376	3.47845	39.2659	
0.990253	0.0126329	0.138709	0.0126006	0.983669	-0.179544	-0.138712	0.179542	0.973922	-2.82645	3.66316	40.2814	
0.989746	0.013288	0.142216	0.0132532	0.982825	-0.184066	-0.142219	0.184063	0.972571	-2.97281	3.85259	41.2954	
0.989228	0.0139595	0.145719	0.0139221	0.981959	-0.188581	-0.145722	0.188578	0.971187	-3.12281	4.04672	42.308	
0.988696	0.0146475	0.149217	0.0146072	0.981072	-0.19309	-0.149221	0.193087	0.969768	-3.27647	4.24555	43.3192	
0.988152	0.0153518	0.152711	0.0153086	0.980165	-0.197592	-0.152716	0.197588	0.968316	-3.43377	4.44908	44.3288	
0.987595	0.0160724	0.156201	0.0160262	0.979236	-0.202087	-0.156205	0.202083	0.966831	-3.5947	4.65729	45.337	
0.987025	0.0168094	0.159685	0.01676	0.978287	-0.206575	-0.159691	0.206571	0.965312	-3.75927	4.87018	46.3436	
0.986442	0.0175628	0.163165	0.01751	0.977317	-0.211056	-0.163171	0.211052	0.96376	-3.92747	5.08775	47.3485	
0.985847	0.0183324	0.16664	0.0182761	0.976326	-0.21553	-0.166646	0.215525	0.962174	-4.09929	5.30998	48.3519	
0.98524	0.0191183	0.17011	0.0190584	0.975315	-0.219996	-0.170116	0.219991	0.960554	-4.27473	5.53686	49.3535	
0.984619	0.0199205	0.173574	0.0198567	0.974282	-0.224455	-0.173581	0.224449	0.958902	-4.45378	5.7684	50.3535	
0.983986	0.0207389	0.177033	0.0206712	0.973229	-0.228906	-0.177041	0.228899	0.957216	-4.63644	6.00458	51.3517	
0.983341	0.0215735	0.180486	0.0215017	0.972155	-0.233348	-0.180495	0.233342	0.955496	-4.82271	6.24539	52.3482	
0.982683	0.0224242	0.183934	0.0223482	0.971061	-0.237783	-0.183944	0.237776	0.953744	-5.01256	6.49082	53.3428	
0.982012	0.0232912	0.187376	0.0232107	0.969946	-0.24221	-0.187386	0.242202	0.951958	-5.20601	6.74087	54.3356	
0.981329	0.0241743	0.190813	0.0240892	0.968811	-0.246628	-0.190823	0.246619	0.95014	-5.40305	6.99553	55.3265	
0.980633	0.0250735	0.194243	0.0249836	0.967655	-0.251037	-0.194254	0.251028	0.948288	-5.60366	7.25478	56.3155	
0.979925	0.0259887	0.197667	0.0258939	0.966479	-0.255438	-0.197679	0.255428	0.946403	-5.80784	7.51863	57.3026	
0.979204	0.0269201	0.201085	0.0268201	0.965282	-0.25983	-0.201098	0.259819	0.944486	-6.01559	7.78705	58.2877	
0.978471	0.0278674	0.204496	0.0277622	0.964065	-0.264212	-0.204511	0.264201	0.942535	-6.22689	8.06005	59.2707	
0.977725	0.0288308	0.207901	0.02872	0.962827	-0.268586	-0.207917	0.268574	0.940552	-6.44175	8.3376	60.2517	
0.976967	0.0298101	0.2113	0.0296937	0.96157	-0.27295	-0.211316	0.272937	0.938536	-6.66015	8.61971	61.2307	
0.976196	0.0308054	0.214691	0.0306831	0.960292	-0.277305	-0.214709	0.277291	0.936488	-6.8821	8.90635	62.2075	
0.975413	0.0318165	0.218076	0.0316883	0.958994	-0.28165	-0.218095	0.281635	0.934407	-7.10757	9.19753	63.1822	
0.974618	0.0328436	0.221454	0.0327091	0.957676	-0.285985	-0.221473	0.285969	0.932293	-7.33657	9.49323	64.1546	
0.97381	0.0338865	0.224824	0.0337456	0.956337	-0.29031	-0.224845	0.290294	0.930147	-7.56908	9.79344	65.1249	
0.97299	0.0349452	0.228187	0.0347977	0.954979	-0.294625	-0.22821	0.294607	0.927969	-7.80511	10.0982	66.0929	
0.972465	0.03562	0.230309	0.0350392	0.954668	-0.295602	-0.230398	0.295533	0.927134	-8.04402	10.4056	67.0593	
0.971936	0.0362972	0.232429	0.0352831	0.954357	-0.296578	-0.232585	0.296456	0.926293	-8.28522	10.714	68.0249	
0.971401	0.0369768	0.234548	0.0355292	0.954044	-0.297553	-0.234772	0.297377	0.925445	-8.52869	11.0234	68.9896	
0.970861	0.0376585	0.236665	0.0357776	0.95373	-0.298528	-0.236957	0.298296	0.924592	-8.77445	11.3337	69.9534	
0.972973	0.0350587	0.228242	0.0300886	0.960733	-0.275837	-0.22895	0.275249	0.933713	-9.01718	11.6325	70.9215	
0.975012	0.0326687	0.219739	0.0245971	0.967172	-0.252931	-0.220788	0.252015	0.9422	-9.25149	11.9072	71.8989	
0.976976	0.0304901	0.211161	0.0193067	0.97304	-0.229826	-0.212476	0.228611	0.950048	-9.47721	12.1576	72.8847	
0.978863	0.0285244	0.202516	0.0142211	0.978336	-0.206536	-0.20402	0.205051	0.957251	-9.6942	12.3835	73.8784	
0.980674	0.0267728	0.193808	0.00934366	0.983054	-0.183079	-0.195425	0.181352	0.963805	-9.90231	12.5848	74.8792	
0.982406	0.0252367	0.185044	0.00467774	0.987192	-0.15947	-0.186698	0.15753	0.969705	-10.1014	12.7614	75.8866	
0.984059	0.0239171	0.176229	0.000226489	0.990747	-0.135725	-0.177844	0.133601	0.974947	-10.2913	12.9131	76.8997	
0.98563	0.0228148	0.167369	-0.00400707	0.993716	-0.11186	-0.16887	0.109582	0.979528	-10.4719	13.0398	77.918	
0.98712	0.0219305	0.158472	-0.00802006	0.996098	-0.0878909	-0.159781	0.0854879	0.983444	-10.6432	13.1414	78.9407	
0.988527	0.021265	0.149541	-0.0118098	0.997891	-0.0638345	-0.150583	0.0613361	0.986693	-10.8049	13.2179	79.9671	
0.98985	0.0208186	0.140584	-0.0153736	0.999093	-0.039707	-0.141284	0.0371427	0.989272	-10.9569	13.2692	80.9965	
0.991088	0.0205917	0.131607	-0.0187092	0.999704	-0.0155247	-0.131888	0.012924	0.99118	-11.0992	13.2953	82.0283	
0.992241	0.0205843	0.122616	-0.0218142	0.999724	0.00869608	-0.122403	-0.0113034	0.992416	-11.2317	13.2961	83.0618	
0.993307	0.0207966	0.113616	-0.0246866	0.999152	0.0329388	-0.112835	-0.0355231	0.992979	-11.3543	13.2717	84.0961	
0.994286	0.0212283	0.104615	-0.0273244	0.997989	0.057187	-0.103191	-0.0597187	0.992867	-11.4668	13.2221	85.1307	
0.995178	0.0218792	0.0956173	-0.0297258	0.996236	0.0814242	-0.0934759	-0.0838739	0.992082	-11.5693	13.1473	86.1649	
0.995981	0.0227488	0.08663	-0.0318891	0.993894	0.105634	-0.0836979	-0.107972	0.990624	-11.6616	13.0473	87.1978	
0.996695	0.0238365	0.0776589	-0.033813	0.990963	0.1298	-0.0738631	-0.131997	0.988494	-11.7437	12.9223	88.2289	
0.99732	0.0251417	0.0687102	-0.0354962	0.987448	0.153906	-0.0639782	-0.155932	0.985694	-11.8155	12.7723	89.2575	
0.997855	0.0266634	0.0597899	-0.0369373	0.983349	0.177935	-0.0540499	-0.179762	0.982224	-11.877	12.5974	90.2827	
0.9983	0.0284005	0.050904	-0.0381356	0.978669	0.201872	-0.044085	-0.20347	0.978088	-11.9281	12.3978	91.304	
0.998654	0.0303519	0.0420587	-0.0390902	0.973413	0.225699	-0.0340901	-0.227039	0.973289	-11.9688	12.1735	92.3207	
0.998918	0.0325163	0.0332599	-0.0398004	0.967582	0.249401	-0.0240721	-0.250455	0.967829	-11.9991	11.9247	93.332	
0.99909	0.0348923	0.0245136	-0.0402657	0.961182	0.272962	-0.0140377	-0.273701	0.961713	-12.019	11.6516	94.3372	
0.999172	0.0374781	0.0158256	-0.0404859	0.954216	0.296365	-0.00399386	-0.29676	0.954944	-12.0284	11.3544	95.3358	
0.999163	0.0402721	0.00720197	-0.0404607	0.94669	0.319595	0.00605272	-0.319619	0.947527	-12.0273	11.0333	96.327	
0.999062	0.0432723	-0.00135151	-0.0401903	0.938608	0.342636	0.0160952	-0.342261	0.939467	-12.0158	10.6885	97.3101	
0.998871	0.0464767	-0.00982904	-0.0396747	0.929976	0.365473	0.0261267	-0.36467	0.93077	-11.9938	10.3202	98.2844	
0.998589	0.0498831	-0.0182249	-0.0389144	0.9208	0.388089	0.0361406	-0.386833	0.921442	-11.9613	9.92863	99.2494	
0.998216	0.0534893	-0.0265333	-0.0379099	0.911086	0.41047	0.0461299	-0.408732	0.911488	-11.9185	9.51415	100.204	
