1	0	0	0	1	0	0	0	1	0	0	0	
0.999997	-3.63953e-06	0.00243515	-3.63953e-06	0.999996	0.00298915	-0.00243515	-0.00298915	0.999993	-0.00128153	-0.00157308	1.05252	
0.999988	-1.45808e-05	0.00487393	-1.45826e-05	0.999982	0.00598346	-0.00487393	-0.00598346	0.99997	-0.00512803	-0.00629503	2.10503	
0.999973	-3.28576e-05	0.00731621	-3.28647e-05	0.99996	0.00898281	-0.00731621	-0.00898281	0.999933	-0.0115432	-0.0141712	3.15751	
0.999952	-5.85026e-05	0.00976187	-5.85202e-05	0.999928	0.011987	-0.00976187	-0.011987	0.999881	-0.0205308	-0.0252069	4.20993	
0.999925	-9.15475e-05	0.0122108	-9.15827e-05	0.999888	0.014996	-0.0122108	-0.014996	0.999813	-0.0320942	-0.0394071	5.2623	
0.999892	-0.000132023	0.0146629	-0.000132084	0.999838	0.0180095	-0.0146629	-0.0180095	0.99973	-0.0462369	-0.0567766	6.31459	
0.999853	-0.000179958	0.017118	-0.000180057	0.999779	0.0210275	-0.017118	-0.0210275	0.999632	-0.062962	-0.0773204	7.36678	
0.999808	-0.000235381	0.019576	-0.00023553	0.999711	0.0240498	-0.019576	-0.0240498	0.999519	-0.0822726	-0.101043	8.41886	
0.999757	-0.000298321	0.0220368	-0.000298533	0.999633	0.0270762	-0.0220368	-0.0270762	0.99939	-0.104172	-0.127949	9.47081	
0.9997	-0.000368802	0.0245002	-0.000369095	0.999547	0.0301067	-0.0245002	-0.0301067	0.999246	-0.128663	-0.158042	10.5226	
0.999636	-0.000446852	0.0269662	-0.000447242	0.999451	0.0331409	-0.0269662	-0.0331409	0.999087	-0.155748	-0.191327	11.5743	
0.999567	-0.000532492	0.0294346	-0.000533001	0.999345	0.0361789	-0.0294346	-0.036179	0.998912	-0.185429	-0.227807	12.6257	
0.999491	-0.000625748	0.0319053	-0.000626396	0.99923	0.0392205	-0.0319053	-0.0392205	0.998721	-0.21771	-0.267487	13.677	
0.999409	-0.000726641	0.0343782	-0.000727452	0.999106	0.0422655	-0.0343782	-0.0422655	0.998515	-0.252593	-0.31037	14.7281	
0.99932	-0.000835191	0.0368532	-0.000836191	0.998972	0.0453137	-0.0368532	-0.0453138	0.998293	-0.290079	-0.35646	15.7789	
0.999226	-0.00095142	0.0393301	-0.000952636	0.998829	0.0483651	-0.0393301	-0.0483651	0.998055	-0.330172	-0.40576	16.8295	
0.999125	-0.00107535	0.0418088	-0.00107681	0.998677	0.0514195	-0.0418088	-0.0514195	0.997802	-0.372872	-0.458273	17.8799	
0.999018	-0.00120699	0.0442892	-0.00120872	0.998514	0.0544767	-0.0442892	-0.0544767	0.997532	-0.418182	-0.514002	18.93	
0.998905	-0.00134636	0.0467712	-0.0013484	0.998342	0.0575365	-0.0467712	-0.0575366	0.997247	-0.466104	-0.572951	19.9797	
0.998785	-0.00149348	0.0492547	-0.00149587	0.998161	0.0605989	-0.0492546	-0.060599	0.996946	-0.516639	-0.635121	21.0292	
0.998659	-0.00164836	0.0517395	-0.00165113	0.99797	0.0636637	-0.0517394	-0.0636638	0.996629	-0.569788	-0.700516	22.0784	
0.998527	-0.00181102	0.0542255	-0.0018142	0.997769	0.0667308	-0.0542254	-0.0667308	0.996296	-0.625554	-0.769138	23.1272	
0.998389	-0.00198146	0.0567126	-0.00198511	0.997559	0.0697999	-0.0567125	-0.0698	0.995948	-0.683936	-0.840989	24.1756	
0.998244	-0.00215971	0.0592007	-0.00216385	0.997339	0.072871	-0.0592005	-0.0728711	0.995583	-0.744937	-0.916072	25.2237	
0.998093	-0.00234576	0.0616897	-0.00235045	0.997109	0.0759438	-0.0616895	-0.075944	0.995202	-0.808557	-0.994388	26.2714	
0.997935	-0.00253963	0.0641794	-0.00254492	0.99687	0.0790184	-0.0641791	-0.0790185	0.994805	-0.874797	-1.07594	27.3186	
0.997771	-0.00274133	0.0666697	-0.00274726	0.996621	0.0820944	-0.0666694	-0.0820946	0.994392	-0.943658	-1.16073	28.3655	
0.997601	-0.00295087	0.0691605	-0.00295748	0.996362	0.0851718	-0.0691602	-0.085172	0.993963	-1.01514	-1.24875	29.4119	
0.997425	-0.00316825	0.0716517	-0.0031756	0.996093	0.0882504	-0.0716514	-0.0882507	0.993518	-1.08924	-1.34002	30.4578	
0.997242	-0.00339347	0.0741432	-0.00340162	0.995815	0.0913301	-0.0741428	-0.0913304	0.993057	-1.16597	-1.43453	31.5033	
0.997053	-0.00362654	0.0766348	-0.00363554	0.995527	0.0944107	-0.0766343	-0.0944111	0.992579	-1.24532	-1.53227	32.5482	
0.996857	-0.00386746	0.0791264	-0.00387737	0.995229	0.0974921	-0.0791259	-0.0974925	0.992086	-1.32729	-1.63327	33.5927	
0.996655	-0.00411624	0.081618	-0.00412712	0.994921	0.100574	-0.0816174	-0.100575	0.991576	-1.41188	-1.7375	34.6366	
0.996447	-0.00437288	0.0841093	-0.00438478	0.994603	0.103657	-0.0841087	-0.103657	0.99105	-1.4991	-1.84498	35.68	
0.996232	-0.00463737	0.0866003	-0.00465036	0.994276	0.106739	-0.0865996	-0.10674	0.990508	-1.58894	-1.95571	36.7228	
0.996011	-0.00490971	0.0890909	-0.00492386	0.993939	0.109822	-0.0890901	-0.109823	0.98995	-1.68139	-2.06968	37.7651	
0.995784	-0.0051899	0.0915809	-0.00520528	0.993592	0.112905	-0.09158	-0.112906	0.989376	-1.77647	-2.18689	38.8067	
0.99555	-0.00547795	0.0940702	-0.00549461	0.993235	0.115988	-0.0940692	-0.115989	0.988786	-1.87418	-2.30735	39.8477	
0.995311	-0.00577383	0.0965587	-0.00579186	0.992869	0.119071	-0.0965576	-0.119072	0.988179	-1.9745	-2.43105	40.8881	
0.995064	-0.00607755	0.0990463	-0.00609702	0.992492	0.122153	-0.0990451	-0.122154	0.987557	-2.07743	-2.558	41.9279	
0.994812	-0.00638911	0.101533	-0.00641008	0.992106	0.125235	-0.101532	-0.125236	0.986918	-2.18299	-2.68819	42.967	
0.994553	-0.00670849	0.104018	-0.00673104	0.99171	0.128316	-0.104017	-0.128318	0.986263	-2.29116	-2.82163	44.0054	
0.994288	-0.00703568	0.106502	-0.0070599	0.991305	0.131397	-0.106501	-0.131398	0.985592	-2.40195	-2.95831	45.0431	
0.994016	-0.00737067	0.108985	-0.00739663	0.990889	0.134476	-0.108983	-0.134477	0.984905	-2.51535	-3.09823	46.0801	
0.993738	-0.00771346	0.111467	-0.00774125	0.990464	0.137554	-0.111465	-0.137556	0.984202	-2.63137	-3.24139	47.1164	
0.993454	-0.00806403	0.113946	-0.00809373	0.990029	0.140631	-0.113944	-0.140633	0.983483	-2.74999	-3.38779	48.1519	
0.993164	-0.00842237	0.116424	-0.00845406	0.989584	0.143707	-0.116422	-0.143708	0.982748	-2.87122	-3.53743	49.1867	
0.992867	-0.00878847	0.1189	-0.00882223	0.98913	0.146781	-0.118898	-0.146783	0.981997	-2.99506	-3.6903	50.2206	
0.992565	-0.0091623	0.121374	-0.00919823	0.988666	0.149853	-0.121372	-0.149855	0.98123	-3.12151	-3.84641	51.2538	
0.992255	-0.00954386	0.123846	-0.00958205	0.988192	0.152923	-0.123843	-0.152926	0.980447	-3.25056	-4.00576	52.2862	
0.99194	-0.00993313	0.126316	-0.00997366	0.987708	0.155992	-0.126313	-0.155994	0.979648	-3.3822	-4.16833	53.3177	
0.991619	-0.0103301	0.128784	-0.0103731	0.987215	0.159058	-0.12878	-0.159061	0.978834	-3.51645	-4.33413	54.3484	
0.991291	-0.0107347	0.131249	-0.0107802	0.986712	0.162122	-0.131245	-0.162125	0.978003	-3.65329	-4.50316	55.3782	
0.990958	-0.011147	0.133712	-0.0111951	0.986199	0.165184	-0.133708	-0.165187	0.977157	-3.79273	-4.67541	56.4071	
0.990618	-0.0115669	0.136172	-0.0116178	0.985677	0.168243	-0.136167	-0.168247	0.976295	-3.93475	-4.85089	57.4352	
0.990272	-0.0119944	0.138629	-0.0120481	0.985145	0.1713	-0.138624	-0.171303	0.975417	-4.07937	-5.02958	58.4623	
0.98992	-0.0124294	0.141083	-0.0124861	0.984604	0.174353	-0.141078	-0.174357	0.974524	-4.22656	-5.21149	59.4884	
0.989562	-0.0128721	0.143535	-0.0129318	0.984053	0.177404	-0.143529	-0.177408	0.973615	-4.37634	-5.39661	60.5137	
0.989197	-0.0133223	0.145983	-0.0133851	0.983493	0.180451	-0.145977	-0.180456	0.97269	-4.5287	-5.58494	61.538	
0.988827	-0.0137799	0.148428	-0.013846	0.982923	0.183496	-0.148422	-0.183501	0.97175	-4.68363	-5.77648	62.5612	
0.988451	-0.0142451	0.15087	-0.0143145	0.982344	0.186537	-0.150863	-0.186542	0.970795	-4.84113	-5.97122	63.5835	
0.988069	-0.0147177	0.153308	-0.0147906	0.981755	0.189574	-0.153301	-0.18958	0.969824	-5.0012	-6.16916	64.6048	
0.987681	-0.0151977	0.155743	-0.0152742	0.981157	0.192608	-0.155736	-0.192614	0.968838	-5.16384	-6.37029	65.6251	
0.987287	-0.0156851	0.158175	-0.0157653	0.980549	0.195638	-0.158167	-0.195644	0.967836	-5.32903	-6.57462	66.6443	
0.986887	-0.0161799	0.160602	-0.0162639	0.979933	0.198664	-0.160594	-0.198671	0.966819	-5.49679	-6.78213	67.6624	
0.986582	-0.0165607	0.162423	-0.0173855	0.978529	0.205374	-0.162336	-0.205442	0.965112	-5.66673	-6.9948	68.6791	
0.986275	-0.0169541	0.164239	-0.0185189	0.977079	0.21207	-0.16407	-0.212201	0.963354	-5.83851	-7.21459	69.694	
0.985964	-0.0173598	0.166051	-0.0196642	0.975582	0.218753	-0.165793	-0.218948	0.961548	-6.0121	-7.44149	70.707	
0.986657	-0.0163785	0.161988	-0.0239084	0.969567	0.243657	-0.161049	-0.244279	0.956238	-6.18412	-7.68528	71.7163	
0.987329	-0.0152903	0.157949	-0.028028	0.962896	0.268414	-0.156193	-0.26944	0.950266	-6.35108	-7.95565	72.7197	
0.98798	-0.0140958	0.153937	-0.0320201	0.955574	0.293008	-0.151228	-0.294415	0.943636	-6.51287	-8.2524	73.7164	
0.98861	-0.0127959	0.149954	-0.0358819	0.947606	0.317421	-0.146159	-0.319186	0.936353	-6.66939	-8.57534	74.7059	
0.989218	-0.0113916	0.146004	-0.0396107	0.938997	0.341636	-0.140989	-0.343736	0.928422	-6.82051	-8.92423	75.6873	
0.989805	-0.0098837	0.142089	-0.043204	0.929754	0.365637	-0.135721	-0.368048	0.919848	-6.96614	-9.29883	76.66	
0.990368	-0.00827337	0.138211	-0.0466592	0.919883	0.389407	-0.13036	-0.392105	0.910637	-7.10618	-9.6989	77.6234	
0.990909	-0.0065617	0.134374	-0.049974	0.909391	0.41293	-0.124908	-0.415891	0.900796	-7.24052	-10.1241	78.5767	
0.991427	-0.00474986	0.130579	-0.0531461	0.898284	0.436189	-0.119369	-0.439389	0.89033	-7.36909	-10.5743	79.5194	
0.99192	-0.0028391	0.12683	-0.0561733	0.886572	0.459168	-0.113748	-0.462583	0.879249	-7.49177	-11.049	80.4507	
0.99239	-0.000830756	0.12313	-0.0590535	0.874261	0.481851	-0.108048	-0.485456	0.867559	-7.6085	-11.5479	81.37	
0.992836	0.00127379	0.11948	-0.0617846	0.86136	0.504224	-0.102273	-0.507993	0.855268	-7.71919	-12.0708	82.2767	
0.993257	0.00347307	0.115884	-0.0643649	0.847879	0.526269	-0.0964278	-0.530179	0.842385	-7.82377	-12.6171	83.1702	
0.993653	0.00576557	0.112343	-0.0667925	0.833826	0.547972	-0.0905155	-0.551997	0.828919	-7.92216	-13.1867	84.0498	
0.994024	0.00814971	0.108861	-0.0690657	0.819212	0.569317	-0.0845406	-0.573434	0.814878	-8.01429	-13.779	84.9149	
0.994369	0.0106238	0.10544	-0.071183	0.804046	0.590291	-0.0785071	-0.594473	0.800274	-8.1001	-14.3937	85.765	
0.994689	0.0131862	0.102081	-0.0731429	0.788338	0.610879	-0.0724193	-0.615101	0.785116	-8.17953	-15.0302	86.5993	
0.994983	0.0158351	0.098788	-0.074944	0.772101	0.631065	-0.0662813	-0.635302	0.769414	-8.25253	-15.6883	87.4175	
0.99525	0.0185686	0.0955625	-0.0765851	0.755345	0.650837	-0.0600975	-0.655064	0.753179	-8.31904	-16.3674	88.2188	
0.995492	0.0213849	0.0924069	-0.0780651	0.738081	0.670181	-0.053872	-0.674373	0.736423	-8.37902	-17.0671	89.0028	
0.995707	0.0242821	0.0893233	-0.0793829	0.720322	0.689082	-0.0476092	-0.693215	0.719157	-8.43243	-17.7869	89.7688	
0.995895	0.027258	0.086314	-0.0805376	0.70208	0.707529	-0.0413135	-0.711576	0.701393	-8.47923	-18.5262	90.5165	
0.996057	0.0303107	0.083381	-0.0815284	0.683367	0.725508	-0.0349892	-0.729445	0.683144	-8.51939	-19.2846	91.2451	
0.996191	0.033438	0.0805263	-0.0823547	0.664197	0.743007	-0.0286406	-0.746809	0.664421	-8.55287	-20.0615	91.9544	
0.996299	0.0366378	0.0777519	-0.0830158	0.644583	0.760014	-0.0222723	-0.763656	0.645239	-8.57967	-20.8565	92.6436	
0.99638	0.0399079	0.0750597	-0.0835114	0.624538	0.776517	-0.0158885	-0.779974	0.62561	-8.59975	-21.6689	93.3125	
0.996434	0.0432459	0.0724516	-0.083841	0.604076	0.792504	-0.00949367	-0.795753	0.605548	-8.61311	-22.4982	93.9604	
0.996461	0.0466497	0.0699293	-0.0840044	0.583211	0.807965	-0.0030923	-0.81098	0.585066	-8.61973	-23.3438	94.587	
0.99646	0.0501167	0.0674948	-0.0840016	0.561959	0.822889	0.00331122	-0.825646	0.564179	-8.61962	-24.2051	95.1919	
0.996433	0.0536447	0.0651495	-0.0838325	0.540333	0.837265	0.00971244	-0.83974	0.542902	-8.61276	-25.0816	95.7745	
0.996378	0.0572312	0.0628952	-0.0834972	0.518348	0.851084	0.0161069	-0.853253	0.521249	-8.59918	-25.9726	96.3346	
