1	0	0	0	1	0	0	0	1	0	0	0	
0.999992	2.06227e-06	-0.00409171	2.06227e-06	0.999999	0.00100802	0.00409171	-0.00100802	0.999991	0.00158916	-0.0003915	0.776765	
0.999967	8.24664e-06	-0.00818496	8.23527e-06	0.999998	0.00201365	0.00818496	-0.00201365	0.999964	0.00635722	-0.00156507	1.55352	
0.999925	1.85465e-05	-0.0122797	1.8501e-05	0.999995	0.00301685	0.0122797	-0.00301685	0.99992	0.0143054	-0.00351884	2.33024	
0.999866	3.2955e-05	-0.0163758	3.28413e-05	0.999992	0.00401762	0.0163758	-0.00401762	0.999858	0.0254347	-0.00625091	3.10692	
0.99979	5.14653e-05	-0.0204732	5.12378e-05	0.999987	0.00501592	0.0204732	-0.00501592	0.999778	0.0397463	-0.0097594	3.88355	
0.999698	7.40703e-05	-0.0245718	7.36721e-05	0.999982	0.00601174	0.0245718	-0.00601173	0.99968	0.057241	-0.0140424	4.66011	
0.999589	0.000100763	-0.0286715	0.000100126	0.999975	0.00700504	0.0286715	-0.00700503	0.999564	0.0779199	-0.0190979	5.43658	
0.999463	0.000131535	-0.0327722	0.000130579	0.999968	0.00799582	0.0327722	-0.00799581	0.999431	0.101784	-0.024924	6.21296	
0.99932	0.000166381	-0.0368738	0.000165015	0.99996	0.00898405	0.0368739	-0.00898402	0.99928	0.128833	-0.0315187	6.98923	
0.99916	0.000205291	-0.0409764	0.000203412	0.99995	0.0099697	0.0409764	-0.00996967	0.99911	0.159069	-0.03888	7.76537	
0.998983	0.000248258	-0.0450796	0.000245753	0.99994	0.0109528	0.0450797	-0.0109527	0.998923	0.192492	-0.0470059	8.54138	
0.99879	0.000295275	-0.0491836	0.000292018	0.999929	0.0119332	0.0491836	-0.0119331	0.998718	0.229102	-0.0558944	9.31723	
0.998579	0.000346333	-0.0532881	0.000342187	0.999917	0.012911	0.0532882	-0.0129109	0.998496	0.2689	-0.0655435	10.0929	
0.998352	0.000401424	-0.0573932	0.00039624	0.999904	0.0138862	0.0573932	-0.013886	0.998255	0.311887	-0.075951	10.8684	
0.998107	0.000460539	-0.0614986	0.000454158	0.99989	0.0148587	0.0614987	-0.0148585	0.997997	0.358063	-0.0871149	11.6437	
0.997846	0.00052367	-0.0656044	0.000515922	0.999875	0.0158284	0.0656045	-0.0158282	0.99772	0.407428	-0.0990331	12.4188	
0.997567	0.000590809	-0.0697104	0.00058151	0.999859	0.0167955	0.0697105	-0.0167952	0.997426	0.459982	-0.111703	13.1937	
0.997272	0.000661947	-0.0738166	0.000650902	0.999842	0.0177598	0.0738167	-0.0177594	0.997114	0.515726	-0.125124	13.9684	
0.996959	0.000737074	-0.0779228	0.000724079	0.999824	0.0187214	0.0779229	-0.0187209	0.996784	0.574659	-0.139292	14.7428	
0.99663	0.000816182	-0.082029	0.00080102	0.999806	0.0196802	0.0820291	-0.0196795	0.996436	0.636782	-0.154206	15.5169	
0.996283	0.000899262	-0.0861351	0.000881704	0.999787	0.0206362	0.0861353	-0.0206354	0.99607	0.702095	-0.169864	16.2908	
0.995919	0.000986303	-0.090241	0.00096611	0.999766	0.0215893	0.0902412	-0.0215884	0.995686	0.770596	-0.186263	17.0643	
0.995539	0.0010773	-0.0943466	0.00105422	0.999745	0.0225397	0.0943468	-0.0225386	0.995284	0.842288	-0.203401	17.8376	
0.995141	0.00117224	-0.0984518	0.00114601	0.999723	0.0234871	0.0984521	-0.0234858	0.994865	0.917168	-0.221277	18.6105	
0.994726	0.00127111	-0.102557	0.00124146	0.999701	0.0244317	0.102557	-0.0244302	0.994427	0.995236	-0.239886	19.3831	
0.994295	0.0013739	-0.106661	0.00134054	0.999677	0.0253735	0.106661	-0.0253717	0.993972	1.07649	-0.259229	20.1554	
0.993846	0.00148061	-0.110764	0.00144325	0.999653	0.0263123	0.110765	-0.0263102	0.993498	1.16094	-0.279301	20.9273	
0.99338	0.00159122	-0.114867	0.00154954	0.999627	0.0272481	0.114868	-0.0272457	0.993007	1.24857	-0.300101	21.6988	
0.992896	0.00170573	-0.118969	0.00165942	0.999601	0.0281811	0.11897	-0.0281783	0.992498	1.33939	-0.321627	22.47	
0.992396	0.00182411	-0.12307	0.00177284	0.999575	0.029111	0.123071	-0.0291079	0.991971	1.43339	-0.343876	23.2407	
0.991879	0.00194637	-0.12717	0.0018898	0.999547	0.030038	0.127171	-0.0300344	0.991426	1.53058	-0.366846	24.011	
0.991345	0.0020725	-0.131269	0.00201026	0.999519	0.030962	0.13127	-0.0309579	0.990863	1.63096	-0.390535	24.7809	
0.990793	0.00220247	-0.135367	0.00213421	0.999489	0.0318829	0.135368	-0.0318783	0.990282	1.73452	-0.414939	25.5504	
0.990224	0.00233628	-0.139464	0.00226163	0.999459	0.0328009	0.139465	-0.0327956	0.989684	1.84126	-0.440058	26.3194	
0.989639	0.00247392	-0.143559	0.00239248	0.999429	0.0337157	0.143561	-0.0337099	0.989067	1.95118	-0.465887	27.0879	
0.989036	0.00261538	-0.147653	0.00252676	0.999397	0.0346275	0.147655	-0.034621	0.988433	2.06428	-0.492426	27.8559	
0.988416	0.00276065	-0.151745	0.00266443	0.999365	0.0355363	0.151747	-0.0355289	0.987781	2.18057	-0.519671	28.6234	
0.987779	0.00290971	-0.155836	0.00280548	0.999332	0.0364419	0.155838	-0.0364337	0.98711	2.30003	-0.54762	29.3905	
0.987124	0.00306255	-0.159925	0.00294988	0.999298	0.0373444	0.159927	-0.0373353	0.986423	2.42267	-0.576271	30.1569	
0.986453	0.00321917	-0.164012	0.00309761	0.999264	0.0382437	0.164015	-0.0382337	0.985717	2.54848	-0.605621	30.9229	
0.985765	0.00337955	-0.168098	0.00324864	0.999228	0.0391399	0.1681	-0.0391288	0.984993	2.67747	-0.635667	31.6883	
0.985059	0.00354367	-0.172181	0.00340296	0.999193	0.040033	0.172184	-0.0400208	0.984251	2.80963	-0.666408	32.4531	
0.984336	0.00371153	-0.176263	0.00356053	0.999156	0.0409228	0.176266	-0.0409094	0.983492	2.94496	-0.69784	33.2174	
0.983596	0.00388312	-0.180342	0.00372135	0.999119	0.0418095	0.180345	-0.0417948	0.982715	3.08346	-0.729961	33.981	
0.982839	0.00405842	-0.184419	0.00388537	0.999081	0.0426929	0.184423	-0.0426768	0.98192	3.22513	-0.762768	34.744	
0.982065	0.00423742	-0.188494	0.00405259	0.999042	0.0435731	0.188498	-0.0435556	0.981107	3.36997	-0.796259	35.5064	
0.981274	0.0044201	-0.192566	0.00422297	0.999003	0.0444501	0.192571	-0.044431	0.980277	3.51797	-0.830432	36.2682	
0.980466	0.00460646	-0.196636	0.0043965	0.998963	0.0453238	0.196641	-0.045303	0.979428	3.66914	-0.865283	37.0293	
0.97964	0.00479648	-0.200703	0.00457314	0.998922	0.0461943	0.200709	-0.0461716	0.978562	3.82346	-0.900811	37.7898	
0.978798	0.00499015	-0.204768	0.00475289	0.998881	0.0470614	0.204774	-0.0470369	0.977679	3.98094	-0.937011	38.5496	
0.977938	0.00518745	-0.20883	0.0049357	0.998839	0.0479253	0.208836	-0.0478987	0.976777	4.14158	-0.973883	39.3086	
0.977062	0.00538838	-0.212889	0.00512156	0.998796	0.0487858	0.212896	-0.0487571	0.975858	4.30538	-1.01142	40.067	
0.976168	0.00559292	-0.216945	0.00531044	0.998753	0.0496431	0.216952	-0.049612	0.974921	4.47232	-1.04963	40.8247	
0.975449	0.00575297	-0.22015	0.00490762	0.998843	0.0478468	0.22017	-0.0477525	0.974292	4.64209	-1.08744	41.5817	
0.974718	0.0059074	-0.223362	0.00449763	0.998929	0.0460463	0.223395	-0.0458867	0.973647	4.81437	-1.12381	42.3383	
0.973973	0.00605612	-0.226582	0.00408046	0.999013	0.0442418	0.226626	-0.0440149	0.972987	4.98915	-1.15873	43.0943	
0.973216	0.00619908	-0.22981	0.00365612	0.999093	0.0424335	0.229865	-0.0421372	0.97231	5.16644	-1.19219	43.8498	
0.972445	0.0063362	-0.233045	0.0032246	0.999169	0.0406216	0.233109	-0.0402538	0.971617	5.34626	-1.22419	44.6048	
0.971662	0.00646741	-0.236288	0.00278589	0.999243	0.0388064	0.23636	-0.0383649	0.970908	5.52859	-1.25472	45.3593	
0.970865	0.00659266	-0.239536	0.00233999	0.999313	0.0369879	0.239616	-0.0364708	0.970183	5.71345	-1.28379	46.1131	
0.970055	0.00671188	-0.242791	0.00188691	0.99938	0.0351665	0.242877	-0.0345716	0.969441	5.90084	-1.31138	46.8665	
0.969233	0.00682501	-0.246052	0.00142664	0.999443	0.0333423	0.246143	-0.0326675	0.968683	6.09077	-1.33749	47.6192	
0.968397	0.006932	-0.249319	0.000959183	0.999503	0.0315156	0.249413	-0.0307587	0.967909	6.28324	-1.36213	48.3713	
0.967548	0.00703278	-0.25259	0.000484554	0.999559	0.0296864	0.252688	-0.0288454	0.967118	6.47825	-1.38527	49.1229	
0.966686	0.0071273	-0.255867	2.75712e-06	0.999612	0.0278551	0.255966	-0.0269278	0.966311	6.6758	-1.40694	49.8738	
0.965811	0.00721551	-0.259149	-0.0004862	0.999661	0.0260217	0.259248	-0.0250061	0.965487	6.8759	-1.42711	50.6241	
0.964922	0.00729737	-0.262434	-0.000982306	0.999707	0.0241866	0.262534	-0.0230804	0.964647	7.07855	-1.44578	51.3737	
0.964021	0.00737282	-0.265724	-0.00148555	0.999749	0.0223498	0.265822	-0.0211509	0.96379	7.28376	-1.46296	52.1227	
0.963107	0.00744181	-0.269017	-0.00199591	0.999788	0.0205116	0.269112	-0.0192179	0.962917	7.49152	-1.47864	52.871	
0.96218	0.00750431	-0.272313	-0.00251339	0.999823	0.0186721	0.272405	-0.0172815	0.962028	7.70183	-1.49282	53.6186	
0.961239	0.00756028	-0.275612	-0.00303795	0.999854	0.0168316	0.275699	-0.0153419	0.961122	7.91471	-1.50549	54.3655	
0.960286	0.00760967	-0.278914	-0.00356958	0.999881	0.0149901	0.278995	-0.0133992	0.960199	8.13014	-1.51665	55.1117	
0.95932	0.00765245	-0.282218	-0.00410825	0.999905	0.013148	0.282291	-0.0114537	0.95926	8.34814	-1.5263	55.8572	
0.958341	0.00768858	-0.285523	-0.00465396	0.999925	0.0113053	0.285589	-0.00950552	0.958305	8.56869	-1.53444	56.602	
0.957349	0.00771804	-0.288831	-0.00520666	0.999942	0.00946227	0.288887	-0.00755485	0.957333	8.79181	-1.54107	57.346	
0.956344	0.00774078	-0.292139	-0.00576634	0.999954	0.00761905	0.292185	-0.00560187	0.956345	9.01749	-1.54618	58.0892	
0.955327	0.00775679	-0.295449	-0.00633296	0.999963	0.00577583	0.295483	-0.00364674	0.955341	9.24573	-1.54977	58.8317	
0.954297	0.00776604	-0.298759	-0.0069065	0.999968	0.00393276	0.29878	-0.00168965	0.954321	9.47653	-1.55184	59.5734	
0.953255	0.00776851	-0.302069	-0.00748692	0.99997	0.00209003	0.302076	0.000269233	0.953284	9.7099	-1.55239	60.3143	
0.952199	0.00776417	-0.305378	-0.00807419	0.999967	0.0002478	0.30537	0.00222973	0.952231	9.94582	-1.55142	61.0543	
0.951132	0.007753	-0.308688	-0.00866828	0.999961	-0.00159376	0.308663	0.00419167	0.951162	10.1843	-1.54893	61.7936	
0.950052	0.007735	-0.311996	-0.00926914	0.999951	-0.00343448	0.311955	0.00615487	0.950077	10.4253	-1.54491	62.532	
0.948959	0.00771014	-0.315304	-0.00987674	0.999937	-0.0052742	0.315243	0.00811918	0.948976	10.6689	-1.53937	63.2695	
0.947855	0.00767841	-0.31861	-0.010491	0.99992	-0.00711276	0.318529	0.0100844	0.947859	10.9151	-1.5323	64.0062	
0.946738	0.00763981	-0.321914	-0.011112	0.999898	-0.00894998	0.321812	0.0120504	0.946727	11.1638	-1.5237	64.7421	
0.945609	0.00759433	-0.325215	-0.0117396	0.999873	-0.0107857	0.325092	0.014017	0.945578	11.415	-1.51358	65.477	
0.944469	0.00754195	-0.328515	-0.0123737	0.999844	-0.0126198	0.328368	0.0159839	0.944415	11.6688	-1.50192	66.2111	
0.943316	0.00748269	-0.331811	-0.0130143	0.999811	-0.014452	0.33164	0.0179512	0.943235	11.9252	-1.48874	66.9442	
0.942152	0.00741654	-0.335105	-0.0136614	0.999774	-0.0162823	0.334908	0.0199184	0.94204	12.184	-1.47404	67.6764	
0.940976	0.0073435	-0.338394	-0.014315	0.999734	-0.0181105	0.338171	0.0218856	0.94083	12.4454	-1.4578	68.4077	
0.939788	0.00726357	-0.34168	-0.0149748	0.999689	-0.0199364	0.341429	0.0238526	0.939605	12.7094	-1.44004	69.138	
0.938589	0.00717677	-0.344962	-0.015641	0.999641	-0.0217598	0.344682	0.025819	0.938364	12.9759	-1.42074	69.8674	
0.940184	0.00734083	-0.340589	-0.0220947	0.998977	-0.0394603	0.339951	0.0446252	0.939384	13.2418	-1.39338	70.5967	
0.941756	0.00759244	-0.336212	-0.028458	0.997958	-0.0571767	0.335091	0.0634144	0.940049	13.504	-1.35142	71.3267	
0.943305	0.00793152	-0.331833	-0.0347284	0.996586	-0.0749024	0.330106	0.0821798	0.94036	13.7623	-1.29487	72.057	
0.944831	0.00835793	-0.327453	-0.0409037	0.99486	-0.0926305	0.324995	0.100914	0.940316	14.0168	-1.22376	72.7875	
0.946332	0.00887151	-0.323074	-0.0469815	0.992781	-0.110354	0.319763	0.11961	0.939918	14.2672	-1.13811	73.5177	
0.947809	0.00947207	-0.318698	-0.0529595	0.99035	-0.128068	0.314409	0.138262	0.939165	14.5135	-1.03795	74.2476	
0.949261	0.0101594	-0.314326	-0.0588355	0.987568	-0.145763	0.308937	0.156861	0.938058	14.7556	-0.923329	74.9767	
