1	0	0	0	1	0	0	0	1	0	0	0	
0.999998	-1.39786e-06	0.00190819	-1.39786e-06	0.999999	0.00146512	-0.00190819	-0.00146512	0.999997	-0.000879405	-0.000675214	0.921716	
0.999993	-5.60001e-06	0.00381936	-5.59954e-06	0.999996	0.00293229	-0.00381936	-0.00293229	0.999988	-0.003519	-0.0027018	1.84343	
0.999984	-1.26189e-05	0.00573345	-1.2617e-05	0.99999	0.00440146	-0.00573345	-0.00440146	0.999974	-0.0079215	-0.00608162	2.76513	
0.999971	-2.24665e-05	0.00765038	-2.24618e-05	0.999983	0.00587255	-0.00765038	-0.00587255	0.999953	-0.0140896	-0.0108165	3.68681	
0.999954	-3.51546e-05	0.00957007	-3.51452e-05	0.999973	0.00734553	-0.00957007	-0.00734553	0.999927	-0.0220257	-0.0169082	4.60847	
0.999934	-5.06944e-05	0.0114924	-5.0678e-05	0.999961	0.00882032	-0.0114924	-0.00882032	0.999895	-0.0317326	-0.0243583	5.53011	
0.99991	-6.90968e-05	0.0134174	-6.90706e-05	0.999947	0.0102969	-0.0134174	-0.0102969	0.999857	-0.0432125	-0.0331687	6.45171	
0.999882	-9.03725e-05	0.015345	-9.03331e-05	0.999931	0.0117751	-0.015345	-0.0117751	0.999813	-0.0564679	-0.0433407	7.37328	
0.999851	-0.000114531	0.0172749	-0.000114475	0.999912	0.013255	-0.0172749	-0.013255	0.999763	-0.0715011	-0.0548761	8.2948	
0.999816	-0.000141584	0.0192073	-0.000141506	0.999891	0.0147365	-0.0192073	-0.0147365	0.999707	-0.0883143	-0.0677762	9.21627	
0.999776	-0.000171538	0.021142	-0.000171435	0.999868	0.0162195	-0.021142	-0.0162195	0.999645	-0.10691	-0.0820425	10.1377	
0.999734	-0.000204404	0.0230789	-0.00020427	0.999843	0.0177039	-0.0230789	-0.0177039	0.999577	-0.127289	-0.0976764	11.0591	
0.999687	-0.000240191	0.025018	-0.000240019	0.999816	0.0191898	-0.025018	-0.0191898	0.999503	-0.149455	-0.114679	11.9803	
0.999636	-0.000278905	0.0269591	-0.00027869	0.999786	0.020677	-0.0269591	-0.020677	0.999423	-0.173409	-0.133052	12.9016	
0.999582	-0.000320556	0.0289023	-0.000320291	0.999754	0.0221655	-0.0289023	-0.0221655	0.999336	-0.199153	-0.152797	13.8227	
0.999524	-0.00036515	0.0308473	-0.000364828	0.99972	0.0236553	-0.0308473	-0.0236553	0.999244	-0.22669	-0.173914	14.7438	
0.999462	-0.000412695	0.0327943	-0.000412308	0.999684	0.0251462	-0.0327943	-0.0251462	0.999146	-0.256019	-0.196404	15.6648	
0.999396	-0.000463197	0.034743	-0.000462737	0.999645	0.0266382	-0.034743	-0.0266382	0.999041	-0.287144	-0.220269	16.5856	
0.999326	-0.000516662	0.0366934	-0.000516121	0.999604	0.0281313	-0.0366934	-0.0281313	0.998931	-0.320067	-0.24551	17.5064	
0.999253	-0.000573097	0.0386454	-0.000572466	0.999561	0.0296253	-0.0386454	-0.0296253	0.998814	-0.354787	-0.272128	18.4271	
0.999175	-0.000632507	0.040599	-0.000631775	0.999515	0.0311203	-0.040599	-0.0311203	0.998691	-0.391308	-0.300123	19.3477	
0.999094	-0.000694897	0.042554	-0.000694054	0.999468	0.0326162	-0.0425541	-0.0326162	0.998562	-0.429629	-0.329497	20.2681	
0.999009	-0.000760271	0.0445105	-0.000759307	0.999418	0.0341129	-0.0445105	-0.0341129	0.998426	-0.469754	-0.360249	21.1884	
0.998919	-0.000828634	0.0464683	-0.000827537	0.999365	0.0356104	-0.0464683	-0.0356103	0.998285	-0.511682	-0.392382	22.1086	
0.998826	-0.00089999	0.0484272	-0.000898749	0.999311	0.0371085	-0.0484273	-0.0371085	0.998137	-0.555416	-0.425895	23.0287	
0.998729	-0.000974342	0.0503874	-0.000972944	0.999254	0.0386073	-0.0503874	-0.0386073	0.997983	-0.600955	-0.460789	23.9486	
0.998628	-0.00105169	0.0523487	-0.00105013	0.999195	0.0401067	-0.0523487	-0.0401067	0.997823	-0.648302	-0.497065	24.8684	
0.998523	-0.00113205	0.0543109	-0.0011303	0.999133	0.0416066	-0.054311	-0.0416065	0.997657	-0.697457	-0.534724	25.7881	
0.998415	-0.0012154	0.0562741	-0.00121346	0.99907	0.043107	-0.0562742	-0.0431069	0.997484	-0.748421	-0.573765	26.7075	
0.998302	-0.00130177	0.0582382	-0.00129961	0.999004	0.0446077	-0.0582382	-0.0446077	0.997306	-0.801195	-0.614189	27.6269	
0.998185	-0.00139114	0.060203	-0.00138876	0.998935	0.0461089	-0.0602031	-0.0461088	0.997121	-0.85578	-0.655996	28.546	
0.998065	-0.00148352	0.0621686	-0.0014809	0.998865	0.0476103	-0.0621686	-0.0476102	0.996929	-0.912176	-0.699187	29.465	
0.99794	-0.0015789	0.0641347	-0.00157603	0.998792	0.0491119	-0.0641348	-0.0491118	0.996732	-0.970384	-0.743762	30.3838	
0.997811	-0.0016773	0.0661014	-0.00167416	0.998717	0.0506137	-0.0661015	-0.0506136	0.996528	-1.0304	-0.789722	31.3024	
0.997679	-0.00177871	0.0680686	-0.00177527	0.998639	0.0521157	-0.0680687	-0.0521155	0.996319	-1.09224	-0.837065	32.2208	
0.997543	-0.00188312	0.0700362	-0.00187938	0.99856	0.0536176	-0.0700363	-0.0536175	0.996102	-1.15589	-0.885793	33.139	
0.997402	-0.00199055	0.0720041	-0.00198648	0.998478	0.0551196	-0.0720043	-0.0551195	0.99588	-1.22135	-0.935906	34.0571	
0.997258	-0.00210098	0.0739723	-0.00209657	0.998394	0.0566215	-0.0739724	-0.0566214	0.995652	-1.28862	-0.987403	34.9749	
0.99711	-0.00221441	0.0759406	-0.00220965	0.998307	0.0581233	-0.0759408	-0.0581231	0.995417	-1.35771	-1.04028	35.8925	
0.996958	-0.00233085	0.0779091	-0.00232571	0.998218	0.0596249	-0.0779092	-0.0596247	0.995176	-1.42861	-1.09455	36.8099	
0.996802	-0.00245028	0.0798775	-0.00244474	0.998127	0.0611263	-0.0798777	-0.0611261	0.994929	-1.50133	-1.1502	37.727	
0.996642	-0.00257272	0.0818459	-0.00256676	0.998034	0.0626274	-0.0818461	-0.0626272	0.994675	-1.57586	-1.20723	38.6439	
0.996478	-0.00269814	0.0838141	-0.00269175	0.997938	0.0641281	-0.0838143	-0.0641279	0.994416	-1.65221	-1.26565	39.5606	
0.99631	-0.00282656	0.0857822	-0.0028197	0.99784	0.0656285	-0.0857824	-0.0656282	0.99415	-1.73037	-1.32545	40.4771	
0.996138	-0.00295796	0.0877499	-0.00295062	0.99774	0.0671283	-0.0877501	-0.067128	0.993878	-1.81034	-1.38663	41.3933	
0.995962	-0.00309234	0.0897173	-0.0030845	0.997638	0.0686276	-0.0897175	-0.0686273	0.9936	-1.89213	-1.44919	42.3092	
0.995783	-0.0032297	0.0916842	-0.00322133	0.997533	0.0701264	-0.0916845	-0.070126	0.993316	-1.97573	-1.51314	43.2249	
0.995599	-0.00337003	0.0936506	-0.00336111	0.997426	0.0716245	-0.0936509	-0.071624	0.993025	-2.06114	-1.57846	44.1403	
0.995412	-0.00351332	0.0956165	-0.00350383	0.997317	0.0731219	-0.0956168	-0.0731214	0.992729	-2.14837	-1.64517	45.0555	
0.995221	-0.00365957	0.0975816	-0.00364949	0.997205	0.0746185	-0.097582	-0.074618	0.992426	-2.23741	-1.71326	45.9704	
0.995026	-0.00380878	0.099546	-0.00379807	0.997092	0.0761143	-0.0995464	-0.0761138	0.992118	-2.32826	-1.78272	46.885	
0.994827	-0.00396092	0.10151	-0.00394957	0.996976	0.0776093	-0.10151	-0.0776087	0.991803	-2.42091	-1.85357	47.7993	
0.994624	-0.00411601	0.103472	-0.00410399	0.996858	0.0791033	-0.103473	-0.0791027	0.991482	-2.51538	-1.92579	48.7133	
0.994417	-0.00427402	0.105434	-0.00426131	0.996738	0.0805963	-0.105435	-0.0805956	0.991155	-2.61166	-1.99939	49.627	
0.994207	-0.00443496	0.107395	-0.00442152	0.996615	0.0820883	-0.107395	-0.0820876	0.990822	-2.70974	-2.07436	50.5404	
0.993992	-0.0045988	0.109354	-0.00458462	0.996491	0.0835792	-0.109355	-0.0835784	0.990483	-2.80963	-2.15071	51.4535	
0.993774	-0.00476555	0.111313	-0.00475059	0.996364	0.0850689	-0.111313	-0.0850681	0.990138	-2.91133	-2.22843	52.3663	
0.993552	-0.0049352	0.11327	-0.00491944	0.996235	0.0865574	-0.11327	-0.0865565	0.989787	-3.01483	-2.30753	53.2788	
0.993326	-0.00510773	0.115225	-0.00509113	0.996104	0.0880446	-0.115226	-0.0880437	0.98943	-3.12014	-2.38799	54.1909	
0.993097	-0.00528313	0.11718	-0.00526568	0.99597	0.0895305	-0.117181	-0.0895295	0.989067	-3.22724	-2.46983	55.1027	
0.992863	-0.0054614	0.119133	-0.00544306	0.995835	0.0910151	-0.119133	-0.091014	0.988698	-3.33615	-2.55304	56.0142	
0.992527	-0.00571251	0.121887	-0.00522739	0.995996	0.089246	-0.121909	-0.0892163	0.988523	-3.44724	-2.6361	56.9254	
0.992184	-0.00595882	0.124644	-0.00500676	0.996154	0.0874773	-0.124686	-0.0874176	0.988338	-3.56088	-2.7175	57.8365	
0.991832	-0.00620032	0.127403	-0.00478115	0.996309	0.0857088	-0.127464	-0.0856178	0.988141	-3.67709	-2.79724	58.7473	
0.991472	-0.00643695	0.130162	-0.00455055	0.99646	0.0839406	-0.130242	-0.083817	0.987933	-3.79586	-2.87533	59.658	
0.991104	-0.00666868	0.132923	-0.00431495	0.996609	0.0821726	-0.13302	-0.0820151	0.987714	-3.91718	-2.95176	60.5685	
0.990728	-0.00689549	0.135685	-0.00407436	0.996754	0.0804048	-0.135799	-0.0802121	0.987484	-4.04107	-3.02652	61.4788	
0.990344	-0.00711735	0.138447	-0.00382875	0.996896	0.0786371	-0.138577	-0.0784079	0.987243	-4.16752	-3.09962	62.3889	
0.989953	-0.00733422	0.141209	-0.00357813	0.997035	0.0768695	-0.141354	-0.0766025	0.986991	-4.29653	-3.17106	63.2987	
0.989553	-0.00754609	0.143971	-0.00332247	0.99717	0.0751021	-0.14413	-0.0747958	0.986728	-4.42809	-3.24083	64.2083	
0.989146	-0.00775291	0.146732	-0.00306179	0.997303	0.0733346	-0.146905	-0.0729879	0.986454	-4.56222	-3.30894	65.1177	
0.988731	-0.00795468	0.149493	-0.00279605	0.997432	0.0715672	-0.149678	-0.0711787	0.986169	-4.6989	-3.37538	66.0268	
0.988308	-0.00815137	0.152253	-0.00252527	0.997558	0.0697997	-0.15245	-0.0693681	0.985874	-4.83814	-3.44015	66.9356	
0.987877	-0.00834295	0.155011	-0.00224942	0.997681	0.0680322	-0.155219	-0.0675562	0.985567	-4.97993	-3.50326	67.8442	
0.987439	-0.0085294	0.157768	-0.00196851	0.9978	0.0662646	-0.157986	-0.0657428	0.98525	-5.12428	-3.56469	68.7524	
0.986994	-0.00871072	0.160523	-0.00168252	0.997916	0.0644968	-0.16075	-0.0639281	0.984923	-5.27117	-3.62445	69.6604	
0.986541	-0.00888687	0.163275	-0.00139145	0.99803	0.0627289	-0.163511	-0.0621118	0.984584	-5.42061	-3.68253	70.5681	
0.98608	-0.00905785	0.166025	-0.00109528	0.99814	0.0609608	-0.166269	-0.060294	0.984235	-5.57259	-3.73895	71.4754	
0.985115	-0.00933823	0.171644	0.0026794	0.999236	0.0389853	-0.171877	-0.037945	0.984387	-5.72843	-3.78422	72.3827	
0.984118	-0.00949098	0.177262	0.00657827	0.999834	0.0170122	-0.177394	-0.0155759	0.984017	-5.88941	-3.80889	73.2899	
0.98309	-0.00951603	0.182876	0.0105993	0.999932	-0.00494678	-0.182817	0.00680148	0.983123	-6.05542	-3.81293	74.1965	
0.982031	-0.00941335	0.188484	0.0147402	0.99953	-0.02688	-0.188143	0.0291753	0.981708	-6.22639	-3.79635	75.1021	
0.980942	-0.009183	0.194083	0.018999	0.998629	-0.0487757	-0.193369	0.0515336	0.979772	-6.40222	-3.75915	76.0061	
0.979824	-0.0088251	0.199668	0.0233733	0.997229	-0.0706225	-0.198492	0.0738645	0.977315	-6.58282	-3.70136	76.9081	
0.978676	-0.00833984	0.205238	0.0278608	0.995331	-0.0924086	-0.20351	0.0961562	0.97434	-6.76809	-3.623	77.8076	
0.977501	-0.00772748	0.21079	0.0324591	0.992936	-0.114122	-0.208419	0.118397	0.970847	-6.95794	-3.52412	78.704	
0.976297	-0.00698835	0.216321	0.0371658	0.990045	-0.135753	-0.213218	0.140575	0.966838	-7.15227	-3.40476	79.5971	
0.975067	-0.00612284	0.221827	0.0419784	0.98666	-0.157288	-0.217904	0.162678	0.962317	-7.35096	-3.265	80.4862	
0.97381	-0.00513141	0.227305	0.0468943	0.982783	-0.178716	-0.222475	0.184695	0.957284	-7.55392	-3.10491	81.3709	
0.972527	-0.00401457	0.232754	0.0519109	0.978414	-0.200026	-0.226927	0.206613	0.951743	-7.76104	-2.92456	82.2507	
0.97122	-0.00277294	0.238169	0.0570256	0.973558	-0.221207	-0.231258	0.228422	0.945697	-7.97221	-2.72406	83.1252	
0.969888	-0.00140716	0.243549	0.0622356	0.968216	-0.242247	-0.235467	0.25011	0.939149	-8.18731	-2.50352	83.9939	
0.968532	8.20404e-05	0.24889	0.0675381	0.962392	-0.263136	-0.239551	0.271665	0.932102	-8.40624	-2.26304	84.8563	
0.967153	0.00169387	0.254189	0.0729305	0.956088	-0.283862	-0.243508	0.293076	0.92456	-8.62887	-2.00276	85.712	
0.965752	0.00342747	0.259443	0.0784097	0.949307	-0.304413	-0.247335	0.314331	0.916527	-8.85509	-1.72282	86.5605	
0.96433	0.00528192	0.264651	0.0839729	0.942054	-0.32478	-0.251031	0.335419	0.908007	-9.08478	-1.42337	87.4014	
0.962887	0.00725624	0.269808	0.0896171	0.934332	-0.344952	-0.254594	0.356329	0.899006	-9.31781	-1.10455	88.2342	
0.961424	0.00934937	0.274913	0.0953394	0.926146	-0.364917	-0.258021	0.37705	0.889527	-9.55406	-0.766555	89.0585	
0.959941	0.0115602	0.279962	0.101137	0.917499	-0.384665	-0.261312	0.397571	0.879576	-9.79341	-0.409549	89.8739	
