1	0	0	0	1	0	0	0	1	0	0	0	
0.999995	1.70073e-06	-0.00331541	1.70073e-06	0.999999	0.00102595	0.00331541	-0.00102595	0.999994	0.00155724	-0.000481886	0.939392	
0.999978	6.81976e-06	-0.00663984	6.81633e-06	0.999998	0.00205365	0.00663984	-0.00205365	0.999976	0.0062332	-0.00192837	1.87877	
0.99995	1.53812e-05	-0.00997314	1.53674e-05	0.999995	0.00308306	0.00997314	-0.00308306	0.999946	0.0140363	-0.00434107	2.81813	
0.999911	2.74087e-05	-0.0133152	2.73742e-05	0.999992	0.00411413	0.0133152	-0.00411413	0.999903	0.0249747	-0.00772157	3.75745	
0.999861	4.29256e-05	-0.0166658	4.28564e-05	0.999987	0.0051468	0.0166658	-0.0051468	0.999848	0.0390567	-0.0120714	4.69673	
0.999799	6.19546e-05	-0.0200249	6.18332e-05	0.999981	0.00618103	0.0200249	-0.00618103	0.99978	0.0562902	-0.0173921	5.63595	
0.999726	8.45183e-05	-0.0233922	8.43236e-05	0.999974	0.00721677	0.0233922	-0.00721677	0.9997	0.0766831	-0.023685	6.5751	
0.999642	0.000110638	-0.0267678	0.000110346	0.999966	0.00825398	0.0267678	-0.00825397	0.999608	0.100243	-0.0309515	7.51417	
0.999545	0.000140337	-0.0301514	0.000139918	0.999957	0.0092926	0.0301514	-0.00929259	0.999502	0.126978	-0.0391931	8.45315	
0.999437	0.000173634	-0.0335429	0.000173057	0.999947	0.0103326	0.0335429	-0.0103326	0.999384	0.156895	-0.048411	9.39202	
0.999317	0.000210552	-0.0369421	0.00020978	0.999935	0.0113739	0.0369421	-0.0113739	0.999253	0.190002	-0.0586065	10.3308	
0.999186	0.00025111	-0.0403489	0.000250104	0.999923	0.0124165	0.0403489	-0.0124164	0.999109	0.226305	-0.0697807	11.2694	
0.999042	0.000295328	-0.0437632	0.000294044	0.999909	0.0134603	0.0437632	-0.0134602	0.998951	0.265812	-0.0819349	12.2079	
0.998886	0.000343226	-0.0471848	0.000341617	0.999895	0.0145052	0.0471848	-0.0145052	0.998781	0.30853	-0.0950702	13.1462	
0.998718	0.000394822	-0.0506136	0.000392838	0.999879	0.0155513	0.0506136	-0.0155513	0.998597	0.354466	-0.109188	14.0844	
0.998538	0.000450135	-0.0540494	0.000447721	0.999862	0.0165985	0.0540494	-0.0165984	0.9984	0.403626	-0.124288	15.0224	
0.998346	0.000509184	-0.0574921	0.00050628	0.999844	0.0176467	0.0574921	-0.0176466	0.99819	0.456017	-0.140373	15.9602	
0.998141	0.000571986	-0.0609416	0.00056853	0.999825	0.0186959	0.0609416	-0.0186958	0.997966	0.511645	-0.157443	16.8977	
0.997924	0.000638558	-0.0643977	0.000634483	0.999805	0.019746	0.0643977	-0.0197459	0.997729	0.570516	-0.175499	17.8351	
0.997695	0.000708917	-0.0678602	0.000704152	0.999783	0.0207971	0.0678602	-0.0207969	0.997478	0.632637	-0.194542	18.7723	
0.997453	0.000783079	-0.071329	0.000777551	0.999761	0.0218489	0.0713291	-0.0218487	0.997214	0.698014	-0.214572	19.7092	
0.997198	0.000861062	-0.0748041	0.000854691	0.999737	0.0229016	0.0748041	-0.0229013	0.996935	0.766653	-0.235591	20.6458	
0.996931	0.000942879	-0.0782851	0.000935583	0.999713	0.023955	0.0782852	-0.0239547	0.996643	0.838559	-0.2576	21.5822	
0.996651	0.00102855	-0.0817721	0.00102024	0.999687	0.0250091	0.0817722	-0.0250087	0.996337	0.913737	-0.280598	22.5183	
0.996358	0.00111808	-0.0852648	0.00110867	0.99966	0.0260638	0.0852649	-0.0260634	0.996017	0.992194	-0.304586	23.4541	
0.996052	0.00121149	-0.0887631	0.00120088	0.999631	0.0271192	0.0887633	-0.0271187	0.995684	1.07393	-0.329566	24.3896	
0.995733	0.00130879	-0.0922669	0.00129689	0.999602	0.0281751	0.0922671	-0.0281746	0.995336	1.15896	-0.355537	25.3248	
0.995402	0.00141001	-0.095776	0.0013967	0.999572	0.0292316	0.0957762	-0.0292309	0.994974	1.24729	-0.3825	26.2596	
0.995057	0.00151514	-0.0992902	0.00150033	0.99954	0.0302885	0.0992905	-0.0302877	0.994597	1.33891	-0.410456	27.1941	
0.9947	0.0016242	-0.10281	0.00160777	0.999507	0.0313458	0.10281	-0.031345	0.994207	1.43384	-0.439405	28.1282	
0.994329	0.0017372	-0.106334	0.00171904	0.999473	0.0324035	0.106334	-0.0324025	0.993802	1.53207	-0.469347	29.062	
0.993945	0.00185417	-0.109863	0.00183415	0.999438	0.0334615	0.109863	-0.0334604	0.993383	1.63362	-0.500282	29.9954	
0.993548	0.00197509	-0.113396	0.00195311	0.999402	0.0345199	0.113396	-0.0345186	0.99295	1.73848	-0.532212	30.9284	
0.993137	0.0021	-0.116934	0.00207591	0.999365	0.0355784	0.116934	-0.035577	0.992502	1.84667	-0.565136	31.8609	
0.992714	0.00222889	-0.120476	0.00220257	0.999326	0.0366372	0.120477	-0.0366356	0.99204	1.95818	-0.599054	32.7931	
0.992277	0.00236179	-0.124023	0.00233309	0.999287	0.0376961	0.124023	-0.0376943	0.991563	2.07302	-0.633966	33.7247	
0.991826	0.00249869	-0.127573	0.00246747	0.999246	0.038755	0.127574	-0.038753	0.991072	2.19119	-0.669873	34.656	
0.991362	0.0026396	-0.131128	0.00260573	0.999204	0.0398141	0.131128	-0.0398119	0.990566	2.31271	-0.706775	35.5868	
0.990884	0.00278454	-0.134686	0.00274787	0.999161	0.0408732	0.134686	-0.0408707	0.990045	2.43756	-0.744671	36.517	
0.990393	0.00293352	-0.138247	0.00289388	0.999116	0.0419322	0.138248	-0.0419294	0.98951	2.56576	-0.783562	37.4468	
0.989889	0.00308654	-0.141812	0.00304378	0.999071	0.0429911	0.141813	-0.0429881	0.98896	2.6973	-0.823448	38.3761	
0.98937	0.0032436	-0.145381	0.00319757	0.999024	0.04405	0.145382	-0.0440466	0.988395	2.83219	-0.864328	39.3049	
0.988839	0.00340472	-0.148952	0.00335524	0.998976	0.0451086	0.148953	-0.0451049	0.987815	2.97044	-0.906202	40.2331	
0.988293	0.00356991	-0.152527	0.00351681	0.998928	0.0461671	0.152528	-0.046163	0.98722	3.11205	-0.94907	41.1608	
0.987734	0.00373916	-0.156104	0.00368227	0.998877	0.0472252	0.156106	-0.0472208	0.986611	3.25701	-0.992933	42.0879	
0.98716	0.00391248	-0.159684	0.00385163	0.998826	0.0482831	0.159686	-0.0482782	0.985987	3.40534	-1.03779	43.0144	
0.986573	0.00408989	-0.163267	0.00402488	0.998774	0.0493407	0.163269	-0.0493353	0.985347	3.55703	-1.08364	43.9403	
0.985973	0.00427138	-0.166852	0.00420203	0.99872	0.0503978	0.166854	-0.050392	0.984693	3.71209	-1.13048	44.8656	
0.985358	0.00445695	-0.17044	0.00438307	0.998666	0.0514545	0.170442	-0.0514482	0.984024	3.87051	-1.17831	45.7903	
0.984729	0.00464662	-0.174029	0.00456802	0.99861	0.0525108	0.174032	-0.0525039	0.983339	4.03231	-1.22714	46.7144	
0.984087	0.00484039	-0.177621	0.00475685	0.998553	0.0535665	0.177623	-0.053559	0.98264	4.19748	-1.27696	47.6378	
0.983431	0.00503825	-0.181215	0.00494959	0.998495	0.0546217	0.181217	-0.0546136	0.981926	4.36603	-1.32776	48.5606	
0.98276	0.00524022	-0.18481	0.00514621	0.998436	0.0556763	0.184812	-0.0556675	0.981196	4.53795	-1.37956	49.4827	
0.982076	0.00544629	-0.188407	0.00534673	0.998375	0.0567302	0.188409	-0.0567207	0.980451	4.71326	-1.43235	50.404	
0.981378	0.00565647	-0.192005	0.00555114	0.998314	0.0577834	0.192008	-0.0577732	0.979691	4.89194	-1.48613	51.3247	
0.980665	0.00587075	-0.195604	0.00575943	0.998251	0.0588359	0.195608	-0.0588249	0.978916	5.074	-1.5409	52.2447	
0.979939	0.00608914	-0.199205	0.00597161	0.998187	0.0598876	0.199209	-0.0598758	0.978126	5.25944	-1.59665	53.1639	
0.979198	0.00631165	-0.202807	0.00618766	0.998122	0.0609385	0.202811	-0.0609258	0.977321	5.44827	-1.65339	54.0824	
0.978444	0.00653826	-0.206409	0.00640759	0.998056	0.0619886	0.206413	-0.0619749	0.9765	5.64048	-1.71112	55.0001	
0.977675	0.00676898	-0.210013	0.0066314	0.997989	0.0630377	0.210017	-0.0630231	0.975664	5.83608	-1.76983	55.917	
0.976892	0.00700381	-0.213616	0.00685907	0.997921	0.064086	0.213621	-0.0640703	0.974813	6.03506	-1.82952	56.8331	
0.97534	0.00746605	-0.22058	0.00712318	0.997842	0.0652708	0.220592	-0.0652325	0.973182	6.23901	-1.89026	57.7481	
0.973737	0.00793683	-0.227536	0.00739602	0.997762	0.0664548	0.227554	-0.0663924	0.971499	6.4495	-1.95208	58.6615	
0.972084	0.00841611	-0.234482	0.00767758	0.99768	0.0676377	0.234507	-0.0675498	0.969765	6.66653	-2.01499	59.5733	
0.97038	0.00890387	-0.241419	0.00796782	0.997597	0.0688194	0.241452	-0.0687045	0.967978	6.89009	-2.07899	60.4835	
0.968626	0.00940011	-0.248346	0.00826672	0.997513	0.0699996	0.248386	-0.0698564	0.966139	7.12017	-2.14407	61.3919	
0.966821	0.00990478	-0.255262	0.00857425	0.997427	0.0711781	0.25531	-0.0710052	0.964248	7.35675	-2.21023	62.2986	
0.964966	0.0104179	-0.262167	0.00889036	0.997339	0.0723549	0.262223	-0.0721508	0.962306	7.59984	-2.27748	63.2035	
0.963061	0.0109393	-0.26906	0.00921503	0.99725	0.0735297	0.269125	-0.073293	0.960312	7.84941	-2.34579	64.1066	
0.961106	0.0114692	-0.275941	0.0095482	0.99716	0.0747023	0.276014	-0.0744315	0.958267	8.10546	-2.41518	65.0077	
0.959101	0.0120073	-0.28281	0.00988985	0.997068	0.0758725	0.282892	-0.0755663	0.956171	8.36798	-2.48563	65.9069	
0.957046	0.0125538	-0.289665	0.0102399	0.996975	0.0770402	0.289756	-0.0766971	0.954023	8.63695	-2.55715	66.8042	
0.954941	0.0131084	-0.296506	0.0105983	0.996881	0.0782052	0.296607	-0.0778238	0.951823	8.91237	-2.62973	67.6993	
0.952786	0.0136714	-0.303334	0.0109651	0.996785	0.0793673	0.303444	-0.0789462	0.949573	9.19421	-2.70336	68.5924	
0.950582	0.0142424	-0.310146	0.0113401	0.996688	0.0805263	0.310266	-0.080064	0.947272	9.48247	-2.77805	69.4834	
0.948329	0.0148217	-0.316944	0.0117233	0.996589	0.0816822	0.317073	-0.0811771	0.94492	9.77713	-2.85378	70.3721	
0.940629	0.016734	-0.339024	0.012059	0.996506	0.082645	0.339222	-0.0818266	0.937141	10.0854	-2.93035	71.2562	
0.932412	0.018661	-0.360915	0.0124173	0.996422	0.0835996	0.361184	-0.0824309	0.928844	10.4144	-3.0075	72.1326	
0.923682	0.0206017	-0.382606	0.012798	0.996337	0.0845455	0.382946	-0.0829897	0.920035	10.7639	-3.0852	73.0011	
0.914444	0.022555	-0.404084	0.0132009	0.996252	0.085482	0.404497	-0.0835028	0.910719	11.1338	-3.16341	73.861	
0.904703	0.0245197	-0.425337	0.0136257	0.996167	0.0864088	0.425826	-0.0839698	0.9009	11.5238	-3.24207	74.712	
0.894464	0.0264949	-0.446355	0.0140721	0.99608	0.0873253	0.446919	-0.0843905	0.890585	11.9338	-3.32116	75.5535	
0.883733	0.0284794	-0.467124	0.0145401	0.995994	0.088231	0.467766	-0.0847647	0.879778	12.3634	-3.40061	76.3851	
0.872516	0.0304721	-0.487635	0.0150292	0.995907	0.0891254	0.488355	-0.0850921	0.868487	12.8125	-3.4804	77.2063	
0.860819	0.032472	-0.507874	0.0155393	0.99582	0.090008	0.508674	-0.0853726	0.856716	13.2808	-3.56047	78.0166	
0.848648	0.0344779	-0.527832	0.01607	0.995732	0.0908783	0.528713	-0.085606	0.844473	13.7681	-3.64078	78.8157	
0.836011	0.0364887	-0.547498	0.0166211	0.995645	0.0917358	0.548461	-0.0857922	0.831764	14.2741	-3.72129	79.6031	
0.822914	0.0385033	-0.566859	0.0171922	0.995557	0.0925801	0.567905	-0.0859311	0.818596	14.7985	-3.80195	80.3783	
0.809365	0.0405207	-0.585907	0.017783	0.995469	0.0934107	0.587037	-0.0860225	0.804977	15.341	-3.88272	81.1409	
0.79537	0.0425396	-0.60463	0.0183933	0.995381	0.0942272	0.605845	-0.0860666	0.790914	15.9013	-3.96355	81.8905	
0.780938	0.044559	-0.623017	0.0190226	0.995293	0.095029	0.624319	-0.0860632	0.776414	16.4791	-4.0444	82.6267	
0.766076	0.0465777	-0.64106	0.0196707	0.995205	0.0958158	0.642448	-0.0860123	0.761487	17.0741	-4.12523	83.3491	
0.750794	0.0485947	-0.658747	0.0203371	0.995117	0.096587	0.660224	-0.0859139	0.746139	17.686	-4.20599	84.0572	
0.735098	0.0506089	-0.676069	0.0210215	0.995029	0.0973424	0.677635	-0.0857682	0.73038	18.3144	-4.28663	84.7508	
0.718999	0.052619	-0.693017	0.0217236	0.994941	0.0980814	0.694672	-0.0855752	0.714218	18.959	-4.36711	85.4293	
0.702504	0.0546241	-0.709581	0.0224429	0.994854	0.0988037	0.711326	-0.085335	0.697663	19.6195	-4.44739	86.0925	
0.685623	0.056623	-0.725752	0.023179	0.994767	0.0995089	0.727588	-0.0850477	0.680722	20.2954	-4.52743	86.74	
0.668365	0.0586146	-0.741521	0.0239316	0.99468	0.100197	0.743449	-0.0847136	0.663406	20.9863	-4.60717	87.3713	
0.650739	0.0605979	-0.756879	0.0247001	0.994593	0.100866	0.758899	-0.0843327	0.645724	21.692	-4.68657	87.9863	
