1	0	0	0	1	0	0	0	1	0	0	0	
0.999998	3.20219e-06	0.00175279	3.20219e-06	0.999993	-0.00365381	-0.00175279	0.00365381	0.999992	-0.000643575	0.00134158	0.734341	
0.999994	1.28172e-05	0.00350709	1.28116e-05	0.999973	-0.00730759	-0.00350709	0.00730759	0.999967	-0.00257486	0.0053663	1.46867	
0.999986	2.88563e-05	0.00526289	2.88338e-05	0.99994	-0.0109613	-0.00526289	0.0109613	0.999926	-0.00579495	0.0120741	2.20298	
0.999975	5.13303e-05	0.00702013	5.12743e-05	0.999893	-0.0146148	-0.00702013	0.0146148	0.999869	-0.0103049	0.0214649	2.93725	
0.999961	8.02502e-05	0.0087788	8.01381e-05	0.999833	-0.0182681	-0.0087788	0.0182681	0.999795	-0.0161059	0.0335386	3.67147	
0.999944	0.000115627	0.0105389	0.000115431	0.99976	-0.0219211	-0.0105389	0.0219211	0.999704	-0.0231988	0.048295	4.40563	
0.999924	0.00015747	0.0123003	0.000157156	0.999673	-0.0255737	-0.0123003	0.0255737	0.999597	-0.0315847	0.0657337	5.13971	
0.999901	0.000205791	0.014063	0.00020532	0.999573	-0.0292258	-0.014063	0.0292258	0.999474	-0.0412646	0.0858546	5.87372	
0.999875	0.0002606	0.015827	0.000259927	0.999459	-0.0328775	-0.0158271	0.0328775	0.999334	-0.0522394	0.108657	6.60762	
0.999845	0.000321907	0.0175923	0.000320981	0.999333	-0.0365286	-0.0175924	0.0365286	0.999178	-0.06451	0.134141	7.34142	
0.999813	0.000389721	0.0193589	0.000388487	0.999192	-0.0401791	-0.0193589	0.040179	0.999005	-0.0780775	0.162306	8.0751	
0.999777	0.000464053	0.0211266	0.000462449	0.999039	-0.0438288	-0.0211266	0.0438288	0.998816	-0.0929427	0.193151	8.80864	
0.999738	0.000544912	0.0228954	0.00054287	0.998872	-0.0474778	-0.0228955	0.0474778	0.99861	-0.109106	0.226677	9.54204	
0.999696	0.000632307	0.0246654	0.000629755	0.998692	-0.0511259	-0.0246655	0.0511259	0.998388	-0.126569	0.262881	10.2753	
0.99965	0.000726248	0.0264365	0.000723107	0.998499	-0.0547731	-0.0264366	0.0547731	0.998149	-0.145333	0.301764	11.0084	
0.999602	0.000826745	0.0282087	0.000822929	0.998292	-0.0584194	-0.0282088	0.0584193	0.997894	-0.165397	0.343325	11.7412	
0.99955	0.000933805	0.0299819	0.000929226	0.998072	-0.0620646	-0.029982	0.0620645	0.997622	-0.186763	0.387564	12.4739	
0.999495	0.00104744	0.0317561	0.001042	0.997838	-0.0657086	-0.0317562	0.0657085	0.997333	-0.209432	0.434478	13.2064	
0.999437	0.00116765	0.0335312	0.00116125	0.997592	-0.0693515	-0.0335314	0.0693514	0.997029	-0.233403	0.484069	13.9387	
0.999376	0.00129446	0.0353073	0.00128699	0.997332	-0.0729932	-0.0353075	0.072993	0.996707	-0.258679	0.536334	14.6708	
0.999311	0.00142786	0.0370842	0.00141922	0.997058	-0.0766335	-0.0370846	0.0766334	0.996369	-0.28526	0.591272	15.4026	
0.999243	0.00156787	0.0388621	0.00155793	0.996772	-0.0802725	-0.0388625	0.0802723	0.996015	-0.313145	0.648884	16.1341	
0.999172	0.00171449	0.0406407	0.00170313	0.996472	-0.08391	-0.0406412	0.0839097	0.995644	-0.342337	0.709167	16.8654	
0.999098	0.00186774	0.0424202	0.00185483	0.996159	-0.087546	-0.0424208	0.0875457	0.995257	-0.372835	0.77212	17.5964	
0.999021	0.00202761	0.0442004	0.00201302	0.995832	-0.0911804	-0.0442011	0.0911801	0.994853	-0.40464	0.837744	18.3271	
0.99894	0.00219413	0.0459814	0.00217771	0.995493	-0.0948131	-0.0459821	0.0948128	0.994433	-0.437753	0.906035	19.0575	
0.998856	0.00236729	0.047763	0.0023489	0.99514	-0.0984442	-0.0477639	0.0984437	0.993996	-0.472174	0.976993	19.7876	
0.998769	0.0025471	0.0495453	0.00252659	0.994774	-0.102073	-0.0495464	0.102073	0.993542	-0.507903	1.05062	20.5174	
0.998678	0.00273357	0.0513282	0.00271078	0.994394	-0.105701	-0.0513294	0.1057	0.993072	-0.544942	1.12691	21.2468	
0.998584	0.0029267	0.0531118	0.00290147	0.994002	-0.109326	-0.0531131	0.109326	0.992586	-0.58329	1.20586	21.9759	
0.998487	0.00312651	0.0548958	0.00309867	0.993596	-0.11295	-0.0548974	0.112949	0.992083	-0.622949	1.28747	22.7046	
0.998387	0.003333	0.0566804	0.00330238	0.993177	-0.116571	-0.0566822	0.11657	0.991564	-0.663918	1.37174	23.4329	
0.998283	0.00354618	0.0584656	0.00351259	0.992745	-0.120191	-0.0584676	0.12019	0.991028	-0.706198	1.45868	24.1609	
0.998176	0.00376605	0.0602511	0.00372931	0.992299	-0.123808	-0.0602534	0.123807	0.990475	-0.749789	1.54826	24.8885	
0.998066	0.00399262	0.0620371	0.00395254	0.991841	-0.127423	-0.0620397	0.127421	0.989906	-0.794691	1.64051	25.6156	
0.997952	0.00422589	0.0638235	0.00418228	0.991369	-0.131035	-0.0638263	0.131034	0.989321	-0.840906	1.73541	26.3423	
0.997835	0.00446587	0.0656102	0.00441853	0.990884	-0.134646	-0.0656134	0.134644	0.988719	-0.888433	1.83296	27.0686	
0.997715	0.00471257	0.0673972	0.00466128	0.990386	-0.138253	-0.0674008	0.138252	0.988101	-0.937272	1.93316	27.7944	
0.997592	0.00496599	0.0691846	0.00491055	0.989875	-0.141859	-0.0691885	0.141857	0.987466	-0.987424	2.036	28.5198	
0.997465	0.00522613	0.0709722	0.00516633	0.98935	-0.145461	-0.0709766	0.145459	0.986815	-1.03889	2.1415	29.2447	
0.997334	0.00549301	0.07276	0.00542861	0.988813	-0.149061	-0.0727648	0.149059	0.986147	-1.09167	2.24964	29.9691	
0.997201	0.00576663	0.074548	0.0056974	0.988263	-0.152659	-0.0745533	0.152656	0.985463	-1.14576	2.36042	30.693	
0.997064	0.00604699	0.0763361	0.0059727	0.987699	-0.156253	-0.076342	0.15625	0.984763	-1.20116	2.47384	31.4164	
0.996923	0.00633409	0.0781244	0.00625451	0.987122	-0.159845	-0.0781308	0.159842	0.984046	-1.25788	2.5899	32.1393	
0.99678	0.00662795	0.0799127	0.00654282	0.986533	-0.163434	-0.0799198	0.16343	0.983312	-1.31591	2.7086	32.8617	
0.996633	0.00692856	0.0817011	0.00683764	0.98593	-0.16702	-0.0817088	0.167016	0.982563	-1.37526	2.82993	33.5835	
0.996482	0.00723594	0.0834895	0.00713896	0.985314	-0.170602	-0.0834979	0.170598	0.981796	-1.43592	2.95389	34.3048	
0.996329	0.00755007	0.0852779	0.00744679	0.984685	-0.174182	-0.085287	0.174178	0.981014	-1.49789	3.08048	35.0255	
0.996171	0.00787098	0.0870662	0.00776111	0.984043	-0.177759	-0.0870761	0.177754	0.980215	-1.56118	3.2097	35.7456	
0.996011	0.00819866	0.0888545	0.00808194	0.983389	-0.181332	-0.0888652	0.181327	0.9794	-1.62578	3.34155	36.4651	
0.995847	0.00853311	0.0906426	0.00840926	0.982721	-0.184902	-0.0906541	0.184896	0.978568	-1.69169	3.47601	37.184	
0.995475	0.00928582	0.0945694	0.00889357	0.981741	-0.190015	-0.0946071	0.189996	0.977216	-1.75971	3.61366	37.9021	
0.995087	0.0100587	0.0984891	0.0093989	0.980733	-0.195124	-0.0985543	0.195091	0.975821	-1.83064	3.75506	38.6192	
0.994684	0.0108517	0.102402	0.00992524	0.979699	-0.20023	-0.102496	0.200182	0.974383	-1.90446	3.90019	39.3353	
0.994265	0.0116648	0.106307	0.0104726	0.978636	-0.205331	-0.106431	0.205267	0.972902	-1.98117	4.04906	40.0503	
0.99383	0.0124979	0.110204	0.0110409	0.977547	-0.210428	-0.11036	0.210347	0.971378	-2.06077	4.20166	40.7642	
0.99338	0.0133511	0.114094	0.0116302	0.97643	-0.215521	-0.114282	0.215421	0.969811	-2.14325	4.35799	41.4769	
0.992915	0.0142242	0.117976	0.0122405	0.975286	-0.220608	-0.118198	0.220489	0.968201	-2.22861	4.51805	42.1885	
0.992433	0.0151174	0.12185	0.0128717	0.974114	-0.22569	-0.122108	0.225551	0.966549	-2.31685	4.68182	42.8989	
0.991937	0.0160305	0.125716	0.0135238	0.972915	-0.230766	-0.12601	0.230606	0.964854	-2.40795	4.84931	43.608	
0.991425	0.0169634	0.129574	0.0141968	0.971689	-0.235836	-0.129906	0.235653	0.963116	-2.50192	5.02051	44.3159	
0.990897	0.0179163	0.133423	0.0148907	0.970436	-0.2409	-0.133795	0.240694	0.961335	-2.59874	5.19541	45.0225	
0.990354	0.0188889	0.137264	0.0156054	0.969155	-0.245957	-0.137676	0.245727	0.959512	-2.69842	5.37401	45.7278	
0.989796	0.0198814	0.141097	0.0163409	0.967847	-0.251007	-0.141551	0.250751	0.957647	-2.80094	5.5563	46.4318	
0.989223	0.0208936	0.14492	0.0170972	0.966512	-0.25605	-0.145417	0.255768	0.955739	-2.90631	5.74228	47.1343	
0.988634	0.0219255	0.148735	0.0178743	0.96515	-0.261085	-0.149276	0.260776	0.953789	-3.01451	5.93194	47.8354	
0.98803	0.0229771	0.152541	0.018672	0.963761	-0.266112	-0.153128	0.265775	0.951796	-3.12555	6.12528	48.5351	
0.987411	0.0240484	0.156338	0.0194905	0.962345	-0.271131	-0.156971	0.270765	0.949761	-3.23941	6.32228	49.2333	
0.986777	0.0251392	0.160125	0.0203296	0.960902	-0.276141	-0.160807	0.275745	0.947685	-3.35608	6.52295	49.93	
0.986127	0.0262497	0.163903	0.0211893	0.959432	-0.281142	-0.164634	0.280715	0.945566	-3.47558	6.72726	50.6251	
0.985463	0.0273796	0.167672	0.0220695	0.957935	-0.286134	-0.168453	0.285675	0.943405	-3.59788	6.93523	51.3187	
0.984783	0.028529	0.17143	0.0229703	0.956412	-0.291117	-0.172263	0.290625	0.941203	-3.72298	7.14683	52.0107	
0.984089	0.0296979	0.175179	0.0238916	0.954861	-0.29609	-0.176065	0.295564	0.938959	-3.85088	7.36206	52.701	
0.983379	0.0308862	0.178919	0.0248333	0.953284	-0.301052	-0.179859	0.300492	0.936673	-3.98156	7.58092	53.3897	
0.982654	0.0320938	0.182648	0.0257954	0.951681	-0.306004	-0.183643	0.305408	0.934345	-4.11503	7.80339	54.0767	
0.981915	0.0333207	0.186367	0.0267778	0.95005	-0.310946	-0.187419	0.310313	0.931977	-4.25127	8.02946	54.762	
0.981161	0.0345669	0.190075	0.0277806	0.948394	-0.315876	-0.191185	0.315205	0.929566	-4.39029	8.25914	55.4455	
0.980392	0.0358324	0.193774	0.0288035	0.946711	-0.320795	-0.194943	0.320086	0.927115	-4.53206	8.4924	56.1272	
0.979608	0.037117	0.197462	0.0298467	0.945001	-0.325702	-0.198691	0.324954	0.924623	-4.6766	8.72924	56.8071	
0.978809	0.0384207	0.201139	0.0309099	0.943266	-0.330597	-0.202429	0.329809	0.922089	-4.82388	8.96965	57.4852	
0.977996	0.0397436	0.204805	0.0319933	0.941504	-0.33548	-0.206158	0.33465	0.919515	-4.9739	9.21362	58.1614	
0.977167	0.0410854	0.20846	0.0330967	0.939716	-0.34035	-0.209877	0.339479	0.9169	-5.12665	9.46114	58.8357	
0.976325	0.0424463	0.212105	0.03422	0.937902	-0.345208	-0.213586	0.344293	0.914244	-5.28214	9.71221	59.508	
0.975467	0.0438261	0.215738	0.0353632	0.936062	-0.350052	-0.217286	0.349094	0.911548	-5.44034	9.9668	60.1784	
0.974595	0.0452248	0.21936	0.0365263	0.934197	-0.354883	-0.220975	0.35388	0.908812	-5.60126	10.2249	60.8468	
0.973709	0.0466424	0.222971	0.0377091	0.932306	-0.3597	-0.224654	0.358651	0.906035	-5.76488	10.4865	61.5131	
0.972808	0.0480788	0.22657	0.0389116	0.930389	-0.364503	-0.228323	0.363408	0.903218	-5.93121	10.7517	62.1774	
0.971892	0.0495339	0.230157	0.0401337	0.928446	-0.369292	-0.231981	0.368149	0.900362	-6.10022	11.0203	62.8397	
0.970962	0.0510077	0.233733	0.0413755	0.926479	-0.374066	-0.235629	0.372875	0.897465	-6.27191	11.2923	63.4998	
0.970018	0.0525002	0.237297	0.0426367	0.924486	-0.378825	-0.239266	0.377585	0.894529	-6.44628	11.5679	64.1578	
0.969059	0.0540112	0.240849	0.0439173	0.922467	-0.383569	-0.242892	0.382278	0.891553	-6.62331	11.8469	64.8136	
0.968086	0.0555409	0.244388	0.0452173	0.920424	-0.388298	-0.246507	0.386956	0.888538	-6.80301	12.1293	65.4672	
0.967098	0.057089	0.247916	0.0465366	0.918356	-0.39301	-0.250111	0.391617	0.885483	-6.98535	12.4152	66.1185	
0.966096	0.0586555	0.251431	0.0478751	0.916263	-0.397707	-0.253704	0.39626	0.88239	-7.17034	12.7045	66.7676	
0.96508	0.0602404	0.254933	0.0492326	0.914145	-0.402387	-0.257286	0.400887	0.879257	-7.35796	12.9972	67.4145	
0.96405	0.0618437	0.258423	0.0506093	0.912002	-0.407051	-0.260856	0.405496	0.876086	-7.54821	13.2933	68.059	
0.963006	0.0634652	0.261901	0.0520049	0.909835	-0.411698	-0.264415	0.410087	0.872876	-7.74108	13.5927	68.7012	
0.961947	0.065105	0.265365	0.0534193	0.907644	-0.416327	-0.267962	0.414661	0.869628	-7.93655	13.8956	69.341	
0.957993	0.0711448	0.277828	0.0565449	0.902871	-0.426177	-0.281163	0.423985	0.860921	-8.13818	14.2035	69.9764	
