1	0	0	0	1	0	0	0	1	0	0	0	
0.999984	-6.28131e-06	0.00561613	-6.28131e-06	0.999997	0.00223686	-0.00561613	-0.00223686	0.999982	-0.00298535	-0.00118904	1.06312	
0.999937	-2.51258e-05	0.0112318	-2.51293e-05	0.99999	0.00447418	-0.0112318	-0.00447418	0.999927	-0.0119412	-0.00475641	2.12621	
0.999858	-5.65348e-05	0.0168469	-5.65487e-05	0.999977	0.00671186	-0.0168469	-0.00671186	0.999836	-0.0268669	-0.0107025	3.18922	
0.999748	-0.000100509	0.0224612	-0.000100544	0.99996	0.00894984	-0.0224612	-0.00894984	0.999708	-0.0477618	-0.0190278	4.25211	
0.999606	-0.000157049	0.0280744	-0.000157119	0.999937	0.011188	-0.0280744	-0.011188	0.999543	-0.0746249	-0.0297324	5.31485	
0.999432	-0.000226155	0.0336863	-0.000226277	0.99991	0.0134263	-0.0336863	-0.0134263	0.999342	-0.107455	-0.0428166	6.37739	
0.999228	-0.000307826	0.0392968	-0.000308021	0.999877	0.0156647	-0.0392968	-0.0156647	0.999105	-0.14625	-0.0582804	7.4397	
0.998991	-0.000402061	0.0449057	-0.000402354	0.99984	0.017903	-0.0449057	-0.017903	0.998831	-0.19101	-0.0761239	8.50174	
0.998723	-0.000508859	0.0505127	-0.000509278	0.999797	0.0201412	-0.0505127	-0.0201412	0.99852	-0.241731	-0.0963469	9.56346	
0.998424	-0.000628218	0.0561176	-0.000628793	0.999749	0.0223791	-0.0561176	-0.0223792	0.998173	-0.298412	-0.118949	10.6248	
0.998093	-0.000760135	0.0617202	-0.000760902	0.999697	0.0246168	-0.0617202	-0.0246168	0.99779	-0.361051	-0.143931	11.6858	
0.997731	-0.000904608	0.0673204	-0.000905605	0.999639	0.0268541	-0.0673204	-0.0268542	0.99737	-0.429645	-0.171291	12.7464	
0.997337	-0.00106163	0.0729179	-0.0010629	0.999576	0.029091	-0.0729179	-0.0290911	0.996914	-0.504191	-0.20103	13.8065	
0.996912	-0.00123121	0.0785125	-0.00123279	0.999508	0.0313273	-0.0785125	-0.0313274	0.996421	-0.584686	-0.233146	14.8661	
0.996456	-0.00141332	0.084104	-0.00141528	0.999436	0.0335631	-0.0841039	-0.0335631	0.995892	-0.671128	-0.26764	15.9251	
0.995968	-0.00160798	0.0896922	-0.00161035	0.999358	0.0357981	-0.0896921	-0.0357982	0.995326	-0.763512	-0.30451	16.9836	
0.995449	-0.00181517	0.0952769	-0.00181802	0.999275	0.0380323	-0.0952768	-0.0380324	0.994724	-0.861835	-0.343756	18.0414	
0.994899	-0.00203489	0.100858	-0.00203827	0.999187	0.0402657	-0.100858	-0.0402658	0.994086	-0.966094	-0.385377	19.0986	
0.994317	-0.00226714	0.106435	-0.00227111	0.999094	0.0424981	-0.106435	-0.0424983	0.993411	-1.07628	-0.429372	20.1551	
0.993704	-0.0025119	0.112008	-0.00251653	0.998996	0.0447295	-0.112008	-0.0447297	0.9927	-1.1924	-0.475739	21.2109	
0.99306	-0.00276916	0.117577	-0.00277452	0.998893	0.0469598	-0.117576	-0.0469601	0.991953	-1.31444	-0.524479	22.2658	
0.992385	-0.00303893	0.123141	-0.0030451	0.998785	0.0491888	-0.123141	-0.0491892	0.991169	-1.4424	-0.575588	23.32	
0.991678	-0.0033212	0.1287	-0.00332824	0.998672	0.0514167	-0.1287	-0.0514171	0.99035	-1.57627	-0.629067	24.3733	
0.99094	-0.00361595	0.134255	-0.00362394	0.998554	0.0536431	-0.134254	-0.0536436	0.989494	-1.71605	-0.684914	25.4257	
0.990171	-0.00392317	0.139804	-0.00393221	0.99843	0.0558681	-0.139804	-0.0558687	0.988602	-1.86173	-0.743127	26.4772	
0.989372	-0.00424286	0.145348	-0.00425303	0.998302	0.0580916	-0.145348	-0.0580923	0.987674	-2.0133	-0.803705	27.5277	
0.988541	-0.00457501	0.150886	-0.0045864	0.998169	0.0603134	-0.150886	-0.0603143	0.986709	-2.17077	-0.866647	28.5773	
0.987679	-0.00491961	0.156419	-0.0049323	0.998031	0.0625336	-0.156419	-0.0625346	0.985709	-2.33412	-0.931949	29.6257	
0.986786	-0.00527664	0.161946	-0.00529074	0.997887	0.064752	-0.161945	-0.0647532	0.984673	-2.50336	-0.999611	30.6731	
0.985862	-0.0056461	0.167466	-0.0056617	0.997739	0.0669686	-0.167466	-0.0669699	0.983601	-2.67846	-1.06963	31.7194	
0.984907	-0.00602797	0.172981	-0.00604518	0.997586	0.0691832	-0.17298	-0.0691847	0.982492	-2.85943	-1.14201	32.7645	
0.983921	-0.00642224	0.178488	-0.00644117	0.997427	0.0713958	-0.178488	-0.0713975	0.981348	-3.04626	-1.21673	33.8084	
0.982905	-0.0068289	0.183989	-0.00684965	0.997264	0.0736063	-0.183989	-0.0736082	0.980168	-3.23894	-1.29382	34.8511	
0.981857	-0.00724793	0.189483	-0.00727062	0.997095	0.0758146	-0.189482	-0.0758167	0.978953	-3.43746	-1.37324	35.8925	
0.980779	-0.00767933	0.19497	-0.00770408	0.996922	0.0780206	-0.194969	-0.078023	0.977701	-3.64183	-1.45502	36.9326	
0.97967	-0.00812308	0.20045	-0.00815	0.996744	0.0802243	-0.200449	-0.080227	0.976414	-3.85202	-1.53914	37.9713	
0.978531	-0.00857916	0.205922	-0.00860837	0.99656	0.0824255	-0.20592	-0.0824286	0.975091	-4.06803	-1.6256	39.0087	
0.977361	-0.00904756	0.211386	-0.00907919	0.996372	0.0846243	-0.211384	-0.0846277	0.973732	-4.28986	-1.71441	40.0446	
0.97616	-0.00952826	0.216842	-0.00956245	0.996178	0.0868204	-0.216841	-0.0868242	0.972338	-4.51749	-1.80554	41.0791	
0.974929	-0.0100213	0.22229	-0.0100581	0.99598	0.0890139	-0.222289	-0.0890181	0.970909	-4.75091	-1.89902	42.1121	
0.973667	-0.0105265	0.22773	-0.0105662	0.995776	0.0912046	-0.227728	-0.0912092	0.969444	-4.99013	-1.99482	43.1435	
0.972375	-0.011044	0.233161	-0.0110867	0.995568	0.0933925	-0.233159	-0.0933975	0.967943	-5.23512	-2.09295	44.1733	
0.971053	-0.0115738	0.238584	-0.0116195	0.995354	0.0955774	-0.238581	-0.095583	0.966407	-5.48588	-2.19341	45.2016	
0.9697	-0.0121158	0.243997	-0.0121648	0.995136	0.0977594	-0.243995	-0.0977655	0.964836	-5.7424	-2.29618	46.2282	
0.968317	-0.0126699	0.249401	-0.0127223	0.994912	0.0999382	-0.249399	-0.0999449	0.96323	-6.00467	-2.40128	47.2531	
0.966904	-0.0132363	0.254796	-0.0132922	0.994684	0.102114	-0.254793	-0.102121	0.961588	-6.27269	-2.50869	48.2762	
0.965461	-0.0138148	0.260182	-0.0138745	0.994451	0.104286	-0.260179	-0.104294	0.959911	-6.54643	-2.61841	49.2976	
0.963987	-0.0144055	0.265558	-0.014469	0.994212	0.106455	-0.265554	-0.106464	0.9582	-6.82589	-2.73045	50.3172	
0.962484	-0.0150083	0.270923	-0.0150758	0.993969	0.108621	-0.27092	-0.108631	0.956453	-7.11106	-2.84478	51.335	
0.96095	-0.0156232	0.276279	-0.0156949	0.993721	0.110783	-0.276275	-0.110794	0.954671	-7.40193	-2.96142	52.3509	
0.959387	-0.0162502	0.281624	-0.0163262	0.993467	0.112942	-0.28162	-0.112953	0.952855	-7.69849	-3.08036	53.3649	
0.957794	-0.0168893	0.286959	-0.0169698	0.993209	0.115097	-0.286954	-0.115109	0.951003	-8.00073	-3.20159	54.3769	
0.956171	-0.0175404	0.292283	-0.0176256	0.992946	0.117248	-0.292278	-0.117261	0.949117	-8.30863	-3.32511	55.3869	
0.954518	-0.0182035	0.297596	-0.0182935	0.992678	0.119396	-0.297591	-0.119409	0.947196	-8.62218	-3.45092	56.395	
0.952836	-0.0188786	0.302899	-0.0189737	0.992405	0.121539	-0.302893	-0.121554	0.945241	-8.94138	-3.579	57.4009	
0.951124	-0.0195657	0.308189	-0.019666	0.992127	0.123679	-0.308183	-0.123695	0.943251	-9.26621	-3.70937	58.4048	
0.949382	-0.0202647	0.313469	-0.0203705	0.991845	0.125814	-0.313462	-0.125831	0.941227	-9.59665	-3.84201	59.4065	
0.947611	-0.0209757	0.318736	-0.021087	0.991557	0.127946	-0.318729	-0.127964	0.939168	-9.93271	-3.97692	60.4061	
0.945811	-0.0216986	0.323992	-0.0218157	0.991264	0.130073	-0.323984	-0.130092	0.937075	-10.2744	-4.11409	61.4034	
0.943981	-0.0224333	0.329236	-0.0225564	0.990967	0.132195	-0.329227	-0.132216	0.934948	-10.6216	-4.25353	62.3985	
0.942122	-0.0231799	0.334467	-0.0233092	0.990665	0.134314	-0.334458	-0.134336	0.932787	-10.9744	-4.39522	63.3914	
0.940234	-0.0239383	0.339686	-0.024074	0.990357	0.136428	-0.339677	-0.136452	0.930592	-11.3327	-4.53916	64.3819	
0.938317	-0.0247086	0.344892	-0.0248508	0.990045	0.138537	-0.344882	-0.138563	0.928362	-11.6966	-4.68535	65.37	
0.936371	-0.0254906	0.350086	-0.0256395	0.989728	0.140642	-0.350075	-0.140669	0.926099	-12.066	-4.83378	66.3558	
0.934395	-0.0262843	0.355266	-0.0264403	0.989407	0.142742	-0.355255	-0.142771	0.923802	-12.441	-4.98445	67.3391	
0.932391	-0.0270898	0.360434	-0.0272529	0.98908	0.144838	-0.360421	-0.144868	0.921471	-12.8214	-5.13735	68.32	
0.93139	-0.0274902	0.362984	-0.0271	0.989141	0.144448	-0.363013	-0.144374	0.920531	-13.2059	-5.2911	69.2992	
0.938211	-0.0248801	0.345169	-0.0206094	0.991625	0.127496	-0.345451	-0.126732	0.92984	-13.5826	-5.43522	70.2828	
0.944691	-0.0226106	0.327182	-0.0144429	0.993785	0.110379	-0.327644	-0.109	0.938493	-13.9404	-5.56053	71.276	
0.950826	-0.0206833	0.309034	-0.00860473	0.995619	0.0931102	-0.309606	-0.0911908	0.946482	-14.2791	-5.66695	72.2781	
0.956612	-0.0190995	0.290739	-0.00309909	0.997126	0.0757008	-0.291349	-0.0733173	0.953803	-14.5986	-5.7544	73.2883	
0.962044	-0.0178603	0.27231	0.00207015	0.998305	0.0581634	-0.272887	-0.055392	0.96045	-14.8985	-5.82283	74.3059	
0.967119	-0.0169667	0.253759	0.00689934	0.999155	0.0405104	-0.254232	-0.0374276	0.966419	-15.1788	-5.87217	75.3302	
0.971833	-0.0164192	0.235099	0.0113851	0.999676	0.0227544	-0.235397	-0.0194368	0.971705	-15.439	-5.9024	76.3605	
0.976182	-0.0162183	0.216345	0.0155242	0.999867	0.0049077	-0.216396	-0.00143224	0.976305	-15.6792	-5.91349	77.396	
0.980165	-0.0163641	0.197508	0.0193137	0.999729	-0.0130169	-0.197242	0.0165733	0.980215	-15.8991	-5.90544	78.4361	
0.983777	-0.0168564	0.178603	0.022751	0.99926	-0.0310068	-0.177949	0.0345672	0.983432	-16.0986	-5.87826	79.48	
0.987016	-0.017695	0.159643	0.0258336	0.998462	-0.0490494	-0.15853	0.0525367	0.985956	-16.2774	-5.83195	80.5269	
0.989881	-0.0188793	0.140641	0.0285594	0.997335	-0.0671317	-0.138999	0.070469	0.987782	-16.4356	-5.76656	81.5761	
0.992368	-0.0204083	0.12161	0.0309265	0.99588	-0.0852411	-0.119369	0.0883516	0.988911	-16.5729	-5.68213	82.6269	
0.994477	-0.0222811	0.102564	0.0329331	0.994098	-0.103365	-0.099656	0.106172	0.989341	-16.6894	-5.57873	83.6786	
0.996205	-0.0244963	0.0835172	0.0345778	0.99199	-0.12149	-0.0798722	0.123917	0.989073	-16.7848	-5.45641	84.7303	
0.997552	-0.0270523	0.0644818	0.0358595	0.989558	-0.139604	-0.0600319	0.141575	0.988106	-16.8592	-5.31528	85.7814	
0.998517	-0.0299474	0.0454718	0.0367773	0.986803	-0.157694	-0.0401492	0.159132	0.986441	-16.9124	-5.15542	86.831	
0.999098	-0.0331794	0.0265006	0.0373306	0.983727	-0.175747	-0.0202382	0.176577	0.984079	-16.9445	-4.97696	87.8785	
0.999296	-0.0367462	0.00758153	0.0375189	0.980333	-0.19375	-0.000312858	0.193898	0.981022	-16.9555	-4.78002	88.9232	
0.99911	-0.0406451	-0.011272	0.037342	0.976623	-0.211691	0.0196127	0.211081	0.977272	-16.9452	-4.56473	89.9642	
0.998541	-0.0448735	-0.0300467	0.0368003	0.972599	-0.229557	0.0395244	0.228116	0.972831	-16.9138	-4.33126	91.0009	
0.997588	-0.0494284	-0.0487292	0.0358939	0.968265	-0.247335	0.0594082	0.244989	0.967704	-16.8612	-4.07975	92.0325	
0.996253	-0.0543064	-0.0673065	0.0346236	0.963623	-0.265013	0.07925	0.261689	0.961893	-16.7875	-3.81041	93.0582	
0.994537	-0.0595043	-0.0857653	0.0329902	0.958677	-0.282578	0.0990358	0.278205	0.955403	-16.6927	-3.5234	94.0775	
0.99244	-0.0650182	-0.104093	0.030995	0.95343	-0.300018	0.118752	0.294524	0.948237	-16.5769	-3.21894	95.0894	
0.989965	-0.0708444	-0.122276	0.0286392	0.947886	-0.317321	0.138384	0.310635	0.940402	-16.4402	-2.89724	96.0934	
0.987112	-0.0769787	-0.140301	0.0259246	0.942048	-0.334474	0.157918	0.326526	0.931903	-16.2827	-2.55853	97.0887	
0.983884	-0.0834167	-0.158157	0.0228532	0.935922	-0.351465	0.177341	0.342187	0.922745	-16.1045	-2.20304	98.0747	
0.980284	-0.090154	-0.17583	0.019427	0.929511	-0.368283	0.196638	0.357606	0.912936	-15.9057	-1.83103	99.0505	
0.976313	-0.0971857	-0.193308	0.0156485	0.922819	-0.384915	0.215797	0.372772	0.902481	-15.6864	-1.44277	100.016	
0.971975	-0.104507	-0.210579	0.0115203	0.915853	-0.401349	0.234803	0.387675	0.89139	-15.4469	-1.03851	100.969	
0.967272	-0.112113	-0.227629	0.00704543	0.908615	-0.417575	0.253643	0.402305	0.879668	-15.1872	-0.618564	101.911	
