1	0	0	0	1	0	0	0	1	0	0	0	
0.999989	-2.84087e-06	-0.00478392	-2.84087e-06	0.999999	-0.00118767	0.00478392	0.00118767	0.999988	0.00228083	0.000566242	0.953531	
0.999954	-1.13757e-05	-0.0095714	-1.13828e-05	0.999997	-0.0023777	0.0095714	0.0023777	0.999951	0.009125	0.0022661	1.90704	
0.999897	-2.56243e-05	-0.0143623	-2.56527e-05	0.999994	-0.00357006	0.0143623	0.00357006	0.99989	0.0205358	0.0051018	2.8605	
0.999816	-4.56061e-05	-0.0191563	-4.56773e-05	0.999989	-0.00476471	0.0191563	0.00476471	0.999805	0.0365164	0.00907556	3.81389	
0.999713	-7.13402e-05	-0.0239535	-7.14827e-05	0.999982	-0.00596161	0.0239535	0.00596161	0.999695	0.0570698	0.0141895	4.76719	
0.999587	-0.000102845	-0.0287535	-0.000103095	0.999974	-0.00716071	0.0287535	0.00716071	0.999561	0.0821989	0.0204458	5.72038	
0.999437	-0.00014014	-0.0335561	-0.00014054	0.999965	-0.00836198	0.0335561	0.00836198	0.999402	0.111906	0.0278466	6.67342	
0.999264	-0.000183242	-0.0383614	-0.000183842	0.999954	-0.00956537	0.0383614	0.00956538	0.999218	0.146194	0.0363938	7.6263	
0.999068	-0.00023217	-0.043169	-0.000233027	0.999942	-0.0107708	0.0431689	0.0107709	0.99901	0.185065	0.0460895	8.57899	
0.998848	-0.00028694	-0.0479787	-0.000288119	0.999928	-0.0119784	0.0479787	0.0119784	0.998777	0.228522	0.0569356	9.53147	
0.998606	-0.000347569	-0.0527905	-0.000349143	0.999913	-0.0131879	0.0527905	0.0131879	0.998519	0.276565	0.0689341	10.4837	
0.998339	-0.000414075	-0.0576042	-0.000416122	0.999896	-0.0143994	0.0576041	0.0143994	0.998236	0.329198	0.0820869	11.4357	
0.99805	-0.000486473	-0.0624195	-0.00048908	0.999878	-0.0156128	0.0624195	0.0156128	0.997928	0.386421	0.0963958	12.3874	
0.997737	-0.00056478	-0.0672363	-0.000568041	0.999858	-0.016828	0.0672363	0.0168282	0.997595	0.448237	0.111863	13.3388	
0.9974	-0.000649011	-0.0720545	-0.000653027	0.999837	-0.0180452	0.0720544	0.0180453	0.997237	0.514647	0.128489	14.2899	
0.997041	-0.000739181	-0.0768738	-0.00074406	0.999814	-0.0192641	0.0768738	0.0192642	0.996855	0.585651	0.146277	15.2406	
0.996657	-0.000835305	-0.0816942	-0.000841164	0.99979	-0.0204847	0.0816941	0.020485	0.996447	0.661251	0.165228	16.191	
0.99625	-0.000937398	-0.0865153	-0.00094436	0.999764	-0.0217071	0.0865152	0.0217074	0.996014	0.741448	0.185344	17.1409	
0.995819	-0.00104547	-0.0913371	-0.00105367	0.999736	-0.0229311	0.0913371	0.0229315	0.995556	0.826242	0.206627	18.0904	
0.995365	-0.00115955	-0.0961595	-0.00116911	0.999707	-0.0241568	0.0961593	0.0241572	0.995073	0.915635	0.229077	19.0395	
0.994887	-0.00127963	-0.100982	-0.00129071	0.999677	-0.025384	0.100982	0.0253846	0.994564	1.00963	0.252697	19.9881	
0.994386	-0.00140574	-0.105805	-0.00141849	0.999645	-0.0266128	0.105805	0.0266135	0.994031	1.10822	0.277488	20.9362	
0.993861	-0.00153788	-0.110628	-0.00155246	0.999611	-0.0278431	0.110627	0.0278439	0.993472	1.2114	0.303452	21.8838	
0.993312	-0.00167607	-0.11545	-0.00169265	0.999576	-0.0290748	0.11545	0.0290757	0.992888	1.31919	0.330589	22.8308	
0.992739	-0.00182033	-0.120272	-0.00183908	0.999539	-0.0303079	0.120272	0.0303091	0.992278	1.43157	0.358902	23.7773	
0.992143	-0.00197065	-0.125094	-0.00199176	0.9995	-0.0315424	0.125094	0.0315438	0.991643	1.54856	0.388392	24.7231	
0.991523	-0.00212707	-0.129915	-0.00215071	0.99946	-0.0327783	0.129915	0.0327798	0.990983	1.67014	0.419059	25.6684	
0.990879	-0.00228957	-0.134735	-0.00231596	0.999419	-0.0340154	0.134735	0.0340172	0.990298	1.79631	0.450906	26.613	
0.990211	-0.00245819	-0.139555	-0.00248752	0.999375	-0.0352537	0.139554	0.0352558	0.989587	1.92709	0.483933	27.5569	
0.98952	-0.00263292	-0.144372	-0.0026654	0.99933	-0.0364933	0.144372	0.0364956	0.98885	2.06245	0.518142	28.5002	
0.988805	-0.00281378	-0.149189	-0.00284964	0.999284	-0.037734	0.149188	0.0377366	0.988088	2.20241	0.553533	29.4427	
0.988066	-0.00300077	-0.154004	-0.00304023	0.999236	-0.0389758	0.154003	0.0389788	0.987301	2.34697	0.590109	30.3846	
0.987303	-0.00319391	-0.158818	-0.00323721	0.999186	-0.0402186	0.158817	0.0402221	0.986488	2.49611	0.627869	31.3256	
0.986516	-0.00339321	-0.163629	-0.00344059	0.999134	-0.0414625	0.163628	0.0414664	0.98565	2.64984	0.666816	32.2658	
0.985706	-0.00359868	-0.168438	-0.00365037	0.999081	-0.0427074	0.168437	0.0427117	0.984787	2.80816	0.706949	33.2053	
0.984871	-0.00381031	-0.173246	-0.00386659	0.999026	-0.0439531	0.173245	0.0439581	0.983897	2.97106	0.748271	34.1439	
0.984013	-0.00402813	-0.178051	-0.00408925	0.99897	-0.0451998	0.178049	0.0452053	0.982983	3.13855	0.790781	35.0816	
0.983131	-0.00425214	-0.182853	-0.00431837	0.998911	-0.0464473	0.182852	0.0464534	0.982042	3.31061	0.834481	36.0185	
0.982225	-0.00448235	-0.187653	-0.00455397	0.998852	-0.0476956	0.187651	0.0477024	0.981077	3.48726	0.879372	36.9545	
0.981296	-0.00471876	-0.19245	-0.00479606	0.99879	-0.0489447	0.192448	0.0489522	0.980085	3.66848	0.925454	37.8895	
0.980342	-0.00496138	-0.197243	-0.00504465	0.998727	-0.0501945	0.197241	0.0502028	0.979069	3.85427	0.972728	38.8235	
0.979365	-0.00521022	-0.202034	-0.00529975	0.998662	-0.0514449	0.202032	0.0514541	0.978026	4.04463	1.02119	39.7566	
0.978363	-0.00546528	-0.206821	-0.00556139	0.998595	-0.052696	0.206819	0.0527061	0.976959	4.23956	1.07085	40.6887	
0.977338	-0.00572658	-0.211605	-0.00582957	0.998527	-0.0539476	0.211602	0.0539587	0.975865	4.43905	1.12171	41.6197	
0.97629	-0.00599411	-0.216385	-0.00610431	0.998457	-0.0551998	0.216382	0.0552119	0.974746	4.6431	1.17376	42.5497	
0.975217	-0.00626788	-0.221162	-0.00638562	0.998385	-0.0564525	0.221158	0.0564657	0.973602	4.8517	1.227	43.4786	
0.974121	-0.0065479	-0.225934	-0.00667351	0.998311	-0.0577056	0.22593	0.05772	0.972432	5.06486	1.28144	44.4065	
0.973	-0.00683417	-0.230702	-0.006968	0.998236	-0.0589591	0.230698	0.0589747	0.971237	5.28257	1.33708	45.3331	
0.971857	-0.00712669	-0.235466	-0.00726908	0.998159	-0.0602129	0.235461	0.0602299	0.970016	5.50482	1.39391	46.2587	
0.970689	-0.00742548	-0.240225	-0.00757679	0.99808	-0.061467	0.24022	0.0614855	0.968769	5.73161	1.45194	47.183	
0.969497	-0.00773052	-0.24498	-0.00789112	0.998	-0.0627215	0.244975	0.0627415	0.967497	5.96293	1.51117	48.1062	
0.968282	-0.00804184	-0.24973	-0.00821209	0.997918	-0.0639761	0.249724	0.0639977	0.9662	6.19879	1.5716	49.0281	
0.967043	-0.00835943	-0.254474	-0.00853971	0.997834	-0.0652309	0.254468	0.0652542	0.964877	6.43917	1.63322	49.9488	
0.965781	-0.00868328	-0.259214	-0.00887399	0.997748	-0.0664858	0.259208	0.066511	0.963529	6.68408	1.69604	50.8682	
0.964495	-0.00901342	-0.263949	-0.00921493	0.99766	-0.0677408	0.263942	0.0677679	0.962155	6.9335	1.76006	51.7863	
0.963185	-0.00934983	-0.268678	-0.00956256	0.997571	-0.0689958	0.26867	0.069025	0.960756	7.18743	1.82528	52.7031	
0.961851	-0.00969252	-0.273401	-0.00991686	0.99748	-0.0702508	0.273393	0.0702821	0.959331	7.44587	1.8917	53.6185	
0.960494	-0.0100415	-0.278119	-0.0102779	0.997387	-0.0715058	0.27811	0.0715394	0.957882	7.70881	1.95931	54.5326	
0.959114	-0.0103968	-0.28283	-0.0106456	0.997293	-0.0727607	0.282821	0.0727966	0.956406	7.97624	2.02813	55.4452	
0.957709	-0.0107583	-0.287536	-0.01102	0.997196	-0.0740154	0.287526	0.0740539	0.954906	8.24817	2.09814	56.3565	
0.956282	-0.0111261	-0.292235	-0.0114011	0.997098	-0.0752699	0.292225	0.075311	0.95338	8.52457	2.16935	57.2663	
0.954831	-0.0115002	-0.296928	-0.011789	0.996998	-0.0765242	0.296917	0.0765681	0.951829	8.80546	2.24176	58.1746	
0.953415	-0.0118738	-0.301428	-0.0132304	0.996618	-0.0811063	0.301371	0.081316	0.950033	9.0907	2.31704	59.0814	
0.951976	-0.0122704	-0.305925	-0.0146939	0.996214	-0.0856815	0.305819	0.086062	0.948192	9.38019	2.39684	59.9864	
0.950515	-0.01269	-0.310421	-0.0161793	0.995788	-0.0902494	0.310258	0.0908058	0.946306	9.67392	2.48116	60.8897	
0.94903	-0.0131328	-0.314913	-0.0176867	0.995338	-0.0948095	0.31469	0.0955468	0.944373	9.97188	2.57001	61.7911	
0.947522	-0.0135986	-0.3194	-0.0192158	0.994866	-0.0993616	0.319112	0.100285	0.942396	10.2741	2.66338	62.6906	
0.945992	-0.0140874	-0.323884	-0.0207666	0.99437	-0.103905	0.323524	0.105019	0.940374	10.5804	2.76126	63.5883	
0.944439	-0.0145993	-0.328361	-0.022339	0.993852	-0.10844	0.327926	0.10975	0.938307	10.891	2.86366	64.484	
0.942864	-0.0151342	-0.332833	-0.023933	0.993311	-0.112965	0.332316	0.114476	0.936195	11.2058	2.97056	65.3777	
0.941267	-0.015692	-0.337297	-0.0255483	0.992746	-0.117481	0.336694	0.119198	0.934039	11.5248	3.08197	66.2693	
0.939649	-0.0162727	-0.341754	-0.027185	0.992159	-0.121987	0.341059	0.123915	0.931839	11.8479	3.19788	67.1589	
0.938008	-0.0168762	-0.346202	-0.0288428	0.991549	-0.126482	0.345411	0.128627	0.929595	12.1752	3.31828	68.0464	
0.936346	-0.0175024	-0.350641	-0.0305217	0.990917	-0.130967	0.349748	0.133332	0.927307	12.5066	3.44318	68.9317	
0.934663	-0.0181513	-0.35507	-0.0322215	0.990261	-0.13544	0.354071	0.138032	0.924976	12.8422	3.57256	69.8148	
0.935048	-0.0179881	-0.354064	-0.0406311	0.986694	-0.157431	0.352185	0.161592	0.921875	13.1789	3.71541	70.6954	
0.935431	-0.0177992	-0.353062	-0.0489934	0.982566	-0.179342	0.350099	0.18506	0.91825	13.5138	3.88069	71.5728	
0.935811	-0.0175849	-0.352064	-0.0573037	0.977881	-0.201161	0.347814	0.208423	0.914104	13.8465	4.0683	72.4464	
0.936188	-0.0173451	-0.35107	-0.0655572	0.97264	-0.222874	0.345331	0.231667	0.909438	14.177	4.27813	73.3159	
0.936563	-0.0170801	-0.350082	-0.0737492	0.966848	-0.24447	0.342652	0.25478	0.904255	14.505	4.51007	74.1806	
0.936935	-0.01679	-0.3491	-0.0818751	0.960507	-0.265937	0.339778	0.277748	0.898558	14.8304	4.76397	75.0402	
0.937304	-0.0164749	-0.348124	-0.0899302	0.953621	-0.287262	0.336711	0.300558	0.892351	15.153	5.0397	75.8941	
0.937669	-0.0161351	-0.347156	-0.0979101	0.946194	-0.308433	0.333453	0.323198	0.885637	15.4725	5.3371	76.7418	
0.93803	-0.0157707	-0.346195	-0.10581	0.93823	-0.329438	0.330006	0.345654	0.878419	15.7888	5.656	77.5829	
0.938388	-0.015382	-0.345242	-0.113626	0.929733	-0.350265	0.32637	0.367913	0.870702	16.1018	5.99623	78.4168	
0.938741	-0.0149691	-0.344298	-0.121353	0.920709	-0.370903	0.32255	0.389963	0.862491	16.4112	6.35757	79.2432	
0.939091	-0.0145323	-0.343363	-0.128986	0.911162	-0.391339	0.318546	0.411792	0.853789	16.7168	6.73984	80.0615	
0.939435	-0.0140719	-0.342437	-0.136523	0.901098	-0.411562	0.314361	0.433387	0.844602	17.0186	7.14282	80.8713	
0.939775	-0.0135881	-0.341522	-0.143957	0.890523	-0.431561	0.309998	0.454735	0.834936	17.3163	7.56626	81.6721	
0.940111	-0.0130811	-0.340618	-0.151285	0.879443	-0.451324	0.305458	0.475825	0.824794	17.6097	8.00994	82.4634	
0.940441	-0.0125513	-0.339725	-0.158504	0.867863	-0.47084	0.300745	0.496645	0.814185	17.8988	8.47361	83.2449	
0.940766	-0.011999	-0.338844	-0.165608	0.855791	-0.490097	0.29586	0.517182	0.803112	18.1832	8.95699	84.016	
0.941086	-0.0114245	-0.337975	-0.172593	0.843234	-0.509086	0.290808	0.537426	0.791583	18.4629	9.45982	84.7763	
0.9414	-0.010828	-0.337119	-0.179457	0.830198	-0.527795	0.285591	0.557364	0.779605	18.7378	9.9818	85.5254	
0.941708	-0.0102101	-0.336277	-0.186194	0.816691	-0.546213	0.280211	0.576985	0.767183	19.0075	10.5227	86.2629	
0.94201	-0.00957089	-0.335448	-0.192801	0.80272	-0.56433	0.274672	0.596279	0.754325	19.2721	11.0821	86.9884	
0.942306	-0.00891088	-0.334633	-0.199274	0.788294	-0.582135	0.268977	0.615234	0.741039	19.5313	11.6597	87.7013	
0.942596	-0.0082304	-0.333833	-0.20561	0.773421	-0.59962	0.263129	0.633839	0.727332	19.785	12.2552	88.4014	
0.94288	-0.00752985	-0.333048	-0.211805	0.758109	-0.616773	0.257131	0.652084	0.713211	20.0331	12.8684	89.0883	
