1	0	0	0	1	0	0	0	1	0	0	0	
0.999995	4.00083e-06	0.00324609	4.00083e-06	0.999997	-0.002465	-0.00324609	0.002465	0.999992	-0.00123204	0.000935581	0.759089	
0.999979	1.60099e-05	0.00649473	1.59977e-05	0.999988	-0.00492817	-0.00649473	0.00492817	0.999967	-0.00492913	0.00374163	1.51817	
0.999953	3.6034e-05	0.00974584	3.59852e-05	0.999973	-0.00738946	-0.00974584	0.00738946	0.999925	-0.0110932	0.00841674	2.27722	
0.999916	6.40794e-05	0.0129994	6.39573e-05	0.999951	-0.00984881	-0.0129994	0.00984881	0.999867	-0.019726	0.0149595	3.03623	
0.999868	0.000100152	0.0162552	9.9908e-05	0.999924	-0.0123062	-0.0162552	0.0123062	0.999792	-0.0308295	0.0233683	3.79519	
0.99981	0.000144258	0.0195133	0.000143831	0.999891	-0.0147615	-0.0195133	0.0147615	0.999701	-0.0444053	0.0336417	4.55409	
0.999741	0.000196404	0.0227737	0.000195719	0.999852	-0.0172147	-0.0227737	0.0172147	0.999592	-0.0604552	0.0457782	5.31291	
0.999661	0.000256593	0.0260362	0.000255566	0.999807	-0.0196658	-0.0260362	0.0196658	0.999468	-0.0789807	0.059776	6.07165	
0.999571	0.000324831	0.0293007	0.000323364	0.999755	-0.0221147	-0.0293007	0.0221147	0.999326	-0.0999836	0.0756337	6.83028	
0.999469	0.000401124	0.0325673	0.000399106	0.999698	-0.0245614	-0.0325673	0.0245614	0.999168	-0.123465	0.0933494	7.5888	
0.999358	0.000485475	0.0358358	0.000482784	0.999635	-0.0270058	-0.0358358	0.0270057	0.998993	-0.149428	0.112921	8.3472	
0.999235	0.000577888	0.0391061	0.00057439	0.999566	-0.0294478	-0.0391062	0.0294477	0.998801	-0.177871	0.134348	9.10545	
0.999101	0.000678369	0.0423783	0.000673916	0.999491	-0.0318874	-0.0423784	0.0318873	0.998593	-0.208799	0.157628	9.86356	
0.998957	0.000786919	0.0456522	0.000781353	0.99941	-0.0343246	-0.0456523	0.0343245	0.998368	-0.24221	0.182758	10.6215	
0.998802	0.000903543	0.0489278	0.000896691	0.999324	-0.0367593	-0.0489279	0.0367591	0.998126	-0.278108	0.209737	11.3793	
0.998636	0.00102824	0.0522049	0.00101992	0.999231	-0.0391914	-0.0522051	0.0391912	0.997867	-0.316492	0.238564	12.1368	
0.998459	0.00116102	0.0554837	0.00115104	0.999133	-0.0416209	-0.0554839	0.0416207	0.997592	-0.357365	0.269236	12.8942	
0.998271	0.00130189	0.0587638	0.00129003	0.999029	-0.0440478	-0.0587641	0.0440475	0.9973	-0.400728	0.301751	13.6513	
0.998072	0.00145084	0.0620454	0.00143688	0.998919	-0.046472	-0.0620457	0.0464716	0.996991	-0.446581	0.336107	14.4083	
0.997863	0.00160787	0.0653283	0.00159159	0.998803	-0.0488935	-0.0653287	0.048893	0.996665	-0.494925	0.372302	15.165	
0.997642	0.00177299	0.0686124	0.00175414	0.998681	-0.0513122	-0.0686129	0.0513115	0.996323	-0.545762	0.410335	15.9214	
0.99741	0.0019462	0.0718978	0.00192452	0.998554	-0.053728	-0.0718984	0.0537272	0.995964	-0.599093	0.450202	16.6776	
0.997167	0.00212751	0.0751843	0.00210272	0.998421	-0.0561409	-0.075185	0.05614	0.995588	-0.654917	0.491901	17.4334	
0.996914	0.0023169	0.0784718	0.00228873	0.998282	-0.0585509	-0.0784726	0.0585498	0.995195	-0.713238	0.535431	18.189	
0.996649	0.00251439	0.0817603	0.00248255	0.998137	-0.0609579	-0.0817613	0.0609566	0.994786	-0.774054	0.580789	18.9443	
0.996373	0.00271997	0.0850497	0.00268415	0.997987	-0.0633619	-0.0850509	0.0633603	0.99436	-0.837367	0.627973	19.6993	
0.996086	0.00293365	0.08834	0.00289352	0.997831	-0.0657627	-0.0883413	0.065761	0.993917	-0.903177	0.676981	20.4539	
0.995788	0.00315542	0.0916311	0.00311066	0.99767	-0.0681605	-0.0916326	0.0681584	0.993458	-0.971485	0.727809	21.2082	
0.995479	0.00338528	0.0949228	0.00333554	0.997502	-0.070555	-0.0949246	0.0705527	0.992981	-1.04229	0.780457	21.9622	
0.995159	0.00362323	0.0982153	0.00356817	0.997329	-0.0729464	-0.0982173	0.0729437	0.992488	-1.1156	0.83492	22.7158	
0.994827	0.00386928	0.101508	0.00380851	0.997151	-0.0753344	-0.101511	0.0753313	0.991978	-1.1914	0.891197	23.469	
0.994485	0.00412341	0.104802	0.00405657	0.996967	-0.0777192	-0.104804	0.0777156	0.991452	-1.26971	0.949286	24.2218	
0.994131	0.00438564	0.108096	0.00431233	0.996777	-0.0801005	-0.108099	0.0800965	0.990908	-1.35052	1.00918	24.9742	
0.993766	0.00465595	0.11139	0.00457577	0.996582	-0.0824785	-0.111393	0.082474	0.990348	-1.43382	1.07089	25.7261	
0.99339	0.00493434	0.114685	0.00484687	0.996382	-0.084853	-0.114688	0.0848479	0.989771	-1.51963	1.13439	26.4777	
0.993002	0.00522082	0.117979	0.00512564	0.996176	-0.0872239	-0.117984	0.0872183	0.989178	-1.60794	1.1997	27.2288	
0.992604	0.00551538	0.121274	0.00541204	0.995964	-0.0895913	-0.121279	0.089585	0.988568	-1.69875	1.2668	27.9794	
0.992194	0.00581802	0.124569	0.00570607	0.995747	-0.0919551	-0.124575	0.0919481	0.987941	-1.79207	1.3357	28.7296	
0.991773	0.00612873	0.127865	0.00600771	0.995524	-0.0943153	-0.12787	0.0943075	0.987297	-1.88788	1.4064	29.4793	
0.99134	0.00644752	0.13116	0.00631695	0.995296	-0.0966718	-0.131166	0.0966632	0.986637	-1.9862	1.47888	30.2285	
0.990897	0.00677437	0.134455	0.00663376	0.995063	-0.0990245	-0.134462	0.099015	0.985959	-2.08701	1.55315	30.9772	
0.990442	0.00710928	0.137749	0.00695814	0.994824	-0.101373	-0.137757	0.101363	0.985266	-2.19033	1.6292	31.7254	
0.989975	0.00745226	0.141044	0.00729007	0.99458	-0.103719	-0.141052	0.103707	0.984555	-2.29615	1.70703	32.473	
0.989498	0.00780329	0.144338	0.00762953	0.99433	-0.10606	-0.144347	0.106047	0.983828	-2.40448	1.78665	33.2201	
0.989009	0.00816237	0.147632	0.0079765	0.994076	-0.108397	-0.147642	0.108383	0.983084	-2.5153	1.86803	33.9666	
0.988508	0.0085295	0.150925	0.00833098	0.993816	-0.11073	-0.150936	0.110715	0.982324	-2.62862	1.95119	34.7126	
0.987997	0.00890467	0.154218	0.00869293	0.99355	-0.11306	-0.15423	0.113043	0.981547	-2.74445	2.03612	35.458	
0.987474	0.00928788	0.15751	0.00906236	0.993279	-0.115385	-0.157523	0.115367	0.980753	-2.86277	2.12281	36.2027	
0.986939	0.00967912	0.160801	0.00943922	0.993004	-0.117706	-0.160816	0.117687	0.979943	-2.9836	2.21126	36.9469	
0.986394	0.0100784	0.164092	0.00982352	0.992722	-0.120023	-0.164108	0.120002	0.979116	-3.10692	2.30148	37.6905	
0.985836	0.0104857	0.167382	0.0102152	0.992436	-0.122336	-0.167399	0.122313	0.978272	-3.23274	2.39345	38.4334	
0.985268	0.0109009	0.170671	0.0106143	0.992145	-0.124645	-0.170689	0.12462	0.977412	-3.36106	2.48717	39.1757	
0.984447	0.0114918	0.175306	0.0106026	0.992153	-0.124578	-0.175362	0.124499	0.9766	-3.49241	2.58172	39.9173	
0.983602	0.0120836	0.179948	0.0105911	0.992161	-0.124515	-0.180042	0.124379	0.975764	-3.6273	2.67618	40.6583	
0.982732	0.0126762	0.184598	0.01058	0.992169	-0.124456	-0.18473	0.12426	0.974902	-3.76575	2.77055	41.3987	
0.981839	0.0132697	0.189254	0.0105691	0.992176	-0.124399	-0.189424	0.12414	0.974016	-3.90775	2.86483	42.1384	
0.98092	0.0138639	0.193916	0.0105587	0.992183	-0.124346	-0.194124	0.124021	0.973106	-4.05333	2.95902	42.8774	
0.979977	0.0144588	0.198584	0.0105486	0.992189	-0.124296	-0.19883	0.123902	0.97217	-4.20247	3.05312	43.6157	
0.97901	0.0150545	0.203257	0.0105389	0.992195	-0.12425	-0.203542	0.123784	0.97121	-4.35519	3.14713	44.3533	
0.978017	0.0156508	0.207936	0.0105297	0.992201	-0.124206	-0.208258	0.123665	0.970224	-4.51149	3.24105	45.0902	
0.977	0.0162476	0.212619	0.0105208	0.992206	-0.124165	-0.212979	0.123546	0.969214	-4.67137	3.33487	45.8263	
0.975958	0.0168451	0.217305	0.0105124	0.992211	-0.124128	-0.217704	0.123428	0.968179	-4.83483	3.42861	46.5616	
0.974892	0.0174431	0.221996	0.0105045	0.992215	-0.124093	-0.222432	0.123309	0.967119	-5.00188	3.52226	47.2962	
0.9738	0.0180416	0.226689	0.010497	0.992219	-0.12406	-0.227164	0.12319	0.966034	-5.17252	3.61582	48.0299	
0.972684	0.0186405	0.231386	0.01049	0.992223	-0.124031	-0.231898	0.12307	0.964923	-5.34676	3.70928	48.7628	
0.971542	0.0192399	0.236084	0.0104835	0.992226	-0.124004	-0.236635	0.12295	0.963788	-5.52459	3.80266	49.4948	
0.970376	0.0198396	0.240785	0.0104774	0.992229	-0.12398	-0.241373	0.12283	0.962628	-5.70602	3.89595	50.226	
0.969184	0.0204396	0.245487	0.0104719	0.992232	-0.123958	-0.246113	0.122709	0.961442	-5.89104	3.98914	50.9562	
0.967968	0.0210399	0.250189	0.0104668	0.992235	-0.123938	-0.250854	0.122587	0.960232	-6.07966	4.08224	51.6856	
0.966727	0.0216404	0.254893	0.0104623	0.992237	-0.123921	-0.255596	0.122465	0.958996	-6.27188	4.17525	52.414	
0.965461	0.0222412	0.259596	0.0104582	0.992239	-0.123906	-0.260337	0.122341	0.957735	-6.4677	4.26816	53.1415	
0.96417	0.0228421	0.2643	0.0104546	0.992241	-0.123893	-0.265079	0.122217	0.95645	-6.66712	4.36098	53.8681	
0.962854	0.0234431	0.269002	0.0104515	0.992242	-0.123882	-0.26982	0.122092	0.955139	-6.87014	4.45371	54.5936	
0.961513	0.0240442	0.273704	0.010449	0.992243	-0.123873	-0.274559	0.121965	0.953804	-7.07676	4.54634	55.3181	
0.960148	0.0246453	0.278404	0.0104468	0.992244	-0.123866	-0.279297	0.121838	0.952443	-7.28697	4.63888	56.0416	
0.958757	0.0252464	0.283102	0.0104452	0.992245	-0.12386	-0.284033	0.121709	0.951058	-7.50078	4.73131	56.7641	
0.957342	0.0258474	0.287798	0.010444	0.992245	-0.123856	-0.288767	0.121578	0.949648	-7.71819	4.82365	57.4855	
0.955903	0.0264484	0.292491	0.0104433	0.992246	-0.123854	-0.293498	0.121447	0.948214	-7.93918	4.91589	58.2058	
0.954438	0.0270492	0.29718	0.010443	0.992246	-0.123853	-0.298226	0.121313	0.946755	-8.16377	5.00803	58.9251	
0.952949	0.0276498	0.301867	0.0104431	0.992246	-0.123853	-0.30295	0.121178	0.945271	-8.39195	5.10007	59.6432	
0.951436	0.0282502	0.306549	0.0104436	0.992245	-0.123855	-0.307671	0.121041	0.943763	-8.6237	5.192	60.3601	
0.949898	0.0288502	0.311227	0.0104445	0.992245	-0.123857	-0.312386	0.120902	0.94223	-8.85904	5.28383	61.076	
0.948335	0.02945	0.3159	0.0104457	0.992245	-0.123861	-0.317097	0.120762	0.940673	-9.09796	5.37555	61.7906	
0.946749	0.0300494	0.320568	0.0104473	0.992244	-0.123866	-0.321803	0.120619	0.939092	-9.34045	5.46717	62.5041	
0.945138	0.0306484	0.32523	0.0104492	0.992243	-0.123871	-0.326504	0.120474	0.937487	-9.58652	5.55867	63.2163	
0.943503	0.0312469	0.329886	0.0104514	0.992242	-0.123878	-0.331198	0.120327	0.935858	-9.83615	5.65007	63.9273	
0.941845	0.0318449	0.334536	0.0104539	0.992242	-0.123884	-0.335886	0.120177	0.934205	-10.0893	5.74135	64.6371	
0.940162	0.0324424	0.339179	0.0104566	0.992241	-0.123892	-0.340567	0.120025	0.932528	-10.3461	5.83252	65.3456	
0.938456	0.0330392	0.343815	0.0104595	0.99224	-0.1239	-0.345241	0.119871	0.930828	-10.6064	5.92357	66.0529	
0.936726	0.0336355	0.348444	0.0104625	0.992239	-0.123908	-0.349907	0.119713	0.929104	-10.8702	6.0145	66.7588	
0.934973	0.034231	0.353064	0.0104657	0.992237	-0.123916	-0.354565	0.119553	0.927357	-11.1376	6.10532	67.4634	
0.933196	0.0348257	0.357676	0.010469	0.992236	-0.123925	-0.359215	0.119391	0.925586	-11.4085	6.19601	68.1667	
0.931396	0.0354197	0.36228	0.0104724	0.992235	-0.123934	-0.363857	0.119225	0.923793	-11.6829	6.28657	68.8686	
0.929573	0.0360129	0.366875	0.0104758	0.992234	-0.123942	-0.368489	0.119056	0.921977	-11.9609	6.37701	69.5692	
0.925572	0.0372027	0.376739	0.00462429	0.993974	-0.109515	-0.378543	0.103106	0.919823	-12.2444	6.46133	70.2682	
0.921464	0.0382215	0.386578	-0.00138365	0.995464	-0.0951248	-0.388461	0.0871192	0.917338	-12.5356	6.53354	70.9655	
0.917251	0.0390689	0.396389	-0.00754585	0.996704	-0.0807758	-0.398238	0.0711006	0.914522	-12.8342	6.59359	71.6608	
0.912934	0.0397445	0.406168	-0.0138601	0.997692	-0.0664736	-0.407873	0.0550564	0.911377	-13.1401	6.64147	72.3539	
0.908514	0.0402482	0.415912	-0.0203242	0.998429	-0.0522231	-0.41736	0.0389924	0.907904	-13.4534	6.67717	73.0444	
