1	0	0	0	1	0	0	0	1	0	0	0	
0.999985	6.55232e-06	0.00555752	6.55232e-06	0.999997	-0.00235798	-0.00555752	0.00235798	0.999982	-0.00298367	0.00126593	1.07373	
0.999938	2.6207e-05	0.011117	2.61825e-05	0.999989	-0.00471239	-0.011117	0.00471239	0.999927	-0.0119357	0.0050618	2.14742	
0.999861	5.89541e-05	0.0166782	5.8856e-05	0.999975	-0.00706313	-0.0166782	0.00706313	0.999836	-0.0268582	0.0113837	3.22104	
0.999753	0.000104783	0.022241	0.000104538	0.999956	-0.00941011	-0.022241	0.0094101	0.999708	-0.0477527	0.0202277	4.29453	
0.999613	0.000163682	0.0278051	0.000163192	0.999931	-0.0117532	-0.0278051	0.0117532	0.999544	-0.074621	0.0315897	5.36787	
0.999443	0.000235641	0.0333703	0.000234782	0.999901	-0.0140924	-0.0333703	0.0140924	0.999344	-0.107464	0.0454654	6.44101	
0.999242	0.000320645	0.0389364	0.000319272	0.999865	-0.0164276	-0.0389364	0.0164276	0.999107	-0.146284	0.0618507	7.51392	
0.999009	0.000418683	0.0445032	0.000416623	0.999824	-0.0187586	-0.0445032	0.0187586	0.998833	-0.19108	0.0807411	8.58656	
0.998746	0.00052974	0.0500704	0.000526797	0.999778	-0.0210855	-0.0500705	0.0210854	0.998523	-0.241854	0.102132	9.65888	
0.998451	0.000653803	0.0556379	0.000649756	0.999726	-0.023408	-0.055638	0.0234079	0.998177	-0.298605	0.126019	10.7308	
0.998125	0.000790856	0.0612054	0.000785461	0.999669	-0.0257262	-0.0612055	0.025726	0.997794	-0.361335	0.152398	11.8024	
0.997768	0.000940884	0.0667728	0.00093387	0.999606	-0.0280399	-0.0667729	0.0280396	0.997374	-0.430043	0.181263	12.8736	
0.997379	0.00110387	0.0723397	0.00109494	0.999539	-0.030349	-0.0723398	0.0303487	0.996918	-0.504729	0.21261	13.9442	
0.99696	0.0012798	0.077906	0.00126864	0.999466	-0.0326535	-0.0779062	0.0326531	0.996426	-0.585391	0.246434	15.0144	
0.996509	0.00146865	0.0834715	0.00145492	0.999388	-0.0349532	-0.0834717	0.0349527	0.995897	-0.67203	0.282729	16.084	
0.996027	0.00167041	0.0890359	0.00165374	0.999305	-0.0372482	-0.0890362	0.0372474	0.995332	-0.764645	0.321491	17.1531	
0.995514	0.00188506	0.0945991	0.00186506	0.999216	-0.0395382	-0.0945995	0.0395373	0.99473	-0.863233	0.362715	18.2215	
0.994969	0.00211258	0.100161	0.00208883	0.999123	-0.0418233	-0.100161	0.0418221	0.994092	-0.967794	0.406394	19.2892	
0.994393	0.00235295	0.105721	0.00232501	0.999024	-0.0441033	-0.105721	0.0441018	0.993417	-1.07833	0.452524	20.3562	
0.993786	0.00260615	0.111279	0.00257356	0.998921	-0.0463781	-0.11128	0.0463763	0.992706	-1.19483	0.501099	21.4225	
0.993147	0.00287216	0.116835	0.00283442	0.998812	-0.0486477	-0.116836	0.0486455	0.991959	-1.3173	0.552114	22.488	
0.992477	0.00315095	0.122388	0.00310757	0.998698	-0.050912	-0.122389	0.0509094	0.991176	-1.44573	0.605562	23.5527	
0.991776	0.00344251	0.127939	0.00339294	0.99858	-0.0531709	-0.127941	0.0531677	0.990356	-1.58012	0.661438	24.6166	
0.991043	0.00374681	0.133488	0.00369049	0.998456	-0.0554243	-0.133489	0.0554206	0.989499	-1.72048	0.719735	25.6795	
0.990279	0.00406384	0.139033	0.00400017	0.998328	-0.0576722	-0.139035	0.0576677	0.988607	-1.86679	0.780449	26.7415	
0.989484	0.00439355	0.144575	0.00432195	0.998194	-0.0599144	-0.144577	0.0599092	0.987678	-2.01905	0.843573	27.8025	
0.988657	0.00473594	0.150113	0.00465576	0.998056	-0.0621509	-0.150116	0.0621448	0.986713	-2.17726	0.9091	28.8625	
0.987799	0.00509098	0.155648	0.00500156	0.997913	-0.0643816	-0.155651	0.0643746	0.985712	-2.34142	0.977025	29.9214	
0.98691	0.00545863	0.16118	0.00535931	0.997765	-0.0666064	-0.161183	0.0665983	0.984675	-2.51152	1.04734	30.9792	
0.985989	0.00583888	0.166707	0.00572895	0.997612	-0.0688253	-0.16671	0.068816	0.983602	-2.68755	1.12004	32.036	
0.985037	0.0062317	0.172229	0.00611042	0.997455	-0.0710381	-0.172234	0.0710275	0.982492	-2.86952	1.19512	33.0915	
0.984054	0.00663706	0.177748	0.00650369	0.997293	-0.0732448	-0.177752	0.0732328	0.981347	-3.05742	1.27257	34.1458	
0.983039	0.00705493	0.183261	0.0069087	0.997126	-0.0754453	-0.183267	0.0754318	0.980165	-3.25124	1.35238	35.1989	
0.981993	0.00748529	0.18877	0.0073254	0.996955	-0.0776395	-0.188776	0.0776243	0.978947	-3.45098	1.43455	36.2507	
0.980915	0.0079281	0.194273	0.00775373	0.996779	-0.0798274	-0.19428	0.0798103	0.977694	-3.65663	1.51907	37.3012	
0.979807	0.00838334	0.199771	0.00819364	0.996598	-0.0820089	-0.199779	0.0819898	0.976405	-3.86819	1.60594	38.3502	
0.978667	0.00885098	0.205263	0.00864509	0.996413	-0.0841839	-0.205272	0.0841625	0.975079	-4.08565	1.69514	39.3979	
0.977495	0.00933098	0.21075	0.00910801	0.996223	-0.0863524	-0.21076	0.0863286	0.973718	-4.309	1.78667	40.4442	
0.976293	0.00982332	0.216231	0.00958235	0.996029	-0.0885142	-0.216242	0.0884878	0.972322	-4.53825	1.88053	41.489	
0.975059	0.010328	0.221705	0.0100681	0.99583	-0.0906693	-0.221717	0.09064	0.970889	-4.77338	1.9767	42.5322	
0.973794	0.0108449	0.227173	0.0105651	0.995627	-0.0928176	-0.227186	0.0927853	0.969421	-5.01438	2.07517	43.5739	
0.972498	0.011374	0.232634	0.0110734	0.99542	-0.094959	-0.232649	0.0949235	0.967917	-5.26125	2.17595	44.614	
0.97117	0.0119154	0.238089	0.0115928	0.995208	-0.0970935	-0.238105	0.0970545	0.966378	-5.51398	2.27901	45.6525	
0.969812	0.0124689	0.243536	0.0121235	0.994992	-0.099221	-0.243554	0.0991782	0.964803	-5.77257	2.38436	46.6893	
0.968422	0.0130345	0.248976	0.0126652	0.994771	-0.101342	-0.248995	0.101295	0.963193	-6.03701	2.49199	47.7244	
0.967001	0.0136123	0.254409	0.0132179	0.994546	-0.103455	-0.25443	0.103404	0.961547	-6.30728	2.60189	48.7577	
0.965549	0.0142021	0.259834	0.0137817	0.994317	-0.105561	-0.259856	0.105505	0.959866	-6.58339	2.71405	49.7892	
0.964066	0.014804	0.26525	0.0143563	0.994084	-0.10766	-0.265275	0.107599	0.95815	-6.86531	2.82846	50.819	
0.962552	0.0154178	0.270659	0.0149418	0.993847	-0.109751	-0.270686	0.109685	0.956399	-7.15306	2.94511	51.8468	
0.961007	0.0160436	0.276059	0.0155381	0.993605	-0.111835	-0.276088	0.111764	0.954612	-7.4466	3.064	52.8728	
0.959431	0.0166813	0.281451	0.0161451	0.99336	-0.113912	-0.281483	0.113835	0.95279	-7.74595	3.18512	53.8968	
0.957823	0.0173309	0.286834	0.0167628	0.99311	-0.115981	-0.286868	0.115898	0.950933	-8.05108	3.30845	54.9189	
0.956185	0.0179923	0.292208	0.0173912	0.992856	-0.118043	-0.292245	0.117952	0.949042	-8.36198	3.434	55.9389	
0.954517	0.0186656	0.297573	0.0180301	0.992599	-0.120096	-0.297612	0.119999	0.947115	-8.67866	3.56175	56.9569	
0.952817	0.0193506	0.302928	0.0186795	0.992337	-0.122142	-0.30297	0.122038	0.945154	-9.0011	3.69169	57.9728	
0.951086	0.0200473	0.308274	0.0193393	0.992071	-0.124181	-0.308319	0.124068	0.943158	-9.32928	3.82382	58.9866	
0.949325	0.0207557	0.31361	0.0200095	0.991802	-0.126211	-0.313658	0.12609	0.941127	-9.6632	3.95812	59.9982	
0.947533	0.0214757	0.318936	0.02069	0.991528	-0.128233	-0.318988	0.128104	0.939061	-10.0028	4.09459	61.0076	
0.94571	0.0222073	0.324251	0.0213808	0.991251	-0.130248	-0.324307	0.13011	0.936961	-10.3482	4.23322	62.0148	
0.943857	0.0229505	0.329556	0.0220817	0.99097	-0.132254	-0.329616	0.132106	0.934827	-10.6993	4.37399	63.0197	
0.941973	0.0237052	0.334851	0.0227928	0.990685	-0.134253	-0.334914	0.134095	0.932658	-11.0561	4.51691	64.0223	
0.940058	0.0244713	0.340134	0.023514	0.990396	-0.136243	-0.340202	0.136074	0.930455	-11.4185	4.66195	65.0226	
0.938113	0.0252489	0.345407	0.0242451	0.990104	-0.138225	-0.345479	0.138045	0.928218	-11.7866	4.80912	66.0204	
0.936138	0.0260379	0.350668	0.0249862	0.989808	-0.140198	-0.350744	0.140007	0.925946	-12.1604	4.9584	67.0159	
0.934132	0.0268382	0.355917	0.0257372	0.989509	-0.142164	-0.355999	0.14196	0.923641	-12.5398	5.10978	68.0089	
0.932096	0.0276497	0.361155	0.0264979	0.989205	-0.144121	-0.361241	0.143904	0.921301	-12.9249	5.26325	68.9994	
0.928622	0.0290304	0.36989	0.0276337	0.988754	-0.146976	-0.369997	0.146707	0.917376	-13.3175	5.41927	69.9865	
0.918697	0.032919	0.39359	0.0302018	0.987748	-0.153109	-0.393808	0.152548	0.906446	-13.7276	5.57994	70.9657	
0.908156	0.0369581	0.416997	0.0329292	0.986703	-0.159165	-0.417335	0.158278	0.894863	-14.1631	5.74682	71.9328	
0.897008	0.0411446	0.440095	0.0358137	0.985619	-0.165142	-0.440561	0.163895	0.882635	-14.6237	5.9198	72.8872	
0.885261	0.0454755	0.462867	0.0388533	0.984499	-0.171034	-0.46347	0.169393	0.869771	-15.1091	6.09874	73.828	
0.872922	0.0499478	0.485296	0.0420459	0.983342	-0.176837	-0.486044	0.17477	0.85628	-15.6188	6.28352	74.7548	
0.860001	0.0545581	0.507367	0.0453891	0.982149	-0.182548	-0.508269	0.180021	0.842173	-16.1527	6.47401	75.6667	
0.846508	0.0593033	0.529063	0.0488805	0.980921	-0.188162	-0.530127	0.185141	0.827458	-16.7102	6.67007	76.5631	
0.832451	0.0641797	0.550369	0.0525176	0.979659	-0.193675	-0.551604	0.190129	0.812148	-17.291	6.87155	77.4434	
0.817842	0.0691841	0.571269	0.0562978	0.978364	-0.199083	-0.572683	0.194979	0.796252	-17.8946	7.07831	78.3069	
0.802689	0.0743126	0.591749	0.0602184	0.977037	-0.204382	-0.593349	0.199689	0.779783	-18.5207	7.29021	79.1531	
0.787006	0.0795617	0.611794	0.0642765	0.975679	-0.209568	-0.613588	0.204255	0.762751	-19.1687	7.50709	79.9813	
0.770802	0.0849276	0.631389	0.0684692	0.974291	-0.214638	-0.633385	0.208674	0.74517	-19.8382	7.72879	80.7909	
0.75409	0.0904063	0.65052	0.0727935	0.972873	-0.219589	-0.652725	0.212943	0.727052	-20.5287	7.95516	81.5813	
0.736881	0.095994	0.669173	0.0772462	0.971427	-0.224415	-0.671595	0.217058	0.708411	-21.2397	8.18603	82.352	
0.719187	0.101687	0.687335	0.0818243	0.969954	-0.229114	-0.689981	0.221017	0.689259	-21.9707	8.42123	83.1025	
0.701023	0.10748	0.704993	0.0865243	0.968455	-0.233683	-0.70787	0.224816	0.66961	-22.7213	8.6606	83.832	
0.6824	0.11337	0.722134	0.0913429	0.966931	-0.238119	-0.725249	0.228454	0.649478	-23.4907	8.90396	84.5403	
0.663333	0.119352	0.738746	0.0962766	0.965383	-0.242417	-0.742106	0.231927	0.628879	-24.2785	9.15114	85.2266	
0.643834	0.125423	0.754816	0.101322	0.963813	-0.246575	-0.758427	0.235233	0.607827	-25.0842	9.40196	85.8906	
0.623918	0.131577	0.770334	0.106475	0.96222	-0.25059	-0.774203	0.238369	0.586337	-25.907	9.65624	86.5317	
0.603599	0.137811	0.785287	0.111732	0.960607	-0.254459	-0.78942	0.241334	0.564424	-26.7465	9.91379	87.1496	
0.582893	0.144119	0.799666	0.11709	0.958975	-0.25818	-0.804069	0.244124	0.542104	-27.6021	10.1744	87.7437	
0.561813	0.150498	0.81346	0.122545	0.957325	-0.261749	-0.818138	0.246739	0.519394	-28.4731	10.438	88.3136	
0.540375	0.156942	0.826659	0.128092	0.955657	-0.265164	-0.831617	0.249176	0.49631	-29.3588	10.7042	88.8589	
0.518594	0.163447	0.839253	0.133727	0.953974	-0.268423	-0.844498	0.251433	0.472868	-30.2587	10.973	89.3793	
0.496487	0.170009	0.851233	0.139447	0.952276	-0.271523	-0.85677	0.25351	0.449086	-31.1721	11.2441	89.8743	
0.474069	0.176622	0.862591	0.145248	0.950565	-0.274461	-0.868425	0.255403	0.424979	-32.0984	11.5174	90.3436	
0.451356	0.183282	0.873319	0.151125	0.948842	-0.277237	-0.879454	0.257113	0.400567	-33.0368	11.7925	90.7868	
0.428365	0.189984	0.883408	0.157074	0.947108	-0.279848	-0.889849	0.258637	0.375866	-33.9868	12.0694	91.2037	
0.405111	0.196723	0.892852	0.163091	0.945364	-0.282291	-0.899603	0.259975	0.350894	-34.9475	12.3479	91.5939	
0.381613	0.203494	0.901644	0.169171	0.943612	-0.284566	-0.908709	0.261126	0.325669	-35.9184	12.6277	91.9571	
0.357887	0.210293	0.909777	0.17531	0.941853	-0.286671	-0.917161	0.262088	0.30021	-36.8987	12.9086	92.2932	
