1	0	0	0	1	0	0	0	1	0	0	0	
1	4.49747e-08	-0.000247603	4.49747e-08	1	0.000363281	0.000247603	-0.000363281	1	0.000103168	-0.000151367	0.833333	
1	1.79722e-07	-0.000494976	1.797e-07	1	0.00072614	0.000494976	-0.00072614	1	0.000412575	-0.000605292	1.66667	
1	4.0396e-07	-0.000742111	4.03875e-07	0.999999	0.00108856	0.000742111	-0.00108856	0.999999	0.000928028	-0.00136142	2.5	
1	7.17399e-07	-0.000989001	7.17185e-07	0.999999	0.00145054	0.000989001	-0.00145054	0.999998	0.00164932	-0.00241938	3.33333	
0.999999	1.11973e-06	-0.00123564	1.11931e-06	0.999998	0.00181205	0.00123564	-0.00181205	0.999998	0.00257626	-0.00377879	4.16666	
0.999999	1.61065e-06	-0.00148201	1.6099e-06	0.999998	0.0021731	0.00148201	-0.0021731	0.999997	0.00370861	-0.00543927	4.99999	
0.999999	2.18982e-06	-0.00172811	2.18862e-06	0.999997	0.00253366	0.00172811	-0.00253366	0.999995	0.00504615	-0.00740042	5.83332	
0.999998	2.8569e-06	-0.00197392	2.85511e-06	0.999996	0.00289372	0.00197392	-0.00289372	0.999994	0.00658867	-0.00966182	6.66665	
0.999998	3.61154e-06	-0.00221946	3.60898e-06	0.999995	0.00325327	0.00221946	-0.00325327	0.999992	0.00833591	-0.0122231	7.49998	
0.999997	4.45338e-06	-0.00246469	4.44987e-06	0.999993	0.0036123	0.00246469	-0.0036123	0.99999	0.0102876	-0.0150837	8.33331	
0.999996	5.38204e-06	-0.00270962	5.37737e-06	0.999992	0.0039708	0.00270962	-0.0039708	0.999988	0.0124436	-0.0182434	9.16663	
0.999996	6.39715e-06	-0.00295423	6.39109e-06	0.999991	0.00432876	0.00295423	-0.00432876	0.999986	0.0148035	-0.0217015	9.99995	
0.999995	7.49829e-06	-0.00319852	7.49059e-06	0.999989	0.00468616	0.00319852	-0.00468616	0.999984	0.0173672	-0.0254577	10.8333	
0.999994	8.68507e-06	-0.00344248	8.67545e-06	0.999987	0.00504298	0.00344248	-0.00504298	0.999981	0.0201343	-0.0295115	11.6666	
0.999993	9.95706e-06	-0.0036861	9.94524e-06	0.999985	0.00539923	0.0036861	-0.00539923	0.999979	0.0231045	-0.0338624	12.4999	
0.999992	1.13138e-05	-0.00392937	1.12995e-05	0.999983	0.00575488	0.00392937	-0.00575488	0.999976	0.0262776	-0.03851	13.3332	
0.999991	1.27549e-05	-0.00417229	1.27378e-05	0.999981	0.00610993	0.00417229	-0.00610993	0.999973	0.0296533	-0.0434537	14.1665	
0.99999	1.42799e-05	-0.00441484	1.42596e-05	0.999979	0.00646436	0.00441484	-0.00646436	0.999969	0.0332313	-0.0486929	14.9998	
0.999989	1.58884e-05	-0.00465702	1.58644e-05	0.999977	0.00681815	0.00465702	-0.00681815	0.999966	0.0370112	-0.0542273	15.8332	
0.999988	1.75797e-05	-0.00489881	1.75518e-05	0.999974	0.00717131	0.00489881	-0.00717131	0.999962	0.0409928	-0.0600563	16.6665	
0.999987	1.93535e-05	-0.00514022	1.93213e-05	0.999972	0.00752382	0.00514022	-0.00752382	0.999958	0.0451757	-0.0661792	17.4998	
0.999986	2.12093e-05	-0.00538122	2.11723e-05	0.999969	0.00787565	0.00538122	-0.00787565	0.999955	0.0495597	-0.0725957	18.3331	
0.999984	2.31465e-05	-0.00562183	2.31043e-05	0.999966	0.00822681	0.00562183	-0.00822681	0.99995	0.0541443	-0.079305	19.1663	
0.999983	2.51647e-05	-0.00586201	2.51168e-05	0.999963	0.00857729	0.00586201	-0.00857729	0.999946	0.0589292	-0.0863068	19.9996	
0.999981	2.72633e-05	-0.00610177	2.72092e-05	0.99996	0.00892706	0.00610177	-0.00892706	0.999942	0.0639141	-0.0936002	20.8329	
0.99998	2.94417e-05	-0.00634111	2.9381e-05	0.999957	0.00927611	0.00634111	-0.00927611	0.999937	0.0690986	-0.101185	21.6662	
0.999978	3.16994e-05	-0.00658	3.16316e-05	0.999954	0.00962445	0.00658	-0.00962445	0.999932	0.0744824	-0.10906	22.4995	
0.999977	3.40359e-05	-0.00681844	3.39603e-05	0.99995	0.00997204	0.00681844	-0.00997204	0.999927	0.0800651	-0.117225	23.3328	
0.999975	3.64506e-05	-0.00705642	3.63668e-05	0.999947	0.0103189	0.00705643	-0.0103189	0.999922	0.0858463	-0.12568	24.166	
0.999973	3.89428e-05	-0.00729395	3.88502e-05	0.999943	0.010665	0.00729395	-0.010665	0.999917	0.0918256	-0.134423	24.9993	
0.999972	4.15121e-05	-0.00753099	4.14101e-05	0.999939	0.0110103	0.00753099	-0.0110103	0.999911	0.0980027	-0.143455	25.8326	
0.99997	4.41577e-05	-0.00776756	4.40457e-05	0.999936	0.0113548	0.00776756	-0.0113548	0.999905	0.104377	-0.152773	26.6658	
0.999968	4.68792e-05	-0.00800364	4.67566e-05	0.999932	0.0116986	0.00800364	-0.0116986	0.9999	0.110948	-0.162379	27.4991	
0.999966	4.96758e-05	-0.00823922	4.9542e-05	0.999927	0.0120415	0.00823922	-0.0120415	0.999894	0.117716	-0.172271	28.3323	
0.999964	5.2547e-05	-0.00847429	5.24012e-05	0.999923	0.0123836	0.00847429	-0.0123836	0.999887	0.12468	-0.182448	29.1656	
0.999962	5.5492e-05	-0.00870885	5.53337e-05	0.999919	0.0127249	0.00870885	-0.0127249	0.999881	0.13184	-0.19291	29.9988	
0.99996	5.85103e-05	-0.00894289	5.83388e-05	0.999915	0.0130653	0.00894289	-0.0130653	0.999875	0.139195	-0.203656	30.832	
0.999958	6.16012e-05	-0.00917639	6.14158e-05	0.99991	0.0134049	0.00917639	-0.0134049	0.999868	0.146744	-0.214685	31.6653	
0.999956	6.4764e-05	-0.00940936	6.45639e-05	0.999906	0.0137437	0.00940936	-0.0137437	0.999861	0.154489	-0.225997	32.4985	
0.999954	6.7998e-05	-0.00964178	6.77826e-05	0.999901	0.0140815	0.00964178	-0.0140815	0.999854	0.162427	-0.237591	33.3317	
0.999951	7.13026e-05	-0.00987365	7.10711e-05	0.999896	0.0144185	0.00987365	-0.0144185	0.999847	0.170558	-0.249465	34.1649	
0.999949	7.4677e-05	-0.0101049	7.44287e-05	0.999891	0.0147545	0.010105	-0.0147545	0.99984	0.178882	-0.261621	34.9981	
0.999947	7.81206e-05	-0.0103357	7.78547e-05	0.999886	0.0150897	0.0103357	-0.0150897	0.999833	0.187399	-0.274056	35.8313	
0.999944	8.16326e-05	-0.0105658	8.13483e-05	0.999881	0.0154239	0.0105658	-0.0154239	0.999825	0.196108	-0.28677	36.6645	
0.999942	8.52123e-05	-0.0107954	8.49088e-05	0.999876	0.0157572	0.0107954	-0.0157572	0.999818	0.205009	-0.299762	37.4977	
0.999939	8.8859e-05	-0.0110244	8.85355e-05	0.999871	0.0160896	0.0110244	-0.0160896	0.99981	0.2141	-0.313032	38.3308	
0.999937	9.25719e-05	-0.0112527	9.22276e-05	0.999865	0.016421	0.0112527	-0.016421	0.999802	0.223382	-0.326578	39.164	
0.999934	9.63503e-05	-0.0114805	9.59844e-05	0.99986	0.0167514	0.0114805	-0.0167514	0.999794	0.232855	-0.3404	39.9972	
0.999931	0.000100193	-0.0117076	9.9805e-05	0.999854	0.0170809	0.0117076	-0.0170809	0.999786	0.242516	-0.354496	40.8303	
0.999929	0.0001041	-0.0119341	0.000103689	0.999848	0.0174094	0.0119341	-0.0174094	0.999777	0.252367	-0.368867	41.6635	
0.999926	0.000108071	-0.01216	0.000107635	0.999843	0.0177369	0.01216	-0.0177369	0.999769	0.262406	-0.383512	42.4966	
0.999923	0.000112103	-0.0123852	0.000111642	0.999837	0.0180633	0.0123853	-0.0180633	0.99976	0.272634	-0.398428	43.3298	
0.99992	0.000116198	-0.0126098	0.000115711	0.999831	0.0183888	0.0126098	-0.0183888	0.999751	0.283048	-0.413617	44.1629	
0.999918	0.000120353	-0.0128338	0.000119839	0.999825	0.0187132	0.0128338	-0.0187132	0.999743	0.29365	-0.429076	44.996	
0.999915	0.000124568	-0.013057	0.000124026	0.999819	0.0190366	0.013057	-0.0190366	0.999734	0.304438	-0.444805	45.8291	
0.999912	0.000128842	-0.0132796	0.000128272	0.999813	0.0193589	0.0132796	-0.0193589	0.999724	0.315411	-0.460803	46.6622	
0.999909	0.000133174	-0.0135015	0.000132575	0.999806	0.0196801	0.0135015	-0.0196801	0.999715	0.32657	-0.477069	47.4953	
0.999943	7.66823e-05	-0.010661	0.000137471	0.999798	0.0200854	0.0106604	-0.0200857	0.999741	0.336637	-0.493638	48.3285	
0.999969	1.90261e-05	-0.00781988	0.000141214	0.99979	0.0204903	0.00781863	-0.0204908	0.999759	0.344337	-0.510545	49.1616	
0.999988	-3.97927e-05	-0.00497811	0.000143803	0.999782	0.020895	0.0049762	-0.0208954	0.999769	0.349668	-0.52779	49.9947	
0.999998	-9.97731e-05	-0.00213577	0.000145241	0.999773	0.0212994	0.00213316	-0.0212997	0.999771	0.35263	-0.545371	50.8279	
1	-0.000160914	0.000707106	0.000145529	0.999764	0.0217036	-0.000710432	-0.0217035	0.999764	0.353223	-0.563289	51.661	
0.999994	-0.000223213	0.00355046	0.000144667	0.999756	0.0221075	-0.00355453	-0.0221068	0.999749	0.351446	-0.581543	52.4941	
0.99998	-0.00028667	0.00639425	0.000142658	0.999747	0.0225112	-0.00639909	-0.0225098	0.999726	0.347299	-0.600133	53.3272	
0.999957	-0.000351283	0.00923843	0.000139501	0.999737	0.0229146	-0.00924405	-0.0229123	0.999695	0.340781	-0.619059	54.1603	
0.999927	-0.00041705	0.0120829	0.000135199	0.999728	0.0233178	-0.0120894	-0.0233145	0.999655	0.331892	-0.63832	54.9934	
0.999888	-0.000483972	0.0149277	0.000129752	0.999719	0.0237208	-0.014935	-0.0237162	0.999607	0.320632	-0.657917	55.8264	
0.999842	-0.000552045	0.0177728	0.000123161	0.999709	0.0241235	-0.0177809	-0.0241175	0.999551	0.307	-0.677847	56.6594	
0.999787	-0.000621269	0.020618	0.000115427	0.999699	0.0245261	-0.0206271	-0.0245185	0.999487	0.290997	-0.698112	57.4923	
0.999724	-0.000691642	0.0234634	0.00010655	0.999689	0.0249284	-0.0234734	-0.024919	0.999414	0.272621	-0.718711	58.3252	
0.999654	-0.000763163	0.0263089	9.65324e-05	0.999679	0.0253305	-0.0263198	-0.0253192	0.999333	0.251874	-0.739644	59.158	
0.999575	-0.00083583	0.0291544	8.53735e-05	0.999669	0.0257325	-0.0291663	-0.0257191	0.999244	0.228755	-0.76091	59.9908	
0.999487	-0.000909642	0.032	7.30742e-05	0.999658	0.0261342	-0.0320128	-0.0261185	0.999146	0.203264	-0.782509	60.8234	
0.999392	-0.000984598	0.0348454	5.96351e-05	0.999648	0.0265358	-0.0348593	-0.0265176	0.99904	0.1754	-0.804441	61.656	
0.999289	-0.0010607	0.0376908	4.50567e-05	0.999637	0.0269372	-0.0377057	-0.0269163	0.998926	0.145165	-0.826705	62.4885	
0.999177	-0.00113793	0.0405361	2.93394e-05	0.999626	0.0273384	-0.040552	-0.0273147	0.998804	0.112558	-0.849301	63.3209	
0.999058	-0.00121631	0.0433811	1.24836e-05	0.999615	0.0277395	-0.0433982	-0.0277128	0.998673	0.0775782	-0.872229	64.1532	
0.99893	-0.00129582	0.0462259	-5.51064e-06	0.999604	0.0281404	-0.0462441	-0.0281105	0.998535	0.0402273	-0.895489	64.9853	
0.998794	-0.00137648	0.0490705	-2.46429e-05	0.999593	0.0285412	-0.0490898	-0.028508	0.998387	0.00050479	-0.91908	65.8174	
0.99865	-0.00145826	0.0519147	-4.49132e-05	0.999581	0.0289418	-0.0519351	-0.028905	0.998232	-0.0415889	-0.943002	66.6493	
0.998498	-0.00154118	0.0547585	-6.63214e-05	0.999569	0.0293422	-0.0547801	-0.0293018	0.998068	-0.0860536	-0.967255	67.4811	
0.998338	-0.00162523	0.0576018	-8.88675e-05	0.999558	0.0297426	-0.0576247	-0.0296983	0.997896	-0.132889	-0.991838	68.3128	
0.99817	-0.00171041	0.0604447	-0.000112552	0.999546	0.0301428	-0.0604688	-0.0300945	0.997716	-0.182095	-1.01675	69.1443	
0.997994	-0.00179671	0.0632871	-0.000137374	0.999533	0.0305429	-0.0633124	-0.0304904	0.997528	-0.23367	-1.042	69.9756	
0.997809	-0.00188415	0.0661289	-0.000163334	0.999521	0.0309429	-0.0661555	-0.030886	0.997331	-0.287615	-1.06757	70.8068	
0.997617	-0.00197271	0.06897	-0.000190433	0.999509	0.0313428	-0.0689979	-0.0312813	0.997126	-0.343929	-1.09347	71.6378	
0.995964	-0.00263032	0.0897168	-0.000241645	0.999488	0.0319856	-0.0897551	-0.0318782	0.995454	-0.410079	-1.11979	72.4681	
0.993879	-0.00330023	0.110424	-0.000306237	0.999468	0.0326272	-0.110473	-0.0324613	0.993349	-0.49351	-1.1466	73.2968	
0.991363	-0.00398213	0.131084	-0.00038418	0.999446	0.0332673	-0.131143	-0.0330303	0.990813	-0.594187	-1.17389	74.1236	
0.988418	-0.00467573	0.151685	-0.000475441	0.999425	0.0339056	-0.151757	-0.033585	0.987847	-0.712067	-1.20165	74.948	
0.985044	-0.00538073	0.172221	-0.00057998	0.999403	0.0345418	-0.172304	-0.0341251	0.984453	-0.847097	-1.22986	75.7699	
0.981242	-0.00609683	0.192682	-0.000697751	0.999381	0.0351757	-0.192777	-0.0346503	0.980631	-0.99922	-1.25852	76.5887	
0.977016	-0.0068237	0.213058	-0.000828704	0.999358	0.035807	-0.213166	-0.0351606	0.976383	-1.16837	-1.28761	77.4041	
0.972365	-0.00756104	0.233342	-0.000972782	0.999336	0.0364355	-0.233462	-0.0356556	0.971712	-1.35447	-1.31711	78.2159	
0.967293	-0.00830853	0.253524	-0.00112992	0.999312	0.0370608	-0.253657	-0.0361351	0.966619	-1.55744	-1.34703	79.0235	
0.961802	-0.00906584	0.273595	-0.00130006	0.999289	0.0376826	-0.273742	-0.0365989	0.961106	-1.7772	-1.37733	79.8268	
0.955894	-0.00983264	0.293548	-0.00148311	0.999265	0.0383008	-0.293709	-0.0370469	0.955177	-2.01365	-1.40802	80.6253	
0.949571	-0.0106086	0.313372	-0.00167901	0.999241	0.038915	-0.313547	-0.0374787	0.948833	-2.26668	-1.43907	81.4186	
0.942837	-0.0113934	0.333061	-0.00188766	0.999217	0.039525	-0.33325	-0.0378943	0.942077	-2.53619	-1.47048	82.2065	
