1	0	0	0	1	0	0	0	1	0	0	0	
0.999996	-2.09066e-06	-0.00289374	-2.09066e-06	0.999999	-0.00144495	0.00289374	0.00144495	0.999995	0.00144103	0.000719558	0.995958	
0.999983	-8.39037e-06	-0.005796	-8.39636e-06	0.999996	-0.00289623	0.005796	0.00289623	0.999979	0.00576834	0.00288138	1.99191	
0.999962	-1.89418e-05	-0.00870663	-1.89658e-05	0.999991	-0.00435377	0.00870663	0.00435377	0.999953	0.0129904	0.00649174	2.98783	
0.999932	-3.3787e-05	-0.0116255	-3.38474e-05	0.999983	-0.00581752	0.0116255	0.00581752	0.999915	0.0231154	0.0115568	3.98373	
0.999894	-5.29678e-05	-0.0145524	-5.30888e-05	0.999973	-0.00728741	0.0145524	0.00728741	0.999868	0.0361514	0.0180828	4.97958	
0.999847	-7.6525e-05	-0.0174873	-7.67375e-05	0.999962	-0.00876338	0.0174873	0.00876338	0.999809	0.0521066	0.0260758	5.97538	
0.999791	-0.000104499	-0.0204299	-0.00010484	0.999948	-0.0102454	0.0204299	0.0102454	0.999739	0.0709886	0.0355418	6.97111	
0.999727	-0.000136931	-0.0233802	-0.000137444	0.999931	-0.0117333	0.0233802	0.0117333	0.999658	0.0928052	0.0464868	7.96677	
0.999653	-0.000173859	-0.026338	-0.000174594	0.999913	-0.0132272	0.026338	0.0132272	0.999566	0.117564	0.0589166	8.96235	
0.999571	-0.000215322	-0.0293031	-0.000216336	0.999892	-0.0147268	0.0293031	0.0147269	0.999462	0.145272	0.0728372	9.95782	
0.999479	-0.000261359	-0.0322754	-0.000262715	0.999868	-0.0162323	0.0322753	0.0162323	0.999347	0.175937	0.0882542	10.9532	
0.999378	-0.000312008	-0.0352547	-0.000313775	0.999843	-0.0177434	0.0352547	0.0177435	0.999221	0.209565	0.105173	11.9484	
0.999268	-0.000367305	-0.0382409	-0.000369561	0.999814	-0.0192602	0.0382409	0.0192602	0.999083	0.246165	0.123601	12.9436	
0.999149	-0.000427288	-0.0412338	-0.000430115	0.999784	-0.0207826	0.0412338	0.0207826	0.998933	0.285742	0.143541	13.9385	
0.999021	-0.000491992	-0.0442334	-0.000495481	0.999751	-0.0223104	0.0442333	0.0223105	0.998772	0.328303	0.165001	14.9333	
0.998883	-0.000561453	-0.0472394	-0.000565701	0.999716	-0.0238437	0.0472393	0.0238438	0.998599	0.373854	0.187985	15.928	
0.998736	-0.000635705	-0.0502516	-0.000640818	0.999678	-0.0253824	0.0502516	0.0253825	0.998414	0.422403	0.212498	16.9225	
0.99858	-0.000714784	-0.0532701	-0.000720871	0.999637	-0.0269264	0.05327	0.0269266	0.998217	0.473954	0.238547	17.9168	
0.998414	-0.000798722	-0.0562945	-0.000805903	0.999594	-0.0284757	0.0562944	0.0284759	0.998008	0.528515	0.266137	18.9108	
0.998238	-0.000887554	-0.0593247	-0.000895952	0.999549	-0.0300301	0.0593246	0.0300303	0.997787	0.586091	0.295272	19.9047	
0.998053	-0.00098131	-0.0623607	-0.00099106	0.9995	-0.0315896	0.0623605	0.0315899	0.997554	0.646688	0.325957	20.8983	
0.997858	-0.00108002	-0.0654022	-0.00109126	0.99945	-0.0331542	0.065402	0.0331546	0.997308	0.710311	0.358199	21.8917	
0.997654	-0.00118373	-0.0684491	-0.0011966	0.999396	-0.0347238	0.0684488	0.0347242	0.99705	0.776966	0.392001	22.8849	
0.99744	-0.00129245	-0.0715012	-0.00130712	0.99934	-0.0362982	0.0715009	0.0362987	0.99678	0.846659	0.427369	23.8778	
0.997216	-0.00140622	-0.0745584	-0.00142284	0.999281	-0.0378775	0.0745581	0.0378781	0.996497	0.919393	0.464308	24.8704	
0.996982	-0.00152507	-0.0776206	-0.00154382	0.99922	-0.0394616	0.0776202	0.0394623	0.996202	0.995175	0.502822	25.8627	
0.996738	-0.00164902	-0.0806876	-0.00167007	0.999156	-0.0410504	0.0806871	0.0410512	0.995894	1.07401	0.542916	26.8547	
0.996484	-0.00177811	-0.0837592	-0.00180165	0.999089	-0.0426438	0.0837587	0.0426448	0.995573	1.1559	0.584595	27.8465	
0.996221	-0.00191237	-0.0868353	-0.00193858	0.999019	-0.0442417	0.0868347	0.0442429	0.99524	1.24085	0.627863	28.8378	
0.995947	-0.00205181	-0.0899158	-0.0020809	0.998946	-0.0458442	0.0899151	0.0458455	0.994894	1.32887	0.672725	29.8289	
0.995664	-0.00219648	-0.0930004	-0.00222864	0.998871	-0.0474511	0.0929997	0.0474526	0.994535	1.41996	0.719186	30.8196	
0.99537	-0.00234638	-0.0960891	-0.00238184	0.998793	-0.0490623	0.0960883	0.049064	0.994163	1.51412	0.767249	31.8099	
0.995066	-0.00250155	-0.0991818	-0.00254053	0.998712	-0.0506779	0.0991808	0.0506798	0.993778	1.61136	0.81692	32.7999	
0.994752	-0.00266201	-0.102278	-0.00270474	0.998628	-0.0522976	0.102277	0.0522998	0.99338	1.71168	0.868202	33.7894	
0.994428	-0.00282779	-0.105378	-0.0028745	0.998541	-0.0539215	0.105377	0.0539239	0.992969	1.81509	0.921099	34.7786	
0.994094	-0.0029989	-0.108481	-0.00304984	0.998451	-0.0555494	0.10848	0.0555522	0.992545	1.92159	0.975616	35.7673	
0.993749	-0.00317537	-0.111588	-0.0032308	0.998359	-0.0571813	0.111587	0.0571844	0.992108	2.03117	1.03176	36.7557	
0.993395	-0.00335723	-0.114698	-0.00341739	0.998263	-0.0588172	0.114696	0.0588207	0.991658	2.14386	1.08952	37.7435	
0.99303	-0.00354449	-0.117811	-0.00360966	0.998164	-0.0604569	0.117809	0.0604608	0.991194	2.25964	1.14892	38.731	
0.992654	-0.00373718	-0.120927	-0.00380763	0.998063	-0.0621004	0.120925	0.0621047	0.990717	2.37853	1.20996	39.7179	
0.992269	-0.0039353	-0.124045	-0.00401133	0.997958	-0.0637476	0.124043	0.0637523	0.990227	2.50052	1.27263	40.7044	
0.991873	-0.00413889	-0.127166	-0.00422078	0.99785	-0.0653984	0.127163	0.0654037	0.989723	2.62561	1.33695	41.6904	
0.991466	-0.00434796	-0.13029	-0.00443601	0.99774	-0.0670528	0.130287	0.0670586	0.989206	2.75382	1.40291	42.6758	
0.99105	-0.00456253	-0.133415	-0.00465704	0.997626	-0.0687107	0.133412	0.068717	0.988675	2.88513	1.47053	43.6608	
0.990623	-0.00478262	-0.136543	-0.00488391	0.997509	-0.070372	0.13654	0.070379	0.988131	3.01956	1.5398	44.6452	
0.990185	-0.00500824	-0.139673	-0.00511662	0.997389	-0.0720366	0.139669	0.0720442	0.987574	3.15711	1.61072	45.629	
0.989737	-0.0052394	-0.142804	-0.00535522	0.997266	-0.0737045	0.1428	0.0737129	0.987003	3.29777	1.6833	46.6123	
0.989279	-0.00547613	-0.145938	-0.00559972	0.997139	-0.0753756	0.145933	0.0753847	0.986418	3.44156	1.75755	47.5951	
0.98881	-0.00571844	-0.149073	-0.00585014	0.99701	-0.0770498	0.149067	0.0770597	0.98582	3.58846	1.83347	48.5772	
0.98833	-0.00596633	-0.152209	-0.00610651	0.996878	-0.0787271	0.152203	0.0787378	0.985208	3.73849	1.91105	49.5587	
0.987841	-0.00621983	-0.155346	-0.00636884	0.996742	-0.0804073	0.15534	0.0804189	0.984582	3.89164	1.99031	50.5397	
0.98734	-0.00647895	-0.158485	-0.00663716	0.996603	-0.0820904	0.158478	0.082103	0.983943	4.04792	2.07124	51.5199	
0.986829	-0.0067437	-0.161624	-0.00691148	0.996461	-0.0837763	0.161617	0.08379	0.98329	4.20732	2.15385	52.4996	
0.986308	-0.00701409	-0.164765	-0.00719183	0.996315	-0.085465	0.164757	0.0854798	0.982623	4.36984	2.23814	53.4786	
0.985776	-0.00729012	-0.167905	-0.00747822	0.996167	-0.0871563	0.167897	0.0871723	0.981943	4.5355	2.32412	54.4569	
0.985234	-0.00757182	-0.171047	-0.00777067	0.996015	-0.0888502	0.171038	0.0888674	0.981248	4.70428	2.41179	55.4345	
0.984681	-0.00785918	-0.174189	-0.00806919	0.99586	-0.0905467	0.174179	0.0905652	0.98054	4.87619	2.50114	56.4115	
0.984118	-0.00815222	-0.177331	-0.00837381	0.995701	-0.0922456	0.17732	0.0922654	0.979819	5.05123	2.59219	57.3877	
0.983544	-0.00845094	-0.180473	-0.00868453	0.995539	-0.0939468	0.180462	0.0939681	0.979083	5.2294	2.68493	58.3632	
0.982959	-0.00875536	-0.183615	-0.00900137	0.995374	-0.0956503	0.183603	0.0956732	0.978334	5.4107	2.77936	59.3379	
0.982364	-0.00906547	-0.186757	-0.00932435	0.995206	-0.0973561	0.186744	0.0973805	0.97757	5.59513	2.8755	60.3119	
0.981759	-0.00938128	-0.189898	-0.00965348	0.995034	-0.099064	0.189885	0.0990901	0.976793	5.78268	2.97334	61.2852	
0.981143	-0.0097028	-0.193039	-0.00998877	0.994859	-0.100774	0.193025	0.100802	0.976002	5.97336	3.07288	62.2576	
0.980798	-0.00988666	-0.194775	-0.0109816	0.99433	-0.10577	0.194716	0.105878	0.975128	6.16645	3.1758	63.2292	
0.980449	-0.0100801	-0.196514	-0.0119841	0.993774	-0.110766	0.196407	0.110956	0.974224	6.36122	3.28378	64.2	
0.980097	-0.010283	-0.198255	-0.0129959	0.993192	-0.115761	0.198096	0.116034	0.97329	6.55767	3.39682	65.1698	
0.97974	-0.0104955	-0.199998	-0.0140173	0.992583	-0.120756	0.199782	0.121113	0.972326	6.75581	3.51491	66.1387	
0.97938	-0.0107175	-0.201743	-0.015048	0.991948	-0.125748	0.201466	0.126191	0.971333	6.95562	3.63807	67.1066	
0.979016	-0.010949	-0.203489	-0.016088	0.991286	-0.130739	0.203147	0.131269	0.970309	7.15711	3.76628	68.0735	
0.978649	-0.0111899	-0.205235	-0.0171372	0.990598	-0.135728	0.204824	0.136347	0.969256	7.36028	3.89955	69.0394	
0.978278	-0.0114402	-0.206981	-0.0181957	0.989883	-0.140713	0.206497	0.141423	0.968173	7.56511	4.03787	70.0042	
0.977904	-0.0116999	-0.208726	-0.0192632	0.989142	-0.145695	0.208165	0.146497	0.967061	7.7716	4.18125	70.9679	
0.979878	-0.0101662	-0.199339	-0.0239211	0.985523	-0.167848	0.19816	0.169239	0.965449	7.97395	4.33849	71.9303	
0.981754	-0.00841207	-0.18997	-0.0283481	0.981383	-0.189958	0.188032	0.191877	0.963238	8.16628	4.51832	72.8908	
0.983531	-0.00643857	-0.180626	-0.0325417	0.976726	-0.21201	0.177787	0.214396	0.96043	8.34846	4.72065	73.8488	
0.985208	-0.00424695	-0.171312	-0.0364991	0.971554	-0.23399	0.167432	0.236782	0.957027	8.52038	4.94534	74.8037	
0.986784	-0.00183855	-0.162034	-0.0402179	0.96587	-0.255886	0.156974	0.259021	0.953031	8.68193	5.19225	75.7549	
0.988257	0.000785114	-0.152797	-0.0436958	0.959678	-0.277683	0.146418	0.281099	0.948443	8.83302	5.46123	76.7018	
0.989628	0.00362243	-0.143608	-0.0469306	0.952983	-0.299369	0.135772	0.303003	0.943268	8.97356	5.75212	77.6439	
0.990895	0.00667164	-0.134472	-0.0499204	0.945787	-0.320929	0.125041	0.32472	0.937508	9.10344	6.06473	78.5806	
0.992057	0.00993084	-0.125395	-0.0526633	0.938095	-0.34235	0.114232	0.346235	0.931167	9.2226	6.39887	79.5112	
0.993114	0.013398	-0.116382	-0.0551576	0.929913	-0.36362	0.103353	0.367535	0.924249	9.33096	6.75433	80.4352	
0.994065	0.017071	-0.107439	-0.0574017	0.921245	-0.384724	0.0924102	0.388608	0.916757	9.42845	7.13089	81.352	
0.994909	0.0209476	-0.0985719	-0.0593943	0.912097	-0.40565	0.0814097	0.40944	0.908698	9.51502	7.52833	82.2611	
0.995647	0.0250253	-0.0897857	-0.0611341	0.902474	-0.426385	0.0703588	0.430017	0.900075	9.5906	7.94638	83.1619	
0.996276	0.0293017	-0.081086	-0.06262	0.892382	-0.446915	0.0592643	0.450329	0.890894	9.65515	8.3848	84.0538	
0.996798	0.033774	-0.0724781	-0.0638512	0.881828	-0.467229	0.048133	0.470361	0.881161	9.70863	8.84331	84.9363	
0.997211	0.0384395	-0.0639674	-0.0648268	0.870817	-0.487314	0.0369719	0.490101	0.870881	9.75102	9.32162	85.8088	
0.997516	0.0432953	-0.0555593	-0.0655462	0.859358	-0.507156	0.0257878	0.509538	0.860062	9.78227	9.81945	86.6708	
0.997712	0.0483384	-0.0472588	-0.066009	0.847457	-0.526744	0.0145878	0.528659	0.848709	9.80238	10.3365	87.5218	
0.9978	0.0535657	-0.0390712	-0.066215	0.835121	-0.546066	0.00337874	0.547452	0.83683	9.81133	10.8724	88.3612	
0.997778	0.0589739	-0.0310015	-0.0661639	0.822358	-0.56511	-0.00783242	0.565906	0.824433	9.80911	11.4268	89.1885	
0.997647	0.0645597	-0.0230547	-0.0658559	0.809176	-0.583864	-0.0190387	0.584009	0.811524	9.79573	11.9995	90.0032	
0.997408	0.0703196	-0.0152358	-0.0652911	0.795583	-0.602316	-0.0302332	0.601749	0.798112	9.77119	12.59	90.8048	
0.99706	0.07625	-0.0075496	-0.0644698	0.781588	-0.620455	-0.041409	0.619117	0.784206	9.73551	13.198	91.5928	
0.996604	0.0823473	-8.4411e-07	-0.0633926	0.767199	-0.638269	-0.0525591	0.636101	0.769813	9.68871	13.8231	92.3668	
0.996039	0.0886077	0.00740576	-0.0620602	0.752425	-0.655748	-0.0636766	0.652691	0.754944	9.63083	14.465	93.1261	
0.995367	0.0950273	0.0146656	-0.0604733	0.737275	-0.672881	-0.0747546	0.668876	0.739606	9.56189	15.1231	93.8704	
0.994587	0.101602	0.0217743	-0.0586329	0.721759	-0.689656	-0.0857863	0.684646	0.723809	9.48194	15.7972	94.5992	
