1	0	0	0	1	0	0	0	1	0	0	0	
1	-6.81665e-07	0.000606301	-6.81665e-07	0.999997	0.0022486	-0.000606301	-0.0022486	0.999997	-0.000325504	-0.0012072	1.07374	
0.999999	-2.74343e-06	0.00121639	-2.74282e-06	0.99999	0.00451025	-0.00121639	-0.00451025	0.999989	-0.00130405	-0.00483582	2.14747	
0.999998	-6.21021e-06	0.00183024	-6.20776e-06	0.999977	0.00678481	-0.00183024	-0.00678481	0.999975	-0.00293969	-0.0108998	3.22119	
0.999997	-1.11068e-05	0.00244781	-1.11006e-05	0.999959	0.00907215	-0.00244781	-0.00907215	0.999956	-0.00523644	-0.0194129	4.29489	
0.999995	-1.74577e-05	0.00306906	-1.74453e-05	0.999935	0.0113721	-0.00306906	-0.0113721	0.999931	-0.00819827	-0.0303888	5.36856	
0.999993	-2.52874e-05	0.00369397	-2.52656e-05	0.999906	0.0136846	-0.00369397	-0.0136846	0.9999	-0.0118291	-0.043841	6.44221	
0.999991	-3.46203e-05	0.0043225	-3.45852e-05	0.999872	0.0160094	-0.0043225	-0.0160094	0.999862	-0.0161329	-0.0597828	7.51582	
0.999988	-4.54803e-05	0.00495461	-4.54274e-05	0.999832	0.0183465	-0.00495461	-0.0183465	0.999819	-0.0211135	-0.0782274	8.58939	
0.999984	-5.78916e-05	0.00559026	-5.78156e-05	0.999786	0.0206956	-0.00559027	-0.0206956	0.99977	-0.0267747	-0.0991878	9.66291	
0.999981	-7.18778e-05	0.00622944	-7.17727e-05	0.999734	0.0230567	-0.00622944	-0.0230567	0.999715	-0.0331204	-0.122677	10.7364	
0.999976	-8.74626e-05	0.00687209	-8.73216e-05	0.999677	0.0254295	-0.00687209	-0.0254295	0.999653	-0.0401542	-0.148708	11.8098	
0.999972	-0.000104669	0.00751818	-0.000104485	0.999613	0.027814	-0.00751818	-0.027814	0.999585	-0.0478799	-0.177293	12.8831	
0.999967	-0.000123521	0.00816768	-0.000123285	0.999544	0.03021	-0.00816768	-0.03021	0.99951	-0.0563011	-0.208444	13.9563	
0.999961	-0.000144041	0.00882054	-0.000143745	0.999468	0.0326174	-0.00882055	-0.0326174	0.999429	-0.0654216	-0.242174	15.0295	
0.999955	-0.000166252	0.00947675	-0.000165885	0.999386	0.035036	-0.00947675	-0.035036	0.999341	-0.0752448	-0.278495	16.1026	
0.999949	-0.000190176	0.0101362	-0.000189729	0.999298	0.0374657	-0.0101363	-0.0374657	0.999247	-0.0857744	-0.317419	17.1756	
0.999942	-0.000215836	0.010799	-0.000215297	0.999203	0.0399064	-0.010799	-0.0399064	0.999145	-0.0970139	-0.358958	18.2484	
0.999934	-0.000243254	0.011465	-0.000242611	0.999102	0.0423578	-0.011465	-0.0423578	0.999037	-0.108967	-0.403123	19.3212	
0.999926	-0.000272452	0.0121342	-0.000271692	0.998995	0.0448198	-0.0121342	-0.0448198	0.998921	-0.121636	-0.449926	20.3938	
0.999918	-0.000303452	0.0128065	-0.00030256	0.998881	0.0472924	-0.0128065	-0.0472923	0.998799	-0.135026	-0.499378	21.4664	
0.999909	-0.000336275	0.0134819	-0.000335237	0.99876	0.0497752	-0.0134819	-0.0497752	0.998669	-0.14914	-0.55149	22.5387	
0.9999	-0.000370941	0.0141604	-0.000369743	0.998633	0.0522683	-0.0141604	-0.0522683	0.998533	-0.16398	-0.606274	23.611	
0.99989	-0.000407474	0.0148419	-0.000406098	0.998499	0.0547715	-0.014842	-0.0547715	0.998389	-0.179551	-0.663741	24.6831	
0.999879	-0.000445892	0.0155265	-0.000444321	0.998358	0.0572845	-0.0155265	-0.0572845	0.998237	-0.195854	-0.7239	25.755	
0.999868	-0.000486216	0.016214	-0.000484432	0.99821	0.0598073	-0.016214	-0.0598073	0.998078	-0.212895	-0.786763	26.8267	
0.999857	-0.000528467	0.0169044	-0.000526451	0.998055	0.0623397	-0.0169045	-0.0623397	0.997912	-0.230675	-0.85234	27.8983	
0.999845	-0.000572664	0.0175977	-0.000570397	0.997893	0.0648816	-0.0175978	-0.0648816	0.997738	-0.249198	-0.920641	28.9697	
0.999832	-0.000618828	0.0182938	-0.000616287	0.997724	0.0674327	-0.0182939	-0.0674327	0.997556	-0.268468	-0.991677	30.0409	
0.999819	-0.000666977	0.0189928	-0.000664142	0.997547	0.0699931	-0.0189929	-0.069993	0.997367	-0.288486	-1.06546	31.112	
0.999806	-0.000717131	0.0196945	-0.000713978	0.997364	0.0725624	-0.0196946	-0.0725624	0.997169	-0.309256	-1.14199	32.1828	
0.999792	-0.000769308	0.0203989	-0.000765815	0.997173	0.0751406	-0.0203991	-0.0751405	0.996964	-0.330781	-1.22129	33.2534	
0.999777	-0.000823527	0.0211061	-0.000819669	0.996974	0.0777274	-0.0211062	-0.0777274	0.996751	-0.353064	-1.30336	34.3237	
0.999762	-0.000879807	0.0218159	-0.000875557	0.996769	0.0803229	-0.021816	-0.0803228	0.99653	-0.376107	-1.38821	35.3938	
0.999746	-0.000938165	0.0225282	-0.000933497	0.996555	0.0829267	-0.0225284	-0.0829266	0.996301	-0.399915	-1.47585	36.4637	
0.999729	-0.000998618	0.0232432	-0.000993506	0.996334	0.0855387	-0.0232434	-0.0855387	0.996064	-0.424488	-1.5663	37.5334	
0.999712	-0.00106119	0.0239607	-0.0010556	0.996106	0.0881589	-0.0239609	-0.0881588	0.995818	-0.449831	-1.65955	38.6028	
0.999695	-0.00112588	0.0246807	-0.00111979	0.99587	0.090787	-0.0246809	-0.0907869	0.995564	-0.475945	-1.75562	39.6719	
0.999677	-0.00119273	0.0254031	-0.0011861	0.995626	0.0934229	-0.0254034	-0.0934228	0.995302	-0.502834	-1.85452	40.7407	
0.999658	-0.00126173	0.0261279	-0.00125455	0.995374	0.0960664	-0.0261283	-0.0960663	0.995032	-0.530499	-1.95625	41.8093	
0.999638	-0.00133292	0.0268551	-0.00132514	0.995115	0.0987174	-0.0268555	-0.0987173	0.994753	-0.558945	-2.06082	42.8775	
0.999618	-0.0014063	0.0275847	-0.00139789	0.994847	0.101376	-0.0275851	-0.101376	0.994466	-0.588172	-2.16824	43.9455	
0.999598	-0.0014819	0.0283165	-0.00147282	0.994572	0.104041	-0.028317	-0.104041	0.99417	-0.618184	-2.27853	45.0131	
0.999577	-0.00155972	0.0290506	-0.00154994	0.994289	0.106714	-0.0290511	-0.106713	0.993865	-0.648984	-2.39167	46.0804	
0.999555	-0.00163978	0.0297868	-0.00162926	0.993997	0.109393	-0.0297874	-0.109393	0.993552	-0.680572	-2.50769	47.1474	
0.999533	-0.00172209	0.0305253	-0.0017108	0.993698	0.112079	-0.0305259	-0.112079	0.99323	-0.712952	-2.6266	48.214	
0.999509	-0.00180668	0.0312658	-0.00179457	0.99339	0.114772	-0.0312665	-0.114771	0.9929	-0.746127	-2.74838	49.2803	
0.999486	-0.00189355	0.0320085	-0.00188059	0.993075	0.117471	-0.0320092	-0.11747	0.99256	-0.780098	-2.87307	50.3463	
0.999462	-0.00198271	0.0327531	-0.00196886	0.992751	0.120176	-0.032754	-0.120176	0.992212	-0.814867	-3.00065	51.4118	
0.999437	-0.00207418	0.0334998	-0.0020594	0.992419	0.122887	-0.0335007	-0.122887	0.991855	-0.850437	-3.13115	52.477	
0.999411	-0.00216798	0.0342485	-0.00215222	0.992078	0.125604	-0.0342495	-0.125604	0.991489	-0.88681	-3.26455	53.5418	
0.999385	-0.00226411	0.034999	-0.00224733	0.991729	0.128327	-0.0350001	-0.128327	0.991114	-0.923988	-3.40088	54.6062	
0.999358	-0.00236259	0.0357515	-0.00234474	0.991372	0.131056	-0.0357526	-0.131056	0.99073	-0.961973	-3.54013	55.6702	
0.99933	-0.00246343	0.0365057	-0.00244447	0.991007	0.13379	-0.036507	-0.13379	0.990337	-1.00077	-3.68232	56.7338	
0.999302	-0.00256663	0.0372618	-0.00254652	0.990633	0.136529	-0.0372632	-0.136529	0.989935	-1.04037	-3.82745	57.7969	
0.999273	-0.00267222	0.0380196	-0.0026509	0.99025	0.139274	-0.0380211	-0.139274	0.989524	-1.08079	-3.97552	58.8596	
0.999244	-0.0027802	0.0387791	-0.00275762	0.989859	0.142023	-0.0387807	-0.142023	0.989103	-1.12202	-4.12654	59.9219	
0.999214	-0.00289058	0.0395403	-0.0028667	0.98946	0.144778	-0.039542	-0.144777	0.988674	-1.16407	-4.28051	60.9837	
0.999183	-0.00300337	0.0403031	-0.00297813	0.989052	0.147537	-0.040305	-0.147536	0.988235	-1.20694	-4.43745	62.045	
0.999152	-0.00311858	0.0410675	-0.00309194	0.988636	0.1503	-0.0410695	-0.1503	0.987787	-1.25063	-4.59734	63.1059	
0.999119	-0.00323622	0.0418334	-0.00320812	0.98821	0.153068	-0.0418356	-0.153068	0.98733	-1.29514	-4.76021	64.1663	
0.999087	-0.0033563	0.0426008	-0.00332668	0.987777	0.15584	-0.0426031	-0.15584	0.986863	-1.34047	-4.92606	65.2262	
0.999053	-0.00347883	0.0433697	-0.00344764	0.987334	0.158616	-0.0433722	-0.158616	0.986387	-1.38663	-5.09488	66.2855	
0.999019	-0.00360381	0.04414	-0.003571	0.986883	0.161396	-0.0441427	-0.161396	0.985902	-1.43361	-5.26668	67.3444	
0.998984	-0.00373126	0.0449116	-0.00369676	0.986423	0.16418	-0.0449145	-0.164179	0.985407	-1.48142	-5.44147	68.4027	
0.998948	-0.00386117	0.0456846	-0.00382493	0.985955	0.166967	-0.0456877	-0.166967	0.984903	-1.53006	-5.61925	69.4605	
0.998912	-0.00399356	0.0464589	-0.00395552	0.985478	0.169758	-0.0464622	-0.169757	0.98439	-1.57954	-5.80003	70.5178	
0.999013	-0.00360849	0.0442612	-0.0041994	0.98455	0.175052	-0.0442091	-0.175065	0.983564	-1.62821	-5.98516	71.5743	
0.99971	0.000163451	0.024077	-0.00478511	0.981379	0.192022	-0.0235973	-0.192082	0.981095	-1.66462	-6.18228	72.6291	
0.999983	0.00428363	0.00395073	-0.00501459	0.977915	0.208944	-0.00296844	-0.208961	0.97792	-1.67888	-6.3976	73.6809	
0.999832	0.00874907	-0.016103	-0.00488766	0.97416	0.225806	0.0176625	-0.225689	0.974039	-1.67099	-6.63096	74.729	
0.999257	0.0135566	-0.0360699	-0.00440442	0.970118	0.242594	0.0382808	-0.242255	0.969457	-1.64096	-6.8822	75.7724	
0.998259	0.0187026	-0.0559354	-0.00356521	0.965791	0.259296	0.0588714	-0.258646	0.964177	-1.5888	-7.15113	76.8106	
0.996838	0.0241836	-0.0756852	-0.00237065	0.961183	0.275902	0.0794197	-0.27485	0.958201	-1.51455	-7.43757	77.8427	
0.994996	0.0299955	-0.0953052	-0.000821584	0.956296	0.292398	0.0999107	-0.290857	0.951536	-1.41826	-7.7413	78.8681	
0.992733	0.0361341	-0.114781	0.00108086	0.951135	0.308774	0.12033	-0.306654	0.944184	-1.30002	-8.0621	79.8859	
0.990052	0.0425951	-0.134099	0.00333532	0.945703	0.325016	0.140662	-0.32223	0.936153	-1.15989	-8.39975	80.8954	
0.986954	0.0493737	-0.153245	0.00594017	0.940003	0.341114	0.160893	-0.337574	0.927447	-0.997986	-8.754	81.896	
0.983441	0.0564651	-0.172205	0.00889353	0.934041	0.357056	0.181008	-0.352675	0.918072	-0.814419	-9.12459	82.8869	
0.979517	0.0638641	-0.190966	0.0121933	0.92782	0.37283	0.200993	-0.367522	0.908036	-0.609322	-9.51127	83.8673	
0.975183	0.0715655	-0.209514	0.015837	0.921344	0.388425	0.220832	-0.382103	0.897346	-0.382844	-9.91374	84.8366	
0.970443	0.0795637	-0.227836	0.0198221	0.91462	0.403829	0.240513	-0.39641	0.886009	-0.135147	-10.3317	85.7941	
0.965301	0.0878529	-0.245918	0.0241458	0.90765	0.419033	0.260021	-0.410431	0.874034	0.13359	-10.7649	86.7391	
0.95976	0.0964272	-0.263747	0.0288048	0.900441	0.434024	0.279341	-0.424156	0.861429	0.423174	-11.213	87.6708	
0.953824	0.10528	-0.281312	0.0337959	0.892997	0.448792	0.298459	-0.437575	0.848204	0.733395	-11.6757	88.5887	
0.947497	0.114406	-0.298598	0.0391154	0.885324	0.463326	0.317363	-0.45068	0.834367	1.06403	-12.1526	89.4921	
0.940784	0.123797	-0.315593	0.0447595	0.877428	0.477616	0.336038	-0.463459	0.819929	1.41484	-12.6434	90.3803	
0.93369	0.133448	-0.332286	0.0507242	0.869314	0.491651	0.354471	-0.475905	0.804901	1.78558	-13.1477	91.2527	
0.92622	0.143351	-0.348665	0.0570051	0.860987	0.505422	0.372649	-0.488007	0.789292	2.17597	-13.6653	92.1086	
0.918379	0.153499	-0.364716	0.0635977	0.852455	0.518918	0.390558	-0.499759	0.773115	2.58573	-14.1956	92.9475	
0.910173	0.163885	-0.38043	0.0704973	0.843723	0.53213	0.408185	-0.51115	0.75638	3.01458	-14.7383	93.7686	
0.901608	0.174501	-0.395794	0.0776988	0.834797	0.545048	0.425519	-0.522172	0.739101	3.4622	-15.2931	94.5716	
0.89269	0.185339	-0.410797	0.0851972	0.825684	0.557663	0.442546	-0.532819	0.721289	3.92826	-15.8596	95.3556	
0.883425	0.196393	-0.42543	0.092987	0.81639	0.569966	0.459254	-0.543081	0.702957	4.41244	-16.4372	96.1203	
0.87382	0.207653	-0.43968	0.101063	0.806922	0.581947	0.475631	-0.552952	0.684119	4.91438	-17.0257	96.8651	
0.863883	0.219112	-0.453538	0.109418	0.797288	0.593599	0.491665	-0.562425	0.664788	5.43372	-17.6245	97.5893	
0.853619	0.230762	-0.466994	0.118048	0.787493	0.604913	0.507345	-0.571493	0.644978	5.97009	-18.2333	98.2925	
0.843037	0.242593	-0.480039	0.126945	0.777545	0.615881	0.52266	-0.580149	0.624703	6.5231	-18.8516	98.9742	
0.832144	0.254598	-0.492662	0.136103	0.767451	0.626494	0.537598	-0.588386	0.603978	7.09235	-19.479	99.6339	
0.820949	0.266768	-0.504854	0.145517	0.757219	0.636746	0.552149	-0.5962	0.582818	7.67744	-20.115	100.271	
