1	0	0	0	1	0	0	0	1	0	0	0	
1	1.78968e-06	-0.000852357	1.78968e-06	0.999991	0.00419936	0.000852357	-0.00419936	0.999991	0.000412404	-0.00203181	0.967674	
0.999999	7.18034e-06	-0.00170777	7.17196e-06	0.999965	0.00840395	0.00170777	-0.00840395	0.999963	0.00165109	-0.00812979	1.93533	
0.999997	1.62021e-05	-0.00256622	1.61685e-05	0.99992	0.0126136	0.00256622	-0.0126136	0.999917	0.00371902	-0.0182989	2.90295	
0.999994	2.88847e-05	-0.00342766	2.88007e-05	0.999858	0.0168282	0.00342766	-0.0168282	0.999853	0.00661909	-0.032544	3.87052	
0.999991	4.52579e-05	-0.00429207	4.50896e-05	0.999778	0.0210474	0.00429207	-0.0210474	0.999769	0.0103542	-0.0508697	4.83801	
0.999987	6.53509e-05	-0.00515943	6.50561e-05	0.999681	0.0252713	0.00515943	-0.0252713	0.999667	0.0149272	-0.0732805	5.80542	
0.999982	8.91929e-05	-0.00602969	8.87206e-05	0.999565	0.0294995	0.0060297	-0.0294995	0.999547	0.0203409	-0.0997808	6.77272	
0.999976	0.000116812	-0.00690284	0.000116103	0.999431	0.033732	0.00690285	-0.033732	0.999407	0.0265982	-0.130375	7.73989	
0.99997	0.000148238	-0.00777883	0.000147224	0.999279	0.0379685	0.00777885	-0.0379685	0.999249	0.0337018	-0.165066	8.70692	
0.999963	0.000183499	-0.00865765	0.000182102	0.999109	0.0422089	0.00865768	-0.0422089	0.999071	0.0416544	-0.203859	9.67378	
0.999954	0.000222621	-0.00953926	0.000220757	0.99892	0.0464531	0.0095393	-0.046453	0.998875	0.0504588	-0.246757	10.6405	
0.999946	0.000265634	-0.0104236	0.000263207	0.998714	0.0507007	0.0104237	-0.0507007	0.998659	0.0601177	-0.293764	11.607	
0.999936	0.000312564	-0.0113107	0.000309472	0.998489	0.0549518	0.0113108	-0.0549518	0.998425	0.0706337	-0.344883	12.5732	
0.999926	0.000363439	-0.0122005	0.00035957	0.998246	0.0592061	0.0122006	-0.0592061	0.998171	0.0820095	-0.400117	13.5393	
0.999914	0.000418285	-0.013093	0.000413518	0.997984	0.0634635	0.0130931	-0.0634634	0.997898	0.0942475	-0.459469	14.505	
0.999902	0.000477129	-0.013988	0.000471334	0.997704	0.0677237	0.0139882	-0.0677237	0.997606	0.107351	-0.522943	15.4705	
0.999889	0.000539997	-0.0148857	0.000533037	0.997405	0.0719867	0.014886	-0.0719866	0.997295	0.121321	-0.59054	16.4357	
0.999875	0.000606915	-0.015786	0.000598641	0.997088	0.0762522	0.0157863	-0.0762521	0.996964	0.136161	-0.662264	17.4006	
0.999861	0.000677909	-0.0166888	0.000668165	0.996753	0.0805201	0.0166892	-0.08052	0.996613	0.151874	-0.738116	18.3652	
0.999845	0.000753004	-0.017594	0.000741625	0.996399	0.0847902	0.0175945	-0.0847901	0.996243	0.168462	-0.8181	19.3294	
0.999828	0.000832225	-0.0185018	0.000819037	0.996026	0.0890623	0.0185024	-0.0890622	0.995854	0.185927	-0.902216	20.2933	
0.999811	0.000915597	-0.019412	0.000900416	0.995634	0.0933364	0.0194127	-0.0933362	0.995445	0.204272	-0.990468	21.2568	
0.999793	0.00100314	-0.0203246	0.000985779	0.995224	0.0976121	0.0203255	-0.0976119	0.995017	0.223499	-1.08286	22.2198	
0.999774	0.00109489	-0.0212396	0.00107514	0.994795	0.101889	0.0212406	-0.101889	0.994569	0.24361	-1.17938	23.1825	
0.999754	0.00119086	-0.0221569	0.00116851	0.994348	0.106168	0.0221581	-0.106168	0.994101	0.264608	-1.28005	24.1447	
0.999733	0.00129108	-0.0230765	0.00126591	0.993881	0.110448	0.0230779	-0.110448	0.993614	0.286495	-1.38486	25.1064	
0.999711	0.00139556	-0.0239983	0.00136736	0.993396	0.114729	0.024	-0.114729	0.993107	0.309273	-1.4938	26.0676	
0.999688	0.00150434	-0.0249225	0.00147285	0.992892	0.119011	0.0249243	-0.11901	0.99258	0.332945	-1.6069	27.0284	
0.999665	0.00161743	-0.0258488	0.00158242	0.992369	0.123293	0.0258509	-0.123293	0.992034	0.357512	-1.72413	27.9886	
0.99964	0.00173486	-0.0267772	0.00169607	0.991827	0.127576	0.0267797	-0.127576	0.991467	0.382977	-1.84551	28.9483	
0.999614	0.00185665	-0.0277078	0.00181381	0.991267	0.13186	0.0277107	-0.131859	0.990881	0.409341	-1.97104	29.9075	
0.999588	0.00198282	-0.0286405	0.00193567	0.990687	0.136144	0.0286437	-0.136143	0.990275	0.436608	-2.10071	30.866	
0.99956	0.0021134	-0.0295753	0.00206164	0.990089	0.140427	0.0295789	-0.140427	0.989649	0.464778	-2.23452	31.824	
0.999532	0.00224839	-0.030512	0.00219174	0.989472	0.144711	0.0305161	-0.14471	0.989003	0.493854	-2.37248	32.7813	
0.999502	0.00238783	-0.0314508	0.00232599	0.988835	0.148995	0.0314554	-0.148994	0.988338	0.523839	-2.51459	33.7381	
0.999472	0.00253173	-0.0323915	0.00246438	0.98818	0.153278	0.0323967	-0.153276	0.987652	0.554733	-2.66084	34.6941	
0.999441	0.00268011	-0.0333341	0.00260695	0.987506	0.15756	0.0333399	-0.157559	0.986947	0.586539	-2.81123	35.6495	
0.999408	0.002833	-0.0342786	0.00275369	0.986813	0.161842	0.0342851	-0.16184	0.986221	0.619258	-2.96577	36.6042	
0.999375	0.00299041	-0.035225	0.00290462	0.986101	0.166122	0.0352321	-0.166121	0.985476	0.652893	-3.12445	37.5582	
0.999341	0.00315236	-0.0361731	0.00305974	0.98537	0.170402	0.0361811	-0.1704	0.98471	0.687446	-3.28727	38.5114	
0.999305	0.00331887	-0.037123	0.00321907	0.98462	0.17468	0.0371318	-0.174678	0.983925	0.722918	-3.45424	39.4639	
0.999269	0.00348996	-0.0380747	0.00338261	0.983851	0.178957	0.0380844	-0.178955	0.98312	0.75931	-3.62534	40.4157	
0.999231	0.00366564	-0.039028	0.00355037	0.983063	0.183232	0.0390387	-0.18323	0.982295	0.796625	-3.80058	41.3666	
0.999193	0.00384593	-0.039983	0.00372237	0.982256	0.187506	0.0399947	-0.187504	0.981449	0.834865	-3.97995	42.3168	
0.999153	0.00403086	-0.0409396	0.00389861	0.981431	0.191778	0.0409525	-0.191775	0.980584	0.87403	-4.16346	43.2661	
0.999113	0.00422043	-0.0418979	0.0040791	0.980586	0.196047	0.0419118	-0.196044	0.979699	0.914123	-4.3511	44.2145	
0.999071	0.00441466	-0.0428576	0.00426384	0.979722	0.200315	0.0428729	-0.200312	0.978794	0.955145	-4.54288	45.1621	
0.999029	0.00461357	-0.0438189	0.00445284	0.97884	0.20458	0.0438355	-0.204576	0.977869	0.997098	-4.73878	46.1088	
0.998985	0.00481717	-0.0447816	0.00464611	0.977938	0.208842	0.0447997	-0.208839	0.976923	1.03998	-4.9388	47.0546	
0.99894	0.00502549	-0.0457457	0.00484366	0.977018	0.213102	0.0457654	-0.213098	0.975958	1.0838	-5.14295	47.9995	
0.998895	0.00523853	-0.0467113	0.00504549	0.976079	0.217359	0.0467325	-0.217355	0.974973	1.12856	-5.35122	48.9435	
0.998848	0.0054563	-0.0476782	0.00525161	0.975121	0.221613	0.0477012	-0.221608	0.973968	1.17425	-5.56361	49.8864	
0.9988	0.00567883	-0.0486464	0.00546203	0.974144	0.225864	0.0486712	-0.225859	0.972943	1.22088	-5.78011	50.8284	
0.998751	0.00590613	-0.0496159	0.00567674	0.973148	0.230111	0.0496427	-0.230106	0.971899	1.26844	-6.00073	51.7694	
0.998701	0.00613821	-0.0505866	0.00589575	0.972133	0.234355	0.0506155	-0.234349	0.970834	1.31695	-6.22545	52.7094	
0.99865	0.00637507	-0.0515586	0.00611908	0.9711	0.238596	0.0515896	-0.238589	0.969749	1.3664	-6.45427	53.6483	
0.998597	0.00661675	-0.0525317	0.00634671	0.970048	0.242832	0.052565	-0.242825	0.968645	1.4168	-6.6872	54.5862	
0.998544	0.00686324	-0.0535059	0.00657866	0.968977	0.247065	0.0535416	-0.247057	0.967521	1.46814	-6.92422	55.523	
0.998489	0.00711456	-0.0544812	0.00681493	0.967887	0.251293	0.0545195	-0.251285	0.966377	1.52042	-7.16534	56.4587	
0.998434	0.00737072	-0.0554575	0.00705553	0.966779	0.255517	0.0554985	-0.255508	0.965213	1.57365	-7.41055	57.3933	
0.998377	0.00763174	-0.0564348	0.00730045	0.965652	0.259737	0.0564786	-0.259727	0.964029	1.62783	-7.65984	58.3267	
0.998319	0.00789761	-0.0574131	0.00754969	0.964506	0.263952	0.0574599	-0.263942	0.962826	1.68296	-7.91321	59.259	
0.998205	0.00841373	-0.0592924	0.00760479	0.964257	0.26486	0.0594015	-0.264835	0.962462	1.7395	-8.16905	60.1905	
0.998087	0.00893279	-0.0611752	0.0076618	0.964007	0.265768	0.0613473	-0.265729	0.962094	1.79792	-8.42576	61.1217	
0.997965	0.0094547	-0.0630613	0.00772073	0.963755	0.266678	0.063297	-0.266622	0.96172	1.85823	-8.68333	62.0525	
0.997839	0.00997941	-0.0649504	0.00778157	0.963502	0.267588	0.0652502	-0.267515	0.961342	1.92043	-8.94177	62.983	
0.997708	0.0105068	-0.0668422	0.00784434	0.963248	0.268499	0.0672067	-0.268408	0.960958	1.98451	-9.20107	63.913	
0.997574	0.0110369	-0.0687365	0.00790902	0.962993	0.26941	0.0691662	-0.2693	0.960569	2.0505	-9.46123	64.8427	
0.997435	0.0115696	-0.0706329	0.00797563	0.962737	0.270322	0.0711284	-0.270192	0.960175	2.11838	-9.72226	65.7721	
0.997293	0.0121047	-0.0725312	0.00804417	0.96248	0.271235	0.073093	-0.271084	0.959777	2.18816	-9.98415	66.701	
0.997146	0.0126423	-0.074431	0.00811462	0.962221	0.272147	0.0750597	-0.271975	0.959373	2.25984	-10.2469	67.6296	
0.996995	0.0131823	-0.0763321	0.00818701	0.961962	0.27306	0.0770281	-0.272865	0.958964	2.33342	-10.5105	68.5577	
0.996841	0.0137245	-0.0782342	0.00826131	0.961702	0.273973	0.0789981	-0.273754	0.95855	2.40892	-10.775	69.4855	
0.996682	0.0142689	-0.080137	0.00833754	0.96144	0.274887	0.0809693	-0.274643	0.958131	2.48631	-11.0403	70.4129	
0.996139	0.0159654	-0.0863275	0.00637252	0.967582	0.252478	0.0875598	-0.252053	0.963744	2.56786	-11.2952	71.3428	
0.995554	0.017516	-0.0925523	0.00425441	0.973194	0.229945	0.0940991	-0.229316	0.968793	2.65576	-11.5281	72.2779	
0.994927	0.0189196	-0.0988078	0.00198445	0.978275	0.207301	0.100583	-0.206445	0.973275	2.74996	-11.7389	73.2176	
0.994258	0.0201755	-0.10509	-0.000436032	0.982821	0.184559	0.107009	-0.183453	0.977187	2.8504	-11.9276	74.1613	
0.993548	0.0212829	-0.111396	-0.00300562	0.98683	0.161732	0.113371	-0.160354	0.980527	2.95704	-12.094	75.1086	
0.992797	0.0222412	-0.117722	-0.00572282	0.990299	0.138835	0.119668	-0.137161	0.983294	3.0698	-12.2379	76.0588	
0.992007	0.0230499	-0.124064	-0.00858602	0.993226	0.115879	0.125894	-0.113887	0.985485	3.18861	-12.3594	77.0114	
0.991176	0.0237084	-0.130417	-0.0115936	0.99561	0.092879	0.132047	-0.0905474	0.987099	3.31342	-12.4583	77.9659	
0.990305	0.0242163	-0.13678	-0.0147437	0.997449	0.0698481	0.138122	-0.0671543	0.988136	3.44415	-12.5346	78.9216	
0.989396	0.0245735	-0.143147	-0.0180345	0.998741	0.0467998	0.144117	-0.0437219	0.988594	3.58071	-12.5883	79.8781	
0.988449	0.0247796	-0.149515	-0.0214642	0.999488	0.0237475	0.150027	-0.020264	0.988474	3.72304	-12.6192	80.8347	
0.987464	0.0248345	-0.155881	-0.0250307	0.999686	0.000704839	0.155849	0.0032058	0.987776	3.87104	-12.6275	81.7909	
0.986441	0.0247383	-0.16224	-0.0287318	0.999338	-0.0223148	0.161581	0.0266737	0.986499	4.02463	-12.613	82.7462	
0.985382	0.0244909	-0.168589	-0.0325656	0.998443	-0.045298	0.167217	0.050126	0.984645	4.18372	-12.5759	83.7	
0.984287	0.0240925	-0.174925	-0.0365296	0.997001	-0.0682312	0.172756	0.073549	0.982215	4.34822	-12.516	84.6517	
0.983157	0.0235434	-0.181243	-0.0406216	0.995013	-0.0911011	0.178194	0.096929	0.97921	4.51803	-12.4335	85.6007	
0.981991	0.0228439	-0.187539	-0.0448392	0.992481	-0.113894	0.183527	0.120252	0.975632	4.69306	-12.3284	86.5466	
0.980792	0.0219943	-0.193811	-0.0491799	0.989405	-0.136597	0.188753	0.143505	0.971483	4.87319	-12.2008	87.4887	
0.97956	0.0209952	-0.200054	-0.0536412	0.985789	-0.159197	0.193869	0.166674	0.966765	5.05833	-12.0507	88.4266	
0.978295	0.0198471	-0.206265	-0.0582205	0.981633	-0.18168	0.198871	0.189745	0.961482	5.24836	-11.8783	89.3596	
0.976998	0.0185508	-0.21244	-0.0629151	0.97694	-0.204033	0.203757	0.212705	0.955636	5.44317	-11.6835	90.2872	
0.97567	0.017107	-0.218576	-0.0677222	0.971714	-0.226243	0.208523	0.235541	0.94923	5.64266	-11.4667	91.2089	
0.974312	0.0155165	-0.224669	-0.072639	0.965956	-0.248298	0.213168	0.258239	0.94227	5.8467	-11.2277	92.1241	
0.972924	0.0137802	-0.230715	-0.0776627	0.959671	-0.270184	0.217687	0.280786	0.934757	6.05517	-10.9669	93.0324	
0.971507	0.0118993	-0.236711	-0.0827903	0.952863	-0.291888	0.22208	0.303169	0.926698	6.26796	-10.6844	93.933	
