1	0	0	0	1	0	0	0	1	0	0	0	
1	-2.65244e-08	0.000716539	-2.65244e-08	1	7.40348e-05	-0.000716539	-7.40348e-05	1	-0.000273226	-2.82304e-05	0.762626	
0.999999	-1.0688e-07	0.00143817	-1.06935e-07	1	0.000148672	-0.00143817	-0.000148672	0.999999	-0.00109484	-0.000113151	1.52525	
0.999998	-2.42257e-07	0.00216486	-2.42477e-07	1	0.00022391	-0.00216486	-0.00022391	0.999998	-0.00246873	-0.000255221	2.28788	
0.999996	-4.33847e-07	0.0028966	-4.34402e-07	1	0.000299747	-0.0028966	-0.000299747	0.999996	-0.00439873	-0.000454899	3.0505	
0.999993	-6.82849e-07	0.00363336	-6.83966e-07	1	0.000376183	-0.00363336	-0.000376183	0.999993	-0.00688869	-0.00071264	3.81312	
0.99999	-9.9046e-07	0.00437513	-9.9243e-07	1	0.000453217	-0.00437513	-0.000453217	0.99999	-0.00994243	-0.0010289	4.57574	
0.999987	-1.35788e-06	0.00512187	-1.36106e-06	1	0.000530846	-0.00512187	-0.000530846	0.999987	-0.0135638	-0.00140414	5.33836	
0.999983	-1.78633e-06	0.00587356	-1.79112e-06	1	0.000609071	-0.00587356	-0.000609071	0.999983	-0.0177565	-0.0018388	6.10098	
0.999978	-2.277e-06	0.00663019	-2.28389e-06	1	0.000687888	-0.00663019	-0.000687888	0.999978	-0.0225243	-0.00233335	6.86359	
0.999973	-2.8311e-06	0.00739173	-2.84064e-06	1	0.000767298	-0.00739173	-0.000767298	0.999972	-0.0278711	-0.00288823	7.62619	
0.999967	-3.44985e-06	0.00815816	-3.46266e-06	1	0.000847298	-0.00815816	-0.000847298	0.999966	-0.0338004	-0.0035039	8.3888	
0.99996	-4.13447e-06	0.00892945	-4.15123e-06	1	0.000927888	-0.00892945	-0.000927888	0.99996	-0.0403162	-0.0041808	9.15139	
0.999953	-4.88617e-06	0.00970558	-4.90764e-06	0.999999	0.00100907	-0.00970558	-0.00100907	0.999952	-0.0474219	-0.00491939	9.91399	
0.999945	-5.70617e-06	0.0104865	-5.73318e-06	0.999999	0.00109083	-0.0104865	-0.00109083	0.999944	-0.0551215	-0.0057201	10.6766	
0.999936	-6.59569e-06	0.0112723	-6.62914e-06	0.999999	0.00117318	-0.0112723	-0.00117318	0.999936	-0.0634184	-0.0065834	11.4392	
0.999927	-7.55595e-06	0.0120628	-7.59684e-06	0.999999	0.00125611	-0.0120628	-0.00125611	0.999926	-0.0723164	-0.00750972	12.2017	
0.999917	-8.58818e-06	0.0128581	-8.63755e-06	0.999999	0.00133963	-0.0128581	-0.00133963	0.999916	-0.081819	-0.00849951	12.9643	
0.999907	-9.6936e-06	0.013658	-9.7526e-06	0.999999	0.00142372	-0.013658	-0.00142372	0.999906	-0.0919299	-0.00955322	13.7269	
0.999895	-1.08734e-05	0.0144627	-1.09433e-05	0.999999	0.0015084	-0.0144627	-0.0015084	0.999894	-0.102653	-0.0106713	14.4894	
0.999883	-1.21289e-05	0.0152721	-1.22109e-05	0.999999	0.00159365	-0.0152721	-0.00159365	0.999882	-0.113991	-0.0118541	15.2519	
0.999871	-1.34613e-05	0.0160861	-1.35568e-05	0.999999	0.00167948	-0.0160861	-0.00167948	0.999869	-0.125948	-0.0131022	16.0145	
0.999857	-1.48717e-05	0.0169047	-1.49822e-05	0.999998	0.00176588	-0.0169047	-0.00176588	0.999856	-0.138528	-0.014416	16.777	
0.999843	-1.63615e-05	0.017728	-1.64886e-05	0.999998	0.00185286	-0.017728	-0.00185286	0.999841	-0.151734	-0.0157959	17.5395	
0.999828	-1.79318e-05	0.0185558	-1.80771e-05	0.999998	0.00194041	-0.0185558	-0.00194041	0.999826	-0.165569	-0.0172423	18.302	
0.999812	-1.95839e-05	0.0193881	-1.97492e-05	0.999998	0.00202852	-0.0193881	-0.00202852	0.99981	-0.180038	-0.0187557	19.0645	
0.999795	-2.1319e-05	0.020225	-2.1506e-05	0.999998	0.00211721	-0.020225	-0.00211721	0.999793	-0.195143	-0.0203365	19.827	
0.999778	-2.31383e-05	0.0210664	-2.33491e-05	0.999998	0.00220646	-0.0210664	-0.00220646	0.999776	-0.210888	-0.0219852	20.5894	
0.99976	-2.50431e-05	0.0219123	-2.52796e-05	0.999997	0.00229627	-0.0219123	-0.00229628	0.999757	-0.227276	-0.0237021	21.3519	
0.999741	-2.70346e-05	0.0227626	-2.72989e-05	0.999997	0.00238665	-0.0227626	-0.00238665	0.999738	-0.244311	-0.0254878	22.1143	
0.999721	-2.9114e-05	0.0236173	-2.94083e-05	0.999997	0.00247759	-0.0236173	-0.00247759	0.999718	-0.261997	-0.0273426	22.8767	
0.9997	-3.12826e-05	0.0244765	-3.16092e-05	0.999997	0.00256909	-0.0244765	-0.00256909	0.999697	-0.280335	-0.029267	23.6391	
0.999679	-3.35415e-05	0.02534	-3.39029e-05	0.999996	0.00266114	-0.02534	-0.00266115	0.999675	-0.299331	-0.0312613	24.4015	
0.999657	-3.5892e-05	0.0262079	-3.62906e-05	0.999996	0.00275375	-0.0262079	-0.00275376	0.999653	-0.318987	-0.0333261	25.1639	
0.999633	-3.83353e-05	0.0270801	-3.87737e-05	0.999996	0.00284692	-0.0270801	-0.00284692	0.999629	-0.339306	-0.0354617	25.9262	
0.999609	-4.08726e-05	0.0279565	-4.13536e-05	0.999996	0.00294063	-0.0279565	-0.00294064	0.999605	-0.360293	-0.0376686	26.6886	
0.999584	-4.35052e-05	0.0288373	-4.40316e-05	0.999995	0.0030349	-0.0288373	-0.0030349	0.99958	-0.381949	-0.0399471	27.4509	
0.999558	-4.62342e-05	0.0297223	-4.68089e-05	0.999995	0.00312971	-0.0297223	-0.00312972	0.999553	-0.404278	-0.0422978	28.2132	
0.999531	-4.90609e-05	0.0306115	-4.96869e-05	0.999995	0.00322507	-0.0306115	-0.00322508	0.999526	-0.427284	-0.044721	28.9755	
0.999504	-5.19865e-05	0.0315049	-5.26669e-05	0.999994	0.00332097	-0.0315049	-0.00332098	0.999498	-0.45097	-0.0472171	29.7377	
0.999475	-5.50122e-05	0.0324025	-5.57503e-05	0.999994	0.00341742	-0.0324025	-0.00341743	0.999469	-0.475339	-0.0497865	30.5	
0.999445	-5.81391e-05	0.0333042	-5.89384e-05	0.999994	0.0035144	-0.0333042	-0.00351442	0.999439	-0.500394	-0.0524297	31.2622	
0.999415	-6.13686e-05	0.03421	-6.22324e-05	0.999993	0.00361193	-0.03421	-0.00361194	0.999408	-0.526138	-0.0551471	32.0243	
0.999383	-6.47017e-05	0.0351199	-6.56337e-05	0.999993	0.00370999	-0.0351199	-0.00371	0.999376	-0.552574	-0.057939	32.7865	
0.999351	-6.81398e-05	0.0360339	-6.91436e-05	0.999993	0.00380858	-0.0360339	-0.0038086	0.999343	-0.579706	-0.060806	33.5487	
0.999317	-7.16839e-05	0.0369519	-7.27634e-05	0.999992	0.00390771	-0.0369519	-0.00390773	0.999309	-0.607537	-0.0637483	34.3108	
0.999283	-7.53353e-05	0.0378739	-7.64944e-05	0.999992	0.00400736	-0.0378739	-0.00400738	0.999274	-0.636069	-0.0667664	35.0728	
0.999247	-7.90952e-05	0.0387998	-8.0338e-05	0.999992	0.00410754	-0.0387998	-0.00410757	0.999239	-0.665305	-0.0698608	35.8349	
0.99921	-8.29647e-05	0.0397297	-8.42953e-05	0.999991	0.00420825	-0.0397297	-0.00420828	0.999202	-0.69525	-0.0730317	36.5969	
0.999173	-8.6945e-05	0.0406636	-8.83678e-05	0.999991	0.00430948	-0.0406636	-0.00430951	0.999164	-0.725905	-0.0762797	37.3589	
0.999134	-9.10374e-05	0.0416013	-9.25568e-05	0.99999	0.00441124	-0.0416013	-0.00441127	0.999125	-0.757273	-0.079605	38.1209	
0.999095	-9.52429e-05	0.0425429	-9.68634e-05	0.99999	0.00451351	-0.0425429	-0.00451354	0.999084	-0.789359	-0.0830082	38.8829	
0.999054	-9.95627e-05	0.0434883	-0.000101289	0.999989	0.0046163	-0.0434883	-0.00461633	0.999043	-0.822164	-0.0864895	39.6448	
0.999012	-0.000103998	0.0444375	-0.000105835	0.999989	0.0047196	-0.0444375	-0.00471964	0.999001	-0.855691	-0.0900494	40.4067	
0.998864	-0.000122019	0.0476536	-0.000186673	0.999979	0.00647333	-0.0476534	-0.00647487	0.998843	-0.890806	-0.0943181	41.1685	
0.998705	-0.000145722	0.0508735	-0.000273132	0.999966	0.00822618	-0.050873	-0.00822942	0.998671	-0.928376	-0.099925	41.9301	
0.998536	-0.00017512	0.0540973	-0.000365214	0.99995	0.00997814	-0.0540963	-0.00998329	0.998486	-0.968402	-0.10687	42.6917	
0.998356	-0.000210225	0.0573246	-0.000462923	0.999931	0.0117292	-0.0573231	-0.0117365	0.998287	-1.01089	-0.115152	43.4531	
0.998165	-0.000251048	0.0605554	-0.000566262	0.999909	0.0134794	-0.0605533	-0.0134889	0.998074	-1.05584	-0.124771	44.2143	
0.997963	-0.0002976	0.0637895	-0.000675235	0.999884	0.0152286	-0.0637866	-0.0152407	0.997847	-1.10325	-0.135726	44.9754	
0.997751	-0.000349891	0.0670267	-0.000789844	0.999856	0.0169769	-0.067023	-0.0169917	0.997607	-1.15313	-0.148016	45.7363	
0.997528	-0.000407928	0.0702669	-0.000910093	0.999824	0.0187243	-0.0702622	-0.018742	0.997352	-1.20548	-0.161642	46.497	
0.997294	-0.000471723	0.0735099	-0.00103598	0.99979	0.0204708	-0.0735041	-0.0204916	0.997084	-1.2603	-0.176602	47.2575	
0.99705	-0.000541281	0.0767555	-0.00116752	0.999753	0.0222163	-0.0767485	-0.0222404	0.996802	-1.31759	-0.192896	48.0178	
0.996794	-0.000616611	0.0800036	-0.0013047	0.999712	0.0239608	-0.0799953	-0.0239884	0.996507	-1.37736	-0.210524	48.7779	
0.996528	-0.00069772	0.083254	-0.00144753	0.999669	0.0257044	-0.0832444	-0.0257357	0.996197	-1.4396	-0.229485	49.5377	
0.996251	-0.000784613	0.0865067	-0.00159602	0.999622	0.027447	-0.0864955	-0.0274822	0.995873	-1.50433	-0.249777	50.2973	
0.995963	-0.000877296	0.0897613	-0.00175016	0.999572	0.0291887	-0.0897485	-0.0292279	0.995536	-1.57153	-0.271402	51.0567	
0.995664	-0.000975774	0.0930177	-0.00190995	0.99952	0.0309293	-0.0930032	-0.0309728	0.995184	-1.64122	-0.294357	51.8158	
0.995354	-0.00108005	0.0962759	-0.0020754	0.999464	0.0326689	-0.0962596	-0.032717	0.994818	-1.71339	-0.318643	52.5746	
0.995033	-0.00119013	0.0995356	-0.00224651	0.999405	0.0344076	-0.0995173	-0.0344603	0.994439	-1.78804	-0.344258	53.3331	
0.994702	-0.00130602	0.102797	-0.00242328	0.999344	0.0361452	-0.102776	-0.0362028	0.994045	-1.86518	-0.371203	54.0913	
0.994359	-0.00142771	0.106059	-0.00260572	0.999279	0.0378818	-0.106036	-0.0379444	0.993638	-1.9448	-0.399477	54.8493	
0.994005	-0.00155521	0.109322	-0.00279382	0.999211	0.0396173	-0.109298	-0.0396853	0.993217	-2.02691	-0.429078	55.6069	
0.993641	-0.00168852	0.112586	-0.00298758	0.99914	0.0413518	-0.112559	-0.0414252	0.992781	-2.11151	-0.460006	56.3642	
0.993265	-0.00182765	0.115851	-0.00318701	0.999066	0.0430853	-0.115822	-0.0431643	0.992332	-2.19859	-0.492261	57.1211	
0.992878	-0.00197258	0.119117	-0.00339211	0.998989	0.0448177	-0.119085	-0.0449026	0.991868	-2.28816	-0.525843	57.8777	
0.992481	-0.00212332	0.122383	-0.00360287	0.99891	0.0465491	-0.122348	-0.04664	0.991391	-2.38023	-0.560749	58.634	
0.992072	-0.00227988	0.125649	-0.00381931	0.998827	0.0482793	-0.125611	-0.0483765	0.990899	-2.47478	-0.59698	59.3898	
0.991653	-0.00244224	0.128915	-0.00404141	0.998741	0.0500085	-0.128875	-0.0501121	0.990394	-2.57181	-0.634535	60.1453	
0.991222	-0.0026104	0.132181	-0.00426918	0.998652	0.0517366	-0.132138	-0.0518468	0.989875	-2.67134	-0.673413	60.9004	
0.990781	-0.00278436	0.135447	-0.00450263	0.99856	0.0534636	-0.135401	-0.0535805	0.989341	-2.77336	-0.713614	61.6551	
0.990328	-0.00296412	0.138712	-0.00474174	0.998465	0.0551894	-0.138663	-0.0553134	0.988794	-2.87786	-0.755137	62.4094	
0.989865	-0.00314967	0.141977	-0.00498652	0.998367	0.0569142	-0.141924	-0.0570453	0.988232	-2.98485	-0.797981	63.1633	
0.989391	-0.00334101	0.145241	-0.00523698	0.998266	0.0586378	-0.145185	-0.0587763	0.987657	-3.09433	-0.842145	63.9167	
0.988905	-0.00353813	0.148505	-0.0054931	0.998162	0.0603603	-0.148445	-0.0605064	0.987068	-3.2063	-0.887629	64.6697	
0.988409	-0.00374102	0.151767	-0.0057549	0.998054	0.0620817	-0.151704	-0.0622355	0.986465	-3.32075	-0.934432	65.4223	
0.987902	-0.00394968	0.155028	-0.00602236	0.997944	0.0638019	-0.154961	-0.0639636	0.985848	-3.43768	-0.982554	66.1743	
0.987384	-0.0041641	0.158288	-0.0062955	0.997831	0.0655209	-0.158217	-0.0656908	0.985217	-3.5571	-1.03199	66.9259	
0.986855	-0.00438427	0.161546	-0.0065743	0.997715	0.0672388	-0.161471	-0.067417	0.984572	-3.679	-1.08275	67.677	
0.986316	-0.00461018	0.164802	-0.00685877	0.997596	0.0689555	-0.164724	-0.0691422	0.983913	-3.80339	-1.13482	68.4276	
0.985765	-0.00484183	0.168057	-0.00714891	0.997474	0.070671	-0.167975	-0.0708664	0.983241	-3.93025	-1.18821	69.1777	
0.985204	-0.0050792	0.17131	-0.00744472	0.997349	0.0723853	-0.171223	-0.0725896	0.982555	-4.05959	-1.24291	69.9273	
0.984632	-0.00532228	0.17456	-0.00774619	0.997221	0.0740984	-0.174469	-0.0743118	0.981854	-4.19141	-1.29893	70.6764	
0.984049	-0.00557106	0.177808	-0.00805332	0.99709	0.0758103	-0.177713	-0.076033	0.981141	-4.3257	-1.35625	71.4249	
0.981175	-0.00683561	0.193001	-0.0101067	0.996186	0.0866627	-0.192857	-0.0869819	0.977364	-4.46701	-1.41842	72.1717	
0.978066	-0.00826979	0.208132	-0.0123276	0.995162	0.0974713	-0.207932	-0.0978991	0.973232	-4.61984	-1.48892	72.9155	
0.974723	-0.00987306	0.223197	-0.014715	0.994017	0.108232	-0.22293	-0.108781	0.968746	-4.78414	-1.56773	73.6561	
0.971149	-0.0116449	0.238189	-0.0172683	0.992751	0.118941	-0.237848	-0.119623	0.963908	-4.95984	-1.65482	74.393	
0.967344	-0.0135845	0.253103	-0.0199864	0.991366	0.129595	-0.252679	-0.130422	0.95872	-5.14689	-1.75017	75.1262	
