1	0	0	0	1	0	0	0	1	0	0	0	
1	4.88985e-11	-1.96434e-05	4.88985e-11	1	4.97861e-06	1.96434e-05	-4.97861e-06	1	9.4348e-06	-2.39124e-06	0.960606	
1	2.28552e-10	-4.24679e-05	2.28554e-10	1	1.07636e-05	4.24679e-05	-1.07636e-05	1	3.92671e-05	-9.95225e-06	1.92121	
1	5.94148e-10	-6.84722e-05	5.94156e-10	1	1.73545e-05	6.84722e-05	-1.73545e-05	1	9.25519e-05	-2.34575e-05	2.88182	
1	1.20853e-09	-9.76551e-05	1.20856e-09	1	2.47513e-05	9.76551e-05	-2.47513e-05	1	0.000172343	-4.3681e-05	3.84242	
1	2.14219e-09	-0.000130015	2.14224e-09	1	3.29534e-05	0.000130015	-3.29534e-05	1	0.000281694	-7.13967e-05	4.80303	
1	3.47323e-09	-0.00016555	3.47334e-09	1	4.19605e-05	0.00016555	-4.19605e-05	1	0.000423655	-0.000107378	5.76364	
1	5.28738e-09	-0.000204259	5.28757e-09	1	5.17722e-05	0.000204259	-5.17722e-05	1	0.000601275	-0.000152398	6.72424	
1	7.67792e-09	-0.00024614	7.67824e-09	1	6.2388e-05	0.00024614	-6.2388e-05	1	0.000817603	-0.00020723	7.68485	
1	1.07457e-08	-0.00029119	1.07462e-08	1	7.38074e-05	0.00029119	-7.38074e-05	1	0.00107568	-0.000272645	8.64545	
1	1.45992e-08	-0.000339407	1.46e-08	1	8.60299e-05	0.000339407	-8.60299e-05	1	0.00137856	-0.000349415	9.60606	
1	1.93543e-08	-0.00039079	1.93554e-08	1	9.90549e-05	0.00039079	-9.90549e-05	1	0.00172928	-0.000438312	10.5667	
1	2.51343e-08	-0.000445335	2.51359e-08	1	0.000112882	0.000445335	-0.000112882	1	0.00213087	-0.000540106	11.5273	
1	3.20703e-08	-0.00050304	3.20724e-08	1	0.00012751	0.00050304	-0.00012751	1	0.00258638	-0.000655567	12.4879	
1	4.03003e-08	-0.000563902	4.03031e-08	1	0.000142939	0.000563902	-0.000142939	1	0.00309883	-0.000785464	13.4485	
1	4.99701e-08	-0.000627919	4.99739e-08	1	0.000159167	0.000627919	-0.000159167	1	0.00367127	-0.000930566	14.4091	
1	6.12328e-08	-0.000695086	6.12378e-08	1	0.000176195	0.000695086	-0.000176195	1	0.00430671	-0.00109164	15.3697	
1	7.42487e-08	-0.000765401	7.42551e-08	1	0.000194021	0.000765401	-0.000194021	1	0.00500819	-0.00126946	16.3303	
1	8.91855e-08	-0.000838861	8.91935e-08	1	0.000212644	0.000838861	-0.000212644	1	0.00577872	-0.00146478	17.2909	
1	1.06218e-07	-0.000915461	1.06228e-07	1	0.000232064	0.000915461	-0.000232064	1	0.00662133	-0.00167837	18.2515	
1	1.25528e-07	-0.000995199	1.25541e-07	1	0.00025228	0.000995199	-0.00025228	0.999999	0.00753902	-0.00191101	19.2121	
0.999999	1.47306e-07	-0.00107807	1.47321e-07	1	0.000273291	0.00107807	-0.000273291	0.999999	0.00853482	-0.00216344	20.1727	
0.999999	1.71747e-07	-0.00116407	1.71765e-07	1	0.000295095	0.00116407	-0.000295095	0.999999	0.00961173	-0.00243644	21.1333	
0.999999	1.99054e-07	-0.0012532	1.99077e-07	1	0.000317692	0.0012532	-0.000317692	0.999999	0.0107728	-0.00273076	22.0939	
0.999999	2.29439e-07	-0.00134545	2.29466e-07	1	0.000341081	0.00134545	-0.000341081	0.999999	0.0120209	-0.00304717	23.0545	
0.999999	2.63119e-07	-0.00144081	2.63152e-07	1	0.00036526	0.00144081	-0.00036526	0.999999	0.0133591	-0.00338643	24.0151	
0.999999	3.00319e-07	-0.00153929	3.00357e-07	1	0.000390229	0.00153929	-0.000390229	0.999999	0.0147905	-0.00374929	24.9758	
0.999999	3.41268e-07	-0.00164087	3.41313e-07	1	0.000415987	0.00164087	-0.000415987	0.999999	0.0163179	-0.00413652	25.9364	
0.999998	3.86206e-07	-0.00174556	3.86259e-07	1	0.000442531	0.00174556	-0.000442531	0.999998	0.0179444	-0.00454887	26.897	
0.999998	4.35377e-07	-0.00185334	4.35439e-07	1	0.000469862	0.00185334	-0.000469862	0.999998	0.019673	-0.00498709	27.8576	
0.999998	4.89034e-07	-0.00196422	4.89105e-07	1	0.000497977	0.00196422	-0.000497977	0.999998	0.0215066	-0.00545195	28.8182	
0.999998	5.47433e-07	-0.00207819	5.47515e-07	1	0.000526875	0.00207819	-0.000526875	0.999998	0.0234482	-0.00594419	29.7788	
0.999998	6.1084e-07	-0.00219524	6.10934e-07	1	0.000556556	0.00219524	-0.000556556	0.999997	0.0255007	-0.00646456	30.7394	
0.999997	6.79525e-07	-0.00231536	6.79633e-07	1	0.000587017	0.00231536	-0.000587017	0.999997	0.0276672	-0.00701383	31.7	
0.999997	7.53768e-07	-0.00243856	7.53891e-07	1	0.000618258	0.00243856	-0.000618258	0.999997	0.0299505	-0.00759272	32.6606	
0.999997	8.33852e-07	-0.00256482	8.33991e-07	1	0.000650276	0.00256482	-0.000650276	0.999996	0.0323536	-0.008202	33.6212	
0.999996	9.20066e-07	-0.00269414	9.20225e-07	1	0.000683071	0.00269414	-0.000683071	0.999996	0.0348795	-0.00884242	34.5818	
0.999996	1.01271e-06	-0.00282651	1.01289e-06	1	0.000716641	0.00282651	-0.000716641	0.999996	0.0375311	-0.0095147	35.5424	
0.999996	1.11208e-06	-0.00296193	1.11228e-06	1	0.000750984	0.00296193	-0.000750984	0.999995	0.0403113	-0.0102196	36.503	
0.999995	1.2185e-06	-0.00310039	1.21872e-06	1	0.000786098	0.00310039	-0.000786098	0.999995	0.0432231	-0.0109579	37.4636	
0.999995	1.33227e-06	-0.00324189	1.33252e-06	1	0.000821983	0.00324189	-0.000821983	0.999994	0.0462693	-0.0117302	38.4242	
0.999994	1.45371e-06	-0.00338641	1.45399e-06	1	0.000858636	0.00338641	-0.000858636	0.999994	0.0494529	-0.0125374	39.3848	
0.999994	1.58316e-06	-0.00353396	1.58347e-06	1	0.000896056	0.00353396	-0.000896056	0.999993	0.0527767	-0.0133802	40.3454	
0.999993	1.72094e-06	-0.00368451	1.72129e-06	1	0.000934241	0.00368451	-0.000934241	0.999993	0.0562438	-0.0142593	41.306	
0.999993	1.8674e-06	-0.00383808	1.86779e-06	1	0.000973189	0.00383808	-0.000973189	0.999992	0.0598569	-0.0151755	42.2666	
0.999992	2.02288e-06	-0.00399464	2.02331e-06	0.999999	0.0010129	0.00399464	-0.0010129	0.999992	0.063619	-0.0161294	43.2272	
0.999991	2.18772e-06	-0.0041542	2.1882e-06	0.999999	0.00105337	0.0041542	-0.00105337	0.999991	0.0675329	-0.0171218	44.1878	
0.999991	2.36229e-06	-0.00431674	2.36281e-06	0.999999	0.00109459	0.00431674	-0.00109459	0.99999	0.0716015	-0.0181535	45.1484	
0.99999	2.54695e-06	-0.00448226	2.54752e-06	0.999999	0.00113658	0.00448226	-0.00113658	0.999989	0.0758277	-0.0192251	46.109	
0.999989	2.74205e-06	-0.00465075	2.74268e-06	0.999999	0.00117931	0.00465075	-0.00117931	0.999988	0.0802143	-0.0203375	47.0696	
0.999988	2.94797e-06	-0.0048222	2.94867e-06	0.999999	0.0012228	0.0048222	-0.0012228	0.999988	0.0847642	-0.0214912	48.0302	
0.999988	3.1651e-06	-0.00499661	3.16585e-06	0.999999	0.00126704	0.00499661	-0.00126704	0.999987	0.0894802	-0.0226871	48.9908	
0.999987	3.3938e-06	-0.00517396	3.39463e-06	0.999999	0.00131203	0.00517396	-0.00131203	0.999986	0.0943652	-0.0239258	49.9514	
0.999986	3.63447e-06	-0.00535425	3.63537e-06	0.999999	0.00135776	0.00535425	-0.00135776	0.999985	0.0994219	-0.0252081	50.912	
0.999985	3.88749e-06	-0.00553746	3.88847e-06	0.999999	0.00140424	0.00553746	-0.00140424	0.999984	0.104653	-0.0265347	51.8725	
0.999984	4.15327e-06	-0.0057236	4.15434e-06	0.999999	0.00145145	0.0057236	-0.00145145	0.999983	0.110062	-0.0279063	52.8331	
0.999983	4.43221e-06	-0.00591265	4.43337e-06	0.999999	0.00149941	0.00591265	-0.00149941	0.999981	0.115651	-0.0293236	53.7937	
0.999981	4.7247e-06	-0.0061046	4.72596e-06	0.999999	0.00154811	0.0061046	-0.00154811	0.99998	0.121423	-0.0307874	54.7543	
0.99998	5.03116e-06	-0.00629945	5.03252e-06	0.999999	0.00159753	0.00629945	-0.00159753	0.999979	0.127381	-0.0322982	55.7149	
0.999979	5.35201e-06	-0.00649718	5.35348e-06	0.999999	0.0016477	0.00649718	-0.0016477	0.999978	0.133527	-0.0338569	56.6755	
0.999978	5.68767e-06	-0.00669779	5.68925e-06	0.999999	0.00169859	0.00669779	-0.00169859	0.999976	0.139864	-0.0354641	57.6361	
0.999976	6.03854e-06	-0.00690126	6.04025e-06	0.999998	0.00175021	0.00690126	-0.00175021	0.999975	0.146396	-0.0371206	58.5966	
0.999975	6.40507e-06	-0.00710759	6.40692e-06	0.999998	0.00180256	0.00710759	-0.00180256	0.999973	0.153125	-0.038827	59.5572	
0.999941	1.36574e-05	-0.0108408	8.92023e-06	0.999998	0.0020826	0.0108408	-0.00208258	0.999939	0.161745	-0.0406931	60.5178	
0.999894	2.1962e-05	-0.0145764	1.24882e-05	0.999997	0.00236333	0.0145764	-0.00236326	0.999891	0.173953	-0.0428284	61.4783	
0.999832	3.13223e-05	-0.0183141	1.71157e-05	0.999997	0.00264468	0.0183141	-0.00264455	0.999829	0.189751	-0.0452337	62.4388	
0.999757	4.17413e-05	-0.0220538	2.28075e-05	0.999996	0.00292661	0.0220538	-0.00292641	0.999753	0.209139	-0.0479094	63.3992	
0.999667	5.32218e-05	-0.0257952	2.95672e-05	0.999995	0.00320908	0.0257953	-0.00320877	0.999662	0.232122	-0.0508562	64.3595	
0.999564	6.57662e-05	-0.0295382	3.73983e-05	0.999994	0.00349202	0.0295382	-0.0034916	0.999558	0.258698	-0.0540744	65.3198	
0.999446	7.93766e-05	-0.0332824	4.63035e-05	0.999993	0.00377538	0.0332825	-0.00377483	0.999439	0.288871	-0.0575645	66.2799	
0.999314	9.40548e-05	-0.0370277	5.6285e-05	0.999992	0.00405913	0.0370278	-0.00405843	0.999306	0.322642	-0.0613268	67.2399	
0.999168	0.000109802	-0.0407739	6.73443e-05	0.999991	0.00434321	0.040774	-0.00434234	0.999159	0.36001	-0.0653618	68.1998	
0.999008	0.00012662	-0.0445207	7.94826e-05	0.999989	0.00462757	0.0445208	-0.00462652	0.998998	0.400978	-0.0696695	69.1595	
0.998834	0.000144509	-0.048268	9.27001e-05	0.999988	0.00491215	0.0482681	-0.0049109	0.998822	0.445544	-0.0742504	70.119	
0.998646	0.00016347	-0.0520155	0.000106997	0.999986	0.00519692	0.0520156	-0.00519545	0.998633	0.493711	-0.0791045	71.0784	
0.997113	0.00030644	-0.0759307	0.000205874	0.999977	0.00673921	0.0759311	-0.00673539	0.99709	0.555167	-0.0848352	72.037	
0.995007	0.000486271	-0.0998022	0.000341682	0.999966	0.00827868	0.0998028	-0.00827145	0.994973	0.639577	-0.0920434	72.9939	
0.99233	0.000702859	-0.123616	0.000514341	0.999952	0.00981443	0.123617	-0.00980274	0.992282	0.746891	-0.100725	73.9484	
0.989083	0.000956079	-0.147358	0.000723752	0.999935	0.0113456	0.14736	-0.0113284	0.989018	0.877048	-0.110875	74.9001	
0.985268	0.00124578	-0.171016	0.000969794	0.999917	0.0128713	0.171018	-0.0128475	0.985184	1.02997	-0.122487	75.8483	
0.980886	0.00157181	-0.194574	0.00125233	0.999896	0.0143906	0.194577	-0.0143592	0.980782	1.20558	-0.135555	76.7926	
0.975942	0.00193396	-0.218021	0.00157118	0.999872	0.0159026	0.218024	-0.0158626	0.975815	1.40376	-0.150071	77.7324	
0.970437	0.00233204	-0.241341	0.00192618	0.999847	0.0174066	0.241345	-0.0173568	0.970284	1.62441	-0.166028	78.6672	
0.964375	0.00276581	-0.264523	0.00231712	0.999819	0.0189015	0.264527	-0.0188411	0.964194	1.86739	-0.183414	79.5964	
0.95776	0.00323502	-0.287552	0.00274377	0.999788	0.0203867	0.287557	-0.0203145	0.957548	2.13257	-0.202222	80.5194	
0.950594	0.0037394	-0.310414	0.00320589	0.999756	0.0218611	0.31042	-0.0217762	0.95035	2.4198	-0.222439	81.4358	
0.942882	0.00427867	-0.333098	0.00370321	0.999721	0.023324	0.333105	-0.0232253	0.942604	2.7289	-0.244054	82.3451	
0.93463	0.0048525	-0.35559	0.00423544	0.999684	0.0247744	0.355598	-0.024661	0.934314	3.0597	-0.267055	83.2466	
0.92584	0.00546057	-0.377876	0.00480227	0.999645	0.0262117	0.377885	-0.0260825	0.925485	3.41201	-0.291429	84.1399	
0.916519	0.00610254	-0.399945	0.00540339	0.999603	0.0276349	0.399955	-0.027489	0.916123	3.78563	-0.317161	85.0245	
0.906672	0.00677801	-0.421782	0.00603844	0.99956	0.0290432	0.421794	-0.0288796	0.906232	4.18033	-0.344236	85.8998	
0.896304	0.00748662	-0.443377	0.00670705	0.999514	0.0304358	0.443389	-0.0302535	0.895818	4.5959	-0.372639	86.7654	
0.885422	0.00822795	-0.464715	0.00740885	0.999466	0.031812	0.464729	-0.03161	0.884888	5.0321	-0.402354	87.6207	
0.874031	0.00900157	-0.485786	0.00814342	0.999417	0.0331708	0.485801	-0.0329483	0.873448	5.48866	-0.433363	88.4653	
0.862139	0.00980703	-0.506576	0.00891034	0.999365	0.0345116	0.506593	-0.0342676	0.861504	5.96533	-0.465648	89.2986	
0.849752	0.0106439	-0.527075	0.00970918	0.999311	0.0358335	0.527093	-0.0355671	0.849063	6.46184	-0.499192	90.1203	
0.836878	0.0115116	-0.547269	0.0105395	0.999255	0.0371358	0.547288	-0.0368461	0.836133	6.97789	-0.533974	90.9297	
0.823523	0.0124098	-0.567147	0.0114007	0.999197	0.0384178	0.567168	-0.0381038	0.82272	7.5132	-0.569974	91.7265	
0.809696	0.0133378	-0.586699	0.0122924	0.999137	0.0396787	0.586721	-0.0393396	0.808833	8.06744	-0.607172	92.5102	
0.795404	0.0142952	-0.605911	0.0132141	0.999075	0.0409177	0.605936	-0.0405527	0.794479	8.6403	-0.645546	93.2803	
