1	0	0	0	1	0	0	0	1	0	0	0	
0.999998	-1.05867e-06	-0.00184096	-1.05867e-06	0.999999	-0.00115013	0.00184096	0.00115013	0.999998	0.000936284	0.000584939	1.01717	
0.999993	-4.24508e-06	-0.00368678	-4.24345e-06	0.999997	-0.00230241	0.00368678	0.00230241	0.999991	0.00374761	0.00234085	2.03434	
0.999985	-9.57418e-06	-0.00553739	-9.56762e-06	0.999994	-0.00345679	0.00553739	0.00345679	0.999979	0.0084389	0.0052699	3.05149	
0.999973	-1.70605e-05	-0.00739269	-1.70441e-05	0.999989	-0.0046132	0.00739269	0.0046132	0.999962	0.015015	0.00937418	4.06864	
0.999957	-2.67183e-05	-0.0092526	-2.66854e-05	0.999983	-0.00577158	0.0092526	0.00577158	0.999941	0.0234805	0.0146557	5.08576	
0.999938	-3.85615e-05	-0.011117	-3.85036e-05	0.999976	-0.00693188	0.011117	0.00693188	0.999914	0.0338402	0.0211165	6.10286	
0.999916	-5.26034e-05	-0.0129858	-5.25106e-05	0.999967	-0.00809403	0.0129858	0.00809403	0.999883	0.0460986	0.0287585	7.11993	
0.99989	-6.88572e-05	-0.014859	-6.87177e-05	0.999957	-0.00925797	0.014859	0.00925797	0.999847	0.0602601	0.0375835	8.13696	
0.99986	-8.73355e-05	-0.0167364	-8.71359e-05	0.999946	-0.0104236	0.0167364	0.0104236	0.999806	0.0763291	0.0475933	9.15396	
0.999827	-0.000108051	-0.018618	-0.000107776	0.999933	-0.011591	0.018618	0.011591	0.999759	0.0943099	0.0587896	10.1709	
0.99979	-0.000131015	-0.0205036	-0.000130648	0.999919	-0.01276	0.0205036	0.0127599	0.999708	0.114207	0.0711742	11.1878	
0.999749	-0.00015624	-0.0223931	-0.000155761	0.999903	-0.0139305	0.0223931	0.0139305	0.999652	0.136023	0.0847486	12.2047	
0.999705	-0.000183736	-0.0242866	-0.000183126	0.999886	-0.0151025	0.0242866	0.0151024	0.999591	0.159764	0.0995143	13.2214	
0.999657	-0.000213515	-0.0261838	-0.00021275	0.999868	-0.0162759	0.0261838	0.0162759	0.999525	0.185432	0.115473	14.2382	
0.999606	-0.000245587	-0.0280847	-0.000244644	0.999848	-0.0174507	0.0280847	0.0174507	0.999453	0.213033	0.132626	15.2548	
0.99955	-0.000279962	-0.0299892	-0.000278814	0.999826	-0.0186268	0.0299892	0.0186268	0.999377	0.242568	0.150974	16.2714	
0.999491	-0.000316649	-0.0318972	-0.00031527	0.999804	-0.0198041	0.0318972	0.0198041	0.999295	0.274043	0.17052	17.2879	
0.999428	-0.000355658	-0.0338086	-0.000354017	0.99978	-0.0209827	0.0338086	0.0209827	0.999208	0.30746	0.191263	18.3043	
0.999362	-0.000396998	-0.0357233	-0.000395064	0.999754	-0.0221624	0.0357233	0.0221623	0.999116	0.342823	0.213206	19.3206	
0.999291	-0.000440677	-0.0376413	-0.000438417	0.999727	-0.0233431	0.0376413	0.023343	0.999019	0.380135	0.23635	20.3368	
0.999217	-0.000486703	-0.0395623	-0.000484081	0.999699	-0.0245248	0.0395624	0.0245248	0.998916	0.4194	0.260694	21.353	
0.999139	-0.000535084	-0.0414864	-0.000532064	0.999669	-0.0257075	0.0414865	0.0257075	0.998808	0.46062	0.286242	22.369	
0.999057	-0.000585828	-0.0434135	-0.00058237	0.999638	-0.0268911	0.0434135	0.026891	0.998695	0.503799	0.312993	23.3849	
0.998971	-0.00063894	-0.0453433	-0.000635004	0.999606	-0.0280755	0.0453434	0.0280754	0.998577	0.548939	0.340948	24.4007	
0.998882	-0.000694427	-0.047276	-0.00068997	0.999572	-0.0292607	0.0472761	0.0292606	0.998453	0.596044	0.370108	25.4163	
0.998788	-0.000752295	-0.0492113	-0.000747274	0.999536	-0.0304466	0.0492114	0.0304464	0.998324	0.645117	0.400474	26.4319	
0.998691	-0.000812551	-0.0511491	-0.000806918	0.999499	-0.0316331	0.0511492	0.031633	0.99819	0.696159	0.432047	27.4473	
0.998589	-0.000875199	-0.0530895	-0.000868907	0.999461	-0.0328202	0.0530896	0.03282	0.99805	0.749173	0.464827	28.4625	
0.998484	-0.000940244	-0.0550322	-0.000933242	0.999421	-0.0340079	0.0550323	0.0340077	0.997905	0.804162	0.498815	29.4776	
0.998375	-0.00100769	-0.0569772	-0.000999926	0.99938	-0.035196	0.0569773	0.0351957	0.997755	0.861129	0.53401	30.4926	
0.998262	-0.00107754	-0.0589243	-0.00106896	0.999337	-0.0363845	0.0589245	0.0363842	0.997599	0.920075	0.570415	31.5074	
0.998145	-0.0011498	-0.0608736	-0.00114035	0.999293	-0.0375734	0.0608738	0.0375731	0.997438	0.981003	0.608029	32.5221	
0.998024	-0.00122447	-0.0628248	-0.0012141	0.999248	-0.0387625	0.062825	0.0387622	0.997272	1.04391	0.646852	33.5365	
0.997899	-0.00130156	-0.064778	-0.00129019	0.999201	-0.0399519	0.0647782	0.0399515	0.9971	1.10881	0.686884	34.5509	
0.99777	-0.00138106	-0.066733	-0.00136865	0.999152	-0.0411415	0.0667332	0.041141	0.996922	1.1757	0.728127	35.565	
0.997637	-0.00146299	-0.0686896	-0.00144946	0.999103	-0.0423311	0.0686899	0.0423307	0.99674	1.24457	0.77058	36.5789	
0.9975	-0.00154733	-0.0706479	-0.00153263	0.999051	-0.0435209	0.0706482	0.0435203	0.996551	1.31544	0.814242	37.5927	
0.997359	-0.0016341	-0.0726077	-0.00161815	0.998999	-0.0447106	0.0726081	0.04471	0.996358	1.38829	0.859115	38.6063	
0.997214	-0.00172328	-0.0745689	-0.00170602	0.998945	-0.0459002	0.0745693	0.0458996	0.996159	1.46315	0.905198	39.6196	
0.997066	-0.00181489	-0.0765315	-0.00179625	0.998889	-0.0470897	0.0765319	0.047089	0.995955	1.53999	0.95249	40.6328	
0.996913	-0.00190892	-0.0784953	-0.00188882	0.998832	-0.0482791	0.0784958	0.0482783	0.995745	1.61884	1.00099	41.6457	
0.996756	-0.00200537	-0.0804602	-0.00198374	0.998774	-0.0494682	0.0804608	0.0494673	0.99553	1.69968	1.0507	42.6585	
0.996595	-0.00210425	-0.0824262	-0.00208101	0.998714	-0.050657	0.0824268	0.050656	0.995309	1.78252	1.10163	43.671	
0.99643	-0.00220554	-0.0843931	-0.00218061	0.998653	-0.0518454	0.0843937	0.0518444	0.995083	1.86737	1.15376	44.6833	
0.996261	-0.00230925	-0.0863609	-0.00228256	0.99859	-0.0530335	0.0863616	0.0530323	0.994851	1.95421	1.2071	45.6953	
0.996088	-0.00241537	-0.0883294	-0.00238684	0.998526	-0.054221	0.0883302	0.0542197	0.994614	2.04306	1.26164	46.7071	
0.995912	-0.0025239	-0.0902986	-0.00249344	0.998461	-0.055408	0.0902994	0.0554067	0.994372	2.13391	1.3174	47.7187	
0.995731	-0.00263485	-0.0922683	-0.00260237	0.998394	-0.0565945	0.0922692	0.056593	0.994125	2.22676	1.37436	48.73	
0.995546	-0.0027482	-0.0942385	-0.00271362	0.998326	-0.0577802	0.0942395	0.0577786	0.993871	2.32161	1.43253	49.7411	
0.995357	-0.00286395	-0.0962091	-0.00282718	0.998256	-0.0589653	0.0962102	0.0589635	0.993613	2.41847	1.4919	50.7519	
0.995164	-0.00298209	-0.09818	-0.00294304	0.998185	-0.0601496	0.0981812	0.0601477	0.993349	2.51734	1.55248	51.7624	
0.994967	-0.00310263	-0.100151	-0.00306121	0.998113	-0.0613331	0.100152	0.061331	0.99308	2.61821	1.61426	52.7727	
0.994767	-0.00322555	-0.102122	-0.00318166	0.998039	-0.0625157	0.102124	0.0625135	0.992806	2.72108	1.67725	53.7827	
0.994562	-0.00335086	-0.104093	-0.00330441	0.997964	-0.0636974	0.104095	0.063695	0.992526	2.82596	1.74143	54.7924	
0.994353	-0.00347854	-0.106064	-0.00342942	0.997887	-0.0648781	0.106066	0.0648755	0.99224	2.93285	1.80682	55.8018	
0.994141	-0.00360859	-0.108035	-0.00355671	0.997809	-0.0660577	0.108037	0.0660549	0.99195	3.04174	1.87341	56.811	
0.993924	-0.003741	-0.110006	-0.00368626	0.99773	-0.0672363	0.110007	0.0672333	0.991654	3.15263	1.9412	57.8198	
0.993703	-0.00387576	-0.111976	-0.00381806	0.99765	-0.0684137	0.111978	0.0684104	0.991353	3.26553	2.01019	58.8283	
0.993479	-0.00401287	-0.113945	-0.0039521	0.997568	-0.0695898	0.113948	0.0695863	0.991047	3.38043	2.08037	59.8366	
0.993251	-0.00415231	-0.115914	-0.00408838	0.997485	-0.0707647	0.115917	0.070761	0.990735	3.49734	2.15175	60.8445	
0.993018	-0.00429409	-0.117883	-0.00422687	0.9974	-0.0719383	0.117885	0.0719343	0.990418	3.61625	2.22432	61.8521	
0.992782	-0.00443819	-0.11985	-0.00436758	0.997314	-0.0731104	0.119853	0.0731062	0.990096	3.73716	2.29809	62.8593	
0.992542	-0.00458459	-0.121817	-0.00451048	0.997227	-0.0742812	0.12182	0.0742766	0.989769	3.86007	2.37304	63.8662	
0.992298	-0.0047333	-0.123783	-0.00465558	0.997139	-0.0754504	0.123786	0.0754456	0.989437	3.98498	2.44919	64.8728	
0.991892	-0.00498497	-0.126983	-0.00524548	0.996773	-0.0801038	0.126973	0.0801205	0.988665	4.11251	2.52831	65.8789	
0.991476	-0.00525176	-0.130181	-0.00585016	0.996385	-0.0847519	0.130155	0.0847911	0.987861	4.24328	2.61218	66.8841	
0.99105	-0.00553363	-0.133375	-0.00646957	0.995975	-0.0893945	0.133333	0.0894573	0.987026	4.37729	2.7008	67.8885	
0.990614	-0.00583053	-0.136567	-0.00710367	0.995544	-0.0940314	0.136506	0.0941189	0.986158	4.51453	2.79417	68.8921	
0.990167	-0.00614239	-0.139754	-0.00775243	0.995091	-0.0986623	0.139674	0.0987756	0.985259	4.65499	2.89227	69.8947	
0.989711	-0.00646916	-0.142937	-0.00841578	0.994616	-0.103287	0.142835	0.103427	0.984328	4.79867	2.99511	70.8964	
0.98846	-0.00745029	-0.151296	-0.0119367	0.991853	-0.126828	0.151008	0.127171	0.980318	4.94812	3.11239	71.8956	
0.987141	-0.00863312	-0.159618	-0.0156523	0.988522	-0.150266	0.159083	0.150832	0.975675	5.10584	3.25379	72.8905	
0.985753	-0.0100169	-0.167898	-0.0195603	0.984625	-0.173584	0.167055	0.174395	0.970401	5.27172	3.4192	73.8803	
0.984298	-0.0116007	-0.176131	-0.0236579	0.980164	-0.196769	0.17492	0.197846	0.9645	5.44565	3.60853	74.8644	
0.982777	-0.0133835	-0.18431	-0.0279427	0.975144	-0.219805	0.182671	0.221169	0.957975	5.62753	3.82165	75.8422	
0.98119	-0.0153641	-0.192432	-0.0324118	0.969566	-0.242677	0.190304	0.244349	0.95083	5.81723	4.05842	76.813	
0.979539	-0.0175414	-0.20049	-0.0370624	0.963434	-0.26537	0.197814	0.267371	0.943071	6.01463	4.31868	77.7763	
0.977824	-0.0199138	-0.208479	-0.0418914	0.956753	-0.28787	0.205196	0.29022	0.934702	6.2196	4.60228	78.7314	
0.976047	-0.0224798	-0.216395	-0.0468957	0.949526	-0.310162	0.212445	0.312881	0.925728	6.43202	4.90903	79.6776	
0.974209	-0.0252378	-0.224232	-0.0520721	0.941759	-0.332233	0.219557	0.33534	0.916156	6.65174	5.23872	80.6144	
0.972311	-0.028186	-0.231984	-0.0574172	0.933456	-0.354066	0.226527	0.357582	0.905991	6.87863	5.59115	81.5412	
0.970354	-0.0313225	-0.239648	-0.0629276	0.924623	-0.375649	0.23335	0.379593	0.895241	7.11253	5.96609	82.4573	
0.96834	-0.0346452	-0.247218	-0.0685998	0.915265	-0.396968	0.240023	0.401359	0.883912	7.35329	6.36329	83.3622	
0.96627	-0.0381521	-0.254689	-0.0744299	0.905389	-0.418008	0.246541	0.422865	0.872011	7.60076	6.7825	84.2553	
0.964145	-0.0418408	-0.262056	-0.0804144	0.895001	-0.438756	0.252899	0.444097	0.859546	7.85479	7.22345	85.136	
0.961967	-0.045709	-0.269315	-0.0865493	0.884107	-0.459199	0.259093	0.465043	0.846526	8.11519	7.68585	86.0037	
0.959736	-0.0497541	-0.276461	-0.0928306	0.872715	-0.479323	0.26512	0.485687	0.832958	8.38181	8.1694	86.8579	
0.957455	-0.0539735	-0.283489	-0.0992543	0.860832	-0.499115	0.270975	0.506018	0.818852	8.65448	8.6738	87.6981	
0.955125	-0.0583646	-0.290395	-0.105816	0.848466	-0.518563	0.276656	0.526022	0.804216	8.93301	9.19871	88.5236	
0.952748	-0.0629244	-0.297174	-0.112512	0.835625	-0.537655	0.282157	0.545685	0.78906	9.21723	9.74379	89.3339	
0.950324	-0.0676501	-0.303821	-0.119338	0.822316	-0.556377	0.287476	0.564995	0.773394	9.50695	10.3087	90.1286	
0.947856	-0.0725385	-0.310334	-0.126288	0.808549	-0.574717	0.292609	0.583941	0.757227	9.80199	10.8931	90.9071	
0.945345	-0.0775865	-0.316707	-0.13336	0.794333	-0.592664	0.297553	0.602508	0.740571	10.1022	11.4965	91.6689	
0.942793	-0.0827909	-0.322936	-0.140548	0.779676	-0.610206	0.302305	0.620686	0.723437	10.4073	12.1186	92.4135	
0.940201	-0.0881482	-0.329017	-0.147847	0.764588	-0.627332	0.306861	0.638463	0.705834	10.7171	12.7591	93.1405	
0.937571	-0.0936551	-0.334946	-0.155253	0.74908	-0.644031	0.311218	0.655826	0.687775	11.0314	13.4174	93.8493	
0.934905	-0.0993079	-0.34072	-0.162761	0.73316	-0.660292	0.315375	0.672766	0.669272	11.3501	14.0931	94.5395	
0.932205	-0.105103	-0.346335	-0.170366	0.71684	-0.676104	0.319327	0.689271	0.650335	11.673	14.7858	95.2107	
0.929471	-0.111037	-0.351786	-0.178064	0.700129	-0.691457	0.323073	0.70533	0.630978	11.9997	15.4952	95.8624	
