1	0	0	0	1	0	0	0	1	0	0	0	
0.999987	3.6586e-06	-0.00509912	3.6586e-06	0.999999	0.00143498	0.00509912	-0.00143498	0.999986	0.00246716	-0.000694301	0.967672	
0.999948	1.46321e-05	-0.0102002	1.46156e-05	0.999996	0.00286728	0.0102002	-0.00286728	0.999944	0.00986959	-0.0027759	1.93532	
0.999883	3.29129e-05	-0.0153032	3.28467e-05	0.999991	0.00429684	0.0153032	-0.00429684	0.999874	0.0222092	-0.00624219	2.90291	
0.999792	5.84926e-05	-0.0204078	5.83271e-05	0.999984	0.00572363	0.0204078	-0.00572363	0.999775	0.0394875	-0.0110905	3.87042	
0.999674	9.13629e-05	-0.0255139	9.10318e-05	0.999974	0.00714759	0.0255139	-0.00714758	0.999649	0.0617063	-0.0173181	4.83782	
0.999531	0.000131515	-0.0306213	0.000130935	0.999963	0.00856867	0.0306213	-0.00856866	0.999494	0.0888667	-0.0249222	5.80508	
0.999361	0.000178939	-0.0357299	0.000178012	0.99995	0.00998683	0.0357299	-0.00998682	0.999312	0.12097	-0.0339001	6.77218	
0.999166	0.000233627	-0.0408395	0.000232235	0.999935	0.011402	0.0408395	-0.011402	0.999101	0.158017	-0.0442489	7.73909	
0.998944	0.000295567	-0.0459499	0.000293579	0.999918	0.0128142	0.0459499	-0.0128142	0.998862	0.200009	-0.0559656	8.70579	
0.998695	0.00036475	-0.051061	0.000362016	0.999899	0.0142233	0.051061	-0.0142233	0.998594	0.246947	-0.0690474	9.67224	
0.998421	0.000441166	-0.0561726	0.000437519	0.999878	0.0156293	0.0561726	-0.0156292	0.998299	0.298831	-0.0834912	10.6384	
0.99812	0.000524802	-0.0612845	0.000520061	0.999855	0.0170322	0.0612845	-0.0170321	0.997975	0.355661	-0.099294	11.6043	
0.997793	0.000615649	-0.0663965	0.000609614	0.99983	0.0184319	0.0663966	-0.0184317	0.997623	0.417439	-0.116453	12.5698	
0.99744	0.000713694	-0.0715086	0.00070615	0.999803	0.0198283	0.0715087	-0.019828	0.997243	0.484163	-0.134964	13.535	
0.99706	0.000818925	-0.0766205	0.000809639	0.999774	0.0212215	0.0766206	-0.0212211	0.996834	0.555833	-0.154826	14.4998	
0.996654	0.00093133	-0.0817321	0.000920053	0.999744	0.0226113	0.0817322	-0.0226108	0.996398	0.632451	-0.176033	15.4642	
0.996221	0.0010509	-0.0868432	0.00103736	0.999711	0.0239977	0.0868433	-0.0239971	0.995933	0.714014	-0.198584	16.4282	
0.995763	0.00117761	-0.0919536	0.00116154	0.999677	0.0253808	0.0919538	-0.02538	0.99544	0.800523	-0.222475	17.3917	
0.995277	0.00131146	-0.0970631	0.00129255	0.999641	0.0267603	0.0970634	-0.0267594	0.994918	0.891977	-0.247702	18.3547	
0.994766	0.00145243	-0.102172	0.00143037	0.999603	0.0281364	0.102172	-0.0281353	0.994369	0.988375	-0.274262	19.3172	
0.994228	0.00160051	-0.107279	0.00157497	0.999563	0.0295089	0.107279	-0.0295076	0.993791	1.08972	-0.302152	20.2792	
0.993663	0.00175569	-0.112385	0.00172631	0.999522	0.0308779	0.112386	-0.0308762	0.993185	1.196	-0.331368	21.2406	
0.993072	0.00191794	-0.11749	0.00188436	0.999478	0.0322432	0.11749	-0.0322412	0.992551	1.30722	-0.361906	22.2013	
0.992455	0.00208725	-0.122593	0.0020491	0.999433	0.0336048	0.122593	-0.0336025	0.991888	1.42338	-0.393764	23.1615	
0.991811	0.00226361	-0.127694	0.00222048	0.999386	0.0349628	0.127694	-0.03496	0.991197	1.54448	-0.426938	24.121	
0.991141	0.00244701	-0.132793	0.00239849	0.999337	0.036317	0.132794	-0.0363137	0.990478	1.67052	-0.461423	25.0798	
0.990444	0.00263742	-0.13789	0.00258308	0.999287	0.0376674	0.137891	-0.0376636	0.989731	1.80149	-0.497216	26.0379	
0.989721	0.00283483	-0.142984	0.00277423	0.999235	0.0390139	0.142985	-0.0390096	0.988956	1.93738	-0.534313	26.9953	
0.988971	0.00303923	-0.148076	0.0029719	0.999181	0.0403566	0.148078	-0.0403516	0.988152	2.07821	-0.572711	27.9519	
0.988195	0.00325059	-0.153166	0.00317605	0.999125	0.0416954	0.153167	-0.0416897	0.98732	2.22397	-0.612406	28.9077	
0.987393	0.00346891	-0.158252	0.00338666	0.999068	0.0430302	0.158254	-0.0430237	0.986461	2.37464	-0.653394	29.8627	
0.986564	0.00369415	-0.163336	0.00360369	0.999009	0.0443611	0.163338	-0.0443536	0.985573	2.53024	-0.69567	30.8168	
0.985708	0.00392631	-0.168416	0.00382711	0.998948	0.0456879	0.168419	-0.0456795	0.984657	2.69076	-0.739232	31.7701	
0.984826	0.00416537	-0.173494	0.00405688	0.998886	0.0470107	0.173496	-0.0470012	0.983712	2.85619	-0.784074	32.7225	
0.983918	0.0044113	-0.178567	0.00429296	0.998822	0.0483293	0.17857	-0.0483187	0.98274	3.02654	-0.830194	33.6739	
0.982983	0.0046641	-0.183637	0.00453533	0.998757	0.0496438	0.18364	-0.0496319	0.98174	3.20179	-0.877586	34.6244	
0.982022	0.00492373	-0.188703	0.00478395	0.99869	0.0509542	0.188707	-0.0509408	0.980711	3.38194	-0.926247	35.5739	
0.981034	0.00519019	-0.193766	0.00503878	0.998621	0.0522603	0.19377	-0.0522455	0.979655	3.567	-0.976173	36.5224	
0.98002	0.00546344	-0.198824	0.00529979	0.99855	0.0535622	0.198828	-0.0535457	0.978571	3.75696	-1.02736	37.4699	
0.97898	0.00574348	-0.203877	0.00556694	0.998479	0.0548598	0.203882	-0.0548416	0.977458	3.9518	-1.0798	38.4163	
0.977913	0.00603028	-0.208927	0.00584019	0.998405	0.056153	0.208932	-0.0561329	0.976318	4.15154	-1.13349	39.3616	
0.976819	0.00632382	-0.213971	0.00611952	0.99833	0.0574419	0.213977	-0.0574198	0.97515	4.35616	-1.18844	40.3058	
0.9757	0.00662408	-0.219011	0.00640488	0.998254	0.0587265	0.219018	-0.0587021	0.973953	4.56566	-1.24462	41.2489	
0.974554	0.00693104	-0.224046	0.00669623	0.998176	0.0600065	0.224053	-0.0599799	0.972729	4.78003	-1.30204	42.1907	
0.973382	0.00724467	-0.229076	0.00699354	0.998096	0.0612822	0.229084	-0.061253	0.971478	4.99928	-1.3607	43.1314	
0.972183	0.00756496	-0.2341	0.00729677	0.998015	0.0625533	0.234109	-0.0625214	0.970198	5.22339	-1.42059	44.0709	
0.970958	0.00789188	-0.239119	0.00760589	0.997932	0.0638199	0.239128	-0.0637852	0.968891	5.45236	-1.4817	45.0091	
0.969707	0.00822542	-0.244133	0.00792086	0.997848	0.065082	0.244143	-0.0650442	0.967555	5.68619	-1.54403	45.946	
0.96843	0.00856554	-0.24914	0.00824163	0.997763	0.0663394	0.249151	-0.0662984	0.966193	5.92486	-1.60758	46.8816	
0.967126	0.00891222	-0.254142	0.00856817	0.997676	0.0675923	0.254154	-0.0675478	0.964802	6.16838	-1.67234	47.8159	
0.965796	0.00926545	-0.259137	0.00890045	0.997588	0.0688404	0.25915	-0.0687922	0.963384	6.41674	-1.73831	48.7489	
0.96444	0.0096252	-0.264127	0.00923842	0.997498	0.0700839	0.26414	-0.0700318	0.961938	6.66993	-1.80548	49.6804	
0.963058	0.00999145	-0.269109	0.00958204	0.997407	0.0713227	0.269124	-0.0712665	0.960465	6.92794	-1.87384	50.6106	
0.961649	0.0103642	-0.274086	0.00993128	0.997315	0.0725567	0.274102	-0.0724961	0.958964	7.19077	-1.9434	51.5392	
0.960215	0.0107433	-0.279055	0.0102861	0.997221	0.0737859	0.279072	-0.0737207	0.957436	7.45842	-2.01415	52.4665	
0.958754	0.0111289	-0.284018	0.0106465	0.997126	0.0750103	0.284036	-0.0749402	0.95588	7.73088	-2.08607	53.3922	
0.957268	0.0115209	-0.288973	0.0110123	0.997029	0.0762298	0.288993	-0.0761546	0.954297	8.00813	-2.15918	54.3164	
0.955755	0.0119192	-0.293922	0.0113836	0.996932	0.0774445	0.293943	-0.0773639	0.952687	8.29018	-2.23346	55.2391	
0.954217	0.0123239	-0.298862	0.0117603	0.996833	0.0786543	0.298885	-0.078568	0.951049	8.57701	-2.3089	56.1602	
0.952652	0.012735	-0.303796	0.0121425	0.996732	0.0798592	0.30382	-0.0797668	0.949384	8.86862	-2.38551	57.0797	
0.951062	0.0131523	-0.308721	0.0125299	0.996631	0.0810591	0.308747	-0.0809604	0.947692	9.16501	-2.46328	57.9976	
0.949445	0.0135759	-0.313639	0.0129226	0.996528	0.082254	0.313667	-0.0821487	0.945973	9.46616	-2.5422	58.9138	
0.947955	0.0139579	-0.318098	0.0122067	0.996711	0.0801116	0.31817	-0.0798251	0.944667	9.77186	-2.62057	59.8286	
0.946442	0.0143294	-0.322557	0.0114794	0.99689	0.077969	0.322671	-0.0774959	0.943333	10.0819	-2.69668	60.7421	
0.944905	0.0146904	-0.327015	0.0107409	0.997063	0.0758264	0.327169	-0.0751612	0.941972	10.3963	-2.77055	61.6543	
0.943345	0.0150407	-0.331472	0.00999116	0.997232	0.0736841	0.331662	-0.0728213	0.940583	10.7151	-2.84215	62.5651	
0.941763	0.0153803	-0.335926	0.00923026	0.997395	0.0715423	0.336151	-0.0704766	0.939167	11.0382	-2.91148	63.4746	
0.940158	0.015709	-0.340378	0.00845825	0.997553	0.0694013	0.340635	-0.0681272	0.937724	11.3657	-2.97854	64.3827	
0.93853	0.0160268	-0.344825	0.0076752	0.997706	0.0672615	0.345112	-0.0657735	0.936254	11.6975	-3.04333	65.2894	
0.93688	0.0163336	-0.349269	0.00688118	0.997854	0.0651229	0.349583	-0.0634158	0.934757	12.0336	-3.10583	66.1947	
0.935208	0.0166294	-0.353707	0.00607626	0.997996	0.062986	0.354046	-0.0610543	0.933233	12.374	-3.16606	67.0985	
0.933515	0.016914	-0.35814	0.00526052	0.998133	0.060851	0.358501	-0.0586893	0.931683	12.7188	-3.22399	68.0008	
0.9318	0.0171874	-0.362566	0.00443402	0.998265	0.0587182	0.362946	-0.0563212	0.930106	13.0679	-3.27964	68.9016	
0.930063	0.0174496	-0.366985	0.00359686	0.998391	0.0565877	0.367382	-0.0539501	0.928504	13.4212	-3.333	69.8009	
0.931177	0.0173219	-0.364157	-0.00518647	0.999399	0.0342762	0.364532	-0.0300285	0.930707	13.7754	-3.37363	70.7005	
0.932281	0.0172669	-0.361323	-0.0138988	0.999832	0.0119184	0.361468	-0.00608936	0.932365	14.1267	-3.39111	71.602	
0.933376	0.0172848	-0.358484	-0.0225351	0.999691	-0.0104726	0.358192	0.0178534	0.933477	14.4749	-3.38541	72.5048	
0.93446	0.0173755	-0.355643	-0.0310903	0.998976	-0.0328838	0.354707	0.0417856	0.934043	14.8198	-3.35656	73.4084	
0.935534	0.017539	-0.352801	-0.0395593	0.997686	-0.055302	0.351014	0.0656934	0.934063	15.1613	-3.30455	74.3123	
0.936596	0.0177752	-0.349959	-0.0479372	0.995823	-0.0777141	0.347116	0.0895628	0.933536	15.4991	-3.22943	75.216	
0.937646	0.018084	-0.347121	-0.0562191	0.993387	-0.100107	0.343015	0.11338	0.932462	15.833	-3.13123	76.1189	
0.938683	0.0184651	-0.344286	-0.0644002	0.990381	-0.122468	0.338713	0.13713	0.930843	16.1629	-3.01002	77.0205	
0.939707	0.0189184	-0.341457	-0.0724756	0.986806	-0.144783	0.334213	0.160801	0.928679	16.4885	-2.86586	77.9202	
0.940717	0.0194435	-0.338635	-0.0804407	0.982663	-0.16704	0.329517	0.184377	0.925972	16.8096	-2.69884	78.8176	
0.941712	0.0200402	-0.335823	-0.0882908	0.977956	-0.189225	0.324628	0.207845	0.922723	17.1261	-2.50906	79.7121	
0.942692	0.0207081	-0.333021	-0.0960212	0.972688	-0.211326	0.319549	0.231192	0.918933	17.4378	-2.29663	80.6032	
0.943656	0.0214469	-0.330232	-0.103628	0.96686	-0.233329	0.314284	0.254403	0.914606	17.7445	-2.06167	81.4904	
0.944604	0.0222561	-0.327456	-0.111105	0.960478	-0.255222	0.308834	0.277466	0.909744	18.046	-1.80432	82.3731	
0.945535	0.0231351	-0.324696	-0.11845	0.953543	-0.276992	0.303204	0.300366	0.904349	18.3422	-1.52473	83.2509	
0.946449	0.0240836	-0.321954	-0.125657	0.946062	-0.298626	0.297396	0.323091	0.898425	18.6328	-1.22306	84.1232	
0.947345	0.025101	-0.31923	-0.132723	0.938037	-0.320112	0.291414	0.345626	0.891976	18.9177	-0.899492	84.9895	
0.948222	0.0261866	-0.316526	-0.139644	0.929473	-0.341437	0.285262	0.367959	0.885004	19.1967	-0.554216	85.8493	
0.949081	0.0273398	-0.313845	-0.146415	0.920376	-0.362588	0.278942	0.390077	0.877514	19.4697	-0.187431	86.7021	
0.949919	0.02856	-0.311187	-0.153032	0.910752	-0.383553	0.27246	0.411966	0.869511	19.7365	0.200647	87.5475	
0.950738	0.0298465	-0.308554	-0.159491	0.900604	-0.40432	0.265818	0.433614	0.860999	19.997	0.609791	88.3848	
0.951537	0.0311984	-0.305948	-0.16579	0.88994	-0.424877	0.25902	0.455009	0.851983	20.2509	1.03976	89.2136	
0.952314	0.032615	-0.30337	-0.171923	0.878766	-0.445211	0.252071	0.476137	0.842469	20.4982	1.49031	90.0335	
0.953071	0.0340954	-0.300822	-0.177888	0.867088	-0.465311	0.244974	0.496987	0.832461	20.7387	1.96117	90.8439	
0.953805	0.0356389	-0.298305	-0.183681	0.854913	-0.485165	0.237734	0.517545	0.821967	20.9723	2.45206	91.6445	
