1	0	0	0	1	0	0	0	1	0	0	0	
1	-6.66521e-08	8.72082e-05	-6.66521e-08	0.999999	0.00152857	-8.72082e-05	-0.00152857	0.999999	-3.72617e-05	-0.000653118	0.854545	
1	-2.66488e-07	0.000174299	-2.66966e-07	0.999995	0.00306056	-0.000174299	-0.00306056	0.999995	-0.000148997	-0.00261393	1.70909	
1	-5.99428e-07	0.000261268	-6.01342e-07	0.999989	0.00459591	-0.000261268	-0.00459591	0.999989	-0.000335102	-0.00588533	2.56363	
1	-1.06537e-06	0.00034811	-1.07016e-06	0.999981	0.00613457	-0.00034811	-0.00613457	0.999981	-0.000595473	-0.0104702	3.41816	
1	-1.66417e-06	0.000434822	-1.67378e-06	0.999971	0.00767648	-0.000434822	-0.00767648	0.99997	-0.000929999	-0.0163713	4.27269	
1	-2.39568e-06	0.000521398	-2.41254e-06	0.999957	0.00922159	-0.000521398	-0.00922159	0.999957	-0.00133857	-0.0235913	5.1272	
1	-3.25972e-06	0.000607835	-3.28675e-06	0.999942	0.0107698	-0.000607835	-0.0107698	0.999942	-0.00182106	-0.0321331	5.9817	
1	-4.25609e-06	0.000694128	-4.29671e-06	0.999924	0.0123212	-0.000694128	-0.0123212	0.999924	-0.00237735	-0.0419993	6.83619	
1	-5.38455e-06	0.000780273	-5.4427e-06	0.999904	0.0138756	-0.000780273	-0.0138756	0.999903	-0.00300732	-0.0531925	7.69066	
1	-6.64484e-06	0.000866266	-6.72496e-06	0.999881	0.0154329	-0.000866265	-0.0154329	0.999881	-0.00371084	-0.0657152	8.54512	
1	-8.03668e-06	0.000952102	-8.14372e-06	0.999856	0.0169932	-0.000952101	-0.0169932	0.999855	-0.00448778	-0.07957	9.39955	
0.999999	-9.55978e-06	0.00103778	-9.6992e-06	0.999828	0.0185563	-0.00103778	-0.0185563	0.999827	-0.005338	-0.0947593	10.254	
0.999999	-1.12138e-05	0.00112329	-1.13916e-05	0.999798	0.0201223	-0.00112329	-0.0201223	0.999797	-0.00626136	-0.111286	11.1083	
0.999999	-1.29984e-05	0.00120863	-1.3221e-05	0.999765	0.021691	-0.00120863	-0.021691	0.999764	-0.00725772	-0.129151	11.9627	
0.999999	-1.49132e-05	0.0012938	-1.51877e-05	0.999729	0.0232624	-0.00129379	-0.0232624	0.999729	-0.00832694	-0.148359	12.817	
0.999999	-1.69577e-05	0.00137879	-1.72917e-05	0.999692	0.0248365	-0.00137878	-0.0248365	0.999691	-0.00946886	-0.16891	13.6713	
0.999999	-1.91317e-05	0.0014636	-1.95332e-05	0.999651	0.0264132	-0.00146359	-0.0264132	0.99965	-0.0106833	-0.190808	14.5256	
0.999999	-2.14345e-05	0.00154822	-2.19122e-05	0.999608	0.0279924	-0.00154821	-0.0279924	0.999607	-0.0119702	-0.214054	15.3798	
0.999999	-2.38658e-05	0.00163265	-2.44288e-05	0.999563	0.029574	-0.00163265	-0.0295741	0.999561	-0.0133293	-0.23865	16.234	
0.999999	-2.64251e-05	0.00171689	-2.70831e-05	0.999514	0.0311582	-0.00171688	-0.0311582	0.999513	-0.0147604	-0.264599	17.0882	
0.999998	-2.91118e-05	0.00180094	-2.98749e-05	0.999464	0.0327446	-0.00180093	-0.0327446	0.999462	-0.0162635	-0.291903	17.9423	
0.999998	-3.19253e-05	0.00188478	-3.28045e-05	0.99941	0.0343334	-0.00188476	-0.0343334	0.999409	-0.0178383	-0.320564	18.7963	
0.999998	-3.48652e-05	0.00196842	-3.58717e-05	0.999355	0.0359245	-0.0019684	-0.0359245	0.999353	-0.0194847	-0.350583	19.6503	
0.999998	-3.79309e-05	0.00205185	-3.90764e-05	0.999296	0.0375177	-0.00205182	-0.0375177	0.999294	-0.0212024	-0.381963	20.5043	
0.999998	-4.11217e-05	0.00213506	-4.24188e-05	0.999235	0.0391131	-0.00213504	-0.0391131	0.999233	-0.0229913	-0.414705	21.3582	
0.999998	-4.4437e-05	0.00221806	-4.58985e-05	0.999171	0.0407106	-0.00221803	-0.0407106	0.999169	-0.0248513	-0.448812	22.2121	
0.999997	-4.78761e-05	0.00230084	-4.95156e-05	0.999105	0.0423101	-0.0023008	-0.0423101	0.999102	-0.026782	-0.484284	23.0659	
0.999997	-5.14384e-05	0.00238339	-5.32699e-05	0.999035	0.0439116	-0.00238335	-0.0439116	0.999033	-0.0287835	-0.521125	23.9196	
0.999997	-5.51232e-05	0.00246572	-5.71613e-05	0.998964	0.045515	-0.00246567	-0.045515	0.998961	-0.0308553	-0.559334	24.7733	
0.999997	-5.89298e-05	0.00254781	-6.11897e-05	0.998889	0.0471203	-0.00254776	-0.0471203	0.998886	-0.0329974	-0.598915	25.627	
0.999997	-6.28574e-05	0.00262967	-6.53547e-05	0.998812	0.0487274	-0.00262961	-0.0487274	0.998809	-0.0352096	-0.639868	26.4805	
0.999996	-6.69052e-05	0.0027113	-6.96563e-05	0.998732	0.0503362	-0.00271123	-0.0503362	0.998729	-0.0374916	-0.682195	27.334	
0.999996	-7.10726e-05	0.00279268	-7.40942e-05	0.99865	0.0519468	-0.0027926	-0.0519468	0.998646	-0.0398432	-0.725898	28.1874	
0.999996	-7.53586e-05	0.00287381	-7.86681e-05	0.998565	0.0535589	-0.00287372	-0.0535589	0.998561	-0.0422643	-0.770978	29.0408	
0.999996	-7.97625e-05	0.00295469	-8.33778e-05	0.998477	0.0551727	-0.00295459	-0.0551727	0.998472	-0.0447545	-0.817436	29.8941	
0.999995	-8.42834e-05	0.00303533	-8.8223e-05	0.998386	0.056788	-0.00303521	-0.056788	0.998382	-0.0473138	-0.865273	30.7473	
0.999995	-8.89205e-05	0.0031157	-9.32035e-05	0.998293	0.0584047	-0.00311558	-0.0584047	0.998288	-0.0499419	-0.914492	31.6004	
0.999995	-9.36728e-05	0.00319582	-9.83188e-05	0.998197	0.0600229	-0.00319568	-0.0600229	0.998192	-0.0526385	-0.965093	32.4534	
0.999995	-9.85396e-05	0.00327567	-0.000103569	0.998098	0.0616424	-0.00327552	-0.0616424	0.998093	-0.0554035	-1.01708	33.3064	
0.999994	-0.00010352	0.00335526	-0.000108953	0.997997	0.0632632	-0.00335509	-0.0632632	0.997991	-0.0582366	-1.07045	34.1593	
0.999994	-0.000108613	0.00343458	-0.000114471	0.997893	0.0648853	-0.00343439	-0.0648853	0.997887	-0.0611375	-1.1252	35.0121	
0.999994	-0.000113817	0.00351362	-0.000120122	0.997786	0.0665085	-0.00351341	-0.0665085	0.99778	-0.0641061	-1.18134	35.8647	
0.999994	-0.000119132	0.00359239	-0.000125906	0.997676	0.0681329	-0.00359216	-0.0681329	0.99767	-0.0671421	-1.23887	36.7173	
0.999993	-0.000124556	0.00367088	-0.000131823	0.997564	0.0697583	-0.00367063	-0.0697583	0.997557	-0.0702453	-1.29779	37.5699	
0.999993	-0.000130089	0.00374909	-0.000137871	0.997449	0.0713848	-0.00374881	-0.0713848	0.997442	-0.0734155	-1.35809	38.4223	
0.999993	-0.00013573	0.00382701	-0.000144052	0.997331	0.0730122	-0.00382671	-0.0730122	0.997324	-0.0766523	-1.41979	39.2746	
0.999992	-0.000141477	0.00390465	-0.000150363	0.99721	0.0746405	-0.00390431	-0.0746405	0.997203	-0.0799555	-1.48288	40.1268	
0.999992	-0.00014733	0.00398199	-0.000156806	0.997087	0.0762697	-0.00398163	-0.0762697	0.997079	-0.083325	-1.54736	40.9789	
0.999992	-0.000153287	0.00405904	-0.000163378	0.996961	0.0778996	-0.00405864	-0.0778996	0.996953	-0.0867604	-1.61323	41.8309	
0.999991	-0.000159347	0.00413579	-0.00017008	0.996832	0.0795303	-0.00413536	-0.0795303	0.996824	-0.0902614	-1.6805	42.6828	
0.999991	-0.000165509	0.00421223	-0.00017691	0.996701	0.0811616	-0.00421177	-0.0811617	0.996692	-0.0938279	-1.74916	43.5345	
0.999991	-0.000171773	0.00428838	-0.000183869	0.996567	0.0827936	-0.00428788	-0.0827936	0.996557	-0.0974596	-1.81921	44.3862	
0.99999	-0.000178136	0.00436422	-0.000190956	0.99643	0.0844261	-0.00436368	-0.0844262	0.99642	-0.101156	-1.89066	45.2377	
0.99999	-0.000184598	0.00443975	-0.00019817	0.99629	0.0860592	-0.00443916	-0.0860592	0.99628	-0.104917	-1.9635	46.0892	
0.99999	-0.000191157	0.00451497	-0.000205511	0.996148	0.0876926	-0.00451434	-0.0876927	0.996137	-0.108743	-2.03774	46.9405	
0.999989	-0.000197813	0.00458987	-0.000212977	0.996002	0.0893265	-0.00458919	-0.0893265	0.995992	-0.112633	-2.11338	47.7917	
0.999989	-0.000204564	0.00466446	-0.000220568	0.995854	0.0909607	-0.00466373	-0.0909607	0.995844	-0.116586	-2.19041	48.6427	
0.999989	-0.000211409	0.00473872	-0.000228285	0.995704	0.0925952	-0.00473794	-0.0925952	0.995693	-0.120603	-2.26884	49.4936	
0.999998	5.2021e-05	0.0019131	-0.000229822	0.995661	0.0930563	-0.00189996	-0.0930566	0.995659	-0.123439	-2.34816	50.3445	
1	0.000316901	-0.000913879	-0.000230046	0.995617	0.0935208	0.000939511	-0.0935205	0.995617	-0.12385	-2.42788	51.1953	
0.999993	0.000583234	-0.00374213	-0.000228937	0.995573	0.0939886	0.00378038	-0.093987	0.995566	-0.121833	-2.508	52.0461	
0.999978	0.000851023	-0.00657156	-0.000226477	0.995529	0.0944594	0.00662256	-0.0944559	0.995507	-0.117388	-2.58851	52.8968	
0.999955	0.00112027	-0.00940209	-0.000222647	0.995484	0.0949333	0.00946597	-0.094927	0.995439	-0.110514	-2.66943	53.7475	
0.999924	0.00139097	-0.0122336	-0.000217433	0.995438	0.09541	0.0123105	-0.0954002	0.995363	-0.10121	-2.75075	54.5981	
0.999885	0.00166314	-0.0150661	-0.000210817	0.995392	0.0958895	0.0151561	-0.0958753	0.995278	-0.0894738	-2.83248	55.4487	
0.999838	0.00193676	-0.0178994	-0.000202788	0.995345	0.0963715	0.0180027	-0.0963522	0.995184	-0.0753059	-2.91461	56.2991	
0.999783	0.00221184	-0.0207334	-0.00019333	0.995298	0.0968559	0.0208502	-0.0968309	0.995082	-0.0587051	-2.99716	57.1495	
0.999719	0.00248839	-0.0235682	-0.000182434	0.995251	0.0973427	0.0236985	-0.0973111	0.994972	-0.0396707	-3.08011	57.9998	
0.999648	0.00276639	-0.0264035	-0.000170088	0.995203	0.0978316	0.0265475	-0.0977926	0.994853	-0.0182019	-3.16347	58.85	
0.999568	0.00304585	-0.0292393	-0.000156284	0.995155	0.0983226	0.0293971	-0.0982755	0.994725	0.00570166	-3.24724	59.7001	
0.99948	0.00332677	-0.0320755	-0.000141012	0.995106	0.0988154	0.0322472	-0.0987595	0.994589	0.0320406	-3.33143	60.5501	
0.999384	0.00360914	-0.034912	-0.000124267	0.995057	0.09931	0.0350979	-0.0992444	0.994444	0.0608154	-3.41603	61.4	
0.99928	0.00389297	-0.0377488	-0.000106042	0.995007	0.0998061	0.0379489	-0.0997302	0.994291	0.0920263	-3.50105	62.2497	
0.999167	0.00417824	-0.0405858	-8.63326e-05	0.994957	0.100304	0.0408002	-0.100217	0.994129	0.125674	-3.58648	63.0993	
0.999047	0.00446495	-0.0434228	-6.51361e-05	0.994906	0.100803	0.0436517	-0.100704	0.993958	0.161758	-3.67233	63.9487	
0.998918	0.00475311	-0.0462598	-4.245e-05	0.994856	0.101303	0.0465033	-0.101191	0.99378	0.200278	-3.75859	64.798	
0.998781	0.0050427	-0.0490967	-1.82736e-05	0.994804	0.101804	0.049355	-0.101679	0.993592	0.241236	-3.84528	65.6472	
0.998636	0.00533373	-0.0519335	7.393e-06	0.994753	0.102306	0.0522067	-0.102167	0.993396	0.284631	-3.93237	66.4962	
0.998483	0.00562618	-0.05477	3.45482e-05	0.994701	0.102809	0.0550582	-0.102655	0.993192	0.330462	-4.01989	67.345	
0.998322	0.00592005	-0.0576061	6.31894e-05	0.994649	0.103313	0.0579095	-0.103143	0.992979	0.37873	-4.10782	68.1936	
0.998152	0.00621533	-0.0604418	9.33125e-05	0.994596	0.103817	0.0607605	-0.103631	0.992758	0.429435	-4.19617	69.0421	
0.997975	0.00651202	-0.0632771	0.000124913	0.994544	0.104321	0.0636111	-0.104118	0.992529	0.482575	-4.28494	69.8903	
0.997789	0.00681011	-0.0661117	0.000157983	0.994491	0.104826	0.0664613	-0.104605	0.992291	0.538152	-4.37412	70.7384	
0.997595	0.00710958	-0.0689456	0.000192517	0.994437	0.105331	0.069311	-0.105091	0.992044	0.596163	-4.46371	71.5863	
0.996018	0.00912268	-0.0886823	-0.000422834	0.995223	0.0976289	0.0891492	-0.0972026	0.991264	0.663872	-4.55015	72.4337	
0.994047	0.0109783	-0.108399	-0.0011921	0.995947	0.0899349	0.108947	-0.0892702	0.990031	0.748516	-4.62983	73.2803	
0.991682	0.0126757	-0.128086	-0.00211494	0.996609	0.0822522	0.128695	-0.0812971	0.988346	0.850058	-4.70271	74.1256	
0.988925	0.014214	-0.147736	-0.00319092	0.99721	0.0745844	0.148384	-0.0732869	0.986211	0.96845	-4.76876	74.9693	
0.985776	0.0155926	-0.167339	-0.00441956	0.997748	0.0669349	0.168005	-0.0652432	0.983625	1.10364	-4.82796	75.811	
0.982238	0.0168108	-0.186885	-0.0058003	0.998223	0.0593072	0.18755	-0.0571698	0.98059	1.25556	-4.88026	76.6503	
0.978312	0.017868	-0.206367	-0.00733249	0.998635	0.0517049	0.207009	-0.0490703	0.977108	1.42416	-4.92566	77.4868	
0.973999	0.0187638	-0.225775	-0.00901546	0.998985	0.0441313	0.226374	-0.0409483	0.973179	1.60934	-4.96412	78.3202	
0.969302	0.0194978	-0.2451	-0.0108484	0.999271	0.0365899	0.245635	-0.0328077	0.968807	1.81102	-4.99564	79.1499	
0.964222	0.0200696	-0.264334	-0.0128305	0.999495	0.0290843	0.264785	-0.0246521	0.963992	2.02912	-5.02019	79.9758	
0.958763	0.020479	-0.283468	-0.0149609	0.999654	0.0216177	0.283813	-0.0164853	0.958738	2.26353	-5.03777	80.7974	
0.952926	0.0207257	-0.302493	-0.0172386	0.999751	0.0141936	0.302712	-0.00831094	0.953046	2.51414	-5.04836	81.6143	
0.946715	0.0208098	-0.3214	-0.0196625	0.999783	0.00681548	0.321473	-0.000132784	0.946919	2.78085	-5.05197	82.4261	
0.940131	0.020731	-0.340181	-0.0222315	0.999753	-0.000513421	0.340087	0.00804543	0.94036	3.06353	-5.04859	83.2325	
0.933179	0.0204895	-0.358828	-0.0249445	0.999658	-0.00778971	0.358545	0.01622	0.933371	3.36204	-5.03822	84.0331	
