1	0	0	0	1	0	0	0	1	0	0	0	
0.999996	4.13929e-06	0.00277511	4.13929e-06	0.999996	-0.00298314	-0.00277511	0.00298314	0.999992	-0.00104347	0.00112169	0.752018	
0.999985	1.6563e-05	0.00555136	1.65606e-05	0.999982	-0.00596665	-0.00555136	0.00596665	0.999967	-0.00417431	0.00448691	1.50402	
0.999965	3.72789e-05	0.00832868	3.72694e-05	0.99996	-0.00895046	-0.00832868	0.00895046	0.999925	-0.00939336	0.0100959	2.256	
0.999938	6.62948e-05	0.011107	6.62711e-05	0.999929	-0.0119345	-0.011107	0.0119345	0.999867	-0.0167014	0.0179489	3.00795	
0.999904	0.000103618	0.0138863	0.000103571	0.999889	-0.0149188	-0.0138863	0.0149188	0.999792	-0.0260992	0.028046	3.75984	
0.999861	0.000149256	0.0166666	0.000149173	0.99984	-0.0179031	-0.0166666	0.0179031	0.999701	-0.0375874	0.0403874	4.51167	
0.999811	0.000203215	0.0194477	0.000203082	0.999782	-0.0208876	-0.0194477	0.0208876	0.999593	-0.0511667	0.0549731	5.26343	
0.999753	0.000265502	0.0222296	0.000265303	0.999715	-0.023872	-0.0222296	0.023872	0.999468	-0.0668378	0.0718032	6.01509	
0.999687	0.000336124	0.0250122	0.00033584	0.999639	-0.0268564	-0.0250122	0.0268564	0.999326	-0.0846012	0.0908776	6.76666	
0.999614	0.000415087	0.0277955	0.000414696	0.999555	-0.0298407	-0.0277955	0.0298407	0.999168	-0.104457	0.112196	7.51812	
0.999532	0.000502397	0.0305795	0.000501875	0.999461	-0.0328248	-0.0305795	0.0328248	0.998993	-0.126407	0.135759	8.26945	
0.999443	0.000598059	0.033364	0.00059738	0.999358	-0.0358087	-0.033364	0.0358087	0.998802	-0.150451	0.161566	9.02064	
0.999346	0.000702079	0.0361491	0.000701215	0.999247	-0.0387923	-0.0361491	0.0387923	0.998593	-0.176588	0.189617	9.77168	
0.999241	0.000814463	0.0389347	0.000813382	0.999127	-0.0417756	-0.0389347	0.0417755	0.998368	-0.204821	0.219911	10.5226	
0.999129	0.000935214	0.0417206	0.000933885	0.998997	-0.0447584	-0.0417207	0.0447584	0.998126	-0.235148	0.252449	11.2733	
0.999009	0.00106434	0.0445069	0.00106272	0.998859	-0.0477408	-0.044507	0.0477407	0.997868	-0.26757	0.28723	12.0238	
0.99888	0.00120184	0.0472936	0.0011999	0.998712	-0.0507226	-0.0472936	0.0507226	0.997592	-0.302088	0.324253	12.7741	
0.998744	0.00134773	0.0500804	0.00134542	0.998556	-0.0537039	-0.0500805	0.0537038	0.9973	-0.338702	0.363518	13.5242	
0.9986	0.001502	0.0528675	0.00149929	0.998391	-0.0566845	-0.0528676	0.0566844	0.996991	-0.377412	0.405025	14.2741	
0.998449	0.00166466	0.0556547	0.0016615	0.998217	-0.0596644	-0.0556548	0.0596643	0.996666	-0.418217	0.448774	15.0237	
0.998289	0.00183571	0.058442	0.00183205	0.998034	-0.0626436	-0.0584421	0.0626435	0.996323	-0.461119	0.494763	15.7731	
0.998122	0.00201516	0.0612294	0.00201095	0.997843	-0.0656219	-0.0612295	0.0656218	0.995964	-0.506117	0.542992	16.5222	
0.997946	0.00220301	0.0640167	0.0021982	0.997642	-0.0685994	-0.0640168	0.0685992	0.995588	-0.553211	0.59346	17.2711	
0.997763	0.00239926	0.0668039	0.0023938	0.997432	-0.0715759	-0.0668041	0.0715757	0.995196	-0.602401	0.646168	18.0196	
0.997572	0.00260392	0.0695909	0.00259774	0.997214	-0.0745514	-0.0695912	0.0745512	0.994786	-0.653687	0.701113	18.7679	
0.997373	0.00281699	0.0723778	0.00281003	0.996986	-0.0775259	-0.0723781	0.0775256	0.99436	-0.707069	0.758295	19.5158	
0.997167	0.00303847	0.0751645	0.00303068	0.99675	-0.0804992	-0.0751648	0.0804989	0.993917	-0.762546	0.817714	20.2634	
0.996952	0.00326836	0.0779508	0.00325967	0.996505	-0.0834714	-0.0779512	0.083471	0.993457	-0.82012	0.879369	21.0107	
0.996729	0.00350666	0.0807368	0.003497	0.996251	-0.0864423	-0.0807372	0.0864419	0.99298	-0.879788	0.943258	21.7576	
0.996499	0.00375338	0.0835223	0.00374268	0.995988	-0.089412	-0.0835228	0.0894115	0.992487	-0.941552	1.00938	22.5042	
0.99626	0.00400851	0.0863074	0.00399671	0.995716	-0.0923803	-0.086308	0.0923798	0.991976	-1.00541	1.07774	23.2503	
0.996014	0.00427206	0.089092	0.00425909	0.995435	-0.0953472	-0.0890926	0.0953466	0.991449	-1.07136	1.14832	23.9961	
0.99576	0.00454403	0.091876	0.0045298	0.995145	-0.0983126	-0.0918767	0.098312	0.990905	-1.13941	1.22114	24.7415	
0.995498	0.00482443	0.0946593	0.00480886	0.994847	-0.101277	-0.0946601	0.101276	0.990345	-1.20955	1.29619	25.4865	
0.995228	0.00511323	0.097442	0.00509625	0.994539	-0.104239	-0.0974429	0.104238	0.989767	-1.28178	1.37346	26.231	
0.99495	0.00541046	0.100224	0.00539198	0.994223	-0.1072	-0.100225	0.107199	0.989173	-1.35611	1.45297	26.9751	
0.994664	0.00571611	0.103005	0.00569604	0.993898	-0.110159	-0.103006	0.110157	0.988562	-1.43252	1.53469	27.7188	
0.994371	0.00603018	0.105785	0.00600844	0.993564	-0.113116	-0.105787	0.113115	0.987934	-1.51103	1.61865	28.462	
0.994069	0.00635267	0.108565	0.00632916	0.993221	-0.116071	-0.108566	0.11607	0.98729	-1.59163	1.70482	29.2047	
0.99376	0.00668357	0.111343	0.00665821	0.992869	-0.119025	-0.111345	0.119023	0.986629	-1.67432	1.79322	29.9469	
0.993442	0.0070229	0.11412	0.00699559	0.992508	-0.121976	-0.114122	0.121975	0.98595	-1.7591	1.88384	30.6886	
0.993117	0.00737063	0.116897	0.00734128	0.992139	-0.124926	-0.116899	0.124924	0.985256	-1.84596	1.97667	31.4298	
0.992783	0.00772679	0.119672	0.00769528	0.991761	-0.127874	-0.119674	0.127872	0.984544	-1.93492	2.07173	32.1705	
0.992442	0.00809135	0.122446	0.0080576	0.991374	-0.130819	-0.122448	0.130817	0.983816	-2.02596	2.169	32.9106	
0.992093	0.00846433	0.125219	0.00842822	0.990978	-0.133762	-0.125221	0.13376	0.983071	-2.11908	2.26848	33.6502	
0.991736	0.00884571	0.12799	0.00880714	0.990573	-0.136704	-0.127993	0.136701	0.982309	-2.21429	2.37018	34.3892	
0.991371	0.0092355	0.13076	0.00919437	0.990159	-0.139642	-0.130763	0.13964	0.98153	-2.31159	2.47409	35.1276	
0.990998	0.0096337	0.133529	0.00958988	0.989737	-0.142579	-0.133532	0.142576	0.980735	-2.41097	2.5802	35.8654	
0.990617	0.0100403	0.136296	0.00999368	0.989306	-0.145513	-0.136299	0.14551	0.979923	-2.51243	2.68852	36.6026	
0.990229	0.0104553	0.139062	0.0104058	0.988866	-0.148445	-0.139065	0.148441	0.979094	-2.61597	2.79905	37.3393	
0.989832	0.0108787	0.141826	0.0108261	0.988417	-0.151374	-0.14183	0.15137	0.978249	-2.72159	2.91179	38.0752	
0.989427	0.0113105	0.144588	0.0112548	0.98796	-0.1543	-0.144593	0.154296	0.977387	-2.82928	3.02672	38.8106	
0.988668	0.0121183	0.149631	0.0119125	0.98726	-0.158667	-0.149647	0.158651	0.975928	-2.93992	3.14439	39.5451	
0.987882	0.0129485	0.154664	0.0125932	0.986541	-0.163029	-0.154694	0.163001	0.974423	-3.05436	3.26534	40.2784	
0.987071	0.013801	0.15969	0.0132967	0.985802	-0.167386	-0.159733	0.167345	0.972873	-3.17259	3.38955	41.0106	
0.986233	0.0146758	0.164706	0.0140232	0.985043	-0.171738	-0.164763	0.171684	0.971276	-3.2946	3.51703	41.7416	
0.98537	0.0155729	0.169714	0.0147725	0.984264	-0.176086	-0.169786	0.176017	0.969634	-3.42039	3.64777	42.4714	
0.984481	0.0164922	0.174712	0.0155446	0.983466	-0.180427	-0.174799	0.180343	0.967947	-3.54996	3.78176	43.2	
0.983567	0.0174337	0.179702	0.0163395	0.982647	-0.184763	-0.179804	0.184663	0.966214	-3.6833	3.91901	43.9273	
0.982626	0.0183974	0.184681	0.0171572	0.981809	-0.189093	-0.1848	0.188976	0.964436	-3.82039	4.0595	44.6532	
0.98166	0.0193832	0.189651	0.0179976	0.980952	-0.193416	-0.189787	0.193282	0.962613	-3.96124	4.20324	45.3778	
0.980669	0.0203911	0.19461	0.0188607	0.980074	-0.197733	-0.194764	0.197581	0.960744	-4.10584	4.35021	46.101	
0.979652	0.021421	0.199559	0.0197464	0.979178	-0.202043	-0.199732	0.201872	0.95883	-4.25417	4.5004	46.8228	
0.978609	0.0224729	0.204498	0.0206548	0.978261	-0.206346	-0.20469	0.206156	0.956871	-4.40624	4.65383	47.5431	
0.977541	0.0235468	0.209426	0.0215858	0.977325	-0.210642	-0.209637	0.210431	0.954867	-4.56203	4.81047	48.2619	
0.976448	0.0246425	0.214343	0.0225394	0.976369	-0.21493	-0.214575	0.214699	0.952818	-4.72154	4.97032	48.9793	
0.975329	0.0257602	0.219249	0.0235154	0.975394	-0.21921	-0.219501	0.218957	0.950724	-4.88476	5.13338	49.695	
0.974185	0.0268996	0.224144	0.0245139	0.9744	-0.223482	-0.224417	0.223207	0.948586	-5.05168	5.29964	50.4092	
0.973016	0.0280609	0.229027	0.0255348	0.973386	-0.227745	-0.229322	0.227448	0.946403	-5.22229	5.46909	51.1217	
0.971821	0.0292439	0.233898	0.026578	0.972353	-0.232	-0.234216	0.23168	0.944176	-5.39658	5.64173	51.8326	
0.970602	0.0304485	0.238757	0.0276436	0.9713	-0.236247	-0.239098	0.235901	0.941904	-5.57455	5.81755	52.5418	
0.969357	0.0316748	0.243604	0.0287314	0.970228	-0.240484	-0.243969	0.240114	0.939588	-5.75619	5.99653	53.2492	
0.968088	0.0329226	0.248438	0.0298414	0.969137	-0.244711	-0.248827	0.244316	0.937227	-5.94149	6.17869	53.9549	
0.966794	0.034192	0.25326	0.0309736	0.968026	-0.248929	-0.253674	0.248507	0.934823	-6.13044	6.36399	54.6589	
0.965475	0.0354828	0.258069	0.0321279	0.966897	-0.253137	-0.258508	0.252688	0.932374	-6.32302	6.55245	55.3609	
0.964131	0.036795	0.262865	0.0333042	0.965748	-0.257335	-0.26333	0.256859	0.929882	-6.51924	6.74404	56.0612	
0.962762	0.0381286	0.267648	0.0345024	0.964581	-0.261522	-0.268139	0.261018	0.927346	-6.71908	6.93877	56.7595	
0.961369	0.0394835	0.272417	0.0357226	0.963394	-0.265699	-0.272935	0.265166	0.924767	-6.92253	7.13662	57.4559	
0.959951	0.0408596	0.277172	0.0369646	0.962189	-0.269865	-0.277718	0.269302	0.922144	-7.12958	7.33759	58.1504	
0.958509	0.042257	0.281914	0.0382284	0.960964	-0.274019	-0.282488	0.273427	0.919477	-7.34023	7.54166	58.8429	
0.957042	0.0436754	0.286641	0.0395139	0.959721	-0.278162	-0.287244	0.277539	0.916768	-7.55445	7.74883	59.5333	
0.955551	0.0451149	0.291354	0.0408211	0.958459	-0.282294	-0.291986	0.28164	0.914015	-7.77225	7.95909	60.2217	
0.954036	0.0465754	0.296052	0.0421498	0.957178	-0.286414	-0.296715	0.285727	0.911219	-7.99361	8.17243	60.908	
0.952496	0.0480568	0.300736	0.0435001	0.955879	-0.290521	-0.301429	0.289802	0.908381	-8.21852	8.38883	61.5922	
0.950932	0.0495591	0.305405	0.0448717	0.954562	-0.294616	-0.306128	0.293864	0.905499	-8.44696	8.6083	62.2742	
0.949344	0.0510822	0.310058	0.0462647	0.953225	-0.298699	-0.310814	0.297913	0.902576	-8.67894	8.83081	62.9541	
0.947732	0.052626	0.314696	0.047679	0.951871	-0.302768	-0.315484	0.301948	0.89961	-8.91444	9.05637	63.6317	
0.946097	0.0541905	0.319319	0.0491144	0.950498	-0.306825	-0.320139	0.305969	0.896601	-9.15344	9.28495	64.3071	
0.944437	0.0557756	0.323926	0.050571	0.949107	-0.310868	-0.324779	0.309976	0.893551	-9.39593	9.51655	64.9803	
0.942753	0.0573812	0.328517	0.0520486	0.947698	-0.314897	-0.329404	0.313969	0.890459	-9.64192	9.75116	65.6511	
0.941046	0.0590073	0.333091	0.0535472	0.94627	-0.318913	-0.334013	0.317948	0.887324	-9.89137	9.98877	66.3195	
0.939316	0.0606538	0.33765	0.0550666	0.944825	-0.322915	-0.338606	0.321912	0.884149	-10.1443	10.2294	66.9856	
0.937561	0.0623206	0.342191	0.0566067	0.943361	-0.326902	-0.343183	0.325861	0.880931	-10.4006	10.4729	67.6493	
0.935783	0.0640076	0.346716	0.0581676	0.94188	-0.330875	-0.347744	0.329795	0.877673	-10.6604	10.7195	68.3106	
0.933982	0.0657148	0.351224	0.0597491	0.940381	-0.334833	-0.352288	0.333713	0.874373	-10.9237	10.969	68.9694	
0.928346	0.0710177	0.364869	0.0634723	0.936878	-0.343847	-0.366257	0.342368	0.86524	-11.1938	11.2232	69.6235	
0.922492	0.0764554	0.378368	0.0673396	0.933286	-0.352765	-0.380096	0.350902	0.855801	-11.4745	11.4839	70.2706	
0.916422	0.0820259	0.391717	0.0713496	0.929606	-0.361583	-0.393801	0.359312	0.846059	-11.7655	11.7509	70.9106	
0.910138	0.0877275	0.40491	0.0755009	0.925839	-0.370299	-0.407367	0.367594	0.836018	-12.0667	12.0242	71.5431	
