1	0	0	0	1	0	0	0	1	0	0	0	
0.999996	-4.73814e-06	0.00269532	-4.73814e-06	0.999994	0.00351582	-0.00269532	-0.00351582	0.99999	-0.00111352	-0.0014525	0.82626	
0.999985	-1.89525e-05	0.00539021	-1.89578e-05	0.999975	0.00703304	-0.00539021	-0.00703304	0.999961	-0.00445391	-0.00581057	1.6525	
0.999967	-4.26442e-05	0.00808463	-4.26652e-05	0.999944	0.0105516	-0.00808463	-0.0105516	0.999912	-0.0100208	-0.0130753	2.47871	
0.999942	-7.58139e-05	0.0107785	-7.58663e-05	0.999901	0.0140714	-0.0107785	-0.0140714	0.999843	-0.0178138	-0.0232479	3.30488	
0.999909	-0.000118462	0.0134718	-0.000118567	0.999845	0.0175923	-0.0134718	-0.0175923	0.999754	-0.0278323	-0.0363291	4.13098	
0.999869	-0.000170588	0.0161644	-0.000170771	0.999777	0.0211143	-0.0161644	-0.0211143	0.999646	-0.040076	-0.05232	4.95699	
0.999822	-0.000232192	0.0188562	-0.000232486	0.999696	0.0246373	-0.0188562	-0.0246373	0.999519	-0.0545441	-0.0712215	5.78291	
0.999768	-0.000303273	0.0215473	-0.000303714	0.999603	0.0281611	-0.0215473	-0.0281612	0.999371	-0.0712361	-0.0930342	6.60872	
0.999706	-0.00038383	0.0242375	-0.00038446	0.999498	0.0316858	-0.0242375	-0.0316859	0.999204	-0.0901512	-0.117759	7.43439	
0.999637	-0.000473862	0.0269267	-0.000474728	0.99938	0.0352113	-0.0269267	-0.0352113	0.999017	-0.111289	-0.145396	8.25992	
0.999561	-0.000573367	0.029615	-0.000574522	0.999249	0.0387374	-0.029615	-0.0387374	0.99881	-0.134648	-0.175947	9.08529	
0.999478	-0.000682343	0.0323022	-0.000683845	0.999106	0.042264	-0.0323022	-0.042264	0.998584	-0.160228	-0.209411	9.91047	
0.999387	-0.000800787	0.0349883	-0.000802699	0.998951	0.0457912	-0.0349882	-0.0457912	0.998338	-0.188028	-0.24579	10.7355	
0.99929	-0.000928697	0.0376732	-0.000931087	0.998783	0.0493187	-0.0376731	-0.0493187	0.998072	-0.218046	-0.285082	11.5602	
0.999185	-0.00106607	0.0403568	-0.00106901	0.998602	0.0528465	-0.0403568	-0.0528466	0.997787	-0.250283	-0.32729	12.3848	
0.999073	-0.0012129	0.0430392	-0.00121647	0.998409	0.0563746	-0.0430391	-0.0563747	0.997482	-0.284737	-0.372413	13.2091	
0.998953	-0.00136919	0.0457202	-0.00137348	0.998203	0.0599028	-0.04572	-0.0599029	0.997157	-0.321406	-0.420451	14.0332	
0.998827	-0.00153493	0.0483997	-0.00154002	0.997985	0.0634311	-0.0483995	-0.0634312	0.996812	-0.36029	-0.471404	14.8569	
0.998693	-0.00171011	0.0510777	-0.0017161	0.997754	0.0669594	-0.0510775	-0.0669595	0.996447	-0.401387	-0.525273	15.6804	
0.998552	-0.00189474	0.0537542	-0.00190173	0.997511	0.0704876	-0.0537539	-0.0704877	0.996063	-0.444696	-0.582057	16.5036	
0.998404	-0.00208881	0.056429	-0.0020969	0.997255	0.0740155	-0.0564287	-0.0740158	0.995659	-0.490216	-0.641756	17.3264	
0.998249	-0.0022923	0.0591022	-0.00230161	0.996986	0.0775432	-0.0591018	-0.0775435	0.995236	-0.537945	-0.70437	18.1489	
0.998087	-0.00250523	0.0617736	-0.00251586	0.996705	0.0810706	-0.0617732	-0.0810709	0.994792	-0.587883	-0.769898	18.9711	
0.997918	-0.00272757	0.0644432	-0.00273965	0.996411	0.0845975	-0.0644427	-0.0845979	0.994329	-0.640027	-0.838342	19.7928	
0.997741	-0.00295933	0.0671109	-0.00297299	0.996105	0.0881239	-0.0671103	-0.0881243	0.993846	-0.694375	-0.909699	20.6142	
0.997558	-0.00320049	0.0697766	-0.00321586	0.995786	0.0916496	-0.0697759	-0.0916502	0.993344	-0.750927	-0.983969	21.4352	
0.997367	-0.00345105	0.0724404	-0.00346826	0.995455	0.0951747	-0.0724396	-0.0951753	0.992821	-0.809681	-1.06115	22.2557	
0.997169	-0.00371101	0.0751021	-0.0037302	0.99511	0.098699	-0.0751011	-0.0986997	0.992279	-0.870635	-1.14125	23.0758	
0.996964	-0.00398035	0.0777617	-0.00400168	0.994754	0.102222	-0.0777606	-0.102223	0.991718	-0.933787	-1.22426	23.8955	
0.996752	-0.00425906	0.080419	-0.00428268	0.994384	0.105745	-0.0804178	-0.105746	0.991136	-0.999135	-1.31018	24.7147	
0.996533	-0.00454715	0.0830742	-0.0045732	0.994002	0.109266	-0.0830727	-0.109268	0.990535	-1.06668	-1.399	25.5334	
0.996307	-0.00484459	0.085727	-0.00487325	0.993607	0.112787	-0.0857254	-0.112788	0.989914	-1.13641	-1.49074	26.3516	
0.996074	-0.00515138	0.0883774	-0.00518282	0.9932	0.116306	-0.0883756	-0.116307	0.989274	-1.20834	-1.58539	27.1692	
0.995834	-0.00546752	0.0910254	-0.0055019	0.99278	0.119824	-0.0910234	-0.119825	0.988613	-1.28246	-1.68294	27.9864	
0.995586	-0.00579299	0.093671	-0.00583049	0.992347	0.12334	-0.0936686	-0.123342	0.987934	-1.35876	-1.7834	28.8029	
0.995332	-0.00612778	0.0963139	-0.00616858	0.991902	0.126855	-0.0963113	-0.126857	0.987234	-1.43725	-1.88677	29.6189	
0.995071	-0.00647188	0.0989542	-0.00651618	0.991444	0.130369	-0.0989513	-0.130371	0.986515	-1.51791	-1.99304	30.4344	
0.994803	-0.00682528	0.101592	-0.00687327	0.990974	0.133881	-0.101589	-0.133883	0.985776	-1.60076	-2.10221	31.2492	
0.994528	-0.00718798	0.104227	-0.00723984	0.99049	0.137391	-0.104223	-0.137394	0.985018	-1.68579	-2.21428	32.0634	
0.994245	-0.00755995	0.106859	-0.0076159	0.989995	0.1409	-0.106855	-0.140903	0.98424	-1.773	-2.32926	32.8769	
0.993956	-0.00794119	0.109488	-0.00800144	0.989486	0.144406	-0.109484	-0.14441	0.983443	-1.86237	-2.44713	33.6898	
0.99366	-0.00833168	0.112115	-0.00839644	0.988965	0.147911	-0.11211	-0.147915	0.982625	-1.95392	-2.5679	34.5021	
0.993357	-0.00873142	0.114738	-0.00880091	0.988431	0.151413	-0.114733	-0.151417	0.981789	-2.04763	-2.69156	35.3137	
0.993048	-0.00914039	0.117358	-0.00921483	0.987885	0.154914	-0.117352	-0.154918	0.980933	-2.14352	-2.81812	36.1245	
0.992731	-0.00955858	0.119975	-0.0096382	0.987326	0.158412	-0.119969	-0.158417	0.980057	-2.24156	-2.94757	36.9347	
0.992407	-0.00998597	0.122589	-0.010071	0.986754	0.161908	-0.122582	-0.161914	0.979162	-2.34177	-3.07991	37.7441	
0.992077	-0.0104226	0.1252	-0.0105132	0.98617	0.165402	-0.125193	-0.165408	0.978247	-2.44413	-3.21513	38.5527	
0.991739	-0.0108683	0.127808	-0.0109649	0.985573	0.168893	-0.127799	-0.168899	0.977313	-2.54865	-3.35324	39.3607	
0.991395	-0.0113232	0.130412	-0.011426	0.984964	0.172382	-0.130403	-0.172389	0.976359	-2.65532	-3.49424	40.1678	
0.991044	-0.0117873	0.133013	-0.0118964	0.984342	0.175868	-0.133003	-0.175875	0.975386	-2.76414	-3.63812	40.9741	
0.990686	-0.0122605	0.13561	-0.0123763	0.983707	0.179351	-0.1356	-0.179359	0.974394	-2.87511	-3.78488	41.7796	
0.990322	-0.0127429	0.138204	-0.0128656	0.98306	0.182832	-0.138192	-0.18284	0.973382	-2.98822	-3.93452	42.5843	
0.98995	-0.0132343	0.140794	-0.0133642	0.9824	0.186309	-0.140782	-0.186319	0.972351	-3.10348	-4.08703	43.3882	
0.989572	-0.0137348	0.143381	-0.0138722	0.981728	0.189784	-0.143367	-0.189794	0.9713	-3.22087	-4.24241	44.1911	
0.989187	-0.0142444	0.145964	-0.0143895	0.981043	0.193256	-0.145949	-0.193267	0.97023	-3.34039	-4.40067	44.9932	
0.988796	-0.0147631	0.148543	-0.0149162	0.980345	0.196725	-0.148527	-0.196736	0.969141	-3.46205	-4.56179	45.7945	
0.988793	-0.014767	0.148562	-0.0152241	0.979935	0.198734	-0.148516	-0.198768	0.968728	-3.58477	-4.72518	46.5951	
0.98879	-0.0147704	0.148578	-0.0155327	0.97952	0.200746	-0.148501	-0.200804	0.968311	-3.70748	-4.89026	47.3953	
0.988788	-0.0147732	0.148592	-0.0158419	0.9791	0.202762	-0.148482	-0.202843	0.967888	-3.83017	-5.05702	48.1952	
0.988787	-0.0147755	0.148603	-0.0161517	0.978675	0.204781	-0.148459	-0.204885	0.967462	-3.95285	-5.22546	48.9948	
0.988785	-0.0147772	0.148611	-0.0164621	0.978244	0.206803	-0.148433	-0.20693	0.96703	-4.0755	-5.3956	49.794	
0.988785	-0.0147784	0.148616	-0.0167729	0.977809	0.208828	-0.148404	-0.208979	0.966594	-4.19813	-5.56742	50.5928	
0.988784	-0.0147791	0.148619	-0.0170843	0.977368	0.210856	-0.148372	-0.21103	0.966153	-4.32074	-5.74094	51.3913	
0.988784	-0.0147792	0.14862	-0.0173961	0.976922	0.212886	-0.148336	-0.213084	0.965708	-4.44332	-5.91616	52.1894	
0.988784	-0.0147789	0.148619	-0.0177084	0.976471	0.214919	-0.148298	-0.21514	0.965258	-4.56587	-6.09307	52.9871	
0.988785	-0.0147781	0.148615	-0.0180211	0.976015	0.216954	-0.148257	-0.217199	0.964803	-4.68839	-6.27168	53.7845	
0.988786	-0.0147768	0.148609	-0.0183342	0.975555	0.218991	-0.148213	-0.21926	0.964343	-4.81087	-6.452	54.5815	
0.988787	-0.0147751	0.148602	-0.0186476	0.975089	0.22103	-0.148166	-0.221323	0.963879	-4.93331	-6.63402	55.3781	
0.988788	-0.0147729	0.148592	-0.0189613	0.974618	0.223071	-0.148116	-0.223388	0.96341	-5.05571	-6.81774	56.1743	
0.98879	-0.0147704	0.148581	-0.0192753	0.974142	0.225113	-0.148064	-0.225454	0.962937	-5.17808	-7.00317	56.9702	
0.988792	-0.0147674	0.148569	-0.0195896	0.973661	0.227157	-0.14801	-0.227522	0.962459	-5.30039	-7.19031	57.7656	
0.988794	-0.014764	0.148554	-0.0199041	0.973175	0.229202	-0.147953	-0.229591	0.961976	-5.42266	-7.37916	58.5607	
0.988796	-0.0147602	0.148539	-0.0202188	0.972685	0.231248	-0.147895	-0.231661	0.961489	-5.54489	-7.56971	59.3553	
0.988799	-0.0147561	0.148522	-0.0205337	0.972189	0.233296	-0.147834	-0.233732	0.960997	-5.66706	-7.76198	60.1495	
0.988802	-0.0147517	0.148504	-0.0208488	0.971689	0.235343	-0.147771	-0.235804	0.9605	-5.78919	-7.95596	60.9434	
0.988805	-0.0147469	0.148484	-0.0211639	0.971183	0.237392	-0.147706	-0.237877	0.959999	-5.91126	-8.15166	61.7368	
0.988808	-0.0147418	0.148464	-0.0214792	0.970673	0.239441	-0.14764	-0.23995	0.959493	-6.03327	-8.34906	62.5298	
0.988811	-0.0147365	0.148443	-0.0217945	0.970159	0.24149	-0.147572	-0.242023	0.958983	-6.15524	-8.54818	63.3224	
0.988815	-0.0147309	0.148421	-0.0221098	0.969639	0.243539	-0.147502	-0.244096	0.958468	-6.27714	-8.74901	64.1145	
0.988818	-0.0147251	0.148398	-0.0224252	0.969115	0.245588	-0.147431	-0.24617	0.957948	-6.39899	-8.95155	64.9063	
0.988822	-0.014719	0.148374	-0.0227405	0.968586	0.247637	-0.147358	-0.248243	0.957424	-6.52077	-9.15581	65.6976	
0.988825	-0.0147127	0.14835	-0.0230558	0.968053	0.249685	-0.147284	-0.250315	0.956896	-6.6425	-9.36178	66.4884	
0.988829	-0.0147063	0.148326	-0.023371	0.967515	0.251733	-0.147209	-0.252387	0.956363	-6.76416	-9.56946	67.2789	
0.988833	-0.0146998	0.148301	-0.0236861	0.966972	0.25378	-0.147134	-0.254459	0.955826	-6.88577	-9.77886	68.0688	
0.988837	-0.0146931	0.148276	-0.0240011	0.966425	0.255826	-0.147057	-0.256529	0.955284	-7.0073	-9.98996	68.8584	
0.988841	-0.0146863	0.148251	-0.0243159	0.965873	0.257871	-0.146979	-0.258598	0.954738	-7.12878	-10.2028	69.6475	
0.988845	-0.0146795	0.148226	-0.0246305	0.965317	0.259915	-0.1469	-0.260666	0.954187	-7.25019	-10.4173	70.4361	
0.991352	-0.0100284	0.130846	-0.0232732	0.967835	0.250507	-0.12915	-0.251385	0.959232	-7.36424	-10.6289	71.2266	
0.993536	-0.00554697	0.113378	-0.0220906	0.970261	0.24105	-0.111344	-0.241997	0.963867	-7.4636	-10.8327	72.0212	
0.995397	-0.001237	0.09583	-0.0210835	0.972594	0.231551	-0.0934901	-0.232505	0.968091	-7.54822	-11.0287	72.8193	
0.996933	0.00289964	0.0782087	-0.020252	0.974834	0.222012	-0.0755967	-0.222915	0.971902	-7.61808	-11.2169	73.6208	
0.998143	0.00686119	0.060522	-0.0195968	0.976978	0.212437	-0.0576711	-0.213229	0.975299	-7.67314	-11.3971	74.4253	
0.999028	0.010646	0.0427774	-0.0191179	0.979027	0.202831	-0.0397209	-0.203452	0.978279	-7.71338	-11.5692	75.2324	
0.999586	0.0142523	0.0249825	-0.0188156	0.980979	0.193198	-0.0217538	-0.193588	0.980842	-7.73878	-11.7333	76.0418	
0.999818	0.0176788	0.00714475	-0.0186901	0.982834	0.183542	-0.00377731	-0.183642	0.982986	-7.74932	-11.8891	76.8532	
0.999724	0.0209238	-0.0107281	-0.0187413	0.984591	0.173867	0.0142007	-0.173617	0.984711	-7.74502	-12.0367	77.6661	
0.999302	0.0239861	-0.0286285	-0.0189693	0.986249	0.164176	0.0321727	-0.163519	0.986015	-7.72586	-12.176	78.4803	
0.998555	0.0268642	-0.0465487	-0.019374	0.987807	0.154475	0.050131	-0.15335	0.986899	-7.69186	-12.3069	79.2954	
0.997481	0.0295571	-0.0644812	-0.0199552	0.989264	0.144768	0.0680679	-0.143116	0.987362	-7.64302	-12.4294	80.1111	
