1	0	0	0	1	0	0	0	1	0	0	0	
1	-9.78584e-07	-0.000949655	-9.78584e-07	0.999998	-0.00206092	0.000949655	0.00206092	0.999997	0.000503126	0.00109187	1.0596	
0.999998	-3.9259e-06	-0.00190195	-3.9272e-06	0.999991	-0.00412895	0.00190195	0.00412895	0.99999	0.0020139	0.00437126	2.11918	
0.999996	-8.85933e-06	-0.00285683	-8.86458e-06	0.999981	-0.00620398	0.00285683	0.00620398	0.999977	0.00453509	0.00984562	3.17876	
0.999993	-1.57959e-05	-0.00381424	-1.58091e-05	0.999966	-0.00828588	0.00381424	0.00828588	0.999958	0.00806942	0.0175223	4.23833	
0.999989	-2.47523e-05	-0.00477412	-2.47787e-05	0.999946	-0.0103746	0.00477412	0.0103746	0.999935	0.0126195	0.0274086	5.29787	
0.999984	-3.57448e-05	-0.00573642	-3.57911e-05	0.999922	-0.0124699	0.00573642	0.0124699	0.999906	0.018188	0.0395115	6.35738	
0.999978	-4.87893e-05	-0.00670109	-4.88637e-05	0.999894	-0.0145718	0.00670108	0.0145718	0.999871	0.0247774	0.0538382	7.41686	
0.999971	-6.39013e-05	-0.00766805	-6.40132e-05	0.999861	-0.0166801	0.00766805	0.0166801	0.999831	0.0323901	0.0703953	8.47629	
0.999963	-8.1096e-05	-0.00863727	-8.12564e-05	0.999823	-0.0187947	0.00863727	0.0187947	0.999786	0.0410286	0.0891898	9.53569	
0.999954	-0.000100388	-0.00960869	-0.000100609	0.999781	-0.0209155	0.00960868	0.0209155	0.999735	0.0506953	0.110228	10.595	
0.999944	-0.000121792	-0.0105822	-0.000122088	0.999734	-0.0230425	0.0105822	0.0230425	0.999678	0.0613924	0.133517	11.6543	
0.999933	-0.000145322	-0.0115579	-0.000145708	0.999683	-0.0251754	0.0115579	0.0251754	0.999616	0.0731222	0.159063	12.7135	
0.999921	-0.000170991	-0.0125355	-0.000171483	0.999627	-0.0273141	0.0125355	0.0273141	0.999548	0.0858868	0.186872	13.7727	
0.999909	-0.000198813	-0.0135152	-0.00019943	0.999566	-0.0294586	0.0135152	0.0294586	0.999475	0.0996884	0.21695	14.8318	
0.999895	-0.0002288	-0.0144967	-0.000229561	0.9995	-0.0316088	0.0144967	0.0316088	0.999395	0.114529	0.249303	15.8908	
0.99988	-0.000260965	-0.0154801	-0.000261892	0.99943	-0.0337644	0.0154801	0.0337644	0.99931	0.130411	0.283938	16.9497	
0.999864	-0.00029532	-0.0164653	-0.000296435	0.999354	-0.0359255	0.0164653	0.0359255	0.999219	0.147335	0.320859	18.0085	
0.999848	-0.000331876	-0.0174523	-0.000333204	0.999274	-0.0380918	0.0174522	0.0380918	0.999122	0.165305	0.360074	19.0672	
0.99983	-0.000370645	-0.0184409	-0.000372211	0.999189	-0.0402633	0.0184409	0.0402633	0.999019	0.184321	0.401586	20.1258	
0.999811	-0.000411637	-0.0194312	-0.000413469	0.999099	-0.0424398	0.0194312	0.0424398	0.99891	0.204385	0.445402	21.1843	
0.999791	-0.000454862	-0.0204231	-0.00045699	0.999004	-0.0446213	0.020423	0.0446213	0.998795	0.2255	0.491527	22.2427	
0.999771	-0.000500332	-0.0214164	-0.000502784	0.998904	-0.0468076	0.0214164	0.0468076	0.998674	0.247667	0.539966	23.301	
0.999749	-0.000548054	-0.0224113	-0.000550864	0.998799	-0.0489986	0.0224112	0.0489986	0.998547	0.270886	0.590724	24.3591	
0.999726	-0.000598039	-0.0234075	-0.000601239	0.998689	-0.0511942	0.0234074	0.0511942	0.998414	0.295161	0.643806	25.4171	
0.999702	-0.000650294	-0.0244051	-0.000653921	0.998573	-0.0533942	0.024405	0.0533942	0.998275	0.320492	0.699216	26.4749	
0.999677	-0.000704829	-0.025404	-0.000708919	0.998453	-0.0555986	0.0254039	0.0555986	0.99813	0.346881	0.756961	27.5326	
0.999651	-0.000761651	-0.0264042	-0.000766242	0.998327	-0.0578072	0.0264041	0.0578072	0.997979	0.374328	0.817043	28.5901	
0.999624	-0.000820767	-0.0274055	-0.0008259	0.998197	-0.0600199	0.0274054	0.06002	0.997821	0.402837	0.879468	29.6475	
0.999596	-0.000882185	-0.028408	-0.000887901	0.998061	-0.0622366	0.0284078	0.0622367	0.997657	0.432406	0.944239	30.7047	
0.999567	-0.000945911	-0.0294115	-0.000952253	0.99792	-0.0644572	0.0294113	0.0644573	0.997487	0.463039	1.01136	31.7617	
0.999537	-0.00101195	-0.0304161	-0.00101896	0.997774	-0.0666815	0.0304158	0.0666816	0.997311	0.494735	1.08084	32.8186	
0.999506	-0.00108031	-0.0314216	-0.00108804	0.997622	-0.0689095	0.0314213	0.0689096	0.997128	0.527496	1.15267	33.8752	
0.999473	-0.001151	-0.032428	-0.00115949	0.997466	-0.0711409	0.0324277	0.0711411	0.996939	0.561323	1.22687	34.9317	
0.99944	-0.00122401	-0.0334353	-0.00123332	0.997304	-0.0733758	0.033435	0.073376	0.996744	0.596217	1.30344	35.9879	
0.999406	-0.00129936	-0.0344434	-0.00130954	0.997136	-0.075614	0.034443	0.0756141	0.996542	0.632179	1.38237	37.044	
0.99937	-0.00137705	-0.0354522	-0.00138815	0.996964	-0.0778553	0.0354517	0.0778555	0.996334	0.669209	1.46368	38.0998	
0.999334	-0.00145708	-0.0364617	-0.00146915	0.996786	-0.0800996	0.0364612	0.0800998	0.99612	0.707308	1.54736	39.1554	
0.999296	-0.00153945	-0.0374718	-0.00155256	0.996603	-0.0823469	0.0374713	0.0823471	0.995899	0.746478	1.63343	40.2108	
0.999258	-0.00162417	-0.0384825	-0.00163837	0.996414	-0.0845969	0.0384819	0.0845972	0.995672	0.786718	1.72188	41.2659	
0.999218	-0.00171125	-0.0394937	-0.00172659	0.99622	-0.0868497	0.039493	0.08685	0.995438	0.828029	1.81271	42.3208	
0.999178	-0.00180067	-0.0405054	-0.00181722	0.996021	-0.0891049	0.0405047	0.0891053	0.995198	0.870411	1.90593	43.3754	
0.999136	-0.00189245	-0.0415175	-0.00191027	0.995816	-0.0913627	0.0415167	0.091363	0.994952	0.913866	2.00154	44.4298	
0.999093	-0.00198658	-0.0425299	-0.00200574	0.995606	-0.0936227	0.042529	0.0936231	0.994699	0.958393	2.09955	45.4839	
0.999049	-0.00208306	-0.0435427	-0.00210363	0.99539	-0.095885	0.0435417	0.0958854	0.99444	1.00399	2.19995	46.5377	
0.999005	-0.0021819	-0.0445556	-0.00220394	0.995169	-0.0981493	0.0445545	0.0981498	0.994174	1.05067	2.30275	47.5913	
0.998959	-0.0022831	-0.0455688	-0.00230667	0.994943	-0.100416	0.0455676	0.100416	0.993902	1.09841	2.40795	48.6446	
0.998912	-0.00238664	-0.0465821	-0.00241183	0.994711	-0.102684	0.0465808	0.102684	0.993623	1.14723	2.51555	49.6976	
0.998864	-0.00249254	-0.0475955	-0.00251941	0.994474	-0.104954	0.0475941	0.104954	0.993338	1.19713	2.62556	50.7503	
0.998815	-0.00260079	-0.0486089	-0.00262942	0.994231	-0.107225	0.0486073	0.107226	0.993046	1.24809	2.73797	51.8026	
0.998764	-0.00271139	-0.0496223	-0.00274185	0.993983	-0.109498	0.0496206	0.109499	0.992748	1.30014	2.85279	52.8547	
0.998713	-0.00282433	-0.0506355	-0.0028567	0.99373	-0.111772	0.0506337	0.111773	0.992443	1.35325	2.97002	53.9065	
0.998661	-0.00293961	-0.0516487	-0.00297397	0.993471	-0.114048	0.0516467	0.114049	0.992132	1.40744	3.08966	54.9579	
0.998608	-0.00305724	-0.0526616	-0.00309367	0.993206	-0.116324	0.0526595	0.116325	0.991814	1.4627	3.21171	56.009	
0.998553	-0.00317719	-0.0536744	-0.00321578	0.992937	-0.118602	0.0536721	0.118603	0.99149	1.51903	3.33617	57.0597	
0.998498	-0.00329948	-0.0546868	-0.0033403	0.992661	-0.12088	0.0546843	0.120882	0.99116	1.57644	3.46305	58.1101	
0.998442	-0.0034241	-0.0556988	-0.00346724	0.992381	-0.12316	0.0556961	0.123161	0.990823	1.63492	3.59235	59.1602	
0.998384	-0.00355103	-0.0567105	-0.00359658	0.992095	-0.12544	0.0567076	0.125441	0.990479	1.69447	3.72405	60.2099	
0.998326	-0.00368028	-0.0577216	-0.00372833	0.991803	-0.12772	0.0577186	0.127721	0.990129	1.75509	3.85818	61.2592	
0.998266	-0.00381184	-0.0587323	-0.00386247	0.991506	-0.130001	0.058729	0.130002	0.989773	1.81679	3.99472	62.3082	
0.998206	-0.0039457	-0.0597424	-0.00399901	0.991204	-0.132282	0.0597389	0.132283	0.98941	1.87955	4.13368	63.3567	
0.998145	-0.00408186	-0.0607519	-0.00413794	0.990896	-0.134563	0.0607481	0.134565	0.989041	1.94339	4.27505	64.4049	
0.998082	-0.0042203	-0.0617607	-0.00427925	0.990583	-0.136844	0.0617567	0.136846	0.988665	2.00829	4.41885	65.4527	
0.998019	-0.00436103	-0.0627688	-0.00442293	0.990265	-0.139125	0.0627645	0.139127	0.988283	2.07426	4.56506	66.5001	
0.997954	-0.00450402	-0.0637761	-0.00456898	0.989941	-0.141406	0.0637715	0.141409	0.987895	2.1413	4.71369	67.547	
0.997889	-0.00464928	-0.0647826	-0.0047174	0.989612	-0.143687	0.0647776	0.143689	0.9875	2.2094	4.86473	68.5936	
0.998031	-0.00432258	-0.0625718	-0.00500034	0.988963	-0.148076	0.0625213	0.148097	0.986995	2.27685	5.01932	69.6397	
0.998169	-0.00398593	-0.0603617	-0.00527327	0.988295	-0.152462	0.0602629	0.152502	0.986464	2.3419	5.17857	70.6852	
0.999258	-0.000447924	-0.0385203	-0.00598728	0.985976	-0.166781	0.0380548	0.166888	0.985241	2.39399	5.3478	71.7299	
0.999855	0.00340753	-0.0167137	-0.00637853	0.983448	-0.181078	0.01582	0.181158	0.983327	2.42253	5.5322	72.7729	
0.999959	0.00757771	0.00504288	-0.00644675	0.980714	-0.195341	-0.00642586	0.195301	0.980722	2.42751	5.73166	73.8135	
0.99957	0.0120597	0.0267341	-0.0061919	0.977776	-0.209562	-0.0286672	0.209306	0.97743	2.40892	5.94603	74.851	
0.998689	0.0168504	0.0483448	-0.00561414	0.974635	-0.223729	-0.0508885	0.223165	0.973452	2.36677	6.17517	75.8846	
0.997315	0.0219463	0.0698598	-0.0047139	0.971294	-0.237835	-0.073074	0.236867	0.96879	2.30109	6.41891	76.9137	
0.995451	0.027344	0.091264	-0.00349179	0.967756	-0.251867	-0.0952083	0.250403	0.963449	2.21193	6.67708	77.9374	
0.993097	0.0330396	0.112542	-0.00194868	0.964022	-0.265817	-0.117276	0.263763	0.957432	2.09935	6.94949	78.9552	
0.990256	0.0390292	0.13368	-8.56409e-05	0.960095	-0.279675	-0.139261	0.276938	0.950743	1.96342	7.23597	79.9662	
0.986928	0.0453085	0.154662	0.00209601	0.955978	-0.29343	-0.161148	0.289919	0.943387	1.80426	7.53631	80.9697	
0.983117	0.0518731	0.175474	0.00459474	0.951675	-0.307074	-0.182923	0.302696	0.935369	1.62196	7.8503	81.9652	
0.978824	0.0587185	0.196101	0.0074088	0.947187	-0.320597	-0.204569	0.315261	0.926694	1.41666	8.17771	82.9517	
0.974054	0.0658397	0.216528	0.0105362	0.942518	-0.333989	-0.226071	0.327605	0.91737	1.18849	8.51832	83.9288	
0.968809	0.0732319	0.236742	0.0139748	0.937672	-0.347241	-0.247415	0.339718	0.907401	0.937623	8.87188	84.8956	
0.963093	0.0808899	0.256728	0.0177221	0.932651	-0.360343	-0.268586	0.351594	0.896796	0.664231	9.23816	85.8515	
0.95691	0.0888082	0.276472	0.0217756	0.92746	-0.373287	-0.289567	0.363223	0.885562	0.368506	9.61689	86.7959	
0.950264	0.0969813	0.29596	0.0261323	0.922102	-0.386064	-0.310346	0.374597	0.873706	0.0506544	10.0078	87.728	
0.943161	0.105404	0.315178	0.0307892	0.91658	-0.398663	-0.330907	0.385708	0.861238	-0.2891	10.4106	88.6472	
0.935605	0.114069	0.334114	0.0357431	0.910899	-0.411077	-0.351235	0.396548	0.848165	-0.650519	10.8251	89.5529	
0.927601	0.122971	0.352754	0.0409905	0.905063	-0.423297	-0.371318	0.40711	0.834496	-1.03335	11.2509	90.4444	
0.919155	0.132105	0.371084	0.0465276	0.899075	-0.435314	-0.391139	0.417387	0.820243	-1.43732	11.6877	91.3211	
0.910272	0.141462	0.389092	0.0523507	0.892941	-0.44712	-0.410687	0.427371	0.805414	-1.86215	12.1353	92.1825	
0.90096	0.151038	0.406765	0.0584556	0.886663	-0.458707	-0.429946	0.437054	0.790019	-2.30754	12.5933	93.0278	
0.891225	0.160825	0.424091	0.064838	0.880247	-0.470066	-0.448903	0.446431	0.77407	-2.77318	13.0614	93.8565	
0.881073	0.170816	0.441058	0.0714935	0.873697	-0.481189	-0.467545	0.455495	0.757579	-3.25874	13.5393	94.668	
0.870512	0.181004	0.457653	0.0784173	0.867017	-0.492069	-0.48586	0.46424	0.740555	-3.76388	14.0266	95.4617	
0.859549	0.191382	0.473866	0.0856047	0.860213	-0.502697	-0.503833	0.472658	0.723012	-4.28825	14.523	96.2372	
0.848191	0.201944	0.489684	0.0930506	0.85329	-0.513068	-0.521453	0.480745	0.704962	-4.83148	15.0281	96.9938	
0.836447	0.21268	0.505097	0.10075	0.846251	-0.523172	-0.538707	0.488494	0.686417	-5.39318	15.5417	97.7309	
0.824325	0.223585	0.520094	0.108697	0.839102	-0.533004	-0.555583	0.495901	0.66739	-5.97297	16.0632	98.4482	
0.811834	0.23465	0.534664	0.116886	0.831848	-0.542556	-0.572069	0.50296	0.647895	-6.57043	16.5924	99.1451	
0.798982	0.245867	0.548797	0.125312	0.824494	-0.551821	-0.588154	0.509666	0.627946	-7.18515	17.129	99.8211	
