1	0	0	0	1	0	0	0	1	0	0	0	
1	7.04014e-08	5.57902e-05	7.04014e-08	0.999997	-0.00252379	-5.57902e-05	0.00252379	0.999997	-2.66976e-05	0.00120772	0.95707	
1	2.82688e-07	0.000111803	2.82598e-07	0.999987	-0.00505605	-0.000111803	0.00505605	0.999987	-0.000106897	0.00483494	1.91413	
1	6.3845e-07	0.000168037	6.38089e-07	0.999971	-0.00759667	-0.000168037	0.00759667	0.999971	-0.000240811	0.0108897	2.87118	
1	1.13926e-06	0.000224489	1.13836e-06	0.999949	-0.0101455	-0.000224489	0.0101455	0.999949	-0.000428648	0.01938	3.82822	
1	1.78668e-06	0.000281157	1.78487e-06	0.999919	-0.0127025	-0.000281157	0.0127025	0.999919	-0.000670618	0.0303136	4.78523	
1	2.58226e-06	0.000338039	2.57907e-06	0.999883	-0.0152675	-0.000338039	0.0152675	0.999883	-0.000966926	0.0436983	5.7422	
1	3.52751e-06	0.000395132	3.52239e-06	0.999841	-0.0178405	-0.000395132	0.0178405	0.999841	-0.00131777	0.0595416	6.69914	
1	4.62394e-06	0.000452434	4.61625e-06	0.999791	-0.0204211	-0.000452434	0.0204211	0.999791	-0.00172336	0.0778512	7.65604	
1	5.87306e-06	0.000509943	5.86204e-06	0.999735	-0.0230095	-0.000509943	0.0230095	0.999735	-0.0021839	0.0986343	8.61288	
1	7.27634e-06	0.000567656	7.26114e-06	0.999672	-0.0256054	-0.000567657	0.0256054	0.999672	-0.00269957	0.121898	9.56967	
1	8.83524e-06	0.000625572	8.8149e-06	0.999602	-0.0282088	-0.000625572	0.0282088	0.999602	-0.00327057	0.14765	10.5264	
1	1.05512e-05	0.000683686	1.05247e-05	0.999525	-0.0308195	-0.000683687	0.0308195	0.999525	-0.0038971	0.175897	11.483	
1	1.24256e-05	0.000741998	1.23918e-05	0.999441	-0.0334374	-0.000741999	0.0334374	0.999441	-0.00457934	0.206647	12.4396	
1	1.446e-05	0.000800505	1.44175e-05	0.99935	-0.0360623	-0.000800505	0.0360623	0.999349	-0.00531748	0.239905	13.3961	
1	1.66556e-05	0.000859204	1.66032e-05	0.999251	-0.0386943	-0.000859205	0.0386943	0.999251	-0.00611171	0.275678	14.3525	
1	1.90138e-05	0.000918092	1.895e-05	0.999145	-0.0413331	-0.000918094	0.0413331	0.999145	-0.00696221	0.313974	15.3088	
1	2.1536e-05	0.000977169	2.14593e-05	0.999032	-0.0439786	-0.00097717	0.0439786	0.999032	-0.00786916	0.354799	16.265	
0.999999	2.42236e-05	0.00103643	2.41322e-05	0.998912	-0.0466307	-0.00103643	0.0466307	0.998912	-0.00883274	0.398159	17.2211	
0.999999	2.70778e-05	0.00109587	2.697e-05	0.998785	-0.0492894	-0.00109588	0.0492894	0.998784	-0.00985313	0.44406	18.1771	
0.999999	3.01e-05	0.0011555	2.99738e-05	0.998649	-0.0519544	-0.0011555	0.0519544	0.998649	-0.0109305	0.492509	19.1329	
0.999999	3.32914e-05	0.0012153	3.31449e-05	0.998507	-0.0546256	-0.0012153	0.0546256	0.998506	-0.012065	0.543511	20.0886	
0.999999	3.66532e-05	0.00127528	3.64843e-05	0.998357	-0.0573031	-0.00127528	0.0573031	0.998356	-0.0132568	0.597073	21.0442	
0.999999	4.01867e-05	0.00133543	3.99932e-05	0.998199	-0.0599865	-0.00133543	0.0599865	0.998198	-0.0145062	0.6532	21.9996	
0.999999	4.38932e-05	0.00139575	4.36727e-05	0.998034	-0.0626759	-0.00139575	0.0626759	0.998033	-0.0158131	0.711898	22.9549	
0.999999	4.77738e-05	0.00145623	4.75238e-05	0.997861	-0.065371	-0.00145624	0.065371	0.99786	-0.0171779	0.773173	23.91	
0.999999	5.18296e-05	0.00151688	5.15477e-05	0.99768	-0.0680718	-0.00151689	0.0680718	0.997679	-0.0186007	0.837031	24.8649	
0.999999	5.60619e-05	0.0015777	5.57454e-05	0.997492	-0.0707781	-0.00157771	0.0707781	0.997491	-0.0200815	0.903475	25.8197	
0.999999	6.04718e-05	0.00163867	6.01179e-05	0.997296	-0.0734899	-0.00163869	0.0734899	0.997295	-0.0216207	0.972513	26.7743	
0.999999	6.50603e-05	0.00169981	6.46662e-05	0.997092	-0.076207	-0.00169982	0.076207	0.997091	-0.0232183	1.04415	27.7286	
0.999998	6.98287e-05	0.00176109	6.93912e-05	0.99688	-0.0789293	-0.00176111	0.0789293	0.996879	-0.0248745	1.11839	28.6828	
0.999998	7.47779e-05	0.00182253	7.4294e-05	0.996661	-0.0816566	-0.00182255	0.0816566	0.996659	-0.0265894	1.19523	29.6368	
0.999998	7.99089e-05	0.00188412	7.93754e-05	0.996433	-0.0843889	-0.00188415	0.0843889	0.996431	-0.0283632	1.27469	30.5906	
0.999998	8.52229e-05	0.00194586	8.46364e-05	0.996197	-0.087126	-0.00194589	0.087126	0.996195	-0.030196	1.35677	31.5441	
0.999998	9.07209e-05	0.00200774	9.00779e-05	0.995954	-0.0898678	-0.00200777	0.0898678	0.995952	-0.032088	1.44146	32.4974	
0.999998	9.64037e-05	0.00206977	9.57007e-05	0.995702	-0.0926142	-0.0020698	0.0926142	0.9957	-0.0340392	1.52879	33.4505	
0.999998	0.000102272	0.00213193	0.000101506	0.995442	-0.0953651	-0.00213197	0.0953651	0.99544	-0.0360499	1.61874	34.4033	
0.999998	0.000108328	0.00219423	0.000107494	0.995175	-0.0981203	-0.00219427	0.0981203	0.995172	-0.0381202	1.71133	35.3559	
0.999997	0.000114571	0.00225666	0.000113665	0.994899	-0.10088	-0.00225671	0.10088	0.994896	-0.0402501	1.80656	36.3082	
0.999997	0.000121003	0.00231923	0.000120022	0.994615	-0.103643	-0.00231928	0.103643	0.994612	-0.0424399	1.90443	37.2603	
0.999997	0.000127624	0.00238193	0.000126563	0.994322	-0.106411	-0.00238198	0.106411	0.994319	-0.0446896	2.00495	38.2121	
0.999997	0.000134436	0.00244475	0.000133291	0.994022	-0.109182	-0.00244481	0.109182	0.994019	-0.0469994	2.10812	39.1636	
0.999997	0.000141439	0.00250769	0.000140205	0.993713	-0.111957	-0.00250776	0.111957	0.99371	-0.0493694	2.21394	40.1148	
0.999997	0.000148634	0.00257076	0.000147307	0.993396	-0.114736	-0.00257084	0.114736	0.993393	-0.0517997	2.32242	41.0657	
0.999997	0.000156021	0.00263395	0.000154597	0.993071	-0.117518	-0.00263403	0.117518	0.993067	-0.0542904	2.43357	42.0162	
0.999996	0.000163602	0.00269725	0.000162076	0.992737	-0.120304	-0.00269734	0.120304	0.992733	-0.0568417	2.54737	42.9665	
0.999996	0.000171377	0.00276066	0.000169744	0.992395	-0.123093	-0.00276076	0.123093	0.992391	-0.0594535	2.66385	43.9165	
0.999996	0.000179348	0.00282419	0.000177602	0.992045	-0.125885	-0.0028243	0.125885	0.992041	-0.0621262	2.78299	44.8661	
0.999996	0.000187513	0.00288782	0.00018565	0.991686	-0.12868	-0.00288794	0.12868	0.991682	-0.0648597	2.90481	45.8154	
0.999996	0.000195875	0.00295156	0.00019389	0.991319	-0.131478	-0.00295169	0.131478	0.991315	-0.0676542	3.0293	46.7643	
0.999995	0.000204434	0.0030154	0.000202321	0.990944	-0.134278	-0.00301554	0.134278	0.990939	-0.0705097	3.15648	47.7129	
0.999995	0.000213191	0.00307934	0.000210944	0.99056	-0.137082	-0.00307949	0.137082	0.990555	-0.0734264	3.28633	48.6611	
0.999995	0.000222145	0.00314337	0.000219759	0.990167	-0.139888	-0.00314354	0.139888	0.990162	-0.0764043	3.41887	49.609	
0.999995	0.000231299	0.00320751	0.000228768	0.989767	-0.142696	-0.00320769	0.142696	0.989761	-0.0794436	3.5541	50.5564	
0.999995	0.000240651	0.00327173	0.00023797	0.989357	-0.145506	-0.00327193	0.145506	0.989352	-0.0825444	3.69201	51.5035	
0.999994	0.000250203	0.00333604	0.000247365	0.98894	-0.148319	-0.00333626	0.148319	0.988934	-0.0857066	3.83262	52.4502	
0.999994	0.000259955	0.00340044	0.000256955	0.988513	-0.151134	-0.00340067	0.151134	0.988507	-0.0889305	3.97592	53.3964	
0.999994	0.000269908	0.00346493	0.000266739	0.988078	-0.153951	-0.00346517	0.153951	0.988072	-0.092216	4.12191	54.3423	
0.999994	0.000280062	0.00352949	0.000276718	0.987635	-0.156769	-0.00352975	0.156769	0.987629	-0.0955633	4.2706	55.2878	
0.999993	0.000290418	0.00359413	0.000286892	0.987183	-0.159589	-0.00359441	0.159589	0.987177	-0.0989725	4.42199	56.2328	
0.999993	0.000300975	0.00365885	0.000297261	0.986723	-0.162411	-0.00365915	0.162411	0.986716	-0.102444	4.57608	57.1773	
0.999993	0.000311735	0.00372364	0.000307826	0.986254	-0.165234	-0.00372397	0.165234	0.986247	-0.105977	4.73287	58.1215	
0.999993	0.000322697	0.0037885	0.000318587	0.985777	-0.168059	-0.00378885	0.168059	0.98577	-0.109572	4.89237	59.0652	
1	-0.000226703	0.000605307	0.000327493	0.98508	-0.172098	-0.00055726	0.172098	0.98508	-0.111652	5.05514	60.0083	
0.999996	-0.000788921	-0.00257431	0.000323151	0.984365	-0.176139	0.00267302	0.176138	0.984362	-0.110639	5.22179	60.9507	
0.999983	-0.00136396	-0.00575031	0.000305534	0.983633	-0.180182	0.00590196	0.180177	0.983616	-0.106536	5.3923	61.8925	
0.999958	-0.00195181	-0.00892269	0.000274616	0.982884	-0.184227	0.00912954	0.184217	0.982843	-0.0993426	5.56667	62.8335	
0.999924	-0.00255249	-0.0120914	0.000230377	0.982117	-0.188273	0.0123557	0.188256	0.982042	-0.0890611	5.74491	63.7738	
0.999879	-0.00316599	-0.0152564	0.000172801	0.981332	-0.192319	0.0155805	0.192293	0.981214	-0.0756926	5.92702	64.7133	
0.999823	-0.0037923	-0.0184178	0.000101877	0.980531	-0.196365	0.0188039	0.196329	0.980358	-0.0592384	6.11299	65.652	
0.999757	-0.00443144	-0.0215754	1.75952e-05	0.979712	-0.200411	0.0220258	0.200362	0.979474	-0.0396999	6.30282	66.5898	
0.999681	-0.00508338	-0.0247292	-8.00467e-05	0.978876	-0.204455	0.0252462	0.204392	0.978564	-0.0170785	6.49651	67.5268	
0.999595	-0.00574814	-0.0278793	-0.000191049	0.978023	-0.208498	0.0284651	0.208419	0.977625	0.00862427	6.69406	68.4629	
0.999498	-0.0064257	-0.0310256	-0.000315407	0.977153	-0.212538	0.0316825	0.212442	0.97666	0.0374071	6.89545	69.3981	
0.999391	-0.00711606	-0.0341681	-0.000453113	0.976266	-0.216576	0.0348983	0.21646	0.975668	0.0692684	7.1007	70.3324	
0.999273	-0.00781922	-0.0373067	-0.000604154	0.975362	-0.220611	0.0381126	0.220473	0.974648	0.104207	7.30979	71.2657	
0.998171	-0.0128408	-0.0590743	-0.00102292	0.973454	-0.228881	0.0604451	0.228523	0.97166	0.151372	7.52466	72.1971	
0.99657	-0.018041	-0.0807688	-0.00163133	0.971478	-0.237123	0.0827431	0.236441	0.968116	0.219896	7.74717	73.1254	
0.99447	-0.0234168	-0.102378	-0.00242901	0.969436	-0.245333	0.104994	0.244225	0.964018	0.309739	7.9772	74.05	
0.991873	-0.0289651	-0.123889	-0.00341553	0.967328	-0.253505	0.127184	0.251868	0.959368	0.42085	8.2146	74.9705	
0.988781	-0.0346827	-0.14529	-0.00459031	0.965156	-0.261636	0.149302	0.259367	0.954169	0.553165	8.45926	75.8862	
0.985195	-0.0405665	-0.166569	-0.00595268	0.962921	-0.26972	0.171334	0.266718	0.948423	0.706607	8.71102	76.7967	
0.981117	-0.0466129	-0.187713	-0.00750186	0.960623	-0.277752	0.193268	0.273916	0.942135	0.881091	8.96975	77.7014	
0.97655	-0.0528187	-0.20871	-0.00923697	0.958266	-0.28573	0.215092	0.280957	0.935307	1.07651	9.23529	78.5999	
0.971496	-0.0591801	-0.229549	-0.011157	0.955849	-0.293647	0.236792	0.287838	0.927943	1.29277	9.50749	79.4916	
0.965959	-0.0656936	-0.250217	-0.0132609	0.953374	-0.301499	0.258357	0.294553	0.920049	1.52972	9.7862	80.376	
0.95994	-0.0723554	-0.270702	-0.0155474	0.950843	-0.309281	0.279774	0.3011	0.911628	1.78725	10.0713	81.2525	
0.953444	-0.0791617	-0.290994	-0.0180152	0.948258	-0.31699	0.30103	0.307475	0.902685	2.0652	10.3625	82.1208	
0.946475	-0.0861086	-0.311079	-0.0206629	0.945618	-0.324621	0.322115	0.313674	0.893225	2.36341	10.6597	82.9802	
0.939036	-0.0931922	-0.330947	-0.023489	0.942927	-0.332169	0.343015	0.319693	0.883254	2.68171	10.9628	83.8304	
0.931132	-0.100408	-0.350587	-0.0264919	0.940186	-0.339631	0.363719	0.325529	0.872777	3.01993	11.2716	84.6707	
0.922767	-0.107753	-0.369986	-0.0296699	0.937395	-0.347001	0.384214	0.331178	0.861801	3.37786	11.5859	85.5008	
0.913946	-0.115222	-0.389135	-0.033021	0.934558	-0.354276	0.404489	0.336638	0.850331	3.7553	11.9055	86.3202	
0.904675	-0.122811	-0.408021	-0.0365435	0.931675	-0.361451	0.424533	0.341906	0.838374	4.15203	12.2302	87.1283	
0.894957	-0.130515	-0.426635	-0.0402353	0.928748	-0.368522	0.444334	0.346978	0.825938	4.56784	12.5599	87.9248	
0.8848	-0.138331	-0.444965	-0.0440943	0.925778	-0.375486	0.463881	0.351851	0.813029	5.00247	12.8943	88.7091	
0.874208	-0.146253	-0.463002	-0.0481183	0.922769	-0.382339	0.483162	0.356522	0.799654	5.45569	13.2333	89.4809	
0.863188	-0.154278	-0.480734	-0.0523049	0.91972	-0.389075	0.502166	0.36099	0.785822	5.92722	13.5767	90.2396	
0.851746	-0.1624	-0.498151	-0.0566518	0.916634	-0.395692	0.520883	0.365251	0.771539	6.41681	13.9242	90.9849	
0.839889	-0.170616	-0.515244	-0.0611565	0.913513	-0.402186	0.539302	0.369302	0.756815	6.92417	14.2758	91.7163	
