1	0	0	0	1	0	0	0	1	0	0	0	
0.999997	-5.2832e-07	0.00238551	-5.2832e-07	1	0.000442941	-0.00238551	-0.000442941	0.999997	-0.00104456	-0.000193955	0.875757	
0.999989	-2.11804e-06	0.0047756	-2.11941e-06	1	0.000887307	-0.0047756	-0.000887307	0.999988	-0.00418026	-0.000776442	1.75151	
0.999974	-4.77655e-06	0.00717018	-4.78204e-06	0.999999	0.00133308	-0.00717018	-0.00133308	0.999973	-0.00941107	-0.00174871	2.62725	
0.999954	-8.51115e-06	0.00956918	-8.52489e-06	0.999998	0.00178026	-0.00956918	-0.00178026	0.999953	-0.0167409	-0.00311197	3.50298	
0.999928	-1.3329e-05	0.0119725	-1.33565e-05	0.999998	0.00222882	-0.0119725	-0.00222882	0.999926	-0.0261735	-0.00486747	4.37868	
0.999897	-1.92372e-05	0.0143801	-1.92855e-05	0.999996	0.00267875	-0.0143801	-0.00267875	0.999893	-0.0377128	-0.00701639	5.25436	
0.999859	-2.62426e-05	0.0167918	-2.632e-05	0.999995	0.00313003	-0.0167918	-0.00313003	0.999854	-0.0513623	-0.00955993	6.13001	
0.999816	-3.43521e-05	0.0192076	-3.44685e-05	0.999994	0.00358265	-0.0192076	-0.00358265	0.999809	-0.0671256	-0.0124993	7.00562	
0.999766	-4.35725e-05	0.0216273	-4.3739e-05	0.999992	0.0040366	-0.0216273	-0.00403661	0.999758	-0.0850064	-0.0158356	7.88118	
0.999711	-5.39103e-05	0.024051	-5.41396e-05	0.99999	0.00449187	-0.024051	-0.00449187	0.999701	-0.105008	-0.01957	8.75671	
0.999649	-6.5372e-05	0.0264784	-6.56783e-05	0.999988	0.00494843	-0.0264784	-0.00494843	0.999637	-0.127134	-0.0237037	9.63217	
0.999582	-7.79639e-05	0.0289096	-7.83628e-05	0.999985	0.00540627	-0.0289096	-0.00540628	0.999567	-0.151387	-0.0282378	10.5076	
0.999509	-9.16924e-05	0.0313443	-9.22009e-05	0.999983	0.00586538	-0.0313443	-0.00586539	0.999491	-0.177771	-0.0331735	11.3829	
0.999429	-0.000106564	0.0337827	-0.0001072	0.99998	0.00632575	-0.0337827	-0.00632576	0.999409	-0.206289	-0.0385117	12.2582	
0.999344	-0.000122583	0.0362244	-0.000123368	0.999977	0.00678735	-0.0362244	-0.00678736	0.999321	-0.236943	-0.0442537	13.1334	
0.999252	-0.000139758	0.0386696	-0.000140712	0.999974	0.00725018	-0.0386696	-0.0072502	0.999226	-0.269738	-0.0504004	14.0085	
0.999154	-0.000158092	0.041118	-0.00015924	0.99997	0.00771421	-0.041118	-0.00771424	0.999125	-0.304675	-0.056953	14.8836	
0.99905	-0.000177593	0.0435696	-0.000178958	0.999967	0.00817944	-0.0435696	-0.00817947	0.999017	-0.341758	-0.0639126	15.7585	
0.99894	-0.000198265	0.0460243	-0.000199873	0.999963	0.00864585	-0.0460243	-0.00864589	0.998903	-0.380989	-0.07128	16.6334	
0.998824	-0.000220114	0.048482	-0.000221993	0.999958	0.00911343	-0.048482	-0.00911347	0.998782	-0.422371	-0.0790565	17.5081	
0.998702	-0.000243145	0.0509426	-0.000245324	0.999954	0.00958215	-0.0509426	-0.0095822	0.998656	-0.465907	-0.0872429	18.3827	
0.998573	-0.000267364	0.0534061	-0.000269873	0.999949	0.010052	-0.0534061	-0.0100521	0.998522	-0.5116	-0.0958404	19.2573	
0.998438	-0.000292775	0.0558723	-0.000295647	0.999945	0.010523	-0.0558723	-0.0105231	0.998382	-0.55945	-0.10485	20.1317	
0.998297	-0.000319382	0.0583412	-0.000322651	0.99994	0.010995	-0.0583412	-0.0109951	0.998236	-0.609462	-0.114272	21.0059	
0.998149	-0.000347192	0.0608127	-0.000350892	0.999934	0.0114682	-0.0608127	-0.0114683	0.998083	-0.661637	-0.124108	21.8801	
0.997995	-0.000376209	0.0632866	-0.000380377	0.999929	0.0119424	-0.0632866	-0.0119426	0.997924	-0.715977	-0.13436	22.7541	
0.997835	-0.000406436	0.0657629	-0.000411111	0.999923	0.0124177	-0.0657629	-0.0124179	0.997758	-0.772486	-0.145026	23.628	
0.997669	-0.000437879	0.0682416	-0.0004431	0.999917	0.012894	-0.0682415	-0.0128942	0.997586	-0.831163	-0.15611	24.5017	
0.997496	-0.000470542	0.0707224	-0.00047635	0.99991	0.0133714	-0.0707224	-0.0133716	0.997406	-0.892013	-0.167611	25.3752	
0.997317	-0.000504428	0.0732054	-0.000510867	0.999904	0.0138497	-0.0732054	-0.01385	0.997221	-0.955036	-0.179531	26.2487	
0.997131	-0.000539542	0.0756904	-0.000546657	0.999897	0.0143291	-0.0756904	-0.0143294	0.997028	-1.02023	-0.19187	27.1219	
0.996939	-0.000575888	0.0781774	-0.000583724	0.99989	0.0148094	-0.0781774	-0.0148097	0.996829	-1.08761	-0.20463	27.995	
0.996741	-0.000613469	0.0806663	-0.000622073	0.999883	0.0152907	-0.0806662	-0.015291	0.996624	-1.15716	-0.21781	28.8679	
0.996536	-0.000652289	0.0831569	-0.000661711	0.999875	0.0157729	-0.0831568	-0.0157733	0.996412	-1.2289	-0.231413	29.7406	
0.996325	-0.000692351	0.0856492	-0.000702642	0.999868	0.0162561	-0.0856491	-0.0162565	0.996193	-1.30281	-0.245438	30.6131	
0.996108	-0.000733659	0.0881431	-0.000744871	0.99986	0.0167401	-0.088143	-0.0167406	0.995967	-1.37891	-0.259887	31.4854	
0.995884	-0.000776216	0.0906385	-0.000788402	0.999851	0.0172251	-0.0906384	-0.0172257	0.995735	-1.4572	-0.27476	32.3575	
0.995653	-0.000820024	0.0931353	-0.000833241	0.999843	0.0177109	-0.0931352	-0.0177116	0.995496	-1.53767	-0.290058	33.2294	
0.995416	-0.000865087	0.0956335	-0.000879391	0.999834	0.0181976	-0.0956334	-0.0181983	0.99525	-1.62033	-0.305782	34.1012	
0.995173	-0.000911408	0.0981329	-0.000926857	0.999825	0.0186852	-0.0981328	-0.0186859	0.994998	-1.70517	-0.321933	34.9726	
0.994923	-0.000958988	0.100634	-0.000975643	0.999816	0.0191735	-0.100633	-0.0191744	0.994739	-1.79221	-0.338511	35.8439	
0.994667	-0.00100783	0.103135	-0.00102575	0.999806	0.0196627	-0.103135	-0.0196637	0.994473	-1.88144	-0.355518	36.7149	
0.994404	-0.00105794	0.105638	-0.00107719	0.999796	0.0201527	-0.105638	-0.0201537	0.9942	-1.97285	-0.372953	37.5857	
0.994135	-0.00110931	0.108141	-0.00112996	0.999786	0.0206435	-0.108141	-0.0206446	0.993921	-2.06646	-0.390817	38.4563	
0.993859	-0.00116196	0.110646	-0.00118407	0.999776	0.021135	-0.110645	-0.0211362	0.993635	-2.16226	-0.409112	39.3266	
0.993577	-0.00121587	0.113151	-0.00123951	0.999765	0.0216273	-0.11315	-0.0216286	0.993342	-2.26026	-0.427838	40.1967	
0.993288	-0.00127106	0.115656	-0.0012963	0.999754	0.0221202	-0.115656	-0.0221217	0.993043	-2.36045	-0.446996	41.0665	
0.992993	-0.00132752	0.118163	-0.00135443	0.999743	0.0226139	-0.118162	-0.0226155	0.992737	-2.46283	-0.466585	41.936	
0.992692	-0.00138526	0.120669	-0.00141391	0.999732	0.0231083	-0.120669	-0.0231101	0.992424	-2.56741	-0.486607	42.8052	
0.992384	-0.00144428	0.123176	-0.00147474	0.99972	0.0236034	-0.123176	-0.0236053	0.992104	-2.67419	-0.507063	43.6742	
0.992069	-0.00150457	0.125684	-0.00153693	0.999708	0.0240992	-0.125683	-0.0241012	0.991778	-2.78316	-0.527953	44.5429	
0.991748	-0.00156614	0.128191	-0.00160047	0.999696	0.0245955	-0.128191	-0.0245977	0.991444	-2.89432	-0.549277	45.4113	
0.991421	-0.001629	0.130699	-0.00166537	0.999684	0.0250925	-0.130698	-0.0250949	0.991105	-3.00769	-0.571036	46.2795	
0.991087	-0.00169313	0.133206	-0.00173163	0.999671	0.0255901	-0.133206	-0.0255927	0.990758	-3.12324	-0.593231	47.1473	
0.990746	-0.00175855	0.135714	-0.00179926	0.999658	0.0260883	-0.135713	-0.0260911	0.990405	-3.241	-0.615863	48.0148	
0.9904	-0.00182525	0.138221	-0.00186825	0.999645	0.0265871	-0.138221	-0.0265901	0.990044	-3.36095	-0.638931	48.882	
0.990046	-0.00189323	0.140729	-0.0019386	0.999631	0.0270865	-0.140728	-0.0270897	0.989678	-3.48309	-0.662436	49.7489	
0.989687	-0.00196249	0.143235	-0.00201033	0.999617	0.0275863	-0.143235	-0.0275898	0.989304	-3.60743	-0.686379	50.6154	
0.989321	-0.00203304	0.145742	-0.00208343	0.999603	0.0280867	-0.145741	-0.0280904	0.988924	-3.73397	-0.71076	51.4816	
0.989308	-0.00203564	0.145829	-0.00246252	0.999527	0.0306582	-0.145823	-0.0306895	0.988835	-3.86164	-0.736499	52.3477	
0.989294	-0.00203858	0.14592	-0.00284237	0.999444	0.0332331	-0.145907	-0.0332921	0.988738	-3.98938	-0.764515	53.2136	
0.98928	-0.00204186	0.146014	-0.00322294	0.999353	0.0358112	-0.145993	-0.0358979	0.988634	-4.1172	-0.794812	54.0794	
0.989266	-0.00204548	0.14611	-0.00360423	0.999256	0.0383923	-0.14608	-0.0385068	0.988523	-4.24509	-0.827392	54.9452	
0.989252	-0.00204947	0.146209	-0.00398621	0.999152	0.0409762	-0.146169	-0.0411186	0.988405	-4.37306	-0.862258	55.8109	
0.989237	-0.00205384	0.146311	-0.00436886	0.999041	0.0435627	-0.14626	-0.0437331	0.988279	-4.50111	-0.899413	56.6764	
0.989221	-0.00205858	0.146415	-0.00475216	0.998923	0.0461517	-0.146352	-0.04635	0.988146	-4.62924	-0.938858	57.5418	
0.989205	-0.0020637	0.146521	-0.00513609	0.998798	0.0487429	-0.146446	-0.0489693	0.988006	-4.75745	-0.980597	58.4072	
0.989189	-0.00206922	0.14663	-0.00552062	0.998666	0.0513361	-0.14654	-0.0515906	0.987858	-4.88574	-1.02463	59.2723	
0.989173	-0.00207513	0.14674	-0.00590574	0.998527	0.0539312	-0.146636	-0.0542139	0.987704	-5.01412	-1.07096	60.1374	
0.989156	-0.00208145	0.146852	-0.00629142	0.998381	0.056528	-0.146732	-0.056839	0.987542	-5.14258	-1.11959	61.0023	
0.989139	-0.00208816	0.146966	-0.00667764	0.998228	0.0591263	-0.146829	-0.0594655	0.987373	-5.27112	-1.17051	61.8671	
0.989122	-0.00209527	0.147082	-0.00706437	0.998068	0.0617259	-0.146927	-0.0620935	0.987196	-5.39975	-1.22374	62.7317	
0.989105	-0.00210279	0.147199	-0.0074516	0.997901	0.0643265	-0.147025	-0.0647225	0.987013	-5.52847	-1.27927	63.5962	
0.989087	-0.00211071	0.147317	-0.0078393	0.997727	0.0669281	-0.147124	-0.0673526	0.986822	-5.65727	-1.33711	64.4605	
0.989069	-0.00211903	0.147437	-0.00822744	0.997546	0.0695304	-0.147222	-0.0699834	0.986624	-5.78616	-1.39724	65.3246	
0.989051	-0.00212775	0.147557	-0.00861601	0.997358	0.0721333	-0.147321	-0.0726148	0.98642	-5.91513	-1.45968	66.1886	
0.989033	-0.00213686	0.147679	-0.00900496	0.997163	0.0747365	-0.14742	-0.0752467	0.986208	-6.04419	-1.52443	67.0523	
0.989015	-0.00214635	0.147801	-0.00939429	0.996961	0.0773398	-0.147518	-0.0778787	0.985989	-6.17334	-1.59148	67.9159	
0.988996	-0.00215623	0.147924	-0.00978396	0.996751	0.0799431	-0.147616	-0.0805108	0.985762	-6.30257	-1.66083	68.7793	
0.988978	-0.00216647	0.148048	-0.0101739	0.996535	0.0825463	-0.147714	-0.0831426	0.985529	-6.43189	-1.73249	69.6425	
0.988959	-0.00217709	0.148171	-0.0105642	0.996312	0.085149	-0.14781	-0.0857742	0.985289	-6.56129	-1.80646	70.5055	
0.988941	-0.00218805	0.148295	-0.0109548	0.996082	0.0877511	-0.147906	-0.0884052	0.985042	-6.69078	-1.88273	71.3682	
0.991237	-0.000616322	0.132096	-0.0129749	0.994699	0.102004	-0.131458	-0.102824	0.985975	-6.81312	-1.96647	72.2313	
0.993262	0.00119203	0.115884	-0.0147568	0.993108	0.116267	-0.114947	-0.117194	0.986434	-6.92102	-2.06281	73.0951	
0.995015	0.00323612	0.0996691	-0.0162994	0.99131	0.130534	-0.0983805	-0.131508	0.986421	-7.01443	-2.17172	73.959	
0.996496	0.005515	0.0834581	-0.0176021	0.989305	0.144797	-0.081767	-0.145758	0.985935	-7.09332	-2.29313	74.8227	
0.997703	0.00802755	0.067259	-0.0186643	0.987094	0.159049	-0.0651142	-0.159939	0.984977	-7.15764	-2.427	75.6857	
0.998636	0.0107726	0.0510796	-0.0194854	0.984679	0.173284	-0.0484303	-0.174043	0.983546	-7.20736	-2.57325	76.5477	
0.999295	0.0137488	0.0349275	-0.020065	0.982061	0.187495	-0.0317231	-0.188064	0.981644	-7.24246	-2.73181	77.4083	
0.999679	0.0169547	0.0188106	-0.0204029	0.97924	0.201675	-0.0150008	-0.201994	0.979272	-7.26292	-2.90262	78.2669	
0.999788	0.0203888	0.00273656	-0.0204988	0.976219	0.215818	0.00172878	-0.215828	0.97643	-7.26873	-3.08558	79.1233	
0.999622	0.0240494	-0.0132869	-0.0203529	0.972998	0.229915	0.0184575	-0.229558	0.97312	-7.25989	-3.28061	79.977	
0.999182	0.0279349	-0.0292522	-0.019965	0.969579	0.243962	0.0351774	-0.243178	0.969344	-7.2364	-3.48762	80.8276	
0.998466	0.0320433	-0.0451516	-0.0193355	0.965965	0.257951	0.0518804	-0.256682	0.965102	-7.19828	-3.70651	81.6747	
0.997476	0.0363727	-0.0609774	-0.0184645	0.962156	0.271875	0.0685586	-0.270063	0.960399	-7.14554	-3.93717	82.5179	
0.996212	0.0409209	-0.0767221	-0.0173526	0.958154	0.285727	0.0852038	-0.283314	0.955235	-7.07821	-4.17949	83.3567	
0.994675	0.0456858	-0.0923782	-0.0160003	0.953962	0.299502	0.101808	-0.296429	0.949613	-6.99632	-4.43336	84.1909	
0.992866	0.0506652	-0.107938	-0.0144081	0.949581	0.313192	0.118364	-0.309402	0.943536	-6.8999	-4.69865	85.0199	
0.990784	0.0558566	-0.123395	-0.012577	0.945013	0.326791	0.134863	-0.322227	0.937007	-6.78902	-4.97524	85.8434	
