1	0	0	0	1	0	0	0	1	0	0	0	
0.999995	5.0999e-06	0.00306429	5.0999e-06	0.999994	-0.00332858	-0.00306429	0.00332858	0.99999	-0.00143387	0.00155754	0.935855	
0.999981	2.04138e-05	0.00613017	2.04203e-05	0.999978	-0.00666103	-0.00613017	0.00666103	0.999959	-0.00573624	0.00623199	1.87169	
0.999958	4.59639e-05	0.00919753	4.59902e-05	0.99995	-0.00999724	-0.00919753	0.00999724	0.999908	-0.0129085	0.0140269	2.80749	
0.999925	8.17719e-05	0.0122663	8.18377e-05	0.999911	-0.0133371	-0.0122663	0.0133371	0.999836	-0.0229521	0.0249457	3.74323	
0.999882	0.000127858	0.0153363	0.00012799	0.999861	-0.0166804	-0.0153363	0.0166805	0.999743	-0.0358681	0.0389918	4.67889	
0.999831	0.000184243	0.0184074	0.000184474	0.999799	-0.0200272	-0.0184074	0.0200272	0.99963	-0.0516578	0.0561685	5.61446	
0.999769	0.000250946	0.0214796	0.000251316	0.999727	-0.0233773	-0.0214796	0.0233773	0.999496	-0.0703221	0.0764787	6.54991	
0.999698	0.000327985	0.0245527	0.00032854	0.999643	-0.0267306	-0.0245527	0.0267306	0.999341	-0.091862	0.0999257	7.48523	
0.999618	0.000415378	0.0276267	0.000416171	0.999547	-0.0300869	-0.0276267	0.0300869	0.999165	-0.116278	0.126512	8.42039	
0.999528	0.000513142	0.0307014	0.000514233	0.99944	-0.0334462	-0.0307014	0.0334462	0.998969	-0.143572	0.156241	9.35538	
0.999429	0.000621293	0.0337767	0.000622748	0.999322	-0.0368083	-0.0337767	0.0368083	0.998751	-0.173743	0.189116	10.2902	
0.99932	0.000739846	0.0368526	0.00074174	0.999192	-0.0401732	-0.0368525	0.0401732	0.998513	-0.206793	0.225138	11.2247	
0.999202	0.000868816	0.0399288	0.000871228	0.999051	-0.0435406	-0.0399287	0.0435407	0.998253	-0.242721	0.26431	12.1591	
0.999074	0.00100822	0.0430053	0.00101123	0.998899	-0.0469106	-0.0430052	0.0469107	0.997973	-0.281528	0.306635	13.0932	
0.998937	0.00115806	0.046082	0.00116178	0.998734	-0.0502829	-0.0460819	0.050283	0.997671	-0.323215	0.352115	14.027	
0.99879	0.00131837	0.0491589	0.00132288	0.998559	-0.0536576	-0.0491587	0.0536577	0.997349	-0.367781	0.400752	14.9605	
0.998634	0.00148914	0.0522356	0.00149456	0.998371	-0.0570343	-0.0522355	0.0570345	0.997005	-0.415226	0.452548	15.8938	
0.998468	0.00167039	0.0553123	0.00167683	0.998172	-0.0604131	-0.0553121	0.0604133	0.99664	-0.465551	0.507505	16.8266	
0.998292	0.00186212	0.0583887	0.00186971	0.997961	-0.0637938	-0.0583885	0.0637941	0.996254	-0.518755	0.565626	17.7592	
0.998107	0.00206436	0.0614648	0.00207321	0.997739	-0.0671764	-0.0614645	0.0671766	0.995846	-0.574838	0.626911	18.6913	
0.997912	0.00227711	0.0645405	0.00228736	0.997505	-0.0705606	-0.0645401	0.0705609	0.995417	-0.633799	0.691362	19.6231	
0.997708	0.00250037	0.0676156	0.00251217	0.997259	-0.0739464	-0.0676151	0.0739468	0.994967	-0.695638	0.758982	20.5545	
0.997495	0.00273415	0.07069	0.00274765	0.997001	-0.0773336	-0.0706895	0.0773341	0.994496	-0.760355	0.829771	21.4854	
0.997271	0.00297847	0.0737637	0.00299381	0.996732	-0.0807222	-0.0737631	0.0807228	0.994003	-0.827949	0.90373	22.4159	
0.997038	0.00323332	0.0768365	0.00325067	0.996451	-0.0841121	-0.0768358	0.0841127	0.993489	-0.898419	0.980862	23.3459	
0.996796	0.0034987	0.0799084	0.00351823	0.996158	-0.087503	-0.0799075	0.0875038	0.992954	-0.971764	1.06117	24.2754	
0.996544	0.00377464	0.0829792	0.00379652	0.995853	-0.090895	-0.0829782	0.0908959	0.992397	-1.04798	1.14464	25.2044	
0.996283	0.00406112	0.0860488	0.00408554	0.995537	-0.0942878	-0.0860476	0.0942888	0.991819	-1.12708	1.2313	26.1329	
0.996012	0.00435816	0.0891171	0.0043853	0.995208	-0.0976814	-0.0891158	0.0976826	0.99122	-1.20904	1.32113	27.0608	
0.995731	0.00466574	0.092184	0.00469581	0.994868	-0.101076	-0.0921825	0.101077	0.990599	-1.29387	1.41413	27.9882	
0.995441	0.00498389	0.0952495	0.00501708	0.994515	-0.10447	-0.0952477	0.104472	0.989956	-1.38158	1.51032	28.9149	
0.995141	0.00531259	0.0983133	0.00534911	0.994151	-0.107866	-0.0983114	0.107867	0.989292	-1.47215	1.60968	29.8411	
0.994832	0.00565184	0.101376	0.00569192	0.993775	-0.111261	-0.101373	0.111263	0.988607	-1.56559	1.71221	30.7666	
0.994514	0.00600165	0.104436	0.0060455	0.993387	-0.114657	-0.104433	0.114659	0.9879	-1.66189	1.81793	31.6915	
0.994185	0.00636202	0.107494	0.00640987	0.992987	-0.118053	-0.107491	0.118055	0.987172	-1.76106	1.92682	32.6157	
0.993848	0.00673294	0.110551	0.00678503	0.992575	-0.121449	-0.110548	0.121451	0.986422	-1.86309	2.0389	33.5392	
0.993501	0.00711441	0.113605	0.00717098	0.99215	-0.124844	-0.113602	0.124847	0.985651	-1.96797	2.15415	34.462	
0.993144	0.00750642	0.116657	0.00756773	0.991714	-0.12824	-0.116653	0.128243	0.984858	-2.07571	2.27258	35.384	
0.992778	0.00790898	0.119707	0.00797528	0.991266	-0.131634	-0.119703	0.131638	0.984044	-2.18631	2.39418	36.3053	
0.992402	0.00832208	0.122755	0.00839363	0.990806	-0.135029	-0.12275	0.135033	0.983208	-2.29976	2.51897	37.2259	
0.992017	0.0087457	0.125799	0.00882279	0.990334	-0.138423	-0.125794	0.138428	0.982351	-2.41606	2.64693	38.1456	
0.991623	0.00917986	0.128842	0.00926274	0.98985	-0.141816	-0.128836	0.141821	0.981472	-2.53521	2.77806	39.0645	
0.991219	0.00962453	0.131881	0.00971351	0.989353	-0.145208	-0.131875	0.145214	0.980572	-2.65721	2.91238	39.9826	
0.990805	0.0100797	0.134918	0.0101751	0.988845	-0.1486	-0.134911	0.148606	0.979651	-2.78205	3.04986	40.8999	
0.990383	0.0105454	0.137952	0.0106474	0.988325	-0.15199	-0.137944	0.151997	0.978707	-2.90972	3.19052	41.8163	
0.989951	0.0110216	0.140983	0.0111306	0.987792	-0.155379	-0.140974	0.155387	0.977743	-3.04024	3.33436	42.7317	
0.989509	0.0115083	0.144011	0.0116246	0.987248	-0.158767	-0.144001	0.158775	0.976757	-3.17359	3.48137	43.6463	
0.989058	0.0120054	0.147035	0.0121293	0.986691	-0.162153	-0.147025	0.162163	0.975749	-3.30977	3.63154	44.56	
0.988598	0.012513	0.150056	0.0126449	0.986122	-0.165538	-0.150045	0.165548	0.974721	-3.44877	3.78489	45.4726	
0.988129	0.0130311	0.153074	0.0131712	0.985541	-0.168922	-0.153062	0.168932	0.97367	-3.59061	3.9414	46.3843	
0.98765	0.0135596	0.156088	0.0137083	0.984949	-0.172303	-0.156076	0.172315	0.972599	-3.73526	4.10108	47.2951	
0.987162	0.0140986	0.159099	0.0142562	0.984344	-0.175683	-0.159085	0.175695	0.971506	-3.88273	4.26393	48.2048	
0.986665	0.0146479	0.162106	0.0148148	0.983727	-0.17906	-0.162091	0.179074	0.970391	-4.03302	4.42993	49.1134	
0.986158	0.0152077	0.165109	0.0153842	0.983097	-0.182436	-0.165093	0.182451	0.969255	-4.18612	4.5991	50.0211	
0.985642	0.0157778	0.168109	0.0159644	0.982456	-0.185809	-0.168091	0.185825	0.968098	-4.34203	4.77143	50.9276	
0.985117	0.0163583	0.171104	0.0165553	0.981803	-0.18918	-0.171085	0.189197	0.96692	-4.50074	4.94691	51.8331	
0.984583	0.0169492	0.174095	0.0171569	0.981137	-0.192549	-0.174075	0.192567	0.96572	-4.66225	5.12555	52.7374	
0.98404	0.0175504	0.177082	0.0177692	0.98046	-0.195915	-0.17706	0.195935	0.964499	-4.82656	5.30734	53.6406	
0.983487	0.0181619	0.180065	0.0183923	0.97977	-0.199279	-0.180042	0.1993	0.963257	-4.99366	5.49229	54.5427	
0.982925	0.0187838	0.183043	0.019026	0.979069	-0.202639	-0.183018	0.202662	0.961994	-5.16354	5.68038	55.4435	
0.982355	0.0194159	0.186017	0.0196705	0.978355	-0.205997	-0.185991	0.206021	0.96071	-5.33621	5.87161	56.3432	
0.982014	0.0197969	0.187765	0.0209205	0.976955	-0.212419	-0.187643	0.212527	0.958969	-5.51105	6.06746	57.2415	
0.98167	0.0201908	0.189514	0.0221822	0.97551	-0.218833	-0.189291	0.219026	0.957182	-5.68743	6.2694	58.1381	
0.981323	0.0205976	0.191264	0.0234555	0.974021	-0.225238	-0.190934	0.225518	0.955346	-5.86535	6.47742	59.0331	
0.980971	0.0210171	0.193014	0.0247404	0.972488	-0.231633	-0.192572	0.232001	0.953463	-6.0448	6.6915	59.9263	
0.980616	0.0214494	0.194764	0.0260368	0.970912	-0.238018	-0.194204	0.238476	0.951532	-6.22579	6.91165	60.8177	
0.980257	0.0218943	0.196514	0.0273445	0.969291	-0.244393	-0.19583	0.244941	0.949555	-6.4083	7.13786	61.7072	
0.979894	0.0223519	0.198263	0.0286635	0.967626	-0.250755	-0.197449	0.251396	0.94753	-6.59232	7.37011	62.595	
0.979528	0.022822	0.200011	0.0299938	0.965918	-0.257106	-0.199061	0.257842	0.945459	-6.77786	7.6084	63.4807	
0.979158	0.0233046	0.201756	0.0313351	0.964166	-0.263444	-0.200666	0.264275	0.943341	-6.96491	7.85271	64.3646	
0.978786	0.0237995	0.2035	0.0326874	0.96237	-0.269769	-0.202263	0.270698	0.941176	-7.15345	8.10304	65.2464	
0.97841	0.0243067	0.205241	0.0340507	0.960531	-0.27608	-0.203851	0.277108	0.938965	-7.34348	8.35938	66.1262	
0.97803	0.0248261	0.206978	0.0354247	0.958649	-0.282377	-0.20543	0.283505	0.936709	-7.535	8.62171	67.0039	
0.977648	0.0253575	0.208713	0.0368093	0.956724	-0.288659	-0.207	0.289889	0.934406	-7.72799	8.89002	67.8794	
0.977263	0.0259009	0.210443	0.0382046	0.954756	-0.294926	-0.20856	0.29626	0.932058	-7.92244	9.1643	68.7528	
0.976875	0.026456	0.212168	0.0396102	0.952746	-0.301176	-0.21011	0.302615	0.929665	-8.11835	9.44453	69.6239	
0.978602	0.0238256	0.204379	0.0440987	0.945909	-0.321422	-0.200982	0.323557	0.924617	-8.31072	9.73755	70.4917	
0.980252	0.02102	0.196634	0.0483867	0.938616	-0.341553	-0.191744	0.344322	0.919063	-8.4945	10.0501	71.3544	
0.981823	0.0180408	0.188938	0.0524719	0.930873	-0.361556	-0.1824	0.364898	0.913006	-8.66958	10.382	72.2117	
0.983316	0.0148895	0.181295	0.0563519	0.922682	-0.381422	-0.172957	0.385275	0.906449	-8.83587	10.733	73.0631	
0.984729	0.011568	0.173709	0.0600246	0.914048	-0.401139	-0.163419	0.40544	0.899396	-8.99328	11.103	73.9082	
0.986062	0.00807792	0.166185	0.0634881	0.904977	-0.420697	-0.153792	0.425384	0.89185	-9.14171	11.4918	74.7464	
0.987313	0.00442129	0.158726	0.0667404	0.895473	-0.440085	-0.14408	0.445095	0.883816	-9.2811	11.8991	75.5773	
0.988482	0.000600081	0.151336	0.0697798	0.88554	-0.459292	-0.13429	0.464562	0.875299	-9.41137	12.3248	76.4005	
0.989569	-0.00338361	0.14402	0.0726046	0.875186	-0.478308	-0.124426	0.483775	0.866303	-9.53243	12.7686	77.2155	
0.990573	-0.00752761	0.136782	0.0752133	0.864415	-0.497122	-0.114494	0.502723	0.856832	-9.64424	13.2302	78.0218	
0.991493	-0.0118296	0.129625	0.0776044	0.853233	-0.515724	-0.1045	0.521396	0.846892	-9.74672	13.7095	78.8191	
0.992328	-0.0162874	0.122554	0.0797766	0.841646	-0.534104	-0.0944477	0.539783	0.836489	-9.83981	14.206	79.6068	
0.993079	-0.0208983	0.115572	0.0817288	0.829661	-0.552252	-0.0843442	0.557876	0.825628	-9.92348	14.7197	80.3846	
0.993745	-0.02566	0.108683	0.0834598	0.817285	-0.570158	-0.0741945	0.575662	0.814315	-9.99767	15.2501	81.152	
0.994326	-0.0305698	0.101891	0.0849687	0.804523	-0.587812	-0.0640041	0.593134	0.802556	-10.0623	15.7971	81.9086	
0.994821	-0.035625	0.0951993	0.0862547	0.791384	-0.605204	-0.0537788	0.610281	0.790358	-10.1175	16.3602	82.6541	
0.995229	-0.0408228	0.0886122	0.0873172	0.777873	-0.622325	-0.043524	0.627094	0.777727	-10.163	16.9392	83.3878	
0.995552	-0.0461605	0.082133	0.0881554	0.764	-0.639166	-0.0332454	0.643563	0.76467	-10.1989	17.5338	84.1096	
0.995788	-0.051635	0.0757653	0.0887689	0.74977	-0.655717	-0.0229486	0.659681	0.751196	-10.2252	18.1437	84.819	
0.995937	-0.0572435	0.0695125	0.0891575	0.735192	-0.671969	-0.0126392	0.675437	0.737309	-10.2419	18.7685	85.5155	
0.996	-0.0629828	0.0633781	0.0893209	0.720275	-0.687914	-0.00232291	0.690824	0.72302	-10.2489	19.4078	86.1989	
0.995976	-0.0688497	0.0573654	0.0892589	0.705025	-0.703542	0.00799465	0.705832	0.708334	-10.2462	20.0614	86.8687	
0.995866	-0.0748411	0.0514777	0.0889717	0.689452	-0.718846	0.0183078	0.720454	0.693261	-10.2339	20.7288	87.5245	
