1	0	0	0	1	0	0	0	1	0	0	0	
0.999998	-3.47041e-06	-0.00212228	-3.47041e-06	0.999995	-0.00327045	0.00212228	0.00327045	0.999992	0.000779241	0.00120082	0.734342	
0.999991	-1.38926e-05	-0.00424668	-1.38863e-05	0.999979	-0.00654121	0.00424668	0.00654121	0.99997	0.00311775	0.00480338	1.46867	
0.99998	-3.12812e-05	-0.00637318	-3.12561e-05	0.999952	-0.00981223	0.00637318	0.00981223	0.999932	0.00701706	0.0108079	2.20298	
0.999964	-5.56507e-05	-0.00850172	-5.55879e-05	0.999914	-0.0130834	0.00850172	0.0130834	0.999878	0.0124787	0.0192146	2.93725	
0.999943	-8.70154e-05	-0.0106323	-8.68896e-05	0.999866	-0.0163548	0.0106323	0.0163548	0.99981	0.0195042	0.0300235	3.67148	
0.999919	-0.000125389	-0.0127648	-0.000125169	0.999807	-0.0196262	0.0127648	0.0196262	0.999726	0.0280949	0.0432347	4.40566	
0.999889	-0.000170786	-0.0148992	-0.000170434	0.999738	-0.0228976	0.0148992	0.0228976	0.999627	0.0382524	0.0588482	5.13976	
0.999855	-0.000223219	-0.0170355	-0.000222691	0.999658	-0.0261689	0.0170355	0.0261689	0.999512	0.0499779	0.0768641	5.87379	
0.999816	-0.000282703	-0.0191737	-0.000281947	0.999567	-0.0294401	0.0191737	0.0294401	0.999383	0.063273	0.0972822	6.60773	
0.999773	-0.000349249	-0.0213137	-0.00034821	0.999465	-0.0327111	0.0213137	0.0327111	0.999238	0.0781388	0.120102	7.34157	
0.999725	-0.000422871	-0.0234554	-0.000421485	0.999352	-0.0359818	0.0234554	0.0359818	0.999077	0.0945768	0.145324	8.0753	
0.999672	-0.000503582	-0.0255988	-0.00050178	0.999229	-0.0392522	0.0255988	0.0392522	0.998901	0.112588	0.172948	8.8089	
0.999615	-0.000591395	-0.0277439	-0.0005891	0.999095	-0.0425222	0.0277439	0.0425222	0.99871	0.132174	0.202974	9.54236	
0.999553	-0.00068632	-0.0298906	-0.000683451	0.998951	-0.0457918	0.0298907	0.0457917	0.998504	0.153336	0.2354	10.2757	
0.999486	-0.000788371	-0.032039	-0.000784838	0.998795	-0.0490608	0.032039	0.0490607	0.998282	0.176075	0.270227	11.0089	
0.999415	-0.000897559	-0.0341888	-0.000893269	0.998629	-0.0523292	0.0341889	0.0523292	0.998044	0.200392	0.307455	11.7418	
0.999339	-0.0010139	-0.0363402	-0.00100875	0.998453	-0.055597	0.0363404	0.0555969	0.997792	0.226288	0.347082	12.4747	
0.999258	-0.00113739	-0.0384931	-0.00113128	0.998265	-0.0588641	0.0384932	0.058864	0.997524	0.253765	0.389109	13.2073	
0.999173	-0.00126806	-0.0406473	-0.00126086	0.998067	-0.0621304	0.0406475	0.0621302	0.99724	0.282823	0.433535	13.9397	
0.999083	-0.00140591	-0.042803	-0.00139751	0.997858	-0.0653958	0.0428032	0.0653956	0.996941	0.313464	0.480359	14.6719	
0.998988	-0.00155096	-0.0449599	-0.00154123	0.997639	-0.0686603	0.0449603	0.0686601	0.996626	0.345689	0.52958	15.4039	
0.998888	-0.00170321	-0.0471182	-0.00169202	0.997409	-0.0719239	0.0471186	0.0719236	0.996297	0.379497	0.581199	16.1356	
0.998783	-0.00186267	-0.0492777	-0.00184988	0.997168	-0.0751864	0.0492782	0.0751861	0.995951	0.414892	0.635213	16.8671	
0.998674	-0.00202935	-0.0514385	-0.00201481	0.996916	-0.0784478	0.0514391	0.0784475	0.99559	0.451872	0.691623	17.5984	
0.99856	-0.00220327	-0.0536004	-0.00218683	0.996654	-0.0817081	0.0536011	0.0817077	0.995214	0.49044	0.750428	18.3293	
0.998441	-0.00238444	-0.0557634	-0.00236594	0.996381	-0.0849671	0.0557642	0.0849666	0.994822	0.530596	0.811626	19.06	
0.998317	-0.00257285	-0.0579275	-0.00255213	0.996097	-0.0882249	0.0579284	0.0882243	0.994415	0.572341	0.875217	19.7904	
0.998189	-0.00276853	-0.0600927	-0.00274541	0.995803	-0.0914812	0.0600937	0.0914805	0.993992	0.615675	0.941199	20.5205	
0.998056	-0.00297148	-0.0622588	-0.00294579	0.995498	-0.0947362	0.06226	0.0947354	0.993554	0.6606	1.00957	21.2503	
0.997917	-0.00318171	-0.0644259	-0.00315326	0.995182	-0.0979897	0.0644273	0.0979888	0.9931	0.707116	1.08034	21.9797	
0.997774	-0.00339923	-0.0665939	-0.00336783	0.994856	-0.101242	0.0665955	0.101241	0.992631	0.755224	1.15349	22.7088	
0.997626	-0.00362404	-0.0687628	-0.0035895	0.994519	-0.104492	0.0687646	0.104491	0.992146	0.804925	1.22903	23.4376	
0.997474	-0.00385616	-0.0709325	-0.00381827	0.994172	-0.107741	0.0709346	0.107739	0.991645	0.856218	1.30695	24.166	
0.997316	-0.00409559	-0.073103	-0.00405415	0.993814	-0.110987	0.0731053	0.110986	0.99113	0.909106	1.38726	24.894	
0.997153	-0.00434234	-0.0752742	-0.00429712	0.993445	-0.114233	0.0752768	0.114231	0.990598	0.963587	1.46995	25.6216	
0.996986	-0.00459642	-0.0774461	-0.00454721	0.993065	-0.117476	0.077449	0.117474	0.990051	1.01966	1.55503	26.3489	
0.996814	-0.00485784	-0.0796187	-0.0048044	0.992675	-0.120717	0.0796219	0.120715	0.989489	1.07734	1.64249	27.0757	
0.996636	-0.0051266	-0.0817919	-0.0050687	0.992275	-0.123957	0.0817955	0.123954	0.988911	1.1366	1.73232	27.8021	
0.996454	-0.0054027	-0.0839656	-0.0053401	0.991864	-0.127194	0.0839696	0.127191	0.988318	1.19747	1.82454	28.5281	
0.996267	-0.00568616	-0.0861399	-0.00561862	0.991442	-0.130429	0.0861443	0.130426	0.987709	1.25993	1.91913	29.2536	
0.996075	-0.00597699	-0.0883146	-0.00590424	0.991009	-0.133662	0.0883195	0.133659	0.987084	1.32399	2.01609	29.9787	
0.995878	-0.00627518	-0.0904898	-0.00619697	0.990566	-0.136893	0.0904952	0.136889	0.986444	1.38964	2.11543	30.7034	
0.995676	-0.00658075	-0.0926654	-0.00649681	0.990113	-0.140121	0.0926713	0.140117	0.985789	1.4569	2.21714	31.4275	
0.995469	-0.00689369	-0.0948413	-0.00680375	0.989649	-0.143347	0.0948478	0.143343	0.985118	1.52575	2.32122	32.1512	
0.995257	-0.00721403	-0.0970175	-0.0071178	0.989175	-0.146571	0.0970246	0.146566	0.984431	1.5962	2.42766	32.8743	
0.99504	-0.00754175	-0.099194	-0.00743896	0.988689	-0.149792	0.0992018	0.149787	0.983729	1.66825	2.53648	33.597	
0.994818	-0.00787687	-0.101371	-0.00776722	0.988194	-0.153011	0.101379	0.153005	0.983011	1.7419	2.64765	34.3191	
0.994591	-0.00821938	-0.103548	-0.00810259	0.987688	-0.156227	0.103557	0.156221	0.982278	1.81714	2.76119	35.0407	
0.994359	-0.00856931	-0.105725	-0.00844505	0.987171	-0.159441	0.105735	0.159434	0.98153	1.89399	2.87709	35.7618	
0.994121	-0.00892664	-0.107902	-0.00879462	0.986644	-0.162651	0.107913	0.162644	0.980766	1.97243	2.99535	36.4823	
0.993879	-0.00929139	-0.110079	-0.00915128	0.986107	-0.165859	0.110091	0.165851	0.979986	2.05248	3.11596	37.2022	
0.993346	-0.0100881	-0.114726	-0.00962735	0.985396	-0.170006	0.114765	0.169979	0.978742	2.13504	3.23927	37.9214	
0.99279	-0.0109044	-0.119366	-0.0101238	0.984667	-0.174153	0.119435	0.174106	0.977457	2.22103	3.36561	38.6397	
0.992213	-0.0117401	-0.124	-0.0106408	0.983919	-0.1783	0.124099	0.178231	0.976132	2.31045	3.49498	39.357	
0.991613	-0.0125953	-0.128627	-0.0111782	0.983152	-0.182446	0.128758	0.182354	0.974766	2.40329	3.62738	40.0733	
0.990991	-0.0134699	-0.133247	-0.011736	0.982367	-0.186592	0.133411	0.186474	0.97336	2.49955	3.7628	40.7886	
0.990348	-0.014364	-0.137859	-0.0123143	0.981564	-0.190736	0.138057	0.190592	0.971913	2.59923	3.90125	41.5028	
0.989682	-0.0152775	-0.142464	-0.0129131	0.980742	-0.194878	0.142698	0.194707	0.970426	2.70232	4.04272	42.216	
0.988994	-0.0162104	-0.147062	-0.0135324	0.979902	-0.199019	0.147332	0.198819	0.968899	2.80881	4.18721	42.9281	
0.988285	-0.0171627	-0.151652	-0.0141721	0.979044	-0.203157	0.15196	0.202926	0.967331	2.9187	4.33472	43.639	
0.987554	-0.0181344	-0.156233	-0.0148322	0.978166	-0.207293	0.156581	0.20703	0.965723	3.03199	4.48525	44.3488	
0.986801	-0.0191254	-0.160807	-0.0155128	0.977271	-0.211426	0.161195	0.21113	0.964075	3.14867	4.63878	45.0573	
0.986026	-0.0201358	-0.165372	-0.0162139	0.976357	-0.215556	0.165802	0.215226	0.962386	3.26873	4.79533	45.7647	
0.985229	-0.0211654	-0.169929	-0.0169353	0.975424	-0.219683	0.170402	0.219316	0.960658	3.39218	4.95488	46.4708	
0.984411	-0.0222143	-0.174477	-0.0176772	0.974473	-0.223806	0.174994	0.223401	0.958889	3.519	5.11744	47.1756	
0.983571	-0.0232825	-0.179016	-0.0184395	0.973504	-0.227925	0.179579	0.227481	0.957081	3.64919	5.28299	47.8791	
0.982709	-0.0243698	-0.183545	-0.0192221	0.972516	-0.23204	0.184156	0.231556	0.955232	3.78274	5.45153	48.5812	
0.981826	-0.0254764	-0.188066	-0.020025	0.97151	-0.23615	0.188724	0.235624	0.953344	3.91965	5.62307	49.282	
0.980921	-0.0266021	-0.192577	-0.0208483	0.970486	-0.240255	0.193285	0.239686	0.951416	4.05992	5.79759	49.9814	
0.979995	-0.0277469	-0.197079	-0.0216919	0.969443	-0.244354	0.197837	0.243741	0.949448	4.20352	5.97509	50.6793	
0.979047	-0.0289109	-0.20157	-0.0225557	0.968382	-0.248448	0.20238	0.247789	0.94744	4.35047	6.15557	51.3758	
0.978078	-0.0300938	-0.206052	-0.0234397	0.967303	-0.252537	0.206915	0.251831	0.945393	4.50076	6.33902	52.0708	
0.977088	-0.0312958	-0.210524	-0.024344	0.966206	-0.256619	0.211441	0.255864	0.943306	4.65436	6.52543	52.7643	
0.976076	-0.0325168	-0.214985	-0.0252683	0.965091	-0.260695	0.215957	0.25989	0.94118	4.81129	6.7148	53.4562	
0.975043	-0.0337568	-0.219436	-0.0262128	0.963957	-0.264764	0.220464	0.263908	0.939014	4.97154	6.90712	54.1466	
0.973988	-0.0350156	-0.223876	-0.0271774	0.962805	-0.268826	0.224962	0.267918	0.93681	5.13508	7.10239	54.8353	
0.972913	-0.0362933	-0.228305	-0.0281619	0.961636	-0.27288	0.22945	0.271918	0.934566	5.30193	7.30061	55.5224	
0.971816	-0.0375899	-0.232724	-0.0291665	0.960448	-0.276927	0.233929	0.27591	0.932283	5.47207	7.50176	56.2079	
0.970698	-0.0389052	-0.237131	-0.0301909	0.959243	-0.280967	0.238397	0.279893	0.929961	5.6455	7.70583	56.8917	
0.96956	-0.0402393	-0.241527	-0.0312352	0.958019	-0.284997	0.242855	0.283866	0.9276	5.8222	7.91283	57.5737	
0.9684	-0.0415921	-0.245911	-0.0322994	0.956778	-0.28902	0.247303	0.28783	0.9252	6.00217	8.12274	58.254	
0.967219	-0.0429635	-0.250283	-0.0333833	0.955519	-0.293034	0.25174	0.291783	0.922762	6.18541	8.33556	58.9325	
0.966017	-0.0443536	-0.254644	-0.0344868	0.954243	-0.297038	0.256167	0.295726	0.920285	6.3719	8.55128	59.6093	
0.964795	-0.0457622	-0.258993	-0.03561	0.952949	-0.301033	0.260583	0.299658	0.91777	6.56163	8.76988	60.2841	
0.963551	-0.0471893	-0.263329	-0.0367528	0.951637	-0.305019	0.264987	0.303579	0.915216	6.75461	8.99138	60.9572	
0.962287	-0.0486349	-0.267653	-0.0379151	0.950308	-0.308995	0.269381	0.30749	0.912625	6.95082	9.21574	61.6283	
0.961002	-0.050099	-0.271965	-0.0390968	0.948961	-0.31296	0.273763	0.311388	0.909995	7.15024	9.44298	62.2975	
0.959697	-0.0515813	-0.276264	-0.0402979	0.947597	-0.316915	0.278134	0.315275	0.907327	7.35288	9.67307	62.9648	
0.958371	-0.053082	-0.28055	-0.0415183	0.946216	-0.320859	0.282493	0.31915	0.904622	7.55873	9.90602	63.6301	
0.957024	-0.054601	-0.284823	-0.0427579	0.944818	-0.324793	0.28684	0.323013	0.901879	7.76777	10.1418	64.2934	
0.955657	-0.0561381	-0.289083	-0.0440166	0.943403	-0.328715	0.291175	0.326863	0.899098	7.98001	10.3804	64.9547	
0.954269	-0.0576935	-0.293329	-0.0452944	0.941971	-0.332625	0.295498	0.3307	0.89628	8.19542	10.6219	65.6139	
0.952861	-0.0592669	-0.297562	-0.0465912	0.940522	-0.336524	0.299808	0.334524	0.893425	8.414	10.8661	66.271	
0.951433	-0.0608583	-0.301782	-0.0479069	0.939056	-0.34041	0.304107	0.338335	0.890533	8.63574	11.1132	66.926	
0.949984	-0.0624677	-0.305987	-0.0492413	0.937573	-0.344284	0.308392	0.342132	0.887604	8.86063	11.363	67.5789	
0.948515	-0.064095	-0.310179	-0.0505945	0.936074	-0.348146	0.312665	0.345915	0.884638	9.08867	11.6156	68.2296	
0.947026	-0.0657402	-0.314356	-0.0519663	0.934559	-0.351994	0.316925	0.349683	0.881635	9.31983	11.8711	68.8781	
0.945517	-0.0674032	-0.318519	-0.0533567	0.933027	-0.355829	0.321171	0.353438	0.878596	9.55413	12.1292	69.5245	
0.939995	-0.0733855	-0.333203	-0.0557993	0.93038	-0.362324	0.336594	0.359176	0.870458	9.79565	12.3909	70.1667	
