1	0	0	0	1	0	0	0	1	0	0	0	
1	-3.05583e-08	0.000171122	-3.05583e-08	1	0.000357152	-0.000171122	-0.000357152	1	-8.46104e-05	-0.000176592	0.988889	
1	-1.24006e-07	0.000344754	-1.23955e-07	1	0.00071924	-0.000344754	-0.00071924	1	-0.000339682	-0.000708808	1.97778	
1	-2.83012e-07	0.00052089	-2.82803e-07	0.999999	0.00108625	-0.00052089	-0.00108625	0.999999	-0.000767695	-0.00160152	2.96667	
1	-5.10272e-07	0.000699525	-5.09742e-07	0.999999	0.00145815	-0.000699525	-0.00145815	0.999999	-0.00137112	-0.00285958	3.95555	
1	-8.08507e-07	0.000880653	-8.07432e-07	0.999998	0.00183493	-0.000880653	-0.00183493	0.999998	-0.00215243	-0.00448783	4.94444	
0.999999	-1.18047e-06	0.00106427	-1.17856e-06	0.999998	0.00221657	-0.00106427	-0.00221657	0.999997	-0.00311409	-0.00649107	5.93333	
0.999999	-1.62893e-06	0.00125037	-1.62584e-06	0.999997	0.00260304	-0.00125037	-0.00260304	0.999996	-0.00425855	-0.0088741	6.92221	
0.999999	-2.15668e-06	0.00143894	-2.15199e-06	0.999996	0.00299433	-0.00143894	-0.00299433	0.999994	-0.00558826	-0.0116417	7.9111	
0.999999	-2.76656e-06	0.00162998	-2.75977e-06	0.999994	0.00339042	-0.00162998	-0.00339042	0.999993	-0.00710567	-0.0147986	8.89998	
0.999998	-3.46141e-06	0.00182348	-3.45195e-06	0.999993	0.00379127	-0.00182348	-0.00379127	0.999991	-0.00881321	-0.0183495	9.88886	
0.999998	-4.24409e-06	0.00201944	-4.23132e-06	0.999991	0.00419688	-0.00201944	-0.00419688	0.999989	-0.0107133	-0.0222992	10.8777	
0.999998	-5.11751e-06	0.00221785	-5.10069e-06	0.999989	0.00460723	-0.00221785	-0.00460723	0.999987	-0.0128084	-0.0266524	11.8666	
0.999997	-6.08458e-06	0.0024187	-6.06291e-06	0.999987	0.00502227	-0.0024187	-0.00502227	0.999984	-0.0151009	-0.0314136	12.8555	
0.999997	-7.14823e-06	0.00262199	-7.1208e-06	0.999985	0.00544201	-0.00262199	-0.00544201	0.999982	-0.0175933	-0.0365876	13.8444	
0.999996	-8.31142e-06	0.00282771	-8.27725e-06	0.999983	0.00586641	-0.00282771	-0.00586641	0.999979	-0.0202879	-0.042179	14.8332	
0.999995	-9.57712e-06	0.00303585	-9.53513e-06	0.99998	0.00629545	-0.00303585	-0.00629545	0.999976	-0.0231871	-0.0481924	15.8221	
0.999995	-1.09483e-05	0.0032464	-1.08973e-05	0.999977	0.00672911	-0.0032464	-0.00672911	0.999972	-0.0262933	-0.0546323	16.811	
0.999994	-1.24281e-05	0.00345936	-1.23668e-05	0.999974	0.00716736	-0.00345936	-0.00716736	0.999968	-0.0296089	-0.0615033	17.7998	
0.999993	-1.40194e-05	0.00367472	-1.39464e-05	0.999971	0.00761019	-0.00367472	-0.00761019	0.999964	-0.0331363	-0.06881	18.7887	
0.999992	-1.57253e-05	0.00389247	-1.56392e-05	0.999968	0.00805757	-0.00389247	-0.00805757	0.99996	-0.0368779	-0.0765569	19.7775	
0.999992	-1.75488e-05	0.0041126	-1.7448e-05	0.999964	0.00850947	-0.0041126	-0.00850947	0.999955	-0.0408359	-0.0847483	20.7664	
0.999991	-1.94931e-05	0.00433511	-1.93759e-05	0.99996	0.00896587	-0.00433511	-0.00896587	0.99995	-0.0450129	-0.0933889	21.7552	
0.99999	-2.15613e-05	0.00455999	-2.14258e-05	0.999956	0.00942675	-0.00455999	-0.00942675	0.999945	-0.049411	-0.102483	22.7441	
0.999989	-2.37564e-05	0.00478723	-2.36007e-05	0.999951	0.00989209	-0.00478723	-0.00989209	0.99994	-0.0540327	-0.112035	23.7329	
0.999987	-2.60816e-05	0.00501682	-2.59036e-05	0.999946	0.0103618	-0.00501682	-0.0103618	0.999934	-0.0588802	-0.12205	24.7217	
0.999986	-2.854e-05	0.00524875	-2.83376e-05	0.999941	0.010836	-0.00524875	-0.010836	0.999928	-0.063956	-0.132531	25.7105	
0.999985	-3.11348e-05	0.00548302	-3.09056e-05	0.999936	0.0113146	-0.00548302	-0.0113146	0.999921	-0.0692623	-0.143483	26.6993	
0.999984	-3.38691e-05	0.00571961	-3.36107e-05	0.99993	0.0117975	-0.00571961	-0.0117975	0.999914	-0.0748013	-0.154911	27.6882	
0.999982	-3.67461e-05	0.00595852	-3.64559e-05	0.999925	0.0122847	-0.00595852	-0.0122847	0.999907	-0.0805755	-0.166818	28.677	
0.999981	-3.97689e-05	0.00619974	-3.94443e-05	0.999918	0.0127762	-0.00619974	-0.0127762	0.999899	-0.0865871	-0.179209	29.6657	
0.999979	-4.29408e-05	0.00644325	-4.25789e-05	0.999912	0.013272	-0.00644325	-0.013272	0.999891	-0.0928384	-0.192089	30.6545	
0.999978	-4.6265e-05	0.00668906	-4.58627e-05	0.999905	0.0137721	-0.00668906	-0.0137721	0.999883	-0.0993316	-0.20546	31.6433	
0.999976	-4.97446e-05	0.00693714	-4.92988e-05	0.999898	0.0142764	-0.00693714	-0.0142764	0.999874	-0.106069	-0.219329	32.6321	
0.999974	-5.33828e-05	0.0071875	-5.28904e-05	0.999891	0.0147848	-0.0071875	-0.0147848	0.999865	-0.113053	-0.233698	33.6208	
0.999972	-5.7183e-05	0.00744011	-5.66404e-05	0.999883	0.0152975	-0.00744012	-0.0152975	0.999855	-0.120285	-0.248572	34.6096	
0.99997	-6.11483e-05	0.00769498	-6.05519e-05	0.999875	0.0158143	-0.00769498	-0.0158143	0.999845	-0.127769	-0.263955	35.5983	
0.999968	-6.52819e-05	0.00795209	-6.4628e-05	0.999867	0.0163352	-0.00795209	-0.0163352	0.999835	-0.135505	-0.279851	36.5871	
0.999966	-6.95871e-05	0.00821143	-6.88717e-05	0.999858	0.0168602	-0.00821143	-0.0168602	0.999824	-0.143497	-0.296264	37.5758	
0.999964	-7.40671e-05	0.00847299	-7.32861e-05	0.999849	0.0173893	-0.00847299	-0.0173893	0.999813	-0.151747	-0.313199	38.5645	
0.999962	-7.87251e-05	0.00873676	-7.78744e-05	0.999839	0.0179224	-0.00873676	-0.0179224	0.999801	-0.160256	-0.330659	39.5532	
0.999959	-8.35643e-05	0.00900273	-8.26395e-05	0.99983	0.0184595	-0.00900274	-0.0184595	0.999789	-0.169027	-0.348647	40.5419	
0.999957	-8.85881e-05	0.00927089	-8.75845e-05	0.999819	0.0190006	-0.0092709	-0.0190006	0.999776	-0.178063	-0.367169	41.5306	
0.999954	-9.37997e-05	0.00954123	-9.27125e-05	0.999809	0.0195457	-0.00954124	-0.0195457	0.999763	-0.187364	-0.386228	42.5192	
0.999952	-9.92022e-05	0.00981374	-9.80266e-05	0.999798	0.0200947	-0.00981375	-0.0200947	0.99975	-0.196934	-0.405828	43.5079	
0.999949	-0.000104799	0.0100884	-0.00010353	0.999787	0.0206476	-0.0100884	-0.0206476	0.999736	-0.206775	-0.425973	44.4965	
0.999946	-0.000110593	0.0103652	-0.000109225	0.999775	0.0212043	-0.0103652	-0.0212043	0.999721	-0.216888	-0.446667	45.4851	
0.999943	-0.000116588	0.0106442	-0.000115116	0.999763	0.0217649	-0.0106442	-0.0217649	0.999706	-0.227276	-0.467913	46.4737	
0.99994	-0.000122787	0.0109252	-0.000121204	0.999751	0.0223293	-0.0109253	-0.0223293	0.999691	-0.237941	-0.489715	47.4623	
0.999937	-0.000129192	0.0112084	-0.000127494	0.999738	0.0228975	-0.0112085	-0.0228975	0.999675	-0.248885	-0.512077	48.4509	
0.999934	-0.000135809	0.0114937	-0.000133988	0.999725	0.0234694	-0.0114937	-0.0234694	0.999658	-0.26011	-0.535003	49.4394	
0.999931	-0.000142638	0.0117811	-0.00014069	0.999711	0.024045	-0.0117811	-0.024045	0.999641	-0.271618	-0.558496	50.428	
0.999927	-0.000149685	0.0120706	-0.000147601	0.999697	0.0246244	-0.0120706	-0.0246244	0.999624	-0.283411	-0.58256	51.4165	
0.999924	-0.000156951	0.0123621	-0.000154726	0.999682	0.0252074	-0.0123621	-0.0252074	0.999606	-0.295492	-0.607199	52.405	
0.99992	-0.000164441	0.0126557	-0.000162068	0.999667	0.025794	-0.0126557	-0.025794	0.999587	-0.307862	-0.632417	53.3935	
0.999916	-0.000172157	0.0129513	-0.000169628	0.999652	0.0263843	-0.0129513	-0.0263843	0.999568	-0.320523	-0.658216	54.382	
0.999912	-0.000180102	0.0132489	-0.000177411	0.999636	0.0269781	-0.013249	-0.0269781	0.999548	-0.333478	-0.6846	55.3704	
0.999908	-0.00018828	0.0135486	-0.000185418	0.99962	0.0275755	-0.0135486	-0.0275754	0.999528	-0.346727	-0.711574	56.3589	
0.999904	-0.000196693	0.0138503	-0.000193654	0.999603	0.0281763	-0.0138503	-0.0281763	0.999507	-0.360275	-0.73914	57.3473	
0.9999	-0.000205345	0.014154	-0.00020212	0.999586	0.0287807	-0.014154	-0.0287807	0.999486	-0.374121	-0.767302	58.3357	
0.999895	-0.00021424	0.0144596	-0.000210821	0.999568	0.0293885	-0.0144597	-0.0293885	0.999463	-0.388269	-0.796064	59.324	
0.999891	-0.000223379	0.0147672	-0.000219757	0.99955	0.0299997	-0.0147673	-0.0299997	0.999441	-0.40272	-0.825428	60.3124	
0.999886	-0.000232767	0.0150768	-0.000228934	0.999531	0.0306143	-0.0150768	-0.0306143	0.999418	-0.417477	-0.855398	61.3007	
0.999882	-0.000242405	0.0153883	-0.000238353	0.999512	0.0312323	-0.0153884	-0.0312322	0.999394	-0.43254	-0.885978	62.289	
0.999818	-0.00036092	0.0190627	-0.000272842	0.999448	0.033233	-0.0190642	-0.0332322	0.999266	-0.449575	-0.917852	63.2772	
0.999741	-0.00048685	0.0227383	-0.000314763	0.999379	0.035237	-0.0227413	-0.035235	0.99912	-0.470245	-0.951705	64.2653	
0.999651	-0.00062021	0.0264149	-0.000364139	0.999306	0.0372438	-0.0264197	-0.0372404	0.998957	-0.494553	-0.98754	65.2533	
0.999547	-0.000761015	0.0300925	-0.000420992	0.999229	0.0392533	-0.0300991	-0.0392482	0.998776	-0.522498	-1.02536	66.241	
0.999429	-0.000909275	0.0337708	-0.000485338	0.999148	0.0412653	-0.0337796	-0.0412581	0.998577	-0.554083	-1.06517	67.2286	
0.999298	-0.001065	0.0374498	-0.000557195	0.999063	0.0432795	-0.0374608	-0.04327	0.998361	-0.589307	-1.10696	68.216	
0.999153	-0.00122821	0.0411294	-0.000636574	0.998973	0.0452957	-0.0411428	-0.0452835	0.998127	-0.628172	-1.15075	69.2032	
0.998995	-0.0013989	0.0448094	-0.000723488	0.99888	0.0473136	-0.0448254	-0.0472985	0.997875	-0.670679	-1.19652	70.1901	
0.998822	-0.00157709	0.0484897	-0.000817944	0.998782	0.0493331	-0.0485085	-0.0493147	0.997605	-0.716827	-1.24429	71.1767	
0.997452	-0.00281152	0.0712812	-0.00138102	0.998275	0.0586995	-0.0713233	-0.0586484	0.995728	-0.776081	-1.29768	72.1624	
0.995561	-0.00425899	0.0940228	-0.0021583	0.99768	0.0680455	-0.0940945	-0.0679463	0.993242	-0.857875	-1.36027	73.1458	
0.99315	-0.00591861	0.116701	-0.0031493	0.996998	0.0773652	-0.116808	-0.0772027	0.990149	-0.96216	-1.43205	74.1266	
0.990219	-0.00778935	0.139301	-0.00435343	0.996229	0.086653	-0.13945	-0.0864119	0.986451	-1.08887	-1.51295	75.1039	
0.986773	-0.00987009	0.16181	-0.00576995	0.995374	0.0959032	-0.162008	-0.0955683	0.982151	-1.23793	-1.60293	76.0774	
0.982811	-0.0121595	0.184213	-0.00739798	0.994433	0.10511	-0.184466	-0.104666	0.97725	-1.40925	-1.70194	77.0462	
0.978337	-0.0146563	0.206498	-0.00923654	0.993407	0.114268	-0.206811	-0.1137	0.971752	-1.60273	-1.80992	78.0099	
0.973354	-0.0173589	0.22865	-0.0112845	0.992296	0.123372	-0.22903	-0.122665	0.96566	-1.81824	-1.92679	78.9679	
0.967864	-0.0202656	0.250656	-0.0135406	0.991102	0.132416	-0.251109	-0.131554	0.958977	-2.05565	-2.0525	79.9196	
0.961871	-0.0233747	0.272502	-0.0160035	0.989824	0.141394	-0.273034	-0.140364	0.951709	-2.31483	-2.18695	80.8644	
0.955379	-0.0266842	0.294176	-0.0186717	0.988464	0.150301	-0.294793	-0.149087	0.943859	-2.5956	-2.33008	81.8017	
0.948391	-0.0301922	0.315664	-0.0215434	0.987022	0.159131	-0.316371	-0.157719	0.935432	-2.8978	-2.48178	82.7309	
0.940912	-0.0338964	0.336952	-0.0246171	0.9855	0.16788	-0.337757	-0.166255	0.926434	-3.22125	-2.64198	83.6516	
0.932946	-0.0377948	0.358028	-0.0278908	0.983898	0.176541	-0.358935	-0.174689	0.916869	-3.56574	-2.81056	84.563	
0.924498	-0.0418847	0.378879	-0.0313625	0.982217	0.18511	-0.379895	-0.183017	0.906744	-3.93107	-2.98744	85.4648	
0.915574	-0.0461638	0.399492	-0.03503	0.980459	0.193582	-0.400622	-0.191232	0.896065	-4.31701	-3.17249	86.3562	
0.906178	-0.0506295	0.419855	-0.0388912	0.978623	0.20195	-0.421104	-0.199331	0.884838	-4.72333	-3.36562	87.2368	
0.896317	-0.0552789	0.439954	-0.0429437	0.976713	0.21021	-0.441329	-0.207308	0.87307	-5.14978	-3.56669	88.106	
0.885997	-0.0601094	0.459779	-0.0471849	0.974728	0.218357	-0.461284	-0.215158	0.860769	-5.59609	-3.77558	88.9634	
0.875223	-0.0651178	0.479316	-0.0516124	0.972669	0.226386	-0.480958	-0.222877	0.847942	-6.062	-3.99218	89.8083	
0.864003	-0.0703012	0.498554	-0.0562234	0.970539	0.234292	-0.500337	-0.23046	0.834596	-6.54722	-4.21634	90.6402	
0.852344	-0.0756564	0.517481	-0.0610151	0.968338	0.24207	-0.519411	-0.237901	0.820741	-7.05146	-4.44793	91.4587	
0.840252	-0.0811801	0.536085	-0.0659845	0.966068	0.249716	-0.538167	-0.245198	0.806384	-7.5744	-4.68681	92.2633	
0.827734	-0.0868689	0.554355	-0.0711287	0.96373	0.257225	-0.556594	-0.252344	0.791534	-8.11572	-4.93283	93.0534	
0.814799	-0.0927194	0.572281	-0.0764444	0.961326	0.264591	-0.574681	-0.259336	0.7762	-8.6751	-5.18584	93.8286	
0.801455	-0.0987279	0.58985	-0.0819284	0.958857	0.271811	-0.592417	-0.26617	0.760392	-9.2522	-5.44568	94.5884	
0.787709	-0.104891	0.607052	-0.0875775	0.956324	0.278881	-0.609791	-0.272841	0.744119	-9.84665	-5.71221	95.3324	
