1	0	0	0	1	0	0	0	1	0	0	0	
0.999989	7.01909e-07	0.00464832	7.01909e-07	1	-0.000302003	-0.00464832	0.000302003	0.999989	-0.00190394	0.0001237	0.819189	
0.999957	2.80957e-06	0.00929649	2.81354e-06	1	-0.000604851	-0.00929649	0.000604851	0.999957	-0.00761569	0.000495144	1.63836	
0.999903	6.32686e-06	0.0139444	6.34275e-06	1	-0.000908536	-0.0139444	0.000908536	0.999902	-0.0171351	0.00111502	2.4575	
0.999827	1.12576e-05	0.0185919	1.12973e-05	0.999999	-0.00121305	-0.0185919	0.00121305	0.999826	-0.0304619	0.00198402	3.27658	
0.99973	1.76057e-05	0.023239	1.76851e-05	0.999999	-0.00151839	-0.023239	0.00151839	0.999729	-0.0475957	0.00310281	4.09559	
0.999611	2.53748e-05	0.0278856	2.55138e-05	0.999998	-0.00182455	-0.0278856	0.00182455	0.999609	-0.0685362	0.00447207	4.91451	
0.999471	3.45687e-05	0.0325314	3.47911e-05	0.999998	-0.00213152	-0.0325314	0.00213152	0.999468	-0.0932828	0.00609246	5.73333	
0.999309	4.51912e-05	0.0371765	4.55247e-05	0.999997	-0.00243929	-0.0371765	0.0024393	0.999306	-0.121835	0.00796465	6.55202	
0.999125	5.72458e-05	0.0418208	5.77223e-05	0.999996	-0.00274786	-0.0418208	0.00274787	0.999121	-0.154192	0.0100893	7.37057	
0.99892	7.07364e-05	0.046464	7.13915e-05	0.999995	-0.00305721	-0.046464	0.00305723	0.998915	-0.190353	0.012467	8.18896	
0.998693	8.56665e-05	0.0511062	8.65399e-05	0.999994	-0.00336735	-0.0511062	0.00336738	0.998688	-0.230318	0.0150985	9.00717	
0.998445	0.00010204	0.0557473	0.000103175	0.999993	-0.00367827	-0.0557473	0.0036783	0.998438	-0.274084	0.0179844	9.82518	
0.998175	0.000119859	0.060387	0.000121304	0.999992	-0.00398995	-0.060387	0.00399	0.998167	-0.321653	0.0211253	10.643	
0.997884	0.000139129	0.0650254	0.000140935	0.999991	-0.0043024	-0.0650254	0.00430246	0.997874	-0.373021	0.0245219	11.4606	
0.997571	0.000159853	0.0696624	0.000162076	0.999989	-0.0046156	-0.0696624	0.00461567	0.99756	-0.428189	0.0281747	12.2779	
0.997236	0.000182034	0.0742977	0.000184732	0.999988	-0.00492954	-0.0742977	0.00492964	0.997224	-0.487154	0.0320845	13.0949	
0.99688	0.000205675	0.0789314	0.000208913	0.999986	-0.00524422	-0.0789314	0.00524435	0.996866	-0.549916	0.0362517	13.9117	
0.996502	0.000230781	0.0835633	0.000234625	0.999985	-0.00555964	-0.0835633	0.0055598	0.996487	-0.616474	0.040677	14.7282	
0.996103	0.000257353	0.0881934	0.000261876	0.999983	-0.00587578	-0.0881933	0.00587598	0.996086	-0.686825	0.0453611	15.5443	
0.995683	0.000285397	0.0928214	0.000290672	0.999981	-0.00619263	-0.0928214	0.00619288	0.995664	-0.760968	0.0503045	16.3601	
0.995241	0.000314914	0.0974474	0.000321022	0.999979	-0.00651019	-0.0974474	0.00651049	0.995219	-0.838901	0.0555077	17.1756	
0.994777	0.000345909	0.102071	0.000352932	0.999977	-0.00682846	-0.102071	0.00682882	0.994754	-0.920623	0.0609715	17.9907	
0.994292	0.000378384	0.106693	0.000386409	0.999974	-0.00714742	-0.106693	0.00714785	0.994266	-1.00613	0.0666963	18.8054	
0.993785	0.000412343	0.111312	0.000421461	0.999972	-0.00746706	-0.111312	0.00746757	0.993757	-1.09543	0.0726827	19.6197	
0.993257	0.000447789	0.115929	0.000458094	0.99997	-0.00778738	-0.115929	0.00778798	0.993227	-1.1885	0.0789313	20.4335	
0.992708	0.000484724	0.120543	0.000496316	0.999967	-0.00810837	-0.120543	0.00810907	0.992675	-1.28536	0.0854427	21.247	
0.992137	0.000523153	0.125154	0.000536134	0.999964	-0.00843003	-0.125154	0.00843084	0.992101	-1.386	0.0922174	22.0599	
0.991545	0.000563078	0.129763	0.000577554	0.999962	-0.00875233	-0.129763	0.00875328	0.991506	-1.49041	0.0992559	22.8724	
0.990931	0.000604503	0.134369	0.000620584	0.999959	-0.00907529	-0.134369	0.00907637	0.99089	-1.5986	0.106559	23.6844	
0.990296	0.000647429	0.138971	0.00066523	0.999956	-0.00939888	-0.138971	0.00940012	0.990252	-1.71056	0.114127	24.4958	
0.98964	0.000691861	0.143571	0.000711499	0.999952	-0.0097231	-0.143571	0.00972451	0.989592	-1.82629	0.12196	25.3068	
0.988962	0.000737801	0.148168	0.000759399	0.999949	-0.0100479	-0.148168	0.0100495	0.988911	-1.94578	0.13006	26.1172	
0.988263	0.000785252	0.152761	0.000808935	0.999946	-0.0103734	-0.152761	0.0103752	0.988209	-2.06904	0.138426	26.927	
0.987542	0.000834217	0.157351	0.000860114	0.999942	-0.0106995	-0.157351	0.0107015	0.987485	-2.19606	0.147058	27.7362	
0.986801	0.000884699	0.161937	0.000912944	0.999939	-0.0110261	-0.161937	0.0110284	0.986739	-2.32684	0.155959	28.5449	
0.986038	0.000936701	0.16652	0.000967431	0.999935	-0.0113534	-0.16652	0.0113559	0.985973	-2.46137	0.165128	29.3529	
0.985253	0.000990224	0.171099	0.00102358	0.999931	-0.0116812	-0.171099	0.0116841	0.985185	-2.59966	0.174565	30.1603	
0.984448	0.00104527	0.175675	0.0010814	0.999927	-0.0120096	-0.175674	0.0120128	0.984375	-2.7417	0.184271	30.967	
0.983621	0.00110185	0.180246	0.0011409	0.999923	-0.0123385	-0.180246	0.0123421	0.983544	-2.88748	0.194246	31.773	
0.982773	0.00115996	0.184814	0.00120208	0.999919	-0.0126681	-0.184813	0.012672	0.982692	-3.03701	0.204492	32.5784	
0.981904	0.0012196	0.189377	0.00126494	0.999915	-0.0129981	-0.189377	0.0130025	0.981818	-3.19028	0.215008	33.3831	
0.981013	0.00128077	0.193936	0.00132951	0.99991	-0.0133287	-0.193936	0.0133335	0.980924	-3.34728	0.225795	34.187	
0.980102	0.00134349	0.198492	0.00139577	0.999906	-0.0136598	-0.198491	0.0136651	0.980007	-3.50802	0.236854	34.9902	
0.979169	0.00140774	0.203042	0.00146375	0.999901	-0.0139915	-0.203042	0.0139972	0.97907	-3.67249	0.248184	35.7926	
0.978215	0.00147354	0.207588	0.00153344	0.999896	-0.0143237	-0.207588	0.0143299	0.978111	-3.84068	0.259787	36.5943	
0.97724	0.00154089	0.21213	0.00160485	0.999891	-0.0146563	-0.212129	0.0146632	0.977132	-4.01259	0.271663	37.3951	
0.976244	0.00160978	0.216667	0.00167798	0.999886	-0.0149895	-0.216666	0.0149969	0.976131	-4.18823	0.283811	38.1952	
0.975227	0.00168023	0.221199	0.00175285	0.999881	-0.0153231	-0.221199	0.0153312	0.975108	-4.36757	0.296234	38.9944	
0.974189	0.00175222	0.225726	0.00182946	0.999876	-0.0156572	-0.225726	0.015666	0.974065	-4.55063	0.30893	39.7928	
0.97313	0.00182578	0.230249	0.00190781	0.99987	-0.0159918	-0.230248	0.0160014	0.973	-4.7374	0.321901	40.5903	
0.97205	0.00190089	0.234766	0.00198792	0.999865	-0.0163268	-0.234765	0.0163372	0.971915	-4.92787	0.335147	41.3869	
0.970949	0.00197756	0.239278	0.00206978	0.999859	-0.0166623	-0.239277	0.0166735	0.970808	-5.12203	0.348668	42.1827	
0.969827	0.00205579	0.243785	0.0021534	0.999853	-0.0169982	-0.243784	0.0170103	0.96968	-5.31989	0.362464	42.9775	
0.968684	0.00213558	0.248287	0.00223879	0.999847	-0.0173346	-0.248286	0.0173476	0.968531	-5.52144	0.376537	43.7714	
0.967521	0.00221695	0.252783	0.00232596	0.999841	-0.0176713	-0.252782	0.0176854	0.967362	-5.72668	0.390887	44.5643	
0.966336	0.00229988	0.257273	0.00241491	0.999835	-0.0180085	-0.257272	0.0180236	0.966171	-5.9356	0.405513	45.3563	
0.964354	0.00244033	0.264605	0.00266228	0.999817	-0.0189235	-0.264603	0.0189534	0.964171	-6.14935	0.420659	46.1469	
0.962316	0.00258784	0.271922	0.00291647	0.999799	-0.0198362	-0.271919	0.0198817	0.962115	-6.36911	0.436565	46.9359	
0.960222	0.0027424	0.279223	0.00317748	0.99978	-0.0207464	-0.279218	0.0208084	0.960002	-6.59486	0.453232	47.7232	
0.958073	0.002904	0.286508	0.0034453	0.99976	-0.0216544	-0.286502	0.0217336	0.957833	-6.82657	0.470657	48.5088	
0.955869	0.00307262	0.293776	0.00371991	0.999739	-0.0225599	-0.293769	0.0226571	0.955608	-7.06425	0.488839	49.2925	
0.95361	0.00324826	0.301028	0.00400131	0.999717	-0.023463	-0.301019	0.0235791	0.953327	-7.30788	0.507778	50.0744	
0.951295	0.0034309	0.308262	0.00428947	0.999694	-0.0243637	-0.308251	0.0244994	0.950989	-7.55743	0.527471	50.8544	
0.948926	0.00362052	0.315478	0.0045844	0.99967	-0.0252619	-0.315466	0.025418	0.948597	-7.81291	0.547917	51.6325	
0.946502	0.00381713	0.322676	0.00488608	0.999646	-0.0261577	-0.322662	0.0263349	0.946148	-8.07428	0.569114	52.4086	
0.944023	0.00402069	0.329855	0.0051945	0.999621	-0.0270509	-0.329839	0.0272501	0.943644	-8.34154	0.591063	53.1826	
0.94149	0.00423121	0.337015	0.00550965	0.999594	-0.0279417	-0.336997	0.0281636	0.941084	-8.61468	0.61376	53.9546	
0.938902	0.00444866	0.344156	0.00583152	0.999567	-0.0288299	-0.344135	0.0290754	0.93847	-8.89367	0.637205	54.7245	
0.93626	0.00467304	0.351276	0.00616011	0.999539	-0.0297155	-0.351254	0.0299853	0.9358	-9.1785	0.661396	55.4922	
0.933564	0.00490433	0.358377	0.00649539	0.999511	-0.0305985	-0.358351	0.0308935	0.933076	-9.46915	0.686332	56.2576	
0.930814	0.00514251	0.365456	0.00683738	0.999481	-0.031479	-0.365428	0.0317998	0.930296	-9.76561	0.712011	57.0209	
0.928011	0.00538758	0.372514	0.00718605	0.999451	-0.0323568	-0.372484	0.0327043	0.927462	-10.0679	0.738432	57.7818	
0.925154	0.00563951	0.37955	0.00754139	0.999419	-0.0332319	-0.379517	0.033607	0.924574	-10.3759	0.765593	58.5404	
0.922244	0.0058983	0.386564	0.00790341	0.999387	-0.0341044	-0.386529	0.0345077	0.921632	-10.6896	0.793493	59.2966	
0.91928	0.00616392	0.393556	0.00827209	0.999354	-0.0349742	-0.393517	0.0354066	0.918635	-11.0092	0.822129	60.0504	
0.916263	0.00643637	0.400525	0.00864742	0.99932	-0.0358412	-0.400483	0.0363035	0.915585	-11.3344	0.851502	60.8017	
0.913194	0.00671563	0.40747	0.0090294	0.999285	-0.0367055	-0.407426	0.0371985	0.91248	-11.6653	0.881608	61.5504	
0.910072	0.00700168	0.414392	0.00941802	0.99925	-0.0375671	-0.414344	0.0380915	0.909323	-12.0019	0.912447	62.2966	
0.906897	0.00729451	0.421289	0.00981327	0.999213	-0.0384258	-0.421238	0.0389825	0.906112	-12.3441	0.944016	63.0402	
0.90367	0.0075941	0.428162	0.0102151	0.999176	-0.0392818	-0.428108	0.0398715	0.902848	-12.692	0.976314	63.7812	
0.900391	0.00790044	0.43501	0.0106236	0.999138	-0.0401349	-0.434952	0.0407584	0.899531	-13.0455	1.00934	64.5194	
0.89706	0.00821351	0.441833	0.0110388	0.999099	-0.0409851	-0.441771	0.0416434	0.896161	-13.4046	1.04309	65.2549	
0.893677	0.0085333	0.448629	0.0114605	0.999059	-0.0418324	-0.448564	0.0425262	0.892738	-13.7693	1.07757	65.9877	
0.890243	0.00885979	0.455399	0.0118888	0.999018	-0.0426768	-0.45533	0.0434069	0.889264	-14.1396	1.11277	66.7176	
0.886758	0.00919296	0.462143	0.0123237	0.998977	-0.0435183	-0.46207	0.0442855	0.885737	-14.5153	1.14868	67.4446	
0.883221	0.00953279	0.46886	0.0127652	0.998934	-0.0443568	-0.468783	0.045162	0.882158	-14.8966	1.18532	68.1687	
0.879634	0.00987928	0.475549	0.0132133	0.998891	-0.0451923	-0.475468	0.0460363	0.878527	-15.2834	1.22268	68.8899	
0.869902	0.010842	0.493106	0.0151227	0.998702	-0.048637	-0.492993	0.0497666	0.868609	-15.68	1.26192	69.6056	
0.85982	0.0118794	0.510459	0.0171009	0.998498	-0.0520419	-0.510311	0.053476	0.858326	-16.091	1.30421	70.3129	
0.849392	0.0129912	0.527602	0.0191469	0.99828	-0.0554056	-0.527415	0.057163	0.847683	-16.5161	1.34953	71.0117	
0.838623	0.0141768	0.544528	0.0212599	0.998048	-0.0587265	-0.544297	0.060826	0.836684	-16.9551	1.39786	71.7017	
0.827517	0.0154358	0.561229	0.0234391	0.997801	-0.0620034	-0.560952	0.0644635	0.825335	-17.4078	1.44918	72.3824	
0.816078	0.0167676	0.577698	0.0256834	0.997539	-0.0652349	-0.577371	0.068074	0.813639	-17.874	1.50346	73.0538	
0.804312	0.0181717	0.593929	0.0279921	0.997264	-0.0684195	-0.593548	0.071656	0.801603	-18.3537	1.5607	73.7154	
0.792223	0.0196475	0.609915	0.030364	0.996974	-0.0715561	-0.609476	0.0752078	0.78923	-18.8464	1.62086	74.367	
0.779817	0.0211944	0.625649	0.0327982	0.996671	-0.0746432	-0.625148	0.0787282	0.776526	-19.3522	1.68391	75.0084	
0.767098	0.0228116	0.641124	0.0352937	0.996353	-0.0776795	-0.640558	0.0822155	0.763496	-19.8706	1.74983	75.6392	
0.754073	0.0244986	0.656334	0.0378495	0.996022	-0.0806639	-0.6557	0.0856683	0.750146	-20.4016	1.8186	76.2592	
0.740745	0.0262547	0.671273	0.0404644	0.995678	-0.083595	-0.670566	0.0890852	0.736481	-20.9448	1.89018	76.8681	
