1	0	0	0	1	0	0	0	1	0	0	0	
1	1.99363e-06	0.000871838	1.99363e-06	0.99999	-0.00457336	-0.000871838	0.00457336	0.999989	-0.000363266	0.00190557	0.83333	
0.999998	7.99139e-06	0.00174612	7.98019e-06	0.999958	-0.00914671	-0.00174612	0.00914671	0.999957	-0.00145408	0.00762228	1.66664	
0.999997	1.80157e-05	0.00262282	1.7971e-05	0.999906	-0.0137199	-0.00262282	0.0137199	0.999902	-0.00327448	0.0171501	2.49992	
0.999994	3.2089e-05	0.00350193	3.1977e-05	0.999833	-0.0182929	-0.00350193	0.0182929	0.999827	-0.00582647	0.0304887	3.33314	
0.99999	5.02334e-05	0.00438342	5.00095e-05	0.999739	-0.0228655	-0.00438343	0.0228655	0.999729	-0.00911204	0.0476381	4.16629	
0.999986	7.24711e-05	0.00526728	7.20791e-05	0.999624	-0.0274377	-0.00526728	0.0274377	0.99961	-0.0131332	0.0685978	4.99935	
0.999981	9.88241e-05	0.00615347	9.81969e-05	0.999488	-0.0320093	-0.00615348	0.0320093	0.999469	-0.0178918	0.0933675	5.8323	
0.999975	0.000129314	0.00704199	0.000128373	0.999331	-0.0365803	-0.00704201	0.0365803	0.999306	-0.02339	0.121947	6.66512	
0.999969	0.000163963	0.0079328	0.000162619	0.999153	-0.0411504	-0.00793283	0.0411504	0.999121	-0.0296295	0.154334	7.4978	
0.999961	0.000202793	0.0088259	0.000200945	0.998954	-0.0457197	-0.00882594	0.0457197	0.998915	-0.0366123	0.19053	8.33032	
0.999953	0.000245825	0.00972125	0.00024336	0.998735	-0.0502881	-0.00972131	0.050288	0.998687	-0.0443404	0.230534	9.16266	
0.999944	0.00029308	0.0106188	0.000289876	0.998494	-0.0548553	-0.0106189	0.0548552	0.998438	-0.0528155	0.274343	9.99479	
0.999934	0.000344581	0.0115186	0.000340503	0.998233	-0.0594213	-0.0115187	0.0594213	0.998167	-0.0620395	0.321959	10.8267	
0.999923	0.000400347	0.0124206	0.000395249	0.997951	-0.063986	-0.0124208	0.0639859	0.997874	-0.0720143	0.373378	11.6584	
0.999911	0.0004604	0.0133248	0.000454126	0.997648	-0.0685493	-0.013325	0.0685492	0.997559	-0.0827418	0.428602	12.4898	
0.999899	0.000524762	0.0142311	0.000517144	0.997324	-0.073111	-0.0142314	0.073111	0.997222	-0.0942236	0.487627	13.321	
0.999885	0.000593452	0.0151395	0.00058431	0.996979	-0.0776711	-0.0151399	0.0776711	0.996864	-0.106462	0.550453	14.1519	
0.999871	0.000666493	0.01605	0.000655637	0.996613	-0.0822295	-0.0160505	0.0822295	0.996484	-0.119458	0.617078	14.9824	
0.999856	0.000743903	0.0169626	0.000731131	0.996227	-0.0867861	-0.0169632	0.086786	0.996083	-0.133213	0.687501	15.8127	
0.99984	0.000825704	0.0178773	0.000810804	0.995819	-0.0913407	-0.017878	0.0913406	0.995659	-0.147731	0.761721	16.6426	
0.999823	0.000911916	0.018794	0.000894664	0.995391	-0.0958932	-0.0187948	0.0958931	0.995214	-0.163011	0.839735	17.4721	
0.999805	0.00100256	0.0197127	0.000982721	0.994942	-0.100444	-0.0197137	0.100443	0.994747	-0.179056	0.921542	18.3012	
0.999787	0.00109765	0.0206334	0.00107498	0.994473	-0.104992	-0.0206346	0.104991	0.994259	-0.195868	1.00714	19.13	
0.999767	0.00119722	0.0215561	0.00117146	0.993982	-0.109537	-0.0215575	0.109537	0.993749	-0.213448	1.09653	19.9583	
0.999746	0.00130128	0.0224807	0.00127216	0.993471	-0.114081	-0.0224823	0.11408	0.993217	-0.231798	1.1897	20.7862	
0.999725	0.00140984	0.0234072	0.00137709	0.992939	-0.118621	-0.0234091	0.118621	0.992664	-0.25092	1.28666	21.6137	
0.999703	0.00152294	0.0243356	0.00148626	0.992386	-0.123159	-0.0243379	0.123159	0.992088	-0.270814	1.3874	22.4407	
0.999679	0.00164059	0.0252659	0.00159967	0.991812	-0.127695	-0.0252685	0.127694	0.991492	-0.291484	1.49192	23.2672	
0.999655	0.0017628	0.026198	0.00171735	0.991218	-0.132227	-0.026201	0.132226	0.990873	-0.312929	1.60022	24.0932	
0.99963	0.00188961	0.0271319	0.00183929	0.990603	-0.136756	-0.0271354	0.136755	0.990233	-0.335153	1.7123	24.9186	
0.999604	0.00202102	0.0280677	0.0019655	0.989967	-0.141282	-0.0280716	0.141281	0.989571	-0.358156	1.82815	25.7435	
0.999577	0.00215705	0.0290052	0.00209599	0.989311	-0.145805	-0.0290097	0.145804	0.988888	-0.38194	1.94777	26.5679	
0.999549	0.00229774	0.0299444	0.00223077	0.988634	-0.150325	-0.0299495	0.150324	0.988183	-0.406506	2.07116	27.3917	
0.99952	0.00244308	0.0308854	0.00236985	0.987937	-0.154841	-0.0308911	0.15484	0.987457	-0.431856	2.19831	28.2149	
0.99949	0.00259311	0.0318281	0.00251323	0.987218	-0.159354	-0.0318345	0.159352	0.986708	-0.457992	2.32922	29.0374	
0.999459	0.00274784	0.0327724	0.00266092	0.98648	-0.163862	-0.0327796	0.163861	0.985939	-0.484915	2.46389	29.8594	
0.999427	0.00290728	0.0337184	0.00281293	0.98572	-0.168368	-0.0337264	0.168366	0.985147	-0.512625	2.60232	30.6807	
0.999394	0.00307146	0.034666	0.00296927	0.98494	-0.172869	-0.0346749	0.172867	0.984335	-0.541126	2.7445	31.5013	
0.99936	0.0032404	0.0356152	0.00312994	0.98414	-0.177367	-0.035625	0.177365	0.9835	-0.570418	2.89043	32.3212	
0.999325	0.0034141	0.0365659	0.00329494	0.983319	-0.18186	-0.0365768	0.181858	0.982644	-0.600502	3.04011	33.1404	
0.999289	0.0035926	0.0375182	0.0034643	0.982477	-0.186349	-0.0375303	0.186347	0.981767	-0.63138	3.19353	33.9589	
0.999253	0.0037759	0.038472	0.00363801	0.981616	-0.190834	-0.0384853	0.190831	0.980868	-0.663053	3.35069	34.7767	
0.999215	0.00396403	0.0394273	0.00381608	0.980733	-0.195315	-0.0394419	0.195312	0.979948	-0.695523	3.51158	35.5937	
0.999176	0.004157	0.0403841	0.00399851	0.97983	-0.199791	-0.0404001	0.199788	0.979006	-0.72879	3.6762	36.4099	
0.999136	0.00435483	0.0413423	0.00418532	0.978907	-0.204262	-0.0413598	0.204259	0.978043	-0.762857	3.84456	37.2254	
0.999094	0.00455753	0.0423019	0.0043765	0.977964	-0.208729	-0.042321	0.208725	0.977058	-0.797724	4.01663	38.04	
0.999052	0.00476513	0.0432629	0.00457208	0.977	-0.213191	-0.0432838	0.213187	0.976052	-0.833393	4.19243	38.8538	
0.999009	0.00497763	0.0442253	0.00477204	0.976016	-0.217648	-0.0442479	0.217644	0.975025	-0.869864	4.37194	39.6668	
0.998965	0.00519506	0.045189	0.0049764	0.975011	-0.222101	-0.0452136	0.222096	0.973976	-0.90714	4.55517	40.4788	
0.99892	0.00541743	0.0461539	0.00518516	0.973986	-0.226548	-0.0461806	0.226542	0.972906	-0.945221	4.7421	41.29	
0.998873	0.00564476	0.0471202	0.00539833	0.972941	-0.230989	-0.0471491	0.230984	0.971815	-0.984109	4.93274	42.1003	
0.998826	0.00587706	0.0480877	0.00561592	0.971876	-0.235426	-0.0481189	0.23542	0.970702	-1.0238	5.12707	42.9097	
0.998777	0.00611435	0.0490564	0.00583793	0.970791	-0.239857	-0.0490901	0.23985	0.969568	-1.06431	5.3251	43.7182	
0.998728	0.00635665	0.0500264	0.00606436	0.969685	-0.244283	-0.0500626	0.244276	0.968413	-1.10562	5.52682	44.5257	
0.998677	0.00660396	0.0509974	0.00629522	0.968559	-0.248703	-0.0510365	0.248695	0.967236	-1.14775	5.73223	45.3322	
0.998625	0.00685631	0.0519697	0.00653051	0.967414	-0.253117	-0.0520116	0.253109	0.966039	-1.19068	5.94131	46.1377	
0.998572	0.00711371	0.052943	0.00677025	0.966248	-0.257526	-0.052988	0.257517	0.96482	-1.23443	6.15407	46.9423	
0.998363	0.00810272	0.0566235	0.0069534	0.965383	-0.260744	-0.0567761	0.260711	0.963746	-1.28017	6.37	47.7458	
0.998138	0.00910559	0.0603061	0.00714973	0.964505	-0.263967	-0.0605691	0.263907	0.962645	-1.32906	6.58859	48.5485	
0.997899	0.0101223	0.0639902	0.00735932	0.963614	-0.267195	-0.0643665	0.267105	0.961516	-1.38112	6.80985	49.3502	
0.997645	0.0111528	0.0676754	0.00758223	0.962711	-0.270427	-0.0681679	0.270304	0.960359	-1.43634	7.03377	50.151	
0.997376	0.0121971	0.0713615	0.00781851	0.961794	-0.273664	-0.0719729	0.273504	0.959174	-1.49473	7.26035	50.9508	
0.997092	0.0132551	0.075048	0.00806822	0.960864	-0.276904	-0.0757813	0.276704	0.957963	-1.5563	7.48961	51.7496	
0.996793	0.0143268	0.0787345	0.00833139	0.959921	-0.280147	-0.0795925	0.279904	0.956723	-1.62104	7.72153	52.5474	
0.996478	0.0154121	0.0824208	0.00860807	0.958965	-0.283393	-0.0834063	0.283104	0.955456	-1.68895	7.95612	53.3442	
0.996149	0.016511	0.0861063	0.00889829	0.957997	-0.286641	-0.0872223	0.286303	0.954161	-1.76005	8.19337	54.1398	
0.995805	0.0176235	0.0897907	0.00920209	0.957016	-0.289891	-0.09104	0.289501	0.952838	-1.83432	8.43329	54.9344	
0.995445	0.0187495	0.0934737	0.00951949	0.956022	-0.293142	-0.0948592	0.292697	0.951489	-1.91178	8.67587	55.7279	
0.995071	0.0198889	0.0971549	0.0098505	0.955015	-0.296394	-0.0986794	0.29589	0.950111	-1.99242	8.92112	56.5202	
0.994681	0.0210417	0.100834	0.0101952	0.953996	-0.299647	-0.1025	0.299081	0.948706	-2.07625	9.16902	57.3114	
0.994276	0.0222078	0.104511	0.0105535	0.952964	-0.3029	-0.106322	0.30227	0.947274	-2.16326	9.41958	58.1014	
0.993856	0.0233872	0.108184	0.0109254	0.95192	-0.306153	-0.110143	0.305454	0.945815	-2.25345	9.6728	58.8902	
0.993421	0.0245797	0.111855	0.011311	0.950863	-0.309406	-0.113964	0.308635	0.944329	-2.34683	9.92867	59.6777	
0.99297	0.0257853	0.115522	0.0117102	0.949794	-0.312657	-0.117784	0.311811	0.942815	-2.44339	10.1872	60.4641	
0.992505	0.0270039	0.119185	0.0121231	0.948713	-0.315906	-0.121603	0.314983	0.941275	-2.54314	10.4484	61.2491	
0.992024	0.0282354	0.122844	0.0125496	0.94762	-0.319154	-0.12542	0.31815	0.939708	-2.64606	10.7122	62.0328	
0.991529	0.0294798	0.126498	0.0129897	0.946515	-0.322399	-0.129236	0.321311	0.938114	-2.75217	10.9786	62.8153	
0.991018	0.030737	0.130147	0.0134434	0.945398	-0.325641	-0.13305	0.324466	0.936493	-2.86146	11.2477	63.5964	
0.990493	0.0320068	0.133791	0.0139106	0.944269	-0.32888	-0.136861	0.327615	0.934846	-2.97392	11.5194	64.3761	
0.989952	0.0332891	0.13743	0.0143913	0.943129	-0.332116	-0.14067	0.330757	0.933173	-3.08956	11.7937	65.1544	
0.989396	0.034584	0.141062	0.0148854	0.941977	-0.335348	-0.144475	0.333891	0.931474	-3.20837	12.0706	65.9314	
0.988826	0.0358911	0.144689	0.015393	0.940814	-0.338575	-0.148277	0.337019	0.929749	-3.33035	12.3502	66.7069	
0.988241	0.0372106	0.148308	0.015914	0.939639	-0.341797	-0.152075	0.340138	0.927998	-3.4555	12.6323	67.4809	
0.987641	0.0385422	0.151921	0.0164482	0.938454	-0.345014	-0.155869	0.343248	0.926221	-3.58381	12.9171	68.2535	
0.987026	0.0398858	0.155527	0.0169957	0.937257	-0.348225	-0.159658	0.34635	0.924419	-3.71528	13.2044	69.0246	
0.986397	0.0412413	0.159125	0.0175564	0.93605	-0.35143	-0.163443	0.349443	0.922592	-3.8499	13.4943	69.7942	
0.983029	0.0479646	0.177071	0.0162678	0.938622	-0.344564	-0.18273	0.341597	0.921912	-3.99414	13.7823	70.5628	
0.979286	0.0545338	0.195	0.0148359	0.941135	-0.337705	-0.201937	0.333602	0.920832	-4.15443	14.0636	71.3306	
0.975171	0.060946	0.212903	0.0132614	0.943588	-0.330855	-0.221057	0.325463	0.919352	-4.33068	14.3382	72.0974	
0.970684	0.0671985	0.230774	0.0115449	0.945981	-0.324017	-0.240081	0.317183	0.917473	-4.52283	14.606	72.8628	
0.965828	0.0732885	0.248605	0.0096871	0.948311	-0.317196	-0.259001	0.308765	0.915195	-4.73079	14.8668	73.6264	
0.960606	0.0792134	0.266387	0.00768889	0.950577	-0.310392	-0.277809	0.300213	0.912521	-4.95447	15.1206	74.388	
0.955018	0.0849707	0.284114	0.00555112	0.95278	-0.30361	-0.296496	0.29153	0.909451	-5.19377	15.3672	75.1472	
0.949068	0.0905577	0.301776	0.00327471	0.954918	-0.296852	-0.315054	0.282721	0.905985	-5.44859	15.6064	75.9036	
0.942758	0.0959722	0.319368	0.000860642	0.956989	-0.290122	-0.333476	0.27379	0.902127	-5.71882	15.8383	76.657	
0.936092	0.101212	0.336881	-0.00169003	0.958994	-0.283422	-0.351752	0.264739	0.897877	-6.00434	16.0627	77.4071	
0.929071	0.106274	0.354307	-0.00437619	0.960931	-0.276754	-0.369876	0.255574	0.893238	-6.30503	16.2795	78.1534	
0.921699	0.111157	0.371639	-0.00719669	0.962799	-0.270123	-0.38784	0.246298	0.88821	-6.62076	16.4886	78.8957	
0.913979	0.115858	0.38887	-0.0101503	0.964598	-0.263531	-0.405635	0.236915	0.882798	-6.95139	16.69	79.6336	
