1	0	0	0	1	0	0	0	1	0	0	0	
0.999997	6.25883e-06	-0.00262762	6.25883e-06	0.999989	0.00476384	0.00262762	-0.00476384	0.999985	0.0012667	-0.00229651	0.964137	
0.999986	2.50322e-05	-0.00525464	2.50363e-05	0.999955	0.00952816	0.00525464	-0.00952816	0.999941	0.00506652	-0.00918628	1.92824	
0.999969	5.63161e-05	-0.00788097	5.63326e-05	0.999898	0.0142928	0.00788097	-0.0142928	0.999867	0.0113988	-0.0206697	2.8923	
0.999945	0.000100106	-0.0105065	0.000100147	0.999818	0.0190576	0.0105065	-0.0190576	0.999763	0.0202629	-0.036747	3.85626	
0.999914	0.000156398	-0.0131313	0.00015648	0.999716	0.0238225	0.0131313	-0.0238225	0.99963	0.0316581	-0.0574183	4.82011	
0.999876	0.000225185	-0.0157551	0.00022533	0.999591	0.0285873	0.0157551	-0.0285873	0.999467	0.0455834	-0.0826836	5.78382	
0.999831	0.000306463	-0.0183779	0.000306694	0.999444	0.0333518	0.0183779	-0.0333518	0.999275	0.0620379	-0.112543	6.74736	
0.999779	0.000400226	-0.0209996	0.000400572	0.999273	0.0381159	0.0209996	-0.0381159	0.999053	0.0810207	-0.146995	7.7107	
0.999721	0.000506467	-0.0236202	0.000506961	0.99908	0.0428795	0.0236202	-0.0428795	0.998801	0.102531	-0.186041	8.6738	
0.999655	0.000625178	-0.0262395	0.000625858	0.998864	0.0476424	0.0262395	-0.0476424	0.99852	0.126567	-0.229679	9.63666	
0.999583	0.000756354	-0.0288575	0.000757261	0.998626	0.0524044	0.0288575	-0.0524045	0.998209	0.153127	-0.277909	10.5992	
0.999504	0.000899986	-0.0314741	0.000901165	0.998364	0.0571655	0.031474	-0.0571655	0.997868	0.182211	-0.330729	11.5615	
0.999418	0.00105607	-0.0340892	0.00105757	0.99808	0.0619255	0.0340891	-0.0619255	0.997498	0.213817	-0.38814	12.5234	
0.999325	0.00122459	-0.0367027	0.00122646	0.997773	0.0666842	0.0367027	-0.0666842	0.997099	0.247944	-0.450139	13.4849	
0.999226	0.00140554	-0.0393147	0.00140784	0.997444	0.0714414	0.0393146	-0.0714415	0.99667	0.28459	-0.516725	14.4461	
0.999119	0.00159891	-0.0419249	0.00160171	0.997091	0.0761972	0.0419248	-0.0761972	0.996211	0.323753	-0.587898	15.4068	
0.999006	0.00180469	-0.0445333	0.00180805	0.996716	0.0809512	0.0445331	-0.0809512	0.995723	0.365432	-0.663655	16.367	
0.998886	0.00202288	-0.0471398	0.00202687	0.996319	0.0857033	0.0471396	-0.0857034	0.995205	0.409625	-0.743994	17.3268	
0.998759	0.00225345	-0.0497444	0.00225815	0.995898	0.0904535	0.0497442	-0.0904536	0.994658	0.45633	-0.828915	18.2861	
0.998626	0.00249641	-0.0523469	0.00250188	0.995455	0.0952015	0.0523466	-0.0952017	0.994081	0.505545	-0.918414	19.2448	
0.998485	0.00275173	-0.0549473	0.00275807	0.994989	0.0999473	0.054947	-0.0999475	0.993474	0.557268	-1.01249	20.2029	
0.998338	0.00301941	-0.0575456	0.0030267	0.9945	0.104691	0.0575452	-0.104691	0.992839	0.611498	-1.11114	21.1605	
0.998184	0.00329944	-0.0601415	0.00330777	0.993989	0.109431	0.0601411	-0.109432	0.992173	0.668231	-1.21436	22.1174	
0.998024	0.0035918	-0.0627352	0.00360126	0.993455	0.114169	0.0627346	-0.11417	0.991479	0.727466	-1.32215	23.0736	
0.997856	0.00389648	-0.0653264	0.00390717	0.992898	0.118905	0.0653257	-0.118905	0.990754	0.7892	-1.43451	24.0292	
0.997682	0.00421346	-0.0679151	0.00422549	0.992319	0.123637	0.0679143	-0.123637	0.990001	0.853431	-1.55144	24.9841	
0.997501	0.00454274	-0.0705012	0.00455621	0.991716	0.128366	0.0705003	-0.128366	0.989218	0.920157	-1.67292	25.9382	
0.997314	0.00488429	-0.0730846	0.00489932	0.991092	0.133091	0.0730836	-0.133092	0.988405	0.989375	-1.79896	26.8916	
0.99712	0.00523811	-0.0756654	0.0052548	0.990444	0.137814	0.0756642	-0.137814	0.987564	1.06108	-1.92956	27.8441	
0.996919	0.00560418	-0.0782433	0.00562265	0.989774	0.142532	0.078242	-0.142533	0.986693	1.13528	-2.0647	28.7959	
0.996711	0.00598248	-0.0808183	0.00600286	0.989081	0.147247	0.0808168	-0.147248	0.985792	1.21195	-2.2044	29.7467	
0.996497	0.006373	-0.0833904	0.00639541	0.988366	0.151958	0.0833886	-0.151959	0.984863	1.29111	-2.34864	30.6967	
0.996276	0.00677572	-0.0859594	0.00680029	0.987628	0.156665	0.0859574	-0.156666	0.983904	1.37275	-2.49742	31.6458	
0.996048	0.00719062	-0.0885253	0.0072175	0.986868	0.161368	0.0885231	-0.161369	0.982916	1.45686	-2.65074	32.594	
0.995814	0.0076177	-0.0910879	0.00764701	0.986085	0.166067	0.0910855	-0.166068	0.981899	1.54345	-2.80858	33.5412	
0.995573	0.00805692	-0.0936474	0.00808881	0.985279	0.170761	0.0936446	-0.170762	0.980852	1.6325	-2.97096	34.4873	
0.995325	0.00850828	-0.0962034	0.00854289	0.984451	0.175451	0.0962003	-0.175452	0.979777	1.72402	-3.13786	35.4325	
0.995071	0.00897175	-0.098756	0.00900924	0.983601	0.180135	0.0987526	-0.180137	0.978672	1.818	-3.30928	36.3766	
0.994811	0.00944732	-0.101305	0.00948783	0.982727	0.184815	0.101301	-0.184817	0.977538	1.91444	-3.48522	37.3197	
0.994543	0.00993497	-0.103851	0.00997867	0.981832	0.18949	0.103847	-0.189492	0.976375	2.01334	-3.66566	38.2616	
0.994269	0.0104347	-0.106393	0.0104817	0.980914	0.19416	0.106388	-0.194162	0.975183	2.11468	-3.85061	39.2024	
0.993989	0.0109464	-0.108931	0.010997	0.979973	0.198824	0.108926	-0.198827	0.973963	2.21848	-4.04006	40.142	
0.993702	0.0114702	-0.111465	0.0115244	0.979011	0.203483	0.11146	-0.203486	0.972713	2.32472	-4.234	41.0804	
0.993409	0.012006	-0.113996	0.012064	0.978025	0.208137	0.113989	-0.20814	0.971434	2.4334	-4.43244	42.0177	
0.993109	0.0125537	-0.116522	0.0126158	0.977018	0.212784	0.116515	-0.212788	0.970127	2.54452	-4.63535	42.9536	
0.992802	0.0131134	-0.119045	0.0131797	0.975988	0.217426	0.119037	-0.21743	0.96879	2.65808	-4.84275	43.8883	
0.992489	0.0136851	-0.121563	0.0137558	0.974936	0.222062	0.121555	-0.222066	0.967425	2.77406	-5.05462	44.8217	
0.99217	0.0142686	-0.124077	0.0143439	0.973861	0.226691	0.124068	-0.226696	0.966031	2.89247	-5.27095	45.7538	
0.991844	0.014864	-0.126587	0.0149441	0.972764	0.231315	0.126578	-0.23132	0.964608	3.0133	-5.49175	46.6845	
0.991512	0.0154714	-0.129093	0.0155564	0.971645	0.235931	0.129082	-0.235937	0.963157	3.13655	-5.717	47.6138	
0.991173	0.0160905	-0.131594	0.0161807	0.970504	0.240542	0.131583	-0.240548	0.961677	3.2622	-5.9467	48.5417	
0.990828	0.0167215	-0.134091	0.0168171	0.96934	0.245145	0.134079	-0.245152	0.960168	3.39027	-6.18084	49.4682	
0.990476	0.0173643	-0.136583	0.0174655	0.968155	0.249742	0.13657	-0.249749	0.958631	3.52074	-6.41942	50.3932	
0.990119	0.0180189	-0.13907	0.0181258	0.966947	0.254332	0.139056	-0.254339	0.957066	3.65362	-6.66243	51.3167	
0.989754	0.0186852	-0.141553	0.0187981	0.965717	0.258914	0.141538	-0.258922	0.955472	3.78888	-6.90986	52.2387	
0.989384	0.0193632	-0.144031	0.0194824	0.964466	0.263489	0.144015	-0.263498	0.953849	3.92654	-7.1617	53.1591	
0.989007	0.0200529	-0.146504	0.0201785	0.963192	0.268057	0.146487	-0.268066	0.952198	4.06658	-7.41795	54.078	
0.988623	0.0207544	-0.148973	0.0208866	0.961896	0.272617	0.148954	-0.272627	0.950519	4.20901	-7.67861	54.9952	
0.988234	0.0214674	-0.151436	0.0216066	0.960578	0.27717	0.151416	-0.27718	0.948812	4.35381	-7.94365	55.9108	
0.987838	0.0221921	-0.153894	0.0223384	0.959238	0.281714	0.153873	-0.281726	0.947076	4.50098	-8.21309	56.8248	
0.987436	0.0229284	-0.156347	0.023082	0.957877	0.286251	0.156325	-0.286263	0.945313	4.65052	-8.4869	57.737	
0.987028	0.0236762	-0.158795	0.0238375	0.956493	0.290779	0.158771	-0.290793	0.943521	4.80242	-8.76508	58.6476	
0.987123	0.0235008	-0.158229	0.0243529	0.955542	0.293848	0.1581	-0.293917	0.942665	4.95517	-9.04695	59.5569	
0.987218	0.0233228	-0.157662	0.0248667	0.95458	0.296916	0.157426	-0.297041	0.941798	5.10728	-9.33184	60.4653	
0.987313	0.0231425	-0.157093	0.0253788	0.953606	0.299985	0.156748	-0.300166	0.94092	5.25873	-9.61973	61.3729	
0.987407	0.0229598	-0.156524	0.0258891	0.952622	0.303054	0.156066	-0.30329	0.940031	5.40953	-9.91064	62.2797	
0.987502	0.0227748	-0.155954	0.0263976	0.951626	0.306121	0.155381	-0.306412	0.939132	5.55967	-10.2046	63.1856	
0.987596	0.0225876	-0.155383	0.0269041	0.95062	0.309188	0.154694	-0.309534	0.938221	5.70915	-10.5015	64.0906	
0.98769	0.0223982	-0.154812	0.0274087	0.949603	0.312254	0.154004	-0.312653	0.9373	5.85796	-10.8014	64.9947	
0.987784	0.0222068	-0.154241	0.0279112	0.948576	0.315318	0.153312	-0.315771	0.936368	6.00611	-11.1044	65.898	
0.987877	0.0220133	-0.153671	0.0284116	0.947538	0.318379	0.152617	-0.318886	0.935425	6.15359	-11.4103	66.8003	
0.98797	0.0218179	-0.153101	0.0289098	0.946489	0.321438	0.151921	-0.321997	0.934472	6.3004	-11.7193	67.7017	
0.988062	0.0216206	-0.152531	0.0294058	0.94543	0.324494	0.151223	-0.325106	0.933508	6.44654	-12.0312	68.6022	
0.988154	0.0214216	-0.151963	0.0298994	0.944362	0.327547	0.150524	-0.328211	0.932534	6.592	-12.3462	69.5018	
0.991199	0.0143817	-0.131599	0.028449	0.947715	0.317846	0.12929	-0.318793	0.938965	6.7269	-12.6581	70.404	
0.99378	0.00754882	-0.111102	0.0272191	0.95097	0.308082	0.107981	-0.30919	0.94485	6.84128	-12.9608	71.3122	
0.995898	0.000926842	-0.0904828	0.0262105	0.954125	0.298259	0.0866083	-0.299407	0.950187	6.93509	-13.2542	72.2258	
0.997549	-0.00548035	-0.0697533	0.0254237	0.957177	0.288383	0.0651858	-0.28945	0.954971	7.00827	-13.5381	73.1442	
0.998734	-0.011669	-0.0489257	0.0248591	0.960126	0.278461	0.0437254	-0.279325	0.959201	7.06078	-13.8123	74.0671	
0.999452	-0.0176356	-0.0280121	0.0245172	0.962968	0.268498	0.0222396	-0.269038	0.962873	7.09258	-14.0767	74.9937	
0.999702	-0.0233767	-0.00702467	0.0243981	0.965703	0.2585	0.000740885	-0.258594	0.965986	7.10366	-14.3311	75.9236	
0.999484	-0.0288888	0.0140244	0.0245018	0.968329	0.248472	-0.0207583	-0.248	0.968537	7.09401	-14.5753	76.8562	
0.998799	-0.0341688	0.0351228	0.0248284	0.970844	0.238421	-0.0422454	-0.237263	0.970527	7.06363	-14.8092	77.791	
0.997646	-0.0392137	0.0562584	0.0253776	0.973248	0.228352	-0.0637079	-0.226387	0.971952	7.01255	-15.0327	78.7275	
0.996026	-0.0440204	0.0774189	0.0261491	0.975538	0.218272	-0.0851334	-0.21538	0.972812	6.9408	-15.2457	79.665	
0.993941	-0.0485863	0.0985919	0.0271425	0.977713	0.208185	-0.10651	-0.204248	0.973108	6.84841	-15.448	80.6031	
0.991391	-0.0529086	0.119765	0.0283572	0.979772	0.198098	-0.127824	-0.192997	0.972838	6.73544	-15.6395	81.5413	
0.988379	-0.0569848	0.140927	0.0297924	0.981714	0.188017	-0.149064	-0.181633	0.972003	6.60195	-15.8201	82.4789	
0.984905	-0.0608127	0.162064	0.0314474	0.983537	0.177948	-0.170217	-0.170165	0.970603	6.44803	-15.9897	83.4154	
0.980971	-0.0643898	0.183164	0.0333212	0.985242	0.167895	-0.191271	-0.158597	0.968639	6.27376	-16.1482	84.3503	
0.976581	-0.0677143	0.204215	0.0354127	0.986825	0.157867	-0.212215	-0.146938	0.966113	6.07924	-16.2955	85.283	
0.971737	-0.0707841	0.225206	0.0377206	0.988288	0.147867	-0.233035	-0.135193	0.963025	5.86459	-16.4315	86.213	
0.96644	-0.0735974	0.246123	0.0402437	0.989628	0.137902	-0.25372	-0.123369	0.959378	5.62993	-16.5562	87.1398	
0.960696	-0.0761527	0.266955	0.0429805	0.990845	0.127978	-0.274257	-0.111474	0.955174	5.37539	-16.6694	88.0628	
0.954506	-0.0784484	0.287689	0.0459293	0.991939	0.1181	-0.294635	-0.0995142	0.950414	5.10113	-16.7711	88.9815	
0.947874	-0.0804832	0.308314	0.0490885	0.992908	0.108275	-0.314842	-0.0874964	0.945103	4.80731	-16.8613	89.8953	
0.940805	-0.0822559	0.328817	0.0524563	0.993753	0.0985076	-0.334865	-0.0754279	0.939242	4.49409	-16.9398	90.8037	
0.933302	-0.0837656	0.349186	0.0560306	0.994472	0.0888036	-0.354695	-0.0633155	0.932836	4.16166	-17.0067	91.7062	
0.92537	-0.0850112	0.369411	0.0598095	0.995065	0.0791689	-0.374318	-0.0511663	0.925888	3.8102	-17.0619	92.6023	
