1	0	0	0	1	0	0	0	1	0	0	0	
0.999998	2.37862e-06	-0.00213323	2.37862e-06	0.999998	0.00223006	0.00213323	-0.00223006	0.999995	0.000971806	-0.00101592	0.91111	
0.999991	9.53047e-06	-0.00427057	9.52564e-06	0.99999	0.00446215	0.00427057	-0.00446215	0.999981	0.0038891	-0.00406459	1.82221	
0.999979	2.14779e-05	-0.00641195	2.14586e-05	0.999978	0.00669618	0.00641195	-0.00669618	0.999957	0.00875558	-0.00914783	2.73329	
0.999963	3.82429e-05	-0.00855728	3.81944e-05	0.99996	0.00893207	0.00855728	-0.00893207	0.999923	0.0155749	-0.0162674	3.64435	
0.999943	5.98465e-05	-0.0107065	5.97494e-05	0.999938	0.0111697	0.0107065	-0.0111697	0.99988	0.0243506	-0.0254249	4.55537	
0.999917	8.63097e-05	-0.0128595	8.61396e-05	0.99991	0.0134091	0.0128595	-0.0134091	0.999827	0.0350863	-0.0366219	5.46635	
0.999887	0.000117653	-0.0150163	0.00011738	0.999878	0.01565	0.0150163	-0.01565	0.999765	0.0477853	-0.04986	6.37728	
0.999852	0.000153895	-0.0171767	0.000153486	0.99984	0.0178925	0.0171767	-0.0178925	0.999692	0.0624509	-0.0651405	7.28814	
0.999813	0.000195056	-0.0193406	0.00019447	0.999797	0.0201364	0.0193406	-0.0201364	0.99961	0.0790866	-0.0824648	8.19894	
0.999769	0.000241154	-0.0215081	0.000240348	0.999749	0.0223816	0.0215081	-0.0223816	0.999518	0.0976955	-0.101834	9.10965	
0.99972	0.000292207	-0.0236789	0.000291131	0.999697	0.0246281	0.0236789	-0.0246281	0.999416	0.118281	-0.12325	10.0203	
0.999666	0.000348233	-0.0258531	0.000346832	0.999639	0.0268758	0.0258532	-0.0268758	0.999304	0.140845	-0.146713	10.9308	
0.999607	0.000409248	-0.0280306	0.000407464	0.999576	0.0291245	0.0280306	-0.0291245	0.999183	0.165392	-0.172224	11.8412	
0.999543	0.00047527	-0.0302112	0.000473037	0.999508	0.0313743	0.0302113	-0.0313743	0.999051	0.191925	-0.199784	12.7515	
0.999475	0.000546313	-0.032395	0.000543561	0.999434	0.033625	0.032395	-0.0336249	0.998909	0.220446	-0.229395	13.6617	
0.999402	0.000622393	-0.0345818	0.000619048	0.999356	0.0358764	0.0345818	-0.0358764	0.998758	0.250957	-0.261057	14.5718	
0.999323	0.000703525	-0.0367715	0.000699507	0.999273	0.0381287	0.0367715	-0.0381286	0.998596	0.283463	-0.29477	15.4817	
0.99924	0.000789723	-0.038964	0.000784947	0.999184	0.0403816	0.0389641	-0.0403815	0.998424	0.317964	-0.330536	16.3914	
0.999152	0.000881	-0.0411594	0.000875375	0.99909	0.042635	0.0411595	-0.0426349	0.998243	0.354465	-0.368355	17.301	
0.999059	0.00097737	-0.0433574	0.000970801	0.998992	0.044889	0.0433576	-0.0448889	0.998051	0.392968	-0.408227	18.2104	
0.998961	0.00107884	-0.0455581	0.00107123	0.998888	0.0471434	0.0455583	-0.0471432	0.997849	0.433474	-0.450152	19.1197	
0.998858	0.00118544	-0.0477613	0.00117667	0.998778	0.049398	0.0477616	-0.0493978	0.997637	0.475986	-0.494132	20.0287	
0.99875	0.00129716	-0.049967	0.00128713	0.998664	0.051653	0.0499673	-0.0516527	0.997414	0.520507	-0.540166	20.9376	
0.998637	0.00141401	-0.0521751	0.00140261	0.998545	0.053908	0.0521754	-0.0539077	0.997182	0.567039	-0.588255	21.8463	
0.998519	0.00153602	-0.0543855	0.00152312	0.99842	0.0561632	0.0543859	-0.0561628	0.996939	0.615583	-0.638398	22.7547	
0.998396	0.00166319	-0.0565981	0.00164866	0.998291	0.0584183	0.0565985	-0.0584179	0.996686	0.666143	-0.690596	23.6629	
0.998267	0.00179552	-0.0588129	0.00177924	0.998156	0.0606733	0.0588134	-0.0606728	0.996424	0.71872	-0.744849	24.5709	
0.998134	0.00193303	-0.0610297	0.00191486	0.998016	0.0629281	0.0610303	-0.0629276	0.99615	0.773315	-0.801156	25.4786	
0.997996	0.00207573	-0.0632485	0.00205552	0.997871	0.0651827	0.0632491	-0.065182	0.995867	0.829931	-0.859517	26.3861	
0.997852	0.00222361	-0.0654692	0.00220122	0.997721	0.0674369	0.0654699	-0.0674361	0.995573	0.88857	-0.919932	27.2933	
0.997703	0.0023767	-0.0676917	0.00235197	0.997566	0.0696906	0.0676926	-0.0696898	0.995269	0.949233	-0.9824	28.2002	
0.99755	0.00253499	-0.069916	0.00250776	0.997406	0.0719439	0.069917	-0.0719429	0.994955	1.01192	-1.04692	29.1069	
0.997391	0.00269848	-0.0721419	0.00266861	0.99724	0.0741965	0.072143	-0.0741955	0.994631	1.07664	-1.1135	30.0133	
0.997227	0.0028672	-0.0743694	0.0028345	0.99707	0.0764485	0.0743707	-0.0764473	0.994296	1.14338	-1.18212	30.9193	
0.997057	0.00304113	-0.0765984	0.00300543	0.996894	0.0786997	0.0765998	-0.0786983	0.993951	1.21216	-1.2528	31.8251	
0.996883	0.00322029	-0.0788289	0.00318141	0.996713	0.08095	0.0788304	-0.0809485	0.993596	1.28297	-1.32553	32.7305	
0.996703	0.00340467	-0.0810606	0.00336244	0.996527	0.0831994	0.0810624	-0.0831977	0.993231	1.35581	-1.40031	33.6356	
0.996519	0.00359428	-0.0832936	0.0035485	0.996336	0.0854478	0.0832956	-0.0854459	0.992855	1.43068	-1.47713	34.5404	
0.996329	0.00378912	-0.0855278	0.00373961	0.99614	0.0876951	0.08553	-0.087693	0.992469	1.50759	-1.55601	35.4448	
0.996133	0.0039892	-0.0877631	0.00393574	0.995939	0.0899412	0.0877655	-0.0899389	0.992073	1.58654	-1.63693	36.3489	
0.995933	0.00419451	-0.0899994	0.00413691	0.995733	0.0921861	0.0900021	-0.0921835	0.991666	1.66752	-1.71989	37.2526	
0.995727	0.00440505	-0.0922367	0.0043431	0.995522	0.0944296	0.0922396	-0.0944267	0.991249	1.75054	-1.80491	38.1559	
0.995517	0.00462083	-0.0944747	0.00455432	0.995306	0.0966717	0.094478	-0.0966685	0.990822	1.8356	-1.89196	39.0589	
0.9953	0.00484184	-0.0967136	0.00477054	0.995085	0.0989123	0.0967171	-0.0989088	0.990385	1.9227	-1.98106	39.9614	
0.995079	0.00506808	-0.0989531	0.00499178	0.994859	0.101151	0.098957	-0.101147	0.989938	2.01184	-2.07219	40.8636	
0.994853	0.00529955	-0.101193	0.00521801	0.994627	0.103389	0.101198	-0.103384	0.98948	2.10302	-2.16537	41.7653	
0.994621	0.00553625	-0.103434	0.00544924	0.994391	0.105624	0.103439	-0.10562	0.989012	2.19625	-2.26058	42.6666	
0.994384	0.00577818	-0.105675	0.00568545	0.99415	0.107858	0.10568	-0.107853	0.988534	2.29151	-2.35783	43.5675	
0.994142	0.00602532	-0.107917	0.00592664	0.993904	0.11009	0.107922	-0.110085	0.988046	2.38882	-2.45711	44.4679	
0.993894	0.00627768	-0.110158	0.0061728	0.993653	0.11232	0.110164	-0.112314	0.987547	2.48817	-2.55843	45.3679	
0.993642	0.00653525	-0.1124	0.00642391	0.993397	0.114548	0.112407	-0.114541	0.987039	2.58956	-2.66177	46.2675	
0.993384	0.00679803	-0.114642	0.00667998	0.993136	0.116773	0.114649	-0.116766	0.98652	2.693	-2.76715	47.1665	
0.99312	0.00706601	-0.116884	0.00694097	0.99287	0.118997	0.116892	-0.118989	0.985991	2.79848	-2.87455	48.0651	
0.992852	0.00733918	-0.119126	0.0072069	0.9926	0.121218	0.119134	-0.12121	0.985452	2.906	-2.98397	48.9632	
0.992578	0.00761753	-0.121368	0.00747773	0.992324	0.123437	0.121377	-0.123428	0.984903	3.01557	-3.09542	49.8608	
0.992299	0.00790106	-0.12361	0.00775347	0.992044	0.125653	0.123619	-0.125644	0.984343	3.12718	-3.20888	50.7579	
0.992015	0.00818977	-0.125851	0.00803409	0.991759	0.127867	0.125861	-0.127857	0.983774	3.24083	-3.32437	51.6545	
0.991726	0.00848363	-0.128092	0.00831958	0.991469	0.130078	0.128103	-0.130067	0.983195	3.35653	-3.44187	52.5506	
0.991431	0.00878264	-0.130333	0.00860994	0.991174	0.132286	0.130345	-0.132275	0.982606	3.47426	-3.56138	53.4461	
0.991132	0.0090868	-0.132573	0.00890514	0.990875	0.134492	0.132585	-0.13448	0.982006	3.59404	-3.6829	54.3411	
0.990613	0.00960386	-0.136358	0.00880929	0.99097	0.133792	0.136412	-0.133738	0.981583	3.71659	-3.80509	55.2356	
0.990079	0.0101188	-0.140147	0.00871084	0.991065	0.133094	0.140242	-0.132994	0.981145	3.84262	-3.9266	56.1298	
0.989529	0.0106314	-0.143939	0.00860979	0.991159	0.132397	0.144074	-0.13225	0.98069	3.97214	-4.04743	57.0235	
0.988964	0.0111418	-0.147734	0.00850612	0.991253	0.131701	0.147909	-0.131504	0.980219	4.10515	-4.16759	57.9168	
0.988384	0.0116499	-0.151531	0.0083998	0.991346	0.131005	0.151746	-0.130756	0.979733	4.24166	-4.28706	58.8097	
0.987788	0.0121555	-0.155329	0.00829082	0.991439	0.13031	0.155584	-0.130007	0.97923	4.38167	-4.40586	59.7021	
0.987177	0.0126588	-0.15913	0.00817916	0.99153	0.129616	0.159423	-0.129256	0.978712	4.52517	-4.52396	60.594	
0.98655	0.0131595	-0.162931	0.0080648	0.991622	0.128923	0.163262	-0.128503	0.978178	4.67217	-4.64139	61.4855	
0.985908	0.0136576	-0.166733	0.0079477	0.991713	0.12823	0.167102	-0.127748	0.977628	4.82267	-4.75812	62.3765	
0.98525	0.0141531	-0.170535	0.00782785	0.991803	0.127537	0.170942	-0.12699	0.977063	4.97667	-4.87417	63.267	
0.984577	0.0146459	-0.174337	0.00770523	0.991893	0.126844	0.174781	-0.126231	0.976482	5.13417	-4.98953	64.1569	
0.983889	0.015136	-0.178138	0.00757979	0.991982	0.126151	0.178619	-0.125469	0.975886	5.29516	-5.10419	65.0463	
0.983186	0.0156233	-0.181939	0.00745151	0.992071	0.125458	0.182456	-0.124704	0.975274	5.45965	-5.21816	65.9352	
0.982467	0.0161077	-0.185738	0.00732037	0.992159	0.124764	0.186291	-0.123936	0.974646	5.62764	-5.33143	66.8235	
0.981734	0.0165892	-0.189535	0.00718632	0.992247	0.12407	0.190124	-0.123166	0.974004	5.79912	-5.444	67.7112	
0.980985	0.0170678	-0.193331	0.00704933	0.992335	0.123376	0.193954	-0.122392	0.973346	5.97409	-5.55586	68.5983	
0.980222	0.0175434	-0.197123	0.00690936	0.992422	0.12268	0.197782	-0.121616	0.972673	6.15254	-5.66702	69.4849	
0.979443	0.0180159	-0.200913	0.00676639	0.992509	0.121984	0.201606	-0.120836	0.971984	6.33449	-5.77747	70.3708	
0.97865	0.0184852	-0.204699	0.00662036	0.992595	0.121287	0.205426	-0.120053	0.971281	6.51991	-5.88721	71.256	
0.976334	0.0196939	-0.215368	0.00241306	0.994791	0.101906	0.216254	-0.100014	0.971201	6.71202	-5.98747	72.141	
0.9739	0.0206822	-0.226034	-0.0020092	0.996586	0.0825314	0.226969	-0.0799231	0.970617	6.91394	-6.06944	73.0256	
0.971348	0.0214496	-0.23669	-0.00664411	0.99798	0.0631735	0.237567	-0.0597909	0.969529	7.12557	-6.13309	73.9095	
0.968681	0.0219957	-0.247332	-0.0114893	0.998972	0.0438425	0.248042	-0.0396277	0.967938	7.3468	-6.17839	74.7922	
0.9659	0.0223201	-0.257953	-0.0165422	0.999562	0.0245481	0.258388	-0.0194439	0.965846	7.57752	-6.2053	75.6731	
0.963005	0.0224228	-0.268549	-0.0218002	0.999748	0.00530058	0.2686	0.000749926	0.963252	7.8176	-6.21381	76.552	
0.959999	0.0223037	-0.279113	-0.0272606	0.999532	-0.0138902	0.278672	0.0209434	0.960158	8.06693	-6.20393	77.4282	
0.956883	0.0219627	-0.28964	-0.0329206	0.998913	-0.0330143	0.2886	0.041126	0.956566	8.32536	-6.17565	78.3015	
0.95366	0.0214002	-0.300126	-0.0387771	0.997891	-0.0520618	0.298379	0.0612873	0.952478	8.59277	-6.129	79.1712	
0.950329	0.0206164	-0.310564	-0.0448273	0.996467	-0.0710228	0.308002	0.0814168	0.947896	8.86903	-6.06398	80.0369	
0.946894	0.0196117	-0.320948	-0.0510679	0.994642	-0.0898874	0.317466	0.101504	0.942821	9.15397	-5.98065	80.8983	
0.943355	0.0183867	-0.331275	-0.0574957	0.992416	-0.108646	0.326765	0.121539	0.937258	9.44747	-5.87904	81.7548	
0.939715	0.0169419	-0.341537	-0.0641074	0.989792	-0.127289	0.335894	0.14151	0.931209	9.74936	-5.7592	82.606	
0.935977	0.0152781	-0.351731	-0.0708995	0.986769	-0.145806	0.34485	0.161408	0.924676	10.0595	-5.6212	83.4515	
0.93214	0.0133962	-0.36185	-0.0778686	0.983351	-0.164188	0.353626	0.181223	0.917664	10.3777	-5.4651	84.2909	
0.928208	0.0112972	-0.371889	-0.0850109	0.979538	-0.182425	0.362219	0.200943	0.910176	10.7038	-5.291	85.1236	
0.924183	0.00898207	-0.381844	-0.0923228	0.975332	-0.200508	0.370624	0.220559	0.902215	11.0377	-5.09897	85.9493	
0.920067	0.00645211	-0.391708	-0.0998006	0.970736	-0.218428	0.378836	0.240061	0.893786	11.3791	-4.88912	86.7675	
0.915861	0.00370862	-0.401478	-0.10744	0.965753	-0.236174	0.386852	0.259438	0.884894	11.7279	-4.66157	87.5778	
0.911569	0.000753005	-0.411147	-0.115238	0.960384	-0.253739	0.394668	0.27868	0.875542	12.084	-4.41641	88.3798	
