1	0	0	0	1	0	0	0	1	0	0	0	
0.99999	-5.81103e-06	0.00441338	-5.81103e-06	0.999997	0.00263335	-0.00441338	-0.00263335	0.999987	-0.00200274	-0.00119499	0.907572	
0.999961	-2.32433e-05	0.00882484	-2.32609e-05	0.999986	0.00526956	-0.00882484	-0.00526956	0.999947	-0.0080101	-0.00478124	1.81512	
0.999912	-5.22998e-05	0.0132343	-5.23703e-05	0.999969	0.00790854	-0.0132343	-0.00790854	0.999881	-0.0180203	-0.0107613	2.72262	
0.999844	-9.29831e-05	0.0176416	-9.31593e-05	0.999944	0.0105502	-0.0176416	-0.0105502	0.999789	-0.0320314	-0.0191377	3.63005	
0.999757	-0.000145295	0.0220466	-0.000145648	0.999913	0.0131946	-0.0220466	-0.0131946	0.99967	-0.0500415	-0.0299128	4.53738	
0.99965	-0.000209239	0.0264492	-0.000209855	0.999874	0.0158415	-0.0264492	-0.0158415	0.999525	-0.0720483	-0.043089	5.44459	
0.999524	-0.000284814	0.0308494	-0.000285801	0.999829	0.0184908	-0.0308493	-0.0184908	0.999353	-0.0980498	-0.0586687	6.35166	
0.999379	-0.000372024	0.0352469	-0.000373503	0.999776	0.0211426	-0.0352468	-0.0211427	0.999155	-0.128043	-0.0766539	7.25856	
0.999214	-0.000470867	0.0396416	-0.00047298	0.999717	0.0237968	-0.0396416	-0.0237968	0.998931	-0.162027	-0.0970469	8.16527	
0.99903	-0.000581346	0.0440335	-0.000584251	0.99965	0.0264532	-0.0440335	-0.0264532	0.99868	-0.199998	-0.11985	9.07176	
0.998827	-0.000703459	0.0484224	-0.000707333	0.999576	0.0291118	-0.0484224	-0.0291119	0.998403	-0.241953	-0.145065	9.97802	
0.998604	-0.000837207	0.0528082	-0.000842242	0.999495	0.0317725	-0.0528082	-0.0317727	0.998099	-0.287891	-0.172693	10.884	
0.998363	-0.000982589	0.0571908	-0.000988997	0.999406	0.0344353	-0.0571907	-0.0344355	0.997769	-0.337807	-0.202738	11.7897	
0.998102	-0.0011396	0.0615701	-0.00114761	0.999311	0.0371001	-0.0615699	-0.0371003	0.997413	-0.391699	-0.2352	12.6951	
0.997822	-0.00130825	0.0659459	-0.00131811	0.999208	0.0397667	-0.0659457	-0.039767	0.99703	-0.449564	-0.270082	13.6002	
0.997524	-0.00148853	0.0703181	-0.00150049	0.999098	0.0424352	-0.0703179	-0.0424356	0.996622	-0.511399	-0.307384	14.5049	
0.997206	-0.00168043	0.0746867	-0.00169479	0.998981	0.0451054	-0.0746863	-0.0451059	0.996186	-0.5772	-0.34711	15.4092	
0.996869	-0.00188396	0.0790514	-0.00190101	0.998856	0.0477773	-0.079051	-0.047778	0.995725	-0.646965	-0.389259	16.3131	
0.996513	-0.00209911	0.0834122	-0.00211916	0.998724	0.0504508	-0.0834117	-0.0504516	0.995237	-0.720688	-0.433835	17.2166	
0.996138	-0.00232589	0.087769	-0.00234927	0.998585	0.0531258	-0.0877683	-0.0531268	0.994723	-0.798368	-0.480838	18.1196	
0.995744	-0.00256427	0.0921216	-0.00259135	0.998438	0.0558023	-0.0921208	-0.0558035	0.994183	-0.88	-0.530269	19.0221	
0.995332	-0.00281428	0.0964699	-0.00284541	0.998285	0.0584801	-0.096469	-0.0584816	0.993616	-0.96558	-0.58213	19.9242	
0.994901	-0.00307588	0.100814	-0.00311146	0.998123	0.0611592	-0.100813	-0.061161	0.993024	-1.0551	-0.636423	20.8257	
0.99445	-0.0033491	0.105153	-0.00338951	0.997954	0.0638396	-0.105152	-0.0638417	0.992405	-1.14857	-0.693148	21.7266	
0.993981	-0.00363391	0.109488	-0.00367958	0.997778	0.0665211	-0.109487	-0.0665236	0.99176	-1.24597	-0.752306	22.627	
0.993494	-0.00393031	0.113818	-0.00398169	0.997595	0.0692036	-0.113816	-0.0692066	0.991088	-1.3473	-0.813899	23.5268	
0.992987	-0.0042383	0.118143	-0.00429583	0.997404	0.0718872	-0.118141	-0.0718906	0.990391	-1.45256	-0.877927	24.426	
0.992463	-0.00455787	0.122464	-0.00462202	0.997205	0.0745716	-0.122461	-0.0745756	0.989667	-1.56174	-0.944392	25.3245	
0.991919	-0.00488902	0.126779	-0.00496028	0.996999	0.0772569	-0.126776	-0.0772615	0.988918	-1.67485	-1.01329	26.2224	
0.991357	-0.00523174	0.131089	-0.00531062	0.996785	0.079943	-0.131086	-0.0799482	0.988142	-1.79186	-1.08463	27.1196	
0.990776	-0.00558602	0.135394	-0.00567303	0.996564	0.0826297	-0.13539	-0.0826356	0.98734	-1.91278	-1.15841	28.016	
0.990177	-0.00595185	0.139693	-0.00604754	0.996336	0.085317	-0.139689	-0.0853237	0.986513	-2.03761	-1.23463	28.9117	
0.989559	-0.00632923	0.143987	-0.00643415	0.996099	0.0880048	-0.143982	-0.0880125	0.985659	-2.16634	-1.31329	29.8067	
0.988923	-0.00671815	0.148275	-0.00683287	0.995855	0.0906931	-0.148269	-0.0907017	0.984779	-2.29896	-1.39439	30.7008	
0.988269	-0.00711859	0.152557	-0.00724371	0.995604	0.0933818	-0.152551	-0.0933914	0.983873	-2.43547	-1.47793	31.5942	
0.987596	-0.00753056	0.156833	-0.00766668	0.995345	0.0960707	-0.156827	-0.0960815	0.982941	-2.57586	-1.56391	32.4867	
0.986905	-0.00795404	0.161104	-0.00810178	0.995078	0.0987599	-0.161096	-0.0987719	0.981984	-2.72013	-1.65233	33.3784	
0.986196	-0.00838903	0.165368	-0.00854902	0.994804	0.101449	-0.16536	-0.101463	0.981	-2.86827	-1.74319	34.2691	
0.985469	-0.0088355	0.169626	-0.00900842	0.994522	0.104138	-0.169617	-0.104153	0.979991	-3.02028	-1.8365	35.159	
0.984723	-0.00929346	0.173878	-0.00947996	0.994232	0.106828	-0.173868	-0.106844	0.978956	-3.17615	-1.93225	36.048	
0.98396	-0.00976289	0.178123	-0.00996367	0.993935	0.109517	-0.178112	-0.109535	0.977895	-3.33588	-2.03044	36.936	
0.983178	-0.0102438	0.182362	-0.0104595	0.99363	0.112206	-0.18235	-0.112226	0.976808	-3.49945	-2.13107	37.823	
0.982378	-0.0107361	0.186594	-0.0109676	0.993317	0.114895	-0.186581	-0.114917	0.975696	-3.66687	-2.23415	38.709	
0.981561	-0.0112399	0.19082	-0.0114878	0.992997	0.117583	-0.190805	-0.117607	0.974557	-3.83812	-2.33966	39.594	
0.980725	-0.0117551	0.195038	-0.0120202	0.992668	0.120271	-0.195022	-0.120297	0.973394	-4.0132	-2.44762	40.478	
0.979872	-0.0122817	0.19925	-0.0125648	0.992332	0.122959	-0.199232	-0.122987	0.972204	-4.19211	-2.55802	41.3609	
0.979001	-0.0128197	0.203454	-0.0131216	0.991988	0.125645	-0.203435	-0.125677	0.970989	-4.37484	-2.67086	42.2427	
0.978112	-0.0133691	0.207651	-0.0136905	0.991637	0.128332	-0.20763	-0.128366	0.969748	-4.56137	-2.78614	43.1233	
0.977205	-0.0139299	0.211841	-0.0142717	0.991277	0.131017	-0.211818	-0.131054	0.968482	-4.75171	-2.90386	44.0029	
0.976281	-0.0145021	0.216023	-0.014865	0.99091	0.133702	-0.215999	-0.133742	0.967191	-4.94585	-3.02403	44.8813	
0.975339	-0.0150856	0.220198	-0.0154706	0.990535	0.136385	-0.220171	-0.136429	0.965874	-5.14378	-3.14663	45.7585	
0.974379	-0.0156804	0.224365	-0.0160883	0.990152	0.139068	-0.224336	-0.139115	0.964531	-5.34549	-3.27166	46.6345	
0.973402	-0.0162865	0.228525	-0.0167183	0.989761	0.14175	-0.228494	-0.1418	0.963163	-5.55098	-3.39914	47.5092	
0.972407	-0.016904	0.232676	-0.0173604	0.989363	0.14443	-0.232643	-0.144485	0.96177	-5.76024	-3.52905	48.3828	
0.971395	-0.0175327	0.23682	-0.0180148	0.988956	0.14711	-0.236784	-0.147168	0.960351	-5.97326	-3.6614	49.255	
0.970366	-0.0181727	0.240956	-0.0186813	0.988542	0.149788	-0.240917	-0.14985	0.958908	-6.19004	-3.79619	50.1259	
0.969319	-0.018824	0.245083	-0.0193601	0.988119	0.152464	-0.245041	-0.152531	0.957439	-6.41056	-3.9334	50.9956	
0.968255	-0.0194865	0.249202	-0.020051	0.987689	0.155139	-0.249157	-0.155211	0.955945	-6.63482	-4.07305	51.8638	
0.967174	-0.0201602	0.253313	-0.0207542	0.987251	0.157813	-0.253265	-0.15789	0.954425	-6.86282	-4.21514	52.7307	
0.966076	-0.0208451	0.257415	-0.0214695	0.986805	0.160485	-0.257363	-0.160567	0.952881	-7.09453	-4.35965	53.5962	
0.965684	-0.0210923	0.258861	-0.0226688	0.986048	0.164911	-0.258727	-0.16512	0.951733	-7.32873	-4.50744	54.4605	
0.96529	-0.0213469	0.260307	-0.0238768	0.985268	0.16934	-0.260087	-0.169678	0.95056	-7.56416	-4.65937	55.3238	
0.964893	-0.0216088	0.261754	-0.0250935	0.984466	0.173773	-0.261443	-0.17424	0.949362	-7.80083	-4.81543	56.1859	
0.964493	-0.0218781	0.263201	-0.0263186	0.983641	0.178207	-0.262794	-0.178806	0.948139	-8.03872	-4.97564	57.047	
0.964091	-0.0221546	0.264648	-0.027552	0.982793	0.182643	-0.264141	-0.183376	0.946891	-8.27784	-5.14	57.9069	
0.963686	-0.0224385	0.266095	-0.0287936	0.981923	0.187079	-0.265483	-0.187947	0.945619	-8.51817	-5.3085	58.7657	
0.963278	-0.0227297	0.267541	-0.0300433	0.98103	0.191516	-0.266819	-0.192521	0.944322	-8.75973	-5.48115	59.6234	
0.962868	-0.0230281	0.268987	-0.0313009	0.980114	0.195953	-0.26815	-0.197096	0.943	-9.00249	-5.65796	60.4798	
0.962456	-0.0233339	0.270432	-0.0325662	0.979175	0.200389	-0.269476	-0.201672	0.941653	-9.24646	-5.83891	61.3351	
0.962042	-0.0236468	0.271876	-0.0338392	0.978214	0.204823	-0.270796	-0.206248	0.940282	-9.49163	-6.02402	62.1891	
0.961625	-0.0239669	0.273318	-0.0351197	0.97723	0.209255	-0.27211	-0.210824	0.938887	-9.73799	-6.21329	63.0418	
0.961206	-0.0242942	0.274759	-0.0364075	0.976224	0.213685	-0.273418	-0.215398	0.937468	-9.98555	-6.4067	63.8933	
0.960785	-0.0246286	0.276198	-0.0377025	0.975195	0.218111	-0.274719	-0.219971	0.936025	-10.2343	-6.60427	64.7434	
0.960362	-0.0249701	0.277635	-0.0390046	0.974145	0.222533	-0.276013	-0.224541	0.934558	-10.4842	-6.80598	65.5923	
0.959937	-0.0253186	0.27907	-0.0403134	0.973071	0.226951	-0.277301	-0.229109	0.933067	-10.7353	-7.01184	66.4398	
0.95951	-0.0256741	0.280502	-0.041629	0.971976	0.231364	-0.278581	-0.233673	0.931552	-10.9875	-7.22185	67.2859	
0.959081	-0.0260365	0.281932	-0.0429511	0.970859	0.235771	-0.279855	-0.238233	0.930014	-11.241	-7.43599	68.1307	
0.95865	-0.0264058	0.283358	-0.0442796	0.96972	0.240173	-0.28112	-0.242789	0.928453	-11.4955	-7.65428	68.9741	
0.958218	-0.0267819	0.284782	-0.0456143	0.968559	0.244567	-0.282378	-0.247339	0.926869	-11.7512	-7.87669	69.816	
0.963309	-0.0220506	0.267487	-0.0491479	0.965275	0.256571	-0.263856	-0.260304	0.928774	-11.9991	-8.10706	70.6581	
0.968054	-0.0170789	0.250161	-0.052441	0.961824	0.268597	-0.245198	-0.273135	0.930202	-12.2301	-8.34914	71.5017	
0.972449	-0.0118693	0.232813	-0.0554919	0.958208	0.280638	-0.226415	-0.285825	0.93115	-12.4441	-8.6028	72.3464	
0.976493	-0.0064245	0.215452	-0.058299	0.954429	0.292688	-0.207514	-0.298369	0.931619	-12.6411	-8.86791	73.1917	
0.980184	-0.000747356	0.198086	-0.0608608	0.950489	0.304742	-0.188507	-0.310759	0.931608	-12.8208	-9.14434	74.0373	
0.98352	0.00515925	0.180726	-0.0631762	0.946389	0.316792	-0.169402	-0.322989	0.931118	-12.9832	-9.43194	74.8826	
0.986499	0.0112923	0.163378	-0.0652438	0.942132	0.328832	-0.150211	-0.335052	0.930149	-13.1282	-9.73056	75.7273	
0.989119	0.0176486	0.146054	-0.0670625	0.93772	0.340857	-0.130942	-0.346943	0.928701	-13.2558	-10.0401	76.5708	
0.99138	0.0242248	0.12876	-0.0686316	0.933156	0.35286	-0.111605	-0.358656	0.926774	-13.3659	-10.3603	77.4128	
0.993279	0.0310177	0.111507	-0.0699501	0.928441	0.364835	-0.0922117	-0.370184	0.924371	-13.4584	-10.691	78.2529	
0.994817	0.0380237	0.0943038	-0.0710174	0.923578	0.376776	-0.0727705	-0.381521	0.921491	-13.5333	-11.0321	79.0906	
0.995992	0.0452392	0.0771582	-0.0718329	0.91857	0.388677	-0.0532917	-0.392662	0.918138	-13.5905	-11.3835	79.9254	
0.996804	0.0526604	0.0600795	-0.0723962	0.913419	0.400531	-0.0337856	-0.4036	0.914311	-13.63	-11.7448	80.757	
0.997251	0.0602837	0.0430766	-0.072707	0.908127	0.412333	-0.0142621	-0.414331	0.910014	-13.6518	-12.116	81.5849	
0.997335	0.068105	0.0261581	-0.0727652	0.902699	0.424076	0.00526879	-0.424849	0.905249	-13.6559	-12.4968	82.4087	
0.997055	0.0761202	0.00933277	-0.0725707	0.897135	0.435754	0.024797	-0.435148	0.900017	-13.6422	-12.8871	83.2279	
0.996411	0.0843254	-0.00739072	-0.0721236	0.89144	0.447362	0.0443123	-0.445223	0.894323	-13.6109	-13.2866	84.0422	
0.995403	0.0927163	-0.0240038	-0.0714242	0.885616	0.458893	0.0638049	-0.455069	0.888167	-13.5618	-13.6952	84.8511	
0.994032	0.101288	-0.0404978	-0.0704728	0.879666	0.470341	0.0832647	-0.46468	0.881555	-13.4951	-14.1126	85.6542	
0.992299	0.110038	-0.0568644	-0.0692699	0.873594	0.481701	0.102682	-0.474053	0.874489	-13.4107	-14.5386	86.4511	
