1	0	0	0	1	0	0	0	1	0	0	0	
1	-1.50089e-06	0.000605409	-1.50089e-06	0.999988	0.00495822	-0.000605409	-0.00495822	0.999988	-0.00028543	-0.00233763	0.942925	
0.999999	-6.00672e-06	0.00121117	-6.00581e-06	0.999951	0.00991784	-0.00121117	-0.00991784	0.99995	-0.00114189	-0.00935118	1.88583	
0.999998	-1.35219e-05	0.00181727	-1.35183e-05	0.999889	0.0148787	-0.00181727	-0.0148787	0.999888	-0.00256969	-0.0210419	2.82868	
0.999997	-2.40507e-05	0.00242369	-2.40416e-05	0.999803	0.0198406	-0.00242369	-0.0198406	0.9998	-0.00456916	-0.0374109	3.77147	
0.999995	-3.75973e-05	0.0030304	-3.75791e-05	0.999692	0.0248035	-0.0030304	-0.0248035	0.999688	-0.00714058	-0.0584591	4.71416	
0.999993	-5.41656e-05	0.00363739	-5.41337e-05	0.999557	0.0297672	-0.00363739	-0.0297672	0.99955	-0.0102842	-0.0841873	5.65673	
0.999991	-7.37594e-05	0.00424464	-7.37084e-05	0.999397	0.0347314	-0.00424465	-0.0347314	0.999388	-0.0140003	-0.114596	6.59916	
0.999988	-9.63825e-05	0.00485214	-9.63059e-05	0.999212	0.0396962	-0.00485214	-0.0396962	0.9992	-0.0182891	-0.149686	7.54142	
0.999985	-0.000122038	0.00545985	-0.000121929	0.999002	0.0446612	-0.00545985	-0.0446612	0.998987	-0.0231509	-0.189458	8.4835	
0.999982	-0.00015073	0.00606777	-0.00015058	0.998768	0.0496264	-0.00606777	-0.0496264	0.998749	-0.0285858	-0.233911	9.42536	
0.999978	-0.000182462	0.00667587	-0.000182261	0.998509	0.0545916	-0.00667587	-0.0545916	0.998486	-0.034594	-0.283046	10.367	
0.999973	-0.000217235	0.00728413	-0.000216974	0.998225	0.0595567	-0.00728414	-0.0595567	0.998198	-0.0411756	-0.336863	11.3084	
0.999969	-0.000255055	0.00789254	-0.000254722	0.997916	0.0645214	-0.00789255	-0.0645214	0.997885	-0.0483309	-0.395362	12.2494	
0.999964	-0.000295922	0.00850108	-0.000295507	0.997583	0.0694856	-0.00850109	-0.0694856	0.997547	-0.05606	-0.458542	13.1902	
0.999958	-0.00033984	0.00910972	-0.000339329	0.997225	0.0744493	-0.00910974	-0.0744493	0.997183	-0.0643629	-0.526402	14.1307	
0.999953	-0.000386812	0.00971845	-0.000386191	0.996842	0.0794121	-0.00971848	-0.0794121	0.996794	-0.0732397	-0.598942	15.0708	
0.999947	-0.000436839	0.0103273	-0.000436094	0.996434	0.0843741	-0.0103273	-0.084374	0.996381	-0.0826906	-0.676162	16.0105	
0.99994	-0.000489925	0.0109361	-0.000489039	0.996002	0.0893349	-0.0109361	-0.0893349	0.995942	-0.0927156	-0.75806	16.9498	
0.999933	-0.00054607	0.011545	-0.000545028	0.995544	0.0942945	-0.011545	-0.0942945	0.995477	-0.103315	-0.844635	17.8887	
0.999926	-0.000605277	0.0121539	-0.000604062	0.995062	0.0992527	-0.0121539	-0.0992527	0.994988	-0.114488	-0.935886	18.8271	
0.999918	-0.000667548	0.0127628	-0.000666141	0.994555	0.104209	-0.0127628	-0.104209	0.994473	-0.126235	-1.03181	19.7651	
0.99991	-0.000732884	0.0133716	-0.000731266	0.994023	0.109164	-0.0133717	-0.109164	0.993934	-0.138557	-1.13241	20.7025	
0.999902	-0.000801287	0.0139804	-0.000799437	0.993467	0.114117	-0.0139806	-0.114117	0.993369	-0.151453	-1.23768	21.6395	
0.999893	-0.000872758	0.0145892	-0.000870656	0.992886	0.119068	-0.0145893	-0.119068	0.992779	-0.164922	-1.34762	22.5759	
0.999884	-0.000947299	0.0151979	-0.000944922	0.99228	0.124017	-0.015198	-0.124017	0.992164	-0.178966	-1.46222	23.5117	
0.999875	-0.00102491	0.0158064	-0.00102224	0.991649	0.128964	-0.0158066	-0.128964	0.991523	-0.193584	-1.5815	24.447	
0.999865	-0.00110559	0.0164149	-0.0011026	0.990993	0.133908	-0.0164151	-0.133908	0.990858	-0.208775	-1.70543	25.3816	
0.999854	-0.00118935	0.0170232	-0.00118601	0.990313	0.138849	-0.0170234	-0.138849	0.990167	-0.22454	-1.83403	26.3156	
0.999844	-0.00127617	0.0176313	-0.00127246	0.989608	0.143788	-0.0176316	-0.143788	0.989451	-0.240879	-1.96728	27.2489	
0.999833	-0.00136607	0.0182393	-0.00136196	0.988878	0.148724	-0.0182396	-0.148724	0.988711	-0.257791	-2.10519	28.1815	
0.999821	-0.00145905	0.0188471	-0.00145451	0.988123	0.153656	-0.0188474	-0.153656	0.987945	-0.275276	-2.24775	29.1134	
0.99981	-0.00155509	0.0194546	-0.00155011	0.987344	0.158586	-0.019455	-0.158586	0.987154	-0.293334	-2.39496	30.0446	
0.999797	-0.00165421	0.0200619	-0.00164875	0.98654	0.163512	-0.0200624	-0.163512	0.986337	-0.311965	-2.54682	30.9751	
0.999785	-0.00175641	0.020669	-0.00175043	0.985711	0.168434	-0.0206695	-0.168434	0.985496	-0.331169	-2.70332	31.9047	
0.999772	-0.00186168	0.0212758	-0.00185515	0.984858	0.173353	-0.0212763	-0.173353	0.98463	-0.350945	-2.86446	32.8336	
0.999759	-0.00197002	0.0218823	-0.00196292	0.98398	0.178268	-0.0218829	-0.178268	0.983739	-0.371293	-3.03024	33.7616	
0.999745	-0.00208143	0.0224884	-0.00207372	0.983077	0.183179	-0.0224891	-0.183179	0.982822	-0.392213	-3.20065	34.6888	
0.999731	-0.00219592	0.0230943	-0.00218757	0.98215	0.188086	-0.0230951	-0.188085	0.981881	-0.413704	-3.37569	35.615	
0.999716	-0.00231347	0.0236998	-0.00230445	0.981198	0.192988	-0.0237007	-0.192988	0.980915	-0.435767	-3.55535	36.5404	
0.999702	-0.0024341	0.0243049	-0.00242436	0.980222	0.197886	-0.0243059	-0.197886	0.979924	-0.4584	-3.73963	37.4649	
0.999686	-0.00255779	0.0249096	-0.00254731	0.979221	0.202779	-0.0249107	-0.202779	0.978908	-0.481604	-3.92853	38.3884	
0.999671	-0.00268455	0.025514	-0.00267329	0.978196	0.207668	-0.0255152	-0.207668	0.977867	-0.505378	-4.12205	39.311	
0.999655	-0.00281438	0.0261179	-0.0028023	0.977146	0.212552	-0.0261192	-0.212551	0.976801	-0.529722	-4.32016	40.2325	
0.999639	-0.00294728	0.0267213	-0.00293433	0.976071	0.21743	-0.0267228	-0.21743	0.97571	-0.554635	-4.52289	41.1531	
0.999622	-0.00308323	0.0273243	-0.00306939	0.974973	0.222304	-0.0273259	-0.222303	0.974595	-0.580117	-4.7302	42.0726	
0.999605	-0.00322225	0.0279268	-0.00320746	0.973849	0.227172	-0.0279285	-0.227171	0.973454	-0.606168	-4.94212	42.991	
0.999587	-0.00336433	0.0285288	-0.00334856	0.972702	0.232034	-0.0285307	-0.232034	0.972289	-0.632787	-5.15862	43.9084	
0.999569	-0.00350946	0.0291303	-0.00349267	0.97153	0.236891	-0.0291324	-0.236891	0.971099	-0.659973	-5.3797	44.8246	
0.999551	-0.00365765	0.0297313	-0.00363979	0.970334	0.241742	-0.0297335	-0.241742	0.969885	-0.687726	-5.60536	45.7397	
0.999533	-0.00380889	0.0303317	-0.00378992	0.969113	0.246587	-0.030334	-0.246587	0.968646	-0.716046	-5.83559	46.6537	
0.999514	-0.00396319	0.0309315	-0.00394306	0.967868	0.251426	-0.0309341	-0.251426	0.967382	-0.744932	-6.07038	47.5664	
0.999494	-0.00412053	0.0315307	-0.00409919	0.9666	0.256259	-0.0315335	-0.256258	0.966094	-0.774383	-6.30974	48.478	
0.999475	-0.00428091	0.0321293	-0.00425833	0.965306	0.261085	-0.0321323	-0.261085	0.964781	-0.804399	-6.55365	49.3883	
0.999454	-0.00444433	0.0327273	-0.00442046	0.963989	0.265905	-0.0327305	-0.265904	0.963444	-0.83498	-6.8021	50.2974	
0.999434	-0.0046108	0.0333246	-0.00458558	0.962648	0.270718	-0.0333281	-0.270717	0.962082	-0.866124	-7.0551	51.2053	
0.999413	-0.0047803	0.0339212	-0.00475369	0.961282	0.275524	-0.033925	-0.275524	0.960695	-0.897832	-7.31264	52.1118	
0.999392	-0.00495283	0.0345172	-0.00492477	0.959893	0.280323	-0.0345212	-0.280323	0.959285	-0.930102	-7.5747	53.017	
0.99937	-0.00512839	0.0351124	-0.00509884	0.95848	0.285115	-0.0351167	-0.285115	0.95785	-0.962933	-7.84128	53.9208	
0.999348	-0.00530697	0.0357069	-0.00527588	0.957042	0.2899	-0.0357115	-0.2899	0.956391	-0.996326	-8.11238	54.8233	
0.999326	-0.00548858	0.0363007	-0.00545589	0.955581	0.294678	-0.0363056	-0.294677	0.954907	-1.03028	-8.38799	55.7245	
0.999303	-0.0056732	0.0368937	-0.00563887	0.954096	0.299447	-0.0368989	-0.299447	0.953399	-1.06479	-8.6681	56.6242	
0.999161	-0.00678338	0.0403875	-0.00589638	0.952083	0.305782	-0.0405265	-0.305764	0.951245	-1.1013	-8.95344	57.5221	
0.999006	-0.00791587	0.0438707	-0.0061782	0.950027	0.312107	-0.044149	-0.312068	0.949034	-1.14122	-9.24472	58.4181	
0.998837	-0.0090706	0.0473432	-0.00648433	0.947927	0.318421	-0.0477662	-0.318358	0.946767	-1.18455	-9.54195	59.3119	
0.998656	-0.0102475	0.0508049	-0.00681473	0.945785	0.324723	-0.0513781	-0.324633	0.944444	-1.2313	-9.8451	60.2035	
0.998461	-0.0114466	0.0542556	-0.00716937	0.943599	0.331013	-0.0549845	-0.330893	0.942065	-1.28144	-10.1542	61.0929	
0.998254	-0.0126677	0.0576953	-0.00754823	0.94137	0.337291	-0.0585853	-0.337137	0.939631	-1.33499	-10.4691	61.9801	
0.998033	-0.0139109	0.0611238	-0.00795125	0.939099	0.343554	-0.0621805	-0.343364	0.937142	-1.39192	-10.7899	62.8649	
0.9978	-0.015176	0.0645411	-0.00837841	0.936786	0.349802	-0.0657698	-0.349574	0.934598	-1.45225	-11.1166	63.7474	
0.997553	-0.016463	0.0679471	-0.00882964	0.934431	0.356036	-0.0693532	-0.355765	0.931999	-1.51596	-11.4492	64.6274	
0.997294	-0.0177719	0.0713416	-0.00930489	0.932033	0.362253	-0.0729306	-0.361936	0.929346	-1.58304	-11.7876	65.505	
0.997021	-0.0191025	0.0747245	-0.00980411	0.929595	0.368453	-0.0765019	-0.368088	0.926638	-1.65349	-12.1317	66.38	
0.996736	-0.0204549	0.0780959	-0.0103272	0.927114	0.374636	-0.0800669	-0.37422	0.923877	-1.72731	-12.4817	67.2525	
0.996438	-0.0218289	0.0814555	-0.0108742	0.924593	0.380801	-0.0836256	-0.38033	0.921062	-1.80448	-12.8375	68.1223	
0.996127	-0.0232245	0.0848032	-0.0114449	0.922031	0.386946	-0.0871779	-0.386418	0.918194	-1.88501	-13.199	68.9895	
0.995803	-0.0246417	0.0881391	-0.0120393	0.919429	0.393072	-0.0907236	-0.392483	0.915274	-1.96889	-13.5662	69.8539	
0.993726	-0.0328263	0.106919	-0.013197	0.914868	0.403537	-0.111064	-0.402416	0.908695	-2.06403	-13.941	70.7139	
0.99123	-0.0412132	0.125559	-0.0145879	0.910194	0.413924	-0.131342	-0.412126	0.901611	-2.17832	-14.325	71.5674	
0.988317	-0.0497976	0.144048	-0.016211	0.905411	0.424227	-0.151548	-0.421606	0.894026	-2.3117	-14.7181	72.414	
0.984989	-0.0585749	0.162375	-0.0180655	0.90052	0.43444	-0.171669	-0.430852	0.885944	-2.46409	-15.12	73.2532	
0.981248	-0.0675401	0.180531	-0.0201504	0.895524	0.444557	-0.191695	-0.439858	0.87737	-2.63541	-15.5306	74.0846	
0.977095	-0.0766883	0.198505	-0.0224644	0.890426	0.454573	-0.211615	-0.448621	0.868308	-2.82556	-15.9495	74.9077	
0.972533	-0.0860143	0.216288	-0.0250064	0.885229	0.464483	-0.231416	-0.457133	0.858764	-3.03445	-16.3765	75.722	
0.967565	-0.095513	0.233869	-0.0277749	0.879936	0.47428	-0.25109	-0.465392	0.848743	-3.26194	-16.8115	76.527	
0.962193	-0.105179	0.251239	-0.0307683	0.87455	0.483959	-0.270623	-0.473392	0.83825	-3.50792	-17.2541	77.3224	
0.956421	-0.115007	0.268388	-0.033985	0.869073	0.493515	-0.290007	-0.48113	0.827291	-3.77225	-17.7041	78.1077	
0.950251	-0.124992	0.285307	-0.0374232	0.863509	0.502943	-0.309229	-0.488599	0.815873	-4.05478	-18.1614	78.8824	
0.943687	-0.135128	0.301986	-0.041081	0.857861	0.512238	-0.328279	-0.495798	0.804001	-4.35536	-18.6255	79.6462	
0.936732	-0.145409	0.318416	-0.0449564	0.852132	0.521393	-0.347147	-0.502721	0.791682	-4.67382	-19.0963	80.3985	
0.929391	-0.15583	0.334587	-0.0490472	0.846325	0.530405	-0.365822	-0.509364	0.778924	-5.00997	-19.5735	81.139	
0.921668	-0.166385	0.350492	-0.0533511	0.840443	0.539267	-0.384294	-0.515725	0.765732	-5.36364	-20.0568	81.8673	
0.913566	-0.177067	0.36612	-0.0578657	0.83449	0.547976	-0.402552	-0.521798	0.752116	-5.73463	-20.5459	82.583	
0.905091	-0.187872	0.381464	-0.0625886	0.828469	0.556527	-0.420587	-0.527582	0.738081	-6.12273	-21.0407	83.2856	
0.896246	-0.198793	0.396514	-0.0675171	0.822383	0.564913	-0.438388	-0.533073	0.723636	-6.52772	-21.5408	83.9748	
0.887038	-0.209824	0.411263	-0.0726485	0.816236	0.573132	-0.455945	-0.538268	0.708789	-6.94939	-22.0459	84.6501	
0.877471	-0.220959	0.425702	-0.0779799	0.810031	0.581178	-0.473249	-0.543163	0.693548	-7.38749	-22.5558	85.3113	
0.86755	-0.232192	0.439823	-0.0835084	0.803772	0.589047	-0.49029	-0.547757	0.677922	-7.84179	-23.0702	85.9579	
0.857281	-0.243516	0.453619	-0.0892308	0.797462	0.596735	-0.507058	-0.552046	0.661919	-8.31202	-23.5887	86.5897	
0.846669	-0.254925	0.467081	-0.0951441	0.791104	0.604237	-0.523545	-0.556029	0.645549	-8.79794	-24.1111	87.2061	
