1	0	0	0	1	0	0	0	1	0	0	0	
0.999998	2.01065e-06	0.00197755	2.01065e-06	0.999998	-0.00203347	-0.00197755	0.00203347	0.999996	-0.000789025	0.000811335	0.797979	
0.999992	8.06022e-06	0.00395915	8.06246e-06	0.999992	-0.00407222	-0.00395915	0.00407222	0.999984	-0.00315771	0.00324745	1.59595	
0.999982	1.81754e-05	0.00594472	1.81844e-05	0.999981	-0.0061162	-0.00594472	0.0061162	0.999964	-0.00710926	0.00731253	2.39391	
0.999969	3.23826e-05	0.00793421	3.2405e-05	0.999967	-0.00816535	-0.00793421	0.00816535	0.999935	-0.0126468	0.0130107	3.19185	
0.999951	5.07078e-05	0.00992754	5.07528e-05	0.999948	-0.0102196	-0.00992754	0.0102196	0.999898	-0.0197735	0.0203461	3.98976	
0.999929	7.31766e-05	0.0119247	7.32555e-05	0.999925	-0.0122789	-0.0119247	0.0122789	0.999854	-0.0284923	0.0293228	4.78765	
0.999903	9.98145e-05	0.0139255	9.9941e-05	0.999897	-0.0143431	-0.0139255	0.0143431	0.9998	-0.0388063	0.0399447	5.58549	
0.999873	0.000130646	0.01593	0.000130836	0.999865	-0.0164123	-0.01593	0.0164123	0.999738	-0.0507183	0.0522159	6.38328	
0.999839	0.000165697	0.0179381	0.000165969	0.999829	-0.0184864	-0.0179381	0.0184864	0.999668	-0.0642313	0.0661401	7.18103	
0.999801	0.00020499	0.0199497	0.000205365	0.999788	-0.0205652	-0.0199497	0.0205652	0.999589	-0.0793482	0.0817213	7.97871	
0.999759	0.00024855	0.0219648	0.000249051	0.999743	-0.0226488	-0.0219648	0.0226488	0.999502	-0.0960717	0.0989633	8.77633	
0.999712	0.0002964	0.0239833	0.000297053	0.999694	-0.0247371	-0.0239833	0.0247371	0.999406	-0.114405	0.11787	9.57387	
0.999662	0.000348564	0.0260051	0.000349397	0.99964	-0.0268299	-0.0260051	0.02683	0.999302	-0.134349	0.138445	10.3713	
0.999607	0.000405064	0.0280302	0.000406107	0.999581	-0.0289274	-0.0280302	0.0289274	0.999188	-0.155909	0.160691	11.1687	
0.999548	0.000465922	0.0300586	0.000467209	0.999518	-0.0310293	-0.0300585	0.0310293	0.999066	-0.179086	0.184613	11.966	
0.999485	0.000531162	0.03209	0.000532728	0.999451	-0.0331356	-0.03209	0.0331357	0.998936	-0.203883	0.210215	12.7632	
0.999417	0.000600804	0.0341246	0.000602687	0.999378	-0.0352463	-0.0341245	0.0352464	0.998796	-0.230301	0.237498	13.5603	
0.999346	0.00067487	0.0361621	0.00067711	0.999302	-0.0373613	-0.0361621	0.0373614	0.998647	-0.258345	0.266468	14.3572	
0.99927	0.000753381	0.0382027	0.000756022	0.99922	-0.0394806	-0.0382026	0.0394806	0.99849	-0.288016	0.297127	15.1541	
0.999189	0.000836358	0.0402461	0.000839445	0.999134	-0.041604	-0.040246	0.0416041	0.998323	-0.319316	0.329479	15.9508	
0.999105	0.000923821	0.0422923	0.000927402	0.999043	-0.0437316	-0.0422922	0.0437317	0.998148	-0.352248	0.363527	16.7473	
0.999016	0.00101579	0.0443413	0.00101992	0.998947	-0.0458632	-0.0443412	0.0458633	0.997963	-0.386814	0.399275	17.5438	
0.998923	0.00111228	0.046393	0.00111701	0.998847	-0.0479988	-0.0463929	0.0479989	0.997769	-0.423016	0.436725	18.34	
0.998825	0.00121332	0.0484473	0.0012187	0.998742	-0.0501383	-0.0484472	0.0501384	0.997567	-0.460856	0.475881	19.1362	
0.998723	0.00131893	0.0505042	0.00132502	0.998631	-0.0522817	-0.0505041	0.0522818	0.997354	-0.500337	0.516745	19.9321	
0.998617	0.00142911	0.0525636	0.00143598	0.998517	-0.0544289	-0.0525635	0.054429	0.997133	-0.54146	0.559322	20.7279	
0.998506	0.00154389	0.0546255	0.0015516	0.998397	-0.0565798	-0.0546253	0.05658	0.996903	-0.584227	0.603614	21.5235	
0.99839	0.0016633	0.0566897	0.00167191	0.998272	-0.0587344	-0.0566895	0.0587346	0.996663	-0.628641	0.649623	22.3189	
0.998271	0.00178733	0.0587563	0.00179692	0.998143	-0.0608926	-0.058756	0.0608929	0.996413	-0.674702	0.697353	23.1141	
0.998147	0.00191602	0.0608251	0.00192665	0.998008	-0.0630544	-0.0608247	0.0630547	0.996155	-0.722414	0.746807	23.9091	
0.998018	0.00204938	0.0628961	0.00206113	0.997869	-0.0652196	-0.0628957	0.06522	0.995887	-0.771777	0.797987	24.704	
0.997885	0.00218742	0.0649692	0.00220037	0.997724	-0.0673883	-0.0649687	0.0673887	0.995609	-0.822794	0.850897	25.4985	
0.997747	0.00233017	0.0670443	0.00234439	0.997575	-0.0695603	-0.0670438	0.0695608	0.995322	-0.875465	0.905539	26.2929	
0.997605	0.00247763	0.0691215	0.00249321	0.997421	-0.0717357	-0.0691209	0.0717362	0.995026	-0.929794	0.961915	27.087	
0.997459	0.00262982	0.0712006	0.00264685	0.997261	-0.0739142	-0.0712	0.0739148	0.99472	-0.98578	1.02003	27.8809	
0.997307	0.00278676	0.0732816	0.00280532	0.997097	-0.076096	-0.0732809	0.0760966	0.994404	-1.04343	1.07988	28.6746	
0.997152	0.00294846	0.0753643	0.00296864	0.996927	-0.0782808	-0.0753635	0.0782816	0.994079	-1.10273	1.14148	29.4679	
0.996991	0.00311493	0.0774489	0.00313683	0.996752	-0.0804687	-0.077448	0.0804695	0.993744	-1.1637	1.20482	30.2611	
0.996827	0.00328619	0.079535	0.0033099	0.996572	-0.0826595	-0.0795341	0.0826605	0.993399	-1.22634	1.2699	31.0539	
0.996657	0.00346225	0.0816229	0.00348788	0.996387	-0.0848533	-0.0816218	0.0848543	0.993045	-1.29064	1.33674	31.8465	
0.996483	0.00364313	0.0837122	0.00367077	0.996197	-0.0870499	-0.083711	0.087051	0.992681	-1.3566	1.40533	32.6388	
0.996305	0.00382884	0.0858031	0.00385859	0.996002	-0.0892493	-0.0858017	0.0892506	0.992307	-1.42424	1.47567	33.4308	
0.996122	0.00401938	0.0878953	0.00405136	0.995801	-0.0914514	-0.0878939	0.0914528	0.991923	-1.49354	1.54777	34.2225	
0.995934	0.00421477	0.089989	0.00424909	0.995596	-0.0936562	-0.0899874	0.0936577	0.991529	-1.56451	1.62163	35.0138	
0.995741	0.00441503	0.0920839	0.0044518	0.995385	-0.0958635	-0.0920821	0.0958652	0.991126	-1.63716	1.69725	35.8049	
0.995544	0.00462016	0.0941801	0.00465949	0.995168	-0.0980734	-0.0941781	0.0980753	0.990713	-1.71147	1.77463	36.5956	
0.995343	0.00483017	0.0962774	0.00487219	0.994947	-0.100286	-0.0962753	0.100288	0.99029	-1.78746	1.85377	37.386	
0.995137	0.00504508	0.0983759	0.0050899	0.99472	-0.102501	-0.0983736	0.102503	0.989856	-1.86513	1.93468	38.1761	
0.994926	0.00526489	0.100475	0.00531264	0.994488	-0.104718	-0.100473	0.10472	0.989413	-1.94446	2.01736	38.9658	
0.99471	0.00548961	0.102576	0.00554042	0.99425	-0.106937	-0.102573	0.10694	0.98896	-2.02548	2.10181	39.7551	
0.99449	0.00571926	0.104677	0.00577325	0.994008	-0.109159	-0.104674	0.109161	0.988497	-2.10817	2.18803	40.5441	
0.994265	0.00595384	0.10678	0.00601114	0.993759	-0.111382	-0.106776	0.111385	0.988024	-2.19253	2.27603	41.3327	
0.994035	0.00619335	0.108883	0.00625411	0.993506	-0.113608	-0.108879	0.113611	0.987541	-2.27858	2.3658	42.121	
0.993801	0.00643782	0.110986	0.00650217	0.993247	-0.115836	-0.110983	0.115839	0.987048	-2.3663	2.45735	42.9088	
0.993562	0.00668724	0.113091	0.00675532	0.992983	-0.118066	-0.113087	0.118069	0.986545	-2.4557	2.55068	43.6963	
0.993361	0.00690023	0.114832	0.00734477	0.992359	-0.123167	-0.114804	0.123193	0.98572	-2.54663	2.64694	44.4832	
0.993156	0.00712322	0.116579	0.00794355	0.991708	-0.128268	-0.116526	0.128316	0.984864	-2.63893	2.74729	45.2694	
0.992947	0.00735626	0.118332	0.00855167	0.99103	-0.133367	-0.118252	0.133439	0.983977	-2.7326	2.85173	46.055	
0.992734	0.0075994	0.12009	0.00916915	0.990325	-0.138466	-0.119981	0.138561	0.983059	-2.82765	2.96025	46.8398	
0.992517	0.00785268	0.121854	0.009796	0.989593	-0.143563	-0.121713	0.143682	0.982111	-2.92409	3.07286	47.6239	
0.992296	0.00811614	0.123622	0.0104322	0.988834	-0.148658	-0.123448	0.148802	0.981131	-3.02191	3.18956	48.4072	
0.992071	0.00838981	0.125395	0.0110779	0.988048	-0.15375	-0.125187	0.15392	0.980121	-3.12111	3.31035	49.1897	
0.991843	0.00867373	0.127173	0.0117329	0.987234	-0.158841	-0.126927	0.159037	0.979079	-3.2217	3.43521	49.9714	
0.99161	0.00896791	0.128954	0.0123974	0.986394	-0.163929	-0.12867	0.164152	0.978007	-3.32368	3.56416	50.7523	
0.991373	0.00927239	0.130739	0.0130713	0.985527	-0.169014	-0.130414	0.169264	0.976904	-3.42705	3.69719	51.5323	
0.991133	0.00958717	0.132528	0.0137546	0.984633	-0.174095	-0.132161	0.174374	0.97577	-3.53182	3.8343	52.3114	
0.990888	0.00991228	0.13432	0.0144474	0.983711	-0.179173	-0.133908	0.179481	0.974605	-3.63798	3.97549	53.0896	
0.99064	0.0102477	0.136115	0.0151496	0.982763	-0.184248	-0.135657	0.184585	0.973409	-3.74553	4.12075	53.8668	
0.990388	0.0105935	0.137913	0.0158612	0.981788	-0.189318	-0.137406	0.189686	0.972182	-3.85448	4.27008	54.6431	
0.990132	0.0109497	0.139713	0.0165823	0.980785	-0.194384	-0.139156	0.194783	0.970925	-3.96483	4.42348	55.4184	
0.989871	0.0113162	0.141515	0.0173127	0.979756	-0.199446	-0.140907	0.199875	0.969637	-4.07657	4.58094	56.1926	
0.989608	0.011693	0.143319	0.0180526	0.9787	-0.204502	-0.142657	0.204964	0.968317	-4.18971	4.74247	56.9658	
0.98934	0.0120802	0.145124	0.0188019	0.977616	-0.209554	-0.144407	0.210048	0.966968	-4.30424	4.90806	57.738	
0.989068	0.0124777	0.146931	0.0195606	0.976506	-0.2146	-0.146157	0.215128	0.965587	-4.42018	5.0777	58.5091	
0.988793	0.0128855	0.148739	0.0203287	0.975369	-0.21964	-0.147905	0.220202	0.964176	-4.53751	5.25139	59.279	
0.988513	0.0133036	0.150547	0.0211061	0.974205	-0.224675	-0.149653	0.225271	0.962734	-4.65623	5.42913	60.0479	
0.98823	0.013732	0.152356	0.0218929	0.973014	-0.229703	-0.151399	0.230335	0.961262	-4.77635	5.61091	60.8155	
0.987943	0.0141707	0.154166	0.0226891	0.971797	-0.234725	-0.153144	0.235393	0.959759	-4.89785	5.79673	61.582	
0.987653	0.0146195	0.155975	0.0234945	0.970553	-0.23974	-0.154887	0.240445	0.958226	-5.02076	5.98659	62.3472	
0.987359	0.0150785	0.157784	0.0243092	0.969282	-0.244749	-0.156627	0.24549	0.956662	-5.14505	6.18047	63.1113	
0.987061	0.0155477	0.159592	0.0251333	0.967984	-0.24975	-0.158365	0.250529	0.955068	-5.27073	6.37838	63.874	
0.986759	0.016027	0.161399	0.0259665	0.96666	-0.254743	-0.160101	0.255561	0.953444	-5.39779	6.5803	64.6355	
0.986454	0.0165163	0.163206	0.026809	0.965309	-0.259729	-0.161834	0.260586	0.95179	-5.52624	6.78624	65.3957	
0.986145	0.0170157	0.16501	0.0276606	0.963932	-0.264707	-0.163563	0.265604	0.950106	-5.65607	6.99619	66.1545	
0.985833	0.017525	0.166814	0.0285215	0.962529	-0.269676	-0.165289	0.270614	0.948392	-5.78728	7.21013	66.912	
0.985517	0.0180442	0.168615	0.0293914	0.961099	-0.274637	-0.167011	0.275616	0.946648	-5.91986	7.42807	67.6681	
0.985198	0.0185732	0.170414	0.0302704	0.959642	-0.27959	-0.168729	0.28061	0.944875	-6.05382	7.65	68.4228	
0.984875	0.019112	0.172211	0.0311585	0.95816	-0.284533	-0.170443	0.285595	0.943072	-6.18915	7.87591	69.1761	
0.984549	0.0196606	0.174005	0.0320556	0.956651	-0.289467	-0.172153	0.290572	0.941239	-6.32584	8.1058	69.9279	
0.984219	0.0202188	0.175796	0.0329617	0.955116	-0.294392	-0.173857	0.295541	0.939377	-6.4639	8.33965	70.6783	
0.984534	0.019663	0.174089	0.036391	0.949057	-0.312997	-0.171375	0.314492	0.933662	-6.60165	8.58306	71.4256	
0.984843	0.0190728	0.172394	0.0397703	0.942622	-0.331486	-0.168824	0.333318	0.927576	-6.73739	8.84154	72.1682	
0.985149	0.0184485	0.170709	0.0430983	0.935814	-0.34985	-0.166206	0.352011	0.921121	-6.87106	9.11498	72.9059	
0.985449	0.0177902	0.169037	0.0463736	0.928636	-0.368082	-0.163522	0.370565	0.914299	-7.00263	9.40329	73.6382	
0.985745	0.0170982	0.167378	0.049595	0.921092	-0.386174	-0.160773	0.38897	0.907113	-7.13202	9.70635	74.365	
0.986035	0.0163729	0.165732	0.0527611	0.913183	-0.404121	-0.15796	0.407221	0.899566	-7.2592	10.024	75.0858	
0.98632	0.0156144	0.1641	0.0558707	0.904913	-0.421914	-0.155084	0.42531	0.891661	-7.3841	10.3562	75.8005	
0.9866	0.0148232	0.162483	0.0589225	0.896285	-0.439546	-0.152147	0.44323	0.883402	-7.50669	10.7028	76.5088	
0.986874	0.0139994	0.160881	0.0619154	0.887303	-0.457011	-0.149148	0.460974	0.87479	-7.62691	11.0635	77.2103	
