1	0	0	0	1	0	0	0	1	0	0	0	
0.999991	-5.08399e-06	0.00415569	-5.08399e-06	0.999997	0.00244675	-0.00415569	-0.00244675	0.999988	-0.00187111	-0.00110166	0.900502	
0.999965	-2.03398e-05	0.00831162	-2.03445e-05	0.999988	0.00489475	-0.00831162	-0.00489475	0.999953	-0.00748456	-0.00440719	1.80098	
0.999922	-4.57742e-05	0.0124677	-4.57927e-05	0.999973	0.00734395	-0.0124677	-0.00734395	0.999895	-0.0168405	-0.00991771	2.70142	
0.999862	-8.13932e-05	0.0166238	-8.14394e-05	0.999952	0.00979426	-0.0166238	-0.00979427	0.999814	-0.029939	-0.0176343	3.6018	
0.999784	-0.000127203	0.0207797	-0.000127295	0.999925	0.0122456	-0.0207797	-0.0122456	0.999709	-0.0467801	-0.0275578	4.50209	
0.999689	-0.000183208	0.0249355	-0.00018337	0.999892	0.014698	-0.0249355	-0.014698	0.999581	-0.0673635	-0.0396892	5.40228	
0.999577	-0.000249414	0.0290909	-0.000249673	0.999853	0.0171512	-0.0290909	-0.0171512	0.99943	-0.0916891	-0.0540295	6.30234	
0.999447	-0.000325826	0.0332459	-0.000326214	0.999808	0.0196054	-0.0332459	-0.0196054	0.999255	-0.119756	-0.0705793	7.20225	
0.9993	-0.000412446	0.0374003	-0.000413001	0.999757	0.0220602	-0.0374002	-0.0220602	0.999057	-0.151565	-0.0893393	8.102	
0.999136	-0.00050928	0.041554	-0.000510043	0.999699	0.0245158	-0.0415539	-0.0245158	0.998835	-0.187114	-0.11031	9.00156	
0.998955	-0.00061633	0.0457068	-0.000617348	0.999636	0.0269721	-0.0457068	-0.0269721	0.998591	-0.226404	-0.133493	9.9009	
0.998756	-0.000733599	0.0498588	-0.000734922	0.999567	0.0294289	-0.0498588	-0.0294289	0.998323	-0.269433	-0.158888	10.8	
0.99854	-0.000861089	0.0540098	-0.000862773	0.999491	0.0318862	-0.0540097	-0.0318862	0.998031	-0.3162	-0.186495	11.6989	
0.998307	-0.000998802	0.0581596	-0.00100091	0.99941	0.0343439	-0.0581595	-0.034344	0.997716	-0.366704	-0.216315	12.5975	
0.998056	-0.00114674	0.0623081	-0.00114933	0.999322	0.036802	-0.062308	-0.0368021	0.997378	-0.420945	-0.248349	13.4958	
0.997789	-0.0013049	0.0664552	-0.00130805	0.999228	0.0392604	-0.0664551	-0.0392605	0.997017	-0.478921	-0.282597	14.3938	
0.997504	-0.00147329	0.0706008	-0.00147707	0.999128	0.041719	-0.0706007	-0.0417191	0.996632	-0.540631	-0.319058	15.2914	
0.997201	-0.00165191	0.0747448	-0.0016564	0.999022	0.0441777	-0.0747447	-0.0441779	0.996224	-0.606074	-0.357733	16.1887	
0.996882	-0.00184076	0.0788871	-0.00184603	0.99891	0.0466366	-0.078887	-0.0466368	0.995792	-0.675247	-0.398623	17.0856	
0.996545	-0.00203982	0.0830275	-0.00204598	0.998792	0.0490954	-0.0830274	-0.0490957	0.995337	-0.748149	-0.441727	17.9821	
0.996191	-0.00224912	0.087166	-0.00225625	0.998668	0.0515542	-0.0871658	-0.0515545	0.994859	-0.824779	-0.487045	18.8782	
0.99582	-0.00246864	0.0913024	-0.00247683	0.998537	0.0540129	-0.0913022	-0.0540133	0.994357	-0.905135	-0.534577	19.7739	
0.995432	-0.00269838	0.0954366	-0.00270775	0.998401	0.0564714	-0.0954363	-0.0564718	0.993832	-0.989215	-0.584323	20.6691	
0.995026	-0.00293834	0.0995685	-0.00294898	0.998258	0.0589296	-0.0995681	-0.0589302	0.993284	-1.07702	-0.636284	21.5638	
0.994604	-0.00318851	0.103698	-0.00320055	0.998109	0.0613875	-0.103698	-0.0613881	0.992713	-1.16854	-0.690457	22.458	
0.994164	-0.0034489	0.107825	-0.00346244	0.997954	0.063845	-0.107824	-0.0638457	0.992118	-1.26378	-0.746844	23.3516	
0.993707	-0.0037195	0.111949	-0.00373466	0.997793	0.066302	-0.111949	-0.0663029	0.9915	-1.36273	-0.805444	24.2448	
0.993233	-0.00400031	0.116071	-0.00401721	0.997625	0.0687585	-0.11607	-0.0687595	0.990858	-1.4654	-0.866256	25.1373	
0.992742	-0.00429131	0.120189	-0.0043101	0.997452	0.0712144	-0.120188	-0.0712155	0.990193	-1.57177	-0.929281	26.0293	
0.992233	-0.00459252	0.124305	-0.00461331	0.997272	0.0736695	-0.124304	-0.0736708	0.989505	-1.68186	-0.994516	26.9207	
0.991708	-0.00490391	0.128417	-0.00492686	0.997086	0.076124	-0.128416	-0.0761255	0.988794	-1.79564	-1.06196	27.8114	
0.991166	-0.0052255	0.132526	-0.00525073	0.996894	0.0785776	-0.132525	-0.0785793	0.98806	-1.91313	-1.13162	28.7015	
0.990606	-0.00555726	0.136632	-0.00558493	0.996696	0.0810303	-0.136631	-0.0810322	0.987302	-2.03432	-1.20348	29.5909	
0.99003	-0.0058992	0.140735	-0.00592946	0.996492	0.0834821	-0.140734	-0.0834842	0.986521	-2.15921	-1.27756	30.4796	
0.989436	-0.0062513	0.144834	-0.00628431	0.996281	0.0859328	-0.144832	-0.0859352	0.985717	-2.28778	-1.35384	31.3676	
0.988826	-0.00661356	0.148929	-0.00664948	0.996064	0.0883825	-0.148927	-0.0883852	0.98489	-2.42005	-1.43233	32.2549	
0.988198	-0.00698598	0.15302	-0.00702497	0.995842	0.090831	-0.153019	-0.090834	0.98404	-2.556	-1.51302	33.1414	
0.987554	-0.00736854	0.157108	-0.00741077	0.995613	0.0932782	-0.157106	-0.0932816	0.983166	-2.69564	-1.59592	34.0272	
0.986893	-0.00776123	0.161191	-0.00780688	0.995377	0.0957241	-0.161189	-0.0957279	0.98227	-2.83895	-1.68102	34.9121	
0.986214	-0.00816405	0.165271	-0.00821329	0.995136	0.0981687	-0.165268	-0.0981728	0.98135	-2.98594	-1.76833	35.7962	
0.985519	-0.00857699	0.169346	-0.00863001	0.994888	0.100612	-0.169343	-0.100616	0.980408	-3.1366	-1.85783	36.6795	
0.984807	-0.00900004	0.173417	-0.00905702	0.994635	0.103053	-0.173414	-0.103058	0.979442	-3.29093	-1.94954	37.562	
0.984079	-0.00943318	0.177483	-0.00949432	0.994375	0.105493	-0.17748	-0.105499	0.978453	-3.44892	-2.04344	38.4435	
0.983333	-0.00987641	0.181544	-0.0099419	0.994109	0.107932	-0.181541	-0.107938	0.977442	-3.61057	-2.13954	39.3242	
0.982571	-0.0103297	0.185601	-0.0103998	0.993836	0.110368	-0.185598	-0.110375	0.976407	-3.77587	-2.23784	40.2039	
0.981792	-0.0107931	0.189654	-0.0108679	0.993558	0.112803	-0.189649	-0.11281	0.97535	-3.94483	-2.33833	41.0827	
0.980996	-0.0112665	0.193701	-0.0113463	0.993273	0.115236	-0.193696	-0.115244	0.974269	-4.11743	-2.44101	41.9605	
0.980183	-0.01175	0.197743	-0.0118349	0.992983	0.117667	-0.197738	-0.117676	0.973166	-4.29368	-2.54588	42.8373	
0.979354	-0.0122435	0.20178	-0.0123338	0.992686	0.120096	-0.201775	-0.120106	0.97204	-4.47356	-2.65295	43.7132	
0.978508	-0.012747	0.205812	-0.0128429	0.992383	0.122523	-0.205806	-0.122533	0.970891	-4.65707	-2.7622	44.588	
0.977646	-0.0132605	0.209839	-0.0133623	0.992073	0.124948	-0.209832	-0.124959	0.969719	-4.84422	-2.87363	45.4617	
0.976767	-0.013784	0.21386	-0.0138919	0.991758	0.127371	-0.213853	-0.127383	0.968525	-5.03498	-2.98725	46.3344	
0.975872	-0.0143175	0.217875	-0.0144316	0.991436	0.129791	-0.217868	-0.129804	0.967308	-5.22936	-3.10305	47.2061	
0.97496	-0.0148609	0.221885	-0.0149816	0.991109	0.132209	-0.221877	-0.132223	0.966068	-5.42736	-3.22103	48.0766	
0.974031	-0.0154143	0.225889	-0.0155418	0.990775	0.134625	-0.22588	-0.13464	0.964806	-5.62896	-3.34118	48.946	
0.973086	-0.0159776	0.229887	-0.0161121	0.990435	0.137038	-0.229877	-0.137054	0.963521	-5.83417	-3.46351	49.8142	
0.972125	-0.0165508	0.233879	-0.0166927	0.990089	0.139449	-0.233869	-0.139466	0.962213	-6.04297	-3.58802	50.6813	
0.971147	-0.0171339	0.237865	-0.0172833	0.989736	0.141857	-0.237854	-0.141875	0.960883	-6.25537	-3.71469	51.5471	
0.970153	-0.0177269	0.241844	-0.0178841	0.989378	0.144262	-0.241833	-0.144281	0.959531	-6.47135	-3.84353	52.4118	
0.969143	-0.0183298	0.245818	-0.018495	0.989013	0.146665	-0.245805	-0.146685	0.958156	-6.69091	-3.97454	53.2753	
0.968909	-0.0184705	0.246726	-0.0193261	0.988513	0.149897	-0.246661	-0.150005	0.957422	-6.91264	-4.10813	54.1377	
0.968675	-0.0186145	0.247635	-0.0201616	0.988	0.153133	-0.247514	-0.153329	0.956675	-7.13515	-4.24471	54.9996	
0.968439	-0.0187618	0.248544	-0.0210014	0.987475	0.156373	-0.248365	-0.156657	0.955915	-7.35842	-4.38428	55.8607	
0.968202	-0.0189124	0.249453	-0.0218454	0.986938	0.159614	-0.249213	-0.159988	0.955142	-7.58245	-4.52685	56.7212	
0.967965	-0.0190663	0.250361	-0.0226935	0.986389	0.162858	-0.250059	-0.163322	0.954357	-7.80725	-4.67242	57.5809	
0.967726	-0.0192234	0.25127	-0.0235456	0.985827	0.166103	-0.250902	-0.166659	0.953558	-8.03281	-4.82099	58.44	
0.967487	-0.0193839	0.252178	-0.0244016	0.985254	0.169349	-0.251742	-0.169997	0.952747	-8.25913	-4.97257	59.2983	
0.967246	-0.0195476	0.253087	-0.0252614	0.984669	0.172597	-0.25258	-0.173337	0.951923	-8.4862	-5.12716	60.1559	
0.967005	-0.0197146	0.253995	-0.0261249	0.984071	0.175844	-0.253416	-0.176678	0.951086	-8.71403	-5.28476	61.0127	
0.966762	-0.0198849	0.254902	-0.026992	0.983462	0.179091	-0.254248	-0.180019	0.950237	-8.94261	-5.44536	61.8688	
0.966519	-0.0200584	0.25581	-0.0278625	0.982841	0.182338	-0.255078	-0.183361	0.949376	-9.17193	-5.60897	62.7241	
0.966275	-0.0202352	0.256716	-0.0287364	0.982208	0.185584	-0.255904	-0.186702	0.948502	-9.402	-5.7756	63.5786	
0.96603	-0.0204153	0.257623	-0.0296135	0.981564	0.188828	-0.256728	-0.190043	0.947615	-9.63282	-5.94523	64.4324	
0.965784	-0.0205986	0.258528	-0.0304938	0.980907	0.192071	-0.257549	-0.193382	0.946716	-9.86437	-6.11786	65.2853	
0.965537	-0.0207851	0.259433	-0.031377	0.980239	0.195311	-0.258366	-0.19672	0.945806	-10.0967	-6.29351	66.1374	
0.96529	-0.0209749	0.260337	-0.0322632	0.97956	0.198548	-0.259181	-0.200056	0.944883	-10.3297	-6.47216	66.9887	
0.965042	-0.0211678	0.261241	-0.0331521	0.978869	0.201782	-0.259992	-0.203389	0.943948	-10.5634	-6.65381	67.8391	
0.964792	-0.021364	0.262143	-0.0340437	0.978167	0.205013	-0.2608	-0.206719	0.943001	-10.7979	-6.83846	68.6888	
0.964543	-0.0215633	0.263045	-0.0349379	0.977454	0.208239	-0.261604	-0.210046	0.942042	-11.0332	-7.02611	69.5375	
0.969972	-0.0169499	0.242626	-0.0365077	0.97612	0.214143	-0.240461	-0.216571	0.94619	-11.2592	-7.21821	70.3877	
0.974943	-0.0121966	0.222122	-0.037945	0.974745	0.220072	-0.219197	-0.222986	0.949858	-11.4662	-7.41613	71.2415	
0.979452	-0.00730584	0.201545	-0.0392489	0.973331	0.226022	-0.197821	-0.229288	0.953045	-11.654	-7.61977	72.0983	
0.983498	-0.00228	0.180903	-0.0404189	0.971878	0.23199	-0.176345	-0.235474	0.955748	-11.8224	-7.82904	72.9578	
0.987079	0.00287834	0.160209	-0.0414542	0.970386	0.237974	-0.154779	-0.24154	0.957967	-11.9715	-8.04383	73.8194	
0.990192	0.00816656	0.139471	-0.0423545	0.968857	0.24397	-0.133136	-0.247485	0.959701	-12.1012	-8.26402	74.6829	
0.992837	0.013582	0.118702	-0.0431192	0.967292	0.249976	-0.111424	-0.253303	0.960949	-12.2113	-8.48951	75.5477	
0.995011	0.0191219	0.0979106	-0.0437479	0.96569	0.255987	-0.0896563	-0.258994	0.961709	-12.3018	-8.72018	76.4134	
0.996715	0.0247834	0.0771082	-0.0442404	0.964053	0.262002	-0.0678431	-0.264553	0.961982	-12.3727	-8.95592	77.2796	
0.997946	0.0305637	0.0563052	-0.0445963	0.962381	0.268018	-0.0459954	-0.269978	0.961767	-12.424	-9.19661	78.1458	
0.998704	0.0364599	0.035512	-0.0448156	0.960676	0.27403	-0.0241245	-0.275266	0.961065	-12.4556	-9.44211	79.0116	
0.998989	0.0424689	0.0147393	-0.044898	0.958939	0.280036	-0.00224128	-0.280415	0.959876	-12.4675	-9.69232	79.8766	
0.998801	0.0485878	-0.00600237	-0.0448436	0.95717	0.286034	0.019643	-0.285422	0.958201	-12.4596	-9.9471	80.7402	
0.99814	0.0548133	-0.0267026	-0.0446524	0.95537	0.292019	0.0415174	-0.290284	0.95604	-12.4321	-10.2063	81.6022	
0.997005	0.0611425	-0.0473508	-0.0443244	0.953539	0.29799	0.0633707	-0.294998	0.953394	-12.3848	-10.4699	82.4619	
0.995399	0.0675719	-0.0679366	-0.0438599	0.95168	0.303942	0.0851919	-0.299564	0.950265	-12.318	-10.7376	83.3191	
0.993321	0.0740985	-0.0884496	-0.043259	0.949793	0.309873	0.10697	-0.303977	0.946655	-12.2314	-11.0093	84.1732	
0.990772	0.0807189	-0.108879	-0.0425222	0.947879	0.315781	0.128694	-0.308237	0.942565	-12.1253	-11.285	85.0239	
0.987755	0.0874297	-0.129215	-0.0416496	0.945939	0.321661	0.150352	-0.31234	0.937997	-11.9997	-11.5644	85.8706	
0.98427	0.0942275	-0.149447	-0.0406419	0.943973	0.327511	0.171935	-0.316285	0.932953	-11.8546	-11.8475	86.7131	
