1	0	0	0	1	0	0	0	1	0	0	0	
0.999999	-6.07877e-07	0.00169407	-6.07877e-07	1	0.000717652	-0.00169407	-0.000717652	0.999998	-0.000789711	-0.000334542	0.932323	
0.999994	-2.43966e-06	0.00339396	-2.43921e-06	0.999999	0.00143751	-0.00339396	-0.00143751	0.999993	-0.00316156	-0.00133919	1.86464	
0.999987	-5.50733e-06	0.00509961	-5.50555e-06	0.999998	0.00215954	-0.00509961	-0.00215954	0.999985	-0.00712094	-0.003016	2.79696	
0.999977	-9.82273e-06	0.00681093	-9.81826e-06	0.999996	0.00288371	-0.00681093	-0.00288371	0.999973	-0.0126732	-0.00536697	3.72926	
0.999964	-1.53975e-05	0.00852786	-1.53886e-05	0.999993	0.00360998	-0.00852786	-0.00360998	0.999957	-0.0198235	-0.00839407	4.66155	
0.999947	-2.22432e-05	0.0102503	-2.22275e-05	0.999991	0.00433833	-0.0102503	-0.00433833	0.999938	-0.0285772	-0.0120993	5.59382	
0.999928	-3.03712e-05	0.0119782	-3.03459e-05	0.999987	0.00506873	-0.0119782	-0.00506873	0.999915	-0.0389393	-0.0164845	6.52608	
0.999906	-3.97925e-05	0.0137116	-3.97545e-05	0.999983	0.00580113	-0.0137116	-0.00580113	0.999889	-0.0509149	-0.0215516	7.45831	
0.999881	-5.05182e-05	0.0154502	-5.04637e-05	0.999979	0.00653551	-0.0154502	-0.00653551	0.999859	-0.064509	-0.0273025	8.39052	
0.999852	-6.25592e-05	0.017194	-6.2484e-05	0.999974	0.00727184	-0.017194	-0.00727184	0.999826	-0.0797265	-0.0337389	9.32269	
0.999821	-7.59261e-05	0.0189431	-7.58255e-05	0.999968	0.00801008	-0.0189431	-0.00801008	0.999788	-0.0965722	-0.0408628	10.2548	
0.999786	-9.06293e-05	0.0206972	-9.04982e-05	0.999962	0.0087502	-0.0206972	-0.0087502	0.999747	-0.115051	-0.0486758	11.1869	
0.999748	-0.000106679	0.0224563	-0.000106512	0.999955	0.00949216	-0.0224563	-0.00949216	0.999703	-0.135168	-0.0571797	12.119	
0.999707	-0.000124086	0.0242204	-0.000123876	0.999948	0.0102359	-0.0242204	-0.0102359	0.999654	-0.156926	-0.0663762	13.051	
0.999662	-0.000142859	0.0259894	-0.0001426	0.99994	0.0109815	-0.0259894	-0.0109815	0.999602	-0.180332	-0.0762669	13.983	
0.999615	-0.000163009	0.0277631	-0.000162693	0.999931	0.0117288	-0.0277631	-0.0117288	0.999546	-0.20539	-0.0868536	14.9149	
0.999564	-0.000184545	0.0295416	-0.000184165	0.999922	0.0124778	-0.0295416	-0.0124778	0.999486	-0.232103	-0.0981378	15.8468	
0.999509	-0.000207476	0.0313247	-0.000207024	0.999912	0.0132285	-0.0313247	-0.0132285	0.999422	-0.260477	-0.110121	16.7786	
0.999452	-0.000231812	0.0331124	-0.000231278	0.999902	0.0139809	-0.0331124	-0.0139809	0.999354	-0.290515	-0.122805	17.7104	
0.999391	-0.000257561	0.0349046	-0.000256937	0.999891	0.0147348	-0.0349046	-0.0147348	0.999282	-0.322222	-0.136191	18.6421	
0.999326	-0.000284733	0.0367012	-0.000284008	0.99988	0.0154904	-0.0367012	-0.0154904	0.999206	-0.355601	-0.150281	19.5737	
0.999258	-0.000313335	0.0385021	-0.0003125	0.999868	0.0162475	-0.0385021	-0.0162475	0.999126	-0.390658	-0.165076	20.5052	
0.999187	-0.000343378	0.0403073	-0.00034242	0.999855	0.0170061	-0.0403073	-0.0170061	0.999043	-0.427396	-0.180578	21.4367	
0.999113	-0.000374867	0.0421167	-0.000373777	0.999842	0.0177662	-0.0421167	-0.0177662	0.998955	-0.465819	-0.196787	22.3681	
0.999035	-0.000407813	0.0439302	-0.000406577	0.999828	0.0185277	-0.0439302	-0.0185277	0.998863	-0.505931	-0.213706	23.2994	
0.998953	-0.000442222	0.0457477	-0.000440828	0.999814	0.0192907	-0.0457478	-0.0192907	0.998767	-0.547735	-0.231335	24.2306	
0.998868	-0.000478102	0.0475692	-0.000476537	0.999799	0.020055	-0.0475693	-0.020055	0.998667	-0.591236	-0.249677	25.1617	
0.998779	-0.000515461	0.0493946	-0.000513711	0.999783	0.0208207	-0.0493947	-0.0208207	0.998562	-0.636437	-0.268731	26.0928	
0.998687	-0.000554306	0.0512238	-0.000552356	0.999767	0.0215877	-0.0512239	-0.0215877	0.998454	-0.683342	-0.288501	27.0237	
0.998591	-0.000594643	0.0530568	-0.000592479	0.99975	0.022356	-0.0530568	-0.022356	0.998341	-0.731953	-0.308986	27.9545	
0.998492	-0.00063648	0.0548933	-0.000634087	0.999732	0.0231256	-0.0548934	-0.0231255	0.998224	-0.782275	-0.330187	28.8853	
0.998389	-0.000679823	0.0567335	-0.000677184	0.999714	0.0238963	-0.0567335	-0.0238963	0.998103	-0.834312	-0.352107	29.8159	
0.998283	-0.000724679	0.0585772	-0.000721778	0.999695	0.0246683	-0.0585772	-0.0246682	0.997978	-0.888065	-0.374746	30.7464	
0.998172	-0.000771054	0.0604242	-0.000767873	0.999676	0.0254414	-0.0604243	-0.0254413	0.997849	-0.943539	-0.398105	31.6767	
0.998059	-0.000818954	0.0622747	-0.000815476	0.999656	0.0262156	-0.0622747	-0.0262155	0.997715	-1.00074	-0.422185	32.607	
0.997941	-0.000868384	0.0641283	-0.000864591	0.999635	0.0269908	-0.0641284	-0.0269907	0.997577	-1.05966	-0.446988	33.5371	
0.99782	-0.000919351	0.0659852	-0.000915223	0.999614	0.0277672	-0.0659853	-0.027767	0.997434	-1.12031	-0.472514	34.4671	
0.997695	-0.000971858	0.0678452	-0.000967377	0.999592	0.0285445	-0.0678453	-0.0285444	0.997287	-1.1827	-0.498764	35.397	
0.997567	-0.00102591	0.0697082	-0.00102106	0.999569	0.0293229	-0.0697083	-0.0293227	0.997136	-1.24682	-0.52574	36.3267	
0.997435	-0.00108152	0.0715742	-0.00107627	0.999546	0.0301021	-0.0715743	-0.0301019	0.996981	-1.31268	-0.553441	37.2563	
0.997299	-0.00113868	0.0734431	-0.00113302	0.999522	0.0308823	-0.0734432	-0.0308821	0.996821	-1.38029	-0.58187	38.1857	
0.997159	-0.0011974	0.0753147	-0.0011913	0.999498	0.0316634	-0.0753148	-0.0316632	0.996657	-1.44963	-0.611026	39.115	
0.997016	-0.00125769	0.0771891	-0.00125113	0.999473	0.0324453	-0.0771892	-0.0324451	0.996488	-1.52072	-0.640911	40.0441	
0.996869	-0.00131955	0.0790661	-0.0013125	0.999447	0.0332281	-0.0790662	-0.0332278	0.996315	-1.59356	-0.671525	40.9731	
0.996718	-0.00138298	0.0809457	-0.00137543	0.99942	0.0340116	-0.0809458	-0.0340113	0.996138	-1.66815	-0.702869	41.9019	
0.996563	-0.00144799	0.0828278	-0.0014399	0.999393	0.0347958	-0.0828279	-0.0347955	0.995956	-1.7445	-0.734944	42.8306	
0.996404	-0.00151457	0.0847123	-0.00150593	0.999366	0.0355808	-0.0847124	-0.0355805	0.99577	-1.8226	-0.767751	43.759	
0.996242	-0.00158274	0.0865991	-0.00157352	0.999337	0.0363665	-0.0865992	-0.0363661	0.995579	-1.90246	-0.801289	44.6873	
0.996076	-0.0016525	0.0884881	-0.00164267	0.999308	0.0371528	-0.0884883	-0.0371523	0.995384	-1.98408	-0.835561	45.6154	
0.995906	-0.00172384	0.0903793	-0.00171338	0.999279	0.0379397	-0.0903795	-0.0379392	0.995184	-2.06746	-0.870566	46.5434	
0.995732	-0.00179678	0.0922727	-0.00178566	0.999248	0.0387272	-0.0922729	-0.0387267	0.99498	-2.15261	-0.906305	47.4711	
0.995555	-0.00187131	0.094168	-0.0018595	0.999217	0.0395153	-0.0941682	-0.0395147	0.994772	-2.23952	-0.942778	48.3986	
0.995373	-0.00194743	0.0960653	-0.00193491	0.999186	0.0403038	-0.0960655	-0.0403032	0.994559	-2.3282	-0.979986	49.326	
0.995188	-0.00202515	0.0979644	-0.00201188	0.999153	0.0410929	-0.0979647	-0.0410922	0.994341	-2.41865	-1.01793	50.2531	
0.994999	-0.00210447	0.0998653	-0.00209043	0.99912	0.0418823	-0.0998656	-0.0418816	0.994119	-2.51087	-1.05661	51.1801	
0.994806	-0.00218539	0.101768	-0.00217054	0.999087	0.0426722	-0.101768	-0.0426715	0.993893	-2.60486	-1.09602	52.1068	
0.994609	-0.00226791	0.103672	-0.00225223	0.999053	0.0434625	-0.103672	-0.0434617	0.993661	-2.70063	-1.13618	53.0333	
0.994408	-0.00235204	0.105578	-0.00233549	0.999018	0.0442532	-0.105578	-0.0442523	0.993426	-2.79817	-1.17706	53.9596	
0.994204	-0.00243777	0.107485	-0.00242032	0.998982	0.0450441	-0.107486	-0.0450432	0.993186	-2.8975	-1.21869	54.8857	
0.993995	-0.0025251	0.109394	-0.00250672	0.998946	0.0458353	-0.109394	-0.0458343	0.992941	-2.9986	-1.26105	55.8116	
0.993783	-0.00261403	0.111304	-0.00259469	0.998909	0.0466268	-0.111304	-0.0466257	0.992692	-3.10148	-1.30416	56.7372	
0.993187	-0.00286246	0.116498	-0.00278743	0.998829	0.0483061	-0.1165	-0.0483017	0.992016	-3.20767	-1.34841	57.6624	
0.992563	-0.00311973	0.12169	-0.00298905	0.998746	0.0499848	-0.121693	-0.0499768	0.991309	-3.31871	-1.39422	58.587	
0.991912	-0.00338583	0.126879	-0.00319952	0.998659	0.0516629	-0.126884	-0.0516511	0.990572	-3.43459	-1.4416	59.5108	
0.991234	-0.00366074	0.132065	-0.00341885	0.998571	0.0533402	-0.132072	-0.0533242	0.989805	-3.5553	-1.49053	60.434	
0.990529	-0.00394446	0.137248	-0.00364701	0.998479	0.0550166	-0.137256	-0.054996	0.989008	-3.68085	-1.54103	61.3565	
0.989796	-0.00423696	0.142427	-0.00388398	0.998384	0.0566918	-0.142437	-0.0566665	0.98818	-3.81124	-1.59308	62.2782	
0.989036	-0.00453823	0.147603	-0.00412976	0.998287	0.0583658	-0.147615	-0.0583354	0.987323	-3.94645	-1.64669	63.1991	
0.988249	-0.00484826	0.152774	-0.00438433	0.998186	0.0600383	-0.152788	-0.0600027	0.986436	-4.08648	-1.70185	64.1191	
0.987435	-0.00516703	0.15794	-0.00464764	0.998083	0.0617093	-0.157956	-0.061668	0.985519	-4.23134	-1.75857	65.0384	
0.986594	-0.00549451	0.163101	-0.0049197	0.997977	0.0633786	-0.16312	-0.0633314	0.984572	-4.38101	-1.81684	65.9568	
0.985726	-0.00583068	0.168257	-0.00520046	0.997869	0.0650461	-0.168278	-0.0649926	0.983595	-4.5355	-1.87666	66.8743	
0.984831	-0.00617552	0.173408	-0.0054899	0.997757	0.0667115	-0.173431	-0.0666515	0.982588	-4.69479	-1.93803	67.7908	
0.983909	-0.00652901	0.178552	-0.00578799	0.997643	0.0683748	-0.178578	-0.068308	0.981552	-4.85888	-2.00094	68.7064	
0.98296	-0.0068911	0.18369	-0.0060947	0.997526	0.0700358	-0.183718	-0.0699619	0.980486	-5.02777	-2.0654	69.6211	
0.981985	-0.00726179	0.188822	-0.00640999	0.997406	0.0716944	-0.188853	-0.0716131	0.979391	-5.20145	-2.1314	70.5347	
0.980982	-0.00764102	0.193946	-0.00673383	0.997284	0.0733503	-0.19398	-0.0732614	0.978266	-5.37991	-2.19893	71.4473	
0.976371	-0.00935541	0.215896	-0.00798465	0.996818	0.0793048	-0.215952	-0.0791548	0.97319	-5.57102	-2.26999	72.357	
0.971268	-0.0112019	0.237726	-0.0093692	0.996318	0.0852267	-0.237806	-0.0850052	0.967586	-5.78255	-2.34651	73.2618	
0.965673	-0.0131795	0.259424	-0.0108867	0.995781	0.0911127	-0.259531	-0.0908094	0.961456	-6.0144	-2.42848	74.1611	
0.959592	-0.015287	0.280979	-0.0125364	0.995209	0.0969598	-0.281115	-0.0965644	0.954804	-6.26644	-2.51583	75.0544	
0.953027	-0.0175235	0.302377	-0.0143173	0.994603	0.102765	-0.302546	-0.102267	0.947633	-6.53853	-2.60852	75.9413	
0.945982	-0.0198876	0.323609	-0.0162285	0.993961	0.108524	-0.323813	-0.107914	0.939947	-6.83053	-2.7065	76.8212	
0.93846	-0.0223781	0.344662	-0.018269	0.993286	0.114235	-0.344904	-0.113502	0.93175	-7.14228	-2.80972	77.6938	
0.930466	-0.0249936	0.365525	-0.0204376	0.992576	0.119895	-0.365808	-0.119029	0.923048	-7.4736	-2.91812	78.5584	
0.922004	-0.0277328	0.386186	-0.0227331	0.991833	0.1255	-0.386513	-0.124491	0.913844	-7.82432	-3.03165	79.4148	
0.913078	-0.030594	0.406635	-0.0251544	0.991057	0.131047	-0.407008	-0.129885	0.904143	-8.19424	-3.15023	80.2623	
0.903694	-0.0335758	0.42686	-0.0277	0.990248	0.136534	-0.427281	-0.135209	0.893951	-8.58317	-3.27381	81.1005	
0.893857	-0.0366765	0.44685	-0.0303687	0.989407	0.141956	-0.447323	-0.140459	0.883274	-8.9909	-3.40233	81.929	
0.883571	-0.0398945	0.466595	-0.0331589	0.988534	0.147313	-0.467122	-0.145633	0.872117	-9.4172	-3.5357	82.7474	
0.872843	-0.0432279	0.486083	-0.0360692	0.98763	0.152599	-0.486667	-0.150728	0.860486	-9.86184	-3.67385	83.5551	
0.861678	-0.0466751	0.505305	-0.039098	0.986695	0.157814	-0.505948	-0.155741	0.848388	-10.3246	-3.81673	84.3517	
0.850082	-0.0502341	0.524249	-0.0422436	0.985729	0.162953	-0.524953	-0.160669	0.835829	-10.8052	-3.96423	85.1369	
0.838062	-0.053903	0.542905	-0.0455043	0.984734	0.168014	-0.543674	-0.16551	0.822815	-11.3033	-4.11629	85.9101	
0.825624	-0.0576798	0.561264	-0.0488783	0.983709	0.172994	-0.562099	-0.170262	0.809355	-11.8188	-4.27282	86.671	
0.812775	-0.0615624	0.579315	-0.0523639	0.982656	0.177891	-0.580219	-0.17492	0.795455	-12.3514	-4.43374	87.4191	
0.799523	-0.0655487	0.597049	-0.055959	0.981575	0.182701	-0.598024	-0.179484	0.781123	-12.9006	-4.59896	88.1541	
0.785873	-0.0696367	0.614455	-0.0596619	0.980466	0.187423	-0.615503	-0.18395	0.766367	-13.4664	-4.76838	88.8755	
0.771833	-0.0738239	0.631524	-0.0634703	0.97933	0.192054	-0.632649	-0.188316	0.751194	-14.0482	-4.94193	89.583	
