1	0	0	0	1	0	0	0	1	0	0	0	
0.999991	5.2971e-06	-0.00434532	5.2971e-06	0.999997	0.00243805	0.00434532	-0.00243805	0.999988	0.0022407	-0.0012572	1.03131	
0.999962	2.12082e-05	-0.00869415	2.12129e-05	0.999988	0.00487915	0.00869415	-0.00487915	0.99995	0.0089646	-0.00503037	2.06259	
0.999915	4.77635e-05	-0.0130463	4.77822e-05	0.999973	0.00732319	0.0130463	-0.00732319	0.999888	0.0201752	-0.0113226	3.09382	
0.999849	8.49923e-05	-0.0174016	8.50391e-05	0.999952	0.00977006	0.0174016	-0.00977006	0.999801	0.0358759	-0.0201369	4.12498	
0.999763	0.000132923	-0.0217598	0.000133017	0.999925	0.0122197	0.0217598	-0.0122197	0.999689	0.0560698	-0.031476	5.15603	
0.999659	0.000191582	-0.0261208	0.000191747	0.999892	0.0146719	0.0261208	-0.0146719	0.999551	0.0807598	-0.0453429	6.18695	
0.999535	0.000260997	-0.0304844	0.00026126	0.999853	0.0171267	0.0304844	-0.0171267	0.999389	0.109949	-0.0617401	7.21772	
0.999392	0.000341194	-0.0348504	0.000341588	0.999808	0.0195839	0.0348504	-0.019584	0.999201	0.143639	-0.0806703	8.24831	
0.999231	0.000432195	-0.0392187	0.00043276	0.999757	0.0220435	0.0392187	-0.0220435	0.998987	0.181833	-0.102136	9.27869	
0.999049	0.000534026	-0.0435889	0.000534803	0.9997	0.0245053	0.0435889	-0.0245053	0.998749	0.224534	-0.126139	10.3088	
0.998849	0.000646709	-0.0479611	0.000647746	0.999636	0.0269692	0.0479611	-0.0269693	0.998485	0.271742	-0.152682	11.3387	
0.998629	0.000770266	-0.0523349	0.000771614	0.999566	0.0294352	0.0523349	-0.0294352	0.998196	0.323461	-0.181768	12.3683	
0.99839	0.000904717	-0.0567102	0.000906435	0.999491	0.0319031	0.0567102	-0.0319031	0.997881	0.379691	-0.213397	13.3976	
0.998132	0.00105008	-0.0610869	0.00105223	0.999409	0.0343728	0.0610868	-0.0343729	0.99754	0.440434	-0.247573	14.4266	
0.997854	0.00120638	-0.0654646	0.00120903	0.99932	0.0368443	0.0654646	-0.0368444	0.997174	0.505691	-0.284297	15.4552	
0.997557	0.00137363	-0.0698434	0.00137685	0.999226	0.0393173	0.0698433	-0.0393175	0.996783	0.575463	-0.32357	16.4834	
0.99724	0.00155185	-0.0742229	0.00155571	0.999125	0.0417919	0.0742228	-0.0417921	0.996366	0.649752	-0.365395	17.5112	
0.996904	0.00174106	-0.078603	0.00174565	0.999018	0.044268	0.0786029	-0.0442681	0.995923	0.728558	-0.409773	18.5385	
0.996549	0.00194127	-0.0829835	0.00194667	0.998905	0.0467453	0.0829833	-0.0467455	0.995454	0.811881	-0.456704	19.5654	
0.996174	0.00215249	-0.0873642	0.00215879	0.998785	0.0492239	0.0873641	-0.0492241	0.99496	0.899722	-0.506192	20.5917	
0.99578	0.00237474	-0.091745	0.00238204	0.99866	0.0517035	0.0917448	-0.0517039	0.994439	0.992081	-0.558236	21.6176	
0.995366	0.00260803	-0.0961257	0.00261643	0.998528	0.0541842	0.0961254	-0.0541846	0.993893	1.08896	-0.612838	22.6429	
0.994932	0.00285237	-0.100506	0.00286198	0.998389	0.0566658	0.100506	-0.0566663	0.993321	1.19035	-0.67	23.6676	
0.994479	0.00310778	-0.104886	0.00311871	0.998244	0.0591483	0.104886	-0.0591488	0.992724	1.29626	-0.729721	24.6917	
0.994007	0.00337427	-0.109265	0.00338662	0.998093	0.0616314	0.109265	-0.0616321	0.9921	1.40669	-0.792002	25.7152	
0.993515	0.00365183	-0.113643	0.00366574	0.997936	0.0641151	0.113643	-0.0641159	0.991451	1.52164	-0.856845	26.738	
0.993003	0.00394049	-0.118021	0.00395607	0.997772	0.0665994	0.11802	-0.0666003	0.990775	1.64109	-0.92425	27.7602	
0.992472	0.00424025	-0.122397	0.00425763	0.997602	0.069084	0.122396	-0.0690851	0.990074	1.76507	-0.994217	28.7816	
0.991921	0.00455111	-0.126772	0.00457044	0.997425	0.071569	0.126771	-0.0715702	0.989347	1.89355	-1.06675	29.8023	
0.991351	0.00487309	-0.131145	0.00489449	0.997242	0.0740541	0.131144	-0.0740555	0.988593	2.02655	-1.14184	30.8223	
0.990761	0.00520618	-0.135516	0.0052298	0.997053	0.0765394	0.135515	-0.076541	0.987814	2.16405	-1.2195	31.8414	
0.990152	0.00555039	-0.139886	0.00557638	0.996857	0.0790246	0.139885	-0.0790264	0.987009	2.30606	-1.29972	32.8598	
0.989523	0.00590572	-0.144253	0.00593424	0.996655	0.0815098	0.144252	-0.0815118	0.986178	2.45258	-1.3825	33.8772	
0.988875	0.00627217	-0.148618	0.00630338	0.996446	0.0839947	0.148617	-0.083997	0.985321	2.6036	-1.46784	34.8939	
0.988207	0.00664976	-0.152981	0.00668381	0.996231	0.0864793	0.152979	-0.086482	0.984438	2.75912	-1.55575	35.9096	
0.987519	0.00703847	-0.157341	0.00707554	0.99601	0.0889636	0.157339	-0.0889665	0.983529	2.91914	-1.64622	36.9244	
0.986812	0.0074383	-0.161698	0.00747856	0.995782	0.0914473	0.161696	-0.0914506	0.982594	3.08365	-1.73926	37.9382	
0.986086	0.00784926	-0.166053	0.00789289	0.995547	0.0939304	0.16605	-0.093934	0.981633	3.25266	-1.83485	38.9511	
0.98534	0.00827134	-0.170404	0.00831852	0.995307	0.0964128	0.170401	-0.0964168	0.980646	3.42615	-1.93301	39.963	
0.984574	0.00870455	-0.174751	0.00875546	0.995059	0.0988944	0.174749	-0.0988988	0.979634	3.60413	-2.03373	40.9738	
0.983789	0.00914886	-0.179096	0.0092037	0.994806	0.101375	0.179093	-0.10138	0.978595	3.78659	-2.137	41.9836	
0.982985	0.00960429	-0.183436	0.00966325	0.994546	0.103855	0.183433	-0.10386	0.97753	3.97353	-2.24283	42.9923	
0.982161	0.0100708	-0.187773	0.0101341	0.994279	0.106333	0.18777	-0.106339	0.97644	4.16495	-2.35122	43.9998	
0.981317	0.0105485	-0.192106	0.0106163	0.994006	0.108811	0.192102	-0.108817	0.975323	4.36083	-2.46217	45.0063	
0.980455	0.0110372	-0.196435	0.0111097	0.993726	0.111287	0.19643	-0.111294	0.974181	4.56118	-2.57567	46.0116	
0.979573	0.011537	-0.200759	0.0116145	0.99344	0.113761	0.200754	-0.113769	0.973013	4.76599	-2.69173	47.0156	
0.978671	0.0120479	-0.205078	0.0121305	0.993148	0.116234	0.205074	-0.116243	0.971819	4.97526	-2.81034	48.0185	
0.977751	0.0125698	-0.209393	0.0126579	0.992849	0.118706	0.209388	-0.118715	0.970599	5.18898	-2.93149	49.0201	
0.976811	0.0131028	-0.213703	0.0131965	0.992543	0.121175	0.213698	-0.121186	0.969354	5.40715	-3.0552	50.0205	
0.975851	0.0136468	-0.218009	0.0137464	0.992232	0.123643	0.218002	-0.123654	0.968083	5.62976	-3.18145	51.0195	
0.974873	0.0142019	-0.222308	0.0143076	0.991913	0.126109	0.222302	-0.126121	0.966786	5.8568	-3.31025	52.0173	
0.973875	0.014768	-0.226603	0.01488	0.991588	0.128573	0.226595	-0.128586	0.965464	6.08828	-3.44159	53.0137	
0.972858	0.0153451	-0.230892	0.0154637	0.991257	0.131035	0.230884	-0.131049	0.964116	6.32418	-3.57548	54.0087	
0.971823	0.0159332	-0.235175	0.0160586	0.990919	0.133495	0.235166	-0.13351	0.962742	6.56451	-3.7119	55.0023	
0.970767	0.0165322	-0.239452	0.0166647	0.990575	0.135952	0.239443	-0.135968	0.961343	6.80924	-3.85086	55.9944	
0.969693	0.0171422	-0.243723	0.0172821	0.990225	0.138407	0.243713	-0.138424	0.959918	7.05838	-3.99235	56.9851	
0.9686	0.0177632	-0.247988	0.0179107	0.989868	0.140859	0.247977	-0.140878	0.958468	7.31193	-4.13637	57.9744	
0.967488	0.018395	-0.252247	0.0185504	0.989504	0.143309	0.252235	-0.143329	0.956992	7.56987	-4.28293	58.9621	
0.966357	0.0190378	-0.256499	0.0192013	0.989134	0.145756	0.256486	-0.145778	0.955491	7.83219	-4.43201	59.9483	
0.965207	0.0196914	-0.260744	0.0198634	0.988758	0.1482	0.260731	-0.148223	0.953965	8.0989	-4.58361	60.9329	
0.964038	0.0203559	-0.264982	0.0205366	0.988375	0.150642	0.264968	-0.150666	0.952414	8.36998	-4.73774	61.9159	
0.962851	0.0210313	-0.269213	0.021221	0.987986	0.15308	0.269198	-0.153106	0.950837	8.64543	-4.89438	62.8974	
0.961645	0.0217174	-0.273437	0.0219164	0.98759	0.155515	0.273422	-0.155543	0.949235	8.92523	-5.05354	63.8772	
0.96042	0.0224144	-0.277654	0.022623	0.987188	0.157947	0.277637	-0.157977	0.947608	9.20939	-5.21521	64.8553	
0.959176	0.0231221	-0.281863	0.0233406	0.98678	0.160376	0.281845	-0.160408	0.945956	9.49789	-5.37938	65.8317	
0.958991	0.0232281	-0.282484	0.0240285	0.986386	0.162682	0.282417	-0.162798	0.945377	9.78886	-5.54605	66.807	
0.958805	0.0233357	-0.283103	0.0247183	0.985986	0.164988	0.282986	-0.165189	0.944792	10.0804	-5.71518	67.7817	
0.95862	0.0234447	-0.283722	0.0254097	0.98558	0.167293	0.283553	-0.16758	0.9442	10.3726	-5.88677	68.7557	
0.958434	0.0235553	-0.284341	0.0261027	0.985168	0.169598	0.284118	-0.16997	0.943603	10.6653	-6.06083	69.7292	
0.965436	0.0191791	-0.259932	0.0258682	0.985314	0.168781	0.259352	-0.169671	0.950762	10.9455	-6.23598	70.7061	
0.971798	0.014812	-0.235347	0.0256553	0.98546	0.167958	0.234413	-0.169259	0.957289	11.2002	-6.41076	71.69	
0.977516	0.010457	-0.210602	0.0254639	0.985606	0.167129	0.209318	-0.168734	0.963179	11.429	-6.58506	72.6804	
0.982585	0.00611692	-0.185714	0.0252942	0.985751	0.166296	0.184085	-0.168098	0.96843	11.6319	-6.75876	73.6765	
0.987002	0.00179471	-0.160698	0.0251464	0.985896	0.165459	0.158728	-0.167349	0.973036	11.8086	-6.93174	74.6777	
0.990764	-0.00250678	-0.135572	0.0250204	0.98604	0.164618	0.133267	-0.16649	0.976996	11.9592	-7.1039	75.6833	
0.993869	-0.00678468	-0.110352	0.0249165	0.986183	0.163774	0.107716	-0.165519	0.980306	12.0835	-7.27511	76.6926	
0.996315	-0.0110362	-0.0850557	0.0248346	0.986326	0.162927	0.0820945	-0.164439	0.982965	12.1814	-7.44527	77.7051	
0.9981	-0.0152584	-0.059699	0.0247749	0.986467	0.162078	0.056418	-0.163249	0.98497	12.2528	-7.61425	78.7199	
0.999222	-0.0194486	-0.0342991	0.0247373	0.986607	0.161228	0.030704	-0.161951	0.986321	12.2977	-7.78195	79.7365	
0.999682	-0.0236039	-0.00887279	0.0247219	0.986746	0.160377	0.00496967	-0.160545	0.987016	12.3161	-7.94826	80.7541	
0.999478	-0.0277216	0.0165629	0.0247287	0.986884	0.159525	-0.020768	-0.159033	0.987055	12.308	-8.11306	81.7721	
0.998612	-0.031799	0.0419912	0.0247577	0.987021	0.158674	-0.0464919	-0.157414	0.986438	12.2733	-8.27625	82.7898	
0.997083	-0.0358334	0.0673951	0.0248089	0.987156	0.157824	-0.0721848	-0.155691	0.985165	12.2121	-8.43771	83.8065	
0.994892	-0.039822	0.0927578	0.0248823	0.987289	0.156975	-0.0978298	-0.153865	0.983237	12.1244	-8.59734	84.8216	
0.992041	-0.0437622	0.118062	0.0249777	0.987421	0.156128	-0.12341	-0.151936	0.980656	12.0103	-8.75504	85.8343	
0.988533	-0.0476514	0.143292	0.0250951	0.987551	0.155283	-0.148908	-0.149907	0.977422	11.8699	-8.9107	86.8441	
0.984368	-0.051487	0.16843	0.0252345	0.98768	0.154442	-0.174307	-0.147777	0.973539	11.7032	-9.06421	87.8502	
0.97955	-0.0552665	0.19346	0.0253958	0.987806	0.153604	-0.19959	-0.14555	0.969009	11.5104	-9.21547	88.8519	
0.974083	-0.0589874	0.218364	0.0255788	0.987931	0.15277	-0.22474	-0.143225	0.963835	11.2916	-9.36439	89.8487	
0.967969	-0.0626471	0.243127	0.0257835	0.988053	0.151941	-0.249741	-0.140806	0.95802	11.0469	-9.51086	90.8397	
0.961214	-0.0662433	0.267732	0.0260096	0.988174	0.151118	-0.274576	-0.138293	0.951569	10.7765	-9.65479	91.8245	
0.95382	-0.0697735	0.292162	0.0262571	0.988292	0.1503	-0.299229	-0.135688	0.944485	10.4806	-9.79607	92.8022	
0.945794	-0.0732354	0.316402	0.0265258	0.988408	0.149489	-0.323682	-0.132993	0.936773	10.1594	-9.93463	93.7724	
0.93714	-0.0766267	0.340435	0.0268154	0.988521	0.148684	-0.347921	-0.130209	0.928438	9.81306	-10.0704	94.7342	
0.927865	-0.0799452	0.364246	0.0271259	0.988632	0.147887	-0.371928	-0.127339	0.919486	9.44185	-10.2032	95.6872	
0.917975	-0.0831886	0.387817	0.027457	0.988741	0.147098	-0.395688	-0.124384	0.909923	9.046	-10.333	96.6306	
0.907475	-0.0863548	0.411135	0.0278084	0.988847	0.146317	-0.419185	-0.121346	0.899755	8.62578	-10.4597	97.5638	
0.896374	-0.0894417	0.434183	0.0281801	0.98895	0.145546	-0.442403	-0.118228	0.888989	8.18147	-10.5832	98.4862	
0.884677	-0.0924473	0.456946	0.0285716	0.989051	0.144784	-0.465327	-0.115032	0.877632	7.71337	-10.7035	99.3973	
