1	0	0	0	1	0	0	0	1	0	0	0	
0.999999	8.58996e-07	-0.0012591	8.58996e-07	0.999999	0.00136446	0.0012591	-0.00136446	0.999998	0.000473433	-0.000513052	0.75202	
0.999997	3.44175e-06	-0.00252009	3.44291e-06	0.999996	0.0027319	0.00252009	-0.0027319	0.999993	0.00189445	-0.00205333	1.50404	
0.999993	7.75711e-06	-0.00378295	7.76175e-06	0.999992	0.00410229	0.00378295	-0.00410229	0.999984	0.00426445	-0.00462305	2.25605	
0.999987	1.38137e-05	-0.00504763	1.38254e-05	0.999985	0.00547558	0.00504763	-0.00547558	0.999972	0.00758484	-0.00822443	3.00805	
0.99998	2.16201e-05	-0.0063141	2.16434e-05	0.999977	0.00685174	0.0063141	-0.00685174	0.999957	0.011857	-0.0128596	3.76005	
0.999971	3.11846e-05	-0.00758233	3.12255e-05	0.999966	0.00823074	0.00758233	-0.00823074	0.999937	0.0170822	-0.0185308	4.51203	
0.999961	4.25155e-05	-0.00885228	4.2581e-05	0.999954	0.00961253	0.00885228	-0.00961253	0.999915	0.0232618	-0.02524	5.26399	
0.999949	5.56207e-05	-0.0101239	5.57191e-05	0.99994	0.0109971	0.0101239	-0.0109971	0.999888	0.030397	-0.0329895	6.01594	
0.999935	7.05081e-05	-0.0113972	7.0649e-05	0.999923	0.0123844	0.0113972	-0.0123844	0.999858	0.0384891	-0.0417811	6.76786	
0.99992	8.71855e-05	-0.0126721	8.73796e-05	0.999905	0.0137744	0.0126721	-0.0137744	0.999825	0.0475394	-0.0516171	7.51976	
0.999903	0.00010566	-0.0139485	0.00010592	0.999885	0.015167	0.0139485	-0.015167	0.999788	0.0575491	-0.0624993	8.27164	
0.999884	0.00012594	-0.0152265	0.000126278	0.999863	0.0165623	0.0152265	-0.0165623	0.999747	0.0685192	-0.0744299	9.02348	
0.999864	0.000148032	-0.0165061	0.000148462	0.999839	0.0179601	0.0165061	-0.0179601	0.999702	0.080451	-0.0874106	9.7753	
0.999842	0.000171943	-0.017787	0.000172482	0.999813	0.0193605	0.017787	-0.0193605	0.999654	0.0933455	-0.101444	10.5271	
0.999818	0.00019768	-0.0190694	0.000198344	0.999784	0.0207634	0.0190694	-0.0207634	0.999603	0.107204	-0.116531	11.2788	
0.999793	0.00022525	-0.0203532	0.000226058	0.999754	0.0221688	0.0203532	-0.0221688	0.999547	0.122027	-0.132673	12.0305	
0.999766	0.00025466	-0.0216384	0.00025563	0.999722	0.0235766	0.0216384	-0.0235766	0.999488	0.137817	-0.149874	12.7822	
0.999737	0.000285915	-0.0229249	0.000287069	0.999688	0.0249868	0.0229249	-0.0249868	0.999425	0.154573	-0.168134	13.5338	
0.999707	0.000319022	-0.0242127	0.000320382	0.999651	0.0263993	0.0242127	-0.0263994	0.999358	0.172297	-0.187456	14.2854	
0.999675	0.000353987	-0.0255017	0.000355576	0.999613	0.0278143	0.0255017	-0.0278143	0.999288	0.19099	-0.207841	15.0369	
0.999641	0.000390816	-0.0267919	0.000392659	0.999573	0.0292314	0.0267919	-0.0292315	0.999214	0.210653	-0.229291	15.7883	
0.999605	0.000429515	-0.0280834	0.000431638	0.99953	0.0306509	0.0280833	-0.0306509	0.999136	0.231287	-0.251807	16.5397	
0.999568	0.000470089	-0.0293759	0.000472519	0.999485	0.0320726	0.0293759	-0.0320726	0.999054	0.252892	-0.275392	17.2911	
0.999529	0.000512543	-0.0306696	0.000515309	0.999439	0.0334964	0.0306696	-0.0334964	0.998968	0.27547	-0.300047	18.0423	
0.999489	0.000556884	-0.0319644	0.000560014	0.99939	0.0349224	0.0319643	-0.0349224	0.998879	0.299021	-0.325773	18.7935	
0.999447	0.000603115	-0.0332602	0.000606642	0.999339	0.0363505	0.0332601	-0.0363505	0.998785	0.323546	-0.352572	19.5447	
0.999403	0.000651242	-0.034557	0.000655198	0.999286	0.0377806	0.0345569	-0.0377807	0.998688	0.349046	-0.380446	20.2958	
0.999357	0.00070127	-0.0358547	0.000705688	0.999231	0.0392128	0.0358546	-0.0392129	0.998587	0.375521	-0.409397	21.0468	
0.999309	0.000753203	-0.0371534	0.000758118	0.999173	0.040647	0.0371533	-0.0406471	0.998483	0.402973	-0.439425	21.7977	
0.99926	0.000807045	-0.038453	0.000812494	0.999114	0.0420831	0.0384529	-0.0420832	0.998374	0.431401	-0.470532	22.5485	
0.999209	0.0008628	-0.0397534	0.000868821	0.999052	0.0435212	0.0397533	-0.0435213	0.998261	0.460808	-0.50272	23.2993	
0.999156	0.000920473	-0.0410547	0.000927105	0.998988	0.0449611	0.0410545	-0.0449613	0.998145	0.491192	-0.535991	24.0499	
0.999102	0.000980068	-0.0423567	0.000987351	0.998922	0.0464029	0.0423566	-0.0464031	0.998024	0.522556	-0.570345	24.8005	
0.999046	0.00104159	-0.0436595	0.00104956	0.998854	0.0478465	0.0436593	-0.0478467	0.9979	0.554899	-0.605784	25.551	
0.998988	0.00110504	-0.044963	0.00111375	0.998784	0.0492919	0.0449628	-0.0492921	0.997772	0.588221	-0.642309	26.3014	
0.998928	0.00117042	-0.0462672	0.00117991	0.998711	0.0507389	0.046267	-0.0507392	0.99764	0.622525	-0.679922	27.0517	
0.998867	0.00123773	-0.0475721	0.00124805	0.998637	0.0521877	0.0475718	-0.052188	0.997504	0.657809	-0.718623	27.8019	
0.998804	0.00130698	-0.0488775	0.00131817	0.99856	0.0536381	0.0488772	-0.0536384	0.997363	0.694075	-0.758415	28.552	
0.998739	0.00137818	-0.0501835	0.00139029	0.99848	0.0550902	0.0501832	-0.0550905	0.997219	0.731323	-0.799298	29.302	
0.998672	0.00145131	-0.0514901	0.0014644	0.998399	0.0565438	0.0514897	-0.0565442	0.997071	0.769553	-0.841274	30.0518	
0.998604	0.0015264	-0.0527971	0.0015405	0.998315	0.057999	0.0527967	-0.0579994	0.99692	0.808765	-0.884343	30.8016	
0.998534	0.00160343	-0.0541047	0.00161861	0.99823	0.0594557	0.0541042	-0.0594561	0.996764	0.848961	-0.928508	31.5512	
0.998462	0.00168241	-0.0554126	0.00169872	0.998142	0.0609138	0.0554121	-0.0609142	0.996604	0.890141	-0.973768	32.3008	
0.998389	0.00176334	-0.056721	0.00178084	0.998051	0.0623733	0.0567204	-0.0623738	0.99644	0.932304	-1.02013	33.0502	
0.998313	0.00184623	-0.0580297	0.00186497	0.997959	0.0638343	0.0580291	-0.0638348	0.996272	0.975451	-1.06758	33.7995	
0.998236	0.00193107	-0.0593387	0.00195111	0.997864	0.0652966	0.059338	-0.0652972	0.9961	1.01958	-1.11614	34.5486	
0.998157	0.00201787	-0.060648	0.00203927	0.997767	0.0667602	0.0606473	-0.0667608	0.995924	1.0647	-1.16579	35.2976	
0.998077	0.00210663	-0.0619576	0.00212944	0.997668	0.0682251	0.0619568	-0.0682258	0.995744	1.1108	-1.21655	36.0465	
0.997994	0.00219735	-0.0632674	0.00222164	0.997566	0.0696912	0.0632665	-0.069692	0.99556	1.15788	-1.26841	36.7953	
0.99791	0.00229002	-0.0645774	0.00231586	0.997462	0.0711585	0.0645765	-0.0711593	0.995372	1.20595	-1.32137	37.5439	
0.997824	0.00238466	-0.0658875	0.0024121	0.997356	0.072627	0.0658865	-0.0726279	0.99518	1.25501	-1.37543	38.2923	
0.997737	0.00248126	-0.0671977	0.00251037	0.997248	0.0740965	0.0671967	-0.0740975	0.994985	1.30505	-1.4306	39.0407	
0.997816	0.00239175	-0.0660169	0.00268691	0.997048	0.0767337	0.0660056	-0.0767435	0.994864	1.35513	-1.48732	39.7889	
0.997893	0.0022993	-0.0648389	0.00286069	0.996841	0.0793767	0.0648166	-0.079395	0.994734	1.40433	-1.54603	40.537	
0.997969	0.00220391	-0.0636636	0.00303171	0.996626	0.0820254	0.0636295	-0.0820518	0.994595	1.45262	-1.60674	41.285	
0.998043	0.0021056	-0.062491	0.00319994	0.996403	0.0846795	0.0624445	-0.0847138	0.994447	1.50003	-1.66944	42.0329	
0.998116	0.00200435	-0.061321	0.00336537	0.996173	0.087339	0.0612614	-0.0873808	0.99429	1.54654	-1.73415	42.7807	
0.998187	0.00190018	-0.0601536	0.00352798	0.995935	0.0900036	0.0600801	-0.0900527	0.994123	1.59217	-1.80087	43.5283	
0.998257	0.00179309	-0.0589888	0.00368774	0.99569	0.0926731	0.0589007	-0.0927292	0.993948	1.63691	-1.8696	44.2759	
0.998325	0.00168307	-0.0578265	0.00384465	0.995437	0.0953475	0.057723	-0.0954101	0.993763	1.68076	-1.94034	45.0233	
0.998392	0.00157014	-0.0566666	0.00399869	0.995176	0.0980264	0.0565471	-0.0980954	0.993569	1.72372	-2.0131	45.7705	
0.998457	0.00145429	-0.0555091	0.00414984	0.994907	0.10071	0.0553729	-0.100785	0.993366	1.76581	-2.08788	46.5176	
0.998521	0.00133551	-0.0543541	0.00429808	0.994631	0.103397	0.0542003	-0.103478	0.993154	1.80701	-2.16468	47.2646	
0.998583	0.00121383	-0.0532013	0.00444341	0.994347	0.106089	0.0530293	-0.106175	0.992932	1.84733	-2.24352	48.0114	
0.998644	0.00108922	-0.0520508	0.0045858	0.994055	0.108785	0.0518598	-0.108876	0.992702	1.88677	-2.32438	48.758	
0.998703	0.000961706	-0.0509025	0.00472525	0.993755	0.111484	0.0506918	-0.11158	0.992462	1.92533	-2.40727	49.5044	
0.998761	0.000831273	-0.0497564	0.00486173	0.993447	0.114187	0.0495253	-0.114287	0.992213	1.96301	-2.4922	50.2507	
0.998817	0.000697924	-0.0486124	0.00499524	0.993132	0.116893	0.0483601	-0.116998	0.991954	1.99982	-2.57917	50.9968	
0.998872	0.000561658	-0.0474705	0.00512576	0.992809	0.119603	0.0471963	-0.119711	0.991686	2.03575	-2.66817	51.7426	
0.998926	0.000422476	-0.0463306	0.00525328	0.992477	0.122315	0.0460338	-0.122427	0.991409	2.0708	-2.75922	52.4883	
0.998978	0.000280374	-0.0451927	0.00537778	0.992138	0.12503	0.0448724	-0.125146	0.991123	2.10498	-2.85231	53.2338	
0.999029	0.000135353	-0.0440567	0.00549926	0.991791	0.127748	0.0437123	-0.127867	0.990828	2.13829	-2.94744	53.979	
0.999078	-1.2591e-05	-0.0429225	0.00561771	0.991437	0.130469	0.0425533	-0.13059	0.990523	2.17073	-3.04462	54.724	
0.999126	-0.00016346	-0.0417902	0.00573311	0.991074	0.133192	0.0413954	-0.133315	0.990209	2.20229	-3.14386	55.4688	
0.999173	-0.000317256	-0.0406596	0.00584545	0.990703	0.135916	0.0402385	-0.136042	0.989886	2.23299	-3.24514	56.2133	
0.999218	-0.000473983	-0.0395307	0.00595472	0.990324	0.138643	0.0390825	-0.13877	0.989553	2.26282	-3.34847	56.9576	
0.999262	-0.000633644	-0.0384035	0.00606091	0.989938	0.141372	0.0379275	-0.1415	0.989211	2.29177	-3.45385	57.7016	
0.999305	-0.000796243	-0.0372778	0.00616402	0.989544	0.144102	0.0367733	-0.144232	0.98886	2.31986	-3.56129	58.4454	
0.999346	-0.000961784	-0.0361537	0.00626403	0.989141	0.146834	0.0356199	-0.146964	0.9885	2.34708	-3.67078	59.1889	
0.999386	-0.00113027	-0.0350311	0.00636093	0.988731	0.149567	0.0344673	-0.149698	0.988131	2.37343	-3.78233	59.9321	
0.999424	-0.00130171	-0.0339099	0.00645472	0.988313	0.152301	0.0333154	-0.152432	0.987752	2.39892	-3.89594	60.6751	
0.999461	-0.00147611	-0.0327901	0.00654539	0.987887	0.155036	0.0321641	-0.155167	0.987365	2.42354	-4.0116	61.4178	
0.999497	-0.00165347	-0.0316716	0.00663293	0.987453	0.157772	0.0310133	-0.157902	0.986968	2.4473	-4.12931	62.1601	
0.999531	-0.0018338	-0.0305544	0.00671734	0.987012	0.160508	0.0298632	-0.160638	0.986562	2.47019	-4.24909	62.9022	
0.999565	-0.0020171	-0.0294383	0.0067986	0.986562	0.163244	0.0287135	-0.163373	0.986146	2.49221	-4.37092	63.644	
0.999596	-0.00220339	-0.0283234	0.00687671	0.986105	0.165981	0.0275642	-0.166109	0.985722	2.51337	-4.49481	64.3854	
0.999627	-0.00239267	-0.0272097	0.00695166	0.98564	0.168718	0.0264152	-0.168844	0.985289	2.53367	-4.62075	65.1265	
0.999656	-0.00258494	-0.0260969	0.00702345	0.985167	0.171455	0.0252666	-0.171579	0.984846	2.5531	-4.74876	65.8673	
0.999684	-0.00278022	-0.0249851	0.00709208	0.984686	0.174191	0.0241182	-0.174313	0.984395	2.57167	-4.87882	66.6078	
0.999711	-0.00297851	-0.0238743	0.00715753	0.984198	0.176927	0.0229701	-0.177047	0.983934	2.58938	-5.01093	67.3479	
0.999736	-0.00317983	-0.0227643	0.0072198	0.983702	0.179662	0.021822	-0.179779	0.983465	2.60622	-5.1451	68.0876	
0.99976	-0.00338418	-0.0216552	0.0072789	0.983198	0.182397	0.020674	-0.182511	0.982986	2.6222	-5.28133	68.8271	
0.999782	-0.00359156	-0.0205467	0.0073348	0.982687	0.18513	0.0195261	-0.185241	0.982499	2.63732	-5.4196	69.5661	
0.999804	-0.003802	-0.019439	0.00738752	0.982168	0.187863	0.0183781	-0.187969	0.982003	2.65157	-5.55994	70.3048	
0.999824	-0.0040155	-0.018332	0.00743705	0.981641	0.190593	0.0172301	-0.190696	0.981498	2.66496	-5.70232	71.0431	
0.999972	-0.00726779	-0.00196614	0.00751374	0.979953	0.199088	0.000479792	-0.199097	0.97998	2.67162	-5.84889	71.7806	
0.99984	-0.0106597	0.0143715	0.00744536	0.978192	0.207567	-0.0162707	-0.207427	0.978115	2.66568	-6.00175	72.5169	
0.999429	-0.01419	0.0306751	0.00723192	0.97636	0.216029	-0.0330154	-0.215684	0.975905	2.64715	-6.16085	73.2517	
0.998738	-0.0178574	0.0469389	0.0068735	0.974457	0.224471	-0.0497484	-0.223865	0.97335	2.61603	-6.32613	73.9846	
