1	0	0	0	1	0	0	0	1	0	0	0	
0.999994	-4.66726e-06	0.00349202	-4.66726e-06	0.999996	0.00267309	-0.00349202	-0.00267309	0.99999	-0.00178834	-0.00136895	1.02424	
0.999976	-1.86885e-05	0.00698773	-1.86873e-05	0.999986	0.00534867	-0.00698773	-0.00534867	0.999961	-0.00715525	-0.00547707	2.04846	
0.999945	-4.20917e-05	0.010487	-4.20871e-05	0.999968	0.00802664	-0.010487	-0.00802664	0.999913	-0.0161044	-0.0123269	3.07264	
0.999902	-7.4904e-05	0.0139896	-7.48925e-05	0.999943	0.0107069	-0.0139896	-0.0107069	0.999845	-0.0286394	-0.0219207	4.09676	
0.999847	-0.000117151	0.0174955	-0.000117128	0.99991	0.0133892	-0.0174955	-0.0133892	0.999757	-0.0447637	-0.0342608	5.1208	
0.999779	-0.000168859	0.0210045	-0.000168819	0.999871	0.0160737	-0.0210045	-0.0160736	0.99965	-0.0644803	-0.0493494	6.14474	
0.999699	-0.00023005	0.0245164	-0.000229986	0.999824	0.01876	-0.0245164	-0.01876	0.999523	-0.0877926	-0.0671885	7.16856	
0.999607	-0.000300749	0.0280311	-0.000300652	0.99977	0.0214481	-0.0280311	-0.0214481	0.999377	-0.114703	-0.0877799	8.19224	
0.999502	-0.000380976	0.0315484	-0.000380837	0.999709	0.0241379	-0.0315484	-0.0241379	0.999211	-0.145215	-0.111126	9.21576	
0.999385	-0.000470753	0.0350682	-0.000470562	0.99964	0.0268293	-0.0350682	-0.0268293	0.999025	-0.179331	-0.137227	10.2391	
0.999255	-0.0005701	0.0385904	-0.000569845	0.999564	0.0295222	-0.0385904	-0.0295222	0.998819	-0.217053	-0.166086	11.2622	
0.999113	-0.000679034	0.0421147	-0.000678703	0.999481	0.0322163	-0.0421147	-0.0322163	0.998593	-0.258384	-0.197703	12.2852	
0.998958	-0.000797575	0.0456411	-0.000797153	0.99939	0.0349118	-0.0456411	-0.0349117	0.998348	-0.303326	-0.232081	13.3078	
0.99879	-0.000925739	0.0491694	-0.000925211	0.999292	0.0376083	-0.0491694	-0.0376083	0.998082	-0.35188	-0.26922	14.3303	
0.99861	-0.00106354	0.0526994	-0.00106289	0.999187	0.0403058	-0.0526994	-0.0403058	0.997797	-0.40405	-0.309122	15.3524	
0.998417	-0.001211	0.056231	-0.00121021	0.999074	0.0430042	-0.056231	-0.0430042	0.997491	-0.459835	-0.351787	16.3742	
0.998212	-0.00136812	0.059764	-0.00136717	0.998954	0.0457033	-0.059764	-0.0457033	0.997166	-0.519239	-0.397216	17.3957	
0.997993	-0.00153492	0.0632983	-0.00153379	0.998827	0.0484032	-0.0632983	-0.0484031	0.99682	-0.582262	-0.44541	18.4169	
0.997763	-0.00171142	0.0668337	-0.00171009	0.998692	0.0511035	-0.0668338	-0.0511035	0.996455	-0.648905	-0.496369	19.4377	
0.997519	-0.00189761	0.0703702	-0.00189606	0.99855	0.0538043	-0.0703702	-0.0538042	0.996069	-0.71917	-0.550095	20.4581	
0.997263	-0.00209352	0.0739074	-0.00209172	0.9984	0.0565053	-0.0739075	-0.0565053	0.995663	-0.793058	-0.606587	21.4781	
0.996994	-0.00229914	0.0774454	-0.00229708	0.998243	0.0592066	-0.0774454	-0.0592065	0.995237	-0.870569	-0.665845	22.4977	
0.996712	-0.0025145	0.0809838	-0.00251213	0.998079	0.0619079	-0.0809839	-0.0619078	0.994791	-0.951704	-0.727871	23.5168	
0.996418	-0.00273959	0.0845227	-0.0027369	0.997907	0.0646092	-0.0845228	-0.0646091	0.994325	-1.03646	-0.792663	24.5355	
0.996111	-0.00297441	0.0880618	-0.00297137	0.997728	0.0673104	-0.0880619	-0.0673102	0.993838	-1.12485	-0.860222	25.5537	
0.995791	-0.00321899	0.091601	-0.00321556	0.997541	0.0700112	-0.0916011	-0.0700111	0.993332	-1.21686	-0.930547	26.5714	
0.995458	-0.0034733	0.0951401	-0.00346947	0.997347	0.0727117	-0.0951403	-0.0727116	0.992805	-1.31249	-1.00364	27.5885	
0.995112	-0.00373737	0.098679	-0.0037331	0.997145	0.0754117	-0.0986792	-0.0754115	0.992258	-1.41175	-1.0795	28.6051	
0.994754	-0.00401119	0.102218	-0.00400644	0.996937	0.0781111	-0.102218	-0.0781109	0.991691	-1.51464	-1.15812	29.6211	
0.994383	-0.00429477	0.105756	-0.0042895	0.99672	0.0808098	-0.105756	-0.0808095	0.991103	-1.62114	-1.2395	30.6366	
0.993999	-0.00458809	0.109293	-0.00458228	0.996497	0.0835076	-0.109293	-0.0835073	0.990496	-1.73127	-1.32365	31.6514	
0.993602	-0.00489116	0.11283	-0.00488477	0.996265	0.0862045	-0.11283	-0.0862042	0.989868	-1.84503	-1.41057	32.6656	
0.993193	-0.00520399	0.116365	-0.00519697	0.996027	0.0889003	-0.116365	-0.0888999	0.98922	-1.9624	-1.50024	33.6791	
0.992771	-0.00552655	0.1199	-0.00551887	0.995781	0.091595	-0.1199	-0.0915945	0.988552	-2.0834	-1.59268	34.692	
0.992336	-0.00585885	0.123433	-0.00585048	0.995528	0.0942884	-0.123433	-0.0942878	0.987863	-2.20802	-1.68787	35.7041	
0.991888	-0.00620089	0.126965	-0.00619177	0.995267	0.0969803	-0.126965	-0.0969797	0.987155	-2.33625	-1.78582	36.7156	
0.991427	-0.00655265	0.130495	-0.00654275	0.994999	0.0996708	-0.130496	-0.0996701	0.986426	-2.4681	-1.88653	37.7263	
0.990954	-0.00691414	0.134024	-0.00690341	0.994724	0.10236	-0.134024	-0.102359	0.985678	-2.60357	-1.99	38.7362	
0.990468	-0.00728533	0.13755	-0.00727373	0.994441	0.105047	-0.137551	-0.105046	0.984909	-2.74265	-2.09621	39.7454	
0.989969	-0.00766622	0.141075	-0.0076537	0.994151	0.107732	-0.141076	-0.107731	0.98412	-2.88534	-2.20518	40.7538	
0.989458	-0.00805681	0.144598	-0.00804332	0.993853	0.110415	-0.144599	-0.110414	0.983311	-3.03164	-2.3169	41.7614	
0.988934	-0.00845707	0.148118	-0.00844257	0.993548	0.113096	-0.148119	-0.113095	0.982482	-3.18155	-2.43136	42.7681	
0.988397	-0.008867	0.151636	-0.00885144	0.993236	0.115776	-0.151637	-0.115774	0.981633	-3.33506	-2.54857	43.774	
0.987847	-0.00928658	0.155151	-0.0092699	0.992916	0.118452	-0.155152	-0.118451	0.980764	-3.49217	-2.66852	44.779	
0.987285	-0.0097158	0.158664	-0.00969796	0.99259	0.121127	-0.158665	-0.121125	0.979875	-3.65289	-2.79122	45.783	
0.98671	-0.0101546	0.162174	-0.0101356	0.992256	0.123798	-0.162175	-0.123797	0.978966	-3.8172	-2.91665	46.7862	
0.986122	-0.0106031	0.165681	-0.0105828	0.991914	0.126468	-0.165682	-0.126466	0.978037	-3.9851	-3.04481	47.7884	
0.985522	-0.0110611	0.169184	-0.0110395	0.991566	0.129134	-0.169186	-0.129132	0.977088	-4.15659	-3.17571	48.7897	
0.98491	-0.0115287	0.172685	-0.0115057	0.99121	0.131798	-0.172686	-0.131796	0.97612	-4.33167	-3.30934	49.79	
0.984284	-0.0120059	0.176181	-0.0119814	0.990847	0.134459	-0.176183	-0.134456	0.975131	-4.51034	-3.44569	50.7893	
0.983647	-0.0124926	0.179675	-0.0124666	0.990477	0.137116	-0.179676	-0.137114	0.974123	-4.69258	-3.58477	51.7875	
0.982997	-0.0129888	0.183164	-0.0129612	0.990099	0.139771	-0.183166	-0.139768	0.973096	-4.8784	-3.72656	52.7847	
0.982334	-0.0134944	0.18665	-0.0134653	0.989714	0.142422	-0.186652	-0.142419	0.972048	-5.06779	-3.87108	53.7809	
0.981659	-0.0140096	0.190132	-0.0139787	0.989323	0.14507	-0.190134	-0.145067	0.970981	-5.26075	-4.01831	54.7759	
0.980971	-0.0145341	0.193609	-0.0145016	0.988924	0.147714	-0.193612	-0.147711	0.969895	-5.45728	-4.16824	55.7699	
0.980271	-0.0150681	0.197082	-0.0150337	0.988518	0.150355	-0.197085	-0.150351	0.968789	-5.65736	-4.32089	56.7628	
0.979559	-0.0156115	0.200551	-0.0155753	0.988105	0.152992	-0.200554	-0.152988	0.967664	-5.861	-4.47623	57.7545	
0.978834	-0.0161642	0.204015	-0.016126	0.987685	0.155625	-0.204018	-0.155621	0.966519	-6.06819	-4.63428	58.745	
0.978097	-0.0167263	0.207475	-0.0166861	0.987257	0.158254	-0.207478	-0.15825	0.965355	-6.27893	-4.79502	59.7343	
0.977348	-0.0172976	0.210929	-0.0172554	0.986823	0.16088	-0.210933	-0.160875	0.964171	-6.4932	-4.95845	60.7225	
0.976587	-0.0178783	0.214379	-0.0178339	0.986382	0.163501	-0.214383	-0.163496	0.962969	-6.71102	-5.12457	61.7094	
0.975813	-0.0184681	0.217823	-0.0184215	0.985934	0.166118	-0.217827	-0.166113	0.961747	-6.93236	-5.29337	62.6951	
0.975028	-0.0190672	0.221262	-0.0190183	0.985479	0.16873	-0.221267	-0.168725	0.960507	-7.15723	-5.46485	63.6795	
0.97423	-0.0196754	0.224696	-0.0196242	0.985017	0.171339	-0.224701	-0.171333	0.959247	-7.38562	-5.639	64.6627	
0.973806	-0.0199969	0.226499	-0.0194785	0.985127	0.170719	-0.226544	-0.170659	0.958933	-7.61671	-5.81414	65.645	
0.973378	-0.020317	0.228301	-0.0193313	0.985237	0.170099	-0.228387	-0.169984	0.958616	-7.84969	-5.98859	66.6271	
0.972948	-0.0206358	0.230102	-0.0191826	0.985347	0.169477	-0.230228	-0.169307	0.958296	-8.08456	-6.16235	67.6087	
0.972513	-0.0209532	0.231902	-0.0190325	0.985457	0.168855	-0.232068	-0.168627	0.957971	-8.32131	-6.33541	68.5901	
0.972076	-0.0212692	0.233701	-0.0188808	0.985567	0.168232	-0.233906	-0.167946	0.957644	-8.55995	-6.50778	69.5711	
0.971635	-0.0215836	0.235497	-0.0187278	0.985676	0.167608	-0.235741	-0.167264	0.957313	-8.80046	-6.67945	70.5518	
0.974289	-0.0197853	0.224432	-0.0134605	0.989246	0.145643	-0.2249	-0.144919	0.963545	-9.03638	-6.83933	71.5356	
0.976817	-0.0182449	0.213298	-0.00844286	0.992303	0.123543	-0.213911	-0.12248	0.969144	-9.26112	-6.97628	72.5254	
0.979217	-0.0169636	0.202104	-0.00367812	0.994847	0.101323	-0.202782	-0.0999606	0.974109	-9.47452	-7.0902	73.5207	
0.981488	-0.015942	0.190857	0.000830588	0.996875	0.0789963	-0.191519	-0.0773755	0.978434	-9.67647	-7.18102	74.5206	
0.983629	-0.015181	0.179563	0.0050803	0.998385	0.056578	-0.180132	-0.0547396	0.982118	-9.86681	-7.24869	75.5247	
0.985638	-0.0146809	0.16823	0.00906823	0.999378	0.0340829	-0.168626	-0.0320678	0.985158	-10.0454	-7.29315	76.5323	
0.987514	-0.0144422	0.156866	0.0127918	0.999852	0.0115255	-0.15701	-0.00937504	0.987553	-10.2122	-7.31437	77.5426	
0.989256	-0.0144649	0.145479	0.0162485	0.999807	-0.0110791	-0.14529	0.0133239	0.989299	-10.367	-7.31235	78.555	
0.990861	-0.0147491	0.134075	0.0194361	0.999242	-0.0337163	-0.133476	0.0360141	0.990397	-10.5098	-7.28708	79.5689	
0.992331	-0.0152946	0.122662	0.0223525	0.99816	-0.0563712	-0.121574	0.0586807	0.990846	-10.6404	-7.23858	80.5836	
0.993662	-0.016101	0.111247	0.0249958	0.996559	-0.0790289	-0.109592	0.0813088	0.990645	-10.7588	-7.16689	81.5985	
0.994856	-0.0171678	0.0998388	0.0273643	0.994441	-0.101675	-0.0975383	0.103884	0.989795	-10.8649	-7.07204	82.6127	
0.995909	-0.0184943	0.088444	0.0294563	0.991808	-0.124293	-0.0854207	0.12639	0.988296	-10.9586	-6.95411	83.6258	
0.996823	-0.0200797	0.0770701	0.0312707	0.988661	-0.146871	-0.0732472	0.148814	0.986149	-11.0398	-6.81316	84.637	
0.997597	-0.0219228	0.0657248	0.032806	0.985003	-0.169391	-0.0610256	0.17114	0.983355	-11.1086	-6.6493	85.6457	
0.998229	-0.0240224	0.0544153	0.0340614	0.980835	-0.191841	-0.0487639	0.193354	0.979916	-11.1648	-6.46262	86.6512	
0.99872	-0.0263773	0.0431491	0.035036	0.97616	-0.214204	-0.0364704	0.215442	0.975835	-11.2085	-6.25325	87.6528	
0.99907	-0.0289859	0.0319337	0.0357293	0.970982	-0.236467	-0.0241529	0.237388	0.971115	-11.2395	-6.02134	88.65	
0.999277	-0.0318463	0.0207763	0.0361406	0.965304	-0.258614	-0.0118195	0.259178	0.965757	-11.258	-5.76702	89.6419	
0.999342	-0.0349569	0.00968426	0.0362698	0.95913	-0.280632	0.000521558	0.280799	0.959767	-11.2638	-5.49047	90.6281	
0.999265	-0.0383155	-0.00133512	0.0361167	0.952463	-0.302506	0.0128623	0.302235	0.953147	-11.2569	-5.19187	91.6078	
0.999046	-0.0419199	-0.0122746	0.0356816	0.945308	-0.324221	0.0251946	0.323473	0.945902	-11.2374	-4.87142	92.5804	
0.998684	-0.0457677	-0.0231271	0.0349646	0.93767	-0.345763	0.0375104	0.344499	0.938037	-11.2053	-4.52932	93.5452	
0.998181	-0.0498566	-0.0338854	0.0339662	0.929554	-0.367118	0.0498016	0.3653	0.929557	-11.1606	-4.16579	94.5017	
0.997537	-0.0541836	-0.0445425	0.0326871	0.920965	-0.388273	0.0620601	0.38586	0.920467	-11.1033	-3.78109	95.4492	
0.996752	-0.0587461	-0.0550915	0.0311281	0.911908	-0.409212	0.074278	0.406168	0.910775	-11.0335	-3.37545	96.3871	
0.995826	-0.0635411	-0.0655253	0.0292902	0.90239	-0.429923	0.0864471	0.42621	0.900484	-10.9511	-2.94915	97.3147	
0.99476	-0.0685653	-0.0758371	0.0271748	0.892417	-0.450392	0.0985596	0.445972	0.889604	-10.8564	-2.50246	98.2315	
0.993555	-0.0738155	-0.0860202	0.024783	0.881995	-0.470606	0.110607	0.465441	0.87814	-10.7493	-2.03568	99.1369	
