1	0	0	0	1	0	0	0	1	0	0	0	
1	-2.10418e-08	-5.10444e-05	-2.10418e-08	1	-0.000824451	5.10444e-05	0.000824451	1	1.9915e-05	0.000321661	0.780303	
1	-8.4111e-08	-0.000102062	-8.40868e-08	0.999999	-0.001648	0.000102062	0.001648	0.999999	7.96497e-05	0.00128629	1.56061	
1	-1.89114e-07	-0.000153051	-1.89017e-07	0.999997	-0.00247061	0.000153051	0.00247061	0.999997	0.000179182	0.00289317	2.34091	
1	-3.3595e-07	-0.000204011	-3.35709e-07	0.999995	-0.00329227	0.000204011	0.00329227	0.999995	0.000318491	0.00514156	3.12121	
1	-5.24518e-07	-0.000254938	-5.24035e-07	0.999992	-0.00411295	0.000254938	0.00411295	0.999992	0.00049755	0.00803072	3.9015	
1	-7.54706e-07	-0.000305833	-7.53863e-07	0.999988	-0.00493262	0.000305833	0.00493262	0.999988	0.000716336	0.0115599	4.6818	
1	-1.0264e-06	-0.000356693	-1.02506e-06	0.999983	-0.00575127	0.000356693	0.00575127	0.999983	0.000974822	0.0157282	5.46209	
1	-1.33949e-06	-0.000407517	-1.33747e-06	0.999978	-0.00656887	0.000407517	0.00656887	0.999978	0.00127298	0.0205349	6.24238	
1	-1.69384e-06	-0.000458304	-1.69096e-06	0.999973	-0.00738539	0.000458304	0.00738539	0.999973	0.00161078	0.0259792	7.02266	
1	-2.08932e-06	-0.00050905	-2.08537e-06	0.999966	-0.0082008	0.00050905	0.0082008	0.999966	0.0019882	0.0320602	7.80294	
1	-2.52581e-06	-0.000559756	-2.52055e-06	0.999959	-0.0090151	0.000559756	0.0090151	0.999959	0.00240519	0.038777	8.58322	
1	-3.00317e-06	-0.000610419	-2.99633e-06	0.999952	-0.00982824	0.000610419	0.00982824	0.999952	0.00286174	0.0461287	9.36348	
1	-3.52124e-06	-0.000661038	-3.51255e-06	0.999943	-0.0106402	0.000661038	0.0106402	0.999943	0.0033578	0.0541145	10.1437	
1	-4.07989e-06	-0.000711612	-4.06904e-06	0.999934	-0.011451	0.000711612	0.011451	0.999934	0.00389334	0.0627335	10.924	
1	-4.67895e-06	-0.000762138	-4.66562e-06	0.999925	-0.0122605	0.000762138	0.0122605	0.999925	0.00446833	0.0719845	11.7042	
1	-5.31828e-06	-0.000812615	-5.30211e-06	0.999915	-0.0130688	0.000812615	0.0130688	0.999914	0.00508272	0.0818668	12.4845	
1	-5.99771e-06	-0.000863041	-5.97833e-06	0.999904	-0.0138759	0.000863041	0.0138759	0.999903	0.00573648	0.0923794	13.2647	
1	-6.71707e-06	-0.000913416	-6.69409e-06	0.999892	-0.0146816	0.000913416	0.0146816	0.999892	0.00642957	0.103521	14.0449	
1	-7.47619e-06	-0.000963737	-7.4492e-06	0.99988	-0.0154861	0.000963737	0.0154861	0.99988	0.00716194	0.115291	14.8252	
0.999999	-8.27489e-06	-0.001014	-8.24345e-06	0.999867	-0.0162891	0.001014	0.0162891	0.999867	0.00793356	0.127688	15.6054	
0.999999	-9.11299e-06	-0.00106421	-9.07664e-06	0.999854	-0.0170909	0.00106421	0.0170909	0.999853	0.00874438	0.140712	16.3856	
0.999999	-9.99031e-06	-0.00111436	-9.94856e-06	0.99984	-0.0178912	0.00111436	0.0178912	0.999839	0.00959435	0.15436	17.1657	
0.999999	-1.09066e-05	-0.00116445	-1.0859e-05	0.999825	-0.0186901	0.00116445	0.0186901	0.999825	0.0104834	0.168632	17.9459	
0.999999	-1.18618e-05	-0.00121448	-1.18078e-05	0.99981	-0.0194876	0.00121448	0.0194876	0.999809	0.0114116	0.183527	18.7261	
0.999999	-1.28556e-05	-0.00126445	-1.27946e-05	0.999794	-0.0202836	0.00126445	0.0202836	0.999793	0.0123787	0.199044	19.5062	
0.999999	-1.38878e-05	-0.00131435	-1.38193e-05	0.999778	-0.0210782	0.00131435	0.0210782	0.999777	0.0133849	0.215181	20.2864	
0.999999	-1.49583e-05	-0.00136418	-1.48816e-05	0.999761	-0.0218712	0.00136418	0.0218712	0.99976	0.0144299	0.231938	21.0665	
0.999999	-1.60667e-05	-0.00141395	-1.59814e-05	0.999743	-0.0226627	0.00141395	0.0226627	0.999742	0.0155138	0.249313	21.8466	
0.999999	-1.72129e-05	-0.00146364	-1.71183e-05	0.999725	-0.0234527	0.00146365	0.0234527	0.999724	0.0166365	0.267305	22.6267	
0.999999	-1.83966e-05	-0.00151327	-1.82921e-05	0.999706	-0.0242411	0.00151327	0.0242411	0.999705	0.0177979	0.285913	23.4068	
0.999999	-1.96177e-05	-0.00156282	-1.95025e-05	0.999687	-0.0250278	0.00156283	0.0250278	0.999686	0.0189981	0.305135	24.1868	
0.999999	-2.08759e-05	-0.0016123	-2.07494e-05	0.999667	-0.025813	0.0016123	0.025813	0.999665	0.0202369	0.324971	24.9669	
0.999999	-2.2171e-05	-0.00166171	-2.20325e-05	0.999646	-0.0265965	0.00166171	0.0265965	0.999645	0.0215142	0.345419	25.7469	
0.999999	-2.35026e-05	-0.00171103	-2.33514e-05	0.999625	-0.0273783	0.00171103	0.0273783	0.999624	0.0228301	0.366477	26.5269	
0.999998	-2.48706e-05	-0.00176028	-2.4706e-05	0.999603	-0.0281585	0.00176028	0.0281585	0.999602	0.0241844	0.388145	27.3069	
0.999998	-2.62748e-05	-0.00180944	-2.60959e-05	0.999581	-0.0289369	0.00180945	0.0289369	0.99958	0.0255772	0.41042	28.0869	
0.999998	-2.77148e-05	-0.00185853	-2.7521e-05	0.999558	-0.0297136	0.00185853	0.0297136	0.999557	0.0270082	0.433303	28.8669	
0.999998	-2.91904e-05	-0.00190753	-2.89809e-05	0.999535	-0.0304885	0.00190753	0.0304885	0.999533	0.0284776	0.456791	29.6468	
0.999998	-3.07014e-05	-0.00195644	-3.04753e-05	0.999511	-0.0312616	0.00195645	0.0312616	0.999509	0.0299851	0.480883	30.4268	
0.999998	-3.22474e-05	-0.00200527	-3.20039e-05	0.999487	-0.032033	0.00200527	0.032033	0.999485	0.0315308	0.505577	31.2067	
0.999998	-3.38283e-05	-0.00205401	-3.35666e-05	0.999462	-0.0328025	0.00205401	0.0328025	0.99946	0.0331145	0.530873	31.9866	
0.999998	-3.54437e-05	-0.00210266	-3.51629e-05	0.999436	-0.0335701	0.00210266	0.0335701	0.999434	0.0347362	0.556768	32.7664	
0.999998	-3.70933e-05	-0.00215122	-3.67926e-05	0.99941	-0.0343359	0.00215122	0.0343359	0.999408	0.0363959	0.583262	33.5463	
0.999998	-3.87769e-05	-0.00219968	-3.84553e-05	0.999384	-0.0350997	0.00219969	0.0350997	0.999381	0.0380934	0.610352	34.3261	
0.999997	-4.04942e-05	-0.00224805	-4.01509e-05	0.999357	-0.0358617	0.00224806	0.0358617	0.999354	0.0398287	0.638038	35.1059	
0.999997	-4.22448e-05	-0.00229632	-4.18789e-05	0.999329	-0.0366217	0.00229633	0.0366217	0.999327	0.0416017	0.666318	35.8857	
0.999997	-4.40286e-05	-0.0023445	-4.3639e-05	0.999301	-0.0373797	0.00234451	0.0373797	0.999298	0.0434123	0.695189	36.6655	
0.999997	-4.58451e-05	-0.00239258	-4.54311e-05	0.999273	-0.0381358	0.00239258	0.0381358	0.99927	0.0452605	0.724652	37.4452	
0.999997	-4.76942e-05	-0.00244055	-4.72546e-05	0.999244	-0.0388898	0.00244056	0.0388898	0.999241	0.0471462	0.754704	38.2249	
0.999997	-4.95754e-05	-0.00248842	-4.91093e-05	0.999214	-0.0396418	0.00248843	0.0396418	0.999211	0.0490692	0.785343	39.0046	
0.999997	-5.14884e-05	-0.00253619	-5.09949e-05	0.999184	-0.0403917	0.0025362	0.0403917	0.999181	0.0510296	0.816568	39.7843	
0.999997	-5.3433e-05	-0.00258385	-5.29111e-05	0.999153	-0.0411396	0.00258386	0.0411396	0.99915	0.0530272	0.848378	40.564	
0.999997	-5.54089e-05	-0.00263141	-5.48575e-05	0.999122	-0.0418854	0.00263142	0.0418854	0.999119	0.055062	0.88077	41.3436	
0.999996	-5.74156e-05	-0.00267885	-5.68337e-05	0.999091	-0.042629	0.00267887	0.042629	0.999087	0.0571338	0.913743	42.1232	
0.999995	-7.63551e-05	-0.00313394	-5.07375e-05	0.999178	-0.0405335	0.00313446	0.0405335	0.999173	0.0594019	0.946189	42.9028	
0.999994	-9.43509e-05	-0.00358935	-4.3679e-05	0.999261	-0.0384359	0.00359032	0.0384358	0.999255	0.0620255	0.976999	43.6825	
0.999992	-0.000111401	-0.00404507	-3.56562e-05	0.99934	-0.0363363	0.00404645	0.0363361	0.999331	0.065005	1.00617	44.4623	
0.99999	-0.000127502	-0.0045011	-2.66669e-05	0.999414	-0.0342347	0.00450282	0.0342345	0.999404	0.0683405	1.0337	45.2421	
0.999988	-0.000142652	-0.00495741	-1.67095e-05	0.999484	-0.0321312	0.00495944	0.0321309	0.999471	0.0720323	1.0596	46.0219	
0.999985	-0.00015685	-0.00541402	-5.78194e-06	0.999549	-0.0300259	0.00541629	0.0300255	0.999534	0.0760804	1.08385	46.8019	
0.999983	-0.000170092	-0.0058709	6.11732e-06	0.99961	-0.0279188	0.00587336	0.0279183	0.999593	0.080485	1.10645	47.5818	
0.99998	-0.000182377	-0.00632804	1.89899e-05	0.999667	-0.0258101	0.00633064	0.0258094	0.999647	0.0852465	1.12742	48.3618	
0.999977	-0.000193704	-0.00678544	3.28373e-05	0.999719	-0.0236997	0.00678812	0.0236989	0.999696	0.0903648	1.14673	49.1419	
0.999974	-0.000204069	-0.00724308	4.76609e-05	0.999767	-0.0215877	0.0072458	0.0215868	0.999741	0.0958401	1.1644	49.922	
0.99997	-0.000213471	-0.00770097	6.3462e-05	0.99981	-0.0194743	0.00770366	0.0194732	0.999781	0.101673	1.18042	50.7021	
0.999967	-0.00022191	-0.00815907	8.02418e-05	0.999849	-0.0173594	0.0081617	0.0173582	0.999816	0.107863	1.19479	51.4822	
0.999963	-0.000229382	-0.0086174	9.80013e-05	0.999884	-0.0152433	0.00861989	0.0152418	0.999847	0.11441	1.20751	52.2624	
0.999959	-0.000235886	-0.00907593	0.000116742	0.999914	-0.0131258	0.00907824	0.0131242	0.999873	0.121315	1.21858	53.0426	
0.999955	-0.000241421	-0.00953466	0.000136464	0.999939	-0.0110071	0.00953674	0.0110053	0.999894	0.128578	1.22799	53.8228	
0.99995	-0.000245985	-0.00999358	0.000157168	0.99996	-0.00888727	0.00999537	0.00888526	0.999911	0.136198	1.23575	54.603	
0.999945	-0.000249578	-0.0104527	0.000178855	0.999977	-0.00676638	0.0104541	0.00676414	0.999922	0.144176	1.24186	55.3833	
0.99994	-0.000252197	-0.0109119	0.000201526	0.999989	-0.00464448	0.010913	0.004642	0.99993	0.152513	1.24631	56.1635	
0.999935	-0.000253843	-0.0113714	0.000225182	0.999997	-0.00252165	0.011372	0.00251893	0.999932	0.161207	1.2491	56.9438	
0.99993	-0.000254512	-0.011831	0.000249821	1	-0.000397956	0.0118311	0.000394973	0.99993	0.17026	1.25024	57.724	
0.999924	-0.000254205	-0.0122907	0.000275446	0.999998	0.00172653	0.0122902	-0.00172979	0.999923	0.179671	1.24972	58.5043	
0.999919	-0.000252921	-0.0127505	0.000302055	0.999993	0.00385174	0.0127495	-0.00385528	0.999911	0.18944	1.24754	59.2845	
0.999913	-0.000250659	-0.0132105	0.00032965	0.999982	0.00597761	0.0132088	-0.00598144	0.999895	0.199568	1.2437	60.0647	
0.999907	-0.000247417	-0.0136706	0.00035823	0.999967	0.00810406	0.0136681	-0.0081082	0.999874	0.210054	1.2382	60.8449	
0.9999	-0.000243196	-0.0141308	0.000387794	0.999948	0.010231	0.0141275	-0.0102355	0.999848	0.220899	1.23105	61.6251	
0.999894	-0.000237994	-0.0145911	0.000418343	0.999924	0.0123584	0.014587	-0.0123632	0.999817	0.232102	1.22223	62.4053	
0.999887	-0.000231811	-0.0150514	0.000449876	0.999895	0.0144862	0.0150465	-0.0144914	0.999782	0.243663	1.21175	63.1854	
0.99988	-0.000224647	-0.0155119	0.000482393	0.999862	0.0166143	0.015506	-0.0166198	0.999742	0.255583	1.19961	63.9656	
0.999872	-0.000216501	-0.0159724	0.000515894	0.999824	0.0187427	0.0159655	-0.0187485	0.999697	0.267862	1.18581	64.7456	
0.999865	-0.000207373	-0.0164329	0.000550376	0.999782	0.0208712	0.016425	-0.0208774	0.999647	0.280499	1.17035	65.5257	
0.999857	-0.000197262	-0.0168936	0.000585841	0.999735	0.0229998	0.0168845	-0.0230064	0.999593	0.293495	1.15323	66.3057	
0.999849	-0.000186169	-0.0173542	0.000622287	0.999684	0.0251284	0.017344	-0.0251354	0.999534	0.306849	1.13445	67.0857	
0.999841	-0.000174093	-0.0178149	0.000659713	0.999628	0.027257	0.0178035	-0.0272644	0.99947	0.320562	1.11401	67.8656	
0.999833	-0.000161035	-0.0182756	0.000698118	0.999568	0.0293854	0.018263	-0.0293933	0.999401	0.334634	1.0919	68.6454	
0.999824	-0.000146994	-0.0187363	0.000737501	0.999503	0.0315137	0.0187224	-0.031522	0.999328	0.349063	1.06814	69.4252	
0.999816	-0.00013197	-0.019197	0.00077786	0.999434	0.0336418	0.0191817	-0.0336505	0.99925	0.363852	1.04271	70.205	
0.999807	-0.000115964	-0.0196577	0.000819195	0.99936	0.0357695	0.019641	-0.0357787	0.999167	0.378998	1.01562	70.9847	
0.999798	-9.89767e-05	-0.0201184	0.000861503	0.999281	0.0378968	0.0201002	-0.0379065	0.999079	0.394504	0.986872	71.7643	
0.999737	3.5273e-05	-0.022938	0.00127654	0.998364	0.0571724	0.0229024	-0.0571866	0.998101	0.411282	0.94977	72.5435	
0.999668	0.00022393	-0.0257542	0.00174558	0.997074	0.0764254	0.025696	-0.076445	0.996743	0.430243	0.897631	73.3218	
0.999592	0.000466923	-0.0285661	0.00226845	0.995413	0.0956485	0.0284797	-0.0956743	0.995005	0.45138	0.830477	74.099	
0.999507	0.000764159	-0.0313726	0.00284495	0.993381	0.114834	0.0312526	-0.114867	0.992889	0.474686	0.748331	74.8746	
0.999415	0.00111553	-0.0341725	0.00347486	0.990978	0.133976	0.0340137	-0.134016	0.990395	0.50015	0.651226	75.6484	
0.999315	0.00152089	-0.0369649	0.00415794	0.988207	0.153066	0.0367617	-0.153115	0.987524	0.527764	0.539198	76.4201	
0.999208	0.00198009	-0.0397486	0.00489393	0.985068	0.172096	0.0394958	-0.172154	0.984278	0.557517	0.412289	77.1894	
