1	0	0	0	1	0	0	0	1	0	0	0	
0.999995	-6.94898e-06	0.00327757	-6.94898e-06	0.999991	0.00424029	-0.00327757	-0.00424029	0.999986	-0.00154526	-0.00199915	0.942925	
0.999979	-2.77913e-05	0.00655418	-2.77972e-05	0.999964	0.00848114	-0.00655418	-0.00848114	0.999943	-0.0061806	-0.00799687	1.88582	
0.999952	-6.25214e-05	0.00982975	-6.2545e-05	0.999919	0.0127224	-0.00982975	-0.0127224	0.999871	-0.0139051	-0.0179936	2.82867	
0.999914	-0.000111133	0.0131042	-0.000111192	0.999856	0.016964	-0.0131042	-0.016964	0.99977	-0.0247176	-0.0319898	3.77143	
0.999866	-0.00017362	0.0163773	-0.000173738	0.999775	0.0212058	-0.0163773	-0.0212058	0.999641	-0.0386171	-0.0499856	4.71408	
0.999807	-0.000249975	0.0196492	-0.000250181	0.999676	0.0254477	-0.0196492	-0.0254477	0.999483	-0.0556024	-0.0719811	5.6566	
0.999737	-0.000340191	0.0229196	-0.000340521	0.999559	0.0296895	-0.0229196	-0.0296895	0.999296	-0.0756721	-0.0979764	6.59896	
0.999657	-0.00044426	0.0261885	-0.000444755	0.999424	0.0339312	-0.0261885	-0.0339312	0.999081	-0.0988249	-0.127971	7.54112	
0.999566	-0.000562174	0.0294558	-0.000562881	0.999271	0.0381725	-0.0294558	-0.0381725	0.998837	-0.125059	-0.161966	8.48307	
0.999464	-0.000693925	0.0327214	-0.000694897	0.9991	0.0424134	-0.0327213	-0.0424134	0.998564	-0.154374	-0.199959	9.42478	
0.999352	-0.000839504	0.0359851	-0.000840799	0.998911	0.0466538	-0.0359851	-0.0466538	0.998263	-0.186766	-0.241952	10.3662	
0.999229	-0.000998901	0.039247	-0.00100058	0.998704	0.0508935	-0.039247	-0.0508936	0.997933	-0.222236	-0.287942	11.3074	
0.999095	-0.00117211	0.0425069	-0.00117425	0.998478	0.0551325	-0.0425068	-0.0551325	0.997574	-0.26078	-0.337929	12.2482	
0.998951	-0.00135911	0.0457647	-0.00136179	0.998235	0.0593705	-0.0457646	-0.0593705	0.997186	-0.302397	-0.391914	13.1886	
0.998797	-0.0015599	0.0490203	-0.0015632	0.997974	0.0636075	-0.0490202	-0.0636076	0.99677	-0.347085	-0.449894	14.1287	
0.998631	-0.00177447	0.0522737	-0.00177847	0.997694	0.0678433	-0.0522735	-0.0678434	0.996326	-0.394841	-0.511868	15.0684	
0.998455	-0.00200281	0.0555247	-0.00200761	0.997397	0.0720779	-0.0555245	-0.072078	0.995852	-0.445664	-0.577836	16.0076	
0.998269	-0.0022449	0.0587732	-0.0022506	0.997082	0.076311	-0.058773	-0.0763112	0.99535	-0.499552	-0.647797	16.9464	
0.998072	-0.00250073	0.0620192	-0.00250743	0.996748	0.0805426	-0.0620189	-0.0805429	0.99482	-0.556501	-0.721748	17.8847	
0.997864	-0.00277029	0.0652626	-0.00277811	0.996396	0.0847726	-0.0652622	-0.0847729	0.994261	-0.61651	-0.799689	18.8225	
0.997646	-0.00305357	0.0685032	-0.00306262	0.996027	0.0890009	-0.0685028	-0.0890012	0.993673	-0.679575	-0.881617	19.7597	
0.997418	-0.00335055	0.071741	-0.00336096	0.995639	0.0932272	-0.0717405	-0.0932276	0.993057	-0.745695	-0.967532	20.6964	
0.997179	-0.00366122	0.0749759	-0.00367311	0.995233	0.0974515	-0.0749753	-0.097452	0.992412	-0.814867	-1.05743	21.6325	
0.996929	-0.00398556	0.0782078	-0.00399908	0.99481	0.101674	-0.0782071	-0.101674	0.991739	-0.887087	-1.15131	22.568	
0.996669	-0.00432357	0.0814365	-0.00433884	0.994368	0.105894	-0.0814357	-0.105894	0.991037	-0.962353	-1.24917	23.5028	
0.996399	-0.00467522	0.0846621	-0.0046924	0.993908	0.110111	-0.0846612	-0.110112	0.990307	-1.04066	-1.35101	24.4369	
0.996118	-0.0050405	0.0878844	-0.00505974	0.99343	0.114326	-0.0878833	-0.114327	0.989548	-1.12201	-1.45683	25.3703	
0.995827	-0.0054194	0.0911033	-0.00544085	0.992935	0.118539	-0.091102	-0.11854	0.988761	-1.2064	-1.56662	26.303	
0.995525	-0.0058119	0.0943188	-0.00583573	0.992421	0.122748	-0.0943173	-0.122749	0.987946	-1.29382	-1.68038	27.235	
0.995213	-0.00621798	0.0975307	-0.00624436	0.991889	0.126955	-0.097529	-0.126956	0.987102	-1.38426	-1.7981	28.1662	
0.994891	-0.00663763	0.100739	-0.00666672	0.991339	0.131159	-0.100737	-0.13116	0.98623	-1.47774	-1.9198	29.0965	
0.994558	-0.00707082	0.103943	-0.00710282	0.990771	0.13536	-0.103941	-0.135361	0.985329	-1.57424	-2.04545	30.026	
0.994215	-0.00751755	0.107144	-0.00755263	0.990185	0.139557	-0.107142	-0.139559	0.9844	-1.67376	-2.17507	30.9547	
0.993862	-0.00797779	0.110341	-0.00801615	0.989581	0.143751	-0.110338	-0.143753	0.983443	-1.77629	-2.30864	31.8825	
0.993498	-0.00845152	0.113534	-0.00849336	0.98896	0.147942	-0.11353	-0.147944	0.982458	-1.88184	-2.44617	32.8093	
0.993124	-0.00893873	0.116722	-0.00898425	0.98832	0.152129	-0.116719	-0.152131	0.981444	-1.99039	-2.58764	33.7352	
0.99274	-0.0094394	0.119907	-0.0094888	0.987662	0.156312	-0.119903	-0.156315	0.980402	-2.10195	-2.73306	34.6602	
0.992346	-0.0099535	0.123087	-0.010007	0.986987	0.160491	-0.123083	-0.160495	0.979332	-2.21651	-2.88243	35.5841	
0.991941	-0.010481	0.126263	-0.0105388	0.986293	0.164667	-0.126258	-0.164671	0.978234	-2.33407	-3.03573	36.5071	
0.991527	-0.0110219	0.129434	-0.0110843	0.985581	0.168838	-0.129429	-0.168842	0.977108	-2.45461	-3.19297	37.4289	
0.991102	-0.0115762	0.132601	-0.0116434	0.984852	0.173005	-0.132595	-0.17301	0.975954	-2.57815	-3.35414	38.3497	
0.990667	-0.0121439	0.135763	-0.012216	0.984105	0.177168	-0.135756	-0.177173	0.974772	-2.70467	-3.51924	39.2694	
0.990222	-0.0127249	0.13892	-0.0128023	0.98334	0.181327	-0.138913	-0.181332	0.973561	-2.83416	-3.68827	40.188	
0.989767	-0.0133192	0.142073	-0.0134021	0.982557	0.18548	-0.142065	-0.185486	0.972323	-2.96664	-3.86121	41.1054	
0.989301	-0.0139267	0.145221	-0.0140154	0.981756	0.189629	-0.145212	-0.189636	0.971057	-3.10208	-4.03807	42.0217	
0.988826	-0.0145476	0.148363	-0.0146422	0.980937	0.193774	-0.148354	-0.193781	0.969763	-3.24048	-4.21883	42.9367	
0.988341	-0.0151817	0.151501	-0.0152826	0.9801	0.197913	-0.151491	-0.197921	0.968441	-3.38185	-4.40351	43.8505	
0.987845	-0.015829	0.154633	-0.0159365	0.979246	0.202047	-0.154622	-0.202056	0.967091	-3.52617	-4.59208	44.763	
0.98734	-0.0164895	0.157761	-0.0166038	0.978374	0.206176	-0.157749	-0.206186	0.965714	-3.67344	-4.78455	45.6743	
0.986824	-0.0171632	0.160882	-0.0172846	0.977484	0.2103	-0.160869	-0.21031	0.964308	-3.82366	-4.98092	46.5842	
0.986299	-0.0178501	0.163999	-0.0179788	0.976576	0.214419	-0.163985	-0.214429	0.962875	-3.97682	-5.18117	47.4928	
0.985764	-0.01855	0.16711	-0.0186864	0.975651	0.218531	-0.167094	-0.218543	0.961415	-4.13291	-5.3853	48.4001	
0.985219	-0.0192631	0.170215	-0.0194074	0.974708	0.222639	-0.170198	-0.222651	0.959927	-4.29193	-5.59331	49.3059	
0.984664	-0.0199892	0.173314	-0.0201418	0.973747	0.22674	-0.173297	-0.226753	0.958411	-4.45388	-5.80519	50.2103	
0.984099	-0.0207284	0.176408	-0.0208895	0.972769	0.230835	-0.176389	-0.23085	0.956867	-4.61874	-6.02093	51.1133	
0.983524	-0.0214806	0.179496	-0.0216506	0.971772	0.234925	-0.179476	-0.23494	0.955297	-4.78652	-6.24054	52.0148	
0.98294	-0.0222458	0.182578	-0.022425	0.970759	0.239008	-0.182556	-0.239025	0.953698	-4.95721	-6.46399	52.9149	
0.982345	-0.0230239	0.185654	-0.0232126	0.969727	0.243085	-0.185631	-0.243103	0.952073	-5.1308	-6.6913	53.8134	
0.981741	-0.023815	0.188724	-0.0240136	0.968678	0.247156	-0.188699	-0.247175	0.95042	-5.30728	-6.92245	54.7103	
0.981128	-0.024619	0.191787	-0.0248278	0.967612	0.25122	-0.191761	-0.251241	0.948739	-5.48665	-7.15744	55.6057	
0.980504	-0.0254359	0.194845	-0.0256551	0.966527	0.255278	-0.194816	-0.255299	0.947032	-5.66891	-7.39625	56.4995	
0.980114	-0.025952	0.19673	-0.0271271	0.96458	0.262392	-0.196572	-0.262511	0.944694	-5.85344	-7.64038	57.3914	
0.97972	-0.0264838	0.198616	-0.0286128	0.962578	0.269492	-0.19832	-0.269709	0.942298	-6.03962	-7.89131	58.281	
0.979321	-0.0270313	0.200501	-0.0301121	0.96052	0.276575	-0.200061	-0.276893	0.939843	-6.22744	-8.14901	59.1684	
0.978917	-0.0275944	0.202385	-0.0316249	0.958409	0.283642	-0.201795	-0.284062	0.93733	-6.4169	-8.41348	60.0534	
0.978509	-0.0281731	0.204268	-0.0331512	0.956242	0.290691	-0.20352	-0.291216	0.934758	-6.60799	-8.68471	60.9361	
0.978097	-0.0287672	0.20615	-0.0346907	0.954022	0.297723	-0.205236	-0.298353	0.932128	-6.80071	-8.96267	61.8162	
0.977681	-0.0293768	0.208029	-0.0362435	0.951747	0.304735	-0.206943	-0.305474	0.929441	-6.99504	-9.24736	62.6939	
0.977261	-0.0300017	0.209906	-0.0378093	0.949419	0.311729	-0.208641	-0.312577	0.926696	-7.19097	-9.53875	63.569	
0.976837	-0.0306418	0.211779	-0.039388	0.947036	0.318702	-0.210328	-0.319662	0.923893	-7.3885	-9.83683	64.4415	
0.976409	-0.0312969	0.213649	-0.0409796	0.9446	0.325655	-0.212005	-0.326728	0.921034	-7.58762	-10.1416	65.3113	
0.975977	-0.0319671	0.215515	-0.0425839	0.942111	0.332587	-0.213671	-0.333774	0.918117	-7.78831	-10.453	66.1784	
0.975541	-0.0326521	0.217377	-0.0442008	0.939568	0.339496	-0.215326	-0.340801	0.915145	-7.99057	-10.771	67.0428	
0.975102	-0.0333518	0.219234	-0.0458301	0.936973	0.346383	-0.216969	-0.347806	0.912116	-8.19438	-11.0957	67.9042	
0.974659	-0.0340661	0.221085	-0.0474716	0.934325	0.353246	-0.218599	-0.35479	0.909032	-8.39974	-11.4269	68.7629	
0.974213	-0.0347948	0.222931	-0.0491253	0.931625	0.360086	-0.220217	-0.361752	0.905892	-8.60662	-11.7648	69.6185	
0.975959	-0.0317818	0.215623	-0.053901	0.923385	0.380072	-0.211182	-0.382557	0.899473	-8.81002	-12.1157	70.4697	
0.977632	-0.0286013	0.208368	-0.0584754	0.914687	0.39991	-0.20203	-0.403149	0.892555	-9.00485	-12.4861	71.3147	
0.97923	-0.0252549	0.201172	-0.0628459	0.905536	0.41959	-0.192765	-0.423518	0.885141	-9.19099	-12.8759	72.1528	
0.980753	-0.0217446	0.194038	-0.0670101	0.895936	0.4391	-0.183394	-0.443651	0.877235	-9.36834	-13.2848	72.9838	
0.982199	-0.0180723	0.18697	-0.0709656	0.885893	0.458429	-0.17392	-0.463537	0.868841	-9.53681	-13.7125	73.807	
0.983569	-0.01424	0.179972	-0.0747104	0.875413	0.477567	-0.16435	-0.483166	0.859965	-9.6963	-14.1588	74.6221	
0.98486	-0.0102499	0.173047	-0.0782422	0.864501	0.496504	-0.154689	-0.502527	0.850611	-9.84672	-14.6236	75.4286	
0.986073	-0.00610416	0.166201	-0.0815592	0.853164	0.515228	-0.144941	-0.521608	0.840784	-9.98799	-15.1064	76.2261	
0.987207	-0.00180513	0.159435	-0.0846595	0.841407	0.53373	-0.135113	-0.540399	0.83049	-10.12	-15.6072	77.0141	
0.988261	0.00264482	0.152755	-0.0875413	0.829237	0.551998	-0.12521	-0.55889	0.819734	-10.2428	-16.1255	77.7921	
0.989234	0.00724321	0.146164	-0.0902032	0.816662	0.570023	-0.115238	-0.577071	0.808523	-10.3561	-16.6611	78.5598	
0.990126	0.0119875	0.139665	-0.0926435	0.803688	0.587795	-0.105201	-0.594931	0.796863	-10.4601	-17.2136	79.3168	
0.990937	0.016875	0.133263	-0.0948609	0.790322	0.605304	-0.0951059	-0.61246	0.78476	-10.5545	-17.7829	80.0625	
0.991666	0.0219031	0.12696	-0.0968543	0.776571	0.62254	-0.0849579	-0.629649	0.772221	-10.6394	-18.3685	80.7966	
0.992313	0.027069	0.120761	-0.0986224	0.762444	0.639494	-0.0747627	-0.646488	0.759252	-10.7147	-18.9702	81.5186	
0.992876	0.0323697	0.114668	-0.100164	0.747948	0.656156	-0.064526	-0.662968	0.745862	-10.7804	-19.5876	82.2283	
0.993357	0.0378023	0.108685	-0.101479	0.733091	0.672517	-0.0542535	-0.679079	0.732057	-10.8364	-20.2204	82.9251	
0.993755	0.0433638	0.102816	-0.102566	0.717882	0.688568	-0.0439508	-0.694813	0.717846	-10.8827	-20.8681	83.6087	
0.994069	0.0490512	0.0970634	-0.103425	0.702328	0.7043	-0.0336236	-0.710161	0.703236	-10.9193	-21.5306	84.2787	
0.994299	0.0548612	0.0914307	-0.104055	0.686439	0.719704	-0.0232778	-0.725115	0.688235	-10.9461	-22.2073	84.9348	
0.994446	0.0607907	0.085921	-0.104456	0.670224	0.734771	-0.0129191	-0.739665	0.672851	-10.9632	-22.8979	85.5765	
0.994508	0.0668363	0.0805373	-0.104627	0.653691	0.749494	-0.00255312	-0.753804	0.657094	-10.9705	-23.6021	86.2036	
0.994487	0.0729947	0.0752828	-0.104569	0.636849	0.763864	0.00781423	-0.767525	0.640971	-10.968	-24.3193	86.8156	
