1	0	0	0	1	0	0	0	1	0	0	0	
0.999998	-4.90401e-06	-0.00179061	-4.90401e-06	0.999985	-0.00547744	0.00179061	0.00547744	0.999983	0.00092334	0.00282449	1.03131	
0.999994	-1.96186e-05	-0.00358146	-1.96174e-05	0.99994	-0.0109549	0.00358146	0.0109549	0.999934	0.00369349	0.011298	2.06258	
0.999986	-4.41471e-05	-0.0053725	-4.41421e-05	0.999865	-0.0164323	0.0053725	0.0164323	0.999851	0.00831067	0.0254204	3.09379	
0.999974	-7.84923e-05	-0.00716366	-7.84799e-05	0.99976	-0.0219094	0.00716366	0.0219094	0.999734	0.014775	0.0451917	4.12489	
0.99996	-0.000122657	-0.00895488	-0.000122632	0.999625	-0.0273859	0.00895488	0.0273859	0.999585	0.0230867	0.0706112	5.15585	
0.999942	-0.000176643	-0.0107461	-0.000176599	0.99946	-0.0328618	0.0107461	0.0328618	0.999402	0.0332457	0.101678	6.18665	
0.999921	-0.000240451	-0.0125373	-0.000240382	0.999265	-0.0383368	0.0125373	0.0383368	0.999186	0.0452519	0.138393	7.21723	
0.999897	-0.000314084	-0.0143283	-0.00031398	0.99904	-0.0438106	0.0143283	0.0438106	0.998937	0.0591053	0.180752	8.24758	
0.99987	-0.000397542	-0.0161191	-0.000397394	0.998785	-0.0492832	0.0161191	0.0492832	0.998655	0.0748058	0.228757	9.27766	
0.999839	-0.000490826	-0.0179097	-0.000490622	0.9985	-0.0547544	0.0179097	0.0547543	0.998339	0.092353	0.282405	10.3074	
0.999806	-0.000593936	-0.0196999	-0.000593663	0.998185	-0.0602238	0.0196999	0.0602238	0.99799	0.111747	0.341694	11.3368	
0.999769	-0.00070687	-0.0214898	-0.000706516	0.99784	-0.0656914	0.0214898	0.0656914	0.997609	0.132987	0.406623	12.3659	
0.999729	-0.00082963	-0.0232792	-0.000829179	0.997465	-0.071157	0.0232793	0.071157	0.997193	0.156072	0.47719	13.3945	
0.999685	-0.000962213	-0.0250682	-0.00096165	0.99706	-0.0766203	0.0250682	0.0766203	0.996745	0.181003	0.553393	14.4227	
0.999639	-0.00110462	-0.0268565	-0.00110392	0.996625	-0.0820812	0.0268566	0.0820812	0.996264	0.207778	0.635229	15.4504	
0.999589	-0.00125684	-0.0286442	-0.001256	0.99616	-0.0875395	0.0286443	0.0875395	0.995749	0.236398	0.722695	16.4776	
0.999536	-0.00141889	-0.0304313	-0.00141788	0.995666	-0.092995	0.0304313	0.0929949	0.995201	0.26686	0.815789	17.5043	
0.99948	-0.00159075	-0.0322175	-0.00158955	0.995141	-0.0984474	0.0322176	0.0984474	0.994621	0.299166	0.914508	18.5303	
0.99942	-0.00177242	-0.034003	-0.001771	0.994587	-0.103897	0.0340031	0.103897	0.994007	0.333313	1.01885	19.5558	
0.999357	-0.00196389	-0.0357876	-0.00196225	0.994002	-0.109343	0.0357876	0.109343	0.99336	0.369301	1.12881	20.5806	
0.999292	-0.00216518	-0.0375712	-0.00216327	0.993388	-0.114785	0.0375713	0.114785	0.99268	0.407129	1.24438	21.6047	
0.999223	-0.00237626	-0.0393538	-0.00237407	0.992744	-0.120223	0.0393539	0.120223	0.991967	0.446796	1.36556	22.6281	
0.99915	-0.00259714	-0.0411353	-0.00259464	0.99207	-0.125658	0.0411355	0.125658	0.99122	0.488301	1.49235	23.6508	
0.999075	-0.00282781	-0.0429157	-0.00282497	0.991367	-0.131088	0.0429159	0.131088	0.990441	0.531643	1.62475	24.6726	
0.998996	-0.00306827	-0.0446949	-0.00306506	0.990633	-0.136515	0.0446951	0.136515	0.989629	0.576821	1.76274	25.6937	
0.998914	-0.00331851	-0.0464729	-0.00331489	0.98987	-0.141936	0.0464731	0.141936	0.988784	0.623832	1.90632	26.7138	
0.998829	-0.00357851	-0.0482495	-0.00357447	0.989078	-0.147353	0.0482498	0.147353	0.987906	0.672677	2.0555	27.7331	
0.998741	-0.00384829	-0.0500247	-0.00384378	0.988255	-0.152765	0.0500251	0.152765	0.986996	0.723353	2.21026	28.7515	
0.998649	-0.00412782	-0.0517985	-0.00412281	0.987403	-0.158172	0.0517989	0.158172	0.986052	0.775859	2.37059	29.7689	
0.998554	-0.00441711	-0.0535708	-0.00441156	0.986521	-0.163573	0.0535712	0.163573	0.985076	0.830194	2.5365	30.7854	
0.998456	-0.00471614	-0.0553415	-0.00471002	0.98561	-0.16897	0.055342	0.168969	0.984066	0.886356	2.70798	31.8008	
0.998355	-0.00502491	-0.0571105	-0.00501818	0.984669	-0.17436	0.0571111	0.17436	0.983024	0.944344	2.88502	32.8151	
0.998251	-0.0053434	-0.0588779	-0.00533602	0.983699	-0.179745	0.0588786	0.179744	0.98195	1.00415	3.06762	33.8284	
0.998143	-0.00567161	-0.0606435	-0.00566354	0.982699	-0.185123	0.0606443	0.185123	0.980842	1.06579	3.25577	34.8405	
0.998033	-0.00600954	-0.0624073	-0.00600073	0.98167	-0.190495	0.0624082	0.190495	0.979702	1.12924	3.44946	35.8515	
0.997919	-0.00635716	-0.0641692	-0.00634758	0.980611	-0.195861	0.0641702	0.195861	0.97853	1.19451	3.64868	36.8612	
0.997802	-0.00671447	-0.0659292	-0.00670407	0.979523	-0.201221	0.0659302	0.20122	0.977325	1.2616	3.85344	37.8698	
0.997681	-0.00708145	-0.0676871	-0.0070702	0.978406	-0.206573	0.0676883	0.206573	0.976087	1.3305	4.06372	38.8771	
0.997558	-0.00745811	-0.069443	-0.00744595	0.977259	-0.211919	0.0694443	0.211918	0.974817	1.40121	4.27952	39.8831	
0.997431	-0.00784442	-0.0711967	-0.00783131	0.976083	-0.217257	0.0711982	0.217257	0.973514	1.47374	4.50083	40.8878	
0.997302	-0.00824038	-0.0729483	-0.00822626	0.974878	-0.222588	0.0729499	0.222588	0.97218	1.54807	4.72764	41.8911	
0.997169	-0.00864597	-0.0746976	-0.00863079	0.973644	-0.227912	0.0746994	0.227911	0.970812	1.62421	4.95994	42.893	
0.997033	-0.00906118	-0.0764446	-0.0090449	0.97238	-0.233227	0.0764465	0.233227	0.969413	1.70214	5.19773	43.8935	
0.996893	-0.00948599	-0.0781892	-0.00946856	0.971088	-0.238535	0.0781913	0.238535	0.967981	1.78188	5.441	44.8925	
0.996751	-0.0099204	-0.0799313	-0.00990176	0.969766	-0.243835	0.0799336	0.243834	0.966517	1.86342	5.68974	45.8901	
0.996605	-0.0103644	-0.081671	-0.0103445	0.968416	-0.249127	0.0816735	0.249126	0.965021	1.94676	5.94394	46.8861	
0.996457	-0.0108179	-0.0834081	-0.0107967	0.967036	-0.25441	0.0834108	0.254409	0.963493	2.03188	6.20359	47.8805	
0.996305	-0.011281	-0.0851426	-0.0112585	0.965628	-0.259684	0.0851455	0.259683	0.961933	2.1188	6.46868	48.8734	
0.99615	-0.0117537	-0.0868743	-0.0117297	0.964191	-0.26495	0.0868776	0.264948	0.960341	2.20751	6.73921	49.8646	
0.995992	-0.0122359	-0.0886034	-0.0122103	0.962725	-0.270206	0.0886069	0.270205	0.958717	2.298	7.01517	50.8542	
0.995831	-0.0127275	-0.0903296	-0.0127005	0.961231	-0.275453	0.0903334	0.275452	0.957061	2.39027	7.29654	51.8421	
0.995666	-0.0132287	-0.092053	-0.0132	0.959707	-0.280691	0.0920571	0.28069	0.955374	2.48432	7.58332	52.8282	
0.995499	-0.0137393	-0.0937734	-0.013709	0.958155	-0.28592	0.0937778	0.285918	0.953654	2.58015	7.8755	53.8126	
0.995328	-0.0142594	-0.0954908	-0.0142273	0.956575	-0.291138	0.0954956	0.291137	0.951903	2.67775	8.17306	54.7953	
0.995154	-0.0147889	-0.0972052	-0.0147551	0.954966	-0.296347	0.0972104	0.296346	0.950121	2.77712	8.476	55.7761	
0.994978	-0.0153279	-0.0989165	-0.0152922	0.953329	-0.301546	0.098922	0.301544	0.948307	2.87826	8.78431	56.755	
0.994798	-0.0158762	-0.100625	-0.0158386	0.951663	-0.306734	0.100631	0.306732	0.946461	2.98116	9.09797	57.7321	
0.994615	-0.016434	-0.102329	-0.0163943	0.949969	-0.311912	0.102336	0.31191	0.944584	3.08582	9.41698	58.7072	
0.994429	-0.0170011	-0.104031	-0.0169594	0.948247	-0.317079	0.104038	0.317077	0.942676	3.19224	9.74132	59.6804	
0.99424	-0.0175775	-0.105729	-0.0175337	0.946497	-0.322236	0.105737	0.322233	0.940737	3.30041	10.071	60.6516	
0.994047	-0.0181633	-0.107424	-0.0181173	0.944719	-0.327381	0.107432	0.327379	0.938766	3.41033	10.406	61.6207	
0.993852	-0.0187584	-0.109115	-0.0187101	0.942912	-0.332515	0.109124	0.332513	0.936764	3.522	10.7462	62.5879	
0.993654	-0.0193628	-0.110803	-0.0193121	0.941078	-0.337638	0.110812	0.337635	0.934732	3.63541	11.0918	63.5529	
0.993452	-0.0199764	-0.112488	-0.0199234	0.939215	-0.34275	0.112497	0.342747	0.932668	3.75056	11.4427	64.5159	
0.993248	-0.0205993	-0.114168	-0.0205438	0.937325	-0.347849	0.114178	0.347846	0.930573	3.86745	11.7988	65.4767	
0.993385	-0.0201766	-0.113043	-0.020904	0.936217	-0.350801	0.112911	0.350843	0.929602	3.98455	12.159	66.4359	
0.993521	-0.0197503	-0.111918	-0.0212603	0.935099	-0.353749	0.111641	0.353837	0.92862	4.10034	12.5224	67.3941	
0.993655	-0.0193203	-0.110795	-0.0216126	0.933971	-0.356694	0.110371	0.356826	0.927628	4.21482	12.8889	68.3513	
0.993788	-0.018887	-0.109674	-0.0219607	0.932834	-0.359636	0.1091	0.35981	0.926625	4.32799	13.2584	69.3074	
0.995819	-0.0116569	-0.0905991	-0.0204117	0.938349	-0.345087	0.0890362	0.345494	0.934188	4.43017	13.6221	70.267	
0.997438	-0.00472279	-0.0713754	-0.0191768	0.943637	-0.330426	0.068913	0.330948	0.941129	4.51162	13.971	71.2341	
0.998644	0.00191089	-0.0520157	-0.0182569	0.948697	-0.31566	0.0487439	0.316182	0.947446	4.5723	14.3047	72.208	
0.999437	0.00823969	-0.032533	-0.0176526	0.953524	-0.300801	0.0285425	0.301206	0.953132	4.61215	14.6231	73.1881	
0.999815	0.0142594	-0.0129403	-0.0173644	0.958115	-0.285858	0.00832212	0.286029	0.958185	4.63116	14.9259	74.1737	
0.999778	0.019966	0.00674955	-0.0173924	0.962467	-0.27084	-0.0119038	0.270663	0.962601	4.62931	15.213	75.1643	
0.999327	0.0253557	0.0265233	-0.0177366	0.966578	-0.255759	-0.0321218	0.255117	0.966377	4.60661	15.4841	76.159	
0.998461	0.030425	0.046368	-0.0183968	0.970444	-0.240624	-0.0523185	0.239401	0.96951	4.56307	15.7391	77.1573	
0.997182	0.0351704	0.0662703	-0.0193725	0.974063	-0.225445	-0.0724804	0.223525	0.971999	4.49871	15.9778	78.1585	
0.99549	0.0395888	0.0862169	-0.0206631	0.977433	-0.210231	-0.0925941	0.207502	0.973843	4.41358	16.2001	79.162	
0.993386	0.0436773	0.106195	-0.0222678	0.980552	-0.194995	-0.112646	0.19134	0.975038	4.30774	16.4058	80.167	
0.990871	0.0474332	0.12619	-0.0241853	0.983416	-0.179744	-0.132624	0.175051	0.975586	4.18126	16.5947	81.1729	
0.987948	0.0508539	0.146191	-0.0264146	0.986025	-0.16449	-0.152513	0.158646	0.975485	4.03422	16.7668	82.179	
0.984619	0.0539372	0.166182	-0.0289541	0.988377	-0.149243	-0.1723	0.142135	0.974736	3.86672	16.9219	83.1847	
0.980885	0.056681	0.186152	-0.0318021	0.990469	-0.134012	-0.191974	0.12553	0.973339	3.67887	17.06	84.1893	
0.976748	0.0590835	0.206086	-0.0349567	0.992302	-0.118808	-0.211519	0.108842	0.971295	3.47079	17.1808	85.1921	
0.972213	0.0611432	0.225972	-0.0384159	0.993873	-0.103642	-0.230924	0.0920809	0.968605	3.24263	17.2844	86.1925	
0.967281	0.0628586	0.245796	-0.0421772	0.995181	-0.0885221	-0.250176	0.0752588	0.965271	2.99454	17.3707	87.1898	
0.961957	0.0642286	0.265545	-0.0462383	0.996226	-0.0734597	-0.269261	0.0583867	0.961296	2.72667	17.4396	88.1833	
0.956242	0.0652522	0.285206	-0.0505965	0.997006	-0.0584644	-0.288167	0.0414757	0.956681	2.43921	17.4911	89.1724	
0.950143	0.0659289	0.304766	-0.0552487	0.997523	-0.0435463	-0.306882	0.0245372	0.951431	2.13236	17.5252	90.1563	
0.943661	0.0662582	0.324212	-0.060192	0.997774	-0.0287151	-0.325393	0.0075824	0.945549	1.8063	17.5417	91.1346	
0.936803	0.0662398	0.343531	-0.0654231	0.99776	-0.0139809	-0.343687	-0.00937747	0.939037	1.46127	17.5408	92.1064	
0.929571	0.0658737	0.362709	-0.0709384	0.99748	0.000646606	-0.361753	-0.0263311	0.931902	1.09748	17.5224	93.0712	
0.921972	0.0651603	0.381736	-0.0767343	0.996936	0.0151577	-0.379578	-0.0432672	0.924147	0.715187	17.4865	94.0284	
0.91401	0.0640999	0.400597	-0.082807	0.996128	0.0295428	-0.397152	-0.0601746	0.915778	0.314639	17.4332	94.9772	
0.90569	0.0626933	0.41928	-0.0891525	0.995055	0.0437922	-0.414461	-0.077042	0.9068	-0.103897	17.3624	95.9171	
0.897018	0.0609414	0.437773	-0.0957664	0.993719	0.0578965	-0.431495	-0.0938581	0.89722	-0.540144	17.2743	96.8474	
0.888	0.0588454	0.456063	-0.102644	0.99212	0.0718464	-0.448241	-0.110612	0.887043	-0.993811	17.1688	97.7675	
0.878642	0.0564067	0.474139	-0.109782	0.99026	0.0856325	-0.46469	-0.127292	0.876276	-1.4646	17.0462	98.6768	
