1	0	0	0	1	0	0	0	1	0	0	0	
0.999997	-5.89992e-06	-0.0024585	-5.89992e-06	0.999988	-0.00479956	0.0024585	0.00479956	0.999985	0.00119387	0.0023307	0.971207	
0.999988	-2.36018e-05	-0.00491718	-2.36015e-05	0.999954	-0.00959938	0.00491718	0.00959938	0.999942	0.00477556	0.00932294	1.94239	
0.999973	-5.31083e-05	-0.00737596	-5.31074e-05	0.999896	-0.0143993	0.00737596	0.0143993	0.999869	0.0107452	0.0209769	2.91351	
0.999952	-9.44217e-05	-0.00983476	-9.44196e-05	0.999816	-0.0191992	0.00983476	0.0191992	0.999767	0.0191028	0.0372925	3.88455	
0.999924	-0.000147544	-0.0122935	-0.00014754	0.999712	-0.0239989	0.0122935	0.0239989	0.999636	0.0298485	0.0582698	4.85547	
0.999891	-0.000212476	-0.0147521	-0.000212469	0.999585	-0.0287982	0.0147521	0.0287982	0.999476	0.042982	0.0839084	5.82626	
0.999852	-0.00028922	-0.0172105	-0.000289208	0.999435	-0.033597	0.0172105	0.033597	0.999287	0.0585033	0.114208	6.79687	
0.999806	-0.000377775	-0.0196686	-0.000377757	0.999263	-0.0383952	0.0196686	0.0383952	0.999069	0.0764121	0.149168	7.76729	
0.999755	-0.000478142	-0.0221264	-0.000478116	0.999067	-0.0431926	0.0221264	0.0431926	0.998822	0.096708	0.188788	8.73748	
0.999698	-0.00059032	-0.0245837	-0.000590284	0.998848	-0.047989	0.0245837	0.047989	0.998545	0.119391	0.233066	9.70741	
0.999634	-0.000714308	-0.0270405	-0.000714261	0.998606	-0.0527843	0.0270405	0.0527843	0.99824	0.14446	0.282002	10.6771	
0.999565	-0.000850106	-0.0294966	-0.000850044	0.998341	-0.0575784	0.0294966	0.0575784	0.997905	0.171915	0.335595	11.6464	
0.999489	-0.000997711	-0.0319522	-0.000997632	0.998053	-0.0623711	0.0319522	0.0623711	0.997541	0.201755	0.393843	12.6154	
0.999407	-0.00115712	-0.0344069	-0.00115702	0.997741	-0.0671622	0.0344069	0.0671622	0.997149	0.233979	0.456746	13.584	
0.99932	-0.00132833	-0.0368609	-0.00132821	0.997407	-0.0719516	0.0368609	0.0719516	0.996727	0.268587	0.5243	14.5523	
0.999226	-0.00151135	-0.0393139	-0.0015112	0.99705	-0.0767392	0.0393139	0.0767392	0.996276	0.305578	0.596506	15.5201	
0.999126	-0.00170615	-0.0417659	-0.00170598	0.99667	-0.0815247	0.0417659	0.0815247	0.995796	0.344951	0.67336	16.4875	
0.99902	-0.00191275	-0.0442169	-0.00191254	0.996267	-0.0863081	0.0442169	0.0863081	0.995287	0.386705	0.754861	17.4544	
0.998908	-0.00213114	-0.0466668	-0.00213089	0.99584	-0.0910893	0.0466668	0.0910892	0.994749	0.430839	0.841006	18.4207	
0.99879	-0.00236131	-0.0491154	-0.00236102	0.995391	-0.0958679	0.0491155	0.0958679	0.994182	0.477351	0.931794	19.3866	
0.998666	-0.00260326	-0.0515628	-0.00260292	0.994919	-0.100644	0.0515628	0.100644	0.993585	0.526242	1.02722	20.3518	
0.998536	-0.00285698	-0.0540088	-0.00285659	0.994424	-0.105417	0.0540088	0.105417	0.99296	0.577508	1.12729	21.3165	
0.9984	-0.00312246	-0.0564533	-0.00312202	0.993906	-0.110188	0.0564534	0.110188	0.992306	0.631149	1.23199	22.2806	
0.998258	-0.0033997	-0.0588964	-0.00339921	0.993365	-0.114955	0.0588964	0.114955	0.991623	0.687164	1.34132	23.244	
0.99811	-0.0036887	-0.0613378	-0.00368814	0.992801	-0.119719	0.0613378	0.119719	0.990911	0.74555	1.45528	24.2067	
0.997956	-0.00398944	-0.0637776	-0.00398881	0.992214	-0.12448	0.0637776	0.12448	0.99017	0.806307	1.57386	25.1688	
0.997796	-0.00430191	-0.0662156	-0.00430121	0.991604	-0.129237	0.0662156	0.129237	0.9894	0.869433	1.69707	26.13	
0.99763	-0.00462612	-0.0686518	-0.00462533	0.990972	-0.133991	0.0686518	0.133991	0.988602	0.934926	1.82489	27.0906	
0.997458	-0.00496204	-0.0710861	-0.00496116	0.990316	-0.138741	0.0710861	0.138741	0.987774	1.00278	1.95733	28.0503	
0.99728	-0.00530967	-0.0735184	-0.0053087	0.989638	-0.143487	0.0735185	0.143487	0.986918	1.073	2.09439	29.0092	
0.997096	-0.00566901	-0.0759487	-0.00566793	0.988937	-0.148229	0.0759488	0.148229	0.986033	1.14559	2.23604	29.9673	
0.996906	-0.00604003	-0.0783768	-0.00603885	0.988213	-0.152966	0.0783769	0.152966	0.985118	1.22053	2.38231	30.9245	
0.996709	-0.00642273	-0.0808027	-0.00642144	0.987466	-0.157699	0.0808028	0.157699	0.984176	1.29783	2.53317	31.8808	
0.996507	-0.0068171	-0.0832264	-0.00681569	0.986697	-0.162428	0.0832265	0.162428	0.983204	1.37748	2.68862	32.8362	
0.996299	-0.00722313	-0.0856477	-0.00722159	0.985905	-0.167152	0.0856478	0.167152	0.982204	1.45949	2.84867	33.7906	
0.996085	-0.0076408	-0.0880666	-0.00763913	0.98509	-0.171871	0.0880667	0.171871	0.981175	1.54384	3.0133	34.7441	
0.995865	-0.00807011	-0.0904829	-0.00806829	0.984252	-0.176585	0.0904831	0.176585	0.980118	1.63055	3.18252	35.6965	
0.995639	-0.00851103	-0.0928967	-0.00850907	0.983392	-0.181294	0.0928969	0.181294	0.979031	1.7196	3.3563	36.6479	
0.995407	-0.00896357	-0.0953078	-0.00896144	0.982509	-0.185998	0.095308	0.185998	0.977917	1.81099	3.53466	37.5982	
0.99517	-0.00942769	-0.0977162	-0.0094254	0.981604	-0.190696	0.0977164	0.190696	0.976773	1.90473	3.71759	38.5474	
0.994926	-0.0099034	-0.100122	-0.00990093	0.980676	-0.195389	0.100122	0.195389	0.975602	2.0008	3.90508	39.4955	
0.994676	-0.0103907	-0.102524	-0.010388	0.979725	-0.200076	0.102525	0.200076	0.974401	2.09921	4.09712	40.4424	
0.994421	-0.0108895	-0.104924	-0.0108866	0.978752	-0.204758	0.104924	0.204757	0.973173	2.19995	4.29371	41.3881	
0.994159	-0.0113998	-0.107321	-0.0113968	0.977757	-0.209433	0.107321	0.209433	0.971916	2.30301	4.49484	42.3327	
0.993892	-0.0119217	-0.109714	-0.0119185	0.976739	-0.214102	0.109715	0.214102	0.97063	2.40841	4.70051	43.276	
0.993618	-0.0124551	-0.112105	-0.0124516	0.975698	-0.218765	0.112105	0.218764	0.969317	2.51613	4.91071	44.2181	
0.993339	-0.013	-0.114492	-0.0129962	0.974635	-0.223421	0.114492	0.223421	0.967975	2.62616	5.12544	45.1588	
0.993054	-0.0135563	-0.116876	-0.0135523	0.97355	-0.228071	0.116876	0.22807	0.966604	2.73852	5.34469	46.0983	
0.992763	-0.0141241	-0.119256	-0.0141199	0.972443	-0.232714	0.119257	0.232713	0.965206	2.85318	5.56845	47.0364	
0.992466	-0.0147033	-0.121633	-0.0146988	0.971313	-0.23735	0.121634	0.23735	0.963779	2.97016	5.79672	47.9731	
0.992164	-0.0152939	-0.124006	-0.0152892	0.970161	-0.241979	0.124007	0.241979	0.962325	3.08945	6.02948	48.9084	
0.991855	-0.015896	-0.126376	-0.0158909	0.968987	-0.246601	0.126377	0.246601	0.960842	3.21104	6.26674	49.8423	
0.991541	-0.0165094	-0.128742	-0.0165041	0.96779	-0.251215	0.128743	0.251215	0.959331	3.33492	6.50848	50.7748	
0.99122	-0.0171341	-0.131105	-0.0171285	0.966572	-0.255823	0.131105	0.255822	0.957792	3.46111	6.7547	51.7058	
0.990894	-0.0177702	-0.133463	-0.0177643	0.965331	-0.260422	0.133464	0.260422	0.956226	3.58958	7.00539	52.6352	
0.990563	-0.0184177	-0.135817	-0.0184114	0.964069	-0.265014	0.135818	0.265014	0.954631	3.72035	7.26055	53.5631	
0.990225	-0.0190764	-0.138168	-0.0190698	0.962784	-0.269598	0.138169	0.269598	0.953009	3.8534	7.52016	54.4895	
0.989882	-0.0197464	-0.140514	-0.0197394	0.961477	-0.274174	0.140515	0.274174	0.951359	3.98873	7.78422	55.4143	
0.989533	-0.0204276	-0.142857	-0.0204203	0.960149	-0.278742	0.142858	0.278741	0.949682	4.12634	8.05272	56.3374	
0.989178	-0.0211201	-0.145195	-0.0211124	0.958799	-0.283301	0.145196	0.283301	0.947976	4.26622	8.32565	57.259	
0.988817	-0.0218238	-0.147528	-0.0218157	0.957426	-0.287852	0.14753	0.287852	0.946243	4.40837	8.60301	58.1788	
0.988451	-0.0225386	-0.149858	-0.0225302	0.956032	-0.292395	0.149859	0.292394	0.944483	4.55278	8.88478	59.097	
0.98798	-0.0234595	-0.152788	-0.0237885	0.953568	-0.300238	0.152737	0.300264	0.941548	4.69973	9.17258	60.0128	
0.987501	-0.0244053	-0.155711	-0.0250707	0.951038	-0.308056	0.155605	0.308109	0.938539	4.84946	9.46801	60.9258	
0.987013	-0.025376	-0.158626	-0.0263765	0.948443	-0.315847	0.158463	0.315929	0.935456	5.00198	9.77105	61.8358	
0.986515	-0.0263714	-0.161533	-0.027706	0.945784	-0.323613	0.161309	0.323724	0.932299	5.15726	10.0817	62.7428	
0.986008	-0.0273914	-0.16443	-0.029059	0.94306	-0.331351	0.164144	0.331493	0.929069	5.3153	10.3999	63.6467	
0.985493	-0.028436	-0.167319	-0.0304354	0.940272	-0.339061	0.166967	0.339235	0.925765	5.47609	10.7256	64.5475	
0.984968	-0.029505	-0.170198	-0.0318351	0.93742	-0.346743	0.169778	0.34695	0.922389	5.63962	11.0588	65.4449	
0.984435	-0.0305983	-0.173068	-0.0332581	0.934504	-0.354397	0.172576	0.354636	0.91894	5.80587	11.3995	66.3391	
0.983892	-0.0317158	-0.175927	-0.0347041	0.931524	-0.36202	0.175362	0.362294	0.915419	5.97483	11.7476	67.2299	
0.983341	-0.0328574	-0.178776	-0.0361731	0.928481	-0.369614	0.178134	0.369923	0.911825	6.14649	12.1032	68.1172	
0.982781	-0.0340228	-0.181614	-0.037665	0.925375	-0.377176	0.180893	0.377522	0.90816	6.32084	12.4662	69.001	
0.982213	-0.035212	-0.18444	-0.0391796	0.922207	-0.384708	0.183638	0.385091	0.904423	6.49786	12.8365	69.8812	
0.98139	-0.0369703	-0.188433	-0.0436037	0.912754	-0.406176	0.18701	0.406833	0.894156	6.67786	13.2211	70.7547	
0.980552	-0.0388247	-0.19238	-0.0481069	0.902786	-0.427392	0.190271	0.428335	0.883361	6.86108	13.6267	71.6179	
0.9797	-0.0407739	-0.196278	-0.0526867	0.892307	-0.448344	0.193421	0.449584	0.872045	7.04741	14.053	72.4704	
0.978835	-0.0428169	-0.200124	-0.0573402	0.881324	-0.469021	0.196456	0.470569	0.860215	7.23675	14.4999	73.3116	
0.977956	-0.0449525	-0.203916	-0.0620649	0.869843	-0.489409	0.199375	0.491276	0.847878	7.42897	14.967	74.1411	
0.977064	-0.0471794	-0.207653	-0.0668578	0.857872	-0.509496	0.202177	0.511693	0.835042	7.62398	15.454	74.9584	
0.97616	-0.0494962	-0.211331	-0.0717162	0.845417	-0.529271	0.20486	0.531809	0.821713	7.82165	15.9608	75.763	
0.975245	-0.0519017	-0.214949	-0.0766372	0.832485	-0.548722	0.207422	0.551611	0.807899	8.02186	16.4869	76.5543	
0.974319	-0.0543945	-0.218505	-0.0816179	0.819084	-0.567838	0.209861	0.571089	0.793609	8.22451	17.0321	77.3321	
0.973382	-0.0569729	-0.221997	-0.0866553	0.805223	-0.586606	0.212177	0.590229	0.778852	8.42946	17.5961	78.0957	
0.972434	-0.0596356	-0.225421	-0.0917466	0.790909	-0.605018	0.214368	0.609022	0.763635	8.63661	18.1785	78.8448	
0.971478	-0.0623809	-0.228777	-0.0968886	0.77615	-0.62306	0.216433	0.627455	0.747969	8.84582	18.779	79.5789	
0.970513	-0.0652073	-0.232063	-0.102078	0.760956	-0.640723	0.21837	0.645519	0.731861	9.05697	19.3972	80.2975	
0.969539	-0.0681131	-0.235276	-0.107313	0.745335	-0.657997	0.220178	0.663202	0.715322	9.26994	20.0327	81.0003	
0.968557	-0.0710965	-0.238415	-0.112589	0.729297	-0.674871	0.221856	0.680494	0.698361	9.48461	20.6853	81.6868	
0.967569	-0.0741557	-0.241478	-0.117904	0.71285	-0.691334	0.223404	0.697385	0.680988	9.70084	21.3544	82.3567	
0.966574	-0.0772891	-0.244462	-0.123254	0.696005	-0.707379	0.22482	0.713865	0.663214	9.91851	22.0397	83.0095	
0.965572	-0.0804948	-0.247367	-0.128636	0.678772	-0.722994	0.226103	0.729924	0.645049	10.1375	22.7409	83.6448	
0.964566	-0.0837707	-0.25019	-0.134047	0.661161	-0.738172	0.227253	0.745552	0.626504	10.3577	23.4574	84.2623	
0.963555	-0.0871152	-0.25293	-0.139484	0.643182	-0.752902	0.228269	0.760742	0.60759	10.5789	24.1889	84.8616	
0.962539	-0.090526	-0.255585	-0.144944	0.624846	-0.767176	0.229151	0.775482	0.588317	10.801	24.935	85.4424	
0.96152	-0.0940013	-0.258154	-0.150423	0.606163	-0.780986	0.229897	0.789766	0.568698	11.0239	25.6951	86.0043	
0.960497	-0.097539	-0.260635	-0.155919	0.587145	-0.794324	0.230508	0.803584	0.548743	11.2475	26.4689	86.5469	
0.959473	-0.101137	-0.263027	-0.161427	0.567802	-0.807182	0.230983	0.816928	0.528465	11.4716	27.2558	87.0701	
0.958446	-0.104793	-0.265328	-0.166945	0.548147	-0.819551	0.231322	0.829791	0.507875	11.6961	28.0555	87.5733	
