1	0	0	0	1	0	0	0	1	0	0	0	
0.999999	-4.78068e-07	-0.00118928	-4.78068e-07	1	-0.000803961	0.00118928	0.000803961	0.999999	0.000533374	0.000360564	0.896969	
0.999997	-1.91389e-06	-0.00237966	-1.91358e-06	0.999999	-0.00160841	0.00237966	0.00160841	0.999996	0.00213399	0.00144247	1.79394	
0.999994	-4.30972e-06	-0.0035711	-4.30848e-06	0.999997	-0.0024133	0.0035711	0.0024133	0.999991	0.00480282	0.00324615	2.6909	
0.999989	-7.66766e-06	-0.00476355	-7.66455e-06	0.999995	-0.00321862	0.00476355	0.00321862	0.999983	0.00854079	0.00577198	3.58786	
0.999982	-1.19897e-05	-0.00595697	-1.19835e-05	0.999992	-0.00402433	0.00595697	0.00402433	0.999974	0.0133488	0.00902034	4.48481	
0.999974	-1.72776e-05	-0.0071513	-1.72667e-05	0.999988	-0.0048304	0.0071513	0.0048304	0.999963	0.0192276	0.0129916	5.38175	
0.999965	-2.35331e-05	-0.00834651	-2.35157e-05	0.999984	-0.0056368	0.00834651	0.0056368	0.999949	0.0261782	0.0176859	6.27868	
0.999954	-3.07578e-05	-0.00954255	-3.07316e-05	0.999979	-0.00644349	0.00954255	0.00644349	0.999934	0.0342012	0.0231038	7.1756	
0.999942	-3.89529e-05	-0.0107394	-3.89155e-05	0.999974	-0.00725044	0.0107394	0.00725044	0.999916	0.0432973	0.0292453	8.0725	
0.999929	-4.81199e-05	-0.0119369	-4.80683e-05	0.999968	-0.00805763	0.0119369	0.00805763	0.999896	0.0534673	0.0361107	8.96939	
0.999914	-5.82597e-05	-0.0131351	-5.8191e-05	0.999961	-0.00886502	0.0131351	0.00886502	0.999874	0.0647117	0.0437003	9.86625	
0.999897	-6.93734e-05	-0.014334	-6.9284e-05	0.999953	-0.00967258	0.014334	0.00967258	0.99985	0.0770312	0.0520141	10.7631	
0.999879	-8.14618e-05	-0.0155335	-8.1348e-05	0.999945	-0.0104803	0.0155335	0.0104803	0.999824	0.0904263	0.0610524	11.6599	
0.99986	-9.45256e-05	-0.0167335	-9.43832e-05	0.999936	-0.0112881	0.0167335	0.0112881	0.999796	0.104898	0.0708151	12.5567	
0.999839	-0.000108565	-0.0179341	-0.00010839	0.999927	-0.012096	0.0179341	0.012096	0.999766	0.120446	0.0813025	13.4535	
0.999817	-0.000123581	-0.019135	-0.000123368	0.999917	-0.0129039	0.0191351	0.0129039	0.999734	0.13707	0.0925146	14.3502	
0.999793	-0.000139574	-0.0203364	-0.000139318	0.999906	-0.0137118	0.0203364	0.0137118	0.999699	0.154773	0.104451	15.247	
0.999768	-0.000156543	-0.0215382	-0.000156239	0.999895	-0.0145198	0.0215382	0.0145198	0.999663	0.173553	0.117113	16.1436	
0.999741	-0.000174489	-0.0227403	-0.000174131	0.999883	-0.0153276	0.0227403	0.0153276	0.999624	0.193411	0.130499	17.0403	
0.999713	-0.000193411	-0.0239426	-0.000192994	0.99987	-0.0161354	0.0239426	0.0161354	0.999583	0.214348	0.14461	17.9369	
0.999684	-0.00021331	-0.0251452	-0.000212827	0.999856	-0.0169431	0.0251452	0.0169431	0.99954	0.236363	0.159445	18.8335	
0.999653	-0.000234184	-0.026348	-0.000233628	0.999842	-0.0177507	0.026348	0.0177507	0.999495	0.259457	0.175004	19.73	
0.99962	-0.000256033	-0.0275509	-0.000255398	0.999828	-0.018558	0.0275509	0.018558	0.999448	0.28363	0.191288	20.6265	
0.999586	-0.000278857	-0.0287538	-0.000278134	0.999812	-0.0193652	0.0287539	0.0193652	0.999399	0.308882	0.208296	21.523	
0.999551	-0.000302654	-0.0299569	-0.000301837	0.999796	-0.0201721	0.0299569	0.0201721	0.999348	0.335212	0.226028	22.4194	
0.999514	-0.000327423	-0.0311599	-0.000326504	0.99978	-0.0209788	0.0311599	0.0209788	0.999294	0.362622	0.244484	23.3157	
0.999476	-0.000353163	-0.0323628	-0.000352134	0.999763	-0.0217851	0.0323628	0.0217851	0.999239	0.391111	0.263663	24.212	
0.999436	-0.000379874	-0.0335657	-0.000378725	0.999745	-0.0225912	0.0335657	0.0225912	0.999181	0.420679	0.283565	25.1083	
0.999395	-0.000407552	-0.0347684	-0.000406276	0.999726	-0.0233968	0.0347684	0.0233968	0.999121	0.451326	0.30419	26.0045	
0.999353	-0.000436198	-0.0359709	-0.000434784	0.999707	-0.0242021	0.0359709	0.0242021	0.99906	0.483052	0.325537	26.9007	
0.999309	-0.000465808	-0.0371732	-0.000464248	0.999687	-0.025007	0.0371732	0.025007	0.998996	0.515856	0.347607	27.7968	
0.999263	-0.000496381	-0.0383752	-0.000494666	0.999667	-0.0258114	0.0383752	0.0258114	0.99893	0.549738	0.370398	28.6928	
0.999216	-0.000527916	-0.0395769	-0.000526034	0.999646	-0.0266153	0.0395769	0.0266153	0.998862	0.584698	0.393911	29.5888	
0.999168	-0.000560409	-0.0407781	-0.000558351	0.999624	-0.0274187	0.0407782	0.0274187	0.998792	0.620736	0.418144	30.4847	
0.999118	-0.000593859	-0.041979	-0.000591614	0.999602	-0.0282216	0.041979	0.0282215	0.99872	0.657852	0.443098	31.3806	
0.999067	-0.000628263	-0.0431794	-0.00062582	0.999579	-0.0290239	0.0431794	0.0290238	0.998646	0.696044	0.468771	32.2764	
0.999015	-0.000663618	-0.0443793	-0.000660966	0.999555	-0.0298256	0.0443793	0.0298255	0.998569	0.735313	0.495164	33.1721	
0.998961	-0.000699922	-0.0455786	-0.000697049	0.999531	-0.0306266	0.0455786	0.0306265	0.998491	0.775658	0.522276	34.0677	
0.998905	-0.000737171	-0.0467773	-0.000734066	0.999506	-0.031427	0.0467773	0.0314269	0.998411	0.817078	0.550106	34.9633	
0.998848	-0.000775363	-0.0479753	-0.000772014	0.99948	-0.0322267	0.0479754	0.0322266	0.998329	0.859573	0.578654	35.8588	
0.99879	-0.000814495	-0.0491727	-0.000810888	0.999454	-0.0330256	0.0491727	0.0330255	0.998244	0.903143	0.607919	36.7542	
0.99873	-0.000854563	-0.0503693	-0.000850687	0.999427	-0.0338238	0.0503693	0.0338237	0.998158	0.947786	0.637899	37.6496	
0.998669	-0.000895564	-0.0515651	-0.000891405	0.9994	-0.0346212	0.0515652	0.0346211	0.998069	0.993502	0.668596	38.5449	
0.998607	-0.000937493	-0.05276	-0.000933039	0.999372	-0.0354178	0.0527601	0.0354177	0.997979	1.04029	0.700007	39.4401	
0.998543	-0.000980348	-0.0539541	-0.000975584	0.999344	-0.0362135	0.0539542	0.0362134	0.997887	1.08815	0.732133	40.3352	
0.998478	-0.00102412	-0.0551473	-0.00101904	0.999314	-0.0370083	0.0551474	0.0370082	0.997792	1.13708	0.764971	41.2302	
0.998411	-0.00106882	-0.0563394	-0.00106339	0.999285	-0.0378023	0.0563395	0.0378021	0.997696	1.18708	0.798523	42.1252	
0.998343	-0.00111443	-0.0575306	-0.00110865	0.999254	-0.0385953	0.0575307	0.0385951	0.997597	1.23815	0.832786	43.02	
0.998274	-0.00116094	-0.0587207	-0.0011548	0.999223	-0.0393873	0.0587208	0.0393871	0.997497	1.29029	0.86776	43.9148	
0.998203	-0.00120836	-0.0599096	-0.00120184	0.999192	-0.0401783	0.0599097	0.0401781	0.997395	1.34349	0.903443	44.8095	
0.998131	-0.00125668	-0.0610974	-0.00124977	0.99916	-0.0409683	0.0610975	0.0409681	0.997291	1.39776	0.939836	45.7041	
0.998058	-0.0013059	-0.062284	-0.00129857	0.999127	-0.0417572	0.0622841	0.041757	0.997185	1.4531	0.976937	46.5986	
0.997983	-0.00135601	-0.0634693	-0.00134825	0.999094	-0.0425451	0.0634695	0.0425448	0.997077	1.50949	1.01475	47.493	
0.997907	-0.001407	-0.0646534	-0.0013988	0.99906	-0.0433318	0.0646535	0.0433315	0.996967	1.56696	1.05326	48.3872	
0.997829	-0.00145887	-0.065836	-0.00145021	0.999025	-0.0441174	0.0658362	0.0441171	0.996855	1.62548	1.09248	49.2814	
0.997751	-0.00151162	-0.0670173	-0.00150248	0.99899	-0.0449018	0.0670175	0.0449015	0.996741	1.68506	1.1324	50.1755	
0.997671	-0.00156524	-0.0681972	-0.00155561	0.998955	-0.0456849	0.0681974	0.0456846	0.996625	1.7457	1.17303	51.0695	
0.997589	-0.00161972	-0.0693756	-0.00160958	0.998919	-0.0464669	0.0693758	0.0464665	0.996508	1.8074	1.21436	51.9634	
0.997507	-0.00167506	-0.0705524	-0.00166439	0.998882	-0.0472476	0.0705527	0.0472472	0.996388	1.87016	1.25639	52.8572	
0.997651	-0.00157647	-0.0684796	-0.00168419	0.998868	-0.0475314	0.068477	0.0475351	0.99652	1.93251	1.29889	53.751	
0.997792	-0.00147722	-0.066405	-0.0017034	0.998855	-0.0478151	0.0663996	0.0478227	0.996646	1.993	1.34166	54.6449	
0.997928	-0.0013773	-0.0643288	-0.001722	0.998841	-0.0480989	0.0643205	0.04811	0.996769	2.05163	1.38469	55.5389	
0.99806	-0.00127672	-0.062251	-0.00174001	0.998827	-0.0483825	0.0622397	0.048397	0.996887	2.10839	1.42797	56.4331	
0.998187	-0.00117548	-0.0601716	-0.00175741	0.998814	-0.0486661	0.0601574	0.0486836	0.997001	2.16328	1.47151	57.3273	
0.998311	-0.00107358	-0.0580909	-0.00177422	0.9988	-0.0489495	0.0580737	0.0489699	0.997111	2.21631	1.5153	58.2216	
0.99843	-0.000971034	-0.0560087	-0.00179042	0.998786	-0.0492327	0.0559885	0.0492557	0.997216	2.26746	1.55936	59.116	
0.998545	-0.000867832	-0.0539252	-0.00180601	0.998772	-0.0495158	0.053902	0.0495411	0.997317	2.31674	1.60366	60.0106	
0.998655	-0.000763982	-0.0518405	-0.001821	0.998758	-0.0497986	0.0518142	0.049826	0.997413	2.36416	1.64823	60.9052	
0.998761	-0.000659488	-0.0497546	-0.00183539	0.998743	-0.0500812	0.0497252	0.0501105	0.997505	2.4097	1.69305	61.7998	
0.998863	-0.000554354	-0.0476676	-0.00184916	0.998729	-0.0503635	0.047635	0.0503944	0.997593	2.45336	1.73812	62.6946	
0.998961	-0.000448583	-0.0455796	-0.00186233	0.998715	-0.0506455	0.0455438	0.0506777	0.997676	2.49515	1.78345	63.5895	
0.999054	-0.000342178	-0.0434906	-0.00187489	0.998701	-0.0509272	0.0434515	0.0509605	0.997755	2.53506	1.82904	64.4844	
0.999143	-0.000235144	-0.0414007	-0.00188685	0.998686	-0.0512085	0.0413583	0.0512427	0.997829	2.5731	1.87487	65.3794	
0.999227	-0.000127484	-0.0393099	-0.0018982	0.998672	-0.0514894	0.0392643	0.0515242	0.9979	2.60926	1.92096	66.2744	
0.999307	-1.92026e-05	-0.0372184	-0.00190894	0.998657	-0.0517699	0.0371694	0.0518051	0.997965	2.64354	1.9673	67.1695	
0.999383	8.96962e-05	-0.0351262	-0.00191907	0.998643	-0.0520499	0.0350739	0.0520852	0.998027	2.67594	2.0139	68.0647	
0.999454	0.000199208	-0.0330334	-0.00192861	0.998628	-0.0523295	0.0329776	0.0523646	0.998083	2.70646	2.06074	68.9599	
0.999521	0.000309329	-0.0309399	-0.00193753	0.998613	-0.0526086	0.0308808	0.0526433	0.998136	2.7351	2.10784	69.8552	
0.999584	0.000420054	-0.028846	-0.00194586	0.998599	-0.0528871	0.0287834	0.0529212	0.998184	2.76185	2.15518	70.7505	
0.999642	0.000531378	-0.0267517	-0.00195358	0.998584	-0.0531651	0.0266856	0.0531983	0.998227	2.78673	2.20277	71.6459	
0.999988	0.00167435	-0.00460584	-0.00190193	0.998754	-0.0498592	0.00451662	0.0498674	0.998746	2.80073	2.249	72.5416	
0.999842	0.00274316	0.017546	-0.00192368	0.998914	-0.0465525	-0.0176546	0.0465114	0.998762	2.79483	2.29223	73.4374	
0.999205	0.00373728	0.0396925	-0.00201882	0.999062	-0.0432466	-0.0398169	0.0431321	0.998276	2.76906	2.33243	74.3331	
0.998076	0.00465621	0.0618228	-0.0021873	0.9992	-0.0399431	-0.0619593	0.039731	0.997288	2.72341	2.36959	75.2281	
0.996457	0.00549948	0.0839255	-0.00242904	0.999325	-0.0366437	-0.0840704	0.03631	0.995798	2.65791	2.4037	76.122	
0.994347	0.00626668	0.10599	-0.00274392	0.99944	-0.0333501	-0.106139	0.0328707	0.993808	2.57261	2.43473	77.0144	
0.991749	0.00695741	0.128004	-0.00313177	0.999543	-0.0300638	-0.128155	0.0294149	0.991318	2.46752	2.46266	77.9047	
0.988663	0.00757133	0.149958	-0.00359241	0.999635	-0.0267867	-0.150106	0.0259443	0.988329	2.34272	2.48749	78.7926	
0.985092	0.00810812	0.17184	-0.0041256	0.999715	-0.0235203	-0.171982	0.0224607	0.984844	2.19827	2.5092	79.6776	
0.981035	0.00856753	0.193639	-0.00473108	0.999783	-0.0202662	-0.193771	0.0189657	0.980864	2.03422	2.52778	80.5592	
0.976497	0.00894932	0.215344	-0.00540853	0.99984	-0.0170261	-0.215462	0.0154613	0.97639	1.85068	2.54322	81.437	
0.971479	0.00925329	0.236945	-0.00615762	0.999886	-0.0138017	-0.237046	0.011949	0.971425	1.64773	2.55552	82.3106	
0.965983	0.00947929	0.25843	-0.00697797	0.99992	-0.0105944	-0.25851	0.00843074	0.965972	1.42547	2.56466	83.1796	
0.960013	0.00962722	0.279789	-0.00786917	0.999942	-0.0074061	-0.279844	0.00490824	0.960033	1.18402	2.57064	84.0434	
0.953571	0.00969699	0.301011	-0.00883078	0.999952	-0.00423821	-0.301037	0.00138328	0.953611	0.92349	2.57346	84.9017	
0.946661	0.00968857	0.322085	-0.0098623	0.999951	-0.00109238	-0.32208	-0.00214238	0.94671	0.64402	2.57312	85.754	
0.939286	0.00960197	0.343001	-0.0109632	0.999938	0.00202982	-0.34296	-0.00566697	0.939333	0.345748	2.56962	86.5999	
0.93145	0.00943722	0.363747	-0.012133	0.999913	0.0051268	-0.363667	-0.0091887	0.931484	0.0288227	2.56295	87.4389	
0.923156	0.00919442	0.384315	-0.013371	0.999877	0.00819703	-0.384192	-0.0127058	0.923166	-0.306595	2.55313	88.2708	
