1	0	0	0	1	0	0	0	1	0	0	0	
1	8.88935e-07	-0.000822258	8.88935e-07	0.999998	0.00216218	0.000822258	-0.00216218	0.999997	0.000304817	-0.000801535	0.741413	
0.999999	3.56489e-06	-0.00164655	3.56556e-06	0.999991	0.00433052	0.00164655	-0.00433052	0.999989	0.00122002	-0.00320843	1.48282	
0.999997	8.04163e-06	-0.00247284	8.04435e-06	0.999979	0.00650498	0.00247284	-0.00650498	0.999976	0.00274711	-0.00722523	2.22422	
0.999995	1.43328e-05	-0.00330112	1.43396e-05	0.999962	0.00868548	0.00330112	-0.00868548	0.999957	0.00488756	-0.0128564	2.96561	
0.999991	2.24519e-05	-0.00413136	2.24656e-05	0.999941	0.010872	0.00413136	-0.010872	0.999932	0.00764283	-0.0201065	3.70699	
0.999988	3.24123e-05	-0.00496353	3.24363e-05	0.999915	0.0130644	0.00496353	-0.0130644	0.999902	0.0110144	-0.0289799	4.44834	
0.999983	4.42272e-05	-0.00579761	4.42657e-05	0.999884	0.0152627	0.00579761	-0.0152627	0.999867	0.0150036	-0.039481	5.18967	
0.999978	5.79096e-05	-0.00663358	5.79676e-05	0.999847	0.0174668	0.00663358	-0.0174668	0.999825	0.0196119	-0.051614	5.93097	
0.999972	7.34725e-05	-0.0074714	7.35555e-05	0.999806	0.0196766	0.0074714	-0.0196766	0.999778	0.0248408	-0.0653833	6.67224	
0.999965	9.09287e-05	-0.00831106	9.10431e-05	0.99976	0.0218921	0.00831106	-0.0218921	0.999726	0.0306914	-0.0807931	7.41347	
0.999958	0.000110291	-0.00915253	0.000110444	0.999709	0.0241133	0.00915253	-0.0241133	0.999667	0.0371653	-0.0978477	8.15466	
0.99995	0.000131571	-0.00999579	0.00013177	0.999653	0.02634	0.00999579	-0.02634	0.999603	0.0442637	-0.116551	8.8958	
0.999941	0.000154782	-0.0108408	0.000155036	0.999592	0.0285722	0.0108408	-0.0285722	0.999533	0.051988	-0.136907	9.6369	
0.999932	0.000179936	-0.0116876	0.000180255	0.999525	0.0308099	0.0116876	-0.0308099	0.999457	0.0603394	-0.158921	10.3779	
0.999921	0.000207044	-0.012536	0.000207438	0.999454	0.0330529	0.012536	-0.0330529	0.999375	0.0693193	-0.182595	11.1189	
0.99991	0.00023612	-0.0133862	0.000236599	0.999377	0.0353013	0.0133862	-0.0353013	0.999287	0.0789289	-0.207935	11.8598	
0.999899	0.000267174	-0.014238	0.00026775	0.999295	0.0375549	0.014238	-0.0375549	0.999193	0.0891693	-0.234943	12.6007	
0.999886	0.000300217	-0.0150915	0.000300903	0.999207	0.0398138	0.0150915	-0.0398138	0.999093	0.100042	-0.263624	13.3415	
0.999873	0.000335263	-0.0159465	0.000336071	0.999114	0.0420777	0.0159465	-0.0420777	0.998987	0.111548	-0.293982	14.0822	
0.999859	0.000372321	-0.0168032	0.000373266	0.999016	0.0443468	0.0168032	-0.0443468	0.998875	0.123689	-0.32602	14.8228	
0.999844	0.000411402	-0.0176614	0.0004125	0.998913	0.0466208	0.0176614	-0.0466208	0.998757	0.136465	-0.359742	15.5633	
0.999828	0.000452519	-0.0185212	0.000453784	0.998804	0.0488998	0.0185212	-0.0488998	0.998632	0.149878	-0.395153	16.3038	
0.999812	0.00049568	-0.0193825	0.00049713	0.998689	0.0511837	0.0193824	-0.0511837	0.998501	0.163929	-0.432254	17.0441	
0.999795	0.000540898	-0.0202453	0.000542549	0.998569	0.0534724	0.0202452	-0.0534724	0.998364	0.178619	-0.471051	17.7844	
0.999777	0.000588183	-0.0211095	0.000590054	0.998444	0.0557659	0.0211094	-0.0557659	0.998221	0.19395	-0.511546	18.5245	
0.999758	0.000637545	-0.0219752	0.000639654	0.998313	0.0580641	0.0219751	-0.0580641	0.998071	0.209922	-0.553744	19.2646	
0.999739	0.000688993	-0.0228423	0.000691361	0.998176	0.0603669	0.0228422	-0.0603669	0.997915	0.226536	-0.597647	20.0045	
0.999719	0.000742539	-0.0237107	0.000745186	0.998034	0.0626743	0.0237107	-0.0626744	0.997752	0.243793	-0.64326	20.7443	
0.999698	0.000798191	-0.0245806	0.000801139	0.997886	0.0649863	0.0245805	-0.0649863	0.997583	0.261695	-0.690584	21.484	
0.999676	0.00085596	-0.0254518	0.000859231	0.997732	0.0673026	0.0254517	-0.0673027	0.997408	0.280242	-0.739625	22.2235	
0.999653	0.000915856	-0.0263243	0.000919473	0.997573	0.0696234	0.0263242	-0.0696235	0.997226	0.299436	-0.790384	22.963	
0.99963	0.000977886	-0.0271981	0.000981874	0.997408	0.0719485	0.0271979	-0.0719486	0.997037	0.319277	-0.842866	23.7023	
0.999605	0.00104206	-0.0280732	0.00104644	0.997237	0.0742779	0.028073	-0.0742779	0.996842	0.339766	-0.897073	24.4414	
0.99958	0.00110839	-0.0289495	0.00111319	0.99706	0.0766114	0.0289493	-0.0766115	0.996641	0.360905	-0.953009	25.1804	
0.999554	0.00117688	-0.029827	0.00118213	0.996878	0.0789492	0.0298268	-0.0789492	0.996432	0.382694	-1.01068	25.9192	
0.999528	0.00124755	-0.0307057	0.00125327	0.99669	0.0812909	0.0307055	-0.081291	0.996217	0.405133	-1.07008	26.6579	
0.9995	0.00132039	-0.0315856	0.00132662	0.996495	0.0836367	0.0315853	-0.0836368	0.995996	0.428225	-1.13122	27.3965	
0.999472	0.00139542	-0.0324666	0.00140218	0.996295	0.0859865	0.0324663	-0.0859866	0.995767	0.451969	-1.1941	28.1348	
0.999443	0.00147265	-0.0333488	0.00147997	0.996089	0.0883402	0.0333485	-0.0883403	0.995532	0.476368	-1.25872	28.873	
0.999413	0.00155208	-0.034232	0.00156	0.995877	0.0906976	0.0342317	-0.0906978	0.99529	0.50142	-1.32509	29.611	
0.999382	0.00163372	-0.0351163	0.00164227	0.995659	0.0930589	0.0351159	-0.093059	0.995041	0.527128	-1.39321	30.3489	
0.99935	0.00171759	-0.0360017	0.00172679	0.995435	0.0954238	0.0360013	-0.095424	0.994785	0.553491	-1.46309	31.0865	
0.999318	0.00180368	-0.0368881	0.00181358	0.995205	0.0977924	0.0368876	-0.0977925	0.994523	0.580512	-1.53471	31.824	
0.999284	0.001892	-0.0377755	0.00190263	0.994969	0.100165	0.0377749	-0.100165	0.994254	0.60819	-1.6081	32.5612	
0.99925	0.00198257	-0.0386638	0.00199397	0.994727	0.10254	0.0386632	-0.10254	0.993977	0.636526	-1.68324	33.2983	
0.999215	0.00207539	-0.0395531	0.00208759	0.994479	0.104919	0.0395524	-0.10492	0.993694	0.665521	-1.76015	34.0351	
0.999179	0.00217047	-0.0404433	0.0021835	0.994224	0.107302	0.0404426	-0.107302	0.993404	0.695176	-1.83882	34.7717	
0.999143	0.0022678	-0.0413344	0.00228171	0.993963	0.109688	0.0413336	-0.109688	0.993106	0.725491	-1.91926	35.5081	
0.999105	0.00236741	-0.0422264	0.00238223	0.993697	0.112077	0.0422256	-0.112077	0.992802	0.756467	-2.00147	36.2443	
0.999067	0.00246929	-0.0431192	0.00248507	0.993424	0.114469	0.0431183	-0.114469	0.992491	0.788104	-2.08545	36.9803	
0.999028	0.00257346	-0.0440129	0.00259023	0.993145	0.116864	0.0440119	-0.116865	0.992172	0.820404	-2.17121	37.716	
0.998976	0.00271075	-0.0451532	0.00281902	0.992532	0.121955	0.0451466	-0.121957	0.991508	0.853456	-2.25974	38.4514	
0.998924	0.00285426	-0.0462957	0.00305381	0.991892	0.127045	0.046283	-0.12705	0.990816	0.887349	-2.35205	39.1863	
0.99887	0.00300402	-0.0474402	0.00329459	0.991226	0.132135	0.0474209	-0.132142	0.990096	0.922086	-2.44814	39.9206	
0.998814	0.00316004	-0.0485867	0.00354139	0.990534	0.137225	0.0485604	-0.137234	0.989348	0.957667	-2.548	40.6544	
0.998757	0.00332234	-0.0497351	0.00379422	0.989814	0.142314	0.0497013	-0.142326	0.988571	0.994094	-2.65163	41.3876	
0.998698	0.00349095	-0.0508851	0.00405308	0.989068	0.147402	0.0508434	-0.147417	0.987767	1.03137	-2.75904	42.1203	
0.998638	0.00366587	-0.0520368	0.00431799	0.988296	0.15249	0.0519868	-0.152507	0.986934	1.06949	-2.87022	42.8523	
0.998577	0.00384712	-0.05319	0.00458895	0.987496	0.157575	0.0531312	-0.157595	0.986073	1.10845	-2.98518	43.5837	
0.998514	0.00403472	-0.0543447	0.00486597	0.98667	0.16266	0.0542765	-0.162682	0.985184	1.14827	-3.10391	44.3145	
0.99845	0.00422868	-0.0555006	0.00514907	0.985817	0.167742	0.0554228	-0.167768	0.984267	1.18894	-3.22641	45.0446	
0.998384	0.004429	-0.0566578	0.00543824	0.984938	0.172823	0.0565698	-0.172851	0.983322	1.23045	-3.35268	45.774	
0.998316	0.00463569	-0.057816	0.00573349	0.984032	0.177901	0.0577175	-0.177933	0.982349	1.27282	-3.48272	46.5027	
0.998248	0.00484877	-0.0589753	0.00603482	0.983099	0.182976	0.0588657	-0.183012	0.981347	1.31604	-3.61653	47.2306	
0.998177	0.00506824	-0.0601354	0.00634225	0.982139	0.188049	0.0600144	-0.188088	0.980317	1.36011	-3.7541	47.9578	
0.998106	0.00529411	-0.0612963	0.00665576	0.981153	0.193119	0.0611635	-0.193161	0.979259	1.40503	-3.89543	48.6843	
0.998032	0.00552638	-0.0624579	0.00697538	0.98014	0.198186	0.0623127	-0.198231	0.978172	1.4508	-4.04052	49.4099	
0.997958	0.00576505	-0.0636201	0.00730108	0.9791	0.203249	0.0634622	-0.203298	0.977058	1.49743	-4.18937	50.1347	
0.997881	0.00601012	-0.0647828	0.00763289	0.978033	0.208309	0.0646117	-0.208362	0.975915	1.54491	-4.34198	50.8587	
0.997804	0.0062616	-0.0659458	0.00797079	0.97694	0.213364	0.0657611	-0.213421	0.974744	1.59324	-4.49833	51.5818	
0.997724	0.00651948	-0.0671091	0.00831478	0.97582	0.218416	0.0669104	-0.218477	0.973546	1.64242	-4.65844	52.3041	
0.997644	0.00678376	-0.0682726	0.00866487	0.974674	0.223463	0.0680594	-0.223528	0.972318	1.69246	-4.8223	53.0254	
0.997561	0.00705444	-0.0694361	0.00902105	0.973501	0.228506	0.0692081	-0.228575	0.971063	1.74334	-4.98989	53.7458	
0.997478	0.00733152	-0.0705996	0.00938332	0.972301	0.233544	0.0703563	-0.233617	0.96978	1.79508	-5.16123	54.4653	
0.997393	0.00761498	-0.071763	0.00975167	0.971075	0.238576	0.071504	-0.238654	0.968469	1.84767	-5.33631	55.1838	
0.997306	0.00790481	-0.0729261	0.0101261	0.969822	0.243604	0.0726509	-0.243686	0.967129	1.90111	-5.51512	55.9014	
0.997218	0.00820102	-0.0740888	0.0105066	0.968543	0.248626	0.0737971	-0.248713	0.965762	1.9554	-5.69765	56.6179	
0.997128	0.00850359	-0.0752511	0.0108932	0.967237	0.253642	0.0749425	-0.253734	0.964367	2.01054	-5.88391	57.3334	
0.997037	0.0088125	-0.0764128	0.0112858	0.965904	0.258653	0.0760869	-0.258749	0.962943	2.06652	-6.07389	58.0479	
0.996945	0.00912775	-0.0775739	0.0116845	0.964546	0.263657	0.0772302	-0.263758	0.961492	2.12336	-6.26759	58.7613	
0.996851	0.00944932	-0.0787343	0.0120892	0.963161	0.268655	0.0783724	-0.26876	0.960013	2.18104	-6.465	59.4736	
0.996755	0.0097772	-0.0798938	0.0124999	0.961749	0.273646	0.0795133	-0.273757	0.958507	2.23957	-6.66611	60.1848	
0.996659	0.0101114	-0.0810523	0.0129167	0.960312	0.27863	0.0806528	-0.278746	0.956972	2.29895	-6.87093	60.8949	
0.99656	0.0104518	-0.0822098	0.0133395	0.958848	0.283607	0.0817909	-0.283728	0.95541	2.35917	-7.07945	61.6039	
0.99646	0.0107985	-0.0833661	0.0137683	0.957358	0.288577	0.0829274	-0.288704	0.95382	2.42023	-7.29165	62.3116	
0.996359	0.0111514	-0.0845212	0.014203	0.955841	0.29354	0.0840622	-0.293671	0.952203	2.48213	-7.50754	63.0182	
0.996257	0.0115106	-0.0856749	0.0146438	0.954299	0.298494	0.0851953	-0.298631	0.950558	2.54488	-7.72711	63.7236	
0.996153	0.0118759	-0.0868272	0.0150904	0.952731	0.303441	0.0863266	-0.303584	0.948886	2.60846	-7.95036	64.4277	
0.996047	0.0122474	-0.0879779	0.0155431	0.951136	0.308379	0.0874559	-0.308528	0.947186	2.67289	-8.17727	65.1306	
0.99594	0.012625	-0.089127	0.0160016	0.949516	0.31331	0.0885831	-0.313464	0.945459	2.73814	-8.40785	65.8322	
0.995832	0.0130088	-0.0902744	0.0164661	0.94787	0.318231	0.0897082	-0.318391	0.943705	2.80424	-8.64208	66.5325	
0.995722	0.0133986	-0.0914199	0.0169365	0.946198	0.323144	0.090831	-0.32331	0.941924	2.87117	-8.87997	67.2316	
0.995611	0.0137945	-0.0925634	0.0174127	0.944501	0.328047	0.0919515	-0.328219	0.940115	2.93892	-9.12149	67.9293	
0.995499	0.0141964	-0.093705	0.0178948	0.942778	0.332942	0.0930695	-0.33312	0.93828	3.00751	-9.36666	68.6256	
0.995385	0.0146043	-0.0948444	0.0183827	0.941029	0.337826	0.0941851	-0.338011	0.936418	3.07693	-9.61545	69.3206	
0.99527	0.0150182	-0.0959816	0.0188765	0.939255	0.342702	0.0952979	-0.342892	0.934528	3.14717	-9.86787	70.0141	
0.995153	0.015438	-0.0971165	0.019376	0.937455	0.347567	0.0964081	-0.347764	0.932612	3.21824	-10.1239	70.7063	
0.994961	0.0161421	-0.0989527	0.0211675	0.930887	0.364693	0.0980007	-0.36495	0.925855	3.29031	-10.3881	71.3953	
0.994766	0.0168801	-0.100775	0.022988	0.924004	0.381691	0.0995597	-0.38201	0.91878	3.36355	-10.665	72.0791	
