1	0	0	0	1	0	0	0	1	0	0	0	
1	-3.24918e-07	-0.000152794	-3.24918e-07	0.999991	-0.00425301	0.000152794	0.00425301	0.999991	7.20369e-05	0.00200515	0.942926	
1	-1.2942e-06	-0.000304685	-1.29858e-06	0.999964	-0.00850954	0.000304685	0.00850954	0.999964	0.000287722	0.00802225	1.88584	
1	-2.90067e-06	-0.000455667	-2.91818e-06	0.999918	-0.0127694	0.000455667	0.0127694	0.999918	0.000646202	0.0180545	2.82871	
1	-5.13705e-06	-0.000605733	-5.18087e-06	0.999855	-0.0170325	0.000605732	0.0170325	0.999855	0.00114662	0.0321051	3.77153	
1	-7.99599e-06	-0.000754875	-8.0837e-06	0.999773	-0.0212987	0.000754874	0.0212987	0.999773	0.00178809	0.050177	4.71429	
1	-1.14701e-05	-0.000903088	-1.16237e-05	0.999673	-0.0255678	0.000903086	0.0255678	0.999673	0.00256977	0.0722729	5.65696	
0.999999	-1.55517e-05	-0.00105036	-1.57977e-05	0.999555	-0.0298396	0.00105036	0.0298396	0.999554	0.00349075	0.0983956	6.59953	
0.999999	-2.02334e-05	-0.0011967	-2.06026e-05	0.999418	-0.0341141	0.00119669	0.0341141	0.999417	0.00455016	0.128548	7.54197	
0.999999	-2.55074e-05	-0.00134208	-2.60352e-05	0.999263	-0.038391	0.00134207	0.038391	0.999262	0.00574709	0.162731	8.48428	
0.999999	-3.1366e-05	-0.00148651	-3.20922e-05	0.999089	-0.0426702	0.00148649	0.0426702	0.999088	0.00708066	0.200949	9.42643	
0.999999	-3.78014e-05	-0.00162998	-3.87703e-05	0.998897	-0.0469515	0.00162995	0.0469515	0.998896	0.00854996	0.243202	10.3684	
0.999998	-4.48056e-05	-0.00177247	-4.60659e-05	0.998687	-0.0512349	0.00177244	0.0512349	0.998685	0.0101541	0.289494	11.3102	
0.999998	-5.23706e-05	-0.001914	-5.39758e-05	0.998458	-0.0555201	0.00191396	0.0555201	0.998456	0.0118921	0.339825	12.2518	
0.999998	-6.04885e-05	-0.00205454	-6.24961e-05	0.99821	-0.059807	0.00205448	0.059807	0.998208	0.0137631	0.394198	13.1931	
0.999998	-6.91511e-05	-0.0021941	-7.16235e-05	0.997944	-0.0640955	0.00219402	0.0640955	0.997941	0.0157661	0.452614	14.1343	
0.999997	-7.83501e-05	-0.00233267	-8.13541e-05	0.997659	-0.0683853	0.00233257	0.0683853	0.997656	0.0179002	0.515074	15.0751	
0.999997	-8.80775e-05	-0.00247024	-9.16843e-05	0.997356	-0.0726764	0.00247011	0.0726764	0.997353	0.0201645	0.581579	16.0157	
0.999997	-9.83248e-05	-0.00260681	-0.00010261	0.997034	-0.0769686	0.00260665	0.0769686	0.99703	0.022558	0.652132	16.956	
0.999996	-0.000109084	-0.00274238	-0.000114128	0.996693	-0.0812618	0.00274217	0.0812618	0.996689	0.0250798	0.726732	17.8959	
0.999996	-0.000120346	-0.00287693	-0.000126234	0.996333	-0.0855557	0.00287668	0.0855557	0.996329	0.0277289	0.805381	18.8356	
0.999995	-0.000132102	-0.00301046	-0.000138923	0.995955	-0.0898502	0.00301015	0.0898502	0.995951	0.0305044	0.888079	19.7749	
0.999995	-0.000144345	-0.00314297	-0.000152193	0.995558	-0.0941453	0.0031426	0.0941453	0.995554	0.0334052	0.974826	20.7138	
0.999995	-0.000157065	-0.00327445	-0.000166038	0.995143	-0.0984407	0.00327401	0.0984407	0.995138	0.0364304	1.06562	21.6523	
0.999994	-0.000170254	-0.0034049	-0.000180455	0.994709	-0.102736	0.00340438	0.102736	0.994703	0.039579	1.16047	22.5905	
0.999994	-0.000183903	-0.00353432	-0.00019544	0.994256	-0.107032	0.0035337	0.107032	0.994249	0.0428501	1.25937	23.5282	
0.999993	-0.000198003	-0.00366269	-0.000210987	0.993784	-0.111327	0.00366197	0.111327	0.993777	0.0462426	1.36232	24.4655	
0.999993	-0.000212545	-0.00379002	-0.000227094	0.993293	-0.115623	0.00378918	0.115623	0.993286	0.0497555	1.46932	25.4023	
0.999992	-0.000227522	-0.0039163	-0.000243754	0.992784	-0.119917	0.00391532	0.119917	0.992776	0.0533879	1.58037	26.3387	
0.999992	-0.000242922	-0.00404152	-0.000260965	0.992256	-0.124212	0.0040404	0.124212	0.992248	0.0571388	1.69547	27.2745	
0.999991	-0.000258739	-0.00416569	-0.000278721	0.991709	-0.128505	0.0041644	0.128505	0.9917	0.0610071	1.81461	28.2099	
0.999991	-0.000274962	-0.00428879	-0.000297019	0.991143	-0.132798	0.00428732	0.132798	0.991134	0.0649917	1.93781	29.1447	
0.99999	-0.000291582	-0.00441083	-0.000315852	0.990559	-0.137089	0.00440916	0.13709	0.990549	0.0690918	2.06505	30.079	
0.99999	-0.000308591	-0.0045318	-0.000335218	0.989955	-0.14138	0.00452991	0.14138	0.989945	0.0733063	2.19634	31.0128	
0.999989	-0.000325979	-0.0046517	-0.00035511	0.989333	-0.145669	0.00464956	0.145669	0.989322	0.0776341	2.33167	31.9459	
0.999989	-0.000343738	-0.00477051	-0.000375525	0.988692	-0.149957	0.00476812	0.149957	0.988681	0.0820742	2.47105	32.8785	
0.999988	-0.000361857	-0.00488825	-0.000396457	0.988033	-0.154243	0.00488557	0.154243	0.988021	0.0866256	2.61447	33.8104	
0.999987	-0.000380328	-0.00500491	-0.000417902	0.987355	-0.158527	0.00500191	0.158527	0.987342	0.0912872	2.76193	34.7418	
0.999987	-0.000399141	-0.00512048	-0.000439854	0.986657	-0.16281	0.00511714	0.16281	0.986644	0.096058	2.91343	35.6724	
0.999986	-0.000418287	-0.00523496	-0.00046231	0.985942	-0.16709	0.00523126	0.16709	0.985928	0.100937	3.06897	36.6024	
0.999986	-0.000437757	-0.00534835	-0.000485263	0.985207	-0.171368	0.00534425	0.171368	0.985193	0.105923	3.22854	37.5317	
0.999985	-0.000457541	-0.00546064	-0.00050871	0.984454	-0.175644	0.00545611	0.175644	0.984439	0.111015	3.39214	38.4604	
0.999984	-0.00047763	-0.00557184	-0.000532644	0.983682	-0.179917	0.00556685	0.179918	0.983666	0.116212	3.55978	39.3882	
0.999984	-0.000498014	-0.00568193	-0.00055706	0.982891	-0.184188	0.00567645	0.184188	0.982875	0.121513	3.73144	40.3154	
0.999983	-0.000518684	-0.00579093	-0.000581954	0.982081	-0.188456	0.00578491	0.188456	0.982065	0.126916	3.90713	41.2418	
0.999982	-0.00053963	-0.00589881	-0.000607321	0.981253	-0.192721	0.00589223	0.192721	0.981236	0.132422	4.08684	42.1674	
0.999982	-0.000560844	-0.00600559	-0.000633155	0.980407	-0.196983	0.0059984	0.196983	0.980389	0.138028	4.27057	43.0923	
0.999981	-0.000582314	-0.00611126	-0.00065945	0.979541	-0.201241	0.00610342	0.201242	0.979523	0.143733	4.45832	44.0163	
0.99998	-0.000604033	-0.00621582	-0.000686203	0.978658	-0.205497	0.00620729	0.205497	0.978638	0.149537	4.65009	44.9395	
0.99998	-0.000625989	-0.00631927	-0.000713406	0.977755	-0.209748	0.00631	0.209749	0.977735	0.155439	4.84586	45.8619	
0.999979	-0.000648175	-0.0064216	-0.000741055	0.976834	-0.213996	0.00641154	0.213997	0.976813	0.161437	5.04564	46.7834	
0.999979	-0.000670579	-0.00652281	-0.000769145	0.975895	-0.218241	0.00651192	0.218241	0.975873	0.16753	5.24943	47.704	
0.999978	-0.000693192	-0.00662291	-0.000797669	0.974937	-0.222481	0.00661114	0.222481	0.974915	0.173717	5.45721	48.6237	
0.999977	-0.000716005	-0.00672188	-0.000826623	0.97396	-0.226717	0.00670918	0.226717	0.973937	0.179997	5.66899	49.5425	
0.999976	-0.000739009	-0.00681973	-0.000856001	0.972965	-0.230949	0.00680604	0.230949	0.972942	0.186369	5.88477	50.4604	
0.999976	-0.000762192	-0.00691647	-0.000885797	0.971952	-0.235176	0.00690172	0.235177	0.971928	0.192831	6.10453	51.3774	
0.999975	-0.000785546	-0.00701207	-0.000916006	0.970921	-0.239399	0.00699623	0.2394	0.970896	0.199384	6.32828	52.2933	
0.999974	-0.000809062	-0.00710656	-0.000946623	0.969871	-0.243618	0.00708955	0.243618	0.969845	0.206025	6.556	53.2083	
0.999974	-0.000832729	-0.00719992	-0.00097764	0.968803	-0.247831	0.00718167	0.247832	0.968776	0.212753	6.7877	54.1223	
0.999973	-0.000856537	-0.00729215	-0.00100905	0.967716	-0.25204	0.00727261	0.25204	0.967689	0.219568	7.02338	55.0353	
0.999972	-0.000880477	-0.00738325	-0.00104086	0.966612	-0.256243	0.00736235	0.256244	0.966584	0.226468	7.26302	55.9472	
0.999972	-0.00090454	-0.00747323	-0.00107305	0.965489	-0.260441	0.0074509	0.260442	0.965461	0.233452	7.50661	56.8581	
0.999989	-0.000177126	-0.00478952	-0.00108762	0.96486	-0.262763	0.00466776	0.262765	0.964849	0.239165	7.75329	57.7682	
0.999998	0.00055771	-0.00210402	-0.0010955	0.964224	-0.265086	0.0018809	0.265087	0.964223	0.242253	8.00215	58.6777	
0.999999	0.0012999	0.00058296	-0.00109668	0.963582	-0.267411	-0.000909338	0.26741	0.963582	0.242711	8.25321	59.5866	
0.999993	0.00204939	0.00327108	-0.00109111	0.962934	-0.269737	-0.00370263	0.269731	0.962929	0.240536	8.50645	60.4949	
0.999978	0.0028061	0.00596001	-0.00107878	0.962279	-0.272064	-0.00649863	0.272051	0.962261	0.235727	8.76188	61.4025	
0.999956	0.00356997	0.00864942	-0.00105967	0.961618	-0.274391	-0.009297	0.27437	0.961579	0.22828	9.0195	62.3096	
0.999926	0.00434091	0.011339	-0.00103377	0.960951	-0.276718	-0.0120974	0.276686	0.960884	0.218193	9.2793	63.2159	
0.999888	0.00511886	0.0140284	-0.00100106	0.960277	-0.279046	-0.0148996	0.279	0.960175	0.205465	9.54129	64.1216	
0.999843	0.00590372	0.0167174	-0.000961549	0.959598	-0.281372	-0.0177031	0.281312	0.959453	0.190094	9.80546	65.0267	
0.999789	0.00669542	0.0194055	-0.000915223	0.958913	-0.283698	-0.0205077	0.28362	0.958717	0.172079	10.0718	65.931	
0.999728	0.00749387	0.0220925	-0.000862087	0.958223	-0.286022	-0.023313	0.285925	0.957968	0.151419	10.3403	66.8347	
0.999659	0.00829898	0.0247781	-0.000802144	0.957526	-0.288344	-0.0261187	0.288226	0.957206	0.128114	10.611	67.7376	
0.999581	0.00911066	0.0274619	-0.000735404	0.956825	-0.290665	-0.0289244	0.290523	0.956431	0.102163	10.8839	68.6398	
0.999496	0.00992882	0.0301437	-0.00066188	0.956118	-0.292982	-0.0317299	0.292815	0.955643	0.0735662	11.1589	69.5413	
0.999403	0.0107533	0.0328231	-0.000581587	0.955405	-0.295297	-0.0345348	0.295102	0.954841	0.0423247	11.4361	70.442	
0.998531	0.0164318	0.0516298	-0.00115816	0.959159	-0.282865	-0.0541692	0.28239	0.957769	0.000502032	11.7084	71.3438	
0.997273	0.0218588	0.0704888	-0.00198978	0.962746	-0.270399	-0.0737734	0.269521	0.960164	-0.0598212	11.9686	72.2481	
0.99563	0.0270312	0.0893897	-0.00307599	0.966165	-0.257905	-0.0933367	0.256503	0.962026	-0.138611	12.2166	73.1544	
0.993602	0.0319461	0.108322	-0.00441618	0.969414	-0.24539	-0.112848	0.243342	0.963354	-0.235825	12.4523	74.0622	
0.991192	0.0366009	0.127275	-0.00600961	0.972491	-0.232861	-0.132297	0.230045	0.964146	-0.351407	12.6755	74.971	
0.9884	0.040993	0.146238	-0.00785539	0.975395	-0.220326	-0.151672	0.216621	0.964402	-0.485295	12.8861	75.8802	
0.985227	0.0451199	0.165202	-0.0099525	0.978123	-0.20779	-0.170963	0.203077	0.964122	-0.637413	13.0839	76.7895	
0.981676	0.0489793	0.184154	-0.0122998	0.980674	-0.195262	-0.190159	0.189419	0.963307	-0.807677	13.269	77.6983	
0.977749	0.0525691	0.203085	-0.0148959	0.983047	-0.182748	-0.209249	0.175657	0.961956	-0.995992	13.4411	78.606	
0.973447	0.0558873	0.221984	-0.0177395	0.98524	-0.170255	-0.228223	0.161796	0.960071	-1.20225	13.6002	79.5122	
0.968774	0.058932	0.240841	-0.0208288	0.987253	-0.15779	-0.24707	0.147846	0.957652	-1.42635	13.7462	80.4164	
0.963731	0.0617016	0.259646	-0.0241623	0.989084	-0.14536	-0.26578	0.133814	0.954701	-1.66815	13.879	81.318	
0.958321	0.0641944	0.278387	-0.0277381	0.990732	-0.132971	-0.284342	0.119707	0.95122	-1.92753	13.9986	82.2167	
0.952549	0.0664092	0.297054	-0.0315542	0.992196	-0.120632	-0.302747	0.105534	0.94721	-2.20433	14.1047	83.1117	
0.946415	0.0683447	0.315637	-0.0356084	0.993475	-0.108348	-0.320982	0.0913025	0.942674	-2.49841	14.1976	84.0028	
0.939925	0.0699999	0.334126	-0.0398985	0.994569	-0.0961258	-0.33904	0.07702	0.937614	-2.8096	14.2769	84.8893	
0.933082	0.0713737	0.35251	-0.0444221	0.995477	-0.0839732	-0.356909	0.0626946	0.932033	-3.13773	14.3428	85.7708	
0.925889	0.0724654	0.370779	-0.0491768	0.996199	-0.0718965	-0.37458	0.0483345	0.925934	-3.48262	14.3951	86.6468	
0.918351	0.0732745	0.388924	-0.0541598	0.996734	-0.0599024	-0.392043	0.0339475	0.91932	-3.84407	14.4339	87.5169	
0.910472	0.0738005	0.406933	-0.0593684	0.997082	-0.0479977	-0.409288	0.0195416	0.912196	-4.22189	14.4592	88.3804	
0.902255	0.074043	0.424797	-0.0647997	0.997242	-0.0361888	-0.426305	0.00512483	0.904565	-4.61586	14.4708	89.237	
0.893707	0.074002	0.442507	-0.0704507	0.997215	-0.0244825	-0.443086	-0.00929476	0.896431	-5.02577	14.4688	90.0861	
0.88483	0.0736775	0.460051	-0.0763182	0.997	-0.012885	-0.45962	-0.0237092	0.887799	-5.45138	14.4533	90.9274	
