1	0	0	0	1	0	0	0	1	0	0	0	
0.999992	5.1245e-06	-0.00399493	5.1245e-06	0.999997	0.00256549	0.00399493	-0.00256549	0.999989	0.00215182	-0.00138187	1.07727	
0.999968	2.05229e-05	-0.0079953	2.05162e-05	0.999987	0.00513279	0.0079953	-0.00513279	0.999955	0.0086102	-0.00552845	2.15451	
0.999928	4.623e-05	-0.0120009	4.6203e-05	0.99997	0.00770177	0.0120009	-0.00770177	0.999898	0.0193809	-0.0124416	3.23171	
0.999872	8.22793e-05	-0.0160116	8.22118e-05	0.999947	0.0102723	0.0160116	-0.0102723	0.999819	0.0344695	-0.0221231	4.30883	
0.999799	0.000128703	-0.0200272	0.000128568	0.999918	0.0128443	0.0200272	-0.0128443	0.999717	0.0538813	-0.0345746	5.38586	
0.999711	0.000185533	-0.0240474	0.000185296	0.999881	0.0154176	0.0240474	-0.0154176	0.999592	0.0776216	-0.0497975	6.46276	
0.999606	0.000252798	-0.0280722	0.000252419	0.999838	0.0179921	0.0280722	-0.0179921	0.999444	0.105695	-0.0677932	7.53951	
0.999485	0.000330527	-0.0321012	0.000329958	0.999788	0.0205676	0.0321012	-0.0205676	0.999273	0.138107	-0.0885629	8.6161	
0.999347	0.000418748	-0.0361344	0.000417934	0.999732	0.0231441	0.0361344	-0.0231441	0.999079	0.174861	-0.112108	9.69248	
0.999193	0.000517487	-0.0401715	0.000516366	0.999669	0.0257214	0.0401715	-0.0257213	0.998862	0.215962	-0.138428	10.7687	
0.999022	0.000626768	-0.0442123	0.000625273	0.999599	0.0282993	0.0442123	-0.0282993	0.998621	0.261414	-0.167526	11.8446	
0.998835	0.000746617	-0.0482567	0.000744671	0.999523	0.0308779	0.0482567	-0.0308778	0.998358	0.311222	-0.199401	12.9202	
0.998631	0.000877054	-0.0523044	0.000874576	0.99944	0.0334569	0.0523044	-0.0334568	0.998071	0.365388	-0.234054	13.9956	
0.99841	0.0010181	-0.0563553	0.001015	0.99935	0.0360362	0.0563554	-0.0360361	0.99776	0.423916	-0.271485	15.0706	
0.998173	0.00116978	-0.0604092	0.00116596	0.999253	0.0386157	0.0604093	-0.0386156	0.997426	0.48681	-0.311696	16.1453	
0.997919	0.00133211	-0.0644658	0.00132747	0.99915	0.0411952	0.0644659	-0.0411951	0.997069	0.554072	-0.354685	17.2196	
0.997648	0.00150511	-0.0685251	0.00149953	0.99904	0.0437748	0.0685252	-0.0437746	0.996689	0.625706	-0.400452	18.2935	
0.997361	0.00168879	-0.0725868	0.00168216	0.998924	0.0463541	0.0725869	-0.0463539	0.996284	0.701714	-0.448999	19.367	
0.997056	0.00188317	-0.0766506	0.00187537	0.9988	0.0489332	0.0766508	-0.0489329	0.995857	0.782099	-0.500324	20.44	
0.996735	0.00208826	-0.0807165	0.00207916	0.99867	0.0515118	0.0807168	-0.0515115	0.995405	0.866864	-0.554427	21.5126	
0.996397	0.00230408	-0.0847842	0.00229353	0.998533	0.0540899	0.0847845	-0.0540895	0.99493	0.956009	-0.611308	22.5847	
0.996041	0.00253064	-0.0888536	0.0025185	0.99839	0.0566674	0.088854	-0.0566668	0.994431	1.04954	-0.670965	23.6562	
0.995669	0.00276795	-0.0929244	0.00275407	0.99824	0.059244	0.0929249	-0.0592434	0.993909	1.14745	-0.733399	24.7272	
0.99528	0.00301602	-0.0969965	0.00300023	0.998083	0.0618198	0.096997	-0.061819	0.993363	1.24975	-0.798607	25.7976	
0.994874	0.00327485	-0.10107	0.00325699	0.997919	0.0643945	0.10107	-0.0643936	0.992793	1.35644	-0.86659	26.8674	
0.994451	0.00354446	-0.105144	0.00352436	0.997749	0.0669681	0.105144	-0.0669671	0.9922	1.46751	-0.937346	27.9366	
0.99401	0.00382485	-0.109218	0.00380232	0.997572	0.0695405	0.109219	-0.0695392	0.991582	1.58297	-1.01087	29.0052	
0.993553	0.00411602	-0.113294	0.00409087	0.997388	0.0721114	0.113295	-0.07211	0.990941	1.70283	-1.08717	30.073	
0.993079	0.00441798	-0.117369	0.00439003	0.997198	0.0746809	0.11737	-0.0746792	0.990276	1.82707	-1.16624	31.1402	
0.992587	0.00473073	-0.121445	0.00469976	0.997001	0.0772487	0.121446	-0.0772468	0.989588	1.95571	-1.24807	32.2066	
0.992078	0.00505427	-0.125521	0.00502009	0.996797	0.0798148	0.125522	-0.0798126	0.988875	2.08874	-1.33267	33.2723	
0.991552	0.0053886	-0.129596	0.00535098	0.996587	0.082379	0.129597	-0.0823766	0.988139	2.22615	-1.42003	34.3372	
0.991009	0.00573372	-0.133671	0.00569244	0.99637	0.0849413	0.133673	-0.0849385	0.987379	2.36796	-1.51015	35.4013	
0.990449	0.00608963	-0.137745	0.00604447	0.996146	0.0875015	0.137747	-0.0874983	0.986595	2.51416	-1.60303	36.4645	
0.989872	0.00645633	-0.141819	0.00640703	0.995916	0.0900594	0.141821	-0.0900559	0.985787	2.66474	-1.69867	37.5269	
0.989277	0.0068338	-0.145891	0.00678014	0.995679	0.092615	0.145894	-0.0926111	0.984956	2.81972	-1.79706	38.5885	
0.988665	0.00722205	-0.149962	0.00716376	0.995435	0.0951682	0.149965	-0.0951638	0.984101	2.97908	-1.8982	39.6491	
0.988036	0.00762106	-0.154032	0.0075579	0.995185	0.0977189	0.154035	-0.0977139	0.983222	3.14282	-2.0021	40.7087	
0.98739	0.00803083	-0.1581	0.00796253	0.994929	0.100267	0.158104	-0.100261	0.982319	3.31095	-2.10873	41.7674	
0.986727	0.00845135	-0.162167	0.00837764	0.994666	0.102812	0.162171	-0.102806	0.981393	3.48346	-2.21811	42.8252	
0.986047	0.00888261	-0.166232	0.0088032	0.994396	0.105354	0.166236	-0.105348	0.980443	3.66036	-2.33023	43.8819	
0.985349	0.00932459	-0.170294	0.00923921	0.99412	0.107893	0.170299	-0.107886	0.979469	3.84163	-2.44509	44.9376	
0.984634	0.00977729	-0.174354	0.00968564	0.993837	0.11043	0.174359	-0.110421	0.978471	4.02727	-2.56268	45.9922	
0.983903	0.0102407	-0.178412	0.0101425	0.993547	0.112962	0.178417	-0.112954	0.97745	4.21729	-2.68299	47.0457	
0.983154	0.0107148	-0.182467	0.0106097	0.993252	0.115492	0.182473	-0.115482	0.976405	4.41168	-2.80604	48.0981	
0.982388	0.0111995	-0.186519	0.0110873	0.99295	0.118018	0.186525	-0.118007	0.975337	4.61044	-2.9318	49.1494	
0.981604	0.0116949	-0.190568	0.0115752	0.992641	0.12054	0.190575	-0.120529	0.974245	4.81356	-3.06029	50.1995	
0.980804	0.012201	-0.194613	0.0120734	0.992326	0.123059	0.194621	-0.123046	0.97313	5.02104	-3.19149	51.2485	
0.979987	0.0127176	-0.198656	0.0125819	0.992004	0.125574	0.198664	-0.12556	0.971991	5.23288	-3.3254	52.2962	
0.979152	0.0132449	-0.202694	0.0131006	0.991677	0.128085	0.202704	-0.12807	0.970829	5.44907	-3.46201	53.3427	
0.978301	0.0137827	-0.206729	0.0136296	0.991343	0.130592	0.20674	-0.130576	0.969644	5.66961	-3.60133	54.3879	
0.977433	0.014331	-0.21076	0.0141688	0.991002	0.133095	0.210771	-0.133077	0.968435	5.8945	-3.74334	55.4318	
0.976547	0.0148899	-0.214787	0.0147181	0.990655	0.135593	0.214799	-0.135575	0.967203	6.12372	-3.88805	56.4744	
0.975645	0.0154593	-0.218809	0.0152776	0.990302	0.138088	0.218822	-0.138067	0.965947	6.35729	-4.03544	57.5157	
0.974726	0.0160391	-0.222827	0.0158472	0.989943	0.140577	0.222841	-0.140556	0.964669	6.59519	-4.18552	58.5556	
0.97379	0.0166294	-0.22684	0.0164268	0.989577	0.143063	0.226855	-0.143039	0.963367	6.83741	-4.33827	59.5941	
0.972837	0.0172301	-0.230849	0.0170165	0.989206	0.145543	0.230865	-0.145518	0.962043	7.08395	-4.4937	60.6312	
0.971867	0.0178412	-0.234852	0.0176162	0.988828	0.148019	0.234869	-0.147992	0.960695	7.33482	-4.65179	61.6668	
0.970881	0.0184627	-0.23885	0.0182258	0.988444	0.15049	0.238868	-0.150461	0.959325	7.58999	-4.81255	62.701	
0.969878	0.0190945	-0.242842	0.0188453	0.988053	0.152955	0.242862	-0.152924	0.957931	7.84947	-4.97597	63.7337	
0.968858	0.0197365	-0.246829	0.0194748	0.987657	0.155416	0.24685	-0.155383	0.956515	8.11324	-5.14203	64.7649	
0.967822	0.0203888	-0.25081	0.0201141	0.987255	0.157871	0.250832	-0.157836	0.955076	8.38131	-5.31074	65.7946	
0.966768	0.0210514	-0.254785	0.0207632	0.986846	0.160322	0.254809	-0.160284	0.953615	8.65367	-5.4821	66.8227	
0.965699	0.0217241	-0.258754	0.021422	0.986432	0.162766	0.25878	-0.162726	0.952131	8.93031	-5.65608	67.8492	
0.964613	0.0224069	-0.262717	0.0220906	0.986012	0.165206	0.262744	-0.165163	0.950624	9.21122	-5.8327	68.8741	
0.96351	0.0230999	-0.266673	0.0227688	0.985585	0.167639	0.266702	-0.167594	0.949096	9.4964	-6.01193	69.8973	
0.966892	0.0210746	-0.254313	0.0166164	0.989269	0.145155	0.254643	-0.144575	0.956167	9.77723	-6.18009	70.9237	
0.970117	0.0193488	-0.241865	0.0107508	0.992409	0.122513	0.242399	-0.121452	0.962545	10.045	-6.32339	71.9572	
0.973182	0.0179235	-0.229338	0.00517631	0.995001	0.0997276	0.22998	-0.0982402	0.968224	10.2994	-6.44173	72.9972	
0.976084	0.0167998	-0.216743	-0.000103124	0.997045	0.0768169	0.217393	-0.0749574	0.973202	10.5404	-6.53502	74.043	
0.978822	0.0159786	-0.204088	-0.00508364	0.998539	0.053797	0.204649	-0.0516202	0.977473	10.7678	-6.60321	75.0938	
0.981394	0.0154605	-0.191382	-0.00976162	0.999481	0.0306847	0.191757	-0.0282456	0.981036	10.9813	-6.64623	76.1488	
0.983797	0.0152458	-0.178634	-0.0141337	0.999872	0.00749666	0.178725	-0.00485043	0.983887	11.1809	-6.66406	77.2072	
0.986031	0.0153347	-0.165854	-0.0181966	0.99971	-0.0157502	0.165564	0.0185482	0.986025	11.3663	-6.65668	78.2684	
0.988093	0.015727	-0.153051	-0.0219475	0.998997	-0.0390391	0.152283	0.0419334	0.987447	11.5375	-6.6241	79.3314	
0.989982	0.0164226	-0.140234	-0.0253837	0.997731	-0.0623531	0.138892	0.0652882	0.988153	11.6944	-6.56634	80.3956	
0.991697	0.017421	-0.127412	-0.0285026	0.995915	-0.0856754	0.125399	0.0885956	0.988143	11.8367	-6.48345	81.4602	
0.993236	0.0187213	-0.114596	-0.031302	0.99355	-0.108989	0.111816	0.111839	0.987415	11.9645	-6.37548	82.5243	
0.994598	0.0203227	-0.101793	-0.0337798	0.990637	-0.132277	0.0981516	0.135001	0.985972	12.0776	-6.24252	83.5873	
0.995782	0.0222241	-0.0890137	-0.0359343	0.987179	-0.155522	0.0844161	0.158065	0.983814	12.176	-6.08465	84.6484	
0.996788	0.0244239	-0.0762671	-0.0377638	0.983177	-0.178708	0.0706193	0.181014	0.980942	12.2595	-5.902	85.7068	
0.997615	0.0269206	-0.0635623	-0.0392672	0.978636	-0.201818	0.0567713	0.203833	0.977358	12.3281	-5.69469	86.7616	
0.998261	0.0297125	-0.0509086	-0.0404432	0.973557	-0.224835	0.0428821	0.226503	0.973066	12.3818	-5.46289	87.8123	
0.998727	0.0327974	-0.0383153	-0.041291	0.967946	-0.247742	0.0289618	0.249009	0.968068	12.4205	-5.20674	88.8579	
0.999013	0.0361732	-0.0257913	-0.04181	0.961805	-0.270523	0.0150205	0.271335	0.962368	12.4442	-4.92645	89.8978	
0.999117	0.0398375	-0.0133458	-0.0419999	0.95514	-0.293162	0.00106828	0.293463	0.95597	12.4528	-4.62221	90.9311	
0.99904	0.0437874	-0.000987813	-0.0418605	0.947955	-0.315641	-0.0128847	0.315379	0.948878	12.4465	-4.29425	91.9572	
0.998783	0.0480202	0.0112737	-0.0413918	0.940256	-0.337944	-0.0268283	0.337066	0.941099	12.4251	-3.94279	92.9753	
0.998344	0.0525329	0.0234298	-0.0405943	0.932047	-0.360056	-0.0407525	0.358509	0.932636	12.3887	-3.56811	93.9846	
0.997725	0.0573221	0.0354717	-0.0394685	0.923336	-0.38196	-0.0546471	0.379692	0.923498	12.3373	-3.17046	94.9844	
0.996926	0.0623843	0.0473908	-0.0380152	0.914127	-0.403641	-0.068502	0.400599	0.913689	12.271	-2.75015	95.9741	
0.995948	0.0677159	0.0591782	-0.0362355	0.904429	-0.425082	-0.0823073	0.421215	0.903218	12.1897	-2.30746	96.9528	
0.994791	0.0733131	0.0708255	-0.0341307	0.894248	-0.446269	-0.0960529	0.441527	0.892092	12.0936	-1.84273	97.9199	
0.993456	0.0791717	0.0823243	-0.0317022	0.883591	-0.467185	-0.109729	0.461518	0.880319	11.9828	-1.35629	98.8746	
0.991944	0.0852876	0.0936662	-0.028952	0.872466	-0.487816	-0.123325	0.481174	0.867907	11.8573	-0.848487	99.8163	
0.990256	0.0916562	0.104843	-0.0258819	0.860882	-0.508146	-0.136832	0.500481	0.854866	11.7171	-0.3197	100.744	
0.988394	0.098273	0.115846	-0.0224941	0.848846	-0.528161	-0.15024	0.519425	0.841205	11.5625	0.229692	101.658	
0.986358	0.105133	0.126669	-0.0187912	0.836367	-0.547847	-0.163538	0.537993	0.826933	11.3935	0.79929	102.557	
0.984151	0.112232	0.137302	-0.0147759	0.823455	-0.567189	-0.176719	0.55617	0.812062	11.2102	1.38868	103.439	
