1	0	0	0	1	0	0	0	1	0	0	0	
0.999996	-5.15356e-06	-0.00294765	-5.15356e-06	0.999994	-0.0034967	0.00294765	0.0034967	0.99999	0.00139493	0.00165475	0.946461	
0.999983	-2.06356e-05	-0.00589882	-2.06285e-05	0.999976	-0.00699517	0.00589882	0.00699517	0.999958	0.00558137	0.00661986	1.8929	
0.999961	-4.64758e-05	-0.0088534	-4.64476e-05	0.999945	-0.0104953	0.0088534	0.0104953	0.999906	0.0125626	0.0148969	2.8393	
0.99993	-8.27032e-05	-0.0118113	-8.26326e-05	0.999902	-0.0139969	0.0118113	0.0139969	0.999832	0.0223418	0.0264875	3.78565	
0.999891	-0.000129346	-0.0147724	-0.000129205	0.999847	-0.0175	0.0147724	0.0175	0.999738	0.0349221	0.0413929	4.73191	
0.999843	-0.000186432	-0.0177366	-0.000186184	0.999779	-0.0210043	0.0177366	0.0210043	0.999622	0.0503064	0.0596144	5.67807	
0.999786	-0.000253987	-0.0207038	-0.00025359	0.9997	-0.0245098	0.0207038	0.0245098	0.999485	0.0684977	0.0811532	6.62412	
0.99972	-0.000332037	-0.0236739	-0.000331442	0.999607	-0.0280163	0.0236739	0.0280163	0.999327	0.0894987	0.10601	7.57002	
0.999645	-0.000420608	-0.0266468	-0.000419757	0.999503	-0.0315238	0.0266468	0.0315237	0.999148	0.113312	0.134187	8.51577	
0.999561	-0.000519724	-0.0296224	-0.000518554	0.999386	-0.035032	0.0296224	0.0350319	0.998947	0.139941	0.165683	9.46133	
0.999468	-0.000629409	-0.0326006	-0.000627847	0.999257	-0.0385408	0.0326006	0.0385408	0.998725	0.169387	0.2005	10.4067	
0.999367	-0.000749686	-0.0355813	-0.000747653	0.999115	-0.0420502	0.0355813	0.0420502	0.998482	0.201653	0.238638	11.3518	
0.999256	-0.000880576	-0.0385644	-0.000877988	0.998961	-0.0455601	0.0385644	0.04556	0.998217	0.236741	0.280098	12.2967	
0.999136	-0.0010221	-0.0415497	-0.00101886	0.998795	-0.0490702	0.0415498	0.0490701	0.997931	0.274654	0.324881	13.2414	
0.999007	-0.00117428	-0.0445373	-0.0011703	0.998616	-0.0525804	0.0445374	0.0525804	0.997623	0.315393	0.372985	14.1857	
0.998869	-0.00133714	-0.0475269	-0.0013323	0.998425	-0.0560908	0.0475271	0.0560907	0.997294	0.358961	0.424412	15.1298	
0.998722	-0.00151069	-0.0505185	-0.00150488	0.998221	-0.059601	0.0505187	0.0596009	0.996943	0.405359	0.479161	16.0735	
0.998566	-0.00169496	-0.053512	-0.00168805	0.998005	-0.0631111	0.0535122	0.0631109	0.996571	0.45459	0.537232	17.0169	
0.9984	-0.00188995	-0.0565073	-0.00188182	0.997777	-0.0666208	0.0565075	0.0666206	0.996177	0.506655	0.598625	17.96	
0.998226	-0.0020957	-0.0595042	-0.0020862	0.997536	-0.0701301	0.0595045	0.0701298	0.995762	0.561556	0.66334	18.9026	
0.998042	-0.00231221	-0.0625027	-0.00230121	0.997282	-0.0736388	0.0625031	0.0736385	0.995324	0.619294	0.731376	19.8449	
0.997849	-0.00253949	-0.0655026	-0.00252684	0.997017	-0.0771469	0.0655031	0.0771465	0.994866	0.679871	0.802732	20.7867	
0.997647	-0.00277758	-0.0685039	-0.00276311	0.996738	-0.0806541	0.0685045	0.0806536	0.994385	0.743288	0.877409	21.7281	
0.997436	-0.00302647	-0.0715065	-0.00301002	0.996448	-0.0841604	0.0715072	0.0841598	0.993883	0.809546	0.955404	22.669	
0.997215	-0.00328618	-0.0745102	-0.00326758	0.996145	-0.0876657	0.074511	0.087665	0.993359	0.878646	1.03672	23.6094	
0.996985	-0.00355672	-0.0775149	-0.00353579	0.995829	-0.0911698	0.0775159	0.0911689	0.992814	0.950591	1.12135	24.5494	
0.996746	-0.00383812	-0.0805206	-0.00381466	0.995501	-0.0946726	0.0805217	0.0946716	0.992247	1.02538	1.20929	25.4887	
0.996497	-0.00413036	-0.0835271	-0.00410419	0.995161	-0.0981739	0.0835284	0.0981728	0.991658	1.10301	1.30055	26.4276	
0.996239	-0.00443348	-0.0865344	-0.00440439	0.994808	-0.101674	0.0865359	0.101673	0.991047	1.18349	1.39513	27.3659	
0.995972	-0.00474747	-0.0895423	-0.00471525	0.994443	-0.105172	0.089544	0.105171	0.990415	1.26682	1.49301	28.3036	
0.995695	-0.00507235	-0.0925507	-0.00503678	0.994065	-0.108668	0.0925527	0.108667	0.98976	1.35299	1.59421	29.2407	
0.995409	-0.00540812	-0.0955596	-0.00536898	0.993675	-0.112163	0.0955618	0.112161	0.989084	1.44202	1.69871	30.1771	
0.995114	-0.00575479	-0.0985688	-0.00571185	0.993273	-0.115656	0.0985713	0.115653	0.988387	1.53389	1.80652	31.1129	
0.994809	-0.00611237	-0.101578	-0.00606539	0.992858	-0.119146	0.101581	0.119144	0.987667	1.62861	1.91763	32.048	
0.994495	-0.00648086	-0.104588	-0.0064296	0.992431	-0.122634	0.104591	0.122631	0.986926	1.72617	2.03205	32.9825	
0.994171	-0.00686028	-0.107597	-0.00680448	0.991992	-0.12612	0.107601	0.126117	0.986163	1.82659	2.14977	33.9162	
0.993838	-0.00725061	-0.110607	-0.00719001	0.99154	-0.129603	0.110611	0.1296	0.985378	1.92985	2.27078	34.8492	
0.993495	-0.00765187	-0.113616	-0.00758621	0.991076	-0.133084	0.11362	0.13308	0.984571	2.03597	2.39509	35.7815	
0.993143	-0.00806406	-0.116625	-0.00799306	0.990599	-0.136562	0.11663	0.136558	0.983743	2.14493	2.52269	36.7129	
0.992782	-0.00848719	-0.119633	-0.00841056	0.990111	-0.140037	0.119639	0.140033	0.982892	2.25674	2.65358	37.6436	
0.992411	-0.00892124	-0.122641	-0.00883871	0.989609	-0.143509	0.122647	0.143504	0.98202	2.3714	2.78776	38.5735	
0.992031	-0.00936623	-0.125649	-0.00927749	0.989096	-0.146979	0.125655	0.146973	0.981127	2.4889	2.92522	39.5025	
0.991641	-0.00982216	-0.128655	-0.00972691	0.988571	-0.150444	0.128663	0.150438	0.980211	2.60925	3.06597	40.4307	
0.991241	-0.010289	-0.131661	-0.0101869	0.988033	-0.153907	0.131669	0.1539	0.979274	2.73245	3.20999	41.358	
0.990833	-0.0107668	-0.134666	-0.0106576	0.987483	-0.157366	0.134675	0.157359	0.978315	2.85849	3.35729	42.2844	
0.990414	-0.0112555	-0.13767	-0.0111389	0.986921	-0.160822	0.13768	0.160814	0.977335	2.98738	3.50786	43.2098	
0.989986	-0.0117552	-0.140673	-0.0116307	0.986346	-0.164274	0.140683	0.164265	0.976332	3.11911	3.6617	44.1344	
0.989549	-0.0122658	-0.143675	-0.0121332	0.98576	-0.167722	0.143686	0.167713	0.975309	3.25368	3.8188	45.058	
0.989102	-0.0127872	-0.146675	-0.0126462	0.985161	-0.171167	0.146687	0.171156	0.974263	3.3911	3.97917	45.9806	
0.988646	-0.0133197	-0.149674	-0.0131698	0.98455	-0.174607	0.149687	0.174596	0.973196	3.53135	4.14279	46.9022	
0.98818	-0.013863	-0.152671	-0.0137039	0.983927	-0.178044	0.152685	0.178031	0.972107	3.67444	4.30966	47.8227	
0.987704	-0.0144172	-0.155666	-0.0142486	0.983292	-0.181476	0.155682	0.181463	0.970997	3.82037	4.47979	48.7423	
0.98722	-0.0149823	-0.15866	-0.0148038	0.982645	-0.184904	0.158677	0.184889	0.969865	3.96914	4.65316	49.6608	
0.986725	-0.0155583	-0.161652	-0.0153695	0.981986	-0.188327	0.16167	0.188311	0.968711	4.12074	4.82977	50.5782	
0.986221	-0.0161452	-0.164642	-0.0159457	0.981315	-0.191746	0.164662	0.191729	0.967536	4.27517	5.00961	51.4945	
0.985708	-0.016743	-0.167631	-0.0165324	0.980632	-0.19516	0.167651	0.195142	0.96634	4.43243	5.1927	52.4096	
0.985185	-0.0173516	-0.170616	-0.0171295	0.979937	-0.198569	0.170639	0.19855	0.965122	4.59252	5.379	53.3237	
0.984652	-0.017971	-0.1736	-0.0177371	0.97923	-0.201974	0.173624	0.201953	0.963883	4.75544	5.56853	54.2365	
0.98411	-0.0186014	-0.176581	-0.0183551	0.978512	-0.205373	0.176607	0.205351	0.962622	4.92118	5.76128	55.1482	
0.983559	-0.0192425	-0.17956	-0.0189835	0.977781	-0.208768	0.179588	0.208744	0.96134	5.08974	5.95725	56.0587	
0.982998	-0.0198944	-0.182536	-0.0196223	0.977039	-0.212157	0.182566	0.212131	0.960036	5.26113	6.15642	56.968	
0.982427	-0.0205572	-0.18551	-0.0202715	0.976284	-0.21554	0.185541	0.215513	0.958712	5.43533	6.3588	57.876	
0.981612	-0.0214934	-0.189671	-0.0203232	0.976225	-0.215805	0.1898	0.215691	0.957838	5.61295	6.56286	58.783	
0.980778	-0.0224318	-0.193835	-0.0203764	0.976165	-0.21607	0.194061	0.215866	0.956944	5.79461	6.76708	59.6891	
0.979923	-0.0233721	-0.198	-0.020431	0.976105	-0.216336	0.198325	0.216038	0.956031	5.9803	6.97147	60.5944	
0.979049	-0.0243144	-0.202166	-0.020487	0.976045	-0.216603	0.202589	0.216207	0.955098	6.17002	7.17603	61.4988	
0.978156	-0.0252583	-0.206332	-0.0205444	0.975984	-0.216871	0.206855	0.216372	0.954146	6.36378	7.38074	62.4023	
0.977243	-0.026204	-0.210498	-0.0206031	0.975923	-0.217139	0.21112	0.216534	0.953174	6.56158	7.5856	63.3049	
0.976311	-0.0271511	-0.214664	-0.0206632	0.975862	-0.217407	0.215385	0.216692	0.952184	6.76342	7.79062	64.2066	
0.975359	-0.0280995	-0.218828	-0.0207246	0.975801	-0.217676	0.219649	0.216847	0.951174	6.96929	7.99579	65.1073	
0.974388	-0.0290493	-0.22299	-0.0207874	0.97574	-0.217945	0.223911	0.216998	0.950145	7.1792	8.2011	66.0071	
0.973398	-0.0300001	-0.22715	-0.0208514	0.975678	-0.218214	0.228171	0.217145	0.949097	7.39314	8.40655	66.9059	
0.972389	-0.0309519	-0.231306	-0.0209167	0.975617	-0.218483	0.232429	0.217288	0.948031	7.61111	8.61213	67.8037	
0.97136	-0.0319046	-0.235459	-0.0209832	0.975555	-0.218751	0.236682	0.217427	0.946946	7.83311	8.81786	68.7004	
0.970314	-0.032858	-0.239608	-0.0210509	0.975493	-0.21902	0.240932	0.217562	0.945843	8.05913	9.02371	69.5962	
0.969248	-0.033812	-0.243751	-0.0211198	0.975432	-0.219288	0.245177	0.217692	0.944721	8.28918	9.22968	70.4908	
0.967086	-0.0356036	-0.251947	-0.0156243	0.979985	-0.198458	0.25397	0.195863	0.947173	8.5254	9.4254	71.3862	
0.964848	-0.0372055	-0.260162	-0.00993681	0.984056	-0.177581	0.262621	0.173924	0.949095	8.76988	9.6004	72.2836	
0.962536	-0.038617	-0.268391	-0.00406041	0.987643	-0.156667	0.271125	0.151888	0.950485	9.02248	9.7546	73.1826	
0.96015	-0.0398371	-0.27663	0.00200156	0.990744	-0.135729	0.279476	0.129766	0.951343	9.28305	9.88789	74.0826	
0.957694	-0.0408653	-0.284874	0.00824572	0.993357	-0.114777	0.287672	0.107572	0.951669	9.55146	10.0002	74.9832	
0.955166	-0.0417009	-0.293118	0.0146686	0.995481	-0.0938239	0.295706	0.0853178	0.951461	9.82754	10.0915	75.8839	
0.95257	-0.0423435	-0.301359	0.0212665	0.997114	-0.0728813	0.303575	0.0630158	0.950721	10.1112	10.1617	76.7841	
0.949907	-0.0427927	-0.30959	0.0280358	0.998256	-0.0519609	0.311274	0.0406784	0.949449	10.4021	10.2108	77.6834	
0.947177	-0.0430482	-0.317809	0.0349727	0.998905	-0.0310744	0.318798	0.0183183	0.947646	10.7003	10.2387	78.5812	
0.944383	-0.04311	-0.326009	0.0420734	0.999062	-0.0102335	0.326144	-0.004052	0.945311	11.0055	10.2454	79.477	
0.941526	-0.042978	-0.334187	0.0493338	0.998727	0.0105503	0.333308	-0.0264201	0.942448	11.3176	10.231	80.3704	
0.938608	-0.0426523	-0.342338	0.0567499	0.997899	0.0312652	0.340285	-0.0487734	0.939057	11.6364	10.1954	81.2609	
0.935631	-0.042133	-0.350457	0.0643175	0.996579	0.0518996	0.347071	-0.0710993	0.93514	11.9617	10.1387	82.1478	
0.932595	-0.0414204	-0.35854	0.0720324	0.994768	0.072442	0.353663	-0.0933855	0.930699	12.2933	10.0609	83.0309	
0.929503	-0.040515	-0.366582	0.0798903	0.992467	0.0928809	0.360057	-0.115619	0.925738	12.6311	9.96195	83.9094	
0.926357	-0.0394172	-0.374579	0.0878867	0.989677	0.113205	0.36625	-0.137789	0.920258	12.9748	9.84202	84.783	
0.923158	-0.0381277	-0.382526	0.0960173	0.9864	0.133402	0.372237	-0.159881	0.914263	13.3243	9.70115	85.6512	
0.919908	-0.0366472	-0.390419	0.104277	0.982637	0.153462	0.378016	-0.181883	0.907757	13.6794	9.53941	86.5135	
0.916608	-0.0349765	-0.398254	0.112662	0.978391	0.173374	0.383584	-0.203784	0.900742	14.0398	9.35689	87.3694	
0.913262	-0.0331165	-0.406025	0.121168	0.973664	0.193125	0.388936	-0.22557	0.893223	14.4054	9.1537	88.2184	
0.90987	-0.0310683	-0.413729	0.129788	0.968458	0.212705	0.394071	-0.247231	0.885203	14.776	8.92994	89.06	
0.906434	-0.028833	-0.421362	0.13852	0.962778	0.232103	0.398986	-0.268753	0.876688	15.1513	8.68575	89.8939	
0.902957	-0.0264119	-0.428919	0.147357	0.956624	0.251308	0.403677	-0.290124	0.867683	15.5312	8.42126	90.7194	
