1	0	0	0	1	0	0	0	1	0	0	0	
0.999996	4.16121e-06	-0.00290801	4.16121e-06	0.999996	0.00286188	0.00290801	-0.00286188	0.999992	0.00116541	-0.00114692	0.801513	
0.999983	1.66552e-05	-0.00581773	1.6656e-05	0.999984	0.00572571	0.00581773	-0.00572571	0.999967	0.00466232	-0.00458847	1.60301	
0.999962	3.74976e-05	-0.0087291	3.75006e-05	0.999963	0.00859142	0.0087291	-0.00859142	0.999925	0.0104921	-0.0103262	2.40449	
0.999932	6.67033e-05	-0.011642	6.67109e-05	0.999934	0.0114589	0.011642	-0.0114589	0.999867	0.018656	-0.0183615	3.20592	
0.999894	0.000104287	-0.0145565	0.000104302	0.999897	0.0143282	0.0145565	-0.0143282	0.999791	0.0291552	-0.0286959	4.0073	
0.999847	0.000150263	-0.0174723	0.00015029	0.999852	0.0171991	0.0174723	-0.0171991	0.999699	0.041991	-0.0413307	4.80861	
0.999792	0.000204646	-0.0203895	0.000204688	0.999799	0.0200716	0.0203895	-0.0200716	0.999591	0.0571645	-0.0562673	5.60984	
0.999728	0.000267448	-0.023308	0.000267512	0.999737	0.0229456	0.023308	-0.0229456	0.999465	0.0746767	-0.0735068	6.41098	
0.999656	0.000338684	-0.0262277	0.000338775	0.999667	0.0258211	0.0262277	-0.0258211	0.999322	0.0945285	-0.0930504	7.21201	
0.999575	0.000418365	-0.0291486	0.00041849	0.999588	0.028698	0.0291486	-0.028698	0.999163	0.116721	-0.114899	8.01292	
0.999485	0.000506505	-0.0320705	0.000506671	0.999501	0.0315761	0.0320705	-0.0315761	0.998987	0.141255	-0.139055	8.81369	
0.999387	0.000603114	-0.0349934	0.000603331	0.999406	0.0344555	0.0349934	-0.0344556	0.998793	0.168132	-0.165517	9.61432	
0.999281	0.000708205	-0.0379173	0.000708482	0.999303	0.0373361	0.0379172	-0.0373361	0.998583	0.197351	-0.194289	10.4148	
0.999165	0.00082179	-0.0408419	0.000822135	0.999191	0.0402178	0.0408419	-0.0402178	0.998356	0.228914	-0.225369	11.2151	
0.999041	0.000943878	-0.0437674	0.000944303	0.99907	0.0431005	0.0437674	-0.0431005	0.998112	0.262822	-0.258759	12.0152	
0.998909	0.00107448	-0.0466936	0.001075	0.998942	0.0459842	0.0466936	-0.0459842	0.99785	0.299075	-0.294461	12.8151	
0.998767	0.00121361	-0.0496204	0.00121423	0.998804	0.0488688	0.0496204	-0.0488688	0.997572	0.337674	-0.332474	13.6148	
0.998617	0.00136127	-0.0525478	0.00136201	0.998659	0.0517541	0.0525477	-0.0517542	0.997276	0.378619	-0.372799	14.4142	
0.998459	0.00151747	-0.0554756	0.00151834	0.998505	0.0546403	0.0554756	-0.0546403	0.996964	0.42191	-0.415438	15.2134	
0.998292	0.00168223	-0.0584039	0.00168324	0.998343	0.0575271	0.0584039	-0.0575271	0.996634	0.467548	-0.46039	16.0124	
0.998116	0.00185555	-0.0613326	0.00185672	0.998172	0.0604145	0.0613325	-0.0604145	0.996287	0.515533	-0.507656	16.811	
0.997931	0.00203743	-0.0642615	0.00203878	0.997992	0.0633024	0.0642614	-0.0633025	0.995923	0.565866	-0.557237	17.6094	
0.997738	0.0022279	-0.0671906	0.00222944	0.997804	0.0661909	0.0671905	-0.0661909	0.995542	0.618546	-0.609132	18.4075	
0.997536	0.00242695	-0.0701199	0.0024287	0.997608	0.0690797	0.0701198	-0.0690797	0.995144	0.673575	-0.663343	19.2053	
0.997325	0.00263459	-0.0730492	0.00263657	0.997403	0.0719688	0.0730491	-0.0719689	0.994728	0.730951	-0.719869	20.0028	
0.997105	0.00285082	-0.0759785	0.00285306	0.99719	0.0748582	0.0759784	-0.0748583	0.994295	0.790675	-0.778711	20.7999	
0.996877	0.00307567	-0.0789077	0.00307817	0.996968	0.0777478	0.0789077	-0.0777479	0.993845	0.852747	-0.83987	21.5967	
0.99664	0.00330912	-0.0818368	0.00331191	0.996738	0.0806375	0.0818367	-0.0806376	0.993378	0.917166	-0.903344	22.3931	
0.996395	0.00355119	-0.0847657	0.0035543	0.996499	0.0835272	0.0847656	-0.0835273	0.992894	0.983934	-0.969134	23.1891	
0.99614	0.00380189	-0.0876943	0.00380532	0.996252	0.0864169	0.0876942	-0.0864171	0.992392	1.05305	-1.03724	23.9847	
0.995877	0.00406121	-0.0906225	0.004065	0.995996	0.0893065	0.0906224	-0.0893067	0.991873	1.12451	-1.10766	24.7799	
0.995605	0.00432916	-0.0935503	0.00433333	0.995731	0.092196	0.0935501	-0.0921962	0.991337	1.19832	-1.1804	25.5747	
0.995324	0.00460574	-0.0964776	0.00461032	0.995458	0.0950852	0.0964774	-0.0950854	0.990783	1.27447	-1.25546	26.369	
0.995035	0.00489097	-0.0994043	0.00489598	0.995177	0.0979741	0.0994041	-0.0979744	0.990212	1.35297	-1.33283	27.1629	
0.994737	0.00518484	-0.10233	0.0051903	0.994887	0.100863	0.10233	-0.100863	0.989624	1.43382	-1.41251	27.9564	
0.99443	0.00548735	-0.105256	0.0054933	0.994588	0.103751	0.105255	-0.103751	0.989018	1.51701	-1.49451	28.7493	
0.994114	0.00579851	-0.10818	0.00580498	0.994281	0.106638	0.10818	-0.106639	0.988395	1.60255	-1.57883	29.5418	
0.99379	0.00611833	-0.111104	0.00612533	0.993965	0.109525	0.111104	-0.109526	0.987755	1.69043	-1.66546	30.3338	
0.993457	0.0064468	-0.114027	0.00645437	0.993641	0.112412	0.114026	-0.112412	0.987098	1.78065	-1.7544	31.1252	
0.993115	0.00678392	-0.116949	0.00679209	0.993308	0.115297	0.116948	-0.115298	0.986423	1.87322	-1.84566	31.9161	
0.992764	0.0071297	-0.119869	0.00713851	0.992966	0.118182	0.119869	-0.118183	0.98573	1.96812	-1.93923	32.7065	
0.992405	0.00748414	-0.122789	0.0074936	0.992616	0.121066	0.122788	-0.121067	0.985021	2.06537	-2.03511	33.4962	
0.992036	0.00784723	-0.125707	0.0078574	0.992257	0.123949	0.125707	-0.12395	0.984294	2.16496	-2.1333	34.2855	
0.991659	0.00821899	-0.128624	0.00822988	0.99189	0.126831	0.128624	-0.126832	0.98355	2.26688	-2.2338	35.0741	
0.991274	0.0085994	-0.13154	0.00861105	0.991514	0.129712	0.131539	-0.129713	0.982788	2.37114	-2.33662	35.8621	
0.990879	0.00898847	-0.134454	0.00900092	0.99113	0.132592	0.134454	-0.132593	0.982009	2.47774	-2.44174	36.6495	
0.990476	0.0093862	-0.137367	0.00939948	0.990737	0.13547	0.137366	-0.135471	0.981213	2.58668	-2.54917	37.4363	
0.990064	0.00979258	-0.140279	0.00980674	0.990335	0.138348	0.140278	-0.138349	0.980399	2.69794	-2.6589	38.2224	
0.989643	0.0102076	-0.143188	0.0102227	0.989925	0.141224	0.143187	-0.141225	0.979568	2.81154	-2.77094	39.0079	
0.989213	0.0106313	-0.146096	0.0106473	0.989506	0.144098	0.146095	-0.1441	0.978719	2.92748	-2.88529	39.7927	
0.988775	0.0110637	-0.149002	0.0110806	0.989079	0.146971	0.149001	-0.146973	0.977854	3.04574	-3.00194	40.5768	
0.988328	0.0115047	-0.151907	0.0115227	0.988643	0.149843	0.151905	-0.149844	0.976971	3.16633	-3.12089	41.3602	
0.987872	0.0119543	-0.154809	0.0119734	0.988198	0.152713	0.154808	-0.152714	0.97607	3.28925	-3.24214	42.1429	
0.987408	0.0124126	-0.15771	0.0124328	0.987745	0.155581	0.157708	-0.155583	0.975152	3.41449	-3.3657	42.9249	
0.986934	0.0128795	-0.160608	0.0129008	0.987283	0.158448	0.160606	-0.158449	0.974217	3.54206	-3.49155	43.7061	
0.986133	0.0136711	-0.165395	0.0137414	0.986453	0.163467	0.165389	-0.163473	0.972586	3.6727	-3.62056	44.4863	
0.985307	0.0144876	-0.170175	0.0146067	0.985597	0.168479	0.170165	-0.168489	0.970904	3.80718	-3.7536	45.2652	
0.984458	0.0153289	-0.174948	0.0154967	0.984715	0.173482	0.174933	-0.173497	0.969173	3.94548	-3.89065	46.0427	
0.983586	0.016195	-0.179713	0.0164113	0.983807	0.178477	0.179694	-0.178497	0.967393	4.0876	-4.03172	46.8188	
0.982689	0.017086	-0.184471	0.0173506	0.982873	0.183463	0.184446	-0.183488	0.965563	4.23353	-4.17679	47.5934	
0.98177	0.0180016	-0.18922	0.0183144	0.981914	0.18844	0.18919	-0.18847	0.963684	4.38327	-4.32585	48.3666	
0.980826	0.018942	-0.193961	0.0193028	0.980929	0.193407	0.193926	-0.193443	0.961755	4.53681	-4.47891	49.1382	
0.97986	0.019907	-0.198693	0.0203156	0.979918	0.198364	0.198652	-0.198406	0.959777	4.69414	-4.63594	49.9083	
0.978869	0.0208967	-0.203417	0.0213529	0.978881	0.203312	0.203369	-0.203359	0.95775	4.85525	-4.79695	50.6768	
0.977856	0.0219109	-0.208131	0.0224146	0.977819	0.208249	0.208077	-0.208303	0.955675	5.02014	-4.96193	51.4436	
0.976819	0.0229496	-0.212835	0.0235006	0.976731	0.213176	0.212775	-0.213236	0.95355	5.1888	-5.13087	52.2087	
0.975758	0.0240128	-0.21753	0.0246109	0.975618	0.218092	0.217463	-0.218159	0.951376	5.36123	-5.30375	52.9722	
0.974675	0.0251004	-0.222215	0.0257454	0.974479	0.222997	0.222141	-0.22307	0.949154	5.5374	-5.48058	53.7338	
0.973568	0.0262123	-0.226889	0.0269041	0.973315	0.227891	0.226808	-0.227971	0.946883	5.71732	-5.66134	54.4937	
0.972438	0.0273485	-0.231552	0.028087	0.972126	0.232773	0.231464	-0.23286	0.944564	5.90098	-5.84602	55.2517	
0.971285	0.028509	-0.236205	0.0292939	0.970911	0.237643	0.236109	-0.237738	0.942196	6.08836	-6.03462	56.0078	
0.970109	0.0296937	-0.240847	0.0305248	0.969671	0.242501	0.240743	-0.242604	0.93978	6.27947	-6.22712	56.762	
0.96891	0.0309025	-0.245477	0.0317797	0.968406	0.247347	0.245365	-0.247458	0.937316	6.47428	-6.42352	57.5143	
0.967688	0.0321353	-0.250095	0.0330585	0.967116	0.25218	0.249975	-0.252299	0.934804	6.67279	-6.6238	58.2646	
0.966443	0.0333921	-0.254701	0.0343611	0.9658	0.257	0.254572	-0.257127	0.932244	6.87499	-6.82796	59.0128	
0.965176	0.0346729	-0.259295	0.0356875	0.96446	0.261807	0.259157	-0.261943	0.929636	7.08087	-7.03598	59.759	
0.963885	0.0359774	-0.263877	0.0370375	0.963095	0.2666	0.26373	-0.266746	0.926981	7.29043	-7.24785	60.503	
0.962572	0.0373058	-0.268445	0.0384112	0.961705	0.27138	0.268289	-0.271535	0.924278	7.50364	-7.46358	61.2449	
0.961237	0.0386579	-0.273001	0.0398084	0.960291	0.276146	0.272835	-0.27631	0.921528	7.7205	-7.68313	61.9847	
0.959879	0.0400336	-0.277543	0.0412291	0.958852	0.280898	0.277368	-0.281071	0.918731	7.941	-7.9065	62.7222	
0.958498	0.0414329	-0.282071	0.0426732	0.957388	0.285636	0.281886	-0.285818	0.915887	8.16512	-8.13369	63.4574	
0.957096	0.0428556	-0.286586	0.0441406	0.955899	0.290358	0.28639	-0.290551	0.912996	8.39286	-8.36468	64.1904	
0.955671	0.0443017	-0.291086	0.0456313	0.954387	0.295066	0.29088	-0.295269	0.910058	8.62421	-8.59945	64.921	
0.954223	0.0457712	-0.295572	0.0471452	0.95285	0.299758	0.295356	-0.299971	0.907073	8.85915	-8.838	65.6492	
0.952754	0.0472638	-0.300043	0.0486822	0.951288	0.304435	0.299816	-0.304659	0.904043	9.09767	-9.08031	66.375	
0.951263	0.0487797	-0.304499	0.0502422	0.949703	0.309097	0.304261	-0.309331	0.900966	9.33976	-9.32637	67.0984	
0.949749	0.0503185	-0.30894	0.0518251	0.948093	0.313742	0.308691	-0.313987	0.897843	9.58541	-9.57617	67.8193	
0.948214	0.0518804	-0.313366	0.0534309	0.946459	0.318371	0.313105	-0.318628	0.894674	9.8346	-9.8297	68.5376	
0.946657	0.0534651	-0.317775	0.0550594	0.944801	0.322984	0.317503	-0.323252	0.89146	10.0873	-10.0869	69.2535	
0.942366	0.0578448	-0.329547	0.0599134	0.939848	0.336297	0.329177	-0.336659	0.882215	10.3465	-10.3514	69.9643	
0.93792	0.0624015	-0.341193	0.0649416	0.934695	0.349469	0.340719	-0.349931	0.872616	10.615	-10.6266	70.6676	
0.933321	0.0671335	-0.35271	0.070142	0.929343	0.362494	0.352124	-0.363063	0.862667	10.8926	-10.9123	71.363	
0.928573	0.0720388	-0.364092	0.0755126	0.923795	0.375367	0.363388	-0.376049	0.852371	11.1794	-11.2085	72.0504	
0.923675	0.0771155	-0.375336	0.0810511	0.918054	0.388082	0.374505	-0.388884	0.841733	11.4751	-11.5151	72.7293	
0.918632	0.0823615	-0.386436	0.0867555	0.912121	0.400636	0.385473	-0.401562	0.830758	11.7797	-11.8319	73.3996	
0.913443	0.0877748	-0.397388	0.0926233	0.905999	0.413022	0.396286	-0.41408	0.819448	12.093	-12.1588	74.061	
0.908112	0.093353	-0.408187	0.0986523	0.89969	0.425236	0.406939	-0.426431	0.80781	12.4149	-12.4956	74.7131	
0.902641	0.0990941	-0.41883	0.10484	0.893197	0.437273	0.417429	-0.438611	0.795847	12.7453	-12.8423	75.3558	
0.897032	0.104996	-0.429313	0.111184	0.886522	0.449128	0.427752	-0.450615	0.783565	13.084	-13.1987	75.9888	
