1	0	0	0	1	0	0	0	1	0	0	0	
1	1.7803e-07	0.000160982	1.7803e-07	0.999998	-0.0022118	-0.000160982	0.0022118	0.999998	-7.19133e-05	0.00098805	0.893434	
1	7.13771e-07	0.000322248	7.14542e-07	0.99999	-0.00443231	-0.000322248	0.00443231	0.99999	-0.000287781	0.00395609	1.78686	
1	1.60984e-06	0.000483791	1.61294e-06	0.999978	-0.00666145	-0.000483791	0.00666145	0.999978	-0.000647852	0.00891187	2.68028	
1	2.86881e-06	0.000645601	2.87658e-06	0.99996	-0.00889911	-0.000645601	0.00889911	0.99996	-0.00115237	0.015863	3.57369	
1	4.49315e-06	0.000807668	4.50876e-06	0.999938	-0.0111452	-0.000807668	0.0111452	0.999938	-0.00180157	0.0248172	4.46708	
1	6.48531e-06	0.000969984	6.51273e-06	0.99991	-0.0133997	-0.000969983	0.0133997	0.99991	-0.00259568	0.0357818	5.36045	
0.999999	8.84765e-06	0.00113254	8.89168e-06	0.999877	-0.0156624	-0.00113254	0.0156624	0.999877	-0.00353491	0.0487643	6.25379	
0.999999	1.15825e-05	0.00129532	1.16488e-05	0.999839	-0.0179332	-0.00129532	0.0179332	0.999838	-0.00461948	0.0637721	7.14709	
0.999999	1.4692e-05	0.00145833	1.4787e-05	0.999796	-0.0202122	-0.00145833	0.0202122	0.999795	-0.00584958	0.0808123	8.04036	
0.999999	1.81784e-05	0.00162155	1.83096e-05	0.999747	-0.0224991	-0.00162155	0.0224991	0.999746	-0.00722542	0.0998922	8.93359	
0.999998	2.20439e-05	0.00178497	2.22194e-05	0.999693	-0.024794	-0.00178497	0.024794	0.999691	-0.00874716	0.121019	9.82678	
0.999998	2.62903e-05	0.00194858	2.65193e-05	0.999633	-0.0270966	-0.00194858	0.0270966	0.999631	-0.010415	0.144199	10.7199	
0.999998	3.09198e-05	0.00211238	3.12123e-05	0.999568	-0.0294069	-0.00211238	0.0294069	0.999565	-0.0122291	0.16944	11.613	
0.999997	3.59342e-05	0.00227636	3.63011e-05	0.999497	-0.0317249	-0.00227635	0.0317249	0.999494	-0.0141896	0.196749	12.506	
0.999997	4.13354e-05	0.0024405	4.17885e-05	0.99942	-0.0340503	-0.00244049	0.0340503	0.999417	-0.0162967	0.226132	13.3989	
0.999997	4.71251e-05	0.0026048	4.76772e-05	0.999338	-0.0363832	-0.00260479	0.0363832	0.999335	-0.0185505	0.257596	14.2918	
0.999996	5.33051e-05	0.00276925	5.39699e-05	0.99925	-0.0387234	-0.00276923	0.0387234	0.999246	-0.0209512	0.291147	15.1846	
0.999996	5.9877e-05	0.00293384	6.06691e-05	0.999156	-0.0410709	-0.00293382	0.0410709	0.999152	-0.0234989	0.326793	16.0773	
0.999995	6.68424e-05	0.00309856	6.77774e-05	0.999057	-0.0434255	-0.00309854	0.0434255	0.999052	-0.0261936	0.364539	16.97	
0.999995	7.42028e-05	0.0032634	7.52973e-05	0.998951	-0.0457872	-0.00326337	0.0457872	0.998946	-0.0290356	0.404392	17.8625	
0.999994	8.19597e-05	0.00342836	8.32311e-05	0.99884	-0.0481558	-0.00342833	0.0481558	0.998834	-0.0320249	0.446358	18.755	
0.999994	9.01144e-05	0.00359342	9.15813e-05	0.998722	-0.0505313	-0.00359338	0.0505313	0.998716	-0.0351616	0.490443	19.6473	
0.999993	9.86683e-05	0.00375858	0.00010035	0.998599	-0.0529135	-0.00375853	0.0529135	0.998592	-0.0384458	0.536653	20.5395	
0.999992	0.000107623	0.00392382	0.00010954	0.99847	-0.0553024	-0.00392377	0.0553024	0.998462	-0.0418777	0.584995	21.4316	
0.999992	0.000116978	0.00408915	0.000119153	0.998334	-0.0576979	-0.00408908	0.0576979	0.998326	-0.0454571	0.635475	22.3236	
0.999991	0.000126737	0.00425454	0.000129191	0.998192	-0.0600999	-0.00425447	0.0600999	0.998183	-0.0491843	0.688097	23.2155	
0.99999	0.000136899	0.00442	0.000139656	0.998044	-0.0625083	-0.00441991	0.0625083	0.998035	-0.0530593	0.742868	24.1073	
0.999989	0.000147467	0.00458551	0.000150551	0.99789	-0.0649229	-0.00458541	0.0649229	0.99788	-0.0570822	0.799794	24.9989	
0.999989	0.000158439	0.00475106	0.000161876	0.99773	-0.0673438	-0.00475094	0.0673438	0.997719	-0.0612529	0.85888	25.8903	
0.999988	0.000169819	0.00491665	0.000173635	0.997563	-0.0697707	-0.00491652	0.0697707	0.997551	-0.0655715	0.920131	26.7817	
0.999987	0.000181605	0.00508227	0.000185829	0.99739	-0.0722036	-0.00508212	0.0722037	0.997377	-0.0700381	0.983553	27.6728	
0.999986	0.0001938	0.00524791	0.00019846	0.99721	-0.0746425	-0.00524773	0.0746425	0.997197	-0.0746526	1.04915	28.5638	
0.999985	0.000206403	0.00541355	0.000211529	0.997024	-0.0770871	-0.00541336	0.0770872	0.99701	-0.0794151	1.11693	29.4547	
0.999984	0.000219416	0.0055792	0.000225039	0.996832	-0.0795375	-0.00557898	0.0795375	0.996816	-0.0843255	1.1869	30.3454	
0.999983	0.000232838	0.00574485	0.00023899	0.996633	-0.0819935	-0.0057446	0.0819935	0.996616	-0.089384	1.25906	31.2359	
0.999983	0.000246671	0.00591048	0.000253384	0.996427	-0.084455	-0.00591019	0.084455	0.99641	-0.0945904	1.33341	32.1262	
0.999982	0.000260914	0.00607609	0.000268223	0.996215	-0.0869219	-0.00607577	0.0869219	0.996197	-0.0999447	1.40997	33.0163	
0.99998	0.000275569	0.00624166	0.000283508	0.995996	-0.0893942	-0.00624131	0.0893942	0.995977	-0.105447	1.48873	33.9063	
0.999979	0.000290634	0.0064072	0.000299241	0.995771	-0.0918716	-0.0064068	0.0918717	0.99575	-0.111097	1.56971	34.796	
0.999978	0.000306111	0.00657269	0.000315423	0.995539	-0.0943542	-0.00657225	0.0943543	0.995517	-0.116895	1.6529	35.6855	
0.999977	0.000322	0.00673813	0.000332054	0.9953	-0.0968419	-0.00673764	0.0968419	0.995277	-0.122841	1.73831	36.5749	
0.999976	0.0003383	0.0069035	0.000349137	0.995054	-0.0993344	-0.00690296	0.0993345	0.99503	-0.128934	1.82595	37.464	
0.999975	0.000355012	0.0070688	0.000366672	0.994802	-0.101832	-0.00706821	0.101832	0.994777	-0.135175	1.91581	38.3528	
0.999974	0.000372135	0.00723403	0.000384661	0.994542	-0.104334	-0.00723337	0.104334	0.994516	-0.141564	2.00791	39.2415	
0.999973	0.00038967	0.00739916	0.000403104	0.994276	-0.106841	-0.00739844	0.106841	0.994249	-0.148101	2.10224	40.1299	
0.999971	0.000407616	0.0075642	0.000422002	0.994003	-0.109352	-0.00756342	0.109352	0.993974	-0.154784	2.19882	41.0181	
0.99997	0.000425973	0.00772914	0.000441356	0.993723	-0.111868	-0.00772828	0.111868	0.993693	-0.161615	2.29764	41.906	
0.999969	0.000444741	0.00789397	0.000461168	0.993436	-0.114388	-0.00789303	0.114388	0.993405	-0.168594	2.39872	42.7937	
0.999967	0.000463919	0.00805868	0.000481437	0.993142	-0.116912	-0.00805765	0.116912	0.99311	-0.175719	2.50204	43.6811	
0.999966	0.000483506	0.00822326	0.000502165	0.992841	-0.119441	-0.00822215	0.119441	0.992807	-0.182992	2.60762	44.5682	
0.999965	0.000503504	0.00838771	0.000523351	0.992533	-0.121973	-0.0083865	0.121973	0.992498	-0.190411	2.71547	45.4551	
0.999963	0.00052391	0.00855202	0.000544998	0.992218	-0.12451	-0.0085507	0.12451	0.992182	-0.197977	2.82558	46.3417	
0.999962	0.000544724	0.00871618	0.000567104	0.991896	-0.12705	-0.00871475	0.12705	0.991858	-0.20569	2.93795	47.228	
0.99996	0.000565945	0.00888018	0.000589671	0.991567	-0.129594	-0.00887864	0.129594	0.991527	-0.213549	3.0526	48.114	
0.999959	0.000587573	0.00904402	0.0006127	0.991231	-0.132142	-0.00904236	0.132142	0.99119	-0.221555	3.16952	48.9997	
0.999957	0.000609607	0.00920769	0.000636189	0.990887	-0.134693	-0.00920589	0.134693	0.990845	-0.229707	3.28872	49.8851	
0.999956	0.000632046	0.00937118	0.00066014	0.990536	-0.137248	-0.00936924	0.137248	0.990492	-0.238004	3.4102	50.7702	
0.999954	0.000654889	0.00953448	0.000684553	0.990179	-0.139806	-0.0095324	0.139806	0.990133	-0.246448	3.53397	51.655	
0.999953	0.000678135	0.00969759	0.000709428	0.989814	-0.142368	-0.00969535	0.142368	0.989766	-0.255037	3.66002	52.5395	
0.999965	0.000481587	0.00835733	0.000759049	0.989015	-0.147813	-0.00833671	0.147814	0.98898	-0.263093	3.78965	53.4234	
0.999975	0.000277968	0.00702017	0.000801237	0.988186	-0.153259	-0.00697983	0.15326	0.988161	-0.269935	3.92415	54.3066	
0.999984	6.72836e-05	0.00568605	0.000835984	0.987326	-0.158704	-0.00562466	0.158707	0.98731	-0.275566	4.06351	55.1891	
0.999991	-0.000150462	0.00435491	0.000863288	0.986435	-0.16415	-0.00427114	0.164152	0.986426	-0.279986	4.20773	56.0708	
0.999995	-0.000375264	0.00302668	0.000883142	0.985513	-0.169595	-0.00291919	0.169597	0.985509	-0.283198	4.35683	56.9517	
0.999998	-0.000607123	0.00170129	0.000895544	0.984561	-0.175039	-0.00156876	0.17504	0.98456	-0.285203	4.51078	57.8318	
1	-0.000846037	0.00037869	0.00090049	0.983578	-0.180482	-0.000219777	0.180482	0.983578	-0.286002	4.6696	58.711	
0.999999	-0.00109201	-0.000941193	0.000897977	0.982564	-0.185923	0.00112781	0.185921	0.982564	-0.285596	4.83328	59.5893	
0.999997	-0.00134503	-0.00225842	0.000888004	0.981519	-0.191361	0.00247407	0.191358	0.981517	-0.283987	5.00182	60.4667	
0.999992	-0.00160512	-0.00357306	0.000870568	0.980444	-0.196797	0.00381907	0.196792	0.980438	-0.281176	5.17521	61.3431	
0.999986	-0.00187227	-0.00488517	0.000845669	0.979338	-0.202229	0.00516286	0.202223	0.979326	-0.277164	5.35346	62.2186	
0.999979	-0.00214649	-0.00619481	0.000813306	0.978201	-0.207659	0.00650551	0.207649	0.978182	-0.271951	5.53656	63.0931	
0.999969	-0.00242778	-0.00750205	0.000773479	0.977034	-0.213084	0.00784708	0.213072	0.977005	-0.26554	5.7245	63.9665	
0.999958	-0.00271616	-0.00880696	0.000726189	0.975835	-0.218505	0.00918764	0.21849	0.975796	-0.25793	5.91729	64.8388	
0.999944	-0.00301163	-0.0101096	0.000671437	0.974607	-0.223922	0.0105272	0.223903	0.974555	-0.249123	6.11491	65.7101	
0.999929	-0.0033142	-0.01141	0.000609224	0.973348	-0.229333	0.011866	0.22931	0.973281	-0.23912	6.31737	66.5802	
0.999913	-0.00362389	-0.0127083	0.000539554	0.972058	-0.234739	0.0132038	0.234712	0.971975	-0.22792	6.52466	67.4492	
0.999894	-0.0039407	-0.0140044	0.000462427	0.970738	-0.24014	0.0145409	0.240108	0.970637	-0.215526	6.73677	68.317	
0.999874	-0.00426466	-0.0152986	0.000377848	0.969388	-0.245533	0.0158774	0.245497	0.969267	-0.201938	6.9537	69.1836	
0.999852	-0.00459577	-0.0165907	0.000285821	0.968008	-0.250921	0.0172131	0.250879	0.967865	-0.187156	7.17544	70.0489	
0.999828	-0.00493405	-0.017881	0.000186349	0.966597	-0.256301	0.0185483	0.256254	0.966432	-0.17118	7.40198	70.913	
0.999587	-0.00764102	-0.0276952	-0.000283583	0.961313	-0.275459	0.0287285	0.275353	0.960914	-0.15006	7.63947	71.774	
0.999243	-0.0105418	-0.0374507	-0.000955755	0.95565	-0.294502	0.0388944	0.294315	0.954917	-0.119851	7.89396	72.6299	
0.998795	-0.013635	-0.0471427	-0.00182983	0.949612	-0.313422	0.0490408	0.31313	0.948443	-0.0805669	8.16533	73.4802	
0.998244	-0.0169189	-0.0567664	-0.00290538	0.943202	-0.332208	0.0591628	0.331789	0.941496	-0.0322285	8.45344	74.3245	
0.99759	-0.0203921	-0.066317	-0.00418185	0.936422	-0.350851	0.0692553	0.350283	0.93408	0.0251405	8.75814	75.1624	
0.996834	-0.0240527	-0.0757897	-0.00565863	0.929276	-0.369342	0.0793132	0.368602	0.926198	0.0915113	9.07929	75.9935	
0.995975	-0.0278989	-0.0851797	-0.00733496	0.921768	-0.387672	0.0893316	0.386736	0.917853	0.166851	9.41673	76.8173	
0.995014	-0.0319289	-0.0944824	-0.00921001	0.913901	-0.405832	0.0993054	0.404678	0.909051	0.251122	9.77028	77.6334	
0.993953	-0.0361405	-0.103693	-0.0112829	0.90568	-0.423812	0.10923	0.422418	0.899795	0.344282	10.1398	78.4415	
0.99279	-0.0405317	-0.112807	-0.0135524	0.897108	-0.441603	0.119099	0.439948	0.890091	0.446285	10.525	79.2411	
0.991527	-0.0451004	-0.121821	-0.0160177	0.88819	-0.459197	0.12891	0.457258	0.879942	0.557079	10.9258	80.0318	
0.990165	-0.0498441	-0.130728	-0.0186773	0.87893	-0.476585	0.138656	0.474339	0.869354	0.67661	11.342	80.8133	
0.988703	-0.0547606	-0.139526	-0.0215299	0.869333	-0.493758	0.148333	0.491184	0.858333	0.804818	11.7734	81.5851	
0.987144	-0.0598475	-0.148209	-0.0245742	0.859403	-0.510708	0.157936	0.507785	0.846883	0.941639	12.2196	82.3469	
0.985487	-0.065102	-0.156773	-0.0278087	0.849146	-0.527426	0.16746	0.524131	0.835011	1.087	12.6806	83.0983	
0.983733	-0.0705218	-0.165214	-0.0312316	0.838566	-0.543904	0.1769	0.540217	0.822723	1.24084	13.1561	83.8388	
0.981884	-0.0761039	-0.173528	-0.0348414	0.827669	-0.560134	0.186252	0.556032	0.810024	1.40308	13.6458	84.5682	
0.97994	-0.0818458	-0.181711	-0.0386361	0.816461	-0.576107	0.195512	0.571571	0.79692	1.57362	14.1496	85.2861	
0.977902	-0.0877444	-0.189758	-0.0426139	0.804946	-0.591815	0.204674	0.586824	0.78342	1.7524	14.6671	85.9921	
