1	0	0	0	1	0	0	0	1	0	0	0	
1	-4.47279e-07	-0.000535978	-4.47279e-07	0.999999	-0.00166902	0.000535978	0.00166902	0.999998	0.000222377	0.000692474	0.829798	
0.999999	-1.79011e-06	-0.00107218	-1.79059e-06	0.999994	-0.00333963	0.00107218	0.00333963	0.999994	0.000889601	0.00277056	1.65959	
0.999999	-4.03001e-06	-0.00160859	-4.03194e-06	0.999987	-0.00501178	0.00160859	0.00501178	0.999986	0.00200185	0.00623555	2.48938	
0.999998	-7.16841e-06	-0.00214519	-7.17322e-06	0.999978	-0.00668542	0.00214519	0.00668542	0.999975	0.00355929	0.0110887	3.31916	
0.999996	-1.12066e-05	-0.00268195	-1.12162e-05	0.999965	-0.00836048	0.00268195	0.00836048	0.999961	0.00556206	0.0173312	4.14894	
0.999995	-1.61458e-05	-0.00321887	-1.61627e-05	0.99995	-0.0100369	0.00321887	0.0100369	0.999944	0.00801031	0.0249643	4.9787	
0.999993	-2.19871e-05	-0.00375592	-2.20141e-05	0.999931	-0.0117147	0.00375592	0.0117147	0.999924	0.0109041	0.033989	5.80844	
0.999991	-2.87314e-05	-0.00429309	-2.8772e-05	0.99991	-0.0133937	0.00429309	0.0133937	0.999901	0.0142437	0.0444065	6.63817	
0.999988	-3.63797e-05	-0.00483036	-3.64377e-05	0.999886	-0.015074	0.00483036	0.015074	0.999875	0.018029	0.0562177	7.46787	
0.999986	-4.49326e-05	-0.00536771	-4.50125e-05	0.99986	-0.0167554	0.00536771	0.0167554	0.999845	0.0222602	0.0694237	8.29755	
0.999983	-5.43909e-05	-0.00590513	-5.44974e-05	0.99983	-0.0184379	0.00590513	0.0184379	0.999813	0.0269373	0.0840254	9.12721	
0.999979	-6.47551e-05	-0.00644259	-6.48937e-05	0.999798	-0.0201215	0.00644259	0.0201215	0.999777	0.0320603	0.100024	9.95684	
0.999976	-7.60256e-05	-0.00698007	-7.6202e-05	0.999762	-0.021806	0.00698007	0.021806	0.999738	0.0376294	0.117419	10.7864	
0.999972	-8.82027e-05	-0.00751757	-8.84234e-05	0.999724	-0.0234915	0.00751757	0.0234915	0.999696	0.0436444	0.136213	11.616	
0.999968	-0.000101287	-0.00805506	-0.000101558	0.999683	-0.0251779	0.00805506	0.0251779	0.999651	0.0501055	0.156406	12.4455	
0.999963	-0.000115278	-0.00859253	-0.000115608	0.999639	-0.0268651	0.00859252	0.0268651	0.999602	0.0570125	0.177999	13.275	
0.999958	-0.000130175	-0.00912995	-0.000130572	0.999592	-0.0285531	0.00912994	0.0285531	0.999551	0.0643656	0.200992	14.1045	
0.999953	-0.00014598	-0.00966731	-0.000146451	0.999543	-0.0302419	0.0096673	0.0302419	0.999496	0.0721645	0.225386	14.9339	
0.999948	-0.000162691	-0.0102046	-0.000163246	0.99949	-0.0319312	0.0102046	0.0319312	0.999438	0.0804094	0.251181	15.7632	
0.999942	-0.000180309	-0.0107418	-0.000180956	0.999435	-0.0336212	0.0107418	0.0336212	0.999377	0.0891	0.278379	16.5925	
0.999936	-0.000198832	-0.0112789	-0.000199582	0.999376	-0.0353118	0.0112788	0.0353118	0.999313	0.0982363	0.306979	17.4218	
0.99993	-0.00021826	-0.0118158	-0.000219123	0.999315	-0.0370029	0.0118158	0.0370029	0.999245	0.107818	0.336983	18.251	
0.999924	-0.000238593	-0.0123526	-0.00023958	0.999251	-0.0386944	0.0123526	0.0386944	0.999175	0.117846	0.368389	19.0801	
0.999917	-0.00025983	-0.0128892	-0.000260951	0.999184	-0.0403863	0.0128892	0.0403863	0.999101	0.128318	0.4012	19.9092	
0.99991	-0.00028197	-0.0134257	-0.000283238	0.999114	-0.0420785	0.0134256	0.0420785	0.999024	0.139236	0.435414	20.7382	
0.999902	-0.000305011	-0.0139619	-0.000306439	0.999042	-0.0437711	0.0139619	0.0437711	0.998944	0.1506	0.471033	21.5672	
0.999895	-0.000328954	-0.0144979	-0.000330553	0.998966	-0.0454638	0.0144979	0.0454638	0.998861	0.162407	0.508057	22.3961	
0.999887	-0.000353796	-0.0150337	-0.00035558	0.998887	-0.0471568	0.0150337	0.0471568	0.998774	0.17466	0.546485	23.2249	
0.999879	-0.000379536	-0.0155693	-0.000381519	0.998806	-0.0488498	0.0155692	0.0488498	0.998685	0.187357	0.586318	24.0536	
0.99987	-0.000406173	-0.0161045	-0.00040837	0.998722	-0.050543	0.0161045	0.050543	0.998592	0.200499	0.627556	24.8823	
0.999861	-0.000433706	-0.0166395	-0.00043613	0.998635	-0.0522361	0.0166395	0.0522361	0.998496	0.214084	0.670199	25.7109	
0.999852	-0.000462132	-0.0171742	-0.000464799	0.998545	-0.0539292	0.0171741	0.0539292	0.998397	0.228113	0.714247	26.5394	
0.999843	-0.00049145	-0.0177085	-0.000494376	0.998452	-0.0556222	0.0177085	0.0556222	0.998295	0.242586	0.7597	27.3678	
0.999833	-0.000521658	-0.0182426	-0.000524859	0.998356	-0.057315	0.0182425	0.057315	0.998189	0.257502	0.806557	28.1962	
0.999824	-0.000552755	-0.0187762	-0.000556247	0.998257	-0.0590076	0.0187761	0.0590077	0.998081	0.272861	0.854819	29.0244	
0.999813	-0.000584737	-0.0193095	-0.000588539	0.998156	-0.0607	0.0193094	0.0607001	0.997969	0.288663	0.904486	29.8526	
0.999803	-0.000617603	-0.0198424	-0.000621731	0.998052	-0.0623921	0.0198423	0.0623921	0.997854	0.304907	0.955557	30.6806	
0.999792	-0.000651351	-0.0203749	-0.000655824	0.997944	-0.0640838	0.0203747	0.0640838	0.997737	0.321593	1.00803	31.5086	
0.999781	-0.000685978	-0.020907	-0.000690814	0.997834	-0.065775	0.0209068	0.0657751	0.997615	0.33872	1.06191	32.3365	
0.99977	-0.000721482	-0.0214386	-0.0007267	0.997721	-0.0674658	0.0214384	0.0674658	0.997491	0.356289	1.11719	33.1642	
0.999758	-0.00075786	-0.0219697	-0.000763479	0.997606	-0.069156	0.0219695	0.0691561	0.997364	0.374299	1.17388	33.9919	
0.999747	-0.000795109	-0.0225004	-0.00080115	0.997487	-0.0708457	0.0225002	0.0708458	0.997233	0.39275	1.23196	34.8195	
0.999734	-0.000833227	-0.0230306	-0.00083971	0.997366	-0.0725347	0.0230304	0.0725348	0.9971	0.41164	1.29145	35.6469	
0.999722	-0.00087221	-0.0235603	-0.000879157	0.997241	-0.074223	0.02356	0.0742231	0.996963	0.430971	1.35234	36.4742	
0.999709	-0.000912057	-0.0240895	-0.000919488	0.997114	-0.0759106	0.0240892	0.0759106	0.996824	0.45074	1.41463	37.3015	
0.999696	-0.000952762	-0.0246181	-0.0009607	0.996984	-0.0775973	0.0246178	0.0775974	0.996681	0.470949	1.47832	38.1286	
0.999683	-0.000994324	-0.0251461	-0.00100279	0.996852	-0.0792832	0.0251458	0.0792833	0.996535	0.491596	1.54341	38.9556	
0.99967	-0.00103674	-0.0256736	-0.00104576	0.996716	-0.0809682	0.0256733	0.0809683	0.996386	0.51268	1.6099	39.7824	
0.999656	-0.00108	-0.0262005	-0.0010896	0.996578	-0.0826522	0.0262001	0.0826523	0.996234	0.534203	1.67779	40.6091	
0.999642	-0.00112411	-0.0267268	-0.0011343	0.996437	-0.0843351	0.0267264	0.0843353	0.996079	0.556162	1.74707	41.4358	
0.999628	-0.00116907	-0.0272525	-0.00117988	0.996293	-0.086017	0.027252	0.0860172	0.995921	0.578557	1.81775	42.2622	
0.999613	-0.00121486	-0.0277775	-0.00122632	0.996146	-0.0876978	0.027777	0.087698	0.99576	0.601389	1.88982	43.0886	
0.999599	-0.00126149	-0.0283018	-0.00127362	0.995997	-0.0893774	0.0283013	0.0893776	0.995596	0.624656	1.96329	43.9148	
0.999584	-0.00130894	-0.0288255	-0.00132177	0.995845	-0.0910557	0.0288249	0.0910559	0.995429	0.648357	2.03815	44.7409	
0.999568	-0.00135723	-0.0293485	-0.00137078	0.99569	-0.0927328	0.0293479	0.092733	0.995258	0.672493	2.11441	45.5668	
0.999553	-0.00140634	-0.0298708	-0.00142064	0.995533	-0.0944085	0.0298701	0.0944087	0.995085	0.697062	2.19205	46.3926	
0.999589	-0.00129021	-0.0286415	-0.00139696	0.995609	-0.093603	0.0286365	0.0936045	0.995198	0.721337	2.27006	47.2184	
0.999624	-0.00117493	-0.0274104	-0.00137427	0.995684	-0.0927971	0.0274012	0.0927999	0.995308	0.744587	2.3474	48.0442	
0.999657	-0.00106049	-0.0261777	-0.00135258	0.995759	-0.0919909	0.0261642	0.0919947	0.995416	0.766811	2.42407	48.8702	
0.999688	-0.00094692	-0.0249433	-0.00133188	0.995833	-0.0911844	0.0249257	0.0911892	0.995522	0.788008	2.50007	49.6962	
0.999719	-0.00083421	-0.0237073	-0.00131218	0.995907	-0.0903775	0.0236857	0.0903831	0.995625	0.808177	2.5754	50.5223	
0.999747	-0.000722374	-0.0224698	-0.00129348	0.99598	-0.0895702	0.0224442	0.0895766	0.995727	0.827316	2.65007	51.3485	
0.999774	-0.000611419	-0.0212308	-0.00127578	0.996052	-0.0887626	0.0212012	0.0887697	0.995827	0.845425	2.72406	52.1748	
0.9998	-0.000501352	-0.0199903	-0.00125909	0.996124	-0.0879547	0.0199569	0.0879623	0.995924	0.862501	2.79739	53.0012	
0.999824	-0.00039218	-0.0187485	-0.0012434	0.996195	-0.0871465	0.0187113	0.0871545	0.996019	0.878545	2.87005	53.8277	
0.999847	-0.00028391	-0.0175054	-0.00122872	0.996265	-0.086338	0.0174645	0.0863463	0.996112	0.893554	2.94203	54.6542	
0.999868	-0.000176549	-0.0162609	-0.00121504	0.996335	-0.0855292	0.0162164	0.0855376	0.996203	0.907528	3.01335	55.4808	
0.999887	-7.01033e-05	-0.0150153	-0.00120238	0.996404	-0.08472	0.0149672	0.0847286	0.996292	0.920466	3.08399	56.3075	
0.999905	3.54196e-05	-0.0137685	-0.00119073	0.996473	-0.0839106	0.0137169	0.0839191	0.996378	0.932367	3.15396	57.1343	
0.999922	0.000140013	-0.0125205	-0.00118009	0.99654	-0.0831009	0.0124656	0.0831092	0.996462	0.94323	3.22326	57.9611	
0.999936	0.000243672	-0.0112716	-0.00117047	0.996608	-0.0822909	0.0112133	0.0822989	0.996545	0.953055	3.29189	58.788	
0.99995	0.000346389	-0.0100216	-0.00116186	0.996674	-0.0814807	0.00996001	0.0814882	0.996625	0.961839	3.35984	59.6149	
0.999961	0.000448159	-0.00877062	-0.00115427	0.99674	-0.0806701	0.00870587	0.0806771	0.996702	0.969584	3.42713	60.442	
0.999972	0.000548974	-0.00751878	-0.0011477	0.996805	-0.0798593	0.00745092	0.0798657	0.996778	0.976287	3.49374	61.2691	
0.99998	0.000648831	-0.00626609	-0.00114215	0.99687	-0.0790483	0.00619519	0.0790539	0.996851	0.981949	3.55967	62.0962	
0.999987	0.000747722	-0.00501261	-0.00113762	0.996934	-0.078237	0.00493874	0.0782417	0.996922	0.986568	3.62493	62.9234	
0.999993	0.000845642	-0.0037584	-0.00113411	0.996998	-0.0774254	0.00368164	0.0774291	0.996991	0.990145	3.68952	63.7507	
0.999996	0.000942586	-0.0025035	-0.00113162	0.99706	-0.0766137	0.00242392	0.0766162	0.997058	0.992678	3.75343	64.578	
0.999999	0.00103855	-0.00124797	-0.00113016	0.997122	-0.0758016	0.00116566	0.075803	0.997122	0.994168	3.81667	65.4054	
0.999999	0.00113352	8.13127e-06	-0.00112972	0.997184	-0.0749894	-9.31107e-05	0.0749894	0.997184	0.994613	3.87924	66.2329	
0.999998	0.00122751	0.00126476	-0.00113031	0.997244	-0.074177	-0.00135232	0.0741754	0.997244	0.994013	3.94112	67.0603	
0.999996	0.0013205	0.00252185	-0.00113193	0.997305	-0.0733643	-0.00261193	0.0733611	0.997302	0.992368	4.00234	67.8879	
0.999992	0.00141248	0.00377936	-0.00113457	0.997364	-0.0725514	-0.00387187	0.0725465	0.997358	0.989678	4.06287	68.7155	
0.999986	0.00150346	0.00503723	-0.00113824	0.997423	-0.0717384	-0.0051321	0.0717316	0.997411	0.985942	4.12273	69.5431	
0.999979	0.00159343	0.0062954	-0.00114294	0.997481	-0.0709251	-0.00639256	0.0709164	0.997462	0.981161	4.18192	70.3708	
0.99997	0.00168238	0.00755383	-0.00114866	0.997538	-0.0701116	-0.00765319	0.0701009	0.997511	0.975333	4.24043	71.1985	
0.999805	0.00242651	0.019596	-0.00137944	0.998579	-0.053271	-0.0196974	0.0532336	0.998388	0.963985	4.2916	72.0266	
0.999495	0.00296697	0.0316461	-0.00181339	0.999335	-0.0364192	-0.0317331	0.0363434	0.998835	0.942646	4.32877	72.8553	
0.999039	0.00330352	0.043699	-0.00245033	0.999806	-0.0195634	-0.0437552	0.0194376	0.998853	0.911325	4.35191	73.6841	
0.998439	0.00343602	0.0557496	-0.00328999	0.999991	-0.00271101	-0.0557584	0.00252336	0.998441	0.870035	4.36102	74.5128	
0.997694	0.00336441	0.0677926	-0.004332	0.999891	0.0141308	-0.0677376	-0.0143919	0.997599	0.818795	4.3561	75.341	
0.996804	0.00308873	0.0798228	-0.00557592	0.999505	0.0309549	-0.0796877	-0.031301	0.996328	0.757626	4.33714	76.1683	
0.995771	0.00260908	0.0918352	-0.00702122	0.998834	0.0477538	-0.0916035	-0.0481966	0.994629	0.686555	4.30416	76.9944	
0.994594	0.00192569	0.103824	-0.00866726	0.997879	0.0645205	-0.10348	-0.0650715	0.992501	0.605612	4.25716	77.8189	
0.993274	0.00103883	0.115785	-0.0105133	0.996638	0.0812476	-0.115312	-0.0819184	0.989946	0.514832	4.19617	78.6414	
0.991811	-5.10993e-05	0.127713	-0.0125587	0.995114	0.097928	-0.127094	-0.09873	0.986965	0.414255	4.12122	79.4617	
0.990207	-0.00134364	0.139602	-0.0148024	0.993307	0.114555	-0.138821	-0.115499	0.983559	0.303923	4.03233	80.2793	
0.988461	-0.00283823	0.151447	-0.0172435	0.991217	0.13112	-0.150489	-0.132219	0.97973	0.183884	3.92955	81.0939	
0.986575	-0.00453423	0.163244	-0.0198809	0.988845	0.147617	-0.162092	-0.148881	0.97548	0.0541894	3.81292	81.9051	
