1	0	0	0	1	0	0	0	1	0	0	0	
0.999999	-1.99966e-06	0.00159882	-1.99966e-06	0.999997	0.00250141	-0.00159882	-0.00250141	0.999996	-0.000606824	-0.000949401	0.75909	
0.999995	-8.00306e-06	0.00319821	-8.00605e-06	0.999987	0.0050056	-0.00319821	-0.0050056	0.999982	-0.00242752	-0.00379866	1.51817	
0.999988	-1.80174e-05	0.00479814	-1.80294e-05	0.999972	0.0075125	-0.00479814	-0.0075125	0.99996	-0.0054625	-0.00854985	2.27724	
0.99998	-3.20495e-05	0.00639856	-3.20795e-05	0.99995	0.0100221	-0.00639856	-0.0100221	0.999929	-0.00971216	-0.015205	3.03629	
0.999968	-5.0106e-05	0.00799944	-5.0166e-05	0.999921	0.0125342	-0.00799944	-0.0125342	0.999889	-0.0151769	-0.0237661	3.79531	
0.999954	-7.21932e-05	0.00960073	-7.22983e-05	0.999887	0.0150489	-0.00960073	-0.0150489	0.999841	-0.0218569	-0.0342352	4.5543	
0.999937	-9.83171e-05	0.0112024	-9.84854e-05	0.999846	0.017566	-0.0112024	-0.017566	0.999783	-0.0297527	-0.046614	5.31325	
0.999918	-0.000128483	0.0128044	-0.000128736	0.999798	0.0200855	-0.0128044	-0.0200855	0.999716	-0.0388643	-0.0609045	6.07215	
0.999896	-0.000162698	0.0144067	-0.000163059	0.999744	0.0226074	-0.0144067	-0.0226074	0.999641	-0.0491922	-0.0771084	6.831	
0.999872	-0.000200965	0.0160092	-0.000201462	0.999684	0.0251316	-0.0160092	-0.0251316	0.999556	-0.0607364	-0.0952276	7.58979	
0.999845	-0.00024329	0.0176119	-0.000243953	0.999617	0.027658	-0.0176119	-0.027658	0.999462	-0.0734971	-0.115264	8.34851	
0.999815	-0.000289677	0.0192149	-0.00029054	0.999544	0.0301866	-0.0192148	-0.0301866	0.99936	-0.0874746	-0.137218	9.10715	
0.999783	-0.000340131	0.0208179	-0.00034123	0.999465	0.0327172	-0.0208179	-0.0327173	0.999248	-0.102669	-0.161093	9.86571	
0.999749	-0.000394655	0.022421	-0.00039603	0.999378	0.0352499	-0.022421	-0.03525	0.999127	-0.11908	-0.18689	10.6242	
0.999711	-0.000453254	0.0240242	-0.000454947	0.999286	0.0377846	-0.0240242	-0.0377847	0.998997	-0.136708	-0.21461	11.3826	
0.999671	-0.00051593	0.0256274	-0.000517987	0.999187	0.0403212	-0.0256273	-0.0403213	0.998858	-0.155553	-0.244255	12.1408	
0.999629	-0.000582687	0.0272305	-0.000585158	0.999081	0.0428597	-0.0272305	-0.0428597	0.99871	-0.175615	-0.275826	12.899	
0.999584	-0.000653528	0.0288336	-0.000656464	0.998969	0.0453999	-0.0288335	-0.0454	0.998553	-0.196894	-0.309324	13.6571	
0.999536	-0.000728454	0.0304366	-0.000731911	0.99885	0.0479419	-0.0304365	-0.047942	0.998386	-0.21939	-0.344752	14.415	
0.999486	-0.00080747	0.0320394	-0.000811505	0.998724	0.0504856	-0.0320393	-0.0504856	0.998211	-0.243102	-0.38211	15.1728	
0.999434	-0.000890575	0.033642	-0.00089525	0.998592	0.0530308	-0.0336419	-0.0530309	0.998026	-0.268031	-0.421399	15.9305	
0.999378	-0.000977772	0.0352444	-0.000983152	0.998454	0.0555776	-0.0352443	-0.0555777	0.997832	-0.294176	-0.462621	16.688	
0.99932	-0.00106906	0.0368465	-0.00107521	0.998309	0.0581259	-0.0368464	-0.058126	0.997629	-0.321538	-0.505777	17.4453	
0.99926	-0.00116445	0.0384483	-0.00117144	0.998157	0.0606756	-0.0384481	-0.0606758	0.997417	-0.350116	-0.550867	18.2026	
0.999197	-0.00126393	0.0400498	-0.00127184	0.997998	0.0632267	-0.0400495	-0.0632269	0.997195	-0.379909	-0.597894	18.9596	
0.999131	-0.0013675	0.0416509	-0.00137641	0.997833	0.0657791	-0.0416506	-0.0657793	0.996965	-0.410918	-0.646858	19.7165	
0.999063	-0.00147518	0.0432515	-0.00148516	0.997661	0.0683327	-0.0432512	-0.0683329	0.996725	-0.443142	-0.697759	20.4732	
0.998992	-0.00158694	0.0448517	-0.00159808	0.997483	0.0708875	-0.0448513	-0.0708878	0.996475	-0.476581	-0.7506	21.2297	
0.998919	-0.00170281	0.0464513	-0.00171519	0.997298	0.0734434	-0.0464509	-0.0734437	0.996217	-0.511235	-0.80538	21.986	
0.998843	-0.00182277	0.0480504	-0.00183648	0.997106	0.0760004	-0.0480499	-0.0760007	0.995949	-0.547102	-0.862101	22.7421	
0.998765	-0.00194682	0.049649	-0.00196196	0.996908	0.0785583	-0.0496484	-0.0785587	0.995672	-0.584183	-0.920764	23.498	
0.998684	-0.00207497	0.0512469	-0.00209163	0.996702	0.0811172	-0.0512462	-0.0811176	0.995386	-0.622477	-0.981368	24.2537	
0.9986	-0.0022072	0.0528441	-0.00222549	0.99649	0.083677	-0.0528433	-0.0836774	0.995091	-0.661984	-1.04392	25.0092	
0.998514	-0.00234353	0.0544406	-0.00236354	0.996272	0.0862375	-0.0544397	-0.0862381	0.994786	-0.702702	-1.10841	25.7645	
0.998426	-0.00248395	0.0560364	-0.00250578	0.996046	0.0887988	-0.0560354	-0.0887994	0.994472	-0.744633	-1.17484	26.5195	
0.998334	-0.00262845	0.0576314	-0.00265222	0.995814	0.0913608	-0.0576303	-0.0913615	0.994149	-0.787774	-1.24322	27.2742	
0.998241	-0.00277703	0.0592256	-0.00280285	0.995575	0.0939234	-0.0592244	-0.0939241	0.993816	-0.832126	-1.31354	28.0288	
0.998145	-0.00292969	0.0608189	-0.00295768	0.99533	0.0964865	-0.0608175	-0.0964874	0.993474	-0.877687	-1.38581	28.783	
0.998046	-0.00308644	0.0624113	-0.0031167	0.995078	0.0990502	-0.0624098	-0.0990511	0.993123	-0.924458	-1.46003	29.537	
0.997944	-0.00324725	0.0640028	-0.00327992	0.994818	0.101614	-0.0640012	-0.101615	0.992763	-0.972436	-1.53619	30.2908	
0.997841	-0.00341213	0.0655933	-0.00344733	0.994553	0.104179	-0.0655915	-0.10418	0.992393	-1.02162	-1.6143	31.0442	
0.997734	-0.00358108	0.0671828	-0.00361893	0.99428	0.106743	-0.0671808	-0.106745	0.992014	-1.07202	-1.69436	31.7974	
0.997625	-0.0037541	0.0687713	-0.00379473	0.994001	0.109309	-0.0687691	-0.10931	0.991626	-1.12362	-1.77636	32.5503	
0.997514	-0.00393116	0.0703587	-0.00397471	0.993714	0.111874	-0.0703562	-0.111875	0.991228	-1.17642	-1.86031	33.3029	
0.9974	-0.00411229	0.0719449	-0.00415888	0.993422	0.114439	-0.0719422	-0.114441	0.990822	-1.23043	-1.94621	34.0552	
0.997284	-0.00429745	0.07353	-0.00434724	0.993122	0.117004	-0.073527	-0.117006	0.990406	-1.28564	-2.03405	34.8071	
0.997165	-0.00448666	0.0751138	-0.00453979	0.992815	0.11957	-0.0751107	-0.119572	0.98998	-1.34206	-2.12384	35.5588	
0.997044	-0.00467991	0.0766965	-0.00473652	0.992502	0.122135	-0.076693	-0.122137	0.989546	-1.39967	-2.21558	36.3101	
0.99692	-0.00487719	0.0782778	-0.00493742	0.992182	0.1247	-0.0782741	-0.124703	0.989102	-1.45849	-2.30927	37.0611	
0.996793	-0.00507849	0.0798579	-0.00514251	0.991855	0.127265	-0.0798538	-0.127268	0.988649	-1.51851	-2.4049	37.8117	
0.996665	-0.00528381	0.0814366	-0.00535176	0.991522	0.12983	-0.0814321	-0.129833	0.988186	-1.57972	-2.50249	38.562	
0.996533	-0.00549314	0.0830139	-0.00556519	0.991181	0.132395	-0.0830091	-0.132398	0.987715	-1.64213	-2.60201	39.312	
0.996614	-0.0053626	0.0820456	-0.00569091	0.990979	0.133899	-0.0820235	-0.133913	0.987593	-1.70477	-2.70309	40.0617	
0.996694	-0.00523023	0.081075	-0.00581559	0.990773	0.13541	-0.0810351	-0.135434	0.987467	-1.76666	-2.80532	40.8113	
0.996774	-0.00509601	0.0801019	-0.0059392	0.990564	0.136925	-0.0800438	-0.136959	0.987337	-1.8278	-2.90871	41.5608	
0.996852	-0.00495995	0.0791266	-0.00606171	0.990351	0.138446	-0.0790498	-0.138489	0.987204	-1.88818	-3.01325	42.3103	
0.99693	-0.00482204	0.078149	-0.00618309	0.990136	0.139971	-0.0780531	-0.140024	0.987067	-1.94781	-3.11896	43.0596	
0.997007	-0.00468229	0.0771693	-0.00630333	0.989918	0.141501	-0.0770538	-0.141564	0.986926	-2.00668	-3.22584	43.8088	
0.997083	-0.00454068	0.0761875	-0.00642239	0.989697	0.143036	-0.076052	-0.143108	0.986781	-2.06479	-3.33388	44.5579	
0.997158	-0.00439722	0.0752037	-0.00654026	0.989472	0.144575	-0.0750477	-0.144656	0.986632	-2.12214	-3.4431	45.3069	
0.997233	-0.00425191	0.074218	-0.0066569	0.989245	0.146119	-0.074041	-0.146209	0.986479	-2.17872	-3.5535	46.0558	
0.997307	-0.00410475	0.0732304	-0.0067723	0.989014	0.147667	-0.073032	-0.147765	0.986322	-2.23454	-3.66507	46.8046	
0.997379	-0.00395572	0.072241	-0.00688644	0.98878	0.149219	-0.0720207	-0.149326	0.986162	-2.2896	-3.77783	47.5532	
0.997451	-0.00380485	0.0712498	-0.00699929	0.988543	0.150775	-0.0710072	-0.15089	0.985997	-2.34388	-3.89178	48.3017	
0.997522	-0.00365212	0.0702571	-0.00711082	0.988303	0.152335	-0.0699916	-0.152457	0.985829	-2.3974	-4.00691	49.0501	
0.997592	-0.00349754	0.0692627	-0.00722102	0.98806	0.153898	-0.068974	-0.154028	0.985656	-2.45014	-4.12324	49.7984	
0.997662	-0.0033411	0.0682668	-0.00732988	0.987814	0.155465	-0.0679543	-0.155602	0.98548	-2.50211	-4.24076	50.5466	
0.99773	-0.00318281	0.0672695	-0.00743735	0.987565	0.157036	-0.0669328	-0.157179	0.985299	-2.55331	-4.35947	51.2946	
0.997797	-0.00302268	0.0662707	-0.00754344	0.987313	0.158609	-0.0659094	-0.15876	0.985115	-2.60373	-4.47939	52.0424	
0.997863	-0.00286069	0.0652707	-0.00764811	0.987057	0.160186	-0.0648842	-0.160343	0.984927	-2.65337	-4.6005	52.7901	
0.997929	-0.00269686	0.0642694	-0.00775135	0.986799	0.161765	-0.0638572	-0.161928	0.984734	-2.70223	-4.72282	53.5377	
0.997993	-0.00253119	0.0632669	-0.00785315	0.986537	0.163348	-0.0628287	-0.163517	0.984538	-2.75032	-4.84634	54.2851	
0.998057	-0.00236369	0.0622634	-0.00795347	0.986273	0.164933	-0.0617985	-0.165107	0.984338	-2.79762	-4.97107	55.0324	
0.99812	-0.00219434	0.0612587	-0.00805231	0.986005	0.16652	-0.0607668	-0.1667	0.984133	-2.84414	-5.097	55.7795	
0.998181	-0.00202317	0.0602531	-0.00814964	0.985735	0.16811	-0.0597337	-0.168295	0.983925	-2.88987	-5.22415	56.5265	
0.998242	-0.00185018	0.0592466	-0.00824546	0.985461	0.169702	-0.0586992	-0.169892	0.983713	-2.93482	-5.3525	57.2733	
0.998301	-0.00167536	0.0582392	-0.00833975	0.985184	0.171296	-0.0576633	-0.17149	0.983497	-2.97899	-5.48207	58.02	
0.99836	-0.00149873	0.057231	-0.00843248	0.984905	0.172891	-0.0566262	-0.17309	0.983277	-3.02237	-5.61286	58.7664	
0.998417	-0.00132029	0.0562222	-0.00852365	0.984622	0.174489	-0.055588	-0.174692	0.983053	-3.06496	-5.74486	59.5128	
0.998474	-0.00114005	0.0552126	-0.00861325	0.984337	0.176088	-0.0545486	-0.176295	0.982825	-3.10676	-5.87807	60.2589	
0.99853	-0.000958009	0.0542025	-0.00870125	0.984048	0.177689	-0.0535081	-0.177899	0.982593	-3.14777	-6.01251	61.0049	
0.998584	-0.000774183	0.0531919	-0.00878764	0.983757	0.179291	-0.0524667	-0.179504	0.982357	-3.18799	-6.14816	61.7506	
0.998637	-0.000588576	0.0521807	-0.00887242	0.983463	0.180894	-0.0514243	-0.18111	0.982117	-3.22743	-6.28503	62.4963	
0.99869	-0.000401196	0.0511692	-0.00895557	0.983165	0.182498	-0.050381	-0.182717	0.981874	-3.26607	-6.42312	63.2417	
0.998741	-0.000212051	0.0501574	-0.00903707	0.982865	0.184103	-0.049337	-0.184324	0.981626	-3.30391	-6.56243	63.9869	
0.998792	-2.11511e-05	0.0491453	-0.00911693	0.982563	0.185708	-0.0482923	-0.185932	0.981375	-3.34097	-6.70295	64.732	
0.998841	0.000171496	0.048133	-0.00919512	0.982257	0.187314	-0.0472468	-0.18754	0.98112	-3.37723	-6.8447	65.4768	
0.998889	0.000365879	0.0471205	-0.00927164	0.981949	0.188921	-0.0462008	-0.189148	0.980861	-3.4127	-6.98767	66.2215	
0.998936	0.000561989	0.046108	-0.00934647	0.981637	0.190528	-0.0451543	-0.190756	0.980598	-3.44737	-7.13187	66.9659	
0.998982	0.000759815	0.0450955	-0.00941962	0.981323	0.192135	-0.0441073	-0.192364	0.980332	-3.48125	-7.27728	67.7102	
0.999027	0.000959346	0.044083	-0.00949106	0.981007	0.193741	-0.0430599	-0.193971	0.980062	-3.51433	-7.42391	68.4543	
0.999071	0.00116057	0.0430706	-0.0095608	0.980687	0.195348	-0.0420121	-0.195578	0.979788	-3.54662	-7.57176	69.1981	
0.999114	0.00136348	0.0420584	-0.00962883	0.980365	0.196954	-0.0409641	-0.197185	0.97951	-3.57811	-7.72083	69.9418	
0.999156	0.00156805	0.0410465	-0.00969513	0.980041	0.19856	-0.0399159	-0.19879	0.979229	-3.60881	-7.87112	70.6852	
0.999708	0.00504502	0.0236154	-0.00948935	0.981336	0.192066	-0.0222056	-0.192234	0.981098	-3.63239	-8.01954	71.4292	
0.999946	0.00840479	0.00615417	-0.00940093	0.982588	0.185561	-0.00448741	-0.185609	0.982613	-3.64252	-8.16295	72.1746	
0.999868	0.0116461	-0.0113308	-0.0094299	0.983795	0.179048	0.0132324	-0.178917	0.983775	-3.6392	-8.30131	72.9209	
0.999475	0.0147679	-0.0288334	-0.00957624	0.984958	0.172527	0.0309475	-0.172161	0.984583	-3.62243	-8.43456	73.668	
0.998767	0.017769	-0.0463471	-0.00983992	0.986076	0.166003	0.0486514	-0.165342	0.985036	-3.59222	-8.56267	74.4156	
