1	0	0	0	1	0	0	0	1	0	0	0	
1	-1.88763e-06	-0.000909699	-1.88763e-06	0.999991	-0.00415	0.000909699	0.00415	0.999991	0.000393514	0.00179519	0.865149	
0.999998	-7.56554e-06	-0.00182162	-7.55843e-06	0.999966	-0.00830233	0.00182162	0.00830233	0.999964	0.00157502	0.00718177	1.73028	
0.999996	-1.70543e-05	-0.00273574	-1.70259e-05	0.999922	-0.0124569	0.00273574	0.0124569	0.999919	0.00354643	0.0161617	2.59538	
0.999993	-3.03744e-05	-0.00365204	-3.03032e-05	0.999862	-0.0166135	0.00365204	0.0166135	0.999855	0.00630963	0.0287369	3.46044	
0.99999	-4.75459e-05	-0.00457049	-4.74035e-05	0.999784	-0.0207721	0.00457049	0.0207721	0.999774	0.0098665	0.044909	4.32543	
0.999985	-6.8589e-05	-0.00549106	-6.83396e-05	0.999689	-0.0249326	0.00549106	0.0249326	0.999674	0.0142189	0.0646798	5.19035	
0.999979	-9.35233e-05	-0.00641373	-9.31241e-05	0.999577	-0.0290947	0.00641374	0.0290947	0.999556	0.0193686	0.0880507	6.05517	
0.999973	-0.000122369	-0.00733848	-0.000121769	0.999447	-0.0332585	0.00733849	0.0332585	0.99942	0.0253175	0.115023	6.91988	
0.999966	-0.000155144	-0.00826528	-0.000154288	0.999299	-0.0374238	0.0082653	0.0374238	0.999265	0.0320674	0.145599	7.78446	
0.999958	-0.00019187	-0.00919411	-0.000190691	0.999135	-0.0415905	0.00919414	0.0415904	0.999092	0.0396199	0.179778	8.6489	
0.999949	-0.000232564	-0.0101249	-0.000230992	0.998953	-0.0457583	0.010125	0.0457583	0.998901	0.0479769	0.217563	9.51319	
0.999939	-0.000277246	-0.0110577	-0.000275201	0.998753	-0.0499274	0.0110578	0.0499274	0.998692	0.0571401	0.258955	10.3773	
0.999928	-0.000325933	-0.0119925	-0.00032333	0.998536	-0.0540974	0.0119926	0.0540974	0.998464	0.0671111	0.303953	11.2412	
0.999916	-0.000378646	-0.0129292	-0.000375389	0.998301	-0.0582683	0.0129293	0.0582683	0.998217	0.0778917	0.35256	12.1049	
0.999904	-0.000435401	-0.0138677	-0.000431391	0.998049	-0.06244	0.0138679	0.06244	0.997952	0.0894835	0.404776	12.9684	
0.99989	-0.000496217	-0.0148082	-0.000491346	0.997779	-0.0666123	0.0148083	0.0666123	0.997669	0.101888	0.460601	13.8317	
0.999876	-0.000561112	-0.0157505	-0.000555264	0.997491	-0.0707852	0.0157507	0.0707852	0.997367	0.115107	0.520036	14.6947	
0.99986	-0.000630103	-0.0166946	-0.000623155	0.997186	-0.0749585	0.0166948	0.0749584	0.997047	0.129142	0.583081	15.5574	
0.999844	-0.000703208	-0.0176405	-0.000695031	0.996864	-0.079132	0.0176408	0.079132	0.996708	0.143995	0.649737	16.4199	
0.999827	-0.000780445	-0.0185881	-0.0007709	0.996524	-0.0833058	0.0185885	0.0833057	0.996351	0.159667	0.720003	17.282	
0.999809	-0.000861829	-0.0195375	-0.000850772	0.996166	-0.0874796	0.019538	0.0874795	0.995975	0.17616	0.793881	18.1439	
0.99979	-0.000947377	-0.0204886	-0.000934657	0.995791	-0.0916533	0.0204892	0.0916531	0.99558	0.193475	0.87137	19.0054	
0.99977	-0.00103711	-0.0214414	-0.00102256	0.995397	-0.0958268	0.0214421	0.0958266	0.995167	0.211613	0.952469	19.8665	
0.999749	-0.00113104	-0.0223959	-0.0011145	0.994987	-0.1	0.0223967	0.0999998	0.994735	0.230577	1.03718	20.7273	
0.999727	-0.00122918	-0.023352	-0.00121048	0.994558	-0.104173	0.0233529	0.104173	0.994285	0.250367	1.1255	21.5877	
0.999704	-0.00133155	-0.0243097	-0.00131051	0.994112	-0.108345	0.0243108	0.108345	0.993816	0.270985	1.21743	22.4477	
0.99968	-0.00143817	-0.0252689	-0.00141459	0.993649	-0.112517	0.0252703	0.112516	0.993328	0.292433	1.31297	23.3073	
0.999655	-0.00154905	-0.0262297	-0.00152274	0.993168	-0.116687	0.0262313	0.116687	0.992822	0.314711	1.41212	24.1665	
0.999629	-0.0016642	-0.0271921	-0.00163497	0.992669	-0.120857	0.0271938	0.120857	0.992297	0.337822	1.51487	25.0252	
0.999602	-0.00178365	-0.0281559	-0.00175127	0.992152	-0.125026	0.0281579	0.125026	0.991754	0.361765	1.62124	25.8834	
0.999574	-0.0019074	-0.0291212	-0.00187167	0.991618	-0.129194	0.0291235	0.129193	0.991192	0.386544	1.7312	26.7412	
0.999545	-0.00203547	-0.0300879	-0.00199616	0.991066	-0.13336	0.0300906	0.13336	0.990611	0.412159	1.84478	27.5985	
0.999515	-0.00216788	-0.0310561	-0.00212475	0.990496	-0.137526	0.031059	0.137525	0.990011	0.438611	1.96196	28.4553	
0.999484	-0.00230464	-0.0320256	-0.00225745	0.989909	-0.141689	0.0320289	0.141688	0.989393	0.465901	2.08274	29.3115	
0.999452	-0.00244577	-0.0329964	-0.00239428	0.989304	-0.145851	0.0330002	0.14585	0.988756	0.494031	2.20712	30.1672	
0.99942	-0.00259127	-0.0339686	-0.00253522	0.988681	-0.150011	0.0339729	0.150011	0.988101	0.523002	2.3351	31.0223	
0.999386	-0.00274116	-0.0349421	-0.00268029	0.988041	-0.15417	0.0349468	0.154169	0.987426	0.552815	2.46668	31.8769	
0.999351	-0.00289546	-0.0359169	-0.0028295	0.987383	-0.158326	0.0359221	0.158325	0.986733	0.583471	2.60186	32.7309	
0.999315	-0.00305417	-0.0368929	-0.00298286	0.986707	-0.162481	0.0368987	0.162479	0.986022	0.614972	2.74063	33.5843	
0.999277	-0.00321731	-0.0378701	-0.00314036	0.986014	-0.166633	0.0378765	0.166632	0.985291	0.647318	2.883	34.437	
0.999239	-0.0033849	-0.0388485	-0.00330201	0.985303	-0.170783	0.0388556	0.170781	0.984543	0.68051	3.02896	35.2891	
0.9992	-0.00355694	-0.039828	-0.00346782	0.984575	-0.17493	0.0398358	0.174929	0.983775	0.71455	3.1785	36.1406	
0.99916	-0.00373345	-0.0408086	-0.0036378	0.983829	-0.179075	0.0408173	0.179073	0.982989	0.749439	3.33164	36.9913	
0.999119	-0.00391444	-0.0417904	-0.00381194	0.983065	-0.183218	0.0417999	0.183215	0.982184	0.785177	3.48835	37.8414	
0.999076	-0.00409992	-0.0427732	-0.00399026	0.982284	-0.187357	0.0427836	0.187355	0.98136	0.821766	3.64865	38.6908	
0.999033	-0.0042899	-0.043757	-0.00417275	0.981485	-0.191494	0.0437684	0.191491	0.980518	0.859206	3.81253	39.5395	
0.998989	-0.0044844	-0.0447419	-0.00435943	0.980669	-0.195627	0.0447542	0.195624	0.979657	0.897499	3.97999	40.3874	
0.998943	-0.00468342	-0.0457277	-0.00455029	0.979835	-0.199758	0.0457411	0.199755	0.978778	0.936645	4.15102	41.2346	
0.998896	-0.00488698	-0.0467145	-0.00474534	0.978983	-0.203885	0.0467291	0.203882	0.97788	0.976646	4.32562	42.081	
0.998849	-0.00509509	-0.0477021	-0.00494458	0.978114	-0.208009	0.047718	0.208005	0.976963	1.0175	4.5038	42.9266	
0.9988	-0.00530775	-0.0486907	-0.00514802	0.977228	-0.212129	0.0487079	0.212125	0.976028	1.05921	4.68554	43.7714	
0.99875	-0.00552498	-0.0496801	-0.00535566	0.976324	-0.216246	0.0496987	0.216242	0.975074	1.10178	4.87084	44.6154	
0.998699	-0.00574678	-0.0506704	-0.0055675	0.975403	-0.220359	0.0506904	0.220355	0.974102	1.14521	5.0597	45.4586	
0.998647	-0.00597317	-0.0516614	-0.00578354	0.974464	-0.224469	0.051683	0.224464	0.973111	1.18949	5.25212	46.3009	
0.998594	-0.00620416	-0.0526532	-0.0060038	0.973508	-0.228574	0.0526764	0.228569	0.972102	1.23463	5.44809	47.1423	
0.998539	-0.00643975	-0.0536457	-0.00622826	0.972535	-0.232675	0.0536707	0.23267	0.971074	1.28064	5.64761	47.9829	
0.998484	-0.00667996	-0.054639	-0.00645693	0.971544	-0.236773	0.0546658	0.236766	0.970027	1.3275	5.85068	48.8226	
0.998427	-0.00692478	-0.0556329	-0.00668982	0.970535	-0.240866	0.0556616	0.240859	0.968963	1.37523	6.05729	49.6613	
0.998214	-0.00782221	-0.0592237	-0.00683414	0.969928	-0.243296	0.0593459	0.243267	0.968142	1.42498	6.26671	50.4993	
0.997987	-0.00873009	-0.0628175	-0.00698817	0.969313	-0.245732	0.063035	0.245677	0.9673	1.47792	6.47821	51.3365	
0.997746	-0.00964838	-0.0664138	-0.00715194	0.968689	-0.248173	0.0667288	0.248088	0.966436	1.53405	6.6918	52.173	
0.99749	-0.010577	-0.0700123	-0.00732551	0.968058	-0.250618	0.0704268	0.250502	0.965551	1.59338	6.90748	53.0087	
0.99722	-0.011516	-0.0736125	-0.00750891	0.96742	-0.253067	0.0741285	0.252916	0.964644	1.65591	7.12525	53.8437	
0.996937	-0.0124653	-0.0772142	-0.00770218	0.966773	-0.255519	0.0778337	0.255331	0.963716	1.72165	7.3451	54.6779	
0.996639	-0.0134248	-0.0808168	-0.00790534	0.966119	-0.257975	0.0815419	0.257747	0.962766	1.79059	7.56705	55.5112	
0.996326	-0.0143945	-0.0844201	-0.00811841	0.965458	-0.260433	0.0852529	0.260162	0.961794	1.86274	7.79108	56.3437	
0.996	-0.0153742	-0.0880237	-0.00834143	0.964789	-0.262895	0.0889661	0.262577	0.960801	1.9381	8.01721	57.1754	
0.995659	-0.0163641	-0.0916272	-0.0085744	0.964112	-0.265358	0.0926812	0.264991	0.959786	2.01668	8.24542	58.0062	
0.995304	-0.0173639	-0.0952302	-0.00881734	0.963428	-0.267823	0.0963978	0.267405	0.95875	2.09847	8.47572	58.8361	
0.994934	-0.0183737	-0.0988323	-0.00907024	0.962736	-0.270289	0.100116	0.269816	0.957693	2.18348	8.70811	59.6651	
0.994551	-0.0193933	-0.102433	-0.00933312	0.962038	-0.272757	0.103834	0.272226	0.956614	2.2717	8.94259	60.4932	
0.994153	-0.0204227	-0.106033	-0.00960597	0.961332	-0.275225	0.107553	0.274634	0.955515	2.36314	9.17915	61.3204	
0.993741	-0.0214618	-0.10963	-0.00988878	0.960619	-0.277693	0.111273	0.277039	0.954394	2.4578	9.41779	62.1465	
0.993314	-0.0225106	-0.113225	-0.0101815	0.959899	-0.280161	0.114992	0.279441	0.953252	2.55568	9.65851	62.9717	
0.992874	-0.0235689	-0.116818	-0.0104842	0.959172	-0.282629	0.11871	0.28184	0.952089	2.65677	9.90131	63.7959	
0.992419	-0.0246367	-0.120407	-0.0107968	0.958438	-0.285096	0.122427	0.284235	0.950906	2.76108	10.1462	64.6191	
0.99195	-0.0257138	-0.123994	-0.0111193	0.957698	-0.287562	0.126143	0.286626	0.949702	2.86861	10.3931	65.4413	
0.991467	-0.0268002	-0.127576	-0.0114517	0.95695	-0.290026	0.129857	0.289012	0.948477	2.97935	10.6421	66.2624	
0.990969	-0.0278959	-0.131155	-0.0117938	0.956196	-0.292488	0.133569	0.291394	0.947232	3.0933	10.8932	67.0824	
0.990458	-0.0290006	-0.134729	-0.0121458	0.955436	-0.294949	0.137278	0.29377	0.945967	3.21046	11.1463	67.9014	
0.989933	-0.0301143	-0.138298	-0.0125074	0.954669	-0.297406	0.140985	0.296142	0.944682	3.33083	11.4015	68.7192	
0.989393	-0.0312369	-0.141862	-0.0128788	0.953896	-0.29986	0.144689	0.298507	0.943376	3.45441	11.6587	69.536	
0.98884	-0.0323682	-0.145421	-0.0132598	0.953117	-0.302311	0.148389	0.300866	0.942051	3.58118	11.918	70.3516	
0.985909	-0.0378585	-0.162942	-0.011518	0.95638	-0.2919	0.166885	0.289663	0.942467	3.71757	12.1735	71.1668	
0.982635	-0.0431392	-0.180466	-0.00957223	0.959518	-0.281486	0.185304	0.278325	0.942442	3.86992	12.4192	71.9822	
0.979019	-0.0482078	-0.197986	-0.00742343	0.96253	-0.271075	0.203635	0.266857	0.941977	4.03818	12.655	72.7974	
0.975063	-0.0530621	-0.215493	-0.00507261	0.965414	-0.260672	0.221872	0.255264	0.94107	4.22225	12.8809	73.612	
0.970768	-0.0576996	-0.232979	-0.00252085	0.96817	-0.250281	0.240005	0.243552	0.939723	4.42205	13.0967	74.4256	
0.966138	-0.0621184	-0.250436	0.000230637	0.970796	-0.239907	0.258025	0.231726	0.937937	4.6375	13.3023	75.2378	
0.961174	-0.0663162	-0.267856	0.00318058	0.97329	-0.229556	0.275925	0.219791	0.935712	4.86848	13.4976	76.0484	
0.955878	-0.0702912	-0.28523	0.00632759	0.975652	-0.219231	0.293695	0.207754	0.93305	5.11489	13.6825	76.8568	
0.950253	-0.0740414	-0.302551	0.0096702	0.977881	-0.208939	0.311329	0.195619	0.92995	5.37662	13.857	77.6627	
0.944302	-0.0775651	-0.319809	0.0132068	0.979975	-0.198683	0.328816	0.183393	0.926416	5.65354	14.021	78.4658	
0.938026	-0.0808607	-0.336999	0.0169359	0.981933	-0.188468	0.34615	0.171081	0.922449	5.94553	14.1743	79.2656	
0.93143	-0.0839266	-0.35411	0.0208555	0.983755	-0.1783	0.363322	0.158689	0.91805	6.25244	14.317	80.0617	
0.924516	-0.0867615	-0.371136	0.024964	0.98544	-0.168183	0.380324	0.146223	0.913221	6.57414	14.4489	80.8539	
0.917288	-0.0893638	-0.388068	0.0292593	0.986986	-0.158121	0.397148	0.133688	0.907965	6.91046	14.57	81.6418	
0.909749	-0.0917325	-0.404898	0.0337395	0.988394	-0.14812	0.413786	0.121091	0.902285	7.26127	14.6802	82.4249	
0.901902	-0.0938665	-0.421618	0.0384025	0.989662	-0.138184	0.430231	0.108437	0.896183	7.62638	14.7795	83.2029	
