1	0	0	0	1	0	0	0	1	0	0	0	
0.999999	-1.69106e-06	0.00135408	-1.69106e-06	0.999997	0.00249772	-0.00135408	-0.00249772	0.999996	-0.000624039	-0.0011511	0.921716	
0.999996	-6.77987e-06	0.00271146	-6.77805e-06	0.999987	0.00500019	-0.00271146	-0.00500019	0.999984	-0.00249768	-0.00460657	1.84342	
0.999992	-1.52892e-05	0.0040721	-1.52819e-05	0.999972	0.0075073	-0.0040721	-0.0075073	0.999964	-0.00562394	-0.0103708	2.76512	
0.999985	-2.72412e-05	0.00543593	-2.7223e-05	0.99995	0.010019	-0.00543593	-0.010019	0.999935	-0.0100058	-0.0184479	3.68679	
0.999977	-4.2658e-05	0.00680291	-4.26214e-05	0.999921	0.0125351	-0.00680292	-0.0125351	0.999898	-0.0156462	-0.0288421	4.60843	
0.999967	-6.15611e-05	0.008173	-6.14969e-05	0.999887	0.0150556	-0.008173	-0.0150556	0.999853	-0.022548	-0.0415575	5.53003	
0.999954	-8.39715e-05	0.00954612	-8.38687e-05	0.999845	0.0175803	-0.00954612	-0.0175803	0.9998	-0.030714	-0.056598	6.45159	
0.99994	-0.00010991	0.0109222	-0.000109756	0.999798	0.0201091	-0.0109222	-0.0201091	0.999738	-0.040147	-0.0739675	7.3731	
0.999924	-0.000139397	0.0123013	-0.000139176	0.999744	0.0226421	-0.0123013	-0.0226421	0.999668	-0.0508498	-0.0936698	8.29454	
0.999906	-0.000172452	0.0136833	-0.000172148	0.999683	0.0251789	-0.0136833	-0.0251789	0.999589	-0.062825	-0.115709	9.21592	
0.999886	-0.000209096	0.015068	-0.000208689	0.999616	0.0277196	-0.015068	-0.0277196	0.999502	-0.0760753	-0.140087	10.1372	
0.999865	-0.000249346	0.0164556	-0.000248816	0.999542	0.0302641	-0.0164556	-0.0302641	0.999406	-0.0906033	-0.16681	11.0584	
0.999841	-0.000293222	0.0178459	-0.000292546	0.999461	0.0328122	-0.0178459	-0.0328122	0.999302	-0.106411	-0.195879	11.9796	
0.999815	-0.000340741	0.0192389	-0.000339895	0.999374	0.0353638	-0.0192389	-0.0353638	0.999189	-0.123502	-0.227298	12.9006	
0.999787	-0.000391923	0.0206345	-0.00039088	0.999281	0.0379189	-0.0206345	-0.0379189	0.999068	-0.141878	-0.261071	13.8215	
0.999757	-0.000446784	0.0220327	-0.000445515	0.99918	0.0404773	-0.0220327	-0.0404773	0.998938	-0.161542	-0.297201	14.7423	
0.999725	-0.00050534	0.0234334	-0.000503815	0.999073	0.043039	-0.0234334	-0.043039	0.998799	-0.182495	-0.33569	15.663	
0.999691	-0.00056761	0.0248365	-0.000565796	0.998959	0.0456038	-0.0248366	-0.0456038	0.998651	-0.204741	-0.376542	16.5835	
0.999655	-0.000633608	0.0262421	-0.000631471	0.998839	0.0481717	-0.0262422	-0.0481716	0.998494	-0.228281	-0.419759	17.5039	
0.999617	-0.000703352	0.02765	-0.000700854	0.998712	0.0507424	-0.0276501	-0.0507424	0.998329	-0.253118	-0.465345	18.4242	
0.999577	-0.000776855	0.0290603	-0.000773958	0.998577	0.0533161	-0.0290604	-0.053316	0.998155	-0.279253	-0.513301	19.3443	
0.999535	-0.000854132	0.0304728	-0.000850797	0.998436	0.0558924	-0.0304729	-0.0558924	0.997972	-0.30669	-0.563631	20.2642	
0.999491	-0.000935199	0.0318875	-0.000931381	0.998289	0.0584714	-0.0318876	-0.0584714	0.99778	-0.335429	-0.616336	21.184	
0.999445	-0.00102007	0.0333043	-0.00101572	0.998134	0.061053	-0.0333044	-0.0610529	0.997579	-0.365474	-0.67142	22.1035	
0.999396	-0.00110876	0.0347232	-0.00110384	0.997973	0.0636369	-0.0347234	-0.0636368	0.997369	-0.396825	-0.728884	23.0229	
0.999346	-0.00120127	0.0361442	-0.00119573	0.997804	0.0662232	-0.0361444	-0.0662231	0.99715	-0.429485	-0.788731	23.9421	
0.999293	-0.00129763	0.0375672	-0.00129142	0.997629	0.0688117	-0.0375674	-0.0688116	0.996922	-0.463456	-0.850963	24.8611	
0.999239	-0.00139785	0.038992	-0.00139091	0.997447	0.0714024	-0.0389923	-0.0714022	0.996685	-0.498739	-0.915582	25.7799	
0.999182	-0.00150193	0.0404188	-0.0014942	0.997257	0.073995	-0.0404191	-0.0739949	0.996439	-0.535336	-0.98259	26.6984	
0.999123	-0.00160989	0.0418474	-0.00160132	0.997061	0.0765897	-0.0418477	-0.0765895	0.996184	-0.57325	-1.05199	27.6167	
0.999062	-0.00172173	0.0432777	-0.00171227	0.996858	0.0791861	-0.0432781	-0.0791859	0.99592	-0.612481	-1.12378	28.5348	
0.998998	-0.00183748	0.0447098	-0.00182706	0.996648	0.0817842	-0.0447102	-0.081784	0.995647	-0.653031	-1.19796	29.4526	
0.998933	-0.00195714	0.0461435	-0.0019457	0.996431	0.084384	-0.0461439	-0.0843837	0.995364	-0.694902	-1.27454	30.3702	
0.998865	-0.00208071	0.0475788	-0.00206818	0.996207	0.0869853	-0.0475793	-0.086985	0.995073	-0.738095	-1.35352	31.2875	
0.998796	-0.00220821	0.0490156	-0.00219453	0.995976	0.089588	-0.0490162	-0.0895877	0.994772	-0.782612	-1.43489	32.2046	
0.998724	-0.00233965	0.050454	-0.00232474	0.995739	0.0921921	-0.0504547	-0.0921917	0.994462	-0.828454	-1.51867	33.1213	
0.99865	-0.00247504	0.0518938	-0.00245883	0.995494	0.0947973	-0.0518945	-0.0947969	0.994143	-0.875622	-1.60484	34.0378	
0.998573	-0.00261437	0.053335	-0.0025968	0.995242	0.0974037	-0.0533358	-0.0974033	0.993815	-0.924119	-1.69342	34.954	
0.998495	-0.00275767	0.0547775	-0.00273865	0.994983	0.100011	-0.0547784	-0.100011	0.993477	-0.973944	-1.7844	35.8698	
0.998414	-0.00290493	0.0562212	-0.00288439	0.994717	0.102619	-0.0562223	-0.102619	0.993131	-1.0251	-1.87779	36.7854	
0.998331	-0.00305616	0.0576662	-0.00303402	0.994443	0.105229	-0.0576674	-0.105228	0.992775	-1.07759	-1.97357	37.7006	
0.998246	-0.00321138	0.0591124	-0.00318755	0.994163	0.107838	-0.0591137	-0.107838	0.992409	-1.13141	-2.07177	38.6155	
0.998159	-0.00337058	0.0605597	-0.00334497	0.993876	0.110449	-0.0605611	-0.110448	0.992035	-1.18656	-2.17237	39.53	
0.998069	-0.00353376	0.062008	-0.00350631	0.993582	0.11306	-0.0620096	-0.113059	0.991651	-1.24305	-2.27537	40.4442	
0.997978	-0.00370094	0.0634573	-0.00367154	0.993281	0.115671	-0.063459	-0.11567	0.991258	-1.30087	-2.38078	41.3581	
0.997884	-0.00387212	0.0649076	-0.00384069	0.992972	0.118283	-0.0649095	-0.118282	0.990856	-1.36003	-2.4886	42.2715	
0.997788	-0.0040473	0.0663588	-0.00401374	0.992657	0.120895	-0.0663608	-0.120894	0.990445	-1.42053	-2.59883	43.1846	
0.997689	-0.00422648	0.0678108	-0.0041907	0.992335	0.123507	-0.067813	-0.123506	0.990024	-1.48236	-2.71146	44.0974	
0.997589	-0.00440968	0.0692635	-0.00437158	0.992005	0.126119	-0.0692659	-0.126118	0.989594	-1.54554	-2.8265	45.0097	
0.997486	-0.00459687	0.070717	-0.00455636	0.991669	0.128731	-0.0707197	-0.12873	0.989155	-1.61005	-2.94395	45.9216	
0.997381	-0.00478809	0.0721712	-0.00474506	0.991326	0.131343	-0.072174	-0.131341	0.988706	-1.6759	-3.06381	46.8331	
0.997273	-0.00498331	0.073626	-0.00493766	0.990975	0.133955	-0.0736291	-0.133953	0.988249	-1.7431	-3.18607	47.7442	
0.997164	-0.00518254	0.0750813	-0.00513418	0.990618	0.136566	-0.0750847	-0.136564	0.987782	-1.81164	-3.31074	48.6549	
0.997052	-0.00538579	0.0765372	-0.0053346	0.990253	0.139176	-0.0765408	-0.139174	0.987305	-1.88151	-3.43782	49.5651	
0.996938	-0.00559305	0.0779935	-0.00553892	0.989882	0.141787	-0.0779973	-0.141784	0.98682	-1.95273	-3.5673	50.4749	
0.996822	-0.00580433	0.0794502	-0.00574715	0.989503	0.144396	-0.0794543	-0.144394	0.986325	-2.0253	-3.69919	51.3843	
0.996703	-0.00601961	0.0809072	-0.00595928	0.989118	0.147005	-0.0809117	-0.147002	0.985821	-2.0992	-3.83348	52.2931	
0.996583	-0.0062389	0.0823645	-0.0061753	0.988725	0.149612	-0.0823693	-0.14961	0.985308	-2.17445	-3.97018	53.2016	
0.99646	-0.00646221	0.0838221	-0.00639521	0.988326	0.152219	-0.0838272	-0.152216	0.984786	-2.25104	-4.10928	54.1095	
0.996335	-0.00668951	0.0852798	-0.00661901	0.98792	0.154825	-0.0852853	-0.154822	0.984254	-2.32898	-4.25078	55.0169	
0.996207	-0.00692082	0.0867376	-0.00684669	0.987506	0.15743	-0.0867435	-0.157426	0.983714	-2.40826	-4.39468	55.9239	
0.99622	-0.00689807	0.0865953	-0.00681851	0.987558	0.15711	-0.0866016	-0.157106	0.983777	-2.48815	-4.53964	56.8306	
0.996232	-0.00687552	0.0864539	-0.00679039	0.987609	0.15679	-0.0864607	-0.156786	0.983841	-2.56791	-4.6843	57.7374	
0.996244	-0.00685317	0.0863135	-0.00676234	0.987659	0.156471	-0.0863207	-0.156467	0.983904	-2.64754	-4.82866	58.6443	
0.996257	-0.00683102	0.0861741	-0.00673437	0.98771	0.156152	-0.0861817	-0.156147	0.983967	-2.72703	-4.97273	59.5512	
0.996269	-0.00680906	0.0860356	-0.00670646	0.987761	0.155833	-0.0860437	-0.155828	0.984029	-2.80641	-5.11651	60.4582	
0.996281	-0.00678731	0.0858981	-0.00667862	0.987811	0.155514	-0.0859066	-0.155509	0.984092	-2.88565	-5.25999	61.3652	
0.996293	-0.00676576	0.0857616	-0.00665085	0.987861	0.155196	-0.0857706	-0.155191	0.984154	-2.96477	-5.40318	62.2723	
0.996305	-0.0067444	0.085626	-0.00662315	0.987911	0.154878	-0.0856355	-0.154872	0.984216	-3.04376	-5.54608	63.1794	
0.996316	-0.00672324	0.0854914	-0.00659552	0.987961	0.15456	-0.0855013	-0.154554	0.984278	-3.12263	-5.68868	64.0866	
0.996328	-0.00670228	0.0853578	-0.00656797	0.988011	0.154242	-0.0853682	-0.154237	0.984339	-3.20138	-5.83099	64.9939	
0.996339	-0.00668152	0.0852251	-0.00654048	0.988061	0.153925	-0.0852361	-0.153919	0.9844	-3.28	-5.973	65.9012	
0.996351	-0.00666095	0.0850934	-0.00651307	0.98811	0.153608	-0.0851049	-0.153602	0.984461	-3.35851	-6.11473	66.8085	
0.996362	-0.00664058	0.0849627	-0.00648573	0.98816	0.153292	-0.0849747	-0.153285	0.984522	-3.43689	-6.25616	67.716	
0.996373	-0.00662041	0.084833	-0.00645846	0.988209	0.152976	-0.0848455	-0.152969	0.984582	-3.51515	-6.3973	68.6234	
0.996384	-0.00660042	0.0847043	-0.00643127	0.988258	0.15266	-0.0847173	-0.152653	0.984642	-3.5933	-6.53815	69.531	
0.996395	-0.00658064	0.0845765	-0.00640415	0.988307	0.152344	-0.08459	-0.152337	0.984702	-3.67132	-6.6787	70.4386	
0.996406	-0.00656104	0.0844497	-0.00637711	0.988355	0.152029	-0.0844638	-0.152022	0.984762	-3.74923	-6.81897	71.3462	
0.99728	-0.00498962	0.0735351	-0.00478	0.991227	0.132085	-0.073549	-0.132077	0.988507	-3.82206	-6.9499	72.2556	
0.998033	-0.00363923	0.0625819	-0.00340392	0.993695	0.112069	-0.0625951	-0.112062	0.991728	-3.88481	-7.06242	73.1683	
0.998665	-0.00251058	0.051596	-0.00224962	0.995757	0.0919944	-0.051608	-0.0919877	0.994422	-3.93744	-7.15646	74.0837	
0.999175	-0.00160427	0.0405832	-0.00131769	0.997413	0.0718703	-0.0405935	-0.0718645	0.996588	-3.97993	-7.23198	75.0013	
0.999563	-0.000920786	0.0295494	-0.000608644	0.998662	0.0517078	-0.0295574	-0.0517032	0.998225	-4.01226	-7.28893	75.9206	
0.999829	-0.000460489	0.0185004	-0.000122847	0.999503	0.0315175	-0.0185057	-0.0315144	0.999332	-4.03442	-7.32728	76.8413	
0.999972	-0.000223622	0.00744207	0.00013944	0.999936	0.0113103	-0.00744412	-0.0113089	0.999908	-4.04638	-7.34702	77.7627	
0.999993	-0.000210312	-0.00361968	0.000178078	0.99996	-0.00890331	0.00362141	0.00890261	0.999954	-4.04814	-7.34813	78.6844	
0.999892	-0.000420566	-0.014679	-6.95397e-06	0.999576	-0.0291124	0.014685	0.0291094	0.999468	-4.0397	-7.33061	79.6059	
0.999669	-0.000854272	-0.02573	-0.000415557	0.998784	-0.0493064	0.0257408	0.0493007	0.998452	-4.02107	-7.29447	80.5267	
0.999323	-0.0015112	-0.0367668	-0.00104752	0.997583	-0.0694744	0.036783	0.0694659	0.996906	-3.99225	-7.23973	81.4463	
0.998855	-0.002391	-0.0477836	-0.00190249	0.995975	-0.0896058	0.0478056	0.0895941	0.99483	-3.95327	-7.16643	82.3642	
0.998265	-0.00349321	-0.0587746	-0.00298003	0.993961	-0.10969	0.0588028	0.109675	0.992227	-3.90413	-7.07459	83.28	
0.997554	-0.00481724	-0.0697338	-0.00427957	0.991542	-0.129716	0.0697688	0.129697	0.989096	-3.84488	-6.96427	84.1932	
0.996722	-0.00636238	-0.0806554	-0.00580041	0.988718	-0.149674	0.0806978	0.149651	0.98544	-3.77553	-6.83552	85.1032	
0.995769	-0.00812783	-0.0915337	-0.00754174	0.985492	-0.169552	0.0915839	0.169525	0.981261	-3.69613	-6.68842	86.0096	
0.994696	-0.0101126	-0.102363	-0.00950264	0.981865	-0.189341	0.102421	0.189309	0.976561	-3.60672	-6.52304	86.9119	
0.993503	-0.0123157	-0.113137	-0.0116821	0.97784	-0.209029	0.113204	0.208993	0.971343	-3.50734	-6.33947	87.8097	
0.992191	-0.014736	-0.123851	-0.0140789	0.973417	-0.228607	0.123927	0.228565	0.965609	-3.39805	-6.13781	88.7024	
0.990761	-0.0173721	-0.134499	-0.0166918	0.9686	-0.248063	0.134585	0.248017	0.959362	-3.27891	-5.91816	89.5896	
0.989214	-0.0202226	-0.145074	-0.0195194	0.963391	-0.267389	0.14517	0.267336	0.952605	-3.14997	-5.68065	90.4707	
