1	0	0	0	1	0	0	0	1	0	0	0	
0.999999	1.34355e-06	-0.00118718	1.34355e-06	0.999997	0.00226344	0.00118718	-0.00226344	0.999997	0.000465277	-0.000887086	0.783838	
0.999997	5.38833e-06	-0.00237742	5.38875e-06	0.99999	0.00453308	0.00237742	-0.00453308	0.999987	0.00186231	-0.00355077	1.56767	
0.999994	1.21554e-05	-0.00357068	1.21571e-05	0.999977	0.00680885	0.00357068	-0.00680885	0.99997	0.00419349	-0.00799589	2.35149	
0.999989	2.16658e-05	-0.00476694	2.16701e-05	0.999959	0.00909067	0.00476694	-0.00909067	0.999947	0.00746116	-0.0142272	3.1353	
0.999982	3.394e-05	-0.00596615	3.39486e-05	0.999935	0.0113785	0.00596615	-0.0113785	0.999917	0.0116677	-0.0222495	3.91908	
0.999974	4.89986e-05	-0.00716827	4.90136e-05	0.999907	0.0136722	0.00716827	-0.0136722	0.999881	0.0168153	-0.0320674	4.70284	
0.999965	6.68617e-05	-0.00837327	6.68858e-05	0.999872	0.0159718	0.00837327	-0.0159718	0.999837	0.0229063	-0.0436854	5.48657	
0.999954	8.75493e-05	-0.00958111	8.75855e-05	0.999833	0.0182772	0.00958111	-0.0182772	0.999787	0.029943	-0.0571083	6.27026	
0.999942	0.000111081	-0.0107918	0.000111133	0.999788	0.0205883	0.0107918	-0.0205883	0.99973	0.0379275	-0.0723405	7.05391	
0.999928	0.000137477	-0.0120052	0.000137548	0.999738	0.022905	0.0120052	-0.0229051	0.999666	0.0468621	-0.0893864	7.83752	
0.999913	0.000166755	-0.0132213	0.000166851	0.999682	0.0252274	0.0132213	-0.0252274	0.999594	0.0567488	-0.10825	8.62106	
0.999896	0.000198936	-0.0144401	0.000199061	0.99962	0.0275552	0.0144401	-0.0275552	0.999516	0.0675899	-0.128937	9.40455	
0.999877	0.000234038	-0.0156616	0.000234197	0.999553	0.0298884	0.0156616	-0.0298884	0.999431	0.0793873	-0.15145	10.188	
0.999857	0.000272079	-0.0168857	0.000272278	0.999481	0.032227	0.0168857	-0.032227	0.999338	0.0921433	-0.175794	10.9713	
0.999836	0.000313078	-0.0181124	0.000313323	0.999402	0.034571	0.0181124	-0.034571	0.999238	0.10586	-0.201974	11.7546	
0.999813	0.000357052	-0.0193416	0.000357351	0.999318	0.0369201	0.0193416	-0.0369201	0.999131	0.120539	-0.229993	12.5378	
0.999788	0.000404021	-0.0205733	0.00040438	0.999228	0.0392744	0.0205733	-0.0392744	0.999017	0.136182	-0.259855	13.3209	
0.999762	0.000454	-0.0218075	0.000454428	0.999133	0.0416337	0.0218075	-0.0416337	0.998895	0.152792	-0.291564	14.104	
0.999734	0.000507009	-0.0230441	0.000507513	0.999031	0.0439981	0.0230441	-0.0439981	0.998766	0.17037	-0.325125	14.8869	
0.999705	0.000563063	-0.0242831	0.000563653	0.998924	0.0463674	0.0242831	-0.0463674	0.998629	0.188919	-0.360541	15.6697	
0.999674	0.000622179	-0.0255244	0.000622865	0.998811	0.0487416	0.0255244	-0.0487416	0.998485	0.208439	-0.397816	16.4524	
0.999641	0.000684375	-0.0267681	0.000685165	0.998692	0.0511206	0.0267681	-0.0511206	0.998334	0.228933	-0.436954	17.235	
0.999607	0.000749667	-0.028014	0.000750571	0.998567	0.0535043	0.028014	-0.0535043	0.998175	0.250404	-0.477958	18.0175	
0.999571	0.00081807	-0.0292622	0.0008191	0.998436	0.0558927	0.0292621	-0.0558927	0.998008	0.272851	-0.520833	18.7998	
0.999534	0.000889601	-0.0305125	0.000890768	0.9983	0.0582856	0.0305125	-0.0582856	0.997834	0.296278	-0.565582	19.582	
0.999495	0.000964275	-0.031765	0.000965591	0.998157	0.0606831	0.031765	-0.0606831	0.997652	0.320686	-0.612208	20.3641	
0.999454	0.00104211	-0.0330197	0.00104358	0.998008	0.063085	0.0330196	-0.063085	0.997462	0.346076	-0.660715	21.146	
0.999412	0.00112311	-0.0342764	0.00112476	0.997853	0.0654912	0.0342764	-0.0654913	0.997264	0.372451	-0.711107	21.9278	
0.999368	0.00120731	-0.0355352	0.00120915	0.997691	0.0679018	0.0355351	-0.0679018	0.997059	0.399811	-0.763386	22.7094	
0.999322	0.00129471	-0.036796	0.00129675	0.997524	0.0703166	0.0367959	-0.0703166	0.996846	0.428159	-0.817557	23.4908	
0.999275	0.00138532	-0.0380587	0.00138758	0.99735	0.0727355	0.0380586	-0.0727356	0.996625	0.457496	-0.873622	24.2721	
0.999225	0.00147917	-0.0393234	0.00148166	0.99717	0.0751586	0.0393233	-0.0751586	0.996396	0.487824	-0.931584	25.0532	
0.999175	0.00157626	-0.04059	0.00157899	0.996984	0.0775856	0.0405899	-0.0775857	0.996159	0.519143	-0.991448	25.8341	
0.999122	0.00167661	-0.0418584	0.00167961	0.996792	0.0800166	0.0418583	-0.0800167	0.995914	0.551456	-1.05322	26.6149	
0.999068	0.00178024	-0.0431287	0.00178351	0.996593	0.0824515	0.0431285	-0.0824515	0.995661	0.584764	-1.11689	27.3954	
0.999012	0.00188715	-0.0444007	0.00189072	0.996389	0.0848901	0.0444005	-0.0848902	0.995401	0.619069	-1.18247	28.1758	
0.998954	0.00199735	-0.0456745	0.00200124	0.996177	0.0873325	0.0456743	-0.0873326	0.995132	0.654371	-1.24997	28.9559	
0.998895	0.00211087	-0.0469499	0.00211509	0.99596	0.0897785	0.0469497	-0.0897786	0.994855	0.690672	-1.31938	29.7358	
0.998834	0.00222771	-0.0482271	0.00223228	0.995735	0.0922281	0.0482269	-0.0922282	0.994569	0.727973	-1.39072	30.5155	
0.998771	0.00234789	-0.0495058	0.00235283	0.995505	0.0946812	0.0495056	-0.0946813	0.994276	0.766277	-1.46397	31.295	
0.998706	0.00247141	-0.0507862	0.00247674	0.995268	0.0971377	0.0507859	-0.0971379	0.993974	0.805583	-1.53915	32.0742	
0.99864	0.0025983	-0.0520681	0.00260403	0.995024	0.0995976	0.0520678	-0.0995978	0.993665	0.845893	-1.61625	32.8532	
0.998572	0.00272855	-0.0533515	0.00273471	0.994774	0.102061	0.0533512	-0.102061	0.993346	0.887209	-1.69529	33.6319	
0.998502	0.00286218	-0.0546364	0.0028688	0.994518	0.104527	0.054636	-0.104527	0.99302	0.929531	-1.77625	34.4104	
0.998431	0.0029992	-0.0559227	0.00300629	0.994255	0.106997	0.0559223	-0.106997	0.992685	0.972861	-1.85915	35.1887	
0.998357	0.00313963	-0.0572104	0.00314722	0.993985	0.109469	0.05721	-0.10947	0.992342	1.0172	-1.94399	35.9666	
0.998282	0.00328347	-0.0584995	0.00329157	0.993709	0.111945	0.058499	-0.111945	0.991991	1.06255	-2.03077	36.7443	
0.998205	0.00343072	-0.0597899	0.00343938	0.993426	0.114424	0.0597894	-0.114424	0.991631	1.10891	-2.11949	37.5218	
0.998126	0.00358141	-0.0610816	0.00359063	0.993137	0.116905	0.061081	-0.116905	0.991263	1.15628	-2.21015	38.2989	
0.998046	0.00373555	-0.0623745	0.00374536	0.99284	0.119389	0.0623739	-0.11939	0.990886	1.20466	-2.30276	39.0757	
0.997964	0.00389313	-0.0636686	0.00390356	0.992538	0.121876	0.063668	-0.121876	0.990501	1.25406	-2.39731	39.8523	
0.997879	0.00405417	-0.0649639	0.00406524	0.992228	0.124366	0.0649632	-0.124366	0.990108	1.30448	-2.49382	40.6285	
0.997793	0.00421867	-0.0662603	0.00423042	0.991912	0.126858	0.0662596	-0.126858	0.989705	1.3559	-2.59228	41.4044	
0.997706	0.00438666	-0.0675579	0.0043991	0.991589	0.129352	0.0675571	-0.129353	0.989295	1.40835	-2.69269	42.1801	
0.997547	0.0046914	-0.0698419	0.00475828	0.990899	0.134523	0.0698374	-0.134525	0.988446	1.4622	-2.79611	42.9552	
0.997383	0.00500842	-0.0721263	0.0051296	0.990182	0.139691	0.0721178	-0.139696	0.987565	1.51783	-2.90359	43.7296	
0.997213	0.00533773	-0.074411	0.00551306	0.989437	0.144858	0.0743982	-0.144865	0.98665	1.57525	-3.01511	44.5033	
0.997038	0.00567932	-0.0766957	0.00590868	0.988665	0.150023	0.0766783	-0.150032	0.985703	1.63446	-3.13069	45.2763	
0.996858	0.00603323	-0.0789803	0.00631645	0.987865	0.155186	0.0789581	-0.155197	0.984723	1.69546	-3.25031	46.0486	
0.996672	0.00639943	-0.0812647	0.00673639	0.987038	0.160346	0.0812374	-0.16036	0.98371	1.75825	-3.37399	46.8201	
0.996481	0.00677796	-0.0835487	0.00716849	0.986183	0.165503	0.0835161	-0.16552	0.982664	1.82282	-3.5017	47.5907	
0.996284	0.0071688	-0.0858322	0.00761276	0.985301	0.170657	0.085794	-0.170676	0.981585	1.88917	-3.63347	48.3606	
0.996082	0.00757195	-0.0881151	0.00806919	0.984391	0.175808	0.0880709	-0.17583	0.980473	1.95731	-3.76927	49.1295	
0.995874	0.00798743	-0.0903971	0.00853778	0.983454	0.180955	0.0903468	-0.18098	0.979328	2.02724	-3.90911	49.8976	
0.995661	0.00841522	-0.0926781	0.00901854	0.98249	0.186099	0.0926214	-0.186127	0.97815	2.09895	-4.05299	50.6648	
0.995442	0.00885532	-0.0949581	0.00951145	0.981498	0.191238	0.0948946	-0.191269	0.97694	2.17244	-4.2009	51.431	
0.995218	0.00930773	-0.0972367	0.0100165	0.980478	0.196373	0.0971663	-0.196407	0.975696	2.24771	-4.35284	52.1963	
0.994988	0.00977244	-0.099514	0.0105337	0.979431	0.201503	0.0994363	-0.201541	0.97442	2.32476	-4.5088	52.9606	
0.994753	0.0102494	-0.10179	0.011063	0.978357	0.206628	0.101705	-0.20667	0.97311	2.4036	-4.66879	53.7239	
0.994513	0.0107387	-0.104064	0.0116045	0.977255	0.211748	0.103971	-0.211794	0.971768	2.4842	-4.83279	54.4861	
0.994267	0.0112403	-0.106336	0.0121581	0.976126	0.216863	0.106235	-0.216912	0.970393	2.56659	-5.00081	55.2473	
0.994015	0.0117541	-0.108606	0.0127238	0.97497	0.221972	0.108497	-0.222025	0.968986	2.65075	-5.17284	56.0074	
0.993759	0.0122801	-0.110874	0.0133015	0.973786	0.227075	0.110756	-0.227132	0.967545	2.73667	-5.34887	56.7663	
0.993496	0.0128184	-0.11314	0.0138914	0.972576	0.232172	0.113013	-0.232233	0.966072	2.82437	-5.52891	57.5242	
0.993229	0.0133689	-0.115403	0.0144932	0.971338	0.237262	0.115267	-0.237328	0.964567	2.91384	-5.71294	58.2808	
0.992956	0.0139315	-0.117664	0.0151072	0.970072	0.242346	0.117519	-0.242416	0.963028	3.00508	-5.90096	59.0363	
0.992677	0.0145064	-0.119922	0.0157331	0.96878	0.247422	0.119767	-0.247497	0.961458	3.09807	-6.09296	59.7905	
0.992394	0.0150933	-0.122177	0.0163711	0.967461	0.252492	0.122013	-0.252571	0.959854	3.19283	-6.28895	60.5435	
0.992104	0.0156924	-0.124429	0.017021	0.966114	0.257554	0.124255	-0.257638	0.958219	3.28935	-6.48891	61.2953	
0.99181	0.0163036	-0.126678	0.0176829	0.964741	0.262608	0.126493	-0.262697	0.956551	3.38762	-6.69284	62.0457	
0.99151	0.0169268	-0.128924	0.0183567	0.96334	0.267654	0.128728	-0.267749	0.954851	3.48765	-6.90074	62.7948	
0.991205	0.0175621	-0.131166	0.0190424	0.961913	0.272692	0.13096	-0.272792	0.953118	3.58943	-7.11258	63.5426	
0.990894	0.0182093	-0.133405	0.01974	0.960459	0.277722	0.133187	-0.277826	0.951354	3.69295	-7.32838	64.289	
0.990578	0.0188686	-0.13564	0.0204494	0.958978	0.282743	0.135411	-0.282853	0.949557	3.79822	-7.54812	65.034	
0.990257	0.0195397	-0.137871	0.0211707	0.95747	0.287755	0.13763	-0.28787	0.947728	3.90523	-7.7718	65.7776	
0.989931	0.0202228	-0.140099	0.0219037	0.955936	0.292757	0.139846	-0.292878	0.945868	4.01398	-7.99941	66.5197	
0.989599	0.0209177	-0.142322	0.0226485	0.954375	0.29775	0.142057	-0.297877	0.943975	4.12446	-8.23094	67.2604	
0.989263	0.0216245	-0.144541	0.023405	0.952788	0.302734	0.144263	-0.302866	0.942051	4.23668	-8.46638	67.9995	
0.988921	0.022343	-0.146755	0.0241733	0.951174	0.307707	0.146465	-0.307845	0.940095	4.35062	-8.70573	68.7372	
0.988573	0.0230732	-0.148965	0.0249531	0.949534	0.31267	0.148661	-0.312814	0.938108	4.46628	-8.94898	69.4733	
0.988221	0.0238152	-0.15117	0.0257446	0.947868	0.317623	0.150853	-0.317773	0.936089	4.58367	-9.19612	70.2078	
0.987161	0.0260611	-0.157588	0.0285703	0.941879	0.334734	0.157152	-0.334939	0.929042	4.70439	-9.45194	70.9388	
0.986058	0.0284247	-0.163956	0.0315111	0.935578	0.351713	0.163391	-0.351975	0.921638	4.83002	-9.72116	71.6642	
0.984912	0.030905	-0.170271	0.0345657	0.928964	0.368552	0.169566	-0.368877	0.91388	4.96051	-10.0037	72.3836	
0.983725	0.0335012	-0.176533	0.0377331	0.922042	0.385246	0.175677	-0.385637	0.905771	5.09583	-10.2994	73.0968	
0.982495	0.0362122	-0.182737	0.0410119	0.914814	0.401788	0.18172	-0.402249	0.897315	5.2359	-10.6082	73.8034	
0.981224	0.039037	-0.188882	0.044401	0.907282	0.418172	0.187693	-0.418706	0.888514	5.38069	-10.93	74.5034	
0.979912	0.0419745	-0.194965	0.047899	0.89945	0.434391	0.193594	-0.435003	0.879371	5.53012	-11.2646	75.1963	
0.978559	0.0450236	-0.200984	0.0515047	0.89132	0.450439	0.199421	-0.451133	0.869891	5.68416	-11.6119	75.8819	
