1	0	0	0	1	0	0	0	1	0	0	0	
1	-5.90873e-08	-0.000324443	-5.90873e-08	1	-0.000364238	0.000324443	0.000364238	1	0.000139199	0.000156273	0.858081	
1	-2.38285e-07	-0.000651545	-2.38274e-07	1	-0.000731428	0.000651545	0.000731428	1	0.000557938	0.000626358	1.71616	
1	-5.40497e-07	-0.000981294	-5.40454e-07	0.999999	-0.00110156	0.000981294	0.00110156	0.999999	0.00125849	0.00141278	2.57424	
0.999999	-9.68634e-07	-0.00131368	-9.68526e-07	0.999999	-0.00147461	0.00131368	0.00147461	0.999998	0.00224313	0.00251806	3.43232	
0.999999	-1.52561e-06	-0.00164868	-1.5254e-06	0.999998	-0.00185057	0.00164868	0.00185057	0.999997	0.0035141	0.0039447	4.2904	
0.999998	-2.21435e-06	-0.0019863	-2.21397e-06	0.999998	-0.00222943	0.0019863	0.00222943	0.999996	0.00507365	0.00569518	5.14848	
0.999997	-3.03778e-06	-0.00232651	-3.03716e-06	0.999997	-0.00261117	0.00232651	0.00261117	0.999994	0.00692402	0.00777199	6.00655	
0.999996	-3.99881e-06	-0.00266931	-3.99788e-06	0.999996	-0.00299578	0.00266931	0.00299578	0.999992	0.00906743	0.0101776	6.86463	
0.999995	-5.10039e-06	-0.00301469	-5.09905e-06	0.999994	-0.00338323	0.00301469	0.00338323	0.99999	0.0115061	0.0129145	7.7227	
0.999994	-6.34545e-06	-0.00336262	-6.34359e-06	0.999993	-0.00377353	0.00336262	0.00377353	0.999987	0.0142422	0.015985	8.58077	
0.999993	-7.73691e-06	-0.0037131	-7.73441e-06	0.999991	-0.00416665	0.0037131	0.00416665	0.999984	0.017278	0.0193917	9.43884	
0.999992	-9.27773e-06	-0.00406612	-9.27445e-06	0.99999	-0.00456258	0.00406612	0.00456258	0.999981	0.0206156	0.0231368	10.2969	
0.99999	-1.09708e-05	-0.00442166	-1.09666e-05	0.999988	-0.00496131	0.00442166	0.00496131	0.999978	0.0242572	0.027223	11.155	
0.999989	-1.28191e-05	-0.00477971	-1.28139e-05	0.999986	-0.00536281	0.00477971	0.00536281	0.999974	0.0282049	0.0316524	12.013	
0.999987	-1.48256e-05	-0.00514025	-1.48191e-05	0.999983	-0.00576707	0.00514025	0.00576707	0.99997	0.032461	0.0364276	12.8711	
0.999985	-1.69932e-05	-0.00550328	-1.69852e-05	0.999981	-0.00617409	0.00550328	0.00617409	0.999966	0.0370275	0.0415509	13.7291	
0.999983	-1.93248e-05	-0.00586878	-1.93151e-05	0.999978	-0.00658383	0.00586878	0.00658383	0.999961	0.0419066	0.0470245	14.5872	
0.999981	-2.18233e-05	-0.00623674	-2.18117e-05	0.999976	-0.0069963	0.00623674	0.0069963	0.999956	0.0471004	0.0528509	15.4452	
0.999978	-2.44918e-05	-0.00660714	-2.4478e-05	0.999973	-0.00741147	0.00660714	0.00741147	0.999951	0.0526109	0.0590325	16.3033	
0.999976	-2.7333e-05	-0.00697997	-2.73169e-05	0.999969	-0.00782932	0.00697997	0.00782932	0.999945	0.0584403	0.0655714	17.1613	
0.999973	-3.035e-05	-0.00735522	-3.03312e-05	0.999966	-0.00824985	0.00735522	0.00824985	0.999939	0.0645907	0.07247	18.0193	
0.99997	-3.35457e-05	-0.00773287	-3.35239e-05	0.999962	-0.00867303	0.00773287	0.00867303	0.999932	0.0710641	0.0797306	18.8774	
0.999967	-3.6923e-05	-0.00811291	-3.68979e-05	0.999959	-0.00909885	0.00811291	0.00909884	0.999926	0.0778626	0.0873554	19.7354	
0.999964	-4.04847e-05	-0.00849532	-4.0456e-05	0.999955	-0.00952729	0.00849532	0.00952729	0.999919	0.0849882	0.0953468	20.5934	
0.999961	-4.42338e-05	-0.0088801	-4.42012e-05	0.99995	-0.00995834	0.0088801	0.00995834	0.999911	0.0924429	0.103707	21.4514	
0.999957	-4.81732e-05	-0.00926722	-4.81362e-05	0.999946	-0.010392	0.00926722	0.010392	0.999903	0.100229	0.112438	22.3094	
0.999953	-5.23058e-05	-0.00965668	-5.22641e-05	0.999941	-0.0108282	0.00965668	0.0108282	0.999895	0.108348	0.121542	23.1674	
0.99995	-5.66344e-05	-0.0100485	-5.65876e-05	0.999937	-0.011267	0.0100485	0.011267	0.999886	0.116802	0.131022	24.0254	
0.999945	-6.1162e-05	-0.0104425	-6.11097e-05	0.999931	-0.0117083	0.0104425	0.0117083	0.999877	0.125594	0.140879	24.8834	
0.999941	-6.58914e-05	-0.0108389	-6.58331e-05	0.999926	-0.0121521	0.0108389	0.0121521	0.999867	0.134724	0.151116	25.7413	
0.999937	-7.08255e-05	-0.0112376	-7.07607e-05	0.999921	-0.0125985	0.0112376	0.0125985	0.999857	0.144196	0.161735	26.5993	
0.999932	-7.59671e-05	-0.0116385	-7.58953e-05	0.999915	-0.0130473	0.0116385	0.0130473	0.999847	0.154011	0.172739	27.4573	
0.999927	-8.1319e-05	-0.0120416	-8.12398e-05	0.999909	-0.0134986	0.0120416	0.0134986	0.999836	0.16417	0.184128	28.3152	
0.999923	-8.68841e-05	-0.012447	-8.6797e-05	0.999903	-0.0139524	0.012447	0.0139524	0.999825	0.174677	0.195905	29.1731	
0.999917	-9.26652e-05	-0.0128546	-9.25696e-05	0.999896	-0.0144086	0.0128546	0.0144086	0.999814	0.185533	0.208074	30.0311	
0.999912	-9.86651e-05	-0.0132644	-9.85604e-05	0.999889	-0.0148673	0.0132644	0.0148673	0.999801	0.196739	0.220634	30.889	
0.999906	-0.000104887	-0.0136764	-0.000104772	0.999883	-0.0153283	0.0136764	0.0153283	0.999789	0.208297	0.233589	31.7469	
0.999901	-0.000111333	-0.0140906	-0.000111208	0.999875	-0.0157918	0.0140906	0.0157918	0.999776	0.220211	0.246941	32.6048	
0.999895	-0.000118006	-0.0145069	-0.00011787	0.999868	-0.0162576	0.0145069	0.0162576	0.999763	0.23248	0.260691	33.4627	
0.999889	-0.000124909	-0.0149254	-0.000124761	0.99986	-0.0167258	0.0149254	0.0167258	0.999749	0.245108	0.274843	34.3205	
0.999882	-0.000132044	-0.015346	-0.000131885	0.999852	-0.0171963	0.015346	0.0171963	0.999734	0.258095	0.289397	35.1784	
0.999876	-0.000139415	-0.0157687	-0.000139243	0.999844	-0.0176691	0.0157687	0.0176691	0.99972	0.271445	0.304355	36.0362	
0.999869	-0.000147024	-0.0161935	-0.000146838	0.999835	-0.0181442	0.0161935	0.0181442	0.999704	0.285158	0.319721	36.8941	
0.999862	-0.000154874	-0.0166204	-0.000154673	0.999827	-0.0186217	0.0166204	0.0186217	0.999688	0.299236	0.335495	37.7519	
0.999855	-0.000162967	-0.0170493	-0.000162751	0.999818	-0.0191013	0.0170493	0.0191013	0.999672	0.313682	0.351679	38.6097	
0.999847	-0.000171307	-0.0174803	-0.000171075	0.999808	-0.0195833	0.0174803	0.0195833	0.999655	0.328497	0.368277	39.4675	
0.99984	-0.000179895	-0.0179134	-0.000179646	0.999799	-0.0200674	0.0179134	0.0200674	0.999638	0.343682	0.385288	40.3253	
0.999832	-0.000188734	-0.0183484	-0.000188468	0.999789	-0.0205538	0.0183484	0.0205538	0.99962	0.35924	0.402717	41.183	
0.999824	-0.000197828	-0.0187855	-0.000197543	0.999779	-0.0210424	0.0187855	0.0210424	0.999602	0.375172	0.420563	42.0408	
0.999815	-0.000207178	-0.0192245	-0.000206873	0.999768	-0.0215332	0.0192245	0.0215332	0.999583	0.391479	0.43883	42.8985	
0.999807	-0.000216787	-0.0196655	-0.000216462	0.999757	-0.0220261	0.0196656	0.0220261	0.999564	0.408165	0.457518	43.7562	
0.999798	-0.000226658	-0.0201085	-0.000226312	0.999746	-0.0225211	0.0201085	0.0225211	0.999544	0.42523	0.476631	44.6139	
0.999789	-0.000236793	-0.0205534	-0.000236424	0.999735	-0.0230183	0.0205534	0.0230183	0.999524	0.442675	0.496169	45.4716	
0.999779	-0.000247195	-0.0210003	-0.000246803	0.999723	-0.0235176	0.0210003	0.0235176	0.999503	0.460503	0.516135	46.3293	
0.99977	-0.000257866	-0.021449	-0.00025745	0.999711	-0.024019	0.021449	0.024019	0.999481	0.478716	0.53653	47.1869	
0.99976	-0.000268809	-0.0218996	-0.000268367	0.999699	-0.0245224	0.0218996	0.0245224	0.999459	0.497314	0.557356	48.0445	
0.99975	-0.000280026	-0.0223521	-0.000279557	0.999687	-0.0250279	0.0223521	0.0250279	0.999437	0.5163	0.578615	48.9021	
0.99974	-0.00029152	-0.0228065	-0.000291023	0.999674	-0.0255354	0.0228065	0.0255354	0.999414	0.535675	0.600309	49.7597	
0.999652	-0.000384515	-0.0263755	-0.00031584	0.999648	-0.0265439	0.0263765	0.026543	0.9993	0.556776	0.622653	50.6173	
0.999551	-0.000481155	-0.0299457	-0.000344337	0.99962	-0.027555	0.0299476	0.027553	0.999172	0.580942	0.645862	51.4747	
0.999438	-0.00058145	-0.033517	-0.000376532	0.999592	-0.0285686	0.0335199	0.0285652	0.99903	0.608172	0.669939	52.332	
0.999312	-0.000685409	-0.0370891	-0.000412441	0.999562	-0.0295846	0.0370931	0.0295796	0.998874	0.638468	0.694886	53.1892	
0.999173	-0.00079304	-0.040662	-0.000452078	0.999532	-0.0306029	0.0406672	0.0305959	0.998704	0.67183	0.720703	54.0462	
0.999021	-0.000904351	-0.0442355	-0.000495457	0.9995	-0.0316232	0.044242	0.0316142	0.998521	0.70826	0.747394	54.9031	
0.998856	-0.00101935	-0.0478096	-0.000542587	0.999467	-0.0326455	0.0478174	0.0326341	0.998323	0.747757	0.774959	55.7598	
0.998678	-0.00113804	-0.0513842	-0.00059348	0.999433	-0.0336696	0.0513934	0.0336556	0.998111	0.790322	0.8034	56.6164	
0.998488	-0.00126042	-0.054959	-0.000648143	0.999398	-0.0346954	0.0549696	0.0346786	0.997886	0.835956	0.832718	57.4728	
0.998284	-0.00138651	-0.058534	-0.000706585	0.999361	-0.0357228	0.0585462	0.0357029	0.997646	0.884659	0.862915	58.3289	
0.998068	-0.00151631	-0.0621091	-0.000768811	0.999324	-0.0367516	0.0621228	0.0367283	0.997392	0.936431	0.893991	59.1849	
0.997839	-0.00164981	-0.0656841	-0.000834824	0.999286	-0.0377817	0.0656995	0.0377548	0.997125	0.991272	0.925947	60.0406	
0.997597	-0.00178703	-0.0692589	-0.000904629	0.999246	-0.0388129	0.0692761	0.0387823	0.996843	1.04918	0.958785	60.8961	
0.997342	-0.00192796	-0.0728335	-0.000978227	0.999205	-0.0398451	0.0728524	0.0398104	0.996548	1.11016	0.992504	61.7514	
0.997075	-0.00207261	-0.0764076	-0.00105562	0.999164	-0.0408782	0.0764284	0.0408393	0.996238	1.17421	1.02711	62.6063	
0.996794	-0.00222097	-0.0799812	-0.0011368	0.999121	-0.041912	0.0800039	0.0418686	0.995915	1.24132	1.06259	63.4611	
0.9965	-0.00237305	-0.0835541	-0.00122177	0.999077	-0.0429465	0.0835789	0.0428982	0.995577	1.31151	1.09896	64.3155	
0.996194	-0.00252885	-0.0871262	-0.00131052	0.999031	-0.0439813	0.0871531	0.0439281	0.995226	1.38476	1.13621	65.1696	
0.995875	-0.00268835	-0.0906975	-0.00140305	0.998985	-0.0450166	0.0907264	0.0449581	0.994861	1.46108	1.17435	66.0234	
0.995543	-0.00285157	-0.0942677	-0.00149935	0.998938	-0.046052	0.0942989	0.0459881	0.994481	1.54046	1.21337	66.877	
0.995198	-0.0030185	-0.0978367	-0.00159942	0.998889	-0.0470875	0.0978702	0.0470178	0.994088	1.62291	1.25327	67.7301	
0.99484	-0.00318913	-0.101405	-0.00170324	0.99884	-0.0481229	0.10144	0.0480473	0.993681	1.70842	1.29406	68.583	
0.99447	-0.00336346	-0.104971	-0.00181079	0.998789	-0.049158	0.105009	0.0490763	0.99326	1.797	1.33573	69.4354	
0.994086	-0.00354149	-0.108536	-0.00192208	0.998738	-0.0501929	0.108577	0.0501047	0.992825	1.88863	1.37828	70.2876	
0.99369	-0.0037232	-0.112099	-0.00203708	0.998685	-0.0512272	0.112143	0.0511323	0.992376	1.98333	1.42171	71.1393	
0.991094	-0.00484141	-0.133079	-0.00246248	0.998502	-0.0546645	0.133144	0.0545053	0.989597	2.08857	1.46704	71.9897	
0.988053	-0.00603075	-0.153995	-0.00296061	0.998307	-0.0580913	0.154085	0.0578532	0.986362	2.21181	1.51525	72.8375	
0.98457	-0.0072907	-0.174838	-0.00353125	0.9981	-0.0615062	0.174954	0.0611745	0.982674	2.35299	1.56632	73.6823	
0.980646	-0.00862066	-0.195598	-0.00417414	0.997883	-0.0649074	0.195743	0.0644677	0.978534	2.51204	1.62022	74.5238	
0.976283	-0.01002	-0.216265	-0.00488898	0.997653	-0.0682936	0.216442	0.0677312	0.973943	2.68889	1.67695	75.3615	
0.971483	-0.0114881	-0.236831	-0.00567544	0.997413	-0.071663	0.237042	0.0709635	0.968904	2.88346	1.73645	76.1951	
0.966248	-0.0130244	-0.257285	-0.00653317	0.997161	-0.0750141	0.257532	0.0741631	0.96342	3.09566	1.79872	77.0242	
0.96058	-0.0146279	-0.277619	-0.00746176	0.996898	-0.0783455	0.277904	0.0773287	0.957491	3.32539	1.86372	77.8483	
0.954482	-0.0162982	-0.297822	-0.00846078	0.996625	-0.0816556	0.298148	0.0804586	0.951123	3.57255	1.93142	78.6672	
0.947958	-0.0180343	-0.317886	-0.00952979	0.99634	-0.0849428	0.318254	0.0835515	0.944316	3.83702	2.00179	79.4805	
0.941009	-0.0198354	-0.337801	-0.0106683	0.996045	-0.0882056	0.338214	0.086606	0.937075	4.11868	2.0748	80.2877	
0.933639	-0.0217008	-0.357558	-0.0118757	0.99574	-0.0914426	0.358019	0.0896206	0.929403	4.41741	2.15041	81.0885	
0.925851	-0.0236296	-0.377148	-0.0131516	0.995424	-0.0946522	0.377659	0.092594	0.921303	4.73306	2.22859	81.8826	
0.91765	-0.0256209	-0.396563	-0.0144953	0.995097	-0.097833	0.397125	0.0955248	0.91278	5.06548	2.3093	82.6695	
0.909039	-0.0276738	-0.415792	-0.0159062	0.994761	-0.100984	0.416408	0.0984116	0.903836	5.41453	2.39251	83.449	
0.900021	-0.0297873	-0.434828	-0.0173836	0.994415	-0.104102	0.4355	0.101253	0.894476	5.78005	2.47818	84.2205	
