1	0	0	0	1	0	0	0	1	0	0	0	
0.999984	6.35212e-07	0.00566002	6.35212e-07	1	-0.000224454	-0.00566002	0.000224454	0.999984	-0.00305871	0.000121296	1.0808	
0.999936	2.54234e-06	0.0113241	2.5416e-06	1	-0.000448936	-0.0113241	0.000448936	0.999936	-0.012237	0.0004852	2.16157	
0.999856	5.72337e-06	0.0169919	5.7204e-06	1	-0.000673436	-0.0169919	0.000673436	0.999855	-0.0275391	0.00109174	3.24227	
0.999743	1.01802e-05	0.0226632	1.01727e-05	1	-0.000897945	-0.0226632	0.000897944	0.999743	-0.0489689	0.00194092	4.32286	
0.999598	1.59145e-05	0.0283378	1.58996e-05	0.999999	-0.00112245	-0.0283378	0.00112245	0.999598	-0.0765301	0.00303275	5.40332	
0.999421	2.29281e-05	0.0340154	2.29021e-05	0.999999	-0.00134695	-0.0340154	0.00134695	0.99942	-0.110226	0.00436723	6.4836	
0.999212	3.12225e-05	0.0396958	3.11808e-05	0.999999	-0.00157142	-0.0396958	0.00157142	0.999211	-0.15006	0.00594433	7.56367	
0.99897	4.07992e-05	0.0453787	4.07366e-05	0.999998	-0.00179586	-0.0453787	0.00179586	0.998968	-0.196035	0.00776402	8.64349	
0.998695	5.16596e-05	0.0510639	5.15701e-05	0.999998	-0.00202026	-0.0510639	0.00202026	0.998693	-0.248153	0.00982627	9.72304	
0.998388	6.38049e-05	0.0567511	6.36818e-05	0.999997	-0.00224461	-0.0567511	0.0022446	0.998386	-0.306417	0.012131	10.8023	
0.998049	7.72364e-05	0.0624401	7.70722e-05	0.999997	-0.00246889	-0.0624401	0.00246889	0.998046	-0.370828	0.0146782	11.8812	
0.997676	9.19551e-05	0.0681306	9.17415e-05	0.999996	-0.00269311	-0.0681306	0.0026931	0.997673	-0.441389	0.0174678	12.9597	
0.997271	0.000107962	0.0738225	0.00010769	0.999996	-0.00291724	-0.0738225	0.00291723	0.997267	-0.518102	0.0204996	14.0377	
0.996834	0.000125258	0.0795153	0.000124918	0.999995	-0.00314128	-0.0795153	0.00314127	0.996829	-0.600966	0.0237737	15.1154	
0.996363	0.000143844	0.0852089	0.000143425	0.999994	-0.00336523	-0.0852089	0.00336521	0.996357	-0.689984	0.0272898	16.1925	
0.99586	0.000163721	0.0909031	0.000163212	0.999994	-0.00358906	-0.0909031	0.00358903	0.995853	-0.785156	0.0310479	17.2691	
0.995323	0.000184889	0.0965976	0.000184278	0.999993	-0.00381277	-0.0965976	0.00381274	0.995316	-0.886482	0.0350479	18.3451	
0.994754	0.000207349	0.102292	0.000206623	0.999992	-0.00403635	-0.102292	0.00403631	0.994746	-0.993964	0.0392896	19.4206	
0.994152	0.000231101	0.107986	0.000230247	0.999991	-0.00425979	-0.107986	0.00425975	0.994143	-1.1076	0.0437728	20.4954	
0.993517	0.000256146	0.11368	0.000255149	0.99999	-0.00448308	-0.11368	0.00448303	0.993507	-1.22739	0.0484974	21.5695	
0.992849	0.000282484	0.119374	0.000281329	0.999989	-0.00470622	-0.119374	0.00470615	0.992838	-1.35333	0.0534633	22.6429	
0.992148	0.000310114	0.125066	0.000308786	0.999988	-0.00492918	-0.125066	0.0049291	0.992136	-1.48543	0.0586703	23.7156	
0.991414	0.000339038	0.130757	0.000337519	0.999987	-0.00515197	-0.130757	0.00515187	0.991401	-1.62368	0.0641181	24.7875	
0.990647	0.000369255	0.136446	0.000367528	0.999985	-0.00537457	-0.136446	0.00537445	0.990633	-1.76808	0.0698066	25.8586	
0.989847	0.000400765	0.142134	0.000398812	0.999984	-0.00559697	-0.142134	0.00559683	0.989832	-1.91862	0.0757355	26.9289	
0.989014	0.000433567	0.14782	0.00043137	0.999983	-0.00581916	-0.14782	0.005819	0.988997	-2.07532	0.0819047	27.9983	
0.988148	0.000467662	0.153504	0.000465201	0.999982	-0.00604114	-0.153504	0.00604095	0.98813	-2.23815	0.0883139	29.0667	
0.987249	0.00050305	0.159186	0.000500303	0.99998	-0.0062629	-0.159186	0.00626268	0.987229	-2.40713	0.0949628	30.1342	
0.986316	0.000539729	0.164865	0.000536676	0.999979	-0.00648441	-0.164865	0.00648416	0.986295	-2.58225	0.101851	31.2007	
0.985351	0.000577698	0.17054	0.000574318	0.999977	-0.00670569	-0.17054	0.0067054	0.985328	-2.76351	0.108979	32.2662	
0.984352	0.000616959	0.176213	0.000613228	0.999976	-0.00692671	-0.176213	0.00692637	0.984328	-2.95089	0.116346	33.3306	
0.98332	0.000657509	0.181883	0.000653405	0.999974	-0.00714746	-0.181883	0.00714709	0.983294	-3.14441	0.123951	34.3939	
0.982255	0.000699348	0.187548	0.000694846	0.999973	-0.00736795	-0.187548	0.00736752	0.982228	-3.34405	0.131795	35.4561	
0.981157	0.000742476	0.19321	0.00073755	0.999971	-0.00758815	-0.19321	0.00758767	0.981128	-3.54982	0.139877	36.5171	
0.980026	0.00078689	0.198868	0.000781516	0.999969	-0.00780806	-0.198868	0.00780752	0.979995	-3.7617	0.148196	37.5769	
0.978862	0.00083259	0.204521	0.000826741	0.999967	-0.00802767	-0.204521	0.00802706	0.978829	-3.97969	0.156753	38.6355	
0.977664	0.000879576	0.21017	0.000873224	0.999966	-0.00824697	-0.21017	0.00824629	0.97763	-4.20379	0.165548	39.6927	
0.976434	0.000927844	0.215814	0.000920963	0.999964	-0.00846595	-0.215814	0.0084652	0.976398	-4.434	0.174579	40.7487	
0.975171	0.000977396	0.221453	0.000969956	0.999962	-0.00868461	-0.221453	0.00868377	0.975132	-4.6703	0.183846	41.8033	
0.973874	0.00102823	0.227086	0.0010202	0.99996	-0.00890293	-0.227086	0.008902	0.973834	-4.91269	0.193349	42.8566	
0.972545	0.00108034	0.232714	0.00107169	0.999958	-0.0091209	-0.232714	0.00911988	0.972502	-5.16117	0.203089	43.9084	
0.971182	0.00113373	0.238337	0.00112443	0.999956	-0.00933852	-0.238337	0.00933739	0.971138	-5.41573	0.213063	44.9587	
0.969786	0.0011884	0.243953	0.00117842	0.999954	-0.00955577	-0.243953	0.00955454	0.96974	-5.67636	0.223272	46.0076	
0.968358	0.00124434	0.249563	0.00123365	0.999951	-0.00977265	-0.249563	0.0097713	0.968309	-5.94306	0.233716	47.0549	
0.966896	0.00130155	0.255166	0.00129012	0.999949	-0.00998916	-0.255166	0.00998767	0.966846	-6.21582	0.244394	48.1007	
0.965402	0.00136003	0.260763	0.00134782	0.999947	-0.0102053	-0.260763	0.0102036	0.965349	-6.49463	0.255305	49.1449	
0.963875	0.00141979	0.266352	0.00140676	0.999945	-0.010421	-0.266352	0.0104192	0.963819	-6.77948	0.26645	50.1874	
0.962315	0.00148081	0.271935	0.00146693	0.999942	-0.0106363	-0.271935	0.0106344	0.962257	-7.07038	0.277828	51.2283	
0.960722	0.00154309	0.27751	0.00152833	0.99994	-0.0108512	-0.27751	0.0108491	0.960662	-7.3673	0.289437	52.2674	
0.959096	0.00160664	0.283077	0.00159096	0.999938	-0.0110656	-0.283077	0.0110634	0.959033	-7.67024	0.301279	53.3048	
0.957437	0.00167145	0.288636	0.00165481	0.999935	-0.0112797	-0.288636	0.0112772	0.957372	-7.9792	0.313352	54.3405	
0.955746	0.00173752	0.294187	0.00171988	0.999932	-0.0114932	-0.294188	0.0114906	0.955679	-8.29416	0.325656	55.3743	
0.954022	0.00180484	0.29973	0.00178617	0.99993	-0.0117064	-0.29973	0.0117035	0.953952	-8.61512	0.33819	56.4063	
0.952266	0.00187341	0.305264	0.00185367	0.999927	-0.011919	-0.305265	0.011916	0.952193	-8.94206	0.350954	57.4364	
0.950477	0.00194324	0.31079	0.00192238	0.999925	-0.0121313	-0.31079	0.0121279	0.950401	-9.27498	0.363948	58.4645	
0.948655	0.00201431	0.316306	0.0019923	0.999922	-0.012343	-0.316306	0.0123394	0.948577	-9.61387	0.37717	59.4907	
0.946801	0.00208663	0.321813	0.00206342	0.999919	-0.0125542	-0.321813	0.0125504	0.94672	-9.95871	0.39062	60.515	
0.944914	0.00216019	0.32731	0.00213574	0.999916	-0.012765	-0.32731	0.0127609	0.944831	-10.3095	0.404299	61.5372	
0.942996	0.00223499	0.332798	0.00220926	0.999913	-0.0129752	-0.332798	0.0129708	0.942909	-10.6662	0.418204	62.5573	
0.941044	0.00231103	0.338275	0.00228398	0.99991	-0.013185	-0.338275	0.0131802	0.940955	-11.0289	0.432336	63.5754	
0.939061	0.0023883	0.343743	0.00235988	0.999908	-0.0133942	-0.343743	0.0133891	0.938968	-11.3974	0.446695	64.5913	
0.937045	0.0024668	0.349199	0.00243697	0.999905	-0.0136029	-0.3492	0.0135975	0.93695	-11.7719	0.461278	65.6051	
0.934997	0.00254653	0.354646	0.00251524	0.999901	-0.013811	-0.354646	0.0138053	0.934899	-12.1523	0.476087	66.6166	
0.932917	0.00262748	0.360081	0.00259469	0.999898	-0.0140186	-0.360081	0.0140125	0.932816	-12.5385	0.49112	67.6259	
0.930805	0.00270966	0.365505	0.00267531	0.999895	-0.0142257	-0.365505	0.0142192	0.930701	-12.9306	0.506377	68.633	
0.928662	0.00279305	0.370918	0.0027571	0.999892	-0.0144322	-0.370918	0.0144253	0.928554	-13.3286	0.521856	69.6377	
0.918301	0.00318176	0.395869	0.0027571	0.999892	-0.0144322	-0.395872	0.0143446	0.918194	-13.743	0.537405	70.6358	
0.907271	0.00356814	0.420531	0.0027571	0.999892	-0.0144322	-0.420537	0.0142534	0.907163	-14.1842	0.55286	71.6223	
0.895578	0.00395192	0.444887	0.0027571	0.999892	-0.0144322	-0.444896	0.0141518	0.895471	-14.6519	0.568211	72.5965	
0.883232	0.00433282	0.468917	0.0027571	0.999892	-0.0144322	-0.468929	0.0140398	0.883124	-15.1458	0.583447	73.5577	
0.87024	0.00471055	0.492605	0.0027571	0.999892	-0.0144322	-0.49262	0.0139177	0.870133	-15.6654	0.598556	74.5052	
0.856613	0.00508484	0.515934	0.0027571	0.999892	-0.0144322	-0.515951	0.0137853	0.856507	-16.2105	0.613528	75.4384	
0.842361	0.00545542	0.538885	0.0027571	0.999892	-0.0144322	-0.538906	0.0136429	0.842255	-16.7806	0.628351	76.3564	
0.827494	0.00582202	0.561444	0.0027571	0.999892	-0.0144322	-0.561467	0.0134905	0.827389	-17.3753	0.643015	77.2588	
0.812023	0.00618437	0.583592	0.0027571	0.999892	-0.0144322	-0.583619	0.0133283	0.811918	-17.9941	0.657509	78.1447	
0.795959	0.0065422	0.605315	0.0027571	0.999892	-0.0144322	-0.605344	0.0131564	0.795855	-18.6367	0.671822	79.0136	
0.779314	0.00689525	0.626596	0.0027571	0.999892	-0.0144322	-0.626627	0.0129748	0.779211	-19.3025	0.685944	79.8649	
0.7621	0.00724328	0.647419	0.0027571	0.999892	-0.0144322	-0.647453	0.0127838	0.761998	-19.9911	0.699865	80.6978	
0.74433	0.00758601	0.667769	0.0027571	0.999892	-0.0144322	-0.667807	0.0125834	0.744228	-20.7019	0.713575	81.5118	
0.726016	0.00792321	0.687632	0.0027571	0.999892	-0.0144322	-0.687672	0.0123739	0.725916	-21.4344	0.727063	82.3063	
0.707172	0.00825462	0.706993	0.0027571	0.999892	-0.0144322	-0.707036	0.0121553	0.707073	-22.1882	0.740319	83.0808	
0.687812	0.00858001	0.725838	0.0027571	0.999892	-0.0144322	-0.725884	0.0119279	0.687714	-22.9626	0.753335	83.8346	
0.66795	0.00889913	0.744153	0.0027571	0.999892	-0.0144322	-0.744201	0.0116917	0.667853	-23.7571	0.766099	84.5672	
0.6476	0.00921175	0.761925	0.0027571	0.999892	-0.0144322	-0.761975	0.011447	0.647505	-24.5711	0.778604	85.278	
0.626777	0.00951765	0.77914	0.0027571	0.999892	-0.0144322	-0.779193	0.011194	0.626684	-25.404	0.79084	85.9666	
0.605497	0.00981661	0.795787	0.0027571	0.999892	-0.0144322	-0.795843	0.0109327	0.605405	-26.2552	0.802799	86.6325	
0.583775	0.0101084	0.811853	0.0027571	0.999892	-0.0144322	-0.811911	0.0106635	0.583684	-27.1241	0.81447	87.2751	
0.561627	0.0103928	0.827326	0.0027571	0.999892	-0.0144322	-0.827386	0.0103865	0.561537	-28.01	0.825846	87.8941	
0.539068	0.0106696	0.842195	0.0027571	0.999892	-0.0144322	-0.842258	0.010102	0.538981	-28.9123	0.836919	88.4888	
0.516116	0.0109386	0.856449	0.0027571	0.999892	-0.0144322	-0.856514	0.00981002	0.51603	-29.8304	0.84768	89.059	
0.492787	0.0111997	0.870078	0.0027571	0.999892	-0.0144322	-0.870145	0.00951091	0.492703	-30.7636	0.858122	89.6041	
0.469099	0.0114526	0.883071	0.0027571	0.999892	-0.0144322	-0.883141	0.00920485	0.469017	-31.7111	0.868237	90.1239	
0.445068	0.0116971	0.89542	0.0027571	0.999892	-0.0144322	-0.895493	0.00889208	0.444988	-32.6723	0.878017	90.6178	
0.420712	0.011933	0.907116	0.0027571	0.999892	-0.0144322	-0.90719	0.00857282	0.420634	-33.6466	0.887455	91.0857	
0.396049	0.0121603	0.918149	0.0027571	0.999892	-0.0144322	-0.918225	0.00824729	0.395973	-34.6331	0.896546	91.527	
0.371097	0.0123787	0.928512	0.0027571	0.999892	-0.0144322	-0.92859	0.00791575	0.371023	-35.6312	0.905281	91.9415	
0.345874	0.012588	0.938197	0.0027571	0.999892	-0.0144322	-0.938277	0.00757843	0.345802	-36.6401	0.913654	92.3289	
0.320398	0.0127882	0.947197	0.0027571	0.999892	-0.0144322	-0.947279	0.00723557	0.320328	-37.6591	0.92166	92.6889	
0.294689	0.012979	0.955505	0.0027571	0.999892	-0.0144322	-0.955589	0.00688744	0.294621	-38.6875	0.929293	93.0212	
