1	0	0	0	1	0	0	0	1	0	0	0	
0.999999	1.51201e-07	-0.00153056	1.51201e-07	1	0.000197575	0.00153056	-0.000197575	0.999999	0.00066479	-8.58156e-05	0.868687	
0.999995	6.05828e-07	-0.00306429	6.05373e-07	1	0.000395262	0.00306429	-0.000395262	0.999995	0.00266053	-0.000343311	1.73737	
0.999989	1.36527e-06	-0.00460113	1.36345e-06	1	0.000593052	0.00460113	-0.000593052	0.999989	0.00598996	-0.000772579	2.60605	
0.999981	2.43088e-06	-0.00614101	2.42632e-06	1	0.000790937	0.00614101	-0.000790937	0.999981	0.0106557	-0.00137371	3.47473	
0.99997	3.80397e-06	-0.0076839	3.79482e-06	1	0.000988909	0.0076839	-0.000988908	0.99997	0.0166605	-0.00214677	4.34339	
0.999957	5.48579e-06	-0.00922973	5.46975e-06	0.999999	0.00118696	0.00922973	-0.00118696	0.999957	0.0240068	-0.00309184	5.21205	
0.999942	7.47756e-06	-0.0107784	7.45185e-06	0.999999	0.00138508	0.0107784	-0.00138508	0.999941	0.0326972	-0.00420899	6.08069	
0.999924	9.78046e-06	-0.01233	9.74183e-06	0.999999	0.00158326	0.01233	-0.00158326	0.999923	0.0427342	-0.00549827	6.94932	
0.999904	1.23956e-05	-0.0138843	1.23403e-05	0.999998	0.00178149	0.0138843	-0.00178149	0.999902	0.0541202	-0.00695972	7.81793	
0.999881	1.53241e-05	-0.0154413	1.5248e-05	0.999998	0.00197977	0.0154413	-0.00197977	0.999879	0.0668576	-0.0085934	8.68652	
0.999855	1.85671e-05	-0.017001	1.84653e-05	0.999998	0.00217809	0.017001	-0.00217808	0.999853	0.0809488	-0.0103993	9.55509	
0.999828	2.21254e-05	-0.0185633	2.19929e-05	0.999997	0.00237643	0.0185633	-0.00237643	0.999825	0.0963959	-0.0123776	10.4236	
0.999797	2.6e-05	-0.0201281	2.58311e-05	0.999997	0.00257479	0.0201281	-0.00257479	0.999794	0.113201	-0.0145281	11.2922	
0.999765	3.0192e-05	-0.0216955	2.99804e-05	0.999996	0.00277317	0.0216955	-0.00277317	0.999761	0.131367	-0.0168509	12.1607	
0.999729	3.4702e-05	-0.0232652	3.44412e-05	0.999996	0.00297155	0.0232652	-0.00297155	0.999725	0.150895	-0.0193461	13.0291	
0.999692	3.9531e-05	-0.0248374	3.92138e-05	0.999995	0.00316993	0.0248374	-0.00316992	0.999686	0.171789	-0.0220136	13.8975	
0.999651	4.46798e-05	-0.0264118	4.42985e-05	0.999994	0.00336829	0.0264118	-0.00336828	0.999645	0.194048	-0.0248535	14.7659	
0.999608	5.0149e-05	-0.0279885	4.96955e-05	0.999994	0.00356663	0.0279885	-0.00356663	0.999602	0.217677	-0.0278656	15.6343	
0.999563	5.59394e-05	-0.0295674	5.5405e-05	0.999993	0.00376495	0.0295674	-0.00376494	0.999556	0.242676	-0.03105	16.5026	
0.999515	6.20516e-05	-0.0311485	6.14272e-05	0.999992	0.00396323	0.0311485	-0.00396322	0.999507	0.269047	-0.0344067	17.3709	
0.999464	6.84862e-05	-0.0327316	6.77621e-05	0.999991	0.00416146	0.0327316	-0.00416145	0.999456	0.296793	-0.0379356	18.2391	
0.999411	7.52438e-05	-0.0343168	7.44098e-05	0.99999	0.00435964	0.0343168	-0.00435963	0.999401	0.325915	-0.0416367	19.1073	
0.999355	8.23248e-05	-0.035904	8.13703e-05	0.99999	0.00455777	0.035904	-0.00455775	0.999345	0.356415	-0.0455099	19.9755	
0.999297	8.97298e-05	-0.037493	8.86435e-05	0.999989	0.00475582	0.037493	-0.0047558	0.999286	0.388295	-0.0495551	20.8436	
0.999236	9.74592e-05	-0.039084	9.62294e-05	0.999988	0.0049538	0.039084	-0.00495377	0.999224	0.421555	-0.0537724	21.7116	
0.999172	0.000105513	-0.0406767	0.000104128	0.999987	0.00515169	0.0406767	-0.00515166	0.999159	0.456199	-0.0581617	22.5796	
0.999106	0.000113893	-0.0422711	0.000112339	0.999986	0.00534949	0.0422712	-0.00534946	0.999092	0.492227	-0.0627228	23.4475	
0.999037	0.000122597	-0.0438673	0.000120862	0.999985	0.00554719	0.0438673	-0.00554715	0.999022	0.52964	-0.0674556	24.3154	
0.998966	0.000131627	-0.0454651	0.000129696	0.999983	0.00574479	0.0454651	-0.00574474	0.998949	0.568441	-0.0723602	25.1832	
0.998892	0.000140983	-0.0470644	0.000138843	0.999982	0.00594227	0.0470644	-0.00594222	0.998874	0.608631	-0.0774363	26.0509	
0.998815	0.000150665	-0.0486653	0.0001483	0.999981	0.00613962	0.0486653	-0.00613957	0.998796	0.650211	-0.082684	26.9186	
0.998736	0.000160673	-0.0502676	0.000158068	0.99998	0.00633685	0.0502676	-0.00633678	0.998716	0.693181	-0.088103	27.7862	
0.998654	0.000171007	-0.0518713	0.000168147	0.999979	0.00653394	0.0518713	-0.00653386	0.998632	0.737545	-0.0936933	28.6538	
0.998569	0.000181667	-0.0534764	0.000178535	0.999977	0.00673088	0.0534764	-0.00673079	0.998546	0.783302	-0.0994547	29.5212	
0.998482	0.000192654	-0.0550827	0.000189233	0.999976	0.00692767	0.0550827	-0.00692757	0.998458	0.830454	-0.105387	30.3886	
0.998392	0.000203966	-0.0566903	0.000200239	0.999975	0.00712429	0.0566903	-0.00712419	0.998366	0.879002	-0.11149	31.2559	
0.998299	0.000215605	-0.058299	0.000211553	0.999973	0.00732075	0.058299	-0.00732063	0.998272	0.928947	-0.117764	32.1231	
0.998204	0.000227569	-0.0599088	0.000223175	0.999972	0.00751703	0.0599088	-0.0075169	0.998176	0.980289	-0.124209	32.9903	
0.998106	0.000239859	-0.0615197	0.000235103	0.99997	0.00771313	0.0615197	-0.00771298	0.998076	1.03303	-0.130824	33.8573	
0.998005	0.000252474	-0.0631315	0.000247337	0.999969	0.00790904	0.0631316	-0.00790888	0.997974	1.08717	-0.137609	34.7243	
0.997902	0.000265414	-0.0647443	0.000259877	0.999967	0.00810475	0.0647444	-0.00810457	0.997869	1.14271	-0.144565	35.5912	
0.997796	0.000278678	-0.066358	0.00027272	0.999966	0.00830025	0.066358	-0.00830005	0.997761	1.19966	-0.15169	36.458	
0.997687	0.000292267	-0.0679725	0.000285867	0.999964	0.00849554	0.0679725	-0.00849532	0.997651	1.258	-0.158985	37.3247	
0.997576	0.00030618	-0.0695877	0.000299316	0.999962	0.00869061	0.0695877	-0.00869037	0.997538	1.31775	-0.166449	38.1913	
0.997462	0.000320417	-0.0712036	0.000313067	0.99996	0.00888545	0.0712037	-0.00888518	0.997422	1.3789	-0.174083	39.0578	
0.997345	0.000334976	-0.0728202	0.000327118	0.999959	0.00908005	0.0728202	-0.00907976	0.997304	1.44146	-0.181886	39.9242	
0.997226	0.000349857	-0.0744374	0.000341468	0.999957	0.00927441	0.0744374	-0.0092741	0.997183	1.50542	-0.189858	40.7905	
0.997104	0.000365061	-0.076055	0.000356116	0.999955	0.00946853	0.0760551	-0.00946819	0.997059	1.57079	-0.197999	41.6566	
0.996979	0.000380585	-0.0776732	0.000371062	0.999953	0.00966238	0.0776732	-0.00966201	0.996932	1.63756	-0.206308	42.5227	
0.996851	0.00039643	-0.0792917	0.000386303	0.999951	0.00985598	0.0792918	-0.00985557	0.996803	1.70573	-0.214785	43.3887	
0.996721	0.000412594	-0.0809106	0.000401839	0.999949	0.0100493	0.0809107	-0.0100489	0.996671	1.77532	-0.22343	44.2545	
0.996589	0.000429077	-0.0825298	0.000417669	0.999947	0.0102423	0.0825299	-0.0102419	0.996536	1.84631	-0.232243	45.1203	
0.996453	0.000445879	-0.0841493	0.00043379	0.999945	0.0104351	0.0841493	-0.0104346	0.996399	1.9187	-0.241224	45.9859	
0.996315	0.000462997	-0.0857688	0.000450202	0.999943	0.0106276	0.0857689	-0.010627	0.996258	1.9925	-0.250372	46.8514	
0.996174	0.000480432	-0.0873886	0.000466903	0.999941	0.0108197	0.0873886	-0.0108191	0.996116	2.06771	-0.259687	47.7168	
0.996031	0.000498182	-0.0890083	0.000483892	0.999939	0.0110116	0.0890084	-0.011011	0.99597	2.14433	-0.269169	48.582	
0.995885	0.000516247	-0.0906281	0.000501168	0.999937	0.0112031	0.0906282	-0.0112025	0.995822	2.22236	-0.278817	49.4471	
0.995736	0.000534624	-0.0922478	0.000518728	0.999935	0.0113944	0.0922479	-0.0113936	0.995671	2.30179	-0.288632	50.3121	
0.995477	0.000562278	-0.0950017	0.000257347	0.999963	0.008615	0.095003	-0.00860049	0.99544	2.38312	-0.297316	51.177	
0.99521	0.000582227	-0.0977578	-1.16477e-05	0.999983	0.00583713	0.0977596	-0.00580804	0.995193	2.46684	-0.303574	52.0416	
0.994935	0.000594457	-0.100516	-0.000288259	0.999995	0.00306076	0.100517	-0.00301628	0.994931	2.55296	-0.307407	52.906	
0.994653	0.000598954	-0.103276	-0.000572491	1	0.000285871	0.103276	-0.000225218	0.994653	2.64148	-0.308815	53.7701	
0.994362	0.000595705	-0.106037	-0.000864347	0.999997	-0.00248753	0.106035	0.00256515	0.994359	2.73239	-0.307799	54.6341	
0.994063	0.000584701	-0.1088	-0.00116383	0.999985	-0.00525944	0.108795	0.00535484	0.99405	2.8257	-0.304359	55.4977	
0.993757	0.000565934	-0.111564	-0.00147094	0.999967	-0.00802987	0.111555	0.00814384	0.993725	2.92141	-0.298495	56.3611	
0.993443	0.000539397	-0.114328	-0.00178568	0.99994	-0.0107988	0.114315	0.0109322	0.993384	3.01952	-0.29021	57.2242	
0.993121	0.000505085	-0.117093	-0.00210805	0.999906	-0.0135663	0.117075	0.0137198	0.993028	3.12002	-0.279503	58.087	
0.992791	0.000462996	-0.119858	-0.00243806	0.999864	-0.0163323	0.119834	0.0165068	0.992657	3.22292	-0.266374	58.9494	
0.992453	0.000413128	-0.122623	-0.0027757	0.999814	-0.0190968	0.122592	0.0192931	0.99227	3.32822	-0.250824	59.8116	
0.992108	0.000355483	-0.125387	-0.00312098	0.999756	-0.0218599	0.125349	0.0220787	0.991867	3.43591	-0.232855	60.6734	
0.991755	0.000290062	-0.128151	-0.00347389	0.999691	-0.0246215	0.128104	0.0248637	0.991449	3.54599	-0.212466	61.5348	
0.991394	0.00021687	-0.130914	-0.00383445	0.999618	-0.0273817	0.130858	0.027648	0.991015	3.65847	-0.189657	62.3959	
0.991025	0.000135913	-0.133677	-0.00420263	0.999537	-0.0301404	0.133611	0.0304317	0.990567	3.77334	-0.164431	63.2566	
0.990649	4.7199e-05	-0.136437	-0.00457846	0.999448	-0.0328977	0.13636	0.0332147	0.990102	3.8906	-0.136786	64.1169	
0.990265	-4.92626e-05	-0.139196	-0.00496192	0.999352	-0.0356535	0.139108	0.0359971	0.989623	4.01025	-0.106725	64.9767	
0.989873	-0.000153461	-0.141954	-0.00535301	0.999248	-0.0384079	0.141853	0.0387788	0.989128	4.13228	-0.0742462	65.8362	
0.989474	-0.000265382	-0.144709	-0.00575174	0.999136	-0.0411609	0.144595	0.04156	0.988618	4.2567	-0.0393515	66.6952	
0.989068	-0.000385011	-0.147462	-0.0061581	0.999016	-0.0439124	0.147334	0.0443405	0.988092	4.3835	-0.0020412	67.5538	
0.988654	-0.000512331	-0.150212	-0.00657209	0.998889	-0.0466626	0.150069	0.0471203	0.987552	4.51267	0.0376843	68.4119	
0.988232	-0.000647325	-0.15296	-0.00699371	0.998754	-0.0494113	0.152801	0.0498996	0.986996	4.64422	0.0798243	69.2695	
0.987803	-0.000789972	-0.155704	-0.00742296	0.998611	-0.0521586	0.155529	0.0526783	0.986426	4.77815	0.124378	70.1267	
0.987367	-0.00094025	-0.158445	-0.00785983	0.998461	-0.0549046	0.158252	0.0554563	0.98584	4.91443	0.171346	70.9833	
0.986075	-0.00146291	-0.166297	-0.0111341	0.997137	-0.0747927	0.165931	0.0756027	0.983235	5.05525	0.228273	71.8386	
0.984721	-0.00214611	-0.174127	-0.0145628	0.995407	-0.0946235	0.17353	0.0957135	0.980166	5.2027	0.302686	72.6914	
0.983307	-0.00298953	-0.181931	-0.0181441	0.99327	-0.114388	0.181049	0.115779	0.976635	5.35671	0.39455	73.5414	
0.981833	-0.00399277	-0.189704	-0.0218764	0.99073	-0.134076	0.188481	0.13579	0.972644	5.51722	0.503822	74.3881	
0.980301	-0.00515537	-0.197444	-0.025758	0.987785	-0.153679	0.195825	0.155737	0.968193	5.68415	0.630449	75.2311	
0.97871	-0.00647676	-0.205147	-0.029787	0.984438	-0.173187	0.203076	0.175611	0.963287	5.85741	0.774374	76.0701	
0.977061	-0.00795634	-0.212809	-0.0339615	0.980691	-0.192592	0.210232	0.195401	0.957925	6.03694	0.935526	76.9046	
0.975357	-0.00959339	-0.220426	-0.0382796	0.976545	-0.211883	0.217288	0.2151	0.952112	6.22264	1.11383	77.7342	
0.973596	-0.0113872	-0.227995	-0.0427391	0.972002	-0.231053	0.224242	0.234697	0.94585	6.41442	1.30921	78.5586	
0.97178	-0.0133368	-0.235512	-0.0473381	0.967064	-0.250092	0.231091	0.254183	0.939142	6.6122	1.52156	79.3774	
0.96991	-0.0154414	-0.242974	-0.0520743	0.961734	-0.268991	0.23783	0.27355	0.931991	6.81588	1.75078	80.1901	
0.967987	-0.0176999	-0.250377	-0.0569455	0.956014	-0.287741	0.244457	0.292787	0.924401	7.02537	1.99678	80.9965	
0.966011	-0.0201113	-0.257718	-0.0619494	0.949906	-0.306333	0.250969	0.311887	0.916374	7.24056	2.25942	81.796	
0.963984	-0.0226744	-0.264993	-0.0670837	0.943415	-0.324759	0.257362	0.330839	0.907915	7.46136	2.5386	82.5884	
0.961906	-0.0253881	-0.272199	-0.0723458	0.936542	-0.343009	0.263634	0.349635	0.899028	7.68766	2.83417	83.3733	
0.959779	-0.0282511	-0.279333	-0.0777335	0.929291	-0.361076	0.269782	0.368267	0.889717	7.91935	3.146	84.1502	
0.957603	-0.0312619	-0.28639	-0.083244	0.921665	-0.378951	0.275803	0.386724	0.879987	8.15633	3.47394	84.9189	
