1	0	0	0	1	0	0	0	1	0	0	0	
0.999991	7.22262e-06	-0.00415192	7.22262e-06	0.999994	0.00347915	0.00415192	-0.00347915	0.999985	0.00207492	-0.0017387	0.99949	
0.999966	2.88938e-05	-0.00830343	2.89049e-05	0.999976	0.00696062	0.00830343	-0.00696062	0.999941	0.00829946	-0.00695596	1.99895	
0.999922	6.50209e-05	-0.0124544	6.50652e-05	0.999945	0.0104443	0.0124544	-0.0104443	0.999868	0.0186732	-0.015654	2.99835	
0.999862	0.00011561	-0.0166047	0.000115721	0.999903	0.0139301	0.0166047	-0.0139301	0.999765	0.0331954	-0.0278351	3.99767	
0.999785	0.000180668	-0.0207541	0.000180889	0.999848	0.0174178	0.0207541	-0.0174178	0.999633	0.0518654	-0.0435012	4.99686	
0.99969	0.000260198	-0.0249026	0.000260586	0.999781	0.0209074	0.0249025	-0.0209074	0.999471	0.0746822	-0.0626541	5.99591	
0.999578	0.000354207	-0.0290499	0.000354827	0.999702	0.0243987	0.0290499	-0.0243987	0.99928	0.101645	-0.0852957	6.99479	
0.999449	0.000462696	-0.0331959	0.000463626	0.999611	0.0278916	0.0331959	-0.0278916	0.99906	0.132752	-0.111428	7.99345	
0.999302	0.000585669	-0.0373406	0.000586999	0.999507	0.0313859	0.0373406	-0.031386	0.99881	0.168003	-0.141052	8.99189	
0.999139	0.000723128	-0.0414837	0.000724957	0.999391	0.0348817	0.0414836	-0.0348817	0.99853	0.207395	-0.174169	9.99005	
0.998958	0.000875075	-0.0456251	0.000877514	0.999263	0.0383787	0.045625	-0.0383787	0.998221	0.250927	-0.210781	10.9879	
0.99876	0.00104151	-0.0497646	0.00104468	0.999122	0.0418768	0.0497645	-0.0418769	0.997883	0.298598	-0.250888	11.9855	
0.998545	0.00122243	-0.0539022	0.00122647	0.998969	0.0453759	0.0539021	-0.045376	0.997515	0.350405	-0.294493	12.9827	
0.998313	0.00141785	-0.0580376	0.00142289	0.998804	0.0488759	0.0580375	-0.048876	0.997117	0.406347	-0.341595	13.9795	
0.998064	0.00162774	-0.0621708	0.00163395	0.998626	0.0523766	0.0621706	-0.0523768	0.99669	0.466421	-0.392196	14.9759	
0.997798	0.00185213	-0.0663016	0.00185967	0.998436	0.055878	0.0663014	-0.0558783	0.996234	0.530625	-0.446296	15.9719	
0.997515	0.00209099	-0.0704298	0.00210004	0.998233	0.0593799	0.0704295	-0.0593802	0.995748	0.598956	-0.503897	16.9673	
0.997214	0.00234433	-0.0745553	0.00235508	0.998018	0.0628822	0.074555	-0.0628826	0.995232	0.671412	-0.564997	17.9623	
0.996897	0.00261215	-0.078678	0.00262479	0.997791	0.0663847	0.0786776	-0.0663852	0.994687	0.747989	-0.629599	18.9568	
0.996562	0.00289443	-0.0827977	0.00290918	0.997551	0.0698874	0.0827972	-0.0698881	0.994113	0.828686	-0.697701	19.9507	
0.996211	0.00319118	-0.0869143	0.00320826	0.997298	0.0733902	0.0869137	-0.0733909	0.993509	0.913499	-0.769305	20.944	
0.995842	0.00350238	-0.0910276	0.00352202	0.997033	0.0768928	0.0910269	-0.0768937	0.992875	1.00242	-0.844409	21.9367	
0.995457	0.00382804	-0.0951376	0.00385048	0.996756	0.0803952	0.0951367	-0.0803963	0.992212	1.09546	-0.923015	22.9287	
0.995054	0.00416814	-0.099244	0.00419364	0.996466	0.0838973	0.0992429	-0.0838986	0.99152	1.1926	-1.00512	23.9201	
0.994635	0.00452267	-0.103347	0.0045515	0.996163	0.0873989	0.103345	-0.0874004	0.990798	1.29384	-1.09073	24.9108	
0.994199	0.00489162	-0.107446	0.00492406	0.995848	0.0908999	0.107444	-0.0909017	0.990047	1.39919	-1.17983	25.9007	
0.993746	0.005275	-0.111541	0.00531132	0.99552	0.0944003	0.111539	-0.0944023	0.989266	1.50862	-1.27244	26.8899	
0.993276	0.00567277	-0.115632	0.00571328	0.99518	0.0978998	0.11563	-0.0979021	0.988456	1.62215	-1.36854	27.8782	
0.992789	0.00608495	-0.119718	0.00612995	0.994827	0.101398	0.119716	-0.101401	0.987616	1.73976	-1.46814	28.8658	
0.992286	0.0065115	-0.1238	0.00656132	0.994462	0.104896	0.123798	-0.104899	0.986747	1.86146	-1.57124	29.8524	
0.991766	0.00695242	-0.127878	0.00700739	0.994084	0.108392	0.127875	-0.108396	0.985849	1.98723	-1.67784	30.8382	
0.991229	0.00740771	-0.131951	0.00746816	0.993693	0.111887	0.131948	-0.111891	0.984921	2.11708	-1.78792	31.8231	
0.990675	0.00787733	-0.13602	0.00794363	0.99329	0.115381	0.136016	-0.115385	0.983964	2.25099	-1.9015	32.8071	
0.990104	0.00836128	-0.140083	0.00843379	0.992874	0.118873	0.140079	-0.118878	0.982978	2.38897	-2.01858	33.7901	
0.989517	0.00885955	-0.144141	0.00893863	0.992445	0.122363	0.144137	-0.122369	0.981963	2.53101	-2.13914	34.772	
0.988914	0.00937212	-0.148195	0.00945816	0.992004	0.125851	0.148189	-0.125858	0.980918	2.6771	-2.26319	35.753	
0.988294	0.00989896	-0.152242	0.00999236	0.99155	0.129338	0.152236	-0.129345	0.979844	2.82723	-2.39073	36.7329	
0.987657	0.0104401	-0.156285	0.0105412	0.991084	0.132822	0.156278	-0.13283	0.978741	2.98141	-2.52175	37.7117	
0.987004	0.0109954	-0.160322	0.0111048	0.990605	0.136305	0.160314	-0.136313	0.977608	3.13963	-2.65625	38.6894	
0.986334	0.011565	-0.164353	0.011683	0.990113	0.139785	0.164344	-0.139794	0.976447	3.30188	-2.79424	39.6659	
0.985648	0.0121488	-0.168378	0.0122758	0.989609	0.143262	0.168369	-0.143273	0.975256	3.46815	-2.9357	40.6413	
0.984945	0.0127468	-0.172397	0.0128833	0.989092	0.146737	0.172387	-0.146749	0.974037	3.63844	-3.08064	41.6154	
0.984226	0.013359	-0.17641	0.0135054	0.988562	0.15021	0.176399	-0.150223	0.972788	3.81275	-3.22905	42.5883	
0.983491	0.0139853	-0.180417	0.0141421	0.98802	0.153679	0.180405	-0.153694	0.97151	3.99106	-3.38093	43.56	
0.982739	0.0146257	-0.184417	0.0147934	0.987465	0.157146	0.184404	-0.157162	0.970204	4.17337	-3.53628	44.5304	
0.981971	0.0152802	-0.188411	0.0154594	0.986897	0.16061	0.188396	-0.160627	0.968868	4.35968	-3.6951	45.4994	
0.981187	0.0159489	-0.192398	0.0161399	0.986317	0.16407	0.192382	-0.164089	0.967504	4.54997	-3.85737	46.4671	
0.980387	0.0166315	-0.196379	0.0168349	0.985724	0.167528	0.196361	-0.167548	0.966111	4.74425	-4.02311	47.4334	
0.979571	0.0173282	-0.200352	0.0175445	0.985118	0.170981	0.200333	-0.171004	0.964689	4.94249	-4.1923	48.3983	
0.978738	0.018039	-0.204318	0.0182687	0.9845	0.174432	0.204298	-0.174456	0.963238	5.14471	-4.36494	49.3618	
0.97789	0.0187637	-0.208278	0.0190074	0.983869	0.177879	0.208255	-0.177904	0.961759	5.35088	-4.54103	50.3238	
0.977025	0.0195023	-0.212229	0.0197606	0.983225	0.181322	0.212205	-0.181349	0.960251	5.56101	-4.72057	51.2844	
0.976145	0.0202549	-0.216174	0.0205282	0.982569	0.184761	0.216148	-0.184791	0.958714	5.77507	-4.90355	52.2434	
0.975248	0.0210214	-0.220111	0.0213104	0.9819	0.188196	0.220083	-0.188228	0.957149	5.99308	-5.08996	53.2008	
0.974336	0.0218018	-0.22404	0.022107	0.981219	0.191627	0.22401	-0.191662	0.955555	6.21502	-5.27981	54.1567	
0.973408	0.022596	-0.227961	0.022918	0.980525	0.195053	0.227929	-0.195091	0.953933	6.44087	-5.47309	55.1109	
0.972464	0.023404	-0.231874	0.0237435	0.979818	0.198476	0.23184	-0.198516	0.952282	6.67064	-5.6698	56.0636	
0.971505	0.0242259	-0.235779	0.0245834	0.979099	0.201894	0.235742	-0.201937	0.950604	6.90431	-5.86992	57.0145	
0.970529	0.0250614	-0.239676	0.0254376	0.978367	0.205307	0.239637	-0.205353	0.948896	7.14188	-6.07347	57.9638	
0.969538	0.0259108	-0.243565	0.0263062	0.977623	0.208716	0.243522	-0.208765	0.947161	7.38334	-6.28042	58.9114	
0.968532	0.0267738	-0.247445	0.0271891	0.976865	0.212119	0.2474	-0.212172	0.945397	7.62868	-6.49078	59.8572	
0.96751	0.0276504	-0.251316	0.0280863	0.976096	0.215518	0.251268	-0.215574	0.943606	7.87789	-6.70455	60.8012	
0.966472	0.0285407	-0.255179	0.0289978	0.975314	0.218912	0.255128	-0.218972	0.941786	8.13096	-6.92171	61.7434	
0.965488	0.0293931	-0.258783	0.0308643	0.973697	0.225746	0.258612	-0.225942	0.939186	8.3877	-7.14406	62.6834	
0.96449	0.0302727	-0.262379	0.0327565	0.97203	0.232562	0.26208	-0.232898	0.936521	8.64792	-7.37336	63.6208	
0.963478	0.0311794	-0.265966	0.0346742	0.970312	0.23936	0.265533	-0.23984	0.933793	8.91159	-7.60962	64.5555	
0.962453	0.0321131	-0.269544	0.0366172	0.968543	0.246139	0.268969	-0.246767	0.931	9.17871	-7.8528	65.4874	
0.961414	0.0330735	-0.273112	0.0385855	0.966723	0.252898	0.272388	-0.253678	0.928145	9.44925	-8.10289	66.4166	
0.960361	0.0340606	-0.276669	0.0405788	0.964853	0.259638	0.275789	-0.260573	0.925226	9.7232	-8.35989	67.3428	
0.959296	0.0350741	-0.280216	0.042597	0.962933	0.266356	0.279171	-0.267451	0.922244	10.0005	-8.62377	68.266	
0.958218	0.0361139	-0.28375	0.0446398	0.960963	0.273053	0.282534	-0.274311	0.9192	10.2813	-8.89452	69.1863	
0.957127	0.0371798	-0.287271	0.0467072	0.958942	0.279728	0.285877	-0.281153	0.916093	10.5653	-9.17211	70.1035	
0.957611	0.0366813	-0.285719	0.0537984	0.951635	0.302483	0.282996	-0.305032	0.909323	10.8496	-9.46507	71.0158	
0.95809	0.0361424	-0.284179	0.0608156	0.943735	0.325061	0.279938	-0.328721	0.901985	11.131	-9.7818	71.921	
0.958563	0.0355635	-0.282652	0.0677543	0.935247	0.34745	0.276706	-0.352204	0.894084	11.4092	-10.1221	72.8187	
0.959031	0.0349447	-0.281139	0.0746104	0.926177	0.369635	0.273301	-0.375467	0.885625	11.684	-10.4858	73.7081	
0.959492	0.0342866	-0.27964	0.0813794	0.916529	0.391602	0.269725	-0.398496	0.876612	11.9554	-10.8726	74.5888	
0.959948	0.0335896	-0.278158	0.0880572	0.90631	0.413337	0.265981	-0.421276	0.867053	12.2232	-11.2823	75.4603	
0.960397	0.032854	-0.276692	0.0946395	0.895527	0.434828	0.262071	-0.443793	0.856952	12.4871	-11.7146	76.3219	
0.960839	0.0320804	-0.275243	0.101122	0.884186	0.456059	0.257997	-0.466033	0.846316	12.747	-12.1693	77.1731	
0.961274	0.0312692	-0.273814	0.107502	0.872293	0.47702	0.253762	-0.487982	0.835152	13.0027	-12.6461	78.0135	
0.961702	0.0304209	-0.272403	0.113773	0.859858	0.497695	0.249368	-0.509626	0.823466	13.2542	-13.1447	78.8424	
0.962122	0.0295361	-0.271013	0.119934	0.846887	0.518072	0.244819	-0.530953	0.811266	13.5012	-13.6648	79.6594	
0.962535	0.0286153	-0.269645	0.125978	0.833388	0.538139	0.240118	-0.551947	0.79856	13.7435	-14.206	80.464	
0.962939	0.0276591	-0.268298	0.131904	0.81937	0.557884	0.235266	-0.572597	0.785355	13.9811	-14.768	81.2556	
0.963335	0.0266681	-0.266974	0.137707	0.804842	0.577292	0.230267	-0.59289	0.77166	14.2138	-15.3505	82.0337	
0.963722	0.0256429	-0.265674	0.143384	0.789812	0.596354	0.225124	-0.612812	0.757483	14.4414	-15.953	82.7979	
0.9641	0.0245842	-0.264398	0.148931	0.774291	0.615056	0.219841	-0.632352	0.742833	14.6638	-16.5753	83.5478	
0.96447	0.0234925	-0.263147	0.154344	0.758287	0.633387	0.214421	-0.651497	0.727719	14.8808	-17.217	84.2827	
0.964829	0.0223686	-0.261923	0.15962	0.741811	0.651335	0.208867	-0.670236	0.712151	15.0923	-17.8775	85.0023	
0.96518	0.0212133	-0.260726	0.164757	0.724873	0.66889	0.203182	-0.688555	0.696138	15.2983	-18.5566	85.7061	
0.96552	0.0200271	-0.259556	0.16975	0.707484	0.68604	0.197371	-0.706445	0.679691	15.4985	-19.2538	86.3937	
0.965851	0.0188109	-0.258414	0.174596	0.689655	0.702775	0.191436	-0.723894	0.662819	15.6928	-19.9687	87.0647	
0.966171	0.0175654	-0.257302	0.179294	0.671395	0.719084	0.185382	-0.740891	0.645534	15.8811	-20.7007	87.7186	
0.966481	0.0162914	-0.256219	0.183838	0.652718	0.734957	0.179212	-0.757425	0.627845	16.0633	-21.4495	88.355	
0.966781	0.0149896	-0.255167	0.188228	0.633635	0.750385	0.172931	-0.773487	0.609765	16.2393	-22.2146	88.9735	
0.96707	0.013661	-0.254145	0.19246	0.614157	0.765356	0.166541	-0.789065	0.591304	16.409	-22.9956	89.5738	
0.967347	0.0123063	-0.253156	0.196531	0.594297	0.779863	0.160047	-0.804151	0.572473	16.5722	-23.7918	90.1554	
0.967614	0.0109264	-0.252199	0.200439	0.574067	0.793896	0.153453	-0.818735	0.553285	16.7289	-24.6029	90.718	
