1	0	0	0	1	0	0	0	1	0	0	0	
0.999989	-3.24658e-06	-0.00467918	-3.24658e-06	0.999999	-0.00138766	0.00467918	0.00138766	0.999988	0.00252865	0.000749898	1.0808	
0.999956	-1.29973e-05	-0.00936186	-1.29993e-05	0.999996	-0.00277679	0.00936186	0.00277679	0.999952	0.0101165	0.00300039	2.16158	
0.999901	-2.92684e-05	-0.0140478	-2.92767e-05	0.999991	-0.00416734	0.0140478	0.00416734	0.999893	0.0227672	0.00675304	3.24231	
0.999824	-5.20758e-05	-0.0187368	-5.20965e-05	0.999985	-0.00555924	0.0187368	0.00555924	0.999809	0.0404842	0.0120093	4.32296	
0.999726	-8.14344e-05	-0.0234286	-8.14757e-05	0.999976	-0.00695242	0.0234286	0.00695242	0.999701	0.0632706	0.0187707	5.4035	
0.999604	-0.000117358	-0.0281231	-0.000117431	0.999965	-0.00834682	0.0281231	0.00834682	0.99957	0.0911294	0.0270385	6.48392	
0.999461	-0.000159861	-0.03282	-0.000159977	0.999953	-0.00974237	0.03282	0.00974237	0.999414	0.124063	0.036814	7.56418	
0.999296	-0.000208956	-0.0375191	-0.00020913	0.999938	-0.011139	0.0375191	0.011139	0.999234	0.162075	0.0480984	8.64426	
0.999108	-0.000264655	-0.0422201	-0.000264903	0.999921	-0.0125367	0.0422201	0.0125367	0.99903	0.205166	0.0608929	9.72413	
0.998898	-0.000326969	-0.0469229	-0.00032731	0.999903	-0.0139353	0.0469229	0.0139354	0.998801	0.25334	0.0751985	10.8038	
0.998666	-0.000395909	-0.0516272	-0.000396365	0.999882	-0.0153349	0.0516272	0.0153349	0.998549	0.306597	0.0910163	11.8831	
0.998412	-0.000471485	-0.0563329	-0.000472078	0.99986	-0.0167353	0.0563329	0.0167353	0.998272	0.364939	0.108347	12.9622	
0.998135	-0.000553706	-0.0610397	-0.000554461	0.999835	-0.0181364	0.0610397	0.0181364	0.997971	0.428368	0.127192	14.041	
0.997836	-0.000642581	-0.0657474	-0.000643525	0.999809	-0.0195383	0.0657473	0.0195383	0.997645	0.496884	0.147552	15.1195	
0.997515	-0.000738117	-0.0704557	-0.00073928	0.99978	-0.0209408	0.0704557	0.0209408	0.997295	0.570489	0.169427	16.1975	
0.997171	-0.000840323	-0.0751645	-0.000841736	0.99975	-0.0223439	0.0751645	0.0223439	0.996921	0.649183	0.192818	17.2752	
0.996805	-0.000949204	-0.0798736	-0.0009509	0.999718	-0.0237475	0.0798735	0.0237476	0.996522	0.732966	0.217726	18.3525	
0.996416	-0.00106477	-0.0845827	-0.00106678	0.999683	-0.0251515	0.0845826	0.0251516	0.996099	0.821839	0.244152	19.4293	
0.996005	-0.00118701	-0.0892916	-0.00118938	0.999647	-0.026556	0.0892915	0.0265561	0.995651	0.915802	0.272095	20.5057	
0.995571	-0.00131595	-0.0940001	-0.00131872	0.999608	-0.0279608	0.094	0.0279609	0.995179	1.01485	0.301556	21.5815	
0.995115	-0.00145158	-0.0987079	-0.00145479	0.999568	-0.0293658	0.0987079	0.0293659	0.994683	1.11899	0.332536	22.6568	
0.994637	-0.00159391	-0.103415	-0.0015976	0.999525	-0.030771	0.103415	0.0307712	0.994162	1.22822	0.365034	23.7316	
0.994136	-0.00174294	-0.108121	-0.00174715	0.999481	-0.0321764	0.108121	0.0321766	0.993617	1.34254	0.399051	24.8058	
0.993613	-0.00189867	-0.112826	-0.00190346	0.999434	-0.0335818	0.112826	0.0335821	0.993047	1.46194	0.434588	25.8794	
0.993067	-0.00206109	-0.117529	-0.00206651	0.999386	-0.0349872	0.117529	0.0349875	0.992453	1.58642	0.471643	26.9524	
0.992499	-0.00223022	-0.122231	-0.00223632	0.999335	-0.0363926	0.122231	0.036393	0.991834	1.71599	0.510217	28.0247	
0.991909	-0.00240605	-0.12693	-0.00241289	0.999282	-0.0377978	0.12693	0.0377983	0.991191	1.85064	0.550311	29.0964	
0.991296	-0.00258858	-0.131628	-0.00259621	0.999228	-0.0392029	0.131628	0.0392034	0.990524	1.99036	0.591923	30.1673	
0.990661	-0.00277781	-0.136323	-0.00278628	0.999171	-0.0406077	0.136323	0.0406082	0.989832	2.13517	0.635053	31.2375	
0.990003	-0.00297373	-0.141016	-0.00298311	0.999113	-0.0420121	0.141016	0.0420128	0.989116	2.28504	0.679702	32.3069	
0.989323	-0.00317635	-0.145706	-0.00318669	0.999052	-0.0434162	0.145706	0.043417	0.988375	2.43999	0.725869	33.3756	
0.988621	-0.00338564	-0.150393	-0.00339703	0.998989	-0.0448199	0.150393	0.0448208	0.98761	2.6	0.773553	34.4434	
0.987896	-0.00360163	-0.155077	-0.00361411	0.998925	-0.046223	0.155076	0.046224	0.98682	2.76508	0.822754	35.5104	
0.987149	-0.00382428	-0.159757	-0.00383794	0.998858	-0.0476256	0.159757	0.0476267	0.986007	2.93521	0.873472	36.5765	
0.98638	-0.00405361	-0.164434	-0.00406852	0.998789	-0.0490276	0.164434	0.0490288	0.985169	3.11041	0.925705	37.6418	
0.985588	-0.0042896	-0.169107	-0.00430582	0.998718	-0.0504288	0.169107	0.0504302	0.984307	3.29066	0.979453	38.7061	
0.984775	-0.00453225	-0.173776	-0.00454986	0.998646	-0.0518293	0.173776	0.0518308	0.98342	3.47595	1.03472	39.7694	
0.983939	-0.00478154	-0.178441	-0.00480062	0.998571	-0.0532289	0.178441	0.0532306	0.98251	3.66629	1.09149	40.8318	
0.983081	-0.00503748	-0.183102	-0.0050581	0.998494	-0.0546277	0.183101	0.0546296	0.981575	3.86167	1.14978	41.8932	
0.982201	-0.00530004	-0.187757	-0.00532229	0.998415	-0.0560255	0.187757	0.0560276	0.980616	4.06208	1.20958	42.9536	
0.981299	-0.00556922	-0.192408	-0.00559317	0.998334	-0.0574223	0.192408	0.0574246	0.979633	4.26753	1.27089	44.013	
0.980375	-0.005845	-0.197054	-0.00587075	0.998251	-0.058818	0.197053	0.0588205	0.978627	4.47799	1.33371	45.0712	
0.979429	-0.00612738	-0.201695	-0.00615502	0.998167	-0.0602125	0.201694	0.0602154	0.977596	4.69348	1.39804	46.1284	
0.978461	-0.00641635	-0.20633	-0.00644595	0.99808	-0.0616059	0.206329	0.061609	0.976541	4.91398	1.46387	47.1844	
0.977472	-0.00671188	-0.210959	-0.00674354	0.997991	-0.062998	0.210958	0.0630014	0.975463	5.13948	1.53121	48.2393	
0.97646	-0.00701397	-0.215583	-0.00704778	0.9979	-0.0643888	0.215582	0.0643924	0.97436	5.36998	1.60006	49.2929	
0.975427	-0.0073226	-0.2202	-0.00735866	0.997807	-0.0657781	0.220199	0.0657821	0.973234	5.60548	1.6704	50.3454	
0.974372	-0.00763775	-0.224812	-0.00767615	0.997712	-0.067166	0.22481	0.0671704	0.972085	5.84597	1.74225	51.3967	
0.973296	-0.00795941	-0.229416	-0.00800026	0.997615	-0.0685524	0.229415	0.0685572	0.970911	6.09143	1.8156	52.4467	
0.972198	-0.00828757	-0.234014	-0.00833095	0.997517	-0.0699372	0.234013	0.0699424	0.969714	6.34187	1.89044	53.4954	
0.971078	-0.0086222	-0.238606	-0.00866823	0.997416	-0.0713204	0.238604	0.071326	0.968494	6.59728	1.96679	54.5428	
0.969937	-0.00896329	-0.24319	-0.00901206	0.997313	-0.0727019	0.243188	0.0727079	0.96725	6.85764	2.04462	55.5889	
0.968775	-0.00931082	-0.247767	-0.00936244	0.997208	-0.0740815	0.247765	0.0740881	0.965983	7.12295	2.12395	56.6337	
0.967591	-0.00966477	-0.252336	-0.00971935	0.997102	-0.0754594	0.252334	0.0754664	0.964693	7.39321	2.20477	57.677	
0.966387	-0.0100251	-0.256897	-0.0100828	0.996993	-0.0768354	0.256895	0.0768429	0.96338	7.6684	2.28708	58.719	
0.965161	-0.0103918	-0.261451	-0.0104527	0.996882	-0.0782094	0.261449	0.0782175	0.962043	7.94851	2.37088	59.7595	
0.963914	-0.0107649	-0.265997	-0.010829	0.99677	-0.0795814	0.265994	0.0795901	0.960683	8.23355	2.45616	60.7985	
0.962646	-0.0111443	-0.270534	-0.0112118	0.996655	-0.0809514	0.270531	0.0809607	0.959301	8.52349	2.54292	61.8361	
0.961357	-0.0115301	-0.275063	-0.0116011	0.996538	-0.0823192	0.27506	0.0823291	0.957896	8.81833	2.63116	62.8721	
0.960048	-0.0119221	-0.279583	-0.0119967	0.99642	-0.0836848	0.27958	0.0836954	0.956468	9.11806	2.72088	63.9067	
0.958717	-0.0123203	-0.284094	-0.0123988	0.9963	-0.0850481	0.284091	0.0850595	0.955017	9.42267	2.81208	64.9396	
0.957366	-0.0127249	-0.288596	-0.0128072	0.996177	-0.0864091	0.288593	0.0864213	0.953544	9.73215	2.90475	65.971	
0.955995	-0.0131356	-0.293089	-0.0132219	0.996053	-0.0877678	0.293085	0.0877808	0.952048	10.0465	2.99889	67.0008	
0.954603	-0.0135525	-0.297573	-0.0136429	0.995927	-0.089124	0.297569	0.0891378	0.95053	10.3657	3.09449	68.029	
0.953191	-0.0139756	-0.302047	-0.0140703	0.995799	-0.0904777	0.302042	0.0904924	0.94899	10.6897	3.19157	69.0555	
0.951758	-0.0144048	-0.306511	-0.0145038	0.995669	-0.0918289	0.306506	0.0918445	0.947427	11.0186	3.2901	70.0803	
0.958233	-0.0125667	-0.285713	-0.00979985	0.997005	-0.0767188	0.285822	0.0763144	0.955239	11.3387	3.38098	71.1086	
0.964253	-0.0110687	-0.264753	-0.00542606	0.998093	-0.0614902	0.264929	0.0607287	0.962354	11.6363	3.45505	72.145	
0.969814	-0.00991199	-0.243645	-0.00138564	0.998933	-0.0461542	0.243842	0.0450986	0.968766	11.9113	3.51224	73.1886	
0.974912	-0.00909729	-0.222404	0.00231845	0.999525	-0.030722	0.222578	0.0294356	0.97447	12.1634	3.55252	74.2388	
0.979544	-0.00862524	-0.201047	0.0056835	0.999868	-0.0152047	0.201151	0.0137511	0.979464	12.3924	3.57586	75.2948	
0.983705	-0.00849617	-0.179588	0.00870707	0.999962	0.000386096	0.179577	-0.00194349	0.983742	12.5981	3.58224	76.3558	
0.987394	-0.00871019	-0.158043	0.0113869	0.999807	0.0160392	0.157873	-0.0176366	0.987302	12.7805	3.57166	77.421	
0.990607	-0.00926714	-0.136428	0.0137211	0.999402	0.0317431	0.136053	-0.0333169	0.990141	12.9393	3.54412	78.4897	
0.993341	-0.0101666	-0.11476	0.015708	0.998748	0.0474864	0.114133	-0.0489728	0.992258	13.0746	3.49965	79.561	
0.995596	-0.011408	-0.0930526	0.0173461	0.997846	0.0632575	0.0921305	-0.064593	0.99365	13.186	3.43827	80.6343	
0.997369	-0.0129903	-0.071323	0.0186341	0.996697	0.079045	0.0700606	-0.080166	0.994316	13.2737	3.36004	81.7087	
0.998658	-0.0149124	-0.0495867	0.0195712	0.9953	0.0948373	0.0479394	-0.0956805	0.994257	13.3375	3.26501	82.7834	
0.999464	-0.0171729	-0.0278597	0.0201567	0.993658	0.110623	0.0257833	-0.111125	0.993472	13.3773	3.15324	83.8576	
0.999786	-0.0197701	-0.00615781	0.0203901	0.991771	0.12639	0.00360839	-0.126489	0.991961	13.3932	3.02483	84.9306	
0.999622	-0.0227022	0.0155032	0.0202713	0.989641	0.142128	-0.0185692	-0.14176	0.989727	13.3851	2.87986	86.0016	
0.998974	-0.025967	0.0371074	0.0198003	0.987269	0.157824	-0.0407332	-0.156928	0.98677	13.353	2.71843	87.0698	
0.997841	-0.0295622	0.0586391	0.0189776	0.984657	0.173468	-0.0628675	-0.171981	0.983092	13.2971	2.54068	88.1343	
0.996226	-0.0334851	0.0800826	0.0178036	0.981807	0.189048	-0.0849559	-0.186908	0.978697	13.2172	2.34672	89.1946	
0.994128	-0.0377328	0.101422	0.0162794	0.97872	0.204552	-0.106982	-0.201699	0.973587	13.1134	2.1367	90.2497	
0.991549	-0.0423022	0.122642	0.0144058	0.975401	0.219969	-0.12893	-0.216343	0.967767	12.9859	1.91078	91.2988	
0.988492	-0.04719	0.143727	0.0121845	0.971849	0.235288	-0.150785	-0.230829	0.96124	12.8348	1.66911	92.3413	
0.984958	-0.0523927	0.164662	0.00961688	0.968069	0.250498	-0.172529	-0.245147	0.954011	12.66	1.41188	93.3764	
0.98095	-0.0579064	0.185431	0.00670492	0.964063	0.265588	-0.194147	-0.259285	0.946086	12.4619	1.13926	94.4033	
0.976471	-0.0637272	0.20602	0.00345073	0.959834	0.280546	-0.215623	-0.273234	0.93747	12.2404	0.85147	95.4212	
0.971524	-0.0698507	0.226412	-0.000143331	0.955385	0.295362	-0.236942	-0.286984	0.92817	11.9958	0.548707	96.4295	
0.966113	-0.0762725	0.246594	-0.00407462	0.95072	0.310025	-0.258088	-0.300524	0.918192	11.7283	0.231196	97.4273	
0.960242	-0.0829879	0.26655	-0.00834028	0.945841	0.324524	-0.279046	-0.313845	0.907543	11.438	-0.100831	98.414	
0.953915	-0.089992	0.286266	-0.0129372	0.940752	0.338849	-0.299799	-0.326936	0.896233	11.1252	-0.447133	99.3889	
0.947136	-0.0972797	0.305728	-0.017862	0.935457	0.352989	-0.320334	-0.339789	0.884268	10.79	-0.807456	100.351	
0.939911	-0.104846	0.324922	-0.0231111	0.92996	0.366933	-0.340635	-0.352394	0.871657	10.4328	-1.18154	101.3	
0.932245	-0.112684	0.343832	-0.0286807	0.924265	0.380673	-0.360688	-0.364742	0.85841	10.0538	-1.5691	102.235	
0.924144	-0.12079	0.362446	-0.0345667	0.918376	0.394197	-0.380477	-0.376823	0.844536	9.65326	-1.96987	103.155	
0.915613	-0.129157	0.380751	-0.0407647	0.912297	0.407496	-0.399988	-0.38863	0.830046	9.23147	-2.38355	104.06	
