1	0	0	0	1	0	0	0	1	0	0	0	
0.999996	-3.81741e-06	0.00285616	-3.81741e-06	0.999996	0.00267309	-0.00285616	-0.00267309	0.999992	-0.00108405	-0.00101456	0.759089	
0.999984	-1.52723e-05	0.00571178	-1.52832e-05	0.999986	0.00534948	-0.00571178	-0.00534948	0.999969	-0.00433597	-0.0040595	1.51817	
0.999963	-3.43713e-05	0.00856679	-3.44149e-05	0.999968	0.00802912	-0.00856679	-0.00802912	0.999931	-0.00975534	-0.00913729	2.27722	
0.999935	-6.11204e-05	0.0114211	-6.12295e-05	0.999943	0.0107119	-0.0114211	-0.0107119	0.999877	-0.0173417	-0.0162504	3.03624	
0.999898	-9.55257e-05	0.0142747	-9.57438e-05	0.99991	0.0133979	-0.0142747	-0.0133979	0.999808	-0.0270944	-0.0254012	3.79521	
0.999853	-0.000137593	0.0171275	-0.000137974	0.999871	0.0160869	-0.0171275	-0.0160869	0.999724	-0.039013	-0.036592	4.55413	
0.9998	-0.000187326	0.0199794	-0.000187938	0.999824	0.018779	-0.0199794	-0.018779	0.999624	-0.0530968	-0.0498253	5.31297	
0.999739	-0.000244731	0.0228304	-0.000245649	0.999769	0.021474	-0.0228304	-0.021474	0.999509	-0.0693451	-0.0651031	6.07173	
0.99967	-0.000309813	0.0256804	-0.000311124	0.999708	0.0241719	-0.0256804	-0.0241719	0.999378	-0.0877571	-0.0824278	6.8304	
0.999593	-0.000382575	0.0285293	-0.000384378	0.999639	0.0268726	-0.0285293	-0.0268727	0.999232	-0.108332	-0.101802	7.58897	
0.999508	-0.000463021	0.0313771	-0.000465427	0.999562	0.0295762	-0.0313771	-0.0295762	0.99907	-0.131069	-0.123227	8.34741	
0.999414	-0.000551155	0.0342238	-0.000554284	0.999479	0.0322824	-0.0342237	-0.0322825	0.998893	-0.155968	-0.146705	9.10573	
0.999312	-0.00064698	0.0370691	-0.000650964	0.999387	0.0349914	-0.0370691	-0.0349914	0.9987	-0.183027	-0.172238	9.86391	
0.999203	-0.000750499	0.0399132	-0.00075548	0.999289	0.0377029	-0.0399131	-0.037703	0.998492	-0.212245	-0.199829	10.6219	
0.999085	-0.000861715	0.0427559	-0.000867848	0.999183	0.040417	-0.0427558	-0.0404171	0.998268	-0.243622	-0.229479	11.3798	
0.998959	-0.00098063	0.0455971	-0.000988079	0.999069	0.0431336	-0.045597	-0.0431337	0.998028	-0.277156	-0.261191	12.1375	
0.998826	-0.00110725	0.0484369	-0.00111619	0.998948	0.0458526	-0.0484367	-0.0458528	0.997773	-0.312846	-0.294965	12.895	
0.998684	-0.00124156	0.0512751	-0.00125219	0.998819	0.048574	-0.0512748	-0.0485743	0.997503	-0.350691	-0.330805	13.6523	
0.998534	-0.00138358	0.0541116	-0.00139609	0.998682	0.0512977	-0.0541113	-0.051298	0.997216	-0.39069	-0.368711	14.4094	
0.998376	-0.00153331	0.0569465	-0.0015479	0.998538	0.0540237	-0.0569461	-0.0540241	0.996915	-0.432841	-0.408685	15.1662	
0.99821	-0.00169074	0.0597796	-0.00170764	0.998387	0.0567518	-0.0597791	-0.0567523	0.996597	-0.477144	-0.45073	15.9229	
0.998036	-0.00185588	0.0626109	-0.00187532	0.998228	0.0594821	-0.0626103	-0.0594827	0.996264	-0.523596	-0.494847	16.6792	
0.997854	-0.00202873	0.0654404	-0.00205095	0.998061	0.0622145	-0.0654397	-0.0622152	0.995915	-0.572197	-0.541037	17.4354	
0.997665	-0.00220927	0.0682678	-0.00223454	0.997886	0.0649489	-0.068267	-0.0649498	0.995551	-0.622945	-0.589302	18.1912	
0.997467	-0.00239753	0.0710933	-0.00242609	0.997704	0.0676853	-0.0710924	-0.0676863	0.995171	-0.675838	-0.639643	18.9468	
0.997261	-0.00259349	0.0739168	-0.00262563	0.997514	0.0704235	-0.0739156	-0.0704247	0.994775	-0.730875	-0.692062	19.7021	
0.997047	-0.00279715	0.0767381	-0.00283316	0.997316	0.0731636	-0.0767368	-0.073165	0.994363	-0.788055	-0.746561	20.457	
0.996826	-0.00300851	0.0795572	-0.00304869	0.99711	0.0759055	-0.0795557	-0.0759071	0.993936	-0.847375	-0.803141	21.2117	
0.996596	-0.00322758	0.0823741	-0.00327223	0.996897	0.0786491	-0.0823724	-0.078651	0.993493	-0.908834	-0.861803	21.966	
0.996359	-0.00345434	0.0851887	-0.00350378	0.996676	0.0813944	-0.0851867	-0.0813965	0.993035	-0.972431	-0.922548	22.72	
0.996114	-0.0036888	0.0880009	-0.00374337	0.996447	0.0841412	-0.0879986	-0.0841437	0.99256	-1.03816	-0.985378	23.4736	
0.99586	-0.00393095	0.0908107	-0.00399099	0.99621	0.0868897	-0.0908081	-0.0868924	0.99207	-1.10603	-1.05029	24.2269	
0.995599	-0.00418078	0.0936181	-0.00424665	0.995965	0.0896395	-0.0936151	-0.0896426	0.991565	-1.17602	-1.1173	24.9798	
0.995331	-0.00443831	0.0964228	-0.00451037	0.995713	0.0923909	-0.0964195	-0.0923943	0.991043	-1.24815	-1.18639	25.7322	
0.995054	-0.00470352	0.099225	-0.00478214	0.995452	0.0951435	-0.0992212	-0.0951474	0.990506	-1.32241	-1.25757	26.4843	
0.994769	-0.00497641	0.102025	-0.00506198	0.995184	0.0978975	-0.10202	-0.0979019	0.989953	-1.39879	-1.33084	27.236	
0.994477	-0.00525697	0.104821	-0.0053499	0.994907	0.100653	-0.104817	-0.100658	0.989384	-1.47729	-1.4062	27.9873	
0.994177	-0.0055452	0.107615	-0.00564589	0.994623	0.103409	-0.10761	-0.103415	0.9888	-1.55792	-1.48366	28.7381	
0.993869	-0.0058411	0.110406	-0.00594997	0.994331	0.106167	-0.110401	-0.106173	0.9882	-1.64066	-1.56321	29.4884	
0.993554	-0.00614466	0.113195	-0.00626214	0.99403	0.108925	-0.113188	-0.108932	0.987584	-1.72552	-1.64485	30.2383	
0.993231	-0.00645587	0.11598	-0.00658241	0.993722	0.111685	-0.115973	-0.111692	0.986952	-1.8125	-1.72858	30.9878	
0.9929	-0.00677474	0.118762	-0.00691078	0.993406	0.114445	-0.118754	-0.114453	0.986305	-1.90159	-1.81442	31.7367	
0.992561	-0.00710124	0.121541	-0.00724726	0.993081	0.117207	-0.121533	-0.117216	0.985642	-1.99279	-1.90235	32.4851	
0.992215	-0.00743539	0.124318	-0.00759185	0.992749	0.119969	-0.124308	-0.119979	0.984963	-2.0861	-1.99237	33.2331	
0.991861	-0.00777716	0.12709	-0.00794456	0.992408	0.122732	-0.12708	-0.122742	0.984269	-2.18151	-2.0845	33.9805	
0.991499	-0.00812656	0.12986	-0.0083054	0.992059	0.125495	-0.129849	-0.125507	0.983558	-2.27903	-2.17872	34.7274	
0.99113	-0.00848358	0.132626	-0.00867435	0.991703	0.12826	-0.132614	-0.128272	0.982833	-2.37865	-2.27504	35.4737	
0.990753	-0.00884821	0.135389	-0.00905144	0.991338	0.131024	-0.135376	-0.131038	0.982091	-2.48036	-2.37346	36.2195	
0.990369	-0.00922043	0.138149	-0.00943665	0.990965	0.13379	-0.138134	-0.133805	0.981333	-2.58417	-2.47398	36.9647	
0.989977	-0.00960026	0.140905	-0.00983	0.990584	0.136555	-0.140889	-0.136572	0.98056	-2.69007	-2.5766	37.7093	
0.989577	-0.00998767	0.143657	-0.0102315	0.990194	0.139322	-0.14364	-0.139339	0.979771	-2.79806	-2.68132	38.4534	
0.98917	-0.0103827	0.146406	-0.0106411	0.989797	0.142088	-0.146388	-0.142107	0.978967	-2.90814	-2.78814	39.1968	
0.989021	-0.010529	0.147397	-0.0113704	0.989079	0.146947	-0.147334	-0.14701	0.978101	-3.01962	-2.89788	39.9396	
0.988871	-0.0106813	0.148393	-0.0121057	0.988335	0.151811	-0.148284	-0.151918	0.977207	-3.13182	-3.01133	40.6817	
0.988718	-0.0108397	0.149395	-0.0128472	0.987566	0.156679	-0.149236	-0.156831	0.976285	-3.24475	-3.12852	41.4232	
0.988564	-0.0110042	0.150403	-0.0135948	0.986771	0.161552	-0.150191	-0.161749	0.975336	-3.35839	-3.24943	42.1639	
0.988407	-0.0111749	0.151416	-0.0143484	0.985949	0.166428	-0.151149	-0.166671	0.974359	-3.47277	-3.37408	42.9039	
0.988248	-0.0113517	0.152435	-0.0151081	0.985102	0.171307	-0.152108	-0.171597	0.973354	-3.58787	-3.50247	43.6431	
0.988088	-0.0115348	0.153458	-0.0158739	0.984228	0.17619	-0.15307	-0.176527	0.972321	-3.7037	-3.6346	44.3816	
0.987925	-0.0117242	0.154486	-0.0166457	0.983329	0.181074	-0.154034	-0.181459	0.97126	-3.82026	-3.77047	45.1193	
0.987761	-0.0119199	0.155519	-0.0174235	0.982403	0.185961	-0.154999	-0.186395	0.970171	-3.93755	-3.91009	45.8562	
0.987595	-0.012122	0.156556	-0.0182074	0.981451	0.190849	-0.155966	-0.191332	0.969055	-4.05557	-4.05346	46.5922	
0.987426	-0.0123304	0.157598	-0.0189972	0.980472	0.195738	-0.156934	-0.196271	0.96791	-4.17433	-4.20057	47.3273	
0.987256	-0.0125451	0.158643	-0.0197931	0.979467	0.200629	-0.157903	-0.201212	0.966737	-4.29383	-4.35143	48.0616	
0.987084	-0.0127664	0.159692	-0.0205948	0.978436	0.205519	-0.158873	-0.206154	0.965536	-4.41406	-4.50605	48.795	
0.98691	-0.012994	0.160745	-0.0214026	0.977379	0.21041	-0.159843	-0.211096	0.964307	-4.53503	-4.66441	49.5275	
0.986735	-0.0132281	0.161802	-0.0222162	0.976295	0.215301	-0.160814	-0.216039	0.96305	-4.65673	-4.82653	50.259	
0.986557	-0.0134686	0.162861	-0.0230357	0.975185	0.22019	-0.161785	-0.220982	0.961765	-4.77917	-4.9924	50.9896	
0.986378	-0.0137156	0.163923	-0.023861	0.974048	0.225079	-0.162756	-0.225924	0.960452	-4.90235	-5.16202	51.7191	
0.986197	-0.0139691	0.164989	-0.0246922	0.972885	0.229966	-0.163727	-0.230865	0.959111	-5.02627	-5.33539	52.4477	
0.986014	-0.014229	0.166056	-0.0255292	0.971696	0.234851	-0.164698	-0.235805	0.957742	-5.15092	-5.51252	53.1752	
0.985829	-0.0144954	0.167126	-0.026372	0.97048	0.239733	-0.165668	-0.240744	0.956345	-5.27631	-5.69339	53.9017	
0.985643	-0.0147683	0.168199	-0.0272204	0.969238	0.244614	-0.166637	-0.24568	0.954921	-5.40243	-5.87801	54.6271	
0.985454	-0.0150476	0.169273	-0.0280746	0.96797	0.249491	-0.167605	-0.250614	0.953468	-5.52929	-6.06638	55.3515	
0.985265	-0.0153334	0.170348	-0.0289345	0.966676	0.254364	-0.168572	-0.255545	0.951987	-5.65689	-6.25849	56.0747	
0.985073	-0.0156256	0.171426	-0.0298	0.965355	0.259234	-0.169537	-0.260473	0.950479	-5.78522	-6.45434	56.7967	
0.98488	-0.0159243	0.172504	-0.0306711	0.964008	0.2641	-0.170501	-0.265398	0.948943	-5.91428	-6.65393	57.5177	
0.984685	-0.0162293	0.173584	-0.0315477	0.962634	0.268961	-0.171463	-0.270318	0.94738	-6.04407	-6.85726	58.2374	
0.984489	-0.0165407	0.174665	-0.0324298	0.961235	0.273818	-0.172423	-0.275235	0.945789	-6.17459	-7.06432	58.9559	
0.984291	-0.0168584	0.175746	-0.0333174	0.959809	0.278669	-0.17338	-0.280146	0.94417	-6.30584	-7.27512	59.6733	
0.984092	-0.0171824	0.176828	-0.0342104	0.958358	0.283514	-0.174336	-0.285053	0.942524	-6.43781	-7.48964	60.3894	
0.983891	-0.0175127	0.177909	-0.0351088	0.95688	0.288354	-0.175288	-0.289955	0.940851	-6.57051	-7.70788	61.1042	
0.983689	-0.0178493	0.178991	-0.0360125	0.955377	0.293187	-0.176237	-0.29485	0.93915	-6.70393	-7.92984	61.8177	
0.983485	-0.018192	0.180073	-0.0369215	0.953847	0.298013	-0.177184	-0.29974	0.937423	-6.83807	-8.15551	62.53	
0.98328	-0.0185409	0.181154	-0.0378357	0.952292	0.302833	-0.178127	-0.304623	0.935668	-6.97293	-8.3849	63.2409	
0.983073	-0.0188959	0.182235	-0.0387551	0.950712	0.307645	-0.179066	-0.3095	0.933887	-7.1085	-8.61799	63.9505	
0.982866	-0.019257	0.183315	-0.0396796	0.949105	0.312449	-0.180002	-0.314369	0.932079	-7.24478	-8.85477	64.6587	
0.982656	-0.0196241	0.184394	-0.0406092	0.947474	0.317245	-0.180934	-0.319231	0.930244	-7.38177	-9.09526	65.3655	
0.982446	-0.0199971	0.185472	-0.0415438	0.945816	0.322033	-0.181862	-0.324086	0.928383	-7.51947	-9.33942	66.071	
0.982235	-0.020376	0.186548	-0.0424833	0.944134	0.326812	-0.182785	-0.328932	0.926495	-7.65787	-9.58727	66.775	
0.982022	-0.0207607	0.187623	-0.0434277	0.942426	0.331582	-0.183704	-0.333769	0.924581	-7.79697	-9.8388	67.4776	
0.981808	-0.0211512	0.188695	-0.0443769	0.940693	0.336343	-0.184618	-0.338598	0.922642	-7.93677	-10.094	68.1787	
0.981593	-0.0215473	0.189766	-0.0453309	0.938936	0.341094	-0.185528	-0.343417	0.920676	-8.07725	-10.3529	68.8783	
0.981377	-0.0219491	0.190834	-0.0462895	0.937153	0.345834	-0.186432	-0.348227	0.918684	-8.21843	-10.6154	69.5764	
0.983364	-0.0180385	0.180749	-0.0490836	0.931654	0.360016	-0.17489	-0.362899	0.915269	-8.35557	-10.8853	70.2725	
0.985223	-0.0139672	0.170703	-0.0516987	0.925929	0.374143	-0.163285	-0.377439	0.911525	-8.48393	-11.1663	70.9659	
0.986955	-0.00973671	0.1607	-0.0541338	0.91998	0.388209	-0.151621	-0.391844	0.907452	-8.60345	-11.4583	71.6563	
0.988558	-0.0053486	0.150744	-0.0563882	0.91381	0.402209	-0.139902	-0.406107	0.903053	-8.7141	-11.7611	72.3435	
0.990032	-0.000804417	0.140838	-0.0584609	0.90742	0.416139	-0.128134	-0.420225	0.898328	-8.81584	-12.0748	73.0272	
