1	0	0	0	1	0	0	0	1	0	0	0	
0.999999	-1.05607e-06	0.00159086	-1.05607e-06	0.999999	0.00132766	-0.00159086	-0.00132766	0.999998	-0.000595369	-0.000496869	0.748484	
0.999995	-4.23313e-06	0.00318539	-4.23136e-06	0.999996	0.00265727	-0.00318539	-0.00265727	0.999991	-0.00238285	-0.0019882	1.49697	
0.999989	-9.54393e-06	0.00478355	-9.53683e-06	0.999992	0.00398879	-0.00478355	-0.00398879	0.999981	-0.00536516	-0.00447544	2.24544	
0.99998	-1.7001e-05	0.00638529	-1.69832e-05	0.999986	0.00532218	-0.00638529	-0.00532218	0.999965	-0.00954502	-0.00796	2.9939	
0.999968	-2.66167e-05	0.00799057	-2.65811e-05	0.999978	0.00665739	-0.00799057	-0.00665739	0.999946	-0.0149251	-0.0124433	3.74236	
0.999954	-3.84033e-05	0.00959935	-3.83408e-05	0.999968	0.0079944	-0.00959935	-0.0079944	0.999922	-0.021508	-0.0179266	4.49079	
0.999937	-5.23727e-05	0.0112116	-5.22726e-05	0.999956	0.00933317	-0.0112116	-0.00933317	0.999894	-0.0292963	-0.0244113	5.23921	
0.999918	-6.85369e-05	0.0128273	-6.83864e-05	0.999943	0.0106736	-0.0128273	-0.0106736	0.999861	-0.0382927	-0.0318987	5.9876	
0.999896	-8.69074e-05	0.0144463	-8.6692e-05	0.999928	0.0120158	-0.0144463	-0.0120158	0.999823	-0.0484996	-0.0403901	6.73597	
0.999871	-0.000107496	0.0160687	-0.000107199	0.999911	0.0133596	-0.0160687	-0.0133596	0.999782	-0.0599196	-0.0498866	7.48431	
0.999843	-0.000130313	0.0176944	-0.000129917	0.999892	0.014705	-0.0176944	-0.014705	0.999735	-0.0725552	-0.0603896	8.23261	
0.999813	-0.000155371	0.0193233	-0.000154855	0.999871	0.016052	-0.0193233	-0.016052	0.999684	-0.0864088	-0.0719002	8.98088	
0.99978	-0.00018268	0.0209555	-0.000182022	0.999849	0.0174005	-0.0209555	-0.0174005	0.999629	-0.101483	-0.0844195	9.72911	
0.999745	-0.000212251	0.0225908	-0.000211427	0.999824	0.0187504	-0.0225908	-0.0187504	0.999569	-0.11778	-0.0979487	10.4773	
0.999706	-0.000244095	0.0242292	-0.000243079	0.999798	0.0201019	-0.0242293	-0.0201019	0.999504	-0.135302	-0.112489	11.2254	
0.999665	-0.000278221	0.0258708	-0.000276985	0.99977	0.0214547	-0.0258708	-0.0214547	0.999435	-0.154051	-0.128041	11.9735	
0.999621	-0.000314641	0.0275154	-0.000313155	0.99974	0.0228089	-0.0275154	-0.0228089	0.999361	-0.174031	-0.144606	12.7216	
0.999575	-0.000353364	0.029163	-0.000351597	0.999708	0.0241645	-0.029163	-0.0241644	0.999283	-0.195242	-0.162186	13.4695	
0.999525	-0.000394399	0.0308135	-0.000392317	0.999674	0.0255213	-0.0308135	-0.0255213	0.999199	-0.217688	-0.18078	14.2174	
0.999473	-0.000437757	0.032467	-0.000435324	0.999639	0.0268794	-0.032467	-0.0268794	0.999111	-0.24137	-0.200391	14.9653	
0.999418	-0.000483448	0.0341233	-0.000480625	0.999601	0.0282387	-0.0341234	-0.0282387	0.999019	-0.266291	-0.221018	15.7131	
0.999359	-0.000531479	0.0357825	-0.000528228	0.999562	0.0295993	-0.0357826	-0.0295992	0.998921	-0.292453	-0.242664	16.4608	
0.999299	-0.000581861	0.0374445	-0.00057814	0.99952	0.0309609	-0.0374446	-0.0309608	0.998819	-0.319858	-0.265328	17.2084	
0.999235	-0.000634601	0.0391092	-0.000630367	0.999477	0.0323237	-0.0391093	-0.0323236	0.998712	-0.348507	-0.289012	17.956	
0.999168	-0.00068971	0.0407767	-0.000684915	0.999432	0.0336875	-0.0407767	-0.0336874	0.9986	-0.378404	-0.313716	18.7035	
0.999098	-0.000747195	0.0424468	-0.000741793	0.999385	0.0350524	-0.0424469	-0.0350523	0.998484	-0.40955	-0.339441	19.4509	
0.999026	-0.000807064	0.0441195	-0.000801005	0.999336	0.0364182	-0.0441196	-0.0364181	0.998362	-0.441947	-0.366188	20.1982	
0.99895	-0.000869326	0.0457948	-0.000862558	0.999286	0.037785	-0.0457949	-0.0377849	0.998236	-0.475597	-0.393958	20.9454	
0.998872	-0.000933989	0.0474726	-0.000926457	0.999233	0.0391528	-0.0474728	-0.0391526	0.998105	-0.510501	-0.422752	21.6925	
0.998791	-0.00100106	0.0491529	-0.000992709	0.999178	0.0405214	-0.0491531	-0.0405212	0.997969	-0.546663	-0.452569	22.4395	
0.998706	-0.00107055	0.0508357	-0.00106132	0.999122	0.0418908	-0.0508359	-0.0418906	0.997828	-0.584083	-0.483411	23.1864	
0.998619	-0.00114246	0.0525209	-0.00113229	0.999063	0.0432611	-0.0525211	-0.0432608	0.997682	-0.622764	-0.515278	23.9332	
0.998529	-0.00121679	0.0542085	-0.00120563	0.999003	0.0446321	-0.0542087	-0.0446318	0.997532	-0.662706	-0.548171	24.6799	
0.998436	-0.00129357	0.0558983	-0.00128134	0.99894	0.0460039	-0.0558986	-0.0460035	0.997376	-0.703913	-0.582091	25.4265	
0.998339	-0.00137279	0.0575905	-0.00135943	0.998876	0.0473763	-0.0575908	-0.0473759	0.997216	-0.746386	-0.617038	26.173	
0.99824	-0.00145446	0.0592849	-0.00143991	0.99881	0.0487494	-0.0592852	-0.048749	0.99705	-0.790126	-0.653012	26.9193	
0.998138	-0.00153859	0.0609814	-0.00152276	0.998742	0.0501232	-0.0609818	-0.0501227	0.99688	-0.835135	-0.690014	27.6655	
0.998032	-0.00162518	0.0626801	-0.00160801	0.998672	0.0514975	-0.0626806	-0.0514969	0.996704	-0.881415	-0.728044	28.4116	
0.997924	-0.00171423	0.064381	-0.00169566	0.9986	0.0528723	-0.0643814	-0.0528717	0.996524	-0.928967	-0.767103	29.1576	
0.997812	-0.00180577	0.0660838	-0.00178569	0.998526	0.0542477	-0.0660844	-0.054247	0.996338	-0.977793	-0.807192	29.9034	
0.997698	-0.00189978	0.0677887	-0.00187813	0.99845	0.0556235	-0.0677893	-0.0556227	0.996148	-1.02789	-0.848309	30.649	
0.99758	-0.00199627	0.0694956	-0.00197298	0.998372	0.0569997	-0.0694963	-0.0569989	0.995953	-1.07927	-0.890457	31.3946	
0.99746	-0.00209526	0.0712044	-0.00207023	0.998292	0.0583764	-0.0712051	-0.0583755	0.995752	-1.13193	-0.933635	32.14	
0.997336	-0.00219674	0.0729151	-0.00216989	0.998211	0.0597534	-0.0729159	-0.0597524	0.995547	-1.18586	-0.977844	32.8852	
0.997209	-0.00230072	0.0746276	-0.00227196	0.998127	0.0611307	-0.0746284	-0.0611296	0.995336	-1.24108	-1.02308	33.6303	
0.997079	-0.0024072	0.0763419	-0.00237645	0.998042	0.0625083	-0.0763428	-0.0625071	0.99512	-1.29758	-1.06935	34.3752	
0.996946	-0.0025162	0.0780579	-0.00248335	0.997954	0.0638861	-0.078059	-0.0638848	0.9949	-1.35537	-1.11665	35.1199	
0.996809	-0.0026277	0.0797757	-0.00259268	0.997865	0.0652642	-0.0797769	-0.0652628	0.994674	-1.41443	-1.16499	35.8645	
0.99667	-0.00274172	0.0814951	-0.00270442	0.997773	0.0666424	-0.0814964	-0.0666409	0.994443	-1.47479	-1.21435	36.6089	
0.996527	-0.00285826	0.0832162	-0.00281859	0.99768	0.0680207	-0.0832176	-0.0680191	0.994207	-1.53643	-1.26475	37.3532	
0.996382	-0.00297732	0.0849388	-0.00293517	0.997585	0.0693992	-0.0849403	-0.0693974	0.993966	-1.59936	-1.31617	38.0972	
0.996233	-0.00309891	0.086663	-0.00305419	0.997487	0.0707777	-0.0866646	-0.0707758	0.99372	-1.66359	-1.36863	38.8411	
0.99594	-0.00333217	0.089958	-0.00297771	0.997548	0.0699173	-0.0899704	-0.0699013	0.993488	-1.72969	-1.42128	39.5848	
0.995635	-0.00356303	0.0932592	-0.00289874	0.997608	0.0690612	-0.0932823	-0.0690301	0.993244	-1.79827	-1.47327	40.3283	
0.995319	-0.00379146	0.0965665	-0.00281728	0.997667	0.0682091	-0.0965998	-0.0681619	0.992987	-1.86933	-1.52462	41.0716	
0.994991	-0.00401746	0.0998795	-0.00273335	0.997725	0.0673611	-0.0999228	-0.0672967	0.992717	-1.94288	-1.57531	41.8148	
0.994652	-0.00424102	0.103198	-0.00264697	0.997782	0.066517	-0.103251	-0.0664344	0.992434	-2.01892	-1.62536	42.5577	
0.9943	-0.00446211	0.106522	-0.00255813	0.997838	0.0656768	-0.106585	-0.065575	0.992139	-2.09745	-1.67476	43.3004	
0.993937	-0.00468074	0.109851	-0.00246686	0.997893	0.0648404	-0.109923	-0.0647183	0.991831	-2.17847	-1.72352	44.0429	
0.993562	-0.00489688	0.113185	-0.00237316	0.997947	0.0640078	-0.113266	-0.0638643	0.99151	-2.262	-1.77164	44.7852	
0.993175	-0.00511052	0.116523	-0.00227704	0.998	0.0631787	-0.116613	-0.0630129	0.991176	-2.34803	-1.81913	45.5272	
0.992776	-0.00532165	0.119866	-0.00217851	0.998052	0.0623533	-0.119965	-0.062164	0.99083	-2.43657	-1.86597	46.2689	
0.992365	-0.00553027	0.123214	-0.00207758	0.998103	0.0615313	-0.12332	-0.0613175	0.990471	-2.52762	-1.91219	47.0104	
0.991942	-0.00573634	0.126565	-0.00197425	0.998153	0.0607127	-0.126679	-0.0604733	0.990099	-2.62118	-1.95777	47.7516	
0.991507	-0.00593988	0.12992	-0.00186853	0.998203	0.0598974	-0.130042	-0.0596314	0.989714	-2.71725	-2.00271	48.4925	
0.99106	-0.00614086	0.133278	-0.00176043	0.998251	0.0590853	-0.133408	-0.0587917	0.989316	-2.81585	-2.04703	49.2332	
0.9906	-0.00633927	0.136641	-0.00164994	0.998299	0.0582764	-0.136778	-0.0579541	0.988905	-2.91696	-2.09072	49.9735	
0.990129	-0.0065351	0.140006	-0.00153708	0.998346	0.0574706	-0.14015	-0.0571185	0.988481	-3.0206	-2.13379	50.7135	
0.989646	-0.00672835	0.143374	-0.00142185	0.998392	0.0566677	-0.143525	-0.0562848	0.988045	-3.12676	-2.17623	51.4532	
0.98915	-0.00691899	0.146745	-0.00130424	0.998437	0.0558676	-0.146902	-0.0554529	0.987595	-3.23545	-2.21805	52.1926	
0.988643	-0.00710703	0.150118	-0.00118427	0.998482	0.0550704	-0.150281	-0.0546227	0.987133	-3.34667	-2.25924	52.9316	
0.988123	-0.00729244	0.153494	-0.00106192	0.998525	0.0542759	-0.153663	-0.0537942	0.986658	-3.46042	-2.29982	53.6703	
0.987591	-0.00747523	0.156871	-0.000937198	0.998568	0.053484	-0.157046	-0.0529673	0.98617	-3.5767	-2.33977	54.4086	
0.987047	-0.00765537	0.160251	-0.000810104	0.99861	0.0526946	-0.160431	-0.0521418	0.985669	-3.69551	-2.37911	55.1466	
0.98649	-0.00783287	0.163632	-0.000680633	0.998652	0.0519077	-0.163818	-0.0513178	0.985155	-3.81686	-2.41783	55.8841	
0.985922	-0.00800771	0.167014	-0.000548783	0.998692	0.0511231	-0.167205	-0.050495	0.984628	-3.94075	-2.45593	56.6213	
0.985341	-0.00817987	0.170398	-0.000414548	0.998732	0.0503407	-0.170594	-0.0496735	0.984089	-4.06716	-2.49342	57.3581	
0.984749	-0.00834936	0.173783	-0.000277924	0.998771	0.0495606	-0.173983	-0.048853	0.983536	-4.19612	-2.53029	58.0945	
0.984144	-0.00851616	0.177169	-0.000138905	0.998809	0.0487825	-0.177373	-0.0480336	0.982971	-4.32761	-2.56655	58.8304	
0.983527	-0.00868027	0.180555	2.51756e-06	0.998847	0.0480064	-0.180763	-0.0472151	0.982393	-4.46164	-2.60219	59.5659	
0.982897	-0.00884166	0.183941	0.00014635	0.998884	0.0472322	-0.184153	-0.0463975	0.981802	-4.59821	-2.63723	60.301	
0.982256	-0.00900035	0.187328	0.000292603	0.99892	0.0464598	-0.187544	-0.0455807	0.981198	-4.73732	-2.67165	61.0357	
0.981603	-0.00915631	0.190714	0.000441285	0.998956	0.0456892	-0.190933	-0.0447645	0.980582	-4.87896	-2.70546	61.7699	
0.980937	-0.00930953	0.194101	0.000592407	0.99899	0.0449201	-0.194323	-0.0439488	0.979953	-5.02314	-2.73866	62.5036	
0.98026	-0.00946002	0.197486	0.00074598	0.999025	0.0441526	-0.197711	-0.0431337	0.979311	-5.16985	-2.77125	63.2368	
0.979571	-0.00960776	0.200871	0.000902019	0.999058	0.0433865	-0.201099	-0.042319	0.978656	-5.3191	-2.80323	63.9696	
0.978869	-0.00975273	0.204256	0.00106053	0.999091	0.0426218	-0.204485	-0.0415046	0.977989	-5.47089	-2.8346	64.7018	
0.978156	-0.00989495	0.207639	0.00122154	0.999123	0.0418583	-0.207871	-0.0406903	0.97731	-5.62521	-2.86536	65.4336	
0.97743	-0.0100344	0.21102	0.00138506	0.999154	0.0410961	-0.211254	-0.0398762	0.976617	-5.78207	-2.89551	66.1648	
0.976693	-0.010171	0.2144	0.0015511	0.999185	0.0403348	-0.214636	-0.0390622	0.975913	-5.94145	-2.92506	66.8955	
0.975944	-0.0103049	0.217779	0.00171968	0.999215	0.0395746	-0.218016	-0.0382481	0.975195	-6.10337	-2.95399	67.6257	
0.975183	-0.010436	0.221155	0.00189082	0.999245	0.0388152	-0.221393	-0.0374338	0.974466	-6.26782	-2.98231	68.3554	
0.97441	-0.0105642	0.22453	0.00206454	0.999273	0.0380567	-0.224768	-0.0366193	0.973724	-6.43479	-3.01003	69.0845	
0.973626	-0.0106897	0.227901	0.00224086	0.999302	0.0372988	-0.228141	-0.0358044	0.97297	-6.60429	-3.03713	69.813	
0.972829	-0.0108123	0.231271	0.00241979	0.999329	0.0365416	-0.231511	-0.0349891	0.972203	-6.77631	-3.06362	70.541	
0.972022	-0.0109321	0.234637	0.00260137	0.999356	0.0357849	-0.234877	-0.0341733	0.971424	-6.95085	-3.08951	71.2684	
0.96926	-0.0112391	0.245781	0.00615314	0.999751	0.0214511	-0.245961	-0.0192793	0.969088	-7.13081	-3.10951	71.9946	
0.966372	-0.0113749	0.256896	0.00986802	0.999926	0.00715425	-0.256958	-0.00437861	0.966413	-7.31903	-3.11837	72.719	
0.963358	-0.0113396	0.267979	0.0137447	0.99988	-0.00710055	-0.267866	0.0105237	0.963399	-7.51544	-3.11607	73.4412	
