1	0	0	0	1	0	0	0	1	0	0	0	
1	3.79431e-10	2.82524e-05	3.79431e-10	1	-2.68601e-05	-2.82524e-05	2.68601e-05	1	-1.36197e-05	1.29485e-05	0.964141	
1	1.75221e-09	6.07113e-05	1.7524e-09	1	-5.77259e-05	-6.07113e-05	5.77259e-05	1	-5.65065e-05	5.37249e-05	1.92828	
1	4.50783e-09	9.73741e-05	4.50868e-09	1	-9.25967e-05	-9.73741e-05	9.25967e-05	1	-0.000132715	0.000126191	2.89242	
1	9.08598e-09	0.000138238	9.08837e-09	1	-0.000131472	-0.000138238	0.000131472	1	-0.000246297	0.000234208	3.85657	
1	1.59764e-08	0.0001833	1.59818e-08	1	-0.000174349	-0.0001833	0.000174349	1	-0.000401301	0.000381635	4.82071	
1	2.57189e-08	0.000232557	2.57294e-08	1	-0.000221229	-0.000232557	0.000221229	1	-0.000601773	0.000572332	5.78485	
1	3.8903e-08	0.000286006	3.89215e-08	1	-0.000272108	-0.000286006	0.000272108	1	-0.000851757	0.000810155	6.74899	
1	5.6168e-08	0.000343642	5.61985e-08	1	-0.000326987	-0.000343642	0.000326987	1	-0.00115529	0.00109896	7.71313	
1	7.82025e-08	0.000405464	7.82502e-08	1	-0.000385861	-0.000405464	0.000385861	1	-0.00151641	0.0014426	8.67727	
1	1.05745e-07	0.000471465	1.05816e-07	1	-0.000448731	-0.000471465	0.000448731	1	-0.00193916	0.00184494	9.64141	
1	1.39582e-07	0.000541643	1.39685e-07	1	-0.000515592	-0.000541643	0.000515592	1	-0.00242755	0.00230981	10.6056	
1	1.8055e-07	0.000615992	1.80695e-07	1	-0.000586444	-0.000615992	0.000586444	1	-0.00298561	0.00284107	11.5697	
1	2.29534e-07	0.00069451	2.29734e-07	1	-0.000661283	-0.00069451	0.000661283	1	-0.00361736	0.00344256	12.5338	
1	2.87467e-07	0.000777189	2.87736e-07	1	-0.000740106	-0.000777189	0.000740106	0.999999	-0.00432682	0.00411813	13.498	
1	3.55331e-07	0.000864027	3.55686e-07	1	-0.000822911	-0.000864027	0.000822911	0.999999	-0.00511801	0.00487161	14.4621	
1	4.34156e-07	0.000955017	4.34617e-07	1	-0.000909694	-0.000955017	0.000909694	0.999999	-0.00599491	0.00570685	15.4263	
0.999999	5.25019e-07	0.00105015	5.2561e-07	0.999999	-0.00100045	-0.00105015	0.00100045	0.999999	-0.00696155	0.00662768	16.3904	
0.999999	6.29046e-07	0.00114943	6.29793e-07	0.999999	-0.00109518	-0.00114943	0.00109518	0.999999	-0.00802191	0.00763792	17.3545	
0.999999	7.47408e-07	0.00125285	7.48342e-07	0.999999	-0.00119388	-0.00125285	0.00119388	0.999999	-0.00917998	0.00874141	18.3187	
0.999999	8.81325e-07	0.00136039	8.82481e-07	0.999999	-0.00129654	-0.00136039	0.00129654	0.999998	-0.0104397	0.00994196	19.2828	
0.999999	1.03206e-06	0.00147206	1.03348e-06	0.999999	-0.00140316	-0.00147206	0.00140316	0.999998	-0.0118052	0.0112434	20.247	
0.999999	1.20093e-06	0.00158785	1.20266e-06	0.999999	-0.00151373	-0.00158785	0.00151373	0.999998	-0.0132803	0.0126496	21.2111	
0.999999	1.3893e-06	0.00170775	1.39137e-06	0.999999	-0.00162826	-0.00170775	0.00162826	0.999997	-0.014869	0.0141642	22.1752	
0.999998	1.59855e-06	0.00183176	1.60104e-06	0.999998	-0.00174673	-0.00183176	0.00174673	0.999997	-0.0165753	0.0157912	23.1394	
0.999998	1.83015e-06	0.00195986	1.83311e-06	0.999998	-0.00186915	-0.00195986	0.00186915	0.999996	-0.0184031	0.0175343	24.1035	
0.999998	2.08559e-06	0.00209205	2.08909e-06	0.999998	-0.0019955	-0.00209205	0.0019955	0.999996	-0.0203564	0.0193973	25.0677	
0.999998	2.36641e-06	0.00222833	2.37053e-06	0.999998	-0.00212578	-0.00222833	0.00212578	0.999995	-0.0224392	0.0213841	26.0318	
0.999997	2.67419e-06	0.00236868	2.679e-06	0.999997	-0.00225998	-0.00236868	0.00225998	0.999995	-0.0246552	0.0234983	26.9959	
0.999997	3.01056e-06	0.0025131	3.01616e-06	0.999997	-0.00239811	-0.0025131	0.00239811	0.999994	-0.0270086	0.0257439	27.9601	
0.999996	3.37718e-06	0.00266158	3.38367e-06	0.999997	-0.00254015	-0.00266158	0.00254015	0.999993	-0.0295032	0.0281245	28.9242	
0.999996	3.77578e-06	0.00281412	3.78325e-06	0.999996	-0.0026861	-0.00281412	0.0026861	0.999992	-0.0321428	0.0306439	29.8883	
0.999996	4.2081e-06	0.0029707	4.21669e-06	0.999996	-0.00283595	-0.0029707	0.00283595	0.999992	-0.0349315	0.0333059	30.8525	
0.999995	4.67595e-06	0.00313132	4.68577e-06	0.999996	-0.0029897	-0.00313132	0.0029897	0.999991	-0.0378731	0.0361143	31.8166	
0.999995	5.18117e-06	0.00329596	5.19236e-06	0.999995	-0.00314733	-0.00329596	0.00314733	0.99999	-0.0409715	0.0390728	32.7807	
0.999994	5.72564e-06	0.00346462	5.73834e-06	0.999995	-0.00330885	-0.00346462	0.00330885	0.999989	-0.0442306	0.0421851	33.7449	
0.999993	6.31128e-06	0.0036373	6.32566e-06	0.999994	-0.00347424	-0.0036373	0.00347424	0.999987	-0.0476542	0.045455	34.709	
0.999993	6.94005e-06	0.00381397	6.95627e-06	0.999993	-0.00364351	-0.00381397	0.00364351	0.999986	-0.0512463	0.0488863	35.6731	
0.999992	7.61395e-06	0.00399464	7.63221e-06	0.999993	-0.00381663	-0.00399464	0.00381663	0.999985	-0.0550106	0.0524826	36.6372	
0.999991	8.33504e-06	0.00417929	8.35552e-06	0.999992	-0.00399361	-0.00417929	0.00399361	0.999983	-0.058951	0.0562477	37.6014	
0.99999	9.10539e-06	0.00436791	9.1283e-06	0.999991	-0.00417443	-0.00436791	0.00417443	0.999982	-0.0630713	0.0601853	38.5655	
0.99999	9.92711e-06	0.00456049	9.95268e-06	0.99999	-0.00435909	-0.00456049	0.00435909	0.99998	-0.0673755	0.064299	39.5296	
0.999989	1.08024e-05	0.00475703	1.08308e-05	0.99999	-0.00454758	-0.00475703	0.00454758	0.999978	-0.0718672	0.0685927	40.4937	
0.999988	1.17334e-05	0.00495751	1.1765e-05	0.999989	-0.0047399	-0.00495751	0.0047399	0.999976	-0.0765503	0.0730699	41.4579	
0.999987	1.27223e-05	0.00516192	1.27574e-05	0.999988	-0.00493602	-0.00516192	0.00493602	0.999974	-0.0814285	0.0777344	42.422	
0.999986	1.37715e-05	0.00537025	1.38102e-05	0.999987	-0.00513596	-0.00537025	0.00513596	0.999972	-0.0865058	0.0825898	43.3861	
0.999984	1.48832e-05	0.0055825	1.4926e-05	0.999986	-0.00533969	-0.0055825	0.00533969	0.99997	-0.0917858	0.0876398	44.3502	
0.999983	1.60599e-05	0.00579864	1.61069e-05	0.999985	-0.0055472	-0.00579864	0.0055472	0.999968	-0.0972723	0.092888	45.3143	
0.999982	1.73037e-05	0.00601867	1.73554e-05	0.999983	-0.0057585	-0.00601867	0.0057585	0.999965	-0.102969	0.0983382	46.2784	
0.999981	1.86172e-05	0.00624258	1.8674e-05	0.999982	-0.00597357	-0.00624258	0.00597357	0.999963	-0.10888	0.103994	47.2425	
0.999979	2.00028e-05	0.00647036	2.0065e-05	0.999981	-0.00619239	-0.00647036	0.00619239	0.99996	-0.115008	0.109859	48.2066	
0.999978	2.1463e-05	0.00670199	2.15309e-05	0.999979	-0.00641497	-0.00670199	0.00641497	0.999957	-0.121358	0.115936	49.1707	
0.999976	2.30003e-05	0.00693746	2.30744e-05	0.999978	-0.00664128	-0.00693746	0.00664128	0.999954	-0.127934	0.12223	50.1348	
0.999974	2.46172e-05	0.00717677	2.4698e-05	0.999976	-0.00687133	-0.00717677	0.00687133	0.999951	-0.134738	0.128744	51.0989	
0.999972	2.63162e-05	0.00741989	2.64042e-05	0.999975	-0.0071051	-0.00741989	0.0071051	0.999947	-0.141774	0.135482	52.063	
0.999971	2.81001e-05	0.00766682	2.81957e-05	0.999973	-0.00734257	-0.00766682	0.00734258	0.999944	-0.149047	0.142447	53.0271	
0.999969	2.99714e-05	0.00791754	3.00751e-05	0.999971	-0.00758375	-0.00791754	0.00758375	0.99994	-0.15656	0.149642	53.9912	
0.999967	3.19328e-05	0.00817204	3.20451e-05	0.999969	-0.00782862	-0.00817204	0.00782862	0.999936	-0.164316	0.157072	54.9553	
0.999964	3.39869e-05	0.00843031	3.41084e-05	0.999967	-0.00807716	-0.00843031	0.00807716	0.999932	-0.17232	0.16474	55.9194	
0.999962	3.61365e-05	0.00869234	3.62679e-05	0.999965	-0.00832938	-0.00869234	0.00832938	0.999928	-0.180574	0.172649	56.8834	
0.99996	3.83844e-05	0.0089581	3.85261e-05	0.999963	-0.00858524	-0.0089581	0.00858524	0.999923	-0.189083	0.180803	57.8475	
0.999957	4.07332e-05	0.0092276	4.0886e-05	0.999961	-0.00884476	-0.0092276	0.00884476	0.999918	-0.19785	0.189206	58.8116	
0.999955	4.31858e-05	0.00950081	4.33504e-05	0.999959	-0.0091079	-0.00950081	0.0091079	0.999913	-0.206878	0.19786	59.7756	
0.999965	3.02949e-05	0.00831339	7.44779e-05	0.999921	-0.0126023	-0.00831312	0.0126025	0.999886	-0.215466	0.208326	60.7397	
0.999975	1.33095e-05	0.00713003	0.00010149	0.99987	-0.0161003	-0.00712932	0.0161006	0.999845	-0.22291	0.222163	61.7037	
0.999982	-7.74811e-06	0.00595064	0.000124392	0.999808	-0.0196018	-0.00594934	0.0196021	0.99979	-0.229215	0.239374	62.6677	
0.999989	-3.28564e-05	0.00477514	0.000143187	0.999733	-0.0231066	-0.00477311	0.023107	0.999722	-0.234384	0.259963	63.6316	
0.999994	-6.19946e-05	0.00360348	0.000157879	0.999646	-0.0266147	-0.00360055	0.0266151	0.999639	-0.23842	0.283933	64.5954	
0.999997	-9.51427e-05	0.00243556	0.000168473	0.999546	-0.0301259	-0.00243159	0.0301262	0.999543	-0.241328	0.311286	65.5591	
0.999999	-0.000132282	0.00127131	0.000174974	0.999434	-0.0336401	-0.00126614	0.0336403	0.999433	-0.243111	0.342026	66.5228	
1	-0.000173393	0.000110655	0.000177385	0.999309	-0.0371572	-0.000104136	0.0371572	0.999309	-0.243772	0.376155	67.4863	
0.999999	-0.00021846	-0.00104648	0.000175711	0.999172	-0.0406771	0.0010545	0.0406769	0.999172	-0.243313	0.413677	68.4497	
0.999998	-0.000267465	-0.00220018	0.000169957	0.999023	-0.0441996	0.00220985	0.0441991	0.99902	-0.24174	0.454593	69.413	
0.999994	-0.000320393	-0.00335052	0.000160126	0.998861	-0.0477247	0.003362	0.0477239	0.998855	-0.239054	0.498907	70.3761	
0.99999	-0.000377228	-0.00449759	0.000146222	0.998686	-0.0512522	0.00451101	0.051251	0.998676	-0.235258	0.54662	71.3391	
0.999896	-0.000995764	-0.0144207	-6.20062e-05	0.99732	-0.0731653	0.0144549	0.0731585	0.997216	-0.226115	0.606597	72.3013	
0.999702	-0.00183193	-0.0243264	-0.000488493	0.995473	-0.09504	0.0243904	0.0950236	0.995176	-0.207388	0.687676	73.2618	
0.999411	-0.00288523	-0.034209	-0.00113299	0.993147	-0.116864	0.0343117	0.116833	0.992559	-0.179088	0.789811	74.2201	
0.99902	-0.00415506	-0.0440626	-0.00199512	0.990343	-0.138623	0.0442131	0.138575	0.989364	-0.141232	0.912942	75.1756	
0.998531	-0.00564069	-0.0538817	-0.00307439	0.987062	-0.160307	0.0540888	0.160237	0.985596	-0.0938408	1.057	76.1277	
0.997945	-0.00734124	-0.0636604	-0.00437016	0.983307	-0.181901	0.0639331	0.181805	0.981254	-0.0369432	1.22189	77.0759	
0.99726	-0.00925573	-0.0733931	-0.00588169	0.979079	-0.203393	0.0737402	0.203268	0.976342	0.0294283	1.40754	78.0196	
0.996478	-0.0113831	-0.0830742	-0.0076081	0.974382	-0.224772	0.0835046	0.224612	0.970864	0.105235	1.61381	78.9584	
0.9956	-0.013722	-0.092698	-0.00954838	0.969217	-0.246024	0.0932203	0.245827	0.964821	0.190433	1.84061	79.8915	
0.994625	-0.0162711	-0.102259	-0.0117014	0.963587	-0.267137	0.102882	0.266898	0.958218	0.284973	2.08779	80.8186	
0.993554	-0.019029	-0.111751	-0.0140659	0.957497	-0.288099	0.112484	0.287814	0.951057	0.388799	2.35521	81.7391	
0.992388	-0.0219941	-0.12117	-0.0166406	0.95095	-0.308898	0.12202	0.308563	0.943345	0.501853	2.64272	82.6524	
0.991128	-0.0251646	-0.130509	-0.0194238	0.943948	-0.329522	0.131486	0.329133	0.935084	0.624066	2.95015	83.5579	
0.989774	-0.0285386	-0.139763	-0.0224141	0.936497	-0.349958	0.140875	0.349512	0.926281	0.75537	3.27733	84.4553	
0.988327	-0.0321143	-0.148927	-0.0256097	0.928601	-0.370195	0.150183	0.369687	0.916939	0.895687	3.62405	85.3439	
0.986787	-0.0358895	-0.157996	-0.0290087	0.920264	-0.390221	0.159403	0.389648	0.907064	1.04494	3.99012	86.2232	
0.985157	-0.0398621	-0.166964	-0.0326091	0.911492	-0.410024	0.16853	0.409382	0.896662	1.20303	4.37533	87.0928	
0.983436	-0.0440298	-0.175825	-0.0364088	0.902288	-0.429593	0.17756	0.428879	0.88574	1.36988	4.77945	87.9521	
0.981626	-0.0483901	-0.184576	-0.0404057	0.89266	-0.448917	0.186486	0.448126	0.874303	1.54538	5.20225	88.8006	
0.979728	-0.0529404	-0.19321	-0.0445974	0.882611	-0.467984	0.195305	0.467114	0.862358	1.72944	5.64348	89.6378	
0.977743	-0.0576782	-0.201723	-0.0489816	0.872149	-0.486783	0.204009	0.485829	0.849912	1.92195	6.10289	90.4633	
0.975672	-0.0626007	-0.21011	-0.0535555	0.861278	-0.505303	0.212595	0.504263	0.836972	2.12279	6.5802	91.2765	
0.973516	-0.0677051	-0.218366	-0.0583166	0.850006	-0.523534	0.221058	0.522403	0.823546	2.33185	7.07515	92.0771	
0.971276	-0.0729883	-0.226485	-0.0632622	0.83834	-0.541465	0.229392	0.54024	0.809642	2.54901	7.58745	92.8644	
0.968954	-0.0784473	-0.234465	-0.0683893	0.826284	-0.559086	0.237593	0.557763	0.795267	2.77414	8.11679	93.6381	
