1	0	0	0	1	0	0	0	1	0	0	0	
0.999994	3.2202e-06	-0.00355746	3.2202e-06	0.999998	0.00181039	0.00355746	-0.00181039	0.999992	0.00129991	-0.000661523	0.730806	
0.999975	1.28824e-05	-0.00711685	1.28713e-05	0.999993	0.00361864	0.00711685	-0.00361864	0.999968	0.00520035	-0.00264531	1.4616	
0.999943	2.89861e-05	-0.0106781	2.89418e-05	0.999985	0.00542473	0.0106781	-0.00542473	0.999928	0.0117027	-0.0059498	2.19237	
0.999899	5.15306e-05	-0.0142412	5.14199e-05	0.999974	0.00722862	0.0142412	-0.00722862	0.999872	0.0208083	-0.0105734	2.92311	
0.999841	8.05151e-05	-0.0178059	8.02935e-05	0.999959	0.00903028	0.0178059	-0.00903027	0.999801	0.0325185	-0.0165145	3.6538	
0.999772	0.000115938	-0.0213724	0.00011555	0.999941	0.0108297	0.0213724	-0.0108297	0.999713	0.0468344	-0.0237714	4.38443	
0.999689	0.000157799	-0.0249404	0.000157179	0.99992	0.0126267	0.0249404	-0.0126267	0.999609	0.0637573	-0.0323424	5.11499	
0.999593	0.000206096	-0.02851	0.000205165	0.999896	0.0144215	0.02851	-0.0144215	0.999489	0.0832883	-0.042226	5.84547	
0.999485	0.000260827	-0.032081	0.000259497	0.999869	0.0162139	0.032081	-0.0162138	0.999354	0.105429	-0.0534203	6.57586	
0.999364	0.000321991	-0.0356534	0.000320162	0.999838	0.0180038	0.0356534	-0.0180038	0.999202	0.130179	-0.0659235	7.30614	
0.99923	0.000389586	-0.0392272	0.000387146	0.999804	0.0197913	0.0392272	-0.0197913	0.999034	0.157541	-0.079734	8.0363	
0.999083	0.000463609	-0.0428022	0.000460437	0.999767	0.0215764	0.0428022	-0.0215763	0.998851	0.187515	-0.0948499	8.76634	
0.998924	0.000544057	-0.0463783	0.00054002	0.999727	0.0233589	0.0463784	-0.0233588	0.998651	0.220102	-0.111269	9.49623	
0.998751	0.000630929	-0.0499557	0.000625882	0.999684	0.0251389	0.0499557	-0.0251388	0.998435	0.255303	-0.128991	10.226	
0.998566	0.000724222	-0.053534	0.000718009	0.999637	0.0269163	0.0535341	-0.0269162	0.998203	0.293118	-0.148012	10.9556	
0.998367	0.000823932	-0.0571134	0.000816387	0.999588	0.0286911	0.0571135	-0.0286909	0.997955	0.333549	-0.168331	11.685	
0.998156	0.000930057	-0.0606936	0.000921002	0.999535	0.0304633	0.0606938	-0.030463	0.997691	0.376597	-0.189946	12.4142	
0.997932	0.00104259	-0.0642748	0.00103184	0.99948	0.0322328	0.0642749	-0.0322324	0.997412	0.422261	-0.212855	13.1432	
0.997694	0.00116153	-0.0678567	0.00114888	0.999421	0.0339996	0.0678569	-0.0339991	0.997116	0.470542	-0.237056	13.872	
0.997444	0.00128688	-0.0714393	0.00127212	0.999359	0.0357636	0.0714395	-0.0357631	0.996804	0.521442	-0.262548	14.6006	
0.997181	0.00141863	-0.0750225	0.00140153	0.999295	0.0375249	0.0750229	-0.0375242	0.996476	0.57496	-0.289327	15.329	
0.996905	0.00155677	-0.0786064	0.00153711	0.999227	0.0392833	0.0786068	-0.0392825	0.996131	0.631097	-0.317393	16.0571	
0.996615	0.0017013	-0.0821907	0.00167883	0.999156	0.0410389	0.0821912	-0.041038	0.995771	0.689853	-0.346742	16.7849	
0.996313	0.00185223	-0.0857755	0.00182669	0.999082	0.0427917	0.0857761	-0.0427906	0.995395	0.751229	-0.377374	17.5125	
0.995997	0.00200953	-0.0893607	0.00198066	0.999006	0.0445415	0.0893614	-0.0445402	0.995003	0.815225	-0.409285	18.2398	
0.995669	0.00217321	-0.0929462	0.00214073	0.998926	0.0462885	0.0929469	-0.0462869	0.994595	0.881842	-0.442474	18.9668	
0.995327	0.00234326	-0.0965319	0.00230689	0.998843	0.0480324	0.0965328	-0.0480306	0.99417	0.951078	-0.476938	19.6935	
0.994972	0.00251968	-0.100118	0.00247911	0.998757	0.0497734	0.100119	-0.0497713	0.99373	1.02294	-0.512675	20.4199	
0.994605	0.00270247	-0.103704	0.00265738	0.998669	0.0515113	0.103705	-0.0515089	0.993273	1.09741	-0.549683	21.146	
0.994224	0.0028916	-0.10729	0.00284169	0.998577	0.0532461	0.107291	-0.0532435	0.992801	1.17451	-0.58796	21.8717	
0.993829	0.00308709	-0.110876	0.00303202	0.998483	0.0549779	0.110877	-0.0549748	0.992312	1.25423	-0.627504	22.597	
0.993422	0.00328893	-0.114462	0.00322834	0.998386	0.0567066	0.114463	-0.0567031	0.991808	1.33657	-0.668311	23.322	
0.993002	0.0034971	-0.118047	0.00343065	0.998285	0.0584321	0.118049	-0.0584281	0.991287	1.42153	-0.710381	24.0467	
0.992568	0.00371161	-0.121633	0.00363893	0.998182	0.0601544	0.121635	-0.0601499	0.990751	1.50912	-0.75371	24.7709	
0.992121	0.00393244	-0.125218	0.00385316	0.998077	0.0618735	0.12522	-0.0618685	0.990198	1.59932	-0.798296	25.4948	
0.991662	0.00415959	-0.128803	0.00407331	0.997968	0.0635893	0.128806	-0.0635838	0.989629	1.69214	-0.844137	26.2182	
0.991188	0.00439305	-0.132387	0.00429938	0.997856	0.0653019	0.13239	-0.0652957	0.989045	1.78758	-0.89123	26.9412	
0.990702	0.00463282	-0.135971	0.00453135	0.997742	0.0670112	0.135974	-0.0670043	0.988444	1.88564	-0.939573	27.6638	
0.990202	0.00487889	-0.139554	0.0047692	0.997625	0.0687172	0.139558	-0.0687095	0.987827	1.98632	-0.989163	28.3859	
0.98969	0.00513125	-0.143137	0.0050129	0.997505	0.0704198	0.143141	-0.0704112	0.987194	2.08962	-1.04	29.1076	
0.989164	0.00538989	-0.146719	0.00526244	0.997382	0.072119	0.146723	-0.0721095	0.986546	2.19554	-1.09208	29.8288	
0.988624	0.0056548	-0.1503	0.00551781	0.997257	0.0738147	0.150305	-0.0738044	0.985881	2.30408	-1.14539	30.5496	
0.988072	0.00592599	-0.15388	0.00577898	0.997129	0.0755071	0.153886	-0.0754957	0.9852	2.41523	-1.19995	31.2698	
0.987506	0.00620343	-0.157459	0.00604594	0.996998	0.0771959	0.157465	-0.0771834	0.984504	2.529	-1.25574	31.9896	
0.986927	0.00648713	-0.161038	0.00631866	0.996864	0.0788813	0.161044	-0.0788676	0.983791	2.64538	-1.31276	32.7088	
0.986335	0.00677707	-0.164615	0.00659713	0.996728	0.0805631	0.164622	-0.0805481	0.983062	2.76438	-1.37101	33.4275	
0.985729	0.00707325	-0.168191	0.00688133	0.996589	0.0822413	0.168199	-0.082225	0.982318	2.886	-1.43049	34.1456	
0.98511	0.00737565	-0.171766	0.00717123	0.996447	0.0839159	0.171774	-0.0838982	0.981557	3.01023	-1.49119	34.8632	
0.984478	0.00768426	-0.175339	0.00746682	0.996303	0.085587	0.175349	-0.0855677	0.980781	3.13707	-1.55312	35.5803	
0.983833	0.00799909	-0.178912	0.00776808	0.996156	0.0872544	0.178922	-0.0872335	0.979988	3.26652	-1.61626	36.2968	
0.983174	0.00832011	-0.182483	0.008075	0.996006	0.0889181	0.182494	-0.0888955	0.97918	3.39858	-1.68062	37.0127	
0.982133	0.00881925	-0.187983	0.00805144	0.996018	0.0887936	0.188018	-0.0887207	0.97815	3.53397	-1.74552	37.7279	
0.981059	0.00931816	-0.193486	0.00802821	0.996028	0.0886746	0.193544	-0.0885483	0.977087	3.67339	-1.81029	38.4423	
0.979952	0.00981684	-0.198991	0.00800533	0.996039	0.0885608	0.199072	-0.0883783	0.975992	3.81686	-1.87494	39.156	
0.978813	0.0103153	-0.204497	0.00798285	0.996048	0.0884521	0.204602	-0.0882105	0.974863	3.96436	-1.93947	39.8688	
0.977641	0.0108135	-0.210005	0.0079608	0.996058	0.0883485	0.210132	-0.0880449	0.9737	4.11591	-2.00387	40.5809	
0.976435	0.0113114	-0.215513	0.00793922	0.996067	0.0882499	0.215664	-0.0878813	0.972505	4.27149	-2.06816	41.292	
0.975197	0.011809	-0.221022	0.00791814	0.996075	0.0881561	0.221195	-0.0877197	0.971276	4.43113	-2.13232	42.0023	
0.973926	0.0123064	-0.22653	0.00789759	0.996083	0.0880671	0.226727	-0.0875599	0.970015	4.5948	-2.19637	42.7116	
0.972622	0.0128035	-0.232038	0.0078776	0.996091	0.0879826	0.232258	-0.0874018	0.968719	4.76251	-2.2603	43.4201	
0.971285	0.0133002	-0.237546	0.00785819	0.996098	0.0879027	0.237788	-0.0872452	0.967391	4.93427	-2.32412	44.1275	
0.969915	0.0137967	-0.243051	0.00783939	0.996105	0.0878271	0.243316	-0.0870902	0.966029	5.11007	-2.38782	44.834	
0.968512	0.0142928	-0.248555	0.00782122	0.996111	0.0877558	0.248843	-0.0869366	0.964634	5.28991	-2.45141	45.5395	
0.967076	0.0147886	-0.254057	0.00780369	0.996117	0.0876887	0.254368	-0.0867842	0.963206	5.47378	-2.51489	46.2439	
0.965607	0.015284	-0.259557	0.00778684	0.996123	0.0876256	0.25989	-0.086633	0.961744	5.66169	-2.57826	46.9473	
0.964105	0.0157791	-0.265053	0.00777066	0.996128	0.0875664	0.265409	-0.0864828	0.960249	5.85364	-2.64152	47.6496	
0.962569	0.0162738	-0.270546	0.00775519	0.996133	0.087511	0.270924	-0.0863336	0.958721	6.04962	-2.70466	48.3508	
0.961001	0.0167681	-0.276036	0.00774041	0.996138	0.0874593	0.276436	-0.0861851	0.95716	6.24963	-2.7677	49.0509	
0.9594	0.017262	-0.281521	0.00772636	0.996142	0.0874112	0.281944	-0.0860374	0.955565	6.45366	-2.83064	49.7498	
0.957765	0.0177555	-0.287002	0.00771303	0.996146	0.0873665	0.287447	-0.0858902	0.953938	6.66172	-2.89346	50.4476	
0.956098	0.0182486	-0.292478	0.00770042	0.99615	0.0873251	0.292946	-0.0857435	0.952277	6.8738	-2.95617	51.1441	
0.954398	0.0187412	-0.297949	0.00768855	0.996154	0.0872869	0.298438	-0.0855972	0.950583	7.0899	-3.01878	51.8394	
0.952665	0.0192333	-0.303414	0.00767741	0.996157	0.0872517	0.303926	-0.0854511	0.948856	7.31	-3.08128	52.5335	
0.950899	0.0197249	-0.308873	0.00766699	0.99616	0.0872195	0.309407	-0.0853051	0.947096	7.53412	-3.14368	53.2263	
0.9491	0.0202161	-0.314325	0.0076573	0.996162	0.0871901	0.314881	-0.0851591	0.945303	7.76224	-3.20597	53.9178	
0.947269	0.0207067	-0.319771	0.00764832	0.996165	0.0871635	0.320349	-0.0850129	0.943477	7.99435	-3.26815	54.6079	
0.945404	0.0211968	-0.325209	0.00764005	0.996167	0.0871393	0.32581	-0.0848665	0.941619	8.23046	-3.33022	55.2967	
0.943508	0.0216864	-0.33064	0.00763248	0.996169	0.0871176	0.331263	-0.0847198	0.939727	8.47056	-3.39219	55.9842	
0.941578	0.0221754	-0.336063	0.00762559	0.996171	0.0870983	0.336708	-0.0845725	0.937803	8.71464	-3.45405	56.6703	
0.939616	0.0226638	-0.341478	0.00761937	0.996172	0.0870811	0.342145	-0.0844247	0.935847	8.9627	-3.51581	57.3549	
0.937622	0.0231516	-0.346884	0.0076138	0.996173	0.087066	0.347573	-0.0842761	0.933858	9.21472	-3.57745	58.0381	
0.935596	0.0236387	-0.352281	0.00760886	0.996175	0.0870529	0.352992	-0.0841267	0.931837	9.47071	-3.63898	58.7198	
0.933537	0.0241252	-0.357669	0.00760452	0.996176	0.0870415	0.358401	-0.0839764	0.929783	9.73066	-3.70041	59.4001	
0.931446	0.0246111	-0.363047	0.00760077	0.996177	0.0870319	0.363801	-0.0838249	0.927697	9.99455	-3.76173	60.0788	
0.929323	0.0250962	-0.368415	0.00759758	0.996177	0.0870238	0.369191	-0.0836722	0.925579	10.2624	-3.82293	60.756	
0.927168	0.0255806	-0.373772	0.00759491	0.996178	0.0870172	0.37457	-0.0835183	0.92343	10.5342	-3.88402	61.4316	
0.924981	0.0260643	-0.379119	0.00759273	0.996178	0.0870118	0.379938	-0.0833628	0.921248	10.8099	-3.945	62.1057	
0.922762	0.0265472	-0.384454	0.00759102	0.996179	0.0870077	0.385295	-0.0832058	0.919035	11.0895	-4.00587	62.7782	
0.920512	0.0270294	-0.389778	0.00758973	0.996179	0.0870047	0.390641	-0.0830472	0.91679	11.373	-4.06662	63.449	
0.91823	0.0275107	-0.39509	0.00758884	0.996179	0.0870026	0.395974	-0.0828867	0.914513	11.6605	-4.12725	64.1181	
0.915917	0.0279912	-0.40039	0.00758828	0.996179	0.0870013	0.401296	-0.0827243	0.912205	11.9518	-4.18776	64.7856	
0.913573	0.0284708	-0.405677	0.00758804	0.996179	0.0870008	0.406604	-0.0825598	0.909866	12.247	-4.24816	65.4514	
0.911197	0.0289495	-0.410952	0.00758805	0.996179	0.0870008	0.4119	-0.0823932	0.907496	12.5461	-4.30843	66.1155	
0.908791	0.0294273	-0.416213	0.00758828	0.996179	0.0870013	0.417183	-0.0822243	0.905095	12.849	-4.36859	66.7778	
0.906354	0.0299042	-0.421461	0.00758867	0.996179	0.0870021	0.422452	-0.082053	0.902664	13.1558	-4.42861	67.4384	
0.903886	0.0303801	-0.426694	0.00758918	0.996179	0.0870032	0.427707	-0.0818792	0.900201	13.4665	-4.48852	68.0972	
0.901387	0.030855	-0.431914	0.00758975	0.996179	0.0870044	0.432948	-0.0817028	0.897709	13.781	-4.54829	68.7541	
0.898858	0.0313289	-0.437119	0.00759033	0.996179	0.0870056	0.438174	-0.0815236	0.895186	14.0993	-4.60793	69.4093	
0.892429	0.0324237	-0.450021	0.00262278	0.997025	0.0770361	0.45118	-0.0699295	0.889689	14.4243	-4.66328	70.0615	
