1	0	0	0	1	0	0	0	1	0	0	0	
1	1.09289e-08	-0.000178632	1.09289e-08	1	0.000122363	0.000178632	-0.000122363	1	9.52702e-05	-6.52602e-05	1.06667	
1	4.45554e-08	-0.00036067	4.45593e-08	1	0.000247081	0.00036067	-0.000247081	1	0.000382898	-0.000262297	2.13333	
1	1.02154e-07	-0.000546103	1.0217e-07	1	0.000374148	0.000546103	-0.000374148	1	0.00086651	-0.000593619	3.2	
1	1.85017e-07	-0.000734921	1.85058e-07	1	0.000503557	0.000734921	-0.000503557	1	0.00154972	-0.00106173	4.26667	
1	2.94456e-07	-0.000927112	2.94539e-07	1	0.0006353	0.000927112	-0.0006353	0.999999	0.00243614	-0.00166912	5.33333	
0.999999	4.318e-07	-0.00112267	4.31947e-07	1	0.000769372	0.00112267	-0.000769372	0.999999	0.00352936	-0.00241828	6.4	
0.999999	5.98395e-07	-0.00132157	5.98635e-07	1	0.000905764	0.00132157	-0.000905764	0.999999	0.00483295	-0.00331168	7.46666	
0.999999	7.95605e-07	-0.00152381	7.95971e-07	0.999999	0.00104447	0.00152381	-0.00104447	0.999998	0.00635048	-0.00435181	8.53333	
0.999999	1.02481e-06	-0.00172938	1.02534e-06	0.999999	0.00118548	0.00172938	-0.00118548	0.999998	0.00808552	-0.00554112	9.59999	
0.999998	1.2874e-06	-0.00193826	1.28815e-06	0.999999	0.00132879	0.00193826	-0.00132879	0.999997	0.0100416	-0.00688206	10.6667	
0.999998	1.5848e-06	-0.00215044	1.58581e-06	0.999999	0.00147439	0.00215044	-0.00147439	0.999997	0.0122222	-0.0083771	11.7333	
0.999997	1.91843e-06	-0.00236592	1.91976e-06	0.999999	0.00162228	0.00236592	-0.00162228	0.999996	0.014631	-0.0100287	12.8	
0.999997	2.28972e-06	-0.00258467	2.29145e-06	0.999998	0.00177244	0.00258467	-0.00177244	0.999995	0.0172713	-0.0118392	13.8666	
0.999996	2.70015e-06	-0.00280668	2.70234e-06	0.999998	0.00192486	0.00280668	-0.00192486	0.999994	0.0201467	-0.0138111	14.9333	
0.999995	3.15118e-06	-0.00303195	3.15392e-06	0.999998	0.00207955	0.00303195	-0.00207955	0.999993	0.0232606	-0.0159468	16	
0.999995	3.64429e-06	-0.00326045	3.64768e-06	0.999997	0.00223649	0.00326045	-0.00223649	0.999992	0.0266165	-0.0182486	17.0666	
0.999994	4.18099e-06	-0.00349217	4.18511e-06	0.999997	0.00239566	0.00349217	-0.00239566	0.999991	0.0302179	-0.0207191	18.1333	
0.999993	4.76278e-06	-0.00372711	4.76775e-06	0.999997	0.00255707	0.00372711	-0.00255707	0.99999	0.0340682	-0.0233606	19.1999	
0.999992	5.3912e-06	-0.00396524	5.39713e-06	0.999996	0.00272071	0.00396524	-0.00272071	0.999988	0.0381708	-0.0261754	20.2666	
0.999991	6.06776e-06	-0.00420655	6.0748e-06	0.999996	0.00288656	0.00420655	-0.00288656	0.999987	0.0425291	-0.0291659	21.3332	
0.99999	6.79403e-06	-0.00445104	6.8023e-06	0.999995	0.00305462	0.00445104	-0.00305462	0.999985	0.0471465	-0.0323346	22.3999	
0.999989	7.57156e-06	-0.00469867	7.58121e-06	0.999995	0.00322488	0.00469867	-0.00322488	0.999984	0.0520263	-0.0356836	23.4666	
0.999988	8.40191e-06	-0.00494945	8.41311e-06	0.999994	0.00339732	0.00494945	-0.00339732	0.999982	0.057172	-0.0392155	24.5332	
0.999986	9.28668e-06	-0.00520335	9.29959e-06	0.999994	0.00357195	0.00520335	-0.00357195	0.99998	0.0625868	-0.0429324	25.5998	
0.999985	1.02274e-05	-0.00546036	1.02422e-05	0.999993	0.00374874	0.00546036	-0.00374874	0.999978	0.0682741	-0.0468368	26.6665	
0.999984	1.12258e-05	-0.00572046	1.12427e-05	0.999992	0.00392769	0.00572046	-0.00392769	0.999976	0.0742372	-0.0509309	27.7331	
0.999982	1.22834e-05	-0.00598365	1.23026e-05	0.999992	0.0041088	0.00598365	-0.0041088	0.999974	0.0804794	-0.055217	28.7998	
0.99998	1.34018e-05	-0.0062499	1.34235e-05	0.999991	0.00429204	0.0062499	-0.00429204	0.999971	0.087004	-0.0596975	29.8664	
0.999979	1.45826e-05	-0.00651919	1.4607e-05	0.99999	0.00447742	0.00651919	-0.00447742	0.999969	0.0938142	-0.0643745	30.933	
0.999977	1.58275e-05	-0.00679152	1.58549e-05	0.999989	0.00466492	0.00679152	-0.00466492	0.999966	0.100913	-0.0692504	31.9997	
0.999975	1.71381e-05	-0.00706687	1.71688e-05	0.999988	0.00485452	0.00706687	-0.00485452	0.999963	0.108304	-0.0743275	33.0663	
0.999973	1.85161e-05	-0.00734522	1.85503e-05	0.999987	0.00504623	0.00734522	-0.00504623	0.99996	0.115991	-0.0796079	34.1329	
0.999971	1.99631e-05	-0.00762655	2.00011e-05	0.999986	0.00524003	0.00762655	-0.00524003	0.999957	0.123976	-0.0850939	35.1996	
0.999969	2.14807e-05	-0.00791085	2.15229e-05	0.999985	0.0054359	0.00791085	-0.0054359	0.999954	0.132262	-0.0907877	36.2662	
0.999966	2.30707e-05	-0.00819811	2.31173e-05	0.999984	0.00563384	0.00819811	-0.00563384	0.999951	0.140854	-0.0966916	37.3328	
0.999964	2.47347e-05	-0.00848829	2.4786e-05	0.999983	0.00583385	0.00848829	-0.00583385	0.999947	0.149753	-0.102808	38.3994	
0.999961	2.64743e-05	-0.0087814	2.65307e-05	0.999982	0.00603589	0.0087814	-0.00603589	0.999943	0.158964	-0.109138	39.466	
0.999959	2.82913e-05	-0.00907741	2.83532e-05	0.999981	0.00623998	0.00907741	-0.00623998	0.999939	0.168488	-0.115685	40.5326	
0.999956	3.01873e-05	-0.0093763	3.0255e-05	0.999979	0.00644608	0.0093763	-0.00644608	0.999935	0.17833	-0.122451	41.5992	
0.999953	3.2164e-05	-0.00967805	3.2238e-05	0.999978	0.0066542	0.00967805	-0.0066542	0.999931	0.188493	-0.129438	42.6658	
0.99995	3.42231e-05	-0.00998266	3.43037e-05	0.999976	0.00686433	0.00998266	-0.00686433	0.999927	0.198978	-0.136648	43.7324	
0.999947	3.63662e-05	-0.0102901	3.64539e-05	0.999975	0.00707644	0.0102901	-0.00707644	0.999922	0.209791	-0.144083	44.799	
0.999944	3.85951e-05	-0.0106003	3.86903e-05	0.999973	0.00729053	0.0106003	-0.00729053	0.999917	0.220932	-0.151745	45.8656	
0.99994	4.09113e-05	-0.0109134	4.10146e-05	0.999972	0.00750659	0.0109134	-0.00750659	0.999912	0.232406	-0.159637	46.9321	
0.999937	4.33167e-05	-0.0112292	4.34285e-05	0.99997	0.0077246	0.0112292	-0.0077246	0.999907	0.244216	-0.16776	47.9987	
0.999933	4.5813e-05	-0.0115478	4.59337e-05	0.999968	0.00794455	0.0115478	-0.00794456	0.999902	0.256363	-0.176117	49.0653	
0.99993	4.84016e-05	-0.0118691	4.85319e-05	0.999967	0.00816644	0.0118691	-0.00816644	0.999896	0.268852	-0.18471	50.1318	
0.999926	5.10845e-05	-0.0121932	5.12249e-05	0.999965	0.00839025	0.0121932	-0.00839025	0.99989	0.281686	-0.19354	51.1984	
0.999922	5.38632e-05	-0.0125199	5.40142e-05	0.999963	0.00861596	0.0125199	-0.00861596	0.999885	0.294866	-0.20261	52.2649	
0.999917	5.67394e-05	-0.0128494	5.69016e-05	0.999961	0.00884356	0.0128494	-0.00884357	0.999878	0.308396	-0.211922	53.3315	
0.999913	5.97148e-05	-0.0131815	5.98889e-05	0.999959	0.00907305	0.0131815	-0.00907305	0.999872	0.322279	-0.221477	54.398	
0.999909	6.27911e-05	-0.0135162	6.29776e-05	0.999957	0.00930441	0.0135162	-0.00930441	0.999865	0.336518	-0.231279	55.4645	
0.999904	6.59699e-05	-0.0138536	6.61695e-05	0.999955	0.00953762	0.0138536	-0.00953762	0.999859	0.351115	-0.241328	56.5311	
0.999899	6.92529e-05	-0.0141936	6.94663e-05	0.999952	0.00977268	0.0141935	-0.00977268	0.999852	0.366074	-0.251627	57.5976	
0.999894	7.26418e-05	-0.0145361	7.28697e-05	0.99995	0.0100096	0.0145361	-0.0100096	0.999844	0.381396	-0.262177	58.6641	
0.999889	7.61382e-05	-0.0148813	7.63813e-05	0.999947	0.0102483	0.0148813	-0.0102483	0.999837	0.397085	-0.272981	59.7306	
0.999884	7.97438e-05	-0.0152289	8.00028e-05	0.999945	0.0104888	0.0152289	-0.0104888	0.999829	0.413144	-0.284041	60.7971	
0.999879	8.34601e-05	-0.0155791	8.37358e-05	0.999942	0.0107311	0.0155791	-0.0107311	0.999821	0.429575	-0.295358	61.8635	
0.999873	8.72889e-05	-0.0159319	8.75821e-05	0.99994	0.0109752	0.0159319	-0.0109752	0.999813	0.446381	-0.306935	62.93	
0.999867	9.12318e-05	-0.0162871	9.15432e-05	0.999937	0.011221	0.0162871	-0.011221	0.999804	0.463564	-0.318773	63.9965	
0.999861	9.52903e-05	-0.0166447	9.56208e-05	0.999934	0.0114686	0.0166447	-0.0114686	0.999796	0.481128	-0.330874	65.0629	
0.999855	9.94662e-05	-0.0170049	9.98166e-05	0.999931	0.0117179	0.0170049	-0.0117179	0.999787	0.499075	-0.34324	66.1294	
0.999849	0.000103761	-0.0173674	0.000104132	0.999928	0.011969	0.0173674	-0.011969	0.999778	0.517406	-0.355873	67.1958	
0.999843	0.000108176	-0.0177324	0.000108569	0.999925	0.0122217	0.0177324	-0.0122217	0.999768	0.536126	-0.368775	68.2622	
0.999836	0.000112713	-0.0180997	0.000113129	0.999922	0.0124762	0.0180997	-0.0124762	0.999758	0.555237	-0.381947	69.3286	
0.999829	0.000117374	-0.0184694	0.000117814	0.999919	0.0127323	0.0184694	-0.0127323	0.999748	0.57474	-0.395392	70.395	
0.999768	0.000161062	-0.0215257	0.00018012	0.999874	0.0158471	0.0215256	-0.0158473	0.999643	0.596071	-0.410634	71.4614	
0.999209	0.000627774	-0.0397707	0.000775746	0.999378	0.035265	0.0397681	-0.035268	0.998586	0.628763	-0.437897	72.5272	
0.998316	0.0014489	-0.0579899	0.00172564	0.998504	0.0546555	0.0579823	-0.0546636	0.99682	0.680899	-0.485864	73.5915	
0.997091	0.00262386	-0.0761704	0.00302914	0.997253	0.0740049	0.0761554	-0.0740203	0.994345	0.752444	-0.554499	74.6535	
0.995535	0.00415181	-0.0942992	0.0046853	0.995627	0.0932992	0.0942742	-0.0933244	0.991162	0.843345	-0.643755	75.7125	
0.993649	0.00603168	-0.112364	0.00669296	0.993626	0.112525	0.112326	-0.112562	0.987275	0.953538	-0.753568	76.7677	
0.991434	0.00826211	-0.13035	0.00905068	0.991253	0.131668	0.130298	-0.13172	0.982686	1.08295	-0.883859	77.8184	
0.988891	0.0108415	-0.148247	0.0117568	0.988507	0.150715	0.148177	-0.150784	0.977398	1.23147	-1.03454	78.8638	
0.986023	0.0137681	-0.166041	0.0148094	0.985393	0.169653	0.165951	-0.169741	0.971416	1.39902	-1.20549	79.9033	
0.982831	0.0170398	-0.183719	0.0182062	0.981911	0.188468	0.183607	-0.188577	0.964742	1.58546	-1.39661	80.936	
0.979318	0.0206542	-0.201269	0.021945	0.978064	0.207146	0.201133	-0.207279	0.957382	1.79067	-1.60774	81.9611	
0.975487	0.0246087	-0.218679	0.0260229	0.973855	0.225675	0.218515	-0.225834	0.949342	2.01449	-1.83875	82.9781	
0.971339	0.0289007	-0.235935	0.0304372	0.969287	0.244041	0.235742	-0.244228	0.940627	2.25678	-2.08946	83.9862	
0.966878	0.0335269	-0.253027	0.0351847	0.964363	0.262231	0.252801	-0.262448	0.931242	2.51735	-2.35971	84.9846	
0.962108	0.0384842	-0.26994	0.0402619	0.959088	0.280232	0.269681	-0.280482	0.921196	2.79602	-2.64929	85.9726	
0.957031	0.0437689	-0.286665	0.0456654	0.953463	0.298032	0.286369	-0.298316	0.910495	3.0926	-2.958	86.9495	
0.951651	0.0493774	-0.303188	0.0513912	0.947494	0.315617	0.302853	-0.315938	0.899146	3.40687	-3.28562	87.9147	
0.945972	0.0553057	-0.319498	0.0574353	0.941185	0.332976	0.319122	-0.333336	0.887157	3.73861	-3.63192	88.8675	
0.939998	0.0615495	-0.335583	0.0637934	0.934539	0.350095	0.335164	-0.350497	0.874538	4.08758	-3.99665	89.8071	
0.933733	0.0681043	-0.351432	0.0704609	0.927563	0.366963	0.350967	-0.367408	0.861297	4.45354	-4.37956	90.733	
0.927182	0.0749657	-0.367034	0.0774331	0.920261	0.383568	0.366521	-0.384058	0.847444	4.83623	-4.78036	91.6443	
0.920349	0.0821285	-0.382377	0.0847052	0.912637	0.399898	0.381815	-0.400435	0.832988	5.23536	-5.19878	92.5406	
0.91324	0.0895879	-0.397451	0.0922718	0.904698	0.415941	0.396837	-0.416527	0.81794	5.65067	-5.63452	93.4212	
0.905858	0.0973384	-0.412245	0.100128	0.89645	0.431686	0.411577	-0.432323	0.80231	6.08185	-6.08727	94.2854	
0.89821	0.105375	-0.426748	0.108267	0.887897	0.447121	0.426024	-0.447812	0.78611	6.52859	-6.5567	95.1326	
0.890302	0.113691	-0.440951	0.116684	0.879046	0.462237	0.440168	-0.462982	0.76935	6.99059	-7.04249	95.9622	
0.882137	0.122281	-0.454842	0.125373	0.869904	0.477021	0.453999	-0.477823	0.752044	7.46751	-7.54428	96.7736	
0.873724	0.131139	-0.468412	0.134328	0.860476	0.491464	0.467507	-0.492324	0.734203	7.95901	-8.06172	97.5664	
0.865066	0.140258	-0.481652	0.143542	0.85077	0.505555	0.480683	-0.506476	0.715839	8.46474	-8.59445	98.3398	
0.856171	0.149633	-0.494552	0.153009	0.840793	0.519284	0.493517	-0.520267	0.696967	8.98434	-9.14208	99.0933	
0.847045	0.159256	-0.507102	0.162722	0.830551	0.532641	0.506001	-0.533688	0.677599	9.51745	-9.70422	99.8264	
0.837694	0.169121	-0.519295	0.172674	0.820052	0.545617	0.518124	-0.546729	0.65775	10.0637	-10.2805	100.539	
0.828125	0.179221	-0.53112	0.182858	0.809303	0.558203	0.529879	-0.559382	0.637432	10.6227	-10.8704	101.229	
