1	0	0	0	1	0	0	0	1	0	0	0	
0.999989	-7.26913e-06	0.00462837	-7.26913e-06	0.999995	0.00314109	-0.00462837	-0.00314109	0.999984	-0.00230484	-0.00156421	0.995954	
0.999957	-2.90793e-05	0.00925801	-2.90674e-05	0.99998	0.00628049	-0.00925801	-0.00628049	0.999937	-0.00922	-0.00625598	1.99188	
0.999904	-6.54312e-05	0.0138888	-6.53838e-05	0.999956	0.0094181	-0.0138888	-0.0094181	0.999859	-0.0207467	-0.0140736	2.98774	
0.999828	-0.000116325	0.0185205	-0.000116207	0.999921	0.0125538	-0.0185205	-0.0125538	0.99975	-0.0368859	-0.0250152	3.98351	
0.999732	-0.000181761	0.023153	-0.000181524	0.999877	0.0156875	-0.023153	-0.0156875	0.999609	-0.0576385	-0.0390788	4.97915	
0.999614	-0.000261737	0.0277862	-0.000261322	0.999823	0.0188191	-0.0277863	-0.0188191	0.999437	-0.0830053	-0.0562624	5.97464	
0.999474	-0.000356252	0.03242	-0.00035559	0.999759	0.0219485	-0.03242	-0.0219485	0.999233	-0.112987	-0.0765639	6.96994	
0.999313	-0.000465305	0.037054	-0.000464311	0.999685	0.0250756	-0.0370541	-0.0250755	0.998999	-0.147584	-0.099981	7.96502	
0.99913	-0.000588893	0.0416883	-0.000587473	0.999602	0.0282002	-0.0416884	-0.0282002	0.998733	-0.186796	-0.126511	8.95985	
0.998926	-0.000727012	0.0463227	-0.00072506	0.999509	0.0313224	-0.0463227	-0.0313223	0.998435	-0.230624	-0.156152	9.9544	
0.9987	-0.00087966	0.0509569	-0.000877057	0.999406	0.0344419	-0.050957	-0.0344419	0.998107	-0.279067	-0.188902	10.9486	
0.998453	-0.00104683	0.0555909	-0.00104345	0.999294	0.0375588	-0.055591	-0.0375587	0.997747	-0.332126	-0.224757	11.9425	
0.998184	-0.00122852	0.0602245	-0.00122422	0.999172	0.0406728	-0.0602246	-0.0406726	0.997356	-0.3898	-0.263714	12.9361	
0.997894	-0.00142473	0.0648576	-0.00141934	0.99904	0.0437839	-0.0648577	-0.0437837	0.996934	-0.452089	-0.305772	13.9292	
0.997581	-0.00163544	0.0694899	-0.00162882	0.998899	0.046892	-0.06949	-0.0468917	0.99648	-0.518991	-0.350927	14.9219	
0.997247	-0.00186066	0.0741214	-0.00185261	0.998748	0.0499969	-0.0741216	-0.0499966	0.995995	-0.590507	-0.399175	15.9141	
0.996892	-0.00210037	0.0787518	-0.00209072	0.998587	0.0530987	-0.0787521	-0.0530983	0.995479	-0.666635	-0.450515	16.9058	
0.996515	-0.00235457	0.0833811	-0.00234311	0.998417	0.0561971	-0.0833815	-0.0561967	0.994932	-0.747375	-0.504941	17.897	
0.996116	-0.00262324	0.0880091	-0.00260977	0.998237	0.0592922	-0.0880095	-0.0592916	0.994353	-0.832724	-0.562452	18.8876	
0.995696	-0.00290639	0.0926356	-0.00289067	0.998048	0.0623837	-0.0926361	-0.0623829	0.993744	-0.922682	-0.623044	19.8776	
0.995254	-0.00320401	0.0972605	-0.0031858	0.997849	0.0654716	-0.0972611	-0.0654707	0.993103	-1.01725	-0.686713	20.8671	
0.99479	-0.00351607	0.101884	-0.00349514	0.997641	0.0685557	-0.101884	-0.0685547	0.992431	-1.11642	-0.753455	21.8558	
0.994305	-0.00384258	0.106505	-0.00381866	0.997424	0.0716361	-0.106506	-0.0716348	0.991728	-1.22019	-0.823266	22.8439	
0.993798	-0.00418352	0.111124	-0.00415635	0.997196	0.0747126	-0.111125	-0.0747111	0.990994	-1.32857	-0.896144	23.8312	
0.993269	-0.00453888	0.115741	-0.00450817	0.99696	0.0777851	-0.115742	-0.0777833	0.990229	-1.44154	-0.972083	24.8179	
0.992719	-0.00490865	0.120355	-0.00487411	0.996714	0.0808534	-0.120357	-0.0808513	0.989433	-1.55912	-1.05108	25.8037	
0.992147	-0.00529282	0.124967	-0.00525414	0.996459	0.0839176	-0.124969	-0.0839151	0.988606	-1.68128	-1.13313	26.7887	
0.991553	-0.00569137	0.129577	-0.00564824	0.996194	0.0869774	-0.129579	-0.0869746	0.987747	-1.80804	-1.21823	27.7729	
0.990938	-0.00610429	0.134183	-0.00605638	0.99592	0.0900329	-0.134185	-0.0900297	0.986858	-1.93939	-1.30638	28.7562	
0.990301	-0.00653157	0.138787	-0.00647854	0.995637	0.0930839	-0.138789	-0.0930802	0.985938	-2.07533	-1.39756	29.7386	
0.989642	-0.00697319	0.143387	-0.0069147	0.995345	0.0961302	-0.14339	-0.096126	0.984987	-2.21585	-1.49178	30.7201	
0.988962	-0.00742914	0.147984	-0.00736481	0.995043	0.0991719	-0.147987	-0.0991671	0.984005	-2.36095	-1.58903	31.7006	
0.98826	-0.00789941	0.152577	-0.00782887	0.994732	0.102209	-0.152581	-0.102203	0.982992	-2.51063	-1.68931	32.6802	
0.987536	-0.00838397	0.157167	-0.00830684	0.994412	0.105241	-0.157171	-0.105235	0.981948	-2.66488	-1.79261	33.6587	
0.986791	-0.00888281	0.161753	-0.00879869	0.994083	0.108268	-0.161758	-0.108261	0.980874	-2.8237	-1.89893	34.6361	
0.986024	-0.00939591	0.166336	-0.0093044	0.993744	0.11129	-0.166341	-0.111282	0.979769	-2.98709	-2.00826	35.6125	
0.985236	-0.00992326	0.170914	-0.00982394	0.993397	0.114307	-0.17092	-0.114298	0.978633	-3.15503	-2.12059	36.5877	
0.984426	-0.0104648	0.175488	-0.0103573	0.99304	0.117318	-0.175494	-0.117309	0.977466	-3.32754	-2.23593	37.5618	
0.983594	-0.0110206	0.180058	-0.0109044	0.992675	0.120325	-0.180065	-0.120314	0.976269	-3.5046	-2.35426	38.5348	
0.982741	-0.0115906	0.184623	-0.0114652	0.9923	0.123325	-0.184631	-0.123314	0.975041	-3.68622	-2.47558	39.5065	
0.981866	-0.0121747	0.189183	-0.0120398	0.991916	0.126321	-0.189192	-0.126308	0.973783	-3.87237	-2.59989	40.4769	
0.98097	-0.012773	0.193739	-0.012628	0.991524	0.12931	-0.193748	-0.129296	0.972494	-4.06307	-2.72718	41.4462	
0.980052	-0.0133854	0.19829	-0.0132299	0.991122	0.132294	-0.1983	-0.132279	0.971174	-4.2583	-2.85743	42.4141	
0.979113	-0.014012	0.202835	-0.0138453	0.990712	0.135272	-0.202847	-0.135255	0.969824	-4.45807	-2.99066	43.3806	
0.978152	-0.0146526	0.207375	-0.0144744	0.990292	0.138244	-0.207388	-0.138226	0.968444	-4.66235	-3.12685	44.3459	
0.977169	-0.0153073	0.21191	-0.015117	0.989864	0.141211	-0.211924	-0.14119	0.967033	-4.87116	-3.26599	45.3097	
0.976165	-0.015976	0.21644	-0.0157731	0.989427	0.144171	-0.216454	-0.144148	0.965592	-5.08449	-3.40809	46.2721	
0.97514	-0.0166587	0.220963	-0.0164427	0.988981	0.147125	-0.220979	-0.1471	0.964121	-5.30232	-3.55312	47.2331	
0.974093	-0.0173554	0.225481	-0.0171258	0.988527	0.150072	-0.225498	-0.150046	0.96262	-5.52466	-3.7011	48.1926	
0.973025	-0.0180661	0.229992	-0.0178222	0.988063	0.153013	-0.230012	-0.152985	0.961088	-5.75149	-3.852	49.1505	
0.971935	-0.0187908	0.234498	-0.0185321	0.987591	0.155948	-0.234519	-0.155917	0.959526	-5.98282	-4.00583	50.107	
0.970824	-0.0195293	0.238997	-0.0192552	0.987111	0.158877	-0.239019	-0.158843	0.957935	-6.21863	-4.16257	51.0618	
0.969691	-0.0202818	0.24349	-0.0199917	0.986621	0.161798	-0.243514	-0.161762	0.956313	-6.45893	-4.32223	52.0151	
0.968538	-0.0210481	0.247976	-0.0207414	0.986123	0.164713	-0.248002	-0.164674	0.954661	-6.70369	-4.48479	52.9667	
0.967362	-0.0218282	0.252455	-0.0215044	0.985617	0.167621	-0.252483	-0.167579	0.952979	-6.95292	-4.65024	53.9167	
0.966166	-0.0226222	0.256927	-0.0222805	0.985102	0.170522	-0.256957	-0.170477	0.951268	-7.20662	-4.81859	54.8649	
0.964948	-0.02343	0.261393	-0.0230698	0.984578	0.173417	-0.261425	-0.173368	0.949526	-7.46476	-4.98982	55.8115	
0.963709	-0.0242515	0.265851	-0.0238722	0.984046	0.176304	-0.265885	-0.176252	0.947755	-7.72735	-5.16392	56.7563	
0.962449	-0.0250867	0.270301	-0.0246877	0.983506	0.179184	-0.270338	-0.179128	0.945955	-7.99438	-5.34089	57.6993	
0.961167	-0.0259356	0.274745	-0.0255163	0.982957	0.182056	-0.274784	-0.181997	0.944124	-8.26584	-5.52073	58.6406	
0.959865	-0.0267982	0.27918	-0.0263578	0.9824	0.184922	-0.279222	-0.184858	0.942265	-8.54172	-5.70341	59.58	
0.958541	-0.0276744	0.283608	-0.0272122	0.981834	0.18778	-0.283652	-0.187712	0.940375	-8.82203	-5.88895	60.5175	
0.957196	-0.0285642	0.288027	-0.0280796	0.98126	0.19063	-0.288075	-0.190558	0.938456	-9.10674	-6.07732	61.4531	
0.954989	-0.030008	0.295119	-0.0282974	0.981118	0.19133	-0.295288	-0.191069	0.936108	-9.39724	-6.26736	62.3866	
0.952727	-0.0314562	0.302196	-0.0285212	0.980975	0.19203	-0.302487	-0.191571	0.933703	-9.69492	-6.45791	63.3177	
0.950409	-0.0329088	0.309258	-0.0287508	0.980831	0.192729	-0.309672	-0.192063	0.931244	-9.99977	-6.64895	64.2464	
0.948036	-0.0343657	0.316303	-0.0289861	0.980686	0.193428	-0.316841	-0.192545	0.928729	-10.3118	-6.84048	65.1727	
0.945608	-0.0358265	0.323331	-0.0292271	0.980541	0.194125	-0.323994	-0.193017	0.92616	-10.6309	-7.03248	66.0964	
0.943125	-0.0372912	0.33034	-0.0294736	0.980396	0.194821	-0.331129	-0.193477	0.923537	-10.9571	-7.22495	67.0175	
0.940588	-0.0387595	0.337331	-0.0297255	0.98025	0.195515	-0.338247	-0.193927	0.920859	-11.2905	-7.41787	67.936	
0.937997	-0.0402313	0.344302	-0.0299826	0.980104	0.196207	-0.345345	-0.194365	0.918128	-11.6309	-7.61123	68.8518	
0.935352	-0.0417065	0.351252	-0.0302449	0.979958	0.196896	-0.352424	-0.194791	0.915344	-11.9784	-7.80503	69.7648	
0.928288	-0.0453538	0.369086	-0.0246558	0.982844	0.182785	-0.371043	-0.178778	0.911244	-12.3386	-7.99106	70.6744	
0.920863	-0.0486873	0.386834	-0.0187809	0.985481	0.168742	-0.389433	-0.162653	0.906579	-12.7174	-8.1611	71.5797	
0.913082	-0.0517051	0.404485	-0.0126237	0.987869	0.154775	-0.407581	-0.146428	0.901352	-13.1143	-8.31502	72.4801	
0.904948	-0.054405	0.42203	-0.006188	0.990005	0.140893	-0.425477	-0.130113	0.895567	-13.5291	-8.45274	73.375	
0.896468	-0.0567857	0.439455	0.000522135	0.991889	0.127105	-0.443109	-0.113716	0.889226	-13.9617	-8.57417	74.2638	
0.887646	-0.0588454	0.456752	0.00750257	0.993519	0.113419	-0.460466	-0.0972492	0.882334	-14.4117	-8.67923	75.146	
0.878488	-0.060583	0.473908	0.014749	0.994894	0.0998439	-0.477537	-0.080722	0.874895	-14.8788	-8.76786	76.0212	
0.868999	-0.0619974	0.490915	0.0222569	0.996013	0.0863878	-0.494313	-0.0641447	0.866914	-15.3628	-8.84001	76.8886	
0.859186	-0.0630877	0.507759	0.0300216	0.996876	0.0730592	-0.510782	-0.0475277	0.858395	-15.8634	-8.89562	77.7478	
0.849054	-0.0638533	0.524433	0.0380383	0.997481	0.0598663	-0.526935	-0.0308812	0.849345	-16.3801	-8.93467	78.5983	
0.83861	-0.0642936	0.540924	0.0463021	0.99783	0.0468173	-0.542761	-0.0142155	0.839767	-16.9129	-8.95713	79.4394	
0.827861	-0.0644083	0.557224	0.0548078	0.997921	0.0339203	-0.55825	0.00245892	0.829669	-17.4612	-8.96298	80.2708	
0.816812	-0.0641975	0.573321	0.0635501	0.997754	0.0211833	-0.573393	0.0191318	0.819057	-18.0247	-8.95223	81.0919	
0.805471	-0.0636613	0.589206	0.0725237	0.997329	0.00861422	-0.588181	0.0357929	0.807937	-18.6032	-8.92488	81.9022	
0.793845	-0.0627999	0.604869	0.0817229	0.996648	-0.0037792	-0.602604	0.0524318	0.796316	-19.1962	-8.88094	82.7011	
0.781941	-0.0616139	0.620301	0.0911421	0.99571	-0.0159893	-0.616654	0.0690382	0.784201	-19.8034	-8.82045	83.4882	
0.769766	-0.0601041	0.635491	0.100775	0.994515	-0.0280084	-0.630321	0.0856017	0.771601	-20.4244	-8.74344	84.263	
0.757328	-0.0582714	0.65043	0.110617	0.993065	-0.0398291	-0.643598	0.102112	0.758521	-21.0588	-8.64995	85.025	
0.744635	-0.0561169	0.665109	0.12066	0.99136	-0.0514441	-0.656476	0.118559	0.744972	-21.7063	-8.54006	85.7738	
0.731694	-0.0536419	0.679519	0.1309	0.989402	-0.0628462	-0.668946	0.134933	0.730961	-22.3663	-8.41382	86.5088	
0.718514	-0.050848	0.693651	0.141329	0.987191	-0.0740284	-0.681002	0.151223	0.716497	-23.0386	-8.27131	87.2296	
0.705102	-0.047737	0.707497	0.15194	0.984729	-0.0849836	-0.692636	0.16742	0.701588	-23.7227	-8.11262	87.9358	
0.691468	-0.0443107	0.721047	0.162729	0.982018	-0.0957051	-0.70384	0.183512	0.686245	-24.4182	-7.93786	88.627	
0.677619	-0.0405713	0.734293	0.173687	0.979059	-0.106186	-0.714608	0.199491	0.670476	-25.1246	-7.74712	89.3026	
0.663564	-0.036521	0.747227	0.184808	0.975855	-0.116421	-0.724934	0.215346	0.654292	-25.8415	-7.54053	89.9624	
0.649312	-0.0321625	0.759842	0.196085	0.972406	-0.126402	-0.734809	0.231067	0.637702	-26.5684	-7.31821	90.6058	
0.634872	-0.0274984	0.772128	0.207511	0.968715	-0.136123	-0.744229	0.246646	0.620716	-27.305	-7.08031	91.2325	
