1	0	0	0	1	0	0	0	1	0	0	0	
0.999987	-4.41063e-07	0.00506836	-4.41063e-07	1	0.000174045	-0.00506836	-0.000174045	0.999987	-0.00239852	-8.23637e-05	0.946461	
0.999949	-1.7602e-06	0.0101384	-1.75089e-06	1	0.000346309	-0.0101384	-0.000346309	0.999949	-0.00959485	-0.000328612	1.8929	
0.999884	-3.94898e-06	0.0152099	-3.91173e-06	1	0.000516787	-0.0152099	-0.000516787	0.999884	-0.0215905	-0.000737058	2.83928	
0.999794	-6.99889e-06	0.0202827	-6.90574e-06	1	0.000685472	-0.0202827	-0.000685471	0.999794	-0.0383867	-0.00130601	3.7856	
0.999678	-1.09014e-05	0.0253567	-1.0715e-05	1	0.000852358	-0.0253567	-0.000852355	0.999678	-0.0599848	-0.00203376	4.73182	
0.999537	-1.56478e-05	0.0304316	-1.53216e-05	0.999999	0.00101744	-0.0304316	-0.00101743	0.999536	-0.0863857	-0.0029186	5.67791	
0.999369	-2.12295e-05	0.0355075	-2.07075e-05	0.999999	0.00118071	-0.0355075	-0.0011807	0.999369	-0.11759	-0.00395883	6.62386	
0.999176	-2.76378e-05	0.040584	-2.68546e-05	0.999999	0.00134216	-0.040584	-0.00134214	0.999175	-0.153599	-0.00515273	7.56964	
0.998957	-3.48639e-05	0.045661	-3.37447e-05	0.999999	0.00150179	-0.045661	-0.00150177	0.998956	-0.194413	-0.00649856	8.51522	
0.998712	-4.28989e-05	0.0507384	-4.13596e-05	0.999999	0.00165959	-0.0507384	-0.00165956	0.998711	-0.240033	-0.0079946	9.46058	
0.998441	-5.1734e-05	0.055816	-4.96811e-05	0.999998	0.00181556	-0.055816	-0.00181551	0.998439	-0.290458	-0.00963912	10.4057	
0.998144	-6.13601e-05	0.0608936	-5.86909e-05	0.999998	0.0019697	-0.0608936	-0.00196962	0.998142	-0.345689	-0.0114304	11.3505	
0.997822	-7.17685e-05	0.0659711	-6.83706e-05	0.999998	0.00212199	-0.0659711	-0.00212188	0.997819	-0.405725	-0.0133666	12.2951	
0.997473	-8.29499e-05	0.0710484	-7.87017e-05	0.999997	0.00227243	-0.0710484	-0.00227228	0.99747	-0.470567	-0.0154461	13.2393	
0.997098	-9.48953e-05	0.0761252	-8.96659e-05	0.999997	0.00242102	-0.0761252	-0.00242082	0.997095	-0.540215	-0.017667	14.1832	
0.996698	-0.000107596	0.0812013	-0.000101245	0.999997	0.00256776	-0.0812013	-0.0025675	0.996694	-0.614667	-0.0200276	15.1268	
0.996271	-0.000121041	0.0862768	-0.000113419	0.999996	0.00271263	-0.0862768	-0.0027123	0.996268	-0.693923	-0.0225262	16.0699	
0.995819	-0.000135224	0.0913513	-0.000126171	0.999996	0.00285565	-0.0913513	-0.00285523	0.995815	-0.777983	-0.025161	17.0126	
0.99534	-0.000150133	0.0964247	-0.000139482	0.999995	0.00299679	-0.0964247	-0.00299628	0.995336	-0.866845	-0.0279301	17.9549	
0.994836	-0.000165761	0.101497	-0.000153332	0.999995	0.00313606	-0.101497	-0.00313543	0.994831	-0.960508	-0.0308318	18.8967	
0.994305	-0.000182097	0.106568	-0.000167704	0.999995	0.00327346	-0.106568	-0.00327269	0.9943	-1.05897	-0.0338643	19.838	
0.993749	-0.000199132	0.111637	-0.000182579	0.999994	0.00340898	-0.111637	-0.00340806	0.993743	-1.16223	-0.0370259	20.7788	
0.993167	-0.000216856	0.116704	-0.000197937	0.999994	0.00354262	-0.116704	-0.00354152	0.99316	-1.27029	-0.0403147	21.7191	
0.992558	-0.000235261	0.12177	-0.000213761	0.999993	0.00367438	-0.12177	-0.00367307	0.992552	-1.38315	-0.0437289	22.6588	
0.991924	-0.000254336	0.126834	-0.00023003	0.999993	0.00380425	-0.126834	-0.0038027	0.991917	-1.50079	-0.0472666	23.5979	
0.991264	-0.000274072	0.131895	-0.000246727	0.999992	0.00393223	-0.131895	-0.00393042	0.991256	-1.62323	-0.0509262	24.5364	
0.990577	-0.00029446	0.136954	-0.000263832	0.999992	0.00405832	-0.136954	-0.00405621	0.990569	-1.75046	-0.0547057	25.4743	
0.989865	-0.000315489	0.14201	-0.000281326	0.999991	0.00418252	-0.142011	-0.00418008	0.989856	-1.88248	-0.0586034	26.4115	
0.989127	-0.00033715	0.147064	-0.000299191	0.999991	0.00430482	-0.147064	-0.00430201	0.989118	-2.01928	-0.0626174	27.348	
0.988363	-0.000359434	0.152115	-0.000317408	0.99999	0.00442522	-0.152115	-0.00442201	0.988353	-2.16086	-0.0667459	28.2838	
0.987573	-0.00038233	0.157163	-0.000335957	0.99999	0.00454373	-0.157163	-0.00454006	0.987562	-2.30722	-0.0709871	29.2189	
0.986756	-0.000405828	0.162208	-0.000354819	0.999989	0.00466033	-0.162208	-0.00465617	0.986746	-2.45836	-0.0753391	30.1532	
0.985914	-0.00042992	0.16725	-0.000373976	0.999989	0.00477504	-0.16725	-0.00477032	0.985903	-2.61427	-0.0798	31.0867	
0.985047	-0.000454594	0.172288	-0.000393408	0.999988	0.00488784	-0.172288	-0.00488253	0.985035	-2.77495	-0.084368	32.0194	
0.984153	-0.000479842	0.177322	-0.000413097	0.999987	0.00499873	-0.177322	-0.00499277	0.98414	-2.94039	-0.0890414	32.9513	
0.983233	-0.000505653	0.182353	-0.000433024	0.999987	0.00510773	-0.182353	-0.00510105	0.98322	-3.1106	-0.0938181	33.8823	
0.982287	-0.000532016	0.18738	-0.000453168	0.999986	0.00521481	-0.18738	-0.00520736	0.982274	-3.28557	-0.0986964	34.8125	
0.981316	-0.000558923	0.192402	-0.000473512	0.999986	0.00532	-0.192403	-0.0053117	0.981302	-3.4653	-0.103674	35.7417	
0.980319	-0.000586363	0.197421	-0.000494036	0.999985	0.00542327	-0.197421	-0.00541407	0.980304	-3.64978	-0.10875	36.67	
0.979296	-0.000614326	0.202435	-0.000514721	0.999985	0.00552465	-0.202435	-0.00551446	0.97928	-3.839	-0.113922	37.5973	
0.978247	-0.000642801	0.207444	-0.000535548	0.999984	0.00562411	-0.207444	-0.00561286	0.978231	-4.03297	-0.119188	38.5237	
0.977172	-0.00067178	0.212449	-0.000556497	0.999983	0.00572167	-0.212449	-0.00570928	0.977155	-4.23168	-0.124546	39.4491	
0.976072	-0.000701251	0.217449	-0.000577551	0.999983	0.00581733	-0.217449	-0.00580372	0.976054	-4.43512	-0.129994	40.3734	
0.974945	-0.000731204	0.222443	-0.000598689	0.999982	0.00591108	-0.222444	-0.00589615	0.974928	-4.64329	-0.135531	41.2967	
0.973793	-0.000761629	0.227433	-0.000619894	0.999982	0.00600293	-0.227433	-0.0059866	0.973775	-4.85619	-0.141154	42.2188	
0.972616	-0.000792517	0.232417	-0.000641144	0.999981	0.00609287	-0.232418	-0.00607504	0.972597	-5.07381	-0.146862	43.1399	
0.971413	-0.000823856	0.237396	-0.000662422	0.999981	0.00618092	-0.237397	-0.00616148	0.971393	-5.29614	-0.152653	44.0599	
0.970184	-0.000855636	0.242369	-0.000683709	0.99998	0.00626706	-0.24237	-0.00624591	0.970164	-5.52318	-0.158524	44.9787	
0.968929	-0.000887847	0.247336	-0.000704985	0.99998	0.00635131	-0.247337	-0.00632834	0.968909	-5.75493	-0.164475	45.8963	
0.967649	-0.000920479	0.252298	-0.000726232	0.999979	0.00643366	-0.252298	-0.00640875	0.967628	-5.99137	-0.170503	46.8128	
0.966344	-0.000953522	0.257253	-0.00074743	0.999979	0.00651411	-0.257254	-0.00648715	0.966322	-6.23251	-0.176605	47.728	
0.965013	-0.000986964	0.262202	-0.00076856	0.999978	0.00659268	-0.262203	-0.00656353	0.964991	-6.47833	-0.182781	48.6419	
0.963656	-0.0010208	0.267144	-0.000789604	0.999977	0.00666935	-0.267145	-0.00663789	0.963633	-6.72884	-0.189029	49.5546	
0.962274	-0.00105501	0.27208	-0.000810543	0.999977	0.00674413	-0.272081	-0.00671023	0.962251	-6.98402	-0.195346	50.466	
0.960867	-0.00108959	0.27701	-0.000831357	0.999976	0.00681703	-0.277011	-0.00678055	0.960843	-7.24386	-0.20173	51.3761	
0.959434	-0.00112452	0.281932	-0.000852027	0.999976	0.00688804	-0.281933	-0.00684883	0.95941	-7.50838	-0.20818	52.2848	
0.957976	-0.00115981	0.286847	-0.000872535	0.999975	0.00695717	-0.286848	-0.00691509	0.957951	-7.77754	-0.214693	53.1922	
0.956492	-0.00119543	0.291755	-0.000892863	0.999975	0.00702443	-0.291757	-0.00697931	0.956467	-8.05136	-0.221269	54.0981	
0.954984	-0.00123138	0.296656	-0.00091299	0.999974	0.00708981	-0.296657	-0.0070415	0.954958	-8.32981	-0.227904	55.0027	
0.95345	-0.00126764	0.30155	-0.000932899	0.999974	0.00715332	-0.301551	-0.00710165	0.953424	-8.61291	-0.234597	55.9058	
0.951891	-0.00130421	0.306435	-0.00095257	0.999974	0.00721497	-0.306437	-0.00715976	0.951864	-8.90063	-0.241346	56.8075	
0.950306	-0.00134108	0.311313	-0.000971985	0.999973	0.00727475	-0.311314	-0.00721583	0.95028	-9.19297	-0.248149	57.7076	
0.947877	-0.00138794	0.318634	-0.000257285	0.999987	0.00512125	-0.318637	-0.00493629	0.947864	-9.49108	-0.253899	58.6059	
0.94539	-0.00141725	0.325938	0.000473484	0.999995	0.00297483	-0.325941	-0.00265805	0.945386	-9.79612	-0.257493	59.5018	
0.942846	-0.00142898	0.333226	0.00122032	0.999999	0.00083548	-0.333227	-0.000381087	0.942846	-10.1081	-0.258932	60.3954	
0.940244	-0.00142313	0.340497	0.00198321	0.999997	-0.00129685	-0.340494	0.00189464	0.940245	-10.4269	-0.258215	61.2866	
0.937586	-0.00139971	0.34775	0.00276216	0.99999	-0.0034222	-0.347741	0.00416915	0.937581	-10.7526	-0.255346	62.1752	
0.934872	-0.00135872	0.354983	0.00355718	0.999978	-0.0055406	-0.354968	0.00644249	0.934856	-11.0851	-0.250324	63.0613	
0.932101	-0.00130015	0.362197	0.00436826	0.999961	-0.00765208	-0.362173	0.00871468	0.93207	-11.4245	-0.243151	63.9448	
0.929273	-0.00122401	0.369391	0.00519542	0.999939	-0.00975668	-0.369356	0.0109858	0.929223	-11.7707	-0.233828	64.8256	
0.92639	-0.0011303	0.376564	0.00603865	0.999911	-0.0118544	-0.376517	0.0132558	0.926315	-12.1237	-0.222356	65.7037	
0.923451	-0.00101904	0.383714	0.00689798	0.999879	-0.0139454	-0.383654	0.0155247	0.923347	-12.4834	-0.208736	66.5791	
0.920457	-0.000890225	0.390842	0.00777342	0.999841	-0.0160295	-0.390766	0.0177927	0.920318	-12.8499	-0.192969	67.4515	
0.917408	-0.00074387	0.397947	0.00866498	0.999799	-0.0181069	-0.397854	0.0200596	0.91723	-13.2231	-0.175056	68.3211	
0.914304	-0.000579986	0.405028	0.00957267	0.999751	-0.0201776	-0.404915	0.0223257	0.914082	-13.603	-0.154998	69.1878	
0.911146	-0.000398585	0.412084	0.0104965	0.999698	-0.0222416	-0.411951	0.0245908	0.910874	-13.9896	-0.132796	70.0514	
0.903712	0.000175689	0.42814	0.0170886	0.999188	-0.0364803	-0.427799	0.040284	0.902976	-14.387	-0.102093	70.9098	
0.896	0.0010276	0.444052	0.0239275	0.998433	-0.050591	-0.443408	0.0559547	0.894571	-14.7993	-0.0565479	71.7605	
0.888014	0.00215666	0.459811	0.0310096	0.997432	-0.0645659	-0.458769	0.071594	0.885666	-15.2262	0.00381508	72.603	
0.879758	0.00356226	0.475408	0.0383309	0.996185	-0.078397	-0.473873	0.0871932	0.876266	-15.6676	0.0789618	73.4369	
0.871237	0.00524359	0.490834	0.0458872	0.994694	-0.0920767	-0.488712	0.102744	0.866374	-16.1232	0.16885	74.2616	
0.862456	0.00719971	0.50608	0.0536743	0.992959	-0.105597	-0.503277	0.118237	0.855998	-16.5926	0.27343	75.0767	
0.85342	0.00942954	0.521139	0.0616878	0.990982	-0.118951	-0.517561	0.133663	0.845142	-17.0757	0.392643	75.8818	
0.844133	0.0119318	0.536001	0.0699234	0.988763	-0.132131	-0.531554	0.149015	0.833813	-17.5722	0.526422	76.6763	
0.834601	0.0147052	0.550659	0.0783763	0.986304	-0.145129	-0.545251	0.164284	0.822017	-18.0818	0.674692	77.46	
0.824829	0.017748	0.565103	0.0870418	0.983605	-0.157939	-0.558641	0.17946	0.809762	-18.6043	0.83737	78.2322	
0.814823	0.0210586	0.579327	0.0959152	0.980669	-0.170552	-0.571719	0.194536	0.797052	-19.1392	1.01437	78.9927	
0.804589	0.0246352	0.593321	0.104991	0.977498	-0.182963	-0.584477	0.209503	0.783897	-19.6864	1.20558	79.7408	
0.794131	0.0284757	0.607079	0.114265	0.974092	-0.195163	-0.596908	0.224353	0.770303	-20.2455	1.4109	80.4764	
0.783456	0.032578	0.620593	0.123732	0.970454	-0.207147	-0.609005	0.239077	0.756277	-20.8162	1.63022	81.1988	
0.77257	0.0369398	0.633854	0.133385	0.966586	-0.218907	-0.62076	0.253668	0.741828	-21.3982	1.86342	81.9078	
0.761479	0.0415587	0.646856	0.143221	0.96249	-0.230437	-0.632169	0.268116	0.726964	-21.9911	2.11035	82.6029	
0.750189	0.046432	0.659591	0.153233	0.958168	-0.24173	-0.643223	0.282414	0.711693	-22.5947	2.3709	83.2838	
0.738707	0.0515571	0.672052	0.163415	0.953623	-0.252781	-0.653917	0.296554	0.696023	-23.2086	2.64489	83.95	
0.727039	0.056931	0.684232	0.173763	0.948858	-0.263582	-0.664245	0.310529	0.679964	-23.8324	2.9322	84.6012	
0.715191	0.0625508	0.696125	0.184269	0.943874	-0.274129	-0.674201	0.324329	0.663524	-24.4658	3.23265	85.237	
0.70317	0.0684133	0.707723	0.19493	0.938675	-0.284414	-0.68378	0.337948	0.646712	-25.1085	3.54607	85.8571	
0.690983	0.0745152	0.71902	0.205737	0.933264	-0.294433	-0.692976	0.351377	0.629539	-25.7601	3.8723	86.4611	
0.678636	0.0808532	0.730011	0.216686	0.927643	-0.304179	-0.701784	0.36461	0.612013	-26.4201	4.21114	87.0486	
