1	0	0	0	1	0	0	0	1	0	0	0	
0.999995	-7.2455e-06	-0.00324039	-7.2455e-06	0.99999	-0.00447196	0.00324039	0.00447196	0.999985	0.00157356	0.00217162	0.971207	
0.999979	-2.89766e-05	-0.00647974	-2.8983e-05	0.99996	-0.00894446	0.00647974	0.00894446	0.999939	0.00629372	0.00868673	1.94238	
0.999953	-6.51863e-05	-0.00971795	-6.5212e-05	0.99991	-0.0134174	0.00971795	0.0134174	0.999863	0.0141594	0.0195458	2.9135	
0.999916	-0.000115867	-0.0129549	-0.000115932	0.99984	-0.0178906	0.0129549	0.0178906	0.999756	0.0251695	0.0347492	3.88453	
0.999869	-0.000181012	-0.0161906	-0.000181141	0.99975	-0.0223639	0.0161906	0.0223639	0.999619	0.0393228	0.054297	4.85544	
0.999811	-0.000260612	-0.0194248	-0.000260837	0.99964	-0.0268372	0.0194248	0.0268372	0.999451	0.0566179	0.0781894	5.82621	
0.999743	-0.000354659	-0.0226574	-0.000355018	0.99951	-0.0313104	0.0226574	0.0313104	0.999253	0.0770533	0.106426	6.79679	
0.999665	-0.000463144	-0.0258885	-0.000463683	0.999359	-0.0357833	0.0258885	0.0357833	0.999024	0.100627	0.139007	7.76717	
0.999576	-0.000586056	-0.0291178	-0.000586826	0.999189	-0.0402558	0.0291178	0.0402558	0.998765	0.127339	0.175933	8.73731	
0.999476	-0.000723387	-0.0323452	-0.000724446	0.998999	-0.0447277	0.0323452	0.0447277	0.998475	0.157186	0.217201	9.70719	
0.999367	-0.000875125	-0.0355708	-0.000876537	0.998789	-0.049199	0.0355708	0.049199	0.998155	0.190166	0.262813	10.6768	
0.999247	-0.00104126	-0.0387943	-0.0010431	0.998558	-0.0536694	0.0387943	0.0536694	0.997805	0.226278	0.312766	11.646	
0.999116	-0.00122178	-0.0420157	-0.00122412	0.998308	-0.0581389	0.0420157	0.0581389	0.997424	0.26552	0.367061	12.6149	
0.998975	-0.00141668	-0.0452349	-0.00141959	0.998037	-0.0626073	0.0452348	0.0626073	0.997013	0.30789	0.425697	13.5834	
0.998824	-0.00162593	-0.0484518	-0.00162952	0.997747	-0.0670744	0.0484517	0.0670745	0.996571	0.353385	0.488671	14.5515	
0.998663	-0.00184954	-0.0516663	-0.0018539	0.997436	-0.0715402	0.0516661	0.0715403	0.996099	0.402003	0.555983	15.5192	
0.998491	-0.00208748	-0.0548782	-0.00209271	0.997105	-0.0760044	0.054878	0.0760046	0.995596	0.453741	0.627632	16.4864	
0.998309	-0.00233974	-0.0580875	-0.00234595	0.996755	-0.0804671	0.0580873	0.0804672	0.995063	0.508598	0.703616	17.453	
0.998116	-0.00260631	-0.0612942	-0.00261362	0.996384	-0.0849279	0.0612939	0.0849281	0.9945	0.56657	0.783933	18.4192	
0.997914	-0.00288718	-0.064498	-0.0028957	0.995993	-0.0893868	0.0644976	0.0893871	0.993906	0.627656	0.868582	19.3848	
0.997701	-0.00318233	-0.0676989	-0.00319219	0.995582	-0.0938437	0.0676985	0.093844	0.993283	0.691851	0.95756	20.3498	
0.997478	-0.00349173	-0.0708969	-0.00350308	0.995151	-0.0982983	0.0708963	0.0982987	0.992628	0.759154	1.05087	21.3141	
0.997244	-0.00381539	-0.0740917	-0.00382835	0.9947	-0.102751	0.074091	0.102751	0.991944	0.82956	1.1485	22.2779	
0.997001	-0.00415328	-0.0772833	-0.004168	0.994229	-0.107201	0.0772825	0.107201	0.991229	0.903069	1.25045	23.2409	
0.996747	-0.00450539	-0.0804717	-0.00452203	0.993738	-0.111648	0.0804708	0.111648	0.990484	0.979675	1.35673	24.2032	
0.996483	-0.00487169	-0.0836567	-0.00489041	0.993226	-0.116092	0.0836556	0.116093	0.989709	1.05938	1.46732	25.1648	
0.996209	-0.00525218	-0.0868382	-0.00527313	0.992695	-0.120534	0.0868369	0.120535	0.988904	1.14217	1.58223	26.1257	
0.995924	-0.00564683	-0.0900161	-0.00567019	0.992144	-0.124973	0.0900147	0.124974	0.988068	1.22805	1.70145	27.0857	
0.99563	-0.00605562	-0.0931904	-0.00608158	0.991573	-0.129408	0.0931887	0.129409	0.987203	1.31701	1.82498	28.0449	
0.995325	-0.00647854	-0.0963609	-0.00650727	0.990982	-0.13384	0.096359	0.133842	0.986307	1.40906	1.95282	29.0033	
0.995011	-0.00691557	-0.0995276	-0.00694726	0.99037	-0.138269	0.0995254	0.138271	0.985381	1.50418	2.08496	29.9607	
0.994686	-0.00736669	-0.10269	-0.00740154	0.989739	-0.142694	0.102688	0.142696	0.984425	1.60238	2.22139	30.9173	
0.994351	-0.00783187	-0.105849	-0.00787008	0.989088	-0.147116	0.105846	0.147118	0.983439	1.70364	2.36213	31.8729	
0.994007	-0.0083111	-0.109003	-0.00835289	0.988417	-0.151533	0.109	0.151536	0.982423	1.80797	2.50716	32.8275	
0.993652	-0.00880436	-0.112154	-0.00884993	0.987726	-0.155947	0.11215	0.15595	0.981378	1.91537	2.65648	33.7812	
0.993287	-0.00931162	-0.1153	-0.0093612	0.987015	-0.160357	0.115296	0.16036	0.980302	2.02582	2.81008	34.7338	
0.992912	-0.00983287	-0.118441	-0.00988667	0.986284	-0.164762	0.118437	0.164765	0.979196	2.13932	2.96796	35.6853	
0.992528	-0.0103681	-0.121578	-0.0104263	0.985533	-0.169163	0.121573	0.169167	0.978061	2.25587	3.13012	36.6358	
0.992133	-0.0109172	-0.12471	-0.0109802	0.984762	-0.17356	0.124705	0.173563	0.976895	2.37546	3.29655	37.5851	
0.991729	-0.0114803	-0.127838	-0.0115482	0.983972	-0.177951	0.127832	0.177956	0.9757	2.4981	3.46725	38.5333	
0.991314	-0.0120572	-0.130961	-0.0121304	0.983161	-0.182338	0.130954	0.182343	0.974475	2.62377	3.64222	39.4803	
0.99089	-0.0126481	-0.134079	-0.0127266	0.982331	-0.18672	0.134072	0.186726	0.973221	2.75246	3.82144	40.4261	
0.990456	-0.0132527	-0.137192	-0.013337	0.98148	-0.191098	0.137184	0.191103	0.971936	2.88419	4.00492	41.3707	
0.990012	-0.0138712	-0.1403	-0.0139615	0.98061	-0.195469	0.140291	0.195476	0.970622	3.01893	4.19264	42.314	
0.989558	-0.0145035	-0.143403	-0.0146	0.979721	-0.199836	0.143393	0.199843	0.969279	3.15669	4.38461	43.2561	
0.989095	-0.0151496	-0.1465	-0.0152526	0.978811	-0.204197	0.146489	0.204205	0.967906	3.29746	4.58082	44.1968	
0.988621	-0.0158094	-0.149592	-0.0159193	0.977882	-0.208552	0.149581	0.208561	0.966503	3.44123	4.78126	45.1361	
0.988138	-0.0164829	-0.152679	-0.0165999	0.976933	-0.212902	0.152666	0.212911	0.965071	3.58801	4.98593	46.0741	
0.987646	-0.0171701	-0.15576	-0.0172945	0.975964	-0.217246	0.155746	0.217256	0.963609	3.73777	5.19482	47.0107	
0.987143	-0.017871	-0.158836	-0.0180031	0.974975	-0.221584	0.158821	0.221595	0.962118	3.89053	5.40793	47.9459	
0.986631	-0.0185855	-0.161905	-0.0187256	0.973967	-0.225916	0.161889	0.225927	0.960598	4.04627	5.62525	48.8795	
0.98611	-0.0193136	-0.164969	-0.0194621	0.972939	-0.230241	0.164952	0.230254	0.959049	4.20499	5.84678	49.8117	
0.985578	-0.0200553	-0.168027	-0.0202125	0.971891	-0.23456	0.168009	0.234574	0.95747	4.36667	6.0725	50.7424	
0.985037	-0.0208106	-0.17108	-0.0209767	0.970824	-0.238873	0.171059	0.238887	0.955862	4.53133	6.30242	51.6715	
0.984487	-0.0215793	-0.174126	-0.0217548	0.969738	-0.243178	0.174104	0.243194	0.954225	4.69894	6.53652	52.5991	
0.983927	-0.0223616	-0.177165	-0.0225467	0.968631	-0.247477	0.177142	0.247494	0.952558	4.86951	6.7748	53.525	
0.983358	-0.0231573	-0.180199	-0.0233524	0.967505	-0.25177	0.180174	0.251788	0.950863	5.04302	7.01726	54.4494	
0.982779	-0.0239665	-0.183226	-0.0241719	0.96636	-0.256055	0.183199	0.256074	0.949139	5.21948	7.26388	55.372	
0.98219	-0.024789	-0.186247	-0.0250052	0.965195	-0.260332	0.186218	0.260353	0.947385	5.39887	7.51466	56.293	
0.981592	-0.025625	-0.189261	-0.0258522	0.964011	-0.264603	0.18923	0.264625	0.945603	5.58119	7.76959	57.2122	
0.980985	-0.0264743	-0.192269	-0.0267129	0.962807	-0.268866	0.192236	0.268889	0.943792	5.76643	8.02867	58.1297	
0.980369	-0.0273368	-0.19527	-0.0275872	0.961584	-0.273121	0.195235	0.273146	0.941952	5.95459	8.29189	59.0455	
0.980157	-0.0276354	-0.196285	-0.029035	0.959537	-0.280083	0.196083	0.280225	0.939694	6.14462	8.56061	59.9592	
0.979944	-0.0279428	-0.197302	-0.0304899	0.957436	-0.287032	0.196924	0.287291	0.937382	6.33547	8.8362	60.8707	
0.97973	-0.028259	-0.19832	-0.0319516	0.955282	-0.293966	0.197758	0.294344	0.935015	6.52713	9.11864	61.78	
0.979514	-0.0285838	-0.199338	-0.0334201	0.953074	-0.300886	0.198584	0.301384	0.932594	6.7196	9.40794	62.6869	
0.979296	-0.0289171	-0.200356	-0.0348952	0.950814	-0.30779	0.199402	0.308409	0.93012	6.91286	9.70406	63.5915	
0.979077	-0.029259	-0.201374	-0.0363768	0.948501	-0.314677	0.200211	0.315419	0.927592	7.10692	10.007	64.4936	
0.978857	-0.0296094	-0.202392	-0.0378647	0.946136	-0.321547	0.201011	0.322412	0.925011	7.30175	10.3167	65.3932	
0.978635	-0.029968	-0.203408	-0.0393587	0.943719	-0.328399	0.201802	0.329389	0.922377	7.49736	10.6332	66.2903	
0.978412	-0.0303348	-0.204423	-0.0408588	0.941249	-0.335233	0.202582	0.336348	0.91969	7.69373	10.9565	67.1848	
0.978189	-0.0307098	-0.205437	-0.0423646	0.938728	-0.342046	0.203353	0.343289	0.916952	7.89086	11.2866	68.0767	
0.977964	-0.0310927	-0.206448	-0.0438762	0.936155	-0.348839	0.204113	0.35021	0.914161	8.08873	11.6233	68.9659	
0.977738	-0.0314834	-0.207456	-0.0453933	0.933531	-0.35561	0.204863	0.357111	0.911319	8.28733	11.9668	69.8524	
0.980526	-0.0263083	-0.194618	-0.0492943	0.926292	-0.373569	0.190101	0.375888	0.906956	8.47914	12.3228	70.7354	
0.983105	-0.0208695	-0.181846	-0.0529025	0.918683	-0.391436	0.175228	0.394443	0.902059	8.65655	12.6969	71.6139	
0.985474	-0.0151703	-0.169147	-0.056216	0.910711	-0.409201	0.160252	0.412766	0.896629	8.81947	13.0889	72.4874	
0.987631	-0.00921417	-0.156528	-0.0592327	0.902379	-0.426854	0.145181	0.430846	0.890671	8.9678	13.4986	73.3554	
0.989574	-0.00300452	-0.143997	-0.0619508	0.893692	-0.444384	0.130024	0.448671	0.884188	9.10145	13.9257	74.2173	
0.991302	0.00345498	-0.131561	-0.0643688	0.884656	-0.461781	0.114791	0.466232	0.877183	9.22034	14.37	75.0727	
0.992815	0.0101605	-0.119228	-0.0664852	0.875275	-0.479034	0.09949	0.483519	0.869662	9.3244	14.8312	75.921	
0.994111	0.0171081	-0.107005	-0.0682987	0.865556	-0.496133	0.0841305	0.50052	0.861628	9.41357	15.3091	76.7618	
0.995191	0.0242937	-0.0948981	-0.0698084	0.855504	-0.513069	0.0687214	0.517226	0.853085	9.4878	15.8034	77.5945	
0.996052	0.0317131	-0.0829159	-0.0710133	0.845125	-0.529831	0.0532718	0.533627	0.84404	9.54704	16.3137	78.4187	
0.996695	0.0393618	-0.0710649	-0.0719127	0.834425	-0.546409	0.0377907	0.549714	0.834498	9.59126	16.8398	79.2338	
0.997119	0.0472354	-0.0593522	-0.0725061	0.823411	-0.562795	0.0222874	0.565476	0.824463	9.62044	17.3813	80.0395	
0.997324	0.0553292	-0.0477845	-0.0727931	0.812088	-0.578977	0.00677093	0.580906	0.813943	9.63455	17.9381	80.8351	
0.99731	0.0636384	-0.0363688	-0.0727735	0.800464	-0.594946	-0.00874952	0.595992	0.802942	9.63359	18.5096	81.6203	
0.997077	0.0721583	-0.0251118	-0.0724475	0.788546	-0.610694	-0.0242648	0.610728	0.791469	9.61756	19.0956	82.3946	
0.996625	0.0808836	-0.0140201	-0.071815	0.77634	-0.62621	-0.0397658	0.625103	0.779528	9.58646	19.6958	83.1575	
0.995954	0.0898093	-0.00310019	-0.0708767	0.763854	-0.641486	-0.0552433	0.63911	0.767129	9.54032	20.3097	83.9086	
0.995065	0.0989302	0.0076414	-0.0696329	0.751094	-0.656512	-0.0706883	0.652741	0.754276	9.47917	20.9371	84.6475	
0.993958	0.108241	0.0181984	-0.0680844	0.73807	-0.671281	-0.0860916	0.665986	0.74098	9.40303	21.5775	85.3736	
0.992634	0.117736	0.0285645	-0.0662322	0.724787	-0.685782	-0.101444	0.678839	0.727246	9.31196	22.2306	86.0866	
0.991094	0.127409	0.0387337	-0.0640772	0.711255	-0.700008	-0.116737	0.691291	0.713084	9.206	22.896	86.7861	
0.989338	0.137256	0.0486999	-0.0616209	0.69748	-0.71395	-0.131961	0.703336	0.698501	9.08523	23.5732	87.4716	
0.987367	0.147269	0.0584573	-0.0588646	0.683472	-0.727599	-0.147107	0.714967	0.683507	8.9497	24.262	88.1428	
0.985184	0.157444	0.0680001	-0.05581	0.669238	-0.740949	-0.162166	0.726176	0.66811	8.79951	24.9619	88.7991	
0.982788	0.167774	0.0773227	-0.0524589	0.654787	-0.75399	-0.17713	0.736957	0.652319	8.63474	25.6724	89.4404	
