1	0	0	0	1	0	0	0	1	0	0	0	
1	-2.68972e-09	0.000396522	-2.68972e-09	1	1.35666e-05	-0.000396522	-1.35666e-05	1	-0.0001519	-5.19709e-06	0.766162	
1	-1.07242e-08	0.000791546	-1.0736e-08	1	2.71117e-05	-0.000791546	-2.71117e-05	1	-0.000607026	-2.07801e-05	1.53232	
0.999999	-2.40538e-08	0.00118506	-2.41008e-08	1	4.06347e-05	-0.00118506	-4.06347e-05	0.999999	-0.00136423	-4.67325e-05	2.29848	
0.999999	-4.26284e-08	0.00157706	-4.27456e-08	1	5.4135e-05	-0.00157706	-5.4135e-05	0.999999	-0.00242234	-8.30369e-05	3.06465	
0.999998	-6.63973e-08	0.00196752	-6.66307e-08	1	6.76119e-05	-0.00196752	-6.76119e-05	0.999998	-0.0037802	-0.000129676	3.83081	
0.999997	-9.53091e-08	0.00235644	-9.57159e-08	1	8.1065e-05	-0.00235644	-8.1065e-05	0.999997	-0.00543663	-0.000186631	4.59697	
0.999996	-1.29312e-07	0.00274381	-1.2996e-07	1	9.44934e-05	-0.00274381	-9.44934e-05	0.999996	-0.00739043	-0.000253884	5.36312	
0.999995	-1.68353e-07	0.00312961	-1.69322e-07	1	0.000107897	-0.00312961	-0.000107897	0.999995	-0.00964043	-0.000331416	6.12928	
0.999994	-2.1238e-07	0.00351383	-2.13758e-07	1	0.000121274	-0.00351383	-0.000121274	0.999994	-0.0121854	-0.000419207	6.89544	
0.999992	-2.61339e-07	0.00389647	-2.63226e-07	1	0.000134625	-0.00389647	-0.000134625	0.999992	-0.0150241	-0.000517237	7.6616	
0.999991	-3.15175e-07	0.00427751	-3.17682e-07	1	0.000147949	-0.00427751	-0.000147949	0.999991	-0.0181554	-0.000625486	8.42775	
0.999989	-3.73834e-07	0.00465694	-3.7708e-07	1	0.000161245	-0.00465694	-0.000161245	0.999989	-0.0215781	-0.000743932	9.19391	
0.999987	-4.37261e-07	0.00503475	-4.41375e-07	1	0.000174513	-0.00503475	-0.000174513	0.999987	-0.0252908	-0.000872555	9.96006	
0.999985	-5.054e-07	0.00541092	-5.10521e-07	1	0.000187752	-0.00541092	-0.000187752	0.999985	-0.0292923	-0.00101133	10.7262	
0.999983	-5.78195e-07	0.00578546	-5.84471e-07	1	0.000200962	-0.00578546	-0.000200962	0.999983	-0.0335814	-0.00116024	11.4924	
0.999981	-6.55589e-07	0.00615834	-6.63178e-07	1	0.000214141	-0.00615834	-0.000214141	0.999981	-0.0381568	-0.00131926	12.2585	
0.999979	-7.37524e-07	0.00652956	-7.46592e-07	1	0.00022729	-0.00652956	-0.00022729	0.999979	-0.0430173	-0.00148836	13.0247	
0.999976	-8.23943e-07	0.0068991	-8.34666e-07	1	0.000240406	-0.0068991	-0.000240407	0.999976	-0.0481616	-0.00166753	13.7908	
0.999974	-9.14788e-07	0.00726696	-9.27349e-07	1	0.000253491	-0.00726696	-0.000253491	0.999974	-0.0535884	-0.00185673	14.5569	
0.999971	-1.01e-06	0.00763313	-1.02459e-06	1	0.000266544	-0.00763313	-0.000266544	0.999971	-0.0592963	-0.00205595	15.3231	
0.999968	-1.10952e-06	0.00799758	-1.12634e-06	1	0.000279562	-0.00799758	-0.000279562	0.999968	-0.0652841	-0.00226515	16.0892	
0.999965	-1.21329e-06	0.00836032	-1.23255e-06	1	0.000292547	-0.00836032	-0.000292547	0.999965	-0.0715505	-0.00248431	16.8554	
0.999962	-1.32124e-06	0.00872134	-1.34316e-06	1	0.000305497	-0.00872134	-0.000305497	0.999962	-0.0780942	-0.00271341	17.6215	
0.999959	-1.43332e-06	0.00908061	-1.45812e-06	1	0.000318412	-0.00908061	-0.000318412	0.999959	-0.0849138	-0.00295242	18.3876	
0.999955	-1.54947e-06	0.00943814	-1.57737e-06	1	0.000331291	-0.00943814	-0.000331291	0.999955	-0.0920079	-0.00320131	19.1537	
0.999952	-1.66962e-06	0.00979391	-1.70087e-06	1	0.000344134	-0.00979391	-0.000344134	0.999952	-0.0993754	-0.00346005	19.9199	
0.999949	-1.79372e-06	0.0101479	-1.82856e-06	1	0.000356939	-0.0101479	-0.000356939	0.999948	-0.107015	-0.00372862	20.686	
0.999945	-1.9217e-06	0.0105001	-1.96038e-06	1	0.000369707	-0.0105001	-0.000369707	0.999945	-0.114925	-0.00400698	21.4521	
0.999941	-2.05349e-06	0.0108506	-2.09628e-06	1	0.000382436	-0.0108506	-0.000382436	0.999941	-0.123104	-0.00429512	22.2182	
0.999937	-2.18904e-06	0.0111992	-2.23619e-06	1	0.000395126	-0.0111992	-0.000395126	0.999937	-0.13155	-0.00459299	22.9844	
0.999933	-2.32829e-06	0.011546	-2.38007e-06	1	0.000407776	-0.011546	-0.000407777	0.999933	-0.140264	-0.00490056	23.7505	
0.999929	-2.47116e-06	0.011891	-2.52785e-06	1	0.000420386	-0.011891	-0.000420387	0.999929	-0.149242	-0.00521782	24.5166	
0.999925	-2.61759e-06	0.0122342	-2.67947e-06	1	0.000432955	-0.0122342	-0.000432956	0.999925	-0.158484	-0.00554471	25.2827	
0.999921	-2.76753e-06	0.0125755	-2.83489e-06	1	0.000445483	-0.0125755	-0.000445483	0.999921	-0.167988	-0.00588123	26.0488	
0.999917	-2.92089e-06	0.012915	-2.99403e-06	1	0.000457968	-0.012915	-0.000457968	0.999916	-0.177753	-0.00622732	26.8149	
0.999912	-3.07763e-06	0.0132527	-3.15683e-06	1	0.00047041	-0.0132527	-0.000470411	0.999912	-0.187777	-0.00658297	27.581	
0.999908	-3.23768e-06	0.0135884	-3.32325e-06	1	0.000482809	-0.0135884	-0.00048281	0.999908	-0.19806	-0.00694813	28.3471	
0.999903	-3.40096e-06	0.0139223	-3.4932e-06	1	0.000495163	-0.0139223	-0.000495164	0.999903	-0.208598	-0.00732277	29.1132	
0.999898	-3.56741e-06	0.0142543	-3.66664e-06	1	0.000507473	-0.0142543	-0.000507474	0.999898	-0.219392	-0.00770686	29.8792	
0.999894	-3.73697e-06	0.0145844	-3.84351e-06	1	0.000519737	-0.0145844	-0.000519738	0.999894	-0.23044	-0.00810037	30.6453	
0.999889	-3.90957e-06	0.0149126	-4.02373e-06	1	0.000531956	-0.0149126	-0.000531956	0.999889	-0.24174	-0.00850325	31.4114	
0.999884	-4.08514e-06	0.0152389	-4.20724e-06	1	0.000544127	-0.0152389	-0.000544128	0.999884	-0.25329	-0.00891548	32.1775	
0.999879	-4.26362e-06	0.0155632	-4.39399e-06	1	0.000556251	-0.0155632	-0.000556252	0.999879	-0.26509	-0.00933701	32.9435	
0.999874	-4.44493e-06	0.0158857	-4.5839e-06	1	0.000568327	-0.0158857	-0.000568328	0.999874	-0.277137	-0.00976782	33.7096	
0.999869	-4.62902e-06	0.0162061	-4.77691e-06	1	0.000580355	-0.0162061	-0.000580356	0.999869	-0.289431	-0.0102079	34.4757	
0.999863	-4.81581e-06	0.0165247	-4.97297e-06	1	0.000592333	-0.0165247	-0.000592334	0.999863	-0.30197	-0.0106571	35.2417	
0.999858	-5.00523e-06	0.0168412	-5.17199e-06	1	0.000604261	-0.0168412	-0.000604262	0.999858	-0.314751	-0.0111155	36.0078	
0.999853	-5.19722e-06	0.0171558	-5.37392e-06	1	0.000616138	-0.0171558	-0.00061614	0.999853	-0.327775	-0.011583	36.7738	
0.999847	-5.39171e-06	0.0174684	-5.57869e-06	1	0.000627965	-0.0174684	-0.000627966	0.999847	-0.341039	-0.0120596	37.5399	
0.999842	-5.58863e-06	0.017779	-5.78624e-06	1	0.000639739	-0.017779	-0.000639741	0.999842	-0.354542	-0.0125452	38.3059	
0.999836	-5.7879e-06	0.0180877	-5.99648e-06	1	0.000651461	-0.0180877	-0.000651463	0.999836	-0.368281	-0.0130399	39.072	
0.999831	-5.98947e-06	0.0183943	-6.20937e-06	1	0.00066313	-0.0183943	-0.000663132	0.999831	-0.382257	-0.0135435	39.838	
0.999825	-6.19326e-06	0.0186989	-6.42483e-06	1	0.000674745	-0.0186989	-0.000674748	0.999825	-0.396467	-0.014056	40.604	
0.99986	-3.21984e-06	0.016759	-3.68405e-05	0.999997	0.00239007	-0.0167589	-0.00239035	0.999857	-0.41005	-0.0152302	41.3701	
0.99989	3.08775e-06	0.0148174	-6.39318e-05	0.999992	0.00410577	-0.0148173	-0.00410627	0.999882	-0.422146	-0.0177189	42.1361	
0.999917	1.27354e-05	0.0128743	-8.76942e-05	0.999983	0.00582183	-0.012874	-0.00582247	0.9999	-0.432754	-0.0215224	42.9022	
0.99994	2.57288e-05	0.0109295	-0.000108124	0.999972	0.00753822	-0.010929	-0.00753895	0.999912	-0.441873	-0.0266409	43.6683	
0.99996	4.20732e-05	0.00898332	-0.000125216	0.999957	0.00925492	-0.00898254	-0.00925567	0.999917	-0.4495	-0.0330746	44.4344	
0.999975	6.17738e-05	0.00703565	-0.000138968	0.99994	0.0109719	-0.00703455	-0.0109726	0.999915	-0.455636	-0.0408237	45.2005	
0.999987	8.48354e-05	0.0050866	-0.000149375	0.999919	0.0126892	-0.00508512	-0.0126898	0.999907	-0.460279	-0.0498883	45.9666	
0.999995	0.000111263	0.00313624	-0.000156435	0.999896	0.0144067	-0.00313431	-0.0144071	0.999891	-0.463428	-0.0602686	46.7327	
0.999999	0.000141059	0.00118461	-0.000160142	0.99987	0.0161244	-0.00118218	-0.0161246	0.999869	-0.465081	-0.0719647	47.4987	
1	0.00017423	-0.000768221	-0.000160495	0.999841	0.0178424	0.000771207	-0.0178423	0.999841	-0.465239	-0.0849768	48.2648	
0.999996	0.000210778	-0.00272219	-0.000157491	0.999809	0.0195605	0.00272579	-0.01956	0.999805	-0.463899	-0.0993049	49.0308	
0.999989	0.000250707	-0.00467725	-0.000151125	0.999774	0.0212789	0.00468152	-0.0212779	0.999763	-0.461061	-0.114949	49.7968	
0.999978	0.00029402	-0.00663332	-0.000141396	0.999736	0.0229973	0.00663833	-0.0229959	0.999714	-0.456725	-0.13191	50.5628	
0.999963	0.000340719	-0.00859036	-0.000128301	0.999695	0.0247159	0.00859616	-0.0247139	0.999658	-0.450889	-0.150186	51.3287	
0.999944	0.000390808	-0.0105483	-0.000111837	0.999651	0.0264346	0.0105549	-0.026432	0.999595	-0.443553	-0.169779	52.0946	
0.999922	0.000444289	-0.0125071	-9.20026e-05	0.999604	0.0281534	0.0125146	-0.0281501	0.999525	-0.434715	-0.190689	52.8604	
0.999895	0.000501163	-0.0144666	-6.87947e-05	0.999554	0.0298723	0.0144752	-0.0298682	0.999449	-0.424376	-0.212914	53.6262	
0.999865	0.000561433	-0.0164269	-4.22116e-05	0.999501	0.0315912	0.0164365	-0.0315863	0.999366	-0.412534	-0.236456	54.3919	
0.999831	0.0006251	-0.0183879	-1.22514e-05	0.999445	0.0333102	0.0183985	-0.0333043	0.999276	-0.399189	-0.261315	55.1575	
0.999793	0.000692164	-0.0203494	2.10876e-05	0.999386	0.0350292	0.0203612	-0.0350223	0.999179	-0.384341	-0.287489	55.9231	
0.999751	0.000762628	-0.0223115	5.78071e-05	0.999325	0.0367481	0.0223244	-0.0367403	0.999075	-0.367989	-0.31498	56.6886	
0.999705	0.000836491	-0.024274	9.79084e-05	0.99926	0.0384671	0.0242883	-0.0384581	0.998965	-0.350133	-0.343787	57.454	
0.999655	0.000913753	-0.026237	0.000141393	0.999192	0.0401859	0.0262525	-0.0401758	0.998848	-0.330772	-0.373911	58.2193	
0.999602	0.000994416	-0.0282004	0.000188261	0.999122	0.0419048	0.0282173	-0.0418934	0.998724	-0.309905	-0.40535	58.9846	
0.999544	0.00107848	-0.030164	0.000238515	0.999048	0.0436235	0.0301823	-0.0436108	0.998593	-0.287534	-0.438105	59.7497	
0.999483	0.00116594	-0.0321278	0.000292155	0.998971	0.0453421	0.0321477	-0.0453281	0.998455	-0.263656	-0.472175	60.5147	
0.999418	0.0012568	-0.0340919	0.000349182	0.998892	0.0470606	0.0341133	-0.0470451	0.99831	-0.238273	-0.507562	61.2796	
0.999349	0.00135105	-0.036056	0.000409597	0.99881	0.048779	0.036079	-0.048762	0.998159	-0.211384	-0.544264	62.0444	
0.999276	0.00144871	-0.0380202	0.000473398	0.998724	0.0504971	0.0380449	-0.0504786	0.998	-0.182988	-0.582281	62.8091	
0.999199	0.00154975	-0.0399844	0.000540588	0.998636	0.0522151	0.0400108	-0.0521949	0.997835	-0.153086	-0.621613	63.5737	
0.999118	0.00165419	-0.0419486	0.000611166	0.998544	0.0539329	0.0419767	-0.053911	0.997663	-0.121679	-0.66226	64.3381	
0.999034	0.00176202	-0.0439126	0.000685132	0.99845	0.0556505	0.0439426	-0.0556268	0.997484	-0.0887645	-0.704222	65.1024	
0.998945	0.00187323	-0.0458764	0.000762486	0.998353	0.0573679	0.0459083	-0.0573423	0.997298	-0.0543444	-0.747499	65.8666	
0.998853	0.00198783	-0.0478399	0.000843227	0.998253	0.0590849	0.0478738	-0.0590575	0.997106	-0.0184182	-0.792089	66.6306	
0.998757	0.00210581	-0.0498032	0.000927355	0.998149	0.0608017	0.049839	-0.0607723	0.996907	0.0190137	-0.837994	67.3945	
0.998657	0.00222717	-0.0517661	0.00101487	0.998043	0.0625182	0.051804	-0.0624868	0.9967	0.0579512	-0.885212	68.1582	
0.998553	0.00235191	-0.0537285	0.00110577	0.997934	0.0642344	0.0537686	-0.0642008	0.996487	0.0983941	-0.933744	68.9218	
0.998445	0.00248001	-0.0556904	0.00120005	0.997822	0.0659502	0.0557327	-0.0659145	0.996268	0.140342	-0.983588	69.6851	
0.998333	0.00261148	-0.0576518	0.00129772	0.997707	0.0676657	0.0576964	-0.0676277	0.996041	0.183794	-1.03475	70.4484	
0.998218	0.00274631	-0.0596126	0.00139877	0.997589	0.0693808	0.0596594	-0.0693405	0.995808	0.228751	-1.08722	71.2114	
0.997195	0.00388919	-0.0747491	0.00218121	0.996715	0.0809577	0.0748184	-0.0808936	0.993911	0.280269	-1.14477	71.9737	
0.995941	0.00520762	-0.0898539	0.0031399	0.995707	0.0925104	0.0899499	-0.0924171	0.991649	0.34339	-1.21116	72.7343	
0.994458	0.00670112	-0.104922	0.00427447	0.994564	0.104035	0.105048	-0.103907	0.989024	0.418093	-1.28637	73.4931	
0.992745	0.00836914	-0.119946	0.00558451	0.993289	0.115526	0.120108	-0.115358	0.986036	0.504348	-1.37037	74.2497	
0.990803	0.0102111	-0.134923	0.00706955	0.99188	0.126981	0.135124	-0.126767	0.982686	0.602126	-1.46313	75.0039	
0.988634	0.0122262	-0.149846	0.00872903	0.990339	0.138395	0.150091	-0.13813	0.978975	0.71139	-1.56461	75.7554	
