1	0	0	0	1	0	0	0	1	0	0	0	
0.999996	-4.53663e-06	-0.00279451	-4.53663e-06	0.999995	-0.0032468	0.00279451	0.0032468	0.999991	0.00138667	0.0016111	0.992421	
0.999984	-1.81753e-05	-0.00559309	-1.81796e-05	0.999979	-0.00649985	0.00559309	0.00649985	0.999963	0.00554871	0.00644752	1.98482	
0.999965	-4.09594e-05	-0.00839559	-4.09766e-05	0.999952	-0.009759	0.00839559	0.009759	0.999917	0.0124901	0.0145154	2.97719	
0.999937	-7.29315e-05	-0.0112019	-7.29745e-05	0.999915	-0.0130241	0.0112019	0.0130241	0.999852	0.0222146	0.0258207	3.9695	
0.999902	-0.000114133	-0.0140119	-0.000114219	0.999867	-0.0162951	0.0140119	0.0162951	0.999769	0.034726	0.0403692	4.96174	
0.999858	-0.000164604	-0.0168255	-0.000164755	0.999808	-0.0195717	0.0168255	0.0195717	0.999667	0.0500279	0.0581668	5.95389	
0.999807	-0.000224384	-0.0196425	-0.000224626	0.999739	-0.022854	0.0196425	0.022854	0.999546	0.0681238	0.079219	6.94592	
0.999748	-0.000293513	-0.0224628	-0.000293876	0.999658	-0.0261416	0.0224628	0.0261416	0.999406	0.089017	0.103531	7.93783	
0.99968	-0.000372026	-0.0252864	-0.000372546	0.999567	-0.0294345	0.0252863	0.0294345	0.999247	0.112711	0.131109	8.92958	
0.999605	-0.00045996	-0.028113	-0.000460676	0.999464	-0.0327325	0.0281129	0.0327325	0.999069	0.139208	0.161957	9.92117	
0.999521	-0.000557352	-0.0309425	-0.000558308	0.99935	-0.0360356	0.0309425	0.0360356	0.998871	0.168512	0.19608	10.9126	
0.999429	-0.000664235	-0.0337749	-0.00066548	0.999226	-0.0393435	0.0337748	0.0393435	0.998655	0.200626	0.233485	11.9038	
0.999329	-0.000780643	-0.0366099	-0.000782229	0.99909	-0.0426561	0.0366099	0.0426561	0.998419	0.235552	0.274174	12.8947	
0.999221	-0.000906608	-0.0394476	-0.000908594	0.998942	-0.0459733	0.0394476	0.0459733	0.998163	0.273292	0.318153	13.8855	
0.999105	-0.00104216	-0.0422877	-0.00104461	0.998784	-0.0492949	0.0422876	0.0492949	0.997889	0.31385	0.365426	14.8759	
0.99898	-0.00118733	-0.0451302	-0.00119031	0.998614	-0.0526208	0.0451301	0.0526209	0.997594	0.357228	0.415998	15.8661	
0.998848	-0.00134216	-0.0479748	-0.00134573	0.998433	-0.0559509	0.0479747	0.055951	0.99728	0.403428	0.469873	16.856	
0.998707	-0.00150665	-0.0508216	-0.00151091	0.99824	-0.059285	0.0508214	0.0592851	0.996947	0.452452	0.527055	17.8456	
0.998557	-0.00168086	-0.0536703	-0.00168587	0.998036	-0.062623	0.0536701	0.0626231	0.996593	0.504302	0.587547	18.8348	
0.9984	-0.00186479	-0.0565208	-0.00187065	0.99782	-0.0659647	0.0565206	0.0659649	0.99622	0.55898	0.651354	19.8237	
0.998234	-0.00205848	-0.0593731	-0.00206527	0.997593	-0.06931	0.0593729	0.0693102	0.995827	0.616488	0.718479	20.8121	
0.998059	-0.00226196	-0.062227	-0.00226977	0.997354	-0.0726588	0.0622267	0.0726591	0.995414	0.676827	0.788926	21.8002	
0.997877	-0.00247523	-0.0650823	-0.00248418	0.997104	-0.0760109	0.065082	0.0760112	0.994981	0.739999	0.862698	22.7879	
0.997686	-0.00269834	-0.067939	-0.00270851	0.996842	-0.0793662	0.0679386	0.0793665	0.994528	0.806006	0.939799	23.7751	
0.997486	-0.00293129	-0.070797	-0.00294281	0.996568	-0.0827245	0.0707965	0.0827249	0.994055	0.874848	1.02023	24.7619	
0.997279	-0.00317412	-0.0736561	-0.00318709	0.996283	-0.0860857	0.0736555	0.0860862	0.993561	0.946527	1.104	25.7481	
0.997062	-0.00342683	-0.0765161	-0.00344137	0.995985	-0.0894496	0.0765155	0.0894502	0.993048	1.02104	1.1911	26.7339	
0.996838	-0.00368945	-0.079377	-0.00370569	0.995676	-0.0928162	0.0793763	0.0928168	0.992514	1.0984	1.28154	27.7192	
0.996605	-0.003962	-0.0822387	-0.00398006	0.995355	-0.0961852	0.0822378	0.096186	0.99196	1.17859	1.37533	28.7039	
0.996363	-0.00424449	-0.085101	-0.00426451	0.995023	-0.0995566	0.0851	0.0995575	0.991386	1.26163	1.47246	29.6881	
0.996113	-0.00453694	-0.0879638	-0.00455905	0.994678	-0.10293	0.0879627	0.102931	0.990791	1.34751	1.57294	30.6716	
0.995855	-0.00483937	-0.090827	-0.00486371	0.994322	-0.106306	0.0908257	0.106307	0.990177	1.43622	1.67676	31.6546	
0.995588	-0.00515178	-0.0936905	-0.00517851	0.993953	-0.109683	0.093689	0.109685	0.989541	1.52778	1.78394	32.637	
0.995313	-0.00547419	-0.0965541	-0.00550346	0.993573	-0.113063	0.0965525	0.113064	0.988885	1.62218	1.89447	33.6187	
0.995029	-0.00580661	-0.0994178	-0.00583857	0.99318	-0.116444	0.0994159	0.116445	0.988209	1.71942	2.00836	34.5998	
0.994737	-0.00614906	-0.102281	-0.00618387	0.992776	-0.119826	0.102279	0.119828	0.987512	1.81951	2.1256	35.5801	
0.994436	-0.00650154	-0.105145	-0.00653938	0.992359	-0.12321	0.105142	0.123212	0.986795	1.92243	2.2462	36.5598	
0.994126	-0.00686407	-0.108008	-0.00690509	0.99193	-0.126595	0.108005	0.126597	0.986057	2.0282	2.37016	37.5388	
0.993809	-0.00723665	-0.11087	-0.00728103	0.99149	-0.129981	0.110867	0.129983	0.985298	2.13681	2.49748	38.517	
0.993482	-0.00761928	-0.113732	-0.00766722	0.991037	-0.133368	0.113729	0.133371	0.984519	2.24825	2.62816	39.4944	
0.993147	-0.00801198	-0.116594	-0.00806365	0.990572	-0.136756	0.11659	0.136759	0.983719	2.36254	2.7622	40.4711	
0.992804	-0.00841475	-0.119454	-0.00847034	0.990095	-0.140144	0.11945	0.140147	0.982899	2.47967	2.8996	41.447	
0.992452	-0.0088276	-0.122314	-0.0088873	0.989606	-0.143533	0.122309	0.143537	0.982058	2.59963	3.04037	42.422	
0.992092	-0.00925053	-0.125172	-0.00931454	0.989104	-0.146922	0.125168	0.146926	0.981196	2.72243	3.1845	43.3962	
0.991723	-0.00968354	-0.12803	-0.00975207	0.988591	-0.150312	0.128025	0.150316	0.980314	2.84807	3.332	44.3695	
0.991346	-0.0101266	-0.130886	-0.0101999	0.988065	-0.153702	0.13088	0.153706	0.97941	2.97654	3.48286	45.342	
0.99096	-0.0105798	-0.133741	-0.010658	0.987527	-0.157091	0.133735	0.157096	0.978486	3.10785	3.63708	46.3135	
0.990566	-0.0110431	-0.136594	-0.0111264	0.986976	-0.160481	0.136587	0.160486	0.977542	3.24199	3.79467	47.2841	
0.990163	-0.0115164	-0.139446	-0.0116051	0.986414	-0.16387	0.139438	0.163876	0.976576	3.37895	3.95562	48.2538	
0.989751	-0.0119998	-0.142296	-0.0120942	0.985839	-0.167258	0.142288	0.167265	0.97559	3.51875	4.11994	49.2224	
0.989332	-0.0124933	-0.145144	-0.0125935	0.985252	-0.170647	0.145135	0.170654	0.974584	3.66137	4.28762	50.1902	
0.988903	-0.0129969	-0.14799	-0.0131032	0.984652	-0.174034	0.14798	0.174042	0.973556	3.80682	4.45866	51.1568	
0.988467	-0.0135106	-0.150834	-0.0136231	0.984041	-0.17742	0.150824	0.177429	0.972508	3.95509	4.63307	52.1225	
0.988022	-0.0140343	-0.153676	-0.0141534	0.983417	-0.180806	0.153665	0.180815	0.971439	4.10618	4.81083	53.0871	
0.987568	-0.014568	-0.156515	-0.014694	0.982781	-0.18419	0.156503	0.1842	0.970349	4.26009	4.99196	54.0507	
0.987106	-0.0151119	-0.159352	-0.0152449	0.982132	-0.187573	0.15934	0.187584	0.969238	4.41682	5.17644	55.0131	
0.986636	-0.0156657	-0.162187	-0.0158061	0.981472	-0.190955	0.162173	0.190966	0.968107	4.57635	5.36428	55.9744	
0.986157	-0.0162296	-0.165019	-0.0163776	0.980799	-0.194335	0.165004	0.194347	0.966955	4.7387	5.55548	56.9346	
0.98567	-0.0168036	-0.167848	-0.0169594	0.980113	-0.197713	0.167832	0.197726	0.965783	4.90386	5.75003	57.8937	
0.985174	-0.0173875	-0.170674	-0.0175515	0.979416	-0.20109	0.170658	0.201104	0.96459	5.07182	5.94794	58.8516	
0.98467	-0.0179814	-0.173498	-0.0181538	0.978706	-0.204464	0.17348	0.20448	0.963376	5.24259	6.14919	59.8083	
0.984158	-0.0185854	-0.176318	-0.0187664	0.977983	-0.207837	0.176299	0.207853	0.962141	5.41615	6.3538	60.7637	
0.983637	-0.0191993	-0.179135	-0.0193893	0.977249	-0.211207	0.179114	0.211224	0.960886	5.59252	6.56175	61.7179	
0.983213	-0.0197047	-0.181395	-0.0206706	0.975723	-0.218032	0.181287	0.218122	0.958936	5.77135	6.7748	62.6706	
0.982783	-0.0202271	-0.183653	-0.0219677	0.974147	-0.224845	0.183453	0.225009	0.956931	5.95234	6.99468	63.6213	
0.982347	-0.0207663	-0.18591	-0.0232806	0.972521	-0.231646	0.185612	0.231885	0.95487	6.13548	7.2214	64.5699	
0.981906	-0.0213223	-0.188163	-0.0246091	0.970847	-0.238434	0.187762	0.238751	0.952756	6.32075	7.45494	65.5165	
0.98146	-0.021895	-0.190414	-0.0259533	0.969123	-0.245209	0.189903	0.245604	0.950587	6.50815	7.69528	66.461	
0.981008	-0.0224844	-0.192661	-0.027313	0.96735	-0.251969	0.192036	0.252445	0.948364	6.69768	7.94242	67.4033	
0.980551	-0.0230902	-0.194904	-0.0286881	0.965528	-0.258714	0.194159	0.259274	0.946086	6.88931	8.19634	68.3433	
0.980088	-0.0237123	-0.197142	-0.0300784	0.963657	-0.265444	0.196271	0.266088	0.943756	7.08305	8.45703	69.2811	
0.979621	-0.0243507	-0.199374	-0.031484	0.961737	-0.272158	0.198373	0.272889	0.941371	7.27888	8.72448	70.2165	
0.980374	-0.0232575	-0.195771	-0.0362904	0.954759	-0.295158	0.193779	0.29647	0.935177	7.47348	9.00702	71.1477	
0.981109	-0.022074	-0.192193	-0.0409827	0.947205	-0.317999	0.189066	0.319868	0.928406	7.66346	9.31287	72.0725	
0.981826	-0.0208011	-0.188642	-0.0455581	0.93908	-0.340667	0.184236	0.343069	0.921065	7.84871	9.64184	72.9903	
0.982524	-0.0194395	-0.18512	-0.0500136	0.930388	-0.363148	0.179293	0.36606	0.913156	8.0291	9.99374	73.9005	
0.983202	-0.0179901	-0.18163	-0.0543467	0.921136	-0.385428	0.174239	0.388825	0.904686	8.20454	10.3683	74.8026	
0.983862	-0.0164537	-0.178173	-0.0585546	0.911329	-0.407494	0.169079	0.41135	0.895658	8.37491	10.7654	75.696	
0.984501	-0.0148313	-0.174752	-0.0626346	0.900972	-0.429332	0.163814	0.433623	0.886079	8.5401	11.1847	76.5802	
0.98512	-0.0131238	-0.171368	-0.0665844	0.890073	-0.450928	0.158448	0.455628	0.875955	8.70002	11.626	77.4545	
0.985718	-0.0113324	-0.168025	-0.0704015	0.878638	-0.472269	0.152985	0.477353	0.865291	8.85456	12.089	78.3186	
0.986294	-0.00945811	-0.164724	-0.0740835	0.866674	-0.493343	0.147428	0.498785	0.854095	9.00364	12.5734	79.1718	
0.98685	-0.00750212	-0.161466	-0.0776282	0.854189	-0.514136	0.14178	0.519909	0.842374	9.14716	13.0789	80.0137	
0.987383	-0.00546563	-0.158255	-0.0810333	0.841189	-0.534635	0.136044	0.540713	0.830133	9.28502	13.6052	80.8436	
0.987894	-0.00334988	-0.155091	-0.0842968	0.827684	-0.554827	0.130225	0.561185	0.817382	9.41716	14.152	81.6612	
0.988383	-0.00115618	-0.151978	-0.0874167	0.813681	-0.574701	0.124326	0.581311	0.804128	9.54347	14.719	82.4659	
0.988849	0.00111413	-0.148916	-0.0903911	0.799189	-0.594244	0.11835	0.601079	0.790378	9.6639	15.3057	83.2571	
0.989292	0.00345963	-0.145909	-0.093218	0.784217	-0.613444	0.112302	0.620477	0.776142	9.77836	15.9119	84.0345	
0.989712	0.00587889	-0.142956	-0.0958959	0.768774	-0.632289	0.106184	0.639493	0.761429	9.88678	16.5371	84.7975	
0.990107	0.00837043	-0.140061	-0.098423	0.75287	-0.650768	0.100001	0.658116	0.746246	9.98909	17.1811	85.5456	
0.990479	0.0109327	-0.137226	-0.100798	0.736515	-0.668869	0.0937562	0.676333	0.730605	10.0852	17.8433	86.2785	
0.990827	0.0135641	-0.134451	-0.103019	0.719718	-0.686581	0.0874538	0.694134	0.714513	10.1752	18.5233	86.9956	
0.991151	0.0162631	-0.131739	-0.105085	0.702489	-0.703893	0.0810976	0.711508	0.697982	10.2588	19.2209	87.6966	
0.99145	0.0190279	-0.129091	-0.106994	0.684841	-0.720795	0.0746915	0.728444	0.681021	10.3361	19.9354	88.3809	
0.991725	0.021857	-0.126509	-0.108746	0.666782	-0.737276	0.0682394	0.744932	0.663641	10.407	20.6666	89.0482	
0.991974	0.0247484	-0.123995	-0.110339	0.648325	-0.753326	0.0617453	0.760961	0.645853	10.4715	21.4139	89.698	
0.992199	0.0277005	-0.121549	-0.111773	0.629481	-0.768934	0.0552132	0.776522	0.627667	10.5296	22.1768	90.3299	
0.992398	0.0307115	-0.119175	-0.113045	0.610262	-0.784093	0.0486472	0.791604	0.609094	10.5811	22.955	90.9437	
0.992572	0.0337794	-0.116872	-0.114157	0.590678	-0.798791	0.0420511	0.8062	0.590147	10.6261	23.7479	91.5388	
