1	0	0	0	1	0	0	0	1	0	0	0	
0.999997	5.88009e-06	0.00242709	5.88009e-06	0.999988	-0.00484535	-0.00242709	0.00484535	0.999985	-0.00125584	0.00250711	1.03484	
0.999988	2.35311e-05	0.00485513	2.3533e-05	0.999953	-0.00969338	-0.00485513	0.00969338	0.999941	-0.00502385	0.0100298	2.06966	
0.999973	5.29689e-05	0.00728404	5.29765e-05	0.999894	-0.0145439	-0.00728404	0.0145439	0.999868	-0.011305	0.0225708	3.10441	
0.999953	9.42088e-05	0.0097137	9.42277e-05	0.999812	-0.0193968	-0.0097137	0.0193968	0.999765	-0.0201	0.0401326	4.13907	
0.999926	0.000147265	0.012144	0.000147303	0.999706	-0.0242517	-0.012144	0.0242517	0.999632	-0.0314098	0.0627174	5.17361	
0.999894	0.000212151	0.014575	0.000212217	0.999576	-0.0291086	-0.014575	0.0291086	0.99947	-0.0452349	0.0903274	6.20799	
0.999855	0.00028888	0.0170063	0.000288986	0.999423	-0.0339672	-0.0170063	0.0339672	0.999278	-0.0615758	0.122964	7.2422	
0.999811	0.000377464	0.0194381	0.000377623	0.999246	-0.0388274	-0.0194381	0.0388274	0.999057	-0.0804331	0.16063	8.27619	
0.999761	0.000477913	0.0218702	0.000478141	0.999045	-0.0436889	-0.0218702	0.0436889	0.998806	-0.101807	0.203326	9.30993	
0.999704	0.00059024	0.0243024	0.000590553	0.998821	-0.0485516	-0.0243024	0.0485516	0.998525	-0.125698	0.251054	10.3434	
0.999642	0.000714452	0.0267348	0.00071487	0.998572	-0.0534153	-0.0267348	0.0534153	0.998214	-0.152106	0.303814	11.3766	
0.999574	0.000850559	0.0291671	0.000851103	0.9983	-0.0582797	-0.0291671	0.0582797	0.997874	-0.181031	0.361608	12.4094	
0.9995	0.00099857	0.0315994	0.000999262	0.998004	-0.0631448	-0.0315994	0.0631448	0.997504	-0.212473	0.424436	13.4419	
0.99942	0.00115849	0.0340315	0.00115936	0.997684	-0.0680103	-0.0340315	0.0680103	0.997104	-0.246432	0.492299	14.4739	
0.999334	0.00133033	0.0364633	0.00133139	0.99734	-0.072876	-0.0364633	0.072876	0.996674	-0.282908	0.565197	15.5055	
0.999242	0.00151409	0.0388947	0.00151538	0.996972	-0.0777417	-0.0388947	0.0777418	0.996215	-0.3219	0.643131	16.5367	
0.999144	0.00170978	0.0413257	0.00171133	0.996581	-0.0826073	-0.0413256	0.0826074	0.995725	-0.363408	0.726099	17.5674	
0.99904	0.0019174	0.0437561	0.00191925	0.996165	-0.0874726	-0.043756	0.0874726	0.995205	-0.407432	0.814103	18.5976	
0.998931	0.00213696	0.0461858	0.00213913	0.995725	-0.0923373	-0.0461857	0.0923373	0.994656	-0.45397	0.907141	19.6272	
0.998815	0.00236846	0.0486148	0.00237099	0.995262	-0.0972013	-0.0486147	0.0972013	0.994077	-0.503022	1.00521	20.6562	
0.998693	0.0026119	0.051043	0.00261483	0.994774	-0.102064	-0.0510428	0.102064	0.993467	-0.554587	1.10832	21.6846	
0.998565	0.00286728	0.0534702	0.00287066	0.994263	-0.106926	-0.05347	0.106926	0.992828	-0.608665	1.21646	22.7123	
0.998432	0.00313461	0.0558964	0.00313847	0.993727	-0.111787	-0.0558961	0.111787	0.992159	-0.665254	1.32962	23.7394	
0.998292	0.00341388	0.0583214	0.00341826	0.993168	-0.116646	-0.0583212	0.116646	0.99146	-0.724353	1.44782	24.7658	
0.998146	0.00370509	0.0607453	0.00371005	0.992584	-0.121504	-0.0607449	0.121504	0.99073	-0.78596	1.57105	25.7914	
0.997995	0.00400824	0.0631678	0.00401382	0.991976	-0.12636	-0.0631674	0.12636	0.989971	-0.850076	1.6993	26.8163	
0.997837	0.00432334	0.0655889	0.00432958	0.991345	-0.131213	-0.0655885	0.131214	0.989182	-0.916697	1.83257	27.8404	
0.997674	0.00465036	0.0680085	0.00465733	0.990689	-0.136065	-0.068008	0.136065	0.988363	-0.985824	1.97087	28.8636	
0.997504	0.00498932	0.0704265	0.00499707	0.990009	-0.140914	-0.070426	0.140914	0.987514	-1.05745	2.11419	29.886	
0.997329	0.00534021	0.0728429	0.00534879	0.989305	-0.14576	-0.0728423	0.145761	0.986635	-1.13158	2.26252	30.9074	
0.997148	0.00570302	0.0752575	0.00571249	0.988578	-0.150604	-0.0752567	0.150604	0.985725	-1.20821	2.41587	31.928	
0.996961	0.00607775	0.0776702	0.00608816	0.987826	-0.155445	-0.0776694	0.155445	0.984786	-1.28734	2.57422	32.9476	
0.996767	0.00646439	0.0800809	0.00647581	0.98705	-0.160282	-0.08008	0.160283	0.983817	-1.36897	2.73759	33.9662	
0.996568	0.00686293	0.0824896	0.00687543	0.98625	-0.165117	-0.0824886	0.165117	0.982818	-1.45308	2.90596	34.9838	
0.996363	0.00727337	0.0848962	0.007287	0.985426	-0.169947	-0.084895	0.169948	0.981789	-1.53969	3.07933	36.0003	
0.996152	0.0076957	0.0873005	0.00771053	0.984578	-0.174774	-0.0872992	0.174775	0.980731	-1.62879	3.2577	37.0158	
0.995935	0.0081299	0.0897025	0.008146	0.983706	-0.179597	-0.089701	0.179598	0.979642	-1.72037	3.44106	38.0301	
0.995713	0.00857597	0.092102	0.00859341	0.982811	-0.184416	-0.0921004	0.184417	0.978523	-1.81444	3.62941	39.0433	
0.995484	0.0090339	0.0944991	0.00905276	0.981891	-0.189231	-0.0944973	0.189232	0.977375	-1.91099	3.82275	40.0554	
0.995249	0.00950367	0.0968935	0.00952402	0.980947	-0.194042	-0.0968915	0.194043	0.976196	-2.01002	4.02106	41.0662	
0.995009	0.00998528	0.0992853	0.0100072	0.979979	-0.198847	-0.0992831	0.198848	0.974988	-2.11153	4.22435	42.0758	
0.994763	0.0104787	0.101674	0.0105023	0.978988	-0.203648	-0.101672	0.203649	0.97375	-2.21551	4.43262	43.0841	
0.99451	0.0109839	0.10406	0.0110092	0.977972	-0.208444	-0.104058	0.208445	0.972483	-2.32196	4.64585	44.0911	
0.994252	0.011501	0.106444	0.011528	0.976933	-0.213235	-0.106441	0.213236	0.971185	-2.43087	4.86403	45.0968	
0.993988	0.0120298	0.108824	0.0120587	0.97587	-0.21802	-0.10882	0.218022	0.969858	-2.54226	5.08718	46.1012	
0.993718	0.0125703	0.111201	0.0126013	0.974783	-0.2228	-0.111197	0.222802	0.968501	-2.6561	5.31527	47.1041	
0.993443	0.0131227	0.113574	0.0131557	0.973672	-0.227574	-0.113571	0.227576	0.967115	-2.7724	5.54831	48.1057	
0.993161	0.0136867	0.115945	0.0137219	0.972537	-0.232342	-0.115941	0.232344	0.965699	-2.89115	5.78628	49.1058	
0.992874	0.0142625	0.118312	0.0142998	0.971379	-0.237104	-0.118307	0.237106	0.964253	-3.01236	6.02919	50.1044	
0.992581	0.0148499	0.120675	0.0148896	0.970197	-0.24186	-0.12067	0.241862	0.962778	-3.13601	6.27702	51.1015	
0.992282	0.0154491	0.123035	0.0154912	0.968991	-0.246609	-0.12303	0.246612	0.961273	-3.26211	6.52977	52.097	
0.991977	0.0160599	0.125391	0.0161045	0.967762	-0.251352	-0.125386	0.251355	0.959739	-3.39065	6.78743	53.091	
0.991667	0.0166823	0.127744	0.0167295	0.966509	-0.256088	-0.127738	0.256091	0.958176	-3.52162	7.04999	54.0834	
0.991351	0.0173163	0.130093	0.0173663	0.965232	-0.260817	-0.130086	0.26082	0.956583	-3.65502	7.31746	55.0741	
0.991029	0.017962	0.132437	0.0180147	0.963932	-0.265539	-0.13243	0.265542	0.95496	-3.79086	7.58981	56.0632	
0.990701	0.0186192	0.134778	0.0186749	0.962608	-0.270253	-0.13477	0.270257	0.953309	-3.92911	7.86705	57.0506	
0.990367	0.0192879	0.137115	0.0193467	0.961261	-0.27496	-0.137106	0.274964	0.951628	-4.06979	8.14916	58.0363	
0.990028	0.0199682	0.139447	0.0200301	0.95989	-0.279659	-0.139438	0.279664	0.949919	-4.21288	8.43614	59.0202	
0.989683	0.02066	0.141775	0.0207251	0.958496	-0.284351	-0.141765	0.284355	0.94818	-4.35838	8.72798	60.0023	
0.989333	0.0213633	0.144099	0.0214317	0.957079	-0.289034	-0.144089	0.289039	0.946412	-4.50629	9.02467	60.9826	
0.988976	0.022078	0.146418	0.0221499	0.955638	-0.293709	-0.146407	0.293715	0.944615	-4.6566	9.3262	61.9611	
0.988614	0.0228041	0.148733	0.0228796	0.954174	-0.298376	-0.148721	0.298382	0.942789	-4.80931	9.63256	62.9377	
0.988247	0.0235417	0.151043	0.0236208	0.952687	-0.303034	-0.15103	0.30304	0.940934	-4.9644	9.94375	63.9123	
0.987874	0.0242906	0.153348	0.0243736	0.951177	-0.307683	-0.153335	0.30769	0.93905	-5.12189	10.2598	64.8851	
0.987495	0.0250509	0.155649	0.0251377	0.949643	-0.312324	-0.155635	0.312331	0.937138	-5.28176	10.5806	65.8559	
0.986609	0.0268172	0.160885	0.02626	0.947406	-0.318956	-0.160976	0.31891	0.934014	-5.44558	10.9072	66.8241	
0.985693	0.02862	0.166102	0.0274203	0.945121	-0.325568	-0.166304	0.325464	0.930815	-5.61493	11.2406	67.789	
0.984748	0.0304593	0.171301	0.0286184	0.94279	-0.332157	-0.171618	0.331993	0.927539	-5.78978	11.5808	68.7506	
0.983773	0.0323347	0.17648	0.0298543	0.940413	-0.338722	-0.176917	0.338495	0.924187	-5.97012	11.9277	69.7087	
0.979771	0.0397088	0.196141	0.0325822	0.935386	-0.352125	-0.19745	0.351393	0.91517	-6.16384	12.2847	70.6605	
0.975332	0.0473562	0.215602	0.0356084	0.930172	-0.365393	-0.217851	0.364056	0.905541	-6.37873	12.6549	71.6026	
0.970459	0.0552716	0.234851	0.0389309	0.924776	-0.378515	-0.238106	0.376476	0.895305	-6.61467	13.0381	72.5345	
0.965154	0.0634498	0.253875	0.0425474	0.919201	-0.391484	-0.258201	0.388644	0.88447	-6.87149	13.434	73.4554	
0.959421	0.0718854	0.272661	0.0464555	0.91345	-0.404291	-0.278124	0.400551	0.873044	-7.14901	13.8424	74.3648	
0.953264	0.0805727	0.291196	0.0506526	0.907528	-0.416926	-0.297861	0.412191	0.861033	-7.44706	14.263	75.2621	
0.946688	0.0895058	0.309468	0.0551359	0.901438	-0.429383	-0.317399	0.423555	0.848445	-7.76542	14.6954	76.1467	
0.939696	0.0986788	0.327465	0.0599023	0.895184	-0.441652	-0.336724	0.434635	0.83529	-8.1039	15.1395	77.018	
0.932294	0.108086	0.345175	0.0649488	0.888772	-0.453725	-0.355823	0.445424	0.821576	-8.46226	15.5949	77.8753	
0.924485	0.11772	0.362586	0.0702718	0.882204	-0.465595	-0.374685	0.455915	0.807312	-8.84026	16.0613	78.7182	
0.916277	0.127575	0.379686	0.075868	0.875485	-0.477252	-0.393295	0.466101	0.792508	-9.23766	16.5384	79.546	
0.907673	0.137645	0.396464	0.0817334	0.86862	-0.48869	-0.411643	0.475975	0.777173	-9.65418	17.0259	80.3583	
0.89868	0.147922	0.412909	0.0878642	0.861614	-0.499901	-0.429715	0.485531	0.761318	-10.0895	17.5234	81.1544	
0.889303	0.1584	0.429009	0.0942563	0.854471	-0.510877	-0.447499	0.494761	0.744954	-10.5435	18.0306	81.9338	
0.87955	0.169072	0.444754	0.100905	0.847196	-0.521611	-0.464984	0.503661	0.728091	-11.0156	18.5473	82.696	
0.869426	0.179931	0.460134	0.107807	0.839793	-0.532095	-0.482158	0.512223	0.71074	-11.5057	19.073	83.4405	
0.858939	0.190969	0.475137	0.114957	0.832268	-0.542323	-0.499009	0.520443	0.692914	-12.0134	19.6073	84.1669	
0.848094	0.202179	0.489755	0.122349	0.824626	-0.552288	-0.515526	0.528314	0.674624	-12.5384	20.15	84.8745	
0.836901	0.213553	0.503976	0.12998	0.816872	-0.561983	-0.531698	0.535831	0.655883	-13.0803	20.7006	85.563	
0.825365	0.225085	0.517792	0.137844	0.809011	-0.571402	-0.547514	0.54299	0.636703	-13.6387	21.2589	86.2318	
0.813496	0.236765	0.531194	0.145936	0.801048	-0.580538	-0.562963	0.549786	0.617096	-14.2134	21.8243	86.8806	
0.8013	0.248587	0.544172	0.15425	0.792989	-0.589386	-0.578036	0.556213	0.597077	-14.8038	22.3966	87.5089	
0.788786	0.260542	0.556718	0.162781	0.784839	-0.597939	-0.592722	0.562269	0.576658	-15.4096	22.9754	88.1162	
0.775962	0.272623	0.568823	0.171524	0.776603	-0.606191	-0.607011	0.567948	0.555853	-16.0304	23.5602	88.7023	
0.762837	0.284821	0.58048	0.180471	0.768287	-0.614137	-0.620894	0.573247	0.534676	-16.6658	24.1508	89.2666	
0.74942	0.297128	0.59168	0.189618	0.759897	-0.621773	-0.634362	0.578162	0.513141	-17.3153	24.7466	89.8088	
0.735719	0.309536	0.602416	0.198958	0.751438	-0.629092	-0.647405	0.58269	0.491263	-17.9786	25.3472	90.3285	
0.721744	0.322037	0.61268	0.208485	0.742916	-0.636089	-0.660015	0.586828	0.469056	-18.6551	25.9524	90.8254	
0.707505	0.334622	0.622467	0.218192	0.734337	-0.642761	-0.672182	0.590574	0.446535	-19.3444	26.5617	91.2992	
0.69301	0.347283	0.631769	0.228074	0.725706	-0.649102	-0.6839	0.593924	0.423715	-20.0461	27.1746	91.7495	
