1	0	0	0	1	0	0	0	1	0	0	0	
0.999991	-7.14992e-06	-0.00425733	-7.14992e-06	0.999994	-0.00335886	0.00425733	0.00335886	0.999985	0.00220285	0.00173796	1.03484	
0.999964	-2.8617e-05	-0.00851689	-2.86203e-05	0.999977	-0.00672025	0.00851689	0.00672025	0.999941	0.00881255	0.00695315	2.06966	
0.999918	-6.44273e-05	-0.0127785	-6.44406e-05	0.999949	-0.0100841	0.0127785	0.0100841	0.999868	0.0198313	0.0156481	3.10441	
0.999855	-0.000114606	-0.017042	-0.000114639	0.99991	-0.0134502	0.017042	0.0134502	0.999764	0.0352613	0.0278253	4.13907	
0.999773	-0.000179177	-0.0213073	-0.000179243	0.999859	-0.0168184	0.0213073	0.0168184	0.999632	0.0551042	0.043487	5.17361	
0.999673	-0.000258164	-0.0255741	-0.00025828	0.999796	-0.0201886	0.0255741	0.0201886	0.999469	0.0793618	0.0626354	6.20799	
0.999555	-0.000351588	-0.0298423	-0.000351774	0.999722	-0.0235608	0.0298423	0.0235608	0.999277	0.108036	0.0852725	7.2422	
0.999418	-0.000459471	-0.0341118	-0.00045975	0.999637	-0.0269346	0.0341118	0.0269346	0.999055	0.141127	0.1114	8.27618	
0.999263	-0.000581833	-0.0383822	-0.000582233	0.99954	-0.0303101	0.0383822	0.0303101	0.998803	0.178637	0.14102	9.30993	
0.99909	-0.000718694	-0.0426536	-0.000719243	0.999432	-0.0336871	0.0426536	0.0336871	0.998522	0.220567	0.174134	10.3434	
0.998898	-0.000870071	-0.0469257	-0.000870804	0.999312	-0.0370654	0.0469257	0.0370654	0.99821	0.266918	0.210743	11.3766	
0.998688	-0.00103598	-0.0511983	-0.00103694	0.999181	-0.0404449	0.0511983	0.0404449	0.997869	0.31769	0.250849	12.4094	
0.99846	-0.00121644	-0.0554713	-0.00121766	0.999038	-0.0438255	0.0554713	0.0438255	0.997498	0.372883	0.294452	13.4418	
0.998213	-0.00141147	-0.0597445	-0.00141299	0.998884	-0.047207	0.0597444	0.0472071	0.997097	0.432499	0.341555	14.4739	
0.997947	-0.00162108	-0.0640177	-0.00162295	0.998718	-0.0505894	0.0640177	0.0505894	0.996666	0.496537	0.392157	15.5055	
0.997664	-0.00184528	-0.0682908	-0.00184755	0.998541	-0.0539724	0.0682908	0.0539725	0.996204	0.564996	0.44626	16.5367	
0.997362	-0.00208409	-0.0725636	-0.00208681	0.998352	-0.057356	0.0725636	0.0573561	0.995713	0.637878	0.503864	17.5673	
0.997041	-0.00233751	-0.076836	-0.00234075	0.998151	-0.06074	0.0768359	0.0607401	0.995192	0.715181	0.56497	18.5975	
0.996702	-0.00260557	-0.0811077	-0.00260938	0.997939	-0.0641242	0.0811076	0.0641244	0.99464	0.796905	0.629579	19.6271	
0.996344	-0.00288826	-0.0853786	-0.00289271	0.997714	-0.0675086	0.0853784	0.0675088	0.994059	0.883049	0.697689	20.6561	
0.995968	-0.0031856	-0.0896485	-0.00319075	0.997479	-0.0708931	0.0896483	0.0708933	0.993447	0.973612	0.769302	21.6845	
0.995574	-0.0034976	-0.0939173	-0.00350352	0.997231	-0.0742774	0.0939171	0.0742777	0.992805	1.06859	0.844417	22.7122	
0.995161	-0.00382426	-0.0981848	-0.00383103	0.996972	-0.0776614	0.0981845	0.0776618	0.992133	1.16799	0.923034	23.7393	
0.994729	-0.00416559	-0.102451	-0.00417328	0.996702	-0.0810451	0.10245	0.0810455	0.991431	1.27181	1.00515	24.7656	
0.994279	-0.00452159	-0.106715	-0.00453029	0.996419	-0.0844283	0.106715	0.0844287	0.990699	1.38003	1.09077	25.7912	
0.993811	-0.00489227	-0.110978	-0.00490207	0.996125	-0.0878108	0.110977	0.0878113	0.989936	1.49267	1.1799	26.816	
0.993324	-0.00527764	-0.115238	-0.00528861	0.995819	-0.0911925	0.115238	0.0911931	0.989143	1.60972	1.27252	27.8401	
0.992818	-0.00567769	-0.119497	-0.00568992	0.995502	-0.0945733	0.119496	0.094574	0.98832	1.73118	1.36864	28.8633	
0.992294	-0.00609242	-0.123753	-0.00610602	0.995172	-0.0979531	0.123752	0.0979539	0.987467	1.85704	1.46826	29.8856	
0.991752	-0.00652184	-0.128007	-0.00653691	0.994831	-0.101332	0.128006	0.101333	0.986583	1.98731	1.57137	30.907	
0.991191	-0.00696595	-0.132258	-0.00698258	0.994478	-0.104709	0.132257	0.10471	0.985669	2.12198	1.67798	31.9275	
0.990611	-0.00742475	-0.136506	-0.00744304	0.994114	-0.108085	0.136505	0.108086	0.984725	2.26104	1.78809	32.947	
0.990013	-0.00789823	-0.140751	-0.00791829	0.993737	-0.111459	0.14075	0.11146	0.983751	2.4045	1.90169	33.9656	
0.989397	-0.00838639	-0.144993	-0.00840834	0.993349	-0.114832	0.144992	0.114833	0.982746	2.55235	2.01878	34.9831	
0.988762	-0.00888924	-0.149232	-0.00891318	0.99295	-0.118202	0.149231	0.118204	0.981712	2.70459	2.13936	35.9995	
0.988109	-0.00940675	-0.153468	-0.00943281	0.992538	-0.121571	0.153466	0.121573	0.980647	2.86121	2.26343	37.0149	
0.987437	-0.00993894	-0.157699	-0.00996723	0.992115	-0.124938	0.157698	0.12494	0.979552	3.02221	2.39098	38.0292	
0.986747	-0.0104858	-0.161927	-0.0105164	0.991679	-0.128302	0.161925	0.128304	0.978426	3.1876	2.52201	39.0423	
0.986038	-0.0110473	-0.166151	-0.0110804	0.991232	-0.131664	0.166149	0.131667	0.977271	3.35735	2.65653	40.0542	
0.985311	-0.0116234	-0.170371	-0.0116592	0.990774	-0.135024	0.170369	0.135027	0.976085	3.53147	2.79452	41.0649	
0.984566	-0.0122142	-0.174587	-0.0122527	0.990303	-0.13838	0.174584	0.138384	0.974869	3.70996	2.93599	42.0744	
0.983802	-0.0128197	-0.178798	-0.0128611	0.989821	-0.141735	0.178795	0.141738	0.973623	3.89281	3.08093	43.0826	
0.98302	-0.0134397	-0.183005	-0.0134841	0.989327	-0.145086	0.183002	0.14509	0.972347	4.08001	3.22935	44.0895	
0.98222	-0.0140743	-0.187207	-0.0141219	0.988821	-0.148434	0.187203	0.148439	0.971041	4.27156	3.38123	45.0951	
0.981401	-0.0147236	-0.191404	-0.0147745	0.988304	-0.151779	0.1914	0.151784	0.969705	4.46746	3.53657	46.0992	
0.980564	-0.0153874	-0.195596	-0.0154418	0.987775	-0.155121	0.195591	0.155126	0.968339	4.6677	3.69537	47.102	
0.979709	-0.0160658	-0.199782	-0.0161238	0.987234	-0.158459	0.199778	0.158465	0.966942	4.87228	3.85763	48.1034	
0.978835	-0.0167588	-0.203964	-0.0168206	0.986681	-0.161794	0.203958	0.161801	0.965516	5.08118	4.02335	49.1033	
0.977943	-0.0174663	-0.208139	-0.017532	0.986117	-0.165126	0.208134	0.165132	0.96406	5.29441	4.19251	50.1017	
0.977033	-0.0181883	-0.212309	-0.0182581	0.985541	-0.168453	0.212303	0.168461	0.962574	5.51195	4.36512	51.0986	
0.976105	-0.0189248	-0.216473	-0.0189989	0.984953	-0.171776	0.216467	0.171785	0.961058	5.73381	4.54117	52.0939	
0.975159	-0.0196758	-0.220631	-0.0197544	0.984353	-0.175096	0.220624	0.175105	0.959512	5.95997	4.72066	53.0877	
0.974194	-0.0204413	-0.224783	-0.0205245	0.983742	-0.178411	0.224776	0.178421	0.957936	6.19043	4.90358	54.0798	
0.973212	-0.0212213	-0.228929	-0.0213092	0.983119	-0.181722	0.22892	0.181732	0.956331	6.42518	5.08994	55.0703	
0.972211	-0.0220157	-0.233068	-0.0221085	0.982484	-0.185029	0.233059	0.18504	0.954696	6.66422	5.27971	56.0591	
0.971193	-0.0228244	-0.2372	-0.0229225	0.981838	-0.188331	0.237191	0.188343	0.953031	6.90754	5.47291	57.0462	
0.970156	-0.0236476	-0.241326	-0.023751	0.98118	-0.191628	0.241315	0.191641	0.951336	7.15514	5.66952	58.0316	
0.969101	-0.0244852	-0.245444	-0.024594	0.980511	-0.19492	0.245433	0.194934	0.949612	7.40699	5.86955	59.0152	
0.968029	-0.025337	-0.249555	-0.0254516	0.979829	-0.198208	0.249544	0.198223	0.947858	7.66311	6.07298	59.997	
0.966939	-0.0262033	-0.25366	-0.0263237	0.979137	-0.20149	0.253647	0.201506	0.946075	7.92347	6.27981	60.977	
0.96583	-0.0270838	-0.257756	-0.0272103	0.978432	-0.204768	0.257743	0.204784	0.944263	8.18808	6.49003	61.9551	
0.964704	-0.0279785	-0.261845	-0.0281114	0.977716	-0.20804	0.261831	0.208058	0.942421	8.45692	6.70365	62.9313	
0.96356	-0.0288875	-0.265927	-0.0290269	0.976989	-0.211306	0.265912	0.211325	0.940549	8.72998	6.92065	63.9056	
0.962399	-0.0298108	-0.27	-0.0299568	0.97625	-0.214567	0.269984	0.214587	0.938648	9.00727	7.14102	64.878	
0.961219	-0.0307482	-0.274066	-0.0309011	0.975499	-0.217822	0.274048	0.217844	0.936718	9.28877	7.36478	65.8483	
0.960876	-0.0310213	-0.275236	-0.0312435	0.975227	-0.21899	0.275211	0.219021	0.936103	9.57297	7.59082	66.8174	
0.960531	-0.0312959	-0.276407	-0.0315877	0.974953	-0.220157	0.276373	0.220199	0.935484	9.85837	7.81808	67.7858	
0.960185	-0.0315721	-0.277576	-0.0319335	0.974677	-0.221325	0.277535	0.221377	0.934862	10.145	8.04657	68.7535	
0.959837	-0.0318498	-0.278745	-0.0322811	0.9744	-0.222493	0.278696	0.222555	0.934236	10.4328	8.27627	69.7206	
0.965478	-0.0273284	-0.259049	-0.0282121	0.977661	-0.208285	0.258954	0.208403	0.943139	10.711	8.49927	70.6921	
0.970702	-0.0231054	-0.239172	-0.0244432	0.980707	-0.193947	0.239039	0.194111	0.95141	10.9687	8.70755	71.6724	
0.975507	-0.0191836	-0.219129	-0.020977	0.983536	-0.179488	0.218964	0.179689	0.959045	11.2057	8.90097	72.661	
0.97989	-0.0155658	-0.198931	-0.0178158	0.986146	-0.164919	0.198743	0.165147	0.966037	11.4218	9.07941	73.6571	
0.983846	-0.0122542	-0.178594	-0.0149616	0.988535	-0.150249	0.178388	0.150494	0.972383	11.617	9.24274	74.6602	
0.987375	-0.00925116	-0.158131	-0.0124165	0.990701	-0.135488	0.157914	0.135741	0.978079	11.791	9.39085	75.6695	
0.990472	-0.00655864	-0.137555	-0.010182	0.992643	-0.120645	0.137334	0.120896	0.983119	11.9438	9.52365	76.6843	
0.993137	-0.00417844	-0.11688	-0.00825972	0.99436	-0.105731	0.116663	0.105971	0.987502	12.0752	9.64104	77.704	
0.995367	-0.00211217	-0.0961203	-0.00665092	0.995851	-0.0907563	0.0959131	0.0909752	0.991224	12.1852	9.74295	78.7279	
0.997162	-0.000361199	-0.0752892	-0.00535669	0.997114	-0.0757298	0.0750993	0.0759182	0.994282	12.2737	9.82931	79.7553	
0.998519	0.0010733	-0.054401	-0.00437787	0.998149	-0.0606621	0.0542352	0.0608104	0.996675	12.3406	9.90006	80.7855	
0.999437	0.00219035	-0.0334696	-0.00371514	0.998955	-0.0455632	0.0333348	0.0456619	0.998401	12.3859	9.95516	81.8179	
0.999917	0.00298923	-0.0125089	-0.00336892	0.999531	-0.0304432	0.0124121	0.0304828	0.999458	12.4096	9.99456	82.8517	
0.999958	0.00346939	0.00846688	-0.00333946	0.999877	-0.0153123	-0.00851896	0.0152834	0.999847	12.4116	10.0182	83.8862	
0.99956	0.00363051	0.0294438	-0.00362677	0.999993	-0.000180565	-0.0294443	7.37e-05	0.999566	12.392	10.0262	84.9208	
0.998723	0.00347248	0.0504079	-0.00423065	0.999879	0.0149419	-0.0503499	-0.015136	0.998617	12.3507	10.0184	85.9548	
0.997447	0.00299541	0.071345	-0.00515072	0.999535	0.0300449	-0.0712218	-0.0303356	0.996999	12.2878	9.99486	86.9874	
0.995734	0.00219962	0.0922411	-0.00638635	0.998961	0.0451183	-0.0920461	-0.0455149	0.994714	12.2033	9.95562	88.0181	
0.993585	0.00108564	0.113082	-0.0079367	0.998158	0.0601521	-0.112809	-0.0606638	0.991763	12.0973	9.90067	89.046	
0.991001	-0.000345778	0.133855	-0.00980076	0.997125	0.0751363	-0.133496	-0.075772	0.988148	11.9698	9.83007	90.0705	
0.987984	-0.00209369	0.154544	-0.0119773	0.995864	0.0900607	-0.154094	-0.0908295	0.983873	11.821	9.74387	91.0909	
0.984535	-0.00415691	0.175137	-0.0144648	0.994376	0.104915	-0.174588	-0.105826	0.978938	11.6509	9.64211	92.1066	
0.980658	-0.00653407	0.19562	-0.0172616	0.992661	0.119691	-0.194966	-0.120752	0.973348	11.4597	9.52486	93.1168	
0.976355	-0.00922357	0.215978	-0.0203659	0.990721	0.134376	-0.215213	-0.135597	0.967107	11.2475	9.39221	94.1209	
0.971628	-0.0122236	0.236199	-0.0237755	0.988557	0.148962	-0.235317	-0.150352	0.960219	11.0143	9.24425	95.1182	
0.966481	-0.0155322	0.256268	-0.0274882	0.98617	0.163439	-0.255263	-0.165005	0.952688	10.7605	9.08107	96.108	
0.960917	-0.0191471	0.276173	-0.0315016	0.983563	0.177797	-0.275038	-0.179549	0.944519	10.4861	8.90278	97.0897	
0.954941	-0.0230659	0.295899	-0.0358129	0.980736	0.192027	-0.294628	-0.193972	0.935718	10.1913	8.7095	98.0627	
0.948555	-0.027286	0.315435	-0.0404192	0.977692	0.206119	-0.314022	-0.208265	0.926291	9.87635	8.50136	99.0262	
0.941764	-0.0318045	0.334766	-0.0453175	0.974432	0.220064	-0.333206	-0.222419	0.916244	9.54144	8.2785	99.9796	
