1	0	0	0	1	0	0	0	1	0	0	0	
1	-7.69898e-07	-0.000739631	-7.69898e-07	0.999998	-0.00208184	0.000739631	0.00208184	0.999998	0.000357862	0.00100728	0.967676	
0.999999	-3.08347e-06	-0.00148012	-3.084e-06	0.999991	-0.00416684	0.00148012	0.00416684	0.99999	0.00143186	0.00403063	1.93535	
0.999998	-6.94646e-06	-0.00222145	-6.94861e-06	0.99998	-0.0062549	0.00222145	0.0062549	0.999978	0.00322283	0.00907307	2.90301	
0.999996	-1.23644e-05	-0.00296357	-1.23698e-05	0.999965	-0.00834593	0.00296357	0.00834593	0.999961	0.00573154	0.0161375	3.87066	
0.999993	-1.93426e-05	-0.00370645	-1.93533e-05	0.999946	-0.0104398	0.00370645	0.0104398	0.999939	0.00895875	0.0252268	4.83829	
0.99999	-2.78859e-05	-0.00445006	-2.79048e-05	0.999921	-0.0125365	0.00445006	0.0125365	0.999912	0.0129052	0.0363436	5.80589	
0.999987	-3.79993e-05	-0.00519437	-3.80296e-05	0.999893	-0.0146359	0.00519437	0.0146359	0.999879	0.0175715	0.0494907	6.77347	
0.999982	-4.96873e-05	-0.00593934	-4.97327e-05	0.99986	-0.0167379	0.00593934	0.0167379	0.999842	0.0229584	0.0646706	7.74101	
0.999978	-6.2954e-05	-0.00668494	-6.3019e-05	0.999822	-0.0188424	0.00668494	0.0188424	0.9998	0.0290666	0.0818857	8.70851	
0.999972	-7.78035e-05	-0.00743113	-7.7893e-05	0.999781	-0.0209493	0.00743113	0.0209493	0.999753	0.0358965	0.101138	9.67597	
0.999967	-9.42397e-05	-0.00817789	-9.43591e-05	0.999734	-0.0230586	0.00817789	0.0230586	0.999701	0.0434487	0.122431	10.6434	
0.99996	-0.000112266	-0.00892518	-0.000112421	0.999683	-0.02517	0.00892518	0.02517	0.999643	0.0517238	0.145766	11.6107	
0.999953	-0.000131886	-0.00967297	-0.000132084	0.999628	-0.0272837	0.00967297	0.0272837	0.999581	0.0607223	0.171145	12.578	
0.999946	-0.000153102	-0.0104212	-0.00015335	0.999568	-0.0293993	0.0104212	0.0293993	0.999513	0.0704447	0.198571	13.5453	
0.999938	-0.000175917	-0.0111699	-0.000176222	0.999503	-0.0315169	0.0111699	0.0315169	0.999441	0.0808913	0.228044	14.5125	
0.999929	-0.000200334	-0.011919	-0.000200705	0.999434	-0.0336364	0.011919	0.0336364	0.999363	0.0920626	0.259568	15.4796	
0.99992	-0.000226355	-0.0126684	-0.000226801	0.99936	-0.0357577	0.0126684	0.0357577	0.99928	0.103959	0.293144	16.4466	
0.99991	-0.000253982	-0.0134182	-0.000254512	0.999282	-0.0378806	0.0134182	0.0378806	0.999192	0.116581	0.328773	17.4135	
0.9999	-0.000283216	-0.0141682	-0.000283841	0.999199	-0.0400051	0.0141682	0.0400051	0.999099	0.129928	0.366457	18.3804	
0.999889	-0.00031406	-0.0149186	-0.000314789	0.999112	-0.0421311	0.0149186	0.0421311	0.999001	0.144001	0.406197	19.3471	
0.999877	-0.000346514	-0.0156691	-0.000347359	0.99902	-0.0442585	0.0156691	0.0442585	0.998897	0.158801	0.447996	20.3138	
0.999865	-0.00038058	-0.0164199	-0.000381553	0.998923	-0.0463872	0.0164199	0.0463872	0.998789	0.174327	0.491854	21.2803	
0.999852	-0.000416258	-0.0171708	-0.00041737	0.998822	-0.0485171	0.0171708	0.0485171	0.998675	0.190579	0.537772	22.2468	
0.999839	-0.000453549	-0.0179218	-0.000454814	0.998716	-0.0506481	0.0179218	0.0506481	0.998556	0.207558	0.585752	23.2131	
0.999826	-0.000492452	-0.018673	-0.000493883	0.998606	-0.0527801	0.018673	0.0527801	0.998432	0.225264	0.635795	24.1793	
0.999811	-0.000532969	-0.0194242	-0.00053458	0.998491	-0.0549131	0.0194242	0.0549131	0.998302	0.243697	0.687901	25.1454	
0.999796	-0.000575098	-0.0201755	-0.000576904	0.998371	-0.0570469	0.0201754	0.0570469	0.998168	0.262857	0.742071	26.1114	
0.999781	-0.000618839	-0.0209267	-0.000620854	0.998247	-0.0591815	0.0209266	0.0591815	0.998028	0.282744	0.798307	27.0772	
0.999765	-0.000664191	-0.0216779	-0.000666432	0.998118	-0.0613167	0.0216778	0.0613167	0.997883	0.303357	0.856609	28.0429	
0.999748	-0.000711154	-0.022429	-0.000713637	0.997985	-0.0634524	0.022429	0.0634525	0.997733	0.324698	0.916977	29.0085	
0.999731	-0.000759725	-0.0231801	-0.000762467	0.997846	-0.0655887	0.02318	0.0655887	0.997577	0.346765	0.979412	29.9739	
0.999713	-0.000809904	-0.023931	-0.000812921	0.997704	-0.0677253	0.0239309	0.0677253	0.997417	0.369559	1.04391	30.9392	
0.999695	-0.000861688	-0.0246817	-0.000865	0.997556	-0.0698621	0.0246816	0.0698622	0.997251	0.39308	1.11048	31.9043	
0.999676	-0.000915076	-0.0254323	-0.0009187	0.997404	-0.0719992	0.0254321	0.0719992	0.99708	0.417327	1.17912	32.8692	
0.999657	-0.000970065	-0.0261826	-0.00097402	0.997248	-0.0741363	0.0261824	0.0741364	0.996904	0.4423	1.24983	33.834	
0.999637	-0.00102665	-0.0269326	-0.00103096	0.997086	-0.0762735	0.0269325	0.0762736	0.996723	0.467999	1.3226	34.7986	
0.999616	-0.00108484	-0.0276824	-0.00108951	0.996921	-0.0784106	0.0276822	0.0784106	0.996537	0.494424	1.39745	35.763	
0.999595	-0.00114461	-0.0284318	-0.00114968	0.99675	-0.0805474	0.0284316	0.0805475	0.996345	0.521574	1.47436	36.7272	
0.999573	-0.00120598	-0.0291809	-0.00121146	0.996575	-0.082684	0.0291806	0.0826841	0.996148	0.549449	1.55333	37.6913	
0.999551	-0.00126893	-0.0299295	-0.00127485	0.996395	-0.0848202	0.0299293	0.0848203	0.995947	0.578048	1.63438	38.6551	
0.999528	-0.00133346	-0.0306778	-0.00133984	0.996211	-0.086956	0.0306775	0.0869561	0.99574	0.607372	1.71749	39.6188	
0.999505	-0.00139957	-0.0314256	-0.00140643	0.996022	-0.0890912	0.0314253	0.0890913	0.995528	0.63742	1.80267	40.5822	
0.999481	-0.00146726	-0.0321728	-0.00147462	0.995829	-0.0912257	0.0321725	0.0912258	0.99531	0.668191	1.88991	41.5455	
0.999457	-0.00153651	-0.0329196	-0.0015444	0.995631	-0.0933595	0.0329192	0.0933596	0.995088	0.699685	1.97922	42.5085	
0.999432	-0.00160733	-0.0336658	-0.00161577	0.995429	-0.0954925	0.0336654	0.0954926	0.994861	0.731901	2.0706	43.4713	
0.999406	-0.00167971	-0.0344115	-0.00168872	0.995222	-0.0976245	0.034411	0.0976247	0.994628	0.764839	2.16403	44.4339	
0.99938	-0.00175364	-0.0351565	-0.00176326	0.99501	-0.0997555	0.035156	0.0997557	0.994391	0.798498	2.25953	45.3963	
0.999354	-0.00182912	-0.0359008	-0.00183936	0.994794	-0.101885	0.0359003	0.101886	0.994148	0.832878	2.3571	46.3584	
0.999327	-0.00190614	-0.0366445	-0.00191704	0.994574	-0.104014	0.0366439	0.104014	0.993901	0.867978	2.45672	47.3203	
0.999299	-0.00198469	-0.0373874	-0.00199628	0.994349	-0.106141	0.0373868	0.106142	0.993648	0.903797	2.5584	48.2819	
0.999271	-0.00206478	-0.0381296	-0.00207708	0.99412	-0.108267	0.038129	0.108268	0.99339	0.940334	2.66214	49.2433	
0.999242	-0.00214639	-0.0388711	-0.00215942	0.993886	-0.110392	0.0388703	0.110392	0.993128	0.977589	2.76794	50.2045	
0.999213	-0.00222952	-0.0396117	-0.00224332	0.993648	-0.112515	0.0396109	0.112515	0.99286	1.01556	2.87579	51.1654	
0.999183	-0.00231415	-0.0403515	-0.00232875	0.993405	-0.114636	0.0403506	0.114637	0.992588	1.05425	2.98569	52.126	
0.999153	-0.00240029	-0.0410904	-0.00241571	0.993158	-0.116756	0.0410895	0.116756	0.99231	1.09365	3.09765	53.0864	
0.999122	-0.00248793	-0.0418284	-0.0025042	0.992906	-0.118873	0.0418274	0.118874	0.992028	1.13377	3.21166	54.0465	
0.99909	-0.00257705	-0.0425654	-0.00259421	0.99265	-0.120989	0.0425644	0.12099	0.991741	1.1746	3.32771	55.0063	
0.999058	-0.00266765	-0.0433015	-0.00268572	0.99239	-0.123103	0.0433004	0.123103	0.991449	1.21615	3.44581	55.9659	
0.999026	-0.00275972	-0.0440366	-0.00277874	0.992126	-0.125214	0.0440354	0.125215	0.991152	1.25841	3.56596	56.9251	
0.998993	-0.00285325	-0.0447707	-0.00287325	0.991857	-0.127324	0.0447694	0.127324	0.99085	1.30137	3.68815	57.8841	
0.99896	-0.00294823	-0.0455037	-0.00296925	0.991584	-0.129431	0.0455023	0.129431	0.990544	1.34505	3.81237	58.8428	
0.998926	-0.00304466	-0.0462356	-0.00306673	0.991307	-0.131536	0.0462341	0.131536	0.990233	1.38944	3.93864	59.8011	
0.999032	-0.00273338	-0.0438956	-0.00308385	0.991257	-0.131912	0.0438723	0.13192	0.990289	1.43303	4.06611	60.7594	
0.999133	-0.00242098	-0.0415538	-0.00310006	0.991206	-0.132288	0.0415087	0.132302	0.99034	1.47434	4.19395	61.7177	
0.999229	-0.00210748	-0.0392104	-0.00311535	0.991156	-0.132664	0.0391432	0.132683	0.990385	1.51337	4.32216	62.6761	
0.999319	-0.00179288	-0.0368654	-0.00312973	0.991106	-0.133039	0.0367761	0.133063	0.990425	1.5501	4.45074	63.6345	
0.999403	-0.00147721	-0.0345191	-0.00314319	0.991056	-0.133413	0.0344074	0.133442	0.990459	1.58454	4.57969	64.5929	
0.999482	-0.00116048	-0.0321715	-0.00315572	0.991005	-0.133787	0.0320374	0.133819	0.990488	1.61669	4.709	65.5513	
0.999555	-0.000842704	-0.0298227	-0.00316733	0.990955	-0.134159	0.029666	0.134194	0.990511	1.64654	4.83867	66.5098	
0.999622	-0.000523909	-0.0274729	-0.00317801	0.990904	-0.134531	0.0272935	0.134568	0.990528	1.6741	4.96871	67.4683	
0.999684	-0.000204106	-0.0251221	-0.00318777	0.990854	-0.134901	0.0249199	0.134939	0.99054	1.69936	5.09911	68.4268	
0.999741	0.000116684	-0.0227705	-0.00319661	0.990804	-0.13527	0.0225453	0.135308	0.990547	1.72233	5.22986	69.3854	
0.999791	0.000438443	-0.0204182	-0.00320454	0.990753	-0.135638	0.0201699	0.135675	0.990548	1.743	5.36098	70.3439	
0.999837	0.000761152	-0.0180653	-0.00321155	0.990703	-0.136004	0.0177938	0.13604	0.990544	1.76137	5.49244	71.3024	
0.99999	0.00351023	0.00287254	-0.00312595	0.992239	-0.124304	-0.00328659	0.124294	0.99224	1.76838	5.61841	72.2618	
0.999698	0.00601048	0.0238401	-0.00328911	0.993636	-0.112588	-0.0243651	0.112476	0.993356	1.75501	5.73297	73.2226	
0.998961	0.00826043	0.044825	-0.00370094	0.994894	-0.100862	-0.0454293	0.100592	0.99389	1.72123	5.83607	74.1841	
0.997779	0.0102588	0.0658151	-0.00436119	0.99601	-0.0891335	-0.0664669	0.0886485	0.993843	1.66709	5.92763	75.1459	
0.996154	0.0120043	0.0867981	-0.00526948	0.996986	-0.0774087	-0.0874657	0.0766536	0.993214	1.59261	6.00762	76.1074	
0.994085	0.0134961	0.107762	-0.00642528	0.997819	-0.0656948	-0.108413	0.0646138	0.992004	1.49783	6.07597	77.0679	
0.991575	0.0147332	0.128693	-0.00782791	0.99851	-0.0539986	-0.129297	0.0525363	0.990213	1.38281	6.13265	78.0271	
0.988625	0.0157149	0.149581	-0.00947655	0.999059	-0.0423269	-0.150106	0.0404279	0.987843	1.24762	6.17764	78.9842	
0.985236	0.0164406	0.170413	-0.0113702	0.999464	-0.0306866	-0.170826	0.0282959	0.984895	1.09233	6.21089	79.9387	
0.98141	0.0169099	0.191176	-0.0135079	0.999727	-0.0190845	-0.191447	0.0161474	0.98137	0.917043	6.23239	80.8901	
0.97715	0.0171225	0.211859	-0.0158882	0.999845	-0.00752742	-0.211956	0.00398937	0.977271	0.721852	6.24214	81.8378	
0.972458	0.0170784	0.23245	-0.0185098	0.999821	0.00397794	-0.23234	-0.00817097	0.9726	0.506874	6.24011	82.7813	
0.967338	0.0167774	0.252935	-0.0213711	0.999653	0.0154248	-0.252589	-0.0203265	0.96736	0.272236	6.22632	83.72	
0.961791	0.0162199	0.273304	-0.0244706	0.999341	0.0268065	-0.272689	-0.0324702	0.961554	0.0180736	6.20078	84.6533	
0.955821	0.0154061	0.293545	-0.0278063	0.998886	0.0381164	-0.292631	-0.0445948	0.955185	-0.255463	6.16349	85.5807	
0.949432	0.0143365	0.313645	-0.0313763	0.998289	0.0493478	-0.3124	-0.0566934	0.948257	-0.548215	6.11448	86.5017	
0.942628	0.0130118	0.333593	-0.0351786	0.997548	0.0604942	-0.331988	-0.0687588	0.940774	-0.86001	6.05378	87.4158	
0.935411	0.0114326	0.353376	-0.0392108	0.996666	0.071549	-0.35138	-0.0807839	0.932741	-1.19067	5.98142	88.3223	
0.927788	0.00960002	0.372985	-0.0434707	0.995642	0.0825058	-0.370568	-0.0927618	0.924162	-1.53999	5.89745	89.2208	
0.919761	0.00751502	0.392407	-0.0479558	0.994477	0.0933582	-0.389538	-0.104685	0.915042	-1.90777	5.80191	90.1107	
0.911336	0.00517884	0.41163	-0.0526634	0.993172	0.1041	-0.40828	-0.116548	0.905386	-2.29381	5.69486	90.9915	
0.902518	0.00259285	0.430644	-0.0575907	0.991727	0.114724	-0.426784	-0.128342	0.895201	-2.69786	5.57637	91.8628	
0.893312	-0.000241433	0.449437	-0.062735	0.990143	0.125225	-0.445037	-0.140061	0.884491	-3.11971	5.4465	92.7239	
0.883723	-0.00332235	0.467999	-0.0680931	0.988421	0.135597	-0.46303	-0.151698	0.873264	-3.55908	5.30533	93.5744	
0.873757	-0.0066481	0.486318	-0.073662	0.986563	0.145833	-0.480753	-0.163246	0.861526	-4.01575	5.15294	94.4138	
