1	0	0	0	1	0	0	0	1	0	0	0	
0.999991	2.38622e-07	0.00428811	2.38622e-07	1	-0.000111294	-0.00428811	0.000111294	0.999991	-0.00194589	5.05041e-05	0.907573	
0.999963	9.59275e-07	0.00858025	9.67019e-07	1	-0.000224499	-0.00858025	0.000224499	0.999963	-0.00778541	0.000202883	1.81513	
0.999917	2.17107e-06	0.0128763	2.20208e-06	1	-0.000339614	-0.0128763	0.000339614	0.999917	-0.0175221	0.000458872	2.72265	
0.999852	3.88313e-06	0.0171761	3.96071e-06	1	-0.000456638	-0.0171761	0.000456639	0.999852	-0.0311595	0.000820202	3.63012	
0.999769	6.10455e-06	0.0214794	6.25985e-06	1	-0.000575572	-0.0214794	0.000575573	0.999769	-0.048701	0.00128861	4.53753	
0.999667	8.84445e-06	0.0257863	9.11648e-06	1	-0.000696413	-0.0257863	0.000696416	0.999667	-0.0701496	0.00186582	5.44485	
0.999547	1.21119e-05	0.0300964	1.25476e-05	1	-0.000819161	-0.0300964	0.000819167	0.999547	-0.0955086	0.00255358	6.35207	
0.999408	1.59161e-05	0.0344098	1.65701e-05	1	-0.000943814	-0.0344098	0.000943825	0.999407	-0.124781	0.0033536	7.25917	
0.99925	2.02661e-05	0.0387262	2.12012e-05	0.999999	-0.00107037	-0.0387262	0.00107039	0.999249	-0.157969	0.00426763	8.16614	
0.999073	2.51709e-05	0.0430454	2.64578e-05	0.999999	-0.00119883	-0.0430454	0.00119886	0.999072	-0.195076	0.00529739	9.07296	
0.998878	3.06398e-05	0.0473674	3.23569e-05	0.999999	-0.00132919	-0.0473674	0.00132923	0.998877	-0.236104	0.00644461	9.9796	
0.998663	3.66816e-05	0.051692	3.89157e-05	0.999999	-0.00146145	-0.051692	0.00146151	0.998662	-0.281056	0.00771101	10.8861	
0.99843	4.33056e-05	0.0560191	4.61512e-05	0.999999	-0.0015956	-0.0560191	0.00159568	0.998428	-0.329935	0.00909833	11.7923	
0.998177	5.05208e-05	0.0603485	5.40805e-05	0.999998	-0.00173165	-0.0603485	0.00173176	0.998176	-0.382741	0.0106083	12.6984	
0.997906	5.83362e-05	0.0646801	6.27207e-05	0.999998	-0.00186959	-0.0646801	0.00186973	0.997904	-0.439477	0.0122426	13.6042	
0.997616	6.67608e-05	0.0690137	7.20888e-05	0.999998	-0.00200942	-0.0690137	0.00200961	0.997614	-0.500146	0.014003	14.5097	
0.997306	7.58037e-05	0.0733492	8.22019e-05	0.999998	-0.00215114	-0.0733492	0.00215137	0.997304	-0.564749	0.0158912	15.415	
0.996978	8.54739e-05	0.0776864	9.30771e-05	0.999997	-0.00229473	-0.0776864	0.00229503	0.996975	-0.633287	0.0179089	16.32	
0.99663	9.57804e-05	0.0820253	0.000104732	0.999997	-0.00244021	-0.0820253	0.00244058	0.996627	-0.705762	0.0200579	17.2246	
0.996264	0.000106732	0.0863656	0.000117182	0.999997	-0.00258756	-0.0863656	0.00258801	0.99626	-0.782176	0.0223398	18.129	
0.995878	0.000118338	0.0907072	0.000130446	0.999996	-0.00273679	-0.0907072	0.00273734	0.995874	-0.86253	0.0247564	19.033	
0.995472	0.000130607	0.09505	0.000144541	0.999996	-0.00288788	-0.09505	0.00288854	0.995468	-0.946824	0.0273094	19.9366	
0.995048	0.000143549	0.0993938	0.000159482	0.999995	-0.00304084	-0.0993938	0.00304163	0.995044	-1.03506	0.0300004	20.8399	
0.994605	0.000157171	0.103739	0.000175288	0.999995	-0.00319566	-0.103739	0.0031966	0.994599	-1.12724	0.0328312	21.7428	
0.994142	0.000171483	0.108084	0.000191976	0.999994	-0.00335233	-0.108084	0.00335344	0.994136	-1.22336	0.0358036	22.6452	
0.99366	0.000186494	0.11243	0.000209562	0.999994	-0.00351086	-0.11243	0.00351216	0.993653	-1.32343	0.0389191	23.5473	
0.993158	0.000202212	0.116777	0.000228063	0.999993	-0.00367123	-0.116777	0.00367274	0.993151	-1.42744	0.0421795	24.4489	
0.992637	0.000218647	0.121124	0.000247497	0.999993	-0.00383344	-0.121124	0.0038352	0.99263	-1.5354	0.0455865	25.35	
0.992097	0.000235807	0.125471	0.00026788	0.999992	-0.0039975	-0.125471	0.00399952	0.992089	-1.6473	0.0491418	26.2506	
0.991538	0.000253702	0.129818	0.000289229	0.999991	-0.00416338	-0.129818	0.0041657	0.991529	-1.76315	0.0528471	27.1508	
0.990959	0.000272338	0.134165	0.000311561	0.999991	-0.00433109	-0.134165	0.00433373	0.99095	-1.88294	0.0567041	28.0504	
0.990361	0.000291727	0.138512	0.000334893	0.99999	-0.00450062	-0.138511	0.00450363	0.990351	-2.00668	0.0607144	28.9495	
0.989743	0.000311875	0.142858	0.000359241	0.999989	-0.00467197	-0.142858	0.00467537	0.989732	-2.13436	0.0648797	29.848	
0.989106	0.000332792	0.147204	0.000384623	0.999988	-0.00484513	-0.147204	0.00484896	0.989094	-2.26598	0.0692017	30.746	
0.98845	0.000354487	0.151549	0.000411055	0.999987	-0.00502009	-0.151549	0.0050244	0.988437	-2.40155	0.0736821	31.6434	
0.987774	0.000376968	0.155893	0.000438553	0.999986	-0.00519684	-0.155893	0.00520167	0.98776	-2.54107	0.0783226	32.5402	
0.987079	0.000400243	0.160237	0.000467135	0.999985	-0.00537539	-0.160237	0.00538079	0.987064	-2.68452	0.0831248	33.4363	
0.986364	0.000424321	0.164579	0.000496817	0.999984	-0.00555573	-0.164579	0.00556173	0.986348	-2.83192	0.0880904	34.3318	
0.98563	0.000449211	0.16892	0.000527616	0.999983	-0.00573784	-0.16892	0.00574451	0.985613	-2.98326	0.093221	35.2267	
0.984876	0.000474921	0.17326	0.000559548	0.999982	-0.00592172	-0.17326	0.0059291	0.984858	-3.13854	0.0985184	36.1209	
0.984103	0.00050146	0.177599	0.000592629	0.999981	-0.00610736	-0.177598	0.00611552	0.984084	-3.29775	0.103984	37.0143	
0.98331	0.000528836	0.181935	0.000626876	0.99998	-0.00629476	-0.181935	0.00630376	0.98329	-3.46091	0.10962	37.9071	
0.982498	0.000557057	0.18627	0.000662305	0.999979	-0.00648391	-0.18627	0.0064938	0.982477	-3.62799	0.115427	38.7992	
0.981667	0.000586131	0.190603	0.000698933	0.999977	-0.0066748	-0.190603	0.00668565	0.981645	-3.79901	0.121408	39.6905	
0.980816	0.000616068	0.194934	0.000736776	0.999976	-0.00686743	-0.194933	0.00687931	0.980792	-3.97396	0.127564	40.581	
0.979946	0.000646874	0.199263	0.00077585	0.999975	-0.00706178	-0.199262	0.00707476	0.979921	-4.15285	0.133896	41.4707	
0.979056	0.000678559	0.203589	0.00081617	0.999973	-0.00725785	-0.203588	0.007272	0.97903	-4.33566	0.140406	42.3597	
0.978147	0.000711131	0.207913	0.000857754	0.999972	-0.00745563	-0.207912	0.00747104	0.978119	-4.52239	0.147096	43.2478	
0.977219	0.000744597	0.212234	0.000900617	0.99997	-0.00765511	-0.212234	0.00767185	0.977189	-4.71305	0.153968	44.1351	
0.976271	0.000778966	0.216553	0.000944776	0.999969	-0.00785628	-0.216552	0.00787445	0.976239	-4.90763	0.161023	45.0216	
0.975303	0.000814245	0.220868	0.000990245	0.999967	-0.00805913	-0.220868	0.00807881	0.97527	-5.10612	0.168262	45.9071	
0.974317	0.000850444	0.225181	0.00103704	0.999965	-0.00826367	-0.22518	0.00828495	0.974282	-5.30853	0.175688	46.7918	
0.973311	0.000887569	0.22949	0.00108518	0.999964	-0.00846986	-0.22949	0.00849285	0.973274	-5.51486	0.183301	47.6756	
0.972285	0.000925628	0.233797	0.00113467	0.999962	-0.00867772	-0.233796	0.0087025	0.972247	-5.72509	0.191104	48.5584	
0.97124	0.000964631	0.238099	0.00118554	0.99996	-0.00888722	-0.238098	0.0089139	0.9712	-5.93923	0.199099	49.4404	
0.970176	0.00100458	0.242398	0.0012378	0.999958	-0.00909836	-0.242397	0.00912706	0.970134	-6.15727	0.207285	50.3213	
0.969093	0.00104549	0.246694	0.00129147	0.999956	-0.00931113	-0.246693	0.00934195	0.969049	-6.37922	0.215666	51.2013	
0.96799	0.00108737	0.250985	0.00134655	0.999954	-0.00952552	-0.250984	0.00955857	0.967944	-6.60506	0.224243	52.0803	
0.966868	0.00113022	0.255273	0.00140307	0.999952	-0.00974151	-0.255272	0.00977693	0.96682	-6.83479	0.233017	52.9583	
0.965727	0.00117405	0.259557	0.00146104	0.999949	-0.00995911	-0.259555	0.009997	0.965677	-7.06841	0.241991	53.8352	
0.964731	0.00121882	0.263235	0.00237722	0.999908	-0.013342	-0.263227	0.0134972	0.964639	-7.30565	0.252652	54.7112	
0.963719	0.00127706	0.266917	0.00330709	0.999855	-0.0167242	-0.2669	0.0170001	0.963574	-7.54621	0.266491	55.5862	
0.96269	0.00134882	0.270602	0.00425062	0.999789	-0.0201054	-0.270572	0.0205055	0.962481	-7.79011	0.283511	56.4602	
0.961646	0.00143416	0.274291	0.00520778	0.999711	-0.0234853	-0.274245	0.0240129	0.96136	-8.03734	0.303713	57.3332	
0.960585	0.00153313	0.277981	0.00617853	0.99962	-0.0268636	-0.277916	0.0275223	0.960211	-8.28791	0.327099	58.2052	
0.959509	0.00164577	0.281672	0.00716284	0.999517	-0.03024	-0.281586	0.0310331	0.959034	-8.5418	0.353671	59.0761	
0.958417	0.0017721	0.285365	0.00816066	0.999402	-0.0336143	-0.285254	0.0345453	0.957829	-8.79903	0.38343	59.946	
0.95731	0.00191216	0.289058	0.00917195	0.999274	-0.0369862	-0.288919	0.0380584	0.956597	-9.05958	0.416376	60.8147	
0.956186	0.00206598	0.292752	0.0101966	0.999133	-0.0403553	-0.292581	0.0415723	0.955337	-9.32346	0.452512	61.6823	
0.955048	0.00223356	0.296444	0.0112347	0.998981	-0.0437215	-0.296239	0.0450866	0.954049	-9.59066	0.491837	62.5488	
0.953894	0.00241492	0.300135	0.0122861	0.998815	-0.0470844	-0.299893	0.048601	0.952734	-9.86118	0.534351	63.4141	
0.952725	0.00261006	0.303824	0.0133507	0.998638	-0.0504438	-0.303542	0.0521153	0.951392	-10.135	0.580055	64.2781	
0.95154	0.00281898	0.307511	0.0144285	0.998448	-0.0537994	-0.307185	0.0556293	0.950022	-10.4122	0.628949	65.141	
0.950341	0.00304167	0.311195	0.0155195	0.998245	-0.057151	-0.310823	0.0591425	0.948626	-10.6926	0.681031	66.0026	
0.949127	0.00327813	0.314876	0.0166234	0.99803	-0.0604982	-0.314454	0.0626548	0.947203	-10.9763	0.736301	66.8629	
0.947899	0.00352832	0.318552	0.0177404	0.997802	-0.0638408	-0.318077	0.0661659	0.945753	-11.2634	0.794758	67.7219	
0.946656	0.00379223	0.322224	0.0188702	0.997563	-0.0671786	-0.321693	0.0696754	0.944277	-11.5537	0.856402	68.5795	
0.945399	0.00406982	0.325891	0.0200128	0.99731	-0.0705113	-0.325301	0.0731832	0.942774	-11.8473	0.921229	69.4359	
0.944127	0.00436106	0.329552	0.0211682	0.997046	-0.0738386	-0.3289	0.076689	0.941246	-12.1442	0.98924	70.2908	
0.945367	0.00402803	0.325985	0.0284799	0.99508	-0.0948883	-0.324763	0.0989882	0.940601	-12.4408	1.06896	71.1448	
0.94659	0.00361056	0.322421	0.0356971	0.992617	-0.115918	-0.320459	0.121236	0.939472	-12.7336	1.1689	71.998	
0.947796	0.00310885	0.318862	0.0428162	0.989657	-0.136917	-0.315989	0.143422	0.93786	-13.0224	1.28901	72.8499	
0.948985	0.00252316	0.31531	0.0498335	0.986201	-0.157875	-0.311357	0.165534	0.935764	-13.3071	1.42921	73.7002	
0.950157	0.00185381	0.311767	0.0567454	0.982251	-0.178781	-0.306565	0.187561	0.933187	-13.5875	1.58945	74.5484	
0.95131	0.00110112	0.308235	0.0635483	0.97781	-0.199623	-0.301615	0.209491	0.93013	-13.8635	1.76964	75.3939	
0.952444	0.000265493	0.304715	0.0702387	0.972879	-0.220392	-0.296509	0.231314	0.926594	-14.135	1.96968	76.2365	
0.953558	-0.000652645	0.30121	0.0768132	0.967462	-0.241076	-0.291251	0.253017	0.922581	-14.4017	2.18947	77.0757	
0.954652	-0.00165282	0.29772	0.0832684	0.96156	-0.261665	-0.285843	0.27459	0.918093	-14.6636	2.4289	77.911	
0.955725	-0.00273452	0.294249	0.089601	0.955177	-0.282149	-0.280288	0.296022	0.913132	-14.9205	2.68785	78.742	
0.956777	-0.00389719	0.290797	0.0958077	0.948317	-0.302516	-0.274589	0.317301	0.907701	-15.1723	2.96618	79.5684	
0.957807	-0.00514022	0.287367	0.101885	0.940982	-0.322757	-0.268748	0.338417	0.901803	-15.4189	3.26375	80.3895	
0.958814	-0.00646298	0.28396	0.107831	0.933177	-0.34286	-0.262769	0.359359	0.895441	-15.6601	3.58041	81.2051	
0.959799	-0.00786479	0.280578	0.113641	0.924906	-0.362816	-0.256654	0.380116	0.888617	-15.8958	3.91598	82.0147	
0.96076	-0.00934493	0.277223	0.119313	0.916172	-0.382614	-0.250408	0.400677	0.881337	-16.1259	4.27031	82.818	
0.961698	-0.0109026	0.273896	0.124843	0.90698	-0.402244	-0.244033	0.421032	0.873602	-16.3503	4.64321	83.6144	
0.96261	-0.0125371	0.270599	0.13023	0.897336	-0.421697	-0.237531	0.44117	0.865418	-16.5688	5.03448	84.4035	
0.963499	-0.0142475	0.267334	0.13547	0.887244	-0.440961	-0.230908	0.461081	0.856788	-16.7814	5.44393	85.1851	
0.964361	-0.0160329	0.264103	0.14056	0.876709	-0.460027	-0.224166	0.480754	0.847718	-16.9879	5.87134	85.9586	
0.965198	-0.0178924	0.260907	0.145498	0.865736	-0.478885	-0.217308	0.50018	0.83821	-17.1883	6.3165	86.7237	
