1	0	0	0	1	0	0	0	1	0	0	0	
0.999998	-1.11679e-06	0.00182649	-1.11679e-06	0.999999	0.00122288	-0.00182649	-0.00122288	0.999998	-0.000764266	-0.000511695	0.836868	
0.999993	-4.48051e-06	0.00365804	-4.48238e-06	0.999997	0.00245018	-0.00365804	-0.00245018	0.99999	-0.00305918	-0.00204863	1.67373	
0.999985	-1.01115e-05	0.00549459	-1.0119e-05	0.999993	0.00368185	-0.00549459	-0.00368185	0.999978	-0.00688896	-0.00461448	2.51059	
0.999973	-1.80298e-05	0.00733607	-1.80487e-05	0.999988	0.00491786	-0.00733607	-0.00491786	0.999961	-0.0122578	-0.00821289	3.34743	
0.999958	-2.82554e-05	0.00918241	-2.82932e-05	0.999981	0.00615817	-0.00918241	-0.00615817	0.999939	-0.0191697	-0.0128475	4.18426	
0.999939	-4.08079e-05	0.0110336	-4.08743e-05	0.999973	0.00740275	-0.0110335	-0.00740275	0.999912	-0.0276287	-0.0185218	5.02107	
0.999917	-5.57068e-05	0.0128894	-5.58133e-05	0.999963	0.00865155	-0.0128894	-0.00865155	0.999879	-0.0376389	-0.0252395	5.85785	
0.999891	-7.29713e-05	0.0147499	-7.31315e-05	0.999951	0.00990453	-0.0147499	-0.00990453	0.999842	-0.0492042	-0.033004	6.6946	
0.999862	-9.26203e-05	0.0166151	-9.28499e-05	0.999938	0.0111617	-0.0166151	-0.0111617	0.9998	-0.0623284	-0.0418188	7.53132	
0.999829	-0.000114673	0.0184847	-0.000114989	0.999923	0.0124229	-0.0184847	-0.0124229	0.999752	-0.0770153	-0.0516874	8.368	
0.999793	-0.000139147	0.0203588	-0.00013957	0.999906	0.0136882	-0.0203588	-0.0136882	0.999699	-0.0932688	-0.0626132	9.20464	
0.999753	-0.000166062	0.0222374	-0.000166613	0.999888	0.0149575	-0.0222374	-0.0149575	0.999641	-0.111093	-0.0745995	10.0412	
0.999709	-0.000195434	0.0241202	-0.000196138	0.999868	0.0162308	-0.0241202	-0.0162308	0.999577	-0.13049	-0.0876498	10.8778	
0.999662	-0.000227283	0.0260073	-0.000228166	0.999847	0.017508	-0.0260073	-0.0175081	0.999508	-0.151465	-0.101767	11.7143	
0.999611	-0.000261625	0.0278986	-0.000262715	0.999823	0.0187892	-0.0278986	-0.0187892	0.999434	-0.174021	-0.116955	12.5507	
0.999556	-0.000298479	0.029794	-0.000299805	0.999798	0.0200742	-0.029794	-0.0200742	0.999354	-0.198162	-0.133217	13.387	
0.999498	-0.00033786	0.0316935	-0.000339456	0.999772	0.021363	-0.0316934	-0.0213631	0.999269	-0.22389	-0.150556	14.2233	
0.999435	-0.000379787	0.0335969	-0.000381686	0.999743	0.0226557	-0.0335969	-0.0226557	0.999179	-0.25121	-0.168975	15.0596	
0.999369	-0.000424275	0.0355043	-0.000426515	0.999713	0.023952	-0.0355043	-0.0239521	0.999082	-0.280124	-0.188477	15.8957	
0.9993	-0.000471341	0.0374155	-0.000473961	0.999681	0.0252521	-0.0374155	-0.0252521	0.998981	-0.310636	-0.209066	16.7318	
0.999226	-0.000521	0.0393305	-0.000524042	0.999647	0.0265558	-0.0393305	-0.0265559	0.998873	-0.34275	-0.230744	17.5677	
0.999149	-0.00057327	0.0412493	-0.000576777	0.999612	0.0278631	-0.0412492	-0.0278632	0.99876	-0.376467	-0.253515	18.4036	
0.999067	-0.000628165	0.0431716	-0.000632183	0.999574	0.029174	-0.0431716	-0.0291741	0.998642	-0.411792	-0.277381	19.2394	
0.998982	-0.000685701	0.0450976	-0.000690278	0.999535	0.0304885	-0.0450975	-0.0304886	0.998517	-0.448726	-0.302346	20.0751	
0.998893	-0.000745892	0.0470271	-0.000751079	0.999494	0.0318064	-0.047027	-0.0318065	0.998387	-0.487275	-0.328413	20.9106	
0.9988	-0.000808754	0.04896	-0.000814604	0.999451	0.0331278	-0.0489599	-0.0331279	0.998251	-0.527439	-0.355584	21.7461	
0.998704	-0.000874302	0.0508963	-0.000880868	0.999406	0.0344526	-0.0508962	-0.0344528	0.99811	-0.569222	-0.383862	22.5815	
0.998603	-0.000942549	0.0528359	-0.00094989	0.999359	0.0357807	-0.0528358	-0.0357809	0.997962	-0.612627	-0.41325	23.4167	
0.998498	-0.00101351	0.0547787	-0.00102169	0.999311	0.0371122	-0.0547786	-0.0371124	0.997809	-0.657657	-0.443751	24.2518	
0.998389	-0.0010872	0.0567248	-0.00109627	0.99926	0.038447	-0.0567246	-0.0384472	0.997649	-0.704313	-0.475368	25.0867	
0.998277	-0.00116362	0.0586739	-0.00117366	0.999208	0.039785	-0.0586737	-0.0397853	0.997484	-0.7526	-0.508103	25.9216	
0.99816	-0.00124281	0.060626	-0.00125387	0.999153	0.0411262	-0.0606258	-0.0411265	0.997313	-0.802519	-0.541959	26.7563	
0.998039	-0.00132476	0.0625811	-0.00133692	0.999097	0.0424705	-0.0625809	-0.0424709	0.997136	-0.854073	-0.576939	27.5908	
0.997914	-0.00140948	0.0645392	-0.00142281	0.999039	0.043818	-0.0645389	-0.0438184	0.996953	-0.907264	-0.613046	28.4252	
0.997785	-0.001497	0.0665	-0.00151158	0.998978	0.0451685	-0.0664997	-0.045169	0.996764	-0.962095	-0.650281	29.2595	
0.997652	-0.00158733	0.0684636	-0.00160322	0.998916	0.046522	-0.0684632	-0.0465226	0.996568	-1.01857	-0.688648	30.0935	
0.997515	-0.00168047	0.0704299	-0.00169776	0.998852	0.0478785	-0.0704295	-0.0478791	0.996367	-1.07669	-0.728149	30.9274	
0.997374	-0.00177644	0.0723988	-0.00179521	0.998785	0.049238	-0.0723984	-0.0492387	0.99616	-1.13645	-0.768786	31.7612	
0.997229	-0.00187524	0.0743703	-0.00189558	0.998717	0.0506003	-0.0743698	-0.0506011	0.995946	-1.19786	-0.810563	32.5948	
0.99708	-0.0019769	0.0763443	-0.00199889	0.998647	0.0519655	-0.0763437	-0.0519664	0.995726	-1.26093	-0.85348	33.4281	
0.996926	-0.00208141	0.0783207	-0.00210514	0.998575	0.0533335	-0.07832	-0.0533344	0.995501	-1.32564	-0.897542	34.2613	
0.996768	-0.0021888	0.0802994	-0.00221436	0.9985	0.0547043	-0.0802987	-0.0547053	0.995269	-1.39201	-0.94275	35.0943	
0.996607	-0.00229907	0.0822804	-0.00232655	0.998424	0.0560777	-0.0822797	-0.0560789	0.99503	-1.46004	-0.989105	35.9272	
0.996441	-0.00241223	0.0842637	-0.00244173	0.998345	0.0574539	-0.0842628	-0.0574551	0.994786	-1.52973	-1.03661	36.7598	
0.99627	-0.00252829	0.0862491	-0.00255991	0.998265	0.0588327	-0.0862481	-0.058834	0.994535	-1.60108	-1.08527	37.5922	
0.996096	-0.00264726	0.0882365	-0.0026811	0.998182	0.060214	-0.0882355	-0.0602155	0.994278	-1.67409	-1.13509	38.4244	
0.995917	-0.00276914	0.090226	-0.00280531	0.998097	0.0615979	-0.0902249	-0.0615995	0.994015	-1.74876	-1.18606	39.2563	
0.995735	-0.00289396	0.0922174	-0.00293256	0.99801	0.0629843	-0.0922162	-0.0629861	0.993745	-1.8251	-1.23819	40.0881	
0.995548	-0.00302171	0.0942107	-0.00306285	0.997921	0.0643731	-0.0942094	-0.0643751	0.993469	-1.90311	-1.29148	40.9196	
0.995356	-0.0031524	0.0962058	-0.00319619	0.99783	0.0657644	-0.0962044	-0.0657665	0.993187	-1.98278	-1.34594	41.7509	
0.995161	-0.00328605	0.0982026	-0.0033326	0.997737	0.0671579	-0.0982011	-0.0671602	0.992898	-2.06413	-1.40156	42.5819	
0.994961	-0.00342265	0.100201	-0.00347209	0.997641	0.0685539	-0.100199	-0.0685563	0.992603	-2.14715	-1.45835	43.4127	
0.994757	-0.00356222	0.102201	-0.00361466	0.997544	0.069952	-0.102199	-0.0699547	0.992301	-2.23184	-1.5163	44.2433	
0.994549	-0.00370477	0.104203	-0.00376033	0.997444	0.0713525	-0.104201	-0.0713554	0.991993	-2.3182	-1.57543	45.0736	
0.994337	-0.00385029	0.106206	-0.0039091	0.997342	0.072755	-0.106204	-0.0727582	0.991679	-2.40624	-1.63573	45.9036	
0.99412	-0.00399881	0.10821	-0.00406098	0.997238	0.0741598	-0.108208	-0.0741631	0.991358	-2.49596	-1.69721	46.7334	
0.993899	-0.00415031	0.110216	-0.00421598	0.997132	0.0755666	-0.110214	-0.0755702	0.991031	-2.58736	-1.75987	47.5629	
0.993755	-0.00425145	0.111505	-0.00470504	0.996789	0.0799378	-0.111487	-0.0799632	0.990544	-2.68012	-1.82495	48.392	
0.993608	-0.00435888	0.1128	-0.00520014	0.996426	0.0843105	-0.112764	-0.0843582	0.990034	-2.77396	-1.8937	49.2208	
0.993459	-0.00447264	0.114101	-0.00570128	0.996043	0.0886843	-0.114046	-0.0887548	0.989503	-2.86886	-1.96614	50.0491	
0.993308	-0.00459276	0.115407	-0.00620849	0.995641	0.0930592	-0.115331	-0.0931529	0.98895	-2.96484	-2.04226	50.8769	
0.993154	-0.00471929	0.116719	-0.00672177	0.995219	0.0974347	-0.116621	-0.0975522	0.988374	-3.0619	-2.12205	51.7043	
0.992997	-0.00485225	0.118036	-0.00724113	0.994777	0.101811	-0.117913	-0.101953	0.987776	-3.16004	-2.20553	52.5312	
0.992839	-0.00499167	0.119358	-0.00776658	0.994316	0.106187	-0.119209	-0.106354	0.987157	-3.25926	-2.2927	53.3576	
0.992678	-0.00513757	0.120684	-0.00829813	0.993834	0.110564	-0.120508	-0.110755	0.986515	-3.35956	-2.38354	54.1835	
0.992514	-0.00528999	0.122015	-0.00883579	0.993333	0.11494	-0.121809	-0.115158	0.985851	-3.46096	-2.47807	55.0088	
0.992348	-0.00544893	0.123349	-0.00937954	0.992812	0.119316	-0.123113	-0.11956	0.985164	-3.56344	-2.57629	55.8335	
0.99218	-0.0056144	0.124688	-0.00992941	0.992271	0.123691	-0.124419	-0.123962	0.984456	-3.66702	-2.67819	56.6577	
0.99201	-0.00578643	0.12603	-0.0104854	0.99171	0.128066	-0.125726	-0.128364	0.983725	-3.77169	-2.78377	57.4812	
0.991837	-0.00596501	0.127375	-0.0110475	0.99113	0.132439	-0.127035	-0.132765	0.982973	-3.87745	-2.89303	58.3041	
0.991662	-0.00615014	0.128722	-0.0116156	0.990529	0.136811	-0.128345	-0.137166	0.982198	-3.98431	-3.00598	59.1264	
0.991484	-0.00634183	0.130073	-0.0121899	0.989909	0.141182	-0.129656	-0.141565	0.981401	-4.09227	-3.12261	59.9481	
0.991304	-0.00654007	0.131426	-0.0127703	0.989268	0.145551	-0.130967	-0.145963	0.980583	-4.20132	-3.24292	60.769	
0.991123	-0.00674486	0.13278	-0.0133567	0.988608	0.149918	-0.132279	-0.15036	0.979742	-4.31147	-3.36692	61.5893	
0.990938	-0.00695618	0.134137	-0.0139492	0.987928	0.154283	-0.133591	-0.154756	0.978879	-4.42272	-3.49459	62.4089	
0.990752	-0.00717401	0.135495	-0.0145478	0.987228	0.158645	-0.134903	-0.159149	0.977994	-4.53507	-3.62594	63.2277	
0.990564	-0.00739834	0.136854	-0.0151524	0.986509	0.163005	-0.136214	-0.163541	0.977088	-4.64851	-3.76096	64.0458	
0.990373	-0.00762915	0.138214	-0.015763	0.985769	0.167363	-0.137524	-0.16793	0.976159	-4.76305	-3.89966	64.8631	
0.99018	-0.00786641	0.139575	-0.0163797	0.98501	0.171717	-0.138833	-0.172317	0.975209	-4.87869	-4.04203	65.6796	
0.989986	-0.00811009	0.140936	-0.0170023	0.984231	0.176068	-0.140141	-0.176701	0.974237	-4.99543	-4.18807	66.4953	
0.989789	-0.00836015	0.142297	-0.017631	0.983432	0.180415	-0.141448	-0.181082	0.973243	-5.11325	-4.33778	67.3102	
0.98959	-0.00861657	0.143658	-0.0182655	0.982614	0.184759	-0.142752	-0.18546	0.972228	-5.23217	-4.49116	68.1243	
0.989389	-0.00887929	0.145018	-0.018906	0.981776	0.189099	-0.144055	-0.189835	0.971191	-5.35218	-4.64819	68.9375	
0.989186	-0.00914828	0.146378	-0.0195524	0.980918	0.193435	-0.145355	-0.194206	0.970132	-5.47328	-4.80889	69.7498	
0.988982	-0.00942348	0.147737	-0.0202047	0.980041	0.197767	-0.146652	-0.198573	0.969052	-5.59547	-4.97324	70.5612	
0.988775	-0.00970486	0.149094	-0.0208628	0.979144	0.202094	-0.147946	-0.202936	0.967951	-5.71874	-5.14125	71.3717	
0.989422	-0.00875835	0.1448	-0.023838	0.97479	0.221846	-0.143093	-0.222951	0.96427	-5.84052	-5.31946	72.1802	
0.990047	-0.00772309	0.140523	-0.0267132	0.970028	0.241519	-0.138177	-0.242869	0.960168	-5.95822	-5.51438	72.9855	
0.99065	-0.00659954	0.136265	-0.0294874	0.96486	0.261103	-0.1332	-0.26268	0.955645	-6.07178	-5.72593	73.7872	
0.991231	-0.00538819	0.132029	-0.0321592	0.959289	0.280591	-0.128165	-0.282376	0.950704	-6.18114	-5.95401	74.5849	
0.99179	-0.00408956	0.127815	-0.0347275	0.953315	0.299973	-0.123075	-0.301949	0.945346	-6.28628	-6.19852	75.3783	
0.992325	-0.00270424	0.123626	-0.0371911	0.946943	0.319241	-0.11793	-0.321389	0.939575	-6.38712	-6.45935	76.1671	
0.992838	-0.00123281	0.119463	-0.0395491	0.940175	0.338388	-0.112733	-0.340689	0.933393	-6.48365	-6.7364	76.9508	
0.993327	0.00032407	0.115329	-0.0418002	0.933014	0.357403	-0.107488	-0.359839	0.926802	-6.5758	-7.02953	77.7292	
0.993793	0.00196572	0.111225	-0.0439437	0.925463	0.37628	-0.102195	-0.378832	0.919806	-6.66354	-7.33863	78.5019	
0.994236	0.00369143	0.107153	-0.0459785	0.917526	0.39501	-0.0968575	-0.39766	0.912406	-6.74683	-7.66355	79.2686	
0.994654	0.00550043	0.103115	-0.0479038	0.909205	0.413584	-0.0914776	-0.416313	0.904608	-6.82564	-8.00416	80.0289	
0.995049	0.00739194	0.0991122	-0.0497186	0.900504	0.431995	-0.0860577	-0.434784	0.896413	-6.89993	-8.3603	80.7826	
0.995419	0.00936513	0.0951468	-0.0514223	0.891428	0.450234	-0.0806001	-0.453065	0.887827	-6.96967	-8.73182	81.5292	
