1	0	0	0	1	0	0	0	1	0	0	0	
0.999999	2.84731e-07	0.00101127	2.84731e-07	1	-0.000563116	-0.00101127	0.000563116	0.999999	-0.000530405	0.000295352	1.04899	
0.999998	1.14612e-06	0.00202898	1.14598e-06	0.999999	-0.00112968	-0.00202898	0.00112968	0.999997	-0.002125	0.00118321	2.09798	
0.999995	2.59489e-06	0.00305309	2.5943e-06	0.999999	-0.00169965	-0.00305309	0.00169965	0.999994	-0.00479052	0.00266718	3.14696	
0.999992	4.64169e-06	0.00408353	4.64021e-06	0.999997	-0.002273	-0.00408353	0.002273	0.999989	-0.00853364	0.00475081	4.19594	
0.999987	7.29712e-06	0.00512024	7.29413e-06	0.999996	-0.0028497	-0.00512024	0.0028497	0.999983	-0.013361	0.00743764	5.24492	
0.999981	1.05717e-05	0.00616318	1.05664e-05	0.999994	-0.0034297	-0.00616318	0.0034297	0.999975	-0.0192791	0.0107312	6.29389	
0.999974	1.44759e-05	0.00721228	1.44674e-05	0.999992	-0.00401299	-0.00721228	0.00401299	0.999966	-0.0262944	0.0146348	7.34285	
0.999966	1.90201e-05	0.00826749	1.90073e-05	0.999989	-0.00459952	-0.00826749	0.00459952	0.999955	-0.0344135	0.019152	8.3918	
0.999956	2.42145e-05	0.00932875	2.41962e-05	0.999987	-0.00518926	-0.00932875	0.00518926	0.999943	-0.0436426	0.0242862	9.44073	
0.999946	3.00695e-05	0.010396	3.00442e-05	0.999983	-0.00578218	-0.010396	0.00578218	0.999929	-0.0539882	0.0300407	10.4897	
0.999934	3.65952e-05	0.0114692	3.65612e-05	0.99998	-0.00637825	-0.0114692	0.00637825	0.999914	-0.0654563	0.0364188	11.5386	
0.999921	4.38017e-05	0.0125482	4.37572e-05	0.999976	-0.00697742	-0.0125482	0.00697742	0.999897	-0.0780534	0.0434237	12.5875	
0.999907	5.16988e-05	0.0136331	5.16419e-05	0.999971	-0.00757967	-0.0136331	0.00757967	0.999878	-0.0917853	0.0510589	13.6363	
0.999892	6.02966e-05	0.0147237	6.0225e-05	0.999967	-0.00818496	-0.0147237	0.00818495	0.999858	-0.106658	0.0593273	14.6852	
0.999875	6.96049e-05	0.0158201	6.95162e-05	0.999961	-0.00879325	-0.0158201	0.00879325	0.999836	-0.122678	0.0682323	15.734	
0.999857	7.96332e-05	0.016922	7.9525e-05	0.999956	-0.00940451	-0.016922	0.00940451	0.999813	-0.139851	0.0777769	16.7828	
0.999837	9.03914e-05	0.0180296	9.02608e-05	0.99995	-0.0100187	-0.0180296	0.0100187	0.999787	-0.158183	0.0879643	17.8316	
0.999817	0.000101889	0.0191426	0.000101733	0.999943	-0.0106358	-0.0191426	0.0106358	0.99976	-0.17768	0.0987975	18.8803	
0.999795	0.000114135	0.0202611	0.00011395	0.999937	-0.0112558	-0.0202611	0.0112558	0.999731	-0.198347	0.11028	19.9291	
0.999771	0.000127139	0.021385	0.000126923	0.999929	-0.0118786	-0.021385	0.0118786	0.999701	-0.22019	0.122413	20.9778	
0.999747	0.00014091	0.0225143	0.000140658	0.999922	-0.0125042	-0.0225143	0.0125042	0.999668	-0.243215	0.135202	22.0264	
0.99972	0.000155458	0.0236488	0.000155167	0.999914	-0.0131325	-0.0236488	0.0131325	0.999634	-0.267428	0.148648	23.075	
0.999693	0.000170791	0.0247885	0.000170456	0.999905	-0.0137636	-0.0247885	0.0137636	0.999598	-0.292833	0.162755	24.1236	
0.999664	0.000186918	0.0259333	0.000186536	0.999896	-0.0143973	-0.0259333	0.0143973	0.99956	-0.319436	0.177525	25.1722	
0.999633	0.000203847	0.0270833	0.000203414	0.999887	-0.0150338	-0.0270833	0.0150337	0.99952	-0.347243	0.192962	26.2207	
0.999601	0.000221589	0.0282383	0.000221099	0.999877	-0.0156728	-0.0282383	0.0156728	0.999478	-0.376259	0.209067	27.2692	
0.999568	0.00024015	0.0293982	0.000239599	0.999867	-0.0163144	-0.0293982	0.0163144	0.999435	-0.406489	0.225844	28.3176	
0.999533	0.00025954	0.030563	0.000258922	0.999856	-0.0169585	-0.030563	0.0169585	0.999389	-0.437938	0.243296	29.3659	
0.999496	0.000279767	0.0317327	0.000279077	0.999845	-0.0176052	-0.0317327	0.0176052	0.999341	-0.470612	0.261424	30.4143	
0.999458	0.000300838	0.0329071	0.00030007	0.999833	-0.0182543	-0.0329071	0.0182543	0.999292	-0.504515	0.280233	31.4625	
0.999419	0.000322763	0.0340862	0.000321911	0.999821	-0.0189059	-0.0340862	0.0189059	0.99924	-0.539653	0.299723	32.5108	
0.999378	0.000345548	0.03527	0.000344607	0.999809	-0.0195598	-0.03527	0.0195598	0.999186	-0.57603	0.319898	33.5589	
0.999335	0.000369202	0.0364583	0.000368165	0.999796	-0.0202161	-0.0364583	0.0202161	0.999131	-0.613651	0.34076	34.607	
0.999291	0.000393732	0.0376512	0.000392593	0.999782	-0.0208748	-0.0376512	0.0208747	0.999073	-0.652521	0.362312	35.6551	
0.999245	0.000419145	0.0388485	0.000417897	0.999768	-0.0215357	-0.0388485	0.0215357	0.999013	-0.692645	0.384556	36.7031	
0.999198	0.000445449	0.0400502	0.000444085	0.999753	-0.0221989	-0.0400502	0.0221988	0.998951	-0.734027	0.407495	37.751	
0.999148	0.000472652	0.0412562	0.000471164	0.999738	-0.0228642	-0.0412562	0.0228642	0.998887	-0.776672	0.43113	38.7988	
0.999098	0.000500759	0.0424664	0.000499141	0.999723	-0.0235318	-0.0424665	0.0235317	0.998821	-0.820584	0.455464	39.8466	
0.999045	0.000529779	0.0436809	0.000528022	0.999707	-0.0242015	-0.0436809	0.0242014	0.998752	-0.865768	0.4805	40.8944	
0.998991	0.000559718	0.0448994	0.000557813	0.99969	-0.0248733	-0.0448995	0.0248732	0.998682	-0.912228	0.50624	41.942	
0.998936	0.000590581	0.046122	0.000588522	0.999673	-0.0255471	-0.0461221	0.0255471	0.998609	-0.959968	0.532685	42.9896	
0.998878	0.000622377	0.0473486	0.000620154	0.999656	-0.026223	-0.0473487	0.0262229	0.998534	-1.00899	0.559838	44.0371	
0.998819	0.000655111	0.0485791	0.000652716	0.999638	-0.0269008	-0.0485792	0.0269008	0.998457	-1.05931	0.587701	45.0845	
0.998758	0.000688789	0.0498135	0.000686212	0.999619	-0.0275806	-0.0498135	0.0275806	0.998378	-1.11091	0.616276	46.1318	
0.998696	0.000723418	0.0510517	0.00072065	0.9996	-0.0282623	-0.0510517	0.0282623	0.998296	-1.16382	0.645565	47.179	
0.998631	0.000759002	0.0522935	0.000756034	0.999581	-0.0289459	-0.0522936	0.0289458	0.998212	-1.21802	0.675571	48.2262	
0.998565	0.000795549	0.053539	0.00079237	0.999561	-0.0296313	-0.0535391	0.0296312	0.998126	-1.27353	0.706294	49.2733	
0.998498	0.000833062	0.0547881	0.000829664	0.99954	-0.0303185	-0.0547882	0.0303184	0.998038	-1.33035	0.737738	50.3203	
0.998428	0.000871548	0.0560408	0.000867919	0.999519	-0.0310075	-0.0560408	0.0310074	0.997947	-1.38848	0.769903	51.3671	
0.998357	0.000911012	0.0572968	0.000907142	0.999497	-0.0316982	-0.0572969	0.0316981	0.997854	-1.44792	0.802791	52.4139	
0.998284	0.000951459	0.0585563	0.000947336	0.999475	-0.0323905	-0.0585563	0.0323904	0.997758	-1.50868	0.836405	53.4606	
0.998209	0.000992893	0.059819	0.000988507	0.999452	-0.0330845	-0.0598191	0.0330844	0.997661	-1.57077	0.870747	54.5072	
0.998132	0.00103532	0.061085	0.00103066	0.999429	-0.0337802	-0.0610851	0.03378	0.997561	-1.63419	0.905817	55.5537	
0.998054	0.00107874	0.0623542	0.00107379	0.999405	-0.0344773	-0.0623543	0.0344772	0.997458	-1.69893	0.941617	56.6001	
0.997973	0.00112317	0.0636265	0.00111792	0.999381	-0.035176	-0.0636265	0.0351759	0.997354	-1.76501	0.97815	57.6463	
0.997891	0.0011686	0.0649018	0.00116304	0.999356	-0.0358762	-0.0649019	0.035876	0.997247	-1.83242	1.01542	58.6925	
0.997807	0.00121503	0.06618	0.00120915	0.99933	-0.0365778	-0.0661802	0.0365776	0.997137	-1.90117	1.05342	59.7385	
0.997721	0.00126249	0.0674612	0.00125627	0.999304	-0.0372809	-0.0674613	0.0372807	0.997025	-1.97126	1.09216	60.7845	
0.997633	0.00131095	0.0687452	0.00130439	0.999277	-0.0379853	-0.0687454	0.0379851	0.996911	-2.0427	1.13163	61.8303	
0.997544	0.00136044	0.070032	0.00135351	0.99925	-0.038691	-0.0700321	0.0386908	0.996794	-2.11549	1.17185	62.876	
0.997452	0.00141095	0.0713215	0.00140365	0.999223	-0.0393981	-0.0713216	0.0393978	0.996675	-2.18963	1.21281	63.9215	
0.997359	0.00146249	0.0726135	0.0014548	0.999194	-0.0401064	-0.0726137	0.0401061	0.996553	-2.26512	1.25451	64.967	
0.997264	0.00151506	0.0739082	0.00150696	0.999166	-0.0408159	-0.0739083	0.0408156	0.996429	-2.34197	1.29695	66.0123	
0.997167	0.00156865	0.0752053	0.00156014	0.999136	-0.0415266	-0.0752055	0.0415262	0.996303	-2.42018	1.34014	67.0574	
0.997068	0.00162329	0.0765048	0.00161434	0.999106	-0.0422384	-0.076505	0.042238	0.996174	-2.49976	1.38407	68.1025	
0.996802	0.00177335	0.0798851	0.00192387	0.998931	-0.0461809	-0.0798816	0.0461869	0.995734	-2.58178	1.43045	69.1472	
0.996525	0.00193691	0.0832661	0.00224685	0.998741	-0.0501226	-0.0832583	0.0501355	0.995266	-2.66735	1.48097	70.1915	
0.996237	0.00211399	0.0866474	0.00258326	0.998534	-0.0540632	-0.0866347	0.0540836	0.994771	-2.75645	1.53563	71.2353	
0.994907	0.0030376	0.100748	0.00464875	0.997099	-0.0759703	-0.100687	0.0760518	0.992007	-2.85471	1.60389	72.2774	
0.993379	0.00427267	0.114805	0.00702336	0.99518	-0.0978089	-0.114669	0.0979676	0.988561	-2.96767	1.69517	73.3163	
0.991653	0.00581835	0.128808	0.00970546	0.992779	-0.119564	-0.128573	0.119816	0.984435	-3.09526	1.8094	74.3511	
0.989729	0.00767357	0.142747	0.0126932	0.989897	-0.141221	-0.142389	0.141582	0.979633	-3.23738	1.94651	75.3813	
0.987611	0.00983707	0.156614	0.0159846	0.986536	-0.162764	-0.156106	0.163251	0.974156	-3.39395	2.1064	76.4062	
0.985298	0.0123073	0.170398	0.0195772	0.982698	-0.184179	-0.169717	0.184807	0.96801	-3.56485	2.28897	77.4249	
0.982794	0.0150827	0.18409	0.0234687	0.978386	-0.205451	-0.18321	0.206237	0.961197	-3.74997	2.49408	78.4368	
0.980098	0.0181612	0.197681	0.0276565	0.973603	-0.226566	-0.196578	0.227524	0.953724	-3.94918	2.7216	79.4412	
0.977214	0.0215408	0.211161	0.0321375	0.968352	-0.247509	-0.20981	0.248655	0.945595	-4.16234	2.97137	80.4374	
0.974143	0.0252192	0.224521	0.0369087	0.962638	-0.268265	-0.222898	0.269615	0.936816	-4.38931	3.24321	81.4248	
0.970887	0.0291937	0.237752	0.0419669	0.956463	-0.288821	-0.235833	0.29039	0.927392	-4.62992	3.53695	82.4026	
0.967449	0.0334617	0.250845	0.0473085	0.949832	-0.309162	-0.248605	0.310965	0.917331	-4.88402	3.85238	83.3702	
0.963831	0.0380202	0.26379	0.0529299	0.94275	-0.329273	-0.261207	0.331326	0.906639	-5.15143	4.18928	84.327	
0.960035	0.0428662	0.276579	0.0588272	0.935221	-0.349143	-0.273629	0.351459	0.895323	-5.43197	4.54741	85.2721	
0.956064	0.0479962	0.289203	0.0649964	0.927251	-0.368756	-0.285863	0.371351	0.883392	-5.72543	4.92655	86.2051	
0.951921	0.0534067	0.301653	0.0714333	0.918845	-0.388099	-0.2979	0.390987	0.870853	-6.03163	5.32641	87.1253	
0.947608	0.0590941	0.313922	0.0781333	0.910009	-0.407159	-0.309732	0.410354	0.857715	-6.35035	5.74673	88.0319	
0.943129	0.0650543	0.325999	0.0850919	0.900749	-0.425922	-0.321352	0.42944	0.843987	-6.68137	6.18723	88.9245	
0.938487	0.0712834	0.337878	0.0923043	0.891072	-0.444377	-0.33275	0.448229	0.829679	-7.02446	6.64759	89.8024	
0.933684	0.077777	0.349549	0.0997656	0.880983	-0.46251	-0.34392	0.466711	0.814801	-7.37939	7.1275	90.665	
0.928725	0.0845307	0.361005	0.107471	0.870491	-0.480308	-0.354853	0.484871	0.799362	-7.74592	7.62662	91.5116	
0.923612	0.0915398	0.372238	0.115414	0.859601	-0.49776	-0.365542	0.502699	0.783373	-8.12378	8.14463	92.3418	
0.918349	0.0987995	0.383241	0.12359	0.848323	-0.514853	-0.375979	0.52018	0.766846	-8.51273	8.68116	93.155	
0.91294	0.106305	0.394005	0.131994	0.836662	-0.531577	-0.386158	0.537304	0.749791	-8.91249	9.23583	93.9505	
0.907388	0.11405	0.404523	0.140619	0.824629	-0.547918	-0.396072	0.554058	0.732221	-9.32279	9.80828	94.7278	
0.901698	0.122031	0.414788	0.14946	0.812229	-0.563866	-0.405713	0.570431	0.714147	-9.74334	10.3981	95.4865	
0.895872	0.130242	0.424794	0.15851	0.799474	-0.57941	-0.415075	0.586412	0.695582	-10.1739	11.0049	96.2259	
0.889916	0.138676	0.434532	0.167764	0.78637	-0.59454	-0.424151	0.60199	0.676538	-10.6141	11.6282	96.9456	
0.883833	0.147329	0.443997	0.177215	0.772927	-0.609244	-0.432936	0.617153	0.65703	-11.0636	12.2677	97.6451	
0.877628	0.156194	0.453181	0.186856	0.759154	-0.623514	-0.441424	0.631892	0.637069	-11.5222	12.9229	98.3239	
0.871304	0.165265	0.46208	0.196681	0.745062	-0.637338	-0.449607	0.646197	0.616671	-11.9896	13.5933	98.9815	
