1	0	0	0	1	0	0	0	1	0	0	0	
0.999997	3.71564e-06	-0.0022364	3.71564e-06	0.999994	0.00332287	0.0022364	-0.00332287	0.999992	0.000912067	-0.00135516	0.815654	
0.99999	1.48731e-05	-0.00447457	1.48701e-05	0.999978	0.00664706	0.00447457	-0.00664706	0.999968	0.00364899	-0.00542119	1.6313	
0.999977	3.3487e-05	-0.00671445	3.34752e-05	0.99995	0.00997249	0.00671445	-0.00997249	0.999928	0.00821219	-0.0121991	2.44691	
0.99996	5.95717e-05	-0.00895599	5.95423e-05	0.999912	0.0132991	0.00895599	-0.0132991	0.999871	0.0146031	-0.0216899	3.26249	
0.999937	9.31412e-05	-0.0111991	9.30824e-05	0.999862	0.0166267	0.0111991	-0.0166267	0.999799	0.0228229	-0.0338945	4.07801	
0.99991	0.000134209	-0.0134438	0.000134106	0.999801	0.0199553	0.0134438	-0.0199553	0.99971	0.032873	-0.0488137	4.89347	
0.999877	0.000182788	-0.01569	0.000182624	0.999729	0.0232849	0.01569	-0.0232849	0.999606	0.0447546	-0.0664483	5.70885	
0.999839	0.000238892	-0.0179376	0.000238645	0.999646	0.0266152	0.0179377	-0.0266152	0.999485	0.058469	-0.086799	6.52413	
0.999796	0.000302533	-0.0201867	0.000302179	0.999551	0.0299463	0.0201867	-0.0299463	0.999348	0.0740172	-0.109866	7.33931	
0.999748	0.000373722	-0.022437	0.000373236	0.999446	0.033278	0.022437	-0.033278	0.999194	0.0914003	-0.135651	8.15438	
0.999695	0.000452472	-0.0246886	0.000451823	0.99933	0.0366102	0.0246886	-0.0366102	0.999025	0.110619	-0.164153	8.96931	
0.999637	0.000538794	-0.0269414	0.00053795	0.999202	0.039943	0.0269414	-0.039943	0.998839	0.131676	-0.195374	9.7841	
0.999574	0.000632699	-0.0291953	0.000631624	0.999063	0.0432761	0.0291954	-0.0432761	0.998636	0.15457	-0.229313	10.5987	
0.999505	0.000734197	-0.0314504	0.000732853	0.998913	0.0466096	0.0314504	-0.0466096	0.998418	0.179303	-0.265971	11.4132	
0.999431	0.000843298	-0.0337065	0.000841644	0.998752	0.0499433	0.0337065	-0.0499432	0.998183	0.205876	-0.305348	12.2275	
0.999353	0.000960013	-0.0359636	0.000958004	0.998579	0.0532771	0.0359636	-0.053277	0.997932	0.234289	-0.347444	13.0415	
0.999269	0.00108435	-0.0382216	0.00108194	0.998396	0.0566109	0.0382216	-0.0566109	0.997664	0.264544	-0.39226	13.8554	
0.99918	0.00121632	-0.0404805	0.00121346	0.998201	0.0599448	0.0404805	-0.0599447	0.997381	0.296641	-0.439795	14.669	
0.999085	0.00135593	-0.0427401	0.00135256	0.997995	0.0632785	0.0427403	-0.0632785	0.99708	0.330581	-0.490049	15.4824	
0.998986	0.00150319	-0.0450006	0.00149925	0.997778	0.0666121	0.0450007	-0.066612	0.996764	0.366364	-0.543022	16.2956	
0.998881	0.00165811	-0.0472618	0.00165355	0.997549	0.0699453	0.0472619	-0.0699452	0.996431	0.403992	-0.598714	17.1085	
0.998771	0.00182069	-0.0495236	0.00181544	0.99731	0.0732782	0.0495238	-0.0732781	0.996081	0.443464	-0.657124	17.9211	
0.998656	0.00199094	-0.051786	0.00198494	0.997059	0.0766107	0.0517862	-0.0766105	0.995715	0.484781	-0.718253	18.7334	
0.998536	0.00216887	-0.0540489	0.00216205	0.996797	0.0799426	0.0540492	-0.0799424	0.995333	0.527944	-0.7821	19.5454	
0.99841	0.00235448	-0.0563123	0.00234678	0.996524	0.083274	0.0563126	-0.0832737	0.994934	0.572952	-0.848664	20.3571	
0.99828	0.00254779	-0.0585761	0.00253912	0.99624	0.0866046	0.0585765	-0.0866043	0.994519	0.619807	-0.917945	21.1684	
0.998144	0.00274879	-0.0608403	0.00273908	0.995944	0.0899344	0.0608407	-0.0899341	0.994088	0.668509	-0.989943	21.9794	
0.998003	0.0029575	-0.0631048	0.00294666	0.995637	0.0932634	0.0631053	-0.0932631	0.99364	0.719058	-1.06466	22.7901	
0.997856	0.00317391	-0.0653695	0.00316187	0.995319	0.0965915	0.0653701	-0.0965911	0.993175	0.771454	-1.14208	23.6004	
0.997704	0.00339803	-0.0676345	0.0033847	0.99499	0.0999185	0.0676351	-0.0999181	0.992694	0.825697	-1.22223	24.4103	
0.997547	0.00362987	-0.0698995	0.00361515	0.994649	0.103244	0.0699003	-0.103244	0.992197	0.881788	-1.30508	25.2198	
0.997385	0.00386943	-0.0721647	0.00385324	0.994298	0.106569	0.0721655	-0.106569	0.991683	0.939727	-1.39065	26.0288	
0.997218	0.00411671	-0.0744298	0.00409895	0.993935	0.109893	0.0744308	-0.109892	0.991153	0.999513	-1.47893	26.8375	
0.997045	0.00437172	-0.076695	0.00435229	0.993561	0.113215	0.0766961	-0.113214	0.990606	1.06115	-1.56992	27.6457	
0.996867	0.00463446	-0.07896	0.00461326	0.993176	0.116535	0.0789613	-0.116535	0.990043	1.12463	-1.66361	28.4535	
0.996684	0.00490493	-0.0812249	0.00488185	0.992779	0.119854	0.0812263	-0.119854	0.989463	1.18996	-1.76002	29.2608	
0.996495	0.00518313	-0.0834896	0.00515807	0.992372	0.123172	0.0834912	-0.123171	0.988867	1.25713	-1.85913	30.0676	
0.996301	0.00546907	-0.0857541	0.00544192	0.991953	0.126488	0.0857558	-0.126487	0.988255	1.32616	-1.96095	30.8739	
0.996102	0.00576274	-0.0880182	0.00573339	0.991523	0.129802	0.0880201	-0.129801	0.987626	1.39703	-2.06547	31.6797	
0.995898	0.00606416	-0.0902819	0.00603248	0.991082	0.133114	0.0902841	-0.133113	0.98698	1.46975	-2.1727	32.485	
0.995688	0.00637331	-0.0925453	0.00633919	0.99063	0.136425	0.0925476	-0.136423	0.986318	1.54431	-2.28262	33.2898	
0.995473	0.00669019	-0.0948081	0.00665351	0.990167	0.139733	0.0948107	-0.139731	0.98564	1.62072	-2.39524	34.094	
0.995253	0.00701482	-0.0970704	0.00697545	0.989692	0.143039	0.0970732	-0.143037	0.984945	1.69898	-2.51056	34.8977	
0.995027	0.00734719	-0.0993321	0.007305	0.989207	0.146343	0.0993352	-0.146341	0.984234	1.77908	-2.62858	35.7008	
0.994796	0.00768729	-0.101593	0.00764216	0.98871	0.149645	0.101597	-0.149643	0.983507	1.86102	-2.74929	36.5033	
0.99456	0.00803512	-0.103853	0.00798692	0.988203	0.152944	0.103857	-0.152942	0.982763	1.94481	-2.87269	37.3052	
0.994319	0.00839069	-0.106113	0.00833927	0.987684	0.156241	0.106117	-0.156239	0.982002	2.03045	-2.99879	38.1065	
0.994072	0.00875399	-0.108372	0.00869922	0.987154	0.159536	0.108376	-0.159533	0.981226	2.11792	-3.12757	38.9071	
0.99382	0.00912503	-0.11063	0.00906675	0.986613	0.162828	0.110634	-0.162825	0.980433	2.20724	-3.25904	39.7072	
0.993562	0.00950378	-0.112887	0.00944187	0.986061	0.166117	0.112892	-0.166114	0.979623	2.2984	-3.39319	40.5065	
0.9933	0.00989027	-0.115142	0.00982456	0.985498	0.169404	0.115148	-0.1694	0.978798	2.3914	-3.53002	41.3052	
0.993032	0.0102845	-0.117397	0.0102148	0.984924	0.172688	0.117403	-0.172683	0.977955	2.48624	-3.66953	42.1032	
0.992758	0.0106864	-0.119651	0.0106126	0.984339	0.175968	0.119658	-0.175964	0.977097	2.58292	-3.81172	42.9006	
0.99248	0.011096	-0.121904	0.011018	0.983743	0.179246	0.121911	-0.179242	0.976222	2.68144	-3.95658	43.6972	
0.992196	0.0115134	-0.124155	0.011431	0.983135	0.182521	0.124163	-0.182516	0.975332	2.7818	-4.10412	44.4931	
0.991907	0.0119384	-0.126405	0.0118514	0.982517	0.185793	0.126413	-0.185787	0.974424	2.88399	-4.25432	45.2883	
0.991774	0.0121338	-0.127428	0.0119319	0.982399	0.186411	0.127448	-0.186398	0.974173	2.98752	-4.40611	46.083	
0.991639	0.0123304	-0.128454	0.0120129	0.982281	0.187027	0.128484	-0.187007	0.97392	3.0919	-4.55839	46.8774	
0.991503	0.012528	-0.129481	0.0120945	0.982163	0.187643	0.129522	-0.187615	0.973666	3.19712	-4.71117	47.6717	
0.991365	0.0127266	-0.13051	0.0121767	0.982044	0.188258	0.130563	-0.188222	0.973409	3.30319	-4.86445	48.4658	
0.991226	0.0129263	-0.131541	0.0122594	0.981925	0.188872	0.131605	-0.188828	0.973152	3.41011	-5.01822	49.2597	
0.991086	0.0131271	-0.132574	0.0123426	0.981806	0.189485	0.132649	-0.189433	0.972892	3.51788	-5.17249	50.0533	
0.990945	0.0133288	-0.133608	0.0124264	0.981687	0.190098	0.133695	-0.190036	0.972631	3.6265	-5.32725	50.8467	
0.990802	0.0135316	-0.134645	0.0125108	0.981567	0.190709	0.134743	-0.190639	0.972369	3.73598	-5.4825	51.64	
0.990657	0.0137354	-0.135682	0.0125958	0.981447	0.19132	0.135793	-0.191241	0.972104	3.84631	-5.63824	52.433	
0.990511	0.0139402	-0.136721	0.0126813	0.981327	0.191929	0.136844	-0.191842	0.971839	3.9575	-5.79447	53.2258	
0.990364	0.0141459	-0.137762	0.0127674	0.981206	0.192538	0.137896	-0.192442	0.971571	4.06955	-5.95119	54.0184	
0.990216	0.0143527	-0.138804	0.0128541	0.981086	0.193147	0.138951	-0.193041	0.971302	4.18245	-6.1084	54.8107	
0.990066	0.0145604	-0.139847	0.0129413	0.980965	0.193754	0.140006	-0.193639	0.971031	4.29622	-6.2661	55.6029	
0.989915	0.014769	-0.140891	0.0130292	0.980844	0.194361	0.141063	-0.194237	0.970759	4.41085	-6.42429	56.3948	
0.989762	0.0149785	-0.141937	0.0131176	0.980722	0.194967	0.142121	-0.194833	0.970485	4.52634	-6.58296	57.1865	
0.989608	0.015189	-0.142984	0.0132066	0.9806	0.195573	0.14318	-0.195429	0.97021	4.64269	-6.74212	57.9779	
0.989453	0.0154004	-0.144031	0.0132962	0.980478	0.196178	0.144241	-0.196024	0.969933	4.75991	-6.90177	58.7692	
0.989297	0.0156127	-0.14508	0.0133864	0.980356	0.196782	0.145302	-0.196618	0.969654	4.878	-7.0619	59.5602	
0.989139	0.0158259	-0.14613	0.0134772	0.980233	0.197386	0.146365	-0.197211	0.969374	4.99695	-7.22251	60.351	
0.98898	0.0160399	-0.14718	0.0135686	0.98011	0.197989	0.147428	-0.197804	0.969092	5.11676	-7.38361	61.1416	
0.988819	0.0162548	-0.148231	0.0136606	0.979987	0.198591	0.148493	-0.198396	0.968808	5.23745	-7.54519	61.9319	
0.988657	0.0164705	-0.149283	0.0137533	0.979864	0.199193	0.149558	-0.198987	0.968523	5.359	-7.70726	62.722	
0.988494	0.0166871	-0.150335	0.0138465	0.97974	0.199795	0.150623	-0.199578	0.968236	5.48142	-7.8698	63.5118	
0.98833	0.0169045	-0.151388	0.0139403	0.979616	0.200396	0.15169	-0.200168	0.967948	5.60472	-8.03283	64.3015	
0.988164	0.0171226	-0.152441	0.0140348	0.979491	0.200997	0.152757	-0.200757	0.967658	5.72888	-8.19634	65.0909	
0.987997	0.0173416	-0.153495	0.0141299	0.979367	0.201597	0.153824	-0.201346	0.967367	5.85391	-8.36033	65.88	
0.987829	0.0175613	-0.154549	0.0142256	0.979242	0.202197	0.154892	-0.201934	0.967073	5.97981	-8.5248	66.669	
0.98766	0.0177819	-0.155603	0.014322	0.979116	0.202796	0.15596	-0.202522	0.966779	6.10659	-8.68975	67.4576	
0.987489	0.0180031	-0.156658	0.014419	0.978991	0.203395	0.157028	-0.203109	0.966483	6.23423	-8.85517	68.2461	
0.987317	0.0182251	-0.157712	0.0145166	0.978865	0.203994	0.158097	-0.203696	0.966185	6.36275	-9.02108	69.0343	
0.987144	0.0184478	-0.158767	0.0146149	0.978738	0.204592	0.159166	-0.204282	0.965886	6.49214	-9.18747	69.8222	
0.986969	0.0186712	-0.159822	0.0147138	0.978611	0.205191	0.160235	-0.204868	0.965585	6.6224	-9.35433	70.6099	
0.98828	0.0170278	-0.151698	0.0118105	0.982251	0.187199	0.152193	-0.186797	0.970538	6.74982	-9.51407	71.3996	
0.989523	0.0155363	-0.143534	0.0090573	0.985554	0.169119	0.144088	-0.168647	0.975088	6.87066	-9.65903	72.1931	
0.990698	0.0141975	-0.135334	0.00645526	0.988519	0.150958	0.135923	-0.150428	0.979233	6.98486	-9.78916	72.9901	
0.991805	0.0130118	-0.1271	0.00400549	0.991145	0.132724	0.127702	-0.132145	0.98297	7.09237	-9.90441	73.7904	
0.992841	0.0119798	-0.118837	0.001709	0.993431	0.114424	0.119427	-0.113808	0.986299	7.19316	-10.0047	74.5935	
0.993809	0.0111019	-0.110548	-0.000433232	0.995375	0.0960665	0.111103	-0.0954239	0.989217	7.28718	-10.0901	75.3992	
0.994706	0.0103784	-0.102236	-0.00242033	0.996977	0.0776584	0.102733	-0.0769998	0.991724	7.37439	-10.1604	76.2072	
0.995533	0.00980962	-0.0939045	-0.00425147	0.998237	0.0592074	0.0943198	-0.0585437	0.993819	7.45476	-10.2157	77.0169	
0.996289	0.00939587	-0.0855573	-0.00592589	0.999153	0.0407214	0.0858675	-0.0400632	0.995501	7.52825	-10.2559	77.8283	
0.996974	0.00913727	-0.0771978	-0.00744288	0.999726	0.0222079	0.0773795	-0.0215661	0.996768	7.59483	-10.281	78.6408	
0.997588	0.00903394	-0.0688293	-0.00880183	0.999955	0.00367477	0.0688594	-0.00306008	0.997622	7.65447	-10.2911	79.4542	
