1	0	0	0	1	0	0	0	1	0	0	0	
0.999989	-5.70014e-06	-0.00471553	-5.70014e-06	0.999997	-0.00241758	0.00471553	0.00241758	0.999986	0.00219821	0.00112699	0.932319	
0.999956	-2.28013e-05	-0.00943001	-2.28121e-05	0.999988	-0.0048369	0.00943001	0.0048369	0.999944	0.00879233	0.00450876	1.86461	
0.9999	-5.1307e-05	-0.0141433	-5.13501e-05	0.999974	-0.0072579	0.0141433	0.0072579	0.999874	0.0197813	0.0101469	2.79685	
0.999822	-9.12205e-05	-0.0188553	-9.13282e-05	0.999953	-0.00968049	0.0188553	0.00968049	0.999775	0.035164	0.0180429	3.72901	
0.999722	-0.000142545	-0.0235658	-0.00014276	0.999927	-0.0121046	0.0235658	0.0121046	0.999649	0.0549391	0.0281984	4.66107	
0.9996	-0.000205282	-0.0282747	-0.000205659	0.999894	-0.0145302	0.0282747	0.0145302	0.999495	0.0791052	0.0406145	5.593	
0.999456	-0.000279435	-0.0329819	-0.000280038	0.999856	-0.0169572	0.0329819	0.0169572	0.999312	0.107661	0.0552928	6.52477	
0.99929	-0.000365005	-0.0376872	-0.000365909	0.999812	-0.0193855	0.0376872	0.0193855	0.999102	0.140604	0.0722344	7.45635	
0.999101	-0.000461995	-0.0423906	-0.000463286	0.999762	-0.0218151	0.0423905	0.0218151	0.998863	0.177933	0.0914406	8.38773	
0.99889	-0.000570404	-0.0470918	-0.000572179	0.999706	-0.0242459	0.0470918	0.0242459	0.998596	0.219647	0.112913	9.31887	
0.998658	-0.000690234	-0.0517908	-0.000692601	0.999644	-0.0266777	0.0517907	0.0266778	0.998302	0.265742	0.136651	10.2497	
0.998403	-0.000821487	-0.0564873	-0.000824563	0.999576	-0.0291107	0.0564873	0.0291107	0.997979	0.316217	0.162658	11.1803	
0.998126	-0.00096416	-0.0611814	-0.000968075	0.999502	-0.0315446	0.0611814	0.0315447	0.997628	0.37107	0.190933	12.1106	
0.997827	-0.00111826	-0.0658728	-0.00112315	0.999422	-0.0339794	0.0658728	0.0339795	0.997249	0.430298	0.221478	13.0406	
0.997507	-0.00128377	-0.0705615	-0.00128979	0.999336	-0.036415	0.0705614	0.0364152	0.996843	0.493898	0.254294	13.9701	
0.997164	-0.00146071	-0.0752472	-0.00146802	0.999244	-0.0388514	0.0752471	0.0388517	0.996408	0.561869	0.28938	14.8993	
0.996799	-0.00164907	-0.0799299	-0.00165784	0.999146	-0.0412886	0.0799297	0.0412889	0.995945	0.634206	0.326739	15.8281	
0.996412	-0.00184884	-0.0846094	-0.00185926	0.999042	-0.0437263	0.0846092	0.0437267	0.995454	0.710908	0.36637	16.7564	
0.996004	-0.00206003	-0.0892856	-0.00207228	0.998932	-0.0461646	0.0892853	0.0461652	0.994936	0.791971	0.408274	17.6842	
0.995574	-0.00228264	-0.0939583	-0.00229693	0.998816	-0.0486034	0.093958	0.0486041	0.994389	0.877392	0.452452	18.6116	
0.995121	-0.00251665	-0.0986275	-0.0025332	0.998693	-0.0510426	0.0986271	0.0510434	0.993815	0.967168	0.498904	19.5384	
0.994647	-0.00276208	-0.103293	-0.0027811	0.998565	-0.0534821	0.103293	0.0534831	0.993212	1.0613	0.54763	20.4647	
0.994151	-0.00301891	-0.107955	-0.00304065	0.998431	-0.0559219	0.107954	0.0559231	0.992582	1.15977	0.598631	21.3904	
0.993634	-0.00328715	-0.112612	-0.00331184	0.99829	-0.0583619	0.112612	0.0583633	0.991924	1.26259	0.651907	22.3155	
0.993094	-0.00356678	-0.117266	-0.00359469	0.998143	-0.0608021	0.117265	0.0608037	0.991238	1.36975	0.707459	23.24	
0.992533	-0.0038578	-0.121915	-0.00388919	0.997991	-0.0632423	0.121914	0.0632442	0.990524	1.48125	0.765285	24.1638	
0.99195	-0.00416022	-0.12656	-0.00419537	0.997832	-0.0656825	0.126559	0.0656847	0.989782	1.59708	0.825387	25.0869	
0.991346	-0.00447402	-0.131201	-0.00451322	0.997667	-0.0681226	0.1312	0.0681252	0.989012	1.71723	0.887764	26.0094	
0.99072	-0.00479921	-0.135837	-0.00484275	0.997496	-0.0705625	0.135835	0.0705655	0.988215	1.84172	0.952417	26.9311	
0.990072	-0.00513577	-0.140468	-0.00518396	0.997318	-0.0730022	0.140466	0.0730057	0.98739	1.97052	1.01934	27.852	
0.989403	-0.00548369	-0.145094	-0.00553686	0.997135	-0.0754417	0.145092	0.0754455	0.986537	2.10363	1.08855	28.7722	
0.988712	-0.00584298	-0.149716	-0.00590145	0.996945	-0.0778807	0.149713	0.0778851	0.985657	2.24106	1.16002	29.6916	
0.988	-0.00621363	-0.154332	-0.00627773	0.996749	-0.0803193	0.154329	0.0803243	0.984749	2.38279	1.23377	30.6101	
0.987266	-0.00659563	-0.158943	-0.00666572	0.996547	-0.0827574	0.15894	0.082763	0.983813	2.52883	1.3098	31.5278	
0.986511	-0.00698897	-0.163548	-0.00706541	0.996339	-0.0851949	0.163545	0.0852012	0.98285	2.67916	1.3881	32.4446	
0.985734	-0.00739364	-0.168148	-0.00747681	0.996125	-0.0876317	0.168145	0.0876388	0.981859	2.83378	1.46867	33.3604	
0.984936	-0.00780964	-0.172743	-0.00789991	0.995904	-0.0900678	0.172739	0.0900757	0.98084	2.99269	1.55151	34.2754	
0.984117	-0.00823697	-0.177331	-0.00833472	0.995678	-0.0925031	0.177327	0.0925119	0.979794	3.15588	1.63663	35.1893	
0.983276	-0.0086756	-0.181914	-0.00878125	0.995445	-0.0949375	0.181909	0.0949472	0.978721	3.32334	1.72402	36.1023	
0.982414	-0.00912554	-0.186491	-0.00923949	0.995205	-0.097371	0.186485	0.0973817	0.97762	3.49507	1.81367	37.0143	
0.981531	-0.00958677	-0.191061	-0.00970945	0.99496	-0.0998034	0.191055	0.0998153	0.976491	3.67106	1.9056	37.9252	
0.980627	-0.0100593	-0.195626	-0.0101911	0.994708	-0.102235	0.195619	0.102248	0.975335	3.85132	1.99979	38.8351	
0.979702	-0.0105431	-0.200183	-0.0106845	0.99445	-0.104665	0.200176	0.104679	0.974152	4.03582	2.09625	39.7439	
0.978755	-0.0110381	-0.204735	-0.0111896	0.994186	-0.107094	0.204727	0.10711	0.972941	4.22457	2.19498	40.6515	
0.977788	-0.0115444	-0.209279	-0.0117064	0.993915	-0.109521	0.20927	0.109539	0.971703	4.41756	2.29598	41.5581	
0.976799	-0.012062	-0.213817	-0.0122349	0.993639	-0.111948	0.213807	0.111966	0.970438	4.61479	2.39923	42.4634	
0.97579	-0.0125908	-0.218348	-0.0127752	0.993356	-0.114372	0.218338	0.114393	0.969145	4.81624	2.50475	43.3676	
0.974759	-0.0131308	-0.222872	-0.0133271	0.993067	-0.116796	0.222861	0.116818	0.967826	5.02191	2.61254	44.2705	
0.973708	-0.013682	-0.227389	-0.0138908	0.992771	-0.119217	0.227376	0.119241	0.966479	5.23179	2.72258	45.1722	
0.972636	-0.0142444	-0.231898	-0.0144662	0.992469	-0.121637	0.231885	0.121663	0.965105	5.44588	2.83488	46.0727	
0.971543	-0.014818	-0.236401	-0.0150533	0.992161	-0.124055	0.236386	0.124084	0.963704	5.66417	2.94944	46.9718	
0.970429	-0.0154028	-0.240895	-0.015652	0.991847	-0.126472	0.240879	0.126502	0.962276	5.88665	3.06625	47.8696	
0.969294	-0.0159987	-0.245382	-0.0162625	0.991526	-0.128886	0.245365	0.128919	0.960821	6.11332	3.18532	48.7661	
0.968139	-0.0166058	-0.249861	-0.0168847	0.991199	-0.131299	0.249842	0.131334	0.959338	6.34417	3.30664	49.6612	
0.966964	-0.017224	-0.254332	-0.0175186	0.990866	-0.133709	0.254312	0.133747	0.957829	6.57919	3.43021	50.5549	
0.965767	-0.0178534	-0.258795	-0.0181641	0.990526	-0.136117	0.258774	0.136159	0.956293	6.81837	3.55603	51.4472	
0.96455	-0.0184938	-0.26325	-0.0188214	0.99018	-0.138524	0.263227	0.138568	0.954731	7.06171	3.6841	52.338	
0.963313	-0.0191454	-0.267697	-0.0194903	0.989828	-0.140927	0.267672	0.140975	0.953141	7.30919	3.81441	53.2274	
0.962055	-0.019808	-0.272135	-0.0201708	0.98947	-0.143329	0.272109	0.143379	0.951525	7.56082	3.94696	54.1153	
0.960777	-0.0204816	-0.276565	-0.0208631	0.989105	-0.145728	0.276537	0.145782	0.949882	7.81657	4.08176	55.0017	
0.959478	-0.0211663	-0.280986	-0.021567	0.988734	-0.148125	0.280956	0.148182	0.948212	8.07646	4.2188	55.8865	
0.957725	-0.0220983	-0.286835	-0.0231564	0.987889	-0.153427	0.286752	0.153583	0.945614	8.3411	4.35947	56.7693	
0.955935	-0.0230641	-0.292671	-0.0247782	0.987014	-0.158714	0.292531	0.158972	0.942949	8.61114	4.50517	57.6497	
0.954109	-0.0240636	-0.298492	-0.0264322	0.986109	-0.163986	0.298292	0.16435	0.940219	8.88656	4.65589	58.5276	
0.952246	-0.0250968	-0.304299	-0.0281183	0.985173	-0.169242	0.304035	0.169716	0.937421	9.16735	4.81162	59.4029	
0.950347	-0.0261635	-0.310091	-0.0298365	0.984208	-0.174482	0.309759	0.175071	0.934558	9.45348	4.97235	60.2755	
0.948412	-0.0272637	-0.315866	-0.0315867	0.983213	-0.179706	0.315463	0.180413	0.93163	9.74493	5.13806	61.1455	
0.946441	-0.0283972	-0.321625	-0.0333688	0.982188	-0.184914	0.321148	0.185742	0.928636	10.0417	5.30875	62.0127	
0.944435	-0.0295639	-0.327367	-0.0351826	0.981133	-0.190104	0.326811	0.191059	0.925576	10.3438	5.4844	62.877	
0.942393	-0.0307639	-0.333091	-0.0370281	0.980049	-0.195278	0.332453	0.196362	0.922452	10.6511	5.665	63.7385	
0.940316	-0.0319968	-0.338796	-0.0389052	0.978935	-0.200433	0.338072	0.201652	0.919263	10.9637	5.85054	64.597	
0.938204	-0.0332626	-0.344482	-0.0408139	0.977791	-0.205571	0.343669	0.206928	0.916009	11.2815	6.04101	65.4526	
0.936057	-0.0345612	-0.350148	-0.0427539	0.976617	-0.210691	0.349242	0.212189	0.912691	11.6045	6.23639	66.3051	
0.933875	-0.0358925	-0.355793	-0.0447251	0.975414	-0.215793	0.354791	0.217437	0.90931	11.9327	6.43666	67.1544	
0.931659	-0.0372562	-0.361418	-0.0467276	0.974182	-0.220876	0.360316	0.222669	0.905865	12.266	6.64182	68.0006	
0.929409	-0.0386524	-0.367021	-0.0487611	0.97292	-0.22594	0.365815	0.227887	0.902356	12.6045	6.85186	68.8435	
0.927125	-0.0400807	-0.372602	-0.0508256	0.971629	-0.230984	0.371289	0.233089	0.898785	12.9481	7.06675	69.6831	
0.92317	-0.0426393	-0.38202	-0.0586357	0.966577	-0.249581	0.379894	0.252805	0.889815	13.2983	7.29326	70.517	
0.919125	-0.0454048	-0.391342	-0.0666227	0.961117	-0.267985	0.388293	0.272384	0.880361	13.6564	7.5381	71.3422	
0.914992	-0.0483757	-0.400561	-0.0747821	0.955251	-0.286189	0.396481	0.291815	0.870429	14.0223	7.80112	72.1584	
0.910775	-0.0515505	-0.409673	-0.0831095	0.948982	-0.30418	0.404453	0.311088	0.860025	14.3957	8.08218	72.9651	
0.906474	-0.0549273	-0.418673	-0.0916004	0.942315	-0.321951	0.412206	0.330191	0.849153	14.7764	8.38113	73.7619	
0.902094	-0.0585044	-0.427556	-0.10025	0.935252	-0.339491	0.419735	0.349115	0.83782	15.1642	8.69781	74.5483	
0.897635	-0.0622797	-0.436318	-0.109054	0.927797	-0.35679	0.427035	0.367849	0.826031	15.559	9.03205	75.324	
0.8931	-0.0662514	-0.444953	-0.118008	0.919956	-0.37384	0.434104	0.386384	0.813794	15.9604	9.38366	76.0884	
0.888492	-0.0704171	-0.453456	-0.127106	0.91173	-0.39063	0.440937	0.404709	0.801115	16.3683	9.75245	76.8413	
0.883814	-0.0747746	-0.461824	-0.136343	0.903127	-0.407152	0.447531	0.422813	0.788001	16.7825	10.1382	77.5821	
0.879067	-0.0793216	-0.470052	-0.145715	0.894149	-0.423397	0.453881	0.440688	0.774458	17.2027	10.5408	78.3105	
0.874255	-0.0840556	-0.478135	-0.155217	0.884801	-0.439356	0.459985	0.458324	0.760495	17.6288	10.9599	79.026	
0.86938	-0.088974	-0.486068	-0.164843	0.87509	-0.455021	0.465838	0.475711	0.746119	18.0604	11.3953	79.7284	
0.864444	-0.0940742	-0.493848	-0.174588	0.86502	-0.470382	0.471439	0.492839	0.731338	18.4973	11.8468	80.4172	
0.859451	-0.0993533	-0.50147	-0.184447	0.854596	-0.485432	0.476784	0.5097	0.716159	18.9394	12.3142	81.092	
0.854403	-0.104809	-0.50893	-0.194414	0.843825	-0.500162	0.48187	0.526283	0.700591	19.3863	12.7972	81.7524	
0.849303	-0.110437	-0.516225	-0.204484	0.832712	-0.514565	0.486694	0.542581	0.684642	19.8378	13.2954	82.3982	
0.844153	-0.116235	-0.523349	-0.214652	0.821263	-0.528632	0.491253	0.558584	0.668322	20.2937	13.8088	83.0289	
0.838957	-0.122201	-0.5303	-0.224912	0.809484	-0.542356	0.495546	0.574284	0.651638	20.7537	14.3369	83.6443	
0.833717	-0.12833	-0.537073	-0.235258	0.797383	-0.555729	0.499569	0.589671	0.634601	21.2176	14.8795	84.2439	
0.828436	-0.134619	-0.543665	-0.245685	0.784964	-0.568744	0.503321	0.604739	0.617219	21.6852	15.4363	84.8275	
0.823117	-0.141066	-0.550072	-0.256188	0.772236	-0.581395	0.5068	0.619477	0.599501	22.1561	16.0071	85.3947	
