1	0	0	0	1	0	0	0	1	0	0	0	
1	-2.88478e-07	-0.000254573	-2.88478e-07	0.999997	-0.00226637	0.000254573	0.00226637	0.999997	9.3022e-05	0.00082814	0.730807	
1	-1.15579e-06	-0.000509464	-1.15666e-06	0.99999	-0.00453898	0.000509464	0.00453898	0.99999	0.000372204	0.00331484	1.46161	
1	-2.60494e-06	-0.000764663	-2.60843e-06	0.999977	-0.00681779	0.000764663	0.00681779	0.999976	0.000837775	0.00746466	2.19241	
0.999999	-4.63884e-06	-0.00102016	-4.6476e-06	0.999959	-0.00910272	0.00102016	0.00910272	0.999958	0.00148996	0.0132821	2.92319	
0.999999	-7.26037e-06	-0.00127595	-7.27794e-06	0.999935	-0.0113937	0.00127595	0.0113937	0.999934	0.00232897	0.0207716	3.65396	
0.999999	-1.04723e-05	-0.00153202	-1.05032e-05	0.999906	-0.0136907	0.00153202	0.0136907	0.999905	0.00335501	0.0299375	4.38471	
0.999998	-1.42775e-05	-0.00178837	-1.43269e-05	0.999872	-0.0159937	0.00178837	0.0159937	0.99987	0.0045683	0.0407843	5.11544	
0.999998	-1.86785e-05	-0.00204498	-1.87529e-05	0.999832	-0.0183025	0.00204498	0.0183025	0.99983	0.00596902	0.0533163	5.84614	
0.999997	-2.3678e-05	-0.00230184	-2.37845e-05	0.999787	-0.0206171	0.00230184	0.0206171	0.999785	0.00755737	0.0675377	6.5768	
0.999997	-2.92786e-05	-0.00255895	-2.94254e-05	0.999737	-0.0229375	0.00255895	0.0229375	0.999734	0.00933352	0.0834527	7.30744	
0.999996	-3.54827e-05	-0.0028163	-3.56789e-05	0.999681	-0.0252636	0.0028163	0.0252636	0.999677	0.0112977	0.101066	8.03803	
0.999995	-4.22928e-05	-0.00307388	-4.25485e-05	0.999619	-0.0275954	0.00307388	0.0275954	0.999614	0.01345	0.120381	8.76858	
0.999994	-4.97112e-05	-0.00333168	-5.00375e-05	0.999552	-0.0299327	0.00333168	0.0299327	0.999546	0.0157906	0.141402	9.49908	
0.999994	-5.77403e-05	-0.00358969	-5.81492e-05	0.999479	-0.0322755	0.00358969	0.0322755	0.999473	0.0183197	0.164133	10.2295	
0.999993	-6.63824e-05	-0.00384791	-6.68868e-05	0.9994	-0.0346237	0.0038479	0.0346237	0.999393	0.0210374	0.188578	10.9599	
0.999992	-7.56395e-05	-0.00410631	-7.62536e-05	0.999316	-0.0369774	0.0041063	0.0369774	0.999308	0.0239439	0.214741	11.6903	
0.99999	-8.55139e-05	-0.00436491	-8.62526e-05	0.999226	-0.0393364	0.00436489	0.0393364	0.999216	0.0270393	0.242627	12.4205	
0.999989	-9.60077e-05	-0.00462368	-9.6887e-05	0.99913	-0.0417006	0.00462366	0.0417006	0.999119	0.0303238	0.272238	13.1507	
0.999988	-0.000107123	-0.00488262	-0.00010816	0.999028	-0.04407	0.00488259	0.04407	0.999017	0.0337974	0.303579	13.8809	
0.999987	-0.000118861	-0.00514172	-0.000120074	0.998921	-0.0464446	0.00514169	0.0464446	0.998908	0.0374603	0.336653	14.6109	
0.999985	-0.000131224	-0.00540097	-0.000132632	0.998807	-0.0488242	0.00540093	0.0488242	0.998793	0.0413126	0.371465	15.3409	
0.999984	-0.000144215	-0.00566036	-0.000145837	0.998688	-0.0512088	0.00566032	0.0512088	0.998672	0.0453544	0.408017	16.0708	
0.999982	-0.000157834	-0.00591988	-0.000159692	0.998563	-0.0535984	0.00591983	0.0535984	0.998545	0.0495859	0.446314	16.8005	
0.999981	-0.000172083	-0.00617954	-0.0001742	0.998431	-0.0559929	0.00617948	0.0559929	0.998412	0.054007	0.486359	17.5302	
0.999979	-0.000186965	-0.0064393	-0.000189363	0.998294	-0.0583921	0.00643923	0.0583921	0.998273	0.0586179	0.528156	18.2598	
0.999978	-0.00020248	-0.00669918	-0.000205184	0.99815	-0.0607962	0.0066991	0.0607962	0.998128	0.0634188	0.571708	18.9893	
0.999976	-0.00021863	-0.00695916	-0.000221665	0.998001	-0.0632049	0.00695906	0.0632049	0.997976	0.0684095	0.617019	19.7187	
0.999974	-0.000235417	-0.00721923	-0.00023881	0.997845	-0.0656183	0.00721912	0.0656183	0.997819	0.0735903	0.664091	20.448	
0.999972	-0.000252842	-0.00747938	-0.00025662	0.997683	-0.0680362	0.00747925	0.0680362	0.997655	0.0789611	0.712929	21.1771	
0.99997	-0.000270906	-0.00773961	-0.000275098	0.997515	-0.0704586	0.00773946	0.0704586	0.997485	0.0845221	0.763536	21.9062	
0.999968	-0.00028961	-0.0079999	-0.000294246	0.99734	-0.0728854	0.00799974	0.0728855	0.997308	0.0902733	0.815914	22.6351	
0.999966	-0.000308956	-0.00826026	-0.000314067	0.99716	-0.0753167	0.00826007	0.0753167	0.997125	0.0962147	0.870068	23.3639	
0.999964	-0.000328946	-0.00852066	-0.000334563	0.996973	-0.0777522	0.00852044	0.0777522	0.996936	0.102346	0.926	24.0925	
0.999961	-0.000349579	-0.00878111	-0.000355735	0.996779	-0.080192	0.00878086	0.080192	0.996741	0.108668	0.983713	24.821	
0.999959	-0.000370857	-0.00904158	-0.000377587	0.99658	-0.082636	0.00904131	0.082636	0.996539	0.115181	1.04321	25.5493	
0.999957	-0.000392781	-0.00930209	-0.00040012	0.996374	-0.085084	0.00930177	0.0850841	0.99633	0.121883	1.1045	26.2775	
0.999954	-0.000415352	-0.00956261	-0.000423336	0.996161	-0.0875362	0.00956226	0.0875362	0.996115	0.128776	1.16757	27.0056	
0.999952	-0.00043857	-0.00982314	-0.000447238	0.995942	-0.0899923	0.00982275	0.0899923	0.995894	0.13586	1.23244	27.7335	
0.999949	-0.000462437	-0.0100837	-0.000471826	0.995717	-0.0924523	0.0100832	0.0924524	0.995666	0.143133	1.29911	28.4612	
0.999946	-0.000486953	-0.0103442	-0.000497104	0.995485	-0.0949162	0.0103437	0.0949163	0.995432	0.150597	1.36757	29.1888	
0.999944	-0.000512119	-0.0106047	-0.000523072	0.995247	-0.097384	0.0106042	0.097384	0.99519	0.158252	1.43784	29.9161	
0.999941	-0.000537936	-0.0108652	-0.000549733	0.995002	-0.0998554	0.0108646	0.0998555	0.994943	0.166097	1.50991	30.6434	
0.999938	-0.000564403	-0.0111256	-0.000577088	0.99475	-0.102331	0.011125	0.102331	0.994688	0.174132	1.58379	31.3704	
0.999935	-0.000591522	-0.0113861	-0.000605139	0.994492	-0.104809	0.0113853	0.104809	0.994427	0.182357	1.65948	32.0972	
0.999932	-0.000619292	-0.0116464	-0.000633888	0.994227	-0.107291	0.0116456	0.107292	0.994159	0.190773	1.73699	32.8238	
0.999929	-0.000647715	-0.0119067	-0.000663335	0.993956	-0.109777	0.0119059	0.109777	0.993885	0.199379	1.8163	33.5503	
0.999926	-0.00067679	-0.012167	-0.000693483	0.993678	-0.112266	0.012166	0.112266	0.993604	0.208175	1.89744	34.2765	
0.999923	-0.000706518	-0.0124272	-0.000724332	0.993393	-0.114759	0.0124261	0.114759	0.993316	0.217161	1.9804	35.0025	
0.999919	-0.000736899	-0.0126873	-0.000755885	0.993102	-0.117255	0.0126861	0.117255	0.993021	0.226337	2.06517	35.7284	
0.999916	-0.000767933	-0.0129473	-0.000788142	0.992803	-0.119754	0.0129461	0.119754	0.992719	0.235703	2.15178	36.454	
0.999912	-0.00079962	-0.0132072	-0.000821105	0.992498	-0.122256	0.0132059	0.122256	0.992411	0.245259	2.24021	37.1793	
0.999918	-0.000747974	-0.0127966	-0.000887716	0.991859	-0.12734	0.0127877	0.127341	0.991777	0.254757	2.33141	37.9044	
0.999923	-0.000694535	-0.0123887	-0.000952245	0.991192	-0.132426	0.0123716	0.132428	0.991115	0.26395	2.42633	38.6289	
0.999928	-0.000639318	-0.0119834	-0.0010147	0.990499	-0.137513	0.0119575	0.137515	0.990428	0.27284	2.52497	39.353	
0.999933	-0.00058234	-0.0115806	-0.00107508	0.98978	-0.1426	0.0115453	0.142603	0.989713	0.281428	2.62733	40.0765	
0.999937	-0.000523616	-0.0111803	-0.00113339	0.989033	-0.147687	0.0111351	0.14769	0.988971	0.289716	2.7334	40.7996	
0.999942	-0.000463159	-0.0107825	-0.00118964	0.98826	-0.152774	0.0107267	0.152778	0.988202	0.297704	2.8432	41.522	
0.999946	-0.000400984	-0.0103871	-0.00124384	0.98746	-0.157862	0.0103202	0.157866	0.987407	0.305395	2.95671	42.2439	
0.99995	-0.000337104	-0.00999405	-0.00129598	0.986634	-0.162949	0.0099154	0.162953	0.986584	0.312789	3.07394	42.9652	
0.999954	-0.00027153	-0.00960331	-0.00134608	0.98578	-0.168035	0.00951238	0.16804	0.985734	0.319888	3.19488	43.6859	
0.999958	-0.000204275	-0.00921484	-0.00139414	0.9849	-0.17312	0.00911106	0.173125	0.984858	0.326693	3.31955	44.406	
0.999961	-0.000135349	-0.00882859	-0.00144016	0.983993	-0.178204	0.00871139	0.17821	0.983954	0.333206	3.44793	45.1254	
0.999964	-6.47622e-05	-0.00844452	-0.00148416	0.983058	-0.183287	0.00831333	0.183293	0.983023	0.339426	3.58002	45.8441	
0.999967	7.4758e-06	-0.00806258	-0.00152612	0.982097	-0.188368	0.00791683	0.188374	0.982066	0.345357	3.71583	46.5622	
0.99997	8.13565e-05	-0.00768273	-0.00156606	0.98111	-0.193447	0.00752186	0.193453	0.981081	0.350998	3.85535	47.2795	
0.999973	0.000156872	-0.00730491	-0.00160399	0.980095	-0.198524	0.00712836	0.19853	0.980069	0.356352	3.99858	47.9962	
0.999976	0.000234015	-0.00692909	-0.0016399	0.979053	-0.203598	0.0067363	0.203605	0.97903	0.361418	4.14552	48.712	
0.999978	0.000312779	-0.00655522	-0.00167381	0.977985	-0.20867	0.00634563	0.208677	0.977964	0.366198	4.29617	49.4271	
0.999981	0.000393158	-0.00618325	-0.00170571	0.976889	-0.213739	0.00595631	0.213746	0.976871	0.370693	4.45053	50.1414	
0.999983	0.000475148	-0.00581313	-0.00173561	0.975767	-0.218805	0.0055683	0.218811	0.975751	0.374904	4.60859	50.8549	
0.999985	0.000558743	-0.00544484	-0.00176351	0.974618	-0.223868	0.00518155	0.223874	0.974604	0.378832	4.77035	51.5676	
0.999987	0.000643941	-0.0050783	-0.00178942	0.973442	-0.228927	0.00479602	0.228933	0.97343	0.382478	4.9358	52.2794	
0.999989	0.000730738	-0.0047135	-0.00181334	0.972239	-0.233982	0.00441167	0.233988	0.97223	0.385843	5.10496	52.9904	
0.99999	0.000819131	-0.00435037	-0.00183528	0.97101	-0.239033	0.00402845	0.239039	0.971002	0.388927	5.2778	53.7004	
0.999992	0.000909121	-0.00398887	-0.00185524	0.969753	-0.24408	0.00364632	0.244085	0.969747	0.391731	5.45434	54.4096	
0.999993	0.0010007	-0.00362897	-0.00187322	0.96847	-0.249122	0.00326525	0.249127	0.968465	0.394257	5.63456	55.1178	
0.999994	0.00109388	-0.00327061	-0.00188923	0.967161	-0.254159	0.00288518	0.254164	0.967157	0.396504	5.81847	55.8251	
0.999995	0.00118866	-0.00291375	-0.00190326	0.965824	-0.259192	0.00250608	0.259196	0.965822	0.398474	6.00605	56.5314	
0.999996	0.00128503	-0.00255835	-0.00191533	0.964461	-0.264219	0.0021279	0.264222	0.964459	0.400168	6.19731	57.2368	
0.999997	0.001383	-0.00220437	-0.00192544	0.963071	-0.26924	0.0017506	0.269244	0.963071	0.401585	6.39224	57.9411	
0.999997	0.00148257	-0.00185175	-0.00193358	0.961655	-0.274256	0.00137414	0.274259	0.961655	0.402727	6.59084	58.6444	
0.999998	0.00158374	-0.00150046	-0.00193976	0.960212	-0.279266	0.000998478	0.279268	0.960213	0.403594	6.7931	59.3467	
0.999998	0.00168653	-0.00115046	-0.00194399	0.958742	-0.28427	0.000623568	0.284271	0.958744	0.404186	6.99902	60.0479	
0.999998	0.00179093	-0.000801702	-0.00194627	0.957247	-0.289267	0.00024937	0.289268	0.957248	0.404505	7.2086	60.748	
0.999998	0.00189695	-0.000454141	-0.0019466	0.955724	-0.294257	-0.000124157	0.294258	0.955726	0.404551	7.42182	61.447	
0.999998	0.00200459	-0.000107736	-0.00194498	0.954176	-0.299241	-0.000497056	0.29924	0.954178	0.404324	7.63869	62.1449	
0.999998	0.00211387	0.000237554	-0.00194141	0.952601	-0.304217	-0.000869369	0.304216	0.952603	0.403825	7.85919	62.8416	
0.999997	0.00222479	0.000581772	-0.0019359	0.951	-0.309186	-0.00124114	0.309184	0.951001	0.403053	8.08333	63.5372	
0.999997	0.00233735	0.00092496	-0.00192845	0.949372	-0.314148	-0.00161241	0.314145	0.949374	0.402011	8.3111	64.2316	
0.999996	0.00245158	0.00126716	-0.00191906	0.947719	-0.319101	-0.00198321	0.319098	0.94772	0.400697	8.54249	64.9248	
0.999995	0.00256747	0.00160841	-0.00190774	0.946039	-0.324047	-0.0023536	0.324042	0.94604	0.399112	8.77749	65.6168	
0.999994	0.00268504	0.00194876	-0.00189448	0.944334	-0.328984	-0.00272361	0.328978	0.944334	0.397257	9.01611	66.3075	
0.999993	0.0028043	0.00228824	-0.00187928	0.942602	-0.333913	-0.00309329	0.333906	0.942601	0.395131	9.25833	66.997	
0.999992	0.00292526	0.00262689	-0.00186216	0.940845	-0.338832	-0.00346267	0.338825	0.940843	0.392736	9.50415	67.6853	
0.999991	0.00304794	0.00296476	-0.0018431	0.939062	-0.343743	-0.0038318	0.343735	0.939059	0.39007	9.75356	68.3722	
0.99999	0.00317234	0.00330189	-0.00182212	0.937253	-0.348645	-0.00420073	0.348635	0.937249	0.387135	10.0066	69.0578	
0.999988	0.00329848	0.00363831	-0.00179921	0.935419	-0.353537	-0.00456948	0.353526	0.935413	0.383931	10.2631	69.7421	
0.999986	0.00342638	0.00397407	-0.00177437	0.933559	-0.35842	-0.00493812	0.358408	0.933552	0.380457	10.5233	70.425	
0.999956	0.00497337	0.00789897	-0.00164881	0.927041	-0.374957	-0.00918747	0.374928	0.927008	0.375295	10.7912	71.1049	
