1	0	0	0	1	0	0	0	1	0	0	0	
0.999999	7.06787e-07	-0.00103594	7.06787e-07	0.999999	0.00136454	0.00103594	-0.00136454	0.999999	0.000382198	-0.000503432	0.737878	
0.999998	2.83805e-06	-0.00207594	2.83764e-06	0.999996	0.00273403	0.00207594	-0.00273403	0.999994	0.00153029	-0.00201556	1.47575	
0.999995	6.40998e-06	-0.00311997	6.40831e-06	0.999992	0.00410843	0.00311997	-0.00410843	0.999987	0.00344727	-0.00454001	2.21363	
0.999991	1.14387e-05	-0.00416802	1.14345e-05	0.999985	0.00548771	0.00416802	-0.00548771	0.999976	0.0061361	-0.00808041	2.95149	
0.999986	1.79402e-05	-0.00522005	1.79318e-05	0.999976	0.00687183	0.00522005	-0.00687183	0.999963	0.00959972	-0.0126403	3.68935	
0.99998	2.59304e-05	-0.00627603	2.59156e-05	0.999966	0.00826073	0.00627603	-0.00826073	0.999946	0.0138411	-0.0182233	4.42719	
0.999973	3.54251e-05	-0.00733593	3.54014e-05	0.999953	0.00965439	0.00733593	-0.00965439	0.999926	0.0188631	-0.0248329	5.16503	
0.999965	4.64402e-05	-0.00839973	4.64045e-05	0.999939	0.0110528	0.00839973	-0.0110528	0.999904	0.0246686	-0.0324726	5.90284	
0.999955	5.89912e-05	-0.0094674	5.89401e-05	0.999922	0.0124558	0.0094674	-0.0124558	0.999878	0.0312605	-0.0411459	6.64064	
0.999944	7.30938e-05	-0.0105389	7.30233e-05	0.999904	0.0138635	0.0105389	-0.0138635	0.999848	0.0386416	-0.0508561	7.37842	
0.999933	8.87634e-05	-0.0116142	8.8669e-05	0.999883	0.0152758	0.0116142	-0.0152758	0.999816	0.0468147	-0.0616067	8.11617	
0.999919	0.000106015	-0.0126933	0.000105892	0.999861	0.0166926	0.0126933	-0.0166926	0.99978	0.0557827	-0.0734011	8.8539	
0.999905	0.000124865	-0.0137762	0.000124708	0.999836	0.0181139	0.0137762	-0.0181139	0.999741	0.0655484	-0.0862426	9.59161	
0.99989	0.000145327	-0.0148627	0.00014513	0.999809	0.0195397	0.0148627	-0.0195397	0.999699	0.0761144	-0.100134	10.3293	
0.999873	0.000167418	-0.015953	0.000167174	0.99978	0.02097	0.015953	-0.0209699	0.999653	0.0874835	-0.11508	11.0669	
0.999855	0.000191151	-0.0170469	0.000190854	0.999749	0.0224046	0.0170469	-0.0224046	0.999604	0.0996585	-0.131083	11.8045	
0.999835	0.000216542	-0.0181445	0.000216184	0.999716	0.0238435	0.0181445	-0.0238435	0.999551	0.112642	-0.148145	12.5421	
0.999815	0.000243605	-0.0192457	0.000243179	0.99968	0.0252868	0.0192457	-0.0252868	0.999495	0.126437	-0.166272	13.2796	
0.999793	0.000272355	-0.0203504	0.000271853	0.999643	0.0267343	0.0203504	-0.0267343	0.999435	0.141045	-0.185464	14.0171	
0.99977	0.000302808	-0.0214587	0.000302219	0.999603	0.0281861	0.0214587	-0.0281861	0.999372	0.15647	-0.205727	14.7545	
0.999745	0.000334976	-0.0225705	0.000334293	0.999561	0.029642	0.0225705	-0.029642	0.999306	0.172714	-0.227062	15.4919	
0.999719	0.000368874	-0.0236858	0.000368086	0.999516	0.0311021	0.0236858	-0.0311021	0.999236	0.18978	-0.249473	16.2293	
0.999692	0.000404517	-0.0248046	0.000403614	0.999469	0.0325663	0.0248046	-0.0325663	0.999162	0.20767	-0.272962	16.9666	
0.999664	0.000441919	-0.0259267	0.000440889	0.999421	0.0340345	0.0259268	-0.0340345	0.999084	0.226387	-0.297534	17.7038	
0.999634	0.000481094	-0.0270523	0.000479926	0.999369	0.0355068	0.0270523	-0.0355068	0.999003	0.245933	-0.32319	18.441	
0.999603	0.000522055	-0.0281813	0.000520737	0.999316	0.036983	0.0281813	-0.036983	0.998918	0.266311	-0.349935	19.1781	
0.99957	0.000564816	-0.0293135	0.000563335	0.99926	0.0384631	0.0293136	-0.0384631	0.99883	0.287523	-0.37777	19.9151	
0.999536	0.000609391	-0.0304491	0.000607734	0.999202	0.0399472	0.0304492	-0.0399472	0.998738	0.309572	-0.406699	20.6521	
0.999501	0.000655794	-0.031588	0.000653947	0.999141	0.0414351	0.031588	-0.041435	0.998642	0.33246	-0.436724	21.389	
0.999464	0.000704037	-0.0327301	0.000701986	0.999078	0.0429268	0.0327301	-0.0429267	0.998542	0.356189	-0.467848	22.1259	
0.999426	0.000754134	-0.0338754	0.000751864	0.999013	0.0444222	0.0338755	-0.0444222	0.998438	0.380763	-0.500074	22.8626	
0.999386	0.000806098	-0.0350239	0.000803594	0.998945	0.0459214	0.035024	-0.0459213	0.998331	0.406183	-0.533406	23.5993	
0.999345	0.000859942	-0.0361756	0.000857187	0.998874	0.0474242	0.0361757	-0.0474242	0.99822	0.432451	-0.567845	24.3359	
0.999303	0.000915679	-0.0373304	0.000912657	0.998802	0.0489307	0.0373305	-0.0489307	0.998104	0.45957	-0.603394	25.0724	
0.999259	0.000973321	-0.0384883	0.000970015	0.998727	0.0504408	0.0384883	-0.0504407	0.997985	0.487543	-0.640056	25.8089	
0.999213	0.00103288	-0.0396492	0.00102927	0.998649	0.0519544	0.0396493	-0.0519543	0.997862	0.516371	-0.677833	26.5452	
0.999166	0.00109437	-0.0408132	0.00109044	0.998569	0.0534715	0.0408133	-0.0534715	0.997735	0.546057	-0.716729	27.2815	
0.999118	0.00115781	-0.0419801	0.00115354	0.998486	0.0549921	0.0419802	-0.0549921	0.997604	0.576603	-0.756746	28.0176	
0.999068	0.0012232	-0.04315	0.00121857	0.998401	0.0565162	0.0431502	-0.0565161	0.997469	0.60801	-0.797885	28.7537	
0.999016	0.00129055	-0.0443229	0.00128555	0.998313	0.0580436	0.0443231	-0.0580434	0.99733	0.640283	-0.840151	29.4897	
0.998963	0.00135989	-0.0454987	0.00135448	0.998223	0.0595743	0.0454988	-0.0595742	0.997186	0.673422	-0.883545	30.2255	
0.998909	0.00143122	-0.0466773	0.00142539	0.99813	0.0611083	0.0466775	-0.0611082	0.997039	0.707429	-0.928069	30.9613	
0.998853	0.00150455	-0.0478588	0.00149827	0.998035	0.0626456	0.047859	-0.0626454	0.996888	0.742307	-0.973727	31.6969	
0.998795	0.00157989	-0.0490431	0.00157315	0.997937	0.0641861	0.0490433	-0.0641859	0.996732	0.778059	-1.02052	32.4324	
0.998736	0.00165726	-0.0502302	0.00165003	0.997836	0.0657297	0.0502304	-0.0657295	0.996572	0.814685	-1.06845	33.1678	
0.998676	0.00173666	-0.05142	0.00172892	0.997733	0.0672765	0.0514203	-0.0672763	0.996408	0.852187	-1.11752	33.9031	
0.998613	0.00181812	-0.0526125	0.00180984	0.997627	0.0688263	0.0526128	-0.0688261	0.99624	0.890569	-1.16774	34.6383	
0.99855	0.00190163	-0.0538078	0.00189279	0.997519	0.0703792	0.0538081	-0.070379	0.996068	0.929832	-1.21909	35.3733	
0.998484	0.00198721	-0.0550056	0.00197778	0.997407	0.0719351	0.055006	-0.0719348	0.995891	0.969978	-1.2716	36.1082	
0.998417	0.00207487	-0.0562061	0.00206482	0.997294	0.0734939	0.0562065	-0.0734936	0.995711	1.01101	-1.32525	36.843	
0.998348	0.00216462	-0.0574092	0.00215393	0.997177	0.0750556	0.0574096	-0.0750553	0.995525	1.05293	-1.38006	37.5777	
0.998139	0.00243543	-0.0609312	0.0023294	0.99695	0.0780071	0.0609353	-0.0780038	0.995089	1.09659	-1.43653	38.3121	
0.997917	0.0027168	-0.0644532	0.00251562	0.996714	0.080962	0.0644614	-0.0809555	0.994631	1.14285	-1.49517	39.0462	
0.997682	0.00300877	-0.0679752	0.00271263	0.996469	0.0839202	0.0679877	-0.0839101	0.994151	1.19172	-1.556	39.7799	
0.997435	0.00331133	-0.071497	0.00292046	0.996214	0.0868815	0.071514	-0.0868675	0.99365	1.24319	-1.61901	40.5133	
0.997176	0.00362451	-0.0750184	0.00313911	0.995951	0.0898457	0.0750403	-0.0898275	0.993126	1.29726	-1.6842	41.2463	
0.996903	0.00394833	-0.0785394	0.00336863	0.995678	0.0928127	0.0785664	-0.0927899	0.992581	1.35393	-1.75157	41.9789	
0.996618	0.00428279	-0.0820599	0.00360903	0.995396	0.0957823	0.0820923	-0.0957546	0.992014	1.4132	-1.82113	42.7111	
0.996321	0.0046279	-0.0855797	0.00386032	0.995104	0.0987543	0.0856178	-0.0987213	0.991425	1.47508	-1.89288	43.4429	
0.99601	0.00498369	-0.0890987	0.00412253	0.994804	0.101728	0.0891427	-0.10169	0.990814	1.53955	-1.96682	44.1742	
0.995687	0.00535015	-0.0926168	0.00439567	0.994494	0.104705	0.0926671	-0.10466	0.990181	1.60663	-2.04295	44.9051	
0.995352	0.0057273	-0.0961339	0.00467976	0.994174	0.107683	0.0961906	-0.107632	0.989527	1.67631	-2.12128	45.6355	
0.995004	0.00611515	-0.0996499	0.00497482	0.993846	0.110662	0.0997133	-0.110605	0.98885	1.74858	-2.20179	46.3654	
0.994643	0.00651371	-0.103165	0.00528084	0.993508	0.113643	0.103235	-0.113579	0.988151	1.82346	-2.2845	47.0948	
0.99427	0.00692297	-0.106678	0.00559785	0.99316	0.116626	0.106756	-0.116555	0.98743	1.90093	-2.36941	47.8236	
0.993883	0.00734295	-0.11019	0.00592585	0.992803	0.119609	0.110275	-0.119531	0.986687	1.981	-2.45651	48.552	
0.993485	0.00777365	-0.1137	0.00626485	0.992437	0.122594	0.113793	-0.122507	0.985922	2.06367	-2.54581	49.2797	
0.993073	0.00821508	-0.117208	0.00661486	0.992062	0.125579	0.11731	-0.125484	0.985136	2.14893	-2.6373	50.0069	
0.992649	0.00866723	-0.120715	0.00697587	0.991677	0.128565	0.120825	-0.128462	0.984327	2.23679	-2.73099	50.7336	
0.992213	0.00913011	-0.12422	0.0073479	0.991282	0.131551	0.124338	-0.131439	0.983496	2.32724	-2.82688	51.4596	
0.991763	0.00960372	-0.127722	0.00773093	0.990878	0.134537	0.127849	-0.134416	0.982643	2.42028	-2.92497	52.1849	
0.991302	0.0100881	-0.131223	0.00812498	0.990465	0.137523	0.131359	-0.137393	0.981768	2.51592	-3.02525	52.9097	
0.990827	0.0105831	-0.134721	0.00853004	0.990043	0.140509	0.134866	-0.14037	0.980871	2.61414	-3.12772	53.6338	
0.99034	0.0110889	-0.138216	0.00894611	0.989611	0.143495	0.138372	-0.143346	0.979952	2.71495	-3.2324	54.3572	
0.98984	0.0116054	-0.14171	0.00937317	0.989169	0.14648	0.141875	-0.14632	0.979011	2.81834	-3.33927	55.08	
0.989328	0.0121327	-0.1452	0.00981123	0.988718	0.149465	0.145375	-0.149294	0.978048	2.92432	-3.44833	55.802	
0.988803	0.0126706	-0.148688	0.0102603	0.988258	0.152449	0.148873	-0.152267	0.977063	3.03288	-3.55959	56.5233	
0.988266	0.0132192	-0.152172	0.0107203	0.987789	0.155431	0.152369	-0.155239	0.976056	3.14402	-3.67304	57.2439	
0.987716	0.0137786	-0.155654	0.0111913	0.98731	0.158413	0.155861	-0.158208	0.975027	3.25774	-3.78868	57.9637	
0.987153	0.0143486	-0.159132	0.0116732	0.986821	0.161392	0.159351	-0.161177	0.973976	3.37403	-3.90652	58.6828	
0.986578	0.0149293	-0.162608	0.0121661	0.986324	0.164371	0.162838	-0.164143	0.972903	3.4929	-4.02654	59.4011	
0.98599	0.0155207	-0.16608	0.0126699	0.985817	0.167347	0.166321	-0.167107	0.971809	3.61434	-4.14875	60.1186	
0.98539	0.0161228	-0.169548	0.0131846	0.9853	0.170322	0.169802	-0.170069	0.970692	3.73835	-4.27315	60.8352	
0.984777	0.0167355	-0.173013	0.0137102	0.984775	0.173294	0.173279	-0.173028	0.969554	3.86493	-4.39973	61.5511	
0.984152	0.0173588	-0.176474	0.0142467	0.98424	0.176264	0.176753	-0.175985	0.968394	3.99407	-4.5285	62.266	
0.983515	0.0179927	-0.179931	0.014794	0.983696	0.179232	0.180223	-0.178939	0.967213	4.12577	-4.65944	62.9802	
0.982865	0.0186373	-0.183385	0.0153521	0.983142	0.182197	0.183689	-0.18189	0.966009	4.26003	-4.79257	63.6934	
0.982202	0.0192924	-0.186834	0.015921	0.98258	0.185159	0.187151	-0.184838	0.964785	4.39685	-4.92787	64.4058	
0.981527	0.0199581	-0.190279	0.0165007	0.982008	0.188118	0.19061	-0.187783	0.963538	4.53622	-5.06534	65.1172	
0.98084	0.0206344	-0.19372	0.0170911	0.981427	0.191074	0.194065	-0.190724	0.96227	4.67814	-5.20499	65.8277	
0.98014	0.0213212	-0.197156	0.0176923	0.980837	0.194026	0.197515	-0.193661	0.96098	4.82261	-5.34681	66.5373	
0.979428	0.0220186	-0.200588	0.0183041	0.980238	0.196975	0.200961	-0.196595	0.959669	4.96962	-5.49079	67.2459	
0.978704	0.0227264	-0.204016	0.0189265	0.979629	0.199921	0.204403	-0.199524	0.958337	5.11918	-5.63693	67.9535	
0.977967	0.0234447	-0.207438	0.0195596	0.979012	0.202862	0.20784	-0.20245	0.956983	5.27127	-5.78523	68.6601	
0.977218	0.0241734	-0.210856	0.0202033	0.978386	0.205799	0.211273	-0.205371	0.955608	5.4259	-5.9357	69.3658	
0.976457	0.0249126	-0.214268	0.0208575	0.97775	0.208732	0.214701	-0.208287	0.954212	5.58306	-6.08831	70.0704	
0.975684	0.0256622	-0.217676	0.0215222	0.977106	0.211661	0.218124	-0.211199	0.952794	5.74275	-6.24308	70.774	
0.97215	0.0290413	-0.232555	0.0237214	0.975003	0.22092	0.233158	-0.220284	0.94716	5.90925	-6.40227	71.4749	
0.968381	0.032562	-0.247344	0.0260667	0.972813	0.230122	0.248112	-0.229293	0.941204	6.08681	-6.56814	72.1717	
