1	0	0	0	1	0	0	0	1	0	0	0	
1	5.59744e-07	-0.000236959	5.59744e-07	0.999989	0.00472436	0.000236959	-0.00472436	0.999989	0.000120514	-0.00240275	1.01717	
1	2.24117e-06	-0.000474087	2.2423e-06	0.999955	0.00945685	0.000474087	-0.00945685	0.999955	0.000482143	-0.00961512	2.03431	
1	5.04774e-06	-0.000711371	5.05228e-06	0.999899	0.0141973	0.000711371	-0.0141973	0.999899	0.00108505	-0.0216453	3.05141	
1	8.9828e-06	-0.0009488	8.99416e-06	0.999821	0.0189454	0.0009488	-0.0189454	0.99982	0.00192939	-0.0385012	4.06844	
0.999999	1.40496e-05	-0.00118636	1.40723e-05	0.999719	0.0237009	0.00118636	-0.0237009	0.999718	0.00301531	-0.0601905	5.08538	
0.999999	2.02511e-05	-0.00142405	2.0291e-05	0.999595	0.0284638	0.00142405	-0.0284638	0.999594	0.00434293	-0.0867208	6.10221	
0.999999	2.75903e-05	-0.00166184	2.76542e-05	0.999448	0.0332337	0.00166184	-0.0332337	0.999446	0.00591237	-0.118099	7.11889	
0.999998	3.607e-05	-0.00189974	3.6166e-05	0.999277	0.0380105	0.00189973	-0.0380105	0.999276	0.00772374	-0.154333	8.13541	
0.999998	4.56928e-05	-0.00213772	4.58302e-05	0.999084	0.0427938	0.00213771	-0.0427938	0.999082	0.00977713	-0.195429	9.15175	
0.999997	5.64614e-05	-0.00237577	5.66506e-05	0.998867	0.0475836	0.00237577	-0.0475836	0.998864	0.0120726	-0.241394	10.1679	
0.999997	6.83781e-05	-0.0026139	6.86308e-05	0.998627	0.0523796	0.00261389	-0.0523796	0.998624	0.0146103	-0.292234	11.1838	
0.999996	8.14452e-05	-0.00285207	8.17742e-05	0.998364	0.0571815	0.00285206	-0.0571815	0.99836	0.0173902	-0.347955	12.1994	
0.999995	9.56649e-05	-0.00309029	9.60843e-05	0.998077	0.0619892	0.00309028	-0.0619892	0.998072	0.0204124	-0.408564	13.2148	
0.999994	0.000111039	-0.00332854	0.000111564	0.997766	0.0668025	0.00332852	-0.0668025	0.997761	0.0236769	-0.474066	14.2298	
0.999994	0.00012757	-0.00356681	0.000128217	0.997432	0.071621	0.00356679	-0.071621	0.997426	0.0271838	-0.544466	15.2446	
0.999993	0.000145259	-0.00380509	0.000146046	0.997074	0.0764447	0.00380506	-0.0764447	0.997067	0.030933	-0.61977	16.2589	
0.999992	0.000164108	-0.00404336	0.000165053	0.996692	0.0812733	0.00404332	-0.0812733	0.996684	0.0349246	-0.699984	17.2729	
0.999991	0.000184119	-0.00428162	0.000185243	0.996286	0.0861065	0.00428157	-0.0861065	0.996277	0.0391585	-0.785111	18.2865	
0.99999	0.000205292	-0.00451986	0.000206616	0.995856	0.0909442	0.0045198	-0.0909443	0.995846	0.0436348	-0.875156	19.2997	
0.999989	0.000227629	-0.00475806	0.000229176	0.995402	0.0957862	0.00475798	-0.0957862	0.995391	0.0483534	-0.970125	20.3124	
0.999987	0.000251132	-0.00499621	0.000252926	0.994924	0.100632	0.00499612	-0.100632	0.994911	0.0533142	-1.07002	21.3246	
0.999986	0.000275801	-0.00523431	0.000277867	0.994421	0.105482	0.0052342	-0.105482	0.994407	0.0585172	-1.17485	22.3364	
0.999985	0.000301638	-0.00547233	0.000304001	0.993894	0.110335	0.0054722	-0.110335	0.993879	0.0639623	-1.28461	23.3476	
0.999984	0.000328642	-0.00571028	0.000331331	0.993343	0.115192	0.00571013	-0.115192	0.993327	0.0696495	-1.39931	24.3583	
0.999982	0.000356816	-0.00594814	0.000359859	0.992768	0.120052	0.00594795	-0.120052	0.99275	0.0755786	-1.51895	25.3684	
0.999981	0.000386158	-0.00618589	0.000389586	0.992167	0.124915	0.00618568	-0.124915	0.992148	0.0817496	-1.64354	26.3779	
0.999979	0.000416671	-0.00642353	0.000420514	0.991543	0.129781	0.00642328	-0.129781	0.991522	0.0881624	-1.77307	27.3867	
0.999978	0.000448353	-0.00666105	0.000452644	0.990893	0.134649	0.00666076	-0.134649	0.990871	0.0948168	-1.90756	28.3949	
0.999976	0.000481206	-0.00689844	0.000485979	0.990219	0.13952	0.0068981	-0.13952	0.990195	0.101713	-2.047	29.4025	
0.999974	0.000515229	-0.00713568	0.00052052	0.98952	0.144392	0.0071353	-0.144392	0.989495	0.10885	-2.19139	30.4093	
0.999973	0.000550423	-0.00737277	0.000556267	0.988797	0.149267	0.00737233	-0.149267	0.988769	0.116228	-2.34074	31.4154	
0.999971	0.000586787	-0.00760969	0.000593222	0.988048	0.154143	0.00760919	-0.154143	0.988019	0.123848	-2.49505	32.4208	
0.999969	0.000624321	-0.00784643	0.000631386	0.987275	0.159021	0.00784587	-0.159021	0.987244	0.131708	-2.65433	33.4254	
0.999967	0.000663025	-0.00808299	0.00067076	0.986477	0.163899	0.00808235	-0.163899	0.986444	0.139809	-2.81856	34.4292	
0.999965	0.000702898	-0.00831935	0.000711345	0.985654	0.168779	0.00831863	-0.168779	0.985619	0.14815	-2.98775	35.4322	
0.999963	0.00074394	-0.00855551	0.000753141	0.984805	0.17366	0.0085547	-0.17366	0.984768	0.156732	-3.16191	36.4343	
0.999961	0.00078615	-0.00879144	0.000796149	0.983932	0.178541	0.00879054	-0.178541	0.983893	0.165553	-3.34104	37.4355	
0.999959	0.000829528	-0.00902715	0.000840369	0.983034	0.183423	0.00902615	-0.183423	0.982993	0.174615	-3.52513	38.4358	
0.999957	0.000874071	-0.00926262	0.000885803	0.98211	0.188305	0.00926151	-0.188305	0.982067	0.183915	-3.71419	39.4353	
0.999954	0.00091978	-0.00949784	0.000932449	0.981162	0.193187	0.00949661	-0.193187	0.981116	0.193456	-3.90821	40.4337	
0.999952	0.000966654	-0.0097328	0.000980309	0.980188	0.198069	0.00973144	-0.198069	0.98014	0.203235	-4.1072	41.4312	
0.99995	0.00101469	-0.0099675	0.00102938	0.979189	0.20295	0.00996599	-0.20295	0.979138	0.213253	-4.31115	42.4276	
0.999947	0.00106389	-0.0102019	0.00107967	0.978164	0.20783	0.0102003	-0.207831	0.978112	0.223509	-4.52007	43.4231	
0.999945	0.00111425	-0.010436	0.00113117	0.977115	0.21271	0.0104342	-0.21271	0.97706	0.234003	-4.73395	44.4174	
0.999942	0.00116576	-0.0106699	0.00118388	0.97604	0.217589	0.0106679	-0.217589	0.975982	0.244735	-4.95279	45.4107	
0.99994	0.00121844	-0.0109034	0.0012378	0.97494	0.222466	0.0109012	-0.222466	0.974879	0.255705	-5.1766	46.4029	
0.999937	0.00127227	-0.0111366	0.00129294	0.973814	0.227342	0.0111342	-0.227342	0.973751	0.266912	-5.40536	47.394	
0.999934	0.00132725	-0.0113695	0.00134929	0.972663	0.232216	0.0113669	-0.232216	0.972598	0.278356	-5.63909	48.3839	
0.999932	0.00138339	-0.011602	0.00140685	0.971487	0.237088	0.0115992	-0.237088	0.971419	0.290036	-5.87777	49.3726	
0.999929	0.00144068	-0.0118342	0.00146562	0.970286	0.241958	0.0118311	-0.241958	0.970214	0.301952	-6.12141	50.36	
0.999926	0.00149911	-0.012066	0.00152559	0.969059	0.246826	0.0120627	-0.246826	0.968985	0.314105	-6.37	51.3463	
0.999923	0.00155869	-0.0122975	0.00158678	0.967806	0.251691	0.0122939	-0.251691	0.967729	0.326492	-6.62354	52.3313	
0.99992	0.00161941	-0.0125286	0.00164917	0.966529	0.256554	0.0125247	-0.256554	0.966449	0.339114	-6.88203	53.315	
0.999917	0.00168128	-0.0127593	0.00171277	0.965225	0.261413	0.0127551	-0.261413	0.965143	0.351971	-7.14546	54.2974	
0.999914	0.00174428	-0.0129896	0.00177758	0.963897	0.26627	0.0129851	-0.26627	0.963811	0.365062	-7.41383	55.2784	
0.999911	0.00180842	-0.0132195	0.00184358	0.962543	0.271123	0.0132146	-0.271123	0.962454	0.378387	-7.68714	56.2581	
0.999908	0.00187369	-0.013449	0.00191079	0.961164	0.275972	0.0134437	-0.275972	0.961072	0.391945	-7.96539	57.2364	
0.999905	0.00194009	-0.013678	0.0019792	0.959759	0.280818	0.0136724	-0.280818	0.959664	0.405736	-8.24856	58.2132	
0.999901	0.00200762	-0.0139066	0.00204881	0.958329	0.28566	0.0139006	-0.28566	0.95823	0.41976	-8.53667	59.1886	
0.999898	0.00207627	-0.0141348	0.00211962	0.956873	0.290497	0.0141284	-0.290497	0.956771	0.434015	-8.82969	60.1626	
0.999895	0.00214605	-0.0143626	0.00219162	0.955393	0.29533	0.0143557	-0.295331	0.955287	0.448501	-9.12764	61.135	
0.999891	0.00221694	-0.0145898	0.00226481	0.953886	0.300159	0.0145825	-0.300159	0.953778	0.463219	-9.43049	62.1059	
0.999888	0.00228895	-0.0148167	0.0023392	0.952355	0.304983	0.0148088	-0.304983	0.952243	0.478167	-9.73826	63.0753	
0.999884	0.00236207	-0.015043	0.00241477	0.950798	0.309802	0.0150346	-0.309802	0.950682	0.493345	-10.0509	64.0431	
0.999928	0.00133323	-0.0119193	0.00249922	0.948824	0.315795	0.0117303	-0.315802	0.948753	0.506957	-10.3691	65.0092	
0.999961	0.000284975	-0.00880286	0.00256287	0.946811	0.321781	0.00842634	-0.321791	0.946773	0.517209	-10.6934	65.9732	
0.999983	-0.00078266	-0.0056939	0.00260569	0.944758	0.327758	0.00512283	-0.327767	0.944745	0.5241	-11.0237	66.9352	
0.999995	-0.00186964	-0.00259248	0.00262764	0.942666	0.333726	0.00181989	-0.333731	0.942667	0.527631	-11.3602	67.8951	
0.999995	-0.00297594	0.000501311	0.00262871	0.940536	0.339684	-0.00148238	-0.339681	0.94054	0.527802	-11.7027	68.8529	
0.999985	-0.00410153	0.00358736	0.00260888	0.938367	0.34563	-0.00478388	-0.345615	0.938364	0.524615	-12.0512	69.8085	
0.999583	-0.0124793	0.0260413	0.00246642	0.9354	0.353583	-0.0287715	-0.353372	0.93504	0.507549	-12.4067	70.7613	
0.998606	-0.0210403	0.0484083	0.00212036	0.932367	0.361506	-0.0527405	-0.3609	0.931112	0.466091	-12.77	71.7105	
0.997055	-0.029779	0.070674	0.00157092	0.929272	0.369393	-0.0766755	-0.368194	0.926582	0.400268	-13.1408	72.6553	
0.994931	-0.0386896	0.0928238	0.000818467	0.926116	0.377239	-0.100561	-0.37525	0.921452	0.310123	-13.5189	73.5953	
0.992235	-0.0477665	0.114844	-0.000136524	0.9229	0.385039	-0.124381	-0.382064	0.915727	0.195715	-13.9041	74.5297	
0.988968	-0.0570038	0.136719	-0.00129343	0.919628	0.392787	-0.148121	-0.388631	0.90941	0.0571164	-14.2961	75.458	
0.985134	-0.0663955	0.158436	-0.00265151	0.916302	0.40048	-0.171765	-0.394946	0.902504	-0.105582	-14.6946	76.3795	
0.980735	-0.0759355	0.17998	-0.00420987	0.912923	0.408111	-0.195298	-0.401006	0.895015	-0.292275	-15.0995	77.2938	
0.975773	-0.0856176	0.201338	-0.00596752	0.909493	0.415676	-0.218705	-0.406807	0.886948	-0.502843	-15.5103	78.2001	
0.970251	-0.0954357	0.222496	-0.00792332	0.906015	0.423171	-0.24197	-0.412345	0.878306	-0.737149	-15.927	79.0979	
0.964174	-0.105383	0.24344	-0.010076	0.902492	0.430589	-0.265079	-0.417616	0.869097	-0.995041	-16.3491	79.9867	
0.957545	-0.115454	0.264156	-0.0124242	0.898925	0.437927	-0.288017	-0.422617	0.859326	-1.27635	-16.7765	80.8658	
0.950368	-0.125641	0.284631	-0.0149663	0.895316	0.44518	-0.310768	-0.427345	0.848999	-1.5809	-17.2088	81.7347	
0.942648	-0.135939	0.304853	-0.0177008	0.891669	0.452343	-0.333318	-0.431796	0.838123	-1.90849	-17.6457	82.5927	
0.93439	-0.146339	0.324807	-0.0206258	0.887984	0.459411	-0.355653	-0.435968	0.826706	-2.25891	-18.0871	83.4395	
0.9256	-0.156837	0.344481	-0.0237395	0.884266	0.46638	-0.377758	-0.439859	0.814754	-2.63194	-18.5325	84.2744	
0.916283	-0.167424	0.363862	-0.0270398	0.880516	0.473245	-0.399618	-0.443465	0.802274	-3.02732	-18.9818	85.0968	
0.906444	-0.178094	0.382937	-0.0305247	0.876736	0.480002	-0.421221	-0.446784	0.789277	-3.44481	-19.4346	85.9063	
0.896092	-0.18884	0.401695	-0.0341918	0.87293	0.486646	-0.44255	-0.449814	0.775768	-3.88414	-19.8906	86.7023	
0.885231	-0.199656	0.420124	-0.0380389	0.869099	0.493174	-0.463594	-0.452553	0.761758	-4.34501	-20.3496	87.4843	
0.873869	-0.210533	0.43821	-0.0420633	0.865246	0.49958	-0.484338	-0.455	0.747256	-4.82714	-20.8112	88.2518	
0.862014	-0.221466	0.455943	-0.0462626	0.861373	0.505861	-0.504769	-0.457153	0.73227	-5.33022	-21.2751	89.0043	
0.849673	-0.232447	0.473311	-0.0506339	0.857484	0.512013	-0.524873	-0.45901	0.716811	-5.8539	-21.7411	89.7413	
0.836855	-0.243469	0.490303	-0.0551745	0.85358	0.518032	-0.544638	-0.46057	0.700889	-6.39787	-22.2088	90.4624	
0.823566	-0.254524	0.506908	-0.0598815	0.849664	0.523914	-0.56405	-0.461832	0.684513	-6.96177	-22.6779	91.167	
0.809817	-0.265607	0.523115	-0.0647517	0.845738	0.529655	-0.583098	-0.462796	0.667695	-7.54522	-23.1482	91.8548	
0.795616	-0.276708	0.538914	-0.069782	0.841806	0.535251	-0.601769	-0.46346	0.650444	-8.14786	-23.6193	92.5252	
0.780971	-0.287822	0.554294	-0.0749693	0.837869	0.540699	-0.620051	-0.463825	0.632774	-8.76929	-24.091	93.1779	
0.765893	-0.298942	0.569246	-0.08031	0.83393	0.545995	-0.637932	-0.46389	0.614694	-9.40912	-24.5628	93.8123	
