1	0	0	0	1	0	0	0	1	0	0	0	
0.999994	-6.72912e-06	-0.00336784	-6.72912e-06	0.999992	-0.00399607	0.00336784	0.00399607	0.999986	0.00159378	0.00189108	0.94646	
0.999977	-2.69313e-05	-0.00673807	-2.69216e-05	0.999968	-0.00799211	0.00673807	0.00799211	0.999945	0.00637623	0.00756429	1.89289	
0.999949	-6.06258e-05	-0.0101106	-6.05872e-05	0.999928	-0.011988	0.0101106	0.011988	0.999877	0.0143496	0.0170195	2.83928	
0.999909	-0.000107831	-0.0134853	-0.000107735	0.999872	-0.0159836	0.0134853	0.0159836	0.999781	0.0255159	0.0302566	3.78558	
0.999858	-0.000168566	-0.016862	-0.000168373	0.9998	-0.0199788	0.016862	0.0199788	0.999658	0.0398773	0.0472752	4.73178	
0.999795	-0.000242848	-0.0202407	-0.00024251	0.999713	-0.0239734	0.0202407	0.0239734	0.999508	0.0574355	0.0680748	5.67786	
0.999721	-0.000330694	-0.0236213	-0.000330153	0.999609	-0.0279673	0.0236213	0.0279673	0.99933	0.0781925	0.0926549	6.62377	
0.999635	-0.00043212	-0.0270036	-0.000431308	0.999489	-0.0319605	0.0270036	0.0319605	0.999124	0.10215	0.121015	7.56951	
0.999538	-0.000547142	-0.0303876	-0.000545982	0.999353	-0.0359528	0.0303876	0.0359527	0.998891	0.129309	0.153154	8.51504	
0.999429	-0.000675775	-0.0337731	-0.00067418	0.999202	-0.039944	0.0337731	0.0399439	0.998631	0.159672	0.18907	9.46033	
0.999309	-0.000818035	-0.03716	-0.000815907	0.999034	-0.043934	0.0371601	0.043934	0.998343	0.19324	0.228764	10.4054	
0.999177	-0.000973934	-0.0405483	-0.000971167	0.998851	-0.0479227	0.0405483	0.0479227	0.998028	0.230015	0.272234	11.3501	
0.999034	-0.00114349	-0.0439377	-0.00113997	0.998651	-0.05191	0.0439378	0.05191	0.997685	0.269996	0.319478	12.2946	
0.998879	-0.00132671	-0.0473283	-0.0013223	0.998436	-0.0558958	0.0473284	0.0558957	0.997314	0.313186	0.370495	13.2387	
0.998712	-0.00152361	-0.0507199	-0.00151819	0.998204	-0.0598799	0.05072	0.0598797	0.996916	0.359586	0.425284	14.1824	
0.998533	-0.00173419	-0.0541123	-0.00172761	0.997957	-0.0638621	0.0541125	0.063862	0.996491	0.409196	0.483843	15.1257	
0.998343	-0.00195849	-0.0575056	-0.00195059	0.997694	-0.0678425	0.0575059	0.0678423	0.996037	0.462018	0.54617	16.0687	
0.998141	-0.00219649	-0.0608995	-0.00218711	0.997415	-0.0718208	0.0608999	0.0718205	0.995557	0.518052	0.612263	17.0112	
0.997928	-0.00244821	-0.064294	-0.00243718	0.99712	-0.0757969	0.0642945	0.0757966	0.995048	0.577298	0.68212	17.9532	
0.997703	-0.00271367	-0.067689	-0.00270079	0.99681	-0.0797708	0.0676895	0.0797703	0.994512	0.639757	0.755739	18.8947	
0.997466	-0.00299287	-0.0710843	-0.00297796	0.996483	-0.0837422	0.071085	0.0837416	0.993949	0.70543	0.833119	19.8357	
0.997217	-0.00328582	-0.0744799	-0.00326867	0.996141	-0.087711	0.0744807	0.0877104	0.993358	0.774316	0.914256	20.7762	
0.996957	-0.00359253	-0.0778756	-0.00357292	0.995782	-0.0916772	0.0778765	0.0916765	0.992739	0.846417	0.999147	21.7161	
0.996684	-0.003913	-0.0812714	-0.00389072	0.995408	-0.0956406	0.0812725	0.0956397	0.992093	0.921731	1.08779	22.6553	
0.9964	-0.00424724	-0.0846671	-0.00422205	0.995018	-0.0996011	0.0846683	0.0996	0.991419	1.00026	1.18019	23.594	
0.996104	-0.00459526	-0.0880626	-0.00456692	0.994613	-0.103559	0.0880641	0.103557	0.990717	1.082	1.27633	24.532	
0.995797	-0.00495706	-0.0914578	-0.00492532	0.994191	-0.107513	0.0914595	0.107511	0.989988	1.16696	1.37621	25.4694	
0.995477	-0.00533265	-0.0948526	-0.00529725	0.993754	-0.111464	0.0948546	0.111462	0.989231	1.25513	1.47984	26.406	
0.995146	-0.00572203	-0.0982469	-0.00568269	0.993302	-0.115411	0.0982492	0.115409	0.988447	1.34651	1.5872	27.3419	
0.994802	-0.00612521	-0.101641	-0.00608166	0.992833	-0.119355	0.101643	0.119353	0.987635	1.44111	1.6983	28.277	
0.994447	-0.00654219	-0.105034	-0.00649413	0.992349	-0.123296	0.105037	0.123293	0.986796	1.53892	1.81313	29.2114	
0.99408	-0.00697297	-0.108426	-0.00692011	0.991849	-0.127232	0.108429	0.12723	0.985929	1.63994	1.93168	30.145	
0.993701	-0.00741756	-0.111817	-0.00735958	0.991333	-0.131165	0.111821	0.131162	0.985034	1.74416	2.05396	31.0777	
0.99331	-0.00787595	-0.115207	-0.00781254	0.990802	-0.135094	0.115211	0.13509	0.984112	1.8516	2.17996	32.0096	
0.992907	-0.00834815	-0.118596	-0.00827898	0.990255	-0.139018	0.118601	0.139014	0.983163	1.96225	2.30968	32.9405	
0.992493	-0.00883416	-0.121984	-0.00875889	0.989693	-0.142939	0.121989	0.142934	0.982186	2.07611	2.4431	33.8706	
0.992066	-0.00933397	-0.12537	-0.00925226	0.989115	-0.146855	0.125376	0.14685	0.981181	2.19317	2.58024	34.7997	
0.991628	-0.00984759	-0.128755	-0.00975908	0.988521	-0.150766	0.128762	0.15076	0.980149	2.31344	2.72108	35.7279	
0.991177	-0.010375	-0.132139	-0.0102793	0.987912	-0.154673	0.132146	0.154667	0.979089	2.43691	2.86562	36.6551	
0.990714	-0.0109163	-0.13552	-0.010813	0.987288	-0.158575	0.135529	0.158568	0.978002	2.56358	3.01385	37.5812	
0.99024	-0.0114713	-0.1389	-0.0113601	0.986648	-0.162472	0.138909	0.162464	0.976888	2.69345	3.16577	38.5064	
0.989754	-0.0120401	-0.142278	-0.0119207	0.985992	-0.166364	0.142288	0.166356	0.975746	2.82652	3.32138	39.4304	
0.989255	-0.0126228	-0.145654	-0.0124946	0.985321	-0.170252	0.145665	0.170242	0.974576	2.96279	3.48067	40.3534	
0.988745	-0.0132192	-0.149028	-0.0130819	0.984635	-0.174134	0.14904	0.174123	0.97338	3.10226	3.64364	41.2752	
0.988222	-0.0138294	-0.152399	-0.0136825	0.983934	-0.17801	0.152413	0.177999	0.972156	3.24491	3.81027	42.1959	
0.987688	-0.0144534	-0.155769	-0.0142965	0.983217	-0.181881	0.155783	0.181869	0.970904	3.39076	3.98057	43.1154	
0.987141	-0.0150912	-0.159135	-0.0149239	0.982484	-0.185747	0.159151	0.185733	0.969626	3.5398	4.15453	44.0337	
0.986583	-0.0157428	-0.1625	-0.0155646	0.981737	-0.189607	0.162517	0.189592	0.96832	3.69202	4.33215	44.9508	
0.986013	-0.0164081	-0.165861	-0.0162186	0.980974	-0.193461	0.16588	0.193445	0.966987	3.84743	4.51342	45.8667	
0.98543	-0.0170872	-0.16922	-0.0168858	0.980196	-0.197309	0.16924	0.197292	0.965626	4.00602	4.69833	46.7813	
0.984836	-0.01778	-0.172576	-0.0175664	0.979403	-0.201151	0.172598	0.201132	0.964238	4.16779	4.88687	47.6946	
0.984229	-0.0184866	-0.175929	-0.0182602	0.978594	-0.204987	0.175952	0.204967	0.962824	4.33274	5.07905	48.6065	
0.983611	-0.0192069	-0.179279	-0.0189673	0.977771	-0.208817	0.179304	0.208795	0.961382	4.50086	5.27486	49.5171	
0.98298	-0.0199409	-0.182625	-0.0196876	0.976932	-0.21264	0.182653	0.212616	0.959913	4.67215	5.47428	50.4263	
0.982338	-0.0206887	-0.185969	-0.0204211	0.976079	-0.216457	0.185998	0.216431	0.958416	4.8466	5.67732	51.3341	
0.981683	-0.0214502	-0.189309	-0.0211677	0.97521	-0.220267	0.18934	0.22024	0.956893	5.02423	5.88397	52.2405	
0.981017	-0.0222253	-0.192645	-0.0219276	0.974326	-0.224071	0.192679	0.224041	0.955343	5.20501	6.09422	53.1455	
0.980338	-0.0230142	-0.195978	-0.0227006	0.973428	-0.227867	0.196014	0.227836	0.953766	5.38895	6.30806	54.0489	
0.979648	-0.0238167	-0.199307	-0.0234867	0.972514	-0.231657	0.199346	0.231623	0.952162	5.57605	6.5255	54.9509	
0.978945	-0.0246329	-0.202632	-0.0242859	0.971586	-0.235439	0.202674	0.235403	0.950531	5.7663	6.74651	55.8513	
0.978231	-0.0254627	-0.205953	-0.0250982	0.970642	-0.239215	0.205998	0.239176	0.948873	5.9597	6.97109	56.7501	
0.977504	-0.0263062	-0.20927	-0.0259236	0.969684	-0.242983	0.209318	0.242942	0.947188	6.15624	7.19925	57.6474	
0.976532	-0.0274239	-0.213621	-0.0260656	0.969521	-0.243618	0.213791	0.243469	0.946053	6.35647	7.42944	58.5434	
0.975537	-0.0285457	-0.217972	-0.0262108	0.969357	-0.244254	0.218265	0.243992	0.944896	6.56093	7.66012	59.4382	
0.974521	-0.0296716	-0.222325	-0.0263594	0.969192	-0.24489	0.222742	0.244511	0.943716	6.76963	7.89129	60.332	
0.973483	-0.0308014	-0.226678	-0.0265112	0.969027	-0.245527	0.22722	0.245026	0.942514	6.98257	8.12296	61.2246	
0.972422	-0.0319349	-0.231031	-0.0266664	0.968861	-0.246164	0.231698	0.245536	0.941291	7.19974	8.35511	62.1161	
0.97134	-0.033072	-0.235383	-0.0268247	0.968695	-0.2468	0.236176	0.246041	0.940045	7.42116	8.58774	63.0064	
0.970236	-0.0342125	-0.239733	-0.0269864	0.968528	-0.247437	0.240654	0.246542	0.938777	7.64681	8.82085	63.8955	
0.96911	-0.0353562	-0.244081	-0.0271513	0.96836	-0.248074	0.245129	0.247038	0.937488	7.8767	9.05442	64.7834	
0.967963	-0.0365031	-0.248426	-0.0273195	0.968192	-0.248711	0.249603	0.24753	0.936177	8.11082	9.28847	65.6701	
0.966794	-0.0376529	-0.252767	-0.0274909	0.968024	-0.249348	0.254073	0.248017	0.934845	8.34918	9.52298	66.5555	
0.965604	-0.0388055	-0.257104	-0.0276654	0.967855	-0.249984	0.25854	0.248499	0.933491	8.59176	9.75795	67.4397	
0.964393	-0.0399608	-0.261437	-0.0278432	0.967685	-0.25062	0.263003	0.248976	0.932116	8.83857	9.99337	68.3226	
0.963161	-0.0411185	-0.265763	-0.0280242	0.967515	-0.251256	0.267461	0.249447	0.93072	9.08961	10.2292	69.2041	
0.961908	-0.0422785	-0.270084	-0.0282083	0.967345	-0.251891	0.271914	0.249914	0.929304	9.34486	10.4656	70.0843	
0.959786	-0.0441161	-0.277245	-0.0220346	0.97269	-0.231058	0.279867	0.227875	0.932602	9.60599	10.6917	70.9655	
0.957603	-0.0457837	-0.28443	-0.0156846	0.977542	-0.210158	0.287663	0.205709	0.935379	9.87458	10.8969	71.8495	
0.955361	-0.0472803	-0.291633	-0.00916193	0.981896	-0.189201	0.295299	0.183427	0.937632	10.1505	11.081	72.7359	
0.953061	-0.0486051	-0.298852	-0.00247027	0.98575	-0.1682	0.302769	0.161043	0.939359	10.4335	11.244	73.6242	
0.950704	-0.0497574	-0.306082	0.00438664	0.989102	-0.147166	0.310069	0.138568	0.940561	10.7235	11.3858	74.5139	
0.948291	-0.0507366	-0.31332	0.011405	0.991951	-0.126111	0.317196	0.116016	0.941237	11.0204	11.5063	75.4045	
0.945825	-0.051542	-0.320561	0.0185808	0.994294	-0.105046	0.324146	0.0933991	0.941385	11.3239	11.6054	76.2954	
0.943305	-0.0521733	-0.3278	0.0259101	0.99613	-0.0839846	0.330914	0.0707298	0.941007	11.6339	11.6831	77.1863	
0.940735	-0.05263	-0.335035	0.0333888	0.997459	-0.0629373	0.337496	0.0480208	0.940101	11.9502	11.7393	78.0765	
0.938114	-0.0529119	-0.342261	0.0410127	0.998279	-0.0419161	0.34389	0.025285	0.93867	12.2727	11.774	78.9657	
0.935445	-0.0530189	-0.349474	0.0487775	0.99859	-0.0209328	0.350091	0.00253505	0.936712	12.6011	11.7872	79.8532	
0.932729	-0.0529509	-0.35667	0.0566789	0.998392	7.43279e-07	0.356096	-0.0202163	0.934231	12.9354	11.7788	80.7386	
0.929967	-0.0527079	-0.363844	0.0647124	0.997686	0.0208729	0.361902	-0.0429564	0.931226	13.2751	11.7489	81.6215	
0.927162	-0.0522902	-0.370994	0.0728736	0.99647	0.0416721	0.367505	-0.0656724	0.9277	13.6203	11.6975	82.5012	
0.924314	-0.0516978	-0.378114	0.0811579	0.994747	0.0623865	0.372903	-0.0883517	0.923655	13.9707	11.6246	83.3774	
0.921426	-0.0509311	-0.385201	0.0895606	0.992517	0.0830046	0.378091	-0.110981	0.919092	14.3262	11.5303	84.2495	
0.918499	-0.0499907	-0.392252	0.0980771	0.989781	0.103515	0.383068	-0.133549	0.914015	14.6864	11.4145	85.117	
0.915534	-0.0488769	-0.399261	0.106702	0.98654	0.123906	0.387831	-0.156042	0.908426	15.0512	11.2775	85.9795	
0.912533	-0.0475904	-0.406225	0.115432	0.982798	0.144166	0.392376	-0.178448	0.902329	15.4204	11.1192	86.8364	
0.909498	-0.046132	-0.41314	0.124261	0.978555	0.164284	0.396702	-0.200753	0.895726	15.7939	10.9397	87.6874	
0.906431	-0.0445024	-0.420003	0.133184	0.973814	0.184249	0.400806	-0.222946	0.888622	16.1713	10.7392	88.5318	
0.903333	-0.0427026	-0.426809	0.142196	0.968578	0.204049	0.404685	-0.245015	0.881021	16.5525	10.5177	89.3693	
0.900206	-0.0407336	-0.433555	0.151293	0.96285	0.223673	0.408337	-0.266946	0.872926	16.9373	10.2755	90.1994	
