1	0	0	0	1	0	0	0	1	0	0	0	
0.999983	3.82111e-06	0.00583692	3.82111e-06	0.999999	-0.00130928	-0.00583692	0.00130928	0.999982	-0.00307176	0.000689026	1.05252	
0.999932	1.52899e-05	0.0116731	1.53041e-05	0.999997	-0.00262081	-0.0116731	0.00262081	0.999928	-0.0122866	0.00275729	2.105	
0.999847	3.44178e-05	0.0175082	3.44745e-05	0.999992	-0.00393454	-0.0175082	0.00393454	0.999839	-0.0276437	0.00620714	3.15741	
0.999728	6.1216e-05	0.0233421	6.13577e-05	0.999986	-0.00525043	-0.0233421	0.00525043	0.999714	-0.0491418	0.0110409	4.2097	
0.999574	9.56955e-05	0.0291746	9.59789e-05	0.999978	-0.00656843	-0.0291746	0.00656843	0.999553	-0.0767794	0.0172607	5.26184	
0.999387	0.000137867	0.0350055	0.000138363	0.999969	-0.00788848	-0.0350055	0.00788849	0.999356	-0.110555	0.0248689	6.3138	
0.999166	0.00018774	0.0408345	0.000188534	0.999958	-0.00921055	-0.0408345	0.00921057	0.999123	-0.150467	0.0338675	7.36552	
0.998911	0.000245326	0.0466615	0.000246516	0.999944	-0.0105346	-0.0466615	0.0105346	0.998855	-0.196513	0.0442587	8.41699	
0.998622	0.000310633	0.0524863	0.000312333	0.99993	-0.0118605	-0.0524863	0.0118606	0.998551	-0.248691	0.0560445	9.46815	
0.998299	0.000383672	0.0583085	0.00038601	0.999913	-0.0131883	-0.0583085	0.0131884	0.998211	-0.306998	0.0692268	10.519	
0.997942	0.000464452	0.0641281	0.000467568	0.999894	-0.0145179	-0.0641281	0.014518	0.997836	-0.371432	0.0838077	11.5694	
0.997551	0.000552981	0.0699448	0.000557031	0.999874	-0.0158493	-0.0699448	0.0158495	0.997425	-0.44199	0.0997891	12.6195	
0.997126	0.000649268	0.0757584	0.000654421	0.999852	-0.0171824	-0.0757583	0.0171826	0.996978	-0.518668	0.117173	13.669	
0.996667	0.000753321	0.0815687	0.000759762	0.999828	-0.0185172	-0.0815686	0.0185174	0.996496	-0.601464	0.13596	14.7181	
0.996175	0.000865148	0.0873754	0.000873074	0.999803	-0.0198536	-0.0873753	0.0198539	0.995978	-0.690373	0.156154	15.7667	
0.995649	0.000984758	0.0931784	0.000994381	0.999775	-0.0211915	-0.0931783	0.0211919	0.995424	-0.785392	0.177755	16.8147	
0.995089	0.00111216	0.0989775	0.0011237	0.999746	-0.0225309	-0.0989774	0.0225315	0.994835	-0.886517	0.200765	17.8621	
0.994495	0.00124735	0.104772	0.00126106	0.999714	-0.0238718	-0.104772	0.0238726	0.99421	-0.993743	0.225186	18.9089	
0.993868	0.00139035	0.110563	0.00140647	0.999681	-0.0252142	-0.110563	0.0252151	0.993549	-1.10707	0.251019	19.955	
0.993207	0.00154116	0.116349	0.00155996	0.999646	-0.0265578	-0.116349	0.0265589	0.992853	-1.22648	0.278266	21.0003	
0.992513	0.00169978	0.12213	0.00172155	0.999609	-0.0279028	-0.12213	0.0279042	0.992122	-1.35198	0.306927	22.045	
0.991784	0.00186623	0.127907	0.00189126	0.99957	-0.0292491	-0.127906	0.0292507	0.991355	-1.48357	0.337006	23.0888	
0.991023	0.0020405	0.133678	0.0020691	0.99953	-0.0305965	-0.133677	0.0305984	0.990552	-1.62123	0.368502	24.1318	
0.990228	0.00222261	0.139443	0.0022551	0.999487	-0.0319451	-0.139443	0.0319474	0.989715	-1.76497	0.401418	25.1739	
0.989399	0.00241256	0.145204	0.00244927	0.999443	-0.0332948	-0.145203	0.0332974	0.988841	-1.91476	0.435754	26.2152	
0.988537	0.00261034	0.150958	0.00265164	0.999396	-0.0346455	-0.150957	0.0346486	0.987933	-2.07062	0.471512	27.2555	
0.987641	0.00281598	0.156706	0.00286221	0.999348	-0.0359972	-0.156705	0.0360008	0.986989	-2.23253	0.508692	28.2948	
0.986712	0.00302947	0.162448	0.00308102	0.999298	-0.0373498	-0.162447	0.0373541	0.98601	-2.40049	0.547296	29.3331	
0.98575	0.00325081	0.168184	0.00330807	0.999245	-0.0387034	-0.168183	0.0387082	0.984996	-2.57449	0.587325	30.3704	
0.984755	0.00348001	0.173913	0.00354339	0.999191	-0.0400578	-0.173912	0.0400633	0.983946	-2.75452	0.628779	31.4066	
0.983726	0.00371707	0.179635	0.00378698	0.999135	-0.0414129	-0.179634	0.0414192	0.982861	-2.94058	0.671661	32.4416	
0.982665	0.003962	0.18535	0.00403887	0.999077	-0.0427688	-0.185349	0.042776	0.981741	-3.13266	0.71597	33.4755	
0.98157	0.0042148	0.191058	0.00429908	0.999017	-0.0441253	-0.191056	0.0441334	0.980586	-3.33075	0.761707	34.5082	
0.980442	0.00447546	0.196759	0.00456761	0.998955	-0.0454825	-0.196756	0.0454916	0.979396	-3.53484	0.808873	35.5397	
0.979281	0.004744	0.202451	0.00484449	0.998891	-0.0468402	-0.202449	0.0468504	0.978172	-3.74493	0.85747	36.5699	
0.978087	0.00502041	0.208136	0.00512972	0.998825	-0.0481984	-0.208134	0.0482099	0.976912	-3.961	0.907497	37.5988	
0.97686	0.0053047	0.213813	0.00542333	0.998757	-0.049557	-0.21381	0.0495699	0.975617	-4.18306	0.958955	38.6264	
0.975601	0.00559686	0.219482	0.00572533	0.998687	-0.0509161	-0.219478	0.0509304	0.974287	-4.41108	1.01184	39.6525	
0.974308	0.00589691	0.225142	0.00603573	0.998614	-0.0522755	-0.225138	0.0522913	0.972923	-4.64507	1.06617	40.6773	
0.972983	0.00620483	0.230793	0.00635454	0.99854	-0.0536352	-0.230789	0.0536527	0.971523	-4.885	1.12192	41.7006	
0.971625	0.00652062	0.236436	0.00668178	0.998464	-0.0549951	-0.236431	0.0550144	0.97009	-5.13088	1.17911	42.7224	
0.970235	0.0068443	0.242069	0.00701746	0.998386	-0.0563552	-0.242064	0.0563765	0.968621	-5.3827	1.23773	43.7426	
0.968812	0.00717586	0.247693	0.0073616	0.998306	-0.0577154	-0.247688	0.0577388	0.967118	-5.64044	1.29778	44.7613	
0.967356	0.00751529	0.253308	0.00771421	0.998224	-0.0590756	-0.253302	0.0591013	0.96558	-5.90409	1.35927	45.7785	
0.965869	0.0078626	0.258913	0.00807529	0.998139	-0.0604359	-0.258906	0.0604639	0.964008	-6.17365	1.4222	46.7939	
0.964348	0.00821778	0.264508	0.00844486	0.998053	-0.0617961	-0.264501	0.0618267	0.962402	-6.4491	1.48655	47.8077	
0.962796	0.00858084	0.270093	0.00882293	0.997965	-0.0631562	-0.270085	0.0631896	0.960761	-6.73043	1.55234	48.8198	
0.961211	0.00895177	0.275668	0.00920951	0.997874	-0.0645161	-0.275659	0.0645524	0.959085	-7.01764	1.61957	49.8302	
0.959594	0.00933057	0.281232	0.00960462	0.997782	-0.0658759	-0.281223	0.0659152	0.957376	-7.31071	1.68823	50.8387	
0.957945	0.00971724	0.286786	0.0100083	0.997687	-0.0672353	-0.286776	0.067278	0.955632	-7.60962	1.75833	51.8455	
0.956265	0.0101118	0.292328	0.0104204	0.99759	-0.0685944	-0.292318	0.0686406	0.953855	-7.91438	1.82985	52.8504	
0.954552	0.0105142	0.29786	0.0108412	0.997491	-0.0699531	-0.297848	0.070003	0.952043	-8.22496	1.90282	53.8534	
0.952807	0.0109244	0.30338	0.0112704	0.99739	-0.0713114	-0.303368	0.0713652	0.950197	-8.54136	1.97722	54.8545	
0.95103	0.0113425	0.308889	0.0117083	0.997287	-0.0726691	-0.308876	0.0727271	0.948318	-8.86356	2.05305	55.8536	
0.949222	0.0117685	0.314387	0.0121547	0.997182	-0.0740263	-0.314372	0.0740887	0.946404	-9.19156	2.13031	56.8507	
0.947382	0.0122023	0.319872	0.0126097	0.997075	-0.0753828	-0.319856	0.0754499	0.944457	-9.52533	2.20901	57.8458	
0.945511	0.012644	0.325345	0.0130733	0.996966	-0.0767387	-0.325328	0.0768106	0.942476	-9.86486	2.28914	58.8388	
0.943608	0.0130934	0.330806	0.0135455	0.996854	-0.0780939	-0.330788	0.0781709	0.940462	-10.2102	2.3707	59.8297	
0.941674	0.0135508	0.336255	0.0140263	0.99674	-0.0794482	-0.336235	0.0795307	0.938414	-10.5612	2.45369	60.8185	
0.939708	0.0140159	0.341691	0.0145158	0.996624	-0.0808017	-0.34167	0.0808899	0.936332	-10.9179	2.53811	61.8051	
0.937711	0.0144889	0.347114	0.0150138	0.996507	-0.0821542	-0.347092	0.0822484	0.934218	-11.2804	2.62397	62.7895	
0.935683	0.0149697	0.352524	0.0155204	0.996386	-0.0835058	-0.3525	0.0836063	0.93207	-11.6486	2.71125	63.7717	
0.933624	0.0154583	0.357921	0.0160357	0.996264	-0.0848564	-0.357895	0.0849635	0.929888	-12.0224	2.79996	64.7516	
0.931534	0.0159547	0.363304	0.0165596	0.99614	-0.0862058	-0.363277	0.0863198	0.927674	-12.402	2.8901	65.7292	
0.929413	0.0164589	0.368674	0.0170922	0.996013	-0.0875541	-0.368645	0.0876754	0.925426	-12.7872	2.98167	66.7044	
0.927187	0.0169999	0.374212	0.0190686	0.995533	-0.0924719	-0.374112	0.0928744	0.922721	-13.178	3.07669	67.677	
0.924929	0.017572	0.379733	0.0210747	0.995024	-0.0973767	-0.379555	0.0980693	0.919957	-13.5747	3.17717	68.6467	
0.922638	0.0181752	0.385237	0.0231104	0.994488	-0.102268	-0.384973	0.10326	0.917133	-13.977	3.28313	69.6135	
0.922118	0.0183324	0.386475	0.0332341	0.991432	-0.126324	-0.385479	0.12933	0.913608	-14.3825	3.40554	70.577	
0.921597	0.0185247	0.387707	0.0433676	0.987692	-0.150279	-0.385718	0.155311	0.90945	-14.7884	3.55534	71.5365	
0.921075	0.0187521	0.388932	0.0535039	0.98327	-0.174116	-0.385691	0.181184	0.904663	-15.1944	3.73244	72.4912	
0.920554	0.0190144	0.390151	0.0636359	0.978171	-0.19782	-0.385396	0.206931	0.899249	-15.6002	3.9367	73.4406	
0.920034	0.0193114	0.391363	0.0737567	0.972396	-0.221373	-0.384835	0.232536	0.893213	-16.0055	4.16799	74.384	
0.919514	0.0196428	0.392565	0.0838593	0.965951	-0.244759	-0.384007	0.257979	0.886558	-16.4102	4.42614	75.3207	
0.918996	0.0200086	0.393759	0.0939365	0.958839	-0.267962	-0.382913	0.283244	0.87929	-16.8138	4.71098	76.25	
0.918479	0.0204083	0.394942	0.103982	0.951066	-0.290966	-0.381554	0.308313	0.871413	-17.2161	5.02232	77.1714	
0.917965	0.0208418	0.396114	0.113987	0.942637	-0.313755	-0.379931	0.333168	0.862932	-17.6169	5.35992	78.0842	
0.917453	0.0213087	0.397274	0.123947	0.933558	-0.336314	-0.378044	0.357793	0.853854	-18.0158	5.72357	78.9877	
0.916943	0.0218088	0.398421	0.133854	0.923835	-0.358626	-0.375897	0.38217	0.844185	-18.4126	6.11301	79.8814	
0.916437	0.0223416	0.399555	0.143701	0.913474	-0.380676	-0.373488	0.406282	0.833931	-18.807	6.52797	80.7646	
0.915934	0.0229068	0.400675	0.153481	0.902484	-0.40245	-0.370822	0.430113	0.8231	-19.1987	6.96815	81.6366	
0.915435	0.023504	0.40178	0.163188	0.890872	-0.423931	-0.367898	0.453647	0.811699	-19.5875	7.43327	82.497	
0.91494	0.0241328	0.402869	0.172814	0.878645	-0.445105	-0.36472	0.476866	0.799736	-19.9731	7.92299	83.3451	
0.914449	0.0247927	0.403941	0.182354	0.865812	-0.465958	-0.361289	0.499755	0.78722	-20.3552	8.43698	84.1803	
0.913963	0.0254834	0.404996	0.1918	0.852382	-0.486474	-0.357609	0.522298	0.774158	-20.7335	8.97488	85.0021	
0.913483	0.0262043	0.406033	0.201147	0.838365	-0.50664	-0.35368	0.544479	0.760561	-21.1079	9.53632	85.8098	
0.913007	0.0269549	0.407052	0.210387	0.82377	-0.526442	-0.349507	0.566284	0.746437	-21.478	10.1209	86.6029	
0.912538	0.0277347	0.408051	0.219514	0.808606	-0.545866	-0.345092	0.587696	0.731796	-21.8435	10.7282	87.3809	
0.912075	0.0285432	0.409029	0.228521	0.792886	-0.564898	-0.340438	0.608702	0.716648	-22.2043	11.3579	88.1432	
0.911618	0.0293797	0.409987	0.237404	0.776619	-0.583526	-0.335548	0.629286	0.701005	-22.5601	12.0094	88.8893	
0.911168	0.0302438	0.410924	0.246155	0.759816	-0.601737	-0.330425	0.649434	0.684875	-22.9106	12.6824	89.6187	
0.910725	0.0311349	0.411838	0.254768	0.74249	-0.619517	-0.325075	0.669133	0.668272	-23.2556	13.3764	90.3308	
0.910289	0.0320522	0.41273	0.263238	0.724653	-0.636855	-0.319498	0.688368	0.651206	-23.5948	14.0908	91.0253	
0.909861	0.0329952	0.413598	0.271558	0.706316	-0.653738	-0.313701	0.707127	0.63369	-23.928	14.8253	91.7015	
0.909442	0.0339633	0.414442	0.279723	0.687493	-0.670156	-0.307687	0.725397	0.615734	-24.2551	15.5792	92.359	
0.90903	0.0349556	0.415262	0.287727	0.668196	-0.686096	-0.301459	0.743164	0.597352	-24.5757	16.3521	92.9975	
0.908627	0.0359717	0.416057	0.295565	0.648439	-0.701547	-0.295023	0.760416	0.578557	-24.8896	17.1434	93.6164	
0.908233	0.0370107	0.416826	0.303231	0.628235	-0.716499	-0.288383	0.777142	0.559361	-25.1966	17.9526	94.2152	
0.907847	0.038072	0.417569	0.31072	0.6076	-0.730942	-0.281543	0.793331	0.539778	-25.4966	18.7791	94.7937	
