1	0	0	0	1	0	0	0	1	0	0	0	
0.999991	5.25066e-07	-0.00429547	5.25066e-07	1	0.000244473	0.00429547	-0.000244473	0.999991	0.00178978	-0.000101864	0.833331	
0.999963	2.10337e-06	-0.00859321	2.10728e-06	1	0.000489988	0.00859321	-0.000489988	0.999963	0.00716007	-0.00040789	1.66665	
0.999917	4.74051e-06	-0.0128931	4.75618e-06	1	0.000736539	0.0128931	-0.000736539	0.999917	0.0161127	-0.000918944	2.49993	
0.999852	8.44205e-06	-0.0171951	8.48125e-06	1	0.00098412	0.0171951	-0.000984121	0.999852	0.0286495	-0.00163589	3.33317	
0.999769	1.32135e-05	-0.021499	1.3292e-05	0.999999	0.00123273	0.021499	-0.00123273	0.999768	0.0447721	-0.00255958	4.16634	
0.999667	1.90604e-05	-0.0258047	1.91977e-05	0.999999	0.00148235	0.0258047	-0.00148235	0.999666	0.064482	-0.00369086	4.99944	
0.999547	2.59881e-05	-0.0301122	2.6208e-05	0.999998	0.00173299	0.0301122	-0.00173299	0.999545	0.0877808	-0.00503059	5.83245	
0.999407	3.40021e-05	-0.0344213	3.43321e-05	0.999998	0.00198464	0.0344213	-0.00198464	0.999405	0.11467	-0.00657961	6.66535	
0.99925	4.31077e-05	-0.0387318	4.35793e-05	0.999997	0.00223729	0.0387318	-0.00223729	0.999247	0.14515	-0.00833875	7.49812	
0.999073	5.33102e-05	-0.0430438	5.3959e-05	0.999997	0.00249093	0.0430438	-0.00249094	0.99907	0.179223	-0.0103089	8.33075	
0.998878	6.46149e-05	-0.047357	6.54804e-05	0.999996	0.00274556	0.047357	-0.00274558	0.998874	0.21689	-0.0124907	9.16323	
0.998664	7.70271e-05	-0.0516713	7.81527e-05	0.999995	0.00300118	0.0516713	-0.00300121	0.99866	0.258152	-0.0148852	9.99554	
0.998432	9.0552e-05	-0.0559868	9.19852e-05	0.999995	0.00325778	0.0559868	-0.00325782	0.998426	0.30301	-0.0174932	10.8277	
0.99818	0.000105195	-0.0603031	0.000106987	0.999994	0.00351534	0.0603031	-0.0035154	0.998174	0.351464	-0.0203154	11.6596	
0.99791	0.00012096	-0.0646203	0.000123167	0.999993	0.00377388	0.0646203	-0.00377395	0.997903	0.403516	-0.0233526	12.4913	
0.997621	0.000137854	-0.0689382	0.000140535	0.999992	0.00403337	0.0689382	-0.00403346	0.997613	0.459165	-0.0266057	13.3227	
0.997313	0.000155881	-0.0732567	0.000159099	0.999991	0.00429381	0.0732566	-0.00429393	0.997304	0.518413	-0.0300754	14.154	
0.996986	0.000175045	-0.0775756	0.000178868	0.99999	0.0045552	0.0775756	-0.00455535	0.996976	0.58126	-0.0337626	14.9849	
0.996641	0.000195353	-0.081895	0.000199852	0.999988	0.00481753	0.081895	-0.00481772	0.996629	0.647706	-0.0376681	15.8156	
0.996277	0.000216809	-0.0862146	0.00022206	0.999987	0.00508079	0.0862146	-0.00508102	0.996264	0.717752	-0.0417926	16.646	
0.995893	0.000239417	-0.0905344	0.000245499	0.999986	0.00534498	0.0905343	-0.00534526	0.995879	0.791397	-0.0461369	17.476	
0.995491	0.000263183	-0.0948542	0.00027018	0.999984	0.00561009	0.0948541	-0.00561042	0.995475	0.868643	-0.0507017	18.3057	
0.99507	0.000288111	-0.0991739	0.00029611	0.999983	0.00587611	0.0991739	-0.00587651	0.995053	0.949488	-0.055488	19.1351	
0.99463	0.000314207	-0.103493	0.000323299	0.999981	0.00614304	0.103493	-0.00614351	0.994611	1.03393	-0.0604963	19.9642	
0.994171	0.000341474	-0.107813	0.000351756	0.999979	0.00641086	0.107813	-0.00641142	0.994151	1.12198	-0.0657275	20.7928	
0.993693	0.000369918	-0.112132	0.000381488	0.999978	0.00667958	0.112132	-0.00668023	0.993671	1.21362	-0.0711824	21.6211	
0.993196	0.000399542	-0.11645	0.000412505	0.999976	0.00694918	0.11645	-0.00694993	0.993172	1.30886	-0.0768616	22.4489	
0.992681	0.000430353	-0.120768	0.000444815	0.999974	0.00721966	0.120768	-0.00722053	0.992655	1.4077	-0.082766	23.2764	
0.992146	0.000462353	-0.125085	0.000478427	0.999972	0.007491	0.125085	-0.00749201	0.992118	1.51014	-0.0888962	24.1033	
0.991592	0.000495549	-0.129401	0.000513349	0.99997	0.00776322	0.129401	-0.00776437	0.991562	1.61618	-0.0952531	24.9299	
0.99102	0.000529943	-0.133716	0.000549589	0.999968	0.00803628	0.133716	-0.0080376	0.990987	1.72581	-0.101837	25.7559	
0.990428	0.000565541	-0.13803	0.000587157	0.999965	0.0083102	0.13803	-0.0083117	0.990393	1.83904	-0.108649	26.5815	
0.989817	0.000602346	-0.142343	0.00062606	0.999963	0.00858496	0.142343	-0.00858665	0.98978	1.95586	-0.11569	27.4066	
0.989188	0.000640364	-0.146655	0.000666306	0.999961	0.00886055	0.146655	-0.00886246	0.989148	2.07628	-0.122961	28.2312	
0.988539	0.000679598	-0.150965	0.000707904	0.999958	0.00913696	0.150965	-0.00913911	0.988497	2.20028	-0.130462	29.0552	
0.987871	0.000720053	-0.155274	0.000750863	0.999955	0.0094142	0.155274	-0.0094166	0.987827	2.32788	-0.138193	29.8786	
0.987185	0.000761733	-0.159581	0.000795189	0.999953	0.00969224	0.159581	-0.00969493	0.987137	2.45907	-0.146156	30.7015	
0.986479	0.000804641	-0.163886	0.000840892	0.99995	0.00997109	0.163886	-0.00997408	0.986429	2.59385	-0.154352	31.5239	
0.985754	0.000848783	-0.16819	0.000887979	0.999947	0.0102507	0.16819	-0.010254	0.985701	2.73222	-0.16278	32.3456	
0.985011	0.000894161	-0.172491	0.000936459	0.999944	0.0105312	0.172491	-0.0105348	0.984955	2.87417	-0.171442	33.1667	
0.984248	0.000940781	-0.176791	0.000986339	0.999941	0.0108124	0.176791	-0.0108164	0.984189	3.0197	-0.180339	33.9872	
0.983466	0.000988646	-0.181088	0.00103763	0.999938	0.0110943	0.181088	-0.0110988	0.983404	3.16882	-0.18947	34.807	
0.982666	0.00103776	-0.185383	0.00109033	0.999935	0.0113771	0.185383	-0.011382	0.9826	3.32151	-0.198837	35.6262	
0.981846	0.00108813	-0.189676	0.00114446	0.999931	0.0116606	0.189676	-0.011666	0.981777	3.47779	-0.20844	36.4447	
0.981008	0.00113975	-0.193966	0.00120002	0.999928	0.0119448	0.193966	-0.0119507	0.980935	3.63764	-0.218281	37.2625	
0.98015	0.00119263	-0.198254	0.00125702	0.999924	0.0122298	0.198254	-0.0122362	0.980074	3.80106	-0.228359	38.0796	
0.979273	0.00124678	-0.202539	0.00131546	0.999921	0.0125155	0.202538	-0.0125225	0.979194	3.96806	-0.238675	38.8959	
0.978378	0.00130219	-0.206821	0.00137536	0.999917	0.0128019	0.20682	-0.0128096	0.978295	4.13863	-0.24923	39.7115	
0.977463	0.00135888	-0.2111	0.00143672	0.999913	0.0130891	0.2111	-0.0130974	0.977377	4.31276	-0.260024	40.5264	
0.97653	0.00141684	-0.215376	0.00149955	0.999909	0.0133769	0.215376	-0.0133859	0.97644	4.49046	-0.271059	41.3405	
0.975578	0.00147608	-0.219649	0.00156386	0.999905	0.0136655	0.219649	-0.0136752	0.975483	4.67172	-0.282335	42.1538	
0.974607	0.0015366	-0.223919	0.00162965	0.999901	0.0139547	0.223918	-0.0139653	0.974508	4.85654	-0.293852	42.9663	
0.973616	0.00159841	-0.228185	0.00169694	0.999897	0.0142446	0.228185	-0.014256	0.973514	5.04492	-0.30561	43.778	
0.972607	0.00166151	-0.232448	0.00176572	0.999893	0.0145352	0.232447	-0.0145475	0.9725	5.23685	-0.317612	44.5888	
0.971579	0.0017259	-0.236708	0.00183601	0.999888	0.0148264	0.236707	-0.0148397	0.971468	5.43233	-0.329857	45.3988	
0.970533	0.00179158	-0.240963	0.00190781	0.999884	0.0151183	0.240962	-0.0151326	0.970416	5.63136	-0.342345	46.2079	
0.969467	0.00185856	-0.245215	0.00198113	0.999879	0.0154109	0.245214	-0.0154261	0.969346	5.83393	-0.355078	47.0162	
0.967671	0.00197519	-0.25221	0.00234357	0.999856	0.0168222	0.252207	-0.0168694	0.967526	6.04119	-0.368534	47.8232	
0.965823	0.00210227	-0.259193	0.00271573	0.99983	0.018229	0.259187	-0.0183099	0.965654	6.25427	-0.383192	48.6287	
0.963925	0.00223978	-0.266164	0.00309758	0.999802	0.0196314	0.266155	-0.0197476	0.963728	6.47317	-0.39905	49.4326	
0.961976	0.0023877	-0.273123	0.00348909	0.999773	0.0210293	0.273111	-0.0211827	0.961749	6.69786	-0.416104	50.2349	
0.959977	0.00254603	-0.280069	0.00389026	0.999741	0.0224228	0.280053	-0.0226149	0.959718	6.92835	-0.434353	51.0355	
0.957926	0.00271474	-0.287001	0.00430106	0.999707	0.0238118	0.286982	-0.0240444	0.957634	7.16461	-0.453795	51.8344	
0.955826	0.00289381	-0.29392	0.00472146	0.999671	0.0251964	0.293897	-0.0254711	0.955498	7.40665	-0.474426	52.6315	
0.953674	0.00308323	-0.300825	0.00515145	0.999634	0.0265766	0.300797	-0.0268951	0.953309	7.65444	-0.496246	53.4269	
0.951473	0.00328298	-0.307715	0.005591	0.999594	0.0279523	0.307682	-0.0283163	0.951068	7.90797	-0.51925	54.2204	
0.949221	0.00349305	-0.31459	0.00604011	0.999552	0.0293236	0.314551	-0.0297347	0.948775	8.16724	-0.543438	55.012	
0.94692	0.0037134	-0.321449	0.00649876	0.999508	0.0306904	0.321405	-0.0311503	0.946429	8.43222	-0.568807	55.8016	
0.944568	0.00394403	-0.328292	0.00696693	0.999462	0.0320527	0.328242	-0.0325632	0.944032	8.70291	-0.595355	56.5893	
0.942167	0.00418492	-0.335118	0.0074446	0.999414	0.0334106	0.335062	-0.0339732	0.941583	8.97928	-0.623078	57.375	
0.939716	0.00443604	-0.341928	0.00793176	0.999364	0.0347641	0.341865	-0.0353804	0.939083	9.26134	-0.651976	58.1586	
0.937215	0.00469737	-0.34872	0.0084284	0.999312	0.0361131	0.34865	-0.0367849	0.936531	9.54905	-0.682045	58.9401	
0.934665	0.0049689	-0.355495	0.00893451	0.999258	0.0374576	0.355417	-0.0381865	0.933927	9.84242	-0.713283	59.7195	
0.932066	0.00525061	-0.362251	0.00945007	0.999202	0.0387977	0.362166	-0.0395853	0.931273	10.1414	-0.745688	60.4967	
0.929418	0.00554246	-0.368988	0.00997508	0.999145	0.0401334	0.368895	-0.0409813	0.928567	10.446	-0.779258	61.2716	
0.92672	0.00584445	-0.375706	0.0105095	0.999085	0.0414645	0.375605	-0.0423745	0.925811	10.7562	-0.81399	62.0443	
0.923974	0.00615655	-0.382405	0.0110534	0.999023	0.0427912	0.382295	-0.0437649	0.923003	11.072	-0.849881	62.8146	
0.92118	0.00647873	-0.389083	0.0116067	0.998959	0.0441135	0.388964	-0.0451524	0.920146	11.3934	-0.88693	63.5826	
0.918337	0.00681098	-0.395741	0.0121694	0.998893	0.0454312	0.395613	-0.0465371	0.917238	11.7203	-0.925134	64.3482	
0.915445	0.00715327	-0.402378	0.0127415	0.998826	0.0467445	0.40224	-0.0479189	0.914279	12.0527	-0.964491	65.1113	
0.912506	0.00750558	-0.408994	0.013323	0.998756	0.0480533	0.408846	-0.0492979	0.911271	12.3907	-1.005	65.872	
0.909519	0.00786789	-0.415588	0.0139138	0.998684	0.0493576	0.41543	-0.0506741	0.908213	12.7341	-1.04665	66.6301	
0.906484	0.00824017	-0.42216	0.0145141	0.998611	0.0506574	0.421991	-0.0520474	0.905105	13.0831	-1.08945	67.3856	
0.903401	0.0086224	-0.428709	0.0151238	0.998535	0.0519527	0.428529	-0.0534179	0.901948	13.4374	-1.1334	68.1386	
0.900272	0.00901455	-0.435235	0.0157428	0.998457	0.0532436	0.435044	-0.0547855	0.898741	13.7973	-1.17848	68.8889	
0.897095	0.0094166	-0.441738	0.0163713	0.998378	0.0545299	0.441535	-0.0561503	0.895486	14.1625	-1.22471	69.6365	
0.888362	0.0105776	-0.459023	0.0197884	0.997924	0.0612931	0.458718	-0.0635337	0.886308	14.5376	-1.27458	70.3789	
0.879297	0.0118817	-0.476126	0.0233352	0.997413	0.0679852	0.475702	-0.0708896	0.876745	14.927	-1.33059	71.1135	
0.869905	0.0133281	-0.49304	0.0270102	0.996847	0.0746032	0.49248	-0.0782148	0.866802	15.3304	-1.39272	71.84	
0.860189	0.0149163	-0.509757	0.0308117	0.996226	0.0811443	0.509044	-0.0855059	0.856483	15.7477	-1.46094	72.5581	
0.850154	0.0166457	-0.526271	0.0347381	0.995549	0.0876057	0.525387	-0.09276	0.845792	16.1788	-1.53522	73.2674	
0.839804	0.0185154	-0.542573	0.0387877	0.994818	0.0939846	0.541502	-0.0999738	0.834734	16.6233	-1.61553	73.9677	
0.829144	0.0205246	-0.558658	0.0429588	0.994032	0.100278	0.557382	-0.107144	0.823314	17.0812	-1.70183	74.6585	
0.818178	0.0226725	-0.574517	0.0472495	0.993191	0.106484	0.57302	-0.114268	0.811536	17.5522	-1.79409	75.3397	
0.806911	0.0249581	-0.590145	0.051658	0.992297	0.112598	0.588409	-0.121342	0.799406	18.0362	-1.89226	76.011	
0.795348	0.0273805	-0.605534	0.0561823	0.991349	0.11862	0.603543	-0.128364	0.78693	18.5328	-1.99631	76.672	
0.783494	0.0299386	-0.620677	0.0608205	0.990348	0.124545	0.618415	-0.13533	0.774111	19.042	-2.10619	77.3225	
0.771354	0.0326312	-0.635569	0.0655707	0.989295	0.130372	0.633019	-0.142237	0.760957	19.5634	-2.22184	77.9621	
0.758934	0.0354573	-0.650202	0.0704306	0.988189	0.136097	0.647348	-0.149083	0.747472	20.0969	-2.34323	78.5906	
