1	0	0	0	1	0	0	0	1	0	0	0	
0.999999	1.00649e-06	0.00107744	1.00649e-06	0.999998	-0.0018683	-0.00107744	0.0018683	0.999998	-0.000393702	0.000682685	0.730808	
0.999998	4.03101e-06	0.00215595	4.03308e-06	0.999993	-0.00374037	-0.00215595	0.00374037	0.999991	-0.0015752	0.00273212	1.46161	
0.999995	9.08149e-06	0.0032355	9.08975e-06	0.999984	-0.00561615	-0.0032355	0.00561615	0.999979	-0.00354526	0.00615103	2.19241	
0.999991	1.61657e-05	0.00431605	1.61864e-05	0.999972	-0.00749561	-0.00431605	0.00749561	0.999963	-0.00630462	0.0109421	2.9232	
0.999985	2.52911e-05	0.00539758	2.53326e-05	0.999956	-0.0093787	-0.00539758	0.0093787	0.999941	-0.00985403	0.0171081	3.65397	
0.999979	3.64653e-05	0.00648006	3.6538e-05	0.999937	-0.0112654	-0.00648006	0.0112654	0.999916	-0.0141942	0.0246515	4.38473	
0.999971	4.96954e-05	0.00756345	4.98119e-05	0.999913	-0.0131556	-0.00756345	0.0131556	0.999885	-0.0193257	0.033575	5.11546	
0.999963	6.49884e-05	0.00864773	6.51634e-05	0.999887	-0.0150493	-0.00864773	0.0150493	0.999849	-0.0252494	0.0438812	5.84617	
0.999953	8.23512e-05	0.00973287	8.26017e-05	0.999856	-0.0169464	-0.00973287	0.0169464	0.999809	-0.0319657	0.0555725	6.57686	
0.999941	0.00010179	0.0108188	0.000102135	0.999822	-0.0188469	-0.0108188	0.0188469	0.999764	-0.0394754	0.0686515	7.30751	
0.999929	0.000123313	0.0119056	0.000123773	0.999785	-0.0207508	-0.0119056	0.0207508	0.999714	-0.047779	0.0831207	8.03813	
0.999916	0.000146924	0.0129931	0.000147524	0.999743	-0.022658	-0.0129931	0.022658	0.999659	-0.0568771	0.0989825	8.7687	
0.999901	0.000172631	0.0140814	0.000173396	0.999698	-0.0245685	-0.0140814	0.0245685	0.999599	-0.0667702	0.116239	9.49924	
0.999885	0.00020044	0.0151704	0.000201397	0.999649	-0.0264821	-0.0151703	0.0264821	0.999534	-0.0774589	0.134893	10.2297	
0.999868	0.000230355	0.01626	0.000231535	0.999597	-0.0283989	-0.01626	0.0283989	0.999464	-0.0889437	0.154947	10.9602	
0.999849	0.000262384	0.0173503	0.000263819	0.99954	-0.0303189	-0.0173503	0.0303189	0.99939	-0.101225	0.176403	11.6906	
0.99983	0.00029653	0.0184412	0.000298255	0.99948	-0.0322419	-0.0184412	0.0322419	0.99931	-0.114303	0.199263	12.4209	
0.999809	0.0003328	0.0195327	0.000334851	0.999416	-0.0341679	-0.0195327	0.0341679	0.999225	-0.128179	0.223529	13.1512	
0.999787	0.000371198	0.0206248	0.000373615	0.999348	-0.0360969	-0.0206247	0.036097	0.999135	-0.142853	0.249204	13.8814	
0.999764	0.00041173	0.0217174	0.000414554	0.999277	-0.0380289	-0.0217173	0.0380289	0.999041	-0.158325	0.27629	14.6115	
0.99974	0.0004544	0.0228105	0.000457674	0.999201	-0.0399637	-0.0228104	0.0399637	0.998941	-0.174595	0.304789	15.3416	
0.999714	0.000499212	0.023904	0.000502982	0.999122	-0.0419014	-0.023904	0.0419014	0.998836	-0.191665	0.334703	16.0716	
0.999687	0.000546171	0.024998	0.000550486	0.999038	-0.0438418	-0.024998	0.0438419	0.998726	-0.209534	0.366034	16.8015	
0.999659	0.000595281	0.0260925	0.000600191	0.998951	-0.045785	-0.0260923	0.0457851	0.99861	-0.228203	0.398784	17.5313	
0.99963	0.000646546	0.0271873	0.000652104	0.99886	-0.0477309	-0.0271871	0.047731	0.99849	-0.247671	0.432955	18.2611	
0.9996	0.000699969	0.0282824	0.000706231	0.998765	-0.0496794	-0.0282823	0.0496795	0.998365	-0.26794	0.468549	18.9908	
0.999568	0.000755555	0.0293779	0.000762578	0.998666	-0.0516305	-0.0293777	0.0516306	0.998234	-0.289009	0.505568	19.7203	
0.999535	0.000813307	0.0304737	0.00082115	0.998563	-0.0535842	-0.0304734	0.0535843	0.998098	-0.310879	0.544014	20.4498	
0.999501	0.000873227	0.0315697	0.000881953	0.998456	-0.0555404	-0.0315694	0.0555405	0.997957	-0.33355	0.583889	21.1792	
0.999466	0.00093532	0.032666	0.000944993	0.998345	-0.057499	-0.0326657	0.0574992	0.997811	-0.357022	0.625194	21.9084	
0.999429	0.000999587	0.0337624	0.00101027	0.99823	-0.05946	-0.0337621	0.0594602	0.99766	-0.381295	0.667932	22.6376	
0.999392	0.00106603	0.0348591	0.0010778	0.998111	-0.0614234	-0.0348587	0.0614236	0.997503	-0.406369	0.712103	23.3666	
0.999353	0.00113466	0.0359559	0.00114758	0.997988	-0.0633891	-0.0359555	0.0633894	0.997341	-0.432245	0.75771	24.0955	
0.999313	0.00120546	0.0370528	0.00121962	0.997861	-0.0653571	-0.0370524	0.0653574	0.997174	-0.458922	0.804755	24.8243	
0.999271	0.00127845	0.0381498	0.00129392	0.99773	-0.0673273	-0.0381493	0.0673276	0.997001	-0.486401	0.853239	25.553	
0.999229	0.00135363	0.0392469	0.00137048	0.997595	-0.0692996	-0.0392463	0.0693	0.996824	-0.514682	0.903163	26.2816	
0.999185	0.001431	0.040344	0.00144931	0.997456	-0.0712741	-0.0403434	0.0712745	0.996641	-0.543764	0.954529	27.01	
0.99914	0.00151055	0.0414412	0.00153041	0.997312	-0.0732507	-0.0414404	0.0732511	0.996452	-0.573648	1.00734	27.7383	
0.999094	0.0015923	0.0425383	0.0016138	0.997165	-0.0752292	-0.0425374	0.0752297	0.996259	-0.604334	1.0616	28.4664	
0.999046	0.00167624	0.0436353	0.00169946	0.997013	-0.0772098	-0.0436344	0.0772103	0.99606	-0.635822	1.1173	29.1944	
0.998997	0.00176237	0.0447323	0.0017874	0.996858	-0.0791922	-0.0447313	0.0791928	0.995855	-0.668111	1.17445	29.9223	
0.998948	0.0018507	0.0458291	0.00187764	0.996698	-0.0811766	-0.045828	0.0811772	0.995646	-0.701202	1.23305	30.65	
0.998896	0.00194122	0.0469258	0.00197016	0.996534	-0.0831627	-0.0469246	0.0831634	0.995431	-0.735094	1.2931	31.3775	
0.998844	0.00203394	0.0480224	0.00206498	0.996366	-0.0851507	-0.0480211	0.0851514	0.99521	-0.769787	1.3546	32.1049	
0.998791	0.00212885	0.0491188	0.00216209	0.996194	-0.0871404	-0.0491173	0.0871412	0.994984	-0.805282	1.41756	32.8321	
0.998736	0.00222596	0.0502149	0.0022615	0.996017	-0.0891317	-0.0502133	0.0891326	0.994753	-0.841578	1.48197	33.5592	
0.99868	0.00232527	0.0513108	0.00236322	0.995837	-0.0911247	-0.0513091	0.0911257	0.994517	-0.878675	1.54784	34.2861	
0.998623	0.00242677	0.0524064	0.00246723	0.995652	-0.0931193	-0.0524045	0.0931204	0.994275	-0.916572	1.61516	35.0128	
0.998565	0.00253046	0.0535017	0.00257355	0.995463	-0.0951154	-0.0534997	0.0951166	0.994027	-0.95527	1.68394	35.7393	
0.998505	0.00263635	0.0545967	0.00268218	0.99527	-0.097113	-0.0545945	0.0971143	0.993775	-0.994768	1.75418	36.4657	
0.998444	0.00274443	0.0556913	0.00279312	0.995072	-0.0991121	-0.0556889	0.0991135	0.993517	-1.03507	1.82589	37.1918	
0.998524	0.00259923	0.0542566	0.00295102	0.994783	-0.101966	-0.0542386	0.101976	0.993307	-1.07523	1.89937	37.9178	
0.998601	0.00245009	0.0528243	0.0031052	0.994486	-0.104828	-0.0527898	0.104845	0.993086	-1.11434	1.97494	38.6437	
0.998676	0.00229703	0.0513943	0.00325562	0.994179	-0.107696	-0.0513425	0.107721	0.992855	-1.15239	2.05261	39.3693	
0.998749	0.00214004	0.0499666	0.00340226	0.993862	-0.110572	-0.0498965	0.110604	0.992611	-1.18939	2.13239	40.0948	
0.998819	0.00197911	0.0485411	0.00354508	0.993537	-0.113455	-0.048452	0.113493	0.992357	-1.22532	2.21427	40.8202	
0.998888	0.00181426	0.047118	0.00368406	0.993202	-0.116344	-0.0470088	0.116388	0.992091	-1.2602	2.29827	41.5453	
0.998954	0.00164546	0.0456971	0.00381918	0.992858	-0.119239	-0.045567	0.119289	0.991813	-1.29403	2.38439	42.2702	
0.999018	0.00147273	0.0442785	0.0039504	0.992505	-0.122141	-0.0441265	0.122196	0.991525	-1.32681	2.47263	42.9949	
0.99908	0.00129606	0.042862	0.00407771	0.992142	-0.125049	-0.0426873	0.125108	0.991224	-1.35853	2.563	43.7194	
0.99914	0.00111545	0.0414478	0.00420109	0.99177	-0.127962	-0.0412494	0.128026	0.990913	-1.3892	2.65549	44.4437	
0.999198	0.000930897	0.0400357	0.0043205	0.991389	-0.130881	-0.0398128	0.130949	0.990589	-1.41882	2.75012	45.1678	
0.999253	0.000742399	0.0386258	0.00443593	0.990998	-0.133805	-0.0383774	0.133877	0.990255	-1.44739	2.84689	45.8916	
0.999307	0.000549954	0.037218	0.00454735	0.990597	-0.136735	-0.0369432	0.136809	0.989908	-1.47491	2.9458	46.6151	
0.999358	0.000353559	0.0358123	0.00465475	0.990187	-0.139669	-0.0355102	0.139746	0.98955	-1.50139	3.04686	47.3384	
0.999408	0.000153212	0.0344086	0.00475811	0.989768	-0.142608	-0.0340784	0.142687	0.989181	-1.52682	3.15006	48.0615	
0.999455	-5.10886e-05	0.033007	0.0048574	0.989339	-0.145551	-0.0326477	0.145632	0.9888	-1.5512	3.25541	48.7842	
0.9995	-0.000259347	0.0316075	0.0049526	0.9889	-0.148498	-0.0312181	0.148581	0.988407	-1.57454	3.36292	49.5067	
0.999543	-0.000471565	0.0302099	0.00504371	0.988452	-0.15145	-0.0297896	0.151533	0.988003	-1.59683	3.47258	50.2289	
0.999585	-0.000687746	0.0288143	0.0051307	0.987994	-0.154405	-0.0283622	0.154489	0.987587	-1.61808	3.5844	50.9508	
0.999624	-0.000907894	0.0274206	0.00521355	0.987527	-0.157364	-0.0269357	0.157448	0.98716	-1.63828	3.69839	51.6724	
0.999661	-0.00113201	0.0260289	0.00529225	0.98705	-0.160326	-0.0255103	0.160409	0.986721	-1.65745	3.81453	52.3936	
0.999695	-0.0013601	0.024639	0.00536679	0.986563	-0.163291	-0.0240858	0.163374	0.98627	-1.67557	3.93284	53.1146	
0.999728	-0.00159217	0.0232509	0.00543715	0.986067	-0.166259	-0.0226623	0.166341	0.985808	-1.69265	4.05332	53.8352	
0.999759	-0.00182822	0.0218647	0.00550332	0.985561	-0.16923	-0.0212396	0.16931	0.985334	-1.70869	4.17597	54.5555	
0.999788	-0.00206825	0.0204803	0.00556528	0.985046	-0.172203	-0.0198179	0.172281	0.984848	-1.7237	4.30079	55.2754	
0.999815	-0.00231228	0.0190976	0.00562302	0.984521	-0.175179	-0.0183969	0.175254	0.984351	-1.73766	4.42778	55.9949	
0.99984	-0.00256029	0.0177166	0.00567654	0.983986	-0.178157	-0.0169768	0.178229	0.983843	-1.75059	4.55695	56.7141	
0.999863	-0.00281231	0.0163374	0.00572581	0.983441	-0.181136	-0.0155574	0.181205	0.983322	-1.76247	4.68828	57.4329	
0.999883	-0.00306833	0.0149597	0.00577084	0.982887	-0.184117	-0.0141388	0.184182	0.98279	-1.77332	4.8218	58.1513	
0.999902	-0.00332836	0.0135837	0.0058116	0.982324	-0.187099	-0.0127209	0.18716	0.982247	-1.78314	4.95749	58.8694	
0.999919	-0.0035924	0.0122093	0.0058481	0.981751	-0.190083	-0.0113037	0.190139	0.981692	-1.79192	5.09535	59.587	
0.999934	-0.00386047	0.0108365	0.00588032	0.981168	-0.193067	-0.00988706	0.193118	0.981126	-1.79966	5.2354	60.3042	
0.999947	-0.00413255	0.00946512	0.00590826	0.980576	-0.196053	-0.00847107	0.196098	0.980548	-1.80637	5.37762	61.021	
0.999958	-0.00440867	0.00809526	0.0059319	0.979974	-0.199038	-0.00705565	0.199078	0.979958	-1.81204	5.52202	61.7374	
0.999966	-0.00468883	0.00672686	0.00595125	0.979362	-0.202024	-0.00564077	0.202058	0.979357	-1.81668	5.6686	62.4534	
0.999973	-0.00497303	0.00535986	0.0059663	0.978742	-0.205011	-0.00422639	0.205037	0.978745	-1.82029	5.81735	63.1689	
0.999978	-0.00526129	0.00399424	0.00597704	0.978111	-0.207997	-0.00281248	0.208016	0.978121	-1.82286	5.96828	63.8839	
0.999981	-0.0055536	0.00262997	0.00598347	0.977472	-0.210982	-0.00139901	0.210994	0.977486	-1.8244	6.12139	64.5985	
0.999982	-0.00584997	0.001267	0.00598559	0.976822	-0.213967	1.40719e-05	0.213971	0.97684	-1.8249	6.27667	65.3126	
0.999981	-0.00615042	-9.47008e-05	0.00598339	0.976164	-0.216952	0.00142679	0.216947	0.976182	-1.82438	6.43413	66.0263	
0.999978	-0.00645495	-0.00145516	0.00597687	0.975496	-0.219935	0.00283918	0.219922	0.975513	-1.82282	6.59377	66.7394	
0.999973	-0.00676356	-0.00281443	0.00596602	0.974819	-0.222917	0.00425128	0.222895	0.974833	-1.82023	6.75557	67.4521	
0.999966	-0.00707627	-0.00417253	0.00595086	0.974133	-0.225898	0.00566312	0.225866	0.974142	-1.81661	6.91955	68.1642	
0.999957	-0.00739308	-0.00552951	0.00593137	0.973437	-0.228877	0.00707474	0.228835	0.97344	-1.81195	7.0857	68.8759	
0.999947	-0.00771401	-0.0068854	0.00590757	0.972732	-0.231855	0.00848618	0.231802	0.972726	-1.80627	7.25402	69.587	
0.999934	-0.00803905	-0.00824023	0.00587944	0.972019	-0.23483	0.00989747	0.234766	0.972001	-1.79955	7.42451	70.2976	
0.999919	-0.00836822	-0.00959405	0.005847	0.971296	-0.237803	0.0113086	0.237728	0.971266	-1.7918	7.59716	71.0077	
0.999583	-0.0124527	-0.0260423	0.00571203	0.969653	-0.244417	0.0282957	0.244166	0.969321	-1.77733	7.77325	71.7168	
