1	0	0	0	1	0	0	0	1	0	0	0	
0.999998	-2.01105e-06	-0.00177613	-2.01105e-06	0.999997	-0.00226452	0.00177613	0.00226452	0.999996	0.000674124	0.000859488	0.75909	
0.999994	-8.05341e-06	-0.00355383	-8.05763e-06	0.99999	-0.0045334	0.00355383	0.0045334	0.999983	0.00269709	0.00343961	1.51817	
0.999986	-1.81417e-05	-0.00533303	-1.81586e-05	0.999977	-0.00680658	0.00533303	0.00680658	0.999963	0.00607006	0.00774365	2.27724	
0.999975	-3.22903e-05	-0.00711369	-3.23326e-05	0.999959	-0.00908401	0.00711369	0.00908401	0.999933	0.0107942	0.0137749	3.0363	
0.99996	-5.05132e-05	-0.00889576	-5.0598e-05	0.999935	-0.0113656	0.00889576	0.0113656	0.999896	0.0168705	0.0215364	3.79532	
0.999943	-7.28241e-05	-0.0106792	-7.29726e-05	0.999907	-0.0136514	0.0106792	0.0136514	0.99985	0.0243001	0.0310315	4.55432	
0.999922	-9.92362e-05	-0.0124639	-9.94742e-05	0.999873	-0.0159412	0.0124639	0.0159412	0.999795	0.0330839	0.0422633	5.31327	
0.999898	-0.000129763	-0.0142499	-0.00013012	0.999834	-0.0182351	0.0142499	0.0182351	0.999732	0.043223	0.0552347	6.07219	
0.999871	-0.000164416	-0.0160371	-0.000164928	0.999789	-0.0205329	0.0160371	0.0205329	0.999661	0.0547183	0.069949	6.83105	
0.999841	-0.000203209	-0.0178255	-0.000203914	0.999739	-0.0228346	0.0178255	0.0228346	0.99958	0.0675707	0.0864089	7.58985	
0.999808	-0.000246154	-0.0196149	-0.000247094	0.999684	-0.0251402	0.0196149	0.0251402	0.999491	0.0817811	0.104618	8.34859	
0.999771	-0.000293262	-0.0214055	-0.000294486	0.999623	-0.0274495	0.0214055	0.0274495	0.999394	0.0973502	0.124578	9.10726	
0.999731	-0.000344545	-0.023197	-0.000346104	0.999557	-0.0297626	0.023197	0.0297626	0.999288	0.114279	0.146292	9.86585	
0.999688	-0.000400013	-0.0249895	-0.000401965	0.999485	-0.0320794	0.0249895	0.0320794	0.999173	0.132568	0.169764	10.6244	
0.999641	-0.000459678	-0.0267829	-0.000462084	0.999408	-0.0343997	0.0267829	0.0343998	0.999049	0.152218	0.194996	11.3828	
0.999591	-0.000523551	-0.0285772	-0.000526476	0.999325	-0.0367236	0.0285771	0.0367237	0.998917	0.173229	0.221991	12.1411	
0.999538	-0.00059164	-0.0303723	-0.000595155	0.999237	-0.0390511	0.0303722	0.0390511	0.998776	0.195603	0.250751	12.8993	
0.999482	-0.000663957	-0.0321681	-0.000668136	0.999143	-0.0413819	0.032168	0.041382	0.998625	0.21934	0.281279	13.6574	
0.999423	-0.000740511	-0.0339647	-0.000745434	0.999044	-0.0437162	0.0339646	0.0437163	0.998466	0.244441	0.313577	14.4154	
0.99936	-0.00082131	-0.0357619	-0.000827061	0.998939	-0.0460537	0.0357618	0.0460538	0.998299	0.270905	0.347649	15.1733	
0.999294	-0.000906364	-0.0375597	-0.000913031	0.998828	-0.0483946	0.0375596	0.0483947	0.998122	0.298734	0.383497	15.931	
0.999225	-0.000995681	-0.0393582	-0.00100336	0.998711	-0.0507386	0.039358	0.0507387	0.997936	0.327928	0.421122	16.6886	
0.999152	-0.00108927	-0.0411571	-0.00109805	0.998589	-0.0530858	0.0411569	0.0530859	0.997741	0.358487	0.460529	17.446	
0.999076	-0.00118714	-0.0429565	-0.00119713	0.998462	-0.055436	0.0429562	0.0554362	0.997538	0.390411	0.501718	18.2033	
0.998997	-0.00128929	-0.0447563	-0.0013006	0.998328	-0.0577893	0.044756	0.0577896	0.997325	0.423702	0.544692	18.9605	
0.998915	-0.00139574	-0.0465565	-0.00140848	0.998189	-0.0601456	0.0465561	0.0601459	0.997103	0.458359	0.589454	19.7175	
0.998829	-0.00150649	-0.048357	-0.00152078	0.998044	-0.0625047	0.0483565	0.0625051	0.996872	0.494383	0.636006	20.4743	
0.99874	-0.00162155	-0.0501578	-0.0016375	0.997893	-0.0648668	0.0501573	0.0648672	0.996633	0.531773	0.684349	21.2309	
0.998648	-0.00174093	-0.0519588	-0.00175867	0.997736	-0.0672316	0.0519582	0.067232	0.996384	0.570531	0.734487	21.9873	
0.998552	-0.00186462	-0.05376	-0.00188428	0.997573	-0.0695991	0.0537593	0.0695996	0.996125	0.610656	0.786421	22.7436	
0.998453	-0.00199264	-0.0555613	-0.00201436	0.997405	-0.0719693	0.0555605	0.0719699	0.995858	0.652147	0.840153	23.4996	
0.998351	-0.00212499	-0.0573627	-0.00214891	0.99723	-0.0743421	0.0573618	0.0743428	0.995582	0.695007	0.895685	24.2555	
0.998246	-0.00226168	-0.0591642	-0.00228794	0.99705	-0.0767175	0.0591631	0.0767183	0.995296	0.739233	0.95302	25.0111	
0.998137	-0.0024027	-0.0609656	-0.00243146	0.996864	-0.0790954	0.0609644	0.0790963	0.995001	0.784827	1.01216	25.7665	
0.998025	-0.00254808	-0.062767	-0.00257948	0.996672	-0.0814757	0.0627657	0.0814767	0.994697	0.831788	1.0731	26.5217	
0.99791	-0.0026978	-0.0645682	-0.002732	0.996474	-0.0838583	0.0645668	0.0838595	0.994384	0.880117	1.13586	27.2766	
0.997791	-0.00285188	-0.0663693	-0.00288905	0.99627	-0.0862433	0.0663677	0.0862446	0.994061	0.929812	1.20042	28.0313	
0.997669	-0.00301031	-0.0681702	-0.00305062	0.99606	-0.0886306	0.0681684	0.0886319	0.993729	0.980875	1.26679	28.7858	
0.997544	-0.00317311	-0.0699709	-0.00321673	0.995844	-0.09102	0.0699689	0.0910215	0.993388	1.0333	1.33498	29.54	
0.997416	-0.00334027	-0.0717712	-0.00338737	0.995622	-0.0934116	0.071769	0.0934133	0.993037	1.0871	1.40498	30.2939	
0.997284	-0.00351179	-0.0735712	-0.00356257	0.995394	-0.0958052	0.0735688	0.0958071	0.992678	1.14226	1.4768	31.0476	
0.997149	-0.00368768	-0.0753708	-0.00374232	0.99516	-0.0982009	0.0753681	0.0982029	0.992308	1.19879	1.55043	31.801	
0.99701	-0.00386794	-0.07717	-0.00392663	0.994919	-0.100598	0.077167	0.100601	0.99193	1.25669	1.62589	32.5541	
0.996869	-0.00405258	-0.0789687	-0.00411551	0.994673	-0.102998	0.0789654	0.103	0.991542	1.31594	1.70316	33.3069	
0.996724	-0.00424158	-0.0807668	-0.00430896	0.994421	-0.105399	0.0807633	0.105402	0.991145	1.37657	1.78226	34.0595	
0.996576	-0.00443496	-0.0825644	-0.004507	0.994162	-0.107802	0.0825605	0.107805	0.990738	1.43856	1.86318	34.8117	
0.996424	-0.00463272	-0.0843613	-0.00470962	0.993897	-0.110207	0.0843571	0.11021	0.990322	1.50191	1.94593	35.5636	
0.99627	-0.00483485	-0.0861576	-0.00491683	0.993627	-0.112614	0.086153	0.112617	0.989896	1.56663	2.03051	36.3152	
0.996112	-0.00504135	-0.0879532	-0.00512864	0.99335	-0.115022	0.0879481	0.115026	0.989462	1.63271	2.11691	37.0664	
0.995951	-0.00525223	-0.089748	-0.00534505	0.993067	-0.117431	0.0897425	0.117436	0.989017	1.70015	2.20514	37.8173	
0.995786	-0.00546748	-0.091542	-0.00556607	0.992777	-0.119842	0.091536	0.119847	0.988564	1.76895	2.2952	38.5679	
0.995619	-0.00568711	-0.0933351	-0.00579169	0.992482	-0.122255	0.0933287	0.12226	0.9881	1.83912	2.38709	39.3182	
0.995659	-0.00563371	-0.0929107	-0.00617367	0.991972	-0.126308	0.0928764	0.126333	0.98763	1.90979	2.48144	40.068	
0.995698	-0.00557921	-0.0924915	-0.00655466	0.991444	-0.130368	0.0924275	0.130413	0.987142	1.98012	2.57889	40.8176	
0.995737	-0.00552362	-0.0920773	-0.00693464	0.990898	-0.134435	0.0919818	0.1345	0.986635	2.05011	2.67943	41.5667	
0.995775	-0.00546698	-0.0916681	-0.00731359	0.990334	-0.138509	0.0915393	0.138594	0.98611	2.11977	2.78308	42.3154	
0.995812	-0.00540929	-0.0912638	-0.0076915	0.989752	-0.142588	0.0910998	0.142693	0.985566	2.18909	2.88985	43.0638	
0.995849	-0.00535059	-0.0908642	-0.00806834	0.989152	-0.146674	0.0906633	0.146798	0.985003	2.25807	2.99972	43.8117	
0.995885	-0.00529089	-0.0904693	-0.0084441	0.988534	-0.150765	0.0902296	0.150908	0.984421	2.32673	3.11271	44.5592	
0.995921	-0.00523021	-0.0900789	-0.00881877	0.987897	-0.154861	0.0897986	0.155024	0.983821	2.39506	3.22883	45.3062	
0.995956	-0.00516857	-0.089693	-0.00919233	0.987242	-0.158962	0.0893703	0.159144	0.983202	2.46306	3.34807	46.0528	
0.995991	-0.00510598	-0.0893114	-0.00956476	0.986568	-0.163068	0.0889444	0.163268	0.982564	2.53074	3.47044	46.7989	
0.996025	-0.00504246	-0.088934	-0.00993604	0.985877	-0.167178	0.0885209	0.167397	0.981907	2.5981	3.59594	47.5445	
0.996058	-0.00497802	-0.0885607	-0.0103062	0.985166	-0.171292	0.0880998	0.171529	0.981232	2.66513	3.72458	48.2896	
0.996091	-0.00491267	-0.0881915	-0.0106751	0.984438	-0.175409	0.0876808	0.175665	0.980538	2.73185	3.85636	49.0342	
0.996124	-0.00484643	-0.0878261	-0.0110428	0.983691	-0.17953	0.0872638	0.179804	0.979824	2.79825	3.99127	49.7782	
0.996156	-0.00477929	-0.0874646	-0.0114094	0.982925	-0.183654	0.0868488	0.183946	0.979092	2.86433	4.12933	50.5217	
0.996188	-0.00471126	-0.0871067	-0.0117747	0.98214	-0.18778	0.0864357	0.18809	0.978341	2.9301	4.27054	51.2647	
0.996219	-0.00464236	-0.0867523	-0.0121387	0.981338	-0.191909	0.0860242	0.192236	0.977571	2.99556	4.41489	52.007	
0.99625	-0.00457258	-0.0864014	-0.0125015	0.980516	-0.19604	0.0856144	0.196385	0.976782	3.06071	4.56239	52.7488	
0.99628	-0.00450193	-0.0860538	-0.012863	0.979676	-0.200172	0.085206	0.200535	0.975974	3.12554	4.71304	53.49	
0.99631	-0.0044304	-0.0857094	-0.0132232	0.978818	-0.204306	0.0847991	0.204686	0.975148	3.19006	4.86684	54.2305	
0.99634	-0.00435801	-0.0853681	-0.0135821	0.977941	-0.208441	0.0843933	0.208838	0.974302	3.25428	5.02379	54.9704	
0.996369	-0.00428473	-0.0850298	-0.0139396	0.977045	-0.212577	0.0839888	0.212991	0.973438	3.31819	5.18389	55.7097	
0.996398	-0.00421058	-0.0846943	-0.0142958	0.976131	-0.216713	0.0835852	0.217144	0.972554	3.38179	5.34715	56.4483	
0.996427	-0.00413554	-0.0843616	-0.0146506	0.975198	-0.22085	0.0831825	0.221297	0.971652	3.44509	5.51356	57.1862	
0.996455	-0.00405961	-0.0840314	-0.015004	0.974246	-0.224986	0.0827807	0.225449	0.970732	3.50808	5.68312	57.9234	
0.996483	-0.00398277	-0.0837038	-0.0153561	0.973277	-0.229122	0.0823795	0.229602	0.969792	3.57076	5.85583	58.6599	
0.99651	-0.00390503	-0.0833785	-0.0157066	0.972288	-0.233257	0.0819788	0.233753	0.968834	3.63315	6.0317	59.3957	
0.996538	-0.00382636	-0.0830555	-0.0160558	0.971281	-0.237391	0.0815786	0.237903	0.967857	3.69522	6.21071	60.1308	
0.996565	-0.00374675	-0.0827346	-0.0164034	0.970256	-0.241524	0.0811787	0.242051	0.966862	3.757	6.39287	60.8651	
0.996591	-0.0036662	-0.0824157	-0.0167496	0.969213	-0.245655	0.0807789	0.246198	0.965847	3.81847	6.57819	61.5986	
0.996618	-0.00358467	-0.0820987	-0.0170943	0.968151	-0.249784	0.0803793	0.250343	0.964815	3.87963	6.76665	62.3314	
0.996644	-0.00350215	-0.0817835	-0.0174374	0.96707	-0.253911	0.0799796	0.254485	0.963764	3.9405	6.95825	63.0634	
0.99667	-0.00341863	-0.0814699	-0.017779	0.965972	-0.258035	0.0795797	0.258624	0.962694	4.00106	7.153	63.7946	
0.996696	-0.00333407	-0.0811578	-0.018119	0.964855	-0.262156	0.0791796	0.262761	0.961607	4.06131	7.35089	64.5249	
0.996721	-0.00324847	-0.0808471	-0.0184574	0.96372	-0.266275	0.078779	0.266894	0.960501	4.12127	7.55192	65.2545	
0.996747	-0.00316178	-0.0805377	-0.0187943	0.962568	-0.270389	0.0783779	0.271023	0.959377	4.18092	7.75608	65.9832	
0.996772	-0.003074	-0.0802295	-0.0191295	0.961397	-0.2745	0.0779762	0.275149	0.958234	4.24026	7.96338	66.711	
0.996797	-0.00298508	-0.0799223	-0.019463	0.960208	-0.278607	0.0775737	0.27927	0.957074	4.2993	8.17381	67.4379	
0.996821	-0.002895	-0.0796161	-0.0197949	0.959001	-0.28271	0.0771704	0.283387	0.955896	4.35803	8.38736	68.164	
0.996846	-0.00280372	-0.0793106	-0.020125	0.957777	-0.286808	0.076766	0.287499	0.954699	4.41646	8.60404	68.8891	
0.99687	-0.00271123	-0.0790058	-0.0204535	0.956535	-0.290901	0.0763605	0.291606	0.953486	4.47457	8.82384	69.6134	
0.996895	-0.00261747	-0.0787016	-0.0207802	0.955275	-0.294989	0.0759538	0.295708	0.952254	4.53238	9.04675	70.3367	
0.997891	0.00176327	-0.0648861	-0.0216176	0.951593	-0.3066	0.0612046	0.307356	0.949624	4.58444	9.27565	71.0586	
0.998673	0.00631242	-0.0511113	-0.0222747	0.94777	-0.318177	0.0464333	0.318893	0.946653	4.6253	9.51335	71.7783	
0.99924	0.0110284	-0.0373822	-0.0227514	0.943806	-0.329715	0.0316453	0.330315	0.94334	4.65493	9.75976	72.4957	
0.999592	0.0159094	-0.0237036	-0.0230474	0.939704	-0.341211	0.0168459	0.341619	0.939688	4.67334	10.0148	73.2104	
0.99973	0.0209537	-0.0100806	-0.0231627	0.935465	-0.352661	0.00204049	0.352799	0.935697	4.68051	10.2784	73.9222	
