1	0	0	0	1	0	0	0	1	0	0	0	
0.999995	-7.0685e-06	0.00310582	-7.0685e-06	0.99999	0.00455174	-0.00310582	-0.00455174	0.999985	-0.00154115	-0.00225864	0.992419	
0.999981	-2.82731e-05	0.00621122	-2.82777e-05	0.999959	0.00910435	-0.00621122	-0.00910435	0.999939	-0.00616439	-0.00903497	1.98481	
0.999957	-6.36134e-05	0.00931611	-6.36317e-05	0.999907	0.0136577	-0.00931611	-0.0136577	0.999863	-0.0138693	-0.0203298	2.97714	
0.999923	-0.000113088	0.0124204	-0.000113134	0.999834	0.0182116	-0.0124204	-0.0182116	0.999757	-0.0246552	-0.0361437	3.96938	
0.999879	-0.000176695	0.0155239	-0.000176787	0.999741	0.0227658	-0.0155239	-0.0227658	0.99962	-0.0385215	-0.0564773	4.96149	
0.999826	-0.000254433	0.0186266	-0.000254593	0.999627	0.0273204	-0.0186266	-0.0273204	0.999453	-0.0554675	-0.0813307	5.95346	
0.999764	-0.000346298	0.0217284	-0.000346555	0.999492	0.0318751	-0.0217284	-0.0318751	0.999256	-0.0754922	-0.110704	6.94525	
0.999692	-0.000452288	0.0248292	-0.000452672	0.999336	0.0364297	-0.0248292	-0.0364297	0.999028	-0.0985947	-0.144598	7.93682	
0.99961	-0.000572397	0.0279288	-0.000572946	0.99916	0.0409842	-0.0279288	-0.0409842	0.998769	-0.124774	-0.183012	8.92815	
0.999518	-0.000706622	0.0310272	-0.000707377	0.998962	0.0455383	-0.0310272	-0.0455383	0.998481	-0.154029	-0.225945	9.91922	
0.999417	-0.000854958	0.0341243	-0.000855964	0.998744	0.0500919	-0.0341243	-0.0500919	0.998161	-0.186358	-0.273398	10.91	
0.999307	-0.0010174	0.0372199	-0.00101871	0.998505	0.0546449	-0.0372199	-0.0546449	0.997812	-0.22176	-0.32537	11.9004	
0.999186	-0.00119394	0.040314	-0.0011956	0.998246	0.0591971	-0.0403139	-0.0591971	0.997432	-0.260233	-0.38186	12.8905	
0.999057	-0.00138457	0.0434064	-0.00138665	0.997965	0.0637483	-0.0434064	-0.0637484	0.997022	-0.301776	-0.442867	13.8801	
0.998917	-0.00158928	0.0464972	-0.00159184	0.997664	0.0682985	-0.0464971	-0.0682986	0.996581	-0.346387	-0.508391	14.8694	
0.998768	-0.00180807	0.049586	-0.00181118	0.997341	0.0728475	-0.0495859	-0.0728475	0.99611	-0.394065	-0.578429	15.8582	
0.99861	-0.00204093	0.052673	-0.00204466	0.996998	0.077395	-0.0526728	-0.0773951	0.995608	-0.444807	-0.652982	16.8465	
0.998442	-0.00228785	0.0557579	-0.00229228	0.996635	0.081941	-0.0557577	-0.0819412	0.995076	-0.498612	-0.732047	17.8343	
0.998264	-0.00254882	0.0588406	-0.00255403	0.99625	0.0864854	-0.0588404	-0.0864855	0.994514	-0.555477	-0.815622	18.8216	
0.998077	-0.00282382	0.0619211	-0.0028299	0.995844	0.0910279	-0.0619208	-0.0910281	0.993921	-0.6154	-0.903707	19.8083	
0.99788	-0.00311285	0.0649993	-0.0031199	0.995418	0.0955684	-0.0649989	-0.0955686	0.993298	-0.67838	-0.996299	20.7944	
0.997674	-0.00341591	0.068075	-0.003424	0.994971	0.100107	-0.0680746	-0.100107	0.992645	-0.744412	-1.0934	21.7798	
0.997459	-0.00373296	0.0711481	-0.00374221	0.994503	0.104643	-0.0711477	-0.104643	0.991962	-0.813496	-1.195	22.7646	
0.997234	-0.00406401	0.0742187	-0.00407452	0.994014	0.109177	-0.0742181	-0.109177	0.991248	-0.885629	-1.3011	23.7487	
0.996999	-0.00440904	0.0772865	-0.00442092	0.993504	0.113708	-0.0772858	-0.113708	0.990504	-0.960807	-1.41169	24.7321	
0.996755	-0.00476804	0.0803514	-0.0047814	0.992974	0.118236	-0.0803506	-0.118236	0.989729	-1.03903	-1.52679	25.7147	
0.996502	-0.00514099	0.0834134	-0.00515595	0.992423	0.122761	-0.0834125	-0.122762	0.988925	-1.12029	-1.64637	26.6965	
0.996239	-0.00552787	0.0864723	-0.00554456	0.991851	0.127284	-0.0864713	-0.127285	0.98809	-1.20459	-1.77045	27.6775	
0.995967	-0.00592868	0.0895281	-0.00594722	0.991258	0.131803	-0.0895269	-0.131804	0.987225	-1.29192	-1.89901	28.6577	
0.995685	-0.0063434	0.0925807	-0.00636392	0.990645	0.136319	-0.0925793	-0.13632	0.98633	-1.38228	-2.03206	29.637	
0.995394	-0.00677201	0.0956299	-0.00679465	0.99001	0.140831	-0.0956283	-0.140833	0.985404	-1.47568	-2.16959	30.6154	
0.995093	-0.00721449	0.0986757	-0.00723939	0.989355	0.14534	-0.0986739	-0.145342	0.984449	-1.57209	-2.31159	31.5929	
0.994784	-0.00767083	0.101718	-0.00769813	0.988679	0.149845	-0.101716	-0.149847	0.983463	-1.67153	-2.45807	32.5694	
0.994465	-0.00814101	0.104757	-0.00817086	0.987983	0.154346	-0.104754	-0.154348	0.982448	-1.77398	-2.60901	33.5449	
0.994136	-0.00862501	0.107791	-0.00865757	0.987266	0.158844	-0.107789	-0.158845	0.981402	-1.87945	-2.76442	34.5194	
0.993798	-0.00912281	0.110823	-0.00915824	0.986528	0.163336	-0.11082	-0.163338	0.980326	-1.98792	-2.9243	35.4928	
0.993451	-0.0096344	0.11385	-0.00967285	0.985769	0.167825	-0.113846	-0.167827	0.979221	-2.09941	-3.08862	36.4652	
0.993095	-0.0101597	0.116873	-0.0102014	0.98499	0.172309	-0.116869	-0.172311	0.978085	-2.21389	-3.25741	37.4364	
0.992729	-0.0106988	0.119892	-0.0107438	0.98419	0.176788	-0.119888	-0.176791	0.97692	-2.33137	-3.43063	38.4065	
0.992354	-0.0112517	0.122906	-0.0113002	0.98337	0.181263	-0.122902	-0.181266	0.975724	-2.45185	-3.60831	39.3754	
0.99197	-0.0118182	0.125917	-0.0118704	0.982529	0.185732	-0.125912	-0.185735	0.974499	-2.57531	-3.79042	40.3432	
0.991577	-0.0123984	0.128923	-0.0124545	0.981667	0.190197	-0.128917	-0.1902	0.973244	-2.70176	-3.97696	41.3097	
0.991175	-0.0129922	0.131924	-0.0130525	0.980785	0.194656	-0.131918	-0.19466	0.971959	-2.83119	-4.16794	42.2749	
0.990763	-0.0135997	0.134921	-0.0136642	0.979882	0.199109	-0.134915	-0.199114	0.970645	-2.9636	-4.36333	43.2389	
0.990342	-0.0142208	0.137913	-0.0142898	0.978959	0.203558	-0.137906	-0.203563	0.969301	-3.09898	-4.56314	44.2015	
0.989912	-0.0148555	0.140901	-0.0149291	0.978015	0.208	-0.140893	-0.208005	0.967927	-3.23732	-4.76737	45.1628	
0.989473	-0.0155037	0.143883	-0.0155823	0.977051	0.212437	-0.143875	-0.212443	0.966524	-3.37863	-4.976	46.1227	
0.989025	-0.0161655	0.146861	-0.0162491	0.976066	0.216868	-0.146852	-0.216874	0.965091	-3.52289	-5.18903	47.0812	
0.988568	-0.0168408	0.149833	-0.0169297	0.975061	0.221292	-0.149823	-0.221299	0.963628	-3.6701	-5.40646	48.0382	
0.988102	-0.0175295	0.152801	-0.017624	0.974035	0.225711	-0.15279	-0.225718	0.962137	-3.82026	-5.62828	48.9938	
0.987626	-0.0182317	0.155762	-0.018332	0.972989	0.230122	-0.155751	-0.23013	0.960615	-3.97336	-5.85448	49.9479	
0.987142	-0.0189474	0.158719	-0.0190536	0.971923	0.234528	-0.158706	-0.234536	0.959065	-4.1294	-6.08505	50.9005	
0.986649	-0.0196765	0.16167	-0.0197889	0.970836	0.238926	-0.161656	-0.238936	0.957485	-4.28837	-6.31999	51.8515	
0.986146	-0.0204189	0.164616	-0.0205377	0.969729	0.243318	-0.164601	-0.243328	0.955875	-4.45026	-6.5593	52.8009	
0.985635	-0.0211747	0.167556	-0.0213002	0.968602	0.247703	-0.16754	-0.247714	0.954237	-4.61508	-6.80296	53.7487	
0.985115	-0.0219438	0.17049	-0.0220762	0.967454	0.25208	-0.170473	-0.252092	0.952569	-4.7828	-7.05097	54.6949	
0.984586	-0.0227261	0.173418	-0.0228657	0.966287	0.256451	-0.1734	-0.256463	0.950873	-4.95344	-7.30332	55.6394	
0.984048	-0.0235218	0.176341	-0.0236687	0.965099	0.260814	-0.176321	-0.260827	0.949147	-5.12697	-7.56001	56.5823	
0.983501	-0.0243307	0.179257	-0.0244853	0.963891	0.265169	-0.179236	-0.265183	0.947392	-5.30341	-7.82102	57.5233	
0.982946	-0.0251527	0.182167	-0.0253152	0.962663	0.269517	-0.182145	-0.269532	0.945609	-5.48273	-8.08635	58.4627	
0.982381	-0.0259879	0.185071	-0.0261586	0.961415	0.273856	-0.185047	-0.273873	0.943796	-5.66493	-8.356	59.4002	
0.981808	-0.0268363	0.187969	-0.0270154	0.960147	0.278188	-0.187943	-0.278205	0.941955	-5.85002	-8.62995	60.336	
0.981226	-0.0276977	0.19086	-0.0278856	0.958858	0.282512	-0.190833	-0.28253	0.940085	-6.03797	-8.90819	61.2698	
0.980393	-0.0289348	0.194916	-0.0294327	0.956561	0.290042	-0.194841	-0.290092	0.936955	-6.22935	-9.19234	62.2013	
0.979543	-0.0302047	0.198957	-0.031012	0.954204	0.297546	-0.198833	-0.297629	0.933746	-6.42469	-9.48397	63.1295	
0.978675	-0.0315071	0.202985	-0.0326232	0.951786	0.305024	-0.202809	-0.305142	0.930461	-6.62399	-9.78308	64.0546	
0.97779	-0.0328419	0.206999	-0.0342662	0.949307	0.312476	-0.206768	-0.312629	0.927098	-6.82723	-10.0896	64.9763	
0.976888	-0.034209	0.210998	-0.035941	0.946769	0.3199	-0.21071	-0.32009	0.923658	-7.03439	-10.4036	65.8947	
0.975969	-0.0356083	0.214982	-0.0376473	0.944171	0.327297	-0.214634	-0.327525	0.920141	-7.24545	-10.7249	66.8096	
0.975033	-0.0370395	0.21895	-0.039385	0.941514	0.334665	-0.21854	-0.334933	0.916548	-7.4604	-11.0537	67.721	
0.97408	-0.0385026	0.222902	-0.041154	0.938797	0.342004	-0.222428	-0.342313	0.912879	-7.67922	-11.3897	68.6288	
0.973111	-0.0399973	0.226838	-0.0429541	0.936021	0.349313	-0.226296	-0.349664	0.909134	-7.90188	-11.7331	69.5329	
0.971152	-0.0430677	0.23454	-0.0483116	0.927624	0.370378	-0.233516	-0.371024	0.898783	-8.13006	-12.0907	70.4301	
0.969132	-0.0463192	0.242152	-0.0538356	0.918732	0.391195	-0.240593	-0.392156	0.887879	-8.36533	-12.4694	71.3167	
0.967052	-0.0497497	0.249669	-0.0595229	0.90935	0.411752	-0.247521	-0.413047	0.876428	-8.60755	-12.869	72.1922	
0.964915	-0.0533571	0.257085	-0.0653697	0.899484	0.432036	-0.254297	-0.433683	0.864438	-8.85657	-13.2892	73.0561	
0.96272	-0.0571392	0.264398	-0.0713727	0.889141	0.452034	-0.260916	-0.454052	0.851915	-9.11224	-13.7297	73.9078	
0.960469	-0.0610937	0.271601	-0.0775281	0.878326	0.471734	-0.267374	-0.474142	0.838868	-9.37439	-14.1903	74.7468	
0.958164	-0.0652181	0.278691	-0.083832	0.867047	0.491124	-0.273669	-0.49394	0.825305	-9.64288	-14.6707	75.5727	
0.955806	-0.0695099	0.285664	-0.0902806	0.855309	0.510192	-0.279794	-0.513434	0.811234	-9.91753	-15.1706	76.3848	
0.953396	-0.0739665	0.292514	-0.09687	0.843121	0.528926	-0.285748	-0.532612	0.796664	-10.1982	-15.6897	77.1827	
0.950937	-0.0785851	0.299238	-0.103596	0.83049	0.547315	-0.291525	-0.551462	0.781603	-10.4846	-16.2277	77.9659	
0.948429	-0.0833629	0.305832	-0.110455	0.817424	0.565348	-0.297123	-0.569973	0.766061	-10.7767	-16.7842	78.7339	
0.945874	-0.0882969	0.312291	-0.117442	0.80393	0.583013	-0.302538	-0.588132	0.750047	-11.0743	-17.3589	79.4862	
0.943274	-0.0933841	0.318612	-0.124553	0.790018	0.600299	-0.307767	-0.60593	0.733572	-11.3772	-17.9514	80.2225	
0.94063	-0.0986213	0.32479	-0.131783	0.775695	0.617196	-0.312807	-0.623355	0.716645	-11.6851	-18.5614	80.9421	
0.937944	-0.104005	0.330823	-0.139129	0.76097	0.633693	-0.317654	-0.640396	0.699277	-11.998	-19.1885	81.6447	
0.935218	-0.109533	0.336705	-0.146585	0.745853	0.649781	-0.322305	-0.657043	0.681479	-12.3156	-19.8324	82.3299	
0.932452	-0.115201	0.342434	-0.154148	0.730353	0.665449	-0.326758	-0.673285	0.663261	-12.6376	-20.4925	82.9972	
0.92965	-0.121005	0.348007	-0.161812	0.714479	0.680688	-0.33101	-0.689114	0.644635	-12.9641	-21.1686	83.6463	
0.926812	-0.126943	0.353418	-0.169573	0.698241	0.695489	-0.335058	-0.704517	0.625613	-13.2946	-21.8602	84.2766	
0.923941	-0.133009	0.358666	-0.177425	0.681649	0.709841	-0.3389	-0.719488	0.606205	-13.629	-22.5668	84.8879	
0.921038	-0.139202	0.363748	-0.185365	0.664714	0.723737	-0.342534	-0.734015	0.586424	-13.9672	-23.2881	85.4797	
0.918104	-0.145516	0.368659	-0.193387	0.647445	0.737168	-0.345956	-0.748091	0.566282	-14.3088	-24.0236	86.0517	
0.915143	-0.151949	0.373396	-0.201486	0.629854	0.750125	-0.349166	-0.761706	0.545791	-14.6538	-24.7728	86.6036	
0.912155	-0.158495	0.377958	-0.209657	0.611951	0.762601	-0.35216	-0.774852	0.524965	-15.0018	-25.5353	87.1349	
0.909143	-0.165151	0.382341	-0.217896	0.593747	0.774587	-0.354938	-0.787521	0.503815	-15.3527	-26.3106	87.6454	
0.906107	-0.171914	0.386543	-0.226197	0.575254	0.786078	-0.357498	-0.799706	0.482355	-15.7062	-27.0983	88.1348	
0.903051	-0.178778	0.39056	-0.234555	0.556482	0.797065	-0.359837	-0.811398	0.460598	-16.0622	-27.8977	88.6027	
