1	0	0	0	1	0	0	0	1	0	0	0	
0.999999	1.60949e-06	0.00121403	1.60949e-06	0.999996	-0.00265147	-0.00121403	0.00265147	0.999996	-0.000520869	0.00113759	0.85808	
0.999997	6.4536e-06	0.00243103	6.45339e-06	0.999986	-0.00530923	-0.00243103	0.00530923	0.999983	-0.00208475	0.00455305	1.71615	
0.999993	1.45555e-05	0.00365094	1.45547e-05	0.999968	-0.00797319	-0.00365094	0.00797319	0.999962	-0.00469416	0.0102517	2.57421	
0.999988	2.59382e-05	0.00487374	2.59361e-05	0.999943	-0.0106433	-0.00487374	0.0106433	0.999931	-0.0083516	0.018239	3.43225	
0.999981	4.06242e-05	0.00609937	4.06199e-05	0.999911	-0.0133194	-0.00609937	0.0133194	0.999893	-0.0130595	0.0285199	4.29025	
0.999973	5.86356e-05	0.00732779	5.86281e-05	0.999872	-0.0160014	-0.00732779	0.0160014	0.999845	-0.0188203	0.0410997	5.14822	
0.999963	7.99946e-05	0.00855897	7.99826e-05	0.999825	-0.0186892	-0.00855897	0.0186892	0.999789	-0.0256364	0.0559834	6.00614	
0.999952	0.000104723	0.00979285	0.000104705	0.999771	-0.0213828	-0.00979285	0.0213828	0.999723	-0.03351	0.0731759	6.86402	
0.999939	0.000132841	0.0110294	0.000132815	0.99971	-0.024082	-0.0110294	0.024082	0.999649	-0.0424436	0.0926821	7.72183	
0.999925	0.000164371	0.0122686	0.000164335	0.999641	-0.0267868	-0.0122686	0.0267868	0.999566	-0.0524394	0.114507	8.57957	
0.999909	0.000199333	0.0135103	0.000199285	0.999565	-0.029497	-0.0135103	0.029497	0.999474	-0.0634996	0.138655	9.43724	
0.999891	0.000237747	0.0147546	0.000237685	0.999481	-0.0322125	-0.0147546	0.0322125	0.999372	-0.0756264	0.165131	10.2948	
0.999872	0.000279634	0.0160014	0.000279555	0.99939	-0.0349334	-0.0160014	0.0349334	0.999262	-0.0888219	0.193939	11.1523	
0.999851	0.000325012	0.0172506	0.000324913	0.999291	-0.0376594	-0.0172506	0.0376594	0.999142	-0.103088	0.225084	12.0097	
0.999829	0.000373902	0.0185022	0.00037378	0.999184	-0.0403904	-0.0185022	0.0403904	0.999013	-0.118428	0.258571	12.867	
0.999805	0.000426323	0.0197562	0.000426174	0.99907	-0.0431265	-0.0197562	0.0431265	0.998874	-0.134842	0.294403	13.7242	
0.999779	0.000482292	0.0210125	0.000482113	0.998947	-0.0458674	-0.0210125	0.0458674	0.998727	-0.152334	0.332585	14.5812	
0.999752	0.000541829	0.0222711	0.000541616	0.998818	-0.0486131	-0.0222711	0.0486131	0.998569	-0.170904	0.373121	15.4382	
0.999723	0.000604951	0.023532	0.0006047	0.99868	-0.0513635	-0.023532	0.0513635	0.998403	-0.190556	0.416015	16.2949	
0.999692	0.000671676	0.024795	0.000671383	0.998534	-0.0541185	-0.024795	0.0541185	0.998227	-0.21129	0.461271	17.1516	
0.99966	0.000742022	0.0260601	0.000741682	0.998381	-0.0568781	-0.0260602	0.0568781	0.998041	-0.233109	0.508893	18.0081	
0.999626	0.000816005	0.0273274	0.000815613	0.99822	-0.059642	-0.0273274	0.059642	0.997846	-0.256014	0.558885	18.8644	
0.999591	0.000893643	0.0285967	0.000893193	0.99805	-0.0624102	-0.0285968	0.0624102	0.997641	-0.280008	0.611251	19.7205	
0.999553	0.00097495	0.0298681	0.000974439	0.997873	-0.0651826	-0.0298681	0.0651826	0.997426	-0.305092	0.665993	20.5765	
0.999514	0.00105994	0.0311414	0.00105936	0.997688	-0.0679592	-0.0311414	0.0679592	0.997202	-0.331267	0.723116	21.4323	
0.999474	0.00114864	0.0324166	0.00114799	0.997494	-0.0707398	-0.0324167	0.0707397	0.996968	-0.358536	0.782624	22.2878	
0.999431	0.00124105	0.0336938	0.00124032	0.997293	-0.0735243	-0.0336938	0.0735243	0.996724	-0.3869	0.844519	23.1432	
0.999387	0.0013372	0.0349727	0.00133638	0.997083	-0.0763126	-0.0349728	0.0763126	0.99647	-0.416361	0.908805	23.9984	
0.999342	0.00143709	0.0362535	0.00143618	0.996865	-0.0791047	-0.0362535	0.0791047	0.996207	-0.44692	0.975485	24.8533	
0.999294	0.00154075	0.037536	0.00153974	0.996639	-0.0819004	-0.0375361	0.0819004	0.995933	-0.478579	1.04456	25.708	
0.999245	0.00164817	0.0388203	0.00164706	0.996405	-0.0846997	-0.0388203	0.0846996	0.99565	-0.511339	1.11604	26.5625	
0.999194	0.00175939	0.0401062	0.00175816	0.996163	-0.0875024	-0.0401062	0.0875023	0.995357	-0.545202	1.18992	27.4167	
0.999141	0.00187441	0.0413937	0.00187306	0.995912	-0.0903084	-0.0413938	0.0903084	0.995053	-0.580168	1.26621	28.2707	
0.999087	0.00199325	0.0426828	0.00199176	0.995653	-0.0931177	-0.0426829	0.0931177	0.99474	-0.616241	1.34491	29.1244	
0.99903	0.00211591	0.0439734	0.00211429	0.995386	-0.0959302	-0.0439735	0.0959302	0.994416	-0.65342	1.42602	29.9778	
0.998972	0.00224241	0.0452656	0.00224064	0.99511	-0.0987458	-0.0452656	0.0987457	0.994083	-0.691707	1.50954	30.831	
0.998913	0.00237276	0.0465591	0.00237084	0.994826	-0.101564	-0.0465592	0.101564	0.993739	-0.731104	1.59548	31.6838	
0.998851	0.00250697	0.0478541	0.00250489	0.994534	-0.104386	-0.0478542	0.104386	0.993385	-0.771611	1.68384	32.5364	
0.998788	0.00264506	0.0491505	0.00264281	0.994233	-0.10721	-0.0491506	0.10721	0.993021	-0.81323	1.77463	33.3886	
0.998723	0.00278704	0.0504481	0.0027846	0.993924	-0.110037	-0.0504483	0.110037	0.992646	-0.855962	1.86783	34.2406	
0.998656	0.0029329	0.051747	0.00293028	0.993606	-0.112866	-0.0517472	0.112866	0.992262	-0.899808	1.96347	35.0922	
0.998587	0.00308268	0.0530472	0.00307985	0.99328	-0.115698	-0.0530474	0.115698	0.991867	-0.944769	2.06153	35.9434	
0.998517	0.00323636	0.0543485	0.00323333	0.992945	-0.118532	-0.0543487	0.118532	0.991462	-0.990846	2.16203	36.7944	
0.998445	0.00339398	0.055651	0.00339072	0.992602	-0.121369	-0.0556512	0.121369	0.991046	-1.03804	2.26495	37.6449	
0.99837	0.00355552	0.0569546	0.00355203	0.99225	-0.124208	-0.0569548	0.124208	0.99062	-1.08635	2.37032	38.4952	
0.998295	0.00372101	0.0582593	0.00371727	0.99189	-0.127049	-0.0582595	0.127049	0.990184	-1.13578	2.47811	39.345	
0.998217	0.00389045	0.0595649	0.00388646	0.991521	-0.129892	-0.0595652	0.129892	0.989737	-1.18634	2.58835	40.1945	
0.998137	0.00406384	0.0608715	0.00405958	0.991143	-0.132737	-0.0608718	0.132736	0.98928	-1.23801	2.70103	41.0436	
0.998056	0.0042412	0.062179	0.00423667	0.990757	-0.135583	-0.0621794	0.135583	0.988813	-1.2908	2.81615	41.8922	
0.997973	0.00442254	0.0634875	0.00441771	0.990362	-0.138432	-0.0634878	0.138431	0.988335	-1.34472	2.93371	42.7405	
0.997888	0.00460785	0.0647967	0.00460272	0.989959	-0.141282	-0.0647971	0.141281	0.987847	-1.39976	3.05372	43.5884	
0.997801	0.00479715	0.0661067	0.00479171	0.989547	-0.144133	-0.0661071	0.144133	0.987348	-1.45592	3.17618	44.4358	
0.997712	0.00499044	0.0674175	0.00498467	0.989126	-0.146986	-0.067418	0.146986	0.986838	-1.51321	3.30108	45.2828	
0.997622	0.00518773	0.068729	0.00518162	0.988697	-0.149841	-0.0687295	0.14984	0.986318	-1.57162	3.42843	46.1294	
0.99753	0.00538903	0.0700412	0.00538256	0.988259	-0.152696	-0.0700417	0.152696	0.985788	-1.63116	3.55823	46.9755	
0.997435	0.00559433	0.0713539	0.0055875	0.987812	-0.155553	-0.0713545	0.155553	0.985247	-1.69183	3.69048	47.8212	
0.997339	0.00580365	0.0726673	0.00579643	0.987356	-0.158411	-0.0726678	0.15841	0.984696	-1.75362	3.82518	48.6663	
0.997241	0.00601698	0.0739811	0.00600937	0.986892	-0.16127	-0.0739818	0.161269	0.984134	-1.81654	3.96234	49.511	
0.997051	0.00643188	0.0764674	0.00644774	0.985936	-0.167001	-0.076466	0.167002	0.982987	-1.88108	4.10318	50.355	
0.996855	0.00686151	0.0789521	0.00690075	0.984945	-0.172728	-0.0789486	0.17273	0.9818	-1.94776	4.24894	51.198	
0.996652	0.00730586	0.081435	0.0073684	0.983921	-0.17845	-0.0814294	0.178453	0.980573	-2.01657	4.39961	52.0399	
0.996443	0.00776492	0.0839162	0.00785069	0.982864	-0.184167	-0.0839082	0.184171	0.979306	-2.08751	4.55519	52.8808	
0.996227	0.0082387	0.0863953	0.00834759	0.981772	-0.189879	-0.0863848	0.189883	0.977999	-2.16057	4.71568	53.7206	
0.996005	0.00872716	0.0888721	0.0088591	0.980647	-0.195584	-0.0888591	0.19559	0.976652	-2.23576	4.88106	54.5592	
0.995776	0.0092303	0.0913467	0.00938519	0.979488	-0.201283	-0.0913309	0.20129	0.975265	-2.31307	5.05134	55.3967	
0.995542	0.0097481	0.0938186	0.00992586	0.978296	-0.206975	-0.0938	0.206984	0.973837	-2.3925	5.22651	56.2329	
0.9953	0.0102805	0.0962879	0.0104811	0.97707	-0.21266	-0.0962663	0.21267	0.97237	-2.47404	5.40656	57.0679	
0.995053	0.0108276	0.0987543	0.0110508	0.975811	-0.218338	-0.0987296	0.218349	0.970864	-2.5577	5.59148	57.9016	
0.994799	0.0113893	0.101218	0.0116351	0.974518	-0.224008	-0.10119	0.224021	0.969317	-2.64348	5.78128	58.7341	
0.994539	0.0119655	0.103678	0.0122338	0.973192	-0.22967	-0.103647	0.229685	0.967731	-2.73136	5.97594	59.5651	
0.994272	0.0125563	0.106135	0.012847	0.971832	-0.235324	-0.1061	0.23534	0.966105	-2.82135	6.17545	60.3948	
0.994	0.0131616	0.108588	0.0134747	0.970439	-0.240969	-0.10855	0.240986	0.964439	-2.91345	6.37981	61.2231	
0.993721	0.0137814	0.111038	0.0141167	0.969013	-0.246605	-0.110995	0.246623	0.962734	-3.00764	6.58902	62.0499	
0.993435	0.0144156	0.113483	0.0147731	0.967554	-0.252231	-0.113437	0.252251	0.96099	-3.10393	6.80306	62.8753	
0.993144	0.0150643	0.115925	0.0154438	0.966062	-0.257847	-0.115875	0.25787	0.959206	-3.20231	7.02192	63.6991	
0.992846	0.0157273	0.118362	0.0161288	0.964537	-0.263454	-0.118308	0.263478	0.957383	-3.30279	7.2456	64.5214	
0.992542	0.0164047	0.120796	0.0168281	0.962979	-0.269049	-0.120737	0.269076	0.955521	-3.40535	7.47409	65.3422	
0.992232	0.0170964	0.123224	0.0175416	0.961389	-0.274634	-0.123162	0.274662	0.95362	-3.50999	7.70737	66.1613	
0.991915	0.0178024	0.125648	0.0182693	0.959765	-0.280208	-0.125581	0.280238	0.951681	-3.61671	7.94545	66.9787	
0.991592	0.0185226	0.128067	0.0190111	0.958109	-0.285771	-0.127996	0.285803	0.949702	-3.72551	8.18831	67.7945	
0.991264	0.0192569	0.130482	0.019767	0.956421	-0.291321	-0.130405	0.291355	0.947685	-3.83637	8.43593	68.6085	
0.990929	0.0200054	0.132891	0.020537	0.9547	-0.296859	-0.13281	0.296896	0.945629	-3.9493	8.68831	69.4209	
0.990588	0.020768	0.135294	0.0213209	0.952947	-0.302385	-0.135208	0.302424	0.943535	-4.0643	8.94545	70.2314	
0.989458	0.0233014	0.142932	0.0240808	0.946758	-0.321046	-0.142803	0.321103	0.936216	-4.18358	9.21298	71.0379	
0.988267	0.025986	0.150508	0.0269907	0.940198	-0.339557	-0.150331	0.339635	0.928466	-4.30935	9.49647	71.838	
0.987015	0.0288206	0.15802	0.0300495	0.933273	-0.357909	-0.157791	0.35801	0.920288	-4.44155	9.7958	72.6312	
0.985703	0.0318038	0.165463	0.0332556	0.925984	-0.376096	-0.165178	0.376221	0.911687	-4.58012	10.1108	73.4172	
0.984331	0.0349343	0.172835	0.0366077	0.918335	-0.394107	-0.172488	0.394259	0.902667	-4.725	10.4414	74.1957	
0.9829	0.0382107	0.180132	0.0401041	0.91033	-0.411935	-0.17972	0.412115	0.893231	-4.87612	10.7874	74.9662	
0.981411	0.0416314	0.187351	0.0437433	0.901973	-0.429572	-0.186869	0.429781	0.883384	-5.03341	11.1486	75.7285	
0.979863	0.0451948	0.194487	0.0475235	0.893266	-0.447009	-0.193931	0.44725	0.873131	-5.19679	11.5249	76.4821	
0.978259	0.0488994	0.201539	0.0514431	0.884215	-0.464238	-0.200905	0.464513	0.862476	-5.3662	11.9161	77.2268	
0.976599	0.0527433	0.208503	0.0555002	0.874823	-0.481252	-0.207786	0.481562	0.851424	-5.54155	12.322	77.9622	
0.974882	0.056725	0.215375	0.059693	0.865095	-0.498043	-0.214572	0.49839	0.83998	-5.72276	12.7425	78.6879	
0.973112	0.0608424	0.222153	0.0640196	0.855035	-0.514603	-0.221258	0.514988	0.82815	-5.90976	13.1773	79.4036	
0.971287	0.0650937	0.228833	0.0684778	0.844648	-0.530924	-0.227843	0.531349	0.815938	-6.10245	13.6262	80.109	
0.969409	0.069477	0.235412	0.0730658	0.833939	-0.546999	-0.234323	0.547466	0.803351	-6.30075	14.0891	80.8038	
0.967479	0.0739903	0.241888	0.0777814	0.822912	-0.56282	-0.240695	0.563331	0.790395	-6.50456	14.5657	81.4876	
0.965498	0.0786314	0.248257	0.0826224	0.811572	-0.578381	-0.246957	0.578937	0.777074	-6.71379	15.0558	82.1601	
