1	0	0	0	1	0	0	0	1	0	0	0	
0.999996	5.92553e-06	0.00283936	5.92553e-06	0.999991	-0.00417382	-0.00283936	0.00417382	0.999987	-0.00133866	0.00196781	0.942925	
0.999984	2.36955e-05	0.00567698	2.37103e-05	0.999965	-0.00835031	-0.00567698	0.00835031	0.999949	-0.00535383	0.00787251	1.88583	
0.999964	5.3303e-05	0.00851277	5.33626e-05	0.999922	-0.0125294	-0.00851277	0.0125294	0.999885	-0.0120438	0.0177166	2.82868	
0.999936	9.47409e-05	0.0113466	9.48898e-05	0.99986	-0.0167108	-0.0113466	0.0167108	0.999796	-0.0214068	0.0315023	3.77146	
0.999899	0.000148001	0.0141785	0.000148299	0.999782	-0.0208946	-0.0141785	0.0208946	0.999681	-0.033441	0.0492319	4.71415	
0.999855	0.000213075	0.0170082	0.000213597	0.999685	-0.0250805	-0.0170082	0.0250805	0.999541	-0.0481445	0.0709076	5.65671	
0.999803	0.000289954	0.0198358	0.000290788	0.999572	-0.0292684	-0.0198357	0.0292684	0.999375	-0.0655151	0.0965312	6.59913	
0.999743	0.000378627	0.022661	0.000379879	0.99944	-0.0334582	-0.022661	0.0334582	0.999183	-0.0855509	0.126105	7.54138	
0.999675	0.000479085	0.0254839	0.000480874	0.999291	-0.0376498	-0.0254839	0.0376498	0.998966	-0.10825	0.15963	8.48344	
0.999599	0.000591317	0.0283043	0.000593777	0.999124	-0.041843	-0.0283043	0.041843	0.998723	-0.133609	0.197108	9.42528	
0.999515	0.000715311	0.0311222	0.000718592	0.998939	-0.0460377	-0.0311221	0.0460378	0.998455	-0.161626	0.238541	10.3669	
0.999424	0.000851054	0.0339375	0.000855321	0.998737	-0.0502338	-0.0339373	0.0502339	0.998161	-0.1923	0.283929	11.3082	
0.999324	0.000998536	0.03675	0.00100397	0.998517	-0.0544311	-0.0367498	0.0544312	0.997841	-0.225626	0.333275	12.2493	
0.999217	0.00115774	0.0395597	0.00116453	0.998279	-0.0586295	-0.0395595	0.0586297	0.997496	-0.261603	0.38658	13.19	
0.999101	0.00132866	0.0423665	0.00133701	0.998023	-0.0628289	-0.0423662	0.0628291	0.997125	-0.300229	0.443843	14.1304	
0.998978	0.00151127	0.0451703	0.00152142	0.99775	-0.0670292	-0.04517	0.0670294	0.996728	-0.341499	0.505067	15.0704	
0.998847	0.00170556	0.0479711	0.00171774	0.997458	-0.0712301	-0.0479706	0.0712304	0.996306	-0.385412	0.570252	16.0101	
0.998709	0.00191152	0.0507687	0.00192598	0.997149	-0.0754317	-0.0507681	0.075432	0.995858	-0.431963	0.639398	16.9493	
0.998562	0.00212913	0.053563	0.00214614	0.996822	-0.0796336	-0.0535624	0.0796341	0.995384	-0.481152	0.712507	17.8881	
0.998408	0.00235837	0.0563541	0.00237822	0.996477	-0.0838359	-0.0563532	0.0838365	0.994885	-0.532973	0.789577	18.8265	
0.998246	0.00259922	0.0591417	0.00262221	0.996114	-0.0880384	-0.0591406	0.0880391	0.99436	-0.587424	0.870611	19.7643	
0.998077	0.00285168	0.0619258	0.00287812	0.995733	-0.0922409	-0.0619245	0.0922417	0.993809	-0.644503	0.955607	20.7017	
0.997899	0.00311571	0.0647063	0.00314593	0.995334	-0.0964434	-0.0647048	0.0964443	0.993233	-0.704204	1.04457	21.6385	
0.997715	0.0033913	0.0674831	0.00342564	0.994916	-0.100646	-0.0674814	0.100647	0.992631	-0.766525	1.13749	22.5748	
0.997522	0.00367844	0.0702562	0.00371726	0.994481	-0.104847	-0.0702542	0.104849	0.992004	-0.831463	1.23437	23.5104	
0.997322	0.0039771	0.0730255	0.00402077	0.994028	-0.109049	-0.0730231	0.10905	0.99135	-0.899013	1.33522	24.4455	
0.997115	0.00428726	0.0757908	0.00433616	0.993557	-0.11325	-0.075788	0.113252	0.990672	-0.969173	1.44003	25.38	
0.996899	0.00460889	0.0785522	0.00466344	0.993068	-0.11745	-0.0785489	0.117452	0.989967	-1.04194	1.54879	26.3138	
0.996677	0.00494199	0.0813094	0.0050026	0.992561	-0.121649	-0.0813057	0.121651	0.989237	-1.1173	1.66152	27.2469	
0.996446	0.00528652	0.0840625	0.00535362	0.992035	-0.125847	-0.0840582	0.12585	0.988482	-1.19527	1.77821	28.1793	
0.996209	0.00564247	0.0868113	0.0057165	0.991492	-0.130044	-0.0868065	0.130047	0.987701	-1.27582	1.89886	29.111	
0.995964	0.00600981	0.0895558	0.00609124	0.99093	-0.13424	-0.0895503	0.134243	0.986894	-1.35897	2.02346	30.042	
0.995711	0.00638851	0.0922959	0.00647781	0.99035	-0.138434	-0.0922896	0.138438	0.986062	-1.4447	2.15202	30.9722	
0.995451	0.00677856	0.0950314	0.00687622	0.989753	-0.142627	-0.0950244	0.142632	0.985204	-1.53301	2.28454	31.9016	
0.995184	0.00717992	0.0977624	0.00728645	0.989137	-0.146818	-0.0977545	0.146823	0.984321	-1.6239	2.42101	32.8301	
0.994909	0.00759258	0.100489	0.00770849	0.988503	-0.151007	-0.10048	0.151013	0.983412	-1.71736	2.56142	33.7578	
0.994627	0.00801651	0.10321	0.00814234	0.98785	-0.155195	-0.1032	0.155201	0.982478	-1.81339	2.70579	34.6847	
0.994338	0.00845167	0.105927	0.00858797	0.98718	-0.15938	-0.105916	0.159387	0.981518	-1.91198	2.85411	35.6106	
0.994041	0.00889805	0.108639	0.00904538	0.986491	-0.163563	-0.108627	0.163571	0.980533	-2.01313	3.00638	36.5357	
0.993738	0.00935562	0.111346	0.00951455	0.985785	-0.167744	-0.111332	0.167753	0.979522	-2.11683	3.16258	37.4598	
0.993427	0.00982435	0.114048	0.00999547	0.98506	-0.171922	-0.114033	0.171932	0.978487	-2.22309	3.32273	38.3829	
0.993109	0.0103042	0.116744	0.0104881	0.984317	-0.176098	-0.116728	0.176109	0.977425	-2.33188	3.48682	39.3051	
0.992783	0.0107952	0.119436	0.0109925	0.983556	-0.180271	-0.119418	0.180283	0.976339	-2.44322	3.65485	40.2262	
0.992451	0.0112972	0.122122	0.0115086	0.982776	-0.184441	-0.122102	0.184454	0.975227	-2.55709	3.82681	41.1463	
0.992111	0.0118103	0.124803	0.0120364	0.981979	-0.188608	-0.124781	0.188622	0.97409	-2.67348	4.0027	42.0653	
0.991765	0.0123344	0.127478	0.0125758	0.981163	-0.192772	-0.127455	0.192788	0.972928	-2.7924	4.18253	42.9833	
0.991411	0.0128694	0.130148	0.0131269	0.980329	-0.196933	-0.130122	0.19695	0.97174	-2.91384	4.36627	43.9001	
0.99105	0.0134155	0.132812	0.0136896	0.979477	-0.20109	-0.132784	0.201109	0.970527	-3.03779	4.55394	44.8158	
0.990683	0.0139724	0.135471	0.014264	0.978607	-0.205244	-0.13544	0.205264	0.96929	-3.16425	4.74553	45.7304	
0.990308	0.0145402	0.138124	0.01485	0.977719	-0.209394	-0.138091	0.209416	0.968027	-3.29321	4.94104	46.6438	
0.989927	0.0151189	0.140771	0.0154475	0.976812	-0.213541	-0.140735	0.213564	0.966739	-3.42467	5.14046	47.5559	
0.989538	0.0157084	0.143412	0.0160566	0.975887	-0.217683	-0.143373	0.217709	0.965426	-3.55862	5.34379	48.4669	
0.989143	0.0163087	0.146047	0.0166773	0.974945	-0.221822	-0.146005	0.221849	0.964088	-3.69505	5.55103	49.3766	
0.988741	0.0169198	0.148676	0.0173095	0.973984	-0.225956	-0.148631	0.225985	0.962725	-3.83396	5.76217	50.285	
0.988332	0.0175415	0.151299	0.0179532	0.973005	-0.230086	-0.15125	0.230118	0.961337	-3.97534	5.97721	51.1922	
0.987917	0.018174	0.153915	0.0186084	0.972008	-0.234211	-0.153864	0.234245	0.959925	-4.11919	6.19614	52.098	
0.987495	0.0188171	0.156526	0.019275	0.970992	-0.238332	-0.15647	0.238369	0.958487	-4.26551	6.41896	53.0024	
0.987066	0.0194708	0.15913	0.019953	0.969959	-0.242449	-0.15907	0.242488	0.957025	-4.41427	6.64567	53.9055	
0.98663	0.0201351	0.161728	0.0206425	0.968908	-0.24656	-0.161664	0.246602	0.955538	-4.56549	6.87625	54.8072	
0.986188	0.0208099	0.164319	0.0213434	0.967838	-0.250666	-0.16425	0.250711	0.954026	-4.71914	7.11072	55.7075	
0.985739	0.0214952	0.166903	0.0220556	0.966751	-0.254768	-0.16683	0.254816	0.95249	-4.87524	7.34906	56.6064	
0.985863	0.0213032	0.166192	0.0228165	0.965576	-0.25912	-0.165991	0.259249	0.951439	-5.03215	7.59142	57.504	
0.985987	0.0211073	0.16548	0.0235747	0.964378	-0.263475	-0.165146	0.263684	0.950367	-5.18827	7.83797	58.4007	
0.986111	0.0209076	0.164766	0.0243303	0.963158	-0.267832	-0.164296	0.268121	0.949272	-5.34359	8.0887	59.2963	
0.986234	0.020704	0.164052	0.025083	0.961917	-0.27219	-0.16344	0.272558	0.948156	-5.49811	8.34361	60.1908	
0.986357	0.0204967	0.163337	0.0258327	0.960653	-0.276548	-0.162579	0.276994	0.947018	-5.65181	8.6027	61.0844	
0.98648	0.0202856	0.162622	0.0265793	0.959367	-0.280906	-0.161712	0.28143	0.945857	-5.80471	8.86598	61.9768	
0.986602	0.0200707	0.161905	0.0273227	0.95806	-0.285263	-0.160841	0.285865	0.944675	-5.95678	9.13344	62.8681	
0.986724	0.0198521	0.161189	0.0280628	0.956731	-0.289619	-0.159964	0.290297	0.943472	-6.10803	9.40508	63.7583	
0.986845	0.0196296	0.160472	0.0287993	0.95538	-0.293972	-0.159082	0.294726	0.942247	-6.25845	9.6809	64.6473	
0.986966	0.0194033	0.159754	0.0295323	0.954008	-0.298323	-0.158195	0.299153	0.941001	-6.40803	9.96089	65.5352	
0.987087	0.0191733	0.159036	0.0302616	0.952615	-0.30267	-0.157304	0.303575	0.939733	-6.55678	10.2451	66.4219	
0.987206	0.0189395	0.158318	0.0309871	0.9512	-0.307014	-0.156407	0.307992	0.938444	-6.70468	10.5334	67.3074	
0.987326	0.018702	0.1576	0.0317087	0.949765	-0.311353	-0.155506	0.312404	0.937135	-6.85174	10.8259	68.1917	
0.987445	0.0184607	0.156882	0.0324262	0.948309	-0.315686	-0.1546	0.31681	0.935805	-6.99794	11.1225	69.0747	
0.987563	0.0182156	0.156164	0.0331396	0.946833	-0.320014	-0.15369	0.321209	0.934454	-7.14329	11.4233	69.9565	
0.990898	0.0106465	0.134192	0.0334409	0.946149	-0.321999	-0.130394	0.323556	0.937181	-7.27723	11.7273	70.8389	
0.993685	0.0030244	0.112162	0.0336927	0.945461	-0.323989	-0.107025	0.325723	0.939388	-7.38917	12.0335	71.7237	
0.995923	-0.00464645	0.0900869	0.0338949	0.944768	-0.325984	-0.0835965	0.327708	0.941073	-7.47905	12.3415	72.6103	
0.99761	-0.0123618	0.067978	0.0340473	0.944071	-0.327981	-0.0601216	0.329512	0.942235	-7.54681	12.6514	73.4983	
0.998746	-0.0201173	0.0458481	0.0341499	0.94337	-0.32998	-0.0366134	0.331132	0.942874	-7.59242	12.9629	74.3871	
0.999329	-0.0279087	0.0237093	0.0342026	0.942666	-0.33198	-0.0130848	0.332569	0.942988	-7.61585	13.2758	75.2762	
0.99936	-0.0357317	0.00157396	0.0342054	0.941959	-0.33398	0.0104511	0.33382	0.942579	-7.61709	13.59	76.1653	
0.998839	-0.0435819	-0.0205456	0.0341583	0.94125	-0.335979	0.0339811	0.334887	0.941645	-7.59614	13.9053	77.0537	
0.997765	-0.0514549	-0.0426371	0.0340612	0.940539	-0.337974	0.0574923	0.335767	0.940189	-7.55302	14.2215	77.9409	
0.996139	-0.0593464	-0.0646883	0.0339144	0.939826	-0.339967	0.0809716	0.33646	0.93821	-7.48773	14.5385	78.8265	
0.993963	-0.067252	-0.0866869	0.0337178	0.939112	-0.341954	0.104406	0.336967	0.93571	-7.40033	14.856	79.7101	
0.991237	-0.0751673	-0.108621	0.0334715	0.938396	-0.343936	0.127782	0.337286	0.93269	-7.29086	15.1739	80.591	
0.987964	-0.0830879	-0.130478	0.0331758	0.937681	-0.34591	0.151087	0.337418	0.929151	-7.15937	15.492	81.4688	
0.984144	-0.0910094	-0.152245	0.0328307	0.936965	-0.347877	0.174309	0.337362	0.925096	-7.00595	15.8101	82.3431	
0.97978	-0.0989274	-0.173912	0.0324364	0.93625	-0.349834	0.197433	0.337119	0.920527	-6.83068	16.1281	83.2133	
0.974874	-0.106837	-0.195465	0.0319932	0.935535	-0.351781	0.220448	0.336689	0.915447	-6.63366	16.4458	84.0789	
0.969429	-0.114735	-0.216893	0.0315013	0.934822	-0.353717	0.24334	0.336072	0.909858	-6.41499	16.763	84.9395	
0.963449	-0.122616	-0.238183	0.030961	0.93411	-0.355641	0.266097	0.335267	0.903763	-6.17479	17.0796	85.7946	
0.956936	-0.130476	-0.259325	0.0303726	0.9334	-0.357551	0.288706	0.334277	0.897167	-5.91321	17.3952	86.6437	
0.949894	-0.138311	-0.280306	0.0297364	0.932692	-0.359446	0.311155	0.333101	0.890071	-5.63039	17.7099	87.4864	
0.942327	-0.146116	-0.301115	0.0290528	0.931987	-0.361326	0.33343	0.331739	0.882481	-5.32647	18.0234	88.3221	
0.934239	-0.153886	-0.321739	0.0283221	0.931285	-0.36319	0.355521	0.330194	0.874401	-5.00164	18.3355	89.1505	
0.925635	-0.161619	-0.342169	0.0275448	0.930586	-0.365035	0.377414	0.328464	0.865835	-4.65607	18.646	89.971	
