1	0	0	0	1	0	0	0	1	0	0	0	
0.999992	-1.29364e-06	0.0039396	-1.29364e-06	1	0.000656736	-0.0039396	-0.000656736	0.999992	-0.00182953	-0.000304984	0.928785	
0.999969	-5.18132e-06	0.00788356	-5.18326e-06	0.999999	0.00131469	-0.00788356	-0.00131469	0.999968	-0.00732014	-0.0012205	1.85756	
0.99993	-1.16735e-05	0.0118317	-1.16812e-05	0.999998	0.00197383	-0.0118317	-0.00197383	0.999928	-0.0164758	-0.00274767	2.7863	
0.999875	-2.07803e-05	0.015784	-2.07997e-05	0.999997	0.00263415	-0.015784	-0.00263415	0.999872	-0.0293004	-0.00488759	3.71499	
0.999805	-3.25117e-05	0.0197401	-3.25505e-05	0.999995	0.00329561	-0.0197401	-0.00329561	0.9998	-0.0457976	-0.00764134	4.64363	
0.999719	-4.68776e-05	0.0237001	-4.69455e-05	0.999992	0.0039582	-0.0237001	-0.0039582	0.999711	-0.065971	-0.01101	5.57219	
0.999617	-6.38874e-05	0.0276636	-6.39962e-05	0.999989	0.00462189	-0.0276636	-0.00462189	0.999607	-0.089824	-0.0149945	6.50066	
0.9995	-8.35503e-05	0.0316307	-8.37137e-05	0.999986	0.00528666	-0.0316307	-0.00528667	0.999486	-0.11736	-0.019596	7.42903	
0.999366	-0.000105876	0.0356012	-0.000106109	0.999982	0.00595249	-0.0356012	-0.00595249	0.999348	-0.148582	-0.0248154	8.35728	
0.999217	-0.000130872	0.0395748	-0.000131193	0.999978	0.00661935	-0.0395748	-0.00661936	0.999195	-0.183493	-0.0306537	9.28539	
0.999051	-0.000158548	0.0435515	-0.000158977	0.999973	0.00728722	-0.0435515	-0.00728723	0.999025	-0.222097	-0.0371119	10.2134	
0.99887	-0.000188912	0.0475312	-0.00018947	0.999968	0.00795608	-0.0475312	-0.0079561	0.998838	-0.264395	-0.0441908	11.1412	
0.998672	-0.000221972	0.0515137	-0.000222684	0.999963	0.00862591	-0.0515137	-0.00862592	0.998635	-0.310391	-0.0518914	12.0688	
0.998459	-0.000257737	0.0554987	-0.000258627	0.999957	0.00929667	-0.0554987	-0.0092967	0.998415	-0.360087	-0.0602145	12.9962	
0.998229	-0.000296213	0.0594863	-0.000297309	0.99995	0.00996835	-0.0594863	-0.00996839	0.998179	-0.413485	-0.0691611	13.9234	
0.997983	-0.000337408	0.0634763	-0.000338741	0.999943	0.0106409	-0.0634763	-0.010641	0.997927	-0.470589	-0.078732	14.8504	
0.997721	-0.00038133	0.0674685	-0.000382931	0.999936	0.0113144	-0.0674685	-0.0113144	0.997657	-0.531399	-0.088928	15.7771	
0.997443	-0.000427986	0.0714627	-0.000429888	0.999928	0.0119887	-0.0714627	-0.0119887	0.997371	-0.595918	-0.0997498	16.7036	
0.997149	-0.000477381	0.0754589	-0.000479621	0.99992	0.0126638	-0.0754589	-0.0126639	0.997068	-0.664147	-0.111198	17.6298	
0.996838	-0.000529524	0.0794569	-0.000532139	0.999911	0.0133397	-0.0794569	-0.0133398	0.996749	-0.736089	-0.123274	18.5557	
0.996511	-0.000584419	0.0834566	-0.000587449	0.999902	0.0140164	-0.0834565	-0.0140165	0.996413	-0.811745	-0.135979	19.4813	
0.996168	-0.000642074	0.0874577	-0.000645561	0.999892	0.0146939	-0.0874577	-0.014694	0.99606	-0.891117	-0.149312	20.4066	
0.995808	-0.000702493	0.0914602	-0.000706482	0.999882	0.015372	-0.0914602	-0.0153722	0.99569	-0.974206	-0.163274	21.3316	
0.995433	-0.000765684	0.095464	-0.000770219	0.999871	0.0160509	-0.0954639	-0.0160512	0.995303	-1.06101	-0.177867	22.2562	
0.99504	-0.00083165	0.0994688	-0.000836781	0.99986	0.0167305	-0.0994688	-0.0167308	0.9949	-1.15154	-0.193091	23.1804	
0.994632	-0.000900397	0.103475	-0.000906173	0.999848	0.0174107	-0.103475	-0.017411	0.99448	-1.24578	-0.208946	24.1043	
0.994207	-0.00097193	0.107481	-0.000978404	0.999836	0.0180916	-0.107481	-0.0180919	0.994042	-1.34375	-0.225433	25.0277	
0.993765	-0.00104625	0.111488	-0.00105348	0.999823	0.0187731	-0.111488	-0.0187735	0.993588	-1.44544	-0.242553	25.9508	
0.993307	-0.00112337	0.115496	-0.00113141	0.99981	0.0194551	-0.115496	-0.0194556	0.993117	-1.55085	-0.260307	26.8734	
0.992833	-0.00120329	0.119504	-0.00121219	0.999796	0.0201378	-0.119504	-0.0201383	0.992629	-1.65998	-0.278694	27.7956	
0.992342	-0.00128601	0.123513	-0.00129584	0.999782	0.0208209	-0.123513	-0.0208215	0.992125	-1.77284	-0.297716	28.7173	
0.991835	-0.00137154	0.127521	-0.00138236	0.999768	0.0215046	-0.127521	-0.0215053	0.991603	-1.88942	-0.317372	29.6385	
0.991311	-0.00145988	0.13153	-0.00147175	0.999753	0.0221888	-0.131529	-0.0221896	0.991064	-2.00972	-0.337664	30.5593	
0.990771	-0.00155104	0.135538	-0.00156402	0.999737	0.0228734	-0.135538	-0.0228743	0.990508	-2.13374	-0.358591	31.4795	
0.990214	-0.00164501	0.139546	-0.00165918	0.999721	0.0235585	-0.139546	-0.0235595	0.989935	-2.26149	-0.380155	32.3992	
0.989641	-0.0017418	0.143553	-0.00175723	0.999705	0.024244	-0.143553	-0.0242452	0.989346	-2.39296	-0.402355	33.3184	
0.989051	-0.00184141	0.14756	-0.00185818	0.999687	0.0249299	-0.14756	-0.0249312	0.988739	-2.52815	-0.425192	34.237	
0.988445	-0.00194385	0.151566	-0.00196202	0.99967	0.0256162	-0.151566	-0.0256176	0.988115	-2.66706	-0.448667	35.155	
0.987823	-0.00204911	0.155572	-0.00206877	0.999652	0.0263028	-0.155571	-0.0263044	0.987474	-2.8097	-0.472779	36.0725	
0.987183	-0.00215721	0.159576	-0.00217842	0.999633	0.0269898	-0.159575	-0.0269915	0.986817	-2.95605	-0.497529	36.9893	
0.986528	-0.00226813	0.163579	-0.00229099	0.999614	0.027677	-0.163578	-0.0276789	0.986142	-3.10612	-0.522918	37.9055	
0.985856	-0.00238189	0.167581	-0.00240647	0.999595	0.0283646	-0.16758	-0.0283666	0.98545	-3.25991	-0.548945	38.8211	
0.985167	-0.00249848	0.171581	-0.00252486	0.999575	0.0290523	-0.171581	-0.0290546	0.984742	-3.41741	-0.575611	39.7361	
0.984462	-0.0026179	0.17558	-0.00264618	0.999554	0.0297403	-0.175579	-0.0297428	0.984016	-3.57863	-0.602917	40.6504	
0.98374	-0.00274016	0.179577	-0.00277042	0.999533	0.0304285	-0.179576	-0.0304313	0.983273	-3.74356	-0.630861	41.564	
0.983002	-0.00286525	0.183572	-0.00289759	0.999512	0.0311169	-0.183571	-0.0311199	0.982514	-3.91221	-0.659445	42.4769	
0.982248	-0.00299318	0.187565	-0.00302769	0.999489	0.0318055	-0.187565	-0.0318087	0.981737	-4.08456	-0.688669	43.3891	
0.981477	-0.00312395	0.191556	-0.00316071	0.999467	0.0324941	-0.191556	-0.0324977	0.980944	-4.26062	-0.718532	44.3005	
0.980689	-0.00325755	0.195545	-0.00329667	0.999444	0.0331829	-0.195544	-0.0331868	0.980133	-4.44039	-0.749036	45.2112	
0.979886	-0.00339399	0.199531	-0.00343557	0.99942	0.0338718	-0.199531	-0.033876	0.979306	-4.62386	-0.78018	46.1212	
0.979065	-0.00353326	0.203515	-0.00357739	0.999396	0.0345607	-0.203514	-0.0345652	0.978462	-4.81103	-0.811963	47.0304	
0.978229	-0.00367536	0.207496	-0.00372216	0.999372	0.0352496	-0.207496	-0.0352546	0.9776	-5.0019	-0.844387	47.9387	
0.977376	-0.0038203	0.211475	-0.00386986	0.999347	0.0359386	-0.211474	-0.0359439	0.976722	-5.19647	-0.877451	48.8463	
0.976507	-0.00396807	0.21545	-0.00402049	0.999321	0.0366276	-0.215449	-0.0366333	0.975828	-5.39473	-0.911156	49.7531	
0.975621	-0.00411867	0.219423	-0.00417407	0.999295	0.0373165	-0.219422	-0.0373226	0.974916	-5.59668	-0.945501	50.659	
0.974719	-0.0042721	0.223392	-0.00433058	0.999268	0.0380053	-0.223391	-0.0380119	0.973988	-5.80232	-0.980486	51.5641	
0.973801	-0.00442835	0.227358	-0.00449003	0.999241	0.0386941	-0.227356	-0.0387012	0.973042	-6.01165	-1.01611	52.4682	
0.972867	-0.00458742	0.23132	-0.00465242	0.999213	0.0393827	-0.231319	-0.0393903	0.97208	-6.22465	-1.05238	53.3715	
0.971916	-0.00474932	0.235278	-0.00481774	0.999185	0.0400712	-0.235277	-0.0400794	0.971102	-6.44134	-1.08928	54.2739	
0.97095	-0.00491404	0.239233	-0.004986	0.999157	0.0407596	-0.239232	-0.0407683	0.970106	-6.6617	-1.12683	55.1754	
0.969967	-0.00508157	0.243184	-0.0051572	0.999127	0.0414477	-0.243183	-0.0414571	0.969094	-6.88573	-1.16501	56.076	
0.969373	-0.00518684	0.24554	-0.00606207	0.998967	0.0450351	-0.24552	-0.0451442	0.96834	-7.11268	-1.20523	56.9757	
0.968772	-0.00530133	0.247898	-0.00697637	0.998793	0.0486225	-0.247857	-0.0488336	0.967565	-7.3418	-1.24887	57.8747	
0.968164	-0.00542504	0.250259	-0.00790001	0.998605	0.0522098	-0.250193	-0.0525247	0.96677	-7.57309	-1.29594	58.773	
0.967549	-0.00555801	0.252622	-0.00883295	0.998403	0.0557965	-0.252529	-0.0562173	0.965955	-7.80655	-1.34644	59.6706	
0.966928	-0.00570023	0.254987	-0.00977512	0.998187	0.0593823	-0.254864	-0.0599109	0.965119	-8.04218	-1.40037	60.5674	
0.9663	-0.00585172	0.257354	-0.0107264	0.997958	0.0629668	-0.257197	-0.0636053	0.964264	-8.27998	-1.45773	61.4634	
0.965665	-0.00601248	0.259721	-0.0116869	0.997715	0.0665496	-0.259528	-0.0673	0.963388	-8.51994	-1.51852	62.3586	
0.965024	-0.00618251	0.262089	-0.0126563	0.997458	0.0701305	-0.261856	-0.0709947	0.962492	-8.76207	-1.58275	63.2529	
0.964377	-0.0063618	0.264457	-0.0136346	0.997187	0.073709	-0.264182	-0.074689	0.961577	-9.00636	-1.6504	64.1465	
0.963723	-0.00655033	0.266824	-0.0146218	0.996902	0.0772848	-0.266504	-0.0783826	0.960641	-9.25281	-1.72149	65.0391	
0.963063	-0.00674809	0.269191	-0.0156178	0.996603	0.0808575	-0.268822	-0.0820751	0.959687	-9.50141	-1.796	65.9309	
0.962397	-0.00695505	0.271556	-0.0166225	0.996291	0.0844269	-0.271136	-0.0857661	0.958712	-9.75217	-1.87395	66.8218	
0.961726	-0.00717119	0.27392	-0.0176357	0.995965	0.0879925	-0.273446	-0.0894554	0.957719	-10.0051	-1.95532	67.7118	
0.961048	-0.00739646	0.276282	-0.0186574	0.995625	0.091554	-0.275751	-0.0931425	0.956706	-10.2601	-2.04012	68.6008	
0.960365	-0.00763083	0.278641	-0.0196875	0.995272	0.0951112	-0.27805	-0.0968272	0.955674	-10.5173	-2.12834	69.4889	
0.959676	-0.00787425	0.280998	-0.0207259	0.994905	0.0986635	-0.280343	-0.100509	0.954623	-10.7766	-2.21998	70.3761	
0.962679	-0.00666464	0.270565	-0.0263578	0.992636	0.118233	-0.269361	-0.120951	0.955414	-11.0319	-2.32283	71.2631	
0.96556	-0.00523207	0.260127	-0.0317632	0.989949	0.137813	-0.258233	-0.141329	0.955689	-11.2769	-2.44463	72.1507	
0.96832	-0.00357731	0.249688	-0.0369391	0.986845	0.157393	-0.246967	-0.16163	0.955449	-11.5115	-2.58533	73.0382	
0.970955	-0.00170126	0.239255	-0.0418829	0.983326	0.176963	-0.235567	-0.181844	0.954694	-11.7356	-2.74485	73.9253	
0.973466	0.000395064	0.228833	-0.0465917	0.979394	0.196512	-0.22404	-0.20196	0.953425	-11.9491	-2.92309	74.8115	
0.975849	0.00271054	0.218428	-0.0510631	0.97505	0.21603	-0.212392	-0.221967	0.951641	-12.1518	-3.11997	75.6962	
0.978105	0.00524393	0.208044	-0.0552947	0.970298	0.235507	-0.20063	-0.241854	0.949344	-12.3436	-3.33537	76.5791	
0.980232	0.00799384	0.197689	-0.0592841	0.96514	0.254931	-0.18876	-0.261611	0.946535	-12.5244	-3.56919	77.4595	
0.982229	0.0109588	0.187367	-0.0630293	0.959579	0.274292	-0.176788	-0.281227	0.943217	-12.6942	-3.82129	78.3372	
0.984094	0.0141372	0.177085	-0.0665282	0.953617	0.29358	-0.16472	-0.300691	0.939389	-12.8528	-4.09154	79.2115	
0.985827	0.0175274	0.166846	-0.0697789	0.947258	0.312784	-0.152564	-0.319993	0.935055	-13.0001	-4.3798	80.082	
0.987427	0.0211275	0.156658	-0.0727796	0.940505	0.331895	-0.140326	-0.339123	0.930217	-13.1362	-4.6859	80.9483	
0.988893	0.0249356	0.146526	-0.0755288	0.933362	0.350901	-0.128012	-0.35807	0.924878	-13.2608	-5.00969	81.8098	
0.990223	0.0289495	0.136454	-0.078025	0.925832	0.369792	-0.115629	-0.376824	0.91904	-13.3739	-5.35099	82.6661	
0.991418	0.0331673	0.126449	-0.0802668	0.917921	0.388559	-0.103183	-0.395374	0.912706	-13.4756	-5.70961	83.5168	
0.992477	0.0375865	0.116516	-0.082253	0.909632	0.407191	-0.090682	-0.413712	0.90588	-13.5656	-6.08536	84.3614	
0.993399	0.0422048	0.10666	-0.0839826	0.900969	0.425678	-0.0781321	-0.431826	0.898566	-13.644	-6.47804	85.1994	
0.994184	0.0470197	0.0968871	-0.0854546	0.891937	0.444011	-0.06554	-0.449708	0.890768	-13.7107	-6.88743	86.0304	
0.994831	0.0520287	0.0872016	-0.0866682	0.882542	0.462178	-0.0529125	-0.467347	0.882489	-13.7657	-7.31333	86.8539	
0.99534	0.0572289	0.0776092	-0.0876227	0.872787	0.480172	-0.0402566	-0.484734	0.873735	-13.809	-7.75549	87.6695	
0.99571	0.0626177	0.0681149	-0.0883177	0.862679	0.497981	-0.0275789	-0.50186	0.864509	-13.8405	-8.21368	88.4768	
0.995942	0.0681921	0.058724	-0.0887528	0.852223	0.515596	-0.0148864	-0.518715	0.854817	-13.8602	-8.68765	89.2753	
