1	0	0	0	1	0	0	0	1	0	0	0	
0.999987	-2.50002e-06	-0.0051401	-2.50002e-06	1	-0.000972744	0.0051401	0.000972744	0.999986	0.00236886	0.000448298	0.921713	
0.999947	-1.00002e-05	-0.0102801	-1.00001e-05	0.999998	-0.00194548	0.0102801	0.00194548	0.999945	0.00947543	0.00179319	1.8434	
0.999881	-2.25004e-05	-0.01542	-2.25004e-05	0.999996	-0.00291817	0.01542	0.00291817	0.999877	0.0213196	0.00403464	2.76504	
0.999789	-4.00007e-05	-0.0205595	-4.00007e-05	0.999992	-0.00389079	0.0205595	0.00389079	0.999781	0.037901	0.00717262	3.6866	
0.99967	-6.25008e-05	-0.0256985	-6.25007e-05	0.999988	-0.00486332	0.0256985	0.00486332	0.999658	0.0592195	0.011207	4.60806	
0.999524	-9.00003e-05	-0.0308369	-9e-05	0.999983	-0.00583574	0.0308369	0.00583574	0.999507	0.0852744	0.0161378	5.52939	
0.999353	-0.000122499	-0.0359745	-0.000122498	0.999977	-0.006808	0.0359745	0.006808	0.99933	0.116065	0.0219648	6.45058	
0.999155	-0.000159995	-0.0411112	-0.000159994	0.99997	-0.00778009	0.0411112	0.00778009	0.999124	0.151591	0.0286879	7.37158	
0.99893	-0.000202489	-0.0462469	-0.000202488	0.999962	-0.00875199	0.0462469	0.00875199	0.998892	0.191851	0.0363068	8.29239	
0.998679	-0.000249979	-0.0513814	-0.000249977	0.999953	-0.00972365	0.0513814	0.00972365	0.998632	0.236843	0.0448215	9.21297	
0.998402	-0.000302464	-0.0565145	-0.000302462	0.999943	-0.0106951	0.0565145	0.0106951	0.998344	0.286568	0.0542317	10.1333	
0.998098	-0.000359944	-0.0616462	-0.000359941	0.999932	-0.0116662	0.0616462	0.0116662	0.99803	0.341024	0.0645371	11.0533	
0.997768	-0.000422416	-0.0667762	-0.000422413	0.99992	-0.012637	0.0667762	0.012637	0.997688	0.400209	0.0757374	11.9731	
0.997411	-0.000489879	-0.0719045	-0.000489875	0.999907	-0.0136075	0.0719045	0.0136075	0.997319	0.464121	0.0878325	12.8925	
0.997029	-0.000562332	-0.0770309	-0.000562327	0.999894	-0.0145776	0.0770309	0.0145776	0.996922	0.532759	0.100822	13.8116	
0.996619	-0.000639772	-0.0821553	-0.000639766	0.999879	-0.0155474	0.0821553	0.0155474	0.996498	0.606122	0.114705	14.7303	
0.996184	-0.000722198	-0.0872774	-0.000722191	0.999863	-0.0165167	0.0872774	0.0165167	0.996047	0.684206	0.129482	15.6485	
0.995722	-0.000809607	-0.0923973	-0.000809599	0.999847	-0.0174856	0.0923973	0.0174856	0.995569	0.767011	0.145153	16.5664	
0.995234	-0.000901998	-0.0975146	-0.000901988	0.999829	-0.018454	0.0975146	0.018454	0.995063	0.854534	0.161716	17.4838	
0.994719	-0.000999368	-0.102629	-0.000999356	0.999811	-0.0194219	0.102629	0.0194219	0.99453	0.946772	0.179171	18.4007	
0.994178	-0.00110171	-0.107741	-0.0011017	0.999792	-0.0203893	0.107741	0.0203893	0.99397	1.04372	0.197518	19.3171	
0.993611	-0.00120904	-0.112851	-0.00120902	0.999771	-0.0213561	0.112851	0.0213561	0.993382	1.14539	0.216757	20.233	
0.993018	-0.00132133	-0.117957	-0.00132131	0.99975	-0.0223224	0.117957	0.0223224	0.992768	1.25176	0.236887	21.1484	
0.992398	-0.00143859	-0.12306	-0.00143857	0.999728	-0.0232881	0.12306	0.0232881	0.992126	1.36283	0.257907	22.0631	
0.991752	-0.00156081	-0.128159	-0.00156079	0.999705	-0.0242531	0.128159	0.0242531	0.991457	1.47861	0.279817	22.9773	
0.99108	-0.001688	-0.133255	-0.00168797	0.999681	-0.0252175	0.133255	0.0252175	0.990761	1.59908	0.302616	23.8908	
0.990382	-0.00182014	-0.138348	-0.00182011	0.999656	-0.0261812	0.138348	0.0261812	0.990038	1.72425	0.326303	24.8037	
0.989658	-0.00195724	-0.143437	-0.00195721	0.99963	-0.0271442	0.143437	0.0271442	0.989287	1.85412	0.350879	25.7159	
0.988907	-0.00209929	-0.148522	-0.00209926	0.999603	-0.0281065	0.148522	0.0281065	0.98851	1.98867	0.376342	26.6274	
0.98813	-0.00224629	-0.153603	-0.00224625	0.999575	-0.029068	0.153603	0.029068	0.987705	2.12791	0.402691	27.5381	
0.987327	-0.00239824	-0.15868	-0.00239819	0.999546	-0.0300287	0.15868	0.0300287	0.986873	2.27182	0.429927	28.4481	
0.986498	-0.00255512	-0.163752	-0.00255507	0.999516	-0.0309886	0.163752	0.0309886	0.986015	2.42042	0.458047	29.3573	
0.985643	-0.00271694	-0.16882	-0.00271688	0.999486	-0.0319477	0.16882	0.0319477	0.985129	2.57369	0.487052	30.2658	
0.984762	-0.00288369	-0.173884	-0.00288363	0.999454	-0.0329059	0.173884	0.0329059	0.984216	2.73163	0.51694	31.1733	
0.983855	-0.00305536	-0.178943	-0.0030553	0.999422	-0.0338632	0.178943	0.0338632	0.983277	2.89423	0.547711	32.0801	
0.982922	-0.00323196	-0.183997	-0.00323189	0.999388	-0.0348196	0.183997	0.0348196	0.98231	3.0615	0.579364	32.9859	
0.981962	-0.00341348	-0.189046	-0.0034134	0.999354	-0.035775	0.189046	0.035775	0.981316	3.23342	0.611899	33.8909	
0.980977	-0.0035999	-0.194089	-0.00359982	0.999319	-0.0367295	0.194089	0.0367295	0.980296	3.40999	0.645313	34.7949	
0.979966	-0.00379124	-0.199128	-0.00379115	0.999283	-0.0376829	0.199128	0.0376829	0.979249	3.5912	0.679607	35.698	
0.978929	-0.00398748	-0.204161	-0.00398738	0.999245	-0.0386354	0.204161	0.0386354	0.978175	3.77706	0.714779	36.6001	
0.977866	-0.00418861	-0.209189	-0.00418851	0.999207	-0.0395868	0.209189	0.0395867	0.977074	3.96756	0.750828	37.5012	
0.976778	-0.00439464	-0.214211	-0.00439453	0.999168	-0.0405371	0.214211	0.0405371	0.975946	4.16269	0.787754	38.4013	
0.975663	-0.00460556	-0.219227	-0.00460544	0.999128	-0.0414863	0.219227	0.0414863	0.974792	4.36244	0.825555	39.3003	
0.974523	-0.00482135	-0.224237	-0.00482122	0.999088	-0.0424343	0.224237	0.0424343	0.97361	4.56682	0.864231	40.1982	
0.973357	-0.00504202	-0.229241	-0.00504188	0.999046	-0.0433813	0.229241	0.0433813	0.972403	4.77581	0.90378	41.0951	
0.972165	-0.00526756	-0.234239	-0.00526741	0.999003	-0.044327	0.234239	0.044327	0.971168	4.9894	0.944201	41.9908	
0.970947	-0.00549796	-0.23923	-0.0054978	0.99896	-0.0452715	0.23923	0.0452715	0.969907	5.20761	0.985493	42.8853	
0.969704	-0.00573321	-0.244215	-0.00573305	0.998915	-0.0462148	0.244215	0.0462148	0.968619	5.43041	1.02766	43.7787	
0.968435	-0.00597332	-0.249193	-0.00597315	0.99887	-0.0471569	0.249193	0.0471568	0.967305	5.6578	1.07069	44.6709	
0.967141	-0.00621827	-0.254165	-0.00621809	0.998823	-0.0480976	0.254165	0.0480976	0.965964	5.88978	1.11459	45.5619	
0.965821	-0.00646806	-0.259129	-0.00646786	0.998776	-0.0490371	0.259129	0.049037	0.964597	6.12633	1.15935	46.4516	
0.964476	-0.00672267	-0.264087	-0.00672247	0.998728	-0.0499752	0.264087	0.0499751	0.963203	6.36746	1.20498	47.34	
0.963105	-0.00698211	-0.269037	-0.0069819	0.998679	-0.0509119	0.269037	0.0509119	0.961783	6.61316	1.25148	48.2272	
0.961708	-0.00724637	-0.27398	-0.00724614	0.998629	-0.0518472	0.27398	0.0518472	0.960337	6.86341	1.29883	49.113	
0.960286	-0.00751544	-0.278915	-0.00751519	0.998578	-0.0527812	0.278915	0.0527811	0.958864	7.11822	1.34705	49.9975	
0.958839	-0.0077893	-0.283843	-0.00778905	0.998526	-0.0537137	0.283843	0.0537136	0.957365	7.37757	1.39613	50.8806	
0.957366	-0.00806797	-0.288763	-0.00806769	0.998473	-0.0546447	0.288763	0.0546446	0.95584	7.64146	1.44607	51.7623	
0.955869	-0.00835141	-0.293676	-0.00835113	0.99842	-0.0555742	0.293676	0.0555742	0.954288	7.90989	1.49687	52.6426	
0.954346	-0.00863964	-0.29858	-0.00863934	0.998365	-0.0565022	0.29858	0.0565022	0.952711	8.18283	1.54852	53.5215	
0.952797	-0.00893264	-0.303476	-0.00893232	0.99831	-0.0574287	0.303476	0.0574286	0.951107	8.4603	1.60102	54.3989	
0.951224	-0.0092304	-0.308364	-0.00923007	0.998253	-0.0583536	0.308364	0.0583535	0.949477	8.74227	1.65438	55.2748	
0.948709	-0.00971101	-0.316001	-0.0100752	0.998092	-0.0609204	0.31599	0.0609795	0.946801	9.03001	1.70938	56.1487	
0.946133	-0.0102128	-0.323618	-0.0109402	0.997923	-0.0634775	0.323594	0.0635986	0.944056	9.32477	1.76679	57.0201	
0.943495	-0.0107358	-0.331214	-0.0118249	0.997748	-0.066025	0.331176	0.0662108	0.941243	9.62653	1.82662	57.889	
0.940795	-0.0112799	-0.338787	-0.0127294	0.997566	-0.0685627	0.338736	0.068816	0.938361	9.93526	1.88884	58.7552	
0.938035	-0.0118451	-0.346339	-0.0136535	0.997376	-0.0710906	0.346272	0.0714142	0.935412	10.251	1.95347	59.6188	
0.935213	-0.0124312	-0.353867	-0.0145972	0.99718	-0.0736086	0.353785	0.0740052	0.932395	10.5736	2.02049	60.4796	
0.93233	-0.0130383	-0.361372	-0.0155605	0.996977	-0.0761166	0.361272	0.076589	0.92931	10.9031	2.08989	61.3376	
0.929387	-0.0136662	-0.368853	-0.0165433	0.996768	-0.0786146	0.368735	0.0791654	0.926157	11.2396	2.16167	62.1927	
0.926384	-0.014315	-0.376308	-0.0175456	0.996551	-0.0811024	0.376172	0.0817345	0.922938	11.5829	2.23583	63.0449	
0.92332	-0.0149845	-0.383738	-0.0185672	0.996328	-0.0835801	0.383582	0.0842961	0.919652	11.933	2.31234	63.894	
0.920197	-0.0156747	-0.391142	-0.0196081	0.996098	-0.0860475	0.390965	0.0868502	0.916299	12.29	2.39122	64.7402	
0.917014	-0.0163855	-0.398519	-0.0206683	0.995861	-0.0885045	0.39832	0.0893966	0.91288	12.6537	2.47244	65.5832	
0.913771	-0.0171168	-0.405869	-0.0217478	0.995618	-0.0909512	0.405647	0.0919353	0.909394	13.0242	2.55601	66.423	
0.910469	-0.0178687	-0.413191	-0.0228464	0.995368	-0.0933874	0.412946	0.0944663	0.905843	13.4015	2.64192	67.2595	
0.907108	-0.0186409	-0.420484	-0.0239642	0.995111	-0.0958131	0.420214	0.0969894	0.902227	13.7855	2.73015	68.0928	
0.903689	-0.0194336	-0.427748	-0.025101	0.994847	-0.0982282	0.427453	0.0995046	0.898545	14.1761	2.82071	68.9227	
0.900211	-0.0202464	-0.434982	-0.0262568	0.994577	-0.100633	0.434661	0.102012	0.894798	14.5734	2.91358	69.7492	
0.8914	-0.0223848	-0.452665	-0.031429	0.993322	-0.111012	0.452127	0.113183	0.884743	14.9821	3.01276	70.5694	
0.882243	-0.0247445	-0.470143	-0.0368035	0.991937	-0.121271	0.469353	0.124293	0.874219	15.4068	3.12221	71.38	
0.872747	-0.0273244	-0.487408	-0.0423774	0.990423	-0.131404	0.48633	0.135338	0.86323	15.8473	3.24186	72.1808	
0.862916	-0.030123	-0.504449	-0.048148	0.98878	-0.141407	0.503049	0.146311	0.851783	16.3033	3.37167	72.9712	
0.852755	-0.033139	-0.521259	-0.0541119	0.98701	-0.151274	0.519501	0.157206	0.839884	16.7745	3.51155	73.7508	
0.84227	-0.0363706	-0.537828	-0.0602662	0.985113	-0.160999	0.535677	0.168017	0.827539	17.2608	3.66144	74.5193	
0.831466	-0.0398163	-0.554147	-0.0666075	0.98309	-0.170577	0.551568	0.17874	0.814754	17.7619	3.82126	75.2762	
0.82035	-0.043474	-0.570207	-0.0731325	0.980943	-0.180004	0.567167	0.189367	0.801537	18.2775	3.99091	76.0211	
0.808926	-0.047342	-0.586001	-0.0798376	0.978673	-0.189275	0.582464	0.199894	0.787895	18.8074	4.17031	76.7537	
0.797202	-0.0514182	-0.60152	-0.0867194	0.976281	-0.198383	0.597452	0.210315	0.773833	19.3512	4.35937	77.4734	
0.785182	-0.0557003	-0.616755	-0.0937742	0.973767	-0.207326	0.612123	0.220624	0.759362	19.9086	4.55798	78.1801	
0.772875	-0.0601861	-0.631698	-0.100998	0.971134	-0.216097	0.626469	0.230816	0.744486	20.4795	4.76604	78.8731	
0.760285	-0.0648733	-0.646342	-0.108388	0.968383	-0.224692	0.640483	0.240885	0.729216	21.0634	4.98343	79.5523	
0.747421	-0.0697593	-0.660678	-0.115939	0.965515	-0.233107	0.654156	0.250827	0.713558	21.6601	5.21005	80.2173	
0.734288	-0.0748415	-0.6747	-0.123647	0.962532	-0.241337	0.667482	0.260635	0.697522	22.2692	5.44578	80.8676	
0.720894	-0.0801174	-0.688399	-0.131509	0.959435	-0.249378	0.680454	0.270305	0.681115	22.8904	5.69048	81.503	
0.707246	-0.0855839	-0.701768	-0.13952	0.956227	-0.257225	0.693064	0.279832	0.664347	23.5234	5.94402	82.1231	
0.693351	-0.0912383	-0.714801	-0.147676	0.952908	-0.264875	0.705306	0.28921	0.647226	24.1679	6.20628	82.7276	
0.679216	-0.0970776	-0.72749	-0.155972	0.94948	-0.272323	0.717174	0.298434	0.629761	24.8235	6.47711	83.3161	
0.664849	-0.103099	-0.739829	-0.164405	0.945946	-0.279565	0.728661	0.3075	0.611962	25.4899	6.75638	83.8884	
0.650258	-0.109298	-0.75181	-0.172969	0.942307	-0.286598	0.739761	0.316403	0.593837	26.1666	7.04392	84.4441	
