1	0	0	0	1	0	0	0	1	0	0	0	
0.999999	3.14606e-06	-0.00134029	3.14606e-06	0.999989	0.00469458	0.00134029	-0.00469458	0.999988	0.000582146	-0.00203906	0.868683	
0.999996	1.25701e-05	-0.00267847	1.25809e-05	0.999956	0.00938985	0.00267847	-0.00938985	0.999952	0.00232767	-0.00815656	1.73735	
0.999992	2.82535e-05	-0.00401452	2.82967e-05	0.999901	0.0140857	0.00401452	-0.0140857	0.999893	0.00523473	-0.018353	2.60597	
0.999986	5.01775e-05	-0.00534839	5.02854e-05	0.999824	0.018782	0.00534839	-0.018782	0.999809	0.00930146	-0.0326289	3.47453	
0.999978	7.8323e-05	-0.00668007	7.85389e-05	0.999724	0.0234786	0.00668007	-0.0234786	0.999702	0.014526	-0.0509845	4.343	
0.999968	0.000112671	-0.00800951	0.000113049	0.999603	0.0281754	0.0080095	-0.0281754	0.999571	0.0209063	-0.0734201	5.21138	
0.999956	0.000153202	-0.00933667	0.000153806	0.99946	0.0328724	0.00933666	-0.0328724	0.999416	0.0284405	-0.0999359	6.07962	
0.999943	0.000199896	-0.0106615	0.000200803	0.999294	0.0375693	0.0106615	-0.0375693	0.999237	0.0371266	-0.130532	6.94773	
0.999928	0.000252734	-0.0119841	0.000254029	0.999106	0.042266	0.011984	-0.0422661	0.999035	0.0469626	-0.165208	7.81567	
0.999911	0.000311696	-0.0133042	0.000313477	0.998897	0.0469626	0.0133042	-0.0469626	0.998808	0.0579464	-0.203964	8.68342	
0.999893	0.000376762	-0.014622	0.000379136	0.998665	0.0516587	0.0146219	-0.0516587	0.998558	0.0700759	-0.246799	9.55096	
0.999873	0.000447911	-0.0159373	0.000450997	0.998411	0.0563544	0.0159373	-0.0563544	0.998284	0.0833491	-0.293714	10.4183	
0.999851	0.000525123	-0.0172502	0.000529051	0.998135	0.0610494	0.0172501	-0.0610495	0.997986	0.0977639	-0.344708	11.2853	
0.999828	0.000608378	-0.0185606	0.000613288	0.997836	0.0657438	0.0185604	-0.0657438	0.997664	0.113318	-0.39978	12.1521	
0.999802	0.000697655	-0.0198685	0.000703697	0.997516	0.0704373	0.0198682	-0.0704373	0.997318	0.130009	-0.458929	13.0187	
0.999775	0.000792932	-0.0211738	0.000800269	0.997173	0.0751298	0.0211735	-0.0751299	0.996949	0.147836	-0.522156	13.8849	
0.999747	0.00089419	-0.0224765	0.000902993	0.996809	0.0798213	0.0224761	-0.0798214	0.996556	0.166794	-0.589458	14.7507	
0.999717	0.00100141	-0.0237766	0.00101186	0.996422	0.0845115	0.0237761	-0.0845117	0.996139	0.186884	-0.660835	15.6162	
0.999685	0.00111456	-0.025074	0.00112685	0.996013	0.0892005	0.0250735	-0.0892007	0.995698	0.208101	-0.736286	16.4814	
0.999652	0.00123363	-0.0263688	0.00124797	0.995582	0.093888	0.0263681	-0.0938882	0.995234	0.230445	-0.81581	17.3461	
0.999616	0.00135859	-0.0276608	0.0013752	0.995129	0.098574	0.02766	-0.0985742	0.994745	0.253912	-0.899405	18.2105	
0.99958	0.00148942	-0.0289501	0.00150852	0.994653	0.103258	0.0289491	-0.103259	0.994233	0.278499	-0.98707	19.0744	
0.999541	0.00162611	-0.0302367	0.00164793	0.994156	0.107941	0.0302355	-0.107941	0.993697	0.304206	-1.0788	19.9378	
0.999502	0.00176862	-0.0315204	0.00179341	0.993636	0.112622	0.031519	-0.112622	0.993138	0.331029	-1.1746	20.8008	
0.99946	0.00191693	-0.0328013	0.00194495	0.993095	0.1173	0.0327997	-0.117301	0.992555	0.358965	-1.27447	21.6633	
0.999417	0.00207103	-0.0340794	0.00210255	0.992531	0.121977	0.0340775	-0.121977	0.991948	0.388013	-1.3784	22.5252	
0.999372	0.00223089	-0.0353545	0.00226619	0.991945	0.126651	0.0353523	-0.126651	0.991317	0.418169	-1.48639	23.3866	
0.999326	0.00239649	-0.0366268	0.00243585	0.991337	0.131323	0.0366242	-0.131323	0.990663	0.449432	-1.59844	24.2475	
0.999278	0.0025678	-0.0378961	0.00261152	0.990706	0.135992	0.0378931	-0.135993	0.989985	0.481798	-1.71455	25.1078	
0.999229	0.0027448	-0.0391624	0.0027932	0.990054	0.140659	0.039159	-0.14066	0.989283	0.515265	-1.83471	25.9675	
0.999178	0.00292746	-0.0404257	0.00298086	0.98938	0.145323	0.0404218	-0.145324	0.988558	0.549831	-1.95892	26.8265	
0.999126	0.00311578	-0.041686	0.0031745	0.988683	0.149984	0.0416816	-0.149985	0.987809	0.585492	-2.08719	27.685	
0.999072	0.00330971	-0.0429432	0.0033741	0.987965	0.154643	0.0429382	-0.154644	0.987037	0.622246	-2.2195	28.5427	
0.999017	0.00350924	-0.0441973	0.00357965	0.987224	0.159298	0.0441917	-0.159299	0.986241	0.66009	-2.35586	29.3998	
0.99896	0.00371434	-0.0454484	0.00379114	0.986461	0.16395	0.045442	-0.163952	0.985421	0.699022	-2.49627	30.2562	
0.998901	0.00392499	-0.0466962	0.00400855	0.985677	0.168598	0.0466891	-0.1686	0.984578	0.739039	-2.64071	31.1118	
0.998842	0.00414116	-0.0479409	0.00423186	0.98487	0.173244	0.047933	-0.173246	0.983711	0.780137	-2.78919	31.9667	
0.99878	0.00436284	-0.0491824	0.00446107	0.984041	0.177886	0.0491736	-0.177888	0.982821	0.822315	-2.9417	32.8209	
0.998718	0.00458999	-0.0504207	0.00469616	0.98319	0.182524	0.0504109	-0.182526	0.981908	0.865569	-3.09824	33.6743	
0.998653	0.00482259	-0.0516557	0.00493711	0.982317	0.187158	0.0516449	-0.187161	0.980971	0.909896	-3.25881	34.5268	
0.998588	0.00506062	-0.0528874	0.00518392	0.981423	0.191788	0.0528755	-0.191792	0.98001	0.955294	-3.42341	35.3786	
0.998521	0.00530405	-0.0541159	0.00543656	0.980506	0.196415	0.0541027	-0.196419	0.979026	1.00176	-3.59203	36.2295	
0.998452	0.00555285	-0.0553409	0.00569502	0.979567	0.201037	0.0553265	-0.201041	0.978019	1.04929	-3.76466	37.0795	
0.998382	0.00580701	-0.0565627	0.00595928	0.978606	0.205655	0.0565468	-0.20566	0.976989	1.09788	-3.94131	37.9287	
0.998311	0.00606649	-0.057781	0.00622934	0.977624	0.210269	0.0577637	-0.210274	0.975935	1.14753	-4.12197	38.7769	
0.998238	0.00633128	-0.058996	0.00650517	0.976619	0.214878	0.058977	-0.214884	0.974857	1.19824	-4.30663	39.6242	
0.998164	0.00660134	-0.0602075	0.00678676	0.975593	0.219483	0.0601868	-0.219489	0.973757	1.24999	-4.4953	40.4706	
0.998089	0.00687664	-0.0614155	0.0070741	0.974544	0.224083	0.0613931	-0.224089	0.972633	1.3028	-4.68797	41.316	
0.998012	0.00715717	-0.06262	0.00736716	0.973474	0.228678	0.0625957	-0.228685	0.971486	1.35666	-4.88463	42.1604	
0.997934	0.0074429	-0.0638211	0.00766594	0.972382	0.233269	0.0637947	-0.233276	0.970316	1.41155	-5.08528	43.0038	
0.997854	0.0077338	-0.0650185	0.00797041	0.971268	0.237854	0.06499	-0.237862	0.969122	1.46749	-5.28991	43.8462	
0.997773	0.00802985	-0.0662125	0.00828056	0.970133	0.242434	0.0661816	-0.242442	0.967906	1.52446	-5.49853	44.6875	
0.997691	0.00833101	-0.0674028	0.00859638	0.968975	0.247009	0.0673695	-0.247018	0.966666	1.58247	-5.71112	45.5278	
0.997608	0.00863727	-0.0685895	0.00891784	0.967796	0.251578	0.0685536	-0.251588	0.965404	1.64151	-5.92769	46.367	
0.997523	0.00894859	-0.0697726	0.00924493	0.966595	0.256142	0.069734	-0.256152	0.964118	1.70157	-6.14822	47.2051	
0.997437	0.00926495	-0.0709521	0.00957763	0.965372	0.2607	0.0709105	-0.260711	0.962809	1.76266	-6.37272	48.042	
0.997349	0.00958633	-0.0721278	0.00991593	0.964128	0.265253	0.0720833	-0.265265	0.961477	1.82477	-6.60117	48.8778	
0.997261	0.00991269	-0.0732999	0.0102598	0.962862	0.269799	0.0732521	-0.269812	0.960123	1.88789	-6.83358	49.7124	
0.997342	0.00960786	-0.0722205	0.010446	0.962168	0.272258	0.072104	-0.272289	0.95951	1.95103	-7.06904	50.5462	
0.997423	0.0092987	-0.0711363	0.0106295	0.961466	0.274719	0.0709496	-0.274768	0.958889	2.01316	-7.30665	51.3795	
0.997503	0.00898522	-0.0700476	0.0108104	0.960756	0.277183	0.0697892	-0.277249	0.95826	2.07429	-7.54642	52.2122	
0.997582	0.00866746	-0.0689546	0.0109886	0.960039	0.27965	0.0686229	-0.279731	0.957623	2.13441	-7.78834	53.0443	
0.99766	0.00834547	-0.0678575	0.011164	0.959315	0.282118	0.0674511	-0.282215	0.956977	2.19351	-8.03241	53.8759	
0.997737	0.00801928	-0.0667566	0.0113367	0.958583	0.284588	0.066274	-0.284701	0.956323	2.2516	-8.27865	54.707	
0.997813	0.00768893	-0.0656522	0.0115065	0.957844	0.28706	0.0650917	-0.287187	0.95566	2.30865	-8.52705	55.5374	
0.997888	0.00735446	-0.0645444	0.0116735	0.957097	0.289533	0.0639046	-0.289675	0.954989	2.36468	-8.7776	56.3673	
0.997961	0.00701591	-0.0634334	0.0118375	0.956343	0.292007	0.0627128	-0.292163	0.95431	2.41968	-9.03032	57.1966	
0.998034	0.00667334	-0.0623196	0.0119987	0.955581	0.294483	0.0615167	-0.294652	0.953623	2.47364	-9.2852	58.0253	
0.998105	0.00632679	-0.0612032	0.012157	0.954813	0.296959	0.0603164	-0.29714	0.952927	2.52655	-9.54224	58.8534	
0.998175	0.00597632	-0.0600843	0.0123122	0.954037	0.299436	0.0591122	-0.299629	0.952223	2.57843	-9.80144	59.6809	
0.998244	0.00562196	-0.0589632	0.0124645	0.953254	0.301913	0.0579043	-0.302118	0.95151	2.62925	-10.0628	60.5077	
0.998312	0.00526379	-0.0578402	0.0126137	0.952464	0.30439	0.056693	-0.304606	0.95079	2.67903	-10.3263	61.334	
0.998378	0.00490184	-0.0567155	0.0127599	0.951667	0.306867	0.0554784	-0.307093	0.950061	2.72775	-10.592	62.1596	
0.998443	0.00453619	-0.0555892	0.012903	0.950863	0.309344	0.054261	-0.30958	0.949324	2.77541	-10.8599	62.9846	
0.998507	0.00416688	-0.0544617	0.013043	0.950051	0.311821	0.0530408	-0.312065	0.948579	2.82202	-11.1299	63.8089	
0.99857	0.00379399	-0.0533332	0.0131799	0.949233	0.314296	0.0518181	-0.31455	0.947826	2.86756	-11.402	64.6326	
0.998631	0.00341757	-0.0522039	0.0133136	0.948409	0.316771	0.0505932	-0.317032	0.947064	2.91205	-11.6764	65.4557	
0.99869	0.0030377	-0.051074	0.0134442	0.947577	0.319245	0.0493663	-0.319513	0.946295	2.95546	-11.9528	66.278	
0.998749	0.00265443	-0.0499437	0.0135717	0.946739	0.321717	0.0481376	-0.321992	0.945518	2.99781	-12.2315	67.0997	
0.998805	0.00226784	-0.0488133	0.0136959	0.945894	0.324187	0.0469074	-0.324469	0.944733	3.03909	-12.5123	67.9208	
0.998861	0.001878	-0.047683	0.0138169	0.945042	0.326656	0.0456759	-0.326943	0.94394	3.07931	-12.7952	68.7411	
0.998915	0.00148499	-0.0465531	0.0139347	0.944184	0.329123	0.0444434	-0.329415	0.943139	3.11845	-13.0803	69.5607	
0.999506	-0.00374507	-0.0312183	0.0134082	0.948845	0.315457	0.0284399	-0.31572	0.948426	3.15011	-13.3605	70.3823	
0.999837	-0.00875188	-0.0158014	0.0131129	0.953307	0.301718	0.012423	-0.301876	0.953266	3.16786	-13.6288	71.2084	
0.999908	-0.0135331	-0.000309703	0.0130492	0.957568	0.287912	-0.00359978	-0.28789	0.957657	3.17169	-13.8849	72.0384	
0.99972	-0.0180864	0.0152495	0.013217	0.961626	0.274046	-0.0196209	-0.273768	0.961596	3.1616	-14.1289	72.872	
0.999272	-0.0224097	0.030869	0.0136161	0.965478	0.260127	-0.0356327	-0.259517	0.965081	3.1376	-14.3605	73.7089	
0.998565	-0.0265009	0.0465412	0.0142466	0.969124	0.24616	-0.0516277	-0.245144	0.968111	3.0997	-14.5797	74.5486	
0.997598	-0.0303582	0.0622589	0.0151079	0.972562	0.232153	-0.0675984	-0.230655	0.970685	3.04791	-14.7864	75.3908	
0.996373	-0.0339797	0.0780146	0.0161998	0.975789	0.218112	-0.0835371	-0.216057	0.972801	2.98227	-14.9804	76.2349	
0.99489	-0.0373636	0.0938008	0.0175218	0.978805	0.204044	-0.0994365	-0.201357	0.974458	2.90279	-15.1618	77.0807	
0.993149	-0.0405085	0.10961	0.0190731	0.981608	0.189955	-0.115289	-0.186563	0.975655	2.80952	-15.3303	77.9278	
0.991152	-0.0434127	0.125435	0.0208531	0.984196	0.175852	-0.131087	-0.17168	0.976392	2.70251	-15.4859	78.7757	
0.988899	-0.046075	0.141269	0.0228609	0.986568	0.161742	-0.146823	-0.156716	0.976669	2.58179	-15.6285	79.624	
0.986391	-0.0484941	0.157103	0.0250956	0.988724	0.147631	-0.162491	-0.141679	0.976485	2.44744	-15.7581	80.4724	
0.98363	-0.0506688	0.17293	0.0275561	0.990662	0.133526	-0.178081	-0.126575	0.975841	2.29951	-15.8746	81.3204	
0.980617	-0.0525981	0.188743	0.0302413	0.992382	0.119433	-0.193587	-0.111411	0.974737	2.13807	-15.978	82.1677	
0.977353	-0.0542811	0.204535	0.0331499	0.993881	0.10536	-0.209003	-0.0961941	0.973172	1.9632	-16.0682	83.0138	
0.97384	-0.0557171	0.220297	0.0362805	0.995161	0.0913134	-0.224319	-0.0809321	0.971149	1.77498	-16.1451	83.8583	
