1	0	0	0	1	0	0	0	1	0	0	0	
0.999997	5.49401e-07	0.00235585	5.49401e-07	1	-0.000466413	-0.00235585	0.000466413	0.999997	-0.00114818	0.000227317	0.974747	
0.999989	2.20366e-06	0.00471822	2.20361e-06	1	-0.000934092	-0.00471822	0.000934092	0.999988	-0.0045959	0.000909887	1.94949	
0.999975	4.97174e-06	0.00708698	4.97153e-06	0.999999	-0.00140302	-0.00708698	0.00140302	0.999974	-0.0103494	0.00204893	2.92422	
0.999955	8.86244e-06	0.00946204	8.8619e-06	0.999998	-0.00187316	-0.00946204	0.00187316	0.999953	-0.018415	0.00364566	3.89893	
0.99993	1.38844e-05	0.0118433	1.38833e-05	0.999997	-0.00234451	-0.0118433	0.00234451	0.999927	-0.0287987	0.00570124	4.87362	
0.999899	2.00461e-05	0.0142306	2.00442e-05	0.999996	-0.00281704	-0.0142306	0.00281704	0.999895	-0.0415064	0.00821684	5.84828	
0.999862	2.73558e-05	0.0166239	2.73528e-05	0.999995	-0.00329072	-0.0166239	0.00329072	0.999856	-0.0565441	0.0111936	6.82291	
0.999819	3.58217e-05	0.019023	3.58172e-05	0.999993	-0.00376555	-0.019023	0.00376555	0.999812	-0.0739175	0.0146327	7.79749	
0.99977	4.54518e-05	0.0214279	4.54453e-05	0.999991	-0.00424148	-0.0214279	0.00424148	0.999761	-0.0936322	0.0185351	8.77203	
0.999716	5.62539e-05	0.0238385	5.62449e-05	0.999989	-0.00471851	-0.0238385	0.00471851	0.999705	-0.115694	0.0229019	9.74652	
0.999655	6.82357e-05	0.0262545	6.82236e-05	0.999986	-0.00519662	-0.0262545	0.00519662	0.999642	-0.140108	0.0277343	10.721	
0.999589	8.14045e-05	0.028676	8.13888e-05	0.999984	-0.00567577	-0.028676	0.00567577	0.999573	-0.16688	0.0330332	11.6953	
0.999516	9.57678e-05	0.0311028	9.57477e-05	0.999981	-0.00615595	-0.0311028	0.00615595	0.999497	-0.196014	0.0387997	12.6696	
0.999438	0.000111333	0.0335348	0.000111307	0.999978	-0.00663713	-0.0335348	0.00663713	0.999416	-0.227517	0.0450347	13.6438	
0.999353	0.000128106	0.0359719	0.000128075	0.999975	-0.0071193	-0.0359719	0.0071193	0.999327	-0.261393	0.0517392	14.618	
0.999262	0.000146095	0.038414	0.000146057	0.999971	-0.00760243	-0.038414	0.00760243	0.999233	-0.297647	0.0589142	15.592	
0.999165	0.000165305	0.0408609	0.00016526	0.999967	-0.0080865	-0.0408609	0.00808649	0.999132	-0.336283	0.0665606	16.566	
0.999062	0.000185744	0.0433126	0.00018569	0.999963	-0.00857148	-0.0433126	0.00857148	0.999025	-0.377307	0.0746793	17.5398	
0.998952	0.000207418	0.045769	0.000207354	0.999959	-0.00905736	-0.045769	0.00905736	0.998911	-0.420723	0.0832711	18.5136	
0.998836	0.000230332	0.0482299	0.000230258	0.999954	-0.00954412	-0.0482299	0.00954412	0.998791	-0.466536	0.092337	19.4872	
0.998714	0.000254493	0.0506952	0.000254407	0.99995	-0.0100317	-0.0506952	0.0100317	0.998664	-0.514749	0.101878	20.4607	
0.998586	0.000279906	0.0531648	0.000279807	0.999945	-0.0105202	-0.0531648	0.0105202	0.99853	-0.565368	0.111894	21.4341	
0.998451	0.000306578	0.0556386	0.000306464	0.999939	-0.0110094	-0.0556386	0.0110094	0.99839	-0.618396	0.122387	22.4073	
0.99831	0.000334512	0.0581165	0.000334382	0.999934	-0.0114994	-0.0581165	0.0114994	0.998244	-0.673837	0.133357	23.3804	
0.998162	0.000363715	0.0605984	0.000363568	0.999928	-0.0119902	-0.0605984	0.0119902	0.99809	-0.731696	0.144806	24.3534	
0.998008	0.000394191	0.0630841	0.000394025	0.999922	-0.0124818	-0.0630841	0.0124817	0.99793	-0.791975	0.156733	25.3262	
0.997848	0.000425946	0.0655736	0.000425759	0.999916	-0.012974	-0.0655736	0.012974	0.997763	-0.85468	0.169139	26.2988	
0.997681	0.000458983	0.0680668	0.000458775	0.999909	-0.013467	-0.0680668	0.0134669	0.99759	-0.919813	0.182026	27.2713	
0.997507	0.000493308	0.0705635	0.000493076	0.999902	-0.0139606	-0.0705635	0.0139606	0.99741	-0.987378	0.195393	28.2436	
0.997327	0.000528924	0.0730636	0.000528667	0.999895	-0.0144548	-0.0730636	0.0144548	0.997223	-1.05738	0.209242	29.2158	
0.997141	0.000565836	0.075567	0.000565551	0.999888	-0.0149497	-0.075567	0.0149497	0.997029	-1.12982	0.223573	30.1877	
0.996947	0.000604047	0.0780736	0.000603734	0.999881	-0.0154452	-0.0780736	0.0154452	0.996828	-1.2047	0.238387	31.1595	
0.996748	0.000643561	0.0805832	0.000643217	0.999873	-0.0159413	-0.0805832	0.0159413	0.99662	-1.28202	0.253684	32.131	
0.996541	0.000684382	0.0830959	0.000684005	0.999865	-0.016438	-0.0830959	0.016438	0.996406	-1.36179	0.269465	33.1024	
0.996328	0.000726513	0.0856114	0.000726102	0.999856	-0.0169352	-0.0856114	0.0169352	0.996185	-1.44402	0.28573	34.0735	
0.996109	0.000769958	0.0881296	0.000769509	0.999848	-0.0174329	-0.0881296	0.0174329	0.995956	-1.5287	0.30248	35.0444	
0.995882	0.000814718	0.0906505	0.00081423	0.999839	-0.0179311	-0.0906505	0.0179311	0.995721	-1.61583	0.319715	36.0151	
0.995649	0.000860797	0.0931738	0.000860267	0.99983	-0.0184298	-0.0931739	0.0184298	0.995479	-1.70542	0.337437	36.9856	
0.99541	0.000908197	0.0956996	0.000907623	0.99982	-0.0189289	-0.0956996	0.0189289	0.99523	-1.79747	0.355644	37.9558	
0.995164	0.000956921	0.0982277	0.000956301	0.999811	-0.0194285	-0.0982277	0.0194285	0.994974	-1.89199	0.374339	38.9258	
0.99491	0.00100697	0.100758	0.0010063	0.999801	-0.0199284	-0.100758	0.0199284	0.994711	-1.98897	0.39352	39.8955	
0.994651	0.00105835	0.10329	0.00105763	0.999791	-0.0204288	-0.10329	0.0204288	0.994441	-2.08841	0.413189	40.865	
0.994384	0.00111105	0.105825	0.00111028	0.99978	-0.0209295	-0.105825	0.0209295	0.994165	-2.19033	0.433346	41.8341	
0.994111	0.00116509	0.108361	0.00116426	0.99977	-0.0214306	-0.108361	0.0214305	0.993881	-2.29472	0.453991	42.8031	
0.993831	0.00122046	0.110899	0.00121957	0.999759	-0.0219319	-0.110899	0.0219319	0.99359	-2.40158	0.475125	43.7717	
0.993544	0.00127717	0.113438	0.00127622	0.999748	-0.0224336	-0.113438	0.0224335	0.993292	-2.51092	0.496748	44.7401	
0.993251	0.00133521	0.115979	0.00133419	0.999736	-0.0229355	-0.115979	0.0229355	0.992987	-2.62273	0.518859	45.7081	
0.992951	0.00139458	0.118521	0.0013935	0.999724	-0.0234377	-0.118521	0.0234377	0.992675	-2.73702	0.54146	46.6759	
0.992644	0.00145529	0.121065	0.00145414	0.999712	-0.0239401	-0.121065	0.0239401	0.992356	-2.85379	0.564551	47.6433	
0.99233	0.00151734	0.12361	0.00151611	0.9997	-0.0244428	-0.12361	0.0244427	0.99203	-2.97303	0.588132	48.6105	
0.992009	0.00158072	0.126156	0.00157942	0.999688	-0.0249456	-0.126156	0.0249455	0.991697	-3.09476	0.612202	49.5773	
0.991682	0.00164544	0.128702	0.00164406	0.999675	-0.0254485	-0.128702	0.0254484	0.991357	-3.21898	0.636763	50.5438	
0.991348	0.0017115	0.13125	0.00171003	0.999662	-0.0259516	-0.13125	0.0259515	0.99101	-3.34567	0.661814	51.5099	
0.991007	0.00177889	0.133798	0.00177734	0.999648	-0.0264548	-0.133798	0.0264547	0.990655	-3.47485	0.687355	52.4757	
0.990659	0.00184762	0.136347	0.00184597	0.999635	-0.0269582	-0.136347	0.026958	0.990294	-3.60651	0.713387	53.4412	
0.990305	0.00191768	0.138897	0.00191594	0.999621	-0.0274615	-0.138897	0.0274614	0.989926	-3.74066	0.73991	54.4063	
0.989944	0.00198908	0.141447	0.00198724	0.999607	-0.027965	-0.141447	0.0279649	0.989551	-3.87729	0.766923	55.3711	
0.989576	0.0020618	0.143997	0.00205987	0.999593	-0.0284685	-0.143997	0.0284683	0.989169	-4.01641	0.794427	56.3354	
0.989201	0.00213586	0.146547	0.00213383	0.999578	-0.0289719	-0.146547	0.0289718	0.988779	-4.15801	0.822422	57.2994	
0.98882	0.00221125	0.149097	0.00220911	0.999563	-0.0294754	-0.149097	0.0294752	0.988383	-4.3021	0.850908	58.2631	
0.988432	0.00228797	0.151647	0.00228571	0.999548	-0.0299788	-0.151647	0.0299786	0.98798	-4.44867	0.879884	59.2263	
0.988037	0.00236601	0.154197	0.00236364	0.999533	-0.0304822	-0.154198	0.030482	0.98757	-4.59773	0.909351	60.1891	
0.987636	0.00244538	0.156747	0.00244289	0.999517	-0.0309854	-0.156747	0.0309852	0.987153	-4.74928	0.939308	61.1515	
0.9874	0.00248965	0.158227	0.00198523	0.999603	-0.0281171	-0.158234	0.0280769	0.987002	-4.90279	0.968094	62.1137	
0.987161	0.00252964	0.15971	0.00152318	0.99968	-0.0252487	-0.159722	0.0251678	0.986841	-5.05776	0.994044	63.0757	
0.986919	0.00256532	0.161194	0.00105675	0.999749	-0.0223805	-0.161211	0.0222581	0.986669	-5.21417	1.01716	64.0375	
0.986675	0.00259666	0.16268	0.000585954	0.999809	-0.0195126	-0.1627	0.0193479	0.986486	-5.37204	1.03744	64.9992	
0.986429	0.00262365	0.164168	0.000110806	0.999861	-0.016645	-0.164189	0.0164373	0.986292	-5.53136	1.05488	65.9607	
0.98618	0.00264627	0.165657	-0.000368676	0.999905	-0.0137781	-0.165678	0.0135266	0.986087	-5.69213	1.06948	66.922	
0.985928	0.00266451	0.167147	-0.000852472	0.99994	-0.0109118	-0.167166	0.0106157	0.985872	-5.85435	1.08125	67.8831	
0.985674	0.00267836	0.168638	-0.00134056	0.999967	-0.00804632	-0.168654	0.00770498	0.985645	-6.01802	1.09018	68.8439	
0.985418	0.00268782	0.170129	-0.00183293	0.999985	-0.00518181	-0.17014	0.00479442	0.985408	-6.18313	1.09627	69.8046	
0.98516	0.00269287	0.17162	-0.00232954	0.999995	-0.0023184	-0.171625	0.0018842	0.98516	-6.3497	1.09952	70.765	
0.986387	0.00276398	0.164416	-0.00623457	0.999768	0.0205963	-0.164321	-0.021341	0.986176	-6.51344	1.09004	71.7258	
0.987561	0.0030048	0.157206	-0.00996864	0.999002	0.0435279	-0.156918	-0.0445536	0.986606	-6.67001	1.05792	72.6873	
0.988681	0.00341519	0.149995	-0.0135295	0.997697	0.0664627	-0.149423	-0.0677397	0.98645	-6.81932	1.00319	73.649	
0.989745	0.00399491	0.142788	-0.0169151	0.995853	0.089387	-0.141838	-0.0908856	0.985709	-6.96128	0.925877	74.6102	
0.990754	0.0047436	0.135588	-0.0201235	0.993472	0.112287	-0.13417	-0.113978	0.984382	-7.09581	0.826027	75.5704	
0.991706	0.00566084	0.128399	-0.0231526	0.990555	0.13515	-0.126422	-0.137002	0.98247	-7.22282	0.7037	76.5291	
0.992602	0.00674607	0.121227	-0.0260007	0.987103	0.157961	-0.118598	-0.159945	0.979976	-7.34224	0.558969	77.4856	
0.99344	0.00799864	0.114076	-0.0286661	0.983119	0.180708	-0.110705	-0.182793	0.976899	-7.454	0.39192	78.4393	
0.99422	0.00941782	0.106949	-0.0311472	0.978605	0.203376	-0.102745	-0.205532	0.973242	-7.55804	0.202651	79.3898	
0.994942	0.0110028	0.0998506	-0.0334426	0.973564	0.225953	-0.0947249	-0.228149	0.969007	-7.65429	-0.00872384	80.3365	
0.995604	0.0127525	0.0927855	-0.0355509	0.967999	0.248424	-0.0866482	-0.250631	0.964197	-7.74269	-0.24208	81.2787	
0.996208	0.0146661	0.0857576	-0.0374708	0.961912	0.270777	-0.0785201	-0.272964	0.958814	-7.82319	-0.49728	82.216	
0.996752	0.0167423	0.0787711	-0.0392012	0.955309	0.292999	-0.0703453	-0.295135	0.952862	-7.89575	-0.77417	83.1477	
0.997236	0.0189799	0.0718302	-0.0407411	0.948192	0.315075	-0.0621288	-0.317131	0.946345	-7.96031	-1.07259	84.0734	
0.99766	0.0213775	0.064939	-0.0420895	0.940566	0.336993	-0.0538754	-0.338938	0.939265	-8.01685	-1.39235	84.9924	
0.998024	0.0239339	0.0581016	-0.0432457	0.932435	0.358741	-0.0455899	-0.360544	0.931627	-8.06533	-1.73328	85.9043	
0.998327	0.0266474	0.0513221	-0.0442089	0.923804	0.380304	-0.0372775	-0.381936	0.923437	-8.10572	-2.09516	86.8085	
0.998569	0.0295164	0.0446044	-0.0449787	0.914679	0.40167	-0.0289428	-0.403101	0.914698	-8.138	-2.47779	87.7044	
0.99875	0.0325392	0.0379526	-0.0455544	0.905065	0.422827	-0.020591	-0.424027	0.905415	-8.16214	-2.88093	88.5915	
0.99887	0.0357141	0.0313705	-0.0459359	0.894967	0.443762	-0.012227	-0.444701	0.895595	-8.17814	-3.30435	89.4693	
0.998928	0.0390391	0.0248622	-0.0461229	0.884391	0.464462	-0.00385572	-0.465111	0.885244	-8.18598	-3.74779	90.3373	
0.998926	0.0425123	0.0184315	-0.0461152	0.873344	0.484916	0.00451786	-0.485245	0.874366	-8.18565	-4.21099	91.1949	
0.998862	0.0461317	0.0120822	-0.0459128	0.861832	0.505111	0.0128888	-0.505091	0.86297	-8.17717	-4.69368	92.0417	
0.998738	0.0498949	0.00581806	-0.045516	0.849863	0.525035	0.021252	-0.524637	0.851061	-8.16053	-5.19556	92.8771	
0.998552	0.0537999	-0.000357188	-0.0449249	0.837443	0.544676	0.0296026	-0.543871	0.838647	-8.13574	-5.71635	93.7007	
0.998305	0.0578443	-0.00643988	-0.0441398	0.824579	0.564022	0.0379357	-0.562782	0.825734	-8.10282	-6.25573	94.5119	
