1	0	0	0	1	0	0	0	1	0	0	0	
0.999993	-7.44536e-06	-0.00372356	-7.44536e-06	0.999992	-0.00399903	0.00372356	0.00399903	0.999985	0.00192008	0.00206213	1.03131	
0.999972	-2.97959e-05	-0.00744913	-2.97911e-05	0.999968	-0.00799894	0.00744913	0.00799894	0.99994	0.00768137	0.00824898	2.06259	
0.999938	-6.70713e-05	-0.0111766	-6.70523e-05	0.999928	-0.0119996	0.0111766	0.0119996	0.999866	0.0172859	0.0185614	3.0938	
0.999889	-0.000119291	-0.0149058	-0.000119243	0.999872	-0.0160009	0.0149058	0.0160009	0.999761	0.0307354	0.033	4.12492	
0.999826	-0.000186472	-0.0186366	-0.000186377	0.9998	-0.0200025	0.0186366	0.0200025	0.999626	0.0480318	0.0515655	5.15592	
0.99975	-0.000268631	-0.0223688	-0.000268465	0.999712	-0.0240045	0.0223688	0.0240045	0.999462	0.0691765	0.074258	6.18677	
0.999659	-0.000365786	-0.0261023	-0.00036552	0.999608	-0.0280066	0.0261023	0.0280066	0.999267	0.0941711	0.101078	7.21743	
0.999555	-0.000477951	-0.0298371	-0.000477552	0.999487	-0.0320087	0.0298371	0.0320087	0.999042	0.123017	0.132025	8.24787	
0.999436	-0.000605141	-0.0335728	-0.000604571	0.999351	-0.0360106	0.0335728	0.0360106	0.998787	0.155714	0.1671	9.27807	
0.999303	-0.000747369	-0.0373095	-0.000746584	0.999199	-0.0400122	0.0373095	0.0400122	0.998502	0.192265	0.206302	10.308	
0.999157	-0.000904647	-0.0410469	-0.000903601	0.999031	-0.0440134	0.0410469	0.0440133	0.998187	0.232671	0.24963	11.3376	
0.998996	-0.00107699	-0.0447849	-0.00107563	0.998846	-0.0480139	0.0447849	0.0480138	0.997842	0.27693	0.297085	12.3669	
0.998821	-0.0012644	-0.0485233	-0.00126267	0.998646	-0.0520136	0.0485234	0.0520136	0.997467	0.325046	0.348665	13.3958	
0.998632	-0.0014669	-0.0522621	-0.00146474	0.998429	-0.0560124	0.0522622	0.0560124	0.997061	0.377016	0.404369	14.4243	
0.998429	-0.00168449	-0.0560011	-0.00168182	0.998196	-0.0600101	0.0560012	0.0600101	0.996626	0.432843	0.464197	15.4523	
0.998212	-0.00191718	-0.0597401	-0.00191394	0.997948	-0.0640067	0.0597402	0.0640066	0.99616	0.492526	0.528147	16.4799	
0.997981	-0.00216498	-0.0634791	-0.00216109	0.997683	-0.0680018	0.0634792	0.0680017	0.995664	0.556065	0.596218	17.507	
0.997735	-0.00242789	-0.0672178	-0.00242328	0.997402	-0.0719954	0.0672179	0.0719953	0.995137	0.62346	0.668409	18.5336	
0.997476	-0.00270592	-0.0709561	-0.00270049	0.997105	-0.0759874	0.0709563	0.0759872	0.994581	0.694711	0.744717	19.5596	
0.997202	-0.00299908	-0.0746939	-0.00299274	0.996792	-0.0799775	0.0746941	0.0799772	0.993994	0.769817	0.825141	20.585	
0.996914	-0.00330736	-0.078431	-0.00330003	0.996463	-0.0839656	0.0784313	0.0839653	0.993377	0.848777	0.90968	21.6098	
0.996612	-0.00363078	-0.0821673	-0.00362234	0.996118	-0.0879516	0.0821677	0.0879513	0.99273	0.931591	0.99833	22.634	
0.996296	-0.00396933	-0.0859027	-0.00395968	0.995757	-0.0919354	0.0859032	0.091935	0.992053	1.01826	1.09109	23.6574	
0.995965	-0.00432301	-0.0896371	-0.00431205	0.99538	-0.0959167	0.0896376	0.0959162	0.991345	1.10878	1.18796	24.6802	
0.99562	-0.00469183	-0.0933701	-0.00467944	0.994987	-0.0998955	0.0933708	0.0998949	0.990607	1.20315	1.28893	25.7022	
0.995262	-0.00507578	-0.0971019	-0.00506184	0.994578	-0.103872	0.0971026	0.103871	0.989839	1.30137	1.394	26.7234	
0.994888	-0.00547487	-0.100832	-0.00545926	0.994153	-0.107845	0.100833	0.107844	0.989041	1.40343	1.50317	27.7439	
0.994501	-0.00588909	-0.104561	-0.00587167	0.993712	-0.111815	0.104562	0.111814	0.988213	1.50935	1.61644	28.7635	
0.9941	-0.00631843	-0.108287	-0.00629908	0.993255	-0.115782	0.108289	0.115781	0.987354	1.6191	1.7338	29.7822	
0.993684	-0.0067629	-0.112012	-0.00674148	0.992782	-0.119746	0.112014	0.119744	0.986466	1.7327	1.85525	30.8	
0.993254	-0.00722249	-0.115735	-0.00719885	0.992293	-0.123706	0.115737	0.123704	0.985547	1.85015	1.98079	31.8169	
0.99281	-0.00769719	-0.119456	-0.0076712	0.991788	-0.127662	0.119457	0.127661	0.984598	1.97143	2.11041	32.8328	
0.992351	-0.008187	-0.123174	-0.00815849	0.991267	-0.131615	0.123176	0.131614	0.983619	2.09654	2.24411	33.8477	
0.991879	-0.00869191	-0.12689	-0.00866073	0.990731	-0.135564	0.126892	0.135562	0.982609	2.22549	2.38188	34.8616	
0.991392	-0.00921192	-0.130603	-0.0091779	0.990178	-0.139509	0.130605	0.139507	0.98157	2.35827	2.52372	35.8745	
0.990891	-0.009747	-0.134313	-0.00970999	0.98961	-0.14345	0.134316	0.143448	0.980501	2.49488	2.66963	36.8862	
0.990376	-0.0102972	-0.138021	-0.010257	0.989026	-0.147387	0.138024	0.147384	0.979402	2.63531	2.8196	37.8969	
0.989846	-0.0108624	-0.141725	-0.0108189	0.988426	-0.151318	0.141729	0.151315	0.978272	2.77957	2.97362	38.9063	
0.989303	-0.0114427	-0.145427	-0.0113956	0.98781	-0.155246	0.14543	0.155242	0.977113	2.92765	3.1317	39.9147	
0.988745	-0.012038	-0.149125	-0.0119872	0.987179	-0.159168	0.149129	0.159165	0.975924	3.07954	3.29383	40.9218	
0.988173	-0.0126483	-0.152819	-0.0125937	0.986531	-0.163086	0.152824	0.163082	0.974705	3.23524	3.46	41.9276	
0.987587	-0.0132737	-0.15651	-0.0132149	0.985869	-0.166999	0.156515	0.166994	0.973456	3.39476	3.6302	42.9322	
0.986987	-0.013914	-0.160197	-0.013851	0.98519	-0.170906	0.160203	0.170901	0.972177	3.55807	3.80444	43.9355	
0.986373	-0.0145693	-0.163881	-0.0145018	0.984496	-0.174808	0.163887	0.174802	0.970868	3.72519	3.98271	44.9374	
0.985744	-0.0152396	-0.16756	-0.0151674	0.983786	-0.178705	0.167566	0.178699	0.96953	3.89611	4.16499	45.938	
0.985101	-0.0159249	-0.171235	-0.0158478	0.98306	-0.182596	0.171242	0.182589	0.968162	4.07082	4.35129	46.9372	
0.984445	-0.016625	-0.174906	-0.0165428	0.982319	-0.186481	0.174914	0.186473	0.966764	4.24932	4.5416	47.935	
0.983774	-0.0173401	-0.178572	-0.0172526	0.981563	-0.19036	0.178581	0.190352	0.965337	4.4316	4.73591	48.9313	
0.983089	-0.0180701	-0.182234	-0.017977	0.980791	-0.194233	0.182244	0.194225	0.96388	4.61766	4.93422	49.9261	
0.98239	-0.018815	-0.185892	-0.018716	0.980003	-0.1981	0.185902	0.198091	0.962393	4.8075	5.13652	50.9194	
0.981677	-0.0195747	-0.189544	-0.0194697	0.9792	-0.201961	0.189555	0.201951	0.960877	5.00111	5.34281	51.9111	
0.98095	-0.0203492	-0.193191	-0.020238	0.978382	-0.205815	0.193203	0.205804	0.959332	5.19848	5.55307	52.9013	
0.980209	-0.0211385	-0.196834	-0.0210208	0.977548	-0.209663	0.196846	0.209651	0.957757	5.39961	5.7673	53.8899	
0.979454	-0.0219426	-0.200471	-0.0218182	0.976699	-0.213504	0.200484	0.213491	0.956153	5.6045	5.9855	54.8768	
0.978685	-0.0227615	-0.204102	-0.02263	0.975834	-0.217338	0.204117	0.217324	0.954519	5.81313	6.20765	55.862	
0.977902	-0.0235951	-0.207729	-0.0234564	0.974954	-0.221164	0.207744	0.22115	0.952856	6.02551	6.43376	56.8456	
0.977105	-0.0244434	-0.211349	-0.0242972	0.974059	-0.224984	0.211366	0.224968	0.951164	6.24163	6.6638	57.8274	
0.976294	-0.0253064	-0.214964	-0.0251524	0.973149	-0.228797	0.214982	0.22878	0.949443	6.46148	6.89778	58.8075	
0.975469	-0.026184	-0.218573	-0.026022	0.972224	-0.232602	0.218592	0.232583	0.947693	6.68505	7.13568	59.7857	
0.974631	-0.0270763	-0.222176	-0.0269059	0.971283	-0.236399	0.222196	0.23638	0.945914	6.91235	7.37751	60.7622	
0.973778	-0.0279831	-0.225772	-0.0278042	0.970328	-0.240189	0.225794	0.240168	0.944106	7.14336	7.62324	61.7368	
0.972912	-0.0289046	-0.229363	-0.0287168	0.969357	-0.243971	0.229386	0.243948	0.942269	7.37808	7.87288	62.7095	
0.972032	-0.0298405	-0.232947	-0.0296436	0.968372	-0.247744	0.232972	0.247721	0.940403	7.6165	8.12642	63.6803	
0.971138	-0.030791	-0.236524	-0.0305846	0.967371	-0.25151	0.236551	0.251485	0.938509	7.85861	8.38384	64.6492	
0.97023	-0.0317559	-0.240094	-0.0315398	0.966356	-0.255268	0.240123	0.255241	0.936586	8.10441	8.64513	65.6161	
0.968378	-0.0337092	-0.247198	-0.0325591	0.965281	-0.259178	0.247352	0.259031	0.933659	8.35578	8.91032	66.5805	
0.966472	-0.0356914	-0.25428	-0.0336087	0.964189	-0.263077	0.254563	0.262802	0.930662	8.6146	9.17941	67.5419	
0.964511	-0.0377021	-0.261338	-0.0346884	0.963082	-0.266963	0.261755	0.266554	0.927595	8.88084	9.45238	68.5001	
0.962495	-0.0397413	-0.268373	-0.035798	0.96196	-0.270835	0.268928	0.270285	0.924459	9.1545	9.7292	69.4551	
0.955251	-0.0467034	-0.292087	-0.036135	0.961636	-0.271939	0.293582	0.270324	0.916916	9.44457	10.008	70.4047	
0.947374	-0.0536642	-0.315598	-0.0365015	0.961312	-0.273032	0.318041	0.270184	0.908763	9.75998	10.2867	71.3462	
0.93887	-0.060619	-0.338892	-0.0368971	0.960989	-0.274116	0.342288	0.269864	0.900007	10.1005	10.5652	72.2789	
0.929745	-0.0675633	-0.361953	-0.0373217	0.960665	-0.275189	0.366308	0.269364	0.890652	10.4659	10.8433	73.2024	
0.920004	-0.0744924	-0.384764	-0.0377748	0.960343	-0.27625	0.390084	0.268686	0.880705	10.856	11.1208	74.1158	
0.909654	-0.0814017	-0.407313	-0.0382564	0.960022	-0.277299	0.413602	0.267829	0.870173	11.2704	11.3974	75.0187	
0.898702	-0.0882867	-0.429582	-0.0387659	0.959701	-0.278335	0.436844	0.266794	0.859063	11.709	11.6731	75.9105	
0.887155	-0.0951427	-0.451558	-0.0393031	0.959382	-0.279358	0.459796	0.265581	0.847381	12.1714	11.9477	76.7905	
0.87502	-0.101965	-0.473226	-0.0398677	0.959065	-0.280366	0.482442	0.264192	0.835136	12.6573	12.2209	77.6581	
0.862307	-0.10875	-0.494571	-0.0404591	0.958749	-0.281359	0.504767	0.262628	0.822336	13.1664	12.4925	78.5128	
0.849023	-0.115492	-0.51558	-0.0410772	0.958436	-0.282336	0.526757	0.260888	0.808989	13.6983	12.7625	79.3541	
0.835177	-0.122187	-0.536237	-0.0417213	0.958124	-0.283297	0.548397	0.258976	0.795105	14.2527	13.0306	80.1813	
0.820778	-0.12883	-0.556531	-0.0423912	0.957815	-0.284241	0.569672	0.256891	0.780692	14.8293	13.2966	80.9939	
0.805836	-0.135418	-0.576446	-0.0430864	0.957509	-0.285168	0.590569	0.254636	0.76576	15.4276	13.5604	81.7914	
0.790361	-0.141945	-0.595971	-0.0438063	0.957205	-0.286076	0.611073	0.252211	0.750319	16.0473	13.8218	82.5732	
0.774363	-0.148408	-0.615091	-0.0445506	0.956904	-0.286966	0.631171	0.249619	0.73438	16.6879	14.0806	83.3389	
0.757853	-0.154801	-0.633794	-0.0453187	0.956607	-0.287836	0.650849	0.24686	0.717952	17.349	14.3366	84.0878	
0.740842	-0.161122	-0.652069	-0.0461102	0.956313	-0.288686	0.670095	0.243938	0.701047	18.0302	14.5897	84.8196	
0.72334	-0.167365	-0.669901	-0.0469244	0.956022	-0.289516	0.688895	0.240853	0.683676	18.731	14.8397	85.5336	
0.705361	-0.173527	-0.687281	-0.0477609	0.955736	-0.290324	0.707238	0.237609	0.665851	19.451	15.0864	86.2296	
0.686915	-0.179603	-0.704195	-0.048619	0.955453	-0.291111	0.72511	0.234206	0.647582	20.1896	15.3297	86.9069	
0.668014	-0.185589	-0.720634	-0.0494984	0.955174	-0.291876	0.7425	0.230648	0.628884	20.9465	15.5694	87.5651	
0.648673	-0.191482	-0.736586	-0.0503982	0.9549	-0.292618	0.759397	0.226936	0.609767	21.721	15.8054	88.2039	
0.628902	-0.197278	-0.75204	-0.051318	0.954631	-0.293337	0.775789	0.223074	0.590245	22.5126	16.0375	88.8227	
0.608716	-0.202972	-0.766986	-0.0522571	0.954366	-0.294033	0.791665	0.219063	0.570331	23.3209	16.2655	89.4212	
0.588128	-0.20856	-0.781414	-0.053215	0.954106	-0.294704	0.807015	0.214907	0.550038	24.1454	16.4893	89.999	
0.567152	-0.21404	-0.795315	-0.0541909	0.953851	-0.295351	0.821829	0.210607	0.529379	24.9853	16.7087	90.5556	
0.5458	-0.219407	-0.808679	-0.0551842	0.953601	-0.295972	0.836096	0.206168	0.508368	25.8403	16.9236	91.0908	
0.524089	-0.224659	-0.821498	-0.0561943	0.953357	-0.296569	0.849808	0.201592	0.487019	26.7097	17.1339	91.6041	
0.502032	-0.22979	-0.833763	-0.0572205	0.953118	-0.297139	0.862954	0.196882	0.465347	27.5929	17.3394	92.0952	
