1	0	0	0	1	0	0	0	1	0	0	0	
0.999991	-4.14712e-06	-0.00420133	-4.14712e-06	0.999998	-0.00197418	0.00420133	0.00197418	0.999989	0.00172828	0.000812108	0.822724	
0.999965	-1.65899e-05	-0.00840226	-1.65955e-05	0.999992	-0.0039495	0.00840226	0.0039495	0.999957	0.00691295	0.0032489	1.64543	
0.999921	-3.73319e-05	-0.0126027	-3.73543e-05	0.999982	-0.00592592	0.0126027	0.00592592	0.999903	0.0155536	0.0073113	2.4681	
0.999859	-6.63764e-05	-0.0168025	-6.64322e-05	0.999969	-0.00790339	0.0168025	0.00790339	0.999828	0.0276499	0.0130002	3.29072	
0.999779	-0.000103726	-0.0210017	-0.000103838	0.999951	-0.00988187	0.0210017	0.00988187	0.999731	0.0432012	0.0203164	4.11327	
0.999682	-0.000149384	-0.0252001	-0.00014958	0.99993	-0.0118613	0.0252001	0.0118613	0.999612	0.062207	0.0292608	4.93573	
0.999568	-0.000203354	-0.0293976	-0.000203666	0.999904	-0.0138417	0.0293976	0.0138417	0.999472	0.0846666	0.0398341	5.75808	
0.999436	-0.000265636	-0.0335942	-0.000266105	0.999875	-0.0158229	0.0335942	0.0158229	0.99931	0.110579	0.052037	6.58031	
0.999286	-0.000336234	-0.0377897	-0.000336904	0.999841	-0.017805	0.0377897	0.017805	0.999127	0.139944	0.0658703	7.40239	
0.999118	-0.00041515	-0.0419841	-0.000416071	0.999804	-0.0197878	0.0419841	0.0197878	0.998922	0.17276	0.0813347	8.22432	
0.998933	-0.000502386	-0.0461772	-0.000503614	0.999763	-0.0217714	0.0461772	0.0217714	0.998696	0.209026	0.0984307	9.04607	
0.99873	-0.000597942	-0.050369	-0.000599538	0.999718	-0.0237557	0.050369	0.0237558	0.998448	0.248742	0.117159	9.86762	
0.99851	-0.000701821	-0.0545593	-0.000703853	0.999668	-0.0257407	0.0545593	0.0257407	0.998179	0.291906	0.13752	10.689	
0.998273	-0.000814024	-0.0587482	-0.000816563	0.999615	-0.0277262	0.0587481	0.0277263	0.997888	0.338516	0.159514	11.5101	
0.998017	-0.000934552	-0.0629354	-0.000937677	0.999558	-0.0297123	0.0629353	0.0297124	0.997575	0.388573	0.183143	12.3309	
0.997744	-0.00106341	-0.0671209	-0.0010672	0.999497	-0.031699	0.0671208	0.0316991	0.997241	0.442073	0.208405	13.1515	
0.997454	-0.00120059	-0.0713046	-0.00120514	0.999432	-0.0336861	0.0713045	0.0336862	0.996886	0.499016	0.235302	13.9718	
0.997146	-0.00134609	-0.0754864	-0.0013515	0.999363	-0.0356736	0.0754863	0.0356738	0.996509	0.559401	0.263835	14.7919	
0.99682	-0.00149992	-0.0796663	-0.00150628	0.999289	-0.0376615	0.0796662	0.0376618	0.99611	0.623225	0.294002	15.6115	
0.996478	-0.00166208	-0.083844	-0.0016695	0.999212	-0.0396498	0.0838439	0.0396501	0.99569	0.690487	0.325806	16.4309	
0.996117	-0.00183257	-0.0880196	-0.00184116	0.999131	-0.0416383	0.0880194	0.0416387	0.995248	0.761186	0.359245	17.2499	
0.995739	-0.00201139	-0.092193	-0.00202126	0.999046	-0.0436271	0.0921927	0.0436276	0.994785	0.835319	0.394321	18.0685	
0.995344	-0.00219852	-0.0963639	-0.00220981	0.998957	-0.0456162	0.0963637	0.0456167	0.9943	0.912884	0.431032	18.8868	
0.994931	-0.00239399	-0.100532	-0.00240681	0.998863	-0.0476053	0.100532	0.047606	0.993794	0.99388	0.469381	19.7046	
0.994501	-0.00259778	-0.104698	-0.00261227	0.998766	-0.0495946	0.104698	0.0495954	0.993267	1.0783	0.509366	20.522	
0.994053	-0.00280989	-0.108862	-0.00282619	0.998665	-0.0515839	0.108861	0.0515848	0.992718	1.16616	0.550988	21.339	
0.993588	-0.00303032	-0.113022	-0.00304858	0.998559	-0.0535733	0.113022	0.0535743	0.992147	1.25743	0.594247	22.1555	
0.993105	-0.00325907	-0.11718	-0.00327944	0.99845	-0.0555626	0.11718	0.0555638	0.991555	1.35213	0.639142	22.9715	
0.992605	-0.00349614	-0.121335	-0.00351876	0.998336	-0.0575519	0.121334	0.0575533	0.990942	1.45024	0.685675	23.787	
0.992088	-0.00374153	-0.125487	-0.00376657	0.998219	-0.0595411	0.125486	0.0595427	0.990307	1.55178	0.733844	24.602	
0.991554	-0.00399523	-0.129636	-0.00402286	0.998097	-0.0615301	0.129635	0.0615319	0.989651	1.65672	0.78365	25.4165	
0.991002	-0.00425724	-0.133781	-0.00428763	0.997971	-0.0635189	0.133781	0.0635209	0.988973	1.76508	0.835092	26.2305	
0.990432	-0.00452756	-0.137924	-0.00456088	0.997842	-0.0655074	0.137923	0.0655097	0.988274	1.87685	0.88817	27.0438	
0.989846	-0.00480619	-0.142063	-0.00484263	0.997708	-0.0674957	0.142062	0.0674983	0.987554	1.99203	0.942885	27.8566	
0.989242	-0.00509312	-0.146198	-0.00513286	0.99757	-0.0694836	0.146197	0.0694865	0.986812	2.11061	0.999236	28.6688	
0.988621	-0.00538835	-0.15033	-0.00543159	0.997428	-0.0714711	0.150329	0.0714744	0.986049	2.23259	1.05722	29.4804	
0.987983	-0.00569187	-0.154459	-0.00573881	0.997282	-0.0734582	0.154457	0.0734618	0.985265	2.35797	1.11684	30.2913	
0.987327	-0.0060037	-0.158583	-0.00605454	0.997132	-0.0754448	0.158581	0.0754488	0.984459	2.48674	1.1781	31.1016	
0.986655	-0.0063238	-0.162704	-0.00637875	0.996977	-0.0774308	0.162702	0.0774354	0.983632	2.6189	1.24099	31.9112	
0.985965	-0.0066522	-0.166821	-0.00671147	0.996819	-0.0794164	0.166819	0.0794213	0.982784	2.75446	1.30552	32.7201	
0.985258	-0.00698888	-0.170934	-0.0070527	0.996656	-0.0814012	0.170931	0.0814067	0.981914	2.89339	1.37168	33.5283	
0.984534	-0.00733383	-0.175043	-0.00740242	0.99649	-0.0833855	0.17504	0.0833915	0.981023	3.03571	1.43947	34.3358	
0.983792	-0.00768705	-0.179147	-0.00776064	0.996319	-0.085369	0.179144	0.0853756	0.980111	3.18141	1.50889	35.1425	
0.983034	-0.00804855	-0.183248	-0.00812737	0.996144	-0.0873517	0.183244	0.087359	0.979178	3.33049	1.57995	35.9485	
0.982258	-0.0084183	-0.187344	-0.00850261	0.995965	-0.0893337	0.18734	0.0893417	0.978224	3.48293	1.65264	36.7537	
0.981466	-0.00879631	-0.191435	-0.00888634	0.995782	-0.0913148	0.191431	0.0913235	0.977248	3.63874	1.72696	37.5581	
0.980656	-0.00918258	-0.195522	-0.00927859	0.995595	-0.093295	0.195518	0.0933045	0.976252	3.79792	1.80291	38.3617	
0.97983	-0.00957709	-0.199604	-0.00967933	0.995404	-0.0952743	0.199599	0.0952847	0.975234	3.96046	1.88049	39.1645	
0.978986	-0.00997985	-0.203682	-0.0100886	0.995209	-0.0972526	0.203677	0.0972638	0.974195	4.12635	1.95969	39.9664	
0.978126	-0.0103908	-0.207755	-0.0105063	0.995009	-0.0992299	0.207749	0.099242	0.973135	4.2956	2.04053	40.7675	
0.977248	-0.0108101	-0.211823	-0.0109326	0.994805	-0.101206	0.211816	0.101219	0.972054	4.46819	2.12299	41.5677	
0.976354	-0.0112375	-0.215886	-0.0113673	0.994598	-0.103181	0.215879	0.103195	0.970952	4.64413	2.20708	42.3669	
0.975443	-0.0116731	-0.219943	-0.0118106	0.994386	-0.105155	0.219936	0.10517	0.969828	4.82341	2.29279	43.1653	
0.974515	-0.012117	-0.223996	-0.0122623	0.99417	-0.107128	0.223988	0.107144	0.968684	5.00602	2.38013	43.9627	
0.97357	-0.0125691	-0.228043	-0.0127226	0.993949	-0.109099	0.228035	0.109117	0.967519	5.19197	2.46909	44.7592	
0.972608	-0.0130293	-0.232086	-0.0131913	0.993725	-0.111069	0.232076	0.111088	0.966333	5.38124	2.55968	45.5547	
0.97113	-0.0137404	-0.238153	-0.0141812	0.993249	-0.115134	0.238127	0.115187	0.964379	5.57467	2.65276	46.349	
0.969614	-0.0144775	-0.24421	-0.0151962	0.992755	-0.119189	0.244166	0.119278	0.96237	5.77307	2.74921	47.1416	
0.96806	-0.0152405	-0.250256	-0.0162362	0.992245	-0.123234	0.250194	0.123361	0.960305	5.97643	2.84903	47.9325	
0.966467	-0.0160294	-0.256291	-0.0173013	0.991717	-0.127269	0.256208	0.127435	0.958185	6.18475	2.95219	48.7217	
0.964835	-0.0168442	-0.262314	-0.0183913	0.991173	-0.131293	0.26221	0.131501	0.956009	6.39801	3.05871	49.5091	
0.963166	-0.0176848	-0.268325	-0.0195062	0.990612	-0.135307	0.268199	0.135558	0.953778	6.6162	3.16857	50.2947	
0.961458	-0.0185511	-0.274324	-0.0206459	0.990033	-0.139311	0.274174	0.139606	0.951493	6.83931	3.28176	51.0785	
0.959713	-0.0194431	-0.280309	-0.0218104	0.989438	-0.143304	0.280135	0.143644	0.949153	7.06734	3.39828	51.8604	
0.957929	-0.0203607	-0.286281	-0.0229996	0.988826	-0.147286	0.286081	0.147674	0.946758	7.30026	3.51812	52.6403	
0.956108	-0.021304	-0.29224	-0.0242135	0.988198	-0.151257	0.292013	0.151694	0.944308	7.53807	3.64127	53.4182	
0.954249	-0.0222727	-0.298183	-0.025452	0.987553	-0.155217	0.297929	0.155705	0.941804	7.78075	3.76772	54.1941	
0.952352	-0.0232669	-0.304113	-0.026715	0.986891	-0.159165	0.303829	0.159705	0.939245	8.02829	3.89747	54.9679	
0.950418	-0.0242865	-0.310027	-0.0280026	0.986212	-0.163101	0.309713	0.163696	0.936633	8.28068	4.03051	55.7396	
0.948446	-0.0253314	-0.315925	-0.0293145	0.985517	-0.167026	0.315581	0.167676	0.933967	8.53791	4.16682	56.5091	
0.946437	-0.0264016	-0.321808	-0.0306508	0.984805	-0.170939	0.321431	0.171646	0.931246	8.79995	4.30641	57.2763	
0.944391	-0.0274969	-0.327674	-0.0320114	0.984076	-0.174839	0.327264	0.175606	0.928472	9.0668	4.44926	58.0414	
0.942307	-0.0286174	-0.333524	-0.0333962	0.983332	-0.178728	0.333079	0.179555	0.925645	9.33844	4.59536	58.8041	
0.940187	-0.0297629	-0.339356	-0.0348052	0.98257	-0.182604	0.338876	0.183493	0.922764	9.61486	4.7447	59.5645	
0.93803	-0.0309334	-0.34517	-0.0362383	0.981793	-0.186467	0.344654	0.18742	0.91983	9.89604	4.89728	60.3224	
0.935836	-0.0321288	-0.350967	-0.0376955	0.980999	-0.190317	0.350413	0.191336	0.916843	10.182	5.05309	61.078	
0.933606	-0.0333489	-0.356745	-0.0391766	0.980188	-0.194155	0.356152	0.19524	0.913803	10.4726	5.21211	61.831	
0.93134	-0.0345938	-0.362505	-0.0406816	0.979362	-0.197979	0.361872	0.199133	0.910711	10.768	5.37435	62.5816	
0.929037	-0.0358634	-0.368245	-0.0422105	0.978519	-0.20179	0.367571	0.203014	0.907566	11.0681	5.53978	63.3296	
0.926698	-0.0371575	-0.373965	-0.0437631	0.97766	-0.205587	0.37325	0.206883	0.904369	11.3728	5.70839	64.0749	
0.924323	-0.038476	-0.379666	-0.0453394	0.976785	-0.209371	0.378907	0.210741	0.90112	11.6822	5.88019	64.8176	
0.921913	-0.039819	-0.385346	-0.0469394	0.975893	-0.213141	0.384543	0.214586	0.897819	11.9963	6.05515	65.5577	
0.919467	-0.0411862	-0.391005	-0.0485629	0.974986	-0.216897	0.390157	0.218418	0.894467	12.315	6.23328	66.295	
0.916985	-0.0425776	-0.396643	-0.0502099	0.974062	-0.220639	0.395749	0.222238	0.891063	12.6383	6.41455	67.0295	
0.914468	-0.0439931	-0.402259	-0.0518803	0.973123	-0.224367	0.401318	0.226046	0.887607	12.9661	6.59896	67.7611	
0.911916	-0.0454326	-0.407854	-0.053574	0.972167	-0.22808	0.406864	0.22984	0.884101	13.2986	6.78649	68.49	
0.909329	-0.0468961	-0.413426	-0.055291	0.971196	-0.231778	0.412387	0.233621	0.880544	13.6356	6.97714	69.2159	
0.90323	-0.0503978	-0.426187	-0.0613672	0.967708	-0.244491	0.424747	0.246986	0.87097	13.98	7.17486	69.9364	
0.896952	-0.0540935	-0.438807	-0.0676215	0.964026	-0.257063	0.436927	0.260246	0.861027	14.3345	7.38352	70.6489	
0.890497	-0.0579817	-0.451279	-0.0740513	0.960153	-0.269487	0.448922	0.273395	0.85072	14.6989	7.60305	71.3531	
0.88387	-0.0620606	-0.463598	-0.0806538	0.956089	-0.281759	0.460727	0.286429	0.840053	15.0731	7.83335	72.0486	
0.877071	-0.0663286	-0.475759	-0.0874263	0.951838	-0.293874	0.472337	0.299342	0.829031	15.4569	8.07432	72.7353	
0.870105	-0.0707838	-0.487757	-0.0943659	0.947399	-0.305826	0.483748	0.312128	0.817658	15.8503	8.32587	73.4127	
0.862974	-0.0754243	-0.499586	-0.10147	0.942776	-0.317611	0.494954	0.324783	0.805939	16.2529	8.58788	74.0806	
0.855682	-0.0802483	-0.511243	-0.108734	0.937971	-0.329223	0.50595	0.3373	0.793879	16.6646	8.86024	74.7387	
0.84823	-0.0852537	-0.522721	-0.116157	0.932985	-0.340657	0.516733	0.349674	0.781483	17.0853	9.14285	75.3868	
0.840623	-0.0904382	-0.534016	-0.123735	0.92782	-0.351909	0.527297	0.3619	0.768757	17.5148	9.43557	76.0245	
0.832864	-0.0957998	-0.545123	-0.131465	0.922479	-0.362974	0.537637	0.373973	0.755705	17.9529	9.7383	76.6517	
0.824956	-0.101336	-0.556038	-0.139343	0.916963	-0.373848	0.547751	0.385888	0.742334	18.3994	10.0509	77.2679	
