1	0	0	0	1	0	0	0	1	0	0	0	
0.999999	3.37308e-06	-0.00141968	3.37308e-06	0.999989	0.00475187	0.00141968	-0.00475187	0.999988	0.000671838	-0.00224875	0.946461	
0.999996	1.34934e-05	-0.00283911	1.34998e-05	0.999955	0.00950742	0.00283911	-0.00950742	0.999951	0.00268724	-0.00899672	1.8929	
0.999991	3.0364e-05	-0.00425825	3.03895e-05	0.999898	0.0142665	0.00425825	-0.0142665	0.999889	0.00604594	-0.0202473	2.83929	
0.999984	5.39873e-05	-0.00567705	5.4051e-05	0.999819	0.0190289	0.00567704	-0.0190289	0.999803	0.0107477	-0.0360038	3.78561	
0.999975	8.43653e-05	-0.00709545	8.44928e-05	0.999717	0.0237944	0.00709545	-0.0237944	0.999692	0.016792	-0.0562692	4.73184	
0.999964	0.0001215	-0.00851341	0.000121723	0.999592	0.028563	0.0085134	-0.028563	0.999556	0.0241787	-0.0810464	5.67795	
0.999951	0.000165391	-0.00993087	0.000165749	0.999444	0.0333345	0.00993087	-0.0333345	0.999395	0.0329071	-0.110338	6.62392	
0.999936	0.000216041	-0.0113478	0.000216578	0.999274	0.0381086	0.0113478	-0.0381086	0.999209	0.0429769	-0.144148	7.56972	
0.999918	0.00027345	-0.0127641	0.000274217	0.99908	0.0428853	0.0127641	-0.0428853	0.998998	0.0543874	-0.182477	8.51534	
0.999899	0.000337617	-0.0141798	0.000338672	0.998863	0.0476643	0.0141798	-0.0476643	0.998763	0.0671382	-0.225328	9.46075	
0.999878	0.000408541	-0.0155948	0.000409949	0.998624	0.0524455	0.0155948	-0.0524455	0.998502	0.0812285	-0.272703	10.4059	
0.999855	0.000486223	-0.0170091	0.000488054	0.998361	0.0572288	0.017009	-0.0572288	0.998216	0.0966577	-0.324605	11.3508	
0.99983	0.000570659	-0.0184225	0.000572991	0.998075	0.062014	0.0184225	-0.062014	0.997905	0.113425	-0.381034	12.2955	
0.999803	0.00066185	-0.0198352	0.000664766	0.997766	0.0668008	0.0198351	-0.0668009	0.997569	0.13153	-0.441994	13.2398	
0.999774	0.000759791	-0.0212469	0.000763382	0.997434	0.0715893	0.0212468	-0.0715893	0.997208	0.150971	-0.507485	14.1838	
0.999743	0.000864481	-0.0226577	0.000868844	0.997078	0.0763791	0.0226576	-0.0763791	0.996821	0.171748	-0.577508	15.1274	
0.99971	0.000975917	-0.0240675	0.000981155	0.9967	0.0811702	0.0240673	-0.0811702	0.99641	0.19386	-0.652066	16.0707	
0.999675	0.00109409	-0.0254763	0.00110032	0.996298	0.0859623	0.0254761	-0.0859624	0.995973	0.217305	-0.731158	17.0136	
0.999638	0.00121901	-0.0268841	0.00122634	0.995872	0.0907553	0.0268837	-0.0907554	0.99551	0.242084	-0.814787	17.956	
0.999599	0.00135066	-0.0282906	0.00135921	0.995424	0.0955491	0.0282902	-0.0955492	0.995023	0.268194	-0.902953	18.898	
0.999558	0.00148904	-0.0296961	0.00149894	0.994952	0.100343	0.0296956	-0.100344	0.99451	0.295635	-0.995656	19.8395	
0.999515	0.00163414	-0.0311002	0.00164554	0.994456	0.105138	0.0310996	-0.105138	0.993971	0.324405	-1.0929	20.7805	
0.99947	0.00178596	-0.0325032	0.00179899	0.993937	0.109933	0.0325024	-0.109933	0.993407	0.354504	-1.19468	21.721	
0.999423	0.0019445	-0.0339048	0.00195931	0.993395	0.114728	0.0339039	-0.114729	0.992818	0.385929	-1.30099	22.6609	
0.999374	0.00210974	-0.035305	0.00212649	0.992829	0.119523	0.035304	-0.119524	0.992203	0.418681	-1.41185	23.6003	
0.999324	0.00228168	-0.0367038	0.00230053	0.99224	0.124318	0.0367026	-0.124319	0.991563	0.452757	-1.52724	24.5391	
0.999271	0.00246032	-0.0381012	0.00248144	0.991627	0.129113	0.0380998	-0.129113	0.990898	0.488156	-1.64718	25.4773	
0.999216	0.00264564	-0.039497	0.0026692	0.99099	0.133907	0.0394954	-0.133907	0.990207	0.524876	-1.77165	26.4148	
0.99916	0.00283764	-0.0408913	0.00286383	0.99033	0.1387	0.0408895	-0.1387	0.98949	0.562917	-1.90065	27.3517	
0.999101	0.0030363	-0.042284	0.00306531	0.989647	0.143492	0.042282	-0.143493	0.988748	0.602277	-2.0342	28.2878	
0.999041	0.00324163	-0.0436751	0.00327365	0.98894	0.148283	0.0436727	-0.148284	0.98798	0.642953	-2.17227	29.2233	
0.998978	0.00345362	-0.0450645	0.00348884	0.988209	0.153073	0.0450618	-0.153074	0.987187	0.684946	-2.31489	30.158	
0.998914	0.00367224	-0.0464521	0.00371089	0.987454	0.157862	0.0464491	-0.157863	0.986368	0.728252	-2.46203	31.0919	
0.998848	0.0038975	-0.047838	0.00393978	0.986676	0.162649	0.0478345	-0.16265	0.985524	0.77287	-2.61371	32.0251	
0.998779	0.00412938	-0.049222	0.00417552	0.985874	0.167435	0.0492181	-0.167436	0.984654	0.818798	-2.76992	32.9575	
0.998709	0.00436788	-0.0506042	0.0044181	0.985049	0.172218	0.0505998	-0.17222	0.983758	0.866035	-2.93065	33.889	
0.998637	0.00461298	-0.0519844	0.00466751	0.9842	0.177	0.0519796	-0.177001	0.982837	0.914579	-3.09592	34.8196	
0.998563	0.00486467	-0.0533627	0.00492376	0.983327	0.18178	0.0533573	-0.181781	0.98189	0.964428	-3.2657	35.7494	
0.998488	0.00512294	-0.054739	0.00518684	0.98243	0.186557	0.054733	-0.186558	0.980918	1.01558	-3.44002	36.6783	
0.99841	0.00538778	-0.0561132	0.00545674	0.98151	0.191331	0.0561066	-0.191333	0.97992	1.06803	-3.61885	37.6062	
0.99833	0.00565918	-0.0574854	0.00573345	0.980566	0.196104	0.057478	-0.196106	0.978897	1.12179	-3.8022	38.5332	
0.998249	0.00593712	-0.0588553	0.00601698	0.979599	0.200873	0.0588472	-0.200875	0.977848	1.17683	-3.99006	39.4592	
0.998166	0.00622159	-0.0602232	0.00630731	0.978608	0.205639	0.0602142	-0.205642	0.976773	1.23318	-4.18244	40.3842	
0.99808	0.00651259	-0.0615887	0.00660444	0.977593	0.210402	0.061579	-0.210405	0.975673	1.29081	-4.37932	41.3081	
0.997993	0.00681008	-0.0629521	0.00690836	0.976554	0.215162	0.0629414	-0.215165	0.974547	1.34974	-4.58072	42.2311	
0.997904	0.00711407	-0.0643131	0.00721906	0.975491	0.219919	0.0643014	-0.219922	0.973396	1.40996	-4.78662	43.1529	
0.997814	0.00742454	-0.0656717	0.00753654	0.974405	0.224672	0.065659	-0.224675	0.972219	1.47146	-4.99702	44.0736	
0.997721	0.00774147	-0.067028	0.00786078	0.973296	0.229421	0.0670141	-0.229425	0.971017	1.53424	-5.21191	44.9932	
0.997627	0.00806486	-0.0683818	0.00819179	0.972162	0.234166	0.0683667	-0.234171	0.969789	1.59831	-5.4313	45.9117	
0.99753	0.00839467	-0.0697331	0.00852955	0.971005	0.238907	0.0697167	-0.238912	0.968535	1.66366	-5.65518	46.829	
0.997432	0.0087309	-0.0710819	0.00887405	0.969824	0.243644	0.0710642	-0.24365	0.967256	1.73028	-5.88354	47.745	
0.997332	0.00907354	-0.0724281	0.00922528	0.96862	0.248377	0.0724089	-0.248383	0.965952	1.79817	-6.11639	48.6599	
0.997231	0.00942256	-0.0737717	0.00958323	0.967391	0.253105	0.073751	-0.253111	0.964622	1.86734	-6.35371	49.5735	
0.997127	0.00977796	-0.0751127	0.0099479	0.966139	0.257828	0.0750904	-0.257835	0.963267	1.93778	-6.59551	50.4858	
0.997022	0.0101397	-0.076451	0.0103193	0.964864	0.262547	0.0764269	-0.262554	0.961886	2.00948	-6.84177	51.3969	
0.996915	0.0105078	-0.0777865	0.0106973	0.963565	0.267261	0.0777607	-0.267268	0.96048	2.08245	-7.0925	52.3066	
0.996806	0.0108822	-0.0791193	0.0110821	0.962242	0.271969	0.0790915	-0.271977	0.959048	2.15668	-7.34769	53.215	
0.996695	0.0112629	-0.0804492	0.0114735	0.960896	0.276672	0.0804195	-0.276681	0.957591	2.23216	-7.60734	54.122	
0.996583	0.0116499	-0.0817763	0.0118715	0.959526	0.28137	0.0817444	-0.281379	0.956109	2.3089	-7.87143	55.0276	
0.996468	0.0120432	-0.0831005	0.0122763	0.958133	0.286062	0.0830664	-0.286072	0.954601	2.3869	-8.13996	55.9319	
0.996352	0.0124427	-0.0844218	0.0126876	0.956716	0.290748	0.0843853	-0.290758	0.953068	2.46614	-8.41294	56.8346	
0.996235	0.0128484	-0.0857401	0.0131056	0.955275	0.295428	0.0857011	-0.295439	0.95151	2.54663	-8.69035	57.7359	
0.996344	0.0124658	-0.0845231	0.0137139	0.953137	0.302229	0.0843296	-0.302283	0.949481	2.6271	-8.97321	58.6356	
0.99645	0.0120754	-0.0833118	0.0143129	0.950947	0.309021	0.0829566	-0.309117	0.947399	2.70626	-9.26255	59.5332	
0.996555	0.0116771	-0.082106	0.0149025	0.948708	0.315804	0.0815822	-0.315939	0.945265	2.78413	-9.55834	60.4289	
0.996658	0.0112711	-0.0809055	0.0154827	0.946417	0.322576	0.0802062	-0.32275	0.94308	2.86069	-9.86059	61.3225	
0.996759	0.0108573	-0.0797103	0.0160534	0.944076	0.329336	0.0788283	-0.329548	0.940842	2.93595	-10.1693	62.2141	
0.996858	0.0104356	-0.0785203	0.0166146	0.941685	0.336085	0.0774486	-0.336333	0.938553	3.00991	-10.4844	63.1035	
0.996955	0.0100061	-0.0773351	0.0171661	0.939244	0.34282	0.0760669	-0.343104	0.936212	3.08256	-10.8059	63.9907	
0.99705	0.00956876	-0.0761548	0.017708	0.936753	0.349542	0.074683	-0.349859	0.933821	3.1539	-11.1339	64.8756	
0.997143	0.00912349	-0.0749792	0.0182401	0.934213	0.356249	0.0732968	-0.356599	0.931378	3.22393	-11.4682	65.7583	
0.997235	0.00867028	-0.0738081	0.0187625	0.931623	0.362941	0.0719082	-0.363323	0.928884	3.29264	-11.8089	66.6386	
0.997324	0.00820911	-0.0726415	0.019275	0.928984	0.369617	0.070517	-0.370028	0.92634	3.36004	-12.1559	67.5166	
0.997412	0.00773993	-0.0714791	0.0197776	0.926296	0.376276	0.0691232	-0.376716	0.923746	3.42613	-12.5093	68.3921	
0.997498	0.00726271	-0.0703208	0.0202702	0.92356	0.382918	0.0677265	-0.383385	0.921102	3.49089	-12.869	69.2652	
0.997582	0.00677739	-0.0691665	0.0207529	0.920776	0.38954	0.0663269	-0.390034	0.918409	3.55433	-13.235	70.1357	
0.998609	-0.000349197	-0.052731	0.0216353	0.91465	0.403668	0.0480894	-0.404247	0.913385	3.60847	-13.6109	71.0026	
0.999308	-0.0077288	-0.0363901	0.0222362	0.908307	0.417713	0.029825	-0.418233	0.90785	3.64535	-14.0002	71.8645	
0.999679	-0.0153573	-0.0201532	0.0225552	0.90175	0.43167	0.0115439	-0.431986	0.901807	3.66493	-14.4025	72.7209	
0.999722	-0.0232304	-0.00402927	0.0225922	0.894983	0.445529	-0.00674368	-0.445496	0.895259	3.6672	-14.8178	73.5714	
0.999437	-0.0313437	0.0119727	0.0223472	0.888009	0.459283	-0.0250275	-0.458757	0.888209	3.65216	-15.2458	74.4154	
0.998824	-0.0396927	0.0278437	0.0218203	0.880832	0.472925	-0.0432973	-0.471761	0.880663	3.61983	-15.6861	75.2526	
0.997883	-0.0482726	0.0435748	0.0210117	0.873458	0.486447	-0.0615428	-0.484501	0.872623	3.57021	-16.1387	76.0823	
0.996615	-0.0570787	0.0591573	0.019922	0.865888	0.49984	-0.0797539	-0.49697	0.864095	3.50334	-16.6032	76.9042	
0.995021	-0.0661061	0.0745824	0.0185518	0.858129	0.513099	-0.0979203	-0.509161	0.855083	3.41926	-17.0793	77.7178	
0.993102	-0.0753497	0.0898415	0.0169017	0.850184	0.526215	-0.116032	-0.521066	0.845592	3.318	-17.5669	78.5227	
0.990858	-0.0848043	0.104926	0.0149728	0.842057	0.539181	-0.134079	-0.53268	0.835628	3.19964	-18.0656	79.3183	
0.98829	-0.0944647	0.119828	0.0127662	0.833753	0.551989	-0.15205	-0.543996	0.825196	3.06422	-18.5751	80.1043	
0.985401	-0.104325	0.134538	0.010283	0.825278	0.564633	-0.169937	-0.555007	0.814303	2.91184	-19.0952	80.8802	
0.982192	-0.114381	0.149048	0.00752458	0.816635	0.577106	-0.187728	-0.565707	0.802953	2.74258	-19.6256	81.6456	
0.978665	-0.124626	0.163351	0.0044926	0.807829	0.5894	-0.205414	-0.576091	0.791154	2.55652	-20.166	82.4	
0.974821	-0.135054	0.177439	0.00118872	0.798865	0.601509	-0.222985	-0.586152	0.778911	2.35378	-20.716	83.143	
0.970663	-0.145659	0.191302	-0.00238523	0.789749	0.613425	-0.240432	-0.595885	0.766233	2.13446	-21.2754	83.8743	
0.966193	-0.156437	0.204935	-0.00622725	0.780486	0.625143	-0.257744	-0.605285	0.753126	1.8987	-21.8439	84.5933	
0.961414	-0.16738	0.218328	-0.0103352	0.77108	0.636655	-0.274911	-0.614345	0.739597	1.64662	-22.4211	85.2998	
0.956328	-0.178482	0.231475	-0.0147067	0.761537	0.647955	-0.291925	-0.623062	0.725654	1.37836	-23.0067	85.9932	
0.950939	-0.189738	0.244368	-0.0193394	0.751862	0.659037	-0.308775	-0.63143	0.711305	1.09408	-23.6004	86.6733	
0.945248	-0.201141	0.256999	-0.0242307	0.742061	0.669895	-0.325452	-0.639444	0.696558	0.793926	-24.2018	87.3395	
0.93926	-0.212684	0.269363	-0.0293777	0.732139	0.680522	-0.341947	-0.6471	0.68142	0.478076	-24.8107	87.9917	
