1	0	0	0	1	0	0	0	1	0	0	0	
0.999992	6.9612e-07	0.00391997	6.9612e-07	1	-0.000355165	-0.00391997	0.000355165	0.999992	-0.00157096	0.000142335	0.801513	
0.999969	2.79051e-06	0.00784248	2.79889e-06	1	-0.000712697	-0.00784248	0.000712697	0.999969	-0.00628485	0.00057029	1.60301	
0.999931	6.29427e-06	0.0117674	6.3278e-06	0.999999	-0.00107259	-0.0117674	0.00107259	0.99993	-0.0141437	0.00128576	2.40449	
0.999877	1.12185e-05	0.0156947	1.13023e-05	0.999999	-0.00143484	-0.0156947	0.00143484	0.999876	-0.0251494	0.00229063	3.20593	
0.999807	1.75741e-05	0.0196243	1.77419e-05	0.999998	-0.00179943	-0.0196243	0.00179944	0.999806	-0.0393037	0.00358679	4.00732	
0.999723	2.53721e-05	0.0235559	2.5666e-05	0.999998	-0.00216637	-0.0235559	0.00216637	0.99972	-0.0566085	0.00517612	4.80864	
0.999622	3.46234e-05	0.0274897	3.5094e-05	0.999997	-0.00253564	-0.0274897	0.00253565	0.999619	-0.0770655	0.0070605	5.60989	
0.999506	4.53388e-05	0.0314253	4.60452e-05	0.999996	-0.00290724	-0.0314253	0.00290725	0.999502	-0.100676	0.00924178	6.41106	
0.999375	5.75292e-05	0.0353629	5.8539e-05	0.999995	-0.00328116	-0.0353628	0.00328118	0.999369	-0.127442	0.0117218	7.21212	
0.999227	7.12053e-05	0.0393021	7.25946e-05	0.999993	-0.0036574	-0.0393021	0.00365742	0.999221	-0.157365	0.0145025	8.01307	
0.999065	8.63779e-05	0.043243	8.82314e-05	0.999992	-0.00403593	-0.043243	0.00403598	0.999056	-0.190445	0.0175857	8.8139	
0.998886	0.000103058	0.0471855	0.000105468	0.99999	-0.00441677	-0.0471855	0.00441683	0.998876	-0.226685	0.0209733	9.61459	
0.998692	0.000121255	0.0511294	0.000124325	0.999988	-0.0047999	-0.0511294	0.00479998	0.998681	-0.266086	0.024667	10.4151	
0.998482	0.00014098	0.0550746	0.00014482	0.999987	-0.00518531	-0.0550746	0.00518542	0.998469	-0.308648	0.0286687	11.2155	
0.998257	0.000162245	0.0590211	0.000166973	0.999984	-0.005573	-0.0590211	0.00557314	0.998241	-0.354373	0.0329803	12.0157	
0.998015	0.000185058	0.0629687	0.000190803	0.999982	-0.00596295	-0.0629687	0.00596313	0.997998	-0.403261	0.0376035	12.8157	
0.997758	0.000209431	0.0669174	0.000216329	0.99998	-0.00635516	-0.0669174	0.00635539	0.997738	-0.455314	0.0425403	13.6155	
0.997486	0.000235374	0.0708671	0.000243569	0.999977	-0.00674962	-0.070867	0.00674991	0.997463	-0.510532	0.0477923	14.4151	
0.997197	0.000262897	0.0748176	0.000272544	0.999974	-0.00714632	-0.0748175	0.00714668	0.997172	-0.568916	0.0533615	15.2145	
0.996893	0.00029201	0.0787688	0.00030327	0.999971	-0.00754525	-0.0787688	0.00754569	0.996864	-0.630467	0.0592496	16.0136	
0.996573	0.000322724	0.0827207	0.000335769	0.999968	-0.0079464	-0.0827206	0.00794694	0.996541	-0.695186	0.0654584	16.8125	
0.996237	0.000355049	0.0866731	0.000370057	0.999965	-0.00834977	-0.0866731	0.00835042	0.996202	-0.763071	0.0719897	17.6111	
0.995885	0.000388994	0.090626	0.000406154	0.999962	-0.00875534	-0.090626	0.00875612	0.995847	-0.834125	0.0788453	18.4094	
0.995517	0.00042457	0.0945793	0.000444079	0.999958	-0.00916311	-0.0945792	0.00916403	0.995475	-0.908348	0.0860269	19.2074	
0.995134	0.000461786	0.0985328	0.00048385	0.999954	-0.00957306	-0.0985327	0.00957415	0.995088	-0.985739	0.0935364	20.0052	
0.994734	0.000500653	0.102486	0.000525486	0.99995	-0.00998519	-0.102486	0.00998646	0.994684	-1.0663	0.101375	20.8026	
0.994319	0.00054118	0.10644	0.000569005	0.999946	-0.0103995	-0.10644	0.010401	0.994265	-1.15003	0.109546	21.5997	
0.993888	0.000583377	0.110394	0.000614425	0.999941	-0.0108159	-0.110394	0.0108176	0.993829	-1.23693	0.118049	22.3964	
0.993441	0.000627254	0.114347	0.000661765	0.999937	-0.0112345	-0.114347	0.0112365	0.993377	-1.32699	0.126888	23.1928	
0.992978	0.00067282	0.118301	0.000711044	0.999932	-0.0116552	-0.118301	0.0116575	0.992909	-1.42023	0.136063	23.9888	
0.992499	0.000720084	0.122254	0.000762279	0.999927	-0.0120781	-0.122253	0.0120807	0.992425	-1.51663	0.145576	24.7845	
0.992004	0.000769058	0.126206	0.000815489	0.999922	-0.0125031	-0.126206	0.012506	0.991925	-1.6162	0.155429	25.5797	
0.991493	0.000819749	0.130158	0.000870691	0.999916	-0.0129301	-0.130158	0.0129335	0.991409	-1.71894	0.165624	26.3746	
0.990966	0.000872167	0.13411	0.000927905	0.99991	-0.0133593	-0.134109	0.0133631	0.990876	-1.82485	0.176163	27.169	
0.990423	0.000926321	0.13806	0.000987147	0.999904	-0.0137905	-0.13806	0.0137948	0.990328	-1.93393	0.187047	27.963	
0.989865	0.000982221	0.14201	0.00104844	0.999898	-0.0142238	-0.14201	0.0142286	0.989763	-2.04617	0.198277	28.7565	
0.98929	0.00103988	0.145959	0.00111179	0.999892	-0.0146592	-0.145958	0.0146645	0.989182	-2.16157	0.209856	29.5496	
0.9887	0.00109929	0.149907	0.00117722	0.999885	-0.0150966	-0.149906	0.0151025	0.988585	-2.28014	0.221786	30.3422	
0.988093	0.00116049	0.153854	0.00124476	0.999879	-0.0155361	-0.153853	0.0155426	0.987972	-2.40188	0.234067	31.1343	
0.98747	0.00122346	0.157799	0.00131441	0.999871	-0.0159776	-0.157798	0.0159848	0.987342	-2.52677	0.246702	31.9259	
0.986832	0.00128822	0.161743	0.0013862	0.999864	-0.016421	-0.161743	0.016429	0.986696	-2.65483	0.259692	32.717	
0.986178	0.00135479	0.165686	0.00146014	0.999857	-0.0168665	-0.165685	0.0168753	0.986034	-2.78605	0.273039	33.5076	
0.985507	0.00142316	0.169628	0.00153625	0.999849	-0.017314	-0.169627	0.0173236	0.985356	-2.92043	0.286744	34.2977	
0.984821	0.00149335	0.173567	0.00161454	0.999841	-0.0177634	-0.173566	0.017774	0.984662	-3.05797	0.30081	35.0872	
0.984119	0.00156537	0.177505	0.00169504	0.999833	-0.0182148	-0.177504	0.0182264	0.983951	-3.19866	0.315238	35.8761	
0.9834	0.00163921	0.181441	0.00177777	0.999824	-0.0186682	-0.18144	0.0186809	0.983225	-3.34251	0.330029	36.6645	
0.982666	0.00171491	0.185376	0.00186273	0.999815	-0.0191235	-0.185374	0.0191373	0.982482	-3.48951	0.345184	37.4522	
0.981916	0.00179245	0.189308	0.00194994	0.999806	-0.0195807	-0.189307	0.0195957	0.981722	-3.63967	0.360707	38.2394	
0.98115	0.00187185	0.193238	0.00203943	0.999797	-0.0200398	-0.193237	0.0200561	0.980947	-3.79298	0.376598	39.026	
0.980368	0.00195312	0.197166	0.0021312	0.999788	-0.0205008	-0.197165	0.0205185	0.980156	-3.94943	0.392858	39.8119	
0.97957	0.00203627	0.201092	0.00222528	0.999778	-0.0209637	-0.20109	0.0209829	0.979348	-4.10904	0.409491	40.5972	
0.978756	0.0021213	0.205016	0.00232169	0.999768	-0.0214285	-0.205013	0.0214492	0.978524	-4.27179	0.426496	41.3818	
0.977927	0.00220822	0.208936	0.00242043	0.999757	-0.0218951	-0.208934	0.0219175	0.977684	-4.43768	0.443875	42.1658	
0.977081	0.00229704	0.212855	0.00252152	0.999747	-0.0223636	-0.212852	0.0223877	0.976828	-4.60671	0.461631	42.9491	
0.97622	0.00238777	0.21677	0.00262499	0.999736	-0.0228339	-0.216768	0.0228599	0.975956	-4.77889	0.479764	43.7317	
0.975687	0.00244726	0.219154	0.00327427	0.999663	-0.0257403	-0.219144	0.0258321	0.975351	-4.95358	0.499278	44.5137	
0.975147	0.00251425	0.221545	0.00393219	0.999582	-0.0286518	-0.221525	0.0288109	0.974729	-5.13018	0.521176	45.2952	
0.974599	0.00258881	0.223943	0.00459874	0.999491	-0.031568	-0.22391	0.031796	0.974091	-5.3087	0.545465	46.0762	
0.974043	0.00267099	0.226346	0.00527391	0.999391	-0.0344887	-0.226301	0.0347872	0.973436	-5.48912	0.572149	46.8567	
0.97348	0.00276084	0.228756	0.0059577	0.999282	-0.0374135	-0.228695	0.0377841	0.972765	-5.67146	0.601232	47.6366	
0.972909	0.00285842	0.231171	0.00665008	0.999164	-0.0403422	-0.231093	0.0407866	0.972076	-5.85573	0.63272	48.416	
0.97233	0.00296378	0.233592	0.00735105	0.999036	-0.0432745	-0.233495	0.0437942	0.971371	-6.04192	0.666617	49.1949	
0.971744	0.00307696	0.236018	0.0080606	0.998899	-0.04621	-0.235901	0.0468068	0.970649	-6.23003	0.702926	49.9732	
0.97115	0.003198	0.238449	0.00877869	0.998753	-0.0491486	-0.238309	0.0498239	0.969911	-6.42007	0.741651	50.7509	
0.970548	0.00332695	0.240884	0.00950532	0.998597	-0.05209	-0.24072	0.0528455	0.969155	-6.61205	0.782797	51.528	
0.969939	0.00346384	0.243324	0.0102405	0.998432	-0.0550337	-0.243133	0.0558711	0.968383	-6.80596	0.826366	52.3044	
0.969322	0.00360871	0.245768	0.0109841	0.998257	-0.0579797	-0.245549	0.0589005	0.967593	-7.0018	0.872362	53.0803	
0.968698	0.00376158	0.248215	0.0117362	0.998073	-0.0609276	-0.247966	0.0619335	0.966787	-7.19958	0.920787	53.8555	
0.968066	0.00392249	0.250666	0.0124967	0.99788	-0.063877	-0.250385	0.0649697	0.965964	-7.3993	0.971644	54.6301	
0.967426	0.00409147	0.253119	0.0132656	0.997676	-0.0668279	-0.252805	0.0680088	0.965124	-7.60095	1.02494	55.404	
0.96678	0.00426852	0.255576	0.0140429	0.997464	-0.0697798	-0.255226	0.0710507	0.964267	-7.80455	1.08067	56.1772	
0.966125	0.00445368	0.258035	0.0148285	0.997241	-0.0727325	-0.257647	0.074095	0.963394	-8.01009	1.13883	56.9497	
0.965464	0.00464695	0.260496	0.0156224	0.997009	-0.0756858	-0.260069	0.0771415	0.962504	-8.21757	1.19944	57.7216	
0.964795	0.00484836	0.262959	0.0164245	0.996768	-0.0786393	-0.262491	0.0801898	0.961597	-8.42699	1.2625	58.4927	
0.964118	0.00505791	0.265424	0.0172348	0.996517	-0.0815929	-0.264912	0.0832397	0.960673	-8.63835	1.32799	59.263	
0.963435	0.0052756	0.26789	0.0180533	0.996256	-0.0845462	-0.267333	0.086291	0.959733	-8.85165	1.39593	60.0326	
0.962744	0.00550145	0.270357	0.01888	0.995986	-0.0874989	-0.269753	0.0893434	0.958776	-9.06689	1.46632	60.8015	
0.962047	0.00573545	0.272825	0.0197147	0.995706	-0.0904509	-0.272172	0.0923966	0.957802	-9.28407	1.53915	61.5696	
0.961342	0.0059776	0.275293	0.0205574	0.995416	-0.0934018	-0.274589	0.0954504	0.956812	-9.50319	1.61443	62.3369	
0.96063	0.0062279	0.277761	0.021408	0.995117	-0.0963514	-0.277005	0.0985044	0.955806	-9.72425	1.69216	63.1034	
0.959911	0.00648633	0.280229	0.0222666	0.994808	-0.0992995	-0.279418	0.101558	0.954783	-9.94724	1.77234	63.8691	
0.959186	0.00675288	0.282697	0.023133	0.99449	-0.102246	-0.281829	0.104612	0.953744	-10.1722	1.85496	64.6339	
0.958453	0.00702755	0.285163	0.0240072	0.994162	-0.10519	-0.284238	0.107665	0.952689	-10.399	1.94004	65.3979	
0.957714	0.0073103	0.287629	0.0248891	0.993825	-0.108132	-0.286643	0.110718	0.951618	-10.6278	2.02755	66.1611	
0.956968	0.00760113	0.290093	0.0257786	0.993478	-0.111071	-0.289046	0.113769	0.950531	-10.8585	2.11752	66.9234	
0.956216	0.0079	0.292556	0.0266758	0.993122	-0.114007	-0.291444	0.11682	0.949428	-11.0912	2.20993	67.6848	
0.955457	0.00820689	0.295016	0.0275804	0.992756	-0.11694	-0.293839	0.119868	0.948309	-11.3257	2.30479	68.4454	
0.954692	0.00852176	0.297475	0.0284925	0.992381	-0.11987	-0.29623	0.122915	0.947175	-11.5622	2.40208	69.205	
0.95392	0.00884459	0.29993	0.029412	0.991996	-0.122797	-0.298616	0.12596	0.946025	-11.8006	2.50182	69.9637	
0.95679	0.00752871	0.290684	0.0345496	0.98964	-0.139352	-0.288721	0.143374	0.946617	-12.036	2.60976	70.7222	
0.959562	0.00604295	0.281433	0.0395131	0.98698	-0.155915	-0.278711	0.16073	0.946829	-12.2634	2.73164	71.4811	
0.962236	0.00438791	0.272182	0.0443006	0.984017	-0.172478	-0.268588	0.178022	0.946662	-12.4827	2.8674	72.2399	
0.96481	0.00256426	0.262934	0.0489099	0.980752	-0.189035	-0.258358	0.195243	0.946114	-12.6939	3.01699	72.9985	
0.967284	0.000572717	0.253694	0.0533394	0.977186	-0.205579	-0.248024	0.212385	0.945186	-12.8968	3.18036	73.7565	
0.969657	-0.00158591	0.244465	0.0575873	0.973321	-0.222103	-0.23759	0.229442	0.943879	-13.0915	3.35743	74.5135	
0.971927	-0.00391075	0.23525	0.0616517	0.969159	-0.238601	-0.227061	0.246406	0.942193	-13.2777	3.54814	75.2694	
0.974094	-0.00640088	0.226053	0.0655312	0.9647	-0.255066	-0.216441	0.263272	0.940128	-13.4554	3.7524	76.0238	
0.976156	-0.00905529	0.216879	0.0692241	0.959948	-0.271492	-0.205734	0.280032	0.937686	-13.6246	3.97014	76.7764	
0.978114	-0.0118729	0.20773	0.072729	0.954903	-0.287872	-0.194944	0.29668	0.934868	-13.7852	4.20127	77.5268	
