1	0	0	0	1	0	0	0	1	0	0	0	
0.999998	-3.81573e-06	0.0021803	-3.81573e-06	0.999994	0.00350017	-0.0021803	-0.00350017	0.999991	-0.000869919	-0.00139654	0.797978	
0.99999	-1.52688e-05	0.00436125	-1.52711e-05	0.999975	0.00700244	-0.00436125	-0.00700244	0.999966	-0.00347993	-0.00558698	1.59594	
0.999979	-3.43684e-05	0.0065428	-3.43776e-05	0.999945	0.0105067	-0.0065428	-0.0105067	0.999923	-0.00783055	-0.012573	2.39388	
0.999962	-6.11234e-05	0.0087249	-6.11463e-05	0.999902	0.0140129	-0.0087249	-0.0140129	0.999864	-0.0139222	-0.0223561	3.19177	
0.999941	-9.55422e-05	0.0109075	-9.5588e-05	0.999846	0.017521	-0.0109075	-0.017521	0.999787	-0.0217553	-0.0349378	3.98962	
0.999914	-0.000137633	0.0130905	-0.000137713	0.999779	0.0210308	-0.0130905	-0.0210308	0.999693	-0.0313303	-0.0503196	4.78739	
0.999883	-0.000187404	0.0152739	-0.000187532	0.999699	0.0245423	-0.0152739	-0.0245423	0.999582	-0.0426475	-0.0685028	5.58508	
0.999848	-0.000244862	0.0174577	-0.000245054	0.999606	0.0280554	-0.0174577	-0.0280554	0.999454	-0.0557071	-0.0894888	6.38268	
0.999807	-0.000310014	0.0196417	-0.000310289	0.999501	0.03157	-0.0196417	-0.03157	0.999309	-0.0705094	-0.113279	7.18016	
0.999762	-0.000382868	0.021826	-0.000383247	0.999384	0.035086	-0.021826	-0.035086	0.999146	-0.0870547	-0.139874	7.97753	
0.999712	-0.00046343	0.0240105	-0.000463935	0.999255	0.0386034	-0.0240105	-0.0386034	0.998966	-0.105343	-0.169275	8.77476	
0.999657	-0.000551706	0.0261951	-0.000552362	0.999112	0.042122	-0.0261951	-0.042122	0.998769	-0.125375	-0.201484	9.57183	
0.999597	-0.000647701	0.0283797	-0.000648537	0.998958	0.0456418	-0.0283797	-0.0456418	0.998555	-0.147149	-0.236501	10.3687	
0.999533	-0.000751422	0.0305644	-0.000752468	0.99879	0.0491627	-0.0305644	-0.0491627	0.998323	-0.170667	-0.274327	11.1655	
0.999463	-0.000862874	0.0327491	-0.000864162	0.998611	0.0526846	-0.0327491	-0.0526846	0.998074	-0.195929	-0.314963	11.962	
0.999389	-0.000982062	0.0349337	-0.000983625	0.998419	0.0562075	-0.0349336	-0.0562075	0.997808	-0.222934	-0.35841	12.7584	
0.99931	-0.00110899	0.0371181	-0.00111087	0.998214	0.0597311	-0.0371181	-0.0597312	0.997524	-0.251682	-0.404668	13.5545	
0.999227	-0.00124366	0.0393024	-0.00124589	0.997997	0.0632556	-0.0393023	-0.0632556	0.997223	-0.282173	-0.453739	14.3504	
0.999138	-0.00138608	0.0414864	-0.00138871	0.997767	0.0667807	-0.0414863	-0.0667808	0.996905	-0.314407	-0.505622	15.146	
0.999045	-0.00153625	0.0436702	-0.00153932	0.997524	0.0703065	-0.0436701	-0.0703065	0.996569	-0.348383	-0.560319	15.9414	
0.998947	-0.00169418	0.0458536	-0.00169773	0.997269	0.0738327	-0.0458534	-0.0738328	0.996216	-0.384102	-0.617829	16.7365	
0.998844	-0.00185987	0.0480366	-0.00186395	0.997002	0.0773594	-0.0480364	-0.0773595	0.995845	-0.421563	-0.678153	17.5313	
0.998736	-0.00203331	0.0502192	-0.00203798	0.996721	0.0808864	-0.050219	-0.0808865	0.995457	-0.460766	-0.741292	18.3258	
0.998624	-0.00221452	0.0524013	-0.00221983	0.996428	0.0844136	-0.052401	-0.0844138	0.995052	-0.501711	-0.807245	19.12	
0.998506	-0.0024035	0.0545828	-0.00240949	0.996123	0.0879411	-0.0545825	-0.0879413	0.994629	-0.544396	-0.876013	19.9139	
0.998384	-0.00260024	0.0567637	-0.00260699	0.995805	0.0914686	-0.0567634	-0.0914688	0.994189	-0.588822	-0.947596	20.7074	
0.998257	-0.00280475	0.058944	-0.00281231	0.995474	0.0949962	-0.0589437	-0.0949964	0.993731	-0.634988	-1.02199	21.5005	
0.998126	-0.00301703	0.0611236	-0.00302546	0.99513	0.0985237	-0.0611232	-0.098524	0.993256	-0.682894	-1.09921	22.2933	
0.997989	-0.00323708	0.0633025	-0.00324645	0.994774	0.102051	-0.063302	-0.102051	0.992763	-0.732538	-1.17923	23.0857	
0.997848	-0.0034649	0.0654805	-0.00347528	0.994405	0.105578	-0.06548	-0.105578	0.992253	-0.783921	-1.26208	23.8777	
0.997702	-0.00370049	0.0676577	-0.00371195	0.994023	0.109105	-0.0676571	-0.109105	0.991725	-0.837041	-1.34773	24.6693	
0.997551	-0.00394385	0.069834	-0.00395646	0.993629	0.112631	-0.0698333	-0.112632	0.99118	-0.891899	-1.4362	25.4605	
0.997395	-0.00419499	0.0720094	-0.00420882	0.993222	0.116157	-0.0720086	-0.116158	0.990617	-0.948492	-1.52749	26.2512	
0.997235	-0.00445389	0.0741837	-0.00446902	0.992802	0.119683	-0.0741828	-0.119683	0.990037	-1.00682	-1.62159	27.0415	
0.997069	-0.00472056	0.076357	-0.00473707	0.99237	0.123207	-0.076356	-0.123208	0.989439	-1.06688	-1.7185	27.8313	
0.996899	-0.004995	0.0785292	-0.00501297	0.991924	0.126731	-0.0785281	-0.126732	0.988824	-1.12868	-1.81822	28.6206	
0.996724	-0.00527721	0.0807002	-0.00529672	0.991466	0.130254	-0.0806989	-0.130255	0.988191	-1.19221	-1.92076	29.4094	
0.996545	-0.00556718	0.08287	-0.00558832	0.990996	0.133777	-0.0828686	-0.133777	0.987541	-1.25747	-2.0261	30.1977	
0.99636	-0.00586491	0.0850386	-0.00588778	0.990512	0.137298	-0.085037	-0.137299	0.986873	-1.32447	-2.13426	30.9854	
0.996171	-0.0061704	0.0872059	-0.00619508	0.990016	0.140818	-0.0872041	-0.140819	0.986187	-1.39319	-2.24523	31.7727	
0.995977	-0.00648365	0.0893718	-0.00651023	0.989507	0.144337	-0.0893698	-0.144338	0.985484	-1.46364	-2.359	32.5594	
0.995778	-0.00680465	0.0915363	-0.00683322	0.988985	0.147855	-0.0915341	-0.147856	0.984764	-1.53582	-2.47559	33.3455	
0.995575	-0.00713341	0.0936993	-0.00716407	0.988451	0.151371	-0.093697	-0.151373	0.984026	-1.60973	-2.59497	34.131	
0.995367	-0.0074699	0.0958608	-0.00750276	0.987904	0.154886	-0.0958583	-0.154888	0.983271	-1.68536	-2.71717	34.9159	
0.995154	-0.00781414	0.0980208	-0.0078493	0.987344	0.1584	-0.098018	-0.158402	0.982497	-1.76271	-2.84217	35.7003	
0.994936	-0.00816612	0.100179	-0.00820368	0.986771	0.161912	-0.100176	-0.161914	0.981707	-1.84179	-2.96997	36.484	
0.994713	-0.00852584	0.102336	-0.0085659	0.986186	0.165423	-0.102333	-0.165425	0.980899	-1.92259	-3.10058	37.267	
0.994486	-0.00889328	0.104491	-0.00893596	0.985587	0.168931	-0.104487	-0.168934	0.980073	-2.00511	-3.23398	38.0494	
0.994254	-0.00926845	0.106644	-0.00931386	0.984976	0.172438	-0.10664	-0.172441	0.97923	-2.08934	-3.37019	38.8312	
0.994017	-0.00965133	0.108796	-0.00969958	0.984352	0.175943	-0.108791	-0.175946	0.97837	-2.1753	-3.50919	39.6122	
0.993776	-0.0100419	0.110945	-0.0100931	0.983716	0.179446	-0.110941	-0.179449	0.977492	-2.26297	-3.65099	40.3926	
0.99353	-0.0104402	0.113093	-0.0104945	0.983067	0.182948	-0.113088	-0.182951	0.976596	-2.35236	-3.79559	41.1723	
0.993279	-0.0108462	0.115239	-0.0109037	0.982405	0.186446	-0.115233	-0.18645	0.975683	-2.44345	-3.94297	41.9512	
0.993023	-0.0112599	0.117382	-0.0113207	0.98173	0.189943	-0.117376	-0.189947	0.974753	-2.53626	-4.09315	42.7294	
0.992763	-0.0116813	0.119524	-0.0117456	0.981042	0.193438	-0.119518	-0.193441	0.973805	-2.63078	-4.24612	43.5069	
0.992393	-0.0122814	0.122494	-0.0125192	0.979785	0.199659	-0.12247	-0.199674	0.972179	-2.72733	-4.40297	44.2833	
0.992015	-0.0129009	0.125462	-0.0133118	0.978489	0.205871	-0.125419	-0.205897	0.970503	-2.82624	-4.56479	45.0584	
0.991627	-0.0135399	0.128426	-0.0141233	0.977152	0.212071	-0.128364	-0.212109	0.968779	-2.92749	-4.73157	45.8322	
0.991229	-0.0141984	0.131388	-0.0149536	0.975776	0.218261	-0.131304	-0.218312	0.967005	-3.0311	-4.9033	46.6045	
0.990823	-0.0148764	0.134346	-0.0158027	0.97436	0.22444	-0.13424	-0.224503	0.965183	-3.13705	-5.07998	47.3755	
0.990407	-0.0155737	0.137301	-0.0166706	0.972904	0.230607	-0.137172	-0.230683	0.963312	-3.24534	-5.2616	48.1449	
0.989982	-0.0162905	0.140252	-0.0175573	0.971409	0.236762	-0.140099	-0.236852	0.961391	-3.35597	-5.44814	48.9128	
0.989548	-0.0170267	0.143198	-0.0184627	0.969875	0.242904	-0.14302	-0.243009	0.959423	-3.46893	-5.6396	49.6792	
0.989104	-0.0177822	0.146141	-0.0193869	0.968301	0.249035	-0.145936	-0.249154	0.957405	-3.58422	-5.83597	50.444	
0.988651	-0.018557	0.149079	-0.0203296	0.966687	0.255152	-0.148847	-0.255287	0.955339	-3.70184	-6.03724	51.2072	
0.988189	-0.0193511	0.152012	-0.021291	0.965035	0.261256	-0.151752	-0.261407	0.953225	-3.82178	-6.24339	51.9687	
0.987718	-0.0201644	0.15494	-0.022271	0.963343	0.267347	-0.154651	-0.267514	0.951062	-3.94403	-6.45443	52.7285	
0.987238	-0.0209969	0.157863	-0.0232695	0.961612	0.273423	-0.157544	-0.273607	0.948851	-4.06859	-6.67033	53.4866	
0.986748	-0.0218486	0.160781	-0.0242866	0.959843	0.279486	-0.160431	-0.279687	0.946592	-4.19546	-6.89109	54.2428	
0.98625	-0.0227194	0.163693	-0.025322	0.958034	0.285534	-0.16331	-0.285753	0.944286	-4.32463	-7.1167	54.9973	
0.985742	-0.0236092	0.166599	-0.0263759	0.956187	0.291567	-0.166183	-0.291804	0.941931	-4.4561	-7.34714	55.7498	
0.985225	-0.0245181	0.169499	-0.0274482	0.954301	0.297585	-0.169049	-0.297841	0.939528	-4.58985	-7.5824	56.5005	
0.9847	-0.0254459	0.172393	-0.0285388	0.952376	0.303587	-0.171908	-0.303862	0.937078	-4.72589	-7.82248	57.2493	
0.984165	-0.0263926	0.17528	-0.0296476	0.950413	0.309574	-0.174759	-0.309868	0.934581	-4.86421	-8.06735	57.9961	
0.983621	-0.0273582	0.17816	-0.0307747	0.948412	0.315545	-0.177602	-0.315859	0.932036	-5.0048	-8.31701	58.7408	
0.983068	-0.0283426	0.181034	-0.0319199	0.946372	0.321499	-0.180437	-0.321834	0.929444	-5.14765	-8.57144	59.4835	
0.982507	-0.0293457	0.1839	-0.0330833	0.944294	0.327436	-0.183265	-0.327792	0.926804	-5.29276	-8.83064	60.2242	
0.981936	-0.0303675	0.186759	-0.0342647	0.942178	0.333357	-0.186083	-0.333734	0.924118	-5.44013	-9.09458	60.9627	
0.981357	-0.0314079	0.18961	-0.0354641	0.940024	0.33926	-0.188894	-0.339659	0.921385	-5.58974	-9.36326	61.699	
0.980769	-0.0324668	0.192454	-0.0366815	0.937832	0.345145	-0.191695	-0.345567	0.918606	-5.7416	-9.63666	62.4331	
0.980172	-0.0335442	0.195289	-0.0379167	0.935603	0.351013	-0.194487	-0.351457	0.91578	-5.89568	-9.91477	63.1651	
0.979566	-0.03464	0.198116	-0.0391698	0.933336	0.356862	-0.197271	-0.35733	0.912907	-6.05199	-10.1976	63.8947	
0.978952	-0.0357541	0.200935	-0.0404406	0.931031	0.362692	-0.200044	-0.363184	0.909989	-6.21051	-10.485	64.622	
0.978329	-0.0368864	0.203745	-0.0417291	0.928689	0.368504	-0.202808	-0.36902	0.907024	-6.37125	-10.7772	65.347	
0.977697	-0.0380369	0.206546	-0.0430353	0.92631	0.374297	-0.205563	-0.374838	0.904014	-6.53418	-11.074	66.0696	
0.977057	-0.0392055	0.209338	-0.044359	0.923894	0.38007	-0.208307	-0.380636	0.900958	-6.69931	-11.3754	66.7897	
0.976408	-0.0403921	0.212121	-0.0457002	0.92144	0.385823	-0.211041	-0.386415	0.897856	-6.86663	-11.6815	67.5074	
0.975751	-0.0415966	0.214894	-0.0470588	0.91895	0.391556	-0.213764	-0.392174	0.894709	-7.03612	-11.9921	68.2227	
0.975086	-0.042819	0.217657	-0.0484348	0.916423	0.397269	-0.216477	-0.397913	0.891517	-7.20779	-12.3073	68.9354	
0.974412	-0.044059	0.220411	-0.0498281	0.91386	0.40296	-0.219179	-0.403632	0.88828	-7.38161	-12.6272	69.6455	
0.973062	-0.0465682	0.225791	-0.0540391	0.90603	0.419749	-0.22412	-0.420644	0.879107	-7.55849	-12.956	70.3507	
0.971683	-0.0491805	0.231114	-0.0583431	0.897878	0.436361	-0.228973	-0.437488	0.869584	-7.73927	-13.2984	71.0484	
0.970274	-0.0518948	0.236378	-0.0627385	0.889408	0.452788	-0.233734	-0.454158	0.859714	-7.92389	-13.6542	71.7384	
0.968837	-0.05471	0.241581	-0.0672234	0.880623	0.469024	-0.238403	-0.470648	0.849503	-8.11228	-14.0232	72.4204	
0.967372	-0.057625	0.246721	-0.0717962	0.871527	0.485063	-0.242976	-0.48695	0.838953	-8.30435	-14.4053	73.0941	
0.965879	-0.0606387	0.251796	-0.0764549	0.862123	0.500898	-0.247453	-0.503058	0.82807	-8.50003	-14.8003	73.7592	
0.964359	-0.0637499	0.256803	-0.0811977	0.852414	0.516524	-0.251831	-0.518966	0.816857	-8.69925	-15.2081	74.4156	
0.962813	-0.0669573	0.261741	-0.0860227	0.842406	0.531933	-0.256109	-0.534668	0.805319	-8.90192	-15.6285	75.0628	
0.961241	-0.0702596	0.266608	-0.0909281	0.8321	0.547121	-0.260285	-0.550157	0.79346	-9.10796	-16.0614	75.7007	
