1	0	0	0	1	0	0	0	1	0	0	0	
0.999997	-1.81521e-06	-0.00234607	-1.81521e-06	0.999999	-0.00154745	0.00234607	0.00154745	0.999996	0.000927763	0.000611946	0.790908	
0.999989	-7.27728e-06	-0.00469783	-7.27474e-06	0.999995	-0.00309758	0.00469783	0.00309758	0.999984	0.00371331	0.00244884	1.58181	
0.999975	-1.641e-05	-0.00705523	-1.63998e-05	0.999989	-0.00465033	0.00705523	0.00465033	0.999964	0.00836111	0.00551279	2.3727	
0.999956	-2.92368e-05	-0.0094182	-2.92113e-05	0.999981	-0.00620567	0.0094182	0.00620567	0.999936	0.0148756	0.00980585	3.16357	
0.999931	-4.57809e-05	-0.0117867	-4.57297e-05	0.99997	-0.00776353	0.0117867	0.00776353	0.9999	0.0232612	0.01533	3.95441	
0.9999	-6.60651e-05	-0.0141605	-6.59754e-05	0.999957	-0.00932387	0.0141605	0.00932387	0.999856	0.0335221	0.0220873	4.74523	
0.999863	-9.01121e-05	-0.0165398	-8.99682e-05	0.999941	-0.0108866	0.0165398	0.0108866	0.999804	0.0456627	0.0300797	5.536	
0.999821	-0.000117944	-0.0189243	-0.000117728	0.999922	-0.0124518	0.0189243	0.0124518	0.999743	0.0596872	0.039309	6.32673	
0.999773	-0.000149583	-0.0213141	-0.000149273	0.999902	-0.0140193	0.0213141	0.0140193	0.999675	0.0755996	0.049777	7.11741	
0.999719	-0.00018505	-0.023709	-0.000184624	0.999878	-0.015589	0.023709	0.015589	0.999597	0.0934042	0.0614858	7.90803	
0.999659	-0.000224367	-0.026109	-0.000223798	0.999853	-0.017161	0.026109	0.017161	0.999512	0.113105	0.0744369	8.69859	
0.999593	-0.000267556	-0.028514	-0.000266813	0.999824	-0.0187352	0.028514	0.0187351	0.999418	0.134706	0.0886322	9.48908	
0.999522	-0.000314635	-0.0309239	-0.000313689	0.999794	-0.0203114	0.0309239	0.0203114	0.999315	0.158211	0.104073	10.2795	
0.999444	-0.000365627	-0.0333387	-0.000364442	0.99976	-0.0218898	0.0333387	0.0218898	0.999204	0.183624	0.120762	11.0698	
0.99936	-0.000420551	-0.0357583	-0.000419089	0.999724	-0.0234702	0.0357583	0.0234702	0.999085	0.210949	0.1387	11.86	
0.999271	-0.000479426	-0.0381826	-0.000477648	0.999686	-0.0250526	0.0381827	0.0250526	0.998957	0.240189	0.157888	12.6502	
0.999175	-0.000542273	-0.0406116	-0.000540135	0.999645	-0.0266369	0.0406117	0.0266369	0.99882	0.271349	0.178329	13.4402	
0.999073	-0.00060911	-0.0430452	-0.000606566	0.999601	-0.0282231	0.0430453	0.0282231	0.998674	0.304431	0.200024	14.2301	
0.998965	-0.000679956	-0.0454833	-0.000676958	0.999555	-0.0298111	0.0454834	0.0298111	0.99852	0.33944	0.222974	15.0199	
0.998851	-0.00075483	-0.0479259	-0.000751325	0.999507	-0.0314009	0.047926	0.0314009	0.998357	0.376379	0.24718	15.8096	
0.99873	-0.000833749	-0.0503728	-0.000829684	0.999455	-0.0329925	0.0503729	0.0329924	0.998185	0.415252	0.272645	16.5991	
0.998603	-0.000916733	-0.0528241	-0.000912049	0.999401	-0.0345857	0.0528242	0.0345856	0.998005	0.456062	0.299369	17.3885	
0.99847	-0.0010038	-0.0552796	-0.000998434	0.999345	-0.0361806	0.0552797	0.0361804	0.997815	0.498812	0.327354	18.1778	
0.998331	-0.00109496	-0.0577392	-0.00108885	0.999286	-0.037777	0.0577393	0.0377768	0.997617	0.543506	0.3566	18.9669	
0.998185	-0.00119024	-0.060203	-0.00118332	0.999224	-0.039375	0.0602031	0.0393748	0.997409	0.590147	0.38711	19.7559	
0.998033	-0.00128965	-0.0626707	-0.00128186	0.999159	-0.0409744	0.0626709	0.0409742	0.997193	0.638738	0.418885	20.5446	
0.997875	-0.0013932	-0.0651425	-0.00138446	0.999092	-0.0425753	0.0651427	0.042575	0.996967	0.689283	0.451925	21.3332	
0.99771	-0.00150093	-0.0676181	-0.00149116	0.999023	-0.0441776	0.0676183	0.0441773	0.996733	0.741783	0.486231	22.1216	
0.997539	-0.00161283	-0.0700975	-0.00160196	0.99895	-0.0457812	0.0700977	0.0457808	0.996489	0.796244	0.521806	22.9099	
0.997361	-0.00172892	-0.0725806	-0.00171687	0.998875	-0.0473861	0.0725809	0.0473857	0.996236	0.852667	0.558649	23.6979	
0.997177	-0.00184923	-0.0750675	-0.0018359	0.998797	-0.0489923	0.0750678	0.0489918	0.995974	0.911055	0.596762	24.4857	
0.996986	-0.00197376	-0.0775579	-0.00195908	0.998717	-0.0505996	0.0775583	0.050599	0.995703	0.971412	0.636146	25.2734	
0.996788	-0.00210253	-0.0800518	-0.0020864	0.998634	-0.0522081	0.0800522	0.0522074	0.995423	1.03374	0.676801	26.0608	
0.996584	-0.00223555	-0.0825492	-0.00221788	0.998548	-0.0538177	0.0825497	0.0538169	0.995133	1.09804	0.718729	26.8479	
0.996374	-0.00237283	-0.08505	-0.00235353	0.99846	-0.0554283	0.0850505	0.0554275	0.994834	1.16432	0.76193	27.6349	
0.996157	-0.0025144	-0.0875541	-0.00249336	0.998369	-0.0570399	0.0875547	0.057039	0.994525	1.23258	0.806405	28.4216	
0.995933	-0.00266026	-0.0900614	-0.00263738	0.998275	-0.0586524	0.0900621	0.0586514	0.994208	1.30282	0.852156	29.208	
0.995702	-0.00281042	-0.0925719	-0.0027856	0.998178	-0.0602659	0.0925726	0.0602647	0.993881	1.37504	0.899182	29.9942	
0.995465	-0.0029649	-0.0950855	-0.00293803	0.998079	-0.0618802	0.0950863	0.0618789	0.993544	1.44925	0.947484	30.7802	
0.995221	-0.00312371	-0.0976021	-0.00309467	0.997977	-0.0634953	0.097603	0.0634939	0.993198	1.52545	0.997063	31.5658	
0.99497	-0.00328686	-0.100122	-0.00325554	0.997873	-0.0651111	0.100123	0.0651096	0.992842	1.60364	1.04792	32.3512	
0.994712	-0.00345436	-0.102644	-0.00342064	0.997765	-0.0667277	0.102645	0.0667259	0.992478	1.68383	1.10006	33.1363	
0.994448	-0.00362623	-0.105169	-0.00358999	0.997655	-0.0683449	0.105171	0.068343	0.992103	1.76601	1.15347	33.9211	
0.994176	-0.00380247	-0.107697	-0.00376359	0.997543	-0.0699627	0.107699	0.0699606	0.991719	1.85019	1.20816	34.7056	
0.993898	-0.00398309	-0.110228	-0.00394144	0.997427	-0.0715811	0.110229	0.0715788	0.991325	1.93637	1.26413	35.4899	
0.993613	-0.00416811	-0.112761	-0.00412355	0.997309	-0.0732	0.112763	0.0731974	0.990922	2.02455	1.32139	36.2737	
0.993322	-0.00435753	-0.115297	-0.00430994	0.997188	-0.0748193	0.115299	0.0748166	0.990509	2.11474	1.37992	37.0573	
0.993023	-0.00455136	-0.117835	-0.0045006	0.997064	-0.0764391	0.117837	0.0764361	0.990087	2.20694	1.43973	37.8405	
0.992717	-0.00474962	-0.120376	-0.00469555	0.996938	-0.0780592	0.120378	0.0780559	0.989655	2.30114	1.50083	38.6234	
0.992404	-0.00495231	-0.122918	-0.00489478	0.996809	-0.0796797	0.122921	0.0796761	0.989213	2.39735	1.5632	39.406	
0.992085	-0.00515943	-0.125464	-0.0050983	0.996677	-0.0813004	0.125466	0.0812965	0.988761	2.49558	1.62686	40.1882	
0.991758	-0.00537101	-0.128011	-0.00530612	0.996542	-0.0829213	0.128014	0.0829171	0.9883	2.59582	1.6918	40.97	
0.991425	-0.00558703	-0.13056	-0.00551825	0.996405	-0.0845424	0.130563	0.0845379	0.987829	2.69807	1.75802	41.7515	
0.991084	-0.00580752	-0.133111	-0.00573468	0.996264	-0.0861637	0.133115	0.0861588	0.987349	2.80235	1.82552	42.5326	
0.990343	-0.006281	-0.138499	-0.00589627	0.996161	-0.0873379	0.138516	0.0873111	0.986504	2.90976	1.89412	43.3132	
0.989571	-0.00676112	-0.143886	-0.00606513	0.996056	-0.088517	0.143917	0.0884666	0.985628	3.02145	1.96364	44.0931	
0.98877	-0.0072479	-0.149271	-0.00624131	0.995949	-0.0897008	0.149317	0.0896251	0.984719	3.13742	2.03406	44.8722	
0.987938	-0.00774134	-0.154655	-0.00642483	0.99584	-0.0908891	0.154716	0.0907864	0.983779	3.25765	2.10541	45.6507	
0.987077	-0.00824148	-0.160038	-0.00661574	0.995729	-0.0920816	0.160113	0.0919503	0.982807	3.38215	2.17767	46.4284	
0.986185	-0.0087483	-0.165418	-0.00681405	0.995617	-0.0932781	0.165509	0.0931166	0.981802	3.51092	2.25086	47.2053	
0.985263	-0.00926183	-0.170796	-0.0070198	0.995502	-0.0944784	0.170903	0.094285	0.980766	3.64395	2.32497	47.9814	
0.984311	-0.00978207	-0.176171	-0.00723302	0.995386	-0.0956823	0.176294	0.0954554	0.979698	3.78125	2.4	48.7567	
0.983329	-0.010309	-0.181544	-0.0074537	0.995267	-0.0968896	0.181683	0.0966275	0.978598	3.92282	2.47596	49.5311	
0.982317	-0.0108427	-0.186913	-0.00768189	0.995147	-0.0981	0.187069	0.0978011	0.977466	4.06864	2.55285	50.3047	
0.981274	-0.0113831	-0.192278	-0.00791758	0.995025	-0.0993133	0.192452	0.098976	0.976302	4.21873	2.63067	51.0773	
0.980202	-0.0119303	-0.19764	-0.00816079	0.994901	-0.100529	0.197832	0.100152	0.975106	4.37307	2.70941	51.849	
0.9791	-0.0124841	-0.202998	-0.00841153	0.994775	-0.101748	0.203207	0.101329	0.973878	4.53166	2.78909	52.6197	
0.977967	-0.0130447	-0.208351	-0.0086698	0.994647	-0.102969	0.208579	0.102506	0.972619	4.6945	2.8697	53.3895	
0.976805	-0.013612	-0.2137	-0.00893559	0.994517	-0.104192	0.213946	0.103684	0.971327	4.86159	2.95124	54.1582	
0.975612	-0.0141861	-0.219043	-0.00920892	0.994386	-0.105416	0.219309	0.104863	0.970004	5.03293	3.03371	54.9259	
0.974389	-0.0147668	-0.224382	-0.00948977	0.994252	-0.106643	0.224667	0.106041	0.968649	5.2085	3.11711	55.6926	
0.973137	-0.0153543	-0.229715	-0.00977813	0.994117	-0.10787	0.230019	0.107219	0.967262	5.38831	3.20144	56.4581	
0.971854	-0.0159484	-0.235042	-0.010074	0.99398	-0.109099	0.235367	0.108397	0.965843	5.57235	3.28671	57.2226	
0.970542	-0.0165493	-0.240362	-0.0103774	0.993841	-0.110329	0.240708	0.109574	0.964393	5.76061	3.37291	57.9859	
0.9692	-0.0171568	-0.245677	-0.0106882	0.9937	-0.11156	0.246043	0.11075	0.962911	5.9531	3.46004	58.7481	
0.967828	-0.017771	-0.250984	-0.0110065	0.993558	-0.112791	0.251372	0.111925	0.961397	6.14981	3.54809	59.5091	
0.966426	-0.0183919	-0.256285	-0.0113322	0.993413	-0.114023	0.256694	0.113099	0.959852	6.35072	3.63708	60.2688	
0.964995	-0.0190193	-0.261579	-0.0116652	0.993267	-0.115255	0.26201	0.114272	0.958276	6.55585	3.727	61.0274	
0.963534	-0.0196534	-0.266865	-0.0120057	0.99312	-0.116486	0.267318	0.115443	0.956668	6.76517	3.81784	61.7846	
0.962043	-0.0202941	-0.272143	-0.0123535	0.99297	-0.117718	0.272618	0.116612	0.955029	6.9787	3.90961	62.5406	
0.960523	-0.0209414	-0.277413	-0.0127086	0.992819	-0.118949	0.277911	0.117779	0.953359	7.19641	4.0023	63.2953	
0.958973	-0.0215952	-0.282674	-0.013071	0.992666	-0.120179	0.283196	0.118943	0.951658	7.4183	4.09591	64.0487	
0.957394	-0.0222555	-0.287927	-0.0134405	0.992512	-0.121408	0.288473	0.120106	0.949925	7.64437	4.19044	64.8007	
0.955785	-0.0229224	-0.293171	-0.0138173	0.992355	-0.122637	0.293741	0.121265	0.948162	7.87461	4.28589	65.5513	
0.954147	-0.0235957	-0.298406	-0.0142012	0.992198	-0.123864	0.299	0.122422	0.946368	8.10901	4.38226	66.3005	
0.95248	-0.0242755	-0.303631	-0.0145921	0.992038	-0.125089	0.30425	0.123575	0.944543	8.34757	4.47954	67.0482	
0.950784	-0.0249617	-0.308847	-0.01499	0.991877	-0.126313	0.309491	0.124726	0.942687	8.59028	4.57773	67.7946	
0.949059	-0.0256543	-0.314052	-0.015395	0.991715	-0.127534	0.314722	0.125873	0.940801	8.83713	4.67683	68.5394	
0.947305	-0.0263532	-0.319247	-0.0158068	0.991551	-0.128754	0.319943	0.127016	0.938884	9.08811	4.77684	69.2827	
0.945522	-0.0270585	-0.324432	-0.0162254	0.991385	-0.129971	0.325154	0.128155	0.936937	9.34321	4.87775	70.0245	
0.94371	-0.0277701	-0.329606	-0.0166508	0.991218	-0.131186	0.330354	0.12929	0.93496	9.60244	4.97956	70.7648	
0.937047	-0.0302775	-0.347889	-0.0158185	0.991531	-0.128903	0.348845	0.126291	0.928632	9.87104	5.08063	71.5018	
0.930022	-0.0327255	-0.366044	-0.0149411	0.991837	-0.126635	0.3672	0.123242	0.921941	10.1542	5.17931	72.2336	
0.922639	-0.0351132	-0.384064	-0.0140189	0.992135	-0.124384	0.385411	0.120146	0.91489	10.4518	5.27557	72.96	
0.914899	-0.0374398	-0.401942	-0.0130522	0.992426	-0.122151	0.403471	0.117002	0.907481	10.7638	5.36935	73.6807	
0.906807	-0.0397042	-0.419671	-0.0120414	0.992709	-0.119936	0.421373	0.113813	0.899717	11.09	5.46063	74.3954	
0.898366	-0.0419055	-0.437245	-0.010987	0.992984	-0.117741	0.439111	0.110579	0.891602	11.4303	5.54937	75.1038	
0.889577	-0.044043	-0.454656	-0.00988929	0.993251	-0.115567	0.456677	0.107302	0.883138	11.7846	5.63553	75.8057	
0.880446	-0.0461158	-0.471898	-0.00874877	0.993509	-0.113413	0.474065	0.103983	0.874328	12.1526	5.71909	76.5007	
