1	0	0	0	1	0	0	0	1	0	0	0	
0.999999	2.25418e-07	-0.00165653	2.25418e-07	1	0.000272157	0.00165653	-0.000272157	0.999999	0.00070779	-0.000116285	0.854545	
0.999994	9.04351e-07	-0.0033185	9.03776e-07	1	0.000544861	0.0033185	-0.000544861	0.999994	0.00283349	-0.000465374	1.70909	
0.999988	2.04063e-06	-0.00498586	2.03833e-06	1	0.0008181	0.00498586	-0.0008181	0.999987	0.00638172	-0.00104773	2.56363	
0.999978	3.63804e-06	-0.00665855	3.63226e-06	0.999999	0.00109186	0.00665855	-0.00109186	0.999977	0.0113571	-0.00186381	3.41816	
0.999965	5.7003e-06	-0.00833649	5.6887e-06	0.999999	0.00136614	0.00833649	-0.00136614	0.999964	0.017764	-0.00291404	4.27268	
0.99995	8.23107e-06	-0.0100196	8.2107e-06	0.999999	0.00164091	0.0100196	-0.00164091	0.999948	0.0256071	-0.00419887	5.12719	
0.999931	1.1234e-05	-0.0117079	1.12013e-05	0.999998	0.00191617	0.0117079	-0.00191617	0.99993	0.0348907	-0.00571872	5.98168	
0.99991	1.47125e-05	-0.0134013	1.46633e-05	0.999998	0.00219191	0.0134013	-0.00219191	0.999908	0.0456192	-0.00747399	6.83615	
0.999886	1.86702e-05	-0.0150997	1.85997e-05	0.999997	0.00246811	0.0150997	-0.00246811	0.999883	0.057797	-0.00946509	7.69061	
0.999859	2.31105e-05	-0.0168031	2.30133e-05	0.999996	0.00274476	0.0168031	-0.00274476	0.999855	0.0714282	-0.0116924	8.54504	
0.999829	2.80368e-05	-0.0185114	2.79068e-05	0.999995	0.00302185	0.0185114	-0.00302185	0.999824	0.0865171	-0.0141563	9.39945	
0.999795	3.34523e-05	-0.0202245	3.32828e-05	0.999995	0.00329937	0.0202245	-0.00329937	0.99979	0.103068	-0.0168572	10.2538	
0.999759	3.93603e-05	-0.0219424	3.91439e-05	0.999994	0.00357731	0.0219424	-0.0035773	0.999753	0.121085	-0.0197954	11.1082	
0.99972	4.5764e-05	-0.023665	4.54928e-05	0.999993	0.00385565	0.023665	-0.00385564	0.999713	0.140571	-0.0229713	11.9625	
0.999678	5.26666e-05	-0.0253922	5.23317e-05	0.999991	0.00413438	0.0253922	-0.00413437	0.999669	0.161532	-0.0263852	12.8168	
0.999632	6.0071e-05	-0.0271241	5.96633e-05	0.99999	0.00441349	0.0271241	-0.00441348	0.999622	0.183971	-0.0300375	13.671	
0.999583	6.79804e-05	-0.0288605	6.74897e-05	0.999989	0.00469297	0.0288605	-0.00469296	0.999572	0.207892	-0.0339284	14.5252	
0.999532	7.63975e-05	-0.0306013	7.58132e-05	0.999988	0.0049728	0.0306013	-0.00497279	0.999519	0.233298	-0.0380584	15.3794	
0.999477	8.53254e-05	-0.0323466	8.46361e-05	0.999986	0.00525298	0.0323466	-0.00525297	0.999463	0.260194	-0.0424275	16.2335	
0.999419	9.47668e-05	-0.0340962	9.39604e-05	0.999985	0.0055335	0.0340962	-0.00553348	0.999403	0.288583	-0.0470363	17.0876	
0.999357	0.000104724	-0.0358501	0.000103788	0.999983	0.00581433	0.0358501	-0.00581431	0.99934	0.318469	-0.0518849	17.9416	
0.999293	0.000115201	-0.0376082	0.000114122	0.999981	0.00609547	0.0376082	-0.00609545	0.999274	0.349856	-0.0569736	18.7955	
0.999225	0.000126199	-0.0393705	0.000124962	0.99998	0.00637692	0.0393705	-0.00637689	0.999204	0.382747	-0.0623027	19.6494	
0.999154	0.000137722	-0.0411368	0.000136312	0.999978	0.00665864	0.0411368	-0.00665861	0.999131	0.417145	-0.0678724	20.5032	
0.999079	0.000149771	-0.0429072	0.000148173	0.999976	0.00694064	0.0429072	-0.00694061	0.999055	0.453055	-0.073683	21.357	
0.999001	0.000162349	-0.0446816	0.000160547	0.999974	0.00722291	0.0446816	-0.00722287	0.998975	0.49048	-0.0797347	22.2107	
0.99892	0.000175458	-0.0464599	0.000173435	0.999972	0.00750542	0.0464599	-0.00750537	0.998892	0.529422	-0.0860277	23.0644	
0.998836	0.000189101	-0.048242	0.000186839	0.99997	0.00778817	0.048242	-0.00778812	0.998805	0.569885	-0.0925622	23.9179	
0.998748	0.00020328	-0.0500279	0.000200761	0.999967	0.00807115	0.0500279	-0.00807109	0.998715	0.611873	-0.0993384	24.7714	
0.998657	0.000217997	-0.0518175	0.000215201	0.999965	0.00835435	0.0518175	-0.00835428	0.998622	0.655389	-0.106356	25.6248	
0.998562	0.000233254	-0.0536108	0.000230162	0.999963	0.00863775	0.0536108	-0.00863767	0.998525	0.700436	-0.113617	26.4781	
0.998464	0.000249054	-0.0554076	0.000245644	0.99996	0.00892134	0.0554076	-0.00892125	0.998424	0.747016	-0.121119	27.3314	
0.998362	0.000265398	-0.057208	0.000261648	0.999958	0.00920512	0.057208	-0.00920501	0.99832	0.795134	-0.128864	28.1845	
0.998257	0.000282287	-0.0590118	0.000278177	0.999955	0.00948906	0.0590118	-0.00948894	0.998212	0.844792	-0.136851	29.0376	
0.998149	0.000299725	-0.0608191	0.000295231	0.999952	0.00977316	0.0608191	-0.00977303	0.998101	0.895992	-0.145082	29.8906	
0.998037	0.000317712	-0.0626296	0.00031281	0.999949	0.0100574	0.0626296	-0.0100573	0.997986	0.948738	-0.153554	30.7434	
0.997921	0.000336251	-0.0644435	0.000330916	0.999946	0.0103418	0.0644435	-0.0103416	0.997868	1.00303	-0.16227	31.5962	
0.997802	0.000355342	-0.0662605	0.000349551	0.999943	0.0106263	0.0662605	-0.0106261	0.997746	1.05888	-0.171229	32.4489	
0.99768	0.000374988	-0.0680807	0.000368713	0.99994	0.0109109	0.0680807	-0.0109107	0.99762	1.11628	-0.180431	33.3015	
0.997554	0.00039519	-0.0699039	0.000388405	0.999937	0.0111956	0.069904	-0.0111954	0.997491	1.17524	-0.189877	34.1539	
0.997424	0.000415949	-0.0717302	0.000408626	0.999934	0.0114805	0.0717302	-0.0114802	0.997358	1.23575	-0.199565	35.0063	
0.997291	0.000437267	-0.0735594	0.000429378	0.999931	0.0117654	0.0735594	-0.0117651	0.997221	1.29783	-0.209497	35.8585	
0.997154	0.000459145	-0.0753915	0.000450661	0.999927	0.0120503	0.0753915	-0.01205	0.997081	1.36147	-0.219673	36.7106	
0.997013	0.000481584	-0.0772264	0.000472476	0.999924	0.0123353	0.0772264	-0.012335	0.996937	1.42668	-0.230092	37.5626	
0.996869	0.000504586	-0.079064	0.000494822	0.99992	0.0126204	0.0790641	-0.01262	0.99679	1.49346	-0.240755	38.4145	
0.996722	0.000528151	-0.0809044	0.0005177	0.999917	0.0129055	0.0809045	-0.012905	0.996638	1.56181	-0.251661	39.2662	
0.99657	0.00055228	-0.0827474	0.00054111	0.999913	0.0131906	0.0827474	-0.0131901	0.996483	1.63174	-0.262811	40.1178	
0.996415	0.000576975	-0.0845929	0.000565053	0.999909	0.0134757	0.084593	-0.0134752	0.996324	1.70324	-0.274204	40.9693	
0.996257	0.000602235	-0.0864409	0.000589528	0.999905	0.0137608	0.086441	-0.0137603	0.996162	1.77632	-0.285841	41.8206	
0.996094	0.000628063	-0.0882913	0.000614536	0.999901	0.014046	0.0882914	-0.0140454	0.995996	1.85097	-0.297721	42.6718	
0.995929	0.000654458	-0.0901441	0.000640076	0.999897	0.0143311	0.0901443	-0.0143304	0.995826	1.92721	-0.309846	43.5229	
0.995759	0.000681422	-0.0919992	0.000666148	0.999893	0.0146161	0.0919994	-0.0146154	0.995652	2.00504	-0.322213	44.3738	
0.995585	0.000708954	-0.0938566	0.000692752	0.999889	0.0149011	0.0938567	-0.0149004	0.995474	2.08445	-0.334825	45.2245	
0.995408	0.000737056	-0.0957161	0.000719888	0.999884	0.0151861	0.0957162	-0.0151853	0.995293	2.16545	-0.34768	46.0751	
0.995228	0.000765728	-0.0975777	0.000747555	0.99988	0.015471	0.0975778	-0.0154701	0.995108	2.24804	-0.360778	46.9256	
0.995043	0.00079497	-0.0994413	0.000775754	0.999876	0.0157558	0.0994415	-0.0157549	0.994919	2.33222	-0.374119	47.7758	
0.994855	0.000824782	-0.101307	0.000804482	0.999871	0.0160405	0.101307	-0.0160395	0.994726	2.41799	-0.387704	48.626	
0.994663	0.000855165	-0.103174	0.000833741	0.999866	0.0163252	0.103175	-0.0163241	0.994529	2.50536	-0.401532	49.4759	
0.994358	0.000898855	-0.106074	0.000553368	0.999907	0.0136604	0.106076	-0.013642	0.994264	2.59477	-0.414336	50.3257	
0.994044	0.000934799	-0.108979	0.00026535	0.999939	0.0109977	0.108982	-0.0109611	0.993983	2.68666	-0.424848	51.1752	
0.99372	0.000962964	-0.111888	-3.03225e-05	0.999965	0.00833688	0.111892	-0.00828114	0.993686	2.78103	-0.43307	52.0245	
0.993388	0.000983323	-0.114802	-0.000333656	0.999984	0.0056781	0.114806	-0.00560225	0.993372	2.8779	-0.439002	52.8735	
0.993046	0.000995849	-0.11772	-0.000644659	0.999995	0.0030213	0.117723	-0.0029244	0.993042	2.97725	-0.442645	53.7222	
0.992696	0.00100052	-0.120642	-0.000963339	0.999999	0.000366487	0.120642	-0.000247591	0.992696	3.0791	-0.444	54.5707	
0.992336	0.000997303	-0.123568	-0.0012897	0.999997	-0.00228635	0.123565	0.00242819	0.992334	3.18344	-0.443069	55.4188	
0.991967	0.000986187	-0.126496	-0.00162376	0.999986	-0.0049372	0.12649	0.00510294	0.991955	3.29028	-0.439851	56.2667	
0.991588	0.000967149	-0.129428	-0.00196551	0.999969	-0.00758609	0.129417	0.00777667	0.99156	3.39962	-0.434348	57.1142	
0.991201	0.000940172	-0.132363	-0.00231496	0.999945	-0.010233	0.132346	0.0104494	0.991148	3.51147	-0.42656	57.9613	
0.990804	0.000905241	-0.1353	-0.00267212	0.999914	-0.012878	0.135277	0.0131211	0.990721	3.62582	-0.416489	58.8081	
0.990398	0.000862341	-0.138239	-0.003037	0.999875	-0.015521	0.138209	0.0157918	0.990277	3.74267	-0.404136	59.6546	
0.989984	0.000811462	-0.141181	-0.0034096	0.999829	-0.018162	0.141142	0.0184615	0.989817	3.86203	-0.3895	60.5006	
0.989559	0.000752593	-0.144123	-0.00378992	0.999776	-0.0208011	0.144076	0.0211302	0.989341	3.98389	-0.372584	61.3462	
0.989126	0.000685726	-0.147068	-0.00417798	0.999717	-0.0234383	0.14701	0.0237979	0.988849	4.10827	-0.353387	62.1915	
0.988684	0.000610855	-0.150013	-0.00457376	0.99965	-0.0260735	0.149944	0.0264646	0.98834	4.23515	-0.331911	63.0363	
0.988232	0.000527976	-0.152959	-0.00497729	0.999575	-0.0287068	0.152879	0.0291304	0.987816	4.36454	-0.308157	63.8806	
0.987772	0.000437086	-0.155905	-0.00538856	0.999494	-0.0313382	0.155813	0.0317951	0.987275	4.49643	-0.282125	64.7245	
0.987302	0.000338184	-0.158852	-0.00580757	0.999406	-0.0339677	0.158746	0.034459	0.986718	4.63083	-0.253817	65.568	
0.986824	0.000231273	-0.161799	-0.00623434	0.999311	-0.0365953	0.161679	0.0371219	0.986145	4.76774	-0.223232	66.4109	
0.986336	0.000116354	-0.164745	-0.00666885	0.999208	-0.039221	0.16461	0.0397838	0.985556	4.90716	-0.190372	67.2534	
0.98584	-6.56633e-06	-0.167691	-0.00711112	0.999099	-0.0418448	0.16754	0.0424448	0.984951	5.04908	-0.155238	68.0953	
0.985334	-0.000137482	-0.170635	-0.00756115	0.998982	-0.0444668	0.170468	0.0451048	0.98433	5.1935	-0.117831	68.9367	
0.98482	-0.000276384	-0.173579	-0.00801894	0.998859	-0.0470869	0.173394	0.047764	0.983694	5.34042	-0.0781502	69.7776	
0.984297	-0.000423262	-0.176521	-0.00848449	0.998728	-0.0497051	0.176317	0.0504222	0.983041	5.48984	-0.0361978	70.618	
0.983765	-0.000578104	-0.179461	-0.00895781	0.99859	-0.0523214	0.179238	0.0530796	0.982373	5.64176	0.00802571	71.4577	
0.982419	-0.00104257	-0.186685	-0.012623	0.997325	-0.0719975	0.18626	0.0730883	0.979778	5.79794	0.0619358	72.2961	
0.981022	-0.00165424	-0.193887	-0.0164281	0.995659	-0.0916172	0.193197	0.0930637	0.976736	5.96007	0.132931	73.1321	
0.979575	-0.00241282	-0.201066	-0.0203715	0.993592	-0.111171	0.200046	0.112997	0.973249	6.1281	0.220978	73.9653	
0.978077	-0.00331797	-0.208217	-0.0244513	0.991127	-0.130651	0.206803	0.132878	0.969317	6.30194	0.326038	74.7954	
0.97653	-0.00436928	-0.215338	-0.0286657	0.988263	-0.150047	0.213466	0.152699	0.964943	6.48152	0.448061	75.6219	
0.974934	-0.00556627	-0.222425	-0.0330127	0.985003	-0.169352	0.220032	0.17245	0.960129	6.66675	0.586994	76.4444	
0.97329	-0.00690839	-0.229475	-0.0374904	0.981347	-0.188555	0.226497	0.192122	0.954876	6.85755	0.742771	77.2627	
0.971599	-0.00839502	-0.236484	-0.0420968	0.977297	-0.207649	0.232858	0.211707	0.949188	7.05382	0.915322	78.0763	
0.969862	-0.0100255	-0.24345	-0.0468296	0.972856	-0.226624	0.239114	0.231195	0.943066	7.25549	1.10457	78.8848	
0.968078	-0.0117991	-0.25037	-0.0516869	0.968025	-0.245472	0.24526	0.250577	0.936514	7.46246	1.31043	79.6879	
0.96625	-0.0137149	-0.257239	-0.0566662	0.962806	-0.264185	0.251295	0.269845	0.929535	7.67463	1.5328	80.4853	
0.964378	-0.0157722	-0.264056	-0.0617655	0.957202	-0.282753	0.257214	0.28899	0.922131	7.89191	1.77158	81.2765	
0.962463	-0.01797	-0.270816	-0.0669823	0.951216	-0.301168	0.263017	0.308003	0.914306	8.1142	2.02667	82.0612	
0.960506	-0.0203072	-0.277518	-0.0723142	0.944849	-0.319423	0.268699	0.326876	0.906065	8.3414	2.29795	82.839	
0.958507	-0.0227828	-0.284157	-0.0777589	0.938106	-0.337508	0.274259	0.345599	0.897409	8.5734	2.58529	83.6096	
