1	0	0	0	1	0	0	0	1	0	0	0	
0.999998	9.50421e-07	0.0019829	9.50421e-07	1	-0.000958613	-0.0019829	0.000958613	0.999998	-0.000878788	0.00042484	0.886363	
0.999992	3.81636e-06	0.0039735	3.81615e-06	0.999998	-0.00192084	-0.0039735	0.00192084	0.99999	-0.00351856	0.00170096	1.77272	
0.999982	8.61964e-06	0.00597172	8.61881e-06	0.999996	-0.00288665	-0.00597172	0.00288665	0.999978	-0.00792611	0.00383156	2.65907	
0.999968	1.53819e-05	0.00797747	1.53798e-05	0.999993	-0.00385599	-0.00797747	0.00385599	0.999961	-0.0141081	0.00681977	3.54541	
0.99995	2.41245e-05	0.00999068	2.41204e-05	0.999988	-0.00482884	-0.00999068	0.00482884	0.999938	-0.0220713	0.0106687	4.43173	
0.999928	3.48688e-05	0.0120113	3.48614e-05	0.999983	-0.00580514	-0.0120113	0.00580514	0.999911	-0.0318222	0.0153815	5.31802	
0.999901	4.76357e-05	0.0140392	4.76239e-05	0.999977	-0.00678486	-0.0140392	0.00678486	0.999878	-0.0433673	0.0209612	6.2043	
0.999871	6.2446e-05	0.0160743	6.24283e-05	0.99997	-0.00776797	-0.0160743	0.00776797	0.999841	-0.056713	0.0274107	7.09054	
0.999836	7.93204e-05	0.0181165	7.9295e-05	0.999962	-0.00875441	-0.0181165	0.00875441	0.999798	-0.0718657	0.0347332	7.97674	
0.999797	9.82792e-05	0.0201658	9.82442e-05	0.999953	-0.00974416	-0.0201658	0.00974416	0.999749	-0.0888317	0.0429314	8.8629	
0.999753	0.000119343	0.0222221	0.000119296	0.999942	-0.0107372	-0.0222221	0.0107372	0.999695	-0.107617	0.0520084	9.74902	
0.999705	0.000142531	0.0242852	0.000142469	0.999931	-0.0117334	-0.0242852	0.0117334	0.999636	-0.128228	0.0619669	10.6351	
0.999653	0.000167863	0.0263552	0.000167785	0.999919	-0.0127328	-0.0263552	0.0127328	0.999572	-0.150671	0.0728099	11.5211	
0.999596	0.000195359	0.0284319	0.000195261	0.999906	-0.0137354	-0.0284319	0.0137354	0.999501	-0.174952	0.0845401	12.4071	
0.999534	0.000225038	0.0305153	0.000224917	0.999891	-0.014741	-0.0305153	0.014741	0.999426	-0.201076	0.0971603	13.2929	
0.999468	0.000256919	0.0326052	0.000256772	0.999876	-0.0157497	-0.0326052	0.0157497	0.999344	-0.22905	0.110673	14.1788	
0.999398	0.000291022	0.0347016	0.000290844	0.999859	-0.0167615	-0.0347016	0.0167615	0.999257	-0.258879	0.125082	15.0645	
0.999322	0.000327363	0.0368044	0.000327152	0.999842	-0.0177762	-0.0368044	0.0177762	0.999164	-0.29057	0.140388	15.9502	
0.999243	0.000365963	0.0389136	0.000365714	0.999823	-0.0187938	-0.0389136	0.0187938	0.999066	-0.324126	0.156595	16.8357	
0.999158	0.000406839	0.0410289	0.000406547	0.999804	-0.0198144	-0.0410289	0.0198144	0.998961	-0.359556	0.173706	17.7212	
0.999068	0.000450008	0.0431505	0.000449669	0.999783	-0.0208378	-0.0431505	0.0208378	0.998851	-0.396862	0.191722	18.6066	
0.998974	0.000495489	0.045278	0.000495098	0.999761	-0.021864	-0.045278	0.021864	0.998735	-0.436052	0.210647	19.4919	
0.998875	0.000543299	0.0474116	0.00054285	0.999738	-0.022893	-0.0474116	0.022893	0.998613	-0.477131	0.230482	20.3771	
0.998771	0.000593455	0.0495511	0.000592943	0.999714	-0.0239248	-0.0495511	0.0239248	0.998485	-0.520103	0.251231	21.2622	
0.998663	0.000645974	0.0516964	0.000645393	0.999688	-0.0249592	-0.0516964	0.0249592	0.998351	-0.564974	0.272896	22.1472	
0.998549	0.000700872	0.0538475	0.000700217	0.999662	-0.0259963	-0.0538475	0.0259963	0.998211	-0.611749	0.295478	23.032	
0.99843	0.000758166	0.0560042	0.00075743	0.999634	-0.027036	-0.0560042	0.027036	0.998064	-0.660433	0.318981	23.9167	
0.998307	0.000817872	0.0581664	0.000817049	0.999605	-0.0280783	-0.0581664	0.0280783	0.997912	-0.711032	0.343407	24.8013	
0.998178	0.000880005	0.0603342	0.000879088	0.999575	-0.0291231	-0.0603342	0.0291231	0.997753	-0.763549	0.368757	25.6857	
0.998044	0.000944582	0.0625073	0.000943564	0.999544	-0.0301704	-0.0625073	0.0301704	0.997588	-0.81799	0.395035	26.57	
0.997905	0.00101162	0.0646858	0.00101049	0.999512	-0.0312201	-0.0646858	0.0312201	0.997417	-0.87436	0.422242	27.4542	
0.997761	0.00108113	0.0668695	0.00107988	0.999479	-0.0322723	-0.0668695	0.0322722	0.99724	-0.932663	0.450381	28.3382	
0.997612	0.00115313	0.0690583	0.00115176	0.999444	-0.0333268	-0.0690583	0.0333268	0.997056	-0.992904	0.479453	29.222	
0.997458	0.00122763	0.0712522	0.00122613	0.999408	-0.0343836	-0.0712522	0.0343836	0.996866	-1.05509	0.509461	30.1057	
0.997298	0.00130465	0.0734511	0.00130301	0.999371	-0.0354428	-0.0734511	0.0354427	0.996669	-1.11922	0.540407	30.9892	
0.997133	0.0013842	0.0756549	0.00138241	0.999333	-0.0365041	-0.0756549	0.0365041	0.996466	-1.1853	0.572292	31.8725	
0.996963	0.00146629	0.0778634	0.00146434	0.999293	-0.0375677	-0.0778635	0.0375676	0.996256	-1.25333	0.60512	32.7556	
0.996787	0.00155094	0.0800767	0.00154883	0.999252	-0.0386334	-0.0800767	0.0386333	0.99604	-1.32333	0.638891	33.6386	
0.996607	0.00163817	0.0822946	0.00163587	0.99921	-0.0397012	-0.0822947	0.0397011	0.995817	-1.39529	0.673607	34.5213	
0.996421	0.00172798	0.0845171	0.0017255	0.999167	-0.0407711	-0.0845171	0.040771	0.995588	-1.46922	0.709271	35.4039	
0.996229	0.00182038	0.086744	0.0018177	0.999123	-0.0418431	-0.0867441	0.041843	0.995352	-1.54512	0.745884	36.2863	
0.996032	0.0019154	0.0889753	0.00191251	0.999077	-0.042917	-0.0889754	0.0429169	0.995109	-1.62299	0.783448	37.1684	
0.99583	0.00201304	0.0912109	0.00200993	0.99903	-0.0439929	-0.091211	0.0439927	0.994859	-1.70285	0.821965	38.0503	
0.995622	0.00211331	0.0934507	0.00210997	0.998982	-0.0450706	-0.0934508	0.0450705	0.994603	-1.78469	0.861436	38.932	
0.995408	0.00221622	0.0956946	0.00221264	0.998932	-0.0461503	-0.0956947	0.0461501	0.99434	-1.86851	0.901863	39.8135	
0.995189	0.00232179	0.0979426	0.00231796	0.998881	-0.0472318	-0.0979427	0.0472316	0.994071	-1.95433	0.943248	40.6947	
0.994965	0.00243003	0.100194	0.00242593	0.998829	-0.048315	-0.100195	0.0483148	0.993794	-2.04214	0.985593	41.5757	
0.994735	0.00254094	0.10245	0.00253656	0.998776	-0.0494	-0.10245	0.0493998	0.993511	-2.13195	1.0289	42.4564	
0.994499	0.00265454	0.10471	0.00264987	0.998721	-0.0504867	-0.10471	0.0504864	0.993221	-2.22376	1.07317	43.3369	
0.994258	0.00277084	0.106973	0.00276587	0.998665	-0.051575	-0.106973	0.0515748	0.992923	-2.31757	1.1184	44.2171	
0.994011	0.00288985	0.10924	0.00288456	0.998608	-0.052665	-0.10924	0.0526647	0.992619	-2.4134	1.16459	45.0971	
0.993759	0.00301157	0.11151	0.00300595	0.99855	-0.0537565	-0.11151	0.0537562	0.992308	-2.51123	1.21176	45.9768	
0.993501	0.00313602	0.113784	0.00313005	0.99849	-0.0548496	-0.113784	0.0548492	0.99199	-2.61107	1.25989	46.8562	
0.993237	0.0032632	0.116061	0.00325688	0.998429	-0.0559441	-0.116061	0.0559437	0.991665	-2.71294	1.30899	47.7353	
0.992967	0.00339313	0.118341	0.00338643	0.998366	-0.0570401	-0.118341	0.0570397	0.991333	-2.81682	1.35906	48.6141	
0.992692	0.0035258	0.120625	0.00351872	0.998302	-0.0581375	-0.120625	0.058137	0.990994	-2.92273	1.41011	49.4927	
0.992411	0.00366124	0.122911	0.00365375	0.998237	-0.0592362	-0.122912	0.0592357	0.990648	-3.03066	1.46213	50.3709	
0.992124	0.00379944	0.125201	0.00379153	0.998171	-0.0603363	-0.125201	0.0603358	0.990295	-3.14062	1.51512	51.2488	
0.991832	0.00394041	0.127493	0.00393207	0.998103	-0.0614376	-0.127494	0.0614371	0.989935	-3.25261	1.56909	52.1264	
0.991116	0.004283	0.132931	0.00417217	0.997988	-0.0632621	-0.132934	0.0632547	0.989104	-3.36802	1.62435	53.0035	
0.99037	0.00463578	0.138367	0.00442265	0.99787	-0.0650877	-0.138374	0.0650728	0.98824	-3.48826	1.68122	53.8798	
0.989594	0.00499876	0.143801	0.00468351	0.997748	-0.066914	-0.143811	0.0668912	0.987342	-3.61332	1.7397	54.7553	
0.988788	0.00537194	0.149233	0.00495478	0.997622	-0.068741	-0.149247	0.0687096	0.98641	-3.7432	1.7998	55.6301	
0.987951	0.00575533	0.154662	0.00523645	0.997493	-0.0705684	-0.15468	0.070528	0.985444	-3.8779	1.86151	56.504	
0.987083	0.00614892	0.160089	0.00552852	0.997361	-0.0723961	-0.160111	0.0723461	0.984444	-4.01741	1.92483	57.377	
0.986186	0.00655271	0.165512	0.00583099	0.997225	-0.0742239	-0.165539	0.0741637	0.983411	-4.16173	1.98976	58.2491	
0.985258	0.00696669	0.170932	0.00614386	0.997085	-0.0760516	-0.170964	0.0759807	0.982343	-4.31086	2.0563	59.1203	
0.9843	0.00739087	0.176348	0.00646712	0.996942	-0.077879	-0.176385	0.0777968	0.981242	-4.4648	2.12445	59.9905	
0.983312	0.00782522	0.181761	0.00680077	0.996795	-0.079706	-0.181802	0.079612	0.980107	-4.62354	2.19421	60.8598	
0.982293	0.00826975	0.187168	0.00714478	0.996645	-0.0815323	-0.187215	0.0814259	0.978938	-4.78709	2.26558	61.728	
0.981244	0.00872444	0.192571	0.00749916	0.996491	-0.0833578	-0.192623	0.0832385	0.977736	-4.95542	2.33856	62.5951	
0.980165	0.00918927	0.197969	0.00786388	0.996334	-0.0851823	-0.198026	0.0850496	0.9765	-5.12855	2.41314	63.4612	
0.979056	0.00966424	0.203362	0.00823892	0.996174	-0.0870057	-0.203424	0.0868589	0.97523	-5.30647	2.48933	64.3262	
0.977917	0.0101493	0.208748	0.00862426	0.99601	-0.0888276	-0.208817	0.0886663	0.973927	-5.48917	2.56712	65.19	
0.976747	0.0106445	0.214129	0.00901988	0.995842	-0.0906481	-0.214204	0.0904717	0.97259	-5.67664	2.64651	66.0527	
0.975548	0.0111498	0.219503	0.00942575	0.995671	-0.0924668	-0.219584	0.0922748	0.97122	-5.86889	2.7275	66.9142	
0.974319	0.0116651	0.224871	0.00984185	0.995497	-0.0942836	-0.224958	0.0940755	0.969816	-6.0659	2.81008	67.7744	
0.97306	0.0121904	0.230231	0.0102681	0.995319	-0.0960984	-0.230325	0.0958735	0.968379	-6.26768	2.89427	68.6334	
0.971771	0.0127258	0.235584	0.0107046	0.995138	-0.0979109	-0.235685	0.0976688	0.966909	-6.4742	2.98004	69.4911	
0.970452	0.0132711	0.24093	0.0111511	0.994953	-0.099721	-0.241037	0.0994611	0.965406	-6.68548	3.06741	70.3474	
0.969103	0.0138264	0.246267	0.0116078	0.994765	-0.101529	-0.246382	0.10125	0.96387	-6.90149	3.15636	71.2025	
0.963562	0.0160619	0.267002	0.0129013	0.994243	-0.106369	-0.267173	0.105937	0.957808	-7.1291	3.24818	72.0541	
0.957574	0.018398	0.287601	0.0142992	0.993698	-0.111177	-0.287834	0.110573	0.951276	-7.37508	3.34414	72.9003	
0.951141	0.0208336	0.308054	0.0158008	0.993129	-0.115951	-0.308353	0.115153	0.944277	-7.63931	3.44418	73.7404	
0.944267	0.0233674	0.328351	0.0174054	0.992538	-0.120689	-0.32872	0.119678	0.936814	-7.92166	3.54826	74.5741	
0.936955	0.0259982	0.348481	0.0191122	0.991924	-0.125388	-0.348927	0.124143	0.928891	-8.222	3.65632	75.4009	
0.929209	0.0287247	0.368436	0.0209203	0.991287	-0.130046	-0.368962	0.128548	0.920512	-8.54016	3.76831	76.2206	
0.921033	0.0315456	0.388206	0.0228289	0.990629	-0.134661	-0.388816	0.13289	0.911681	-8.87601	3.88418	77.0326	
0.91243	0.0344595	0.407779	0.024837	0.989949	-0.13923	-0.408478	0.137166	0.902403	-9.22937	4.00387	77.8366	
0.903405	0.037465	0.427148	0.0269437	0.989247	-0.143751	-0.427941	0.141375	0.892681	-9.60007	4.12732	78.6322	
0.893962	0.0405605	0.446303	0.0291479	0.988524	-0.148223	-0.447193	0.145514	0.882521	-9.98793	4.25447	79.419	
0.884107	0.0437445	0.465233	0.0314485	0.987781	-0.152642	-0.466226	0.149582	0.871928	-10.3928	4.38526	80.1965	
0.873843	0.0470156	0.48393	0.0338444	0.987018	-0.157006	-0.485029	0.153577	0.860907	-10.8144	4.51962	80.9645	
0.863176	0.0503721	0.502385	0.0363344	0.986234	-0.161314	-0.503595	0.157496	0.849463	-11.2525	4.65748	81.7226	
0.85211	0.0538123	0.520588	0.0389174	0.985431	-0.165563	-0.521913	0.161338	0.837602	-11.707	4.79879	82.4703	
0.840653	0.0573345	0.538531	0.0415919	0.984609	-0.169751	-0.539975	0.165101	0.825329	-12.1776	4.94347	83.2073	
0.828808	0.0609371	0.556205	0.0443568	0.983768	-0.173877	-0.557772	0.168782	0.812652	-12.6642	5.09145	83.9332	
0.816582	0.0646182	0.573601	0.0472107	0.982909	-0.177938	-0.575295	0.172381	0.799575	-13.1663	5.24265	84.6478	
0.803982	0.0683761	0.59071	0.0501521	0.982031	-0.181932	-0.592536	0.175895	0.786106	-13.6839	5.39701	85.3506	
