1	0	0	0	1	0	0	0	1	0	0	0	
0.999989	-5.07721e-06	0.00469555	-5.07721e-06	0.999998	0.00216255	-0.00469555	-0.00216255	0.999987	-0.0025126	-0.00115718	1.0702	
0.999956	-2.03283e-05	0.00939582	-2.03255e-05	0.999991	0.00432668	-0.00939582	-0.00432667	0.999946	-0.0100529	-0.00462958	2.14037	
0.999901	-4.57808e-05	0.0141006	-4.57698e-05	0.999979	0.00649229	-0.0141006	-0.00649229	0.99988	-0.0226259	-0.0104188	3.21048	
0.999823	-8.14617e-05	0.0188097	-8.1434e-05	0.999963	0.00865929	-0.0188097	-0.00865929	0.999786	-0.0402363	-0.0185265	4.2805	
0.999723	-0.000127397	0.0235228	-0.000127341	0.999941	0.0108276	-0.0235228	-0.0108276	0.999665	-0.0628884	-0.0289539	5.35041	
0.999601	-0.00018361	0.0282398	-0.000183513	0.999916	0.0129971	-0.0282398	-0.0129971	0.999517	-0.0905867	-0.0417025	6.42018	
0.999457	-0.000250126	0.0329605	-0.000249971	0.999885	0.0151676	-0.0329605	-0.0151676	0.999342	-0.123335	-0.0567735	7.48977	
0.99929	-0.000326968	0.0376846	-0.000326734	0.99985	0.0173392	-0.0376846	-0.0173392	0.999139	-0.161138	-0.074168	8.55916	
0.9991	-0.000414156	0.042412	-0.000413823	0.99981	0.0195117	-0.042412	-0.0195116	0.99891	-0.203997	-0.093887	9.62832	
0.998888	-0.000511713	0.0471424	-0.000511254	0.999765	0.0216849	-0.0471424	-0.0216849	0.998653	-0.251918	-0.115931	10.6972	
0.998653	-0.000619658	0.0518756	-0.000619045	0.999715	0.0238589	-0.0518756	-0.0238589	0.998369	-0.304903	-0.140302	11.7658	
0.998396	-0.000738009	0.0566114	-0.000737212	0.999661	0.0260334	-0.0566114	-0.0260334	0.998057	-0.362954	-0.166999	12.8341	
0.998116	-0.000866785	0.0613496	-0.00086577	0.999602	0.0282085	-0.0613496	-0.0282085	0.997718	-0.426076	-0.196024	13.9021	
0.997813	-0.001006	0.0660899	-0.00100473	0.999538	0.030384	-0.06609	-0.0303839	0.997351	-0.494269	-0.227377	14.9696	
0.997488	-0.00115568	0.0708323	-0.00115412	0.999469	0.0325598	-0.0708323	-0.0325597	0.996957	-0.567536	-0.261058	16.0368	
0.997139	-0.00131583	0.0755764	-0.00131393	0.999396	0.0347358	-0.0755764	-0.0347357	0.996535	-0.64588	-0.297068	17.1035	
0.996768	-0.00148647	0.080322	-0.00148418	0.999317	0.0369119	-0.0803221	-0.0369118	0.996085	-0.729301	-0.335407	18.1698	
0.996374	-0.0016676	0.085069	-0.00166489	0.999234	0.039088	-0.0850691	-0.0390879	0.995608	-0.817803	-0.376075	19.2355	
0.995957	-0.00185925	0.0898171	-0.00185606	0.999147	0.0412641	-0.0898172	-0.0412639	0.995103	-0.911385	-0.419071	20.3008	
0.995516	-0.00206143	0.0945662	-0.0020577	0.999054	0.04344	-0.0945663	-0.0434398	0.99457	-1.01005	-0.464396	21.3654	
0.995053	-0.00227414	0.0993159	-0.00226982	0.998956	0.0456156	-0.099316	-0.0456154	0.99401	-1.1138	-0.51205	22.4295	
0.994567	-0.00249739	0.104066	-0.00249242	0.998854	0.0477908	-0.104066	-0.0477906	0.993422	-1.22263	-0.562032	23.493	
0.994058	-0.00273119	0.108817	-0.00272551	0.998747	0.0499656	-0.108817	-0.0499653	0.992805	-1.33654	-0.614341	24.5559	
0.993526	-0.00297556	0.113567	-0.0029691	0.998635	0.0521398	-0.113567	-0.0521395	0.992161	-1.45554	-0.668978	25.618	
0.992971	-0.00323049	0.118318	-0.00322319	0.998519	0.0543134	-0.118318	-0.054313	0.991489	-1.57962	-0.72594	26.6795	
0.992392	-0.003496	0.123068	-0.00348777	0.998397	0.0564862	-0.123068	-0.0564857	0.990789	-1.70879	-0.785229	27.7402	
0.991791	-0.00377208	0.127817	-0.00376287	0.998271	0.0586582	-0.127818	-0.0586576	0.990062	-1.84304	-0.846843	28.8001	
0.991166	-0.00405875	0.132566	-0.00404846	0.99814	0.0608292	-0.132566	-0.0608285	0.989306	-1.98237	-0.91078	29.8593	
0.990518	-0.004356	0.137314	-0.00434457	0.998004	0.0629992	-0.137314	-0.0629984	0.988522	-2.12678	-0.97704	30.9177	
0.989847	-0.00466383	0.142061	-0.00465117	0.997863	0.0651681	-0.142061	-0.0651672	0.98771	-2.27628	-1.04562	31.9751	
0.989153	-0.00498226	0.146806	-0.00496828	0.997718	0.0673357	-0.146806	-0.0673347	0.986871	-2.43085	-1.11652	33.0317	
0.988435	-0.00531127	0.15155	-0.00529589	0.997568	0.069502	-0.15155	-0.0695009	0.986003	-2.5905	-1.18974	34.0874	
0.987695	-0.00565087	0.156291	-0.005634	0.997413	0.0716669	-0.156292	-0.0716656	0.985108	-2.75523	-1.26528	35.1422	
0.986931	-0.00600106	0.161031	-0.0059826	0.997253	0.0738303	-0.161032	-0.0738288	0.984184	-2.92503	-1.34314	36.1959	
0.986144	-0.00636183	0.165769	-0.00634169	0.997088	0.0759921	-0.16577	-0.0759904	0.983232	-3.0999	-1.42331	37.2487	
0.985334	-0.00673319	0.170504	-0.00671126	0.996919	0.0781522	-0.170505	-0.0781503	0.982253	-3.27984	-1.50579	38.3005	
0.984501	-0.00711512	0.175237	-0.0070913	0.996745	0.0803105	-0.175238	-0.0803084	0.981245	-3.46485	-1.59058	39.3511	
0.983644	-0.00750762	0.179966	-0.00748181	0.996566	0.0824669	-0.179968	-0.0824646	0.98021	-3.65492	-1.67768	40.4007	
0.982764	-0.00791069	0.184693	-0.00788278	0.996382	0.0846213	-0.184694	-0.0846187	0.979146	-3.85005	-1.76709	41.4492	
0.981862	-0.00832431	0.189417	-0.0082942	0.996194	0.0867737	-0.189418	-0.0867708	0.978055	-4.05024	-1.8588	42.4965	
0.980935	-0.00874849	0.194137	-0.00871606	0.996	0.0889239	-0.194138	-0.0889207	0.976936	-4.25548	-1.95281	43.5426	
0.979986	-0.00918321	0.198853	-0.00914834	0.995802	0.0910719	-0.198855	-0.0910684	0.975789	-4.46577	-2.04912	44.5875	
0.979014	-0.00962847	0.203565	-0.00959104	0.9956	0.0932175	-0.203567	-0.0932136	0.974614	-4.68111	-2.14773	45.6312	
0.978019	-0.0100842	0.208274	-0.0100441	0.995392	0.0953606	-0.208276	-0.0953564	0.973411	-4.90149	-2.24864	46.6735	
0.977	-0.0105505	0.212978	-0.0105076	0.99518	0.0975013	-0.21298	-0.0974966	0.97218	-5.1269	-2.35183	47.7146	
0.975958	-0.0110273	0.217678	-0.0109815	0.994963	0.0996393	-0.21768	-0.0996342	0.970921	-5.35735	-2.45732	48.7544	
0.974894	-0.0115146	0.222373	-0.0114657	0.994741	0.101775	-0.222375	-0.101769	0.969635	-5.59283	-2.56509	49.7928	
0.973806	-0.0120124	0.227063	-0.0119603	0.994515	0.103907	-0.227066	-0.103901	0.968321	-5.83332	-2.67514	50.8298	
0.972695	-0.0125206	0.231748	-0.0124651	0.994284	0.106037	-0.231751	-0.10603	0.966979	-6.07884	-2.78748	51.8654	
0.971562	-0.0130392	0.236428	-0.0129803	0.994048	0.108163	-0.236431	-0.108156	0.96561	-6.32936	-2.90209	52.8995	
0.970405	-0.0135683	0.241102	-0.0135058	0.993808	0.110287	-0.241106	-0.110279	0.964213	-6.58489	-3.01897	53.9322	
0.969225	-0.0141078	0.245771	-0.0140416	0.993563	0.112407	-0.245774	-0.112399	0.962788	-6.84542	-3.13813	54.9633	
0.968023	-0.0146577	0.250433	-0.0145875	0.993313	0.114524	-0.250437	-0.114516	0.961336	-7.11095	-3.25955	55.9929	
0.966798	-0.0152179	0.25509	-0.0151438	0.993059	0.116638	-0.255094	-0.116629	0.959857	-7.38146	-3.38324	57.0209	
0.965549	-0.0157885	0.25974	-0.0157102	0.9928	0.118749	-0.259745	-0.118738	0.958349	-7.65695	-3.50918	58.0474	
0.964278	-0.0163695	0.264384	-0.0162868	0.992536	0.120856	-0.264389	-0.120844	0.956815	-7.93742	-3.63739	59.0722	
0.962985	-0.0169607	0.269022	-0.0168735	0.992268	0.122959	-0.269027	-0.122947	0.955253	-8.22285	-3.76784	60.0953	
0.961668	-0.0175623	0.273652	-0.0174704	0.991996	0.125058	-0.273658	-0.125045	0.953664	-8.51324	-3.90054	61.1168	
0.960329	-0.0181741	0.278275	-0.0180774	0.991718	0.127154	-0.278282	-0.12714	0.952048	-8.80858	-4.03548	62.1366	
0.958968	-0.0187962	0.282891	-0.0186945	0.991436	0.129246	-0.282898	-0.129231	0.950404	-9.10887	-4.17267	63.1546	
0.957584	-0.0194284	0.2875	-0.0193216	0.99115	0.131334	-0.287507	-0.131318	0.948733	-9.4141	-4.31209	64.1708	
0.956177	-0.0200709	0.292101	-0.0199588	0.990859	0.133418	-0.292109	-0.133401	0.947036	-9.72425	-4.45374	65.1852	
0.954748	-0.0207235	0.296694	-0.0206059	0.990563	0.135498	-0.296702	-0.13548	0.945311	-10.0393	-4.59762	66.1978	
0.953296	-0.0213863	0.301279	-0.021263	0.990263	0.137573	-0.301288	-0.137554	0.943559	-10.3593	-4.74372	67.2086	
0.951822	-0.0220592	0.305856	-0.0219301	0.989959	0.139645	-0.305865	-0.139624	0.941781	-10.6842	-4.89204	68.2174	
0.950326	-0.0227422	0.310425	-0.022607	0.98965	0.141712	-0.310435	-0.14169	0.939976	-11.014	-5.04257	69.2243	
0.947564	-0.0239962	0.318665	-0.0233825	0.989298	0.144025	-0.318711	-0.143924	0.936861	-11.3506	-5.19541	70.2287	
0.93872	-0.027853	0.343552	-0.0239881	0.989034	0.145729	-0.343844	-0.14504	0.927758	-11.7052	-5.35004	71.2265	
0.92921	-0.0317382	0.368188	-0.0246393	0.988768	0.147416	-0.368731	-0.146053	0.91799	-12.0865	-5.50581	72.2142	
0.919038	-0.0356491	0.392553	-0.0253359	0.9885	0.149085	-0.393354	-0.14696	0.907566	-12.4943	-5.66262	73.1911	
0.908213	-0.0395828	0.416632	-0.0260772	0.98823	0.150734	-0.417695	-0.147763	0.896491	-12.9284	-5.82033	74.1565	
0.896742	-0.0435365	0.440407	-0.0268627	0.98796	0.152362	-0.441738	-0.14846	0.884775	-13.3883	-5.97885	75.1097	
0.884634	-0.0475074	0.46386	-0.0276919	0.987688	0.153968	-0.465464	-0.14905	0.872426	-13.8737	-6.13806	76.0501	
0.871896	-0.0514926	0.486976	-0.0285641	0.987415	0.155551	-0.488857	-0.149534	0.859452	-14.3844	-6.29784	76.9769	
0.858539	-0.0554893	0.509737	-0.0294788	0.987141	0.15711	-0.5119	-0.149911	0.845863	-14.92	-6.45808	77.8894	
0.844572	-0.0594947	0.532127	-0.0304353	0.986867	0.158643	-0.534577	-0.150181	0.831669	-15.48	-6.61867	78.7871	
0.830004	-0.0635058	0.55413	-0.0314329	0.986592	0.16015	-0.556871	-0.150343	0.816879	-16.064	-6.77949	79.6693	
0.814847	-0.0675198	0.575731	-0.0324709	0.986317	0.161629	-0.578767	-0.150397	0.801505	-16.6718	-6.94043	80.5354	
0.79911	-0.0715338	0.596914	-0.0335485	0.986042	0.163079	-0.600248	-0.150344	0.785557	-17.3027	-7.10136	81.3847	
0.782806	-0.0755449	0.617663	-0.034665	0.985768	0.1645	-0.621299	-0.150183	0.769046	-17.9564	-7.26219	82.2166	
0.765946	-0.0795503	0.637964	-0.0358195	0.985493	0.16589	-0.641906	-0.149915	0.751985	-18.6324	-7.42278	83.0305	
0.748542	-0.0835472	0.657803	-0.0370113	0.98522	0.167249	-0.662054	-0.149539	0.734386	-19.3302	-7.58303	83.8259	
0.730606	-0.0875325	0.677165	-0.0382396	0.984947	0.168575	-0.681727	-0.149056	0.716261	-20.0493	-7.74281	84.6022	
0.712152	-0.0915036	0.696036	-0.0395033	0.984675	0.169867	-0.700913	-0.148467	0.697624	-20.7891	-7.90203	85.3588	
0.693193	-0.0954575	0.714403	-0.0408016	0.984404	0.171125	-0.719597	-0.147771	0.678487	-21.5493	-8.06056	86.0952	
0.673741	-0.0993915	0.732253	-0.0421337	0.984135	0.172347	-0.737765	-0.14697	0.658864	-22.3292	-8.21828	86.8109	
0.653812	-0.103303	0.749572	-0.0434984	0.983867	0.173533	-0.755406	-0.146063	0.63877	-23.1282	-8.37509	87.5053	
0.633419	-0.107188	0.76635	-0.0448949	0.983601	0.174682	-0.772506	-0.145052	0.618219	-23.9459	-8.53088	88.178	
0.612576	-0.111045	0.782572	-0.0463222	0.983337	0.175793	-0.789053	-0.143937	0.597225	-24.7815	-8.68553	88.8284	
0.5913	-0.114871	0.798229	-0.0477792	0.983075	0.176865	-0.805035	-0.142719	0.575804	-25.6346	-8.83893	89.4561	
0.569605	-0.118663	0.813308	-0.0492649	0.982815	0.177898	-0.820441	-0.141399	0.55397	-26.5044	-8.99097	90.0607	
0.547506	-0.122419	0.827799	-0.0507782	0.982558	0.17889	-0.83526	-0.139978	0.53174	-27.3904	-9.14154	90.6417	
0.52502	-0.126135	0.841691	-0.052318	0.982303	0.179842	-0.849481	-0.138456	0.509129	-28.292	-9.29054	91.1987	
0.502162	-0.12981	0.854975	-0.0538833	0.982052	0.180751	-0.863093	-0.136835	0.486154	-29.2084	-9.43786	91.7313	
0.478949	-0.133439	0.867642	-0.0554729	0.981803	0.181619	-0.876088	-0.135117	0.462831	-30.1391	-9.58339	92.2391	
0.455397	-0.137022	0.879681	-0.0570857	0.981558	0.182443	-0.888456	-0.133301	0.439177	-31.0834	-9.72703	92.7218	
0.431524	-0.140555	0.891084	-0.0587205	0.981316	0.183224	-0.900188	-0.13139	0.415208	-32.0406	-9.86867	93.179	
0.407346	-0.144035	0.901844	-0.0603762	0.981078	0.183961	-0.911276	-0.129386	0.390942	-33.0099	-10.0082	93.6104	
0.382881	-0.147461	0.911952	-0.0620515	0.980843	0.184653	-0.921711	-0.127288	0.366396	-33.9908	-10.1456	94.0157	
