1	0	0	0	1	0	0	0	1	0	0	0	
0.999996	9.36327e-07	0.00276587	9.36327e-07	1	-0.000677057	-0.00276587	0.000677057	0.999996	-0.00115733	0.000283304	0.836868	
0.999985	3.75477e-06	0.00553864	3.75494e-06	0.999999	-0.00135586	-0.00553864	0.00135586	0.999984	-0.00463223	0.00113395	1.67373	
0.999965	8.46943e-06	0.00831822	8.4701e-06	0.999998	-0.0020364	-0.00831822	0.0020364	0.999963	-0.0104304	0.00255339	2.51058	
0.999938	1.50942e-05	0.0111045	1.50959e-05	0.999996	-0.00271864	-0.0111045	0.00271864	0.999935	-0.0185576	0.00454306	3.3474	
0.999903	2.3643e-05	0.0138974	2.36463e-05	0.999994	-0.00340256	-0.0138974	0.00340256	0.999898	-0.0290192	0.00710439	4.1842	
0.999861	3.41292e-05	0.0166969	3.41351e-05	0.999992	-0.00408815	-0.0166969	0.00408815	0.999852	-0.0418209	0.0102388	5.02097	
0.99981	4.65663e-05	0.0195027	4.65758e-05	0.999989	-0.00477537	-0.0195027	0.00477537	0.999798	-0.0569681	0.0139476	5.85769	
0.999751	6.09676e-05	0.022315	6.09819e-05	0.999985	-0.0054642	-0.022315	0.0054642	0.999736	-0.0744661	0.0182322	6.69436	
0.999684	7.7346e-05	0.0251334	7.73665e-05	0.999981	-0.00615462	-0.0251334	0.00615462	0.999665	-0.0943201	0.0230939	7.53098	
0.999609	9.57146e-05	0.027958	9.57428e-05	0.999977	-0.00684661	-0.027958	0.00684661	0.999586	-0.116535	0.028534	8.36754	
0.999526	0.000116086	0.0307887	0.000116124	0.999972	-0.00754015	-0.0307887	0.00754015	0.999497	-0.141117	0.034554	9.20402	
0.999435	0.000138473	0.0336253	0.000138522	0.999966	-0.00823521	-0.0336253	0.00823521	0.999401	-0.16807	0.0411549	10.0404	
0.999335	0.000162887	0.0364678	0.000162949	0.99996	-0.00893176	-0.0364678	0.00893177	0.999295	-0.197399	0.0483382	10.8768	
0.999227	0.000189341	0.039316	0.000189419	0.999954	-0.0096298	-0.039316	0.0096298	0.99918	-0.22911	0.056105	11.713	
0.99911	0.000217847	0.0421699	0.000217944	0.999947	-0.0103293	-0.0421699	0.0103293	0.999057	-0.263207	0.0644565	12.5491	
0.998986	0.000248416	0.0450294	0.000248534	0.999939	-0.0110302	-0.0450294	0.0110302	0.998925	-0.299694	0.0733941	13.3851	
0.998852	0.000281061	0.0478944	0.000281203	0.999931	-0.0117325	-0.0478944	0.0117325	0.998783	-0.338576	0.0829188	14.2211	
0.998711	0.000315792	0.0507647	0.000315961	0.999923	-0.0124362	-0.0507647	0.0124362	0.998633	-0.379859	0.0930318	15.0568	
0.99856	0.000352621	0.0536404	0.00035282	0.999914	-0.0131413	-0.0536404	0.0131413	0.998474	-0.423545	0.103734	15.8925	
0.998401	0.000391559	0.0565212	0.000391792	0.999904	-0.0138477	-0.0565212	0.0138477	0.998305	-0.469641	0.115027	16.728	
0.998234	0.000432617	0.0594071	0.000432887	0.999894	-0.0145554	-0.0594071	0.0145554	0.998128	-0.518149	0.126912	17.5634	
0.998057	0.000475805	0.0622981	0.000476116	0.999883	-0.0152644	-0.0622981	0.0152644	0.997941	-0.569075	0.13939	18.3986	
0.997872	0.000521135	0.0651939	0.000521491	0.999872	-0.0159746	-0.0651939	0.0159747	0.997745	-0.622422	0.152461	19.2337	
0.997679	0.000568615	0.0680945	0.000569021	0.999861	-0.0166862	-0.0680945	0.0166862	0.997539	-0.678194	0.166128	20.0686	
0.997476	0.000618257	0.0709999	0.000618716	0.999848	-0.0173989	-0.0709999	0.0173989	0.997325	-0.736396	0.18039	20.9033	
0.997265	0.000670071	0.0739098	0.000670588	0.999836	-0.0181128	-0.0739098	0.0181128	0.9971	-0.797032	0.19525	21.7378	
0.997044	0.000724065	0.0768243	0.000724646	0.999822	-0.0188279	-0.0768243	0.0188279	0.996867	-0.860104	0.210707	22.5722	
0.996815	0.00078025	0.0797432	0.000780899	0.999809	-0.0195441	-0.0797432	0.0195442	0.996624	-0.925617	0.226763	23.4063	
0.996577	0.000838635	0.0826664	0.000839357	0.999794	-0.0202615	-0.0826664	0.0202615	0.996371	-0.993575	0.243419	24.2403	
0.99633	0.000899229	0.0855939	0.000900031	0.999779	-0.02098	-0.0855939	0.02098	0.996109	-1.06398	0.260676	25.074	
0.996073	0.000962042	0.0885255	0.000962927	0.999764	-0.0216995	-0.0885255	0.0216996	0.995838	-1.13684	0.278535	25.9075	
0.995808	0.00102708	0.0914611	0.00102806	0.999748	-0.0224201	-0.0914611	0.0224202	0.995556	-1.21215	0.296996	26.7408	
0.995534	0.00109436	0.0944007	0.00109543	0.999732	-0.0231418	-0.0944006	0.0231418	0.995265	-1.28992	0.316061	27.5738	
0.99525	0.00116387	0.0973441	0.00116505	0.999715	-0.0238644	-0.097344	0.0238645	0.994965	-1.37015	0.33573	28.4066	
0.994957	0.00123565	0.100291	0.00123693	0.999697	-0.024588	-0.100291	0.0245881	0.994654	-1.45285	0.356004	29.2391	
0.994655	0.00130968	0.103242	0.00131108	0.999679	-0.0253126	-0.103242	0.0253127	0.994334	-1.53802	0.376884	30.0714	
0.994344	0.00138597	0.106196	0.0013875	0.99966	-0.0260381	-0.106196	0.0260382	0.994004	-1.62565	0.398371	30.9033	
0.994024	0.00146455	0.109154	0.0014662	0.999641	-0.0267646	-0.109154	0.0267647	0.993664	-1.71576	0.420466	31.7351	
0.993694	0.00154541	0.112115	0.0015472	0.999621	-0.0274919	-0.112115	0.027492	0.993315	-1.80835	0.443168	32.5665	
0.993355	0.00162855	0.11508	0.00163049	0.9996	-0.0282201	-0.11508	0.0282202	0.992955	-1.90342	0.46648	33.3976	
0.993006	0.001714	0.118047	0.00171609	0.999579	-0.0289491	-0.118047	0.0289492	0.992586	-2.00097	0.490402	34.2284	
0.992649	0.00180175	0.121018	0.00180399	0.999558	-0.029679	-0.121018	0.0296791	0.992207	-2.101	0.514934	35.0589	
0.992281	0.00189181	0.123991	0.00189422	0.999536	-0.0304096	-0.123991	0.0304097	0.991817	-2.20352	0.540077	35.8891	
0.991905	0.00198418	0.126968	0.00198678	0.999513	-0.031141	-0.126968	0.0311412	0.991418	-2.30853	0.565832	36.719	
0.991519	0.00207889	0.129947	0.00208166	0.99949	-0.0318732	-0.129947	0.0318734	0.991008	-2.41603	0.5922	37.5485	
0.991123	0.00217591	0.132929	0.00217888	0.999466	-0.0326061	-0.132929	0.0326063	0.990589	-2.52603	0.61918	38.3776	
0.990718	0.00227528	0.135914	0.00227845	0.999441	-0.0333396	-0.135914	0.0333399	0.99016	-2.63852	0.646775	39.2065	
0.990303	0.00237699	0.138901	0.00238037	0.999416	-0.0340739	-0.138901	0.0340741	0.98972	-2.75351	0.674983	40.0349	
0.989879	0.00248104	0.14189	0.00248464	0.999391	-0.0348088	-0.14189	0.0348091	0.98927	-2.87101	0.703806	40.863	
0.989446	0.00258744	0.144882	0.00259128	0.999365	-0.0355444	-0.144882	0.0355446	0.98881	-2.991	0.733244	41.6907	
0.989002	0.0026962	0.147876	0.00270028	0.999338	-0.0362805	-0.147876	0.0362808	0.98834	-3.1135	0.763299	42.518	
0.988549	0.00280733	0.150872	0.00281165	0.999311	-0.0370172	-0.150872	0.0370176	0.98786	-3.23851	0.793969	43.3449	
0.988087	0.00292082	0.15387	0.0029254	0.999283	-0.0377545	-0.15387	0.0377549	0.98737	-3.36602	0.825257	44.1714	
0.987615	0.00303668	0.15687	0.00304154	0.999254	-0.0384923	-0.156869	0.0384927	0.986869	-3.49604	0.857161	44.9975	
0.987133	0.00315491	0.159871	0.00316005	0.999225	-0.0392307	-0.159871	0.0392311	0.986358	-3.62858	0.889684	45.8232	
0.986641	0.00327552	0.162875	0.00328096	0.999196	-0.0399695	-0.162875	0.0399699	0.985837	-3.76363	0.922824	46.6484	
0.98614	0.00339852	0.16588	0.00340426	0.999165	-0.0407088	-0.16588	0.0407093	0.985305	-3.90119	0.956583	47.4732	
0.985128	0.00364737	0.171781	0.00368388	0.999096	-0.0423398	-0.17178	0.0423429	0.984225	-4.04248	0.991335	48.2973	
0.984081	0.00390615	0.177679	0.00397334	0.999025	-0.0439693	-0.177678	0.0439754	0.983106	-4.1887	1.02745	49.1205	
0.982997	0.00417485	0.183573	0.00427264	0.998951	-0.0455974	-0.183571	0.0456065	0.981948	-4.33986	1.06494	49.9428	
0.981878	0.00445346	0.189463	0.00458178	0.998874	-0.0472239	-0.18946	0.0472362	0.980752	-4.49595	1.10379	50.764	
0.980722	0.00474198	0.195348	0.00490074	0.998794	-0.0488488	-0.195344	0.0488645	0.979517	-4.65697	1.144	51.5843	
0.979531	0.00504041	0.201229	0.00522953	0.998712	-0.050472	-0.201224	0.0504912	0.978243	-4.82291	1.18557	52.4035	
0.978304	0.00534873	0.207104	0.00556813	0.998627	-0.0520933	-0.207098	0.0521163	0.976931	-4.99376	1.22851	53.2216	
0.977042	0.00566694	0.212973	0.00591653	0.998539	-0.0537127	-0.212966	0.0537396	0.975581	-5.16953	1.2728	54.0386	
0.975743	0.00599504	0.218837	0.00627473	0.998448	-0.0553301	-0.218829	0.0553611	0.974192	-5.35021	1.31845	54.8544	
0.974409	0.006333	0.224694	0.00664271	0.998355	-0.0569455	-0.224685	0.0569808	0.972764	-5.53579	1.36546	55.6691	
0.973039	0.00668081	0.230544	0.00702047	0.998259	-0.0585588	-0.230534	0.0585985	0.971298	-5.72627	1.41382	56.4826	
0.971633	0.00703848	0.236387	0.00740798	0.998161	-0.0601698	-0.236376	0.0602141	0.969794	-5.92165	1.46354	57.2948	
0.970192	0.00740597	0.242223	0.00780524	0.998059	-0.0617785	-0.242211	0.0618277	0.968252	-6.1219	1.51461	58.1058	
0.968716	0.00778328	0.248051	0.00821224	0.997955	-0.0633849	-0.248037	0.063439	0.966671	-6.32704	1.56702	58.9154	
0.967204	0.00817039	0.253871	0.00862895	0.997849	-0.0649887	-0.253856	0.065048	0.965052	-6.53705	1.62078	59.7237	
0.965656	0.00856728	0.259683	0.00905537	0.997739	-0.0665901	-0.259666	0.0666546	0.963395	-6.75193	1.67589	60.5306	
0.964073	0.00897394	0.265485	0.00949147	0.997627	-0.0681888	-0.265467	0.0682588	0.961701	-6.97166	1.73235	61.3362	
0.962455	0.00939034	0.271279	0.00993723	0.997513	-0.0697848	-0.271259	0.0698605	0.959968	-7.19625	1.79014	62.1403	
0.960802	0.00981647	0.277063	0.0103926	0.997395	-0.071378	-0.277042	0.0714595	0.958197	-7.42567	1.84927	62.9429	
0.959113	0.0102523	0.282837	0.0108577	0.997275	-0.0729683	-0.282814	0.0730559	0.956389	-7.65994	1.90974	63.744	
0.95739	0.0106978	0.288601	0.0113323	0.997152	-0.0745557	-0.288576	0.0746494	0.954542	-7.89903	1.97155	64.5436	
0.955631	0.011153	0.294354	0.0118166	0.997027	-0.0761401	-0.294328	0.0762402	0.952659	-8.14294	2.03469	65.3417	
0.953838	0.0116178	0.300096	0.0123104	0.996899	-0.0777214	-0.300069	0.0778279	0.950737	-8.39165	2.09915	66.1381	
0.95201	0.0120922	0.305828	0.0128137	0.996768	-0.0792995	-0.305798	0.0794127	0.948779	-8.64517	2.16495	66.9329	
0.950147	0.0125762	0.311547	0.0133266	0.996635	-0.0808744	-0.311516	0.0809944	0.946783	-8.90348	2.23207	67.7261	
0.94825	0.0130698	0.317255	0.013849	0.996499	-0.0824459	-0.317222	0.082573	0.94475	-9.16656	2.30051	68.5176	
0.946319	0.0135729	0.32295	0.0143808	0.996361	-0.084014	-0.322915	0.0841483	0.94268	-9.43442	2.37027	69.3074	
0.944353	0.0140855	0.328633	0.0149221	0.99622	-0.0855786	-0.328596	0.0857202	0.940573	-9.70703	2.44135	70.0954	
0.942353	0.0146075	0.334303	0.0154728	0.996076	-0.0871396	-0.334264	0.0872888	0.938429	-9.9844	2.51375	70.8816	
0.935478	0.0164118	0.353004	0.0175755	0.995524	-0.0928597	-0.352948	0.0930724	0.931002	-10.272	2.58922	71.6639	
0.928231	0.0183314	0.371553	0.0197921	0.994937	-0.0985331	-0.371478	0.0988153	0.923168	-10.5751	2.66951	72.4398	
0.920615	0.0203655	0.389941	0.0221216	0.994315	-0.104157	-0.389845	0.104515	0.91493	-10.8937	2.7546	73.2089	
0.912633	0.0225131	0.40816	0.024563	0.993658	-0.10973	-0.408042	0.110169	0.906292	-11.2275	2.84443	73.971	
0.904289	0.0247734	0.426202	0.0271152	0.992967	-0.115248	-0.426059	0.115774	0.897257	-11.5766	2.93898	74.7257	
0.895586	0.0271453	0.44406	0.0297771	0.992241	-0.12071	-0.443891	0.121329	0.887829	-11.9406	3.03819	75.4727	
0.886528	0.0296279	0.461725	0.0325475	0.991482	-0.126114	-0.461528	0.126831	0.878012	-12.3195	3.14204	76.2116	
0.87712	0.0322199	0.479189	0.0354252	0.990689	-0.131456	-0.478963	0.132278	0.867812	-12.713	3.25046	76.9421	
0.867365	0.0349204	0.496446	0.038409	0.989863	-0.136734	-0.496189	0.137666	0.857231	-13.1211	3.36342	77.664	
0.857267	0.037728	0.513488	0.0414975	0.989004	-0.141946	-0.513197	0.142994	0.846275	-13.5435	3.48086	78.3768	
0.846831	0.0406417	0.530306	0.0446894	0.988113	-0.14709	-0.529981	0.14826	0.834949	-13.98	3.60274	79.0803	
0.836062	0.04366	0.546895	0.0479834	0.98719	-0.152164	-0.546532	0.153461	0.823257	-14.4304	3.72899	79.7742	
0.824964	0.0467817	0.563245	0.0513779	0.986235	-0.157165	-0.562845	0.158594	0.811205	-14.8947	3.85957	80.4581	
