1	0	0	0	1	0	0	0	1	0	0	0	
0.999995	-3.04191e-06	0.00327862	-3.04191e-06	0.999998	0.0018556	-0.00327862	-0.0018556	0.999993	-0.00147041	-0.000832207	0.896968	
0.999978	-1.21897e-05	0.00656286	-1.2192e-05	0.999993	0.00371505	-0.00656286	-0.00371505	0.999972	-0.00588418	-0.00333056	1.79392	
0.999951	-2.74768e-05	0.0098526	-2.74858e-05	0.999984	0.00557831	-0.0098526	-0.00557831	0.999936	-0.0132463	-0.0074985	2.69085	
0.999914	-4.89359e-05	0.0131477	-4.89583e-05	0.999972	0.00744529	-0.0131477	-0.00744529	0.999886	-0.0235616	-0.0133394	3.58774	
0.999865	-7.65991e-05	0.0164481	-7.66441e-05	0.999957	0.00931594	-0.0164481	-0.00931594	0.999821	-0.0368349	-0.0208566	4.48458	
0.999805	-0.000110498	0.0197536	-0.000110577	0.999937	0.0111902	-0.0197536	-0.0111902	0.999742	-0.0530708	-0.0300533	5.38136	
0.999734	-0.000150664	0.0230641	-0.00015079	0.999915	0.013068	-0.0230641	-0.013068	0.999649	-0.0722739	-0.0409327	6.27805	
0.999652	-0.000197127	0.0263795	-0.000197317	0.999888	0.0149492	-0.0263795	-0.0149492	0.99954	-0.0944487	-0.053498	7.17466	
0.999559	-0.000249918	0.0296997	-0.00025019	0.999858	0.0168339	-0.0296997	-0.0168339	0.999417	-0.119599	-0.0677523	8.07116	
0.999454	-0.000309065	0.0330246	-0.00030944	0.999825	0.0187219	-0.0330246	-0.0187219	0.999279	-0.14773	-0.0836985	8.96755	
0.999339	-0.000374598	0.036354	-0.000375098	0.999787	0.0206131	-0.036354	-0.0206131	0.999126	-0.178846	-0.10134	9.86381	
0.999212	-0.000446545	0.0396878	-0.000447196	0.999747	0.0225076	-0.0396878	-0.0225076	0.998959	-0.212949	-0.120679	10.7599	
0.999074	-0.000524933	0.0430259	-0.000525764	0.999702	0.0244052	-0.0430259	-0.0244052	0.998776	-0.250045	-0.141718	11.6559	
0.998924	-0.000609791	0.0463682	-0.00061083	0.999654	0.0263058	-0.0463681	-0.0263058	0.998578	-0.290137	-0.164462	12.5517	
0.998763	-0.000701143	0.0497145	-0.000702424	0.999602	0.0282095	-0.0497145	-0.0282095	0.998365	-0.333229	-0.188911	13.4473	
0.998591	-0.000799017	0.0530647	-0.000800575	0.999546	0.0301161	-0.0530647	-0.0301161	0.998137	-0.379324	-0.215069	14.3427	
0.998407	-0.000903438	0.0564188	-0.00090531	0.999487	0.0320255	-0.0564188	-0.0320256	0.997893	-0.428425	-0.242939	15.2378	
0.998211	-0.00101443	0.0597765	-0.00101666	0.999423	0.0339378	-0.0597765	-0.0339379	0.997635	-0.480537	-0.272522	16.1328	
0.998004	-0.00113202	0.0631379	-0.00113464	0.999356	0.0358528	-0.0631378	-0.0358529	0.997361	-0.535663	-0.303822	17.0275	
0.997785	-0.00125623	0.0665026	-0.00125929	0.999286	0.0377705	-0.0665026	-0.0377706	0.997071	-0.593804	-0.336842	17.922	
0.997555	-0.00138708	0.0698707	-0.00139063	0.999211	0.0396907	-0.0698707	-0.0396909	0.996766	-0.654966	-0.371582	18.8162	
0.997313	-0.0015246	0.0732421	-0.00152869	0.999133	0.0416135	-0.073242	-0.0416137	0.996446	-0.71915	-0.408046	19.7101	
0.997059	-0.00166881	0.0766164	-0.00167349	0.99905	0.0435388	-0.0766163	-0.043539	0.99611	-0.786359	-0.446235	20.6038	
0.996794	-0.00181972	0.0799938	-0.00182505	0.998964	0.0454665	-0.0799937	-0.0454667	0.995758	-0.856596	-0.486153	21.4971	
0.996516	-0.00197737	0.083374	-0.0019834	0.998874	0.0473964	-0.0833739	-0.0473967	0.995391	-0.929864	-0.527801	22.3901	
0.996227	-0.00214177	0.086757	-0.00214856	0.99878	0.0493287	-0.0867568	-0.049329	0.995007	-1.00617	-0.571181	23.2828	
0.995926	-0.00231293	0.0901425	-0.00232056	0.998682	0.0512632	-0.0901423	-0.0512635	0.994609	-1.0855	-0.616295	24.1751	
0.995613	-0.00249089	0.0935305	-0.00249941	0.998581	0.0531997	-0.0935303	-0.0532001	0.994194	-1.16788	-0.663146	25.067	
0.995288	-0.00267566	0.0969209	-0.00268513	0.998475	0.0551384	-0.0969207	-0.0551388	0.993764	-1.25329	-0.711734	25.9586	
0.994952	-0.00286726	0.100314	-0.00287775	0.998366	0.057079	-0.100313	-0.0570795	0.993317	-1.34175	-0.762063	26.8498	
0.994603	-0.0030657	0.103708	-0.0030773	0.998252	0.0590216	-0.103708	-0.0590222	0.992855	-1.43325	-0.814132	27.7405	
0.994242	-0.003271	0.107105	-0.00328377	0.998134	0.060966	-0.107105	-0.0609667	0.992377	-1.52779	-0.867946	28.6309	
0.99387	-0.00348319	0.110504	-0.00349721	0.998013	0.0629122	-0.110503	-0.062913	0.991883	-1.62539	-0.923504	29.5208	
0.993485	-0.00370226	0.113904	-0.00371762	0.997887	0.0648601	-0.113904	-0.064861	0.991372	-1.72603	-0.980809	30.4103	
0.993088	-0.00392825	0.117306	-0.00394502	0.997758	0.0668097	-0.117306	-0.0668107	0.990846	-1.82973	-1.03986	31.2993	
0.992679	-0.00416117	0.12071	-0.00417944	0.997624	0.0687609	-0.120709	-0.068762	0.990304	-1.93647	-1.10066	32.1878	
0.992258	-0.00440102	0.124115	-0.00442088	0.997487	0.0707136	-0.124114	-0.0707148	0.989745	-2.04627	-1.16322	33.0758	
0.991825	-0.00464783	0.127521	-0.00466936	0.997345	0.0726677	-0.12752	-0.0726691	0.98917	-2.15913	-1.22752	33.9633	
0.99138	-0.0049016	0.130929	-0.00492491	0.9972	0.0746233	-0.130928	-0.0746248	0.988579	-2.27504	-1.29358	34.8503	
0.990922	-0.00516235	0.134337	-0.00518753	0.99705	0.0765801	-0.134336	-0.0765818	0.987972	-2.394	-1.3614	35.7368	
0.990453	-0.0054301	0.137747	-0.00545724	0.996896	0.0785382	-0.137746	-0.0785401	0.987349	-2.51603	-1.43097	36.6227	
0.989971	-0.00570485	0.141157	-0.00573405	0.996738	0.0804975	-0.141156	-0.0804996	0.986709	-2.64111	-1.50229	37.508	
0.989477	-0.00598661	0.144568	-0.00601798	0.996576	0.0824579	-0.144567	-0.0824602	0.986053	-2.76925	-1.57538	38.3928	
0.988971	-0.0062754	0.14798	-0.00630905	0.99641	0.0844193	-0.147978	-0.0844218	0.985381	-2.90046	-1.65022	39.2769	
0.988452	-0.00657122	0.151392	-0.00660725	0.99624	0.0863817	-0.15139	-0.0863845	0.984692	-3.03472	-1.72683	40.1605	
0.987921	-0.00687409	0.154804	-0.00691261	0.996066	0.0883451	-0.154802	-0.0883481	0.983987	-3.17204	-1.80519	41.0434	
0.987378	-0.00718401	0.158216	-0.00722514	0.995888	0.0903093	-0.158215	-0.0903125	0.983266	-3.31242	-1.88532	41.9257	
0.986823	-0.00750099	0.161629	-0.00754485	0.995705	0.0922742	-0.161627	-0.0922778	0.982528	-3.45587	-1.96721	42.8073	
0.986256	-0.00782505	0.165042	-0.00787174	0.995518	0.0942399	-0.16504	-0.0942438	0.981774	-3.60237	-2.05086	43.6883	
0.985676	-0.00815618	0.168454	-0.00820583	0.995328	0.0962062	-0.168452	-0.0962104	0.981003	-3.75194	-2.13628	44.5685	
0.985084	-0.00849439	0.171867	-0.00854713	0.995133	0.0981731	-0.171864	-0.0981777	0.980216	-3.90457	-2.22346	45.4481	
0.984479	-0.0088397	0.175279	-0.00889565	0.994934	0.10014	-0.175276	-0.100145	0.979413	-4.06025	-2.3124	46.327	
0.983862	-0.0091921	0.17869	-0.00925139	0.99473	0.102108	-0.178687	-0.102114	0.978593	-4.219	-2.40311	47.2051	
0.983233	-0.0095516	0.182101	-0.00961436	0.994523	0.104077	-0.182098	-0.104082	0.977756	-4.38081	-2.49559	48.0825	
0.982592	-0.00991821	0.185511	-0.00998457	0.994311	0.106045	-0.185508	-0.106051	0.976903	-4.54567	-2.58983	48.9592	
0.981938	-0.0102919	0.188921	-0.010362	0.994095	0.108014	-0.188917	-0.10802	0.976034	-4.7136	-2.68584	49.835	
0.981272	-0.0106728	0.192329	-0.0107467	0.993875	0.109983	-0.192325	-0.10999	0.975148	-4.88458	-2.78361	50.7101	
0.980594	-0.0110607	0.195736	-0.0111387	0.993651	0.111952	-0.195732	-0.111959	0.974245	-5.05862	-2.88315	51.5844	
0.979904	-0.0114558	0.199142	-0.0115379	0.993423	0.113921	-0.199138	-0.113929	0.973326	-5.23571	-2.98446	52.4578	
0.978789	-0.0120974	0.204512	-0.0124721	0.992885	0.118423	-0.20449	-0.118461	0.971674	-5.41673	-3.08868	53.3301	
0.977644	-0.0127645	0.209877	-0.0134311	0.992326	0.122917	-0.209836	-0.122988	0.969971	-5.60255	-3.19697	54.2009	
0.976469	-0.0134571	0.215236	-0.0144148	0.991746	0.127403	-0.215174	-0.127507	0.968216	-5.79316	-3.30931	55.0702	
0.975264	-0.0141751	0.220589	-0.0154233	0.991146	0.131881	-0.220505	-0.132021	0.96641	-5.98856	-3.42571	55.9378	
0.974028	-0.0149186	0.225935	-0.0164564	0.990524	0.13635	-0.225828	-0.136527	0.964553	-6.18873	-3.54615	56.8039	
0.972762	-0.0156875	0.231273	-0.0175141	0.989882	0.140811	-0.231142	-0.141026	0.962645	-6.39368	-3.67063	57.6682	
0.971466	-0.0164817	0.236604	-0.0185965	0.989218	0.145263	-0.236447	-0.145518	0.960686	-6.60339	-3.79914	58.5308	
0.97014	-0.0173012	0.241927	-0.0197035	0.988534	0.149706	-0.241743	-0.150003	0.958676	-6.81785	-3.93168	59.3916	
0.968784	-0.018146	0.247241	-0.020835	0.987829	0.15414	-0.247029	-0.15448	0.956615	-7.03706	-4.06823	60.2506	
0.967398	-0.0190161	0.252546	-0.0219909	0.987104	0.158564	-0.252304	-0.158949	0.954504	-7.261	-4.2088	61.1077	
0.965982	-0.0199113	0.257841	-0.0231713	0.986357	0.162979	-0.257569	-0.163409	0.952342	-7.48967	-4.35338	61.9629	
0.964536	-0.0208316	0.263127	-0.0243762	0.98559	0.167384	-0.262822	-0.167862	0.95013	-7.72306	-4.50195	62.8161	
0.963061	-0.0217769	0.268401	-0.0256053	0.984803	0.171778	-0.268063	-0.172305	0.947868	-7.96116	-4.65451	63.6673	
0.961556	-0.0227473	0.273665	-0.0268588	0.983995	0.176162	-0.273292	-0.17674	0.945555	-8.20395	-4.81105	64.5165	
0.960022	-0.0237425	0.278917	-0.0281364	0.983166	0.180535	-0.278508	-0.181166	0.943193	-8.45142	-4.97156	65.3636	
0.958458	-0.0247626	0.284157	-0.0294383	0.982317	0.184898	-0.283711	-0.185582	0.94078	-8.70357	-5.13605	66.2085	
0.956865	-0.0258075	0.289385	-0.0307643	0.981447	0.189249	-0.2889	-0.189989	0.938318	-8.96038	-5.30448	67.0513	
0.955243	-0.0268771	0.2946	-0.0321144	0.980557	0.19359	-0.294075	-0.194386	0.935806	-9.22184	-5.47687	67.8918	
0.953591	-0.0279712	0.299802	-0.0334885	0.979646	0.197918	-0.299236	-0.198773	0.933246	-9.48793	-5.6532	68.73	
0.951911	-0.0290899	0.30499	-0.0348865	0.978715	0.202235	-0.304381	-0.20315	0.930635	-9.75864	-5.83345	69.566	
0.950202	-0.0302331	0.310163	-0.0363084	0.977764	0.20654	-0.309511	-0.207516	0.927976	-10.034	-6.01763	70.3995	
0.945814	-0.0332332	0.323003	-0.0418658	0.973965	0.222801	-0.321998	-0.224251	0.919798	-10.3172	-6.21128	71.2283	
0.941254	-0.0364651	0.335725	-0.0476414	0.969872	0.238913	-0.334322	-0.240872	0.911158	-10.6116	-6.41989	72.0494	
0.936523	-0.0399271	0.348324	-0.0536325	0.965487	0.25487	-0.346479	-0.257373	0.90206	-10.9169	-6.64336	72.8627	
0.931625	-0.0436176	0.360793	-0.059836	0.960813	0.270662	-0.358461	-0.273744	0.892508	-11.2331	-6.88156	73.6675	
0.926562	-0.0475346	0.373127	-0.0662488	0.955852	0.286282	-0.370263	-0.289977	0.882507	-11.5599	-7.1344	74.4636	
0.921336	-0.0516761	0.385319	-0.0728677	0.950607	0.301723	-0.381878	-0.306065	0.872063	-11.8972	-7.40172	75.2506	
0.915949	-0.0560402	0.397362	-0.0796894	0.94508	0.316975	-0.393302	-0.321999	0.86118	-12.2449	-7.68341	76.0279	
0.910406	-0.0606246	0.409251	-0.0867103	0.939274	0.332032	-0.404528	-0.337771	0.849864	-12.6027	-7.97932	76.7954	
0.904707	-0.0654269	0.42098	-0.0939271	0.933192	0.346887	-0.415551	-0.353372	0.83812	-12.9706	-8.2893	77.5524	
0.898857	-0.0704449	0.432543	-0.101336	0.926837	0.361531	-0.426364	-0.368797	0.825955	-13.3482	-8.6132	78.2988	
0.892858	-0.0756759	0.443934	-0.108933	0.920212	0.375957	-0.436964	-0.384036	0.813375	-13.7354	-8.95084	79.034	
0.886714	-0.0811174	0.455147	-0.116715	0.91332	0.390158	-0.447343	-0.399081	0.800386	-14.132	-9.30208	79.7578	
0.880427	-0.0867665	0.466176	-0.124678	0.906166	0.404127	-0.457498	-0.413926	0.786995	-14.5378	-9.66671	80.4697	
0.874	-0.0926205	0.477017	-0.132817	0.898752	0.417857	-0.467422	-0.428563	0.773207	-14.9526	-10.0446	81.1695	
0.867437	-0.0986764	0.487664	-0.141129	0.891082	0.431341	-0.477112	-0.442985	0.759031	-15.3763	-10.4355	81.8567	
0.860741	-0.104931	0.498111	-0.14961	0.883161	0.444572	-0.486562	-0.457184	0.744474	-15.8085	-10.8392	82.531	
0.853915	-0.111382	0.508353	-0.158254	0.874991	0.457543	-0.495767	-0.471152	0.729542	-16.249	-11.2556	83.1921	
0.846963	-0.118025	0.518385	-0.167059	0.866578	0.470249	-0.504722	-0.484884	0.714243	-16.6978	-11.6843	83.8397	
0.839889	-0.124857	0.528202	-0.176018	0.857925	0.482682	-0.513424	-0.498372	0.698585	-17.1544	-12.1253	84.4733	
