1	0	0	0	1	0	0	0	1	0	0	0	
0.999999	3.27155e-06	0.00170826	3.27155e-06	0.999993	-0.00383025	-0.00170826	0.00383025	0.999991	-0.000726874	0.00162979	0.851008	
0.999994	1.31066e-05	0.0034198	1.30969e-05	0.999971	-0.00766217	-0.0034198	0.00766217	0.999965	-0.00290889	0.00651988	1.702	
0.999987	2.95332e-05	0.00513457	2.94943e-05	0.999934	-0.0114956	-0.00513457	0.0114956	0.999921	-0.00654883	0.0146716	2.55296	
0.999977	5.25789e-05	0.00685253	5.24815e-05	0.999882	-0.0153305	-0.00685253	0.0153305	0.999859	-0.0116494	0.0260863	3.40388	
0.999963	8.2271e-05	0.00857364	8.20761e-05	0.999816	-0.0191668	-0.00857364	0.0191668	0.99978	-0.0182133	0.0407651	4.25474	
0.999947	0.000118636	0.0102978	0.000118295	0.999735	-0.0230042	-0.0102978	0.0230042	0.999682	-0.0262433	0.0587091	5.10552	
0.999928	0.000161702	0.0120251	0.000161155	0.99964	-0.0268428	-0.0120251	0.0268428	0.999567	-0.0357418	0.0799193	5.95621	
0.999905	0.000211493	0.0137553	0.000210673	0.999529	-0.0306824	-0.0137553	0.0306824	0.999435	-0.0467115	0.104397	6.8068	
0.99988	0.000268036	0.0154885	0.000266864	0.999404	-0.0345228	-0.0154886	0.0345228	0.999284	-0.059155	0.132142	7.65727	
0.999852	0.000331357	0.0172247	0.000329744	0.999264	-0.0383641	-0.0172247	0.0383641	0.999115	-0.0730746	0.163156	8.5076	
0.99982	0.00040148	0.0189636	0.000399329	0.999109	-0.042206	-0.0189637	0.042206	0.998929	-0.088473	0.197439	9.35777	
0.999786	0.000478431	0.0207054	0.000475633	0.998939	-0.0460485	-0.0207055	0.0460485	0.998725	-0.105352	0.234991	10.2078	
0.999748	0.000562234	0.02245	0.00055867	0.998754	-0.0498915	-0.0224501	0.0498914	0.998502	-0.123715	0.275814	11.0576	
0.999707	0.000652913	0.0241973	0.000648456	0.998555	-0.0537348	-0.0241974	0.0537347	0.998262	-0.143564	0.319908	11.9073	
0.999663	0.000750492	0.0259472	0.000745003	0.998341	-0.0575783	-0.0259474	0.0575782	0.998004	-0.164901	0.367272	12.7567	
0.999616	0.000854993	0.0276998	0.000848325	0.998112	-0.061422	-0.0277	0.0614219	0.997727	-0.187728	0.417907	13.6059	
0.999566	0.000966441	0.029455	0.000958435	0.997867	-0.0652657	-0.0294552	0.0652656	0.997433	-0.212048	0.471814	14.4548	
0.999512	0.00108486	0.0312127	0.00107535	0.997609	-0.0691093	-0.031213	0.0691092	0.997121	-0.237863	0.528991	15.3035	
0.999456	0.00121027	0.0329728	0.00119907	0.997335	-0.0729527	-0.0329733	0.0729525	0.99679	-0.265175	0.589439	16.1519	
0.999396	0.00134269	0.0347354	0.00132962	0.997046	-0.0767959	-0.0347359	0.0767956	0.996442	-0.293985	0.653158	17.0001	
0.999333	0.00148214	0.0365004	0.00146701	0.996742	-0.0806386	-0.036501	0.0806383	0.996075	-0.324297	0.720147	17.8479	
0.999266	0.00162866	0.0382678	0.00161124	0.996424	-0.0844808	-0.0382685	0.0844805	0.99569	-0.356112	0.790406	18.6954	
0.999197	0.00178225	0.0400374	0.00176233	0.99609	-0.0883224	-0.0400382	0.088322	0.995287	-0.389432	0.863934	19.5426	
0.999124	0.00194293	0.0418092	0.00192029	0.995742	-0.0921632	-0.0418102	0.0921628	0.994866	-0.424259	0.940731	20.3894	
0.999048	0.00211074	0.0435832	0.00208514	0.995379	-0.0960033	-0.0435845	0.0960027	0.994426	-0.460595	1.0208	21.2359	
0.998968	0.00228568	0.0453594	0.00225687	0.995001	-0.0998423	-0.0453609	0.0998417	0.993969	-0.498441	1.10413	22.0819	
0.998885	0.00246778	0.0471377	0.0024355	0.994608	-0.10368	-0.0471393	0.10368	0.993493	-0.537801	1.19073	22.9276	
0.998799	0.00265705	0.048918	0.00262103	0.9942	-0.107517	-0.0489199	0.107516	0.992999	-0.578675	1.28059	23.7729	
0.99871	0.00285352	0.0507003	0.00281348	0.993777	-0.111353	-0.0507025	0.111352	0.992487	-0.621064	1.37372	24.6177	
0.998617	0.0030572	0.0524845	0.00301286	0.993339	-0.115187	-0.0524871	0.115186	0.991956	-0.664972	1.47012	25.4621	
0.998521	0.00326812	0.0542706	0.00321917	0.992887	-0.11902	-0.0542735	0.119018	0.991408	-0.710399	1.56977	26.306	
0.998421	0.00348628	0.0560586	0.00343242	0.992419	-0.122851	-0.0560619	0.122849	0.990841	-0.757348	1.67269	27.1495	
0.998318	0.0037117	0.0578483	0.00365262	0.991937	-0.12668	-0.0578521	0.126679	0.990255	-0.805819	1.77886	27.9925	
0.998212	0.00394441	0.0596398	0.00387977	0.99144	-0.130508	-0.059644	0.130506	0.989652	-0.855814	1.8883	28.8349	
0.998102	0.00418442	0.061433	0.00411388	0.990928	-0.134334	-0.0614378	0.134332	0.98903	-0.907335	2.00099	29.6769	
0.997989	0.00443175	0.0632278	0.00435496	0.990401	-0.138158	-0.0632331	0.138155	0.98839	-0.960383	2.11693	30.5183	
0.997873	0.0046864	0.0650242	0.00460302	0.989859	-0.141979	-0.0650302	0.141977	0.987732	-1.01496	2.23613	31.3591	
0.997753	0.00494841	0.0668221	0.00485805	0.989302	-0.145799	-0.0668288	0.145796	0.987055	-1.07107	2.35858	32.1994	
0.997629	0.00521777	0.0686216	0.00512006	0.988731	-0.149616	-0.0686289	0.149613	0.98636	-1.1287	2.48428	33.0391	
0.997502	0.00549451	0.0704224	0.00538906	0.988145	-0.153431	-0.0704306	0.153427	0.985647	-1.18788	2.61322	33.8782	
0.997372	0.00577864	0.0722247	0.00566506	0.987544	-0.157243	-0.0722337	0.157239	0.984915	-1.24858	2.74541	34.7167	
0.997238	0.00607017	0.0740283	0.00594805	0.986928	-0.161053	-0.0740382	0.161048	0.984166	-1.31082	2.88085	35.5545	
0.9971	0.00636912	0.0758331	0.00623804	0.986297	-0.164859	-0.075844	0.164854	0.983398	-1.3746	3.01952	36.3917	
0.996959	0.00667551	0.0776392	0.00653503	0.985652	-0.168663	-0.0776511	0.168658	0.982611	-1.43991	3.16143	37.2283	
0.996815	0.00698933	0.0794465	0.00683904	0.984992	-0.172464	-0.0794595	0.172458	0.981807	-1.50676	3.30658	38.0642	
0.996667	0.00731062	0.0812548	0.00715005	0.984317	-0.176262	-0.0812691	0.176256	0.980984	-1.57515	3.45496	38.8993	
0.996515	0.00763937	0.0830643	0.00746807	0.983628	-0.180057	-0.0830799	0.18005	0.980143	-1.64508	3.60657	39.7338	
0.99636	0.0079756	0.0848748	0.0077931	0.982924	-0.183849	-0.0848917	0.183841	0.979283	-1.71655	3.76141	40.5676	
0.996201	0.00831932	0.0866862	0.00812515	0.982205	-0.187637	-0.0867047	0.187629	0.978406	-1.78957	3.91947	41.4006	
0.996039	0.00867054	0.0884986	0.00846422	0.981471	-0.191422	-0.0885186	0.191413	0.97751	-1.86413	4.08075	42.2328	
0.995873	0.00902928	0.0903119	0.0088103	0.980723	-0.195203	-0.0903335	0.195193	0.976596	-1.94023	4.24525	43.0643	
0.995703	0.00939554	0.0921259	0.0091634	0.979961	-0.198981	-0.0921493	0.19897	0.975664	-2.01788	4.41297	43.895	
0.99553	0.00976933	0.0939407	0.00952352	0.979183	-0.202755	-0.093966	0.202743	0.974713	-2.09707	4.5839	44.7249	
0.995353	0.0101507	0.0957562	0.00989066	0.978391	-0.206525	-0.0957834	0.206512	0.973744	-2.17781	4.75805	45.554	
0.995173	0.0105395	0.0975724	0.0102648	0.977585	-0.210291	-0.0976017	0.210277	0.972758	-2.2601	4.93539	46.3822	
0.994989	0.010936	0.0993892	0.010646	0.976764	-0.214053	-0.0994207	0.214038	0.971753	-2.34393	5.11594	47.2096	
0.994801	0.01134	0.101207	0.0110342	0.975929	-0.21781	-0.10124	0.217795	0.97073	-2.42931	5.29969	48.0362	
0.994339	0.0123161	0.105535	0.0112525	0.975467	-0.219858	-0.105654	0.219801	0.969807	-2.51735	5.48589	48.8619	
0.993857	0.0133028	0.109867	0.0114809	0.974999	-0.22191	-0.110072	0.221809	0.968858	-2.60914	5.67379	49.6868	
0.993355	0.0143001	0.114201	0.0117194	0.974526	-0.223968	-0.114495	0.223818	0.967882	-2.7047	5.86341	50.5109	
0.992832	0.015308	0.118538	0.0119682	0.974047	-0.22603	-0.118921	0.225828	0.966881	-2.80402	6.05474	51.3341	
0.992288	0.0163263	0.122876	0.0122272	0.973562	-0.228096	-0.123352	0.22784	0.965854	-2.9071	6.24778	52.1565	
0.991723	0.0173552	0.127216	0.0124965	0.973071	-0.230166	-0.127785	0.229851	0.9648	-3.01396	6.44253	52.978	
0.991138	0.0183944	0.131557	0.0127761	0.972575	-0.23224	-0.132221	0.231863	0.963721	-3.1246	6.63899	53.7986	
0.990532	0.019444	0.135898	0.013066	0.972072	-0.234317	-0.136659	0.233874	0.962615	-3.23901	6.83716	54.6183	
0.989905	0.0205039	0.14024	0.0133662	0.971565	-0.236397	-0.141099	0.235885	0.961483	-3.3572	7.03705	55.437	
0.989258	0.0215741	0.144581	0.0136767	0.971051	-0.238479	-0.14554	0.237894	0.960325	-3.47916	7.23864	56.2547	
0.98859	0.0226545	0.148921	0.0139976	0.970533	-0.240563	-0.149982	0.239902	0.959141	-3.60491	7.44195	57.0715	
0.987901	0.023745	0.15326	0.0143288	0.970008	-0.242649	-0.154425	0.241909	0.957932	-3.73444	7.64696	57.8872	
0.987191	0.0248457	0.157598	0.0146704	0.969479	-0.244736	-0.158868	0.243913	0.956696	-3.86774	7.85368	58.7019	
0.98646	0.0259563	0.161933	0.0150223	0.968944	-0.246825	-0.163311	0.245915	0.955435	-4.00483	8.06211	59.5155	
0.985709	0.0270769	0.166266	0.0153845	0.968403	-0.248914	-0.167753	0.247915	0.954147	-4.1457	8.27223	60.3281	
0.984937	0.0282073	0.170597	0.015757	0.967858	-0.251004	-0.172193	0.249911	0.952835	-4.29035	8.48406	61.1395	
0.984145	0.0293476	0.174924	0.0161398	0.967307	-0.253093	-0.176633	0.251904	0.951496	-4.43878	8.69759	61.9498	
0.983331	0.0304976	0.179247	0.0165328	0.966752	-0.255182	-0.18107	0.253892	0.950133	-4.59098	8.91281	62.759	
0.982497	0.0316572	0.183567	0.016936	0.966191	-0.257271	-0.185505	0.255877	0.948744	-4.74696	9.12972	63.5669	
0.981643	0.0328263	0.187882	0.0173493	0.965625	-0.259359	-0.189937	0.257857	0.94733	-4.90672	9.34831	64.3737	
0.980768	0.0340049	0.192192	0.0177728	0.965055	-0.261445	-0.194366	0.259833	0.94589	-5.07024	9.56859	65.1793	
0.979873	0.0351929	0.196497	0.0182064	0.96448	-0.263529	-0.198792	0.261803	0.944426	-5.23753	9.79055	65.9836	
0.978957	0.0363902	0.200797	0.0186499	0.9639	-0.265612	-0.203213	0.263767	0.942937	-5.40859	10.0142	66.7867	
0.978021	0.0375966	0.20509	0.0191035	0.963315	-0.267692	-0.207631	0.265726	0.941424	-5.5834	10.2395	67.5885	
0.977064	0.0388121	0.209377	0.0195669	0.962726	-0.269769	-0.212043	0.267679	0.939886	-5.76198	10.4665	68.389	
0.976088	0.0400366	0.213658	0.0200401	0.962133	-0.271844	-0.216451	0.269625	0.938324	-5.9443	10.6951	69.1882	
0.975091	0.04127	0.217931	0.020523	0.961535	-0.273914	-0.220853	0.271564	0.936737	-6.13038	10.9254	69.9861	
0.970946	0.046065	0.234824	0.0179331	0.964531	-0.26336	-0.238626	0.25992	0.935681	-6.3259	11.1515	70.7828	
0.966481	0.0506489	0.251694	0.0151435	0.967395	-0.252821	-0.256292	0.248158	0.934201	-6.5365	11.3677	71.5785	
0.961698	0.0550195	0.268533	0.0121553	0.970125	-0.2423	-0.273842	0.236283	0.932299	-6.76208	11.5739	72.3727	
0.956599	0.0591749	0.285335	0.00897004	0.972721	-0.231803	-0.291268	0.224302	0.929974	-7.00255	11.7698	73.1652	
0.951188	0.0631132	0.30209	0.00558904	0.975182	-0.221335	-0.308562	0.212219	0.927228	-7.25779	11.9556	73.9555	
0.945465	0.0668326	0.318793	0.00201387	0.977506	-0.2109	-0.325717	0.20004	0.924063	-7.52769	12.131	74.7432	
0.939435	0.0703315	0.335434	-0.00175385	0.979692	-0.200503	-0.342724	0.187771	0.920479	-7.81212	12.296	75.5281	
0.933098	0.0736082	0.352007	-0.00571243	0.981739	-0.190149	-0.359576	0.175417	0.916479	-8.11096	12.4506	76.3098	
0.92646	0.0766612	0.368504	-0.00986006	0.983646	-0.179842	-0.376265	0.162983	0.912064	-8.42408	12.5946	77.0879	
0.919521	0.0794892	0.384918	-0.0141949	0.985413	-0.169587	-0.392784	0.150475	0.907237	-8.75133	12.728	77.862	
0.912286	0.0820909	0.401241	-0.0187149	0.987038	-0.159389	-0.409125	0.1379	0.901998	-9.09256	12.8507	78.6319	
0.904758	0.0844652	0.417466	-0.0234181	0.988522	-0.149253	-0.425281	0.125261	0.896351	-9.44761	12.9627	79.3971	
0.896941	0.0866109	0.433585	-0.0283023	0.989862	-0.139182	-0.441244	0.112567	0.890299	-9.81634	13.0639	80.1574	
0.888837	0.088527	0.449591	-0.0333654	0.991059	-0.129182	-0.457008	0.0998209	0.883844	-10.1986	13.1542	80.9123	
0.88045	0.0902128	0.465478	-0.038605	0.992113	-0.119257	-0.472565	0.08703	0.876988	-10.5941	13.2337	81.6616	
