1	0	0	0	1	0	0	0	1	0	0	0	
1	-7.9418e-09	-0.000689961	-7.9418e-09	1	-2.3021e-05	0.000689961	2.3021e-05	1	0.000271628	9.06307e-06	0.787374	
0.999999	-3.16979e-08	-0.00137847	-3.16924e-08	1	-4.59859e-05	0.00137847	4.59859e-05	0.999999	0.00108594	3.62302e-05	1.57475	
0.999998	-7.11616e-08	-0.00206552	-7.114e-08	1	-6.88939e-05	0.00206552	6.88939e-05	0.999998	0.0024418	8.14568e-05	2.36212	
0.999996	-1.26225e-07	-0.00275107	-1.26171e-07	1	-9.17444e-05	0.00275107	9.17444e-05	0.999996	0.00433802	0.000144698	3.14949	
0.999994	-1.96778e-07	-0.00343511	-1.9667e-07	1	-0.000114537	0.00343511	0.000114537	0.999994	0.00677344	0.000225908	3.93686	
0.999992	-2.82709e-07	-0.00411762	-2.82521e-07	1	-0.00013727	0.00411762	0.00013727	0.999992	0.00974685	0.000325041	4.72423	
0.999988	-3.83905e-07	-0.00479858	-3.83606e-07	1	-0.000159945	0.00479858	0.000159945	0.999988	0.013257	0.000442051	5.51159	
0.999985	-5.00252e-07	-0.00547796	-4.99804e-07	1	-0.000182558	0.00547796	0.000182558	0.999985	0.0173028	0.00057689	6.29896	
0.999981	-6.31634e-07	-0.00615576	-6.30995e-07	1	-0.000205112	0.00615576	0.000205112	0.999981	0.0218828	0.000729511	7.08632	
0.999977	-7.77934e-07	-0.00683193	-7.77057e-07	1	-0.000227604	0.00683193	0.000227604	0.999977	0.0269959	0.000899865	7.87368	
0.999972	-9.39031e-07	-0.00750647	-9.37864e-07	1	-0.000250033	0.00750647	0.000250033	0.999972	0.0326408	0.0010879	8.66103	
0.999967	-1.11481e-06	-0.00817936	-1.11329e-06	1	-0.0002724	0.00817936	0.0002724	0.999967	0.0388161	0.00129358	9.44838	
0.999961	-1.30514e-06	-0.00885057	-1.30321e-06	1	-0.000294704	0.00885057	0.000294704	0.999961	0.0455205	0.00151684	10.2357	
0.999955	-1.5099e-06	-0.00952009	-1.5075e-06	1	-0.000316944	0.00952009	0.000316944	0.999955	0.0527528	0.00175764	11.0231	
0.999948	-1.72897e-06	-0.0101879	-1.72603e-06	1	-0.000339119	0.0101879	0.000339119	0.999948	0.0605116	0.00201592	11.8104	
0.999941	-1.96222e-06	-0.010854	-1.95866e-06	1	-0.000361229	0.010854	0.000361229	0.999941	0.0687955	0.00229164	12.5977	
0.999934	-2.20952e-06	-0.0115183	-2.20526e-06	1	-0.000383273	0.0115183	0.000383273	0.999934	0.0776031	0.00258474	13.3851	
0.999926	-2.47075e-06	-0.0121808	-2.4657e-06	1	-0.00040525	0.0121808	0.00040525	0.999926	0.0869331	0.00289517	14.1724	
0.999918	-2.74577e-06	-0.0128415	-2.73984e-06	1	-0.000427161	0.0128415	0.000427161	0.999917	0.0967841	0.00322288	14.9597	
0.999909	-3.03446e-06	-0.0135004	-3.02756e-06	1	-0.000449003	0.0135004	0.000449003	0.999909	0.107155	0.00356781	15.747	
0.9999	-3.33667e-06	-0.0141575	-3.3287e-06	1	-0.000470777	0.0141575	0.000470777	0.9999	0.118043	0.00392992	16.5343	
0.99989	-3.65228e-06	-0.0148127	-3.64313e-06	1	-0.000492482	0.0148127	0.000492482	0.99989	0.129448	0.00430914	17.3216	
0.99988	-3.98114e-06	-0.0154661	-3.97072e-06	1	-0.000514118	0.0154661	0.000514118	0.99988	0.141369	0.00470543	18.1089	
0.99987	-4.32313e-06	-0.0161175	-4.31132e-06	1	-0.000535683	0.0161175	0.000535683	0.99987	0.153803	0.00511872	18.8961	
0.999859	-4.6781e-06	-0.0167671	-4.66479e-06	1	-0.000557178	0.0167671	0.000557178	0.999859	0.166749	0.00554897	19.6834	
0.999848	-5.04592e-06	-0.0174146	-5.03098e-06	1	-0.000578601	0.0174146	0.000578601	0.999848	0.180206	0.00599611	20.4707	
0.999837	-5.42644e-06	-0.0180603	-5.40975e-06	1	-0.000599952	0.0180603	0.000599952	0.999837	0.194172	0.00646009	21.2579	
0.999825	-5.81952e-06	-0.018704	-5.80096e-06	1	-0.00062123	0.018704	0.00062123	0.999825	0.208645	0.00694085	22.0452	
0.999813	-6.22502e-06	-0.0193456	-6.20445e-06	1	-0.000642435	0.0193456	0.000642435	0.999813	0.223625	0.00743834	22.8324	
0.9998	-6.6428e-06	-0.0199853	-6.62009e-06	1	-0.000663567	0.0199853	0.000663566	0.9998	0.239109	0.0079525	23.6196	
0.999787	-7.0727e-06	-0.0206229	-7.04772e-06	1	-0.000684623	0.0206229	0.000684623	0.999787	0.255096	0.00848326	24.4068	
0.999774	-7.51459e-06	-0.0212585	-7.48718e-06	1	-0.000705605	0.0212585	0.000705605	0.999774	0.271584	0.00903057	25.194	
0.99976	-7.96831e-06	-0.021892	-7.93834e-06	1	-0.000726511	0.021892	0.000726511	0.99976	0.288572	0.00959438	25.9812	
0.999746	-8.43373e-06	-0.0225234	-8.40104e-06	1	-0.000747341	0.0225234	0.000747341	0.999746	0.306058	0.0101746	26.7684	
0.999732	-8.91068e-06	-0.0231527	-8.87512e-06	1	-0.000768094	0.0231527	0.000768094	0.999732	0.32404	0.0107712	27.5556	
0.999717	-9.39901e-06	-0.0237798	-9.36044e-06	1	-0.00078877	0.0237798	0.000788769	0.999717	0.342516	0.0113841	28.3427	
0.999702	-9.89859e-06	-0.0244048	-9.85683e-06	1	-0.000809368	0.0244048	0.000809367	0.999702	0.361486	0.0120133	29.1299	
0.999687	-1.04092e-05	-0.0250277	-1.03641e-05	1	-0.000829887	0.0250277	0.000829886	0.999686	0.380947	0.0126587	29.917	
0.999671	-1.09308e-05	-0.0256483	-1.08822e-05	1	-0.000850327	0.0256483	0.000850326	0.999671	0.400898	0.0133201	30.7041	
0.999655	-1.14632e-05	-0.0262668	-1.14109e-05	1	-0.000870687	0.0262668	0.000870687	0.999655	0.421336	0.0139977	31.4912	
0.999639	-1.20062e-05	-0.026883	-1.195e-05	1	-0.000890967	0.026883	0.000890967	0.999638	0.44226	0.0146912	32.2783	
0.999622	-1.25596e-05	-0.027497	-1.24995e-05	1	-0.000911167	0.027497	0.000911166	0.999621	0.463669	0.0154007	33.0654	
0.999605	-1.31234e-05	-0.0281087	-1.3059e-05	1	-0.000931285	0.0281087	0.000931284	0.999604	0.48556	0.016126	33.8525	
0.999588	-1.36973e-05	-0.0287182	-1.36285e-05	1	-0.000951321	0.0287182	0.00095132	0.999587	0.507932	0.0168672	34.6395	
0.99957	-1.42812e-05	-0.0293253	-1.42079e-05	1	-0.000971274	0.0293253	0.000971273	0.999569	0.530783	0.0176241	35.4266	
0.999552	-1.48749e-05	-0.0299301	-1.47968e-05	1	-0.000991145	0.0299301	0.000991144	0.999552	0.554111	0.0183967	36.2136	
0.999534	-1.54783e-05	-0.0305326	-1.53953e-05	0.999999	-0.00101093	0.0305326	0.00101093	0.999533	0.577915	0.0191849	37.0006	
0.999515	-1.60912e-05	-0.0311328	-1.60031e-05	0.999999	-0.00103063	0.0311328	0.00103063	0.999515	0.602191	0.0199886	37.7876	
0.999496	-1.67134e-05	-0.0317305	-1.662e-05	0.999999	-0.00105025	0.0317305	0.00105025	0.999496	0.62694	0.0208078	38.5746	
0.999477	-1.73449e-05	-0.0323259	-1.72459e-05	0.999999	-0.00106979	0.0323259	0.00106978	0.999477	0.652158	0.0216424	39.3616	
0.999458	-1.79853e-05	-0.0329189	-1.78807e-05	0.999999	-0.00108923	0.0329189	0.00108923	0.999457	0.677844	0.0224924	40.1485	
0.999438	-1.86346e-05	-0.0335094	-1.85241e-05	0.999999	-0.00110859	0.0335094	0.00110859	0.999438	0.703996	0.0233577	40.9355	
0.999419	-1.92927e-05	-0.0340975	-1.9176e-05	0.999999	-0.00112787	0.0340975	0.00112787	0.999418	0.730612	0.0242381	41.7224	
0.999398	-1.99592e-05	-0.0346832	-1.98362e-05	0.999999	-0.00114705	0.0346832	0.00114705	0.999398	0.75769	0.0251337	42.5093	
0.999468	-1.87215e-05	-0.0326008	1.73738e-05	1	-4.16233e-05	0.0326008	4.10348e-05	0.999468	0.784179	0.0256015	43.2962	
0.999534	-1.97899e-05	-0.0305162	5.22969e-05	0.999999	0.00106444	0.0305162	-0.00106554	0.999534	0.809027	0.0251981	44.0832	
0.999596	-2.31701e-05	-0.0284294	8.49278e-05	0.999998	0.00217112	0.0284293	-0.00217265	0.999593	0.832233	0.0239233	44.8702	
0.999653	-2.88677e-05	-0.0263404	0.000115261	0.999995	0.00327838	0.0263402	-0.00328028	0.999648	0.853795	0.0217766	45.6573	
0.999706	-3.68879e-05	-0.0242494	0.000143293	0.99999	0.00438621	0.024249	-0.00438839	0.999696	0.873712	0.0187575	46.4444	
0.999755	-4.72358e-05	-0.0221564	0.000169017	0.999985	0.00549458	0.0221559	-0.00549697	0.999739	0.891981	0.0148658	47.2316	
0.999799	-5.99161e-05	-0.0200615	0.000192429	0.999978	0.00660347	0.0200607	-0.006606	0.999777	0.908601	0.010101	48.0187	
0.999839	-7.49335e-05	-0.0179648	0.000213526	0.99997	0.00771285	0.0179637	-0.00771544	0.999809	0.923571	0.00446282	48.806	
0.999874	-9.22922e-05	-0.0158663	0.000232301	0.999961	0.00882271	0.0158648	-0.00882529	0.999835	0.936888	-0.00204905	49.5932	
0.999905	-0.000111996	-0.013766	0.000248753	0.999951	0.00993302	0.0137642	-0.00993551	0.999856	0.948553	-0.00943493	50.3804	
0.999932	-0.00013405	-0.0116641	0.000262875	0.999939	0.0110438	0.0116619	-0.0110461	0.999871	0.958563	-0.0176951	51.1677	
0.999954	-0.000158456	-0.00956069	0.000274666	0.999926	0.0121549	0.00955806	-0.012157	0.99988	0.966917	-0.0268299	51.955	
0.999972	-0.000185218	-0.00745575	0.000284121	0.999912	0.0132664	0.00745263	-0.0132682	0.999884	0.973614	-0.0368394	52.7423	
0.999986	-0.00021434	-0.00534937	0.000291237	0.999897	0.0143783	0.00534574	-0.0143797	0.999882	0.978652	-0.047724	53.5296	
0.999995	-0.000245824	-0.00324164	0.000296011	0.99988	0.0154905	0.00323744	-0.0154914	0.999875	0.982031	-0.0594839	54.3168	
0.999999	-0.000279673	-0.00113262	0.00029844	0.999862	0.0166031	0.00112782	-0.0166034	0.999862	0.98375	-0.0721192	55.1041	
0.999999	-0.000315889	0.000977611	0.00029852	0.999843	0.0177159	-0.000983054	-0.0177156	0.999843	0.983807	-0.0856302	55.8914	
0.999995	-0.000354474	0.00308899	0.00029625	0.999823	0.018829	-0.00309512	-0.018828	0.999818	0.982201	-0.100017	56.6786	
0.999986	-0.000395431	0.00520144	0.000291627	0.999801	0.0199424	-0.00520829	-0.0199406	0.999788	0.978933	-0.11528	57.4658	
0.999973	-0.00043876	0.0073149	0.000284648	0.999778	0.021056	-0.00732252	-0.0210533	0.999752	0.973999	-0.131418	58.253	
0.999955	-0.000484464	0.00942929	0.000275312	0.999754	0.0221697	-0.00943771	-0.0221662	0.99971	0.967401	-0.148433	59.0402	
0.999933	-0.000532543	0.0115445	0.000263617	0.999729	0.0232837	-0.0115538	-0.0232791	0.999662	0.959137	-0.166325	59.8273	
0.999907	-0.000582998	0.0136606	0.00024956	0.999702	0.0243978	-0.0136707	-0.0243921	0.999609	0.949206	-0.185092	60.6144	
0.999875	-0.000635831	0.0157773	0.00023314	0.999674	0.0255121	-0.0157884	-0.0255052	0.99955	0.937609	-0.204736	61.4014	
0.99984	-0.000691041	0.0178947	0.000214357	0.999645	0.0266264	-0.0179068	-0.0266183	0.999485	0.924343	-0.225256	62.1884	
0.999799	-0.000748629	0.0200127	0.000193208	0.999615	0.0277409	-0.0200258	-0.0277315	0.999415	0.90941	-0.246653	62.9754	
0.999755	-0.000808594	0.0221312	0.000169693	0.999584	0.0288554	-0.0221453	-0.0288446	0.999339	0.892808	-0.268927	63.7622	
0.999706	-0.000870936	0.0242501	0.000143811	0.999551	0.02997	-0.0242653	-0.0299577	0.999257	0.874536	-0.292076	64.5491	
0.999652	-0.000935655	0.0263694	0.000115561	0.999517	0.0310846	-0.0263858	-0.0310707	0.999169	0.854596	-0.316102	65.3358	
0.999594	-0.00100275	0.028489	8.49429e-05	0.999481	0.0321992	-0.0285065	-0.0321837	0.999075	0.832985	-0.341005	66.1225	
0.999531	-0.00107222	0.0306088	5.19561e-05	0.999445	0.0333138	-0.0306275	-0.0332965	0.998976	0.809705	-0.366783	66.9091	
0.999464	-0.00114406	0.0327287	1.66007e-05	0.999407	0.0344283	-0.0327487	-0.0344093	0.998871	0.784755	-0.393438	67.6956	
0.999392	-0.00121828	0.0348487	-2.11233e-05	0.999368	0.0355428	-0.03487	-0.0355219	0.99876	0.758134	-0.420969	68.4821	
0.999316	-0.00129486	0.0369687	-6.12156e-05	0.999328	0.0366571	-0.0369914	-0.0366343	0.998644	0.729843	-0.449376	69.2684	
0.999235	-0.00137382	0.0390887	-0.000103676	0.999286	0.0377714	-0.0391127	-0.0377465	0.998522	0.699882	-0.478659	70.0547	
0.99915	-0.00145514	0.0412085	-0.000148503	0.999244	0.0388855	-0.0412339	-0.0388586	0.998394	0.66825	-0.508818	70.8409	
0.99906	-0.00153882	0.0433281	-0.000195697	0.9992	0.0399995	-0.043355	-0.0399704	0.99826	0.634949	-0.539851	71.6269	
0.998111	-0.00233222	0.0613976	-0.000599633	0.998862	0.0476903	-0.0614389	-0.047637	0.996973	0.593691	-0.574342	72.4124	
0.996834	-0.00326432	0.0794403	-0.00114289	0.998465	0.0553696	-0.0794991	-0.0552851	0.995301	0.538204	-0.614863	73.1968	
0.995231	-0.00433475	0.0974491	-0.00182525	0.99801	0.0630346	-0.0975284	-0.0629119	0.993242	0.468509	-0.661397	73.9797	
0.993302	-0.0055431	0.115417	-0.00264646	0.997495	0.0706822	-0.11552	-0.0705142	0.990799	0.384632	-0.713927	74.7608	
0.991047	-0.0068889	0.133338	-0.0036062	0.996923	0.0783095	-0.133467	-0.0780892	0.987972	0.286606	-0.772432	75.5398	
0.988467	-0.00837163	0.151203	-0.00470409	0.996291	0.0859135	-0.151362	-0.085634	0.984762	0.174469	-0.83689	76.3165	
0.985564	-0.00999071	0.169007	-0.00593971	0.995602	0.0934914	-0.169198	-0.0931456	0.981171	0.0482643	-0.907275	77.0905	
0.982339	-0.0117455	0.186743	-0.00731258	0.994855	0.10104	-0.186969	-0.100621	0.977199	-0.0919587	-0.983561	77.8615	
