1	0	0	0	1	0	0	0	1	0	0	0	
0.999996	-6.65325e-06	-0.00298523	-6.65325e-06	0.99999	-0.00445741	0.00298523	0.00445741	0.999986	0.0015288	0.00228274	1.02424	
0.999982	-2.66352e-05	-0.00597318	-2.66299e-05	0.99996	-0.00891711	0.00597318	0.00891711	0.999942	0.00611661	0.00913213	2.04845	
0.99996	-5.99771e-05	-0.00896375	-5.99558e-05	0.99991	-0.0133789	0.00896375	0.0133789	0.99987	0.0137661	0.0205504	3.07259	
0.999929	-0.000106709	-0.0119568	-0.000106656	0.999841	-0.0178426	0.0119568	0.0178426	0.999769	0.02448	0.0365397	4.09665	
0.999888	-0.000166862	-0.0149522	-0.000166755	0.999751	-0.0223081	0.0149522	0.0223081	0.999639	0.0382607	0.0571018	5.1206	
0.999839	-0.000240462	-0.0179499	-0.000240275	0.999641	-0.0267752	0.0179499	0.0267752	0.99948	0.0551107	0.0822385	6.14439	
0.99978	-0.000327539	-0.0209498	-0.00032724	0.999512	-0.0312437	0.0209498	0.0312437	0.999292	0.0750321	0.111951	7.16801	
0.999713	-0.000428119	-0.0239516	-0.00042767	0.999362	-0.0357134	0.0239516	0.0357134	0.999075	0.0980271	0.146241	8.19142	
0.999636	-0.000542228	-0.0269554	-0.000541586	0.999192	-0.0401842	0.0269554	0.0401842	0.998829	0.124098	0.18511	9.21459	
0.999551	-0.000669892	-0.029961	-0.000669008	0.999002	-0.0446558	0.029961	0.0446558	0.998553	0.153246	0.228559	10.2375	
0.999456	-0.000811133	-0.0329682	-0.000809955	0.998792	-0.0491282	0.0329682	0.0491282	0.998248	0.185473	0.276588	11.2601	
0.999352	-0.000965976	-0.035977	-0.000964443	0.998562	-0.0536011	0.035977	0.053601	0.997914	0.220782	0.329198	12.2824	
0.999239	-0.00113444	-0.0389873	-0.00113249	0.998312	-0.0580743	0.0389873	0.0580743	0.997551	0.259173	0.386389	13.3043	
0.999117	-0.00131656	-0.0419988	-0.00131412	0.998041	-0.0625478	0.0419989	0.0625477	0.997158	0.300648	0.448162	14.3258	
0.998985	-0.00151234	-0.0450116	-0.00150933	0.99775	-0.0670212	0.0450117	0.0670211	0.996736	0.345208	0.514517	15.347	
0.998845	-0.0017218	-0.0480255	-0.00171815	0.99744	-0.0714945	0.0480256	0.0714944	0.996284	0.392854	0.585454	16.3676	
0.998695	-0.00194497	-0.0510404	-0.00194059	0.997108	-0.0759674	0.0510405	0.0759673	0.995803	0.443588	0.660973	17.3878	
0.998536	-0.00218187	-0.0540561	-0.00217666	0.996757	-0.0804399	0.0540563	0.0804397	0.995293	0.497411	0.741072	18.4075	
0.998367	-0.0024325	-0.0570725	-0.00242637	0.996386	-0.0849116	0.0570728	0.0849115	0.994753	0.554322	0.825752	19.4266	
0.998189	-0.0026969	-0.0600896	-0.00268974	0.995994	-0.0893825	0.06009	0.0893823	0.994183	0.614324	0.915012	20.4452	
0.998002	-0.00297506	-0.0631072	-0.00296678	0.995582	-0.0938524	0.0631076	0.0938522	0.993584	0.677416	1.00885	21.4632	
0.997806	-0.00326701	-0.0661252	-0.00325748	0.995149	-0.0983211	0.0661257	0.0983208	0.992955	0.7436	1.10727	22.4806	
0.9976	-0.00357277	-0.0691435	-0.00356187	0.994697	-0.102788	0.0691441	0.102788	0.992297	0.812874	1.21026	23.4973	
0.997385	-0.00389234	-0.0721619	-0.00387995	0.994224	-0.107254	0.0721626	0.107254	0.991609	0.885241	1.31783	24.5133	
0.997161	-0.00422573	-0.0751804	-0.00421173	0.993731	-0.111718	0.0751812	0.111718	0.990892	0.960699	1.42997	25.5285	
0.996927	-0.00457297	-0.0781988	-0.00455721	0.993218	-0.11618	0.0781997	0.11618	0.990145	1.03925	1.54668	26.5431	
0.996684	-0.00493405	-0.081217	-0.0049164	0.992684	-0.12064	0.0812181	0.12064	0.989368	1.12089	1.66796	27.5568	
0.996432	-0.00530899	-0.0842349	-0.0052893	0.99213	-0.125098	0.0842361	0.125097	0.988562	1.20562	1.79381	28.5698	
0.99617	-0.0056978	-0.0872524	-0.00567591	0.991556	-0.129554	0.0872538	0.129553	0.987726	1.29345	1.92422	29.5819	
0.995899	-0.00610049	-0.0902693	-0.00607625	0.990962	-0.134007	0.0902709	0.134005	0.986861	1.38436	2.05919	30.5931	
0.995618	-0.00651706	-0.0932856	-0.0064903	0.990347	-0.138457	0.0932874	0.138455	0.985965	1.47837	2.19873	31.6034	
0.995328	-0.00694752	-0.0963011	-0.00691808	0.989712	-0.142904	0.0963032	0.142902	0.98504	1.57546	2.34281	32.6128	
0.995029	-0.00739187	-0.0993157	-0.00735958	0.989057	-0.147348	0.0993181	0.147346	0.984086	1.67564	2.49146	33.6213	
0.99472	-0.00785012	-0.102329	-0.0078148	0.988382	-0.151789	0.102332	0.151787	0.983102	1.77891	2.64465	34.6287	
0.994401	-0.00832228	-0.105342	-0.00828374	0.987687	-0.156226	0.105345	0.156224	0.982088	1.88527	2.80239	35.6351	
0.994073	-0.00880835	-0.108353	-0.0087664	0.986971	-0.16066	0.108356	0.160658	0.981044	1.99471	2.96467	36.6405	
0.993736	-0.00930832	-0.111363	-0.00926277	0.986235	-0.16509	0.111367	0.165088	0.979971	2.10723	3.13149	37.6448	
0.99339	-0.00982221	-0.114371	-0.00977286	0.985479	-0.169517	0.114376	0.169514	0.978868	2.22284	3.30285	38.6479	
0.993033	-0.01035	-0.117378	-0.0102966	0.984703	-0.173939	0.117383	0.173935	0.977736	2.34153	3.47874	39.6499	
0.992668	-0.0108917	-0.120383	-0.0108341	0.983906	-0.178356	0.120388	0.178353	0.976574	2.4633	3.65915	40.6508	
0.992293	-0.0114473	-0.123387	-0.0113853	0.98309	-0.18277	0.123392	0.182766	0.975382	2.58814	3.84409	41.6504	
0.991908	-0.0120169	-0.126388	-0.0119502	0.982253	-0.187179	0.126394	0.187174	0.974161	2.71606	4.03355	42.6488	
0.991514	-0.0126003	-0.129387	-0.0125288	0.981397	-0.191583	0.129394	0.191578	0.972911	2.84706	4.22751	43.646	
0.991111	-0.0131977	-0.132384	-0.013121	0.98052	-0.195982	0.132392	0.195977	0.97163	2.98113	4.42599	44.6418	
0.990698	-0.0138089	-0.135379	-0.0137269	0.979623	-0.200376	0.135388	0.20037	0.970321	3.11826	4.62897	45.6363	
0.990275	-0.014434	-0.138372	-0.0143465	0.978706	-0.204765	0.138381	0.204758	0.968981	3.25846	4.83644	46.6295	
0.989843	-0.0150731	-0.141362	-0.0149797	0.977769	-0.209148	0.141372	0.209141	0.967613	3.40173	5.04841	47.6213	
0.989402	-0.015726	-0.144349	-0.0156265	0.976812	-0.213526	0.14436	0.213518	0.966214	3.54806	5.26486	48.6116	
0.988951	-0.0163928	-0.147334	-0.0162869	0.975836	-0.217898	0.147345	0.21789	0.964787	3.69745	5.4858	49.6005	
0.988491	-0.0170735	-0.150315	-0.016961	0.974839	-0.222264	0.150328	0.222255	0.96333	3.8499	5.71121	50.588	
0.988021	-0.017768	-0.153294	-0.0176486	0.973823	-0.226624	0.153308	0.226614	0.961843	4.0054	5.94108	51.5739	
0.987542	-0.0184764	-0.15627	-0.0183499	0.972786	-0.230977	0.156285	0.230967	0.960328	4.16394	6.17542	52.5583	
0.987053	-0.0191986	-0.159242	-0.0190647	0.97173	-0.235325	0.159259	0.235314	0.958783	4.32554	6.41421	53.5411	
0.986555	-0.0199346	-0.162212	-0.019793	0.970654	-0.239665	0.162229	0.239654	0.957208	4.49018	6.65745	54.5223	
0.986047	-0.0206845	-0.165177	-0.0205349	0.969558	-0.243999	0.165196	0.243987	0.955605	4.65786	6.90514	55.5019	
0.98553	-0.0214482	-0.16814	-0.0212903	0.968442	-0.248327	0.16816	0.248313	0.953972	4.82858	7.15725	56.4799	
0.985003	-0.0222256	-0.171098	-0.0220592	0.967307	-0.252647	0.17112	0.252632	0.95231	5.00234	7.4138	57.4561	
0.984467	-0.0230169	-0.174053	-0.0228415	0.966152	-0.25696	0.174076	0.256944	0.950619	5.17912	7.67476	58.4306	
0.983922	-0.0238219	-0.177004	-0.0236374	0.964978	-0.261265	0.177029	0.261248	0.948899	5.35893	7.94014	59.4034	
0.983367	-0.0246407	-0.179951	-0.0244466	0.963784	-0.265563	0.179977	0.265545	0.94715	5.54176	8.20993	60.3744	
0.982803	-0.0254732	-0.182894	-0.0252693	0.96257	-0.269853	0.182922	0.269834	0.945372	5.72761	8.48411	61.3436	
0.982229	-0.0263194	-0.185832	-0.0261054	0.961337	-0.274136	0.185862	0.274115	0.943566	5.91647	8.76267	62.311	
0.981646	-0.0271793	-0.188767	-0.0269548	0.960084	-0.27841	0.188799	0.278388	0.94173	6.10834	9.04562	63.2765	
0.981053	-0.0280529	-0.191696	-0.0278176	0.958812	-0.282676	0.191731	0.282653	0.939865	6.30322	9.33295	64.2401	
0.979813	-0.0298594	-0.197672	-0.0283304	0.958065	-0.285148	0.197897	0.284991	0.937879	6.50276	9.62365	65.2017	
0.978534	-0.0316814	-0.203637	-0.0288599	0.957311	-0.287616	0.204056	0.287319	0.935847	6.70861	9.91674	66.1613	
0.977214	-0.0335188	-0.209591	-0.0294061	0.95655	-0.290081	0.210208	0.289635	0.933769	6.92076	10.2122	67.1188	
0.975856	-0.0353713	-0.215533	-0.0299689	0.955783	-0.292542	0.216351	0.291938	0.931646	7.13921	10.5101	68.0741	
0.974458	-0.0372387	-0.221462	-0.0305481	0.955009	-0.294999	0.222484	0.294229	0.929478	7.36395	10.8102	69.0272	
0.97302	-0.0391208	-0.227378	-0.0311437	0.954229	-0.29745	0.228607	0.296506	0.927266	7.59496	11.1128	69.9781	
0.967722	-0.0455327	-0.247873	-0.0280534	0.957969	-0.285497	0.250454	0.283235	0.92577	7.84031	11.4097	70.9272	
0.961942	-0.0516491	-0.268328	-0.0246823	0.961536	-0.273567	0.272136	0.269778	0.923667	8.10796	11.6929	71.8744	
0.955685	-0.0574658	-0.288729	-0.0210327	0.964929	-0.261668	0.29364	0.256144	0.920959	8.39772	11.9623	72.8191	
0.948954	-0.0629791	-0.309064	-0.0171069	0.968144	-0.249807	0.314951	0.242343	0.917647	8.70941	12.2176	73.7607	
0.941753	-0.0681853	-0.329319	-0.0129075	0.971181	-0.237994	0.336056	0.228382	0.913733	9.04282	12.4586	74.6987	
0.934089	-0.0730811	-0.349481	-0.00843716	0.974036	-0.226234	0.356941	0.214272	0.90922	9.39774	12.6853	75.6323	
0.925965	-0.0776632	-0.369537	-0.00369894	0.976709	-0.214537	0.377591	0.200021	0.904111	9.77393	12.8975	76.561	
0.917387	-0.0819286	-0.389473	0.00130411	0.979197	-0.20291	0.397994	0.185639	0.898409	10.1711	13.095	77.4841	
0.90836	-0.0858745	-0.409276	0.0065687	0.981498	-0.19136	0.418136	0.171135	0.892118	10.5891	13.2778	78.4012	
0.898892	-0.0894984	-0.428934	0.0120914	0.983612	-0.179895	0.438004	0.156519	0.885242	11.0276	13.4456	79.3114	
0.888986	-0.0927978	-0.448433	0.0178685	0.985536	-0.168522	0.457585	0.141801	0.877786	11.4863	13.5984	80.2144	
0.878651	-0.0957706	-0.467761	0.0238964	0.98727	-0.157249	0.476866	0.126989	0.869754	11.9649	13.736	81.1094	
0.867893	-0.0984149	-0.486905	0.0301709	0.988812	-0.146084	0.495834	0.112095	0.861152	12.463	13.8585	81.9958	
0.856719	-0.100729	-0.505852	0.0366881	0.990162	-0.135033	0.514477	0.0971263	0.851986	12.9804	13.9656	82.8732	
0.845136	-0.102711	-0.52459	0.0434436	0.991318	-0.124104	0.532783	0.0820944	0.842261	13.5168	14.0574	83.7409	
0.833153	-0.10436	-0.543108	0.0504331	0.99228	-0.113304	0.550739	0.0670086	0.831983	14.0717	14.1338	84.5984	
0.820776	-0.105675	-0.561391	0.0576518	0.993047	-0.10264	0.568334	0.0518789	0.821161	14.6449	14.1947	85.4451	
0.808013	-0.106655	-0.57943	0.0650952	0.993618	-0.092119	0.585557	0.0367153	0.809799	15.2358	14.24	86.2803	
0.794875	-0.107299	-0.597211	0.0727583	0.993994	-0.0817482	0.602396	0.0215275	0.797907	15.8442	14.2699	87.1037	
0.781368	-0.107607	-0.614724	0.0806361	0.994173	-0.0715342	0.618839	0.00632562	0.785492	16.4697	14.2841	87.9147	
0.767502	-0.107579	-0.631956	0.0887234	0.994157	-0.0614837	0.634878	-0.0088804	0.772562	17.1118	14.2828	88.7126	
0.753285	-0.107214	-0.648896	0.0970149	0.993944	-0.0516033	0.650499	-0.0240806	0.759125	17.7701	14.2659	89.4971	
0.738728	-0.106514	-0.665534	0.105505	0.993536	-0.0418995	0.665695	-0.039265	0.74519	18.4442	14.2335	90.2675	
0.72384	-0.105478	-0.681858	0.114189	0.992931	-0.0323786	0.680454	-0.0544237	0.730767	19.1336	14.1855	91.0234	
0.70863	-0.104106	-0.697858	0.12306	0.992132	-0.0230468	0.694766	-0.0695467	0.715865	19.8379	14.122	91.7643	
0.693108	-0.102401	-0.713523	0.132113	0.991137	-0.0139103	0.708624	-0.0846241	0.700494	20.5567	14.0431	92.4897	
0.677285	-0.100363	-0.728843	0.141341	0.989948	-0.00497516	0.722016	-0.099646	0.684663	21.2894	13.9487	93.1991	
0.661171	-0.0979937	-0.743808	0.15074	0.988566	0.00375289	0.734935	-0.114603	0.668383	22.0355	13.839	93.8921	
0.644777	-0.0952941	-0.758407	0.160301	0.986992	0.0122681	0.747373	-0.129484	0.651665	22.7947	13.7139	94.5681	
