1	0	0	0	1	0	0	0	1	0	0	0	
0.999998	-4.93391e-06	-0.0018674	-4.93391e-06	0.999986	-0.0052842	0.0018674	0.0052842	0.999984	0.00095634	0.00270616	1.02424	
0.999993	-1.97457e-05	-0.00373583	-1.97432e-05	0.999944	-0.01057	0.00373583	0.01057	0.999937	0.00382588	0.0108254	2.04844	
0.999984	-4.44493e-05	-0.00560521	-4.44396e-05	0.999874	-0.0158572	0.00560521	0.0158572	0.999859	0.00860964	0.0243594	3.07258	
0.999972	-7.90584e-05	-0.00747547	-7.90341e-05	0.999776	-0.0211455	0.00747547	0.0211455	0.999748	0.0153085	0.0433093	4.09663	
0.999956	-0.000123586	-0.00934654	-0.000123537	0.999651	-0.0264349	0.00934654	0.0264349	0.999607	0.0239235	0.0676763	5.12054	
0.999937	-0.000178045	-0.0112184	-0.000177959	0.999497	-0.0317251	0.0112184	0.0317251	0.999434	0.0344552	0.0974613	6.14429	
0.999914	-0.000242446	-0.0130909	-0.00024231	0.999315	-0.0370158	0.0130909	0.0370158	0.999229	0.0469045	0.132665	7.16786	
0.999888	-0.000316802	-0.014964	-0.000316597	0.999105	-0.042307	0.014964	0.042307	0.998993	0.061272	0.173288	8.19119	
0.999858	-0.000401124	-0.0168376	-0.000400831	0.998866	-0.0475984	0.0168376	0.0475984	0.998725	0.0775583	0.219331	9.21427	
0.999825	-0.000495422	-0.0187117	-0.000495019	0.9986	-0.0528899	0.0187117	0.0528899	0.998425	0.0957639	0.270793	10.2371	
0.999788	-0.000599705	-0.0205862	-0.000599168	0.998306	-0.0581811	0.0205862	0.0581811	0.998094	0.115889	0.327675	11.2595	
0.999747	-0.000713984	-0.0224611	-0.000713286	0.997983	-0.063472	0.0224611	0.063472	0.997731	0.137935	0.389976	12.2816	
0.999703	-0.000838268	-0.0243362	-0.000837379	0.997633	-0.0687624	0.0243362	0.0687624	0.997336	0.161901	0.457697	13.3033	
0.999656	-0.000972565	-0.0262115	-0.000971453	0.997254	-0.074052	0.0262115	0.074052	0.99691	0.187787	0.530835	14.3246	
0.999605	-0.00111688	-0.0280869	-0.00111551	0.996847	-0.0793406	0.028087	0.0793406	0.996452	0.215595	0.609391	15.3455	
0.99955	-0.00127123	-0.0299624	-0.00126957	0.996412	-0.0846281	0.0299625	0.0846281	0.995962	0.245323	0.693363	16.3658	
0.999492	-0.00143561	-0.0318379	-0.00143362	0.995948	-0.0899143	0.031838	0.0899143	0.99544	0.276973	0.78275	17.3857	
0.99943	-0.00161003	-0.0337133	-0.00160767	0.995457	-0.0951989	0.0337134	0.0951989	0.994887	0.310543	0.877551	18.405	
0.999365	-0.00179451	-0.0355885	-0.00179172	0.994937	-0.100482	0.0355887	0.100482	0.994302	0.346034	0.977763	19.4237	
0.999296	-0.00198903	-0.0374636	-0.00198578	0.994389	-0.105763	0.0374637	0.105763	0.993685	0.383446	1.08339	20.4418	
0.999224	-0.00219362	-0.0393383	-0.00218985	0.993813	-0.111042	0.0393385	0.111042	0.993037	0.422778	1.19442	21.4592	
0.999147	-0.00240826	-0.0412127	-0.00240393	0.993209	-0.116318	0.0412129	0.116318	0.992357	0.464031	1.31085	22.476	
0.999068	-0.00263298	-0.0430867	-0.00262803	0.992577	-0.121592	0.043087	0.121592	0.991644	0.507202	1.43269	23.492	
0.998985	-0.00286776	-0.0449601	-0.00286214	0.991916	-0.126864	0.0449605	0.126864	0.990901	0.552293	1.55993	24.5073	
0.998898	-0.00311262	-0.046833	-0.00310627	0.991227	-0.132132	0.0468334	0.132132	0.990125	0.599303	1.69257	25.5219	
0.998808	-0.00336756	-0.0487053	-0.00336041	0.99051	-0.137398	0.0487058	0.137398	0.989318	0.648231	1.8306	26.5356	
0.998714	-0.00363258	-0.0505769	-0.00362457	0.989765	-0.14266	0.0505774	0.14266	0.988479	0.699076	1.97403	27.5485	
0.998616	-0.00390767	-0.0524477	-0.00389874	0.988992	-0.147919	0.0524483	0.147919	0.987608	0.751838	2.12284	28.5605	
0.998515	-0.00419285	-0.0543176	-0.00418292	0.98819	-0.153174	0.0543184	0.153174	0.986705	0.806516	2.27703	29.5716	
0.99841	-0.00448811	-0.0561867	-0.00447712	0.987361	-0.158425	0.0561876	0.158425	0.985771	0.863108	2.43661	30.5817	
0.998302	-0.00479346	-0.0580548	-0.00478133	0.986503	-0.163673	0.0580558	0.163672	0.984805	0.921615	2.60156	31.5909	
0.99819	-0.00510888	-0.0599218	-0.00509554	0.985617	-0.168916	0.0599229	0.168915	0.983807	0.982034	2.77189	32.5991	
0.998075	-0.00543439	-0.0617877	-0.00541976	0.984703	-0.174154	0.061789	0.174154	0.982778	1.04437	2.94758	33.6062	
0.997955	-0.00576998	-0.0636525	-0.00575398	0.983762	-0.179388	0.0636539	0.179388	0.981717	1.10861	3.12864	34.6122	
0.997833	-0.00611565	-0.0655159	-0.00609819	0.982792	-0.184617	0.0655176	0.184617	0.980624	1.17476	3.31505	35.6172	
0.997707	-0.00647139	-0.0673781	-0.0064524	0.981794	-0.189842	0.0673799	0.189841	0.9795	1.24282	3.50682	36.621	
0.997577	-0.00683721	-0.0692389	-0.00681659	0.980767	-0.195061	0.0692409	0.19506	0.978344	1.31279	3.70394	37.6237	
0.997443	-0.00721311	-0.0710982	-0.00719077	0.979713	-0.200274	0.0711005	0.200274	0.977157	1.38466	3.9064	38.6251	
0.997306	-0.00759907	-0.072956	-0.00757492	0.978631	-0.205483	0.0729586	0.205482	0.975938	1.45843	4.11419	39.6254	
0.997166	-0.00799509	-0.0748123	-0.00796904	0.977522	-0.210685	0.074815	0.210684	0.974687	1.53411	4.32732	40.6243	
0.997021	-0.00840117	-0.0766668	-0.00837313	0.976384	-0.215882	0.0766699	0.21588	0.973405	1.61169	4.54578	41.622	
0.996874	-0.00881731	-0.0785196	-0.00878717	0.975218	-0.221072	0.078523	0.221071	0.972091	1.69117	4.76955	42.6183	
0.996722	-0.0092435	-0.0803707	-0.00921115	0.974024	-0.226256	0.0803744	0.226255	0.970746	1.77254	4.99863	43.6133	
0.996567	-0.00967973	-0.0822199	-0.00964508	0.972803	-0.231434	0.0822239	0.231432	0.96937	1.85581	5.23303	44.6069	
0.996409	-0.010126	-0.0840671	-0.0100889	0.971554	-0.236605	0.0840715	0.236603	0.967962	1.94098	5.47272	45.599	
0.996246	-0.0105823	-0.0859123	-0.0105427	0.970277	-0.241769	0.0859172	0.241767	0.966523	2.02803	5.7177	46.5897	
0.996081	-0.0110486	-0.0877555	-0.0110064	0.968972	-0.246926	0.0877608	0.246924	0.965053	2.11698	5.96797	47.5789	
0.995911	-0.011525	-0.0895965	-0.01148	0.967639	-0.252076	0.0896023	0.252074	0.963551	2.20781	6.22352	48.5666	
0.995739	-0.0120113	-0.0914354	-0.0119635	0.966279	-0.257218	0.0914417	0.257216	0.962018	2.30053	6.48434	49.5527	
0.995562	-0.0125077	-0.093272	-0.0124569	0.964892	-0.262353	0.0932787	0.26235	0.960454	2.39513	6.75042	50.5373	
0.995382	-0.013014	-0.0951062	-0.0129601	0.963476	-0.26748	0.0951135	0.267477	0.958858	2.4916	7.02176	51.5202	
0.995198	-0.0135303	-0.096938	-0.0134732	0.962033	-0.272599	0.096946	0.272596	0.957232	2.58996	7.29834	52.5015	
0.995011	-0.0140566	-0.0987674	-0.0139962	0.960563	-0.27771	0.0987759	0.277707	0.955574	2.6902	7.58016	53.4811	
0.994821	-0.0145929	-0.100594	-0.014529	0.959065	-0.282812	0.100603	0.282809	0.953886	2.7923	7.86721	54.4589	
0.994626	-0.0151391	-0.102418	-0.0150716	0.95754	-0.287906	0.102428	0.287903	0.952166	2.89628	8.15949	55.4351	
0.994428	-0.0156952	-0.10424	-0.015624	0.955987	-0.292992	0.104251	0.292988	0.950416	3.00213	8.45698	56.4094	
0.994227	-0.0162613	-0.106059	-0.0161862	0.954407	-0.298068	0.10607	0.298064	0.948634	3.10984	8.75967	57.382	
0.994022	-0.0168373	-0.107875	-0.0167582	0.9528	-0.303135	0.107887	0.303131	0.946822	3.21941	9.06755	58.3527	
0.993813	-0.0174232	-0.109688	-0.01734	0.951166	-0.308193	0.109701	0.308189	0.944979	3.33084	9.38062	59.3215	
0.993601	-0.018019	-0.111498	-0.0179315	0.949504	-0.313242	0.111512	0.313237	0.943105	3.44413	9.69887	60.2884	
0.993386	-0.0186246	-0.113305	-0.0185328	0.947815	-0.318281	0.11332	0.318276	0.941201	3.55927	10.0223	61.2534	
0.993166	-0.0192402	-0.115109	-0.0191437	0.946099	-0.32331	0.115125	0.323305	0.939266	3.67626	10.3508	62.2165	
0.992944	-0.0198656	-0.11691	-0.0197644	0.944356	-0.32833	0.116927	0.328324	0.9373	3.7951	10.6846	63.1775	
0.992718	-0.0205008	-0.118708	-0.0203948	0.942586	-0.333339	0.118726	0.333332	0.935304	3.91578	11.0234	64.1365	
0.992167	-0.0220357	-0.12296	-0.0213671	0.939876	-0.340848	0.123078	0.340805	0.932043	4.03962	11.3687	65.0928	
0.991597	-0.0236045	-0.127196	-0.0223746	0.937104	-0.348331	0.127418	0.34825	0.928701	4.1679	11.7215	66.0457	
0.991007	-0.025207	-0.131417	-0.023417	0.934273	-0.355789	0.131748	0.355667	0.92528	4.30063	12.082	66.9952	
0.990397	-0.0268432	-0.135622	-0.0244944	0.931382	-0.363219	0.136066	0.363053	0.92178	4.43778	12.4501	67.9411	
0.989768	-0.028513	-0.139811	-0.0256066	0.928431	-0.370622	0.140372	0.37041	0.918201	4.57935	12.8257	68.8834	
0.989119	-0.0302163	-0.143983	-0.0267534	0.925421	-0.377996	0.144667	0.377735	0.914542	4.72533	13.2089	69.822	
0.986377	-0.0371204	-0.160259	-0.0295609	0.918351	-0.39466	0.161824	0.394021	0.904743	4.8823	13.6041	70.7538	
0.983329	-0.0443136	-0.176353	-0.0326816	0.910986	-0.41114	0.178874	0.410049	0.894351	5.05679	14.0159	71.6752	
0.979977	-0.0517912	-0.192257	-0.0361137	0.90333	-0.427424	0.195808	0.425809	0.883372	5.24868	14.444	72.5856	
0.976323	-0.0595482	-0.207959	-0.0398548	0.895387	-0.443501	0.212613	0.441289	0.871814	5.45785	14.8881	73.4846	
0.97237	-0.0675796	-0.223449	-0.0439025	0.887164	-0.459362	0.229279	0.45648	0.859685	5.68417	15.3479	74.3713	
0.96812	-0.0758802	-0.238716	-0.0482542	0.878665	-0.474995	0.245794	0.471371	0.846991	5.92748	15.8231	75.2454	
0.963576	-0.0844444	-0.253752	-0.0529069	0.869896	-0.49039	0.262149	0.485954	0.833743	6.18762	16.3134	76.1062	
0.958741	-0.0932667	-0.268546	-0.0578577	0.860862	-0.505538	0.278331	0.500217	0.819948	6.46442	16.8184	76.9531	
0.953618	-0.102341	-0.283088	-0.0631033	0.851571	-0.520428	0.294331	0.514153	0.805615	6.75771	17.338	77.7857	
0.94821	-0.111662	-0.29737	-0.0686402	0.842027	-0.535051	0.310138	0.527752	0.790754	7.06729	17.8716	78.6033	
0.942522	-0.121223	-0.31138	-0.0744648	0.832237	-0.549396	0.325742	0.541005	0.775375	7.39296	18.4189	79.4053	
0.936556	-0.131018	-0.325111	-0.0805733	0.822208	-0.563456	0.341132	0.553903	0.759487	7.73449	18.9797	80.1914	
0.930317	-0.141041	-0.338553	-0.0869617	0.811945	-0.577219	0.356298	0.566438	0.743101	8.09168	19.5535	80.961	
0.923808	-0.151284	-0.351698	-0.0936259	0.801457	-0.590678	0.371231	0.578602	0.726228	8.46429	20.1399	81.7135	
0.917035	-0.161742	-0.364536	-0.100561	0.790749	-0.603824	0.38592	0.590386	0.708879	8.85206	20.7386	82.4485	
0.910001	-0.172407	-0.37706	-0.107764	0.779829	-0.616647	0.400357	0.601783	0.691066	9.25475	21.3492	83.1655	
0.902711	-0.183273	-0.389261	-0.115228	0.768703	-0.62914	0.414531	0.612785	0.672799	9.6721	21.9712	83.864	
0.89517	-0.194331	-0.401132	-0.122949	0.75738	-0.641295	0.428433	0.623386	0.654091	10.1038	22.6043	84.5435	
0.887382	-0.205576	-0.412663	-0.130923	0.745866	-0.653102	0.442054	0.633578	0.634954	10.5496	23.2481	85.2037	
0.879354	-0.217	-0.423849	-0.139144	0.73417	-0.664555	0.455385	0.643355	0.615401	11.0093	23.902	85.8441	
0.87109	-0.228594	-0.434681	-0.147606	0.722298	-0.675647	0.468418	0.65271	0.595444	11.4824	24.5658	86.4642	
0.862595	-0.240352	-0.445153	-0.156304	0.710259	-0.686369	0.481144	0.661637	0.575097	11.9687	25.239	87.0637	
0.853875	-0.252266	-0.455257	-0.165232	0.69806	-0.696715	0.493554	0.67013	0.554373	12.4679	25.921	87.6422	
0.844936	-0.264328	-0.464987	-0.174384	0.685709	-0.706677	0.505641	0.678184	0.533286	12.9796	26.6116	88.1992	
0.835784	-0.276531	-0.474337	-0.183755	0.673215	-0.716251	0.517396	0.685793	0.511849	13.5036	27.3101	88.7345	
0.826425	-0.288865	-0.4833	-0.193338	0.660586	-0.725428	0.528812	0.692953	0.490076	14.0394	28.0162	89.2476	
0.816864	-0.301323	-0.491871	-0.203128	0.64783	-0.734204	0.539881	0.699658	0.467982	14.5867	28.7295	89.7383	
0.807109	-0.313897	-0.500044	-0.213116	0.634955	-0.742572	0.550597	0.705904	0.445581	15.1452	29.4493	90.2062	
0.797165	-0.326579	-0.507813	-0.223298	0.62197	-0.750528	0.560951	0.711688	0.422888	15.7145	30.1753	90.6509	
