1	0	0	0	1	0	0	0	1	0	0	0	
0.999999	-4.71661e-07	-0.00159662	-4.71661e-07	1	-0.000590823	0.00159662	0.000590823	0.999999	0.000589057	0.000217978	0.737878	
0.999995	-1.89067e-06	-0.00319621	-1.89168e-06	0.999999	-0.00118338	0.00319621	0.00118338	0.999994	0.00235732	0.000872552	1.47575	
0.999988	-4.26325e-06	-0.00479873	-4.26731e-06	0.999998	-0.00177766	0.00479873	0.00177766	0.999987	0.00530697	0.001965	2.21363	
0.999979	-7.59557e-06	-0.00640414	-7.60575e-06	0.999997	-0.00237364	0.00640414	0.00237364	0.999977	0.00944016	0.00349658	2.95149	
0.999968	-1.18937e-05	-0.00801238	-1.19141e-05	0.999996	-0.00297132	0.00801238	0.00297132	0.999963	0.014759	0.00546855	3.68935	
0.999954	-1.71637e-05	-0.00962343	-1.71994e-05	0.999994	-0.00357068	0.00962343	0.00357068	0.999947	0.0212655	0.00788215	4.4272	
0.999937	-2.34114e-05	-0.0112372	-2.34687e-05	0.999991	-0.00417171	0.0112372	0.00417171	0.999928	0.0289618	0.0107386	5.16503	
0.999917	-3.06427e-05	-0.0128537	-3.07289e-05	0.999989	-0.00477439	0.0128537	0.00477439	0.999906	0.0378499	0.0140392	5.90285	
0.999895	-3.88634e-05	-0.0144729	-3.89867e-05	0.999986	-0.0053787	0.0144729	0.00537871	0.999881	0.0479318	0.0177851	6.64065	
0.99987	-4.80793e-05	-0.0160947	-4.82491e-05	0.999982	-0.00598465	0.0160947	0.00598465	0.999853	0.0592094	0.0219775	7.37843	
0.999843	-5.82958e-05	-0.0177191	-5.85226e-05	0.999978	-0.0065922	0.0177191	0.0065922	0.999821	0.0716847	0.0266176	8.11619	
0.999813	-6.95185e-05	-0.019346	-6.9814e-05	0.999974	-0.00720135	0.019346	0.00720136	0.999787	0.0853595	0.0317065	8.85392	
0.99978	-8.1753e-05	-0.0209755	-8.21297e-05	0.999969	-0.00781209	0.0209755	0.00781209	0.999749	0.100236	0.0372456	9.59163	
0.999744	-9.50046e-05	-0.0226073	-9.54763e-05	0.999965	-0.00842439	0.0226073	0.0084244	0.999709	0.116315	0.0432359	10.3293	
0.999706	-0.000109279	-0.0242416	-0.00010986	0.999959	-0.00903825	0.0242416	0.00903826	0.999665	0.1336	0.0496785	11.067	
0.999665	-0.00012458	-0.0258783	-0.000125288	0.999953	-0.00965365	0.0258783	0.00965366	0.999618	0.152091	0.0565747	11.8046	
0.999621	-0.000140914	-0.0275173	-0.000141765	0.999947	-0.0102706	0.0275173	0.0102706	0.999569	0.17179	0.0639256	12.5421	
0.999575	-0.000158287	-0.0291585	-0.000159298	0.999941	-0.010889	0.0291585	0.010889	0.999515	0.1927	0.0717322	13.2797	
0.999525	-0.000176701	-0.030802	-0.000177893	0.999934	-0.011509	0.030802	0.011509	0.999459	0.214822	0.0799957	14.0172	
0.999473	-0.000196164	-0.0324477	-0.000197557	0.999926	-0.0121304	0.0324477	0.0121304	0.9994	0.238157	0.0887172	14.7546	
0.999419	-0.000216679	-0.0340955	-0.000218295	0.999919	-0.0127533	0.0340955	0.0127533	0.999337	0.262708	0.0978978	15.4921	
0.999361	-0.000238251	-0.0357455	-0.000240112	0.99991	-0.0133776	0.0357454	0.0133776	0.999271	0.288475	0.107538	16.2294	
0.9993	-0.000260885	-0.0373974	-0.000263015	0.999902	-0.0140034	0.0373974	0.0140034	0.999202	0.31546	0.11764	16.9667	
0.999237	-0.000284585	-0.0390515	-0.00028701	0.999893	-0.0146306	0.0390514	0.0146306	0.99913	0.343665	0.128205	17.704	
0.999171	-0.000309357	-0.0407074	-0.000312101	0.999884	-0.0152592	0.0407074	0.0152593	0.999055	0.373091	0.139232	18.4412	
0.999102	-0.000335203	-0.0423654	-0.000338296	0.999874	-0.0158892	0.0423653	0.0158893	0.998976	0.40374	0.150724	19.1784	
0.99903	-0.000362129	-0.0440252	-0.000365598	0.999863	-0.0165206	0.0440251	0.0165207	0.998894	0.435613	0.162681	19.9155	
0.998956	-0.000390138	-0.0456868	-0.000394013	0.999853	-0.0171534	0.0456868	0.0171534	0.998809	0.468711	0.175105	20.6525	
0.998878	-0.000419235	-0.0473503	-0.000423547	0.999842	-0.0177875	0.0473502	0.0177876	0.99872	0.503036	0.187996	21.3895	
0.998798	-0.000449424	-0.0490155	-0.000454205	0.99983	-0.0184229	0.0490154	0.018423	0.998628	0.53859	0.201356	22.1264	
0.998715	-0.000480709	-0.0506824	-0.000485992	0.999818	-0.0190597	0.0506823	0.0190598	0.998533	0.575372	0.215185	22.8632	
0.998629	-0.000513093	-0.0523509	-0.000518913	0.999806	-0.0196977	0.0523509	0.0196979	0.998434	0.613385	0.229484	23.6	
0.99854	-0.00054658	-0.0540211	-0.000552973	0.999793	-0.0203371	0.0540211	0.0203373	0.998333	0.65263	0.244255	24.3366	
0.998448	-0.000581175	-0.0556929	-0.000588176	0.99978	-0.0209777	0.0556929	0.0209779	0.998228	0.693108	0.259497	25.0732	
0.998353	-0.00061688	-0.0573662	-0.000624528	0.999766	-0.0216196	0.0573662	0.0216198	0.998119	0.73482	0.275213	25.8098	
0.998255	-0.000653699	-0.059041	-0.000662033	0.999752	-0.0222627	0.059041	0.022263	0.998007	0.777767	0.291403	26.5462	
0.998155	-0.000691635	-0.0607173	-0.000700695	0.999737	-0.0229071	0.0607172	0.0229074	0.997892	0.82195	0.308068	27.2826	
0.998051	-0.000730692	-0.062395	-0.00074052	0.999722	-0.0235526	0.0623948	0.023553	0.997774	0.867371	0.32521	28.0189	
0.997945	-0.000770873	-0.064074	-0.000781512	0.999707	-0.0241994	0.0640738	0.0241997	0.997652	0.91403	0.342827	28.7551	
0.997836	-0.00081218	-0.0657543	-0.000823674	0.999691	-0.0248474	0.0657542	0.0248477	0.997526	0.961929	0.360923	29.4912	
0.997723	-0.000854618	-0.0674359	-0.000867012	0.999675	-0.0254965	0.0674358	0.0254969	0.997398	1.01107	0.379497	30.2272	
0.997608	-0.000898188	-0.0691187	-0.000911528	0.999658	-0.0261467	0.0691186	0.0261472	0.997266	1.06145	0.398551	30.9631	
0.99749	-0.000942894	-0.0708028	-0.000957228	0.99964	-0.0267981	0.0708026	0.0267986	0.99713	1.11307	0.418084	31.6989	
0.997369	-0.000988739	-0.0724879	-0.00100411	0.999623	-0.0274506	0.0724877	0.0274512	0.996991	1.16594	0.438099	32.4346	
0.997245	-0.00103572	-0.0741742	-0.00105219	0.999604	-0.0281042	0.0741739	0.0281048	0.996849	1.22005	0.458596	33.1702	
0.997118	-0.00108385	-0.0758615	-0.00110147	0.999586	-0.0287589	0.0758612	0.0287596	0.996704	1.2754	0.479576	33.9057	
0.996988	-0.00113313	-0.0775498	-0.00115194	0.999567	-0.0294147	0.0775495	0.0294154	0.996554	1.332	0.501039	34.6411	
0.996855	-0.00118355	-0.0792391	-0.00120361	0.999547	-0.0300715	0.0792388	0.0300723	0.996402	1.38984	0.522986	35.3764	
0.996719	-0.00123513	-0.0809293	-0.00125649	0.999527	-0.0307294	0.080929	0.0307302	0.996246	1.44894	0.545419	36.1116	
0.99658	-0.00128785	-0.0826204	-0.00131057	0.999506	-0.0313883	0.08262	0.0313892	0.996087	1.50928	0.568337	36.8466	
0.996438	-0.00134173	-0.0843123	-0.00136587	0.999485	-0.0320481	0.0843119	0.0320492	0.995924	1.57086	0.591742	37.5815	
0.996418	-0.00135	-0.0845578	-0.00161532	0.999386	-0.0349903	0.0845532	0.0350015	0.995804	1.63316	0.616479	38.3164	
0.996396	-0.00135919	-0.0848088	-0.0018658	0.999278	-0.0379359	0.0847991	0.0379574	0.995675	1.69565	0.643397	39.0511	
0.996374	-0.00136934	-0.085065	-0.00211735	0.999162	-0.0408848	0.0850497	0.0409167	0.995536	1.75831	0.672497	39.7857	
0.996352	-0.00138048	-0.0853265	-0.00236995	0.999036	-0.043837	0.0853047	0.0438793	0.995388	1.82116	0.703781	40.5203	
0.996329	-0.00139263	-0.085593	-0.00262363	0.998901	-0.0467923	0.0855641	0.0468451	0.995231	1.8842	0.737253	41.2547	
0.996306	-0.00140581	-0.0858645	-0.00287838	0.998758	-0.0497506	0.0858277	0.049814	0.995064	1.94743	0.772914	41.989	
0.996282	-0.00142005	-0.0861407	-0.00313421	0.998605	-0.0527118	0.0860954	0.0527858	0.994888	2.01086	0.810768	42.7232	
0.996258	-0.00143538	-0.0864217	-0.00339113	0.998443	-0.0556757	0.0863671	0.0557604	0.994702	2.07449	0.850815	43.4572	
0.996233	-0.00145182	-0.0867073	-0.00364915	0.998272	-0.0586423	0.0866426	0.0587378	0.994506	2.13832	0.893057	44.1911	
0.996207	-0.00146938	-0.0869973	-0.00390826	0.998093	-0.0616114	0.0869218	0.0617177	0.994302	2.20236	0.937498	44.9248	
0.996182	-0.0014881	-0.0872916	-0.00416848	0.997904	-0.0645829	0.0872047	0.0647001	0.994087	2.2666	0.984139	45.6584	
0.996155	-0.00150798	-0.0875901	-0.00442981	0.997706	-0.0675566	0.087491	0.0676849	0.993863	2.33105	1.03298	46.3919	
0.996129	-0.00152904	-0.0878927	-0.00469224	0.997498	-0.0705325	0.0877807	0.0706719	0.99363	2.39572	1.08403	47.1251	
0.996102	-0.00155131	-0.0881993	-0.0049558	0.997282	-0.0735105	0.0880736	0.073661	0.993387	2.46059	1.13728	47.8582	
0.996074	-0.0015748	-0.0885097	-0.00522047	0.997057	-0.0764904	0.0883696	0.0766521	0.993134	2.52569	1.19273	48.5911	
0.996046	-0.00159951	-0.0888238	-0.00548626	0.996822	-0.079472	0.0886686	0.0796451	0.992872	2.59101	1.2504	49.3238	
0.996018	-0.00162548	-0.0891414	-0.00575318	0.996578	-0.0824554	0.0889704	0.0826399	0.9926	2.65655	1.31027	50.0564	
0.995989	-0.0016527	-0.0894625	-0.00602123	0.996325	-0.0854403	0.089275	0.0856363	0.992319	2.72231	1.37235	50.7887	
0.99596	-0.00168119	-0.0897869	-0.0062904	0.996063	-0.0884267	0.0895821	0.0886342	0.992028	2.7883	1.43665	51.5208	
0.99593	-0.00171096	-0.0901146	-0.00656071	0.995791	-0.0914144	0.0898917	0.0916335	0.991727	2.85451	1.50316	52.2527	
0.9959	-0.00174202	-0.0904452	-0.00683214	0.995511	-0.0944033	0.0902036	0.0946342	0.991417	2.92095	1.57188	52.9843	
0.995869	-0.00177438	-0.0907788	-0.0071047	0.995221	-0.0973933	0.0905178	0.097636	0.991097	2.98763	1.64282	53.7158	
0.995839	-0.00180803	-0.0911153	-0.00737839	0.994921	-0.100384	0.090834	0.100639	0.990768	3.05454	1.71597	54.4469	
0.995808	-0.001843	-0.0914544	-0.00765322	0.994613	-0.103376	0.0911522	0.103643	0.990429	3.12168	1.79133	55.1779	
0.995776	-0.00187927	-0.091796	-0.00792917	0.994295	-0.106369	0.0914722	0.106647	0.99008	3.18906	1.86892	55.9086	
0.995744	-0.00191686	-0.0921401	-0.00820624	0.993968	-0.109362	0.0917939	0.109653	0.989722	3.25667	1.94872	56.639	
0.995712	-0.00195577	-0.0924864	-0.00848445	0.993632	-0.112356	0.0921172	0.112659	0.989355	3.32452	2.03074	57.3692	
0.99568	-0.00199599	-0.0928349	-0.00876377	0.993286	-0.11535	0.0924419	0.115665	0.988977	3.39261	2.11498	58.099	
0.995647	-0.00203753	-0.0931855	-0.00904422	0.992931	-0.118344	0.0927679	0.118672	0.98859	3.46095	2.20143	58.8287	
0.995614	-0.00208038	-0.0935379	-0.00932578	0.992567	-0.121339	0.0930951	0.121679	0.988194	3.52952	2.29011	59.558	
0.99558	-0.00212454	-0.0938921	-0.00960845	0.992194	-0.124334	0.0934233	0.124686	0.987788	3.59833	2.381	60.287	
0.995546	-0.00217001	-0.094248	-0.00989224	0.991811	-0.127328	0.0937525	0.127693	0.987373	3.66739	2.47412	61.0157	
0.995512	-0.00221678	-0.0946053	-0.0101771	0.991419	-0.130323	0.0940824	0.130701	0.986948	3.73669	2.56945	61.7441	
0.995478	-0.00226485	-0.094964	-0.0104631	0.991018	-0.133317	0.094413	0.133708	0.986513	3.80623	2.667	62.4722	
0.995444	-0.0023142	-0.095324	-0.0107502	0.990608	-0.136311	0.0947442	0.136714	0.986069	3.87602	2.76677	63.2	
0.995409	-0.00236482	-0.0956851	-0.0110384	0.990188	-0.139304	0.0950757	0.13972	0.985616	3.94605	2.86875	63.9274	
0.995374	-0.00241672	-0.0960472	-0.0113276	0.989759	-0.142296	0.0954075	0.142726	0.985153	4.01633	2.97296	64.6545	
0.995339	-0.00246987	-0.0964102	-0.0116179	0.989321	-0.145288	0.0957395	0.145731	0.984681	4.08685	3.07938	65.3812	
0.995303	-0.00252426	-0.0967738	-0.0119093	0.988874	-0.148279	0.0960714	0.148735	0.984199	4.15762	3.18802	66.1076	
0.995268	-0.00257988	-0.0971381	-0.0122018	0.988417	-0.151269	0.0964032	0.151739	0.983708	4.22863	3.29888	66.8337	
0.995232	-0.00263671	-0.0975029	-0.0124953	0.987952	-0.154258	0.0967348	0.154741	0.983208	4.29988	3.41195	67.5593	
0.995196	-0.00269474	-0.0978679	-0.0127898	0.987477	-0.157246	0.097066	0.157742	0.982698	4.37139	3.52724	68.2846	
0.99516	-0.00275395	-0.0982332	-0.0130854	0.986993	-0.160233	0.0973967	0.160742	0.982179	4.44313	3.64474	69.0096	
0.995123	-0.00281432	-0.0985986	-0.013382	0.986499	-0.163218	0.0977268	0.163741	0.981651	4.51512	3.76446	69.7341	
0.995087	-0.00287583	-0.0989639	-0.0136796	0.985997	-0.166201	0.0980561	0.166738	0.981113	4.58735	3.88638	70.4582	
0.99505	-0.00293846	-0.099329	-0.0139782	0.985486	-0.169183	0.0983845	0.169734	0.980567	4.65983	4.01052	71.182	
0.995912	-0.00130514	-0.0903208	-0.0154765	0.982645	-0.184849	0.0889945	0.185491	0.978608	4.72896	4.14158	71.9048	
0.996687	0.000472786	-0.0813321	-0.0168243	0.979553	-0.20048	0.0795743	0.201184	0.976316	4.79115	4.28425	72.6261	
