1	0	0	0	1	0	0	0	1	0	0	0	
0.999996	4.57755e-06	0.0029981	4.57755e-06	0.999995	-0.00305362	-0.0029981	0.00305362	0.999991	-0.00125981	0.00128314	0.840401	
0.999982	1.83174e-05	0.00599685	1.83233e-05	0.999981	-0.00610988	-0.00599685	0.00610988	0.999963	-0.00503951	0.00513367	1.68079	
0.99996	4.12315e-05	0.00899618	4.12551e-05	0.999958	-0.00916869	-0.00899618	0.00916869	0.999917	-0.0113396	0.0115538	2.52114	
0.999928	7.33313e-05	0.011996	7.33903e-05	0.999925	-0.01223	-0.011996	0.01223	0.999853	-0.0201606	0.0205455	3.36145	
0.999888	0.000114628	0.0149962	0.000114746	0.999883	-0.0152937	-0.0149962	0.0152937	0.999771	-0.0315028	0.0321111	4.2017	
0.999838	0.000165131	0.0179968	0.000165338	0.999831	-0.0183597	-0.0179968	0.0183597	0.999669	-0.0453665	0.0462523	5.04187	
0.99978	0.000224852	0.0209976	0.000225184	0.99977	-0.0214279	-0.0209976	0.0214279	0.99955	-0.0617521	0.0629711	5.88195	
0.999712	0.0002938	0.0239986	0.000294297	0.9997	-0.0244983	-0.0239986	0.0244983	0.999412	-0.0806596	0.0822694	6.72192	
0.999635	0.000371984	0.0269997	0.000372694	0.99962	-0.0275707	-0.0269997	0.0275707	0.999255	-0.102089	0.104149	7.56176	
0.99955	0.000459412	0.0300008	0.000460389	0.99953	-0.0306452	-0.0300007	0.0306452	0.99908	-0.126041	0.128611	8.40147	
0.999455	0.000556093	0.0330018	0.000557397	0.999431	-0.0337215	-0.0330018	0.0337215	0.998886	-0.152515	0.155658	9.24102	
0.999351	0.000662035	0.0360026	0.000663731	0.999322	-0.0367997	-0.0360026	0.0367997	0.998674	-0.181511	0.185292	10.0804	
0.999239	0.000777244	0.0390033	0.000779404	0.999204	-0.0398796	-0.0390032	0.0398797	0.998443	-0.213028	0.217513	10.9196	
0.999117	0.000901729	0.0420036	0.000904429	0.999076	-0.0429612	-0.0420036	0.0429613	0.998193	-0.247068	0.252323	11.7586	
0.998986	0.00103549	0.0450036	0.00103882	0.998939	-0.0460444	-0.0450035	0.0460445	0.997925	-0.283628	0.289723	12.5974	
0.998846	0.00117855	0.048003	0.00118259	0.998792	-0.0491291	-0.0480029	0.0491292	0.997638	-0.32271	0.329715	13.4359	
0.998698	0.00133089	0.0510019	0.00133574	0.998635	-0.0522152	-0.0510018	0.0522153	0.997333	-0.364312	0.3723	14.2742	
0.99854	0.00149253	0.0540002	0.00149829	0.998469	-0.0553026	-0.0540001	0.0553028	0.997008	-0.408434	0.41748	15.1122	
0.998373	0.00166348	0.0569978	0.00167026	0.998292	-0.0583914	-0.0569976	0.0583916	0.996665	-0.455075	0.465255	15.95	
0.998197	0.00184373	0.0599946	0.00185164	0.998107	-0.0614812	-0.0599944	0.0614815	0.996304	-0.504236	0.515626	16.7874	
0.998012	0.00203329	0.0629905	0.00204246	0.997911	-0.0645722	-0.0629902	0.0645725	0.995923	-0.555914	0.568594	17.6246	
0.997818	0.00223217	0.0659855	0.00224271	0.997706	-0.0676642	-0.0659852	0.0676646	0.995524	-0.61011	0.62416	18.4614	
0.997615	0.00244036	0.0689795	0.00245241	0.997491	-0.0707572	-0.0689791	0.0707576	0.995106	-0.666822	0.682326	19.2978	
0.997403	0.00265787	0.0719723	0.00267157	0.997266	-0.073851	-0.0719718	0.0738515	0.994669	-0.72605	0.743091	20.1339	
0.997182	0.0028847	0.074964	0.00290019	0.997031	-0.0769455	-0.0749634	0.0769461	0.994213	-0.787793	0.806456	20.9697	
0.996952	0.00312085	0.0779544	0.00313828	0.996787	-0.0800408	-0.0779537	0.0800415	0.993739	-0.852049	0.872423	21.805	
0.996713	0.00336632	0.0809435	0.00338585	0.996532	-0.0831367	-0.0809427	0.0831375	0.993245	-0.918818	0.940991	22.64	
0.996465	0.00362112	0.0839312	0.00364291	0.996268	-0.0862331	-0.0839302	0.086234	0.992733	-0.988098	1.01216	23.4745	
0.996208	0.00388524	0.0869174	0.00390946	0.995994	-0.0893299	-0.0869163	0.089331	0.992202	-1.05989	1.08593	24.3085	
0.995942	0.00415869	0.0899019	0.00418551	0.995711	-0.0924271	-0.0899007	0.0924283	0.991653	-1.13419	1.16231	25.1422	
0.995667	0.00444146	0.0928849	0.00447106	0.995417	-0.0955246	-0.0928835	0.095526	0.991084	-1.21099	1.24129	25.9753	
0.995383	0.00473355	0.0958661	0.00476612	0.995114	-0.0986223	-0.0958645	0.0986239	0.990497	-1.29031	1.32287	26.808	
0.99509	0.00503496	0.0988455	0.00507069	0.9948	-0.10172	-0.0988437	0.101722	0.98989	-1.37212	1.40706	27.6401	
0.994788	0.0053457	0.101823	0.00538478	0.994477	-0.104818	-0.101821	0.10482	0.989265	-1.45644	1.49385	28.4718	
0.994477	0.00566574	0.104799	0.00570839	0.994144	-0.107916	-0.104796	0.107918	0.988621	-1.54326	1.58324	29.3029	
0.994158	0.0059951	0.107772	0.00604152	0.993801	-0.111013	-0.10777	0.111016	0.987958	-1.63258	1.67524	30.1335	
0.993829	0.00633377	0.110744	0.00638418	0.993447	-0.114111	-0.110741	0.114114	0.987276	-1.7244	1.76984	30.9635	
0.993491	0.00668175	0.113713	0.00673637	0.993085	-0.117208	-0.11371	0.117211	0.986576	-1.81872	1.86704	31.7929	
0.993145	0.00703903	0.11668	0.00709809	0.992712	-0.120305	-0.116676	0.120308	0.985856	-1.91553	1.96685	32.6217	
0.992789	0.00740561	0.119644	0.00746934	0.992329	-0.123401	-0.11964	0.123405	0.985118	-2.01483	2.06926	33.4499	
0.992425	0.00778149	0.122607	0.00785012	0.991936	-0.126497	-0.122602	0.126501	0.984361	-2.11662	2.17427	34.2775	
0.992052	0.00816665	0.125566	0.00824044	0.991533	-0.129592	-0.125561	0.129597	0.983585	-2.2209	2.28188	35.1044	
0.99167	0.00856109	0.128523	0.00864029	0.99112	-0.132687	-0.128518	0.132692	0.98279	-2.32766	2.39209	35.9307	
0.991279	0.00896481	0.131478	0.00904968	0.990698	-0.135781	-0.131472	0.135786	0.981976	-2.43691	2.50491	36.7563	
0.990879	0.0093778	0.13443	0.00946859	0.990265	-0.138874	-0.134423	0.13888	0.981144	-2.54864	2.62033	37.5812	
0.99047	0.00980006	0.137379	0.00989705	0.989822	-0.141966	-0.137372	0.141972	0.980292	-2.66285	2.73834	38.4054	
0.990053	0.0102316	0.140325	0.010335	0.989369	-0.145057	-0.140317	0.145064	0.979422	-2.77954	2.85895	39.2289	
0.989626	0.0106723	0.143268	0.0107825	0.988907	-0.148146	-0.14326	0.148154	0.978533	-2.8987	2.98216	40.0516	
0.989191	0.0111223	0.146208	0.0112396	0.988434	-0.151235	-0.146199	0.151244	0.977625	-3.02033	3.10797	40.8736	
0.988747	0.0115816	0.149145	0.0117061	0.987951	-0.154322	-0.149135	0.154332	0.976699	-3.14443	3.23638	41.6948	
0.988295	0.01205	0.152079	0.0121822	0.987458	-0.157409	-0.152068	0.157419	0.975753	-3.27099	3.36737	42.5153	
0.987834	0.0125277	0.15501	0.0126678	0.986956	-0.160493	-0.154998	0.160504	0.974789	-3.40002	3.50097	43.3349	
0.987363	0.0130145	0.157937	0.0131629	0.986443	-0.163576	-0.157925	0.163588	0.973806	-3.53151	3.63715	44.1537	
0.986885	0.0135106	0.160861	0.0136676	0.98592	-0.166658	-0.160847	0.166671	0.972805	-3.66546	3.77593	44.9717	
0.986397	0.0140159	0.163781	0.0141817	0.985387	-0.169738	-0.163767	0.169751	0.971784	-3.80187	3.91729	45.7888	
0.985901	0.0145303	0.166698	0.0147053	0.984844	-0.172816	-0.166683	0.172831	0.970745	-3.94072	4.06125	46.605	
0.985396	0.0150539	0.169611	0.0152385	0.984291	-0.175892	-0.169595	0.175908	0.969688	-4.08203	4.20779	47.4204	
0.984937	0.0155341	0.172212	0.0163056	0.983174	-0.181943	-0.17214	0.182011	0.968111	-4.22563	4.35819	48.2347	
0.984471	0.016032	0.174814	0.017389	0.982018	-0.187987	-0.174684	0.188107	0.966489	-4.37136	4.51371	49.0476	
0.983996	0.0165475	0.177418	0.0184887	0.980823	-0.194022	-0.177226	0.194197	0.96482	-4.51924	4.67436	49.8591	
0.983514	0.0170806	0.180024	0.0196045	0.97959	-0.200048	-0.179766	0.200279	0.963106	-4.66925	4.84012	50.6693	
0.983024	0.0176314	0.18263	0.0207366	0.978319	-0.206065	-0.182304	0.206354	0.961345	-4.82139	5.01099	51.4779	
0.982525	0.0181998	0.185237	0.0218848	0.977009	-0.212072	-0.184838	0.21242	0.959538	-4.97566	5.18696	52.2851	
0.982019	0.0187858	0.187845	0.0230492	0.975661	-0.21807	-0.187369	0.218478	0.957685	-5.13207	5.36802	53.0907	
0.981505	0.0193894	0.190452	0.0242296	0.974275	-0.224057	-0.189897	0.224528	0.955786	-5.2906	5.55417	53.8948	
0.980983	0.0200106	0.193059	0.0254261	0.972851	-0.230033	-0.19242	0.230568	0.953841	-5.45125	5.74541	54.6972	
0.980454	0.0206493	0.195664	0.0266387	0.971388	-0.235999	-0.194939	0.236598	0.951851	-5.61402	5.94171	55.498	
0.979916	0.0213056	0.198268	0.0278672	0.969888	-0.241952	-0.197453	0.242618	0.949815	-5.7789	6.14308	56.2971	
0.979371	0.0219794	0.200871	0.0291116	0.96835	-0.247894	-0.199962	0.248628	0.947734	-5.9459	6.3495	57.0944	
0.978818	0.0226706	0.203472	0.0303719	0.966774	-0.253824	-0.202465	0.254627	0.945607	-6.115	6.56097	57.89	
0.978258	0.0233793	0.20607	0.031648	0.96516	-0.259741	-0.204963	0.260615	0.943435	-6.2862	6.77748	58.6838	
0.97769	0.0241052	0.208665	0.03294	0.963508	-0.265644	-0.207454	0.266591	0.941218	-6.4595	6.99901	59.4757	
0.977115	0.0248485	0.211257	0.0342476	0.961819	-0.271535	-0.209938	0.272556	0.938957	-6.63489	7.22556	60.2658	
0.976532	0.025609	0.213845	0.0355709	0.960093	-0.277411	-0.212416	0.278508	0.93665	-6.81236	7.45712	61.0539	
0.975941	0.0263867	0.21643	0.0369098	0.958329	-0.283274	-0.214886	0.284447	0.934299	-6.99192	7.69368	61.8401	
0.975344	0.0271814	0.21901	0.0382642	0.956527	-0.289121	-0.217348	0.290373	0.931903	-7.17354	7.93522	62.6243	
0.974739	0.0279932	0.221586	0.0396341	0.954689	-0.294954	-0.219802	0.296286	0.929463	-7.35724	8.18174	63.4064	
0.974127	0.0288219	0.224156	0.0410193	0.952814	-0.300772	-0.222248	0.302185	0.926979	-7.54299	8.43322	64.1865	
0.973508	0.0296673	0.226721	0.0424199	0.950901	-0.306574	-0.224685	0.308069	0.924451	-7.73079	8.68965	64.9645	
0.972881	0.0305296	0.229281	0.0438357	0.948952	-0.31236	-0.227113	0.31394	0.921879	-7.92064	8.95102	65.7403	
0.972248	0.0314084	0.231834	0.0452667	0.946966	-0.318129	-0.229531	0.319795	0.919264	-8.11252	9.21732	66.514	
0.971608	0.0323038	0.234381	0.0467127	0.944944	-0.323882	-0.231939	0.325635	0.916606	-8.30643	9.48853	67.2854	
0.970961	0.0332155	0.236921	0.0481738	0.942885	-0.329618	-0.234337	0.331459	0.913904	-8.50236	9.76464	68.0546	
0.970307	0.0341436	0.239453	0.0496497	0.940789	-0.335336	-0.236725	0.337268	0.91116	-8.70031	10.0456	68.8215	
0.969647	0.0350878	0.241979	0.0511405	0.938658	-0.341037	-0.239101	0.34306	0.908372	-8.90025	10.3315	69.5861	
0.970008	0.0345523	0.240606	0.0561239	0.931263	-0.359999	-0.236506	0.362706	0.901393	-9.10011	10.6281	70.3466	
0.970365	0.0339873	0.239244	0.0610518	0.923458	-0.378812	-0.233806	0.382192	0.894016	-9.29774	10.9411	71.101	
0.970717	0.0333927	0.237893	0.0659221	0.915246	-0.397465	-0.231003	0.401509	0.886244	-9.49306	11.2704	71.8491	
0.971065	0.032769	0.236555	0.0707326	0.906632	-0.415952	-0.228098	0.420649	0.878081	-9.68598	11.6159	72.5905	
0.971409	0.0321164	0.235229	0.0754811	0.897618	-0.434263	-0.225093	0.439603	0.86953	-9.87642	11.9774	73.3249	
0.971748	0.0314352	0.233916	0.0801656	0.888209	-0.452392	-0.221988	0.458363	0.860596	-10.0643	12.3548	74.0519	
0.972083	0.0307257	0.232618	0.084784	0.878409	-0.470329	-0.218785	0.476921	0.851281	-10.2495	12.7478	74.7713	
0.972412	0.0299882	0.231334	0.0893343	0.868223	-0.488067	-0.215485	0.495268	0.841591	-10.432	13.1563	75.4827	
0.972737	0.029223	0.230064	0.0938145	0.857654	-0.505598	-0.212091	0.513397	0.83153	-10.6117	13.5802	76.1858	
0.973056	0.0284305	0.228811	0.0982225	0.846707	-0.522914	-0.208602	0.531299	0.821101	-10.7885	14.0192	76.8802	
0.973369	0.027611	0.227573	0.102556	0.835388	-0.540008	-0.205022	0.548966	0.81031	-10.9623	14.4731	77.5658	
0.973678	0.0267648	0.226352	0.106814	0.823702	-0.556872	-0.201351	0.566391	0.799161	-11.133	14.9418	78.2421	
0.97398	0.0258925	0.225148	0.110995	0.811652	-0.573499	-0.197591	0.583567	0.78766	-11.3007	15.425	78.9089	
0.974277	0.0249942	0.223962	0.115095	0.799246	-0.589881	-0.193744	0.600484	0.77581	-11.4651	15.9226	79.5659	
