1	0	0	0	1	0	0	0	1	0	0	0	
0.999995	2.60397e-06	-0.00311982	2.60397e-06	0.999999	0.0016693	0.00311982	-0.0016693	0.999994	0.00118963	-0.000636526	0.762625	
0.999981	1.04233e-05	-0.00624289	1.04164e-05	0.999994	0.00333812	0.00624289	-0.00333812	0.999975	0.00475976	-0.00254592	1.52524	
0.999956	2.34674e-05	-0.00936912	2.34397e-05	0.999987	0.00500642	0.00936912	-0.00500642	0.999944	0.0107128	-0.00572781	2.28784	
0.999922	4.1745e-05	-0.0124985	4.16759e-05	0.999978	0.00667416	0.0124985	-0.00667416	0.9999	0.0190512	-0.0101818	3.0504	
0.999878	6.5265e-05	-0.0156308	6.51266e-05	0.999965	0.0083413	0.0156308	-0.0083413	0.999843	0.0297773	-0.0159074	3.81293	
0.999824	9.40356e-05	-0.0187661	9.37932e-05	0.99995	0.0100078	0.0187661	-0.0100078	0.999774	0.0428933	-0.0229041	4.57541	
0.99976	0.000128065	-0.0219043	0.000127677	0.999932	0.0116736	0.0219043	-0.0116736	0.999692	0.0584015	-0.0311715	5.33784	
0.999686	0.000167361	-0.0250453	0.000166778	0.999911	0.0133387	0.0250453	-0.0133387	0.999597	0.0763041	-0.040709	6.10019	
0.999603	0.00021193	-0.0281891	0.000211098	0.999887	0.015003	0.0281891	-0.015003	0.99949	0.0966031	-0.0515161	6.86247	
0.999509	0.000261781	-0.0313355	0.000260636	0.999861	0.0166665	0.0313355	-0.0166665	0.99937	0.119301	-0.0635921	7.62466	
0.999405	0.00031692	-0.0344845	0.000315391	0.999832	0.0183291	0.0344845	-0.0183291	0.999237	0.144399	-0.0769364	8.38676	
0.999291	0.000377353	-0.037636	0.000375365	0.9998	0.0199909	0.037636	-0.0199909	0.999092	0.171899	-0.0915483	9.14875	
0.999168	0.000443088	-0.0407899	0.000440555	0.999765	0.0216517	0.04079	-0.0216517	0.998933	0.201804	-0.107427	9.91062	
0.999034	0.000514129	-0.0439463	0.000510962	0.999728	0.0233116	0.0439463	-0.0233115	0.998762	0.234115	-0.124572	10.6724	
0.99889	0.000590482	-0.0471049	0.000586582	0.999688	0.0249704	0.0471049	-0.0249703	0.998578	0.268834	-0.142983	11.434	
0.998736	0.000672154	-0.0502657	0.000667415	0.999645	0.0266282	0.0502658	-0.0266281	0.998381	0.305963	-0.162658	12.1955	
0.998571	0.000759149	-0.0534287	0.000753459	0.9996	0.0282849	0.0534288	-0.0282848	0.998171	0.345503	-0.183597	12.9568	
0.998397	0.000851471	-0.0565938	0.00084471	0.999551	0.0299405	0.0565939	-0.0299403	0.997948	0.387456	-0.205799	13.7179	
0.998212	0.000949126	-0.0597609	0.000941168	0.9995	0.0315949	0.059761	-0.0315946	0.997713	0.431824	-0.229263	14.4789	
0.998017	0.00105212	-0.0629299	0.00104283	0.999447	0.033248	0.0629301	-0.0332478	0.997464	0.478608	-0.253988	15.2397	
0.997812	0.00116045	-0.0661008	0.00114969	0.99939	0.0349	0.066101	-0.0348996	0.997202	0.527809	-0.279974	16.0003	
0.997597	0.00127413	-0.0692735	0.00126174	0.999331	0.0365506	0.0692737	-0.0365502	0.996928	0.579429	-0.307219	16.7607	
0.997371	0.00139315	-0.0724478	0.00137899	0.999269	0.0381999	0.0724481	-0.0381994	0.99664	0.63347	-0.335722	17.5208	
0.997135	0.00151753	-0.0756238	0.00150143	0.999205	0.0398478	0.0756242	-0.0398472	0.99634	0.689932	-0.365482	18.2808	
0.996889	0.00164726	-0.0788014	0.00162905	0.999137	0.0414943	0.0788018	-0.0414936	0.996026	0.748816	-0.396498	19.0405	
0.996632	0.00178234	-0.0819805	0.00176185	0.999068	0.0431394	0.0819809	-0.0431386	0.9957	0.810125	-0.42877	19.8	
0.996365	0.00192278	-0.085161	0.00189982	0.998995	0.044783	0.0851615	-0.044782	0.99536	0.873859	-0.462295	20.5592	
0.996088	0.00206859	-0.0883428	0.00204296	0.99892	0.0464251	0.0883434	-0.0464239	0.995008	0.940018	-0.497073	21.3181	
0.9958	0.00221975	-0.0915259	0.00219127	0.998842	0.0480656	0.0915266	-0.0480642	0.994642	1.00861	-0.533103	22.0768	
0.995502	0.00237628	-0.0947102	0.00234473	0.998761	0.0497044	0.094711	-0.0497029	0.994263	1.07962	-0.570383	22.8352	
0.995193	0.00253817	-0.0978956	0.00250334	0.998678	0.0513417	0.0978965	-0.05134	0.993871	1.15306	-0.608912	23.5933	
0.994874	0.00270543	-0.101082	0.0026671	0.998592	0.0529773	0.101083	-0.0529753	0.993467	1.22894	-0.648688	24.3511	
0.994545	0.00287805	-0.10427	0.002836	0.998504	0.0546111	0.104271	-0.0546089	0.993049	1.30724	-0.689712	25.1086	
0.994205	0.00305604	-0.107458	0.00301003	0.998413	0.0562432	0.107459	-0.0562407	0.992617	1.38798	-0.73198	25.8658	
0.993854	0.0032394	-0.110647	0.00318918	0.998319	0.0578735	0.110649	-0.0578707	0.992173	1.47114	-0.775492	26.6226	
0.993494	0.00342812	-0.113837	0.00337345	0.998222	0.059502	0.113839	-0.0594989	0.991716	1.55674	-0.820247	27.3791	
0.993122	0.00362221	-0.117028	0.00356283	0.998124	0.0611286	0.117029	-0.0611251	0.991246	1.64478	-0.866243	28.1352	
0.99274	0.00382166	-0.120219	0.00375731	0.998022	0.0627533	0.120221	-0.0627494	0.990762	1.73524	-0.913478	28.891	
0.992348	0.00402647	-0.123411	0.00395688	0.997918	0.064376	0.123413	-0.0643717	0.990265	1.82815	-0.961951	29.6464	
0.991944	0.00423664	-0.126603	0.00416154	0.997811	0.0659968	0.126605	-0.065992	0.989756	1.92348	-1.01166	30.4014	
0.991531	0.00445218	-0.129795	0.00437127	0.997702	0.0676156	0.129798	-0.0676103	0.989233	2.02125	-1.0626	31.156	
0.991107	0.00467307	-0.132988	0.00458607	0.99759	0.0692323	0.132991	-0.0692265	0.988697	2.12146	-1.11478	31.9102	
0.990672	0.00489932	-0.136182	0.00480592	0.997476	0.0708469	0.136185	-0.0708405	0.988147	2.2241	-1.16819	32.664	
0.990226	0.00513092	-0.139375	0.00503083	0.997359	0.0724594	0.139379	-0.0724524	0.987585	2.32917	-1.22283	33.4174	
0.98977	0.00536787	-0.142568	0.00526076	0.997239	0.0740697	0.142572	-0.0740621	0.98701	2.43668	-1.2787	34.1703	
0.989304	0.00561017	-0.145762	0.00549573	0.997117	0.0756779	0.145766	-0.0756695	0.986421	2.54663	-1.33579	34.9228	
0.988827	0.00585781	-0.148955	0.00573571	0.996993	0.0772838	0.14896	-0.0772746	0.985819	2.65902	-1.39411	35.6748	
0.988339	0.0061108	-0.152148	0.0059807	0.996866	0.0788874	0.152154	-0.0788775	0.985204	2.77383	-1.45366	36.4264	
0.98784	0.00636911	-0.155341	0.00623068	0.996736	0.0804888	0.155347	-0.0804779	0.984576	2.89109	-1.51442	37.1775	
0.987331	0.00663277	-0.158534	0.00648565	0.996604	0.0820878	0.15854	-0.082076	0.983935	3.01078	-1.5764	37.9282	
0.986811	0.00690174	-0.161727	0.00674559	0.996469	0.0836844	0.161733	-0.0836716	0.983281	3.1329	-1.63961	38.6783	
0.986281	0.00717605	-0.164919	0.00701049	0.996332	0.0852786	0.164926	-0.0852648	0.982614	3.25746	-1.70402	39.4279	
0.98574	0.00745567	-0.16811	0.00728033	0.996193	0.0868704	0.168118	-0.0868555	0.981933	3.38446	-1.76966	40.177	
0.985168	0.00774634	-0.171419	0.00707964	0.996295	0.0857099	0.171447	-0.0856522	0.981463	3.51394	-1.83544	40.9257	
0.984583	0.00803389	-0.174736	0.00687484	0.996396	0.0845491	0.174785	-0.0844469	0.980978	3.64596	-1.9003	41.674	
0.983984	0.00831824	-0.178062	0.00666595	0.996495	0.0833881	0.178132	-0.0832395	0.98048	3.78053	-1.96424	42.4219	
0.983372	0.00859934	-0.181397	0.00645294	0.996593	0.0822269	0.181486	-0.0820302	0.979966	3.91766	-2.02726	43.1695	
0.982747	0.00887715	-0.184739	0.00623582	0.996689	0.0810656	0.184847	-0.0808191	0.979439	4.05735	-2.08935	43.9166	
0.982109	0.00915159	-0.188089	0.00601459	0.996784	0.0799043	0.188216	-0.079606	0.978896	4.1996	-2.15053	44.6633	
0.981458	0.00942264	-0.191447	0.00578923	0.996878	0.078743	0.191591	-0.0783912	0.978339	4.34443	-2.21077	45.4097	
0.980793	0.00969023	-0.194812	0.00555974	0.99697	0.0775817	0.194973	-0.0771747	0.977768	4.49183	-2.27009	46.1556	
0.980114	0.00995431	-0.198183	0.00532613	0.997061	0.0764206	0.198361	-0.0759565	0.977181	4.64181	-2.32848	46.901	
0.979423	0.0102148	-0.201561	0.00508838	0.997151	0.0752597	0.201755	-0.0747367	0.97658	4.79438	-2.38594	47.646	
0.978718	0.0104718	-0.204945	0.0048465	0.997239	0.074099	0.205155	-0.0735153	0.975965	4.94954	-2.44248	48.3905	
0.977999	0.010725	-0.208334	0.00460048	0.997326	0.0729387	0.208559	-0.0722924	0.975334	5.1073	-2.49807	49.1346	
0.977267	0.0109746	-0.211729	0.00435033	0.997411	0.0717787	0.211969	-0.071068	0.974689	5.26765	-2.55274	49.8782	
0.976521	0.0112205	-0.215129	0.00409603	0.997495	0.0706191	0.215383	-0.0698422	0.974029	5.43061	-2.60647	50.6212	
0.975762	0.0114626	-0.218534	0.0038376	0.997577	0.06946	0.218801	-0.0686151	0.973354	5.59617	-2.65927	51.3638	
0.974989	0.0117008	-0.221943	0.00357503	0.997658	0.0683014	0.222222	-0.0673866	0.972664	5.76433	-2.71112	52.1058	
0.974203	0.0119352	-0.225356	0.00330831	0.997738	0.0671433	0.225648	-0.0661568	0.97196	5.93511	-2.76205	52.8473	
0.973404	0.0121657	-0.228773	0.00303746	0.997816	0.0659859	0.229076	-0.0649258	0.971241	6.10851	-2.81203	53.5883	
0.972591	0.0123922	-0.232193	0.00276247	0.997893	0.0648291	0.232507	-0.0636936	0.970507	6.28451	-2.86107	54.3287	
0.971764	0.0126148	-0.235617	0.00248335	0.997968	0.063673	0.235941	-0.0624602	0.969758	6.46314	-2.90918	55.0686	
0.970924	0.0128334	-0.239043	0.00220009	0.998041	0.0625176	0.239377	-0.0612258	0.968994	6.64438	-2.95634	55.8079	
0.970071	0.0130479	-0.242471	0.00191269	0.998114	0.061363	0.242814	-0.0599902	0.968216	6.82825	-3.00256	56.5465	
0.969204	0.0132584	-0.245902	0.00162117	0.998184	0.0602092	0.246253	-0.0587536	0.967423	7.01474	-3.04784	57.2846	
0.968324	0.0134647	-0.249334	0.00132552	0.998254	0.0590562	0.249693	-0.0575161	0.966615	7.20385	-3.09218	58.0221	
0.967431	0.0136669	-0.252767	0.00102574	0.998322	0.0579042	0.253134	-0.0562775	0.965793	7.39558	-3.13557	58.759	
0.966524	0.0138649	-0.256202	0.000721843	0.998388	0.056753	0.256576	-0.0550381	0.964956	7.58994	-3.17801	59.4952	
0.965604	0.0140587	-0.259637	0.00041383	0.998453	0.0556029	0.260017	-0.0537978	0.964104	7.78693	-3.21951	60.2308	
0.964671	0.0142483	-0.263073	0.000101704	0.998516	0.0544537	0.263459	-0.0525566	0.963238	7.98654	-3.26007	60.9657	
0.963724	0.0144337	-0.266509	-0.00021453	0.998578	0.0533055	0.266899	-0.0513146	0.962357	8.18877	-3.29968	61.6999	
0.962765	0.0146147	-0.269945	-0.000534866	0.998639	0.0521584	0.270339	-0.0500719	0.961462	8.39363	-3.33834	62.4335	
0.961792	0.0147915	-0.27338	-0.000859299	0.998698	0.0510124	0.273778	-0.0488284	0.960553	8.60111	-3.37605	63.1664	
0.960807	0.0149639	-0.276814	-0.00118782	0.998755	0.0498675	0.277215	-0.0475842	0.959629	8.81121	-3.41281	63.8986	
0.959809	0.015132	-0.280247	-0.00152043	0.998811	0.0487238	0.280651	-0.0463394	0.958691	9.02393	-3.44863	64.6301	
0.958798	0.0152957	-0.283678	-0.00185712	0.998866	0.0475812	0.284084	-0.0450939	0.957738	9.23927	-3.48349	65.3608	
0.957774	0.015455	-0.287107	-0.00219788	0.998919	0.0464399	0.287515	-0.0438479	0.956772	9.45723	-3.51741	66.0909	
0.956737	0.0156099	-0.290535	-0.0025427	0.99897	0.0452998	0.290943	-0.0426012	0.955792	9.6778	-3.55037	66.8201	
0.955688	0.0157604	-0.293959	-0.00289158	0.99902	0.044161	0.294367	-0.0413541	0.954797	9.90099	-3.58238	67.5487	
0.954626	0.0159065	-0.297381	-0.00324451	0.999069	0.0430234	0.297789	-0.0401064	0.953789	10.1268	-3.61345	68.2764	
0.953552	0.0160481	-0.3008	-0.00360147	0.999116	0.0418872	0.301206	-0.0388583	0.952767	10.3552	-3.64356	69.0034	
0.952466	0.0161852	-0.304215	-0.00396247	0.999161	0.0407524	0.30462	-0.0376098	0.951731	10.5862	-3.67271	69.7297	
0.951367	0.0163178	-0.307627	-0.00432748	0.999205	0.039619	0.308029	-0.0363609	0.950682	10.8198	-3.70092	70.4551	
0.950728	0.0163734	-0.309592	-0.0101831	0.999715	0.0216005	0.309858	-0.0173835	0.950624	11.0554	-3.72141	71.1801	
0.950086	0.0163897	-0.311557	-0.0160724	0.999864	0.00358632	0.311574	0.00160015	0.950221	11.2924	-3.72743	71.9049	
0.94944	0.0163668	-0.313521	-0.0219931	0.999654	-0.0144169	0.313176	0.0205833	0.949472	11.5306	-3.71897	72.6293	
0.948791	0.0163046	-0.315482	-0.0279431	0.999084	-0.0324027	0.314665	0.0395589	0.948378	11.77	-3.69604	73.353	
0.948139	0.0162032	-0.317442	-0.0339202	0.998155	-0.0503644	0.31604	0.0585202	0.946939	12.0105	-3.65864	74.0758	
