1	0	0	0	1	0	0	0	1	0	0	0	
1	6.91878e-08	0.000203849	6.91878e-08	1	-0.000678813	-0.000203849	0.000678813	1	-7.6289e-05	0.000254041	0.748485	
1	2.78887e-07	0.000409278	2.78863e-07	0.999999	-0.00136277	-0.000409278	0.00136277	0.999999	-0.000305747	0.00101809	1.49697	
1	6.32304e-07	0.00061628	6.32205e-07	0.999998	-0.00205184	-0.00061628	0.00205184	0.999998	-0.000689554	0.00229598	2.24545	
1	1.13265e-06	0.000824851	1.1324e-06	0.999996	-0.00274601	-0.000824851	0.00274601	0.999996	-0.00122889	0.00409154	2.99394	
0.999999	1.78315e-06	0.00103498	1.78265e-06	0.999994	-0.00344526	-0.00103498	0.00344526	0.999994	-0.00192492	0.00640857	3.74242	
0.999999	2.58703e-06	0.00124667	2.58616e-06	0.999991	-0.00414957	-0.00124667	0.00414957	0.999991	-0.00277881	0.00925088	4.4909	
0.999999	3.54754e-06	0.00145992	3.54612e-06	0.999988	-0.00485892	-0.00145992	0.00485892	0.999987	-0.00379173	0.0126222	5.23937	
0.999999	4.66791e-06	0.0016747	4.66577e-06	0.999984	-0.00557328	-0.0016747	0.00557328	0.999983	-0.00496484	0.0165264	5.98785	
0.999998	5.95139e-06	0.00189103	5.94831e-06	0.99998	-0.00629264	-0.00189103	0.00629264	0.999978	-0.00629929	0.0209671	6.73632	
0.999998	7.40125e-06	0.00210889	7.39699e-06	0.999975	-0.00701698	-0.00210889	0.00701698	0.999973	-0.00779623	0.0259482	7.48478	
0.999997	9.02075e-06	0.00232828	9.01503e-06	0.99997	-0.00774626	-0.00232828	0.00774626	0.999967	-0.00945681	0.0314732	8.23325	
0.999997	1.08132e-05	0.00254919	1.08057e-05	0.999964	-0.00848048	-0.00254919	0.00848048	0.999961	-0.0112822	0.0375459	8.9817	
0.999996	1.27817e-05	0.00277162	1.27721e-05	0.999957	-0.00921961	-0.00277162	0.00921961	0.999954	-0.0132734	0.0441701	9.73016	
0.999996	1.49298e-05	0.00299556	1.49177e-05	0.99995	-0.00996363	-0.00299556	0.00996363	0.999946	-0.0154318	0.0513492	10.4786	
0.999995	1.72606e-05	0.003221	1.72456e-05	0.999943	-0.0107125	-0.003221	0.0107125	0.999937	-0.0177583	0.0590871	11.227	
0.999994	1.97774e-05	0.00344794	1.9759e-05	0.999934	-0.0114663	-0.00344794	0.0114663	0.999928	-0.0202541	0.0673874	11.9755	
0.999993	2.24835e-05	0.00367638	2.24613e-05	0.999925	-0.0122248	-0.00367638	0.0122248	0.999919	-0.0229203	0.0762536	12.7239	
0.999992	2.53822e-05	0.0039063	2.53557e-05	0.999916	-0.0129882	-0.0039063	0.0129882	0.999908	-0.0257581	0.0856893	13.4723	
0.999991	2.84768e-05	0.00413769	2.84455e-05	0.999905	-0.0137563	-0.00413769	0.0137563	0.999897	-0.0287685	0.0956982	14.2207	
0.99999	3.17706e-05	0.00437057	3.17338e-05	0.999894	-0.0145292	-0.00437057	0.0145292	0.999885	-0.0319526	0.106284	14.9691	
0.999989	3.52669e-05	0.0046049	3.5224e-05	0.999883	-0.0153068	-0.0046049	0.0153068	0.999872	-0.0353116	0.11745	15.7175	
0.999988	3.8969e-05	0.0048407	3.89193e-05	0.999871	-0.0160891	-0.0048407	0.0160891	0.999859	-0.0388466	0.129199	16.4659	
0.999987	4.28801e-05	0.00507796	4.2823e-05	0.999858	-0.0168762	-0.00507796	0.0168762	0.999845	-0.0425585	0.141536	17.2143	
0.999986	4.70036e-05	0.00531666	4.69383e-05	0.999844	-0.0176679	-0.00531666	0.0176679	0.99983	-0.0464486	0.154464	17.9627	
0.999985	5.13428e-05	0.0055568	5.12685e-05	0.99983	-0.0184642	-0.0055568	0.0184642	0.999814	-0.050518	0.167986	18.711	
0.999983	5.5901e-05	0.00579838	5.58168e-05	0.999814	-0.0192651	-0.00579838	0.0192651	0.999798	-0.0547675	0.182106	19.4593	
0.999982	6.06814e-05	0.00604139	6.05866e-05	0.999799	-0.0200707	-0.00604139	0.0200707	0.99978	-0.0591985	0.196827	20.2077	
0.99998	6.56874e-05	0.00628581	6.55809e-05	0.999782	-0.0208808	-0.00628581	0.0208808	0.999762	-0.0638119	0.212153	20.956	
0.999979	7.09222e-05	0.00653166	7.08032e-05	0.999765	-0.0216954	-0.00653166	0.0216954	0.999743	-0.0686087	0.228087	21.7043	
0.999977	7.63892e-05	0.00677891	7.62565e-05	0.999747	-0.0225146	-0.00677891	0.0225146	0.999724	-0.0735901	0.244632	22.4526	
0.999975	8.20916e-05	0.00702756	8.19443e-05	0.999728	-0.0233383	-0.00702756	0.0233383	0.999703	-0.078757	0.261793	23.2008	
0.999974	8.80326e-05	0.00727761	8.78696e-05	0.999708	-0.0241665	-0.00727761	0.0241665	0.999681	-0.0841106	0.279571	23.9491	
0.999972	9.42156e-05	0.00752904	9.40358e-05	0.999687	-0.0249991	-0.00752904	0.0249991	0.999659	-0.0896519	0.297971	24.6973	
0.99997	0.000100644	0.00778186	0.000100446	0.999666	-0.0258361	-0.00778186	0.0258361	0.999636	-0.0953819	0.316995	25.4456	
0.999968	0.000107321	0.00803605	0.000107103	0.999644	-0.0266776	-0.00803605	0.0266776	0.999612	-0.101302	0.336648	26.1938	
0.999966	0.000114249	0.00829161	0.000114011	0.999621	-0.0275234	-0.00829161	0.0275234	0.999587	-0.107412	0.356933	26.9419	
0.999963	0.000121433	0.00854853	0.000121173	0.999597	-0.0283736	-0.00854853	0.0283736	0.999561	-0.113714	0.377852	27.6901	
0.999961	0.000128875	0.0088068	0.000128592	0.999573	-0.0292281	-0.0088068	0.0292281	0.999534	-0.12021	0.399409	28.4383	
0.999959	0.000136578	0.00906642	0.00013627	0.999547	-0.0300869	-0.00906642	0.0300869	0.999506	-0.126898	0.421607	29.1864	
0.999956	0.000144546	0.00932737	0.000144212	0.999521	-0.03095	-0.00932738	0.03095	0.999477	-0.133782	0.444449	29.9345	
0.999954	0.000152782	0.00958966	0.00015242	0.999494	-0.0318174	-0.00958967	0.0318174	0.999448	-0.140862	0.46794	30.6826	
0.999951	0.000161289	0.00985328	0.000160898	0.999466	-0.0326889	-0.00985328	0.0326889	0.999417	-0.148138	0.492081	31.4306	
0.999949	0.000170071	0.0101182	0.000169649	0.999437	-0.0335647	-0.0101182	0.0335647	0.999385	-0.155612	0.516876	32.1787	
0.999946	0.00017913	0.0103845	0.000178675	0.999407	-0.0344447	-0.0103845	0.0344447	0.999353	-0.163285	0.542328	32.9267	
0.999943	0.00018847	0.010652	0.000187981	0.999376	-0.0353288	-0.010652	0.0353288	0.999319	-0.171158	0.56844	33.6747	
0.99994	0.000198094	0.0109208	0.000197568	0.999344	-0.0362171	-0.0109208	0.0362171	0.999284	-0.179232	0.595215	34.4226	
0.999937	0.000208005	0.011191	0.000207441	0.999311	-0.0371094	-0.011191	0.0371094	0.999249	-0.187507	0.622657	35.1706	
0.999934	0.000218207	0.0114624	0.000217603	0.999277	-0.0380058	-0.0114624	0.0380058	0.999212	-0.195985	0.650768	35.9185	
0.999931	0.000228701	0.0117351	0.000228055	0.999243	-0.0389063	-0.0117351	0.0389063	0.999174	-0.204666	0.679552	36.6664	
0.999928	0.000239493	0.012009	0.000238803	0.999207	-0.0398108	-0.012009	0.0398108	0.999135	-0.213552	0.709012	37.4142	
0.999925	0.000250584	0.0122842	0.000249848	0.999171	-0.0407193	-0.0122842	0.0407193	0.999095	-0.222644	0.739149	38.162	
0.999921	0.000261978	0.0125607	0.000261193	0.999133	-0.0416318	-0.0125607	0.0416318	0.999054	-0.231942	0.769969	38.9098	
0.999897	0.000340161	0.0143673	0.000304335	0.998994	-0.0448326	-0.0143681	0.0448323	0.998891	-0.24202	0.802327	39.6575	
0.999869	0.000424161	0.0161741	0.000353334	0.998845	-0.0480372	-0.0161758	0.0480366	0.998715	-0.25345	0.837083	40.4051	
0.999838	0.000513985	0.0179811	0.000408204	0.998686	-0.0512453	-0.0179838	0.0512444	0.998524	-0.266234	0.874238	41.1526	
0.999804	0.000609643	0.0197882	0.000468961	0.998516	-0.0544569	-0.0197921	0.0544555	0.99832	-0.280372	0.913795	41.8999	
0.999767	0.000711144	0.0215955	0.000535617	0.998335	-0.0576718	-0.0216006	0.0576699	0.998102	-0.295863	0.955757	42.647	
0.999726	0.000818495	0.0234028	0.000608185	0.998144	-0.0608899	-0.0234092	0.0608874	0.99787	-0.312707	1.00013	43.394	
0.999682	0.000931705	0.0252101	0.000686677	0.997943	-0.0641109	-0.025218	0.0641078	0.997624	-0.330906	1.04691	44.1408	
0.999634	0.00105078	0.0270175	0.000771104	0.99773	-0.0673348	-0.0270269	0.0673311	0.997365	-0.350458	1.0961	44.8874	
0.999584	0.00117573	0.0288248	0.000861478	0.997507	-0.0705614	-0.0288359	0.0705569	0.997091	-0.371364	1.1477	45.6338	
0.99953	0.00130655	0.0306319	0.000957809	0.997273	-0.0737906	-0.0306448	0.0737852	0.996803	-0.393624	1.20172	46.38	
0.999473	0.00144327	0.032439	0.0010601	0.997029	-0.0770222	-0.0324538	0.0770159	0.996502	-0.417239	1.25815	47.126	
0.999412	0.00158587	0.0342459	0.00116838	0.996774	-0.080256	-0.0342627	0.0802488	0.996186	-0.442207	1.31701	47.8718	
0.999348	0.00173437	0.0360526	0.00128263	0.996508	-0.0834919	-0.0360715	0.0834838	0.995856	-0.468529	1.37829	48.6173	
0.999281	0.00188877	0.0378591	0.00140287	0.996231	-0.0867298	-0.0378802	0.0867206	0.995512	-0.496205	1.44198	49.3625	
0.999211	0.00204907	0.0396653	0.00152911	0.995943	-0.0899695	-0.0396887	0.0899592	0.995154	-0.525234	1.5081	50.1075	
0.999137	0.00221529	0.0414711	0.00166135	0.995645	-0.0932109	-0.041497	0.0931994	0.994782	-0.555618	1.57665	50.8522	
0.99906	0.00238742	0.0432766	0.0017996	0.995336	-0.0964537	-0.0433051	0.096441	0.994396	-0.587354	1.64762	51.5967	
0.99898	0.00256547	0.0450818	0.00194386	0.995016	-0.099698	-0.0451128	0.0996839	0.993996	-0.620444	1.72102	52.3408	
0.998896	0.00274943	0.0468864	0.00209414	0.994685	-0.102943	-0.0469203	0.102928	0.993582	-0.654887	1.79685	53.0847	
0.99881	0.00293933	0.0486907	0.00225044	0.994343	-0.10619	-0.0487274	0.106173	0.993153	-0.690682	1.8751	53.8282	
0.998719	0.00313514	0.0504944	0.00241276	0.993991	-0.109437	-0.050534	0.109419	0.99271	-0.72783	1.95578	54.5714	
0.998626	0.00333689	0.0522975	0.0025811	0.993627	-0.112686	-0.0523403	0.112666	0.992253	-0.76633	2.0389	55.3142	
0.998529	0.00354456	0.0541001	0.00275547	0.993253	-0.115934	-0.054146	0.115913	0.991782	-0.806182	2.12444	56.0567	
0.998429	0.00375816	0.055902	0.00293586	0.992868	-0.119184	-0.0559512	0.119161	0.991297	-0.847385	2.21242	56.7989	
0.998326	0.00397769	0.0577033	0.00312228	0.992472	-0.122433	-0.0577559	0.122408	0.990798	-0.889939	2.30282	57.5407	
0.998219	0.00420315	0.0595039	0.00331473	0.992065	-0.125683	-0.05956	0.125656	0.990284	-0.933843	2.39566	58.2821	
0.998109	0.00443455	0.0613037	0.00351319	0.991647	-0.128933	-0.0613634	0.128904	0.989757	-0.979098	2.49093	59.0231	
0.997996	0.00467187	0.0631028	0.00371768	0.991218	-0.132182	-0.0631662	0.132152	0.989215	-1.0257	2.58862	59.7637	
0.99788	0.00491513	0.064901	0.00392819	0.990779	-0.135432	-0.0649682	0.135399	0.988659	-1.07366	2.68875	60.5039	
0.99776	0.00516431	0.0666984	0.00414471	0.990328	-0.138681	-0.0667695	0.138646	0.988089	-1.12296	2.79131	61.2437	
0.997637	0.00541941	0.0684949	0.00436724	0.989867	-0.141929	-0.0685701	0.141893	0.987504	-1.17361	2.8963	61.9831	
0.99751	0.00568044	0.0702905	0.00459577	0.989395	-0.145177	-0.0703697	0.145138	0.986906	-1.2256	3.00372	62.722	
0.997381	0.0059474	0.0720851	0.00483031	0.988912	-0.148423	-0.0721686	0.148383	0.986293	-1.27895	3.11357	63.4604	
0.997248	0.00622027	0.0738787	0.00507084	0.988418	-0.151669	-0.0739665	0.151626	0.985666	-1.33364	3.22585	64.1984	
0.997112	0.00649906	0.0756712	0.00531735	0.987914	-0.154914	-0.0757634	0.154868	0.985026	-1.38967	3.34055	64.9359	
0.996972	0.00678376	0.0774627	0.00556984	0.987398	-0.158157	-0.0775594	0.158109	0.984371	-1.44705	3.45768	65.673	
0.996829	0.00707437	0.079253	0.00582831	0.986872	-0.161399	-0.0793544	0.161349	0.983702	-1.50578	3.57723	66.4095	
0.996683	0.00737088	0.0810422	0.00609273	0.986335	-0.164639	-0.0811483	0.164586	0.983019	-1.56585	3.69921	67.1455	
0.996534	0.00767329	0.0828302	0.00636311	0.985787	-0.167877	-0.0829411	0.167822	0.982322	-1.62725	3.82362	67.881	
0.996382	0.00798159	0.0846169	0.00663942	0.985229	-0.171113	-0.0847328	0.171056	0.981611	-1.69001	3.95044	68.616	
0.996226	0.00829578	0.0864024	0.00692167	0.98466	-0.174348	-0.0865233	0.174288	0.980886	-1.7541	4.07968	69.3505	
0.996067	0.00861586	0.0881866	0.00720984	0.98408	-0.17758	-0.0883126	0.177517	0.980147	-1.81953	4.21134	70.0844	
0.995904	0.00894181	0.0899694	0.00750391	0.983489	-0.18081	-0.0901007	0.180744	0.979394	-1.8863	4.34542	70.8177	
0.995739	0.00927363	0.0917508	0.00780388	0.982888	-0.184037	-0.0918875	0.183969	0.978628	-1.95441	4.48191	71.5505	
0.99474	0.0112482	0.101817	0.00931806	0.979896	-0.199291	-0.102012	0.199191	0.974637	-2.02697	4.62531	72.2815	
0.993636	0.0133794	0.11184	0.0109901	0.976667	-0.214479	-0.1121	0.214343	0.970304	-2.1071	4.78007	73.0094	
0.992429	0.0156663	0.121817	0.0128194	0.973201	-0.229597	-0.122149	0.22942	0.965632	-2.19477	4.94615	73.734	
