1	0	0	0	1	0	0	0	1	0	0	0	
0.999999	-1.89151e-06	-0.00128665	-1.89151e-06	0.999996	-0.0029402	0.00128665	0.0029402	0.999995	0.00048152	0.00110035	0.748484	
0.999997	-7.56707e-06	-0.00257293	-7.5734e-06	0.999983	-0.00588446	0.00257293	0.00588446	0.999979	0.00192594	0.00440292	1.49696	
0.999993	-1.70296e-05	-0.0038588	-1.70549e-05	0.999961	-0.00883273	0.0038588	0.00883273	0.999954	0.00433297	0.00991072	2.24542	
0.999987	-3.02816e-05	-0.00514422	-3.03451e-05	0.999931	-0.0117849	0.00514422	0.0117849	0.999917	0.00770228	0.0176267	2.99386	
0.999979	-4.73255e-05	-0.00642916	-4.74526e-05	0.999891	-0.014741	0.00642916	0.014741	0.999871	0.0120335	0.0275538	3.74226	
0.99997	-6.81633e-05	-0.00771359	-6.83859e-05	0.999843	-0.0177008	0.00771359	0.0177008	0.999814	0.0173264	0.0396949	4.49063	
0.99996	-9.27968e-05	-0.00899747	-9.31533e-05	0.999786	-0.0206643	0.00899746	0.0206643	0.999746	0.0235803	0.0540528	5.23895	
0.999947	-0.000121227	-0.0102808	-0.000121763	0.999721	-0.0236315	0.0102808	0.0236315	0.999668	0.0307951	0.0706302	5.98722	
0.999933	-0.000153456	-0.0115634	-0.000154222	0.999646	-0.0266023	0.0115634	0.0266023	0.999579	0.0389701	0.0894298	6.73542	
0.999917	-0.000189484	-0.0128455	-0.000190538	0.999563	-0.0295765	0.0128454	0.0295765	0.99948	0.0481049	0.110454	7.48355	
0.9999	-0.000229312	-0.0141268	-0.000230719	0.99947	-0.0325542	0.0141268	0.0325543	0.99937	0.0581991	0.133706	8.23161	
0.999881	-0.000272941	-0.0154074	-0.000274771	0.999368	-0.0355353	0.0154074	0.0355353	0.99925	0.069252	0.159188	8.97958	
0.999861	-0.000320369	-0.0166873	-0.000322701	0.999258	-0.0385197	0.0166872	0.0385197	0.999118	0.0812632	0.186903	9.72745	
0.999839	-0.000371598	-0.0179663	-0.000374515	0.999138	-0.0415072	0.0179663	0.0415073	0.998977	0.094232	0.216852	10.4752	
0.999815	-0.000426626	-0.0192446	-0.00043022	0.999009	-0.044498	0.0192445	0.044498	0.998824	0.108158	0.249039	11.2229	
0.999789	-0.000485453	-0.0205219	-0.000489822	0.998872	-0.0474918	0.0205218	0.0474918	0.998661	0.12304	0.283466	11.9704	
0.999762	-0.000548079	-0.0217984	-0.000553325	0.998724	-0.0504886	0.0217983	0.0504887	0.998487	0.138878	0.320134	12.7179	
0.999734	-0.0006145	-0.023074	-0.000620736	0.998568	-0.0534884	0.0230738	0.0534884	0.998302	0.155671	0.359047	13.4651	
0.999703	-0.000684717	-0.0243486	-0.00069206	0.998403	-0.056491	0.0243484	0.0564911	0.998106	0.173419	0.400206	14.2123	
0.999671	-0.000758727	-0.0256222	-0.000767302	0.998228	-0.0594964	0.025622	0.0594965	0.9979	0.19212	0.443614	14.9593	
0.999638	-0.000836528	-0.0268948	-0.000846465	0.998044	-0.0625046	0.0268945	0.0625047	0.997682	0.211774	0.489272	15.7061	
0.999603	-0.000918118	-0.0281664	-0.000929556	0.997851	-0.0655154	0.028166	0.0655156	0.997454	0.23238	0.537182	16.4528	
0.999566	-0.00100349	-0.0294368	-0.00101658	0.997649	-0.0685288	0.0294364	0.068529	0.997215	0.253937	0.587348	17.1993	
0.999528	-0.00109265	-0.0307062	-0.00110753	0.997437	-0.0715447	0.0307056	0.0715449	0.996965	0.276445	0.639769	17.9456	
0.999488	-0.00118559	-0.0319744	-0.00120243	0.997216	-0.074563	0.0319737	0.0745633	0.996704	0.299902	0.694449	18.6917	
0.999447	-0.00128231	-0.0332413	-0.00130126	0.996985	-0.0775838	0.0332406	0.0775841	0.996432	0.324308	0.751389	19.4376	
0.999403	-0.0013828	-0.0345071	-0.00140405	0.996745	-0.0806068	0.0345063	0.0806071	0.996148	0.349662	0.810591	20.1833	
0.999359	-0.00148706	-0.0357716	-0.00151077	0.996496	-0.083632	0.0357707	0.0836324	0.995854	0.375962	0.872057	20.9288	
0.999313	-0.00159509	-0.0370349	-0.00162145	0.996237	-0.0866594	0.0370337	0.0866599	0.995549	0.403209	0.935787	21.6741	
0.999265	-0.00170687	-0.0382968	-0.00173609	0.995968	-0.0896889	0.0382955	0.0896895	0.995233	0.4314	1.00178	22.4191	
0.999216	-0.00182241	-0.0395574	-0.00185467	0.99569	-0.0927204	0.0395559	0.092721	0.994906	0.460536	1.07005	23.1639	
0.999165	-0.0019417	-0.0408166	-0.00197722	0.995403	-0.0957538	0.0408149	0.0957546	0.994568	0.490614	1.14059	23.9084	
0.999112	-0.00206474	-0.0420744	-0.00210372	0.995106	-0.0987891	0.0420725	0.09879	0.994219	0.521634	1.21339	24.6527	
0.999058	-0.00219152	-0.0433308	-0.00223419	0.9948	-0.101826	0.0433286	0.101827	0.993858	0.553595	1.28847	25.3968	
0.999003	-0.00232204	-0.0445856	-0.00236861	0.994484	-0.104865	0.0445832	0.104866	0.993487	0.586495	1.36583	26.1405	
0.998946	-0.00245628	-0.045839	-0.002507	0.994158	-0.107906	0.0458363	0.107907	0.993104	0.620334	1.44545	26.884	
0.998887	-0.00259425	-0.0470909	-0.00264935	0.993823	-0.110948	0.0470878	0.110949	0.99271	0.65511	1.52736	27.6271	
0.998827	-0.00273593	-0.0483412	-0.00279566	0.993478	-0.113991	0.0483378	0.113993	0.992305	0.690822	1.61154	28.37	
0.998766	-0.00288132	-0.0495899	-0.00294594	0.993123	-0.117036	0.0495861	0.117038	0.991889	0.727469	1.698	29.1126	
0.998702	-0.00303042	-0.0508369	-0.00310018	0.992759	-0.120083	0.0508327	0.120084	0.991461	0.765051	1.78675	29.8548	
0.998638	-0.00318321	-0.0520824	-0.00325839	0.992385	-0.12313	0.0520777	0.123132	0.991023	0.803564	1.87777	30.5968	
0.998572	-0.00333969	-0.0533261	-0.00342056	0.992002	-0.126179	0.053321	0.126181	0.990573	0.843009	1.97107	31.3384	
0.998504	-0.00349985	-0.0545681	-0.00358669	0.991608	-0.129229	0.0545625	0.129232	0.990112	0.883383	2.06666	32.0796	
0.998435	-0.00366368	-0.0558084	-0.00375678	0.991205	-0.132281	0.0558022	0.132283	0.98964	0.924686	2.16453	32.8205	
0.998364	-0.00383118	-0.0570469	-0.00393083	0.990792	-0.135333	0.0570401	0.135336	0.989157	0.966917	2.26468	33.5611	
0.998292	-0.00400234	-0.0582836	-0.00410884	0.99037	-0.138386	0.0582762	0.138389	0.988662	1.01007	2.36712	34.3013	
0.998218	-0.00417714	-0.0595185	-0.00429081	0.989938	-0.14144	0.0595104	0.141443	0.988156	1.05415	2.47185	35.0411	
0.998143	-0.00435559	-0.0607515	-0.00447673	0.989495	-0.144495	0.0607427	0.144498	0.987639	1.09916	2.57886	35.7805	
0.998067	-0.00453766	-0.0619826	-0.00466661	0.989044	-0.14755	0.061973	0.147554	0.987111	1.14508	2.68816	36.5195	
0.997989	-0.00472336	-0.0632118	-0.00486044	0.988582	-0.150606	0.0632014	0.150611	0.986571	1.19193	2.79974	37.2582	
0.99791	-0.00491267	-0.0644391	-0.00505821	0.98811	-0.153663	0.0644278	0.153668	0.98602	1.23969	2.91362	37.9964	
0.997829	-0.00510558	-0.0656644	-0.00525993	0.987629	-0.15672	0.0656522	0.156725	0.985458	1.28837	3.02978	38.7342	
0.997914	-0.00489726	-0.0643717	-0.00552823	0.986974	-0.160787	0.0643206	0.160808	0.984888	1.33702	3.14861	39.4716	
0.997997	-0.00468396	-0.0630821	-0.00579172	0.986299	-0.164863	0.0629901	0.164898	0.984297	1.38466	3.27051	40.2086	
0.998079	-0.00446566	-0.0617955	-0.00605038	0.985607	-0.168947	0.0616605	0.168996	0.983686	1.43131	3.39546	40.9451	
0.998158	-0.00424239	-0.0605119	-0.00630415	0.984895	-0.173038	0.0603319	0.173101	0.983055	1.47697	3.52349	41.6811	
0.998236	-0.00401414	-0.0592313	-0.006553	0.984164	-0.177137	0.0590043	0.177212	0.982402	1.52163	3.65459	42.4167	
0.998312	-0.00378092	-0.0579536	-0.00679689	0.983415	-0.181242	0.0576777	0.18133	0.981729	1.56529	3.78878	43.1517	
0.998386	-0.00354272	-0.056679	-0.00703578	0.982647	-0.185354	0.0563521	0.185454	0.981036	1.60797	3.92604	43.8863	
0.998458	-0.00329956	-0.0554073	-0.00726964	0.981859	-0.189472	0.0550274	0.189583	0.980322	1.64965	4.0664	44.6203	
0.998529	-0.00305144	-0.0541386	-0.00749843	0.981053	-0.193596	0.0537036	0.193717	0.979586	1.69034	4.20984	45.3538	
0.998597	-0.00279836	-0.0528728	-0.00772211	0.980227	-0.197725	0.0523807	0.197856	0.97883	1.73004	4.35639	46.0867	
0.998664	-0.00254032	-0.05161	-0.00794065	0.979382	-0.20186	0.0510587	0.202	0.978054	1.76876	4.50603	46.8191	
0.998729	-0.00227732	-0.05035	-0.00815403	0.978518	-0.205999	0.0497375	0.206148	0.977256	1.80648	4.65878	47.5508	
0.998792	-0.00200936	-0.049093	-0.00836221	0.977635	-0.210143	0.0484173	0.210299	0.976437	1.84321	4.81463	48.282	
0.998854	-0.00173646	-0.0478388	-0.00856515	0.976732	-0.21429	0.0470978	0.214454	0.975598	1.87896	4.97359	49.0125	
0.998913	-0.0014586	-0.0465874	-0.00876284	0.975811	-0.218442	0.0457791	0.218612	0.974737	1.91372	5.13566	49.7424	
0.998971	-0.00117579	-0.0453389	-0.00895524	0.97487	-0.222596	0.0444613	0.222773	0.973856	1.94749	5.30085	50.4717	
0.999027	-0.000888029	-0.0440932	-0.00914232	0.973909	-0.226754	0.0431441	0.226936	0.972954	1.98027	5.46915	51.2002	
0.999081	-0.000595315	-0.0428502	-0.00932407	0.97293	-0.230914	0.0418277	0.231101	0.97203	2.01207	5.64057	51.9281	
0.999134	-0.000297649	-0.04161	-0.00950044	0.971931	-0.235076	0.040512	0.235268	0.971086	2.04289	5.8151	52.6553	
0.999185	4.9725e-06	-0.0403725	-0.00967143	0.970912	-0.23924	0.039197	0.239435	0.970121	2.07272	5.99276	53.3818	
0.999234	0.00031255	-0.0391377	-0.009837	0.969875	-0.243406	0.0378826	0.243604	0.969135	2.10157	6.17353	54.1076	
0.999281	0.000625085	-0.0379055	-0.00999714	0.968818	-0.247572	0.0365688	0.247773	0.968128	2.12943	6.35743	54.8326	
0.999327	0.000942583	-0.0366759	-0.0101518	0.967742	-0.25174	0.0352555	0.251943	0.9671	2.15631	6.54444	55.5568	
0.999371	0.00126504	-0.035449	-0.010301	0.966646	-0.255908	0.0339429	0.256112	0.966051	2.18221	6.73458	56.2803	
0.999413	0.00159247	-0.0342245	-0.0104447	0.965532	-0.260076	0.0326307	0.260281	0.964981	2.20712	6.92783	57.003	
0.999453	0.00192488	-0.0330027	-0.0105829	0.964398	-0.264244	0.031319	0.264449	0.963891	2.23105	7.12421	57.7248	
0.999492	0.00226226	-0.0317832	-0.0107155	0.963245	-0.268412	0.0300078	0.268616	0.96278	2.254	7.32371	58.4459	
0.999529	0.00260462	-0.0305663	-0.0108426	0.962073	-0.272578	0.028697	0.272781	0.961648	2.27597	7.52632	59.1661	
0.999565	0.00295198	-0.0293517	-0.0109642	0.960881	-0.276743	0.0273866	0.276945	0.960496	2.29696	7.73205	59.8854	
0.999599	0.00330433	-0.0281396	-0.0110801	0.959671	-0.280907	0.0260765	0.281106	0.959322	2.31697	7.9409	60.6039	
0.999631	0.00366168	-0.0269298	-0.0111905	0.958442	-0.285068	0.0247668	0.285264	0.958129	2.336	8.15286	61.3215	
0.999661	0.00402405	-0.0257222	-0.0112952	0.957194	-0.289227	0.0234573	0.28942	0.956915	2.35405	8.36793	62.0382	
0.99969	0.00439143	-0.024517	-0.0113943	0.955927	-0.293384	0.0221481	0.293572	0.95568	2.37111	8.58611	62.754	
0.999717	0.00476385	-0.0233139	-0.0114878	0.954641	-0.297537	0.020839	0.297721	0.954425	2.3872	8.8074	63.4688	
0.999742	0.00514129	-0.0221131	-0.0115756	0.953337	-0.301688	0.0195302	0.301866	0.95315	2.40231	9.03179	64.1827	
0.999766	0.00552379	-0.0209144	-0.0116578	0.952013	-0.305834	0.0182214	0.306007	0.951855	2.41644	9.25928	64.8956	
0.999788	0.00591134	-0.0197178	-0.0117343	0.950672	-0.309977	0.0169128	0.310143	0.95054	2.42959	9.48987	65.6076	
0.999809	0.00630397	-0.0185233	-0.0118051	0.949312	-0.314115	0.0156042	0.314274	0.949204	2.44176	9.72355	66.3186	
0.999827	0.00670167	-0.0173308	-0.0118703	0.947933	-0.318249	0.0142956	0.318399	0.947849	2.45295	9.96033	67.0285	
0.999844	0.00710446	-0.0161403	-0.0119297	0.946536	-0.322377	0.012987	0.32252	0.946474	2.46316	10.2002	67.7375	
0.99986	0.00751236	-0.0149517	-0.0119835	0.945121	-0.3265	0.0116784	0.326634	0.945079	2.47239	10.4431	68.4454	
0.999874	0.00792537	-0.0137651	-0.0120316	0.943688	-0.330618	0.0103696	0.330742	0.943664	2.48064	10.6891	69.1522	
0.999886	0.00834352	-0.0125803	-0.0120739	0.942237	-0.33473	0.00906077	0.334843	0.94223	2.48791	10.9382	69.858	
0.999897	0.0087668	-0.0113973	-0.0121106	0.940768	-0.338835	0.00775173	0.338938	0.940777	2.4942	11.1904	70.5627	
0.999885	0.014526	0.00438941	-0.0121048	0.937947	-0.346567	-0.00915128	0.346474	0.938015	2.49368	11.4469	71.2658	
0.999589	0.0204109	0.020127	-0.01196	0.935065	-0.354275	-0.0260511	0.353889	0.934925	2.4805	11.709	71.9668	
0.999009	0.0264193	0.0358098	-0.011676	0.932122	-0.361957	-0.0429418	0.36118	0.931507	2.45468	11.9766	72.6653	
