1	0	0	0	1	0	0	0	1	0	0	0	
1	5.64049e-07	0.000540126	5.64049e-07	0.999998	-0.00208858	-0.000540126	0.00208858	0.999998	-0.000239374	0.000925622	0.886363	
0.999999	2.25735e-06	0.00108041	2.25832e-06	0.999991	-0.00417957	-0.00108041	0.00417957	0.999991	-0.000957567	0.00370356	1.77272	
0.999999	5.08177e-06	0.00162083	5.08566e-06	0.99998	-0.0062729	-0.00162083	0.0062729	0.999979	-0.00215471	0.0083359	2.65907	
0.999998	9.03901e-06	0.00216137	9.04873e-06	0.999965	-0.00836848	-0.00216137	0.00836848	0.999963	-0.00383091	0.0148247	3.54541	
0.999996	1.41306e-05	0.00270201	1.41501e-05	0.999945	-0.0104662	-0.00270201	0.0104662	0.999942	-0.00598628	0.0231719	4.43173	
0.999995	2.0358e-05	0.00324272	2.03921e-05	0.999921	-0.0125661	-0.00324272	0.0125661	0.999916	-0.00862087	0.0333794	5.31803	
0.999993	2.77224e-05	0.00378349	2.7777e-05	0.999892	-0.014668	-0.00378349	0.014668	0.999885	-0.0117348	0.0454491	6.20431	
0.999991	3.62249e-05	0.00432429	3.63069e-05	0.999859	-0.0167719	-0.00432429	0.0167719	0.99985	-0.015328	0.0593827	7.09056	
0.999988	4.58664e-05	0.00486511	4.59837e-05	0.999822	-0.0188776	-0.0048651	0.0188776	0.99981	-0.0194006	0.0751819	7.97677	
0.999985	5.66478e-05	0.00540592	5.68092e-05	0.99978	-0.0209851	-0.00540591	0.0209851	0.999765	-0.0239525	0.0928483	8.86294	
0.999982	6.85695e-05	0.0059467	6.8785e-05	0.999733	-0.0230943	-0.0059467	0.0230943	0.999716	-0.0289838	0.112383	9.74908	
0.999979	8.16323e-05	0.00648743	8.19125e-05	0.999682	-0.0252052	-0.00648743	0.0252052	0.999661	-0.0344943	0.133789	10.6352	
0.999975	9.58362e-05	0.0070281	9.61932e-05	0.999627	-0.0273177	-0.0070281	0.0273177	0.999602	-0.0404842	0.157066	11.5212	
0.999971	0.000111182	0.00756868	0.000111628	0.999567	-0.0294316	-0.00756867	0.0294316	0.999538	-0.0469532	0.182216	12.4072	
0.999967	0.000127668	0.00810915	0.000128218	0.999502	-0.0315469	-0.00810914	0.0315469	0.999469	-0.0539013	0.209241	13.2931	
0.999963	0.000145296	0.0086495	0.000145965	0.999433	-0.0336636	-0.00864948	0.0336636	0.999396	-0.0613285	0.238141	14.179	
0.999958	0.000164065	0.00918969	0.000164868	0.99936	-0.0357816	-0.00918968	0.0357816	0.999317	-0.0692344	0.268918	15.0648	
0.999953	0.000183975	0.00972972	0.000184929	0.999281	-0.0379007	-0.0097297	0.0379007	0.999234	-0.0776192	0.301573	15.9505	
0.999947	0.000205024	0.0102696	0.000206148	0.999199	-0.0400209	-0.0102695	0.0400209	0.999146	-0.0864825	0.336106	16.8361	
0.999942	0.000227213	0.0108092	0.000228524	0.999112	-0.0421422	-0.0108092	0.0421422	0.999053	-0.0958242	0.372519	17.7217	
0.999936	0.00025054	0.0113486	0.000252059	0.99902	-0.0442644	-0.0113485	0.0442644	0.998955	-0.105644	0.410813	18.6072	
0.999929	0.000275004	0.0118877	0.000276753	0.998923	-0.0463875	-0.0118877	0.0463875	0.998853	-0.115942	0.450988	19.4926	
0.999923	0.000300605	0.0124266	0.000302604	0.998823	-0.0485113	-0.0124266	0.0485113	0.998745	-0.126718	0.493046	20.3779	
0.999916	0.00032734	0.0129652	0.000329613	0.998717	-0.0506359	-0.0129651	0.0506359	0.998633	-0.137971	0.536986	21.2631	
0.999909	0.000355208	0.0135035	0.000357779	0.998607	-0.0527611	-0.0135034	0.0527612	0.998516	-0.149701	0.58281	22.1482	
0.999901	0.000384207	0.0140414	0.000387101	0.998493	-0.0548869	-0.0140414	0.0548869	0.998394	-0.161908	0.630518	23.0332	
0.999894	0.000414337	0.014579	0.000417579	0.998373	-0.0570132	-0.0145789	0.0570132	0.998267	-0.174592	0.68011	23.9181	
0.999886	0.000445594	0.0151163	0.000449212	0.99825	-0.0591399	-0.0151162	0.0591399	0.998135	-0.187753	0.731587	24.8028	
0.999877	0.000477977	0.0156531	0.000481999	0.998121	-0.0612669	-0.015653	0.0612669	0.997999	-0.201389	0.784949	25.6875	
0.999869	0.000511483	0.0161896	0.000515938	0.997988	-0.0633942	-0.0161894	0.0633942	0.997857	-0.215501	0.840196	26.572	
0.99986	0.00054611	0.0167256	0.000551028	0.997851	-0.0655216	-0.0167254	0.0655217	0.997711	-0.230088	0.89733	27.4564	
0.999851	0.000581855	0.0172611	0.000587267	0.997709	-0.0676492	-0.017261	0.0676492	0.99756	-0.245151	0.956349	28.3407	
0.999841	0.000618717	0.0177963	0.000624655	0.997562	-0.0697767	-0.017796	0.0697768	0.997404	-0.260687	1.01725	29.2248	
0.999832	0.000656691	0.0183309	0.000663188	0.997411	-0.0719042	-0.0183306	0.0719043	0.997243	-0.276698	1.08004	30.1088	
0.999822	0.000695775	0.018865	0.000702865	0.997256	-0.0740316	-0.0188647	0.0740317	0.997077	-0.293182	1.14472	30.9926	
0.999812	0.000735966	0.0193986	0.000743683	0.997095	-0.0761588	-0.0193983	0.0761589	0.996907	-0.31014	1.21128	31.8763	
0.999801	0.000777261	0.0199316	0.000785641	0.996931	-0.0782857	-0.0199313	0.0782857	0.996732	-0.32757	1.27973	32.7599	
0.99979	0.000819655	0.0204641	0.000828737	0.996761	-0.0804122	-0.0204637	0.0804123	0.996552	-0.345472	1.35006	33.6433	
0.999779	0.000863146	0.020996	0.000872966	0.996588	-0.0825383	-0.0209956	0.0825384	0.996367	-0.363846	1.42228	34.5265	
0.999768	0.00090773	0.0215273	0.000918327	0.996409	-0.0846638	-0.0215269	0.0846639	0.996177	-0.382691	1.49638	35.4096	
0.999756	0.000953403	0.022058	0.000964817	0.996226	-0.0867888	-0.0220575	0.0867889	0.995983	-0.402007	1.57236	36.2924	
0.999744	0.00100016	0.022588	0.00101243	0.996039	-0.0889131	-0.0225875	0.0889132	0.995783	-0.421793	1.65023	37.1752	
0.999732	0.001048	0.0231174	0.00106117	0.995847	-0.0910366	-0.0231168	0.0910368	0.995579	-0.442048	1.72998	38.0577	
0.99972	0.00109691	0.0236462	0.00111103	0.995651	-0.0931594	-0.0236455	0.0931595	0.99537	-0.462773	1.81161	38.94	
0.999707	0.0011469	0.0241742	0.001162	0.99545	-0.0952812	-0.0241735	0.0952814	0.995157	-0.483965	1.89513	39.8222	
0.999694	0.00119796	0.0247015	0.00121409	0.995244	-0.097402	-0.0247007	0.0974022	0.994939	-0.505625	1.98052	40.7042	
0.999681	0.00125007	0.0252281	0.00126728	0.995035	-0.0995218	-0.0252272	0.099522	0.994716	-0.527752	2.0678	41.586	
0.999667	0.00130325	0.0257539	0.00132158	0.99482	-0.10164	-0.025753	0.101641	0.994488	-0.550346	2.15695	42.4675	
0.999654	0.00135748	0.026279	0.00137698	0.994602	-0.103758	-0.0262779	0.103758	0.994255	-0.573405	2.24798	43.3489	
0.99964	0.00141275	0.0268032	0.00143347	0.994379	-0.105874	-0.0268021	0.105874	0.994018	-0.596929	2.34088	44.2301	
0.999625	0.00146907	0.0273267	0.00149106	0.994151	-0.107989	-0.0273255	0.107989	0.993776	-0.620918	2.43566	45.111	
0.999611	0.00152643	0.0278493	0.00154973	0.993919	-0.110102	-0.0278481	0.110103	0.99353	-0.64537	2.53232	45.9918	
0.999596	0.00158482	0.0283712	0.00160949	0.993683	-0.112214	-0.0283698	0.112214	0.993279	-0.670284	2.63084	46.8723	
0.999581	0.00164423	0.0288921	0.00167032	0.993442	-0.114324	-0.0288906	0.114325	0.993023	-0.695661	2.73124	47.7526	
0.999566	0.00170467	0.0294122	0.00173223	0.993197	-0.116433	-0.0294106	0.116433	0.992763	-0.721499	2.83351	48.6327	
0.99955	0.00176612	0.0299313	0.0017952	0.992948	-0.11854	-0.0299296	0.11854	0.992498	-0.747798	2.93765	49.5125	
0.999535	0.00182857	0.0304496	0.00185924	0.992694	-0.120645	-0.0304478	0.120645	0.992229	-0.774556	3.04365	50.3921	
0.999519	0.00189203	0.0309669	0.00192433	0.992436	-0.122748	-0.030965	0.122749	0.991955	-0.801773	3.15152	51.2714	
0.999502	0.00195649	0.0314833	0.00199048	0.992174	-0.124849	-0.0314812	0.12485	0.991676	-0.829448	3.26125	52.1505	
0.99956	0.00171991	0.0296036	0.00198833	0.992183	-0.124779	-0.0295868	0.124783	0.991743	-0.856512	3.37188	53.0296	
0.999615	0.00148317	0.0277215	0.00198632	0.992191	-0.12471	-0.02769	0.124717	0.991806	-0.881896	3.48245	53.9086	
0.999665	0.00124628	0.0258371	0.00198445	0.9922	-0.124641	-0.0257909	0.12465	0.991866	-0.905598	3.59297	54.7878	
0.999713	0.00100925	0.0239504	0.00198272	0.992209	-0.124571	-0.0238896	0.124583	0.991922	-0.927615	3.70342	55.6669	
0.999756	0.000772094	0.0220617	0.00198113	0.992217	-0.124502	-0.0219861	0.124516	0.991974	-0.947947	3.81382	56.5462	
0.999796	0.000534826	0.0201709	0.00197967	0.992226	-0.124434	-0.0200806	0.124448	0.992023	-0.96659	3.92416	57.4254	
0.999833	0.000297459	0.0182782	0.00197834	0.992235	-0.124365	-0.0181732	0.12438	0.992068	-0.983543	4.03443	58.3048	
0.999866	6.00041e-05	0.0163836	0.00197714	0.992243	-0.124295	-0.016264	0.124311	0.99211	-0.998805	4.14465	59.1841	
0.999895	-0.000177524	0.0144874	0.00197607	0.992252	-0.124226	-0.0143531	0.124242	0.992148	-1.01237	4.2548	60.0635	
0.999921	-0.000415113	0.0125895	0.00197513	0.992261	-0.124157	-0.0124406	0.124172	0.992183	-1.02425	4.36489	60.9429	
0.999943	-0.000652749	0.0106901	0.00197432	0.992269	-0.124087	-0.0105265	0.124101	0.992214	-1.03443	4.47492	61.8224	
0.999961	-0.000890419	0.00878935	0.00197365	0.992278	-0.124017	-0.00861105	0.124029	0.992241	-1.04291	4.58489	62.7018	
0.999976	-0.00112811	0.00688724	0.0019731	0.992287	-0.123946	-0.00669429	0.123957	0.992265	-1.04969	4.69479	63.5813	
0.999987	-0.00136581	0.00498391	0.00197269	0.992296	-0.123875	-0.00477632	0.123883	0.992285	-1.05478	4.80463	64.4609	
0.999994	-0.00160349	0.00307946	0.00197241	0.992305	-0.123803	-0.00285725	0.123809	0.992302	-1.05816	4.91441	65.3404	
0.999998	-0.00184116	0.001174	0.00197228	0.992314	-0.123731	-0.000937168	0.123733	0.992315	-1.05984	5.02411	66.2199	
0.999998	-0.0020788	-0.00073238	0.00197228	0.992323	-0.123658	0.000983816	0.123656	0.992325	-1.05982	5.13375	67.0995	
0.999994	-0.00231638	-0.00263958	0.00197242	0.992332	-0.123584	0.00290561	0.123578	0.992331	-1.0581	5.24332	67.9791	
0.999986	-0.0025539	-0.00454749	0.00197271	0.992342	-0.123509	0.0048281	0.123498	0.992333	-1.05467	5.35282	68.8586	
0.999975	-0.00279135	-0.00645603	0.00197316	0.992351	-0.123433	0.00675119	0.123417	0.992332	-1.04954	5.46225	69.7382	
0.99996	-0.0030287	-0.00836508	0.00197376	0.992361	-0.123356	0.00867479	0.123334	0.992327	-1.0427	5.5716	70.6178	
0.999942	-0.00326594	-0.0102746	0.00197451	0.99237	-0.123278	0.0105988	0.12325	0.992319	-1.03416	5.68088	71.4973	
0.99963	-0.00518205	-0.0266933	0.00225261	0.99408	-0.108627	0.0270982	0.108526	0.993724	-1.01745	5.78361	72.3775	
0.999046	-0.00685428	-0.0431313	0.00277404	0.995572	-0.0939581	0.0435843	0.0937488	0.994641	-0.986124	5.87326	73.2588	
0.998189	-0.00828179	-0.0595803	0.00353856	0.996846	-0.0792798	0.060049	0.0789254	0.99507	-0.940194	5.94979	74.1406	
0.99706	-0.00946388	-0.0760325	0.00454578	0.997901	-0.0645987	0.0764842	0.0640632	0.995011	-0.879682	6.01316	75.0226	
0.99566	-0.0104	-0.0924796	0.00579522	0.998736	-0.0499221	0.0928819	0.0491695	0.994462	-0.804619	6.06334	75.9043	
0.993989	-0.0110896	-0.108914	0.00728625	0.999352	-0.0352572	0.109234	0.0342517	0.993426	-0.715042	6.10031	76.7854	
0.992049	-0.0115325	-0.125326	0.00901815	0.999747	-0.0206112	0.125532	0.0193171	0.991901	-0.610993	6.12406	77.6653	
0.989839	-0.0117283	-0.14171	0.0109901	0.999922	-0.00599125	0.141769	0.00437297	0.98989	-0.492525	6.13456	78.5436	
0.987361	-0.0116771	-0.158056	0.013201	0.999876	0.00859542	0.157936	-0.0105733	0.987393	-0.359696	6.13181	79.4199	
0.984617	-0.0113787	-0.174357	0.01565	0.99961	0.0231417	0.174026	-0.0255144	0.98441	-0.21257	6.11581	80.2938	
0.981607	-0.0108335	-0.190605	0.0183357	0.999123	0.0376403	0.19003	-0.0404429	0.980945	-0.0512205	6.08658	81.1649	
0.978334	-0.0100415	-0.206791	0.0212568	0.998416	0.0520843	0.205941	-0.0553516	0.976998	0.124274	6.04413	82.0326	
0.974798	-0.00900331	-0.222909	0.0244119	0.99749	0.0664666	0.221751	-0.0702331	0.972571	0.313827	5.98847	82.8967	
0.971001	-0.00771933	-0.238949	0.0277995	0.996344	0.0807799	0.237452	-0.0850801	0.967666	0.517345	5.91963	83.7566	
0.966947	-0.0061902	-0.254904	0.0314179	0.99498	0.0950174	0.253036	-0.0998853	0.962287	0.734729	5.83765	84.612	
0.962635	-0.0044167	-0.270766	0.0352653	0.993397	0.109172	0.268496	-0.114642	0.956435	0.965872	5.74258	85.4623	
0.958069	-0.00239967	-0.286528	0.0393398	0.991597	0.123237	0.283824	-0.129341	0.950113	1.21066	5.63444	86.3073	
0.953251	-0.000140126	-0.302181	0.0436395	0.989581	0.137205	0.299013	-0.143978	0.943325	1.46897	5.51331	87.1465	
