1	0	0	0	1	0	0	0	1	0	0	0	
0.999997	-6.19936e-06	-0.00253133	-6.19936e-06	0.999988	-0.00489806	0.00253133	0.00489806	0.999985	0.00130083	0.00251707	1.02777	
0.999987	-2.48009e-05	-0.00506252	-2.48096e-05	0.999952	-0.00979926	0.00506252	0.00979926	0.999939	0.00520324	0.0100699	2.05551	
0.999971	-5.58114e-05	-0.00759346	-5.58461e-05	0.999892	-0.0147034	0.00759346	0.0147034	0.999863	0.011707	0.0226616	3.08319	
0.999949	-9.92369e-05	-0.0101241	-9.93237e-05	0.999808	-0.0196103	0.0101241	0.0196103	0.999756	0.0208119	0.0402951	4.11078	
0.99992	-0.000155082	-0.0126542	-0.000155256	0.999699	-0.0245199	0.0126542	0.0245199	0.999619	0.0325174	0.0629732	5.13824	
0.999885	-0.000223353	-0.0151838	-0.000223657	0.999567	-0.0294317	0.0151838	0.0294317	0.999451	0.0468231	0.0906984	6.16554	
0.999843	-0.000304051	-0.0177128	-0.000304538	0.99941	-0.0343458	0.0177128	0.0343458	0.999253	0.0637284	0.123473	7.19265	
0.999795	-0.00039718	-0.020241	-0.000397911	0.999229	-0.039262	0.020241	0.039262	0.999024	0.0832325	0.161299	8.21955	
0.999741	-0.000502743	-0.0227685	-0.000503787	0.999023	-0.0441799	0.0227684	0.0441799	0.998764	0.105335	0.204179	9.24619	
0.99968	-0.00062074	-0.0252949	-0.000622176	0.998794	-0.0490995	0.0252949	0.0490995	0.998474	0.130034	0.252115	10.2726	
0.999613	-0.000751172	-0.0278204	-0.000753088	0.99854	-0.0540205	0.0278203	0.0540205	0.998152	0.157329	0.305107	11.2986	
0.999539	-0.000894039	-0.0303447	-0.00089653	0.998261	-0.0589428	0.0303446	0.0589428	0.9978	0.18722	0.363158	12.3243	
0.999459	-0.00104934	-0.0328678	-0.00105251	0.997958	-0.0638662	0.0328677	0.0638662	0.997417	0.219704	0.426268	13.3496	
0.999373	-0.00121707	-0.0353896	-0.00122104	0.99763	-0.0687904	0.0353894	0.0687905	0.997003	0.254781	0.494439	14.3745	
0.99928	-0.00139724	-0.0379099	-0.00140212	0.997278	-0.0737154	0.0379098	0.0737155	0.996559	0.292448	0.567672	15.399	
0.999181	-0.00158983	-0.0404288	-0.00159576	0.996902	-0.0786408	0.0404286	0.0786409	0.996083	0.332706	0.645966	16.423	
0.999076	-0.00179484	-0.042946	-0.00180196	0.996501	-0.0835666	0.0429457	0.0835668	0.995576	0.375551	0.729323	17.4465	
0.998964	-0.00201227	-0.0454616	-0.00202073	0.996075	-0.0884925	0.0454612	0.0884927	0.995039	0.420982	0.817743	18.4695	
0.998846	-0.00224212	-0.0479753	-0.00225207	0.995624	-0.0934184	0.0479748	0.0934186	0.99447	0.468998	0.911225	19.4918	
0.998722	-0.00248437	-0.0504872	-0.00249598	0.995149	-0.098344	0.0504866	0.0983443	0.993871	0.519596	1.00977	20.5136	
0.998591	-0.00273902	-0.052997	-0.00275247	0.99465	-0.103269	0.0529963	0.10327	0.993241	0.572775	1.11338	21.5348	
0.998454	-0.00300606	-0.0555048	-0.00302154	0.994125	-0.108194	0.055504	0.108194	0.992579	0.628533	1.22205	22.5553	
0.998311	-0.00328549	-0.0580104	-0.00330318	0.993576	-0.113118	0.0580094	0.113118	0.991887	0.686866	1.33578	23.5751	
0.998161	-0.0035773	-0.0605137	-0.0035974	0.993002	-0.11804	0.0605125	0.118041	0.991163	0.747773	1.45457	24.5942	
0.998005	-0.00388147	-0.0630147	-0.0039042	0.992404	-0.122962	0.0630133	0.122963	0.990409	0.811252	1.57842	25.6125	
0.997843	-0.004198	-0.0655132	-0.00422358	0.99178	-0.127882	0.0655115	0.127883	0.989623	0.877299	1.70732	26.63	
0.997674	-0.00452688	-0.0680091	-0.00455552	0.991132	-0.132801	0.0680072	0.132802	0.988807	0.945913	1.84129	27.6467	
0.9975	-0.00486808	-0.0705024	-0.00490004	0.990459	-0.137718	0.0705002	0.137719	0.987959	1.01709	1.9803	28.6625	
0.997319	-0.00522161	-0.072993	-0.00525713	0.989762	-0.142633	0.0729904	0.142634	0.987081	1.09083	2.12438	29.6775	
0.997132	-0.00558745	-0.0754807	-0.00562677	0.989039	-0.147546	0.0754778	0.147547	0.986171	1.16713	2.2735	30.6915	
0.996938	-0.00596558	-0.0779655	-0.00600898	0.988292	-0.152456	0.0779621	0.152458	0.98523	1.24598	2.42767	31.7046	
0.996739	-0.006356	-0.0804473	-0.00640374	0.98752	-0.157364	0.0804435	0.157366	0.984258	1.32738	2.58688	32.7167	
0.996533	-0.00675868	-0.0829259	-0.00681104	0.986723	-0.16227	0.0829216	0.162272	0.983256	1.41133	2.75114	33.7278	
0.996321	-0.00717361	-0.0854014	-0.00723088	0.985901	-0.167172	0.0853966	0.167175	0.982222	1.49783	2.92044	34.7378	
0.996103	-0.00760077	-0.0878736	-0.00766325	0.985055	-0.172072	0.0878681	0.172075	0.981157	1.58687	3.09478	35.7468	
0.995878	-0.00804015	-0.0903424	-0.00810815	0.984183	-0.176968	0.0903363	0.176971	0.980062	1.67845	3.27415	36.7546	
0.995648	-0.00849173	-0.0928077	-0.00856556	0.983287	-0.181861	0.0928009	0.181864	0.978935	1.77256	3.45855	37.7613	
0.995411	-0.00895549	-0.0952694	-0.00903548	0.982366	-0.18675	0.0952619	0.186754	0.977777	1.8692	3.64798	38.7669	
0.995169	-0.00943142	-0.0977275	-0.00951788	0.98142	-0.191636	0.0977192	0.19164	0.976589	1.96837	3.84243	39.7712	
0.99492	-0.00991949	-0.100182	-0.0100128	0.980449	-0.196517	0.100173	0.196522	0.975369	2.07007	4.04191	40.7743	
0.994665	-0.0104197	-0.102632	-0.0105201	0.979454	-0.201394	0.102622	0.2014	0.974118	2.17428	4.24639	41.7761	
0.994404	-0.010932	-0.105079	-0.01104	0.978433	-0.206267	0.105068	0.206273	0.972837	2.28101	4.45589	42.7766	
0.994137	-0.0114563	-0.107522	-0.0115722	0.977388	-0.211136	0.107509	0.211142	0.971525	2.39025	4.6704	43.7758	
0.993864	-0.0119928	-0.10996	-0.0121169	0.976318	-0.216	0.109947	0.216007	0.970182	2.502	4.88991	44.7737	
0.993585	-0.0125413	-0.112394	-0.0126741	0.975223	-0.220859	0.11238	0.220866	0.968808	2.61625	5.11441	45.7701	
0.993299	-0.0131017	-0.114824	-0.0132436	0.974104	-0.225712	0.114808	0.225721	0.967403	2.733	5.34391	46.7651	
0.993008	-0.0136742	-0.11725	-0.0138255	0.97296	-0.230561	0.117232	0.23057	0.965968	2.85225	5.57839	47.7586	
0.992711	-0.0142587	-0.119671	-0.0144198	0.971791	-0.235404	0.119652	0.235414	0.964502	2.97398	5.81785	48.7507	
0.992408	-0.014855	-0.122088	-0.0150264	0.970597	-0.240241	0.122067	0.240252	0.963005	3.09819	6.06229	49.7412	
0.992099	-0.0154633	-0.1245	-0.0156454	0.969378	-0.245073	0.124477	0.245085	0.961477	3.22489	6.3117	50.7302	
0.991784	-0.0160835	-0.126907	-0.0162767	0.968135	-0.249899	0.126883	0.249911	0.959919	3.35406	6.56608	51.7176	
0.991463	-0.0167156	-0.12931	-0.0169203	0.966867	-0.254718	0.129283	0.254732	0.958331	3.4857	6.82541	52.7033	
0.991137	-0.0173595	-0.131708	-0.0175762	0.965575	-0.259531	0.131679	0.259546	0.956711	3.61981	7.08969	53.6875	
0.990804	-0.0180151	-0.1341	-0.0182443	0.964258	-0.264338	0.134069	0.264354	0.955062	3.75638	7.35892	54.6699	
0.990466	-0.0186826	-0.136488	-0.0189247	0.962916	-0.269138	0.136455	0.269155	0.953381	3.8954	7.63308	55.6506	
0.990121	-0.0193618	-0.13887	-0.0196173	0.961549	-0.273931	0.138835	0.273949	0.951671	4.03686	7.91218	56.6296	
0.989771	-0.0200528	-0.141248	-0.0203221	0.960158	-0.278717	0.141209	0.278736	0.94993	4.18078	8.1962	57.6068	
0.989415	-0.0207554	-0.14362	-0.0210391	0.958743	-0.283495	0.143578	0.283516	0.948158	4.32713	8.48513	58.5822	
0.989054	-0.0214697	-0.145986	-0.0217683	0.957303	-0.288266	0.145942	0.288289	0.946356	4.47591	8.77898	59.5558	
0.988686	-0.0221956	-0.148347	-0.0225095	0.955838	-0.29303	0.1483	0.293054	0.944524	4.62712	9.07772	60.5275	
0.988313	-0.0229331	-0.150703	-0.0232629	0.954349	-0.297786	0.150653	0.297811	0.942662	4.78074	9.38136	61.4973	
0.987934	-0.0236822	-0.153053	-0.0240284	0.952836	-0.302534	0.152999	0.302561	0.94077	4.93679	9.68989	62.4652	
0.98755	-0.0244428	-0.155397	-0.0248059	0.951298	-0.307273	0.15534	0.307302	0.938848	5.09524	10.0033	63.4311	
0.987159	-0.0252149	-0.157736	-0.0255954	0.949736	-0.312005	0.157674	0.312036	0.936895	5.25609	10.3216	64.395	
0.987188	-0.0251578	-0.157565	-0.02597	0.948991	-0.314231	0.157433	0.314297	0.936179	5.41802	10.6434	65.3576	
0.987217	-0.0250996	-0.157392	-0.0263443	0.948241	-0.316458	0.157189	0.316559	0.935458	5.57971	10.9676	66.3194	
0.987246	-0.0250407	-0.157219	-0.0267184	0.947484	-0.318685	0.156942	0.318821	0.934731	5.74113	11.2941	67.2805	
0.987276	-0.0249809	-0.157044	-0.0270921	0.946721	-0.320912	0.156694	0.321083	0.933998	5.90231	11.623	68.2408	
0.987305	-0.0249205	-0.156869	-0.0274655	0.945953	-0.323139	0.156443	0.323345	0.93326	6.06323	11.9541	69.2004	
0.987334	-0.0248593	-0.156693	-0.0278385	0.945179	-0.325365	0.156191	0.325606	0.932515	6.22389	12.2876	70.1592	
0.990018	-0.0190855	-0.139643	-0.0251644	0.950932	-0.308375	0.138676	0.30881	0.94096	6.37542	12.6137	71.122	
0.992382	-0.0136193	-0.122444	-0.0228089	0.956379	-0.291237	0.12107	0.291811	0.948783	6.50891	12.9223	72.0931	
0.994425	-0.00846426	-0.105109	-0.0207734	0.961516	-0.273963	0.103383	0.274619	0.955979	6.62426	13.2134	73.072	
0.996145	-0.00362378	-0.0876489	-0.0190593	0.966339	-0.256565	0.0856283	0.257246	0.962545	6.7214	13.4868	74.058	
0.997541	0.000898923	-0.0700748	-0.0176677	0.970846	-0.239053	0.0678169	0.239703	0.968475	6.80026	13.7422	75.0504	
0.998613	0.00510087	-0.0523986	-0.0165996	0.975033	-0.221439	0.0499608	0.222002	0.973765	6.86078	13.9794	76.0485	
0.99936	0.00897929	-0.0346319	-0.0158557	0.978898	-0.203735	0.0320717	0.204154	0.978413	6.90294	14.1984	77.0518	
0.999781	0.0125316	-0.0167865	-0.0154364	0.982437	-0.185953	0.0141614	0.186171	0.982415	6.9267	14.399	78.0595	
0.999875	0.0157555	0.00112583	-0.0153421	0.98565	-0.168104	-0.00375824	0.168066	0.985769	6.93205	14.5811	79.071	
0.999644	0.0186488	0.0190933	-0.0155727	0.988533	-0.1502	-0.0216754	0.149849	0.988471	6.91898	14.7445	80.0856	
0.999086	0.0212097	0.037104	-0.0161282	0.991085	-0.132253	-0.0395782	0.131534	0.990521	6.8875	14.8891	81.1026	
0.998203	0.0234364	0.055146	-0.0170082	0.993304	-0.114275	-0.0574549	0.113132	0.991917	6.83763	15.0148	82.1214	
0.996995	0.0253274	0.0732076	-0.0182121	0.995188	-0.0962774	-0.0752937	0.0946548	0.992659	6.76941	15.1216	83.1413	
0.995463	0.0268816	0.0912766	-0.019739	0.996737	-0.0782722	-0.0930828	0.0761154	0.992745	6.68288	15.2094	84.1617	
0.993607	0.0280979	0.109341	-0.0215881	0.997949	-0.0602715	-0.11081	0.0575257	0.992175	6.57809	15.278	85.1817	
0.991429	0.0289754	0.12739	-0.023758	0.998823	-0.0422871	-0.128465	0.0388981	0.990951	6.45513	15.3276	86.2009	
0.988931	0.0295137	0.14541	-0.0262474	0.999359	-0.0243307	-0.146035	0.0202448	0.989072	6.31406	15.358	87.2185	
0.986114	0.0297123	0.16339	-0.0290545	0.999557	-0.00641441	-0.163508	0.00157813	0.986541	6.15498	15.3692	88.2338	
0.98298	0.0295711	0.181318	-0.0321776	0.999417	0.0114501	-0.180873	-0.0170896	0.983358	5.97799	15.3612	89.2461	
0.979531	0.0290903	0.199182	-0.0356146	0.998937	0.029251	-0.198119	-0.035746	0.979526	5.78322	15.3341	90.2549	
0.975769	0.02827	0.21697	-0.0393632	0.99812	0.0469765	-0.215234	-0.0543788	0.975047	5.57079	15.2878	91.2594	
0.971697	0.027111	0.234671	-0.0434209	0.996965	0.064615	-0.232207	-0.0729758	0.969925	5.34085	15.2223	92.2589	
0.967317	0.0256139	0.252273	-0.0477851	0.995473	0.0821547	-0.249027	-0.0915245	0.964162	5.09353	15.1378	93.2529	
0.962633	0.0237797	0.269765	-0.0524529	0.993646	0.0995841	-0.265682	-0.110013	0.957763	4.82901	15.0342	94.2406	
0.957647	0.0216097	0.287134	-0.0574212	0.991483	0.116892	-0.282162	-0.128429	0.950732	4.54747	14.9117	95.2214	
0.952363	0.0191052	0.304369	-0.0626866	0.988988	0.134066	-0.298456	-0.14676	0.943072	4.24908	14.7702	96.1947	
0.946784	0.0162679	0.321459	-0.0682458	0.98616	0.151096	-0.314553	-0.164994	0.934791	3.93404	14.61	97.1597	
0.940914	0.0130998	0.338393	-0.0740951	0.983004	0.16797	-0.330441	-0.183119	0.925892	3.60257	14.4311	98.116	
0.934756	0.00960283	0.35516	-0.0802306	0.979519	0.184677	-0.346112	-0.201123	0.916382	3.25488	14.2337	99.0628	
