1	0	0	0	1	0	0	0	1	0	0	0	
0.999998	-1.5148e-06	-0.00209962	-1.5148e-06	0.999999	-0.00144293	0.00209962	0.00144293	0.999997	0.0010233	0.000703245	0.974746	
0.999991	-6.07166e-06	-0.00420362	-6.07121e-06	0.999996	-0.00288865	0.00420362	0.00288865	0.999987	0.00409534	0.00281434	1.94949	
0.99998	-1.36888e-05	-0.00631191	-1.3687e-05	0.999991	-0.0043371	0.00631191	0.0043371	0.999971	0.00922034	0.00633599	2.92421	
0.999965	-2.43841e-05	-0.0084244	-2.43795e-05	0.999983	-0.00578822	0.0084244	0.00578822	0.999948	0.0164024	0.0112708	3.89892	
0.999944	-3.81747e-05	-0.010541	-3.81656e-05	0.999974	-0.00724194	0.010541	0.00724194	0.999918	0.0256457	0.0176214	4.8736	
0.99992	-5.50777e-05	-0.0126616	-5.50618e-05	0.999962	-0.0086982	0.0126616	0.0086982	0.999882	0.036954	0.0253902	5.84826	
0.999891	-7.51094e-05	-0.0147861	-7.50839e-05	0.999948	-0.0101569	0.0147861	0.0101569	0.999839	0.0503313	0.0345797	6.82287	
0.999857	-9.82859e-05	-0.0169144	-9.82475e-05	0.999933	-0.0116181	0.0169144	0.0116181	0.999789	0.0657813	0.0451922	7.79743	
0.999819	-0.000124623	-0.0190465	-0.000124568	0.999914	-0.0130815	0.0190465	0.0130815	0.999733	0.0833077	0.0572302	8.77195	
0.999776	-0.000154135	-0.0211822	-0.000154059	0.999894	-0.0145473	0.0211822	0.0145473	0.99967	0.102914	0.0706957	9.74641	
0.999728	-0.000186836	-0.0233214	-0.000186735	0.999872	-0.0160152	0.0233214	0.0160152	0.9996	0.124604	0.0855911	10.7208	
0.999676	-0.000222742	-0.025464	-0.00022261	0.999847	-0.0174853	0.025464	0.0174853	0.999523	0.148381	0.101918	11.6951	
0.999619	-0.000261866	-0.02761	-0.000261698	0.99982	-0.0189575	0.02761	0.0189575	0.999439	0.174248	0.11968	12.6694	
0.999557	-0.00030422	-0.0297593	-0.00030401	0.999791	-0.0204317	0.0297593	0.0204317	0.999348	0.202208	0.138877	13.6435	
0.999491	-0.000349818	-0.0319117	-0.000349559	0.99976	-0.0219078	0.0319117	0.0219078	0.999251	0.232265	0.159512	14.6176	
0.999419	-0.000398672	-0.0340672	-0.000398356	0.999726	-0.0233858	0.0340672	0.0233858	0.999146	0.264421	0.181587	15.5915	
0.999344	-0.000450793	-0.0362256	-0.000450414	0.999691	-0.0248656	0.0362256	0.0248656	0.999034	0.29868	0.205103	16.5654	
0.999263	-0.000506193	-0.0383869	-0.000505742	0.999653	-0.0263472	0.0383869	0.0263472	0.998916	0.335044	0.230063	17.5392	
0.999177	-0.000564882	-0.040551	-0.000564351	0.999613	-0.0278304	0.040551	0.0278304	0.99879	0.373517	0.256468	18.5128	
0.999087	-0.000626872	-0.0427178	-0.000626251	0.99957	-0.0293153	0.0427178	0.0293152	0.998657	0.4141	0.284319	19.4863	
0.998992	-0.000692171	-0.0448871	-0.000691452	0.999525	-0.0308017	0.0448871	0.0308016	0.998517	0.456796	0.313619	20.4597	
0.998892	-0.00076079	-0.0470589	-0.000759961	0.999478	-0.0322895	0.0470589	0.0322895	0.99837	0.501608	0.344368	21.4329	
0.998787	-0.000832736	-0.0492331	-0.000831788	0.999429	-0.0337789	0.0492332	0.0337788	0.998216	0.548538	0.376568	22.406	
0.998677	-0.000908019	-0.0514097	-0.00090694	0.999377	-0.0352695	0.0514097	0.0352695	0.998055	0.597589	0.41022	23.3789	
0.998563	-0.000986646	-0.0535884	-0.000985424	0.999324	-0.0367614	0.0535884	0.0367614	0.997886	0.648762	0.445326	24.3517	
0.998443	-0.00106862	-0.0557692	-0.00106725	0.999267	-0.0382546	0.0557692	0.0382546	0.997711	0.70206	0.481887	25.3243	
0.998319	-0.00115396	-0.057952	-0.00115242	0.999209	-0.0397489	0.0579521	0.0397489	0.997528	0.757485	0.519904	26.2967	
0.998189	-0.00124266	-0.0601368	-0.00124094	0.999148	-0.0412443	0.0601368	0.0412443	0.997338	0.815039	0.559378	27.269	
0.998055	-0.00133474	-0.0623233	-0.00133282	0.999085	-0.0427407	0.0623234	0.0427407	0.99714	0.874723	0.60031	28.241	
0.997916	-0.00143019	-0.0645116	-0.00142806	0.99902	-0.0442381	0.0645117	0.044238	0.996936	0.936539	0.642701	29.2129	
0.997772	-0.00152902	-0.0667015	-0.00152667	0.998952	-0.0457363	0.0667016	0.0457363	0.996724	1.00049	0.686552	30.1845	
0.997623	-0.00163123	-0.0688929	-0.00162865	0.998882	-0.0472354	0.068893	0.0472353	0.996505	1.06657	0.731864	31.156	
0.997469	-0.00173684	-0.0710858	-0.001734	0.99881	-0.0487353	0.0710859	0.0487352	0.996279	1.1348	0.778637	32.1272	
0.99731	-0.00184584	-0.07328	-0.00184273	0.998736	-0.0502358	0.0732801	0.0502357	0.996045	1.20516	0.826873	33.0982	
0.997146	-0.00195823	-0.0754754	-0.00195484	0.998659	-0.0517369	0.0754755	0.0517368	0.995805	1.27766	0.876572	34.069	
0.996977	-0.00207403	-0.077672	-0.00207033	0.99858	-0.0532386	0.0776721	0.0532385	0.995556	1.3523	0.927734	35.0395	
0.996803	-0.00219322	-0.0798696	-0.0021892	0.998498	-0.0547408	0.0798698	0.0547407	0.995301	1.42908	0.98036	36.0098	
0.996624	-0.00231582	-0.0820682	-0.00231146	0.998414	-0.0562434	0.0820684	0.0562433	0.995038	1.508	1.03445	36.9799	
0.99644	-0.00244182	-0.0842677	-0.0024371	0.998328	-0.0577464	0.0842678	0.0577462	0.994768	1.58907	1.09001	37.9496	
0.996251	-0.00257122	-0.0864679	-0.00256612	0.99824	-0.0592497	0.086468	0.0592495	0.994491	1.67228	1.14703	38.9192	
0.996058	-0.00270402	-0.0886687	-0.00269853	0.998149	-0.0607532	0.0886689	0.060753	0.994207	1.75764	1.20551	39.8884	
0.995859	-0.00284023	-0.0908701	-0.00283432	0.998056	-0.0622569	0.0908703	0.0622566	0.993915	1.84514	1.26546	40.8574	
0.995655	-0.00297984	-0.093072	-0.00297349	0.997961	-0.0637606	0.0930722	0.0637604	0.993616	1.93479	1.32688	41.826	
0.995446	-0.00312285	-0.0952743	-0.00311604	0.997863	-0.0652644	0.0952745	0.0652641	0.993309	2.02659	1.38977	42.7944	
0.995232	-0.00326925	-0.0974769	-0.00326197	0.997763	-0.0667682	0.0974771	0.0667679	0.992996	2.12053	1.45411	43.7625	
0.995014	-0.00341905	-0.0996796	-0.00341127	0.997661	-0.0682719	0.0996799	0.0682715	0.992675	2.21662	1.51993	44.7302	
0.99479	-0.00357225	-0.101882	-0.00356394	0.997556	-0.0697754	0.101883	0.069775	0.992346	2.31485	1.58721	45.6977	
0.994561	-0.00372883	-0.104085	-0.00371997	0.99745	-0.0712787	0.104086	0.0712782	0.992011	2.41524	1.65596	46.6648	
0.994328	-0.0038888	-0.106288	-0.00387936	0.99734	-0.0727816	0.106288	0.0727811	0.991668	2.51777	1.72617	47.6316	
0.994089	-0.00405214	-0.108491	-0.00404212	0.997229	-0.0742843	0.108491	0.0742837	0.991318	2.62245	1.79784	48.5981	
0.993846	-0.00421886	-0.110693	-0.00420822	0.997115	-0.0757865	0.110693	0.0757859	0.990961	2.72927	1.87098	49.5642	
0.993597	-0.00438895	-0.112895	-0.00437766	0.996999	-0.0772882	0.112895	0.0772875	0.990596	2.83824	1.94559	50.5299	
0.993344	-0.00456241	-0.115096	-0.00455044	0.996881	-0.0787893	0.115096	0.0787886	0.990225	2.94936	2.02165	51.4953	
0.993086	-0.00473922	-0.117297	-0.00472655	0.99676	-0.0802899	0.117297	0.0802891	0.989846	3.06262	2.09918	52.4604	
0.992822	-0.00491938	-0.119497	-0.00490599	0.996638	-0.0817897	0.119497	0.0817889	0.98946	3.17803	2.17818	53.425	
0.992554	-0.00510288	-0.121696	-0.00508874	0.996512	-0.0832888	0.121697	0.083288	0.989067	3.29558	2.25863	54.3893	
0.992281	-0.00528971	-0.123895	-0.0052748	0.996385	-0.0847871	0.123895	0.0847862	0.988666	3.41528	2.34055	55.3532	
0.992003	-0.00547987	-0.126092	-0.00546415	0.996256	-0.0862845	0.126093	0.0862835	0.988259	3.53711	2.42392	56.3167	
0.991721	-0.00567334	-0.128289	-0.00565679	0.996124	-0.087781	0.128289	0.0877799	0.987844	3.66109	2.50875	57.2798	
0.991433	-0.00587012	-0.130484	-0.00585271	0.99599	-0.0892765	0.130485	0.0892753	0.987423	3.78721	2.59505	58.2425	
0.991141	-0.0060702	-0.132678	-0.00605189	0.995853	-0.0907709	0.132679	0.0907697	0.986994	3.91547	2.6828	59.2048	
0.990843	-0.00627356	-0.134871	-0.00625433	0.995715	-0.0922642	0.134872	0.0922629	0.986558	4.04587	2.772	60.1666	
0.990541	-0.00648019	-0.137062	-0.00646002	0.995574	-0.0937562	0.137063	0.0937549	0.986115	4.1784	2.86266	61.1281	
0.989732	-0.00702798	-0.142765	-0.00672227	0.995397	-0.0956036	0.14278	0.0955816	0.985128	4.31479	2.95494	62.0888	
0.988889	-0.00758623	-0.148462	-0.00699529	0.995216	-0.0974495	0.148491	0.0974052	0.984105	4.45675	3.049	63.0486	
0.988014	-0.00815491	-0.154151	-0.00727904	0.995032	-0.0992935	0.154195	0.0992254	0.983045	4.60427	3.14483	64.0073	
0.987105	-0.00873398	-0.159833	-0.00757346	0.994844	-0.101136	0.159892	0.101042	0.98195	4.75735	3.24243	64.965	
0.986165	-0.0093234	-0.165507	-0.0078785	0.994653	-0.102975	0.165582	0.102854	0.980818	4.91598	3.34181	65.9216	
0.985191	-0.00992312	-0.171172	-0.00819411	0.994458	-0.104812	0.171264	0.104662	0.97965	5.08015	3.44295	66.8771	
0.984185	-0.0105331	-0.176829	-0.00852021	0.994261	-0.106646	0.176938	0.106466	0.978447	5.24985	3.54585	67.8314	
0.983147	-0.0111532	-0.182477	-0.00885673	0.99406	-0.108476	0.182603	0.108264	0.977208	5.42508	3.6505	68.7845	
0.982076	-0.0117835	-0.188116	-0.00920361	0.993855	-0.110303	0.18826	0.110057	0.975933	5.60583	3.7569	69.7365	
0.980973	-0.0124239	-0.193745	-0.00956077	0.993648	-0.112126	0.193908	0.111845	0.974623	5.79209	3.86505	70.6871	
0.975985	-0.0151612	-0.217308	-0.0100748	0.993366	-0.114554	0.217603	0.113992	0.969358	5.99266	3.97513	71.6346	
0.970425	-0.0179498	-0.240736	-0.0106478	0.993079	-0.116968	0.241169	0.116072	0.963517	6.21627	4.08726	72.5767	
0.964295	-0.0207879	-0.264015	-0.0112795	0.992786	-0.119367	0.264592	0.118083	0.957104	6.46277	4.20139	73.5128	
0.957598	-0.023674	-0.287132	-0.0119696	0.992489	-0.12175	0.287858	0.120024	0.950122	6.73204	4.31744	74.4424	
0.95034	-0.0266062	-0.310073	-0.0127175	0.992187	-0.124114	0.310952	0.121894	0.942577	7.02389	4.43535	75.3649	
0.942525	-0.0295829	-0.332824	-0.0135229	0.99188	-0.126458	0.333863	0.123691	0.934471	7.33818	4.55505	76.2797	
0.934156	-0.0326022	-0.355372	-0.0143853	0.991569	-0.128782	0.356575	0.125414	0.925811	7.67469	4.67646	77.1864	
0.925239	-0.0356624	-0.377704	-0.0153042	0.991253	-0.131083	0.379075	0.127064	0.916601	8.03325	4.79952	78.0844	
0.91578	-0.0387617	-0.399805	-0.016279	0.990934	-0.133361	0.40135	0.128638	0.906847	8.41362	4.92414	78.9732	
0.905784	-0.0418983	-0.421664	-0.0173092	0.990611	-0.135613	0.423387	0.130135	0.896554	8.8156	5.05027	79.8521	
0.895256	-0.0450701	-0.443267	-0.018394	0.990284	-0.137839	0.445172	0.131555	0.885729	9.23893	5.17782	80.7208	
0.884204	-0.0482755	-0.4646	-0.019533	0.989953	-0.140038	0.466693	0.132897	0.874377	9.68337	5.30671	81.5787	
0.872633	-0.0515124	-0.485653	-0.0207254	0.98962	-0.142207	0.487937	0.13416	0.862507	10.1487	5.43687	82.4252	
0.86055	-0.054779	-0.506411	-0.0219705	0.989283	-0.144347	0.508891	0.135344	0.850125	10.6345	5.56823	83.26	
0.847964	-0.0580733	-0.526863	-0.0232676	0.988944	-0.146454	0.529543	0.136447	0.837237	11.1406	5.7007	84.0824	
0.83488	-0.0613934	-0.546997	-0.0246159	0.988602	-0.148529	0.549881	0.137469	0.823853	11.6668	5.83421	84.892	
0.821308	-0.0647372	-0.5668	-0.0260145	0.988257	-0.15057	0.569892	0.138409	0.809979	12.2125	5.96867	85.6883	
0.807254	-0.0681029	-0.586261	-0.0274627	0.98791	-0.152575	0.589564	0.139267	0.795625	12.7776	6.10401	86.4709	
0.792728	-0.0714883	-0.605369	-0.0289597	0.987561	-0.154544	0.608887	0.140043	0.780798	13.3618	6.24014	87.2392	
0.777738	-0.0748916	-0.624111	-0.0305044	0.987211	-0.156476	0.627848	0.140735	0.765507	13.9645	6.37699	87.9929	
0.762293	-0.0783106	-0.642477	-0.0320961	0.986858	-0.158368	0.646436	0.141344	0.749762	14.5856	6.51448	88.7314	
0.746402	-0.0817434	-0.660456	-0.0337337	0.986505	-0.160221	0.66464	0.141869	0.733571	15.2246	6.65251	89.4544	
0.730074	-0.0851878	-0.678038	-0.0354163	0.98615	-0.162033	0.68245	0.14231	0.716945	15.8812	6.79102	90.1614	
0.713319	-0.0886419	-0.695211	-0.0371429	0.985794	-0.163803	0.699854	0.142666	0.699893	16.5549	6.92992	90.852	
0.696148	-0.0921037	-0.711966	-0.0389125	0.985437	-0.165529	0.716843	0.142937	0.682426	17.2454	7.06912	91.5257	
0.67857	-0.0955709	-0.728292	-0.0407239	0.98508	-0.167212	0.733406	0.143124	0.664553	17.9523	7.20855	92.1822	
