1	0	0	0	1	0	0	0	1	0	0	0	
1	-8.96725e-08	-0.000449898	-8.96725e-08	1	-0.000398635	0.000449898	0.000398635	1	0.000243127	0.000215424	1.08081	
1	-3.62049e-07	-0.00090407	-3.61935e-07	1	-0.000800805	0.00090407	0.000800805	0.999999	0.000974816	0.000863606	2.16162	
0.999999	-8.22141e-07	-0.00136249	-8.21682e-07	0.999999	-0.00120648	0.00136249	0.00120648	0.999998	0.00219967	0.00194835	3.24242	
0.999998	-1.47497e-06	-0.00182514	-1.47381e-06	0.999999	-0.00161564	0.00182514	0.00161564	0.999997	0.00392228	0.00347344	4.32323	
0.999997	-2.32554e-06	-0.00229198	-2.32321e-06	0.999998	-0.00202826	0.00229198	0.00202826	0.999995	0.00614719	0.00544262	5.40403	
0.999996	-3.37888e-06	-0.00276301	-3.37476e-06	0.999997	-0.0024443	0.00276301	0.0024443	0.999993	0.00887893	0.00785961	6.48483	
0.999995	-4.64001e-06	-0.00323818	-4.63335e-06	0.999996	-0.00286375	0.00323818	0.00286375	0.999991	0.012122	0.0107281	7.56563	
0.999993	-6.11393e-06	-0.00371747	-6.10386e-06	0.999995	-0.00328657	0.00371747	0.00328657	0.999988	0.0158809	0.0140518	8.64643	
0.999991	-7.80565e-06	-0.00420086	-7.79115e-06	0.999993	-0.00371273	0.00420086	0.00371273	0.999984	0.02016	0.0178342	9.72722	
0.999989	-9.72019e-06	-0.00468833	-9.70007e-06	0.999991	-0.00414222	0.00468833	0.00414222	0.99998	0.0249637	0.022079	10.808	
0.999987	-1.18625e-05	-0.00517983	-1.18355e-05	0.99999	-0.004575	0.00517983	0.004575	0.999976	0.0302965	0.0267899	11.8888	
0.999984	-1.42377e-05	-0.00567536	-1.42022e-05	0.999987	-0.00501104	0.00567536	0.00501104	0.999971	0.0361627	0.0319702	12.9696	
0.999981	-1.68506e-05	-0.00617488	-1.68051e-05	0.999985	-0.00545032	0.00617488	0.00545032	0.999966	0.0425666	0.0376236	14.0504	
0.999978	-1.97062e-05	-0.00667836	-1.96489e-05	0.999983	-0.0058928	0.00667836	0.0058928	0.99996	0.0495126	0.0437534	15.1311	
0.999974	-2.28095e-05	-0.00718578	-2.27384e-05	0.99998	-0.00633847	0.00718578	0.00633847	0.999954	0.0570048	0.0503633	16.2119	
0.99997	-2.61655e-05	-0.00769711	-2.60784e-05	0.999977	-0.00678729	0.00769711	0.00678729	0.999947	0.0650476	0.0574565	17.2926	
0.999966	-2.97789e-05	-0.00821232	-2.96736e-05	0.999974	-0.00723922	0.00821232	0.00723922	0.99994	0.0736451	0.0650364	18.3734	
0.999962	-3.36549e-05	-0.00873138	-3.35288e-05	0.99997	-0.00769426	0.00873138	0.00769426	0.999932	0.0828015	0.0731066	19.4541	
0.999957	-3.77982e-05	-0.00925426	-3.76487e-05	0.999967	-0.00815235	0.00925426	0.00815235	0.999924	0.092521	0.0816701	20.5349	
0.999952	-4.22137e-05	-0.00978095	-4.2038e-05	0.999963	-0.00861349	0.00978095	0.00861349	0.999915	0.102808	0.0907305	21.6156	
0.999947	-4.69062e-05	-0.0103114	-4.67012e-05	0.999959	-0.00907763	0.0103114	0.00907762	0.999906	0.113666	0.100291	22.6963	
0.999941	-5.18806e-05	-0.0108456	-5.16431e-05	0.999954	-0.00954474	0.0108456	0.00954474	0.999896	0.125099	0.110354	23.777	
0.999935	-5.71417e-05	-0.0113835	-5.68682e-05	0.99995	-0.0100148	0.0113835	0.0100148	0.999885	0.137112	0.120924	24.8577	
0.999929	-6.26942e-05	-0.011925	-6.23811e-05	0.999945	-0.0104878	0.0119251	0.0104878	0.999874	0.149708	0.132004	25.9384	
0.999922	-6.85428e-05	-0.0124703	-6.81863e-05	0.99994	-0.0109637	0.0124703	0.0109636	0.999862	0.162891	0.143597	27.019	
0.999915	-7.46924e-05	-0.0130191	-7.42884e-05	0.999935	-0.0114424	0.0130191	0.0114424	0.99985	0.176666	0.155705	28.0997	
0.999908	-8.11475e-05	-0.0135715	-8.06918e-05	0.999929	-0.0119239	0.0135715	0.0119239	0.999837	0.191035	0.168332	29.1803	
0.9999	-8.79129e-05	-0.0141275	-8.74009e-05	0.999923	-0.0124083	0.0141275	0.0124083	0.999823	0.206004	0.181481	30.2609	
0.999892	-9.49931e-05	-0.014687	-9.44203e-05	0.999917	-0.0128954	0.0146871	0.0128954	0.999809	0.221576	0.195156	31.3415	
0.999884	-0.000102393	-0.0152501	-0.000101754	0.99991	-0.0133852	0.0152501	0.0133852	0.999794	0.237754	0.209358	32.4221	
0.999875	-0.000110116	-0.0158165	-0.000109407	0.999904	-0.0138778	0.0158165	0.0138778	0.999779	0.254542	0.224091	33.5027	
0.999866	-0.000118168	-0.0163865	-0.000117383	0.999897	-0.014373	0.0163865	0.014373	0.999762	0.271945	0.239358	34.5833	
0.999856	-0.000126554	-0.0169598	-0.000125686	0.999889	-0.0148709	0.0169598	0.0148709	0.999746	0.289965	0.255161	35.6638	
0.999846	-0.000135276	-0.0175365	-0.00013432	0.999882	-0.0153714	0.0175365	0.0153714	0.999728	0.308607	0.271504	36.7443	
0.999836	-0.00014434	-0.0181165	-0.000143291	0.999874	-0.0158745	0.0181165	0.0158745	0.99971	0.327874	0.28839	37.8248	
0.999825	-0.000153751	-0.0186998	-0.000152601	0.999866	-0.0163801	0.0186998	0.0163801	0.999691	0.34777	0.30582	38.9053	
0.999814	-0.000163511	-0.0192864	-0.000162255	0.999857	-0.0168882	0.0192864	0.0168882	0.999671	0.368298	0.323798	39.9858	
0.999802	-0.000173627	-0.0198763	-0.000172257	0.999849	-0.0173988	0.0198763	0.0173988	0.999651	0.389462	0.342327	41.0662	
0.99979	-0.000184101	-0.0204693	-0.000182611	0.99984	-0.0179119	0.0204693	0.0179119	0.99963	0.411264	0.361409	42.1467	
0.999778	-0.000194939	-0.0210656	-0.000193321	0.99983	-0.0184274	0.0210656	0.0184274	0.999608	0.43371	0.381047	43.2271	
0.999765	-0.000206143	-0.0216649	-0.00020439	0.999821	-0.0189453	0.021665	0.0189453	0.999586	0.456802	0.401244	44.3074	
0.999752	-0.000217719	-0.0222674	-0.000215823	0.999811	-0.0194656	0.0222674	0.0194655	0.999563	0.480543	0.422001	45.3878	
0.999738	-0.000229671	-0.022873	-0.000227623	0.9998	-0.0199881	0.022873	0.0199881	0.999539	0.504937	0.443322	46.4681	
0.999724	-0.000242001	-0.0234816	-0.000239794	0.99979	-0.020513	0.0234816	0.020513	0.999514	0.529987	0.465209	47.5484	
0.99971	-0.000254714	-0.0240932	-0.000252339	0.999779	-0.0210401	0.0240932	0.0210401	0.999488	0.555697	0.487664	48.6287	
0.999695	-0.000267815	-0.0247078	-0.000265263	0.999767	-0.0215695	0.0247078	0.0215695	0.999462	0.582069	0.510691	49.7089	
0.999679	-0.000281306	-0.0253253	-0.000278568	0.999756	-0.0221011	0.0253253	0.022101	0.999435	0.609107	0.53429	50.7891	
0.999663	-0.000295192	-0.0259457	-0.000292258	0.999744	-0.0226348	0.0259458	0.0226347	0.999407	0.636815	0.558466	51.8693	
0.999647	-0.000309476	-0.026569	-0.000306337	0.999731	-0.0231706	0.0265691	0.0231706	0.999378	0.665194	0.583219	52.9494	
0.99963	-0.000324162	-0.0271952	-0.000320807	0.999719	-0.0237086	0.0271952	0.0237085	0.999349	0.694248	0.608553	54.0296	
0.999613	-0.000339253	-0.0278241	-0.000335673	0.999706	-0.0242486	0.0278242	0.0242486	0.999319	0.723981	0.634469	55.1097	
0.999595	-0.000354752	-0.0284558	-0.000350937	0.999693	-0.0247907	0.0284559	0.0247906	0.999288	0.754395	0.66097	56.1897	
0.999577	-0.000370665	-0.0290902	-0.000366602	0.999679	-0.0253347	0.0290903	0.0253346	0.999256	0.785493	0.688058	57.2697	
0.999558	-0.000386992	-0.0297274	-0.000382672	0.999665	-0.0258807	0.0297274	0.0258807	0.999223	0.817278	0.715735	58.3497	
0.999539	-0.000403739	-0.0303672	-0.00039915	0.999651	-0.0264287	0.0303672	0.0264286	0.999189	0.849754	0.744003	59.4297	
0.999519	-0.000420908	-0.0310096	-0.000416038	0.999636	-0.0269785	0.0310096	0.0269784	0.999155	0.882922	0.772864	60.5096	
0.999499	-0.000438502	-0.0316546	-0.000433339	0.999621	-0.0275302	0.0316546	0.0275301	0.99912	0.916786	0.802321	61.5895	
0.999478	-0.000456524	-0.0323021	-0.000451056	0.999605	-0.0280838	0.0323022	0.0280837	0.999084	0.951349	0.832375	62.6693	
0.999457	-0.000474978	-0.0329522	-0.000469193	0.99959	-0.0286391	0.0329522	0.028639	0.999047	0.986612	0.863028	63.7491	
0.999435	-0.000493866	-0.0336047	-0.000487751	0.999574	-0.0291962	0.0336048	0.0291961	0.999009	1.02258	0.894282	64.8288	
0.999413	-0.000513191	-0.0342597	-0.000506732	0.999557	-0.0297551	0.0342598	0.029755	0.99897	1.05925	0.92614	65.9086	
0.99939	-0.000532957	-0.034917	-0.000526141	0.99954	-0.0303156	0.0349172	0.0303155	0.99893	1.09664	0.958602	66.9882	
0.999367	-0.000553165	-0.0355768	-0.000545978	0.999523	-0.0308778	0.0355769	0.0308777	0.99889	1.13473	0.991671	68.0679	
0.999343	-0.000573818	-0.0362389	-0.000566247	0.999505	-0.0314416	0.036239	0.0314415	0.998848	1.17354	1.02535	69.1475	
0.999319	-0.000594919	-0.0369032	-0.00058695	0.999487	-0.0320071	0.0369034	0.0320069	0.998806	1.21307	1.05964	70.227	
0.999294	-0.000616471	-0.0375699	-0.000608088	0.999469	-0.032574	0.03757	0.0325739	0.998763	1.25331	1.09454	71.3065	
0.999903	0.00030891	-0.0139185	-0.000943038	0.99896	-0.0455765	0.01389	0.0455852	0.998864	1.28113	1.13678	72.3861	
0.999952	0.001542	0.00972655	-0.000969658	0.998283	-0.0585755	-0.00980017	0.0585632	0.998236	1.28334	1.19306	73.4654	
0.999439	0.00308189	0.0333481	-0.00068793	0.997436	-0.0715615	-0.0334832	0.0714985	0.996879	1.25994	1.26335	74.5436	
0.998366	0.00492746	0.056929	-9.80583e-05	0.996421	-0.0845252	-0.0571417	0.0843815	0.994794	1.21097	1.3476	75.62	
0.996733	0.00707737	0.0804518	0.000799526	0.995239	-0.097457	-0.0807586	0.097203	0.991983	1.13644	1.44573	76.6937	
0.994542	0.00953004	0.1039	0.00200417	0.993891	-0.110348	-0.104316	0.109953	0.988447	1.03642	1.55769	77.764	
0.991794	0.0122837	0.127255	0.00351499	0.992377	-0.123187	-0.127798	0.122624	0.984191	0.910976	1.68338	78.8301	
0.988491	0.0153363	0.150501	0.00533088	0.990699	-0.135967	-0.151187	0.135204	0.979215	0.760202	1.82272	79.8912	
0.984635	0.0186856	0.173621	0.00745052	0.988858	-0.148677	-0.174465	0.147686	0.973525	0.584208	1.9756	80.9465	
0.98023	0.0223293	0.196598	0.00987237	0.986855	-0.161309	-0.197615	0.160061	0.967124	0.383123	2.14192	81.9953	
0.975278	0.0262645	0.219415	0.0125946	0.984691	-0.173852	-0.220622	0.172318	0.960017	0.157092	2.32155	83.0368	
0.969783	0.0304886	0.242055	0.0156154	0.982369	-0.186299	-0.243467	0.184449	0.952209	-0.0937189	2.51436	84.0703	
0.96375	0.0349983	0.264502	0.0189323	0.97989	-0.198639	-0.266135	0.196446	0.943706	-0.369126	2.72021	85.0949	
0.957182	0.0397903	0.286739	0.0225431	0.977255	-0.210865	-0.288608	0.2083	0.934514	-0.66893	2.93895	86.1099	
0.950084	0.0448613	0.308751	0.0264451	0.974468	-0.222966	-0.310871	0.220001	0.92464	-0.99291	3.17042	87.1147	
0.942462	0.0502074	0.330521	0.0306354	0.971528	-0.234934	-0.332906	0.231542	0.914091	-1.34083	3.41445	88.1084	
0.934321	0.0558249	0.352034	0.035111	0.96844	-0.24676	-0.354699	0.242914	0.902874	-1.71244	3.67086	89.0904	
0.925667	0.0617095	0.373273	0.0398686	0.965205	-0.258437	-0.376233	0.254108	0.890998	-2.10746	3.93947	90.0599	
0.916506	0.0678569	0.394223	0.0449047	0.961826	-0.269954	-0.397492	0.265117	0.878472	-2.52561	4.22008	91.0161	
0.906846	0.0742628	0.414868	0.0502157	0.958304	-0.281304	-0.41846	0.275932	0.865305	-2.96658	4.51248	91.9585	
0.896692	0.0809224	0.435195	0.0557976	0.954643	-0.292479	-0.439124	0.286546	0.851505	-3.43005	4.81647	92.8864	
0.886053	0.0878308	0.455187	0.0616465	0.950845	-0.30347	-0.459467	0.296951	0.837085	-3.91568	5.13181	93.7989	
0.874936	0.0949831	0.474831	0.067758	0.946913	-0.314269	-0.479474	0.307139	0.822053	-4.42312	5.45828	94.6956	
0.86335	0.102374	0.494112	0.0741277	0.94285	-0.324868	-0.499131	0.317103	0.806421	-4.95199	5.79565	95.5757	
0.851302	0.109998	0.513015	0.0807509	0.938658	-0.335261	-0.518424	0.326835	0.7902	-5.50192	6.14366	96.4386	
0.838802	0.11785	0.531528	0.0876228	0.934342	-0.345438	-0.537338	0.336328	0.773402	-6.07249	6.50205	97.2836	
0.825859	0.125923	0.549636	0.0947383	0.929903	-0.355393	-0.555861	0.345576	0.75604	-6.6633	6.87058	98.1102	
0.812482	0.134213	0.567327	0.102092	0.925346	-0.365119	-0.573977	0.354572	0.738125	-7.2739	7.24897	98.9177	
0.798681	0.142712	0.584586	0.10968	0.920674	-0.374607	-0.591674	0.363309	0.719672	-7.90386	7.63694	99.7055	
0.784466	0.151415	0.601403	0.117494	0.915889	-0.383852	-0.60894	0.371781	0.700694	-8.55272	8.0342	100.473	
0.769848	0.160316	0.617764	0.125531	0.910996	-0.392847	-0.62576	0.379981	0.681204	-9.22	8.44048	101.22	
0.754837	0.169408	0.633658	0.133783	0.905998	-0.401585	-0.642124	0.387904	0.661216	-9.90521	8.85548	101.945	
0.739443	0.178683	0.649073	0.142246	0.900898	-0.410059	-0.65802	0.395544	0.640746	-10.6079	9.27888	102.649	
