1	0	0	0	1	0	0	0	1	0	0	0	
1	1.95806e-07	0.000513946	1.95806e-07	1	-0.000761971	-0.000513946	0.000761971	1	-0.000259569	0.000384834	1.0101	
0.999999	7.84872e-07	0.0010289	7.8509e-07	0.999999	-0.00152586	-0.0010289	0.00152586	0.999998	-0.00103878	0.00154031	2.0202	
0.999999	1.76967e-06	0.00154484	1.77054e-06	0.999997	-0.00229164	-0.00154484	0.00229164	0.999996	-0.00233865	0.00346833	3.0303	
0.999998	3.15259e-06	0.00206173	3.15479e-06	0.999995	-0.00305926	-0.00206173	0.00305926	0.999993	-0.00416015	0.00617081	4.04039	
0.999997	4.93595e-06	0.00257955	4.94036e-06	0.999993	-0.00382868	-0.00257955	0.00382868	0.999989	-0.00650423	0.00964956	5.05049	
0.999995	7.12201e-06	0.00309827	7.12974e-06	0.999989	-0.00459988	-0.00309827	0.00459988	0.999985	-0.00937181	0.0139064	6.06058	
0.999993	9.71293e-06	0.00361786	9.72532e-06	0.999986	-0.0053728	-0.00361786	0.0053728	0.999979	-0.0127638	0.0189431	7.07066	
0.999991	1.27108e-05	0.0041383	1.27294e-05	0.999981	-0.00614742	-0.0041383	0.00614742	0.999973	-0.016681	0.0247614	8.08073	
0.999989	1.61177e-05	0.00465956	1.61443e-05	0.999976	-0.0069237	-0.00465956	0.0069237	0.999965	-0.0211244	0.031363	9.0908	
0.999987	1.99354e-05	0.00518162	1.99721e-05	0.99997	-0.00770159	-0.00518162	0.00770159	0.999957	-0.0260947	0.0387495	10.1009	
0.999984	2.41659e-05	0.00570444	2.4215e-05	0.999964	-0.00848105	-0.00570444	0.00848105	0.999948	-0.0315927	0.0469226	11.1109	
0.999981	2.8811e-05	0.006228	2.88749e-05	0.999957	-0.00926206	-0.006228	0.00926206	0.999938	-0.0376192	0.0558837	12.121	
0.999977	3.38723e-05	0.00675228	3.39539e-05	0.99995	-0.0100446	-0.00675228	0.0100446	0.999927	-0.0441749	0.0656345	13.131	
0.999974	3.93516e-05	0.00727724	3.94536e-05	0.999941	-0.0108285	-0.00727724	0.0108285	0.999915	-0.0512605	0.0761765	14.141	
0.99997	4.52502e-05	0.00780286	4.53761e-05	0.999933	-0.0116139	-0.00780286	0.0116139	0.999902	-0.0588767	0.0875111	15.151	
0.999965	5.15697e-05	0.00832911	5.17229e-05	0.999923	-0.0124007	-0.00832911	0.0124007	0.999888	-0.0670242	0.0996397	16.161	
0.999961	5.83115e-05	0.00885597	5.84956e-05	0.999913	-0.0131888	-0.00885596	0.0131888	0.999874	-0.0757035	0.112564	17.171	
0.999956	6.54769e-05	0.0093834	6.56959e-05	0.999902	-0.0139783	-0.0093834	0.0139783	0.999858	-0.0849153	0.126284	18.181	
0.999951	7.30671e-05	0.00991139	7.33252e-05	0.999891	-0.0147689	-0.00991138	0.0147689	0.999842	-0.0946602	0.140803	19.1909	
0.999945	8.10832e-05	0.0104399	8.13848e-05	0.999879	-0.0155609	-0.0104399	0.0155609	0.999824	-0.104939	0.156121	20.2008	
0.99994	8.95264e-05	0.0109689	8.98761e-05	0.999866	-0.016354	-0.0109689	0.016354	0.999806	-0.115751	0.17224	21.2108	
0.999934	9.83975e-05	0.0114984	9.88004e-05	0.999853	-0.0171482	-0.0114984	0.0171482	0.999787	-0.127098	0.18916	22.2207	
0.999928	0.000107697	0.0120283	0.000108159	0.999839	-0.0179436	-0.0120283	0.0179436	0.999767	-0.13898	0.206883	23.2305	
0.999921	0.000117427	0.0125586	0.000117952	0.999824	-0.01874	-0.0125586	0.01874	0.999746	-0.151398	0.225411	24.2404	
0.999914	0.000127587	0.0130894	0.000128181	0.999809	-0.0195375	-0.0130893	0.0195375	0.999723	-0.164352	0.244743	25.2502	
0.999907	0.000138178	0.0136204	0.000138848	0.999793	-0.020336	-0.0136204	0.020336	0.9997	-0.177841	0.264881	26.26	
0.9999	0.000149201	0.0141519	0.000149952	0.999777	-0.0211354	-0.0141518	0.0211354	0.999676	-0.191868	0.285826	27.2698	
0.999892	0.000160656	0.0146836	0.000161495	0.999759	-0.0219357	-0.0146836	0.0219357	0.999652	-0.206431	0.307579	28.2796	
0.999884	0.000172543	0.0152156	0.000173477	0.999741	-0.0227369	-0.0152156	0.0227369	0.999626	-0.221532	0.330141	29.2893	
0.999876	0.000184864	0.0157479	0.000185898	0.999723	-0.0235389	-0.0157478	0.0235389	0.999599	-0.23717	0.353512	30.299	
0.999867	0.000197617	0.0162803	0.00019876	0.999704	-0.0243417	-0.0162803	0.0243417	0.999571	-0.253346	0.377695	31.3087	
0.999859	0.000210803	0.016813	0.000212062	0.999684	-0.0251453	-0.016813	0.0251453	0.999542	-0.270059	0.402688	32.3184	
0.99985	0.000224423	0.0173459	0.000225805	0.999663	-0.0259496	-0.0173459	0.0259496	0.999513	-0.287311	0.428494	33.328	
0.99984	0.000238476	0.0178789	0.00023999	0.999642	-0.0267545	-0.0178789	0.0267546	0.999482	-0.305102	0.455112	34.3376	
0.99983	0.000252962	0.018412	0.000254615	0.99962	-0.0275601	-0.018412	0.0275601	0.999451	-0.32343	0.482544	35.3471	
0.99982	0.000267881	0.0189453	0.000269682	0.999598	-0.0283663	-0.0189452	0.0283663	0.999418	-0.342298	0.510789	36.3567	
0.99981	0.000283233	0.0194785	0.00028519	0.999574	-0.029173	-0.0194785	0.0291731	0.999385	-0.361704	0.53985	37.3662	
0.9998	0.000299017	0.0200119	0.000301139	0.99955	-0.0299803	-0.0200118	0.0299803	0.99935	-0.381648	0.569725	38.3756	
0.999789	0.000315233	0.0205452	0.000317529	0.999526	-0.030788	-0.0205452	0.030788	0.999315	-0.402132	0.600416	39.3851	
0.999778	0.00033188	0.0210785	0.00033436	0.999501	-0.0315961	-0.0210785	0.0315962	0.999278	-0.423154	0.631923	40.3944	
0.999766	0.000348957	0.0216118	0.000351631	0.999475	-0.0324047	-0.0216118	0.0324047	0.999241	-0.444714	0.664247	41.4038	
0.999755	0.000366465	0.022145	0.000369342	0.999448	-0.0332136	-0.022145	0.0332136	0.999203	-0.466814	0.697387	42.4131	
0.999743	0.000384402	0.0226781	0.000387493	0.999421	-0.0340228	-0.0226781	0.0340228	0.999164	-0.489452	0.731345	43.4224	
0.999731	0.000402768	0.0232111	0.000406081	0.999393	-0.0348322	-0.0232111	0.0348323	0.999124	-0.512628	0.766121	44.4316	
0.999718	0.000421561	0.023744	0.000425108	0.999365	-0.0356419	-0.0237439	0.035642	0.999083	-0.536343	0.801714	45.4408	
0.999705	0.00044078	0.0242766	0.000444572	0.999335	-0.0364518	-0.0242766	0.0364519	0.99904	-0.560595	0.838125	46.45	
0.999692	0.000460424	0.0248091	0.000464472	0.999305	-0.0372619	-0.024809	0.0372619	0.998998	-0.585386	0.875354	47.4591	
0.999679	0.000480493	0.0253413	0.000484807	0.999275	-0.038072	-0.0253413	0.0380721	0.998954	-0.610714	0.913401	48.4682	
0.999665	0.000500984	0.0258733	0.000505577	0.999244	-0.0388822	-0.0258732	0.0388823	0.998909	-0.63658	0.952267	49.4772	
0.999651	0.000521896	0.026405	0.00052678	0.999212	-0.0396925	-0.0264049	0.0396925	0.998863	-0.662983	0.991951	50.4861	
0.999637	0.000543229	0.0269364	0.000548414	0.999179	-0.0405027	-0.0269363	0.0405028	0.998816	-0.689924	1.03245	51.4951	
0.999623	0.00056498	0.0274675	0.000570479	0.999146	-0.0413129	-0.0274674	0.0413129	0.998769	-0.7174	1.07378	52.504	
0.999608	0.000587147	0.0279982	0.000592973	0.999112	-0.042123	-0.0279981	0.042123	0.99872	-0.745413	1.11591	53.5128	
0.999593	0.00060973	0.0285285	0.000615895	0.999078	-0.0429329	-0.0285284	0.042933	0.998671	-0.773962	1.15887	54.5216	
0.999578	0.000632726	0.0290584	0.000639243	0.999043	-0.0437427	-0.0290583	0.0437428	0.99862	-0.803046	1.20265	55.5303	
0.999562	0.000656134	0.0295879	0.000663015	0.999007	-0.0445522	-0.0295877	0.0445523	0.998569	-0.832665	1.24724	56.539	
0.999546	0.000679951	0.0301169	0.00068721	0.99897	-0.0453616	-0.0301167	0.0453617	0.998517	-0.862819	1.29265	57.5476	
0.99953	0.000704175	0.0306454	0.000711826	0.998933	-0.0461706	-0.0306452	0.0461707	0.998463	-0.893507	1.33888	58.5562	
0.999514	0.000728805	0.0311734	0.00073686	0.998896	-0.0469792	-0.0311732	0.0469794	0.998409	-0.924728	1.38593	59.5647	
0.999497	0.000753837	0.0317008	0.000762312	0.998857	-0.0477875	-0.0317006	0.0477877	0.998354	-0.956483	1.43379	60.5732	
0.99948	0.000779271	0.0322277	0.000788178	0.998818	-0.0485954	-0.0322275	0.0485956	0.998298	-0.98877	1.48247	61.5816	
0.999463	0.000805103	0.032754	0.000814458	0.998779	-0.0494029	-0.0327538	0.049403	0.998242	-1.02159	1.53196	62.5899	
0.999446	0.000831331	0.0332796	0.000841147	0.998738	-0.0502098	-0.0332794	0.0502099	0.998184	-1.05494	1.58227	63.5982	
0.999428	0.000857953	0.0338047	0.000868245	0.998697	-0.0510162	-0.0338044	0.0510163	0.998126	-1.08882	1.6334	64.6065	
0.999481	0.000773202	0.0322069	0.000995371	0.998494	-0.0548607	-0.0322008	0.0548642	0.997974	-1.12216	1.68687	65.6146	
0.999531	0.000682275	0.0306091	0.00111631	0.998275	-0.0587041	-0.0305963	0.0587108	0.997806	-1.15387	1.74423	66.6226	
0.999579	0.000585163	0.0290111	0.00123104	0.998041	-0.0625464	-0.0289909	0.0625558	0.99762	-1.18397	1.80548	67.6304	
0.999624	0.000481857	0.0274129	0.00133958	0.997793	-0.0663872	-0.0273844	0.066399	0.997417	-1.21244	1.87061	68.638	
0.999667	0.000372346	0.0258143	0.0014419	0.99753	-0.0702263	-0.0257767	0.0702402	0.997197	-1.23929	1.93962	69.6454	
0.999707	0.000256615	0.0242152	0.001538	0.997252	-0.0740636	-0.0241676	0.0740791	0.996959	-1.26451	2.0125	70.6525	
0.999744	0.000134652	0.0226154	0.00162788	0.99696	-0.0778987	-0.0225571	0.0779156	0.996705	-1.28811	2.08927	71.6594	
0.999966	-0.00114021	0.00822477	0.00194507	0.995133	-0.0985252	-0.0080724	0.0985378	0.995101	-1.30358	2.17839	72.6654	
0.999977	-0.0027126	-0.0061381	0.00196221	0.992879	-0.119112	0.00641749	0.119097	0.992862	-1.30442	2.28831	73.6695	
0.99978	-0.00458153	-0.0204641	0.00167929	0.9902	-0.139646	0.0209033	0.139581	0.98999	-1.29062	2.41897	74.671	
0.999373	-0.0067458	-0.0347439	0.00109648	0.987098	-0.160113	0.0353758	0.159975	0.986487	-1.26219	2.57027	75.6693	
0.998758	-0.00920402	-0.0489687	0.00021416	0.983575	-0.180502	0.0498257	0.180267	0.982355	-1.21916	2.74211	76.6637	
0.997934	-0.0119546	-0.0631292	-0.000967106	0.979632	-0.200799	0.0642438	0.200445	0.977596	-1.16154	2.9344	77.6536	
0.996902	-0.0149959	-0.0772164	-0.00244657	0.975273	-0.22099	0.078621	0.220494	0.972214	-1.08939	3.14701	78.6384	
0.995662	-0.0183258	-0.0912214	-0.00422328	0.9705	-0.241064	0.0929481	0.240403	0.966213	-1.00273	3.3798	79.6175	
0.994216	-0.0219424	-0.105135	-0.00629611	0.965316	-0.261007	0.107216	0.260159	0.959595	-0.901633	3.63262	80.5902	
0.992564	-0.0258432	-0.118949	-0.00866374	0.959725	-0.280807	0.121415	0.279749	0.952365	-0.786156	3.90532	81.5558	
0.990708	-0.0300257	-0.132654	-0.0113247	0.95373	-0.30045	0.135537	0.299161	0.944528	-0.656375	4.19771	82.5139	
0.988648	-0.0344874	-0.146241	-0.0142772	0.947335	-0.319925	0.149573	0.318381	0.936088	-0.512373	4.50962	83.4638	
0.986386	-0.0392254	-0.159702	-0.0175194	0.940544	-0.339219	0.163513	0.337399	0.927052	-0.35424	4.84084	84.4048	
0.983923	-0.0442366	-0.173028	-0.0210492	0.933361	-0.35832	0.177349	0.356202	0.917425	-0.182079	5.19116	85.3364	
0.981261	-0.0495179	-0.186211	-0.0248645	0.925792	-0.377215	0.191072	0.374777	0.907212	0.00400227	5.56036	86.258	
0.978402	-0.0550658	-0.199242	-0.0289627	0.91784	-0.395893	0.204673	0.393113	0.896421	0.203884	5.9482	87.169	
0.975347	-0.0608769	-0.212113	-0.0333412	0.90951	-0.414342	0.218143	0.411199	0.885059	0.417439	6.35444	88.0688	
0.972099	-0.0669474	-0.224816	-0.0379973	0.900809	-0.432549	0.231475	0.429023	0.873132	0.64453	6.77882	88.9568	
0.968659	-0.0732735	-0.237343	-0.042928	0.891742	-0.450503	0.244658	0.446573	0.860648	0.885014	7.22106	89.8325	
0.965029	-0.0798512	-0.249685	-0.0481301	0.882314	-0.468194	0.257686	0.463838	0.847616	1.13874	7.68089	90.6953	
0.961213	-0.0866762	-0.261835	-0.0536003	0.872532	-0.485608	0.27055	0.480807	0.834043	1.40554	8.15801	91.5446	
0.957212	-0.0937442	-0.273784	-0.0593352	0.862401	-0.502736	0.283241	0.49747	0.819938	1.68524	8.65212	92.38	
0.953028	-0.101051	-0.285527	-0.0653311	0.851928	-0.519567	0.295751	0.513816	0.80531	1.97768	9.16289	93.2009	
0.948666	-0.108591	-0.297054	-0.0715841	0.841121	-0.536089	0.308073	0.529834	0.790169	2.28266	9.69002	94.0067	
0.944127	-0.11636	-0.308359	-0.0780902	0.829985	-0.552293	0.320198	0.545514	0.774524	2.59998	10.2332	94.797	
0.939414	-0.124354	-0.319434	-0.0848454	0.818528	-0.568167	0.332119	0.560846	0.758385	2.92945	10.792	95.5713	
0.93453	-0.132566	-0.330272	-0.0918453	0.806757	-0.583702	0.343828	0.575821	0.741763	3.27086	11.3661	96.329	
0.929479	-0.140992	-0.340867	-0.0990854	0.794679	-0.598888	0.355319	0.590429	0.724667	3.62398	11.9551	97.0696	
