1	0	0	0	1	0	0	0	1	0	0	0	
0.999998	3.75683e-06	-0.00204352	3.75683e-06	0.999993	0.00367681	0.00204352	-0.00367681	0.999991	0.000757548	-0.00136302	0.741412	
0.999992	1.50405e-05	-0.00408967	1.50277e-05	0.999973	0.00735211	0.00408967	-0.00735211	0.999965	0.00303117	-0.00545152	1.48281	
0.999981	3.38674e-05	-0.00613842	3.38164e-05	0.999939	0.0110258	0.00613842	-0.0110258	0.99992	0.0068228	-0.0122644	2.22418	
0.999966	6.02539e-05	-0.00818972	6.01265e-05	0.999892	0.0146979	0.00818972	-0.0146979	0.999858	0.0121343	-0.0218004	2.96552	
0.999948	9.42161e-05	-0.0102435	9.39612e-05	0.999831	0.0183683	0.0102435	-0.0183683	0.999779	0.0189677	-0.0340583	3.7068	
0.999924	0.00013577	-0.0122998	0.000135324	0.999757	0.0220369	0.0122998	-0.0220369	0.999681	0.0273247	-0.0490368	4.44801	
0.999897	0.000184931	-0.0143586	0.000184217	0.99967	0.0257037	0.0143586	-0.0257037	0.999566	0.0372072	-0.0667346	5.18915	
0.999865	0.000241715	-0.0164197	0.000240645	0.999569	0.0293686	0.0164197	-0.0293686	0.999434	0.0486169	-0.0871503	5.93019	
0.999829	0.000306138	-0.0184832	0.000304609	0.999454	0.0330314	0.0184832	-0.0330314	0.999283	0.0615557	-0.110282	6.67113	
0.999789	0.000378215	-0.0205491	0.000376112	0.999327	0.0366923	0.0205491	-0.0366923	0.999115	0.0760253	-0.13613	7.41195	
0.999744	0.00045796	-0.0226172	0.000455156	0.999185	0.040351	0.0226172	-0.040351	0.99893	0.0920274	-0.16469	8.15265	
0.999695	0.000545389	-0.0246875	0.000541744	0.999031	0.0440076	0.0246876	-0.0440076	0.998726	0.109564	-0.195962	8.89319	
0.999642	0.000640517	-0.0267601	0.000635878	0.998863	0.0476619	0.0267602	-0.0476619	0.998505	0.128636	-0.229945	9.63358	
0.999584	0.000743358	-0.0288349	0.00073756	0.998682	0.0513139	0.028835	-0.0513139	0.998266	0.149245	-0.266636	10.3738	
0.999522	0.000853926	-0.0309118	0.000846791	0.998488	0.0549636	0.0309119	-0.0549635	0.99801	0.171394	-0.306034	11.1138	
0.999455	0.000972237	-0.0329907	0.000963572	0.99828	0.0586108	0.032991	-0.0586106	0.997736	0.195083	-0.348137	11.8537	
0.999384	0.0010983	-0.0350717	0.00108791	0.99806	0.0622555	0.0350721	-0.0622553	0.997444	0.220315	-0.392943	12.5933	
0.999309	0.00123214	-0.0371548	0.00121979	0.997826	0.0658976	0.0371552	-0.0658974	0.997134	0.24709	-0.44045	13.3327	
0.999229	0.00137376	-0.0392398	0.00135924	0.997578	0.0695371	0.0392403	-0.0695368	0.996807	0.27541	-0.490656	14.0719	
0.999145	0.00152318	-0.0413267	0.00150624	0.997318	0.0731739	0.0413274	-0.0731735	0.996463	0.305277	-0.54356	14.8108	
0.999056	0.0016804	-0.0434156	0.00166079	0.997045	0.0768079	0.0434163	-0.0768075	0.9961	0.336693	-0.599159	15.5495	
0.998962	0.00184545	-0.0455063	0.0018229	0.996758	0.0804391	0.0455072	-0.0804386	0.99572	0.369657	-0.657451	16.2878	
0.998864	0.00201834	-0.0475987	0.00199257	0.996458	0.0840674	0.0475998	-0.0840667	0.995323	0.404173	-0.718435	17.0259	
0.998762	0.00219908	-0.049693	0.0021698	0.996145	0.0876927	0.0496943	-0.0876919	0.994907	0.44024	-0.782107	17.7637	
0.998655	0.00238768	-0.051789	0.00235458	0.995819	0.0913149	0.0517905	-0.0913141	0.994474	0.477862	-0.848466	18.5012	
0.998544	0.00258415	-0.0538867	0.00254692	0.99548	0.0949341	0.0538885	-0.0949331	0.994024	0.517038	-0.917509	19.2384	
0.998428	0.00278851	-0.055986	0.00274682	0.995128	0.0985501	0.0559881	-0.098549	0.993556	0.55777	-0.989235	19.9752	
0.998307	0.00300078	-0.058087	0.00295428	0.994763	0.102163	0.0580894	-0.102162	0.99307	0.600059	-1.06364	20.7116	
0.998182	0.00322095	-0.0601895	0.00316929	0.994385	0.105772	0.0601923	-0.105771	0.992567	0.643907	-1.14072	21.4477	
0.998052	0.00344904	-0.0622936	0.00339186	0.993994	0.109379	0.0622967	-0.109377	0.992046	0.689315	-1.22048	22.1834	
0.997917	0.00368507	-0.0643991	0.00362199	0.993591	0.112981	0.0644027	-0.112979	0.991508	0.736283	-1.30291	22.9187	
0.997778	0.00392905	-0.0665061	0.00385966	0.993174	0.116581	0.0665101	-0.116578	0.990952	0.784813	-1.38801	23.6537	
0.997634	0.00418098	-0.0686144	0.00410489	0.992744	0.120176	0.068619	-0.120174	0.990379	0.834907	-1.47577	24.3882	
0.997486	0.00444088	-0.0707242	0.00435768	0.992302	0.123768	0.0707293	-0.123765	0.989788	0.886564	-1.5662	25.1222	
0.997333	0.00470876	-0.0728352	0.00461801	0.991846	0.127357	0.072841	-0.127353	0.989179	0.939787	-1.65929	25.8558	
0.997175	0.00498463	-0.0749475	0.00488589	0.991378	0.130941	0.074954	-0.130938	0.988553	0.994576	-1.75504	26.589	
0.997012	0.0052685	-0.0770611	0.00516131	0.990897	0.134522	0.0770684	-0.134518	0.98791	1.05093	-1.85345	27.3217	
0.996845	0.00556038	-0.0791759	0.00544429	0.990403	0.138099	0.0791839	-0.138095	0.987249	1.10886	-1.95451	28.0539	
0.996673	0.00586028	-0.0812918	0.0057348	0.989897	0.141672	0.0813007	-0.141667	0.98657	1.16835	-2.05822	28.7856	
0.996496	0.00616821	-0.0834088	0.00603285	0.989378	0.145241	0.0834187	-0.145236	0.985874	1.22941	-2.16458	29.5168	
0.996315	0.00648418	-0.0855269	0.00633844	0.988846	0.148806	0.0855378	-0.1488	0.985161	1.29204	-2.27358	30.2475	
0.996128	0.0068082	-0.087646	0.00665157	0.988302	0.152367	0.087658	-0.15236	0.98443	1.35625	-2.38522	30.9776	
0.995937	0.00714029	-0.0897661	0.00697223	0.987744	0.155924	0.0897793	-0.155916	0.983682	1.42203	-2.4995	31.7072	
0.995741	0.00748043	-0.0918871	0.00730041	0.987175	0.159476	0.0919016	-0.159468	0.982916	1.48938	-2.61642	32.4362	
0.995541	0.00782866	-0.094009	0.00763612	0.986592	0.163025	0.0940248	-0.163015	0.982133	1.5583	-2.73596	33.1647	
0.995335	0.00818498	-0.0961318	0.00797936	0.985998	0.166568	0.0961491	-0.166558	0.981333	1.6288	-2.85814	33.8926	
0.995125	0.00854938	-0.0982553	0.00833011	0.98539	0.170108	0.0982742	-0.170097	0.980515	1.70087	-2.98294	34.6198	
0.994909	0.0089219	-0.10038	0.00868838	0.98477	0.173642	0.1004	-0.173631	0.97968	1.77452	-3.11036	35.3465	
0.994689	0.00930252	-0.102505	0.00905417	0.984138	0.177173	0.102527	-0.17716	0.978827	1.84975	-3.2404	36.0725	
0.994464	0.00969126	-0.104631	0.00942745	0.983493	0.180698	0.104655	-0.180684	0.977957	1.92656	-3.37306	36.7979	
0.994234	0.0100881	-0.106757	0.00980825	0.982836	0.184219	0.106783	-0.184204	0.97707	2.00494	-3.50833	37.5227	
0.993849	0.010744	-0.110223	0.00994333	0.982606	0.185435	0.110298	-0.18539	0.976455	2.08541	-3.64534	38.2469	
0.99345	0.0114062	-0.113699	0.0100833	0.982374	0.186654	0.113824	-0.186578	0.975824	2.16849	-3.78323	38.9706	
0.993037	0.0120749	-0.117184	0.0102281	0.98214	0.187876	0.11736	-0.187766	0.975177	2.2542	-3.922	39.6938	
0.99261	0.0127501	-0.120678	0.0103778	0.981903	0.189101	0.120906	-0.188956	0.974514	2.34252	-4.06165	40.4166	
0.992169	0.0134316	-0.124181	0.0105324	0.981664	0.190329	0.12446	-0.190146	0.973835	2.43348	-4.20219	41.1389	
0.991713	0.0141194	-0.127692	0.010692	0.981423	0.19156	0.128024	-0.191338	0.973139	2.52708	-4.34361	41.8606	
0.991244	0.0148136	-0.13121	0.0108567	0.981179	0.192794	0.131596	-0.19253	0.972427	2.62332	-4.48591	42.5819	
0.99076	0.0155141	-0.134736	0.0110264	0.980934	0.19403	0.135177	-0.193723	0.971699	2.72222	-4.6291	43.3026	
0.990262	0.0162209	-0.138269	0.0112011	0.980686	0.195269	0.138766	-0.194916	0.970954	2.82377	-4.77317	44.0227	
0.989749	0.0169339	-0.141808	0.0113809	0.980436	0.196511	0.142362	-0.19611	0.970193	2.92799	-4.91813	44.7423	
0.989222	0.0176532	-0.145354	0.0115658	0.980183	0.197755	0.145965	-0.197305	0.969415	3.03487	-5.06397	45.4613	
0.98868	0.0183786	-0.148907	0.0117559	0.979929	0.199001	0.149575	-0.198499	0.96862	3.14443	-5.2107	46.1798	
0.988124	0.0191102	-0.152464	0.0119511	0.979672	0.20025	0.153192	-0.199694	0.967809	3.25667	-5.35831	46.8976	
0.987553	0.0198479	-0.156027	0.0121515	0.979413	0.2015	0.156815	-0.200888	0.966981	3.37159	-5.50681	47.6149	
0.986968	0.0205917	-0.159595	0.0123571	0.979152	0.202753	0.160443	-0.202083	0.966137	3.4892	-5.65619	48.3315	
0.986367	0.0213416	-0.163168	0.0125679	0.978889	0.204008	0.164077	-0.203277	0.965276	3.6095	-5.80646	49.0475	
0.985752	0.0220974	-0.166745	0.012784	0.978623	0.205264	0.167717	-0.204471	0.964398	3.7325	-5.95762	49.7628	
0.985123	0.0228592	-0.170326	0.0130053	0.978355	0.206522	0.171361	-0.205665	0.963503	3.8582	-6.10966	50.4775	
0.984478	0.023627	-0.173911	0.0132318	0.978086	0.207782	0.175009	-0.206858	0.962591	3.9866	-6.26258	51.1915	
0.983818	0.0244006	-0.177499	0.0134636	0.977814	0.209043	0.178662	-0.208051	0.961663	4.11771	-6.41639	51.9049	
0.983144	0.02518	-0.18109	0.0137007	0.97754	0.210306	0.182318	-0.209242	0.960717	4.25153	-6.57109	52.6175	
0.982455	0.0259653	-0.184683	0.013943	0.977263	0.21157	0.185977	-0.210433	0.959755	4.38806	-6.72666	53.3295	
0.981751	0.0267563	-0.188279	0.0141907	0.976985	0.212835	0.18964	-0.211622	0.958777	4.5273	-6.88312	54.0407	
0.981032	0.027553	-0.191876	0.0144436	0.976705	0.2141	0.193306	-0.212811	0.957781	4.66926	-7.04046	54.7512	
0.980299	0.0283554	-0.195476	0.0147018	0.976422	0.215367	0.196974	-0.213998	0.956769	4.81394	-7.19868	55.4609	
0.97955	0.0291634	-0.199076	0.0149653	0.976138	0.216635	0.200643	-0.215184	0.95574	4.96134	-7.35779	56.1699	
0.978787	0.0299769	-0.202677	0.0152341	0.975852	0.217903	0.204315	-0.216368	0.954694	5.11146	-7.51776	56.8781	
0.978008	0.0307959	-0.206279	0.0155082	0.975563	0.219171	0.207988	-0.21755	0.953631	5.26431	-7.67862	57.5855	
0.977215	0.0316203	-0.209881	0.0157876	0.975273	0.22044	0.211662	-0.218731	0.952552	5.41987	-7.84035	58.2921	
0.976408	0.0324502	-0.213484	0.0160722	0.97498	0.221709	0.215337	-0.21991	0.951457	5.57817	-8.00296	58.998	
0.975585	0.0332854	-0.217085	0.0163621	0.974686	0.222979	0.219012	-0.221087	0.950344	5.73918	-8.16644	59.703	
0.974748	0.0341258	-0.220686	0.0166573	0.97439	0.224248	0.222687	-0.222261	0.949216	5.90292	-8.33079	60.4072	
0.973896	0.0349715	-0.224286	0.0169576	0.974092	0.225517	0.226362	-0.223434	0.948071	6.06939	-8.49602	61.1105	
0.973029	0.0358223	-0.227885	0.0172633	0.973792	0.226786	0.230036	-0.224604	0.946909	6.23858	-8.66211	61.813	
0.972148	0.0366782	-0.231482	0.0175741	0.97349	0.228055	0.233709	-0.225771	0.945731	6.41049	-8.82907	62.5146	
0.971252	0.0375391	-0.235076	0.0178901	0.973186	0.229323	0.237382	-0.226936	0.944537	6.58513	-8.99689	63.2153	
0.970341	0.038405	-0.238669	0.0182113	0.972881	0.23059	0.241052	-0.228098	0.943327	6.76249	-9.16557	63.9152	
0.969416	0.0392758	-0.242259	0.0185376	0.972573	0.231857	0.244721	-0.229257	0.9421	6.94257	-9.33512	64.6141	
0.968477	0.0401514	-0.245845	0.0188691	0.972264	0.233122	0.248387	-0.230413	0.940858	7.12537	-9.50552	65.3122	
0.967523	0.0410318	-0.249429	0.0192057	0.971954	0.234387	0.252051	-0.231566	0.9396	7.31088	-9.67678	66.0093	
0.966556	0.0419169	-0.253009	0.0195473	0.971641	0.235651	0.255711	-0.232715	0.938326	7.49911	-9.84889	66.7054	
0.965573	0.0428065	-0.256585	0.019894	0.971327	0.236913	0.259369	-0.233861	0.937036	7.69006	-10.0219	67.4006	
0.964577	0.0437007	-0.260156	0.0202457	0.971012	0.238174	0.263023	-0.235004	0.935731	7.88371	-10.1957	68.0949	
0.963567	0.0445994	-0.263724	0.0206024	0.970694	0.239433	0.266674	-0.236143	0.93441	8.08008	-10.3703	68.7882	
0.962542	0.0455025	-0.267286	0.020964	0.970375	0.240691	0.27032	-0.237278	0.933073	8.27914	-10.5458	69.4804	
0.961504	0.0464099	-0.270843	0.0213306	0.970055	0.241947	0.273961	-0.23841	0.931722	8.48091	-10.7222	70.1717	
0.9585	0.0488929	-0.280869	0.017115	0.973539	0.227878	0.284579	-0.223228	0.932301	8.68797	-10.8933	70.8628	
0.955382	0.0512121	-0.290899	0.0127398	0.976794	0.213803	0.295098	-0.207969	0.932559	8.90287	-11.0532	71.5541	
