1	0	0	0	1	0	0	0	1	0	0	0	
0.999995	1.29077e-06	0.00319179	1.29077e-06	1	-0.000808804	-0.00319179	0.000808804	0.999995	-0.0011945	0.000302689	0.748483	
0.99998	5.1704e-06	0.00638603	5.17701e-06	0.999999	-0.0016203	-0.00638603	0.0016203	0.999978	-0.00477893	0.00121176	1.49696	
0.999954	1.16515e-05	0.00958267	1.16779e-05	0.999997	-0.00243448	-0.00958267	0.00243448	0.999951	-0.0107551	0.00272924	2.24542	
0.999918	2.07463e-05	0.0127816	2.08126e-05	0.999995	-0.00325132	-0.0127816	0.00325132	0.999913	-0.0191248	0.00485711	2.99385	
0.999872	3.24674e-05	0.0159828	3.25999e-05	0.999992	-0.00407081	-0.0159828	0.00407081	0.999864	-0.0298896	0.00759736	3.74225	
0.999816	4.68267e-05	0.0191861	4.70588e-05	0.999988	-0.00489292	-0.0191861	0.00489293	0.999804	-0.0430514	0.010952	4.49062	
0.999749	6.38363e-05	0.0223915	6.4208e-05	0.999984	-0.00571766	-0.0223915	0.00571766	0.999733	-0.0586115	0.0149229	5.23893	
0.999672	8.3508e-05	0.0255989	8.40662e-05	0.999979	-0.00654499	-0.0255989	0.006545	0.999651	-0.0765716	0.0195121	5.98718	
0.999585	0.000105854	0.0288083	0.000106652	0.999973	-0.00737491	-0.0288083	0.00737492	0.999558	-0.0969331	0.0247215	6.73537	
0.999487	0.000130885	0.0320195	0.000131983	0.999966	-0.00820739	-0.0320195	0.0082074	0.999454	-0.119697	0.0305531	7.48349	
0.999379	0.000158613	0.0352325	0.000160079	0.999959	-0.00904241	-0.0352325	0.00904244	0.999338	-0.144866	0.0370087	8.23152	
0.999261	0.00018905	0.0384471	0.000190957	0.999951	-0.00987997	-0.0384471	0.00988001	0.999212	-0.17244	0.0440903	8.97946	
0.999132	0.000222207	0.0416634	0.000224635	0.999943	-0.0107201	-0.0416634	0.0107201	0.999074	-0.202421	0.0517998	9.72731	
0.998992	0.000258094	0.0448813	0.000261132	0.999933	-0.0115626	-0.0448812	0.0115627	0.998925	-0.23481	0.060139	10.475	
0.998842	0.000296723	0.0481006	0.000300464	0.999923	-0.0124077	-0.0481005	0.0124078	0.998765	-0.269607	0.0691097	11.2227	
0.998682	0.000338104	0.0513213	0.000342651	0.999912	-0.0132552	-0.0513212	0.0132553	0.998594	-0.306815	0.0787139	11.9702	
0.998511	0.000382248	0.0545433	0.000387709	0.9999	-0.0141052	-0.0545433	0.0141053	0.998412	-0.346434	0.0889535	12.7175	
0.99833	0.000429166	0.0577666	0.000435655	0.999888	-0.0149575	-0.0577665	0.0149577	0.998218	-0.388465	0.0998301	13.4648	
0.998138	0.000478868	0.060991	0.000486508	0.999875	-0.0158123	-0.0609909	0.0158126	0.998013	-0.432909	0.111346	14.2118	
0.997936	0.000531364	0.0642165	0.000540284	0.999861	-0.0166695	-0.0642164	0.0166698	0.997797	-0.479767	0.123502	14.9587	
0.997723	0.000586665	0.067443	0.000597001	0.999846	-0.0175291	-0.0674429	0.0175295	0.997569	-0.52904	0.136301	15.7055	
0.9975	0.00064478	0.0706705	0.000656674	0.999831	-0.018391	-0.0706704	0.0183914	0.99733	-0.580728	0.149744	16.4521	
0.997265	0.000705719	0.0738988	0.000719322	0.999814	-0.0192553	-0.0738987	0.0192558	0.99708	-0.634832	0.163833	17.1985	
0.997021	0.000769492	0.077128	0.00078496	0.999797	-0.0201219	-0.0771278	0.0201225	0.996818	-0.691352	0.17857	17.9447	
0.996766	0.000836109	0.0803578	0.000853605	0.999779	-0.0209907	-0.0803576	0.0209914	0.996545	-0.75029	0.193957	18.6907	
0.9965	0.000905578	0.0835883	0.000925275	0.999761	-0.0218619	-0.083588	0.0218627	0.996261	-0.811646	0.209995	19.4365	
0.996224	0.00097791	0.0868193	0.000999983	0.999741	-0.0227353	-0.086819	0.0227363	0.995965	-0.875419	0.226685	20.182	
0.995937	0.00105311	0.0900508	0.00107775	0.999721	-0.023611	-0.0900505	0.0236121	0.995657	-0.941611	0.244031	20.9274	
0.995639	0.0011312	0.0932827	0.00115859	0.999699	-0.0244889	-0.0932824	0.0244901	0.995338	-1.01022	0.262033	21.6725	
0.995331	0.00121217	0.096515	0.00124251	0.999677	-0.025369	-0.0965146	0.0253704	0.995008	-1.08125	0.280693	22.4174	
0.995012	0.00129604	0.0997475	0.00132954	0.999654	-0.0262512	-0.0997471	0.0262529	0.994666	-1.1547	0.300013	23.162	
0.994682	0.00138281	0.10298	0.00141968	0.999631	-0.0271357	-0.10298	0.0271376	0.994313	-1.23057	0.319994	23.9064	
0.994342	0.0014725	0.106213	0.00151297	0.999606	-0.0280223	-0.106212	0.0280244	0.993948	-1.30886	0.340637	24.6505	
0.993992	0.00156512	0.109446	0.0016094	0.999581	-0.028911	-0.109445	0.0289134	0.993572	-1.38957	0.361946	25.3943	
0.99363	0.00166066	0.112679	0.00170899	0.999554	-0.0298018	-0.112678	0.0298045	0.993184	-1.4727	0.383921	26.1378	
0.993258	0.00175914	0.115911	0.00181177	0.999527	-0.0306947	-0.115911	0.0306978	0.992785	-1.55824	0.406563	26.881	
0.992875	0.00186057	0.119144	0.00191774	0.999499	-0.0315897	-0.119143	0.0315931	0.992374	-1.64621	0.429875	27.624	
0.992482	0.00196496	0.122376	0.00202692	0.99947	-0.0324867	-0.122375	0.0324905	0.991952	-1.7366	0.453858	28.3666	
0.992078	0.0020723	0.125608	0.00213932	0.99944	-0.0333858	-0.125607	0.03339	0.991518	-1.8294	0.478513	29.1089	
0.991663	0.00218262	0.128839	0.00225496	0.999409	-0.0342868	-0.128838	0.0342915	0.991073	-1.92463	0.503843	29.8509	
0.991238	0.00229591	0.13207	0.00237385	0.999378	-0.0351898	-0.132069	0.035195	0.990616	-2.02227	0.529848	30.5925	
0.990802	0.00241219	0.135301	0.00249601	0.999345	-0.0360948	-0.135299	0.0361005	0.990147	-2.12233	0.556529	31.3338	
0.990355	0.00253145	0.138531	0.00262145	0.999312	-0.0370018	-0.138529	0.0370081	0.989667	-2.22481	0.58389	32.0747	
0.989898	0.00265372	0.14176	0.00275018	0.999277	-0.0379107	-0.141758	0.0379175	0.989175	-2.3297	0.61193	32.8153	
0.98943	0.00277898	0.144988	0.00288223	0.999242	-0.0388214	-0.144986	0.038829	0.988672	-2.43701	0.640652	33.5555	
0.988951	0.00290726	0.148215	0.00301759	0.999206	-0.0397341	-0.148213	0.0397423	0.988157	-2.54674	0.670057	34.2953	
0.988462	0.00303855	0.151442	0.00315628	0.999169	-0.0406486	-0.151439	0.0406575	0.98763	-2.65889	0.700146	35.0347	
0.987962	0.00317287	0.154667	0.00329833	0.99913	-0.0415649	-0.154665	0.0415747	0.987092	-2.77344	0.730921	35.7737	
0.987451	0.00331022	0.157892	0.00344373	0.999091	-0.0424831	-0.157889	0.0424937	0.986542	-2.89041	0.762383	36.5123	
0.98693	0.0034506	0.161115	0.00359251	0.999051	-0.043403	-0.161112	0.0434145	0.985981	-3.0098	0.794533	37.2505	
0.986398	0.00359402	0.164337	0.00374467	0.99901	-0.0443248	-0.164334	0.0443372	0.985408	-3.13159	0.827374	37.9883	
0.985855	0.00374048	0.167558	0.00390023	0.998968	-0.0452482	-0.167554	0.0452617	0.984823	-3.2558	0.860905	38.7257	
0.985552	0.00382477	0.169327	0.00445007	0.998815	-0.0484624	-0.169312	0.0485157	0.984368	-3.38187	0.896001	39.4626	
0.985245	0.00391533	0.171105	0.00500688	0.998651	-0.0516821	-0.171076	0.0517762	0.983896	-3.50926	0.933534	40.1992	
0.984933	0.00401224	0.17289	0.00557069	0.998476	-0.0549072	-0.172846	0.055043	0.98341	-3.63797	0.973511	40.9355	
0.984616	0.00411553	0.174681	0.00614149	0.99829	-0.0581374	-0.174622	0.0583158	0.982907	-3.76801	1.01593	41.6714	
0.984295	0.00422528	0.17648	0.00671931	0.998092	-0.0613724	-0.176403	0.0615944	0.982389	-3.89937	1.06081	42.4069	
0.983969	0.00434152	0.178285	0.00730414	0.997884	-0.064612	-0.178189	0.0648785	0.981855	-4.03208	1.10814	43.142	
0.983639	0.0044643	0.180097	0.00789599	0.997664	-0.067856	-0.179979	0.0681679	0.981306	-4.16612	1.15793	43.8767	
0.983304	0.00459368	0.181915	0.00849486	0.997433	-0.0711041	-0.181775	0.0714623	0.98074	-4.3015	1.21019	44.6109	
0.982964	0.00472969	0.183739	0.00910076	0.99719	-0.0743561	-0.183574	0.0747616	0.980159	-4.43823	1.26491	45.3448	
0.982619	0.00487237	0.185569	0.0097137	0.996936	-0.0776118	-0.185378	0.0780654	0.979561	-4.57631	1.32211	46.0782	
0.98227	0.00502177	0.187404	0.0103337	0.996671	-0.0808708	-0.187186	0.0813736	0.978948	-4.71574	1.38178	46.8112	
0.981916	0.00517792	0.189244	0.0109606	0.996394	-0.084133	-0.188998	0.0846858	0.978319	-4.85652	1.44392	47.5437	
0.981558	0.00534086	0.19109	0.0115947	0.996106	-0.0873982	-0.190812	0.088002	0.977674	-4.99866	1.50855	48.2757	
0.981195	0.00551062	0.19294	0.0122357	0.995806	-0.090666	-0.192631	0.0913218	0.977013	-5.14216	1.57566	49.0072	
0.980827	0.00568722	0.194795	0.0128837	0.995495	-0.0939362	-0.194452	0.0946449	0.976335	-5.28703	1.64526	49.7382	
0.980455	0.0058707	0.196655	0.0135388	0.995172	-0.0972087	-0.196276	0.0979713	0.975642	-5.43325	1.71734	50.4687	
0.980078	0.00606107	0.198518	0.0142009	0.994837	-0.100483	-0.198102	0.101301	0.974933	-5.58085	1.79192	51.1987	
0.979697	0.00625837	0.200385	0.0148699	0.994491	-0.103759	-0.199931	0.104633	0.974207	-5.72981	1.86899	51.9282	
0.979311	0.00646261	0.202257	0.0155459	0.994133	-0.107037	-0.201762	0.107967	0.973466	-5.88014	1.94855	52.6571	
0.978921	0.0066738	0.204131	0.0162289	0.993764	-0.110316	-0.203594	0.111304	0.972708	-6.03184	2.03061	53.3854	
0.978526	0.00689197	0.206009	0.0169188	0.993383	-0.113596	-0.205428	0.114642	0.971934	-6.18492	2.11517	54.1132	
0.978126	0.00711712	0.207889	0.0176157	0.99299	-0.116877	-0.207264	0.117983	0.971145	-6.33936	2.20223	54.8404	
0.977723	0.00734927	0.209773	0.0183194	0.992586	-0.120159	-0.209101	0.121325	0.970339	-6.49518	2.29179	55.567	
0.977314	0.00758842	0.211659	0.0190301	0.992169	-0.123441	-0.210938	0.124669	0.969517	-6.65238	2.38385	56.2929	
0.976901	0.00783457	0.213547	0.0197476	0.991742	-0.126723	-0.212776	0.128013	0.968679	-6.81095	2.47841	57.0183	
0.976484	0.00808773	0.215437	0.020472	0.991302	-0.130005	-0.214614	0.131359	0.967825	-6.9709	2.57548	57.743	
0.976063	0.0083479	0.217329	0.0212032	0.990851	-0.133287	-0.216453	0.134705	0.966955	-7.13222	2.67505	58.4671	
0.975637	0.00861507	0.219222	0.0219412	0.990388	-0.136569	-0.218292	0.138051	0.96607	-7.29492	2.77713	59.1905	
0.975207	0.00888923	0.221117	0.0226859	0.989913	-0.139849	-0.22013	0.141398	0.965168	-7.459	2.88171	59.9133	
0.974772	0.00917039	0.223013	0.0234374	0.989426	-0.143129	-0.221967	0.144745	0.964251	-7.62445	2.9888	60.6354	
0.974334	0.00945853	0.224909	0.0241957	0.988928	-0.146408	-0.223804	0.148092	0.963317	-7.79128	3.09839	61.3567	
0.973891	0.00975363	0.226807	0.0249606	0.988419	-0.149685	-0.22564	0.151438	0.962369	-7.95948	3.21049	62.0774	
0.973444	0.0100557	0.228704	0.0257321	0.987897	-0.152961	-0.227474	0.154784	0.961404	-8.12905	3.32509	62.7974	
0.972993	0.0103647	0.230602	0.0265102	0.987364	-0.156235	-0.229307	0.158128	0.960424	-8.3	3.4422	63.5166	
0.972538	0.0106805	0.232499	0.027295	0.986819	-0.159506	-0.231138	0.161472	0.959428	-8.47232	3.5618	64.2351	
0.972079	0.0110033	0.234397	0.0280862	0.986263	-0.162776	-0.232968	0.164815	0.958417	-8.64601	3.68391	64.9528	
0.971616	0.0113329	0.236293	0.028884	0.985695	-0.166043	-0.234795	0.168156	0.95739	-8.82107	3.80853	65.6698	
0.971149	0.0116694	0.238189	0.0296881	0.985116	-0.169308	-0.236619	0.171495	0.956348	-8.99749	3.93564	66.386	
0.970678	0.0120127	0.240084	0.0304987	0.984525	-0.17257	-0.238441	0.174832	0.95529	-9.17528	4.06525	67.1014	
0.970203	0.0123627	0.241977	0.0313157	0.983923	-0.175829	-0.24026	0.178167	0.954218	-9.35443	4.19736	67.816	
0.969725	0.0127194	0.243869	0.032139	0.983309	-0.179084	-0.242076	0.1815	0.95313	-9.53494	4.33196	68.5299	
0.969243	0.0130828	0.245759	0.0329685	0.982683	-0.182336	-0.243889	0.184831	0.952027	-9.71681	4.46906	69.2428	
0.968757	0.0134529	0.247647	0.0338043	0.982047	-0.185585	-0.245697	0.188158	0.95091	-9.90003	4.60864	69.955	
0.968268	0.0138296	0.249533	0.0346462	0.981399	-0.18883	-0.247503	0.191483	0.949777	-10.0846	4.75072	70.6663	
0.970411	0.012068	0.241156	0.0386548	0.978104	-0.204493	-0.238344	0.207764	0.948697	-10.2664	4.90014	71.3768	
0.972474	0.0101631	0.232791	0.0425115	0.974542	-0.220136	-0.229102	0.223973	0.947285	-10.4414	5.06172	72.0864	
0.974454	0.00811543	0.224439	0.046215	0.970713	-0.235753	-0.219779	0.240103	0.945541	-10.6094	5.2354	72.7948	
