1	0	0	0	1	0	0	0	1	0	0	0	
0.999993	2.25578e-06	0.00365166	2.25578e-06	0.999999	-0.00123548	-0.00365166	0.00123548	0.999993	-0.00136015	0.000460186	0.744948	
0.999973	9.03018e-06	0.00730414	9.03999e-06	0.999997	-0.00247393	-0.00730414	0.00247393	0.99997	-0.00544091	0.00184185	1.48988	
0.99994	2.03361e-05	0.0109574	2.03754e-05	0.999993	-0.00371532	-0.0109574	0.00371532	0.999933	-0.0122429	0.00414719	2.2348	
0.999893	3.61863e-05	0.0146113	3.62845e-05	0.999988	-0.00495962	-0.0146113	0.00495962	0.999881	-0.0217666	0.00737839	2.97968	
0.999833	5.65933e-05	0.0182658	5.67897e-05	0.999981	-0.00620682	-0.0182658	0.00620683	0.999814	-0.0340124	0.0115376	3.72452	
0.99976	8.15695e-05	0.0219208	8.19135e-05	0.999972	-0.00745689	-0.0219208	0.0074569	0.999732	-0.0489809	0.016627	4.4693	
0.999673	0.000111127	0.0255762	0.000111678	0.999962	-0.00870981	-0.0255762	0.00870982	0.999635	-0.0666724	0.0226487	5.21401	
0.999573	0.000145278	0.0292321	0.000146105	0.99995	-0.00996555	-0.0292321	0.00996556	0.999523	-0.0870871	0.0296048	5.95865	
0.999459	0.000184035	0.0328882	0.000185216	0.999937	-0.0112241	-0.0328882	0.0112241	0.999396	-0.110225	0.0374974	6.7032	
0.999332	0.000227409	0.0365445	0.000229033	0.999922	-0.0124854	-0.0365445	0.0124854	0.999254	-0.136087	0.0463287	7.44764	
0.999192	0.000275412	0.0402009	0.000277578	0.999905	-0.0137494	-0.0402009	0.0137495	0.999097	-0.164673	0.0561005	8.19198	
0.999038	0.000328055	0.0438574	0.000330872	0.999887	-0.0150162	-0.0438574	0.0150163	0.998925	-0.195983	0.066815	8.93619	
0.998871	0.000385349	0.0475139	0.000388936	0.999867	-0.0162857	-0.0475138	0.0162857	0.998738	-0.230016	0.0784742	9.68027	
0.99869	0.000447306	0.0511702	0.000451791	0.999846	-0.0175578	-0.0511702	0.0175579	0.998536	-0.266774	0.0910801	10.4242	
0.998496	0.000513936	0.0548264	0.000519458	0.999823	-0.0188326	-0.0548264	0.0188327	0.998318	-0.306255	0.104635	11.168	
0.998288	0.000585251	0.0584824	0.000591959	0.999798	-0.02011	-0.0584823	0.0201101	0.998086	-0.348459	0.11914	11.9116	
0.998067	0.00066126	0.062138	0.000669312	0.999771	-0.0213899	-0.0621379	0.0213902	0.997838	-0.393387	0.134598	12.655	
0.997833	0.000741975	0.0657932	0.000751539	0.999743	-0.0226725	-0.0657931	0.0226728	0.997576	-0.441038	0.15101	13.3983	
0.997585	0.000827405	0.0694479	0.000838661	0.999713	-0.0239576	-0.0694477	0.023958	0.997298	-0.491412	0.168379	14.1413	
0.997324	0.00091756	0.073102	0.000930697	0.999681	-0.0252452	-0.0731019	0.0252457	0.997005	-0.544508	0.186706	14.8841	
0.997049	0.00101245	0.0767556	0.00102767	0.999647	-0.0265353	-0.0767554	0.0265358	0.996697	-0.600327	0.205993	15.6267	
0.996761	0.00111209	0.0804084	0.00112959	0.999612	-0.0278278	-0.0804081	0.0278285	0.996373	-0.658866	0.226243	16.3691	
0.99646	0.00121648	0.0840604	0.00123649	0.999575	-0.0291228	-0.0840601	0.0291236	0.996035	-0.720126	0.247456	17.1112	
0.996145	0.00132563	0.0877115	0.00134838	0.999536	-0.0304202	-0.0877112	0.0304212	0.995681	-0.784107	0.269635	17.8531	
0.995817	0.00143956	0.0913617	0.00146528	0.999496	-0.0317199	-0.0913613	0.0317211	0.995312	-0.850807	0.292782	18.5947	
0.995475	0.00155828	0.0950109	0.00158721	0.999453	-0.033022	-0.0950104	0.0330234	0.994928	-0.920226	0.316897	19.336	
0.99512	0.00168178	0.098659	0.0017142	0.999409	-0.0343265	-0.0986584	0.0343281	0.994529	-0.992363	0.341984	20.077	
0.994751	0.00181008	0.102306	0.00184625	0.999363	-0.0356332	-0.102305	0.0356351	0.994115	-1.06722	0.368044	20.8178	
0.994369	0.00194319	0.105952	0.00198339	0.999315	-0.0369422	-0.105951	0.0369444	0.993685	-1.14479	0.395078	21.5582	
0.993974	0.00208112	0.109596	0.00212564	0.999266	-0.0382535	-0.109595	0.0382559	0.99324	-1.22507	0.423088	22.2982	
0.993565	0.00222388	0.113239	0.00227301	0.999214	-0.0395669	-0.113238	0.0395697	0.99278	-1.30807	0.452076	23.038	
0.993143	0.00237147	0.11688	0.00242552	0.999161	-0.0408826	-0.116879	0.0408857	0.992304	-1.39379	0.482044	23.7774	
0.992708	0.0025239	0.12052	0.0025832	0.999106	-0.0422004	-0.120519	0.0422039	0.991813	-1.48221	0.512992	24.5164	
0.992259	0.00268118	0.124159	0.00274605	0.999049	-0.0435203	-0.124157	0.0435243	0.991308	-1.57335	0.544924	25.2551	
0.991796	0.00284332	0.127795	0.0029141	0.99899	-0.0448423	-0.127794	0.0448469	0.990786	-1.66719	0.57784	25.9934	
0.991321	0.00301032	0.13143	0.00308736	0.998929	-0.0461664	-0.131428	0.0461715	0.99025	-1.76375	0.611742	26.7312	
0.990832	0.0031822	0.135063	0.00326585	0.998866	-0.0474926	-0.135061	0.0474982	0.989698	-1.86301	0.646632	27.4687	
0.99033	0.00335895	0.138694	0.00344959	0.998802	-0.0488207	-0.138692	0.048827	0.989131	-1.96497	0.682511	28.2058	
0.989814	0.00354059	0.142323	0.00363859	0.998735	-0.0501509	-0.142321	0.0501579	0.988549	-2.06964	0.71938	28.9424	
0.989285	0.00372712	0.14595	0.00383287	0.998667	-0.051483	-0.145948	0.0514907	0.987951	-2.17702	0.757242	29.6786	
0.988743	0.00391856	0.149575	0.00403245	0.998596	-0.052817	-0.149572	0.0528256	0.987339	-2.28709	0.796097	30.4144	
0.988187	0.00411489	0.153198	0.00423735	0.998524	-0.0541529	-0.153195	0.0541624	0.986711	-2.39986	0.835947	31.1497	
0.987618	0.00431614	0.156818	0.00444758	0.998449	-0.0554907	-0.156815	0.0555011	0.986067	-2.51533	0.876794	31.8845	
0.987036	0.00452231	0.160436	0.00466315	0.998373	-0.0568303	-0.160432	0.0568417	0.985409	-2.6335	0.918639	32.6188	
0.98644	0.0047334	0.164052	0.00488408	0.998295	-0.0581718	-0.164047	0.0581842	0.984735	-2.75436	0.961483	33.3526	
0.985832	0.00494943	0.167665	0.00511039	0.998214	-0.059515	-0.16766	0.0595286	0.984046	-2.87791	1.00533	34.0859	
0.98521	0.00517039	0.171275	0.0053421	0.998132	-0.06086	-0.17127	0.0608748	0.983342	-3.00416	1.05018	34.8188	
0.984574	0.00539628	0.174883	0.00557921	0.998048	-0.0622067	-0.174877	0.0622228	0.982622	-3.13309	1.09603	35.551	
0.983926	0.00562713	0.178488	0.00582174	0.997961	-0.0635551	-0.178482	0.0635726	0.981887	-3.26471	1.14288	36.2828	
0.983264	0.00586293	0.18209	0.00606972	0.997873	-0.0649051	-0.182084	0.0649241	0.981137	-3.39901	1.19074	37.0139	
0.982589	0.00610368	0.18569	0.00632315	0.997783	-0.0662568	-0.185682	0.0662774	0.980372	-3.53599	1.23961	37.7445	
0.981901	0.0063494	0.189286	0.00658204	0.99769	-0.0676101	-0.189278	0.0676323	0.979592	-3.67565	1.28949	38.4746	
0.981212	0.00660082	0.192819	0.00736942	0.997403	-0.0716456	-0.192791	0.0717205	0.978615	-3.81797	1.3414	39.204	
0.980508	0.00686772	0.196358	0.00817184	0.997099	-0.0756798	-0.196308	0.0758093	0.977607	-3.9629	1.39635	39.9326	
0.97979	0.00715017	0.199903	0.0089893	0.996777	-0.0797124	-0.199829	0.0798984	0.976568	-4.11045	1.45435	40.6605	
0.979056	0.00744824	0.203453	0.00982183	0.996439	-0.0837432	-0.203353	0.0839876	0.975497	-4.26062	1.51539	41.3876	
0.978308	0.00776197	0.207009	0.0106694	0.996083	-0.0877719	-0.206879	0.0880767	0.974394	-4.41342	1.57948	42.1139	
0.977546	0.00809143	0.210569	0.0115321	0.995711	-0.0917984	-0.210408	0.0921654	0.973259	-4.56885	1.64661	42.8393	
0.976768	0.00843665	0.214133	0.0124098	0.995321	-0.0958223	-0.21394	0.0962535	0.972093	-4.72691	1.7168	43.5639	
0.975976	0.00879769	0.217701	0.0133027	0.994914	-0.0998435	-0.217472	0.100341	0.970895	-4.8876	1.79002	44.2876	
0.975169	0.00917459	0.221273	0.0142106	0.99449	-0.103862	-0.221007	0.104427	0.969665	-5.05093	1.86629	45.0105	
0.974347	0.00956738	0.224848	0.0151337	0.994049	-0.107877	-0.224542	0.108512	0.968404	-5.21688	1.94561	45.7323	
0.97351	0.0099761	0.228426	0.0160718	0.993591	-0.111888	-0.228078	0.112596	0.96711	-5.38547	2.02797	46.4533	
0.972659	0.0104008	0.232006	0.017025	0.993115	-0.115896	-0.231614	0.116678	0.965785	-5.5567	2.11336	47.1732	
0.971792	0.0108414	0.235588	0.0179933	0.992623	-0.119901	-0.23515	0.120758	0.964428	-5.73055	2.2018	47.8922	
0.970911	0.0112981	0.239172	0.0189767	0.992113	-0.123901	-0.238686	0.124835	0.96304	-5.90705	2.29328	48.6101	
0.970015	0.0117708	0.242758	0.0199751	0.991586	-0.127897	-0.242221	0.128911	0.961619	-6.08617	2.3878	49.327	
0.969105	0.0122595	0.246344	0.0209886	0.991042	-0.131888	-0.245754	0.132984	0.960167	-6.26793	2.48534	50.0428	
0.968179	0.0127643	0.249931	0.0220172	0.990481	-0.135875	-0.249287	0.137054	0.958683	-6.45232	2.58593	50.7576	
0.967239	0.0132852	0.253518	0.0230607	0.989903	-0.139857	-0.252817	0.141121	0.957167	-6.63934	2.68954	51.4712	
0.966284	0.0138221	0.257106	0.0241193	0.989308	-0.143834	-0.256345	0.145186	0.955619	-6.82899	2.79618	52.1836	
0.965315	0.0143751	0.260692	0.0251929	0.988696	-0.147805	-0.25987	0.149246	0.95404	-7.02127	2.90585	52.8949	
0.964331	0.0149441	0.264278	0.0262815	0.988066	-0.151771	-0.263392	0.153303	0.95243	-7.21617	3.01854	53.605	
0.963332	0.0155292	0.267862	0.027385	0.98742	-0.155732	-0.266911	0.157357	0.950788	-7.4137	3.13426	54.3139	
0.962319	0.0161304	0.271445	0.0285034	0.986756	-0.159686	-0.270426	0.161406	0.949114	-7.61384	3.25299	55.0216	
0.961291	0.0167476	0.275027	0.0296368	0.986076	-0.163635	-0.273937	0.165452	0.947409	-7.81661	3.37474	55.728	
0.960248	0.0173808	0.278605	0.030785	0.985378	-0.167577	-0.277444	0.169493	0.945673	-8.02198	3.49949	56.4332	
0.959192	0.01803	0.282181	0.0319481	0.984664	-0.171513	-0.280946	0.173529	0.943905	-8.22997	3.62726	57.137	
0.95812	0.0186951	0.285755	0.033126	0.983932	-0.175442	-0.284443	0.177561	0.942106	-8.44056	3.75803	57.8395	
0.957035	0.0193762	0.289324	0.0343187	0.983184	-0.179365	-0.287935	0.181587	0.940276	-8.65376	3.89181	58.5406	
0.955935	0.0200732	0.292891	0.0355261	0.982419	-0.18328	-0.29142	0.185609	0.938415	-8.86956	4.02858	59.2404	
0.954821	0.0207861	0.296453	0.0367483	0.981636	-0.187188	-0.2949	0.189625	0.936524	-9.08795	4.16835	59.9387	
0.953693	0.0215148	0.30001	0.0379851	0.980837	-0.191089	-0.298373	0.193636	0.934601	-9.30893	4.3111	60.6357	
0.952551	0.0222593	0.303563	0.0392366	0.980022	-0.194982	-0.301839	0.197642	0.932647	-9.53249	4.45684	61.3312	
0.951395	0.0230196	0.307111	0.0405027	0.979189	-0.198868	-0.305297	0.201641	0.930663	-9.75863	4.60557	62.0252	
0.950225	0.0237955	0.310653	0.0417833	0.97834	-0.202746	-0.308749	0.205634	0.928649	-9.98735	4.75727	62.7178	
0.949042	0.0245871	0.31419	0.0430784	0.977473	-0.206615	-0.312192	0.209621	0.926604	-10.2186	4.91194	63.4088	
0.947844	0.0253943	0.31772	0.044388	0.976591	-0.210477	-0.315628	0.213602	0.924529	-10.4525	5.06958	64.0983	
0.946633	0.026217	0.321244	0.045712	0.975691	-0.21433	-0.319054	0.217576	0.922423	-10.6889	5.23018	64.7863	
0.945409	0.0270551	0.324762	0.0470504	0.974775	-0.218174	-0.322472	0.221544	0.920288	-10.9278	5.39374	65.4726	
0.944171	0.0279087	0.328272	0.0484031	0.973842	-0.22201	-0.325881	0.225504	0.918123	-11.1693	5.56026	66.1574	
0.94292	0.0287775	0.331774	0.0497701	0.972893	-0.225836	-0.32928	0.229458	0.915928	-11.4134	5.72972	66.8405	
0.941655	0.0296617	0.335269	0.0511513	0.971927	-0.229654	-0.332669	0.233404	0.913703	-11.6599	5.90213	67.522	
0.940378	0.030561	0.338756	0.0525466	0.970945	-0.233462	-0.336048	0.237343	0.911449	-11.909	6.07747	68.2019	
0.939087	0.0314754	0.342234	0.053956	0.969946	-0.237261	-0.339417	0.241274	0.909166	-12.1606	6.25574	68.88	
0.937784	0.0324048	0.345704	0.0553794	0.968931	-0.24105	-0.342774	0.245198	0.906854	-12.4147	6.43694	69.5564	
0.937425	0.0326709	0.346651	0.0617522	0.964205	-0.257866	-0.342667	0.263137	0.901853	-12.67	6.62629	70.2301	
0.937066	0.0329559	0.347592	0.068122	0.959146	-0.274587	-0.342441	0.280985	0.896539	-12.9252	6.82897	70.9	
0.936708	0.0332595	0.348528	0.0744864	0.953756	-0.291205	-0.342097	0.298735	0.890914	-13.1802	7.0449	71.5658	
