1	0	0	0	1	0	0	0	1	0	0	0	
0.999993	6.37414e-08	0.00387278	6.37414e-08	1	-3.29175e-05	-0.00387278	3.29175e-05	0.999993	-0.00155205	1.3192e-05	0.801513	
0.99997	2.53868e-07	0.0077492	2.51189e-07	1	-6.51743e-05	-0.0077492	6.51743e-05	0.99997	-0.00620965	5.25031e-05	1.60301	
0.999932	5.68049e-07	0.0116292	5.57323e-07	1	-9.67683e-05	-0.0116292	9.67682e-05	0.999932	-0.0139757	0.000117403	2.40449	
0.99988	1.00394e-06	0.0155126	9.77096e-07	1	-0.000127697	-0.0155126	0.000127697	0.99988	-0.024853	0.000207359	3.20593	
0.999812	1.55916e-06	0.0193993	1.50543e-06	1	-0.000157959	-0.0193993	0.000157959	0.999812	-0.0388442	0.000321838	4.00732	
0.999729	2.23133e-06	0.0232893	2.13722e-06	1	-0.000187552	-0.0232893	0.000187551	0.999729	-0.055952	0.000460304	4.80866	
0.99963	3.01804e-06	0.0271824	2.86733e-06	1	-0.000216475	-0.0271824	0.000216472	0.99963	-0.076179	0.00062222	5.60992	
0.999517	3.91686e-06	0.0310786	3.69061e-06	1	-0.000244724	-0.0310786	0.000244721	0.999517	-0.0995276	0.000807046	6.41109	
0.999388	4.92536e-06	0.0349777	4.60186e-06	1	-0.000272299	-0.0349777	0.000272293	0.999388	-0.126	0.00101424	7.21217	
0.999244	6.04106e-06	0.0388796	5.59587e-06	1	-0.000299198	-0.0388796	0.000299189	0.999244	-0.155599	0.00124327	8.01314	
0.999084	7.2615e-06	0.0427843	6.66742e-06	1	-0.000325419	-0.0427843	0.000325406	0.999084	-0.188327	0.00149358	8.81398	
0.998909	8.58417e-06	0.0466916	7.81123e-06	1	-0.00035096	-0.0466916	0.000350942	0.998909	-0.224185	0.00176463	9.61469	
0.998719	1.00066e-05	0.0506014	9.02203e-06	1	-0.00037582	-0.0506014	0.000375795	0.998719	-0.263176	0.00205588	10.4153	
0.998513	1.15261e-05	0.0545136	1.02945e-05	1	-0.000399998	-0.0545136	0.000399964	0.998513	-0.305301	0.00236677	11.2157	
0.998292	1.31404e-05	0.0584282	1.16233e-05	1	-0.000423491	-0.0584282	0.000423447	0.998292	-0.350564	0.00269676	12.0159	
0.998055	1.48467e-05	0.062345	1.30031e-05	1	-0.000446299	-0.062345	0.000446241	0.998055	-0.398965	0.00304529	12.816	
0.997802	1.66425e-05	0.0662639	1.44285e-05	1	-0.000468419	-0.0662639	0.000468346	0.997802	-0.450506	0.00341182	13.6158	
0.997534	1.85252e-05	0.0701848	1.58942e-05	1	-0.000489852	-0.0701848	0.000489759	0.997534	-0.505189	0.00379579	14.4155	
0.99725	2.04922e-05	0.0741077	1.73946e-05	1	-0.000510595	-0.0741077	0.00051048	0.99725	-0.563015	0.00419665	15.2149	
0.996951	2.25409e-05	0.0780323	1.89244e-05	1	-0.000530647	-0.0780323	0.000530506	0.996951	-0.623986	0.00461383	16.0141	
0.996636	2.46687e-05	0.0819587	2.04781e-05	1	-0.000550008	-0.0819587	0.000549836	0.996636	-0.688104	0.00504678	16.813	
0.996305	2.68728e-05	0.0858867	2.20503e-05	1	-0.000568675	-0.0858867	0.000568468	0.996305	-0.755369	0.00549495	17.6117	
0.995958	2.91506e-05	0.0898162	2.36354e-05	1	-0.000586649	-0.0898162	0.0005864	0.995958	-0.825784	0.00595778	18.4101	
0.995596	3.14995e-05	0.0937471	2.5228e-05	1	-0.000603927	-0.0937471	0.000603632	0.995596	-0.899348	0.00643469	19.2083	
0.995218	3.39167e-05	0.0976793	2.68225e-05	1	-0.00062051	-0.0976793	0.000620162	0.995218	-0.976064	0.00692514	20.0061	
0.994824	3.63995e-05	0.101613	2.84134e-05	1	-0.000636395	-0.101613	0.000635989	0.994824	-1.05593	0.00742855	20.8036	
0.994414	3.89453e-05	0.105547	2.99951e-05	1	-0.000651584	-0.105547	0.00065111	0.994414	-1.13895	0.00794436	21.6008	
0.993989	4.15512e-05	0.109483	3.1562e-05	1	-0.000666073	-0.109483	0.000665525	0.993988	-1.22513	0.00847202	22.3977	
0.993547	4.42146e-05	0.113419	3.31087e-05	1	-0.000679864	-0.113419	0.000679232	0.993547	-1.31446	0.00901094	23.1942	
0.99309	4.69326e-05	0.117356	3.46294e-05	1	-0.000692955	-0.117356	0.000692231	0.99309	-1.40694	0.00956056	23.9904	
0.992617	4.97026e-05	0.121294	3.61185e-05	1	-0.000705346	-0.121294	0.000704519	0.992616	-1.50258	0.0101203	24.7862	
0.992127	5.25217e-05	0.125233	3.75705e-05	1	-0.000717036	-0.125233	0.000716096	0.992127	-1.60138	0.0106896	25.5816	
0.991622	5.53871e-05	0.129172	3.89798e-05	1	-0.000728024	-0.129172	0.00072696	0.991622	-1.70334	0.011268	26.3766	
0.991101	5.8296e-05	0.133111	4.03405e-05	1	-0.000738311	-0.133111	0.00073711	0.991101	-1.80845	0.0118547	27.1712	
0.990564	6.12456e-05	0.137051	4.16471e-05	1	-0.000747895	-0.137051	0.000746546	0.990564	-1.91672	0.0124493	27.9653	
0.990011	6.42331e-05	0.140991	4.2894e-05	1	-0.000756777	-0.140991	0.000755265	0.990011	-2.02815	0.0130511	28.7591	
0.989442	6.72557e-05	0.144931	4.40754e-05	1	-0.000764956	-0.144931	0.000763267	0.989441	-2.14273	0.0136597	29.5523	
0.988857	7.03105e-05	0.148871	4.51857e-05	1	-0.000772432	-0.148871	0.000770551	0.988856	-2.26047	0.0142744	30.3452	
0.988255	7.33946e-05	0.152811	4.62191e-05	1	-0.000779204	-0.152811	0.000777116	0.988255	-2.38138	0.0148946	31.1375	
0.987638	7.65052e-05	0.156751	4.717e-05	1	-0.000785274	-0.156751	0.00078296	0.987638	-2.50544	0.0155199	31.9294	
0.987005	7.96395e-05	0.16069	4.80327e-05	1	-0.00079064	-0.16069	0.000788084	0.987005	-2.63265	0.0161495	32.7207	
0.986356	8.27944e-05	0.164629	4.88013e-05	1	-0.000795302	-0.164629	0.000792485	0.986355	-2.76303	0.0167829	33.5115	
0.98569	8.59672e-05	0.168567	4.94703e-05	1	-0.000799262	-0.168567	0.000796163	0.98569	-2.89656	0.0174196	34.3019	
0.985009	8.91549e-05	0.172505	5.00338e-05	1	-0.000802518	-0.172505	0.000799118	0.985008	-3.03325	0.0180589	35.0916	
0.984311	9.23547e-05	0.176443	5.04861e-05	1	-0.000805071	-0.176443	0.000801348	0.984311	-3.17309	0.0187003	35.8809	
0.983597	9.55635e-05	0.180379	5.08216e-05	1	-0.000806921	-0.180379	0.000802852	0.983597	-3.31609	0.0193432	36.6695	
0.982867	9.87786e-05	0.184314	5.10343e-05	1	-0.000808068	-0.184314	0.00080363	0.982867	-3.46224	0.019987	37.4576	
0.982121	0.000101997	0.188249	5.11187e-05	1	-0.000808513	-0.188249	0.000803681	0.982121	-3.61155	0.0206311	38.2451	
0.981359	0.000105215	0.192182	5.10689e-05	1	-0.000808256	-0.192182	0.000803004	0.981359	-3.76401	0.021275	39.0319	
0.980581	0.000108431	0.196114	5.08792e-05	1	-0.000807297	-0.196114	0.000801599	0.980581	-3.91962	0.0219181	39.8182	
0.979787	0.000111642	0.200045	5.05438e-05	1	-0.000805638	-0.200045	0.000799464	0.979786	-4.07839	0.0225597	40.6038	
0.978976	0.000114844	0.203975	5.0057e-05	1	-0.000803277	-0.203975	0.0007966	0.978976	-4.2403	0.0231993	41.3888	
0.97815	0.000118034	0.207903	4.9413e-05	1	-0.000800217	-0.207903	0.000793005	0.978149	-4.40537	0.0238364	42.1732	
0.977307	0.00012121	0.211829	4.8606e-05	1	-0.000796458	-0.211829	0.00078868	0.977306	-4.57358	0.0244703	42.9568	
0.976448	0.000124368	0.215754	4.76303e-05	1	-0.000791999	-0.215754	0.000783623	0.976447	-4.74493	0.0251004	43.7398	
0.975001	0.000124856	0.222198	-0.000263018	1	0.000592203	-0.222198	-0.000635841	0.975001	-4.92045	0.0251596	44.5219	
0.973512	0.000115975	0.228637	-0.000582045	0.999998	0.00197104	-0.228636	-0.00205191	0.97351	-5.10112	0.0240825	45.3028	
0.971979	9.77358e-05	0.235069	-0.000909418	0.999994	0.00334454	-0.235068	-0.0034646	0.971973	-5.28696	0.0218717	46.0824	
0.970402	7.01512e-05	0.241495	-0.00124511	0.999988	0.00471275	-0.241492	-0.00487395	0.970391	-5.47794	0.0185299	46.8608	
0.968782	3.32336e-05	0.247913	-0.00158909	0.99998	0.0060757	-0.247908	-0.00627998	0.968763	-5.67407	0.0140599	47.638	
0.967119	-1.30041e-05	0.254324	-0.00194132	0.99997	0.00743342	-0.254316	-0.00768273	0.967091	-5.87534	0.0084642	48.4138	
0.965413	-6.85485e-05	0.260726	-0.00230179	0.999959	0.00878595	-0.260716	-0.00908221	0.965373	-6.08175	0.0017455	49.1882	
0.963663	-0.000133386	0.26712	-0.00267047	0.999945	0.0101333	-0.267107	-0.0104784	0.96361	-6.29328	-0.00609361	49.9613	
0.96187	-0.000207503	0.273505	-0.00304734	0.99993	0.0114756	-0.273488	-0.0118715	0.961802	-6.50993	-0.0150505	50.7329	
0.960035	-0.000290884	0.279881	-0.00343236	0.999912	0.0128127	-0.27986	-0.0132613	0.959949	-6.73169	-0.0251227	51.5031	
0.958156	-0.000383516	0.286247	-0.00382552	0.999893	0.0141449	-0.286221	-0.014648	0.958052	-6.95855	-0.0363077	52.2717	
0.956234	-0.000485383	0.292602	-0.0042268	0.999871	0.015472	-0.292572	-0.0160316	0.956109	-7.19051	-0.0486028	53.0389	
0.954269	-0.00059647	0.298948	-0.00463619	0.999848	0.0167941	-0.298912	-0.0174121	0.954122	-7.42755	-0.0620057	53.8044	
0.952262	-0.000716761	0.305282	-0.00505365	0.999823	0.0181113	-0.305241	-0.0187895	0.95209	-7.66967	-0.0765137	54.5683	
0.950212	-0.00084624	0.311604	-0.00547918	0.999796	0.0194235	-0.311557	-0.0201638	0.950013	-7.91685	-0.0921246	55.3306	
0.948119	-0.000984892	0.317915	-0.00591276	0.999768	0.0207309	-0.317861	-0.0215351	0.947893	-8.1691	-0.108836	56.0912	
0.945983	-0.0011327	0.324213	-0.00635438	0.999737	0.0220335	-0.324153	-0.0229035	0.945727	-8.42639	-0.126645	56.8501	
0.943806	-0.00128965	0.330499	-0.00680402	0.999705	0.0233312	-0.330431	-0.0242689	0.943518	-8.68872	-0.14555	57.6072	
0.941585	-0.00145571	0.336771	-0.00726168	0.99967	0.0246242	-0.336696	-0.0256313	0.941264	-8.95608	-0.165548	58.3626	
0.939323	-0.00163089	0.34303	-0.00772733	0.999634	0.0259124	-0.342947	-0.0269908	0.938967	-9.22845	-0.186637	59.1161	
0.937018	-0.00181514	0.349275	-0.00820098	0.999596	0.027196	-0.349184	-0.0283475	0.936625	-9.50583	-0.208814	59.8678	
0.934672	-0.00200847	0.355506	-0.00868261	0.999557	0.0284748	-0.355406	-0.0297013	0.93424	-9.7882	-0.232077	60.6175	
0.932283	-0.00221085	0.361722	-0.00917222	0.999515	0.029749	-0.361613	-0.0310523	0.931811	-10.0756	-0.256425	61.3654	
0.929853	-0.00242226	0.367923	-0.00966981	0.999472	0.0310186	-0.367804	-0.0324005	0.929339	-10.3679	-0.281854	62.1112	
0.927381	-0.00264269	0.374109	-0.0101754	0.999427	0.0322837	-0.37398	-0.033746	0.926823	-10.6652	-0.308363	62.8551	
0.924868	-0.0028721	0.380278	-0.0106889	0.99938	0.0335442	-0.380139	-0.0350887	0.924264	-10.9674	-0.335949	63.597	
0.922313	-0.0031105	0.386431	-0.0112104	0.999331	0.0348002	-0.386281	-0.0364287	0.921661	-11.2745	-0.364611	64.3367	
0.919717	-0.00335785	0.392568	-0.0117398	0.999281	0.0360517	-0.392407	-0.037766	0.919016	-11.5866	-0.394345	65.0744	
0.91708	-0.00361414	0.398687	-0.0122772	0.999229	0.0372988	-0.398514	-0.0391007	0.916328	-11.9036	-0.42515	65.8099	
0.914402	-0.00387934	0.404789	-0.0128226	0.999175	0.0385414	-0.404604	-0.0404328	0.913598	-12.2254	-0.457024	66.5433	
0.911683	-0.00415344	0.410873	-0.0133759	0.999119	0.0397797	-0.410676	-0.0417623	0.910824	-12.5521	-0.489964	67.2744	
0.908924	-0.00443642	0.416939	-0.0139373	0.999061	0.0410136	-0.416729	-0.0430893	0.908009	-12.8837	-0.523969	68.0034	
0.906124	-0.00472825	0.422986	-0.0145066	0.999002	0.0422432	-0.422763	-0.0444137	0.905151	-13.2202	-0.559037	68.73	
0.903284	-0.00502891	0.429014	-0.0150839	0.998941	0.0434685	-0.428778	-0.0457356	0.902251	-13.5614	-0.595165	69.4543	
0.895501	-0.00592468	0.445021	-0.0190843	0.998481	0.0516957	-0.444651	-0.0547865	0.894027	-13.9115	-0.635451	70.1742	
0.887436	-0.00698155	0.460878	-0.0232293	0.997937	0.0598459	-0.460345	-0.0638153	0.885443	-14.2742	-0.682983	70.8874	
0.879094	-0.00819912	0.476579	-0.0275172	0.997312	0.0679159	-0.475854	-0.0728185	0.876505	-14.6494	-0.737742	71.5935	
0.870476	-0.00957687	0.492117	-0.0319463	0.996603	0.0759024	-0.491173	-0.0817925	0.867214	-15.0369	-0.799706	72.2924	
0.861588	-0.0111143	0.507487	-0.0365148	0.995813	0.0838021	-0.506294	-0.0907337	0.857575	-15.4367	-0.868849	72.9836	
0.852431	-0.0128107	0.522682	-0.041221	0.994941	0.091612	-0.521211	-0.0996384	0.847591	-15.8485	-0.945145	73.667	
0.843011	-0.0146655	0.537696	-0.0460628	0.993988	0.0993289	-0.53592	-0.108503	0.837267	-16.2721	-1.02856	74.3422	
0.833331	-0.0166779	0.552523	-0.0510383	0.992954	0.10695	-0.550413	-0.117324	0.826608	-16.7075	-1.11907	75.0091	
0.823394	-0.018847	0.567157	-0.0561456	0.991839	0.114471	-0.564686	-0.126098	0.815616	-17.1544	-1.21662	75.6672	
0.813205	-0.0211721	0.581592	-0.0613826	0.990644	0.121891	-0.578731	-0.134822	0.804297	-17.6127	-1.32119	76.3164	
