1	0	0	0	1	0	0	0	1	0	0	0	
0.999996	3.82579e-06	0.00297149	3.82579e-06	0.999997	-0.00257499	-0.00297149	0.00257499	0.999992	-0.00143772	0.00124588	0.967674	
0.999982	1.53298e-05	0.00594779	1.5333e-05	0.999987	-0.00515525	-0.00594779	0.00515525	0.999969	-0.00575322	0.00498607	1.93533	
0.99996	3.4552e-05	0.00892877	3.45652e-05	0.99997	-0.00774068	-0.00892877	0.00774068	0.99993	-0.0129511	0.0112256	2.90296	
0.999929	6.15317e-05	0.0119143	6.15647e-05	0.999947	-0.0103312	-0.0119143	0.0103312	0.999876	-0.0230358	0.0199695	3.87055	
0.999889	9.63073e-05	0.0149043	9.63734e-05	0.999916	-0.0129266	-0.0149043	0.0129266	0.999805	-0.0360117	0.0312225	4.83807	
0.99984	0.000138916	0.0178986	0.000139032	0.999879	-0.0155269	-0.0178986	0.0155269	0.999719	-0.0518829	0.0449895	5.80552	
0.999782	0.000189395	0.020897	0.000189581	0.999836	-0.018132	-0.020897	0.018132	0.999617	-0.0706537	0.0612749	6.77288	
0.999714	0.00024778	0.0238995	0.00024806	0.999785	-0.0207417	-0.0238995	0.0207417	0.999499	-0.0923281	0.0800835	7.74013	
0.999638	0.000314106	0.026906	0.000314506	0.999727	-0.0233559	-0.0269059	0.0233559	0.999365	-0.11691	0.10142	8.70725	
0.999552	0.000388407	0.0299162	0.000388957	0.999663	-0.0259745	-0.0299162	0.0259746	0.999215	-0.144402	0.125288	9.67425	
0.999458	0.000470717	0.0329301	0.000471451	0.999591	-0.0285975	-0.0329301	0.0285975	0.999048	-0.17481	0.151692	10.6411	
0.999354	0.000561066	0.0359476	0.000562023	0.999512	-0.0312247	-0.0359475	0.0312247	0.998866	-0.208136	0.180636	11.6078	
0.99924	0.000659489	0.0389685	0.000660708	0.999427	-0.033856	-0.0389684	0.033856	0.998667	-0.244383	0.212125	12.5742	
0.999118	0.000766014	0.0419926	0.00076754	0.999334	-0.0364913	-0.0419926	0.0364914	0.998451	-0.283555	0.246162	13.5405	
0.998986	0.000880672	0.04502	0.000882554	0.999234	-0.0391305	-0.04502	0.0391306	0.998219	-0.325655	0.28275	14.5066	
0.998844	0.00100349	0.0480504	0.00100578	0.999127	-0.0417735	-0.0480503	0.0417736	0.997971	-0.370686	0.321895	15.4724	
0.998694	0.0011345	0.0510837	0.00113725	0.999012	-0.0444202	-0.0510837	0.0444202	0.997706	-0.418651	0.363599	16.438	
0.998534	0.00127373	0.0541198	0.001277	0.998891	-0.0470704	-0.0541198	0.0470705	0.997424	-0.469553	0.407866	17.4033	
0.998364	0.0014212	0.0571586	0.00142505	0.998762	-0.0497241	-0.0571585	0.0497242	0.997126	-0.523393	0.454699	18.3684	
0.998185	0.00157694	0.0602	0.00158144	0.998626	-0.0523812	-0.0601998	0.0523813	0.996811	-0.580176	0.504101	19.3331	
0.997997	0.00174098	0.0632437	0.00174619	0.998483	-0.0550415	-0.0632436	0.0550417	0.996479	-0.639903	0.556077	20.2975	
0.997799	0.00191333	0.0662897	0.00191934	0.998332	-0.057705	-0.0662896	0.0577052	0.99613	-0.702576	0.610628	21.2617	
0.997591	0.00209402	0.069338	0.0021009	0.998174	-0.0603715	-0.0693377	0.0603717	0.995765	-0.768198	0.667758	22.2254	
0.997374	0.00228308	0.0723882	0.0022909	0.998008	-0.0630409	-0.072388	0.0630412	0.995382	-0.83677	0.72747	23.1888	
0.997147	0.00248052	0.0754404	0.00248938	0.997835	-0.0657132	-0.0754401	0.0657135	0.994983	-0.908295	0.789767	24.1518	
0.996911	0.00268637	0.0784943	0.00269634	0.997655	-0.0683882	-0.078494	0.0683885	0.994566	-0.982774	0.854651	25.1144	
0.996665	0.00290064	0.08155	0.00291183	0.997467	-0.0710657	-0.0815496	0.0710662	0.994132	-1.06021	0.922124	26.0766	
0.996409	0.00312336	0.0846071	0.00313585	0.997272	-0.0737458	-0.0846067	0.0737463	0.993682	-1.1406	0.99219	27.0384	
0.996144	0.00335453	0.0876657	0.00336843	0.997069	-0.0764283	-0.0876652	0.0764289	0.993214	-1.22395	1.06485	27.9998	
0.995869	0.00359419	0.0907256	0.00360959	0.996859	-0.079113	-0.090725	0.0791137	0.992729	-1.31027	1.14011	28.9606	
0.995585	0.00384234	0.0937867	0.00385935	0.996641	-0.0818	-0.093786	0.0818008	0.992226	-1.39954	1.21797	29.921	
0.995291	0.004099	0.0968488	0.00411774	0.996416	-0.084489	-0.096848	0.0844899	0.991707	-1.49178	1.29842	30.8809	
0.994987	0.00436419	0.0999118	0.00438476	0.996183	-0.0871799	-0.0999109	0.087181	0.99117	-1.58698	1.38148	31.8403	
0.994673	0.00463791	0.102976	0.00466043	0.995942	-0.0898728	-0.102975	0.0898739	0.990615	-1.68514	1.46715	32.7992	
0.99435	0.00492019	0.10604	0.00494478	0.995694	-0.0925673	-0.106039	0.0925686	0.990044	-1.78627	1.55542	33.7575	
0.994017	0.00521103	0.109105	0.00523782	0.995438	-0.0952635	-0.109104	0.095265	0.989455	-1.89036	1.6463	34.7153	
0.993674	0.00551044	0.112171	0.00553956	0.995175	-0.0979612	-0.112169	0.0979629	0.988848	-1.99742	1.7398	35.6725	
0.993321	0.00581844	0.115236	0.00585002	0.994904	-0.10066	-0.115235	0.100662	0.988225	-2.10745	1.8359	36.6291	
0.992959	0.00613504	0.118302	0.00616921	0.994625	-0.103361	-0.118301	0.103363	0.987583	-2.22044	1.93461	37.585	
0.992587	0.00646024	0.121368	0.00649714	0.994338	-0.106063	-0.121366	0.106065	0.986925	-2.3364	2.03594	38.5404	
0.992205	0.00679405	0.124434	0.00683383	0.994044	-0.108765	-0.124432	0.108768	0.986249	-2.45533	2.13989	39.4951	
0.991813	0.00713647	0.1275	0.00717928	0.993742	-0.111469	-0.127498	0.111472	0.985555	-2.57722	2.24645	40.4491	
0.991411	0.00748753	0.130565	0.0075335	0.993432	-0.114174	-0.130563	0.114177	0.984844	-2.70208	2.35563	41.4025	
0.991	0.00784721	0.133631	0.00789651	0.993115	-0.116879	-0.133628	0.116882	0.984115	-2.82991	2.46742	42.3551	
0.990579	0.00821553	0.136695	0.00826831	0.99279	-0.119585	-0.136692	0.119589	0.983369	-2.9607	2.58184	43.3071	
0.990148	0.00859249	0.139759	0.00864891	0.992456	-0.122292	-0.139755	0.122296	0.982605	-3.09446	2.69887	44.2583	
0.989708	0.00897808	0.142822	0.00903832	0.992116	-0.124999	-0.142818	0.125003	0.981823	-3.23118	2.81852	45.2087	
0.989257	0.00937232	0.145884	0.00943654	0.991767	-0.127707	-0.14588	0.127711	0.981024	-3.37086	2.94079	46.1584	
0.988797	0.00977521	0.148945	0.00984357	0.991411	-0.130414	-0.14894	0.130419	0.980208	-3.51351	3.06569	47.1074	
0.988327	0.0101867	0.152005	0.0102594	0.991047	-0.133122	-0.152	0.133128	0.979374	-3.65911	3.1932	48.0555	
0.987848	0.0106069	0.155063	0.0106841	0.990675	-0.13583	-0.155058	0.135836	0.978522	-3.80768	3.32334	49.0028	
0.987358	0.0110357	0.158121	0.0111176	0.990295	-0.138538	-0.158115	0.138544	0.977653	-3.9592	3.45609	49.9493	
0.986859	0.0114732	0.161176	0.0115599	0.989907	-0.141245	-0.16117	0.141253	0.976766	-4.11369	3.59147	50.8949	
0.98635	0.0119193	0.16423	0.0120111	0.989512	-0.143953	-0.164224	0.14396	0.975862	-4.27113	3.72947	51.8397	
0.985831	0.012374	0.167283	0.0124711	0.989108	-0.14666	-0.167276	0.146668	0.97494	-4.43152	3.87009	52.7835	
0.985303	0.0128374	0.170333	0.0129399	0.988697	-0.149366	-0.170326	0.149375	0.974	-4.59486	4.01332	53.7265	
0.984765	0.0133094	0.173382	0.0134176	0.988278	-0.152072	-0.173373	0.152082	0.973043	-4.76116	4.15918	54.6686	
0.984217	0.01379	0.176428	0.013904	0.987852	-0.154777	-0.176419	0.154787	0.972068	-4.9304	4.30765	55.6097	
0.983659	0.0142792	0.179472	0.0143993	0.987417	-0.157481	-0.179463	0.157492	0.971076	-5.10259	4.45875	56.5498	
0.983092	0.014777	0.182514	0.0149034	0.986975	-0.160185	-0.182504	0.160197	0.970067	-5.27772	4.61246	57.489	
0.982515	0.0152834	0.185553	0.0154163	0.986524	-0.162887	-0.185542	0.1629	0.96904	-5.4558	4.76878	58.4273	
0.981929	0.0157985	0.18859	0.015938	0.986066	-0.165588	-0.188578	0.165602	0.967995	-5.63681	4.92773	59.3645	
0.981611	0.0160816	0.190215	0.0170811	0.985049	-0.171428	-0.190128	0.171524	0.96666	-5.82005	5.09084	60.3005	
0.981289	0.0163756	0.191843	0.0182341	0.983995	-0.177262	-0.191675	0.177444	0.965285	-6.00478	5.25969	61.2353	
0.980964	0.0166803	0.193472	0.0193971	0.982905	-0.183091	-0.193218	0.183359	0.96387	-6.191	5.43426	62.1687	
0.980636	0.0169957	0.195102	0.0205699	0.981778	-0.188914	-0.194758	0.189269	0.962417	-6.37872	5.61455	63.1007	
0.980304	0.0173218	0.196734	0.0217525	0.980616	-0.194731	-0.196293	0.195175	0.960924	-6.56793	5.80056	64.0313	
0.979969	0.0176585	0.198365	0.0229448	0.979417	-0.20054	-0.197824	0.201074	0.959393	-6.75862	5.99228	64.9604	
0.979631	0.0180057	0.199997	0.0241466	0.978182	-0.206341	-0.199349	0.206968	0.957823	-6.95079	6.18971	65.888	
0.97929	0.0183635	0.201628	0.025358	0.976911	-0.212135	-0.200868	0.212854	0.956214	-7.14443	6.39283	66.8141	
0.978946	0.0187316	0.203258	0.0265787	0.975605	-0.217919	-0.202381	0.218734	0.954567	-7.33954	6.60165	67.7386	
0.978599	0.0191101	0.204886	0.0278088	0.974263	-0.223694	-0.203888	0.224605	0.952881	-7.5361	6.81616	68.6615	
0.97825	0.0194988	0.206513	0.0290481	0.972885	-0.22946	-0.205387	0.230468	0.951158	-7.73413	7.03634	69.5828	
0.977897	0.0198976	0.208137	0.0302964	0.971471	-0.235215	-0.206879	0.236322	0.949396	-7.9336	7.26219	70.5024	
0.979864	0.0174881	0.198897	0.0347634	0.965999	-0.256198	-0.196615	0.257953	0.94594	-8.12883	7.50135	71.4194	
0.981731	0.0148684	0.189694	0.0390019	0.96005	-0.277098	-0.186235	0.279434	0.941931	-8.31408	7.76137	72.3329	
0.983495	0.01204	0.180532	0.0430093	0.953627	-0.297903	-0.175747	0.300751	0.93737	-8.48923	8.0421	73.2422	
0.985157	0.00900468	0.171418	0.0467833	0.946734	-0.318601	-0.165156	0.321892	0.93226	-8.65418	8.34338	74.1469	
0.986715	0.00576414	0.162356	0.0503218	0.939374	-0.33918	-0.154468	0.342844	0.926605	-8.80883	8.66502	75.0463	
0.988169	0.0023203	0.153352	0.0536227	0.931554	-0.359628	-0.14369	0.363596	0.920408	-8.9531	9.00684	75.94	
0.989517	-0.00132484	0.144411	0.0566839	0.923276	-0.379933	-0.132828	0.384136	0.913672	-9.0869	9.36864	76.8275	
0.990759	-0.00516914	0.135538	0.0595038	0.914545	-0.400082	-0.121888	0.40445	0.906401	-9.21015	9.7502	77.7081	
0.991893	-0.00921034	0.126739	0.0620807	0.905368	-0.420065	-0.110877	0.424528	0.8986	-9.32277	10.1513	78.5815	
0.99292	-0.0134461	0.118018	0.064413	0.895749	-0.439869	-0.0998004	0.444357	0.890273	-9.42471	10.5717	79.4471	
0.993839	-0.0178739	0.109382	0.0664995	0.885693	-0.459483	-0.0886658	0.463926	0.881425	-9.5159	11.0112	80.3043	
0.994649	-0.0224912	0.100833	0.0683389	0.875208	-0.478896	-0.0774793	0.483224	0.872062	-9.59629	11.4695	81.1528	
0.99535	-0.0272952	0.0923791	0.06993	0.864298	-0.498095	-0.0662475	0.502239	0.862187	-9.66584	11.9463	81.9919	
0.995941	-0.0322833	0.0840235	0.0712721	0.85297	-0.51707	-0.0549769	0.52096	0.851809	-9.72449	12.4414	82.8212	
0.996422	-0.0374523	0.0757716	0.0723642	0.841232	-0.53581	-0.0436741	0.539376	0.840932	-9.77223	12.9545	83.6403	
0.996792	-0.0427994	0.067628	0.0732058	0.829089	-0.554304	-0.0323458	0.557477	0.829562	-9.80901	13.4852	84.4486	
0.997052	-0.0483214	0.0595977	0.0737964	0.816549	-0.572541	-0.0209985	0.575251	0.817707	-9.83482	14.0333	85.2456	
0.997202	-0.054015	0.0516853	0.0741355	0.803619	-0.590509	-0.00963894	0.592688	0.805374	-9.84965	14.5984	86.031	
0.99724	-0.0598769	0.0438955	0.0742231	0.790306	-0.6082	0.00172626	0.609779	0.792569	-9.85347	15.1802	86.8042	
0.997168	-0.0659037	0.0362327	0.0740591	0.77662	-0.625601	0.0130904	0.626513	0.779301	-9.8463	15.7784	87.5647	
0.996985	-0.0720919	0.0287016	0.0736435	0.762566	-0.642704	0.024447	0.64288	0.765576	-9.82814	16.3926	88.3122	
0.996691	-0.0784379	0.0213064	0.0729767	0.748155	-0.659499	0.0357892	0.658871	0.751404	-9.799	17.0225	89.0462	
0.996287	-0.0849378	0.0140515	0.0720589	0.733394	-0.675974	0.0471105	0.674477	0.736791	-9.75888	17.6677	89.7663	
0.995773	-0.091588	0.00694128	0.0708908	0.718292	-0.692121	0.0584042	0.689687	0.721748	-9.70783	18.3277	90.4721	
0.995148	-0.0983846	-2.02572e-05	0.069473	0.702857	-0.707931	0.0696637	0.704495	0.706282	-9.64586	19.0023	91.163	
