1	0	0	0	1	0	0	0	1	0	0	0	
0.999993	1.67984e-06	-0.00368676	1.67984e-06	1	0.00091128	0.00368676	-0.00091128	0.999993	0.00167301	-0.000413528	0.907574	
0.999973	6.72648e-06	-0.00737822	6.72345e-06	0.999998	0.0018229	0.00737822	-0.0018229	0.999971	0.00669416	-0.00165427	1.81513	
0.999939	1.51496e-05	-0.0110743	1.51375e-05	0.999996	0.00273482	0.0110743	-0.00273482	0.999935	0.0150677	-0.00372251	2.72267	
0.999891	2.69586e-05	-0.0147747	2.69282e-05	0.999993	0.00364702	0.0147747	-0.00364702	0.999884	0.0267976	-0.00661851	3.63016	
0.999829	4.21625e-05	-0.0184795	4.21016e-05	0.99999	0.00455945	0.0184795	-0.00455945	0.999819	0.041888	-0.0103425	4.53761	
0.999754	6.07701e-05	-0.0221885	6.06634e-05	0.999985	0.00547209	0.0221885	-0.00547209	0.999739	0.0603427	-0.0148947	5.44498	
0.999664	8.27896e-05	-0.0259015	8.26187e-05	0.99998	0.0063849	0.0259016	-0.0063849	0.999644	0.0821654	-0.0202753	6.35228	
0.999561	0.000108229	-0.0296185	0.000107973	0.999973	0.00729785	0.0296185	-0.00729785	0.999535	0.10736	-0.0264844	7.25948	
0.999444	0.000137097	-0.0333393	0.00013673	0.999966	0.00821091	0.0333393	-0.0082109	0.99941	0.135929	-0.033522	8.16658	
0.999313	0.0001694	-0.0370637	0.000168894	0.999958	0.00912403	0.0370637	-0.00912402	0.999271	0.167877	-0.0413884	9.07356	
0.999168	0.000205145	-0.0407917	0.00020447	0.99995	0.0100372	0.0407917	-0.0100372	0.999117	0.203207	-0.0500836	9.9804	
0.999008	0.000244339	-0.0445231	0.000243462	0.99994	0.0109504	0.0445231	-0.0109503	0.998948	0.241922	-0.0596075	10.8871	
0.998835	0.000286989	-0.0482578	0.000285871	0.99993	0.0118635	0.0482578	-0.0118635	0.998764	0.284025	-0.0699601	11.7936	
0.998647	0.000333101	-0.0519957	0.000331702	0.999918	0.0127766	0.0519957	-0.0127766	0.998566	0.329519	-0.0811415	12.7	
0.998445	0.000382681	-0.0557365	0.000380957	0.999906	0.0136896	0.0557366	-0.0136895	0.998352	0.378407	-0.0931515	13.6062	
0.998229	0.000435733	-0.0594803	0.000433639	0.999893	0.0146024	0.0594803	-0.0146024	0.998123	0.430691	-0.10599	14.5122	
0.997999	0.000492264	-0.0632269	0.000489748	0.99988	0.0155151	0.0632269	-0.0155151	0.997879	0.486374	-0.119657	15.4179	
0.997754	0.000552279	-0.066976	0.000549288	0.999865	0.0164277	0.0669761	-0.0164276	0.997619	0.545458	-0.134152	16.3235	
0.997495	0.000615781	-0.0707277	0.000612259	0.999849	0.0173399	0.0707278	-0.0173398	0.997345	0.607947	-0.149475	17.2288	
0.997222	0.000682775	-0.0744818	0.000678663	0.999833	0.018252	0.0744818	-0.0182518	0.997055	0.673841	-0.165626	18.1338	
0.996934	0.000753266	-0.0782381	0.0007485	0.999816	0.0191637	0.0782382	-0.0191635	0.99675	0.743144	-0.182605	19.0386	
0.996632	0.000827256	-0.0819966	0.00082177	0.999798	0.0200751	0.0819966	-0.0200749	0.99643	0.815857	-0.200411	19.943	
0.996316	0.000904749	-0.085757	0.000898475	0.999779	0.0209862	0.0857571	-0.0209859	0.996095	0.891981	-0.219044	20.8472	
0.995985	0.000985748	-0.0895193	0.000978612	0.99976	0.0218969	0.0895194	-0.0218966	0.995744	0.97152	-0.238504	21.7511	
0.995639	0.00107026	-0.0932833	0.00106218	0.999739	0.0228071	0.0932834	-0.0228068	0.995378	1.05447	-0.258789	22.6546	
0.995279	0.00115827	-0.097049	0.00114919	0.999718	0.023717	0.0970491	-0.0237165	0.994997	1.14084	-0.279901	23.5579	
0.994904	0.00124981	-0.100816	0.00123962	0.999696	0.0246263	0.100816	-0.0246258	0.9946	1.23063	-0.301838	24.4607	
0.994515	0.00134485	-0.104585	0.00133348	0.999673	0.0255351	0.104585	-0.0255345	0.994188	1.32384	-0.324601	25.3632	
0.994111	0.00144342	-0.108354	0.00143077	0.999649	0.0264434	0.108354	-0.0264427	0.993761	1.42047	-0.348187	26.2653	
0.993693	0.0015455	-0.112125	0.00153149	0.999625	0.0273511	0.112125	-0.0273503	0.993318	1.52052	-0.372598	27.167	
0.99326	0.00165109	-0.115897	0.00163563	0.999599	0.0282582	0.115897	-0.0282573	0.992859	1.624	-0.397832	28.0683	
0.992812	0.00176021	-0.119669	0.00174319	0.999573	0.0291647	0.11967	-0.0291636	0.992385	1.73089	-0.423889	28.9692	
0.99235	0.00187285	-0.123443	0.00185416	0.999546	0.0300705	0.123443	-0.0300693	0.991896	1.84122	-0.450768	29.8696	
0.991873	0.001989	-0.127217	0.00196855	0.999518	0.0309756	0.127217	-0.0309742	0.991391	1.95496	-0.478469	30.7696	
0.991381	0.00210868	-0.130991	0.00208636	0.99949	0.0318799	0.130991	-0.0318784	0.990871	2.07213	-0.506991	31.6692	
0.990875	0.00223187	-0.134765	0.00220756	0.99946	0.0327835	0.134766	-0.0327819	0.990335	2.19273	-0.536333	32.5682	
0.990354	0.00235858	-0.13854	0.00233217	0.99943	0.0336863	0.138541	-0.0336845	0.989784	2.31675	-0.566495	33.4668	
0.989818	0.00248881	-0.142315	0.00246018	0.999399	0.0345883	0.142316	-0.0345863	0.989217	2.4442	-0.597475	34.3648	
0.989268	0.00262254	-0.14609	0.00259158	0.999367	0.0354894	0.146091	-0.0354872	0.988635	2.57508	-0.629274	35.2623	
0.988703	0.00275979	-0.149865	0.00272637	0.999334	0.0363897	0.149865	-0.0363872	0.988037	2.70938	-0.661889	36.1593	
0.988123	0.00290056	-0.153639	0.00286454	0.9993	0.037289	0.15364	-0.0372862	0.987423	2.84711	-0.695321	37.0558	
0.987528	0.00304482	-0.157413	0.00300609	0.999266	0.0381874	0.157414	-0.0381843	0.986794	2.98826	-0.729569	37.9517	
0.986919	0.0031926	-0.161186	0.00315101	0.999231	0.0390848	0.161187	-0.0390814	0.98615	3.13284	-0.764631	38.847	
0.986295	0.00334387	-0.164959	0.00329929	0.999195	0.0399812	0.16496	-0.0399775	0.98549	3.28084	-0.800507	39.7417	
0.985656	0.00349864	-0.168731	0.00345094	0.999158	0.0408766	0.168732	-0.0408726	0.984814	3.43226	-0.837196	40.6358	
0.985002	0.00365691	-0.172501	0.00360593	0.999121	0.0417709	0.172502	-0.0417665	0.984123	3.58711	-0.874697	41.5292	
0.984334	0.00381867	-0.176271	0.00376426	0.999082	0.0426641	0.176272	-0.0426593	0.983417	3.74538	-0.913008	42.4221	
0.983651	0.00398391	-0.18004	0.00392594	0.999043	0.0435562	0.180041	-0.043551	0.982695	3.90707	-0.95213	43.3143	
0.982954	0.00415264	-0.183807	0.00409094	0.999003	0.0444472	0.183808	-0.0444415	0.981957	4.07218	-0.99206	44.2058	
0.982241	0.00432484	-0.187573	0.00425926	0.998963	0.045337	0.187574	-0.0453308	0.981204	4.24071	-1.0328	45.0967	
0.981514	0.00450051	-0.191337	0.0044309	0.998921	0.0462255	0.191338	-0.0462188	0.980435	4.41266	-1.07434	45.9869	
0.980772	0.00467965	-0.195099	0.00460584	0.998879	0.0471128	0.195101	-0.0471056	0.979651	4.58802	-1.11669	46.8763	
0.980016	0.00486225	-0.19886	0.00478407	0.998836	0.0479989	0.198862	-0.047991	0.978852	4.7668	-1.15984	47.7651	
0.979245	0.00504831	-0.202619	0.00496559	0.998792	0.0488837	0.202621	-0.0488752	0.978037	4.94898	-1.2038	48.6531	
0.978459	0.00523781	-0.206375	0.00515039	0.998748	0.0497671	0.206377	-0.049758	0.977206	5.13458	-1.24856	49.5403	
0.977658	0.00543075	-0.21013	0.00533845	0.998702	0.0506492	0.210132	-0.0506394	0.976361	5.32359	-1.29412	50.4269	
0.976843	0.00562713	-0.213882	0.00552977	0.998656	0.0515299	0.213884	-0.0515193	0.9755	5.516	-1.34048	51.3126	
0.976014	0.00582694	-0.217631	0.00572434	0.998609	0.0524092	0.217634	-0.0523979	0.974623	5.71182	-1.38763	52.1975	
0.975169	0.00603016	-0.221378	0.00592215	0.998562	0.053287	0.221381	-0.0532749	0.973731	5.91104	-1.43559	53.0817	
0.974311	0.0062368	-0.225122	0.00612318	0.998513	0.0541634	0.225126	-0.0541505	0.972824	6.11366	-1.48434	53.965	
0.972878	0.00657217	-0.231224	0.0058063	0.998588	0.0528134	0.231244	-0.0527236	0.971466	6.32076	-1.53283	54.8473	
0.971407	0.00689881	-0.23732	0.00548172	0.99866	0.0514686	0.237357	-0.0512979	0.970067	6.5334	-1.58004	55.7283	
0.969896	0.0072167	-0.243412	0.00514945	0.998729	0.0501289	0.243464	-0.0498732	0.968627	6.7516	-1.62595	56.6081	
0.968346	0.00752582	-0.249498	0.00480948	0.998797	0.0487941	0.249565	-0.0484495	0.967145	6.97533	-1.67057	57.4865	
0.966757	0.00782615	-0.255577	0.00446182	0.998863	0.0474641	0.255658	-0.0470266	0.965623	7.20459	-1.71389	58.3636	
0.965129	0.00811766	-0.26165	0.00410647	0.998927	0.0461388	0.261744	-0.0456043	0.964059	7.43938	-1.75593	59.2393	
0.963461	0.00840034	-0.267716	0.0037434	0.998988	0.044818	0.267821	-0.0441825	0.962455	7.67969	-1.79667	60.1135	
0.961755	0.00867417	-0.273773	0.00337262	0.999048	0.0435016	0.27389	-0.0427612	0.96081	7.92552	-1.83613	60.9863	
0.96001	0.00893913	-0.279822	0.00299412	0.999105	0.0421894	0.279948	-0.0413401	0.959125	8.17684	-1.87429	61.8575	
0.958227	0.00919521	-0.285861	0.00260786	0.999161	0.0408814	0.285997	-0.0399192	0.957399	8.43366	-1.91116	62.7272	
0.956405	0.00944238	-0.291891	0.00221384	0.999214	0.0395774	0.292035	-0.0384982	0.955632	8.69597	-1.94675	63.5953	
0.954545	0.00968062	-0.297911	0.00181204	0.999266	0.0382772	0.298062	-0.0370771	0.953826	8.96375	-1.98104	64.4618	
0.952646	0.00990993	-0.303919	0.00140242	0.999315	0.0369807	0.304077	-0.0356558	0.95198	9.23699	-2.01405	65.3266	
0.95071	0.0101303	-0.309916	0.000984965	0.999362	0.0356879	0.31008	-0.0342341	0.950094	9.51569	-2.04577	66.1898	
0.948736	0.0103417	-0.315901	0.00055964	0.999408	0.0343984	0.31607	-0.0328118	0.948168	9.79983	-2.07619	67.0512	
0.946724	0.0105441	-0.321874	0.000126412	0.999452	0.0331123	0.322046	-0.0313889	0.946203	10.0894	-2.10532	67.9108	
0.944675	0.0107375	-0.327833	-0.000314755	0.999493	0.0318294	0.328009	-0.0299652	0.944199	10.3844	-2.13317	68.7687	
0.942588	0.0109219	-0.333779	-0.000763901	0.999533	0.0305495	0.333956	-0.0285406	0.942156	10.6848	-2.15971	69.6247	
0.940465	0.0110973	-0.33971	-0.00122107	0.999571	0.0292725	0.339889	-0.0271149	0.940075	10.9906	-2.18497	70.4788	
0.934644	0.0114214	-0.355401	-0.00654721	0.999867	0.0149145	0.355524	-0.0116128	0.934595	11.3062	-2.20255	71.3296	
0.928564	0.011486	-0.370996	-0.0121114	0.999926	0.000644041	0.370976	0.00389526	0.928634	11.6358	-2.20605	72.1751	
0.922226	0.011291	-0.386487	-0.0179109	0.999748	-0.0135314	0.386236	0.0194013	0.922196	11.9795	-2.19548	73.015	
0.915634	0.0108366	-0.401866	-0.0239426	0.999332	-0.0276046	0.401298	0.0348974	0.915282	12.3369	-2.17083	73.8489	
0.908793	0.0101229	-0.417126	-0.0302034	0.998679	-0.0415683	0.416154	0.0503756	0.907898	12.7078	-2.13214	74.6763	
0.901704	0.00915026	-0.432258	-0.0366902	0.997789	-0.0554152	0.430795	0.0658277	0.900046	13.0922	-2.0794	75.4967	
0.894372	0.00791928	-0.447254	-0.0433995	0.996663	-0.0691384	0.445214	0.0812461	0.891731	13.4897	-2.01266	76.3098	
0.8868	0.00643056	-0.462108	-0.050328	0.9953	-0.0827307	0.459404	0.0966225	0.882956	13.9002	-1.93194	77.1152	
0.878993	0.00468486	-0.476811	-0.057472	0.993703	-0.096185	0.473358	0.111949	0.873727	14.3235	-1.83729	77.9124	
0.870955	0.00268307	-0.491356	-0.0648278	0.991871	-0.109495	0.487068	0.127218	0.864049	14.7594	-1.72875	78.701	
0.862689	0.000426237	-0.505735	-0.0723918	0.989806	-0.122653	0.500527	0.142422	0.853925	15.2076	-1.60639	79.4807	
0.8542	-0.00208449	-0.519941	-0.08016	0.987508	-0.135652	0.513729	0.157552	0.843362	15.6678	-1.47026	80.2509	
0.845492	-0.00484781	-0.533967	-0.0881283	0.98498	-0.148486	0.526666	0.172602	0.832365	16.14	-1.32043	81.0114	
0.836569	-0.0078623	-0.547804	-0.0962927	0.982221	-0.161149	0.539332	0.187562	0.820939	16.6237	-1.15699	81.7616	
0.827438	-0.0111264	-0.561447	-0.104649	0.979234	-0.173633	0.551721	0.202426	0.809091	17.1189	-0.980009	82.5014	
0.818101	-0.0146385	-0.574889	-0.113193	0.976021	-0.185933	0.563825	0.217185	0.796826	17.6251	-0.789586	83.2301	
0.808564	-0.0183967	-0.588121	-0.12192	0.972582	-0.198042	0.575639	0.231833	0.784151	18.1422	-0.585818	83.9476	
0.798831	-0.022399	-0.601138	-0.130826	0.968919	-0.209953	0.587157	0.246361	0.771073	18.6699	-0.36881	84.6534	
0.788909	-0.0266436	-0.613933	-0.139906	0.965035	-0.221661	0.598372	0.260763	0.757597	19.2079	-0.138673	85.3471	
0.778801	-0.0311281	-0.626498	-0.149155	0.960931	-0.23316	0.60928	0.27503	0.743731	19.7559	0.104474	86.0284	
