1	0	0	0	1	0	0	0	1	0	0	0	
0.999996	-5.99856e-07	-0.00291846	-5.99856e-07	1	-0.000411075	0.00291846	0.000411075	0.999996	0.00108706	0.000153115	0.744948	
0.999983	-2.40509e-06	-0.00584165	-2.40861e-06	1	-0.000824024	0.00584165	0.000824024	0.999983	0.00434998	0.000613159	1.48989	
0.999962	-5.42504e-06	-0.00876949	-5.43916e-06	0.999999	-0.00123884	0.00876949	0.00123884	0.999961	0.00979227	0.00138152	2.23482	
0.999932	-9.66898e-06	-0.0117019	-9.70434e-06	0.999999	-0.00165551	0.0117019	0.00165551	0.99993	0.0174173	0.0024596	2.97973	
0.999893	-1.51461e-05	-0.0146388	-1.5217e-05	0.999998	-0.00207404	0.0146388	0.00207404	0.999891	0.0272286	0.00384876	3.72461	
0.999845	-2.18657e-05	-0.0175801	-2.19899e-05	0.999997	-0.00249441	0.0175801	0.00249441	0.999842	0.0392294	0.0055504	4.46946	
0.999789	-2.98368e-05	-0.0205258	-3.00358e-05	0.999996	-0.00291662	0.0205258	0.00291663	0.999785	0.0534229	0.00756588	5.21427	
0.999724	-3.90684e-05	-0.0234758	-3.93674e-05	0.999994	-0.00334067	0.0234758	0.00334067	0.999719	0.0698124	0.00989656	5.95904	
0.999651	-4.95696e-05	-0.0264299	-4.99974e-05	0.999993	-0.00376654	0.0264299	0.00376654	0.999644	0.088401	0.0125438	6.70375	
0.999568	-6.13493e-05	-0.0293882	-6.19384e-05	0.999991	-0.00419422	0.0293882	0.00419423	0.999559	0.109192	0.015509	7.4484	
0.999477	-7.44164e-05	-0.0323505	-7.5203e-05	0.999989	-0.00462372	0.0323504	0.00462373	0.999466	0.132188	0.0187935	8.19299	
0.999376	-8.87797e-05	-0.0353167	-8.98039e-05	0.999987	-0.00505501	0.0353167	0.00505503	0.999363	0.157392	0.0223986	8.93751	
0.999267	-0.000104448	-0.0382869	-0.000105753	0.999985	-0.0054881	0.0382869	0.00548813	0.999252	0.184808	0.0263256	9.68194	
0.999148	-0.00012143	-0.0412608	-0.000123064	0.999982	-0.00592298	0.0412608	0.00592301	0.999131	0.214437	0.030576	10.4263	
0.999021	-0.000139734	-0.0442385	-0.000141749	0.99998	-0.00635963	0.0442385	0.00635968	0.999001	0.246284	0.035151	11.1705	
0.998885	-0.000159369	-0.0472199	-0.000161819	0.999977	-0.00679806	0.0472199	0.00679812	0.998861	0.28035	0.0400519	11.9147	
0.998739	-0.000180344	-0.0502049	-0.000183288	0.999974	-0.00723825	0.0502049	0.00723832	0.998713	0.316638	0.0452802	12.6587	
0.998584	-0.000202666	-0.0531933	-0.000206167	0.99997	-0.00768019	0.0531933	0.00768029	0.998555	0.355151	0.050837	13.4027	
0.99842	-0.000226345	-0.0561852	-0.000230469	0.999967	-0.00812388	0.0561852	0.008124	0.998387	0.395892	0.0567237	14.1465	
0.998247	-0.000251388	-0.0591805	-0.000256206	0.999963	-0.00856931	0.0591805	0.00856945	0.998211	0.438863	0.0629416	14.8902	
0.998065	-0.000277804	-0.062179	-0.000283391	0.999959	-0.00901647	0.062179	0.00901664	0.998024	0.484066	0.069492	15.6337	
0.997873	-0.000305601	-0.0651808	-0.000312035	0.999955	-0.00946535	0.0651807	0.00946556	0.997829	0.531504	0.0763761	16.3771	
0.997673	-0.000334787	-0.0681856	-0.00034215	0.999951	-0.00991594	0.0681856	0.00991619	0.997623	0.58118	0.0835953	17.1204	
0.997462	-0.00036537	-0.0711935	-0.000373749	0.999946	-0.0103682	0.0711935	0.0103685	0.997409	0.633095	0.0911509	17.8635	
0.997243	-0.000397359	-0.0742044	-0.000406843	0.999941	-0.0108222	0.0742044	0.0108226	0.997184	0.687252	0.099044	18.6064	
0.997014	-0.000430761	-0.0772182	-0.000441444	0.999936	-0.0112779	0.0772182	0.0112783	0.99695	0.743653	0.107276	19.3492	
0.996776	-0.000465583	-0.0802348	-0.000477564	0.999931	-0.0117352	0.0802348	0.0117357	0.996707	0.802301	0.115848	20.0918	
0.996528	-0.000501835	-0.0832542	-0.000515215	0.999926	-0.0121943	0.0832541	0.0121948	0.996454	0.863196	0.124762	20.8342	
0.996271	-0.000539523	-0.0862762	-0.000554409	0.99992	-0.0126549	0.0862761	0.0126556	0.996191	0.926342	0.134018	21.5764	
0.996005	-0.000578655	-0.0893009	-0.000595157	0.999914	-0.0131173	0.0893008	0.013118	0.995918	0.99174	0.143618	22.3184	
0.995728	-0.000619239	-0.092328	-0.00063747	0.999908	-0.0135812	0.0923279	0.0135821	0.995636	1.05939	0.153563	23.0602	
0.995443	-0.000661282	-0.0953576	-0.000681361	0.999901	-0.0140468	0.0953575	0.0140478	0.995344	1.1293	0.163854	23.8018	
0.995148	-0.000704792	-0.0983896	-0.000726841	0.999894	-0.0145141	0.0983894	0.0145151	0.995042	1.20147	0.174493	24.5432	
0.994843	-0.000749776	-0.101424	-0.00077392	0.999887	-0.0149829	0.101424	0.0149841	0.99473	1.27589	0.185481	25.2843	
0.994529	-0.000796241	-0.10446	-0.000822612	0.99988	-0.0154533	0.10446	0.0154547	0.994409	1.35258	0.196819	26.0252	
0.994205	-0.000844195	-0.107499	-0.000872926	0.999873	-0.0159253	0.107499	0.0159269	0.994078	1.43153	0.208508	26.7659	
0.993871	-0.000893645	-0.11054	-0.000924875	0.999865	-0.0163989	0.110539	0.0164007	0.993736	1.51274	0.220549	27.5063	
0.993528	-0.000944598	-0.113582	-0.000978468	0.999857	-0.0168741	0.113582	0.016876	0.993385	1.59622	0.232944	28.2464	
0.993175	-0.000997061	-0.116627	-0.00103372	0.999849	-0.0173509	0.116626	0.017353	0.993024	1.68197	0.245693	28.9863	
0.992813	-0.00105104	-0.119673	-0.00109064	0.99984	-0.0178291	0.119673	0.0178315	0.992653	1.76998	0.258799	29.7259	
0.992441	-0.00110654	-0.122721	-0.00114923	0.999832	-0.018309	0.122721	0.0183116	0.992272	1.86027	0.272261	30.4653	
0.992059	-0.00116358	-0.125771	-0.00120952	0.999823	-0.0187903	0.125771	0.0187932	0.991881	1.95283	0.286082	31.2043	
0.991667	-0.00122215	-0.128823	-0.0012715	0.999813	-0.0192732	0.128822	0.0192764	0.99148	2.04765	0.300262	31.9431	
0.991265	-0.00128226	-0.131875	-0.0013352	0.999804	-0.0197576	0.131875	0.0197611	0.991069	2.14476	0.314802	32.6815	
0.990854	-0.00134393	-0.13493	-0.00140061	0.999794	-0.0202435	0.134929	0.0202473	0.990648	2.24414	0.329704	33.4197	
0.990433	-0.00140715	-0.137986	-0.00146776	0.999784	-0.0207309	0.137985	0.0207351	0.990217	2.34579	0.344969	34.1575	
0.990002	-0.00147193	-0.141043	-0.00153665	0.999774	-0.0212197	0.141042	0.0212243	0.989776	2.44972	0.360598	34.895	
0.989562	-0.00153829	-0.144101	-0.0016073	0.999763	-0.0217101	0.1441	0.0217151	0.989325	2.55593	0.376592	35.6321	
0.989111	-0.00160622	-0.147161	-0.00167971	0.999752	-0.0222019	0.14716	0.0222073	0.988863	2.66442	0.392952	36.369	
0.988651	-0.00167573	-0.150221	-0.00175389	0.999741	-0.0226951	0.15022	0.022701	0.988392	2.77518	0.409679	37.1054	
0.988181	-0.00174683	-0.153283	-0.00182985	0.999729	-0.0231897	0.153282	0.0231961	0.98791	2.88823	0.426775	37.8416	
0.987701	-0.00181953	-0.156345	-0.00190761	0.999718	-0.0236858	0.156344	0.0236927	0.987418	3.00356	0.44424	38.5773	
0.986944	-0.00193892	-0.161054	-0.00233237	0.999651	-0.0263276	0.161049	0.0263595	0.986594	3.12178	0.462883	39.3126	
0.986163	-0.00207122	-0.165766	-0.0027694	0.999577	-0.0289651	0.165755	0.0290234	0.98574	3.24351	0.483512	40.0472	
0.985359	-0.00221645	-0.17048	-0.0032187	0.999495	-0.0315985	0.170464	0.0316846	0.984854	3.36874	0.506124	40.7812	
0.984531	-0.00237462	-0.175196	-0.00368027	0.999407	-0.0342277	0.175173	0.034343	0.983938	3.49748	0.530717	41.5146	
0.983679	-0.00254575	-0.179914	-0.0041541	0.999312	-0.0368526	0.179884	0.0369985	0.982992	3.62973	0.55729	42.2472	
0.982804	-0.00272985	-0.184634	-0.00464017	0.99921	-0.0394731	0.184596	0.0396511	0.982014	3.76549	0.58584	42.9791	
0.981904	-0.00292694	-0.189355	-0.0051385	0.999101	-0.0420894	0.189308	0.0423007	0.981006	3.90476	0.616366	43.7103	
0.980981	-0.00313702	-0.194076	-0.00564906	0.998984	-0.0447012	0.19402	0.0449474	0.979967	4.04754	0.648863	44.4407	
0.980035	-0.0033601	-0.198799	-0.00617184	0.998861	-0.0473086	0.198731	0.0475911	0.978898	4.19383	0.683332	45.1703	
0.979064	-0.00359619	-0.203521	-0.00670685	0.998731	-0.0499116	0.203442	0.0502317	0.977798	4.34363	0.719768	45.8992	
0.978069	-0.0038453	-0.208243	-0.00725408	0.998594	-0.0525101	0.208152	0.0528692	0.976666	4.49694	0.758171	46.6272	
0.977051	-0.00410742	-0.212965	-0.0078135	0.99845	-0.0551041	0.212861	0.0555035	0.975505	4.65376	0.798537	47.3543	
0.976009	-0.00438257	-0.217686	-0.00838513	0.998299	-0.0576935	0.217569	0.0581347	0.974312	4.81408	0.840864	48.0806	
0.974943	-0.00467074	-0.222406	-0.00896894	0.998141	-0.0602784	0.222274	0.0607627	0.973089	4.97791	0.885151	48.8059	
0.973853	-0.00497192	-0.227124	-0.00956494	0.997977	-0.0628586	0.226977	0.0633874	0.971835	5.14525	0.931394	49.5304	
0.972739	-0.00528613	-0.231841	-0.0101731	0.997805	-0.0654341	0.231678	0.0660089	0.97055	5.31609	0.979591	50.2538	
0.971602	-0.00561335	-0.236555	-0.0107934	0.997627	-0.068005	0.236376	0.068627	0.969235	5.49042	1.02974	50.9764	
0.97044	-0.00595358	-0.241267	-0.0114259	0.997441	-0.0705711	0.24107	0.0712418	0.967889	5.66826	1.08184	51.6979	
0.969255	-0.00630681	-0.245977	-0.0120705	0.997249	-0.0731325	0.245761	0.0738532	0.966513	5.84959	1.13588	52.4184	
0.968046	-0.00667304	-0.250683	-0.0127273	0.99705	-0.0756891	0.250449	0.0764611	0.965106	6.03442	1.19187	53.1379	
0.966814	-0.00705225	-0.255386	-0.0133962	0.996844	-0.0782409	0.255132	0.0790656	0.963668	6.22274	1.2498	53.8563	
0.965557	-0.00744443	-0.260085	-0.0140772	0.996632	-0.0807879	0.25981	0.0816666	0.9622	6.41454	1.30967	54.5737	
0.964277	-0.00784957	-0.26478	-0.0147703	0.996413	-0.0833299	0.264484	0.084264	0.960702	6.60983	1.37147	55.2899	
0.962973	-0.00826766	-0.26947	-0.0154755	0.996186	-0.0858671	0.269153	0.0868579	0.959173	6.80859	1.43521	56.005	
0.961646	-0.00869868	-0.274156	-0.0161928	0.995953	-0.0883993	0.273816	0.0894482	0.957614	7.01084	1.50088	56.719	
0.960295	-0.0091426	-0.278837	-0.0169222	0.995714	-0.0909266	0.278474	0.0920348	0.956024	7.21655	1.56848	57.4317	
0.95892	-0.00959943	-0.283513	-0.0176637	0.995467	-0.0934488	0.283125	0.0946178	0.954404	7.42573	1.638	58.1433	
0.957522	-0.0100691	-0.288183	-0.0184172	0.995214	-0.095966	0.28777	0.0971971	0.952754	7.63838	1.70945	58.8537	
0.956101	-0.0105517	-0.292847	-0.0191827	0.994954	-0.0984781	0.292409	0.0997727	0.951074	7.85448	1.78282	59.5628	
0.954656	-0.011047	-0.297505	-0.0199603	0.994688	-0.100985	0.29704	0.102344	0.949364	8.07403	1.8581	60.2707	
0.953188	-0.0115552	-0.302156	-0.0207499	0.994414	-0.103487	0.301665	0.104912	0.947624	8.29704	1.9353	60.9773	
0.951697	-0.0120762	-0.306801	-0.0215516	0.994134	-0.105984	0.306281	0.107477	0.945854	8.52348	2.01441	61.6825	
0.950183	-0.0126099	-0.311438	-0.0223652	0.993848	-0.108475	0.31089	0.110037	0.944055	8.75336	2.09543	62.3865	
0.948645	-0.0131563	-0.316068	-0.0231909	0.993554	-0.110962	0.31549	0.112593	0.942225	8.98668	2.17835	63.0891	
0.947085	-0.0137155	-0.32069	-0.0240285	0.993254	-0.113443	0.320083	0.115146	0.940366	9.22341	2.26318	63.7903	
0.945502	-0.0142873	-0.325304	-0.0248782	0.992947	-0.115919	0.324666	0.117694	0.938478	9.46356	2.34991	64.4901	
0.943895	-0.0148717	-0.32991	-0.0257398	0.992634	-0.118389	0.32924	0.120239	0.936559	9.70713	2.43853	65.1885	
0.942267	-0.0154687	-0.334506	-0.0266133	0.992313	-0.120855	0.333805	0.12278	0.934612	9.9541	2.52905	65.8855	
0.940615	-0.0160783	-0.339094	-0.0274988	0.991987	-0.123314	0.33836	0.125316	0.932635	10.2045	2.62146	66.581	
0.938941	-0.0167004	-0.343673	-0.0283962	0.991653	-0.125769	0.342905	0.127849	0.930629	10.4582	2.71576	67.275	
0.937244	-0.017335	-0.348242	-0.0293056	0.991313	-0.128218	0.347439	0.130377	0.928594	10.7154	2.81194	67.9675	
0.935526	-0.017982	-0.352801	-0.0302269	0.990966	-0.130662	0.351964	0.132901	0.926531	10.9759	2.91	68.6585	
0.933784	-0.0186415	-0.35735	-0.03116	0.990613	-0.1331	0.356477	0.135422	0.924438	11.2397	3.00995	69.348	
0.932021	-0.0193133	-0.361889	-0.0321051	0.990253	-0.135532	0.360979	0.137938	0.922316	11.507	3.11177	70.0358	
0.927626	-0.0210515	-0.372917	-0.0373228	0.988189	-0.148624	0.371641	0.151786	0.915884	11.7799	3.21968	70.7205	
0.923103	-0.0229555	-0.383866	-0.0426915	0.985929	-0.161622	0.382175	0.165581	0.909134	12.0606	3.3379	71.4003	
0.918455	-0.0250247	-0.394732	-0.0482092	0.983473	-0.174521	0.392576	0.17932	0.902069	12.3492	3.46637	72.075	
