1	0	0	0	1	0	0	0	1	0	0	0	
1	5.24339e-08	0.000142852	5.24339e-08	1	-0.0007341	-0.000142852	0.0007341	1	-7.24002e-05	0.000372055	1.01364	
1	2.10925e-07	0.000286512	2.10929e-07	0.999999	-0.00147238	-0.000286512	0.00147238	0.999999	-0.00029001	0.00149034	2.02727	
1	4.77252e-07	0.000430973	4.77267e-07	0.999998	-0.0022148	-0.000430973	0.0022148	0.999997	-0.000653645	0.00335906	3.04091	
1	8.53177e-07	0.000576227	8.53216e-07	0.999996	-0.00296132	-0.000576227	0.00296132	0.999995	-0.00116411	0.00598241	4.05454	
1	1.34046e-06	0.000722266	1.34053e-06	0.999993	-0.0037119	-0.000722266	0.0037119	0.999993	-0.00182221	0.00936452	5.06817	
1	1.94083e-06	0.000869083	1.94096e-06	0.99999	-0.00446651	-0.000869083	0.00446651	0.99999	-0.00262874	0.0135095	6.0818	
0.999999	2.65602e-06	0.00101667	2.65623e-06	0.999986	-0.00522511	-0.00101667	0.00522511	0.999986	-0.00358447	0.0184214	7.09542	
0.999999	3.48774e-06	0.00116502	3.48807e-06	0.999982	-0.00598765	-0.00116502	0.00598765	0.999981	-0.00469019	0.0241042	8.10904	
0.999999	4.43769e-06	0.00131413	4.43816e-06	0.999977	-0.00675411	-0.00131413	0.00675411	0.999976	-0.00594667	0.030562	9.12266	
0.999999	5.50756e-06	0.00146398	5.50822e-06	0.999972	-0.00752443	-0.00146398	0.00752443	0.999971	-0.00735466	0.0377986	10.1363	
0.999999	6.69901e-06	0.00161457	6.69989e-06	0.999966	-0.00829859	-0.00161457	0.00829859	0.999964	-0.00891493	0.045818	11.1499	
0.999998	8.01371e-06	0.0017659	8.01486e-06	0.999959	-0.00907654	-0.0017659	0.00907654	0.999957	-0.0106282	0.054624	12.1635	
0.999998	9.45328e-06	0.00191795	9.45475e-06	0.999951	-0.00985824	-0.00191795	0.00985824	0.99995	-0.0124952	0.0642205	13.1771	
0.999998	1.10194e-05	0.00207071	1.10212e-05	0.999943	-0.0106436	-0.00207071	0.0106436	0.999941	-0.0145168	0.0746112	14.1906	
0.999998	1.27135e-05	0.00222418	1.27158e-05	0.999935	-0.0114327	-0.00222418	0.0114327	0.999932	-0.0166935	0.0858	15.2042	
0.999997	1.45374e-05	0.00237836	1.45402e-05	0.999925	-0.0122254	-0.00237836	0.0122254	0.999922	-0.0190262	0.0977903	16.2178	
0.999997	1.64926e-05	0.00253323	1.64959e-05	0.999915	-0.0130217	-0.00253323	0.0130217	0.999912	-0.0215154	0.110586	17.2313	
0.999996	1.85805e-05	0.00268878	1.85845e-05	0.999904	-0.0138216	-0.00268878	0.0138216	0.999901	-0.024162	0.124191	18.2449	
0.999996	2.08029e-05	0.00284501	2.08076e-05	0.999893	-0.014625	-0.00284501	0.014625	0.999889	-0.0269667	0.138608	19.2584	
0.999995	2.31611e-05	0.00300191	2.31666e-05	0.999881	-0.0154318	-0.00300191	0.0154318	0.999876	-0.02993	0.153841	20.2719	
0.999995	2.56566e-05	0.00315947	2.56631e-05	0.999868	-0.0162421	-0.00315947	0.0162421	0.999863	-0.0330527	0.169894	21.2854	
0.999994	2.82911e-05	0.00331768	2.82985e-05	0.999855	-0.0170557	-0.00331768	0.0170557	0.999849	-0.0363354	0.18677	22.2989	
0.999994	3.10658e-05	0.00347653	3.10744e-05	0.99984	-0.0178727	-0.00347653	0.0178727	0.999834	-0.0397789	0.204472	23.3124	
0.999993	3.39823e-05	0.00363603	3.39921e-05	0.999825	-0.018693	-0.00363603	0.018693	0.999819	-0.0433836	0.223005	24.3258	
0.999993	3.70419e-05	0.00379615	3.7053e-05	0.99981	-0.0195165	-0.00379615	0.0195165	0.999802	-0.0471504	0.24237	25.3393	
0.999992	4.02461e-05	0.00395689	4.02587e-05	0.999793	-0.0203433	-0.00395689	0.0203433	0.999785	-0.0510798	0.262572	26.3527	
0.999992	4.35963e-05	0.00411824	4.36104e-05	0.999776	-0.0211733	-0.00411824	0.0211733	0.999767	-0.0551724	0.283613	27.3661	
0.999991	4.70937e-05	0.00428019	4.71095e-05	0.999758	-0.0220063	-0.00428019	0.0220063	0.999749	-0.0594289	0.305497	28.3795	
0.99999	5.07398e-05	0.00444275	5.07574e-05	0.999739	-0.0228425	-0.00444275	0.0228425	0.999729	-0.0638498	0.328227	29.3929	
0.999989	5.45358e-05	0.00460588	5.45554e-05	0.99972	-0.0236817	-0.00460588	0.0236817	0.999709	-0.0684358	0.351807	30.4062	
0.999989	5.8483e-05	0.0047696	5.85048e-05	0.999699	-0.024524	-0.0047696	0.024524	0.999688	-0.0731875	0.376238	31.4196	
0.999988	6.25827e-05	0.00493389	6.26068e-05	0.999678	-0.0253692	-0.00493389	0.0253692	0.999666	-0.0781054	0.401525	32.4329	
0.999987	6.68362e-05	0.00509874	6.68626e-05	0.999656	-0.0262173	-0.00509874	0.0262173	0.999643	-0.0831901	0.42767	33.4462	
0.999986	7.12446e-05	0.00526414	7.12736e-05	0.999634	-0.0270683	-0.00526414	0.0270683	0.99962	-0.0884422	0.454676	34.4594	
0.999985	7.58091e-05	0.00543008	7.58409e-05	0.99961	-0.0279221	-0.00543008	0.0279221	0.999595	-0.0938622	0.482546	35.4727	
0.999984	8.05309e-05	0.00559657	8.05657e-05	0.999586	-0.0287787	-0.00559657	0.0287787	0.99957	-0.0994507	0.511283	36.4859	
0.999983	8.54112e-05	0.00576358	8.54491e-05	0.999561	-0.0296381	-0.00576358	0.0296381	0.999544	-0.105208	0.54089	37.4991	
0.999982	9.04511e-05	0.00593111	9.04923e-05	0.999535	-0.0305001	-0.00593111	0.0305001	0.999517	-0.111135	0.571369	38.5122	
0.999981	9.56516e-05	0.00609915	9.56963e-05	0.999508	-0.0313649	-0.00609915	0.0313649	0.999489	-0.117232	0.602723	39.5254	
0.99998	0.000101014	0.00626769	0.000101062	0.99948	-0.0322322	-0.00626769	0.0322322	0.999461	-0.1235	0.634955	40.5385	
0.999979	0.000106539	0.00643673	0.000106591	0.999452	-0.0331021	-0.00643673	0.0331021	0.999431	-0.129939	0.668068	41.5515	
0.999978	0.000112228	0.00660625	0.000112284	0.999423	-0.0339746	-0.00660625	0.0339746	0.999401	-0.136549	0.702064	42.5646	
0.999977	0.000118081	0.00677625	0.000118142	0.999393	-0.0348495	-0.00677625	0.0348495	0.99937	-0.143332	0.736945	43.5776	
0.999976	0.000124101	0.00694672	0.000124166	0.999362	-0.0357269	-0.00694672	0.0357269	0.999337	-0.150287	0.772714	44.5906	
0.999975	0.000130287	0.00711764	0.000130357	0.99933	-0.0366066	-0.00711764	0.0366066	0.999304	-0.157415	0.809374	45.6035	
0.999973	0.00013664	0.00728902	0.000136716	0.999297	-0.0374887	-0.00728902	0.0374887	0.99927	-0.164717	0.846927	46.6164	
0.999972	0.000143162	0.00746083	0.000143243	0.999263	-0.0383731	-0.00746083	0.0383731	0.999236	-0.172192	0.885375	47.6293	
0.999971	0.000149854	0.00763308	0.00014994	0.999229	-0.0392598	-0.00763308	0.0392598	0.9992	-0.179842	0.924721	48.6422	
0.99997	0.000156715	0.00780576	0.000156807	0.999194	-0.0401487	-0.00780575	0.0401487	0.999163	-0.187667	0.964967	49.655	
0.999968	0.000163747	0.00797884	0.000163846	0.999158	-0.0410398	-0.00797884	0.0410398	0.999126	-0.195667	1.00611	50.6677	
0.999967	0.000170952	0.00815234	0.000171056	0.99912	-0.0419329	-0.00815234	0.0419329	0.999087	-0.203842	1.04817	51.6805	
0.999965	0.000178328	0.00832623	0.000178439	0.999082	-0.0428282	-0.00832623	0.0428282	0.999048	-0.212194	1.09113	52.6932	
0.999964	0.000185878	0.00850051	0.000185996	0.999044	-0.0437255	-0.00850051	0.0437255	0.999007	-0.220722	1.13499	53.7058	
0.999962	0.000193601	0.00867517	0.000193727	0.999004	-0.0446248	-0.00867517	0.0446248	0.998966	-0.229427	1.17977	54.7184	
0.999961	0.000201499	0.00885021	0.000201632	0.998963	-0.045526	-0.0088502	0.045526	0.998924	-0.238309	1.22546	55.731	
0.999959	0.000209572	0.0090256	0.000209713	0.998922	-0.0464291	-0.0090256	0.0464291	0.998881	-0.247369	1.27206	56.7435	
0.999958	0.000217821	0.00920135	0.00021797	0.998879	-0.0473341	-0.00920134	0.0473341	0.998837	-0.256607	1.31959	57.756	
0.999956	0.000226246	0.00937744	0.000226403	0.998836	-0.0482409	-0.00937743	0.0482409	0.998792	-0.266023	1.36802	58.7684	
0.999954	0.000234848	0.00955387	0.000235014	0.998791	-0.0491494	-0.00955386	0.0491494	0.998746	-0.275617	1.41738	59.7808	
0.999953	0.000243627	0.00973062	0.000243802	0.998746	-0.0500596	-0.00973061	0.0500596	0.998699	-0.285391	1.46766	60.7932	
0.999951	0.000252583	0.00990769	0.000252768	0.9987	-0.0509716	-0.00990768	0.0509716	0.998651	-0.295344	1.51887	61.8055	
0.999949	0.000261718	0.0100851	0.000261912	0.998653	-0.0518851	-0.0100851	0.0518851	0.998602	-0.305477	1.571	62.8177	
0.999947	0.000271031	0.0102627	0.000271236	0.998605	-0.0528002	-0.0102627	0.0528002	0.998552	-0.315789	1.62405	63.8299	
0.999945	0.000280524	0.0104407	0.000280739	0.998556	-0.0537168	-0.0104407	0.0537168	0.998502	-0.326282	1.67804	64.842	
0.999973	0.000112295	0.00739248	0.000305479	0.998403	-0.056488	-0.00738702	0.0564887	0.998376	-0.335318	1.73389	65.8541	
0.999991	-6.43664e-05	0.0043452	0.000321756	0.998242	-0.0592607	-0.00433375	0.0592615	0.998233	-0.341258	1.79256	66.866	
0.999999	-0.000249464	0.00129885	0.000329557	0.998074	-0.0620345	-0.00128087	0.0620349	0.998073	-0.344104	1.85403	67.8778	
0.999998	-0.000443001	-0.00174659	0.000328875	0.997898	-0.0648094	0.00177163	0.0648087	0.997896	-0.343855	1.91832	68.8894	
0.999988	-0.000644981	-0.00479113	0.000319702	0.997713	-0.067585	0.00482376	0.0675826	0.997702	-0.340512	1.98542	69.9008	
0.999969	-0.000855406	-0.00783479	0.000302032	0.997522	-0.070361	0.00787556	0.0703564	0.997491	-0.334076	2.05533	70.912	
0.99994	-0.00107428	-0.0108776	0.000275863	0.997322	-0.0731373	0.010927	0.0731299	0.997263	-0.324547	2.12805	71.923	
0.999459	-0.00281878	-0.032771	-8.87065e-07	0.996319	-0.0857248	0.032892	0.0856785	0.99578	-0.302337	2.20854	72.9331	
0.998495	-0.00483837	-0.0546249	-0.000554955	0.995158	-0.0982896	0.0548359	0.098172	0.993658	-0.257873	2.30173	73.9415	
0.99705	-0.00713174	-0.0764251	-0.00138598	0.993839	-0.110824	0.0767446	0.110603	0.990897	-0.191182	2.40754	74.9473	
0.995124	-0.00969744	-0.0981577	-0.00249344	0.992364	-0.123319	0.098604	0.122962	0.987501	-0.102307	2.52592	75.9501	
0.992718	-0.0125338	-0.119809	-0.00387662	0.990733	-0.135767	0.1204	0.135243	0.98347	0.00869431	2.65679	76.949	
0.989834	-0.015639	-0.141364	-0.00553462	0.988948	-0.14816	0.142119	0.147436	0.978808	0.141751	2.80007	77.9436	
0.986474	-0.0190111	-0.16281	-0.00746639	0.987009	-0.16049	0.163746	0.159535	0.973517	0.296777	2.95565	78.9331	
0.98264	-0.0226478	-0.184133	-0.00967068	0.984918	-0.17275	0.185269	0.171532	0.967601	0.473674	3.12345	79.917	
0.978335	-0.0265469	-0.20532	-0.0121461	0.982676	-0.184931	0.206672	0.183418	0.961064	0.672327	3.30336	80.8945	
0.973561	-0.0307059	-0.226356	-0.014891	0.980285	-0.197026	0.227943	0.195187	0.95391	0.89261	3.49525	81.8651	
0.968321	-0.035122	-0.247228	-0.0179037	0.977746	-0.209026	0.249067	0.20683	0.946143	1.13438	3.69901	82.8281	
0.962618	-0.0397925	-0.267922	-0.0211822	0.975061	-0.220924	0.270032	0.218341	0.937769	1.39748	3.91451	83.783	
0.956457	-0.0447143	-0.288426	-0.0247244	0.972231	-0.232713	0.290823	0.229711	0.928792	1.68175	4.1416	84.7291	
0.949842	-0.0498843	-0.308727	-0.0285281	0.969259	-0.244384	0.311427	0.240934	0.919219	1.987	4.38015	85.6657	
0.942776	-0.0552992	-0.32881	-0.0325907	0.966145	-0.255931	0.331831	0.252002	0.909056	2.31303	4.62999	86.5924	
0.935264	-0.0609555	-0.348664	-0.0369098	0.962893	-0.267346	0.352022	0.262908	0.898309	2.65964	4.89097	87.5084	
0.92731	-0.0668495	-0.368275	-0.0414824	0.959505	-0.278622	0.371987	0.273646	0.886986	3.0266	5.16292	88.4133	
0.918921	-0.0729775	-0.387632	-0.0463058	0.955981	-0.289751	0.391714	0.284207	0.875092	3.41368	5.44566	89.3064	
0.910101	-0.0793355	-0.40672	-0.0513767	0.952326	-0.300726	0.411189	0.294587	0.862637	3.82062	5.73902	90.1871	
0.900857	-0.0859194	-0.42553	-0.056692	0.94854	-0.31154	0.430399	0.304777	0.849628	4.24718	6.04281	91.055	
0.891193	-0.0927251	-0.444047	-0.0622481	0.944628	-0.322186	0.449334	0.314771	0.836073	4.69307	6.35682	91.9094	
0.881116	-0.0997482	-0.46226	-0.0680416	0.94059	-0.332658	0.467979	0.324563	0.821982	5.158	6.68087	92.7498	
0.870633	-0.106984	-0.480159	-0.0740688	0.936429	-0.342949	0.486325	0.334147	0.807362	5.64169	7.01473	93.5756	
0.859751	-0.114428	-0.49773	-0.0803257	0.932149	-0.353051	0.504358	0.343517	0.792224	6.14381	7.3582	94.3863	
0.848475	-0.122076	-0.514963	-0.0868083	0.927753	-0.362959	0.522067	0.352665	0.776578	6.66405	7.71106	95.1815	
0.836815	-0.129922	-0.531847	-0.0935126	0.923241	-0.372667	0.539441	0.361587	0.760433	7.20207	8.07307	95.9605	
0.824776	-0.137961	-0.548371	-0.100434	0.918619	-0.382167	0.556469	0.370278	0.743799	7.75753	8.44402	96.7229	
0.812368	-0.146189	-0.564524	-0.107568	0.913889	-0.391454	0.573139	0.37873	0.726688	8.33006	8.82365	97.4682	
