1	0	0	0	1	0	0	0	1	0	0	0	
0.999999	1.47126e-06	0.00119438	1.47126e-06	0.999997	-0.00246364	-0.00119438	0.00246364	0.999996	-0.000480767	0.000991679	0.805049	
0.999997	5.89929e-06	0.00239186	5.89704e-06	0.999988	-0.00493182	-0.00239186	0.00493182	0.999985	-0.00192432	0.00396854	1.61009	
0.999994	1.33047e-05	0.00359243	1.32957e-05	0.999973	-0.00740446	-0.00359243	0.00740446	0.999966	-0.00433315	0.00893421	2.41512	
0.999988	2.37079e-05	0.00479603	2.36854e-05	0.999951	-0.00988148	-0.00479603	0.00988148	0.99994	-0.00770972	0.0158922	3.22014	
0.999982	3.71291e-05	0.00600265	3.7084e-05	0.999924	-0.0123628	-0.00600265	0.0123628	0.999906	-0.0120565	0.0248461	4.02513	
0.999974	5.35882e-05	0.00721224	5.35091e-05	0.99989	-0.0148484	-0.00721224	0.0148484	0.999864	-0.0173758	0.0357993	4.83008	
0.999965	7.3105e-05	0.00842478	7.2978e-05	0.99985	-0.0173381	-0.00842478	0.0173381	0.999814	-0.0236701	0.0487552	5.63501	
0.999954	9.56987e-05	0.00964022	9.5508e-05	0.999803	-0.0198319	-0.00964022	0.0198319	0.999757	-0.0309417	0.063717	6.43988	
0.999941	0.000121389	0.0108585	0.000121116	0.999751	-0.0223297	-0.0108585	0.0223297	0.999692	-0.039193	0.0806881	7.24471	
0.999927	0.000150194	0.0120797	0.000149818	0.999692	-0.0248314	-0.0120797	0.0248314	0.999619	-0.0484262	0.0996716	8.04949	
0.999911	0.000182134	0.0133036	0.000181631	0.999626	-0.0273369	-0.0133036	0.0273369	0.999538	-0.0586436	0.120671	8.8542	
0.999894	0.000217225	0.0145304	0.000216571	0.999554	-0.0298463	-0.0145304	0.0298462	0.999449	-0.0698476	0.143688	9.65884	
0.999876	0.000255488	0.0157598	0.000254654	0.999476	-0.0323593	-0.0157598	0.0323593	0.999352	-0.0820401	0.168728	10.4634	
0.999856	0.00029694	0.016992	0.000295895	0.999392	-0.0348759	-0.016992	0.0348759	0.999247	-0.0952236	0.195792	11.2679	
0.999834	0.000341598	0.0182268	0.00034031	0.9993	-0.0373961	-0.0182269	0.0373961	0.999134	-0.1094	0.224883	12.0723	
0.99981	0.00038948	0.0194643	0.000387914	0.999203	-0.0399197	-0.0194643	0.0399197	0.999013	-0.124572	0.256004	12.8766	
0.999786	0.000440603	0.0207044	0.000438721	0.999099	-0.0424467	-0.0207044	0.0424467	0.998884	-0.140741	0.289159	13.6808	
0.999759	0.000494985	0.021947	0.000492746	0.998988	-0.0449771	-0.021947	0.0449771	0.998747	-0.157909	0.324349	14.4849	
0.999731	0.000552642	0.0231921	0.000550003	0.998871	-0.0475106	-0.0231922	0.0475106	0.998601	-0.176079	0.361578	15.2889	
0.999701	0.00061359	0.0244398	0.000610507	0.998747	-0.0500473	-0.0244398	0.0500473	0.998448	-0.195252	0.400848	16.0928	
0.99967	0.000677847	0.0256899	0.000674271	0.998616	-0.0525871	-0.02569	0.0525871	0.998286	-0.21543	0.442161	16.8965	
0.999637	0.000745427	0.0269424	0.000741308	0.998479	-0.0551299	-0.0269425	0.0551299	0.998116	-0.236616	0.485519	17.7001	
0.999602	0.000816347	0.0281973	0.000811632	0.998335	-0.0576756	-0.0281974	0.0576756	0.997937	-0.258811	0.530926	18.5036	
0.999566	0.000890622	0.0294545	0.000885255	0.998184	-0.0602242	-0.0294547	0.0602241	0.99775	-0.282018	0.578384	19.3069	
0.999528	0.000968267	0.0307141	0.000962191	0.998027	-0.0627755	-0.0307143	0.0627754	0.997555	-0.306237	0.627895	20.11	
0.999488	0.0010493	0.0319759	0.00104245	0.997863	-0.0653295	-0.0319762	0.0653294	0.997351	-0.331472	0.67946	20.913	
0.999447	0.00113373	0.03324	0.00112605	0.997692	-0.0678862	-0.0332403	0.067886	0.997139	-0.357723	0.733083	21.7159	
0.999404	0.00122157	0.0345063	0.001213	0.997515	-0.0704453	-0.0345066	0.0704452	0.996919	-0.384993	0.788764	22.5185	
0.999359	0.00131285	0.0357748	0.0013033	0.997331	-0.073007	-0.0357751	0.0730068	0.99669	-0.413283	0.846508	23.321	
0.999313	0.00140756	0.0370454	0.00139698	0.997139	-0.075571	-0.0370458	0.0755708	0.996452	-0.442596	0.906314	24.1233	
0.999264	0.00150573	0.0383181	0.00149404	0.996941	-0.0781373	-0.0383185	0.0781371	0.996206	-0.472932	0.968185	24.9254	
0.999215	0.00160737	0.0395928	0.00159449	0.996737	-0.0807058	-0.0395933	0.0807056	0.995951	-0.504293	1.03212	25.7273	
0.999163	0.0017125	0.0408696	0.00169835	0.996525	-0.0832765	-0.0408702	0.0832762	0.995688	-0.536682	1.09813	26.529	
0.99911	0.00182112	0.0421484	0.00180562	0.996306	-0.0858493	-0.042149	0.085849	0.995416	-0.570099	1.16621	27.3304	
0.999055	0.00193324	0.0434291	0.00191632	0.996081	-0.088424	-0.0434298	0.0884237	0.995136	-0.604547	1.23636	28.1317	
0.998998	0.00204889	0.0447117	0.00203045	0.995849	-0.0910007	-0.0447125	0.0910003	0.994847	-0.640026	1.30858	28.9327	
0.998939	0.00216807	0.0459962	0.00214802	0.99561	-0.0935793	-0.0459972	0.0935788	0.994549	-0.676539	1.38288	29.7335	
0.998879	0.00229079	0.0472826	0.00226904	0.995363	-0.0961596	-0.0472836	0.096159	0.994242	-0.714087	1.45925	30.534	
0.998817	0.00241707	0.0485707	0.00239353	0.99511	-0.0987415	-0.0485719	0.098741	0.993927	-0.752671	1.5377	31.3343	
0.998753	0.00254692	0.0498607	0.00252148	0.99485	-0.101325	-0.049862	0.101325	0.993603	-0.792294	1.61824	32.1343	
0.998687	0.00268034	0.0511523	0.00265292	0.994583	-0.10391	-0.0511538	0.10391	0.99327	-0.832955	1.70085	32.9341	
0.99862	0.00281735	0.0524457	0.00278783	0.994309	-0.106497	-0.0524473	0.106496	0.992929	-0.874657	1.78554	33.7336	
0.998551	0.00295796	0.0537407	0.00292625	0.994028	-0.109085	-0.0537425	0.109084	0.992579	-0.917401	1.87232	34.5328	
0.998479	0.00310218	0.0550374	0.00306816	0.99374	-0.111674	-0.0550393	0.111673	0.99222	-0.961189	1.96118	35.3318	
0.998407	0.00325001	0.0563356	0.00321358	0.993445	-0.114265	-0.0563377	0.114264	0.991852	-1.00602	2.05212	36.1304	
0.998332	0.00340148	0.0576354	0.00336251	0.993143	-0.116856	-0.0576376	0.116855	0.991475	-1.0519	2.14515	36.9287	
0.998255	0.00355658	0.0589366	0.00351497	0.992834	-0.119449	-0.0589391	0.119448	0.991089	-1.09882	2.24027	37.7268	
0.998177	0.00371532	0.0602394	0.00367095	0.992518	-0.122043	-0.0602421	0.122041	0.990695	-1.1468	2.33748	38.5245	
0.998097	0.00387772	0.0615436	0.00383047	0.992195	-0.124637	-0.0615465	0.124636	0.990292	-1.19582	2.43677	39.3219	
0.998015	0.00404379	0.0628492	0.00399353	0.991865	-0.127233	-0.0628524	0.127231	0.98988	-1.24589	2.53815	40.119	
0.997931	0.00421352	0.0641561	0.00416013	0.991528	-0.129829	-0.0641596	0.129828	0.989459	-1.29702	2.64163	40.9157	
0.997845	0.00438694	0.0654644	0.00433028	0.991183	-0.132426	-0.0654682	0.132424	0.989029	-1.3492	2.74719	41.7121	
0.997758	0.00456404	0.066774	0.00450398	0.990832	-0.135024	-0.066778	0.135022	0.98859	-1.40243	2.85484	42.5081	
0.997668	0.00474483	0.0680848	0.00468125	0.990474	-0.137622	-0.0680892	0.13762	0.988142	-1.45672	2.96459	43.3038	
0.997577	0.00492933	0.0693968	0.00486208	0.990108	-0.140221	-0.0694015	0.140218	0.987685	-1.51206	3.07643	44.0991	
0.997271	0.00553375	0.0736183	0.00502974	0.989777	-0.142535	-0.0736545	0.142516	0.987048	-1.56965	3.19023	44.894	
0.996947	0.00614834	0.0778394	0.005208	0.989439	-0.144856	-0.077908	0.144819	0.986386	-1.63065	3.3059	45.6884	
0.996604	0.00677313	0.0820598	0.00539692	0.989094	-0.147184	-0.0821618	0.147127	0.985699	-1.69509	3.42341	46.4822	
0.996243	0.00740812	0.0862793	0.00559653	0.988743	-0.149517	-0.0864158	0.149438	0.984988	-1.76294	3.54279	47.2754	
0.995864	0.00805333	0.0904978	0.00580689	0.988386	-0.151856	-0.0906697	0.151754	0.984251	-1.83422	3.66402	48.0681	
0.995466	0.00870876	0.094715	0.00602803	0.988021	-0.154201	-0.0949233	0.154073	0.983489	-1.90893	3.78713	48.8602	
0.99505	0.00937443	0.0989307	0.00625998	0.98765	-0.156551	-0.0991764	0.156395	0.982703	-1.98706	3.9121	49.6516	
0.994616	0.0100503	0.103145	0.00650278	0.987272	-0.158905	-0.103429	0.15872	0.981891	-2.06861	4.03894	50.4424	
0.994163	0.0107365	0.107357	0.00675646	0.986888	-0.161264	-0.107681	0.161048	0.981055	-2.15359	4.16766	51.2326	
0.993691	0.0114329	0.111567	0.00702103	0.986497	-0.163626	-0.111931	0.163378	0.980193	-2.24199	4.29824	52.022	
0.993201	0.0121396	0.115774	0.00729653	0.9861	-0.165993	-0.11618	0.165709	0.979307	-2.33381	4.43071	52.8108	
0.992693	0.0128565	0.11998	0.00758297	0.985696	-0.168363	-0.120428	0.168043	0.978396	-2.42905	4.56505	53.5988	
0.992166	0.0135836	0.124182	0.00788035	0.985285	-0.170736	-0.124674	0.170377	0.97746	-2.52771	4.70128	54.3861	
0.991621	0.014321	0.128382	0.00818869	0.984868	-0.173112	-0.128918	0.172713	0.976499	-2.62979	4.83938	55.1726	
0.991058	0.0150687	0.132578	0.00850799	0.984444	-0.17549	-0.13316	0.175049	0.975513	-2.73528	4.97936	55.9583	
0.990476	0.0158265	0.136772	0.00883825	0.984014	-0.17787	-0.1374	0.177385	0.974503	-2.84419	5.12123	56.7433	
0.989876	0.0165946	0.140961	0.00917948	0.983578	-0.180252	-0.141638	0.179722	0.973467	-2.95651	5.26497	57.5274	
0.989258	0.0173729	0.145147	0.00953165	0.983134	-0.182636	-0.145872	0.182058	0.972407	-3.07224	5.4106	58.3106	
0.988621	0.0181614	0.14933	0.00989477	0.982685	-0.185021	-0.150104	0.184393	0.971323	-3.19138	5.5581	59.093	
0.987966	0.01896	0.153508	0.0102688	0.982229	-0.187406	-0.154333	0.186727	0.970214	-3.31392	5.70749	59.8746	
0.987292	0.0197688	0.157682	0.0106538	0.981767	-0.189792	-0.158559	0.18906	0.96908	-3.43987	5.85875	60.6552	
0.9866	0.0205878	0.161851	0.0110496	0.981298	-0.192178	-0.162781	0.191391	0.967921	-3.56922	6.01189	61.4349	
0.98589	0.0214169	0.166016	0.0114563	0.980823	-0.194564	-0.167	0.193721	0.966739	-3.70196	6.16691	62.2136	
0.985162	0.022256	0.170177	0.0118739	0.980342	-0.19695	-0.171214	0.196048	0.965531	-3.8381	6.3238	62.9914	
0.984416	0.0231053	0.174332	0.0123022	0.979854	-0.199334	-0.175425	0.198372	0.9643	-3.97763	6.48257	63.7682	
0.983651	0.0239645	0.178482	0.0127413	0.979361	-0.201718	-0.179632	0.200694	0.963044	-4.12055	6.6432	64.544	
0.982869	0.0248338	0.182626	0.0131911	0.978861	-0.2041	-0.183834	0.203012	0.961764	-4.26686	6.80571	65.3188	
0.982068	0.0257131	0.186765	0.0136516	0.978356	-0.20648	-0.188032	0.205327	0.960461	-4.41655	6.97007	66.0925	
0.981249	0.0266023	0.190899	0.0141227	0.977844	-0.208858	-0.192225	0.207638	0.959133	-4.56961	7.1363	66.8652	
0.980412	0.0275015	0.195026	0.0146044	0.977326	-0.211234	-0.196414	0.209945	0.957781	-4.72605	7.30439	67.6368	
0.979558	0.0284105	0.199148	0.0150965	0.976803	-0.213607	-0.200597	0.212247	0.956406	-4.88585	7.47433	68.4074	
0.978685	0.0293294	0.203263	0.0155992	0.976274	-0.215977	-0.204775	0.214544	0.955007	-5.04903	7.64613	69.1767	
0.977794	0.030258	0.207372	0.0161122	0.975739	-0.218344	-0.208947	0.216837	0.953584	-5.21556	7.81977	69.945	
0.976886	0.0311965	0.211474	0.0166356	0.975198	-0.220707	-0.213114	0.219124	0.952138	-5.38545	7.99526	70.7121	
0.972407	0.0355804	0.230562	0.016368	0.97546	-0.219567	-0.232716	0.217282	0.947962	-5.56492	8.17093	71.477	
0.967536	0.0399265	0.249561	0.016077	0.97572	-0.218432	-0.252223	0.215352	0.943402	-5.76012	8.34508	72.2383	
0.962273	0.0442329	0.268466	0.0157625	0.975977	-0.217302	-0.271628	0.213336	0.938459	-5.97099	8.51764	72.9958	
0.956622	0.0484979	0.287267	0.0154249	0.976232	-0.216179	-0.290923	0.211232	0.933137	-6.19744	8.68855	73.7492	
0.950584	0.0527198	0.305957	0.0150642	0.976484	-0.215062	-0.310101	0.209044	0.927436	-6.43938	8.85772	74.4982	
0.944163	0.0568969	0.32453	0.0146805	0.976734	-0.213952	-0.329152	0.20677	0.92136	-6.6967	9.0251	75.2424	
0.93736	0.0610274	0.342976	0.014274	0.976981	-0.21285	-0.348071	0.204413	0.914911	-6.96931	9.19062	75.9816	
0.930178	0.0651098	0.361289	0.0138449	0.977224	-0.211756	-0.366848	0.201973	0.908091	-7.25709	9.35421	76.7154	
0.92262	0.0691423	0.379461	0.0133934	0.977465	-0.21067	-0.385477	0.199451	0.900903	-7.55993	9.5158	77.4436	
0.91469	0.0731234	0.397486	0.0129196	0.977703	-0.209593	-0.403949	0.196848	0.893351	-7.87771	9.67532	78.1658	
