1	0	0	0	1	0	0	0	1	0	0	0	
0.999996	-4.04518e-06	-0.00287741	-4.04518e-06	0.999996	-0.00281167	0.00287741	0.00281167	0.999992	0.00134134	0.00131069	0.932321	
0.999983	-1.62086e-05	-0.00575997	-1.62059e-05	0.999984	-0.00562746	0.00575997	0.00562746	0.999968	0.00536776	0.0052447	1.86463	
0.999963	-3.65307e-05	-0.00864756	-3.65202e-05	0.999964	-0.00844725	0.00864756	0.00844725	0.999927	0.012084	0.0118058	2.7969	
0.999933	-6.50512e-05	-0.0115401	-6.50249e-05	0.999936	-0.0112709	0.0115401	0.0112709	0.99987	0.0214947	0.0209977	3.72913	
0.999896	-0.000101809	-0.0144374	-0.000101757	0.999901	-0.0140984	0.0144374	0.0140984	0.999796	0.0336045	0.0328239	4.6613	
0.99985	-0.000146843	-0.0173395	-0.000146751	0.999857	-0.0169296	0.0173395	0.0169296	0.999706	0.0484177	0.047288	5.59339	
0.999795	-0.00020019	-0.0202461	-0.000200042	0.999805	-0.0197643	0.0202461	0.0197643	0.9996	0.0659387	0.0643933	6.52539	
0.999732	-0.000261886	-0.0231573	-0.000261664	0.999744	-0.0226025	0.0231573	0.0226025	0.999476	0.0861717	0.0841432	7.45729	
0.99966	-0.000331969	-0.0260728	-0.00033165	0.999676	-0.0254441	0.0260728	0.0254441	0.999336	0.109121	0.106541	8.38906	
0.99958	-0.000410472	-0.0289926	-0.000410034	0.9996	-0.0282889	0.0289926	0.0282889	0.999179	0.13479	0.131589	9.32069	
0.99949	-0.000497431	-0.0319166	-0.000496845	0.999515	-0.0311368	0.0319166	0.0311368	0.999005	0.163184	0.159291	10.2522	
0.999393	-0.000592878	-0.0348446	-0.000592116	0.999422	-0.0339878	0.0348447	0.0339878	0.998815	0.194306	0.18965	11.1835	
0.999286	-0.000696847	-0.0377766	-0.000695876	0.999321	-0.0368416	0.0377766	0.0368416	0.998607	0.228159	0.222668	12.1146	
0.999171	-0.00080937	-0.0407124	-0.000808155	0.999211	-0.0396983	0.0407125	0.0396983	0.998382	0.264748	0.258348	13.0455	
0.999046	-0.000930478	-0.043652	-0.00092898	0.999094	-0.0425577	0.043652	0.0425577	0.99814	0.304075	0.296692	13.9762	
0.998913	-0.0010602	-0.0465951	-0.00105838	0.998967	-0.0454197	0.0465952	0.0454197	0.997881	0.346145	0.337704	14.9067	
0.998771	-0.00119857	-0.0495418	-0.00119638	0.998833	-0.0482842	0.0495419	0.0482841	0.997604	0.39096	0.381385	15.8369	
0.99862	-0.00134562	-0.0524919	-0.00134301	0.99869	-0.051151	0.0524919	0.051151	0.99731	0.438525	0.427738	16.7669	
0.998461	-0.00150136	-0.0554452	-0.0014983	0.998539	-0.0540201	0.0554453	0.05402	0.996999	0.488841	0.476765	17.6965	
0.998292	-0.00166584	-0.0584018	-0.00166226	0.998379	-0.0568914	0.0584019	0.0568913	0.996671	0.541912	0.528467	18.6259	
0.998114	-0.00183907	-0.0613614	-0.00183492	0.998211	-0.0597647	0.0613615	0.0597646	0.996325	0.597741	0.582848	19.555	
0.997927	-0.00202109	-0.0643239	-0.00201631	0.998034	-0.06264	0.0643241	0.0626398	0.995961	0.656331	0.639908	20.4837	
0.997731	-0.00221192	-0.0672894	-0.00220645	0.997849	-0.0655171	0.0672895	0.0655169	0.99558	0.717685	0.69965	21.4121	
0.997526	-0.00241158	-0.0702575	-0.00240535	0.997655	-0.0683959	0.0702577	0.0683957	0.995181	0.781804	0.762075	22.3401	
0.997312	-0.00262009	-0.0732283	-0.00261305	0.997453	-0.0712763	0.0732285	0.0712761	0.994765	0.848692	0.827185	23.2677	
0.997088	-0.00283749	-0.0762016	-0.00282955	0.997242	-0.0741583	0.0762019	0.074158	0.994331	0.918351	0.894981	24.195	
0.996856	-0.00306378	-0.0791773	-0.00305489	0.997023	-0.0770416	0.0791777	0.0770413	0.993879	0.990783	0.965464	25.1218	
0.996614	-0.003299	-0.0821553	-0.00328907	0.996795	-0.0799262	0.0821557	0.0799258	0.993409	1.06599	1.03864	26.0482	
0.996363	-0.00354317	-0.0851355	-0.00353212	0.996559	-0.0828121	0.085136	0.0828116	0.992922	1.14398	1.1145	26.9742	
0.996103	-0.00379629	-0.0881178	-0.00378405	0.996314	-0.085699	0.0881183	0.0856984	0.992417	1.22474	1.19305	27.8997	
0.995833	-0.00405841	-0.091102	-0.00404488	0.99606	-0.0885869	0.0911026	0.0885862	0.991894	1.30829	1.2743	28.8247	
0.995554	-0.00432952	-0.0940882	-0.00431463	0.995798	-0.0914756	0.0940888	0.0914749	0.991352	1.39462	1.35823	29.7492	
0.995266	-0.00460965	-0.097076	-0.0045933	0.995527	-0.0943651	0.0970768	0.0943643	0.990793	1.48373	1.44487	30.6732	
0.994969	-0.00489882	-0.100066	-0.00488092	0.995248	-0.0972552	0.100066	0.0972543	0.990216	1.57563	1.53419	31.5966	
0.994662	-0.00519704	-0.103057	-0.00517749	0.994959	-0.100146	0.103058	0.100145	0.989621	1.67032	1.62621	32.5196	
0.994346	-0.00550432	-0.106049	-0.00548303	0.994662	-0.103037	0.10605	0.103036	0.989008	1.7678	1.72093	33.4419	
0.99402	-0.00582069	-0.109043	-0.00579756	0.994357	-0.105928	0.109044	0.105927	0.988377	1.86807	1.81834	34.3637	
0.993685	-0.00614616	-0.112038	-0.00612107	0.994043	-0.10882	0.112039	0.108819	0.987728	1.97113	1.91844	35.2849	
0.99334	-0.00648074	-0.115034	-0.00645359	0.99372	-0.111712	0.115035	0.11171	0.98706	2.07698	2.02125	36.2055	
0.992986	-0.00682444	-0.118031	-0.00679512	0.993388	-0.114604	0.118032	0.114602	0.986375	2.18563	2.12674	37.1254	
0.992623	-0.00717727	-0.121029	-0.00714567	0.993048	-0.117495	0.121031	0.117494	0.985671	2.29707	2.23494	38.0447	
0.99225	-0.00753925	-0.124027	-0.00750525	0.992699	-0.120387	0.124029	0.120385	0.984949	2.41131	2.34583	38.9633	
0.991868	-0.00791038	-0.127027	-0.00787387	0.992341	-0.123278	0.127029	0.123276	0.984209	2.52834	2.45941	39.8813	
0.991476	-0.00829068	-0.130027	-0.00825153	0.991974	-0.126169	0.130029	0.126166	0.98345	2.64817	2.57569	40.7985	
0.991074	-0.00868015	-0.133027	-0.00863823	0.991599	-0.129059	0.13303	0.129056	0.982674	2.7708	2.69467	41.7151	
0.990663	-0.0090788	-0.136028	-0.00903399	0.991215	-0.131949	0.136031	0.131946	0.981879	2.89623	2.81634	42.6309	
0.990243	-0.00948664	-0.139028	-0.00943881	0.990823	-0.134838	0.139032	0.134835	0.981066	3.02445	2.9407	43.5459	
0.989813	-0.00990368	-0.142029	-0.00985269	0.990421	-0.137726	0.142033	0.137722	0.980234	3.15547	3.06776	44.4602	
0.989373	-0.0103299	-0.14503	-0.0102756	0.990011	-0.140613	0.145034	0.140609	0.979385	3.28929	3.19751	45.3737	
0.988924	-0.0107654	-0.148031	-0.0107077	0.989592	-0.143499	0.148035	0.143495	0.978517	3.42591	3.32994	46.2864	
0.988465	-0.01121	-0.151032	-0.0111487	0.989165	-0.146384	0.151036	0.14638	0.97763	3.56533	3.46507	47.1983	
0.987997	-0.0116639	-0.154032	-0.0115989	0.988729	-0.149268	0.154037	0.149263	0.976726	3.70754	3.60289	48.1093	
0.987519	-0.012127	-0.157032	-0.0120581	0.988284	-0.15215	0.157037	0.152145	0.975803	3.85255	3.74339	49.0195	
0.987032	-0.0125993	-0.160031	-0.0125264	0.98783	-0.155031	0.160037	0.155026	0.974862	4.00036	3.88659	49.9289	
0.986534	-0.0130808	-0.16303	-0.0130038	0.987368	-0.157911	0.163036	0.157904	0.973902	4.15096	4.03246	50.8373	
0.986028	-0.0135716	-0.166028	-0.0134902	0.986897	-0.160789	0.166035	0.160782	0.972924	4.30436	4.18102	51.7448	
0.985511	-0.0140715	-0.169025	-0.0139857	0.986417	-0.163665	0.169032	0.163657	0.971928	4.46056	4.33226	52.6514	
0.984985	-0.0145807	-0.172021	-0.0144902	0.985928	-0.166539	0.172029	0.166531	0.970914	4.61955	4.48618	53.5571	
0.98445	-0.0150992	-0.175016	-0.0150038	0.985431	-0.169411	0.175025	0.169402	0.969881	4.78133	4.64278	54.4619	
0.983905	-0.0156268	-0.17801	-0.0155265	0.984925	-0.172281	0.178019	0.172272	0.96883	4.94591	4.80206	55.3656	
0.98335	-0.0161636	-0.181003	-0.0160582	0.984411	-0.175149	0.181012	0.175139	0.967761	5.11328	4.96401	56.2684	
0.982424	-0.0170616	-0.185882	-0.0171183	0.983383	-0.180736	0.185876	0.180741	0.965807	5.28431	5.12991	57.1697	
0.981473	-0.0179883	-0.190753	-0.0182066	0.982322	-0.186312	0.190732	0.186333	0.963795	5.45987	5.30102	58.0692	
0.980497	-0.0189437	-0.195617	-0.0193229	0.981229	-0.191876	0.19558	0.191914	0.961726	5.63995	5.47735	58.9669	
0.979497	-0.0199279	-0.200473	-0.0204672	0.980104	-0.197428	0.200418	0.197483	0.9596	5.82455	5.65887	59.8625	
0.978471	-0.0209406	-0.20532	-0.0216394	0.978946	-0.202967	0.205248	0.203041	0.957417	6.01366	5.84558	60.7561	
0.97742	-0.0219819	-0.210158	-0.0228395	0.977757	-0.208494	0.210067	0.208586	0.955177	6.20726	6.03747	61.6477	
0.976345	-0.0230518	-0.214987	-0.0240674	0.976535	-0.214008	0.214876	0.214119	0.95288	6.40536	6.23452	62.5372	
0.975244	-0.02415	-0.219807	-0.0253231	0.975282	-0.219508	0.219675	0.21964	0.950527	6.60793	6.43672	63.4245	
0.97412	-0.0252766	-0.224616	-0.0266064	0.973997	-0.224993	0.224462	0.225147	0.948117	6.81497	6.64406	64.3096	
0.97297	-0.0264314	-0.229414	-0.0279172	0.97268	-0.230465	0.229238	0.23064	0.945651	7.02647	6.85654	65.1924	
0.971796	-0.0276145	-0.234201	-0.0292556	0.971331	-0.235922	0.234002	0.23612	0.943128	7.24241	7.07412	66.0729	
0.970597	-0.0288256	-0.238977	-0.0306214	0.969951	-0.241364	0.238754	0.241585	0.940549	7.46279	7.29681	66.951	
0.969374	-0.0300648	-0.243741	-0.0320145	0.96854	-0.246791	0.243493	0.247036	0.937915	7.6876	7.52459	67.8266	
0.968127	-0.0313319	-0.248493	-0.0334349	0.967097	-0.252201	0.248218	0.252471	0.935225	7.91682	7.75744	68.6998	
0.966855	-0.0326268	-0.253231	-0.0348824	0.965623	-0.257596	0.25293	0.257891	0.93248	8.15044	7.99535	69.5705	
0.96556	-0.0339494	-0.257957	-0.036357	0.964118	-0.262974	0.257629	0.263296	0.929679	8.38844	8.23831	70.4386	
0.962043	-0.0375806	-0.270299	-0.0413975	0.958913	-0.280663	0.26974	0.281199	0.92096	8.63429	8.49215	71.3013	
0.958365	-0.0414495	-0.282521	-0.0466683	0.953368	-0.29818	0.281706	0.29895	0.911741	8.89136	8.7626	72.1557	
0.954529	-0.0455541	-0.294616	-0.0521662	0.947485	-0.315515	0.293518	0.316538	0.902026	9.15952	9.04953	73.0012	
0.950537	-0.0498922	-0.306579	-0.0578885	0.941268	-0.332661	0.305171	0.333954	0.891822	9.43862	9.35278	73.8375	
0.94639	-0.0544613	-0.318403	-0.0638319	0.934719	-0.349607	0.316658	0.351189	0.881133	9.72851	9.67218	74.664	
0.942091	-0.059259	-0.330081	-0.0699933	0.927843	-0.366344	0.327973	0.368233	0.869965	10.029	10.0076	75.4803	
0.937642	-0.0642828	-0.341607	-0.0763692	0.920643	-0.382863	0.339109	0.385076	0.858325	10.34	10.3587	76.286	
0.933046	-0.0695298	-0.352974	-0.0829563	0.913123	-0.399155	0.350062	0.401711	0.846218	10.6613	10.7255	77.0807	
0.928305	-0.0749972	-0.364177	-0.0897509	0.905287	-0.415211	0.360824	0.418128	0.833652	10.9927	11.1077	77.8638	
0.923422	-0.080682	-0.375209	-0.0967494	0.897139	-0.431023	0.371391	0.434317	0.820632	11.334	11.5051	78.635	
0.9184	-0.0865813	-0.386065	-0.103948	0.888685	-0.446581	0.381755	0.45027	0.807168	11.6851	11.9175	79.3938	
0.91324	-0.0926916	-0.396738	-0.111343	0.879927	-0.461878	0.391913	0.465979	0.793264	12.0458	12.3446	80.1399	
0.907946	-0.0990098	-0.407223	-0.118929	0.870872	-0.476905	0.401857	0.481435	0.77893	12.4158	12.7863	80.8729	
0.902522	-0.105532	-0.417513	-0.126704	0.861523	-0.491654	0.411583	0.496629	0.764172	12.7951	13.2423	81.5922	
0.896969	-0.112256	-0.427605	-0.134663	0.851887	-0.506117	0.421085	0.511553	0.748999	13.1832	13.7123	82.2976	
0.891291	-0.119177	-0.437491	-0.142801	0.841968	-0.520286	0.430359	0.5262	0.73342	13.5802	14.196	82.9887	
0.88549	-0.126291	-0.447166	-0.151114	0.831772	-0.534153	0.439399	0.54056	0.717442	13.9856	14.6933	83.6651	
0.879571	-0.133594	-0.456626	-0.159598	0.821305	-0.547711	0.4482	0.554627	0.701074	14.3994	15.2039	84.3264	
0.873536	-0.141084	-0.465865	-0.168247	0.810571	-0.560953	0.456758	0.568393	0.684326	14.8213	15.7274	84.9722	
0.867388	-0.148754	-0.474878	-0.177058	0.799577	-0.573871	0.465068	0.58185	0.667205	15.251	16.2637	85.6023	
0.861132	-0.156603	-0.483661	-0.186025	0.788329	-0.586458	0.473125	0.594991	0.649723	15.6884	16.8123	86.2162	
0.854769	-0.164624	-0.492208	-0.195144	0.776832	-0.598707	0.480924	0.607808	0.631887	16.1332	17.373	86.8137	
