1	0	0	0	1	0	0	0	1	0	0	0	
0.999999	-3.08316e-06	0.00131412	-3.08316e-06	0.999989	0.00469234	-0.00131412	-0.00469234	0.999988	-0.000584717	-0.00208786	0.889895	
0.999997	-1.2312e-05	0.00262509	-1.23293e-05	0.999956	0.00938663	-0.00262509	-0.00938663	0.999952	-0.00233747	-0.0083523	1.77977	
0.999992	-2.76595e-05	0.00393286	-2.77289e-05	0.999901	0.0140827	-0.00393286	-0.0140827	0.999893	-0.00525543	-0.018795	2.6696	
0.999986	-4.90987e-05	0.00523742	-4.92722e-05	0.999824	0.0187805	-0.00523742	-0.0187805	0.99981	-0.00933575	-0.0334175	3.55937	
0.999979	-7.66019e-05	0.00653871	-7.69491e-05	0.999724	0.0234799	-0.00653871	-0.0234799	0.999703	-0.0145755	-0.0522213	4.44905	
0.999969	-0.000110142	0.0078367	-0.000110749	0.999603	0.0281807	-0.00783669	-0.0281807	0.999572	-0.0209719	-0.0752077	5.33863	
0.999958	-0.00014969	0.00913135	-0.000150662	0.999459	0.0328828	-0.00913134	-0.0328828	0.999418	-0.0285218	-0.102378	6.22808	
0.999946	-0.000195218	0.0104226	-0.000196677	0.999293	0.0375861	-0.0104226	-0.0375861	0.999239	-0.0372223	-0.133733	7.11739	
0.999931	-0.000246697	0.0117105	-0.000248782	0.999105	0.0422904	-0.0117105	-0.0422904	0.999037	-0.0470705	-0.169274	8.00652	
0.999916	-0.0003041	0.0129949	-0.000306967	0.998895	0.0469956	-0.0129949	-0.0469956	0.998811	-0.0580631	-0.209002	8.89546	
0.999898	-0.000367396	0.0142759	-0.000371219	0.998663	0.0517016	-0.0142758	-0.0517016	0.998561	-0.0701972	-0.252917	9.78419	
0.999879	-0.000436557	0.0155533	-0.000441527	0.998408	0.0564082	-0.0155532	-0.0564083	0.998287	-0.0834696	-0.301021	10.6727	
0.999858	-0.000511552	0.0168272	-0.000517878	0.998131	0.0611154	-0.016827	-0.0611154	0.997989	-0.0978772	-0.353313	11.5609	
0.999836	-0.000592352	0.0180975	-0.000600261	0.997831	0.0658229	-0.0180972	-0.065823	0.997667	-0.113417	-0.409794	12.4489	
0.999812	-0.000678927	0.0193642	-0.000688662	0.997509	0.0705307	-0.0193638	-0.0705308	0.997322	-0.130085	-0.470465	13.3366	
0.999787	-0.000771246	0.0206272	-0.000783068	0.997165	0.0752386	-0.0206267	-0.0752388	0.996952	-0.147879	-0.535325	14.2239	
0.99976	-0.000869279	0.0218865	-0.000883467	0.996799	0.0799465	-0.021886	-0.0799467	0.996559	-0.166795	-0.604375	15.1109	
0.999732	-0.000972996	0.0231421	-0.000989845	0.99641	0.0846543	-0.0231414	-0.0846545	0.996142	-0.18683	-0.677614	15.9976	
0.999702	-0.00108236	0.024394	-0.00110219	0.995999	0.0893618	-0.0243931	-0.0893621	0.9957	-0.20798	-0.755043	16.8839	
0.99967	-0.00119735	0.0256421	-0.00122048	0.995565	0.0940689	-0.025641	-0.0940692	0.995235	-0.230243	-0.836661	17.7697	
0.999638	-0.00131793	0.0268863	-0.00134471	0.995109	0.0987755	-0.026885	-0.0987759	0.994746	-0.253614	-0.922468	18.6552	
0.999603	-0.00144407	0.0281267	-0.00147487	0.99463	0.103481	-0.0281251	-0.103482	0.994234	-0.278091	-1.01246	19.5402	
0.999568	-0.00157573	0.0293632	-0.00161093	0.994129	0.108187	-0.0293613	-0.108187	0.993697	-0.30367	-1.10664	20.4247	
0.99953	-0.00171288	0.0305958	-0.00175288	0.993606	0.112891	-0.0305936	-0.112891	0.993136	-0.330347	-1.20501	21.3087	
0.999492	-0.0018555	0.0318245	-0.00190071	0.99306	0.117594	-0.0318218	-0.117595	0.992552	-0.358119	-1.30757	22.1923	
0.999452	-0.00200354	0.0330492	-0.00205441	0.992492	0.122296	-0.0330461	-0.122297	0.991943	-0.386982	-1.41431	23.0753	
0.99941	-0.00215698	0.0342698	-0.00221395	0.991901	0.126997	-0.0342662	-0.126997	0.991311	-0.416932	-1.52523	23.9577	
0.999367	-0.00231578	0.0354865	-0.00237932	0.991287	0.131696	-0.0354823	-0.131697	0.990655	-0.447967	-1.64034	24.8396	
0.999323	-0.0024799	0.036699	-0.00255051	0.990651	0.136393	-0.0366942	-0.136395	0.989975	-0.480082	-1.75962	25.7209	
0.999278	-0.00264933	0.0379075	-0.0027275	0.989993	0.141089	-0.037902	-0.141091	0.989271	-0.513273	-1.88309	26.6016	
0.999231	-0.00282401	0.0391118	-0.00291026	0.989312	0.145783	-0.0391055	-0.145785	0.988543	-0.547538	-2.01074	27.4816	
0.999183	-0.00300393	0.040312	-0.00309879	0.988609	0.150475	-0.0403048	-0.150477	0.987792	-0.582872	-2.14256	28.361	
0.999133	-0.00318903	0.041508	-0.00329307	0.987883	0.155165	-0.0414999	-0.155168	0.987016	-0.619271	-2.27856	29.2396	
0.999082	-0.0033793	0.0426998	-0.00349308	0.987135	0.159853	-0.0426906	-0.159856	0.986217	-0.656731	-2.41873	30.1176	
0.99903	-0.00357469	0.0438873	-0.00369881	0.986364	0.164539	-0.043877	-0.164541	0.985394	-0.695249	-2.56307	30.9949	
0.998977	-0.00377517	0.0450706	-0.00391023	0.98557	0.169222	-0.0450591	-0.169225	0.984547	-0.734822	-2.71158	31.8714	
0.998922	-0.0039807	0.0462496	-0.00412732	0.984754	0.173902	-0.0462367	-0.173905	0.983676	-0.775444	-2.86425	32.7472	
0.998866	-0.00419126	0.0474242	-0.00435008	0.983916	0.178579	-0.0474099	-0.178583	0.982782	-0.817112	-3.02109	33.6222	
0.998809	-0.0044068	0.0485945	-0.00457847	0.983055	0.183254	-0.0485786	-0.183258	0.981864	-0.859822	-3.18209	34.4963	
0.99875	-0.00462729	0.0497604	-0.00481249	0.982171	0.187926	-0.0497428	-0.18793	0.980922	-0.90357	-3.34725	35.3697	
0.998691	-0.00485269	0.0509219	-0.00505211	0.981265	0.192594	-0.0509025	-0.192599	0.979956	-0.948352	-3.51657	36.2422	
0.99863	-0.00508297	0.052079	-0.00529731	0.980337	0.19726	-0.0520576	-0.197265	0.978967	-0.994164	-3.69004	37.1138	
0.998568	-0.00531809	0.0532316	-0.00554808	0.979386	0.201921	-0.0532081	-0.201928	0.977954	-1.041	-3.86766	37.9845	
0.998505	-0.00555802	0.0543797	-0.00580439	0.978413	0.20658	-0.054354	-0.206587	0.976917	-1.08886	-4.04943	38.8544	
0.998441	-0.00580272	0.0555233	-0.00606623	0.977417	0.211234	-0.0554952	-0.211242	0.975857	-1.13774	-4.23534	39.7232	
0.998375	-0.00605215	0.0566624	-0.00633358	0.976398	0.215885	-0.0566317	-0.215893	0.974773	-1.18763	-4.4254	40.5912	
0.998308	-0.00630627	0.057797	-0.00660641	0.975357	0.220532	-0.0577634	-0.220541	0.973666	-1.23853	-4.61959	41.4581	
0.998241	-0.00656506	0.0589269	-0.0068847	0.974294	0.225175	-0.0588904	-0.225185	0.972535	-1.29044	-4.81792	42.3241	
0.998172	-0.00682847	0.0600523	-0.00716844	0.973208	0.229814	-0.0600126	-0.229824	0.97138	-1.34334	-5.02037	43.189	
0.998102	-0.00709646	0.061173	-0.0074576	0.9721	0.234448	-0.06113	-0.23446	0.970202	-1.39724	-5.22696	44.0529	
0.998031	-0.007369	0.0622891	-0.00775216	0.970969	0.239078	-0.0622425	-0.239091	0.969	-1.45214	-5.43766	44.9158	
0.997959	-0.00764606	0.0634005	-0.0080521	0.969816	0.243704	-0.0633502	-0.243717	0.967775	-1.50802	-5.65249	45.7776	
0.997886	-0.00792759	0.0645072	-0.0083574	0.968641	0.248325	-0.0644529	-0.248339	0.966527	-1.56489	-5.87143	46.6382	
0.997812	-0.00821355	0.0656091	-0.00866804	0.967443	0.252941	-0.0655506	-0.252956	0.965255	-1.62273	-6.09448	47.4978	
0.997736	-0.00850391	0.0667064	-0.008984	0.966223	0.257552	-0.0666434	-0.257568	0.963959	-1.68155	-6.32164	48.3562	
0.99766	-0.00879863	0.0677989	-0.00930525	0.96498	0.262157	-0.0677312	-0.262175	0.962641	-1.74134	-6.5529	49.2134	
0.997583	-0.00909767	0.0688866	-0.00963177	0.963715	0.266758	-0.0688139	-0.266777	0.961298	-1.8021	-6.78825	50.0695	
0.997505	-0.009401	0.0699695	-0.00996354	0.962428	0.271354	-0.0698916	-0.271374	0.959933	-1.86382	-7.0277	50.9243	
0.997426	-0.00970857	0.0710475	-0.0103005	0.961119	0.275944	-0.0709641	-0.275965	0.958544	-1.92649	-7.27124	51.778	
0.997529	-0.00929759	0.069638	-0.0107766	0.959225	0.282438	-0.0694245	-0.282491	0.956755	-1.98896	-7.51973	52.6302	
0.99763	-0.00887748	0.0682327	-0.0112427	0.957285	0.288928	-0.0678831	-0.28901	0.954916	-2.05005	-7.77402	53.4808	
0.997728	-0.00844823	0.0668316	-0.0116988	0.955299	0.295411	-0.0663399	-0.295522	0.95303	-2.10977	-8.03411	54.3297	
0.997825	-0.00800983	0.0654347	-0.0121449	0.953266	0.301888	-0.0647947	-0.302026	0.951095	-2.16812	-8.29999	55.177	
0.997919	-0.00756228	0.0640417	-0.0125808	0.951187	0.308358	-0.0632476	-0.308521	0.949112	-2.22509	-8.57165	56.0225	
0.99801	-0.00710554	0.0626528	-0.0130066	0.949063	0.314819	-0.0616984	-0.315007	0.947082	-2.28069	-8.84909	56.8662	
0.998099	-0.00663961	0.0612677	-0.0134221	0.946892	0.321272	-0.060147	-0.321483	0.945003	-2.3349	-9.1323	57.7081	
0.998186	-0.00616446	0.0598865	-0.0138273	0.944676	0.327715	-0.0585934	-0.327948	0.942877	-2.38774	-9.42126	58.5481	
0.998271	-0.00568006	0.0585089	-0.0142222	0.942414	0.334147	-0.0570376	-0.334402	0.940703	-2.43919	-9.71598	59.3862	
0.998353	-0.00518639	0.0571351	-0.0146068	0.940106	0.340569	-0.0554794	-0.340843	0.938482	-2.48925	-10.0164	60.2223	
0.998433	-0.00468343	0.0557648	-0.0149808	0.937753	0.34698	-0.0539187	-0.347271	0.936213	-2.53793	-10.3226	61.0565	
0.998511	-0.00417114	0.054398	-0.0153444	0.935355	0.353378	-0.0523555	-0.353686	0.933898	-2.58522	-10.6345	61.8886	
0.998586	-0.00364948	0.0530347	-0.0156975	0.932912	0.359763	-0.0507896	-0.360087	0.931535	-2.63111	-10.9521	62.7186	
0.998659	-0.00311843	0.0516747	-0.0160399	0.930424	0.366134	-0.0492211	-0.366472	0.929126	-2.67561	-11.2754	63.5465	
0.99873	-0.00257794	0.050318	-0.0163718	0.927891	0.372492	-0.0476499	-0.372842	0.92667	-2.71871	-11.6043	64.3723	
0.998798	-0.00202797	0.0489645	-0.0166929	0.925314	0.378834	-0.0460758	-0.379196	0.924169	-2.76042	-11.939	65.1958	
0.998865	-0.00146849	0.0476141	-0.0170034	0.922693	0.38516	-0.0444988	-0.385533	0.921621	-2.80072	-12.2792	66.0171	
0.998929	-0.000899441	0.0462667	-0.0173031	0.920028	0.391471	-0.0429188	-0.391852	0.919027	-2.83961	-12.6251	66.8361	
0.99899	-0.000320783	0.0449223	-0.017592	0.917319	0.397764	-0.0413357	-0.398153	0.916387	-2.8771	-12.9766	67.6527	
0.99905	0.000267533	0.0435808	-0.01787	0.914567	0.40404	-0.0397495	-0.404434	0.913703	-2.91318	-13.3337	68.467	
0.999107	0.000865559	0.0422421	-0.0181372	0.911772	0.410297	-0.03816	-0.410697	0.910973	-2.94785	-13.6964	69.2789	
0.999615	0.00807765	0.0265327	-0.0185486	0.905935	0.423011	-0.0206199	-0.42334	0.905736	-2.974	-14.0676	70.0873	
0.99982	0.0155066	0.0109176	-0.0187143	0.899923	0.435648	-0.00306962	-0.435774	0.900051	-2.98455	-14.4498	70.8908	
0.999721	0.0231487	-0.00459522	-0.0186345	0.893738	0.448202	0.0144822	-0.447992	0.89392	-2.97947	-14.8431	71.6891	
0.999319	0.0310002	-0.0199982	-0.018309	0.887384	0.460668	0.0320269	-0.459988	0.887347	-2.95877	-15.2471	72.4817	
0.998614	0.0390572	-0.0352838	-0.0177381	0.880863	0.473038	0.0495557	-0.471756	0.880335	-2.92247	-15.6617	73.2683	
0.997605	0.0473157	-0.0504443	-0.016922	0.87418	0.485307	0.06706	-0.483291	0.872887	-2.87058	-16.0867	74.0484	
0.996295	0.0557716	-0.0654722	-0.0158611	0.867337	0.497469	0.0845311	-0.494587	0.865007	-2.80313	-16.5218	74.8217	
0.994682	0.0644208	-0.0803602	-0.0145561	0.860337	0.509518	0.10196	-0.505638	0.856699	-2.72014	-16.9669	75.5878	
0.992768	0.0732589	-0.0951008	-0.0130074	0.853184	0.521447	0.119339	-0.516439	0.847967	-2.62167	-17.4217	76.3463	
0.990555	0.0822816	-0.109687	-0.0112159	0.845882	0.533252	0.136659	-0.526985	0.838816	-2.50776	-17.8859	77.0969	
0.988042	0.0914844	-0.124111	-0.00918244	0.838435	0.544925	0.153911	-0.537269	0.829249	-2.37847	-18.3595	77.8391	
0.985232	0.100863	-0.138366	-0.00690807	0.830845	0.556461	0.171087	-0.547288	0.819271	-2.23385	-18.8421	78.5727	
0.982125	0.110412	-0.152445	-0.0043939	0.823117	0.567855	0.188178	-0.557035	0.808889	-2.07399	-19.3335	79.2971	
0.978724	0.120128	-0.166341	-0.00164116	0.815254	0.579101	0.205176	-0.566507	0.798105	-1.89896	-19.8334	80.0122	
0.975029	0.130005	-0.180047	0.00134877	0.807261	0.590193	0.222073	-0.575699	0.786927	-1.70885	-20.3417	80.7175	
0.971043	0.140038	-0.193557	0.00457442	0.799141	0.601127	0.238859	-0.584605	0.77536	-1.50375	-20.858	81.4127	
0.966768	0.150223	-0.206863	0.0080342	0.790898	0.611895	0.255528	-0.593223	0.763408	-1.28376	-21.3821	82.0974	
0.962206	0.160554	-0.219959	0.0117264	0.782537	0.622494	0.27207	-0.601546	0.751079	-1.049	-21.9137	82.7713	
0.957359	0.171027	-0.232838	0.0156491	0.774062	0.632917	0.288477	-0.609572	0.738378	-0.799575	-22.4526	83.434	
