1	0	0	0	1	0	0	0	1	0	0	0	
0.999999	-9.88868e-07	0.00117131	-9.88868e-07	0.999999	0.00168848	-0.00117131	-0.00168848	0.999998	-0.000606066	-0.000873659	1.03485	
0.999997	-3.97455e-06	0.00234838	-3.9738e-06	0.999994	0.0033846	-0.00234838	-0.0033846	0.999992	-0.00242724	-0.00349859	2.06969	
0.999994	-8.98529e-06	0.00353113	-8.98227e-06	0.999987	0.00508828	-0.00353113	-0.00508828	0.999981	-0.00546944	-0.00788267	3.10453	
0.999989	-1.60491e-05	0.00471952	-1.60415e-05	0.999977	0.00679942	-0.00471952	-0.00679942	0.999966	-0.00973853	-0.0140337	4.13935	
0.999983	-2.51935e-05	0.00591347	-2.51783e-05	0.999964	0.00851793	-0.00591347	-0.00851793	0.999946	-0.0152403	-0.0219592	5.17415	
0.999975	-3.64462e-05	0.00711293	-3.64194e-05	0.999948	0.0102437	-0.00711293	-0.0102437	0.999922	-0.0219805	-0.031667	6.20893	
0.999965	-4.98341e-05	0.00831783	-4.97911e-05	0.999928	0.0119767	-0.00831783	-0.0119767	0.999894	-0.0299647	-0.0431643	7.24368	
0.999955	-6.53842e-05	0.00952812	-6.53194e-05	0.999906	0.0137167	-0.00952812	-0.0137167	0.999861	-0.0391986	-0.0564587	8.27841	
0.999942	-8.3123e-05	0.0107437	-8.303e-05	0.99988	0.0154638	-0.0107437	-0.0154638	0.999823	-0.0496878	-0.0715574	9.31309	
0.999928	-0.000103077	0.0119646	-0.000102948	0.999852	0.0172177	-0.0119646	-0.0172177	0.99978	-0.0614376	-0.0884676	10.3477	
0.999913	-0.000125271	0.0131906	-0.000125099	0.99982	0.0189784	-0.0131906	-0.0189784	0.999733	-0.0744536	-0.107196	11.3823	
0.999896	-0.000149733	0.0144218	-0.000149508	0.999785	0.0207458	-0.0144218	-0.0207458	0.999681	-0.0887409	-0.127751	12.4169	
0.999877	-0.000176486	0.0156581	-0.000176199	0.999746	0.0225199	-0.0156581	-0.0225199	0.999624	-0.104305	-0.150137	13.4514	
0.999857	-0.000205556	0.0168994	-0.000205196	0.999705	0.0243004	-0.0168994	-0.0243004	0.999562	-0.121151	-0.174363	14.4858	
0.999835	-0.000236967	0.0181456	-0.000236522	0.99966	0.0260874	-0.0181456	-0.0260874	0.999495	-0.139284	-0.200435	15.5202	
0.999812	-0.000270745	0.0193966	-0.000270202	0.999611	0.0278806	-0.0193966	-0.0278806	0.999423	-0.158709	-0.228359	16.5544	
0.999787	-0.000306912	0.0206525	-0.000306258	0.999559	0.0296801	-0.0206525	-0.0296801	0.999346	-0.179432	-0.258143	17.5887	
0.99976	-0.000345493	0.0219132	-0.000344713	0.999504	0.0314857	-0.0219132	-0.0314857	0.999264	-0.201456	-0.289791	18.6228	
0.999731	-0.00038651	0.0231785	-0.00038559	0.999445	0.0332973	-0.0231785	-0.0332973	0.999177	-0.224788	-0.323312	19.6568	
0.999701	-0.000429988	0.0244484	-0.00042891	0.999383	0.0351149	-0.0244484	-0.0351149	0.999084	-0.249431	-0.35871	20.6908	
0.999669	-0.000475947	0.0257229	-0.000474694	0.999317	0.0369383	-0.0257229	-0.0369383	0.998986	-0.275391	-0.395992	21.7246	
0.999635	-0.000524412	0.0270019	-0.000522965	0.999248	0.0387674	-0.0270019	-0.0387673	0.998883	-0.302672	-0.435164	22.7584	
0.9996	-0.000575402	0.0282853	-0.000573743	0.999175	0.0406021	-0.0282853	-0.0406021	0.998775	-0.331279	-0.476232	23.792	
0.999562	-0.000628941	0.029573	-0.000627049	0.999099	0.0424424	-0.0295731	-0.0424423	0.998661	-0.361217	-0.519201	24.8255	
0.999523	-0.000685049	0.030865	-0.000682902	0.999019	0.044288	-0.0308651	-0.044288	0.998542	-0.392489	-0.564077	25.8589	
0.999482	-0.000743746	0.0321613	-0.000741322	0.998935	0.0461391	-0.0321614	-0.046139	0.998417	-0.4251	-0.610866	26.8922	
0.99944	-0.000805053	0.0334617	-0.000802329	0.998847	0.0479953	-0.0334618	-0.0479953	0.998287	-0.459055	-0.659574	27.9254	
0.999395	-0.00086899	0.0347662	-0.000865942	0.998756	0.0498567	-0.0347663	-0.0498566	0.998151	-0.494358	-0.710205	28.9584	
0.999349	-0.000935577	0.0360747	-0.000932178	0.998661	0.0517231	-0.0360748	-0.051723	0.99801	-0.531013	-0.762765	29.9912	
0.9993	-0.00100483	0.0373872	-0.00100106	0.998562	0.0535944	-0.0373873	-0.0535944	0.997863	-0.569024	-0.817258	31.0239	
0.99925	-0.00107678	0.0387035	-0.00107259	0.99846	0.0554706	-0.0387036	-0.0554705	0.99771	-0.608395	-0.873691	32.0565	
0.999198	-0.00115142	0.0400237	-0.00114681	0.998353	0.0573515	-0.0400238	-0.0573514	0.997551	-0.649131	-0.932068	33.0889	
0.999144	-0.0012288	0.0413476	-0.00122372	0.998243	0.0592371	-0.0413477	-0.059237	0.997387	-0.691234	-0.992394	34.1211	
0.999088	-0.00130891	0.0426752	-0.00130334	0.998129	0.0611271	-0.0426753	-0.061127	0.997217	-0.73471	-1.05467	35.1532	
0.99903	-0.00139178	0.0440064	-0.00138568	0.998011	0.0630216	-0.0440066	-0.0630215	0.997041	-0.779561	-1.11891	36.1851	
0.99897	-0.00147743	0.0453411	-0.00147077	0.997889	0.0649204	-0.0453413	-0.0649203	0.99686	-0.825792	-1.18511	37.2167	
0.998909	-0.00156586	0.0466793	-0.00155861	0.997764	0.0668235	-0.0466796	-0.0668233	0.996672	-0.873406	-1.25328	38.2483	
0.998845	-0.00165711	0.0480209	-0.00164923	0.997634	0.0687306	-0.0480212	-0.0687304	0.996479	-0.922406	-1.32342	39.2796	
0.998779	-0.00175117	0.0493659	-0.00174263	0.9975	0.0706418	-0.0493662	-0.0706416	0.996279	-0.972797	-1.39553	40.3107	
0.998712	-0.00184807	0.0507141	-0.00183883	0.997363	0.0725569	-0.0507145	-0.0725567	0.996074	-1.02458	-1.46963	41.3416	
0.998642	-0.00194783	0.0520655	-0.00193784	0.997221	0.0744759	-0.0520659	-0.0744756	0.995863	-1.07776	-1.5457	42.3722	
0.99857	-0.00205045	0.0534201	-0.00203968	0.997075	0.0763985	-0.0534205	-0.0763982	0.995645	-1.13234	-1.62377	43.4027	
0.998496	-0.00215594	0.0547777	-0.00214436	0.996926	0.0783248	-0.0547782	-0.0783245	0.995422	-1.18833	-1.70383	44.4329	
0.99842	-0.00226433	0.0561383	-0.00225189	0.996772	0.0802546	-0.0561388	-0.0802542	0.995192	-1.24572	-1.78588	45.4629	
0.998343	-0.00237563	0.0575018	-0.00236228	0.996614	0.0821877	-0.0575024	-0.0821874	0.994957	-1.30452	-1.86993	46.4927	
0.998263	-0.00248984	0.0588682	-0.00247554	0.996452	0.0841243	-0.0588688	-0.0841238	0.994715	-1.36473	-1.95598	47.5222	
0.998181	-0.00260698	0.0602373	-0.00259168	0.996286	0.086064	-0.060238	-0.0860635	0.994467	-1.42636	-2.04404	48.5514	
0.998097	-0.00272706	0.0616092	-0.00271072	0.996116	0.0880068	-0.0616099	-0.0880063	0.994213	-1.48941	-2.13411	49.5804	
0.99801	-0.00285008	0.0629837	-0.00283266	0.995942	0.0899526	-0.0629845	-0.0899521	0.993953	-1.55388	-2.22619	50.6091	
0.997922	-0.00297607	0.0643607	-0.00295752	0.995764	0.0919013	-0.0643616	-0.0919007	0.993686	-1.61977	-2.32029	51.6376	
0.997832	-0.00310503	0.0657403	-0.00308529	0.995581	0.0938529	-0.0657412	-0.0938522	0.993413	-1.68709	-2.4164	52.6658	
0.99774	-0.00323697	0.0671223	-0.00321599	0.995395	0.0958071	-0.0671233	-0.0958064	0.993134	-1.75584	-2.51453	53.6936	
0.997645	-0.0033719	0.0685066	-0.00334963	0.995204	0.0977639	-0.0685077	-0.0977632	0.992849	-1.82601	-2.61469	54.7212	
0.997548	-0.00350983	0.0698932	-0.00348622	0.995009	0.0997232	-0.0698944	-0.0997224	0.992557	-1.89763	-2.71687	55.7485	
0.99745	-0.00365076	0.0712821	-0.00362575	0.99481	0.101685	-0.0712834	-0.101684	0.99226	-1.97068	-2.82109	56.7755	
0.997349	-0.0037947	0.0726731	-0.00376824	0.994607	0.103649	-0.0726744	-0.103648	0.991955	-2.04516	-2.92733	57.8022	
0.997246	-0.00394166	0.0740661	-0.00391369	0.994399	0.105615	-0.0740676	-0.105614	0.991645	-2.12109	-3.03561	58.8286	
0.99714	-0.00409165	0.0754612	-0.00406212	0.994188	0.107583	-0.0754628	-0.107582	0.991328	-2.19846	-3.14592	59.8546	
0.997033	-0.00424467	0.0768582	-0.00421351	0.993972	0.109554	-0.0768599	-0.109552	0.991005	-2.27728	-3.25827	60.8803	
0.996924	-0.00440073	0.078257	-0.00436788	0.993752	0.111526	-0.0782588	-0.111524	0.990675	-2.35754	-3.37266	61.9057	
0.996812	-0.00455982	0.0796576	-0.00452523	0.993528	0.1135	-0.0796596	-0.113498	0.99034	-2.43925	-3.4891	62.9307	
0.996698	-0.00472197	0.08106	-0.00468557	0.993299	0.115475	-0.0810621	-0.115474	0.989997	-2.52241	-3.60757	63.9554	
0.996582	-0.00488716	0.082464	-0.00484889	0.993067	0.117452	-0.0824662	-0.117451	0.989649	-2.60702	-3.72809	64.9797	
0.996464	-0.00505541	0.0838695	-0.00501521	0.99283	0.119431	-0.083872	-0.119429	0.989294	-2.69309	-3.85066	66.0037	
0.996344	-0.00522671	0.0852766	-0.00518451	0.992589	0.121411	-0.0852792	-0.121409	0.988932	-2.78062	-3.97528	67.0272	
0.996256	-0.0053537	0.0862867	-0.00568087	0.99187	0.127132	-0.0862658	-0.127146	0.988126	-2.86938	-4.10388	68.0502	
0.996167	-0.00548684	0.0872982	-0.00618309	0.991117	0.132849	-0.0872516	-0.13288	0.987284	-2.95916	-4.23843	69.0724	
0.996077	-0.00562611	0.0883106	-0.00669115	0.990331	0.138563	-0.0882363	-0.138611	0.986408	-3.04996	-4.3789	70.0936	
0.995986	-0.00577147	0.0893237	-0.00720501	0.989512	0.144273	-0.0892195	-0.144338	0.985498	-3.14178	-4.52531	71.1139	
0.996226	-0.00534212	0.0866346	-0.00946265	0.985471	0.169579	-0.0862819	-0.169759	0.981701	-3.2326	-4.68784	72.1318	
0.996458	-0.00484342	0.0839569	-0.011644	0.980778	0.194779	-0.0832864	-0.195067	0.977247	-3.32034	-4.87662	73.1455	
0.996681	-0.00427571	0.0812922	-0.0137475	0.975436	0.219856	-0.0802353	-0.220244	0.972139	-3.40495	-5.09152	74.1542	
0.996896	-0.00363938	0.0786423	-0.0157718	0.969447	0.244793	-0.0771304	-0.245273	0.966381	-3.48638	-5.33241	75.1573	
0.997103	-0.00293484	0.0760091	-0.0177156	0.962817	0.269573	-0.073974	-0.270139	0.959976	-3.56457	-5.59911	76.1541	
0.997301	-0.00216256	0.0733942	-0.0195776	0.955549	0.294181	-0.070768	-0.294823	0.952928	-3.63947	-5.89145	77.144	
0.99749	-0.00132308	0.0707995	-0.0213564	0.947649	0.318598	-0.0675147	-0.319311	0.945242	-3.71102	-6.20923	78.1262	
0.99767	-0.000416934	0.0682267	-0.023051	0.939122	0.34281	-0.0642161	-0.343584	0.936924	-3.77919	-6.55225	79.1001	
0.997841	0.000555255	0.0656775	-0.0246601	0.929973	0.3668	-0.0608746	-0.367628	0.927978	-3.84392	-6.92027	80.0651	
0.998003	0.00159284	0.0631536	-0.0261828	0.920208	0.390552	-0.0574924	-0.391426	0.918412	-3.90517	-7.31305	81.0205	
0.998155	0.00269513	0.0606567	-0.027618	0.909835	0.41405	-0.0540716	-0.414961	0.908231	-3.9629	-7.73031	81.9657	
0.998298	0.00386138	0.0581884	-0.0289646	0.89886	0.437278	-0.0506147	-0.438219	0.897442	-4.01707	-8.17179	82.9001	
0.998432	0.00509082	0.0557505	-0.0302219	0.88729	0.460221	-0.0471239	-0.461184	0.886052	-4.06764	-8.63719	83.8229	
0.998556	0.00638261	0.0533445	-0.031389	0.875133	0.482863	-0.0436016	-0.48384	0.87407	-4.11459	-9.1262	84.7337	
0.99867	0.00773591	0.050972	-0.0324651	0.862398	0.505189	-0.0400501	-0.506172	0.861502	-4.15787	-9.63848	85.6318	
0.998775	0.00914979	0.0486347	-0.0334495	0.849092	0.527184	-0.0364718	-0.528165	0.848358	-4.19747	-10.1737	86.5166	
0.99887	0.0106233	0.0463342	-0.0343415	0.835225	0.548834	-0.032869	-0.549805	0.834646	-4.23335	-10.7315	87.3875	
0.998954	0.0121555	0.0440718	-0.0351405	0.820807	0.570124	-0.0292443	-0.571077	0.820375	-4.26549	-11.3115	88.2438	
0.999029	0.0137453	0.0418493	-0.035846	0.805845	0.59104	-0.0256	-0.591967	0.805556	-4.29387	-11.9133	89.0852	
0.999094	0.0153917	0.039668	-0.0364575	0.790352	0.611568	-0.0219386	-0.61246	0.790197	-4.31847	-12.5366	89.9109	
0.999149	0.0170936	0.0375294	-0.0369747	0.774336	0.631693	-0.0182624	-0.632544	0.774309	-4.33927	-13.1808	90.7205	
0.999194	0.0188497	0.0354349	-0.0373971	0.757809	0.651404	-0.0145741	-0.652204	0.757903	-4.35626	-13.8456	91.5133	
0.999229	0.0206591	0.033386	-0.0377245	0.740782	0.670685	-0.010876	-0.671428	0.74099	-4.36943	-14.5305	92.2889	
0.999254	0.0225204	0.031384	-0.0379566	0.723266	0.689525	-0.00717064	-0.690202	0.723581	-4.37877	-15.2351	93.0468	
0.999268	0.0244323	0.0294303	-0.0380934	0.705273	0.707911	-0.00346046	-0.708514	0.705688	-4.38427	-15.9589	93.7864	
0.999273	0.0263937	0.0275261	-0.0381346	0.686815	0.725831	0.000252025	-0.726353	0.687322	-4.38593	-16.7013	94.5072	
0.999267	0.0284032	0.0256728	-0.0380804	0.667905	0.743272	0.00396435	-0.743705	0.668496	-4.38375	-17.462	95.2087	
0.999251	0.0304595	0.0238715	-0.0379307	0.648554	0.760223	0.00767401	-0.760559	0.649223	-4.37773	-18.2404	95.8906	
0.999225	0.0325611	0.0221236	-0.0376856	0.628776	0.776673	0.0113785	-0.776904	0.629516	-4.36787	-19.036	96.5523	
0.999189	0.0347067	0.02043	-0.0373453	0.608584	0.79261	0.0150755	-0.79273	0.609387	-4.35418	-19.8482	97.1934	
