1	0	0	0	1	0	0	0	1	0	0	0	
1	-1.08272e-12	1.98607e-06	-1.08272e-12	1	1.09033e-06	-1.98607e-06	-1.09033e-06	1	-7.71346e-07	-4.2346e-07	0.776768	
1	-4.3483e-12	3.98019e-06	-4.3479e-12	1	2.18488e-06	-3.98019e-06	-2.18488e-06	1	-3.08854e-06	-1.6955e-06	1.55354	
1	-9.82254e-12	5.9823e-06	-9.82094e-12	1	3.28361e-06	-5.9823e-06	-3.28361e-06	1	-6.95781e-06	-3.81937e-06	2.3303	
1	-1.75311e-11	7.99233e-06	-1.75271e-11	1	4.38649e-06	-7.99233e-06	-4.38649e-06	1	-1.23853e-05	-6.79831e-06	3.10707	
1	-2.74995e-11	1.00102e-05	-2.74914e-11	1	5.49348e-06	-1.00102e-05	-5.49348e-06	1	-1.93772e-05	-1.06355e-05	3.88384	
1	-3.9753e-11	1.20359e-05	-3.97388e-11	1	6.60455e-06	-1.20359e-05	-6.60455e-06	1	-2.79396e-05	-1.53342e-05	4.66061	
1	-5.43168e-11	1.40694e-05	-5.4294e-11	1	7.71967e-06	-1.40694e-05	-7.71967e-06	1	-3.80784e-05	-2.08975e-05	5.43737	
1	-7.12158e-11	1.61105e-05	-7.11816e-11	1	8.83879e-06	-1.61105e-05	-8.83879e-06	1	-4.97998e-05	-2.73285e-05	6.21414	
1	-9.04749e-11	1.81593e-05	-9.04258e-11	1	9.96189e-06	-1.81593e-05	-9.96189e-06	1	-6.31097e-05	-3.46304e-05	6.99091	
1	-1.12119e-10	2.02156e-05	-1.12051e-10	1	1.10889e-05	-2.02156e-05	-1.10889e-05	1	-7.80139e-05	-4.28062e-05	7.76768	
1	-1.36171e-10	2.22794e-05	-1.36081e-10	1	1.22199e-05	-2.22794e-05	-1.22199e-05	1	-9.45182e-05	-5.1859e-05	8.54444	
1	-1.62658e-10	2.43507e-05	-1.62539e-10	1	1.33547e-05	-2.43507e-05	-1.33547e-05	1	-0.000112629	-6.17917e-05	9.32121	
1	-1.91601e-10	2.64294e-05	-1.9145e-10	1	1.44934e-05	-2.64294e-05	-1.44934e-05	1	-0.000132351	-7.26075e-05	10.098	
1	-2.23025e-10	2.85154e-05	-2.22836e-10	1	1.56358e-05	-2.85154e-05	-1.56358e-05	1	-0.00015369	-8.43092e-05	10.8747	
1	-2.56955e-10	3.06086e-05	-2.5672e-10	1	1.6782e-05	-3.06086e-05	-1.6782e-05	1	-0.000176653	-9.68997e-05	11.6515	
1	-2.93412e-10	3.27091e-05	-2.93127e-10	1	1.7932e-05	-3.27091e-05	-1.7932e-05	1	-0.000201245	-0.000110382	12.4283	
1	-3.32421e-10	3.48167e-05	-3.32077e-10	1	1.90856e-05	-3.48167e-05	-1.90856e-05	1	-0.000227471	-0.000124759	13.2051	
1	-3.74004e-10	3.69313e-05	-3.73595e-10	1	2.0243e-05	-3.69313e-05	-2.0243e-05	1	-0.000255336	-0.000140034	13.9818	
1	-4.18185e-10	3.9053e-05	-4.17701e-10	1	2.14039e-05	-3.9053e-05	-2.14039e-05	1	-0.000284848	-0.000156209	14.7586	
1	-4.64985e-10	4.11816e-05	-4.64418e-10	1	2.25684e-05	-4.11816e-05	-2.25684e-05	1	-0.000316009	-0.000173287	15.5354	
1	-5.14427e-10	4.33171e-05	-5.13769e-10	1	2.37365e-05	-4.33171e-05	-2.37365e-05	1	-0.000348827	-0.000191271	16.3121	
1	-5.66533e-10	4.54594e-05	-5.65774e-10	1	2.49081e-05	-4.54594e-05	-2.49081e-05	1	-0.000383307	-0.000210164	17.0889	
1	-6.21326e-10	4.76085e-05	-6.20455e-10	1	2.60832e-05	-4.76085e-05	-2.60832e-05	1	-0.000419453	-0.000229968	17.8657	
1	-6.78826e-10	4.97643e-05	-6.77833e-10	1	2.72617e-05	-4.97643e-05	-2.72617e-05	1	-0.000457271	-0.000250686	18.6424	
1	-7.39054e-10	5.19267e-05	-7.37928e-10	1	2.84436e-05	-5.19267e-05	-2.84436e-05	1	-0.000496766	-0.000272321	19.4192	
1	-8.02034e-10	5.40957e-05	-8.00762e-10	1	2.96289e-05	-5.40957e-05	-2.96289e-05	1	-0.000537943	-0.000294876	20.196	
1	-8.67784e-10	5.62712e-05	-8.66355e-10	1	3.08175e-05	-5.62712e-05	-3.08175e-05	1	-0.000580808	-0.000318352	20.9727	
1	-9.36326e-10	5.84531e-05	-9.34727e-10	1	3.20095e-05	-5.84531e-05	-3.20095e-05	1	-0.000625365	-0.000342753	21.7495	
1	-1.00768e-09	6.06414e-05	-1.0059e-09	1	3.32047e-05	-6.06414e-05	-3.32047e-05	1	-0.000671619	-0.000368081	22.5263	
1	-1.08187e-09	6.2836e-05	-1.07989e-09	1	3.44031e-05	-6.2836e-05	-3.44031e-05	1	-0.000719576	-0.000394339	23.303	
1	-1.15891e-09	6.50369e-05	-1.15671e-09	1	3.56047e-05	-6.50369e-05	-3.56047e-05	1	-0.00076924	-0.000421529	24.0798	
1	-1.23882e-09	6.72439e-05	-1.2364e-09	1	3.68095e-05	-6.72439e-05	-3.68095e-05	1	-0.000820616	-0.000449653	24.8566	
1	-1.32162e-09	6.94571e-05	-1.31896e-09	1	3.80174e-05	-6.94571e-05	-3.80174e-05	1	-0.000873708	-0.000478715	25.6333	
1	-1.40733e-09	7.16763e-05	-1.40441e-09	1	3.92283e-05	-7.16763e-05	-3.92283e-05	1	-0.000928522	-0.000508716	26.4101	
1	-1.49597e-09	7.39015e-05	-1.49278e-09	1	4.04423e-05	-7.39015e-05	-4.04423e-05	1	-0.000985062	-0.000539659	27.1869	
1	-1.58756e-09	7.61326e-05	-1.58407e-09	1	4.16593e-05	-7.61326e-05	-4.16593e-05	1	-0.00104333	-0.000571546	27.9636	
1	-1.68211e-09	7.83695e-05	-1.67832e-09	1	4.28793e-05	-7.83695e-05	-4.28793e-05	1	-0.00110334	-0.000604379	28.7404	
1	-1.77965e-09	8.06123e-05	-1.77553e-09	1	4.41022e-05	-8.06123e-05	-4.41022e-05	1	-0.00116508	-0.000638161	29.5172	
1	-1.88019e-09	8.28607e-05	-1.87572e-09	1	4.5328e-05	-8.28607e-05	-4.5328e-05	1	-0.00122858	-0.000672895	30.2939	
1	-1.98375e-09	8.51149e-05	-1.97891e-09	1	4.65567e-05	-8.51149e-05	-4.65567e-05	1	-0.00129381	-0.000708581	31.0707	
1	-2.09035e-09	8.73746e-05	-2.08512e-09	1	4.77882e-05	-8.73746e-05	-4.77882e-05	1	-0.00136081	-0.000745223	31.8475	
1	-2.2e-09	8.96398e-05	-2.19436e-09	1	4.90224e-05	-8.96398e-05	-4.90224e-05	1	-0.00142956	-0.000782823	32.6242	
1	-2.31271e-09	9.19104e-05	-2.30665e-09	1	5.02594e-05	-9.19104e-05	-5.02594e-05	1	-0.00150007	-0.000821382	33.401	
1	-2.42852e-09	9.41865e-05	-2.422e-09	1	5.14991e-05	-9.41865e-05	-5.14991e-05	1	-0.00157234	-0.000860904	34.1778	
1	-2.54743e-09	9.64679e-05	-2.54044e-09	1	5.27415e-05	-9.64679e-05	-5.27415e-05	1	-0.00164639	-0.000901389	34.9545	
1	-2.66945e-09	9.87545e-05	-2.66196e-09	1	5.39865e-05	-9.87545e-05	-5.39865e-05	1	-0.00172221	-0.000942841	35.7313	
1	-2.79461e-09	0.000101046	-2.7866e-09	1	5.52341e-05	-0.000101046	-5.52341e-05	1	-0.00179981	-0.00098526	36.5081	
1	-2.92291e-09	0.000103343	-2.91436e-09	1	5.64843e-05	-0.000103343	-5.64843e-05	1	-0.00187919	-0.00102865	37.2848	
1	-3.05438e-09	0.000105645	-3.04525e-09	1	5.77369e-05	-0.000105645	-5.77369e-05	1	-0.00196036	-0.00107301	38.0616	
1	-3.18902e-09	0.000107952	-3.1793e-09	1	5.89921e-05	-0.000107952	-5.89921e-05	1	-0.00204332	-0.00111835	38.8384	
1	-3.32685e-09	0.000110264	-3.31651e-09	1	6.02496e-05	-0.000110264	-6.02496e-05	1	-0.00212807	-0.00116466	39.6152	
1	-3.46789e-09	0.000112581	-3.4569e-09	1	6.15096e-05	-0.000112581	-6.15096e-05	1	-0.00221462	-0.00121195	40.3919	
1	-3.61215e-09	0.000114902	-3.60048e-09	1	6.2772e-05	-0.000114902	-6.2772e-05	1	-0.00230297	-0.00126022	41.1687	
0.999999	1.93431e-06	-0.00141175	1.5612e-06	0.999997	0.002476	0.00141175	-0.002476	0.999996	-0.00179929	-0.00224624	41.9455	
0.999996	7.55631e-06	-0.00293837	6.81018e-06	0.999988	0.00488922	0.00293838	-0.00488922	0.999984	-0.000109772	-0.00510677	42.7222	
0.99999	1.68622e-05	-0.00446494	1.57433e-05	0.999973	0.00730243	0.00446494	-0.00730242	0.999963	0.00276556	-0.00984181	43.499	
0.999982	2.98518e-05	-0.00599143	2.83604e-05	0.999953	0.00971559	0.00599144	-0.00971558	0.999935	0.00682665	-0.0164513	44.2757	
0.999972	4.65248e-05	-0.00751784	4.46614e-05	0.999926	0.0121287	0.00751785	-0.0121287	0.999898	0.0120734	-0.0249353	45.0524	
0.999959	6.68809e-05	-0.00904414	6.46462e-05	0.999894	0.0145417	0.00904415	-0.0145417	0.999853	0.0185059	-0.0352937	45.8291	
0.999944	9.09195e-05	-0.0105703	8.83146e-05	0.999856	0.0169547	0.0105703	-0.0169546	0.9998	0.0261238	-0.0475263	46.6057	
0.999927	0.00011864	-0.0120964	0.000115666	0.999812	0.0193675	0.0120964	-0.0193675	0.999739	0.0349272	-0.0616333	47.3823	
0.999907	0.000150043	-0.0136222	0.000146701	0.999763	0.0217802	0.0136223	-0.0217802	0.99967	0.0449159	-0.0776144	48.1588	
0.999885	0.000185126	-0.0151479	0.000181419	0.999707	0.0241928	0.015148	-0.0241927	0.999593	0.0560898	-0.0954695	48.9353	
0.999861	0.00022389	-0.0166734	0.000219819	0.999646	0.0266052	0.0166735	-0.0266051	0.999507	0.0684488	-0.115199	49.7117	
0.999834	0.000266334	-0.0181988	0.000261902	0.999579	0.0290174	0.0181988	-0.0290173	0.999413	0.0819926	-0.136801	50.4881	
0.999805	0.000312456	-0.0197238	0.000307667	0.999506	0.0314294	0.0197239	-0.0314294	0.999311	0.0967212	-0.160278	51.2643	
0.999774	0.000362256	-0.0212487	0.000357113	0.999427	0.0338412	0.0212487	-0.0338412	0.999201	0.112634	-0.185628	52.0405	
0.999741	0.000415734	-0.0227732	0.00041024	0.999343	0.0362528	0.0227733	-0.0362528	0.999083	0.129732	-0.212851	52.8166	
0.999705	0.000472888	-0.0242975	0.000467048	0.999252	0.0386642	0.0242976	-0.0386641	0.998957	0.148013	-0.241948	53.5926	
0.999666	0.000533716	-0.0258215	0.000527536	0.999156	0.0410753	0.0258217	-0.0410752	0.998822	0.167479	-0.272917	54.3686	
0.999626	0.000598219	-0.0273452	0.000591704	0.999054	0.0434861	0.0273454	-0.043486	0.99868	0.188128	-0.30576	55.1444	
0.999583	0.000666395	-0.0288686	0.000659551	0.998946	0.0458966	0.0288687	-0.0458965	0.998529	0.209961	-0.340474	55.92	
0.999538	0.000738243	-0.0303916	0.000731077	0.998832	0.0483068	0.0303918	-0.0483067	0.99837	0.232977	-0.377061	56.6956	
0.99949	0.000813761	-0.0319142	0.00080628	0.998713	0.0507166	0.0319144	-0.0507165	0.998203	0.257175	-0.41552	57.471	
0.99944	0.000892948	-0.0334365	0.000885161	0.998587	0.0531262	0.0334367	-0.053126	0.998028	0.282557	-0.455851	58.2463	
0.999388	0.000975803	-0.0349584	0.000967719	0.998456	0.0555353	0.0349586	-0.0555352	0.997845	0.30912	-0.498054	59.0215	
0.999334	0.00106232	-0.0364798	0.00105395	0.998319	0.0579441	0.0364801	-0.0579439	0.997653	0.336866	-0.542127	59.7965	
0.999277	0.00115251	-0.0380008	0.00114386	0.998176	0.0603525	0.0380011	-0.0603523	0.997454	0.365793	-0.588071	60.5714	
0.999218	0.00124636	-0.0395214	0.00123745	0.998028	0.0627604	0.0395217	-0.0627602	0.997246	0.395902	-0.635886	61.3461	
0.999157	0.00134387	-0.0410415	0.0013347	0.997873	0.0651679	0.0410418	-0.0651677	0.99703	0.427192	-0.685572	62.1206	
0.999093	0.00144504	-0.0425611	0.00143563	0.997713	0.067575	0.0425615	-0.0675748	0.996806	0.459662	-0.737127	62.895	
0.999027	0.00154987	-0.0440803	0.00154024	0.997547	0.0699816	0.0440806	-0.0699814	0.996574	0.493312	-0.790551	63.6692	
0.998958	0.00165836	-0.0455989	0.00164851	0.997375	0.0723877	0.0455992	-0.0723875	0.996334	0.528142	-0.845845	64.4432	
0.998888	0.0017705	-0.0471169	0.00176045	0.997198	0.0747933	0.0471173	-0.0747931	0.996085	0.564152	-0.903008	65.2171	
0.998815	0.00188629	-0.0486345	0.00187607	0.997014	0.0771984	0.0486349	-0.0771982	0.995829	0.601341	-0.962039	65.9907	
0.99874	0.00200573	-0.0501514	0.00199535	0.996825	0.079603	0.0501518	-0.0796027	0.995564	0.639708	-1.02294	66.7641	
0.998662	0.00212883	-0.0516678	0.0021183	0.99663	0.082007	0.0516682	-0.0820067	0.995292	0.679253	-1.0857	67.5373	
0.998582	0.00225557	-0.0531835	0.00224492	0.996429	0.0844104	0.053184	-0.0844101	0.995011	0.719976	-1.15034	68.3103	
0.9985	0.00238595	-0.0546987	0.0023752	0.996222	0.0868133	0.0546992	-0.086813	0.994722	0.761876	-1.21684	69.0831	
0.998416	0.00251997	-0.0562132	0.00250915	0.996009	0.0892155	0.0562137	-0.0892152	0.994425	0.804953	-1.2852	69.8557	
0.998329	0.00265764	-0.057727	0.00264676	0.995791	0.0916171	0.0577275	-0.0916168	0.99412	0.849206	-1.35544	70.628	
0.99824	0.00279894	-0.0592402	0.00278803	0.995567	0.0940181	0.0592408	-0.0940178	0.993806	0.894634	-1.42753	71.4001	
0.99757	0.00386098	-0.0695596	0.00384438	0.993891	0.1103	0.0695605	-0.1103	0.991461	0.94466	-1.50689	72.1711	
0.996794	0.00509207	-0.0798527	0.00506979	0.991948	0.126541	0.0798541	-0.12654	0.988742	1.00269	-1.59888	72.9402	
0.99591	0.00649174	-0.0901155	0.0064638	0.98974	0.142733	0.0901175	-0.142732	0.98565	1.06871	-1.70346	73.7071	
0.99492	0.00805946	-0.100344	0.00802588	0.987266	0.158872	0.100347	-0.158871	0.982187	1.14268	-1.8206	74.4714	
0.993824	0.00979465	-0.110535	0.00975544	0.984529	0.174952	0.110539	-0.174949	0.978353	1.22459	-1.95026	75.2328	
0.992622	0.0116967	-0.120684	0.0116518	0.981528	0.190965	0.120689	-0.190962	0.97415	1.3144	-2.09238	75.9912	
0.991315	0.0137647	-0.130788	0.0137143	0.978265	0.206906	0.130793	-0.206903	0.969579	1.41207	-2.24691	76.7461	
