1	0	0	0	1	0	0	0	1	0	0	0	
1	-1.2727e-06	-0.000557487	-1.2727e-06	0.99999	-0.00456582	0.000557487	0.00456582	0.999989	0.00022933	0.00187821	0.822724	
0.999999	-5.0942e-06	-0.00111544	-5.09236e-06	0.999958	-0.00913214	0.00111544	0.00913214	0.999958	0.000917513	0.00751307	1.64543	
0.999999	-1.14691e-05	-0.00167384	-1.14618e-05	0.999906	-0.0136989	0.00167384	0.0136989	0.999905	0.00206492	0.0169049	2.4681	
0.999998	-2.04019e-05	-0.00223269	-2.03836e-05	0.999833	-0.0182659	0.00223269	0.0182659	0.999831	0.00367193	0.0300541	3.29072	
0.999996	-3.18971e-05	-0.00279195	-3.18604e-05	0.999739	-0.0228331	0.00279195	0.0228331	0.999735	0.00573889	0.0469608	4.11327	
0.999994	-4.59591e-05	-0.00335164	-4.58948e-05	0.999625	-0.0274005	0.00335164	0.0274005	0.999619	0.00826614	0.0676251	4.93574	
0.999992	-6.25922e-05	-0.00391172	-6.24893e-05	0.999489	-0.0319678	0.00391172	0.0319678	0.999481	0.011254	0.0920471	5.7581	
0.99999	-8.18006e-05	-0.00447219	-8.16462e-05	0.999332	-0.036535	0.0044722	0.036535	0.999322	0.0147029	0.120227	6.58033	
0.999987	-0.000103588	-0.00503304	-0.000103368	0.999155	-0.0411019	0.00503304	0.0411019	0.999142	0.018613	0.152164	7.40243	
0.999984	-0.00012796	-0.00559425	-0.000127657	0.998957	-0.0456686	0.00559426	0.0456686	0.998941	0.0229847	0.187858	8.22437	
0.999981	-0.000154919	-0.00615581	-0.000154515	0.998737	-0.0502348	0.00615582	0.0502348	0.998718	0.0278182	0.227309	9.04614	
0.999977	-0.00018447	-0.0067177	-0.000183944	0.998497	-0.0548005	0.00671772	0.0548005	0.998475	0.033114	0.270517	9.86771	
0.999973	-0.000216617	-0.00727992	-0.000215947	0.998236	-0.0593655	0.00727994	0.0593655	0.99821	0.0388721	0.317481	10.6891	
0.999969	-0.000251362	-0.00784245	-0.000250526	0.997954	-0.0639298	0.00784248	0.0639298	0.997924	0.0450929	0.3682	11.5102	
0.999965	-0.000288711	-0.00840528	-0.000287682	0.997652	-0.0684932	0.00840531	0.0684932	0.997616	0.0517767	0.422674	12.3311	
0.99996	-0.000328667	-0.00896839	-0.000327417	0.997328	-0.0730557	0.00896844	0.0730557	0.997288	0.0589236	0.480902	13.1517	
0.999955	-0.000371233	-0.00953177	-0.000369733	0.996983	-0.0776172	0.00953183	0.0776172	0.996938	0.066534	0.542884	13.9721	
0.999949	-0.000416414	-0.0100954	-0.000414632	0.996618	-0.0821775	0.0100955	0.0821775	0.996567	0.074608	0.608618	14.7921	
0.999943	-0.000464211	-0.0106593	-0.000462115	0.996231	-0.0867365	0.0106594	0.0867365	0.996174	0.0831458	0.678103	15.6119	
0.999937	-0.00051463	-0.0112234	-0.000512185	0.995824	-0.0912942	0.0112235	0.0912941	0.995761	0.0921476	0.751338	16.4313	
0.99993	-0.000567673	-0.0117878	-0.000564841	0.995396	-0.0958503	0.0117879	0.0958503	0.995326	0.101614	0.828323	17.2504	
0.999924	-0.000623343	-0.0123523	-0.000620087	0.994946	-0.100405	0.0123525	0.100405	0.99487	0.111544	0.909055	18.0691	
0.999916	-0.000681645	-0.0129171	-0.000677923	0.994476	-0.104958	0.0129172	0.104958	0.994393	0.121939	0.993534	18.8874	
0.999909	-0.00074258	-0.013482	-0.000738351	0.993986	-0.109509	0.0134822	0.109509	0.993894	0.132799	1.08176	19.7053	
0.999901	-0.000806152	-0.0140471	-0.000801372	0.993474	-0.114058	0.0140473	0.114058	0.993375	0.144124	1.17373	20.5228	
0.999893	-0.000872364	-0.0146123	-0.000866986	0.992941	-0.118606	0.0146126	0.118606	0.992834	0.155913	1.26944	21.3398	
0.999884	-0.000941219	-0.0151777	-0.000935196	0.992388	-0.123151	0.015178	0.123151	0.992272	0.168168	1.36889	22.1564	
0.999876	-0.00101272	-0.0157432	-0.001006	0.991813	-0.127694	0.0157436	0.127694	0.991689	0.180888	1.47207	22.9726	
0.999866	-0.00108687	-0.0163088	-0.00107941	0.991218	-0.132234	0.0163093	0.132234	0.991084	0.194074	1.579	23.7882	
0.999857	-0.00116367	-0.0168745	-0.00115541	0.990602	-0.136773	0.0168751	0.136773	0.990459	0.207725	1.68966	24.6033	
0.999847	-0.00124312	-0.0174403	-0.00123401	0.989965	-0.141308	0.017441	0.141308	0.989812	0.221841	1.80405	25.418	
0.999837	-0.00132523	-0.0180062	-0.00131521	0.989307	-0.145842	0.018007	0.145842	0.989144	0.236423	1.92217	26.232	
0.999827	-0.00141	-0.0185722	-0.00139901	0.988628	-0.150372	0.018573	0.150372	0.988455	0.251471	2.04403	27.0455	
0.999816	-0.00149743	-0.0191382	-0.00148541	0.987929	-0.1549	0.0191391	0.1549	0.987745	0.266984	2.1696	27.8585	
0.999805	-0.00158753	-0.0197042	-0.00157441	0.987209	-0.159424	0.0197052	0.159424	0.987013	0.282963	2.29891	28.6708	
0.999793	-0.00168029	-0.0202702	-0.00166602	0.986468	-0.163946	0.0202714	0.163946	0.986261	0.299408	2.43193	29.4826	
0.999781	-0.00177572	-0.0208363	-0.00176022	0.985706	-0.168465	0.0208376	0.168464	0.985487	0.316319	2.56867	30.2937	
0.999769	-0.00187382	-0.0214023	-0.00185703	0.984924	-0.17298	0.0214038	0.17298	0.984693	0.333696	2.70913	31.1041	
0.999757	-0.00197459	-0.0219684	-0.00195645	0.98412	-0.177492	0.02197	0.177492	0.983877	0.351538	2.8533	31.9139	
0.999744	-0.00207804	-0.0225343	-0.00205847	0.983296	-0.182001	0.0225361	0.182	0.98304	0.369846	3.00118	32.723	
0.999731	-0.00218416	-0.0231003	-0.00216309	0.982452	-0.186506	0.0231023	0.186505	0.982182	0.38862	3.15277	33.5315	
0.999717	-0.00229296	-0.0236662	-0.00227031	0.981586	-0.191007	0.0236684	0.191007	0.981303	0.40786	3.30807	34.3392	
0.999703	-0.00240444	-0.024232	-0.00238014	0.9807	-0.195505	0.0242344	0.195504	0.980403	0.427566	3.46706	35.1462	
0.999689	-0.0025186	-0.0247977	-0.00249257	0.979793	-0.199998	0.0248004	0.199998	0.979482	0.447737	3.62976	35.9524	
0.999675	-0.00263545	-0.0253633	-0.00260761	0.978866	-0.204488	0.0253662	0.204488	0.97854	0.468373	3.79615	36.7578	
0.99966	-0.00275498	-0.0259289	-0.00272524	0.977917	-0.208974	0.025932	0.208974	0.977577	0.489476	3.96623	37.5625	
0.999645	-0.0028772	-0.0264942	-0.00284549	0.976949	-0.213456	0.0264977	0.213455	0.976593	0.511043	4.14001	38.3664	
0.999629	-0.00300211	-0.0270595	-0.00296833	0.975959	-0.217933	0.0270632	0.217933	0.975588	0.533076	4.31746	39.1695	
0.999613	-0.0031297	-0.0276246	-0.00309378	0.974949	-0.222406	0.0276286	0.222406	0.974563	0.555575	4.4986	39.9717	
0.999597	-0.00325999	-0.0281895	-0.00322183	0.973919	-0.226875	0.0281939	0.226875	0.973516	0.578538	4.68342	40.773	
0.999581	-0.00339297	-0.0287542	-0.00335248	0.972867	-0.231339	0.028759	0.231339	0.972448	0.601967	4.87191	41.5735	
0.999564	-0.00352864	-0.0293188	-0.00348573	0.971796	-0.235799	0.0293239	0.235798	0.97136	0.62586	5.06408	42.3732	
0.999547	-0.003667	-0.0298831	-0.00362159	0.970703	-0.240253	0.0298887	0.240253	0.97025	0.650218	5.25991	43.1719	
0.999529	-0.00380806	-0.0304472	-0.00376004	0.969591	-0.244703	0.0304532	0.244702	0.96912	0.67504	5.4594	43.9697	
0.999511	-0.00395182	-0.0310111	-0.00390109	0.968458	-0.249148	0.0310175	0.249147	0.967969	0.700327	5.66255	44.7665	
0.999493	-0.00409827	-0.0315747	-0.00404474	0.967304	-0.253588	0.0315816	0.253587	0.966797	0.726078	5.86936	45.5624	
0.999453	-0.00441418	-0.0327609	-0.00428753	0.965363	-0.260875	0.0327777	0.260873	0.964817	0.752553	6.08099	46.357	
0.999412	-0.0047389	-0.033944	-0.00453936	0.963367	-0.268147	0.0339713	0.268144	0.96278	0.780012	6.29861	47.1499	
0.99937	-0.00507242	-0.0351243	-0.0048002	0.961317	-0.275404	0.0351625	0.275399	0.960687	0.808451	6.52221	47.9412	
0.999326	-0.00541471	-0.0363015	-0.00507003	0.959211	-0.282646	0.0363512	0.282639	0.958537	0.837869	6.75176	48.7307	
0.999281	-0.00576576	-0.0374757	-0.00534884	0.957051	-0.289871	0.0375374	0.289863	0.956332	0.868264	6.98727	49.5184	
0.999234	-0.00612554	-0.0386467	-0.00563661	0.954836	-0.29708	0.038721	0.297071	0.95407	0.899635	7.22872	50.3043	
0.999186	-0.00649404	-0.0398146	-0.00593332	0.952567	-0.304273	0.039902	0.304261	0.951753	0.931977	7.47608	51.0883	
0.999136	-0.00687124	-0.0409793	-0.00623894	0.950243	-0.311447	0.0410804	0.311434	0.949379	0.965291	7.72936	51.8703	
0.999085	-0.00725712	-0.0421408	-0.00655347	0.947865	-0.318604	0.0422559	0.318589	0.946951	0.999572	7.98853	52.6504	
0.999033	-0.00765166	-0.043299	-0.00687687	0.945433	-0.325743	0.0434288	0.325726	0.944466	1.03482	8.25358	53.4285	
0.998979	-0.00805484	-0.0444538	-0.00720914	0.942947	-0.332864	0.0445988	0.332844	0.941927	1.07103	8.52449	54.2045	
0.998924	-0.00846664	-0.0456053	-0.00755024	0.940408	-0.339965	0.045766	0.339943	0.939332	1.1082	8.80125	54.9784	
0.998867	-0.00888704	-0.0467534	-0.00790016	0.937815	-0.347047	0.0469302	0.347023	0.936682	1.14634	9.08385	55.7501	
0.998809	-0.00931602	-0.047898	-0.00825887	0.935168	-0.354108	0.0480915	0.354082	0.933977	1.18543	9.37226	56.5196	
0.998749	-0.00975356	-0.049039	-0.00862635	0.932468	-0.36115	0.0492498	0.361121	0.931217	1.22547	9.66647	57.2869	
0.998688	-0.0101996	-0.0501765	-0.00900258	0.929715	-0.368171	0.0504051	0.368139	0.928403	1.26646	9.96646	58.0519	
0.998626	-0.0106542	-0.0513104	-0.00938754	0.926908	-0.37517	0.0515572	0.375136	0.925535	1.30841	10.2722	58.8145	
0.998562	-0.0111173	-0.0524407	-0.0097812	0.924049	-0.382148	0.0527063	0.382112	0.922612	1.3513	10.5837	59.5748	
0.998497	-0.0115889	-0.0535673	-0.0101835	0.921138	-0.389104	0.0538521	0.389065	0.919635	1.39513	10.901	60.3326	
0.99843	-0.012069	-0.0546901	-0.0105945	0.918173	-0.396037	0.0549947	0.395995	0.916604	1.43991	11.2239	61.088	
0.998362	-0.0125575	-0.0558091	-0.0110142	0.915157	-0.402948	0.0561341	0.402903	0.91352	1.48562	11.5525	61.8408	
0.998293	-0.0130544	-0.0569243	-0.0114424	0.912088	-0.409835	0.0572701	0.409787	0.910382	1.53227	11.8869	62.5911	
0.998222	-0.0135597	-0.0580356	-0.0118792	0.908967	-0.416699	0.0584028	0.416648	0.90719	1.57986	12.2268	63.3388	
0.99815	-0.0140734	-0.059143	-0.0123246	0.905794	-0.423538	0.059532	0.423484	0.903945	1.62837	12.5724	64.0839	
0.998077	-0.0145954	-0.0602464	-0.0127785	0.90257	-0.430353	0.0606578	0.430296	0.900648	1.67781	12.9236	64.8262	
0.998002	-0.0151258	-0.0613458	-0.0132408	0.899294	-0.437143	0.0617801	0.437082	0.897297	1.72818	13.2805	65.5658	
0.997926	-0.0156645	-0.0624412	-0.0137117	0.895967	-0.443908	0.0628989	0.443843	0.893894	1.77947	13.6428	66.3026	
0.997848	-0.0162115	-0.0635324	-0.014191	0.892589	-0.450647	0.064014	0.450579	0.890439	1.83168	14.0108	67.0367	
0.997769	-0.0167668	-0.0646195	-0.0146788	0.889161	-0.45736	0.0651256	0.457288	0.886931	1.8848	14.3842	67.7678	
0.997689	-0.0173303	-0.0657024	-0.0151749	0.885681	-0.464046	0.0662334	0.46397	0.883371	1.93884	14.7632	68.4961	
0.997607	-0.0179021	-0.066781	-0.0156794	0.882151	-0.470705	0.0673376	0.470626	0.87976	1.99378	15.1477	69.2213	
0.997309	-0.0199617	-0.0705393	-0.0170737	0.872508	-0.488302	0.0712935	0.488192	0.869819	2.05081	15.5421	69.9411	
0.996995	-0.0220964	-0.0742541	-0.0185472	0.862513	-0.505695	0.0752192	0.505552	0.859511	2.11108	15.9509	70.6525	
0.996663	-0.0243052	-0.0779239	-0.0200995	0.852171	-0.522877	0.0791131	0.522698	0.848839	2.17457	16.3739	71.3553	
0.996315	-0.0265872	-0.081547	-0.0217297	0.841487	-0.53984	0.0829735	0.539623	0.837808	2.24125	16.8109	72.0491	
0.99595	-0.0289414	-0.0851219	-0.0234372	0.830464	-0.556578	0.0867989	0.556319	0.826423	2.31109	17.2618	72.7337	
0.995569	-0.0313668	-0.0886472	-0.0252213	0.819108	-0.573084	0.0905875	0.572781	0.814688	2.38407	17.7263	73.4089	
0.995172	-0.0338624	-0.0921214	-0.0270812	0.807424	-0.58935	0.0943378	0.589	0.802608	2.46014	18.2042	74.0742	
0.994759	-0.0364272	-0.0955429	-0.0290161	0.795415	-0.60537	0.0980482	0.604969	0.790189	2.53928	18.6954	74.7294	
0.994329	-0.0390601	-0.0989103	-0.0310253	0.783088	-0.621137	0.101717	0.620683	0.777436	2.62146	19.1996	75.3743	
0.993885	-0.0417598	-0.102222	-0.0331078	0.770447	-0.636643	0.105343	0.636134	0.764353	2.70664	19.7166	76.0086	
0.993424	-0.0445254	-0.105477	-0.0352628	0.757499	-0.651884	0.108924	0.651316	0.750948	2.79479	20.2462	76.6319	
0.992949	-0.0473557	-0.108674	-0.0374894	0.744247	-0.666851	0.11246	0.666223	0.737224	2.88586	20.7882	77.2441	
