1	0	0	0	1	0	0	0	1	0	0	0	
0.999996	3.50789e-06	-0.00293412	3.50789e-06	0.999997	0.0023911	0.00293412	-0.0023911	0.999993	0.00114994	-0.000937117	0.783837	
0.999983	1.40431e-05	-0.00587016	1.40475e-05	0.999989	0.00478526	0.00587016	-0.00478526	0.999971	0.00460051	-0.00374967	1.56766	
0.999961	3.16239e-05	-0.00880806	3.16415e-05	0.999974	0.00718244	0.00880806	-0.00718244	0.999935	0.0103532	-0.00844005	2.35146	
0.999931	5.62679e-05	-0.0117477	5.6312e-05	0.999954	0.00958257	0.0117477	-0.00958257	0.999885	0.0184094	-0.0150106	3.13523	
0.999892	8.79926e-05	-0.0146891	8.80809e-05	0.999928	0.0119856	0.0146891	-0.0119856	0.99982	0.0287705	-0.0234636	3.91896	
0.999845	0.000126815	-0.0176321	0.00012697	0.999896	0.0143915	0.0176321	-0.0143915	0.999741	0.0414378	-0.0338013	4.70262	
0.999788	0.000172752	-0.0205767	0.000172999	0.999859	0.0168001	0.0205767	-0.0168001	0.999647	0.0564126	-0.0460259	5.48622	
0.999723	0.000225819	-0.0235227	0.000226191	0.999815	0.0192115	0.0235227	-0.0192115	0.999539	0.073696	-0.0601395	6.26974	
0.99965	0.000286033	-0.0264701	0.000286564	0.999766	0.0216255	0.0264701	-0.0216255	0.999416	0.0932892	-0.0761443	7.05317	
0.999567	0.000353408	-0.0294189	0.000354139	0.999711	0.0240421	0.0294189	-0.0240421	0.999278	0.115193	-0.0940423	7.8365	
0.999476	0.000427961	-0.0323689	0.000428937	0.99965	0.0264613	0.0323689	-0.0264613	0.999126	0.139409	-0.113836	8.61972	
0.999376	0.000509705	-0.0353201	0.000510974	0.999583	0.0288829	0.0353201	-0.0288829	0.998959	0.165938	-0.135526	9.4028	
0.999267	0.000598655	-0.0382724	0.000600272	0.99951	0.031307	0.0382724	-0.031307	0.998777	0.19478	-0.159116	10.1858	
0.99915	0.000694825	-0.0412258	0.000696848	0.999431	0.0337334	0.0412257	-0.0337335	0.99858	0.225937	-0.184606	10.9686	
0.999023	0.000798229	-0.04418	0.000800721	0.999346	0.0361621	0.04418	-0.0361622	0.998369	0.259409	-0.212	11.7512	
0.998888	0.000908879	-0.0471352	0.000911907	0.999255	0.0385931	0.0471352	-0.0385932	0.998143	0.295197	-0.241298	12.5337	
0.998744	0.00102679	-0.0500912	0.00103043	0.999158	0.0410263	0.0500911	-0.0410264	0.997902	0.333302	-0.272502	13.316	
0.998591	0.00115197	-0.0530479	0.00115629	0.999054	0.0434616	0.0530478	-0.0434617	0.997646	0.373724	-0.305615	14.0981	
0.99843	0.00128444	-0.0560053	0.00128953	0.998945	0.045899	0.0560052	-0.0458991	0.997375	0.416464	-0.340637	14.8799	
0.998259	0.0014242	-0.0589632	0.00143014	0.99883	0.0483383	0.0589631	-0.0483385	0.997089	0.461523	-0.377571	15.6616	
0.99808	0.00157127	-0.0619217	0.00157815	0.998709	0.0507797	0.0619215	-0.0507799	0.996788	0.5089	-0.416417	16.4431	
0.997892	0.00172566	-0.0648806	0.00173358	0.998581	0.0532229	0.0648804	-0.0532231	0.996473	0.558596	-0.457178	17.2243	
0.997694	0.00188737	-0.0678399	0.00189643	0.998448	0.0556679	0.0678396	-0.0556682	0.996142	0.610611	-0.499855	18.0052	
0.997488	0.00205643	-0.0707994	0.00206673	0.998308	0.0581147	0.0707991	-0.0581151	0.995796	0.664947	-0.544449	18.7859	
0.997274	0.00223283	-0.0737592	0.00224448	0.998162	0.0605632	0.0737589	-0.0605637	0.995435	0.721602	-0.590961	19.5663	
0.99705	0.0024166	-0.0767191	0.00242971	0.99801	0.0630134	0.0767187	-0.0630139	0.99506	0.780577	-0.639394	20.3464	
0.996817	0.00260773	-0.0796791	0.00262243	0.997851	0.0654651	0.0796787	-0.0654657	0.994669	0.841872	-0.689747	21.1262	
0.996576	0.00280624	-0.0826391	0.00282264	0.997687	0.0679184	0.0826386	-0.0679191	0.994262	0.905488	-0.742023	21.9057	
0.996325	0.00301213	-0.085599	0.00303036	0.997516	0.0703732	0.0855984	-0.070374	0.993841	0.971423	-0.796223	22.6849	
0.996066	0.00322541	-0.0885588	0.00324562	0.997339	0.0728293	0.0885581	-0.0728302	0.993405	1.03968	-0.852348	23.4637	
0.995797	0.0034461	-0.0915183	0.0034684	0.997156	0.0752869	0.0915175	-0.0752879	0.992953	1.11025	-0.910398	24.2422	
0.99552	0.00367419	-0.0944776	0.00369874	0.996966	0.0777457	0.0944766	-0.0777468	0.992487	1.18315	-0.970375	25.0204	
0.995234	0.0039097	-0.0974364	0.00393664	0.996771	0.0802057	0.0974354	-0.080207	0.992005	1.25836	-1.03228	25.7981	
0.994939	0.00415263	-0.100395	0.00418211	0.996568	0.0826669	0.100394	-0.0826684	0.991507	1.3359	-1.09611	26.5755	
0.994635	0.00440299	-0.103353	0.00443517	0.99636	0.0851292	0.103351	-0.0851309	0.990995	1.41575	-1.16188	27.3525	
0.994322	0.00466078	-0.10631	0.00469582	0.996145	0.0875926	0.106309	-0.0875944	0.990467	1.49792	-1.22957	28.129	
0.994	0.00492602	-0.109267	0.00496407	0.995924	0.0900569	0.109265	-0.090059	0.989925	1.5824	-1.2992	28.9052	
0.993669	0.00519869	-0.112223	0.00523994	0.995697	0.0925222	0.112221	-0.0925245	0.989366	1.66921	-1.37076	29.6809	
0.99333	0.00547882	-0.115178	0.00552344	0.995463	0.0949883	0.115176	-0.0949909	0.988793	1.75833	-1.44425	30.4562	
0.992981	0.0057664	-0.118132	0.00581456	0.995223	0.0974553	0.11813	-0.0974582	0.988204	1.84977	-1.51967	31.231	
0.992624	0.00606144	-0.121085	0.00611333	0.994976	0.099923	0.121083	-0.0999262	0.9876	1.94352	-1.59703	32.0054	
0.992257	0.00636394	-0.124038	0.00641975	0.994723	0.102391	0.124035	-0.102395	0.986981	2.03959	-1.67632	32.7793	
0.991882	0.00667391	-0.126989	0.00673383	0.994464	0.10486	0.126986	-0.104864	0.986346	2.13797	-1.75755	33.5526	
0.991497	0.00699134	-0.129939	0.00705557	0.994198	0.10733	0.129936	-0.107334	0.985696	2.23866	-1.84072	34.3255	
0.991104	0.00731625	-0.132888	0.00738499	0.993926	0.1098	0.132884	-0.109805	0.98503	2.34166	-1.92582	35.0979	
0.990702	0.00764863	-0.135835	0.00772208	0.993648	0.112271	0.135831	-0.112276	0.98435	2.44698	-2.01286	35.8697	
0.990291	0.00798849	-0.138782	0.00806687	0.993363	0.114742	0.138777	-0.114747	0.983653	2.5546	-2.10183	36.641	
0.989871	0.00833583	-0.141726	0.00841935	0.993071	0.117213	0.141721	-0.117219	0.982942	2.66453	-2.19274	37.4118	
0.989442	0.00869064	-0.144669	0.00877953	0.992773	0.119684	0.144664	-0.119691	0.982215	2.77677	-2.28559	38.182	
0.989004	0.00905294	-0.147611	0.00914742	0.992469	0.122156	0.147605	-0.122163	0.981473	2.89132	-2.38038	38.9516	
0.988557	0.00942272	-0.150551	0.00952301	0.992158	0.124628	0.150545	-0.124636	0.980715	3.00817	-2.47711	39.7206	
0.988102	0.00979998	-0.153489	0.00990633	0.99184	0.1271	0.153482	-0.127108	0.979942	3.12733	-2.57577	40.489	
0.987637	0.0101847	-0.156426	0.0102974	0.991517	0.129572	0.156418	-0.129581	0.979154	3.24878	-2.67637	41.2568	
0.987164	0.0105769	-0.15936	0.0106961	0.991186	0.132044	0.159352	-0.132054	0.97835	3.37254	-2.77891	42.024	
0.986546	0.0110927	-0.163105	0.0115484	0.990474	0.137213	0.163074	-0.13725	0.977021	3.4989	-2.88446	42.7904	
0.985914	0.0116292	-0.166851	0.0124204	0.989735	0.142375	0.166794	-0.142441	0.975649	3.62819	-2.99407	43.5556	
0.985266	0.0121864	-0.170596	0.0133122	0.988968	0.14753	0.170512	-0.147627	0.974234	3.76038	-3.10776	44.3198	
0.984603	0.0127643	-0.174341	0.0142236	0.988174	0.152677	0.174228	-0.152806	0.972777	3.89549	-3.2255	45.0829	
0.983924	0.0133629	-0.178085	0.0151547	0.987352	0.157817	0.177942	-0.157979	0.971277	4.03352	-3.34731	45.8448	
0.983231	0.0139821	-0.181829	0.0161056	0.986503	0.16295	0.181653	-0.163146	0.969735	4.17445	-3.47316	46.6056	
0.982522	0.0146221	-0.18557	0.0170761	0.985626	0.168074	0.185361	-0.168305	0.96815	4.31829	-3.60306	47.3651	
0.981798	0.0152828	-0.18931	0.0180662	0.984723	0.17319	0.189065	-0.173458	0.966523	4.46503	-3.73701	48.1233	
0.981059	0.0159642	-0.193048	0.019076	0.983792	0.178298	0.192766	-0.178603	0.964853	4.61468	-3.87499	48.8802	
0.980305	0.0166662	-0.196784	0.0201054	0.982833	0.183397	0.196462	-0.183741	0.963142	4.76723	-4.017	49.6359	
0.979536	0.0173889	-0.200517	0.0211543	0.981848	0.188487	0.200155	-0.188871	0.961387	4.92267	-4.16303	50.3901	
0.978752	0.0181323	-0.204247	0.0222228	0.980835	0.193567	0.203842	-0.193993	0.959591	5.08101	-4.31309	51.143	
0.977952	0.0188963	-0.207973	0.0233109	0.979796	0.198639	0.207524	-0.199107	0.957753	5.24223	-4.46715	51.8944	
0.977137	0.0196809	-0.211696	0.0244185	0.978729	0.2037	0.211201	-0.204212	0.955872	5.40634	-4.62522	52.6444	
0.976308	0.020486	-0.215414	0.0255455	0.977635	0.208752	0.214873	-0.209309	0.953949	5.57332	-4.78729	53.3929	
0.975463	0.0213117	-0.219128	0.0266919	0.976514	0.213794	0.218538	-0.214397	0.951985	5.74319	-4.95335	54.1399	
0.974604	0.0221579	-0.222838	0.0278578	0.975366	0.218825	0.222197	-0.219475	0.949978	5.91592	-5.12339	54.8853	
0.973729	0.0230246	-0.226542	0.029043	0.974192	0.223845	0.22585	-0.224544	0.94793	6.09152	-5.29741	55.6292	
0.97284	0.0239117	-0.230241	0.0302476	0.97299	0.228855	0.229495	-0.229604	0.94584	6.26998	-5.4754	56.3714	
0.971935	0.0248192	-0.233935	0.0314715	0.971762	0.233854	0.233133	-0.234653	0.943709	6.45129	-5.65735	57.1119	
0.971016	0.025747	-0.237622	0.0327146	0.970507	0.238841	0.236764	-0.239693	0.941536	6.63545	-5.84326	57.8508	
0.970083	0.026695	-0.241303	0.0339769	0.969226	0.243817	0.240386	-0.244722	0.939322	6.82246	-6.03311	58.5879	
0.969134	0.0276634	-0.244978	0.0352584	0.967918	0.248781	0.244001	-0.24974	0.937067	7.0123	-6.2269	59.3233	
0.968171	0.0286518	-0.248646	0.036559	0.966583	0.253734	0.247606	-0.254748	0.93477	7.20497	-6.42462	60.0569	
0.967193	0.0296604	-0.252306	0.0378787	0.965222	0.258674	0.251204	-0.259744	0.932432	7.40046	-6.62626	60.7887	
0.9662	0.030689	-0.255959	0.0392174	0.963834	0.263601	0.254791	-0.26473	0.930054	7.59877	-6.83181	61.5187	
0.965194	0.0317376	-0.259604	0.0405751	0.96242	0.268516	0.25837	-0.269703	0.927634	7.79989	-7.04126	62.2467	
0.964172	0.0328062	-0.26324	0.0419516	0.96098	0.273418	0.261939	-0.274665	0.925174	8.00381	-7.25461	62.9729	
0.963137	0.0338945	-0.266869	0.0433471	0.959514	0.278307	0.265497	-0.279616	0.922673	8.21052	-7.47185	63.6971	
0.962087	0.0350026	-0.270488	0.0447614	0.958021	0.283183	0.269045	-0.284554	0.920132	8.42002	-7.69296	64.4193	
0.961023	0.0361304	-0.274099	0.0461944	0.956502	0.288045	0.272583	-0.289479	0.917551	8.6323	-7.91793	65.1396	
0.959944	0.0372778	-0.2777	0.0476461	0.954957	0.292893	0.27611	-0.294392	0.91493	8.84734	-8.14676	65.8577	
0.958852	0.0384446	-0.281291	0.0491165	0.953387	0.297727	0.279625	-0.299293	0.912268	9.06515	-8.37944	66.5739	
0.957746	0.0396309	-0.284872	0.0506054	0.95179	0.302548	0.283129	-0.30418	0.909567	9.2857	-8.61596	67.2879	
0.956626	0.0408366	-0.288443	0.0521128	0.950167	0.307353	0.286621	-0.309054	0.906826	9.509	-8.85629	67.9998	
0.955492	0.0420614	-0.292004	0.0536387	0.948519	0.312145	0.290101	-0.313914	0.904046	9.73503	-9.10045	68.7095	
0.954344	0.0433054	-0.295554	0.055183	0.946845	0.316921	0.293568	-0.318761	0.901227	9.96378	-9.34841	69.417	
0.952488	0.0453583	-0.30118	0.0606789	0.940767	0.33358	0.298471	-0.336006	0.893317	10.1958	-9.60503	70.1203	
0.950601	0.047519	-0.306756	0.0662649	0.93437	0.350089	0.303259	-0.353122	0.885064	10.4317	-9.87512	70.8173	
0.948685	0.0497865	-0.312279	0.0719386	0.927656	0.366441	0.307931	-0.370102	0.876472	10.6712	-10.1586	71.5077	
0.94674	0.05216	-0.317747	0.077698	0.920628	0.382631	0.312485	-0.386941	0.867543	10.9144	-10.4553	72.1913	
0.944766	0.0546387	-0.323158	0.0835409	0.913289	0.398652	0.316918	-0.40363	0.858281	11.161	-10.7651	72.8677	
0.942766	0.0572215	-0.32851	0.0894649	0.905642	0.414498	0.32123	-0.420165	0.848689	11.4112	-11.088	73.5367	
0.940738	0.0599075	-0.3338	0.0954678	0.897689	0.430163	0.325419	-0.436538	0.838771	11.6646	-11.4238	74.1981	
0.938685	0.0626957	-0.339028	0.101547	0.889434	0.445641	0.329482	-0.452744	0.828531	11.9213	-11.7723	74.8515	
