1	0	0	0	1	0	0	0	1	0	0	0	
1	8.46533e-08	0.000550453	8.46533e-08	1	-0.000307577	-0.000550453	0.000307577	1	-0.000229355	0.000128157	0.833333	
0.999999	3.41168e-07	0.00110502	3.41213e-07	1	-0.000617531	-0.00110502	0.000617531	0.999999	-0.000919134	0.000513619	1.66667	
0.999999	7.73393e-07	0.00166367	7.73572e-07	1	-0.000929852	-0.00166367	0.000929852	0.999998	-0.00207275	0.00115836	2.5	
0.999998	1.38518e-06	0.00222639	1.38563e-06	0.999999	-0.00124453	-0.00222639	0.00124453	0.999997	-0.00369361	0.00206435	3.33333	
0.999996	2.18038e-06	0.00279316	2.18129e-06	0.999999	-0.00156155	-0.00279316	0.00156155	0.999995	-0.00578508	0.00323356	4.16666	
0.999994	3.16286e-06	0.00336395	3.16447e-06	0.999998	-0.00188092	-0.00336395	0.00188092	0.999993	-0.00835054	0.00466792	4.99999	
0.999992	4.33649e-06	0.00393876	4.33907e-06	0.999998	-0.0022026	-0.00393876	0.0022026	0.99999	-0.0113933	0.00636938	5.83331	
0.99999	5.70511e-06	0.00451755	5.70902e-06	0.999997	-0.0025266	-0.00451755	0.0025266	0.999987	-0.0149168	0.00833989	6.66664	
0.999987	7.27261e-06	0.00510031	7.27823e-06	0.999996	-0.00285291	-0.00510031	0.00285291	0.999983	-0.0189242	0.0105814	7.49996	
0.999984	9.04285e-06	0.00568701	9.05063e-06	0.999995	-0.00318151	-0.00568701	0.00318151	0.999979	-0.023419	0.0130957	8.33328	
0.99998	1.10197e-05	0.00627763	1.10301e-05	0.999994	-0.0035124	-0.00627763	0.0035124	0.999974	-0.0284042	0.0158848	9.16659	
0.999976	1.3207e-05	0.00687216	1.32207e-05	0.999993	-0.00384556	-0.00687216	0.00384556	0.999969	-0.0338833	0.0189506	9.9999	
0.999972	1.56087e-05	0.00747057	1.56262e-05	0.999991	-0.00418098	-0.00747057	0.00418098	0.999963	-0.0398594	0.022295	10.8332	
0.999967	1.82285e-05	0.00807284	1.82506e-05	0.99999	-0.00451865	-0.00807284	0.00451865	0.999957	-0.0463359	0.0259199	11.6665	
0.999962	2.10704e-05	0.00867894	2.10978e-05	0.999988	-0.00485856	-0.00867894	0.00485856	0.999951	-0.0533158	0.0298271	12.4998	
0.999957	2.41383e-05	0.00928886	2.41717e-05	0.999986	-0.0052007	-0.00928886	0.0052007	0.999943	-0.0608023	0.0340184	13.3331	
0.999951	2.74359e-05	0.00990258	2.74763e-05	0.999985	-0.00554506	-0.00990258	0.00554506	0.999936	-0.0687988	0.0384958	14.1664	
0.999945	3.09671e-05	0.0105201	3.10154e-05	0.999983	-0.00589163	-0.0105201	0.00589163	0.999927	-0.0773082	0.0432611	14.9996	
0.999938	3.47359e-05	0.0111413	3.4793e-05	0.999981	-0.00624039	-0.0111413	0.00624039	0.999918	-0.0863338	0.0483161	15.8329	
0.999931	3.87459e-05	0.0117663	3.8813e-05	0.999978	-0.00659133	-0.0117663	0.00659133	0.999909	-0.0958786	0.0536627	16.6662	
0.999923	4.3001e-05	0.0123949	4.30793e-05	0.999976	-0.00694445	-0.0123949	0.00694445	0.999899	-0.105946	0.0593026	17.4994	
0.999915	4.75052e-05	0.0130273	4.75957e-05	0.999973	-0.00729973	-0.0130273	0.00729973	0.999888	-0.116538	0.0652377	18.3327	
0.999907	5.22621e-05	0.0136633	5.23662e-05	0.999971	-0.00765715	-0.0136633	0.00765715	0.999877	-0.127659	0.0714697	19.1659	
0.999898	5.72756e-05	0.0143029	5.73947e-05	0.999968	-0.00801672	-0.0143029	0.00801672	0.999866	-0.139312	0.0780005	19.9991	
0.999888	6.25495e-05	0.0149462	6.2685e-05	0.999965	-0.00837841	-0.0149462	0.00837841	0.999853	-0.151499	0.0848318	20.8324	
0.999878	6.80876e-05	0.015593	6.8241e-05	0.999962	-0.00874221	-0.015593	0.00874221	0.99984	-0.164224	0.0919654	21.6656	
0.999868	7.38936e-05	0.0162435	7.40665e-05	0.999959	-0.00910811	-0.0162435	0.00910811	0.999827	-0.177489	0.099403	22.4988	
0.999857	7.99714e-05	0.0168974	8.01654e-05	0.999955	-0.00947611	-0.0168974	0.00947611	0.999812	-0.191298	0.107146	23.3319	
0.999846	8.63247e-05	0.0175549	8.65415e-05	0.999952	-0.00984618	-0.0175549	0.00984618	0.999797	-0.205653	0.115197	24.1651	
0.999834	9.29572e-05	0.0182159	9.31987e-05	0.999948	-0.0102183	-0.0182159	0.0102183	0.999782	-0.220557	0.123558	24.9983	
0.999822	9.98726e-05	0.0188803	0.000100141	0.999944	-0.0105925	-0.0188803	0.0105925	0.999766	-0.236014	0.132229	25.8314	
0.999809	0.000107075	0.0195482	0.000107372	0.99994	-0.0109687	-0.0195482	0.0109687	0.999749	-0.252026	0.141213	26.6645	
0.999796	0.000114567	0.0202196	0.000114895	0.999936	-0.011347	-0.0202196	0.011347	0.999731	-0.268596	0.150511	27.4977	
0.999782	0.000122354	0.0208943	0.000122714	0.999931	-0.0117273	-0.0208943	0.0117273	0.999713	-0.285727	0.160125	28.3308	
0.999767	0.000130438	0.0215724	0.000130834	0.999927	-0.0121095	-0.0215724	0.0121095	0.999694	-0.303421	0.170057	29.1638	
0.999752	0.000138824	0.0222539	0.000139257	0.999922	-0.0124938	-0.0222539	0.0124938	0.999674	-0.321682	0.180309	29.9969	
0.999737	0.000147515	0.0229387	0.000147987	0.999917	-0.01288	-0.0229387	0.0128801	0.999654	-0.340512	0.190881	30.83	
0.999721	0.000156514	0.0236268	0.000157029	0.999912	-0.0132683	-0.0236267	0.0132683	0.999633	-0.359915	0.201776	31.663	
0.999704	0.000165826	0.0243181	0.000166386	0.999907	-0.0136584	-0.0243181	0.0136584	0.999611	-0.379892	0.212996	32.496	
0.999687	0.000175454	0.0250128	0.000176061	0.999901	-0.0140505	-0.0250128	0.0140505	0.999588	-0.400446	0.224541	33.329	
0.999669	0.000185401	0.0257106	0.000186058	0.999896	-0.0144445	-0.0257106	0.0144445	0.999565	-0.421581	0.236414	34.162	
0.999651	0.000195671	0.0264117	0.000196381	0.99989	-0.0148405	-0.0264117	0.0148405	0.999541	-0.443299	0.248616	34.995	
0.999632	0.000206267	0.0271159	0.000207034	0.999884	-0.0152383	-0.0271159	0.0152383	0.999516	-0.465602	0.261149	35.8279	
0.999613	0.000217194	0.0278233	0.00021802	0.999878	-0.015638	-0.0278233	0.0156381	0.999491	-0.488493	0.274014	36.6608	
0.999593	0.000228454	0.0285339	0.000229342	0.999871	-0.0160396	-0.0285339	0.0160397	0.999464	-0.511975	0.287213	37.4937	
0.999572	0.000240051	0.0292475	0.000241005	0.999865	-0.0164431	-0.0292475	0.0164431	0.999437	-0.536051	0.300748	38.3266	
0.999551	0.000251988	0.0299642	0.000253011	0.999858	-0.0168484	-0.0299642	0.0168484	0.999409	-0.560722	0.314619	39.1595	
0.999529	0.000264269	0.030684	0.000265365	0.999851	-0.0172555	-0.030684	0.0172556	0.99938	-0.585992	0.328829	39.9923	
0.999507	0.000276897	0.0314068	0.000278069	0.999844	-0.0176645	-0.0314068	0.0176645	0.999351	-0.611864	0.343379	40.8251	
0.999484	0.000289876	0.0321326	0.000291128	0.999837	-0.0180753	-0.0321326	0.0180753	0.99932	-0.638338	0.358271	41.6579	
0.99946	0.000303209	0.0328614	0.000304544	0.999829	-0.0184878	-0.0328614	0.0184878	0.999289	-0.665419	0.373505	42.4906	
0.999436	0.000316898	0.0335932	0.000318321	0.999821	-0.0189021	-0.0335932	0.0189022	0.999257	-0.693109	0.389084	43.3233	
0.999411	0.000330949	0.0343278	0.000332463	0.999813	-0.0193182	-0.0343278	0.0193183	0.999224	-0.721409	0.40501	44.156	
0.999385	0.000345363	0.0350654	0.000346972	0.999805	-0.0197361	-0.0350654	0.0197361	0.99919	-0.750323	0.421282	44.9887	
0.999359	0.000360144	0.0358058	0.000361853	0.999797	-0.0201557	-0.0358058	0.0201557	0.999155	-0.779853	0.437904	45.8214	
0.999332	0.000375295	0.0365491	0.000377108	0.999788	-0.020577	-0.0365491	0.020577	0.99912	-0.810001	0.454876	46.654	
0.999304	0.000390819	0.0372952	0.00039274	0.999779	-0.021	-0.0372952	0.021	0.999084	-0.840769	0.4722	47.4866	
0.999234	0.000432463	0.0391325	0.000518406	0.999705	-0.0242853	-0.0391315	0.024287	0.998939	-0.872613	0.491069	48.3191	
0.99916	0.000480251	0.0409733	0.000650161	0.99962	-0.0275712	-0.040971	0.0275747	0.99878	-0.90599	0.512678	49.1515	
0.999083	0.000534208	0.0428176	0.000788021	0.999523	-0.0308577	-0.0428136	0.0308632	0.998606	-0.9409	0.537027	49.9837	
0.999002	0.000594355	0.044665	0.000931997	0.999416	-0.0341447	-0.0446593	0.0341523	0.998418	-0.977347	0.564117	50.8158	
0.998917	0.000660711	0.0465156	0.0010821	0.999299	-0.0374321	-0.0465077	0.0374419	0.998216	-1.01533	0.593948	51.6477	
0.998829	0.000733295	0.048369	0.00123834	0.99917	-0.0407199	-0.0483588	0.0407321	0.997999	-1.05486	0.626521	52.4795	
0.998738	0.000812123	0.0502253	0.00140074	0.99903	-0.0440078	-0.0502123	0.0440226	0.997768	-1.09593	0.661835	53.3111	
0.998642	0.000897211	0.0520841	0.00156929	0.99888	-0.0472959	-0.0520681	0.0473134	0.997522	-1.13855	0.699892	54.1424	
0.998543	0.000988573	0.0539453	0.00174401	0.998718	-0.0505841	-0.0539261	0.0506045	0.997262	-1.18271	0.740691	54.9736	
0.998441	0.00108622	0.0558088	0.0019249	0.998546	-0.0538722	-0.0557861	0.0538957	0.996987	-1.22843	0.784233	55.8045	
0.998335	0.00119016	0.0576743	0.00211198	0.998363	-0.0571603	-0.0576479	0.0571869	0.996698	-1.27569	0.830517	56.6352	
0.998225	0.00130041	0.0595418	0.00230525	0.998169	-0.0604481	-0.0595114	0.0604781	0.996394	-1.32451	0.879544	57.4657	
0.998112	0.00141698	0.0614111	0.00250471	0.997964	-0.0637356	-0.0613763	0.0637691	0.996076	-1.37488	0.931314	58.2959	
0.997995	0.00153986	0.0632819	0.00271037	0.997748	-0.0670228	-0.0632426	0.0670599	0.995743	-1.4268	0.985826	59.1258	
0.997874	0.00166907	0.0651542	0.00292224	0.997521	-0.0703095	-0.0651101	0.0703504	0.995395	-1.48028	1.04308	59.9554	
0.997749	0.00180461	0.0670278	0.00314032	0.997283	-0.0735957	-0.0669785	0.0736406	0.995033	-1.53532	1.10308	60.7848	
0.997622	0.00194647	0.0689024	0.00336461	0.997035	-0.0768812	-0.0688478	0.0769302	0.994657	-1.59191	1.16581	61.6138	
0.99749	0.00209467	0.070778	0.00359511	0.996775	-0.080166	-0.0707177	0.0802193	0.994265	-1.65007	1.23129	62.4426	
0.997355	0.00224919	0.0726544	0.00383182	0.996505	-0.0834501	-0.0725881	0.0835077	0.99386	-1.70978	1.29951	63.2709	
0.997216	0.00241004	0.0745314	0.00407475	0.996223	-0.0867332	-0.0744589	0.0867954	0.99344	-1.77105	1.37047	64.099	
0.997073	0.00257721	0.0764088	0.00432389	0.995931	-0.0900153	-0.0763299	0.0900822	0.993005	-1.83388	1.44417	64.9267	
0.996927	0.00275069	0.0782865	0.00457925	0.995628	-0.0932964	-0.0782008	0.0933682	0.992556	-1.89826	1.52061	65.754	
0.996777	0.00293049	0.0801643	0.00484082	0.995314	-0.0965763	-0.0800716	0.0966531	0.992092	-1.96421	1.59979	66.5809	
0.996624	0.00311658	0.082042	0.00510859	0.994989	-0.099855	-0.0819421	0.099937	0.991614	-2.03172	1.6817	67.4075	
0.996467	0.00330895	0.0839196	0.00538258	0.994653	-0.103132	-0.0838121	0.10322	0.991121	-2.10078	1.76635	68.2336	
0.996306	0.00350761	0.0857967	0.00566276	0.994306	-0.106408	-0.0856815	0.106501	0.990614	-2.1714	1.85373	69.0593	
0.996142	0.00371252	0.0876734	0.00594914	0.993949	-0.109683	-0.08755	0.109781	0.990092	-2.24358	1.94385	69.8846	
0.995975	0.00392369	0.0895493	0.00624171	0.99358	-0.112956	-0.0894176	0.11306	0.989556	-2.31732	2.0367	70.7095	
0.995803	0.00414108	0.0914243	0.00654047	0.993201	-0.116227	-0.0912841	0.116337	0.989006	-2.39261	2.13228	71.5339	
0.995089	0.0050886	0.0988523	0.00838533	0.990754	-0.135411	-0.0986274	0.135575	0.985846	-2.47174	2.23725	72.3568	
0.99432	0.00618061	0.106255	0.0103724	0.987934	-0.15453	-0.105928	0.154754	0.982258	-2.55698	2.35822	73.1768	
0.993496	0.00741664	0.113629	0.0125009	0.984741	-0.173575	-0.113182	0.173866	0.978243	-2.64828	2.49515	73.9937	
0.992617	0.00879616	0.120971	0.0147699	0.981178	-0.192537	-0.120388	0.192903	0.973805	-2.7456	2.64798	74.8071	
0.991685	0.0103186	0.128278	0.0171784	0.977247	-0.21141	-0.127541	0.211856	0.968943	-2.84891	2.81663	75.6166	
0.990698	0.0119832	0.135547	0.0197253	0.972947	-0.230184	-0.134639	0.230716	0.963661	-2.95816	3.00105	76.4219	
0.989659	0.0137894	0.142775	0.0224095	0.968283	-0.248851	-0.141678	0.249477	0.957961	-3.07329	3.20113	77.2226	
0.988567	0.0157362	0.149959	0.0252299	0.963254	-0.267403	-0.148656	0.26813	0.951844	-3.19427	3.41681	78.0184	
0.987423	0.017823	0.157094	0.0281852	0.957865	-0.285833	-0.155569	0.286666	0.945315	-3.32103	3.64798	78.8089	
0.986227	0.0200487	0.164179	0.0312742	0.952117	-0.304132	-0.162415	0.305077	0.938376	-3.45353	3.89455	79.5938	
0.984979	0.0224124	0.171211	0.0344955	0.946012	-0.322292	-0.169191	0.323357	0.931029	-3.59171	4.15641	80.3728	
0.983682	0.0249131	0.178185	0.0378478	0.939553	-0.340305	-0.175893	0.341496	0.923278	-3.7355	4.43344	81.1454	
0.982333	0.0275497	0.1851	0.0413295	0.932744	-0.358164	-0.182518	0.359486	0.915127	-3.88484	4.72553	81.9114	
