1	0	0	0	1	0	0	0	1	0	0	0	
0.999994	-4.89049e-06	0.00340987	-4.89049e-06	0.999996	0.00286842	-0.00340987	-0.00286842	0.99999	-0.00151722	-0.00127631	0.889896	
0.999977	-1.95706e-05	0.00682061	-1.95772e-05	0.999984	0.00573953	-0.00682061	-0.00573953	0.99996	-0.00606927	-0.00510642	1.77977	
0.999948	-4.40545e-05	0.0102321	-4.4081e-05	0.999963	0.00861323	-0.0102321	-0.00861323	0.999911	-0.0136569	-0.0114927	2.66962	
0.999907	-7.83558e-05	0.0136443	-7.84222e-05	0.999934	0.0114894	-0.0136443	-0.0114894	0.999841	-0.0242807	-0.0204374	3.55941	
0.999855	-0.000122488	0.0170571	-0.00012262	0.999897	0.0143681	-0.0170571	-0.0143681	0.999751	-0.0379413	-0.0319427	4.44913	
0.99979	-0.000176462	0.0204703	-0.000176695	0.999851	0.0172491	-0.0204703	-0.0172491	0.999642	-0.0546391	-0.0460107	5.33876	
0.999715	-0.000240292	0.0238839	-0.000240664	0.999797	0.0201323	-0.0238839	-0.0201323	0.999512	-0.0743745	-0.0626436	6.22828	
0.999627	-0.000313987	0.0272977	-0.000314545	0.999735	0.0230177	-0.0272977	-0.0230177	0.999362	-0.0971478	-0.0818432	7.11768	
0.999528	-0.000397559	0.0307117	-0.000398357	0.999664	0.0259052	-0.0307117	-0.0259052	0.999193	-0.122959	-0.103612	8.00694	
0.999417	-0.000491018	0.0341258	-0.000492116	0.999585	0.0287947	-0.0341258	-0.0287948	0.999003	-0.151809	-0.12795	8.89603	
0.999295	-0.000594374	0.0375398	-0.000595838	0.999498	0.0316862	-0.0375398	-0.0316862	0.998793	-0.183696	-0.154861	9.78495	
0.999161	-0.000707635	0.0409537	-0.000709539	0.999402	0.0345794	-0.0409537	-0.0345795	0.998562	-0.218622	-0.184346	10.6737	
0.999015	-0.00083081	0.0443673	-0.000833235	0.999297	0.0374744	-0.0443673	-0.0374745	0.998312	-0.256585	-0.216407	11.5622	
0.998857	-0.000963907	0.0477806	-0.000966939	0.999184	0.0403711	-0.0477806	-0.0403712	0.998042	-0.297587	-0.251044	12.4505	
0.998688	-0.00110693	0.0511934	-0.00111067	0.999063	0.0432693	-0.0511934	-0.0432694	0.997751	-0.341625	-0.28826	13.3385	
0.998507	-0.0012599	0.0546057	-0.00126443	0.998933	0.046169	-0.0546056	-0.0461692	0.99744	-0.3887	-0.328056	14.2263	
0.998315	-0.0014228	0.0580174	-0.00142824	0.998794	0.0490702	-0.0580172	-0.0490703	0.997109	-0.438812	-0.370433	15.1137	
0.99811	-0.00159565	0.0614282	-0.00160212	0.998647	0.0519726	-0.0614281	-0.0519728	0.996757	-0.491959	-0.415392	16.0009	
0.997894	-0.00177846	0.0648382	-0.00178607	0.998492	0.0548763	-0.064838	-0.0548766	0.996386	-0.548141	-0.462934	16.8878	
0.997666	-0.00197122	0.0682473	-0.0019801	0.998327	0.0577812	-0.068247	-0.0577815	0.995994	-0.607358	-0.513062	17.7743	
0.997427	-0.00217395	0.0716553	-0.00218423	0.998154	0.0606871	-0.071655	-0.0606874	0.995582	-0.669607	-0.565774	18.6604	
0.997176	-0.00238664	0.0750621	-0.00239847	0.997973	0.0635939	-0.0750618	-0.0635944	0.995149	-0.734889	-0.621074	19.5462	
0.996913	-0.0026093	0.0784677	-0.00262282	0.997783	0.0665017	-0.0784673	-0.0665022	0.994696	-0.803201	-0.67896	20.4316	
0.996639	-0.00284192	0.081872	-0.0028573	0.997584	0.0694103	-0.0818714	-0.0694109	0.994223	-0.874544	-0.739435	21.3165	
0.996353	-0.00308453	0.0852747	-0.00310191	0.997377	0.0723196	-0.0852741	-0.0723203	0.993729	-0.948916	-0.802498	22.2011	
0.996055	-0.0033371	0.0886759	-0.00335666	0.997161	0.0752295	-0.0886752	-0.0752304	0.993216	-1.02631	-0.868151	23.0852	
0.995746	-0.00359965	0.0920755	-0.00362156	0.996936	0.07814	-0.0920746	-0.078141	0.992681	-1.10674	-0.936393	23.9688	
0.995424	-0.00387217	0.0954733	-0.00389662	0.996702	0.0810509	-0.0954723	-0.0810521	0.992127	-1.19019	-1.00723	24.8519	
0.995092	-0.00415467	0.0988692	-0.00418184	0.99646	0.0839622	-0.0988681	-0.0839635	0.991552	-1.27666	-1.08065	25.7346	
0.994747	-0.00444714	0.102263	-0.00447723	0.996209	0.0868738	-0.102262	-0.0868753	0.990957	-1.36615	-1.15666	26.6167	
0.994391	-0.00474958	0.105655	-0.00478279	0.99595	0.0897856	-0.105654	-0.0897873	0.990341	-1.45866	-1.23527	27.4983	
0.994024	-0.00506199	0.109045	-0.00509853	0.995681	0.0926975	-0.109043	-0.0926995	0.989705	-1.55419	-1.31647	28.3793	
0.993645	-0.00538437	0.112432	-0.00542445	0.995404	0.0956094	-0.112431	-0.0956117	0.989049	-1.65274	-1.40026	29.2597	
0.993254	-0.00571671	0.115818	-0.00576056	0.995118	0.0985213	-0.115815	-0.0985238	0.988372	-1.7543	-1.48664	30.1396	
0.992852	-0.00605902	0.1192	-0.00610685	0.994824	0.101433	-0.119198	-0.101436	0.987675	-1.85887	-1.57561	31.0188	
0.992438	-0.00641128	0.122581	-0.00646334	0.99452	0.104345	-0.122578	-0.104348	0.986958	-1.96644	-1.66717	31.8975	
0.992012	-0.00677349	0.125958	-0.00683002	0.994208	0.107256	-0.125955	-0.107259	0.98622	-2.07703	-1.76133	32.7754	
0.991575	-0.00714565	0.129333	-0.0072069	0.993887	0.110167	-0.129329	-0.110171	0.985463	-2.19062	-1.85807	33.6527	
0.991127	-0.00752775	0.132705	-0.00759397	0.993557	0.113077	-0.132701	-0.113081	0.984684	-2.30721	-1.95741	34.5293	
0.990667	-0.00791979	0.136074	-0.00799124	0.993219	0.115987	-0.13607	-0.115991	0.983886	-2.4268	-2.05934	35.4053	
0.990196	-0.00832175	0.13944	-0.0083987	0.992871	0.118896	-0.139435	-0.118901	0.983067	-2.54938	-2.16385	36.2804	
0.989713	-0.00873364	0.142803	-0.00881636	0.992515	0.121804	-0.142798	-0.12181	0.982228	-2.67496	-2.27096	37.1549	
0.989218	-0.00915544	0.146162	-0.00924422	0.99215	0.124711	-0.146157	-0.124718	0.981368	-2.80353	-2.38065	38.0286	
0.988712	-0.00958714	0.149519	-0.00968227	0.991776	0.127618	-0.149512	-0.127625	0.980489	-2.93509	-2.49293	38.9015	
0.988195	-0.0100287	0.152871	-0.0101305	0.991393	0.130524	-0.152865	-0.130532	0.979589	-3.06963	-2.6078	39.7737	
0.987667	-0.0104802	0.156221	-0.0105889	0.991002	0.133428	-0.156214	-0.133437	0.978668	-3.20716	-2.72525	40.645	
0.987127	-0.0109416	0.159567	-0.0110575	0.990602	0.136331	-0.159559	-0.136341	0.977728	-3.34766	-2.84529	41.5155	
0.986575	-0.0114128	0.162909	-0.0115363	0.990192	0.139234	-0.1629	-0.139244	0.976768	-3.49114	-2.96791	42.3852	
0.986012	-0.0118939	0.166247	-0.0120253	0.989774	0.142134	-0.166237	-0.142145	0.975787	-3.63759	-3.09311	43.2539	
0.985438	-0.0123848	0.169581	-0.0125244	0.989347	0.145033	-0.169571	-0.145045	0.974786	-3.78701	-3.2209	44.1219	
0.984853	-0.0128856	0.172912	-0.0130337	0.988912	0.147931	-0.172901	-0.147944	0.973765	-3.93939	-3.35126	44.9889	
0.984256	-0.0133962	0.176238	-0.0135532	0.988467	0.150827	-0.176226	-0.150841	0.972724	-4.09473	-3.48421	45.855	
0.983649	-0.0139166	0.17956	-0.0140828	0.988014	0.153722	-0.179547	-0.153737	0.971662	-4.25304	-3.61973	46.7201	
0.983029	-0.0144468	0.182878	-0.0146226	0.987552	0.156615	-0.182864	-0.156631	0.970581	-4.41429	-3.75783	47.5843	
0.982399	-0.0149867	0.186191	-0.0151725	0.98708	0.159505	-0.186176	-0.159523	0.96948	-4.5785	-3.8985	48.4475	
0.981758	-0.0155365	0.1895	-0.0157325	0.986601	0.162394	-0.189484	-0.162413	0.968358	-4.74565	-4.04175	49.3098	
0.981105	-0.016096	0.192805	-0.0163026	0.986112	0.165281	-0.192788	-0.165301	0.967217	-4.91574	-4.18756	50.171	
0.980441	-0.0166652	0.196105	-0.0168829	0.985614	0.168166	-0.196086	-0.168188	0.966055	-5.08877	-4.33595	51.0312	
0.979766	-0.0172441	0.1994	-0.0174733	0.985108	0.171048	-0.19938	-0.171072	0.964874	-5.26473	-4.4869	51.8904	
0.979628	-0.0173632	0.200069	-0.0177062	0.984907	0.172174	-0.200039	-0.172209	0.964535	-5.44245	-4.63965	52.7489	
0.979489	-0.0174828	0.200737	-0.0179404	0.984705	0.173301	-0.200696	-0.173348	0.964195	-5.62076	-4.7934	53.6071	
0.97935	-0.017603	0.201403	-0.0181758	0.984502	0.17443	-0.201352	-0.174489	0.963852	-5.79965	-4.94817	54.465	
0.979211	-0.0177237	0.202067	-0.0184124	0.984296	0.17556	-0.202006	-0.175631	0.963508	-5.97912	-5.10396	55.3225	
0.979072	-0.017845	0.202731	-0.0186501	0.984089	0.176692	-0.202658	-0.176775	0.963162	-6.15918	-5.26076	56.1798	
0.978932	-0.0179669	0.203392	-0.0188891	0.983881	0.177826	-0.203309	-0.177921	0.962813	-6.33981	-5.41858	57.0368	
0.978793	-0.0180893	0.204053	-0.0191291	0.98367	0.178961	-0.203958	-0.179069	0.962463	-6.52103	-5.57742	57.8934	
0.978653	-0.0182124	0.204712	-0.0193704	0.983458	0.180097	-0.204605	-0.180218	0.962111	-6.70282	-5.73729	58.7498	
0.978513	-0.018336	0.205369	-0.0196127	0.983244	0.181234	-0.205251	-0.181368	0.961758	-6.88518	-5.89817	59.6058	
0.978372	-0.0184601	0.206026	-0.0198561	0.983029	0.182373	-0.205896	-0.18252	0.961402	-7.06812	-6.06009	60.4615	
0.978232	-0.0185849	0.206681	-0.0201007	0.982812	0.183513	-0.206539	-0.183673	0.961044	-7.25163	-6.22302	61.3169	
0.978091	-0.0187103	0.207334	-0.0203463	0.982593	0.184654	-0.20718	-0.184827	0.960685	-7.43572	-6.38699	62.172	
0.97795	-0.0188362	0.207987	-0.0205931	0.982373	0.185796	-0.20782	-0.185982	0.960323	-7.62037	-6.55198	63.0267	
0.977809	-0.0189628	0.208638	-0.0208408	0.98215	0.186939	-0.208459	-0.187139	0.95996	-7.8056	-6.718	63.8811	
0.977668	-0.01909	0.209289	-0.0210897	0.981927	0.188083	-0.209097	-0.188296	0.959595	-7.99139	-6.88505	64.7352	
0.977526	-0.0192178	0.209938	-0.0213395	0.981701	0.189228	-0.209733	-0.189455	0.959228	-8.17775	-7.05313	65.589	
0.977384	-0.0193462	0.210586	-0.0215904	0.981474	0.190373	-0.210368	-0.190614	0.95886	-8.36467	-7.22224	66.4425	
0.977242	-0.0194752	0.211233	-0.0218423	0.981246	0.191519	-0.211001	-0.191774	0.958489	-8.55216	-7.39238	67.2956	
0.977099	-0.0196049	0.211879	-0.0220952	0.981016	0.192666	-0.211634	-0.192935	0.958116	-8.74021	-7.56356	68.1484	
0.976957	-0.0197352	0.212524	-0.022349	0.980784	0.193813	-0.212265	-0.194097	0.957742	-8.92882	-7.73577	69.0008	
0.976814	-0.0198661	0.213168	-0.0226038	0.98055	0.194961	-0.212895	-0.195259	0.957366	-9.118	-7.90901	69.853	
0.980593	-0.0163572	0.195373	-0.0200918	0.982883	0.183132	-0.195024	-0.183503	0.963479	-9.29951	-8.07755	70.7077	
0.98404	-0.013067	0.177469	-0.0178004	0.98507	0.171231	-0.177057	-0.171657	0.969115	-9.46507	-8.23559	71.5676	
0.987153	-0.00999703	0.159465	-0.0157308	0.987111	0.159263	-0.159002	-0.159725	0.974272	-9.61461	-8.38304	72.4324	
0.989931	-0.00714888	0.141371	-0.0138841	0.989004	0.147234	-0.140869	-0.147714	0.978947	-9.74804	-8.51984	73.3015	
0.992372	-0.00452395	0.123194	-0.0122612	0.990749	0.135151	-0.122666	-0.135631	0.983137	-9.8653	-8.64592	74.1746	
0.994476	-0.00212353	0.104944	-0.0108628	0.992345	0.123019	-0.104402	-0.12348	0.98684	-9.96634	-8.76122	75.0511	
0.996241	5.11848e-05	0.0866297	-0.00968977	0.99379	0.110845	-0.0860861	-0.111268	0.990055	-10.0511	-8.86567	75.9308	
0.997666	0.00199913	0.0682606	-0.00874253	0.995085	0.0986341	-0.0677279	-0.0990007	0.99278	-10.1195	-8.95923	76.8131	
0.99875	0.00371933	0.0498455	-0.00802162	0.996229	0.0863927	-0.0493362	-0.0866846	0.995013	-10.1716	-9.04186	77.6976	
0.999494	0.00521094	0.0313936	-0.00752738	0.99722	0.0741268	-0.0309201	-0.0743256	0.996755	-10.2073	-9.1135	78.5839	
0.999896	0.00647322	0.012914	-0.00726005	0.99806	0.0618425	-0.0124887	-0.0619298	0.998002	-10.2267	-9.17413	79.4715	
0.999956	0.00750554	-0.00558409	-0.00721978	0.998746	0.0495459	0.00594896	-0.0495034	0.998756	-10.2296	-9.22372	80.36	
0.999675	0.0083074	-0.0240916	-0.00740658	0.999279	0.037243	0.0243836	-0.0370525	0.999016	-10.2161	-9.26223	81.2489	
0.999053	0.0088784	-0.0425993	-0.00782035	0.999658	0.02494	0.0428062	-0.0245832	0.998781	-10.1862	-9.28966	82.1379	
0.998089	0.00921825	-0.0610981	-0.0084609	0.999884	0.0126429	0.0612076	-0.0121018	0.998052	-10.1399	-9.30598	83.0264	
0.996785	0.00932679	-0.0795789	-0.0093279	0.999956	0.000357794	0.0795787	0.00038566	0.996829	-10.0772	-9.31119	83.914	
0.995141	0.00920396	-0.0980324	-0.0104209	0.999875	-0.0119092	0.0979105	0.0128729	0.995112	-9.99827	-9.30529	84.8004	
0.993157	0.00884983	-0.116449	-0.0117395	0.999639	-0.024152	0.116194	0.0253537	0.992903	-9.903	-9.28828	85.685	
0.990835	0.00826456	-0.134821	-0.0132828	0.99925	-0.0363645	0.13442	0.0378221	0.990202	-9.79149	-9.26017	86.5674	
