1	0	0	0	1	0	0	0	1	0	0	0	
1	-9.73266e-08	-0.000339977	-9.73266e-08	1	-0.000572548	0.000339977	0.000572548	1	0.000129037	0.000217308	0.759091	
1	-3.8839e-07	-0.00067914	-3.8842e-07	0.999999	-0.00114381	0.00067914	0.00114381	0.999999	0.000515838	0.000868746	1.51818	
0.999999	-8.71809e-07	-0.00101748	-8.71929e-07	0.999999	-0.00171378	0.00101748	0.00171378	0.999998	0.00115978	0.00195333	2.27727	
0.999999	-1.54619e-06	-0.00135499	-1.54648e-06	0.999997	-0.00228243	0.00135499	0.00228243	0.999996	0.00206024	0.00347008	3.03636	
0.999999	-2.4101e-06	-0.00169165	-2.4107e-06	0.999996	-0.00284975	0.00169165	0.00284975	0.999995	0.00321658	0.00541798	3.79545	
0.999998	-3.46213e-06	-0.00202746	-3.46316e-06	0.999994	-0.00341573	0.00202746	0.00341573	0.999992	0.00462815	0.00779601	4.55453	
0.999997	-4.7008e-06	-0.00236242	-4.70246e-06	0.999992	-0.00398034	0.00236242	0.00398034	0.999989	0.00629431	0.0106032	5.31362	
0.999996	-6.12466e-06	-0.0026965	-6.12714e-06	0.99999	-0.00454357	0.0026965	0.00454357	0.999986	0.0082144	0.0138384	6.0727	
0.999995	-7.73222e-06	-0.0030297	-7.73576e-06	0.999987	-0.0051054	0.0030297	0.0051054	0.999982	0.0103878	0.0175006	6.83178	
0.999994	-9.52198e-06	-0.00336202	-9.52683e-06	0.999984	-0.00566582	0.00336202	0.00566582	0.999978	0.0128137	0.0215887	7.59085	
0.999993	-1.14924e-05	-0.00369344	-1.14989e-05	0.999981	-0.00622482	0.00369344	0.00622482	0.999974	0.0154916	0.0261018	8.34993	
0.999992	-1.3642e-05	-0.00402395	-1.36503e-05	0.999977	-0.00678237	0.00402395	0.00678237	0.999969	0.0184207	0.0310386	9.109	
0.999991	-1.59691e-05	-0.00435354	-1.59797e-05	0.999973	-0.00733846	0.00435354	0.00733846	0.999964	0.0216003	0.0363981	9.86806	
0.999989	-1.84723e-05	-0.00468221	-1.84855e-05	0.999969	-0.00789308	0.00468221	0.00789308	0.999958	0.0250298	0.0421792	10.6271	
0.999987	-2.11499e-05	-0.00500995	-2.11662e-05	0.999964	-0.00844621	0.00500995	0.00844621	0.999952	0.0287084	0.0483807	11.3862	
0.999986	-2.40004e-05	-0.00533674	-2.402e-05	0.99996	-0.00899783	0.00533674	0.00899783	0.999945	0.0326354	0.0550015	12.1452	
0.999984	-2.7022e-05	-0.00566258	-2.70456e-05	0.999954	-0.00954793	0.00566258	0.00954793	0.999938	0.0368102	0.0620404	12.9043	
0.999982	-3.02133e-05	-0.00598746	-3.02411e-05	0.999949	-0.0100965	0.00598746	0.0100965	0.999931	0.0412319	0.0694964	13.6633	
0.99998	-3.35724e-05	-0.00631137	-3.36052e-05	0.999943	-0.0106435	0.00631137	0.0106435	0.999923	0.0458999	0.0773681	14.4224	
0.999978	-3.70979e-05	-0.0066343	-3.7136e-05	0.999937	-0.0111889	0.0066343	0.0111889	0.999915	0.0508133	0.0856545	15.1814	
0.999976	-4.0788e-05	-0.00695624	-4.08319e-05	0.999931	-0.0117328	0.00695624	0.0117328	0.999907	0.0559716	0.0943544	15.9404	
0.999974	-4.46409e-05	-0.00727719	-4.46914e-05	0.999925	-0.012275	0.00727719	0.012275	0.999898	0.0613738	0.103466	16.6994	
0.999971	-4.86551e-05	-0.00759713	-4.87126e-05	0.999918	-0.0128157	0.00759713	0.0128157	0.999889	0.0670193	0.112989	17.4584	
0.999969	-5.28288e-05	-0.00791606	-5.28939e-05	0.999911	-0.0133547	0.00791606	0.0133547	0.999879	0.0729072	0.122922	18.2174	
0.999966	-5.71603e-05	-0.00823396	-5.72337e-05	0.999903	-0.013892	0.00823396	0.013892	0.99987	0.0790369	0.133264	18.9764	
0.999963	-6.16477e-05	-0.00855083	-6.17301e-05	0.999896	-0.0144277	0.00855083	0.0144277	0.999859	0.0854075	0.144012	19.7354	
0.999961	-6.62895e-05	-0.00886666	-6.63814e-05	0.999888	-0.0149618	0.00886666	0.0149618	0.999849	0.0920182	0.155167	20.4944	
0.999958	-7.10837e-05	-0.00918144	-7.11859e-05	0.99988	-0.0154941	0.00918144	0.0154941	0.999838	0.0988683	0.166726	21.2534	
0.999955	-7.60286e-05	-0.00949516	-7.61419e-05	0.999872	-0.0160247	0.00949516	0.0160247	0.999827	0.105957	0.178689	22.0123	
0.999952	-8.11224e-05	-0.00980782	-8.12475e-05	0.999863	-0.0165536	0.00980782	0.0165536	0.999815	0.113283	0.191054	22.7713	
0.999949	-8.63633e-05	-0.0101194	-8.65009e-05	0.999854	-0.0170808	0.0101194	0.0170808	0.999803	0.120847	0.20382	23.5302	
0.999946	-9.17495e-05	-0.0104299	-9.19004e-05	0.999845	-0.0176062	0.0104299	0.0176062	0.999791	0.128646	0.216985	24.2892	
0.999942	-9.72792e-05	-0.0107393	-9.74442e-05	0.999836	-0.0181298	0.0107393	0.0181298	0.999778	0.136681	0.230549	25.0481	
0.999939	-0.00010295	-0.0110476	-0.00010313	0.999826	-0.0186517	0.0110476	0.0186517	0.999765	0.14495	0.244509	25.807	
0.999936	-0.000108761	-0.0113548	-0.000108957	0.999816	-0.0191718	0.0113548	0.0191718	0.999752	0.153452	0.258865	26.5659	
0.999932	-0.00011471	-0.0116609	-0.000114923	0.999806	-0.01969	0.0116609	0.01969	0.999738	0.162188	0.273614	27.3248	
0.999928	-0.000120795	-0.0119658	-0.000121025	0.999796	-0.0202064	0.0119658	0.0202064	0.999724	0.171155	0.288757	28.0837	
0.999925	-0.000127014	-0.0122696	-0.000127262	0.999785	-0.020721	0.0122696	0.020721	0.99971	0.180354	0.304291	28.8426	
0.999921	-0.000133365	-0.0125723	-0.000133633	0.999775	-0.0212337	0.0125723	0.0212337	0.999695	0.189782	0.320215	29.6015	
0.999917	-0.000139847	-0.0128738	-0.000140134	0.999764	-0.0217446	0.0128738	0.0217446	0.999681	0.19944	0.336527	30.3603	
0.999913	-0.000146457	-0.0131742	-0.000146765	0.999752	-0.0222536	0.0131742	0.0222536	0.999666	0.209327	0.353226	31.1191	
0.999909	-0.000153193	-0.0134734	-0.000153524	0.999741	-0.0227606	0.0134734	0.0227606	0.99965	0.219441	0.370311	31.878	
0.999905	-0.000160054	-0.0137714	-0.000160408	0.999729	-0.0232658	0.0137714	0.0232658	0.999634	0.229782	0.38778	32.6368	
0.999901	-0.000167037	-0.0140683	-0.000167415	0.999717	-0.023769	0.0140683	0.023769	0.999618	0.240348	0.405632	33.3956	
0.999897	-0.000174142	-0.0143639	-0.000174544	0.999705	-0.0242703	0.0143639	0.0242703	0.999602	0.251139	0.423865	34.1544	
0.999893	-0.000181364	-0.0146584	-0.000181793	0.999693	-0.0247696	0.0146584	0.0247696	0.999586	0.262155	0.442478	34.9132	
0.999888	-0.000188704	-0.0149516	-0.00018916	0.999681	-0.025267	0.0149516	0.025267	0.999569	0.273393	0.461469	35.672	
0.999884	-0.000196158	-0.0152436	-0.000196642	0.999668	-0.0257624	0.0152436	0.0257624	0.999552	0.284853	0.480837	36.4307	
0.999879	-0.000203725	-0.0155344	-0.000204238	0.999655	-0.0262557	0.0155344	0.0262557	0.999535	0.296535	0.50058	37.1895	
0.999875	-0.000211402	-0.015824	-0.000211945	0.999642	-0.0267471	0.015824	0.0267471	0.999517	0.308437	0.520697	37.9482	
0.99987	-0.000219188	-0.0161123	-0.000219763	0.999629	-0.0272364	0.0161123	0.0272364	0.999499	0.320558	0.541187	38.7069	
0.999865	-0.000227081	-0.0163994	-0.000227688	0.999616	-0.0277237	0.0163994	0.0277237	0.999481	0.332898	0.562046	39.4656	
0.999893	-0.00017878	-0.0146135	-0.000206241	0.999653	-0.0263412	0.0146131	0.0263414	0.999546	0.344668	0.582567	40.2243	
0.999918	-0.000132913	-0.012826	-0.000187243	0.999689	-0.0249571	0.0128253	0.0249574	0.999606	0.355083	0.602037	40.9831	
0.999939	-8.94865e-05	-0.0110369	-0.000170704	0.999722	-0.0235713	0.011036	0.0235717	0.999661	0.364139	0.620456	41.7419	
0.999957	-4.85097e-05	-0.00924641	-0.00015663	0.999754	-0.0221839	0.00924521	0.0221844	0.999711	0.371837	0.637822	42.5008	
0.999972	-9.98976e-06	-0.00745443	-0.000145031	0.999784	-0.020795	0.00745302	0.0207955	0.999756	0.378174	0.654135	43.2597	
0.999984	2.60658e-05	-0.00566104	-0.000135913	0.999812	-0.0194045	0.00565947	0.019405	0.999796	0.383151	0.669393	44.0186	
0.999993	5.965e-05	-0.00386629	-0.000129283	0.999838	-0.0180126	0.00386459	0.018013	0.99983	0.386766	0.683595	44.7775	
0.999998	9.07558e-05	-0.00207024	-0.00012515	0.999862	-0.0166194	0.00206845	0.0166196	0.99986	0.389018	0.69674	45.5365	
1	0.000119377	-0.000272926	-0.000123518	0.999884	-0.0152247	0.000271077	0.0152248	0.999884	0.389906	0.708826	46.2955	
0.999999	0.000145506	0.0015256	-0.000124395	0.999904	-0.0138288	-0.00152747	0.0138286	0.999903	0.389429	0.719853	47.0545	
0.999994	0.000169138	0.0033253	-0.000127787	0.999923	-0.0124316	-0.00332715	0.0124311	0.999917	0.387586	0.72982	47.8135	
0.999987	0.000190266	0.00512612	-0.000133699	0.999939	-0.0110333	-0.0051279	0.0110324	0.999926	0.384377	0.738725	48.5726	
0.999976	0.000208886	0.006928	-0.000142137	0.999954	-0.00963374	-0.00692969	0.00963252	0.99993	0.379801	0.746569	49.3316	
0.999962	0.000224991	0.00873092	-0.000153106	0.999966	-0.00823311	-0.00873247	0.00823146	0.999928	0.373856	0.753349	50.0906	
0.999944	0.000238576	0.0105348	-0.000166611	0.999977	-0.00683143	-0.0105362	0.0068293	0.999921	0.366543	0.759065	50.8497	
0.999924	0.000249636	0.0123396	-0.000182657	0.999985	-0.00542875	-0.0123408	0.00542608	0.999909	0.35786	0.763717	51.6087	
0.9999	0.000258167	0.0141453	-0.000201248	0.999992	-0.00402511	-0.0141463	0.00402187	0.999892	0.347807	0.767302	52.3677	
0.999873	0.000264164	0.0159519	-0.000222388	0.999997	-0.00262058	-0.0159525	0.0026167	0.999869	0.336383	0.769822	53.1267	
0.999842	0.000267623	0.0177592	-0.000246081	0.999999	-0.00121519	-0.0177595	0.00121063	0.999842	0.323588	0.771275	53.8857	
0.999809	0.00026854	0.0195673	-0.00027233	1	0.000190993	-0.0195672	-0.000196286	0.999809	0.309421	0.77166	54.6447	
0.999771	0.000266912	0.021376	-0.000301138	0.999999	0.00159793	-0.0213756	-0.001604	0.99977	0.293881	0.770976	55.4036	
0.999731	0.000262734	0.0231854	-0.000332508	0.999995	0.00300557	-0.0231845	-0.00301247	0.999727	0.276969	0.769224	56.1625	
0.999688	0.000256004	0.0249954	-0.000366443	0.99999	0.00441386	-0.024994	-0.00442164	0.999678	0.258683	0.766403	56.9213	
0.999641	0.000246719	0.026806	-0.000402944	0.999983	0.00582275	-0.0268041	-0.00583146	0.999624	0.239023	0.762511	57.6802	
0.99959	0.000234876	0.028617	-0.000442015	0.999974	0.00723218	-0.0286146	-0.00724187	0.999564	0.217989	0.757549	58.439	
0.999537	0.000220473	0.0304285	-0.000483655	0.999963	0.00864212	-0.0304255	-0.00865284	0.9995	0.195581	0.751517	59.1977	
0.99948	0.000203507	0.0322405	-0.000527868	0.999949	0.0100525	-0.0322368	-0.0100643	0.99943	0.171797	0.744413	59.9564	
0.99942	0.000183976	0.0340527	-0.000574653	0.999934	0.0114633	-0.0340484	-0.0114762	0.999354	0.146639	0.736237	60.715	
0.999357	0.000161879	0.0358653	-0.000624012	0.999917	0.0128744	-0.0358603	-0.0128885	0.999274	0.120106	0.726989	61.4736	
0.99929	0.000137215	0.0376782	-0.000675945	0.999898	0.0142858	-0.0376724	-0.0143012	0.999188	0.0921967	0.71667	62.2321	
0.99922	0.000109982	0.0394912	-0.000730452	0.999877	0.0156975	-0.0394846	-0.0157141	0.999097	0.0629121	0.705278	62.9905	
0.999147	8.01788e-05	0.0413045	-0.000787532	0.999853	0.0171094	-0.041297	-0.0171273	0.999	0.0322518	0.692813	63.7489	
0.99907	4.78053e-05	0.0431178	-0.000847186	0.999828	0.0185214	-0.0431095	-0.0185407	0.998898	0.000215638	0.679275	64.5072	
0.99899	1.2861e-05	0.0449313	-0.000909413	0.999801	0.0199335	-0.0449221	-0.0199542	0.998791	-0.0331964	0.664665	65.2654	
0.998907	-2.46544e-05	0.0467447	-0.000974211	0.999772	0.0213456	-0.0467346	-0.0213678	0.998679	-0.0679842	0.648981	66.0235	
0.99882	-6.47407e-05	0.0485582	-0.00104158	0.99974	0.0227577	-0.048547	-0.0227815	0.998561	-0.104148	0.632224	66.7816	
0.998731	-0.000107398	0.0503715	-0.00111152	0.999707	0.0241698	-0.0503594	-0.0241951	0.998438	-0.141687	0.614394	67.5395	
0.998637	-0.000152625	0.0521848	-0.00118402	0.999672	0.0255818	-0.0521716	-0.0256087	0.99831	-0.180603	0.595492	68.2974	
0.998541	-0.000200421	0.0539979	-0.00125909	0.999635	0.0269936	-0.0539836	-0.0270222	0.998176	-0.220893	0.575516	69.0551	
0.998441	-0.000250786	0.0558108	-0.00133671	0.999596	0.0284052	-0.0557953	-0.0284355	0.998037	-0.262559	0.554467	69.8128	
0.998338	-0.000303717	0.0576234	-0.0014169	0.999554	0.0298165	-0.0576068	-0.0298486	0.997893	-0.305601	0.532346	70.5703	
0.998232	-0.000359213	0.0594357	-0.00149964	0.999511	0.0312275	-0.0594179	-0.0312614	0.997744	-0.350017	0.509152	71.3278	
0.997293	-0.000890504	0.0735301	-0.00234112	0.999035	0.0438518	-0.0734983	-0.0439052	0.996328	-0.400466	0.480622	72.0846	
0.996154	-0.00160042	0.087602	-0.00336072	0.998399	0.056456	-0.0875522	-0.0565333	0.994554	-0.461594	0.442499	72.8403	
0.994817	-0.00248871	0.101646	-0.00455807	0.997604	0.0690354	-0.101575	-0.0691409	0.992422	-0.533378	0.394799	73.5945	
0.993283	-0.00355504	0.115658	-0.00593274	0.996649	0.0815855	-0.11556	-0.0817236	0.989933	-0.615793	0.337537	74.3469	
0.991551	-0.00479904	0.129632	-0.00748422	0.995534	0.0941019	-0.129505	-0.094277	0.987087	-0.708809	0.270735	75.0973	
