1	0	0	0	1	0	0	0	1	0	0	0	
1	2.70941e-06	-0.000921865	2.70941e-06	0.999983	0.00587806	0.000921865	-0.00587806	0.999982	0.000488404	-0.00311419	1.05959	
0.999998	1.08201e-05	-0.00184169	1.08322e-05	0.999931	0.0117563	0.00184169	-0.0117563	0.999929	0.00195254	-0.0124569	2.11914	
0.999996	2.43085e-05	-0.00275945	2.4357e-05	0.999844	0.0176345	0.00275945	-0.0176345	0.999841	0.00439022	-0.0280281	3.17862	
0.999993	4.31508e-05	-0.00367511	4.32722e-05	0.999724	0.0235125	0.00367511	-0.0235125	0.999717	0.00779925	-0.0498278	4.23798	
0.999989	6.73232e-05	-0.00458862	6.75659e-05	0.999568	0.0293899	0.00458862	-0.0293899	0.999557	0.0121774	-0.0778554	5.2972	
0.999985	9.68015e-05	-0.00549997	9.72262e-05	0.999378	0.0352667	0.00549996	-0.0352667	0.999363	0.0175223	-0.11211	6.35623	
0.999979	0.000131561	-0.00640912	0.000132241	0.999153	0.0411426	0.0064091	-0.0411426	0.999133	0.0238317	-0.152592	7.41503	
0.999973	0.000171578	-0.00731603	0.000172597	0.998894	0.0470174	0.007316	-0.0470174	0.998867	0.0311033	-0.199299	8.47357	
0.999966	0.000216826	-0.00822067	0.000218282	0.9986	0.0528908	0.00822063	-0.0528908	0.998566	0.0393346	-0.252231	9.53181	
0.999958	0.000267282	-0.00912301	0.000269283	0.998272	0.0587627	0.00912295	-0.0587627	0.99823	0.0485232	-0.311385	10.5897	
0.99995	0.000322919	-0.010023	0.000325588	0.997909	0.0646328	0.0100229	-0.0646328	0.997859	0.0586667	-0.376759	11.6472	
0.99994	0.000383713	-0.0109207	0.000387181	0.997512	0.0705009	0.0109205	-0.0705009	0.997452	0.0697625	-0.448353	12.7044	
0.99993	0.000449637	-0.0118159	0.000454051	0.99708	0.0763668	0.0118157	-0.0763668	0.99701	0.0818082	-0.526164	13.761	
0.999919	0.000520666	-0.0127087	0.000526183	0.996613	0.0822303	0.0127085	-0.0822303	0.996532	0.0948011	-0.610188	14.8172	
0.999907	0.000596773	-0.0135991	0.000603562	0.996112	0.0880911	0.0135988	-0.0880912	0.99602	0.108739	-0.700425	15.8728	
0.999895	0.000677933	-0.014487	0.000686176	0.995577	0.0939491	0.0144866	-0.0939492	0.995472	0.123618	-0.796869	16.9279	
0.999882	0.000764119	-0.0153723	0.000774008	0.995007	0.099804	0.0153718	-0.0998041	0.994888	0.139437	-0.89952	17.9824	
0.999868	0.000855305	-0.0162551	0.000867045	0.994402	0.105656	0.0162545	-0.105656	0.99427	0.156193	-1.00837	19.0363	
0.999853	0.000951462	-0.0171354	0.000965272	0.993764	0.111504	0.0171346	-0.111504	0.993616	0.173882	-1.12342	20.0895	
0.999837	0.00105257	-0.018013	0.00106867	0.99309	0.117348	0.018012	-0.117348	0.992927	0.192503	-1.24467	21.1419	
0.999821	0.00115859	-0.018888	0.00117723	0.992383	0.123189	0.0188868	-0.123189	0.992204	0.212052	-1.37211	22.1937	
0.999804	0.0012695	-0.0197603	0.00129094	0.991641	0.129025	0.0197589	-0.129025	0.991444	0.232527	-1.50573	23.2446	
0.999786	0.00138527	-0.0206299	0.00140977	0.990864	0.134857	0.0206283	-0.134857	0.99065	0.253924	-1.64553	24.2947	
0.999768	0.00150588	-0.0214968	0.00153371	0.990053	0.140684	0.0214948	-0.140685	0.989821	0.276241	-1.79151	25.344	
0.999749	0.0016313	-0.0223609	0.00166275	0.989208	0.146507	0.0223586	-0.146507	0.988957	0.299474	-1.94367	26.3923	
0.999729	0.0017615	-0.0232223	0.00179687	0.988329	0.152324	0.0232196	-0.152325	0.988058	0.323621	-2.10199	27.4397	
0.999708	0.00189645	-0.0240809	0.00193605	0.987415	0.158137	0.0240777	-0.158137	0.987124	0.34868	-2.26647	28.4862	
0.999687	0.00203612	-0.0249366	0.00208028	0.986468	0.163944	0.0249329	-0.163944	0.986154	0.374645	-2.43711	29.5316	
0.999665	0.00218048	-0.0257894	0.00222953	0.985486	0.169745	0.0257852	-0.169745	0.985151	0.401516	-2.6139	30.576	
0.999642	0.00232951	-0.0266394	0.0023838	0.984469	0.17554	0.0266346	-0.175541	0.984112	0.429288	-2.79683	31.6193	
0.999619	0.00248317	-0.0274864	0.00254306	0.983419	0.181329	0.0274809	-0.18133	0.983038	0.457958	-2.9859	32.6615	
0.999595	0.00264144	-0.0283305	0.00270729	0.982335	0.187112	0.0283243	-0.187113	0.98193	0.487524	-3.1811	33.7026	
0.99957	0.00280429	-0.0291716	0.00287649	0.981216	0.192889	0.0291646	-0.19289	0.980787	0.517981	-3.38243	34.7424	
0.999545	0.00297169	-0.0300097	0.00305062	0.980064	0.198659	0.0300018	-0.19866	0.979609	0.549327	-3.58987	35.781	
0.999519	0.0031436	-0.0308448	0.00322968	0.978878	0.204421	0.0308359	-0.204423	0.978397	0.581559	-3.80342	36.8184	
0.999493	0.00332	-0.0316768	0.00341364	0.977657	0.210177	0.0316669	-0.210178	0.97715	0.614673	-4.02308	37.8544	
0.999465	0.00350086	-0.0325058	0.00360249	0.976403	0.215925	0.0324947	-0.215927	0.975869	0.648666	-4.24883	38.8891	
0.999438	0.00368615	-0.0333316	0.0037962	0.975115	0.221666	0.0333193	-0.221668	0.974553	0.683534	-4.48067	39.9225	
0.999409	0.00387584	-0.0341544	0.00399475	0.973794	0.227399	0.0341407	-0.227401	0.973203	0.719274	-4.71858	40.9544	
0.99938	0.00406989	-0.0349739	0.00419814	0.972438	0.233124	0.0349588	-0.233126	0.971818	0.755883	-4.96257	41.9849	
0.99935	0.00426828	-0.0357903	0.00440633	0.971049	0.23884	0.0357736	-0.238843	0.970399	0.793357	-5.21262	43.0139	
0.99932	0.00447098	-0.0366035	0.00461931	0.969626	0.244549	0.0365851	-0.244551	0.968946	0.831693	-5.46872	44.0413	
0.999289	0.00467795	-0.0374135	0.00483706	0.96817	0.250248	0.0373933	-0.250251	0.967459	0.870887	-5.73087	45.0672	
0.999257	0.00488917	-0.0382203	0.00505955	0.96668	0.255939	0.0381981	-0.255942	0.965937	0.910935	-5.99905	46.0915	
0.999225	0.00510459	-0.0390237	0.00528678	0.965156	0.261621	0.0389995	-0.261624	0.964382	0.951834	-6.27326	47.1142	
0.999193	0.0053242	-0.0398239	0.00551871	0.963599	0.267293	0.0397974	-0.267297	0.962792	0.993581	-6.55348	48.1352	
0.999159	0.00554796	-0.0406207	0.00575532	0.962009	0.272956	0.0405919	-0.27296	0.961169	1.03617	-6.83971	49.1545	
0.999125	0.00577584	-0.0414143	0.00599661	0.960386	0.278609	0.0413829	-0.278614	0.959511	1.0796	-7.13193	50.1721	
0.999091	0.00600781	-0.0422044	0.00624253	0.958729	0.284253	0.0421703	-0.284258	0.95782	1.12387	-7.43014	51.1879	
0.999056	0.00624383	-0.0429912	0.00649308	0.957039	0.289886	0.0429542	-0.289891	0.956095	1.16897	-7.73432	52.2019	
0.99902	0.00648387	-0.0437745	0.00674823	0.955316	0.295509	0.0437346	-0.295515	0.954337	1.21489	-8.04447	53.2141	
0.998984	0.0067279	-0.0445545	0.00700797	0.95356	0.301121	0.0445113	-0.301128	0.952544	1.26165	-8.36057	54.2243	
0.998948	0.00697589	-0.045331	0.00727225	0.951771	0.306723	0.0452844	-0.30673	0.950719	1.30922	-8.68261	55.2327	
0.99891	0.00722781	-0.046104	0.00754108	0.949949	0.312314	0.0460538	-0.312321	0.94886	1.35761	-9.01059	56.2391	
0.998873	0.00748362	-0.0468735	0.00781442	0.948094	0.317894	0.0468195	-0.317902	0.946967	1.40682	-9.34448	57.2435	
0.998835	0.0077433	-0.0476395	0.00809225	0.946207	0.323462	0.0475815	-0.323471	0.945041	1.45683	-9.68428	58.2459	
0.998796	0.0080068	-0.048402	0.00837454	0.944286	0.329019	0.0483397	-0.329028	0.943082	1.50765	-10.03	59.2462	
0.998757	0.0082741	-0.049161	0.00866129	0.942333	0.334564	0.0490942	-0.334574	0.94109	1.55927	-10.3815	60.2444	
0.998717	0.00854516	-0.0499163	0.00895245	0.940348	0.340097	0.0498449	-0.340107	0.939065	1.61169	-10.739	61.2405	
0.998677	0.00881995	-0.0506681	0.00924802	0.93833	0.345618	0.0505917	-0.345629	0.937006	1.6649	-11.1023	62.2345	
0.998636	0.00909843	-0.0514163	0.00954796	0.936279	0.351126	0.0513347	-0.351138	0.934915	1.7189	-11.4714	63.2262	
0.998595	0.00938058	-0.0521608	0.00985225	0.934197	0.356622	0.0520738	-0.356635	0.932791	1.77368	-11.8464	64.2157	
0.998553	0.00966636	-0.0529017	0.0101609	0.932082	0.362105	0.052809	-0.362119	0.930635	1.82925	-12.2272	65.203	
0.998511	0.00995574	-0.053639	0.0104738	0.929935	0.367576	0.0535402	-0.36759	0.928445	1.88559	-12.6138	66.1879	
0.998468	0.0102487	-0.0543726	0.010791	0.927755	0.373033	0.0542675	-0.373048	0.926224	1.94271	-13.0062	67.1705	
0.998564	0.00956961	-0.0527077	0.0112599	0.924439	0.381164	0.0523726	-0.38121	0.923004	1.99921	-13.4058	68.1502	
0.998657	0.00887518	-0.051047	0.0117121	0.921051	0.389267	0.0504717	-0.389342	0.919709	2.0537	-13.8141	69.1265	
0.999389	0.00185773	-0.0349125	0.0125345	0.913165	0.407397	0.0326377	-0.407586	0.912583	2.09773	-14.2363	70.0973	
0.999806	-0.00547851	-0.0189091	0.0130037	0.904921	0.42538	0.0147808	-0.425544	0.904817	2.12285	-14.6777	71.0602	
0.999909	-0.0131284	-0.00304813	0.0131194	0.896325	0.443203	-0.00308643	-0.443203	0.896416	2.12905	-15.138	72.0146	
0.999698	-0.0210865	0.0126594	0.0128816	0.887382	0.460854	-0.0209515	-0.460552	0.887386	2.11631	-15.6168	72.9597	
0.999171	-0.0293473	0.0282024	0.0122903	0.8781	0.47832	-0.0388019	-0.477577	0.877733	2.08465	-16.1139	73.8949	
0.998331	-0.037905	0.0435699	0.0113461	0.868483	0.495588	-0.0566251	-0.494267	0.867464	2.03409	-16.6288	74.8195	
0.997177	-0.0467536	0.0587513	0.0100495	0.85854	0.512648	-0.0744085	-0.51061	0.856587	1.96467	-17.1612	75.733	
0.995711	-0.0558869	0.0737358	0.00840152	0.848277	0.529486	-0.0921397	-0.526595	0.845108	1.87643	-17.7107	76.6346	
0.993932	-0.0652984	0.0885129	0.00640327	0.837701	0.546091	-0.109806	-0.542211	0.833037	1.76943	-18.277	77.5237	
0.991844	-0.0749816	0.103072	0.00405617	0.82682	0.562452	-0.127396	-0.557446	0.820381	1.64375	-18.8597	78.3998	
0.989446	-0.0849296	0.117404	0.00136186	0.815642	0.578556	-0.144896	-0.57229	0.807149	1.49949	-19.4582	79.2621	
0.986741	-0.0951356	0.131497	-0.00167777	0.804173	0.594393	-0.162294	-0.586732	0.793351	1.33673	-20.0723	80.1101	
0.983731	-0.105592	0.145343	-0.00506059	0.792423	0.609951	-0.179579	-0.600763	0.778996	1.15559	-20.7015	80.9431	
0.980417	-0.116292	0.158931	-0.00878422	0.780399	0.62522	-0.196738	-0.614372	0.764095	0.95621	-21.3453	81.7607	
0.976802	-0.127228	0.172251	-0.0128461	0.76811	0.640189	-0.213758	-0.62755	0.748658	0.738717	-22.0033	82.5622	
0.972889	-0.138392	0.185296	-0.0172432	0.755565	0.654846	-0.230629	-0.640288	0.732695	0.503269	-22.675	83.3471	
0.96868	-0.149777	0.198054	-0.0219727	0.742772	0.669183	-0.247337	-0.652577	0.716218	0.250028	-23.36	84.1147	
0.964179	-0.161374	0.210518	-0.0270311	0.729741	0.683189	-0.263872	-0.664407	0.699239	-0.0208254	-24.0578	84.8647	
0.959388	-0.173175	0.222679	-0.0324149	0.71648	0.696854	-0.280222	-0.675771	0.681769	-0.309103	-24.7679	85.5964	
0.95431	-0.185172	0.234528	-0.0381203	0.702999	0.710169	-0.296376	-0.686662	0.66382	-0.614601	-25.4897	86.3093	
0.94895	-0.197357	0.246056	-0.0441433	0.689307	0.723123	-0.312321	-0.69707	0.645406	-0.937107	-26.2229	87.003	
0.943312	-0.20972	0.257256	-0.0504797	0.675414	0.735709	-0.328048	-0.706989	0.626539	-1.27639	-26.9668	87.6769	
0.937398	-0.222254	0.268121	-0.0571251	0.661329	0.747917	-0.343544	-0.716412	0.607232	-1.63222	-27.7209	88.3306	
0.931213	-0.23495	0.278641	-0.0640747	0.647063	0.759739	-0.358799	-0.725333	0.587499	-2.00434	-28.4848	88.9636	
0.924762	-0.247798	0.28881	-0.0713238	0.632626	0.771166	-0.373802	-0.733745	0.567354	-2.3925	-29.2579	89.5755	
0.918049	-0.260789	0.298621	-0.0788671	0.618027	0.782191	-0.388543	-0.741641	0.546811	-2.79641	-30.0396	90.1658	
0.911079	-0.273916	0.308067	-0.0866995	0.603277	0.792805	-0.403011	-0.749018	0.525885	-3.2158	-30.8294	90.7341	
0.903857	-0.287167	0.317141	-0.0948154	0.588386	0.803002	-0.417197	-0.755868	0.504589	-3.65037	-31.6267	91.2801	
0.896387	-0.300535	0.325837	-0.103209	0.573365	0.812773	-0.43109	-0.762189	0.482939	-4.09981	-32.431	91.8033	
0.888675	-0.314009	0.334148	-0.111875	0.558224	0.822113	-0.44468	-0.767974	0.46095	-4.56382	-33.2417	92.3034	
0.880727	-0.32758	0.34207	-0.120806	0.542974	0.831014	-0.457958	-0.773221	0.438638	-5.04207	-34.0583	92.7801	
0.872548	-0.341239	0.349595	-0.129998	0.527626	0.839471	-0.470915	-0.777925	0.416018	-5.53421	-34.8802	93.2329	
