1	0	0	0	1	0	0	0	1	0	0	0	
0.999997	2.82035e-06	0.00250181	2.82035e-06	0.999997	-0.00225464	-0.00250181	0.00225464	0.999994	-0.0012945	0.00116661	1.03485	
0.999987	1.13095e-05	0.00500941	1.13131e-05	0.99999	-0.00451595	-0.00500941	0.00451595	0.999977	-0.00518099	0.00466988	2.06968	
0.999972	2.55097e-05	0.00752269	2.55241e-05	0.999977	-0.00678381	-0.00752269	0.00678381	0.999949	-0.0116654	0.0105167	3.10449	
0.99995	4.54624e-05	0.0100415	4.54987e-05	0.999959	-0.00905812	-0.0100415	0.00905812	0.999909	-0.0207535	0.0187137	4.13927	
0.999921	7.12085e-05	0.0125657	7.12812e-05	0.999936	-0.0113388	-0.0125657	0.0113388	0.999857	-0.0324511	0.0292675	5.174	
0.999886	0.000102788	0.0150952	0.000102915	0.999907	-0.0136256	-0.0150952	0.0136256	0.999793	-0.0467635	0.0421847	6.20866	
0.999845	0.000140239	0.0176298	0.000140443	0.999873	-0.0159186	-0.0176298	0.0159186	0.999718	-0.0636962	0.0574716	7.24326	
0.999797	0.0001836	0.0201695	0.000183907	0.999834	-0.0182176	-0.0201695	0.0182176	0.999631	-0.0832545	0.0751345	8.27777	
0.999742	0.000232908	0.022714	0.000233349	0.999789	-0.0205225	-0.022714	0.0205225	0.999531	-0.105443	0.0951796	9.31219	
0.999681	0.0002882	0.0252633	0.000288807	0.999739	-0.0228331	-0.0252633	0.0228331	0.99942	-0.130268	0.117613	10.3465	
0.999613	0.00034951	0.0278172	0.000350322	0.999684	-0.0251494	-0.0278172	0.0251494	0.999297	-0.157733	0.14244	11.3807	
0.999538	0.000416875	0.0303756	0.000417932	0.999623	-0.0274713	-0.0303755	0.0274713	0.999161	-0.187844	0.169668	12.4147	
0.999457	0.000490326	0.0329383	0.000491675	0.999556	-0.0297986	-0.0329383	0.0297986	0.999013	-0.220604	0.1993	13.4486	
0.999369	0.000569897	0.0355053	0.000571587	0.999483	-0.0321313	-0.0355053	0.0321313	0.998853	-0.256018	0.231345	14.4824	
0.999275	0.000655621	0.0380764	0.000657705	0.999406	-0.0344691	-0.0380763	0.0344692	0.99868	-0.294091	0.265805	15.516	
0.999173	0.000747527	0.0406514	0.000750063	0.999322	-0.0368121	-0.0406514	0.0368121	0.998495	-0.334827	0.302688	16.5493	
0.999065	0.000845646	0.0432303	0.000848696	0.999233	-0.03916	-0.0432302	0.0391601	0.998297	-0.378229	0.341998	17.5825	
0.99895	0.000950007	0.0458129	0.000953637	0.999138	-0.0415128	-0.0458128	0.0415129	0.998087	-0.424302	0.38374	18.6155	
0.998828	0.00106064	0.0483991	0.00106492	0.999037	-0.0438704	-0.048399	0.0438705	0.997864	-0.47305	0.42792	19.6483	
0.998699	0.00117757	0.0509887	0.00118257	0.99893	-0.0462326	-0.0509886	0.0462328	0.997629	-0.524475	0.474541	20.6808	
0.998563	0.00130082	0.0535816	0.00130663	0.998817	-0.0485994	-0.0535815	0.0485995	0.99738	-0.578582	0.52361	21.7131	
0.99842	0.00143043	0.0561777	0.00143711	0.998699	-0.0509706	-0.0561775	0.0509707	0.997119	-0.635374	0.57513	22.7451	
0.99827	0.00156641	0.0587769	0.00157406	0.998575	-0.053346	-0.0587767	0.0533463	0.996845	-0.694855	0.629106	23.7768	
0.998113	0.00170878	0.0613789	0.0017175	0.998445	-0.0557257	-0.0613787	0.055726	0.996558	-0.757026	0.685543	24.8082	
0.997949	0.00185758	0.0639838	0.00186745	0.998308	-0.0581094	-0.0639835	0.0581097	0.996258	-0.821891	0.744444	25.8393	
0.997778	0.00201282	0.0665913	0.00202395	0.998166	-0.0604971	-0.066591	0.0604975	0.995945	-0.889454	0.805815	26.8702	
0.9976	0.00217453	0.0692014	0.00218701	0.998018	-0.0628886	-0.069201	0.0628891	0.995618	-0.959716	0.869658	27.9006	
0.997415	0.00234272	0.0718139	0.00235667	0.997864	-0.0652839	-0.0718134	0.0652844	0.995279	-1.03268	0.935978	28.9308	
0.997223	0.00251741	0.0744286	0.00253294	0.997704	-0.0676827	-0.0744281	0.0676833	0.994927	-1.10835	1.00478	29.9606	
0.997024	0.00269862	0.0770455	0.00271584	0.997537	-0.0700851	-0.0770449	0.0700857	0.994561	-1.18673	1.07606	30.99	
0.996818	0.00288638	0.0796643	0.00290541	0.997365	-0.0724908	-0.0796636	0.0724916	0.994182	-1.26781	1.14984	32.019	
0.996604	0.00308068	0.0822851	0.00310165	0.997186	-0.0748998	-0.0822843	0.0749007	0.99379	-1.35161	1.2261	33.0476	
0.996383	0.00328156	0.0849076	0.0033046	0.997001	-0.0773119	-0.0849067	0.0773129	0.993385	-1.43811	1.30486	34.0758	
0.996156	0.00348903	0.0875317	0.00351426	0.996811	-0.0797271	-0.0875307	0.0797282	0.992966	-1.52734	1.38612	35.1036	
0.995921	0.00370309	0.0901573	0.00373066	0.996613	-0.0821451	-0.0901562	0.0821464	0.992534	-1.61928	1.46988	36.131	
0.995678	0.00392376	0.0927843	0.00395381	0.99641	-0.084566	-0.092783	0.0845674	0.992089	-1.71394	1.55614	37.1579	
0.995429	0.00415106	0.0954125	0.00418373	0.9962	-0.0869896	-0.0954111	0.0869911	0.99163	-1.81131	1.64491	38.1843	
0.995173	0.00438499	0.0980418	0.00442043	0.995985	-0.0894157	-0.0980402	0.0894174	0.991157	-1.91141	1.73618	39.2102	
0.994909	0.00462556	0.100672	0.00466394	0.995762	-0.0918442	-0.10067	0.0918462	0.990671	-2.01423	1.82997	40.2357	
0.994638	0.00487279	0.103303	0.00491425	0.995534	-0.0942751	-0.103301	0.0942772	0.990172	-2.11977	1.92628	41.2606	
0.99436	0.00512667	0.105935	0.00517139	0.995299	-0.0967082	-0.105933	0.0967106	0.989659	-2.22803	2.0251	42.285	
0.994074	0.00538723	0.108568	0.00543536	0.995058	-0.0991434	-0.108565	0.099146	0.989133	-2.33902	2.12644	43.3089	
0.993782	0.00565445	0.1112	0.00570617	0.994811	-0.101581	-0.111198	0.101583	0.988593	-2.45273	2.2303	44.3322	
0.993482	0.00592836	0.113834	0.00598384	0.994557	-0.10402	-0.113831	0.104023	0.988039	-2.56916	2.33669	45.355	
0.993175	0.00620895	0.116467	0.00626837	0.994297	-0.10646	-0.116464	0.106464	0.987472	-2.68832	2.4456	46.3772	
0.992861	0.00649622	0.119101	0.00655978	0.994031	-0.108903	-0.119097	0.108907	0.986892	-2.81021	2.55704	47.3988	
0.99254	0.00679018	0.121734	0.00685806	0.993758	-0.111347	-0.12173	0.111351	0.986297	-2.93482	2.67101	48.4197	
0.992211	0.00709083	0.124367	0.00716322	0.993479	-0.113792	-0.124363	0.113797	0.98569	-3.06215	2.7875	49.4401	
0.991875	0.00739818	0.127	0.00747527	0.993193	-0.116239	-0.126996	0.116243	0.985068	-3.19221	2.90653	50.4598	
0.991532	0.00771221	0.129633	0.00779421	0.992901	-0.118686	-0.129628	0.118692	0.984433	-3.325	3.02809	51.4789	
0.991182	0.00803293	0.132265	0.00812004	0.992603	-0.121135	-0.13226	0.121141	0.983785	-3.4605	3.15219	52.4973	
0.990824	0.00836033	0.134896	0.00845277	0.992298	-0.123585	-0.134891	0.123591	0.983122	-3.59873	3.27882	53.515	
0.99046	0.00869442	0.137527	0.00879239	0.991987	-0.126035	-0.137521	0.126042	0.982447	-3.73969	3.40798	54.532	
0.990088	0.00903518	0.140157	0.00913891	0.991669	-0.128487	-0.14015	0.128494	0.981757	-3.88336	3.53969	55.5484	
0.989709	0.00938262	0.142785	0.00949232	0.991345	-0.130938	-0.142778	0.130946	0.981054	-4.02975	3.67393	56.564	
0.989323	0.00973673	0.145413	0.00985263	0.991015	-0.133391	-0.145405	0.133399	0.980338	-4.17887	3.81071	57.5789	
0.98893	0.0100975	0.148039	0.0102198	0.990678	-0.135843	-0.14803	0.135852	0.979608	-4.3307	3.95002	58.593	
0.98853	0.0104649	0.150663	0.0105939	0.990334	-0.138296	-0.150654	0.138306	0.978864	-4.48524	4.09188	59.6063	
0.988122	0.010839	0.153286	0.0109749	0.989984	-0.140749	-0.153277	0.14076	0.978107	-4.6425	4.23628	60.6189	
0.987708	0.0112197	0.155908	0.0113627	0.989628	-0.143202	-0.155897	0.143213	0.977336	-4.80248	4.38321	61.6307	
0.987286	0.011607	0.158528	0.0117574	0.989266	-0.145655	-0.158516	0.145667	0.976552	-4.96516	4.53268	62.6417	
0.986858	0.0120009	0.161145	0.012159	0.988897	-0.148108	-0.161133	0.14812	0.975754	-5.13056	4.6847	63.6519	
0.986422	0.0124014	0.163761	0.0125674	0.988521	-0.15056	-0.163748	0.150574	0.974943	-5.29866	4.83925	64.6612	
0.985979	0.0128085	0.166375	0.0129826	0.988139	-0.153012	-0.166361	0.153026	0.974119	-5.46947	4.99634	65.6697	
0.98553	0.0132222	0.168986	0.0134047	0.987751	-0.155463	-0.168971	0.155478	0.973281	-5.64298	5.15597	66.6773	
0.985716	0.0130488	0.16791	0.0138904	0.987298	-0.158269	-0.167843	0.158341	0.973014	-5.81725	5.31835	67.6844	
0.985901	0.0128722	0.166835	0.0143732	0.986837	-0.161077	-0.166712	0.161204	0.972738	-5.99036	5.48369	68.6912	
0.986084	0.0126924	0.16576	0.0148531	0.986367	-0.163886	-0.16558	0.164068	0.972453	-6.1623	5.65199	69.6977	
0.986267	0.0125095	0.164685	0.0153298	0.985889	-0.166695	-0.164447	0.166931	0.972158	-6.33306	5.82326	70.7039	
0.990174	0.00817561	0.139605	0.0157077	0.98547	-0.169121	-0.138959	0.169652	0.975658	-6.49006	5.99742	71.7118	
0.993423	0.00377306	0.114443	0.0160219	0.985044	-0.171555	-0.113378	0.17226	0.978505	-6.62063	6.17435	72.723	
0.996012	-0.000695157	0.0892155	0.0162724	0.984612	-0.173995	-0.0877217	0.174753	0.980697	-6.72469	6.35391	73.7368	
0.99794	-0.00522606	0.0639403	0.0164589	0.984174	-0.176439	-0.0620063	0.177128	0.982233	-6.80217	6.53599	74.7525	
0.999205	-0.00981662	0.0386341	0.0165812	0.98373	-0.178887	-0.0362495	0.179386	0.983111	-6.85301	6.72047	75.7695	
0.999807	-0.0144638	0.0133137	0.0166394	0.98328	-0.181336	-0.0104683	0.181523	0.983331	-6.87719	6.90722	76.787	
0.999744	-0.0191644	-0.0120038	0.0166334	0.982826	-0.183785	0.0153198	0.183538	0.982893	-6.87468	7.09613	77.8044	
0.999018	-0.0239153	-0.0373017	0.0165631	0.982366	-0.186232	0.0410977	0.185431	0.981798	-6.84548	7.28705	78.8211	
0.997628	-0.0287134	-0.0625628	0.0164287	0.981902	-0.188675	0.0668481	0.187199	0.980045	-6.78963	7.47987	79.8362	
0.995575	-0.0335554	-0.0877704	0.0162302	0.981434	-0.191113	0.0925537	0.188843	0.977636	-6.70714	7.67445	80.8492	
0.992862	-0.0384381	-0.112908	0.0159677	0.980962	-0.193544	0.118197	0.19036	0.974573	-6.59809	7.87067	81.8594	
0.989489	-0.0433582	-0.137957	0.0156414	0.980486	-0.195967	0.143762	0.191749	0.970858	-6.46254	8.0684	82.8661	
0.985459	-0.0483125	-0.162903	0.0152517	0.980007	-0.19838	0.16923	0.19301	0.966493	-6.30058	8.26749	83.8686	
0.980774	-0.0532976	-0.187728	0.0147986	0.979524	-0.200781	0.194585	0.194142	0.961481	-6.11232	8.46782	84.8662	
0.975438	-0.0583101	-0.212416	0.0142825	0.97904	-0.203169	0.21981	0.195145	0.955825	-5.89789	8.66926	85.8583	
0.969454	-0.0633468	-0.23695	0.0137037	0.978552	-0.205541	0.244888	0.196016	0.94953	-5.65743	8.87167	86.8442	
0.962827	-0.0684042	-0.261313	0.0130628	0.978063	-0.207898	0.269802	0.196756	0.9426	-5.3911	9.07491	87.8233	
0.955561	-0.073479	-0.28549	0.0123599	0.977572	-0.210236	0.294535	0.197365	0.935038	-5.09908	9.27885	88.7949	
0.94766	-0.0785678	-0.309464	0.0115958	0.97708	-0.212555	0.319071	0.197841	0.926851	-4.78157	9.48335	89.7584	
0.93913	-0.0836671	-0.33322	0.0107707	0.976587	-0.214853	0.343394	0.198186	0.918043	-4.43878	9.68828	90.713	
0.929976	-0.0887736	-0.35674	0.00988542	0.976093	-0.217128	0.367487	0.198397	0.908621	-4.07093	9.89349	91.6582	
0.920205	-0.0938839	-0.38001	0.00894039	0.975599	-0.219378	0.391334	0.198476	0.898591	-3.67828	10.0989	92.5934	
0.909824	-0.0989944	-0.403014	0.0079363	0.975105	-0.221603	0.414919	0.198421	0.887959	-3.26108	10.3042	93.5178	
0.898839	-0.104102	-0.425737	0.0068738	0.974611	-0.223801	0.438226	0.198235	0.876733	-2.81962	10.5095	94.431	
0.887257	-0.109203	-0.448163	0.00575362	0.974117	-0.22597	0.46124	0.197915	0.864921	-2.35418	10.7145	95.3322	
0.875086	-0.114294	-0.470277	0.0045765	0.973625	-0.228109	0.483945	0.197463	0.852529	-1.8651	10.9191	96.2209	
0.862336	-0.119371	-0.492065	0.00334323	0.973134	-0.230216	0.506326	0.196879	0.839567	-1.35268	11.1231	97.0965	
0.849013	-0.124432	-0.513512	0.00205463	0.972644	-0.232291	0.528369	0.196162	0.826043	-0.81727	11.3265	97.9584	
0.835126	-0.129473	-0.534603	0.000711577	0.972157	-0.23433	0.550058	0.195315	0.811966	-0.259235	11.5291	98.8059	
0.820687	-0.13449	-0.555325	-0.000685044	0.971671	-0.236335	0.571378	0.194337	0.797346	0.321055	11.7307	99.6387	
