1	0	0	0	1	0	0	0	1	0	0	0	
0.999998	-4.71158e-06	0.00176139	-4.71158e-06	0.999986	0.0053498	-0.00176139	-0.0053498	0.999984	-0.000936297	-0.00284378	1.06313	
0.999994	-1.88442e-05	0.00352219	-1.88518e-05	0.999943	0.0107021	-0.00352219	-0.0107021	0.999937	-0.00374488	-0.0113764	2.12622	
0.999986	-4.23963e-05	0.00528233	-4.24265e-05	0.999871	0.0160567	-0.00528233	-0.0160567	0.999857	-0.00842507	-0.0256005	3.18924	
0.999975	-7.53654e-05	0.00704174	-7.5441e-05	0.999771	0.0214133	-0.00704174	-0.0214133	0.999746	-0.0149761	-0.0455184	4.25217	
0.999961	-0.000117749	0.00880035	-0.0001179	0.999642	0.0267719	-0.00880035	-0.0267719	0.999603	-0.0233973	-0.071132	5.31495	
0.999944	-0.000169542	0.0105581	-0.000169807	0.999484	0.032132	-0.0105581	-0.032132	0.999428	-0.0336876	-0.102443	6.37757	
0.999924	-0.000230742	0.0123149	-0.000231166	0.999297	0.0374936	-0.0123149	-0.0374936	0.999221	-0.0458461	-0.139454	7.43999	
0.999901	-0.000301344	0.0140706	-0.00030198	0.999081	0.0428564	-0.0140706	-0.0428564	0.998982	-0.0598717	-0.182165	8.50217	
0.999875	-0.000381341	0.0158253	-0.00038225	0.998837	0.0482202	-0.0158253	-0.0482202	0.998711	-0.0757634	-0.230579	9.56408	
0.999845	-0.000470728	0.0175788	-0.000471978	0.998563	0.0535847	-0.0175788	-0.0535847	0.998409	-0.0935199	-0.284695	10.6257	
0.999813	-0.000569499	0.0193311	-0.000571166	0.998261	0.0589499	-0.0193311	-0.0589499	0.998074	-0.11314	-0.344515	11.6869	
0.999778	-0.000677645	0.0210821	-0.000679813	0.997929	0.0643153	-0.021082	-0.0643154	0.997707	-0.134622	-0.410038	12.7478	
0.999739	-0.000795159	0.0228317	-0.000797919	0.997569	0.0696809	-0.0228316	-0.069681	0.997308	-0.157965	-0.481266	13.8083	
0.999697	-0.000922033	0.0245799	-0.000925483	0.99718	0.0750465	-0.0245798	-0.0750465	0.996877	-0.183168	-0.558199	14.8684	
0.999653	-0.00105826	0.0263266	-0.0010625	0.996761	0.0804117	-0.0263264	-0.0804117	0.996414	-0.210228	-0.640835	15.9279	
0.999605	-0.00120382	0.0280717	-0.00120898	0.996314	0.0857764	-0.0280715	-0.0857765	0.995919	-0.239144	-0.729175	16.987	
0.999555	-0.00135872	0.0298151	-0.00136491	0.995837	0.0911404	-0.0298148	-0.0911405	0.995392	-0.269914	-0.823219	18.0455	
0.999501	-0.00152293	0.0315568	-0.00153029	0.995331	0.0965034	-0.0315565	-0.0965035	0.994832	-0.302537	-0.922964	19.1034	
0.999444	-0.00169645	0.0332968	-0.00170511	0.994797	0.101865	-0.0332963	-0.101865	0.994241	-0.337011	-1.02841	20.1608	
0.999384	-0.00187927	0.0350349	-0.00188937	0.994233	0.107226	-0.0350343	-0.107226	0.993617	-0.373333	-1.13956	21.2174	
0.999322	-0.00207138	0.036771	-0.00208307	0.99364	0.112585	-0.0367704	-0.112585	0.992962	-0.411502	-1.2564	22.2734	
0.999256	-0.00227275	0.0385052	-0.00228619	0.993018	0.117942	-0.0385044	-0.117942	0.992274	-0.451516	-1.37894	23.3287	
0.999187	-0.00248338	0.0402373	-0.00249875	0.992367	0.123297	-0.0402363	-0.123297	0.991554	-0.493372	-1.50718	24.3833	
0.999115	-0.00270325	0.0419673	-0.00272071	0.991686	0.12865	-0.0419661	-0.12865	0.990802	-0.537068	-1.6411	25.437	
0.999041	-0.00293235	0.043695	-0.00295209	0.990977	0.134	-0.0436937	-0.134001	0.990018	-0.582602	-1.78072	26.49	
0.998963	-0.00317066	0.0454206	-0.00319287	0.990238	0.139348	-0.045419	-0.139349	0.989201	-0.629971	-1.92602	27.542	
0.998882	-0.00341816	0.0471437	-0.00344304	0.989471	0.144693	-0.0471419	-0.144694	0.988353	-0.679174	-2.07701	28.5933	
0.998799	-0.00367485	0.0488645	-0.0037026	0.988674	0.150035	-0.0488624	-0.150035	0.987472	-0.730206	-2.23368	29.6435	
0.998712	-0.0039407	0.0505828	-0.00397153	0.987848	0.155373	-0.0505804	-0.155374	0.98656	-0.783067	-2.39602	30.6929	
0.998623	-0.00421569	0.0522986	-0.00424982	0.986993	0.160708	-0.0522959	-0.160709	0.985615	-0.837753	-2.56404	31.7412	
0.99853	-0.00449981	0.0540118	-0.00453747	0.986109	0.16604	-0.0540087	-0.166041	0.984639	-0.894261	-2.73773	32.7885	
0.998435	-0.00479303	0.0557224	-0.00483446	0.985195	0.171367	-0.0557188	-0.171368	0.98363	-0.952588	-2.91709	33.8348	
0.998337	-0.00509535	0.0574301	-0.00514078	0.984253	0.17669	-0.0574261	-0.176691	0.98259	-1.01273	-3.10211	34.88	
0.998235	-0.00540673	0.0591352	-0.00545642	0.983282	0.182009	-0.0591306	-0.18201	0.981517	-1.07469	-3.29278	35.924	
0.998131	-0.00572716	0.0608373	-0.00578137	0.982281	0.187323	-0.0608322	-0.187325	0.980413	-1.13846	-3.48911	36.9669	
0.998024	-0.00605662	0.0625365	-0.0061156	0.981252	0.192633	-0.0625308	-0.192635	0.979276	-1.20403	-3.69108	38.0086	
0.997914	-0.00639508	0.0642327	-0.00645911	0.980193	0.197937	-0.0642263	-0.197939	0.978108	-1.27141	-3.8987	39.0491	
0.997802	-0.00674253	0.0659259	-0.00681189	0.979106	0.203237	-0.0659188	-0.203239	0.976908	-1.34059	-4.11195	40.0883	
0.997686	-0.00709894	0.067616	-0.00717391	0.97799	0.208531	-0.0676081	-0.208533	0.975676	-1.41157	-4.33083	41.1263	
0.997568	-0.00746428	0.0693029	-0.00754516	0.976844	0.213819	-0.0692941	-0.213822	0.974412	-1.48435	-4.55534	42.1629	
0.997446	-0.00783855	0.0709865	-0.00792563	0.97567	0.219101	-0.0709768	-0.219104	0.973116	-1.55891	-4.78547	43.1981	
0.997322	-0.0082217	0.0726668	-0.0083153	0.974467	0.224378	-0.0726562	-0.224381	0.971789	-1.63526	-5.02122	44.232	
0.997195	-0.00861372	0.0743438	-0.00871415	0.973235	0.229648	-0.0743321	-0.229652	0.97043	-1.71339	-5.26256	45.2644	
0.997066	-0.00901458	0.0760173	-0.00912216	0.971974	0.234911	-0.0760044	-0.234916	0.96904	-1.79331	-5.50951	46.2953	
0.996933	-0.00942426	0.0776873	-0.00953931	0.970684	0.240169	-0.0776733	-0.240173	0.967618	-1.875	-5.76205	47.3248	
0.996798	-0.00984273	0.0793538	-0.00996559	0.969366	0.245419	-0.0793384	-0.245424	0.966164	-1.95846	-6.02018	48.3527	
0.99666	-0.01027	0.0810166	-0.010401	0.968019	0.250662	-0.0809999	-0.250667	0.964679	-2.04369	-6.28389	49.3791	
0.996519	-0.0107059	0.0826757	-0.0108455	0.966643	0.255898	-0.0826576	-0.255903	0.963162	-2.13069	-6.55316	50.4039	
0.996375	-0.0111506	0.0843312	-0.011299	0.965239	0.261126	-0.0843114	-0.261132	0.961614	-2.21944	-6.828	51.427	
0.996229	-0.011604	0.0859828	-0.0117616	0.963806	0.266346	-0.0859613	-0.266353	0.960035	-2.30995	-7.1084	52.4485	
0.99608	-0.012066	0.0876305	-0.0122332	0.962344	0.271559	-0.0876073	-0.271567	0.958424	-2.40222	-7.39434	53.4683	
0.995928	-0.0125366	0.0892743	-0.0127138	0.960854	0.276764	-0.0892492	-0.276772	0.956782	-2.49623	-7.68582	54.4864	
0.995774	-0.0130158	0.0909141	-0.0132034	0.959335	0.28196	-0.0908871	-0.281969	0.955109	-2.59198	-7.98282	55.5027	
0.995616	-0.0135036	0.0925499	-0.0137019	0.957788	0.287148	-0.0925208	-0.287157	0.953405	-2.68947	-8.28535	56.5172	
0.995457	-0.014	0.0941816	-0.0142094	0.956213	0.292327	-0.0941502	-0.292337	0.95167	-2.7887	-8.59339	57.5298	
0.995294	-0.0145048	0.0958091	-0.0147258	0.954609	0.297497	-0.0957754	-0.297508	0.949903	-2.88966	-8.90693	58.5407	
0.995129	-0.0150181	0.0974324	-0.015251	0.952977	0.302658	-0.0973962	-0.302669	0.948106	-2.99234	-9.22597	59.5496	
0.994961	-0.0155399	0.0990514	-0.0157852	0.951317	0.307809	-0.0990126	-0.307822	0.946278	-3.09675	-9.55049	60.5566	
0.99479	-0.01607	0.100666	-0.0163281	0.949629	0.312951	-0.100624	-0.312965	0.944419	-3.20287	-9.88048	61.5616	
0.994617	-0.0166085	0.102276	-0.0168799	0.947912	0.318084	-0.102232	-0.318098	0.94253	-3.3107	-10.2159	62.5646	
0.994442	-0.0171554	0.103882	-0.0174404	0.946168	0.323206	-0.103835	-0.323222	0.940609	-3.42024	-10.5568	63.5657	
0.994263	-0.0177106	0.105483	-0.0180097	0.944395	0.328319	-0.105433	-0.328335	0.938659	-3.53148	-10.9032	64.5646	
0.994082	-0.018274	0.10708	-0.0185877	0.942595	0.333421	-0.107026	-0.333438	0.936677	-3.64442	-11.255	65.5615	
0.993899	-0.0188457	0.108672	-0.0191744	0.940767	0.338512	-0.108615	-0.33853	0.934666	-3.75904	-11.6122	66.5562	
0.993713	-0.0194256	0.11026	-0.0197697	0.938911	0.343593	-0.110198	-0.343612	0.932624	-3.87536	-11.9748	67.5488	
0.993524	-0.0200137	0.111842	-0.0203738	0.937027	0.348662	-0.111777	-0.348683	0.930551	-3.99335	-12.3428	68.5392	
0.993303	-0.0207009	0.113672	-0.0205477	0.936488	0.350098	-0.1137	-0.350089	0.92979	-4.11321	-12.7142	69.5281	
0.993092	-0.0213197	0.115384	-0.017502	0.94544	0.325327	-0.116025	-0.325099	0.938536	-4.23533	-13.0731	70.5213	
0.992877	-0.0218925	0.117112	-0.0143957	0.953726	0.300333	-0.118268	-0.29988	0.946618	-4.35988	-13.4054	71.5234	
0.992659	-0.0224188	0.118854	-0.011231	0.96134	0.275134	-0.120427	-0.274449	0.954031	-4.48677	-13.7107	72.5338	
0.992436	-0.0228983	0.120608	-0.00801016	0.968278	0.249747	-0.122501	-0.248824	0.960771	-4.61591	-13.9888	73.5517	
0.99221	-0.0233308	0.122375	-0.00473549	0.974534	0.22419	-0.124489	-0.223023	0.966832	-4.74721	-14.2397	74.5764	
0.99198	-0.0237157	0.124152	-0.00140928	0.980104	0.198482	-0.126389	-0.197065	0.97221	-4.88057	-14.463	75.6072	
0.991746	-0.024053	0.125938	0.00196612	0.984983	0.17264	-0.128199	-0.170967	0.976901	-5.01591	-14.6586	76.6434	
0.99151	-0.0243423	0.127732	0.00538833	0.989169	0.146683	-0.129919	-0.144749	0.980902	-5.15313	-14.8265	77.6841	
0.99127	-0.0245835	0.129533	0.00885494	0.992658	0.120629	-0.131548	-0.118429	0.98421	-5.29212	-14.9664	78.7288	
0.991028	-0.0247764	0.13134	0.0123635	0.995448	0.0944961	-0.133083	-0.0920244	0.986823	-5.4328	-15.0783	79.7766	
0.990783	-0.0249208	0.13315	0.0159115	0.997538	0.0683035	-0.134524	-0.0655553	0.988739	-5.57506	-15.162	80.8268	
0.990535	-0.0250167	0.134963	0.0194965	0.998924	0.0420694	-0.135871	-0.0390398	0.989957	-5.7188	-15.2176	81.8786	
0.990285	-0.0250639	0.136778	0.0231159	0.999608	0.0158122	-0.137121	-0.0124968	0.990475	-5.86392	-15.245	82.9314	
0.990032	-0.0250625	0.138594	0.0267671	0.999587	-0.0104494	-0.138274	0.014055	0.990294	-6.01032	-15.2442	83.9844	
0.989778	-0.0250124	0.140408	0.0304477	0.998862	-0.0366969	-0.13933	0.0405969	0.989413	-6.15789	-15.2151	85.0368	
0.989522	-0.0249137	0.14222	0.034155	0.997434	-0.0629119	-0.140288	0.0671102	0.987834	-6.30654	-15.1579	86.0879	
0.989264	-0.0247664	0.144028	0.0378863	0.995304	-0.0890756	-0.141146	0.093576	0.985556	-6.45614	-15.0725	87.137	
0.989004	-0.0245707	0.145832	0.0416391	0.992473	-0.11517	-0.141904	0.119976	0.982583	-6.60661	-14.9589	88.1832	
0.988744	-0.0243267	0.14763	0.0454106	0.988942	-0.141176	-0.142563	0.146291	0.978915	-6.75784	-14.8174	89.2259	
0.988482	-0.0240345	0.14942	0.0491983	0.984716	-0.167076	-0.14312	0.172502	0.974556	-6.9097	-14.6479	90.2644	
0.988219	-0.0236945	0.151201	0.0529994	0.979796	-0.192851	-0.143577	0.198592	0.969509	-7.06211	-14.4507	91.2979	
0.987955	-0.0233067	0.152973	0.0568113	0.974186	-0.218483	-0.143932	0.224542	0.963776	-7.21495	-14.2257	92.3256	
0.987691	-0.0228715	0.154734	0.0606312	0.96789	-0.243954	-0.144186	0.250333	0.957363	-7.36811	-13.9733	93.3469	
0.987427	-0.0223892	0.156482	0.0644565	0.960912	-0.269246	-0.144337	0.275947	0.950274	-7.52149	-13.6935	94.361	
0.987162	-0.0218601	0.158217	0.0682845	0.953258	-0.294341	-0.144387	0.301366	0.942513	-7.67498	-13.3866	95.3672	
0.986898	-0.0212847	0.159936	0.0721125	0.944933	-0.319221	-0.144334	0.326572	0.934087	-7.82846	-13.0528	96.3648	
0.986633	-0.0206632	0.16164	0.0759377	0.935942	-0.34387	-0.14418	0.351548	0.925001	-7.98183	-12.6923	97.353	
0.986369	-0.0199962	0.163326	0.0797574	0.926292	-0.368268	-0.143924	0.376275	0.915261	-8.13499	-12.3054	98.3313	
0.986106	-0.0192841	0.164995	0.0835691	0.91599	-0.3924	-0.143566	0.400737	0.904875	-8.28782	-11.8923	99.2989	
0.985843	-0.0185275	0.166643	0.0873699	0.905044	-0.416248	-0.143107	0.424915	0.89385	-8.44021	-11.4534	100.255	
0.985581	-0.0177268	0.168271	0.0911572	0.89346	-0.439795	-0.142547	0.448793	0.882193	-8.59206	-10.989	101.199	
0.985321	-0.0168826	0.169876	0.0949282	0.881247	-0.463025	-0.141886	0.472355	0.869914	-8.74327	-10.4993	102.131	
