1	0	0	0	1	0	0	0	1	0	0	0	
0.999996	-2.22723e-06	-0.00266627	-2.22723e-06	0.999999	-0.00167067	0.00266627	0.00167067	0.999995	0.00136074	0.000852632	1.02071	
0.999986	-8.92861e-06	-0.00533802	-8.9312e-06	0.999994	-0.00334574	0.00533802	0.00334574	0.99998	0.00544576	0.00341278	2.0414	
0.999968	-2.01338e-05	-0.00801513	-2.01442e-05	0.999987	-0.00502514	0.00801513	0.00502514	0.999955	0.0122606	0.00768489	3.06208	
0.999943	-3.5872e-05	-0.0106975	-3.5898e-05	0.999977	-0.0067088	0.0106975	0.0067088	0.99992	0.0218106	0.0136734	4.08272	
0.99991	-5.61713e-05	-0.0133849	-5.62234e-05	0.999965	-0.00839663	0.0133849	0.00839663	0.999875	0.0341011	0.0213825	5.10332	
0.999871	-8.10596e-05	-0.0160772	-8.1151e-05	0.999949	-0.0100885	0.0160772	0.0100885	0.99982	0.0491372	0.0308165	6.12388	
0.999824	-0.000110564	-0.0187744	-0.00011071	0.999931	-0.0117845	0.0187744	0.0117845	0.999754	0.0669239	0.0419794	7.14437	
0.999769	-0.00014471	-0.0214763	-0.000144931	0.999909	-0.0134844	0.0214763	0.0134844	0.999678	0.0874661	0.0548755	8.16478	
0.999708	-0.000183525	-0.0241828	-0.00018384	0.999885	-0.0151881	0.0241828	0.0151881	0.999592	0.110768	0.0695086	9.18512	
0.999638	-0.000227032	-0.0268937	-0.000227467	0.999857	-0.0168956	0.0268937	0.0168956	0.999496	0.136835	0.0858826	10.2054	
0.999562	-0.000275257	-0.0296089	-0.000275837	0.999827	-0.0186068	0.0296089	0.0186068	0.999388	0.165672	0.104001	11.2255	
0.999477	-0.000328223	-0.0323282	-0.000328978	0.999793	-0.0203216	0.0323282	0.0203216	0.999271	0.197282	0.123869	12.2455	
0.999385	-0.000385952	-0.0350516	-0.000386916	0.999757	-0.02204	0.0350516	0.02204	0.999142	0.231669	0.145488	13.2654	
0.999286	-0.000448467	-0.0377789	-0.000449674	0.999718	-0.0237618	0.0377789	0.0237618	0.999004	0.268838	0.168863	14.2852	
0.999179	-0.00051579	-0.0405099	-0.000517278	0.999675	-0.025487	0.0405099	0.025487	0.998854	0.308793	0.193997	15.3048	
0.999064	-0.000587941	-0.0432446	-0.000589751	0.999629	-0.0272154	0.0432446	0.0272155	0.998694	0.351538	0.220894	16.3243	
0.998942	-0.00066494	-0.0459828	-0.000667116	0.999581	-0.0289471	0.0459828	0.0289472	0.998523	0.397075	0.249557	17.3435	
0.998812	-0.000746808	-0.0487244	-0.000749396	0.999529	-0.030682	0.0487244	0.030682	0.998341	0.44541	0.279989	18.3627	
0.998674	-0.000833561	-0.0514692	-0.000836612	0.999474	-0.0324199	0.0514692	0.03242	0.998148	0.496544	0.312194	19.3816	
0.998529	-0.00092522	-0.0542171	-0.000928784	0.999416	-0.0341607	0.0542171	0.0341608	0.997945	0.550481	0.346173	20.4003	
0.998375	-0.0010218	-0.056968	-0.00102593	0.999355	-0.0359045	0.056968	0.0359046	0.99773	0.607225	0.381932	21.4188	
0.998214	-0.00112332	-0.0597218	-0.00112808	0.99929	-0.037651	0.0597217	0.0376512	0.997505	0.666778	0.419471	22.4371	
0.998046	-0.00122979	-0.0624782	-0.00123524	0.999223	-0.0394003	0.0624781	0.0394005	0.997268	0.729143	0.458795	23.4551	
0.997869	-0.00134123	-0.0652372	-0.00134744	0.999152	-0.0411523	0.0652371	0.0411525	0.997021	0.794323	0.499905	24.4729	
0.997684	-0.00145766	-0.0679987	-0.00146468	0.999078	-0.0429068	0.0679985	0.042907	0.996762	0.86232	0.542805	25.4904	
0.997492	-0.00157908	-0.0707625	-0.00158699	0.999001	-0.0446637	0.0707623	0.044664	0.996493	0.933138	0.587498	26.5077	
0.997292	-0.00170552	-0.0735284	-0.00171439	0.99892	-0.0464231	0.0735282	0.0464235	0.996212	1.00678	0.633984	27.5247	
0.997083	-0.00183697	-0.0762965	-0.00184688	0.998837	-0.0481848	0.0762962	0.0481852	0.99592	1.08324	0.682268	28.5414	
0.996867	-0.00197346	-0.0790664	-0.00198449	0.99875	-0.0499488	0.0790661	0.0499492	0.995617	1.16253	0.732352	29.5578	
0.996643	-0.002115	-0.0818381	-0.00212722	0.99866	-0.0517148	0.0818378	0.0517153	0.995303	1.24465	0.784237	30.5738	
0.996411	-0.00226159	-0.0846115	-0.0022751	0.998566	-0.053483	0.0846111	0.0534836	0.994978	1.3296	0.837925	31.5896	
0.996172	-0.00241324	-0.0873863	-0.00242812	0.998469	-0.0552531	0.0873859	0.0552538	0.994641	1.41738	0.89342	32.605	
0.995924	-0.00256997	-0.0901626	-0.00258631	0.998369	-0.0570252	0.0901621	0.0570259	0.994293	1.50799	0.950722	33.6201	
0.995668	-0.00273177	-0.0929401	-0.00274967	0.998266	-0.0587991	0.0929396	0.0587999	0.993934	1.60143	1.00983	34.6348	
0.995404	-0.00289867	-0.0957188	-0.00291821	0.998159	-0.0605747	0.0957182	0.0605756	0.993564	1.69772	1.07076	35.6491	
0.995132	-0.00307066	-0.0984985	-0.00309195	0.998049	-0.062352	0.0984978	0.062353	0.993182	1.79684	1.1335	36.663	
0.994853	-0.00324775	-0.101279	-0.00327089	0.997936	-0.0641308	0.101278	0.064132	0.992789	1.89879	1.19805	37.6766	
0.994565	-0.00342994	-0.10406	-0.00345504	0.99782	-0.0659111	0.104059	0.0659125	0.992385	2.00359	1.26442	38.6897	
0.994269	-0.00361724	-0.106842	-0.00364441	0.9977	-0.0676929	0.106841	0.0676943	0.991969	2.11122	1.3326	39.7024	
0.993966	-0.00380966	-0.109624	-0.003839	0.997576	-0.069476	0.109623	0.0694776	0.991542	2.22169	1.40261	40.7147	
0.993654	-0.00400719	-0.112407	-0.00403882	0.99745	-0.0712603	0.112406	0.0712621	0.991104	2.33501	1.47444	41.7266	
0.993335	-0.00420983	-0.11519	-0.00424387	0.99732	-0.0730457	0.115189	0.0730477	0.990654	2.45116	1.54809	42.738	
0.993007	-0.0044176	-0.117973	-0.00445416	0.997186	-0.0748323	0.117971	0.0748345	0.990193	2.57016	1.62356	43.7489	
0.992671	-0.00463048	-0.120756	-0.00466969	0.997049	-0.0766198	0.120754	0.0766222	0.989721	2.69199	1.70085	44.7594	
0.992328	-0.00484848	-0.123538	-0.00489047	0.996909	-0.0784083	0.123537	0.0784109	0.989237	2.81667	1.77998	45.7693	
0.991976	-0.00507159	-0.126321	-0.00511648	0.996766	-0.0801976	0.126319	0.0802004	0.988742	2.94418	1.86092	46.7788	
0.991617	-0.00529983	-0.129103	-0.00534775	0.996619	-0.0819876	0.129101	0.0819907	0.988236	3.07453	1.9437	47.7878	
0.99125	-0.00553317	-0.131884	-0.00558426	0.996469	-0.0837783	0.131882	0.0837817	0.987718	3.20773	2.0283	48.7962	
0.990874	-0.00577162	-0.134665	-0.00582602	0.996315	-0.0855695	0.134663	0.0855732	0.98719	3.34376	2.11473	49.8041	
0.990491	-0.00601518	-0.137445	-0.00607302	0.996158	-0.0873613	0.137442	0.0873653	0.986649	3.48263	2.20299	50.8115	
0.9901	-0.00626384	-0.140224	-0.00632527	0.995998	-0.0891534	0.140221	0.0891578	0.986098	3.62434	2.29308	51.8183	
0.989701	-0.0065176	-0.143002	-0.00658276	0.995834	-0.0909459	0.142999	0.0909506	0.985535	3.76888	2.385	52.8245	
0.989294	-0.00677644	-0.145778	-0.00684548	0.995667	-0.0927387	0.145775	0.0927437	0.984961	3.91626	2.47875	53.8301	
0.988879	-0.00704037	-0.148553	-0.00711344	0.995496	-0.0945316	0.14855	0.094537	0.984376	4.06647	2.57433	54.8352	
0.988457	-0.00730937	-0.151327	-0.00738662	0.995323	-0.0963245	0.151324	0.0963304	0.983779	4.21951	2.67174	55.8397	
0.988026	-0.00758343	-0.154099	-0.00766502	0.995145	-0.0981175	0.154095	0.0981239	0.983172	4.37538	2.77098	56.8435	
0.987588	-0.00786255	-0.15687	-0.00794864	0.994965	-0.0999104	0.156866	0.0999172	0.982553	4.53408	2.87205	57.8467	
0.987142	-0.00814672	-0.159639	-0.00823747	0.994781	-0.101703	0.159634	0.10171	0.981923	4.69561	2.97495	58.8493	
0.986688	-0.00843592	-0.162405	-0.0085315	0.994593	-0.103496	0.1624	0.103503	0.981281	4.85996	3.07968	59.8512	
0.986226	-0.00873014	-0.16517	-0.00883071	0.994403	-0.105288	0.165165	0.105296	0.980629	5.02713	3.18625	60.8525	
0.985757	-0.00902938	-0.167932	-0.00913511	0.994209	-0.107079	0.167927	0.107088	0.979966	5.19713	3.29464	61.8531	
0.98528	-0.00933362	-0.170692	-0.00944468	0.994011	-0.108871	0.170686	0.10888	0.979291	5.36994	3.40486	62.853	
0.984796	-0.00964284	-0.17345	-0.00975941	0.99381	-0.110661	0.173443	0.110671	0.978606	5.54557	3.51691	63.8522	
0.984303	-0.00995703	-0.176205	-0.0100793	0.993606	-0.112451	0.176198	0.112462	0.977909	5.72401	3.63078	64.8507	
0.984368	-0.0099148	-0.175844	-0.0107507	0.99317	-0.116181	0.175795	0.116256	0.977538	5.90365	3.74751	65.8487	
0.984433	-0.00987118	-0.175483	-0.0114209	0.992719	-0.119912	0.175389	0.120049	0.977152	6.08288	3.86811	66.8463	
0.984498	-0.00982615	-0.175122	-0.0120898	0.992253	-0.123642	0.17498	0.123842	0.976752	6.26169	3.99258	67.8435	
0.984562	-0.00977968	-0.174761	-0.0127573	0.991773	-0.127371	0.174569	0.127635	0.976338	6.44008	4.12092	68.8402	
0.984627	-0.00973173	-0.1744	-0.0134233	0.991278	-0.1311	0.174155	0.131425	0.975909	6.61806	4.25314	69.8366	
0.984691	-0.00968227	-0.174038	-0.0140877	0.990769	-0.134827	0.173737	0.135214	0.975465	6.7956	4.38922	70.8325	
0.988218	-0.00660901	-0.152908	-0.0162908	0.988849	-0.148025	0.152181	0.148772	0.977091	6.96195	4.53416	71.829	
0.991278	-0.00324335	-0.131749	-0.0182018	0.986747	-0.161242	0.130526	0.162233	0.978081	7.10623	4.69289	72.8269	
0.993868	0.000412507	-0.110576	-0.0198195	0.984464	-0.174467	0.108786	0.175589	0.978435	7.22837	4.86531	73.8255	
0.995986	0.00435619	-0.089402	-0.0211428	0.982	-0.187693	0.0869752	0.18883	0.978151	7.32829	5.0513	74.8241	
0.997632	0.00858513	-0.0682412	-0.0221708	0.979359	-0.20091	0.0651078	0.201948	0.97723	7.40591	5.25074	75.8221	
0.998804	0.0130966	-0.0471072	-0.0229029	0.976541	-0.214111	0.0431979	0.214934	0.975673	7.46118	5.46351	76.8188	
0.999502	0.0178876	-0.0260137	-0.0233386	0.973548	-0.227287	0.02126	0.227781	0.97348	7.49408	5.68947	77.8136	
0.999724	0.022955	-0.00497455	-0.0234776	0.970383	-0.240429	-0.000691824	0.240479	0.970654	7.50458	5.92846	78.8059	
0.999472	0.0282956	0.0159966	-0.0233199	0.967047	-0.253528	-0.0226432	0.253021	0.967196	7.49267	6.18033	79.7949	
0.998744	0.0339059	0.0368861	-0.0228655	0.963543	-0.266576	-0.0445798	0.265398	0.963108	7.45836	6.44492	80.7801	
0.997542	0.0397821	0.0576803	-0.0221147	0.959872	-0.279565	-0.0664874	0.277602	0.958393	7.40167	6.72206	81.7608	
0.995867	0.0459206	0.0783657	-0.0210681	0.956038	-0.292486	-0.0883516	0.289626	0.953054	7.32265	7.01156	82.7363	
0.993718	0.0523172	0.0989288	-0.0197262	0.952042	-0.30533	-0.110158	0.30146	0.947094	7.22133	7.31324	83.7061	
0.991099	0.0589679	0.119356	-0.01809	0.947888	-0.31809	-0.131893	0.313099	0.940517	7.09779	7.6269	84.6695	
0.98801	0.0658683	0.139635	-0.0161606	0.943578	-0.330756	-0.153543	0.324534	0.933329	6.95211	7.95234	85.6259	
0.984453	0.0730138	0.159751	-0.0139391	0.939115	-0.343321	-0.175092	0.335757	0.925532	6.78438	8.28934	86.5747	
0.980432	0.0804	0.179692	-0.0114271	0.934501	-0.355777	-0.196527	0.346762	0.917133	6.59472	8.63768	87.5151	
0.975948	0.0880218	0.199445	-0.00862616	0.92974	-0.368115	-0.217834	0.357541	0.908137	6.38323	8.99714	88.4467	
0.971004	0.0958745	0.218997	-0.00553811	0.924835	-0.380328	-0.239	0.368087	0.898549	6.15007	9.36749	89.3688	
0.965604	0.103953	0.238335	-0.00216498	0.919789	-0.392407	-0.260009	0.378394	0.888377	5.89539	9.74848	90.2808	
0.959751	0.112252	0.257446	0.00149104	0.914606	-0.404345	-0.28085	0.388454	0.877626	5.61935	10.1399	91.1821	
0.953448	0.120765	0.276318	0.00542758	0.909288	-0.416133	-0.301507	0.398261	0.866303	5.32212	10.5414	92.0722	
0.946701	0.129488	0.29494	0.00964206	0.903839	-0.427764	-0.321969	0.407809	0.854417	5.00391	10.9528	92.9504	
0.939513	0.138415	0.313298	0.0141318	0.898263	-0.439231	-0.34222	0.417091	0.841974	4.66492	11.3738	93.8162	
0.93189	0.14754	0.331381	0.0188937	0.892563	-0.450527	-0.362249	0.426102	0.828983	4.30537	11.8042	94.6691	
0.923835	0.156857	0.349177	0.0239249	0.886743	-0.461642	-0.382042	0.434836	0.815452	3.9255	12.2436	95.5084	
0.915355	0.16636	0.366674	0.029222	0.880808	-0.472572	-0.401586	0.443286	0.80139	3.52555	12.6917	96.3336	
0.906454	0.176043	0.383861	0.0347815	0.87476	-0.483307	-0.420869	0.451447	0.786807	3.10579	13.1484	97.1441	
0.89714	0.185899	0.400727	0.0405998	0.868603	-0.493842	-0.439878	0.459315	0.771711	2.66648	13.6132	97.9396	
