1	0	0	0	1	0	0	0	1	0	0	0	
0.999997	7.78305e-07	-0.00239887	7.78305e-07	1	0.000648892	0.00239887	-0.000648892	0.999997	0.0010589	-0.00028643	0.882827	
0.999988	3.12567e-06	-0.00480744	3.12532e-06	0.999999	0.00130027	0.00480744	-0.00130027	0.999988	0.00423986	-0.00114682	1.76565	
0.999974	7.06055e-06	-0.00722561	7.05918e-06	0.999998	0.00195409	0.00722561	-0.00195409	0.999972	0.00955142	-0.00258334	2.64846	
0.999953	1.26013e-05	-0.00965329	1.25978e-05	0.999997	0.00261035	0.00965329	-0.00261035	0.99995	0.017002	-0.00459815	3.53125	
0.999927	1.9766e-05	-0.0120904	1.97591e-05	0.999995	0.003269	0.0120904	-0.003269	0.999922	0.0266	-0.00719338	4.41403	
0.999894	2.85726e-05	-0.0145368	2.85605e-05	0.999992	0.00393003	0.0145368	-0.00393003	0.999887	0.0383536	-0.0103711	5.29677	
0.999856	3.90391e-05	-0.0169924	3.90196e-05	0.999989	0.0045934	0.0169924	-0.0045934	0.999845	0.052271	-0.0141335	6.17948	
0.999811	5.11831e-05	-0.0194571	5.11537e-05	0.999986	0.00525908	0.0194571	-0.00525908	0.999797	0.0683603	-0.0184825	7.06215	
0.999759	6.5022e-05	-0.0219308	6.49799e-05	0.999982	0.00592705	0.0219308	-0.00592705	0.999742	0.0866295	-0.0234202	7.94478	
0.999702	8.05732e-05	-0.0244135	8.05151e-05	0.999978	0.00659729	0.0244135	-0.00659729	0.99968	0.107087	-0.0289487	8.82735	
0.999638	9.78538e-05	-0.0269049	9.77761e-05	0.999974	0.00726975	0.0269049	-0.00726975	0.999612	0.129739	-0.0350698	9.70987	
0.999568	0.000116881	-0.0294051	0.000116779	0.999968	0.00794442	0.0294051	-0.00794442	0.999536	0.154595	-0.0417855	10.5923	
0.999491	0.000137671	-0.0319138	0.000137542	0.999963	0.00862126	0.0319138	-0.00862126	0.999453	0.181662	-0.0490979	11.4747	
0.999407	0.000160241	-0.0344311	0.000160079	0.999957	0.00930025	0.0344311	-0.00930025	0.999364	0.210948	-0.0570087	12.357	
0.999317	0.000184608	-0.0369568	0.000184407	0.99995	0.00998136	0.0369568	-0.00998136	0.999267	0.24246	-0.0655199	13.2392	
0.99922	0.000210787	-0.0394908	0.000210542	0.999943	0.0106646	0.0394908	-0.0106646	0.999163	0.276205	-0.0746333	14.1214	
0.999116	0.000238794	-0.042033	0.0002385	0.999936	0.0113498	0.042033	-0.0113498	0.999052	0.312191	-0.0843507	15.0034	
0.999006	0.000268647	-0.0445834	0.000268295	0.999928	0.0120371	0.0445834	-0.0120371	0.998933	0.350424	-0.0946741	15.8853	
0.998888	0.000300359	-0.0471417	0.000299944	0.999919	0.0127264	0.0471417	-0.0127264	0.998807	0.390913	-0.105605	16.7672	
0.998764	0.000333947	-0.0497079	0.000333462	0.99991	0.0134177	0.0497079	-0.0134177	0.998674	0.433664	-0.117145	17.6489	
0.998632	0.000369426	-0.0522819	0.000368863	0.9999	0.0141109	0.0522819	-0.0141109	0.998533	0.478684	-0.129297	18.5305	
0.998494	0.000406812	-0.0548637	0.000406161	0.99989	0.0148061	0.0548637	-0.0148061	0.998384	0.525979	-0.142061	19.412	
0.998348	0.000446118	-0.057453	0.000445373	0.99988	0.0155031	0.057453	-0.0155031	0.998228	0.575557	-0.15544	20.2933	
0.998195	0.000487361	-0.0600498	0.000486511	0.999869	0.0162021	0.0600498	-0.016202	0.998064	0.627425	-0.169435	21.1745	
0.998035	0.000530554	-0.062654	0.00052959	0.999857	0.0169028	0.062654	-0.0169028	0.997892	0.681588	-0.184048	22.0555	
0.997868	0.000575712	-0.0652655	0.000574623	0.999845	0.0176053	0.0652655	-0.0176053	0.997713	0.738054	-0.199281	22.9364	
0.997693	0.000622848	-0.0678841	0.000621625	0.999832	0.0183097	0.0678841	-0.0183096	0.997525	0.796828	-0.215134	23.8171	
0.997511	0.000671978	-0.0705099	0.00067061	0.999819	0.0190157	0.0705099	-0.0190157	0.99733	0.857917	-0.23161	24.6977	
0.997321	0.000723114	-0.0731426	0.000721589	0.999805	0.0197235	0.0731426	-0.0197235	0.997126	0.921327	-0.24871	25.5781	
0.997124	0.000776271	-0.0757821	0.000774577	0.999791	0.020433	0.0757822	-0.020433	0.996915	0.987065	-0.266436	26.4583	
0.996919	0.000831461	-0.0784285	0.000829586	0.999776	0.0211442	0.0784285	-0.0211441	0.996695	1.05514	-0.284788	27.3383	
0.996707	0.000888697	-0.0810815	0.000886628	0.999761	0.0218569	0.0810815	-0.0218569	0.996468	1.12555	-0.30377	28.2181	
0.996487	0.000947993	-0.0837411	0.000945717	0.999745	0.0225713	0.0837411	-0.0225712	0.996232	1.1983	-0.323381	29.0977	
0.996259	0.00100936	-0.0864071	0.00100686	0.999728	0.0232873	0.0864071	-0.0232872	0.995988	1.27341	-0.343623	29.9771	
0.996024	0.00107281	-0.0890794	0.00107008	0.999711	0.0240048	0.0890795	-0.0240047	0.995735	1.35087	-0.364499	30.8563	
0.995781	0.00113836	-0.091758	0.00113538	0.999694	0.0247238	0.0917581	-0.0247237	0.995474	1.43069	-0.386008	31.7352	
0.99553	0.00120602	-0.0944428	0.00120278	0.999676	0.0254443	0.0944428	-0.0254442	0.995205	1.51288	-0.408153	32.6139	
0.995271	0.0012758	-0.0971335	0.00127228	0.999657	0.0261663	0.0971336	-0.0261661	0.994927	1.59745	-0.430934	33.4924	
0.995004	0.00134772	-0.0998302	0.00134389	0.999638	0.0268897	0.0998303	-0.0268895	0.994641	1.68439	-0.454354	34.3706	
0.994729	0.00142177	-0.102533	0.00141764	0.999618	0.0276145	0.102533	-0.0276143	0.994346	1.77372	-0.478413	35.2486	
0.994446	0.00149798	-0.105241	0.00149352	0.999597	0.0283407	0.105241	-0.0283405	0.994043	1.86543	-0.503112	36.1263	
0.994155	0.00157636	-0.107955	0.00157155	0.999576	0.0290682	0.107955	-0.0290679	0.993731	1.95954	-0.528453	37.0037	
0.993855	0.00165692	-0.110674	0.00165173	0.999555	0.029797	0.110674	-0.0297968	0.99341	2.05605	-0.554437	37.8809	
0.993548	0.00173966	-0.113399	0.00173409	0.999532	0.0305272	0.113399	-0.0305269	0.99308	2.15496	-0.581064	38.7578	
0.993232	0.0018246	-0.116129	0.00181863	0.99951	0.0312585	0.116129	-0.0312582	0.992742	2.25627	-0.608337	39.6343	
0.992909	0.00191175	-0.118864	0.00190535	0.999486	0.0319912	0.118864	-0.0319908	0.992395	2.36	-0.636256	40.5106	
0.992577	0.00200111	-0.121604	0.00199427	0.999462	0.032725	0.121605	-0.0327245	0.992039	2.46615	-0.664822	41.3866	
0.992236	0.0020927	-0.12435	0.0020854	0.999438	0.0334599	0.12435	-0.0334595	0.991674	2.57472	-0.694037	42.2622	
0.991888	0.00218653	-0.1271	0.00217874	0.999413	0.0341961	0.1271	-0.0341956	0.9913	2.68571	-0.723901	43.1375	
0.99153	0.00228261	-0.129855	0.00227431	0.999387	0.0349333	0.129855	-0.0349327	0.990917	2.79913	-0.754415	44.0125	
0.991165	0.00238094	-0.132614	0.00237211	0.999361	0.0356716	0.132614	-0.035671	0.990526	2.91499	-0.785581	44.8871	
0.990791	0.00248153	-0.135378	0.00247215	0.999334	0.036411	0.135379	-0.0364103	0.990125	3.03329	-0.817398	45.7614	
0.990408	0.0025844	-0.138147	0.00257444	0.999306	0.0371514	0.138147	-0.0371507	0.989715	3.15403	-0.849869	46.6353	
0.990017	0.00268954	-0.14092	0.00267898	0.999278	0.0378927	0.14092	-0.037892	0.989296	3.27721	-0.882994	47.5089	
0.989618	0.00279698	-0.143697	0.00278579	0.99925	0.0386351	0.143697	-0.0386343	0.988867	3.40284	-0.916774	48.3821	
0.98921	0.00290671	-0.146478	0.00289487	0.99922	0.0393784	0.146478	-0.0393775	0.98843	3.53093	-0.951209	49.2549	
0.988793	0.00301874	-0.149263	0.00300623	0.99919	0.0401226	0.149264	-0.0401217	0.987983	3.66148	-0.986302	50.1273	
0.988367	0.00313309	-0.152053	0.00311988	0.99916	0.0408677	0.152053	-0.0408667	0.987527	3.79448	-1.02205	50.9993	
0.987933	0.00324975	-0.154846	0.00323581	0.999129	0.0416136	0.154846	-0.0416125	0.987062	3.92995	-1.05846	51.871	
0.986979	0.00350493	-0.160809	0.00343057	0.999076	0.042831	0.16081	-0.042825	0.986056	4.06929	-1.09573	52.7419	
0.985989	0.00376765	-0.16677	0.00363297	0.999023	0.0440488	0.166773	-0.0440375	0.985011	4.21389	-1.13407	53.612	
0.984961	0.00403792	-0.17273	0.00384302	0.998968	0.045267	0.172734	-0.04525	0.983928	4.36375	-1.17349	54.4811	
0.983896	0.00431572	-0.178687	0.00406073	0.998911	0.0464854	0.178693	-0.0464624	0.982807	4.51888	-1.21397	55.3492	
0.982795	0.00460107	-0.184642	0.00428611	0.998852	0.0477039	0.18465	-0.0476746	0.981647	4.67926	-1.25552	56.2164	
0.981657	0.00489398	-0.190594	0.00451915	0.998792	0.0489224	0.190603	-0.0488864	0.980449	4.8449	-1.29815	57.0825	
0.980482	0.00519443	-0.196542	0.00475985	0.998731	0.0501408	0.196553	-0.0500977	0.979212	5.0158	-1.34184	57.9475	
0.97927	0.00550243	-0.202487	0.00500822	0.998668	0.0513589	0.202499	-0.0513083	0.977937	5.19195	-1.3866	58.8114	
0.978021	0.00581797	-0.208427	0.00526426	0.998603	0.0525767	0.208441	-0.0525183	0.976624	5.37335	-1.43243	59.6742	
0.976735	0.00614105	-0.214362	0.00552795	0.998537	0.053794	0.214379	-0.0537275	0.975272	5.55998	-1.47933	60.5358	
0.975412	0.00647168	-0.220293	0.00579929	0.998469	0.0550107	0.220312	-0.0549357	0.973881	5.75186	-1.5273	61.3962	
0.974053	0.00680983	-0.226218	0.00607828	0.9984	0.0562267	0.226239	-0.0561428	0.972453	5.94898	-1.57633	62.2553	
0.972657	0.0071555	-0.232137	0.0063649	0.998329	0.0574419	0.23216	-0.0573487	0.970985	6.15132	-1.62643	63.1132	
0.971224	0.0075087	-0.238051	0.00665914	0.998256	0.0586561	0.238076	-0.0585534	0.96948	6.35889	-1.67759	63.9697	
0.969754	0.00786939	-0.243957	0.006961	0.998182	0.0598693	0.243985	-0.0597566	0.967936	6.57168	-1.72981	64.8249	
0.968248	0.00823758	-0.249857	0.00727046	0.998106	0.0610813	0.249887	-0.0609584	0.966354	6.78968	-1.7831	65.6788	
0.966705	0.00861325	-0.255749	0.00758749	0.998029	0.062292	0.255782	-0.0621585	0.964734	7.01289	-1.83744	66.5312	
0.965125	0.00899639	-0.261634	0.00791209	0.99795	0.0635013	0.261669	-0.0633568	0.963076	7.24131	-1.89285	67.3822	
0.963509	0.00938699	-0.267511	0.00824424	0.99787	0.0647091	0.267548	-0.0645533	0.96138	7.47491	-1.94931	68.2316	
0.961857	0.00978502	-0.273379	0.00858391	0.997788	0.0659153	0.273419	-0.0657478	0.959645	7.7137	-2.00682	69.0796	
0.960168	0.0101905	-0.279238	0.00893108	0.997705	0.0671198	0.279281	-0.0669402	0.957873	7.95767	-2.06539	69.926	
0.958443	0.0106033	-0.285088	0.00928573	0.99762	0.0683224	0.285134	-0.0681304	0.956063	8.20681	-2.12502	70.7709	
0.951992	0.0121234	-0.305882	0.0102578	0.997391	0.0714559	0.30595	-0.0711632	0.949384	8.46774	-2.18651	71.612	
0.945089	0.0137092	-0.326524	0.011298	0.997152	0.0745667	0.326617	-0.0741613	0.942243	8.74697	-2.25066	72.447	
0.937737	0.0153601	-0.347006	0.012406	0.996903	0.0776533	0.347124	-0.0771233	0.934643	9.04438	-2.31744	73.2755	
0.929939	0.0170753	-0.367317	0.0135812	0.996645	0.0807141	0.367463	-0.0800478	0.926587	9.35983	-2.38682	74.0971	
0.921699	0.0188538	-0.387447	0.0148229	0.996377	0.0837477	0.387622	-0.0829333	0.91808	9.69314	-2.45876	74.9114	
0.913021	0.0206949	-0.407386	0.0161306	0.996099	0.0867525	0.407593	-0.0857783	0.909126	10.0442	-2.53324	75.718	
0.90391	0.0225976	-0.427126	0.0175037	0.995813	0.0897272	0.427365	-0.0885816	0.899729	10.4128	-2.61021	76.5165	
0.894369	0.0245611	-0.446655	0.0189415	0.995517	0.0926703	0.446929	-0.0913418	0.889894	10.7987	-2.68963	77.3065	
0.884404	0.0265842	-0.465965	0.0204433	0.995212	0.0955803	0.466275	-0.0940574	0.879625	11.2018	-2.77147	78.0876	
0.874018	0.0286662	-0.485046	0.0220083	0.994898	0.0984558	0.485394	-0.0967272	0.868928	11.6219	-2.85569	78.8595	
0.863219	0.0308059	-0.50389	0.0236358	0.994576	0.101295	0.504277	-0.09935	0.857808	12.0588	-2.94224	79.6217	
0.852009	0.0330023	-0.522485	0.0253251	0.994245	0.104098	0.522914	-0.101924	0.84627	12.5122	-3.03109	80.374	
0.840396	0.0352544	-0.540825	0.0270752	0.993905	0.106862	0.541296	-0.104449	0.834319	12.982	-3.12219	81.1158	
0.828384	0.037561	-0.558899	0.0288853	0.993558	0.109585	0.559415	-0.106923	0.821963	13.4679	-3.2155	81.847	
0.81598	0.039921	-0.5767	0.0307546	0.993202	0.112268	0.577261	-0.109344	0.809206	13.9696	-3.31097	82.567	
0.80319	0.0423333	-0.594217	0.0326821	0.992838	0.114908	0.594826	-0.111713	0.796054	14.487	-3.40855	83.2756	
0.790019	0.0447968	-0.611443	0.0346669	0.992467	0.117504	0.612101	-0.114027	0.782515	15.0198	-3.5082	83.9725	
0.776475	0.0473101	-0.62837	0.036708	0.992088	0.120054	0.629078	-0.116285	0.768595	15.5677	-3.60986	84.6572	
