1	0	0	0	1	0	0	0	1	0	0	0	
1	-7.56618e-08	-0.000493109	-7.56618e-08	1	-0.000306877	0.000493109	0.000306877	1	0.000186285	0.000115931	0.755556	
1	-3.05355e-07	-0.000990645	-3.05324e-07	1	-0.000616446	0.000990645	0.000616446	0.999999	0.000746815	0.000464742	1.51111	
0.999999	-6.93149e-07	-0.0014926	-6.93022e-07	1	-0.000928697	0.0014926	0.000928697	0.999998	0.00168493	0.00104846	2.26667	
0.999998	-1.24313e-06	-0.00199895	-1.24281e-06	0.999999	-0.00124362	0.00199895	0.00124362	0.999997	0.00300395	0.00186912	3.02222	
0.999997	-1.95939e-06	-0.00250968	-1.95875e-06	0.999999	-0.00156121	0.00250968	0.00156121	0.999996	0.00470721	0.00292872	3.77777	
0.999995	-2.84606e-06	-0.00302479	-2.84492e-06	0.999998	-0.00188144	0.00302479	0.00188144	0.999994	0.00679801	0.00422927	4.53332	
0.999994	-3.90727e-06	-0.00354425	-3.90543e-06	0.999998	-0.00220432	0.00354425	0.00220432	0.999991	0.00927965	0.00577279	5.28887	
0.999992	-5.14716e-06	-0.00406805	-5.14438e-06	0.999997	-0.00252983	0.00406805	0.00252983	0.999989	0.0121554	0.00756124	6.04442	
0.999989	-6.56989e-06	-0.00459618	-6.5659e-06	0.999996	-0.00285796	0.00459618	0.00285796	0.999985	0.0154286	0.00959663	6.79997	
0.999987	-8.17966e-06	-0.00512861	-8.17412e-06	0.999995	-0.0031887	0.00512861	0.0031887	0.999982	0.0191024	0.0118809	7.55551	
0.999984	-9.98063e-06	-0.00566535	-9.97318e-06	0.999994	-0.00352204	0.00566535	0.00352204	0.999978	0.0231801	0.0144161	8.31105	
0.999981	-1.1977e-05	-0.00620636	-1.19673e-05	0.999993	-0.00385797	0.00620636	0.00385797	0.999973	0.0276649	0.0172041	9.06659	
0.999977	-1.4173e-05	-0.00675163	-1.41605e-05	0.999991	-0.00419648	0.00675163	0.00419648	0.999968	0.0325602	0.0202469	9.82212	
0.999973	-1.65729e-05	-0.00730116	-1.65571e-05	0.99999	-0.00453755	0.00730116	0.00453755	0.999963	0.037869	0.0235464	10.5777	
0.999969	-1.91809e-05	-0.00785492	-1.91613e-05	0.999988	-0.00488118	0.00785492	0.00488118	0.999957	0.0435947	0.0271046	11.3332	
0.999965	-2.20011e-05	-0.00841289	-2.19772e-05	0.999986	-0.00522736	0.00841289	0.00522736	0.999951	0.0497403	0.0309234	12.0887	
0.99996	-2.5038e-05	-0.00897507	-2.5009e-05	0.999984	-0.00557607	0.00897507	0.00557607	0.999944	0.0563091	0.0350047	12.8442	
0.999954	-2.82957e-05	-0.00954143	-2.8261e-05	0.999982	-0.00592731	0.00954143	0.00592731	0.999937	0.0633042	0.0393504	13.5997	
0.999949	-3.17786e-05	-0.010112	-3.17374e-05	0.99998	-0.00628105	0.010112	0.00628105	0.999929	0.0707288	0.0439625	14.3552	
0.999943	-3.54908e-05	-0.0106866	-3.54424e-05	0.999978	-0.0066373	0.0106866	0.0066373	0.999921	0.078586	0.0488427	15.1107	
0.999937	-3.94367e-05	-0.0112654	-3.93802e-05	0.999976	-0.00699604	0.0112654	0.00699604	0.999912	0.086879	0.0539931	15.8662	
0.99993	-4.36206e-05	-0.0118484	-4.35552e-05	0.999973	-0.00735725	0.0118484	0.00735725	0.999903	0.0956109	0.0594154	16.6217	
0.999923	-4.80468e-05	-0.0124354	-4.79714e-05	0.99997	-0.00772094	0.0124354	0.00772093	0.999893	0.104785	0.0651117	17.3772	
0.999915	-5.27195e-05	-0.0130265	-5.26332e-05	0.999967	-0.00808707	0.0130265	0.00808707	0.999882	0.114404	0.0710836	18.1327	
0.999907	-5.76432e-05	-0.0136217	-5.75449e-05	0.999964	-0.00845566	0.0136217	0.00845565	0.999871	0.124471	0.077333	18.8881	
0.999899	-6.2822e-05	-0.014221	-6.27106e-05	0.999961	-0.00882667	0.014221	0.00882667	0.99986	0.134989	0.0838619	19.6436	
0.99989	-6.82603e-05	-0.0148242	-6.81346e-05	0.999958	-0.0092001	0.0148242	0.0092001	0.999848	0.145962	0.090672	20.399	
0.999881	-7.39625e-05	-0.0154315	-7.38213e-05	0.999954	-0.00957595	0.0154315	0.00957595	0.999835	0.157392	0.0977652	21.1545	
0.999871	-7.99328e-05	-0.0160428	-7.97747e-05	0.99995	-0.00995419	0.0160428	0.00995419	0.999822	0.169282	0.105143	21.9099	
0.999861	-8.61755e-05	-0.0166581	-8.59993e-05	0.999947	-0.0103348	0.0166581	0.0103348	0.999808	0.181636	0.112808	22.6653	
0.999851	-9.26951e-05	-0.0172773	-9.24992e-05	0.999943	-0.0107178	0.0172773	0.0107178	0.999793	0.194456	0.120761	23.4207	
0.99984	-9.94957e-05	-0.0179005	-9.92787e-05	0.999938	-0.0111032	0.0179005	0.0111032	0.999778	0.207745	0.129005	24.1761	
0.999828	-0.000106582	-0.0185276	-0.000106342	0.999934	-0.0114909	0.0185276	0.0114909	0.999762	0.221507	0.13754	24.9315	
0.999816	-0.000113958	-0.0191586	-0.000113694	0.999929	-0.0118809	0.0191586	0.0118809	0.999746	0.235744	0.14637	25.6868	
0.999804	-0.000121628	-0.0197935	-0.000121337	0.999925	-0.0122733	0.0197935	0.0122733	0.999729	0.250459	0.155494	26.4422	
0.999791	-0.000129596	-0.0204323	-0.000129278	0.99992	-0.012668	0.0204323	0.012668	0.999711	0.265656	0.164917	27.1975	
0.999778	-0.000137867	-0.021075	-0.000137519	0.999915	-0.013065	0.021075	0.013065	0.999693	0.281336	0.174638	27.9529	
0.999764	-0.000146445	-0.0217214	-0.000146066	0.999909	-0.0134642	0.0217214	0.0134642	0.999673	0.297504	0.18466	28.7082	
0.99975	-0.000155334	-0.0223717	-0.000154921	0.999904	-0.0138658	0.0223717	0.0138658	0.999654	0.314161	0.194985	29.4635	
0.999735	-0.000164539	-0.0230258	-0.00016409	0.999898	-0.0142696	0.0230258	0.0142696	0.999633	0.331311	0.205614	30.2188	
0.999719	-0.000174063	-0.0236837	-0.000173577	0.999892	-0.0146756	0.0236837	0.0146756	0.999612	0.348957	0.216549	30.974	
0.999704	-0.000183912	-0.0243453	-0.000183386	0.999886	-0.0150839	0.0243453	0.0150839	0.99959	0.367102	0.227791	31.7293	
0.999687	-0.00019409	-0.0250107	-0.000193522	0.99988	-0.0154945	0.0250107	0.0154945	0.999567	0.385747	0.239343	32.4845	
0.99967	-0.0002046	-0.0256798	-0.000203987	0.999873	-0.0159072	0.0256798	0.0159072	0.999544	0.404897	0.251206	33.2398	
0.999653	-0.000215447	-0.0263526	-0.000214787	0.999867	-0.0163221	0.0263526	0.0163221	0.999519	0.424554	0.263381	33.995	
0.999635	-0.000226635	-0.0270291	-0.000225926	0.99986	-0.0167392	0.0270291	0.0167392	0.999494	0.44472	0.275871	34.7501	
0.999616	-0.000238169	-0.0277092	-0.000237407	0.999853	-0.0171585	0.0277092	0.0171585	0.999469	0.465399	0.288677	35.5053	
0.999597	-0.000250052	-0.028393	-0.000249236	0.999845	-0.01758	0.028393	0.01758	0.999442	0.486593	0.3018	36.2605	
0.999577	-0.00026229	-0.0290804	-0.000261416	0.999838	-0.0180036	0.0290805	0.0180036	0.999415	0.508305	0.315243	37.0156	
0.999557	-0.000274885	-0.0297715	-0.000273951	0.99983	-0.0184293	0.0297715	0.0184293	0.999387	0.530538	0.329007	37.7707	
0.999536	-0.000287843	-0.0304661	-0.000286846	0.999822	-0.0188572	0.0304661	0.0188572	0.999358	0.553295	0.343093	38.5258	
0.999514	-0.000301168	-0.0311643	-0.000300104	0.999814	-0.0192871	0.0311643	0.0192871	0.999328	0.576577	0.357503	39.2808	
0.9994	-0.000369217	-0.0346377	-0.000319226	0.999803	-0.0198679	0.0346382	0.0198671	0.999202	0.601436	0.372294	40.0358	
0.999273	-0.000439354	-0.038114	-0.000340484	0.999791	-0.0204518	0.038115	0.0204499	0.999064	0.628921	0.387525	40.7907	
0.999135	-0.000511594	-0.041593	-0.000363899	0.999779	-0.0210387	0.0415946	0.0210356	0.998913	0.659033	0.403198	41.5455	
0.998983	-0.000585946	-0.0450748	-0.000389492	0.999766	-0.0216286	0.0450769	0.0216242	0.998749	0.691776	0.419314	42.3002	
0.99882	-0.000662424	-0.0485591	-0.000417281	0.999753	-0.0222213	0.0485618	0.0222154	0.998573	0.72715	0.435875	43.0547	
0.998644	-0.000741038	-0.0520459	-0.000447285	0.99974	-0.0228169	0.0520492	0.0228092	0.998384	0.765159	0.452884	43.8091	
0.998456	-0.000821799	-0.0555349	-0.000479521	0.999726	-0.0234151	0.0555389	0.0234056	0.998182	0.805803	0.470343	44.5634	
0.998256	-0.000904719	-0.0590261	-0.000514008	0.999711	-0.0240159	0.0590308	0.0240044	0.997968	0.849085	0.488254	45.3175	
0.998043	-0.000989806	-0.0625194	-0.00055076	0.999697	-0.0246193	0.0625249	0.0246056	0.99774	0.895006	0.506618	46.0714	
0.997818	-0.00107707	-0.0660147	-0.000589792	0.999682	-0.0252252	0.0660208	0.0252091	0.9975	0.943568	0.525437	46.8252	
0.99758	-0.00116652	-0.0695117	-0.00063112	0.999666	-0.0258334	0.0695187	0.0258148	0.997247	0.994772	0.544712	47.5788	
0.99733	-0.00125817	-0.0730105	-0.000674757	0.99965	-0.0264439	0.0730182	0.0264226	0.996981	1.04862	0.564446	48.3321	
0.997068	-0.00135202	-0.0765108	-0.000720715	0.999634	-0.0270567	0.0765194	0.0270325	0.996702	1.10511	0.584641	49.0853	
0.996793	-0.00144809	-0.0800126	-0.000769006	0.999617	-0.0276715	0.0800221	0.0276443	0.99641	1.16425	0.605296	49.8383	
0.996505	-0.00154637	-0.0835158	-0.000819642	0.999599	-0.0282884	0.0835261	0.028258	0.996105	1.22603	0.626415	50.591	
0.996205	-0.00164688	-0.0870201	-0.000872632	0.999582	-0.0289073	0.0870313	0.0288735	0.995787	1.29047	0.647998	51.3435	
0.995893	-0.00174963	-0.0905255	-0.000927985	0.999564	-0.029528	0.0905377	0.0294907	0.995456	1.35755	0.670047	52.0957	
0.995567	-0.00185461	-0.0940319	-0.00098571	0.999545	-0.0301505	0.094045	0.0301096	0.995113	1.42728	0.692562	52.8477	
0.99523	-0.00196185	-0.0975391	-0.00104582	0.999526	-0.0307747	0.0975533	0.03073	0.994756	1.49966	0.715546	53.5995	
0.994879	-0.00207133	-0.101047	-0.00110831	0.999506	-0.0314006	0.101062	0.0313518	0.994386	1.57469	0.738999	54.3509	
0.994517	-0.00218307	-0.104556	-0.00117319	0.999486	-0.032028	0.104572	0.031975	0.994003	1.65238	0.762923	55.1021	
0.994141	-0.00229707	-0.108065	-0.00124047	0.999466	-0.0326568	0.108082	0.0325996	0.993607	1.73271	0.787318	55.853	
0.993753	-0.00241334	-0.111574	-0.00131015	0.999445	-0.0332871	0.111592	0.0332253	0.993198	1.8157	0.812185	56.6035	
0.993353	-0.00253188	-0.115084	-0.00138224	0.999424	-0.0339186	0.115103	0.0338522	0.992777	1.90134	0.837525	57.3538	
0.992939	-0.00265269	-0.118593	-0.00145673	0.999402	-0.0345513	0.118614	0.0344801	0.992342	1.98964	0.86334	58.1037	
0.992514	-0.00277578	-0.122103	-0.00153363	0.99938	-0.0351851	0.122125	0.035109	0.991894	2.08058	0.889629	58.8533	
0.992075	-0.00290115	-0.125612	-0.00161294	0.999357	-0.03582	0.125636	0.0357388	0.991433	2.17418	0.916394	59.6026	
0.991624	-0.00302879	-0.129122	-0.00169466	0.999334	-0.0364559	0.129146	0.0363693	0.990958	2.27043	0.943635	60.3515	
0.991161	-0.00315872	-0.132631	-0.00177879	0.99931	-0.0370926	0.132656	0.0370006	0.990471	2.36934	0.971352	61.1	
0.990684	-0.00329094	-0.136139	-0.00186532	0.999286	-0.0377301	0.136166	0.0376325	0.989971	2.47089	0.999547	61.8482	
0.990195	-0.00342543	-0.139647	-0.00195426	0.999262	-0.0383683	0.139675	0.038265	0.989458	2.5751	1.02822	62.596	
0.989694	-0.00356222	-0.143154	-0.00204559	0.999237	-0.0390071	0.143183	0.0388979	0.988931	2.68195	1.05737	63.3434	
0.98918	-0.00370128	-0.14666	-0.00213932	0.999211	-0.0396464	0.146691	0.0395312	0.988392	2.79146	1.087	64.0904	
0.988654	-0.00384263	-0.150165	-0.00223544	0.999186	-0.0402862	0.150197	0.0401648	0.98784	2.90362	1.11711	64.8369	
0.988114	-0.00398627	-0.153669	-0.00233394	0.999159	-0.0409264	0.153703	0.0407986	0.987274	3.01843	1.14769	65.5831	
0.987563	-0.00413218	-0.157172	-0.00243482	0.999133	-0.0415669	0.157207	0.0414326	0.986696	3.13588	1.17876	66.3288	
0.986998	-0.00428038	-0.160673	-0.00253806	0.999106	-0.0422076	0.16071	0.0420666	0.986105	3.25598	1.2103	67.0741	
0.986422	-0.00443085	-0.164173	-0.00264366	0.999078	-0.0428483	0.164211	0.0427006	0.985501	3.37873	1.24232	67.8189	
0.985832	-0.0045836	-0.167671	-0.00275161	0.99905	-0.0434892	0.167711	0.0433344	0.984883	3.50413	1.27483	68.5633	
0.985231	-0.00473862	-0.171168	-0.0028619	0.999022	-0.04413	0.171209	0.043968	0.984253	3.63216	1.30781	69.3072	
0.984616	-0.0048959	-0.174662	-0.00297452	0.998993	-0.0447706	0.174705	0.0446014	0.98361	3.76284	1.34127	70.0506	
0.983989	-0.00505545	-0.178155	-0.00308945	0.998964	-0.0454111	0.1782	0.0452344	0.982954	3.89616	1.37521	70.7935	
0.98335	-0.00521727	-0.181645	-0.00320668	0.998934	-0.0460512	0.181692	0.0458669	0.982285	4.03212	1.40962	71.536	
0.979751	-0.00609209	-0.20013	-0.00343213	0.998879	-0.0472089	0.200193	0.0469398	0.978631	4.17639	1.44468	72.2768	
0.975803	-0.00698697	-0.218541	-0.00367938	0.998823	-0.048362	0.218622	0.0479959	0.974629	4.33462	1.48055	73.0147	
0.971508	-0.00790161	-0.236875	-0.00394835	0.998766	-0.0495102	0.236973	0.0490348	0.970278	4.50674	1.51721	73.7495	
0.966868	-0.00883567	-0.255123	-0.00423894	0.998707	-0.0506531	0.25524	0.0500563	0.965581	4.69269	1.55464	74.4808	
