1	0	0	0	1	0	0	0	1	0	0	0	
0.999999	1.4797e-06	-0.00114888	1.4797e-06	0.999997	0.0025759	0.00114888	-0.0025759	0.999996	0.000547748	-0.00122811	0.953534	
0.999997	5.93879e-06	-0.00230171	5.93797e-06	0.999987	0.00515994	0.00230171	-0.00515994	0.999984	0.00219288	-0.0049163	1.90706	
0.999994	1.34068e-05	-0.00345843	1.34035e-05	0.99997	0.007752	0.00345843	-0.007752	0.999964	0.00493913	-0.0110723	2.86057	
0.999989	2.39128e-05	-0.00461901	2.39046e-05	0.999946	0.010352	0.00461901	-0.010352	0.999936	0.00879019	-0.0197037	3.81406	
0.999983	3.74858e-05	-0.00578339	3.74692e-05	0.999916	0.0129597	0.00578339	-0.0129597	0.999899	0.0137497	-0.030818	4.76752	
0.999976	5.41541e-05	-0.00695152	5.4125e-05	0.999879	0.0155752	0.00695152	-0.0155752	0.999855	0.0198213	-0.0444225	5.72094	
0.999967	7.39458e-05	-0.00812334	7.38991e-05	0.999834	0.0181982	0.00812334	-0.0181982	0.999801	0.0270085	-0.0605246	6.67431	
0.999957	9.68886e-05	-0.00929882	9.68185e-05	0.999783	0.0208286	0.00929882	-0.0208286	0.99974	0.0353149	-0.0791314	7.62763	
0.999945	0.00012301	-0.0104779	0.000122909	0.999725	0.0234664	0.0104779	-0.0234664	0.99967	0.0447438	-0.10025	8.58088	
0.999932	0.000152337	-0.0116605	0.000152198	0.999659	0.0261114	0.0116605	-0.0261114	0.999591	0.0552987	-0.123887	9.53406	
0.999917	0.000184895	-0.0128466	0.00018471	0.999586	0.0287635	0.0128466	-0.0287635	0.999504	0.0669829	-0.15005	10.4872	
0.999901	0.000220713	-0.0140362	0.000220471	0.999506	0.0314225	0.0140362	-0.0314225	0.999408	0.0797998	-0.178744	11.4402	
0.999884	0.000259814	-0.0152292	0.000259505	0.999419	0.0340884	0.0152292	-0.0340884	0.999303	0.0937526	-0.209978	12.3931	
0.999865	0.000302224	-0.0164255	0.000301838	0.999324	0.036761	0.0164255	-0.036761	0.999189	0.108844	-0.243757	13.3459	
0.999845	0.00034797	-0.0176251	0.000347492	0.999222	0.0394403	0.0176251	-0.0394403	0.999066	0.125079	-0.280087	14.2986	
0.999823	0.000397074	-0.0188279	0.000396493	0.999112	0.042126	0.0188279	-0.042126	0.998935	0.142458	-0.318975	15.2512	
0.999799	0.000449562	-0.0200339	0.000448863	0.998995	0.0448181	0.0200339	-0.0448181	0.998794	0.160986	-0.360427	16.2037	
0.999774	0.000505457	-0.0212431	0.000504624	0.99887	0.0475165	0.0212431	-0.0475165	0.998645	0.180666	-0.404449	17.156	
0.999748	0.000564783	-0.0224553	0.000563801	0.998738	0.050221	0.0224553	-0.050221	0.998486	0.2015	-0.451048	18.1081	
0.99972	0.000627563	-0.0236706	0.000626414	0.998598	0.0529315	0.0236706	-0.0529315	0.998318	0.223491	-0.500227	19.0602	
0.99969	0.000693819	-0.0248888	0.000692485	0.99845	0.055648	0.0248889	-0.055648	0.99814	0.246643	-0.551995	20.012	
0.999659	0.000763573	-0.02611	0.000762036	0.998295	0.0583702	0.0261101	-0.0583702	0.997953	0.270958	-0.606355	20.9637	
0.999626	0.000836849	-0.0273341	0.000835087	0.998131	0.0610981	0.0273341	-0.061098	0.997757	0.296438	-0.663313	21.9152	
0.999592	0.000913666	-0.028561	0.000911659	0.99796	0.0638315	0.028561	-0.0638314	0.997552	0.323087	-0.722876	22.8665	
0.999556	0.000994046	-0.0297906	0.000991771	0.997781	0.0665703	0.0297907	-0.0665703	0.997337	0.350907	-0.785047	23.8176	
0.999518	0.00107801	-0.031023	0.00107544	0.997594	0.0693144	0.0310231	-0.0693144	0.997112	0.379901	-0.849833	24.7685	
0.999479	0.00116558	-0.032258	0.0011627	0.997399	0.0720637	0.0322581	-0.0720637	0.996878	0.410072	-0.917237	25.7191	
0.999438	0.00125677	-0.0334957	0.00125355	0.997196	0.0748181	0.0334958	-0.0748181	0.996634	0.441421	-0.987266	26.6696	
0.999396	0.0013516	-0.0347359	0.00134801	0.996985	0.0775774	0.034736	-0.0775774	0.996381	0.473952	-1.05992	27.6198	
0.999352	0.00145009	-0.0359786	0.00144611	0.996766	0.0803415	0.0359788	-0.0803415	0.996118	0.507667	-1.13521	28.5697	
0.999306	0.00155226	-0.0372238	0.00154786	0.996539	0.0831104	0.037224	-0.0831103	0.995845	0.542567	-1.21314	29.5194	
0.999258	0.00165813	-0.0384713	0.00165328	0.996304	0.0858838	0.0384715	-0.0858837	0.995562	0.578656	-1.29371	30.4689	
0.999209	0.00176772	-0.0397213	0.00176239	0.99606	0.0886616	0.0397215	-0.0886615	0.995269	0.615936	-1.37693	31.418	
0.999158	0.00188104	-0.0409735	0.00187519	0.995808	0.0914438	0.0409737	-0.0914437	0.994967	0.654409	-1.4628	32.3669	
0.999106	0.00199811	-0.0422279	0.00199171	0.995548	0.0942302	0.0422282	-0.0942301	0.994654	0.694077	-1.55132	33.3155	
0.999052	0.00211894	-0.0434846	0.00211197	0.99528	0.0970207	0.0434849	-0.0970205	0.994332	0.734943	-1.6425	34.2638	
0.998996	0.00224355	-0.0447433	0.00223597	0.995003	0.0998151	0.0447437	-0.099815	0.993999	0.777007	-1.73635	35.2118	
0.998938	0.00237196	-0.0460042	0.00236373	0.994718	0.102613	0.0460046	-0.102613	0.993657	0.820273	-1.83286	36.1594	
0.998879	0.00250418	-0.0472671	0.00249526	0.994425	0.105415	0.0472675	-0.105415	0.993304	0.864742	-1.93204	37.1067	
0.998818	0.00264022	-0.0485319	0.00263058	0.994123	0.108221	0.0485324	-0.108221	0.992942	0.910417	-2.0339	38.0537	
0.998755	0.00278011	-0.0497987	0.0027697	0.993813	0.11103	0.0497993	-0.11103	0.992569	0.957298	-2.13843	39.0004	
0.998691	0.00292384	-0.0510673	0.00291264	0.993495	0.113843	0.051068	-0.113842	0.992185	1.00539	-2.24564	39.9466	
0.998625	0.00307144	-0.0523378	0.0030594	0.993167	0.116659	0.0523385	-0.116658	0.991792	1.05469	-2.35554	40.8925	
0.998557	0.00322292	-0.05361	0.00320999	0.992832	0.119477	0.0536107	-0.119477	0.991388	1.1052	-2.46812	41.838	
0.998487	0.00337829	-0.0548839	0.00336443	0.992488	0.122299	0.0548847	-0.122299	0.990975	1.15693	-2.58339	42.7832	
0.998416	0.00353757	-0.0561594	0.00352273	0.992135	0.125124	0.0561604	-0.125124	0.99055	1.20987	-2.70135	43.7279	
0.998342	0.00370075	-0.0574366	0.0036849	0.991774	0.127952	0.0574376	-0.127951	0.990116	1.26403	-2.82201	44.6722	
0.998267	0.00386786	-0.0587153	0.00385095	0.991404	0.130782	0.0587164	-0.130781	0.989671	1.31941	-2.94537	45.6161	
0.99819	0.00403891	-0.0599955	0.00402088	0.991025	0.133614	0.0599967	-0.133614	0.989216	1.37601	-3.07142	46.5596	
0.998112	0.00421389	-0.0612771	0.00419471	0.990638	0.136449	0.0612784	-0.136449	0.98875	1.43383	-3.20018	47.5026	
0.998032	0.00439283	-0.0625601	0.00437244	0.990242	0.139287	0.0625615	-0.139286	0.988274	1.49287	-3.33164	48.4452	
0.997949	0.00457574	-0.0638445	0.00455408	0.989838	0.142126	0.063846	-0.142126	0.987787	1.55314	-3.46581	49.3873	
0.997865	0.00476261	-0.0651301	0.00473964	0.989425	0.144968	0.0651317	-0.144967	0.98729	1.61463	-3.60268	50.329	
0.99778	0.00495346	-0.0664169	0.00492913	0.989003	0.147811	0.0664187	-0.147811	0.986783	1.67735	-3.74227	51.2701	
0.997692	0.0051483	-0.0677049	0.00512254	0.988573	0.150657	0.0677068	-0.150656	0.986265	1.7413	-3.88457	52.2108	
0.997603	0.00534713	-0.068994	0.0053199	0.988134	0.153504	0.0689961	-0.153503	0.985737	1.80647	-4.02958	53.151	
0.997512	0.00554996	-0.0702841	0.0055212	0.987686	0.156352	0.0702864	-0.156351	0.985198	1.87288	-4.17731	54.0907	
0.997419	0.00575679	-0.0715753	0.00572644	0.987229	0.159202	0.0715777	-0.159201	0.984648	1.94052	-4.32776	55.0299	
0.997324	0.00596763	-0.0728674	0.00593564	0.986764	0.162053	0.07287	-0.162052	0.984088	2.00938	-4.48092	55.9685	
0.997227	0.00618249	-0.0741604	0.0061488	0.98629	0.164906	0.0741632	-0.164904	0.983517	2.07948	-4.6368	56.9066	
0.997129	0.00640137	-0.0754543	0.00636591	0.985807	0.167759	0.0754573	-0.167758	0.982936	2.15082	-4.79541	57.8441	
0.997028	0.00662427	-0.0767489	0.00658699	0.985316	0.170614	0.0767521	-0.170612	0.982344	2.22339	-4.95673	58.7811	
0.996711	0.00732306	-0.0807116	0.00699035	0.984429	0.175642	0.0807411	-0.175629	0.98114	2.29847	-5.12181	59.7172	
0.996377	0.00804214	-0.0846697	0.00741445	0.983516	0.180669	0.084727	-0.180642	0.979893	2.37736	-5.29167	60.6522	
0.996027	0.00878151	-0.088623	0.00785926	0.982577	0.185692	0.0887095	-0.18565	0.978603	2.46005	-5.4663	61.5859	
0.99566	0.00954115	-0.0925713	0.00832478	0.981611	0.190711	0.0926886	-0.190654	0.977272	2.54654	-5.64571	62.5184	
0.995278	0.010321	-0.0965144	0.00881098	0.980619	0.195726	0.096664	-0.195652	0.975898	2.63682	-5.82989	63.4497	
0.99488	0.0111212	-0.100452	0.00931784	0.979601	0.200737	0.100635	-0.200645	0.974482	2.73088	-6.01883	64.3795	
0.994465	0.0119415	-0.104384	0.00984533	0.978557	0.205742	0.104603	-0.205631	0.973023	2.82873	-6.21253	65.308	
0.994035	0.012782	-0.108311	0.0103934	0.977487	0.210742	0.108566	-0.21061	0.971523	2.93037	-6.41098	66.2351	
0.993588	0.0136427	-0.112232	0.0109621	0.97639	0.215735	0.112525	-0.215582	0.969981	3.03578	-6.61418	67.1608	
0.993126	0.0145235	-0.116147	0.0115513	0.975268	0.220722	0.11648	-0.220547	0.968396	3.14496	-6.82211	68.085	
0.992647	0.0154244	-0.120055	0.0121609	0.97412	0.225702	0.12043	-0.225503	0.966771	3.25791	-7.03478	69.0076	
0.992153	0.0163454	-0.123957	0.012791	0.972947	0.230674	0.124374	-0.23045	0.965103	3.37463	-7.25216	69.9286	
0.991642	0.0172864	-0.127853	0.0134414	0.971748	0.235639	0.128314	-0.235388	0.963394	3.4951	-7.47426	70.8481	
0.989111	0.0217577	-0.145557	0.0155172	0.968082	0.250153	0.146353	-0.249688	0.957202	3.62606	-7.70554	71.7638	
0.986247	0.0264913	-0.163141	0.0178651	0.964201	0.264571	0.164309	-0.263846	0.950467	3.77418	-7.95038	72.6734	
0.983053	0.0314845	-0.180596	0.0204836	0.960107	0.278882	0.182172	-0.277855	0.943191	3.93938	-8.20866	73.5762	
0.979531	0.0367345	-0.197912	0.0233713	0.955803	0.293079	0.199931	-0.291705	0.93538	4.12156	-8.48022	74.4719	
0.975683	0.0422384	-0.215079	0.0265266	0.95129	0.307154	0.217576	-0.30539	0.927037	4.32063	-8.76491	75.3599	
0.97151	0.0479929	-0.232088	0.0299476	0.946572	0.321099	0.235098	-0.318902	0.918167	4.53646	-9.06257	76.2397	
0.967016	0.0539948	-0.248928	0.0336325	0.941651	0.334906	0.252486	-0.332232	0.908775	4.76893	-9.37302	77.1108	
0.962202	0.0602408	-0.26559	0.0375792	0.93653	0.348567	0.269731	-0.345373	0.898867	5.01792	-9.6961	77.9726	
0.957072	0.0667272	-0.282065	0.0417853	0.931212	0.362075	0.286823	-0.358318	0.888449	5.28328	-10.0316	78.8248	
0.951628	0.0734503	-0.298343	0.0462485	0.9257	0.375421	0.303751	-0.371059	0.877525	5.56486	-10.3794	79.6668	
0.945874	0.0804064	-0.314415	0.0509663	0.919997	0.388598	0.320507	-0.38359	0.866103	5.8625	-10.7392	80.4981	
0.939813	0.0875916	-0.330273	0.055936	0.914106	0.401599	0.337081	-0.395902	0.854188	6.17603	-11.1108	81.3184	
0.933447	0.0950016	-0.345906	0.0611547	0.90803	0.414417	0.353463	-0.40799	0.841789	6.50528	-11.4941	82.127	
0.926782	0.102632	-0.361306	0.0666196	0.901774	0.427043	0.369644	-0.419846	0.828911	6.85005	-11.8888	82.9236	
0.91982	0.110479	-0.376464	0.0723274	0.89534	0.439471	0.385616	-0.431463	0.815561	7.21015	-12.2947	83.7076	
0.912566	0.118538	-0.391372	0.078275	0.888733	0.451694	0.401368	-0.442835	0.801749	7.58537	-12.7116	84.4787	
0.905024	0.126805	-0.406021	0.084459	0.881955	0.463704	0.416892	-0.453955	0.787481	7.97551	-13.1392	85.2365	
0.897197	0.135274	-0.420402	0.0908758	0.875012	0.475496	0.432179	-0.464818	0.772765	8.38034	-13.5772	85.9804	
0.889091	0.14394	-0.434509	0.0975218	0.867906	0.487061	0.447221	-0.475416	0.75761	8.79963	-14.0255	86.7101	
0.88071	0.1528	-0.448332	0.104393	0.860642	0.498395	0.462008	-0.485744	0.742025	9.23314	-14.4838	87.4251	
0.872059	0.161848	-0.461864	0.111486	0.853224	0.509489	0.476533	-0.495796	0.726018	9.68063	-14.9518	88.125	
0.863143	0.171078	-0.475097	0.118797	0.845656	0.520339	0.490787	-0.505567	0.709598	10.1418	-15.4292	88.8095	
0.853966	0.180486	-0.488024	0.12632	0.837943	0.530937	0.504763	-0.51505	0.692776	10.6165	-15.9158	89.4781	
0.844534	0.190065	-0.500637	0.134053	0.830089	0.541279	0.518451	-0.52424	0.675559	11.1044	-16.4114	90.1305	
