1	0	0	0	1	0	0	0	1	0	0	0	
0.999989	4.60832e-06	-0.00463088	4.60832e-06	0.999998	0.00199024	0.00463088	-0.00199024	0.999987	0.00210144	-0.000903151	0.907572	
0.999957	1.84378e-05	-0.00926184	1.84456e-05	0.999992	0.0039822	0.00926184	-0.0039822	0.999949	0.0084058	-0.00361338	1.81512	
0.999903	4.14971e-05	-0.0138928	4.15283e-05	0.999982	0.00597582	0.0138928	-0.00597582	0.999886	0.0189131	-0.00813222	2.72262	
0.999828	7.37944e-05	-0.0185235	7.38722e-05	0.999968	0.00797104	0.0185235	-0.00797105	0.999797	0.0336232	-0.0144612	3.63006	
0.999732	0.000115338	-0.0231539	0.000115493	0.99995	0.00996782	0.0231539	-0.00996782	0.999682	0.052536	-0.0226016	4.5374	
0.999614	0.000166134	-0.0277839	0.000166407	0.999928	0.0119661	0.0277839	-0.0119661	0.999542	0.075651	-0.032555	5.44462	
0.999475	0.000226192	-0.0324134	0.000226627	0.999902	0.0139658	0.0324134	-0.0139658	0.999377	0.102968	-0.0443226	6.35171	
0.999314	0.000295517	-0.0370421	0.00029617	0.999872	0.0159669	0.0370421	-0.0159669	0.999186	0.134486	-0.0579057	7.25864	
0.999131	0.000374116	-0.04167	0.00037505	0.999838	0.0179693	0.04167	-0.0179693	0.99897	0.170205	-0.0733055	8.16538	
0.998928	0.000461996	-0.046297	0.00046328	0.9998	0.0199729	0.046297	-0.019973	0.998728	0.210123	-0.0905233	9.07191	
0.998702	0.000559162	-0.0509228	0.000560875	0.999758	0.0219778	0.0509228	-0.0219779	0.998461	0.25424	-0.10956	9.97821	
0.998456	0.00066562	-0.0555475	0.000667847	0.999712	0.0239839	0.0555475	-0.0239839	0.998168	0.302555	-0.130417	10.8843	
0.998188	0.000781376	-0.0601708	0.00078421	0.999662	0.025991	0.0601708	-0.0259911	0.99785	0.355067	-0.153095	11.79	
0.997898	0.000906435	-0.0647927	0.000909977	0.999608	0.0279992	0.0647926	-0.0279993	0.997506	0.411774	-0.177595	12.6955	
0.997587	0.0010408	-0.0694129	0.00104516	0.999549	0.0300084	0.0694129	-0.0300085	0.997137	0.472675	-0.203919	13.6006	
0.997255	0.00118448	-0.0740315	0.00118977	0.999487	0.0320185	0.0740314	-0.0320187	0.996742	0.537768	-0.232066	14.5054	
0.996902	0.00133747	-0.0786481	0.00134382	0.99942	0.0340294	0.078648	-0.0340297	0.996321	0.607053	-0.262038	15.4099	
0.996526	0.00149978	-0.0832628	0.00150733	0.999349	0.0360412	0.0832627	-0.0360415	0.995876	0.680526	-0.293836	16.3139	
0.99613	0.00167142	-0.0878754	0.00168029	0.999274	0.0380538	0.0878752	-0.0380542	0.995404	0.758186	-0.327459	17.2175	
0.995712	0.00185237	-0.0924857	0.00186273	0.999195	0.040067	0.0924855	-0.0400675	0.994908	0.840032	-0.36291	18.1207	
0.995273	0.00204266	-0.0970937	0.00205465	0.999112	0.0420809	0.0970934	-0.0420815	0.994385	0.926061	-0.400188	19.0234	
0.994813	0.00224228	-0.101699	0.00225607	0.999025	0.0440954	0.101699	-0.0440961	0.993837	1.01627	-0.439295	19.9257	
0.994331	0.00245123	-0.106302	0.00246699	0.998933	0.0461104	0.106302	-0.0461113	0.993264	1.11066	-0.48023	20.8274	
0.993828	0.00266952	-0.110902	0.00268743	0.998838	0.0481259	0.110902	-0.0481269	0.992665	1.20922	-0.522994	21.7286	
0.993303	0.00289715	-0.115499	0.00291739	0.998738	0.0501418	0.115499	-0.050143	0.992041	1.31196	-0.567588	22.6292	
0.992758	0.00313411	-0.120093	0.00315688	0.998634	0.052158	0.120093	-0.0521594	0.991391	1.41887	-0.614012	23.5293	
0.992191	0.00338041	-0.124684	0.00340591	0.998526	0.0541746	0.124684	-0.0541762	0.990716	1.52995	-0.662266	24.4287	
0.991602	0.00363605	-0.129272	0.00366449	0.998413	0.0561914	0.129271	-0.0561932	0.990016	1.64519	-0.71235	25.3276	
0.990993	0.00390102	-0.133857	0.00393262	0.998297	0.0582084	0.133856	-0.0582105	0.98929	1.76459	-0.764265	26.2258	
0.990362	0.00417534	-0.138438	0.00421032	0.998176	0.0602255	0.138437	-0.0602279	0.988538	1.88816	-0.818011	27.1233	
0.989711	0.004459	-0.143015	0.00449759	0.998051	0.0622426	0.143014	-0.0622454	0.987761	2.01588	-0.873588	28.0201	
0.989037	0.00475199	-0.147588	0.00479444	0.997922	0.0642598	0.147587	-0.064263	0.986959	2.14775	-0.930996	28.9162	
0.988343	0.00505432	-0.152158	0.00510088	0.997788	0.066277	0.152156	-0.0662805	0.986132	2.28377	-0.990235	29.8116	
0.987628	0.00536599	-0.156723	0.0054169	0.997651	0.068294	0.156722	-0.068298	0.985278	2.42393	-1.05131	30.7062	
0.986892	0.00568699	-0.161285	0.00574252	0.997509	0.0703109	0.161283	-0.0703154	0.9844	2.56824	-1.11421	31.6	
0.986134	0.00601733	-0.165842	0.00607775	0.997362	0.0723275	0.16584	-0.0723325	0.983496	2.71668	-1.17894	32.493	
0.985355	0.00635699	-0.170395	0.00642258	0.997212	0.0743438	0.170392	-0.0743495	0.982567	2.86926	-1.2455	33.3852	
0.984556	0.00670598	-0.174943	0.00677703	0.997057	0.0763599	0.17494	-0.0763661	0.981613	3.02597	-1.31389	34.2765	
0.983735	0.0070643	-0.179486	0.00714109	0.996898	0.0783755	0.179483	-0.0783824	0.980633	3.1868	-1.38412	35.167	
0.982893	0.00743194	-0.184025	0.00751478	0.996735	0.0803907	0.184022	-0.0803984	0.979629	3.35176	-1.45617	36.0565	
0.982031	0.0078089	-0.188559	0.00789809	0.996568	0.0824053	0.188555	-0.0824138	0.978598	3.52083	-1.53005	36.9451	
0.981147	0.00819517	-0.193088	0.00829103	0.996396	0.0844194	0.193084	-0.0844287	0.977543	3.69401	-1.60576	37.8328	
0.980243	0.00859075	-0.197612	0.00869361	0.99622	0.0864328	0.197607	-0.0864431	0.976463	3.8713	-1.6833	38.7195	
0.979317	0.00899564	-0.20213	0.00910582	0.996039	0.0884456	0.202125	-0.0884569	0.975357	4.0527	-1.76267	39.6052	
0.978371	0.00940983	-0.206643	0.00952767	0.995855	0.0904576	0.206638	-0.0904699	0.974226	4.23819	-1.84387	40.4899	
0.977404	0.00983332	-0.21115	0.00995916	0.995666	0.0924688	0.211145	-0.0924822	0.97307	4.42777	-1.92689	41.3736	
0.976416	0.0102661	-0.215652	0.0104003	0.995473	0.0944791	0.215646	-0.0944938	0.971889	4.62145	-2.01174	42.2562	
0.975408	0.0107082	-0.220148	0.0108511	0.995275	0.0964885	0.220141	-0.0965045	0.970683	4.8192	-2.09841	43.1377	
0.974378	0.0111595	-0.224639	0.0113115	0.995073	0.0984969	0.224631	-0.0985143	0.969451	5.02104	-2.18691	44.0181	
0.973328	0.0116201	-0.229123	0.0117816	0.994867	0.100504	0.229115	-0.100523	0.968195	5.22694	-2.27723	44.8974	
0.972257	0.01209	-0.233601	0.0122613	0.994656	0.102511	0.233592	-0.102531	0.966914	5.43691	-2.36937	45.7755	
0.971166	0.0125692	-0.238073	0.0127507	0.994441	0.104516	0.238063	-0.104538	0.965608	5.65094	-2.46334	46.6525	
0.970054	0.0130576	-0.242538	0.0132497	0.994222	0.10652	0.242528	-0.106543	0.964276	5.86903	-2.55912	47.5282	
0.968921	0.0135552	-0.246997	0.0137584	0.993999	0.108522	0.246986	-0.108548	0.96292	6.09117	-2.65673	48.4028	
0.967768	0.0140621	-0.251449	0.0142767	0.993771	0.110523	0.251437	-0.110551	0.961539	6.31734	-2.75615	49.2761	
0.966595	0.0145782	-0.255895	0.0148046	0.993539	0.112523	0.255882	-0.112553	0.960134	6.54756	-2.8574	50.1481	
0.965401	0.0151036	-0.260333	0.0153423	0.993302	0.114522	0.260319	-0.114553	0.958703	6.78181	-2.96045	51.0189	
0.964186	0.0156381	-0.264765	0.0158895	0.993061	0.116519	0.26475	-0.116553	0.957248	7.02008	-3.06533	51.8883	
0.962951	0.0161819	-0.26919	0.0164464	0.992816	0.118514	0.269173	-0.11855	0.955767	7.26236	-3.17201	52.7564	
0.961696	0.0167348	-0.273607	0.0170129	0.992567	0.120508	0.27359	-0.120547	0.954263	7.50866	-3.28051	53.6231	
0.959984	0.0174964	-0.279508	0.0184052	0.991947	0.125306	0.27945	-0.125437	0.951931	7.75963	-3.39214	54.4882	
0.958234	0.0182888	-0.285399	0.0198267	0.991304	0.130092	0.285297	-0.130318	0.949538	8.01591	-3.5082	55.351	
0.956447	0.0191119	-0.291279	0.0212772	0.990635	0.134865	0.291129	-0.135189	0.947084	8.27748	-3.62868	56.2117	
0.954623	0.0199657	-0.297147	0.0227569	0.989943	0.139625	0.296946	-0.140051	0.944568	8.54434	-3.75358	57.0701	
0.952762	0.0208501	-0.303002	0.0242655	0.989226	0.144371	0.302748	-0.144903	0.941991	8.81648	-3.88289	57.9262	
0.950863	0.0217651	-0.308845	0.025803	0.988485	0.149103	0.308534	-0.149745	0.939353	9.09387	-4.0166	58.7799	
0.948928	0.0227106	-0.314673	0.0273694	0.98772	0.153821	0.314302	-0.154577	0.936654	9.37651	-4.1547	59.6313	
0.946957	0.0236864	-0.320487	0.0289645	0.98693	0.158524	0.320053	-0.159398	0.933894	9.66438	-4.29718	60.4801	
0.944948	0.0246927	-0.326286	0.0305883	0.986116	0.163213	0.325786	-0.164209	0.931074	9.95745	-4.44403	61.3264	
0.942904	0.0257292	-0.332069	0.0322408	0.985279	0.167888	0.331501	-0.169008	0.928194	10.2557	-4.59524	62.1701	
0.940823	0.0267958	-0.337837	0.0339218	0.984417	0.172547	0.337196	-0.173796	0.925253	10.5592	-4.7508	63.0112	
0.938707	0.0278926	-0.343587	0.0356312	0.983531	0.177191	0.342871	-0.178573	0.922253	10.8678	-4.9107	63.8496	
0.936554	0.0290193	-0.34932	0.037369	0.982622	0.181819	0.348525	-0.183337	0.919194	11.1815	-5.07493	64.6852	
0.934366	0.0301758	-0.355034	0.0391351	0.981688	0.186432	0.354159	-0.18809	0.916075	11.5004	-5.24348	65.518	
0.932143	0.0313622	-0.360731	0.0409294	0.980731	0.191029	0.359771	-0.19283	0.912897	11.8244	-5.41634	66.348	
0.929884	0.0325782	-0.366408	0.0427518	0.97975	0.195609	0.36536	-0.197558	0.909661	12.1534	-5.5935	67.1751	
0.92759	0.0338237	-0.372065	0.0446023	0.978745	0.200173	0.370927	-0.202274	0.906366	12.4875	-5.77494	67.9992	
0.925262	0.0350986	-0.377701	0.0464806	0.977716	0.204721	0.37647	-0.206976	0.903012	12.8267	-5.96065	68.8202	
0.922899	0.0364028	-0.383317	0.0483869	0.976664	0.209251	0.381989	-0.211665	0.899601	13.1709	-6.15062	69.6382	
0.918675	0.03882	-0.393103	0.0560721	0.972267	0.227054	0.391015	-0.23063	0.89102	13.5217	-6.35134	70.4508	
0.914352	0.0414439	-0.402793	0.0639349	0.967493	0.244681	0.39984	-0.249477	0.88198	13.8806	-6.56922	71.2554	
0.909935	0.044273	-0.412381	0.0719711	0.962347	0.262124	0.408459	-0.268195	0.872487	14.2474	-6.80414	72.0516	
0.905424	0.047306	-0.421863	0.0801765	0.956829	0.279374	0.416867	-0.286775	0.862544	14.6219	-7.05599	72.839	
0.900823	0.0505413	-0.431234	0.0885471	0.950944	0.296422	0.425061	-0.305208	0.852157	15.004	-7.32464	73.6171	
0.896134	0.0539772	-0.44049	0.0970784	0.944693	0.313258	0.433036	-0.323483	0.841331	15.3934	-7.60994	74.3857	
0.891358	0.0576119	-0.449624	0.105766	0.938081	0.329876	0.440788	-0.341592	0.830072	15.79	-7.91176	75.1442	
0.886499	0.0614436	-0.458633	0.114606	0.93111	0.346265	0.448314	-0.359525	0.818386	16.1934	-8.22993	75.8922	
0.881559	0.0654704	-0.467512	0.123592	0.923785	0.362417	0.455608	-0.377273	0.806279	16.6037	-8.5643	76.6295	
0.87654	0.06969	-0.476257	0.132722	0.916109	0.378325	0.462668	-0.394827	0.793757	17.0204	-8.91468	77.3556	
0.871446	0.0741004	-0.484862	0.14199	0.908085	0.39398	0.46949	-0.412177	0.780826	17.4434	-9.2809	78.0702	
0.866278	0.0786993	-0.493324	0.15139	0.899719	0.409373	0.47607	-0.429316	0.767493	17.8725	-9.66278	78.7728	
0.86104	0.0834843	-0.501638	0.16092	0.891014	0.424498	0.482405	-0.446233	0.753765	18.3075	-10.0601	79.4632	
0.855734	0.088453	-0.509799	0.170572	0.881975	0.439345	0.488492	-0.462921	0.739649	18.7481	-10.4727	80.1409	
0.850363	0.0936028	-0.517805	0.180344	0.872607	0.453909	0.494327	-0.47937	0.725152	19.1941	-10.9003	80.8056	
0.844929	0.098931	-0.52565	0.190229	0.862914	0.46818	0.499908	-0.495572	0.710282	19.6453	-11.3427	81.4571	
0.839436	0.104435	-0.53333	0.200222	0.852902	0.482152	0.505231	-0.51152	0.695046	20.1014	-11.7998	82.0948	
0.833886	0.110112	-0.540842	0.210318	0.842574	0.495817	0.510295	-0.527204	0.679452	20.5623	-12.2712	82.7186	
0.828282	0.115958	-0.548181	0.220513	0.831938	0.509169	0.515095	-0.542616	0.663509	21.0276	-12.7566	83.328	
0.822627	0.121972	-0.555345	0.2308	0.820998	0.5222	0.519631	-0.55775	0.647224	21.4972	-13.256	83.9228	
