1	0	0	0	1	0	0	0	1	0	0	0	
0.999999	-1.00669e-06	-0.0010374	-1.00669e-06	0.999998	-0.00194079	0.0010374	0.00194079	0.999998	0.000406578	0.000760632	0.783838	
0.999998	-4.04045e-06	-0.00207836	-4.04016e-06	0.999992	-0.00388795	0.00207836	0.00388795	0.99999	0.00162771	0.00304503	1.56767	
0.999995	-9.12162e-06	-0.00312285	-9.12046e-06	0.999983	-0.00584143	0.00312285	0.00584143	0.999978	0.00366616	0.00685816	2.3515	
0.999991	-1.62704e-05	-0.00417082	-1.62675e-05	0.99997	-0.00780116	0.00417082	0.00780116	0.999961	0.00652469	0.012205	3.13531	
0.999986	-2.55068e-05	-0.00522226	-2.5501e-05	0.999952	-0.00976709	0.00522226	0.00976709	0.999939	0.010206	0.0190903	3.91911	
0.99998	-3.68508e-05	-0.00627713	-3.68406e-05	0.999931	-0.0117391	0.00627713	0.0117391	0.999911	0.0147129	0.027519	4.70289	
0.999973	-5.0322e-05	-0.00733539	-5.03056e-05	0.999906	-0.0137173	0.00733539	0.0137173	0.999879	0.0200479	0.0374959	5.48665	
0.999965	-6.594e-05	-0.00839702	-6.59154e-05	0.999877	-0.0157014	0.00839702	0.0157014	0.999841	0.0262137	0.0490256	6.27038	
0.999955	-8.37243e-05	-0.00946198	-8.36889e-05	0.999843	-0.0176915	0.00946198	0.0176915	0.999799	0.033213	0.0621129	7.05408	
0.999945	-0.000103694	-0.0105302	-0.000103645	0.999806	-0.0196874	0.0105302	0.0196874	0.999751	0.0410483	0.0767624	7.83774	
0.999933	-0.000125868	-0.0116018	-0.000125803	0.999765	-0.0216892	0.0116018	0.0216892	0.999697	0.0497223	0.0929787	8.62136	
0.99992	-0.000150266	-0.0126765	-0.000150181	0.999719	-0.0236967	0.0126765	0.0236967	0.999639	0.0592374	0.110766	9.40494	
0.999905	-0.000176905	-0.0137545	-0.000176797	0.999669	-0.0257099	0.0137545	0.0257099	0.999575	0.0695963	0.13013	10.1885	
0.99989	-0.000205806	-0.0148356	-0.00020567	0.999615	-0.0277288	0.0148356	0.0277288	0.999505	0.0808013	0.151073	10.9719	
0.999873	-0.000236985	-0.0159199	-0.000236817	0.999557	-0.0297532	0.0159199	0.0297532	0.99943	0.092855	0.173602	11.7554	
0.999855	-0.000270462	-0.0170072	-0.000270257	0.999495	-0.0317831	0.0170072	0.0317831	0.99935	0.10576	0.197719	12.5387	
0.999836	-0.000306254	-0.0180977	-0.000306007	0.999428	-0.0338185	0.0180977	0.0338185	0.999264	0.119518	0.22343	13.322	
0.999816	-0.000344379	-0.0191911	-0.000344086	0.999357	-0.0358592	0.0191912	0.0358592	0.999173	0.134132	0.250738	14.1053	
0.999794	-0.000384854	-0.0202876	-0.000384509	0.999281	-0.0379052	0.0202876	0.0379052	0.999075	0.149605	0.279647	14.8884	
0.999771	-0.000427698	-0.0213871	-0.000427294	0.999201	-0.0399565	0.0213871	0.0399565	0.998973	0.165938	0.310163	15.6715	
0.999747	-0.000472928	-0.0224894	-0.000472458	0.999117	-0.042013	0.0224894	0.042013	0.998864	0.183134	0.342288	16.4545	
0.999721	-0.00052056	-0.0235947	-0.000520018	0.999028	-0.0440746	0.0235947	0.0440746	0.99875	0.201195	0.376028	17.2374	
0.999695	-0.000570612	-0.0247029	-0.000569991	0.998935	-0.0461413	0.0247029	0.0461412	0.998629	0.220124	0.411385	18.0202	
0.999667	-0.0006231	-0.0258138	-0.000622392	0.998837	-0.0482129	0.0258139	0.0482129	0.998503	0.239922	0.448364	18.8029	
0.999637	-0.000678041	-0.0269276	-0.000677239	0.998734	-0.0502895	0.0269276	0.0502895	0.998372	0.260593	0.486969	19.5855	
0.999606	-0.000735451	-0.0280442	-0.000734546	0.998627	-0.0523709	0.0280442	0.0523709	0.998234	0.282137	0.527204	20.368	
0.999574	-0.000795346	-0.0291634	-0.00079433	0.998516	-0.0544571	0.0291635	0.0544571	0.99809	0.304558	0.569072	21.1504	
0.999541	-0.000857743	-0.0302854	-0.000856607	0.9984	-0.0565481	0.0302855	0.0565481	0.99794	0.327857	0.612577	21.9327	
0.999506	-0.000922657	-0.0314101	-0.000921391	0.998279	-0.0586437	0.0314101	0.0586437	0.997785	0.352037	0.657723	22.7149	
0.99947	-0.000990103	-0.0325374	-0.000988698	0.998153	-0.060744	0.0325374	0.060744	0.997623	0.377099	0.704513	23.4969	
0.999433	-0.0010601	-0.0336672	-0.00105854	0.998023	-0.0628488	0.0336673	0.0628487	0.997455	0.403046	0.752951	24.2788	
0.999394	-0.00113265	-0.0347997	-0.00113094	0.997887	-0.064958	0.0347997	0.064958	0.997281	0.42988	0.803041	25.0606	
0.999353	-0.00120779	-0.0359346	-0.00120591	0.997747	-0.0670717	0.0359347	0.0670716	0.997101	0.457602	0.854786	25.8422	
0.999312	-0.00128552	-0.0370721	-0.00128345	0.997603	-0.0691897	0.0370722	0.0691896	0.996914	0.486215	0.90819	26.6237	
0.999269	-0.00136586	-0.038212	-0.00136359	0.997453	-0.071312	0.0382121	0.0713119	0.996722	0.51572	0.963255	27.4051	
0.999224	-0.00144881	-0.0393544	-0.00144635	0.997299	-0.0734385	0.0393544	0.0734384	0.996523	0.54612	1.01999	28.1863	
0.999178	-0.00153441	-0.0404991	-0.00153172	0.997139	-0.0755691	0.0404992	0.0755691	0.996318	0.577416	1.07838	28.9673	
0.999131	-0.00162265	-0.0416462	-0.00161974	0.996975	-0.0777039	0.0416463	0.0777038	0.996106	0.609611	1.13846	29.7482	
0.999082	-0.00171356	-0.0427956	-0.0017104	0.996806	-0.0798426	0.0427957	0.0798425	0.995888	0.642705	1.2002	30.5289	
0.999032	-0.00180714	-0.0439473	-0.00180373	0.996632	-0.0819853	0.0439475	0.0819852	0.995664	0.676701	1.26362	31.3094	
0.998981	-0.00190342	-0.0451013	-0.00189973	0.996453	-0.0841319	0.0451014	0.0841318	0.995433	0.711601	1.32873	32.0897	
0.998928	-0.00200239	-0.0462575	-0.00199842	0.996269	-0.0862823	0.0462576	0.0862822	0.995196	0.747407	1.39552	32.8699	
0.998873	-0.00210409	-0.0474158	-0.00209981	0.99608	-0.0884365	0.047416	0.0884364	0.994953	0.784119	1.46399	33.6499	
0.998817	-0.00220851	-0.0485763	-0.00220392	0.995885	-0.0905944	0.0485765	0.0905942	0.994702	0.821741	1.53416	34.4297	
0.99876	-0.00231568	-0.0497389	-0.00231076	0.995686	-0.0927558	0.0497392	0.0927557	0.994446	0.860272	1.60602	35.2093	
0.998701	-0.0024256	-0.0509037	-0.00242033	0.995482	-0.0949209	0.0509039	0.0949208	0.994182	0.899716	1.67957	35.9886	
0.99864	-0.00253828	-0.0520704	-0.00253265	0.995272	-0.0970894	0.0520707	0.0970893	0.993913	0.940074	1.75482	36.7678	
0.998578	-0.00265374	-0.0532392	-0.00264773	0.995058	-0.0992614	0.0532395	0.0992612	0.993636	0.981347	1.83178	37.5468	
0.998515	-0.00277199	-0.0544099	-0.00276558	0.994838	-0.101437	0.0544102	0.101437	0.993353	1.02354	1.91043	38.3255	
0.99845	-0.00289305	-0.0555826	-0.00288622	0.994613	-0.103615	0.0555829	0.103615	0.993063	1.06665	1.9908	39.104	
0.998383	-0.00301691	-0.0567571	-0.00300965	0.994383	-0.105797	0.0567575	0.105797	0.992767	1.11067	2.07287	39.8823	
0.998315	-0.00314359	-0.0579336	-0.00313588	0.994148	-0.107982	0.057934	0.107982	0.992463	1.15562	2.15665	40.6604	
0.998246	-0.00327311	-0.0591119	-0.00326493	0.993907	-0.11017	0.0591123	0.11017	0.992153	1.2015	2.24215	41.4382	
0.998175	-0.00340548	-0.060292	-0.0033968	0.993662	-0.112361	0.0602925	0.112361	0.991837	1.24829	2.32937	42.2157	
0.997974	-0.00377776	-0.063517	-0.00365847	0.993178	-0.116552	0.063524	0.116548	0.991151	1.29682	2.41908	42.9929	
0.997762	-0.00416376	-0.0667404	-0.00393412	0.992676	-0.120745	0.0667544	0.120737	0.990437	1.34788	2.51208	43.7695	
0.997539	-0.00456347	-0.0699623	-0.00422376	0.992155	-0.124939	0.0699836	0.124927	0.989695	1.40147	2.60836	44.5456	
0.997306	-0.0049769	-0.0731823	-0.00452741	0.991617	-0.129135	0.0732115	0.129118	0.988923	1.45759	2.70792	45.321	
0.997063	-0.00540407	-0.0764004	-0.00484509	0.99106	-0.133332	0.0764379	0.13331	0.988122	1.51624	2.81078	46.0959	
0.996808	-0.00584497	-0.0796165	-0.0051768	0.990484	-0.13753	0.0796627	0.137503	0.987293	1.57742	2.91691	46.8701	
0.996544	-0.00629961	-0.0828305	-0.00552256	0.98989	-0.141728	0.0828859	0.141696	0.986434	1.64113	3.02634	47.6436	
0.996269	-0.00676799	-0.0860422	-0.00588238	0.989278	-0.145927	0.0861072	0.145888	0.985547	1.70736	3.13905	48.4165	
0.995983	-0.00725011	-0.0892515	-0.00625627	0.988647	-0.150126	0.0893267	0.150081	0.98463	1.77611	3.25504	49.1886	
0.995686	-0.00774598	-0.0924584	-0.00664422	0.987998	-0.154324	0.0925441	0.154273	0.983685	1.84739	3.37433	49.9601	
0.99538	-0.00825559	-0.0956626	-0.00704625	0.98733	-0.158523	0.0957593	0.158464	0.98271	1.92119	3.49689	50.7307	
0.995062	-0.00877894	-0.0988642	-0.00746235	0.986644	-0.16272	0.0989723	0.162654	0.981707	1.99751	3.62275	51.5006	
0.994734	-0.00931602	-0.102063	-0.00789252	0.985939	-0.166917	0.102183	0.166843	0.980674	2.07635	3.75188	52.2697	
0.994396	-0.00986684	-0.105259	-0.00833677	0.985216	-0.171112	0.105391	0.171031	0.979613	2.1577	3.8843	53.038	
0.994047	-0.0104314	-0.108451	-0.00879508	0.984475	-0.175306	0.108596	0.175216	0.978522	2.24157	4.02	53.8054	
0.993688	-0.0110097	-0.111641	-0.00926746	0.983715	-0.179498	0.111799	0.1794	0.977403	2.32794	4.15898	54.572	
0.993318	-0.0116016	-0.114827	-0.00975389	0.982936	-0.183688	0.114999	0.183581	0.976255	2.41683	4.30124	55.3377	
0.992937	-0.0122073	-0.11801	-0.0102544	0.982139	-0.187876	0.118196	0.187759	0.975078	2.50822	4.44678	56.1024	
0.992547	-0.0128267	-0.121189	-0.0107689	0.981324	-0.192062	0.121389	0.191935	0.973871	2.60212	4.59559	56.8663	
0.992145	-0.0134598	-0.124365	-0.0112974	0.98049	-0.196244	0.12458	0.196108	0.972636	2.69852	4.74767	57.6292	
0.991734	-0.0141065	-0.127537	-0.01184	0.979638	-0.200424	0.127767	0.200277	0.971373	2.79742	4.90302	58.3911	
0.991311	-0.0147669	-0.130705	-0.0123965	0.978767	-0.2046	0.130951	0.204443	0.97008	2.89882	5.06164	59.1519	
0.990879	-0.015441	-0.133869	-0.012967	0.977878	-0.208773	0.134131	0.208605	0.968758	3.00271	5.22352	59.9118	
0.990436	-0.0161287	-0.137028	-0.0135515	0.976971	-0.212942	0.137307	0.212762	0.967408	3.10909	5.38866	60.6706	
0.989982	-0.01683	-0.140184	-0.0141499	0.976045	-0.217107	0.14048	0.216916	0.966029	3.21796	5.55706	61.4284	
0.989519	-0.0175449	-0.143335	-0.0147622	0.975101	-0.221268	0.143649	0.221065	0.964622	3.32932	5.72872	62.1851	
0.989044	-0.0182734	-0.146482	-0.0153884	0.974139	-0.225424	0.146813	0.225209	0.963186	3.44316	5.90362	62.9406	
0.98856	-0.0190154	-0.149625	-0.0160285	0.973159	-0.229575	0.149974	0.229347	0.961721	3.55947	6.08177	63.695	
0.988065	-0.019771	-0.152762	-0.0166824	0.97216	-0.233722	0.15313	0.233481	0.960228	3.67827	6.26316	64.4483	
0.98756	-0.0205401	-0.155895	-0.0173501	0.971144	-0.237863	0.156282	0.237608	0.958706	3.79953	6.44779	65.2003	
0.987045	-0.0213227	-0.159023	-0.0180316	0.970109	-0.241998	0.15943	0.24173	0.957156	3.92326	6.63565	65.9512	
0.986519	-0.0221188	-0.162146	-0.0187268	0.969056	-0.246128	0.162573	0.245846	0.955578	4.04946	6.82675	66.7008	
0.985983	-0.0229283	-0.165264	-0.0194357	0.967986	-0.250251	0.165711	0.249955	0.953972	4.17813	7.02106	67.4492	
0.985437	-0.0237513	-0.168377	-0.0201583	0.966897	-0.254369	0.168845	0.254058	0.952337	4.30924	7.21859	68.1963	
0.98488	-0.0245876	-0.171484	-0.0208945	0.965791	-0.258479	0.171973	0.258154	0.950674	4.44282	7.41934	68.9422	
0.984313	-0.0254373	-0.174586	-0.0216443	0.964667	-0.262583	0.175097	0.262243	0.948984	4.57884	7.62329	69.6867	
0.983736	-0.0263004	-0.177682	-0.0224076	0.963525	-0.26668	0.178215	0.266324	0.947265	4.71731	7.83045	70.4299	
0.981176	-0.0300787	-0.190758	-0.0249703	0.959743	-0.279768	0.191494	0.279265	0.940926	4.86221	8.04428	71.1699	
0.978432	-0.0340356	-0.203744	-0.0277166	0.955782	-0.292766	0.204699	0.292099	0.934225	5.01749	8.26822	71.9048	
0.975506	-0.0381694	-0.216635	-0.0306454	0.951645	-0.305669	0.217826	0.304821	0.927166	5.18309	8.50217	72.6344	
0.972399	-0.0424786	-0.229425	-0.0337556	0.947331	-0.318471	0.23087	0.317425	0.91975	5.35895	8.74605	73.3582	
0.969112	-0.0469615	-0.24211	-0.037046	0.942844	-0.331168	0.243824	0.329908	0.911982	5.545	8.99976	74.0762	
0.965645	-0.0516164	-0.254685	-0.0405153	0.938185	-0.343755	0.256685	0.342264	0.903863	5.74116	9.2632	74.7878	
0.962002	-0.0564416	-0.267146	-0.0441623	0.933355	-0.356226	0.269448	0.354488	0.895397	5.94737	9.53628	75.493	
0.958182	-0.0614351	-0.279486	-0.0479855	0.928357	-0.368579	0.282107	0.366577	0.886587	6.16354	9.81889	76.1914	
