1	0	0	0	1	0	0	0	1	0	0	0	
0.999987	-2.91734e-06	0.00506122	-2.91734e-06	0.999999	0.00115281	-0.00506122	-0.00115281	0.999987	-0.00251144	-0.000572042	0.99242	
0.999949	-1.16721e-05	0.0101248	-1.16663e-05	0.999997	0.00230501	-0.0101248	-0.00230501	0.999946	-0.0100469	-0.00228786	1.98481	
0.999885	-2.62665e-05	0.0151904	-2.62433e-05	0.999994	0.00345655	-0.0151904	-0.00345655	0.999879	-0.0226087	-0.00514682	2.97715	
0.999795	-4.67025e-05	0.0202581	-4.66445e-05	0.999989	0.00460739	-0.0202581	-0.00460739	0.999784	-0.0401987	-0.00914826	3.96941	
0.999679	-7.29817e-05	0.0253275	-7.28657e-05	0.999983	0.00575749	-0.0253275	-0.00575749	0.999663	-0.0628189	-0.0142914	4.96156	
0.999538	-0.000105105	0.0303985	-0.000104902	0.999976	0.0069068	-0.0303985	-0.0069068	0.999514	-0.0904709	-0.0205756	5.95358	
0.999371	-0.000143074	0.035471	-0.000142749	0.999968	0.0080553	-0.035471	-0.00805529	0.999338	-0.123156	-0.028	6.94544	
0.999178	-0.000186889	0.0405447	-0.000186401	0.999958	0.00920292	-0.0405447	-0.00920291	0.999135	-0.160876	-0.0365638	7.93711	
0.998959	-0.00023655	0.0456194	-0.000235853	0.999946	0.0103496	-0.0456194	-0.0103496	0.998905	-0.203632	-0.046266	8.92856	
0.998714	-0.000292057	0.0506951	-0.000291098	0.999934	0.0114954	-0.0506951	-0.0114954	0.998648	-0.251424	-0.0571058	9.91977	
0.998444	-0.000353409	0.0557714	-0.00035213	0.99992	0.0126402	-0.0557714	-0.0126402	0.998364	-0.304255	-0.0690822	10.9107	
0.998147	-0.000420605	0.0608483	-0.000418942	0.999905	0.013784	-0.0608483	-0.0137839	0.998052	-0.362123	-0.0821941	11.9014	
0.997824	-0.000493644	0.0659255	-0.000491527	0.999888	0.0149266	-0.0659255	-0.0149266	0.997713	-0.42503	-0.0964407	12.8917	
0.997476	-0.000572525	0.0710029	-0.000569877	0.999871	0.0160682	-0.0710029	-0.0160681	0.997347	-0.492975	-0.111821	13.8817	
0.997101	-0.000657245	0.0760802	-0.000653986	0.999852	0.0172086	-0.0760802	-0.0172085	0.996953	-0.56596	-0.128333	14.8713	
0.996701	-0.000747802	0.0811574	-0.000743844	0.999831	0.0183479	-0.0811574	-0.0183477	0.996532	-0.643983	-0.145976	15.8605	
0.996275	-0.000844194	0.0862342	-0.000839443	0.99981	0.0194859	-0.0862342	-0.0194857	0.996084	-0.727045	-0.16475	16.8492	
0.995822	-0.000946418	0.0913104	-0.000940775	0.999787	0.0206226	-0.0913105	-0.0206224	0.995609	-0.815145	-0.184652	17.8375	
0.995343	-0.00105447	0.0963859	-0.00104783	0.999763	0.0217581	-0.096386	-0.0217577	0.995106	-0.908283	-0.205682	18.8253	
0.994839	-0.00116835	0.101461	-0.0011606	0.999737	0.0228921	-0.101461	-0.0228917	0.994576	-1.00646	-0.227837	19.8127	
0.994308	-0.00128804	0.106534	-0.00127907	0.999711	0.0240248	-0.106534	-0.0240243	0.994019	-1.10967	-0.251118	20.7994	
0.993751	-0.00141356	0.111606	-0.00140324	0.999683	0.0251561	-0.111606	-0.0251555	0.993434	-1.21791	-0.275521	21.7856	
0.993169	-0.00154488	0.116677	-0.00153309	0.999653	0.0262859	-0.116677	-0.0262852	0.992822	-1.33119	-0.301047	22.7712	
0.99256	-0.00168201	0.121746	-0.00166861	0.999623	0.0274142	-0.121746	-0.0274134	0.992183	-1.4495	-0.327693	23.7562	
0.991925	-0.00182495	0.126814	-0.00180979	0.999591	0.0285409	-0.126814	-0.02854	0.991516	-1.57284	-0.355458	24.7405	
0.991264	-0.00197368	0.131879	-0.00195662	0.999558	0.0296661	-0.131879	-0.029665	0.990822	-1.7012	-0.38434	25.7242	
0.990577	-0.0021282	0.136942	-0.00210909	0.999524	0.0307896	-0.136943	-0.0307883	0.9901	-1.8346	-0.414337	26.7072	
0.989864	-0.0022885	0.142003	-0.00226719	0.999488	0.0319115	-0.142004	-0.03191	0.989352	-1.97301	-0.445449	27.6894	
0.989124	-0.00245458	0.147062	-0.0024309	0.999451	0.0330317	-0.147062	-0.0330299	0.988576	-2.11645	-0.477673	28.6709	
0.988359	-0.00262642	0.152117	-0.00260021	0.999413	0.0341501	-0.152118	-0.0341481	0.987772	-2.26491	-0.511008	29.6516	
0.987568	-0.00280403	0.15717	-0.00277511	0.999374	0.0352668	-0.157171	-0.0352645	0.986942	-2.41838	-0.545451	30.6314	
0.98675	-0.0029874	0.16222	-0.00295558	0.999334	0.0363817	-0.16222	-0.0363791	0.986084	-2.57687	-0.581002	31.6105	
0.985907	-0.00317651	0.167266	-0.00314162	0.999292	0.0374947	-0.167267	-0.0374917	0.985199	-2.74036	-0.617658	32.5887	
0.985037	-0.00337136	0.17231	-0.0033332	0.999249	0.0386058	-0.17231	-0.0386025	0.984286	-2.90887	-0.655416	33.5659	
0.984142	-0.00357194	0.177349	-0.00353031	0.999205	0.039715	-0.17735	-0.0397113	0.983346	-3.08237	-0.694277	34.5423	
0.98322	-0.00377824	0.182385	-0.00373294	0.999159	0.0408223	-0.182386	-0.0408181	0.982379	-3.26088	-0.734237	35.5177	
0.982272	-0.00399026	0.187417	-0.00394107	0.999113	0.0419275	-0.187418	-0.0419228	0.981385	-3.44438	-0.775294	36.4922	
0.981299	-0.00420797	0.192445	-0.00415469	0.999065	0.0430307	-0.192446	-0.0430255	0.980364	-3.63287	-0.817446	37.4656	
0.980299	-0.00443138	0.197468	-0.00437378	0.999016	0.0441318	-0.197469	-0.0441261	0.979315	-3.82635	-0.860692	38.438	
0.979274	-0.00466047	0.202487	-0.00459833	0.998966	0.0452309	-0.202489	-0.0452245	0.97824	-4.02482	-0.905029	39.4094	
0.978222	-0.00489523	0.207502	-0.00482832	0.998915	0.0463278	-0.207503	-0.0463207	0.977137	-4.22826	-0.950455	40.3797	
0.977145	-0.00513565	0.212511	-0.00506373	0.998862	0.0474225	-0.212513	-0.0474147	0.976007	-4.43668	-0.996968	41.3489	
0.976042	-0.00538173	0.217516	-0.00530455	0.998808	0.048515	-0.217518	-0.0485065	0.97485	-4.65007	-1.04457	42.3169	
0.974913	-0.00563344	0.222515	-0.00555076	0.998753	0.0496052	-0.222518	-0.0495959	0.973666	-4.86842	-1.09324	43.2838	
0.973758	-0.00589077	0.22751	-0.00580235	0.998697	0.0506932	-0.227512	-0.050683	0.972455	-5.09173	-1.143	44.2495	
0.972577	-0.00615373	0.232498	-0.00605929	0.99864	0.0517788	-0.232501	-0.0517677	0.971218	-5.31999	-1.19384	45.214	
0.971371	-0.00642228	0.237481	-0.00632156	0.998582	0.0528621	-0.237484	-0.0528499	0.969953	-5.5532	-1.24575	46.1772	
0.970139	-0.00669642	0.242458	-0.00658916	0.998522	0.053943	-0.242461	-0.0539298	0.968661	-5.79136	-1.29874	47.1392	
0.968881	-0.00697615	0.24743	-0.00686206	0.998462	0.0550214	-0.247433	-0.0550071	0.967342	-6.03445	-1.3528	48.0998	
0.967597	-0.00726143	0.252395	-0.00714024	0.9984	0.0560974	-0.252398	-0.0560819	0.965997	-6.28247	-1.40792	49.0592	
0.966288	-0.00755226	0.257353	-0.00742369	0.998337	0.0571709	-0.257357	-0.0571541	0.964625	-6.53542	-1.46411	50.0172	
0.964953	-0.00784863	0.262305	-0.00771238	0.998273	0.0582419	-0.262309	-0.0582237	0.963226	-6.79329	-1.52136	50.9738	
0.963593	-0.00815053	0.267251	-0.00800629	0.998207	0.0593103	-0.267255	-0.0592907	0.9618	-7.05606	-1.57967	51.929	
0.962207	-0.00845793	0.272189	-0.00830541	0.998141	0.0603762	-0.272194	-0.060355	0.960348	-7.32375	-1.63904	52.8828	
0.960795	-0.00877082	0.27712	-0.00860972	0.998074	0.0614394	-0.277125	-0.0614166	0.958869	-7.59632	-1.69947	53.8352	
0.959358	-0.00908919	0.282045	-0.00891919	0.998005	0.0624999	-0.28205	-0.0624754	0.957363	-7.8738	-1.76094	54.786	
0.957896	-0.00941302	0.286961	-0.00923381	0.997935	0.0635577	-0.286967	-0.0635314	0.955831	-8.15615	-1.82347	55.7354	
0.956408	-0.0097423	0.291871	-0.00955355	0.997865	0.0646128	-0.291877	-0.0645846	0.954273	-8.44338	-1.88704	56.6832	
0.954895	-0.010077	0.296772	-0.00987839	0.997793	0.0656651	-0.296779	-0.065635	0.952688	-8.73548	-1.95166	57.6294	
0.953357	-0.0104171	0.301666	-0.0102083	0.99772	0.0667147	-0.301673	-0.0666824	0.951077	-9.03244	-2.01732	58.5741	
0.951793	-0.0107627	0.306552	-0.0105433	0.997646	0.0677614	-0.306559	-0.0677269	0.949439	-9.33425	-2.08401	59.5172	
0.950204	-0.0111136	0.311429	-0.0108833	0.997571	0.0688053	-0.311437	-0.0687685	0.947775	-9.64091	-2.15174	60.4586	
0.948591	-0.0114698	0.316298	-0.0112284	0.997495	0.0698462	-0.316307	-0.069807	0.946085	-9.9524	-2.22051	61.3984	
0.947391	-0.0117287	0.319864	-0.0105021	0.997651	0.0676874	-0.319907	-0.0674857	0.945043	-10.2681	-2.28863	62.3368	
0.946176	-0.0119791	0.32343	-0.0097669	0.997803	0.0655289	-0.323504	-0.0651608	0.943981	-10.5874	-2.35445	63.2741	
0.944947	-0.0122209	0.326994	-0.00902287	0.997949	0.0633711	-0.327098	-0.0628327	0.942899	-10.9102	-2.41797	64.2104	
0.943704	-0.012454	0.330556	-0.0082701	0.99809	0.0612142	-0.330687	-0.0605018	0.941799	-11.2366	-2.47917	65.1456	
0.942447	-0.0126784	0.334116	-0.0075087	0.998226	0.0590587	-0.334272	-0.0581685	0.94068	-11.5666	-2.53805	66.0797	
0.941175	-0.0128941	0.337673	-0.00673878	0.998357	0.0569049	-0.337852	-0.055833	0.939542	-11.9001	-2.59462	67.0127	
0.93989	-0.013101	0.341227	-0.00596044	0.998482	0.0547531	-0.341426	-0.0534957	0.938385	-12.2372	-2.64887	67.9446	
0.938591	-0.013299	0.344776	-0.0051738	0.998602	0.0526037	-0.344994	-0.0511571	0.93721	-12.5778	-2.7008	68.8753	
0.937278	-0.0134882	0.348321	-0.00437899	0.998717	0.050457	-0.348555	-0.0488175	0.936016	-12.9219	-2.75041	69.8048	
0.940455	-0.0131433	0.339663	0.00354903	0.999577	0.0288521	-0.339899	-0.0259287	0.940105	-13.2635	-2.7875	70.7358	
0.943552	-0.0130097	0.33097	0.0112753	0.999911	0.00715981	-0.331034	-0.00302387	0.943614	-13.5965	-2.80187	71.6706	
0.946565	-0.0130875	0.322248	0.018795	0.999717	-0.0146066	-0.321965	0.0198828	0.946543	-13.9205	-2.7935	72.6085	
0.949494	-0.0133766	0.313501	0.0261036	0.998995	-0.0364338	-0.312698	0.0427772	0.948889	-14.2355	-2.76241	73.5491	
0.952336	-0.013877	0.304735	0.0331965	0.997747	-0.0583083	-0.303239	0.0656453	0.950651	-14.5411	-2.70861	74.4917	
0.95509	-0.0145882	0.295955	0.0400695	0.995972	-0.0802167	-0.293593	0.088473	0.951828	-14.8373	-2.63213	75.4358	
0.957755	-0.0155098	0.287167	0.0467181	0.993672	-0.102145	-0.283766	0.111246	0.952419	-15.1238	-2.53302	76.3808	
0.960328	-0.0166414	0.278377	0.0531385	0.990848	-0.124081	-0.273764	0.133951	0.952423	-15.4005	-2.41134	77.326	
0.962808	-0.0179821	0.269589	0.0593265	0.987503	-0.14601	-0.263594	0.156573	0.951842	-15.6671	-2.26717	78.271	
0.965193	-0.0195311	0.260809	0.0652785	0.983637	-0.167919	-0.253262	0.179099	0.950674	-15.9236	-2.1006	79.2151	
0.967482	-0.0212876	0.252043	0.0709907	0.979254	-0.189794	-0.242774	0.201515	0.948922	-16.1698	-1.91173	80.1578	
0.969673	-0.0232504	0.243296	0.0764596	0.974356	-0.211622	-0.232137	0.223806	0.946585	-16.4054	-1.70067	81.0984	
0.971766	-0.0254182	0.234573	0.0816819	0.968947	-0.233389	-0.221356	0.24596	0.943666	-16.6305	-1.46755	82.0364	
0.973759	-0.0277899	0.225879	0.0866543	0.963028	-0.255083	-0.210439	0.267963	0.940166	-16.8447	-1.21252	82.9712	
0.97565	-0.0303638	0.217221	0.0913738	0.956605	-0.276689	-0.199393	0.2898	0.936087	-17.0481	-0.935739	83.9023	
0.977439	-0.0331385	0.208603	0.0958375	0.949681	-0.298195	-0.188224	0.311459	0.931432	-17.2405	-0.637371	84.829	
0.979124	-0.0361122	0.20003	0.100043	0.942261	-0.319587	-0.176939	0.332927	0.926203	-17.4217	-0.317602	85.7508	
0.980705	-0.0392831	0.191508	0.103987	0.934348	-0.340852	-0.165546	0.354189	0.920405	-17.5916	0.0233707	86.6672	
0.982179	-0.0426493	0.183043	0.107667	0.925948	-0.361977	-0.15405	0.375234	0.914039	-17.7502	0.385338	87.5775	
0.983548	-0.0462086	0.174638	0.111081	0.917067	-0.382949	-0.14246	0.396047	0.907112	-17.8974	0.768077	88.4812	
0.984809	-0.0499588	0.166301	0.114228	0.907708	-0.403755	-0.130781	0.416617	0.899626	-18.033	1.17135	89.3778	
0.985961	-0.0538978	0.158035	0.117105	0.897879	-0.424382	-0.119023	0.43693	0.891586	-18.1569	1.59491	90.2667	
0.987005	-0.058023	0.149845	0.11971	0.887585	-0.444817	-0.107191	0.456975	0.882997	-18.2692	2.0385	91.1473	
0.98794	-0.0623318	0.141738	0.122041	0.876833	-0.465049	-0.095293	0.476738	0.873865	-18.3697	2.50185	92.0191	
0.988764	-0.0668218	0.133717	0.124098	0.865629	-0.485064	-0.0833365	0.496208	0.864195	-18.4583	2.98466	92.8816	
0.989478	-0.07149	0.125788	0.12588	0.85398	-0.50485	-0.0713286	0.515372	0.853993	-18.5351	3.48664	93.7342	
0.990081	-0.0763336	0.117955	0.127384	0.841893	-0.524395	-0.0592769	0.534219	0.843265	-18.5999	4.00749	94.5765	
