1	0	0	0	1	0	0	0	1	0	0	0	
0.999993	-3.41722e-06	-0.00362081	-3.41722e-06	0.999998	-0.00188753	0.00362081	0.00188753	0.999992	0.00132946	0.00069305	0.734341	
0.999974	-1.36713e-05	-0.00724065	-1.3683e-05	0.999993	-0.00377781	0.00724065	0.00377781	0.999967	0.00531749	0.00277321	1.46867	
0.999941	-3.07685e-05	-0.0108595	-3.08156e-05	0.999984	-0.0056708	0.0108595	0.0056708	0.999925	0.0119633	0.00624248	2.20298	
0.999895	-5.47152e-05	-0.0144771	-5.4833e-05	0.999971	-0.00756647	0.0144771	0.00756647	0.999867	0.0212662	0.0111028	2.93724	
0.999836	-8.55174e-05	-0.0180937	-8.57529e-05	0.999955	-0.00946477	0.0180937	0.00946478	0.999791	0.0332253	0.0173562	3.67146	
0.999764	-0.000123181	-0.0217089	-0.000123593	0.999935	-0.0113657	0.0217089	0.0113657	0.9997	0.0478398	0.0250046	4.40562	
0.999679	-0.000167712	-0.0253229	-0.000168371	0.999912	-0.0132692	0.0253229	0.0132692	0.999591	0.0651085	0.0340498	5.1397	
0.999581	-0.000219115	-0.0289355	-0.000220104	0.999885	-0.0151752	0.0289355	0.0151752	0.999466	0.0850307	0.0444938	5.8737	
0.99947	-0.000277396	-0.0325467	-0.000278809	0.999854	-0.0170837	0.0325466	0.0170837	0.999324	0.107605	0.0563384	6.6076	
0.999346	-0.00034256	-0.0361563	-0.000344504	0.99982	-0.0189947	0.0361563	0.0189947	0.999166	0.132831	0.0695854	7.34139	
0.999209	-0.000414612	-0.0397644	-0.000417204	0.999781	-0.0209081	0.0397643	0.0209081	0.99899	0.160707	0.0842366	8.07506	
0.999059	-0.000493558	-0.0433708	-0.000496927	0.999739	-0.0228239	0.0433707	0.0228239	0.998798	0.191232	0.100294	8.80859	
0.998896	-0.0005794	-0.0469755	-0.000583689	0.999694	-0.024742	0.0469754	0.0247421	0.99859	0.224404	0.117759	9.54198	
0.99872	-0.000672145	-0.0505784	-0.000677506	0.999644	-0.0266625	0.0505783	0.0266626	0.998364	0.260224	0.136633	10.2752	
0.998531	-0.000771797	-0.0541795	-0.000778395	0.999591	-0.0285852	0.0541794	0.0285854	0.998122	0.298688	0.156919	11.0083	
0.998329	-0.000878358	-0.0577786	-0.00088637	0.999534	-0.0305102	0.0577785	0.0305104	0.997863	0.339795	0.178617	11.7411	
0.998114	-0.000991835	-0.0613758	-0.00100145	0.999473	-0.0324374	0.0613757	0.0324377	0.997588	0.383546	0.20173	12.4738	
0.997887	-0.00111223	-0.064971	-0.00112365	0.999409	-0.0343668	0.0649708	0.0343672	0.997295	0.429937	0.226259	13.2063	
0.997646	-0.00123955	-0.068564	-0.00125298	0.99934	-0.0362983	0.0685638	0.0362988	0.996986	0.478967	0.252205	13.9385	
0.997392	-0.00137379	-0.0721549	-0.00138946	0.999268	-0.0382319	0.0721546	0.0382325	0.99666	0.530635	0.279571	14.6705	
0.997126	-0.00151496	-0.0757435	-0.0015331	0.999192	-0.0401676	0.0757431	0.0401683	0.996318	0.584938	0.308358	15.4023	
0.996847	-0.00166306	-0.0793298	-0.00168393	0.999112	-0.0421053	0.0793293	0.0421061	0.995959	0.641877	0.338566	16.1338	
0.996555	-0.0018181	-0.0829137	-0.00184195	0.999028	-0.0440449	0.0829132	0.0440459	0.995583	0.701448	0.370199	16.865	
0.99625	-0.00198007	-0.0864952	-0.00200717	0.99894	-0.0459866	0.0864946	0.0459878	0.99519	0.76365	0.403257	17.596	
0.995933	-0.00214899	-0.0900742	-0.00217962	0.998848	-0.0479301	0.0900735	0.0479315	0.994781	0.82848	0.437741	18.3267	
0.995602	-0.00232484	-0.0936506	-0.0023593	0.998753	-0.0498755	0.0936497	0.0498772	0.994355	0.895939	0.473654	19.057	
0.995259	-0.00250765	-0.0972244	-0.00254624	0.998653	-0.0518228	0.0972234	0.0518247	0.993912	0.966022	0.510996	19.787	
0.994904	-0.00269739	-0.100795	-0.00274044	0.998549	-0.0537718	0.100794	0.053774	0.993453	1.03873	0.549769	20.5168	
0.994535	-0.00289409	-0.104364	-0.00294192	0.998442	-0.0557226	0.104362	0.0557251	0.992977	1.11406	0.589974	21.2461	
0.994154	-0.00309774	-0.107929	-0.00315069	0.99833	-0.0576752	0.107928	0.057678	0.992484	1.192	0.631613	21.9751	
0.99376	-0.00330834	-0.111492	-0.00336676	0.998215	-0.0596294	0.11149	0.0596327	0.991975	1.27257	0.674686	22.7038	
0.993353	-0.00352589	-0.115051	-0.00359015	0.998095	-0.0615852	0.115049	0.061589	0.991449	1.35575	0.719195	23.432	
0.992934	-0.0037504	-0.118608	-0.00382087	0.997972	-0.0635427	0.118606	0.0635469	0.990906	1.44154	0.765141	24.1599	
0.992502	-0.00398187	-0.122161	-0.00405894	0.997844	-0.0655017	0.122159	0.0655065	0.990346	1.52994	0.812526	24.8873	
0.992058	-0.00422029	-0.125712	-0.00430436	0.997713	-0.0674623	0.125709	0.0674676	0.98977	1.62095	0.861351	25.6144	
0.991601	-0.00446567	-0.129259	-0.00455714	0.997577	-0.0694244	0.129256	0.0694303	0.989178	1.71457	0.911616	26.341	
0.991131	-0.004718	-0.132803	-0.00481731	0.997437	-0.0713879	0.132799	0.0713945	0.988568	1.81079	0.963323	27.0672	
0.990649	-0.0049773	-0.136343	-0.00508487	0.997293	-0.0733528	0.136339	0.0733602	0.987942	1.90961	1.01647	27.7929	
0.990155	-0.00524355	-0.13988	-0.00535983	0.997145	-0.0753191	0.139876	0.0753272	0.9873	2.01102	1.07107	28.5182	
0.989647	-0.00551676	-0.143414	-0.00564221	0.996993	-0.0772867	0.143409	0.0772957	0.98664	2.11504	1.12711	29.2429	
0.989128	-0.00579694	-0.146944	-0.00593202	0.996837	-0.0792556	0.146938	0.0792656	0.985965	2.22165	1.18459	29.9672	
0.988596	-0.00608406	-0.15047	-0.00622926	0.996676	-0.0812258	0.150464	0.0812368	0.985272	2.33084	1.24352	30.691	
0.988051	-0.00637815	-0.153993	-0.00653395	0.996512	-0.0831971	0.153986	0.0832092	0.984563	2.44263	1.3039	31.4143	
0.987494	-0.0066792	-0.157512	-0.0068461	0.996343	-0.0851697	0.157505	0.085183	0.983837	2.557	1.36573	32.137	
0.986925	-0.0069872	-0.161027	-0.00716572	0.99617	-0.0871434	0.161019	0.0871579	0.983095	2.67395	1.42901	32.8592	
0.986344	-0.00730216	-0.164539	-0.00749282	0.995993	-0.0891182	0.16453	0.089134	0.982336	2.79349	1.49374	33.5809	
0.98575	-0.00762407	-0.168046	-0.00782741	0.995812	-0.091094	0.168037	0.0911113	0.981561	2.9156	1.55992	34.302	
0.985143	-0.00795293	-0.17155	-0.0081695	0.995626	-0.0930709	0.171539	0.0930896	0.980769	3.04028	1.62755	35.0225	
0.984525	-0.00828875	-0.175049	-0.0085191	0.995436	-0.0950487	0.175038	0.0950691	0.979961	3.16753	1.69664	35.7424	
0.983894	-0.00863152	-0.178544	-0.00887622	0.995242	-0.0970275	0.178532	0.0970496	0.979136	3.29735	1.76718	36.4617	
0.983251	-0.00898123	-0.182035	-0.00924087	0.995044	-0.0990072	0.182022	0.099031	0.978295	3.42974	1.83918	37.1804	
0.982652	-0.00931188	-0.185225	-0.0101053	0.994567	-0.10361	0.185183	0.103685	0.977219	3.56457	1.91361	37.8984	
0.982041	-0.0096587	-0.18842	-0.0109852	0.994067	-0.108212	0.188348	0.108339	0.976109	3.70172	1.99146	38.6156	
0.981418	-0.0100218	-0.191621	-0.0118808	0.993545	-0.112812	0.191514	0.112992	0.974964	3.84119	2.07272	39.332	
0.980783	-0.0104011	-0.194826	-0.012792	0.993001	-0.11741	0.194684	0.117646	0.973785	3.98299	2.15741	40.0476	
0.980135	-0.0107968	-0.198036	-0.0137187	0.992435	-0.122005	0.197855	0.122298	0.972572	4.12712	2.24551	40.7622	
0.979476	-0.0112089	-0.20125	-0.0146611	0.991846	-0.126598	0.201028	0.12695	0.971325	4.27358	2.33703	41.476	
0.978804	-0.0116374	-0.204467	-0.0156191	0.991235	-0.131187	0.204202	0.1316	0.970043	4.42237	2.43196	42.1888	
0.97812	-0.0120825	-0.207689	-0.0165928	0.990601	-0.135774	0.207377	0.136249	0.968726	4.57349	2.53031	42.9006	
0.977424	-0.0125441	-0.210913	-0.017582	0.989945	-0.140356	0.210553	0.140896	0.967376	4.72694	2.63207	43.6115	
0.976716	-0.0130222	-0.214141	-0.0185869	0.989267	-0.144935	0.213729	0.145541	0.96599	4.88273	2.73724	44.3214	
0.975996	-0.0135169	-0.21737	-0.0196074	0.988566	-0.14951	0.216906	0.150184	0.964571	5.04085	2.84582	45.0302	
0.975263	-0.0140283	-0.220602	-0.0206435	0.987843	-0.154081	0.220082	0.154824	0.963117	5.2013	2.95781	45.738	
0.974518	-0.0145564	-0.223836	-0.0216953	0.987097	-0.158647	0.223257	0.159461	0.961628	5.36408	3.07321	46.4448	
0.973761	-0.0151011	-0.227071	-0.0227626	0.986329	-0.163208	0.226432	0.164095	0.960105	5.52919	3.19201	47.1504	
0.972992	-0.0156625	-0.230308	-0.0238455	0.985539	-0.167764	0.229605	0.168725	0.958548	5.69664	3.31421	47.8548	
0.97221	-0.0162406	-0.233545	-0.0249439	0.984726	-0.172315	0.232776	0.173352	0.956956	5.86641	3.43981	48.5582	
0.971417	-0.0168354	-0.236783	-0.026058	0.983891	-0.17686	0.235946	0.177975	0.95533	6.03851	3.56881	49.2603	
0.970611	-0.017447	-0.240021	-0.0271875	0.983034	-0.181399	0.239113	0.182593	0.953669	6.21294	3.7012	49.9612	
0.969793	-0.0180752	-0.243258	-0.0283326	0.982154	-0.185932	0.242278	0.187208	0.951974	6.3897	3.83698	50.6609	
0.968963	-0.0187202	-0.246495	-0.0294932	0.981252	-0.190458	0.245439	0.191817	0.950245	6.56877	3.97615	51.3594	
0.968121	-0.019382	-0.249731	-0.0306692	0.980328	-0.194978	0.248598	0.196422	0.948482	6.75017	4.1187	52.0565	
0.967267	-0.0200604	-0.252966	-0.0318607	0.979382	-0.199491	0.251753	0.201021	0.946684	6.93388	4.26463	52.7524	
0.966401	-0.0207555	-0.2562	-0.0330676	0.978413	-0.203997	0.254903	0.205615	0.944853	7.11991	4.41393	53.4469	
0.965523	-0.0214673	-0.259432	-0.0342899	0.977422	-0.208495	0.25805	0.210203	0.942987	7.30826	4.56661	54.1401	
0.964633	-0.0221958	-0.262661	-0.0355275	0.976409	-0.212986	0.261192	0.214785	0.941088	7.49891	4.72265	54.8319	
0.963731	-0.0229408	-0.265888	-0.0367805	0.975374	-0.217469	0.264329	0.219361	0.939154	7.69187	4.88206	55.5222	
0.962817	-0.0237025	-0.269112	-0.0380488	0.974317	-0.221944	0.267461	0.223931	0.937187	7.88712	5.04483	56.2112	
0.961892	-0.0244808	-0.272333	-0.0393323	0.973237	-0.226411	0.270587	0.228494	0.935186	8.08468	5.21094	56.8987	
0.960954	-0.0252756	-0.27555	-0.040631	0.972136	-0.230869	0.273708	0.23305	0.933152	8.28453	5.38041	57.5847	
0.960005	-0.0260869	-0.278764	-0.0419449	0.971013	-0.235318	0.276822	0.237599	0.931083	8.48667	5.55322	58.2692	
0.959045	-0.0269147	-0.281973	-0.0432739	0.969868	-0.239758	0.27993	0.242141	0.928982	8.69109	5.72937	58.9521	
0.958072	-0.0277589	-0.285178	-0.0446181	0.968701	-0.244189	0.283031	0.246675	0.926847	8.8978	5.90885	59.6335	
0.957089	-0.0286194	-0.288378	-0.0459772	0.967512	-0.24861	0.286125	0.251201	0.924679	9.10678	6.09165	60.3134	
0.956094	-0.0294962	-0.291573	-0.0473513	0.966301	-0.253022	0.289211	0.255719	0.922477	9.31802	6.27778	60.9916	
0.955087	-0.0303893	-0.294763	-0.0487404	0.965069	-0.257424	0.29229	0.260229	0.920243	9.53153	6.46722	61.6682	
0.954069	-0.0312986	-0.297947	-0.0501444	0.963814	-0.261816	0.29536	0.264731	0.917976	9.7473	6.65997	62.3431	
0.95304	-0.032224	-0.301125	-0.0515632	0.962538	-0.266197	0.298422	0.269224	0.915676	9.96532	6.85603	63.0164	
0.952	-0.0331655	-0.304297	-0.0529968	0.961241	-0.270568	0.301476	0.273707	0.913344	10.1856	7.05538	63.688	
0.950948	-0.0341229	-0.307462	-0.0544451	0.959922	-0.274928	0.30452	0.278182	0.910979	10.4081	7.25802	64.3578	
0.949886	-0.0350963	-0.310619	-0.055908	0.958582	-0.279277	0.307556	0.282647	0.908581	10.6328	7.46394	65.0259	
0.948813	-0.0360854	-0.31377	-0.0573856	0.95722	-0.283615	0.310581	0.287103	0.906152	10.8598	7.67313	65.6922	
0.947729	-0.0370904	-0.316913	-0.0588777	0.955836	-0.287941	0.313597	0.291549	0.90369	11.089	7.8856	66.3567	
0.946634	-0.038111	-0.320049	-0.0603842	0.954432	-0.292256	0.316603	0.295985	0.901197	11.3204	8.10133	67.0194	
0.945529	-0.0391472	-0.323176	-0.0619052	0.953006	-0.296559	0.319598	0.300411	0.898671	11.554	8.32031	67.6803	
0.944413	-0.0401988	-0.326294	-0.0634405	0.951559	-0.30085	0.322582	0.304827	0.896115	11.7898	8.54253	68.3393	
0.943287	-0.0412659	-0.329404	-0.06499	0.950091	-0.305128	0.325555	0.309232	0.893526	12.0277	8.768	68.9964	
0.94215	-0.0423483	-0.332505	-0.0665538	0.948602	-0.309395	0.328517	0.313626	0.890907	12.2679	8.9967	69.6516	
0.942291	-0.0422098	-0.332124	-0.072568	0.942686	-0.325694	0.326836	0.331	0.885221	12.5085	9.23339	70.3038	
