1	0	0	0	1	0	0	0	1	0	0	0	
1	-1.43755e-06	-0.000759291	-1.43755e-06	0.999993	-0.00378655	0.000759291	0.00378655	0.999993	0.000316372	0.00157773	0.833331	
0.999999	-5.76177e-06	-0.00152042	-5.75696e-06	0.999971	-0.00757592	0.00152042	0.00757592	0.99997	0.00126625	0.0063121	1.66665	
0.999997	-1.29887e-05	-0.00228336	-1.29694e-05	0.999935	-0.011368	0.00228336	0.011368	0.999933	0.00285116	0.0142054	2.49994	
0.999995	-2.31342e-05	-0.0030481	-2.3086e-05	0.999885	-0.0151627	0.0030481	0.0151627	0.99988	0.00507261	0.0252599	3.3332	
0.999993	-3.62139e-05	-0.00381462	-3.61174e-05	0.99982	-0.0189598	0.00381462	0.0189598	0.999813	0.00793208	0.0394776	4.16641	
0.999989	-5.22435e-05	-0.00458289	-5.20745e-05	0.999741	-0.0227594	0.0045829	0.0227594	0.99973	0.011431	0.0568606	4.99955	
0.999986	-7.12384e-05	-0.00535291	-7.09678e-05	0.999647	-0.0265613	0.00535291	0.0265613	0.999633	0.015571	0.077411	5.83262	
0.999981	-9.32137e-05	-0.00612464	-9.28075e-05	0.999539	-0.0303653	0.00612465	0.0303653	0.99952	0.0203533	0.10113	6.6656	
0.999976	-0.000118185	-0.00689807	-0.000117604	0.999416	-0.0341714	0.00689808	0.0341714	0.999392	0.0257794	0.128021	7.49848	
0.999971	-0.000146166	-0.00767318	-0.000145367	0.999279	-0.0379795	0.00767319	0.0379795	0.999249	0.0318508	0.158084	8.33125	
0.999964	-0.000177173	-0.00844995	-0.000176107	0.999126	-0.0417894	0.00844997	0.0417894	0.999091	0.0385688	0.191321	9.16389	
0.999957	-0.000211219	-0.00922835	-0.000209832	0.99896	-0.0456011	0.00922838	0.0456011	0.998917	0.0459348	0.227733	9.9964	
0.99995	-0.00024832	-0.0100084	-0.000246554	0.998778	-0.0494144	0.0100084	0.0494144	0.998728	0.0539501	0.267323	10.8288	
0.999942	-0.000288489	-0.01079	-0.00028628	0.998582	-0.0532293	0.0107901	0.0532293	0.998524	0.0626162	0.310092	11.6609	
0.999933	-0.000331742	-0.0115732	-0.000329021	0.998372	-0.0570456	0.0115733	0.0570456	0.998304	0.0719342	0.356039	12.493	
0.999924	-0.00037809	-0.0123579	-0.000374784	0.998146	-0.0608633	0.012358	0.0608633	0.99807	0.0819056	0.405168	13.3248	
0.999914	-0.00042755	-0.0131442	-0.00042358	0.997906	-0.0646821	0.0131444	0.0646821	0.997819	0.0925317	0.457479	14.1564	
0.999903	-0.000480133	-0.013932	-0.000475416	0.997651	-0.0685021	0.0139322	0.0685021	0.997554	0.103814	0.512972	14.9878	
0.999891	-0.000535853	-0.0147213	-0.000530301	0.997381	-0.0723232	0.0147215	0.0723231	0.997273	0.115753	0.57165	15.819	
0.99988	-0.000594725	-0.0155121	-0.000588244	0.997097	-0.0761451	0.0155124	0.076145	0.996976	0.12835	0.633511	16.6499	
0.999867	-0.00065676	-0.0163043	-0.000649252	0.996797	-0.0799678	0.0163046	0.0799677	0.996664	0.141607	0.698558	17.4806	
0.999854	-0.000721973	-0.017098	-0.000713333	0.996483	-0.0837912	0.0170984	0.0837912	0.996337	0.155525	0.766791	18.311	
0.99984	-0.000790374	-0.0178931	-0.000780495	0.996154	-0.0876152	0.0178935	0.0876152	0.995994	0.170105	0.838211	19.1412	
0.999825	-0.000861978	-0.0186895	-0.000850746	0.99581	-0.0914397	0.01869	0.0914396	0.995635	0.185348	0.912817	19.971	
0.99981	-0.000936797	-0.0194873	-0.000924093	0.995452	-0.0952646	0.0194879	0.0952645	0.995261	0.201256	0.990611	20.8006	
0.999794	-0.00101484	-0.0202865	-0.00100054	0.995078	-0.0990898	0.0202872	0.0990897	0.994872	0.217829	1.07159	21.6298	
0.999777	-0.00109613	-0.021087	-0.0010801	0.99469	-0.102915	0.0210878	0.102915	0.994467	0.235068	1.15576	22.4587	
0.99976	-0.00118066	-0.0218888	-0.00116278	0.994286	-0.106741	0.0218897	0.10674	0.994046	0.252976	1.24312	23.2872	
0.999742	-0.00126846	-0.0226918	-0.00124858	0.993868	-0.110566	0.0226929	0.110566	0.99361	0.271552	1.33366	24.1154	
0.999723	-0.00135953	-0.0234962	-0.00133752	0.993435	-0.114391	0.0234974	0.114391	0.993158	0.290798	1.42739	24.9432	
0.999704	-0.00145389	-0.0243017	-0.00142959	0.992987	-0.118216	0.0243032	0.118216	0.99269	0.310715	1.52431	25.7707	
0.999684	-0.00155154	-0.0251085	-0.0015248	0.992524	-0.122041	0.0251101	0.12204	0.992207	0.331304	1.62442	26.5977	
0.999663	-0.00165251	-0.0259165	-0.00162316	0.992046	-0.125865	0.0259183	0.125865	0.991709	0.352566	1.72771	27.4243	
0.999641	-0.00175679	-0.0267256	-0.00172468	0.991553	-0.129689	0.0267277	0.129688	0.991195	0.374501	1.83419	28.2505	
0.999619	-0.0018644	-0.0275359	-0.00182936	0.991046	-0.133512	0.0275383	0.133511	0.990665	0.397112	1.94386	29.0763	
0.999596	-0.00197534	-0.0283473	-0.0019372	0.990523	-0.137334	0.0283499	0.137333	0.990119	0.420399	2.05671	29.9017	
0.999573	-0.00208964	-0.0291598	-0.00204821	0.989985	-0.141155	0.0291628	0.141154	0.989558	0.444363	2.17275	30.7265	
0.999548	-0.0022073	-0.0299734	-0.00216241	0.989433	-0.144975	0.0299767	0.144975	0.988981	0.469004	2.29197	31.5509	
0.999523	-0.00232833	-0.0307881	-0.00227978	0.988865	-0.148795	0.0307917	0.148794	0.988389	0.494324	2.41437	32.3748	
0.999497	-0.00245274	-0.0316038	-0.00240034	0.988283	-0.152613	0.0316078	0.152612	0.987781	0.520324	2.53996	33.1982	
0.999471	-0.00258054	-0.0324205	-0.00252409	0.987686	-0.156429	0.0324249	0.156429	0.987157	0.547005	2.66873	34.0211	
0.999444	-0.00271174	-0.0332382	-0.00265104	0.987074	-0.160245	0.0332431	0.160244	0.986518	0.574366	2.80067	34.8435	
0.999416	-0.00284634	-0.0340568	-0.00278118	0.986447	-0.164059	0.0340622	0.164058	0.985862	0.60241	2.9358	35.6653	
0.999387	-0.00298436	-0.0348764	-0.00291453	0.985805	-0.167871	0.0348823	0.16787	0.985192	0.631137	3.0741	36.4866	
0.999358	-0.00312581	-0.0356969	-0.00305109	0.985148	-0.171682	0.0357034	0.17168	0.984506	0.660548	3.21558	37.3073	
0.999328	-0.00327069	-0.0365184	-0.00319086	0.984476	-0.175491	0.0365254	0.175489	0.983804	0.690643	3.36024	38.1274	
0.999297	-0.00341902	-0.0373407	-0.00333384	0.983789	-0.179297	0.0373484	0.179296	0.983086	0.721424	3.50806	38.947	
0.999265	-0.00357079	-0.0381638	-0.00348004	0.983088	-0.183102	0.0381722	0.183101	0.982353	0.752891	3.65906	39.7659	
0.999233	-0.00372603	-0.0389878	-0.00362946	0.982371	-0.186905	0.0389969	0.186903	0.981604	0.785045	3.81323	40.5842	
0.9992	-0.00388473	-0.0398126	-0.00378211	0.98164	-0.190706	0.0398224	0.190704	0.98084	0.817886	3.97057	41.4019	
0.999166	-0.0040469	-0.0406381	-0.00393798	0.980894	-0.194504	0.0406488	0.194502	0.98006	0.851416	4.13107	42.2189	
0.999131	-0.00421256	-0.0414644	-0.00409709	0.980133	-0.1983	0.041476	0.198298	0.979264	0.885635	4.29474	43.0353	
0.999096	-0.00438171	-0.0422915	-0.00425942	0.979357	-0.202093	0.042304	0.202091	0.978453	0.920543	4.46156	43.851	
0.99906	-0.00455435	-0.0431192	-0.00442499	0.978566	-0.205884	0.0431327	0.205881	0.977626	0.956142	4.63155	44.6661	
0.999023	-0.0047305	-0.0439477	-0.0045938	0.977761	-0.209672	0.0439622	0.209669	0.976784	0.992431	4.8047	45.4804	
0.998985	-0.00491015	-0.0447768	-0.00476584	0.976941	-0.213457	0.0447924	0.213454	0.975926	1.02941	4.981	46.294	
0.998946	-0.00509333	-0.0456066	-0.00494113	0.976106	-0.21724	0.0456233	0.217236	0.975052	1.06709	5.16046	47.1069	
0.998777	-0.00587343	-0.0490876	-0.00505806	0.975567	-0.219644	0.0491783	0.219624	0.974344	1.10659	5.34248	47.9192	
0.998595	-0.00666323	-0.0525712	-0.00518418	0.97502	-0.222055	0.0527376	0.222015	0.973616	1.14905	5.5265	48.7308	
0.9984	-0.0074627	-0.0560571	-0.00531954	0.974466	-0.224471	0.0563009	0.22441	0.972867	1.19448	5.71251	49.5419	
0.998191	-0.00827183	-0.0595448	-0.00546418	0.973904	-0.226893	0.0598678	0.226808	0.972098	1.24289	5.90052	50.3523	
0.99797	-0.00909059	-0.0630341	-0.00561817	0.973335	-0.22932	0.063438	0.229208	0.971308	1.29427	6.09052	51.162	
0.997735	-0.00991896	-0.0665247	-0.00578152	0.972758	-0.231751	0.0670112	0.231611	0.970498	1.34862	6.28253	51.9711	
0.997488	-0.0107569	-0.0700163	-0.00595428	0.972173	-0.234187	0.0705871	0.234016	0.969667	1.40595	6.47654	52.7795	
0.997227	-0.0116044	-0.0735085	-0.00613649	0.971581	-0.236627	0.0741654	0.236422	0.968816	1.46627	6.67256	53.5872	
0.996953	-0.0124615	-0.0770011	-0.00632817	0.970981	-0.239071	0.0777458	0.23883	0.967944	1.52956	6.87058	54.3942	
0.996666	-0.013328	-0.0804937	-0.00652935	0.970374	-0.241518	0.081328	0.241238	0.967052	1.59584	7.07061	55.2005	
0.996366	-0.0142039	-0.0839861	-0.00674004	0.96976	-0.243968	0.0849117	0.243648	0.96614	1.66511	7.27264	56.006	
0.996052	-0.0150893	-0.087478	-0.00696026	0.969138	-0.246421	0.0884966	0.246057	0.965207	1.73736	7.47669	56.8107	
0.995725	-0.0159841	-0.090969	-0.00719003	0.968509	-0.248876	0.0920823	0.248466	0.964254	1.8126	7.68274	57.6146	
0.995386	-0.0168881	-0.0944589	-0.00742935	0.967872	-0.251333	0.0956687	0.250875	0.96328	1.89083	7.8908	58.4178	
0.995032	-0.0178015	-0.0979473	-0.00767823	0.967228	-0.253792	0.0992553	0.253283	0.962287	1.97205	8.10087	59.2201	
0.994666	-0.0187241	-0.101434	-0.00793667	0.966578	-0.256251	0.102842	0.25569	0.961273	2.05626	8.31294	60.0216	
0.994287	-0.0196558	-0.104919	-0.00820466	0.96592	-0.258712	0.106428	0.258095	0.96024	2.14346	8.52702	60.8222	
0.993894	-0.0205967	-0.108401	-0.0084822	0.965255	-0.261173	0.110014	0.260498	0.959186	2.23364	8.7431	61.622	
0.993488	-0.0215467	-0.111881	-0.00876928	0.964583	-0.263635	0.113599	0.262899	0.958112	2.32681	8.96118	62.4209	
0.993069	-0.0225056	-0.115358	-0.00906587	0.963904	-0.266096	0.117183	0.265298	0.957019	2.42297	9.18126	63.2188	
0.992637	-0.0234735	-0.118832	-0.00937196	0.963218	-0.268557	0.120765	0.267693	0.955906	2.52212	9.40334	64.0159	
0.992192	-0.0244503	-0.122302	-0.00968752	0.962526	-0.271017	0.124345	0.270085	0.954773	2.62425	9.62742	64.812	
0.991733	-0.0254359	-0.125769	-0.0100125	0.961827	-0.273475	0.127924	0.272474	0.953621	2.72936	9.85348	65.6072	
0.991262	-0.0264302	-0.129232	-0.0103469	0.961121	-0.275932	0.1315	0.274858	0.95245	2.83745	10.0815	66.4014	
0.990778	-0.0274332	-0.13269	-0.0106907	0.960409	-0.278388	0.135074	0.277239	0.951259	2.94852	10.3116	67.1946	
0.990281	-0.0284447	-0.136144	-0.0110439	0.959691	-0.28084	0.138644	0.279614	0.950049	3.06257	10.5436	67.9868	
0.989771	-0.0294648	-0.139593	-0.0114063	0.958966	-0.283291	0.142212	0.281985	0.94882	3.1796	10.7776	68.778	
0.989247	-0.0304933	-0.143037	-0.0117779	0.958235	-0.285738	0.145776	0.28435	0.947573	3.29959	11.0136	69.5681	
0.988712	-0.0315302	-0.146476	-0.0121588	0.957498	-0.288182	0.149337	0.28671	0.946306	3.42256	11.2515	70.3573	
0.985719	-0.0368512	-0.164318	-0.0107537	0.959996	-0.279806	0.168056	0.277577	0.94589	3.55481	11.4866	71.1457	
0.982374	-0.0419988	-0.182149	-0.00918327	0.962413	-0.271435	0.186703	0.268323	0.945063	3.70263	11.7141	71.9336	
0.978677	-0.0469708	-0.199961	-0.00744806	0.964747	-0.263073	0.205268	0.258953	0.943826	3.86596	11.9338	72.7207	
0.974632	-0.0517651	-0.217745	-0.00554888	0.966998	-0.254724	0.223745	0.24947	0.94218	4.04472	12.1457	73.5066	
0.970239	-0.0563794	-0.235494	-0.00348654	0.969164	-0.246391	0.242124	0.239879	0.940124	4.23884	12.3496	74.2909	
0.9655	-0.0608119	-0.253201	-0.00126194	0.971245	-0.238078	0.260398	0.230184	0.937661	4.44823	12.5454	75.0733	
0.960418	-0.0650607	-0.270858	0.00112396	0.97324	-0.229789	0.27856	0.220389	0.93479	4.6728	12.7332	75.8535	
0.954995	-0.0691238	-0.288456	0.00367012	0.975147	-0.221527	0.2966	0.210499	0.931514	4.91246	12.9127	76.6312	
0.949232	-0.0729995	-0.305989	0.00637543	0.976967	-0.213296	0.314512	0.200517	0.927834	5.1671	13.084	77.406	
0.943133	-0.0766862	-0.323449	0.00923872	0.978698	-0.2051	0.332287	0.190448	0.923751	5.43661	13.2469	78.1775	
0.9367	-0.0801821	-0.340828	0.0122588	0.980339	-0.196941	0.349918	0.180296	0.919266	5.72087	13.4014	78.9454	
0.929936	-0.0834859	-0.358118	0.0154342	0.98189	-0.188823	0.367397	0.170066	0.914383	6.01977	13.5474	79.7095	
0.922844	-0.0865961	-0.375313	0.0187637	0.98335	-0.180751	0.384717	0.159763	0.909103	6.33316	13.6848	80.4693	
