1	0	0	0	1	0	0	0	1	0	0	0	
0.999994	-1.46372e-06	0.00360366	-1.46372e-06	1	0.00081235	-0.00360366	-0.00081235	0.999993	-0.00190284	-0.000428946	1.05606	
0.999974	-5.85845e-06	0.0072108	-5.85414e-06	0.999999	0.00162429	-0.0072108	-0.00162429	0.999973	-0.00761321	-0.00171557	2.1121	
0.999941	-1.31881e-05	0.0108213	-1.31709e-05	0.999997	0.00243578	-0.0108213	-0.00243578	0.999938	-0.0171347	-0.00385941	3.16812	
0.999896	-2.34562e-05	0.0144349	-2.3413e-05	0.999995	0.00324677	-0.0144349	-0.00324677	0.999891	-0.0304707	-0.00685997	4.22409	
0.999837	-3.66658e-05	0.0180514	-3.65793e-05	0.999992	0.00405723	-0.0180514	-0.00405723	0.999829	-0.0476245	-0.0107167	5.28	
0.999765	-5.28194e-05	0.0216708	-5.26679e-05	0.999988	0.00486712	-0.0216708	-0.00486712	0.999753	-0.068599	-0.015429	6.33584	
0.99968	-7.19191e-05	0.0252928	-7.16765e-05	0.999984	0.00567639	-0.0252928	-0.00567638	0.999664	-0.0933973	-0.0209963	7.3916	
0.999582	-9.39666e-05	0.0289172	-9.36024e-05	0.999979	0.006485	-0.0289172	-0.00648499	0.999561	-0.122022	-0.0274179	8.44725	
0.99947	-0.000118963	0.0325439	-0.000118442	0.999973	0.00729292	-0.0325439	-0.00729291	0.999444	-0.154475	-0.0346931	9.50279	
0.999346	-0.000146909	0.0361726	-0.000146193	0.999967	0.00810009	-0.0361726	-0.00810008	0.999313	-0.19076	-0.042821	10.5582	
0.999208	-0.000177806	0.0398033	-0.00017685	0.99996	0.0089065	-0.0398033	-0.00890648	0.999168	-0.230877	-0.051801	11.6135	
0.999056	-0.000211652	0.0434358	-0.000210409	0.999953	0.00971208	-0.0434358	-0.00971205	0.999009	-0.27483	-0.0616322	12.6685	
0.998892	-0.000248447	0.0470698	-0.000246864	0.999945	0.0105168	-0.0470698	-0.0105168	0.998836	-0.32262	-0.0723136	13.7235	
0.998714	-0.000288191	0.0507052	-0.000286211	0.999936	0.0113206	-0.0507052	-0.0113206	0.99865	-0.374248	-0.0838444	14.7782	
0.998522	-0.000330881	0.0543418	-0.000328443	0.999926	0.0121235	-0.0543418	-0.0121235	0.998449	-0.429716	-0.0962236	15.8327	
0.998318	-0.000376516	0.0579794	-0.000373554	0.999916	0.0129255	-0.0579795	-0.0129254	0.998234	-0.489025	-0.10945	16.887	
0.9981	-0.000425094	0.061618	-0.000421538	0.999906	0.0137264	-0.061618	-0.0137263	0.998005	-0.552176	-0.123523	17.9411	
0.997868	-0.000476611	0.0652572	-0.000472386	0.999894	0.0145262	-0.0652572	-0.0145261	0.997763	-0.61917	-0.138441	18.995	
0.997624	-0.000531065	0.0688969	-0.000526092	0.999882	0.015325	-0.0688969	-0.0153248	0.997506	-0.690008	-0.154203	20.0485	
0.997366	-0.00058845	0.072537	-0.000582646	0.99987	0.0161226	-0.072537	-0.0161224	0.997235	-0.764689	-0.170808	21.1018	
0.997094	-0.000648765	0.0761772	-0.000642042	0.999857	0.0169191	-0.0761773	-0.0169188	0.996951	-0.843215	-0.188255	22.1548	
0.996809	-0.000712003	0.0798174	-0.000704269	0.999843	0.0177143	-0.0798175	-0.017714	0.996652	-0.925585	-0.206542	23.2075	
0.996511	-0.00077816	0.0834575	-0.000769318	0.999828	0.0185083	-0.0834576	-0.018508	0.996339	-1.0118	-0.225669	24.2598	
0.996199	-0.000847229	0.0870972	-0.00083718	0.999813	0.0193011	-0.0870973	-0.0193006	0.996013	-1.10186	-0.245633	25.3119	
0.995875	-0.000919207	0.0907363	-0.000907843	0.999798	0.0200925	-0.0907364	-0.020092	0.995672	-1.19576	-0.266433	26.3635	
0.995536	-0.000994085	0.0943748	-0.000981298	0.999781	0.0208825	-0.0943749	-0.0208819	0.995318	-1.2935	-0.288069	27.4148	
0.995185	-0.00107186	0.0980124	-0.00105753	0.999765	0.0216712	-0.0980125	-0.0216705	0.994949	-1.39509	-0.310538	28.4658	
0.99482	-0.00115252	0.101649	-0.00113654	0.999747	0.0224584	-0.101649	-0.0224576	0.994567	-1.50052	-0.333839	29.5163	
0.994441	-0.00123606	0.105284	-0.0012183	0.999729	0.0232442	-0.105284	-0.0232433	0.99417	-1.60979	-0.35797	30.5664	
0.99405	-0.00132246	0.108918	-0.0013028	0.99971	0.0240285	-0.108918	-0.0240274	0.99376	-1.72289	-0.382931	31.6161	
0.993645	-0.00141174	0.11255	-0.00139004	0.999691	0.0248112	-0.112551	-0.0248099	0.993336	-1.83983	-0.408718	32.6653	
0.993227	-0.00150386	0.116181	-0.00147999	0.999671	0.0255923	-0.116181	-0.0255909	0.992898	-1.96061	-0.435332	33.7141	
0.992796	-0.00159883	0.11981	-0.00157265	0.999651	0.0263718	-0.11981	-0.0263703	0.992447	-2.08522	-0.462769	34.7625	
0.992351	-0.00169664	0.123436	-0.00166801	0.99963	0.0271497	-0.123437	-0.0271479	0.991981	-2.21366	-0.491028	35.8103	
0.991893	-0.00179727	0.12706	-0.00176603	0.999608	0.0279259	-0.127061	-0.0279239	0.991502	-2.34593	-0.520108	36.8576	
0.991422	-0.00190071	0.130682	-0.00186672	0.999586	0.0287004	-0.130683	-0.0286982	0.991009	-2.48203	-0.550006	37.9045	
0.990938	-0.00200696	0.134302	-0.00197006	0.999564	0.0294731	-0.134302	-0.0294706	0.990502	-2.62195	-0.580721	38.9508	
0.990441	-0.00211599	0.137918	-0.00207602	0.99954	0.0302441	-0.137919	-0.0302413	0.989982	-2.76569	-0.612251	39.9965	
0.989931	-0.00222781	0.141532	-0.00218461	0.999517	0.0310132	-0.141532	-0.0310101	0.989448	-2.91325	-0.644593	41.0417	
0.989408	-0.00234239	0.145142	-0.00229579	0.999492	0.0317804	-0.145143	-0.031777	0.9889	-3.06462	-0.677747	42.0863	
0.988872	-0.00245973	0.148749	-0.00240955	0.999467	0.0325458	-0.14875	-0.032542	0.988339	-3.21981	-0.711709	43.1304	
0.988323	-0.00257981	0.152353	-0.00252588	0.999442	0.0333092	-0.152354	-0.0333051	0.987765	-3.3788	-0.746478	44.1738	
0.987761	-0.00270262	0.155953	-0.00264475	0.999416	0.0340707	-0.155954	-0.0340662	0.987177	-3.5416	-0.782053	45.2167	
0.987186	-0.00282814	0.159549	-0.00276615	0.999389	0.0348302	-0.15955	-0.0348252	0.986575	-3.70819	-0.818429	46.2589	
0.986598	-0.00295636	0.163141	-0.00289007	0.999362	0.0355877	-0.163142	-0.0355822	0.985961	-3.87858	-0.855607	47.3004	
0.985998	-0.00308726	0.166729	-0.00301648	0.999335	0.0363431	-0.16673	-0.0363371	0.985333	-4.05277	-0.893582	48.3413	
0.985385	-0.00322084	0.170313	-0.00314536	0.999307	0.0370964	-0.170314	-0.0370899	0.984692	-4.23074	-0.932354	49.3816	
0.984759	-0.00335707	0.173892	-0.0032767	0.999278	0.0378476	-0.173894	-0.0378406	0.984037	-4.41249	-0.97192	50.4211	
0.984121	-0.00349593	0.177467	-0.00341047	0.999249	0.0385966	-0.177469	-0.038589	0.98337	-4.59802	-1.01228	51.46	
0.98347	-0.00363742	0.181037	-0.00354666	0.999219	0.0393435	-0.181038	-0.0393352	0.982689	-4.78732	-1.05342	52.4981	
0.982806	-0.00378152	0.184602	-0.00368524	0.999189	0.0400881	-0.184603	-0.0400792	0.981996	-4.98039	-1.09536	53.5355	
0.98213	-0.0039282	0.188161	-0.0038262	0.999159	0.0408305	-0.188163	-0.0408208	0.981289	-5.17722	-1.13807	54.5722	
0.981442	-0.00407745	0.191716	-0.00396951	0.999128	0.0415706	-0.191718	-0.0415602	0.98057	-5.37781	-1.18157	55.6081	
0.980742	-0.00422926	0.195264	-0.00411515	0.999096	0.0423084	-0.195267	-0.0422972	0.979838	-5.58215	-1.22585	56.6433	
0.980029	-0.0043836	0.198808	-0.0042631	0.999064	0.0430439	-0.19881	-0.0430318	0.979093	-5.79024	-1.27091	57.6776	
0.979304	-0.00454045	0.202345	-0.00441334	0.999032	0.043777	-0.202348	-0.043764	0.978335	-6.00206	-1.31674	58.7112	
0.978567	-0.0046998	0.205877	-0.00456585	0.998999	0.0445076	-0.20588	-0.0444937	0.977565	-6.21762	-1.36334	59.744	
0.977818	-0.00486163	0.209402	-0.00472059	0.998965	0.0452359	-0.209405	-0.045221	0.976783	-6.4369	-1.41072	60.776	
0.977057	-0.00502592	0.212921	-0.00487756	0.998931	0.0459617	-0.212924	-0.0459457	0.975988	-6.6599	-1.45885	61.8071	
0.976284	-0.00519265	0.216433	-0.00503672	0.998897	0.046685	-0.216437	-0.0466679	0.975181	-6.88662	-1.50776	62.8374	
0.975499	-0.00536179	0.219939	-0.00519806	0.998862	0.0474058	-0.219943	-0.0473875	0.974361	-7.11704	-1.55742	63.8668	
0.974702	-0.00553333	0.223438	-0.00536155	0.998827	0.048124	-0.223443	-0.0481045	0.973529	-7.35116	-1.60784	64.8953	
0.973894	-0.00570724	0.226931	-0.00552716	0.998791	0.0488396	-0.226935	-0.0488189	0.972686	-7.58898	-1.65902	65.923	
0.973075	-0.0058835	0.230416	-0.00569487	0.998755	0.0495527	-0.23042	-0.0495307	0.97183	-7.83048	-1.71095	66.9498	
0.972243	-0.0060621	0.233893	-0.00586466	0.998719	0.0502631	-0.233898	-0.0502397	0.970962	-8.07565	-1.76364	67.9756	
0.97227	-0.0060565	0.233785	-0.00575134	0.998743	0.0497926	-0.233792	-0.0497564	0.971013	-8.32261	-1.81644	69.001	
0.972297	-0.00605074	0.233672	-0.0056376	0.998767	0.0493201	-0.233682	-0.0492711	0.971064	-8.56945	-1.86873	70.0265	
0.972325	-0.00604482	0.233554	-0.00552343	0.998791	0.0488455	-0.233567	-0.0487837	0.971116	-8.81617	-1.9205	71.052	
0.977876	-0.00492304	0.209125	-0.00369611	0.99916	0.0408045	-0.20915	-0.0406747	0.977037	-9.04995	-1.96774	72.0808	
0.982814	-0.00400498	0.184556	-0.00207096	0.999462	0.0327174	-0.184588	-0.0325374	0.982277	-9.25787	-2.0064	73.1154	
0.987134	-0.00329129	0.159864	-0.000649097	0.999697	0.0245899	-0.159896	-0.0243773	0.986833	-9.43978	-2.03646	74.1552	
0.990833	-0.00278246	0.135066	0.000568476	0.999865	0.0164276	-0.135094	-0.0162003	0.9907	-9.59555	-2.05788	75.1995	
0.993909	-0.00247885	0.11018	0.00158091	0.999965	0.00823629	-0.110197	-0.00801193	0.993877	-9.72508	-2.07067	76.2475	
0.996359	-0.00238066	0.0852232	0.00238751	0.999997	2.15707e-05	-0.085223	0.000181979	0.996362	-9.82827	-2.0748	77.2984	
0.998182	-0.00248797	0.0602126	0.0029877	0.999962	-0.00821079	-0.0601899	0.00837577	0.998152	-9.90506	-2.07029	78.3517	
0.999378	-0.00280071	0.0351659	0.00338107	0.999859	-0.0164551	-0.0351148	0.0165637	0.999246	-9.95538	-2.05712	79.4064	
0.999943	-0.00331864	0.0101004	0.00356735	0.999688	-0.0247055	-0.0100153	0.0247401	0.999644	-9.97922	-2.0353	80.4619	
0.99988	-0.00404142	-0.0149663	0.0035464	0.999451	-0.0329563	0.0150913	0.0328993	0.999345	-9.97653	-2.00487	81.5175	
0.999187	-0.00496854	-0.0400168	0.00331823	0.999145	-0.0412018	0.0401873	0.0410355	0.998349	-9.94734	-1.96583	82.5724	
0.997864	-0.00609936	-0.0650336	0.00288302	0.998773	-0.0494362	0.0652553	0.0491431	0.996658	-9.89166	-1.91821	83.6259	
0.995914	-0.00743307	-0.0899992	0.00224105	0.998334	-0.0576538	0.0902778	0.0572165	0.994272	-9.80953	-1.86204	84.6772	
0.993337	-0.00896877	-0.114896	0.00139279	0.997829	-0.0658488	0.115237	0.06525	0.991193	-9.70101	-1.79737	85.7257	
0.990135	-0.0107054	-0.139708	0.000338814	0.997257	-0.0740155	0.140117	0.073238	0.987423	-9.56617	-1.72424	86.7705	
0.98631	-0.0126417	-0.164416	-0.000920137	0.99662	-0.0821483	0.164898	0.081175	0.982964	-9.4051	-1.6427	87.811	
0.981865	-0.0147763	-0.189003	-0.00238319	0.995917	-0.0902415	0.189565	0.0890554	0.977821	-9.21792	-1.55281	88.8464	
0.976803	-0.0171078	-0.213453	-0.00404931	0.99515	-0.0982893	0.2141	0.0968737	0.971996	-9.00476	-1.45463	89.876	
0.971128	-0.0196345	-0.237749	-0.00591736	0.994318	-0.106286	0.238485	0.104625	0.965494	-8.76577	-1.34822	90.8992	
0.964843	-0.0223547	-0.261873	-0.00798602	0.993423	-0.114227	0.262704	0.112302	0.958319	-8.50111	-1.23367	91.915	
0.957954	-0.0252665	-0.285809	-0.0102538	0.992464	-0.122105	0.28674	0.119902	0.950476	-8.21097	-1.11106	92.923	
0.950463	-0.0283678	-0.309539	-0.0127193	0.991443	-0.129917	0.310576	0.127418	0.94197	-7.89555	-0.980456	93.9223	
0.942378	-0.0316565	-0.333048	-0.0153806	0.990361	-0.137655	0.334196	0.134845	0.932808	-7.55507	-0.841965	94.9123	
0.933703	-0.0351303	-0.35632	-0.0182359	0.989217	-0.145314	0.357583	0.142178	0.922995	-7.18977	-0.69568	95.8923	
0.924445	-0.0387868	-0.379337	-0.0212832	0.988014	-0.152891	0.38072	0.149413	0.912539	-6.7999	-0.541702	96.8616	
0.91461	-0.0426233	-0.402084	-0.0245205	0.986751	-0.160378	0.403592	0.156543	0.901448	-6.38574	-0.380139	97.8195	
0.904205	-0.0466374	-0.424544	-0.0279454	0.98543	-0.167771	0.426183	0.163563	0.889727	-5.94757	-0.211103	98.7653	
0.893237	-0.0508261	-0.446703	-0.0315556	0.984051	-0.175065	0.448477	0.17047	0.877387	-5.48569	-0.0347131	99.6985	
0.881714	-0.0551865	-0.468545	-0.0353485	0.982616	-0.182254	0.470458	0.177258	0.864435	-5.00044	0.148909	100.618	
0.869644	-0.0597156	-0.490055	-0.0393215	0.981125	-0.189334	0.492111	0.183923	0.850881	-4.49214	0.339635	101.524	
0.857035	-0.0644102	-0.511217	-0.0434718	0.97958	-0.1963	0.513422	0.190459	0.836734	-3.96116	0.537331	102.415	
