1	0	0	0	1	0	0	0	1	0	0	0	
0.999998	5.72067e-06	0.00203422	5.72067e-06	0.999984	-0.00562438	-0.00203422	0.00562438	0.999982	-0.00109571	0.0030295	1.07727	
0.999992	2.28775e-05	0.00406767	2.28834e-05	0.999937	-0.0112495	-0.00406767	0.0112495	0.999928	-0.00438242	0.0121184	2.15449	
0.999981	5.14639e-05	0.00610027	5.14873e-05	0.999858	-0.0168751	-0.00610027	0.0168751	0.999839	-0.00985926	0.0272674	3.23164	
0.999967	9.14725e-05	0.00813194	9.15312e-05	0.999747	-0.0225011	-0.00813194	0.0225011	0.999714	-0.0175253	0.048477	4.30868	
0.999948	0.000142896	0.0101626	0.000143013	0.999604	-0.0281271	-0.0101626	0.0281271	0.999553	-0.0273794	0.0757472	5.38556	
0.999926	0.000205725	0.0121922	0.00020593	0.99943	-0.033753	-0.0121922	0.033753	0.999356	-0.0394205	0.109078	6.46225	
0.999899	0.000279952	0.0142206	0.00028028	0.999224	-0.0393786	-0.0142206	0.0393786	0.999123	-0.0536474	0.14847	7.53871	
0.999868	0.000365566	0.0162477	0.000366059	0.998987	-0.0450036	-0.0162477	0.0450036	0.998855	-0.0700588	0.193921	8.61489	
0.999833	0.000462559	0.0182736	0.000463262	0.998717	-0.0506278	-0.0182735	0.0506278	0.99855	-0.0886532	0.245432	9.69077	
0.999794	0.000570919	0.020298	0.000571886	0.998416	-0.0562511	-0.020298	0.0562511	0.99821	-0.109429	0.303001	10.7663	
0.999751	0.000690636	0.022321	0.000691926	0.998084	-0.0618731	-0.0223209	0.0618731	0.997834	-0.132385	0.366627	11.8414	
0.999703	0.000821698	0.0243424	0.000823374	0.997719	-0.0674936	-0.0243423	0.0674937	0.997423	-0.15752	0.436309	12.9162	
0.999652	0.000964092	0.0263621	0.000966226	0.997323	-0.0731125	-0.026362	0.0731126	0.996975	-0.184831	0.512045	13.9904	
0.999597	0.00111781	0.0283802	0.00112047	0.996895	-0.0787296	-0.0283801	0.0787296	0.996492	-0.214318	0.593833	15.0642	
0.999537	0.00128283	0.0303964	0.00128611	0.996436	-0.0843446	-0.0303963	0.0843446	0.995973	-0.245977	0.681671	16.1374	
0.999474	0.00145915	0.0324108	0.00146313	0.995945	-0.0899572	-0.0324107	0.0899573	0.995418	-0.279807	0.775556	17.21	
0.999406	0.00164674	0.0344233	0.00165152	0.995422	-0.0955673	-0.0344231	0.0955674	0.994828	-0.315806	0.875487	18.2821	
0.999334	0.0018456	0.0364337	0.00185128	0.994867	-0.101175	-0.0364335	0.101175	0.994201	-0.353972	0.98146	19.3534	
0.999259	0.00205571	0.0384421	0.00206239	0.994281	-0.106779	-0.0384417	0.106779	0.993539	-0.394303	1.09347	20.4241	
0.999179	0.00227706	0.0404483	0.00228485	0.993663	-0.11238	-0.0404478	0.112381	0.992842	-0.436796	1.21152	21.494	
0.999095	0.00250962	0.0424522	0.00251864	0.993013	-0.117978	-0.0424517	0.117979	0.992108	-0.481448	1.3356	22.5632	
0.999008	0.00275338	0.0444538	0.00276375	0.992332	-0.123573	-0.0444531	0.123573	0.991339	-0.528259	1.46571	23.6316	
0.998916	0.00300832	0.046453	0.00302017	0.991619	-0.129163	-0.0464522	0.129163	0.990535	-0.577224	1.60184	24.6991	
0.99882	0.00327444	0.0484497	0.0032879	0.990874	-0.134749	-0.0484488	0.13475	0.989694	-0.628341	1.744	25.7657	
0.998721	0.00355169	0.0504439	0.00356691	0.990098	-0.140332	-0.0504428	0.140332	0.988819	-0.681608	1.89217	26.8314	
0.998617	0.00384008	0.0524354	0.0038572	0.98929	-0.145909	-0.0524342	0.14591	0.987907	-0.737021	2.04635	27.8962	
0.998509	0.00413958	0.0544243	0.00415874	0.988451	-0.151482	-0.0544228	0.151483	0.986961	-0.794579	2.20653	28.9599	
0.998398	0.00445017	0.0564103	0.00447154	0.98758	-0.15705	-0.0564087	0.157051	0.985978	-0.854277	2.37272	30.0226	
0.998282	0.00477182	0.0583936	0.00479556	0.986678	-0.162613	-0.0583916	0.162614	0.98496	-0.916112	2.5449	31.0842	
0.998163	0.00510453	0.0603738	0.0051308	0.985744	-0.168171	-0.0603716	0.168172	0.983907	-0.980083	2.72308	32.1447	
0.998039	0.00544826	0.0623511	0.00547725	0.984779	-0.173723	-0.0623486	0.173724	0.982819	-1.04618	2.90724	33.2041	
0.997912	0.005803	0.0643253	0.00583487	0.983783	-0.17927	-0.0643225	0.179271	0.981695	-1.11441	3.09737	34.2622	
0.997781	0.00616872	0.0662964	0.00620367	0.982755	-0.18481	-0.0662931	0.184811	0.980536	-1.18477	3.29348	35.3192	
0.997646	0.0065454	0.0682642	0.00658361	0.981695	-0.190344	-0.0682606	0.190345	0.979341	-1.25724	3.49556	36.3748	
0.997507	0.00693302	0.0702288	0.00697469	0.980605	-0.195872	-0.0702247	0.195873	0.978111	-1.33184	3.70359	37.4292	
0.997364	0.00733155	0.07219	0.00737688	0.979483	-0.201393	-0.0721853	0.201395	0.976847	-1.40855	3.91757	38.4822	
0.997217	0.00774097	0.0741477	0.00779017	0.97833	-0.206907	-0.0741425	0.206909	0.975547	-1.48736	4.1375	39.5338	
0.997067	0.00816125	0.0761019	0.00821454	0.977145	-0.212415	-0.0760962	0.212417	0.974212	-1.56829	4.36336	40.5841	
0.996912	0.00859238	0.0780525	0.00864996	0.975929	-0.217915	-0.0780462	0.217917	0.972842	-1.65131	4.59516	41.6328	
0.996754	0.00903431	0.0799995	0.00909642	0.974683	-0.223407	-0.0799925	0.22341	0.971437	-1.73644	4.83287	42.6801	
0.996592	0.00948704	0.0819427	0.0095539	0.973405	-0.228892	-0.081935	0.228895	0.969997	-1.82366	5.0765	43.7258	
0.996426	0.00995052	0.0838822	0.0100224	0.972096	-0.234369	-0.0838736	0.234372	0.968522	-1.91297	5.32604	44.77	
0.996256	0.0104247	0.0858177	0.0105018	0.970756	-0.239838	-0.0858083	0.239842	0.967012	-2.00437	5.58147	45.8125	
0.996083	0.0109097	0.0877493	0.0109922	0.969385	-0.245299	-0.087739	0.245303	0.965468	-2.09785	5.84278	46.8534	
0.995906	0.0114053	0.0896769	0.0114935	0.967983	-0.250751	-0.0896656	0.250755	0.963889	-2.1934	6.10998	47.8926	
0.995725	0.0119115	0.0916004	0.0120057	0.966551	-0.256194	-0.0915881	0.256199	0.962275	-2.29103	6.38304	48.9301	
0.99554	0.0124284	0.0935197	0.0125288	0.965087	-0.261629	-0.0935063	0.261633	0.960627	-2.39073	6.66197	49.9659	
0.995351	0.0129558	0.0954348	0.0130628	0.963593	-0.267054	-0.0954202	0.267059	0.958944	-2.4925	6.94674	50.9999	
0.995159	0.0134939	0.0973456	0.0136076	0.962068	-0.27247	-0.0973298	0.272475	0.957227	-2.59632	7.23735	52.032	
0.994963	0.0140424	0.099252	0.0141632	0.960512	-0.277876	-0.0992349	0.277882	0.955476	-2.7022	7.5338	53.0622	
0.994764	0.0146015	0.101154	0.0147296	0.958926	-0.283273	-0.101135	0.283279	0.95369	-2.81012	7.83606	54.0906	
0.99456	0.015171	0.103052	0.0153067	0.95731	-0.288659	-0.103031	0.288666	0.95187	-2.9201	8.14413	55.117	
0.994353	0.0157509	0.104944	0.0158946	0.955662	-0.294036	-0.104923	0.294043	0.950016	-3.03211	8.458	56.1414	
0.994143	0.0163413	0.106833	0.0164931	0.953985	-0.299402	-0.106809	0.29941	0.948127	-3.14615	8.77766	57.1638	
0.993928	0.016942	0.108716	0.0171023	0.952277	-0.304757	-0.108691	0.304766	0.946205	-3.26223	9.10309	58.1842	
0.993711	0.0175531	0.110595	0.0177222	0.950538	-0.310101	-0.110568	0.310111	0.944249	-3.38033	9.43429	59.2025	
0.993489	0.0181745	0.112469	0.0183527	0.94877	-0.315435	-0.11244	0.315445	0.942259	-3.50045	9.77124	60.2186	
0.993264	0.0188061	0.114338	0.0189938	0.946971	-0.320757	-0.114307	0.320768	0.940235	-3.62259	10.1139	61.2326	
0.993035	0.019448	0.116202	0.0196454	0.945142	-0.326068	-0.116168	0.32608	0.938177	-3.74673	10.4623	62.2444	
0.992803	0.0201001	0.118061	0.0203076	0.943283	-0.331367	-0.118025	0.33138	0.936086	-3.87287	10.8165	63.2539	
0.992567	0.0207623	0.119914	0.0209802	0.941394	-0.336655	-0.119876	0.336668	0.933961	-4.00102	11.1763	64.2612	
0.992328	0.0214347	0.121763	0.0216633	0.939476	-0.34193	-0.121723	0.341945	0.931803	-4.13115	11.5418	65.2662	
0.992085	0.0221171	0.123606	0.0223569	0.937527	-0.347193	-0.123563	0.347209	0.929612	-4.26327	11.913	66.2688	
0.991838	0.0228096	0.125444	0.0230608	0.935549	-0.352444	-0.125398	0.35246	0.927387	-4.39737	12.2899	67.269	
0.991588	0.0235122	0.127277	0.0237751	0.933541	-0.357682	-0.127228	0.357699	0.925129	-4.53345	12.6724	68.2669	
0.991335	0.0242247	0.129104	0.0244997	0.931503	-0.362907	-0.129052	0.362926	0.922838	-4.67149	13.0606	69.2623	
0.9879	0.0331906	0.151501	0.0261163	0.927284	-0.373446	-0.152879	0.372884	0.915197	-4.82336	13.4569	70.2524	
0.983885	0.0423958	0.173703	0.0280055	0.922952	-0.383894	-0.176595	0.382572	0.906892	-5.00083	13.8639	71.2339	
0.979294	0.0518338	0.195695	0.0301658	0.918511	-0.394242	-0.200183	0.391983	0.897929	-5.20379	14.2811	72.2061	
0.97413	0.0614977	0.21746	0.0325959	0.913964	-0.404484	-0.223626	0.401109	0.888315	-5.43209	14.7083	73.1683	
0.968396	0.0713804	0.238984	0.0352939	0.909313	-0.414613	-0.246906	0.409944	0.878057	-5.68555	15.1452	74.1197	
0.962098	0.0814748	0.260249	0.0382578	0.904563	-0.424619	-0.270008	0.418482	0.867161	-5.96399	15.5915	75.0598	
0.955239	0.0917736	0.281242	0.0414855	0.899717	-0.434498	-0.292913	0.426716	0.855637	-6.26722	16.0467	75.9879	
0.947824	0.102269	0.301946	0.0449746	0.894778	-0.44424	-0.315606	0.434641	0.843492	-6.59501	16.5107	76.9031	
0.939859	0.112954	0.322346	0.0487227	0.88975	-0.45384	-0.338071	0.442251	0.830736	-6.94713	16.9831	77.805	
0.931349	0.123821	0.342428	0.052727	0.884637	-0.46329	-0.36029	0.44954	0.817377	-7.32331	17.4635	78.6928	
0.922301	0.134861	0.362178	0.0569846	0.879442	-0.472583	-0.382248	0.456503	0.803425	-7.72329	17.9515	79.5658	
0.912722	0.146067	0.38158	0.0614924	0.874169	-0.481714	-0.403928	0.463135	0.788891	-8.14678	18.4469	80.4236	
0.902617	0.15743	0.400622	0.0662472	0.868821	-0.490674	-0.425316	0.469431	0.773784	-8.59347	18.9492	81.2653	
0.891995	0.168943	0.419288	0.0712454	0.863404	-0.499457	-0.446395	0.475386	0.758116	-9.06303	19.4582	82.0905	
0.880864	0.180596	0.437566	0.0764836	0.85792	-0.508058	-0.46715	0.480997	0.741898	-9.55513	19.9734	82.8985	
0.869231	0.192382	0.455442	0.0819578	0.852374	-0.51647	-0.487567	0.486259	0.725142	-10.0694	20.4944	83.6888	
0.857104	0.204292	0.472903	0.0876641	0.84677	-0.524687	-0.507629	0.491168	0.707861	-10.6055	21.0209	84.4607	
0.844493	0.216318	0.489937	0.0935984	0.841111	-0.532702	-0.527324	0.495721	0.690065	-11.163	21.5525	85.2137	
0.831407	0.22845	0.506531	0.0997563	0.835402	-0.540511	-0.546636	0.499914	0.67177	-11.7415	22.0888	85.9473	
0.817855	0.240679	0.522673	0.106133	0.829647	-0.548107	-0.565552	0.503745	0.652987	-12.3406	22.6295	86.6609	
0.803847	0.252998	0.538352	0.112725	0.823851	-0.555485	-0.584058	0.50721	0.63373	-12.9599	23.174	87.354	
0.789393	0.265396	0.553556	0.119527	0.818016	-0.562639	-0.60214	0.510308	0.614014	-13.5988	23.7221	88.0261	
0.774504	0.277866	0.568274	0.126533	0.812149	-0.569565	-0.619785	0.513035	0.593853	-14.257	24.2734	88.6768	
0.75919	0.290397	0.582495	0.133739	0.806252	-0.576257	-0.636981	0.515391	0.573261	-14.934	24.8274	89.3055	
0.743463	0.302982	0.596209	0.14114	0.80033	-0.58271	-0.653715	0.517372	0.552253	-15.6293	25.3837	89.9117	
0.727333	0.315609	0.609407	0.14873	0.794388	-0.588921	-0.669974	0.518978	0.530844	-16.3423	25.9419	90.4952	
0.710814	0.328272	0.622078	0.156503	0.788429	-0.594883	-0.685748	0.520208	0.509051	-17.0726	26.5017	91.0553	
0.693916	0.34096	0.634214	0.164455	0.782459	-0.600594	-0.701025	0.521061	0.486888	-17.8196	27.0626	91.5918	
0.676652	0.353664	0.645805	0.172578	0.776481	-0.606048	-0.715792	0.521536	0.464372	-18.5828	27.6242	92.1042	
0.659034	0.366375	0.656843	0.180869	0.770499	-0.611242	-0.730041	0.521632	0.44152	-19.3616	28.1861	92.5922	
0.641076	0.379084	0.667321	0.189319	0.764519	-0.616173	-0.743761	0.52135	0.418347	-20.1555	28.748	93.0554	
0.62279	0.391781	0.67723	0.197924	0.758544	-0.620836	-0.75694	0.52069	0.394871	-20.9639	29.3093	93.4934	
0.604189	0.404458	0.686563	0.206677	0.752579	-0.625228	-0.769571	0.519652	0.371108	-21.7862	29.8697	93.9061	
