1	0	0	0	1	0	0	0	1	0	0	0	
1	5.8626e-12	1.49202e-06	5.8626e-12	1	-7.85859e-06	-1.49202e-06	7.85859e-06	1	-7.2981e-07	3.84397e-06	0.978283	
1	3.02009e-11	3.38693e-06	3.01862e-11	1	-1.78294e-05	-3.38693e-06	1.78294e-05	1	-3.11631e-06	1.6409e-05	1.95657	
1	8.50664e-11	5.68539e-06	8.49935e-11	1	-2.99117e-05	-5.68539e-06	2.99117e-05	1	-7.55396e-06	3.97612e-05	2.93485	
1	1.85086e-10	8.38804e-06	1.84866e-10	1	-4.41047e-05	-8.38804e-06	4.41047e-05	1	-1.44379e-05	7.59657e-05	3.91313	
1	3.47469e-10	1.14955e-05	3.46944e-10	1	-6.04075e-05	-1.14955e-05	6.04075e-05	1	-2.41637e-05	0.000127087	4.89141	
1	5.9201e-10	1.50083e-05	5.90931e-10	1	-7.8819e-05	-1.50083e-05	7.8819e-05	1	-3.71278e-05	0.000195188	5.8697	
1	9.41093e-10	1.89272e-05	9.39095e-10	1	-9.93381e-05	-1.89272e-05	9.93381e-05	1	-5.37271e-05	0.000282332	6.84798	
1	1.4197e-09	2.32525e-05	1.41626e-09	1	-0.000121964	-2.32525e-05	0.000121964	1	-7.43589e-05	0.00039058	7.82626	
1	2.0554e-09	2.79849e-05	2.04983e-09	1	-0.000146694	-2.79849e-05	0.000146694	1	-9.94213e-05	0.000521992	8.80455	
1	2.87838e-09	3.3125e-05	2.86975e-09	1	-0.000173529	-3.3125e-05	0.000173529	1	-0.000129313	0.000678626	9.78283	
1	3.92141e-09	3.86731e-05	3.90855e-09	1	-0.000202465	-3.86731e-05	0.000202465	1	-0.000164432	0.000862541	10.7611	
1	5.21987e-09	4.46298e-05	5.20129e-09	1	-0.000233502	-4.46298e-05	0.000233502	1	-0.000205179	0.00107579	11.7394	
1	6.81175e-09	5.09955e-05	6.7856e-09	1	-0.000266638	-5.09955e-05	0.000266638	1	-0.000251953	0.00132043	12.7177	
1	8.73763e-09	5.77707e-05	8.70168e-09	1	-0.000301871	-5.77707e-05	0.000301871	1	-0.000305155	0.00159851	13.696	
1	1.10407e-08	6.49558e-05	1.09922e-08	1	-0.000339199	-6.49558e-05	0.000339199	1	-0.000365186	0.00191208	14.6742	
1	1.37668e-08	7.25512e-05	1.37026e-08	1	-0.00037862	-7.25512e-05	0.00037862	1	-0.000432446	0.0022632	15.6525	
1	1.69642e-08	8.05573e-05	1.68805e-08	1	-0.000420132	-8.05573e-05	0.000420132	1	-0.000507338	0.0026539	16.6308	
1	2.0684e-08	8.89743e-05	2.05764e-08	1	-0.000463733	-8.89743e-05	0.000463733	1	-0.000590263	0.00308624	17.6091	
1	2.49797e-08	9.78028e-05	2.48431e-08	1	-0.000509421	-9.78028e-05	0.000509421	1	-0.000681623	0.00356225	18.5874	
1	2.99075e-08	0.000107043	2.97359e-08	1	-0.000557192	-0.000107043	0.000557192	1	-0.000781822	0.00408397	19.5657	
1	3.55262e-08	0.000116695	3.5313e-08	1	-0.000607045	-0.000116695	0.000607045	1	-0.000891261	0.00465345	20.5439	
1	4.18971e-08	0.000126759	4.16345e-08	1	-0.000658977	-0.000126759	0.000658977	1	-0.00101035	0.00527271	21.5222	
1	4.9084e-08	0.000137236	4.87635e-08	1	-0.000712985	-0.000137236	0.000712985	1	-0.00113948	0.0059438	22.5005	
1	5.71535e-08	0.000148126	5.67652e-08	1	-0.000769067	-0.000148126	0.000769067	1	-0.00127906	0.00666873	23.4788	
1	6.61747e-08	0.000159429	6.57077e-08	1	-0.000827219	-0.000159429	0.000827219	1	-0.0014295	0.00744954	24.4571	
1	7.6219e-08	0.000171144	7.56612e-08	1	-0.000887439	-0.000171144	0.000887439	1	-0.00159119	0.00828825	25.4354	
1	8.73606e-08	0.000183274	8.66986e-08	1	-0.000949723	-0.000183274	0.000949723	1	-0.00176455	0.00918688	26.4136	
1	9.96761e-08	0.000195816	9.88949e-08	0.999999	-0.00101407	-0.000195816	0.00101407	0.999999	-0.00194998	0.0101475	27.3919	
1	1.13245e-07	0.000208772	1.12328e-07	0.999999	-0.00108047	-0.000208772	0.00108047	0.999999	-0.00214788	0.011172	28.3702	
1	1.28148e-07	0.000222142	1.27078e-07	0.999999	-0.00114893	-0.000222142	0.00114893	0.999999	-0.00235866	0.0122625	29.3485	
1	1.44471e-07	0.000235926	1.43227e-07	0.999999	-0.00121944	-0.000235926	0.00121944	0.999999	-0.00258272	0.0134209	30.3268	
1	1.62299e-07	0.000250124	1.6086e-07	0.999999	-0.001292	-0.000250124	0.001292	0.999999	-0.00282047	0.0146494	31.305	
1	1.81723e-07	0.000264736	1.80064e-07	0.999999	-0.0013666	-0.000264736	0.0013666	0.999999	-0.00307231	0.0159498	32.2833	
1	2.02833e-07	0.000279762	2.0093e-07	0.999999	-0.00144324	-0.000279762	0.00144324	0.999999	-0.00333865	0.0173242	33.2616	
1	2.25723e-07	0.000295201	2.23548e-07	0.999999	-0.00152191	-0.000295201	0.00152191	0.999999	-0.00361988	0.0187746	34.2399	
1	2.50491e-07	0.000311055	2.48013e-07	0.999999	-0.00160262	-0.000311055	0.00160262	0.999999	-0.00391643	0.0203029	35.2182	
1	2.77235e-07	0.000327323	2.74422e-07	0.999999	-0.00168536	-0.000327323	0.00168536	0.999999	-0.00422869	0.0219112	36.1965	
1	3.06056e-07	0.000344004	3.02873e-07	0.999998	-0.00177012	-0.000344004	0.00177012	0.999998	-0.00455706	0.0236014	37.1747	
1	3.37059e-07	0.000361099	3.33468e-07	0.999998	-0.0018569	-0.000361099	0.0018569	0.999998	-0.00490195	0.0253756	38.153	
1	3.70349e-07	0.000378609	3.6631e-07	0.999998	-0.0019457	-0.000378609	0.0019457	0.999998	-0.00526378	0.0272356	39.1313	
1	4.06035e-07	0.000396531	4.01504e-07	0.999998	-0.00203651	-0.000396531	0.00203651	0.999998	-0.00564293	0.0291834	40.1096	
1	4.44228e-07	0.000414867	4.39159e-07	0.999998	-0.00212932	-0.000414867	0.00212932	0.999998	-0.00603982	0.0312211	41.0879	
1	4.8504e-07	0.000433617	4.79384e-07	0.999998	-0.00222414	-0.000433617	0.00222414	0.999997	-0.00645485	0.0333506	42.0661	
1	5.28588e-07	0.000452779	5.22291e-07	0.999997	-0.00232095	-0.000452779	0.00232095	0.999997	-0.00688842	0.0355738	43.0444	
1	5.74989e-07	0.000472355	5.67995e-07	0.999997	-0.00241975	-0.000472355	0.00241975	0.999997	-0.00734094	0.0378926	44.0227	
1	6.24363e-07	0.000492343	6.16612e-07	0.999997	-0.00252055	-0.000492343	0.00252055	0.999997	-0.00781281	0.0403091	45.001	
1	6.76833e-07	0.000512744	6.68261e-07	0.999997	-0.00262332	-0.000512744	0.00262332	0.999996	-0.00830444	0.0428252	45.9793	
1	7.32522e-07	0.000533557	7.23063e-07	0.999996	-0.00272807	-0.000533557	0.00272807	0.999996	-0.00881623	0.0454428	46.9575	
1	7.91557e-07	0.000554781	7.81139e-07	0.999996	-0.0028348	-0.000554781	0.0028348	0.999996	-0.00934858	0.0481638	47.9358	
1	8.54068e-07	0.000576418	8.42615e-07	0.999996	-0.00294349	-0.000576418	0.00294349	0.999996	-0.0099019	0.0509902	48.9141	
1	9.20185e-07	0.000598465	9.07617e-07	0.999995	-0.00305414	-0.000598465	0.00305414	0.999995	-0.0104766	0.0539239	49.8924	
1	9.90041e-07	0.000620924	9.76274e-07	0.999995	-0.00316675	-0.000620924	0.00316675	0.999995	-0.011073	0.0569668	50.8707	
1	1.06377e-06	0.000643793	1.04872e-06	0.999995	-0.00328131	-0.000643793	0.00328131	0.999994	-0.0116917	0.0601208	51.8489	
1	1.14152e-06	0.000667072	1.12508e-06	0.999994	-0.00339781	-0.000667072	0.00339781	0.999994	-0.0123329	0.0633879	52.8272	
1	1.22341e-06	0.000690761	1.20549e-06	0.999994	-0.00351625	-0.000690761	0.00351625	0.999994	-0.012997	0.0667698	53.8055	
1	1.3096e-06	0.000714859	1.29009e-06	0.999993	-0.00363663	-0.000714859	0.00363663	0.999993	-0.0136846	0.0702686	54.7838	
1	1.40022e-06	0.000739367	1.37902e-06	0.999993	-0.00375893	-0.000739367	0.00375893	0.999993	-0.0143959	0.0738861	55.762	
1	1.49542e-06	0.000764282	1.47241e-06	0.999992	-0.00388315	-0.000764282	0.00388315	0.999992	-0.0151314	0.0776241	56.7403	
1	1.59535e-06	0.000789605	1.57042e-06	0.999992	-0.00400929	-0.000789605	0.00400929	0.999992	-0.0158915	0.0814846	57.7186	
1	1.70016e-06	0.000815336	1.67317e-06	0.999991	-0.00413734	-0.000815336	0.00413734	0.999991	-0.0166765	0.0854695	58.6969	
1	1.81e-06	0.000841473	1.78083e-06	0.999991	-0.00426729	-0.000841473	0.00426729	0.999991	-0.0174869	0.0895806	59.6751	
1	1.92502e-06	0.000868017	1.89352e-06	0.99999	-0.00439914	-0.000868017	0.00439914	0.99999	-0.0183231	0.0938197	60.6534	
1	2.04538e-06	0.000894966	2.01141e-06	0.99999	-0.00453287	-0.000894966	0.00453287	0.999989	-0.0191855	0.0981887	61.6317	
0.999997	-1.54029e-05	-0.00241593	8.90368e-07	0.999982	-0.00600692	0.00241598	0.0060069	0.999979	-0.0184415	0.103344	62.6099	
0.999984	-3.77318e-05	-0.00572633	-5.11879e-06	0.999972	-0.00748288	0.00572645	0.00748279	0.999956	-0.0144587	0.109942	63.5882	
0.999959	-6.4946e-05	-0.0090362	-1.60278e-05	0.99996	-0.00896069	0.00903642	0.00896047	0.999919	-0.00723753	0.117986	64.5664	
0.999924	-9.70503e-05	-0.0123455	-3.18479e-05	0.999945	-0.0104403	0.0123458	0.0104399	0.999869	0.00322144	0.127475	65.5446	
0.999877	-0.000134049	-0.0156542	-5.25896e-05	0.999929	-0.0119216	0.0156547	0.0119209	0.999806	0.0169177	0.138413	66.5227	
0.99982	-0.000175947	-0.0189623	-7.8263e-05	0.99991	-0.0134045	0.018963	0.0134035	0.99973	0.0338507	0.1508	67.5008	
0.999752	-0.000222747	-0.0222698	-0.000108878	0.999889	-0.0148889	0.0222706	0.0148877	0.999641	0.0540197	0.164638	68.4788	
0.999673	-0.000274455	-0.0255765	-0.000144442	0.999866	-0.0163749	0.0255776	0.0163732	0.999539	0.0774243	0.179929	69.4566	
0.999583	-0.000331073	-0.0288826	-0.000184965	0.99984	-0.0178622	0.0288839	0.0178601	0.999423	0.104064	0.196674	70.4344	
0.999482	-0.000392605	-0.0321879	-0.000230454	0.999813	-0.0193509	0.0321895	0.0193483	0.999294	0.133937	0.214875	71.4121	
0.998494	-0.000934963	-0.0548582	-0.0006268	0.999595	-0.028445	0.0548626	0.0284365	0.998089	0.17652	0.238249	72.3891	
0.996991	-0.00168343	-0.0774943	-0.00122946	0.999295	-0.0375253	0.0775029	0.0375077	0.996286	0.241269	0.270507	73.3647	
0.994976	-0.00263756	-0.100083	-0.00203806	0.998912	-0.0465865	0.100097	0.0465564	0.993888	0.328145	0.311628	74.3382	
0.992448	-0.00379677	-0.12261	-0.00305214	0.998447	-0.0556232	0.122631	0.0555773	0.990895	0.437095	0.361589	75.3091	
0.989409	-0.00516039	-0.145063	-0.00427107	0.9979	-0.0646299	0.145092	0.064565	0.987309	0.568056	0.420358	76.2768	
0.985861	-0.00672759	-0.167427	-0.00569414	0.997271	-0.0736013	0.167466	0.073514	0.983133	0.720948	0.487902	77.2407	
0.981807	-0.00849743	-0.18969	-0.00732048	0.996562	-0.082532	0.189739	0.0824191	0.978369	0.895681	0.564179	78.2002	
0.977249	-0.0104689	-0.211839	-0.00914913	0.995771	-0.0914166	0.2119	0.0912749	0.97302	1.09215	0.649144	79.1547	
0.972188	-0.0126407	-0.233859	-0.011179	0.994899	-0.10025	0.233933	0.100076	0.967088	1.31023	0.742746	80.1038	
0.96663	-0.0150116	-0.255738	-0.0134089	0.993948	-0.109026	0.255827	0.108817	0.960579	1.54981	0.84493	81.0467	
0.960576	-0.0175803	-0.277462	-0.0158374	0.992918	-0.117741	0.277567	0.117494	0.953494	1.81073	0.955633	81.983	
0.95403	-0.020345	-0.29902	-0.0184631	0.991809	-0.126389	0.299142	0.1261	0.94584	2.09283	1.07479	82.9121	
0.946997	-0.0233043	-0.320397	-0.0212845	0.990622	-0.134964	0.320538	0.13463	0.93762	2.39596	1.20233	83.8334	
0.93948	-0.0264563	-0.341581	-0.0242999	0.989357	-0.143462	0.341742	0.14308	0.928838	2.71992	1.33818	84.7464	
0.931484	-0.0297992	-0.36256	-0.0275074	0.988016	-0.151878	0.362741	0.151445	0.919502	3.06453	1.48225	85.6506	
0.923014	-0.0333309	-0.383321	-0.0309051	0.9866	-0.160205	0.383524	0.159718	0.909615	3.42958	1.63446	86.5453	
0.914074	-0.0370493	-0.40385	-0.034491	0.985108	-0.168441	0.404077	0.167897	0.899184	3.81485	1.79472	87.4301	
0.904671	-0.0409522	-0.424137	-0.038263	0.983542	-0.176579	0.424388	0.175975	0.888216	4.2201	1.96293	88.3044	
0.89481	-0.0450374	-0.444169	-0.0422188	0.981904	-0.184615	0.444446	0.183947	0.876716	4.64511	2.13899	89.1678	
0.884497	-0.0493022	-0.463934	-0.046356	0.980193	-0.192543	0.464238	0.19181	0.864692	5.08961	2.3228	90.0196	
0.873737	-0.0537442	-0.483421	-0.0506722	0.978411	-0.20036	0.483752	0.199558	0.852151	5.55333	2.51424	90.8594	
0.862538	-0.0583608	-0.502616	-0.0551647	0.976559	-0.20806	0.502977	0.207186	0.839099	6.036	2.71321	91.6867	
0.850905	-0.0631491	-0.52151	-0.059831	0.974638	-0.215639	0.521901	0.214691	0.825547	6.53734	2.91957	92.501	
0.838847	-0.0681063	-0.54009	-0.0646681	0.97265	-0.223093	0.540513	0.222067	0.8115	7.05704	3.13322	93.3018	
0.82637	-0.0732294	-0.558346	-0.0696733	0.970595	-0.230416	0.558801	0.229311	0.796968	7.59478	3.35402	94.0886	
0.813481	-0.0785154	-0.576267	-0.0748434	0.968474	-0.237605	0.576756	0.236417	0.781959	8.15026	3.58184	94.861	
