1	0	0	0	1	0	0	0	1	0	0	0	
0.999998	-2.83416e-06	-0.00199353	-2.83416e-06	0.999996	-0.00284334	0.00199353	0.00284334	0.999994	0.00105617	0.0015064	1.05959	
0.999992	-1.13842e-05	-0.00399555	-1.13826e-05	0.999984	-0.00569798	0.00399555	0.00569798	0.999976	0.00422918	0.00603158	2.11917	
0.999982	-2.57205e-05	-0.00600592	-2.57141e-05	0.999963	-0.00856374	0.00600592	0.00856374	0.999945	0.00952794	0.0135874	3.17873	
0.999968	-4.59126e-05	-0.00802455	-4.58965e-05	0.999935	-0.0114405	0.00802455	0.0114405	0.999902	0.0169613	0.0241856	4.23825	
0.999949	-7.20292e-05	-0.0100513	-7.1997e-05	0.999897	-0.014328	0.0100513	0.014328	0.999847	0.0265378	0.0378377	5.29771	
0.999927	-0.000104138	-0.0120861	-0.000104082	0.999852	-0.0172261	0.0120861	0.0172261	0.999779	0.0382662	0.054555	6.35711	
0.9999	-0.000142307	-0.0141288	-0.000142216	0.999797	-0.0201347	0.0141288	0.0201347	0.999697	0.0521549	0.0743487	7.41643	
0.999869	-0.000186601	-0.0161793	-0.000186465	0.999734	-0.0230536	0.0161793	0.0230536	0.999603	0.0682121	0.0972299	8.47566	
0.999834	-0.000237087	-0.0182375	-0.000236891	0.999662	-0.0259826	0.0182375	0.0259826	0.999496	0.0864461	0.123209	9.53478	
0.999794	-0.000293829	-0.0203033	-0.000293558	0.999582	-0.0289216	0.0203033	0.0289216	0.999375	0.106865	0.152297	10.5938	
0.99975	-0.00035689	-0.0223765	-0.000356527	0.999492	-0.0318703	0.0223765	0.0318703	0.999241	0.129477	0.184505	11.6526	
0.999701	-0.000426333	-0.0244571	-0.00042586	0.999393	-0.0348287	0.0244571	0.0348287	0.999094	0.154289	0.219842	12.7114	
0.999647	-0.00050222	-0.0265448	-0.000501617	0.999285	-0.0377965	0.0265448	0.0377965	0.998933	0.18131	0.258319	13.7699	
0.99959	-0.000584613	-0.0286397	-0.000583856	0.999168	-0.0407736	0.0286397	0.0407735	0.998758	0.210546	0.299945	14.8283	
0.999527	-0.000673571	-0.0307416	-0.000672636	0.999042	-0.0437597	0.0307416	0.0437597	0.998569	0.242007	0.34473	15.8865	
0.99946	-0.000769154	-0.0328504	-0.000768015	0.998906	-0.0467548	0.0328504	0.0467548	0.998366	0.275698	0.392685	16.9444	
0.999388	-0.00087142	-0.0349659	-0.000870048	0.998761	-0.0497587	0.0349659	0.0497587	0.998149	0.311627	0.443818	18.0022	
0.999312	-0.000980426	-0.037088	-0.000978792	0.998606	-0.0527712	0.0370881	0.0527711	0.997918	0.349801	0.498138	19.0597	
0.99923	-0.00109623	-0.0392167	-0.0010943	0.998442	-0.055792	0.0392167	0.055792	0.997672	0.390227	0.555654	20.117	
0.999144	-0.00121889	-0.0413518	-0.00121663	0.998268	-0.0588212	0.0413518	0.0588211	0.997412	0.432912	0.616376	21.174	
0.999053	-0.00134845	-0.0434931	-0.00134582	0.998084	-0.0618583	0.0434932	0.0618583	0.997137	0.477863	0.680312	22.2307	
0.998957	-0.00148497	-0.0456407	-0.00148194	0.99789	-0.0649034	0.0456408	0.0649034	0.996847	0.525086	0.74747	23.2871	
0.998856	-0.00162851	-0.0477943	-0.00162504	0.997687	-0.0679563	0.0477944	0.0679562	0.996543	0.574588	0.817859	24.3432	
0.99875	-0.00177911	-0.0499538	-0.00177515	0.997474	-0.0710167	0.0499539	0.0710166	0.996223	0.626375	0.891486	25.3989	
0.998639	-0.00193683	-0.0521191	-0.00193234	0.99725	-0.0740844	0.0521193	0.0740843	0.995889	0.680453	0.968361	26.4543	
0.998523	-0.00210171	-0.0542902	-0.00209665	0.997017	-0.0771594	0.0542904	0.0771593	0.99554	0.736829	1.04849	27.5094	
0.998402	-0.00227381	-0.0564668	-0.00226813	0.996773	-0.0802414	0.056467	0.0802413	0.995175	0.795508	1.13188	28.5641	
0.998276	-0.00245317	-0.0586489	-0.00244681	0.996519	-0.0833303	0.0586491	0.0833301	0.994795	0.856496	1.21854	29.6184	
0.998144	-0.00263985	-0.0608363	-0.00263276	0.996255	-0.0864259	0.0608366	0.0864257	0.994399	0.919799	1.30848	30.6722	
0.998008	-0.00283387	-0.0630289	-0.002826	0.99598	-0.089528	0.0630293	0.0895277	0.993988	0.985423	1.4017	31.7257	
0.997866	-0.0030353	-0.0652266	-0.00302659	0.995695	-0.0926364	0.065227	0.0926361	0.993561	1.05337	1.49821	32.7787	
0.997719	-0.00324417	-0.0674293	-0.00323456	0.9954	-0.0957511	0.0674298	0.0957507	0.993119	1.12365	1.59801	33.8312	
0.997566	-0.00346053	-0.0696369	-0.00344996	0.995094	-0.0988717	0.0696374	0.0988713	0.992661	1.19627	1.70112	34.8833	
0.997409	-0.00368442	-0.0718492	-0.00367282	0.994778	-0.101998	0.0718498	0.101998	0.992187	1.27123	1.80754	35.9349	
0.997246	-0.00391587	-0.0740661	-0.00390319	0.994451	-0.10513	0.0740668	0.10513	0.991696	1.34854	1.91728	36.9859	
0.997077	-0.00415494	-0.0762875	-0.00414111	0.994113	-0.108268	0.0762883	0.108267	0.99119	1.4282	2.03034	38.0364	
0.996903	-0.00440166	-0.0785133	-0.0043866	0.993765	-0.111411	0.0785142	0.11141	0.990668	1.51021	2.14672	39.0864	
0.996724	-0.00465606	-0.0807434	-0.0046397	0.993406	-0.114559	0.0807443	0.114558	0.99013	1.59459	2.26644	40.1359	
0.996539	-0.00491819	-0.0829776	-0.00490046	0.993036	-0.117712	0.0829786	0.117711	0.989575	1.68133	2.3895	41.1847	
0.996349	-0.00518808	-0.0852158	-0.00516889	0.992655	-0.12087	0.085217	0.120869	0.989004	1.77044	2.51589	42.2329	
0.996153	-0.00546576	-0.0874579	-0.00544505	0.992263	-0.124032	0.0874592	0.124031	0.988417	1.86192	2.64564	43.2806	
0.995952	-0.00575126	-0.0897038	-0.00572895	0.991861	-0.127199	0.0897052	0.127198	0.987813	1.95578	2.77874	44.3276	
0.995745	-0.00604463	-0.0919533	-0.00602062	0.991447	-0.13037	0.0919549	0.130369	0.987192	2.05202	2.9152	45.3739	
0.995532	-0.00634589	-0.0942064	-0.00632011	0.991023	-0.133545	0.0942081	0.133544	0.986555	2.15065	3.05502	46.4196	
0.995314	-0.00665508	-0.0964628	-0.00662743	0.990587	-0.136724	0.0964648	0.136723	0.985901	2.25167	3.19821	47.4646	
0.995091	-0.00697221	-0.0987226	-0.00694261	0.99014	-0.139907	0.0987247	0.139906	0.985231	2.35508	3.34477	48.5089	
0.994861	-0.00729733	-0.100986	-0.00726568	0.989682	-0.143094	0.100988	0.143092	0.984544	2.46089	3.4947	49.5525	
0.994626	-0.00763046	-0.103252	-0.00759667	0.989214	-0.146283	0.103254	0.146282	0.98384	2.5691	3.64801	50.5954	
0.994385	-0.00797162	-0.10552	-0.00793559	0.988733	-0.149477	0.105523	0.149475	0.983119	2.67971	3.8047	51.6375	
0.994139	-0.00832084	-0.107792	-0.00828248	0.988242	-0.152673	0.107795	0.152671	0.982381	2.79272	3.96478	52.6788	
0.993886	-0.00867814	-0.110067	-0.00863734	0.98774	-0.155872	0.11007	0.15587	0.981626	2.90815	4.12824	53.7193	
0.993628	-0.00904356	-0.112344	-0.00900022	0.987226	-0.159074	0.112347	0.159071	0.980854	3.02598	4.29509	54.759	
0.993364	-0.0094171	-0.114623	-0.00937112	0.986701	-0.162278	0.114627	0.162275	0.980065	3.14623	4.46534	55.7979	
0.993095	-0.0097988	-0.116905	-0.00975006	0.986164	-0.165485	0.116909	0.165482	0.979259	3.2689	4.63899	56.836	
0.992819	-0.0101887	-0.119189	-0.0101371	0.985616	-0.168694	0.119193	0.16869	0.978436	3.39399	4.81603	57.8732	
0.992538	-0.0105867	-0.121475	-0.0105321	0.985057	-0.171905	0.12148	0.171901	0.977595	3.5215	4.99648	58.9095	
0.992251	-0.010993	-0.123763	-0.0109353	0.984487	-0.175117	0.123768	0.175114	0.976738	3.65143	5.18033	59.9449	
0.991958	-0.0114075	-0.126053	-0.0113466	0.983905	-0.178332	0.126058	0.178328	0.975863	3.78379	5.36758	60.9793	
0.991659	-0.0118302	-0.128344	-0.011766	0.983312	-0.181548	0.12835	0.181544	0.974971	3.91857	5.55824	62.0129	
0.991354	-0.0122612	-0.130638	-0.0121936	0.982707	-0.184765	0.130644	0.184761	0.974061	4.05579	5.75231	63.0455	
0.991044	-0.0127005	-0.132932	-0.0126292	0.982091	-0.187984	0.132939	0.187979	0.973135	4.19543	5.94978	64.0771	
0.990727	-0.013148	-0.135228	-0.0130731	0.981463	-0.191204	0.135236	0.191199	0.972191	4.33751	6.15067	65.1077	
0.990405	-0.0136038	-0.137526	-0.0135251	0.980824	-0.194424	0.137533	0.194419	0.971229	4.48202	6.35497	66.1374	
0.990076	-0.014068	-0.139824	-0.0139853	0.980174	-0.197645	0.139832	0.197639	0.97025	4.62897	6.56268	67.166	
0.989742	-0.0145404	-0.142124	-0.0144537	0.979512	-0.200867	0.142132	0.200861	0.969254	4.77836	6.77381	68.1935	
0.98972	-0.0145726	-0.142276	-0.0153818	0.97818	-0.207191	0.142191	0.207249	0.967899	4.92899	6.99002	69.2198	
0.989697	-0.0146065	-0.142432	-0.0163109	0.976805	-0.213509	0.142247	0.213633	0.966502	5.07968	7.21301	70.2446	
0.991726	-0.0112241	-0.127881	-0.0192425	0.971918	-0.234531	0.126923	0.235052	0.96366	5.2223	7.45073	71.2673	
0.993523	-0.00752006	-0.113379	-0.0218394	0.966567	-0.255484	0.11151	0.256306	0.960142	5.34863	7.71107	72.2866	
0.995088	-0.00349694	-0.0989349	-0.0240997	0.960754	-0.276353	0.0960185	0.27738	0.95595	5.45858	7.99383	73.3018	
0.996418	0.000842454	-0.0845589	-0.0260217	0.954484	-0.297123	0.0804599	0.29826	0.951088	5.55208	8.29882	74.3122	
0.997513	0.00549506	-0.0702613	-0.0276043	0.947762	-0.31778	0.0648448	0.31893	0.945557	5.62907	8.62583	75.3171	
0.998373	0.0104576	-0.056052	-0.0288462	0.940593	-0.33831	0.0491842	0.339376	0.939364	5.68949	8.97462	76.3158	
0.998996	0.0157267	-0.0419411	-0.0297467	0.93298	-0.358697	0.0334891	0.359585	0.932511	5.73329	9.34495	77.3076	
0.999383	0.0212985	-0.0279384	-0.030305	0.92493	-0.378928	0.0177705	0.379541	0.925004	5.76045	9.73656	78.2917	
0.999532	0.0271691	-0.0140539	-0.0305207	0.916448	-0.398988	0.00203946	0.399231	0.916848	5.77094	10.1492	79.2676	
0.999444	0.0333346	-0.000297086	-0.0303938	0.90754	-0.418864	-0.013693	0.41864	0.908049	5.76477	10.5825	80.2345	
0.999119	0.0397904	0.0133222	-0.0299243	0.898213	-0.438541	-0.0294159	0.437756	0.898612	5.74193	11.0362	81.1917	
0.998557	0.0465321	0.0267945	-0.0291125	0.888472	-0.458006	-0.0451182	0.456565	0.888545	5.70244	11.5101	82.1386	
0.997759	0.053555	0.0401103	-0.027959	0.878326	-0.477244	-0.0607887	0.475053	0.877855	5.64633	12.0037	83.0745	
0.996725	0.0608542	0.0532603	-0.0264647	0.86778	-0.496243	-0.0764167	0.493208	0.866548	5.57363	12.5167	83.9987	
0.995455	0.0684244	0.0662352	-0.0246305	0.856843	-0.514989	-0.091991	0.511017	0.854634	5.4844	13.0488	84.9106	
0.993951	0.0762604	0.079026	-0.0224577	0.845521	-0.533469	-0.107501	0.528468	0.84212	5.37871	13.5995	85.8096	
0.992214	0.0843568	0.0916236	-0.019948	0.833824	-0.55167	-0.122935	0.545547	0.829015	5.25662	14.1686	86.695	
0.990245	0.0927077	0.104019	-0.017103	0.821759	-0.569579	-0.138283	0.562244	0.815328	5.11822	14.7555	87.5663	
0.988045	0.101307	0.116204	-0.0139247	0.809334	-0.587184	-0.153534	0.578546	0.801069	4.9636	15.3599	88.4227	
0.985616	0.11015	0.12817	-0.0104153	0.796558	-0.604472	-0.168677	0.594443	0.786248	4.79288	15.9814	89.2637	
0.98296	0.119229	0.139908	-0.00657744	0.783441	-0.621431	-0.183702	0.609922	0.770875	4.60618	16.6195	90.0887	
0.980078	0.128538	0.151411	-0.00241366	0.769991	-0.63805	-0.198598	0.624973	0.754962	4.40363	17.2738	90.8971	
0.976972	0.138071	0.162669	0.00207309	0.756219	-0.654316	-0.213355	0.639586	0.738519	4.18536	17.9438	91.6884	
0.973646	0.14782	0.173676	0.00687964	0.742132	-0.670218	-0.227962	0.65375	0.721557	3.95154	18.629	92.462	
0.9701	0.15778	0.184423	0.0120026	0.727743	-0.685745	-0.242409	0.667455	0.704089	3.70233	19.3291	93.2174	
0.966337	0.167943	0.194903	0.0174385	0.71306	-0.700887	-0.256686	0.680692	0.686127	3.43789	20.0433	93.9539	
0.962361	0.178302	0.205108	0.0231833	0.698093	-0.715631	-0.270783	0.693451	0.667684	3.15842	20.7714	94.6712	
0.958174	0.188849	0.215032	0.0292332	0.682854	-0.729969	-0.28469	0.705724	0.648772	2.86412	21.5127	95.3687	
0.953778	0.199578	0.224668	0.0355838	0.667353	-0.743891	-0.298397	0.717501	0.629405	2.55518	22.2668	96.0459	
0.949178	0.210481	0.234008	0.0422307	0.651601	-0.757385	-0.311895	0.728775	0.609597	2.23183	23.0331	96.7024	
0.944375	0.221549	0.243046	0.0491693	0.63561	-0.770443	-0.325174	0.739538	0.58936	1.89429	23.811	97.3376	
0.939374	0.232776	0.251776	0.0563946	0.619389	-0.783056	-0.338224	0.749782	0.568711	1.54281	24.6001	97.9512	
