1	0	0	0	1	0	0	0	1	0	0	0	
1	-2.86765e-07	0.000979378	-2.86765e-07	1	0.000585607	-0.000979378	-0.000585607	0.999999	-0.000439236	-0.000262636	0.89697	
0.999998	-1.15141e-06	0.00196247	-1.15139e-06	0.999999	0.00117341	-0.00196247	-0.00117341	0.999997	-0.00175861	-0.00105153	1.79394	
0.999996	-2.6004e-06	0.00294925	-2.60031e-06	0.999998	0.0017634	-0.00294925	-0.0017634	0.999994	-0.00396145	-0.00236865	2.6909	
0.999992	-4.64014e-06	0.00393966	-4.63992e-06	0.999997	0.00235553	-0.00393966	-0.00235553	0.999989	-0.00705102	-0.00421593	3.58787	
0.999988	-7.27696e-06	0.00493367	-7.27651e-06	0.999996	0.0029498	-0.00493367	-0.0029498	0.999983	-0.0110306	-0.00659529	4.48482	
0.999982	-1.05171e-05	0.00593124	-1.05163e-05	0.999994	0.00354617	-0.00593124	-0.00354617	0.999976	-0.0159033	-0.00950863	5.38178	
0.999976	-1.43668e-05	0.00693234	-1.43656e-05	0.999991	0.00414462	-0.00693234	-0.00414462	0.999967	-0.0216724	-0.0129578	6.27872	
0.999969	-1.88322e-05	0.00793691	-1.88303e-05	0.999989	0.00474513	-0.00793691	-0.00474513	0.999957	-0.0283411	-0.0169448	7.17566	
0.99996	-2.39193e-05	0.00894492	-2.39166e-05	0.999986	0.00534768	-0.00894492	-0.00534768	0.999946	-0.0359123	-0.0214712	8.07258	
0.99995	-2.96341e-05	0.00995634	-2.96303e-05	0.999982	0.00595223	-0.00995634	-0.00595223	0.999933	-0.0443893	-0.0265391	8.9695	
0.99994	-3.59825e-05	0.0109711	-3.59774e-05	0.999978	0.00655877	-0.0109711	-0.00655877	0.999918	-0.0537749	-0.0321501	9.8664	
0.999928	-4.29703e-05	0.0119892	-4.29637e-05	0.999974	0.00716727	-0.0119892	-0.00716727	0.999902	-0.0640722	-0.038306	10.7633	
0.999915	-5.06033e-05	0.0130106	-5.05949e-05	0.99997	0.0077777	-0.0130106	-0.0077777	0.999885	-0.0752843	-0.0450086	11.6602	
0.999902	-5.88872e-05	0.0140352	-5.88767e-05	0.999965	0.00839005	-0.0140352	-0.00839005	0.999866	-0.0874139	-0.0522596	12.557	
0.999887	-6.78275e-05	0.015063	-6.78145e-05	0.999959	0.00900429	-0.015063	-0.00900429	0.999846	-0.100464	-0.0600607	13.4539	
0.99987	-7.74298e-05	0.016094	-7.7414e-05	0.999954	0.00962039	-0.016094	-0.00962039	0.999824	-0.114437	-0.0684136	14.3507	
0.999853	-8.76996e-05	0.0171281	-8.76805e-05	0.999948	0.0102383	-0.0171281	-0.0102383	0.999801	-0.129337	-0.0773199	15.2475	
0.999835	-9.86421e-05	0.0181652	-9.86194e-05	0.999941	0.0108581	-0.0181652	-0.0108581	0.999776	-0.145166	-0.0867813	16.1443	
0.999816	-0.000110263	0.0192054	-0.000110236	0.999934	0.0114796	-0.0192054	-0.0114796	0.99975	-0.161926	-0.0967994	17.041	
0.999795	-0.000122566	0.0202486	-0.000122535	0.999927	0.0121029	-0.0202486	-0.0121029	0.999722	-0.17962	-0.107376	17.9378	
0.999773	-0.000135558	0.0212947	-0.000135522	0.999919	0.012728	-0.0212947	-0.012728	0.999692	-0.198252	-0.118512	18.8345	
0.99975	-0.000149244	0.0223438	-0.000149202	0.999911	0.0133547	-0.0223438	-0.0133547	0.999661	-0.217823	-0.13021	19.7311	
0.999726	-0.000163628	0.0233957	-0.00016358	0.999902	0.0139832	-0.0233957	-0.0139832	0.999628	-0.238336	-0.14247	20.6278	
0.999701	-0.000178715	0.0244505	-0.00017866	0.999893	0.0146133	-0.0244505	-0.0146133	0.999594	-0.259795	-0.155296	21.5244	
0.999675	-0.000194509	0.025508	-0.000194447	0.999884	0.015245	-0.025508	-0.015245	0.999558	-0.2822	-0.168687	22.421	
0.999647	-0.000211017	0.0265683	-0.000210946	0.999874	0.0158784	-0.0265683	-0.0158784	0.999521	-0.305556	-0.182645	23.3176	
0.999618	-0.000228241	0.0276312	-0.000228162	0.999864	0.0165134	-0.0276312	-0.0165134	0.999482	-0.329863	-0.197172	24.2141	
0.999588	-0.000246187	0.0286969	-0.000246099	0.999853	0.0171499	-0.0286969	-0.0171499	0.999441	-0.355126	-0.21227	25.1106	
0.999557	-0.000264859	0.0297651	-0.000264761	0.999842	0.017788	-0.0297651	-0.017788	0.999399	-0.381345	-0.227939	26.007	
0.999524	-0.000284262	0.030836	-0.000284153	0.99983	0.0184275	-0.030836	-0.0184275	0.999355	-0.408524	-0.244181	26.9034	
0.999491	-0.000304399	0.0319093	-0.000304278	0.999818	0.0190686	-0.0319093	-0.0190686	0.999309	-0.436664	-0.260997	27.7998	
0.999456	-0.000325274	0.0329852	-0.000325141	0.999806	0.0197111	-0.0329852	-0.0197111	0.999261	-0.465768	-0.278389	28.6961	
0.99942	-0.000346892	0.0340635	-0.000346746	0.999793	0.0203551	-0.0340635	-0.0203551	0.999212	-0.495839	-0.296359	29.5924	
0.999382	-0.000369257	0.0351442	-0.000369096	0.999779	0.0210005	-0.0351442	-0.0210005	0.999162	-0.526877	-0.314906	30.4887	
0.999344	-0.000392372	0.0362272	-0.000392196	0.999766	0.0216472	-0.0362272	-0.0216472	0.999109	-0.558886	-0.334033	31.3849	
0.999304	-0.000416241	0.0373126	-0.000416049	0.999751	0.0222953	-0.0373126	-0.0222953	0.999055	-0.591868	-0.35374	32.281	
0.999262	-0.000440868	0.0384003	-0.000440659	0.999737	0.0229448	-0.0384003	-0.0229448	0.998999	-0.625824	-0.37403	33.1771	
0.99922	-0.000466256	0.0394902	-0.00046603	0.999721	0.0235955	-0.0394902	-0.0235955	0.998941	-0.660757	-0.394902	34.0731	
0.999176	-0.000492409	0.0405823	-0.000492163	0.999706	0.0242476	-0.0405823	-0.0242476	0.998882	-0.696668	-0.416359	34.9691	
0.999131	-0.00051933	0.0416765	-0.000519064	0.99969	0.0249009	-0.0416765	-0.0249009	0.998821	-0.73356	-0.438402	35.8651	
0.999085	-0.000547022	0.0427728	-0.000546735	0.999673	0.0255554	-0.0427728	-0.0255554	0.998758	-0.771434	-0.461031	36.761	
0.999037	-0.000575489	0.0438712	-0.000575179	0.999656	0.0262112	-0.0438712	-0.0262112	0.998693	-0.810292	-0.484247	37.6568	
0.998988	-0.000604732	0.0449717	-0.0006044	0.999639	0.0268681	-0.0449717	-0.0268681	0.998627	-0.850137	-0.508052	38.5526	
0.998938	-0.000634757	0.046074	-0.000634399	0.999621	0.0275262	-0.0460741	-0.0275261	0.998559	-0.89097	-0.532447	39.4483	
0.998886	-0.000665564	0.0471784	-0.000665181	0.999602	0.0281854	-0.0471784	-0.0281853	0.998489	-0.932792	-0.557433	40.3439	
0.998833	-0.000697157	0.0482846	-0.000696746	0.999584	0.0288457	-0.0482846	-0.0288456	0.998417	-0.975606	-0.583011	41.2395	
0.998779	-0.000729538	0.0493926	-0.000729099	0.999564	0.029507	-0.0493926	-0.029507	0.998343	-1.01941	-0.609181	42.135	
0.998724	-0.00076271	0.0505025	-0.000762242	0.999545	0.0301694	-0.0505025	-0.0301694	0.998268	-1.06421	-0.635945	43.0305	
0.998667	-0.000796676	0.0516141	-0.000796177	0.999524	0.0308329	-0.0516141	-0.0308329	0.998191	-1.11001	-0.663304	43.9258	
0.998609	-0.000831437	0.0527274	-0.000830905	0.999503	0.0314973	-0.0527274	-0.0314973	0.998112	-1.15681	-0.691258	44.8211	
0.998549	-0.000866996	0.0538424	-0.00086643	0.999482	0.0321628	-0.0538424	-0.0321627	0.998031	-1.2046	-0.719808	45.7164	
0.998488	-0.000903354	0.054959	-0.000902754	0.999461	0.0328291	-0.054959	-0.0328291	0.997949	-1.2534	-0.748956	46.6116	
0.998426	-0.000940514	0.0560772	-0.000939877	0.999438	0.0334964	-0.0560772	-0.0334964	0.997864	-1.3032	-0.778702	47.5066	
0.998362	-0.000978478	0.057197	-0.000977803	0.999416	0.0341645	-0.057197	-0.0341645	0.997778	-1.354	-0.809047	48.4017	
0.998298	-0.00101725	0.0583182	-0.00101653	0.999393	0.0348336	-0.0583182	-0.0348336	0.99769	-1.4058	-0.839992	49.2966	
0.998231	-0.00105682	0.0594409	-0.00105607	0.999369	0.0355035	-0.0594409	-0.0355034	0.9976	-1.45862	-0.871537	50.1915	
0.998164	-0.00109721	0.0605649	-0.00109641	0.999345	0.0361741	-0.060565	-0.0361741	0.997509	-1.51244	-0.903683	51.0862	
0.998095	-0.0011384	0.0616904	-0.00113756	0.99932	0.0368456	-0.0616904	-0.0368456	0.997415	-1.56727	-0.936431	51.9809	
0.998024	-0.00118041	0.0628171	-0.00117952	0.999295	0.0375178	-0.0628172	-0.0375178	0.99732	-1.62311	-0.969782	52.8755	
0.997771	-0.0013322	0.066725	-0.00133729	0.999201	0.0399467	-0.0667249	-0.0399469	0.996971	-1.68121	-1.00452	53.7699	
0.997501	-0.00149357	0.0706327	-0.00150462	0.999101	0.0423753	-0.0706324	-0.0423757	0.996602	-1.74281	-1.04144	54.664	
0.997217	-0.00166449	0.0745398	-0.00168151	0.998994	0.0448035	-0.0745395	-0.0448042	0.996211	-1.80792	-1.08054	55.5578	
0.996917	-0.00184498	0.0784463	-0.00186795	0.998882	0.0472312	-0.0784458	-0.0472321	0.995799	-1.87653	-1.12182	56.4512	
0.996601	-0.00203503	0.0823518	-0.00206394	0.998764	0.0496581	-0.0823511	-0.0496593	0.995365	-1.94864	-1.16527	57.3442	
0.99627	-0.00223462	0.0862562	-0.00226947	0.99864	0.0520843	-0.0862553	-0.0520858	0.994911	-2.02426	-1.21091	58.2368	
0.995924	-0.00244376	0.0901591	-0.00248453	0.99851	0.0545094	-0.090158	-0.0545113	0.994435	-2.10338	-1.25871	59.129	
0.995563	-0.00266242	0.0940605	-0.00270912	0.998374	0.0569335	-0.0940591	-0.0569357	0.993937	-2.186	-1.3087	60.0207	
0.995186	-0.00289061	0.0979599	-0.00294321	0.998233	0.0593563	-0.0979583	-0.0593589	0.993419	-2.27212	-1.36085	60.912	
0.994794	-0.0031283	0.101857	-0.0031868	0.998085	0.0617778	-0.101855	-0.0617808	0.992879	-2.36173	-1.41518	61.8029	
0.994387	-0.00337548	0.105752	-0.00343987	0.997931	0.0641977	-0.10575	-0.0642012	0.992318	-2.45484	-1.47168	62.6932	
0.993964	-0.00363214	0.109645	-0.0037024	0.997772	0.066616	-0.109642	-0.0666199	0.991736	-2.55144	-1.53035	63.583	
0.993526	-0.00389825	0.113534	-0.00397439	0.997606	0.0690326	-0.113532	-0.0690369	0.991133	-2.65153	-1.59119	64.4723	
0.993073	-0.00417379	0.117421	-0.0042558	0.997435	0.0714472	-0.117418	-0.071452	0.990509	-2.75511	-1.6542	65.361	
0.992605	-0.00445875	0.121305	-0.00454662	0.997258	0.0738598	-0.121301	-0.0738651	0.989864	-2.86217	-1.71937	66.2492	
0.992122	-0.0047531	0.125184	-0.00484682	0.997075	0.0762701	-0.125181	-0.076276	0.989198	-2.97271	-1.78671	67.1368	
0.991624	-0.00505682	0.129061	-0.00515638	0.996887	0.0786782	-0.129057	-0.0786847	0.988511	-3.08673	-1.85621	68.0238	
0.99111	-0.00536988	0.132933	-0.00547527	0.996692	0.0810838	-0.132929	-0.0810909	0.987803	-3.20423	-1.92786	68.9101	
0.990582	-0.00569226	0.136801	-0.00580348	0.996492	0.0834869	-0.136797	-0.0834945	0.987074	-3.3252	-2.00168	69.7958	
0.990039	-0.00602391	0.140665	-0.00614096	0.996286	0.0858872	-0.14066	-0.0858955	0.986325	-3.44963	-2.07765	70.6809	
0.989481	-0.00636482	0.144524	-0.00648769	0.996074	0.0882847	-0.144519	-0.0882936	0.985555	-3.57753	-2.15577	71.5652	
0.986564	-0.00815072	0.163174	-0.00832954	0.994947	0.10006	-0.163165	-0.100075	0.98151	-3.71553	-2.24025	72.4475	
0.983294	-0.0101595	0.181742	-0.0103941	0.993678	0.111784	-0.181729	-0.111805	0.976972	-3.87022	-2.33528	73.3258	
0.979673	-0.0123902	0.200219	-0.0126805	0.99227	0.12345	-0.200201	-0.12348	0.971942	-4.04151	-2.44081	74.1999	
0.975702	-0.0148417	0.218597	-0.0151873	0.990722	0.135054	-0.218573	-0.135092	0.966424	-4.22933	-2.55678	75.0693	
0.971385	-0.0175128	0.236865	-0.0179135	0.989035	0.146588	-0.236835	-0.146637	0.96042	-4.43359	-2.68314	75.9335	
0.966722	-0.020402	0.255015	-0.0208576	0.987211	0.158048	-0.254978	-0.158108	0.953933	-4.65417	-2.81981	76.7921	
0.961716	-0.023508	0.273037	-0.0240181	0.98525	0.169427	-0.272993	-0.169499	0.946966	-4.89096	-2.96675	77.6447	
0.95637	-0.0268292	0.290923	-0.0273935	0.983153	0.18072	-0.29087	-0.180805	0.939523	-5.14386	-3.12386	78.4908	
0.950687	-0.030364	0.308663	-0.0309821	0.980921	0.191921	-0.308601	-0.19202	0.931608	-5.41272	-3.29107	79.33	
0.944668	-0.0341104	0.326248	-0.034782	0.978556	0.203025	-0.326177	-0.203139	0.923224	-5.69742	-3.4683	80.1619	
0.938319	-0.0380667	0.34367	-0.0387914	0.976058	0.214025	-0.343589	-0.214155	0.914376	-5.99782	-3.65546	80.986	
0.93164	-0.0422309	0.36092	-0.0430082	0.973428	0.224916	-0.360829	-0.225064	0.905069	-6.31375	-3.85245	81.8021	
0.924636	-0.0466009	0.37799	-0.0474303	0.970669	0.235694	-0.377886	-0.235859	0.895306	-6.64507	-4.05918	82.6095	
0.917311	-0.0511744	0.394869	-0.0520555	0.967782	0.246352	-0.394754	-0.246536	0.885093	-6.9916	-4.27553	83.408	
0.909668	-0.0559493	0.411551	-0.0568814	0.964767	0.256885	-0.411423	-0.257089	0.874435	-7.35317	-4.50141	84.1972	
0.90171	-0.060923	0.428027	-0.0619057	0.961626	0.267287	-0.427886	-0.267513	0.863337	-7.72961	-4.7367	84.9766	
0.893443	-0.066093	0.444288	-0.0671258	0.958362	0.277554	-0.444133	-0.277802	0.851805	-8.12071	-4.98127	85.7458	
0.884869	-0.0714569	0.460326	-0.0725391	0.954975	0.287681	-0.460157	-0.287952	0.839845	-8.52629	-5.23502	86.5046	
0.875994	-0.0770118	0.476134	-0.0781428	0.951468	0.297662	-0.47595	-0.297957	0.827462	-8.94613	-5.4978	87.2524	
