1	0	0	0	1	0	0	0	1	0	0	0	
1	-7.83677e-09	-4.48115e-05	-7.83677e-09	1	-0.000349766	4.48115e-05	0.000349766	1	2.31073e-05	0.000180359	1.03131	
1	-3.09587e-08	-8.90447e-05	-3.09888e-08	1	-0.00069569	8.90447e-05	0.00069569	1	9.21312e-05	0.000719455	2.06263	
1	-6.87952e-08	-0.000132699	-6.89139e-08	0.999999	-0.00103775	0.000132699	0.00103775	0.999999	0.000206475	0.00161332	3.09394	
1	-1.20781e-07	-0.000175775	-1.21074e-07	0.999999	-0.00137593	0.000175775	0.00137593	0.999999	0.000365542	0.00285795	4.12525	
1	-1.86356e-07	-0.000218272	-1.86936e-07	0.999999	-0.00171022	0.000218272	0.00171022	0.999999	0.000568735	0.00444934	5.15656	
1	-2.64967e-07	-0.000260188	-2.65971e-07	0.999998	-0.00204059	0.000260188	0.00204059	0.999998	0.000815456	0.00638347	6.18787	
1	-3.56066e-07	-0.000301525	-3.57653e-07	0.999997	-0.00236703	0.000301525	0.00236703	0.999997	0.00110511	0.00865629	7.21918	
1	-4.5911e-07	-0.000342282	-4.61463e-07	0.999996	-0.00268951	0.000342282	0.00268951	0.999996	0.00143709	0.0112637	8.25049	
1	-5.73564e-07	-0.000382458	-5.76886e-07	0.999995	-0.00300803	0.000382458	0.00300803	0.999995	0.00181081	0.0142017	9.2818	
1	-6.98898e-07	-0.000422054	-7.03411e-07	0.999994	-0.00332257	0.000422054	0.00332257	0.999994	0.00222566	0.0174661	10.3131	
1	-8.34588e-07	-0.00046107	-8.40533e-07	0.999993	-0.00363311	0.00046107	0.00363311	0.999993	0.00268105	0.0210529	11.3444	
1	-9.80117e-07	-0.000499504	-9.87751e-07	0.999992	-0.00393963	0.000499504	0.00393963	0.999992	0.00317638	0.0249578	12.3757	
1	-1.13497e-06	-0.000537359	-1.14457e-06	0.999991	-0.00424211	0.000537358	0.00424211	0.999991	0.00371104	0.0291768	13.407	
1	-1.29866e-06	-0.000574632	-1.3105e-06	0.99999	-0.00454055	0.000574632	0.00454055	0.99999	0.00428445	0.0337056	14.4383	
1	-1.47066e-06	-0.000611324	-1.48506e-06	0.999988	-0.00483492	0.000611324	0.00483492	0.999988	0.00489599	0.0385401	15.4696	
1	-1.65051e-06	-0.000647437	-1.66777e-06	0.999987	-0.00512521	0.000647437	0.00512521	0.999987	0.00554508	0.0436761	16.5009	
1	-1.8377e-06	-0.000682968	-1.85815e-06	0.999985	-0.00541141	0.000682968	0.00541141	0.999985	0.00623111	0.0491094	17.5322	
1	-2.03177e-06	-0.00071792	-2.05573e-06	0.999984	-0.00569349	0.000717919	0.00569349	0.999984	0.00695349	0.0548357	18.5635	
1	-2.23224e-06	-0.000752291	-2.26006e-06	0.999982	-0.00597145	0.000752291	0.00597145	0.999982	0.00771161	0.0608508	19.5948	
1	-2.43865e-06	-0.000786082	-2.47068e-06	0.99998	-0.00624526	0.000786082	0.00624526	0.99998	0.00850488	0.0671504	20.6261	
1	-2.65055e-06	-0.000819294	-2.68714e-06	0.999979	-0.00651493	0.000819294	0.00651493	0.999978	0.00933271	0.0737303	21.6574	
1	-2.86749e-06	-0.000851926	-2.909e-06	0.999977	-0.00678042	0.000851926	0.00678042	0.999977	0.0101945	0.0805861	22.6887	
1	-3.08902e-06	-0.00088398	-3.1358e-06	0.999975	-0.00704173	0.000883979	0.00704173	0.999975	0.0110896	0.0877136	23.72	
1	-3.31471e-06	-0.000915455	-3.36714e-06	0.999973	-0.00729884	0.000915454	0.00729884	0.999973	0.0120175	0.0951084	24.7513	
1	-3.54413e-06	-0.000946351	-3.60257e-06	0.999971	-0.00755174	0.000946351	0.00755174	0.999971	0.0129776	0.102766	25.7826	
1	-3.77687e-06	-0.00097667	-3.84168e-06	0.99997	-0.00780041	0.00097667	0.00780041	0.999969	0.0139692	0.110683	26.8138	
0.999999	-4.01251e-06	-0.00100641	-4.08406e-06	0.999968	-0.00804485	0.00100641	0.00804485	0.999967	0.0149918	0.118853	27.8451	
0.999999	-4.25065e-06	-0.00103558	-4.32929e-06	0.999966	-0.00828503	0.00103558	0.00828503	0.999965	0.0160447	0.127274	28.8764	
0.999999	-4.49089e-06	-0.00106417	-4.57699e-06	0.999964	-0.00852096	0.00106417	0.00852096	0.999963	0.0171275	0.13594	29.9077	
0.999999	-4.73284e-06	-0.00109218	-4.82676e-06	0.999962	-0.0087526	0.00109218	0.0087526	0.999961	0.0182394	0.144847	30.9389	
0.999999	-4.97613e-06	-0.00111962	-5.0782e-06	0.99996	-0.00897996	0.00111962	0.00897996	0.999959	0.0193799	0.153991	31.9702	
0.999999	-5.22038e-06	-0.00114648	-5.33095e-06	0.999958	-0.00920302	0.00114648	0.00920302	0.999957	0.0205485	0.163367	33.0015	
0.999999	-5.46522e-06	-0.00117277	-5.58462e-06	0.999956	-0.00942177	0.00117277	0.00942177	0.999955	0.0217444	0.172971	34.0328	
0.999999	-5.7103e-06	-0.00119849	-5.83886e-06	0.999954	-0.00963619	0.00119849	0.00963619	0.999953	0.0229672	0.182799	35.064	
0.999999	-5.95527e-06	-0.00122364	-6.0933e-06	0.999952	-0.00984628	0.00122364	0.00984628	0.999951	0.0242161	0.192845	36.0953	
0.999999	-6.19978e-06	-0.00124821	-6.3476e-06	0.999949	-0.010052	0.00124821	0.010052	0.999949	0.0254908	0.203106	37.1265	
0.999999	-6.44351e-06	-0.00127222	-6.6014e-06	0.999947	-0.0102534	0.00127222	0.0102534	0.999947	0.0267904	0.213576	38.1578	
0.999999	-6.68612e-06	-0.00129565	-6.85437e-06	0.999945	-0.0104504	0.00129565	0.0104504	0.999945	0.0281146	0.224252	39.1891	
0.999999	-6.92731e-06	-0.00131852	-7.10617e-06	0.999943	-0.0106431	0.00131852	0.0106431	0.999942	0.0294626	0.235129	40.2203	
0.999999	-7.16675e-06	-0.00134082	-7.3565e-06	0.999941	-0.0108313	0.00134082	0.0108313	0.99994	0.0308339	0.246203	41.2516	
0.999999	-7.40416e-06	-0.00136255	-7.60502e-06	0.999939	-0.0110152	0.00136255	0.0110152	0.999938	0.0322279	0.257468	42.2828	
0.999999	-7.63924e-06	-0.00138372	-7.85144e-06	0.999937	-0.0111946	0.00138372	0.0111946	0.999936	0.0336441	0.268921	43.3141	
0.999999	-7.8717e-06	-0.00140432	-8.09544e-06	0.999935	-0.0113696	0.00140432	0.0113696	0.999934	0.0350817	0.280556	44.3453	
0.999999	-8.10127e-06	-0.00142436	-8.33674e-06	0.999933	-0.0115402	0.00142436	0.0115402	0.999932	0.0365404	0.29237	45.3766	
0.999999	-8.32768e-06	-0.00144384	-8.57505e-06	0.999931	-0.0117064	0.00144384	0.0117064	0.99993	0.0380194	0.304357	46.4078	
0.999999	-8.55066e-06	-0.00146276	-8.81009e-06	0.99993	-0.0118681	0.00146275	0.0118681	0.999929	0.0395182	0.316513	47.439	
0.999999	-8.76998e-06	-0.00148111	-9.04159e-06	0.999928	-0.0120254	0.00148111	0.0120254	0.999927	0.0410362	0.328834	48.4703	
0.999999	-8.98539e-06	-0.00149891	-9.26929e-06	0.999926	-0.0121782	0.00149891	0.0121782	0.999925	0.0425729	0.341315	49.5015	
0.999999	-9.19664e-06	-0.00151615	-9.49292e-06	0.999924	-0.0123265	0.00151615	0.0123265	0.999923	0.0441276	0.353951	50.5328	
0.999999	-9.40352e-06	-0.00153284	-9.71224e-06	0.999922	-0.0124704	0.00153283	0.0124704	0.999921	0.0456998	0.366737	51.564	
0.999999	-9.60581e-06	-0.00154897	-9.92701e-06	0.99992	-0.0126097	0.00154896	0.0126097	0.999919	0.047289	0.37967	52.5952	
0.999999	-9.80329e-06	-0.00156454	-1.0137e-05	0.999919	-0.0127446	0.00156454	0.0127446	0.999918	0.0488945	0.392744	53.6264	
0.999999	-9.99577e-06	-0.00157957	-1.0342e-05	0.999917	-0.012875	0.00157957	0.012875	0.999916	0.0505157	0.405955	54.6577	
0.999999	-1.01831e-05	-0.00159404	-1.05417e-05	0.999915	-0.0130009	0.00159404	0.0130009	0.999914	0.0521522	0.419298	55.6889	
0.999999	-1.0365e-05	-0.00160797	-1.0736e-05	0.999914	-0.0131222	0.00160797	0.0131222	0.999913	0.0538034	0.432769	56.7201	
0.999999	-1.05413e-05	-0.00162135	-1.09247e-05	0.999912	-0.013239	0.00162134	0.013239	0.999911	0.0554686	0.446362	57.7513	
0.999999	-1.07119e-05	-0.00163418	-1.11075e-05	0.999911	-0.0133514	0.00163417	0.0133514	0.99991	0.0571473	0.460074	58.7826	
0.999999	-1.08766e-05	-0.00164646	-1.12843e-05	0.999909	-0.0134591	0.00164646	0.0134591	0.999908	0.058839	0.473899	59.8138	
0.999999	-1.10353e-05	-0.00165821	-1.14549e-05	0.999908	-0.0135624	0.00165821	0.0135624	0.999907	0.0605431	0.487832	60.845	
0.999999	-1.11878e-05	-0.00166941	-1.16192e-05	0.999907	-0.0136611	0.00166941	0.0136611	0.999905	0.062259	0.50187	61.8762	
0.999999	-1.1334e-05	-0.00168008	-1.17769e-05	0.999905	-0.0137552	0.00168007	0.0137552	0.999904	0.0639862	0.516008	62.9074	
0.999999	-1.14738e-05	-0.0016902	-1.19279e-05	0.999904	-0.0138448	0.0016902	0.0138448	0.999903	0.0657241	0.53024	63.9386	
0.999999	-1.1607e-05	-0.00169979	-1.2072e-05	0.999903	-0.0139299	0.00169979	0.0139299	0.999902	0.0674721	0.544562	64.9699	
0.999999	-1.17335e-05	-0.00170885	-1.22092e-05	0.999902	-0.0140103	0.00170884	0.0140103	0.9999	0.0692298	0.55897	66.0011	
0.999999	-1.18532e-05	-0.00171737	-1.23392e-05	0.999901	-0.0140862	0.00171737	0.0140862	0.999899	0.0709966	0.573458	67.0323	
0.999996	-3.06297e-05	-0.00289629	-2.08224e-05	0.999842	-0.0177631	0.00289638	0.0177631	0.999838	0.0733757	0.589881	68.0635	
0.999992	-5.37271e-05	-0.00407456	-3.36228e-05	0.99977	-0.0214348	0.00407478	0.0214347	0.999762	0.0769704	0.610094	69.0946	
0.999986	-8.11345e-05	-0.00525214	-5.07256e-05	0.999685	-0.025101	0.00525252	0.0251009	0.999671	0.0817801	0.63409	70.1256	
0.999979	-0.00011284	-0.00642899	-7.21148e-05	0.999586	-0.0287614	0.00642958	0.0287613	0.999566	0.087804	0.661865	71.1565	
0.999896	-0.000439448	-0.0143851	-0.000327377	0.998581	-0.053261	0.0143881	0.0532602	0.998477	0.0985394	0.704162	72.1869	
0.99975	-0.000961021	-0.02233	-0.000777693	0.996974	-0.0777257	0.0223371	0.0777236	0.996725	0.117478	0.771708	73.2158	
0.999541	-0.00167721	-0.0302582	-0.00142276	0.994769	-0.102139	0.0302712	0.102135	0.99431	0.144607	0.864459	74.2425	
0.999268	-0.00258755	-0.0381646	-0.00226216	0.991966	-0.126486	0.0381853	0.126479	0.991234	0.179909	0.982352	75.2664	
0.998933	-0.00369143	-0.0460439	-0.00329533	0.988567	-0.150748	0.0460739	0.150739	0.987499	0.223361	1.12531	76.2868	
0.998534	-0.00498811	-0.0538908	-0.00452158	0.984574	-0.174911	0.0539319	0.174899	0.983108	0.274932	1.29324	77.303	
0.998074	-0.00647673	-0.0617001	-0.00594009	0.97999	-0.198959	0.0617541	0.198942	0.978064	0.33459	1.48602	78.3144	
0.997551	-0.00815631	-0.0694667	-0.00754993	0.974818	-0.222875	0.0695352	0.222853	0.972369	0.402294	1.70353	79.3202	
0.996966	-0.0100257	-0.0771853	-0.00935002	0.969061	-0.246643	0.0772701	0.246616	0.966028	0.477999	1.94563	80.3198	
0.99632	-0.0120837	-0.0848509	-0.0113392	0.962724	-0.270248	0.0849536	0.270215	0.959045	0.561655	2.21215	81.3125	
0.995613	-0.014329	-0.0924583	-0.013516	0.95581	-0.293673	0.0925806	0.293635	0.951424	0.653207	2.50292	82.2977	
0.994846	-0.0167599	-0.100003	-0.0158792	0.948325	-0.316904	0.100146	0.316859	0.943171	0.752593	2.81775	83.2748	
0.994019	-0.019375	-0.107479	-0.0184271	0.940272	-0.339925	0.107645	0.339873	0.934291	0.859748	3.15641	84.2429	
0.993132	-0.0221725	-0.114881	-0.021158	0.931658	-0.362721	0.115072	0.36266	0.92479	0.9746	3.5187	85.2016	
0.992186	-0.0251505	-0.122206	-0.0240701	0.922487	-0.385276	0.122423	0.385207	0.914674	1.09707	3.90436	86.1502	
0.991182	-0.028307	-0.129448	-0.0271615	0.912767	-0.407576	0.129693	0.407498	0.90395	1.22709	4.31315	87.0881	
0.990121	-0.03164	-0.136602	-0.0304301	0.902504	-0.429605	0.136876	0.429517	0.892625	1.36455	4.74479	88.0145	
0.989002	-0.0351472	-0.143663	-0.0338738	0.891704	-0.451349	0.143969	0.451252	0.880707	1.50938	5.19898	88.929	
0.987828	-0.0388263	-0.150627	-0.0374902	0.880375	-0.472794	0.150965	0.472686	0.868204	1.66147	5.67545	89.8309	
0.986598	-0.0426748	-0.157489	-0.041277	0.868524	-0.493925	0.157861	0.493806	0.855123	1.82073	6.17385	90.7196	
0.985314	-0.0466902	-0.164245	-0.0452315	0.85616	-0.514728	0.164653	0.514598	0.841474	1.98705	6.69387	91.5945	
0.983976	-0.0508699	-0.17089	-0.0493514	0.843289	-0.53519	0.171335	0.535047	0.827266	2.16031	7.23516	92.455	
0.982585	-0.055211	-0.17742	-0.0536336	0.829921	-0.555296	0.177903	0.555142	0.812508	2.34041	7.79735	93.3006	
0.981143	-0.0597106	-0.183829	-0.0580755	0.816066	-0.575034	0.184352	0.574867	0.797209	2.52722	8.38008	94.1307	
0.97965	-0.0643659	-0.190115	-0.0626741	0.801731	-0.59439	0.19068	0.59421	0.781381	2.72061	8.98295	94.9448	
0.978106	-0.0691736	-0.196273	-0.0674262	0.786926	-0.613352	0.19688	0.613158	0.765033	2.92047	9.60557	95.7423	
0.976514	-0.0741306	-0.202299	-0.0723289	0.771662	-0.631907	0.20295	0.631698	0.748177	3.12666	10.2475	96.5226	
0.974874	-0.0792335	-0.208188	-0.0773787	0.755948	-0.650042	0.208884	0.649819	0.730824	3.33904	10.9084	97.2853	
0.973188	-0.0844791	-0.213937	-0.0825723	0.739796	-0.667746	0.21468	0.667507	0.712984	3.55746	11.5877	98.0299	
0.971455	-0.0898637	-0.219542	-0.0879064	0.723215	-0.685006	0.220333	0.684752	0.694671	3.78179	12.2851	98.7558	
