1	0	0	0	1	0	0	0	1	0	0	0	
0.999995	-6.38114e-06	-0.003245	-6.38114e-06	0.999992	-0.00393288	0.003245	0.00393288	0.999987	0.00150122	0.00181946	0.925249	
0.999979	-2.55337e-05	-0.0064916	-2.55257e-05	0.999969	-0.00786525	0.0064916	0.00786525	0.999948	0.00600564	0.0072776	1.85047	
0.999953	-5.74688e-05	-0.0097397	-5.7437e-05	0.99993	-0.011797	0.0097397	0.011797	0.999883	0.0135147	0.0163739	2.77565	
0.999916	-0.000102198	-0.0129892	-0.000102118	0.999876	-0.015728	0.0129892	0.015728	0.999792	0.0240297	0.0291077	3.70075	
0.999868	-0.00015973	-0.01624	-0.000159571	0.999807	-0.0196581	0.01624	0.0196581	0.999675	0.0375519	0.0454783	4.62576	
0.99981	-0.000230076	-0.0194921	-0.000229798	0.999722	-0.0235873	0.0194921	0.0235873	0.999532	0.0540826	0.0654848	5.55065	
0.999741	-0.000313245	-0.0227453	-0.0003128	0.999621	-0.0275154	0.0227453	0.0275154	0.999363	0.0736228	0.0891263	6.47539	
0.999662	-0.000409246	-0.0259995	-0.000408578	0.999505	-0.0314423	0.0259995	0.0314423	0.999167	0.0961734	0.116402	7.39997	
0.999572	-0.000518088	-0.0292546	-0.000517132	0.999374	-0.0353679	0.0292547	0.0353678	0.998946	0.121736	0.14731	8.32435	
0.999471	-0.000639777	-0.0325106	-0.000638464	0.999228	-0.039292	0.0325107	0.039292	0.998699	0.15031	0.18185	9.24851	
0.99936	-0.000774322	-0.0357674	-0.000772571	0.999066	-0.0432146	0.0357674	0.0432146	0.998425	0.181897	0.220019	10.1724	
0.999238	-0.00092173	-0.0390248	-0.000919453	0.998888	-0.0471356	0.0390249	0.0471356	0.998126	0.216498	0.261818	11.0961	
0.999105	-0.00108201	-0.0422828	-0.00107911	0.998695	-0.0510548	0.0422828	0.0510547	0.9978	0.254113	0.307243	12.0195	
0.998962	-0.00125516	-0.0455412	-0.00125154	0.998487	-0.0549721	0.0455413	0.054972	0.997449	0.294743	0.356294	12.9425	
0.998808	-0.00144119	-0.0488	-0.00143673	0.998264	-0.0588874	0.0488001	0.0588873	0.997071	0.338388	0.408969	13.8652	
0.998643	-0.00164011	-0.0520591	-0.0016347	0.998025	-0.0628007	0.0520593	0.0628005	0.996667	0.385048	0.465265	14.7876	
0.998467	-0.00185192	-0.0553184	-0.00184542	0.997771	-0.0667117	0.0553186	0.0667115	0.996238	0.434724	0.525181	15.7096	
0.998281	-0.00207662	-0.0585777	-0.00206891	0.997501	-0.0706204	0.058578	0.0706201	0.995782	0.487416	0.588714	16.6311	
0.998084	-0.00231422	-0.0618371	-0.00230514	0.997216	-0.0745266	0.0618374	0.0745263	0.9953	0.543123	0.655863	17.5523	
0.997876	-0.00256472	-0.0650963	-0.00255413	0.996916	-0.0784303	0.0650967	0.07843	0.994792	0.601847	0.726624	18.4729	
0.997657	-0.00282813	-0.0683553	-0.00281587	0.996601	-0.0823313	0.0683558	0.0823309	0.994258	0.663585	0.800997	19.3931	
0.997428	-0.00310444	-0.0716141	-0.00309034	0.99627	-0.0862296	0.0716147	0.0862291	0.993698	0.72834	0.878977	20.3128	
0.997187	-0.00339366	-0.0748724	-0.00337755	0.995925	-0.0901249	0.0748732	0.0901243	0.993112	0.796109	0.960563	21.232	
0.996936	-0.00369578	-0.0781303	-0.00367748	0.995564	-0.0940173	0.0781312	0.0940166	0.9925	0.866893	1.04575	22.1506	
0.996674	-0.00401082	-0.0813876	-0.00399013	0.995188	-0.0979066	0.0813886	0.0979057	0.991862	0.940691	1.13454	23.0686	
0.996402	-0.00433877	-0.0846442	-0.00431549	0.994796	-0.101793	0.0846454	0.101792	0.991198	1.0175	1.22693	23.986	
0.996118	-0.00467962	-0.0879001	-0.00465356	0.99439	-0.105675	0.0879015	0.105674	0.990508	1.09733	1.3229	24.9028	
0.995824	-0.00503339	-0.091155	-0.00500432	0.993968	-0.109555	0.0911566	0.109553	0.989792	1.18016	1.42247	25.8189	
0.995519	-0.00540006	-0.0944091	-0.00536776	0.993531	-0.11343	0.0944109	0.113429	0.98905	1.26601	1.52563	26.7344	
0.995203	-0.00577964	-0.097662	-0.00574389	0.99308	-0.117302	0.0976641	0.117301	0.988283	1.35487	1.63237	27.6492	
0.994876	-0.00617212	-0.100914	-0.00613268	0.992613	-0.121171	0.100916	0.121169	0.987489	1.44674	1.7427	28.5632	
0.994538	-0.00657751	-0.104164	-0.00653412	0.992131	-0.125035	0.104167	0.125033	0.986669	1.54162	1.8566	29.4765	
0.99419	-0.00699579	-0.107414	-0.00694822	0.991634	-0.128895	0.107417	0.128893	0.985824	1.6395	1.97407	30.389	
0.99383	-0.00742697	-0.110661	-0.00737494	0.991122	-0.132752	0.110665	0.132749	0.984952	1.74039	2.09511	31.3008	
0.99346	-0.00787104	-0.113908	-0.00781429	0.990595	-0.136604	0.113912	0.1366	0.984055	1.84429	2.21972	32.2117	
0.993079	-0.00832799	-0.117152	-0.00826625	0.990053	-0.140451	0.117157	0.140448	0.983132	1.95119	2.34789	33.1218	
0.992687	-0.00879783	-0.120395	-0.00873081	0.989496	-0.144295	0.1204	0.144291	0.982183	2.06109	2.47962	34.031	
0.992284	-0.00928054	-0.123636	-0.00920795	0.988925	-0.148133	0.123642	0.148129	0.981209	2.17399	2.6149	34.9393	
0.99187	-0.00977612	-0.126875	-0.00969767	0.988338	-0.151968	0.126881	0.151962	0.980208	2.28989	2.75373	35.8467	
0.991446	-0.0102846	-0.130113	-0.0101999	0.987736	-0.155797	0.130119	0.155791	0.979182	2.40878	2.8961	36.7532	
0.99101	-0.0108059	-0.133348	-0.0107148	0.98712	-0.159621	0.133355	0.159615	0.978131	2.53067	3.04202	37.6587	
0.990564	-0.01134	-0.13658	-0.0112421	0.986489	-0.163441	0.136589	0.163434	0.977053	2.65556	3.19147	38.5632	
0.990107	-0.011887	-0.139811	-0.011782	0.985843	-0.167255	0.13982	0.167248	0.97595	2.78343	3.34445	39.4667	
0.989639	-0.0124468	-0.143039	-0.0123343	0.985183	-0.171065	0.143049	0.171056	0.974821	2.91429	3.50096	40.3692	
0.98916	-0.0130195	-0.146265	-0.0128991	0.984507	-0.174868	0.146275	0.17486	0.973667	3.04814	3.66099	41.2706	
0.98867	-0.013605	-0.149488	-0.0134764	0.983817	-0.178667	0.149499	0.178657	0.972487	3.18498	3.82454	42.1709	
0.988169	-0.0142032	-0.152708	-0.0140662	0.983113	-0.18246	0.152721	0.182449	0.971282	3.32479	3.9916	43.0702	
0.987658	-0.0148143	-0.155926	-0.0146684	0.982393	-0.186247	0.15594	0.186236	0.970051	3.46759	4.16216	43.9683	
0.987135	-0.0154382	-0.159141	-0.015283	0.981659	-0.190029	0.159156	0.190017	0.968795	3.61336	4.33623	44.8653	
0.986602	-0.0160748	-0.162352	-0.0159099	0.980911	-0.193805	0.162369	0.193791	0.967513	3.7621	4.51379	45.7611	
0.986058	-0.0167242	-0.165561	-0.0165493	0.980148	-0.197575	0.165579	0.19756	0.966206	3.91382	4.69484	46.6556	
0.985503	-0.0173863	-0.168767	-0.017201	0.979371	-0.201339	0.168786	0.201323	0.964873	4.06851	4.87937	47.549	
0.984937	-0.0180612	-0.171969	-0.0178651	0.978579	-0.205097	0.17199	0.205079	0.963515	4.22616	5.06738	48.4411	
0.98436	-0.0187488	-0.175168	-0.0185414	0.977772	-0.208848	0.17519	0.20883	0.962132	4.38677	5.25887	49.332	
0.983772	-0.0194491	-0.178364	-0.0192301	0.976952	-0.212593	0.178387	0.212573	0.960724	4.55035	5.45382	50.2216	
0.983174	-0.0201622	-0.181556	-0.019931	0.976116	-0.216332	0.181581	0.216311	0.95929	4.71688	5.65223	51.1098	
0.982565	-0.0208879	-0.184744	-0.0206442	0.975267	-0.220064	0.184771	0.220041	0.957832	4.88636	5.8541	51.9967	
0.981945	-0.0216262	-0.187929	-0.0213696	0.974403	-0.22379	0.187958	0.223765	0.956348	5.0588	6.05942	52.8823	
0.981314	-0.0223773	-0.19111	-0.0221073	0.973525	-0.227508	0.191141	0.227482	0.954839	5.23418	6.26818	53.7664	
0.980672	-0.0231409	-0.194286	-0.0228571	0.972633	-0.23122	0.19432	0.231192	0.953305	5.4125	6.48037	54.6492	
0.980019	-0.0239172	-0.197459	-0.0236191	0.971727	-0.234925	0.197495	0.234895	0.951746	5.59377	6.696	55.5305	
0.978672	-0.0255049	-0.203841	-0.0243237	0.970896	-0.238262	0.203985	0.238138	0.949568	5.77951	6.91484	56.4101	
0.97728	-0.0271147	-0.210209	-0.0250522	0.970053	-0.241596	0.210465	0.241373	0.947335	5.97124	7.13667	57.2877	
0.975845	-0.0287466	-0.216564	-0.0258045	0.969198	-0.244927	0.216934	0.244599	0.945045	6.16897	7.3615	58.1632	
0.974366	-0.0304005	-0.222904	-0.0265804	0.96833	-0.248254	0.223392	0.247815	0.9427	6.37268	7.5893	59.0365	
0.972844	-0.0320762	-0.22923	-0.02738	0.96745	-0.251576	0.229838	0.25102	0.9403	6.58235	7.82008	59.9076	
0.971278	-0.0337737	-0.23554	-0.0282032	0.966558	-0.254892	0.236272	0.254214	0.937844	6.79799	8.05381	60.7765	
0.969668	-0.0354928	-0.241834	-0.0290498	0.965654	-0.258204	0.242693	0.257397	0.935333	7.01957	8.2905	61.6431	
0.968015	-0.0372335	-0.248112	-0.0299199	0.964737	-0.261509	0.2491	0.260568	0.932767	7.24709	8.53012	62.5073	
0.96632	-0.0389957	-0.254374	-0.0308132	0.963809	-0.264807	0.255494	0.263726	0.930146	7.48053	8.77268	63.3692	
0.964581	-0.0407792	-0.260618	-0.0317297	0.962869	-0.268097	0.261873	0.266871	0.927471	7.71988	9.01815	64.2285	
0.962799	-0.0425838	-0.266844	-0.0326693	0.961918	-0.27138	0.268238	0.270002	0.924742	7.96512	9.26652	65.0854	
0.960974	-0.0444096	-0.273051	-0.0336317	0.960955	-0.274655	0.274587	0.273119	0.921959	8.21625	9.51778	65.9398	
0.959106	-0.0462562	-0.27924	-0.034617	0.95998	-0.27792	0.280921	0.276221	0.919122	8.47324	9.77192	66.7915	
0.957197	-0.0481237	-0.28541	-0.0356249	0.958995	-0.281176	0.287238	0.279308	0.916232	8.73609	10.0289	67.6406	
0.955244	-0.0500118	-0.29156	-0.0366553	0.957998	-0.284422	0.293538	0.282379	0.913289	9.00477	10.2888	68.487	
0.95325	-0.0519204	-0.29769	-0.0377079	0.956991	-0.287657	0.299821	0.285434	0.910294	9.27928	10.5515	69.3306	
0.946095	-0.0584517	-0.318571	-0.0370032	0.957634	-0.2856	0.321769	0.281993	0.90385	9.56685	10.814	70.1699	
0.938437	-0.0649021	-0.339299	-0.0362489	0.95827	-0.283558	0.343543	0.278401	0.896923	9.87466	11.0732	71.0031	
0.93028	-0.0712681	-0.359862	-0.0354454	0.958897	-0.281533	0.365135	0.27466	0.889516	10.2025	11.3291	71.8295	
0.921628	-0.0775463	-0.380248	-0.0345932	0.959515	-0.279525	0.38653	0.270772	0.881633	10.5503	11.5815	72.649	
0.912486	-0.0837333	-0.400448	-0.0336926	0.960125	-0.277535	0.407719	0.266739	0.873279	10.9177	11.8301	73.4609	
0.902858	-0.0898258	-0.42045	-0.0327443	0.960725	-0.275565	0.42869	0.262563	0.864457	11.3047	12.075	74.2648	
0.892751	-0.0958205	-0.440244	-0.0317487	0.961315	-0.273615	0.449431	0.258247	0.855172	11.711	12.316	75.0604	
0.882168	-0.101714	-0.459819	-0.0307064	0.961896	-0.271687	0.469932	0.253793	0.845431	12.1363	12.5529	75.8472	
0.871117	-0.107504	-0.479164	-0.0296178	0.962466	-0.269781	0.490182	0.249203	0.835236	12.5805	12.7856	76.6247	
0.859602	-0.113187	-0.49827	-0.0284836	0.963026	-0.267899	0.510169	0.24448	0.824595	13.0433	13.014	77.3927	
0.847631	-0.118759	-0.517125	-0.0273044	0.963575	-0.266042	0.529883	0.239625	0.813513	13.5245	13.2379	78.1505	
0.835209	-0.124218	-0.53572	-0.0260808	0.964112	-0.264211	0.549314	0.234643	0.801995	14.0238	13.4574	78.8979	
0.822343	-0.129561	-0.554045	-0.0248135	0.964639	-0.262406	0.568451	0.229535	0.790049	14.5409	13.6721	79.6345	
0.80904	-0.134785	-0.572091	-0.0235032	0.965153	-0.260628	0.587284	0.224304	0.777679	15.0756	13.8821	80.3598	
0.795307	-0.139887	-0.589846	-0.0221505	0.965656	-0.258879	0.605802	0.218954	0.764894	15.6276	14.0872	81.0735	
0.781151	-0.144864	-0.607303	-0.0207561	0.966146	-0.25716	0.623997	0.213486	0.751699	16.1965	14.2872	81.7751	
0.766581	-0.149715	-0.624451	-0.0193209	0.966624	-0.25547	0.641857	0.207904	0.738102	16.7822	14.4822	82.4644	
0.751603	-0.154435	-0.641282	-0.0178456	0.967089	-0.253813	0.659375	0.20221	0.724111	17.3842	14.6719	83.1408	
0.736226	-0.159024	-0.657786	-0.0163309	0.967541	-0.252187	0.676539	0.196409	0.709731	18.0022	14.8563	83.8042	
0.720458	-0.163477	-0.673955	-0.0147778	0.967979	-0.250594	0.693341	0.190502	0.694973	18.636	15.0353	84.4541	
0.704307	-0.167794	-0.68978	-0.013187	0.968405	-0.249036	0.709773	0.184494	0.679842	19.2852	15.2088	85.0901	
0.687783	-0.171971	-0.705252	-0.0115593	0.968816	-0.247512	0.725824	0.178386	0.664347	19.9493	15.3767	85.712	
