1	0	0	0	1	0	0	0	1	0	0	0	
1	-1.7196e-06	-0.000727187	-1.7196e-06	0.999989	-0.00472943	0.000727187	0.00472943	0.999989	0.00033256	0.00216288	0.914643	
0.999999	-6.88822e-06	-0.00145565	-6.88353e-06	0.999955	-0.00946069	0.00145565	0.00946069	0.999954	0.00133082	0.00865237	1.82926	
0.999998	-1.55193e-05	-0.00218536	-1.55005e-05	0.999899	-0.0141936	0.00218536	0.0141936	0.999897	0.00299594	0.0194701	2.74385	
0.999996	-2.76261e-05	-0.00291631	-2.75792e-05	0.999821	-0.0189281	0.00291631	0.0189281	0.999817	0.00532906	0.0346175	3.65836	
0.999993	-4.32218e-05	-0.00364846	-4.31279e-05	0.99972	-0.023664	0.00364846	0.023664	0.999713	0.00833129	0.0540959	4.5728	
0.99999	-6.23194e-05	-0.0043818	-6.21548e-05	0.999597	-0.0284012	0.00438181	0.0284012	0.999587	0.0120037	0.0779066	5.48712	
0.999987	-8.49315e-05	-0.00511631	-8.46682e-05	0.999451	-0.0331395	0.00511632	0.0331395	0.999438	0.0163474	0.106051	6.40133	
0.999983	-0.000111071	-0.00585197	-0.000110676	0.999282	-0.0378787	0.00585197	0.0378787	0.999265	0.0213635	0.138529	7.31538	
0.999978	-0.00014075	-0.00658874	-0.000140185	0.999091	-0.0426188	0.00658876	0.0426188	0.99907	0.027053	0.175342	8.22927	
0.999973	-0.000173981	-0.00732662	-0.000173204	0.998878	-0.0473595	0.00732664	0.0473595	0.998851	0.0334168	0.216492	9.14296	
0.999967	-0.000210776	-0.00806558	-0.00020974	0.998642	-0.0521008	0.00806561	0.0521008	0.998609	0.040456	0.261977	10.0565	
0.999961	-0.000251147	-0.00880559	-0.0002498	0.998383	-0.0568425	0.00880563	0.0568425	0.998344	0.0481717	0.3118	10.9697	
0.999954	-0.000295107	-0.00954664	-0.000293392	0.998102	-0.0615844	0.0095467	0.0615844	0.998056	0.0565646	0.365959	11.8827	
0.999947	-0.000342665	-0.0102887	-0.000340521	0.997798	-0.0663265	0.0102888	0.0663265	0.997745	0.0656359	0.424456	12.7954	
0.999939	-0.000393835	-0.0110318	-0.000391195	0.997471	-0.0710685	0.0110318	0.0710685	0.99741	0.0753863	0.48729	13.7079	
0.999931	-0.000448627	-0.0117758	-0.000445421	0.997122	-0.0758103	0.0117759	0.0758103	0.997053	0.0858168	0.554461	14.62	
0.999921	-0.000507052	-0.0125207	-0.000503204	0.99675	-0.0805519	0.0125209	0.0805518	0.996672	0.0969283	0.625969	15.5318	
0.999912	-0.000569122	-0.0132666	-0.000564551	0.996356	-0.0852929	0.0132668	0.0852929	0.996268	0.108722	0.701814	16.4432	
0.999902	-0.000634847	-0.0140134	-0.000629468	0.995939	-0.0900334	0.0140137	0.0900333	0.99584	0.121198	0.781995	17.3542	
0.999891	-0.000704238	-0.0147611	-0.000697961	0.995499	-0.0947731	0.0147614	0.094773	0.995389	0.134357	0.866511	18.2649	
0.999879	-0.000777305	-0.0155096	-0.000770035	0.995036	-0.0995119	0.01551	0.0995118	0.994915	0.148201	0.955363	19.1751	
0.999867	-0.000854059	-0.0162589	-0.000845697	0.994551	-0.10425	0.0162594	0.10425	0.994418	0.16273	1.04855	20.0848	
0.999855	-0.00093451	-0.0170091	-0.000924951	0.994043	-0.108986	0.0170096	0.108986	0.993898	0.177945	1.14607	20.9941	
0.999842	-0.00101867	-0.0177601	-0.0010078	0.993512	-0.113722	0.0177607	0.113721	0.993354	0.193846	1.24792	21.903	
0.999828	-0.00110654	-0.0185118	-0.00109426	0.992959	-0.118455	0.0185125	0.118455	0.992787	0.210435	1.3541	22.8113	
0.999814	-0.00119814	-0.0192642	-0.00118432	0.992383	-0.123188	0.0192651	0.123187	0.992196	0.227711	1.4646	23.7191	
0.999799	-0.00129347	-0.0200174	-0.00127799	0.991784	-0.127918	0.0200184	0.127918	0.991583	0.245676	1.57944	24.6263	
0.999783	-0.00139255	-0.0207712	-0.00137529	0.991162	-0.132647	0.0207724	0.132647	0.990946	0.264331	1.6986	25.5329	
0.999767	-0.00149539	-0.0215258	-0.0014762	0.990518	-0.137373	0.0215271	0.137373	0.990285	0.283676	1.82209	26.439	
0.99975	-0.00160198	-0.0222809	-0.00158074	0.989851	-0.142098	0.0222824	0.142097	0.989602	0.303711	1.9499	27.3445	
0.999733	-0.00171235	-0.0230367	-0.0016889	0.989162	-0.14682	0.0230385	0.146819	0.988895	0.324437	2.08203	28.2493	
0.999715	-0.0018265	-0.0237931	-0.0018007	0.98845	-0.151539	0.0237951	0.151539	0.988165	0.345855	2.21847	29.1534	
0.999697	-0.00194444	-0.0245501	-0.00191614	0.987715	-0.156256	0.0245523	0.156256	0.987411	0.367966	2.35924	30.0569	
0.999678	-0.00206617	-0.0253076	-0.00203522	0.986957	-0.160971	0.0253101	0.16097	0.986635	0.390769	2.50431	30.9597	
0.999658	-0.00219171	-0.0260657	-0.00215795	0.986177	-0.165682	0.0260685	0.165682	0.985835	0.414266	2.6537	31.8617	
0.999637	-0.00232106	-0.0268242	-0.00228432	0.985374	-0.170391	0.0268274	0.17039	0.985011	0.438456	2.80739	32.7631	
0.999616	-0.00245423	-0.0275833	-0.00241434	0.984548	-0.175096	0.0275868	0.175095	0.984165	0.463341	2.96539	33.6636	
0.999595	-0.00259123	-0.0283428	-0.00254801	0.9837	-0.179798	0.0283467	0.179797	0.983295	0.488921	3.12769	34.5634	
0.999573	-0.00273206	-0.0291027	-0.00268534	0.98283	-0.184496	0.029107	0.184496	0.982402	0.515196	3.29429	35.4623	
0.99955	-0.00287674	-0.029863	-0.00282633	0.981936	-0.189191	0.0298678	0.189191	0.981486	0.542166	3.46519	36.3605	
0.999526	-0.00302526	-0.0306238	-0.00297098	0.98102	-0.193883	0.0306291	0.193882	0.980547	0.569833	3.64037	37.2578	
0.999502	-0.00317765	-0.0313848	-0.00311929	0.980082	-0.19857	0.0313907	0.198569	0.979584	0.598196	3.81985	38.1542	
0.999478	-0.00333389	-0.0321463	-0.00327127	0.979121	-0.203253	0.0321527	0.203252	0.978598	0.627256	4.00361	39.0497	
0.999452	-0.003494	-0.032908	-0.00342691	0.978137	-0.207933	0.032915	0.207932	0.977589	0.657013	4.19166	39.9443	
0.999426	-0.00365799	-0.03367	-0.00358623	0.977131	-0.212608	0.0336777	0.212607	0.976557	0.687468	4.38398	40.838	
0.9994	-0.00382586	-0.0344323	-0.00374921	0.976102	-0.217278	0.0344407	0.217277	0.975502	0.71862	4.58058	41.7307	
0.999372	-0.00399762	-0.0351948	-0.00391587	0.975051	-0.221944	0.035204	0.221943	0.974424	0.75047	4.78144	42.6225	
0.999345	-0.00417328	-0.0359576	-0.0040862	0.973978	-0.226606	0.0359676	0.226604	0.973323	0.783019	4.98657	43.5132	
0.999316	-0.00435283	-0.0367205	-0.0042602	0.972882	-0.231262	0.0367314	0.231261	0.972198	0.816266	5.19597	44.4029	
0.999287	-0.00453628	-0.0374836	-0.00443788	0.971764	-0.235914	0.0374954	0.235912	0.971051	0.850211	5.40962	45.2916	
0.999257	-0.00472365	-0.0382468	-0.00461923	0.970623	-0.240561	0.0382596	0.240559	0.96988	0.884856	5.62752	46.1793	
0.999227	-0.00491493	-0.0390102	-0.00480427	0.96946	-0.245202	0.039024	0.2452	0.968687	0.920199	5.84967	47.0658	
0.999196	-0.00511012	-0.0397737	-0.00499297	0.968275	-0.249838	0.0397885	0.249835	0.96747	0.956242	6.07606	47.9513	
0.999164	-0.00530925	-0.0405372	-0.00518536	0.967067	-0.254468	0.0405532	0.254466	0.966231	0.992985	6.30669	48.8356	
0.999132	-0.0055123	-0.0413007	-0.00538142	0.965837	-0.259093	0.041318	0.25909	0.964969	1.03043	6.54155	49.7188	
0.999099	-0.00571928	-0.0420643	-0.00558116	0.964585	-0.263712	0.0420829	0.263709	0.963684	1.06857	6.78064	50.6008	
0.999065	-0.0059302	-0.0428279	-0.00578458	0.963311	-0.268325	0.0428478	0.268322	0.962376	1.10741	7.02395	51.4816	
0.999031	-0.00614507	-0.0435914	-0.00599167	0.962015	-0.272932	0.0436128	0.272929	0.961045	1.14695	7.27148	52.3613	
0.998996	-0.00636387	-0.0443549	-0.00620244	0.960696	-0.277533	0.0443778	0.277529	0.959692	1.18719	7.52321	53.2397	
0.99896	-0.00658663	-0.0451183	-0.00641689	0.959355	-0.282128	0.0451428	0.282124	0.958315	1.22813	7.77916	54.1168	
0.998928	-0.00678774	-0.0457997	-0.00648193	0.958951	-0.283497	0.045844	0.28349	0.957879	1.26974	8.03783	54.9931	
0.998895	-0.00699043	-0.0464828	-0.00654798	0.958545	-0.284867	0.0465471	0.284856	0.957439	1.31199	8.29774	55.8691	
0.998861	-0.00719468	-0.0471675	-0.00661504	0.958136	-0.286235	0.0472522	0.286221	0.956998	1.35489	8.55891	56.7446	
0.998827	-0.00740046	-0.0478537	-0.00668313	0.957726	-0.287604	0.0479591	0.287586	0.956553	1.39843	8.82133	57.6197	
0.998792	-0.00760776	-0.0485414	-0.00675224	0.957314	-0.288972	0.0486678	0.28895	0.956106	1.44262	9.08499	58.4944	
0.998757	-0.00781655	-0.0492305	-0.00682237	0.956899	-0.290339	0.0493781	0.290314	0.955657	1.48746	9.3499	59.3687	
0.998721	-0.00802681	-0.0499208	-0.00689352	0.956483	-0.291706	0.0500899	0.291677	0.955204	1.53295	9.61606	60.2426	
0.998684	-0.00823853	-0.0506124	-0.00696571	0.956065	-0.293073	0.0508032	0.29304	0.95475	1.57909	9.88346	61.116	
0.998647	-0.00845168	-0.0513051	-0.00703892	0.955644	-0.294439	0.0515179	0.294401	0.954292	1.62588	10.1521	61.9891	
0.99861	-0.00866624	-0.0519988	-0.00711317	0.955222	-0.295804	0.0522339	0.295763	0.953832	1.67333	10.422	62.8617	
0.998571	-0.00888218	-0.0526935	-0.00718845	0.954798	-0.297169	0.0529511	0.297123	0.95337	1.72143	10.6932	63.7339	
0.998532	-0.00909949	-0.053389	-0.00726477	0.954371	-0.298534	0.0536694	0.298483	0.952905	1.77019	10.9655	64.6057	
0.998493	-0.00931813	-0.0540852	-0.00734212	0.953943	-0.299897	0.0543887	0.299843	0.952437	1.81961	11.2392	65.4771	
0.998453	-0.0095381	-0.0547822	-0.00742051	0.953513	-0.301261	0.055109	0.301201	0.951967	1.86969	11.514	66.348	
0.998412	-0.00975935	-0.0554797	-0.00749995	0.953081	-0.302624	0.0558301	0.302559	0.951494	1.92042	11.7901	67.2185	
0.998371	-0.00998187	-0.0561778	-0.00758042	0.952646	-0.303986	0.0565519	0.303917	0.951019	1.97182	12.0675	68.0886	
0.998329	-0.0102056	-0.0568762	-0.00766194	0.95221	-0.305348	0.0572744	0.305274	0.950541	2.02387	12.3461	68.9582	
0.998287	-0.0104306	-0.057575	-0.0077445	0.951772	-0.306709	0.0579975	0.30663	0.95006	2.07659	12.6259	69.8274	
0.998317	-0.0102769	-0.0570793	-0.00642269	0.958532	-0.284912	0.0576404	0.284799	0.956853	2.12948	12.8964	70.6995	
0.998347	-0.0101345	-0.0565802	-0.00510938	0.964792	-0.262965	0.0572531	0.26282	0.963145	2.18202	13.1469	71.5776	
0.998376	-0.0100036	-0.0560779	-0.00380527	0.970547	-0.24088	0.0568359	0.240703	0.968933	2.2342	13.3772	72.4612	
0.998406	-0.00988424	-0.0555728	-0.00251104	0.975796	-0.218669	0.0563891	0.21846	0.974215	2.28598	13.5872	73.3499	
0.998435	-0.00977647	-0.055065	-0.00122736	0.980535	-0.196343	0.0559127	0.196103	0.978988	2.33734	13.7767	74.2432	
0.998464	-0.00968035	-0.0545549	4.50929e-05	0.984761	-0.173913	0.0554071	0.173643	0.983249	2.38825	13.9458	75.1406	
0.998493	-0.00959593	-0.0540427	0.00130566	0.988473	-0.151392	0.0548725	0.151093	0.986995	2.43869	14.0944	76.0417	
0.998521	-0.00952326	-0.0535287	0.00255367	0.991668	-0.128791	0.0543092	0.128464	0.990226	2.48862	14.2222	76.9459	
0.998549	-0.00946237	-0.0530132	0.00378849	0.994346	-0.106122	0.0537176	0.105767	0.992939	2.53803	14.3293	77.8529	
0.998577	-0.00941329	-0.0524963	0.00500945	0.996504	-0.0833974	0.0530978	0.0830157	0.995133	2.58688	14.4157	78.7622	
0.998604	-0.00937606	-0.0519785	0.00621594	0.998141	-0.0606283	0.0524503	0.0602206	0.996806	2.63515	14.4812	79.6732	
0.998631	-0.00935068	-0.0514599	0.0074073	0.999257	-0.0378269	0.0517754	0.0373939	0.997958	2.68282	14.5258	80.5854	
0.998658	-0.00933718	-0.0509409	0.00858293	0.999851	-0.0150051	0.0510734	0.0145477	0.998589	2.72986	14.5496	81.4986	
0.998684	-0.00933555	-0.0504217	0.0097422	0.999922	0.00782514	0.0503447	-0.00830606	0.998697	2.77624	14.5524	82.412	
0.99871	-0.00934581	-0.0499026	0.0108845	0.999471	0.0306519	0.0495897	-0.0311555	0.998284	2.82194	14.5344	83.3253	
0.998736	-0.00936795	-0.0493838	0.0120093	0.998498	0.0534632	0.0488087	-0.0539887	0.997348	2.86694	14.4955	84.238	
0.998761	-0.00940195	-0.0488656	0.0131159	0.997003	0.0762472	0.0480023	-0.0767936	0.995891	2.91122	14.4356	85.1496	
0.998786	-0.00944779	-0.0483483	0.0142038	0.994987	0.0989918	0.0471707	-0.0995584	0.993913	2.95475	14.355	86.0596	
0.99881	-0.00950546	-0.0478322	0.0152724	0.992451	0.121685	0.0463145	-0.122271	0.991416	2.9975	14.2535	86.9676	
0.998834	-0.00957492	-0.0473175	0.0163211	0.989397	0.144316	0.045434	-0.14492	0.9884	3.03946	14.1313	87.873	
0.998857	-0.00965613	-0.0468046	0.0173494	0.985826	0.166872	0.0445298	-0.167493	0.984867	3.08061	13.9885	88.7755	
