1	0	0	0	1	0	0	0	1	0	0	0	
1	1.09268e-06	-0.000941505	1.09268e-06	0.999997	0.00232114	0.000941505	-0.00232114	0.999997	0.000380644	-0.00093842	0.808585	
0.999998	4.37968e-06	-0.00188463	4.38246e-06	0.999989	0.00464922	0.00188463	-0.00464922	0.999987	0.00152323	-0.00375649	1.61716	
0.999996	9.87492e-06	-0.00282935	9.88605e-06	0.999976	0.00698418	0.00282935	-0.00698418	0.999972	0.00342906	-0.0084598	2.42573	
0.999993	1.75921e-05	-0.00377561	1.762e-05	0.999957	0.00932595	0.00377561	-0.00932595	0.999949	0.0060994	-0.0150539	3.23429	
0.999989	2.75446e-05	-0.00472339	2.76006e-05	0.999932	0.0116744	0.00472339	-0.0116744	0.999921	0.0095355	-0.0235442	4.04282	
0.999984	3.97457e-05	-0.00567265	3.98438e-05	0.999902	0.0140296	0.00567265	-0.0140296	0.999885	0.0137385	-0.0339361	4.85133	
0.999978	5.42082e-05	-0.00662335	5.43657e-05	0.999866	0.0163913	0.00662335	-0.0163913	0.999844	0.0187097	-0.0462351	5.65981	
0.999971	7.09448e-05	-0.00757546	7.11817e-05	0.999824	0.0187595	0.00757545	-0.0187595	0.999795	0.0244502	-0.0604464	6.46825	
0.999964	8.99681e-05	-0.00852893	9.03074e-05	0.999777	0.0211342	0.00852893	-0.0211342	0.99974	0.0309611	-0.0765751	7.27665	
0.999955	0.00011129	-0.00948373	0.000111758	0.999723	0.0235152	0.00948373	-0.0235152	0.999678	0.0382435	-0.0946266	8.085	
0.999945	0.000134923	-0.0104398	0.000135548	0.999664	0.0259025	0.0104398	-0.0259025	0.99961	0.0462985	-0.114606	8.8933	
0.999935	0.000160878	-0.0113972	0.000161693	0.9996	0.028296	0.0113972	-0.028296	0.999535	0.055127	-0.136518	9.70154	
0.999924	0.000189166	-0.0123558	0.000190206	0.999529	0.0306956	0.0123558	-0.0306957	0.999452	0.0647302	-0.160368	10.5097	
0.999911	0.0002198	-0.0133156	0.000221103	0.999452	0.0331013	0.0133155	-0.0331013	0.999363	0.0751089	-0.186161	11.3178	
0.999898	0.000252789	-0.0142765	0.000254397	0.999369	0.035513	0.0142765	-0.035513	0.999267	0.0862642	-0.213901	12.1259	
0.999884	0.000288145	-0.0152385	0.000290103	0.99928	0.0379306	0.0152385	-0.0379306	0.999164	0.0981969	-0.243594	12.9338	
0.999869	0.000325878	-0.0162017	0.000328232	0.999185	0.040354	0.0162016	-0.040354	0.999054	0.110908	-0.275244	13.7417	
0.999853	0.000365997	-0.0171658	0.0003688	0.999084	0.0427831	0.0171658	-0.0427831	0.998937	0.124398	-0.308855	14.5494	
0.999836	0.000408514	-0.018131	0.000411819	0.998977	0.0452179	0.0181309	-0.045218	0.998813	0.138668	-0.344434	15.3571	
0.999818	0.000453436	-0.0190972	0.000457302	0.998864	0.0476583	0.0190971	-0.0476584	0.998681	0.153719	-0.381983	16.1647	
0.999799	0.000500775	-0.0200643	0.000505262	0.998744	0.0501043	0.0200642	-0.0501043	0.998542	0.169552	-0.421508	16.9722	
0.999779	0.000550539	-0.0210323	0.000555711	0.998618	0.0525557	0.0210321	-0.0525557	0.998396	0.186167	-0.463012	17.7795	
0.999758	0.000602736	-0.0220011	0.000608661	0.998485	0.0550124	0.022001	-0.0550125	0.998243	0.203565	-0.506501	18.5867	
0.999736	0.000657375	-0.0229708	0.000664123	0.998347	0.0574745	0.0229706	-0.0574745	0.998083	0.221747	-0.551979	19.3938	
0.999713	0.000714466	-0.0239413	0.000722111	0.998202	0.0599417	0.0239411	-0.0599418	0.997915	0.240713	-0.59945	20.2008	
0.999689	0.000774015	-0.0249126	0.000782635	0.99805	0.0624141	0.0249123	-0.0624142	0.997739	0.260464	-0.648918	21.0076	
0.999665	0.00083603	-0.0258846	0.000845707	0.997892	0.0648916	0.0258843	-0.0648917	0.997557	0.281001	-0.700386	21.8143	
0.999639	0.000900519	-0.0268572	0.000911336	0.997727	0.067374	0.0268569	-0.0673742	0.997366	0.302323	-0.753861	22.6209	
0.999612	0.00096749	-0.0278306	0.000979535	0.997556	0.0698613	0.0278302	-0.0698615	0.997168	0.324433	-0.809344	23.4272	
0.999585	0.00103695	-0.0288045	0.00105031	0.997378	0.0723535	0.028804	-0.0723537	0.996963	0.34733	-0.866841	24.2334	
0.999556	0.0011089	-0.0297791	0.00112368	0.997194	0.0748504	0.0297785	-0.0748506	0.99675	0.371014	-0.926354	25.0395	
0.999526	0.00118336	-0.0307542	0.00119965	0.997003	0.077352	0.0307535	-0.0773523	0.996529	0.395487	-0.987889	25.8454	
0.999496	0.00126032	-0.0317298	0.00127823	0.996805	0.0798582	0.031729	-0.0798585	0.996301	0.420748	-1.05145	26.651	
0.999464	0.0013398	-0.0327058	0.00135943	0.996601	0.0823689	0.032705	-0.0823692	0.996065	0.446799	-1.11704	27.4565	
0.999432	0.0014218	-0.0336824	0.00144325	0.99639	0.084884	0.0336815	-0.0848844	0.995821	0.473638	-1.18466	28.2619	
0.999398	0.00150632	-0.0346593	0.00152971	0.996172	0.0874035	0.0346583	-0.0874039	0.99557	0.501268	-1.25431	29.067	
0.999364	0.00159337	-0.0356367	0.00161882	0.995947	0.0899272	0.0356355	-0.0899277	0.995311	0.529687	-1.326	29.8719	
0.999328	0.00168296	-0.0366143	0.00171058	0.995715	0.0924552	0.0366131	-0.0924557	0.995043	0.558896	-1.39974	30.6765	
0.999292	0.00177509	-0.0375923	0.00180501	0.995477	0.0949873	0.0375909	-0.0949878	0.994768	0.588897	-1.47552	31.481	
0.999254	0.00186976	-0.0385706	0.00190211	0.995231	0.0975234	0.038569	-0.097524	0.994486	0.619688	-1.55335	32.2853	
0.999216	0.00196698	-0.0395491	0.00200188	0.994979	0.100064	0.0395473	-0.100064	0.994195	0.651269	-1.63324	33.0893	
0.999176	0.00206676	-0.0405278	0.00210435	0.99472	0.102607	0.0405259	-0.102608	0.993896	0.683642	-1.71518	33.893	
0.999136	0.00216908	-0.0415067	0.0022095	0.994453	0.105155	0.0415046	-0.105156	0.993589	0.716807	-1.79917	34.6966	
0.999094	0.00227397	-0.0424857	0.00231736	0.99418	0.107707	0.0424834	-0.107708	0.993274	0.750763	-1.88523	35.4998	
0.999052	0.00238143	-0.0434649	0.00242792	0.9939	0.110262	0.0434623	-0.110263	0.992952	0.78551	-1.97336	36.3029	
0.999009	0.00249144	-0.0444441	0.0025412	0.993612	0.112821	0.0444413	-0.112822	0.992621	0.821049	-2.06355	37.1056	
0.998964	0.00260403	-0.0454233	0.0026572	0.993318	0.115383	0.0454202	-0.115384	0.992282	0.857379	-2.15581	37.9081	
0.998919	0.00271918	-0.0464026	0.00277592	0.993016	0.117949	0.0463992	-0.11795	0.991935	0.894501	-2.25015	38.7103	
0.998873	0.00283691	-0.0473818	0.00289738	0.992707	0.120517	0.0473782	-0.120519	0.99158	0.932415	-2.34656	39.5122	
0.998826	0.00295722	-0.048361	0.00302157	0.992391	0.12309	0.048357	-0.123091	0.991216	0.97112	-2.44505	40.3138	
0.998777	0.0030801	-0.0493401	0.00314851	0.992068	0.125665	0.0493358	-0.125667	0.990845	1.01062	-2.54562	41.1152	
0.998728	0.00320555	-0.050319	0.0032782	0.991737	0.128244	0.0503144	-0.128245	0.990465	1.0509	-2.64827	41.9162	
0.998678	0.00333359	-0.0512978	0.00341063	0.9914	0.130825	0.0512928	-0.130827	0.990077	1.09198	-2.75302	42.7169	
0.998627	0.0034642	-0.0522764	0.00354583	0.991055	0.13341	0.052271	-0.133412	0.989681	1.13385	-2.85985	43.5173	
0.998574	0.0035974	-0.0532548	0.00368379	0.990702	0.135997	0.0532489	-0.135999	0.989277	1.17651	-2.96877	44.3174	
0.998616	0.00348847	-0.0524769	0.00394817	0.99001	0.140944	0.0524443	-0.140957	0.988626	1.21925	-3.08074	45.1171	
0.998657	0.00337634	-0.0517043	0.00420892	0.989291	0.145896	0.0516432	-0.145918	0.987948	1.26133	-3.19672	45.9162	
0.998697	0.00326104	-0.050937	0.00446602	0.988546	0.150851	0.0508455	-0.150882	0.987243	1.30276	-3.31671	46.7147	
0.998736	0.00314257	-0.0501747	0.00471948	0.987776	0.155809	0.050051	-0.155849	0.986512	1.34355	-3.44072	47.5127	
0.998774	0.00302097	-0.0494173	0.00496927	0.986979	0.16077	0.0492596	-0.160818	0.985754	1.38371	-3.56875	48.3101	
0.998811	0.00289625	-0.0486648	0.00521541	0.986157	0.165733	0.0484711	-0.16579	0.984969	1.42322	-3.70079	49.1068	
0.998847	0.00276843	-0.0479169	0.00545788	0.985308	0.170699	0.0476855	-0.170763	0.984157	1.46209	-3.83686	49.903	
0.998883	0.00263752	-0.0471736	0.00569668	0.984433	0.175666	0.0469026	-0.175738	0.983319	1.50033	-3.97695	50.6984	
0.998918	0.00250354	-0.0464347	0.0059318	0.983532	0.180634	0.0461223	-0.180714	0.982454	1.53794	-4.12106	51.4931	
0.998952	0.00236648	-0.0457001	0.00616323	0.982605	0.185604	0.0453444	-0.185691	0.981561	1.57492	-4.2692	52.2872	
0.998986	0.00222637	-0.0449696	0.00639098	0.981652	0.190574	0.0445688	-0.190668	0.980642	1.61127	-4.42136	53.0805	
0.999019	0.0020832	-0.0442431	0.00661503	0.980673	0.195544	0.0437953	-0.195645	0.979696	1.647	-4.57754	53.873	
0.999051	0.00193699	-0.0435204	0.00683537	0.979667	0.200515	0.0430239	-0.200622	0.978724	1.6821	-4.73775	54.6648	
0.999082	0.00178772	-0.0428015	0.00705201	0.978635	0.205485	0.0422544	-0.205598	0.977724	1.71658	-4.90198	55.4558	
0.999113	0.00163541	-0.0420862	0.00726493	0.977577	0.210454	0.0414867	-0.210573	0.976697	1.75043	-5.07024	56.246	
0.999143	0.00148004	-0.0413744	0.00747413	0.976492	0.215422	0.0407206	-0.215547	0.975644	1.78367	-5.24251	57.0353	
0.999172	0.00132162	-0.0406659	0.0076796	0.975382	0.220389	0.039956	-0.220519	0.974564	1.81629	-5.41881	57.8237	
0.999201	0.00116014	-0.0399606	0.00788133	0.974245	0.225354	0.0391928	-0.225489	0.973457	1.84829	-5.59913	58.6113	
0.999229	0.00099558	-0.0392583	0.00807932	0.973082	0.230317	0.0384309	-0.230457	0.972323	1.87967	-5.78347	59.398	
0.999256	0.000827943	-0.038559	0.00827356	0.971893	0.235278	0.03767	-0.235422	0.971163	1.91044	-5.97182	60.1837	
0.999283	0.000657212	-0.0378625	0.00846405	0.970678	0.240236	0.0369102	-0.240384	0.969976	1.94059	-6.16418	60.9685	
0.999309	0.000483371	-0.0371686	0.00865076	0.969436	0.24519	0.0361511	-0.245342	0.968762	1.97013	-6.36056	61.7523	
0.999334	0.000306403	-0.0364773	0.0088337	0.968169	0.250141	0.0353928	-0.250297	0.967522	1.99905	-6.56094	62.5351	
0.999359	0.000126289	-0.0357883	0.00901286	0.966876	0.255089	0.0346351	-0.255248	0.966255	2.02736	-6.76533	63.317	
0.999384	-5.69913e-05	-0.0351016	0.00918823	0.965556	0.260032	0.0338778	-0.260194	0.964962	2.05506	-6.97372	64.0977	
0.999408	-0.000243462	-0.034417	0.0093598	0.964211	0.264971	0.0331208	-0.265136	0.963642	2.08215	-7.18611	64.8775	
0.999431	-0.000433148	-0.0337344	0.00952756	0.96284	0.269905	0.032364	-0.270072	0.962296	2.10862	-7.40249	65.6561	
0.999453	-0.000626076	-0.0330537	0.0096915	0.961443	0.274833	0.0316072	-0.275004	0.960924	2.13449	-7.62286	66.4337	
0.999475	-0.000822277	-0.0323747	0.00985162	0.96002	0.279757	0.0308504	-0.279929	0.959525	2.15974	-7.84722	67.2101	
0.999497	-0.00102178	-0.0316973	0.0100079	0.958572	0.284674	0.0300933	-0.284848	0.9581	2.18438	-8.07555	67.9854	
0.999518	-0.00122462	-0.0310214	0.0101603	0.957098	0.289586	0.0293359	-0.289761	0.956649	2.2084	-8.30786	68.7595	
0.999538	-0.00143084	-0.0303468	0.0103089	0.955599	0.294491	0.028578	-0.294667	0.955172	2.23182	-8.54415	69.5324	
0.999558	-0.00164046	-0.0296735	0.0104536	0.954074	0.299389	0.0278196	-0.299567	0.95367	2.25462	-8.78439	70.3042	
0.999578	-0.00185353	-0.0290012	0.0105945	0.952524	0.30428	0.0270603	-0.304458	0.952141	2.27681	-9.02859	71.0747	
0.999822	-0.0054575	-0.0180425	0.0109464	0.94734	0.320043	0.0153457	-0.320183	0.947231	2.29395	-9.28114	71.8426	
0.999932	-0.00924218	-0.00714261	0.0111039	0.941896	0.335721	0.0036248	-0.335778	0.941934	2.30162	-9.54635	72.6064	
0.999906	-0.013206	0.00369389	0.0110667	0.936194	0.351309	-0.00809758	-0.351235	0.936252	2.29981	-9.82411	73.3658	
0.999745	-0.0173474	0.0144626	0.0108351	0.930237	0.366799	-0.0198167	-0.366548	0.930188	2.28853	-10.1143	74.1204	
0.999449	-0.0216646	0.0251592	0.010409	0.924027	0.382185	-0.0315276	-0.381712	0.923743	2.26777	-10.4168	74.8699	
0.999017	-0.0261559	0.0357792	0.00978857	0.917567	0.397461	-0.0432257	-0.39672	0.916921	2.23755	-10.7316	75.6141	
0.998451	-0.0308194	0.0463183	0.00897415	0.910859	0.41262	-0.0549062	-0.411565	0.909725	2.19787	-11.0584	76.3526	
0.99775	-0.0356533	0.0567723	0.00796605	0.903906	0.427657	-0.0665642	-0.426243	0.902156	2.14876	-11.3971	77.0852	
0.996915	-0.0406555	0.0671367	0.00676467	0.896711	0.442566	-0.078195	-0.440746	0.894219	2.09023	-11.7476	77.8115	
0.995946	-0.0458241	0.0774075	0.00537051	0.889276	0.457339	-0.0897938	-0.455069	0.885917	2.02231	-12.1098	78.5312	
