1	0	0	0	1	0	0	0	1	0	0	0	
1	6.89466e-09	-0.000142134	6.89466e-09	1	9.70165e-05	0.000142134	-9.70165e-05	1	6.44986e-05	-4.40249e-05	0.907576	
1	2.76737e-08	-0.000284741	2.76799e-08	1	0.0001944	0.000284741	-0.0001944	1	0.000258209	-0.000176266	1.81515	
1	6.24797e-08	-0.000427815	6.2505e-08	1	0.000292147	0.000427815	-0.000292147	1	0.000581558	-0.000397055	2.72273	
1	1.11454e-07	-0.000571349	1.11517e-07	1	0.000390253	0.000571349	-0.000390253	1	0.00103497	-0.00070672	3.6303	
1	1.74735e-07	-0.000715339	1.74862e-07	1	0.000488715	0.000715339	-0.000488715	1	0.00161885	-0.00110559	4.53788	
1	2.52461e-07	-0.000859778	2.52684e-07	1	0.00058753	0.000859778	-0.00058753	0.999999	0.00233362	-0.00159397	5.44545	
0.999999	3.44767e-07	-0.00100466	3.45125e-07	1	0.000686692	0.00100466	-0.000686692	0.999999	0.00317968	-0.0021722	6.35303	
0.999999	4.51787e-07	-0.00114998	4.52325e-07	1	0.000786198	0.00114998	-0.000786198	0.999999	0.00415743	-0.00284058	7.2606	
0.999999	5.73652e-07	-0.00129573	5.74424e-07	1	0.000886045	0.00129573	-0.000886045	0.999999	0.00526726	-0.00359942	8.16818	
0.999999	7.10491e-07	-0.0014419	7.11556e-07	1	0.000986228	0.0014419	-0.000986228	0.999998	0.00650957	-0.00444904	9.07575	
0.999999	8.62434e-07	-0.0015885	8.63858e-07	0.999999	0.00108674	0.0015885	-0.00108674	0.999998	0.00788473	-0.00538973	9.98333	
0.999998	1.0296e-06	-0.0017355	1.03146e-06	0.999999	0.00118759	0.0017355	-0.00118759	0.999998	0.00939312	-0.00642179	10.8909	
0.999998	1.21213e-06	-0.00188292	1.2145e-06	0.999999	0.00128876	0.00188292	-0.00128876	0.999997	0.0110351	-0.00754553	11.7985	
0.999998	1.41013e-06	-0.00203073	1.4131e-06	0.999999	0.00139025	0.00203073	-0.00139025	0.999997	0.0128111	-0.00876123	12.706	
0.999998	1.62372e-06	-0.00217894	1.62739e-06	0.999999	0.00149206	0.00217894	-0.00149206	0.999997	0.0147214	-0.0100692	13.6136	
0.999997	1.85302e-06	-0.00232753	1.85749e-06	0.999999	0.00159418	0.00232753	-0.00159418	0.999996	0.0167664	-0.0114697	14.5212	
0.999997	2.09814e-06	-0.00247651	2.10352e-06	0.999999	0.0016966	0.00247651	-0.0016966	0.999995	0.0189464	-0.012963	15.4288	
0.999997	2.35921e-06	-0.00262587	2.36562e-06	0.999998	0.00179934	0.00262587	-0.00179934	0.999995	0.0212618	-0.0145494	16.3363	
0.999996	2.63633e-06	-0.00277559	2.64389e-06	0.999998	0.00190237	0.00277559	-0.00190237	0.999994	0.0237129	-0.0162292	17.2439	
0.999996	2.9296e-06	-0.00292567	2.93845e-06	0.999998	0.0020057	0.00292567	-0.0020057	0.999994	0.0263001	-0.0180026	18.1515	
0.999995	3.23915e-06	-0.00307612	3.24942e-06	0.999998	0.00210933	0.00307612	-0.00210933	0.999993	0.0290236	-0.01987	19.059	
0.999995	3.56506e-06	-0.00322691	3.5769e-06	0.999998	0.00221324	0.00322691	-0.00221324	0.999992	0.0318838	-0.0218315	19.9666	
0.999994	3.90744e-06	-0.00337805	3.92102e-06	0.999997	0.00231744	0.00337805	-0.00231744	0.999992	0.0348811	-0.0238875	20.8742	
0.999994	4.2664e-06	-0.00352953	4.28187e-06	0.999997	0.00242192	0.00352953	-0.00242192	0.999991	0.0380157	-0.0260381	21.7818	
0.999993	4.64202e-06	-0.00368134	4.65956e-06	0.999997	0.00252667	0.00368134	-0.00252667	0.99999	0.0412879	-0.0282838	22.6893	
0.999993	5.03441e-06	-0.00383347	5.05419e-06	0.999997	0.0026317	0.00383347	-0.0026317	0.999989	0.044698	-0.0306246	23.5969	
0.999992	5.44366e-06	-0.00398593	5.46587e-06	0.999996	0.00273699	0.00398593	-0.00273699	0.999988	0.0482463	-0.0330608	24.5045	
0.999991	5.86985e-06	-0.0041387	5.89469e-06	0.999996	0.00284255	0.0041387	-0.00284255	0.999987	0.0519332	-0.0355927	25.412	
0.999991	6.31308e-06	-0.00429177	6.34075e-06	0.999996	0.00294837	0.00429177	-0.00294837	0.999986	0.0557589	-0.0382206	26.3196	
0.99999	6.77343e-06	-0.00444515	6.80414e-06	0.999995	0.00305445	0.00444515	-0.00305445	0.999985	0.0597236	-0.0409446	27.2271	
0.999989	7.25099e-06	-0.00459882	7.28495e-06	0.999995	0.00316077	0.00459882	-0.00316077	0.999984	0.0638276	-0.043765	28.1347	
0.999989	7.74582e-06	-0.00475278	7.78328e-06	0.999995	0.00326735	0.00475278	-0.00326735	0.999983	0.0680712	-0.046682	29.0423	
0.999988	8.25802e-06	-0.00490702	8.2992e-06	0.999994	0.00337417	0.00490702	-0.00337417	0.999982	0.0724547	-0.0496958	29.9498	
0.999987	8.78766e-06	-0.00506153	8.83281e-06	0.999994	0.00348122	0.00506153	-0.00348122	0.999981	0.0769783	-0.0528067	30.8574	
0.999986	9.33481e-06	-0.00521631	9.38418e-06	0.999994	0.00358851	0.00521631	-0.00358851	0.99998	0.0816423	-0.0560149	31.7649	
0.999986	9.89954e-06	-0.00537136	9.95339e-06	0.999993	0.00369603	0.00537136	-0.00369603	0.999979	0.0864469	-0.0593205	32.6725	
0.999985	1.04819e-05	-0.00552666	1.05405e-05	0.999993	0.00380378	0.00552666	-0.00380378	0.999977	0.0913923	-0.0627238	33.5801	
0.999984	1.1082e-05	-0.00568221	1.11456e-05	0.999992	0.00391175	0.00568221	-0.00391175	0.999976	0.0964787	-0.0662251	34.4876	
0.999983	1.16999e-05	-0.00583801	1.17688e-05	0.999992	0.00401994	0.00583801	-0.00401994	0.999975	0.101706	-0.0698244	35.3952	
0.999982	1.23356e-05	-0.00599404	1.24101e-05	0.999991	0.00412834	0.00599404	-0.00412834	0.999974	0.107076	-0.073522	36.3027	
0.999981	1.29892e-05	-0.0061503	1.30697e-05	0.999991	0.00423695	0.0061503	-0.00423695	0.999972	0.112587	-0.077318	37.2103	
0.99998	1.36608e-05	-0.00630679	1.37474e-05	0.999991	0.00434576	0.00630679	-0.00434576	0.999971	0.11824	-0.0812127	38.1178	
0.999979	1.43503e-05	-0.00646349	1.44435e-05	0.99999	0.00445478	0.00646349	-0.00445478	0.999969	0.124035	-0.0852063	39.0254	
0.999978	1.50579e-05	-0.0066204	1.5158e-05	0.99999	0.00456399	0.0066204	-0.00456399	0.999968	0.129972	-0.0892989	39.9329	
0.999977	1.57836e-05	-0.00677752	1.58909e-05	0.999989	0.00467339	0.00677752	-0.00467339	0.999966	0.136052	-0.0934907	40.8405	
0.999976	1.65275e-05	-0.00693484	1.66423e-05	0.999989	0.00478298	0.00693484	-0.00478298	0.999965	0.142274	-0.0977819	41.748	
0.999975	1.72895e-05	-0.00709235	1.74122e-05	0.999988	0.00489275	0.00709235	-0.00489275	0.999963	0.148639	-0.102173	42.6555	
0.999974	1.80698e-05	-0.00725004	1.82007e-05	0.999987	0.0050027	0.00725004	-0.0050027	0.999961	0.155148	-0.106663	43.5631	
0.999973	1.88683e-05	-0.00740791	1.90079e-05	0.999987	0.00511283	0.00740791	-0.00511283	0.999959	0.1618	-0.111253	44.4706	
0.999971	1.96851e-05	-0.00756596	1.98337e-05	0.999986	0.00522312	0.00756596	-0.00522312	0.999958	0.168594	-0.115944	45.3782	
0.99997	2.05202e-05	-0.00772417	2.06782e-05	0.999986	0.00533358	0.00772417	-0.00533359	0.999956	0.175533	-0.120734	46.2857	
0.999969	2.13737e-05	-0.00788254	2.15415e-05	0.999985	0.00544421	0.00788254	-0.00544421	0.999954	0.182615	-0.125625	47.1932	
0.999968	2.22455e-05	-0.00804106	2.24235e-05	0.999985	0.00555499	0.00804106	-0.00555499	0.999952	0.189841	-0.130616	48.1008	
0.999966	2.31358e-05	-0.00819973	2.33244e-05	0.999984	0.00566592	0.00819973	-0.00566592	0.99995	0.197211	-0.135708	49.0083	
0.999965	2.40445e-05	-0.00835854	2.4244e-05	0.999983	0.005777	0.00835854	-0.005777	0.999948	0.204725	-0.140901	49.9158	
0.999964	2.49715e-05	-0.00851748	2.51826e-05	0.999983	0.00588822	0.00851748	-0.00588822	0.999946	0.212383	-0.146194	50.8234	
0.999962	2.59171e-05	-0.00867655	2.614e-05	0.999982	0.00599958	0.00867655	-0.00599958	0.999944	0.220185	-0.151589	51.7309	
0.999961	2.68811e-05	-0.00883574	2.71163e-05	0.999981	0.00611107	0.00883574	-0.00611107	0.999942	0.228132	-0.157085	52.6384	
0.99996	2.78635e-05	-0.00899504	2.81116e-05	0.999981	0.0062227	0.00899504	-0.0062227	0.99994	0.236224	-0.162682	53.5459	
0.999958	2.88645e-05	-0.00915445	2.91257e-05	0.99998	0.00633445	0.00915445	-0.00633445	0.999938	0.24446	-0.16838	54.4535	
0.999933	4.74843e-05	-0.0116029	5.548e-05	0.999961	0.00887351	0.0116029	-0.00887355	0.999893	0.253879	-0.175281	55.361	
0.999901	7.23207e-05	-0.0140512	8.80503e-05	0.999935	0.0114124	0.0140511	-0.0114125	0.999836	0.265521	-0.184487	56.2684	
0.999864	0.000103371	-0.0164992	0.000126834	0.999903	0.0139509	0.016499	-0.0139511	0.999767	0.279384	-0.195996	57.1758	
0.99982	0.000140632	-0.0189466	0.000171829	0.999864	0.016489	0.0189463	-0.0164893	0.999685	0.295469	-0.20981	58.0831	
0.999771	0.000184098	-0.0213934	0.000223029	0.999819	0.0190266	0.021393	-0.019027	0.99959	0.313774	-0.225927	58.9904	
0.999716	0.000233764	-0.0238394	0.000280431	0.999767	0.0215635	0.0238389	-0.0215641	0.999483	0.3343	-0.244346	59.8975	
0.999654	0.000289622	-0.0262844	0.000344027	0.99971	0.0240997	0.0262838	-0.0241004	0.999364	0.357045	-0.265068	60.8046	
0.999587	0.000351665	-0.0287284	0.000413812	0.999645	0.026635	0.0287276	-0.0266359	0.999232	0.382008	-0.288092	61.7115	
0.999514	0.000419882	-0.0311711	0.000489776	0.999574	0.0291693	0.0311701	-0.0291704	0.999088	0.409189	-0.313416	62.6183	
0.999435	0.000494263	-0.0336125	0.00057191	0.999497	0.0317025	0.0336113	-0.0317039	0.998932	0.438586	-0.34104	63.525	
0.99935	0.000574797	-0.0360523	0.000660206	0.999414	0.0342346	0.0360509	-0.0342361	0.998763	0.470198	-0.370963	64.4316	
0.999259	0.00066147	-0.0384905	0.000754652	0.999324	0.0367653	0.0384888	-0.0367671	0.998582	0.504023	-0.403183	65.3379	
0.999162	0.000754269	-0.0409268	0.000855236	0.999227	0.0392947	0.0409248	-0.0392967	0.998389	0.54006	-0.4377	66.2441	
0.999059	0.000853178	-0.0433612	0.000961945	0.999125	0.0418225	0.0433589	-0.0418248	0.998184	0.578307	-0.474512	67.1501	
0.99895	0.000958181	-0.0457934	0.00107477	0.999016	0.0443487	0.0457908	-0.0443513	0.997966	0.618762	-0.513618	68.056	
0.998836	0.00106926	-0.0482234	0.00119368	0.9989	0.0468731	0.0482205	-0.0468761	0.997736	0.661424	-0.555016	68.9616	
0.998716	0.0011864	-0.050651	0.00131868	0.998778	0.0493957	0.0506477	-0.049399	0.997494	0.706289	-0.598705	69.867	
0.99859	0.00130957	-0.053076	0.00144975	0.99865	0.0519163	0.0530724	-0.05192	0.99724	0.753356	-0.644682	70.7722	
0.998458	0.00143877	-0.0554984	0.00158686	0.998516	0.0544349	0.0554943	-0.054439	0.996974	0.802622	-0.692947	71.6772	
0.997473	0.00241441	-0.071006	0.00263074	0.997482	0.0708732	0.0709983	-0.0708809	0.994955	0.860025	-0.749818	72.5811	
0.996247	0.00364578	-0.0864782	0.00393021	0.996177	0.087274	0.0864657	-0.0872863	0.992424	0.931484	-0.821595	73.483	
0.994781	0.00513224	-0.101907	0.0054846	0.994601	0.103629	0.101889	-0.103647	0.989382	1.01696	-0.908242	74.3824	
0.993075	0.00687302	-0.117284	0.00729311	0.992756	0.119929	0.117259	-0.119954	0.98583	1.11641	-1.00971	75.2787	
0.99113	0.00886724	-0.132603	0.00935481	0.990642	0.136167	0.132569	-0.136199	0.981771	1.22979	-1.12596	76.1716	
0.988947	0.0111139	-0.147854	0.0116686	0.98826	0.152333	0.147811	-0.152375	0.977207	1.35702	-1.25692	77.0606	
0.986527	0.0136117	-0.16303	0.0142334	0.985613	0.16842	0.162977	-0.168472	0.97214	1.49806	-1.40252	77.9453	
0.983872	0.0163595	-0.178123	0.0170478	0.9827	0.184419	0.178059	-0.184482	0.966572	1.65283	-1.56269	78.8251	
0.980983	0.0193559	-0.193126	0.0201104	0.979524	0.200323	0.193049	-0.200397	0.960507	1.82124	-1.73735	79.6996	
0.977861	0.0225993	-0.20803	0.0234195	0.976086	0.216122	0.20794	-0.216209	0.953947	2.00321	-1.92641	80.5684	
0.974508	0.026088	-0.222829	0.0269735	0.972387	0.231808	0.222723	-0.23191	0.946896	2.19865	-2.12977	81.431	
0.970926	0.0298202	-0.237514	0.0307706	0.968431	0.247374	0.237393	-0.247491	0.939358	2.40745	-2.34732	82.287	
0.967117	0.0337941	-0.252078	0.0348088	0.964219	0.262812	0.25194	-0.262945	0.931336	2.62951	-2.57896	83.1359	
0.963082	0.0380075	-0.266513	0.0390861	0.959753	0.278114	0.266357	-0.278263	0.922835	2.86472	-2.82457	83.9774	
0.958823	0.0424583	-0.280812	0.0436001	0.955035	0.293271	0.280637	-0.293439	0.913858	3.11295	-3.08401	84.8109	
0.954344	0.0471443	-0.294968	0.0483487	0.950067	0.308276	0.294772	-0.308463	0.904411	3.37408	-3.35716	85.636	
0.949645	0.0520629	-0.308972	0.0533293	0.944854	0.323122	0.308756	-0.323328	0.894499	3.64796	-3.64387	86.4524	
0.94473	0.0572117	-0.322819	0.0585394	0.939396	0.3378	0.322581	-0.338027	0.884126	3.93447	-3.944	87.2595	
0.939601	0.062588	-0.336501	0.0639763	0.933697	0.352303	0.33624	-0.352552	0.873298	4.23344	-4.25739	88.057	
0.93426	0.0681891	-0.350011	0.0696372	0.92776	0.366624	0.349726	-0.366896	0.86202	4.54474	-4.58388	88.8445	
