1	0	0	0	1	0	0	0	1	0	0	0	
0.999994	-4.23698e-06	-0.00351038	-4.23698e-06	0.999997	-0.00241396	0.00351038	0.00241396	0.999991	0.00165502	0.0011381	0.942926	
0.999975	-1.69667e-05	-0.00702524	-1.69606e-05	0.999988	-0.00482927	0.00702524	0.00482927	0.999964	0.0066222	0.00455303	1.88584	
0.999944	-3.82152e-05	-0.0105444	-3.8191e-05	0.999974	-0.00724583	0.0105444	0.00724583	0.999918	0.0149057	0.010246	2.82871	
0.999901	-6.80079e-05	-0.0140678	-6.79473e-05	0.999953	-0.00966356	0.0140678	0.00966356	0.999854	0.0265095	0.0182182	3.77153	
0.999845	-0.000106369	-0.0175953	-0.000106248	0.999927	-0.0120824	0.0175953	0.0120824	0.999772	0.0414376	0.0284707	4.71429	
0.999777	-0.000153323	-0.0211268	-0.000153111	0.999895	-0.0145022	0.0211268	0.0145022	0.999672	0.0596937	0.0410043	5.65696	
0.999696	-0.000208893	-0.024662	-0.000208552	0.999857	-0.0169229	0.024662	0.0169228	0.999553	0.0812815	0.0558201	6.59952	
0.999602	-0.000273101	-0.028201	-0.000272589	0.999813	-0.0193443	0.028201	0.0193443	0.999415	0.106205	0.0729189	7.54197	
0.999496	-0.000345968	-0.0317436	-0.000345237	0.999763	-0.0217666	0.0317436	0.0217666	0.999259	0.134466	0.0923012	8.48427	
0.999377	-0.000427516	-0.0352896	-0.00042651	0.999707	-0.0241894	0.0352896	0.0241894	0.999084	0.16607	0.113968	9.42642	
0.999245	-0.000517764	-0.038839	-0.000516422	0.999646	-0.0266128	0.038839	0.0266128	0.998891	0.201019	0.137919	10.3684	
0.999101	-0.000616733	-0.0423915	-0.000614986	0.999578	-0.0290366	0.0423915	0.0290366	0.998679	0.239317	0.164156	11.3102	
0.998944	-0.00072444	-0.0459471	-0.000722215	0.999505	-0.0314608	0.0459471	0.0314608	0.998448	0.280965	0.192678	12.2518	
0.998773	-0.000840904	-0.0495057	-0.00083812	0.999425	-0.0338853	0.0495057	0.0338852	0.998199	0.325968	0.223487	13.1931	
0.99859	-0.000966142	-0.053067	-0.000962713	0.99934	-0.0363099	0.0530671	0.0363098	0.997931	0.374328	0.256581	14.1342	
0.998395	-0.00110017	-0.0566311	-0.001096	0.999249	-0.0387347	0.0566312	0.0387345	0.997643	0.426047	0.291962	15.0751	
0.998186	-0.001243	-0.0601977	-0.001238	0.999152	-0.0411594	0.0601978	0.0411593	0.997338	0.481127	0.329629	16.0156	
0.997964	-0.00139466	-0.0637668	-0.00138871	0.999049	-0.0435841	0.0637669	0.0435839	0.997013	0.539572	0.369583	16.9559	
0.997729	-0.00155515	-0.0673381	-0.00154815	0.99894	-0.0460086	0.0673383	0.0460083	0.996669	0.601384	0.411822	17.8958	
0.997481	-0.00172449	-0.0709117	-0.00171631	0.998825	-0.0484328	0.0709119	0.0484325	0.996306	0.666564	0.456348	18.8355	
0.99722	-0.00190269	-0.0744873	-0.00189322	0.998704	-0.0508567	0.0744875	0.0508563	0.995924	0.735115	0.503159	19.7747	
0.996946	-0.00208976	-0.0780648	-0.00207886	0.998577	-0.0532801	0.0780651	0.0532797	0.995524	0.807038	0.552256	20.7136	
0.996659	-0.00228572	-0.0816441	-0.00227326	0.998445	-0.0557031	0.0816444	0.0557026	0.995104	0.882336	0.603637	21.6521	
0.996359	-0.00249058	-0.0852251	-0.0024764	0.998306	-0.0581254	0.0852255	0.0581248	0.994665	0.961009	0.657303	22.5902	
0.996045	-0.00270434	-0.0888076	-0.0026883	0.998162	-0.060547	0.0888081	0.0605463	0.994207	1.04306	0.713252	23.5279	
0.995718	-0.00292701	-0.0923915	-0.00290896	0.998011	-0.0629679	0.0923921	0.062967	0.99373	1.12849	0.771484	24.4652	
0.995379	-0.00315861	-0.0959767	-0.00313838	0.997855	-0.0653878	0.0959774	0.0653869	0.993234	1.2173	0.831999	25.402	
0.995025	-0.00339914	-0.0995631	-0.00337656	0.997693	-0.0678068	0.0995639	0.0678057	0.992718	1.30949	0.894795	26.3383	
0.994659	-0.0036486	-0.10315	-0.00362351	0.997525	-0.0702248	0.103151	0.0702235	0.992184	1.40506	0.959871	27.2741	
0.994279	-0.00390701	-0.106739	-0.00387921	0.997351	-0.0726417	0.10674	0.0726402	0.99163	1.50402	1.02723	28.2094	
0.993886	-0.00417437	-0.110328	-0.00414368	0.997171	-0.0750573	0.110329	0.0750556	0.991057	1.60636	1.09686	29.1441	
0.99348	-0.00445069	-0.113918	-0.00441691	0.996985	-0.0774716	0.113919	0.0774697	0.990465	1.71209	1.16877	30.0784	
0.993061	-0.00473596	-0.117508	-0.0046989	0.996793	-0.0798846	0.117509	0.0798824	0.989854	1.8212	1.24296	31.012	
0.992628	-0.0050302	-0.121098	-0.00498964	0.996595	-0.082296	0.1211	0.0822936	0.989223	1.93369	1.31942	31.9451	
0.992181	-0.0053334	-0.124689	-0.00528913	0.996392	-0.0847059	0.124691	0.0847032	0.988573	2.04957	1.39815	32.8775	
0.991722	-0.00564557	-0.12828	-0.00559737	0.996183	-0.0871142	0.128283	0.0871111	0.987904	2.16884	1.47915	33.8094	
0.991249	-0.0059667	-0.131871	-0.00591435	0.995967	-0.0895208	0.131874	0.0895173	0.987216	2.2915	1.56243	34.7406	
0.990762	-0.00629681	-0.135462	-0.00624007	0.995746	-0.0919255	0.135465	0.0919216	0.986509	2.41754	1.64797	35.6711	
0.990263	-0.00663588	-0.139053	-0.00657452	0.995519	-0.0943283	0.139056	0.094324	0.985782	2.54697	1.73578	36.601	
0.989749	-0.00698392	-0.142643	-0.00691769	0.995287	-0.0967292	0.142647	0.0967245	0.985036	2.67978	1.82585	37.5302	
0.989223	-0.00734093	-0.146233	-0.00726958	0.995048	-0.099128	0.146237	0.0991228	0.984271	2.81598	1.91819	38.4586	
0.988683	-0.0077069	-0.149823	-0.00763018	0.994804	-0.101525	0.149826	0.101519	0.983487	2.95556	2.01278	39.3864	
0.988129	-0.00808184	-0.153411	-0.00799947	0.994554	-0.103919	0.153415	0.103913	0.982683	3.09853	2.10964	40.3133	
0.987563	-0.00846573	-0.156999	-0.00837745	0.994298	-0.106311	0.157003	0.106304	0.98186	3.24488	2.20875	41.2396	
0.986982	-0.00885857	-0.160585	-0.00876411	0.994036	-0.108701	0.16059	0.108693	0.981018	3.39461	2.31011	42.165	
0.986388	-0.00926037	-0.164171	-0.00915943	0.993768	-0.111088	0.164176	0.11108	0.980157	3.54773	2.41373	43.0896	
0.985781	-0.0096711	-0.167755	-0.00956341	0.993495	-0.113473	0.167761	0.113464	0.979276	3.70423	2.51959	44.0134	
0.985161	-0.0100908	-0.171338	-0.00997603	0.993216	-0.115855	0.171344	0.115845	0.978377	3.8641	2.6277	44.9364	
0.984527	-0.0105194	-0.174919	-0.0103973	0.992931	-0.118234	0.174926	0.118224	0.977458	4.02736	2.73806	45.8585	
0.983879	-0.0109569	-0.178499	-0.0108272	0.992641	-0.120611	0.178507	0.120599	0.97652	4.19399	2.85065	46.7797	
0.983218	-0.0114033	-0.182077	-0.0112656	0.992345	-0.122985	0.182085	0.122972	0.975563	4.364	2.96549	47.7001	
0.982544	-0.0118587	-0.185653	-0.0117127	0.992043	-0.125355	0.185662	0.125341	0.974587	4.53738	3.08256	48.6195	
0.981856	-0.0123229	-0.189227	-0.0121683	0.991735	-0.127723	0.189237	0.127708	0.973591	4.71413	3.20186	49.538	
0.981155	-0.012796	-0.192799	-0.0126325	0.991422	-0.130087	0.192809	0.130071	0.972577	4.89425	3.3234	50.4555	
0.98044	-0.013278	-0.196368	-0.0131052	0.991103	-0.132449	0.19638	0.132432	0.971544	5.07774	3.44716	51.3721	
0.979712	-0.0137689	-0.199935	-0.0135864	0.990779	-0.134807	0.199948	0.134788	0.970491	5.26459	3.57314	52.2877	
0.978971	-0.0142686	-0.2035	-0.0140761	0.990449	-0.137161	0.203514	0.137142	0.96942	5.45481	3.70135	53.2023	
0.978216	-0.0147771	-0.207062	-0.0145743	0.990113	-0.139513	0.207077	0.139491	0.968329	5.64839	3.83177	54.1159	
0.977448	-0.0152944	-0.210622	-0.015081	0.989772	-0.14186	0.210637	0.141838	0.96722	5.84533	3.96441	55.0285	
0.976666	-0.0158206	-0.214178	-0.0155961	0.989425	-0.144205	0.214195	0.14418	0.966091	6.04562	4.09926	55.9399	
0.975872	-0.0163556	-0.217732	-0.0161196	0.989073	-0.146545	0.217749	0.146519	0.964944	6.24927	4.23631	56.8504	
0.974532	-0.0172443	-0.223584	-0.0160998	0.989086	-0.146458	0.22367	0.146328	0.963618	6.45738	4.37438	57.7596	
0.973155	-0.0181326	-0.229434	-0.0160801	0.989099	-0.146375	0.229587	0.146135	0.962255	6.67108	4.51226	58.6676	
0.971742	-0.0190204	-0.23528	-0.0160606	0.989111	-0.146294	0.2355	0.145939	0.960855	6.89035	4.64997	59.5743	
0.970291	-0.0199077	-0.241121	-0.0160413	0.989123	-0.146216	0.241409	0.14574	0.959417	7.1152	4.78748	60.4796	
0.968803	-0.0207943	-0.246958	-0.0160221	0.989134	-0.146141	0.247313	0.145539	0.957943	7.34561	4.92481	61.3836	
0.967279	-0.0216803	-0.252788	-0.016003	0.989145	-0.146068	0.253211	0.145334	0.956432	7.5816	5.06195	62.2862	
0.965717	-0.0225654	-0.258613	-0.0159839	0.989156	-0.145997	0.259103	0.145125	0.954884	7.82313	5.19889	63.1873	
0.96412	-0.0234496	-0.26443	-0.0159648	0.989166	-0.145927	0.264987	0.144913	0.953301	8.07022	5.33563	64.0869	
0.962486	-0.0243328	-0.27024	-0.0159457	0.989177	-0.145859	0.270864	0.144697	0.95168	8.32286	5.47217	64.9851	
0.960815	-0.0252149	-0.276041	-0.0159265	0.989187	-0.145792	0.276732	0.144476	0.950024	8.58103	5.60851	65.8816	
0.959109	-0.0260959	-0.281833	-0.015907	0.989197	-0.145726	0.282591	0.144251	0.948332	8.84474	5.74463	66.7767	
0.957366	-0.0269756	-0.287616	-0.0158873	0.989207	-0.145661	0.288441	0.14402	0.946604	9.11396	5.88054	67.6701	
0.955588	-0.0278539	-0.293388	-0.0158673	0.989217	-0.145596	0.29428	0.143785	0.944841	9.38869	6.01624	68.5618	
0.953774	-0.0287308	-0.299149	-0.0158469	0.989227	-0.145531	0.300108	0.143545	0.943043	9.66892	6.1517	69.4519	
0.951924	-0.0296061	-0.304899	-0.015826	0.989237	-0.145466	0.305924	0.143298	0.94121	9.95465	6.28694	70.3402	
0.946764	-0.0318206	-0.320352	-0.0105243	0.991512	-0.12959	0.321757	0.126063	0.938393	10.2506	6.41394	71.2264	
0.941345	-0.0337512	-0.335755	-0.00495661	0.993495	-0.113766	0.337411	0.108757	0.935054	10.5614	6.52465	72.1098	
0.935669	-0.0353967	-0.351098	0.000873936	0.995186	-0.0980028	0.352877	0.0913914	0.931196	10.8868	6.61902	72.9897	
0.929741	-0.0367563	-0.366374	0.0069641	0.996583	-0.082309	0.368147	0.0739746	0.92682	11.2268	6.69699	73.8657	
0.923564	-0.0378291	-0.381573	0.0133105	0.997685	-0.0666934	0.383213	0.0565167	0.921929	11.581	6.75851	74.7374	
0.917141	-0.0386146	-0.396688	0.0199096	0.998492	-0.0511648	0.398066	0.0390274	0.916526	11.9494	6.80356	75.6042	
0.910475	-0.0391124	-0.41171	0.0267577	0.999003	-0.0357318	0.412697	0.0215165	0.910614	12.3317	6.83211	76.4656	
0.903571	-0.0393221	-0.426631	0.0338511	0.999219	-0.0204029	0.427099	0.00399356	0.904196	12.7276	6.84413	77.3213	
0.896432	-0.0392437	-0.441441	0.0411858	0.999138	-0.00518672	0.441264	-0.0135316	0.897275	13.1371	6.83964	78.1707	
0.889061	-0.0388772	-0.456134	0.0487577	0.998761	0.00990836	0.455184	-0.0310492	0.889856	13.5597	6.81862	79.0133	
0.881464	-0.0382228	-0.470701	0.0565626	0.998089	0.0248739	0.468851	-0.0485496	0.881942	13.9954	6.78109	79.8486	
0.873645	-0.0372808	-0.485134	0.0645962	0.997121	0.0397017	0.482257	-0.066023	0.873538	14.4438	6.72707	80.6763	
0.865607	-0.0360518	-0.499424	0.072854	0.995859	0.0543834	0.495395	-0.0834597	0.864649	14.9048	6.65659	81.4959	
0.857356	-0.0345365	-0.513565	0.0813314	0.994302	0.0689108	0.508258	-0.10085	0.855279	15.378	6.56969	82.3068	
0.848895	-0.0327357	-0.527547	0.0900237	0.992452	0.083276	0.520839	-0.118184	0.845434	15.8632	6.46642	83.1086	
0.84023	-0.0306505	-0.541364	0.0989261	0.99031	0.0974708	0.53313	-0.135453	0.83512	16.3601	6.34683	83.901	
0.831365	-0.0282819	-0.555007	0.108034	0.987876	0.111488	0.545125	-0.152646	0.824341	16.8685	6.211	84.6834	
0.822305	-0.0256312	-0.568469	0.117341	0.985153	0.125318	0.556817	-0.169755	0.813104	17.388	6.05899	85.4555	
0.813056	-0.0227001	-0.581743	0.126844	0.982142	0.138955	0.5682	-0.186769	0.801415	17.9185	5.89089	86.2167	
0.803622	-0.01949	-0.594821	0.136536	0.978844	0.152391	0.579267	-0.203679	0.789281	18.4595	5.7068	86.9667	
0.794009	-0.0160028	-0.607696	0.146412	0.975261	0.165618	0.590012	-0.220477	0.776709	19.0108	5.50682	87.705	
0.784221	-0.0122404	-0.62036	0.156467	0.971396	0.17863	0.600429	-0.237151	0.763705	19.5721	5.29105	88.4313	
0.774266	-0.00820494	-0.632807	0.166696	0.96725	0.191418	0.610512	-0.253694	0.750276	20.143	5.05963	89.1451	
