1	0	0	0	1	0	0	0	1	0	0	0	
1	2.87745e-07	-0.00073241	2.87745e-07	1	0.000785747	0.00073241	-0.000785747	0.999999	0.000360841	-0.000387119	0.985353	
0.999999	1.15513e-06	-0.00146746	1.15514e-06	0.999999	0.00157433	0.00146746	-0.00157433	0.999998	0.00144467	-0.00154988	1.97071	
0.999998	2.60833e-06	-0.00220511	2.60836e-06	0.999997	0.00236572	0.00220511	-0.00236572	0.999995	0.00325405	-0.00349105	2.95606	
0.999996	4.65342e-06	-0.00294533	4.65348e-06	0.999995	0.00315987	0.00294533	-0.00315987	0.999991	0.00579156	-0.00621338	3.9414	
0.999993	7.29639e-06	-0.00368808	7.29651e-06	0.999992	0.00395675	0.00368808	-0.00395675	0.999985	0.00905968	-0.00971957	4.92674	
0.99999	1.05431e-05	-0.00443333	1.05434e-05	0.999989	0.00475631	0.00443333	-0.00475631	0.999979	0.0130609	-0.0140123	5.91208	
0.999987	1.43995e-05	-0.00518103	1.43998e-05	0.999985	0.00555852	0.00518103	-0.00555852	0.999971	0.0177977	-0.0190942	6.89741	
0.999982	1.88711e-05	-0.00593117	1.88717e-05	0.99998	0.00636334	0.00593117	-0.00636334	0.999962	0.0232724	-0.0249678	7.88273	
0.999978	2.39637e-05	-0.00668369	2.39645e-05	0.999974	0.00717074	0.00668369	-0.00717074	0.999952	0.0294875	-0.0316357	8.86804	
0.999972	2.96827e-05	-0.00743857	2.96838e-05	0.999968	0.00798067	0.00743857	-0.00798067	0.99994	0.0364452	-0.0391005	9.85334	
0.999966	3.60336e-05	-0.00819576	3.6035e-05	0.999961	0.00879309	0.00819576	-0.00879309	0.999928	0.0441478	-0.0473645	10.8386	
0.99996	4.30217e-05	-0.00895523	4.30236e-05	0.999954	0.00960797	0.00895523	-0.00960797	0.999914	0.0525977	-0.0564303	11.8239	
0.999953	5.06522e-05	-0.00971695	5.06546e-05	0.999946	0.0104253	0.00971695	-0.0104253	0.999898	0.0617971	-0.0663002	12.8092	
0.999945	5.89303e-05	-0.0104809	5.89333e-05	0.999937	0.0112449	0.0104809	-0.0112449	0.999882	0.0717481	-0.0769766	13.7944	
0.999937	6.7861e-05	-0.011247	6.78647e-05	0.999927	0.0120669	0.011247	-0.0120669	0.999864	0.0824529	-0.0884618	14.7796	
0.999928	7.74493e-05	-0.0120152	7.74538e-05	0.999917	0.0128913	0.0120152	-0.0128913	0.999845	0.0939136	-0.100758	15.7649	
0.999918	8.76998e-05	-0.0127855	8.77053e-05	0.999906	0.0137178	0.0127855	-0.0137178	0.999824	0.106132	-0.113868	16.75	
0.999908	9.86175e-05	-0.0135579	9.86239e-05	0.999894	0.0145466	0.0135579	-0.0145466	0.999802	0.119111	-0.127793	17.7352	
0.999897	0.000110207	-0.0143323	0.000110214	0.999882	0.0153776	0.0143323	-0.0153776	0.999779	0.132852	-0.142536	18.7204	
0.999886	0.000122472	-0.0151087	0.000122481	0.999869	0.0162107	0.0151087	-0.0162107	0.999754	0.147357	-0.158099	19.7055	
0.999874	0.000135418	-0.0158871	0.000135429	0.999855	0.0170459	0.0158871	-0.0170459	0.999728	0.162628	-0.174484	20.6906	
0.999861	0.000149049	-0.0166673	0.000149061	0.99984	0.0178832	0.0166673	-0.0178832	0.999701	0.178667	-0.191692	21.6757	
0.999848	0.000163369	-0.0174495	0.000163383	0.999825	0.0187225	0.0174495	-0.0187225	0.999672	0.195475	-0.209727	22.6607	
0.999834	0.000178382	-0.0182335	0.000178397	0.999809	0.0195638	0.0182335	-0.0195638	0.999642	0.213055	-0.22859	23.6457	
0.999819	0.000194092	-0.0190192	0.000194109	0.999792	0.020407	0.0190192	-0.020407	0.999611	0.231409	-0.248283	24.6307	
0.999804	0.000210503	-0.0198068	0.000210523	0.999774	0.0212521	0.0198068	-0.0212521	0.999578	0.250538	-0.268807	25.6157	
0.999788	0.000227618	-0.020596	0.00022764	0.999756	0.0220991	0.020596	-0.0220991	0.999544	0.270443	-0.290165	26.6006	
0.999771	0.000245442	-0.021387	0.000245467	0.999737	0.0229479	0.021387	-0.0229479	0.999508	0.291127	-0.312359	27.5855	
0.999754	0.000263977	-0.0221796	0.000264005	0.999717	0.0237985	0.0221796	-0.0237985	0.999471	0.312591	-0.33539	28.5703	
0.999736	0.000283227	-0.0229738	0.000283258	0.999696	0.0246508	0.0229738	-0.0246508	0.999432	0.334838	-0.35926	29.5551	
0.999717	0.000303195	-0.0237696	0.00030323	0.999675	0.0255049	0.0237696	-0.0255049	0.999392	0.357867	-0.38397	30.5399	
0.999698	0.000323885	-0.0245669	0.000323923	0.999652	0.0263605	0.0245669	-0.0263605	0.999351	0.381681	-0.409523	31.5246	
0.999678	0.0003453	-0.0253658	0.000345341	0.999629	0.0272179	0.0253658	-0.0272179	0.999308	0.406282	-0.43592	32.5093	
0.999658	0.000367441	-0.0261661	0.000367487	0.999606	0.0280767	0.0261661	-0.0280767	0.999263	0.431671	-0.463162	33.494	
0.999636	0.000390313	-0.0269678	0.000390363	0.999581	0.0289371	0.0269678	-0.0289371	0.999217	0.457848	-0.491252	34.4786	
0.999614	0.000413918	-0.0277709	0.000413972	0.999556	0.0297991	0.0277709	-0.0297991	0.99917	0.484817	-0.52019	35.4631	
0.999592	0.000438257	-0.0285753	0.000438316	0.99953	0.0306624	0.0285753	-0.0306624	0.999121	0.512577	-0.549978	36.4477	
0.999568	0.000463334	-0.0293811	0.000463399	0.999503	0.0315272	0.0293811	-0.0315272	0.999071	0.541131	-0.580617	37.4321	
0.999544	0.000489152	-0.0301881	0.000489221	0.999475	0.0323933	0.0301881	-0.0323933	0.999019	0.570479	-0.612109	38.4165	
0.999519	0.000515711	-0.0309963	0.000515786	0.999447	0.0332608	0.0309963	-0.0332608	0.998966	0.600623	-0.644456	39.4009	
0.999494	0.000543014	-0.0318058	0.000543095	0.999417	0.0341296	0.0318058	-0.0341296	0.998911	0.631565	-0.677657	40.3852	
0.999468	0.000571064	-0.0326164	0.000571151	0.999387	0.0349996	0.0326164	-0.0349996	0.998855	0.663304	-0.711716	41.3694	
0.999441	0.000599861	-0.0334281	0.000599955	0.999356	0.0358708	0.0334281	-0.0358708	0.998797	0.695842	-0.746632	42.3536	
0.999413	0.000629407	-0.0342409	0.000629508	0.999325	0.0367432	0.0342409	-0.0367432	0.998738	0.729181	-0.782407	43.3378	
0.999385	0.000659704	-0.0350547	0.000659812	0.999292	0.0376168	0.0350547	-0.0376168	0.998677	0.763322	-0.819043	44.3219	
0.999356	0.000690754	-0.0358695	0.00069087	0.999259	0.0384913	0.0358695	-0.0384914	0.998615	0.798264	-0.856539	45.3059	
0.999327	0.000722557	-0.0366853	0.000722681	0.999225	0.039367	0.0366853	-0.039367	0.998551	0.834011	-0.894898	46.2898	
0.999296	0.000755115	-0.037502	0.000755247	0.99919	0.0402436	0.037502	-0.0402436	0.998486	0.870561	-0.934121	47.2737	
0.999265	0.000788428	-0.0383196	0.000788569	0.999154	0.0411212	0.0383196	-0.0411212	0.998419	0.907917	-0.974207	48.2576	
0.999233	0.000822498	-0.0391381	0.000822648	0.999117	0.0419997	0.0391381	-0.0419997	0.998351	0.946078	-1.01516	49.2413	
0.999201	0.000857325	-0.0399573	0.000857484	0.99908	0.0428791	0.0399573	-0.0428791	0.998281	0.985047	-1.05698	50.225	
0.999168	0.00089291	-0.0407773	0.000893079	0.999042	0.0437594	0.0407773	-0.0437594	0.99821	1.02482	-1.09966	51.2086	
0.999134	0.000929253	-0.0415981	0.000929432	0.999003	0.0446404	0.0415981	-0.0446404	0.998137	1.06541	-1.14321	52.1922	
0.999099	0.000966354	-0.0424195	0.000966544	0.998963	0.0455221	0.0424195	-0.0455221	0.998062	1.1068	-1.18764	53.1757	
0.999064	0.00100421	-0.0432416	0.00100442	0.998922	0.0464046	0.0432416	-0.0464046	0.997986	1.149	-1.23293	54.1591	
0.999028	0.00104283	-0.0440643	0.00104305	0.998881	0.0472877	0.0440643	-0.0472877	0.997909	1.19202	-1.27909	55.1424	
0.998991	0.00108221	-0.0448875	0.00108244	0.998838	0.0481715	0.0448875	-0.0481715	0.99783	1.23584	-1.32612	56.1257	
0.998954	0.00112235	-0.0457113	0.00112259	0.998795	0.0490558	0.0457113	-0.0490558	0.997749	1.28048	-1.37402	57.1088	
0.998916	0.00116324	-0.0465356	0.00116349	0.998752	0.0499407	0.0465356	-0.0499407	0.997667	1.32593	-1.42279	58.0919	
0.998877	0.0012049	-0.0473604	0.00120516	0.998707	0.0508261	0.0473604	-0.0508261	0.997584	1.37219	-1.47244	59.075	
0.998838	0.00124731	-0.0481856	0.00124758	0.998661	0.051712	0.0481856	-0.051712	0.997499	1.41926	-1.52295	60.0579	
0.998797	0.00129047	-0.0490111	0.00129076	0.998615	0.0525982	0.0490111	-0.0525982	0.997412	1.46715	-1.57435	61.0407	
0.998756	0.00133439	-0.049837	0.0013347	0.998568	0.0534848	0.049837	-0.0534848	0.997324	1.51585	-1.62661	62.0235	
0.998833	0.00124848	-0.0482874	0.00151222	0.998368	0.0570934	0.0482799	-0.0570998	0.9972	1.56419	-1.68109	63.0062	
0.998906	0.00115702	-0.0467392	0.00168415	0.998154	0.0607026	0.0467232	-0.060715	0.997061	1.61099	-1.73914	63.9887	
0.998978	0.00106	-0.0451922	0.0018505	0.997928	0.0643122	0.0451668	-0.0643301	0.996906	1.65626	-1.80074	64.9711	
0.999047	0.00095744	-0.0436464	0.00201124	0.997689	0.067922	0.0436106	-0.067945	0.996735	1.7	-1.86591	65.9533	
0.999113	0.000849321	-0.0421016	0.00216638	0.997436	0.0715317	0.0420544	-0.0715595	0.996549	1.74221	-1.93464	66.9353	
0.999177	0.000735642	-0.0405576	0.00231589	0.99717	0.0751412	0.0404981	-0.0751733	0.996348	1.78288	-2.00694	67.9172	
0.999238	0.000616397	-0.0390144	0.00245979	0.996891	0.0787503	0.0389417	-0.0787863	0.996131	1.82202	-2.08279	68.8988	
0.999298	0.000491578	-0.0374718	0.00259805	0.996599	0.0823587	0.0373849	-0.0823982	0.995898	1.85962	-2.1622	69.8803	
0.999354	0.000361177	-0.0359297	0.00273067	0.996294	0.0859663	0.0358276	-0.0860089	0.99565	1.89569	-2.24517	70.8615	
0.999409	0.000225184	-0.034388	0.00285764	0.995976	0.0895728	0.0342698	-0.0896181	0.995386	1.93023	-2.3317	71.8424	
0.999832	-0.00137378	-0.0182997	0.00334368	0.994139	0.108056	0.018044	-0.108099	0.993976	1.956	-2.42911	72.8226	
0.999992	-0.00327112	-0.00223913	0.00352811	0.991959	0.126507	0.00180731	-0.126514	0.991963	1.96578	-2.54471	73.801	
0.99989	-0.0054657	0.013784	0.00341083	0.989438	0.144915	-0.0144305	-0.144852	0.989348	1.95956	-2.67841	74.7772	
0.999525	-0.00795616	0.02976	0.00299191	0.986577	0.163269	-0.0306596	-0.163102	0.986133	1.93735	-2.83014	75.7506	
0.998898	-0.010741	0.0456792	0.00227159	0.983378	0.181557	-0.04687	-0.181254	0.982319	1.89915	-2.9998	76.7204	
0.998009	-0.0138186	0.0615318	0.00125032	0.979842	0.199769	-0.063052	-0.199295	0.977909	1.84499	-3.1873	77.6862	
0.996859	-0.0171869	0.0773084	-7.12782e-05	0.975972	0.217894	-0.0791958	-0.217215	0.972906	1.7749	-3.39252	78.6474	
0.995448	-0.0208441	0.0929992	-0.00169241	0.971771	0.23592	-0.0952914	-0.235004	0.967312	1.68893	-3.61532	79.6033	
0.993777	-0.0247878	0.108595	-0.0036121	0.96724	0.253837	-0.111329	-0.25265	0.961132	1.58713	-3.85559	80.5535	
0.991847	-0.0290157	0.124086	-0.00582916	0.962383	0.271634	-0.1273	-0.270143	0.954368	1.46956	-4.11317	81.4973	
0.98966	-0.0335252	0.139463	-0.00834227	0.957202	0.2893	-0.143193	-0.287472	0.947025	1.33629	-4.38791	82.4341	
0.987216	-0.0383136	0.154716	-0.0111499	0.951701	0.306823	-0.158999	-0.304626	0.939107	1.1874	-4.67964	83.3634	
0.984517	-0.043378	0.169837	-0.0142503	0.945883	0.324195	-0.174709	-0.321595	0.93062	1.02298	-4.98818	84.2846	
0.981565	-0.0487152	0.184816	-0.0176417	0.939751	0.341403	-0.190312	-0.33837	0.921568	0.843132	-5.31334	85.1972	
0.978362	-0.0543221	0.199644	-0.0213219	0.93331	0.358438	-0.2058	-0.354939	0.911956	0.647967	-5.65494	86.1005	
0.974909	-0.0601952	0.214312	-0.0252887	0.926563	0.375289	-0.221164	-0.371293	0.901792	0.437601	-6.01275	86.9942	
0.971208	-0.0663311	0.228811	-0.0295398	0.919514	0.391947	-0.236393	-0.387421	0.89108	0.212162	-6.38657	87.8775	
0.967263	-0.0727258	0.243132	-0.0340726	0.912167	0.4084	-0.251479	-0.403314	0.879827	-0.0282131	-6.77617	88.7501	
0.963075	-0.0793757	0.257268	-0.0388842	0.904527	0.424639	-0.266412	-0.418963	0.868041	-0.283379	-7.18131	89.6112	
0.958646	-0.0862766	0.271208	-0.0439718	0.896599	0.440654	-0.281183	-0.434357	0.855728	-0.553179	-7.60174	90.4605	
0.95398	-0.0934244	0.284945	-0.0493324	0.888388	0.456436	-0.295784	-0.449488	0.842895	-0.837452	-8.03721	91.2975	
0.949079	-0.100815	0.29847	-0.0549625	0.879897	0.471974	-0.310205	-0.464346	0.829551	-1.13602	-8.48746	92.1215	
0.943947	-0.108443	0.311776	-0.0608589	0.871134	0.48726	-0.324438	-0.478922	0.815704	-1.44871	-8.95221	92.9321	
0.938586	-0.116305	0.324853	-0.0670179	0.862102	0.502284	-0.338475	-0.493208	0.801362	-1.77533	-9.43118	93.7288	
0.932999	-0.124395	0.337695	-0.0734359	0.852807	0.517037	-0.352305	-0.507194	0.786533	-2.11568	-9.92408	94.5112	
0.927191	-0.132709	0.350293	-0.0801088	0.843255	0.53151	-0.365923	-0.520873	0.771228	-2.46955	-10.4306	95.2787	
