1	0	0	0	1	0	0	0	1	0	0	0	
0.999997	3.12538e-06	0.00252789	3.12538e-06	0.999997	-0.00247271	-0.00252789	0.00247271	0.999994	-0.00109798	0.00107401	0.868685	
0.999987	1.25227e-05	0.0050603	1.25202e-05	0.999988	-0.00494884	-0.0050603	0.00494884	0.999975	-0.00439386	0.00429751	1.73736	
0.999971	2.82228e-05	0.00759714	2.82126e-05	0.999972	-0.00742829	-0.00759714	0.00742829	0.999944	-0.00989155	0.00967344	2.60601	
0.999949	5.02557e-05	0.0101383	5.02303e-05	0.999951	-0.00991099	-0.0101383	0.00991099	0.999899	-0.0175948	0.0172047	3.47463	
0.99992	7.86512e-05	0.0126838	7.86003e-05	0.999923	-0.0123969	-0.0126838	0.0123969	0.999843	-0.0275075	0.0268939	4.34321	
0.999884	0.000113438	0.0152334	0.000113349	0.999889	-0.0148858	-0.0152334	0.0148858	0.999773	-0.0396332	0.038744	5.21173	
0.999842	0.000154646	0.0177872	0.000154503	0.999849	-0.0173777	-0.0177872	0.0173777	0.999691	-0.0539755	0.0527575	6.08018	
0.999793	0.000202301	0.0203449	0.000202087	0.999803	-0.0198726	-0.0203449	0.0198726	0.999596	-0.0705379	0.0689369	6.94856	
0.999738	0.000256433	0.0229066	0.000256125	0.99975	-0.0223702	-0.0229066	0.0223702	0.999487	-0.089324	0.0872848	7.81685	
0.999675	0.000317066	0.0254721	0.000316643	0.999691	-0.0248707	-0.0254722	0.0248706	0.999366	-0.110337	0.107804	8.68504	
0.999607	0.000384229	0.0280414	0.000383664	0.999625	-0.0273737	-0.0280415	0.0273737	0.999232	-0.13358	0.130496	9.55312	
0.999531	0.000457947	0.0306144	0.000457211	0.999553	-0.0298793	-0.0306144	0.0298793	0.999085	-0.159057	0.155363	10.4211	
0.999449	0.000538244	0.033191	0.000537307	0.999475	-0.0323875	-0.033191	0.0323875	0.998924	-0.186771	0.182408	11.2889	
0.99936	0.000625146	0.0357711	0.000623973	0.999391	-0.034898	-0.0357711	0.034898	0.99875	-0.216724	0.211633	12.1566	
0.999264	0.000718677	0.0383546	0.000717232	0.9993	-0.0374108	-0.0383546	0.0374108	0.998564	-0.24892	0.24304	13.0241	
0.999161	0.000818861	0.0409415	0.000817103	0.999202	-0.0399259	-0.0409415	0.0399259	0.998364	-0.283362	0.276631	13.8915	
0.999052	0.00092572	0.0435316	0.000923607	0.999098	-0.0424431	-0.0435316	0.0424431	0.99815	-0.320052	0.312407	14.7586	
0.998935	0.00103928	0.0461249	0.00103677	0.998988	-0.0449624	-0.0461249	0.0449624	0.997923	-0.358994	0.350371	15.6256	
0.998812	0.00115955	0.0487213	0.00115659	0.998871	-0.0474837	-0.0487213	0.0474836	0.997683	-0.40019	0.390525	16.4924	
0.998681	0.00128657	0.0513206	0.00128312	0.998748	-0.0500069	-0.0513207	0.0500068	0.997429	-0.443643	0.432869	17.359	
0.998544	0.00142035	0.053923	0.00141635	0.998618	-0.0525318	-0.0539231	0.0525317	0.997162	-0.489355	0.477406	18.2253	
0.9984	0.00156091	0.0565281	0.0015563	0.998482	-0.0550586	-0.0565282	0.0550584	0.996882	-0.537328	0.524137	19.0914	
0.998248	0.00170828	0.059136	0.001703	0.998339	-0.0575869	-0.0591362	0.0575868	0.996588	-0.587566	0.573064	19.9572	
0.99809	0.00186247	0.0617466	0.00185646	0.99819	-0.0601168	-0.0617467	0.0601167	0.99628	-0.640071	0.624188	20.8228	
0.997925	0.00202349	0.0643597	0.0020167	0.998034	-0.0626482	-0.0643599	0.062648	0.995958	-0.694845	0.67751	21.6881	
0.997752	0.00219138	0.0669754	0.00218372	0.997871	-0.065181	-0.0669756	0.0651808	0.995623	-0.75189	0.733031	22.5532	
0.997573	0.00236613	0.0695934	0.00235755	0.997702	-0.0677151	-0.0695937	0.0677148	0.995275	-0.811208	0.790754	23.4179	
0.997386	0.00254779	0.0722138	0.0025382	0.997526	-0.0702505	-0.0722141	0.0702501	0.994912	-0.872801	0.850678	24.2823	
0.997192	0.00273635	0.0748364	0.00272569	0.997344	-0.0727869	-0.0748368	0.0727865	0.994536	-0.936672	0.912805	25.1464	
0.996991	0.00293183	0.0774612	0.00292002	0.997155	-0.0753245	-0.0774617	0.075324	0.994146	-1.00282	0.977136	26.0102	
0.996783	0.00313426	0.0800881	0.00312121	0.996959	-0.077863	-0.0800886	0.0778624	0.993742	-1.07125	1.04367	26.8736	
0.996567	0.00334364	0.0827169	0.00332927	0.996757	-0.0804024	-0.0827175	0.0804018	0.993324	-1.14197	1.11241	27.7367	
0.996345	0.00355999	0.0853477	0.00354421	0.996548	-0.0829426	-0.0853483	0.0829419	0.992893	-1.21496	1.18336	28.5994	
0.996115	0.00378332	0.0879802	0.00376605	0.996332	-0.0854835	-0.087981	0.0854827	0.992448	-1.29025	1.25651	29.4617	
0.995878	0.00401365	0.0906145	0.00399479	0.99611	-0.0880251	-0.0906154	0.0880242	0.991988	-1.36782	1.33188	30.3237	
0.995634	0.00425098	0.0932505	0.00423044	0.995881	-0.0905672	-0.0932514	0.0905663	0.991515	-1.44768	1.40945	31.1852	
0.995382	0.00449534	0.095888	0.00447301	0.995646	-0.0931099	-0.0958891	0.0931088	0.991028	-1.52984	1.48922	32.0463	
0.995123	0.00474673	0.098527	0.00472252	0.995404	-0.0956529	-0.0985282	0.0956517	0.990527	-1.61428	1.57121	32.907	
0.994857	0.00500516	0.101167	0.00497896	0.995155	-0.0981962	-0.101169	0.0981949	0.990011	-1.70102	1.65541	33.7672	
0.994583	0.00527064	0.103809	0.00524235	0.994899	-0.10074	-0.103811	0.100738	0.989482	-1.79005	1.74181	34.627	
0.994302	0.00554318	0.106452	0.00551269	0.994637	-0.103283	-0.106454	0.103282	0.988939	-1.88137	1.83043	35.4863	
0.994014	0.0058228	0.109096	0.00578999	0.994368	-0.105827	-0.109098	0.105825	0.988382	-1.975	1.92125	36.3451	
0.993719	0.0061095	0.111741	0.00607426	0.994092	-0.108371	-0.111743	0.108369	0.987811	-2.07092	2.01429	37.2035	
0.993416	0.00640328	0.114387	0.0063655	0.99381	-0.110915	-0.114389	0.110913	0.987225	-2.16914	2.10953	38.0613	
0.993105	0.00670417	0.117034	0.00666371	0.99352	-0.113458	-0.117037	0.113456	0.986626	-2.26966	2.20698	38.9187	
0.992788	0.00701215	0.119682	0.0069689	0.993225	-0.116001	-0.119685	0.115999	0.986012	-2.37248	2.30664	39.7755	
0.992462	0.00732725	0.122331	0.00728108	0.992922	-0.118544	-0.122333	0.118541	0.985384	-2.47759	2.40852	40.6317	
0.99213	0.00764946	0.12498	0.00760024	0.992613	-0.121087	-0.124983	0.121084	0.984743	-2.58501	2.5126	41.4874	
0.99179	0.00797879	0.127629	0.0079264	0.992297	-0.123629	-0.127633	0.123625	0.984087	-2.69474	2.61888	42.3426	
0.991442	0.00831525	0.130279	0.00825954	0.991974	-0.12617	-0.130283	0.126166	0.983417	-2.80676	2.72738	43.1972	
0.991088	0.00865884	0.13293	0.00859968	0.991645	-0.128711	-0.132934	0.128707	0.982732	-2.92109	2.83808	44.0511	
0.990725	0.00900956	0.135581	0.00894681	0.991309	-0.131251	-0.135585	0.131246	0.982034	-3.03772	2.95099	44.9045	
0.990356	0.00936742	0.138232	0.00930093	0.990966	-0.13379	-0.138236	0.133785	0.981322	-3.15665	3.06611	45.7573	
0.989978	0.00973241	0.140883	0.00966205	0.990617	-0.136328	-0.140888	0.136323	0.980595	-3.27788	3.18343	46.6094	
0.989594	0.0101046	0.143534	0.0100302	0.99026	-0.138865	-0.143539	0.13886	0.979854	-3.40142	3.30295	47.461	
0.989202	0.0104838	0.146185	0.0104053	0.989898	-0.141402	-0.146191	0.141396	0.979099	-3.52727	3.42468	48.3118	
0.988802	0.0108703	0.148836	0.0107873	0.989528	-0.143937	-0.148842	0.14393	0.97833	-3.65541	3.54861	49.162	
0.988395	0.0112638	0.151487	0.0111764	0.989152	-0.14647	-0.151494	0.146464	0.977547	-3.78586	3.67474	50.0115	
0.987484	0.012135	0.157252	0.0115489	0.988796	-0.148827	-0.157296	0.148781	0.97628	-3.91998	3.80298	50.8602	
0.986538	0.0130201	0.163011	0.0119363	0.988433	-0.151187	-0.163094	0.151097	0.974972	-4.05914	3.93323	51.7077	
0.985558	0.0139192	0.168765	0.0123388	0.988064	-0.153549	-0.168887	0.153414	0.973623	-4.20334	4.06549	52.5541	
0.984543	0.0148322	0.174511	0.0127562	0.987688	-0.155913	-0.174675	0.155729	0.972233	-4.35256	4.19976	53.3992	
0.983494	0.0157592	0.180252	0.0131886	0.987306	-0.158279	-0.180458	0.158044	0.970802	-4.50681	4.33605	54.2432	
0.982411	0.0167	0.185985	0.013636	0.986918	-0.160646	-0.186235	0.160356	0.969331	-4.66608	4.47434	55.0859	
0.981293	0.0176548	0.19171	0.0140984	0.986523	-0.163014	-0.192005	0.162667	0.967819	-4.83037	4.61465	55.9272	
0.98014	0.0186234	0.197428	0.0145758	0.986122	-0.165383	-0.197768	0.164976	0.966266	-4.99967	4.75696	56.7673	
0.978954	0.0196059	0.203138	0.0150681	0.985714	-0.167752	-0.203525	0.167282	0.964673	-5.17397	4.90127	57.606	
0.977733	0.0206022	0.208839	0.0155753	0.9853	-0.170121	-0.209274	0.169585	0.96304	-5.35326	5.04759	58.4433	
0.976478	0.0216123	0.214532	0.0160974	0.98488	-0.172489	-0.215016	0.171885	0.961366	-5.53755	5.19591	59.2791	
0.975189	0.0226361	0.220215	0.0166344	0.984453	-0.174856	-0.220749	0.174181	0.959651	-5.72682	5.34622	60.1135	
0.973866	0.0236736	0.225888	0.0171862	0.984021	-0.177222	-0.226474	0.176472	0.957897	-5.92107	5.49852	60.9464	
0.972508	0.0247247	0.231552	0.0177528	0.983582	-0.179586	-0.232191	0.17876	0.956103	-6.12029	5.65282	61.7777	
0.971117	0.0257895	0.237205	0.0183341	0.983137	-0.181948	-0.237898	0.181042	0.954269	-6.32447	5.80909	62.6075	
0.969692	0.0268678	0.242848	0.01893	0.982686	-0.184308	-0.243595	0.183319	0.952395	-6.53361	5.96735	63.4357	
0.968233	0.0279596	0.24848	0.0195405	0.982229	-0.186665	-0.249283	0.185591	0.950481	-6.74768	6.12759	64.2622	
0.966741	0.0290649	0.2541	0.0201656	0.981766	-0.189019	-0.254961	0.187857	0.948528	-6.9667	6.28979	65.087	
0.965215	0.0301836	0.259709	0.020805	0.981298	-0.19137	-0.260628	0.190116	0.946535	-7.19064	6.45396	65.9101	
0.963656	0.0313156	0.265306	0.0214589	0.980823	-0.193716	-0.266285	0.192369	0.944503	-7.41951	6.62009	66.7315	
0.962063	0.032461	0.270891	0.022127	0.980343	-0.196059	-0.27193	0.194615	0.942433	-7.65328	6.78818	67.551	
0.960436	0.0336195	0.276462	0.0228093	0.979856	-0.198396	-0.277564	0.196853	0.940323	-7.89195	6.95821	68.3688	
0.958777	0.0347912	0.282021	0.0235057	0.979365	-0.200729	-0.283185	0.199084	0.938175	-8.1355	7.13018	69.1847	
0.957085	0.0359759	0.287567	0.024216	0.978867	-0.203057	-0.288795	0.201306	0.935988	-8.38394	7.30409	69.9988	
0.950592	0.0403274	0.307813	0.0239767	0.979028	-0.20231	-0.309516	0.199695	0.929689	-8.64382	7.47827	70.8091	
0.943651	0.044643	0.327917	0.0237208	0.979187	-0.201569	-0.330091	0.197989	0.922952	-8.92164	7.65101	71.6138	
0.936266	0.0489205	0.34787	0.0234485	0.979345	-0.200834	-0.35051	0.196191	0.91578	-9.21727	7.82222	72.4125	
0.928439	0.0531579	0.367663	0.0231599	0.979501	-0.200104	-0.370763	0.194299	0.908175	-9.53056	7.99184	73.2048	
0.920174	0.0573533	0.387286	0.0228553	0.979656	-0.19938	-0.390842	0.192316	0.900143	-9.86137	8.15977	73.9902	
0.911475	0.0615047	0.406731	0.0225346	0.979809	-0.198664	-0.410737	0.190243	0.891685	-10.2095	8.32593	74.7685	
0.902347	0.0656101	0.425987	0.0221981	0.97996	-0.197954	-0.430438	0.188079	0.882808	-10.5749	8.49026	75.5393	
0.892794	0.0696676	0.445046	0.0218459	0.98011	-0.197251	-0.449936	0.185827	0.873514	-10.9573	8.65267	76.3022	
0.882819	0.0736753	0.463898	0.0214782	0.980257	-0.196556	-0.469221	0.183487	0.863808	-11.3566	8.81309	77.0568	
0.872429	0.0776312	0.482536	0.0210951	0.980403	-0.195869	-0.488286	0.181061	0.853694	-11.7725	8.97143	77.8028	
0.861627	0.0815336	0.50095	0.0206969	0.980547	-0.19519	-0.50712	0.178549	0.843178	-12.2048	9.12763	78.5399	
0.850419	0.0853805	0.519131	0.0202837	0.980689	-0.19452	-0.525715	0.175953	0.832265	-12.6535	9.28162	79.2676	
0.83881	0.0891702	0.537072	0.0198557	0.980829	-0.193858	-0.544062	0.173274	0.820959	-13.1181	9.43331	79.9857	
0.826806	0.0929009	0.554762	0.0194132	0.980966	-0.193206	-0.562152	0.170514	0.809265	-13.5986	9.58263	80.6938	
0.814412	0.0965708	0.572195	0.0189563	0.981101	-0.192564	-0.579977	0.167673	0.79719	-14.0947	9.72953	81.3916	
0.801634	0.100178	0.589361	0.0184852	0.981234	-0.191931	-0.597529	0.164753	0.784739	-14.6062	9.87392	82.0787	
0.788479	0.103721	0.606254	0.0180002	0.981365	-0.191308	-0.614799	0.161755	0.771918	-15.1328	10.0157	82.7549	
