1	0	0	0	1	0	0	0	1	0	0	0	
1	3.15693e-08	-6.19048e-05	3.15693e-08	0.999999	0.00101993	6.19048e-05	-0.00101993	0.999999	2.92953e-05	-0.000482664	0.946464	
1	1.26437e-07	-0.000123877	1.26483e-07	0.999998	0.00204171	0.000123877	-0.00204171	0.999998	0.000117213	-0.00193153	1.89293	
1	2.84847e-07	-0.000185913	2.85031e-07	0.999995	0.00306529	0.000185913	-0.00306529	0.999995	0.000263816	-0.00434833	2.83939	
1	5.07031e-07	-0.000248011	5.07491e-07	0.999992	0.00409063	0.000248011	-0.00409063	0.999992	0.000469162	-0.00773474	3.78585	
1	7.93211e-07	-0.000310167	7.94133e-07	0.999987	0.00511768	0.000310167	-0.00511768	0.999987	0.00073331	-0.0120924	4.7323	
1	1.1436e-06	-0.000372379	1.14521e-06	0.999981	0.0061464	0.000372379	-0.0061464	0.999981	0.00105631	-0.0174229	5.67875	
1	1.55839e-06	-0.000434643	1.56098e-06	0.999974	0.00717674	0.000434643	-0.00717674	0.999974	0.00143822	-0.0237279	6.6252	
1	2.03777e-06	-0.000496958	2.04166e-06	0.999966	0.00820866	0.000496958	-0.00820866	0.999966	0.00187908	-0.0310087	7.57163	
1	2.58192e-06	-0.00055932	2.58749e-06	0.999957	0.00924211	0.00055932	-0.00924211	0.999957	0.00237895	-0.039267	8.51806	
1	3.191e-06	-0.000621725	3.19867e-06	0.999947	0.010277	0.000621725	-0.010277	0.999947	0.00293786	-0.0485041	9.46448	
1	3.86518e-06	-0.000684173	3.87541e-06	0.999936	0.0113134	0.000684173	-0.0113134	0.999936	0.00355585	-0.0587214	10.4109	
1	4.60458e-06	-0.000746659	4.61791e-06	0.999924	0.0123512	0.000746658	-0.0123512	0.999923	0.00423297	-0.0699203	11.3573	
1	5.40935e-06	-0.00080918	5.42633e-06	0.99991	0.0133903	0.00080918	-0.0133903	0.99991	0.00496924	-0.082102	12.3037	
1	6.27959e-06	-0.000871734	6.30086e-06	0.999896	0.0144308	0.000871734	-0.0144308	0.999895	0.0057647	-0.0952679	13.25	
1	7.21544e-06	-0.000934318	7.24165e-06	0.99988	0.0154725	0.000934318	-0.0154725	0.99988	0.00661939	-0.109419	14.1964	
1	8.21696e-06	-0.00099693	8.24883e-06	0.999864	0.0165154	0.000996929	-0.0165154	0.999863	0.00753331	-0.124557	15.1427	
0.999999	9.28427e-06	-0.00105957	9.32256e-06	0.999846	0.0175595	0.00105956	-0.0175595	0.999845	0.00850651	-0.140682	16.0891	
0.999999	1.04174e-05	-0.00112222	1.0463e-05	0.999827	0.0186047	0.00112222	-0.0186047	0.999826	0.00953901	-0.157796	17.0354	
0.999999	1.16165e-05	-0.0011849	1.16701e-05	0.999807	0.0196509	0.0011849	-0.0196509	0.999806	0.0106308	-0.1759	17.9817	
0.999999	1.28815e-05	-0.00124759	1.29442e-05	0.999786	0.0206983	0.00124759	-0.0206983	0.999785	0.0117819	-0.194994	18.9279	
0.999999	1.42126e-05	-0.00131029	1.42852e-05	0.999764	0.0217466	0.00131029	-0.0217466	0.999763	0.0129924	-0.215081	19.8742	
0.999999	1.56096e-05	-0.00137301	1.56933e-05	0.99974	0.0227958	0.00137301	-0.0227958	0.999739	0.0142622	-0.23616	20.8204	
0.999999	1.70727e-05	-0.00143573	1.71684e-05	0.999716	0.0238459	0.00143573	-0.0238459	0.999715	0.0155914	-0.258232	21.7666	
0.999999	1.86019e-05	-0.00149846	1.87108e-05	0.99969	0.0248969	0.00149845	-0.0248969	0.999689	0.01698	-0.281299	22.7128	
0.999999	2.01972e-05	-0.00156118	2.03203e-05	0.999663	0.0259487	0.00156118	-0.0259487	0.999662	0.0184279	-0.30536	23.659	
0.999999	2.18584e-05	-0.00162391	2.19972e-05	0.999635	0.0270013	0.00162391	-0.0270013	0.999634	0.0199352	-0.330418	24.6051	
0.999999	2.35857e-05	-0.00168663	2.37412e-05	0.999606	0.0280545	0.00168663	-0.0280545	0.999605	0.0215018	-0.356472	25.5512	
0.999998	2.5379e-05	-0.00174935	2.55526e-05	0.999576	0.0291084	0.00174935	-0.0291084	0.999575	0.0231278	-0.383524	26.4973	
0.999998	2.72381e-05	-0.00181205	2.74313e-05	0.999545	0.030163	0.00181205	-0.030163	0.999543	0.0248132	-0.411573	27.4433	
0.999998	2.91631e-05	-0.00187475	2.93772e-05	0.999513	0.0312181	0.00187475	-0.0312181	0.999511	0.0265579	-0.44062	28.3893	
0.999998	3.1154e-05	-0.00193743	3.13903e-05	0.999479	0.0322737	0.00193742	-0.0322737	0.999477	0.028362	-0.470667	29.3353	
0.999998	3.32105e-05	-0.00200009	3.34707e-05	0.999444	0.0333298	0.00200008	-0.0333298	0.999442	0.0302253	-0.501712	30.2813	
0.999998	3.53326e-05	-0.00206273	3.56182e-05	0.999409	0.0343864	0.00206272	-0.0343864	0.999406	0.032148	-0.533758	31.2272	
0.999998	3.75202e-05	-0.00212535	3.78329e-05	0.999372	0.0354433	0.00212534	-0.0354433	0.999369	0.0341299	-0.566804	32.1731	
0.999998	3.97731e-05	-0.00218794	4.01145e-05	0.999334	0.0365006	0.00218793	-0.0365006	0.999331	0.0361711	-0.60085	33.1189	
0.999997	4.20913e-05	-0.0022505	4.24631e-05	0.999294	0.0375582	0.00225049	-0.0375582	0.999292	0.0382715	-0.635897	34.0648	
0.999997	4.44747e-05	-0.00231303	4.48786e-05	0.999254	0.038616	0.00231302	-0.038616	0.999251	0.0404311	-0.671945	35.0105	
0.999997	4.69229e-05	-0.00237552	4.73608e-05	0.999213	0.0396741	0.00237551	-0.0396741	0.99921	0.0426499	-0.708994	35.9563	
0.999997	4.9436e-05	-0.00243798	4.99097e-05	0.99917	0.0407323	0.00243797	-0.0407323	0.999167	0.0449278	-0.747045	36.902	
0.999997	5.20137e-05	-0.0025004	5.25251e-05	0.999126	0.0417906	0.00250039	-0.0417906	0.999123	0.0472647	-0.786098	37.8476	
0.999997	5.46558e-05	-0.00256278	5.52069e-05	0.999082	0.042849	0.00256276	-0.042849	0.999078	0.0496608	-0.826152	38.7932	
0.999997	5.73621e-05	-0.00262511	5.79549e-05	0.999036	0.0439073	0.00262509	-0.0439073	0.999032	0.0521159	-0.867208	39.7388	
0.999996	6.01325e-05	-0.00268739	6.07689e-05	0.998989	0.0449657	0.00268737	-0.0449657	0.998985	0.0546299	-0.909265	40.6843	
0.999996	6.29666e-05	-0.00274962	6.36489e-05	0.99894	0.046024	0.0027496	-0.046024	0.998937	0.0572028	-0.952325	41.6298	
0.999996	6.58643e-05	-0.0028118	6.65945e-05	0.998891	0.0470822	0.00281178	-0.0470822	0.998887	0.0598347	-0.996386	42.5752	
0.999996	6.88254e-05	-0.00287392	6.96057e-05	0.998841	0.0481402	0.0028739	-0.0481402	0.998836	0.0625253	-1.04145	43.5206	
0.999996	7.18495e-05	-0.00293598	7.26822e-05	0.998789	0.049198	0.00293596	-0.049198	0.998785	0.0652747	-1.08751	44.466	
0.999996	7.49365e-05	-0.00299798	7.58238e-05	0.998736	0.0502555	0.00299796	-0.0502555	0.998732	0.0680829	-1.13458	45.4113	
0.999995	7.8086e-05	-0.00305992	7.90303e-05	0.998683	0.0513128	0.0030599	-0.0513128	0.998678	0.0709496	-1.18264	46.3565	
0.999995	8.12977e-05	-0.00312179	8.23014e-05	0.998628	0.0523697	0.00312176	-0.0523697	0.998623	0.073875	-1.23171	47.3017	
0.999995	8.45714e-05	-0.00318359	8.56368e-05	0.998572	0.0534262	0.00318356	-0.0534262	0.998567	0.0768589	-1.28177	48.2468	
0.999995	8.79068e-05	-0.00324532	8.90364e-05	0.998515	0.0544822	0.00324529	-0.0544822	0.998509	0.0799012	-1.33284	49.1919	
0.999995	9.13035e-05	-0.00330697	9.24999e-05	0.998457	0.0555378	0.00330694	-0.0555378	0.998451	0.0830019	-1.3849	50.1369	
0.999994	9.47612e-05	-0.00336855	9.60269e-05	0.998397	0.0565928	0.00336851	-0.0565928	0.998392	0.086161	-1.43797	51.0819	
0.999994	9.82796e-05	-0.00343004	9.96171e-05	0.998337	0.0576473	0.00343	-0.0576473	0.998331	0.0893783	-1.49203	52.0268	
0.999994	0.000101858	-0.00349146	0.00010327	0.998276	0.0587011	0.00349141	-0.0587011	0.998269	0.0926537	-1.54709	52.9717	
0.999994	0.000105497	-0.00355278	0.000106986	0.998213	0.0597543	0.00355274	-0.0597543	0.998207	0.0959872	-1.60315	53.9165	
0.999993	0.000109195	-0.00361402	0.000110764	0.99815	0.0608068	0.00361398	-0.0608068	0.998143	0.0993787	-1.6602	54.8612	
0.999993	0.000112953	-0.00367517	0.000114605	0.998085	0.0618584	0.00367512	-0.0618584	0.998078	0.102828	-1.71825	55.8059	
0.999993	0.000116769	-0.00373623	0.000118506	0.998019	0.0629093	0.00373617	-0.0629093	0.998012	0.106335	-1.77729	56.7505	
0.999993	0.000120644	-0.00379719	0.00012247	0.997952	0.0639594	0.00379713	-0.0639594	0.997945	0.1099	-1.83733	57.695	
0.999993	0.000124577	-0.00385805	0.000126494	0.997885	0.0650085	0.00385799	-0.0650085	0.997877	0.113523	-1.89836	58.6395	
0.999992	0.000129057	-0.00392813	0.000117037	0.99804	0.0625844	0.00392851	-0.0625844	0.998032	0.117208	-1.95874	59.5841	
0.999992	0.000133367	-0.00399822	0.000107406	0.998189	0.0601594	0.003999	-0.0601593	0.998181	0.120959	-2.01683	60.5287	
0.999992	0.000137506	-0.00406832	9.76022e-05	0.998332	0.0577334	0.00406947	-0.0577333	0.998324	0.124778	-2.07262	61.4736	
0.999991	0.000141475	-0.00413842	8.76253e-05	0.998469	0.0553067	0.00413991	-0.0553066	0.998461	0.128663	-2.12612	62.4185	
0.999991	0.000145273	-0.00420853	7.7476e-05	0.998601	0.0528794	0.00421033	-0.0528793	0.998592	0.132614	-2.17731	63.3636	
0.999991	0.0001489	-0.00427864	6.71546e-05	0.998727	0.0504515	0.00428071	-0.0504514	0.998717	0.136633	-2.22621	64.3088	
0.999991	0.000152356	-0.00434875	5.66616e-05	0.998846	0.0480233	0.00435105	-0.0480231	0.998837	0.140717	-2.27281	65.2541	
0.99999	0.000155642	-0.00441887	4.59977e-05	0.99896	0.0455947	0.00442137	-0.0455945	0.99895	0.144869	-2.31712	66.1995	
0.99999	0.000158756	-0.00448897	3.51632e-05	0.999068	0.043166	0.00449164	-0.0431657	0.999058	0.149087	-2.35912	67.145	
0.99999	0.0001617	-0.00455908	2.41589e-05	0.99917	0.0407372	0.00456188	-0.0407369	0.999159	0.153371	-2.39883	68.0906	
0.999989	0.000164472	-0.00462918	1.29852e-05	0.999266	0.0383085	0.00463208	-0.0383081	0.999255	0.157722	-2.43623	69.0363	
0.999989	0.000167074	-0.00469927	1.64288e-06	0.999356	0.0358799	0.00470224	-0.0358795	0.999345	0.162139	-2.47134	69.9821	
0.999989	0.000169505	-0.00476936	-9.86753e-06	0.99944	0.0334517	0.00477236	-0.0334512	0.999429	0.166623	-2.50415	70.928	
0.999988	0.000171765	-0.00483943	-2.15453e-05	0.999519	0.0310238	0.00484243	-0.0310234	0.999507	0.171173	-2.53466	71.874	
0.999988	0.000173052	-0.00490642	-0.0001369	0.999973	0.00736751	0.00490756	-0.00736675	0.999961	0.175787	-2.55283	72.8202	
0.999988	0.000172753	-0.00497341	-0.000253764	0.999867	-0.0162929	0.00496994	0.016294	0.999855	0.180462	-2.54861	73.7667	
0.999987	0.000170868	-0.00504039	-0.000372071	0.999202	-0.0399443	0.00502954	0.0399456	0.999189	0.185194	-2.52199	74.7127	
0.999987	0.0001674	-0.0051073	-0.000491755	0.997977	-0.0635732	0.00508632	0.0635749	0.997964	0.189981	-2.473	75.6579	
0.999987	0.00016235	-0.00517411	-0.000612749	0.996194	-0.0871665	0.00514026	0.0871685	0.99618	0.194821	-2.40166	76.6016	
0.999986	0.00015572	-0.00524078	-0.000734985	0.993852	-0.110711	0.00519132	0.110713	0.993839	0.199711	-2.30801	77.5434	
0.999986	0.000147515	-0.00530727	-0.000858395	0.990955	-0.134194	0.00523947	0.134196	0.990941	0.204647	-2.19211	78.4827	
0.999986	0.000137739	-0.00537355	-0.00098291	0.987502	-0.157601	0.00528469	0.157604	0.987488	0.209628	-2.05401	79.419	
0.999985	0.000126398	-0.00543958	-0.00110846	0.983497	-0.18092	0.00532695	0.180924	0.983483	0.21465	-1.8938	80.3518	
0.999985	0.000113497	-0.00550533	-0.00123497	0.978941	-0.204138	0.00536623	0.204142	0.978927	0.21971	-1.71157	81.2805	
0.999984	9.90448e-05	-0.00557075	-0.00136238	0.973837	-0.227242	0.0054025	0.227246	0.973822	0.224807	-1.50741	82.2047	
0.999984	8.30485e-05	-0.00563581	-0.00149061	0.968188	-0.250218	0.00543575	0.250222	0.968173	0.229936	-1.28145	83.1237	
0.999984	6.55174e-05	-0.00570048	-0.00161959	0.961997	-0.273054	0.00546595	0.273059	0.961982	0.235095	-1.0338	84.0372	
0.999983	4.64612e-05	-0.00576471	-0.00174925	0.955268	-0.295738	0.0054931	0.295743	0.955252	0.240282	-0.764613	84.9445	
0.999983	2.58906e-05	-0.00582847	-0.00187952	0.948003	-0.318256	0.00551717	0.318261	0.947987	0.245492	-0.474032	85.8452	
0.999983	3.81721e-06	-0.00589173	-0.00201032	0.940208	-0.340595	0.00553815	0.340601	0.940192	0.250724	-0.162223	86.7388	
0.999982	-1.97467e-05	-0.00595445	-0.00214158	0.931886	-0.362744	0.00555603	0.36275	0.93187	0.255975	0.170641	87.6248	
0.999982	-4.47879e-05	-0.00601659	-0.00227322	0.923043	-0.38469	0.0055708	0.384697	0.923026	0.26124	0.524374	88.5026	
0.999982	-7.12924e-05	-0.00607813	-0.00240518	0.913683	-0.40642	0.00558245	0.406428	0.913666	0.266519	0.898777	89.3718	
0.999981	-9.92454e-05	-0.00613901	-0.00253738	0.903811	-0.427923	0.00559098	0.427931	0.903794	0.271807	1.29364	90.232	
0.999981	-0.000128631	-0.00619923	-0.00266974	0.893434	-0.449187	0.00559638	0.449195	0.893416	0.277101	1.70874	91.0825	
0.99998	-0.000159433	-0.00625872	-0.00280219	0.882556	-0.470199	0.00559864	0.470207	0.882538	0.282399	2.14385	91.923	
0.99998	-0.000191634	-0.00631748	-0.00293466	0.871184	-0.490947	0.00559777	0.490956	0.871166	0.287698	2.59873	92.7529	
