1	0	0	0	1	0	0	0	1	0	0	0	
1	-9.66315e-07	0.000418647	-9.66315e-07	0.999989	0.00461635	-0.000418647	-0.00461635	0.999989	-0.000170736	-0.00188268	0.815654	
1	-3.84365e-06	0.000834158	-3.85821e-06	0.999957	0.0092329	-0.000834158	-0.0092329	0.999957	-0.000681667	-0.0075308	1.63129	
0.999999	-8.60318e-06	0.00124652	-8.66145e-06	0.999904	0.0138496	-0.00124652	-0.0138496	0.999903	-0.00153023	-0.0169445	2.44689	
0.999999	-1.5216e-05	0.00165573	-1.53617e-05	0.999829	0.0184662	-0.00165573	-0.0184662	0.999828	-0.00271385	-0.0301238	3.26244	
0.999998	-2.36533e-05	0.00206178	-2.39447e-05	0.999734	0.0230828	-0.00206178	-0.0230828	0.999731	-0.00422996	-0.0470687	4.07792	
0.999997	-3.38861e-05	0.00246466	-3.4396e-05	0.999616	0.0276992	-0.00246465	-0.0276992	0.999613	-0.00607597	-0.0677791	4.89331	
0.999996	-4.58854e-05	0.00286435	-4.67011e-05	0.999478	0.0323153	-0.00286434	-0.0323153	0.999474	-0.00824928	-0.0922547	5.70859	
0.999995	-5.96221e-05	0.00326086	-6.08456e-05	0.999318	0.0369309	-0.00326084	-0.0369309	0.999312	-0.0107473	-0.120495	6.52376	
0.999993	-7.50671e-05	0.00365417	-7.6815e-05	0.999137	0.0415461	-0.00365414	-0.0415461	0.99913	-0.0135674	-0.152501	7.33878	
0.999992	-9.21914e-05	0.00404428	-9.45946e-05	0.998934	0.0461607	-0.00404423	-0.0461607	0.998926	-0.0167071	-0.18827	8.15364	
0.99999	-0.000110966	0.00443118	-0.00011417	0.99871	0.0507746	-0.0044311	-0.0507746	0.9987	-0.0201635	-0.227803	8.96833	
0.999988	-0.000131361	0.00481487	-0.000135526	0.998465	0.0553876	-0.00481475	-0.0553876	0.998453	-0.0239343	-0.271099	9.78283	
0.999986	-0.000153348	0.00519533	-0.000158649	0.998198	0.0599998	-0.00519517	-0.0599998	0.998185	-0.0280166	-0.318157	10.5971	
0.999984	-0.000176898	0.00557255	-0.000183523	0.997911	0.0646109	-0.00557234	-0.0646109	0.997895	-0.0324079	-0.368977	11.4112	
0.999982	-0.00020198	0.00594654	-0.000210133	0.997601	0.069221	-0.00594626	-0.069221	0.997584	-0.0371055	-0.423558	12.225	
0.99998	-0.000228567	0.00631729	-0.000238466	0.997271	0.0738298	-0.00631692	-0.0738298	0.997251	-0.0421068	-0.481898	13.0385	
0.999978	-0.000256628	0.00668479	-0.000268505	0.996919	0.0784373	-0.00668432	-0.0784373	0.996897	-0.0474091	-0.543997	13.8518	
0.999975	-0.000286134	0.00704903	-0.000300237	0.996546	0.0830434	-0.00704844	-0.0830434	0.996521	-0.0530097	-0.609854	14.6648	
0.999972	-0.000317056	0.00741001	-0.000333646	0.996151	0.0876479	-0.00740928	-0.087648	0.996124	-0.058906	-0.679466	15.4774	
0.99997	-0.000349364	0.00776772	-0.000368716	0.995736	0.0922509	-0.00776682	-0.092251	0.995705	-0.0650952	-0.752834	16.2898	
0.999967	-0.000383028	0.00812216	-0.000405434	0.995299	0.0968521	-0.00812107	-0.0968522	0.995266	-0.0715748	-0.829956	17.1017	
0.999964	-0.000418021	0.00847332	-0.000443784	0.99484	0.101452	-0.00847201	-0.101452	0.994804	-0.0783419	-0.91083	17.9134	
0.999961	-0.000454311	0.0088212	-0.00048375	0.994361	0.106049	-0.00881964	-0.106049	0.994322	-0.085394	-0.995455	18.7246	
0.999958	-0.000491869	0.0091658	-0.000525318	0.99386	0.110644	-0.00916394	-0.110645	0.993818	-0.0927282	-1.08383	19.5354	
0.999955	-0.000530666	0.0095071	-0.000568472	0.993338	0.115238	-0.00950491	-0.115238	0.993292	-0.100342	-1.17595	20.3458	
0.999951	-0.000570673	0.0098451	-0.000613197	0.992794	0.119829	-0.00984255	-0.119829	0.992746	-0.108232	-1.27182	21.1558	
0.999948	-0.000611859	0.0101798	-0.000659478	0.99223	0.124418	-0.0101768	-0.124418	0.992178	-0.116397	-1.37143	21.9653	
0.999945	-0.000654195	0.0105112	-0.0007073	0.991644	0.129004	-0.0105078	-0.129004	0.991588	-0.124833	-1.47478	22.7743	
0.999941	-0.000697651	0.0108393	-0.000756646	0.991037	0.133588	-0.0108354	-0.133588	0.990978	-0.133537	-1.58187	23.5829	
0.999937	-0.000742199	0.0111641	-0.000807503	0.990408	0.138169	-0.0111596	-0.138169	0.990346	-0.142507	-1.69271	24.3909	
0.999934	-0.000787808	0.0114856	-0.000859853	0.989759	0.142747	-0.0114804	-0.142748	0.989693	-0.15174	-1.80727	25.1984	
0.99993	-0.000834448	0.0118037	-0.000913682	0.989088	0.147323	-0.0117979	-0.147323	0.989018	-0.161234	-1.92557	26.0054	
0.999926	-0.000882091	0.0121186	-0.000968974	0.988396	0.151896	-0.0121119	-0.151896	0.988322	-0.170985	-2.0476	26.8118	
0.999922	-0.000930705	0.0124301	-0.00102571	0.987683	0.156465	-0.0124226	-0.156466	0.987605	-0.180991	-2.17336	27.6177	
0.999918	-0.000980263	0.0127383	-0.00108389	0.986949	0.161032	-0.0127299	-0.161032	0.986867	-0.191249	-2.30285	28.4229	
0.999914	-0.00103073	0.0130431	-0.00114347	0.986193	0.165595	-0.0130337	-0.165596	0.986108	-0.201756	-2.43605	29.2275	
0.99991	-0.00108209	0.0133447	-0.00120446	0.985417	0.170155	-0.0133342	-0.170156	0.985327	-0.21251	-2.57298	30.0315	
0.999906	-0.00113429	0.0136429	-0.00126684	0.984619	0.174711	-0.0136312	-0.174712	0.984525	-0.223507	-2.71363	30.8349	
0.999902	-0.00118733	0.0139377	-0.00133058	0.9838	0.179264	-0.0139248	-0.179265	0.983702	-0.234745	-2.85799	31.6376	
0.999898	-0.00124115	0.0142293	-0.00139568	0.98296	0.183814	-0.014215	-0.183815	0.982858	-0.246221	-3.00607	32.4396	
0.999894	-0.00129574	0.0145175	-0.00146211	0.982099	0.188359	-0.0145017	-0.18836	0.981993	-0.257933	-3.15785	33.241	
0.99989	-0.00135107	0.0148024	-0.00152987	0.981217	0.192901	-0.0147849	-0.192902	0.981107	-0.269877	-3.31334	34.0416	
0.999885	-0.0014071	0.0150839	-0.00159893	0.980314	0.197439	-0.0150648	-0.19744	0.980199	-0.28205	-3.47253	34.8414	
0.999881	-0.00146381	0.0153621	-0.00166928	0.97939	0.201972	-0.0153411	-0.201974	0.979271	-0.294451	-3.63543	35.6406	
0.999877	-0.00152116	0.015637	-0.00174091	0.978445	0.206502	-0.015614	-0.206504	0.978321	-0.307075	-3.80202	36.4389	
0.999872	-0.00157913	0.0159085	-0.00181379	0.977478	0.211027	-0.0158834	-0.211029	0.977351	-0.319921	-3.9723	37.2365	
0.999868	-0.00163769	0.0161767	-0.00188791	0.976491	0.215548	-0.0161494	-0.21555	0.976359	-0.332984	-4.14627	38.0333	
0.999863	-0.0016968	0.0164415	-0.00196327	0.975483	0.220065	-0.0164118	-0.220067	0.975347	-0.346264	-4.32393	38.8292	
0.999859	-0.00175644	0.016703	-0.00203983	0.974454	0.224577	-0.0166708	-0.224579	0.974313	-0.359756	-4.50527	39.6244	
0.999854	-0.00181658	0.0169612	-0.00211758	0.973404	0.229084	-0.0169263	-0.229087	0.973259	-0.373458	-4.69029	40.4187	
0.99985	-0.00187719	0.017216	-0.00219652	0.972333	0.233587	-0.0171782	-0.23359	0.972183	-0.387367	-4.87898	41.2121	
0.999846	-0.00193824	0.0174676	-0.00227661	0.971242	0.238085	-0.0174267	-0.238088	0.971087	-0.401479	-5.07134	42.0046	
0.999841	-0.0019997	0.0177157	-0.00235785	0.970129	0.242578	-0.0176716	-0.242581	0.96997	-0.415794	-5.26737	42.7962	
0.999837	-0.00206153	0.0179606	-0.00244022	0.968996	0.247065	-0.0179131	-0.247069	0.968832	-0.430306	-5.46707	43.5869	
0.999832	-0.00212372	0.0182021	-0.0025237	0.967841	0.251548	-0.018151	-0.251552	0.967674	-0.445014	-5.67042	44.3767	
0.999828	-0.00218623	0.0184403	-0.00260828	0.966666	0.256026	-0.0183854	-0.25603	0.966494	-0.459915	-5.87742	45.1655	
0.999874	-0.00147615	0.0157857	-0.00269054	0.965417	0.260698	-0.0156246	-0.260708	0.965291	-0.473785	-6.08817	45.9533	
0.999913	-0.000752645	0.0131324	-0.0027596	0.964141	0.265375	-0.0128612	-0.265388	0.964056	-0.485402	-6.30272	46.7402	
0.999945	-1.57125e-05	0.0104806	-0.00281537	0.96284	0.270056	-0.0100954	-0.270071	0.962787	-0.494765	-6.5211	47.526	
0.999969	0.000734642	0.00783039	-0.00285779	0.961514	0.274742	-0.00732719	-0.274756	0.961486	-0.50187	-6.7433	48.3108	
0.999985	0.00149841	0.00518208	-0.00288679	0.960162	0.27943	-0.00455693	-0.279441	0.960152	-0.506717	-6.96931	49.0945	
0.999994	0.00227559	0.00253581	-0.00290229	0.958784	0.284121	-0.00178475	-0.284127	0.958785	-0.509303	-7.19915	49.8771	
0.999995	0.00306616	-0.000108211	-0.00290424	0.957381	0.288815	0.00098915	-0.288813	0.957385	-0.509627	-7.43281	50.6585	
0.999989	0.00387011	-0.00274981	-0.00289257	0.955952	0.29351	0.0037646	-0.293498	0.955952	-0.507689	-7.6703	51.4388	
0.999974	0.00468743	-0.00538881	-0.00286724	0.954497	0.298206	0.00654143	-0.298182	0.954486	-0.503486	-7.9116	52.218	
0.999953	0.00551811	-0.00802503	-0.00282819	0.953018	0.302902	0.00931944	-0.302865	0.952988	-0.497017	-8.15673	52.9959	
0.999923	0.00636212	-0.0106583	-0.00277537	0.951512	0.307598	0.0120985	-0.307545	0.951457	-0.488282	-8.40567	53.7726	
0.999886	0.00721945	-0.0132884	-0.00270875	0.949982	0.312294	0.0148784	-0.312222	0.949892	-0.47728	-8.65843	54.548	
0.999841	0.00809007	-0.0159153	-0.00262827	0.948426	0.316989	0.0176589	-0.316897	0.948296	-0.464011	-8.915	55.3222	
0.999788	0.00897396	-0.0185387	-0.00253392	0.946844	0.321682	0.02044	-0.321567	0.946666	-0.448473	-9.17539	56.095	
0.999727	0.0098711	-0.0211585	-0.00242565	0.945238	0.326373	0.0232215	-0.326232	0.945004	-0.430666	-9.43958	56.8665	
0.999659	0.0107815	-0.0237745	-0.00230344	0.943607	0.331061	0.0260031	-0.330893	0.94331	-0.410591	-9.70757	57.6366	
0.999583	0.011705	-0.0263866	-0.00216727	0.94195	0.335746	0.0287847	-0.335549	0.941583	-0.388247	-9.97937	58.4053	
0.9995	0.0126417	-0.0289945	-0.00201711	0.940269	0.340427	0.0315663	-0.340198	0.939824	-0.363634	-10.255	59.1726	
0.999408	0.0135916	-0.0315983	-0.00185295	0.938563	0.345104	0.0343475	-0.344841	0.938033	-0.336753	-10.5343	59.9384	
0.999309	0.0145545	-0.0341976	-0.00167479	0.936832	0.349775	0.0371283	-0.349476	0.936209	-0.307603	-10.8175	60.7028	
0.999202	0.0155305	-0.0367925	-0.0014826	0.935077	0.354442	0.0399084	-0.354105	0.934354	-0.276185	-11.1044	61.4657	
0.999088	0.0165195	-0.0393826	-0.00127639	0.933297	0.359103	0.0426879	-0.358725	0.932467	-0.2425	-11.3952	62.227	
0.998965	0.0175215	-0.0419679	-0.00105616	0.931493	0.363757	0.0454664	-0.363336	0.930548	-0.206548	-11.6896	62.9868	
0.998835	0.0185365	-0.0445482	-0.000821913	0.929665	0.368404	0.0482439	-0.367939	0.928598	-0.16833	-11.9879	63.745	
0.998697	0.0195643	-0.0471235	-0.000573651	0.927813	0.373044	0.0510201	-0.372531	0.926616	-0.127847	-12.2899	64.5016	
0.998552	0.020605	-0.0496934	-0.00031139	0.925938	0.377676	0.0537951	-0.377114	0.924603	-0.0851004	-12.5956	65.2566	
0.998399	0.0216585	-0.052258	-3.51438e-05	0.924038	0.3823	0.0565685	-0.381686	0.922559	-0.0400909	-12.905	66.0099	
0.998238	0.0227248	-0.0548171	0.000255069	0.922116	0.386914	0.0593403	-0.386246	0.920485	0.0071801	-13.2182	66.7616	
0.998069	0.0238038	-0.0573705	0.000559224	0.92017	0.39152	0.0621103	-0.390796	0.91838	0.0567112	-13.5351	67.5115	
0.997893	0.0248954	-0.0599182	0.000877297	0.918201	0.396115	0.0648783	-0.395333	0.916244	0.108501	-13.8557	68.2597	
0.997709	0.0259997	-0.0624599	0.00120926	0.916209	0.4007	0.0676443	-0.399857	0.914078	0.162548	-14.18	69.0062	
0.997517	0.0271165	-0.0649955	0.00155507	0.914194	0.405273	0.0704081	-0.404368	0.911882	0.218849	-14.508	69.7509	
0.995889	0.0353142	-0.0834172	0.00176158	0.913154	0.40761	0.0905672	-0.406081	0.909338	0.284502	-14.8386	70.4936	
0.993853	0.0435449	-0.101784	0.00201976	0.912111	0.409939	0.110689	-0.407625	0.906416	0.366583	-15.1704	71.2342	
0.991411	0.0518051	-0.120087	0.00232952	0.911063	0.412261	0.130764	-0.408999	0.903117	0.465057	-15.5035	71.9722	
0.988563	0.0600913	-0.13832	0.00269071	0.910012	0.414573	0.150785	-0.410204	0.899442	0.579885	-15.8376	72.7073	
0.985311	0.0684002	-0.156475	0.00310319	0.908958	0.416876	0.170744	-0.411238	0.895394	0.711018	-16.1726	73.4394	
0.981655	0.0767283	-0.174544	0.00356679	0.907902	0.419167	0.190631	-0.4121	0.890973	0.858402	-16.5084	74.1679	
0.977598	0.0850721	-0.19252	0.00408131	0.906844	0.421447	0.210439	-0.412792	0.886182	1.02198	-16.8448	74.8927	
0.973142	0.0934282	-0.210395	0.00464654	0.905784	0.423714	0.23016	-0.413312	0.881022	1.20167	-17.1817	75.6135	
0.968287	0.101793	-0.228163	0.00526225	0.904723	0.425968	0.249785	-0.41366	0.875496	1.39741	-17.519	76.3298	
0.963037	0.110163	-0.245814	0.00592817	0.903662	0.428206	0.269306	-0.413836	0.869606	1.60912	-17.8565	77.0416	
0.957392	0.118535	-0.263343	0.00664404	0.9026	0.43043	0.288715	-0.41384	0.863354	1.8367	-18.1941	77.7483	
