1	0	0	0	1	0	0	0	1	0	0	0	
0.999999	-4.92646e-07	-0.0012406	-4.92646e-07	1	-0.000794208	0.0012406	0.000794208	0.999999	0.000635336	0.000406731	1.02424	
0.999997	-1.97489e-06	-0.00248378	-1.97527e-06	0.999999	-0.00159038	0.00248378	0.00159038	0.999996	0.00254267	0.00162793	2.04848	
0.999993	-4.45317e-06	-0.0037295	-4.45468e-06	0.999997	-0.00238847	0.0037295	0.00238847	0.99999	0.00572462	0.00366558	3.07272	
0.999988	-7.93371e-06	-0.00497767	-7.9375e-06	0.999995	-0.00318845	0.00497767	0.00318845	0.999983	0.0101838	0.00652165	4.09695	
0.999981	-1.24226e-05	-0.00622825	-1.24302e-05	0.999992	-0.00399027	0.00622825	0.00399027	0.999973	0.0159225	0.010198	5.12117	
0.999972	-1.79256e-05	-0.00748115	-1.7939e-05	0.999989	-0.0047939	0.00748115	0.0047939	0.999961	0.0229434	0.0146966	6.14537	
0.999962	-2.44486e-05	-0.00873633	-2.447e-05	0.999984	-0.00559929	0.00873633	0.00559929	0.999946	0.0312487	0.0200192	7.16957	
0.99995	-3.19969e-05	-0.00999371	-3.2029e-05	0.999979	-0.0064064	0.00999371	0.0064064	0.99993	0.0408408	0.0261675	8.19375	
0.999937	-4.05759e-05	-0.0112532	-4.06219e-05	0.999974	-0.00721519	0.0112532	0.00721519	0.999911	0.0517218	0.0331434	9.21791	
0.999922	-5.01908e-05	-0.0125148	-5.02541e-05	0.999968	-0.00802563	0.0125148	0.00802563	0.999889	0.0638939	0.0409486	10.242	
0.999905	-6.08464e-05	-0.0137784	-6.0931e-05	0.999961	-0.00883767	0.0137784	0.00883767	0.999866	0.0773593	0.0495846	11.2662	
0.999887	-7.25474e-05	-0.015044	-7.26577e-05	0.999953	-0.00965127	0.015044	0.00965127	0.99984	0.0921198	0.0590532	12.2903	
0.999867	-8.52986e-05	-0.0163114	-8.54391e-05	0.999945	-0.0104664	0.0163114	0.0104664	0.999812	0.108178	0.0693559	13.3143	
0.999845	-9.9104e-05	-0.0175807	-9.92801e-05	0.999936	-0.011283	0.0175807	0.011283	0.999782	0.125534	0.0804942	14.3384	
0.999822	-0.000113968	-0.0188517	-0.000114185	0.999927	-0.012101	0.0188517	0.012101	0.999749	0.144192	0.0924697	15.3624	
0.999797	-0.000129895	-0.0201244	-0.000130159	0.999917	-0.0129205	0.0201244	0.0129205	0.999714	0.164153	0.105284	16.3863	
0.999771	-0.000146887	-0.0213987	-0.000147205	0.999906	-0.0137413	0.0213987	0.0137413	0.999677	0.185418	0.118938	17.4103	
0.999743	-0.00016495	-0.0226745	-0.000165327	0.999894	-0.0145634	0.0226745	0.0145634	0.999637	0.207988	0.133433	18.4341	
0.999713	-0.000184086	-0.0239519	-0.00018453	0.999882	-0.0153867	0.0239519	0.0153868	0.999595	0.231867	0.148771	19.458	
0.999682	-0.000204298	-0.0252307	-0.000204817	0.999869	-0.0162114	0.0252306	0.0162114	0.99955	0.257054	0.164953	20.4818	
0.999649	-0.000225589	-0.0265108	-0.000226192	0.999855	-0.0170372	0.0265108	0.0170372	0.999503	0.283552	0.181981	21.5056	
0.999614	-0.000247963	-0.0277922	-0.000248657	0.99984	-0.0178641	0.0277922	0.0178641	0.999454	0.311362	0.199854	22.5293	
0.999577	-0.000271421	-0.0290749	-0.000272215	0.999825	-0.0186922	0.0290749	0.0186922	0.999402	0.340485	0.218576	23.5529	
0.999539	-0.000295966	-0.0303587	-0.00029687	0.999809	-0.0195213	0.0303587	0.0195213	0.999348	0.370922	0.238146	24.5765	
0.999499	-0.0003216	-0.0316436	-0.000322623	0.999793	-0.0203515	0.0316436	0.0203515	0.999292	0.402674	0.258565	25.6001	
0.999458	-0.000348325	-0.0329296	-0.000349477	0.999776	-0.0211826	0.0329295	0.0211826	0.999233	0.435744	0.279836	26.6236	
0.999414	-0.000376143	-0.0342165	-0.000377435	0.999758	-0.0220147	0.0342165	0.0220147	0.999172	0.470131	0.301958	27.647	
0.999369	-0.000405055	-0.0355043	-0.000406498	0.999739	-0.0228477	0.0355043	0.0228477	0.999108	0.505836	0.324933	28.6704	
0.999323	-0.000435063	-0.0367929	-0.000436668	0.999719	-0.0236815	0.0367929	0.0236816	0.999042	0.542861	0.348762	29.6936	
0.999274	-0.000466167	-0.0380824	-0.000467947	0.999699	-0.0245162	0.0380823	0.0245162	0.998974	0.581206	0.373445	30.7169	
0.999224	-0.000498369	-0.0393725	-0.000500336	0.999678	-0.0253516	0.0393725	0.0253517	0.998903	0.620873	0.398983	31.74	
0.999173	-0.00053167	-0.0406633	-0.000533835	0.999657	-0.0261878	0.0406632	0.0261878	0.99883	0.661861	0.425378	32.7631	
0.999119	-0.000566069	-0.0419546	-0.000568446	0.999635	-0.0270246	0.0419546	0.0270247	0.998754	0.704171	0.452629	33.7861	
0.999064	-0.000601567	-0.0432464	-0.00060417	0.999612	-0.0278621	0.0432464	0.0278622	0.998676	0.747804	0.480738	34.809	
0.999007	-0.000638165	-0.0445387	-0.000641007	0.999588	-0.0287002	0.0445387	0.0287003	0.998595	0.792761	0.509705	35.8319	
0.998949	-0.000675861	-0.0458314	-0.000678957	0.999563	-0.0295389	0.0458313	0.029539	0.998512	0.839041	0.53953	36.8546	
0.998889	-0.000714656	-0.0471244	-0.00071802	0.999538	-0.0303781	0.0471243	0.0303782	0.998427	0.886646	0.570215	37.8773	
0.998827	-0.000754549	-0.0484176	-0.000758197	0.999512	-0.0312178	0.0484175	0.0312179	0.998339	0.935575	0.60176	38.8999	
0.998763	-0.000795539	-0.049711	-0.000799487	0.999486	-0.0320579	0.0497109	0.032058	0.998249	0.985828	0.634165	39.9224	
0.998698	-0.000837626	-0.0510045	-0.000841888	0.999458	-0.0328984	0.0510044	0.0328985	0.998156	1.03741	0.66743	40.9448	
0.998631	-0.000880807	-0.052298	-0.000885401	0.99943	-0.0337392	0.052298	0.0337393	0.998061	1.09031	0.701557	41.9671	
0.998563	-0.000925083	-0.0535916	-0.000930025	0.999401	-0.0345804	0.0535915	0.0345805	0.997964	1.14454	0.736545	42.9893	
0.998492	-0.00097045	-0.054885	-0.000975758	0.999372	-0.0354218	0.0548849	0.0354219	0.997864	1.20009	0.772395	44.0114	
0.99842	-0.00101691	-0.0561784	-0.0010226	0.999342	-0.0362634	0.0561782	0.0362636	0.997762	1.25697	0.809106	45.0334	
0.998347	-0.00106445	-0.0574715	-0.00107054	0.999311	-0.0371053	0.0574713	0.0371055	0.997657	1.31517	0.84668	46.0553	
0.998271	-0.00111308	-0.0587643	-0.0011196	0.999279	-0.0379472	0.0587641	0.0379474	0.99755	1.3747	0.885116	47.0771	
0.998194	-0.0011628	-0.0600567	-0.00116975	0.999247	-0.0387893	0.0600566	0.0387895	0.997441	1.43555	0.924415	48.0988	
0.998116	-0.0012136	-0.0613488	-0.001221	0.999214	-0.0396314	0.0613487	0.0396317	0.997329	1.49772	0.964576	49.1204	
0.998035	-0.00126547	-0.0626404	-0.00127335	0.99918	-0.0404736	0.0626403	0.0404738	0.997215	1.56122	1.0056	50.1418	
0.997953	-0.00131842	-0.0639315	-0.0013268	0.999145	-0.0413157	0.0639313	0.0413159	0.997099	1.62604	1.04749	51.1631	
0.99787	-0.00137244	-0.0652219	-0.00138133	0.99911	-0.0421577	0.0652217	0.042158	0.99698	1.69218	1.09023	52.1843	
0.997785	-0.00142752	-0.0665117	-0.00143696	0.999074	-0.0429996	0.0665115	0.0429999	0.996859	1.75965	1.13385	53.2054	
0.997698	-0.00148367	-0.0678008	-0.00149367	0.999037	-0.0438413	0.0678005	0.0438417	0.996735	1.82843	1.17832	54.2264	
0.997609	-0.00154089	-0.069089	-0.00155146	0.999	-0.0446829	0.0690888	0.0446832	0.996609	1.89853	1.22365	55.2472	
0.997519	-0.00159915	-0.0703764	-0.00161033	0.998962	-0.0455242	0.0703761	0.0455246	0.996481	1.96996	1.26985	56.2679	
0.997428	-0.00165847	-0.0716629	-0.00167027	0.998923	-0.0463652	0.0716626	0.0463656	0.996351	2.0427	1.31691	57.2885	
0.997334	-0.00171884	-0.0729483	-0.00173128	0.998884	-0.0472059	0.072948	0.0472063	0.996218	2.11676	1.36483	58.3089	
0.997239	-0.00178025	-0.0742327	-0.00179336	0.998844	-0.0480462	0.0742324	0.0480467	0.996083	2.19213	1.41361	59.3292	
0.997143	-0.00184269	-0.075516	-0.0018565	0.998803	-0.0488861	0.0755157	0.0488866	0.995946	2.26882	1.46325	60.3494	
0.997045	-0.00190617	-0.0767981	-0.00192069	0.998761	-0.0497255	0.0767978	0.0497261	0.995806	2.34682	1.51376	61.3694	
0.996945	-0.00197068	-0.078079	-0.00198594	0.998719	-0.0505645	0.0780786	0.0505651	0.995664	2.42614	1.56512	62.3893	
0.996844	-0.0020362	-0.0793585	-0.00205223	0.998676	-0.0514029	0.0793581	0.0514035	0.99552	2.50676	1.61734	63.409	
0.996741	-0.00210274	-0.0806367	-0.00211956	0.998632	-0.0522407	0.0806363	0.0522414	0.995374	2.5887	1.67042	64.4286	
0.996637	-0.00217029	-0.0819134	-0.00218792	0.998588	-0.0530779	0.081913	0.0530786	0.995225	2.67195	1.72435	65.448	
0.996217	-0.00243815	-0.0868612	-0.00232158	0.998503	-0.0546538	0.0868644	0.0546487	0.99472	2.75838	1.77952	66.4671	
0.995773	-0.00271371	-0.0918048	-0.00246304	0.998415	-0.0562284	0.0918118	0.0562168	0.994188	2.84989	1.8363	67.4857	
0.995305	-0.00299695	-0.0967437	-0.00261226	0.998325	-0.0578014	0.0967548	0.0577828	0.99363	2.94645	1.89468	68.5037	
0.994812	-0.00328784	-0.101678	-0.00276922	0.998232	-0.0593727	0.101693	0.0593463	0.993044	3.04808	1.95467	69.5211	
0.994295	-0.00358636	-0.106606	-0.00293386	0.998137	-0.060942	0.106626	0.0609071	0.992432	3.15477	2.01625	70.5379	
0.993754	-0.00389246	-0.111529	-0.00310617	0.99804	-0.062509	0.111554	0.062465	0.991793	3.2665	2.07943	71.5541	
0.990641	-0.00552238	-0.136383	-0.00373359	0.997711	-0.0675186	0.136444	0.0673959	0.988353	3.39352	2.14594	72.5682	
0.986904	-0.00727553	-0.161142	-0.00448671	0.997358	-0.0725092	0.161243	0.0722827	0.984264	3.54598	2.21748	73.5785	
0.982547	-0.00915075	-0.18579	-0.00536506	0.99698	-0.0774775	0.185938	0.077122	0.97953	3.72378	2.29399	74.5842	
0.977571	-0.0111468	-0.210311	-0.00636805	0.996577	-0.0824202	0.21051	0.0819108	0.974154	3.92682	2.37544	75.5848	
0.97198	-0.0132624	-0.234689	-0.00749502	0.996151	-0.0873341	0.234944	0.0866459	0.968139	4.15496	2.46177	76.5796	
0.965777	-0.0154962	-0.258909	-0.00874523	0.995701	-0.0922159	0.259225	0.0913242	0.96149	4.40805	2.55292	77.5678	
0.958968	-0.0178466	-0.282953	-0.0101179	0.995227	-0.0970625	0.283335	0.0959427	0.95421	4.68592	2.64882	78.549	
0.951555	-0.0203122	-0.306807	-0.011612	0.99473	-0.101871	0.30726	0.100498	0.946304	4.9884	2.74943	79.5223	
0.943544	-0.0228913	-0.330455	-0.0132267	0.99421	-0.106637	0.330983	0.104988	0.937778	5.31527	2.85467	80.4872	
0.934941	-0.0255823	-0.353881	-0.0149609	0.993668	-0.111359	0.354489	0.109409	0.928637	5.66634	2.96447	81.4431	
0.92575	-0.0283833	-0.37707	-0.0168135	0.993103	-0.116033	0.377762	0.113758	0.918888	6.04136	3.07877	82.3893	
0.915978	-0.0312926	-0.400006	-0.0187832	0.992517	-0.120657	0.400788	0.118032	0.908536	6.44009	3.19748	83.3252	
0.905632	-0.0343082	-0.422675	-0.0208687	0.991909	-0.125226	0.423552	0.122229	0.897588	6.86228	3.32053	84.2502	
0.894717	-0.0374281	-0.445062	-0.0230687	0.99128	-0.129738	0.446037	0.126346	0.886052	7.30764	3.44784	85.1637	
0.883242	-0.0406503	-0.467152	-0.0253817	0.99063	-0.134191	0.46823	0.13038	0.873934	7.77588	3.57932	86.0651	
0.871213	-0.0439728	-0.488931	-0.0278063	0.989961	-0.138581	0.490116	0.134329	0.861244	8.26669	3.71489	86.9538	
0.85864	-0.0473932	-0.510384	-0.0303408	0.989271	-0.142905	0.511681	0.138189	0.847989	8.77976	3.85446	87.8292	
0.845529	-0.0509095	-0.531498	-0.0329835	0.988562	-0.147161	0.53291	0.141959	0.834179	9.31475	3.99794	88.6907	
0.831889	-0.0545192	-0.552257	-0.0357328	0.987835	-0.151345	0.55379	0.145636	0.819821	9.8713	4.14523	89.5378	
0.81773	-0.05822	-0.57265	-0.0385868	0.987089	-0.155456	0.574307	0.149218	0.804926	10.4491	4.29624	90.3699	
0.803061	-0.0620094	-0.592662	-0.0415437	0.986325	-0.15949	0.594448	0.152701	0.789503	11.0476	4.45087	91.1865	
0.787891	-0.0658851	-0.612281	-0.0446015	0.985544	-0.163444	0.614198	0.156085	0.773562	11.6666	4.60901	91.987	
0.77223	-0.0698444	-0.631493	-0.0477582	0.984746	-0.167317	0.633546	0.159366	0.757114	12.3057	4.77057	92.7709	
0.756088	-0.0738848	-0.650286	-0.0510117	0.983931	-0.171105	0.652478	0.162543	0.74017	12.9643	4.93543	93.5378	
0.739477	-0.0780036	-0.668647	-0.05436	0.983101	-0.174806	0.670983	0.165613	0.722741	13.6421	5.1035	94.287	
0.722407	-0.082198	-0.686565	-0.0578008	0.982256	-0.178418	0.689048	0.168574	0.704837	14.3387	5.27465	95.0181	
0.704889	-0.0864655	-0.704028	-0.0613319	0.981396	-0.181937	0.706661	0.171425	0.686472	15.0535	5.44878	95.7307	
0.686935	-0.0908031	-0.721024	-0.0649509	0.980521	-0.185363	0.723811	0.174164	0.667657	15.7861	5.62577	96.4242	
0.668556	-0.0952079	-0.737542	-0.0686554	0.979633	-0.188693	0.740486	0.176788	0.648403	16.536	5.80551	97.0982	
