1	0	0	0	1	0	0	0	1	0	0	0	
1	3.26411e-08	0.000320052	3.26411e-08	1	-0.000203974	-0.000320052	0.000203974	1	-0.000165037	0.00010518	1.03131	
1	1.30927e-07	0.00064096	1.30952e-07	1	-0.000408572	-0.00064096	0.000408572	1	-0.000660589	0.000421043	2.06263	
1	2.95397e-07	0.000962709	2.95497e-07	1	-0.000613783	-0.000962709	0.000613783	0.999999	-0.00148753	0.000948227	3.09394	
0.999999	5.26581e-07	0.00128528	5.26832e-07	1	-0.000819597	-0.00128528	0.000819597	0.999999	-0.00264672	0.00168736	4.12525	
0.999999	8.24993e-07	0.00160866	8.25496e-07	0.999999	-0.001026	-0.00160866	0.001026	0.999998	-0.004139	0.00263906	5.15656	
0.999998	1.19114e-06	0.00193282	1.19202e-06	0.999999	-0.00123299	-0.00193282	0.00123299	0.999997	-0.00596518	0.00380392	6.18787	
0.999997	1.6255e-06	0.00225776	1.62692e-06	0.999999	-0.00144055	-0.00225776	0.00144055	0.999996	-0.00812608	0.00518255	7.21918	
0.999997	2.12857e-06	0.00258345	2.1307e-06	0.999999	-0.00164867	-0.00258345	0.00164867	0.999995	-0.0106225	0.00677553	8.25049	
0.999996	2.7008e-06	0.00290987	2.70385e-06	0.999998	-0.00185735	-0.00290987	0.00185735	0.999994	-0.0134551	0.00858344	9.2818	
0.999995	3.34265e-06	0.00323702	3.34685e-06	0.999998	-0.00206656	-0.00323702	0.00206656	0.999993	-0.0166248	0.0106068	10.3131	
0.999994	4.05455e-06	0.00356487	4.06017e-06	0.999997	-0.0022763	-0.00356487	0.0022763	0.999991	-0.0201323	0.0128462	11.3444	
0.999992	4.83694e-06	0.0038934	4.84426e-06	0.999997	-0.00248655	-0.0038934	0.00248655	0.999989	-0.0239782	0.0153022	12.3757	
0.999991	5.69021e-06	0.0042226	5.69955e-06	0.999996	-0.00269732	-0.0042226	0.00269732	0.999987	-0.0281632	0.0179753	13.407	
0.99999	6.61477e-06	0.00455245	6.62647e-06	0.999996	-0.00290858	-0.00455245	0.00290858	0.999985	-0.0326882	0.020866	14.4383	
0.999988	7.61101e-06	0.00488293	7.62544e-06	0.999995	-0.00312032	-0.00488293	0.00312032	0.999983	-0.0375536	0.0239749	15.4696	
0.999986	8.67929e-06	0.00521403	8.69685e-06	0.999994	-0.00333254	-0.00521403	0.00333254	0.999981	-0.0427601	0.0273024	16.5009	
0.999985	9.81997e-06	0.00554572	9.84108e-06	0.999994	-0.00354523	-0.00554572	0.00354523	0.999978	-0.0483085	0.0308489	17.5322	
0.999983	1.10334e-05	0.00587799	1.10585e-05	0.999993	-0.00375836	-0.00587799	0.00375836	0.999976	-0.0541992	0.0346151	18.5635	
0.999981	1.23199e-05	0.00621083	1.23495e-05	0.999992	-0.00397194	-0.00621083	0.00397194	0.999973	-0.0604329	0.0386013	19.5948	
0.999979	1.36798e-05	0.00654421	1.37144e-05	0.999991	-0.00418595	-0.00654421	0.00418595	0.99997	-0.0670101	0.0428079	20.6261	
0.999976	1.51133e-05	0.00687811	1.51535e-05	0.99999	-0.00440038	-0.00687811	0.00440038	0.999967	-0.0739314	0.0472355	21.6573	
0.999974	1.66209e-05	0.00721253	1.66672e-05	0.999989	-0.00461522	-0.00721253	0.00461522	0.999963	-0.0811973	0.0518845	22.6886	
0.999972	1.82026e-05	0.00754744	1.82557e-05	0.999988	-0.00483045	-0.00754744	0.00483045	0.99996	-0.0888084	0.0567552	23.7199	
0.999969	1.98589e-05	0.00788282	1.99193e-05	0.999987	-0.00504608	-0.00788282	0.00504608	0.999956	-0.0967651	0.0618481	24.7512	
0.999966	2.15899e-05	0.00821866	2.16583e-05	0.999986	-0.00526207	-0.00821866	0.00526207	0.999952	-0.105068	0.0671636	25.7824	
0.999963	2.33959e-05	0.00855493	2.34729e-05	0.999985	-0.00547843	-0.00855493	0.00547843	0.999948	-0.113717	0.072702	26.8137	
0.99996	2.5277e-05	0.00889163	2.53635e-05	0.999984	-0.00569515	-0.00889163	0.00569515	0.999944	-0.122714	0.0784637	27.8449	
0.999957	2.72336e-05	0.00922873	2.73302e-05	0.999983	-0.0059122	-0.00922873	0.0059122	0.99994	-0.132058	0.0844491	28.8762	
0.999954	2.92657e-05	0.00956621	2.93732e-05	0.999981	-0.00612959	-0.00956621	0.00612959	0.999935	-0.141749	0.0906585	29.9074	
0.999951	3.13735e-05	0.00990407	3.14927e-05	0.99998	-0.00634729	-0.00990406	0.00634729	0.999931	-0.151789	0.0970923	30.9387	
0.999948	3.35572e-05	0.0102423	3.3689e-05	0.999978	-0.00656531	-0.0102423	0.00656531	0.999926	-0.162178	0.103751	31.9699	
0.999944	3.58169e-05	0.0105808	3.59621e-05	0.999977	-0.00678362	-0.0105808	0.00678362	0.999921	-0.172916	0.110634	33.0012	
0.99994	3.81527e-05	0.0109196	3.83122e-05	0.999975	-0.00700221	-0.0109196	0.00700221	0.999916	-0.184002	0.117743	34.0324	
0.999937	4.05648e-05	0.0112588	4.07395e-05	0.999974	-0.00722108	-0.0112588	0.00722108	0.999911	-0.195439	0.125077	35.0636	
0.999933	4.30532e-05	0.0115982	4.32441e-05	0.999972	-0.00744021	-0.0115982	0.00744021	0.999905	-0.207225	0.132638	36.0948	
0.999929	4.5618e-05	0.0119379	4.5826e-05	0.999971	-0.00765959	-0.0119379	0.0076596	0.999899	-0.219362	0.140424	37.126	
0.999925	4.82593e-05	0.0122778	4.84855e-05	0.999969	-0.00787922	-0.0122778	0.00787922	0.999894	-0.231849	0.148437	38.1573	
0.99992	5.09771e-05	0.012618	5.12224e-05	0.999967	-0.00809907	-0.012618	0.00809907	0.999888	-0.244686	0.156676	39.1885	
0.999916	5.37714e-05	0.0129583	5.4037e-05	0.999965	-0.00831914	-0.0129583	0.00831914	0.999881	-0.257875	0.165142	40.2196	
0.999912	5.66423e-05	0.0132989	5.69293e-05	0.999964	-0.00853941	-0.0132989	0.00853941	0.999875	-0.271415	0.173835	41.2508	
0.999907	5.95898e-05	0.0136396	5.98992e-05	0.999962	-0.00875988	-0.0136396	0.00875988	0.999869	-0.285306	0.182756	42.282	
0.999902	6.26138e-05	0.0139805	6.29468e-05	0.99996	-0.00898053	-0.0139805	0.00898053	0.999862	-0.299548	0.191904	43.3132	
0.999897	6.57142e-05	0.0143215	6.6072e-05	0.999958	-0.00920135	-0.0143215	0.00920135	0.999855	-0.314142	0.201279	44.3444	
0.999892	6.88912e-05	0.0146626	6.9275e-05	0.999956	-0.00942233	-0.0146626	0.00942233	0.999848	-0.329088	0.210883	45.3755	
0.999887	7.21445e-05	0.0150038	7.25555e-05	0.999953	-0.00964346	-0.0150038	0.00964346	0.999841	-0.344386	0.220714	46.4067	
0.999882	7.54741e-05	0.0153451	7.59136e-05	0.999951	-0.00986472	-0.0153451	0.00986473	0.999834	-0.360035	0.230774	47.4378	
0.999877	7.888e-05	0.0156865	7.93493e-05	0.999949	-0.0100861	-0.0156865	0.0100861	0.999826	-0.376037	0.241061	48.469	
0.999872	8.23619e-05	0.0160279	8.28623e-05	0.999947	-0.0103076	-0.0160279	0.0103076	0.999818	-0.392391	0.251578	49.5001	
0.999866	8.59198e-05	0.0163693	8.64527e-05	0.999945	-0.0105292	-0.0163693	0.0105292	0.999811	-0.409096	0.262322	50.5312	
0.99986	8.95536e-05	0.0167108	9.01202e-05	0.999942	-0.0107509	-0.0167108	0.0107509	0.999803	-0.426154	0.273295	51.5623	
0.999855	9.3263e-05	0.0170522	9.38649e-05	0.99994	-0.0109727	-0.0170522	0.0109727	0.999794	-0.443564	0.284497	52.5934	
0.999849	9.70479e-05	0.0173936	9.76864e-05	0.999937	-0.0111945	-0.0173936	0.0111945	0.999786	-0.461327	0.295928	53.6245	
0.999843	0.000100908	0.017735	0.000101585	0.999935	-0.0114164	-0.017735	0.0114164	0.999778	-0.479441	0.307588	54.6556	
0.999837	0.000104843	0.0180763	0.00010556	0.999932	-0.0116384	-0.0180763	0.0116384	0.999769	-0.497907	0.319476	55.6867	
0.99983	0.000108854	0.0184175	0.000109611	0.99993	-0.0118603	-0.0184175	0.0118603	0.99976	-0.516726	0.331593	56.7178	
0.999824	0.000112938	0.0187587	0.000113738	0.999927	-0.0120823	-0.0187587	0.0120823	0.999751	-0.535896	0.343939	57.7488	
0.999818	0.000117098	0.0190997	0.000117942	0.999924	-0.0123043	-0.0190997	0.0123043	0.999742	-0.555418	0.356515	58.7799	
0.999811	0.000121331	0.0194406	0.000122221	0.999922	-0.0125263	-0.0194406	0.0125263	0.999733	-0.575291	0.369319	59.8109	
0.999804	0.000125638	0.0197813	0.000126575	0.999919	-0.0127483	-0.0197813	0.0127483	0.999723	-0.595516	0.382352	60.8419	
0.999798	0.000130019	0.0201219	0.000131005	0.999916	-0.0129703	-0.0201219	0.0129703	0.999713	-0.616093	0.395614	61.873	
0.999791	0.000134473	0.0204622	0.000135509	0.999913	-0.0131922	-0.0204622	0.0131922	0.999704	-0.63702	0.409105	62.904	
0.999784	0.000138999	0.0208024	0.000140089	0.99991	-0.0134141	-0.0208024	0.0134141	0.999694	-0.658298	0.422824	63.935	
0.999776	0.000143599	0.0211424	0.000144742	0.999907	-0.0136359	-0.0211424	0.0136359	0.999683	-0.679927	0.436773	64.966	
0.999769	0.00014827	0.0214821	0.000149469	0.999904	-0.0138576	-0.0214821	0.0138576	0.999673	-0.701907	0.45095	65.997	
0.999762	0.000153013	0.0218215	0.00015427	0.999901	-0.0140793	-0.0218215	0.0140793	0.999663	-0.724237	0.465356	67.0279	
0.999675	0.000208308	0.0254811	0.00020274	0.99987	-0.0161278	-0.0254812	0.0161278	0.999545	-0.748629	0.480932	68.0588	
0.999575	0.000271091	0.0291397	0.000258701	0.999835	-0.0181758	-0.0291398	0.0181756	0.99941	-0.776794	0.498621	69.0896	
0.999462	0.000341353	0.0327969	0.000322143	0.999795	-0.0202231	-0.0327971	0.0202227	0.999257	-0.808733	0.518421	70.1202	
0.999335	0.000419084	0.0364525	0.000393057	0.999752	-0.0222694	-0.0364528	0.0222689	0.999087	-0.844442	0.540333	71.1507	
0.998257	0.0010623	0.059006	0.000986344	0.999398	-0.0346792	-0.0590073	0.034677	0.997655	-0.893669	0.569699	72.1804	
0.99667	0.00198555	0.0815196	0.00185974	0.99889	-0.0470671	-0.0815226	0.047062	0.99556	-0.966138	0.61185	73.2083	
0.994574	0.00318823	0.103978	0.00301267	0.998228	-0.0594249	-0.103984	0.0594157	0.992803	-1.0618	0.666759	74.2336	
0.991972	0.00466954	0.126368	0.00444436	0.997413	-0.0717442	-0.126376	0.0717299	0.989386	-1.18059	0.734389	75.2558	
0.988866	0.00642849	0.148672	0.00615386	0.996445	-0.084017	-0.148684	0.0839965	0.985311	-1.32244	0.814695	76.2741	
0.985256	0.00846392	0.170877	0.00814004	0.995325	-0.0962351	-0.170893	0.0962072	0.980581	-1.48724	0.907623	77.2879	
0.981146	0.0107745	0.192968	0.0104016	0.994054	-0.10839	-0.192988	0.108354	0.9752	-1.67489	1.01311	78.2965	
0.976538	0.0133586	0.21493	0.012937	0.992632	-0.120475	-0.214956	0.120429	0.96917	-1.88526	1.13109	79.2992	
0.971436	0.0162146	0.236748	0.0157445	0.991061	-0.13248	-0.23678	0.132423	0.962496	-2.11821	1.26148	80.2953	
0.965842	0.0193406	0.258409	0.0188224	0.989341	-0.144398	-0.258447	0.14433	0.955183	-2.37359	1.4042	81.2842	
0.959761	0.0227344	0.279897	0.0221685	0.987473	-0.156222	-0.279942	0.156141	0.947234	-2.65123	1.55915	82.2653	
0.953196	0.0263939	0.301198	0.0257806	0.98546	-0.167943	-0.301251	0.167848	0.938656	-2.95095	1.72623	83.2378	
0.946152	0.0303166	0.322299	0.0296564	0.983301	-0.179553	-0.32236	0.179443	0.929454	-3.27253	1.90532	84.2011	
0.938634	0.0344999	0.343185	0.0337932	0.980999	-0.191045	-0.343255	0.190919	0.919634	-3.61578	2.09631	85.1547	
0.930646	0.038941	0.363842	0.0381883	0.978556	-0.202412	-0.363921	0.202268	0.909202	-3.98046	2.29907	86.0978	
0.922195	0.043637	0.384256	0.0428388	0.975972	-0.213645	-0.384346	0.213483	0.898167	-4.36633	2.51347	87.0298	
0.913284	0.0485847	0.404415	0.0477416	0.973249	-0.224737	-0.404515	0.224556	0.886534	-4.77313	2.73936	87.9502	
0.903922	0.0537809	0.424304	0.0528934	0.97039	-0.23568	-0.424415	0.235479	0.874312	-5.2006	2.97659	88.8582	
0.894112	0.059222	0.44391	0.0582909	0.967396	-0.246468	-0.444033	0.246246	0.861509	-5.64845	3.22501	89.7534	
0.883863	0.0649046	0.463221	0.0639303	0.964269	-0.257094	-0.463356	0.25685	0.848133	-6.11637	3.48445	90.635	
0.873181	0.0708247	0.482223	0.0698081	0.961012	-0.26755	-0.482371	0.267282	0.834193	-6.60407	3.75473	91.5025	
0.862073	0.0769785	0.500904	0.0759201	0.957626	-0.277829	-0.501065	0.277537	0.819699	-7.11122	4.03569	92.3554	
0.850546	0.0833619	0.519251	0.0822625	0.954114	-0.287924	-0.519426	0.287608	0.80466	-7.63747	4.32713	93.1931	
0.838609	0.0899707	0.537253	0.088831	0.950477	-0.297829	-0.537442	0.297487	0.789086	-8.18248	4.62885	94.015	
0.826268	0.0968003	0.554896	0.0956212	0.946719	-0.307538	-0.555101	0.307168	0.772988	-8.74589	4.94066	94.8205	
0.813533	0.103846	0.572171	0.102629	0.942842	-0.317043	-0.572391	0.316646	0.756376	-9.32732	5.26235	95.6092	
0.800412	0.111104	0.589064	0.109849	0.938849	-0.326338	-0.5893	0.325913	0.739261	-9.92638	5.59371	96.3804	
0.786913	0.118569	0.605566	0.117276	0.934741	-0.335418	-0.605817	0.334963	0.721655	-10.5427	5.93452	97.1338	
0.773045	0.126236	0.621664	0.124907	0.930523	-0.344275	-0.621932	0.34379	0.703569	-11.1758	6.28454	97.8688	
0.758818	0.134099	0.637348	0.132735	0.926196	-0.352906	-0.637633	0.35239	0.685015	-11.8254	6.64355	98.5849	
