1	0	0	0	1	0	0	0	1	0	0	0	
0.999989	-3.60109e-06	0.00468465	-3.60109e-06	0.999999	0.00153739	-0.00468465	-0.00153739	0.999988	-0.00203475	-0.000667757	0.868683	
0.999956	-1.44087e-05	0.00936816	-1.44238e-05	0.999995	0.00307764	-0.00936816	-0.00307764	0.999951	-0.0081385	-0.00267227	1.73735	
0.999901	-3.24329e-05	0.0140504	-3.24935e-05	0.999989	0.00462071	-0.0140504	-0.00462071	0.999891	-0.0183102	-0.006016	2.60597	
0.999825	-5.76838e-05	0.0187313	-5.78352e-05	0.999981	0.00616656	-0.0187313	-0.00616656	0.999806	-0.0325488	-0.0107014	3.47452	
0.999726	-9.0171e-05	0.0234107	-9.04738e-05	0.99997	0.00771516	-0.0234107	-0.00771516	0.999696	-0.0508529	-0.0167308	4.34299	
0.999605	-0.000129904	0.0280885	-0.000130434	0.999957	0.00926646	-0.0280885	-0.00926646	0.999562	-0.0732213	-0.0241067	5.21136	
0.999463	-0.000176892	0.0327646	-0.00017774	0.999941	0.0108204	-0.0327646	-0.0108204	0.999405	-0.0996525	-0.0328313	6.0796	
0.999299	-0.000231145	0.0374388	-0.000232417	0.999923	0.012377	-0.0374388	-0.012377	0.999222	-0.130145	-0.042907	6.94769	
0.999113	-0.000292671	0.0421111	-0.000294487	0.999903	0.0139362	-0.0421111	-0.0139362	0.999016	-0.164697	-0.054336	7.81562	
0.998905	-0.000361479	0.0467814	-0.000363976	0.99988	0.0154979	-0.0467813	-0.015498	0.998785	-0.203307	-0.0671206	8.68335	
0.998676	-0.000437577	0.0514494	-0.000440907	0.999854	0.0170621	-0.0514494	-0.0170622	0.99853	-0.245973	-0.0812629	9.55087	
0.998424	-0.000520974	0.0561152	-0.000525303	0.999826	0.0186288	-0.0561151	-0.0186289	0.99825	-0.292693	-0.0967652	10.4182	
0.998151	-0.000611679	0.0607785	-0.000617187	0.999796	0.0201979	-0.0607785	-0.0201981	0.997947	-0.343465	-0.113629	11.2852	
0.997856	-0.000709698	0.0654393	-0.000716582	0.999763	0.0217694	-0.0654392	-0.0217696	0.997619	-0.398287	-0.131858	12.152	
0.99754	-0.000815039	0.0700975	-0.000823511	0.999727	0.0233432	-0.0700974	-0.0233435	0.997267	-0.457157	-0.151453	13.0184	
0.997202	-0.000927711	0.0747529	-0.000937997	0.999689	0.0249194	-0.0747528	-0.0249198	0.996891	-0.520071	-0.172415	13.8846	
0.996842	-0.00104772	0.0794054	-0.00106006	0.999648	0.0264978	-0.0794053	-0.0264983	0.99649	-0.587029	-0.194749	14.7504	
0.99646	-0.00117507	0.084055	-0.00118973	0.999605	0.0280784	-0.0840548	-0.028079	0.996065	-0.658027	-0.218454	15.6158	
0.996057	-0.00130978	0.0887014	-0.00132702	0.999559	0.0296612	-0.0887012	-0.0296619	0.995617	-0.733063	-0.243533	16.4809	
0.995633	-0.00145184	0.0933447	-0.00147195	0.999511	0.0312461	-0.0933443	-0.031247	0.995143	-0.812133	-0.269989	17.3456	
0.995187	-0.00160127	0.0979845	-0.00162455	0.99946	0.0328331	-0.0979842	-0.0328342	0.994646	-0.895235	-0.297822	18.2099	
0.994719	-0.00175807	0.102621	-0.00178483	0.999406	0.0344221	-0.102621	-0.0344235	0.994125	-0.982367	-0.327035	19.0737	
0.99423	-0.00192225	0.107254	-0.00195283	0.999349	0.0360132	-0.107253	-0.0360148	0.993579	-1.07352	-0.35763	19.937	
0.993719	-0.0020938	0.111883	-0.00212855	0.99929	0.0376062	-0.111882	-0.0376082	0.99301	-1.1687	-0.389607	20.7999	
0.993187	-0.00227275	0.116509	-0.00231202	0.999229	0.0392011	-0.116508	-0.0392034	0.992416	-1.2679	-0.42297	21.6622	
0.992634	-0.00245909	0.12113	-0.00250326	0.999164	0.040798	-0.121129	-0.0408006	0.991798	-1.37112	-0.457719	22.5241	
0.992059	-0.00265283	0.125748	-0.00270229	0.999097	0.0423966	-0.125746	-0.0423997	0.991156	-1.47835	-0.493857	23.3854	
0.991463	-0.00285398	0.130361	-0.00290913	0.999027	0.043997	-0.13036	-0.0440007	0.99049	-1.58959	-0.531384	24.2461	
0.990845	-0.00306253	0.13497	-0.0031238	0.998955	0.0455992	-0.134969	-0.0456034	0.9898	-1.70483	-0.570303	25.1062	
0.990206	-0.0032785	0.139575	-0.00334631	0.99888	0.0472031	-0.139573	-0.0472079	0.989086	-1.82408	-0.610615	25.9657	
0.989546	-0.00350188	0.144175	-0.0035767	0.998802	0.0488086	-0.144173	-0.0488141	0.988348	-1.94732	-0.652322	26.8246	
0.988865	-0.00373269	0.148771	-0.00381496	0.998721	0.0504158	-0.148769	-0.050422	0.987586	-2.07456	-0.695425	27.6828	
0.988162	-0.00397092	0.153362	-0.00406114	0.998638	0.0520245	-0.153359	-0.0520315	0.9868	-2.20579	-0.739925	28.5404	
0.987438	-0.00421659	0.157948	-0.00431523	0.998551	0.0536348	-0.157945	-0.0536426	0.98599	-2.341	-0.785824	29.3973	
0.986694	-0.00446968	0.162529	-0.00457727	0.998462	0.0552465	-0.162526	-0.0552553	0.985156	-2.48019	-0.833123	30.2534	
0.985928	-0.00473022	0.167105	-0.00484726	0.99837	0.0568596	-0.167102	-0.0568695	0.984298	-2.62337	-0.881824	31.1088	
0.985141	-0.00499819	0.171677	-0.00512523	0.998276	0.0584742	-0.171673	-0.0584852	0.983416	-2.77051	-0.931927	31.9635	
0.984333	-0.00527361	0.176242	-0.0054112	0.998178	0.0600901	-0.176238	-0.0601023	0.982511	-2.92163	-0.983435	32.8174	
0.983504	-0.00555647	0.180803	-0.00570517	0.998078	0.0617073	-0.180798	-0.0617208	0.981582	-3.0767	-1.03635	33.6705	
0.982654	-0.00584679	0.185358	-0.00600717	0.997975	0.0633257	-0.185353	-0.0633407	0.980629	-3.23574	-1.09067	34.5228	
0.981783	-0.00614455	0.189907	-0.00631722	0.997869	0.0649453	-0.189902	-0.0649619	0.979652	-3.39873	-1.1464	35.3742	
0.980891	-0.00644977	0.194451	-0.00663533	0.99776	0.0665661	-0.194445	-0.0665844	0.978651	-3.56567	-1.20353	36.2248	
0.979978	-0.00676244	0.198989	-0.00696151	0.997648	0.068188	-0.198982	-0.0682081	0.977627	-3.73655	-1.26208	37.0745	
0.979045	-0.00708257	0.203521	-0.00729578	0.997534	0.069811	-0.203513	-0.069833	0.976579	-3.91137	-1.32204	37.9233	
0.978091	-0.00741015	0.208047	-0.00763817	0.997416	0.071435	-0.208039	-0.071459	0.975507	-4.09013	-1.3834	38.7712	
0.977116	-0.0077452	0.212567	-0.00798867	0.997296	0.07306	-0.212558	-0.0730862	0.974411	-4.27281	-1.44619	39.6181	
0.97612	-0.0080877	0.21708	-0.00834732	0.997172	0.0746859	-0.21707	-0.0747145	0.973292	-4.45942	-1.51038	40.4641	
0.975104	-0.00843767	0.221587	-0.00871411	0.997046	0.0763127	-0.221576	-0.0763437	0.97215	-4.64994	-1.576	41.3091	
0.974067	-0.0087951	0.226088	-0.00908908	0.996917	0.0779403	-0.226076	-0.077974	0.970984	-4.84437	-1.64302	42.153	
0.97301	-0.00915999	0.230582	-0.00947222	0.996784	0.0795687	-0.230569	-0.0796052	0.969794	-5.04272	-1.71147	42.996	
0.971932	-0.00953235	0.235069	-0.00986356	0.996649	0.0811978	-0.235056	-0.0812374	0.968581	-5.24496	-1.78133	43.8379	
0.970833	-0.00991217	0.23955	-0.0102631	0.996511	0.0828277	-0.239535	-0.0828704	0.967345	-5.45109	-1.85261	44.6788	
0.969715	-0.0102994	0.244024	-0.0106709	0.99637	0.0844581	-0.244008	-0.0845042	0.966085	-5.66112	-1.9253	45.5186	
0.968575	-0.0106942	0.24849	-0.0110869	0.996226	0.0860892	-0.248473	-0.0861388	0.964801	-5.87502	-1.99942	46.3572	
0.967416	-0.0110964	0.25295	-0.0115112	0.996079	0.0877208	-0.252931	-0.0877742	0.963494	-6.09281	-2.07496	47.1948	
0.966236	-0.0115061	0.257402	-0.0119437	0.995928	0.0893529	-0.257382	-0.0894103	0.962164	-6.31446	-2.15192	48.0312	
0.965036	-0.0119232	0.261847	-0.0123845	0.995775	0.0909854	-0.261826	-0.091047	0.960811	-6.53997	-2.2303	48.8664	
0.963815	-0.0123478	0.266285	-0.0128335	0.995619	0.0926184	-0.266262	-0.0926844	0.959434	-6.76934	-2.3101	49.7005	
0.963107	-0.0125988	0.268824	-0.0139613	0.995219	0.0966607	-0.268757	-0.0968477	0.958327	-7.00173	-2.39242	50.5334	
0.96239	-0.0128614	0.271367	-0.0151018	0.994802	0.100706	-0.271252	-0.101017	0.957193	-7.23628	-2.47837	51.3654	
0.961665	-0.0131358	0.273912	-0.016255	0.994365	0.104755	-0.273745	-0.105191	0.956033	-7.47299	-2.56793	52.1964	
0.960932	-0.0134218	0.27646	-0.0174209	0.99391	0.108805	-0.276237	-0.109371	0.954846	-7.71187	-2.66113	53.0264	
0.96019	-0.0137197	0.27901	-0.0185993	0.993437	0.112858	-0.278727	-0.113555	0.953633	-7.95292	-2.75795	53.8553	
0.959441	-0.0140293	0.281561	-0.0197902	0.992945	0.116912	-0.281215	-0.117742	0.952394	-8.19613	-2.85841	54.6832	
0.958683	-0.0143507	0.284114	-0.0209936	0.992435	0.120967	-0.2837	-0.121933	0.951129	-8.44149	-2.96252	55.51	
0.957918	-0.0146839	0.286667	-0.0222092	0.991905	0.125022	-0.286182	-0.126127	0.949838	-8.68902	-3.07026	56.3357	
0.957144	-0.0150289	0.289221	-0.0234371	0.991358	0.129077	-0.288661	-0.130324	0.94852	-8.9387	-3.18165	57.1602	
0.956363	-0.0153857	0.291775	-0.0246771	0.990791	0.133131	-0.291137	-0.134522	0.947177	-9.19053	-3.29668	57.9836	
0.955574	-0.0157544	0.294329	-0.0259292	0.990206	0.137184	-0.293608	-0.138722	0.945807	-9.44451	-3.41536	58.8058	
0.954778	-0.0161348	0.296882	-0.0271932	0.989602	0.141236	-0.296074	-0.142922	0.944412	-9.70064	-3.53769	59.6268	
0.953974	-0.0165271	0.299435	-0.028469	0.98898	0.145286	-0.298536	-0.147123	0.94299	-9.9589	-3.66367	60.4466	
0.953162	-0.0169311	0.301986	-0.0297565	0.988339	0.149333	-0.300993	-0.151324	0.941543	-10.2193	-3.7933	61.2651	
0.952343	-0.0173469	0.304536	-0.0310557	0.98768	0.153377	-0.303444	-0.155525	0.940071	-10.4818	-3.92658	62.0824	
0.951517	-0.0177744	0.307083	-0.0323663	0.987002	0.157418	-0.30589	-0.159725	0.938573	-10.7465	-4.06351	62.8984	
0.950683	-0.0182135	0.309628	-0.0336883	0.986305	0.161455	-0.308329	-0.163923	0.93705	-11.0133	-4.20408	63.713	
0.949843	-0.0186644	0.312171	-0.0350215	0.98559	0.165487	-0.310761	-0.16812	0.935502	-11.2822	-4.3483	64.5264	
0.948995	-0.0191268	0.31471	-0.0363658	0.984856	0.169515	-0.313187	-0.172314	0.933928	-11.5532	-4.49617	65.3384	
0.948141	-0.0196008	0.317246	-0.0377211	0.984105	0.173538	-0.315605	-0.176505	0.93233	-11.8263	-4.64768	66.1489	
0.947279	-0.0200863	0.319778	-0.0390873	0.983334	0.177555	-0.318015	-0.180693	0.930707	-12.1015	-4.80282	66.9581	
0.946412	-0.0205832	0.322306	-0.0404641	0.982546	0.181565	-0.320418	-0.184877	0.92906	-12.3788	-4.96161	67.7659	
0.945537	-0.0210915	0.32483	-0.0418514	0.98174	0.185569	-0.322812	-0.189057	0.927389	-12.6582	-5.12402	68.5723	
0.944657	-0.0216111	0.327348	-0.0432492	0.980915	0.189566	-0.325198	-0.193233	0.925693	-12.9397	-5.29007	69.3771	
0.948744	-0.0190211	0.315472	-0.0488354	0.977375	0.205797	-0.312249	-0.210655	0.92635	-13.2165	-5.4655	70.1816	
0.952665	-0.0162084	0.30359	-0.0541933	0.973532	0.222034	-0.299153	-0.227977	0.926571	-13.4821	-5.65603	70.9864	
0.956417	-0.0131741	0.291708	-0.0593205	0.969385	0.238272	-0.285916	-0.245192	0.926355	-13.7362	-5.86155	71.7913	
0.959998	-0.00991984	0.279831	-0.0642145	0.964938	0.254503	-0.272545	-0.262291	0.925701	-13.9788	-6.08198	72.5957	
0.963407	-0.00644705	0.267966	-0.0688731	0.960192	0.270718	-0.259044	-0.279267	0.924611	-14.2097	-6.31721	73.3994	
0.966642	-0.00275739	0.256118	-0.0732939	0.95515	0.28691	-0.245422	-0.296111	0.923085	-14.4288	-6.56714	74.202	
0.969701	0.0011474	0.244292	-0.0774749	0.949813	0.303071	-0.231684	-0.312815	0.921124	-14.6361	-6.83163	75.0031	
0.972584	0.00526548	0.232493	-0.0814143	0.944186	0.319195	-0.217836	-0.329372	0.918728	-14.8313	-7.11057	75.8022	
0.975288	0.0095949	0.220729	-0.08511	0.938269	0.335272	-0.203886	-0.345773	0.915899	-15.0145	-7.40383	76.5991	
0.977813	0.0141336	0.209003	-0.0885603	0.932067	0.351296	-0.18984	-0.362011	0.912638	-15.1855	-7.71126	77.3933	
0.980157	0.0188795	0.197322	-0.0917637	0.925581	0.36726	-0.175704	-0.378079	0.908947	-15.3443	-8.03272	78.1846	
0.982319	0.0238303	0.185691	-0.0947186	0.918815	0.383154	-0.161485	-0.393968	0.904827	-15.4908	-8.36807	78.9724	
0.984299	0.0289838	0.174115	-0.0974237	0.911772	0.398973	-0.14719	-0.409672	0.90028	-15.6248	-8.71714	79.7565	
0.986094	0.0343373	0.162601	-0.0998776	0.904456	0.414709	-0.132826	-0.425182	0.895309	-15.7465	-9.07977	80.5364	
0.987705	0.0398885	0.151153	-0.102079	0.89687	0.430353	-0.118399	-0.440492	0.889915	-15.8556	-9.45578	81.3118	
0.989131	0.0456348	0.139777	-0.104027	0.889017	0.4459	-0.103916	-0.455594	0.884102	-15.9521	-9.84501	82.0824	
0.99037	0.0515733	0.128478	-0.105721	0.880902	0.46134	-0.0893839	-0.470481	0.877871	-16.0361	-10.2473	82.8477	
