1	0	0	0	1	0	0	0	1	0	0	0	
0.999998	-1.80227e-06	0.00181895	-1.80227e-06	0.999998	0.00198166	-0.00181895	-0.00198166	0.999996	-0.000786834	-0.000857217	0.86515	
0.999993	-7.22814e-06	0.00364257	-7.2291e-06	0.999992	0.00396893	-0.00364257	-0.00396893	0.999985	-0.00314936	-0.0034313	1.73029	
0.999985	-1.63062e-05	0.0054708	-1.631e-05	0.999982	0.00596176	-0.0054708	-0.00596176	0.999967	-0.00709159	-0.00772708	2.59543	
0.999973	-2.90645e-05	0.00730357	-2.90741e-05	0.999968	0.00796006	-0.00730357	-0.00796006	0.999942	-0.0126175	-0.0137493	3.46054	
0.999958	-4.55309e-05	0.00914081	-4.55502e-05	0.99995	0.00996377	-0.00914081	-0.00996377	0.999909	-0.0197309	-0.0215028	4.32563	
0.99994	-6.57329e-05	0.0109825	-6.57668e-05	0.999928	0.0119728	-0.0109825	-0.0119728	0.999868	-0.0284358	-0.030992	5.19068	
0.999918	-8.96973e-05	0.0128284	-8.97518e-05	0.999902	0.0139871	-0.0128284	-0.0139871	0.99982	-0.0387358	-0.0422216	6.0557	
0.999892	-0.000117451	0.0146787	-0.000117533	0.999872	0.0160066	-0.0146787	-0.0160066	0.999764	-0.0506347	-0.0551962	6.92067	
0.999863	-0.00014902	0.0165331	-0.000149137	0.999837	0.0180312	-0.0165331	-0.0180312	0.999701	-0.0641362	-0.0699202	7.78559	
0.999831	-0.000184431	0.0183917	-0.000184592	0.999799	0.0200609	-0.0183917	-0.0200609	0.99963	-0.0792438	-0.086398	8.65045	
0.999795	-0.000223708	0.0202543	-0.000223924	0.999756	0.0220956	-0.0202543	-0.0220956	0.999551	-0.0959612	-0.104634	9.51525	
0.999755	-0.000266877	0.022121	-0.000267158	0.999709	0.0241351	-0.022121	-0.0241351	0.999464	-0.114292	-0.124632	10.38	
0.999712	-0.000313962	0.0239915	-0.000314321	0.999657	0.0261795	-0.0239915	-0.0261795	0.999369	-0.134239	-0.146397	11.2446	
0.999665	-0.000364988	0.0258659	-0.000365438	0.999601	0.0282286	-0.0258659	-0.0282286	0.999267	-0.155806	-0.169933	12.1092	
0.999615	-0.000419979	0.0277441	-0.000420534	0.999541	0.0302824	-0.0277441	-0.0302824	0.999156	-0.178996	-0.195243	12.9737	
0.999561	-0.000478959	0.029626	-0.000479634	0.999477	0.0323409	-0.029626	-0.0323409	0.999038	-0.203813	-0.222332	13.838	
0.999503	-0.000541949	0.0315116	-0.000542761	0.999408	0.0344038	-0.0315116	-0.0344039	0.998911	-0.23026	-0.251205	14.7023	
0.999442	-0.000608973	0.0334007	-0.00060994	0.999335	0.0364713	-0.0334007	-0.0364713	0.998776	-0.258339	-0.281864	15.5664	
0.999377	-0.000680053	0.0352934	-0.000681194	0.999257	0.0385431	-0.0352934	-0.0385431	0.998633	-0.288055	-0.314313	16.4305	
0.999308	-0.000755211	0.0371895	-0.000756545	0.999174	0.0406193	-0.0371895	-0.0406193	0.998482	-0.319409	-0.348557	17.2944	
0.999235	-0.000834469	0.039089	-0.000836016	0.999088	0.0426997	-0.0390889	-0.0426997	0.998323	-0.352405	-0.384599	18.1581	
0.999159	-0.000917847	0.0409917	-0.00091963	0.998996	0.0447842	-0.0409917	-0.0447843	0.998155	-0.387046	-0.422442	19.0218	
0.999079	-0.00100537	0.0428977	-0.00100741	0.9989	0.0468729	-0.0428977	-0.0468729	0.997979	-0.423335	-0.462091	19.8853	
0.998995	-0.00109705	0.0448069	-0.00109937	0.9988	0.0489656	-0.0448069	-0.0489656	0.997795	-0.461274	-0.503548	20.7486	
0.998907	-0.00119291	0.0467192	-0.00119554	0.998695	0.0510622	-0.0467191	-0.0510623	0.997602	-0.500866	-0.546818	21.6117	
0.998816	-0.00129297	0.0486345	-0.00129594	0.998585	0.0531627	-0.0486344	-0.0531628	0.997401	-0.542113	-0.591903	22.4747	
0.99872	-0.00139725	0.0505527	-0.00140058	0.998471	0.0552671	-0.0505527	-0.0552671	0.997191	-0.585019	-0.638807	23.3375	
0.998621	-0.00150577	0.0524739	-0.00150949	0.998352	0.0573751	-0.0524738	-0.0573752	0.996973	-0.629586	-0.687534	24.2002	
0.998518	-0.00161854	0.0543979	-0.00162269	0.998228	0.0594868	-0.0543977	-0.0594869	0.996746	-0.675816	-0.738085	25.0626	
0.998411	-0.00173559	0.0563246	-0.00174019	0.998099	0.0616021	-0.0563244	-0.0616022	0.99651	-0.723712	-0.790466	25.9248	
0.9983	-0.00185692	0.058254	-0.00186201	0.997966	0.0637209	-0.0582538	-0.063721	0.996266	-0.773276	-0.844678	26.7869	
0.998185	-0.00198257	0.060186	-0.00198818	0.997828	0.0658431	-0.0601858	-0.0658433	0.996013	-0.82451	-0.900724	27.6487	
0.998066	-0.00211254	0.0621205	-0.0021187	0.997685	0.0679687	-0.0621203	-0.0679689	0.995752	-0.877417	-0.958608	28.5103	
0.997944	-0.00224685	0.0640576	-0.0022536	0.997538	0.0700976	-0.0640573	-0.0700978	0.995481	-0.931998	-1.01833	29.3716	
0.997817	-0.00238551	0.065997	-0.00239289	0.997385	0.0722296	-0.0659967	-0.0722299	0.995202	-0.988256	-1.0799	30.2328	
0.997686	-0.00252854	0.0679388	-0.00253659	0.997228	0.0743648	-0.0679385	-0.0743651	0.994914	-1.04619	-1.14331	31.0936	
0.997552	-0.00267596	0.0698828	-0.00268472	0.997066	0.0765031	-0.0698825	-0.0765034	0.994617	-1.10581	-1.20858	31.9543	
0.997413	-0.00282778	0.071829	-0.00283728	0.996899	0.0786444	-0.0718286	-0.0786447	0.994312	-1.16711	-1.27569	32.8146	
0.99727	-0.00298401	0.0737774	-0.0029943	0.996727	0.0807885	-0.073777	-0.0807889	0.993997	-1.2301	-1.34466	33.6747	
0.997124	-0.00314466	0.0757278	-0.00315579	0.99655	0.0829355	-0.0757273	-0.0829359	0.993673	-1.29477	-1.41548	34.5345	
0.996973	-0.00330976	0.0776802	-0.00332176	0.996368	0.0850853	-0.0776797	-0.0850857	0.993341	-1.36113	-1.48816	35.3941	
0.996818	-0.0034793	0.0796345	-0.00349222	0.996181	0.0872377	-0.0796339	-0.0872382	0.992999	-1.42918	-1.5627	36.2533	
0.996659	-0.00365331	0.0815907	-0.0036672	0.99599	0.0893927	-0.08159	-0.0893933	0.992649	-1.49892	-1.63911	37.1123	
0.996496	-0.0038318	0.0835486	-0.0038467	0.995793	0.0915503	-0.0835479	-0.0915509	0.992289	-1.57036	-1.71738	37.9709	
0.996329	-0.00401477	0.0855083	-0.00403074	0.995591	0.0937104	-0.0855075	-0.093711	0.991921	-1.64349	-1.79752	38.8292	
0.996158	-0.00420223	0.0874696	-0.00421932	0.995385	0.0958728	-0.0874687	-0.0958735	0.991543	-1.71831	-1.87953	39.6872	
0.995983	-0.0043942	0.0894324	-0.00441246	0.995173	0.0980375	-0.0894315	-0.0980383	0.991156	-1.79483	-1.96341	40.5449	
0.995804	-0.00459069	0.0913968	-0.00461017	0.994956	0.100204	-0.0913958	-0.100205	0.99076	-1.87306	-2.04917	41.4022	
0.995621	-0.00479171	0.0933626	-0.00481247	0.994734	0.102374	-0.0933616	-0.102375	0.990355	-1.95298	-2.1368	42.2592	
0.995433	-0.00499726	0.0953298	-0.00501935	0.994508	0.104545	-0.0953286	-0.104546	0.989941	-2.0346	-2.22631	43.1158	
0.995242	-0.00520735	0.0972983	-0.00523083	0.994276	0.106718	-0.097297	-0.106719	0.989517	-2.11793	-2.3177	43.9721	
0.995046	-0.005422	0.099268	-0.00544692	0.994039	0.108893	-0.0992666	-0.108894	0.989084	-2.20295	-2.41097	44.828	
0.994846	-0.0056412	0.101239	-0.00566763	0.993796	0.11107	-0.101237	-0.111072	0.988643	-2.28969	-2.50612	45.6835	
0.994642	-0.00586497	0.103211	-0.00589296	0.993549	0.113249	-0.103209	-0.11325	0.988191	-2.37813	-2.60316	46.5386	
0.994434	-0.00609331	0.105184	-0.00612293	0.993297	0.115429	-0.105182	-0.115431	0.987731	-2.46827	-2.70208	47.3934	
0.994222	-0.00632623	0.107158	-0.00635754	0.993039	0.117612	-0.107156	-0.117613	0.987261	-2.56012	-2.80289	48.2477	
0.994006	-0.00656373	0.109133	-0.00659679	0.992777	0.119795	-0.109131	-0.119797	0.986782	-2.65368	-2.90559	49.1016	
0.993785	-0.00680582	0.111108	-0.00684071	0.992509	0.121981	-0.111106	-0.121982	0.986294	-2.74895	-3.01017	49.9551	
0.993423	-0.00720578	0.114274	-0.00742216	0.991866	0.127067	-0.11426	-0.12708	0.985289	-2.84644	-3.11791	50.808	
0.993051	-0.00762257	0.117441	-0.00802008	0.991197	0.13215	-0.117414	-0.132174	0.984248	-2.94666	-3.23006	51.66	
0.992668	-0.00805618	0.120607	-0.00863445	0.990502	0.137229	-0.120567	-0.137265	0.983169	-3.0496	-3.34661	52.511	
0.992274	-0.00850662	0.123773	-0.00926527	0.98978	0.142304	-0.123718	-0.142352	0.982054	-3.15528	-3.46757	53.3611	
0.99187	-0.00897389	0.126938	-0.00991253	0.989031	0.147375	-0.126868	-0.147435	0.980901	-3.26367	-3.59292	54.2103	
0.991456	-0.00945797	0.130102	-0.0105762	0.988256	0.15244	-0.130016	-0.152513	0.979712	-3.3748	-3.72267	55.0584	
0.99103	-0.00995886	0.133265	-0.0112563	0.987455	0.1575	-0.133162	-0.157588	0.978486	-3.48864	-3.85682	55.9055	
0.990595	-0.0104765	0.136426	-0.0119528	0.986627	0.162555	-0.136305	-0.162657	0.977222	-3.6052	-3.99535	56.7515	
0.990149	-0.011011	0.139586	-0.0126657	0.985773	0.167605	-0.139446	-0.167722	0.975922	-3.72449	-4.13826	57.5963	
0.989692	-0.0115622	0.142744	-0.013395	0.984892	0.172648	-0.142583	-0.172781	0.974585	-3.84649	-4.28555	58.4401	
0.989225	-0.0121301	0.145899	-0.0141405	0.983986	0.177686	-0.145718	-0.177834	0.973212	-3.9712	-4.43722	59.2827	
0.988748	-0.0127148	0.149051	-0.0149024	0.983053	0.182716	-0.148848	-0.182882	0.971802	-4.09862	-4.59326	60.124	
0.98826	-0.0133161	0.152201	-0.0156806	0.982093	0.187741	-0.151975	-0.187923	0.970355	-4.22875	-4.75366	60.9642	
0.987762	-0.013934	0.155347	-0.0164751	0.981108	0.192758	-0.155098	-0.192958	0.968871	-4.36158	-4.91842	61.803	
0.987253	-0.0145686	0.158489	-0.0172858	0.980097	0.197768	-0.158216	-0.197986	0.967352	-4.49712	-5.08754	62.6406	
0.986734	-0.0152197	0.161628	-0.0181127	0.979059	0.20277	-0.16133	-0.203008	0.965795	-4.63534	-5.261	63.4768	
0.986205	-0.0158873	0.164763	-0.0189558	0.977995	0.207765	-0.164438	-0.208022	0.964203	-4.77626	-5.4388	64.3117	
0.985666	-0.0165714	0.167893	-0.0198149	0.976905	0.212751	-0.167542	-0.213029	0.962574	-4.91987	-5.62094	65.1452	
0.985116	-0.0172718	0.171019	-0.0206902	0.97579	0.21773	-0.170639	-0.218027	0.960909	-5.06616	-5.8074	65.9772	
0.984557	-0.0179887	0.17414	-0.0215815	0.974648	0.222699	-0.173731	-0.223018	0.959208	-5.21513	-5.99819	66.8078	
0.983987	-0.0187218	0.177256	-0.0224889	0.973481	0.22766	-0.176817	-0.228001	0.957471	-5.36677	-6.19329	67.6369	
0.983407	-0.0194712	0.180366	-0.0234121	0.972288	0.232612	-0.179897	-0.232975	0.955699	-5.52107	-6.3927	68.4645	
0.982817	-0.0202368	0.18347	-0.0243513	0.971069	0.237555	-0.182969	-0.237941	0.95389	-5.67804	-6.5964	69.2906	
0.982217	-0.0210184	0.186568	-0.0253064	0.969824	0.242488	-0.186035	-0.242897	0.952046	-5.83766	-6.8044	70.115	
0.981607	-0.0218161	0.189661	-0.0262772	0.968554	0.247411	-0.189094	-0.247844	0.950167	-5.99994	-7.01668	70.9379	
0.979993	-0.0239693	0.197581	-0.0301252	0.96342	0.266296	-0.196736	-0.26692	0.943424	-6.16684	-7.23937	71.757	
0.978316	-0.0262815	0.205443	-0.0341247	0.957907	0.285042	-0.204287	-0.285872	0.936239	-6.34032	-7.4785	72.5702	
0.976576	-0.0287517	0.213243	-0.0382738	0.952018	0.303641	-0.211742	-0.30469	0.928617	-6.52029	-7.73397	73.3769	
0.974774	-0.0313787	0.220978	-0.0425707	0.945754	0.322083	-0.219097	-0.323365	0.92056	-6.70667	-8.00567	74.1768	
0.972911	-0.0341613	0.228644	-0.0470132	0.939119	0.34036	-0.226351	-0.341889	0.912073	-6.89937	-8.29345	74.9696	
0.970987	-0.0370982	0.236236	-0.0515994	0.932117	0.358464	-0.233498	-0.360253	0.903159	-7.0983	-8.59719	75.7549	
0.969004	-0.040188	0.243753	-0.056327	0.924749	0.376385	-0.240536	-0.378449	0.893823	-7.30336	-8.91675	76.5322	
0.966963	-0.0434293	0.251189	-0.0611939	0.917021	0.394117	-0.247462	-0.396468	0.884068	-7.51446	-9.25197	77.3013	
0.964865	-0.0468205	0.258542	-0.0661978	0.908935	0.411649	-0.254272	-0.414301	0.8739	-7.73151	-9.60271	78.0618	
0.96271	-0.0503601	0.265809	-0.0713363	0.900495	0.428975	-0.260963	-0.43194	0.863323	-7.9544	-9.96878	78.8133	
0.960499	-0.0540465	0.272985	-0.0766071	0.891706	0.446086	-0.267531	-0.449377	0.852342	-8.18302	-10.35	79.5555	
0.958234	-0.0578778	0.280068	-0.0820077	0.88257	0.462973	-0.273975	-0.466604	0.840963	-8.41727	-10.7463	80.288	
0.955916	-0.0618523	0.287053	-0.0875355	0.873094	0.47963	-0.280291	-0.483613	0.82919	-8.65704	-11.1573	81.0105	
0.953545	-0.0659682	0.293939	-0.0931879	0.86328	0.496048	-0.286475	-0.500396	0.817029	-8.90222	-11.583	81.7227	
0.951123	-0.0702235	0.300722	-0.0989624	0.853134	0.51222	-0.292526	-0.516944	0.804486	-9.15269	-12.0231	82.4241	
0.948651	-0.0746162	0.307397	-0.104856	0.84266	0.528138	-0.298439	-0.533251	0.791567	-9.40834	-12.4774	83.1146	
