1	0	0	0	1	0	0	0	1	0	0	0	
1	1.43482e-06	0.000597314	1.43482e-06	0.999988	-0.00480422	-0.000597314	0.00480422	0.999988	-0.000273166	0.00219709	0.914643	
0.999999	5.74997e-06	0.00119606	5.74368e-06	0.999954	-0.0096094	-0.00119606	0.0096094	0.999953	-0.00109332	0.00878879	1.82926	
0.999998	1.29598e-05	0.00179621	1.29346e-05	0.999896	-0.0144154	-0.00179621	0.0144154	0.999894	-0.00246175	0.0197759	2.74384	
0.999997	2.30785e-05	0.00239775	2.30155e-05	0.999815	-0.019222	-0.00239775	0.019222	0.999812	-0.00437975	0.0351591	3.65836	
0.999995	3.61201e-05	0.00300067	3.59943e-05	0.999711	-0.0240292	-0.00300067	0.0240292	0.999707	-0.00684858	0.0549389	4.57279	
0.999994	5.20988e-05	0.00360495	5.18784e-05	0.999584	-0.0288368	-0.00360495	0.0288368	0.999578	-0.0098695	0.0791158	5.48711	
0.999991	7.10282e-05	0.00421057	7.06756e-05	0.999434	-0.0336446	-0.00421058	0.0336446	0.999425	-0.0134437	0.10769	6.4013	
0.999988	9.29221e-05	0.00481751	9.23931e-05	0.99926	-0.0384525	-0.00481752	0.0384525	0.999249	-0.0175725	0.140662	7.31534	
0.999985	0.000117794	0.00542576	0.000117038	0.999064	-0.0432603	-0.00542578	0.0432603	0.999049	-0.022257	0.178031	8.22921	
0.999982	0.000145658	0.0060353	0.000144618	0.998844	-0.048068	-0.00603532	0.048068	0.998826	-0.0274984	0.219798	9.14289	
0.999978	0.000176526	0.00664611	0.00017514	0.998601	-0.0528754	-0.00664614	0.0528754	0.998579	-0.033298	0.265962	10.0563	
0.999974	0.000210413	0.00725816	0.000208611	0.998335	-0.0576823	-0.00725821	0.0576823	0.998309	-0.0396568	0.316522	10.9696	
0.999969	0.00024733	0.00787145	0.000245037	0.998046	-0.0624886	-0.00787153	0.0624886	0.998015	-0.046576	0.371479	11.8825	
0.999964	0.000287292	0.00848596	0.000284425	0.997733	-0.0672941	-0.00848606	0.0672941	0.997697	-0.0540567	0.430832	12.7952	
0.999959	0.000330311	0.00910166	0.000326781	0.997397	-0.0720988	-0.00910179	0.0720988	0.997356	-0.0621	0.49458	13.7076	
0.999953	0.000376399	0.00971854	0.000372113	0.997039	-0.0769024	-0.00971871	0.0769024	0.996991	-0.0707071	0.562722	14.6197	
0.999946	0.00042557	0.0103366	0.000420425	0.996656	-0.0817049	-0.0103368	0.0817049	0.996603	-0.079879	0.635257	15.5314	
0.99994	0.000477835	0.0109558	0.000471725	0.996251	-0.0865061	-0.010956	0.086506	0.996191	-0.0896167	0.712183	16.4427	
0.999933	0.000533206	0.0115761	0.000526019	0.995823	-0.0913058	-0.0115764	0.0913057	0.995756	-0.0999213	0.793501	17.3537	
0.999925	0.000591697	0.0121975	0.000583311	0.995371	-0.0961039	-0.0121979	0.0961038	0.995297	-0.110794	0.879208	18.2643	
0.999918	0.000653318	0.01282	0.000643608	0.994896	-0.1009	-0.0128205	0.1009	0.994814	-0.122235	0.969303	19.1744	
0.999909	0.000718082	0.0134435	0.000706915	0.994398	-0.105695	-0.0134441	0.105695	0.994308	-0.134247	1.06378	20.0841	
0.999901	0.000786001	0.0140681	0.000773238	0.993877	-0.110487	-0.0140688	0.110487	0.993778	-0.146829	1.16265	20.9933	
0.999892	0.000857086	0.0146938	0.000842583	0.993333	-0.115278	-0.0146946	0.115278	0.993225	-0.159983	1.2659	21.902	
0.999882	0.000931348	0.0153204	0.000914953	0.992766	-0.120066	-0.0153214	0.120066	0.992648	-0.17371	1.37352	22.8102	
0.999872	0.0010088	0.015948	0.000990355	0.992175	-0.124851	-0.0159492	0.124851	0.992047	-0.188011	1.48553	23.7178	
0.999862	0.00108945	0.0165766	0.00106879	0.991561	-0.129634	-0.016578	0.129634	0.991423	-0.202887	1.60191	24.6249	
0.999851	0.00117331	0.0172062	0.00115027	0.990924	-0.134415	-0.0172077	0.134415	0.990776	-0.218338	1.72267	25.5314	
0.99984	0.00126039	0.0178366	0.0012348	0.990265	-0.139192	-0.0178384	0.139192	0.990105	-0.234365	1.8478	26.4373	
0.999829	0.00135071	0.018468	0.00132237	0.989582	-0.143967	-0.0184701	0.143967	0.98941	-0.25097	1.97729	27.3426	
0.999817	0.00144427	0.0191003	0.001413	0.988876	-0.148738	-0.0191026	0.148738	0.988692	-0.268153	2.11115	28.2472	
0.999804	0.00154108	0.0197334	0.00150669	0.988147	-0.153506	-0.0197361	0.153506	0.987951	-0.285915	2.24938	29.1512	
0.999791	0.00164115	0.0203674	0.00160344	0.987394	-0.158271	-0.0203704	0.158271	0.987186	-0.304256	2.39196	30.0545	
0.999778	0.0017445	0.0210022	0.00170326	0.986619	-0.163032	-0.0210056	0.163032	0.986397	-0.323179	2.5389	30.957	
0.999764	0.00185114	0.0216379	0.00180615	0.985821	-0.16779	-0.0216417	0.167789	0.985585	-0.342682	2.69019	31.8589	
0.99975	0.00196106	0.0222743	0.00191211	0.985	-0.172543	-0.0222785	0.172543	0.98475	-0.362768	2.84583	32.76	
0.999735	0.00207429	0.0229114	0.00202115	0.984156	-0.177293	-0.0229162	0.177293	0.983891	-0.383437	3.00582	33.6603	
0.99972	0.00219083	0.0235494	0.00213327	0.983289	-0.182039	-0.0235547	0.182038	0.983009	-0.404689	3.17015	34.5598	
0.999705	0.0023107	0.024188	0.00224848	0.982399	-0.18678	-0.0241939	0.186779	0.982104	-0.426525	3.33882	35.4585	
0.999689	0.00243389	0.0248274	0.00236677	0.981486	-0.191517	-0.0248339	0.191516	0.981175	-0.448947	3.51182	36.3563	
0.999672	0.00256043	0.0254674	0.00248816	0.980551	-0.19625	-0.0254746	0.196249	0.980223	-0.471954	3.68916	37.2533	
0.999656	0.00269031	0.0261081	0.00261264	0.979592	-0.200978	-0.026116	0.200977	0.979248	-0.495548	3.87082	38.1494	
0.999638	0.00282356	0.0267495	0.00274022	0.978611	-0.205701	-0.0267581	0.2057	0.978249	-0.519728	4.0568	39.0446	
0.99962	0.00296016	0.0273915	0.00287089	0.977607	-0.210419	-0.027401	0.210418	0.977228	-0.544497	4.2471	39.9389	
0.999602	0.00310015	0.028034	0.00300467	0.97658	-0.215132	-0.0280444	0.215131	0.976183	-0.569853	4.44172	40.8323	
0.999583	0.00324351	0.0286772	0.00314155	0.975531	-0.21984	-0.0286885	0.219838	0.975114	-0.595799	4.64064	41.7246	
0.999564	0.00339027	0.0293209	0.00328153	0.974459	-0.224543	-0.0293333	0.224541	0.974023	-0.622333	4.84386	42.616	
0.999545	0.00354043	0.0299651	0.00342463	0.973364	-0.22924	-0.0299786	0.229238	0.972909	-0.649458	5.05139	43.5064	
0.999525	0.00369399	0.0306099	0.00357084	0.972247	-0.233931	-0.0306245	0.233929	0.971771	-0.677173	5.2632	44.3958	
0.999504	0.00385097	0.0312551	0.00372015	0.971107	-0.238617	-0.031271	0.238615	0.970611	-0.70548	5.47931	45.2841	
0.999483	0.00401137	0.0319009	0.00387258	0.969944	-0.243297	-0.031918	0.243295	0.969427	-0.734378	5.6997	46.1713	
0.999461	0.0041752	0.032547	0.00402813	0.968759	-0.247971	-0.0325656	0.247969	0.968221	-0.763867	5.92437	47.0574	
0.99944	0.00434246	0.0331936	0.00418679	0.967552	-0.252639	-0.0332136	0.252636	0.966991	-0.79395	6.1533	47.9424	
0.999417	0.00451317	0.0338407	0.00434857	0.966322	-0.2573	-0.0338622	0.257298	0.965739	-0.824625	6.38651	48.8263	
0.999394	0.00468733	0.034488	0.00451347	0.965069	-0.261955	-0.0345112	0.261952	0.964464	-0.855894	6.62398	49.709	
0.999371	0.00486494	0.0351358	0.00468149	0.963795	-0.266604	-0.0351607	0.266601	0.963165	-0.887757	6.8657	50.5906	
0.999347	0.00504602	0.0357839	0.00485263	0.962498	-0.271246	-0.0358106	0.271243	0.961845	-0.920214	7.11166	51.4709	
0.999322	0.00523056	0.0364323	0.00502689	0.961179	-0.275881	-0.036461	0.275877	0.960501	-0.953265	7.36188	52.3501	
0.999298	0.00541859	0.037081	0.00520427	0.959837	-0.280509	-0.0371117	0.280505	0.959135	-0.986912	7.61632	53.228	
0.999272	0.00561009	0.03773	0.00538478	0.958474	-0.285131	-0.0377628	0.285126	0.957746	-1.02115	7.875	54.1046	
0.999178	0.00630271	0.0400482	0.00546059	0.957917	-0.286993	-0.0401717	0.286976	0.957095	-1.0568	8.13664	54.9803	
0.999077	0.00700136	0.04237	0.00554117	0.957356	-0.288857	-0.0425856	0.288825	0.956434	-1.09464	8.39996	55.8554	
0.998971	0.00770595	0.044695	0.00562656	0.956791	-0.29072	-0.0450041	0.290673	0.955764	-1.1347	8.66498	56.7299	
0.998858	0.00841639	0.0470228	0.00571674	0.956222	-0.292585	-0.0474267	0.29252	0.955083	-1.17697	8.93169	57.6038	
0.99874	0.00913259	0.049353	0.00581174	0.955649	-0.29445	-0.0498533	0.294365	0.954392	-1.22146	9.20008	58.477	
0.998615	0.00985448	0.0516853	0.00591155	0.955072	-0.296314	-0.0522833	0.296209	0.953691	-1.26817	9.47017	59.3496	
0.998484	0.010582	0.0540194	0.00601619	0.954491	-0.298179	-0.0547164	0.298052	0.95298	-1.3171	9.74194	60.2216	
0.998347	0.0113149	0.0563549	0.00612566	0.953906	-0.300043	-0.0571522	0.299892	0.952259	-1.36826	10.0154	61.0929	
0.998203	0.0120533	0.0586914	0.00623996	0.953317	-0.301907	-0.0595904	0.301731	0.951529	-1.42165	10.2905	61.9636	
0.998054	0.0127969	0.0610285	0.00635909	0.952724	-0.303771	-0.0620307	0.303568	0.950789	-1.47727	10.5673	62.8335	
0.997898	0.0135458	0.063366	0.00648305	0.952127	-0.305633	-0.0644725	0.305402	0.950038	-1.53512	10.8458	63.7028	
0.997737	0.0142997	0.0657034	0.00661182	0.951527	-0.307495	-0.0669156	0.307233	0.949279	-1.59521	11.126	64.5714	
0.997569	0.0150587	0.0680404	0.00674542	0.950923	-0.309355	-0.0693596	0.309062	0.948509	-1.65753	11.4079	65.4393	
0.997395	0.0158225	0.0703767	0.00688382	0.950315	-0.311214	-0.0718042	0.310888	0.94773	-1.72209	11.6914	66.3065	
0.997215	0.0165911	0.0727118	0.00702701	0.949703	-0.313072	-0.0742489	0.312711	0.946942	-1.78888	11.9766	67.173	
0.997029	0.0173643	0.0750456	0.00717499	0.949089	-0.314928	-0.0766934	0.314531	0.946144	-1.85791	12.2634	68.0388	
0.996837	0.0181421	0.0773775	0.00732774	0.94847	-0.316782	-0.0791373	0.316347	0.945337	-1.92918	12.5519	68.9038	
0.996639	0.0189243	0.0797072	0.00748524	0.947848	-0.318634	-0.0815803	0.318159	0.944521	-2.00268	12.8421	69.7681	
0.995578	0.0226606	0.0911651	0.00578407	0.95384	-0.300258	-0.093761	0.299458	0.949491	-2.08287	13.1246	70.6343	
0.99437	0.0261697	0.10268	0.00384702	0.959468	-0.281791	-0.105893	0.280599	0.953966	-2.17418	13.3899	71.5048	
0.993016	0.0294497	0.114246	0.00167511	0.964729	-0.263241	-0.117969	0.261594	0.957941	-2.27656	13.6378	72.3792	
0.991516	0.032499	0.125858	-0.000730545	0.969619	-0.24462	-0.129984	0.242452	0.961416	-2.38996	13.8683	73.257	
0.989871	0.0353158	0.137508	-0.00336867	0.974136	-0.225935	-0.141931	0.223184	0.964388	-2.51432	14.0813	74.1378	
0.988082	0.0378989	0.149191	-0.00623789	0.978279	-0.207198	-0.153803	0.203798	0.966856	-2.64957	14.2766	75.021	
0.98615	0.0402467	0.160901	-0.00933671	0.982044	-0.188418	-0.165595	0.184306	0.968819	-2.79564	14.4541	75.9063	
0.984075	0.0423582	0.172632	-0.0126635	0.985431	-0.169605	-0.177301	0.164718	0.970274	-2.95247	14.6137	76.7931	
0.98186	0.0442321	0.184377	-0.0162165	0.988436	-0.150769	-0.188914	0.145044	0.971223	-3.11995	14.7554	77.681	
0.979504	0.0458675	0.19613	-0.0199939	0.991059	-0.131919	-0.200428	0.125294	0.971664	-3.29801	14.879	78.5696	
0.97701	0.0472636	0.207886	-0.0239937	0.993298	-0.113065	-0.211837	0.105478	0.971596	-3.48656	14.9845	79.4583	
0.974379	0.0484196	0.219638	-0.0282139	0.995152	-0.0942178	-0.223135	0.085607	0.971021	-3.68549	15.0719	80.3468	
0.971612	0.0493349	0.23138	-0.0326521	0.99662	-0.0753865	-0.234317	0.0656914	0.969938	-3.8947	15.1411	81.2345	
0.96871	0.050009	0.243106	-0.0373061	0.997701	-0.0565812	-0.245377	0.0457414	0.968348	-4.11409	15.1921	82.1209	
0.965675	0.0504416	0.254809	-0.0421735	0.998395	-0.0378116	-0.256308	0.0257675	0.966252	-4.34353	15.2248	83.0057	
0.962508	0.0506324	0.266484	-0.0472516	0.998701	-0.0190876	-0.267105	0.00578015	0.96365	-4.58291	15.2392	83.8883	
0.959212	0.0505814	0.278125	-0.0525379	0.998619	-0.000418976	-0.277762	-0.0142102	0.960545	-4.8321	15.2354	84.7684	
0.955788	0.0502886	0.289725	-0.0580297	0.998149	0.0181845	-0.288274	-0.0341932	0.956937	-5.09097	15.2132	85.6453	
0.952237	0.0497541	0.301278	-0.0637239	0.997292	0.0367132	-0.298636	-0.0541582	0.952829	-5.35939	15.1728	86.5187	
0.948562	0.0489782	0.312779	-0.0696176	0.996048	0.0551572	-0.308841	-0.074095	0.948223	-5.63722	15.1142	87.3882	
0.944765	0.0479614	0.32422	-0.0757079	0.994417	0.0735072	-0.318885	-0.093993	0.943121	-5.92431	15.0373	88.2531	
