1	0	0	0	1	0	0	0	1	0	0	0	
0.999998	-3.66483e-06	0.00192942	-3.66483e-06	0.999993	0.00379887	-0.00192942	-0.00379887	0.999991	-0.000752768	-0.00148214	0.780301	
0.999993	-1.46483e-05	0.00385656	-1.46605e-05	0.999971	0.0075996	-0.00385656	-0.0075996	0.999964	-0.00301018	-0.00592927	1.56059	
0.999983	-3.29367e-05	0.00578137	-3.29857e-05	0.999935	0.0114021	-0.00578137	-0.0114021	0.999918	-0.00677044	-0.0133428	2.34085	
0.99997	-5.85161e-05	0.00770381	-5.86387e-05	0.999884	0.0152063	-0.00770381	-0.0152063	0.999855	-0.0120317	-0.0237241	3.12106	
0.999954	-9.13725e-05	0.00962385	-9.16176e-05	0.999819	0.0190121	-0.00962385	-0.0190121	0.999773	-0.0187921	-0.0370745	3.90122	
0.999933	-0.000131491	0.0115414	-0.00013192	0.99974	0.0228194	-0.0115414	-0.0228194	0.999673	-0.0270498	-0.0533951	4.68131	
0.999909	-0.000178858	0.0134565	-0.000179545	0.999645	0.0266282	-0.0134565	-0.0266282	0.999555	-0.0368028	-0.0726872	5.46131	
0.999882	-0.000233457	0.0153691	-0.000234488	0.999537	0.0304383	-0.0153691	-0.0304383	0.999418	-0.0480492	-0.0949518	6.24121	
0.999851	-0.000295275	0.0172791	-0.000296747	0.999413	0.0342498	-0.017279	-0.0342498	0.999264	-0.0607869	-0.12019	7.021	
0.999816	-0.000364295	0.0191864	-0.000366318	0.999275	0.0380624	-0.0191864	-0.0380624	0.999091	-0.075014	-0.148403	7.80067	
0.999777	-0.000440501	0.0210912	-0.0004432	0.999123	0.0418762	-0.0210911	-0.0418762	0.9989	-0.0907283	-0.179591	8.58019	
0.999735	-0.000523879	0.0229932	-0.000527388	0.998955	0.045691	-0.0229931	-0.045691	0.998691	-0.107928	-0.213756	9.35955	
0.99969	-0.000614412	0.0248925	-0.000618878	0.998774	0.0495067	-0.0248924	-0.0495068	0.998464	-0.12661	-0.250897	10.1387	
0.999641	-0.000712084	0.026789	-0.000717666	0.998577	0.0533234	-0.0267888	-0.0533235	0.998218	-0.146774	-0.291017	10.9178	
0.999588	-0.000816878	0.0286827	-0.000823749	0.998366	0.0571408	-0.0286825	-0.0571409	0.997954	-0.168416	-0.334114	11.6966	
0.999532	-0.000928777	0.0305735	-0.000937121	0.99814	0.060959	-0.0305733	-0.0609591	0.997672	-0.191535	-0.380191	12.4752	
0.999472	-0.00104777	0.0324615	-0.00105778	0.997899	0.0647778	-0.0324612	-0.064778	0.997372	-0.216128	-0.429248	13.2535	
0.999409	-0.00117382	0.0343465	-0.00118572	0.997644	0.0685972	-0.0343461	-0.0685974	0.997053	-0.242193	-0.481285	14.0317	
0.999343	-0.00130694	0.0362286	-0.00132093	0.997374	0.072417	-0.0362281	-0.0724173	0.996716	-0.269728	-0.536302	14.8095	
0.999273	-0.00144709	0.0381076	-0.00146341	0.997089	0.0762372	-0.038107	-0.0762376	0.996361	-0.29873	-0.5943	15.5871	
0.999199	-0.00159426	0.0399836	-0.00161316	0.996789	0.0800578	-0.0399829	-0.0800582	0.995988	-0.329197	-0.655279	16.3645	
0.999122	-0.00174842	0.0418565	-0.00177016	0.996474	0.0838786	-0.0418556	-0.083879	0.995597	-0.361126	-0.719239	17.1415	
0.999042	-0.00190958	0.0437263	-0.00193442	0.996145	0.0876995	-0.0437252	-0.0877	0.995187	-0.394516	-0.786181	17.9182	
0.998958	-0.00207769	0.0455929	-0.00210592	0.995801	0.0915205	-0.0455916	-0.0915211	0.994759	-0.429363	-0.856105	18.6946	
0.998871	-0.00225275	0.0474564	-0.00228466	0.995442	0.0953415	-0.0474548	-0.0953422	0.994313	-0.465665	-0.92901	19.4706	
0.99878	-0.00243473	0.0493166	-0.00247063	0.995068	0.0991623	-0.0493148	-0.0991632	0.993848	-0.50342	-1.0049	20.2463	
0.998686	-0.00262363	0.0511735	-0.00266383	0.99468	0.102983	-0.0511714	-0.102984	0.993366	-0.542625	-1.08376	21.0216	
0.998589	-0.00281941	0.0530271	-0.00286425	0.994276	0.106803	-0.0530247	-0.106805	0.992865	-0.583277	-1.16561	21.7965	
0.998489	-0.00302205	0.0548773	-0.00307188	0.993858	0.110624	-0.0548745	-0.110625	0.992346	-0.625374	-1.25045	22.5711	
0.998385	-0.00323155	0.0567242	-0.00328671	0.993424	0.114443	-0.056721	-0.114445	0.991809	-0.668913	-1.33826	23.3452	
0.998277	-0.00344788	0.0585676	-0.00350873	0.992976	0.118262	-0.058564	-0.118264	0.991254	-0.713892	-1.42905	24.1189	
0.998167	-0.00367101	0.0604076	-0.00373795	0.992513	0.122081	-0.0604035	-0.122083	0.99068	-0.760308	-1.52282	24.8922	
0.998053	-0.00390093	0.0622441	-0.00397434	0.992035	0.125899	-0.0622394	-0.125901	0.990088	-0.808157	-1.61957	25.665	
0.997936	-0.00413762	0.064077	-0.0042179	0.991542	0.129716	-0.0640718	-0.129719	0.989479	-0.857438	-1.7193	26.4373	
0.997816	-0.00438105	0.0659064	-0.00446863	0.991034	0.133532	-0.0659005	-0.133535	0.988851	-0.908147	-1.82201	27.2091	
0.997693	-0.00463121	0.0677322	-0.00472651	0.990512	0.137348	-0.0677256	-0.137351	0.988204	-0.960281	-1.9277	27.9805	
0.997566	-0.00488807	0.0695543	-0.00499153	0.989974	0.141162	-0.069547	-0.141166	0.98754	-1.01384	-2.03636	28.7513	
0.997436	-0.00515162	0.0713728	-0.00526368	0.989421	0.144976	-0.0713646	-0.14498	0.986858	-1.06882	-2.148	29.5216	
0.997303	-0.00542183	0.0731875	-0.00554297	0.988854	0.148788	-0.0731785	-0.148792	0.986157	-1.12521	-2.26262	30.2914	
0.997167	-0.00569867	0.0749985	-0.00582936	0.988271	0.152599	-0.0749885	-0.152604	0.985438	-1.18302	-2.38021	31.0606	
0.997028	-0.00598214	0.0768058	-0.00612286	0.987674	0.156408	-0.0767947	-0.156414	0.984702	-1.24224	-2.50077	31.8293	
0.996886	-0.0062722	0.0786092	-0.00642345	0.987061	0.160217	-0.078597	-0.160222	0.983947	-1.30286	-2.62431	32.5974	
0.99674	-0.00656883	0.0804087	-0.00673113	0.986434	0.164023	-0.0803953	-0.16403	0.983174	-1.36489	-2.75082	33.3648	
0.996592	-0.00687201	0.0822044	-0.00704588	0.985791	0.167828	-0.0821897	-0.167836	0.982383	-1.42833	-2.88029	34.1317	
0.99644	-0.00718172	0.0839962	-0.00736769	0.985134	0.171632	-0.0839801	-0.17164	0.981574	-1.49316	-3.01274	34.898	
0.996286	-0.00749794	0.085784	-0.00769656	0.984461	0.175434	-0.0857664	-0.175442	0.980747	-1.55938	-3.14816	35.6636	
0.996128	-0.00782064	0.0875678	-0.00803246	0.983774	0.179234	-0.0875487	-0.179243	0.979902	-1.627	-3.28654	36.4285	
0.995967	-0.00814979	0.0893476	-0.00837539	0.983071	0.183032	-0.0893268	-0.183042	0.979039	-1.69601	-3.42788	37.1928	
0.995803	-0.00848539	0.0911234	-0.00872534	0.982354	0.186828	-0.0911007	-0.186839	0.978157	-1.76641	-3.57219	37.9564	
0.995637	-0.00882739	0.0928951	-0.00908229	0.981622	0.190622	-0.0928705	-0.190634	0.977258	-1.83818	-3.71946	38.7193	
0.995467	-0.00917578	0.0946626	-0.00944623	0.980874	0.194414	-0.094636	-0.194426	0.976341	-1.91134	-3.8697	39.4815	
0.995295	-0.00953053	0.096426	-0.00981715	0.980112	0.198203	-0.0963973	-0.198217	0.975406	-1.98587	-4.02289	40.243	
0.995119	-0.00989163	0.0981853	-0.010195	0.979334	0.20199	-0.0981542	-0.202006	0.974453	-2.06178	-4.17904	41.0037	
0.994941	-0.010259	0.0999403	-0.0105799	0.978542	0.205775	-0.0999068	-0.205792	0.973483	-2.13905	-4.33814	41.7637	
0.995043	-0.0100448	0.0989376	-0.011013	0.977636	0.210016	-0.0988345	-0.210065	0.972679	-2.21659	-4.50039	42.523	
0.995144	-0.00982599	0.0979352	-0.0114426	0.976708	0.214265	-0.0977595	-0.214346	0.971853	-2.29329	-4.66597	43.2817	
0.995245	-0.00960267	0.0969331	-0.0118686	0.97576	0.218522	-0.0966818	-0.218634	0.971006	-2.36915	-4.8349	44.0397	
0.995344	-0.00937481	0.0959314	-0.012291	0.97479	0.222787	-0.0956015	-0.222928	0.970136	-2.44417	-5.00717	44.797	
0.995442	-0.00914243	0.0949302	-0.0127097	0.973798	0.227058	-0.0945187	-0.227229	0.969244	-2.51835	-5.1828	45.5537	
0.995539	-0.00890551	0.0939296	-0.0131246	0.972786	0.231335	-0.0934335	-0.231536	0.968329	-2.59168	-5.36179	46.3096	
0.995635	-0.00866406	0.0929296	-0.0135358	0.971751	0.235619	-0.0923459	-0.235848	0.967392	-2.66416	-5.54414	47.0649	
0.99573	-0.00841807	0.0919303	-0.013943	0.970695	0.239908	-0.0912559	-0.240165	0.966433	-2.73579	-5.72986	47.8193	
0.995824	-0.00816757	0.0909317	-0.0143462	0.969618	0.244202	-0.0901636	-0.244487	0.965452	-2.80657	-5.91895	48.5731	
0.995916	-0.00791253	0.089934	-0.0147455	0.968519	0.248501	-0.0890691	-0.248812	0.964448	-2.8765	-6.11141	49.326	
0.996008	-0.00765298	0.0889371	-0.0151406	0.967399	0.252804	-0.0879724	-0.253141	0.963421	-2.94557	-6.30725	50.0782	
0.996098	-0.0073889	0.0879411	-0.0155316	0.966257	0.257111	-0.0868735	-0.257473	0.962372	-3.01379	-6.50647	50.8295	
0.996188	-0.0071203	0.0869461	-0.0159184	0.965094	0.261421	-0.0857725	-0.261808	0.961301	-3.08115	-6.70907	51.5801	
0.996276	-0.00684719	0.0859521	-0.016301	0.963909	0.265734	-0.0846695	-0.266145	0.960207	-3.14765	-6.91505	52.3297	
0.996363	-0.00656957	0.0849592	-0.0166792	0.962702	0.270049	-0.0835645	-0.270484	0.959091	-3.21328	-7.12442	53.0786	
0.996449	-0.00628744	0.0839673	-0.0170531	0.961474	0.274366	-0.0824575	-0.274823	0.957952	-3.27806	-7.33717	53.8265	
0.996533	-0.00600081	0.0829767	-0.0174226	0.960225	0.278685	-0.0813486	-0.279164	0.956791	-3.34197	-7.55331	54.5735	
0.996617	-0.00570967	0.0819871	-0.0177876	0.958954	0.283004	-0.0802377	-0.283505	0.955608	-3.40501	-7.77283	55.3197	
0.996699	-0.00541404	0.0809989	-0.0181481	0.957661	0.287325	-0.0791251	-0.287846	0.954402	-3.46719	-7.99575	56.0649	
0.996781	-0.00511391	0.0800118	-0.018504	0.956348	0.291645	-0.0780106	-0.292187	0.953174	-3.52849	-8.22205	56.8091	
0.996861	-0.0048093	0.0790261	-0.0188552	0.955012	0.295966	-0.0768943	-0.296527	0.951924	-3.58893	-8.45174	57.5524	
0.99694	-0.0045002	0.0780417	-0.0192019	0.953656	0.300285	-0.0757763	-0.300865	0.950652	-3.64849	-8.68481	58.2947	
0.997018	-0.00418662	0.0770586	-0.0195438	0.952279	0.304604	-0.0746565	-0.305201	0.949357	-3.70719	-8.92127	59.036	
0.997094	-0.00386857	0.0760769	-0.0198809	0.95088	0.30892	-0.0735351	-0.309535	0.94804	-3.765	-9.16111	59.7763	
0.99717	-0.00354605	0.0750967	-0.0202133	0.94946	0.313235	-0.0724121	-0.313867	0.946702	-3.82195	-9.40433	60.5155	
0.997244	-0.00321906	0.0741178	-0.0205408	0.94802	0.317548	-0.0712874	-0.318195	0.945341	-3.87801	-9.65093	61.2537	
0.997317	-0.00288761	0.0731405	-0.0208635	0.946558	0.321857	-0.0701611	-0.32252	0.943959	-3.9332	-9.90091	61.9908	
0.997389	-0.0025517	0.0721646	-0.0211812	0.945076	0.326164	-0.0690333	-0.326841	0.942555	-3.9875	-10.1543	62.7268	
0.99746	-0.00221134	0.0711902	-0.021494	0.943573	0.330466	-0.067904	-0.331157	0.941129	-4.04093	-10.411	63.4617	
0.99753	-0.00186654	0.0702174	-0.0218018	0.94205	0.334765	-0.0667731	-0.335469	0.939682	-4.09347	-10.6711	64.1955	
0.997598	-0.0015173	0.0692462	-0.0221046	0.940506	0.339059	-0.0656409	-0.339775	0.938213	-4.14514	-10.9345	64.9282	
0.997666	-0.00116363	0.0682765	-0.0224023	0.938941	0.343347	-0.0645071	-0.344076	0.936723	-4.19591	-11.2013	65.6597	
0.997732	-0.000805525	0.0673084	-0.0226949	0.937357	0.347631	-0.063372	-0.34837	0.935212	-4.24581	-11.4715	66.3901	
0.997797	-0.000443002	0.0663419	-0.0229824	0.935752	0.351909	-0.0622355	-0.352658	0.93368	-4.29481	-11.745	67.1192	
0.997861	-7.60658e-05	0.0653771	-0.0232647	0.934128	0.35618	-0.0610977	-0.356939	0.932127	-4.34293	-12.0218	67.8472	
0.997923	0.000295278	0.064414	-0.0235419	0.932483	0.360445	-0.0599585	-0.361213	0.930554	-4.39016	-12.302	68.5739	
0.997985	0.000671022	0.0634525	-0.0238139	0.93082	0.364702	-0.0588181	-0.365479	0.92896	-4.4365	-12.5855	69.2994	
0.998045	0.00105116	0.0624927	-0.0240806	0.929136	0.368953	-0.0576764	-0.369736	0.927345	-4.48195	-12.8724	70.0236	
0.998958	0.00810375	0.0449089	-0.0243001	0.927442	0.373178	-0.0386262	-0.37388	0.926672	-4.51953	-13.1625	70.747	
0.99951	0.0152336	0.0273411	-0.0244326	0.925729	0.377399	-0.0195613	-0.377882	0.925647	-4.54223	-13.4558	71.4697	
0.9997	0.022438	0.0097962	-0.0244783	0.923998	0.381614	-0.000489014	-0.38174	0.92427	-4.55005	-13.7522	72.1915	
0.999529	0.0297142	-0.00771928	-0.0244371	0.922249	0.385823	0.0185835	-0.385452	0.922541	-4.54299	-14.0515	72.912	
0.998995	0.0370594	-0.0251986	-0.024309	0.920484	0.390022	0.0376489	-0.389018	0.920461	-4.52105	-14.3537	73.6311	
0.9981	0.0444708	-0.0426352	-0.024094	0.918704	0.394212	0.0567	-0.392436	0.91803	-4.48424	-14.6586	74.3484	
0.996845	0.0519457	-0.0600224	-0.0237922	0.916908	0.398389	0.0757296	-0.395704	0.91525	-4.43257	-14.9661	75.0637	
