1	0	0	0	1	0	0	0	1	0	0	0	
0.999999	-4.9435e-07	-0.00139953	-4.9435e-07	1	-0.000706452	0.00139953	0.000706452	0.999999	0.000679619	0.000343057	0.971212	
0.999996	-1.98435e-06	-0.00280373	-1.98502e-06	0.999999	-0.00141574	0.00280373	0.00141574	0.999995	0.00272075	0.00137361	1.94242	
0.999991	-4.4805e-06	-0.00421255	-4.48318e-06	0.999998	-0.00212784	0.00421255	0.00212784	0.999989	0.0061279	0.00309439	2.91363	
0.999984	-7.99315e-06	-0.00562591	-7.99986e-06	0.999996	-0.00284271	0.00562591	0.00284271	0.99998	0.0109055	0.00550812	3.88482	
0.999975	-1.25325e-05	-0.00704375	-1.2546e-05	0.999994	-0.00356033	0.00704375	0.00356033	0.999969	0.017058	0.00861748	4.85601	
0.999964	-1.81087e-05	-0.008466	-1.81323e-05	0.999991	-0.00428067	0.008466	0.00428067	0.999955	0.0245896	0.0124251	5.82719	
0.999951	-2.47315e-05	-0.00989259	-2.47695e-05	0.999987	-0.00500369	0.00989259	0.00500369	0.999939	0.0335047	0.0169337	6.79835	
0.999936	-3.24108e-05	-0.0113235	-3.2468e-05	0.999984	-0.00572936	0.0113235	0.00572936	0.999919	0.0438073	0.0221457	7.76949	
0.999919	-4.11563e-05	-0.0127585	-4.12382e-05	0.999979	-0.00645766	0.0127585	0.00645766	0.999898	0.0555017	0.0280638	8.74061	
0.999899	-5.09773e-05	-0.0141978	-5.10903e-05	0.999974	-0.00718855	0.0141978	0.00718855	0.999873	0.0685918	0.0346905	9.71171	
0.999878	-6.18833e-05	-0.015641	-6.20344e-05	0.999969	-0.00792199	0.015641	0.00792199	0.999846	0.0830817	0.0420282	10.6828	
0.999854	-7.38834e-05	-0.0170883	-7.40804e-05	0.999963	-0.00865796	0.0170883	0.00865797	0.999816	0.0989753	0.0500796	11.6538	
0.999828	-8.69865e-05	-0.0185396	-8.72381e-05	0.999956	-0.00939643	0.0185396	0.00939643	0.999784	0.116276	0.0588469	12.6249	
0.9998	-0.000101202	-0.0199947	-0.000101517	0.999949	-0.0101374	0.0199947	0.0101374	0.999749	0.134989	0.0683326	13.5958	
0.99977	-0.000116537	-0.0214536	-0.000116927	0.999941	-0.0108807	0.0214536	0.0108807	0.999711	0.155116	0.0785392	14.5668	
0.999737	-0.000133002	-0.0229162	-0.000133477	0.999932	-0.0116265	0.0229162	0.0116265	0.99967	0.176663	0.0894688	15.5377	
0.999703	-0.000150605	-0.0243825	-0.000151176	0.999923	-0.0123746	0.0243825	0.0123746	0.999626	0.199631	0.101124	16.5086	
0.999666	-0.000169353	-0.0258524	-0.000170033	0.999914	-0.0131251	0.0258523	0.0131251	0.99958	0.224025	0.113507	17.4794	
0.999627	-0.000189255	-0.0273258	-0.000190057	0.999904	-0.0138778	0.0273258	0.0138779	0.99953	0.249849	0.12662	18.4502	
0.999585	-0.000210319	-0.0288026	-0.000211257	0.999893	-0.0146329	0.0288026	0.0146329	0.999478	0.277105	0.140465	19.4209	
0.999541	-0.000232552	-0.0302829	-0.000233641	0.999882	-0.0153901	0.0302829	0.0153902	0.999423	0.305798	0.155044	20.3916	
0.999495	-0.000255961	-0.0317664	-0.000257218	0.99987	-0.0161496	0.0317664	0.0161496	0.999365	0.335929	0.17036	21.3622	
0.999447	-0.000280555	-0.0332532	-0.000281995	0.999857	-0.0169113	0.0332532	0.0169113	0.999304	0.367503	0.186414	22.3328	
0.999396	-0.000306341	-0.0347432	-0.000307981	0.999844	-0.017675	0.0347432	0.0176751	0.99924	0.400523	0.20321	23.3033	
0.999343	-0.000333324	-0.0362363	-0.000335183	0.99983	-0.0184409	0.0362363	0.018441	0.999173	0.434991	0.220748	24.2737	
0.999288	-0.000361513	-0.0377324	-0.00036361	0.999815	-0.0192089	0.0377324	0.0192089	0.999103	0.47091	0.239031	25.2441	
0.99923	-0.000390914	-0.0392315	-0.000393268	0.9998	-0.0199789	0.0392315	0.0199789	0.99903	0.508284	0.258061	26.2144	
0.99917	-0.000421533	-0.0407335	-0.000424165	0.999785	-0.0207508	0.0407335	0.0207509	0.998955	0.547116	0.277839	27.1846	
0.999107	-0.000453376	-0.0422383	-0.000456308	0.999768	-0.0215248	0.0422383	0.0215249	0.998876	0.587408	0.298369	28.1548	
0.999043	-0.00048645	-0.0437459	-0.000489704	0.999751	-0.0223007	0.0437459	0.0223008	0.998794	0.629162	0.319651	29.1249	
0.998975	-0.00052076	-0.0452562	-0.00052436	0.999734	-0.0230785	0.0452561	0.0230786	0.998709	0.672382	0.341687	30.0949	
0.998906	-0.000556312	-0.0467691	-0.000560282	0.999715	-0.0238581	0.046769	0.0238582	0.998621	0.71707	0.36448	31.0648	
0.998833	-0.000593112	-0.0482845	-0.000597476	0.999696	-0.0246396	0.0482844	0.0246397	0.99853	0.763228	0.388031	32.0346	
0.998759	-0.000631165	-0.0498024	-0.000635949	0.999677	-0.0254229	0.0498023	0.025423	0.998435	0.81086	0.412342	33.0044	
0.998682	-0.000670476	-0.0513227	-0.000675707	0.999656	-0.0262079	0.0513226	0.0262081	0.998338	0.859967	0.437414	33.974	
0.998602	-0.00071105	-0.0528454	-0.000716755	0.999635	-0.0269947	0.0528453	0.0269948	0.998238	0.910552	0.46325	34.9436	
0.998521	-0.000752892	-0.0543703	-0.0007591	0.999614	-0.0277832	0.0543702	0.0277833	0.998134	0.962616	0.48985	35.913	
0.998436	-0.000796006	-0.0558974	-0.000802746	0.999591	-0.0285733	0.0558973	0.0285735	0.998028	1.01616	0.517218	36.8824	
0.998349	-0.000840397	-0.0574266	-0.000847698	0.999568	-0.029365	0.0574265	0.0293652	0.997918	1.07119	0.545353	37.8516	
0.99826	-0.000886068	-0.0589579	-0.000893963	0.999545	-0.0301583	0.0589577	0.0301586	0.997805	1.12771	0.574258	38.8207	
0.998168	-0.000933024	-0.0604911	-0.000941544	0.99952	-0.0309532	0.060491	0.0309535	0.997689	1.18572	0.603934	39.7898	
0.998074	-0.000981269	-0.0620263	-0.000990446	0.999495	-0.0317496	0.0620261	0.0317499	0.997569	1.24521	0.634384	40.7587	
0.997977	-0.0010308	-0.0635633	-0.00104067	0.99947	-0.0325475	0.0635631	0.0325478	0.997447	1.3062	0.665607	41.7275	
0.997878	-0.00108164	-0.0651021	-0.00109223	0.999443	-0.0333468	0.0651019	0.0333472	0.997321	1.36868	0.697606	42.6961	
0.997776	-0.00113377	-0.0666425	-0.00114512	0.999416	-0.0341476	0.0666424	0.034148	0.997192	1.43265	0.730382	43.6647	
0.997672	-0.0011872	-0.0681846	-0.00119935	0.999388	-0.0349497	0.0681844	0.0349501	0.99706	1.49813	0.763936	44.6331	
0.997565	-0.00124193	-0.0697283	-0.00125492	0.99936	-0.0357531	0.0697281	0.0357536	0.996925	1.5651	0.798271	45.6014	
0.997456	-0.00129798	-0.0712734	-0.00131184	0.999331	-0.0365579	0.0712732	0.0365584	0.996787	1.63357	0.833386	46.5696	
0.997344	-0.00135533	-0.07282	-0.0013701	0.999301	-0.0373639	0.0728197	0.0373645	0.996645	1.70354	0.869283	47.5376	
0.99723	-0.00141399	-0.0743679	-0.00142971	0.99927	-0.0381712	0.0743676	0.0381718	0.9965	1.77502	0.905964	48.5055	
0.997113	-0.00147396	-0.075917	-0.00149068	0.999239	-0.0389796	0.0759167	0.0389803	0.996352	1.848	0.94343	49.4732	
0.996994	-0.00153525	-0.0774674	-0.001553	0.999207	-0.0397892	0.0774671	0.0397899	0.996201	1.92248	0.981681	50.4408	
0.996872	-0.00159786	-0.0790189	-0.00161668	0.999174	-0.0406	0.0790185	0.0406007	0.996046	1.99847	1.02072	51.4082	
0.996747	-0.00166178	-0.0805715	-0.00168172	0.999141	-0.0414118	0.080571	0.0414126	0.995888	2.07597	1.06055	52.3755	
0.996621	-0.00172702	-0.082125	-0.00174813	0.999107	-0.0422247	0.0821246	0.0422255	0.995727	2.15497	1.10116	53.3427	
0.996491	-0.00179358	-0.0836795	-0.0018159	0.999072	-0.0430385	0.083679	0.0430395	0.995563	2.23549	1.14257	54.3097	
0.996359	-0.00186146	-0.0852348	-0.00188503	0.999036	-0.0438534	0.0852342	0.0438544	0.995395	2.31751	1.18476	55.2765	
0.996225	-0.00193066	-0.0867908	-0.00195553	0.999	-0.0446692	0.0867903	0.0446703	0.995225	2.40105	1.22775	56.2431	
0.996088	-0.00200118	-0.0883476	-0.0020274	0.998963	-0.0454859	0.088347	0.0454871	0.995051	2.4861	1.27153	57.2096	
0.995948	-0.00207302	-0.089905	-0.00210063	0.998925	-0.0463035	0.0899044	0.0463048	0.994873	2.57266	1.31611	58.176	
0.995806	-0.00214619	-0.091463	-0.00217524	0.998887	-0.0471219	0.0914623	0.0471233	0.994693	2.66073	1.36147	59.1421	
0.995662	-0.00222067	-0.0930214	-0.00225121	0.998848	-0.0479411	0.0930207	0.0479426	0.994509	2.75032	1.40764	60.1081	
0.99535	-0.00237462	-0.0962934	-0.00203321	0.998955	-0.045651	0.0963012	0.0456346	0.994306	2.84225	1.45308	61.0738	
0.995028	-0.00252108	-0.099567	-0.00180784	0.999058	-0.0433633	0.0995825	0.0433277	0.994086	2.93737	1.49628	62.0394	
0.994694	-0.00266004	-0.102842	-0.00157509	0.999155	-0.0410778	0.102864	0.0410219	0.993849	3.03568	1.53724	63.0048	
0.99435	-0.00279148	-0.106118	-0.00133497	0.999246	-0.0387946	0.106146	0.038717	0.993596	3.13718	1.57596	63.9699	
0.993994	-0.00291538	-0.109395	-0.00108747	0.999333	-0.0365134	0.109428	0.0364131	0.993328	3.24187	1.61245	64.9348	
0.993628	-0.00303174	-0.112672	-0.000832597	0.999413	-0.0342343	0.11271	0.03411	0.993042	3.34974	1.64669	65.8994	
0.99325	-0.00314053	-0.11595	-0.000570339	0.999489	-0.0319571	0.115991	0.0318076	0.992741	3.4608	1.6787	66.8637	
0.992862	-0.00324175	-0.119227	-0.000300696	0.999559	-0.0296819	0.11927	0.0295058	0.992423	3.57504	1.70848	67.8277	
0.992462	-0.00333539	-0.122504	-2.3664e-05	0.999624	-0.0274084	0.122549	0.0272047	0.99209	3.69247	1.73602	68.7914	
0.992052	-0.00342144	-0.12578	0.000260761	0.999684	-0.0251366	0.125826	0.024904	0.99174	3.81308	1.76132	69.7547	
0.991631	-0.00349989	-0.129054	0.000552584	0.999738	-0.0228665	0.129101	0.0226038	0.991374	3.93688	1.78439	70.7177	
0.9912	-0.00357075	-0.132328	0.00085181	0.999787	-0.0205979	0.132373	0.0203039	0.990992	4.06385	1.80523	71.6804	
0.989572	-0.00368464	-0.143994	0.00378573	0.999993	0.000428049	0.143992	-0.000968708	0.989578	4.19806	1.81462	72.6422	
0.987807	-0.00354793	-0.15564	0.00696543	0.999746	0.0214178	0.155525	-0.0222407	0.987582	4.34352	1.80335	73.6024	
0.985908	-0.0031607	-0.16726	0.010389	0.999048	0.0423589	0.166967	-0.0434997	0.985003	4.50013	1.77142	74.5603	
0.983874	-0.00252317	-0.178845	0.0140545	0.997899	0.0632392	0.17831	-0.0647329	0.981843	4.6678	1.71886	75.5155	
0.981707	-0.00163572	-0.19039	0.0179597	0.9963	0.0840461	0.189548	-0.0859281	0.978104	4.84645	1.64569	76.4673	
0.979409	-0.000498882	-0.201887	0.0221024	0.994251	0.104768	0.200674	-0.107073	0.973789	5.03595	1.55197	77.4152	
0.97698	0.000886683	-0.21333	0.02648	0.991754	0.125391	0.211682	-0.128154	0.9689	5.2362	1.43774	78.3586	
0.974422	0.00252016	-0.224712	0.03109	0.98881	0.145905	0.222566	-0.14916	0.96344	5.44709	1.30306	79.297	
0.971737	0.00440057	-0.236027	0.0359297	0.985421	0.166297	0.233318	-0.170078	0.957411	5.66848	1.14803	80.2298	
0.968925	0.00652683	-0.247267	0.0409962	0.981589	0.186555	0.243932	-0.190895	0.950819	5.90024	0.972733	81.1565	
0.96599	0.00889766	-0.258426	0.0462866	0.977316	0.206667	0.254403	-0.2116	0.943665	6.14225	0.777269	82.0766	
0.962932	0.0115117	-0.269498	0.0517977	0.972605	0.226622	0.264724	-0.232181	0.935956	6.39435	0.561756	82.9894	
0.959754	0.0143674	-0.280475	0.0575263	0.967458	0.246406	0.274888	-0.252624	0.927695	6.6564	0.32632	83.8944	
0.956456	0.017463	-0.291352	0.063469	0.961879	0.26601	0.284891	-0.272919	0.918887	6.92825	0.0711013	84.7912	
0.953042	0.0207967	-0.302122	0.0696222	0.95587	0.28542	0.294726	-0.293052	0.909537	7.20973	-0.203751	85.6791	
0.949513	0.0243667	-0.312779	0.0759825	0.949436	0.304627	0.304387	-0.313013	0.899651	7.50068	-0.498074	86.5577	
0.945872	0.0281707	-0.323316	0.0825459	0.94258	0.323618	0.313868	-0.332789	0.889234	7.80092	-0.811695	87.4264	
0.942119	0.0322065	-0.333728	0.0893087	0.935307	0.342382	0.323165	-0.35237	0.878294	8.11028	-1.14443	88.2848	
0.938258	0.0364718	-0.344007	0.0962669	0.927619	0.360909	0.332271	-0.371742	0.866836	8.42858	-1.49608	89.1323	
0.934292	0.040964	-0.354149	0.103416	0.919523	0.379186	0.341181	-0.390895	0.854866	8.75563	-1.86644	89.9684	
0.930221	0.0456805	-0.364146	0.110753	0.911023	0.397205	0.34989	-0.409818	0.842393	9.09123	-2.25529	90.7926	
0.926049	0.0506184	-0.373994	0.118272	0.902123	0.414953	0.358392	-0.4285	0.829423	9.4352	-2.6624	91.6045	
0.921778	0.055775	-0.383685	0.125969	0.892829	0.43242	0.366684	-0.446928	0.815964	9.78732	-3.08754	92.4036	
0.917411	0.0611471	-0.393216	0.133841	0.883147	0.449597	0.374759	-0.465094	0.802025	10.1474	-3.53044	93.1893	
0.912949	0.0667316	-0.402579	0.141881	0.873082	0.466473	0.382614	-0.482985	0.787612	10.5152	-3.99086	93.9613	
