1	0	0	0	1	0	0	0	1	0	0	0	
0.999993	-4.00018e-07	0.00369286	-4.00018e-07	1	0.000216643	-0.00369286	-0.000216643	0.999993	-0.00155175	-9.10341e-05	0.840402	
0.999973	-1.60367e-06	0.0073888	-1.60815e-06	1	0.000434682	-0.0073888	-0.000434682	0.999973	-0.00620829	-0.000364722	1.68079	
0.999939	-3.61743e-06	0.0110877	-3.63539e-06	1	0.000654111	-0.0110877	-0.000654111	0.999938	-0.0139722	-0.000822236	2.52116	
0.999891	-6.44775e-06	0.0147895	-6.49267e-06	1	0.000874926	-0.0147895	-0.000874927	0.99989	-0.0248458	-0.00146474	3.36149	
0.999829	-1.0101e-05	0.018494	-1.01909e-05	0.999999	0.00109712	-0.018494	-0.00109712	0.999828	-0.0388316	-0.0022934	4.20178	
0.999754	-1.45836e-05	0.0222012	-1.47411e-05	0.999999	0.0013207	-0.0222012	-0.0013207	0.999753	-0.0559319	-0.00330938	5.04201	
0.999664	-1.99019e-05	0.0259109	-2.0154e-05	0.999999	0.00154565	-0.0259109	-0.00154565	0.999663	-0.0761487	-0.00451382	5.88217	
0.999561	-2.6062e-05	0.0296231	-2.64406e-05	0.999998	0.00177196	-0.0296231	-0.00177197	0.99956	-0.0994842	-0.0059079	6.72225	
0.999444	-3.30703e-05	0.0333376	-3.36115e-05	0.999998	0.00199964	-0.0333376	-0.00199965	0.999442	-0.12594	-0.00749274	7.56223	
0.999313	-4.0933e-05	0.0370543	-4.16777e-05	0.999998	0.00222867	-0.0370543	-0.00222869	0.999311	-0.155519	-0.00926949	8.40211	
0.999168	-4.96561e-05	0.0407731	-5.06498e-05	0.999997	0.00245906	-0.0407731	-0.00245908	0.999165	-0.188223	-0.0112393	9.24188	
0.99901	-5.92459e-05	0.0444939	-6.05386e-05	0.999996	0.0026908	-0.0444939	-0.00269083	0.999006	-0.224052	-0.0134033	10.0815	
0.998837	-6.97083e-05	0.0482167	-7.13547e-05	0.999996	0.00292388	-0.0482167	-0.00292392	0.998833	-0.263009	-0.0157626	10.921	
0.99865	-8.10494e-05	0.0519412	-8.31088e-05	0.999995	0.00315829	-0.0519412	-0.00315835	0.998645	-0.305096	-0.0183184	11.7604	
0.998449	-9.32751e-05	0.0556674	-9.58115e-05	0.999994	0.00339404	-0.0556674	-0.00339411	0.998444	-0.350313	-0.0210718	12.5995	
0.998235	-0.000106391	0.0593952	-0.000109473	0.999993	0.00363111	-0.0593952	-0.0036312	0.998228	-0.398663	-0.0240238	13.4385	
0.998006	-0.000120404	0.0631245	-0.000124105	0.999993	0.00386951	-0.0631245	-0.00386962	0.997998	-0.450146	-0.0271757	14.2774	
0.997763	-0.000135319	0.0668551	-0.000139716	0.999992	0.00410921	-0.0668551	-0.00410936	0.997754	-0.504764	-0.0305285	15.116	
0.997506	-0.000151142	0.070587	-0.000156319	0.999991	0.00435023	-0.070587	-0.00435041	0.997496	-0.562517	-0.0340833	15.9544	
0.997234	-0.000167879	0.07432	-0.000173922	0.999989	0.00459254	-0.07432	-0.00459277	0.997224	-0.623407	-0.0378413	16.7926	
0.996949	-0.000185535	0.0780541	-0.000192536	0.999988	0.00483615	-0.0780541	-0.00483643	0.996937	-0.687435	-0.0418034	17.6305	
0.99665	-0.000204117	0.0817892	-0.000212172	0.999987	0.00508106	-0.0817892	-0.00508139	0.996637	-0.754602	-0.0459709	18.4682	
0.996336	-0.000223629	0.085525	-0.00023284	0.999986	0.00532724	-0.085525	-0.00532764	0.996322	-0.824908	-0.0503448	19.3057	
0.996008	-0.000244077	0.0892616	-0.00025455	0.999984	0.0055747	-0.0892616	-0.00557517	0.995993	-0.898353	-0.0549262	20.1429	
0.995666	-0.000265467	0.0929988	-0.000277312	0.999983	0.00582344	-0.0929988	-0.00582399	0.995649	-0.97494	-0.0597162	20.9798	
0.99531	-0.000287804	0.0967366	-0.000301137	0.999982	0.00607343	-0.0967365	-0.00607408	0.995291	-1.05467	-0.0647158	21.8163	
0.99494	-0.000311093	0.100475	-0.000326033	0.99998	0.00632468	-0.100475	-0.00632544	0.99492	-1.13754	-0.0699261	22.6526	
0.994555	-0.000335341	0.104213	-0.000352013	0.999978	0.00657719	-0.104213	-0.00657806	0.994533	-1.22355	-0.0753481	23.4886	
0.994156	-0.000360551	0.107952	-0.000379084	0.999977	0.00683093	-0.107952	-0.00683194	0.994133	-1.3127	-0.0809831	24.3243	
0.993743	-0.00038673	0.11169	-0.000407257	0.999975	0.00708592	-0.11169	-0.00708707	0.993718	-1.40499	-0.0868319	25.1596	
0.993316	-0.000413882	0.115429	-0.000436543	0.999973	0.00734213	-0.115429	-0.00734344	0.993289	-1.50043	-0.0928956	25.9945	
0.992874	-0.000442012	0.119168	-0.00046695	0.999971	0.00759956	-0.119168	-0.00760105	0.992845	-1.59901	-0.0991753	26.8291	
0.992418	-0.000471127	0.122906	-0.000498489	0.999969	0.00785821	-0.122906	-0.00785989	0.992387	-1.70073	-0.105672	27.6633	
0.991948	-0.000501229	0.126644	-0.000531169	0.999967	0.00811806	-0.126644	-0.00811996	0.991915	-1.80559	-0.112387	28.4971	
0.991464	-0.000532326	0.130382	-0.000564999	0.999965	0.00837911	-0.130382	-0.00838125	0.991428	-1.91359	-0.119321	29.3305	
0.990965	-0.00056442	0.134119	-0.000599989	0.999962	0.00864136	-0.134119	-0.00864375	0.990928	-2.02473	-0.126475	30.1635	
0.990452	-0.000597518	0.137855	-0.00063615	0.99996	0.00890478	-0.137855	-0.00890746	0.990412	-2.13902	-0.13385	30.996	
0.989925	-0.000631624	0.141591	-0.000673489	0.999958	0.00916939	-0.141591	-0.00917237	0.989883	-2.25644	-0.141447	31.8282	
0.989384	-0.000666742	0.145325	-0.000712016	0.999955	0.00943516	-0.145325	-0.00943847	0.989339	-2.377	-0.149267	32.6598	
0.988828	-0.000702877	0.149059	-0.000751741	0.999953	0.00970209	-0.149059	-0.00970576	0.988781	-2.50071	-0.157312	33.4911	
0.988258	-0.000740035	0.152792	-0.000792673	0.99995	0.00997018	-0.152792	-0.00997422	0.988208	-2.62754	-0.165581	34.3218	
0.987674	-0.000778219	0.156524	-0.00083482	0.999947	0.0102394	-0.156523	-0.0102439	0.987621	-2.75752	-0.174077	35.152	
0.987076	-0.000817433	0.160254	-0.000878193	0.999944	0.0105098	-0.160253	-0.0105147	0.98702	-2.89063	-0.1828	35.9818	
0.986463	-0.000857683	0.163983	-0.000922799	0.999941	0.0107813	-0.163982	-0.0107866	0.986404	-3.02687	-0.191751	36.811	
0.985836	-0.000898972	0.16771	-0.000968648	0.999938	0.0110539	-0.16771	-0.0110598	0.985774	-3.16625	-0.20093	37.6397	
0.985195	-0.000941305	0.171436	-0.00101575	0.999935	0.0113276	-0.171435	-0.011334	0.98513	-3.30876	-0.21034	38.4679	
0.98454	-0.000984687	0.17516	-0.00106411	0.999932	0.0116024	-0.175159	-0.0116094	0.984472	-3.4544	-0.219981	39.2956	
0.98387	-0.00102912	0.178882	-0.00111374	0.999929	0.0118783	-0.178882	-0.011886	0.983799	-3.60317	-0.229854	40.1226	
0.983186	-0.00107461	0.182603	-0.00116465	0.999925	0.0121553	-0.182602	-0.0121636	0.983112	-3.75507	-0.23996	40.9491	
0.982488	-0.00112116	0.186321	-0.00121684	0.999922	0.0124334	-0.18632	-0.0124424	0.98241	-3.91009	-0.250299	41.775	
0.981776	-0.00116877	0.190037	-0.00127033	0.999918	0.0127125	-0.190037	-0.0127223	0.981695	-4.06824	-0.260874	42.6004	
0.98105	-0.00121745	0.193751	-0.00132512	0.999915	0.0129927	-0.193751	-0.0130033	0.980965	-4.2295	-0.271683	43.4251	
0.98031	-0.00126721	0.197463	-0.00138122	0.999911	0.013274	-0.197462	-0.0132853	0.98022	-4.39389	-0.28273	44.2492	
0.979555	-0.00131804	0.201172	-0.00143864	0.999907	0.0135563	-0.201171	-0.0135685	0.979462	-4.5614	-0.294014	45.0726	
0.978786	-0.00136995	0.204879	-0.00149739	0.999903	0.0138396	-0.204878	-0.0138528	0.978689	-4.73202	-0.305537	45.8955	
0.978004	-0.00142294	0.208583	-0.00155747	0.999899	0.0141239	-0.208582	-0.0141381	0.977903	-4.90576	-0.317298	46.7176	
0.977207	-0.00147702	0.212285	-0.0016189	0.999895	0.0144092	-0.212284	-0.0144245	0.977102	-5.08261	-0.3293	47.5391	
0.977006	-0.00149136	0.213208	-0.00193937	0.999872	0.0158809	-0.213205	-0.0159292	0.976878	-5.2614	-0.342055	48.3602	
0.976803	-0.00150716	0.214133	-0.00226226	0.999847	0.017357	-0.214127	-0.0174388	0.97665	-5.44097	-0.356076	49.1811	
0.9766	-0.00152443	0.21506	-0.00258756	0.999819	0.0188374	-0.21505	-0.0189531	0.976419	-5.62131	-0.371368	50.0017	
0.976395	-0.00154317	0.215988	-0.00291523	0.999789	0.0203218	-0.215974	-0.0204717	0.976184	-5.80242	-0.387935	50.8222	
0.976189	-0.00156339	0.216918	-0.00324525	0.999757	0.02181	-0.216899	-0.0219947	0.975946	-5.98432	-0.405779	51.6425	
0.975981	-0.00158509	0.217848	-0.00357758	0.999722	0.023302	-0.217825	-0.0235217	0.975704	-6.16699	-0.424905	52.4626	
0.975773	-0.0016083	0.21878	-0.0039122	0.999685	0.0247975	-0.218751	-0.0250527	0.975459	-6.35044	-0.445316	53.2825	
0.975563	-0.001633	0.219713	-0.00424908	0.999645	0.0262964	-0.219678	-0.0265874	0.97521	-6.53467	-0.467016	54.1022	
0.975352	-0.00165921	0.220648	-0.00458819	0.999603	0.0277984	-0.220606	-0.0281256	0.974957	-6.71968	-0.490006	54.9216	
0.97514	-0.00168693	0.221583	-0.0049295	0.999558	0.0293035	-0.221534	-0.0296673	0.974701	-6.90546	-0.514291	55.7409	
0.974927	-0.00171617	0.222519	-0.00527298	0.999511	0.0308113	-0.222463	-0.0312121	0.974441	-7.09203	-0.539872	56.5599	
0.974713	-0.00174693	0.223456	-0.00561859	0.999462	0.0323218	-0.223392	-0.03276	0.974178	-7.27938	-0.566754	57.3787	
0.974497	-0.00177921	0.224393	-0.00596631	0.99941	0.0338348	-0.224321	-0.0343107	0.973911	-7.46751	-0.594937	58.1973	
0.97428	-0.00181303	0.225332	-0.0063161	0.999355	0.0353501	-0.225251	-0.0358641	0.973641	-7.65642	-0.624425	59.0157	
0.974063	-0.00184837	0.226271	-0.00666792	0.999298	0.0368675	-0.22618	-0.03742	0.973366	-7.84612	-0.655219	59.8338	
0.973844	-0.00188525	0.227211	-0.00702174	0.999238	0.0383868	-0.22711	-0.0389782	0.973089	-8.03659	-0.687321	60.6517	
0.973624	-0.00192367	0.228151	-0.00737753	0.999176	0.0399079	-0.22804	-0.0405385	0.972808	-8.22784	-0.720734	61.4694	
0.973403	-0.00196363	0.229091	-0.00773525	0.999111	0.0414306	-0.228969	-0.0421008	0.972523	-8.41988	-0.75546	62.2868	
0.973181	-0.00200512	0.230032	-0.00809486	0.999044	0.0429547	-0.229899	-0.0436648	0.972235	-8.6127	-0.791499	63.104	
0.972958	-0.00204816	0.230973	-0.00845633	0.998974	0.04448	-0.230828	-0.0452304	0.971943	-8.8063	-0.828852	63.921	
0.972734	-0.00209273	0.231915	-0.00881962	0.998902	0.0460064	-0.231757	-0.0467974	0.971648	-9.00067	-0.867523	64.7377	
0.972509	-0.00213884	0.232856	-0.00918469	0.998827	0.0475337	-0.232685	-0.0483657	0.971349	-9.19583	-0.90751	65.5541	
0.972283	-0.00218649	0.233798	-0.0095515	0.99875	0.0490617	-0.233613	-0.049935	0.971047	-9.39177	-0.948817	66.3703	
0.972056	-0.00223567	0.234739	-0.00992002	0.99867	0.0505902	-0.23454	-0.0515051	0.970741	-9.58849	-0.991442	67.1863	
0.971828	-0.00228638	0.235681	-0.0102902	0.998588	0.0521191	-0.235467	-0.053076	0.970432	-9.78599	-1.03539	68.002	
0.971599	-0.00233863	0.236622	-0.010662	0.998503	0.0536481	-0.236393	-0.0546473	0.97012	-9.98427	-1.08065	68.8174	
0.971369	-0.0023924	0.237563	-0.0110354	0.998416	0.0551772	-0.237318	-0.056219	0.969804	-10.1833	-1.12724	69.6325	
0.971139	-0.00244769	0.238503	-0.0114103	0.998326	0.056706	-0.238243	-0.0577908	0.969485	-10.3832	-1.17515	70.4474	
0.975527	-0.00125697	0.219875	-0.0133754	0.997793	0.0650472	-0.219471	-0.0663963	0.973357	-10.5755	-1.22733	71.2638	
0.979555	9.84846e-05	0.201177	-0.0151789	0.997186	0.0734198	-0.200603	-0.0749724	0.9768	-10.752	-1.28674	72.0833	
0.98322	0.00161808	0.182416	-0.01682	0.996505	0.0818201	-0.181647	-0.0835154	0.979811	-10.9126	-1.35334	72.9055	
0.986521	0.00330115	0.163603	-0.018298	0.995752	0.0902445	-0.16261	-0.0920216	0.98239	-11.0573	-1.4271	73.7301	
0.989456	0.00514695	0.144744	-0.0196122	0.994925	0.0986891	-0.143501	-0.100487	0.984535	-11.1859	-1.508	74.5566	
0.992024	0.00715465	0.125848	-0.0207621	0.994026	0.10715	-0.124329	-0.108908	0.986246	-11.2985	-1.59599	75.3848	
0.994224	0.00932339	0.106923	-0.0217471	0.993055	0.115624	-0.105102	-0.117282	0.987521	-11.3949	-1.69104	76.2142	
0.996054	0.0116522	0.0879778	-0.0225668	0.992012	0.124107	-0.085829	-0.125603	0.988361	-11.4751	-1.7931	77.0445	
0.997515	0.01414	0.069021	-0.0232209	0.990898	0.132596	-0.0665178	-0.133869	0.988764	-11.5391	-1.90214	77.8753	
0.998605	0.0167858	0.0500605	-0.023709	0.989713	0.141086	-0.0471773	-0.142076	0.988731	-11.5869	-2.01809	78.7063	
0.999324	0.0195884	0.0311049	-0.024031	0.988459	0.149573	-0.027816	-0.15022	0.988261	-11.6184	-2.14092	79.5371	
0.999672	0.0225465	0.0121625	-0.0241867	0.987134	0.158055	-0.00844242	-0.158298	0.987355	-11.6337	-2.27056	80.3673	
0.999648	0.0256588	-0.00675838	-0.024176	0.98574	0.166528	0.0109349	-0.166306	0.986014	-11.6326	-2.40697	81.1965	
0.999252	0.028924	-0.0256494	-0.0239989	0.984278	0.174986	0.0303074	-0.17424	0.984237	-11.6153	-2.55007	82.0244	
