1	0	0	0	1	0	0	0	1	0	0	0	
0.999995	6.00718e-07	0.00324054	6.00718e-07	1	-0.000370751	-0.00324054	0.000370751	0.999995	-0.00143615	0.00016431	0.886362	
0.999979	2.40431e-06	0.00648672	2.39879e-06	1	-0.000740443	-0.00648672	0.000740443	0.999979	-0.0057471	0.000656772	1.77271	
0.999953	5.41142e-06	0.00973841	5.38932e-06	0.999999	-0.00110906	-0.00973841	0.00110906	0.999952	-0.0129378	0.00147644	2.65905	
0.999916	9.62254e-06	0.0129955	9.56719e-06	0.999999	-0.00147658	-0.0129955	0.00147658	0.999914	-0.0230131	0.00262235	3.54535	
0.999868	1.5038e-05	0.0162579	1.49271e-05	0.999998	-0.00184299	-0.0162579	0.00184299	0.999866	-0.0359776	0.00409352	4.43162	
0.999809	2.16579e-05	0.0195255	2.14636e-05	0.999998	-0.00220826	-0.0195255	0.00220826	0.999807	-0.0518362	0.00588896	5.31784	
0.99974	2.94823e-05	0.0227981	2.91708e-05	0.999997	-0.00257239	-0.0227981	0.00257238	0.999737	-0.0705932	0.00800766	6.204	
0.99966	3.8511e-05	0.0260756	3.80431e-05	0.999996	-0.00293534	-0.0260756	0.00293534	0.999656	-0.0922532	0.0104486	7.0901	
0.999569	4.87436e-05	0.029358	4.80742e-05	0.999995	-0.00329712	-0.029358	0.00329711	0.999564	-0.11682	0.0132107	7.97612	
0.999467	6.01797e-05	0.0326451	5.92578e-05	0.999993	-0.00365769	-0.0326451	0.00365767	0.99946	-0.144299	0.0162929	8.86205	
0.999354	7.28186e-05	0.0359368	7.15876e-05	0.999992	-0.00401703	-0.0359368	0.00401701	0.999346	-0.174693	0.0196942	9.74788	
0.99923	8.66595e-05	0.039233	8.50568e-05	0.99999	-0.00437515	-0.039233	0.00437511	0.999221	-0.208007	0.0234134	10.6336	
0.999095	0.000101701	0.0425335	9.96586e-05	0.999989	-0.004732	-0.0425335	0.00473196	0.999084	-0.244245	0.0274495	11.5192	
0.998949	0.000117943	0.0458383	0.000115386	0.999987	-0.00508759	-0.0458383	0.00508753	0.998936	-0.283409	0.0318014	12.4047	
0.998792	0.000135383	0.0491472	0.000132232	0.999985	-0.00544188	-0.0491472	0.00544181	0.998777	-0.325505	0.0364678	13.2901	
0.998623	0.000154021	0.0524601	0.000150189	0.999983	-0.00579488	-0.0524602	0.00579478	0.998606	-0.370536	0.0414476	14.1753	
0.998443	0.000173854	0.055777	0.000169249	0.999981	-0.00614655	-0.055777	0.00614642	0.998424	-0.418505	0.0467398	15.0603	
0.998252	0.00019488	0.0590976	0.000189405	0.999979	-0.00649688	-0.0590976	0.00649672	0.998231	-0.469415	0.052343	15.9452	
0.99805	0.000217099	0.0624219	0.000210649	0.999977	-0.00684586	-0.0624219	0.00684566	0.998026	-0.52327	0.0582561	16.8299	
0.997836	0.000240507	0.0657497	0.000232972	0.999974	-0.00719348	-0.0657497	0.00719323	0.99781	-0.580074	0.0644779	17.7144	
0.997611	0.000265103	0.069081	0.000256367	0.999972	-0.0075397	-0.069081	0.0075394	0.997583	-0.639828	0.0710071	18.5987	
0.997375	0.000290884	0.0724156	0.000280825	0.999969	-0.00788453	-0.0724156	0.00788417	0.997343	-0.702537	0.0778426	19.4829	
0.997127	0.000317848	0.0757534	0.000306338	0.999966	-0.00822794	-0.0757534	0.00822751	0.997093	-0.768203	0.084983	20.3668	
0.996867	0.000345992	0.0790943	0.000332896	0.999963	-0.00856993	-0.0790943	0.00856941	0.99683	-0.836829	0.0924271	21.2504	
0.996596	0.000375313	0.0824381	0.000360491	0.99996	-0.00891046	-0.0824382	0.00890985	0.996556	-0.908417	0.100174	22.1339	
0.996314	0.000405808	0.0857848	0.000389114	0.999957	-0.00924954	-0.0857849	0.00924883	0.996271	-0.982971	0.108221	23.0171	
0.99602	0.000437474	0.0891343	0.000418756	0.999954	-0.00958715	-0.0891344	0.00958631	0.995973	-1.06049	0.116569	23.9	
0.995714	0.000470309	0.0924863	0.000449407	0.999951	-0.00992326	-0.0924864	0.00992229	0.995665	-1.14098	0.125214	24.7826	
0.995397	0.000504308	0.0958409	0.000481057	0.999947	-0.0102579	-0.095841	0.0102568	0.995344	-1.22445	0.134157	25.665	
0.995068	0.000539467	0.0991979	0.000513698	0.999944	-0.010591	-0.099198	0.0105897	0.995011	-1.31088	0.143396	26.5471	
0.994727	0.000575785	0.102557	0.000547319	0.99994	-0.0109225	-0.102557	0.0109211	0.994667	-1.4003	0.152929	27.4289	
0.994375	0.000613255	0.105918	0.00058191	0.999937	-0.0112526	-0.105919	0.0112509	0.994311	-1.49269	0.162756	28.3104	
0.994011	0.000651876	0.109282	0.000617462	0.999933	-0.011581	-0.109282	0.0115791	0.993943	-1.58806	0.172873	29.1915	
0.993635	0.000691641	0.112647	0.000653963	0.999929	-0.0119079	-0.112647	0.0119058	0.993564	-1.68642	0.183282	30.0724	
0.993247	0.000732549	0.116014	0.000691404	0.999925	-0.0122332	-0.116015	0.0122308	0.993172	-1.78776	0.193978	30.9528	
0.992848	0.000774593	0.119383	0.000729774	0.999921	-0.0125569	-0.119384	0.0125542	0.992769	-1.89208	0.204963	31.833	
0.992437	0.000817769	0.122754	0.000769063	0.999917	-0.012879	-0.122754	0.012876	0.992354	-1.99939	0.216233	32.7128	
0.992014	0.000862073	0.126126	0.000809259	0.999913	-0.0131995	-0.126126	0.0131962	0.991926	-2.10969	0.227788	33.5922	
0.991579	0.000907501	0.129499	0.000850352	0.999908	-0.0135183	-0.129499	0.0135146	0.991487	-2.22298	0.239625	34.4712	
0.991133	0.000954046	0.132873	0.000892331	0.999904	-0.0138355	-0.132874	0.0138314	0.991036	-2.33926	0.251745	35.3498	
0.990674	0.00100171	0.136249	0.000935184	0.999899	-0.0141511	-0.136249	0.0141465	0.990574	-2.45853	0.264144	36.228	
0.990204	0.00105047	0.139625	0.000978901	0.999895	-0.014465	-0.139626	0.0144599	0.990099	-2.58079	0.276822	37.1058	
0.989722	0.00110034	0.143003	0.00102347	0.99989	-0.0147771	-0.143003	0.0147716	0.989612	-2.70605	0.289777	37.9832	
0.989228	0.00115131	0.146381	0.00106888	0.999886	-0.0150876	-0.146382	0.0150816	0.989113	-2.8343	0.303007	38.8601	
0.988722	0.00120337	0.14976	0.00111512	0.999881	-0.0153964	-0.14976	0.0153898	0.988603	-2.96555	0.316512	39.7366	
0.988204	0.00125651	0.153139	0.00116217	0.999876	-0.0157035	-0.15314	0.0156962	0.98808	-3.09979	0.330288	40.6126	
0.987674	0.00131074	0.156519	0.00121003	0.999871	-0.0160088	-0.15652	0.0160009	0.987545	-3.23702	0.344336	41.4882	
0.987132	0.00136604	0.159899	0.00125869	0.999866	-0.0163125	-0.1599	0.0163038	0.986999	-3.37725	0.358653	42.3633	
0.986579	0.00142241	0.163279	0.00130812	0.999861	-0.0166143	-0.16328	0.0166049	0.98644	-3.52048	0.373237	43.2379	
0.986013	0.00147984	0.16666	0.00135832	0.999856	-0.0169144	-0.166661	0.0169042	0.985869	-3.6667	0.388088	44.112	
0.985436	0.00153833	0.17004	0.00140928	0.999851	-0.0172128	-0.170041	0.0172017	0.985287	-3.81592	0.403203	44.9855	
0.984847	0.00159786	0.17342	0.00146099	0.999846	-0.0175093	-0.173421	0.0174974	0.984692	-3.96814	0.418581	45.8586	
0.984245	0.00165845	0.1768	0.00151343	0.99984	-0.0178041	-0.176801	0.0177912	0.984086	-4.12335	0.43422	46.7311	
0.983632	0.00172006	0.180179	0.00156658	0.999835	-0.0180971	-0.180181	0.0180831	0.983467	-4.28156	0.450119	47.6031	
0.983007	0.00178271	0.183558	0.00162045	0.99983	-0.0183882	-0.18356	0.0183732	0.982837	-4.44276	0.466276	48.4745	
0.98237	0.00184638	0.186937	0.001675	0.999824	-0.0186776	-0.186938	0.0186614	0.982194	-4.60696	0.482689	49.3454	
0.981721	0.00191107	0.190314	0.00173024	0.999819	-0.0189651	-0.190316	0.0189478	0.98154	-4.77416	0.499357	50.2157	
0.981061	0.00197677	0.193691	0.00178615	0.999813	-0.0192508	-0.193693	0.0192322	0.980874	-4.94434	0.516278	51.0854	
0.980388	0.00204347	0.197067	0.00184271	0.999807	-0.0195347	-0.197069	0.0195147	0.980195	-5.11752	0.53345	51.9545	
0.979761	0.00210041	0.200161	0.00125516	0.999861	-0.0166359	-0.200168	0.0165505	0.979622	-5.29357	0.549433	52.8231	
0.979122	0.0021481	0.203261	0.000657997	0.999905	-0.0137368	-0.203271	0.0135838	0.979028	-5.47237	0.562788	53.6911	
0.978472	0.00218649	0.206366	5.12302e-05	0.999941	-0.0108375	-0.206378	0.0106147	0.978415	-5.65392	0.573512	54.5586	
0.977811	0.00221551	0.209476	-0.000565149	0.999968	-0.00793806	-0.209487	0.00764354	0.977782	-5.83822	0.581604	55.4256	
0.977139	0.00223513	0.21259	-0.00119114	0.999987	-0.00503875	-0.212598	0.00467033	0.977128	-6.02528	0.587061	56.292	
0.976455	0.00224529	0.215708	-0.00182675	0.999996	-0.00213967	-0.215712	0.00169524	0.976456	-6.2151	0.589883	57.1577	
0.975761	0.00224595	0.218829	-0.00247196	0.999997	0.000759039	-0.218827	-0.00128158	0.975763	-6.40768	0.590066	58.0229	
0.975055	0.00223707	0.221954	-0.00312678	0.999988	0.00365722	-0.221943	-0.00425999	0.97505	-6.60302	0.58761	58.8875	
0.974338	0.00221863	0.225081	-0.0037912	0.999971	0.00655474	-0.22506	-0.00723986	0.974318	-6.80113	0.582513	59.7514	
0.97361	0.00219058	0.22821	-0.00446521	0.999945	0.00945145	-0.228177	-0.010221	0.973566	-7.00199	0.574775	60.6147	
0.97287	0.0021529	0.23134	-0.0051488	0.999911	0.0123472	-0.231293	-0.0132034	0.972795	-7.20562	0.564394	61.4773	
0.972121	0.00210557	0.234472	-0.00584197	0.999867	0.0152419	-0.234409	-0.0161867	0.972003	-7.41201	0.551369	62.3392	
0.97136	0.00204857	0.237605	-0.00654469	0.999814	0.0181354	-0.237523	-0.019171	0.971193	-7.62116	0.535699	63.2004	
0.970588	0.00198189	0.240738	-0.00725694	0.999753	0.0210275	-0.240636	-0.022156	0.970362	-7.83308	0.517383	64.0608	
0.969806	0.00190551	0.24387	-0.00797872	0.999682	0.0239181	-0.243747	-0.0251417	0.969513	-8.04775	0.496422	64.9206	
0.969013	0.00181942	0.247003	-0.00871001	0.999603	0.0268071	-0.246856	-0.0281278	0.968644	-8.26517	0.472814	65.7795	
0.96821	0.00172363	0.250134	-0.00945077	0.999514	0.0296943	-0.249961	-0.0311143	0.967756	-8.48535	0.446559	66.6377	
0.967396	0.00161813	0.253263	-0.010201	0.999417	0.0325796	-0.253063	-0.0341009	0.966849	-8.70829	0.417656	67.4951	
0.966572	0.00150293	0.256391	-0.0109607	0.999311	0.0354629	-0.256161	-0.0370877	0.965922	-8.93396	0.386107	68.3517	
0.965738	0.00137803	0.259516	-0.0117297	0.999196	0.0383441	-0.259255	-0.0400744	0.964977	-9.16239	0.35191	69.2074	
0.964893	0.00124345	0.262639	-0.0125082	0.999072	0.0412229	-0.262344	-0.0430608	0.964013	-9.39355	0.315066	70.0623	
0.964039	0.0010992	0.265759	-0.013296	0.998939	0.0440993	-0.265428	-0.046047	0.96303	-9.62745	0.275575	70.9163	
0.964433	0.00118429	0.264324	-0.0191447	0.997677	0.0653827	-0.263632	-0.0681177	0.962215	-9.86193	0.224977	71.7696	
0.964825	0.00130225	0.26289	-0.0249522	0.995927	0.0866429	-0.261707	-0.0901549	0.960928	-10.0948	0.154831	72.6219	
0.965213	0.00145303	0.261459	-0.0307158	0.99369	0.107869	-0.259653	-0.112148	0.959168	-10.3258	0.06517	73.4729	
0.965599	0.00163655	0.260031	-0.0364326	0.990968	0.129052	-0.257471	-0.134086	0.956938	-10.555	-0.0439608	74.3221	
0.965981	0.00185273	0.258607	-0.0420997	0.987762	0.15018	-0.255164	-0.155958	0.954237	-10.7822	-0.172508	75.1692	
0.966359	0.00210145	0.257187	-0.0477144	0.984073	0.171243	-0.252731	-0.177753	0.951068	-11.0073	-0.320409	76.0136	
0.966734	0.00238259	0.255772	-0.053274	0.979903	0.19223	-0.250173	-0.199462	0.947433	-11.2302	-0.487591	76.855	
0.967105	0.00269602	0.254363	-0.0587756	0.975254	0.213133	-0.247493	-0.221072	0.943331	-11.4508	-0.673971	77.693	
0.967472	0.00304158	0.25296	-0.0642167	0.970128	0.233939	-0.244692	-0.242574	0.938767	-11.6689	-0.879459	78.5271	
0.967835	0.0034191	0.251564	-0.0695945	0.964529	0.254639	-0.24177	-0.263956	0.933742	-11.8845	-1.10395	79.357	
0.968193	0.0038284	0.250176	-0.0749064	0.958458	0.275224	-0.23873	-0.285209	0.928258	-12.0975	-1.34734	80.1823	
0.968546	0.00426928	0.248797	-0.0801497	0.951918	0.295682	-0.235572	-0.306322	0.922319	-12.3077	-1.60951	81.0025	
0.968895	0.00474151	0.247427	-0.085322	0.944914	0.316003	-0.232299	-0.327285	0.915927	-12.515	-1.89032	81.8172	
0.969239	0.00524488	0.246067	-0.0904206	0.937448	0.336178	-0.228912	-0.348087	0.909085	-12.7194	-2.18965	82.626	
0.969577	0.00577912	0.244717	-0.0954431	0.929523	0.356198	-0.225412	-0.368718	0.901796	-12.9208	-2.50734	83.4286	
0.969911	0.00634398	0.243379	-0.100387	0.921145	0.376051	-0.221801	-0.389168	0.894065	-13.119	-2.84323	84.2245	
0.970238	0.00693919	0.242052	-0.10525	0.912317	0.395728	-0.218082	-0.409426	0.885895	-13.314	-3.19717	85.0134	
0.970561	0.00756444	0.240738	-0.110029	0.903043	0.41522	-0.214256	-0.429484	0.87729	-13.5056	-3.56897	85.7948	
