1	0	0	0	1	0	0	0	1	0	0	0	
1	-1.18423e-07	0.000501844	-1.18423e-07	1	0.000471953	-0.000501844	-0.000471953	1	-0.000241037	-0.00022668	0.960606	
0.999999	-4.74021e-07	0.00100403	-4.74037e-07	1	0.000944256	-0.00100403	-0.000944256	0.999999	-0.000964311	-0.00090689	1.92121	
0.999999	-1.06726e-06	0.00150653	-1.06732e-06	0.999999	0.00141689	-0.00150653	-0.00141689	0.999998	-0.00217014	-0.00204095	2.88182	
0.999998	-1.89856e-06	0.00200932	-1.89871e-06	0.999998	0.00188983	-0.00200932	-0.00188983	0.999996	-0.00385881	-0.00362918	3.84242	
0.999997	-2.96829e-06	0.00251238	-2.96861e-06	0.999997	0.00236305	-0.00251238	-0.00236305	0.999994	-0.00603059	-0.00567185	4.80302	
0.999995	-4.27681e-06	0.00301569	-4.27736e-06	0.999996	0.00283654	-0.00301569	-0.00283654	0.999991	-0.00868574	-0.00816923	5.76362	
0.999994	-5.82439e-06	0.00351923	-5.82527e-06	0.999995	0.00331027	-0.00351923	-0.00331027	0.999988	-0.0118245	-0.0111216	6.72422	
0.999992	-7.6113e-06	0.00402297	-7.61262e-06	0.999993	0.00378422	-0.00402297	-0.00378422	0.999985	-0.015447	-0.0145291	7.68481	
0.99999	-9.63774e-06	0.00452689	-9.63962e-06	0.999991	0.00425838	-0.00452689	-0.00425838	0.999981	-0.0195535	-0.0183919	8.6454	
0.999987	-1.19039e-05	0.00503096	-1.19065e-05	0.999989	0.00473271	-0.00503096	-0.00473271	0.999976	-0.0241442	-0.0227104	9.60598	
0.999985	-1.44098e-05	0.00553517	-1.44133e-05	0.999986	0.0052072	-0.00553517	-0.0052072	0.999971	-0.0292192	-0.0274846	10.5666	
0.999982	-1.71557e-05	0.00603949	-1.71602e-05	0.999984	0.00568182	-0.00603949	-0.00568182	0.999966	-0.0347785	-0.0327146	11.5271	
0.999979	-2.01415e-05	0.0065439	-2.01472e-05	0.999981	0.00615656	-0.0065439	-0.00615656	0.99996	-0.0408223	-0.0384006	12.4877	
0.999975	-2.33672e-05	0.00704837	-2.33744e-05	0.999978	0.00663139	-0.00704837	-0.00663139	0.999953	-0.0473507	-0.0445427	13.4483	
0.999971	-2.68329e-05	0.00755289	-2.68416e-05	0.999975	0.00710629	-0.00755289	-0.00710629	0.999946	-0.0543638	-0.0511409	14.4088	
0.999968	-3.05383e-05	0.00805742	-3.05489e-05	0.999971	0.00758125	-0.00805742	-0.00758125	0.999939	-0.0618615	-0.0581954	15.3694	
0.999963	-3.44833e-05	0.00856196	-3.44961e-05	0.999968	0.00805623	-0.00856196	-0.00805623	0.999931	-0.0698438	-0.0657061	16.3299	
0.999959	-3.86679e-05	0.00906646	-3.86831e-05	0.999964	0.00853122	-0.00906646	-0.00853122	0.999923	-0.0783108	-0.0736731	17.2905	
0.999954	-4.30917e-05	0.00957092	-4.31096e-05	0.999959	0.00900619	-0.00957092	-0.00900619	0.999914	-0.0872624	-0.0820964	18.251	
0.999949	-4.77545e-05	0.0100753	-4.77754e-05	0.999955	0.00948113	-0.0100753	-0.00948113	0.999904	-0.0966985	-0.0909759	19.2115	
0.999944	-5.2656e-05	0.0105796	-5.26802e-05	0.99995	0.00995601	-0.0105796	-0.00995601	0.999894	-0.106619	-0.100312	20.172	
0.999939	-5.77958e-05	0.0110838	-5.78236e-05	0.999946	0.0104308	-0.0110838	-0.0104308	0.999884	-0.117024	-0.110103	21.1325	
0.999933	-6.31736e-05	0.0115878	-6.32054e-05	0.999941	0.0109055	-0.0115878	-0.0109055	0.999873	-0.127913	-0.120351	22.093	
0.999927	-6.87889e-05	0.0120917	-6.8825e-05	0.999935	0.0113801	-0.0120917	-0.0113801	0.999862	-0.139287	-0.131055	23.0535	
0.999921	-7.46413e-05	0.0125954	-7.46821e-05	0.99993	0.0118545	-0.0125954	-0.0118545	0.99985	-0.151144	-0.142215	24.014	
0.999914	-8.07301e-05	0.0130989	-8.0776e-05	0.999924	0.0123288	-0.0130989	-0.0123288	0.999838	-0.163485	-0.15383	24.9744	
0.999907	-8.70549e-05	0.0136021	-8.71063e-05	0.999918	0.0128029	-0.0136021	-0.0128029	0.999826	-0.17631	-0.165901	25.9349	
0.999901	-9.36151e-05	0.0141051	-9.36724e-05	0.999912	0.0132768	-0.0141051	-0.0132768	0.999812	-0.189617	-0.178427	26.8953	
0.999893	-0.00010041	0.0146078	-0.000100474	0.999905	0.0137504	-0.0146078	-0.0137504	0.999799	-0.203408	-0.191408	27.8557	
0.999886	-0.000107439	0.0151102	-0.000107509	0.999899	0.0142238	-0.0151102	-0.0142238	0.999785	-0.217682	-0.204844	28.8161	
0.999878	-0.000114701	0.0156123	-0.000114779	0.999892	0.0146969	-0.0156123	-0.0146969	0.99977	-0.232438	-0.218735	29.7765	
0.99987	-0.000122196	0.0161141	-0.000122281	0.999885	0.0151697	-0.0161141	-0.0151698	0.999755	-0.247676	-0.23308	30.7369	
0.999862	-0.000129922	0.0166155	-0.000130016	0.999878	0.0156423	-0.0166155	-0.0156423	0.99974	-0.263397	-0.247879	31.6972	
0.999853	-0.000137879	0.0171165	-0.000137982	0.99987	0.0161144	-0.0171165	-0.0161144	0.999724	-0.279598	-0.263132	32.6576	
0.999845	-0.000146066	0.0176171	-0.000146178	0.999862	0.0165863	-0.0176171	-0.0165863	0.999707	-0.296281	-0.278838	33.6179	
0.999836	-0.000154482	0.0181172	-0.000154604	0.999854	0.0170577	-0.0181172	-0.0170577	0.99969	-0.313444	-0.294998	34.5782	
0.999827	-0.000163126	0.0186169	-0.000163258	0.999846	0.0175288	-0.0186169	-0.0175288	0.999673	-0.331087	-0.31161	35.5385	
0.999817	-0.000171997	0.0191161	-0.00017214	0.999838	0.0179994	-0.0191161	-0.0179994	0.999655	-0.349211	-0.328674	36.4988	
0.999808	-0.000181094	0.0196148	-0.000181249	0.999829	0.0184696	-0.0196148	-0.0184696	0.999637	-0.367813	-0.34619	37.4591	
0.999798	-0.000190416	0.020113	-0.000190583	0.999821	0.0189393	-0.020113	-0.0189393	0.999618	-0.386895	-0.364158	38.4193	
0.999788	-0.000199961	0.0206107	-0.000200141	0.999812	0.0194085	-0.0206106	-0.0194085	0.999599	-0.406454	-0.382576	39.3796	
0.999777	-0.000209729	0.0211077	-0.000209922	0.999802	0.0198772	-0.0211077	-0.0198772	0.99958	-0.426492	-0.401445	40.3398	
0.999767	-0.000219718	0.0216042	-0.000219925	0.999793	0.0203454	-0.0216042	-0.0203454	0.99956	-0.447007	-0.420764	41.3	
0.999756	-0.000229927	0.0221001	-0.000230149	0.999783	0.0208131	-0.0221001	-0.0208131	0.999539	-0.467998	-0.440533	42.2602	
0.999745	-0.000240355	0.0225953	-0.000240592	0.999774	0.0212801	-0.0225953	-0.0212801	0.999518	-0.489465	-0.46075	43.2203	
0.999733	-0.000251	0.0230898	-0.000251253	0.999763	0.0217466	-0.0230898	-0.0217466	0.999497	-0.511408	-0.481416	44.1804	
0.999722	-0.000261861	0.0235837	-0.00026213	0.999753	0.0222125	-0.0235837	-0.0222125	0.999475	-0.533825	-0.50253	45.1405	
0.99971	-0.000272936	0.0240769	-0.000273223	0.999743	0.0226777	-0.0240769	-0.0226777	0.999453	-0.556717	-0.524091	46.1006	
0.999698	-0.000284225	0.0245694	-0.000284529	0.999732	0.0231423	-0.0245694	-0.0231423	0.99943	-0.580082	-0.546098	47.0607	
0.999686	-0.000295725	0.0250611	-0.000296048	0.999721	0.0236062	-0.0250611	-0.0236062	0.999407	-0.603919	-0.568552	48.0208	
0.999673	-0.000307435	0.025552	-0.000307778	0.99971	0.0240694	-0.025552	-0.0240695	0.999384	-0.628229	-0.591451	48.9808	
0.999661	-0.000319353	0.0260422	-0.000319716	0.999699	0.0245319	-0.0260421	-0.024532	0.99936	-0.65301	-0.614794	49.9408	
0.999648	-0.000331478	0.0265315	-0.000331862	0.999688	0.0249937	-0.0265315	-0.0249937	0.999335	-0.678261	-0.638581	50.9008	
0.999635	-0.000343808	0.02702	-0.000344214	0.999676	0.0254547	-0.02702	-0.0254547	0.999311	-0.703982	-0.662812	51.8607	
0.999622	-0.000356342	0.0275076	-0.00035677	0.999664	0.0259149	-0.0275076	-0.0259149	0.999286	-0.730172	-0.687485	52.8207	
0.999608	-0.000369077	0.0279944	-0.000369529	0.999652	0.0263743	-0.0279944	-0.0263744	0.99926	-0.75683	-0.7126	53.7806	
0.999594	-0.000382013	0.0284802	-0.000382488	0.99964	0.0268329	-0.0284802	-0.026833	0.999234	-0.783955	-0.738155	54.7404	
0.99958	-0.000395146	0.0289651	-0.000395647	0.999627	0.0272907	-0.0289651	-0.0272907	0.999208	-0.811546	-0.764151	55.7003	
0.999566	-0.000408475	0.0294491	-0.000409002	0.999615	0.0277476	-0.0294491	-0.0277476	0.999181	-0.839602	-0.790586	56.6601	
0.999552	-0.000421999	0.0299321	-0.000422552	0.999602	0.0282036	-0.0299321	-0.0282036	0.999154	-0.868123	-0.81746	57.6199	
0.999537	-0.000435716	0.0304142	-0.000436296	0.999589	0.0286587	-0.0304142	-0.0286587	0.999126	-0.897108	-0.844771	58.5797	
0.999523	-0.000449622	0.0308952	-0.000450231	0.999576	0.0291129	-0.0308952	-0.0291129	0.999099	-0.926555	-0.872519	59.5395	
0.999499	-0.00047078	0.0316617	-0.000354321	0.999661	0.0260493	-0.0316632	-0.0260474	0.999159	-0.956602	-0.899012	60.4992	
0.999474	-0.000489578	0.0324278	-0.000256032	0.999736	0.0229848	-0.0324305	-0.022981	0.99921	-0.987386	-0.922561	61.4591	
0.999449	-0.000506017	0.0331937	-0.000155367	0.999802	0.0199194	-0.0331972	-0.0199135	0.99925	-1.01891	-0.943163	62.4189	
0.999423	-0.000520097	0.0339593	-5.23277e-05	0.999858	0.0168532	-0.0339632	-0.0168452	0.999281	-1.05116	-0.960819	63.3788	
0.999397	-0.000531822	0.0347245	5.30825e-05	0.999905	0.0137863	-0.0347285	-0.0137761	0.999302	-1.08416	-0.975526	64.3388	
0.99937	-0.000541191	0.0354893	0.000160861	0.999943	0.0107187	-0.0354931	-0.0107062	0.999313	-1.11789	-0.987285	65.2987	
0.999342	-0.000548207	0.0362538	0.000271005	0.999971	0.0076506	-0.036257	-0.00763575	0.999313	-1.15235	-0.996095	66.2587	
0.999314	-0.000552871	0.0370179	0.000383512	0.999989	0.004582	-0.0370201	-0.00456467	0.999304	-1.18754	-1.00195	67.2186	
0.999286	-0.000555186	0.0377816	0.000498378	0.999999	0.00151299	-0.0377824	-0.00149308	0.999285	-1.22347	-1.00486	68.1785	
0.999257	-0.000555153	0.0385449	0.0006156	0.999999	-0.00155636	-0.038544	0.00157893	0.999256	-1.26013	-1.00482	69.1384	
0.999227	-0.000552775	0.0393078	0.000735174	0.999989	-0.00462598	-0.0393048	0.0046513	0.999216	-1.29752	-1.00183	70.0983	
0.999197	-0.000548053	0.0400702	0.000857097	0.99997	-0.00769579	-0.0400648	0.00772395	0.999167	-1.33564	-0.995887	71.0581	
0.999116	-0.00050926	0.0420383	0.00183924	0.999499	-0.0316046	-0.0420012	0.031654	0.998616	-1.37506	-0.976973	72.0177	
0.999031	-0.000423335	0.0440048	0.00286743	0.998455	-0.0554933	-0.0439133	0.0555658	0.997489	-1.41633	-0.935079	72.9765	
0.998943	-0.000290328	0.0459685	0.0039411	0.996839	-0.0793482	-0.0458002	0.0794455	0.995787	-1.45942	-0.870229	73.9339	
0.998851	-0.000110315	0.0479283	0.0050596	0.994652	-0.103155	-0.0476606	0.103279	0.99351	-1.50431	-0.782462	74.8894	
0.998755	0.000116599	0.049883	0.00622231	0.991896	-0.126901	-0.0494935	0.127054	0.99066	-1.55098	-0.671827	75.8425	
0.998656	0.000390284	0.0518315	0.00742855	0.988571	-0.150572	-0.0512979	0.150755	0.987239	-1.59939	-0.538388	76.7925	
0.998553	0.000710581	0.0537728	0.00867763	0.98468	-0.174154	-0.0530727	0.174369	0.983249	-1.64952	-0.382222	77.739	
0.998447	0.00107731	0.0557056	0.00996881	0.980225	-0.197634	-0.0548169	0.197883	0.978692	-1.70134	-0.20342	78.6814	
0.998337	0.00149025	0.0576289	0.0113014	0.975209	-0.220998	-0.0565295	0.221282	0.97357	-1.75483	-0.00208461	79.6191	
0.998224	0.00194917	0.0595415	0.0126745	0.969634	-0.244233	-0.0582095	0.244554	0.967887	-1.80994	0.221669	80.5516	
0.998108	0.00245381	0.0614424	0.0140875	0.963503	-0.267325	-0.0598559	0.267685	0.961646	-1.86665	0.46771	81.4784	
0.997988	0.00300386	0.0633305	0.0155395	0.956821	-0.290261	-0.0614678	0.290661	0.95485	-1.92492	0.735898	82.399	
0.997865	0.00359903	0.0652046	0.0170296	0.949591	-0.313028	-0.0630443	0.31347	0.947503	-1.98473	1.02608	83.3127	
0.99774	0.00423895	0.0670637	0.018557	0.941817	-0.335612	-0.0645844	0.336098	0.93961	-2.04603	1.33808	84.2192	
0.997611	0.00492327	0.0689067	0.0201208	0.933504	-0.358001	-0.0660872	0.358532	0.931175	-2.1088	1.67173	85.1177	
0.997479	0.00565159	0.0707325	0.0217202	0.924657	-0.380182	-0.067552	0.38076	0.922203	-2.17299	2.02683	86.008	
0.997345	0.00642349	0.0725402	0.0233541	0.91528	-0.402141	-0.0689777	0.402768	0.9127	-2.23857	2.40318	86.8893	
0.997208	0.00723852	0.0743286	0.0250217	0.905379	-0.423867	-0.0703637	0.424543	0.902669	-2.3055	2.80056	87.7613	
0.997068	0.00809621	0.0760968	0.026722	0.89496	-0.445346	-0.0717092	0.446074	0.892119	-2.37374	3.21874	88.6234	
0.996925	0.00899607	0.0778436	0.028454	0.884028	-0.466567	-0.0730132	0.467347	0.881054	-2.44325	3.65748	89.4751	
0.99678	0.00993759	0.0795682	0.0302167	0.872591	-0.487517	-0.0742752	0.488351	0.86948	-2.514	4.11653	90.3159	
0.996632	0.0109202	0.0812694	0.0320091	0.860654	-0.508184	-0.0754943	0.509074	0.857406	-2.58594	4.59562	91.1454	
0.996482	0.0119434	0.0829464	0.0338301	0.848224	-0.528556	-0.0766699	0.529502	0.844837	-2.65903	5.09447	91.963	
0.99633	0.0130065	0.0845981	0.0356788	0.83531	-0.548621	-0.0778013	0.549626	0.83178	-2.73322	5.61281	92.7683	
0.996176	0.0141089	0.0862237	0.037554	0.821917	-0.568368	-0.0788878	0.569432	0.818244	-2.80848	6.15032	93.5609	
