1	0	0	0	1	0	0	0	1	0	0	0	
1	-7.03697e-08	0.000602095	-7.03697e-08	1	0.000233749	-0.000602095	-0.000233749	1	-0.000257259	-9.98747e-05	0.854545	
0.999999	-2.83667e-07	0.0012089	-2.83636e-07	1	0.000469273	-0.0012089	-0.000469273	0.999999	-0.00103105	-0.000400257	1.70909	
0.999998	-6.43169e-07	0.00182038	-6.43043e-07	1	0.000706563	-0.00182038	-0.000706563	0.999998	-0.00232537	-0.00090266	2.56363	
0.999997	-1.15216e-06	0.00243652	-1.15184e-06	1	0.000945608	-0.00243652	-0.000945608	0.999997	-0.00414423	-0.00160859	3.41818	
0.999995	-1.81392e-06	0.0030573	-1.81327e-06	0.999999	0.0011864	-0.0030573	-0.0011864	0.999995	-0.00649159	-0.00251954	4.27272	
0.999993	-2.63173e-06	0.0036827	-2.6306e-06	0.999999	0.00142893	-0.0036827	-0.00142893	0.999992	-0.00937141	-0.00363699	5.12726	
0.999991	-3.60888e-06	0.00431269	-3.60706e-06	0.999999	0.00167318	-0.00431269	-0.00167318	0.999989	-0.0127876	-0.00496244	5.9818	
0.999988	-4.74867e-06	0.00494724	-4.74592e-06	0.999998	0.00191915	-0.00494724	-0.00191915	0.999986	-0.0167441	-0.00649734	6.83633	
0.999984	-6.05437e-06	0.00558635	-6.05041e-06	0.999998	0.00216683	-0.00558635	-0.00216683	0.999982	-0.0212449	-0.00824317	7.69086	
0.999981	-7.52928e-06	0.00622997	-7.52379e-06	0.999997	0.00241621	-0.00622997	-0.00241621	0.999978	-0.0262936	-0.0102014	8.54539	
0.999976	-9.17668e-06	0.00687809	-9.16932e-06	0.999996	0.00266727	-0.00687809	-0.00266727	0.999973	-0.0318944	-0.0123734	9.39992	
0.999972	-1.09999e-05	0.00753069	-1.09902e-05	0.999996	0.00292001	-0.00753069	-0.00292001	0.999967	-0.0380508	-0.0147607	10.2544	
0.999966	-1.30021e-05	0.00818774	-1.29897e-05	0.999995	0.00317442	-0.00818774	-0.00317442	0.999961	-0.0447669	-0.0173647	11.109	
0.999961	-1.51867e-05	0.00884922	-1.51711e-05	0.999994	0.00343049	-0.00884922	-0.00343049	0.999955	-0.0520463	-0.0201868	11.9635	
0.999955	-1.75569e-05	0.00951509	-1.75376e-05	0.999993	0.0036882	-0.00951509	-0.0036882	0.999948	-0.0598929	-0.0232284	12.818	
0.999948	-2.0116e-05	0.0101854	-2.00924e-05	0.999992	0.00394755	-0.0101854	-0.00394755	0.99994	-0.0683104	-0.026491	13.6725	
0.999941	-2.28672e-05	0.01086	-2.28388e-05	0.999991	0.00420853	-0.01086	-0.00420853	0.999932	-0.0773024	-0.0299758	14.527	
0.999933	-2.58139e-05	0.0115389	-2.57799e-05	0.99999	0.00447112	-0.0115389	-0.00447112	0.999923	-0.0868729	-0.0336844	15.3814	
0.999925	-2.89593e-05	0.0122221	-2.8919e-05	0.999989	0.00473532	-0.0122221	-0.00473532	0.999914	-0.0970253	-0.0376181	16.2359	
0.999917	-3.23066e-05	0.0129097	-3.22592e-05	0.999987	0.00500112	-0.0129097	-0.00500112	0.999904	-0.107763	-0.0417782	17.0904	
0.999907	-3.58591e-05	0.0136014	-3.58039e-05	0.999986	0.0052685	-0.0136014	-0.0052685	0.999894	-0.119091	-0.0461661	17.9448	
0.999898	-3.962e-05	0.0142974	-3.95561e-05	0.999985	0.00553746	-0.0142974	-0.00553746	0.999882	-0.131011	-0.0507832	18.7993	
0.999888	-4.35926e-05	0.0149976	-4.3519e-05	0.999983	0.00580798	-0.0149976	-0.00580798	0.999871	-0.143528	-0.0556308	19.6537	
0.999877	-4.778e-05	0.015702	-4.76959e-05	0.999982	0.00608005	-0.015702	-0.00608005	0.999858	-0.156645	-0.0607102	20.5082	
0.999865	-5.21855e-05	0.0164106	-5.20898e-05	0.99998	0.00635367	-0.0164106	-0.00635367	0.999845	-0.170366	-0.0660228	21.3626	
0.999853	-5.68123e-05	0.0171232	-5.6704e-05	0.999978	0.00662882	-0.0171232	-0.00662882	0.999831	-0.184694	-0.0715699	22.217	
0.999841	-6.16636e-05	0.01784	-6.15415e-05	0.999976	0.00690549	-0.01784	-0.00690549	0.999817	-0.199633	-0.0773527	23.0714	
0.999828	-6.67425e-05	0.0185608	-6.66054e-05	0.999974	0.00718367	-0.0185608	-0.00718367	0.999802	-0.215186	-0.0833726	23.9258	
0.999814	-7.20523e-05	0.0192857	-7.1899e-05	0.999972	0.00746335	-0.0192857	-0.00746335	0.999786	-0.231357	-0.0896309	24.7801	
0.9998	-7.7596e-05	0.0200146	-7.74252e-05	0.99997	0.00774452	-0.0200146	-0.00774452	0.99977	-0.248149	-0.0961288	25.6345	
0.999785	-8.33768e-05	0.0207475	-8.31872e-05	0.999968	0.00802717	-0.0207475	-0.00802716	0.999753	-0.265566	-0.102868	26.4888	
0.999769	-8.9398e-05	0.0214843	-8.91881e-05	0.999965	0.00831128	-0.0214843	-0.00831128	0.999735	-0.28361	-0.109849	27.3432	
0.999753	-9.56624e-05	0.0222251	-9.54309e-05	0.999963	0.00859685	-0.0222251	-0.00859685	0.999716	-0.302286	-0.117073	28.1975	
0.999736	-0.000102173	0.0229699	-0.000101919	0.999961	0.00888386	-0.0229699	-0.00888386	0.999697	-0.321597	-0.124542	29.0518	
0.999719	-0.000108934	0.0237184	-0.000108654	0.999958	0.00917231	-0.0237185	-0.00917231	0.999677	-0.341545	-0.132257	29.906	
0.999701	-0.000115947	0.0244709	-0.000115641	0.999955	0.00946218	-0.0244709	-0.00946218	0.999656	-0.362135	-0.140219	30.7603	
0.999682	-0.000123216	0.0252272	-0.000122882	0.999952	0.00975346	-0.0252272	-0.00975346	0.999634	-0.38337	-0.148429	31.6145	
0.999662	-0.000130743	0.0259873	-0.000130379	0.99995	0.0100461	-0.0259873	-0.0100461	0.999612	-0.405252	-0.156889	32.4688	
0.999642	-0.000138533	0.0267511	-0.000138137	0.999947	0.0103402	-0.0267511	-0.0103402	0.999589	-0.427786	-0.1656	33.323	
0.999621	-0.000146587	0.0275187	-0.000146157	0.999943	0.0106357	-0.0275187	-0.0106356	0.999565	-0.450974	-0.174562	34.1772	
0.9996	-0.000154908	0.0282901	-0.000154443	0.99994	0.0109325	-0.0282901	-0.0109325	0.99954	-0.47482	-0.183777	35.0313	
0.999578	-0.000163501	0.0290651	-0.000162998	0.999937	0.0112306	-0.0290651	-0.0112306	0.999514	-0.499326	-0.193247	35.8855	
0.999555	-0.000172367	0.0298438	-0.000171824	0.999934	0.0115301	-0.0298438	-0.0115301	0.999488	-0.524496	-0.202972	36.7396	
0.999531	-0.00018151	0.0306261	-0.000180924	0.99993	0.011831	-0.0306261	-0.011831	0.999461	-0.550333	-0.212954	37.5937	
0.999507	-0.000190932	0.031412	-0.000190302	0.999926	0.0121331	-0.031412	-0.0121331	0.999433	-0.57684	-0.223193	38.4477	
0.999481	-0.000200636	0.0322015	-0.00019996	0.999923	0.0124366	-0.0322015	-0.0124366	0.999404	-0.604021	-0.233691	39.3018	
0.999456	-0.000210626	0.0329945	-0.000209901	0.999919	0.0127414	-0.0329945	-0.0127413	0.999374	-0.631877	-0.244449	40.1558	
0.999429	-0.000220904	0.0337911	-0.000220127	0.999915	0.0130474	-0.0337911	-0.0130474	0.999344	-0.660413	-0.255468	41.0098	
0.999402	-0.000231472	0.0345912	-0.000230642	0.999911	0.0133547	-0.0345912	-0.0133547	0.999312	-0.689631	-0.266748	41.8638	
0.999373	-0.000242335	0.0353947	-0.000241447	0.999907	0.0136633	-0.0353947	-0.0136633	0.99928	-0.719534	-0.278293	42.7177	
0.999344	-0.000253493	0.0362016	-0.000252547	0.999902	0.0139731	-0.0362016	-0.0139731	0.999247	-0.750125	-0.290101	43.5716	
0.999315	-0.000264951	0.037012	-0.000263942	0.999898	0.0142842	-0.037012	-0.0142842	0.999213	-0.781407	-0.302174	44.4255	
0.999284	-0.000276711	0.0378257	-0.000275637	0.999893	0.0145965	-0.0378257	-0.0145965	0.999178	-0.813383	-0.314514	45.2794	
0.999253	-0.000288775	0.0386427	-0.000287634	0.999889	0.01491	-0.0386427	-0.01491	0.999142	-0.846056	-0.327122	46.1332	
0.999221	-0.000301147	0.0394631	-0.000299935	0.999884	0.0152247	-0.0394631	-0.0152247	0.999105	-0.879429	-0.339997	46.987	
0.999188	-0.000313829	0.0402868	-0.000312542	0.999879	0.0155406	-0.0402868	-0.0155405	0.999067	-0.913504	-0.353142	47.8408	
0.999154	-0.000326823	0.0411137	-0.000325459	0.999874	0.0158576	-0.0411137	-0.0158576	0.999029	-0.948284	-0.366558	48.6945	
0.99912	-0.000340132	0.0419438	-0.000338688	0.999869	0.0161759	-0.0419438	-0.0161758	0.998989	-0.983772	-0.380245	49.5482	
0.998946	-0.000405415	0.0459044	-0.000364146	0.99986	0.0167548	-0.0459048	-0.0167539	0.998805	-1.02131	-0.394315	50.4018	
0.998756	-0.000473044	0.0498673	-0.000391977	0.99985	0.0173353	-0.049868	-0.0173332	0.998605	-1.06223	-0.408879	51.2553	
0.99855	-0.000543024	0.0538322	-0.000422193	0.999839	0.0179171	-0.0538332	-0.0179139	0.998389	-1.10654	-0.42394	52.1085	
0.998328	-0.000615361	0.0577988	-0.000454802	0.999829	0.0185003	-0.0578003	-0.0184957	0.998157	-1.15424	-0.439496	52.9616	
0.99809	-0.000690061	0.0617671	-0.000489813	0.999818	0.0190848	-0.061769	-0.0190786	0.997908	-1.20532	-0.455551	53.8145	
0.997837	-0.000767128	0.0657368	-0.000527233	0.999806	0.0196704	-0.0657392	-0.0196625	0.997643	-1.2598	-0.472104	54.6671	
0.997567	-0.000846566	0.0697078	-0.00056707	0.999795	0.0202572	-0.0697106	-0.0202474	0.997362	-1.31768	-0.489156	55.5195	
0.997282	-0.00092838	0.0736798	-0.000609329	0.999783	0.020845	-0.0736831	-0.0208332	0.997064	-1.37895	-0.506709	56.3717	
0.99698	-0.00101257	0.0776526	-0.000654015	0.99977	0.0214337	-0.0776564	-0.0214197	0.99675	-1.44361	-0.524763	57.2236	
0.996662	-0.00109915	0.0816261	-0.000701131	0.999757	0.0220232	-0.0816305	-0.022007	0.99642	-1.51167	-0.543318	58.0752	
0.996329	-0.0011881	0.0856001	-0.00075068	0.999744	0.0226136	-0.085605	-0.0225948	0.996073	-1.58312	-0.562375	58.9265	
0.995979	-0.00127945	0.0895743	-0.000802665	0.99973	0.0232046	-0.0895798	-0.0231832	0.99571	-1.65798	-0.581935	59.7776	
0.995614	-0.00137317	0.0935486	-0.000857086	0.999716	0.0237963	-0.0935548	-0.0237721	0.99533	-1.73623	-0.601997	60.6283	
0.995232	-0.00146929	0.0975228	-0.000913943	0.999702	0.0243885	-0.0975296	-0.0243613	0.994934	-1.81787	-0.622563	61.4787	
0.994835	-0.00156779	0.101497	-0.000973235	0.999687	0.0249811	-0.101504	-0.0249509	0.994522	-1.90291	-0.643633	62.3287	
0.994421	-0.00166867	0.10547	-0.00103496	0.999672	0.0255742	-0.105478	-0.0255407	0.994094	-1.99135	-0.665207	63.1784	
0.993992	-0.00177194	0.109443	-0.00109912	0.999657	0.0261675	-0.109452	-0.0261306	0.993649	-2.08318	-0.687285	64.0277	
0.993546	-0.0018776	0.113415	-0.0011657	0.999641	0.0267611	-0.113424	-0.0267206	0.993187	-2.17841	-0.709867	64.8766	
0.993084	-0.00198563	0.117386	-0.0012347	0.999625	0.0273548	-0.117396	-0.0273105	0.99271	-2.27704	-0.732953	65.7252	
0.992607	-0.00209605	0.121355	-0.00130612	0.999609	0.0279485	-0.121366	-0.0279004	0.992216	-2.37905	-0.756543	66.5733	
0.992114	-0.00220883	0.125323	-0.00137995	0.999592	0.0285422	-0.125335	-0.0284901	0.991705	-2.48446	-0.780637	67.4209	
0.991604	-0.00232399	0.12929	-0.00145619	0.999574	0.0291359	-0.129302	-0.0290795	0.991179	-2.59326	-0.805235	68.2682	
0.991079	-0.00244152	0.133254	-0.00153481	0.999557	0.0297293	-0.133268	-0.0296686	0.990636	-2.70545	-0.830336	69.115	
0.990538	-0.0025614	0.137217	-0.00161582	0.999539	0.0303225	-0.137231	-0.0302573	0.990077	-2.82103	-0.855941	69.9613	
0.989981	-0.00268364	0.141177	-0.0016992	0.999521	0.0309153	-0.141192	-0.0308455	0.989502	-2.93999	-0.882049	70.8071	
0.989408	-0.00280824	0.145135	-0.00178494	0.999502	0.0315077	-0.145151	-0.0314331	0.98891	-3.06234	-0.908659	71.6524	
0.986094	-0.00349593	0.16615	-0.00206714	0.999443	0.0332975	-0.166174	-0.0331779	0.985538	-3.19536	-0.936266	72.4961	
0.982334	-0.00422062	0.187089	-0.00238738	0.999382	0.0350807	-0.187122	-0.0349076	0.981716	-3.34632	-0.965358	73.3367	
0.978128	-0.00498195	0.207942	-0.00274552	0.999317	0.0368565	-0.207984	-0.0366213	0.977447	-3.51515	-0.995922	74.1738	
0.97348	-0.00577958	0.228699	-0.0031414	0.999249	0.0386243	-0.228751	-0.0383184	0.972731	-3.70176	-1.02794	75.0071	
0.968391	-0.00661316	0.249351	-0.00357483	0.999178	0.040383	-0.249413	-0.0399979	0.967571	-3.90607	-1.06141	75.8361	
0.962863	-0.00748229	0.269888	-0.00404561	0.999104	0.042132	-0.269962	-0.0416592	0.961969	-4.128	-1.0963	76.6606	
0.956898	-0.00838659	0.290302	-0.00455353	0.999027	0.0438705	-0.290387	-0.0433015	0.955929	-4.36743	-1.1326	77.4801	
0.950501	-0.00932564	0.310582	-0.00509837	0.998947	0.0455976	-0.31068	-0.044924	0.949452	-4.62426	-1.1703	78.2943	
0.943673	-0.010299	0.33072	-0.00567986	0.998864	0.0473126	-0.330832	-0.0465261	0.942542	-4.89837	-1.20937	79.1027	
0.936417	-0.0113062	0.350706	-0.00629775	0.998778	0.0490147	-0.350832	-0.0481068	0.935202	-5.18963	-1.24981	79.905	
0.928738	-0.0123469	0.370532	-0.00695175	0.99869	0.050703	-0.370672	-0.0496657	0.927435	-5.49793	-1.29159	80.7009	
0.920638	-0.0134205	0.390187	-0.00764157	0.998598	0.052377	-0.390343	-0.0512018	0.919245	-5.8231	-1.33469	81.49	
0.912121	-0.0145266	0.409664	-0.00836688	0.998504	0.0540356	-0.409836	-0.0527146	0.910635	-6.16501	-1.37909	82.2719	
0.903191	-0.0156646	0.428953	-0.00912737	0.998407	0.0556783	-0.429142	-0.0542034	0.901609	-6.52349	-1.42477	83.0462	
0.893852	-0.016834	0.448045	-0.00992267	0.998307	0.0573043	-0.448252	-0.0556674	0.892172	-6.89839	-1.47172	83.8127	
