1	0	0	0	1	0	0	0	1	0	0	0	
0.999999	1.23516e-06	-0.0011114	1.23516e-06	0.999998	0.00222271	0.0011114	-0.00222271	0.999997	0.00059864	-0.00119724	1.07727	
0.999998	4.95958e-06	-0.00222709	4.95921e-06	0.99999	0.00445367	0.00222709	-0.00445367	0.999988	0.00239687	-0.00479338	2.15454	
0.999994	1.12013e-05	-0.00334701	1.11997e-05	0.999978	0.00669275	0.00334701	-0.00669275	0.999972	0.00539929	-0.0107973	3.23179	
0.99999	1.99878e-05	-0.00447109	1.9984e-05	0.99996	0.00893982	0.00447109	-0.00893982	0.99995	0.0096104	-0.0192175	4.30902	
0.999984	3.13463e-05	-0.00559928	3.13387e-05	0.999937	0.0111947	0.00559928	-0.0111947	0.999922	0.0150347	-0.0300627	5.38622	
0.999977	4.53035e-05	-0.00673151	4.52902e-05	0.999909	0.0134574	0.00673151	-0.0134574	0.999887	0.0216765	-0.0433413	6.46339	
0.999969	6.18858e-05	-0.00786771	6.18645e-05	0.999876	0.0157277	0.00786771	-0.0157277	0.999845	0.0295402	-0.0590614	7.54052	
0.999959	8.11191e-05	-0.00900783	8.10869e-05	0.999838	0.0180054	0.00900783	-0.0180054	0.999797	0.0386299	-0.0772313	8.6176	
0.999948	0.000103029	-0.0101518	0.000102983	0.999794	0.0202905	0.0101518	-0.0202905	0.999743	0.04895	-0.0978589	9.69463	
0.999936	0.00012764	-0.0112995	0.000127576	0.999745	0.0225828	0.0112995	-0.0225828	0.999681	0.0605045	-0.120952	10.7716	
0.999922	0.000154977	-0.012451	0.000154892	0.99969	0.0248822	0.012451	-0.0248822	0.999613	0.0732974	-0.146518	11.8485	
0.999907	0.000185064	-0.0136061	0.000184953	0.99963	0.0271885	0.0136061	-0.0271885	0.999538	0.0873328	-0.174566	12.9253	
0.999891	0.000217924	-0.0147649	0.000217783	0.999565	0.0295017	0.0147649	-0.0295017	0.999456	0.102614	-0.205101	14.002	
0.999873	0.000253581	-0.0159271	0.000253404	0.999494	0.0318215	0.0159271	-0.0318215	0.999367	0.119146	-0.238132	15.0787	
0.999854	0.000292058	-0.0170928	0.000291839	0.999417	0.0341479	0.0170928	-0.0341479	0.999271	0.136932	-0.273665	16.1552	
0.999833	0.000333377	-0.0182619	0.00033311	0.999334	0.0364808	0.0182619	-0.0364808	0.999167	0.155975	-0.311709	17.2316	
0.999811	0.000377559	-0.0194344	0.000377237	0.999246	0.0388199	0.0194344	-0.0388199	0.999057	0.17628	-0.352268	18.308	
0.999787	0.000424626	-0.0206101	0.000424243	0.999152	0.0411652	0.0206101	-0.0411652	0.99894	0.197849	-0.395351	19.3842	
0.999762	0.000474598	-0.021789	0.000474146	0.999053	0.0435165	0.021789	-0.0435165	0.998815	0.220687	-0.440964	20.4602	
0.999736	0.000527495	-0.022971	0.000526967	0.998947	0.0458738	0.022971	-0.0458738	0.998683	0.244797	-0.489113	21.5361	
0.999708	0.000583339	-0.0241561	0.000582725	0.998836	0.0482368	0.0241562	-0.0482368	0.998544	0.270181	-0.539804	22.6119	
0.999679	0.000642147	-0.0253443	0.000641439	0.998719	0.0506054	0.0253443	-0.0506054	0.998397	0.296844	-0.593044	23.6875	
0.999648	0.000703938	-0.0265353	0.000703127	0.998595	0.0529795	0.0265353	-0.0529795	0.998243	0.324788	-0.648839	24.763	
0.999615	0.000768732	-0.0277292	0.000767807	0.998466	0.055359	0.0277293	-0.055359	0.998081	0.354017	-0.707194	25.8383	
0.999581	0.000836545	-0.028926	0.000835497	0.998331	0.0577438	0.028926	-0.0577437	0.997912	0.384534	-0.768115	26.9134	
0.999546	0.000907394	-0.0301255	0.000906212	0.99819	0.0601336	0.0301255	-0.0601336	0.997736	0.416341	-0.831608	27.9884	
0.999509	0.000981297	-0.0313276	0.000979969	0.998043	0.0625284	0.0313276	-0.0625284	0.997551	0.449442	-0.897679	29.0631	
0.99947	0.00105827	-0.0325324	0.00105678	0.997889	0.064928	0.0325324	-0.064928	0.99736	0.483839	-0.966331	30.1376	
0.99943	0.00113833	-0.0337396	0.00113667	0.99773	0.0673323	0.0337397	-0.0673323	0.99716	0.519536	-1.03757	31.2119	
0.999388	0.00122148	-0.0349494	0.00121965	0.997564	0.0697412	0.0349495	-0.0697412	0.996953	0.556534	-1.1114	32.286	
0.999345	0.00130776	-0.0361616	0.00130573	0.997393	0.0721545	0.0361616	-0.0721545	0.996738	0.594837	-1.18783	33.3599	
0.9993	0.00139716	-0.0373761	0.00139492	0.997215	0.0745721	0.0373762	-0.074572	0.996515	0.634447	-1.26687	34.4336	
0.999254	0.0014897	-0.0385929	0.00148724	0.99703	0.0769938	0.038593	-0.0769938	0.996284	0.675367	-1.34851	35.5069	
0.999206	0.0015854	-0.0398118	0.0015827	0.99684	0.0794196	0.0398119	-0.0794195	0.996046	0.717599	-1.43276	36.5801	
0.999156	0.00168427	-0.041033	0.00168132	0.996643	0.0818493	0.0410331	-0.0818492	0.9958	0.761145	-1.51962	37.653	
0.999105	0.00178632	-0.0422561	0.0017831	0.99644	0.0842827	0.0422563	-0.0842826	0.995546	0.806008	-1.60911	38.7256	
0.999052	0.00189155	-0.0434813	0.00188805	0.996231	0.0867197	0.0434815	-0.0867196	0.995283	0.852189	-1.70121	39.7979	
0.998998	0.00199999	-0.0447084	0.00199619	0.996015	0.0891602	0.0447086	-0.0891601	0.995013	0.899692	-1.79595	40.87	
0.998942	0.00211164	-0.0459374	0.00210752	0.995793	0.091604	0.0459376	-0.0916039	0.994735	0.948517	-1.89331	41.9417	
0.998884	0.00222652	-0.0471682	0.00222206	0.995565	0.0940511	0.0471684	-0.094051	0.994449	0.998667	-1.99332	43.0132	
0.998825	0.00234462	-0.0484007	0.00233981	0.99533	0.0965012	0.048401	-0.0965011	0.994155	1.05014	-2.09595	44.0843	
0.998764	0.00246596	-0.0496349	0.00246078	0.995089	0.0989543	0.0496352	-0.0989541	0.993853	1.10295	-2.20123	45.1551	
0.998702	0.00259055	-0.0508707	0.00258498	0.994841	0.10141	0.050871	-0.10141	0.993543	1.15709	-2.30916	46.2256	
0.998638	0.00271839	-0.052108	0.00271241	0.994587	0.103869	0.0521083	-0.103869	0.993225	1.21256	-2.41973	47.2957	
0.998572	0.00284949	-0.0533468	0.00284308	0.994327	0.10633	0.0533471	-0.10633	0.992899	1.26936	-2.53295	48.3655	
0.998505	0.00298386	-0.0545869	0.002977	0.99406	0.108793	0.0545873	-0.108793	0.992565	1.32749	-2.64882	49.435	
0.998435	0.0031215	-0.0558284	0.00311417	0.993787	0.111259	0.0558288	-0.111259	0.992222	1.38697	-2.76735	50.5041	
0.998365	0.00326242	-0.0570712	0.0032546	0.993507	0.113727	0.0570716	-0.113727	0.991872	1.44778	-2.88853	51.5728	
0.998292	0.00340662	-0.0583151	0.00339829	0.99322	0.116197	0.0583156	-0.116196	0.991513	1.50993	-3.01238	52.6411	
0.998218	0.00355411	-0.0595601	0.00354524	0.992928	0.118668	0.0595607	-0.118668	0.991146	1.57343	-3.13889	53.709	
0.998143	0.00370489	-0.0608062	0.00369545	0.992628	0.121142	0.0608068	-0.121141	0.990771	1.63826	-3.26806	54.7766	
0.998065	0.00385896	-0.0620533	0.00384894	0.992323	0.123617	0.0620539	-0.123616	0.990388	1.70444	-3.39989	55.8437	
0.997986	0.00401632	-0.0633013	0.00400569	0.99201	0.126093	0.063302	-0.126093	0.989997	1.77196	-3.53439	56.9104	
0.997906	0.00417698	-0.0645502	0.00416572	0.991692	0.128571	0.0645509	-0.12857	0.989597	1.84082	-3.67156	57.9767	
0.997823	0.00434093	-0.0657998	0.00432902	0.991366	0.13105	0.0658006	-0.131049	0.98919	1.91104	-3.81141	59.0425	
0.997739	0.00450818	-0.0670501	0.00449559	0.991035	0.13353	0.067051	-0.133529	0.988774	1.9826	-3.95392	60.1079	
0.997654	0.00467873	-0.0683011	0.00466543	0.990696	0.136011	0.068302	-0.13601	0.98835	2.0555	-4.0991	61.1729	
0.997566	0.00485257	-0.0695527	0.00483854	0.990352	0.138492	0.0695537	-0.138492	0.987918	2.12976	-4.24696	62.2374	
0.997478	0.0050297	-0.0708048	0.00501491	0.990001	0.140975	0.0708058	-0.140974	0.987478	2.20536	-4.39749	63.3014	
0.997387	0.00521013	-0.0720573	0.00519455	0.989643	0.143457	0.0720584	-0.143457	0.98703	2.28231	-4.55069	64.3649	
0.997295	0.00539385	-0.0733102	0.00537745	0.989279	0.14594	0.0733114	-0.14594	0.986573	2.36061	-4.70657	65.428	
0.997201	0.00558085	-0.0745634	0.00556361	0.988908	0.148424	0.0745647	-0.148423	0.986109	2.44026	-4.86513	66.4905	
0.997105	0.00577114	-0.0758168	0.00575303	0.988531	0.150907	0.0758182	-0.150907	0.985636	2.52127	-5.02636	67.5526	
0.997008	0.0059647	-0.0770705	0.00594569	0.988148	0.153391	0.0770719	-0.15339	0.985156	2.60362	-5.19026	68.6141	
0.996909	0.00616153	-0.0783242	0.0061416	0.987758	0.155874	0.0783257	-0.155873	0.984667	2.68732	-5.35684	69.6752	
0.996808	0.00636163	-0.0795779	0.00634074	0.987362	0.158357	0.0795796	-0.158356	0.98417	2.77237	-5.5261	70.7357	
0.995171	0.009101	-0.0977351	0.00459698	0.990279	0.139022	0.0980502	-0.1388	0.985455	2.86806	-5.68617	71.7966	
0.993193	0.0114789	-0.115909	0.00249127	0.992811	0.119668	0.11645	-0.119142	0.986025	2.9836	-5.82511	72.8586	
0.990878	0.0134935	-0.134088	2.51417e-05	0.994956	0.10031	0.134765	-0.0993985	0.985879	3.11892	-5.94283	73.9208	
0.988225	0.0151435	-0.152257	-0.00279962	0.996713	0.0809623	0.152982	-0.0795827	0.985019	3.27392	-6.03925	74.9825	
0.985238	0.0164275	-0.170403	-0.00598096	0.998081	0.0616382	0.171089	-0.0597091	0.983445	3.44849	-6.11428	76.0428	
0.981917	0.0173448	-0.188514	-0.00951658	0.999057	0.0423521	0.189071	-0.0397922	0.981157	3.6425	-6.16788	77.1011	
0.978267	0.0178946	-0.206576	-0.0134039	0.999643	0.0231178	0.206916	-0.0198465	0.978157	3.8558	-6.2	78.1565	
0.974289	0.0180765	-0.224576	-0.0176401	0.999837	0.00394945	0.224611	0.000113651	0.974448	4.08825	-6.21063	79.2083	
0.969986	0.0178904	-0.242502	-0.0222222	0.999638	-0.0151392	0.242143	0.0200737	0.970033	4.33968	-6.19976	80.2557	
0.965362	0.0173364	-0.260339	-0.0271467	0.999049	-0.0341342	0.2595	0.0400192	0.964914	4.6099	-6.16739	81.298	
0.960419	0.016415	-0.278076	-0.0324102	0.998067	-0.0530218	0.276668	0.0599357	0.959095	4.89872	-6.11354	82.3344	
0.955161	0.0151267	-0.295699	-0.0380088	0.996695	-0.0717884	0.293636	0.0798086	0.95258	5.20592	-6.03827	83.3642	
0.949593	0.0134726	-0.313195	-0.0439384	0.994934	-0.0904203	0.310391	0.0996238	0.945374	5.53129	-5.94161	84.3866	
0.943718	0.0114538	-0.330553	-0.0501947	0.992784	-0.108904	0.32692	0.119367	0.937483	5.87459	-5.82365	85.4008	
0.93754	0.00907184	-0.347758	-0.0567733	0.990248	-0.127226	0.343213	0.139023	0.928912	6.23557	-5.68446	86.4062	
0.931065	0.00632837	-0.3648	-0.0636693	0.987326	-0.145373	0.359256	0.158578	0.919667	6.61397	-5.52416	87.402	
0.924295	0.00322541	-0.381664	-0.0708778	0.984022	-0.163332	0.375039	0.178019	0.909755	7.00951	-5.34284	88.3874	
0.917238	-0.000234782	-0.39834	-0.0783934	0.980337	-0.18109	0.39055	0.19733	0.899184	7.42191	-5.14065	89.3618	
0.909897	-0.0040497	-0.414815	-0.0862108	0.976275	-0.198634	0.405778	0.216498	0.88796	7.85087	-4.91774	90.3245	
0.902278	-0.00821659	-0.431077	-0.0943243	0.971837	-0.215952	0.420711	0.235509	0.876092	8.29607	-4.67425	91.2747	
0.894386	-0.0127324	-0.447115	-0.102728	0.967028	-0.23303	0.43534	0.25435	0.863589	8.7572	-4.41038	92.2119	
0.886228	-0.0175939	-0.462916	-0.111416	0.961851	-0.249856	0.449652	0.273006	0.850459	9.23392	-4.12631	93.1352	
0.877808	-0.0227975	-0.478469	-0.120381	0.95631	-0.266419	0.463639	0.291464	0.836713	9.72588	-3.82225	94.044	
0.869134	-0.0283395	-0.493764	-0.129618	0.950409	-0.282706	0.477289	0.30971	0.822359	10.2327	-3.49842	94.9377	
0.860212	-0.0342158	-0.508788	-0.13912	0.944151	-0.298705	0.490593	0.327732	0.80741	10.7541	-3.15505	95.8156	
0.851047	-0.0404222	-0.523531	-0.148879	0.937542	-0.314405	0.503541	0.345516	0.791874	11.2896	-2.79239	96.6771	
0.841647	-0.0469542	-0.537982	-0.158889	0.930586	-0.329794	0.516124	0.36305	0.775765	11.8389	-2.4107	97.5215	
0.832019	-0.0538071	-0.552132	-0.169142	0.923288	-0.344862	0.528333	0.38032	0.759092	12.4015	-2.01027	98.3483	
0.822169	-0.0609758	-0.565968	-0.179631	0.915654	-0.359596	0.540158	0.397314	0.741869	12.977	-1.59139	99.1568	
0.812104	-0.0684551	-0.579483	-0.190349	0.90769	-0.373987	0.551592	0.414021	0.724109	13.5651	-1.15435	99.9465	
0.801833	-0.0762398	-0.592665	-0.201287	0.8994	-0.388025	0.562626	0.430427	0.705822	14.1653	-0.699468	100.717	
0.791362	-0.084324	-0.605505	-0.212438	0.890791	-0.401698	0.573251	0.446521	0.687024	14.7772	-0.227084	101.467	
0.780698	-0.092702	-0.617994	-0.223793	0.88187	-0.414997	0.583461	0.462291	0.667728	15.4003	0.262464	102.197	
