1	0	0	0	1	0	0	0	1	0	0	0	
0.999999	-1.35065e-06	0.00105315	-1.35065e-06	0.999997	0.00256496	-0.00105315	-0.00256496	0.999996	-0.000395996	-0.000964451	0.752019	
0.999998	-5.41458e-06	0.00210868	-5.41406e-06	0.999987	0.00513522	-0.00210868	-0.00513522	0.999985	-0.00158488	-0.0038598	1.50403	
0.999995	-1.22095e-05	0.00316657	-1.22074e-05	0.99997	0.00771071	-0.00316657	-0.00771071	0.999965	-0.00356843	-0.00869	2.25603	
0.999991	-2.17529e-05	0.00422678	-2.17477e-05	0.999947	0.0102914	-0.00422678	-0.0102914	0.999938	-0.0063484	-0.015459	3.00802	
0.999986	-3.40622e-05	0.00528928	-3.40517e-05	0.999917	0.0128771	-0.00528928	-0.0128771	0.999903	-0.00992654	-0.0241705	3.75998	
0.99998	-4.91544e-05	0.00635405	-4.9136e-05	0.99988	0.0154679	-0.00635405	-0.0154679	0.99986	-0.0143045	-0.0348285	4.51191	
0.999972	-6.70465e-05	0.00742106	-6.70171e-05	0.999837	0.0180636	-0.00742106	-0.0180636	0.999809	-0.0194841	-0.0474367	5.26381	
0.999964	-8.77553e-05	0.00849028	-8.77111e-05	0.999786	0.0206642	-0.00849028	-0.0206642	0.99975	-0.025467	-0.0619987	6.01566	
0.999954	-0.000111297	0.00956168	-0.000111234	0.999729	0.0232696	-0.00956168	-0.0232696	0.999684	-0.0322547	-0.0785183	6.76747	
0.999943	-0.000137689	0.0106352	-0.000137602	0.999665	0.0258797	-0.0106352	-0.0258797	0.999608	-0.0398489	-0.0969989	7.51923	
0.999931	-0.000166947	0.0117109	-0.00016683	0.999594	0.0284945	-0.0117109	-0.0284945	0.999525	-0.0482513	-0.117444	8.27092	
0.999918	-0.000199086	0.0127887	-0.000198934	0.999516	0.0311139	-0.0127887	-0.0311139	0.999434	-0.0574634	-0.139858	9.02255	
0.999904	-0.000234123	0.0138686	-0.000233929	0.999431	0.0337379	-0.0138686	-0.0337379	0.999334	-0.0674868	-0.164243	9.77411	
0.999888	-0.000272072	0.0149505	-0.00027183	0.999338	0.0363663	-0.0149505	-0.0363663	0.999227	-0.0783231	-0.190602	10.5256	
0.999871	-0.000312951	0.0160344	-0.000312652	0.999239	0.0389991	-0.0160344	-0.0389991	0.999111	-0.0899737	-0.218941	11.277	
0.999853	-0.000356773	0.0171203	-0.00035641	0.999133	0.0416362	-0.0171203	-0.0416362	0.998986	-0.10244	-0.24926	12.0283	
0.999834	-0.000403554	0.0182081	-0.000403118	0.999019	0.0442775	-0.0182081	-0.0442775	0.998853	-0.115724	-0.281565	12.7795	
0.999814	-0.000453309	0.0192979	-0.000452789	0.998898	0.046923	-0.0192979	-0.046923	0.998712	-0.129827	-0.315857	13.5306	
0.999792	-0.000506052	0.0203896	-0.000505439	0.99877	0.0495726	-0.0203896	-0.0495726	0.998562	-0.14475	-0.35214	14.2816	
0.999769	-0.000561797	0.0214831	-0.000561082	0.998635	0.0522263	-0.0214831	-0.0522263	0.998404	-0.160494	-0.390418	15.0325	
0.999745	-0.000620559	0.0225785	-0.000619729	0.998493	0.0548839	-0.0225785	-0.0548839	0.998237	-0.177062	-0.430692	15.7832	
0.999719	-0.000682352	0.0236757	-0.000681396	0.998343	0.0575454	-0.0236757	-0.0575454	0.998062	-0.194454	-0.472967	16.5339	
0.999693	-0.00074719	0.0247747	-0.000746095	0.998185	0.0602107	-0.0247747	-0.0602107	0.997878	-0.212672	-0.517244	17.2844	
0.999665	-0.000815086	0.0258754	-0.00081384	0.998021	0.0628798	-0.0258754	-0.0628797	0.997686	-0.231717	-0.563528	18.0347	
0.999636	-0.000886053	0.0269779	-0.000884642	0.997849	0.0655525	-0.0269779	-0.0655525	0.997484	-0.25159	-0.61182	18.7849	
0.999605	-0.000960105	0.028082	-0.000958515	0.997669	0.0682288	-0.0280821	-0.0682288	0.997274	-0.272293	-0.662123	19.535	
0.999573	-0.00103726	0.0291879	-0.00103547	0.997482	0.0709087	-0.0291879	-0.0709087	0.997056	-0.293827	-0.71444	20.2849	
0.99954	-0.00111752	0.0302953	-0.00111552	0.997288	0.073592	-0.0302954	-0.073592	0.996828	-0.316194	-0.768774	21.0346	
0.999506	-0.0012009	0.0314044	-0.00119868	0.997086	0.0762788	-0.0314045	-0.0762787	0.996592	-0.339394	-0.825127	21.7841	
0.99947	-0.00128742	0.0325151	-0.00128496	0.996876	0.0789688	-0.0325152	-0.0789688	0.996347	-0.363428	-0.883501	22.5335	
0.999433	-0.00137709	0.0336273	-0.00137437	0.996659	0.0816621	-0.0336274	-0.081662	0.996093	-0.388298	-0.9439	23.2827	
0.999395	-0.00146991	0.0347411	-0.00146692	0.996434	0.0843585	-0.0347412	-0.0843585	0.99583	-0.414006	-1.00633	24.0316	
0.999356	-0.00156591	0.0358563	-0.00156262	0.996202	0.0870581	-0.0358564	-0.0870581	0.995558	-0.440551	-1.07078	24.7804	
0.999315	-0.00166509	0.036973	-0.00166149	0.995962	0.0897607	-0.0369732	-0.0897607	0.995277	-0.467936	-1.13727	25.529	
0.999273	-0.00176747	0.0380911	-0.00176353	0.995714	0.0924663	-0.0380913	-0.0924662	0.994987	-0.496161	-1.20578	26.2774	
0.999229	-0.00187305	0.0392107	-0.00186876	0.995459	0.0951747	-0.0392109	-0.0951747	0.994688	-0.525227	-1.27634	27.0255	
0.999184	-0.00198185	0.0403316	-0.00197718	0.995196	0.097886	-0.0403319	-0.0978859	0.99438	-0.555136	-1.34893	27.7734	
0.999138	-0.00209388	0.0414539	-0.00208881	0.994925	0.1006	-0.0414542	-0.1006	0.994063	-0.585888	-1.42357	28.5211	
0.999091	-0.00220914	0.0425775	-0.00220366	0.994646	0.103317	-0.0425778	-0.103317	0.993737	-0.617485	-1.50024	29.2685	
0.999042	-0.00232765	0.0437024	-0.00232173	0.99436	0.106036	-0.0437027	-0.106036	0.993401	-0.649928	-1.57896	30.0157	
0.998992	-0.00244942	0.0448286	-0.00244304	0.994065	0.108758	-0.0448289	-0.108758	0.993057	-0.683217	-1.65972	30.7626	
0.99894	-0.00257446	0.045956	-0.00256759	0.993763	0.111482	-0.0459563	-0.111482	0.992703	-0.717353	-1.74254	31.5093	
0.998887	-0.00270278	0.0470845	-0.00269539	0.993453	0.114209	-0.047085	-0.114209	0.99234	-0.752337	-1.8274	32.2557	
0.998833	-0.00283438	0.0482143	-0.00282645	0.993135	0.116938	-0.0482148	-0.116938	0.991968	-0.788171	-1.91431	33.0018	
0.998777	-0.00296928	0.0493452	-0.00296079	0.992809	0.119669	-0.0493457	-0.119669	0.991587	-0.824855	-2.00328	33.7477	
0.99872	-0.00310749	0.0504773	-0.0030984	0.992476	0.122403	-0.0504778	-0.122402	0.991196	-0.862389	-2.0943	34.4932	
0.998662	-0.00324901	0.0516104	-0.00323931	0.992134	0.125138	-0.051611	-0.125138	0.990796	-0.900776	-2.18738	35.2385	
0.998602	-0.00339385	0.0527446	-0.0033835	0.991784	0.127876	-0.0527452	-0.127875	0.990387	-0.940015	-2.28251	35.9834	
0.998541	-0.00354203	0.0538798	-0.00353101	0.991427	0.130615	-0.0538805	-0.130615	0.989968	-0.980107	-2.37971	36.728	
0.998479	-0.00369355	0.055016	-0.00368182	0.991061	0.133357	-0.0550168	-0.133356	0.98954	-1.02105	-2.47896	37.4723	
0.998415	-0.00384841	0.0561532	-0.00383595	0.990688	0.1361	-0.056154	-0.136099	0.989102	-1.06286	-2.58028	38.2163	
0.998349	-0.00400663	0.0572913	-0.0039934	0.990306	0.138845	-0.0572922	-0.138844	0.988656	-1.10551	-2.68366	38.96	
0.998202	-0.00436334	0.0597842	-0.00429665	0.989574	0.143964	-0.059789	-0.143962	0.987775	-1.14954	-2.79	39.7032	
0.998048	-0.00473303	0.0622754	-0.00461304	0.988814	0.149082	-0.0622844	-0.149078	0.986862	-1.19544	-2.90019	40.4456	
0.997887	-0.0051157	0.0647647	-0.00494256	0.988028	0.154198	-0.0647781	-0.154192	0.985915	-1.24321	-3.01422	41.1874	
0.997721	-0.00551136	0.067252	-0.00528522	0.987214	0.159312	-0.0672702	-0.159305	0.984935	-1.29287	-3.1321	41.9285	
0.997548	-0.00591999	0.0697373	-0.00564102	0.986374	0.164424	-0.0697604	-0.164415	0.983921	-1.34439	-3.25382	42.6688	
0.997369	-0.0063416	0.0722205	-0.00600997	0.985506	0.169534	-0.0722488	-0.169522	0.982875	-1.39779	-3.37938	43.4083	
0.997183	-0.00677618	0.0747014	-0.00639205	0.984611	0.174641	-0.0747352	-0.174627	0.981794	-1.45306	-3.50879	44.1471	
0.996991	-0.00722372	0.07718	-0.00678727	0.98369	0.179745	-0.0772196	-0.179728	0.980681	-1.51019	-3.64203	44.885	
0.996793	-0.00768423	0.0796561	-0.00719562	0.982741	0.184846	-0.0797017	-0.184827	0.979534	-1.5692	-3.77911	45.6221	
0.996588	-0.00815768	0.0821297	-0.00761709	0.981765	0.189944	-0.0821816	-0.189921	0.978354	-1.63007	-3.92002	46.3582	
0.996377	-0.00864408	0.0846006	-0.00805169	0.980763	0.195038	-0.0846591	-0.195012	0.97714	-1.6928	-4.06476	47.0935	
0.99616	-0.00914342	0.0870688	-0.0084994	0.979733	0.200128	-0.0871341	-0.200099	0.975893	-1.7574	-4.21332	47.8279	
0.995937	-0.00965568	0.0895342	-0.00896022	0.978676	0.205213	-0.0896065	-0.205182	0.974613	-1.82385	-4.36571	48.5613	
0.995707	-0.0101809	0.0919967	-0.00943413	0.977593	0.210294	-0.0920762	-0.210259	0.9733	-1.89217	-4.52192	49.2937	
0.995471	-0.0107189	0.0944561	-0.00992113	0.976482	0.21537	-0.0945432	-0.215332	0.971954	-1.96234	-4.68195	50.0252	
0.995229	-0.0112699	0.0969123	-0.0104212	0.975344	0.220442	-0.0970073	-0.2204	0.970574	-2.03436	-4.84579	50.7556	
0.994981	-0.0118338	0.0993654	-0.0109343	0.97418	0.225508	-0.0994684	-0.225462	0.969161	-2.10824	-5.01344	51.4849	
0.994726	-0.0124105	0.101815	-0.0114605	0.972989	0.230568	-0.101926	-0.230519	0.967715	-2.18397	-5.18489	52.2132	
0.994465	-0.013	0.104261	-0.0119997	0.971771	0.235623	-0.104381	-0.23557	0.966236	-2.26154	-5.36015	52.9404	
0.994198	-0.0136024	0.106704	-0.0125519	0.970526	0.240671	-0.106833	-0.240614	0.964724	-2.34096	-5.5392	53.6665	
0.993924	-0.0142176	0.109143	-0.0131171	0.969254	0.245713	-0.109281	-0.245652	0.963178	-2.42222	-5.72204	54.3914	
0.993645	-0.0148456	0.111579	-0.0136953	0.967955	0.250749	-0.111726	-0.250683	0.9616	-2.50532	-5.90867	55.1151	
0.993359	-0.0154864	0.11401	-0.0142865	0.96663	0.255777	-0.114167	-0.255708	0.959989	-2.59026	-6.09908	55.8377	
0.993067	-0.01614	0.116438	-0.0148906	0.965278	0.260799	-0.116604	-0.260725	0.958345	-2.67703	-6.29326	56.559	
0.992769	-0.0168063	0.118862	-0.0155076	0.9639	0.265813	-0.119038	-0.265734	0.956669	-2.76564	-6.49121	57.2791	
0.992464	-0.0174853	0.121281	-0.0161374	0.962495	0.27082	-0.121468	-0.270736	0.954959	-2.85607	-6.69293	57.9979	
0.992154	-0.018177	0.123697	-0.0167802	0.961063	0.275818	-0.123894	-0.27573	0.953217	-2.94833	-6.89841	58.7153	
0.991837	-0.0188814	0.126108	-0.0174358	0.959605	0.280809	-0.126316	-0.280716	0.951443	-3.04241	-7.10764	59.4315	
0.991514	-0.0195985	0.128514	-0.0181042	0.958121	0.285791	-0.128733	-0.285693	0.949635	-3.13831	-7.32062	60.1463	
0.991185	-0.0203281	0.130917	-0.0187854	0.95661	0.290765	-0.131147	-0.290661	0.947796	-3.23603	-7.53733	60.8598	
0.99085	-0.0210704	0.133314	-0.0194793	0.955073	0.295729	-0.133556	-0.29562	0.945924	-3.33556	-7.75778	61.5719	
0.990509	-0.0218253	0.135707	-0.020186	0.95351	0.300685	-0.135961	-0.30057	0.944019	-3.4369	-7.98195	62.2825	
0.990161	-0.0225927	0.138095	-0.0209054	0.951921	0.305631	-0.138361	-0.305511	0.942083	-3.54005	-8.20985	62.9917	
0.989808	-0.0233726	0.140478	-0.0216374	0.950305	0.310567	-0.140756	-0.310441	0.940114	-3.645	-8.44145	63.6994	
0.989448	-0.024165	0.142857	-0.0223821	0.948664	0.315494	-0.143147	-0.315362	0.938113	-3.75175	-8.67676	64.4057	
0.989083	-0.0249699	0.14523	-0.0231394	0.946996	0.32041	-0.145533	-0.320273	0.93608	-3.8603	-8.91577	65.1104	
0.988711	-0.0257872	0.147598	-0.0239092	0.945303	0.325316	-0.147914	-0.325173	0.934015	-3.97064	-9.15846	65.8136	
0.988334	-0.026617	0.149961	-0.0246915	0.943584	0.330211	-0.15029	-0.330062	0.931919	-4.08276	-9.40484	66.5152	
0.98795	-0.0274591	0.152318	-0.0254864	0.941839	0.335096	-0.152661	-0.33494	0.92979	-4.19668	-9.65488	67.2152	
0.98756	-0.0283135	0.15467	-0.0262937	0.940069	0.339969	-0.155027	-0.339807	0.92763	-4.31237	-9.9086	67.9136	
0.987165	-0.0291803	0.157017	-0.0271133	0.938273	0.344831	-0.157387	-0.344663	0.925439	-4.42984	-10.166	68.6104	
0.986763	-0.0300593	0.159358	-0.0279454	0.936452	0.349682	-0.159742	-0.349506	0.923216	-4.54909	-10.427	69.3055	
0.986356	-0.0309505	0.161693	-0.0287898	0.934605	0.35452	-0.162092	-0.354338	0.920962	-4.6701	-10.6916	69.9989	
0.984826	-0.0342772	0.170126	-0.0315183	0.928671	0.369562	-0.170659	-0.369317	0.913499	-4.79522	-10.9637	70.6887	
0.983218	-0.037741	0.178489	-0.0343868	0.922493	0.38448	-0.179166	-0.384165	0.905714	-4.92676	-11.2471	71.3728	
0.981532	-0.0413406	0.186779	-0.0373943	0.916072	0.399267	-0.187609	-0.398877	0.897608	-5.06468	-11.5415	72.0509	
0.979768	-0.0450749	0.194993	-0.0405397	0.909411	0.413918	-0.195986	-0.413449	0.889185	-5.20892	-11.847	72.7227	
