1	0	0	0	1	0	0	0	1	0	0	0	
0.999996	-1.28799e-06	0.00279812	-1.28799e-06	1	0.00092061	-0.00279812	-0.00092061	0.999996	-0.00149233	-0.000490992	1.06667	
0.999984	-5.15883e-06	0.00559995	-5.15883e-06	0.999998	0.00184244	-0.00559995	-0.00184244	0.999983	-0.00597131	-0.00196462	2.13332	
0.999965	-1.16225e-05	0.00840534	-1.16225e-05	0.999996	0.00276544	-0.00840534	-0.00276544	0.999961	-0.0134408	-0.00442216	3.19996	
0.999937	-2.06883e-05	0.0112141	-2.06884e-05	0.999993	0.00368956	-0.0112141	-0.00368956	0.99993	-0.0239045	-0.00786483	4.26657	
0.999902	-3.23655e-05	0.0140262	-3.23656e-05	0.999989	0.00461476	-0.0140262	-0.00461476	0.999891	-0.037366	-0.0122938	5.33314	
0.999858	-4.66626e-05	0.0168414	-4.66626e-05	0.999985	0.00554099	-0.0168414	-0.00554099	0.999843	-0.0538288	-0.0177102	6.39967	
0.999807	-6.35876e-05	0.0196595	-6.35876e-05	0.999979	0.00646819	-0.0196595	-0.00646819	0.999786	-0.0732959	-0.0241151	7.46613	
0.999747	-8.31482e-05	0.0224805	-8.31483e-05	0.999973	0.00739633	-0.0224805	-0.00739633	0.99972	-0.0957706	-0.0315095	8.53254	
0.99968	-0.000105352	0.0253042	-0.000105352	0.999965	0.00832534	-0.0253042	-0.00832534	0.999645	-0.121256	-0.0398944	9.59887	
0.999604	-0.000130204	0.0281304	-0.000130205	0.999957	0.00925519	-0.0281304	-0.00925519	0.999561	-0.149754	-0.0492707	10.6651	
0.999521	-0.000157713	0.0309589	-0.000157713	0.999948	0.0101858	-0.0309589	-0.0101858	0.999469	-0.181269	-0.0596393	11.7313	
0.999429	-0.000187883	0.0337897	-0.000187883	0.999938	0.0111172	-0.0337897	-0.0111172	0.999367	-0.215801	-0.0710009	12.7973	
0.999329	-0.00022072	0.0366227	-0.00022072	0.999927	0.0120493	-0.0366227	-0.0120493	0.999257	-0.253355	-0.0833563	13.8632	
0.999221	-0.000256228	0.0394575	-0.000256229	0.999916	0.012982	-0.0394575	-0.012982	0.999137	-0.293931	-0.0967063	14.9291	
0.999105	-0.000294412	0.0422941	-0.000294413	0.999903	0.0139153	-0.0422941	-0.0139153	0.999008	-0.337532	-0.111052	15.9947	
0.998981	-0.000335277	0.0451324	-0.000335278	0.99989	0.0148491	-0.0451324	-0.0148491	0.998871	-0.384159	-0.126393	17.0603	
0.998849	-0.000378824	0.0479722	-0.000378825	0.999875	0.0157834	-0.0479722	-0.0157834	0.998724	-0.433815	-0.14273	18.1257	
0.998708	-0.000425058	0.0508134	-0.000425059	0.99986	0.0167182	-0.0508134	-0.0167182	0.998568	-0.486501	-0.160064	19.1909	
0.998559	-0.00047398	0.0536558	-0.000473982	0.999844	0.0176534	-0.0536558	-0.0176534	0.998403	-0.542218	-0.178396	20.2559	
0.998403	-0.000525593	0.0564992	-0.000525595	0.999827	0.0185889	-0.0564992	-0.0185889	0.99823	-0.600967	-0.197725	21.3208	
0.998237	-0.000579898	0.0593435	-0.0005799	0.999809	0.0195247	-0.0593435	-0.0195247	0.998047	-0.66275	-0.218052	22.3855	
0.998064	-0.000636896	0.0621886	-0.000636899	0.99979	0.0204608	-0.0621886	-0.0204608	0.997855	-0.727567	-0.239378	23.45	
0.997883	-0.000696589	0.0650344	-0.000696592	0.999771	0.0213971	-0.0650344	-0.0213971	0.997654	-0.795419	-0.261702	24.5142	
0.997693	-0.000758975	0.0678806	-0.000758978	0.99975	0.0223335	-0.0678806	-0.0223335	0.997443	-0.866307	-0.285025	25.5783	
0.997495	-0.000824054	0.0707271	-0.000824058	0.999729	0.0232701	-0.0707271	-0.0232701	0.997224	-0.940231	-0.309347	26.6421	
0.997289	-0.000891826	0.0735738	-0.00089183	0.999707	0.0242067	-0.0735738	-0.0242067	0.996996	-1.01719	-0.334668	27.7057	
0.997075	-0.000962289	0.0764205	-0.000962294	0.999683	0.0251433	-0.0764205	-0.0251433	0.996759	-1.09719	-0.360988	28.769	
0.996853	-0.00103544	0.0792672	-0.00103545	0.999659	0.0260799	-0.0792672	-0.0260799	0.996512	-1.18022	-0.388307	29.8321	
0.996622	-0.00111128	0.0821135	-0.00111129	0.999634	0.0270164	-0.0821135	-0.0270164	0.996257	-1.26629	-0.416625	30.8949	
0.996384	-0.00118981	0.0849595	-0.00118981	0.999609	0.0279527	-0.0849595	-0.0279527	0.995992	-1.3554	-0.445942	31.9575	
0.996137	-0.00127101	0.0878049	-0.00127102	0.999582	0.0288889	-0.0878049	-0.0288889	0.995719	-1.44754	-0.476257	33.0197	
0.995882	-0.00135489	0.0906496	-0.0013549	0.999554	0.0298249	-0.0906496	-0.0298249	0.995436	-1.54271	-0.507571	34.0817	
0.995619	-0.00144145	0.0934934	-0.00144146	0.999526	0.0307606	-0.0934934	-0.0307606	0.995145	-1.64092	-0.539884	35.1433	
0.995348	-0.00153067	0.0963363	-0.00153068	0.999496	0.0316959	-0.0963363	-0.0316959	0.994844	-1.74217	-0.573194	36.2046	
0.995068	-0.00162256	0.099178	-0.00162257	0.999466	0.0326309	-0.099178	-0.0326309	0.994535	-1.84644	-0.607501	37.2656	
0.994781	-0.00171711	0.102018	-0.00171712	0.999435	0.0335654	-0.102018	-0.0335654	0.994216	-1.95375	-0.642806	38.3263	
0.994486	-0.0018143	0.104858	-0.00181432	0.999403	0.0344995	-0.104858	-0.0344995	0.993889	-2.06408	-0.679108	39.3866	
0.994182	-0.00191415	0.107695	-0.00191416	0.99937	0.0354331	-0.107695	-0.0354331	0.993552	-2.17744	-0.716405	40.4466	
0.993871	-0.00201663	0.110531	-0.00201664	0.999337	0.0363661	-0.110531	-0.0363661	0.993207	-2.29383	-0.754698	41.5062	
0.993551	-0.00212174	0.113365	-0.00212175	0.999302	0.0372985	-0.113365	-0.0372985	0.992853	-2.41324	-0.793986	42.5654	
0.993224	-0.00222947	0.116196	-0.00222949	0.999266	0.0382302	-0.116196	-0.0382302	0.99249	-2.53567	-0.834268	43.6243	
0.992888	-0.00233982	0.119026	-0.00233984	0.99923	0.0391612	-0.119026	-0.0391612	0.992119	-2.66112	-0.875543	44.6827	
0.992545	-0.00245277	0.121854	-0.00245279	0.999193	0.0400915	-0.121854	-0.0400915	0.991738	-2.78959	-0.917811	45.7408	
0.992194	-0.00256832	0.124679	-0.00256834	0.999155	0.041021	-0.124679	-0.041021	0.991349	-2.92108	-0.961071	46.7984	
0.991835	-0.00268645	0.127501	-0.00268647	0.999116	0.0419496	-0.127501	-0.0419496	0.990951	-3.05557	-1.00532	47.8557	
0.991468	-0.00280716	0.130321	-0.00280718	0.999076	0.0428773	-0.130321	-0.0428773	0.990544	-3.19308	-1.05056	48.9125	
0.991093	-0.00293043	0.133137	-0.00293046	0.999036	0.0438041	-0.133137	-0.0438041	0.990129	-3.33359	-1.09679	49.9688	
0.990711	-0.00305626	0.135951	-0.00305628	0.998994	0.0447299	-0.135951	-0.0447299	0.989705	-3.4771	-1.14401	51.0247	
0.990321	-0.00318462	0.138762	-0.00318465	0.998952	0.0456546	-0.138762	-0.0456546	0.989273	-3.62362	-1.19222	52.0802	
0.989923	-0.00331552	0.141569	-0.00331555	0.998909	0.0465783	-0.141569	-0.0465783	0.988832	-3.77313	-1.24141	53.1352	
0.989517	-0.00344893	0.144373	-0.00344897	0.998865	0.0475008	-0.144373	-0.0475008	0.988383	-3.92563	-1.29158	54.1897	
0.989104	-0.00358485	0.147173	-0.00358489	0.998821	0.0484222	-0.147173	-0.0484222	0.987925	-4.08112	-1.34274	55.2437	
0.988684	-0.00372326	0.14997	-0.0037233	0.998775	0.0493423	-0.14997	-0.0493423	0.987459	-4.2396	-1.39488	56.2973	
0.988255	-0.00386414	0.152763	-0.00386418	0.998729	0.0502612	-0.152763	-0.0502612	0.986984	-4.40105	-1.44801	57.3503	
0.98782	-0.00400748	0.155551	-0.00400753	0.998681	0.0511787	-0.155551	-0.0511787	0.986501	-4.56549	-1.50211	58.4028	
0.987377	-0.00415327	0.158336	-0.00415332	0.998634	0.0520949	-0.158336	-0.0520949	0.98601	-4.7329	-1.55719	59.4548	
0.986926	-0.0043015	0.161116	-0.00430154	0.998585	0.0530097	-0.161116	-0.0530097	0.985511	-4.90327	-1.61324	60.5063	
0.986468	-0.00445213	0.163892	-0.00445218	0.998535	0.053923	-0.163892	-0.053923	0.985003	-5.07661	-1.67027	61.5573	
0.986003	-0.00460517	0.166663	-0.00460522	0.998485	0.0548348	-0.166663	-0.0548348	0.984488	-5.2529	-1.72828	62.6077	
0.985531	-0.00476058	0.16943	-0.00476064	0.998434	0.0557451	-0.16943	-0.0557451	0.983964	-5.43215	-1.78725	63.6575	
0.985051	-0.00491837	0.172192	-0.00491842	0.998382	0.0566537	-0.172192	-0.0566538	0.983433	-5.61435	-1.8472	64.7068	
0.984564	-0.00507849	0.174948	-0.00507855	0.998329	0.0575608	-0.174948	-0.0575608	0.982894	-5.79949	-1.90811	65.7555	
0.984071	-0.00524095	0.1777	-0.00524101	0.998276	0.0584661	-0.1777	-0.0584662	0.982346	-5.98757	-1.96999	66.8036	
0.98357	-0.00540572	0.180447	-0.00540579	0.998221	0.0593698	-0.180447	-0.0593698	0.981791	-6.17858	-2.03284	67.8512	
0.983062	-0.00557278	0.183188	-0.00557285	0.998166	0.0602716	-0.183188	-0.0602716	0.981229	-6.37252	-2.09665	68.8981	
0.982548	-0.00574211	0.185923	-0.00574218	0.998111	0.0611717	-0.185923	-0.0611717	0.980658	-6.56938	-2.16142	69.9444	
0.982159	-0.00586624	0.187962	-0.00519228	0.998286	0.0582875	-0.187982	-0.0582235	0.980445	-6.7688	-2.2251	70.9904	
0.983049	-0.00564978	0.183255	-0.000321723	0.99947	0.0325397	-0.183342	-0.0320471	0.982527	-6.96685	-2.27324	72.0373	
0.983917	-0.00555892	0.17854	0.0044254	0.999967	0.00674644	-0.178571	-0.00584783	0.98391	-7.15988	-2.29346	73.0862	
0.984762	-0.0055937	0.173819	0.00904571	0.999777	-0.0190739	-0.173674	0.0203556	0.984593	-7.34776	-2.28572	74.1361	
0.985583	-0.00575412	0.169098	0.0135359	0.9989	-0.044903	-0.168653	0.0465445	0.984576	-7.53034	-2.25004	75.1864	
0.986379	-0.00604006	0.164378	0.0178929	0.997336	-0.0707224	-0.163512	0.0727003	0.983859	-7.70751	-2.18643	76.2363	
0.987151	-0.00645131	0.159663	0.0221134	0.995086	-0.0965139	-0.158255	0.0988044	0.982442	-7.87913	-2.09496	77.285	
0.987897	-0.00698758	0.154956	0.0261946	0.992152	-0.122259	-0.152886	0.124838	0.980327	-8.04508	-1.97568	78.3319	
0.988617	-0.00764849	0.150261	0.0301334	0.988537	-0.14794	-0.147407	0.150783	0.977515	-8.20524	-1.82867	79.3762	
0.98931	-0.00843357	0.145582	0.0339272	0.984243	-0.173537	-0.141824	0.176621	0.974008	-8.35951	-1.65404	80.417	
0.989977	-0.00934226	0.140921	0.0375732	0.979272	-0.199034	-0.13614	0.202334	0.969808	-8.50777	-1.45192	81.4538	
0.990616	-0.0103739	0.136281	0.0410688	0.973629	-0.224411	-0.13036	0.227902	0.964918	-8.64991	-1.22245	82.4857	
0.991227	-0.0115278	0.131667	0.0444116	0.967317	-0.249651	-0.124486	0.253308	0.959343	-8.78583	-0.965789	83.512	
0.99181	-0.0128031	0.127082	0.0475991	0.960341	-0.274736	-0.118524	0.278535	0.953085	-8.91545	-0.682122	84.5321	
0.992364	-0.0141989	0.122527	0.0506291	0.952706	-0.299648	-0.112478	0.303563	0.946149	-9.03866	-0.371652	85.545	
0.992888	-0.0157142	0.118008	0.0534994	0.944417	-0.324369	-0.106352	0.328375	0.938541	-9.15537	-0.0345982	86.5503	
0.993383	-0.017348	0.113527	0.056208	0.93548	-0.348881	-0.10015	0.352954	0.930265	-9.26551	0.328799	87.547	
0.993849	-0.019099	0.109087	0.058753	0.925902	-0.373168	-0.0938767	0.377282	0.921328	-9.369	0.718281	88.5346	
0.994284	-0.0209661	0.104692	0.0611326	0.915689	-0.397212	-0.0875368	0.401341	0.911736	-9.46576	1.13357	89.5123	
0.994688	-0.0229478	0.100344	0.063345	0.904848	-0.420996	-0.0811348	0.425116	0.901495	-9.55572	1.57437	90.4794	
0.995062	-0.0250429	0.0960463	0.0653887	0.893388	-0.444502	-0.074675	0.448588	0.890614	-9.63883	2.04038	91.4353	
0.995404	-0.0272497	0.0918027	0.0672623	0.881316	-0.467715	-0.0681621	0.471741	0.879099	-9.71501	2.53125	92.3792	
0.995715	-0.0295668	0.0876159	0.0689643	0.868642	-0.490618	-0.0616008	0.494558	0.866959	-9.78422	3.04664	93.3104	
0.995995	-0.0319925	0.0834887	0.0704937	0.855373	-0.513194	-0.0549956	0.517024	0.854202	-9.84641	3.58618	94.2285	
0.996243	-0.034525	0.0794242	0.0718493	0.84152	-0.535427	-0.0483514	0.539122	0.840839	-9.90153	4.14949	95.1325	
0.996459	-0.0371626	0.0754252	0.0730301	0.827092	-0.557302	-0.0416728	0.560837	0.826877	-9.94955	4.73617	96.022	
0.996642	-0.0399033	0.0714945	0.0740353	0.812099	-0.578803	-0.0349645	0.582153	0.812327	-9.99042	5.3458	96.8963	
0.996794	-0.0427453	0.0676351	0.0748642	0.796553	-0.599915	-0.0282314	0.603055	0.7972	-10.0241	5.97795	97.7548	
0.996913	-0.0456865	0.0638495	0.0755163	0.780465	-0.620622	-0.0214782	0.623528	0.781506	-10.0506	6.63217	98.5968	
0.997	-0.0487249	0.0601405	0.0759909	0.763845	-0.640911	-0.0147097	0.643558	0.765256	-10.0699	7.30799	99.4218	
0.997054	-0.0518582	0.0565108	0.0762879	0.746705	-0.660766	-0.0079308	0.663131	0.748462	-10.082	8.00493	100.229	
0.997076	-0.0550842	0.0529629	0.076407	0.729058	-0.680173	-0.00114623	0.682231	0.731135	-10.0869	8.7225	101.018	
0.997065	-0.0584007	0.0494993	0.076348	0.710917	-0.69912	0.00563915	0.700847	0.713289	-10.0845	9.46018	101.789	
