1	0	0	0	1	0	0	0	1	0	0	0	
1	1.91344e-06	-0.000796525	1.91344e-06	0.999988	0.00480444	0.000796525	-0.00480444	0.999988	0.000381166	-0.0022991	0.957067	
0.999999	7.65876e-06	-0.00159355	7.65882e-06	0.999954	0.00961199	0.00159355	-0.00961199	0.999953	0.00152491	-0.00919788	1.91411	
0.999997	1.72433e-05	-0.00239106	1.72435e-05	0.999896	0.0144225	0.00239106	-0.0144225	0.999893	0.00343169	-0.0206992	2.87111	
0.999995	3.06742e-05	-0.00318901	3.06748e-05	0.999815	0.0192358	0.00318901	-0.0192358	0.99981	0.00610195	-0.0368059	3.82804	
0.999992	4.79582e-05	-0.00398739	4.79594e-05	0.999711	0.0240517	0.00398739	-0.0240517	0.999703	0.00953612	-0.0575205	4.78488	
0.999989	6.91019e-05	-0.00478616	6.9104e-05	0.999583	0.02887	0.00478616	-0.02887	0.999572	0.0137346	-0.0828455	5.74161	
0.999984	9.41118e-05	-0.00558529	9.41151e-05	0.999432	0.0336906	0.00558529	-0.0336906	0.999417	0.0186977	-0.112783	6.69819	
0.99998	0.000122994	-0.00638476	0.000122999	0.999258	0.0385134	0.00638476	-0.0385134	0.999238	0.0244258	-0.147335	7.65462	
0.999974	0.000155754	-0.00718455	0.000155761	0.99906	0.0433381	0.00718455	-0.0433381	0.999035	0.0309192	-0.186504	8.61087	
0.999968	0.000192398	-0.00798461	0.000192407	0.998839	0.0481646	0.00798461	-0.0481646	0.998807	0.0381782	-0.230292	9.56691	
0.999961	0.00023293	-0.00878494	0.000232943	0.998595	0.0529927	0.00878494	-0.0529927	0.998556	0.046203	-0.278699	10.5227	
0.999954	0.000277357	-0.00958549	0.000277374	0.998327	0.0578222	0.00958549	-0.0578222	0.998281	0.054994	-0.331728	11.4783	
0.999946	0.000325683	-0.0103862	0.000325705	0.998035	0.0626531	0.0103862	-0.0626531	0.997981	0.0645512	-0.38938	12.4336	
0.999937	0.000377912	-0.0111872	0.00037794	0.99772	0.067485	0.0111872	-0.067485	0.997658	0.0748748	-0.451656	13.3885	
0.999928	0.00043405	-0.0119882	0.000434084	0.997382	0.072318	0.0119882	-0.072318	0.99731	0.0859651	-0.518556	14.3432	
0.999918	0.000494099	-0.0127894	0.00049414	0.997019	0.0771517	0.0127894	-0.0771517	0.996937	0.0978221	-0.590083	15.2975	
0.999907	0.000558065	-0.0135907	0.000558114	0.996633	0.081986	0.0135907	-0.081986	0.996541	0.110446	-0.666236	16.2515	
0.999896	0.00062595	-0.0143921	0.000626009	0.996224	0.0868208	0.0143921	-0.0868208	0.99612	0.123837	-0.747016	17.205	
0.999884	0.000697759	-0.0151934	0.000697828	0.99579	0.0916559	0.0151934	-0.0916559	0.995675	0.137994	-0.832424	18.1582	
0.999872	0.000773494	-0.0159948	0.000773575	0.995334	0.0964912	0.0159948	-0.0964912	0.995205	0.152919	-0.922459	19.1109	
0.999859	0.000853158	-0.0167962	0.000853252	0.994853	0.101326	0.0167962	-0.101326	0.994711	0.168611	-1.01712	20.0631	
0.999845	0.000936755	-0.0175975	0.000936862	0.994348	0.106161	0.0175975	-0.106161	0.994193	0.18507	-1.11641	21.0149	
0.99983	0.00102429	-0.0183988	0.00102441	0.99382	0.110996	0.0183988	-0.110996	0.993651	0.202295	-1.22033	21.9662	
0.999815	0.00111575	-0.0191999	0.00111589	0.993268	0.11583	0.0191999	-0.11583	0.993083	0.220287	-1.32887	22.9169	
0.999799	0.00121116	-0.020001	0.00121132	0.992693	0.120663	0.020001	-0.120663	0.992492	0.239046	-1.44205	23.8671	
0.999783	0.00131051	-0.0208018	0.00131069	0.992093	0.125496	0.0208018	-0.125496	0.991876	0.258572	-1.55984	24.8167	
0.999766	0.0014138	-0.0216025	0.001414	0.99147	0.130328	0.0216025	-0.130328	0.991236	0.278864	-1.68226	25.7656	
0.999748	0.00152103	-0.022403	0.00152125	0.990823	0.135158	0.022403	-0.135158	0.990571	0.299922	-1.80931	26.714	
0.999729	0.00163221	-0.0232032	0.00163246	0.990152	0.139987	0.0232032	-0.139987	0.989881	0.321747	-1.94097	27.6617	
0.99971	0.00174733	-0.0240032	0.00174761	0.989457	0.144814	0.0240032	-0.144814	0.989168	0.344337	-2.07726	28.6088	
0.999691	0.0018664	-0.0248029	0.0018667	0.988739	0.14964	0.0248029	-0.14964	0.988429	0.367692	-2.21817	29.5551	
0.99967	0.00198942	-0.0256023	0.00198975	0.987996	0.154464	0.0256023	-0.154464	0.987667	0.391813	-2.36369	30.5008	
0.999649	0.00211638	-0.0264013	0.00211675	0.98723	0.159286	0.0264013	-0.159286	0.986879	0.416698	-2.51383	31.4457	
0.999627	0.00224729	-0.0272	0.00224769	0.98644	0.164106	0.0271999	-0.164106	0.986068	0.442348	-2.66859	32.3898	
0.999605	0.00238215	-0.0279982	0.00238258	0.985626	0.168923	0.0279982	-0.168923	0.985231	0.468763	-2.82796	33.3331	
0.999582	0.00252095	-0.028796	0.00252142	0.984789	0.173738	0.028796	-0.173738	0.984371	0.495941	-2.99193	34.2756	
0.999558	0.0026637	-0.0295934	0.00266421	0.983927	0.17855	0.0295934	-0.17855	0.983486	0.523882	-3.16051	35.2173	
0.999534	0.00281039	-0.0303903	0.00281095	0.983042	0.18336	0.0303903	-0.18336	0.982576	0.552587	-3.3337	36.1582	
0.999509	0.00296102	-0.0311867	0.00296163	0.982133	0.188166	0.0311867	-0.188166	0.981642	0.582053	-3.51149	37.0981	
0.999484	0.0031156	-0.0319826	0.00311625	0.9812	0.19297	0.0319825	-0.19297	0.980683	0.612282	-3.69388	38.0372	
0.999457	0.00327412	-0.0327779	0.00327482	0.980243	0.19777	0.0327778	-0.19777	0.9797	0.643272	-3.88086	38.9753	
0.99943	0.00343657	-0.0335726	0.00343733	0.979262	0.202566	0.0335725	-0.202566	0.978693	0.675023	-4.07244	39.9124	
0.999403	0.00360297	-0.0343667	0.00360377	0.978258	0.207359	0.0343666	-0.207359	0.977661	0.707535	-4.2686	40.8486	
0.999375	0.00377329	-0.0351601	0.00377416	0.97723	0.212149	0.03516	-0.212149	0.976605	0.740806	-4.46935	41.7838	
0.999346	0.00394755	-0.0359529	0.00394848	0.976178	0.216934	0.0359528	-0.216934	0.975524	0.774836	-4.67468	42.718	
0.999316	0.00412574	-0.036745	0.00412673	0.975103	0.221715	0.0367449	-0.221715	0.974419	0.809624	-4.88459	43.6511	
0.999286	0.00430785	-0.0375364	0.00430891	0.974004	0.226492	0.0375363	-0.226492	0.97329	0.845171	-5.09907	44.5831	
0.999255	0.00449389	-0.0383271	0.00449501	0.972881	0.231264	0.0383269	-0.231264	0.972136	0.881474	-5.31813	45.5141	
0.999224	0.00468384	-0.0391169	0.00468504	0.971734	0.236032	0.0391168	-0.236032	0.970958	0.918534	-5.54175	46.4439	
0.999192	0.00487771	-0.039906	0.00487898	0.970564	0.240795	0.0399058	-0.240795	0.969755	0.956349	-5.76992	47.3726	
0.999159	0.0050755	-0.0406942	0.00507685	0.96937	0.245553	0.0406941	-0.245553	0.968529	0.994919	-6.00266	48.3002	
0.999125	0.00527719	-0.0414816	0.00527862	0.968152	0.250307	0.0414814	-0.250307	0.967278	1.03424	-6.23995	49.2265	
0.999091	0.00548279	-0.0422681	0.0054843	0.966911	0.255055	0.042268	-0.255055	0.966002	1.07432	-6.48178	50.1517	
0.999057	0.00569228	-0.0430538	0.00569388	0.965646	0.259797	0.0430536	-0.259797	0.964703	1.11515	-6.72816	51.0756	
0.999021	0.00590567	-0.0438384	0.00590736	0.964358	0.264534	0.0438382	-0.264534	0.963379	1.15673	-6.97907	51.9982	
0.998985	0.00612296	-0.0446222	0.00612474	0.963047	0.269265	0.0446219	-0.269266	0.962032	1.19906	-7.23451	52.9196	
0.998949	0.00634412	-0.0454049	0.006346	0.961711	0.273991	0.0454047	-0.273991	0.96066	1.24214	-7.49448	53.8397	
0.998911	0.00656917	-0.0461867	0.00657115	0.960353	0.278711	0.0461864	-0.278711	0.959264	1.28597	-7.75897	54.7585	
0.998873	0.00679809	-0.0469674	0.00680017	0.958971	0.283424	0.0469671	-0.283424	0.957844	1.33055	-8.02797	55.6759	
0.998835	0.00703088	-0.047747	0.00703307	0.957565	0.288131	0.0477467	-0.288131	0.9564	1.37587	-8.30148	56.5919	
0.998795	0.00726753	-0.0485256	0.00726983	0.956136	0.292831	0.0485253	-0.292832	0.954932	1.42194	-8.57949	57.5065	
0.998756	0.00750804	-0.0493031	0.00751046	0.954684	0.297525	0.0493027	-0.297526	0.95344	1.46876	-8.862	58.4198	
0.998605	0.00840444	-0.0521371	0.00790113	0.952366	0.304854	0.0522157	-0.304841	0.950971	1.51734	-9.15025	59.3311	
0.998445	0.00932187	-0.0549615	0.00831432	0.949991	0.312166	0.0551229	-0.312137	0.948436	1.5687	-9.4455	60.24	
0.998277	0.0102603	-0.0577762	0.00875	0.947559	0.31946	0.0580241	-0.319415	0.945837	1.62285	-9.74772	61.1465	
0.9981	0.0112197	-0.0605811	0.00920811	0.945071	0.326735	0.0609193	-0.326672	0.943172	1.67977	-10.0569	62.0505	
0.997915	0.0121999	-0.0633763	0.0096886	0.942526	0.333992	0.0638085	-0.333909	0.940443	1.73945	-10.373	62.9519	
0.997722	0.013201	-0.0661616	0.0101914	0.939925	0.341228	0.0666915	-0.341125	0.937649	1.8019	-10.696	63.8506	
0.99752	0.0142229	-0.068937	0.0107165	0.937268	0.348444	0.0695683	-0.348318	0.934791	1.86711	-11.026	64.7466	
0.997309	0.0152656	-0.0717024	0.0112639	0.934556	0.355639	0.0724389	-0.355489	0.931869	1.93507	-11.3628	65.6399	
0.99709	0.016329	-0.0744578	0.0118334	0.931787	0.362811	0.0753032	-0.362637	0.928883	2.00577	-11.7064	66.5303	
0.996863	0.0174131	-0.0772031	0.012425	0.928964	0.369961	0.0781611	-0.36976	0.925834	2.0792	-12.0569	67.4179	
0.996628	0.0185178	-0.0799383	0.0130387	0.926086	0.377088	0.0810126	-0.376859	0.922721	2.15537	-12.4142	68.3025	
0.996384	0.0196432	-0.0826633	0.0136743	0.923152	0.384191	0.0838576	-0.383932	0.919546	2.23427	-12.7782	69.1841	
0.996132	0.020789	-0.0853781	0.0143319	0.920165	0.391269	0.086696	-0.390979	0.916307	2.31589	-13.1491	70.0626	
0.994761	0.0266242	-0.0986969	0.0161101	0.912593	0.408551	0.100947	-0.408001	0.907384	2.40569	-13.5314	70.9354	
0.993183	0.0327062	-0.111882	0.0181578	0.904702	0.425659	0.115141	-0.424788	0.897941	2.5091	-13.93	71.7993	
0.991398	0.0390317	-0.124925	0.0204738	0.896494	0.442582	0.129269	-0.441333	0.887983	2.62606	-14.3445	72.654	
0.989407	0.045597	-0.137818	0.023057	0.887975	0.459313	0.143323	-0.457625	0.877518	2.75651	-14.7747	73.4989	
0.987212	0.0523983	-0.150556	0.0259057	0.87915	0.47584	0.157294	-0.473655	0.86655	2.90037	-15.2203	74.3335	
0.984813	0.0594318	-0.163129	0.0290184	0.870024	0.492155	0.171176	-0.489414	0.855086	3.05757	-15.6812	75.1574	
0.982212	0.0666935	-0.175532	0.0323932	0.860602	0.508247	0.18496	-0.504893	0.843133	3.228	-16.1571	75.9701	
0.979411	0.0741791	-0.187756	0.0360283	0.850889	0.524109	0.198637	-0.520082	0.830697	3.41157	-16.6476	76.7711	
0.97641	0.0818844	-0.199795	0.0399215	0.840891	0.53973	0.212201	-0.534974	0.817785	3.60818	-17.1525	77.56	
0.973212	0.089805	-0.211642	0.0440706	0.830613	0.555103	0.225644	-0.54956	0.804406	3.81772	-17.6715	78.3364	
0.969819	0.0979363	-0.223291	0.0484733	0.820063	0.570217	0.238958	-0.563831	0.790565	4.04006	-18.2043	79.0996	
0.966233	0.106274	-0.234734	0.053127	0.809245	0.585065	0.252134	-0.57778	0.776273	4.27507	-18.7506	79.8495	
0.962455	0.114813	-0.245965	0.0580291	0.798165	0.599637	0.265166	-0.591397	0.761535	4.52263	-19.3102	80.5854	
0.958488	0.123548	-0.256977	0.0631767	0.786831	0.613927	0.278047	-0.604676	0.746362	4.78259	-19.8825	81.307	
0.954333	0.132474	-0.267765	0.0685669	0.775248	0.627924	0.290768	-0.617609	0.730762	5.0548	-20.4675	82.0139	
0.949995	0.141587	-0.278322	0.0741967	0.763424	0.641622	0.303323	-0.630188	0.714743	5.33911	-21.0646	82.7057	
0.945474	0.150881	-0.288642	0.0800627	0.751364	0.655013	0.315704	-0.642407	0.698315	5.63535	-21.6736	83.3819	
0.940773	0.160351	-0.298719	0.0861617	0.739077	0.668088	0.327905	-0.654258	0.681488	5.94335	-22.2942	84.0422	
0.935896	0.169991	-0.308547	0.0924902	0.726568	0.680841	0.339918	-0.665734	0.66427	6.26294	-22.9259	84.6862	
0.930845	0.179796	-0.318121	0.0990444	0.713846	0.693264	0.351736	-0.676829	0.646672	6.59394	-23.5683	85.3136	
0.925622	0.189761	-0.327436	0.105821	0.700917	0.705349	0.363353	-0.687537	0.628704	6.93615	-24.2213	85.9239	
0.920232	0.199878	-0.336485	0.112815	0.687788	0.717091	0.374761	-0.697851	0.610375	7.28938	-24.8843	86.5169	
0.914676	0.210144	-0.345264	0.120024	0.674469	0.728482	0.385956	-0.707765	0.591698	7.65343	-25.5569	87.0922	
0.908959	0.220551	-0.353768	0.127443	0.660965	0.739516	0.396929	-0.717275	0.572682	8.02809	-26.2389	87.6494	
