1	0	0	0	1	0	0	0	1	0	0	0	
0.999997	-1.80707e-06	0.00248963	-1.80707e-06	0.999999	0.00145167	-0.00248963	-0.00145167	0.999996	-0.00101974	-0.0005946	0.819191	
0.999988	-7.23806e-06	0.0049825	-7.23869e-06	0.999996	0.00290549	-0.0049825	-0.00290549	0.999983	-0.0040803	-0.00237928	1.63837	
0.999972	-1.63076e-05	0.00747855	-1.63101e-05	0.99999	0.00436142	-0.00747855	-0.00436142	0.999963	-0.0091843	-0.00535578	2.45755	
0.99995	-2.90299e-05	0.00997768	-2.90362e-05	0.999983	0.0058194	-0.00997768	-0.0058194	0.999933	-0.0163343	-0.0095258	3.27669	
0.999922	-4.54189e-05	0.0124798	-4.54316e-05	0.999974	0.0072794	-0.0124798	-0.0072794	0.999896	-0.0255328	-0.014891	4.09582	
0.999888	-6.54883e-05	0.014985	-6.55105e-05	0.999962	0.00874137	-0.014985	-0.00874137	0.99985	-0.0367823	-0.0214531	4.91491	
0.999847	-8.92514e-05	0.0174929	-8.92869e-05	0.999948	0.0102053	-0.0174929	-0.0102053	0.999795	-0.0500851	-0.0292135	5.73395	
0.9998	-0.000116721	0.0200037	-0.000116775	0.999932	0.0116711	-0.0200037	-0.0116711	0.999732	-0.0654436	-0.038174	6.55295	
0.999746	-0.00014791	0.0225172	-0.000147987	0.999914	0.0131387	-0.0225172	-0.0131387	0.99966	-0.08286	-0.048336	7.37189	
0.999687	-0.000182831	0.0250333	-0.000182936	0.999893	0.0146081	-0.0250333	-0.0146081	0.99958	-0.102337	-0.059701	8.19078	
0.99962	-0.000221495	0.027552	-0.000221635	0.999871	0.0160793	-0.027552	-0.0160793	0.999491	-0.123875	-0.0722704	9.00959	
0.999548	-0.000263915	0.0300732	-0.000264097	0.999846	0.0175522	-0.0300732	-0.0175522	0.999394	-0.147478	-0.0860458	9.82832	
0.999469	-0.000310101	0.0325969	-0.000310334	0.999819	0.0190268	-0.0325969	-0.0190268	0.999287	-0.173148	-0.101028	10.647	
0.999383	-0.000360065	0.0351228	-0.000360356	0.99979	0.020503	-0.0351228	-0.020503	0.999173	-0.200886	-0.11722	11.4655	
0.999291	-0.000413817	0.0376511	-0.000414176	0.999758	0.0219808	-0.0376511	-0.0219808	0.999049	-0.230693	-0.134621	12.284	
0.999192	-0.000471368	0.0401815	-0.000471805	0.999725	0.0234601	-0.0401815	-0.0234601	0.998917	-0.262573	-0.153233	13.1024	
0.999087	-0.000532728	0.042714	-0.000533252	0.999689	0.0249409	-0.042714	-0.0249409	0.998776	-0.296527	-0.173058	13.9206	
0.998976	-0.000597906	0.0452486	-0.000598529	0.999651	0.0264232	-0.0452486	-0.0264232	0.998626	-0.332556	-0.194097	14.7387	
0.998857	-0.000666913	0.0477852	-0.000667646	0.99961	0.0279069	-0.0477852	-0.0279069	0.998468	-0.370663	-0.21635	15.5567	
0.998733	-0.000739756	0.0503237	-0.000740612	0.999568	0.0293919	-0.0503236	-0.0293919	0.9983	-0.410848	-0.23982	16.3746	
0.998601	-0.000816444	0.0528639	-0.000817437	0.999523	0.0308783	-0.0528639	-0.0308783	0.998124	-0.453113	-0.264506	17.1923	
0.998464	-0.000896986	0.0554059	-0.000898129	0.999476	0.0323659	-0.0554059	-0.032366	0.997939	-0.49746	-0.290411	18.0099	
0.998319	-0.000981391	0.0579496	-0.000982698	0.999426	0.0338548	-0.0579496	-0.0338549	0.997745	-0.54389	-0.317534	18.8273	
0.998168	-0.00106967	0.0604949	-0.00107115	0.999375	0.0353449	-0.0604949	-0.0353449	0.997543	-0.592404	-0.345878	19.6446	
0.99801	-0.00116182	0.0630417	-0.0011635	0.999321	0.0368361	-0.0630416	-0.0368362	0.997331	-0.643004	-0.375444	20.4617	
0.997846	-0.00125785	0.0655899	-0.00125975	0.999264	0.0383284	-0.0655899	-0.0383285	0.99711	-0.695691	-0.406231	21.2786	
0.997675	-0.00135778	0.0681395	-0.0013599	0.999206	0.0398218	-0.0681395	-0.0398219	0.996881	-0.750466	-0.438241	22.0953	
0.997497	-0.0014616	0.0706904	-0.00146397	0.999145	0.0413162	-0.0706903	-0.0413163	0.996642	-0.80733	-0.471475	22.9119	
0.997313	-0.00156933	0.0732425	-0.00157196	0.999082	0.0428116	-0.0732424	-0.0428117	0.996395	-0.866285	-0.505933	23.7282	
0.997122	-0.00168096	0.0757957	-0.00168388	0.999017	0.0443079	-0.0757957	-0.044308	0.996138	-0.92733	-0.541617	24.5444	
0.996924	-0.00179651	0.07835	-0.00179974	0.998949	0.0458051	-0.07835	-0.0458052	0.995873	-0.990468	-0.578527	25.3603	
0.99672	-0.00191598	0.0809053	-0.00191953	0.998879	0.0473031	-0.0809052	-0.0473032	0.995599	-1.0557	-0.616664	26.176	
0.996509	-0.00203938	0.0834615	-0.00204327	0.998806	0.0488019	-0.0834614	-0.0488021	0.995315	-1.12302	-0.656028	26.9914	
0.996291	-0.0021667	0.0860186	-0.00217096	0.998732	0.0503015	-0.0860185	-0.0503017	0.995023	-1.19244	-0.696621	27.8067	
0.996067	-0.00229795	0.0885764	-0.00230261	0.998655	0.0518018	-0.0885763	-0.051802	0.994721	-1.26395	-0.738442	28.6217	
0.995836	-0.00243314	0.0911349	-0.00243822	0.998575	0.0533027	-0.0911348	-0.0533029	0.994411	-1.33756	-0.781493	29.4364	
0.995598	-0.00257227	0.093694	-0.00257778	0.998494	0.0548043	-0.0936939	-0.0548045	0.994092	-1.41327	-0.825773	30.2509	
0.995353	-0.00271534	0.0962537	-0.00272132	0.99841	0.0563064	-0.0962535	-0.0563067	0.993763	-1.49107	-0.871284	31.0651	
0.995102	-0.00286236	0.0988138	-0.00286883	0.998324	0.0578091	-0.0988136	-0.0578094	0.993425	-1.57097	-0.918025	31.8791	
0.994844	-0.00301333	0.101374	-0.00302031	0.998235	0.0593123	-0.101374	-0.0593126	0.993079	-1.65296	-0.965998	32.6927	
0.994579	-0.00316824	0.103935	-0.00317576	0.998144	0.0608159	-0.103935	-0.0608163	0.992723	-1.73706	-1.0152	33.5061	
0.994308	-0.00332711	0.106496	-0.0033352	0.998051	0.0623199	-0.106496	-0.0623203	0.992358	-1.82325	-1.06564	34.3192	
0.994029	-0.00348992	0.109057	-0.00349861	0.997955	0.0638243	-0.109057	-0.0638248	0.991984	-1.91154	-1.11731	35.132	
0.993744	-0.0036567	0.111619	-0.00366601	0.997857	0.065329	-0.111618	-0.0653295	0.991601	-2.00193	-1.17021	35.9444	
0.993453	-0.00382742	0.11418	-0.0038374	0.997757	0.0668339	-0.11418	-0.0668345	0.991209	-2.09441	-1.22434	36.7566	
0.993154	-0.0040021	0.116741	-0.00401276	0.997654	0.0683391	-0.116741	-0.0683397	0.990808	-2.189	-1.27971	37.5684	
0.992849	-0.00418074	0.119303	-0.00419211	0.997549	0.0698445	-0.119302	-0.0698452	0.990398	-2.28568	-1.33631	38.3799	
0.992537	-0.00436333	0.121864	-0.00437545	0.997442	0.07135	-0.121863	-0.0713508	0.989979	-2.38446	-1.39414	39.1911	
0.992219	-0.00454987	0.124424	-0.00456278	0.997332	0.0728556	-0.124424	-0.0728564	0.989551	-2.48534	-1.45321	40.0019	
0.991893	-0.00474037	0.126985	-0.00475409	0.99722	0.0743613	-0.126984	-0.0743622	0.989113	-2.58831	-1.51351	40.8123	
0.991561	-0.00493482	0.129544	-0.00494938	0.997106	0.075867	-0.129544	-0.0758679	0.988667	-2.69339	-1.57504	41.6224	
0.991223	-0.00513321	0.132104	-0.00514866	0.996989	0.0773726	-0.132103	-0.0773736	0.988212	-2.80056	-1.63781	42.4321	
0.990877	-0.00533556	0.134663	-0.00535192	0.99687	0.0788782	-0.134662	-0.0788793	0.987747	-2.90982	-1.70181	43.2415	
0.990525	-0.00554184	0.137221	-0.00555916	0.996748	0.0803836	-0.13722	-0.0803848	0.987273	-3.02119	-1.76704	44.0504	
0.990166	-0.00575208	0.139778	-0.00577038	0.996625	0.0818889	-0.139778	-0.0818902	0.986791	-3.13464	-1.83351	44.859	
0.989801	-0.00596625	0.142335	-0.00598557	0.996499	0.083394	-0.142334	-0.0833954	0.986299	-3.25019	-1.90121	45.6672	
0.989856	-0.00593355	0.141951	-0.00614198	0.996406	0.0844793	-0.141942	-0.0844942	0.986262	-3.36663	-1.96998	46.4751	
0.989911	-0.00590044	0.141567	-0.0062984	0.996312	0.0855677	-0.14155	-0.085596	0.986224	-3.48275	-2.03965	47.2831	
0.989966	-0.0058669	0.141183	-0.00645484	0.996217	0.0866591	-0.141157	-0.0867009	0.986183	-3.59855	-2.11022	48.0909	
0.990021	-0.00583295	0.140799	-0.00661127	0.99612	0.0877535	-0.140765	-0.0878086	0.986141	-3.71402	-2.1817	48.8988	
0.990076	-0.00579857	0.140416	-0.00676766	0.996022	0.0888506	-0.140372	-0.0889191	0.986098	-3.82917	-2.25409	49.7066	
0.99013	-0.00576378	0.140032	-0.00692401	0.995922	0.0899505	-0.13998	-0.0900323	0.986053	-3.944	-2.32738	50.5144	
0.990185	-0.00572858	0.139649	-0.0070803	0.995821	0.0910529	-0.139587	-0.0911479	0.986006	-4.05851	-2.40159	51.3222	
0.990239	-0.00569296	0.139266	-0.00723651	0.995718	0.0921579	-0.139194	-0.0922661	0.985957	-4.1727	-2.47672	52.1299	
0.990293	-0.00565692	0.138883	-0.00739262	0.995614	0.0932652	-0.138802	-0.0933865	0.985907	-4.28657	-2.55276	52.9375	
0.990346	-0.00562048	0.138501	-0.00754861	0.995508	0.0943747	-0.138409	-0.0945092	0.985855	-4.40011	-2.62972	53.7452	
0.9904	-0.00558362	0.138119	-0.00770448	0.995401	0.0954865	-0.138017	-0.0956339	0.985802	-4.51333	-2.70761	54.5527	
0.990453	-0.00554636	0.137737	-0.00786019	0.995292	0.0966002	-0.137624	-0.0967607	0.985747	-4.62623	-2.78641	55.3603	
0.990507	-0.00550868	0.137355	-0.00801574	0.995182	0.097716	-0.137232	-0.0978893	0.98569	-4.73881	-2.86614	56.1678	
0.99056	-0.0054706	0.136974	-0.00817111	0.99507	0.0988335	-0.136839	-0.0990197	0.985632	-4.85107	-2.94679	56.9752	
0.990612	-0.00543212	0.136593	-0.00832629	0.994957	0.0999527	-0.136447	-0.100152	0.985572	-4.96301	-3.02837	57.7826	
0.990665	-0.00539323	0.136213	-0.00848124	0.994843	0.101074	-0.136055	-0.101285	0.98551	-5.07463	-3.11088	58.59	
0.990717	-0.00535395	0.135832	-0.00863597	0.994727	0.102196	-0.135663	-0.10242	0.985447	-5.18592	-3.19431	59.3973	
0.99077	-0.00531426	0.135453	-0.00879046	0.994609	0.10332	-0.135272	-0.103557	0.985382	-5.29689	-3.27868	60.2045	
0.990822	-0.00527418	0.135073	-0.00894468	0.99449	0.104445	-0.13488	-0.104694	0.985315	-5.40755	-3.36398	61.0117	
0.990873	-0.00523371	0.134695	-0.00909862	0.99437	0.105571	-0.134489	-0.105833	0.985247	-5.51788	-3.45021	61.8188	
0.990925	-0.00519284	0.134316	-0.00925227	0.994248	0.106698	-0.134098	-0.106973	0.985177	-5.62789	-3.53738	62.6259	
0.990976	-0.00515159	0.133938	-0.00940561	0.994125	0.107826	-0.133707	-0.108113	0.985106	-5.73758	-3.62547	63.4329	
0.991027	-0.00510995	0.133561	-0.00955863	0.994001	0.108955	-0.133316	-0.109254	0.985033	-5.84696	-3.71451	64.2399	
0.991078	-0.00506792	0.133184	-0.0097113	0.993875	0.110085	-0.132926	-0.110396	0.984959	-5.95601	-3.80448	65.0468	
0.991129	-0.00502552	0.132808	-0.00986363	0.993747	0.111215	-0.132536	-0.111539	0.984882	-6.06474	-3.89538	65.8536	
0.99118	-0.00498273	0.132432	-0.0100156	0.993619	0.112346	-0.132146	-0.112681	0.984805	-6.17315	-3.98722	66.6604	
0.99123	-0.00493957	0.132056	-0.0101672	0.993489	0.113477	-0.131757	-0.113825	0.984725	-6.28125	-4.07999	67.4671	
0.99128	-0.00489604	0.131682	-0.0103183	0.993357	0.114609	-0.131368	-0.114968	0.984644	-6.38902	-4.17371	68.2738	
0.99133	-0.00485214	0.131308	-0.0104691	0.993224	0.11574	-0.13098	-0.116111	0.984562	-6.49648	-4.26836	69.0803	
0.991379	-0.00480787	0.130934	-0.0106194	0.99309	0.116872	-0.130591	-0.117255	0.984478	-6.60362	-4.36394	69.8869	
0.991429	-0.00476324	0.130561	-0.0107693	0.992955	0.118003	-0.130204	-0.118398	0.984393	-6.71044	-4.46046	70.6933	
0.993869	-0.00238394	0.110538	-0.0104549	0.993261	0.115423	-0.110068	-0.115871	0.987147	-6.80885	-4.55642	71.5009	
0.9959	-5.6448e-05	0.0904625	-0.0101932	0.993561	0.112836	-0.0898864	-0.113296	0.989487	-6.89076	-4.65029	72.3105	
0.99752	0.00221825	0.0703439	-0.00998437	0.993854	0.110244	-0.069667	-0.110673	0.991412	-6.95611	-4.74203	73.1219	
0.99873	0.00443919	0.0501904	-0.00982852	0.994141	0.107647	-0.0494185	-0.108004	0.992921	-7.00489	-4.83161	73.9347	
0.999528	0.00660545	0.0300105	-0.0097257	0.99442	0.105047	-0.0291492	-0.105289	0.994014	-7.03707	-4.91897	74.7486	
0.999914	0.00871613	0.00981269	-0.00967595	0.994692	0.102444	-0.00886769	-0.10253	0.99469	-7.05265	-5.0041	75.5632	
0.999888	0.0107703	-0.0103947	-0.00967928	0.994956	0.0998404	0.0114175	-0.0997286	0.994949	-7.0516	-5.08694	76.3781	
0.99945	0.0127672	-0.030603	-0.00973571	0.995214	0.0972364	0.031698	-0.096885	0.994791	-7.03394	-5.16748	77.1932	
0.9986	0.0147059	-0.0508039	-0.0098452	0.995464	0.0946334	0.0519651	-0.0940008	0.994215	-6.99967	-5.24567	78.0079	
0.997339	0.0165856	-0.0709889	-0.0100077	0.995706	0.0920324	0.0722105	-0.0910771	0.993222	-6.94881	-5.32148	78.822	
0.995667	0.0184055	-0.0911495	-0.0102232	0.99594	0.0894346	0.0924256	-0.0881153	0.991813	-6.88137	-5.39488	79.635	
0.993585	0.0201649	-0.111277	-0.0104915	0.996167	0.086841	0.112602	-0.0851165	0.989988	-6.79739	-5.46583	80.4468	
