1	0	0	0	1	0	0	0	1	0	0	0	
1	1.2096e-08	8.94016e-05	1.2096e-08	1	-0.000270599	-8.94016e-05	0.000270599	1	-3.26677e-05	9.88778e-05	0.730808	
1	4.89383e-08	0.00017982	4.8944e-08	1	-0.000544336	-0.00017982	0.000544336	1	-0.000131042	0.000396658	1.46162	
1	1.11365e-07	0.000271251	1.11388e-07	1	-0.000821206	-0.000271251	0.000821206	1	-0.000295865	0.000895633	2.19242	
1	2.00221e-07	0.000363693	2.00278e-07	0.999999	-0.0011012	-0.000363693	0.0011012	0.999999	-0.000527876	0.00159809	2.92323	
1	3.16356e-07	0.000457143	3.16472e-07	0.999999	-0.00138431	-0.000457143	0.00138431	0.999999	-0.000827813	0.0025063	3.65404	
1	4.60627e-07	0.000551597	4.60833e-07	0.999999	-0.00167053	-0.000551597	0.00167053	0.999998	-0.00119641	0.00362255	4.38485	
1	6.33899e-07	0.000647053	6.34231e-07	0.999998	-0.00195985	-0.000647053	0.00195985	0.999998	-0.0016344	0.00494911	5.11565	
1	8.37038e-07	0.000743508	8.37542e-07	0.999997	-0.00225227	-0.000743508	0.00225227	0.999997	-0.00214252	0.00648823	5.84646	
1	1.07092e-06	0.000840958	1.07165e-06	0.999997	-0.00254777	-0.000840958	0.00254777	0.999996	-0.00272149	0.00824219	6.57727	
1	1.33643e-06	0.000939401	1.33744e-06	0.999996	-0.00284635	-0.000939401	0.00284635	0.999996	-0.00337204	0.0102132	7.30807	
0.999999	1.63445e-06	0.00103883	1.63581e-06	0.999995	-0.003148	-0.00103883	0.003148	0.999995	-0.00409489	0.0124036	8.03887	
0.999999	1.96587e-06	0.00113925	1.96765e-06	0.999994	-0.00345271	-0.00113925	0.00345271	0.999993	-0.00489077	0.0148155	8.76968	
0.999999	2.33158e-06	0.00124065	2.33388e-06	0.999993	-0.00376048	-0.00124065	0.00376048	0.999992	-0.0057604	0.0174512	9.50048	
0.999999	2.7325e-06	0.00134304	2.73541e-06	0.999992	-0.00407129	-0.00134304	0.00407129	0.999991	-0.00670449	0.020313	10.2313	
0.999999	3.16953e-06	0.00144639	3.17314e-06	0.99999	-0.00438514	-0.00144639	0.00438514	0.999989	-0.00772376	0.023403	10.9621	
0.999999	3.64358e-06	0.00155073	3.64801e-06	0.999989	-0.00470202	-0.00155073	0.00470202	0.999988	-0.00881892	0.0267235	11.6929	
0.999999	4.15556e-06	0.00165603	4.16094e-06	0.999987	-0.00502192	-0.00165603	0.00502192	0.999986	-0.00999068	0.0302767	12.4237	
0.999998	4.70641e-06	0.0017623	4.71286e-06	0.999986	-0.00534483	-0.0017623	0.00534483	0.999984	-0.0112398	0.0340647	13.1545	
0.999998	5.29703e-06	0.00186953	5.3047e-06	0.999984	-0.00567074	-0.00186953	0.00567074	0.999982	-0.0125668	0.0380898	13.8853	
0.999998	5.92838e-06	0.00197773	5.93741e-06	0.999982	-0.00599965	-0.00197773	0.00599965	0.99998	-0.0139726	0.0423543	14.6161	
0.999998	6.60138e-06	0.00208688	6.61194e-06	0.99998	-0.00633155	-0.00208688	0.00633155	0.999978	-0.0154579	0.0468601	15.3469	
0.999998	7.31697e-06	0.00219698	7.32923e-06	0.999978	-0.00666642	-0.00219698	0.00666642	0.999975	-0.0170232	0.0516096	16.0777	
0.999997	8.07609e-06	0.00230804	8.09024e-06	0.999975	-0.00700427	-0.00230804	0.00700427	0.999973	-0.0186694	0.056605	16.8084	
0.999997	8.87969e-06	0.00242004	8.89593e-06	0.999973	-0.00734507	-0.00242004	0.00734507	0.99997	-0.020397	0.0618483	17.5392	
0.999997	9.72872e-06	0.00253299	9.74726e-06	0.99997	-0.00768882	-0.00253299	0.00768882	0.999967	-0.0222069	0.0673417	18.27	
0.999996	1.06241e-05	0.00264687	1.06452e-05	0.999968	-0.00803551	-0.00264687	0.00803551	0.999964	-0.0240996	0.0730874	19.0008	
0.999996	1.15669e-05	0.00276169	1.15907e-05	0.999965	-0.00838513	-0.00276169	0.00838513	0.999961	-0.0260759	0.0790876	19.7316	
0.999996	1.2558e-05	0.00287745	1.25848e-05	0.999962	-0.00873768	-0.00287745	0.00873768	0.999958	-0.0281365	0.0853444	20.4624	
0.999996	1.35983e-05	0.00299414	1.36284e-05	0.999959	-0.00909313	-0.00299413	0.00909313	0.999954	-0.030282	0.0918598	21.1931	
0.999995	1.46889e-05	0.00311175	1.47225e-05	0.999955	-0.0094515	-0.00311175	0.0094515	0.99995	-0.0325131	0.0986361	21.9239	
0.999995	1.58307e-05	0.00323028	1.58681e-05	0.999952	-0.00981275	-0.00323028	0.00981275	0.999947	-0.0348305	0.105675	22.6547	
0.999994	1.70247e-05	0.00334973	1.70662e-05	0.999948	-0.0101769	-0.00334973	0.0101769	0.999943	-0.0372349	0.11298	23.3854	
0.999994	1.82718e-05	0.0034701	1.83177e-05	0.999944	-0.0105439	-0.0034701	0.0105439	0.999938	-0.0397269	0.120551	24.1162	
0.999994	1.95731e-05	0.00359138	1.96238e-05	0.99994	-0.0109138	-0.00359138	0.0109138	0.999934	-0.0423072	0.128392	24.847	
0.999993	2.09294e-05	0.00371357	2.09853e-05	0.999936	-0.0112865	-0.00371357	0.0112865	0.999929	-0.0449764	0.136504	25.5777	
0.999993	2.23419e-05	0.00383666	2.24032e-05	0.999932	-0.0116621	-0.00383666	0.0116621	0.999925	-0.0477353	0.144889	26.3085	
0.999992	2.38115e-05	0.00396065	2.38786e-05	0.999928	-0.0120405	-0.00396065	0.0120405	0.99992	-0.0505845	0.15355	27.0392	
0.999992	2.53391e-05	0.00408554	2.54125e-05	0.999923	-0.0124217	-0.00408554	0.0124217	0.999915	-0.0535246	0.162489	27.77	
0.999991	2.69259e-05	0.00421132	2.70058e-05	0.999918	-0.0128058	-0.00421132	0.0128058	0.999909	-0.0565563	0.171707	28.5007	
0.999991	2.85726e-05	0.00433799	2.86597e-05	0.999913	-0.0131926	-0.00433799	0.0131926	0.999904	-0.0596802	0.181207	29.2315	
0.99999	3.02804e-05	0.00446554	3.0375e-05	0.999908	-0.0135823	-0.00446554	0.0135823	0.999898	-0.0628971	0.190991	29.9622	
0.999989	3.20503e-05	0.00459398	3.21528e-05	0.999902	-0.0139747	-0.00459398	0.0139747	0.999892	-0.0662075	0.20106	30.6929	
0.999989	3.38832e-05	0.00472329	3.39941e-05	0.999897	-0.0143699	-0.00472329	0.0143699	0.999886	-0.069612	0.211418	31.4237	
0.999988	3.57801e-05	0.00485348	3.59e-05	0.999891	-0.0147679	-0.00485348	0.0147679	0.999879	-0.0731114	0.222065	32.1544	
0.999988	3.77421e-05	0.00498454	3.78713e-05	0.999885	-0.0151686	-0.00498454	0.0151686	0.999873	-0.0767063	0.233004	32.8851	
0.999987	3.97701e-05	0.00511647	3.99093e-05	0.999879	-0.0155721	-0.00511646	0.0155721	0.999866	-0.0803972	0.244236	33.6158	
0.999986	4.18651e-05	0.00524925	4.20148e-05	0.999872	-0.0159783	-0.00524925	0.0159783	0.999859	-0.0841849	0.255765	34.3465	
0.999986	4.40281e-05	0.0053829	4.41889e-05	0.999866	-0.0163872	-0.0053829	0.0163872	0.999851	-0.0880699	0.267591	35.0772	
0.999985	4.62602e-05	0.0055174	4.64326e-05	0.999859	-0.0167988	-0.00551739	0.0167988	0.999844	-0.0920529	0.279718	35.8079	
0.999984	4.85623e-05	0.00565274	4.8747e-05	0.999852	-0.0172131	-0.00565274	0.0172131	0.999836	-0.0961345	0.292146	36.5386	
0.999983	5.09354e-05	0.00578894	5.1133e-05	0.999845	-0.0176301	-0.00578894	0.0176301	0.999828	-0.100315	0.304878	37.2693	
0.999989	2.83711e-05	0.00460212	6.54595e-05	0.999792	-0.0203872	-0.00460174	0.0203872	0.999782	-0.104112	0.318769	38	
0.999994	2.56925e-06	0.00341706	7.65269e-05	0.999732	-0.0231471	-0.0034162	0.0231473	0.999726	-0.107042	0.334677	38.7306	
0.999998	-2.64651e-05	0.00223373	8.43322e-05	0.999664	-0.02591	-0.00223229	0.0259101	0.999662	-0.109106	0.352603	39.4612	
0.999999	-5.87269e-05	0.00105211	8.88726e-05	0.999589	-0.0286755	-0.00104999	0.0286756	0.999588	-0.110305	0.372549	40.1917	
1	-9.42115e-05	-0.000127827	9.01456e-05	0.999506	-0.0314438	0.000130726	0.0314438	0.999506	-0.110641	0.394517	40.9222	
0.999999	-0.000132914	-0.00130611	8.81486e-05	0.999415	-0.0342146	0.00130989	0.0342144	0.999414	-0.110115	0.418508	41.6526	
0.999997	-0.000174831	-0.00248275	8.28796e-05	0.999316	-0.0369879	0.00248752	0.0369876	0.999313	-0.108727	0.444526	42.3829	
0.999993	-0.000219957	-0.0036578	7.43365e-05	0.999209	-0.0397636	0.00366365	0.039763	0.999202	-0.10648	0.472571	43.1132	
0.999988	-0.000268289	-0.00483126	6.25173e-05	0.999095	-0.0425415	0.0048383	0.0425407	0.999083	-0.103373	0.502645	43.8434	
0.999982	-0.000319822	-0.00600318	4.74203e-05	0.998972	-0.0453217	0.0060115	0.0453206	0.998954	-0.0994083	0.53475	44.5735	
0.999974	-0.000374554	-0.00717357	2.90442e-05	0.998842	-0.0481039	0.00718328	0.0481025	0.998817	-0.0945869	0.568887	45.3035	
0.999965	-0.00043248	-0.00834246	7.38746e-06	0.998704	-0.0508882	0.00835365	0.0508864	0.99867	-0.0889096	0.605058	46.0334	
0.999955	-0.000493598	-0.00950987	-1.7551e-05	0.998558	-0.0536744	0.00952266	0.0536721	0.998513	-0.0823776	0.643264	46.7631	
0.999943	-0.000557904	-0.0106758	-4.57722e-05	0.998405	-0.0564624	0.0106903	0.0564597	0.998348	-0.0749916	0.683507	47.4928	
0.99993	-0.000625396	-0.0118404	-7.7277e-05	0.998243	-0.0592521	0.0118567	0.0592489	0.998173	-0.0667529	0.725787	48.2223	
0.999915	-0.000696071	-0.0130036	-0.000112066	0.998073	-0.0620435	0.0130217	0.0620397	0.997989	-0.0576622	0.770107	48.9517	
0.999899	-0.000769926	-0.0141654	-0.00015014	0.997896	-0.0648364	0.0141855	0.064832	0.997795	-0.0477206	0.816466	49.681	
0.999882	-0.00084696	-0.0153258	-0.000191498	0.99771	-0.0676307	0.015348	0.0676257	0.997593	-0.036929	0.864867	50.4101	
0.999864	-0.00092717	-0.016485	-0.000236142	0.997517	-0.0704264	0.0165093	0.0704207	0.997381	-0.0252881	0.915309	51.1391	
0.999844	-0.00101055	-0.0176428	-0.000284071	0.997316	-0.0732233	0.0176695	0.0732169	0.99716	-0.0127991	0.967795	51.8679	
0.999823	-0.00109711	-0.0187994	-0.000335284	0.997106	-0.0760214	0.0188284	0.0760142	0.996929	0.000537436	1.02232	52.5966	
0.9998	-0.00118684	-0.0199548	-0.000389782	0.996889	-0.0788206	0.0199863	0.0788126	0.996689	0.0147205	1.0789	53.3251	
0.999776	-0.00127974	-0.021109	-0.000447564	0.996663	-0.0816207	0.021143	0.0816119	0.99644	0.0297493	1.13752	54.0533	
0.999751	-0.00137581	-0.022262	-0.000508629	0.99643	-0.0844217	0.0222987	0.084412	0.996181	0.0456231	1.19818	54.7815	
0.999725	-0.00147504	-0.0234139	-0.000572977	0.996189	-0.0872234	0.0234533	0.0872128	0.995914	0.0623411	1.2609	55.5094	
0.999697	-0.00157745	-0.0245646	-0.000640605	0.995939	-0.0900259	0.0246069	0.0900143	0.995636	0.0799025	1.32566	56.2371	
0.999668	-0.00168302	-0.0257143	-0.000711514	0.995682	-0.0928289	0.0257595	0.0928163	0.99535	0.0983066	1.39246	56.9646	
0.999638	-0.00179176	-0.0268629	-0.000785701	0.995416	-0.0956324	0.0269111	0.0956188	0.995054	0.117553	1.46132	57.6919	
0.999606	-0.00190366	-0.0280104	-0.000863165	0.995143	-0.0984363	0.0280618	0.0984217	0.994749	0.13764	1.53222	58.419	
0.999573	-0.00201874	-0.029157	-0.000943904	0.994862	-0.10124	0.0292115	0.101225	0.994435	0.158568	1.60517	59.1459	
0.999538	-0.00213698	-0.0303026	-0.00102792	0.994572	-0.104045	0.0303604	0.104028	0.994111	0.180336	1.68017	59.8725	
0.999503	-0.00225839	-0.0314472	-0.0011152	0.994275	-0.106849	0.0315084	0.106831	0.993778	0.202943	1.75722	60.5989	
0.999466	-0.00238298	-0.0325909	-0.00120575	0.993969	-0.109654	0.0326556	0.109635	0.993435	0.226389	1.83632	61.325	
0.999428	-0.00251073	-0.0337337	-0.00129957	0.993656	-0.112458	0.033802	0.112438	0.993084	0.250673	1.91747	62.0509	
0.999388	-0.00264165	-0.0348756	-0.00139666	0.993334	-0.115263	0.0349476	0.115241	0.992723	0.275794	2.00066	62.7765	
0.999347	-0.00277575	-0.0360167	-0.001497	0.993005	-0.118067	0.0360924	0.118043	0.992352	0.301752	2.0859	63.5019	
0.999305	-0.00291303	-0.0371569	-0.00160061	0.992667	-0.12087	0.0372366	0.120846	0.991973	0.328547	2.1732	64.2269	
0.999262	-0.00305348	-0.0382964	-0.00170747	0.992322	-0.123673	0.03838	0.123647	0.991584	0.356178	2.26253	64.9517	
0.999217	-0.00319711	-0.0394352	-0.00181758	0.991968	-0.126476	0.0395228	0.126448	0.991186	0.384644	2.35392	65.6763	
0.999171	-0.00334393	-0.0405731	-0.00193094	0.991607	-0.129278	0.0406649	0.129249	0.990778	0.413945	2.44735	66.4005	
0.999124	-0.00349393	-0.0417104	-0.00204755	0.991237	-0.132079	0.0418064	0.132049	0.990361	0.44408	2.54283	67.1244	
0.999075	-0.00364712	-0.0428471	-0.0021674	0.99086	-0.134879	0.0429473	0.134847	0.989935	0.475049	2.64036	67.848	
0.999025	-0.0038035	-0.043983	-0.00229049	0.990474	-0.137679	0.0440877	0.137645	0.9895	0.506852	2.73993	68.5713	
0.998974	-0.00396307	-0.0451184	-0.00241681	0.990081	-0.140477	0.0452276	0.140442	0.989055	0.539489	2.84154	69.2943	
0.998921	-0.00412585	-0.0462532	-0.00254636	0.98968	-0.143274	0.0463669	0.143237	0.988602	0.572958	2.9452	70.0169	
0.998867	-0.00429182	-0.0473874	-0.00267913	0.989271	-0.14607	0.0475058	0.146031	0.988139	0.607259	3.0509	70.7392	
0.998812	-0.004461	-0.048521	-0.00281513	0.988854	-0.148865	0.0486443	0.148824	0.987666	0.642393	3.15864	71.4612	
0.998342	-0.00584963	-0.0572608	-0.00366263	0.98635	-0.164621	0.0574421	0.164558	0.984693	0.681158	3.27316	72.1819	
