1	0	0	0	1	0	0	0	1	0	0	0	
1	4.39985e-07	0.000184401	4.39985e-07	0.999989	-0.004772	-0.000184401	0.004772	0.999989	-8.20495e-05	0.00212331	0.889896	
1	1.75915e-06	0.000368661	1.76021e-06	0.999954	-0.0095461	-0.000368661	0.0095461	0.999954	-0.000328135	0.00849415	1.77977	
1	3.95653e-06	0.000552773	3.96078e-06	0.999897	-0.0143222	-0.000552773	0.0143222	0.999897	-0.000738127	0.0191143	2.66961	
1	7.03112e-06	0.000736732	7.04176e-06	0.999818	-0.0191	-0.000736732	0.0191	0.999817	-0.00131189	0.0339855	3.55938	
1	1.09819e-05	0.000920533	1.10032e-05	0.999715	-0.0238796	-0.000920533	0.0238796	0.999714	-0.00204929	0.0531093	4.44907	
0.999999	1.58077e-05	0.00110417	1.5845e-05	0.999589	-0.0286606	-0.00110417	0.0286606	0.999589	-0.00295019	0.0764871	5.33866	
0.999999	2.15075e-05	0.00128764	2.15672e-05	0.999441	-0.0334431	-0.00128764	0.0334431	0.99944	-0.00401442	0.10412	6.22813	
0.999999	2.80801e-05	0.00147093	2.81696e-05	0.999269	-0.0382269	-0.00147093	0.0382269	0.999268	-0.00524185	0.13601	7.11746	
0.999999	3.55242e-05	0.00165405	3.56521e-05	0.999075	-0.0430118	-0.00165404	0.0430118	0.999073	-0.0066323	0.172157	8.00662	
0.999998	4.38386e-05	0.00183697	4.40146e-05	0.998857	-0.0477977	-0.00183697	0.0477977	0.998855	-0.00818563	0.212563	8.8956	
0.999998	5.3022e-05	0.00201971	5.32567e-05	0.998616	-0.0525844	-0.0020197	0.0525844	0.998614	-0.00990166	0.257228	9.78437	
0.999998	6.30731e-05	0.00220225	6.33782e-05	0.998353	-0.0573718	-0.00220224	0.0573718	0.99835	-0.0117802	0.306153	10.6729	
0.999997	7.39904e-05	0.00238459	7.43789e-05	0.998066	-0.0621599	-0.00238458	0.0621599	0.998063	-0.0138211	0.359338	11.5612	
0.999997	8.57725e-05	0.00256673	8.62582e-05	0.997756	-0.0669483	-0.00256671	0.0669483	0.997753	-0.0160242	0.416785	12.4493	
0.999996	9.8418e-05	0.00274865	9.9016e-05	0.997424	-0.0717371	-0.00274863	0.0717371	0.99742	-0.0183893	0.478493	13.337	
0.999996	0.000111925	0.00293035	0.000112652	0.997068	-0.076526	-0.00293033	0.076526	0.997063	-0.0209161	0.544463	14.2245	
0.999995	0.000126293	0.00311184	0.000127165	0.996688	-0.081315	-0.0031118	0.081315	0.996684	-0.0236046	0.614694	15.1116	
0.999995	0.000141519	0.00329309	0.000142555	0.996286	-0.0861039	-0.00329305	0.0861039	0.996281	-0.0264544	0.689188	15.9984	
0.999994	0.000157603	0.00347411	0.000158822	0.995861	-0.0908925	-0.00347406	0.0908925	0.995855	-0.0294654	0.767942	16.8848	
0.999993	0.000174542	0.0036549	0.000175964	0.995412	-0.0956807	-0.00365483	0.0956807	0.995405	-0.0326374	0.850958	17.7708	
0.999993	0.000192334	0.00383544	0.000193981	0.99494	-0.100468	-0.00383536	0.100468	0.994933	-0.0359702	0.938235	18.6564	
0.999992	0.000210979	0.00401574	0.000212873	0.994445	-0.105256	-0.00401564	0.105256	0.994437	-0.0394635	1.02977	19.5415	
0.999991	0.000230473	0.00419578	0.000232639	0.993927	-0.110042	-0.00419566	0.110042	0.993918	-0.0431171	1.12557	20.4263	
0.99999	0.000250816	0.00437556	0.000253278	0.993385	-0.114827	-0.00437542	0.114827	0.993376	-0.0469308	1.22562	21.3105	
0.99999	0.000272006	0.00455508	0.000274789	0.992821	-0.119611	-0.00455491	0.119611	0.99281	-0.0509044	1.32994	22.1943	
0.999989	0.00029404	0.00473433	0.000297172	0.992233	-0.124395	-0.00473414	0.124395	0.992222	-0.0550375	1.43851	23.0775	
0.999988	0.000316917	0.00491331	0.000320426	0.991622	-0.129176	-0.00491308	0.129176	0.991609	-0.0593301	1.55133	23.9602	
0.999987	0.000340635	0.00509201	0.000344549	0.990987	-0.133957	-0.00509175	0.133957	0.990974	-0.0637817	1.66842	24.8424	
0.999986	0.000365191	0.00527043	0.00036954	0.990329	-0.138735	-0.00527013	0.138735	0.990315	-0.0683922	1.78975	25.7239	
0.999985	0.000390584	0.00544856	0.0003954	0.989648	-0.143512	-0.00544821	0.143512	0.989634	-0.0731614	1.91534	26.6049	
0.999984	0.000416811	0.0056264	0.000422127	0.988944	-0.148287	-0.005626	0.148287	0.988928	-0.0780888	2.04517	27.4853	
0.999983	0.000443871	0.00580394	0.000449719	0.988217	-0.15306	-0.00580349	0.15306	0.9882	-0.0831744	2.17926	28.365	
0.999982	0.000471762	0.00598117	0.000478176	0.987466	-0.157831	-0.00598066	0.157831	0.987448	-0.0884178	2.31759	29.2441	
0.999981	0.00050048	0.0061581	0.000507496	0.986692	-0.1626	-0.00615753	0.1626	0.986673	-0.0938186	2.46016	30.1225	
0.99998	0.000530025	0.00633472	0.000537679	0.985895	-0.167366	-0.00633407	0.167366	0.985874	-0.0993768	2.60698	31.0001	
0.999979	0.000560393	0.00651102	0.000568724	0.985074	-0.17213	-0.0065103	0.17213	0.985053	-0.105092	2.75804	31.8771	
0.999977	0.000591582	0.006687	0.000600628	0.98423	-0.176891	-0.00668619	0.176891	0.984208	-0.110964	2.91334	32.7533	
0.999976	0.000623591	0.00686265	0.000633391	0.983363	-0.181649	-0.00686175	0.181649	0.98334	-0.116992	3.07287	33.6288	
0.999975	0.000656416	0.00703797	0.000667011	0.982473	-0.186404	-0.00703698	0.186404	0.982448	-0.123176	3.23664	34.5035	
0.999974	0.000690056	0.00721296	0.000701488	0.981559	-0.191156	-0.00721186	0.191156	0.981533	-0.129516	3.40463	35.3773	
0.999972	0.000724508	0.00738761	0.000736819	0.980623	-0.195905	-0.00738639	0.195905	0.980595	-0.136012	3.57685	36.2504	
0.999971	0.000759769	0.00756191	0.000773004	0.979663	-0.20065	-0.00756057	0.20065	0.979634	-0.142662	3.7533	37.1226	
0.99997	0.000795837	0.00773586	0.000810041	0.978679	-0.205392	-0.00773438	0.205392	0.978649	-0.149468	3.93397	37.9939	
0.999968	0.000832709	0.00790945	0.000847928	0.977673	-0.210131	-0.00790784	0.210131	0.977641	-0.156428	4.11886	38.8644	
0.999967	0.000870384	0.00808269	0.000886665	0.976643	-0.214865	-0.00808092	0.214865	0.97661	-0.163542	4.30796	39.7339	
0.999966	0.000908858	0.00825557	0.000926248	0.97559	-0.219596	-0.00825364	0.219596	0.975556	-0.17081	4.50127	40.6025	
0.999964	0.000948129	0.00842808	0.000966678	0.974514	-0.224323	-0.00842597	0.224323	0.974478	-0.178232	4.6988	41.4702	
0.999963	0.000988194	0.00860021	0.00100795	0.973415	-0.229045	-0.00859792	0.229045	0.973378	-0.185806	4.90052	42.3369	
0.999961	0.00102905	0.00877197	0.00105007	0.972293	-0.233763	-0.00876948	0.233763	0.972254	-0.193534	5.10645	43.2026	
0.999959	0.0010707	0.00894335	0.00109303	0.971147	-0.238477	-0.00894065	0.238477	0.971107	-0.201414	5.31657	44.0673	
0.999958	0.00111313	0.00911434	0.00113682	0.969979	-0.243186	-0.00911141	0.243186	0.969937	-0.209446	5.53089	44.931	
0.999956	0.00115634	0.00928494	0.00118146	0.968787	-0.247891	-0.00928178	0.247891	0.968743	-0.217631	5.74939	45.7936	
0.999955	0.00120034	0.00945515	0.00122693	0.967572	-0.252591	-0.00945174	0.252591	0.967527	-0.225966	5.97208	46.6551	
0.999953	0.00124511	0.00962496	0.00127323	0.966335	-0.257285	-0.00962128	0.257286	0.966288	-0.234453	6.19895	47.5156	
0.999951	0.00129066	0.00979437	0.00132037	0.965074	-0.261975	-0.00979041	0.261975	0.965025	-0.24309	6.43	48.3749	
0.999949	0.00133698	0.00996337	0.00136833	0.96379	-0.26666	-0.00995911	0.26666	0.963739	-0.251877	6.66521	49.2331	
0.999948	0.00138406	0.010132	0.00141713	0.962483	-0.271339	-0.0101274	0.271339	0.962431	-0.260815	6.9046	50.0902	
0.999946	0.00143192	0.0103001	0.00146675	0.961153	-0.276012	-0.0102952	0.276012	0.961099	-0.269902	7.14814	50.9461	
0.999944	0.00148054	0.0104679	0.00151719	0.9598	-0.28068	-0.0104626	0.28068	0.959744	-0.279138	7.39584	51.8007	
0.999942	0.00153784	0.0106609	0.00160305	0.957486	-0.288476	-0.0106513	0.288477	0.957428	-0.288533	7.64909	52.6538	
0.99994	0.00159672	0.0108535	0.00169045	0.955108	-0.296254	-0.0108393	0.296255	0.955047	-0.298095	7.90927	53.5048	
0.999938	0.00165717	0.0110456	0.00177939	0.952666	-0.304013	-0.0110266	0.304014	0.952604	-0.307824	8.17636	54.3536	
0.999935	0.0017192	0.0112373	0.00186986	0.950161	-0.311753	-0.0112132	0.311754	0.950097	-0.31772	8.45035	55.2002	
0.999933	0.00178278	0.0114284	0.00196185	0.947593	-0.319473	-0.011399	0.319474	0.947526	-0.327781	8.73121	56.0445	
0.999931	0.00184792	0.011619	0.00205536	0.944962	-0.327172	-0.0115842	0.327174	0.944893	-0.338008	9.01894	56.8866	
0.999928	0.00191461	0.0118091	0.00215038	0.942269	-0.334851	-0.0117685	0.334852	0.942197	-0.348398	9.31351	57.7262	
0.999926	0.00198284	0.0119987	0.0022469	0.939512	-0.342508	-0.011952	0.34251	0.939438	-0.358953	9.6149	58.5635	
0.999924	0.0020526	0.0121876	0.00234493	0.936693	-0.350143	-0.0121348	0.350145	0.936617	-0.36967	9.9231	59.3982	
0.999921	0.00212388	0.0123759	0.00244445	0.933812	-0.357756	-0.0123166	0.357758	0.933733	-0.38055	10.2381	60.2304	
0.999919	0.00219668	0.0125637	0.00254545	0.930869	-0.365345	-0.0124977	0.365347	0.930787	-0.391591	10.5598	61.0601	
0.999916	0.00227098	0.0127507	0.00264794	0.927864	-0.372911	-0.0126778	0.372913	0.92778	-0.402793	10.8883	61.887	
0.999914	0.00234678	0.0129371	0.00275189	0.924797	-0.380452	-0.012857	0.380455	0.92471	-0.414155	11.2235	62.7113	
0.999911	0.00242406	0.0131228	0.00285731	0.921668	-0.387969	-0.0130353	0.387972	0.921579	-0.425676	11.5654	63.5328	
0.999908	0.00250282	0.0133077	0.00296418	0.918478	-0.395461	-0.0132126	0.395464	0.918387	-0.437355	11.914	64.3515	
0.999906	0.00258304	0.013492	0.0030725	0.915227	-0.402927	-0.013389	0.40293	0.915133	-0.449191	12.2693	65.1673	
0.999903	0.00266472	0.0136755	0.00318226	0.911915	-0.410366	-0.0135644	0.41037	0.911818	-0.461184	12.6312	65.9802	
0.9999	0.00274784	0.0138582	0.00329345	0.908543	-0.417779	-0.0137387	0.417783	0.908443	-0.473333	12.9997	66.7902	
0.999897	0.0028324	0.0140401	0.00340606	0.90511	-0.425165	-0.013912	0.425169	0.905007	-0.485636	13.3747	67.5971	
0.999895	0.00291837	0.0142211	0.00352008	0.901616	-0.432522	-0.0140843	0.432527	0.901511	-0.498093	13.7564	68.4009	
0.999892	0.00300576	0.0144014	0.00363551	0.898063	-0.439852	-0.0142555	0.439857	0.897955	-0.510703	14.1445	69.2016	
0.999889	0.00309504	0.0145786	0.00395393	0.888056	-0.459718	-0.0143695	0.459724	0.887945	-0.52344	14.5448	69.9962	
0.999886	0.00318824	0.0147539	0.00427481	0.87761	-0.479356	-0.0144764	0.479365	0.877496	-0.536276	14.9627	70.7818	
0.999883	0.00328532	0.014927	0.00459798	0.86673	-0.498757	-0.0145762	0.498768	0.866613	-0.549203	15.3979	71.5579	
0.99988	0.00338623	0.0150979	0.0049233	0.85542	-0.517911	-0.0146688	0.517924	0.855301	-0.562216	15.8503	72.3241	
0.999877	0.00349091	0.0152665	0.00525059	0.843687	-0.536809	-0.0147541	0.536823	0.843566	-0.575308	16.3196	73.08	
0.999874	0.00359931	0.0154327	0.0055797	0.831537	-0.555441	-0.0148321	0.555458	0.831413	-0.588473	16.8057	73.8253	
0.999871	0.00371139	0.0155965	0.00591046	0.818975	-0.573798	-0.0149027	0.573817	0.818848	-0.601704	17.3082	74.5596	
0.999869	0.00382709	0.0157577	0.00624271	0.806008	-0.591871	-0.014966	0.591892	0.805878	-0.614995	17.8269	75.2826	
0.999866	0.00394634	0.0159164	0.00657629	0.792642	-0.609651	-0.0150219	0.609674	0.79251	-0.628339	18.3615	75.9938	
0.999863	0.00406909	0.0160723	0.00691103	0.778884	-0.62713	-0.0150703	0.627155	0.778749	-0.641729	18.9119	76.693	
0.99986	0.00419528	0.0162255	0.00724676	0.764741	-0.644298	-0.0151113	0.644325	0.764603	-0.655159	19.4776	77.3797	
0.999857	0.00432485	0.0163758	0.00758332	0.750219	-0.661146	-0.0151448	0.661176	0.750078	-0.668622	20.0585	78.0537	
0.999854	0.00445773	0.0165232	0.00792055	0.735325	-0.677668	-0.0151708	0.6777	0.735182	-0.682111	20.6543	78.7146	
0.999851	0.00459386	0.0166677	0.00825827	0.720068	-0.693854	-0.0151893	0.693888	0.719922	-0.69562	21.2646	79.3621	
0.999848	0.00473317	0.016809	0.00859631	0.704454	-0.709697	-0.0152003	0.709733	0.704306	-0.709143	21.8892	79.9958	
0.999844	0.00487558	0.0169472	0.00893452	0.688492	-0.725189	-0.0152038	0.725227	0.688342	-0.722672	22.5277	80.6155	
0.999841	0.00502104	0.0170822	0.00927272	0.672189	-0.740321	-0.0151997	0.740362	0.672036	-0.7362	23.1798	81.2208	
0.999838	0.00516947	0.017214	0.00961075	0.655554	-0.755087	-0.0151881	0.755131	0.655398	-0.749722	23.8453	81.8115	
0.999835	0.00532079	0.0173424	0.00994843	0.638594	-0.769479	-0.015169	0.769525	0.638436	-0.76323	24.5237	82.3872	
