1	0	0	0	1	0	0	0	1	0	0	0	
0.999994	4.63591e-06	0.00342704	4.63591e-06	0.999996	-0.00270548	-0.00342704	0.00270548	0.99999	-0.00142794	0.00112728	0.833331	
0.999977	1.85506e-05	0.00685485	1.85558e-05	0.999985	-0.00541306	-0.00685485	0.00541306	0.999962	-0.00571206	0.00451001	1.66665	
0.999947	4.17556e-05	0.0102833	4.17763e-05	0.999967	-0.00812269	-0.0102833	0.00812269	0.999914	-0.012853	0.0101499	2.49993	
0.999906	7.4262e-05	0.0137124	7.43136e-05	0.999941	-0.0108343	-0.0137124	0.0108343	0.999847	-0.0228512	0.0180487	3.33316	
0.999853	0.00011608	0.017142	0.000116184	0.999908	-0.0135478	-0.017142	0.0135478	0.999761	-0.0357073	0.0282079	4.16634	
0.999788	0.000167221	0.020572	0.000167402	0.999868	-0.0162631	-0.020572	0.0162631	0.999656	-0.0514214	0.0406291	4.99943	
0.999712	0.000227694	0.0240023	0.000227983	0.99982	-0.0189802	-0.0240023	0.0189802	0.999532	-0.0699941	0.0553139	5.83242	
0.999624	0.000297508	0.0274329	0.000297942	0.999765	-0.021699	-0.0274329	0.0216991	0.999388	-0.0914255	0.0722636	6.66531	
0.999524	0.000376673	0.0308636	0.000377293	0.999702	-0.0244195	-0.0308636	0.0244195	0.999225	-0.115716	0.0914797	7.49806	
0.999412	0.000465197	0.0342944	0.000466049	0.999631	-0.0271415	-0.0342944	0.0271415	0.999043	-0.142865	0.112963	8.33068	
0.999288	0.000563088	0.0377251	0.000564226	0.999554	-0.029865	-0.0377251	0.029865	0.998842	-0.172873	0.136716	9.16313	
0.999153	0.000670354	0.0411558	0.000671834	0.999469	-0.0325899	-0.0411558	0.0325899	0.998621	-0.20574	0.162739	9.99541	
0.999005	0.000787004	0.0445863	0.000788887	0.999376	-0.0353162	-0.0445862	0.0353162	0.998381	-0.241466	0.191033	10.8275	
0.998846	0.000913043	0.0480164	0.000915398	0.999276	-0.0380437	-0.0480164	0.0380438	0.998122	-0.280051	0.2216	11.6594	
0.998675	0.00104848	0.0514462	0.00105138	0.999168	-0.0407725	-0.0514462	0.0407726	0.997843	-0.321493	0.25444	12.491	
0.998492	0.00119332	0.0548756	0.00119684	0.999053	-0.0435024	-0.0548755	0.0435025	0.997545	-0.365794	0.289555	13.3224	
0.998298	0.00134756	0.0583044	0.00135179	0.99893	-0.0462334	-0.0583043	0.0462335	0.997228	-0.412952	0.326945	14.1536	
0.998092	0.00151122	0.0617325	0.00151624	0.998799	-0.0489654	-0.0617324	0.0489656	0.996891	-0.462968	0.366611	14.9845	
0.997873	0.0016843	0.06516	0.00169021	0.998661	-0.0516984	-0.0651598	0.0516986	0.996535	-0.51584	0.408555	15.8151	
0.997643	0.0018668	0.0685866	0.0018737	0.998516	-0.0544322	-0.0685864	0.0544324	0.996159	-0.571567	0.452776	16.6454	
0.997402	0.00205874	0.0720123	0.00206672	0.998363	-0.0571668	-0.0720121	0.0571671	0.995764	-0.63015	0.499276	17.4753	
0.997148	0.0022601	0.0754371	0.00226929	0.998202	-0.0599022	-0.0754368	0.0599025	0.99535	-0.691587	0.548055	18.305	
0.996883	0.0024709	0.0788608	0.0024814	0.998033	-0.0626382	-0.0788605	0.0626386	0.994916	-0.755878	0.599114	19.1342	
0.996605	0.00269113	0.0822834	0.00270307	0.997857	-0.0653749	-0.082283	0.0653753	0.994462	-0.823021	0.652453	19.9632	
0.996316	0.00292081	0.0857047	0.00293431	0.997673	-0.068112	-0.0857042	0.0681126	0.99399	-0.893016	0.708073	20.7917	
0.996015	0.00315993	0.0891247	0.00317512	0.997482	-0.0708496	-0.0891241	0.0708503	0.993497	-0.965861	0.765975	21.6198	
0.995703	0.0034085	0.0925432	0.00342552	0.997283	-0.0735876	-0.0925426	0.0735884	0.992986	-1.04156	0.826158	22.4475	
0.995378	0.00366652	0.0959603	0.0036855	0.997076	-0.0763259	-0.0959596	0.0763268	0.992455	-1.1201	0.888622	23.2748	
0.995042	0.00393398	0.0993758	0.00395507	0.996862	-0.0790645	-0.099375	0.0790655	0.991904	-1.20149	0.953369	24.1016	
0.994694	0.00421089	0.10279	0.00423425	0.99664	-0.0818032	-0.102789	0.0818044	0.991334	-1.28572	1.0204	24.9279	
0.994334	0.00449726	0.106202	0.00452303	0.99641	-0.0845421	-0.106201	0.0845434	0.990744	-1.3728	1.08971	25.7538	
0.993963	0.00479307	0.109612	0.00482143	0.996172	-0.087281	-0.109611	0.0872825	0.990135	-1.46272	1.1613	26.5792	
0.99358	0.00509833	0.11302	0.00512944	0.995927	-0.0900198	-0.113019	0.0900216	0.989506	-1.55549	1.23518	27.404	
0.993185	0.00541304	0.116427	0.00544707	0.995674	-0.0927586	-0.116425	0.0927606	0.988858	-1.65109	1.31134	28.2283	
0.992778	0.0057372	0.119831	0.00577433	0.995413	-0.0954972	-0.119829	0.0954994	0.988191	-1.74953	1.38978	29.0521	
0.992359	0.00607081	0.123233	0.00611122	0.995144	-0.0982356	-0.123231	0.0982381	0.987504	-1.8508	1.47051	29.8753	
0.991929	0.00641386	0.126633	0.00645774	0.994868	-0.100974	-0.126631	0.100976	0.986797	-1.95491	1.55351	30.6979	
0.991487	0.00676636	0.13003	0.0068139	0.994584	-0.103711	-0.130028	0.103714	0.986071	-2.06185	1.6388	31.52	
0.991033	0.00712829	0.133425	0.00717969	0.994292	-0.106449	-0.133422	0.106452	0.985326	-2.17162	1.72637	32.3414	
0.990568	0.00749966	0.136818	0.00755512	0.993993	-0.109185	-0.136815	0.109189	0.984561	-2.28422	1.81622	33.1622	
0.990091	0.00788047	0.140208	0.0079402	0.993685	-0.111921	-0.140204	0.111926	0.983776	-2.39965	1.90835	33.9823	
0.989602	0.00827071	0.143595	0.00833492	0.99337	-0.114657	-0.143591	0.114662	0.982972	-2.5179	2.00276	34.8018	
0.989102	0.00867038	0.146979	0.00873929	0.993047	-0.117392	-0.146975	0.117397	0.982149	-2.63897	2.09945	35.6206	
0.988589	0.00907947	0.150361	0.0091533	0.992717	-0.120126	-0.150356	0.120131	0.981306	-2.76285	2.19842	36.4387	
0.988066	0.00949797	0.15374	0.00957696	0.992378	-0.122859	-0.153735	0.122865	0.980444	-2.88956	2.29967	37.2561	
0.98753	0.00992589	0.157115	0.0100103	0.992032	-0.125591	-0.15711	0.125598	0.979562	-3.01908	2.4032	38.0728	
0.986983	0.0103632	0.160488	0.0104532	0.991677	-0.128322	-0.160482	0.128329	0.978661	-3.15141	2.509	38.8887	
0.986425	0.0108099	0.163857	0.0109058	0.991315	-0.131052	-0.163851	0.13106	0.97774	-3.28655	2.61708	39.7039	
0.985855	0.0112661	0.167223	0.0113681	0.990946	-0.133781	-0.167216	0.13379	0.9768	-3.42449	2.72744	40.5183	
0.985273	0.0117316	0.170586	0.01184	0.990568	-0.136509	-0.170579	0.136518	0.975841	-3.56524	2.84006	41.3319	
0.98468	0.0122065	0.173945	0.0123215	0.990183	-0.139235	-0.173937	0.139246	0.974862	-3.70879	2.95497	42.1447	
0.984075	0.0126908	0.177301	0.0128127	0.989789	-0.141961	-0.177292	0.141972	0.973864	-3.85513	3.07214	42.9566	
0.983458	0.0131844	0.180653	0.0133135	0.989388	-0.144684	-0.180644	0.144696	0.972847	-4.00427	3.19159	43.7678	
0.982831	0.0136874	0.184002	0.0138239	0.988979	-0.147407	-0.183992	0.147419	0.97181	-4.15621	3.3133	44.578	
0.982191	0.0141998	0.187347	0.014344	0.988563	-0.150127	-0.187336	0.150141	0.970754	-4.31093	3.43728	45.3874	
0.98154	0.0147215	0.190688	0.0148737	0.988138	-0.152846	-0.190676	0.152861	0.969678	-4.46843	3.56354	46.196	
0.980878	0.0152525	0.194025	0.015413	0.987706	-0.155564	-0.194012	0.15558	0.968584	-4.62872	3.69205	47.0036	
0.979906	0.0160357	0.198814	0.0164879	0.98684	-0.16086	-0.198777	0.160906	0.966746	-4.79238	3.82392	47.81	
0.97891	0.0168457	0.203597	0.0175888	0.985944	-0.166146	-0.203534	0.166223	0.964854	-4.96001	3.96023	48.6148	
0.97789	0.0176825	0.208373	0.0187156	0.98502	-0.17142	-0.208283	0.17153	0.96291	-5.1316	4.10096	49.418	
0.976845	0.018546	0.213142	0.0198683	0.984067	-0.176684	-0.213023	0.176828	0.960913	-5.30715	4.24611	50.2196	
0.975777	0.0194362	0.217903	0.0210468	0.983085	-0.181936	-0.217754	0.182115	0.958863	-5.48664	4.39567	51.0195	
0.974685	0.0203531	0.222656	0.0222511	0.982074	-0.187176	-0.222475	0.187392	0.95676	-5.67007	4.54963	51.8177	
0.973568	0.0212965	0.227401	0.0234811	0.981035	-0.192405	-0.227186	0.192659	0.954604	-5.85743	4.70798	52.6141	
0.972428	0.0222664	0.232137	0.0247368	0.979966	-0.197621	-0.231887	0.197915	0.952396	-6.04871	4.87072	53.4087	
0.971264	0.0232629	0.236864	0.0260182	0.978869	-0.202825	-0.236577	0.203159	0.950136	-6.2439	5.03784	54.2014	
0.970077	0.0242858	0.241581	0.027325	0.977744	-0.208016	-0.241256	0.208393	0.947823	-6.443	5.20932	54.9923	
0.968865	0.025335	0.246288	0.0286574	0.97659	-0.213194	-0.245924	0.213614	0.945458	-6.64599	5.38516	55.7811	
0.967631	0.0264105	0.250985	0.0300153	0.975407	-0.218358	-0.250579	0.218824	0.943041	-6.85287	5.56534	56.568	
0.966372	0.0275123	0.255671	0.0313985	0.974196	-0.223509	-0.255223	0.224021	0.940572	-7.06362	5.74986	57.3529	
0.96509	0.0286402	0.260346	0.032807	0.972957	-0.228647	-0.259854	0.229206	0.938051	-7.27824	5.9387	58.1356	
0.963785	0.0297941	0.26501	0.0342407	0.971689	-0.23377	-0.264472	0.234378	0.935479	-7.49671	6.13187	58.9163	
0.962457	0.0309741	0.269662	0.0356997	0.970393	-0.238879	-0.269077	0.239537	0.932856	-7.71902	6.32933	59.6947	
0.961105	0.03218	0.274302	0.0371837	0.969069	-0.243973	-0.273668	0.244683	0.930181	-7.94517	6.53109	60.471	
0.95973	0.0334118	0.278929	0.0386928	0.967717	-0.249052	-0.278245	0.249815	0.927454	-8.17513	6.73713	61.245	
0.958333	0.0346693	0.283543	0.0402269	0.966337	-0.254116	-0.282808	0.254934	0.924677	-8.40891	6.94745	62.0167	
0.956912	0.0359524	0.288144	0.0417858	0.964929	-0.259165	-0.287356	0.260038	0.921849	-8.64648	7.16202	62.7861	
0.955468	0.0372612	0.292731	0.0433696	0.963493	-0.264198	-0.291889	0.265129	0.918971	-8.88783	7.38084	63.5531	
0.954002	0.0385954	0.297305	0.0449781	0.962029	-0.269215	-0.296406	0.270204	0.916042	-9.13295	7.6039	64.3177	
0.952513	0.0399549	0.301864	0.0466112	0.960538	-0.274216	-0.300908	0.275265	0.913063	-9.38184	7.83118	65.0799	
0.951002	0.0413398	0.306408	0.0482689	0.959019	-0.279201	-0.305393	0.280311	0.910033	-9.63446	8.06267	65.8395	
0.949468	0.0427498	0.310937	0.0499511	0.957472	-0.284169	-0.309862	0.285341	0.906954	-9.89082	8.29836	66.5966	
0.947913	0.0441848	0.315451	0.0516577	0.955898	-0.28912	-0.314314	0.290356	0.903825	-10.1509	8.53823	67.3511	
0.946335	0.0456449	0.319949	0.0533887	0.954297	-0.294054	-0.318749	0.295355	0.900647	-10.4147	8.78228	68.1029	
0.944734	0.0471297	0.324431	0.0551438	0.952668	-0.29897	-0.323166	0.300338	0.897419	-10.6821	9.03048	68.8521	
0.943113	0.0486393	0.328897	0.0569231	0.951012	-0.303869	-0.327565	0.305304	0.894142	-10.9533	9.28284	69.5986	
0.939617	0.051941	0.338264	0.0628913	0.945375	-0.319861	-0.3364	0.321821	0.885023	-11.2299	9.54415	70.34	
0.936029	0.0554158	0.347533	0.069017	0.939442	-0.335686	-0.345089	0.338198	0.87552	-11.5139	9.81917	71.0736	
0.93235	0.0590624	0.356699	0.0752975	0.933216	-0.351337	-0.353629	0.354428	0.865637	-11.805	10.1078	71.7991	
0.928583	0.062879	0.36576	0.0817302	0.9267	-0.366807	-0.362014	0.370504	0.855379	-12.1032	10.4098	72.5162	
0.924727	0.0668641	0.374711	0.0883123	0.919896	-0.382088	-0.370243	0.386419	0.844748	-12.4084	10.7252	73.2246	
0.920786	0.0710158	0.383548	0.0950408	0.912808	-0.397176	-0.378312	0.402167	0.833752	-12.7203	11.0538	73.924	
0.916761	0.0753325	0.392267	0.101913	0.905438	-0.412063	-0.386216	0.41774	0.822393	-13.0388	11.3955	74.6141	
0.912654	0.0798122	0.400865	0.108926	0.89779	-0.426742	-0.393952	0.433132	0.810678	-13.3639	11.75	75.2945	
0.908466	0.0844529	0.409338	0.116076	0.889867	-0.441207	-0.401517	0.448336	0.798611	-13.6954	12.1173	75.9651	
0.904199	0.0892527	0.417681	0.12336	0.881672	-0.455452	-0.408908	0.463345	0.786197	-14.0331	12.4972	76.6255	
0.899856	0.0942096	0.425893	0.130776	0.873209	-0.469472	-0.416122	0.478153	0.773442	-14.3768	12.8895	77.2753	
0.895437	0.0993212	0.433968	0.13832	0.864482	-0.483258	-0.423155	0.492754	0.760351	-14.7265	13.294	77.9144	
0.890945	0.104585	0.441903	0.145989	0.855494	-0.496807	-0.430004	0.507141	0.74693	-15.082	13.7107	78.5425	
