1	0	0	0	1	0	0	0	1	0	0	0	
0.999989	-5.31638e-06	-0.00458424	-5.31638e-06	0.999997	-0.0023194	0.00458424	0.0023194	0.999987	0.00207217	0.00104842	0.904036	
0.999958	-2.12646e-05	-0.00916894	-2.12576e-05	0.999989	-0.0046375	0.00916894	0.0046375	0.999947	0.00828891	0.00419308	1.80805	
0.999905	-4.78412e-05	-0.013754	-4.78132e-05	0.999976	-0.00695425	0.013754	0.00695425	0.999881	0.0186506	0.0094328	2.71201	
0.999832	-8.50426e-05	-0.0183393	-8.49725e-05	0.999957	-0.00926958	0.0183393	0.00926958	0.999789	0.0331574	0.0167663	3.61591	
0.999737	-0.000132865	-0.0229246	-0.000132725	0.999933	-0.0115834	0.0229246	0.0115834	0.99967	0.0518095	0.0261923	4.5197	
0.999622	-0.000191304	-0.02751	-0.000191058	0.999903	-0.0138957	0.02751	0.0138957	0.999525	0.074607	0.0377094	5.42338	
0.999485	-0.000260354	-0.0320951	-0.000259962	0.999869	-0.0162064	0.0320951	0.0162064	0.999353	0.10155	0.0513163	6.32692	
0.999327	-0.000340013	-0.0366801	-0.000339424	0.999829	-0.0185155	0.0366801	0.0185155	0.999156	0.132638	0.0670113	7.23029	
0.999148	-0.000430273	-0.0412646	-0.000429432	0.999783	-0.0208228	0.0412646	0.0208228	0.998931	0.16787	0.0847931	8.13346	
0.998948	-0.00053113	-0.0458486	-0.000529973	0.999732	-0.0231284	0.0458486	0.0231283	0.998681	0.207247	0.10466	9.03643	
0.998727	-0.000642577	-0.050432	-0.000641036	0.999676	-0.0254321	0.050432	0.025432	0.998404	0.250768	0.12661	9.93915	
0.998485	-0.00076461	-0.0550146	-0.000762607	0.999615	-0.0277339	0.0550147	0.0277338	0.9981	0.298432	0.150642	10.8416	
0.998222	-0.000897222	-0.0595964	-0.000894672	0.999548	-0.0300337	0.0595964	0.0300336	0.997771	0.350239	0.176754	11.7438	
0.997938	-0.00104041	-0.0641771	-0.00103722	0.999477	-0.0323315	0.0641772	0.0323314	0.997415	0.406187	0.204945	12.6457	
0.997633	-0.00119415	-0.0687568	-0.00119023	0.9994	-0.0346272	0.0687568	0.0346271	0.997032	0.466276	0.235211	13.5472	
0.997306	-0.00135846	-0.0733351	-0.0013537	0.999317	-0.0369208	0.0733352	0.0369206	0.996624	0.530505	0.267552	14.4484	
0.996959	-0.00153332	-0.0779121	-0.00152761	0.99923	-0.0392121	0.0779123	0.0392119	0.996189	0.598872	0.301966	15.3492	
0.996591	-0.00171872	-0.0824877	-0.00171194	0.999137	-0.0415012	0.0824878	0.041501	0.995728	0.671376	0.33845	16.2495	
0.996201	-0.00191466	-0.0870616	-0.00190668	0.999039	-0.043788	0.0870618	0.0437877	0.99524	0.748016	0.377002	17.1495	
0.995791	-0.00212112	-0.0916338	-0.00211181	0.998936	-0.0460724	0.091634	0.046072	0.994726	0.82879	0.41762	18.049	
0.995359	-0.0023381	-0.0962041	-0.00232733	0.998828	-0.0483543	0.0962043	0.0483538	0.994186	0.913697	0.460303	18.948	
0.994906	-0.00256559	-0.100772	-0.0025532	0.998714	-0.0506338	0.100773	0.0506332	0.99362	1.00274	0.505047	19.8466	
0.994432	-0.00280358	-0.105339	-0.00278943	0.998595	-0.0529107	0.105339	0.0529099	0.993028	1.0959	0.551851	20.7446	
0.993938	-0.00305206	-0.109903	-0.00303598	0.998472	-0.0551849	0.109903	0.055184	0.992409	1.1932	0.600712	21.642	
0.993422	-0.00331103	-0.114464	-0.00329285	0.998343	-0.0574565	0.114465	0.0574555	0.991764	1.29462	0.651627	22.5389	
0.992885	-0.00358046	-0.119024	-0.00356001	0.998208	-0.0597254	0.119024	0.0597241	0.991093	1.40016	0.704595	23.4352	
0.992327	-0.00386035	-0.12358	-0.00383746	0.998069	-0.0619914	0.123581	0.06199	0.990396	1.50982	0.759612	24.3309	
0.991748	-0.0041507	-0.128134	-0.00412517	0.997925	-0.0642546	0.128135	0.064253	0.989673	1.6236	0.816677	25.2259	
0.991148	-0.00445148	-0.132685	-0.00442312	0.997776	-0.0665149	0.132686	0.066513	0.988924	1.7415	0.875786	26.1203	
0.990527	-0.00476269	-0.137233	-0.0047313	0.997621	-0.0687722	0.137234	0.06877	0.988148	1.86351	0.936936	27.014	
0.989885	-0.00508432	-0.141778	-0.00504969	0.997462	-0.0710264	0.14178	0.071024	0.987347	1.98963	1.00013	27.9069	
0.989222	-0.00541635	-0.14632	-0.00537826	0.997297	-0.0732776	0.146322	0.0732748	0.98652	2.11986	1.06535	28.7992	
0.988539	-0.00575877	-0.150859	-0.00571701	0.997127	-0.0755257	0.15086	0.0755225	0.985666	2.25419	1.13261	29.6906	
0.987834	-0.00611158	-0.155394	-0.00606592	0.996953	-0.0777705	0.155396	0.0777669	0.984787	2.39262	1.2019	30.5813	
0.987108	-0.00647475	-0.159926	-0.00642495	0.996773	-0.0800121	0.159928	0.0800081	0.983881	2.53516	1.27322	31.4712	
0.986361	-0.00684828	-0.164453	-0.0067941	0.996589	-0.0822503	0.164456	0.0822459	0.98295	2.68178	1.34656	32.3603	
0.985593	-0.00723214	-0.168977	-0.00717334	0.996399	-0.0844852	0.16898	0.0844802	0.981992	2.8325	1.42193	33.2485	
0.984805	-0.00762634	-0.173498	-0.00756266	0.996204	-0.0867167	0.1735	0.0867111	0.981009	2.98731	1.49931	34.1358	
0.983995	-0.00803085	-0.178014	-0.00796203	0.996005	-0.0889446	0.178017	0.0889385	0.98	3.14621	1.5787	35.0222	
0.983165	-0.00844566	-0.182526	-0.00837143	0.9958	-0.0911691	0.182529	0.0911622	0.978965	3.30918	1.66011	35.9077	
0.982314	-0.00887076	-0.187033	-0.00879084	0.995591	-0.0933899	0.187037	0.0933823	0.977904	3.47623	1.74353	36.7922	
0.981441	-0.00930613	-0.191536	-0.00922025	0.995376	-0.095607	0.191541	0.0955987	0.976818	3.64736	1.82896	37.6758	
0.980548	-0.00975175	-0.196035	-0.00965962	0.995157	-0.0978205	0.19604	0.0978113	0.975706	3.82255	1.91638	38.5584	
0.979635	-0.0102076	-0.200529	-0.0101089	0.994933	-0.10003	0.200534	0.10002	0.974568	4.00181	2.00581	39.44	
0.9787	-0.0106737	-0.205019	-0.0105682	0.994704	-0.102236	0.205024	0.102225	0.973404	4.18513	2.09722	40.3205	
0.977744	-0.01115	-0.209503	-0.0110373	0.99447	-0.104438	0.209509	0.104426	0.972215	4.37251	2.19063	41.1999	
0.976768	-0.0116365	-0.213982	-0.0115164	0.994231	-0.106636	0.213989	0.106623	0.971	4.56394	2.28603	42.0783	
0.975771	-0.0121332	-0.218456	-0.0120053	0.993988	-0.10883	0.218464	0.108816	0.969759	4.75942	2.38342	42.9556	
0.974754	-0.01264	-0.222925	-0.012504	0.99374	-0.11102	0.222933	0.111005	0.968493	4.95894	2.48278	43.8317	
0.973715	-0.013157	-0.227389	-0.0130125	0.993486	-0.113206	0.227397	0.113189	0.967201	5.1625	2.58412	44.7067	
0.972656	-0.0136841	-0.231847	-0.0135308	0.993228	-0.115388	0.231856	0.115369	0.965884	5.37009	2.68743	45.5805	
0.971576	-0.0142213	-0.2363	-0.0140589	0.992966	-0.117565	0.236309	0.117546	0.964542	5.58171	2.79272	46.4531	
0.970476	-0.0147686	-0.240746	-0.0145967	0.992698	-0.119738	0.240757	0.119717	0.963174	5.79735	2.89996	47.3244	
0.969355	-0.015326	-0.245187	-0.0151443	0.992426	-0.121907	0.245199	0.121885	0.961781	6.01702	3.00917	48.1946	
0.968213	-0.0158934	-0.249622	-0.0157015	0.992149	-0.124072	0.249634	0.124047	0.960362	6.24069	3.12034	49.0634	
0.967051	-0.0164709	-0.254051	-0.0162684	0.991867	-0.126232	0.254064	0.126206	0.958918	6.46837	3.23346	49.931	
0.965868	-0.0170584	-0.258474	-0.016845	0.991581	-0.128388	0.258488	0.128359	0.957449	6.70006	3.34853	50.7972	
0.964664	-0.0176559	-0.26289	-0.0174311	0.99129	-0.130539	0.262905	0.130508	0.955954	6.93574	3.46554	51.6621	
0.96344	-0.0182634	-0.2673	-0.0180269	0.990994	-0.132685	0.267316	0.132653	0.954435	7.17541	3.5845	52.5256	
0.962196	-0.0188808	-0.271703	-0.0186322	0.990694	-0.134827	0.27172	0.134792	0.95289	7.41907	3.70539	53.3878	
0.961721	-0.019116	-0.273362	-0.01879	0.990616	-0.135379	0.273385	0.135333	0.952337	7.66546	3.82749	54.249	
0.961243	-0.0193523	-0.275021	-0.0189483	0.990537	-0.135928	0.275049	0.135871	0.951781	7.91337	3.95008	55.1097	
0.960762	-0.0195896	-0.27668	-0.0191071	0.990459	-0.136476	0.276714	0.136407	0.951222	8.16278	4.07315	55.9699	
0.960278	-0.019828	-0.278338	-0.0192663	0.990381	-0.137021	0.278378	0.136941	0.950659	8.41369	4.19671	56.8296	
0.959791	-0.0200674	-0.279996	-0.0194261	0.990302	-0.137565	0.280042	0.137473	0.950094	8.66611	4.32075	57.6888	
0.959301	-0.0203078	-0.281654	-0.0195863	0.990224	-0.138107	0.281705	0.138003	0.949525	8.92003	4.44527	58.5474	
0.958808	-0.0205492	-0.283312	-0.019747	0.990145	-0.138647	0.283369	0.13853	0.948953	9.17545	4.57027	59.4056	
0.958311	-0.0207917	-0.284969	-0.0199082	0.990066	-0.139185	0.285032	0.139056	0.948378	9.43238	4.69575	60.2632	
0.957812	-0.0210352	-0.286626	-0.02007	0.989987	-0.139721	0.286695	0.139579	0.947799	9.69081	4.8217	61.1203	
0.957309	-0.0212797	-0.288283	-0.0202322	0.989909	-0.140256	0.288358	0.140101	0.947218	9.95075	4.94812	61.9769	
0.956803	-0.0215251	-0.289939	-0.020395	0.98983	-0.140789	0.29002	0.140621	0.946633	10.2122	5.07501	62.833	
0.956294	-0.0217716	-0.291594	-0.0205583	0.98975	-0.14132	0.291682	0.141139	0.946045	10.4751	5.20237	63.6885	
0.955782	-0.0220191	-0.29325	-0.0207221	0.989671	-0.14185	0.293344	0.141655	0.945454	10.7396	5.3302	64.5435	
0.955267	-0.0222675	-0.294904	-0.0208865	0.989592	-0.142378	0.295005	0.142169	0.94486	11.0055	5.45849	65.3979	
0.954749	-0.0225169	-0.296558	-0.0210515	0.989513	-0.142905	0.296666	0.142681	0.944262	11.273	5.58725	66.2519	
0.954228	-0.0227673	-0.298212	-0.021217	0.989433	-0.14343	0.298326	0.143192	0.943662	11.5419	5.71647	67.1052	
0.953704	-0.0230186	-0.299865	-0.021383	0.989353	-0.143954	0.299986	0.143701	0.943058	11.8124	5.84615	67.9581	
0.953177	-0.0232709	-0.301517	-0.0215497	0.989274	-0.144476	0.301645	0.144209	0.942451	12.0843	5.97629	68.8104	
0.952647	-0.0235242	-0.303169	-0.0217169	0.989194	-0.144997	0.303303	0.144715	0.941841	12.3578	6.10689	69.6621	
0.958393	-0.0208023	-0.284695	-0.0183757	0.990776	-0.134255	0.284861	0.1339	0.949171	12.6236	6.23284	70.5169	
0.963777	-0.0182923	-0.266082	-0.0152449	0.992236	-0.123432	0.266274	0.123017	0.956015	12.8728	6.34898	71.3781	
0.968797	-0.0159957	-0.24734	-0.012326	0.993571	-0.112534	0.24755	0.112071	0.962371	13.105	6.45524	72.2453	
0.973449	-0.0139134	-0.228479	-0.00962058	0.994782	-0.101567	0.2287	0.101068	0.968236	13.3203	6.55159	73.118	
0.977733	-0.0120466	-0.209509	-0.00712996	0.995868	-0.0905359	0.209734	0.0900136	0.973606	13.5185	6.63797	73.9958	
0.981644	-0.0103963	-0.190438	-0.00485545	0.996827	-0.0794466	0.19066	0.078913	0.978479	13.6995	6.71433	74.8782	
0.985182	-0.00896329	-0.171277	-0.00279819	0.997661	-0.0683049	0.171488	0.067772	0.982852	13.8632	6.78064	75.7648	
0.988345	-0.00774828	-0.152035	-0.000959246	0.998367	-0.0571163	0.15223	0.0565964	0.986723	14.0095	6.83686	76.6552	
0.99113	-0.00675191	-0.132723	0.00066045	0.998946	-0.0458866	0.132893	0.045392	0.99009	14.1384	6.88296	77.5488	
0.993537	-0.00597469	-0.11335	0.00206007	0.999398	-0.0346215	0.113488	0.0341643	0.992952	14.2498	6.91892	78.4452	
0.995564	-0.00541702	-0.0939255	0.00323889	0.999723	-0.0233268	0.0940258	0.0229192	0.995306	14.3436	6.94473	79.3439	
0.997211	-0.00507917	-0.0744603	0.00419633	0.999919	-0.0120083	0.0745153	0.0116623	0.997152	14.4198	6.96036	80.2446	
0.998476	-0.00496134	-0.054964	0.00493188	0.999988	-0.000671639	0.0549667	0.000399539	0.998488	14.4783	6.96581	81.1467	
0.999359	-0.00506356	-0.0354466	0.00544517	0.999928	0.0106773	0.03539	-0.0108635	0.999315	14.5192	6.96108	82.0498	
0.999859	-0.0053858	-0.0159181	0.00573593	0.999741	0.0220327	0.0157953	-0.0221209	0.999631	14.5423	6.94617	82.9534	
0.999976	-0.00592789	0.00361168	0.00580403	0.999426	0.0333888	-0.00380753	-0.033367	0.999436	14.5477	6.92109	83.8571	
0.99971	-0.00668954	0.0231326	0.00564943	0.998983	0.0447398	-0.0234084	-0.0445961	0.998731	14.5354	6.88585	84.7603	
0.999061	-0.00767038	0.0426348	0.0052722	0.998412	0.0560799	-0.0429973	-0.0558025	0.997516	14.5054	6.84046	85.6627	
0.99803	-0.0088699	0.0621083	0.00467253	0.997715	0.0674033	-0.0625643	-0.0669803	0.995791	14.4577	6.78496	86.5638	
0.996617	-0.0102875	0.0815431	0.00385074	0.996891	0.0787042	-0.0820992	-0.0781239	0.993557	14.3923	6.71937	87.463	
