1	0	0	0	1	0	0	0	1	0	0	0	
0.999996	-4.25671e-06	0.0029259	-4.25671e-06	0.999996	0.00290966	-0.0029259	-0.00290966	0.999991	-0.00107431	-0.00106835	0.734341	
0.999983	-1.70276e-05	0.00585182	-1.70283e-05	0.999983	0.00581961	-0.00585182	-0.00581961	0.999966	-0.00429725	-0.00427349	1.46867	
0.999961	-3.83137e-05	0.00877772	-3.83168e-05	0.999962	0.00872979	-0.00877772	-0.00872979	0.999923	-0.00966881	-0.00961563	2.20297	
0.999932	-6.81162e-05	0.0117035	-6.8124e-05	0.999932	0.0116402	-0.0117035	-0.0116402	0.999864	-0.0171889	-0.0170949	2.93724	
0.999893	-0.000106436	0.0146292	-0.000106451	0.999894	0.0145507	-0.0146292	-0.0145507	0.999787	-0.0268576	-0.0267115	3.67146	
0.999846	-0.000153273	0.0175547	-0.0001533	0.999848	0.0174612	-0.0175547	-0.0174612	0.999693	-0.0386746	-0.0384653	4.40561	
0.99979	-0.000208629	0.0204799	-0.000208673	0.999792	0.0203719	-0.0204799	-0.0203719	0.999583	-0.0526399	-0.0523566	5.13969	
0.999726	-0.000272503	0.0234049	-0.000272569	0.999729	0.0232824	-0.0234049	-0.0232824	0.999455	-0.0687532	-0.0683852	5.87368	
0.999653	-0.000344896	0.0263295	-0.00034499	0.999657	0.0261929	-0.0263295	-0.0261929	0.99931	-0.0870143	-0.0865512	6.60757	
0.999572	-0.000425808	0.0292538	-0.000425936	0.999576	0.0291033	-0.0292538	-0.0291033	0.999148	-0.107423	-0.106854	7.34135	
0.999482	-0.000515238	0.0321775	-0.000515409	0.999487	0.0320135	-0.0321775	-0.0320135	0.998969	-0.129979	-0.129295	8.075	
0.999384	-0.000613187	0.0351008	-0.000613409	0.99939	0.0349235	-0.0351008	-0.0349235	0.998773	-0.154682	-0.153872	8.80852	
0.999277	-0.000719652	0.0380235	-0.000719935	0.999284	0.0378332	-0.0380235	-0.0378332	0.99856	-0.181531	-0.180587	9.54188	
0.999161	-0.000834635	0.0409457	-0.000834988	0.999169	0.0407425	-0.0409456	-0.0407425	0.99833	-0.210526	-0.209437	10.2751	
0.999037	-0.000958134	0.0438671	-0.000958568	0.999046	0.0436515	-0.0438671	-0.0436515	0.998083	-0.241667	-0.240425	11.0081	
0.998904	-0.00109015	0.0467879	-0.00109068	0.998915	0.04656	-0.0467879	-0.04656	0.997819	-0.274953	-0.273548	11.741	
0.998763	-0.00123067	0.0497079	-0.00123131	0.998775	0.049468	-0.0497079	-0.0494681	0.997538	-0.310383	-0.308807	12.4736	
0.998613	-0.00137971	0.0526271	-0.00138047	0.998627	0.0523755	-0.052627	-0.0523755	0.99724	-0.347958	-0.346201	13.206	
0.998455	-0.00153726	0.0555454	-0.00153815	0.99847	0.0552824	-0.0555454	-0.0552824	0.996925	-0.387676	-0.38573	13.9382	
0.998288	-0.00170332	0.0584628	-0.00170436	0.998304	0.0581887	-0.0584628	-0.0581887	0.996592	-0.429537	-0.427393	14.6702	
0.998113	-0.00187789	0.0613792	-0.00187908	0.99813	0.0610942	-0.0613792	-0.0610942	0.996243	-0.473539	-0.471191	15.4019	
0.997929	-0.00206096	0.0642947	-0.00206233	0.997948	0.063999	-0.0642946	-0.063999	0.995877	-0.519683	-0.517121	16.1334	
0.997736	-0.00225253	0.067209	-0.0022541	0.997757	0.066903	-0.0672089	-0.066903	0.995493	-0.567968	-0.565185	16.8645	
0.997535	-0.00245261	0.0701222	-0.00245439	0.997558	0.0698061	-0.0701222	-0.0698062	0.995093	-0.618392	-0.615381	17.5954	
0.997326	-0.00266118	0.0730343	-0.0026632	0.99735	0.0727084	-0.0730342	-0.0727084	0.994676	-0.670955	-0.667708	18.326	
0.997108	-0.00287825	0.0759451	-0.00288052	0.997133	0.0756096	-0.075945	-0.0756097	0.994241	-0.725656	-0.722167	19.0563	
0.996881	-0.00310381	0.0788546	-0.00310635	0.996908	0.0785099	-0.0788545	-0.07851	0.99379	-0.782494	-0.778755	19.7862	
0.996646	-0.00333785	0.0817629	-0.00334069	0.996675	0.0814091	-0.0817627	-0.0814092	0.993321	-0.841468	-0.837473	20.5158	
0.996403	-0.00358039	0.0846697	-0.00358354	0.996433	0.0843072	-0.0846695	-0.0843073	0.992836	-0.902577	-0.898319	21.2451	
0.996151	-0.0038314	0.0875751	-0.00383489	0.996183	0.0872041	-0.0875749	-0.0872042	0.992334	-0.965821	-0.961294	21.974	
0.99589	-0.0040909	0.090479	-0.00409474	0.995924	0.0900998	-0.0904788	-0.0901	0.991814	-1.0312	-1.02639	22.7025	
0.995621	-0.00435887	0.0933814	-0.0043631	0.995657	0.0929942	-0.0933812	-0.0929944	0.991278	-1.09871	-1.09362	23.4307	
0.995343	-0.00463531	0.0962821	-0.00463995	0.995381	0.0958873	-0.0962819	-0.0958876	0.990725	-1.16834	-1.16297	24.1584	
0.995057	-0.00492021	0.0991813	-0.00492529	0.995097	0.0987791	-0.099181	-0.0987793	0.990154	-1.24011	-1.23445	24.8857	
0.994763	-0.00521358	0.102079	-0.00521912	0.994805	0.101669	-0.102078	-0.10167	0.989567	-1.31401	-1.30805	25.6126	
0.99446	-0.00551541	0.104974	-0.00552144	0.994503	0.104558	-0.104974	-0.104559	0.988963	-1.39003	-1.38377	26.3391	
0.994148	-0.0058257	0.107868	-0.00583223	0.994194	0.107446	-0.107868	-0.107446	0.988342	-1.46818	-1.46161	27.0651	
0.993828	-0.00614443	0.11076	-0.00615151	0.993876	0.110331	-0.11076	-0.110332	0.987704	-1.54846	-1.54158	27.7906	
0.9935	-0.0064716	0.113651	-0.00647926	0.993549	0.113215	-0.11365	-0.113216	0.987049	-1.63086	-1.62366	28.5157	
0.993163	-0.00680722	0.116539	-0.00681547	0.993214	0.116098	-0.116538	-0.116098	0.986377	-1.71537	-1.70785	29.2403	
0.992817	-0.00715127	0.119425	-0.00716016	0.992871	0.118978	-0.119425	-0.118979	0.985688	-1.80201	-1.79417	29.9644	
0.992464	-0.00750374	0.122309	-0.0075133	0.992519	0.121857	-0.122309	-0.121858	0.984983	-1.89077	-1.8826	30.688	
0.992101	-0.00786464	0.125191	-0.00787489	0.992159	0.124734	-0.125191	-0.124735	0.98426	-1.98165	-1.97314	31.411	
0.991731	-0.00823396	0.128071	-0.00824494	0.99179	0.12761	-0.128071	-0.12761	0.983521	-2.07464	-2.06579	32.1335	
0.991352	-0.00861169	0.130949	-0.00862343	0.991413	0.130483	-0.130948	-0.130484	0.982765	-2.16974	-2.16056	32.8555	
0.990964	-0.00899782	0.133824	-0.00901036	0.991027	0.133354	-0.133824	-0.133355	0.981992	-2.26696	-2.25743	33.5769	
0.990568	-0.00939235	0.136698	-0.00940573	0.990634	0.136223	-0.136697	-0.136224	0.981202	-2.36628	-2.35641	34.2977	
0.990164	-0.00979527	0.139568	-0.00980952	0.990231	0.13909	-0.139567	-0.139091	0.980395	-2.46772	-2.4575	35.018	
0.989751	-0.0102066	0.142437	-0.0102217	0.98982	0.141955	-0.142436	-0.141957	0.979572	-2.57126	-2.56069	35.7376	
0.98933	-0.0106263	0.145303	-0.0106424	0.989401	0.144818	-0.145301	-0.144819	0.978731	-2.67691	-2.66599	36.4567	
0.988901	-0.0110543	0.148166	-0.0110714	0.988973	0.147679	-0.148165	-0.14768	0.977874	-2.78467	-2.77339	37.1751	
0.988191	-0.0117622	0.152774	-0.0118156	0.988231	0.152512	-0.15277	-0.152516	0.976422	-2.89516	-2.88361	37.8926	
0.98746	-0.012493	0.157376	-0.0125826	0.987465	0.157337	-0.157369	-0.157344	0.974924	-3.00904	-2.99738	38.6091	
0.986707	-0.0132465	0.161971	-0.0133722	0.986675	0.162155	-0.161961	-0.162165	0.973381	-3.12629	-3.1147	39.3245	
0.985932	-0.0140229	0.16656	-0.0141845	0.985861	0.166965	-0.166546	-0.166978	0.971792	-3.24691	-3.23555	40.0387	
0.985135	-0.014822	0.171141	-0.0150194	0.985023	0.171766	-0.171123	-0.171784	0.970158	-3.37089	-3.35994	40.7517	
0.984317	-0.0156439	0.175714	-0.0158769	0.984162	0.17656	-0.175693	-0.176581	0.968479	-3.49823	-3.48785	41.4635	
0.983477	-0.0164884	0.18028	-0.016757	0.983277	0.181344	-0.180255	-0.181369	0.966754	-3.62892	-3.61928	42.1741	
0.982616	-0.0173556	0.184838	-0.0176595	0.982368	0.18612	-0.18481	-0.186149	0.964984	-3.76297	-3.75422	42.8834	
0.981733	-0.0182455	0.189389	-0.0185845	0.981436	0.190887	-0.189356	-0.19092	0.963169	-3.90035	-3.89267	43.5914	
0.980828	-0.0191578	0.19393	-0.019532	0.98048	0.195644	-0.193893	-0.195681	0.961309	-4.04107	-4.03462	44.298	
0.979902	-0.0200928	0.198464	-0.0205018	0.979501	0.200393	-0.198422	-0.200434	0.959403	-4.18512	-4.18006	45.0032	
0.978955	-0.0210502	0.202988	-0.0214939	0.978499	0.205131	-0.202942	-0.205177	0.957453	-4.33249	-4.32899	45.707	
0.977986	-0.02203	0.207504	-0.0225084	0.977472	0.209859	-0.207452	-0.20991	0.955459	-4.48317	-4.4814	46.4094	
0.976996	-0.0230323	0.21201	-0.023545	0.976423	0.214578	-0.211954	-0.214633	0.953419	-4.63717	-4.63728	47.1103	
0.975985	-0.0240568	0.216507	-0.0246039	0.97535	0.219286	-0.216446	-0.219346	0.951335	-4.79446	-4.79663	47.8097	
0.974952	-0.0251037	0.220994	-0.0256849	0.974255	0.223983	-0.220928	-0.224049	0.949207	-4.95506	-4.95943	48.5075	
0.973898	-0.0261729	0.225472	-0.026788	0.973135	0.22867	-0.2254	-0.228741	0.947034	-5.11893	-5.12568	49.2037	
0.972823	-0.0272642	0.229939	-0.0279132	0.971993	0.233345	-0.229861	-0.233422	0.944816	-5.28609	-5.29537	49.8984	
0.971727	-0.0283777	0.234396	-0.0290604	0.970828	0.23801	-0.234313	-0.238092	0.942555	-5.45653	-5.4685	50.5914	
0.97061	-0.0295133	0.238843	-0.0302295	0.96964	0.242663	-0.238753	-0.242751	0.940249	-5.63022	-5.64505	51.2827	
0.969471	-0.030671	0.243279	-0.0314205	0.968428	0.247304	-0.243183	-0.247398	0.9379	-5.80718	-5.82502	51.9723	
0.968312	-0.0318506	0.247704	-0.0326333	0.967194	0.251934	-0.247602	-0.252034	0.935506	-5.98738	-6.0084	52.6602	
0.967132	-0.0330522	0.252117	-0.0338679	0.965937	0.256551	-0.252009	-0.256658	0.933069	-6.17082	-6.19518	53.3462	
0.965931	-0.0342756	0.25652	-0.0351243	0.964657	0.261157	-0.256405	-0.261269	0.930588	-6.3575	-6.38535	54.0305	
0.964709	-0.0355209	0.26091	-0.0364023	0.963355	0.265749	-0.260789	-0.265869	0.928064	-6.5474	-6.5789	54.713	
0.963467	-0.0367879	0.265289	-0.0377019	0.962029	0.27033	-0.265161	-0.270456	0.925496	-6.74052	-6.77582	55.3936	
0.962204	-0.0380766	0.269656	-0.0390231	0.960681	0.274897	-0.269521	-0.27503	0.922885	-6.93684	-6.97611	56.0722	
0.96092	-0.039387	0.274011	-0.0403657	0.959311	0.279451	-0.273868	-0.279591	0.920231	-7.13635	-7.17975	56.749	
0.959615	-0.0407189	0.278353	-0.0417298	0.957918	0.283992	-0.278203	-0.284139	0.917534	-7.33906	-7.38674	57.4237	
0.95829	-0.0420723	0.282682	-0.0431153	0.956503	0.288519	-0.282525	-0.288673	0.914794	-7.54494	-7.59706	58.0965	
0.956945	-0.0434472	0.286999	-0.044522	0.955065	0.293033	-0.286834	-0.293194	0.912011	-7.754	-7.81071	58.7673	
0.955579	-0.0448435	0.291302	-0.04595	0.953605	0.297533	-0.29113	-0.297701	0.909185	-7.96621	-8.02767	59.436	
0.954193	-0.0462611	0.295592	-0.0473992	0.952123	0.302018	-0.295412	-0.302195	0.906317	-8.18157	-8.24793	60.1026	
0.952787	-0.0476999	0.299869	-0.0488695	0.950619	0.306489	-0.299681	-0.306674	0.903406	-8.40007	-8.47149	60.7671	
0.951361	-0.0491599	0.304132	-0.0503608	0.949092	0.310946	-0.303935	-0.311138	0.900453	-8.62171	-8.69834	61.4294	
0.949914	-0.050641	0.308381	-0.0518731	0.947544	0.315388	-0.308176	-0.315588	0.897459	-8.84646	-8.92845	62.0895	
0.948448	-0.0521431	0.312615	-0.0534063	0.945974	0.319815	-0.312402	-0.320023	0.894422	-9.07432	-9.16183	62.7475	
0.946961	-0.0536662	0.316836	-0.0549603	0.944381	0.324227	-0.316614	-0.324444	0.891343	-9.30527	-9.39846	63.4032	
0.945455	-0.0552101	0.321041	-0.0565351	0.942767	0.328623	-0.320811	-0.328849	0.888222	-9.53932	-9.63834	64.0566	
0.943928	-0.0567749	0.325232	-0.0581306	0.941132	0.333004	-0.324993	-0.333238	0.88506	-9.77644	-9.88144	64.7077	
0.942382	-0.0583604	0.329408	-0.0597467	0.939474	0.33737	-0.32916	-0.337612	0.881857	-10.0166	-10.1278	65.3564	
0.940817	-0.0599666	0.333569	-0.0613833	0.937795	0.341719	-0.333311	-0.34197	0.878613	-10.2599	-10.3773	66.0028	
0.939231	-0.0615933	0.337714	-0.0630404	0.936095	0.346052	-0.337447	-0.346312	0.875327	-10.5062	-10.63	66.6468	
0.937626	-0.0632405	0.341844	-0.064718	0.934373	0.350369	-0.341568	-0.350638	0.872	-10.7555	-10.8859	67.2884	
0.936002	-0.0649082	0.345958	-0.0664158	0.93263	0.354669	-0.345672	-0.354948	0.868633	-11.0078	-11.145	67.9275	
0.934358	-0.0665962	0.350056	-0.0681338	0.930866	0.358952	-0.34976	-0.359241	0.865225	-11.2631	-11.4072	68.5641	
0.932695	-0.0683044	0.354138	-0.069872	0.92908	0.363219	-0.353832	-0.363517	0.861776	-11.5215	-11.6726	69.1982	
0.928299	-0.072828	0.364632	-0.0747833	0.924027	0.374943	-0.364236	-0.375327	0.852327	-11.7852	-11.9439	69.8276	
