1	0	0	0	1	0	0	0	1	0	0	0	
0.999998	-1.45026e-06	0.00215631	-1.45026e-06	0.999999	0.00134513	-0.00215631	-0.00134513	0.999997	-0.00110811	-0.000691248	1.02778	
0.999991	-5.82451e-06	0.00432091	-5.82673e-06	0.999996	0.00269646	-0.00432091	-0.00269646	0.999987	-0.00443668	-0.00276818	2.05555	
0.999979	-1.31582e-05	0.00649368	-1.31671e-05	0.999992	0.00405392	-0.00649368	-0.00405392	0.999971	-0.00999418	-0.00623712	3.0833	
0.999962	-2.34862e-05	0.00867449	-2.35086e-05	0.999985	0.00541745	-0.00867449	-0.00541745	0.999948	-0.0177889	-0.0111044	4.11104	
0.999941	-3.68433e-05	0.0108632	-3.68883e-05	0.999977	0.00678698	-0.0108632	-0.00678698	0.999918	-0.0278292	-0.0173761	5.13875	
0.999915	-5.32636e-05	0.0130598	-5.33426e-05	0.999967	0.00816244	-0.0130598	-0.00816244	0.999881	-0.040123	-0.0250584	6.16642	
0.999883	-7.27809e-05	0.0152641	-7.29076e-05	0.999954	0.00954378	-0.0152641	-0.00954378	0.999838	-0.0546783	-0.0341575	7.19406	
0.999847	-9.54284e-05	0.0174759	-9.56192e-05	0.99994	0.0109309	-0.0174759	-0.0109309	0.999788	-0.071503	-0.0446792	8.22164	
0.999806	-0.000121239	0.0196952	-0.000121513	0.999924	0.0123238	-0.0196952	-0.0123238	0.99973	-0.0906048	-0.0566295	9.24917	
0.99976	-0.000150245	0.0219218	-0.000150623	0.999906	0.0137223	-0.0219218	-0.0137223	0.999666	-0.111991	-0.0700143	10.2766	
0.999708	-0.000182478	0.0241556	-0.000182984	0.999886	0.0151264	-0.0241556	-0.0151264	0.999594	-0.13567	-0.0848394	11.304	
0.999652	-0.000217971	0.0263965	-0.00021863	0.999863	0.0165361	-0.0263965	-0.0165361	0.999515	-0.161648	-0.10111	12.3314	
0.99959	-0.000256753	0.0286444	-0.000257596	0.999839	0.0179512	-0.0286444	-0.0179512	0.999428	-0.189933	-0.118833	13.3586	
0.999522	-0.000298856	0.0308992	-0.000299913	0.999812	0.0193717	-0.0308991	-0.0193717	0.999335	-0.220532	-0.138013	14.3857	
0.99945	-0.00034431	0.0331606	-0.000345615	0.999784	0.0207975	-0.0331606	-0.0207976	0.999234	-0.253451	-0.158655	15.4128	
0.999372	-0.000393143	0.0354287	-0.000394733	0.999753	0.0222286	-0.0354287	-0.0222286	0.999125	-0.288699	-0.180766	16.4397	
0.999289	-0.000445386	0.0377033	-0.000447301	0.99972	0.0236649	-0.0377033	-0.0236649	0.999009	-0.326281	-0.20435	17.4665	
0.9992	-0.000501066	0.0399842	-0.000503348	0.999685	0.0251063	-0.0399842	-0.0251063	0.998885	-0.366203	-0.229413	18.4932	
0.999106	-0.000560213	0.0422714	-0.000562906	0.999647	0.0265527	-0.0422714	-0.0265527	0.998753	-0.408473	-0.25596	19.5198	
0.999006	-0.000622853	0.0445647	-0.000626005	0.999608	0.028004	-0.0445646	-0.0280041	0.998614	-0.453098	-0.283997	20.5462	
0.998901	-0.000689013	0.046864	-0.000692675	0.999566	0.0294603	-0.0468639	-0.0294604	0.998467	-0.500082	-0.313527	21.5725	
0.99879	-0.000758721	0.0491692	-0.000762946	0.999522	0.0309214	-0.0491691	-0.0309215	0.998312	-0.549432	-0.344557	22.5986	
0.998674	-0.000832002	0.0514801	-0.000836845	0.999475	0.0323873	-0.05148	-0.0323874	0.998149	-0.601155	-0.37709	23.6246	
0.998551	-0.000908881	0.0537966	-0.000914403	0.999426	0.0338578	-0.0537965	-0.033858	0.997978	-0.655255	-0.411133	24.6504	
0.998424	-0.000989384	0.0561187	-0.000995645	0.999375	0.035333	-0.0561186	-0.0353332	0.997799	-0.711739	-0.44669	25.676	
0.99829	-0.00107354	0.0584461	-0.0010806	0.999322	0.0368127	-0.058446	-0.0368129	0.997612	-0.770613	-0.483765	26.7014	
0.998151	-0.00116136	0.0607788	-0.0011693	0.999266	0.0382969	-0.0607787	-0.0382971	0.997416	-0.831881	-0.522363	27.7266	
0.998005	-0.00125288	0.0631167	-0.00126176	0.999207	0.0397854	-0.0631165	-0.0397857	0.997213	-0.895549	-0.562489	28.7516	
0.997854	-0.00134811	0.0654595	-0.00135801	0.999147	0.0412783	-0.0654593	-0.0412786	0.997001	-0.961623	-0.604147	29.7764	
0.997697	-0.00144709	0.0678073	-0.00145808	0.999084	0.0427754	-0.067807	-0.0427758	0.996781	-1.03011	-0.647342	30.801	
0.997535	-0.00154983	0.0701598	-0.00156199	0.999018	0.0442767	-0.0701595	-0.0442771	0.996553	-1.10101	-0.692077	31.8254	
0.997366	-0.00165635	0.0725169	-0.00166976	0.99895	0.0457821	-0.0725166	-0.0457826	0.996316	-1.17433	-0.738358	32.8495	
0.997191	-0.00176668	0.0748786	-0.00178143	0.99888	0.0472915	-0.0748783	-0.0472921	0.996071	-1.25007	-0.786188	33.8734	
0.99701	-0.00188083	0.0772447	-0.00189701	0.998807	0.0488049	-0.0772443	-0.0488055	0.995817	-1.32825	-0.835572	34.897	
0.996824	-0.00199882	0.079615	-0.00201652	0.998731	0.0503221	-0.0796146	-0.0503228	0.995555	-1.40885	-0.886513	35.9203	
0.996631	-0.00212068	0.0819895	-0.00213999	0.998653	0.0518432	-0.081989	-0.051844	0.995284	-1.4919	-0.939015	36.9434	
0.996432	-0.00224641	0.0843681	-0.00226743	0.998572	0.0533679	-0.0843675	-0.0533688	0.995004	-1.57739	-0.993083	37.9662	
0.996227	-0.00237605	0.0867505	-0.00239888	0.998489	0.0548964	-0.0867498	-0.0548973	0.994716	-1.66532	-1.04872	38.9887	
0.996016	-0.00250959	0.0891367	-0.00253434	0.998403	0.0564284	-0.089136	-0.0564295	0.99442	-1.75571	-1.10593	40.0109	
0.995799	-0.00264708	0.0915265	-0.00267385	0.998315	0.0579638	-0.0915257	-0.0579651	0.994114	-1.84855	-1.16472	41.0328	
0.995576	-0.0027885	0.0939199	-0.00281741	0.998224	0.0595028	-0.093919	-0.0595041	0.9938	-1.94385	-1.22508	42.0543	
0.995346	-0.0029339	0.0963167	-0.00296504	0.998131	0.061045	-0.0963157	-0.0610465	0.993477	-2.04161	-1.28703	43.0756	
0.995111	-0.00308326	0.0987167	-0.00311677	0.998034	0.0625906	-0.0987157	-0.0625922	0.993145	-2.14183	-1.35057	44.0965	
0.994869	-0.00323663	0.10112	-0.00327261	0.997936	0.0641393	-0.101119	-0.0641411	0.992805	-2.24452	-1.41569	45.117	
0.994621	-0.00339399	0.103526	-0.00343258	0.997834	0.0656912	-0.103525	-0.0656932	0.992455	-2.34969	-1.48242	46.1372	
0.994367	-0.00355538	0.105935	-0.00359669	0.99773	0.0672461	-0.105934	-0.0672483	0.992097	-2.45733	-1.55073	47.1571	
0.994106	-0.00372079	0.108347	-0.00376496	0.997623	0.068804	-0.108346	-0.0688064	0.991729	-2.56744	-1.62065	48.1765	
0.993839	-0.00389025	0.110762	-0.00393741	0.997514	0.0703647	-0.11076	-0.0703673	0.991353	-2.68004	-1.69217	49.1956	
0.993566	-0.00406376	0.113179	-0.00411404	0.997401	0.0719283	-0.113177	-0.0719311	0.990968	-2.79512	-1.76529	50.2143	
0.993287	-0.00424134	0.115599	-0.00429487	0.997286	0.0734946	-0.115597	-0.0734977	0.990573	-2.91268	-1.84003	51.2326	
0.993001	-0.00442299	0.11802	-0.00447992	0.997169	0.0750636	-0.118018	-0.0750669	0.99017	-3.03274	-1.91638	52.2505	
0.992709	-0.00460872	0.120444	-0.0046692	0.997048	0.0766351	-0.120442	-0.0766388	0.989758	-3.15528	-1.99433	53.2679	
0.992411	-0.00479854	0.12287	-0.00486271	0.996925	0.0782092	-0.122868	-0.0782131	0.989336	-3.28031	-2.07391	54.285	
0.992107	-0.00499247	0.125298	-0.00506048	0.996799	0.0797857	-0.125296	-0.0797899	0.988906	-3.40784	-2.15511	55.3016	
0.991796	-0.0051905	0.127728	-0.0052625	0.996671	0.0813645	-0.127725	-0.0813691	0.988466	-3.53787	-2.23793	56.3177	
0.991478	-0.00539264	0.13016	-0.0054688	0.996539	0.0829456	-0.130157	-0.0829506	0.988017	-3.67039	-2.32237	57.3334	
0.991155	-0.00559891	0.132593	-0.00567937	0.996405	0.0845289	-0.132589	-0.0845343	0.98756	-3.80541	-2.40844	58.3487	
0.990825	-0.0058093	0.135027	-0.00589423	0.996268	0.0861143	-0.135023	-0.0861201	0.987093	-3.94293	-2.49613	59.3634	
0.990489	-0.00602381	0.137463	-0.00611339	0.996128	0.0877018	-0.137459	-0.087708	0.986617	-4.08296	-2.58546	60.3777	
0.990146	-0.00624247	0.1399	-0.00633685	0.995985	0.0892912	-0.139896	-0.0892978	0.986131	-4.22549	-2.67642	61.3914	
0.989797	-0.00646526	0.142338	-0.00656462	0.99584	0.0908825	-0.142333	-0.0908896	0.985637	-4.37052	-2.76902	62.4047	
0.989442	-0.00669219	0.144777	-0.0067967	0.995692	0.0924756	-0.144772	-0.0924832	0.985133	-4.51806	-2.86325	63.4175	
0.98908	-0.00692327	0.147216	-0.00703311	0.995541	0.0940704	-0.147211	-0.0940785	0.984621	-4.66811	-2.95913	64.4297	
0.988712	-0.00715849	0.149657	-0.00727384	0.995387	0.0956669	-0.149651	-0.0956756	0.984099	-4.82066	-3.05664	65.4414	
0.988097	-0.00754275	0.153647	-0.00699921	0.995558	0.0938852	-0.153672	-0.0938431	0.983656	-4.97654	-3.15403	66.4526	
0.987465	-0.00791987	0.157638	-0.00671778	0.995726	0.0921075	-0.157693	-0.092012	0.983192	-5.13655	-3.24954	67.4634	
0.986817	-0.00828981	0.161629	-0.00642956	0.995891	0.0903336	-0.161714	-0.0901819	0.982708	-5.30069	-3.34317	68.4736	
0.986151	-0.00865252	0.165621	-0.00613455	0.996052	0.0885633	-0.165734	-0.0883528	0.982205	-5.46896	-3.43491	69.4834	
0.98547	-0.00900796	0.169613	-0.00583273	0.996209	0.0867965	-0.169752	-0.0865246	0.981681	-5.64136	-3.52478	70.4926	
0.984771	-0.00935608	0.173604	-0.00552411	0.996363	0.0850331	-0.173768	-0.0846971	0.981138	-5.81789	-3.61277	71.5013	
0.98285	-0.0101392	0.184127	-0.00134252	0.998067	0.062126	-0.184401	-0.0613077	0.980937	-6.00196	-3.6878	72.5096	
0.980816	-0.0106711	0.194644	0.00308594	0.999225	0.0392311	-0.194912	-0.0378778	0.980089	-6.1969	-3.73878	73.5174	
0.978669	-0.0109516	0.205149	0.00775833	0.999836	0.0163636	-0.205295	-0.0144229	0.978594	-6.40257	-3.76566	74.524	
0.976412	-0.0109805	0.215635	0.0126716	0.999899	-0.00646148	-0.215542	0.0090415	0.976453	-6.61885	-3.76842	75.5287	
0.974046	-0.0107577	0.226094	0.0178224	0.999414	-0.029229	-0.225647	0.0324999	0.973667	-6.84558	-3.74707	76.5309	
0.971572	-0.0102834	0.23652	0.0232075	0.998381	-0.051924	-0.235603	0.0559369	0.970238	-7.08262	-3.70162	77.53	
0.968993	-0.00955785	0.246905	0.0288232	0.996802	-0.0745314	-0.245403	0.079337	0.966169	-7.32982	-3.6321	78.5251	
0.966308	-0.00858161	0.257244	0.0346659	0.994677	-0.0970364	-0.255042	0.102685	0.961462	-7.58701	-3.53856	79.5157	
0.963522	-0.0073553	0.267528	0.0407316	0.992007	-0.119424	-0.264512	0.125965	0.956121	-7.85402	-3.42105	80.5012	
0.960635	-0.00587972	0.277752	0.0470165	0.988795	-0.14168	-0.273807	0.149161	0.950148	-8.13067	-3.27966	81.4809	
0.957649	-0.00415584	0.287909	0.0535162	0.985043	-0.163788	-0.282922	0.17226	0.943548	-8.41678	-3.11448	82.4541	
0.954566	-0.00218481	0.297991	0.0602267	0.980752	-0.185736	-0.291849	0.195244	0.936325	-8.71216	-2.92561	83.4202	
0.951389	3.20824e-05	0.307992	0.0671433	0.975926	-0.207507	-0.300585	0.2181	0.928483	-9.01663	-2.71319	84.3785	
0.948119	0.00249336	0.317907	0.0742616	0.970569	-0.229089	-0.309121	0.240812	0.920029	-9.32996	-2.47734	85.3285	
0.944758	0.00519741	0.327727	0.0815768	0.964682	-0.250465	-0.317454	0.263364	0.910968	-9.65197	-2.21824	86.2695	
0.94131	0.00814243	0.337446	0.0890842	0.958272	-0.271624	-0.325577	0.285743	0.901305	-9.98244	-1.93604	87.2009	
0.937775	0.0113265	0.347059	0.0967787	0.951341	-0.292549	-0.333485	0.307933	0.891047	-10.3211	-1.63094	88.122	
0.934156	0.0147475	0.356559	0.104655	0.943894	-0.313228	-0.341173	0.32992	0.880201	-10.6679	-1.30314	89.0323	
0.930457	0.0184032	0.365939	0.112709	0.935936	-0.333648	-0.348636	0.351689	0.868774	-11.0224	-0.952849	89.9311	
0.926678	0.0222911	0.375194	0.120934	0.927473	-0.353793	-0.355869	0.373226	0.856773	-11.3844	-0.580302	90.8179	
0.922823	0.0264087	0.384317	0.129325	0.918509	-0.373652	-0.362866	0.394517	0.844207	-11.7538	-0.185746	91.692	
0.918895	0.0307534	0.393302	0.137877	0.909052	-0.393211	-0.369624	0.415547	0.831083	-12.1302	0.23056	92.553	
0.914895	0.0353221	0.402143	0.146584	0.899106	-0.412457	-0.376139	0.436303	0.81741	-12.5135	0.66834	93.4002	
0.910827	0.0401119	0.410835	0.155439	0.88868	-0.431378	-0.382404	0.45677	0.803199	-12.9033	1.12731	94.2331	
0.906693	0.0451197	0.419372	0.164439	0.877779	-0.44996	-0.388418	0.476936	0.788456	-13.2995	1.60715	95.051	
0.902495	0.050342	0.427747	0.173575	0.866411	-0.468192	-0.394175	0.496788	0.773194	-13.7016	2.10757	95.8536	
0.898238	0.0557756	0.435956	0.182844	0.854583	-0.486062	-0.399671	0.516311	0.75742	-14.1096	2.62822	96.6402	
0.893923	0.0614167	0.443994	0.192237	0.842303	-0.503558	-0.404904	0.535494	0.741147	-14.5231	3.16876	97.4103	
0.889553	0.0672617	0.451854	0.201749	0.82958	-0.520668	-0.40987	0.554323	0.724385	-14.9418	3.72883	98.1635	
