1	0	0	0	1	0	0	0	1	0	0	0	
0.999989	-3.13862e-06	0.00466709	-3.13862e-06	0.999999	0.00134499	-0.00466709	-0.00134499	0.999988	-0.00199413	-0.000574679	0.854542	
0.999956	-1.25517e-05	0.00933452	-1.25439e-05	0.999996	0.00268841	-0.00933452	-0.00268841	0.999953	-0.00797664	-0.00229804	1.70906	
0.999902	-2.8233e-05	0.0140022	-2.82019e-05	0.999992	0.00403022	-0.0140022	-0.00403022	0.999894	-0.0179478	-0.00516874	2.56355	
0.999826	-5.01761e-05	0.0186699	-5.00983e-05	0.999986	0.0053704	-0.0186699	-0.0053704	0.999811	-0.0319077	-0.00918538	3.41797	
0.999728	-7.83746e-05	0.0233377	-7.8219e-05	0.999977	0.00670892	-0.0233377	-0.00670892	0.999705	-0.0498564	-0.0143466	4.27231	
0.999608	-0.000112822	0.0280053	-0.000112549	0.999968	0.00804573	-0.0280053	-0.00804573	0.999575	-0.0717939	-0.0206508	5.12655	
0.999466	-0.00015351	0.0326727	-0.000153075	0.999956	0.00938082	-0.0326727	-0.00938081	0.999422	-0.09772	-0.0280967	5.98067	
0.999303	-0.000200434	0.0373398	-0.000199781	0.999943	0.0107141	-0.0373398	-0.0107141	0.999245	-0.127635	-0.0366828	6.83464	
0.999117	-0.000253585	0.0420064	-0.000252652	0.999927	0.0120457	-0.0420064	-0.0120457	0.999045	-0.161537	-0.0464074	7.68846	
0.99891	-0.000312957	0.0466725	-0.000311674	0.99991	0.0133754	-0.0466725	-0.0133754	0.998821	-0.199427	-0.0572691	8.5421	
0.998681	-0.000378541	0.0513379	-0.00037683	0.999892	0.0147032	-0.0513379	-0.0147032	0.998573	-0.241305	-0.0692664	9.39553	
0.998431	-0.000450331	0.0560026	-0.000448107	0.999871	0.0160292	-0.0560026	-0.0160292	0.998302	-0.287168	-0.0823975	10.2487	
0.998158	-0.000528318	0.0606663	-0.000525488	0.999849	0.0173533	-0.0606663	-0.0173532	0.998007	-0.337018	-0.0966609	11.1017	
0.997864	-0.000612495	0.065329	-0.000608958	0.999825	0.0186754	-0.0653291	-0.0186753	0.997689	-0.390852	-0.112055	11.9544	
0.997547	-0.000702854	0.0699907	-0.0006985	0.9998	0.0199955	-0.0699907	-0.0199954	0.997347	-0.448671	-0.128578	12.8068	
0.997209	-0.000799385	0.0746511	-0.0007941	0.999773	0.0213137	-0.0746511	-0.0213135	0.996982	-0.510473	-0.146228	13.659	
0.99685	-0.000902082	0.0793102	-0.00089574	0.999744	0.0226297	-0.0793102	-0.0226295	0.996593	-0.576256	-0.165004	14.5108	
0.996468	-0.00101094	0.0839678	-0.0010034	0.999713	0.0239438	-0.0839679	-0.0239435	0.996181	-0.646021	-0.184903	15.3622	
0.996065	-0.00112594	0.0886239	-0.00111708	0.99968	0.0252557	-0.088624	-0.0252553	0.995745	-0.719764	-0.205924	16.2133	
0.995639	-0.00124708	0.0932783	-0.00123674	0.999646	0.0265655	-0.0932784	-0.026565	0.995286	-0.797487	-0.228066	17.064	
0.995192	-0.00137435	0.0979309	-0.00136238	0.999611	0.0278732	-0.0979311	-0.0278726	0.994803	-0.879185	-0.251326	17.9144	
0.994723	-0.00150774	0.102582	-0.00149398	0.999573	0.0291786	-0.102582	-0.0291779	0.994297	-0.964859	-0.275702	18.7642	
0.994233	-0.00164724	0.10723	-0.00163152	0.999534	0.0304819	-0.107231	-0.030481	0.993767	-1.05451	-0.301192	19.6137	
0.99372	-0.00179284	0.111877	-0.00177499	0.999493	0.0317829	-0.111877	-0.0317819	0.993214	-1.14813	-0.327796	20.4627	
0.993186	-0.00194454	0.116521	-0.00192436	0.999451	0.0330816	-0.116522	-0.0330804	0.992637	-1.24571	-0.35551	21.3112	
0.99263	-0.00210232	0.121164	-0.00207962	0.999407	0.034378	-0.121164	-0.0343767	0.992037	-1.34727	-0.384332	22.1592	
0.992053	-0.00226617	0.125803	-0.00224075	0.999361	0.0356721	-0.125804	-0.0356705	0.991414	-1.45279	-0.414262	23.0067	
0.991453	-0.00243609	0.13044	-0.00240774	0.999314	0.0369639	-0.130441	-0.036962	0.990767	-1.56228	-0.445296	23.8536	
0.990832	-0.00261206	0.135075	-0.00258057	0.999265	0.0382532	-0.135075	-0.0382511	0.990097	-1.67573	-0.477432	24.7	
0.990189	-0.00279407	0.139706	-0.00275921	0.999214	0.0395402	-0.139707	-0.0395377	0.989403	-1.79314	-0.510669	25.5457	
0.989524	-0.00298211	0.144335	-0.00294366	0.999162	0.0408247	-0.144336	-0.0408219	0.988686	-1.9145	-0.545005	26.3909	
0.988838	-0.00317618	0.148961	-0.00313389	0.999108	0.0421067	-0.148962	-0.0421035	0.987946	-2.03982	-0.580437	27.2355	
0.98813	-0.00337625	0.153584	-0.00332988	0.999053	0.0433862	-0.153585	-0.0433826	0.987183	-2.16909	-0.616963	28.0794	
0.9874	-0.00358233	0.158203	-0.00353162	0.998996	0.0446632	-0.158204	-0.0446591	0.986396	-2.30231	-0.654581	28.9227	
0.986649	-0.00379439	0.162819	-0.00373909	0.998937	0.0459376	-0.162821	-0.0459331	0.985586	-2.43947	-0.693288	29.7652	
0.985875	-0.00401244	0.167432	-0.00395226	0.998877	0.0472094	-0.167433	-0.0472044	0.984753	-2.58058	-0.733083	30.6071	
0.985081	-0.00423644	0.172041	-0.00417113	0.998816	0.0484787	-0.172043	-0.048473	0.983896	-2.72563	-0.773964	31.4483	
0.984264	-0.00446641	0.176647	-0.00439567	0.998752	0.0497453	-0.176648	-0.049739	0.983016	-2.87462	-0.815927	32.2887	
0.983426	-0.00470231	0.181248	-0.00462586	0.998687	0.0510092	-0.18125	-0.0510022	0.982114	-3.02754	-0.858971	33.1283	
0.982566	-0.00494415	0.185846	-0.00486168	0.998621	0.0522704	-0.185848	-0.0522627	0.981188	-3.18439	-0.903093	33.9672	
0.981685	-0.0051919	0.19044	-0.00510312	0.998553	0.0535289	-0.190443	-0.0535204	0.980238	-3.34517	-0.948292	34.8053	
0.980782	-0.00544557	0.19503	-0.00535016	0.998484	0.0547847	-0.195033	-0.0547752	0.979266	-3.50987	-0.994564	35.6425	
0.979858	-0.00570513	0.199616	-0.00560276	0.998413	0.0560376	-0.199618	-0.0560273	0.978271	-3.6785	-1.04191	36.4789	
0.978912	-0.00597057	0.204197	-0.00586093	0.998341	0.0572878	-0.2042	-0.0572765	0.977252	-3.85104	-1.09032	37.3145	
0.977944	-0.00624188	0.208774	-0.00612463	0.998267	0.0585352	-0.208777	-0.0585228	0.976211	-4.02749	-1.1398	38.1491	
0.976955	-0.00651904	0.213346	-0.00639384	0.998191	0.0597796	-0.21335	-0.0597661	0.975146	-4.20786	-1.19034	38.9829	
0.975944	-0.00680206	0.217914	-0.00666855	0.998114	0.0610213	-0.217918	-0.0610065	0.974059	-4.39212	-1.24194	39.8157	
0.974912	-0.0070909	0.222477	-0.00694873	0.998036	0.06226	-0.222481	-0.0622439	0.972948	-4.5803	-1.2946	40.6476	
0.973859	-0.00738556	0.227035	-0.00723438	0.997956	0.0634957	-0.227039	-0.0634783	0.971815	-4.77236	-1.34832	41.4786	
0.972784	-0.00768603	0.231588	-0.00752545	0.997875	0.0647285	-0.231593	-0.0647097	0.970658	-4.96833	-1.40309	42.3085	
0.971687	-0.00799229	0.236136	-0.00782194	0.997792	0.0659584	-0.236141	-0.0659379	0.969479	-5.16818	-1.45891	43.1375	
0.970569	-0.00830433	0.240679	-0.00812382	0.997707	0.0671852	-0.240685	-0.0671631	0.968277	-5.37191	-1.51578	43.9655	
0.96943	-0.00862213	0.245216	-0.00843108	0.997622	0.0684089	-0.245223	-0.0683851	0.967052	-5.57953	-1.5737	44.7924	
0.96827	-0.00894569	0.249748	-0.00874369	0.997535	0.0696297	-0.249755	-0.069604	0.965804	-5.79102	-1.63266	45.6182	
0.967088	-0.00927498	0.254275	-0.00906163	0.997446	0.0708473	-0.254282	-0.0708197	0.964534	-6.00638	-1.69266	46.443	
0.965884	-0.00960999	0.258796	-0.00938488	0.997356	0.0720618	-0.258804	-0.0720321	0.96324	-6.22561	-1.7537	47.2667	
0.96466	-0.00995071	0.263311	-0.00971342	0.997265	0.0732732	-0.26332	-0.0732413	0.961924	-6.4487	-1.81577	48.0893	
0.963414	-0.0102971	0.26782	-0.0100472	0.997172	0.0744814	-0.26783	-0.0744473	0.960586	-6.67564	-1.87887	48.9107	
0.961436	-0.0108377	0.274816	-0.00990865	0.99721	0.0739913	-0.274851	-0.073861	0.958646	-6.90752	-1.94224	49.7308	
0.959405	-0.0113743	0.281801	-0.00976784	0.997247	0.0735069	-0.281862	-0.0732755	0.956653	-7.14539	-2.00511	50.5491	
0.957323	-0.011907	0.288776	-0.00962483	0.997283	0.073028	-0.288861	-0.0726907	0.954607	-7.38924	-2.06747	51.3657	
0.955187	-0.0124358	0.29574	-0.00947963	0.997319	0.0725544	-0.29585	-0.0721065	0.952509	-7.63907	-2.12934	52.1806	
0.953	-0.0129605	0.302692	-0.00933225	0.997355	0.072086	-0.302826	-0.0715227	0.950358	-7.89487	-2.19071	52.9937	
0.950761	-0.0134812	0.309632	-0.00918272	0.99739	0.0716226	-0.309789	-0.0709392	0.948155	-8.15663	-2.25158	53.8048	
0.94847	-0.013998	0.316559	-0.00903104	0.997424	0.071164	-0.316739	-0.0703558	0.9459	-8.42433	-2.31195	54.6141	
0.946127	-0.0145107	0.323472	-0.00887722	0.997457	0.0707102	-0.323675	-0.0697723	0.943592	-8.69796	-2.37183	55.4215	
0.943732	-0.0150193	0.330371	-0.00872125	0.997491	0.0702609	-0.330597	-0.0691886	0.941232	-8.97751	-2.4312	56.2268	
0.941285	-0.0155239	0.337255	-0.00856314	0.997523	0.0698159	-0.337504	-0.0686047	0.938821	-9.26298	-2.49008	57.0301	
0.938787	-0.0160243	0.344124	-0.00840288	0.997555	0.0693752	-0.344395	-0.0680202	0.936358	-9.55433	-2.54845	57.8313	
0.936238	-0.0165207	0.350977	-0.00824047	0.997587	0.0689386	-0.351269	-0.0674352	0.933843	-9.85157	-2.60633	58.6304	
0.933638	-0.0170129	0.357814	-0.00807588	0.997618	0.0685059	-0.358127	-0.0668493	0.931277	-10.1547	-2.66371	59.4273	
0.930987	-0.017501	0.364634	-0.00790909	0.997649	0.0680769	-0.364968	-0.0662626	0.928659	-10.4636	-2.72058	60.222	
0.928284	-0.0179849	0.371436	-0.0077401	0.997679	0.0676515	-0.37179	-0.0656748	0.925991	-10.7784	-2.77696	61.0145	
0.925532	-0.0184646	0.37822	-0.00756888	0.997709	0.0672295	-0.378594	-0.0650857	0.923271	-11.0991	-2.83283	61.8046	
0.922729	-0.01894	0.384985	-0.00739539	0.997738	0.0668108	-0.385379	-0.0644953	0.920502	-11.4255	-2.88819	62.5924	
0.919875	-0.0194112	0.391731	-0.0072196	0.997767	0.0663952	-0.392145	-0.0639034	0.917681	-11.7577	-2.94305	63.3778	
0.916972	-0.0198782	0.398457	-0.00704148	0.997796	0.0659826	-0.39889	-0.0633099	0.914811	-12.0957	-2.99741	64.1608	
0.914018	-0.0203408	0.405163	-0.006861	0.997824	0.0655728	-0.405615	-0.0627145	0.91189	-12.4394	-3.05126	64.9413	
0.911015	-0.0207991	0.411847	-0.0066781	0.997852	0.0651656	-0.412318	-0.0621172	0.90892	-12.7889	-3.10459	65.7193	
0.907963	-0.0212531	0.418511	-0.00649274	0.99788	0.064761	-0.419	-0.0615178	0.9059	-13.1441	-3.15742	66.4947	
0.904862	-0.0217026	0.425152	-0.00630487	0.997907	0.0643587	-0.425659	-0.0609162	0.902831	-13.505	-3.20973	67.2675	
0.901711	-0.0221478	0.431771	-0.00611443	0.997934	0.0639586	-0.432295	-0.0603122	0.899713	-13.8716	-3.26153	68.0377	
0.898512	-0.0225885	0.438367	-0.00592138	0.99796	0.0635605	-0.438908	-0.0597057	0.896546	-14.2438	-3.31281	68.8052	
0.895265	-0.0230247	0.444939	-0.00572565	0.997987	0.0631644	-0.445497	-0.0590964	0.893331	-14.6217	-3.36357	69.57	
0.887092	-0.0239825	0.460969	-0.000520196	0.998597	0.0529544	-0.461592	-0.0472152	0.885835	-15.0093	-3.409	70.3302	
0.878631	-0.0247261	0.47686	0.00486877	0.99907	0.0428328	-0.477476	-0.0353125	0.877935	-15.4106	-3.44426	71.0838	
0.869886	-0.025255	0.492606	0.0104388	0.999407	0.0328042	-0.493142	-0.0233937	0.869634	-15.8253	-3.46935	71.8305	
0.860861	-0.0255691	0.508198	0.0161873	0.999607	0.022873	-0.508583	-0.0114641	0.860936	-16.2533	-3.48424	72.57	
0.851559	-0.0256682	0.52363	0.0221117	0.99967	0.013044	-0.523792	0.00047062	0.851846	-16.6945	-3.48894	73.3019	
0.841986	-0.0255521	0.538895	0.0282094	0.999597	0.00332156	-0.538762	0.0124052	0.842367	-17.1485	-3.48344	74.0258	
0.832145	-0.0252211	0.553985	0.0344774	0.999386	-0.0062899	-0.553486	0.024334	0.832503	-17.6152	-3.46774	74.7414	
0.82204	-0.0246753	0.568894	0.0409129	0.999038	-0.015786	-0.567957	0.0362518	0.822259	-18.0944	-3.44185	75.4485	
0.811678	-0.0239148	0.583615	0.0475131	0.998554	-0.0251623	-0.58217	0.0481531	0.81164	-18.5858	-3.40578	76.1466	
0.801062	-0.02294	0.598142	0.0542748	0.997933	-0.0344147	-0.596116	0.0600323	0.800651	-19.0893	-3.35956	76.8356	
0.790197	-0.0217515	0.612467	0.0611951	0.997176	-0.0435388	-0.609791	0.0718842	0.789296	-19.6045	-3.30319	77.5149	
0.779088	-0.0203497	0.626585	0.0682707	0.996283	-0.0525305	-0.623187	0.0837032	0.777581	-20.1314	-3.23671	78.1844	
0.76774	-0.0187352	0.640488	0.0754984	0.995255	-0.0613857	-0.636298	0.0954841	0.765511	-20.6695	-3.16015	78.8438	
0.756158	-0.0169089	0.65417	0.0828749	0.994091	-0.0701004	-0.64912	0.107221	0.753092	-21.2188	-3.07353	79.4927	
0.744349	-0.0148714	0.667626	0.0903969	0.992794	-0.0786706	-0.661645	0.11891	0.740329	-21.7789	-2.97691	80.1308	
