1	0	0	0	1	0	0	0	1	0	0	0	
1	2.57922e-08	0.000234154	2.57922e-08	1	-0.000220301	-0.000234154	0.000220301	1	-0.000103773	9.76334e-05	0.886364	
1	1.03335e-07	0.000468679	1.0334e-07	1	-0.000440972	-0.000468679	0.000440972	1	-0.000415256	0.000390698	1.77273	
1	2.32872e-07	0.000703565	2.32892e-07	1	-0.000662005	-0.000703565	0.000662005	1	-0.000934773	0.000879517	2.65909	
1	4.1464e-07	0.000938803	4.14691e-07	1	-0.000883392	-0.000938803	0.000883392	0.999999	-0.00166264	0.00156441	3.54545	
0.999999	6.48869e-07	0.00117438	6.48971e-07	0.999999	-0.00110512	-0.00117438	0.00110512	0.999999	-0.00259917	0.00244568	4.43182	
0.999999	9.35779e-07	0.0014103	9.35959e-07	0.999999	-0.00132719	-0.0014103	0.00132719	0.999998	-0.00374465	0.00352364	5.31818	
0.999999	1.27558e-06	0.00164654	1.27587e-06	0.999999	-0.00154958	-0.00164654	0.00154958	0.999997	-0.00509939	0.00479857	6.20454	
0.999998	1.66849e-06	0.0018831	1.66892e-06	0.999998	-0.0017723	-0.0018831	0.0017723	0.999997	-0.00666366	0.00627077	7.0909	
0.999998	2.11469e-06	0.00211996	2.11531e-06	0.999998	-0.00199532	-0.00211996	0.00199532	0.999996	-0.00843774	0.00794051	7.97726	
0.999997	2.61439e-06	0.00235712	2.61524e-06	0.999998	-0.00221865	-0.00235712	0.00221865	0.999995	-0.0104219	0.00980807	8.86362	
0.999997	3.16775e-06	0.00259456	3.16889e-06	0.999997	-0.00244227	-0.00259456	0.00244227	0.999994	-0.0126164	0.0118737	9.74998	
0.999996	3.77496e-06	0.00283229	3.77644e-06	0.999996	-0.00266617	-0.00283229	0.00266617	0.999992	-0.0150215	0.0141377	10.6363	
0.999995	4.43618e-06	0.00307028	4.43806e-06	0.999996	-0.00289035	-0.00307028	0.00289035	0.999991	-0.0176374	0.0166002	11.5227	
0.999995	5.15156e-06	0.00330854	5.15392e-06	0.999995	-0.0031148	-0.00330854	0.0031148	0.99999	-0.0204644	0.0192616	12.409	
0.999994	5.92127e-06	0.00354705	5.92418e-06	0.999994	-0.0033395	-0.00354705	0.0033395	0.999988	-0.0235026	0.022122	13.2954	
0.999993	6.74543e-06	0.00378579	6.74897e-06	0.999994	-0.00356446	-0.00378579	0.00356446	0.999986	-0.0267524	0.0251817	14.1818	
0.999992	7.62419e-06	0.00402477	7.62844e-06	0.999993	-0.00378966	-0.00402477	0.00378966	0.999985	-0.0302139	0.0284409	15.0681	
0.999991	8.55767e-06	0.00426398	8.56272e-06	0.999992	-0.00401509	-0.00426398	0.00401509	0.999983	-0.0338873	0.0318999	15.9545	
0.99999	9.54598e-06	0.0045034	9.55193e-06	0.999991	-0.00424074	-0.0045034	0.00424074	0.999981	-0.0377729	0.0355587	16.8408	
0.999989	1.05892e-05	0.00474302	1.05962e-05	0.99999	-0.00446661	-0.00474302	0.00446661	0.999979	-0.0418707	0.0394176	17.7271	
0.999988	1.16875e-05	0.00498283	1.16956e-05	0.999989	-0.00469268	-0.00498283	0.00469268	0.999977	-0.046181	0.0434769	18.6135	
0.999986	1.2841e-05	0.00522284	1.28503e-05	0.999988	-0.00491896	-0.00522284	0.00491896	0.999974	-0.050704	0.0477366	19.4998	
0.999985	1.40497e-05	0.00546302	1.40603e-05	0.999987	-0.00514542	-0.00546302	0.00514542	0.999972	-0.0554398	0.0521969	20.3862	
0.999984	1.53136e-05	0.00570337	1.53257e-05	0.999986	-0.00537206	-0.00570337	0.00537206	0.999969	-0.0603885	0.0568581	21.2725	
0.999982	1.66329e-05	0.00594387	1.66466e-05	0.999984	-0.00559887	-0.00594387	0.00559887	0.999967	-0.0655504	0.0617202	22.1588	
0.999981	1.80077e-05	0.00618453	1.80231e-05	0.999983	-0.00582585	-0.00618453	0.00582585	0.999964	-0.0709255	0.0667834	23.0452	
0.999979	1.94379e-05	0.00642532	1.94552e-05	0.999982	-0.00605298	-0.00642532	0.00605298	0.999961	-0.0765139	0.0720479	23.9315	
0.999978	2.09237e-05	0.00666625	2.09429e-05	0.99998	-0.00628025	-0.00666625	0.00628025	0.999958	-0.0823159	0.0775138	24.8178	
0.999976	2.2465e-05	0.00690729	2.24864e-05	0.999979	-0.00650766	-0.00690729	0.00650766	0.999955	-0.0883314	0.0831811	25.7042	
0.999974	2.40618e-05	0.00714845	2.40856e-05	0.999977	-0.0067352	-0.00714845	0.0067352	0.999952	-0.0945607	0.0890501	26.5905	
0.999973	2.57143e-05	0.00738971	2.57405e-05	0.999976	-0.00696286	-0.00738971	0.00696286	0.999948	-0.101004	0.0951209	27.4768	
0.999971	2.74224e-05	0.00763106	2.74512e-05	0.999974	-0.00719063	-0.00763106	0.00719063	0.999945	-0.107661	0.101393	28.3631	
0.999969	2.91861e-05	0.00787249	2.92177e-05	0.999972	-0.0074185	-0.00787249	0.0074185	0.999941	-0.114532	0.107868	29.2494	
0.999967	3.10053e-05	0.008114	3.104e-05	0.999971	-0.00764646	-0.008114	0.00764646	0.999938	-0.121616	0.114544	30.1357	
0.999965	3.28802e-05	0.00835557	3.2918e-05	0.999969	-0.0078745	-0.00835557	0.0078745	0.999934	-0.128915	0.121423	31.0221	
0.999963	3.48106e-05	0.0085972	3.48518e-05	0.999967	-0.00810262	-0.0085972	0.00810262	0.99993	-0.136429	0.128504	31.9084	
0.999961	3.67965e-05	0.00883888	3.68412e-05	0.999965	-0.00833081	-0.00883888	0.00833081	0.999926	-0.144156	0.135787	32.7947	
0.999959	3.88379e-05	0.00908059	3.88864e-05	0.999963	-0.00855905	-0.00908059	0.00855905	0.999922	-0.152098	0.143272	33.681	
0.999957	4.09347e-05	0.00932233	4.09872e-05	0.999961	-0.00878734	-0.00932233	0.00878734	0.999918	-0.160253	0.15096	34.5672	
0.999954	4.30869e-05	0.00956409	4.31435e-05	0.999959	-0.00901567	-0.00956409	0.00901567	0.999914	-0.168624	0.15885	35.4535	
0.999952	4.52944e-05	0.00980585	4.53554e-05	0.999957	-0.00924404	-0.00980585	0.00924404	0.999909	-0.177208	0.166942	36.3398	
0.99995	4.75571e-05	0.0100476	4.76227e-05	0.999955	-0.00947242	-0.0100476	0.00947242	0.999905	-0.186007	0.175237	37.2261	
0.999947	4.98749e-05	0.0102894	4.99454e-05	0.999953	-0.00970081	-0.0102894	0.00970082	0.9999	-0.19502	0.183734	38.1124	
0.999945	5.22478e-05	0.0105311	5.23233e-05	0.999951	-0.00992922	-0.0105311	0.00992922	0.999895	-0.204247	0.192434	38.9986	
0.999942	5.46756e-05	0.0107728	5.47564e-05	0.999948	-0.0101576	-0.0107728	0.0101576	0.99989	-0.213688	0.201336	39.8849	
0.999939	5.71583e-05	0.0110145	5.72446e-05	0.999946	-0.010386	-0.0110145	0.010386	0.999885	-0.223344	0.21044	40.7712	
0.999937	5.96956e-05	0.0112561	5.97878e-05	0.999944	-0.0106144	-0.0112561	0.0106144	0.99988	-0.233214	0.219747	41.6574	
0.999934	6.22876e-05	0.0114977	6.23858e-05	0.999941	-0.0108427	-0.0114977	0.0108427	0.999875	-0.243298	0.229257	42.5437	
0.999931	6.4934e-05	0.0117392	6.50385e-05	0.999939	-0.011071	-0.0117392	0.011071	0.99987	-0.253596	0.238969	43.4299	
0.999928	6.76347e-05	0.0119806	6.77457e-05	0.999936	-0.0112992	-0.0119806	0.0112992	0.999864	-0.264108	0.248883	44.3162	
0.999925	7.03895e-05	0.0122219	7.05074e-05	0.999934	-0.0115274	-0.0122219	0.0115274	0.999859	-0.274834	0.258999	45.2024	
0.999922	7.31983e-05	0.0124632	7.33233e-05	0.999931	-0.0117555	-0.0124632	0.0117555	0.999853	-0.285774	0.269317	46.0887	
0.999919	7.6061e-05	0.0127043	7.61934e-05	0.999928	-0.0119835	-0.0127043	0.0119836	0.999847	-0.296928	0.279838	46.9749	
0.999916	7.89773e-05	0.0129453	7.91173e-05	0.999925	-0.0122115	-0.0129453	0.0122115	0.999842	-0.308296	0.290561	47.8611	
0.999913	8.1947e-05	0.0131862	8.2095e-05	0.999923	-0.0124394	-0.0131862	0.0124394	0.999836	-0.319877	0.301486	48.7473	
0.99991	8.497e-05	0.013427	8.51263e-05	0.99992	-0.0126671	-0.013427	0.0126671	0.99983	-0.331671	0.312613	49.6336	
0.999907	8.80461e-05	0.0136677	8.82109e-05	0.999917	-0.0128948	-0.0136677	0.0128948	0.999823	-0.343679	0.323941	50.5198	
0.999903	9.1175e-05	0.0139081	9.13486e-05	0.999914	-0.0131223	-0.0139081	0.0131223	0.999817	-0.3559	0.335471	51.406	
0.9999	9.43565e-05	0.0141485	9.45393e-05	0.999911	-0.0133497	-0.0141485	0.0133497	0.999811	-0.368334	0.347203	52.2922	
0.99989	0.000102734	0.0148553	5.10661e-05	0.999946	-0.0103525	-0.0148555	0.0103521	0.999836	-0.381188	0.357708	53.1784	
0.999879	0.000108997	0.0155625	5.47316e-06	0.999973	-0.00735526	-0.0155629	0.00735446	0.999852	-0.394669	0.365555	54.0646	
0.999868	0.000113142	0.0162703	-4.22396e-05	0.999991	-0.00435805	-0.0162706	0.00435679	0.999858	-0.408777	0.370745	54.9508	
0.999856	0.000115166	0.0169785	-9.20726e-05	0.999999	-0.00136094	-0.0169786	0.00135919	0.999855	-0.423513	0.373278	55.8371	
0.999844	0.000115067	0.0176872	-0.000144026	0.999999	0.001636	-0.0176869	-0.00163829	0.999842	-0.438876	0.373155	56.7233	
0.999831	0.000112842	0.0183963	-0.000198099	0.999989	0.00463271	-0.0183956	-0.00463557	0.99982	-0.454867	0.370374	57.6095	
0.999817	0.000108488	0.019106	-0.000254294	0.999971	0.00762912	-0.0191046	-0.00763259	0.999788	-0.471487	0.364937	58.4957	
0.999804	0.000102002	0.0198162	-0.000312608	0.999944	0.0106252	-0.019814	-0.0106293	0.999747	-0.488735	0.356844	59.3819	
0.999789	9.338e-05	0.020527	-0.000373043	0.999907	0.0136208	-0.0205238	-0.0136256	0.999697	-0.506612	0.346094	60.268	
0.999774	8.26195e-05	0.0212382	-0.000435599	0.999862	0.0166159	-0.0212339	-0.0166214	0.999636	-0.525118	0.33269	61.1541	
0.999759	6.97168e-05	0.0219501	-0.000500275	0.999808	0.0196105	-0.0219445	-0.0196167	0.999567	-0.544254	0.316629	62.0401	
0.999743	5.46684e-05	0.0226624	-0.000567071	0.999744	0.0226044	-0.0226554	-0.0226114	0.999488	-0.56402	0.297915	62.926	
0.999727	3.74706e-05	0.0233754	-0.000635987	0.999672	0.0255976	-0.0233668	-0.0256055	0.999399	-0.584416	0.276546	63.8119	
0.99971	1.81197e-05	0.0240889	-0.000707022	0.999591	0.0285901	-0.0240786	-0.0285988	0.999301	-0.605443	0.252523	64.6977	
0.999692	-3.38826e-06	0.0248031	-0.000780177	0.999501	0.0315817	-0.0247908	-0.0315914	0.999193	-0.627101	0.225848	65.5834	
0.999674	-2.70571e-05	0.0255178	-0.000855451	0.999402	0.0345725	-0.0255035	-0.0345831	0.999076	-0.64939	0.196521	66.469	
0.999656	-5.2891e-05	0.0262331	-0.000932844	0.999294	0.0375623	-0.0262166	-0.0375738	0.99895	-0.672312	0.164542	67.3545	
0.999637	-8.08942e-05	0.0269491	-0.00101235	0.999177	0.0405511	-0.0269302	-0.0405636	0.998814	-0.695866	0.129913	68.2398	
0.999617	-0.000111071	0.0276657	-0.00109398	0.999051	0.0435387	-0.0276443	-0.0435523	0.998669	-0.720052	0.0926344	69.1251	
0.999597	-0.000143425	0.0283829	-0.00117773	0.998916	0.0465253	-0.0283588	-0.04654	0.998514	-0.744872	0.0527071	70.0102	
0.999576	-0.000177962	0.0291008	-0.00126359	0.998773	0.0495106	-0.0290739	-0.0495264	0.99835	-0.770325	0.0101322	70.8952	
0.999555	-0.000214685	0.0298194	-0.00135157	0.99862	0.0524946	-0.0297895	-0.0525116	0.998176	-0.796412	-0.0350892	71.78	
0.999455	-0.000418368	0.0330212	-0.00203951	0.997229	0.0743645	-0.0329608	-0.0743913	0.996684	-0.824223	-0.0913325	72.6641	
0.999344	-0.000692227	0.0362174	-0.0027968	0.995358	0.0961964	-0.0361159	-0.0962345	0.994703	-0.854838	-0.166954	73.5467	
0.999223	-0.00103613	0.0394065	-0.00362309	0.993009	0.117979	-0.0392533	-0.11803	0.992234	-0.888241	-0.261916	74.4273	
0.999092	-0.0014499	0.0425869	-0.00451795	0.990183	0.139703	-0.0423714	-0.139769	0.989277	-0.924417	-0.376173	75.3055	
0.998951	-0.00193335	0.045757	-0.00548095	0.986881	0.161356	-0.0454687	-0.161438	0.985835	-0.963348	-0.509667	76.1809	
0.9988	-0.00248623	0.0489153	-0.00651162	0.983105	0.182929	-0.0485436	-0.183028	0.981908	-1.00501	-0.662335	77.053	
0.998639	-0.00310826	0.0520602	-0.00760945	0.978856	0.20441	-0.0515948	-0.204528	0.9775	-1.0494	-0.834099	77.9214	
0.998469	-0.00379916	0.0551902	-0.0087739	0.974137	0.22579	-0.0546206	-0.225928	0.972611	-1.09647	-1.02488	78.7857	
0.998288	-0.00455857	0.0583037	-0.0100044	0.968949	0.247057	-0.0576196	-0.247217	0.967245	-1.14622	-1.23458	79.6454	
0.998099	-0.00538613	0.0613992	-0.0113004	0.963297	0.268201	-0.0605903	-0.268384	0.961404	-1.19861	-1.46309	80.5002	
0.9979	-0.00628142	0.0644753	-0.0126611	0.957182	0.289211	-0.0635312	-0.28942	0.955091	-1.25362	-1.71031	81.3496	
0.997691	-0.00724401	0.0675303	-0.014086	0.950607	0.310079	-0.0664409	-0.310314	0.94831	-1.31122	-1.97611	82.1932	
0.997473	-0.00827342	0.0705628	-0.0155744	0.943575	0.330792	-0.0693181	-0.331055	0.941062	-1.37139	-2.26037	83.0306	
0.997246	-0.00936916	0.0735713	-0.0171254	0.936091	0.351341	-0.0721612	-0.351634	0.933352	-1.43409	-2.56293	83.8613	
0.99701	-0.0105307	0.0765543	-0.0187384	0.928157	0.371717	-0.0749688	-0.37204	0.925184	-1.4993	-2.88367	84.685	
0.996765	-0.0117574	0.0795103	-0.0204126	0.919778	0.391908	-0.0777397	-0.392263	0.916562	-1.56698	-3.2224	85.5013	
0.996511	-0.0130487	0.082438	-0.0221471	0.910957	0.411905	-0.0804723	-0.412294	0.90749	-1.6371	-3.57898	86.3097	
0.996248	-0.0144041	0.0853358	-0.0239411	0.9017	0.431699	-0.0831655	-0.432122	0.897972	-1.70962	-3.95323	87.1099	
