1	0	0	0	1	0	0	0	1	0	0	0	
0.999995	1.45736e-06	-0.00324538	1.45736e-06	1	0.000898113	0.00324538	-0.000898113	0.999994	0.00126619	-0.0003504	0.780302	
0.999979	5.83326e-06	-0.00649478	5.82636e-06	0.999998	0.00179521	0.00649478	-0.00179521	0.999977	0.00506633	-0.00140121	1.56059	
0.999952	1.31315e-05	-0.0097481	1.31039e-05	0.999996	0.00269127	0.0097481	-0.00269127	0.999949	0.0114035	-0.00315161	2.34087	
0.999915	2.33557e-05	-0.0130053	2.32866e-05	0.999994	0.00358625	0.0130053	-0.00358625	0.999909	0.0202808	-0.0056008	3.12112	
0.999868	3.65093e-05	-0.0162662	3.63709e-05	0.99999	0.00448014	0.0162662	-0.00448014	0.999858	0.0317011	-0.00874792	3.90133	
0.999809	5.25953e-05	-0.0195308	5.23529e-05	0.999986	0.00537291	0.0195308	-0.00537291	0.999795	0.0456674	-0.0125921	4.6815	
0.99974	7.16167e-05	-0.022799	7.12285e-05	0.99998	0.00626453	0.022799	-0.00626452	0.99972	0.0621825	-0.0171325	5.46161	
0.99966	9.35762e-05	-0.0260708	9.29933e-05	0.999974	0.00715497	0.0260708	-0.00715496	0.999634	0.0812491	-0.0223681	6.24167	
0.999569	0.000118476	-0.0293459	0.000117643	0.999968	0.0080442	0.0293459	-0.00804419	0.999537	0.10287	-0.0282981	7.02165	
0.999468	0.000146319	-0.0326244	0.000145172	0.99996	0.0089322	0.0326244	-0.00893219	0.999428	0.127048	-0.0349214	7.80155	
0.999355	0.000177107	-0.0359062	0.000175576	0.999952	0.00981895	0.0359062	-0.00981892	0.999307	0.153785	-0.0422372	8.58136	
0.999232	0.000210842	-0.0391911	0.000208849	0.999943	0.0107044	0.0391911	-0.0107044	0.999174	0.183085	-0.0502444	9.36107	
0.999097	0.000247524	-0.0424792	0.000244986	0.999933	0.0115886	0.0424792	-0.0115885	0.99903	0.214948	-0.058942	10.1407	
0.998952	0.000287157	-0.0457702	0.000283981	0.999922	0.0124714	0.0457702	-0.0124713	0.998874	0.249379	-0.068329	10.9202	
0.998796	0.00032974	-0.0490642	0.000325828	0.999911	0.0133528	0.0490642	-0.0133528	0.998706	0.286379	-0.0784043	11.6995	
0.998628	0.000375275	-0.052361	0.000370521	0.999899	0.0142329	0.052361	-0.0142328	0.998527	0.32595	-0.0891669	12.4787	
0.99845	0.000423763	-0.0556605	0.000418052	0.999886	0.0151116	0.0556606	-0.0151114	0.998335	0.368095	-0.100616	13.2578	
0.99826	0.000475203	-0.0589627	0.000468416	0.999872	0.0159888	0.0589628	-0.0159886	0.998132	0.412816	-0.112749	14.0367	
0.998059	0.000529597	-0.0622676	0.000521606	0.999858	0.0168646	0.0622676	-0.0168643	0.997917	0.460114	-0.125567	14.8155	
0.997847	0.000586944	-0.0655749	0.000577613	0.999842	0.0177388	0.0655749	-0.0177385	0.99769	0.509992	-0.139067	15.5941	
0.997624	0.000647245	-0.0688846	0.000636432	0.999827	0.0186116	0.0688847	-0.0186112	0.997451	0.562452	-0.153249	16.3725	
0.99739	0.000710498	-0.0721967	0.000698053	0.99981	0.0194828	0.0721968	-0.0194824	0.9972	0.617495	-0.168112	17.1507	
0.997145	0.000776704	-0.075511	0.00076247	0.999793	0.0203525	0.0755111	-0.0203519	0.996937	0.675123	-0.183653	17.9287	
0.996888	0.000845861	-0.0788275	0.000829674	0.999774	0.0212206	0.0788276	-0.0212199	0.996662	0.735339	-0.199872	18.7065	
0.99662	0.000917969	-0.082146	0.000899657	0.999756	0.022087	0.0821462	-0.0220863	0.996376	0.798143	-0.216768	19.4841	
0.996341	0.000993026	-0.0854666	0.00097241	0.999736	0.0229518	0.0854668	-0.022951	0.996077	0.863538	-0.23434	20.2615	
0.99605	0.00107103	-0.088789	0.00104792	0.999716	0.023815	0.0887893	-0.023814	0.995766	0.931524	-0.252585	21.0386	
0.995748	0.00115198	-0.0921133	0.00112619	0.999695	0.0246765	0.0921136	-0.0246753	0.995443	1.0021	-0.271503	21.8155	
0.995434	0.00123588	-0.0954393	0.0012072	0.999673	0.0255363	0.0954397	-0.0255349	0.995108	1.07528	-0.291093	22.5921	
0.99511	0.00132272	-0.098767	0.00129095	0.999651	0.0263944	0.0987674	-0.0263928	0.99476	1.15105	-0.311353	23.3685	
0.994774	0.0014125	-0.102096	0.00137742	0.999628	0.0272507	0.102097	-0.0272489	0.994401	1.22942	-0.332281	24.1445	
0.994426	0.00150522	-0.105427	0.0014666	0.999604	0.0281052	0.105428	-0.0281031	0.99403	1.31038	-0.353877	24.9203	
0.994067	0.00160087	-0.108759	0.00155849	0.999579	0.0289579	0.10876	-0.0289556	0.993646	1.39395	-0.376138	25.6958	
0.993696	0.00169946	-0.112093	0.00165307	0.999554	0.0298088	0.112093	-0.0298062	0.993251	1.48011	-0.399064	26.471	
0.993314	0.00180097	-0.115427	0.00175034	0.999528	0.0306579	0.115428	-0.030655	0.992843	1.56888	-0.422653	27.2459	
0.992921	0.00190541	-0.118763	0.00185028	0.999502	0.0315051	0.118764	-0.0315018	0.992423	1.66025	-0.446904	28.0204	
0.992516	0.00201278	-0.1221	0.00195288	0.999475	0.0323504	0.122101	-0.0323467	0.99199	1.75423	-0.471815	28.7947	
0.992099	0.00212306	-0.125438	0.00205814	0.999447	0.0331938	0.125439	-0.0331897	0.991546	1.8508	-0.497384	29.5685	
0.991671	0.00223626	-0.128777	0.00216603	0.999418	0.0340353	0.128778	-0.0340307	0.991089	1.94999	-0.52361	30.3421	
0.991231	0.00235238	-0.132116	0.00227655	0.999389	0.0348748	0.132118	-0.0348698	0.990621	2.05178	-0.550492	31.1152	
0.99078	0.0024714	-0.135457	0.0023897	0.999359	0.0357124	0.135458	-0.0357068	0.990139	2.15617	-0.578027	31.888	
0.990317	0.00259332	-0.138798	0.00250544	0.999329	0.0365479	0.138799	-0.0365418	0.989646	2.26317	-0.606215	32.6605	
0.989843	0.00271814	-0.142139	0.00262378	0.999298	0.0373814	0.142141	-0.0373747	0.989141	2.37278	-0.635054	33.4325	
0.989357	0.00284585	-0.145481	0.00274471	0.999266	0.0382129	0.145483	-0.0382055	0.988623	2.485	-0.664542	34.2041	
0.988859	0.00297645	-0.148823	0.0028682	0.999233	0.0390424	0.148826	-0.0390342	0.988093	2.59982	-0.694677	34.9753	
0.98835	0.00310994	-0.152166	0.00299425	0.9992	0.0398697	0.152168	-0.0398608	0.98755	2.71726	-0.725458	35.7461	
0.987829	0.00324631	-0.155509	0.00312284	0.999167	0.040695	0.155512	-0.0406853	0.986996	2.8373	-0.756883	36.5165	
0.987297	0.00338554	-0.158852	0.00325397	0.999132	0.0415181	0.158855	-0.0415076	0.986429	2.95995	-0.788951	37.2864	
0.986752	0.00352765	-0.162195	0.00338761	0.999098	0.0423391	0.162198	-0.0423276	0.98585	3.08521	-0.821659	38.0559	
0.986197	0.00367261	-0.165538	0.00352376	0.999062	0.0431579	0.165541	-0.0431455	0.985259	3.21308	-0.855007	38.825	
0.985629	0.00382043	-0.168881	0.00366239	0.999026	0.0439745	0.168885	-0.0439611	0.984655	3.34356	-0.888991	39.5935	
0.98505	0.0039711	-0.172224	0.00380351	0.998989	0.044789	0.172228	-0.0447744	0.984039	3.47664	-0.923612	40.3616	
0.984459	0.00412461	-0.175566	0.00394709	0.998952	0.0456012	0.17557	-0.0455855	0.983411	3.61234	-0.958866	41.1292	
0.983856	0.00428096	-0.178909	0.00409313	0.998914	0.0464112	0.178913	-0.0463942	0.98277	3.75064	-0.994752	41.8963	
0.983197	0.00444642	-0.182492	0.0037252	0.999006	0.0444108	0.182508	-0.0443444	0.982204	3.89165	-1.03015	42.663	
0.982523	0.00460487	-0.186083	0.00334978	0.999095	0.0424108	0.18611	-0.0422929	0.981618	4.03546	-1.06396	43.4292	
0.981834	0.00475626	-0.189683	0.00296687	0.999179	0.0404112	0.18972	-0.0402398	0.981013	4.18209	-1.09616	44.1949	
0.981129	0.0049005	-0.193291	0.00257644	0.999259	0.038412	0.193336	-0.0381852	0.980389	4.33154	-1.12675	44.9601	
0.980409	0.00503756	-0.196906	0.0021785	0.999334	0.0364135	0.196958	-0.0361291	0.979746	4.48382	-1.15575	45.7249	
0.979674	0.00516737	-0.200528	0.00177303	0.999406	0.0344156	0.200587	-0.0340716	0.979083	4.63892	-1.18314	46.4891	
0.978924	0.00528988	-0.204157	0.00136002	0.999473	0.0324184	0.204221	-0.0320128	0.978401	4.79686	-1.20892	47.2528	
0.978158	0.00540503	-0.207792	0.000939459	0.999537	0.0304221	0.20786	-0.0299528	0.9777	4.95763	-1.2331	48.016	
0.977377	0.00551277	-0.211433	0.000511348	0.999596	0.0284267	0.211504	-0.0278917	0.976979	5.12125	-1.25566	48.7786	
0.97658	0.00561306	-0.215079	7.56761e-05	0.999651	0.0264322	0.215152	-0.0258294	0.976239	5.28771	-1.27662	49.5407	
0.975769	0.00570586	-0.218731	-0.000367562	0.999701	0.0244387	0.218805	-0.0237661	0.975479	5.45702	-1.29597	50.3022	
0.974941	0.0057911	-0.222387	-0.00081837	0.999748	0.0224463	0.222461	-0.0217019	0.9747	5.62918	-1.31371	51.063	
0.974099	0.00586876	-0.226048	-0.00127675	0.99979	0.0204552	0.22612	-0.0196367	0.973901	5.80419	-1.32984	51.8233	
0.97324	0.0059388	-0.229712	-0.00174272	0.999828	0.0184652	0.229783	-0.0175708	0.973083	5.98207	-1.34436	52.5829	
0.972367	0.00600116	-0.233381	-0.00221626	0.999862	0.0164766	0.233447	-0.015504	0.972246	6.1628	-1.35726	53.3419	
0.971478	0.00605583	-0.237052	-0.00269739	0.999891	0.0144893	0.237114	-0.0134366	0.971389	6.34639	-1.36855	54.1002	
0.970574	0.00610277	-0.240727	-0.0031861	0.999917	0.0125034	0.240783	-0.0113685	0.970512	6.53284	-1.37823	54.8578	
0.969654	0.00614194	-0.244404	-0.0036824	0.999938	0.0105191	0.244453	-0.00929988	0.969617	6.72215	-1.38629	55.6148	
0.968719	0.00617332	-0.248083	-0.00418629	0.999955	0.00853626	0.248124	-0.0072307	0.968701	6.91434	-1.39274	56.371	
0.967769	0.00619687	-0.251763	-0.00469776	0.999967	0.00655505	0.251796	-0.00516105	0.967767	7.10938	-1.39758	57.1265	
0.966803	0.00621258	-0.255446	-0.00521681	0.999976	0.00457551	0.255468	-0.003091	0.966813	7.30729	-1.4008	57.8813	
0.965823	0.00622041	-0.259129	-0.00574345	0.99998	0.00259768	0.25914	-0.00102061	0.965839	7.50807	-1.4024	58.6353	
0.964827	0.00622036	-0.262812	-0.00627767	0.99998	0.000621624	0.262811	0.00105009	0.964847	7.71171	-1.40239	59.3886	
0.963816	0.00621239	-0.266496	-0.00681946	0.999976	-0.0013526	0.266481	0.00312102	0.963835	7.91821	-1.40076	60.1411	
0.96279	0.00619649	-0.27018	-0.00736882	0.999967	-0.00332495	0.270151	0.00519214	0.962804	8.12758	-1.39752	60.8927	
0.961749	0.00617266	-0.273863	-0.00792575	0.999955	-0.00529537	0.273818	0.00726339	0.961754	8.33981	-1.39266	61.6436	
0.960693	0.00614086	-0.277546	-0.00849024	0.999938	-0.00726381	0.277484	0.00933472	0.960685	8.5549	-1.38618	62.3937	
0.959622	0.0061011	-0.281227	-0.00906229	0.999916	-0.00923021	0.281147	0.0114061	0.959597	8.77285	-1.37809	63.1429	
0.958536	0.00605337	-0.284907	-0.00964189	0.999891	-0.0111945	0.284808	0.0134774	0.95849	8.99366	-1.36838	63.8912	
0.957436	0.00599765	-0.288584	-0.010229	0.999861	-0.0131567	0.288465	0.0155487	0.957364	9.21732	-1.35706	64.6387	
0.956321	0.00593395	-0.292259	-0.0108237	0.999827	-0.0151167	0.292119	0.0176198	0.95622	9.44384	-1.34412	65.3853	
0.955191	0.00586225	-0.295932	-0.0114259	0.999789	-0.0170745	0.295769	0.0196907	0.955056	9.67321	-1.32956	66.131	
0.954047	0.00578257	-0.299601	-0.0120356	0.999746	-0.01903	0.299415	0.0217614	0.953875	9.90542	-1.31339	66.8757	
0.952888	0.0056949	-0.303267	-0.0126528	0.9997	-0.0209832	0.303057	0.0238319	0.952674	10.1405	-1.2956	67.6196	
0.951716	0.00559925	-0.30693	-0.0132775	0.999649	-0.0229341	0.306693	0.025902	0.951456	10.3784	-1.2762	68.3625	
0.950529	0.00549562	-0.310588	-0.0139097	0.999594	-0.0248825	0.310325	0.0279717	0.950219	10.6191	-1.25518	69.1044	
0.949328	0.00538401	-0.314241	-0.0145494	0.999534	-0.0268285	0.31395	0.030041	0.948964	10.8627	-1.23254	69.8454	
0.948113	0.00526445	-0.31789	-0.0151965	0.99947	-0.028772	0.31757	0.0321099	0.947691	11.1091	-1.2083	70.5854	
0.947215	0.0051468	-0.320558	-0.0213491	0.998664	-0.0470501	0.319887	0.0514102	0.94606	11.3578	-1.17571	71.3243	
0.946311	0.0049748	-0.32322	-0.0275453	0.997486	-0.0652934	0.322083	0.070691	0.944069	11.6082	-1.12807	72.0617	
0.9454	0.00474852	-0.325877	-0.0337827	0.995935	-0.0834947	0.324156	0.0899449	0.941718	11.8604	-1.0654	72.7975	
0.944484	0.00446804	-0.328526	-0.0400589	0.994014	-0.101647	0.326105	0.109165	0.939009	12.1141	-0.98771	73.5313	
0.943563	0.00413348	-0.331167	-0.0463716	0.991721	-0.119744	0.32793	0.128343	0.935943	12.3693	-0.895044	74.2628	
0.942637	0.00374495	-0.333799	-0.0527183	0.989059	-0.137778	0.329631	0.147472	0.932521	12.6258	-0.787431	74.9918	
0.941706	0.00330261	-0.336421	-0.0590966	0.986028	-0.155743	0.331206	0.166545	0.928744	12.8837	-0.664913	75.718	
