1	0	0	0	1	0	0	0	1	0	0	0	
0.999998	4.8329e-06	-0.00211236	4.8329e-06	0.99999	0.0045758	0.00211236	-0.0045758	0.999987	0.00100337	-0.00217351	0.949996	
0.999991	1.93426e-05	-0.00422592	1.93419e-05	0.999958	0.00915389	0.00422592	-0.00915389	0.999949	0.00401406	-0.00869512	1.89997	
0.99998	4.35451e-05	-0.00634061	4.35425e-05	0.999906	0.0137341	0.00634061	-0.0137341	0.999886	0.00903317	-0.0195669	2.84989	
0.999964	7.74559e-05	-0.00845636	7.74492e-05	0.999832	0.0183163	0.00845636	-0.0183163	0.999796	0.0160617	-0.0347909	3.79974	
0.999944	0.00012109	-0.0105731	0.000121076	0.999738	0.0229003	0.0105731	-0.0229003	0.999682	0.0251008	-0.0543689	4.7495	
0.999919	0.000174461	-0.0126908	0.000174438	0.999622	0.0274861	0.0126908	-0.0274861	0.999542	0.0361511	-0.0783025	5.69913	
0.99989	0.000237584	-0.0148093	0.000237547	0.999485	0.0320733	0.0148093	-0.0320733	0.999376	0.0492137	-0.106593	6.64862	
0.999857	0.000310472	-0.0169286	0.000310416	0.999328	0.0366619	0.0169286	-0.0366619	0.999184	0.0642892	-0.139243	7.59794	
0.999818	0.000393138	-0.0190486	0.000393057	0.999149	0.0412518	0.0190486	-0.0412518	0.998967	0.0813784	-0.176252	8.54706	
0.999776	0.000485593	-0.0211693	0.000485482	0.998949	0.0458427	0.0211693	-0.0458427	0.998724	0.100482	-0.217622	9.49597	
0.999729	0.00058785	-0.0232905	0.000587702	0.998727	0.0504345	0.0232905	-0.0504345	0.998456	0.1216	-0.263353	10.4446	
0.999677	0.00069992	-0.0254122	0.000699728	0.998485	0.0550271	0.0254122	-0.0550271	0.998161	0.144734	-0.313448	11.393	
0.999621	0.000821814	-0.0275344	0.00082157	0.998221	0.0596204	0.0275344	-0.0596204	0.997841	0.169884	-0.367905	12.3411	
0.99956	0.000953542	-0.0296569	0.000953236	0.997936	0.0642141	0.0296569	-0.0642141	0.997495	0.19705	-0.426727	13.2889	
0.999494	0.00109511	-0.0317797	0.00109474	0.997629	0.0688081	0.0317797	-0.0688081	0.997124	0.226232	-0.489913	14.2364	
0.999424	0.00124654	-0.0339028	0.00124608	0.997302	0.0734023	0.0339028	-0.0734022	0.996726	0.257432	-0.557463	15.1834	
0.99935	0.00140783	-0.036026	0.00140728	0.996953	0.0779964	0.036026	-0.0779964	0.996303	0.290648	-0.629377	16.1301	
0.999271	0.00157898	-0.0381492	0.00157833	0.996582	0.0825905	0.0381493	-0.0825905	0.995853	0.325881	-0.705656	17.0764	
0.999187	0.00176002	-0.0402725	0.00175925	0.996191	0.0871843	0.0402726	-0.0871843	0.995378	0.363132	-0.786299	18.0222	
0.999099	0.00195094	-0.0423958	0.00195004	0.995778	0.0917776	0.0423958	-0.0917776	0.994877	0.402399	-0.871306	18.9676	
0.999006	0.00215175	-0.0445189	0.00215071	0.995343	0.0963704	0.0445189	-0.0963703	0.994349	0.443684	-0.960677	19.9125	
0.998909	0.00236246	-0.0466418	0.00236126	0.994887	0.100962	0.0466419	-0.100962	0.993796	0.486985	-1.05441	20.8569	
0.998807	0.00258307	-0.0487645	0.00258171	0.99441	0.105553	0.0487645	-0.105553	0.993217	0.532303	-1.15251	21.8007	
0.9987	0.00281359	-0.0508868	0.00281204	0.993912	0.110144	0.0508869	-0.110144	0.992612	0.579638	-1.25496	22.744	
0.998589	0.00305403	-0.0530087	0.00305228	0.993392	0.114732	0.0530088	-0.114732	0.991981	0.628988	-1.36178	23.6867	
0.998474	0.00330438	-0.0551301	0.00330241	0.99285	0.11932	0.0551302	-0.11932	0.991324	0.680355	-1.47295	24.6287	
0.998353	0.00356466	-0.057251	0.00356245	0.992288	0.123906	0.0572512	-0.123906	0.990641	0.733736	-1.58849	25.5702	
0.998229	0.00383486	-0.0593713	0.00383239	0.991703	0.12849	0.0593715	-0.12849	0.989932	0.789132	-1.70837	26.5109	
0.998099	0.00411499	-0.0614909	0.00411225	0.991098	0.133073	0.0614911	-0.133073	0.989197	0.846542	-1.83262	27.451	
0.997965	0.00440505	-0.0636098	0.00440201	0.990471	0.137654	0.06361	-0.137654	0.988436	0.905965	-1.96121	28.3904	
0.997826	0.00470504	-0.0657278	0.00470169	0.989822	0.142232	0.065728	-0.142232	0.987649	0.9674	-2.09416	29.329	
0.997683	0.00501496	-0.067845	0.00501128	0.989152	0.146809	0.0678452	-0.146809	0.986835	1.03085	-2.23145	30.2669	
0.997535	0.00533482	-0.0699611	0.00533078	0.988461	0.151383	0.0699615	-0.151383	0.985996	1.09631	-2.37309	31.204	
0.997383	0.00566462	-0.0720763	0.0056602	0.987748	0.155954	0.0720767	-0.155954	0.985131	1.16377	-2.51908	32.1403	
0.997226	0.00600435	-0.0741904	0.00599953	0.987014	0.160523	0.0741908	-0.160523	0.98424	1.23325	-2.66941	33.0758	
0.997064	0.00635401	-0.0763033	0.00634877	0.986258	0.165089	0.0763037	-0.165089	0.983323	1.30474	-2.82407	34.0104	
0.996898	0.00671361	-0.078415	0.00670791	0.985481	0.169652	0.0784154	-0.169652	0.982379	1.37823	-2.98307	34.9441	
0.996727	0.00708314	-0.0805253	0.00707697	0.984683	0.174212	0.0805259	-0.174211	0.98141	1.45373	-3.14641	35.8769	
0.996552	0.0074626	-0.0826343	0.00745593	0.983863	0.178768	0.0826349	-0.178768	0.980415	1.53123	-3.31407	36.8087	
0.996372	0.00785199	-0.0847419	0.00784479	0.983022	0.183321	0.0847426	-0.183321	0.979394	1.61073	-3.48607	37.7397	
0.996187	0.0082513	-0.086848	0.00824355	0.982159	0.187871	0.0868487	-0.187871	0.978347	1.69224	-3.66238	38.6696	
0.995998	0.00866054	-0.0889524	0.0086522	0.981275	0.192417	0.0889533	-0.192416	0.977273	1.77574	-3.84302	39.5985	
0.995804	0.00907969	-0.0910553	0.00907074	0.98037	0.196959	0.0910562	-0.196958	0.976174	1.86125	-4.02797	40.5264	
0.995606	0.00950875	-0.0931564	0.00949917	0.979443	0.201497	0.0931574	-0.201496	0.975049	1.94875	-4.21724	41.4532	
0.995403	0.00994773	-0.0952558	0.00993748	0.978495	0.206031	0.0952568	-0.20603	0.973898	2.03825	-4.41082	42.379	
0.995196	0.0103966	-0.0973533	0.0103857	0.977526	0.21056	0.0973544	-0.21056	0.972721	2.12974	-4.6087	43.3036	
0.994983	0.0108554	-0.0994488	0.0108437	0.976535	0.215085	0.0994501	-0.215085	0.971519	2.22322	-4.81088	44.2271	
0.994767	0.0113241	-0.101542	0.0113116	0.975523	0.219606	0.101544	-0.219605	0.97029	2.31869	-5.01736	45.1495	
0.994545	0.0118026	-0.103634	0.0117894	0.97449	0.224121	0.103636	-0.224121	0.969035	2.41615	-5.22813	46.0707	
0.99432	0.0122911	-0.105723	0.012277	0.973435	0.228632	0.105725	-0.228632	0.967755	2.5156	-5.44318	46.9907	
0.994089	0.0127894	-0.107811	0.0127744	0.97236	0.233138	0.107812	-0.233137	0.966449	2.61703	-5.66252	47.9094	
0.993854	0.0132975	-0.109896	0.0132817	0.971263	0.237639	0.109898	-0.237638	0.965117	2.72044	-5.88614	48.8269	
0.993615	0.0138156	-0.111978	0.0137988	0.970145	0.242134	0.11198	-0.242133	0.963759	2.82583	-6.11404	49.7431	
0.99337	0.0143434	-0.114059	0.0143257	0.969005	0.246624	0.114061	-0.246623	0.962376	2.9332	-6.3462	50.658	
0.993122	0.0148811	-0.116137	0.0148624	0.967845	0.251108	0.116139	-0.251107	0.960967	3.04255	-6.58262	51.5716	
0.992869	0.0154287	-0.118212	0.0154089	0.966663	0.255587	0.118214	-0.255586	0.959532	3.15387	-6.8233	52.4839	
0.992611	0.015986	-0.120285	0.0159652	0.965461	0.26006	0.120287	-0.260058	0.958071	3.26716	-7.06823	53.3947	
0.992348	0.0165532	-0.122355	0.0165313	0.964237	0.264526	0.122358	-0.264525	0.956585	3.38241	-7.31741	54.3042	
0.992082	0.0171302	-0.124422	0.0171071	0.962992	0.268987	0.124425	-0.268985	0.955073	3.49964	-7.57082	55.2122	
0.99181	0.0177169	-0.126487	0.0176927	0.961726	0.273441	0.12649	-0.273439	0.953536	3.61882	-7.82848	56.1188	
0.991534	0.0183135	-0.128548	0.018288	0.960439	0.277888	0.128552	-0.277887	0.951973	3.73997	-8.09036	57.0239	
0.991254	0.0189197	-0.130607	0.018893	0.959131	0.282329	0.130611	-0.282328	0.950385	3.86307	-8.35646	57.9276	
0.991027	0.0194069	-0.132243	0.0190514	0.95879	0.283475	0.132295	-0.283451	0.949818	3.98795	-8.6252	58.8302	
0.990798	0.0198967	-0.133881	0.019212	0.958448	0.28462	0.133981	-0.284573	0.949246	4.11443	-8.89502	59.7322	
0.990565	0.020389	-0.135519	0.0193746	0.958104	0.285765	0.135668	-0.285694	0.948669	4.24251	-9.16589	60.6337	
0.990329	0.0208838	-0.137159	0.0195394	0.957758	0.28691	0.137356	-0.286815	0.948088	4.3722	-9.43783	61.5347	
0.99009	0.021381	-0.138798	0.0197064	0.957411	0.288054	0.139046	-0.287935	0.947502	4.50349	-9.71084	62.4351	
0.989848	0.0218805	-0.140438	0.0198754	0.957063	0.289199	0.140736	-0.289054	0.946911	4.63639	-9.98491	63.3349	
0.989602	0.0223823	-0.142079	0.0200466	0.956712	0.290344	0.142427	-0.290173	0.946316	4.77089	-10.26	64.2342	
0.989354	0.0228864	-0.143719	0.02022	0.956361	0.291488	0.144118	-0.291291	0.945716	4.907	-10.5362	65.1329	
0.989102	0.0233926	-0.145359	0.0203955	0.956007	0.292633	0.145809	-0.292409	0.945112	5.04471	-10.8135	66.0311	
0.988848	0.0239009	-0.146998	0.0205732	0.955652	0.293778	0.147501	-0.293526	0.944503	5.18404	-11.0918	66.9287	
0.988591	0.0244113	-0.148637	0.0207531	0.955296	0.294923	0.149191	-0.294643	0.94389	5.32497	-11.3712	67.8256	
0.98833	0.0249237	-0.150274	0.0209352	0.954937	0.296068	0.150882	-0.295759	0.943272	5.4675	-11.6516	68.722	
0.988067	0.025438	-0.151911	0.0211194	0.954578	0.297213	0.152571	-0.296875	0.942649	5.61164	-11.9331	69.6179	
0.988511	0.0245996	-0.149134	0.0175523	0.961309	0.274911	0.150126	-0.27437	0.949833	5.75543	-12.2045	70.5168	
0.988948	0.0238275	-0.146336	0.0140438	0.967509	0.252446	0.147596	-0.251711	0.956481	5.89685	-12.4544	71.4224	
0.989377	0.0231221	-0.143519	0.0105958	0.973173	0.229831	0.144983	-0.22891	0.96259	6.03584	-12.6827	72.334	
0.989799	0.0224839	-0.140686	0.00721049	0.978298	0.207078	0.142288	-0.20598	0.968156	6.1723	-12.8893	73.2511	
0.990213	0.0219131	-0.137836	0.00388959	0.982881	0.1842	0.139513	-0.182933	0.973176	6.30616	-13.074	74.1733	
0.990618	0.0214101	-0.134973	0.000635038	0.98692	0.161211	0.136659	-0.159784	0.977647	6.43735	-13.2368	75.1	
0.991015	0.0209752	-0.132098	-0.00255135	0.990412	0.138122	0.133728	-0.136544	0.981566	6.56579	-13.3776	76.0307	
0.991403	0.0206086	-0.129212	-0.00566776	0.993355	0.114948	0.130722	-0.113227	0.984932	6.69141	-13.4962	76.9648	
0.991782	0.0203105	-0.126316	-0.00871245	0.995748	0.0917009	0.127642	-0.0898468	0.987742	6.81413	-13.5927	77.9018	
0.992152	0.0200812	-0.123414	-0.0116837	0.99759	0.0683943	0.12449	-0.0664156	0.989996	6.9339	-13.6669	78.8413	
0.992513	0.0199207	-0.120505	-0.0145798	0.998879	0.045041	0.121267	-0.0429469	0.99169	7.05064	-13.7189	79.7827	
0.992864	0.0198291	-0.117593	-0.0173992	0.999614	0.0216545	0.117977	-0.0194539	0.992826	7.16429	-13.7485	80.7254	
0.993205	0.0198065	-0.114677	-0.0201402	0.999796	-0.00175224	0.114619	0.00404997	0.993401	7.27478	-13.7558	81.6689	
0.993537	0.0198529	-0.111761	-0.0228014	0.999423	-0.0251659	0.111197	0.0275516	0.993416	7.38204	-13.7408	82.6126	
0.993858	0.0199682	-0.108846	-0.0253811	0.998497	-0.0485734	0.107713	0.0510377	0.992871	7.48603	-13.7035	83.5562	
0.994169	0.0201525	-0.105933	-0.027878	0.997018	-0.0719614	0.104167	0.074495	0.991766	7.58668	-13.6439	84.4989	
0.994469	0.0204055	-0.103025	-0.0302907	0.994986	-0.0953167	0.100563	0.0979102	0.990101	7.68393	-13.562	85.4403	
0.994759	0.0207272	-0.100122	-0.0326177	0.992403	-0.118626	0.0969023	0.12127	0.987878	7.77773	-13.4578	86.3799	
0.995038	0.0211173	-0.097226	-0.0348578	0.98927	-0.141877	0.0931868	0.144562	0.985098	7.86803	-13.3316	87.3171	
0.995306	0.0215757	-0.0943393	-0.0370097	0.98559	-0.165055	0.0894187	0.167772	0.981762	7.95477	-13.1832	88.2514	
0.995563	0.0221021	-0.0914632	-0.0390722	0.981363	-0.188149	0.0856002	0.190888	0.977872	8.03791	-13.0128	89.1823	
0.995809	0.0226962	-0.0885994	-0.0410442	0.976593	-0.211144	0.0817334	0.213895	0.973431	8.11739	-12.8206	90.1092	
0.996043	0.0233576	-0.0857494	-0.0429245	0.971282	-0.234028	0.0778205	0.236783	0.968441	8.19319	-12.6065	91.0317	
0.996266	0.0240861	-0.0829148	-0.044712	0.965433	-0.256788	0.0738637	0.259536	0.962905	8.26524	-12.3707	91.9491	
