1	0	0	0	1	0	0	0	1	0	0	0	
1	6.64103e-08	-6.83176e-05	6.64103e-08	0.999998	0.00194416	6.83176e-05	-0.00194416	0.999998	3.40208e-05	-0.000968154	0.995959	
1	2.64759e-07	-0.000136267	2.65859e-07	0.999992	0.00389394	0.000136267	-0.00389394	0.999992	0.0001359	-0.00387541	1.99191	
1	5.93961e-07	-0.000203842	5.98371e-07	0.999983	0.00584924	0.000203842	-0.00584924	0.999983	0.000305267	-0.00872732	2.98786	
1	1.05288e-06	-0.000271036	1.06394e-06	0.99997	0.00780997	0.000271036	-0.00780997	0.999969	0.000541747	-0.0155293	3.9838	
1	1.64034e-06	-0.000337843	1.66251e-06	0.999952	0.00977604	0.000337843	-0.00977604	0.999952	0.000844956	-0.0242868	4.97972	
1	2.35509e-06	-0.000404256	2.394e-06	0.999931	0.0117473	0.000404256	-0.0117473	0.999931	0.00121451	-0.035005	5.97562	
1	3.19588e-06	-0.000470269	3.2583e-06	0.999906	0.0137238	0.000470269	-0.0137238	0.999906	0.00165	-0.0476892	6.9715	
1	4.16137e-06	-0.000535877	4.25525e-06	0.999877	0.0157053	0.000535876	-0.0157053	0.999877	0.00215104	-0.0623443	7.96735	
1	5.25019e-06	-0.000601072	5.38465e-06	0.999843	0.0176918	0.000601071	-0.0176918	0.999843	0.00271722	-0.0789753	8.96317	
1	6.46093e-06	-0.00066585	6.64629e-06	0.999806	0.0196831	0.000665848	-0.0196831	0.999806	0.00334812	-0.0975872	9.95896	
1	7.79212e-06	-0.000730203	8.0399e-06	0.999765	0.0216792	0.000730201	-0.0216792	0.999765	0.00404332	-0.118185	10.9547	
1	9.24227e-06	-0.000794128	9.56519e-06	0.99972	0.0236799	0.000794124	-0.0236799	0.999719	0.00480241	-0.140773	11.9504	
1	1.08098e-05	-0.000857616	1.12218e-05	0.99967	0.0256852	0.000857611	-0.0256852	0.99967	0.00562494	-0.165356	12.9461	
1	1.24932e-05	-0.000920664	1.30094e-05	0.999616	0.027695	0.000920657	-0.027695	0.999616	0.00651048	-0.191938	13.9417	
1	1.42907e-05	-0.000983265	1.49276e-05	0.999559	0.0297092	0.000983256	-0.0297092	0.999558	0.00745859	-0.220524	14.9372	
0.999999	1.62007e-05	-0.00104541	1.6976e-05	0.999497	0.0317277	0.0010454	-0.0317277	0.999496	0.00846882	-0.251118	15.9327	
0.999999	1.82215e-05	-0.00110711	1.9154e-05	0.99943	0.0337503	0.00110709	-0.0337503	0.99943	0.00954072	-0.283725	16.9281	
0.999999	2.03514e-05	-0.00116833	2.14612e-05	0.99936	0.035777	0.00116831	-0.035777	0.999359	0.0106738	-0.318348	17.9235	
0.999999	2.25884e-05	-0.0012291	2.38971e-05	0.999285	0.0378078	0.00122907	-0.0378078	0.999284	0.0118677	-0.354992	18.9188	
0.999999	2.49308e-05	-0.00128938	2.64611e-05	0.999206	0.0398424	0.00128935	-0.0398424	0.999205	0.0131218	-0.39366	19.914	
0.999999	2.73768e-05	-0.00134919	2.91525e-05	0.999123	0.0418808	0.00134915	-0.0418808	0.999122	0.0144357	-0.434357	20.9091	
0.999999	2.99243e-05	-0.00140852	3.19708e-05	0.999035	0.0439229	0.00140847	-0.0439229	0.999034	0.015809	-0.477085	21.9041	
0.999999	3.25714e-05	-0.00146735	3.49153e-05	0.998943	0.0459686	0.0014673	-0.0459686	0.998942	0.017241	-0.521849	22.8991	
0.999999	3.53162e-05	-0.0015257	3.79853e-05	0.998846	0.0480179	0.00152563	-0.0480179	0.998845	0.0187315	-0.568653	23.894	
0.999999	3.81566e-05	-0.00158354	4.118e-05	0.998746	0.0500705	0.00158347	-0.0500705	0.998744	0.0202797	-0.617499	24.8887	
0.999999	4.10906e-05	-0.00164089	4.44988e-05	0.99864	0.0521264	0.0016408	-0.0521264	0.998639	0.0218854	-0.668391	25.8834	
0.999999	4.4116e-05	-0.00169772	4.79408e-05	0.998531	0.0541856	0.00169762	-0.0541856	0.998529	0.0235478	-0.721332	26.8779	
0.999998	4.72308e-05	-0.00175405	5.15053e-05	0.998417	0.0562478	0.00175393	-0.0562478	0.998415	0.0252666	-0.776326	27.8724	
0.999998	5.04327e-05	-0.00180985	5.51913e-05	0.998298	0.0583131	0.00180971	-0.0583131	0.998297	0.0270412	-0.833375	28.8667	
0.999998	5.37197e-05	-0.00186514	5.8998e-05	0.998175	0.0603813	0.00186498	-0.0603813	0.998174	0.0288712	-0.892482	29.8609	
0.999998	5.70893e-05	-0.0019199	6.29245e-05	0.998048	0.0624523	0.00191972	-0.0624523	0.998046	0.0307559	-0.953651	30.855	
0.999998	6.05395e-05	-0.00197413	6.69698e-05	0.997916	0.064526	0.00197393	-0.064526	0.997914	0.0326948	-1.01688	31.8489	
0.999998	6.40678e-05	-0.00202783	7.1133e-05	0.99778	0.0666024	0.0020276	-0.0666024	0.997778	0.0346875	-1.08218	32.8427	
0.999998	6.7672e-05	-0.00208099	7.54132e-05	0.997639	0.0686812	0.00208073	-0.0686812	0.997636	0.0367334	-1.14955	33.8364	
0.999998	7.13498e-05	-0.00213361	7.98092e-05	0.997493	0.0707625	0.00213332	-0.0707625	0.997491	0.0388319	-1.21899	34.8299	
0.999998	7.50987e-05	-0.00218569	8.432e-05	0.997343	0.0728461	0.00218535	-0.0728461	0.997341	0.0409825	-1.29051	35.8233	
0.999997	7.89164e-05	-0.00223722	8.89447e-05	0.997189	0.0749319	0.00223684	-0.0749319	0.997186	0.0431846	-1.3641	36.8166	
0.999997	8.28004e-05	-0.00228819	9.3682e-05	0.99703	0.0770199	0.00228777	-0.0770199	0.997027	0.0454378	-1.43977	37.8096	
0.999997	8.67483e-05	-0.00233861	9.85308e-05	0.996866	0.0791099	0.00233814	-0.0791099	0.996863	0.0477414	-1.51751	38.8026	
0.999997	9.07575e-05	-0.00238847	0.00010349	0.996698	0.0812018	0.00238795	-0.0812018	0.996695	0.0500949	-1.59735	39.7953	
0.999997	9.48257e-05	-0.00243776	0.000108559	0.996525	0.0832955	0.00243719	-0.0832955	0.996522	0.0524977	-1.67926	40.7879	
0.999997	9.89503e-05	-0.00248649	0.000113735	0.996348	0.085391	0.00248585	-0.085391	0.996344	0.0549493	-1.76327	41.7803	
0.999997	0.000103129	-0.00253465	0.000119018	0.996166	0.0874881	0.00253395	-0.0874881	0.996162	0.0574491	-1.84936	42.7725	
0.999997	0.000107358	-0.00258223	0.000124407	0.995979	0.0895867	0.00258146	-0.0895867	0.995976	0.0599965	-1.93754	43.7646	
0.999997	0.000111637	-0.00262924	0.0001299	0.995788	0.0916867	0.0026284	-0.0916867	0.995784	0.0625909	-2.02781	44.7564	
0.999996	0.000115961	-0.00267567	0.000135496	0.995592	0.0937881	0.00267475	-0.0937881	0.995589	0.0652317	-2.12017	45.7481	
0.999996	0.000120329	-0.00272152	0.000141194	0.995392	0.0958907	0.00272051	-0.0958907	0.995388	0.0679185	-2.21463	46.7396	
0.999996	0.000124738	-0.00276678	0.000146992	0.995187	0.0979945	0.00276568	-0.0979945	0.995183	0.0706505	-2.31118	47.7308	
0.999996	0.000129184	-0.00281145	0.000152889	0.994977	0.100099	0.00281026	-0.100099	0.994973	0.0734272	-2.40982	48.7219	
0.999996	0.000133667	-0.00285554	0.000158884	0.994763	0.102205	0.00285425	-0.102205	0.994759	0.076248	-2.51057	49.7127	
0.999996	0.000138182	-0.00289903	0.000164975	0.994545	0.104311	0.00289763	-0.104312	0.99454	0.0791123	-2.61341	50.7034	
0.999996	0.000142727	-0.00294192	0.000171161	0.994321	0.106419	0.00294041	-0.106419	0.994317	0.0820195	-2.71835	51.6938	
0.999996	0.000147299	-0.00298422	0.00017744	0.994094	0.108527	0.00298258	-0.108527	0.994089	0.0849691	-2.82539	52.684	
0.999995	0.000151896	-0.00302592	0.00018381	0.993861	0.110635	0.00302415	-0.110635	0.993856	0.0879603	-2.93452	53.6739	
0.999995	0.000156515	-0.00306702	0.000190272	0.993624	0.112744	0.00306511	-0.112744	0.993619	0.0909926	-3.04576	54.6636	
0.999995	0.000161153	-0.00310751	0.000196822	0.993382	0.114853	0.00310545	-0.114853	0.993378	0.0940654	-3.1591	55.6531	
0.999995	0.000165807	-0.00314739	0.000203459	0.993136	0.116963	0.00314518	-0.116963	0.993131	0.0971781	-3.27454	56.6424	
0.999995	0.000170475	-0.00318667	0.000210183	0.992886	0.119072	0.0031843	-0.119072	0.99288	0.10033	-3.39208	57.6314	
0.999995	0.000175154	-0.00322533	0.000216991	0.99263	0.121182	0.00322279	-0.121182	0.992625	0.103521	-3.51172	58.6201	
0.999995	0.000179841	-0.00326339	0.000223881	0.99237	0.123292	0.00326066	-0.123292	0.992365	0.106749	-3.63347	59.6086	
0.999995	0.000184532	-0.00330083	0.000230853	0.992106	0.125401	0.00329791	-0.125401	0.992101	0.110015	-3.75731	60.5968	
0.999994	0.000189227	-0.00333765	0.000237904	0.991837	0.12751	0.00333453	-0.12751	0.991832	0.113318	-3.88326	61.5848	
0.999994	0.000193921	-0.00337386	0.000245033	0.991564	0.129619	0.00337053	-0.129619	0.991558	0.116657	-4.0113	62.5725	
1	-0.000214722	-0.000251708	0.000245607	0.991522	0.129936	0.000221674	-0.129936	0.991522	0.118446	-4.14055	63.56	
0.999996	-0.000624534	0.00287162	0.000245173	0.991481	0.130255	-0.0029285	-0.130253	0.991476	0.117098	-4.27012	64.5475	
0.999981	-0.0010355	0.00599597	0.000243719	0.991438	0.130575	-0.00607984	-0.130571	0.99142	0.112612	-4.40001	65.5349	
0.999957	-0.00144761	0.00912118	0.000241241	0.991396	0.130896	-0.00923218	-0.130888	0.991354	0.104987	-4.53021	66.5223	
0.999923	-0.00186083	0.0122471	0.000237732	0.991354	0.131217	-0.0123854	-0.131204	0.991278	0.0942219	-4.66073	67.5096	
0.999879	-0.00227516	0.0153735	0.000233188	0.991311	0.13154	-0.0155392	-0.13152	0.991192	0.080316	-4.79156	68.4968	
0.999825	-0.00269058	0.0185004	0.00022761	0.991268	0.131863	-0.0186936	-0.131836	0.991095	0.0632687	-4.92271	69.484	
0.999761	-0.00310706	0.0216274	0.000220997	0.991225	0.132186	-0.0218484	-0.13215	0.990989	0.0430796	-5.05416	70.471	
0.999687	-0.00352458	0.0247545	0.000213352	0.991182	0.13251	-0.0250033	-0.132463	0.990873	0.0197484	-5.18594	71.458	
0.998911	-0.00626317	0.0462426	0.00065236	0.99273	0.120365	-0.0466603	-0.120204	0.991652	-0.0159405	-5.31177	72.4453	
0.997665	-0.0087352	0.067741	0.00135653	0.994127	0.108214	-0.0682884	-0.10787	0.991817	-0.0731855	-5.42535	73.433	
0.99595	-0.0109391	0.0892362	0.00232543	0.995372	0.0960653	-0.0898741	-0.0954687	0.991367	-0.151951	-5.52661	74.4207	
0.993769	-0.0128736	0.110715	0.00355845	0.996466	0.0839257	-0.111404	-0.0830087	0.990302	-0.252189	-5.61549	75.4076	
0.991121	-0.0145374	0.132164	0.00505483	0.997406	0.0718028	-0.132865	-0.0704972	0.988624	-0.373836	-5.69194	76.3931	
0.988009	-0.0159295	0.15357	0.00681365	0.998193	0.0597043	-0.154244	-0.0579421	0.986332	-0.516818	-5.7559	77.3766	
0.984435	-0.0170491	0.17492	0.00883381	0.998826	0.0476377	-0.175527	-0.045351	0.98343	-0.681046	-5.80735	78.3576	
0.980401	-0.0178954	0.1962	0.0111141	0.999304	0.0356103	-0.196701	-0.0327317	0.979917	-0.866417	-5.84623	79.3353	
0.975908	-0.018468	0.217398	0.013653	0.999628	0.0236296	-0.217753	-0.0200922	0.975797	-1.07282	-5.87254	80.3093	
0.970961	-0.0187664	0.238499	0.016449	0.999796	0.0117032	-0.23867	-0.00744028	0.971072	-1.30012	-5.88625	81.2788	
0.965562	-0.0187905	0.259492	0.0195004	0.99981	-0.000161657	-0.25944	0.00521629	0.965745	-1.54818	-5.88736	82.2434	
0.959715	-0.0185403	0.280363	0.0228053	0.999668	-0.0119576	-0.280048	0.0178696	0.95982	-1.81685	-5.87586	83.2023	
0.953423	-0.0180159	0.301099	0.0263616	0.999372	-0.0236773	-0.300483	0.0305119	0.953299	-2.10596	-5.85177	84.1551	
0.94669	-0.0172176	0.321687	0.0301671	0.998921	-0.0353135	-0.320731	0.0431352	0.946187	-2.41532	-5.81509	85.101	
0.93952	-0.016146	0.342114	0.0342195	0.998315	-0.0468589	-0.340781	0.0557319	0.938489	-2.74476	-5.76585	86.0396	
0.931917	-0.0148018	0.362369	0.0385163	0.997555	-0.0583065	-0.36062	0.0682939	0.930209	-3.09406	-5.70409	86.9702	
0.923887	-0.0131856	0.382437	0.0430547	0.996642	-0.0696491	-0.380235	0.0808136	0.921353	-3.46301	-5.62983	87.8923	
0.915435	-0.0112986	0.402308	0.0478321	0.995576	-0.0808796	-0.399614	0.0932832	0.911925	-3.85138	-5.54313	88.8053	
0.906565	-0.00914195	0.421968	0.0528453	0.994357	-0.0919913	-0.418745	0.105695	0.901932	-4.25893	-5.44404	89.7086	
0.897283	-0.00671693	0.441405	0.0580913	0.992986	-0.102977	-0.437617	0.118041	0.89138	-4.6854	-5.33261	90.6017	
0.887595	-0.00402506	0.460607	0.0635669	0.991465	-0.11383	-0.456218	0.130314	0.880275	-5.13054	-5.20893	91.484	
0.877507	-0.00106802	0.479563	0.0692687	0.989793	-0.124544	-0.474535	0.142507	0.868624	-5.59406	-5.07307	92.3549	
0.867025	0.00215236	0.498261	0.0751931	0.987973	-0.135111	-0.492559	0.154611	0.856435	-6.07567	-4.9251	93.214	
0.856155	0.00563409	0.516688	0.0813364	0.986005	-0.145526	-0.510277	0.166619	0.843715	-6.57509	-4.76513	94.0607	
0.844905	0.009375	0.534834	0.0876949	0.983891	-0.155782	-0.527679	0.178524	0.830472	-7.092	-4.59324	94.8945	
0.833281	0.0133728	0.552688	0.0942646	0.981631	-0.165873	-0.544754	0.190318	0.816714	-7.62608	-4.40956	95.7148	
0.821291	0.017625	0.570237	0.101041	0.979228	-0.175792	-0.561491	0.201994	0.80245	-8.17699	-4.21418	96.5211	
