1	0	0	0	1	0	0	0	1	0	0	0	
0.999996	-4.90937e-07	0.00268313	-4.90937e-07	1	0.000365943	-0.00268313	-0.000365943	0.999996	-0.00117014	-0.000159592	0.872221	
0.999986	-1.96887e-06	0.00537438	-1.96719e-06	1	0.000732369	-0.00537438	-0.000732369	0.999985	-0.00468411	-0.000638579	1.74444	
0.999967	-4.44095e-06	0.00807364	-4.43423e-06	0.999999	0.00109926	-0.00807364	-0.00109926	0.999967	-0.0105489	-0.00143737	2.61664	
0.999942	-7.91424e-06	0.0107808	-7.89737e-06	0.999999	0.0014666	-0.0107808	-0.0014666	0.999941	-0.0187716	-0.00255637	3.48882	
0.999909	-1.23957e-05	0.0134958	-1.23618e-05	0.999998	0.00183437	-0.0134958	-0.00183437	0.999907	-0.0293589	-0.00399596	4.36098	
0.999868	-1.7892e-05	0.0162186	-1.78326e-05	0.999998	0.00220255	-0.0162186	-0.00220255	0.999866	-0.0423177	-0.00575651	5.2331	
0.99982	-2.44099e-05	0.0189489	-2.43146e-05	0.999997	0.00257113	-0.0189489	-0.00257113	0.999817	-0.0576546	-0.00783836	6.10519	
0.999765	-3.19559e-05	0.0216867	-3.18125e-05	0.999996	0.00294008	-0.0216867	-0.00294008	0.99976	-0.0753763	-0.0102419	6.97722	
0.999701	-4.05364e-05	0.024432	-4.03311e-05	0.999995	0.0033094	-0.024432	-0.0033094	0.999696	-0.0954892	-0.0129673	7.84921	
0.99963	-5.01578e-05	0.0271846	-4.98747e-05	0.999993	0.00367906	-0.0271846	-0.00367906	0.999624	-0.118	-0.0160151	8.72114	
0.999552	-6.08261e-05	0.0299443	-6.04476e-05	0.999992	0.00404905	-0.0299443	-0.00404905	0.999543	-0.142914	-0.0193854	9.593	
0.999465	-7.25475e-05	0.0327112	-7.20541e-05	0.99999	0.00441935	-0.0327112	-0.00441934	0.999455	-0.170239	-0.0230786	10.4648	
0.99937	-8.53278e-05	0.0354851	-8.46981e-05	0.999989	0.00478994	-0.0354851	-0.00478993	0.999359	-0.19998	-0.0270948	11.3365	
0.999268	-9.91727e-05	0.0382659	-9.83835e-05	0.999987	0.00516081	-0.0382659	-0.0051608	0.999254	-0.232144	-0.0314344	12.2081	
0.999157	-0.000114088	0.0410534	-0.000113114	0.999985	0.00553194	-0.0410534	-0.00553192	0.999142	-0.266736	-0.0360977	13.0796	
0.999038	-0.000130079	0.0438477	-0.000128893	0.999983	0.00590331	-0.0438477	-0.00590328	0.999021	-0.303762	-0.0410847	13.951	
0.998911	-0.000147151	0.0466485	-0.000145725	0.99998	0.0062749	-0.0466485	-0.00627487	0.998892	-0.343229	-0.0463957	14.8224	
0.998776	-0.00016531	0.0494558	-0.000163612	0.999978	0.00664671	-0.0494558	-0.00664667	0.998754	-0.385141	-0.0520309	15.6936	
0.998633	-0.000184561	0.0522695	-0.000182558	0.999975	0.0070187	-0.0522696	-0.00701865	0.998608	-0.429505	-0.0579905	16.5646	
0.998481	-0.000204908	0.0550895	-0.000202565	0.999973	0.00739088	-0.0550895	-0.00739081	0.998454	-0.476325	-0.0642747	17.4356	
0.998321	-0.000226356	0.0579157	-0.000223637	0.99997	0.00776321	-0.0579157	-0.00776313	0.998291	-0.525608	-0.0708835	18.3064	
0.998153	-0.000248911	0.0607479	-0.000245776	0.999967	0.00813568	-0.0607479	-0.00813558	0.99812	-0.577358	-0.0778171	19.177	
0.997976	-0.000272577	0.0635861	-0.000268985	0.999964	0.00850828	-0.0635861	-0.00850816	0.99794	-0.631582	-0.0850756	20.0475	
0.997791	-0.000297358	0.0664301	-0.000293267	0.999961	0.00888099	-0.0664301	-0.00888085	0.997752	-0.688283	-0.0926592	20.9179	
0.997597	-0.000323258	0.0692799	-0.000318623	0.999957	0.00925379	-0.0692799	-0.00925363	0.997554	-0.747468	-0.100568	21.7881	
0.997395	-0.000350283	0.0721353	-0.000345055	0.999954	0.00962666	-0.0721354	-0.00962648	0.997348	-0.809141	-0.108802	22.6581	
0.997184	-0.000378435	0.0749963	-0.000372567	0.99995	0.0099996	-0.0749963	-0.00999938	0.997134	-0.873307	-0.117361	23.5279	
0.996964	-0.000407719	0.0778627	-0.000401159	0.999946	0.0103726	-0.0778628	-0.0103723	0.99691	-0.93997	-0.126245	24.3975	
0.996736	-0.000438139	0.0807345	-0.000430833	0.999942	0.0107456	-0.0807345	-0.0107453	0.996678	-1.00914	-0.135455	25.2669	
0.996498	-0.000469698	0.0836115	-0.000461591	0.999938	0.0111186	-0.0836115	-0.0111183	0.996436	-1.08081	-0.14499	26.1361	
0.996252	-0.0005024	0.0864936	-0.000493435	0.999934	0.0114916	-0.0864936	-0.0114912	0.996186	-1.15499	-0.15485	27.0052	
0.995997	-0.000536249	0.0893807	-0.000526365	0.999929	0.0118646	-0.0893808	-0.0118642	0.995927	-1.2317	-0.165035	27.8739	
0.995734	-0.000571247	0.0922727	-0.000560383	0.999925	0.0122376	-0.0922728	-0.0122371	0.995659	-1.31092	-0.175546	28.7425	
0.995461	-0.000607398	0.0951696	-0.00059549	0.99992	0.0126105	-0.0951696	-0.0126099	0.995381	-1.39266	-0.186382	29.6108	
0.995179	-0.000644704	0.0980711	-0.000631687	0.999916	0.0129834	-0.0980712	-0.0129827	0.995095	-1.47694	-0.197544	30.4789	
0.994889	-0.00068317	0.100977	-0.000668974	0.999911	0.0133561	-0.100977	-0.0133554	0.994799	-1.56374	-0.20903	31.3467	
0.994589	-0.000722796	0.103888	-0.000707352	0.999906	0.0137288	-0.103888	-0.013728	0.994494	-1.65309	-0.220841	32.2142	
0.99428	-0.000763587	0.106803	-0.000746822	0.9999	0.0141013	-0.106803	-0.0141004	0.99418	-1.74497	-0.232978	33.0815	
0.993962	-0.000805545	0.109722	-0.000787383	0.999895	0.0144737	-0.109722	-0.0144727	0.993857	-1.8394	-0.245439	33.9485	
0.993635	-0.000848671	0.112646	-0.000829037	0.999889	0.014846	-0.112646	-0.0148449	0.993524	-1.93638	-0.258224	34.8152	
0.993299	-0.000892969	0.115573	-0.000871782	0.999884	0.0152181	-0.115573	-0.0152169	0.993182	-2.03591	-0.271335	35.6817	
0.992953	-0.00093844	0.118505	-0.00091562	0.999878	0.0155901	-0.118505	-0.0155887	0.992831	-2.13799	-0.284769	36.5478	
0.992598	-0.000985086	0.12144	-0.000960549	0.999872	0.0159618	-0.12144	-0.0159603	0.99247	-2.24264	-0.298528	37.4136	
0.992234	-0.00103291	0.124379	-0.00100657	0.999866	0.0163333	-0.124379	-0.0163317	0.9921	-2.34984	-0.312611	38.2791	
0.991861	-0.00108191	0.127322	-0.00105368	0.99986	0.0167047	-0.127322	-0.0167029	0.991721	-2.45961	-0.327018	39.1443	
0.991478	-0.00113209	0.130268	-0.00110188	0.999854	0.0170757	-0.130268	-0.0170738	0.991332	-2.57195	-0.341748	40.0091	
0.991086	-0.00118346	0.133218	-0.00115117	0.999847	0.0174466	-0.133218	-0.0174444	0.990933	-2.68686	-0.356802	40.8736	
0.990685	-0.00123601	0.136171	-0.00120155	0.999841	0.0178171	-0.136171	-0.0178148	0.990525	-2.80434	-0.372179	41.7377	
0.990274	-0.00128974	0.139127	-0.00125302	0.999834	0.0181874	-0.139127	-0.0181848	0.990108	-2.9244	-0.387879	42.6015	
0.989853	-0.00134466	0.142086	-0.00130558	0.999827	0.0185574	-0.142087	-0.0185546	0.98968	-3.04704	-0.403901	43.4649	
0.989424	-0.00140076	0.145049	-0.00135921	0.99982	0.0189271	-0.145049	-0.018924	0.989243	-3.17226	-0.420246	44.3279	
0.988984	-0.00145805	0.148014	-0.00141394	0.999813	0.0192964	-0.148014	-0.0192931	0.988797	-3.30007	-0.436913	45.1906	
0.988535	-0.00151653	0.150982	-0.00146974	0.999806	0.0196654	-0.150982	-0.0196619	0.988341	-3.43047	-0.453902	46.0528	
0.988077	-0.00157619	0.153953	-0.00152663	0.999798	0.0200341	-0.153953	-0.0200303	0.987875	-3.56345	-0.471212	46.9147	
0.987609	-0.00163705	0.156926	-0.00158459	0.999791	0.0204024	-0.156926	-0.0203982	0.9874	-3.69903	-0.488843	47.7761	
0.987131	-0.00169909	0.159902	-0.00164363	0.999783	0.0207703	-0.159902	-0.0207658	0.986914	-3.83721	-0.506796	48.6372	
0.986644	-0.00176233	0.16288	-0.00170375	0.999775	0.0211378	-0.16288	-0.021133	0.986419	-3.97797	-0.525068	49.4977	
0.986148	-0.00182675	0.16586	-0.00176493	0.999767	0.0215049	-0.165861	-0.0214998	0.985915	-4.12134	-0.543661	50.3579	
0.985118	-0.00195618	0.17187	-0.0016729	0.999779	0.0209679	-0.171873	-0.0209434	0.984896	-4.26863	-0.562171	51.2174	
0.98405	-0.0020823	0.177878	-0.00157797	0.99979	0.0204335	-0.177883	-0.0203883	0.98384	-4.42117	-0.580196	52.076	
0.982946	-0.00220512	0.183882	-0.00148012	0.999801	0.0199016	-0.18389	-0.0198344	0.982747	-4.57894	-0.597738	52.9336	
0.981804	-0.00232463	0.189884	-0.00137939	0.999811	0.0193722	-0.189894	-0.0192816	0.981615	-4.74195	-0.614797	53.7903	
0.980624	-0.00244085	0.195883	-0.00127575	0.999822	0.0188451	-0.195894	-0.0187299	0.980446	-4.9102	-0.631374	54.646	
0.979407	-0.00255375	0.201878	-0.00116923	0.999831	0.0183204	-0.201891	-0.0181791	0.979239	-5.08368	-0.64747	55.5007	
0.978153	-0.00266335	0.207868	-0.00105981	0.999841	0.0177977	-0.207883	-0.0176292	0.977995	-5.26238	-0.663087	56.3542	
0.976862	-0.00276964	0.213854	-0.000947506	0.99985	0.0172772	-0.21387	-0.0170801	0.976713	-5.44632	-0.678224	57.2067	
0.975533	-0.00287263	0.219835	-0.000832304	0.999859	0.0167587	-0.219852	-0.0165317	0.975393	-5.63547	-0.692883	58.058	
0.974167	-0.00297229	0.225811	-0.000714203	0.999868	0.0162422	-0.225829	-0.0159838	0.974036	-5.82983	-0.707063	58.9082	
0.972763	-0.00306865	0.23178	-0.000593197	0.999876	0.0157274	-0.2318	-0.0154365	0.972641	-6.02941	-0.720766	59.7572	
0.971323	-0.00316168	0.237744	-0.000469277	0.999884	0.0152144	-0.237764	-0.0148897	0.971209	-6.2342	-0.733991	60.6049	
0.969845	-0.0032514	0.243701	-0.000342435	0.999892	0.0147031	-0.243722	-0.0143432	0.969739	-6.44418	-0.74674	61.4514	
0.96833	-0.00333779	0.24965	-0.000212659	0.999899	0.0141934	-0.249672	-0.013797	0.968232	-6.65935	-0.759013	62.2966	
0.966779	-0.00342085	0.255592	-7.99376e-05	0.999906	0.0136851	-0.255615	-0.0132509	0.966688	-6.87972	-0.770808	63.1404	
0.96519	-0.00350059	0.261527	5.57449e-05	0.999913	0.0131783	-0.26155	-0.012705	0.965106	-7.10526	-0.782128	63.9829	
0.963564	-0.00357699	0.267453	0.000194404	0.99992	0.0126728	-0.267477	-0.0121591	0.963488	-7.33597	-0.792972	64.824	
0.961902	-0.00365005	0.27337	0.000336057	0.999926	0.0121686	-0.273394	-0.0116131	0.961832	-7.57185	-0.803339	65.6636	
0.960203	-0.00371977	0.279279	0.000480724	0.999932	0.0116655	-0.279303	-0.011067	0.960139	-7.81289	-0.81323	66.5018	
0.958467	-0.00378615	0.285178	0.000628425	0.999937	0.0111635	-0.285202	-0.0105207	0.95841	-8.05908	-0.822645	67.3385	
0.956695	-0.00384917	0.291067	0.000779182	0.999943	0.0106626	-0.291091	-0.00997402	0.956643	-8.31041	-0.831583	68.1737	
0.954886	-0.00390884	0.296946	0.000933021	0.999948	0.0101625	-0.29697	-0.00942698	0.95484	-8.56687	-0.840044	69.0073	
0.953042	-0.00396515	0.302814	0.00108997	0.999953	0.0096633	-0.302838	-0.00887947	0.953001	-8.82845	-0.848027	69.8394	
0.95116	-0.00401809	0.308671	0.00125004	0.999957	0.00916486	-0.308695	-0.0083314	0.951125	-9.09515	-0.855533	70.6698	
0.944486	-0.00412832	0.328527	0.00317913	0.999989	0.00342629	-0.328537	-0.00219166	0.944489	-9.37306	-0.860123	71.4965	
0.937397	-0.00410991	0.348238	0.00522788	0.999984	-0.00227074	-0.348224	0.00394913	0.937403	-9.66822	-0.859356	72.3172	
0.929898	-0.00396287	0.367797	0.00739532	0.999941	-0.00792353	-0.367744	0.010088	0.929872	-9.98047	-0.853234	73.1316	
0.921991	-0.00368729	0.387194	0.00968043	0.999862	-0.0135294	-0.38709	0.0162222	0.921899	-10.3097	-0.84176	73.9392	
0.913681	-0.00328328	0.406419	0.0120821	0.999745	-0.0190856	-0.406252	0.0223486	0.913488	-10.6557	-0.824938	74.7397	
0.904972	-0.00275104	0.425463	0.0145992	0.999591	-0.0245896	-0.425221	0.0284643	0.904642	-11.0183	-0.802777	75.5326	
0.895867	-0.00209082	0.444317	0.0172306	0.9994	-0.0300388	-0.443987	0.0345666	0.895366	-11.3974	-0.775287	76.3177	
0.886372	-0.00130294	0.462972	0.0199749	0.999173	-0.0354305	-0.462543	0.0406524	0.885664	-11.7928	-0.742482	77.0944	
0.87649	-0.000387764	0.48142	0.0228309	0.998908	-0.0407622	-0.480878	0.0467189	0.875542	-12.2042	-0.704377	77.8625	
0.866226	0.000654262	0.499651	0.0257972	0.998607	-0.0460313	-0.498985	0.0527631	0.865003	-12.6316	-0.66099	78.6216	
0.855586	0.00182265	0.517658	0.0288725	0.998269	-0.0512354	-0.516855	0.0587823	0.854052	-13.0746	-0.612342	79.3714	
0.844574	0.00311683	0.53543	0.0320552	0.997895	-0.0563719	-0.534479	0.0647736	0.842696	-13.5331	-0.558456	80.1114	
0.833195	0.00453621	0.552961	0.0353438	0.997485	-0.0614385	-0.551849	0.070734	0.830939	-14.0069	-0.499357	80.8413	
0.821455	0.0060801	0.570241	0.0387368	0.997039	-0.0664327	-0.568956	0.0766608	0.818787	-14.4957	-0.435074	81.5608	
0.80936	0.00774777	0.587262	0.0422326	0.996557	-0.0713521	-0.585793	0.0825511	0.806246	-14.9993	-0.365637	82.2695	
0.796914	0.00953842	0.604017	0.0458294	0.996039	-0.0761945	-0.602351	0.0884022	0.793321	-15.5175	-0.29108	82.9671	
0.784125	0.0114512	0.620497	0.0495257	0.995486	-0.0809575	-0.618623	0.0942113	0.780019	-16.05	-0.211437	83.6533	
