1	0	0	0	1	0	0	0	1	0	0	0	
1	1.05012e-07	-0.000107408	1.05012e-07	0.999998	0.00195538	0.000107408	-0.00195538	0.999998	4.91204e-05	-0.000894241	0.914646	
1	4.20446e-07	-0.000214842	4.2104e-07	0.999992	0.00391675	0.000214842	-0.00391675	0.999992	0.000196493	-0.0035797	1.82929	
1	9.47013e-07	-0.000322295	9.49398e-07	0.999983	0.00588404	0.000322295	-0.00588404	0.999983	0.000442138	-0.00806183	2.74392	
1	1.68538e-06	-0.00042976	1.69136e-06	0.999969	0.00785715	0.00042976	-0.00785715	0.999969	0.000786071	-0.014346	3.65855	
1	2.63618e-06	-0.000537232	2.64818e-06	0.999952	0.00983602	0.000537232	-0.00983602	0.999951	0.0012283	-0.0224375	4.57316	
1	3.79999e-06	-0.000644705	3.82104e-06	0.99993	0.0118206	0.000644705	-0.0118206	0.99993	0.00176883	-0.0323416	5.48775	
1	5.17736e-06	-0.000752172	5.21114e-06	0.999905	0.0138107	0.000752171	-0.0138107	0.999904	0.00240765	-0.0440633	6.40232	
1	6.76879e-06	-0.000859627	6.8196e-06	0.999875	0.0158063	0.000859626	-0.0158063	0.999875	0.00314476	-0.0576079	7.31687	
1	8.57473e-06	-0.000967064	8.64752e-06	0.999841	0.0178074	0.000967063	-0.0178074	0.999841	0.00398015	-0.0729802	8.23138	
0.999999	1.05956e-05	-0.00107448	1.0696e-05	0.999804	0.0198138	0.00107448	-0.0198138	0.999803	0.00491379	-0.0901853	9.14587	
0.999999	1.28318e-05	-0.00118186	1.2966e-05	0.999762	0.0218255	0.00118186	-0.0218255	0.999761	0.00594567	-0.109228	10.0603	
0.999999	1.52836e-05	-0.00128921	1.54585e-05	0.999716	0.0238423	0.00128921	-0.0238423	0.999715	0.00707575	-0.130113	10.9747	
0.999999	1.79513e-05	-0.00139651	1.81746e-05	0.999665	0.0258643	0.00139651	-0.0258643	0.999664	0.00830399	-0.152845	11.8891	
0.999999	2.08352e-05	-0.00150377	2.1115e-05	0.999611	0.0278913	0.00150377	-0.0278913	0.99961	0.00963035	-0.177429	12.8034	
0.999999	2.39355e-05	-0.00161098	2.42808e-05	0.999552	0.0299232	0.00161097	-0.0299232	0.999551	0.0110548	-0.203868	13.7177	
0.999999	2.72523e-05	-0.00171812	2.76727e-05	0.999489	0.0319599	0.00171811	-0.0319599	0.999488	0.0125773	-0.232169	14.6319	
0.999998	3.07858e-05	-0.0018252	3.12916e-05	0.999422	0.0340015	0.00182519	-0.0340015	0.99942	0.0141977	-0.262335	15.546	
0.999998	3.4536e-05	-0.00193221	3.51382e-05	0.99935	0.0360477	0.0019322	-0.0360477	0.999348	0.015916	-0.29437	16.4601	
0.999998	3.8503e-05	-0.00203914	3.92132e-05	0.999274	0.0380985	0.00203913	-0.0380985	0.999272	0.0177322	-0.328279	17.3741	
0.999998	4.26868e-05	-0.00214599	4.35174e-05	0.999194	0.0401539	0.00214597	-0.0401539	0.999191	0.0196462	-0.364065	18.2881	
0.999997	4.70874e-05	-0.00225275	4.80515e-05	0.999109	0.0422137	0.00225273	-0.0422137	0.999106	0.0216578	-0.401734	19.2019	
0.999997	5.17045e-05	-0.00235941	5.2816e-05	0.999019	0.0442778	0.00235939	-0.0442778	0.999016	0.023767	-0.441288	20.1157	
0.999997	5.65383e-05	-0.00246598	5.78115e-05	0.998925	0.0463462	0.00246595	-0.0463462	0.998922	0.0259738	-0.482733	21.0294	
0.999997	6.15883e-05	-0.00257244	6.30387e-05	0.998827	0.0484188	0.00257241	-0.0484188	0.998824	0.0282779	-0.526071	21.943	
0.999996	6.68546e-05	-0.00267879	6.84979e-05	0.998724	0.0504955	0.00267875	-0.0504955	0.998721	0.0306794	-0.571307	22.8566	
0.999996	7.23367e-05	-0.00278503	7.41897e-05	0.998617	0.0525762	0.00278498	-0.0525762	0.998613	0.0331781	-0.618444	23.77	
0.999996	7.80345e-05	-0.00289114	8.01146e-05	0.998505	0.0546609	0.00289108	-0.0546609	0.998501	0.0357739	-0.667486	24.6833	
0.999996	8.39476e-05	-0.00299712	8.62729e-05	0.998388	0.0567494	0.00299706	-0.0567494	0.998384	0.0384667	-0.718437	25.5965	
0.999995	9.00755e-05	-0.00310297	9.2665e-05	0.998267	0.0588416	0.0031029	-0.0588417	0.998263	0.0412563	-0.771299	26.5097	
0.999995	9.64181e-05	-0.00320868	9.92912e-05	0.998142	0.0609376	0.0032086	-0.0609376	0.998136	0.0441427	-0.826077	27.4227	
0.999995	0.000102975	-0.00331425	0.000106152	0.998011	0.0630371	0.00331415	-0.0630372	0.998006	0.0471257	-0.882774	28.3355	
0.999994	0.000109745	-0.00341967	0.000113247	0.997876	0.0651402	0.00341956	-0.0651402	0.99787	0.0502052	-0.941392	29.2483	
0.999994	0.000116728	-0.00352494	0.000120577	0.997736	0.0672467	0.00352481	-0.0672467	0.99773	0.053381	-1.00194	30.1609	
0.999993	0.000123924	-0.00363004	0.000128143	0.997592	0.0693565	0.0036299	-0.0693565	0.997585	0.056653	-1.06441	31.0734	
0.999993	0.000131331	-0.00373498	0.000135943	0.997443	0.0714696	0.00373482	-0.0714696	0.997436	0.0600211	-1.12881	31.9858	
0.999993	0.00013895	-0.00383976	0.000143979	0.997289	0.0735859	0.00383957	-0.0735859	0.997281	0.063485	-1.19515	32.898	
0.999992	0.00014678	-0.00394435	0.000152251	0.99713	0.0757053	0.00394414	-0.0757053	0.997122	0.0670447	-1.26342	33.8101	
0.999992	0.000154819	-0.00404876	0.000160758	0.996967	0.0778276	0.00404853	-0.0778276	0.996959	0.0707	-1.33364	34.7221	
0.999991	0.000163068	-0.00415299	0.0001695	0.996799	0.0799529	0.00415274	-0.0799529	0.99679	0.0744506	-1.40579	35.6339	
0.999991	0.000171524	-0.00425703	0.000178478	0.996626	0.082081	0.00425675	-0.082081	0.996617	0.0782964	-1.4799	36.5455	
0.99999	0.000180188	-0.00436087	0.000187691	0.996448	0.0842118	0.00436056	-0.0842119	0.996438	0.0822373	-1.55594	37.457	
0.99999	0.000189059	-0.00446452	0.000197139	0.996265	0.0863454	0.00446417	-0.0863454	0.996255	0.0862731	-1.63394	38.3683	
0.99999	0.000198136	-0.00456795	0.000206823	0.996078	0.0884815	0.00456757	-0.0884815	0.996067	0.0904035	-1.7139	39.2794	
0.999989	0.000207417	-0.00467118	0.000216741	0.995886	0.09062	0.00467075	-0.0906201	0.995875	0.0946284	-1.7958	40.1904	
0.999989	0.000216902	-0.00477419	0.000226894	0.995688	0.092761	0.00477372	-0.0927611	0.995677	0.0989476	-1.87967	41.1011	
0.999988	0.00022659	-0.00487698	0.000237282	0.995486	0.0949044	0.00487647	-0.0949044	0.995474	0.103361	-1.96549	42.0117	
0.999988	0.00023648	-0.00497954	0.000247904	0.995279	0.0970499	0.00497899	-0.0970499	0.995267	0.107868	-2.05328	42.9222	
0.999987	0.00024657	-0.00508188	0.000258759	0.995068	0.0991976	0.00508127	-0.0991976	0.995055	0.112469	-2.14303	43.8324	
0.999987	0.00025686	-0.00518398	0.000269849	0.994851	0.101347	0.00518332	-0.101347	0.994838	0.117163	-2.23474	44.7424	
0.999986	0.000267348	-0.00528584	0.000281171	0.99463	0.103499	0.00528512	-0.103499	0.994616	0.12195	-2.32842	45.6522	
0.999985	0.000278034	-0.00538746	0.000292726	0.994403	0.105653	0.00538668	-0.105653	0.994388	0.126831	-2.42407	46.5618	
0.999985	0.000288915	-0.00548882	0.000304513	0.994172	0.107808	0.00548798	-0.107808	0.994157	0.131804	-2.52169	47.4712	
0.999984	0.000299991	-0.00558994	0.000316532	0.993935	0.109965	0.00558903	-0.109965	0.99392	0.13687	-2.62129	48.3804	
0.999984	0.000311261	-0.0056908	0.000328783	0.993694	0.112124	0.00568981	-0.112124	0.993678	0.142028	-2.72285	49.2894	
0.999983	0.000322723	-0.00579139	0.000341264	0.993448	0.114284	0.00579033	-0.114284	0.993431	0.147278	-2.82639	50.1982	
0.999983	0.000334375	-0.00589172	0.000353975	0.993197	0.116446	0.00589058	-0.116446	0.99318	0.15262	-2.93191	51.1067	
0.999982	0.000346217	-0.00599178	0.000366915	0.992941	0.118609	0.00599055	-0.118609	0.992923	0.158054	-3.03941	52.015	
0.999981	0.000358247	-0.00609156	0.000380084	0.99268	0.120774	0.00609024	-0.120774	0.992661	0.163578	-3.14888	52.923	
0.999981	0.000370463	-0.00619107	0.000393481	0.992414	0.12294	0.00618965	-0.12294	0.992395	0.169194	-3.26034	53.8308	
0.99998	0.000382865	-0.00629029	0.000407106	0.992143	0.125106	0.00628876	-0.125106	0.992123	0.174901	-3.37378	54.7384	
0.99999	0.000146834	-0.00445492	0.000433514	0.991515	0.129991	0.00443621	-0.129991	0.991505	0.179806	-3.49044	55.6456	
0.999997	-9.80364e-05	-0.00262221	0.000450812	0.990863	0.134874	0.00258503	-0.134875	0.990859	0.183017	-3.61157	56.5522	
1	-0.000351743	-0.00079212	0.000458996	0.990186	0.139757	0.000735187	-0.139758	0.990185	0.184535	-3.73717	57.4581	
0.999999	-0.000614284	0.00103542	0.000458063	0.989484	0.144639	-0.00111338	-0.144639	0.989484	0.184362	-3.86723	58.3635	
0.999996	-0.000885658	0.00286044	0.000448013	0.988759	0.149519	-0.00296071	-0.149517	0.988755	0.182499	-4.00175	59.2682	
0.999988	-0.00116586	0.00468301	0.000428845	0.988009	0.154397	-0.00480687	-0.154393	0.987998	0.178947	-4.14074	60.1722	
0.999978	-0.0014549	0.00650318	0.00040056	0.987235	0.159273	-0.00665189	-0.159267	0.987213	0.173706	-4.28418	61.0755	
0.999964	-0.00175278	0.00832099	0.000363161	0.986436	0.164146	-0.00849584	-0.164137	0.986401	0.166779	-4.43208	61.9781	
0.999947	-0.00205948	0.0101365	0.00031665	0.985613	0.169015	-0.0103388	-0.169003	0.985561	0.158165	-4.58444	62.8799	
0.999926	-0.00237503	0.0119498	0.000261031	0.984767	0.173881	-0.0121807	-0.173865	0.984694	0.147867	-4.74124	63.781	
0.999902	-0.00269942	0.0137608	0.000196311	0.983896	0.178744	-0.0140217	-0.178723	0.983799	0.135884	-4.90248	64.6812	
0.999874	-0.00303266	0.0155697	0.000122495	0.983001	0.183601	-0.0158618	-0.183576	0.982877	0.122217	-5.06817	65.5806	
0.999843	-0.00337474	0.0173765	3.95913e-05	0.982082	0.188455	-0.0177012	-0.188425	0.981928	0.106868	-5.2383	66.4792	
0.999809	-0.00372568	0.0191813	-5.2392e-05	0.981139	0.193303	-0.0195397	-0.193267	0.980952	0.089837	-5.41285	67.3768	
0.999771	-0.00408549	0.020984	-0.000153445	0.980173	0.198146	-0.0213775	-0.198104	0.979948	0.0711246	-5.59184	68.2736	
0.99973	-0.00445417	0.0227848	-0.000263557	0.979182	0.202983	-0.0232146	-0.202934	0.978917	0.0507315	-5.77524	69.1694	
0.999686	-0.00483173	0.0245837	-0.000382716	0.978168	0.207814	-0.0250511	-0.207758	0.977859	0.0286584	-5.96306	70.0643	
0.999638	-0.00521817	0.0263808	-0.000510909	0.977131	0.212638	-0.0268871	-0.212575	0.976775	0.00490579	-6.15529	70.9582	
0.999198	-0.0081353	0.0392061	-0.00113654	0.972986	0.230861	-0.0400251	-0.230721	0.972196	-0.025696	-6.35803	71.8496	
0.998585	-0.0112904	0.0519678	-0.00200766	0.968503	0.248994	-0.0531422	-0.248746	0.96711	-0.0683055	-6.57731	72.7365	
0.997799	-0.014682	0.0646592	-0.00312381	0.963684	0.267026	-0.0662315	-0.266641	0.961518	-0.1229	-6.81302	73.6186	
0.996842	-0.0183081	0.0772737	-0.0044844	0.958532	0.28495	-0.0792862	-0.284396	0.955423	-0.189452	-7.06503	74.4953	
0.995713	-0.0221669	0.0898047	-0.00608873	0.953049	0.302755	-0.0922994	-0.302003	0.948828	-0.267925	-7.33322	75.3661	
0.994413	-0.0262564	0.102246	-0.00793596	0.947238	0.320432	-0.105264	-0.319453	0.941737	-0.35828	-7.61744	76.2308	
0.992942	-0.0305745	0.11459	-0.0100251	0.941103	0.337971	-0.118174	-0.336735	0.934154	-0.460468	-7.91754	77.0887	
0.991302	-0.0351189	0.126831	-0.0123551	0.934646	0.355365	-0.131022	-0.353841	0.926083	-0.574436	-8.23337	77.9395	
0.989494	-0.0398871	0.138963	-0.0149247	0.927871	0.372602	-0.143802	-0.370762	0.917527	-0.700125	-8.56476	78.7826	
0.987518	-0.0448768	0.15098	-0.0177326	0.920781	0.389676	-0.156507	-0.387489	0.908492	-0.83747	-8.91154	79.6178	
0.985375	-0.0500854	0.162874	-0.0207773	0.913381	0.406576	-0.169129	-0.404013	0.898982	-0.986397	-9.27353	80.4444	
0.983066	-0.05551	0.17464	-0.0240573	0.905673	0.423293	-0.181663	-0.420327	0.889002	-1.14683	-9.65054	81.2621	
0.980594	-0.0611478	0.186271	-0.0275707	0.897663	0.43982	-0.194103	-0.43642	0.878556	-1.31868	-10.0424	82.0705	
0.977958	-0.066996	0.197762	-0.0313158	0.889353	0.456147	-0.20644	-0.452286	0.867652	-1.50187	-10.4488	82.8691	
0.97516	-0.0730514	0.209107	-0.0352906	0.880749	0.472266	-0.21867	-0.467915	0.856294	-1.69629	-10.8697	83.6575	
0.972203	-0.0793109	0.220299	-0.039493	0.871855	0.488169	-0.230786	-0.483299	0.844488	-1.90185	-11.3047	84.4354	
0.969086	-0.0857712	0.231332	-0.0439209	0.862676	0.503846	-0.24278	-0.498431	0.832241	-2.11843	-11.7537	85.2022	
0.965813	-0.092429	0.242202	-0.0485719	0.853216	0.51929	-0.254648	-0.513302	0.819558	-2.34592	-12.2164	85.9577	
0.962384	-0.0992807	0.252902	-0.0534435	0.843481	0.534494	-0.266383	-0.527904	0.806447	-2.58421	-12.6926	86.7013	
0.958802	-0.106323	0.263427	-0.0585333	0.833475	0.549448	-0.277979	-0.542231	0.792915	-2.83317	-13.182	87.4328	
0.955068	-0.113552	0.273771	-0.0638386	0.823204	0.564145	-0.289429	-0.556274	0.778967	-3.09267	-13.6844	88.1517	
