1	0	0	0	1	0	0	0	1	0	0	0	
1	-1.59397e-08	0.000350395	-1.59397e-08	1	9.09814e-05	-0.000350395	-9.09814e-05	1	-0.000170154	-4.41811e-05	0.971212	
1	-6.40253e-08	0.000702174	-6.40538e-08	1	0.000182404	-0.000702174	-0.000182404	1	-0.000681287	-0.000176939	1.94242	
0.999999	-1.44661e-07	0.00105532	-1.44775e-07	1	0.000274263	-0.00105532	-0.000274263	0.999999	-0.00153474	-0.000398699	2.91364	
0.999999	-2.58245e-07	0.00140982	-2.58532e-07	1	0.000366556	-0.00140982	-0.000366556	0.999999	-0.00273183	-0.000709884	3.88485	
0.999998	-4.05175e-07	0.00176565	-4.05751e-07	1	0.000459278	-0.00176565	-0.000459278	0.999998	-0.00427386	-0.00111091	4.85606	
0.999998	-5.85842e-07	0.00212281	-5.86853e-07	1	0.000552426	-0.00212281	-0.000552426	0.999998	-0.00616211	-0.0016022	5.82727	
0.999997	-8.00631e-07	0.00248126	-8.02256e-07	1	0.000645997	-0.00248126	-0.000645997	0.999997	-0.00839788	-0.00218416	6.79848	
0.999996	-1.04993e-06	0.002841	-1.05237e-06	1	0.000739985	-0.002841	-0.000739985	0.999996	-0.0109824	-0.00285721	7.76969	
0.999995	-1.33411e-06	0.003202	-1.33761e-06	1	0.000834389	-0.003202	-0.000834389	0.999995	-0.0139169	-0.00362173	8.74089	
0.999994	-1.65354e-06	0.00356425	-1.65838e-06	1	0.000929203	-0.00356425	-0.000929203	0.999993	-0.0172026	-0.00447814	9.7121	
0.999992	-2.00861e-06	0.00392774	-2.01508e-06	0.999999	0.00102442	-0.00392774	-0.00102442	0.999992	-0.0208408	-0.00542683	10.6833	
0.999991	-2.39966e-06	0.00429245	-2.40811e-06	0.999999	0.00112005	-0.00429245	-0.00112005	0.99999	-0.0248326	-0.0064682	11.6545	
0.999989	-2.82706e-06	0.00465835	-2.83785e-06	0.999999	0.00121607	-0.00465835	-0.00121607	0.999988	-0.0291791	-0.00760263	12.6257	
0.999987	-3.29116e-06	0.00502544	-3.3047e-06	0.999999	0.00131249	-0.00502544	-0.00131249	0.999987	-0.0338816	-0.00883052	13.5969	
0.999985	-3.79232e-06	0.00539368	-3.80904e-06	0.999999	0.0014093	-0.00539368	-0.0014093	0.999984	-0.0389412	-0.0101522	14.5681	
0.999983	-4.33087e-06	0.00576308	-4.35124e-06	0.999999	0.00150649	-0.00576308	-0.00150649	0.999982	-0.044359	-0.0115682	15.5393	
0.999981	-4.90715e-06	0.00613361	-4.93168e-06	0.999999	0.00160407	-0.00613361	-0.00160407	0.99998	-0.0501361	-0.0130787	16.5105	
0.999979	-5.5215e-06	0.00650525	-5.55073e-06	0.999999	0.00170203	-0.00650525	-0.00170203	0.999977	-0.0562736	-0.0146841	17.4817	
0.999976	-6.17424e-06	0.00687798	-6.20875e-06	0.999998	0.00180036	-0.00687798	-0.00180036	0.999975	-0.0627726	-0.0163849	18.4529	
0.999974	-6.86571e-06	0.00725179	-6.90609e-06	0.999998	0.00189906	-0.00725179	-0.00189906	0.999972	-0.0696341	-0.0181814	19.4241	
0.999971	-7.5962e-06	0.00762666	-7.64312e-06	0.999998	0.00199813	-0.00762666	-0.00199813	0.999969	-0.0768592	-0.0200739	20.3952	
0.999968	-8.36604e-06	0.00800258	-8.42016e-06	0.999998	0.00209756	-0.00800258	-0.00209756	0.999966	-0.0844488	-0.0220628	21.3664	
0.999965	-9.17553e-06	0.00837951	-9.23758e-06	0.999998	0.00219735	-0.00837951	-0.00219735	0.999962	-0.0924041	-0.0241484	22.3376	
0.999962	-1.0025e-05	0.00875746	-1.00957e-05	0.999997	0.0022975	-0.00875746	-0.0022975	0.999959	-0.100726	-0.0263311	23.3088	
0.999958	-1.09146e-05	0.00913639	-1.09948e-05	0.999997	0.00239799	-0.00913639	-0.00239799	0.999955	-0.109415	-0.0286113	24.2799	
0.999955	-1.18448e-05	0.0095163	-1.19354e-05	0.999997	0.00249883	-0.0095163	-0.00249883	0.999952	-0.118473	-0.0309892	25.2511	
0.999951	-1.28159e-05	0.00989716	-1.29175e-05	0.999997	0.00260001	-0.00989716	-0.00260001	0.999948	-0.1279	-0.0334652	26.2223	
0.999947	-1.3828e-05	0.010279	-1.39417e-05	0.999996	0.00270153	-0.010279	-0.00270153	0.999944	-0.137698	-0.0360397	27.1934	
0.999943	-1.48814e-05	0.0106617	-1.50082e-05	0.999996	0.00280338	-0.0106617	-0.00280338	0.999939	-0.147867	-0.0387129	28.1646	
0.999939	-1.59765e-05	0.0110453	-1.61172e-05	0.999996	0.00290556	-0.0110453	-0.00290556	0.999935	-0.158408	-0.0414852	29.1357	
0.999935	-1.71135e-05	0.0114298	-1.72692e-05	0.999995	0.00300806	-0.0114298	-0.00300806	0.99993	-0.169322	-0.0443569	30.1069	
0.99993	-1.82925e-05	0.0118151	-1.84643e-05	0.999995	0.00311088	-0.0118151	-0.00311089	0.999925	-0.18061	-0.0473283	31.078	
0.999926	-1.9514e-05	0.0122013	-1.97029e-05	0.999995	0.00321402	-0.0122013	-0.00321402	0.99992	-0.192272	-0.0503997	32.0492	
0.999921	-2.0778e-05	0.0125884	-2.09853e-05	0.999994	0.00331747	-0.0125884	-0.00331747	0.999915	-0.20431	-0.0535715	33.0203	
0.999916	-2.20849e-05	0.0129762	-2.23116e-05	0.999994	0.00342122	-0.0129762	-0.00342123	0.99991	-0.216725	-0.0568438	33.9914	
0.999911	-2.34349e-05	0.0133648	-2.36822e-05	0.999994	0.00352528	-0.0133648	-0.00352528	0.999904	-0.229516	-0.0602171	34.9626	
0.999905	-2.48281e-05	0.0137542	-2.50973e-05	0.999993	0.00362963	-0.0137542	-0.00362964	0.999899	-0.242685	-0.0636916	35.9337	
0.9999	-2.62648e-05	0.0141444	-2.65572e-05	0.999993	0.00373428	-0.0141444	-0.00373428	0.999893	-0.256233	-0.0672675	36.9048	
0.999894	-2.77452e-05	0.0145353	-2.80621e-05	0.999993	0.00383921	-0.0145353	-0.00383922	0.999887	-0.27016	-0.0709453	37.8759	
0.999889	-2.92694e-05	0.0149269	-2.96123e-05	0.999992	0.00394443	-0.0149269	-0.00394443	0.999881	-0.284467	-0.074725	38.847	
0.999883	-3.08378e-05	0.0153192	-3.12079e-05	0.999992	0.00404993	-0.0153192	-0.00404993	0.999874	-0.299155	-0.0786072	39.8181	
0.999877	-3.24504e-05	0.0157122	-3.28492e-05	0.999991	0.0041557	-0.0157122	-0.0041557	0.999868	-0.314224	-0.0825919	40.7892	
0.99987	-3.41074e-05	0.0161059	-3.45365e-05	0.999991	0.00426174	-0.0161059	-0.00426175	0.999861	-0.329675	-0.0866794	41.7602	
0.999864	-3.5809e-05	0.0165002	-3.62698e-05	0.99999	0.00436805	-0.0165002	-0.00436805	0.999854	-0.345509	-0.0908701	42.7313	
0.999857	-3.75554e-05	0.0168951	-3.80495e-05	0.99999	0.00447461	-0.0168951	-0.00447462	0.999847	-0.361726	-0.0951642	43.7024	
0.999851	-3.93467e-05	0.0172907	-3.98757e-05	0.99999	0.00458144	-0.0172907	-0.00458144	0.99984	-0.378326	-0.0995618	44.6734	
0.999844	-4.11831e-05	0.0176868	-4.17486e-05	0.999989	0.00468851	-0.0176868	-0.00468852	0.999833	-0.395312	-0.104063	45.6445	
0.999836	-4.30646e-05	0.0180835	-4.36684e-05	0.999988	0.00479583	-0.0180835	-0.00479584	0.999825	-0.412682	-0.108669	46.6155	
0.999829	-4.49915e-05	0.0184807	-4.56352e-05	0.999988	0.00490339	-0.0184807	-0.0049034	0.999817	-0.430438	-0.113379	47.5866	
0.999822	-4.69638e-05	0.0188785	-4.76492e-05	0.999987	0.00501119	-0.0188785	-0.0050112	0.999809	-0.44858	-0.118194	48.5576	
0.999814	-4.89816e-05	0.0192768	-4.97106e-05	0.999987	0.00511922	-0.0192768	-0.00511923	0.999801	-0.467108	-0.123113	49.5286	
0.999806	-5.10452e-05	0.0196756	-5.18194e-05	0.999986	0.00522748	-0.0196756	-0.00522749	0.999793	-0.486024	-0.128137	50.4997	
0.999798	-5.31545e-05	0.0200749	-5.3976e-05	0.999986	0.00533596	-0.0200749	-0.00533597	0.999784	-0.505327	-0.133267	51.4707	
0.99979	-5.53097e-05	0.0204746	-5.61803e-05	0.999985	0.00544466	-0.0204746	-0.00544467	0.999776	-0.525018	-0.138502	52.4417	
0.999782	-5.75108e-05	0.0208748	-5.84325e-05	0.999985	0.00555357	-0.0208748	-0.00555358	0.999767	-0.545097	-0.143843	53.4126	
0.999774	-5.97579e-05	0.0212754	-6.07328e-05	0.999984	0.00566269	-0.0212754	-0.0056627	0.999758	-0.565566	-0.14929	54.3836	
0.999765	-6.20512e-05	0.0216764	-6.30811e-05	0.999983	0.00577201	-0.0216764	-0.00577202	0.999748	-0.586423	-0.154843	55.3546	
0.999756	-6.43905e-05	0.0220778	-6.54777e-05	0.999983	0.00588153	-0.0220778	-0.00588154	0.999739	-0.607671	-0.160502	56.3256	
0.999747	-6.67761e-05	0.0224795	-6.79226e-05	0.999982	0.00599124	-0.0224795	-0.00599126	0.999729	-0.629308	-0.166267	57.2965	
0.999738	-6.9208e-05	0.0228816	-7.0416e-05	0.999981	0.00610115	-0.0228816	-0.00610116	0.99972	-0.651336	-0.172139	58.2675	
0.999729	-7.16861e-05	0.0232841	-7.29577e-05	0.999981	0.00621123	-0.0232841	-0.00621125	0.99971	-0.673754	-0.178118	59.2384	
0.999719	-7.42105e-05	0.0236868	-7.55481e-05	0.99998	0.00632149	-0.0236868	-0.00632151	0.999699	-0.696563	-0.184204	60.2093	
0.999753	-6.26311e-05	0.0222211	-0.000147914	0.999955	0.00947324	-0.0222207	-0.00947419	0.999708	-0.718856	-0.191875	61.1802	
0.999785	-4.64375e-05	0.0207561	-0.000215668	0.99992	0.0126254	-0.020755	-0.0126272	0.999705	-0.739725	-0.202607	62.1512	
0.999814	-2.56338e-05	0.0192919	-0.000278809	0.999875	0.015778	-0.0192899	-0.0157804	0.999689	-0.759172	-0.216402	63.1221	
0.999841	-2.24164e-07	0.0178285	-0.000337338	0.999821	0.0189309	-0.0178253	-0.0189339	0.999662	-0.777195	-0.23326	64.093	
0.999866	2.97873e-05	0.0163658	-0.000391255	0.999756	0.0220841	-0.0163611	-0.0220875	0.999622	-0.793796	-0.25318	65.0639	
0.999889	6.43966e-05	0.0149039	-0.00044056	0.999681	0.0252375	-0.0148975	-0.0252412	0.99957	-0.808975	-0.276163	66.0347	
0.99991	0.0001036	0.0134427	-0.000485254	0.999597	0.028391	-0.0134343	-0.028395	0.999507	-0.822734	-0.302209	67.0054	
0.999928	0.000147393	0.0119823	-0.000525336	0.999502	0.0315447	-0.0119717	-0.0315487	0.999431	-0.835071	-0.331318	67.9761	
0.999945	0.000195772	0.0105228	-0.000560808	0.999398	0.0346984	-0.0105096	-0.0347024	0.999342	-0.845988	-0.36349	68.9468	
0.999959	0.000248733	0.00906397	-0.000591669	0.999283	0.0378521	-0.00904806	-0.0378559	0.999242	-0.855485	-0.398725	69.9173	
0.999971	0.000306273	0.00760597	-0.000617921	0.999159	0.0410057	-0.00758701	-0.0410092	0.99913	-0.863563	-0.437022	70.8877	
0.999981	0.000368387	0.00614876	-0.000639564	0.999024	0.0441592	-0.00612649	-0.0441623	0.999006	-0.870223	-0.478382	71.858	
0.999978	0.00106028	-0.00652904	-0.000634829	0.997897	0.0648239	0.00658404	-0.0648183	0.997875	-0.870001	-0.531307	72.8278	
0.999814	0.00201422	-0.0191888	-0.000367066	0.996342	0.085459	0.0192907	-0.0854361	0.996157	-0.857435	-0.604275	73.7961	
0.999488	0.00322963	-0.0318229	0.000163568	0.994361	0.106053	0.031986	-0.106003	0.993851	-0.832534	-0.697243	74.7625	
0.999002	0.0047058	-0.0444241	0.00095676	0.991954	0.126592	0.0446624	-0.126508	0.99096	-0.795311	-0.810158	75.7264	
0.998354	0.00644186	-0.0569848	0.00201204	0.989125	0.147066	0.0573125	-0.146939	0.987484	-0.745789	-0.942952	76.6872	
0.997546	0.00843679	-0.0694977	0.00332879	0.985873	0.167462	0.0699288	-0.167282	0.983426	-0.683997	-1.09555	77.6443	
0.996579	0.0106894	-0.0819555	0.00490624	0.982201	0.187768	0.0825039	-0.187527	0.978788	-0.609971	-1.26785	78.5972	
0.995452	0.0131984	-0.0943506	0.00674344	0.978112	0.207972	0.0950303	-0.207662	0.973574	-0.523755	-1.45977	79.5454	
0.994166	0.0159622	-0.106676	0.00883932	0.973607	0.228062	0.107501	-0.227674	0.967785	-0.4254	-1.67118	80.4882	
0.992722	0.0189794	-0.118924	0.0111926	0.968689	0.248026	0.119908	-0.247552	0.961426	-0.314963	-1.90197	81.425	
0.991121	0.022248	-0.131088	0.013802	0.963361	0.267853	0.132244	-0.267284	0.9545	-0.192511	-2.15199	82.3555	
0.989364	0.0257661	-0.14316	0.0166659	0.957626	0.287531	0.144503	-0.286858	0.947012	-0.0581143	-2.42109	83.2789	
0.987452	0.0295317	-0.155134	0.0197827	0.951489	0.307048	0.156676	-0.306264	0.938965	0.088147	-2.70913	84.1948	
0.985386	0.0335426	-0.167002	0.0231504	0.944951	0.326392	0.168757	-0.325489	0.930365	0.246187	-3.01593	85.1026	
0.983167	0.0377963	-0.178757	0.0267671	0.938017	0.345553	0.180738	-0.344521	0.921216	0.415912	-3.34131	86.0018	
0.980797	0.0422905	-0.190393	0.0306307	0.930692	0.364519	0.192613	-0.363351	0.911524	0.597222	-3.68507	86.8918	
0.978276	0.0470224	-0.201902	0.0347389	0.922979	0.383279	0.204374	-0.381967	0.901295	0.790011	-4.04702	87.7722	
0.975607	0.0519892	-0.213278	0.0390893	0.914883	0.401822	0.216015	-0.400357	0.890534	0.994165	-4.42694	88.6423	
0.972791	0.057188	-0.224514	0.0436793	0.906409	0.420136	0.227528	-0.418512	0.879249	1.20956	-4.82461	89.5018	
0.96983	0.0626158	-0.235604	0.0485062	0.897562	0.438212	0.238908	-0.436419	0.867445	1.43608	-5.23979	90.35	
0.966725	0.0682693	-0.24654	0.0535671	0.888347	0.456038	0.250146	-0.45407	0.85513	1.67358	-5.67223	91.1866	
0.963478	0.0741453	-0.257317	0.0588592	0.878769	0.473604	0.261237	-0.471453	0.842311	1.92192	-6.1217	92.0109	
0.960092	0.0802402	-0.267927	0.0643792	0.868834	0.490899	0.272174	-0.488557	0.828995	2.18096	-6.58791	92.8225	
0.956568	0.0865505	-0.278366	0.0701238	0.858549	0.507914	0.282951	-0.505374	0.815191	2.45055	-7.07059	93.621	
0.952907	0.0930724	-0.288626	0.0760898	0.847918	0.524638	0.293561	-0.521893	0.800906	2.73052	-7.56946	94.4058	
