1	0	0	0	1	0	0	0	1	0	0	0	
1	-7.59819e-12	7.67012e-06	-7.59819e-12	1	1.98124e-06	-7.67012e-06	-1.98124e-06	1	-3.64331e-06	-9.41091e-07	0.95	
1	-3.32103e-11	1.60344e-05	-3.32185e-11	1	4.14288e-06	-1.60344e-05	-4.14288e-06	1	-1.4903e-05	-3.85005e-06	1.9	
1	-8.13444e-11	2.50925e-05	-8.13802e-11	1	6.48498e-06	-2.50925e-05	-6.48498e-06	1	-3.44383e-05	-8.89829e-06	2.85	
1	-1.56881e-10	3.48439e-05	-1.56978e-10	1	9.00759e-06	-3.48439e-05	-9.00759e-06	1	-6.29081e-05	-1.62573e-05	3.8	
1	-2.65074e-10	4.52881e-05	-2.65283e-10	1	1.17108e-05	-4.52881e-05	-1.17108e-05	1	-0.000100971	-2.60985e-05	4.75	
1	-4.11547e-10	5.64245e-05	-4.11941e-10	1	1.45945e-05	-5.64245e-05	-1.45945e-05	1	-0.000149284	-3.85935e-05	5.7	
1	-6.02295e-10	6.82525e-05	-6.02971e-10	1	1.76589e-05	-6.82525e-05	-1.76589e-05	1	-0.000208506	-5.39139e-05	6.65	
1	-8.43682e-10	8.07717e-05	-8.44766e-10	1	2.0904e-05	-8.07717e-05	-2.0904e-05	1	-0.000279292	-7.22312e-05	7.6	
1	-1.14244e-09	9.39813e-05	-1.14409e-09	1	2.43297e-05	-9.39813e-05	-2.43297e-05	1	-0.0003623	-9.37172e-05	8.55	
1	-1.50567e-09	0.000107881	-1.50809e-09	1	2.79361e-05	-0.000107881	-2.79361e-05	1	-0.000458184	-0.000118543	9.5	
1	-1.94084e-09	0.000122469	-1.94426e-09	1	3.17231e-05	-0.000122469	-3.17231e-05	1	-0.000567601	-0.000146882	10.45	
1	-2.45577e-09	0.000137746	-2.46049e-09	1	3.56908e-05	-0.000137746	-3.56908e-05	1	-0.000691203	-0.000178903	11.4	
1	-3.05867e-09	0.00015371	-3.06502e-09	1	3.98392e-05	-0.00015371	-3.98392e-05	1	-0.000829644	-0.00021478	12.35	
1	-3.75808e-09	0.000170362	-3.76647e-09	1	4.41681e-05	-0.000170362	-4.41681e-05	1	-0.000983578	-0.000254683	13.3	
1	-4.56293e-09	0.000187699	-4.57381e-09	1	4.86777e-05	-0.000187699	-4.86777e-05	1	-0.00115366	-0.000298785	14.25	
1	-5.48248e-09	0.000205721	-5.4964e-09	1	5.33677e-05	-0.000205721	-5.33677e-05	1	-0.00134053	-0.000347257	15.2	
1	-6.52637e-09	0.000224428	-6.54393e-09	1	5.82383e-05	-0.000224428	-5.82383e-05	1	-0.00154485	-0.00040027	16.15	
1	-7.70459e-09	0.000243818	-7.72648e-09	1	6.32893e-05	-0.000243818	-6.32893e-05	1	-0.00176727	-0.000457995	17.1	
1	-9.02747e-09	0.000263891	-9.05448e-09	1	6.85206e-05	-0.000263891	-6.85206e-05	1	-0.00200843	-0.000520605	18.05	
1	-1.05057e-08	0.000284645	-1.05387e-08	1	7.39322e-05	-0.000284645	-7.39322e-05	1	-0.00226899	-0.00058827	19	
1	-1.21503e-08	0.000306079	-1.21903e-08	1	7.9524e-05	-0.000306079	-7.9524e-05	1	-0.00254958	-0.000661162	19.95	
1	-1.39727e-08	0.000328193	-1.40208e-08	1	8.52959e-05	-0.000328193	-8.52959e-05	1	-0.00285086	-0.000739451	20.9	
1	-1.59847e-08	0.000350985	-1.6042e-08	1	9.12478e-05	-0.000350985	-9.12478e-05	1	-0.00317347	-0.000823309	21.85	
1	-1.81982e-08	0.000374455	-1.82661e-08	1	9.73796e-05	-0.000374455	-9.73796e-05	1	-0.00351805	-0.000912907	22.8	
1	-2.06257e-08	0.000398601	-2.07057e-08	1	0.000103691	-0.000398601	-0.000103691	1	-0.00388525	-0.00100842	23.75	
1	-2.328e-08	0.000423422	-2.33737e-08	1	0.000110182	-0.000423422	-0.000110182	1	-0.00427571	-0.00111001	24.7	
1	-2.61741e-08	0.000448917	-2.62833e-08	1	0.000116853	-0.000448917	-0.000116853	1	-0.00469008	-0.00121785	25.65	
1	-2.93214e-08	0.000475084	-2.9448e-08	1	0.000123703	-0.000475084	-0.000123703	1	-0.00512898	-0.00133211	26.6	
1	-3.27358e-08	0.000501923	-3.28819e-08	1	0.000130733	-0.000501923	-0.000130733	1	-0.00559305	-0.00145297	27.55	
1	-3.64313e-08	0.000529432	-3.65991e-08	1	0.000137941	-0.000529432	-0.000137941	1	-0.00608295	-0.00158059	28.5	
1	-4.04223e-08	0.00055761	-4.06142e-08	1	0.000145328	-0.00055761	-0.000145328	1	-0.00659929	-0.00171514	29.45	
1	-4.47235e-08	0.000586455	-4.49422e-08	1	0.000152894	-0.000586455	-0.000152894	1	-0.00714272	-0.0018568	30.4	
1	-4.93499e-08	0.000615967	-4.95983e-08	1	0.000160639	-0.000615967	-0.000160639	1	-0.00771387	-0.00200573	31.35	
1	-5.43169e-08	0.000646143	-5.45981e-08	1	0.000168562	-0.000646143	-0.000168562	1	-0.00831338	-0.0021621	32.3	
1	-5.96403e-08	0.000676983	-5.99574e-08	1	0.000176663	-0.000676983	-0.000176663	1	-0.00894186	-0.00232608	33.25	
1	-6.53358e-08	0.000708485	-6.56926e-08	1	0.000184942	-0.000708485	-0.000184942	1	-0.00959996	-0.00249784	34.2	
1	-7.142e-08	0.000740647	-7.182e-08	1	0.000193398	-0.000740647	-0.000193398	1	-0.0102883	-0.00267755	35.15	
1	-7.79092e-08	0.000773468	-7.83565e-08	1	0.000202033	-0.000773468	-0.000202033	1	-0.0110075	-0.00286538	36.1	
1	-8.48205e-08	0.000806947	-8.53194e-08	1	0.000210844	-0.000806947	-0.000210844	1	-0.0117582	-0.0030615	37.05	
1	-9.21709e-08	0.000841081	-9.2726e-08	1	0.000219832	-0.000841081	-0.000219832	1	-0.012541	-0.00326607	38	
1	-9.99781e-08	0.00087587	-1.00594e-07	1	0.000228998	-0.00087587	-0.000228998	1	-0.0133566	-0.00347926	38.95	
1	-1.0826e-07	0.000911311	-1.08942e-07	1	0.000238339	-0.000911311	-0.000238339	1	-0.0142055	-0.00370125	39.9	
1	-1.17034e-07	0.000947404	-1.17787e-07	1	0.000247857	-0.000947404	-0.000247857	1	-0.0150884	-0.00393219	40.85	
1	-1.26318e-07	0.000984145	-1.2715e-07	1	0.000257551	-0.000984145	-0.000257551	0.999999	-0.0160059	-0.00417226	41.8	
0.999999	-1.36133e-07	0.00102153	-1.37047e-07	1	0.000267421	-0.00102153	-0.000267421	0.999999	-0.0169585	-0.00442162	42.75	
0.999999	-1.46495e-07	0.00105957	-1.475e-07	1	0.000277466	-0.00105957	-0.000277466	0.999999	-0.0179471	-0.00468044	43.7	
0.999999	-1.57425e-07	0.00109825	-1.58526e-07	1	0.000287686	-0.00109825	-0.000287686	0.999999	-0.018972	-0.00494889	44.65	
0.999999	-1.68942e-07	0.00113757	-1.70147e-07	1	0.000298081	-0.00113757	-0.000298081	0.999999	-0.0200341	-0.00522713	45.6	
0.999999	-1.81065e-07	0.00117753	-1.82382e-07	1	0.00030865	-0.00117753	-0.00030865	0.999999	-0.0211337	-0.00551533	46.55	
0.999999	-1.93814e-07	0.00121813	-1.95251e-07	1	0.000319394	-0.00121813	-0.000319394	0.999999	-0.0222717	-0.00581365	47.5	
0.999999	-2.07211e-07	0.00125937	-2.08775e-07	1	0.000330311	-0.00125937	-0.000330311	0.999999	-0.0234485	-0.00612226	48.45	
0.999999	-2.21274e-07	0.00130124	-2.22974e-07	1	0.000341402	-0.00130124	-0.000341402	0.999999	-0.0246648	-0.00644132	49.4	
0.999999	-2.36025e-07	0.00134375	-2.37871e-07	1	0.000352666	-0.00134375	-0.000352666	0.999999	-0.0259212	-0.00677101	50.35	
0.999999	-2.51484e-07	0.00138689	-2.53486e-07	1	0.000364103	-0.00138689	-0.000364103	0.999999	-0.0272182	-0.00711147	51.3	
0.999999	-2.67673e-07	0.00143065	-2.6984e-07	1	0.000375712	-0.00143065	-0.000375712	0.999999	-0.0285565	-0.00746288	52.25	
0.999999	-2.84614e-07	0.00147505	-2.86957e-07	1	0.000387493	-0.00147505	-0.000387493	0.999999	-0.0299367	-0.00782541	53.2	
0.999999	-3.02327e-07	0.00152006	-3.04857e-07	1	0.000399446	-0.00152006	-0.000399446	0.999999	-0.0313594	-0.0081992	54.15	
0.999999	-3.20835e-07	0.0015657	-3.23563e-07	1	0.000411571	-0.0015657	-0.000411571	0.999999	-0.0328252	-0.00858444	55.1	
0.999999	-3.40159e-07	0.00161196	-3.43098e-07	1	0.000423866	-0.00161196	-0.000423866	0.999999	-0.0343345	-0.00898127	56.05	
0.999999	-3.60322e-07	0.00165884	-3.63484e-07	1	0.000436331	-0.00165884	-0.000436331	0.999999	-0.0358882	-0.00938986	57	
0.999999	-3.81346e-07	0.00170634	-3.84745e-07	1	0.000448967	-0.00170634	-0.000448967	0.999998	-0.0374866	-0.00981038	57.95	
0.999998	-4.03254e-07	0.00175445	-4.06903e-07	1	0.000461772	-0.00175445	-0.000461772	0.999998	-0.0391305	-0.010243	58.9	
1	-2.2352e-06	-6.36052e-05	2.07764e-06	0.999997	-0.00247705	6.36105e-05	0.00247705	0.999997	-0.0399337	-0.00928572	59.85	
0.999998	-9.40646e-06	-0.00188078	-7.79307e-07	0.999985	-0.00541565	0.0018808	0.00541564	0.999984	-0.0390101	-0.00553669	60.8	
0.999993	-2.19107e-05	-0.00369694	-8.97418e-06	0.999965	-0.00835396	0.00369699	0.00835393	0.999958	-0.0363606	0.00100386	61.7499	
0.999985	-3.97406e-05	-0.00551196	-2.25029e-05	0.999936	-0.0112919	0.00551206	0.0112919	0.999921	-0.0319863	0.0103356	62.6999	
0.999973	-6.28877e-05	-0.00732573	-4.13608e-05	0.999899	-0.0142294	0.00732588	0.0142294	0.999872	-0.0258883	0.0224582	63.6498	
0.999958	-9.13426e-05	-0.0091381	-6.55426e-05	0.999853	-0.0171665	0.00913832	0.0171664	0.999811	-0.0180678	0.0373712	64.5996	
0.99994	-0.000125095	-0.010949	-9.50428e-05	0.999798	-0.020103	0.0109493	0.0201028	0.999738	-0.00852617	0.0550741	65.5494	
0.999919	-0.000164133	-0.0127582	-0.000129855	0.999735	-0.0230388	0.0127586	0.0230386	0.999653	0.00273507	0.0755663	66.4991	
0.999894	-0.000208444	-0.0145656	-0.000169972	0.999663	-0.025974	0.0145661	0.0259737	0.999556	0.0157143	0.0988472	67.4488	
0.999866	-0.000258016	-0.0163712	-0.000215387	0.999582	-0.0289084	0.0163718	0.0289081	0.999448	0.0304099	0.124916	68.3983	
0.999835	-0.000312832	-0.0181748	-0.000266093	0.999493	-0.0318421	0.0181755	0.0318416	0.999328	0.0468199	0.153772	69.3477	
0.9998	-0.000372878	-0.0199762	-0.000322079	0.999395	-0.0347748	0.0199771	0.0347743	0.999196	0.0649424	0.185415	70.297	
0.999763	-0.000438137	-0.0217753	-0.000383339	0.999289	-0.0377065	0.0217764	0.0377059	0.999052	0.0847753	0.219843	71.2462	
0.999406	-0.00104396	-0.0344487	-0.000947711	0.998331	-0.0577488	0.0344515	0.0577471	0.997737	0.111485	0.265185	72.1947	
0.998888	-0.00190398	-0.0471018	-0.00176633	0.996971	-0.077759	0.0471072	0.0777557	0.995859	0.150227	0.329552	73.1417	
0.99821	-0.00301771	-0.0597275	-0.00283875	0.995209	-0.0977258	0.0597363	0.0977205	0.993419	0.20098	0.412907	74.0867	
0.997372	-0.00438451	-0.0723186	-0.00416434	0.993048	-0.117638	0.0723317	0.11763	0.99042	0.263715	0.515204	75.029	
0.996374	-0.00600362	-0.0848682	-0.00574238	0.990487	-0.137485	0.0848863	0.137473	0.986861	0.338397	0.636383	75.9683	
0.995217	-0.00787412	-0.097369	-0.00757196	0.987529	-0.157254	0.097393	0.157239	0.982746	0.424984	0.776378	76.9039	
0.993902	-0.00999496	-0.109814	-0.00965205	0.984175	-0.176935	0.109845	0.176916	0.978077	0.523426	0.93511	77.8353	
0.992429	-0.0123649	-0.122196	-0.0119815	0.980427	-0.196517	0.122235	0.196493	0.972856	0.633669	1.11249	78.7621	
0.990799	-0.0149827	-0.134509	-0.014559	0.976287	-0.215989	0.134556	0.21596	0.967086	0.75565	1.30841	79.6836	
0.989013	-0.0178468	-0.146745	-0.017383	0.971758	-0.235339	0.146801	0.235305	0.960771	0.889301	1.52277	80.5993	
0.987073	-0.0209557	-0.158897	-0.020452	0.966841	-0.254557	0.158963	0.254516	0.953914	1.03455	1.75545	81.5089	
0.984978	-0.0243075	-0.170959	-0.0237643	0.961541	-0.273632	0.171035	0.273585	0.946519	1.1913	2.00631	82.4116	
0.982731	-0.0279003	-0.182923	-0.0273179	0.955859	-0.292554	0.183011	0.292499	0.93859	1.35948	2.27521	83.3071	
0.980333	-0.0317322	-0.194784	-0.031111	0.949799	-0.311311	0.194884	0.311248	0.930132	1.53899	2.562	84.1948	
0.977784	-0.035801	-0.206534	-0.0351412	0.943364	-0.329892	0.206647	0.329821	0.921149	1.72973	2.86653	85.0742	
0.975087	-0.0401044	-0.218166	-0.0394064	0.936559	-0.348289	0.218293	0.348209	0.911646	1.93158	3.18861	85.9448	
0.972243	-0.0446399	-0.229675	-0.0439042	0.929386	-0.366489	0.229817	0.3664	0.901629	2.14445	3.52806	86.8061	
0.969254	-0.049405	-0.241053	-0.048632	0.92185	-0.384483	0.24121	0.384384	0.891104	2.36819	3.8847	87.6577	
0.96612	-0.0543971	-0.252295	-0.0535872	0.913956	-0.402261	0.252468	0.402152	0.880076	2.6027	4.25832	88.4991	
0.962845	-0.0596132	-0.263393	-0.0587669	0.905707	-0.419812	0.263583	0.419693	0.868552	2.84784	4.64872	89.3297	
0.95943	-0.0650505	-0.274342	-0.0641683	0.897108	-0.437127	0.27455	0.436997	0.856537	3.10346	5.05566	90.1492	
0.955876	-0.0707059	-0.285135	-0.0697883	0.888164	-0.454196	0.285361	0.454054	0.84404	3.36943	5.47893	90.957	
0.952186	-0.0765762	-0.295767	-0.0756236	0.87888	-0.47101	0.296012	0.470856	0.831067	3.6456	5.91829	91.7527	
0.948362	-0.082658	-0.306231	-0.0816712	0.869262	-0.487558	0.306496	0.487392	0.817625	3.9318	6.37347	92.5358	
