1	0	0	0	1	0	0	0	1	0	0	0	
1	2.85318e-07	-0.000174838	2.85318e-07	0.999995	0.00326378	0.000174838	-0.00326378	0.999995	6.82136e-05	-0.00127337	0.780302	
1	1.14687e-06	-0.000350729	1.14431e-06	0.999979	0.00653257	0.000350729	-0.00653257	0.999979	0.000273265	-0.00509543	1.56059	
1	2.59242e-06	-0.000527669	2.58217e-06	0.999952	0.00980628	0.000527669	-0.00980628	0.999952	0.000615973	-0.0114701	2.34087	
1	4.62971e-06	-0.000705656	4.60407e-06	0.999914	0.0130848	0.000705656	-0.0130848	0.999914	0.00109716	-0.0204011	3.12112	
1	7.2665e-06	-0.000884687	7.21513e-06	0.999866	0.0163681	0.000884687	-0.0163681	0.999866	0.00171763	-0.0318922	3.90134	
0.999999	1.05105e-05	-0.00106476	1.04205e-05	0.999807	0.0196561	0.00106476	-0.0196561	0.999806	0.00247821	-0.0459471	4.68152	
0.999999	1.43695e-05	-0.00124587	1.42252e-05	0.999737	0.0229486	0.00124587	-0.0229486	0.999736	0.00337971	-0.0625694	5.46164	
0.999999	1.88512e-05	-0.00142802	1.86345e-05	0.999656	0.0262455	0.00142802	-0.0262455	0.999655	0.00442294	-0.0817625	6.24171	
0.999999	2.39633e-05	-0.0016112	2.36532e-05	0.999563	0.0295469	0.00161121	-0.0295469	0.999562	0.0056087	-0.10353	7.02171	
0.999998	2.97135e-05	-0.00179542	2.92866e-05	0.99946	0.0328525	0.00179542	-0.0328525	0.999459	0.0069378	-0.127875	7.80163	
0.999998	3.61095e-05	-0.00198066	3.55395e-05	0.999346	0.0361624	0.00198067	-0.0361624	0.999344	0.00841105	-0.154802	8.58146	
0.999998	4.3159e-05	-0.00216692	4.24169e-05	0.999221	0.0394764	0.00216694	-0.0394764	0.999218	0.0100292	-0.184312	9.36121	
0.999997	5.08697e-05	-0.00235421	4.99239e-05	0.999084	0.0427944	0.00235423	-0.0427944	0.999081	0.0117932	-0.21641	10.1408	
0.999997	5.92492e-05	-0.00254251	5.80654e-05	0.998936	0.0461163	0.00254254	-0.0461163	0.998933	0.0137037	-0.251099	10.9204	
0.999996	6.83051e-05	-0.00273183	6.68462e-05	0.998777	0.0494421	0.00273187	-0.0494421	0.998773	0.0157615	-0.288381	11.6998	
0.999996	7.80452e-05	-0.00292217	7.62712e-05	0.998607	0.0527716	0.00292221	-0.0527716	0.998602	0.0179674	-0.32826	12.4791	
0.999995	8.8477e-05	-0.00311351	8.63454e-05	0.998425	0.0561048	0.00311357	-0.0561048	0.99842	0.0203223	-0.370738	13.2582	
0.999995	9.96081e-05	-0.00330585	9.70735e-05	0.998232	0.0594415	0.00330593	-0.0594415	0.998226	0.0228269	-0.415819	14.0372	
0.999994	0.000111446	-0.0034992	0.00010846	0.998027	0.0627817	0.00349929	-0.0627817	0.998021	0.025482	-0.463505	14.816	
0.999993	0.000123998	-0.00369355	0.000120511	0.997811	0.0661254	0.00369366	-0.0661254	0.997804	0.0282883	-0.513798	15.5947	
0.999992	0.000137273	-0.00388889	0.00013323	0.997584	0.0694723	0.00388903	-0.0694723	0.997576	0.0312467	-0.566702	16.3732	
0.999992	0.000151277	-0.00408522	0.000146621	0.997345	0.0728224	0.00408539	-0.0728224	0.997337	0.0343579	-0.622218	17.1515	
0.999991	0.000166018	-0.00428253	0.000160691	0.997094	0.0761757	0.00428274	-0.0761757	0.997085	0.0376228	-0.68035	17.9297	
0.99999	0.000181504	-0.00448084	0.000175443	0.996832	0.079532	0.00448108	-0.079532	0.996822	0.041042	-0.7411	18.7076	
0.999989	0.000197741	-0.00468012	0.000190882	0.996559	0.0828912	0.0046804	-0.0828912	0.996548	0.0446164	-0.804469	19.4853	
0.999988	0.000214739	-0.00488037	0.000207012	0.996273	0.0862533	0.0048807	-0.0862532	0.996261	0.0483467	-0.870461	20.2628	
0.999987	0.000232503	-0.0050816	0.000223839	0.995976	0.0896181	0.00508199	-0.0896181	0.995963	0.0522336	-0.939078	21.0401	
0.999986	0.000251041	-0.00528379	0.000241367	0.995667	0.0929856	0.00528424	-0.0929856	0.995653	0.056278	-1.01032	21.8171	
0.999985	0.000270361	-0.00548695	0.000259599	0.995347	0.0963557	0.00548747	-0.0963556	0.995332	0.0604806	-1.08419	22.5939	
0.999984	0.00029047	-0.00569106	0.000278542	0.995015	0.0997282	0.00569166	-0.0997282	0.994998	0.0648422	-1.1607	23.3704	
0.999983	0.000311376	-0.00589613	0.000298199	0.994671	0.103103	0.00589682	-0.103103	0.994653	0.0693634	-1.23983	24.1467	
0.999981	0.000333085	-0.00610216	0.000318575	0.994315	0.10648	0.00610293	-0.10648	0.994296	0.0740452	-1.3216	24.9227	
0.99998	0.000355605	-0.00630912	0.000339674	0.993947	0.10986	0.00631	-0.10986	0.993927	0.0788881	-1.40601	25.6984	
0.999979	0.000378944	-0.00651703	0.0003615	0.993567	0.113242	0.00651802	-0.113242	0.993546	0.083893	-1.49305	26.4738	
0.999977	0.000403108	-0.00672588	0.000384059	0.993176	0.116625	0.00672699	-0.116625	0.993153	0.0890605	-1.58273	27.2489	
0.999976	0.000428104	-0.00693565	0.000407353	0.992772	0.120011	0.0069369	-0.120011	0.992748	0.0943915	-1.67506	28.0237	
0.999974	0.000453941	-0.00714636	0.000431388	0.992357	0.123398	0.00714776	-0.123398	0.992331	0.0998867	-1.77002	28.7982	
0.999973	0.000480625	-0.00735799	0.000456168	0.99193	0.126788	0.00735954	-0.126787	0.991903	0.105547	-1.86763	29.5724	
0.999971	0.000508162	-0.00757053	0.000481696	0.99149	0.130178	0.00757226	-0.130178	0.991462	0.111372	-1.96789	30.3462	
0.99997	0.000536561	-0.00778399	0.000507978	0.991039	0.133571	0.00778591	-0.133571	0.991009	0.117364	-2.07079	31.1196	
0.999968	0.000565828	-0.00799836	0.000535017	0.990576	0.136965	0.00800048	-0.136965	0.990544	0.123524	-2.17634	31.8927	
0.999966	0.000595971	-0.00821364	0.000562817	0.9901	0.14036	0.00821597	-0.14036	0.990066	0.12985	-2.28454	32.6655	
0.999964	0.000626995	-0.00842981	0.000591382	0.989613	0.143757	0.00843238	-0.143757	0.989577	0.136346	-2.39539	33.4378	
0.999962	0.000658909	-0.00864687	0.000620718	0.989113	0.147155	0.0086497	-0.147155	0.989076	0.14301	-2.50889	34.2098	
0.99996	0.000691719	-0.00886482	0.000650826	0.988602	0.150554	0.00886792	-0.150554	0.988562	0.149845	-2.62504	34.9814	
0.999958	0.000725433	-0.00908366	0.000681712	0.988078	0.153954	0.00908705	-0.153954	0.988036	0.15685	-2.74384	35.7526	
0.999956	0.000760056	-0.00930338	0.00071338	0.987542	0.157355	0.00930707	-0.157355	0.987498	0.164027	-2.8653	36.5233	
0.999954	0.000795596	-0.00952396	0.000745832	0.986994	0.160757	0.00952799	-0.160757	0.986948	0.171375	-2.98941	37.2937	
0.999952	0.000832059	-0.00974542	0.000779074	0.986433	0.16416	0.0097498	-0.16416	0.986386	0.178896	-3.11618	38.0636	
0.99995	0.000869453	-0.00996773	0.000813109	0.985861	0.167563	0.00997249	-0.167563	0.985811	0.186591	-3.2456	38.833	
0.999948	0.000907783	-0.0101909	0.000847941	0.985276	0.170968	0.0101961	-0.170967	0.985224	0.19446	-3.37768	39.602	
0.999945	0.000947057	-0.0104149	0.000883574	0.984679	0.174372	0.0104205	-0.174372	0.984625	0.202503	-3.51242	40.3706	
0.999943	0.000987282	-0.0106398	0.00092001	0.98407	0.177777	0.0106458	-0.177777	0.984013	0.210723	-3.64981	41.1386	
0.99994	0.00102846	-0.0108655	0.000957255	0.983449	0.181182	0.010872	-0.181182	0.983389	0.219118	-3.78986	41.9062	
0.999922	0.00131274	-0.0123828	0.00102727	0.982342	0.187094	0.0124098	-0.187092	0.982264	0.228201	-3.93354	42.6731	
0.999902	0.00160573	-0.0138963	0.00110658	0.981198	0.193002	0.0139449	-0.192999	0.9811	0.238484	-4.08183	43.4391	
0.99988	0.00190741	-0.0154058	0.00119518	0.980018	0.198907	0.0154774	-0.198902	0.979897	0.249963	-4.23473	44.2042	
0.999855	0.00221776	-0.0169115	0.00129306	0.978801	0.204808	0.0170072	-0.204801	0.978656	0.262637	-4.39224	44.9684	
0.999827	0.00253678	-0.0184133	0.00140021	0.977549	0.210706	0.0185344	-0.210695	0.977376	0.276503	-4.55435	45.7315	
0.999798	0.00286443	-0.0199113	0.00151663	0.97626	0.216599	0.020059	-0.216585	0.976058	0.291561	-4.72105	46.4937	
0.999766	0.00320071	-0.0214054	0.00164232	0.974934	0.222487	0.021581	-0.22247	0.974701	0.307807	-4.89235	47.2547	
0.999732	0.00354559	-0.0228957	0.00177725	0.973573	0.228369	0.0231003	-0.228349	0.973305	0.325239	-5.06824	48.0148	
0.999695	0.00389907	-0.0243821	0.00192143	0.972175	0.234247	0.024617	-0.234222	0.971871	0.343856	-5.24871	48.7737	
0.999656	0.00426113	-0.0258647	0.00207484	0.970741	0.240118	0.0261311	-0.240089	0.970399	0.363656	-5.43376	49.5315	
0.999615	0.00463175	-0.0273435	0.00223748	0.969271	0.245984	0.0276426	-0.24595	0.968888	0.384636	-5.62339	50.2881	
0.999572	0.00501092	-0.0288184	0.00240933	0.967765	0.251842	0.0291514	-0.251804	0.967339	0.406794	-5.81759	51.0435	
0.999527	0.00539863	-0.0302895	0.00259038	0.966223	0.257694	0.0306577	-0.257651	0.965752	0.430129	-6.01636	51.7977	
0.999479	0.00579487	-0.0317569	0.00278063	0.964645	0.263539	0.0321613	-0.26349	0.964126	0.454638	-6.21968	52.5507	
0.999429	0.00619961	-0.0332204	0.00298005	0.963031	0.269376	0.0336623	-0.269321	0.962462	0.480319	-6.42756	53.3023	
0.999377	0.00661286	-0.0346801	0.00318865	0.96138	0.275205	0.0351607	-0.275144	0.96076	0.50717	-6.63999	54.0527	
0.999322	0.0070346	-0.0361361	0.00340639	0.959694	0.281025	0.0366565	-0.280958	0.95902	0.53519	-6.85695	54.8017	
0.999265	0.00746483	-0.0375882	0.00363328	0.957972	0.286837	0.0381497	-0.286763	0.957242	0.564376	-7.07845	55.5493	
0.999207	0.00790352	-0.0390366	0.00386929	0.956215	0.29264	0.0396402	-0.292559	0.955425	0.594726	-7.30447	56.2955	
0.999145	0.00835067	-0.0404812	0.00411442	0.954421	0.298434	0.0411282	-0.298346	0.953571	0.626238	-7.53502	57.0403	
0.999082	0.00880628	-0.041922	0.00436864	0.952592	0.304218	0.0426136	-0.304122	0.95168	0.65891	-7.77007	57.7837	
0.999017	0.00927033	-0.0433591	0.00463195	0.950728	0.309992	0.0440964	-0.309888	0.94975	0.69274	-8.00963	58.5255	
0.998949	0.00974283	-0.0447923	0.00490432	0.948828	0.315756	0.0455766	-0.315643	0.947783	0.727726	-8.25368	59.2659	
0.998879	0.0102238	-0.0462219	0.00518574	0.946893	0.321508	0.0470542	-0.321388	0.945778	0.763866	-8.50222	60.0046	
0.998807	0.0107131	-0.0476477	0.0054762	0.944922	0.32725	0.0485292	-0.327121	0.943736	0.801159	-8.75524	60.7418	
0.998732	0.0112109	-0.0490697	0.00577567	0.942916	0.332981	0.0500016	-0.332842	0.941656	0.839601	-9.01272	61.4774	
0.998656	0.011717	-0.050488	0.00608414	0.940875	0.338699	0.0514714	-0.338551	0.939539	0.879191	-9.27467	62.2114	
0.998577	0.0122316	-0.0519025	0.00640158	0.938799	0.344406	0.0529387	-0.344248	0.937385	0.919927	-9.54106	62.9437	
0.998496	0.0127546	-0.0533133	0.00672799	0.936688	0.3501	0.0544034	-0.349932	0.935194	0.961806	-9.8119	63.6743	
0.998413	0.013286	-0.0547204	0.00706335	0.934542	0.355781	0.0558655	-0.355603	0.932966	1.00483	-10.0872	64.4031	
0.998328	0.0138258	-0.0561237	0.00740762	0.932362	0.36145	0.057325	-0.361261	0.930701	1.04899	-10.3669	65.1302	
0.998241	0.014374	-0.0575234	0.00776079	0.930147	0.367105	0.058782	-0.366905	0.928399	1.09429	-10.651	65.8556	
0.998151	0.0149306	-0.0589192	0.00812285	0.927898	0.372746	0.0602364	-0.372536	0.926061	1.14072	-10.9394	66.5791	
0.998059	0.0154956	-0.0603114	0.00849377	0.925614	0.378374	0.0616882	-0.378151	0.923686	1.18829	-11.2323	67.3008	
0.997965	0.016069	-0.0616998	0.00887353	0.923296	0.383986	0.0631375	-0.383753	0.921275	1.23699	-11.5296	68.0206	
0.997869	0.0166508	-0.0630846	0.0092621	0.920944	0.389585	0.0645842	-0.389339	0.918828	1.28683	-11.8312	68.7385	
0.997771	0.0172409	-0.0644656	0.00965947	0.918558	0.395168	0.0660284	-0.39491	0.916344	1.33778	-12.1372	69.4545	
0.997671	0.0178395	-0.0658429	0.0100656	0.916138	0.400736	0.0674701	-0.400465	0.913825	1.38987	-12.4475	70.1686	
0.997059	0.0213279	-0.0736155	0.011322	0.908976	0.416695	0.0758019	-0.416303	0.906061	1.44577	-12.7662	70.8786	
0.996376	0.0249509	-0.0813204	0.0127243	0.901537	0.432515	0.084105	-0.431982	0.897952	1.50816	-13.0971	71.5825	
0.995622	0.0287071	-0.0889546	0.0142719	0.893825	0.44819	0.092376	-0.447497	0.889502	1.57702	-13.4403	72.2799	
0.994798	0.0325951	-0.0965151	0.0159643	0.885841	0.463713	0.100612	-0.462842	0.880713	1.65231	-13.7955	72.9705	
0.993903	0.0366135	-0.103999	0.0178008	0.877591	0.47908	0.108809	-0.47801	0.871589	1.73402	-14.1626	73.6542	
0.992939	0.0407606	-0.111404	0.0197807	0.869076	0.494283	0.116966	-0.492997	0.862133	1.82211	-14.5414	74.3307	
0.991905	0.0450349	-0.118726	0.0219032	0.860299	0.509318	0.125077	-0.507796	0.852349	1.91655	-14.9319	74.9996	
