1	0	0	0	1	0	0	0	1	0	0	0	
0.999997	-3.15376e-06	-0.00227239	-3.15376e-06	0.999996	-0.00277571	0.00227239	0.00277571	0.999994	0.00120793	0.00147547	1.06313	
0.99999	-1.2643e-05	-0.00455021	-1.26386e-05	0.999985	-0.00555607	0.00455021	0.00555607	0.999974	0.0048346	0.00590436	2.12624	
0.999977	-2.8508e-05	-0.00683334	-2.84901e-05	0.999965	-0.00834094	0.00683334	0.00834094	0.999942	0.0108857	0.0132915	3.18933	
0.999958	-5.0788e-05	-0.00912166	-5.07431e-05	0.999938	-0.0111302	0.00912166	0.0111302	0.999896	0.0193668	0.0236417	4.25238	
0.999935	-7.95211e-05	-0.0114151	-7.94312e-05	0.999903	-0.0139236	0.0114151	0.0139236	0.999838	0.0302835	0.0369595	5.31537	
0.999906	-0.000114745	-0.0137134	-0.000114587	0.99986	-0.0167212	0.0137134	0.0167212	0.999766	0.043641	0.0532493	6.37829	
0.999872	-0.000156495	-0.0160167	-0.000156243	0.999809	-0.0195227	0.0160167	0.0195227	0.999681	0.0594445	0.0725153	7.44113	
0.999832	-0.000204808	-0.0183246	-0.000204428	0.999751	-0.0223279	0.0183247	0.0223279	0.999583	0.0776992	0.0947616	8.50387	
0.999787	-0.000259717	-0.0206372	-0.000259174	0.999684	-0.0251368	0.0206373	0.0251368	0.999471	0.09841	0.119992	9.5665	
0.999736	-0.000321257	-0.0229544	-0.000320509	0.999609	-0.0279492	0.0229544	0.0279492	0.999346	0.121582	0.148211	10.629	
0.99968	-0.000389458	-0.0252759	-0.000388459	0.999527	-0.0307649	0.0252759	0.0307649	0.999207	0.147219	0.179421	11.6914	
0.999619	-0.000464354	-0.0276016	-0.000463053	0.999436	-0.0335838	0.0276017	0.0335838	0.999055	0.175327	0.213627	12.7536	
0.999552	-0.000545974	-0.0299316	-0.000544315	0.999337	-0.0364058	0.0299316	0.0364058	0.998889	0.20591	0.250831	13.8156	
0.999479	-0.000634347	-0.0322656	-0.000632271	0.99923	-0.0392307	0.0322656	0.0392307	0.998709	0.238972	0.291037	14.8775	
0.999401	-0.000729503	-0.0346035	-0.000726944	0.999115	-0.0420583	0.0346036	0.0420583	0.998516	0.274517	0.334247	15.9391	
0.999317	-0.000831469	-0.0369452	-0.000828356	0.998992	-0.0448886	0.0369453	0.0448886	0.998309	0.31255	0.380465	17.0006	
0.999227	-0.00094027	-0.0392907	-0.00093653	0.99886	-0.0477214	0.0392908	0.0477213	0.998088	0.353075	0.429694	18.0618	
0.999132	-0.00105593	-0.0416397	-0.00105148	0.998721	-0.0505564	0.0416398	0.0505563	0.997853	0.396095	0.481935	19.1228	
0.999031	-0.00117848	-0.0439922	-0.00117324	0.998573	-0.0533937	0.0439923	0.0533936	0.997604	0.441614	0.537191	20.1835	
0.998924	-0.00130794	-0.046348	-0.00130182	0.998417	-0.056233	0.0463482	0.0562328	0.997341	0.489636	0.595465	21.2439	
0.998812	-0.00144433	-0.0487071	-0.00143723	0.998253	-0.0590741	0.0487073	0.059074	0.997065	0.540164	0.656758	22.3041	
0.998694	-0.00158767	-0.0510693	-0.0015795	0.99808	-0.0619171	0.0510695	0.0619168	0.996774	0.593202	0.721072	23.3639	
0.99857	-0.00173799	-0.0534345	-0.00172863	0.997899	-0.0647616	0.0534348	0.0647613	0.996469	0.648753	0.78841	24.4235	
0.99844	-0.0018953	-0.0558025	-0.00188465	0.99771	-0.0676075	0.0558029	0.0676073	0.99615	0.70682	0.858773	25.4827	
0.998304	-0.00205962	-0.0581733	-0.00204757	0.997513	-0.0704548	0.0581738	0.0704545	0.995817	0.767406	0.932162	26.5416	
0.998163	-0.00223096	-0.0605468	-0.0022174	0.997307	-0.0733033	0.0605473	0.0733029	0.99547	0.830515	1.00858	27.6001	
0.998015	-0.00240936	-0.0629228	-0.00239414	0.997093	-0.0761528	0.0629234	0.0761523	0.995109	0.896147	1.08802	28.6582	
0.997862	-0.00259481	-0.0653012	-0.00257782	0.996871	-0.0790031	0.0653018	0.0790026	0.994733	0.964308	1.1705	29.7159	
0.997703	-0.00278733	-0.0676819	-0.00276843	0.99664	-0.0818542	0.0676826	0.0818536	0.994344	1.035	1.256	30.7732	
0.997538	-0.00298695	-0.0700647	-0.002966	0.996402	-0.0847059	0.0700656	0.0847051	0.99394	1.10822	1.34454	31.8301	
0.997367	-0.00319366	-0.0724496	-0.00317052	0.996154	-0.087558	0.0724506	0.0875572	0.993521	1.18398	1.43611	32.8866	
0.99719	-0.00340748	-0.0748365	-0.003382	0.995899	-0.0904104	0.0748376	0.0904095	0.993089	1.26227	1.53071	33.9426	
0.997007	-0.00362842	-0.0772251	-0.00360044	0.995635	-0.093263	0.0772264	0.0932619	0.992642	1.3431	1.62834	34.9982	
0.996818	-0.00385649	-0.0796155	-0.00382586	0.995363	-0.0961156	0.0796169	0.0961144	0.992181	1.42648	1.72901	36.0532	
0.996623	-0.00409169	-0.0820074	-0.00405825	0.995082	-0.0989681	0.0820091	0.0989667	0.991706	1.51239	1.83271	37.1078	
0.996422	-0.00433404	-0.0844008	-0.00429762	0.994794	-0.10182	0.0844026	0.101819	0.991216	1.60085	1.93944	38.1619	
0.996216	-0.00458354	-0.0867955	-0.00454396	0.994496	-0.104672	0.0867976	0.10467	0.990712	1.69185	2.0492	39.2154	
0.996003	-0.00484019	-0.0891915	-0.00479727	0.994191	-0.107523	0.0891938	0.107521	0.990194	1.7854	2.162	40.2684	
0.995784	-0.005104	-0.0915885	-0.00505756	0.993877	-0.110374	0.0915911	0.110372	0.989661	1.8815	2.27782	41.3208	
0.995559	-0.00537496	-0.0939866	-0.00532483	0.993555	-0.113224	0.0939894	0.113221	0.989114	1.98015	2.39668	42.3726	
0.995328	-0.00565309	-0.0963855	-0.00559906	0.993225	-0.116072	0.0963886	0.11607	0.988553	2.08135	2.51856	43.4239	
0.995091	-0.00593839	-0.0987851	-0.00588026	0.992886	-0.11892	0.0987886	0.118917	0.987977	2.1851	2.64347	44.4746	
0.994848	-0.00623084	-0.101185	-0.00616841	0.99254	-0.121766	0.101189	0.121763	0.987388	2.2914	2.77141	45.5246	
0.994599	-0.00653045	-0.103586	-0.00646352	0.992185	-0.124611	0.10359	0.124608	0.986784	2.40026	2.90237	46.574	
0.994344	-0.00683722	-0.105987	-0.00676558	0.991821	-0.127455	0.105992	0.127451	0.986165	2.51166	3.03636	47.6228	
0.994083	-0.00715115	-0.108389	-0.00707457	0.99145	-0.130297	0.108394	0.130292	0.985533	2.62562	3.17337	48.6708	
0.993816	-0.00747222	-0.11079	-0.00739049	0.99107	-0.133137	0.110796	0.133132	0.984886	2.74214	3.31339	49.7183	
0.993542	-0.00780043	-0.113192	-0.00771332	0.990682	-0.135975	0.113198	0.13597	0.984225	2.8612	3.45644	50.765	
0.993263	-0.00813578	-0.115594	-0.00804306	0.990286	-0.138811	0.1156	0.138805	0.98355	2.98283	3.6025	51.811	
0.992978	-0.00847826	-0.117995	-0.00837969	0.989882	-0.141644	0.118002	0.141638	0.98286	3.107	3.75157	52.8562	
0.992687	-0.00882785	-0.120396	-0.00872321	0.98947	-0.144476	0.120404	0.144469	0.982157	3.23373	3.90366	53.9008	
0.992389	-0.00918456	-0.122797	-0.00907358	0.98905	-0.147304	0.122805	0.147298	0.981439	3.36301	4.05875	54.9446	
0.992086	-0.00954836	-0.125197	-0.00943081	0.988621	-0.150131	0.125206	0.150123	0.980707	3.49485	4.21685	55.9876	
0.991777	-0.00991925	-0.127596	-0.00979486	0.988185	-0.152954	0.127606	0.152946	0.979961	3.62923	4.37795	57.0298	
0.991461	-0.0102972	-0.129995	-0.0101657	0.98774	-0.155775	0.130005	0.155766	0.979202	3.76617	4.54205	58.0712	
0.99114	-0.0106822	-0.132393	-0.0105434	0.987288	-0.158592	0.132404	0.158583	0.978428	3.90566	4.70915	59.1118	
0.990812	-0.0110743	-0.134789	-0.0109278	0.986828	-0.161406	0.134801	0.161396	0.97764	4.04769	4.87924	60.1516	
0.990479	-0.0114734	-0.137185	-0.011319	0.986359	-0.164217	0.137198	0.164207	0.976838	4.19228	5.05232	61.1905	
0.99014	-0.0118794	-0.139579	-0.011717	0.985883	-0.167025	0.139593	0.167013	0.976023	4.33941	5.22839	62.2286	
0.989794	-0.0122925	-0.141972	-0.0121216	0.985399	-0.169829	0.141987	0.169816	0.975193	4.48909	5.40743	63.2658	
0.989443	-0.0127126	-0.144363	-0.0125329	0.984907	-0.172629	0.144379	0.172616	0.97435	4.64131	5.58946	64.3021	
0.989086	-0.0131396	-0.146753	-0.0129509	0.984408	-0.175425	0.14677	0.175411	0.973493	4.79608	5.77446	65.3375	
0.988723	-0.0135735	-0.149141	-0.0133755	0.9839	-0.178218	0.149159	0.178203	0.972623	4.95338	5.96243	66.372	
0.988354	-0.0140143	-0.151528	-0.0138068	0.983385	-0.181006	0.151547	0.18099	0.971739	5.11323	6.15336	67.4056	
0.987979	-0.014462	-0.153912	-0.0142446	0.982862	-0.18379	0.153932	0.183773	0.970841	5.27561	6.34726	68.4382	
0.987598	-0.0149166	-0.156294	-0.0146889	0.982332	-0.18657	0.156316	0.186552	0.96993	5.44053	6.54411	69.4698	
0.9874	-0.0151517	-0.15752	-0.014554	0.982492	-0.185736	0.157576	0.185688	0.969892	5.60738	6.74198	70.501	
0.988645	-0.0137476	-0.149638	-0.0106623	0.986879	-0.161112	0.149889	0.160878	0.975526	5.77083	6.92621	71.5352	
0.989828	-0.012545	-0.141713	-0.00696652	0.990636	-0.136354	0.142097	0.135955	0.980472	5.92605	7.08401	72.575	
0.990948	-0.0115448	-0.133751	-0.0034693	0.993761	-0.11148	0.134204	0.110935	0.984725	6.07293	7.21526	73.6197	
0.992003	-0.0107476	-0.125758	-0.000173076	0.996251	-0.0865073	0.126216	0.0858373	0.988282	6.21137	7.31986	74.6685	
0.992993	-0.010154	-0.117738	0.00291981	0.998106	-0.0614531	0.118139	0.0606787	0.991141	6.34127	7.39775	75.7208	
0.993917	-0.0097644	-0.109698	0.00580718	0.999323	-0.0363354	0.109979	0.0354773	0.993301	6.46253	7.44886	76.7757	
0.994775	-0.00957913	-0.101644	0.00848698	0.999902	-0.0111719	0.101741	0.0102509	0.994758	6.57508	7.47317	77.8325	
0.995565	-0.0095983	-0.0935805	0.0109573	0.999842	0.0140196	0.0934311	-0.0149829	0.995513	6.67883	7.47066	78.8906	
0.996289	-0.0098219	-0.0855137	0.0132165	0.999143	0.0392213	0.0850552	-0.040206	0.995565	6.77372	7.44132	79.949	
0.996944	-0.0102498	-0.0774494	0.0152629	0.997806	0.0644155	0.0766193	-0.0654007	0.994913	6.85966	7.38518	81.0071	
0.99753	-0.0108816	-0.0693933	0.017095	0.995833	0.0895842	0.0681292	-0.0905492	0.993559	6.93661	7.30228	82.0642	
0.998047	-0.0117169	-0.0613509	0.0187116	0.993223	0.11471	0.0595911	-0.115634	0.991503	7.00451	7.19267	83.1195	
0.998496	-0.0127552	-0.053328	0.0201115	0.989979	0.139774	0.0510108	-0.140637	0.988746	7.0633	7.05644	84.1722	
0.998874	-0.0139956	-0.0453303	0.0212938	0.986104	0.16476	0.0423945	-0.16554	0.985291	7.11296	6.89367	85.2215	
0.999182	-0.0154374	-0.0373635	0.0222575	0.981599	0.18965	0.0337482	-0.190327	0.981141	7.15343	6.7045	86.2669	
0.999421	-0.0170795	-0.029433	0.0230021	0.976469	0.214426	0.0250782	-0.214979	0.976297	7.18471	6.48904	87.3075	
0.999589	-0.0189207	-0.0215446	0.023527	0.970717	0.239071	0.0163904	-0.239479	0.970763	7.20675	6.24745	88.3425	
0.999686	-0.0209597	-0.0137039	0.0238318	0.964347	0.263567	0.00769098	-0.26381	0.964544	7.21955	5.9799	89.3713	
0.999713	-0.0231952	-0.00591623	0.0239163	0.957363	0.287896	-0.00101383	-0.287955	0.957643	7.2231	5.68658	90.3931	
0.99967	-0.0256255	0.00181274	0.0237805	0.94977	0.312043	-0.00971793	-0.311897	0.950066	7.2174	5.3677	91.4073	
0.999556	-0.0282488	0.0094776	0.0234244	0.941575	0.335989	-0.0184152	-0.335618	0.941818	7.20244	5.02349	92.413	
0.999372	-0.0310634	0.0170729	0.0228483	0.932781	0.359718	-0.0270994	-0.359102	0.932905	7.17825	4.65418	93.4096	
0.999117	-0.0340673	0.0245934	0.0220526	0.923397	0.383213	-0.0357645	-0.382332	0.923333	7.14483	4.26003	94.3964	
0.998792	-0.0372583	0.0320336	0.0210379	0.913427	0.406457	-0.0444043	-0.405293	0.913108	7.10221	3.84133	95.3726	
0.998397	-0.0406342	0.0393884	0.0198049	0.902881	0.429435	-0.0530127	-0.427967	0.902238	7.05042	3.39838	96.3376	
0.997933	-0.0441926	0.0466525	0.0183544	0.891764	0.452129	-0.0615837	-0.450338	0.890732	6.9895	2.93147	97.2908	
0.9974	-0.047931	0.0538208	0.0166875	0.880084	0.474524	-0.0701113	-0.472392	0.878596	6.9195	2.44095	98.2313	
0.996797	-0.0518467	0.0608883	0.0148053	0.867851	0.496604	-0.0785892	-0.494112	0.865839	6.84045	1.92716	99.1587	
0.996126	-0.0559371	0.0678499	0.0127093	0.855072	0.518353	-0.0870117	-0.515483	0.852471	6.75241	1.39046	100.072	
0.995387	-0.0601991	0.0747008	0.0104008	0.841757	0.539756	-0.0953727	-0.53649	0.8385	6.65546	0.831237	100.971	
0.994581	-0.0646297	0.081436	0.00788145	0.827915	0.560798	-0.103666	-0.557117	0.823938	6.54965	0.249879	101.855	
0.993708	-0.069226	0.0880509	0.00515313	0.813556	0.581464	-0.111887	-0.577352	0.808793	6.43506	-0.353201	102.723	
