1	0	0	0	1	0	0	0	1	0	0	0	
0.999997	-3.55684e-06	0.00261605	-3.55684e-06	0.999996	0.00271923	-0.00261605	-0.00271923	0.999993	-0.000983662	-0.00102246	0.752018	
0.999986	-1.42404e-05	0.00523512	-1.42332e-05	0.999985	0.00543888	-0.00523512	-0.00543888	0.999972	-0.00393578	-0.00409	1.50403	
0.999969	-3.20681e-05	0.00785716	-3.20395e-05	0.999967	0.00815888	-0.00785716	-0.00815888	0.999936	-0.00885862	-0.0092029	2.25601	
0.999945	-5.70572e-05	0.0104821	-5.69858e-05	0.999941	0.0108792	-0.0104821	-0.0108792	0.999886	-0.0157544	-0.0163614	3.00797	
0.999914	-8.92246e-05	0.0131099	-8.90816e-05	0.999908	0.0135997	-0.0131099	-0.0135997	0.999822	-0.0246252	-0.0255657	3.75988	
0.999876	-0.000128587	0.0157405	-0.000128336	0.999867	0.0163203	-0.0157405	-0.0163203	0.999743	-0.0354733	-0.0368159	4.51173	
0.999831	-0.00017516	0.0183738	-0.000174759	0.999819	0.0190411	-0.0183738	-0.0190411	0.99965	-0.0483006	-0.0501122	5.26353	
0.999779	-0.000228961	0.0210098	-0.000228359	0.999763	0.0217619	-0.0210098	-0.0217619	0.999542	-0.0631093	-0.0654546	6.01525	
0.99972	-0.000290004	0.0236485	-0.000289144	0.9997	0.0244828	-0.0236485	-0.0244827	0.999421	-0.0799013	-0.0828431	6.76688	
0.999654	-0.000358305	0.0262897	-0.000357122	0.99963	0.0272035	-0.0262897	-0.0272035	0.999284	-0.0986786	-0.102278	7.51841	
0.999581	-0.000433879	0.0289334	-0.000432301	0.999552	0.0299241	-0.0289334	-0.029924	0.999133	-0.119443	-0.123758	8.26984	
0.999501	-0.000516741	0.0315796	-0.000514688	0.999467	0.0326444	-0.0315796	-0.0326444	0.998968	-0.142197	-0.147285	9.02114	
0.999414	-0.000606906	0.0342281	-0.000604291	0.999374	0.0353645	-0.0342282	-0.0353645	0.998788	-0.166941	-0.172857	9.77232	
0.999319	-0.000704386	0.0368791	-0.000701116	0.999274	0.0380843	-0.0368791	-0.0380843	0.998594	-0.193678	-0.200474	10.5234	
0.999218	-0.000809197	0.0395322	-0.00080517	0.999167	0.0408037	-0.0395323	-0.0408037	0.998385	-0.22241	-0.230137	11.2742	
0.999109	-0.000921351	0.0421877	-0.000916459	0.999052	0.0435227	-0.0421878	-0.0435226	0.998161	-0.253137	-0.261844	12.025	
0.998993	-0.00104086	0.0448452	-0.00103499	0.99893	0.0462411	-0.0448454	-0.046241	0.997923	-0.285863	-0.295596	12.7755	
0.99887	-0.00116774	0.0475049	-0.00116076	0.9988	0.048959	-0.0475051	-0.0489588	0.99767	-0.320587	-0.331393	13.5259	
0.99874	-0.00130201	0.0501667	-0.00129379	0.998663	0.0516763	-0.0501669	-0.0516761	0.997403	-0.357313	-0.369232	14.276	
0.998602	-0.00144366	0.0528304	-0.00143408	0.998519	0.0543928	-0.0528307	-0.0543926	0.997121	-0.396041	-0.409115	15.026	
0.998458	-0.00159273	0.0554961	-0.00158162	0.998367	0.0571086	-0.0554964	-0.0571083	0.996824	-0.436773	-0.451041	15.7758	
0.998306	-0.00174921	0.0581637	-0.00173643	0.998207	0.0598237	-0.058164	-0.0598233	0.996513	-0.479511	-0.495008	16.5253	
0.998146	-0.00191312	0.060833	-0.00189851	0.998041	0.0625378	-0.0608335	-0.0625373	0.996187	-0.524255	-0.541017	17.2745	
0.997979	-0.00208447	0.0635042	-0.00206786	0.997867	0.065251	-0.0635047	-0.0652505	0.995846	-0.571008	-0.589067	18.0236	
0.997805	-0.00226328	0.066177	-0.00224449	0.997685	0.0679632	-0.0661777	-0.0679626	0.995491	-0.61977	-0.639156	18.7723	
0.997624	-0.00244954	0.0688515	-0.0024284	0.997496	0.0706744	-0.0688523	-0.0706737	0.99512	-0.670542	-0.691285	19.5208	
0.997435	-0.00264328	0.0715276	-0.00261959	0.9973	0.0733845	-0.0715285	-0.0733836	0.994735	-0.723327	-0.745452	20.269	
0.997239	-0.0028445	0.0742052	-0.00281806	0.997097	0.0760934	-0.0742062	-0.0760924	0.994336	-0.778125	-0.801657	21.0169	
0.997035	-0.00305321	0.0768843	-0.00302383	0.996886	0.0788011	-0.0768854	-0.0787999	0.993921	-0.834937	-0.859898	21.7645	
0.996824	-0.00326942	0.0795648	-0.00323688	0.996667	0.0815074	-0.0795661	-0.0815061	0.993492	-0.893764	-0.920175	22.5118	
0.996606	-0.00349314	0.0822466	-0.00345722	0.996442	0.0842125	-0.0822481	-0.084211	0.993048	-0.954608	-0.982486	23.2588	
0.99638	-0.00372438	0.0849298	-0.00368485	0.996209	0.0869161	-0.0849315	-0.0869145	0.992589	-1.01747	-1.04683	24.0054	
0.996147	-0.00396314	0.0876141	-0.00391977	0.995968	0.0896183	-0.0876161	-0.0896164	0.992115	-1.08235	-1.11321	24.7517	
0.995906	-0.00420944	0.0902997	-0.00416199	0.995721	0.092319	-0.0903019	-0.0923168	0.991627	-1.14925	-1.18162	25.4976	
0.995657	-0.00446328	0.0929864	-0.0044115	0.995466	0.0950181	-0.0929889	-0.0950156	0.991123	-1.21817	-1.25206	26.2431	
0.995401	-0.00472467	0.0956741	-0.00466831	0.995203	0.0977155	-0.0956769	-0.0977128	0.990605	-1.28911	-1.32452	26.9883	
0.995138	-0.00499362	0.0983629	-0.0049324	0.994934	0.100411	-0.098366	-0.100408	0.990072	-1.36207	-1.39902	27.733	
0.994867	-0.00527013	0.101053	-0.00520379	0.994657	0.103105	-0.101056	-0.103102	0.989524	-1.43705	-1.47554	28.4774	
0.994589	-0.00555421	0.103743	-0.00548248	0.994373	0.105797	-0.103747	-0.105794	0.988961	-1.51406	-1.55409	29.2213	
0.994303	-0.00584587	0.106435	-0.00576845	0.994081	0.108488	-0.106439	-0.108484	0.988384	-1.59309	-1.63466	29.9648	
0.994009	-0.00614511	0.109127	-0.00606171	0.993782	0.111176	-0.109131	-0.111172	0.987791	-1.67415	-1.71725	30.7079	
0.993708	-0.00645194	0.11182	-0.00636226	0.993476	0.113863	-0.111825	-0.113858	0.987184	-1.75723	-1.80187	31.4505	
0.993399	-0.00676636	0.114513	-0.0066701	0.993163	0.116547	-0.114519	-0.116541	0.986561	-1.84234	-1.8885	32.1926	
0.993082	-0.00708838	0.117207	-0.00698522	0.992842	0.119229	-0.117214	-0.119223	0.985924	-1.92947	-1.97715	32.9343	
0.992758	-0.00741801	0.119902	-0.00730762	0.992514	0.121909	-0.119909	-0.121903	0.985272	-2.01864	-2.06781	33.6755	
0.992426	-0.00775524	0.122597	-0.0076373	0.992179	0.124587	-0.122605	-0.12458	0.984605	-2.10982	-2.16049	34.4162	
0.992087	-0.00810009	0.125293	-0.00797425	0.991837	0.127263	-0.125301	-0.127255	0.983924	-2.20304	-2.25519	35.1564	
0.99174	-0.00845255	0.127989	-0.00831848	0.991487	0.129936	-0.127997	-0.129928	0.983227	-2.29828	-2.35189	35.8961	
0.991385	-0.00881263	0.130685	-0.00866997	0.991131	0.132607	-0.130694	-0.132598	0.982516	-2.39555	-2.4506	36.6352	
0.991022	-0.00918033	0.133381	-0.00902873	0.990767	0.135276	-0.133392	-0.135265	0.981789	-2.49485	-2.55132	37.3738	
0.990652	-0.00955566	0.136078	-0.00939475	0.990396	0.137942	-0.136089	-0.137931	0.981048	-2.59618	-2.65405	38.1118	
0.990274	-0.00993862	0.138775	-0.00976802	0.990018	0.140605	-0.138787	-0.140593	0.980292	-2.69953	-2.75877	38.8493	
0.989495	-0.0107198	0.144172	-0.0101222	0.989663	0.143057	-0.144215	-0.143014	0.979157	-2.80595	-2.86541	39.5861	
0.988685	-0.0115147	0.149565	-0.010491	0.989301	0.145514	-0.14964	-0.145436	0.977986	-2.91644	-2.97387	40.322	
0.987845	-0.0123233	0.154954	-0.0108745	0.988931	0.147974	-0.155063	-0.14786	0.976777	-3.03101	-3.08416	41.057	
0.986974	-0.0131456	0.160339	-0.0112728	0.988555	0.150438	-0.160482	-0.150286	0.97553	-3.14966	-3.19626	41.7911	
0.986074	-0.0139818	0.16572	-0.0116858	0.988172	0.152905	-0.165897	-0.152713	0.974247	-3.27238	-3.31019	42.5243	
0.985143	-0.0148316	0.171095	-0.0121136	0.987781	0.155376	-0.171309	-0.15514	0.972926	-3.39918	-3.42595	43.2564	
0.984182	-0.0156953	0.176465	-0.0125562	0.987383	0.157849	-0.176717	-0.157568	0.971568	-3.53004	-3.54353	43.9876	
0.98319	-0.0165726	0.18183	-0.0130137	0.986979	0.160324	-0.18212	-0.159996	0.970172	-3.66496	-3.66294	44.7177	
0.982169	-0.0174638	0.187189	-0.0134861	0.986567	0.162802	-0.187518	-0.162424	0.968739	-3.80395	-3.78417	45.4467	
0.981117	-0.0183687	0.192542	-0.0139734	0.986147	0.165282	-0.192911	-0.164851	0.967269	-3.947	-3.90723	46.1747	
0.980035	-0.0192873	0.197889	-0.0144755	0.985721	0.167763	-0.198299	-0.167278	0.965762	-4.0941	-4.03212	46.9015	
0.978923	-0.0202197	0.203229	-0.0149926	0.985288	0.170246	-0.203681	-0.169704	0.964217	-4.24524	-4.15882	47.6272	
0.97778	-0.0211658	0.208562	-0.0155246	0.984847	0.172729	-0.209057	-0.172129	0.962635	-4.40044	-4.28736	48.3517	
0.976608	-0.0221256	0.213887	-0.0160716	0.984399	0.175214	-0.214427	-0.174553	0.961016	-4.55967	-4.41771	49.0751	
0.975405	-0.0230992	0.219206	-0.0166334	0.983944	0.177699	-0.219791	-0.176974	0.95936	-4.72294	-4.54989	49.7971	
0.974173	-0.0240864	0.224516	-0.0172102	0.983482	0.180184	-0.225148	-0.179394	0.957667	-4.89025	-4.68389	50.518	
0.97291	-0.0250873	0.229819	-0.0178019	0.983013	0.182669	-0.230498	-0.181812	0.955937	-5.06157	-4.81971	51.2375	
0.971617	-0.0261018	0.235113	-0.0184085	0.982537	0.185153	-0.23584	-0.184226	0.95417	-5.23692	-4.95734	51.9557	
0.970295	-0.02713	0.240399	-0.01903	0.982054	0.187637	-0.241175	-0.186638	0.952366	-5.41629	-5.09679	52.6726	
0.968943	-0.0281718	0.245675	-0.0196663	0.981564	0.19012	-0.246502	-0.189047	0.950525	-5.59966	-5.23805	53.3881	
0.967561	-0.0292271	0.250943	-0.0203175	0.981067	0.192602	-0.251821	-0.191453	0.948647	-5.78703	-5.38113	54.1022	
0.966149	-0.0302961	0.256201	-0.0209836	0.980562	0.195083	-0.257132	-0.193855	0.946733	-5.97841	-5.52601	54.8149	
0.964707	-0.0313785	0.26145	-0.0216644	0.980051	0.197561	-0.262433	-0.196253	0.944782	-6.17377	-5.67269	55.5261	
0.963236	-0.0324745	0.266688	-0.0223599	0.979533	0.200038	-0.267726	-0.198646	0.942795	-6.37311	-5.82118	56.2359	
0.961735	-0.0335839	0.271917	-0.0230702	0.979008	0.202512	-0.27301	-0.201036	0.940771	-6.57644	-5.97146	56.9441	
0.960204	-0.0347068	0.277135	-0.0237952	0.978476	0.204983	-0.278284	-0.20342	0.938711	-6.78373	-6.12354	57.6508	
0.958644	-0.0358431	0.282342	-0.0245348	0.977937	0.207452	-0.283548	-0.2058	0.936614	-6.99498	-6.27741	58.356	
0.957055	-0.0369927	0.287538	-0.025289	0.977392	0.209918	-0.288803	-0.208174	0.934482	-7.2102	-6.43307	59.0595	
0.955436	-0.0381557	0.292723	-0.0260578	0.97684	0.21238	-0.294047	-0.210543	0.932313	-7.42935	-6.59052	59.7615	
0.953788	-0.0393319	0.297896	-0.026841	0.976281	0.214838	-0.299281	-0.212906	0.930109	-7.65245	-6.74974	60.4618	
0.95211	-0.0405214	0.303058	-0.0276387	0.975715	0.217293	-0.304503	-0.215263	0.927868	-7.87948	-6.91073	61.1604	
0.950404	-0.0417241	0.308208	-0.0284507	0.975143	0.219744	-0.309715	-0.217614	0.925592	-8.11043	-7.0735	61.8573	
0.948668	-0.04294	0.313345	-0.0292771	0.974564	0.222189	-0.314916	-0.219958	0.92328	-8.3453	-7.23803	62.5525	
0.946903	-0.044169	0.31847	-0.0301177	0.973978	0.224631	-0.320105	-0.222295	0.920933	-8.58408	-7.40432	63.2459	
0.94511	-0.045411	0.323582	-0.0309724	0.973387	0.227067	-0.325282	-0.224625	0.918551	-8.82675	-7.57237	63.9376	
0.943287	-0.046666	0.328681	-0.0318413	0.972788	0.229498	-0.330447	-0.226948	0.916133	-9.07331	-7.74217	64.6275	
0.941436	-0.047934	0.333767	-0.0327242	0.972183	0.231923	-0.3356	-0.229263	0.91368	-9.32375	-7.91371	65.3155	
0.939556	-0.0492149	0.338839	-0.033621	0.971572	0.234343	-0.34074	-0.231571	0.911192	-9.57806	-8.08699	66.0017	
0.937648	-0.0505086	0.343898	-0.0345316	0.970955	0.236757	-0.345867	-0.23387	0.90867	-9.83624	-8.262	66.686	
0.935711	-0.0518151	0.348942	-0.035456	0.970332	0.239164	-0.350982	-0.236161	0.906113	-10.0983	-8.43874	67.3683	
0.933745	-0.0531344	0.353972	-0.0363941	0.969702	0.241565	-0.356083	-0.238443	0.903521	-10.3641	-8.61719	68.0488	
0.931752	-0.0544663	0.358988	-0.0373458	0.969066	0.243959	-0.361171	-0.240716	0.900895	-10.6338	-8.79736	68.7273	
0.92973	-0.0558108	0.363989	-0.038311	0.968424	0.246347	-0.366244	-0.24298	0.898235	-10.9073	-8.97924	69.4038	
0.922681	-0.0603649	0.380809	-0.0381813	0.968508	0.246037	-0.383668	-0.241554	0.89132	-11.1893	-9.16143	70.0767	
0.915307	-0.0648914	0.397496	-0.0380456	0.968591	0.24573	-0.400957	-0.240041	0.884089	-11.4844	-9.34252	70.7443	
0.907608	-0.0693886	0.414044	-0.0379039	0.968674	0.245426	-0.418103	-0.238444	0.876547	-11.7923	-9.52244	71.4063	
0.899589	-0.0738551	0.430447	-0.0377564	0.968756	0.245124	-0.435102	-0.236763	0.868694	-12.1132	-9.70113	72.0625	
