1	0	0	0	1	0	0	0	1	0	0	0	
1	-5.20565e-08	7.82484e-05	-5.20565e-08	0.999999	0.00133054	-7.82484e-05	-0.00133054	0.999999	-3.61998e-05	-0.000615544	0.925252	
1	-2.08744e-07	0.000156685	-2.08778e-07	0.999996	0.00266471	-0.000156685	-0.00266471	0.999996	-0.000144886	-0.00246385	1.8505	
1	-4.70838e-07	0.000235307	-4.70971e-07	0.999992	0.00400245	-0.000235307	-0.00400245	0.999992	-0.000326232	-0.00554826	2.77575	
1	-8.39097e-07	0.00031411	-8.3943e-07	0.999986	0.00534371	-0.00031411	-0.00534371	0.999986	-0.000580407	-0.00987204	3.70099	
1	-1.31426e-06	0.000393092	-1.31493e-06	0.999978	0.00668843	-0.000393092	-0.00668843	0.999978	-0.000907578	-0.0154384	4.62623	
1	-1.89707e-06	0.000472248	-1.89824e-06	0.999968	0.00803654	-0.000472248	-0.00803654	0.999968	-0.00130791	-0.0222506	5.55146	
1	-2.58822e-06	0.000551576	-2.5901e-06	0.999956	0.00938801	-0.000551576	-0.00938801	0.999956	-0.00178155	-0.0303116	6.47667	
1	-3.38841e-06	0.000631071	-3.39123e-06	0.999942	0.0107428	-0.000631071	-0.0107428	0.999942	-0.00232868	-0.0396247	7.40188	
1	-4.29832e-06	0.00071073	-4.30237e-06	0.999927	0.0121008	-0.00071073	-0.0121008	0.999927	-0.00294943	-0.0501927	8.32707	
1	-5.31862e-06	0.000790551	-5.3242e-06	0.999909	0.0134619	-0.000790551	-0.0134619	0.999909	-0.00364396	-0.0620186	9.25225	
1	-6.44994e-06	0.000870529	-6.4574e-06	0.99989	0.0148262	-0.000870529	-0.0148262	0.99989	-0.00441242	-0.0751055	10.1774	
1	-7.69293e-06	0.000950661	-7.70265e-06	0.999869	0.0161935	-0.000950661	-0.0161935	0.999868	-0.00525495	-0.089456	11.1025	
0.999999	-9.04819e-06	0.00103094	-9.0606e-06	0.999846	0.0175639	-0.00103094	-0.0175639	0.999845	-0.0061717	-0.105073	12.0277	
0.999999	-1.05163e-05	0.00111137	-1.05319e-05	0.999821	0.0189372	-0.00111137	-0.0189372	0.99982	-0.00716279	-0.121959	12.9528	
0.999999	-1.20979e-05	0.00119195	-1.21171e-05	0.999794	0.0203134	-0.00119195	-0.0203134	0.999793	-0.00822836	-0.140118	13.8778	
0.999999	-1.37935e-05	0.00127266	-1.38168e-05	0.999765	0.0216924	-0.00127266	-0.0216924	0.999764	-0.00936856	-0.159551	14.8029	
0.999999	-1.56036e-05	0.00135351	-1.56317e-05	0.999734	0.0230742	-0.00135351	-0.0230742	0.999733	-0.0105835	-0.180261	15.7279	
0.999999	-1.75289e-05	0.00143449	-1.75623e-05	0.999701	0.0244587	-0.00143449	-0.0244587	0.9997	-0.0118733	-0.202251	16.6529	
0.999999	-1.95697e-05	0.00151561	-1.96091e-05	0.999666	0.0258459	-0.00151561	-0.0258459	0.999665	-0.0132381	-0.225523	17.5779	
0.999999	-2.17266e-05	0.00159685	-2.17726e-05	0.999629	0.0272357	-0.00159684	-0.0272357	0.999628	-0.014678	-0.25008	18.5028	
0.999999	-2.40001e-05	0.00167821	-2.40535e-05	0.99959	0.028628	-0.00167821	-0.028628	0.999589	-0.0161931	-0.275924	19.4277	
0.999998	-2.63906e-05	0.00175969	-2.64521e-05	0.999549	0.0300228	-0.00175969	-0.0300228	0.999548	-0.0177836	-0.303058	20.3525	
0.999998	-2.88986e-05	0.00184129	-2.8969e-05	0.999506	0.0314201	-0.00184128	-0.0314201	0.999505	-0.0194495	-0.331483	21.2773	
0.999998	-3.15244e-05	0.00192299	-3.16047e-05	0.999461	0.0328197	-0.00192299	-0.0328197	0.999459	-0.0211909	-0.361202	22.2021	
0.999998	-3.42685e-05	0.00200481	-3.43595e-05	0.999414	0.0342216	-0.00200481	-0.0342216	0.999412	-0.023008	-0.392217	23.1268	
0.999998	-3.71314e-05	0.00208674	-3.72338e-05	0.999365	0.0356258	-0.00208673	-0.0356258	0.999363	-0.0249009	-0.42453	24.0515	
0.999998	-4.01132e-05	0.00216876	-4.02282e-05	0.999314	0.0370321	-0.00216876	-0.0370321	0.999312	-0.0268696	-0.458143	24.9762	
0.999997	-4.32145e-05	0.00225088	-4.3343e-05	0.999261	0.0384406	-0.00225088	-0.0384406	0.999258	-0.0289142	-0.493059	25.9008	
0.999997	-4.64354e-05	0.0023331	-4.65785e-05	0.999206	0.0398512	-0.0023331	-0.0398512	0.999203	-0.0310349	-0.529279	26.8253	
0.999997	-4.97765e-05	0.00241541	-4.99352e-05	0.999148	0.0412638	-0.00241541	-0.0412638	0.999145	-0.0332317	-0.566805	27.7498	
0.999997	-5.32378e-05	0.00249781	-5.34133e-05	0.999089	0.0426784	-0.0024978	-0.0426784	0.999086	-0.0355047	-0.605639	28.6742	
0.999997	-5.68198e-05	0.00258029	-5.70131e-05	0.999027	0.0440948	-0.00258029	-0.0440948	0.999024	-0.0378539	-0.645782	29.5986	
0.999996	-6.05227e-05	0.00266285	-6.0735e-05	0.998964	0.0455131	-0.00266285	-0.0455131	0.99896	-0.0402795	-0.687237	30.5229	
0.999996	-6.43466e-05	0.00274549	-6.45793e-05	0.998898	0.0469332	-0.00274549	-0.0469332	0.998894	-0.0427816	-0.730005	31.4472	
0.999996	-6.82919e-05	0.00282821	-6.85462e-05	0.99883	0.048355	-0.0028282	-0.048355	0.998826	-0.0453601	-0.774088	32.3714	
0.999996	-7.23588e-05	0.00291099	-7.26359e-05	0.99876	0.0497785	-0.00291098	-0.0497785	0.998756	-0.0480152	-0.819488	33.2955	
0.999996	-7.65473e-05	0.00299384	-7.68488e-05	0.998688	0.0512036	-0.00299383	-0.0512036	0.998684	-0.0507469	-0.866205	34.2196	
0.999995	-8.08578e-05	0.00307675	-8.11849e-05	0.998614	0.0526302	-0.00307674	-0.0526302	0.998609	-0.0535553	-0.914241	35.1436	
0.999995	-8.52903e-05	0.00315973	-8.56444e-05	0.998538	0.0540583	-0.00315972	-0.0540583	0.998533	-0.0564405	-0.963598	36.0675	
0.999995	-8.9845e-05	0.00324276	-9.02276e-05	0.998459	0.0554879	-0.00324275	-0.0554879	0.998454	-0.0594024	-1.01428	36.9914	
0.999994	-9.45219e-05	0.00332584	-9.49346e-05	0.998379	0.0569188	-0.00332583	-0.0569188	0.998373	-0.0624412	-1.06628	37.9152	
0.999994	-9.93212e-05	0.00340897	-9.97656e-05	0.998296	0.058351	-0.00340896	-0.058351	0.99829	-0.0655569	-1.11961	38.8389	
0.999994	-0.000104243	0.00349215	-0.000104721	0.998211	0.0597845	-0.00349214	-0.0597845	0.998205	-0.0687496	-1.17426	39.7625	
0.999994	-0.000109287	0.00357537	-0.0001098	0.998124	0.0612192	-0.00357535	-0.0612192	0.998118	-0.0720192	-1.23024	40.686	
0.999993	-0.000114454	0.00365863	-0.000115003	0.998035	0.062655	-0.00365861	-0.062655	0.998029	-0.0753658	-1.28755	41.6095	
0.999993	-0.000119743	0.00374192	-0.00012033	0.997944	0.0640918	-0.0037419	-0.0640918	0.997937	-0.0787895	-1.34618	42.5329	
0.999993	-0.000125155	0.00382525	-0.000125782	0.997851	0.0655297	-0.00382523	-0.0655297	0.997843	-0.0822902	-1.40615	43.4562	
0.999992	-0.00013069	0.0039086	-0.000131358	0.997755	0.0669685	-0.00390858	-0.0669686	0.997747	-0.0858681	-1.46745	44.3794	
0.999992	-0.000136346	0.00399198	-0.000137059	0.997657	0.0684083	-0.00399196	-0.0684083	0.997649	-0.0895231	-1.53007	45.3025	
0.999992	-0.000142126	0.00407538	-0.000142884	0.997558	0.0698488	-0.00407536	-0.0698488	0.997549	-0.0932552	-1.59404	46.2256	
0.999991	-0.000148027	0.0041588	-0.000148832	0.997456	0.0712902	-0.00415877	-0.0712902	0.997447	-0.0970646	-1.65933	47.1485	
0.999991	-0.000154051	0.00424224	-0.000154906	0.997351	0.0727322	-0.0042422	-0.0727322	0.997342	-0.100951	-1.72596	48.0714	
0.999991	-0.000160197	0.00432568	-0.000161103	0.997245	0.0741749	-0.00432565	-0.0741749	0.997236	-0.104915	-1.79392	48.9941	
0.99999	-0.000166465	0.00440913	-0.000167424	0.997137	0.0756182	-0.0044091	-0.0756182	0.997127	-0.108956	-1.86322	49.9167	
0.99999	-0.000172855	0.00449259	-0.000173869	0.997026	0.0770621	-0.00449255	-0.0770621	0.997016	-0.113074	-1.93385	50.8393	
0.99999	-0.000179366	0.00457604	-0.000180438	0.996914	0.0785064	-0.004576	-0.0785064	0.996903	-0.117269	-2.00582	51.7617	
0.999989	-0.000185999	0.0046595	-0.000187131	0.996799	0.0799511	-0.00465945	-0.0799511	0.996788	-0.121542	-2.07913	52.6841	
0.999989	-0.000192753	0.00474294	-0.000193947	0.996682	0.0813962	-0.0047429	-0.0813962	0.996671	-0.125892	-2.15377	53.6063	
0.999988	-0.000199628	0.00482638	-0.000200886	0.996563	0.0828416	-0.00482633	-0.0828416	0.996551	-0.130319	-2.22976	54.5284	
0.999988	-0.000206624	0.00490981	-0.000207948	0.996441	0.0842872	-0.00490975	-0.0842872	0.996429	-0.134823	-2.30707	55.4504	
0.999988	-0.00021374	0.00499321	-0.000215133	0.996318	0.085733	-0.00499315	-0.085733	0.996306	-0.139404	-2.38573	56.3723	
0.999965	-0.000509175	0.00840972	-0.000220744	0.996246	0.0865665	-0.00842223	-0.0865653	0.996211	-0.14561	-2.46544	57.2941	
0.99993	-0.000807496	0.0118262	-0.000229249	0.996173	0.0874022	-0.0118515	-0.0873988	0.996103	-0.15499	-2.54592	58.2158	
0.999883	-0.0011087	0.0152426	-0.000240658	0.996099	0.0882399	-0.015281	-0.0882333	0.995983	-0.167542	-2.62717	59.1374	
0.999825	-0.0014128	0.0186589	-0.000254986	0.996024	0.0890795	-0.0187105	-0.0890686	0.99585	-0.183267	-2.7092	60.0589	
0.999755	-0.00171978	0.0220748	-0.00027224	0.995949	0.0899207	-0.0221401	-0.0899046	0.995704	-0.202166	-2.79199	60.9802	
0.999673	-0.00202964	0.0254905	-0.000292429	0.995872	0.0907633	-0.0255695	-0.0907411	0.995546	-0.224237	-2.87557	61.9014	
0.999579	-0.00234239	0.0289057	-0.000315558	0.995795	0.0916072	-0.0289987	-0.0915777	0.995376	-0.249482	-2.95991	62.8225	
0.999474	-0.00265802	0.0323204	-0.000341631	0.995717	0.0924521	-0.0324277	-0.0924145	0.995192	-0.2779	-3.04503	63.7434	
0.999357	-0.00297652	0.0357345	-0.000370649	0.995638	0.0932978	-0.0358563	-0.0932511	0.994997	-0.30949	-3.13092	64.6641	
0.999228	-0.00329789	0.0391479	-0.000402613	0.995558	0.0941442	-0.0392845	-0.0940873	0.994789	-0.344252	-3.21759	65.5846	
0.999087	-0.00362213	0.0425606	-0.000437519	0.995478	0.0949911	-0.0427122	-0.094923	0.994568	-0.382186	-3.30503	66.5049	
0.998935	-0.00394924	0.0459724	-0.000475364	0.995397	0.0958383	-0.0461393	-0.095758	0.994335	-0.423291	-3.39325	67.425	
0.998771	-0.00427919	0.0493833	-0.000516141	0.995315	0.0966855	-0.0495657	-0.0965921	0.994089	-0.467566	-3.48223	68.3449	
0.998595	-0.00461199	0.0527932	-0.000559843	0.995232	0.0975326	-0.0529913	-0.0974251	0.993831	-0.515012	-3.57199	69.2646	
0.998407	-0.00494763	0.056202	-0.000606458	0.995149	0.0983793	-0.0564161	-0.0982567	0.993561	-0.565627	-3.66252	70.184	
0.998208	-0.0052861	0.0596097	-0.000655975	0.995065	0.0992256	-0.05984	-0.0990869	0.993278	-0.61941	-3.75382	71.1032	
0.996587	-0.00749447	0.082213	-0.00036571	0.99546	0.0951785	-0.0825531	-0.0948837	0.99206	-0.685288	-3.84356	72.0217	
0.994449	-0.00960657	0.104783	1.70646e-05	0.995838	0.0911375	-0.105222	-0.0906298	0.99031	-0.772161	-3.92938	72.9388	
0.991795	-0.0116212	0.127306	0.000492144	0.996199	0.0871047	-0.127835	-0.0863274	0.988031	-0.879984	-4.01125	73.8541	
0.988628	-0.0135374	0.149772	0.00105928	0.996542	0.0830823	-0.150379	-0.0819788	0.985224	-1.0087	-4.08912	74.767	
0.984948	-0.0153541	0.172168	0.00171815	0.996867	0.0790724	-0.172842	-0.0775864	0.981889	-1.15824	-4.16294	75.6771	
0.980758	-0.0170703	0.194482	0.00246843	0.997175	0.0750771	-0.195214	-0.0731524	0.978029	-1.32852	-4.23268	76.5839	
0.976059	-0.0186851	0.216702	0.00330969	0.997464	0.0710987	-0.217481	-0.0686793	0.973645	-1.51945	-4.2983	77.4868	
0.970855	-0.0201976	0.238816	0.0042415	0.997735	0.0671392	-0.239631	-0.0641695	0.968741	-1.73093	-4.35976	78.3854	
0.965148	-0.021607	0.260813	0.00526336	0.997987	0.0632007	-0.261653	-0.0596253	0.963318	-1.96285	-4.41703	79.2793	
0.958941	-0.0229126	0.28268	0.00637471	0.998221	0.0592854	-0.283536	-0.0550492	0.95738	-2.21508	-4.47009	80.1679	
0.952237	-0.0241136	0.304406	0.00757497	0.998436	0.0553954	-0.305266	-0.0504437	0.95093	-2.48748	-4.51889	81.0508	
0.94504	-0.0252095	0.32598	0.00886349	0.998632	0.0515327	-0.326833	-0.0458112	0.943971	-2.77992	-4.56342	81.9274	
0.937355	-0.0261996	0.34739	0.0102396	0.998809	0.0476994	-0.348226	-0.0411541	0.936507	-3.09224	-4.60366	82.7974	
0.929184	-0.0270834	0.368623	0.0117025	0.998967	0.0438975	-0.369432	-0.0364751	0.928542	-3.42426	-4.63957	83.6603	
0.920533	-0.0278605	0.38967	0.0132515	0.999107	0.0401292	-0.39044	-0.0317765	0.92008	-3.77581	-4.67115	84.5156	
0.911406	-0.0285303	0.410519	0.0148857	0.999227	0.0363963	-0.41124	-0.0270609	0.911126	-4.14671	-4.69837	85.3628	
0.901807	-0.0290927	0.431158	0.0166042	0.999327	0.0327009	-0.431819	-0.0223309	0.901684	-4.53674	-4.72122	86.2015	
0.891743	-0.0295471	0.451576	0.0184062	0.999409	0.029045	-0.452167	-0.0175889	0.89176	-4.94572	-4.73969	87.0312	
0.881218	-0.0298936	0.471763	0.0202907	0.999471	0.0254306	-0.472274	-0.0128375	0.881358	-5.37341	-4.75377	87.8515	
0.870238	-0.0301317	0.491708	0.0222566	0.999513	0.0218595	-0.492128	-0.00807922	0.870486	-5.81958	-4.76344	88.662	
0.85881	-0.0302614	0.5114	0.0243029	0.999537	0.0183337	-0.511718	-0.00331662	0.859147	-6.28401	-4.76872	89.4622	
0.846938	-0.0302827	0.530829	0.0264285	0.99954	0.014855	-0.531035	0.00144775	0.847349	-6.76644	-4.76958	90.2517	
