1	0	0	0	1	0	0	0	1	0	0	0	
0.999993	-3.34753e-06	-0.00381025	-3.34753e-06	0.999998	-0.00175711	0.00381025	0.00175711	0.999991	0.00165496	0.00076319	0.868684	
0.999971	-1.34041e-05	-0.00762379	-1.34086e-05	0.999994	-0.00351692	0.00762379	0.00351692	0.999965	0.00662127	0.00305393	1.73735	
0.999935	-3.01915e-05	-0.0114405	-3.02096e-05	0.999986	-0.00527938	0.0114405	0.00527938	0.999921	0.0149017	0.00687455	2.60599	
0.999884	-5.37312e-05	-0.0152603	-5.37764e-05	0.999975	-0.00704443	0.0152603	0.00704444	0.999859	0.026499	0.0122273	3.47458	
0.999818	-8.4044e-05	-0.019083	-8.41345e-05	0.999961	-0.00881204	0.019083	0.00881204	0.999779	0.0414158	0.0191145	4.34311	
0.999738	-0.00012115	-0.0229085	-0.000121309	0.999944	-0.0105821	0.0229085	0.0105821	0.999682	0.0596546	0.0275382	5.21157	
0.999642	-0.000165071	-0.0267367	-0.000165324	0.999924	-0.0123547	0.0267367	0.0123547	0.999566	0.0812177	0.0375007	6.07993	
0.999533	-0.000215824	-0.0305675	-0.000216205	0.9999	-0.0141296	0.0305675	0.0141296	0.999433	0.106107	0.049004	6.94818	
0.999408	-0.00027343	-0.0344008	-0.000273975	0.999873	-0.0159069	0.0344008	0.0159069	0.999282	0.134326	0.0620501	7.81631	
0.999269	-0.000337907	-0.0382364	-0.000338658	0.999844	-0.0176864	0.0382364	0.0176864	0.999112	0.165876	0.0766412	8.6843	
0.999114	-0.000409274	-0.0420743	-0.000410276	0.99981	-0.0194682	0.0420743	0.0194682	0.998925	0.200758	0.0927791	9.55214	
0.998945	-0.000487549	-0.0459142	-0.000488852	0.999774	-0.0212521	0.0459142	0.0212521	0.998719	0.238975	0.110466	10.4198	
0.998761	-0.000572749	-0.0497562	-0.000574408	0.999734	-0.0230382	0.0497562	0.0230382	0.998496	0.280529	0.129703	11.2873	
0.998562	-0.000664891	-0.0536001	-0.000666966	0.999692	-0.0248263	0.0536	0.0248264	0.998254	0.325421	0.150493	12.1546	
0.998348	-0.000763991	-0.0574457	-0.000766548	0.999645	-0.0266165	0.0574456	0.0266166	0.997994	0.373653	0.172837	13.0216	
0.998119	-0.000870067	-0.0612929	-0.000873174	0.999596	-0.0284086	0.0612929	0.0284087	0.997715	0.425227	0.196737	13.8884	
0.997876	-0.000983133	-0.0651417	-0.000986865	0.999543	-0.0302027	0.0651416	0.0302028	0.997419	0.480143	0.222194	14.755	
0.997617	-0.00110321	-0.0689919	-0.00110764	0.999487	-0.0319986	0.0689918	0.0319987	0.997104	0.538403	0.249211	15.6213	
0.997343	-0.0012303	-0.0728434	-0.00123552	0.999428	-0.0337963	0.0728433	0.0337964	0.996771	0.600008	0.277789	16.4874	
0.997054	-0.00136443	-0.076696	-0.00137052	0.999365	-0.0355957	0.0766959	0.0355959	0.996419	0.66496	0.307929	17.3531	
0.996749	-0.00150561	-0.0805497	-0.00151267	0.999299	-0.0373969	0.0805496	0.0373971	0.996049	0.733258	0.339633	18.2185	
0.99643	-0.00165385	-0.0844044	-0.00166198	0.99923	-0.0391997	0.0844042	0.0392	0.99566	0.804905	0.372903	19.0836	
0.996096	-0.00180917	-0.0882599	-0.00181847	0.999157	-0.041004	0.0882597	0.0410044	0.995253	0.879901	0.407739	19.9483	
0.995746	-0.00197158	-0.0921161	-0.00198215	0.999081	-0.04281	0.0921159	0.0428104	0.994828	0.958246	0.444143	20.8127	
0.995382	-0.00214109	-0.0959729	-0.00215305	0.999002	-0.0446174	0.0959726	0.0446179	0.994383	1.03994	0.482117	21.6767	
0.995002	-0.00231771	-0.0998302	-0.00233118	0.998919	-0.0464262	0.0998298	0.0464269	0.993921	1.12499	0.521662	22.5403	
0.994607	-0.00250147	-0.103688	-0.00251655	0.998833	-0.0482364	0.103687	0.0482372	0.99344	1.21338	0.562779	23.4035	
0.994197	-0.00269235	-0.107546	-0.00270919	0.998743	-0.0500479	0.107545	0.0500488	0.99294	1.30513	0.605469	24.2663	
0.993771	-0.00289039	-0.111404	-0.00290911	0.99865	-0.0518607	0.111403	0.0518618	0.992421	1.40023	0.649733	25.1286	
0.99333	-0.00309558	-0.115262	-0.00311632	0.998554	-0.0536747	0.115261	0.0536759	0.991884	1.49868	0.695573	25.9905	
0.992874	-0.00330794	-0.11912	-0.00333084	0.998454	-0.0554899	0.119119	0.0554913	0.991328	1.60048	0.742989	26.8519	
0.992403	-0.00352748	-0.122977	-0.00355268	0.99835	-0.0573062	0.122977	0.0573077	0.990754	1.70563	0.791982	27.7128	
0.991917	-0.00375421	-0.126835	-0.00378186	0.998244	-0.0591235	0.126834	0.0591252	0.99016	1.81414	0.842554	28.5732	
0.991415	-0.00398813	-0.130692	-0.00401839	0.998133	-0.0609418	0.130691	0.0609438	0.989548	1.92599	0.894706	29.4331	
0.990898	-0.00422926	-0.134548	-0.00426229	0.998019	-0.0627611	0.134547	0.0627633	0.988918	2.0412	0.948437	30.2924	
0.990366	-0.00447759	-0.138404	-0.00451356	0.997902	-0.0645812	0.138402	0.0645837	0.988268	2.15975	1.00375	31.1512	
0.989818	-0.00473315	-0.142259	-0.00477222	0.997782	-0.0664022	0.142257	0.066405	0.9876	2.28165	1.06064	32.0094	
0.989255	-0.00499593	-0.146113	-0.00503827	0.997657	-0.0682239	0.146111	0.0682271	0.986913	2.4069	1.11912	32.867	
0.988677	-0.00526595	-0.149965	-0.00531175	0.99753	-0.0700464	0.149964	0.0700499	0.986207	2.5355	1.17918	33.724	
0.988084	-0.00554321	-0.153817	-0.00559264	0.997398	-0.0718696	0.153815	0.0718734	0.985482	2.66745	1.24082	34.5804	
0.987475	-0.00582771	-0.157668	-0.00588097	0.997264	-0.0736934	0.157666	0.0736976	0.984739	2.80274	1.30405	35.4362	
0.986851	-0.00611946	-0.161517	-0.00617674	0.997125	-0.0755177	0.161515	0.0755223	0.983976	2.94137	1.36886	36.2913	
0.986212	-0.00641847	-0.165365	-0.00647997	0.996984	-0.0773425	0.165362	0.0773477	0.983195	3.08335	1.43526	37.1457	
0.985557	-0.00672474	-0.169211	-0.00679066	0.996838	-0.0791678	0.169208	0.0791734	0.982395	3.22867	1.50325	37.9994	
0.984887	-0.00703828	-0.173055	-0.00710882	0.996689	-0.0809935	0.173053	0.0809997	0.981576	3.37733	1.57282	38.8525	
0.984202	-0.00735909	-0.176898	-0.00743447	0.996537	-0.0828195	0.176895	0.0828263	0.980739	3.52932	1.64397	39.7048	
0.983501	-0.00768716	-0.180739	-0.0077676	0.996381	-0.0846459	0.180735	0.0846532	0.979882	3.68466	1.71672	40.5564	
0.982785	-0.00802252	-0.184577	-0.00810823	0.996221	-0.0864724	0.184574	0.0864804	0.979006	3.84333	1.79105	41.4072	
0.982054	-0.00836515	-0.188414	-0.00845637	0.996058	-0.0882992	0.18841	0.0883078	0.978112	4.00533	1.86697	42.2573	
0.981308	-0.00871507	-0.192248	-0.00881201	0.995891	-0.090126	0.192244	0.0901355	0.977199	4.17067	1.94447	43.1065	
0.980546	-0.00907227	-0.19608	-0.00917518	0.995721	-0.091953	0.196075	0.0919632	0.976267	4.33933	2.02357	43.955	
0.979769	-0.00943675	-0.199909	-0.00954587	0.995547	-0.0937799	0.199904	0.093791	0.975316	4.51132	2.10425	44.8027	
0.978977	-0.00980852	-0.203736	-0.00992409	0.99537	-0.0956068	0.203731	0.0956188	0.974346	4.68664	2.18652	45.6495	
0.978169	-0.0101876	-0.20756	-0.0103099	0.995189	-0.0974337	0.207554	0.0974465	0.973358	4.86528	2.27037	46.4955	
0.977346	-0.0105739	-0.211381	-0.0107032	0.995004	-0.0992603	0.211375	0.0992742	0.97235	5.04724	2.35582	47.3406	
0.976508	-0.0109676	-0.2152	-0.011104	0.994816	-0.101087	0.215193	0.101102	0.971324	5.23251	2.44285	48.1848	
0.975655	-0.0113685	-0.219015	-0.0115124	0.994624	-0.102913	0.219007	0.102929	0.970279	5.42111	2.53147	49.0281	
0.974787	-0.0117767	-0.222827	-0.0119283	0.994428	-0.104739	0.222819	0.104756	0.969215	5.61301	2.62168	49.8705	
0.973386	-0.012439	-0.228834	-0.0128609	0.993987	-0.108738	0.228811	0.108787	0.967373	5.80917	2.71443	50.7117	
0.971947	-0.0131267	-0.234832	-0.0138181	0.99353	-0.112728	0.234792	0.112811	0.965477	6.01054	2.81068	51.5512	
0.970471	-0.0138396	-0.24082	-0.0147998	0.993056	-0.116711	0.240763	0.116828	0.963527	6.21709	2.91042	52.3891	
0.968957	-0.0145778	-0.246799	-0.0158062	0.992565	-0.120685	0.246724	0.120839	0.961522	6.42883	3.01365	53.2252	
0.967405	-0.0153411	-0.252768	-0.0168371	0.992058	-0.12465	0.252673	0.124843	0.959464	6.64574	3.12036	54.0596	
0.965816	-0.0161296	-0.258726	-0.0178924	0.991534	-0.128607	0.25861	0.12884	0.957351	6.86781	3.23055	54.8921	
0.96419	-0.0169432	-0.264672	-0.0189722	0.990994	-0.132554	0.264535	0.132829	0.955185	7.09504	3.3442	55.7228	
0.962526	-0.0177819	-0.270607	-0.0200764	0.990438	-0.136493	0.270447	0.136811	0.952964	7.32741	3.46132	56.5516	
0.960824	-0.0186456	-0.27653	-0.021205	0.989865	-0.140422	0.276346	0.140784	0.950691	7.5649	3.58189	57.3785	
0.959086	-0.0195342	-0.282441	-0.0223579	0.989275	-0.144341	0.282231	0.14475	0.948363	7.80752	3.70591	58.2033	
0.95731	-0.0204478	-0.288338	-0.023535	0.98867	-0.148251	0.288102	0.148708	0.945982	8.05524	3.83337	59.0261	
0.955498	-0.0213862	-0.294222	-0.0247363	0.988048	-0.152151	0.293959	0.152658	0.943548	8.30806	3.96427	59.8468	
0.953649	-0.0223494	-0.300091	-0.0259618	0.987409	-0.156041	0.2998	0.156599	0.941061	8.56595	4.09859	60.6654	
0.951763	-0.0233373	-0.305947	-0.0272114	0.986755	-0.15992	0.305626	0.160531	0.938521	8.82892	4.23634	61.4818	
0.94984	-0.0243499	-0.311787	-0.0284851	0.986084	-0.163789	0.311436	0.164455	0.935928	9.09694	4.37749	62.296	
0.947881	-0.0253871	-0.317612	-0.0297828	0.985397	-0.167648	0.31723	0.168369	0.933283	9.36999	4.52206	63.1078	
0.945885	-0.0264488	-0.323421	-0.0311044	0.984694	-0.171495	0.323007	0.172275	0.930585	9.64808	4.67001	63.9174	
0.943854	-0.0275349	-0.329214	-0.0324499	0.983975	-0.175332	0.328766	0.17617	0.927835	9.93117	4.82136	64.7246	
0.941786	-0.0286454	-0.33499	-0.0338192	0.983239	-0.179157	0.334508	0.180057	0.925032	10.2193	4.97608	65.5294	
0.939682	-0.0297803	-0.340749	-0.0352123	0.982488	-0.182971	0.340231	0.183933	0.922178	10.5123	5.13418	66.3317	
0.937543	-0.0309393	-0.346491	-0.0366292	0.98172	-0.186773	0.345936	0.187799	0.919271	10.8104	5.29564	67.1315	
0.935368	-0.0321224	-0.352214	-0.0380697	0.980936	-0.190564	0.351621	0.191656	0.916314	11.1133	5.46046	67.9288	
0.933158	-0.0333297	-0.357919	-0.0395338	0.980137	-0.194342	0.357287	0.195502	0.913304	11.4213	5.62862	68.7235	
0.930912	-0.0345608	-0.363605	-0.0410214	0.979321	-0.198109	0.362933	0.199337	0.910244	11.7341	5.80011	69.5155	
0.925144	-0.0377806	-0.377732	-0.0466111	0.976201	-0.211799	0.376745	0.213551	0.901365	12.0554	5.97946	70.3024	
0.919162	-0.0412212	-0.391718	-0.0524082	0.972867	-0.225352	0.390378	0.227664	0.892062	12.3886	6.1711	71.0814	
0.912968	-0.0448811	-0.405555	-0.05841	0.96932	-0.238761	0.403828	0.24167	0.882337	12.7335	6.37496	71.8522	
0.906567	-0.0487586	-0.419237	-0.0646137	0.965563	-0.25202	0.417087	0.255561	0.872196	13.0901	6.59094	72.6143	
0.89996	-0.0528517	-0.432757	-0.0710162	0.961596	-0.265123	0.43015	0.269333	0.861644	13.4581	6.81893	73.3674	
0.893151	-0.0571587	-0.44611	-0.0776147	0.957422	-0.278063	0.443009	0.282977	0.850686	13.8374	7.05883	74.1111	
0.886143	-0.0616774	-0.459289	-0.0844059	0.953043	-0.290834	0.45566	0.296487	0.839327	14.2277	7.31053	74.8452	
0.87894	-0.0664057	-0.472288	-0.0913867	0.948461	-0.303431	0.468096	0.309858	0.827571	14.629	7.5739	75.5693	
0.871544	-0.0713415	-0.4851	-0.0985538	0.943678	-0.315847	0.480311	0.323083	0.815426	15.0409	7.84883	76.2829	
0.863959	-0.0764823	-0.49772	-0.105904	0.938696	-0.328077	0.4923	0.336155	0.802895	15.4634	8.13517	76.9858	
0.85619	-0.0818257	-0.510141	-0.113433	0.933518	-0.340114	0.504056	0.349069	0.789986	15.8962	8.43281	77.6777	
0.848238	-0.0873693	-0.522358	-0.121139	0.928146	-0.351953	0.515575	0.361818	0.776705	16.3391	8.74159	78.3582	
0.840109	-0.0931103	-0.534366	-0.129016	0.922582	-0.363589	0.52685	0.374397	0.763057	16.7918	9.06137	79.027	
0.831807	-0.0990462	-0.546157	-0.137062	0.91683	-0.375016	0.537877	0.386799	0.74905	17.2543	9.39201	79.6838	
0.823334	-0.105174	-0.557727	-0.145273	0.910891	-0.386229	0.54865	0.399018	0.734689	17.7263	9.73333	80.3283	
0.814695	-0.111491	-0.569071	-0.153645	0.90477	-0.397222	0.559165	0.411049	0.719981	18.2075	10.0852	80.9602	
0.805894	-0.117994	-0.580183	-0.162173	0.898468	-0.40799	0.569416	0.422887	0.704934	18.6977	10.4474	81.5791	
