1	0	0	0	1	0	0	0	1	0	0	0	
1	4.21287e-07	0.000222407	4.21287e-07	0.999993	-0.00378841	-0.000222407	0.00378841	0.999993	-8.44138e-05	0.00143788	0.759089	
1	1.69835e-06	0.000447087	1.69027e-06	0.999971	-0.00757922	-0.000447087	0.00757922	0.999971	-0.000338518	0.00575242	1.51817	
1	3.84898e-06	0.000674038	3.81666e-06	0.999935	-0.0113723	-0.000674038	0.0113723	0.999935	-0.000764036	0.0129454	2.27722	
1	6.89098e-06	0.000903255	6.81012e-06	0.999885	-0.0151677	-0.000903256	0.0151677	0.999885	-0.00136269	0.0230186	3.03625	
0.999999	1.08422e-05	0.00113474	1.06803e-05	0.99982	-0.0189652	-0.00113474	0.0189652	0.99982	-0.0021362	0.0359736	3.79523	
0.999999	1.57203e-05	0.00136848	1.54369e-05	0.999741	-0.0227647	-0.00136849	0.0227647	0.99974	-0.00308629	0.051812	4.55415	
0.999999	2.15433e-05	0.00160449	2.10896e-05	0.999647	-0.0265663	-0.00160449	0.0265663	0.999646	-0.00421468	0.0705354	5.31301	
0.999998	2.83289e-05	0.00184275	2.76479e-05	0.999539	-0.0303697	-0.00184276	0.0303697	0.999537	-0.00552307	0.0921452	6.07179	
0.999998	3.60949e-05	0.00208326	3.51215e-05	0.999416	-0.0341748	-0.00208328	0.0341748	0.999414	-0.00701318	0.116643	6.83048	
0.999997	4.48591e-05	0.00232603	4.352e-05	0.999278	-0.0379817	-0.00232605	0.0379817	0.999276	-0.00868673	0.14403	7.58908	
0.999997	5.46394e-05	0.00257104	5.28528e-05	0.999126	-0.0417903	-0.00257108	0.0417903	0.999123	-0.0105454	0.174307	8.34756	
0.999996	6.54536e-05	0.00281829	6.31297e-05	0.99896	-0.0456003	-0.00281834	0.0456003	0.998956	-0.0125909	0.207475	9.10593	
0.999995	7.73195e-05	0.00306778	7.43601e-05	0.998778	-0.0494118	-0.00306786	0.0494118	0.998774	-0.014825	0.243537	9.86416	
0.999994	9.02548e-05	0.00331951	8.65536e-05	0.998583	-0.0532247	-0.00331961	0.0532247	0.998577	-0.0172494	0.282492	10.6222	
0.999994	0.000104277	0.00357347	9.97195e-05	0.998372	-0.0570389	-0.0035736	0.0570388	0.998366	-0.0198657	0.324342	11.3802	
0.999993	0.000119405	0.00382965	0.000113868	0.998147	-0.0608542	-0.00382982	0.0608542	0.998139	-0.0226756	0.369088	12.1379	
0.999992	0.000135656	0.00408806	0.000129007	0.997907	-0.0646706	-0.00408828	0.0646706	0.997898	-0.0256809	0.41673	12.8955	
0.999991	0.000153047	0.00434869	0.000145147	0.997652	-0.0684881	-0.00434896	0.0684881	0.997642	-0.0288832	0.46727	13.6529	
0.999989	0.000171596	0.00461153	0.000162298	0.997382	-0.0723065	-0.00461186	0.0723065	0.997372	-0.0322842	0.520708	14.4101	
0.999988	0.000191321	0.00487657	0.000180469	0.997098	-0.0761257	-0.00487699	0.0761257	0.997086	-0.0358857	0.577045	15.1671	
0.999987	0.000212241	0.00514382	0.000199668	0.996799	-0.0799457	-0.00514433	0.0799457	0.996786	-0.0396892	0.636281	15.9239	
0.999985	0.000234371	0.00541327	0.000219906	0.996485	-0.0837664	-0.00541388	0.0837664	0.996471	-0.0436966	0.698418	16.6804	
0.999984	0.000257731	0.00568492	0.000241192	0.996157	-0.0875877	-0.00568564	0.0875876	0.996141	-0.0479093	0.763454	17.4367	
0.999982	0.000282338	0.00595875	0.000263535	0.995813	-0.0914094	-0.00595961	0.0914094	0.995796	-0.0523293	0.831392	18.1927	
0.999981	0.000308209	0.00623476	0.000286944	0.995455	-0.0952316	-0.00623578	0.0952315	0.995436	-0.056958	0.902231	18.9485	
0.999979	0.000335362	0.00651295	0.000311428	0.995082	-0.0990541	-0.00651414	0.099054	0.995061	-0.0617971	0.975971	19.704	
0.999977	0.000363815	0.00679332	0.000336998	0.994694	-0.102877	-0.0067947	0.102877	0.994671	-0.0668485	1.05261	20.4592	
0.999975	0.000393586	0.00707585	0.000363661	0.994291	-0.1067	-0.00707745	0.1067	0.994266	-0.0721136	1.13216	21.2141	
0.999973	0.000424691	0.00736053	0.000391428	0.993874	-0.110523	-0.00736238	0.110523	0.993846	-0.0775942	1.2146	21.9686	
0.999971	0.000457148	0.00764737	0.000420307	0.993441	-0.114346	-0.00764949	0.114346	0.993412	-0.0832918	1.29995	22.7229	
0.999968	0.000490976	0.00793636	0.000450307	0.992993	-0.118169	-0.00793877	0.118168	0.992962	-0.0892083	1.3882	23.4768	
0.999966	0.00052619	0.00822749	0.000481438	0.992531	-0.121991	-0.00823023	0.121991	0.992497	-0.0953452	1.47935	24.2304	
0.999964	0.00056281	0.00852075	0.000513709	0.992054	-0.125814	-0.00852385	0.125814	0.992017	-0.101704	1.57341	24.9836	
0.999961	0.000600851	0.00881614	0.000547128	0.991562	-0.129636	-0.00881964	0.129636	0.991522	-0.108287	1.67036	25.7365	
0.999958	0.000640332	0.00911365	0.000581704	0.991054	-0.133457	-0.00911758	0.133457	0.991013	-0.115095	1.77022	26.4889	
0.999955	0.00068127	0.00941327	0.000617447	0.990532	-0.137279	-0.00941768	0.137278	0.990488	-0.12213	1.87297	27.241	
0.999953	0.000723683	0.009715	0.000654366	0.989995	-0.141099	-0.00971992	0.141099	0.989948	-0.129393	1.97863	27.9927	
0.99995	0.000767586	0.0100188	0.000692469	0.989443	-0.144919	-0.0100243	0.144918	0.989393	-0.136887	2.08719	28.7439	
0.999946	0.000812998	0.0103248	0.000731766	0.988876	-0.148738	-0.0103308	0.148737	0.988823	-0.144613	2.19864	29.4947	
0.999943	0.000859937	0.0106328	0.000772264	0.988295	-0.152556	-0.0106395	0.152556	0.988238	-0.152572	2.313	30.2451	
0.99994	0.000908418	0.0109428	0.000813973	0.987698	-0.156373	-0.0109503	0.156373	0.987637	-0.160766	2.43025	30.995	
0.999936	0.000958459	0.011255	0.000856902	0.987086	-0.160189	-0.0112632	0.160189	0.987022	-0.169197	2.5504	31.7445	
0.999933	0.00101008	0.0115692	0.00090106	0.986459	-0.164004	-0.0115782	0.164004	0.986392	-0.177867	2.67344	32.4935	
0.999929	0.00106329	0.0118855	0.000946455	0.985817	-0.167818	-0.0118953	0.167818	0.985746	-0.186776	2.79939	33.242	
0.999925	0.00111811	0.0122038	0.000993095	0.985161	-0.171631	-0.0122146	0.17163	0.985086	-0.195927	2.92822	33.9901	
0.999921	0.00117457	0.0125241	0.00104099	0.984489	-0.175442	-0.0125359	0.175441	0.98441	-0.205321	3.05995	34.7376	
0.999917	0.00123266	0.0128465	0.00109015	0.983803	-0.179252	-0.0128594	0.179251	0.983719	-0.21496	3.19457	35.4846	
0.999912	0.00129242	0.0131709	0.00114058	0.983101	-0.18306	-0.0131849	0.183059	0.983014	-0.224845	3.33209	36.231	
0.999908	0.00135386	0.0134973	0.00119229	0.982385	-0.186867	-0.0135125	0.186865	0.982293	-0.234977	3.47249	36.977	
0.999903	0.00141699	0.0138257	0.00124529	0.981653	-0.190671	-0.0138422	0.19067	0.981557	-0.24536	3.61578	37.7223	
0.999899	0.00148184	0.0141561	0.00129958	0.980907	-0.194474	-0.014174	0.194473	0.980805	-0.255993	3.76196	38.4671	
0.999894	0.00154841	0.0144885	0.00135518	0.980145	-0.198276	-0.0145078	0.198274	0.980039	-0.266879	3.91103	39.2114	
0.999851	0.00209071	0.0171324	0.00144033	0.979066	-0.203536	-0.0171993	0.203531	0.978917	-0.278914	4.06353	39.9549	
0.999801	0.00264674	0.019771	0.00154007	0.977957	-0.208799	-0.0198878	0.208787	0.977759	-0.29299	4.22002	40.6975	
0.999744	0.00321648	0.0224044	0.00165443	0.976819	-0.214062	-0.0225735	0.214044	0.976563	-0.309106	4.38051	41.4393	
0.999679	0.00379992	0.0250323	0.00178343	0.97565	-0.219326	-0.0252562	0.219301	0.97533	-0.32726	4.54498	42.1801	
0.999608	0.00439705	0.0276549	0.00192709	0.974451	-0.224591	-0.0279359	0.224556	0.974061	-0.347448	4.71345	42.92	
0.999529	0.00500786	0.030272	0.00208542	0.973222	-0.229856	-0.0306125	0.229811	0.972754	-0.36967	4.8859	43.6589	
0.999443	0.00563232	0.0328836	0.00225844	0.971964	-0.23512	-0.0332859	0.235063	0.97141	-0.393923	5.06234	44.3968	
0.99935	0.00627042	0.0354896	0.00244615	0.970675	-0.240383	-0.0359561	0.240314	0.970029	-0.420203	5.24277	45.1337	
0.99925	0.00692215	0.03809	0.00264858	0.969356	-0.245645	-0.0386231	0.245562	0.968611	-0.44851	5.42718	45.8695	
0.999143	0.0075875	0.0406847	0.00286573	0.968007	-0.250906	-0.0412869	0.250807	0.967156	-0.478839	5.61558	46.6042	
0.999029	0.00826644	0.0432738	0.0030976	0.966628	-0.256164	-0.0439472	0.256049	0.965664	-0.511189	5.80795	47.3378	
0.998908	0.00895897	0.0458571	0.00334421	0.96522	-0.261419	-0.0466042	0.261287	0.964135	-0.545558	6.00431	48.0702	
0.99878	0.00966507	0.0484346	0.00360555	0.963781	-0.266672	-0.0492577	0.266521	0.96257	-0.581942	6.20464	48.8015	
0.998644	0.0103847	0.0510063	0.00388162	0.962312	-0.271921	-0.0519078	0.27175	0.960967	-0.620339	6.40893	49.5316	
0.998502	0.0111179	0.0535721	0.00417242	0.960813	-0.277166	-0.0545543	0.276975	0.959327	-0.660746	6.6172	50.2604	
0.998353	0.0118646	0.0561321	0.00447795	0.959284	-0.282407	-0.0571972	0.282194	0.957651	-0.703161	6.82943	50.988	
0.998197	0.0126248	0.058686	0.0047982	0.957725	-0.287644	-0.0598366	0.287407	0.955938	-0.747581	7.04562	51.7143	
0.998034	0.0133985	0.061234	0.00513318	0.956137	-0.292875	-0.0624722	0.292614	0.954188	-0.794003	7.26577	52.4393	
0.997863	0.0141857	0.063776	0.00548286	0.954519	-0.298101	-0.0651042	0.297814	0.952401	-0.842424	7.48986	53.1629	
0.997686	0.0149864	0.0663119	0.00584724	0.95287	-0.303321	-0.0677324	0.303007	0.950578	-0.892842	7.7179	53.8852	
0.997502	0.0158005	0.0688418	0.00622631	0.951193	-0.308535	-0.0703568	0.308193	0.948719	-0.945253	7.94988	54.6061	
0.997312	0.016628	0.0713655	0.00662005	0.949485	-0.313742	-0.0729774	0.313371	0.946823	-0.999655	8.18579	55.3255	
0.997114	0.017469	0.073883	0.00702845	0.947748	-0.318942	-0.0755941	0.318541	0.94489	-1.05604	8.42563	56.0435	
0.996909	0.0183234	0.0763943	0.00745149	0.945982	-0.324134	-0.0782069	0.323702	0.942921	-1.11442	8.66939	56.76	
0.996698	0.0191911	0.0788994	0.00788915	0.944186	-0.329319	-0.0808157	0.328854	0.940916	-1.17478	8.91707	57.475	
0.99648	0.0200723	0.0813983	0.00834141	0.94236	-0.334496	-0.0834206	0.333997	0.938875	-1.23711	9.16865	58.1885	
0.996254	0.0209668	0.0838908	0.00880824	0.940506	-0.339663	-0.0860214	0.33913	0.936798	-1.30142	9.42413	58.9004	
0.996022	0.0218746	0.086377	0.00928963	0.938622	-0.344822	-0.0886182	0.344253	0.934685	-1.36771	9.68351	59.6107	
0.995784	0.0227958	0.0888569	0.00978555	0.936709	-0.349971	-0.0912109	0.349365	0.932537	-1.43596	9.94677	60.3194	
0.995538	0.0237303	0.0913303	0.010296	0.934768	-0.355111	-0.0937995	0.354467	0.930352	-1.50618	10.2139	61.0265	
0.995285	0.0246782	0.0937974	0.0108209	0.932797	-0.36024	-0.0963839	0.359557	0.928132	-1.57836	10.4849	61.7319	
0.995026	0.0256393	0.0962579	0.0113602	0.930798	-0.365359	-0.0989642	0.364635	0.925877	-1.65251	10.7598	62.4355	
0.99476	0.0266137	0.098712	0.0119139	0.928769	-0.370466	-0.10154	0.369701	0.923586	-1.72861	11.0385	63.1375	
0.994487	0.0276014	0.10116	0.012482	0.926713	-0.375563	-0.104112	0.374755	0.92126	-1.80666	11.321	63.8377	
0.994208	0.0286023	0.103601	0.0130645	0.924628	-0.380647	-0.106679	0.379796	0.918899	-1.88667	11.6074	64.5361	
0.993921	0.0296165	0.106035	0.0136612	0.922515	-0.38572	-0.109243	0.384824	0.916502	-1.96862	11.8976	65.2327	
0.993628	0.0306439	0.108463	0.0142723	0.920373	-0.39078	-0.111801	0.389838	0.914072	-2.05252	12.1917	65.9275	
0.993328	0.0316845	0.110884	0.0148975	0.918204	-0.395827	-0.114356	0.394838	0.911606	-2.13835	12.4895	66.6205	
0.993021	0.0327383	0.113299	0.0155369	0.916007	-0.400861	-0.116906	0.399824	0.909106	-2.22613	12.7911	67.3115	
0.992708	0.0338054	0.115706	0.0161905	0.913782	-0.405882	-0.119451	0.404796	0.906571	-2.31584	13.0965	68.0006	
0.992388	0.0348856	0.118107	0.0168581	0.91153	-0.410889	-0.121993	0.409752	0.904003	-2.40748	13.4056	68.6878	
0.992061	0.0359789	0.120502	0.0175398	0.90925	-0.415881	-0.124529	0.414693	0.9014	-2.50104	13.7186	69.3731	
0.990027	0.0424375	0.134331	0.0190046	0.904598	-0.425843	-0.139587	0.424149	0.89477	-2.60129	14.0369	70.0548	
0.987762	0.0490404	0.148056	0.0206362	0.899841	-0.435729	-0.154595	0.433452	0.887817	-2.71295	14.3625	70.7314	
0.985267	0.0557854	0.161671	0.022434	0.894982	-0.445537	-0.169547	0.4426	0.880545	-2.83598	14.695	71.4026	
0.982541	0.0626701	0.175172	0.0243972	0.890023	-0.455262	-0.184438	0.451588	0.872955	-2.97034	15.0344	72.0682	
0.979587	0.0696919	0.188553	0.0265253	0.884965	-0.464901	-0.199263	0.460413	0.865052	-3.11597	15.3805	72.7278	
