1	0	0	0	1	0	0	0	1	0	0	0	
0.999992	4.85607e-06	0.00388112	4.85607e-06	0.999997	-0.00250239	-0.00388112	0.00250239	0.999989	-0.001624	0.00104709	0.836866	
0.99997	1.94269e-05	0.00776183	1.94355e-05	0.999987	-0.00500676	-0.00776183	0.00500676	0.999957	-0.00649581	0.00418918	1.67371	
0.999932	4.37182e-05	0.011642	4.37529e-05	0.999972	-0.00751303	-0.011642	0.00751303	0.999904	-0.0146151	0.0094279	2.51053	
0.99988	7.77356e-05	0.0155216	7.78222e-05	0.99995	-0.0100211	-0.0155216	0.0100211	0.999829	-0.0259813	0.0167648	3.34728	
0.999812	0.000121484	0.0194005	0.000121658	0.999921	-0.012531	-0.0194005	0.0125311	0.999733	-0.040594	0.0262014	4.18397	
0.999729	0.000174969	0.0232787	0.000175272	0.999887	-0.0150427	-0.0232787	0.0150427	0.999616	-0.0584524	0.0377393	5.02057	
0.999631	0.000238194	0.0271559	0.00023868	0.999846	-0.017556	-0.0271559	0.017556	0.999477	-0.079556	0.0513797	5.85706	
0.999518	0.000311164	0.0310322	0.000311893	0.999799	-0.0200709	-0.0310322	0.0200709	0.999317	-0.103904	0.0671241	6.69343	
0.99939	0.000393883	0.0349074	0.000394924	0.999745	-0.0225874	-0.0349074	0.0225874	0.999135	-0.131495	0.0849738	7.52965	
0.999248	0.000486355	0.0387815	0.000487786	0.999685	-0.0251053	-0.0387814	0.0251053	0.998932	-0.162329	0.10493	8.36571	
0.99909	0.000588582	0.0426543	0.000590491	0.999618	-0.0276247	-0.0426542	0.0276247	0.998708	-0.196405	0.126994	9.20159	
0.998917	0.000700568	0.0465257	0.00070305	0.999545	-0.0301454	-0.0465257	0.0301455	0.998462	-0.233721	0.151167	10.0373	
0.998729	0.000822315	0.0503958	0.000825474	0.999466	-0.0326674	-0.0503957	0.0326675	0.998195	-0.274276	0.17745	10.8727	
0.998526	0.000953827	0.0542643	0.000957775	0.99938	-0.0351907	-0.0542642	0.0351908	0.997906	-0.31807	0.205845	11.708	
0.998308	0.0010951	0.0581311	0.00109996	0.999288	-0.0377152	-0.0581311	0.0377153	0.997596	-0.3651	0.236351	12.543	
0.998076	0.00124615	0.0619963	0.00125205	0.999189	-0.0402408	-0.0619962	0.040241	0.997265	-0.415365	0.268971	13.3777	
0.997828	0.00140696	0.0658597	0.00141405	0.999084	-0.0427675	-0.0658595	0.0427677	0.996912	-0.468865	0.303705	14.2121	
0.997565	0.00157755	0.0697211	0.00158596	0.998972	-0.0452951	-0.0697209	0.0452954	0.996538	-0.525596	0.340553	15.0463	
0.997288	0.00175791	0.0735806	0.0017678	0.998854	-0.0478237	-0.0735804	0.0478241	0.996142	-0.585559	0.379518	15.8801	
0.996995	0.00194803	0.077438	0.00195958	0.99873	-0.0503532	-0.0774377	0.0503536	0.995725	-0.64875	0.420599	16.7135	
0.996688	0.00214793	0.0812932	0.0021613	0.998598	-0.0528835	-0.0812929	0.052884	0.995286	-0.715168	0.463797	17.5466	
0.996366	0.00235761	0.0851462	0.00237298	0.998461	-0.0554145	-0.0851458	0.0554152	0.994826	-0.784812	0.509113	18.3794	
0.996029	0.00257705	0.0889968	0.00259462	0.998316	-0.0579462	-0.0889963	0.057947	0.994345	-0.857679	0.556548	19.2117	
0.995677	0.00280627	0.092845	0.00282623	0.998165	-0.0604786	-0.0928444	0.0604795	0.993842	-0.933768	0.606102	20.0436	
0.99531	0.00304525	0.0966906	0.00306782	0.998008	-0.0630116	-0.0966899	0.0630126	0.993318	-1.01308	0.657775	20.8751	
0.994928	0.00329401	0.100534	0.0033194	0.997844	-0.065545	-0.100533	0.0655463	0.992772	-1.0956	0.711569	21.7062	
0.994532	0.00355253	0.104374	0.00358097	0.997674	-0.0680789	-0.104373	0.0680804	0.992205	-1.18134	0.767483	22.5368	
0.994121	0.00382082	0.108211	0.00385254	0.997496	-0.0706132	-0.10821	0.0706149	0.991617	-1.27029	0.825518	23.3669	
0.993695	0.00409888	0.112046	0.00413411	0.997313	-0.0731478	-0.112045	0.0731498	0.991007	-1.36245	0.885674	24.1965	
0.993254	0.00438669	0.115877	0.0044257	0.997122	-0.0756826	-0.115876	0.0756849	0.990376	-1.45782	0.947952	25.0256	
0.992798	0.00468426	0.119706	0.00472731	0.996925	-0.0782177	-0.119704	0.0782203	0.989723	-1.5564	1.01235	25.8541	
0.992328	0.00499159	0.123531	0.00503894	0.996721	-0.0807529	-0.123529	0.0807558	0.98905	-1.65818	1.07887	26.6821	
0.991843	0.00530867	0.127353	0.0053606	0.996511	-0.0832882	-0.127351	0.0832915	0.988354	-1.76315	1.14752	27.5095	
0.991344	0.0056355	0.131172	0.00569229	0.996294	-0.0858234	-0.13117	0.0858272	0.987638	-1.87133	1.21828	28.3363	
0.990829	0.00597208	0.134987	0.00603402	0.99607	-0.0883587	-0.134985	0.0883629	0.9869	-1.9827	1.29117	29.1625	
0.9903	0.0063184	0.138799	0.00638579	0.99584	-0.0908938	-0.138796	0.0908985	0.986141	-2.09726	1.36618	29.9881	
0.989757	0.00667445	0.142607	0.00674762	0.995603	-0.0934287	-0.142604	0.093434	0.98536	-2.215	1.44331	30.8131	
0.989199	0.00704023	0.146412	0.00711949	0.995359	-0.0959634	-0.146408	0.0959693	0.984558	-2.33594	1.52256	31.6374	
0.988626	0.00741574	0.150212	0.00750141	0.995109	-0.0984978	-0.150208	0.0985043	0.983735	-2.46005	1.60394	32.461	
0.988039	0.00780098	0.154009	0.0078934	0.994852	-0.101032	-0.154004	0.101039	0.982891	-2.58734	1.68743	33.2839	
0.987437	0.00819593	0.157802	0.00829544	0.994588	-0.103565	-0.157796	0.103573	0.982025	-2.71781	1.77305	34.1061	
0.98682	0.00860058	0.16159	0.00870755	0.994317	-0.106099	-0.161585	0.106107	0.981138	-2.85145	1.86079	34.9275	
0.98619	0.00901495	0.165375	0.00912972	0.99404	-0.108631	-0.165368	0.108641	0.98023	-2.98826	1.95064	35.7482	
0.985544	0.00943901	0.169155	0.00956196	0.993756	-0.111163	-0.169148	0.111174	0.9793	-3.12823	2.04262	36.5682	
0.984884	0.00987276	0.172931	0.0100043	0.993465	-0.113694	-0.172923	0.113706	0.97835	-3.27137	2.13672	37.3873	
0.98421	0.0103162	0.176703	0.0104566	0.993168	-0.116225	-0.176694	0.116237	0.977378	-3.41766	2.23294	38.2056	
0.983522	0.0107693	0.18047	0.0109191	0.992864	-0.118755	-0.180461	0.118768	0.976385	-3.56711	2.33127	39.0232	
0.982819	0.0112321	0.184232	0.0113916	0.992553	-0.121284	-0.184222	0.121298	0.975371	-3.7197	2.43172	39.8399	
0.982101	0.0117045	0.18799	0.0118742	0.992235	-0.123812	-0.187979	0.123828	0.974336	-3.87545	2.53429	40.6557	
0.98137	0.0121866	0.191743	0.0123668	0.99191	-0.126338	-0.191731	0.126356	0.97328	-4.03433	2.63898	41.4706	
0.980624	0.0126784	0.195491	0.0128696	0.991579	-0.128864	-0.195478	0.128883	0.972202	-4.19635	2.74578	42.2847	
0.979863	0.0131797	0.199234	0.0133824	0.991241	-0.131389	-0.19922	0.13141	0.971104	-4.36151	2.8547	43.0978	
0.979089	0.0136907	0.202972	0.0139052	0.990896	-0.133913	-0.202958	0.133935	0.969984	-4.52979	2.96572	43.9101	
0.9783	0.0142114	0.206705	0.0144382	0.990544	-0.136435	-0.206689	0.136459	0.968844	-4.7012	3.07887	44.7213	
0.977497	0.0147416	0.210433	0.0149812	0.990185	-0.138956	-0.210416	0.138982	0.967682	-4.87573	3.19412	45.5316	
0.97668	0.0152814	0.214156	0.0155343	0.98982	-0.141476	-0.214137	0.141503	0.9665	-5.05338	3.31149	46.341	
0.975849	0.0158308	0.217873	0.0160974	0.989448	-0.143994	-0.217853	0.144024	0.965296	-5.23414	3.43096	47.1493	
0.975624	0.0159811	0.218866	0.0169366	0.988887	-0.147703	-0.218794	0.147809	0.964511	-5.41685	3.55307	47.9568	
0.975398	0.0161356	0.219862	0.0177815	0.98831	-0.151418	-0.219735	0.151602	0.963708	-5.60035	3.67836	48.7636	
0.97517	0.0162946	0.220859	0.0186322	0.987717	-0.15514	-0.220674	0.155403	0.962888	-5.78463	3.80682	49.5698	
0.97494	0.0164579	0.221859	0.0194886	0.987108	-0.158867	-0.221613	0.159209	0.96205	-5.9697	3.93846	50.3752	
0.974709	0.0166256	0.22286	0.0203505	0.986482	-0.162599	-0.22255	0.163022	0.961195	-6.15555	4.0733	51.18	
0.974476	0.0167978	0.223862	0.0212179	0.985841	-0.166335	-0.223487	0.16684	0.960322	-6.34219	4.21132	51.984	
0.974242	0.0169743	0.224866	0.0220907	0.985183	-0.170076	-0.224422	0.170663	0.959432	-6.52961	4.35254	52.7873	
0.974006	0.0171553	0.225872	0.0229688	0.984509	-0.173821	-0.225355	0.174491	0.958524	-6.71781	4.49697	53.5899	
0.973769	0.0173407	0.226879	0.0238523	0.983819	-0.177569	-0.226287	0.178323	0.957599	-6.90679	4.6446	54.3916	
0.97353	0.0175306	0.227887	0.0247409	0.983113	-0.18132	-0.227218	0.182158	0.956656	-7.09656	4.79544	55.1926	
0.973289	0.0177249	0.228897	0.0256346	0.98239	-0.185073	-0.228146	0.185997	0.955696	-7.2871	4.94949	55.9928	
0.973047	0.0179237	0.229907	0.0265333	0.981652	-0.188828	-0.229073	0.189839	0.954718	-7.47841	5.10675	56.7922	
0.972804	0.0181269	0.230919	0.027437	0.980897	-0.192585	-0.229998	0.193683	0.953723	-7.67051	5.26723	57.5908	
0.972559	0.0183346	0.231931	0.0283455	0.980126	-0.196343	-0.230921	0.197529	0.952711	-7.86337	5.43092	58.3885	
0.972313	0.0185468	0.232944	0.0292588	0.979338	-0.200101	-0.231842	0.201377	0.951681	-8.05701	5.59784	59.1853	
0.972066	0.0187634	0.233957	0.0301768	0.978535	-0.20386	-0.23276	0.205225	0.950634	-8.25141	5.76798	59.9813	
0.971817	0.0189845	0.234971	0.0310994	0.977715	-0.207618	-0.233677	0.209074	0.94957	-8.44659	5.94134	60.7765	
0.971567	0.0192101	0.235986	0.0320264	0.97688	-0.211376	-0.23459	0.212924	0.948489	-8.64253	6.11791	61.5707	
0.971315	0.01944	0.237	0.0329579	0.976029	-0.215133	-0.235501	0.216773	0.947391	-8.83923	6.29771	62.364	
0.971062	0.0196744	0.238015	0.0338936	0.975161	-0.218888	-0.23641	0.220621	0.946275	-9.03669	6.48073	63.1563	
0.970808	0.0199132	0.23903	0.0348336	0.974278	-0.222641	-0.237315	0.224467	0.945143	-9.23491	6.66697	63.9478	
0.970553	0.0201565	0.240045	0.0357777	0.973379	-0.226391	-0.238218	0.228313	0.943994	-9.43389	6.85643	64.7383	
0.970296	0.0204041	0.241059	0.0367258	0.972465	-0.230139	-0.239117	0.232156	0.942829	-9.63363	7.04911	65.5278	
0.970038	0.020656	0.242074	0.0376778	0.971534	-0.233883	-0.240014	0.235996	0.941647	-9.83411	7.245	66.3163	
0.969779	0.0209123	0.243087	0.0386336	0.970589	-0.237624	-0.240907	0.239834	0.940449	-10.0353	7.44411	67.1038	
0.969519	0.021173	0.244101	0.0395932	0.969628	-0.24136	-0.241797	0.243668	0.939234	-10.2373	7.64642	67.8904	
0.969257	0.0214379	0.245113	0.0405563	0.968651	-0.245092	-0.242683	0.247499	0.938003	-10.4401	7.85194	68.6759	
0.968995	0.0217071	0.246125	0.041523	0.967659	-0.248819	-0.243566	0.251325	0.936756	-10.6435	8.06067	69.4603	
0.968731	0.0219806	0.247136	0.0424931	0.966653	-0.252541	-0.244446	0.255146	0.935493	-10.8477	8.27259	70.2437	
0.973151	0.0170974	0.22953	0.0446526	0.964267	-0.261143	-0.225793	0.264381	0.937614	-11.0445	8.48999	71.0275	
0.97722	0.0120417	0.211888	0.0466403	0.961797	-0.269763	-0.207042	0.2735	0.939325	-11.2256	8.71506	71.813	
0.980935	0.00681565	0.194218	0.0484554	0.959243	-0.278396	-0.1882	0.282499	0.940625	-11.391	8.94772	72.5996	
0.984295	0.00142161	0.176527	0.0500971	0.956608	-0.287039	-0.169275	0.291375	0.941513	-11.5406	9.18786	73.3872	
0.987298	-0.00413808	0.158823	0.0515646	0.953891	-0.295689	-0.150277	0.300123	0.941989	-11.6743	9.43537	74.1753	
0.989944	-0.009861	0.141114	0.0528573	0.951095	-0.304341	-0.131212	0.30874	0.942053	-11.7921	9.69015	74.9637	
0.992231	-0.0157446	0.123408	0.0539746	0.948221	-0.312992	-0.11209	0.317222	0.941704	-11.8939	9.95208	75.752	
0.994158	-0.0217864	0.105713	0.0549161	0.945269	-0.321638	-0.0929196	0.325564	0.940943	-11.9797	10.2211	76.5398	
0.995724	-0.0279837	0.0880353	0.0556813	0.942241	-0.330275	-0.0737081	0.333765	0.93977	-12.0494	10.497	77.3268	
0.996929	-0.0343337	0.0703837	0.0562699	0.939138	-0.338899	-0.0544644	0.341819	0.938186	-12.103	10.7796	78.1126	
0.997772	-0.0408338	0.0527658	0.0566817	0.935963	-0.347507	-0.0351968	0.349724	0.936191	-12.1406	11.069	78.8969	
0.998252	-0.047481	0.0351892	0.0569164	0.932715	-0.356095	-0.0159138	0.357475	0.933787	-12.1619	11.365	79.6794	
0.99837	-0.0542724	0.0176617	0.056974	0.929397	-0.364659	0.00337617	0.36507	0.930974	-12.1672	11.6673	80.4597	
