1	0	0	0	1	0	0	0	1	0	0	0	
0.999999	1.86902e-06	0.00170759	1.86902e-06	0.999998	-0.00218907	-0.00170759	0.00218907	0.999996	-0.000910717	0.0011675	1.06667	
0.999994	7.48879e-06	0.00341771	7.49199e-06	0.99999	-0.00438324	-0.00341771	0.00438324	0.999985	-0.00364422	0.00467274	2.13332	
0.999987	1.68786e-05	0.00513026	1.68915e-05	0.999978	-0.00658242	-0.00513026	0.00658242	0.999965	-0.00820314	0.0105211	3.19996	
0.999977	3.00572e-05	0.00684514	3.00894e-05	0.999961	-0.00878648	-0.00684514	0.00878648	0.999938	-0.01459	0.0187178	4.26658	
0.999963	4.70424e-05	0.00856226	4.71069e-05	0.99994	-0.0109953	-0.00856226	0.0109953	0.999903	-0.0228073	0.0292681	5.33316	
0.999947	6.78514e-05	0.0102815	6.79645e-05	0.999913	-0.0132088	-0.0102815	0.0132088	0.99986	-0.0328573	0.042177	6.3997	
0.999928	9.25009e-05	0.0120028	9.26821e-05	0.999881	-0.0154268	-0.0120028	0.0154268	0.999809	-0.0447423	0.0574493	7.46619	
0.999906	0.000121007	0.0137261	0.000121279	0.999844	-0.0176492	-0.0137261	0.0176493	0.99975	-0.0584644	0.0750899	8.53262	
0.999881	0.000153384	0.0154512	0.000153773	0.999802	-0.019876	-0.0154512	0.019876	0.999683	-0.0740257	0.0951034	9.59899	
0.999852	0.000189647	0.0171781	0.000190183	0.999756	-0.0221069	-0.0171781	0.0221069	0.999608	-0.091428	0.117494	10.6653	
0.999821	0.000229809	0.0189067	0.000230526	0.999704	-0.0243419	-0.0189067	0.024342	0.999525	-0.110673	0.142267	11.7315	
0.999787	0.000273883	0.0206368	0.000274817	0.999647	-0.0265809	-0.0206368	0.0265809	0.999434	-0.131763	0.169426	12.7976	
0.99975	0.000321883	0.0223684	0.000323073	0.999584	-0.0288237	-0.0223684	0.0288237	0.999334	-0.154699	0.198975	13.8636	
0.999709	0.000373819	0.0241014	0.000375308	0.999517	-0.0310702	-0.0241014	0.0310703	0.999227	-0.179483	0.230919	14.9295	
0.999666	0.000429701	0.0258357	0.000431538	0.999445	-0.0333204	-0.0258357	0.0333204	0.999111	-0.206116	0.26526	15.9953	
0.99962	0.000489541	0.0275712	0.000491775	0.999367	-0.035574	-0.0275712	0.035574	0.998987	-0.2346	0.302004	17.0609	
0.99957	0.000553347	0.0293078	0.000556032	0.999284	-0.037831	-0.0293078	0.037831	0.998854	-0.264935	0.341153	18.1265	
0.999518	0.000621129	0.0310454	0.000624321	0.999196	-0.0400912	-0.0310454	0.0400913	0.998714	-0.297124	0.382712	19.1918	
0.999462	0.000692894	0.0327839	0.000696654	0.999102	-0.0423546	-0.0327839	0.0423547	0.998565	-0.331166	0.426683	20.257	
0.999404	0.000768649	0.0345233	0.000773042	0.999004	-0.044621	-0.0345232	0.0446211	0.998407	-0.367063	0.47307	21.3221	
0.999342	0.0008484	0.0362634	0.000853494	0.9989	-0.0468903	-0.0362632	0.0468904	0.998242	-0.404816	0.521877	22.387	
0.999277	0.000932155	0.0380041	0.000938021	0.99879	-0.0491624	-0.0380039	0.0491625	0.998068	-0.444425	0.573105	23.4517	
0.999209	0.00101992	0.0397453	0.00102663	0.998676	-0.0514371	-0.0397451	0.0514372	0.997885	-0.485891	0.626758	24.5162	
0.999138	0.00111169	0.041487	0.00111933	0.998556	-0.0537144	-0.0414868	0.0537145	0.997694	-0.529215	0.682839	25.5805	
0.999064	0.00120748	0.043229	0.00121612	0.99843	-0.0559941	-0.0432288	0.0559943	0.997495	-0.574397	0.74135	26.6446	
0.998987	0.00130729	0.0449713	0.00131702	0.9983	-0.0582761	-0.044971	0.0582763	0.997287	-0.621437	0.802295	27.7085	
0.998907	0.00141111	0.0467138	0.00142203	0.998164	-0.0605602	-0.0467135	0.0605605	0.997071	-0.670335	0.865674	28.7721	
0.998824	0.00151896	0.0484563	0.00153115	0.998022	-0.0628465	-0.048456	0.0628468	0.996846	-0.721092	0.931492	29.8356	
0.998738	0.00163083	0.0501989	0.00164439	0.997875	-0.0651347	-0.0501984	0.065135	0.996613	-0.773708	0.999749	30.8987	
0.998649	0.00174673	0.0519413	0.00176175	0.997723	-0.0674247	-0.0519408	0.0674251	0.996371	-0.828182	1.07045	31.9617	
0.998556	0.00186664	0.0536835	0.00188324	0.997565	-0.0697164	-0.0536829	0.0697168	0.996121	-0.884515	1.14359	33.0243	
0.998461	0.00199058	0.0554254	0.00200885	0.997402	-0.0720097	-0.0554247	0.0720102	0.995863	-0.942705	1.21918	34.0867	
0.998362	0.00211853	0.0571669	0.00213859	0.997233	-0.0743045	-0.0571662	0.074305	0.995596	-1.00275	1.29721	35.1488	
0.998261	0.0022505	0.0589079	0.00227246	0.997059	-0.0766006	-0.0589071	0.0766012	0.99532	-1.06466	1.3777	36.2107	
0.998156	0.00238647	0.0606484	0.00241045	0.99688	-0.0788979	-0.0606475	0.0788986	0.995036	-1.12842	1.46063	37.2722	
0.998049	0.00252646	0.0623882	0.00255257	0.996695	-0.0811963	-0.0623872	0.0811972	0.994744	-1.19404	1.54601	38.3334	
0.997938	0.00267044	0.0641273	0.00269882	0.996504	-0.0834958	-0.0641261	0.0834967	0.994443	-1.26151	1.63385	39.3943	
0.997825	0.00281842	0.0658655	0.00284918	0.996309	-0.0857961	-0.0658642	0.0857971	0.994133	-1.33084	1.72414	40.4549	
0.997708	0.00297039	0.0676028	0.00300367	0.996107	-0.0880971	-0.0676013	0.0880982	0.993815	-1.40202	1.81688	41.5151	
0.997588	0.00312634	0.069339	0.00316227	0.995901	-0.0903988	-0.0693374	0.0904	0.993489	-1.47506	1.91208	42.575	
0.997466	0.00328626	0.0710741	0.00332498	0.995688	-0.092701	-0.0710723	0.0927023	0.993154	-1.54994	2.00974	43.6345	
0.99734	0.00345014	0.072808	0.00349179	0.995471	-0.0950035	-0.0728061	0.095005	0.992811	-1.62668	2.10985	44.6937	
0.997211	0.00361798	0.0745407	0.00366271	0.995248	-0.0973063	-0.0745385	0.097308	0.992459	-1.70526	2.21242	45.7525	
0.99708	0.00378976	0.0762719	0.00383771	0.995019	-0.0996093	-0.0762695	0.0996111	0.992099	-1.78569	2.31744	46.811	
0.996945	0.00396548	0.0780017	0.0040168	0.994785	-0.101912	-0.077999	0.101914	0.991731	-1.86797	2.42492	47.869	
0.996808	0.00414512	0.0797299	0.00419996	0.994546	-0.104215	-0.079727	0.104217	0.991354	-1.95209	2.53486	48.9267	
0.996668	0.00432866	0.0814564	0.00438719	0.994301	-0.106518	-0.0814533	0.10652	0.990969	-2.03805	2.64725	49.9839	
0.996524	0.0045161	0.0831812	0.00457847	0.994051	-0.10882	-0.0831778	0.108823	0.990575	-2.12586	2.7621	51.0407	
0.996378	0.00470743	0.0849042	0.0047738	0.993795	-0.111122	-0.0849004	0.111125	0.990173	-2.2155	2.87941	52.0971	
0.996229	0.00490262	0.0866252	0.00497317	0.993534	-0.113423	-0.0866212	0.113427	0.989763	-2.30698	2.99917	53.1531	
0.996077	0.00510166	0.0883442	0.00517655	0.993268	-0.115724	-0.0883399	0.115727	0.989345	-2.40029	3.12138	54.2086	
0.995922	0.00530453	0.0900612	0.00538395	0.992996	-0.118024	-0.0900565	0.118028	0.988918	-2.49543	3.24605	55.2637	
0.995764	0.00551123	0.0917759	0.00559533	0.992719	-0.120323	-0.0917709	0.120327	0.988483	-2.59241	3.37317	56.3183	
0.995604	0.00572173	0.0934884	0.0058107	0.992437	-0.122621	-0.093483	0.122625	0.988041	-2.69121	3.50275	57.3725	
0.995441	0.00593601	0.0951986	0.00603004	0.992149	-0.124917	-0.0951927	0.124922	0.987589	-2.79184	3.63477	58.4261	
0.995274	0.00615405	0.0969063	0.00625332	0.991856	-0.127213	-0.0968999	0.127218	0.98713	-2.89429	3.76925	59.4793	
0.995106	0.00637584	0.0986115	0.00648054	0.991557	-0.129507	-0.0986046	0.129512	0.986663	-2.99856	3.90617	60.532	
0.994934	0.00660136	0.100314	0.00671168	0.991254	-0.131799	-0.100307	0.131805	0.986188	-3.10464	4.04554	61.5842	
0.99476	0.00683058	0.102014	0.00694671	0.990945	-0.13409	-0.102006	0.134096	0.985704	-3.21254	4.18735	62.6359	
0.994582	0.00706348	0.103711	0.00718562	0.990631	-0.136379	-0.103703	0.136385	0.985213	-3.32225	4.33161	63.687	
0.994403	0.00730004	0.105405	0.00742839	0.990311	-0.138666	-0.105396	0.138673	0.984714	-3.43377	4.47831	64.7376	
0.99422	0.00754024	0.107096	0.007675	0.989987	-0.140951	-0.107087	0.140958	0.984207	-3.5471	4.62744	65.7877	
0.994035	0.00778405	0.108785	0.00792542	0.989657	-0.143234	-0.108774	0.143242	0.983692	-3.66222	4.77902	66.8373	
0.993847	0.00803145	0.11047	0.00817965	0.989322	-0.145515	-0.110459	0.145523	0.983169	-3.77915	4.93303	67.8863	
0.993657	0.00828241	0.112152	0.00843765	0.988982	-0.147793	-0.11214	0.147802	0.982639	-3.89787	5.08947	68.9347	
0.993464	0.00853691	0.11383	0.0086994	0.988637	-0.150069	-0.113818	0.150079	0.982101	-4.01838	5.24834	69.9826	
0.992841	0.00934905	0.119077	0.00913907	0.988064	-0.153775	-0.119094	0.153762	0.980905	-4.1426	5.41039	71.0295	
0.989591	0.0132727	0.143296	0.0104429	0.98649	-0.163491	-0.14353	0.163285	0.976083	-4.28267	5.57949	72.0733	
0.985737	0.0174305	0.167387	0.0119888	0.984822	-0.173155	-0.167864	0.172692	0.970566	-4.44876	5.75869	73.1116	
0.981283	0.0218197	0.191332	0.0137758	0.983061	-0.182761	-0.192079	0.181976	0.96436	-4.64074	5.94785	74.1436	
0.976231	0.0264371	0.215116	0.0158025	0.981209	-0.192302	-0.216157	0.19113	0.957468	-4.85848	6.14685	75.1686	
0.970585	0.0312793	0.23872	0.0180675	0.979266	-0.201771	-0.240082	0.200149	0.949895	-5.10182	6.35555	76.186	
0.964348	0.0363431	0.262129	0.0205692	0.977235	-0.211162	-0.263836	0.209025	0.941647	-5.37059	6.57379	77.1948	
0.957526	0.0416246	0.285325	0.0233059	0.975116	-0.220467	-0.287402	0.217753	0.932729	-5.6646	6.80142	78.1946	
0.950124	0.0471203	0.308292	0.0262755	0.972911	-0.229681	-0.310764	0.226326	0.923148	-5.98365	7.03827	79.1844	
0.942146	0.0528262	0.331015	0.029476	0.970622	-0.238796	-0.333905	0.234738	0.912911	-6.32749	7.28419	80.1637	
0.933598	0.0587382	0.353475	0.0329051	0.968251	-0.247806	-0.356808	0.242983	0.902024	-6.69589	7.53899	81.1317	
0.924486	0.0648521	0.375658	0.0365603	0.965798	-0.256705	-0.379458	0.251055	0.890496	-7.08859	7.80249	82.0878	
0.914817	0.0711637	0.397549	0.0404391	0.963266	-0.265487	-0.401838	0.258949	0.878335	-7.50531	8.07451	83.0312	
0.904598	0.0776683	0.41913	0.0445387	0.960657	-0.274145	-0.423932	0.266658	0.865549	-7.94574	8.35485	83.9614	
0.893836	0.0843614	0.440387	0.0488562	0.957972	-0.282672	-0.445725	0.274178	0.852148	-8.40959	8.64331	84.8775	
0.882538	0.0912382	0.461305	0.0533884	0.955213	-0.291064	-0.467201	0.281503	0.83814	-8.89651	8.93969	85.7791	
0.870713	0.0982938	0.481869	0.0581323	0.952382	-0.299313	-0.488345	0.288628	0.823537	-9.40616	9.24378	86.6653	
0.858368	0.105523	0.502065	0.0630844	0.949482	-0.307415	-0.509141	0.295547	0.808348	-9.93819	9.55536	87.5357	
0.845514	0.112921	0.521877	0.0682411	0.946514	-0.315363	-0.529575	0.302257	0.792585	-10.4922	9.87421	88.3896	
0.832158	0.120483	0.541292	0.0735989	0.943481	-0.323151	-0.549633	0.308751	0.776258	-11.0678	10.2001	89.2264	
0.818311	0.128202	0.560296	0.0791539	0.940384	-0.330775	-0.5693	0.315026	0.759379	-11.6646	10.5328	90.0454	
0.803981	0.136074	0.578876	0.0849022	0.937226	-0.338228	-0.588562	0.321077	0.74196	-12.2822	10.8721	90.8462	
0.789181	0.144093	0.597018	0.0908396	0.934009	-0.345506	-0.607406	0.3269	0.724013	-12.9201	11.2177	91.6281	
0.773919	0.152254	0.61471	0.096962	0.930736	-0.352604	-0.625817	0.33249	0.705551	-13.5778	11.5694	92.3906	
0.758207	0.160549	0.631938	0.103265	0.927408	-0.359515	-0.643784	0.337844	0.686588	-14.255	11.9269	93.1331	
0.742056	0.168975	0.648691	0.109744	0.924028	-0.366236	-0.661293	0.342957	0.667137	-14.9511	12.29	93.8551	
0.725478	0.177523	0.664957	0.116395	0.920599	-0.372761	-0.678332	0.347827	0.647211	-15.6656	12.6585	94.5561	
0.708484	0.18619	0.680723	0.123212	0.917122	-0.379086	-0.694888	0.352449	0.626825	-16.398	13.032	95.2357	
0.691086	0.194967	0.69598	0.130192	0.913601	-0.385206	-0.710951	0.356821	0.605993	-17.1478	13.4103	95.8932	
0.673296	0.20385	0.710716	0.137328	0.910037	-0.391118	-0.726507	0.360939	0.584731	-17.9145	13.7931	96.5283	
0.655129	0.212831	0.72492	0.144616	0.906434	-0.396816	-0.741547	0.364801	0.563052	-18.6975	14.1802	97.1405	
0.636595	0.221905	0.738583	0.152051	0.902794	-0.402297	-0.75606	0.368403	0.540974	-19.4963	14.5712	97.7293	
0.617709	0.231065	0.751695	0.159628	0.89912	-0.407557	-0.770036	0.371743	0.51851	-20.3103	14.966	98.2944	
