1	0	0	0	1	0	0	0	1	0	0	0	
0.99999	-4.62303e-06	0.004404	-4.62303e-06	0.999998	0.00209945	-0.004404	-0.00209945	0.999988	-0.00198292	-0.000945286	0.900501	
0.999961	-1.84968e-05	0.00880877	-1.84992e-05	0.999991	0.0041998	-0.00880877	-0.0041998	0.999952	-0.00793201	-0.00378155	1.80098	
0.999913	-4.16287e-05	0.0132142	-4.16381e-05	0.99998	0.00630099	-0.0132142	-0.00630099	0.999893	-0.0178479	-0.00850957	2.70142	
0.999845	-7.40257e-05	0.0176201	-7.40491e-05	0.999965	0.00840295	-0.0176201	-0.00840295	0.999809	-0.0317311	-0.0151301	3.60179	
0.999757	-0.000115694	0.0220264	-0.000115741	0.999945	0.0105056	-0.0220264	-0.0105056	0.999702	-0.0495821	-0.0236437	4.50208	
0.999651	-0.000166641	0.026433	-0.000166723	0.99992	0.012609	-0.026433	-0.012609	0.999571	-0.0714011	-0.0340511	5.40226	
0.999524	-0.000226871	0.0308397	-0.000227003	0.999892	0.0147129	-0.0308397	-0.0147129	0.999416	-0.0971883	-0.0463529	6.30231	
0.999379	-0.000296391	0.0352464	-0.000296588	0.999859	0.0168174	-0.0352464	-0.0168174	0.999237	-0.126944	-0.0605496	7.20221	
0.999213	-0.000375205	0.039653	-0.000375487	0.999821	0.0189224	-0.039653	-0.0189224	0.999034	-0.160668	-0.0766415	8.10194	
0.999029	-0.000463318	0.0440595	-0.000463706	0.999779	0.0210277	-0.0440594	-0.0210278	0.998808	-0.198359	-0.0946292	9.00147	
0.998825	-0.000560735	0.0484655	-0.000561251	0.999732	0.0231335	-0.0484655	-0.0231335	0.998557	-0.240019	-0.114513	9.90079	
0.998601	-0.00066746	0.0528711	-0.000668131	0.999681	0.0252396	-0.0528711	-0.0252396	0.998282	-0.285646	-0.136293	10.7999	
0.998358	-0.000783495	0.0572761	-0.000784349	0.999626	0.0273459	-0.057276	-0.0273459	0.997984	-0.33524	-0.15997	11.6987	
0.998096	-0.000908845	0.0616803	-0.000909913	0.999566	0.0294524	-0.0616803	-0.0294524	0.997661	-0.388801	-0.185544	12.5972	
0.997814	-0.00104351	0.0660837	-0.00104483	0.999501	0.031559	-0.0660837	-0.031559	0.997315	-0.446327	-0.213014	13.4955	
0.997512	-0.0011875	0.0704862	-0.0011891	0.999432	0.0336657	-0.0704861	-0.0336657	0.996944	-0.507818	-0.242382	14.3934	
0.997191	-0.00134081	0.0748875	-0.00134273	0.999359	0.0357724	-0.0748875	-0.0357724	0.99655	-0.573273	-0.273647	15.291	
0.996851	-0.00150344	0.0792877	-0.00150572	0.999281	0.037879	-0.0792876	-0.0378791	0.996132	-0.642691	-0.306808	16.1882	
0.996491	-0.0016754	0.0836865	-0.00167808	0.999199	0.0399856	-0.0836864	-0.0399857	0.99569	-0.71607	-0.341867	17.085	
0.996111	-0.00185669	0.0880838	-0.00185981	0.999112	0.0420919	-0.0880837	-0.0420921	0.995223	-0.793411	-0.378823	17.9814	
0.995712	-0.0020473	0.0924796	-0.00205092	0.999021	0.0441981	-0.0924795	-0.0441983	0.994733	-0.87471	-0.417676	18.8774	
0.995294	-0.00224724	0.0968736	-0.0022514	0.998925	0.046304	-0.0968735	-0.0463042	0.994219	-0.959967	-0.458425	19.773	
0.994856	-0.00245651	0.101266	-0.00246126	0.998825	0.0484095	-0.101266	-0.0484097	0.993681	-1.04918	-0.50107	20.668	
0.994399	-0.00267511	0.105656	-0.00268051	0.99872	0.0505146	-0.105656	-0.0505149	0.993119	-1.14235	-0.545611	21.5626	
0.993922	-0.00290303	0.110044	-0.00290914	0.99861	0.0526192	-0.110044	-0.0526196	0.992533	-1.23947	-0.592048	22.4566	
0.993426	-0.00314028	0.11443	-0.00314715	0.998497	0.0547234	-0.11443	-0.0547238	0.991923	-1.34054	-0.640379	23.3501	
0.992911	-0.00338685	0.118814	-0.00339454	0.998378	0.0568269	-0.118814	-0.0568274	0.991289	-1.44556	-0.690606	24.2431	
0.992376	-0.00364274	0.123195	-0.00365133	0.998255	0.0589298	-0.123195	-0.0589304	0.990631	-1.55452	-0.742726	25.1355	
0.991821	-0.00390796	0.127574	-0.0039175	0.998128	0.0610321	-0.127574	-0.0610327	0.989949	-1.66743	-0.79674	26.0272	
0.991248	-0.00418249	0.13195	-0.00419305	0.997996	0.0631335	-0.13195	-0.0631342	0.989244	-1.78428	-0.852646	26.9184	
0.990654	-0.00446634	0.136323	-0.00447799	0.99786	0.0652341	-0.136323	-0.0652349	0.988514	-1.90507	-0.910445	27.8088	
0.990042	-0.0047595	0.140693	-0.00477232	0.997719	0.0673339	-0.140693	-0.0673348	0.987761	-2.0298	-0.970135	28.6987	
0.98941	-0.00506197	0.145061	-0.00507602	0.997574	0.0694327	-0.14506	-0.0694338	0.986984	-2.15846	-1.03172	29.5878	
0.988758	-0.00537375	0.149425	-0.00538911	0.997424	0.0715306	-0.149424	-0.0715317	0.986182	-2.29105	-1.09519	30.4762	
0.988088	-0.00569482	0.153786	-0.00571158	0.997269	0.0736274	-0.153785	-0.0736286	0.985357	-2.42757	-1.16054	31.3639	
0.987398	-0.00602519	0.158143	-0.00604343	0.997111	0.075723	-0.158142	-0.0757245	0.984508	-2.56802	-1.22779	32.2509	
0.986689	-0.00636486	0.162497	-0.00638466	0.996947	0.0778175	-0.162496	-0.0778191	0.983636	-2.71239	-1.29692	33.137	
0.98596	-0.0067138	0.166847	-0.00673525	0.996779	0.0799108	-0.166846	-0.0799126	0.982739	-2.86068	-1.36794	34.0224	
0.985212	-0.00707203	0.171193	-0.00709521	0.996607	0.0820028	-0.171192	-0.0820048	0.981819	-3.01288	-1.44085	34.9069	
0.984445	-0.00743953	0.175536	-0.00746454	0.99643	0.0840934	-0.175535	-0.0840956	0.980875	-3.16899	-1.51564	35.7907	
0.983659	-0.0078163	0.179874	-0.00784323	0.996248	0.0861826	-0.179873	-0.0861851	0.979907	-3.32902	-1.5923	36.6735	
0.982853	-0.00820234	0.184209	-0.00823128	0.996063	0.0882704	-0.184207	-0.0882731	0.978915	-3.49295	-1.67086	37.5555	
0.982028	-0.00859762	0.188539	-0.00862868	0.995872	0.0903566	-0.188537	-0.0903596	0.9779	-3.66078	-1.75129	38.4365	
0.981184	-0.00900216	0.192865	-0.00903542	0.995677	0.0924413	-0.192863	-0.0924445	0.976861	-3.8325	-1.83359	39.3167	
0.980321	-0.00941593	0.197186	-0.00945151	0.995478	0.0945243	-0.197184	-0.0945279	0.975799	-4.00812	-1.91778	40.1959	
0.979439	-0.00983893	0.201503	-0.00987693	0.995274	0.0966056	-0.201501	-0.0966095	0.974712	-4.18763	-2.00384	41.0741	
0.978537	-0.0102712	0.205814	-0.0103117	0.995065	0.0986852	-0.205812	-0.0986894	0.973602	-4.37103	-2.09177	41.9513	
0.977617	-0.0107126	0.210122	-0.0107558	0.994852	0.100763	-0.210119	-0.100768	0.972469	-4.5583	-2.18158	42.8275	
0.976677	-0.0111633	0.214424	-0.0112092	0.994635	0.102839	-0.214421	-0.102844	0.971312	-4.74945	-2.27326	43.7027	
0.975718	-0.0116231	0.218721	-0.0116719	0.994413	0.104913	-0.218718	-0.104918	0.970131	-4.94447	-2.3668	44.5769	
0.974741	-0.0120921	0.223013	-0.0121439	0.994186	0.106985	-0.22301	-0.106991	0.968927	-5.14336	-2.46221	45.4499	
0.973744	-0.0125703	0.227299	-0.0126252	0.993956	0.109055	-0.227296	-0.109061	0.967699	-5.34612	-2.55949	46.3219	
0.972728	-0.0130577	0.23158	-0.0131157	0.99372	0.111122	-0.231577	-0.111129	0.966448	-5.55272	-2.65863	47.1928	
0.971694	-0.0135542	0.235856	-0.0136156	0.99348	0.113188	-0.235852	-0.113195	0.965174	-5.76319	-2.75964	48.0625	
0.97064	-0.0140599	0.240125	-0.0141247	0.993236	0.115251	-0.240122	-0.115259	0.963876	-5.9775	-2.8625	48.9311	
0.969568	-0.0145747	0.24439	-0.0146431	0.992987	0.117313	-0.244385	-0.117321	0.962555	-6.19565	-2.96722	49.7984	
0.968476	-0.0150986	0.248648	-0.0151707	0.992734	0.119371	-0.248643	-0.119381	0.96121	-6.41763	-3.07379	50.6646	
0.967366	-0.0156317	0.2529	-0.0157076	0.992476	0.121428	-0.252895	-0.121438	0.959842	-6.64345	-3.18222	51.5296	
0.966237	-0.0161738	0.257146	-0.0162537	0.992214	0.123482	-0.257141	-0.123492	0.958451	-6.8731	-3.2925	52.3933	
0.96509	-0.016725	0.261386	-0.016809	0.991947	0.125533	-0.26138	-0.125544	0.957037	-7.10656	-3.40463	53.2558	
0.964681	-0.0169211	0.262877	-0.0169372	0.991886	0.126001	-0.262876	-0.126003	0.956567	-7.34261	-3.51789	54.1174	
0.96427	-0.0171178	0.264368	-0.017066	0.991824	0.126468	-0.264371	-0.126461	0.956094	-7.58001	-3.63157	54.9785	
0.963857	-0.0173153	0.265858	-0.0171957	0.991762	0.126936	-0.265866	-0.126919	0.955619	-7.81875	-3.74565	55.8393	
0.963441	-0.0175136	0.267347	-0.017326	0.9917	0.127403	-0.26736	-0.127377	0.955141	-8.05883	-3.86015	56.6996	
0.963023	-0.0177126	0.268836	-0.0174572	0.991637	0.12787	-0.268853	-0.127835	0.95466	-8.30026	-3.97506	57.5595	
0.962603	-0.0179123	0.270325	-0.0175891	0.991575	0.128337	-0.270346	-0.128292	0.954177	-8.54304	-4.09038	58.419	
0.96218	-0.0181127	0.271813	-0.0177218	0.991512	0.128804	-0.271838	-0.128749	0.953691	-8.78716	-4.20612	59.278	
0.961755	-0.0183139	0.2733	-0.0178553	0.991449	0.129271	-0.27333	-0.129207	0.953203	-9.03262	-4.32226	60.1366	
0.961327	-0.0185158	0.274786	-0.0179896	0.991385	0.129738	-0.274821	-0.129664	0.952712	-9.27943	-4.43882	60.9947	
0.960897	-0.0187184	0.276272	-0.0181247	0.991321	0.130205	-0.276311	-0.130121	0.952219	-9.52758	-4.55579	61.8524	
0.960465	-0.0189217	0.277756	-0.0182606	0.991258	0.130672	-0.277801	-0.130578	0.951723	-9.77707	-4.67317	62.7097	
0.960031	-0.0191257	0.279241	-0.0183974	0.991193	0.131139	-0.279289	-0.131035	0.951224	-10.0279	-4.79096	63.5665	
0.959594	-0.0193304	0.280724	-0.018535	0.991129	0.131606	-0.280777	-0.131492	0.950723	-10.2801	-4.90916	64.4228	
0.959155	-0.0195359	0.282206	-0.0186734	0.991064	0.132074	-0.282264	-0.131949	0.950219	-10.5336	-5.02778	65.2787	
0.958714	-0.019742	0.283687	-0.0188128	0.990999	0.132541	-0.283751	-0.132406	0.949713	-10.7884	-5.1468	66.1342	
0.95827	-0.0199488	0.285168	-0.018953	0.990934	0.133009	-0.285236	-0.132864	0.949204	-11.0446	-5.26624	66.9892	
0.957824	-0.0201563	0.286648	-0.0190941	0.990868	0.133478	-0.28672	-0.133321	0.948692	-11.3021	-5.38609	67.8437	
0.957376	-0.0203645	0.288126	-0.0192361	0.990802	0.133946	-0.288204	-0.133779	0.948178	-11.561	-5.50635	68.6978	
0.956925	-0.0205734	0.289604	-0.019379	0.990736	0.134415	-0.289686	-0.134237	0.947661	-11.8212	-5.62703	69.5514	
0.96239	-0.0180629	0.27107	-0.0162168	0.992188	0.12369	-0.271187	-0.123434	0.954579	-12.0737	-5.74305	70.4079	
0.967493	-0.0157635	0.252406	-0.0132639	0.993519	0.11289	-0.25255	-0.112568	0.961013	-12.3096	-5.84932	71.2705	
0.972231	-0.0136764	0.233622	-0.0105219	0.994727	0.10202	-0.233785	-0.101645	0.966961	-12.5286	-5.94577	72.1386	
0.976603	-0.0118027	0.214727	-0.00799216	0.995811	0.0910853	-0.214902	-0.0906703	0.972418	-12.7306	-6.03236	73.0118	
0.980605	-0.0101433	0.195729	-0.00567597	0.996771	0.0800922	-0.19591	-0.0796498	0.977382	-12.9156	-6.10905	73.8898	
0.984237	-0.00869896	0.176641	-0.0035745	0.997607	0.0690459	-0.176818	-0.0685889	0.981851	-13.0834	-6.1758	74.7719	
0.987496	-0.00747054	0.157469	-0.00168881	0.998318	0.057952	-0.157637	-0.0574933	0.985822	-13.234	-6.23257	75.6579	
0.99038	-0.0064586	0.138226	-1.98581e-05	0.998904	0.0468161	-0.138377	-0.0463685	0.989294	-13.3673	-6.27934	76.5473	
0.992888	-0.00566368	0.118919	0.00143151	0.999364	0.0356439	-0.119045	-0.0352202	0.992264	-13.4832	-6.31608	77.4395	
0.995019	-0.00508617	0.0995598	0.00266455	0.999698	0.0244411	-0.0996541	-0.0240541	0.994731	-13.5817	-6.34277	78.3342	
0.996771	-0.00472636	0.0801572	0.00367865	0.999906	0.0132133	-0.0802122	-0.0128757	0.996695	-13.6626	-6.35939	79.2309	
0.998144	-0.00458444	0.0607213	0.00447329	0.999988	0.00196616	-0.0607296	-0.00169089	0.998153	-13.7261	-6.36595	80.1291	
0.999137	-0.00466047	0.0412619	0.00504807	0.999944	-0.00929454	-0.0412163	0.00949482	0.999105	-13.772	-6.36244	81.0284	
0.99975	-0.00495442	0.0217889	0.0054027	0.999774	-0.0205631	-0.021682	0.0206757	0.999551	-13.8003	-6.34885	81.9283	
0.999982	-0.00546615	0.00231206	0.00553699	0.999478	-0.0318339	-0.00213684	0.0318461	0.99949	-13.8111	-6.32521	82.8285	
0.999834	-0.00619538	-0.0171586	0.00545088	0.999056	-0.0431011	0.0174094	0.0430004	0.998923	-13.8042	-6.2915	83.7283	
0.999304	-0.00714176	-0.0366133	0.00514442	0.998508	-0.0543591	0.0369469	0.0541329	0.99785	-13.7797	-6.24777	84.6274	
0.998394	-0.0083048	-0.0560422	0.00461775	0.997835	-0.0656021	0.0564657	0.0652379	0.996271	-13.7376	-6.19402	85.5253	
0.997104	-0.00968391	-0.0754353	0.00387115	0.997037	-0.0768244	0.0759558	0.0763099	0.994187	-13.678	-6.13028	86.4215	
0.995434	-0.0112784	-0.094783	0.00290499	0.996114	-0.0880205	0.0954074	0.0873432	0.991599	-13.6009	-6.0566	87.3157	
