1	0	0	0	1	0	0	0	1	0	0	0	
0.999993	-9.63617e-07	-0.00382108	-9.63617e-07	1	-0.000504367	0.00382108	0.000504367	0.999993	0.00159212	0.000210153	0.833331	
0.999971	-3.85526e-06	-0.0076462	-3.84861e-06	0.999999	-0.00100753	0.0076462	0.00100753	0.99997	0.00637016	0.00084011	1.66665	
0.999934	-8.67434e-06	-0.0114753	-8.64772e-06	0.999999	-0.00150946	0.0114753	0.00150946	0.999933	0.0143374	0.00188886	2.49994	
0.999883	-1.54201e-05	-0.0153081	-1.53535e-05	0.999998	-0.00201016	0.0153081	0.00201016	0.999881	0.0254972	0.00335537	3.3332	
0.999817	-2.40916e-05	-0.0191447	-2.39583e-05	0.999997	-0.00250959	0.0191447	0.00250959	0.999814	0.0398526	0.0052386	4.16641	
0.999736	-3.46879e-05	-0.0229849	-3.44543e-05	0.999995	-0.00300775	0.0229849	0.00300775	0.999731	0.0574066	0.00753749	4.99955	
0.99964	-4.72076e-05	-0.0268286	-4.68335e-05	0.999994	-0.00350461	0.0268286	0.00350461	0.999634	0.0781623	0.010251	5.83262	
0.999529	-6.16493e-05	-0.0306757	-6.10877e-05	0.999992	-0.00400017	0.0306757	0.00400016	0.999521	0.102122	0.013378	6.66561	
0.999404	-7.80116e-05	-0.034526	-7.72085e-05	0.99999	-0.00449439	0.034526	0.00449438	0.999394	0.12929	0.0169174	7.49849	
0.999263	-9.62928e-05	-0.0383795	-9.51875e-05	0.999988	-0.00498727	0.0383795	0.00498725	0.999251	0.159667	0.020868	8.33126	
0.999108	-0.000116491	-0.0422361	-0.000115016	0.999985	-0.00547879	0.0422361	0.00547876	0.999093	0.193257	0.0252289	9.1639	
0.998937	-0.000138604	-0.0460956	-0.000136685	0.999982	-0.00596893	0.0460956	0.00596888	0.998919	0.230062	0.0299987	9.99641	
0.998751	-0.00016263	-0.0499579	-0.000160185	0.999979	-0.00645767	0.0499579	0.00645761	0.99873	0.270084	0.0351765	10.8288	
0.99855	-0.000188566	-0.053823	-0.000185508	0.999976	-0.00694501	0.053823	0.00694493	0.998526	0.313326	0.0407609	11.661	
0.998334	-0.000216411	-0.0576907	-0.000212644	0.999972	-0.00743092	0.0576907	0.00743081	0.998307	0.35979	0.0467508	12.493	
0.998103	-0.000246161	-0.0615609	-0.000241583	0.999969	-0.00791538	0.0615609	0.00791524	0.998072	0.409479	0.053145	13.3248	
0.997857	-0.000277814	-0.0654335	-0.000272316	0.999965	-0.00839839	0.0654335	0.00839821	0.997822	0.462393	0.0599422	14.1564	
0.997595	-0.000311366	-0.0693084	-0.000304832	0.999961	-0.00887993	0.0693084	0.0088797	0.997556	0.518536	0.0671414	14.9878	
0.997318	-0.000346816	-0.0731854	-0.000339123	0.999956	-0.00935997	0.0731855	0.00935969	0.997274	0.577908	0.0747411	15.819	
0.997026	-0.000384158	-0.0770646	-0.000375177	0.999952	-0.00983851	0.0770646	0.00983816	0.996978	0.640512	0.0827402	16.6499	
0.996718	-0.000423391	-0.0809457	-0.000412984	0.999947	-0.0103155	0.0809457	0.0103151	0.996665	0.70635	0.0911374	17.4806	
0.996395	-0.000464511	-0.0848286	-0.000452534	0.999942	-0.010791	0.0848287	0.0107905	0.996337	0.775423	0.0999315	18.311	
0.996057	-0.000507514	-0.0887133	-0.000493816	0.999936	-0.011265	0.0887134	0.0112643	0.995994	0.847732	0.109121	19.1412	
0.995703	-0.000552397	-0.0925996	-0.00053682	0.999931	-0.0117373	0.0925997	0.0117366	0.995634	0.923279	0.118705	19.971	
0.995334	-0.000599154	-0.0964874	-0.000581534	0.999925	-0.0122081	0.0964875	0.0122073	0.995259	1.00207	0.128681	20.8006	
0.994949	-0.000647784	-0.100377	-0.000627947	0.999919	-0.0126773	0.100377	0.0126763	0.994869	1.08409	0.13905	21.6298	
0.994549	-0.00069828	-0.104267	-0.000676049	0.999913	-0.0131449	0.104267	0.0131437	0.994462	1.16936	0.149808	22.4587	
0.994133	-0.00075064	-0.108159	-0.000725827	0.999907	-0.0136109	0.108159	0.0136095	0.99404	1.25787	0.160955	23.2872	
0.993702	-0.000804857	-0.112052	-0.000777271	0.999901	-0.0140752	0.112052	0.0140737	0.993603	1.34963	0.17249	24.1154	
0.993255	-0.000860929	-0.115946	-0.000830368	0.999894	-0.0145379	0.115946	0.0145361	0.993149	1.44463	0.184411	24.9432	
0.992793	-0.00091885	-0.11984	-0.000885108	0.999887	-0.0149989	0.119841	0.0149969	0.99268	1.54287	0.196716	25.7707	
0.992315	-0.000978616	-0.123736	-0.000941477	0.99988	-0.0154583	0.123736	0.015456	0.992195	1.64436	0.209405	26.5977	
0.991821	-0.00104022	-0.127632	-0.000999464	0.999873	-0.0159159	0.127632	0.0159133	0.991694	1.7491	0.222475	27.4243	
0.991312	-0.00110366	-0.131528	-0.00105906	0.999865	-0.0163719	0.131529	0.0163689	0.991177	1.85708	0.235926	28.2505	
0.990787	-0.00116893	-0.135425	-0.00112024	0.999858	-0.0168261	0.135426	0.0168228	0.990645	1.96831	0.249756	29.0763	
0.990246	-0.00123602	-0.139323	-0.00118301	0.99985	-0.0172786	0.139323	0.0172749	0.990096	2.08279	0.263964	29.9016	
0.98969	-0.00130493	-0.14322	-0.00124735	0.999842	-0.0177294	0.143221	0.0177253	0.989532	2.20052	0.278547	30.7264	
0.989118	-0.00137565	-0.147118	-0.00131324	0.999834	-0.0181784	0.147119	0.0181738	0.988952	2.32149	0.293505	31.5508	
0.98853	-0.00144818	-0.151016	-0.00138068	0.999826	-0.0186257	0.151016	0.0186205	0.988356	2.44572	0.308836	32.3747	
0.987927	-0.00152251	-0.154913	-0.00144964	0.999817	-0.0190711	0.154914	0.0190655	0.987744	2.57319	0.324538	33.1981	
0.987308	-0.00159864	-0.158811	-0.00152012	0.999808	-0.0195148	0.158811	0.0195085	0.987116	2.70391	0.340611	34.0209	
0.986673	-0.00167655	-0.162708	-0.00159211	0.9998	-0.0199567	0.162709	0.0199498	0.986472	2.83787	0.357052	34.8432	
0.986022	-0.00175625	-0.166604	-0.00166559	0.999791	-0.0203968	0.166605	0.0203891	0.985813	2.97509	0.37386	35.665	
0.985356	-0.00183772	-0.1705	-0.00174054	0.999781	-0.020835	0.170501	0.0208266	0.985137	3.11555	0.391033	36.4863	
0.984674	-0.00192096	-0.174396	-0.00181696	0.999772	-0.0212714	0.174397	0.0212623	0.984446	3.25926	0.40857	37.3069	
0.983976	-0.00200596	-0.17829	-0.00189483	0.999763	-0.0217059	0.178291	0.021696	0.983739	3.40621	0.426469	38.127	
0.983262	-0.00209273	-0.182184	-0.00197414	0.999753	-0.0221386	0.182185	0.0221277	0.983015	3.55641	0.444729	38.9465	
0.982533	-0.00218124	-0.186077	-0.00205487	0.999743	-0.0225695	0.186078	0.0225576	0.982276	3.70985	0.463348	39.7653	
0.981788	-0.00227149	-0.189968	-0.00213701	0.999733	-0.0229984	0.18997	0.0229855	0.981521	3.86654	0.482325	40.5836	
0.981027	-0.00236348	-0.193859	-0.00222054	0.999723	-0.0234255	0.193861	0.0234115	0.98075	4.02647	0.501657	41.4012	
0.98025	-0.0024572	-0.197748	-0.00230545	0.999713	-0.0238506	0.19775	0.0238354	0.979963	4.18964	0.521343	42.2182	
0.979457	-0.00255264	-0.201636	-0.00239173	0.999702	-0.0242738	0.201638	0.0242574	0.97916	4.35605	0.541382	43.0345	
0.978649	-0.00264979	-0.205522	-0.00247937	0.999692	-0.0246951	0.205524	0.0246774	0.978341	4.5257	0.561771	43.8501	
0.977825	-0.00274865	-0.209407	-0.00256834	0.999681	-0.0251145	0.209409	0.0250954	0.977506	4.69859	0.58251	44.665	
0.976985	-0.0028492	-0.21329	-0.00265864	0.99967	-0.025532	0.213292	0.0255114	0.976655	4.87472	0.603596	45.4793	
0.976129	-0.00295145	-0.217171	-0.00275024	0.99966	-0.0259475	0.217174	0.0259253	0.975789	5.05408	0.625028	46.2928	
0.975258	-0.00305538	-0.22105	-0.00284314	0.999648	-0.026361	0.221053	0.0263372	0.974906	5.23667	0.646804	47.1056	
0.973817	-0.00321997	-0.22731	-0.00252441	0.999685	-0.0249759	0.227318	0.0248958	0.973502	5.4235	0.668151	47.9174	
0.972335	-0.00337543	-0.233565	-0.00219752	0.999719	-0.023596	0.233579	0.0234565	0.972055	5.61554	0.688298	48.7281	
0.970812	-0.00352176	-0.239816	-0.00186249	0.999751	-0.0222213	0.239834	0.0220193	0.970564	5.81279	0.707247	49.5375	
0.969247	-0.00365893	-0.246061	-0.00151933	0.999781	-0.0208515	0.246083	0.0205841	0.96903	6.01526	0.724998	50.3457	
0.967642	-0.00378696	-0.2523	-0.00116805	0.999809	-0.0194867	0.252326	0.0191508	0.967453	6.22293	0.741554	51.1525	
0.965994	-0.00390584	-0.258534	-0.000808674	0.999835	-0.0181267	0.258562	0.0177194	0.965832	6.4358	0.756917	51.9581	
0.964306	-0.00401556	-0.26476	-0.000441204	0.999859	-0.0167716	0.26479	0.0162898	0.964168	6.65387	0.771088	52.7623	
0.962576	-0.00411612	-0.27098	-6.56463e-05	0.999881	-0.0154212	0.271011	0.0148618	0.962462	6.87712	0.784067	53.565	
0.960806	-0.00420752	-0.277191	0.000317992	0.999901	-0.0140754	0.277223	0.0134356	0.960712	7.10555	0.795858	54.3663	
0.958994	-0.00428975	-0.283395	0.000709708	0.999919	-0.0127342	0.283426	0.0120109	0.958919	7.33915	0.806461	55.1662	
0.957141	-0.00436281	-0.289589	0.0011095	0.999934	-0.0113975	0.28962	0.0105877	0.957083	7.57792	0.815877	55.9645	
0.955247	-0.00442671	-0.295775	0.00151737	0.999948	-0.0100652	0.295804	0.00916591	0.955205	7.82185	0.824108	56.7613	
0.953313	-0.00448144	-0.301951	0.00193331	0.99996	-0.0087372	0.301978	0.00774552	0.953284	8.07093	0.831154	57.5565	
0.951338	-0.00452699	-0.308116	0.00235734	0.99997	-0.0074135	0.308141	0.00632641	0.95132	8.32515	0.837017	58.3501	
0.949322	-0.00456337	-0.314272	0.00278946	0.999978	-0.00609401	0.314292	0.00490853	0.949314	8.58449	0.841699	59.142	
0.947266	-0.00459059	-0.320416	0.00322968	0.999983	-0.00477863	0.320432	0.00349179	0.947265	8.84896	0.845199	59.9323	
0.945169	-0.00460863	-0.326548	0.003678	0.999987	-0.0034673	0.32656	0.00207614	0.945174	9.11854	0.847519	60.7208	
0.943032	-0.00461751	-0.332669	0.00413444	0.999989	-0.00215993	0.332675	0.000661486	0.943041	9.39323	0.848659	61.5076	
0.940855	-0.00461721	-0.338777	0.00459902	0.999989	-0.000856468	0.338777	-0.000752229	0.940866	9.673	0.848622	62.2925	
0.938638	-0.00460775	-0.344872	0.00507174	0.999987	0.000443172	0.344866	-0.00216508	0.93865	9.95785	0.847406	63.0757	
0.936381	-0.00458913	-0.350954	0.00555263	0.999983	0.00173906	0.35094	-0.00357714	0.936391	10.2478	0.845013	63.8569	
0.934085	-0.00456134	-0.357022	0.0060417	0.999977	0.00303127	0.357	-0.00498848	0.934091	10.5427	0.841444	64.6363	
0.931749	-0.00452439	-0.363076	0.00653898	0.999969	0.00431986	0.363045	-0.00639917	0.93175	10.8428	0.8367	65.4137	
0.929373	-0.00447829	-0.369114	0.00704449	0.999959	0.00560492	0.369074	-0.00780929	0.929367	11.1478	0.830779	66.1892	
0.926958	-0.00442303	-0.375138	0.00755826	0.999948	0.00688651	0.375088	-0.0092189	0.926943	11.4579	0.823684	66.9627	
0.924505	-0.00435863	-0.381146	0.00808031	0.999934	0.00816469	0.381085	-0.0106281	0.924479	11.773	0.815415	67.7341	
0.922012	-0.00428508	-0.387138	0.00861067	0.999918	0.00943955	0.387066	-0.0120369	0.921973	12.093	0.805971	68.5035	
0.91948	-0.00420239	-0.393114	0.00914937	0.999901	0.0107111	0.39303	-0.0134454	0.919428	12.4181	0.795353	69.2707	
0.91691	-0.00411056	-0.399072	0.00969644	0.999881	0.0119795	0.398975	-0.0148537	0.916841	12.7481	0.783562	70.0358	
0.910009	-0.00375538	-0.414572	0.0146103	0.999628	0.0230154	0.414332	-0.0270012	0.909725	13.087	0.766122	70.7969	
0.902848	-0.00319414	-0.429948	0.0197087	0.999229	0.0339629	0.429508	-0.039137	0.902215	13.4386	0.738563	71.5519	
0.895431	-0.00242707	-0.445193	0.0249893	0.998683	0.0448172	0.444498	-0.0512558	0.894312	13.8028	0.700898	72.3005	
0.887762	-0.00145452	-0.460301	0.0304499	0.99799	0.0555737	0.459295	-0.0633523	0.886022	14.1793	0.653143	73.0423	
0.879843	-0.000276893	-0.475265	0.0360881	0.997152	0.0662277	0.473893	-0.0754214	0.877347	14.5682	0.595318	73.7771	
0.871678	0.00110529	-0.490078	0.0419014	0.996168	0.0767746	0.488285	-0.0874577	0.868291	14.9691	0.52745	74.5045	
0.86327	0.00269142	-0.504735	0.0478874	0.995038	0.0872098	0.502465	-0.0994561	0.858858	15.3819	0.449566	75.2242	
0.854624	0.00448082	-0.519228	0.0540434	0.993764	0.0975288	0.516427	-0.111411	0.849053	15.8065	0.361702	75.9358	
0.845743	0.00647272	-0.533551	0.0603667	0.992346	0.107727	0.530165	-0.123318	0.838879	16.2426	0.263894	76.6391	
0.83663	0.00866624	-0.547699	0.0668547	0.990784	0.1178	0.543673	-0.135171	0.828341	16.69	0.156186	77.3338	
0.827291	0.0110604	-0.561665	0.0735045	0.98908	0.127744	0.556945	-0.146966	0.817443	17.1486	0.0386247	78.0196	
0.817728	0.0136543	-0.575443	0.0803131	0.987233	0.137553	0.569975	-0.158697	0.806191	17.6182	-0.0887394	78.6961	
0.807946	0.0164466	-0.589027	0.0872778	0.985245	0.147225	0.582758	-0.170359	0.794589	18.0985	-0.225851	79.3632	
