1	0	0	0	1	0	0	0	1	0	0	0	
0.999998	-1.64165e-06	-0.00201252	-1.64165e-06	0.999999	-0.00163143	0.00201252	0.00163143	0.999997	0.000931045	0.000754743	0.925251	
0.999992	-6.58986e-06	-0.00403195	-6.59118e-06	0.999995	-0.00326912	0.00403195	0.00326912	0.999987	0.00372738	0.00302187	1.8505	
0.999982	-1.48796e-05	-0.00605821	-1.48849e-05	0.999988	-0.00491301	0.00605821	0.00491301	0.99997	0.00839536	0.00680714	2.77573	
0.999967	-2.65454e-05	-0.0080912	-2.65587e-05	0.999978	-0.00656302	0.0080912	0.00656302	0.999946	0.0149413	0.0121162	3.70094	
0.999949	-4.16215e-05	-0.0101308	-4.16483e-05	0.999966	-0.00821908	0.0101308	0.00821908	0.999915	0.0233713	0.0189548	4.62613	
0.999926	-6.01417e-05	-0.012177	-6.01887e-05	0.999951	-0.00988114	0.012177	0.00988114	0.999877	0.0336915	0.0273285	5.55129	
0.999899	-8.21394e-05	-0.0142297	-8.22148e-05	0.999933	-0.0115491	0.0142297	0.0115491	0.999832	0.0459079	0.0372427	6.47641	
0.999867	-0.000107648	-0.0162887	-0.000107761	0.999913	-0.0132229	0.0162887	0.013223	0.99978	0.0600265	0.0487029	7.40148	
0.999832	-0.000136699	-0.018354	-0.000136862	0.999889	-0.0149026	0.018354	0.0149026	0.99972	0.0760532	0.0617145	8.3265	
0.999791	-0.000169326	-0.0204255	-0.00016955	0.999862	-0.0165879	0.0204255	0.0165879	0.999654	0.0939937	0.0762828	9.25147	
0.999747	-0.000205559	-0.0225032	-0.000205859	0.999833	-0.0182789	0.0225032	0.0182789	0.99958	0.113854	0.0924131	10.1764	
0.999698	-0.000245432	-0.0245868	-0.000245823	0.9998	-0.0199754	0.0245868	0.0199754	0.999498	0.135639	0.110111	11.1012	
0.999644	-0.000288973	-0.0266763	-0.000289473	0.999765	-0.0216775	0.0266763	0.0216775	0.999409	0.159354	0.12938	12.0259	
0.999586	-0.000336215	-0.0287717	-0.000336842	0.999726	-0.0233849	0.0287717	0.0233849	0.999312	0.185006	0.150227	12.9506	
0.999523	-0.000387187	-0.0308728	-0.000387961	0.999685	-0.0250978	0.0308728	0.0250978	0.999208	0.212599	0.172657	13.8752	
0.999456	-0.000441918	-0.0329796	-0.000442861	0.99964	-0.0268159	0.0329796	0.0268159	0.999096	0.242139	0.196673	14.7996	
0.999384	-0.000500439	-0.0350919	-0.000501573	0.999593	-0.0285393	0.0350919	0.0285393	0.998977	0.273631	0.222282	15.724	
0.999307	-0.000562777	-0.0372097	-0.000564129	0.999542	-0.0302678	0.0372097	0.0302678	0.998849	0.307079	0.249488	16.6482	
0.999226	-0.000628962	-0.0393329	-0.000630557	0.999488	-0.0320014	0.0393329	0.0320014	0.998714	0.34249	0.278295	17.5724	
0.99914	-0.000699021	-0.0414614	-0.000700887	0.99943	-0.03374	0.0414613	0.0337401	0.99857	0.379868	0.308709	18.4964	
0.999049	-0.000772981	-0.043595	-0.000775149	0.99937	-0.0354836	0.043595	0.0354836	0.998419	0.419217	0.340734	19.4202	
0.998953	-0.000850871	-0.0457337	-0.00085337	0.999306	-0.037232	0.0457337	0.037232	0.99826	0.460543	0.374374	20.3439	
0.998853	-0.000932715	-0.0478775	-0.00093558	0.999239	-0.0389852	0.0478774	0.0389852	0.998092	0.50385	0.409634	21.2675	
0.998747	-0.00101854	-0.0500261	-0.00102181	0.999169	-0.0407431	0.0500261	0.0407432	0.997917	0.549142	0.446519	22.1909	
0.998637	-0.00110837	-0.0521796	-0.00111207	0.999096	-0.0425057	0.0521795	0.0425058	0.997733	0.596426	0.485032	23.1142	
0.998522	-0.00120224	-0.0543378	-0.00120641	0.999019	-0.0442728	0.0543377	0.044273	0.997541	0.645703	0.525178	24.0372	
0.998402	-0.00130016	-0.0565006	-0.00130485	0.998939	-0.0460445	0.0565005	0.0460446	0.99734	0.69698	0.566961	24.9601	
0.998277	-0.00140216	-0.058668	-0.00140741	0.998855	-0.0478206	0.0586679	0.0478208	0.997132	0.75026	0.610386	25.8828	
0.998146	-0.00150827	-0.0608399	-0.00151411	0.998768	-0.0496011	0.0608397	0.0496012	0.996914	0.805547	0.655456	26.8053	
0.998011	-0.00161851	-0.0630161	-0.00162499	0.998678	-0.0513858	0.0630159	0.051386	0.996689	0.862846	0.702175	27.7276	
0.997871	-0.0017329	-0.0651965	-0.00174007	0.998584	-0.0531748	0.0651963	0.053175	0.996455	0.922161	0.750548	28.6497	
0.997726	-0.00185146	-0.0673811	-0.00185937	0.998486	-0.0549679	0.0673809	0.0549681	0.996212	0.983494	0.800578	29.5715	
0.997575	-0.00197421	-0.0695698	-0.00198292	0.998386	-0.056765	0.0695696	0.0567653	0.995961	1.04685	0.852269	30.4932	
0.99742	-0.00210119	-0.0717625	-0.00211073	0.998281	-0.0585662	0.0717623	0.0585665	0.995701	1.11224	0.905624	31.4146	
0.997259	-0.0022324	-0.0739591	-0.00224283	0.998173	-0.0603713	0.0739588	0.0603716	0.995432	1.17965	0.960648	32.3357	
0.997093	-0.00236786	-0.0761595	-0.00237925	0.998062	-0.0621802	0.0761592	0.0621806	0.995155	1.2491	1.01734	33.2566	
0.996922	-0.00250761	-0.0783636	-0.00252001	0.997947	-0.0639929	0.0783632	0.0639934	0.994869	1.32058	1.07572	34.1773	
0.996745	-0.00265166	-0.0805713	-0.00266512	0.997829	-0.0658093	0.0805709	0.0658098	0.994574	1.39411	1.13577	35.0976	
0.996564	-0.00280002	-0.0827825	-0.0028146	0.997707	-0.0676293	0.082782	0.0676299	0.99427	1.46968	1.1975	36.0177	
0.996377	-0.00295271	-0.0849972	-0.00296849	0.997581	-0.0694529	0.0849966	0.0694535	0.993958	1.5473	1.26092	36.9375	
0.996185	-0.00310976	-0.0872152	-0.00312679	0.997451	-0.0712799	0.0872146	0.0712807	0.993636	1.62697	1.32602	37.857	
0.995987	-0.00327118	-0.0894364	-0.00328953	0.997318	-0.0731104	0.0894357	0.0731112	0.993306	1.70869	1.39282	38.7762	
0.995784	-0.00343698	-0.0916608	-0.00345672	0.997182	-0.0749442	0.0916601	0.0749451	0.992966	1.79247	1.46132	39.6951	
0.995576	-0.00360719	-0.0938882	-0.00362838	0.997041	-0.0767812	0.0938874	0.0767822	0.992618	1.87831	1.53151	40.6137	
0.995363	-0.00378182	-0.0961186	-0.00380454	0.996897	-0.0786214	0.0961177	0.0786225	0.99226	1.96621	1.60341	41.532	
0.995144	-0.00396088	-0.0983519	-0.00398521	0.996749	-0.0804647	0.0983509	0.0804659	0.991893	2.05618	1.677	42.4499	
0.99492	-0.00414439	-0.100588	-0.0041704	0.996598	-0.0823111	0.100587	0.0823124	0.991518	2.14821	1.75231	43.3675	
0.99469	-0.00433237	-0.102827	-0.00436013	0.996443	-0.0841604	0.102825	0.0841618	0.991133	2.24232	1.82933	44.2847	
0.994455	-0.00452482	-0.105068	-0.00455442	0.996284	-0.0860126	0.105067	0.0860141	0.990738	2.3385	1.90805	45.2016	
0.994214	-0.00472176	-0.107312	-0.00475328	0.996121	-0.0878675	0.10731	0.0878692	0.990335	2.43675	1.9885	46.1181	
0.993968	-0.00492321	-0.109558	-0.00495672	0.995954	-0.0897253	0.109556	0.0897271	0.989922	2.53707	2.07066	47.0342	
0.993717	-0.00512918	-0.111807	-0.00516477	0.995784	-0.0915856	0.111805	0.0915876	0.989501	2.63948	2.15454	47.9499	
0.99346	-0.00533967	-0.114057	-0.00537743	0.99561	-0.0934486	0.114055	0.0934507	0.989069	2.74397	2.24014	48.8653	
0.993197	-0.0055547	-0.11631	-0.00559472	0.995432	-0.095314	0.116308	0.0953164	0.988629	2.85054	2.32747	49.7802	
0.99293	-0.00577428	-0.118565	-0.00581665	0.99525	-0.0971819	0.118563	0.0971844	0.988179	2.9592	2.41653	50.6947	
0.992656	-0.00599842	-0.120822	-0.00604323	0.995064	-0.0990522	0.12082	0.0990549	0.98772	3.06995	2.50731	51.6088	
0.992377	-0.00622713	-0.123081	-0.00627448	0.994874	-0.100925	0.123078	0.100928	0.987251	3.18278	2.59983	52.5225	
0.992093	-0.00646042	-0.125341	-0.0065104	0.994681	-0.102799	0.125338	0.102803	0.986773	3.2977	2.69408	53.4357	
0.991803	-0.0066983	-0.127603	-0.006751	0.994483	-0.104676	0.1276	0.10468	0.986286	3.41472	2.79007	54.3485	
0.991507	-0.00694077	-0.129867	-0.0069963	0.994282	-0.106555	0.129864	0.106559	0.985789	3.53383	2.88779	55.2609	
0.991206	-0.00718785	-0.132132	-0.00724631	0.994077	-0.108436	0.132129	0.10844	0.985283	3.65503	2.98726	56.1727	
0.990827	-0.0075028	-0.134925	-0.00795001	0.993492	-0.113627	0.134899	0.113657	0.984319	3.77857	3.09	57.0839	
0.99044	-0.00783317	-0.13772	-0.00866863	0.992879	-0.118814	0.13767	0.118872	0.983319	3.90467	3.19758	57.9942	
0.990044	-0.00817894	-0.140518	-0.00940217	0.992238	-0.123999	0.140441	0.124085	0.982283	4.03333	3.30998	58.9036	
0.98964	-0.00854014	-0.143317	-0.0101506	0.991569	-0.129179	0.143212	0.129296	0.98121	4.16456	3.4272	59.8119	
0.989227	-0.00891677	-0.146117	-0.010914	0.990873	-0.134356	0.145981	0.134504	0.980101	4.29834	3.54924	60.7193	
0.988806	-0.00930881	-0.148918	-0.0116922	0.990149	-0.139529	0.14875	0.139709	0.978956	4.4347	3.6761	61.6256	
0.988376	-0.00971626	-0.151719	-0.0124854	0.989397	-0.144698	0.151516	0.14491	0.977775	4.57361	3.80777	62.5308	
0.987938	-0.0101391	-0.15452	-0.0132934	0.988618	-0.149862	0.154281	0.150108	0.976558	4.71508	3.94425	63.435	
0.987491	-0.0105773	-0.157321	-0.0141162	0.98781	-0.155021	0.157043	0.155303	0.975304	4.8591	4.08555	64.3379	
0.987036	-0.0110309	-0.160121	-0.0149539	0.986975	-0.160175	0.159802	0.160493	0.974015	5.00569	4.23164	65.2398	
0.986572	-0.0114998	-0.162919	-0.0158064	0.986113	-0.165323	0.162558	0.165678	0.97269	5.15482	4.38254	66.1404	
0.986101	-0.0119839	-0.165716	-0.0166737	0.985223	-0.170466	0.16531	0.170859	0.971329	5.3065	4.53823	67.0397	
0.985621	-0.0124833	-0.16851	-0.0175558	0.984305	-0.175602	0.168058	0.176035	0.969932	5.46072	4.69871	67.9378	
0.985133	-0.0129979	-0.171303	-0.0184526	0.983359	-0.180732	0.170801	0.181206	0.9685	5.61749	4.86398	68.8346	
0.984637	-0.0135276	-0.174092	-0.0193641	0.982386	-0.185855	0.17354	0.186371	0.967031	5.77679	5.03403	69.73	
0.984132	-0.0140724	-0.176878	-0.0202902	0.981386	-0.190972	0.176273	0.19153	0.965528	5.93862	5.20886	70.6241	
0.983459	-0.0148389	-0.180519	-0.0243496	0.976761	-0.212946	0.179484	0.213819	0.960243	6.10321	5.39639	71.515	
0.982775	-0.0156896	-0.18414	-0.0284811	0.971628	-0.234793	0.1826	0.235993	0.954445	6.27073	5.6045	72.4008	
0.982078	-0.0166238	-0.187738	-0.0326827	0.965991	-0.256503	0.185618	0.258042	0.948135	6.44108	5.83306	73.2811	
0.981371	-0.0176412	-0.191312	-0.036952	0.959852	-0.278062	0.188536	0.279952	0.941319	6.61419	6.08196	74.1552	
0.980652	-0.0187412	-0.194858	-0.0412867	0.953215	-0.299461	0.191354	0.301712	0.933999	6.78994	6.35107	75.0228	
0.979924	-0.0199232	-0.198376	-0.0456846	0.946083	-0.320686	0.194069	0.323311	0.926179	6.96826	6.64023	75.8834	
0.979185	-0.0211866	-0.201863	-0.0501432	0.93846	-0.341728	0.19668	0.344737	0.917863	7.14903	6.9493	76.7366	
0.978436	-0.0225306	-0.205318	-0.0546603	0.930351	-0.362574	0.199187	0.365978	0.909057	7.33218	7.27811	77.5818	
0.977678	-0.0239546	-0.208739	-0.0592333	0.921759	-0.383214	0.201586	0.387024	0.899764	7.5176	7.62649	78.4186	
0.976911	-0.0254578	-0.212123	-0.0638599	0.912688	-0.403636	0.203878	0.407862	0.88999	7.70518	7.99424	79.2466	
0.976136	-0.0270394	-0.21547	-0.0685375	0.903145	-0.423829	0.206061	0.428483	0.879739	7.89484	8.38117	80.0654	
0.975353	-0.0286986	-0.218777	-0.0732637	0.893134	-0.443783	0.208133	0.448874	0.869018	8.08647	8.78708	80.8745	
0.974562	-0.0304345	-0.222043	-0.0780359	0.882661	-0.463488	0.210094	0.469025	0.857832	8.27996	9.21174	81.6734	
0.973764	-0.032246	-0.225265	-0.0828515	0.87173	-0.482931	0.211943	0.488925	0.846187	8.47521	9.65493	82.4617	
0.972959	-0.0341324	-0.228443	-0.0877081	0.860348	-0.502104	0.213678	0.508563	0.834089	8.67212	10.1164	83.2391	
0.972148	-0.0360925	-0.231574	-0.0926029	0.848521	-0.520996	0.215299	0.527929	0.821545	8.87059	10.5959	84.0051	
0.97133	-0.0381253	-0.234656	-0.0975335	0.836255	-0.539596	0.216805	0.547013	0.808562	9.0705	11.0933	84.7593	
0.970508	-0.0402298	-0.237689	-0.102497	0.823558	-0.557895	0.218195	0.565804	0.795146	9.27175	11.6081	85.5012	
0.96968	-0.0424048	-0.24067	-0.107491	0.810434	-0.575884	0.219468	0.584293	0.781304	9.47424	12.1402	86.2305	
0.968848	-0.044649	-0.243599	-0.112513	0.796893	-0.593551	0.220623	0.602469	0.767044	9.67784	12.6892	86.9469	
0.968011	-0.0469615	-0.246472	-0.117559	0.78294	-0.610888	0.221661	0.620322	0.752374	9.88246	13.255	87.6498	
0.967171	-0.0493408	-0.249289	-0.122628	0.768584	-0.627886	0.22258	0.637844	0.737302	10.088	13.8371	88.339	
