1	0	0	0	1	0	0	0	1	0	0	0	
0.999989	7.212e-06	0.00473823	7.212e-06	0.999995	-0.00304415	-0.00473823	0.00304415	0.999984	-0.00241818	0.0015536	1.0207	
0.999955	2.88581e-05	0.00947855	2.88515e-05	0.999981	-0.00608825	-0.00947855	0.00608825	0.999937	-0.00967378	0.00621436	2.04137	
0.999899	6.49514e-05	0.0142208	6.49247e-05	0.999958	-0.00913217	-0.0142208	0.00913217	0.999857	-0.0217689	0.0139822	3.06198	
0.99982	0.000115504	0.0189648	0.000115437	0.999926	-0.0121758	-0.0189648	0.0121758	0.999746	-0.0387053	0.0248568	4.08248	
0.999719	0.000180527	0.0237104	0.000180394	0.999884	-0.015219	-0.0237104	0.015219	0.999603	-0.0604848	0.0388379	5.10286	
0.999595	0.000260032	0.0284574	0.000259799	0.999833	-0.0182618	-0.0284574	0.0182618	0.999428	-0.0871089	0.055925	6.12308	
0.999448	0.000354029	0.0332056	0.000353655	0.999773	-0.0213039	-0.0332056	0.0213039	0.999221	-0.118579	0.0761175	7.1431	
0.999279	0.000462527	0.0379549	0.000461966	0.999704	-0.0243453	-0.0379549	0.0243453	0.998983	-0.154896	0.0994148	8.16289	
0.999088	0.000585534	0.042705	0.000584732	0.999625	-0.0273858	-0.0427051	0.0273858	0.998712	-0.196061	0.125816	9.18242	
0.998873	0.000723059	0.0474559	0.000721956	0.999537	-0.0304254	-0.0474559	0.0304254	0.99841	-0.242075	0.15532	10.2017	
0.998636	0.000875109	0.0522073	0.000873638	0.99944	-0.033464	-0.0522074	0.0334639	0.998075	-0.292939	0.187927	11.2206	
0.998376	0.00104169	0.0569591	0.00103978	0.999333	-0.0365013	-0.0569592	0.0365013	0.997709	-0.348653	0.223634	12.2391	
0.998093	0.00122281	0.0617111	0.00122037	0.999217	-0.0395374	-0.0617111	0.0395373	0.997311	-0.409217	0.26244	13.2573	
0.997788	0.00141847	0.0664631	0.00141542	0.999092	-0.0425721	-0.0664631	0.042572	0.99688	-0.474631	0.304345	14.2751	
0.99746	0.00162867	0.0712149	0.00162492	0.998958	-0.0456052	-0.071215	0.0456051	0.996418	-0.544896	0.349347	15.2923	
0.997109	0.00185343	0.0759664	0.00184888	0.998815	-0.0486368	-0.0759665	0.0486366	0.995923	-0.620011	0.397443	16.3091	
0.996735	0.00209274	0.0807174	0.00208727	0.998662	-0.0516666	-0.0807176	0.0516664	0.995397	-0.699975	0.448633	17.3254	
0.996338	0.0023466	0.0854677	0.00234011	0.9985	-0.0546946	-0.0854679	0.0546943	0.994839	-0.784789	0.502915	18.3411	
0.995919	0.00261502	0.0902172	0.00260739	0.998329	-0.0577206	-0.0902174	0.0577203	0.994248	-0.87445	0.560287	19.3563	
0.995476	0.002898	0.0949657	0.00288909	0.998149	-0.0607446	-0.0949659	0.0607442	0.993625	-0.96896	0.620745	20.3708	
0.995011	0.00319553	0.0997129	0.00318522	0.99796	-0.0637664	-0.0997132	0.0637659	0.992971	-1.06832	0.68429	21.3847	
0.994523	0.00350762	0.104459	0.00349576	0.997761	-0.066786	-0.104459	0.0667854	0.992284	-1.17252	0.750917	22.3979	
0.994012	0.00383427	0.109203	0.00382071	0.997553	-0.0698031	-0.109204	0.0698024	0.991566	-1.28156	0.820626	23.4103	
0.993478	0.00417547	0.113946	0.00416006	0.997337	-0.0728178	-0.113946	0.0728169	0.990815	-1.39545	0.893412	24.422	
0.992921	0.00453122	0.118687	0.00451381	0.997111	-0.0758299	-0.118687	0.0758289	0.990032	-1.51417	0.969274	25.433	
0.992342	0.00490152	0.123425	0.00488193	0.996875	-0.0788393	-0.123426	0.078838	0.989217	-1.63773	1.04821	26.4431	
0.991739	0.00528637	0.128162	0.00526442	0.996631	-0.0818458	-0.128163	0.0818444	0.98837	-1.76613	1.13021	27.4524	
0.991114	0.00568575	0.132896	0.00566127	0.996378	-0.0848494	-0.132897	0.0848478	0.987491	-1.89937	1.21529	28.4608	
0.990465	0.00609967	0.137627	0.00607247	0.996115	-0.08785	-0.137628	0.0878481	0.986581	-2.03743	1.30342	29.4682	
0.989794	0.00652811	0.142356	0.00649801	0.995844	-0.0908475	-0.142357	0.0908453	0.985638	-2.18032	1.39462	30.4748	
0.9891	0.00697108	0.147082	0.00693786	0.995563	-0.0938417	-0.147083	0.0938392	0.984663	-2.32804	1.48887	31.4803	
0.988383	0.00742856	0.151804	0.00739202	0.995273	-0.0968325	-0.151806	0.0968297	0.983656	-2.48058	1.58618	32.4849	
0.987643	0.00790055	0.156524	0.00786048	0.994974	-0.0998199	-0.156526	0.0998168	0.982617	-2.63794	1.68654	33.4884	
0.98688	0.00838704	0.16124	0.00834321	0.994667	-0.102804	-0.161242	0.1028	0.981546	-2.80011	1.78995	34.4908	
0.986094	0.00888801	0.165952	0.0088402	0.99435	-0.105784	-0.165955	0.10578	0.980444	-2.9671	1.8964	35.4921	
0.985285	0.00940346	0.170661	0.00935144	0.994024	-0.10876	-0.170664	0.108756	0.979309	-3.13889	2.00589	36.4923	
0.984453	0.00993339	0.175365	0.00987691	0.993689	-0.111733	-0.175368	0.111728	0.978143	-3.31549	2.11841	37.4913	
0.983599	0.0104778	0.180066	0.0104166	0.993345	-0.114701	-0.180069	0.114696	0.976944	-3.49689	2.23397	38.489	
0.982721	0.0110366	0.184762	0.0109705	0.992993	-0.117666	-0.184766	0.11766	0.975714	-3.68309	2.35255	39.4856	
0.981821	0.0116098	0.189454	0.0115385	0.992631	-0.120626	-0.189458	0.120619	0.974452	-3.87407	2.47416	40.4809	
0.980898	0.0121975	0.194141	0.0121207	0.99226	-0.123582	-0.194146	0.123574	0.973158	-4.06985	2.59879	41.4748	
0.979952	0.0127996	0.198823	0.012717	0.991881	-0.126533	-0.198828	0.126525	0.971833	-4.2704	2.72642	42.4675	
0.978983	0.0134161	0.2035	0.0133275	0.991492	-0.12948	-0.203506	0.129471	0.970475	-4.47574	2.85707	43.4587	
0.977991	0.0140469	0.208173	0.013952	0.991095	-0.132423	-0.208179	0.132413	0.969086	-4.68584	2.99073	44.4486	
0.976977	0.0146921	0.21284	0.0145906	0.990689	-0.13536	-0.212847	0.135349	0.967666	-4.90072	3.12738	45.437	
0.975939	0.0153517	0.217501	0.0152433	0.990274	-0.138293	-0.217509	0.138281	0.966213	-5.12035	3.26703	46.424	
0.974879	0.0160256	0.222157	0.01591	0.98985	-0.141221	-0.222165	0.141208	0.96473	-5.34474	3.40967	47.4095	
0.973796	0.0167137	0.226807	0.0165907	0.989418	-0.144144	-0.226816	0.14413	0.963214	-5.57388	3.55529	48.3934	
0.972691	0.0174162	0.23145	0.0172853	0.988976	-0.147062	-0.23146	0.147046	0.961667	-5.80776	3.7039	49.3758	
0.971562	0.018133	0.236088	0.0179939	0.988526	-0.149974	-0.236099	0.149958	0.960089	-6.04638	3.85547	50.3566	
0.970411	0.018864	0.24072	0.0187165	0.988067	-0.152881	-0.240731	0.152863	0.958479	-6.28974	4.01002	51.3357	
0.969238	0.0196092	0.245344	0.0194529	0.9876	-0.155783	-0.245357	0.155764	0.956837	-6.53781	4.16753	52.3132	
0.968041	0.0203687	0.249963	0.0202032	0.987123	-0.158679	-0.249976	0.158658	0.955165	-6.79061	4.32799	53.289	
0.966822	0.0211423	0.254574	0.0209674	0.986638	-0.16157	-0.254589	0.161547	0.953461	-7.04812	4.49141	54.2631	
0.96558	0.0219301	0.259179	0.0217453	0.986145	-0.164455	-0.259194	0.16443	0.951725	-7.31033	4.65778	55.2354	
0.964316	0.0227321	0.263776	0.0225371	0.985643	-0.167334	-0.263793	0.167307	0.949959	-7.57724	4.82708	56.2059	
0.963029	0.0235482	0.268366	0.0233426	0.985132	-0.170207	-0.268384	0.170179	0.948161	-7.84884	4.99932	57.1746	
0.96172	0.0243784	0.272948	0.0241619	0.984612	-0.173074	-0.272967	0.173044	0.946332	-8.12512	5.17448	58.1415	
0.960388	0.0252226	0.277523	0.0249948	0.984084	-0.175935	-0.277543	0.175902	0.944472	-8.40607	5.35257	59.1065	
0.959033	0.026081	0.28209	0.0258415	0.983548	-0.17879	-0.282112	0.178755	0.942581	-8.6917	5.53357	60.0696	
0.957657	0.0269533	0.286649	0.0267017	0.983003	-0.181638	-0.286672	0.181601	0.940659	-8.98198	5.71748	61.0307	
0.956257	0.0278396	0.291199	0.0275756	0.982449	-0.18448	-0.291225	0.18444	0.938707	-9.27691	5.90429	61.9898	
0.954835	0.02874	0.295742	0.028463	0.981887	-0.187315	-0.295769	0.187273	0.936723	-9.57648	6.094	62.947	
0.953391	0.0296542	0.300276	0.029364	0.981317	-0.190144	-0.300304	0.190099	0.934708	-9.88069	6.28659	63.9021	
0.950776	0.0313005	0.308295	0.0303408	0.980702	-0.193139	-0.308391	0.192985	0.931478	-10.1913	6.4821	64.8545	
0.94809	0.0329716	0.316288	0.0313438	0.980078	-0.196124	-0.316453	0.195857	0.928169	-10.5102	6.68055	65.8036	
0.945335	0.0346676	0.324253	0.0323728	0.979445	-0.199099	-0.32449	0.198712	0.924781	-10.8373	6.88192	66.7492	
0.942511	0.0363883	0.332189	0.0334277	0.978802	-0.202063	-0.3325	0.201551	0.921315	-11.1726	7.0862	67.6914	
0.939617	0.0381335	0.340095	0.0345083	0.97815	-0.205016	-0.340482	0.204372	0.917771	-11.5161	7.29336	68.63	
0.936655	0.0399031	0.347972	0.0356144	0.977489	-0.207957	-0.348437	0.207177	0.914149	-11.8677	7.5034	69.5649	
0.927473	0.0451855	0.37115	0.0360807	0.977221	-0.209134	-0.372146	0.207357	0.904716	-12.2355	7.71497	70.4932	
0.917689	0.0504709	0.39408	0.0365775	0.976953	-0.210298	-0.395612	0.207403	0.894693	-12.6273	7.92666	71.4116	
0.907311	0.0557557	0.416748	0.0371046	0.976684	-0.211449	-0.41882	0.207314	0.884087	-13.043	8.13832	72.3195	
0.896344	0.0610364	0.439137	0.0376615	0.976416	-0.212586	-0.441756	0.207089	0.872906	-13.4822	8.34982	73.2162	
0.884797	0.0663098	0.461235	0.0382479	0.976148	-0.213709	-0.464404	0.20673	0.861157	-13.9447	8.56103	74.1012	
0.872676	0.0715723	0.483025	0.0388634	0.975881	-0.214815	-0.48675	0.206236	0.848847	-14.4302	8.7718	74.974	
0.85999	0.0768204	0.504495	0.0395077	0.975615	-0.215906	-0.508779	0.205608	0.835984	-14.9383	8.982	75.8339	
0.846747	0.0820509	0.52563	0.0401802	0.975349	-0.216979	-0.530477	0.204846	0.822577	-15.4687	9.19148	76.6804	
0.832955	0.0872602	0.546417	0.0408806	0.975084	-0.218034	-0.551829	0.203951	0.808634	-16.0211	9.40013	77.5129	
0.818623	0.0924451	0.566842	0.0416084	0.974821	-0.219072	-0.572822	0.202923	0.794165	-16.5951	9.60779	78.331	
0.803762	0.097602	0.586891	0.0423631	0.974559	-0.22009	-0.593441	0.201762	0.779179	-17.1903	9.81433	79.134	
0.788379	0.102728	0.606552	0.0431443	0.974299	-0.221088	-0.613675	0.200471	0.763685	-17.8064	10.0196	79.9214	
0.772486	0.107819	0.625812	0.0439514	0.97404	-0.222066	-0.633509	0.199048	0.747694	-18.4429	10.2235	80.6928	
0.756093	0.112872	0.644658	0.0447838	0.973784	-0.223023	-0.65293	0.197497	0.731216	-19.0995	10.4259	81.4476	
0.73921	0.117884	0.663077	0.0456412	0.973529	-0.223959	-0.671927	0.195816	0.714262	-19.7757	10.6267	82.1854	
0.721849	0.122852	0.681059	0.0465229	0.973277	-0.224872	-0.690485	0.194008	0.696843	-20.471	10.8256	82.9056	
0.70402	0.127772	0.698592	0.0474283	0.973027	-0.225762	-0.708595	0.192074	0.678971	-21.1851	11.0227	83.6078	
0.685736	0.132641	0.715663	0.0483568	0.97278	-0.226629	-0.726242	0.190015	0.660656	-21.9174	11.2177	84.2915	
0.667008	0.137455	0.732261	0.0493078	0.972535	-0.227472	-0.743417	0.187832	0.641911	-22.6675	11.4105	84.9563	
0.647848	0.142213	0.748377	0.0502808	0.972294	-0.228291	-0.760108	0.185527	0.622748	-23.4349	11.6011	85.6017	
0.62827	0.146911	0.763999	0.0512751	0.972055	-0.229084	-0.776304	0.183101	0.60318	-24.219	11.7892	86.2274	
0.608285	0.151545	0.779118	0.05229	0.97182	-0.229852	-0.791995	0.180555	0.583219	-25.0195	11.9748	86.8329	
0.587906	0.156113	0.793722	0.0533248	0.971588	-0.230593	-0.80717	0.177892	0.562878	-25.8356	12.1578	87.4179	
0.567148	0.160611	0.807804	0.054379	0.97136	-0.231308	-0.821819	0.175114	0.542171	-26.667	12.3379	87.9819	
0.546023	0.165037	0.821354	0.0554518	0.971135	-0.231997	-0.835933	0.172221	0.52111	-27.5131	12.5152	88.5246	
0.524545	0.169388	0.834362	0.0565425	0.970914	-0.232657	-0.849503	0.169216	0.499711	-28.3733	12.6895	89.0456	
0.502729	0.173661	0.846821	0.0576504	0.970697	-0.23329	-0.86252	0.166101	0.477986	-29.2471	12.8606	89.5446	
0.480588	0.177853	0.858722	0.0587748	0.970484	-0.233894	-0.874975	0.162878	0.455949	-30.1339	13.0285	90.0212	
0.458136	0.181962	0.870058	0.0599149	0.970275	-0.23447	-0.88686	0.159549	0.433616	-31.0331	13.1931	90.4753	
