1	0	0	0	1	0	0	0	1	0	0	0	
0.999993	2.32952e-06	0.00385826	2.32952e-06	0.999999	-0.00120754	-0.00385826	0.00120754	0.999992	-0.0019759	0.000618409	1.02424	
0.99997	9.34069e-06	0.00772549	9.34235e-06	0.999997	-0.00241832	-0.00772549	0.00241832	0.999967	-0.0079082	0.00247529	2.04846	
0.999933	2.10674e-05	0.0116015	2.10741e-05	0.999993	-0.00363228	-0.0116015	0.00363228	0.999926	-0.017806	0.00557394	3.07265	
0.99988	3.7543e-05	0.0154861	3.75597e-05	0.999988	-0.00484936	-0.0154861	0.00484936	0.999868	-0.0316781	0.00991757	4.09679	
0.999812	5.88003e-05	0.0193791	5.88336e-05	0.999982	-0.00606951	-0.0193791	0.00606951	0.999794	-0.0495334	0.0155094	5.12086	
0.999729	8.48713e-05	0.0232804	8.49297e-05	0.999973	-0.00729266	-0.0232804	0.00729266	0.999702	-0.0713802	0.0223524	6.14485	
0.99963	0.000115788	0.0271896	0.000115881	0.999964	-0.00851876	-0.0271896	0.00851876	0.999594	-0.097227	0.0304498	7.16873	
0.999516	0.00015158	0.0311067	0.000151721	0.999952	-0.00974776	-0.0311067	0.00974776	0.999469	-0.127082	0.0398045	8.19249	
0.999386	0.000192279	0.0350314	0.000192481	0.99994	-0.0109796	-0.0350314	0.0109796	0.999326	-0.160953	0.0504194	9.21612	
0.999241	0.000237915	0.0389636	0.000238193	0.999925	-0.0122142	-0.0389636	0.0122142	0.999166	-0.198847	0.0622975	10.2396	
0.999079	0.000288517	0.0429031	0.000288888	0.999909	-0.0134515	-0.0429031	0.0134515	0.998989	-0.240773	0.0754415	11.2629	
0.998902	0.000344112	0.0468497	0.000344596	0.999892	-0.0146915	-0.0468497	0.0146915	0.998794	-0.286737	0.0898542	12.286	
0.998709	0.00040473	0.0508031	0.000405347	0.999873	-0.0159341	-0.0508031	0.0159341	0.998582	-0.336747	0.105538	13.3089	
0.998499	0.000470398	0.0547632	0.00047117	0.999852	-0.0171793	-0.0547632	0.0171793	0.998352	-0.39081	0.122496	14.3316	
0.998274	0.000541142	0.0587299	0.000542095	0.99983	-0.0184269	-0.0587299	0.0184269	0.998104	-0.448933	0.140731	15.354	
0.998032	0.000616989	0.0627029	0.000618148	0.999806	-0.0196769	-0.0627029	0.019677	0.997838	-0.511121	0.160245	16.3762	
0.997774	0.000697964	0.066682	0.000699358	0.999781	-0.0209294	-0.066682	0.0209294	0.997555	-0.577382	0.18104	17.3981	
0.9975	0.000784092	0.070667	0.00078575	0.999754	-0.0221841	-0.070667	0.0221842	0.997253	-0.647721	0.20312	18.4196	
0.997209	0.000875398	0.0746578	0.000877353	0.999725	-0.0234411	-0.0746578	0.0234412	0.996934	-0.722145	0.226485	19.4409	
0.996901	0.000971906	0.0786542	0.00097419	0.999694	-0.0247003	-0.0786542	0.0247004	0.996596	-0.80066	0.25114	20.4618	
0.996578	0.00107364	0.0826559	0.00107629	0.999662	-0.0259616	-0.0826559	0.0259617	0.99624	-0.88327	0.277085	21.4824	
0.996237	0.00118062	0.0866628	0.00118367	0.999629	-0.027225	-0.0866628	0.0272251	0.995866	-0.969982	0.304323	22.5026	
0.99588	0.00129287	0.0906747	0.00129636	0.999593	-0.0284904	-0.0906747	0.0284906	0.995473	-1.0608	0.332856	23.5224	
0.995506	0.00141041	0.0946914	0.00141439	0.999556	-0.0297578	-0.0946914	0.029758	0.995062	-1.15573	0.362687	24.5418	
0.995115	0.00153326	0.0987127	0.00153776	0.999517	-0.0310271	-0.0987127	0.0310273	0.994632	-1.25478	0.393816	25.5608	
0.994707	0.00166144	0.102738	0.00166652	0.999477	-0.0322982	-0.102738	0.0322985	0.994184	-1.35794	0.426247	26.5793	
0.994282	0.00179498	0.106768	0.00180067	0.999435	-0.0335711	-0.106768	0.0335714	0.993717	-1.46524	0.45998	27.5973	
0.993841	0.00193388	0.110802	0.00194024	0.999391	-0.0348458	-0.110802	0.0348461	0.993231	-1.57666	0.495018	28.6149	
0.993382	0.00207817	0.11484	0.00208525	0.999345	-0.0361221	-0.11484	0.0361225	0.992727	-1.69222	0.531363	29.632	
0.992906	0.00222787	0.118882	0.00223572	0.999298	-0.0374	-0.118882	0.0374004	0.992204	-1.81191	0.569016	30.6485	
0.992413	0.002383	0.122927	0.00239167	0.999249	-0.0386794	-0.122927	0.0386799	0.991662	-1.93575	0.607978	31.6645	
0.991903	0.00254356	0.126975	0.00255312	0.999198	-0.0399603	-0.126975	0.039961	0.991101	-2.06373	0.648252	32.6799	
0.991375	0.00270958	0.131026	0.00272008	0.999145	-0.0412427	-0.131026	0.0412434	0.990521	-2.19585	0.689838	33.6947	
0.99083	0.00288107	0.135081	0.00289257	0.999091	-0.0425264	-0.13508	0.0425272	0.989922	-2.33213	0.732739	34.7089	
0.990268	0.00305805	0.139138	0.00307061	0.999035	-0.0438115	-0.139137	0.0438124	0.989303	-2.47257	0.776955	35.7225	
0.989689	0.00324052	0.143197	0.00325422	0.998977	-0.0450978	-0.143197	0.0450988	0.988666	-2.61716	0.822489	36.7355	
0.989092	0.00342852	0.147259	0.0034434	0.998918	-0.0463853	-0.147259	0.0463864	0.98801	-2.7659	0.86934	37.7478	
0.988478	0.00362203	0.151323	0.00363818	0.998856	-0.0476739	-0.151323	0.0476751	0.987334	-2.91881	0.917511	38.7594	
0.987846	0.00382109	0.155389	0.00383857	0.998793	-0.0489636	-0.155388	0.048965	0.986639	-3.07589	0.967003	39.7703	
0.987197	0.0040257	0.159457	0.00404458	0.998728	-0.0502543	-0.159456	0.0502558	0.985925	-3.23713	1.01782	40.7805	
0.98653	0.00423587	0.163526	0.00425623	0.998662	-0.051546	-0.163525	0.0515476	0.985192	-3.40253	1.06995	41.79	
0.985846	0.00445161	0.167597	0.00447353	0.998593	-0.0528385	-0.167596	0.0528404	0.984439	-3.57211	1.12341	42.7987	
0.985144	0.00467293	0.171668	0.00469649	0.998523	-0.0541319	-0.171668	0.054134	0.983666	-3.74585	1.1782	43.8066	
0.984424	0.00489985	0.175741	0.00492511	0.998451	-0.0554261	-0.175741	0.0554283	0.982875	-3.92377	1.2343	44.8137	
0.983687	0.00513237	0.179815	0.00515942	0.998377	-0.056721	-0.179814	0.0567234	0.982064	-4.10585	1.29174	45.82	
0.982932	0.00537049	0.18389	0.00539943	0.998301	-0.0580165	-0.183889	0.0580192	0.981233	-4.29211	1.3505	46.8254	
0.98216	0.00561423	0.187964	0.00564513	0.998223	-0.0593127	-0.187964	0.0593156	0.980383	-4.48255	1.41059	47.83	
0.98137	0.0058636	0.19204	0.00589655	0.998144	-0.0606094	-0.192039	0.0606126	0.979514	-4.67716	1.47201	48.8337	
0.980562	0.00611859	0.196115	0.00615368	0.998063	-0.0619066	-0.196114	0.06191	0.978625	-4.87594	1.53476	49.8365	
0.979736	0.00637922	0.20019	0.00641654	0.99798	-0.0632042	-0.200189	0.0632079	0.977716	-5.07889	1.59883	50.8384	
0.978893	0.00664548	0.204265	0.00668513	0.997895	-0.0645021	-0.204264	0.0645062	0.976788	-5.28602	1.66424	51.8394	
0.978032	0.0069174	0.208339	0.00695947	0.997809	-0.0658004	-0.208338	0.0658048	0.975841	-5.49732	1.73097	52.8393	
0.977153	0.00719496	0.212413	0.00723955	0.99772	-0.0670989	-0.212412	0.0671037	0.974874	-5.7128	1.79904	53.8383	
0.976257	0.00747817	0.216486	0.00752537	0.99763	-0.0683976	-0.216485	0.0684028	0.973887	-5.93245	1.86843	54.8364	
0.975343	0.00776703	0.220558	0.00781696	0.997538	-0.0696965	-0.220556	0.0697021	0.972881	-6.15626	1.93916	55.8333	
0.974411	0.00806156	0.224629	0.0081143	0.997444	-0.0709954	-0.224627	0.0710014	0.971855	-6.38425	2.01122	56.8293	
0.973461	0.00836174	0.228698	0.00841741	0.997348	-0.0722943	-0.228696	0.0723008	0.970809	-6.61641	2.08461	57.8242	
0.972494	0.00866758	0.232766	0.00872628	0.99725	-0.0735932	-0.232764	0.0736002	0.969744	-6.85273	2.15932	58.818	
0.971509	0.00897908	0.236832	0.00904092	0.997151	-0.074892	-0.23683	0.0748994	0.96866	-7.09322	2.23537	59.8107	
0.970506	0.00929623	0.240896	0.00936133	0.997049	-0.0761906	-0.240894	0.0761986	0.967556	-7.33788	2.31276	60.8022	
0.969486	0.00961905	0.244958	0.00968751	0.996946	-0.077489	-0.244956	0.0774975	0.966432	-7.58669	2.39147	61.7927	
0.968448	0.00994752	0.249018	0.0100195	0.996841	-0.0787871	-0.249015	0.0787963	0.965289	-7.83966	2.47151	62.7819	
0.967392	0.0102816	0.253075	0.0103572	0.996734	-0.0800849	-0.253072	0.0800947	0.964126	-8.09679	2.55288	63.77	
0.966318	0.0106214	0.25713	0.0107007	0.996626	-0.0813823	-0.257127	0.0813927	0.962944	-8.35808	2.63558	64.7569	
0.96424	0.0112758	0.26479	0.0111317	0.99649	-0.0829711	-0.264796	0.0829517	0.96073	-8.62537	2.71975	65.7421	
0.9621	0.0119428	0.272434	0.0115759	0.996351	-0.0845578	-0.272449	0.0845068	0.958452	-8.9005	2.8055	66.725	
0.959899	0.0126223	0.280061	0.0120331	0.99621	-0.0861422	-0.280087	0.0860578	0.95611	-9.18347	2.89286	67.7055	
0.957637	0.0133142	0.28767	0.0125034	0.996066	-0.0877239	-0.287707	0.0876045	0.953703	-9.47425	2.98179	68.6835	
0.955313	0.0140186	0.295262	0.0129866	0.99592	-0.0893027	-0.295309	0.0891465	0.951234	-9.77283	3.07231	69.6591	
0.952929	0.0147354	0.302835	0.0134827	0.995771	-0.0908783	-0.302893	0.0906836	0.9487	-10.0792	3.16441	70.6321	
0.94489	0.0170712	0.326944	0.0141369	0.995581	-0.0928401	-0.327084	0.0923456	0.940472	-10.4018	3.25814	71.5996	
0.936235	0.0194485	0.350835	0.0148411	0.995387	-0.0947841	-0.35106	0.093947	0.931628	-10.7491	3.35355	72.5584	
0.926972	0.021866	0.374492	0.0155948	0.995191	-0.0967092	-0.374806	0.0954868	0.922173	-11.1209	3.45057	73.5078	
0.917106	0.024322	0.3979	0.0163976	0.994991	-0.0986139	-0.398306	0.0969641	0.912113	-11.5168	3.54914	74.4473	
0.906644	0.0268148	0.421044	0.017249	0.994788	-0.100497	-0.421545	0.0983777	0.901455	-11.9367	3.64918	75.3761	
0.895591	0.029343	0.443909	0.0181483	0.994582	-0.102358	-0.444507	0.0997268	0.890207	-12.3803	3.75064	76.2937	
0.883957	0.0319047	0.466479	0.019095	0.994374	-0.104194	-0.467178	0.101011	0.878374	-12.8472	3.85345	77.1995	
0.871748	0.0344983	0.488739	0.0200885	0.994163	-0.106006	-0.489543	0.102228	0.865966	-13.3372	3.95753	78.0928	
0.858972	0.0371222	0.510676	0.0211281	0.993949	-0.107791	-0.511587	0.103379	0.85299	-13.8499	4.06284	78.9732	
0.845637	0.0397745	0.532274	0.0222131	0.993733	-0.109548	-0.533295	0.104461	0.839454	-14.385	4.16928	79.84	
0.831753	0.0424537	0.55352	0.0233429	0.993515	-0.111277	-0.554654	0.105476	0.825369	-14.9422	4.2768	80.6926	
0.817329	0.0451578	0.574399	0.0245166	0.993295	-0.112976	-0.575649	0.106421	0.810742	-15.5211	4.38532	81.5305	
0.802374	0.0478852	0.594898	0.0257336	0.993073	-0.114644	-0.596267	0.107296	0.795583	-16.1213	4.49478	82.3532	
0.786897	0.050634	0.615004	0.0269929	0.99285	-0.11628	-0.616494	0.108101	0.779903	-16.7424	4.60509	83.1601	
0.770909	0.0534024	0.634703	0.0282939	0.992624	-0.117883	-0.636317	0.108835	0.763712	-17.384	4.7162	83.9507	
0.754421	0.0561887	0.653982	0.0296356	0.992398	-0.119452	-0.655722	0.109498	0.74702	-18.0458	4.82802	84.7244	
0.737442	0.0589909	0.672829	0.0310171	0.99217	-0.120985	-0.674697	0.110089	0.729838	-18.7271	4.94048	85.4808	
0.719985	0.0618074	0.691231	0.0324376	0.99194	-0.122483	-0.693231	0.110608	0.712178	-19.4277	5.05351	86.2193	
0.702061	0.0646361	0.709177	0.0338961	0.99171	-0.123943	-0.711309	0.111054	0.694051	-20.1471	5.16703	86.9395	
0.683682	0.0674753	0.726654	0.0353917	0.991479	-0.125365	-0.728922	0.111427	0.675468	-20.8847	5.28097	87.6409	
0.664859	0.0703231	0.743651	0.0369233	0.991247	-0.126748	-0.746056	0.111728	0.656443	-21.6401	5.39526	88.323	
0.645605	0.0731776	0.760158	0.03849	0.991015	-0.128091	-0.762701	0.111955	0.636987	-22.4128	5.50982	88.9854	
0.625932	0.076037	0.776162	0.0400908	0.990783	-0.129393	-0.778846	0.112109	0.617114	-23.2023	5.62457	89.6277	
0.605854	0.0788994	0.791654	0.0417246	0.99055	-0.130654	-0.794481	0.112189	0.596836	-24.0081	5.73945	90.2495	
0.585384	0.0817629	0.806623	0.0433903	0.990317	-0.131872	-0.809595	0.112195	0.576167	-24.8296	5.85437	90.8502	
0.564534	0.0846256	0.82106	0.0450868	0.990084	-0.133047	-0.824177	0.112129	0.555121	-25.6663	5.96925	91.4296	
0.543319	0.0874857	0.834955	0.0468131	0.989851	-0.134178	-0.83822	0.111988	0.53371	-26.5177	6.08404	91.9872	
0.521753	0.0903413	0.8483	0.048568	0.989619	-0.135263	-0.851713	0.111774	0.511949	-27.3832	6.19863	92.5228	
0.49985	0.0931904	0.861084	0.0503503	0.989387	-0.136304	-0.864647	0.111487	0.489853	-28.2623	6.31298	93.0358	
