1	0	0	0	1	0	0	0	1	0	0	0	
0.999998	2.10031e-06	0.00177178	2.10031e-06	0.999997	-0.00237084	-0.00177178	0.00237084	0.999996	-0.000663074	0.000887271	0.748484	
0.999994	8.4178e-06	0.00354723	8.41596e-06	0.999989	-0.00474557	-0.00354723	0.00474557	0.999982	-0.00265367	0.00355054	1.49696	
0.999986	1.89767e-05	0.00532631	1.89693e-05	0.999975	-0.00712412	-0.00532631	0.00712412	0.99996	-0.00597453	0.00799268	2.24542	
0.999975	3.38009e-05	0.00710899	3.37825e-05	0.999955	-0.00950642	-0.00710899	0.00950642	0.99993	-0.0106284	0.0142165	2.99387	
0.99996	5.29142e-05	0.00889521	5.28771e-05	0.999929	-0.0118924	-0.00889521	0.0118924	0.99989	-0.0166178	0.0222249	3.74229	
0.999943	7.63397e-05	0.0106849	7.62748e-05	0.999898	-0.014282	-0.0106849	0.014282	0.999841	-0.0239455	0.0320205	4.49067	
0.999922	0.000104101	0.0124781	0.000103997	0.999861	-0.0166752	-0.0124781	0.0166752	0.999783	-0.0326141	0.043606	5.23902	
0.999898	0.00013622	0.0142747	0.000136064	0.999818	-0.0190719	-0.0142747	0.0190719	0.999716	-0.0426262	0.0569841	5.98731	
0.999871	0.00017272	0.0160746	0.000172497	0.999769	-0.021472	-0.0160746	0.021472	0.99964	-0.0539842	0.0721574	6.73556	
0.99984	0.000213624	0.0178779	0.000213316	0.999715	-0.0238755	-0.0178779	0.0238755	0.999555	-0.0666906	0.0891284	7.48374	
0.999806	0.000258952	0.0196844	0.00025854	0.999655	-0.0262823	-0.0196844	0.0262823	0.999461	-0.0807481	0.1079	8.23186	
0.999769	0.000308727	0.0214942	0.000308191	0.999588	-0.0286924	-0.0214942	0.0286924	0.999357	-0.0961589	0.128473	8.9799	
0.999728	0.00036297	0.0233071	0.000362287	0.999516	-0.0311056	-0.0233071	0.0311056	0.999244	-0.112925	0.150852	9.72787	
0.999684	0.000421703	0.0251232	0.000420848	0.999438	-0.033522	-0.0251232	0.033522	0.999122	-0.13105	0.175039	10.4757	
0.999637	0.000484945	0.0269424	0.000483892	0.999354	-0.0359414	-0.0269424	0.0359414	0.998991	-0.150535	0.201035	11.2235	
0.999586	0.000552719	0.0287646	0.000551437	0.999264	-0.0383638	-0.0287646	0.0383638	0.99885	-0.171383	0.228843	11.9712	
0.999532	0.000625043	0.0305898	0.000623503	0.999168	-0.0407892	-0.0305899	0.0407891	0.998699	-0.193596	0.258466	12.7188	
0.999474	0.000701939	0.032418	0.000700107	0.999065	-0.0432174	-0.032418	0.0432173	0.99854	-0.217177	0.289904	13.4662	
0.999413	0.000783425	0.0342491	0.000781266	0.998957	-0.0456484	-0.0342491	0.0456483	0.99837	-0.242126	0.323162	14.2135	
0.999348	0.000869521	0.036083	0.000866999	0.998843	-0.0480821	-0.0360831	0.0480821	0.998191	-0.268448	0.35824	14.9607	
0.99928	0.000960246	0.0379198	0.000957321	0.998723	-0.0505185	-0.0379199	0.0505185	0.998003	-0.296143	0.39514	15.7078	
0.999209	0.00105562	0.0397593	0.00105225	0.998596	-0.0529576	-0.0397594	0.0529575	0.997805	-0.325214	0.433865	16.4547	
0.999134	0.00115566	0.0416016	0.0011518	0.998464	-0.0553991	-0.0416017	0.0553991	0.997597	-0.355662	0.474417	17.2015	
0.999055	0.00126039	0.0434465	0.001256	0.998325	-0.0578432	-0.0434466	0.0578431	0.99738	-0.387491	0.516797	17.9481	
0.998973	0.00136981	0.0452941	0.00136485	0.99818	-0.0602897	-0.0452942	0.0602896	0.997153	-0.420702	0.561007	18.6945	
0.998887	0.00148396	0.0471442	0.00147837	0.998029	-0.0627385	-0.0471444	0.0627384	0.996916	-0.455296	0.60705	19.4408	
0.998798	0.00160285	0.0489969	0.00159657	0.997872	-0.0651896	-0.0489971	0.0651895	0.996669	-0.491276	0.654926	20.1869	
0.998705	0.00172649	0.0508521	0.00171948	0.997708	-0.067643	-0.0508523	0.0676428	0.996413	-0.528644	0.704637	20.9328	
0.998608	0.0018549	0.0527097	0.0018471	0.997538	-0.0700985	-0.05271	0.0700983	0.996147	-0.567402	0.756186	21.6785	
0.998508	0.00198811	0.0545698	0.00197946	0.997362	-0.0725561	-0.0545701	0.0725559	0.99587	-0.607551	0.809573	22.424	
0.998404	0.00212611	0.0564321	0.00211656	0.99718	-0.0750157	-0.0564325	0.0750155	0.995584	-0.649092	0.864801	23.1693	
0.998297	0.00226894	0.0582968	0.00225842	0.996992	-0.0774774	-0.0582972	0.0774771	0.995288	-0.692029	0.92187	23.9143	
0.998186	0.0024166	0.0601638	0.00240505	0.996797	-0.0799409	-0.0601643	0.0799406	0.994982	-0.736363	0.980782	24.6592	
0.998071	0.00256912	0.062033	0.00255646	0.996596	-0.0824063	-0.0620335	0.0824059	0.994666	-0.782094	1.04154	25.4038	
0.997952	0.0027265	0.0639043	0.00271268	0.996388	-0.0848735	-0.0639049	0.084873	0.99434	-0.829226	1.10414	26.1482	
0.99783	0.00288877	0.0657777	0.0028737	0.996174	-0.0873424	-0.0657784	0.0873419	0.994004	-0.877759	1.16859	26.8923	
0.997704	0.00305593	0.0676533	0.00303955	0.995954	-0.0898129	-0.067654	0.0898124	0.993658	-0.927695	1.23489	27.6362	
0.997575	0.003228	0.0695308	0.00321024	0.995727	-0.092285	-0.0695317	0.0922844	0.993302	-0.979036	1.30304	28.3798	
0.997441	0.00340499	0.0714104	0.00338577	0.995495	-0.0947587	-0.0714113	0.094758	0.992936	-1.03178	1.37304	29.1231	
0.997304	0.00358693	0.0732918	0.00356616	0.995255	-0.0972339	-0.0732929	0.0972331	0.992559	-1.08594	1.44489	29.8662	
0.997163	0.00377381	0.0751752	0.00375142	0.995009	-0.0997104	-0.0751763	0.0997096	0.992173	-1.1415	1.51859	30.6089	
0.997019	0.00396566	0.0770604	0.00394156	0.994757	-0.102188	-0.0770616	0.102187	0.991776	-1.19847	1.59415	31.3514	
0.99687	0.00416248	0.0789474	0.00413659	0.994499	-0.104667	-0.0789488	0.104666	0.991369	-1.25686	1.67157	32.0936	
0.996718	0.0043643	0.0808361	0.00433652	0.994234	-0.107148	-0.0808376	0.107147	0.990951	-1.31666	1.75084	32.8354	
0.996562	0.00457111	0.0827266	0.00454137	0.993962	-0.109629	-0.0827282	0.109628	0.990524	-1.37787	1.83196	33.577	
0.996402	0.00478294	0.0846187	0.00475113	0.993684	-0.112112	-0.0846205	0.112111	0.990086	-1.4405	1.91495	34.3182	
0.996238	0.0049998	0.0865124	0.00496583	0.9934	-0.114596	-0.0865144	0.114594	0.989638	-1.50455	1.99979	35.0591	
0.996071	0.00522169	0.0884077	0.00518546	0.993109	-0.11708	-0.0884098	0.117079	0.98918	-1.57001	2.08649	35.7997	
0.995899	0.00544862	0.0903044	0.00541005	0.992812	-0.119566	-0.0903068	0.119564	0.988711	-1.63689	2.17505	36.5399	
0.995724	0.00568062	0.0922027	0.00563959	0.992508	-0.122052	-0.0922052	0.12205	0.988232	-1.7052	2.26548	37.2798	
0.995545	0.00591768	0.0941023	0.00587409	0.992197	-0.124539	-0.0941051	0.124537	0.987742	-1.77492	2.35776	38.0192	
0.995362	0.00615983	0.0960034	0.00611357	0.99188	-0.127027	-0.0960063	0.127025	0.987242	-1.84607	2.4519	38.7584	
0.994934	0.00672213	0.100308	0.00648691	0.99139	-0.13078	-0.100324	0.130768	0.986324	-1.91955	2.54838	39.497	
0.994487	0.00730083	0.104609	0.00687717	0.990885	-0.134534	-0.104638	0.134512	0.985372	-1.99625	2.64766	40.2349	
0.994021	0.00789595	0.108907	0.00728439	0.990365	-0.13829	-0.10895	0.138256	0.984386	-2.07619	2.74974	40.972	
0.993536	0.00850747	0.113201	0.00770859	0.98983	-0.142046	-0.113258	0.142001	0.983366	-2.15935	2.85463	41.7084	
0.993032	0.00913541	0.11749	0.00814976	0.98928	-0.145803	-0.117563	0.145745	0.982312	-2.24573	2.96231	42.4441	
0.992509	0.00977975	0.121776	0.00860794	0.988715	-0.149561	-0.121864	0.149489	0.981225	-2.33533	3.0728	43.1789	
0.991968	0.0104405	0.126057	0.00908312	0.988135	-0.153318	-0.126162	0.153232	0.980104	-2.42815	3.18609	43.9129	
0.991408	0.0111177	0.130333	0.00957531	0.98754	-0.157076	-0.130456	0.156974	0.978949	-2.52419	3.30219	44.6461	
0.990829	0.0118112	0.134605	0.0100845	0.98693	-0.160833	-0.134745	0.160715	0.97776	-2.62344	3.42108	45.3784	
0.990231	0.0125212	0.138872	0.0106108	0.986305	-0.164589	-0.139031	0.164455	0.976537	-2.7259	3.54277	46.1098	
0.989615	0.0132476	0.143134	0.011154	0.985665	-0.168345	-0.143312	0.168193	0.975281	-2.83157	3.66726	46.8402	
0.988979	0.0139903	0.14739	0.0117143	0.98501	-0.172099	-0.147589	0.171929	0.973991	-2.94043	3.79455	47.5697	
0.988325	0.0147494	0.151642	0.0122916	0.98434	-0.175852	-0.151861	0.175663	0.972667	-3.0525	3.92464	48.2983	
0.987653	0.0155249	0.155888	0.0128859	0.983655	-0.179604	-0.156128	0.179395	0.971309	-3.16776	4.05751	49.0258	
0.986961	0.0163167	0.160128	0.0134973	0.982955	-0.183353	-0.16039	0.183123	0.969918	-3.28622	4.19318	49.7523	
0.986251	0.0171249	0.164362	0.0141256	0.982239	-0.1871	-0.164647	0.186849	0.968493	-3.40786	4.33164	50.4777	
0.985523	0.0179493	0.16859	0.0147709	0.981509	-0.190845	-0.168898	0.190572	0.967035	-3.53269	4.47289	51.2021	
0.984776	0.0187901	0.172812	0.0154332	0.980764	-0.194586	-0.173144	0.194291	0.965542	-3.66069	4.61692	51.9253	
0.98401	0.0196472	0.177028	0.0161124	0.980004	-0.198325	-0.177384	0.198006	0.964017	-3.79188	4.76374	52.6474	
0.983225	0.0205206	0.181237	0.0168085	0.979229	-0.202061	-0.181619	0.201718	0.962458	-3.92623	4.91333	53.3684	
0.982422	0.0214102	0.185439	0.0175216	0.978439	-0.205793	-0.185847	0.205425	0.960865	-4.06375	5.0657	54.0882	
0.981601	0.022316	0.189635	0.0182516	0.977634	-0.209522	-0.190069	0.209128	0.959239	-4.20444	5.22085	54.8068	
0.980761	0.0232381	0.193824	0.0189984	0.976814	-0.213246	-0.194285	0.212826	0.957579	-4.34828	5.37876	55.5241	
0.979903	0.0241763	0.198005	0.019762	0.975979	-0.216966	-0.198494	0.216519	0.955887	-4.49528	5.53944	56.2402	
0.979026	0.0251307	0.202179	0.0205425	0.975129	-0.220682	-0.202697	0.220207	0.954161	-4.64542	5.70288	56.9551	
0.978131	0.0261013	0.206346	0.0213397	0.974265	-0.224393	-0.206893	0.223889	0.952402	-4.79871	5.86908	57.6686	
0.977217	0.027088	0.210505	0.0221537	0.973386	-0.228099	-0.211081	0.227566	0.950609	-4.95513	6.03804	58.3808	
0.976286	0.0280907	0.214656	0.0229844	0.972492	-0.2318	-0.215263	0.231237	0.948784	-5.11469	6.20974	59.0916	
0.975335	0.0291095	0.2188	0.0238318	0.971583	-0.235495	-0.219437	0.234901	0.946926	-5.27737	6.38419	59.8011	
0.974367	0.0301444	0.222935	0.0246957	0.97066	-0.239185	-0.223604	0.238559	0.945035	-5.44318	6.56138	60.5091	
0.973381	0.0311952	0.227062	0.0255763	0.969722	-0.242868	-0.227763	0.242211	0.943111	-5.6121	6.7413	61.2158	
0.972376	0.032262	0.23118	0.0264734	0.96877	-0.246546	-0.231915	0.245855	0.941154	-5.78413	6.92396	61.9209	
0.971353	0.0333447	0.23529	0.027387	0.967803	-0.250216	-0.236058	0.249492	0.939165	-5.95926	7.10934	62.6246	
0.970312	0.0344433	0.239392	0.028317	0.966821	-0.25388	-0.240193	0.253122	0.937143	-6.1375	7.29744	63.3268	
0.969253	0.0355578	0.243484	0.0292635	0.965825	-0.257538	-0.24432	0.256744	0.935088	-6.31882	7.48825	64.0275	
0.968176	0.0366881	0.247567	0.0302262	0.964815	-0.261188	-0.248439	0.260359	0.933001	-6.50324	7.68178	64.7266	
0.967081	0.0378341	0.251641	0.0312053	0.96379	-0.26483	-0.252549	0.263965	0.930882	-6.69073	7.878	65.4242	
0.965968	0.0389959	0.255706	0.0322006	0.962751	-0.268465	-0.25665	0.267562	0.928731	-6.88129	8.07692	66.1201	
0.964837	0.0401734	0.259761	0.0332121	0.961698	-0.272092	-0.260743	0.271152	0.926547	-7.07492	8.27853	66.8144	
0.963688	0.0413666	0.263807	0.0342396	0.960631	-0.275711	-0.264826	0.274732	0.924332	-7.27161	8.48283	67.5071	
0.962522	0.0425754	0.267843	0.0352833	0.959549	-0.279321	-0.2689	0.278303	0.922085	-7.47136	8.6898	68.1981	
0.961337	0.0437998	0.271868	0.0363429	0.958454	-0.282923	-0.272965	0.281865	0.919806	-7.67415	8.89943	68.8874	
0.960135	0.0450396	0.275884	0.0374184	0.957345	-0.286516	-0.277021	0.285417	0.917495	-7.87998	9.11174	69.575	
0.958915	0.046295	0.27989	0.0385098	0.956221	-0.2901	-0.281067	0.28896	0.915152	-8.08884	9.32669	70.2609	
0.954207	0.0510723	0.294754	0.041159	0.953533	-0.298464	-0.296301	0.296928	0.907766	-8.30492	9.54596	70.9431	
0.949252	0.0559787	0.309495	0.0439475	0.950772	-0.306759	-0.311431	0.304793	0.900062	-8.53236	9.77116	71.6197	
0.944051	0.0610126	0.324107	0.0468744	0.947939	-0.314982	-0.326452	0.312551	0.892043	-8.77109	10.0022	72.2904	
