1	0	0	0	1	0	0	0	1	0	0	0	
1	-4.21251e-07	-0.000432324	-4.21251e-07	0.999998	-0.00194877	0.000432324	0.00194877	0.999998	0.000166379	0.000749981	0.769696	
1	-1.68798e-06	-0.000865534	-1.68703e-06	0.999992	-0.00389932	0.000865534	0.00389932	0.999992	0.000665858	0.00300061	1.53939	
0.999999	-3.80437e-06	-0.00129962	-3.80055e-06	0.999983	-0.00585161	0.00129962	0.00585161	0.999982	0.00149911	0.00675324	2.30908	
0.999998	-6.77451e-06	-0.00173456	-6.76496e-06	0.99997	-0.00780557	0.00173456	0.00780557	0.999968	0.00266681	0.0120092	3.07876	
0.999998	-1.06024e-05	-0.00217036	-1.05833e-05	0.999952	-0.00976116	0.00217036	0.00976116	0.99995	0.00416962	0.0187697	3.84842	
0.999997	-1.52921e-05	-0.002607	-1.52586e-05	0.999931	-0.0117183	0.002607	0.0117183	0.999928	0.00600818	0.0270361	4.61807	
0.999995	-2.08474e-05	-0.00304447	-2.07938e-05	0.999906	-0.013677	0.00304447	0.013677	0.999902	0.00818314	0.0368094	5.3877	
0.999994	-2.72721e-05	-0.00348276	-2.71916e-05	0.999878	-0.0156371	0.00348276	0.0156371	0.999872	0.0106951	0.0480909	6.15731	
0.999992	-3.457e-05	-0.00392185	-3.44549e-05	0.999845	-0.0175987	0.00392185	0.0175987	0.999837	0.0135448	0.0608816	6.9269	
0.99999	-4.27447e-05	-0.00436174	-4.25863e-05	0.999809	-0.0195616	0.00436174	0.0195616	0.999799	0.0167327	0.0751827	7.69646	
0.999988	-5.17998e-05	-0.00480241	-5.15884e-05	0.999768	-0.0215258	0.00480242	0.0215257	0.999757	0.0202595	0.0909951	8.46598	
0.999986	-6.17387e-05	-0.00524386	-6.14637e-05	0.999724	-0.0234912	0.00524386	0.0234912	0.99971	0.0241258	0.10832	9.23547	
0.999984	-7.25649e-05	-0.00568607	-7.22147e-05	0.999676	-0.0254578	0.00568607	0.0254578	0.99966	0.0283322	0.127158	10.0049	
0.999981	-8.42818e-05	-0.00612903	-8.38437e-05	0.999624	-0.0274256	0.00612903	0.0274256	0.999605	0.0328792	0.14751	10.7743	
0.999978	-9.68926e-05	-0.00657273	-9.6353e-05	0.999568	-0.0293945	0.00657273	0.0293945	0.999546	0.0377675	0.169377	11.5437	
0.999975	-0.000110401	-0.00701715	-0.000109745	0.999508	-0.0313643	0.00701716	0.0313643	0.999483	0.0429975	0.19276	12.313	
0.999972	-0.000124809	-0.00746229	-0.000124021	0.999444	-0.0333352	0.0074623	0.0333352	0.999416	0.0485699	0.217659	13.0823	
0.999969	-0.00014012	-0.00790813	-0.000139184	0.999377	-0.035307	0.00790815	0.035307	0.999345	0.0544852	0.244076	13.8515	
0.999965	-0.000156337	-0.00835467	-0.000155236	0.999305	-0.0372797	0.00835469	0.0372797	0.99927	0.060744	0.272011	14.6207	
0.999961	-0.000173464	-0.00880188	-0.000172178	0.999229	-0.0392531	0.00880191	0.0392531	0.999191	0.0673467	0.301465	15.3898	
0.999957	-0.000191502	-0.00924976	-0.000190012	0.99915	-0.0412274	0.00924979	0.0412273	0.999107	0.0742938	0.332438	16.1588	
0.999953	-0.000210455	-0.0096983	-0.00020874	0.999066	-0.0432023	0.00969834	0.0432023	0.999019	0.081586	0.36493	16.9278	
0.999948	-0.000230325	-0.0101475	-0.000228364	0.998979	-0.0451779	0.0101475	0.0451779	0.998927	0.0892236	0.398943	17.6967	
0.999944	-0.000251114	-0.0105973	-0.000248885	0.998888	-0.0471541	0.0105974	0.0471541	0.998831	0.0972073	0.434477	18.4656	
0.999939	-0.000272826	-0.0110477	-0.000270305	0.998792	-0.0491308	0.0110478	0.0491308	0.998731	0.105537	0.471532	19.2343	
0.999934	-0.000295462	-0.0114988	-0.000292624	0.998693	-0.051108	0.0114989	0.051108	0.998627	0.114214	0.510109	20.003	
0.999929	-0.000319025	-0.0119504	-0.000315845	0.99859	-0.0530857	0.0119505	0.0530857	0.998518	0.123239	0.550208	20.7716	
0.999923	-0.000343517	-0.0124027	-0.000339968	0.998483	-0.0550637	0.0124028	0.0550637	0.998406	0.132611	0.591829	21.5401	
0.999917	-0.000368939	-0.0128555	-0.000364994	0.998372	-0.0570421	0.0128556	0.0570421	0.998289	0.142332	0.634973	22.3085	
0.999911	-0.000395295	-0.0133088	-0.000390925	0.998257	-0.0590207	0.013309	0.0590207	0.998168	0.152401	0.679639	23.0769	
0.999905	-0.000422586	-0.0137627	-0.000417762	0.998138	-0.0609996	0.0137629	0.0609996	0.998043	0.16282	0.725829	23.8451	
0.999899	-0.000450814	-0.0142172	-0.000445505	0.998015	-0.0629787	0.0142173	0.0629786	0.997914	0.173588	0.773542	24.6133	
0.999892	-0.00047998	-0.0146721	-0.000474155	0.997888	-0.0649578	0.0146723	0.0649578	0.99778	0.184706	0.822778	25.3813	
0.999885	-0.000510087	-0.0151276	-0.000503713	0.997757	-0.066937	0.0151278	0.066937	0.997643	0.196175	0.873537	26.1492	
0.999878	-0.000541136	-0.0155836	-0.000534179	0.997622	-0.0689162	0.0155838	0.0689162	0.997501	0.207994	0.92582	26.9171	
0.999871	-0.000573128	-0.0160401	-0.000565555	0.997484	-0.0708954	0.0160403	0.0708953	0.997355	0.220165	0.979626	27.6848	
0.999864	-0.000606064	-0.016497	-0.00059784	0.997341	-0.0728744	0.0164973	0.0728744	0.997205	0.232687	1.03496	28.4524	
0.999856	-0.000639947	-0.0169544	-0.000631034	0.997194	-0.0748533	0.0169548	0.0748533	0.99705	0.245561	1.09181	29.2199	
0.999848	-0.000674778	-0.0174123	-0.000665139	0.997044	-0.076832	0.0174126	0.076832	0.996892	0.258787	1.15018	29.9872	
0.99984	-0.000710557	-0.0178706	-0.000700154	0.996889	-0.0788105	0.017871	0.0788104	0.996729	0.272366	1.21008	30.7545	
0.999832	-0.000747285	-0.0183293	-0.000736079	0.996731	-0.0807886	0.0183297	0.0807885	0.996563	0.286298	1.2715	31.5216	
0.999823	-0.000784964	-0.0187884	-0.000772914	0.996569	-0.0827663	0.0187889	0.0827662	0.996392	0.300583	1.33445	32.2886	
0.999814	-0.000823594	-0.0192479	-0.00081066	0.996402	-0.0847437	0.0192485	0.0847435	0.996217	0.315221	1.39891	33.0554	
0.999805	-0.000863177	-0.0197079	-0.000849315	0.996232	-0.0867205	0.0197085	0.0867204	0.996038	0.330214	1.4649	33.8221	
0.999796	-0.000903713	-0.0201681	-0.000888881	0.996058	-0.0886968	0.0201688	0.0886967	0.995854	0.34556	1.53241	34.5887	
0.999787	-0.000945202	-0.0206288	-0.000929356	0.99588	-0.0906725	0.0206295	0.0906724	0.995667	0.361262	1.60144	35.3552	
0.999777	-0.000987645	-0.0210898	-0.000970739	0.995698	-0.0926476	0.0210906	0.0926475	0.995476	0.377318	1.67199	36.1214	
0.999767	-0.00103104	-0.0215511	-0.00101303	0.995513	-0.094622	0.021552	0.0946218	0.99528	0.393728	1.74406	36.8876	
0.999757	-0.00107539	-0.0220128	-0.00105623	0.995323	-0.0965957	0.0220137	0.0965955	0.99508	0.410495	1.81765	37.6536	
0.999747	-0.0011207	-0.0224748	-0.00110034	0.99513	-0.0985685	0.0224758	0.0985683	0.994876	0.427616	1.89276	38.4194	
0.999736	-0.00116696	-0.022937	-0.00114535	0.994932	-0.100541	0.0229381	0.10054	0.994669	0.445094	1.96939	39.1851	
0.999725	-0.00121418	-0.0233996	-0.00119127	0.994731	-0.102512	0.0234008	0.102511	0.994457	0.462927	2.04753	39.9506	
0.999714	-0.00126236	-0.0238624	-0.00123809	0.994526	-0.104482	0.0238637	0.104482	0.99424	0.481117	2.12719	40.7159	
0.999681	-0.00140337	-0.0252088	-0.00122077	0.9946	-0.10378	0.0252183	0.103778	0.994281	0.500006	2.20734	41.4812	
0.999646	-0.00154375	-0.0265584	-0.0012025	0.994672	-0.103079	0.026576	0.103074	0.994319	0.519939	2.28695	42.2465	
0.999609	-0.00168349	-0.0279111	-0.00118328	0.994745	-0.102377	0.0279368	0.10237	0.994354	0.540918	2.36601	43.0119	
0.99957	-0.00182258	-0.0292668	-0.00116312	0.994817	-0.101677	0.0293004	0.101667	0.994387	0.562946	2.44454	43.7772	
0.999529	-0.00196101	-0.0306254	-0.001142	0.994888	-0.100976	0.0306669	0.100964	0.994417	0.586024	2.52252	44.5426	
0.999486	-0.00209876	-0.0319869	-0.00111993	0.994959	-0.100276	0.0320361	0.100261	0.994445	0.610155	2.59996	45.308	
0.999441	-0.00223582	-0.0333512	-0.0010969	0.995029	-0.0995766	0.033408	0.0995575	0.994471	0.635342	2.67686	46.0735	
0.999394	-0.00237218	-0.0347181	-0.00107293	0.995099	-0.0988772	0.0347825	0.0988546	0.994494	0.661585	2.75322	46.8389	
0.999345	-0.00250783	-0.0360877	-0.00104799	0.995168	-0.0981781	0.0361595	0.0981517	0.994514	0.688887	2.82903	47.6044	
0.999295	-0.00264275	-0.0374597	-0.0010221	0.995237	-0.0974793	0.0375389	0.0974489	0.994532	0.717249	2.90431	48.3699	
0.999242	-0.00277695	-0.0388342	-0.000995252	0.995305	-0.0967809	0.0389206	0.0967461	0.994548	0.746675	2.97905	49.1353	
0.999187	-0.00291039	-0.040211	-0.000967443	0.995373	-0.0960827	0.0403046	0.0960434	0.994561	0.777164	3.05324	49.9009	
0.99913	-0.00304308	-0.0415901	-0.000938673	0.99544	-0.0953847	0.0416907	0.0953408	0.994571	0.80872	3.12689	50.6664	
0.999071	-0.00317501	-0.0429714	-0.000908941	0.995507	-0.094687	0.043079	0.0946382	0.994579	0.841344	3.20001	51.4319	
0.99901	-0.00330615	-0.0443548	-0.000878245	0.995573	-0.0939896	0.0444692	0.0939355	0.994585	0.875036	3.27258	52.1974	
0.998947	-0.00343651	-0.0457402	-0.000846584	0.995638	-0.0932924	0.0458613	0.0932329	0.994588	0.9098	3.34461	52.9629	
0.998883	-0.00356607	-0.0471275	-0.000813957	0.995703	-0.0925954	0.0472552	0.0925303	0.994588	0.945636	3.4161	53.7285	
0.998816	-0.00369481	-0.0485167	-0.000780363	0.995768	-0.0918986	0.0486509	0.0918277	0.994586	0.982545	3.48705	54.494	
0.998747	-0.00382275	-0.0499076	-0.0007458	0.995832	-0.0912021	0.0500482	0.091125	0.994581	1.02053	3.55746	55.2595	
0.998675	-0.00394985	-0.0513002	-0.000710267	0.995896	-0.0905057	0.0514472	0.0904222	0.994574	1.05959	3.62733	56.0251	
0.998602	-0.00407611	-0.0526944	-0.000673763	0.995959	-0.0898095	0.0528476	0.0897194	0.994564	1.09973	3.69666	56.7906	
0.998527	-0.00420152	-0.0540901	-0.000636286	0.996021	-0.0891134	0.0542494	0.0890166	0.994552	1.14094	3.76544	57.5561	
0.99845	-0.00432608	-0.0554873	-0.000597834	0.996083	-0.0884175	0.0556525	0.0883136	0.994537	1.18324	3.83369	58.3216	
0.998371	-0.00444977	-0.0568858	-0.000558408	0.996145	-0.0877217	0.0570568	0.0876105	0.994519	1.22661	3.90139	59.0871	
0.998289	-0.00457259	-0.0582855	-0.000518004	0.996206	-0.087026	0.0584623	0.0869073	0.9945	1.27107	3.96856	59.8525	
0.998206	-0.00469452	-0.0596864	-0.000476623	0.996266	-0.0863305	0.0598689	0.086204	0.994477	1.31661	4.03518	60.618	
0.998121	-0.00481555	-0.0610884	-0.000434262	0.996326	-0.085635	0.0612764	0.0855006	0.994452	1.36323	4.10126	61.3834	
0.998033	-0.00493568	-0.0624915	-0.00039092	0.996386	-0.0849396	0.0626848	0.084797	0.994424	1.41094	4.1668	62.1488	
0.997944	-0.00505491	-0.0638954	-0.000346595	0.996445	-0.0842443	0.0640941	0.0840932	0.994394	1.45973	4.23179	62.9142	
0.997852	-0.00517321	-0.0653002	-0.000301287	0.996504	-0.083549	0.0655041	0.0833892	0.994362	1.50961	4.29625	63.6796	
0.997759	-0.00529058	-0.0667057	-0.000254994	0.996562	-0.0828537	0.0669147	0.082685	0.994327	1.56057	4.36016	64.445	
0.997663	-0.00540702	-0.0681119	-0.000207714	0.996619	-0.0821585	0.0683258	0.0819807	0.994289	1.61262	4.42353	65.2103	
0.997565	-0.00552252	-0.0695186	-0.000159446	0.996676	-0.0814633	0.0697375	0.0812761	0.994249	1.66575	4.48636	65.9756	
0.997466	-0.00563706	-0.0709259	-0.000110189	0.996733	-0.0807681	0.0711495	0.0805712	0.994206	1.71997	4.54865	66.7408	
0.997364	-0.00575064	-0.0723336	-5.994e-05	0.996789	-0.0800729	0.0725618	0.0798661	0.994161	1.77528	4.61039	67.506	
0.99726	-0.00586326	-0.0737416	-8.69896e-06	0.996845	-0.0793776	0.0739744	0.0791608	0.994113	1.83167	4.67159	68.2712	
0.997154	-0.0059749	-0.0751499	4.35362e-05	0.9969	-0.0786823	0.075387	0.0784551	0.994063	1.88915	4.73225	69.0364	
0.997047	-0.00608556	-0.0765583	9.67668e-05	0.996954	-0.0779869	0.0767998	0.0777492	0.99401	1.94772	4.79237	69.8015	
0.996937	-0.00619524	-0.0779668	0.000150994	0.997009	-0.0772915	0.0782124	0.0770429	0.993955	2.00738	4.85194	70.5665	
0.996825	-0.00630391	-0.0793753	0.000206221	0.997062	-0.0765959	0.079625	0.0763364	0.993898	2.06812	4.91097	71.3316	
0.996294	-0.00673517	-0.0857498	0.00170871	0.998283	-0.0585568	0.0859969	0.0581932	0.994594	2.13186	4.96274	72.0969	
0.995722	-0.00705003	-0.0921275	0.00332651	0.999174	-0.0405083	0.0923369	0.0400286	0.994923	2.2005	5.00054	72.8625	
0.99511	-0.00724839	-0.0985061	0.00505904	0.999735	-0.0224572	0.0986428	0.0218491	0.994883	2.274	5.02436	73.6283	
0.994458	-0.00733017	-0.104883	0.00690564	0.999966	-0.00441019	0.104912	0.00366146	0.994475	2.35234	5.03418	74.394	
0.993765	-0.00729534	-0.111257	0.00886564	0.999868	0.0136261	0.111143	-0.0145275	0.993698	2.43549	5.02999	75.1591	
0.993033	-0.00714391	-0.117624	0.0109383	0.999439	0.0316449	0.117332	-0.032711	0.992554	2.52342	5.01181	75.9236	
