1	0	0	0	1	0	0	0	1	0	0	0	
0.999997	2.04334e-06	-0.00233832	2.04334e-06	0.999998	0.0017477	0.00233832	-0.0017477	0.999996	0.000924701	-0.000691135	0.790908	
0.999989	8.19127e-06	-0.00468153	8.19278e-06	0.999994	0.00349969	0.00468153	-0.00349969	0.999983	0.00370074	-0.00276624	1.58181	
0.999975	1.84708e-05	-0.00702956	1.84768e-05	0.999986	0.00525593	0.00702956	-0.00525593	0.999961	0.00833194	-0.00622869	2.3727	
0.999956	3.29085e-05	-0.00938233	3.29236e-05	0.999975	0.00701636	0.00938233	-0.00701636	0.999931	0.0148221	-0.0110818	3.16356	
0.999931	5.15307e-05	-0.0117398	5.1561e-05	0.999961	0.00878094	0.0117398	-0.00878094	0.999893	0.0231749	-0.0173289	3.9544	
0.999901	7.43635e-05	-0.0141018	7.44166e-05	0.999944	0.0105496	0.0141018	-0.0105496	0.999845	0.0333941	-0.0249733	4.74521	
0.999864	0.000101433	-0.0164684	0.000101518	0.999924	0.0123223	0.0164684	-0.0123223	0.999788	0.0454832	-0.0340181	5.53597	
0.999823	0.000132763	-0.0188394	0.000132891	0.999901	0.014099	0.0188394	-0.014099	0.999723	0.0594459	-0.0444666	6.32669	
0.999775	0.00016838	-0.0212148	0.000168563	0.999874	0.0158797	0.0212148	-0.0158797	0.999649	0.0752855	-0.0563218	7.11735	
0.999722	0.000208308	-0.0235945	0.000208561	0.999844	0.0176642	0.0235945	-0.0176642	0.999566	0.0930056	-0.0695869	7.90795	
0.999662	0.000252572	-0.0259785	0.000252909	0.999811	0.0194525	0.0259785	-0.0194526	0.999473	0.11261	-0.0842649	8.69848	
0.999598	0.000301195	-0.0283666	0.000301635	0.999774	0.0212447	0.0283666	-0.0212447	0.999372	0.134101	-0.100359	9.48893	
0.999527	0.000354202	-0.0307589	0.000354762	0.999734	0.0230406	0.0307589	-0.0230406	0.999261	0.157482	-0.117872	10.2793	
0.99945	0.000411615	-0.0331551	0.000412316	0.999691	0.0248401	0.0331551	-0.0248401	0.999141	0.182757	-0.136806	11.0696	
0.999368	0.000473457	-0.0355553	0.000474322	0.999645	0.0266433	0.0355553	-0.0266433	0.999012	0.209929	-0.157166	11.8598	
0.999279	0.000539751	-0.0379594	0.000540804	0.999595	0.0284501	0.0379594	-0.0284501	0.998874	0.239001	-0.178953	12.6498	
0.999185	0.00061052	-0.0403673	0.000611786	0.999542	0.0302603	0.0403672	-0.0302604	0.998727	0.269975	-0.20217	13.4398	
0.999084	0.000685785	-0.0427789	0.000687291	0.999485	0.0320741	0.0427788	-0.0320741	0.99857	0.302856	-0.22682	14.2296	
0.998978	0.000765568	-0.0451941	0.000767343	0.999425	0.0338913	0.0451941	-0.0338913	0.998403	0.337645	-0.252907	15.0193	
0.998865	0.00084989	-0.047613	0.000851964	0.999362	0.0357118	0.047613	-0.0357118	0.998227	0.374346	-0.280432	15.8089	
0.998747	0.000938772	-0.0500354	0.000941178	0.999295	0.0375356	0.0500353	-0.0375357	0.998042	0.412962	-0.309398	16.5984	
0.998622	0.00103223	-0.0524612	0.00103501	0.999224	0.0393627	0.0524611	-0.0393628	0.997847	0.453494	-0.339808	17.3876	
0.998492	0.0011303	-0.0548904	0.00113347	0.999151	0.0411931	0.0548903	-0.0411931	0.997642	0.495947	-0.371664	18.1768	
0.998355	0.00123298	-0.0573228	0.0012366	0.999073	0.0430265	0.0573228	-0.0430266	0.997428	0.540322	-0.404969	18.9657	
0.998212	0.00134031	-0.0597585	0.0013444	0.998992	0.0448631	0.0597584	-0.0448632	0.997204	0.586623	-0.439725	19.7545	
0.998063	0.00145229	-0.0621974	0.0014569	0.998908	0.0467027	0.0621973	-0.0467029	0.996971	0.634851	-0.475936	20.5431	
0.997907	0.00156895	-0.0646393	0.00157413	0.99882	0.0485453	0.0646392	-0.0485455	0.996727	0.685009	-0.513602	21.3315	
0.997746	0.00169031	-0.0670842	0.00169609	0.998728	0.0503909	0.0670841	-0.0503911	0.996474	0.737099	-0.552727	22.1198	
0.997578	0.00181639	-0.0695321	0.00182282	0.998633	0.0522393	0.0695319	-0.0522396	0.996211	0.791125	-0.593313	22.9078	
0.997404	0.00194719	-0.0719828	0.00195433	0.998534	0.0540906	0.0719826	-0.0540909	0.995938	0.847087	-0.635362	23.6956	
0.997224	0.00208275	-0.0744363	0.00209064	0.998432	0.0559447	0.0744361	-0.055945	0.995655	0.904989	-0.678876	24.4832	
0.997037	0.00222308	-0.0768926	0.00223177	0.998326	0.0578015	0.0768923	-0.0578018	0.995363	0.964833	-0.723858	25.2705	
0.996844	0.00236818	-0.0793514	0.00237773	0.998216	0.059661	0.0793512	-0.0596614	0.99506	1.02662	-0.770309	26.0576	
0.996645	0.00251809	-0.0818129	0.00252855	0.998102	0.0615231	0.0818126	-0.0615235	0.994747	1.09035	-0.818232	26.8445	
0.996439	0.00267282	-0.0842768	0.00268425	0.997985	0.0633878	0.0842765	-0.0633882	0.994424	1.15603	-0.867629	27.6312	
0.996227	0.00283237	-0.0867432	0.00284483	0.997865	0.065255	0.0867428	-0.0652555	0.994091	1.22366	-0.918502	28.4175	
0.996008	0.00299678	-0.0892119	0.00301032	0.99774	0.0671246	0.0892114	-0.0671252	0.993748	1.29325	-0.970853	29.2036	
0.995783	0.00316605	-0.0916829	0.00318074	0.997612	0.0689967	0.0916824	-0.0689974	0.993395	1.36478	-1.02468	29.9894	
0.995552	0.00334019	-0.0941561	0.0033561	0.99748	0.0708711	0.0941555	-0.0708719	0.993032	1.43827	-1.07999	30.775	
0.995314	0.00351922	-0.0966314	0.00353642	0.997344	0.0727478	0.0966308	-0.0727487	0.992658	1.51372	-1.13679	31.5602	
0.99507	0.00370316	-0.0991088	0.00372171	0.997205	0.0746268	0.0991081	-0.0746277	0.992274	1.59113	-1.19507	32.3452	
0.994819	0.00389202	-0.101588	0.00391199	0.997061	0.076508	0.101587	-0.076509	0.99188	1.67049	-1.25484	33.1298	
0.994562	0.00408581	-0.104069	0.00410727	0.996914	0.0783913	0.104069	-0.0783924	0.991476	1.75182	-1.3161	33.9142	
0.994298	0.00428455	-0.106553	0.00430757	0.996763	0.0802767	0.106552	-0.0802779	0.991061	1.83511	-1.37884	34.6982	
0.994028	0.00448824	-0.109038	0.00451291	0.996609	0.0821641	0.109037	-0.0821655	0.990636	1.92037	-1.44308	35.4818	
0.993751	0.00469691	-0.111524	0.00472329	0.99645	0.0840536	0.111523	-0.0840551	0.990201	2.00759	-1.50881	36.2652	
0.993467	0.00491055	-0.114012	0.00493873	0.996288	0.0859449	0.114011	-0.0859465	0.989755	2.09678	-1.57604	37.0482	
0.993177	0.00512919	-0.116502	0.00515924	0.996121	0.0878382	0.116501	-0.0878399	0.989299	2.18793	-1.64477	37.8308	
0.992881	0.00535283	-0.118993	0.00538485	0.995951	0.0897332	0.118992	-0.0897351	0.988832	2.28106	-1.71499	38.613	
0.992577	0.00558148	-0.121486	0.00561555	0.995777	0.09163	0.121485	-0.0916321	0.988355	2.37616	-1.78671	39.3949	
0.992268	0.00581516	-0.12398	0.00585136	0.995599	0.0935285	0.123978	-0.0935308	0.987867	2.47323	-1.85994	40.1764	
0.991951	0.00605388	-0.126475	0.0060923	0.995418	0.0954287	0.126474	-0.0954312	0.987369	2.57227	-1.93466	40.9576	
0.991628	0.00629763	-0.128972	0.00633837	0.995232	0.0973305	0.12897	-0.0973332	0.98686	2.67329	-2.01089	41.7383	
0.991299	0.00654645	-0.13147	0.00658959	0.995042	0.0992339	0.131467	-0.0992367	0.986341	2.77628	-2.08863	42.5186	
0.990738	0.0069717	-0.135605	0.00716622	0.994605	0.103491	0.135595	-0.103504	0.985343	2.88189	-2.1688	43.2983	
0.99016	0.00741531	-0.139741	0.00776081	0.994148	0.107745	0.139722	-0.107769	0.984309	2.99076	-2.25235	44.0772	
0.989564	0.00787728	-0.143876	0.00837338	0.993673	0.111995	0.143848	-0.112031	0.983238	3.1029	-2.33927	44.8553	
0.98895	0.00835764	-0.148011	0.0090039	0.99318	0.116242	0.147973	-0.11629	0.982131	3.21831	-2.42956	45.6325	
0.988318	0.00885637	-0.152145	0.00965239	0.992668	0.120484	0.152097	-0.120545	0.980987	3.33697	-2.52322	46.4088	
0.987669	0.0093735	-0.156278	0.0103188	0.992138	0.124723	0.156218	-0.124797	0.979807	3.45889	-2.62024	47.1842	
0.987001	0.00990901	-0.16041	0.0110032	0.991589	0.128957	0.160338	-0.129045	0.97859	3.58408	-2.72063	47.9587	
0.986315	0.0104629	-0.164539	0.0117056	0.991022	0.133186	0.164456	-0.13329	0.977337	3.71252	-2.82437	48.7322	
0.985611	0.0110352	-0.168667	0.0124259	0.990436	0.137411	0.16857	-0.13753	0.976048	3.84422	-2.93146	49.5047	
0.98489	0.0116259	-0.172793	0.0131641	0.989832	0.141631	0.172682	-0.141766	0.974722	3.97917	-3.04191	50.2761	
0.98415	0.0122349	-0.176916	0.0139203	0.989209	0.145846	0.176791	-0.145997	0.97336	4.11737	-3.15571	51.0465	
0.983392	0.0128623	-0.181036	0.0146943	0.988568	0.150056	0.180896	-0.150224	0.971962	4.25882	-3.27285	51.8158	
0.982617	0.013508	-0.185153	0.0154862	0.987909	0.15426	0.184998	-0.154446	0.970527	4.40351	-3.39334	52.5839	
0.981823	0.0141721	-0.189267	0.0162961	0.987231	0.158459	0.189096	-0.158663	0.969056	4.55145	-3.51716	53.351	
0.981012	0.0148545	-0.193377	0.0171238	0.986535	0.162652	0.193189	-0.162875	0.967548	4.70263	-3.64431	54.1168	
0.980183	0.0155552	-0.197483	0.0179693	0.98582	0.166839	0.197278	-0.167081	0.966005	4.85704	-3.7748	54.8814	
0.979336	0.0162741	-0.201584	0.0188326	0.985088	0.17102	0.201361	-0.171282	0.964425	5.01468	-3.9086	55.6448	
0.978471	0.0170113	-0.205682	0.0197138	0.984337	0.175194	0.20544	-0.175477	0.962809	5.17556	-4.04573	56.407	
0.977588	0.0177668	-0.209774	0.0206127	0.983567	0.179362	0.209514	-0.179666	0.961158	5.33965	-4.18617	57.1678	
0.976688	0.0185404	-0.213861	0.0215294	0.98278	0.183523	0.213581	-0.183849	0.95947	5.50697	-4.32993	57.9273	
0.97577	0.0193322	-0.217944	0.0224638	0.981974	0.187678	0.217643	-0.188026	0.957746	5.6775	-4.47699	58.6855	
0.974834	0.0201421	-0.22202	0.0234159	0.98115	0.191825	0.221699	-0.192196	0.955987	5.85124	-4.62735	59.4423	
0.973881	0.0209701	-0.22609	0.0243857	0.980308	0.195965	0.225748	-0.19636	0.954191	6.02818	-4.78101	60.1977	
0.972909	0.0218161	-0.230155	0.0253731	0.979447	0.200098	0.22979	-0.200517	0.95236	6.20833	-4.93795	60.9517	
0.971921	0.0226802	-0.234213	0.0263781	0.978569	0.204223	0.233825	-0.204666	0.950493	6.39167	-5.09819	61.7041	
0.970915	0.0235622	-0.238264	0.0274007	0.977673	0.20834	0.237853	-0.208809	0.948591	6.57819	-5.2617	62.4551	
0.969891	0.0244622	-0.242308	0.0284408	0.976758	0.212449	0.241873	-0.212944	0.946653	6.76791	-5.42848	63.2046	
0.96885	0.02538	-0.246345	0.0294985	0.975826	0.21655	0.245886	-0.217071	0.94468	6.96079	-5.59853	63.9526	
0.967791	0.0263157	-0.250374	0.0305736	0.974875	0.220643	0.24989	-0.221191	0.942671	7.15685	-5.77185	64.6989	
0.966716	0.0272691	-0.254396	0.0316661	0.973907	0.224727	0.253886	-0.225303	0.940628	7.35607	-5.94842	65.4437	
0.965623	0.0282403	-0.25841	0.032776	0.972921	0.228803	0.257873	-0.229407	0.938549	7.55845	-6.12823	66.1868	
0.964512	0.0292291	-0.262415	0.0339033	0.971917	0.23287	0.261852	-0.233502	0.936435	7.76398	-6.31129	66.9283	
0.963385	0.0302356	-0.266411	0.0350478	0.970895	0.236927	0.265821	-0.237589	0.934286	7.97265	-6.49759	67.6681	
0.962241	0.0312596	-0.270399	0.0362096	0.969855	0.240976	0.269781	-0.241668	0.932102	8.18446	-6.68711	68.4062	
0.961079	0.032301	-0.274378	0.0373887	0.968798	0.245015	0.273731	-0.245737	0.929884	8.39939	-6.87986	69.1425	
0.959901	0.0333599	-0.278347	0.0385848	0.967723	0.249045	0.277671	-0.249798	0.927631	8.61745	-7.07582	69.8771	
0.958706	0.0344362	-0.282307	0.0397981	0.966631	0.253064	0.281601	-0.25385	0.925344	8.83861	-7.27499	70.6098	
0.955396	0.0374531	-0.292944	0.0444025	0.962434	0.267861	0.291971	-0.26892	0.917842	9.06544	-7.48173	71.3388	
0.951967	0.0406434	-0.303492	0.0491724	0.957996	0.282533	0.302228	-0.283886	0.909982	9.30043	-7.70035	72.0616	
0.94842	0.0440058	-0.313948	0.0541061	0.953319	0.297077	0.312366	-0.29874	0.901766	9.54348	-7.93076	72.7781	
0.944757	0.047539	-0.324307	0.0592015	0.948405	0.311486	0.322382	-0.313478	0.893197	9.7945	-8.17287	73.4879	
0.940978	0.0512416	-0.334565	0.0644568	0.943254	0.325755	0.332272	-0.328094	0.884279	10.0534	-8.42659	74.1909	
0.937087	0.0551121	-0.344718	0.0698698	0.937871	0.339878	0.342032	-0.34258	0.875016	10.3201	-8.69182	74.8866	
0.933084	0.0591491	-0.354762	0.0754384	0.932255	0.353849	0.351659	-0.356934	0.86541	10.5944	-8.96846	75.5749	
0.92897	0.0633509	-0.364694	0.0811604	0.926411	0.367663	0.361148	-0.371147	0.855466	10.8763	-9.25639	76.2554	
