1	0	0	0	1	0	0	0	1	0	0	0	
0.999999	2.20889e-06	-0.00118461	2.20889e-06	0.999993	0.00372931	0.00118461	-0.00372931	0.999992	0.000437048	-0.00137589	0.737877	
0.999997	8.84061e-06	-0.00236995	8.83945e-06	0.999972	0.00745998	0.00236995	-0.00745998	0.999969	0.00174847	-0.00550407	1.47574	
0.999994	1.99023e-05	-0.00355602	1.98977e-05	0.999937	0.0111919	0.00355602	-0.0111919	0.999931	0.00393479	-0.0123855	2.21359	
0.999989	3.54011e-05	-0.00474277	3.53895e-05	0.999889	0.0149251	0.00474277	-0.0149251	0.999877	0.00699655	-0.0220211	2.95139	
0.999982	5.53438e-05	-0.0059302	5.53206e-05	0.999826	0.0186594	0.0059302	-0.0186594	0.999808	0.0109342	-0.0344117	3.68916	
0.999975	7.97372e-05	-0.00711828	7.96965e-05	0.999749	0.0223947	0.00711828	-0.0223947	0.999724	0.0157483	-0.0495582	4.42687	
0.999965	0.000108588	-0.00830698	0.000108523	0.999659	0.026131	0.00830698	-0.026131	0.999624	0.0214393	-0.0674613	5.1645	
0.999955	0.000141902	-0.00949628	0.000141805	0.999554	0.0298683	0.00949628	-0.0298683	0.999509	0.0280077	-0.0881216	5.90206	
0.999943	0.000179687	-0.0106862	0.000179547	0.999435	0.0336063	0.0106862	-0.0336063	0.999378	0.0354538	-0.11154	6.63953	
0.999929	0.000221948	-0.0118766	0.000221756	0.999302	0.0373451	0.0118766	-0.0373451	0.999232	0.0437781	-0.137717	7.3769	
0.999915	0.000268691	-0.0130675	0.000268435	0.999156	0.0410847	0.0130676	-0.0410847	0.99907	0.0529809	-0.166653	8.11415	
0.999898	0.000319922	-0.014259	0.000319589	0.998995	0.0448248	0.014259	-0.0448248	0.998893	0.0630628	-0.198348	8.85128	
0.999881	0.000375647	-0.015451	0.000375224	0.99882	0.0485655	0.015451	-0.0485654	0.9987	0.074024	-0.232803	9.58827	
0.999861	0.000435872	-0.0166434	0.000435343	0.998631	0.0523066	0.0166434	-0.0523066	0.998492	0.0858649	-0.270019	10.3251	
0.999841	0.000500602	-0.0178362	0.00049995	0.998428	0.0560481	0.0178362	-0.0560481	0.998269	0.0985858	-0.309996	11.0618	
0.999819	0.000569842	-0.0190295	0.000569051	0.998211	0.0597899	0.0190295	-0.0597899	0.99803	0.112187	-0.352733	11.7983	
0.999795	0.000643599	-0.0202231	0.000642649	0.99798	0.063532	0.0202232	-0.063532	0.997775	0.126669	-0.398231	12.5346	
0.99977	0.000721875	-0.0214171	0.000720747	0.997734	0.0672742	0.0214172	-0.0672742	0.997505	0.142032	-0.446491	13.2708	
0.999744	0.000804678	-0.0226115	0.00080335	0.997475	0.0710166	0.0226115	-0.0710166	0.997219	0.158276	-0.497512	14.0067	
0.999716	0.000892011	-0.0238062	0.000890461	0.997201	0.0747589	0.0238062	-0.0747589	0.996917	0.175401	-0.551294	14.7424	
0.999687	0.000983879	-0.0250011	0.000982084	0.996914	0.0785012	0.0250012	-0.0785012	0.9966	0.193408	-0.607838	15.4779	
0.999656	0.00108029	-0.0261964	0.00107822	0.996612	0.0822434	0.0261964	-0.0822434	0.996268	0.212297	-0.667143	16.2132	
0.999624	0.00118124	-0.0273918	0.00117888	0.996296	0.0859854	0.0273919	-0.0859853	0.99592	0.232068	-0.729209	16.9482	
0.99959	0.00128674	-0.0285875	0.00128406	0.995966	0.089727	0.0285877	-0.089727	0.995556	0.252721	-0.794037	17.6829	
0.999555	0.00139679	-0.0297835	0.00139376	0.995621	0.0934684	0.0297836	-0.0934683	0.995177	0.274256	-0.861625	18.4174	
0.999519	0.0015114	-0.0309795	0.00150799	0.995263	0.0972093	0.0309797	-0.0972092	0.994782	0.296674	-0.931973	19.1515	
0.999481	0.00163057	-0.0321758	0.00162674	0.99489	0.10095	0.032176	-0.10095	0.994371	0.319975	-1.00508	19.8854	
0.999441	0.0017543	-0.0333721	0.00175003	0.994503	0.10469	0.0333724	-0.104689	0.993945	0.344158	-1.08095	20.619	
0.999401	0.0018826	-0.0345686	0.00187786	0.994102	0.108429	0.0345689	-0.108429	0.993503	0.369225	-1.15958	21.3522	
0.999358	0.00201547	-0.0357652	0.00201022	0.993687	0.112167	0.0357655	-0.112167	0.993045	0.395174	-1.24096	22.0852	
0.999314	0.00215292	-0.0369618	0.00214712	0.993258	0.115905	0.0369621	-0.115905	0.992572	0.422006	-1.32511	22.8177	
0.999269	0.00229494	-0.0381584	0.00228856	0.992814	0.119642	0.0381588	-0.119642	0.992084	0.449721	-1.41201	23.5499	
0.999222	0.00244154	-0.0393551	0.00243455	0.992357	0.123378	0.0393555	-0.123378	0.991579	0.478319	-1.50167	24.2818	
0.999174	0.00259273	-0.0405517	0.00258508	0.991885	0.127113	0.0405522	-0.127112	0.991059	0.5078	-1.59409	25.0133	
0.999124	0.0027485	-0.0417483	0.00274015	0.991399	0.130846	0.0417489	-0.130846	0.990523	0.538164	-1.68926	25.7444	
0.999073	0.00290886	-0.0429449	0.00289978	0.990899	0.134579	0.0429455	-0.134579	0.989972	0.569411	-1.78718	26.475	
0.999021	0.00307381	-0.0441413	0.00306395	0.990384	0.13831	0.044142	-0.13831	0.989405	0.601541	-1.88786	27.2053	
0.998966	0.00324336	-0.0453377	0.00323267	0.989856	0.14204	0.0453384	-0.14204	0.988822	0.634554	-1.9913	27.9352	
0.998911	0.0034175	-0.0465339	0.00340595	0.989313	0.145769	0.0465348	-0.145769	0.988224	0.66845	-2.09748	28.6646	
0.998854	0.00359624	-0.04773	0.00358377	0.988756	0.149496	0.0477309	-0.149496	0.98761	0.703228	-2.20642	29.3935	
0.998795	0.00377957	-0.0489259	0.00376615	0.988185	0.153222	0.0489269	-0.153222	0.98698	0.738889	-2.3181	30.122	
0.998735	0.00396751	-0.0501216	0.00395308	0.987599	0.156946	0.0501227	-0.156946	0.986334	0.775433	-2.43253	30.8501	
0.998674	0.00416006	-0.051317	0.00414457	0.987	0.160669	0.0513183	-0.160668	0.985673	0.812858	-2.54971	31.5776	
0.998611	0.00435721	-0.0525122	0.00434061	0.986386	0.16439	0.0525136	-0.164389	0.984997	0.851166	-2.66964	32.3047	
0.998546	0.00455896	-0.0537072	0.0045412	0.985758	0.168108	0.0537087	-0.168108	0.984304	0.890356	-2.79231	33.0312	
0.99848	0.00476532	-0.0549018	0.00474635	0.985116	0.171825	0.0549035	-0.171825	0.983596	0.930427	-2.91773	33.7573	
0.998413	0.00497629	-0.0560962	0.00495606	0.98446	0.175541	0.056098	-0.17554	0.982873	0.97138	-3.04588	34.4828	
0.998344	0.00519187	-0.0572902	0.00517032	0.983789	0.179254	0.0572921	-0.179253	0.982133	1.01321	-3.17678	35.2078	
0.998274	0.00541207	-0.0584838	0.00538913	0.983105	0.182965	0.0584859	-0.182964	0.981378	1.05593	-3.31042	35.9322	
0.998202	0.00563687	-0.059677	0.0056125	0.982406	0.186673	0.0596793	-0.186673	0.980608	1.09953	-3.44679	36.656	
0.998128	0.00586628	-0.0608698	0.00584042	0.981693	0.19038	0.0608723	-0.190379	0.979822	1.144	-3.5859	37.3793	
0.997982	0.00632426	-0.0631881	0.00622746	0.980486	0.196489	0.0631977	-0.196486	0.978468	1.18978	-3.72863	38.1018	
0.997829	0.00679654	-0.0655024	0.00662907	0.979241	0.20259	0.0655195	-0.202585	0.97707	1.23726	-3.87586	38.8233	
0.997671	0.00728311	-0.0678126	0.00704523	0.977958	0.208684	0.0678378	-0.208676	0.975629	1.28647	-4.02759	39.5437	
0.997508	0.00778394	-0.0701188	0.00747594	0.976636	0.21477	0.0701523	-0.214759	0.974144	1.33738	-4.18382	40.2631	
0.99734	0.00829901	-0.0724207	0.00792117	0.975276	0.220847	0.072463	-0.220833	0.972616	1.38999	-4.34452	40.9813	
0.997166	0.00882829	-0.0747184	0.00838089	0.973878	0.226916	0.0747699	-0.226899	0.971044	1.44431	-4.50971	41.6984	
0.996986	0.00937176	-0.0770117	0.00885509	0.972442	0.232976	0.0770728	-0.232956	0.969428	1.50033	-4.67937	42.4143	
0.996801	0.00992939	-0.0793006	0.00934374	0.970968	0.239027	0.0793717	-0.239003	0.967769	1.55805	-4.8535	43.129	
0.996611	0.0105012	-0.0815849	0.00984683	0.969456	0.245068	0.0816664	-0.245041	0.966067	1.61747	-5.03208	43.8425	
0.996415	0.011087	-0.0838645	0.0103643	0.967906	0.2511	0.0839569	-0.251069	0.964321	1.67857	-5.21511	44.5547	
0.996215	0.011687	-0.0861395	0.0108962	0.966318	0.257121	0.0862431	-0.257087	0.962532	1.74136	-5.40259	45.2656	
0.996008	0.012301	-0.0884097	0.0114424	0.964692	0.263132	0.0885249	-0.263094	0.9607	1.80584	-5.59451	45.9751	
0.995797	0.012929	-0.0906749	0.012003	0.963028	0.269133	0.0908021	-0.26909	0.958825	1.87201	-5.79085	46.6833	
0.99558	0.0135711	-0.0929352	0.0125779	0.961327	0.275122	0.0930748	-0.275075	0.956907	1.93984	-5.99162	47.3901	
0.995357	0.0142271	-0.0951905	0.013167	0.959588	0.2811	0.0953429	-0.281048	0.954946	2.00936	-6.19679	48.0955	
0.99513	0.014897	-0.0974406	0.0137704	0.957812	0.287066	0.0976061	-0.28701	0.952942	2.08055	-6.40637	48.7994	
0.994897	0.0155809	-0.0996854	0.014388	0.955998	0.293021	0.0998646	-0.29296	0.950895	2.1534	-6.62035	49.5018	
0.994659	0.0162786	-0.101925	0.0150198	0.954146	0.298963	0.102118	-0.298897	0.948806	2.22792	-6.83871	50.2027	
0.994416	0.0169902	-0.104159	0.0156658	0.952258	0.304893	0.104367	-0.304822	0.946674	2.3041	-7.06145	50.902	
0.994167	0.0177156	-0.106388	0.0163259	0.950332	0.31081	0.10661	-0.310734	0.944499	2.38194	-7.28855	51.5997	
0.993913	0.0184548	-0.108611	0.0170001	0.948369	0.316714	0.108848	-0.316633	0.942282	2.46143	-7.52001	52.2958	
0.993654	0.0192078	-0.110828	0.0176883	0.946369	0.322605	0.111081	-0.322518	0.940023	2.54257	-7.75582	52.9903	
0.99339	0.0199745	-0.11304	0.0183906	0.944331	0.328481	0.113309	-0.328389	0.937722	2.62536	-7.99597	53.6831	
0.99312	0.0207549	-0.115246	0.0191069	0.942257	0.334344	0.115531	-0.334246	0.935378	2.70979	-8.24044	54.3741	
0.992845	0.0215489	-0.117446	0.0198371	0.940146	0.340193	0.117747	-0.340089	0.932993	2.79585	-8.48923	55.0634	
0.992566	0.0223565	-0.11964	0.0205813	0.937999	0.346027	0.119958	-0.345917	0.930565	2.88355	-8.74232	55.751	
0.992281	0.0231778	-0.121828	0.0213394	0.935814	0.351846	0.122163	-0.35173	0.928096	2.97288	-8.99971	56.4367	
0.99199	0.0240126	-0.12401	0.0221113	0.933594	0.357651	0.124363	-0.357528	0.925585	3.06383	-9.26139	57.1206	
0.991695	0.0248609	-0.126185	0.022897	0.931336	0.363439	0.126557	-0.36331	0.923033	3.15641	-9.52733	57.8027	
0.991395	0.0257228	-0.128355	0.0236965	0.929043	0.369212	0.128744	-0.369077	0.920439	3.2506	-9.79754	58.4828	
0.991089	0.026598	-0.130518	0.0245097	0.926713	0.374969	0.130926	-0.374827	0.917803	3.3464	-10.072	59.161	
0.990779	0.0274867	-0.132674	0.0253367	0.924347	0.38071	0.133101	-0.380561	0.915127	3.44381	-10.3507	59.8372	
0.990463	0.0283888	-0.134824	0.0261773	0.921945	0.386434	0.135271	-0.386278	0.912409	3.54283	-10.6336	60.5115	
0.990142	0.0293042	-0.136967	0.0270315	0.919508	0.392142	0.137434	-0.391978	0.909651	3.64344	-10.9207	61.1837	
0.989816	0.0302329	-0.139103	0.0278993	0.917034	0.397832	0.13959	-0.397661	0.906852	3.74564	-11.2121	61.8539	
0.989485	0.0311749	-0.141233	0.0287806	0.914525	0.403505	0.14174	-0.403327	0.904012	3.84944	-11.5076	62.522	
0.98915	0.0321301	-0.143356	0.0296754	0.91198	0.40916	0.143884	-0.408974	0.901131	3.95482	-11.8073	63.188	
0.988809	0.0330986	-0.145472	0.0305836	0.9094	0.414797	0.146021	-0.414604	0.89821	4.06177	-12.1111	63.8518	
0.988463	0.0340801	-0.14758	0.0315053	0.906784	0.420416	0.148151	-0.420215	0.895249	4.17031	-12.4191	64.5135	
0.988112	0.0350748	-0.149682	0.0324403	0.904134	0.426016	0.150275	-0.425808	0.892247	4.28041	-12.7313	65.173	
0.987756	0.0360826	-0.151776	0.0333886	0.901448	0.431598	0.152392	-0.431381	0.889206	4.39207	-13.0475	65.8302	
0.987395	0.0371034	-0.153863	0.0343502	0.898727	0.437161	0.154501	-0.436936	0.886124	4.5053	-13.3679	66.4852	
0.98703	0.0381372	-0.155943	0.035325	0.895972	0.442704	0.156604	-0.442471	0.883003	4.62008	-13.6923	67.1379	
0.986659	0.0391839	-0.158015	0.0363129	0.893182	0.448228	0.1587	-0.447986	0.879843	4.73641	-14.0208	67.7883	
0.986283	0.0402436	-0.16008	0.037314	0.890357	0.453731	0.160788	-0.453481	0.876643	4.85428	-14.3534	68.4364	
0.985903	0.0413161	-0.162137	0.0383282	0.887498	0.459215	0.162869	-0.458956	0.873403	4.97369	-14.6901	69.082	
0.984633	0.044877	-0.168774	0.0411206	0.879669	0.473805	0.169728	-0.473464	0.864306	5.0964	-15.0341	69.7232	
0.98331	0.0485482	-0.175339	0.0440278	0.871599	0.488239	0.176529	-0.48781	0.854914	5.22415	-15.3887	70.3575	
