1	0	0	0	1	0	0	0	1	0	0	0	
0.999999	-7.72199e-07	-0.001061	-7.72199e-07	0.999999	-0.00145561	0.001061	0.00145561	0.999998	0.000541483	0.000742876	1.02071	
0.999998	-3.08972e-06	-0.00212242	-3.08906e-06	0.999996	-0.00291119	0.00212242	0.00291119	0.999994	0.00216615	0.00297149	2.04141	
0.999995	-6.95356e-06	-0.00318421	-6.95095e-06	0.99999	-0.00436667	0.00318421	0.00436667	0.999985	0.00487441	0.00668577	3.06211	
0.999991	-1.23644e-05	-0.00424633	-1.23579e-05	0.999983	-0.00582197	0.00424633	0.00582197	0.999974	0.00866661	0.0118856	4.08279	
0.999986	-1.93228e-05	-0.00530871	-1.93097e-05	0.999974	-0.00727703	0.00530871	0.00727703	0.999959	0.0135431	0.0185707	5.10347	
0.99998	-2.78287e-05	-0.00637131	-2.78058e-05	0.999962	-0.00873177	0.00637131	0.00873177	0.999942	0.019504	0.0267409	6.12412	
0.999972	-3.7882e-05	-0.00743408	-3.78454e-05	0.999948	-0.0101861	0.00743408	0.0101861	0.99992	0.0265496	0.0363957	7.14476	
0.999964	-4.94822e-05	-0.00849695	-4.94274e-05	0.999932	-0.01164	0.00849695	0.01164	0.999896	0.0346801	0.0475347	8.16537	
0.999954	-6.26287e-05	-0.00955988	-6.25504e-05	0.999914	-0.0130933	0.00955988	0.0130933	0.999869	0.0438955	0.0601575	9.18596	
0.999944	-7.73203e-05	-0.0106228	-7.72126e-05	0.999894	-0.0145461	0.0106228	0.0145461	0.999838	0.0541958	0.0742633	10.2065	
0.999932	-9.35557e-05	-0.0116857	-9.34121e-05	0.999872	-0.0159981	0.0116857	0.0159981	0.999804	0.065581	0.0898517	11.227	
0.999919	-0.000111333	-0.0127485	-0.000111147	0.999848	-0.0174494	0.0127485	0.0174494	0.999766	0.0780511	0.106922	12.2475	
0.999905	-0.000130651	-0.0138111	-0.000130414	0.999821	-0.0188999	0.0138111	0.0188999	0.999726	0.0916059	0.125473	13.268	
0.999889	-0.000151507	-0.0148735	-0.00015121	0.999793	-0.0203495	0.0148735	0.0203495	0.999682	0.106245	0.145504	14.2884	
0.999873	-0.000173898	-0.0159357	-0.000173533	0.999762	-0.0217981	0.0159357	0.0217981	0.999635	0.121969	0.167014	15.3087	
0.999856	-0.000197822	-0.0169975	-0.000197379	0.99973	-0.0232457	0.0169975	0.0232457	0.999585	0.138776	0.190002	16.3291	
0.999837	-0.000223276	-0.018059	-0.000222745	0.999695	-0.0246922	0.018059	0.0246922	0.999532	0.156668	0.214468	17.3493	
0.999817	-0.000250256	-0.0191201	-0.000249625	0.999658	-0.0261375	0.0191201	0.0261375	0.999475	0.175642	0.240409	18.3695	
0.999796	-0.000278759	-0.0201807	-0.000278017	0.99962	-0.0275815	0.0201807	0.0275815	0.999416	0.195699	0.267825	19.3897	
0.999774	-0.00030878	-0.0212407	-0.000307915	0.999579	-0.0290242	0.0212407	0.0290242	0.999353	0.216839	0.296713	20.4097	
0.999751	-0.000340315	-0.0223002	-0.000339314	0.999536	-0.0304655	0.0223002	0.0304655	0.999287	0.23906	0.327074	21.4297	
0.999727	-0.000373361	-0.023359	-0.00037221	0.999491	-0.0319054	0.0233591	0.0319054	0.999218	0.262363	0.358906	22.4497	
0.999702	-0.000407911	-0.0244172	-0.000406597	0.999444	-0.0333437	0.0244172	0.0333437	0.999146	0.286745	0.392206	23.4696	
0.999675	-0.000443961	-0.0254746	-0.000442469	0.999395	-0.0347804	0.0254746	0.0347804	0.99907	0.312208	0.426973	24.4894	
0.999648	-0.000481506	-0.0265313	-0.00047982	0.999344	-0.0362154	0.0265313	0.0362154	0.998992	0.338749	0.463206	25.5091	
0.999619	-0.000520539	-0.027587	-0.000518644	0.999291	-0.0376487	0.0275871	0.0376487	0.99891	0.366369	0.500903	26.5287	
0.99959	-0.000561055	-0.0286419	-0.000558934	0.999236	-0.0390802	0.028642	0.0390801	0.998826	0.395065	0.540062	27.5483	
0.999559	-0.000603048	-0.0296959	-0.000600683	0.999179	-0.0405097	0.0296959	0.0405097	0.998738	0.424838	0.580681	28.5677	
0.999527	-0.000646511	-0.0307488	-0.000643885	0.99912	-0.0419373	0.0307489	0.0419373	0.998647	0.455687	0.622758	29.5871	
0.999494	-0.000691436	-0.0318007	-0.000688532	0.999059	-0.0433629	0.0318008	0.0433628	0.998553	0.487609	0.666291	30.6064	
0.99946	-0.000737818	-0.0328515	-0.000734616	0.998996	-0.0447863	0.0328515	0.0447863	0.998456	0.520605	0.711278	31.6256	
0.999425	-0.000785648	-0.0339011	-0.00078213	0.998932	-0.0462076	0.0339012	0.0462076	0.998356	0.554672	0.757717	32.6446	
0.999389	-0.00083492	-0.0349495	-0.000831064	0.998865	-0.0476267	0.0349496	0.0476266	0.998254	0.58981	0.805606	33.6636	
0.999352	-0.000885624	-0.0359966	-0.000881411	0.998796	-0.0490434	0.0359967	0.0490434	0.998148	0.626018	0.854942	34.6825	
0.999313	-0.000937753	-0.0370424	-0.000933162	0.998726	-0.0504578	0.0370425	0.0504577	0.998039	0.663294	0.905722	35.7013	
0.999274	-0.000991299	-0.0380869	-0.000986307	0.998653	-0.0518697	0.038087	0.0518696	0.997927	0.701636	0.957946	36.7199	
0.999234	-0.00104625	-0.0391299	-0.00104084	0.998579	-0.0532791	0.03913	0.053279	0.997813	0.741044	1.01161	37.7384	
0.999192	-0.0011026	-0.0401714	-0.00109674	0.998503	-0.0546859	0.0401716	0.0546858	0.997695	0.781516	1.06671	38.7568	
0.99915	-0.00116034	-0.0412114	-0.00115402	0.998425	-0.0560901	0.0412116	0.0560899	0.997575	0.823051	1.12324	39.7751	
0.999106	-0.00121946	-0.0422499	-0.00121265	0.998345	-0.0574915	0.0422501	0.0574913	0.997452	0.865646	1.18121	40.7933	
0.999062	-0.00127995	-0.0432867	-0.00127262	0.998264	-0.0588901	0.0432869	0.05889	0.997326	0.9093	1.24061	41.8114	
0.999016	-0.0013418	-0.0443218	-0.00133393	0.99818	-0.0602859	0.044322	0.0602857	0.997197	0.954011	1.30143	42.8293	
0.99897	-0.001405	-0.0453551	-0.00139656	0.998095	-0.0616787	0.0453554	0.0616785	0.997065	0.999778	1.36367	43.847	
0.998922	-0.00146954	-0.0463867	-0.00146051	0.998008	-0.0630686	0.046387	0.0630684	0.996931	1.0466	1.42734	44.8647	
0.998874	-0.0015354	-0.0474164	-0.00152575	0.997919	-0.0644554	0.0474168	0.0644551	0.996793	1.09447	1.49242	45.8822	
0.998825	-0.00160258	-0.0484443	-0.00159229	0.997829	-0.065839	0.0484446	0.0658387	0.996654	1.1434	1.55892	46.8996	
0.998774	-0.00167107	-0.0494702	-0.00166011	0.997737	-0.0672194	0.0494706	0.0672192	0.996511	1.19337	1.62682	47.9168	
0.998723	-0.00174085	-0.0504941	-0.00172919	0.997643	-0.0685966	0.0504945	0.0685963	0.996366	1.24438	1.69614	48.9338	
0.998671	-0.00181191	-0.0515159	-0.00179952	0.997547	-0.0699705	0.0515164	0.0699701	0.996218	1.29645	1.76685	49.9508	
0.998617	-0.00188424	-0.0525357	-0.0018711	0.99745	-0.0713409	0.0525362	0.0713406	0.996068	1.34955	1.83897	50.9675	
0.998563	-0.00195782	-0.0535533	-0.0019439	0.997351	-0.0727079	0.0535538	0.0727075	0.995914	1.40369	1.91249	51.9842	
0.998508	-0.00203266	-0.0545687	-0.00201792	0.997251	-0.0740713	0.0545692	0.0740709	0.995759	1.45887	1.9874	53.0006	
0.998452	-0.00210872	-0.0555818	-0.00209314	0.997149	-0.0754312	0.0555824	0.0754307	0.995601	1.51509	2.0637	54.0169	
0.998395	-0.002186	-0.0565926	-0.00216954	0.997045	-0.0767874	0.0565933	0.0767869	0.99544	1.57234	2.14138	55.033	
0.998337	-0.00226448	-0.0576011	-0.00224713	0.99694	-0.0781398	0.0576018	0.0781393	0.995277	1.63062	2.22045	56.049	
0.998278	-0.00234415	-0.0586072	-0.00232587	0.996833	-0.0794885	0.0586079	0.0794879	0.995111	1.68993	2.30089	57.0648	
0.998219	-0.00242501	-0.0596108	-0.00240576	0.996725	-0.0808333	0.0596116	0.0808327	0.994943	1.75026	2.38271	58.0804	
0.998158	-0.00250702	-0.0606119	-0.00248677	0.996615	-0.0821741	0.0606127	0.0821735	0.994773	1.81162	2.4659	59.0959	
0.998097	-0.00259018	-0.0616104	-0.00256891	0.996504	-0.083511	0.0616113	0.0835103	0.9946	1.874	2.55046	60.1112	
0.998035	-0.00267448	-0.0626063	-0.00265215	0.996391	-0.0848438	0.0626073	0.0848431	0.994425	1.93739	2.63638	61.1263	
0.997972	-0.00275989	-0.0635996	-0.00273647	0.996276	-0.0861725	0.0636006	0.0861718	0.994248	2.0018	2.72366	62.1412	
0.997908	-0.00284641	-0.0645901	-0.00282187	0.996161	-0.087497	0.0645912	0.0874962	0.994069	2.06722	2.81229	63.156	
0.997843	-0.00293402	-0.0655779	-0.00290832	0.996044	-0.0888173	0.0655791	0.0888164	0.993887	2.13366	2.90227	64.1705	
0.997778	-0.0030227	-0.0665629	-0.00299581	0.995925	-0.0901332	0.0665641	0.0901324	0.993703	2.2011	2.9936	65.1849	
0.99787	-0.00289692	-0.0651639	-0.00289254	0.996065	-0.0885751	0.0651641	0.088575	0.993936	2.26833	3.0848	66.1993	
0.997961	-0.00277311	-0.0637621	-0.00279123	0.996203	-0.0870128	0.0637613	0.0870134	0.994165	2.33412	3.17442	67.2139	
0.99805	-0.00265129	-0.0623575	-0.00269188	0.996339	-0.0854463	0.0623557	0.0854475	0.99439	2.39849	3.26243	68.2288	
0.998138	-0.00253148	-0.0609501	-0.00259451	0.996473	-0.0838757	0.0609474	0.0838776	0.99461	2.46142	3.34885	69.2439	
0.998223	-0.0024137	-0.0595401	-0.00249915	0.996604	-0.082301	0.0595365	0.0823036	0.994827	2.5229	3.43366	70.2592	
0.998307	-0.00229796	-0.0581275	-0.00240581	0.996734	-0.0807225	0.0581231	0.0807256	0.99504	2.58295	3.51686	71.2747	
0.999121	-0.00114187	-0.0418948	-0.00142378	0.998127	-0.0611595	0.0418861	0.0611654	0.997248	2.634	3.58928	72.2916	
0.999671	-0.000304841	-0.0256314	-0.0007609	0.999136	-0.0415595	0.0256219	0.0415654	0.998807	2.66845	3.64171	73.3103	
0.999956	0.000212571	-0.00934788	-0.000417587	0.999759	-0.0219353	0.00934097	0.0219383	0.999716	2.6863	3.67412	74.3303	
0.999976	0.000410034	0.00694511	-0.000394071	0.999997	-0.0022997	-0.00694604	0.00229691	0.999973	2.68752	3.68649	75.3509	
0.99973	0.000287418	0.023237	-0.000690365	0.99985	0.0173346	-0.0232285	-0.017346	0.99958	2.67212	3.67881	76.3715	
0.999219	-0.000155197	0.0395172	-0.00130628	0.999316	0.0369548	-0.0394959	-0.0369775	0.998535	2.6401	3.65109	77.3913	
0.998443	-0.000917523	0.055775	-0.00224141	0.998397	0.0565481	-0.0557375	-0.0565851	0.996841	2.5915	3.60333	78.4097	
0.997403	-0.00199906	0.072	-0.00349515	0.997094	0.0761017	-0.0719429	-0.0761557	0.994497	2.52633	3.53559	79.426	
0.996099	-0.00339911	0.0881814	-0.00506667	0.995407	0.095603	-0.0881014	-0.0956768	0.991506	2.44465	3.44789	80.4396	
0.994532	-0.00511676	0.104309	-0.00695497	0.993337	0.115039	-0.104202	-0.115136	0.987869	2.3465	3.34029	81.4499	
0.992703	-0.00715089	0.120372	-0.00915881	0.990885	0.134398	-0.120236	-0.134519	0.983589	2.23195	3.21287	82.4561	
0.990614	-0.00950018	0.13636	-0.0116768	0.988054	0.153666	-0.136191	-0.153816	0.978669	2.10108	3.06571	83.4576	
0.988265	-0.0121631	0.152263	-0.0145072	0.984845	0.172831	-0.152057	-0.173012	0.973111	1.95396	2.8989	84.4537	
0.985659	-0.0151379	0.168069	-0.0176482	0.98126	0.191881	-0.167824	-0.192095	0.96692	1.7907	2.71256	85.4439	
0.982797	-0.0184226	0.18377	-0.0210978	0.977301	0.210803	-0.183482	-0.211053	0.960099	1.6114	2.5068	86.4274	
0.97968	-0.0220152	0.199355	-0.0248537	0.972971	0.229585	-0.199021	-0.229874	0.952653	1.41618	2.28176	87.4036	
0.976311	-0.0259133	0.214813	-0.0289135	0.968274	0.248214	-0.21443	-0.248546	0.944587	1.20516	2.03758	88.3719	
0.972693	-0.0301143	0.230135	-0.0332746	0.963211	0.26668	-0.229699	-0.267055	0.935906	0.978482	1.77443	89.3317	
0.968826	-0.0346155	0.24531	-0.0379341	0.957786	0.284968	-0.244819	-0.285391	0.926615	0.736297	1.49247	90.2823	
0.964715	-0.0394139	0.26033	-0.0428889	0.952003	0.303069	-0.25978	-0.30354	0.916721	0.478759	1.19189	91.2231	
0.960361	-0.0445065	0.275183	-0.0481359	0.945866	0.320969	-0.274571	-0.321492	0.90623	0.206036	0.872888	92.1535	
0.955768	-0.04989	0.28986	-0.0536716	0.939378	0.338657	-0.289183	-0.339235	0.895149	-0.0816932	0.535666	93.0729	
0.950938	-0.0555608	0.304352	-0.0594924	0.932544	0.356122	-0.303608	-0.356757	0.883486	-0.384243	0.180444	93.9807	
0.945875	-0.0615152	0.318649	-0.0655946	0.925368	0.373353	-0.317834	-0.374046	0.871247	-0.701415	-0.192544	94.8763	
0.940581	-0.0677494	0.332742	-0.0719741	0.917854	0.390337	-0.331854	-0.391093	0.85844	-1.033	-0.583057	95.7591	
0.935061	-0.0742592	0.346622	-0.0786268	0.910009	0.407065	-0.345657	-0.407884	0.845075	-1.37879	-0.990839	96.6285	
0.929318	-0.0810406	0.360279	-0.0855484	0.901836	0.423524	-0.359236	-0.42441	0.83116	-1.73856	-1.41563	97.484	
0.923355	-0.0880889	0.373706	-0.0927343	0.893342	0.439705	-0.37258	-0.440659	0.816703	-2.11206	-1.85714	98.3251	
0.917177	-0.0953998	0.386892	-0.10018	0.884531	0.455597	-0.385682	-0.456622	0.801714	-2.49906	-2.3151	99.1511	
