1	0	0	0	1	0	0	0	1	0	0	0	
0.999997	-5.95825e-06	0.00245543	-5.95825e-06	0.999988	0.00485309	-0.00245543	-0.00485309	0.999985	-0.00117501	-0.00232238	0.957066	
0.999988	-2.38283e-05	0.00491011	-2.38321e-05	0.999953	0.0097063	-0.00491011	-0.0097063	0.999941	-0.00469969	-0.00928958	1.9141	
0.999973	-5.36036e-05	0.00736398	-5.36191e-05	0.999894	0.0145595	-0.00736398	-0.0145595	0.999867	-0.0105733	-0.0209016	2.87108	
0.999952	-9.52775e-05	0.00981695	-9.53164e-05	0.999812	0.0194125	-0.00981695	-0.0194125	0.999763	-0.018795	-0.0371584	3.82798	
0.999925	-0.000148843	0.012269	-0.000148921	0.999706	0.0242651	-0.012269	-0.0242651	0.99963	-0.0293639	-0.0580598	4.78476	
0.999892	-0.000214292	0.0147199	-0.000214428	0.999576	0.0291174	-0.0147199	-0.0291174	0.999468	-0.0422791	-0.0836053	5.74141	
0.999853	-0.000291617	0.0171698	-0.000291835	0.999423	0.033969	-0.0171698	-0.033969	0.999275	-0.0575395	-0.113794	6.69788	
0.999807	-0.00038081	0.0196185	-0.000381137	0.999246	0.0388198	-0.0196185	-0.0388198	0.999054	-0.0751441	-0.148626	7.65415	
0.999756	-0.000481862	0.0220659	-0.000482329	0.999046	0.0436697	-0.0220659	-0.0436698	0.998802	-0.0950916	-0.188101	8.6102	
0.999699	-0.000594765	0.024512	-0.000595406	0.998822	0.0485186	-0.024512	-0.0485187	0.998521	-0.117381	-0.232216	9.56599	
0.999636	-0.000719508	0.0269568	-0.000720363	0.998575	0.0533664	-0.0269567	-0.0533664	0.998211	-0.142011	-0.280972	10.5215	
0.999567	-0.000856083	0.0294	-0.000857194	0.998304	0.0582127	-0.0294	-0.0582128	0.997871	-0.168979	-0.334367	11.4767	
0.999492	-0.00100448	0.0318417	-0.00100589	0.998009	0.0630576	-0.0318416	-0.0630577	0.997502	-0.198286	-0.392399	12.4316	
0.999412	-0.00116469	0.0342818	-0.00116645	0.997691	0.0679009	-0.0342817	-0.0679009	0.997103	-0.229928	-0.455067	13.386	
0.999325	-0.00133669	0.0367201	-0.00133887	0.99735	0.0727424	-0.0367201	-0.0727425	0.996675	-0.263905	-0.52237	14.3401	
0.999232	-0.00152049	0.0391568	-0.00152313	0.996985	0.077582	-0.0391567	-0.0775821	0.996217	-0.300215	-0.594306	15.2938	
0.999133	-0.00171606	0.0415916	-0.00171923	0.996596	0.0824196	-0.0415914	-0.0824196	0.995729	-0.338856	-0.670873	16.247	
0.999029	-0.0019234	0.0440245	-0.00192716	0.996184	0.0872549	-0.0440243	-0.087255	0.995213	-0.379826	-0.752068	17.1998	
0.998918	-0.00214249	0.0464554	-0.00214692	0.995749	0.0920879	-0.0464552	-0.092088	0.994667	-0.423124	-0.837891	18.152	
0.998802	-0.00237332	0.0488842	-0.00237849	0.995289	0.0969184	-0.048884	-0.0969185	0.994091	-0.468747	-0.928337	19.1037	
0.998679	-0.00261589	0.051311	-0.00262186	0.994807	0.101746	-0.0513107	-0.101746	0.993486	-0.516694	-1.02341	20.0548	
0.998551	-0.00287016	0.0537355	-0.00287703	0.994301	0.106571	-0.0537352	-0.106572	0.992852	-0.566962	-1.12309	21.0054	
0.998417	-0.00313614	0.0561578	-0.00314399	0.993771	0.111393	-0.0561574	-0.111394	0.992188	-0.61955	-1.2274	21.9553	
0.998277	-0.0034138	0.0585778	-0.00342272	0.993218	0.116213	-0.0585773	-0.116213	0.991495	-0.674454	-1.33632	22.9045	
0.998131	-0.00370314	0.0609953	-0.00371322	0.992642	0.121028	-0.0609947	-0.121029	0.990773	-0.731674	-1.44984	23.8531	
0.99798	-0.00400414	0.0634104	-0.00401547	0.992042	0.125841	-0.0634097	-0.125841	0.990022	-0.791206	-1.56798	24.801	
0.997822	-0.00431677	0.0658229	-0.00432947	0.991419	0.13065	-0.0658221	-0.13065	0.989241	-0.853048	-1.69072	25.7482	
0.997659	-0.00464104	0.0682328	-0.00465519	0.990773	0.135455	-0.0682319	-0.135456	0.988431	-0.917198	-1.81806	26.6945	
0.997489	-0.00497692	0.0706401	-0.00499264	0.990103	0.140257	-0.0706389	-0.140258	0.987592	-0.983653	-1.95	27.6401	
0.997314	-0.00532439	0.0730445	-0.00534179	0.989409	0.145055	-0.0730432	-0.145055	0.986724	-1.05241	-2.08653	28.5849	
0.997134	-0.00568344	0.0754461	-0.00570264	0.988693	0.149848	-0.0754447	-0.149849	0.985826	-1.12347	-2.22766	29.5289	
0.996947	-0.00605406	0.0778449	-0.00607517	0.987953	0.154638	-0.0778432	-0.154638	0.9849	-1.19682	-2.37337	30.4719	
0.996755	-0.00643622	0.0802406	-0.00645937	0.987189	0.159423	-0.0802388	-0.159424	0.983944	-1.27247	-2.52366	31.4141	
0.996557	-0.00682991	0.0826333	-0.00685522	0.986403	0.164203	-0.0826312	-0.164204	0.982959	-1.35041	-2.67852	32.3553	
0.996353	-0.00723511	0.0850229	-0.00726271	0.985593	0.168979	-0.0850206	-0.16898	0.981946	-1.43064	-2.83796	33.2956	
0.996143	-0.0076518	0.0874094	-0.00768182	0.98476	0.17375	-0.0874067	-0.173751	0.980903	-1.51315	-3.00197	34.2349	
0.995928	-0.00807997	0.0897925	-0.00811255	0.983904	0.178516	-0.0897896	-0.178518	0.979831	-1.59794	-3.17055	35.1732	
0.995707	-0.00851959	0.0921724	-0.00855487	0.983024	0.183277	-0.0921691	-0.183279	0.978731	-1.68502	-3.34368	36.1104	
0.99548	-0.00897064	0.0945489	-0.00900878	0.982121	0.188033	-0.0945452	-0.188035	0.977601	-1.77437	-3.52137	37.0466	
0.995247	-0.00943311	0.0969219	-0.00947424	0.981196	0.192784	-0.0969178	-0.192786	0.976443	-1.86599	-3.7036	37.9817	
0.995009	-0.00990698	0.0992913	-0.00995125	0.980247	0.197529	-0.0992869	-0.197531	0.975256	-1.95988	-3.89038	38.9156	
0.994765	-0.0103922	0.101657	-0.0104398	0.979275	0.202268	-0.101652	-0.20227	0.97404	-2.05604	-4.0817	39.8485	
0.994516	-0.0108888	0.104019	-0.0109399	0.978279	0.207001	-0.104014	-0.207004	0.972795	-2.15446	-4.27756	40.7801	
0.99426	-0.0113967	0.106378	-0.0114514	0.977261	0.211729	-0.106372	-0.211732	0.971522	-2.25513	-4.47794	41.7105	
0.994	-0.011916	0.108733	-0.0119744	0.97622	0.216451	-0.108726	-0.216454	0.97022	-2.35807	-4.68284	42.6397	
0.993733	-0.0124465	0.111083	-0.0125089	0.975156	0.221166	-0.111076	-0.221169	0.968889	-2.46325	-4.89226	43.5676	
0.993461	-0.0129883	0.11343	-0.0130549	0.974069	0.225875	-0.113423	-0.225879	0.96753	-2.57068	-5.10619	44.4943	
0.993183	-0.0135414	0.115773	-0.0136122	0.972959	0.230577	-0.115765	-0.230581	0.966142	-2.68035	-5.32462	45.4196	
0.9929	-0.0141056	0.118112	-0.014181	0.971826	0.235273	-0.118103	-0.235278	0.964726	-2.79227	-5.54755	46.3436	
0.992611	-0.0146811	0.120446	-0.0147611	0.97067	0.239962	-0.120437	-0.239967	0.963281	-2.90642	-5.77497	47.2662	
0.992317	-0.0152678	0.122777	-0.0153526	0.969491	0.244644	-0.122766	-0.24465	0.961808	-3.0228	-6.00688	48.1875	
0.992017	-0.0158656	0.125103	-0.0159555	0.96829	0.249319	-0.125092	-0.249325	0.960307	-3.14141	-6.24326	49.1073	
0.991711	-0.0164745	0.127425	-0.0165697	0.967066	0.253987	-0.127412	-0.253993	0.958777	-3.26224	-6.48412	50.0256	
0.9914	-0.0170945	0.129742	-0.0171951	0.965819	0.258648	-0.129729	-0.258654	0.957219	-3.38529	-6.72944	50.9425	
0.991084	-0.0177257	0.132055	-0.0178319	0.964549	0.263301	-0.132041	-0.263308	0.955633	-3.51056	-6.97922	51.8579	
0.990762	-0.0183678	0.134363	-0.0184799	0.963257	0.267946	-0.134348	-0.267954	0.954018	-3.63804	-7.23345	52.7717	
0.990434	-0.019021	0.136667	-0.0191392	0.961942	0.272584	-0.136651	-0.272592	0.952376	-3.76772	-7.49212	53.684	
0.990101	-0.0196853	0.138966	-0.0198097	0.960604	0.277214	-0.138948	-0.277223	0.950706	-3.8996	-7.75523	54.5947	
0.989763	-0.0203604	0.14126	-0.0204913	0.959244	0.281835	-0.141241	-0.281845	0.949007	-4.03368	-8.02276	55.5038	
0.989419	-0.0210466	0.14355	-0.0211842	0.957861	0.286449	-0.14353	-0.286459	0.947281	-4.16996	-8.29471	56.4112	
0.98907	-0.0217437	0.145834	-0.0218881	0.956456	0.291054	-0.145813	-0.291065	0.945526	-4.30842	-8.57108	57.317	
0.988715	-0.0224516	0.148114	-0.0226032	0.955029	0.295651	-0.148091	-0.295663	0.943744	-4.44906	-8.85185	58.2211	
0.988563	-0.0227592	0.149082	-0.0238062	0.952602	0.303286	-0.148918	-0.303366	0.941165	-4.59119	-9.13851	59.1231	
0.988409	-0.0230759	0.150051	-0.0250162	0.950113	0.310901	-0.14974	-0.311051	0.938523	-4.73411	-9.43253	60.0226	
0.988254	-0.0234017	0.151021	-0.026233	0.947561	0.318496	-0.150555	-0.318717	0.935817	-4.87781	-9.7339	60.9195	
0.988097	-0.0237366	0.151991	-0.0274567	0.944947	0.32607	-0.151363	-0.326362	0.933047	-5.02229	-10.0426	61.8138	
0.987939	-0.0240804	0.152961	-0.0286871	0.94227	0.333623	-0.152164	-0.333987	0.930214	-5.16754	-10.3586	62.7055	
0.98778	-0.0244331	0.15393	-0.0299241	0.939531	0.341154	-0.152958	-0.341591	0.927318	-5.31355	-10.6819	63.5944	
0.987619	-0.0247945	0.154899	-0.0311676	0.93673	0.348662	-0.153744	-0.349173	0.92436	-5.46032	-11.0124	64.4805	
0.987457	-0.0251647	0.155867	-0.0324176	0.933868	0.356146	-0.154522	-0.356731	0.921339	-5.60784	-11.3502	65.3637	
0.987295	-0.0255435	0.156834	-0.0336738	0.930944	0.363605	-0.155291	-0.364267	0.918256	-5.7561	-11.6953	66.244	
0.987131	-0.0259308	0.157798	-0.0349364	0.92796	0.37104	-0.156052	-0.371778	0.915112	-5.90509	-12.0475	67.1214	
0.986966	-0.0263264	0.158761	-0.036205	0.924914	0.378448	-0.156803	-0.379263	0.911906	-6.0548	-12.4069	67.9957	
0.9868	-0.0267303	0.159721	-0.0374796	0.921808	0.38583	-0.157545	-0.386724	0.908639	-6.20523	-12.7735	68.8669	
0.986634	-0.0271423	0.160678	-0.0387601	0.918642	0.393185	-0.158277	-0.394157	0.905311	-6.35636	-13.1471	69.7349	
0.988049	-0.0234069	0.152349	-0.0421433	0.909717	0.413086	-0.148264	-0.414569	0.897859	-6.50306	-13.5342	70.5978	
0.989372	-0.0194841	0.144092	-0.0453044	0.900343	0.432816	-0.138165	-0.434744	0.889892	-6.64013	-13.9406	71.4534	
0.990602	-0.0153761	0.135911	-0.0482418	0.890527	0.452365	-0.127988	-0.45467	0.881416	-6.7675	-14.3662	72.301	
0.991737	-0.0110852	0.12781	-0.0509537	0.880274	0.471721	-0.117737	-0.474336	0.872436	-6.88509	-14.8108	73.1404	
0.992777	-0.00661396	0.119795	-0.0534387	0.86959	0.490874	-0.107419	-0.49373	0.862956	-6.99284	-15.2741	73.9708	
0.993721	-0.00196482	0.111869	-0.0556952	0.858481	0.509812	-0.0970393	-0.512841	0.852982	-7.09069	-15.7558	74.792	
0.994569	0.0028595	0.104038	-0.0577219	0.846954	0.528524	-0.0866041	-0.531659	0.842519	-7.17857	-16.2557	75.6034	
0.995321	0.00785624	0.0963058	-0.0595178	0.835014	0.547	-0.0761193	-0.550172	0.831575	-7.25645	-16.7734	76.4046	
0.995975	0.0130226	0.0886768	-0.0610818	0.82267	0.565229	-0.065591	-0.568371	0.820154	-7.32426	-17.3087	77.195	
0.996532	0.0183555	0.0811555	-0.062413	0.809927	0.583201	-0.0550251	-0.586244	0.808264	-7.38198	-17.8612	77.9743	
0.996992	0.0238519	0.0737461	-0.0635106	0.796793	0.600905	-0.0444276	-0.603781	0.795911	-7.42958	-18.4307	78.742	
0.997353	0.0295088	0.066453	-0.064374	0.783276	0.618332	-0.0338048	-0.620973	0.783102	-7.46702	-19.0168	79.4976	
0.997616	0.0353229	0.0592803	-0.0650027	0.769384	0.635471	-0.0231626	-0.63781	0.769846	-7.49428	-19.6192	80.2408	
0.997781	0.0412908	0.052232	-0.0653964	0.755124	0.652313	-0.0125072	-0.654281	0.756148	-7.51135	-20.2376	80.9711	
0.997847	0.0474091	0.0453123	-0.0655547	0.740504	0.668847	-0.00184454	-0.670378	0.742018	-7.51822	-20.8715	81.6881	
0.997815	0.0536743	0.0385251	-0.0654778	0.725533	0.685065	0.00881913	-0.686091	0.727463	-7.51488	-21.5206	82.3913	
0.997684	0.0600829	0.0318743	-0.0651655	0.71022	0.700957	0.0194778	-0.701411	0.712491	-7.50134	-22.1846	83.0804	
0.997455	0.0666311	0.0253636	-0.064618	0.694574	0.716514	0.0301252	-0.716329	0.697112	-7.4776	-22.8631	83.755	
0.997128	0.0733153	0.0189969	-0.0638358	0.678602	0.731727	0.0407554	-0.730838	0.681333	-7.44368	-23.5557	84.4146	
0.996702	0.0801315	0.0127777	-0.0628191	0.662315	0.746587	0.0513623	-0.744928	0.665165	-7.3996	-24.2619	85.059	
0.996179	0.087076	0.00670962	-0.0615687	0.645721	0.761087	0.0619398	-0.758592	0.648615	-7.34537	-24.9814	85.6877	
0.995558	0.0941446	0.000796144	-0.0600851	0.628831	0.775217	0.0724819	-0.771821	0.631695	-7.28105	-25.7138	86.3004	
0.99484	0.101333	-0.00495936	-0.0583693	0.611654	0.78897	0.0829824	-0.784609	0.614412	-7.20665	-26.4587	86.8968	
0.994025	0.108638	-0.0105536	-0.0564223	0.594199	0.802337	0.0934354	-0.796948	0.596778	-7.12222	-27.2155	87.4764	
