1	0	0	0	1	0	0	0	1	0	0	0	
0.999998	1.93885e-06	-0.00212275	1.93885e-06	0.999998	0.00182673	0.00212275	-0.00182673	0.999996	0.000779414	-0.000670724	0.734342	
0.999991	7.76638e-06	-0.00424908	7.76211e-06	0.999993	0.00365453	0.00424908	-0.00365453	0.999984	0.00311897	-0.00268329	1.46868	
0.99998	1.74978e-05	-0.00637894	1.74807e-05	0.999985	0.00548334	0.00637894	-0.00548334	0.999965	0.00702128	-0.00603845	2.203	
0.999964	3.11481e-05	-0.00851228	3.11053e-05	0.999973	0.00731313	0.00851228	-0.00731313	0.999937	0.0124889	-0.010737	2.93731	
0.999943	4.8732e-05	-0.0106491	4.86462e-05	0.999958	0.00914385	0.0106491	-0.00914385	0.999901	0.0195244	-0.0167795	3.6716	
0.999918	7.02639e-05	-0.0127892	7.01136e-05	0.99994	0.0109754	0.0127892	-0.0109754	0.999858	0.0281303	-0.0241667	4.40585	
0.999888	9.57579e-05	-0.0149327	9.55171e-05	0.999918	0.0128079	0.0149327	-0.0128079	0.999806	0.038309	-0.0328993	5.14007	
0.999854	0.000125228	-0.0170795	0.000124866	0.999893	0.0146411	0.0170795	-0.0146411	0.999747	0.050063	-0.0429778	5.87425	
0.999815	0.000158688	-0.0192295	0.000158171	0.999864	0.0164751	0.0192295	-0.0164751	0.999679	0.0633947	-0.0544028	6.60839	
0.999771	0.000196151	-0.0213827	0.000195439	0.999832	0.0183097	0.0213827	-0.0183097	0.999604	0.0783064	-0.0671748	7.34247	
0.999723	0.00023763	-0.0235391	0.00023668	0.999797	0.020145	0.0235391	-0.020145	0.99952	0.0948004	-0.0812943	8.07649	
0.99967	0.000283138	-0.0256985	0.000281901	0.999758	0.0219809	0.0256985	-0.0219809	0.999428	0.112879	-0.0967617	8.81045	
0.999612	0.000332688	-0.027861	0.000331112	0.999716	0.0238174	0.027861	-0.0238174	0.999328	0.132545	-0.113578	9.54433	
0.999549	0.000386291	-0.0300265	0.00038432	0.999671	0.0256544	0.0300265	-0.0256543	0.99922	0.153799	-0.131742	10.2781	
0.999482	0.000443961	-0.0321949	0.000441532	0.999622	0.0274918	0.0321949	-0.0274918	0.999103	0.176645	-0.151256	11.0119	
0.999409	0.000505708	-0.0343662	0.000502755	0.99957	0.0293297	0.0343662	-0.0293296	0.998979	0.201085	-0.172119	11.7455	
0.999332	0.000571545	-0.0365403	0.000567998	0.999514	0.0311679	0.0365404	-0.0311678	0.998846	0.22712	-0.194332	12.4791	
0.99925	0.000641481	-0.0387172	0.000637266	0.999455	0.0330065	0.0387173	-0.0330064	0.998705	0.254752	-0.217895	13.2125	
0.999163	0.00071553	-0.0408969	0.000710565	0.999392	0.0348453	0.040897	-0.0348452	0.998556	0.283984	-0.242808	13.9458	
0.999071	0.0007937	-0.0430793	0.000787902	0.999327	0.0366844	0.0430794	-0.0366843	0.998398	0.314818	-0.269072	14.6791	
0.998975	0.000876003	-0.0452643	0.000869283	0.999257	0.0385237	0.0452644	-0.0385235	0.998232	0.347255	-0.296686	15.4122	
0.998873	0.000962449	-0.0474518	0.000954714	0.999185	0.0403631	0.047452	-0.0403629	0.998058	0.381298	-0.325651	16.1452	
0.998767	0.00105305	-0.049642	0.0010442	0.999109	0.0422026	0.0496421	-0.0422024	0.997875	0.416948	-0.355967	16.878	
0.998655	0.00114781	-0.0518346	0.00113774	0.999029	0.0440421	0.0518348	-0.0440419	0.997684	0.454208	-0.387633	17.6107	
0.998539	0.00124674	-0.0540296	0.00123535	0.998946	0.0458817	0.0540299	-0.0458814	0.997485	0.493078	-0.42065	18.3433	
0.998417	0.00134985	-0.056227	0.00133703	0.99886	0.0477213	0.0562273	-0.0477209	0.997277	0.533562	-0.455019	19.0757	
0.998291	0.00145715	-0.0584268	0.00144278	0.99877	0.0495607	0.0584271	-0.0495603	0.997061	0.57566	-0.490738	19.808	
0.998159	0.00156865	-0.0606288	0.00155261	0.998677	0.0514001	0.0606293	-0.0513996	0.996836	0.619374	-0.527807	20.5401	
0.998023	0.00168436	-0.0628331	0.00166651	0.99858	0.0532392	0.0628336	-0.0532387	0.996603	0.664706	-0.566227	21.272	
0.997881	0.00180428	-0.0650396	0.00178451	0.99848	0.0550782	0.0650401	-0.0550775	0.996362	0.711658	-0.605998	22.0038	
0.997734	0.00192842	-0.0672482	0.00190658	0.998377	0.0569168	0.0672488	-0.0569161	0.996112	0.76023	-0.647119	22.7354	
0.997583	0.00205679	-0.0694589	0.00203275	0.99827	0.0587552	0.0694596	-0.0587544	0.995853	0.810426	-0.68959	23.4667	
0.997426	0.0021894	-0.0716716	0.00216301	0.99816	0.0605933	0.0716724	-0.0605923	0.995586	0.862246	-0.733411	24.1979	
0.997264	0.00232625	-0.0738862	0.00229737	0.998047	0.0624309	0.0738871	-0.0624298	0.995311	0.915691	-0.778581	24.9289	
0.997097	0.00246735	-0.0761028	0.00243582	0.99793	0.0642681	0.0761039	-0.0642669	0.995027	0.970763	-0.825101	25.6597	
0.996925	0.0026127	-0.0783213	0.00257837	0.997809	0.0661048	0.0783225	-0.0661035	0.994734	1.02746	-0.872969	26.3903	
0.996747	0.00276232	-0.0805416	0.00272501	0.997686	0.067941	0.0805429	-0.0679395	0.994433	1.0858	-0.922186	27.1207	
0.996565	0.00291621	-0.0827637	0.00287576	0.997558	0.0697766	0.0827651	-0.0697749	0.994123	1.14576	-0.972751	27.8508	
0.996377	0.00307437	-0.0849875	0.00303061	0.997428	0.0716116	0.0849891	-0.0716098	0.993805	1.20735	-1.02466	28.5807	
0.996184	0.00323681	-0.087213	0.00318956	0.997294	0.073446	0.0872147	-0.0734439	0.993479	1.27058	-1.07792	29.3104	
0.995986	0.00340353	-0.0894401	0.00335262	0.997157	0.0752796	0.089442	-0.0752773	0.993143	1.33544	-1.13253	30.0399	
0.995783	0.00357454	-0.0916687	0.00351977	0.997016	0.0771125	0.0916708	-0.07711	0.992799	1.40194	-1.18848	30.769	
0.995575	0.00374985	-0.0938989	0.00369103	0.996872	0.0789446	0.0939012	-0.0789419	0.992447	1.47008	-1.24578	31.498	
0.995361	0.00392945	-0.0961305	0.00386639	0.996725	0.0807759	0.0961331	-0.0807729	0.992086	1.53986	-1.30442	32.2266	
0.995142	0.00411335	-0.0983636	0.00404585	0.996574	0.0826063	0.0983664	-0.082603	0.991716	1.61127	-1.36441	32.955	
0.994918	0.00430156	-0.100598	0.00422941	0.99642	0.0844358	0.100601	-0.0844322	0.991338	1.68433	-1.42574	33.6831	
0.994688	0.00449407	-0.102834	0.00441707	0.996262	0.0862643	0.102837	-0.0862604	0.990951	1.75902	-1.48841	34.411	
0.994454	0.0046909	-0.105071	0.00460882	0.996102	0.0880919	0.105074	-0.0880875	0.990555	1.83536	-1.55243	35.1385	
0.994214	0.00489204	-0.107309	0.00480467	0.995938	0.0899183	0.107313	-0.0899136	0.990151	1.91334	-1.61779	35.8658	
0.993968	0.00509749	-0.109548	0.00500461	0.99577	0.0917437	0.109552	-0.0917386	0.989738	1.99297	-1.68448	36.5928	
0.993718	0.00530726	-0.111789	0.00520864	0.995599	0.093568	0.111793	-0.0935624	0.989317	2.07424	-1.75252	37.3194	
0.99336	0.00560115	-0.114908	0.00512853	0.995665	0.0928689	0.11493	-0.0928416	0.989026	2.15749	-1.82096	38.0458	
0.992992	0.00589365	-0.118035	0.00504647	0.99573	0.0921724	0.118075	-0.0921221	0.988722	2.24304	-1.88888	38.772	
0.992612	0.00618476	-0.121171	0.00496247	0.995795	0.0914783	0.121228	-0.0914038	0.988407	2.33091	-1.95626	39.4979	
0.992222	0.00647443	-0.124316	0.00487653	0.995858	0.0907868	0.124388	-0.0906868	0.988081	2.42109	-2.02312	40.2236	
0.99182	0.00676264	-0.127468	0.00478866	0.995921	0.0900977	0.127557	-0.089971	0.987742	2.5136	-2.08945	40.9491	
0.991406	0.00704935	-0.130627	0.00469886	0.995984	0.089411	0.130733	-0.0892564	0.987392	2.60843	-2.15526	41.6743	
0.990982	0.00733455	-0.133794	0.00460714	0.996045	0.0887267	0.133916	-0.088543	0.987029	2.70561	-2.22054	42.3993	
0.990546	0.0076182	-0.136969	0.0045135	0.996106	0.0880448	0.137106	-0.0878307	0.986655	2.80512	-2.2853	43.124	
0.990099	0.00790027	-0.140149	0.00441795	0.996167	0.0873653	0.140302	-0.0871194	0.986268	2.90697	-2.34954	43.8484	
0.98964	0.00818075	-0.143337	0.00432049	0.996226	0.086688	0.143505	-0.0864092	0.98587	3.01118	-2.41325	44.5725	
0.98917	0.00845959	-0.146531	0.00422112	0.996285	0.086013	0.146714	-0.0857	0.98546	3.11774	-2.47645	45.2963	
0.988688	0.00873678	-0.149731	0.00411984	0.996343	0.0853403	0.149929	-0.0849918	0.985037	3.22666	-2.53912	46.0198	
0.988195	0.00901229	-0.152937	0.00401666	0.996401	0.0846697	0.153149	-0.0842845	0.984602	3.33794	-2.60128	46.743	
0.98769	0.00928609	-0.156148	0.00391158	0.996458	0.0840014	0.156375	-0.0835781	0.984155	3.45159	-2.66291	47.4659	
0.987174	0.00955817	-0.159364	0.0038046	0.996514	0.0833351	0.159605	-0.0828725	0.983696	3.56761	-2.72403	48.1884	
0.986645	0.00982848	-0.162586	0.00369572	0.99657	0.0826709	0.162841	-0.0821678	0.983225	3.686	-2.78462	48.9106	
0.986106	0.010097	-0.165812	0.00358494	0.996625	0.0820088	0.166081	-0.0814638	0.982741	3.80677	-2.8447	49.6325	
0.985554	0.0103637	-0.169043	0.00347227	0.99668	0.0813487	0.169325	-0.0807605	0.982246	3.92993	-2.90427	50.3539	
0.984991	0.0106286	-0.172278	0.0033577	0.996734	0.0806906	0.172573	-0.080058	0.981738	4.05546	-2.96332	51.0751	
0.984416	0.0108917	-0.175517	0.00324123	0.996787	0.0800344	0.175825	-0.079356	0.981218	4.18338	-3.02185	51.7958	
0.983829	0.0111529	-0.17876	0.00312286	0.99684	0.07938	0.17908	-0.0786547	0.980685	4.31369	-3.07987	52.5162	
0.983231	0.0114121	-0.182006	0.00300259	0.996892	0.0787275	0.182339	-0.0779539	0.980141	4.4464	-3.13737	53.2361	
0.982621	0.0116695	-0.185256	0.00288042	0.996943	0.0780768	0.185601	-0.0772535	0.979584	4.58149	-3.19436	53.9557	
0.981999	0.0119249	-0.188508	0.00275634	0.996994	0.0774278	0.188865	-0.0765537	0.979015	4.71899	-3.25083	54.6748	
0.981366	0.0121784	-0.191763	0.00263035	0.997045	0.0767806	0.192132	-0.0758542	0.978433	4.85888	-3.30679	55.3935	
0.98072	0.0124298	-0.195021	0.00250245	0.997094	0.0761349	0.195401	-0.0751551	0.97784	5.00117	-3.36224	56.1118	
0.980063	0.0126793	-0.198281	0.00237264	0.997144	0.0754909	0.198672	-0.0744563	0.977234	5.14586	-3.41717	56.8297	
0.979394	0.0129267	-0.201543	0.0022409	0.997192	0.0748484	0.201944	-0.0737577	0.976616	5.29296	-3.47159	57.5471	
0.978714	0.0131721	-0.204806	0.00210724	0.997241	0.0742074	0.205218	-0.0730594	0.975986	5.44246	-3.5255	58.264	
0.978022	0.0134154	-0.208071	0.00197164	0.997288	0.0735678	0.208493	-0.0723612	0.975343	5.59436	-3.57889	58.9805	
0.977318	0.0136566	-0.211337	0.00183411	0.997335	0.0729297	0.21177	-0.0716631	0.974689	5.74867	-3.63177	59.6965	
0.976602	0.0138957	-0.214604	0.00169463	0.997382	0.0722929	0.215046	-0.0709651	0.974022	5.90538	-3.68414	60.412	
0.975875	0.0141327	-0.217871	0.0015532	0.997428	0.0716573	0.218324	-0.070267	0.973343	6.06451	-3.736	61.127	
0.975136	0.0143675	-0.221139	0.00140981	0.997474	0.0710231	0.221601	-0.0695689	0.972653	6.22603	-3.78734	61.8415	
0.974386	0.0146002	-0.224407	0.00126446	0.997519	0.07039	0.224878	-0.0688708	0.97195	6.38997	-3.83817	62.5555	
0.973624	0.0148307	-0.227675	0.00111712	0.997563	0.069758	0.228155	-0.0681724	0.971235	6.55631	-3.88849	63.269	
0.972851	0.0150589	-0.230943	0.000967803	0.997607	0.0691271	0.231431	-0.0674739	0.970509	6.72506	-3.9383	63.982	
0.972066	0.015285	-0.23421	0.000816487	0.997651	0.0684973	0.234707	-0.0667751	0.96977	6.89621	-3.98759	64.6944	
0.97127	0.0155088	-0.237476	0.000663165	0.997694	0.0678684	0.237981	-0.066076	0.96902	7.06977	-4.03637	65.4063	
0.970462	0.0157303	-0.240741	0.000507825	0.997737	0.0672405	0.241254	-0.0653766	0.968257	7.24573	-4.08464	66.1176	
0.969643	0.0159496	-0.244005	0.000350457	0.997779	0.0666134	0.244525	-0.0646767	0.967483	7.42409	-4.13239	66.8283	
0.968812	0.0161666	-0.247267	0.000191047	0.99782	0.0659871	0.247795	-0.0639764	0.966698	7.60486	-4.17962	67.5385	
0.967971	0.0163813	-0.250527	2.95852e-05	0.997862	0.0653616	0.251062	-0.0632755	0.965901	7.78803	-4.22635	68.2481	
0.967118	0.0165936	-0.253786	-0.000133943	0.997902	0.0647368	0.254328	-0.0625741	0.965092	7.97359	-4.27256	68.9571	
0.966254	0.0168036	-0.257042	-0.000299551	0.997943	0.0641126	0.25759	-0.0618721	0.964271	8.16155	-4.31825	69.6655	
0.965379	0.0170113	-0.260295	-0.000467252	0.997982	0.0634891	0.26085	-0.0611694	0.96344	8.35191	-4.36343	70.3733	
0.964493	0.0172166	-0.263545	-0.000637062	0.998022	0.0628661	0.264106	-0.060466	0.962596	8.54466	-4.40809	71.0805	
0.962559	0.0175923	-0.270501	-0.00515241	0.998899	0.0466301	0.271023	-0.0434904	0.96159	8.74115	-4.44626	71.787	
