1	0	0	0	1	0	0	0	1	0	0	0	
0.999999	4.81207e-08	-0.00157408	4.81207e-08	1	6.11415e-05	0.00157408	-6.11415e-05	0.999999	0.000758816	-2.94745e-05	0.964141	
0.999995	1.93411e-07	-0.00315515	1.93554e-07	1	0.000122645	0.00315515	-0.000122645	0.999995	0.00303864	-0.000118073	1.92828	
0.999989	4.37293e-07	-0.00474314	4.37867e-07	1	0.00018451	0.00474314	-0.00018451	0.999989	0.00684617	-0.000266143	2.89241	
0.99998	7.8118e-07	-0.00633798	7.82621e-07	1	0.000246733	0.00633798	-0.000246733	0.99998	0.012188	-0.000474033	3.85654	
0.999968	1.22647e-06	-0.00793959	1.22937e-06	1	0.000309312	0.00793959	-0.000309312	0.999968	0.0190708	-0.000742086	4.82066	
0.999954	1.77457e-06	-0.0095479	1.77966e-06	1	0.000372245	0.0095479	-0.000372245	0.999954	0.0275011	-0.00107064	5.78476	
0.999938	2.42686e-06	-0.0111628	2.43504e-06	1	0.00043553	0.0111628	-0.00043553	0.999938	0.0374851	-0.00146005	6.74885	
0.999918	3.18471e-06	-0.0127843	3.19703e-06	1	0.000499164	0.0127843	-0.000499165	0.999918	0.0490293	-0.00191064	7.71292	
0.999896	4.04949e-06	-0.0144123	4.06716e-06	1	0.000563147	0.0144123	-0.000563147	0.999896	0.06214	-0.00242275	8.67697	
0.999871	5.02255e-06	-0.0160466	5.04695e-06	1	0.000627475	0.0160466	-0.000627475	0.999871	0.0768233	-0.00299671	9.641	
0.999844	6.10524e-06	-0.0176873	6.1379e-06	1	0.000692145	0.0176873	-0.000692146	0.999843	0.0930855	-0.00363286	10.605	
0.999813	7.29889e-06	-0.0193342	7.34153e-06	1	0.000757157	0.0193342	-0.000757157	0.999813	0.110932	-0.00433153	11.569	
0.99978	8.60482e-06	-0.0209873	8.6593e-06	1	0.000822507	0.0209873	-0.000822508	0.999779	0.13037	-0.00509304	12.5329	
0.999744	1.00244e-05	-0.0226465	1.00927e-05	1	0.000888193	0.0226465	-0.000888194	0.999743	0.151405	-0.00591772	13.4968	
0.999704	1.15588e-05	-0.0243117	1.16432e-05	1	0.000954213	0.0243117	-0.000954214	0.999704	0.174042	-0.00680589	14.4607	
0.999662	1.32094e-05	-0.0259829	1.33123e-05	0.999999	0.00102056	0.0259829	-0.00102057	0.999662	0.198288	-0.00775787	15.4246	
0.999617	1.49774e-05	-0.0276599	1.51014e-05	0.999999	0.00108725	0.0276599	-0.00108725	0.999617	0.224147	-0.00877399	16.3883	
0.999569	1.68642e-05	-0.0293427	1.7012e-05	0.999999	0.00115425	0.0293427	-0.00115426	0.999569	0.251626	-0.00985455	17.3521	
0.999518	1.88709e-05	-0.0310311	1.90455e-05	0.999999	0.00122158	0.0310311	-0.00122159	0.999518	0.280731	-0.0109999	18.3158	
0.999464	2.09988e-05	-0.0327253	2.12032e-05	0.999999	0.00128924	0.0327253	-0.00128924	0.999464	0.311466	-0.0122103	19.2794	
0.999407	2.32491e-05	-0.034425	2.34867e-05	0.999999	0.00135721	0.034425	-0.00135721	0.999406	0.343837	-0.0134861	20.243	
0.999347	2.56231e-05	-0.0361301	2.58973e-05	0.999999	0.0014255	0.0361301	-0.0014255	0.999346	0.37785	-0.0148275	21.2066	
0.999284	2.81219e-05	-0.0378406	2.84364e-05	0.999999	0.0014941	0.0378406	-0.00149411	0.999283	0.413509	-0.016235	22.1701	
0.999217	3.07466e-05	-0.0395565	3.11053e-05	0.999999	0.00156302	0.0395565	-0.00156303	0.999216	0.45082	-0.0177087	23.1335	
0.999148	3.34986e-05	-0.0412776	3.39054e-05	0.999999	0.00163224	0.0412776	-0.00163225	0.999146	0.489788	-0.0192491	24.0968	
0.999075	3.63788e-05	-0.0430038	3.68381e-05	0.999999	0.00170177	0.0430038	-0.00170178	0.999073	0.530417	-0.0208563	25.0601	
0.998999	3.93885e-05	-0.0447352	3.99047e-05	0.999998	0.00177161	0.0447352	-0.00177162	0.998997	0.572714	-0.0225308	26.0233	
0.99892	4.25288e-05	-0.0464715	4.31065e-05	0.999998	0.00184175	0.0464715	-0.00184176	0.998918	0.616682	-0.0242727	26.9865	
0.998837	4.58008e-05	-0.0482127	4.64448e-05	0.999998	0.00191218	0.0482127	-0.0019122	0.998835	0.662326	-0.0260823	27.9495	
0.998751	4.92055e-05	-0.0499588	4.99209e-05	0.999998	0.00198291	0.0499588	-0.00198293	0.998749	0.709652	-0.0279601	28.9125	
0.998662	5.2744e-05	-0.0517096	5.3536e-05	0.999998	0.00205394	0.0517096	-0.00205396	0.99866	0.758663	-0.0299061	29.8754	
0.99857	5.64174e-05	-0.0534652	5.72915e-05	0.999998	0.00212525	0.0534652	-0.00212527	0.998567	0.809365	-0.0319208	30.8382	
0.998474	6.02268e-05	-0.0552253	6.11885e-05	0.999998	0.00219685	0.0552253	-0.00219688	0.998472	0.861761	-0.0340044	31.8009	
0.998375	6.41731e-05	-0.0569899	6.52283e-05	0.999997	0.00226874	0.0569899	-0.00226877	0.998372	0.915857	-0.0361572	32.7635	
0.998272	6.82574e-05	-0.0587589	6.94121e-05	0.999997	0.00234091	0.0587589	-0.00234094	0.998269	0.971656	-0.0383794	33.7261	
0.998166	7.24806e-05	-0.0605324	7.37411e-05	0.999997	0.00241336	0.0605324	-0.0024134	0.998163	1.02916	-0.0406713	34.6885	
0.998057	7.68438e-05	-0.06231	7.82165e-05	0.999997	0.00248609	0.06231	-0.00248613	0.998054	1.08838	-0.0430332	35.6508	
0.997944	8.13478e-05	-0.0640919	8.28394e-05	0.999997	0.00255909	0.0640919	-0.00255913	0.997941	1.14932	-0.0454654	36.613	
0.997828	8.59936e-05	-0.0658779	8.7611e-05	0.999997	0.00263236	0.0658779	-0.00263241	0.997824	1.21197	-0.0479681	37.5751	
0.997708	9.07822e-05	-0.0676679	9.25324e-05	0.999996	0.00270589	0.0676679	-0.00270595	0.997704	1.27635	-0.0505415	38.5371	
0.997585	9.57144e-05	-0.0694618	9.76047e-05	0.999996	0.0027797	0.0694618	-0.00277976	0.997581	1.34246	-0.053186	39.499	
0.997458	0.000100791	-0.0712597	0.000102829	0.999996	0.00285376	0.0712597	-0.00285384	0.997454	1.41029	-0.0559018	40.4607	
0.997327	0.000106013	-0.0730613	0.000108206	0.999996	0.00292809	0.0730613	-0.00292817	0.997323	1.47987	-0.0586892	41.4223	
0.997194	0.000111381	-0.0748666	0.000113738	0.999995	0.00300267	0.0748665	-0.00300276	0.997189	1.55118	-0.0615483	42.3838	
0.997056	0.000116897	-0.0766755	0.000119425	0.999995	0.00307751	0.0766755	-0.0030776	0.997051	1.62423	-0.0644795	43.3452	
0.996915	0.00012256	-0.0784879	0.000125267	0.999995	0.00315259	0.0784879	-0.0031527	0.99691	1.69903	-0.0674829	44.3064	
0.99677	0.000128372	-0.0803038	0.000131268	0.999995	0.00322792	0.0803038	-0.00322804	0.996765	1.77558	-0.0705589	45.2675	
0.996622	0.000134333	-0.0821231	0.000137426	0.999995	0.0033035	0.0821231	-0.00330363	0.996617	1.85388	-0.0737076	46.2285	
0.99647	0.000140444	-0.0839456	0.000143743	0.999994	0.00337932	0.0839456	-0.00337946	0.996465	1.93394	-0.0769293	47.1893	
0.996315	0.000146706	-0.0857714	0.00015022	0.999994	0.00345537	0.0857714	-0.00345552	0.996309	2.01575	-0.0802243	48.1499	
0.996156	0.00015312	-0.0876002	0.000156859	0.999994	0.00353166	0.0876002	-0.00353183	0.996149	2.09933	-0.0835927	49.1104	
0.995993	0.000159686	-0.0894322	0.000163659	0.999993	0.00360819	0.0894322	-0.00360837	0.995986	2.18467	-0.0870348	50.0708	
0.995826	0.000166405	-0.091267	0.000170622	0.999993	0.00368494	0.091267	-0.00368513	0.99582	2.27178	-0.0905507	51.031	
0.995656	0.000173277	-0.0931048	0.000177749	0.999993	0.00376192	0.0931047	-0.00376212	0.995649	2.36066	-0.0941408	51.991	
0.995482	0.000180303	-0.0949453	0.00018504	0.999993	0.00383912	0.0949453	-0.00383934	0.995475	2.45132	-0.0978053	52.9509	
0.995305	0.000187485	-0.0967885	0.000192496	0.999992	0.00391654	0.0967885	-0.00391678	0.995297	2.54375	-0.101544	53.9106	
0.995124	0.000194821	-0.0986343	0.000200119	0.999992	0.00399417	0.0986343	-0.00399443	0.995116	2.63795	-0.105358	54.8701	
0.994939	0.000202314	-0.100483	0.000207908	0.999992	0.00407202	0.100483	-0.0040723	0.99493	2.73394	-0.109247	55.8294	
0.99475	0.000209963	-0.102334	0.000215864	0.999991	0.00415008	0.102334	-0.00415038	0.994741	2.83171	-0.113211	56.7886	
0.994558	0.000217769	-0.104187	0.00022399	0.999991	0.00422834	0.104187	-0.00422867	0.994549	2.93127	-0.11725	57.7476	
0.994362	0.000225732	-0.106042	0.000232284	0.999991	0.00430681	0.106042	-0.00430716	0.994352	3.03262	-0.121365	58.7064	
0.994162	0.000233853	-0.1079	0.000240747	0.99999	0.00438547	0.1079	-0.00438585	0.994152	3.13575	-0.125556	59.665	
0.994123	0.000236029	-0.108259	0.000595921	0.999971	0.00765241	0.108257	-0.00767195	0.994093	3.23996	-0.131368	60.6234	
0.994083	0.000239432	-0.108622	0.000952384	0.99994	0.0109201	0.108618	-0.010959	0.994023	3.34451	-0.14035	61.5819	
0.994043	0.000244088	-0.108989	0.00131014	0.999898	0.0141885	0.108982	-0.0142468	0.993942	3.4494	-0.152501	62.5402	
0.994002	0.000250021	-0.10936	0.00166917	0.999846	0.0174574	0.109348	-0.0175352	0.993849	3.55465	-0.167822	63.4985	
0.993961	0.000257252	-0.109735	0.0020295	0.999783	0.0207267	0.109716	-0.0208242	0.993745	3.66026	-0.186314	64.4566	
0.993919	0.000265803	-0.110113	0.0023911	0.999709	0.0239962	0.110087	-0.0241135	0.993629	3.76622	-0.207977	65.4147	
0.993877	0.000275691	-0.110494	0.00275399	0.999624	0.0272657	0.11046	-0.0274031	0.993503	3.87254	-0.232812	66.3726	
0.993834	0.000286933	-0.110879	0.00311815	0.999529	0.0305353	0.110835	-0.0306928	0.993365	3.97922	-0.260818	67.3304	
0.993791	0.000299542	-0.111266	0.00348358	0.999422	0.0338047	0.111212	-0.0339824	0.993216	4.08626	-0.291996	68.2881	
0.993747	0.000313532	-0.111656	0.00385028	0.999305	0.0370737	0.11159	-0.0372718	0.993055	4.19367	-0.326346	69.2456	
0.993703	0.000328912	-0.112049	0.00421823	0.999177	0.0403424	0.11197	-0.0405609	0.992883	4.30144	-0.363866	70.203	
0.993658	0.000345691	-0.112443	0.00458743	0.999038	0.0436104	0.11235	-0.0438496	0.992701	4.40958	-0.404558	71.1602	
0.994752	-0.000212933	-0.102316	0.00692891	0.997842	0.0652889	0.102081	-0.0656552	0.992607	4.51296	-0.45735	72.1173	
0.995741	-0.000993839	-0.0921917	0.00904547	0.996171	0.0869591	0.0917523	-0.0874227	0.991937	4.6064	-0.531148	73.074	
0.996624	-0.00199657	-0.0820776	0.0109359	0.994024	0.108608	0.0813703	-0.109139	0.99069	4.68986	-0.625909	74.0298	
0.997401	-0.00322055	-0.0719792	0.012599	0.991405	0.130224	0.0709411	-0.130793	0.988868	4.76329	-0.741579	74.9842	
0.998071	-0.00466507	-0.0619022	0.014034	0.988313	0.151794	0.0604706	-0.15237	0.986472	4.82664	-0.87809	75.9365	
0.998635	-0.00632928	-0.0518527	0.0152399	0.98475	0.173305	0.049965	-0.173859	0.983502	4.87988	-1.03536	76.8862	
0.999091	-0.00821221	-0.0418363	0.016216	0.98072	0.194745	0.0394304	-0.195246	0.979961	4.92298	-1.21331	77.8327	
0.999439	-0.0103128	-0.031859	0.0169619	0.976224	0.216102	0.0288729	-0.216521	0.975851	4.95591	-1.41182	78.7756	
0.99968	-0.0126298	-0.0219266	0.017477	0.971264	0.237362	0.0182986	-0.237669	0.971174	4.97865	-1.63078	79.7143	
0.999813	-0.0151618	-0.0120447	0.017761	0.965844	0.258514	0.00771373	-0.25868	0.965932	4.99119	-1.87007	80.6481	
0.999837	-0.0179075	-0.00221913	0.0178138	0.959967	0.279546	-0.00287567	-0.27954	0.96013	4.99352	-2.12954	81.5767	
0.999754	-0.0208651	0.00754436	0.0176354	0.953636	0.300445	-0.0134634	-0.300238	0.953769	4.98565	-2.40905	82.4994	
0.999562	-0.0240331	0.0172401	0.0172259	0.946855	0.321199	-0.0240433	-0.320761	0.946855	4.96757	-2.70843	83.4157	
0.999263	-0.0274095	0.0268626	0.0165854	0.939628	0.341795	-0.0346092	-0.341098	0.93939	4.93929	-3.0275	84.325	
0.998856	-0.0309923	0.036406	0.0157144	0.931959	0.362223	-0.0451551	-0.361237	0.93138	4.90084	-3.36609	85.2269	
0.998342	-0.0347796	0.045865	0.0146134	0.923852	0.38247	-0.0556747	-0.381166	0.922829	4.85223	-3.724	86.1208	
0.99772	-0.0387691	0.055234	0.013283	0.915313	0.402525	-0.0661619	-0.400873	0.913741	4.79349	-4.10102	87.0062	
0.996992	-0.0429584	0.0645076	0.011724	0.906345	0.422375	-0.0766107	-0.420348	0.904123	4.72466	-4.49693	87.8826	
0.996157	-0.0473452	0.0736804	0.00993732	0.896956	0.442009	-0.087015	-0.439579	0.893979	4.64578	-4.91149	88.7494	
0.995217	-0.0519269	0.082747	0.00792394	0.887148	0.461416	-0.0973688	-0.458554	0.883316	4.55689	-5.34447	89.6062	
0.994171	-0.0567008	0.0917022	0.00568507	0.87693	0.480585	-0.107666	-0.477262	0.87214	4.45804	-5.79563	90.4525	
0.99302	-0.0616642	0.100541	0.00322199	0.866306	0.499504	-0.117901	-0.495694	0.860458	4.3493	-6.26468	91.2878	
0.991765	-0.0668142	0.109258	0.000536154	0.855282	0.518163	-0.128067	-0.513837	0.848275	4.23072	-6.75137	92.1116	
0.990407	-0.0721478	0.117848	-0.00237089	0.843865	0.53655	-0.138159	-0.531682	0.835599	4.10237	-7.25541	92.9234	
0.988947	-0.0776619	0.126306	-0.00549745	0.832063	0.554655	-0.14817	-0.549218	0.822439	3.96433	-7.77651	93.7227	
