1	0	0	0	1	0	0	0	1	0	0	0	
0.999994	-4.02636e-06	0.00342883	-4.02636e-06	0.999997	0.00234852	-0.00342883	-0.00234852	0.999991	-0.00125897	-0.00086231	0.734341	
0.999976	-1.61041e-05	0.00685618	-1.61151e-05	0.999989	0.00469921	-0.00685618	-0.00469921	0.999965	-0.00503534	-0.00345004	1.46867	
0.999947	-3.6234e-05	0.010282	-3.62778e-05	0.999975	0.00705204	-0.010282	-0.00705204	0.999922	-0.011328	-0.00776477	2.20297	
0.999906	-6.44164e-05	0.0137062	-6.45259e-05	0.999956	0.00940696	-0.0137062	-0.00940696	0.999862	-0.0201358	-0.0138081	2.93724	
0.999853	-0.000100652	0.0171287	-0.000100871	0.999931	0.0117639	-0.0171287	-0.0117639	0.999784	-0.0314575	-0.0215814	3.67145	
0.999789	-0.00014494	0.0205495	-0.000145323	0.9999	0.0141229	-0.0205495	-0.0141229	0.999689	-0.0452919	-0.0310863	4.4056	
0.999713	-0.000197281	0.0239685	-0.000197895	0.999864	0.0164838	-0.0239685	-0.0164838	0.999577	-0.0616376	-0.0423243	5.13968	
0.999625	-0.000257676	0.0273856	-0.000258595	0.999822	0.0188467	-0.0273856	-0.0188467	0.999447	-0.0804934	-0.0552967	5.87367	
0.999525	-0.000326122	0.0308008	-0.000327436	0.999775	0.0212114	-0.0308008	-0.0212115	0.9993	-0.101858	-0.0700049	6.60755	
0.999414	-0.000402621	0.0342141	-0.000404428	0.999722	0.023578	-0.0342141	-0.023578	0.999136	-0.12573	-0.0864504	7.34132	
0.999292	-0.000487171	0.0376253	-0.00048958	0.999663	0.0259464	-0.0376253	-0.0259464	0.998955	-0.152107	-0.104634	8.07496	
0.999158	-0.000579771	0.0410344	-0.000582903	0.999599	0.0283165	-0.0410344	-0.0283165	0.998756	-0.180989	-0.124558	8.80847	
0.999012	-0.00068042	0.0444414	-0.000684406	0.999529	0.0306883	-0.0444413	-0.0306884	0.998541	-0.212373	-0.146223	9.54182	
0.998854	-0.000789118	0.0478461	-0.0007941	0.999453	0.0330618	-0.047846	-0.0330619	0.998307	-0.246258	-0.169631	10.275	
0.998686	-0.000905863	0.0512485	-0.000911994	0.999372	0.0354369	-0.0512484	-0.035437	0.998057	-0.282643	-0.194781	11.008	
0.998505	-0.00103065	0.0546487	-0.0010381	0.999284	0.0378135	-0.0546485	-0.0378137	0.997789	-0.321525	-0.221677	11.7408	
0.998313	-0.00116349	0.0580464	-0.00117242	0.999191	0.0401917	-0.0580462	-0.040192	0.997505	-0.362904	-0.250319	12.4735	
0.99811	-0.00130436	0.0614416	-0.00131497	0.999093	0.0425714	-0.0614414	-0.0425718	0.997202	-0.406776	-0.280707	13.2059	
0.997895	-0.00145327	0.0648344	-0.00146575	0.998988	0.0449526	-0.0648341	-0.044953	0.996883	-0.453141	-0.312844	13.938	
0.997669	-0.00161023	0.0682245	-0.00162478	0.998878	0.0473351	-0.0682242	-0.0473356	0.996546	-0.501996	-0.34673	14.67	
0.997431	-0.00177521	0.071612	-0.00179207	0.998762	0.049719	-0.0716116	-0.0497196	0.996193	-0.55334	-0.382366	15.4016	
0.997182	-0.00194823	0.0749968	-0.00196761	0.99864	0.0521042	-0.0749963	-0.0521049	0.995822	-0.607171	-0.419753	16.133	
0.996921	-0.00212928	0.0783789	-0.00215143	0.998512	0.0544906	-0.0783783	-0.0544915	0.995433	-0.663485	-0.458892	16.8642	
0.99665	-0.00231836	0.0817581	-0.00234352	0.998378	0.0568783	-0.0817574	-0.0568794	0.995028	-0.722283	-0.499784	17.595	
0.996366	-0.00251546	0.0851345	-0.0025439	0.998239	0.0592672	-0.0851336	-0.0592684	0.994605	-0.783561	-0.542431	18.3256	
0.996072	-0.00272058	0.0885079	-0.00275257	0.998094	0.0616572	-0.0885069	-0.0616586	0.994165	-0.847317	-0.586832	19.0558	
0.995766	-0.00293371	0.0918783	-0.00296954	0.997942	0.0640483	-0.0918772	-0.0640499	0.993708	-0.913549	-0.632988	19.7857	
0.995449	-0.00315487	0.0952457	-0.00319482	0.997785	0.0664404	-0.0952443	-0.0664423	0.993234	-0.982254	-0.680901	20.5152	
0.99512	-0.00338403	0.0986099	-0.00342841	0.997622	0.0688335	-0.0986084	-0.0688357	0.992743	-1.05343	-0.730572	21.2444	
0.994781	-0.00362119	0.101971	-0.00367033	0.997453	0.0712276	-0.101969	-0.0712301	0.992234	-1.12708	-0.782	21.9733	
0.99443	-0.00386636	0.105329	-0.00392058	0.997278	0.0736226	-0.105327	-0.0736254	0.991708	-1.20319	-0.835187	22.7017	
0.994068	-0.00411953	0.108683	-0.00417915	0.997098	0.0760184	-0.108681	-0.0760217	0.991166	-1.28177	-0.890133	23.4298	
0.993695	-0.00438069	0.112035	-0.00444607	0.996911	0.0784151	-0.112032	-0.0784187	0.990606	-1.36281	-0.946839	24.1574	
0.99331	-0.00464984	0.115382	-0.00472134	0.996718	0.0808125	-0.115379	-0.0808166	0.990028	-1.44631	-1.00531	24.8846	
0.992915	-0.00492697	0.118727	-0.00500496	0.996519	0.0832107	-0.118723	-0.0832153	0.989434	-1.53226	-1.06553	25.6114	
0.992508	-0.00521209	0.122067	-0.00529694	0.996315	0.0856095	-0.122064	-0.0856147	0.988823	-1.62067	-1.12752	26.3378	
0.99209	-0.00550517	0.125405	-0.00559729	0.996104	0.088009	-0.125401	-0.0880148	0.988194	-1.71154	-1.19128	27.0637	
0.991662	-0.00580623	0.128738	-0.005906	0.995887	0.090409	-0.128734	-0.0904155	0.987549	-1.80485	-1.25679	27.7891	
0.991222	-0.00611525	0.132068	-0.00622309	0.995664	0.0928097	-0.132063	-0.0928168	0.986886	-1.90061	-1.32407	28.5141	
0.990771	-0.00643223	0.135394	-0.00654856	0.995436	0.0952108	-0.135389	-0.0952187	0.986207	-1.99881	-1.39311	29.2386	
0.990309	-0.00675716	0.138717	-0.00688241	0.995201	0.0976123	-0.13871	-0.0976211	0.98551	-2.09945	-1.46392	29.9625	
0.989836	-0.00709003	0.142035	-0.00722466	0.99496	0.100014	-0.142028	-0.100024	0.984796	-2.20253	-1.53648	30.686	
0.989352	-0.00743085	0.145349	-0.00757529	0.994713	0.102417	-0.145342	-0.102427	0.984065	-2.30804	-1.61082	31.4089	
0.988858	-0.00777961	0.14866	-0.00793433	0.99446	0.104819	-0.148652	-0.104831	0.983317	-2.41599	-1.68692	32.1313	
0.988352	-0.00813629	0.151966	-0.00830177	0.9942	0.107222	-0.151957	-0.107235	0.982553	-2.52636	-1.76478	32.8531	
0.987836	-0.00850089	0.155269	-0.00867761	0.993935	0.109625	-0.155259	-0.109639	0.981771	-2.63916	-1.84441	33.5743	
0.987308	-0.00887341	0.158567	-0.00906187	0.993664	0.112029	-0.158556	-0.112044	0.980972	-2.75439	-1.92581	34.295	
0.98677	-0.00925383	0.161861	-0.00945454	0.993386	0.114432	-0.161849	-0.114448	0.980156	-2.87203	-2.00897	35.015	
0.986221	-0.00964216	0.165151	-0.00985562	0.993102	0.116836	-0.165138	-0.116853	0.979324	-2.99209	-2.0939	35.7345	
0.985661	-0.0100384	0.168436	-0.0102651	0.992813	0.119239	-0.168422	-0.119258	0.978474	-3.11457	-2.18059	36.4534	
0.985091	-0.0104425	0.171717	-0.0106831	0.992516	0.121643	-0.171702	-0.121664	0.977607	-3.23945	-2.26905	37.1716	
0.984968	-0.0105304	0.172415	-0.0112038	0.992144	0.124601	-0.172372	-0.12466	0.977112	-3.36579	-2.3595	37.8893	
0.984845	-0.0106205	0.173112	-0.0117286	0.99176	0.127569	-0.173041	-0.127666	0.976605	-3.49261	-2.45214	38.6067	
0.984721	-0.0107128	0.17381	-0.0122573	0.991366	0.130547	-0.173708	-0.130683	0.976088	-3.61993	-2.547	39.3236	
0.984596	-0.0108074	0.174508	-0.01279	0.990962	0.133533	-0.174374	-0.133708	0.975559	-3.74774	-2.64408	40.0402	
0.984471	-0.0109042	0.175207	-0.0133265	0.990546	0.136529	-0.175039	-0.136743	0.975019	-3.87603	-2.74338	40.7564	
0.984346	-0.0110033	0.175905	-0.0138669	0.99012	0.139532	-0.175703	-0.139787	0.974468	-4.00481	-2.84491	41.4722	
0.984219	-0.0111046	0.176604	-0.0144111	0.989684	0.142544	-0.176365	-0.14284	0.973906	-4.13408	-2.94869	42.1876	
0.984093	-0.0112083	0.177303	-0.0149591	0.989236	0.145564	-0.177026	-0.1459	0.973332	-4.26384	-3.0547	42.9026	
0.983965	-0.0113142	0.178002	-0.0155109	0.988777	0.148591	-0.177685	-0.148969	0.972747	-4.39408	-3.16297	43.6171	
0.983837	-0.0114224	0.178701	-0.0160664	0.988307	0.151625	-0.178343	-0.152046	0.97215	-4.5248	-3.2735	44.3312	
0.983709	-0.011533	0.1794	-0.0166255	0.987827	0.154667	-0.179	-0.155129	0.971542	-4.65601	-3.38628	45.0449	
0.983579	-0.0116458	0.1801	-0.0171883	0.987335	0.157715	-0.179656	-0.158221	0.970922	-4.7877	-3.50134	45.7581	
0.98345	-0.011761	0.1808	-0.0177547	0.986832	0.160769	-0.18031	-0.161318	0.970291	-4.91987	-3.61866	46.4709	
0.983319	-0.0118786	0.1815	-0.0183247	0.986318	0.16383	-0.180963	-0.164423	0.969648	-5.05251	-3.73826	47.1832	
0.983188	-0.0119985	0.1822	-0.0188982	0.985793	0.166896	-0.181614	-0.167534	0.968994	-5.18564	-3.86015	47.895	
0.983057	-0.0121207	0.1829	-0.0194752	0.985257	0.169968	-0.182264	-0.17065	0.968328	-5.31925	-3.98432	48.6063	
0.982925	-0.0122453	0.183601	-0.0200556	0.98471	0.173045	-0.182913	-0.173773	0.96765	-5.45333	-4.11078	49.3171	
0.982792	-0.0123723	0.184301	-0.0206395	0.984151	0.176127	-0.18356	-0.176901	0.96696	-5.58789	-4.23954	50.0275	
0.982659	-0.0125017	0.185002	-0.0212267	0.983581	0.179214	-0.184205	-0.180033	0.966259	-5.72292	-4.3706	50.7373	
0.982525	-0.0126334	0.185703	-0.0218172	0.983	0.182305	-0.184849	-0.183171	0.965546	-5.85843	-4.50396	51.4466	
0.98239	-0.0127675	0.186403	-0.022411	0.982407	0.1854	-0.185491	-0.186313	0.964821	-5.99441	-4.63962	52.1554	
0.982255	-0.0129041	0.187104	-0.0230081	0.981804	0.188499	-0.186132	-0.189459	0.964085	-6.13086	-4.77759	52.8636	
0.98212	-0.013043	0.187805	-0.0236083	0.981189	0.191602	-0.186771	-0.19261	0.963337	-6.26778	-4.91788	53.5713	
0.981984	-0.0131843	0.188506	-0.0242117	0.980562	0.194707	-0.187409	-0.195764	0.962577	-6.40517	-5.06048	54.2785	
0.981847	-0.013328	0.189207	-0.0248182	0.979925	0.197816	-0.188045	-0.198921	0.961805	-6.54302	-5.2054	54.985	
0.98171	-0.0134741	0.189907	-0.0254277	0.979276	0.200927	-0.188679	-0.202081	0.961022	-6.68134	-5.35263	55.6911	
0.981572	-0.0136227	0.190608	-0.0260402	0.978616	0.20404	-0.189312	-0.205244	0.960227	-6.82013	-5.50219	56.3965	
0.981433	-0.0137736	0.191308	-0.0266557	0.977945	0.207156	-0.189942	-0.208409	0.95942	-6.95938	-5.65407	57.1013	
0.981294	-0.013927	0.192009	-0.0272742	0.977262	0.210273	-0.190571	-0.211577	0.958602	-7.0991	-5.80828	57.8056	
0.981155	-0.0140827	0.192709	-0.0278954	0.976568	0.213392	-0.191198	-0.214746	0.957772	-7.23927	-5.96481	58.5092	
0.981015	-0.0142409	0.193409	-0.0285195	0.975863	0.216512	-0.191824	-0.217917	0.95693	-7.37991	-6.12367	59.2122	
0.980874	-0.0144015	0.194108	-0.0291464	0.975147	0.219632	-0.192447	-0.221089	0.956077	-7.521	-6.28487	59.9146	
0.980733	-0.0145644	0.194808	-0.029776	0.97442	0.222754	-0.193069	-0.224262	0.955212	-7.66255	-6.44839	60.6164	
0.980592	-0.0147298	0.195507	-0.0304082	0.973682	0.225875	-0.193689	-0.227436	0.954336	-7.80456	-6.61424	61.3175	
0.98045	-0.0148976	0.196206	-0.0310431	0.972932	0.228997	-0.194306	-0.230611	0.953448	-7.94702	-6.78242	62.018	
0.980307	-0.0150678	0.196904	-0.0316805	0.972172	0.232118	-0.194922	-0.233785	0.952549	-8.08993	-6.95293	62.7179	
0.980164	-0.0152403	0.197602	-0.0323204	0.9714	0.235239	-0.195536	-0.236959	0.951639	-8.2333	-7.12578	63.417	
0.98002	-0.0154153	0.1983	-0.0329628	0.970618	0.238359	-0.196148	-0.240133	0.950717	-8.37711	-7.30095	64.1155	
0.979876	-0.0155926	0.198997	-0.0336076	0.969824	0.241478	-0.196757	-0.243306	0.949784	-8.52138	-7.47846	64.8133	
0.979731	-0.0157723	0.199694	-0.0342547	0.96902	0.244595	-0.197365	-0.246478	0.948839	-8.66609	-7.65829	65.5104	
0.979586	-0.0159544	0.20039	-0.0349041	0.968205	0.247711	-0.19797	-0.249649	0.947884	-8.81124	-7.84046	66.2069	
0.979441	-0.0161388	0.201085	-0.0355558	0.967379	0.250825	-0.198574	-0.252818	0.946917	-8.95684	-8.02495	66.9026	
0.979295	-0.0163256	0.20178	-0.0362096	0.966543	0.253936	-0.199175	-0.255985	0.945939	-9.10289	-8.21177	67.5976	
0.979148	-0.0165148	0.202475	-0.0368656	0.965696	0.257045	-0.199774	-0.25915	0.944951	-9.24937	-8.40091	68.2919	
0.979001	-0.0167063	0.203168	-0.0375236	0.964838	0.260152	-0.200371	-0.262312	0.943951	-9.39629	-8.59237	68.9854	
0.978854	-0.0169001	0.203861	-0.0381837	0.96397	0.263255	-0.200965	-0.265472	0.942941	-9.54365	-8.78616	69.6782	
0.978706	-0.0170962	0.204553	-0.0388456	0.963092	0.266355	-0.201557	-0.268629	0.94192	-9.69145	-8.98227	70.3703	
0.982095	-0.0123286	0.187984	-0.0398712	0.961649	0.271369	-0.18412	-0.274005	0.943939	-9.83306	-9.18151	71.0628	
