1	0	0	0	1	0	0	0	1	0	0	0	
1	-1.84865e-06	-0.000770989	-1.84865e-06	0.999989	-0.0047955	0.000770989	0.0047955	0.999988	0.000329423	0.00204899	0.854542	
0.999999	-7.40298e-06	-0.00154314	-7.39719e-06	0.999954	-0.00959072	0.00154314	0.00959072	0.999953	0.00131819	0.00819585	1.70906	
0.999997	-1.6674e-05	-0.00231643	-1.66509e-05	0.999897	-0.0143855	0.00231643	0.0143855	0.999894	0.00296728	0.0184403	2.56355	
0.999995	-2.96727e-05	-0.00309085	-2.96148e-05	0.999816	-0.0191798	0.00309085	0.0191798	0.999811	0.00527767	0.0327819	3.41797	
0.999993	-4.641e-05	-0.00386637	-4.62942e-05	0.999713	-0.0239735	0.00386637	0.0239735	0.999705	0.00825031	0.0512202	4.27231	
0.999989	-6.68965e-05	-0.00464298	-6.66939e-05	0.999586	-0.0287664	0.00464298	0.0287664	0.999575	0.0118861	0.0737545	5.12655	
0.999985	-9.1143e-05	-0.00542066	-9.08189e-05	0.999437	-0.0335585	0.00542066	0.0335585	0.999422	0.0161861	0.100384	5.98067	
0.999981	-0.00011916	-0.00619938	-0.000118674	0.999264	-0.0383496	0.00619939	0.0383496	0.999245	0.021151	0.131109	6.83464	
0.999976	-0.000150958	-0.00697914	-0.000150264	0.999069	-0.0431397	0.00697915	0.0431397	0.999045	0.0267818	0.165927	7.68846	
0.99997	-0.000186548	-0.00775991	-0.000185593	0.998851	-0.0479285	0.00775993	0.0479285	0.998821	0.0330795	0.204838	8.54209	
0.999963	-0.000225939	-0.00854167	-0.000224666	0.99861	-0.052716	0.0085417	0.052716	0.998573	0.0400447	0.247841	9.39553	
0.999956	-0.000269142	-0.0093244	-0.000267488	0.998345	-0.0575021	0.00932445	0.0575021	0.998302	0.0476785	0.294934	10.2487	
0.999949	-0.000316168	-0.0101081	-0.000314062	0.998058	-0.0622867	0.0101082	0.0622867	0.998007	0.0559815	0.346117	11.1017	
0.999941	-0.000367025	-0.0108927	-0.000364393	0.997748	-0.0670696	0.0108928	0.0670696	0.997689	0.0649546	0.401387	11.9544	
0.999932	-0.000421724	-0.0116783	-0.000418485	0.997415	-0.0718508	0.0116784	0.0718507	0.997347	0.0745987	0.460744	12.8068	
0.999922	-0.000480276	-0.0124647	-0.000476343	0.997059	-0.07663	0.0124648	0.07663	0.996982	0.0849145	0.524186	13.659	
0.999912	-0.000542689	-0.013252	-0.00053797	0.996681	-0.0814073	0.0132522	0.0814073	0.996593	0.0959027	0.591711	14.5108	
0.999901	-0.000608973	-0.0140402	-0.00060337	0.996279	-0.0861825	0.0140404	0.0861825	0.99618	0.107564	0.663318	15.3622	
0.99989	-0.000679138	-0.0148292	-0.000672547	0.995855	-0.0909555	0.0148295	0.0909554	0.995745	0.119899	0.739004	16.2133	
0.999878	-0.000753193	-0.015619	-0.000745505	0.995407	-0.0957261	0.0156194	0.0957261	0.995285	0.132909	0.818768	17.064	
0.999865	-0.000831147	-0.0164096	-0.000822246	0.994937	-0.100494	0.0164101	0.100494	0.994802	0.146595	0.902608	17.9144	
0.999852	-0.00091301	-0.017201	-0.000902776	0.994444	-0.10526	0.0172016	0.10526	0.994296	0.160956	0.990521	18.7642	
0.999838	-0.000998792	-0.0179932	-0.000987097	0.993929	-0.110023	0.0179938	0.110023	0.993766	0.175994	1.08251	19.6137	
0.999823	-0.0010885	-0.0187861	-0.00107521	0.99339	-0.114783	0.0187868	0.114783	0.993213	0.19171	1.17856	20.4627	
0.999808	-0.00118214	-0.0195797	-0.00116713	0.992829	-0.119541	0.0195806	0.11954	0.992636	0.208103	1.27868	21.3112	
0.999792	-0.00127973	-0.020374	-0.00126284	0.992245	-0.124295	0.0203751	0.124295	0.992036	0.225175	1.38286	22.1592	
0.999775	-0.00138127	-0.021169	-0.00136236	0.991638	-0.129046	0.0211702	0.129046	0.991413	0.242926	1.49111	23.0066	
0.999758	-0.00148678	-0.0219647	-0.00146569	0.991008	-0.133794	0.0219661	0.133794	0.990766	0.261357	1.60341	23.8536	
0.99974	-0.00159625	-0.0227609	-0.00157282	0.990356	-0.138539	0.0227626	0.138538	0.990095	0.280469	1.71977	24.6999	
0.999721	-0.00170971	-0.0235578	-0.00168377	0.989681	-0.14328	0.0235597	0.14328	0.989402	0.300261	1.84019	25.5457	
0.999702	-0.00182715	-0.0243553	-0.00179853	0.988983	-0.148017	0.0243575	0.148017	0.988685	0.320735	1.96465	26.3909	
0.999682	-0.00194859	-0.0251534	-0.00191712	0.988263	-0.152751	0.0251558	0.152751	0.987944	0.34189	2.09316	27.2355	
0.999661	-0.00207403	-0.0259521	-0.00203952	0.98752	-0.157482	0.0259548	0.157481	0.987181	0.363729	2.22572	28.0794	
0.99964	-0.00220348	-0.0267512	-0.00216575	0.986754	-0.162208	0.0267543	0.162207	0.986394	0.38625	2.36231	28.9227	
0.999618	-0.00233695	-0.0275509	-0.0022958	0.985966	-0.16693	0.0275544	0.16693	0.985584	0.409454	2.50294	29.7652	
0.999595	-0.00247445	-0.0283511	-0.00242968	0.985155	-0.171648	0.0283549	0.171648	0.98475	0.433343	2.64761	30.6071	
0.999572	-0.00261598	-0.0291517	-0.00256739	0.984322	-0.176362	0.029156	0.176361	0.983894	0.457916	2.7963	31.4483	
0.999547	-0.00276156	-0.0299528	-0.00270893	0.983466	-0.181072	0.0299576	0.181071	0.983014	0.483174	2.94902	32.2887	
0.999523	-0.00291119	-0.0307543	-0.0028543	0.982588	-0.185777	0.0307597	0.185776	0.982111	0.509116	3.10577	33.1283	
0.999497	-0.00306487	-0.0315563	-0.00300351	0.981687	-0.190477	0.0315622	0.190476	0.981184	0.535745	3.26653	33.9672	
0.999471	-0.00322262	-0.0323586	-0.00315656	0.980764	-0.195173	0.0323651	0.195172	0.980235	0.563059	3.43131	34.8052	
0.999444	-0.00338444	-0.0331613	-0.00331345	0.979818	-0.199864	0.0331684	0.199863	0.979262	0.59106	3.60009	35.6425	
0.999417	-0.00355034	-0.0339643	-0.00347418	0.97885	-0.20455	0.0339722	0.204549	0.978267	0.619747	3.77289	36.4789	
0.999388	-0.00372033	-0.0347676	-0.00363875	0.977859	-0.209231	0.0347763	0.20923	0.977248	0.649122	3.94969	37.3144	
0.99936	-0.00389441	-0.0355713	-0.00380716	0.976847	-0.213907	0.0355807	0.213906	0.976206	0.679184	4.13048	38.1491	
0.99933	-0.00407259	-0.0363752	-0.00397942	0.975811	-0.218578	0.0363855	0.218576	0.975141	0.709933	4.31527	38.9828	
0.9993	-0.00425487	-0.0371794	-0.00415553	0.974754	-0.223244	0.0371907	0.223242	0.974053	0.74137	4.50405	39.8157	
0.999268	-0.00444127	-0.0379839	-0.00433548	0.973674	-0.227904	0.0379961	0.227902	0.972943	0.773495	4.69681	40.6476	
0.999237	-0.00463179	-0.0387885	-0.00451928	0.972572	-0.232558	0.0388018	0.232556	0.971809	0.806309	4.89355	41.4785	
0.999204	-0.00482643	-0.0395934	-0.00470694	0.971448	-0.237207	0.0396077	0.237204	0.970652	0.839811	5.09427	42.3085	
0.999171	-0.0050252	-0.0403984	-0.00489844	0.970301	-0.24185	0.0404139	0.241847	0.969472	0.874002	5.29895	43.1374	
0.999137	-0.00522811	-0.0412035	-0.00509379	0.969133	-0.246487	0.0412204	0.246484	0.96827	0.908883	5.5076	43.9654	
0.999102	-0.00543517	-0.0420088	-0.005293	0.967942	-0.251118	0.042027	0.251115	0.967044	0.944452	5.72021	44.7923	
0.999067	-0.00564637	-0.0428142	-0.00549606	0.966729	-0.255743	0.0428338	0.25574	0.965796	0.980711	5.93678	45.6181	
0.999031	-0.00586173	-0.0436197	-0.00570297	0.965494	-0.260362	0.0436408	0.260358	0.964525	1.01766	6.15729	46.4429	
0.998994	-0.00608124	-0.0444253	-0.00591373	0.964237	-0.264974	0.0444479	0.26497	0.963232	1.0553	6.38175	47.2666	
0.998957	-0.00630493	-0.0452309	-0.00612835	0.962958	-0.26958	0.0452551	0.269576	0.961915	1.09362	6.61015	48.0892	
0.998918	-0.00653278	-0.0460365	-0.00634682	0.961658	-0.27418	0.0460625	0.274175	0.960576	1.13264	6.84248	48.9106	
0.998745	-0.00753587	-0.0495094	-0.0066458	0.959926	-0.280176	0.0496368	0.280153	0.958671	1.17353	7.07933	49.7306	
0.998559	-0.00855981	-0.0529729	-0.00696746	0.958155	-0.286166	0.0532057	0.286123	0.956715	1.21747	7.32129	50.549	
0.998361	-0.00960457	-0.0564266	-0.00731177	0.956344	-0.292151	0.0567692	0.292084	0.954706	1.26446	7.56834	51.3657	
0.998149	-0.0106701	-0.0598705	-0.00767875	0.954495	-0.298128	0.0603271	0.298036	0.952646	1.3145	7.82048	52.1807	
0.997925	-0.0117563	-0.0633045	-0.00806839	0.952606	-0.304099	0.0638793	0.303978	0.950535	1.36757	8.07771	52.9939	
0.997688	-0.0128632	-0.0667284	-0.00848066	0.950679	-0.310061	0.0674256	0.30991	0.948372	1.42367	8.34001	53.8052	
0.997439	-0.0139907	-0.0701421	-0.00891556	0.948713	-0.316014	0.070966	0.31583	0.946158	1.4828	8.60737	54.6147	
0.997177	-0.0151388	-0.0735455	-0.00937306	0.946707	-0.321959	0.0745002	0.321739	0.943893	1.54495	8.87979	55.4223	
0.996902	-0.0163074	-0.0769386	-0.00985313	0.944663	-0.327893	0.0780282	0.327636	0.941577	1.61013	9.15725	56.2279	
0.996615	-0.0174965	-0.0803211	-0.0103558	0.942581	-0.333817	0.0815498	0.333519	0.93921	1.67831	9.43974	57.0315	
0.996316	-0.0187059	-0.083693	-0.0108809	0.94046	-0.33973	0.0850649	0.339389	0.936792	1.7495	9.72726	57.8331	
0.996004	-0.0199358	-0.0870541	-0.0114285	0.938301	-0.345631	0.0885734	0.345245	0.934324	1.82369	10.0198	58.6326	
0.99568	-0.0211859	-0.0904044	-0.0119986	0.936103	-0.35152	0.0920752	0.351086	0.931805	1.90088	10.3173	59.4299	
0.995343	-0.0224563	-0.0937438	-0.0125911	0.933868	-0.357396	0.0955701	0.356912	0.929236	1.98105	10.6198	60.2251	
0.994994	-0.0237469	-0.0970721	-0.0132059	0.931595	-0.363259	0.0990581	0.362723	0.926617	2.06421	10.9273	61.018	
0.994633	-0.0250576	-0.100389	-0.0138431	0.929283	-0.369108	0.102539	0.368516	0.923949	2.15035	11.2397	61.8087	
0.994259	-0.0263885	-0.103695	-0.0145025	0.926935	-0.374942	0.106013	0.374293	0.921231	2.23946	11.5571	62.5971	
0.993873	-0.0277393	-0.10699	-0.0151841	0.924549	-0.380761	0.109479	0.380053	0.918463	2.33153	11.8794	63.3832	
0.993475	-0.0291102	-0.110273	-0.0158878	0.922126	-0.386564	0.112938	0.385794	0.915646	2.42657	12.2067	64.1669	
0.993065	-0.030501	-0.113544	-0.0166136	0.919666	-0.392351	0.11639	0.391516	0.912781	2.52455	12.5388	64.9481	
0.992642	-0.0319116	-0.116804	-0.0173614	0.917169	-0.398121	0.119833	0.397219	0.909866	2.62549	12.8758	65.7269	
0.992208	-0.0333421	-0.120052	-0.0181312	0.914635	-0.403873	0.12327	0.402903	0.906903	2.72936	13.2177	66.5031	
0.991761	-0.0347923	-0.123288	-0.0189228	0.912065	-0.409608	0.126698	0.408566	0.903892	2.83616	13.5644	67.2768	
0.991302	-0.0362622	-0.126512	-0.0197362	0.90946	-0.415324	0.130118	0.414208	0.900833	2.94589	13.9159	68.048	
0.990831	-0.0377518	-0.129724	-0.0205713	0.906818	-0.42102	0.133531	0.419829	0.897727	3.05854	14.2723	68.8164	
0.990348	-0.0392609	-0.132924	-0.021428	0.90414	-0.426698	0.136935	0.425428	0.894573	3.17411	14.6335	69.5822	
0.987635	-0.0472476	-0.149482	-0.022967	0.89961	-0.436089	0.15508	0.43413	0.887401	3.29888	15.0007	70.3437	
0.984585	-0.0553941	-0.165902	-0.0246969	0.894989	-0.445403	0.173153	0.442635	0.879825	3.43913	15.3754	71.0988	
0.9812	-0.0636968	-0.182178	-0.0266169	0.89028	-0.454635	0.191148	0.450937	0.871848	3.59479	15.7572	71.8472	
0.977482	-0.0721519	-0.198302	-0.0287261	0.885484	-0.463781	0.209056	0.459034	0.863472	3.7658	16.146	72.5887	
0.973431	-0.0807555	-0.214266	-0.0310235	0.880604	-0.472836	0.226868	0.466921	0.854702	3.95206	16.5417	73.3229	
0.969051	-0.0895037	-0.230064	-0.0335082	0.875642	-0.481797	0.244577	0.474595	0.845543	4.1535	16.944	74.0494	
0.964342	-0.0983924	-0.245689	-0.0361789	0.8706	-0.490659	0.262174	0.482052	0.835997	4.37003	17.3527	74.7679	
0.959308	-0.107418	-0.261132	-0.0390345	0.865481	-0.499419	0.279651	0.489289	0.82607	4.60155	17.7678	75.4781	
0.95395	-0.116575	-0.276387	-0.0420736	0.860287	-0.508072	0.297001	0.496304	0.815766	4.84795	18.1889	76.1796	
0.948271	-0.125861	-0.291447	-0.0452949	0.855019	-0.516614	0.314215	0.503091	0.805089	5.10911	18.6159	76.8722	
0.942273	-0.135271	-0.306306	-0.0486969	0.849682	-0.525042	0.331286	0.509649	0.794045	5.38493	19.0487	77.5555	
0.935959	-0.144801	-0.320956	-0.0522781	0.844277	-0.533352	0.348205	0.515974	0.782639	5.67527	19.4869	78.2292	
0.929333	-0.154446	-0.33539	-0.0560367	0.838806	-0.541539	0.364966	0.522064	0.770875	5.98	19.9304	78.893	
0.922397	-0.164202	-0.349603	-0.0599712	0.833272	-0.549601	0.38156	0.527916	0.75876	6.29898	20.3791	79.5466	
0.915153	-0.174065	-0.363588	-0.0640796	0.827678	-0.557533	0.39798	0.533527	0.746298	6.63207	20.8326	80.1897	
