1	0	0	0	1	0	0	0	1	0	0	0	
1	1.34229e-06	-0.000971893	1.34229e-06	0.999996	0.00276222	0.000971893	-0.00276222	0.999996	0.000483983	-0.00137553	0.995958	
0.999998	5.38811e-06	-0.00194744	5.38554e-06	0.999985	0.00553217	0.00194744	-0.00553217	0.999983	0.00193775	-0.00550598	1.99191	
0.999996	1.2165e-05	-0.00292659	1.21546e-05	0.999965	0.00830972	0.00292659	-0.00830972	0.999961	0.00436492	-0.012399	2.98784	
0.999992	2.17e-05	-0.00390931	2.16741e-05	0.999938	0.0110947	0.00390931	-0.0110947	0.999931	0.00776906	-0.022062	3.98375	
0.999988	3.40202e-05	-0.00489555	3.39683e-05	0.999904	0.013887	0.00489555	-0.013887	0.999892	0.0121537	-0.0345024	4.97962	
0.999983	4.91519e-05	-0.00588527	4.90608e-05	0.999861	0.0166866	0.00588527	-0.0166866	0.999843	0.0175223	-0.0497275	5.97545	
0.999976	6.71214e-05	-0.00687844	6.69753e-05	0.99981	0.0194931	0.00687844	-0.0194931	0.999786	0.0238784	-0.0677442	6.97122	
0.999969	8.79546e-05	-0.007875	8.77348e-05	0.999751	0.0223066	0.007875	-0.0223066	0.99972	0.0312253	-0.0885597	7.96694	
0.999961	0.000111677	-0.00887491	0.000111362	0.999684	0.0251269	0.00887492	-0.0251269	0.999645	0.0395665	-0.112181	8.96258	
0.999951	0.000138313	-0.00987814	0.00013788	0.999609	0.0279539	0.00987814	-0.0279539	0.99956	0.0489051	-0.138614	9.95815	
0.999941	0.000167889	-0.0108846	0.000167309	0.999526	0.0307873	0.0108846	-0.0307873	0.999467	0.0592446	-0.167866	10.9536	
0.999929	0.000200428	-0.0118943	0.000199672	0.999434	0.0336272	0.0118944	-0.0336271	0.999364	0.0705881	-0.199943	11.949	
0.999917	0.000235955	-0.0129072	0.00023499	0.999335	0.0364732	0.0129073	-0.0364732	0.999251	0.0829388	-0.234852	12.9443	
0.999903	0.000274493	-0.0139233	0.000273284	0.999226	0.0393254	0.0139233	-0.0393254	0.999129	0.0962998	-0.272598	13.9394	
0.999888	0.000316066	-0.0149424	0.000314574	0.99911	0.0421836	0.0149424	-0.0421836	0.998998	0.110674	-0.313188	14.9345	
0.999872	0.000360696	-0.0159646	0.00035888	0.998985	0.0450476	0.0159646	-0.0450475	0.998857	0.126065	-0.356627	15.9293	
0.999856	0.000408406	-0.0169897	0.000406222	0.998851	0.0479172	0.0169898	-0.0479172	0.998707	0.142476	-0.402922	16.9241	
0.999838	0.000459219	-0.0180178	0.00045662	0.998709	0.0507925	0.0180179	-0.0507925	0.998547	0.159909	-0.452077	17.9187	
0.999818	0.000513156	-0.0190489	0.000510091	0.998558	0.0536732	0.019049	-0.0536732	0.998377	0.178368	-0.504099	18.9131	
0.999798	0.000570238	-0.0200828	0.000566654	0.998399	0.0565591	0.0200829	-0.0565591	0.998197	0.197855	-0.558992	19.9074	
0.999777	0.000630488	-0.0211195	0.000626328	0.998231	0.0594503	0.0211196	-0.0594502	0.998008	0.218373	-0.616763	20.9014	
0.999754	0.000693924	-0.022159	0.00068913	0.998054	0.0623464	0.0221592	-0.0623463	0.997809	0.239925	-0.677415	21.8953	
0.999731	0.000760569	-0.0232012	0.000755077	0.997869	0.0652474	0.0232014	-0.0652473	0.997599	0.262513	-0.740954	22.889	
0.999706	0.00083044	-0.0242462	0.000824187	0.997675	0.0681532	0.0242464	-0.0681531	0.99738	0.286141	-0.807385	23.8824	
0.99968	0.000903559	-0.0252937	0.000896474	0.997471	0.0710635	0.025294	-0.0710634	0.997151	0.310812	-0.876712	24.8757	
0.999652	0.000979943	-0.0263439	0.000971956	0.997259	0.0739783	0.0263442	-0.0739782	0.996912	0.336526	-0.94894	25.8687	
0.999624	0.00105961	-0.0273966	0.00105065	0.997038	0.0768975	0.0273969	-0.0768974	0.996663	0.363288	-1.02407	26.8615	
0.999595	0.00114258	-0.0284518	0.00113257	0.996809	0.0798208	0.0284522	-0.0798207	0.996403	0.3911	-1.10212	27.854	
0.999564	0.00122888	-0.0295094	0.00121772	0.99657	0.0827482	0.0295099	-0.0827481	0.996133	0.419964	-1.18307	28.8462	
0.999532	0.00131851	-0.0305695	0.00130613	0.996322	0.0856795	0.03057	-0.0856794	0.995854	0.449883	-1.26694	29.8382	
0.999499	0.00141149	-0.0316319	0.00139781	0.996065	0.0886146	0.0316325	-0.0886144	0.995564	0.480858	-1.35374	30.8299	
0.999464	0.00150785	-0.0326966	0.00149277	0.995799	0.0915534	0.0326973	-0.0915531	0.995263	0.512893	-1.44346	31.8213	
0.999429	0.00160759	-0.0337636	0.00159102	0.995524	0.0944956	0.0337644	-0.0944953	0.994953	0.54599	-1.53611	32.8123	
0.999392	0.00171074	-0.0348328	0.00169258	0.99524	0.0974412	0.0348337	-0.0974409	0.994632	0.58015	-1.63169	33.8031	
0.999354	0.00181731	-0.0359042	0.00179746	0.994947	0.10039	0.0359052	-0.10039	0.9943	0.615377	-1.7302	34.7936	
0.999314	0.0019273	-0.0369777	0.00190567	0.994644	0.103342	0.0369788	-0.103342	0.993958	0.651672	-1.83166	35.7837	
0.999274	0.00204075	-0.0380533	0.00201722	0.994332	0.106297	0.0380545	-0.106296	0.993606	0.689037	-1.93605	36.7734	
0.999232	0.00215766	-0.0391309	0.00213213	0.994012	0.109255	0.0391323	-0.109254	0.993243	0.727474	-2.04339	37.7629	
0.999189	0.00227804	-0.0402105	0.00225039	0.993681	0.112215	0.040212	-0.112214	0.99287	0.766986	-2.15368	38.7519	
0.999144	0.00240191	-0.041292	0.00237203	0.993342	0.115178	0.0412937	-0.115177	0.992486	0.807574	-2.26692	39.7406	
0.999099	0.00252929	-0.0423754	0.00249705	0.992993	0.118143	0.0423773	-0.118142	0.992092	0.849241	-2.38311	40.7288	
0.999052	0.00266017	-0.0434606	0.00262546	0.992636	0.121111	0.0434628	-0.12111	0.991687	0.891988	-2.50225	41.7167	
0.999003	0.00279458	-0.0445477	0.00275727	0.992268	0.124081	0.04455	-0.12408	0.991272	0.935816	-2.62435	42.7042	
0.998954	0.00293252	-0.0456364	0.00289249	0.991892	0.127052	0.045639	-0.127051	0.990846	0.980729	-2.74941	43.6913	
0.998903	0.00307402	-0.0467269	0.00303112	0.991506	0.130026	0.0467297	-0.130025	0.990409	1.02673	-2.87743	44.6779	
0.998851	0.00321906	-0.047819	0.00317318	0.991111	0.133001	0.0478221	-0.133	0.989962	1.07381	-3.00841	45.6641	
0.998797	0.00336768	-0.0489127	0.00331866	0.990706	0.135978	0.048916	-0.135977	0.989504	1.12198	-3.14235	46.6498	
0.998743	0.00351987	-0.0500079	0.00346758	0.990292	0.138956	0.0500116	-0.138955	0.989035	1.17125	-3.27926	47.6351	
0.998687	0.00367564	-0.0511046	0.00361994	0.989869	0.141936	0.0511086	-0.141935	0.988556	1.2216	-3.41914	48.6199	
0.998629	0.00383501	-0.0522028	0.00377574	0.989437	0.144917	0.0522071	-0.144915	0.988066	1.27305	-3.56199	49.6042	
0.99857	0.00399798	-0.0533024	0.003935	0.988995	0.147899	0.0533071	-0.147897	0.987565	1.3256	-3.7078	50.588	
0.99851	0.00416456	-0.0544033	0.00409771	0.988543	0.150881	0.0544084	-0.15088	0.987054	1.37924	-3.85659	51.5713	
0.998449	0.00433475	-0.0555055	0.00426388	0.988083	0.153865	0.055511	-0.153863	0.986532	1.43398	-4.00834	52.5542	
0.998386	0.00450857	-0.056609	0.00443351	0.987613	0.156849	0.0566149	-0.156847	0.985999	1.48981	-4.16307	53.5364	
0.998322	0.00468601	-0.0577136	0.0046066	0.987133	0.159834	0.05772	-0.159832	0.985455	1.54675	-4.32077	54.5182	
0.998257	0.00486709	-0.0588195	0.00478317	0.986644	0.162819	0.0588263	-0.162816	0.984901	1.60479	-4.48144	55.4994	
0.99819	0.00505181	-0.0599264	0.0049632	0.986146	0.165804	0.0599338	-0.165802	0.984336	1.66393	-4.64509	56.48	
0.998122	0.00524017	-0.0610343	0.00514671	0.985639	0.16879	0.0610423	-0.168787	0.983761	1.72417	-4.8117	57.4601	
0.998052	0.00543218	-0.0621433	0.00533369	0.985122	0.171775	0.0621518	-0.171772	0.983174	1.78552	-4.9813	58.4396	
0.997982	0.00562784	-0.0632532	0.00552414	0.984596	0.17476	0.0632624	-0.174757	0.982577	1.84797	-5.15386	59.4185	
0.997909	0.00582715	-0.0643641	0.00571807	0.98406	0.177745	0.0643738	-0.177741	0.981969	1.91153	-5.3294	60.3968	
0.997836	0.00603013	-0.0654757	0.00591546	0.983515	0.180729	0.0654862	-0.180726	0.981351	1.9762	-5.50791	61.3745	
0.997761	0.00623676	-0.0665882	0.00611633	0.982961	0.183713	0.0665994	-0.183709	0.980722	2.04198	-5.68939	62.3516	
0.997435	0.0071133	-0.0712189	0.00637623	0.982261	0.187408	0.0712887	-0.187382	0.979697	2.11064	-5.87418	63.3278	
0.997087	0.00800736	-0.0758455	0.00665404	0.981548	0.191102	0.0759762	-0.191051	0.978635	2.18398	-6.06264	64.303	
0.996717	0.0089189	-0.0804678	0.00694975	0.980819	0.194796	0.0806617	-0.194715	0.977538	2.26198	-6.25474	65.2772	
0.996325	0.0098479	-0.0850856	0.00726335	0.980077	0.198487	0.0853451	-0.198375	0.976403	2.34465	-6.45049	66.2502	
0.99591	0.0107943	-0.0896987	0.00759481	0.97932	0.202175	0.090026	-0.20203	0.975233	2.43198	-6.64989	67.2221	
0.995474	0.0117582	-0.0943068	0.00794409	0.978549	0.205861	0.0947044	-0.205678	0.974026	2.52397	-6.85292	68.1928	
0.995015	0.0127394	-0.0989099	0.00831115	0.977764	0.209543	0.09938	-0.20932	0.972784	2.62062	-7.05958	69.1622	
0.994534	0.013738	-0.103508	0.00869595	0.976965	0.21322	0.104052	-0.212955	0.971506	2.72193	-7.26986	70.1305	
0.994031	0.0147538	-0.1081	0.00909842	0.976153	0.216893	0.108722	-0.216582	0.970192	2.82789	-7.48377	71.0974	
0.991084	0.0200911	-0.131716	0.00970294	0.975058	0.221738	0.132885	-0.221039	0.966169	2.94821	-7.7017	72.0617	
0.987549	0.0255354	-0.155226	0.0104282	0.973941	0.226562	0.156967	-0.225359	0.961548	3.09256	-7.92401	73.0217	
0.983428	0.0310834	-0.178617	0.0112737	0.972803	0.23136	0.180951	-0.22954	0.956331	3.26084	-8.15055	73.9768	
0.978723	0.0367317	-0.201873	0.0122389	0.971644	0.236131	0.204822	-0.233578	0.95052	3.45296	-8.38119	74.9265	
0.973437	0.0424766	-0.224981	0.0133233	0.970465	0.240872	0.228567	-0.237471	0.944121	3.66879	-8.61577	75.87	
0.967574	0.0483148	-0.247925	0.0145261	0.969268	0.245579	0.25217	-0.241217	0.937136	3.9082	-8.85416	76.8069	
0.961137	0.0542425	-0.270691	0.0158467	0.968052	0.25025	0.275617	-0.244814	0.929571	4.17104	-9.09621	77.7365	
0.95413	0.060256	-0.293266	0.0172842	0.966818	0.254881	0.298893	-0.248258	0.921429	4.45715	-9.34176	78.6583	
0.946558	0.0663518	-0.315636	0.0188377	0.965567	0.25947	0.321984	-0.251549	0.912715	4.76635	-9.59067	79.5717	
0.938425	0.0725259	-0.337786	0.0205062	0.964301	0.264014	0.344875	-0.254684	0.903436	5.09845	-9.84278	80.4762	
0.929736	0.0787745	-0.359703	0.0222888	0.963019	0.268511	0.367552	-0.257661	0.893597	5.45324	-10.0979	81.3711	
0.920497	0.0850938	-0.381373	0.0241842	0.961722	0.272956	0.390002	-0.260479	0.883204	5.83051	-10.356	82.256	
0.910713	0.0914798	-0.402783	0.0261914	0.960412	0.277349	0.412209	-0.263134	0.872264	6.23001	-10.6167	83.1302	
0.90039	0.0979287	-0.423919	0.0283091	0.959089	0.281685	0.434161	-0.265627	0.860782	6.65151	-10.8801	83.9933	
0.889536	0.104436	-0.444769	0.030536	0.957754	0.285962	0.455844	-0.267955	0.848767	7.09474	-11.1458	84.8446	
0.878156	0.110999	-0.465319	0.0328706	0.956408	0.290178	0.477244	-0.270117	0.836226	7.55942	-11.4137	85.6838	
0.866257	0.117612	-0.485557	0.0353117	0.955051	0.29433	0.498349	-0.272112	0.823167	8.04527	-11.6838	86.5102	
0.853848	0.124271	-0.505471	0.0378575	0.953685	0.298416	0.519144	-0.273937	0.809597	8.55199	-11.9557	87.3233	
0.840935	0.130974	-0.525047	0.0405066	0.95231	0.302432	0.539618	-0.275593	0.795525	9.07926	-12.2294	88.1226	
0.827527	0.137714	-0.544274	0.0432574	0.950927	0.306376	0.559757	-0.277078	0.78096	9.62675	-12.5046	88.9077	
0.813632	0.144489	-0.56314	0.046108	0.949537	0.310247	0.57955	-0.278392	0.765911	10.1941	-12.7812	89.6781	
0.799258	0.151293	-0.581633	0.0490568	0.948141	0.314041	0.598982	-0.279532	0.750388	10.781	-13.0591	90.4332	
0.784415	0.158123	-0.599742	0.0521019	0.94674	0.317756	0.618044	-0.2805	0.734399	11.3871	-13.338	91.1727	
0.769112	0.164975	-0.617455	0.0552414	0.945334	0.32139	0.636722	-0.281294	0.717954	12.012	-13.6178	91.8959	
0.753358	0.171844	-0.634761	0.0584734	0.943925	0.32494	0.655006	-0.281913	0.701065	12.6553	-13.8982	92.6026	
0.737163	0.178726	-0.651651	0.0617959	0.942513	0.328405	0.672884	-0.282357	0.683741	13.3166	-14.1793	93.2923	
0.720536	0.185617	-0.668112	0.0652068	0.9411	0.331782	0.690344	-0.282627	0.665993	13.9955	-14.4606	93.9644	
