1	0	0	0	1	0	0	0	1	0	0	0	
0.999999	2.54204e-07	-0.00153193	2.54204e-07	1	0.000331874	0.00153193	-0.000331874	0.999999	0.000611223	-0.000132415	0.797979	
0.999995	1.01873e-06	-0.00306714	1.0182e-06	1	0.000664112	0.00306714	-0.000664112	0.999995	0.00244621	-0.000529803	1.59596	
0.999989	2.2963e-06	-0.00460561	2.29414e-06	1	0.0009967	0.00460561	-0.0009967	0.999989	0.00550756	-0.00119245	2.39393	
0.999981	4.08953e-06	-0.00614728	4.08414e-06	0.999999	0.00132963	0.00614728	-0.00132963	0.99998	0.00979785	-0.00212063	3.1919	
0.99997	6.40103e-06	-0.00769209	6.39022e-06	0.999999	0.00166288	0.00769209	-0.00166288	0.999969	0.0153196	-0.00331461	3.98986	
0.999957	9.23333e-06	-0.00924002	9.21437e-06	0.999998	0.00199646	0.00924002	-0.00199646	0.999955	0.0220754	-0.00477465	4.78781	
0.999942	1.25889e-05	-0.010791	1.25585e-05	0.999997	0.00233033	0.010791	-0.00233033	0.999939	0.0300675	-0.006501	5.58575	
0.999924	1.64701e-05	-0.012345	1.64244e-05	0.999996	0.0026645	0.012345	-0.0026645	0.99992	0.0392986	-0.00849389	6.38367	
0.999903	2.08794e-05	-0.0139019	2.0814e-05	0.999996	0.00299896	0.0139019	-0.00299895	0.999899	0.0497708	-0.0107536	7.18158	
0.99988	2.5819e-05	-0.0154618	2.57289e-05	0.999994	0.00333368	0.0154618	-0.00333368	0.999875	0.0614867	-0.0132802	7.97947	
0.999855	3.12912e-05	-0.0170245	3.11708e-05	0.999993	0.00366866	0.0170245	-0.00366866	0.999848	0.0744484	-0.0160741	8.77734	
0.999827	3.72981e-05	-0.0185901	3.71413e-05	0.999992	0.00400389	0.0185901	-0.00400388	0.999819	0.0886583	-0.0191353	9.57518	
0.999797	4.38418e-05	-0.0201584	4.36419e-05	0.999991	0.00433935	0.0201584	-0.00433935	0.999787	0.104119	-0.0224642	10.373	
0.999764	5.09245e-05	-0.0217295	5.06742e-05	0.999989	0.00467504	0.0217295	-0.00467503	0.999753	0.120831	-0.0260608	11.1708	
0.999728	5.8548e-05	-0.0233032	5.82394e-05	0.999987	0.00501094	0.0233032	-0.00501093	0.999716	0.138799	-0.0299255	11.9686	
0.99969	6.67144e-05	-0.0248796	6.63391e-05	0.999986	0.00534704	0.0248796	-0.00534703	0.999676	0.158023	-0.0340582	12.7663	
0.99965	7.54256e-05	-0.0264585	7.49743e-05	0.999984	0.00568333	0.0264585	-0.00568332	0.999634	0.178507	-0.0384592	13.564	
0.999607	8.46832e-05	-0.02804	8.41464e-05	0.999982	0.0060198	0.02804	-0.00601979	0.999589	0.200251	-0.0431286	14.3617	
0.999561	9.44891e-05	-0.0296239	9.38565e-05	0.99998	0.00635643	0.0296239	-0.00635643	0.999541	0.223259	-0.0480666	15.1593	
0.999513	0.000104845	-0.0312103	0.000104106	0.999978	0.00669323	0.0312103	-0.00669322	0.99949	0.247531	-0.0532733	15.9569	
0.999462	0.000115753	-0.0327991	0.000114895	0.999975	0.00703016	0.0327991	-0.00703015	0.999437	0.27307	-0.0587487	16.7545	
0.999408	0.000127213	-0.0343902	0.000126226	0.999973	0.00736723	0.0343902	-0.00736722	0.999381	0.299878	-0.0644932	17.552	
0.999352	0.000139229	-0.0359836	0.000138098	0.99997	0.00770442	0.0359836	-0.0077044	0.999323	0.327956	-0.0705066	18.3494	
0.999294	0.0001518	-0.0375792	0.000150513	0.999968	0.00804173	0.0375792	-0.0080417	0.999261	0.357307	-0.0767891	19.1468	
0.999232	0.000164929	-0.0391771	0.000163472	0.999965	0.00837913	0.0391771	-0.0083791	0.999197	0.387932	-0.0833409	19.9442	
0.999168	0.000178617	-0.0407771	0.000176975	0.999962	0.00871662	0.0407771	-0.00871658	0.99913	0.419833	-0.0901619	20.7415	
0.999102	0.000192865	-0.0423791	0.000191023	0.999959	0.00905418	0.0423791	-0.00905414	0.999061	0.453011	-0.0972522	21.5388	
0.999032	0.000207674	-0.0439832	0.000205617	0.999956	0.00939181	0.0439833	-0.00939177	0.998988	0.487469	-0.104612	22.336	
0.99896	0.000223045	-0.0455894	0.000220756	0.999953	0.0097295	0.0455894	-0.00972944	0.998913	0.523208	-0.112241	23.1331	
0.998886	0.00023898	-0.0471974	0.000236442	0.999949	0.0100672	0.0471974	-0.0100672	0.998835	0.560229	-0.12014	23.9302	
0.998808	0.00025548	-0.0488074	0.000252675	0.999946	0.010405	0.0488074	-0.0104049	0.998754	0.598534	-0.128308	24.7272	
0.998728	0.000272545	-0.0504192	0.000269455	0.999942	0.0107428	0.0504192	-0.0107427	0.99867	0.638124	-0.136746	25.5242	
0.998645	0.000290176	-0.0520328	0.000286783	0.999939	0.0110806	0.0520328	-0.0110805	0.998584	0.679002	-0.145453	26.3211	
0.99856	0.000308375	-0.0536482	0.000304658	0.999935	0.0114183	0.0536482	-0.0114182	0.998495	0.721167	-0.15443	27.1179	
0.998472	0.000327141	-0.0552653	0.000323081	0.999931	0.0117561	0.0552653	-0.011756	0.998402	0.764623	-0.163676	27.9146	
0.998381	0.000346476	-0.056884	0.000342051	0.999927	0.0120939	0.056884	-0.0120938	0.998308	0.809369	-0.173192	28.7113	
0.998287	0.00036638	-0.0585043	0.00036157	0.999923	0.0124316	0.0585043	-0.0124315	0.99821	0.855408	-0.182977	29.5079	
0.998191	0.000386854	-0.0601262	0.000381636	0.999918	0.0127693	0.0601262	-0.0127691	0.998109	0.90274	-0.193032	30.3044	
0.998092	0.000407898	-0.0617496	0.00040225	0.999914	0.0131069	0.0617496	-0.0131067	0.998006	0.951367	-0.203356	31.1008	
0.99799	0.000429513	-0.0633744	0.000423411	0.99991	0.0134444	0.0633745	-0.0134443	0.997899	1.00129	-0.21395	31.8972	
0.997885	0.000451699	-0.0650007	0.00044512	0.999905	0.0137819	0.0650007	-0.0137817	0.99779	1.05251	-0.224812	32.6934	
0.997778	0.000474456	-0.0666283	0.000467375	0.9999	0.0141193	0.0666283	-0.0141191	0.997678	1.10503	-0.235945	33.4896	
0.997668	0.000497785	-0.0682572	0.000490177	0.999895	0.0144566	0.0682573	-0.0144563	0.997563	1.15885	-0.247346	34.2857	
0.997555	0.000521686	-0.0698874	0.000513525	0.99989	0.0147938	0.0698874	-0.0147935	0.997445	1.21397	-0.259016	35.0817	
0.997439	0.000546159	-0.0715188	0.000537418	0.999885	0.0151308	0.0715188	-0.0151305	0.997324	1.27039	-0.270956	35.8776	
0.997321	0.000571204	-0.0731513	0.000561856	0.99988	0.0154677	0.0731514	-0.0154674	0.997201	1.32811	-0.283164	36.6734	
0.9972	0.000596821	-0.074785	0.000586839	0.999875	0.0158045	0.0747851	-0.0158042	0.997074	1.38713	-0.295641	37.4691	
0.997076	0.00062301	-0.0764197	0.000612365	0.99987	0.0161412	0.0764198	-0.0161407	0.996945	1.44746	-0.308387	38.2646	
0.996949	0.00064977	-0.0780554	0.000638434	0.999864	0.0164776	0.0780555	-0.0164772	0.996813	1.5091	-0.321401	39.0601	
0.996819	0.000677103	-0.0796921	0.000665045	0.999858	0.0168139	0.0796922	-0.0168134	0.996678	1.57204	-0.334683	39.8555	
0.996687	0.000705006	-0.0813298	0.000692197	0.999853	0.01715	0.0813299	-0.0171495	0.99654	1.63628	-0.348234	40.6508	
0.996552	0.000733481	-0.0829682	0.00071989	0.999847	0.0174859	0.0829683	-0.0174854	0.996399	1.70184	-0.362053	41.446	
0.996414	0.000762526	-0.0846075	0.000748121	0.999841	0.0178216	0.0846076	-0.017821	0.996255	1.7687	-0.37614	42.241	
0.996273	0.000792142	-0.0862476	0.000776891	0.999835	0.0181571	0.0862477	-0.0181565	0.996108	1.83687	-0.390495	43.0359	
0.99613	0.000822327	-0.0878883	0.000806198	0.999829	0.0184924	0.0878885	-0.0184917	0.995959	1.90634	-0.405117	43.8307	
0.99597	0.000853234	-0.0896785	0.000575933	0.999873	0.0159095	0.0896807	-0.015897	0.995844	1.97719	-0.418838	44.6255	
0.995807	0.000879552	-0.0914735	0.000341018	0.999911	0.0133269	0.0914771	-0.0133023	0.995718	2.04947	-0.430488	45.4201	
0.99564	0.000901251	-0.0932732	0.000101445	0.999942	0.0107448	0.0932775	-0.0107074	0.995583	2.12319	-0.440068	46.2146	
0.995469	0.000918305	-0.0950774	-0.000142797	0.999967	0.00816308	0.0950817	-0.00811252	0.995436	2.19834	-0.447577	47.009	
0.995295	0.000930687	-0.0968858	-0.000391717	0.999984	0.00558181	0.0968895	-0.0055176	0.99528	2.27494	-0.453015	47.8033	
0.995117	0.000938374	-0.0986985	-0.000645324	0.999995	0.00300103	0.0987008	-0.00292268	0.995113	2.35298	-0.456383	48.5974	
0.994935	0.000941341	-0.100515	-0.000903625	1	0.000420757	0.100515	-0.000327798	0.994935	2.43246	-0.457679	49.3914	
0.99475	0.000939567	-0.102335	-0.00116663	0.999997	-0.00215897	0.102333	0.00226702	0.994748	2.5134	-0.456906	50.1853	
0.99456	0.000933031	-0.104159	-0.00143434	0.999988	-0.00473813	0.104154	0.00486176	0.994549	2.59578	-0.454061	50.979	
0.994367	0.000921713	-0.105986	-0.00170677	0.999972	-0.00731669	0.105977	0.00745637	0.994341	2.67962	-0.449147	51.7725	
0.99417	0.000905597	-0.107817	-0.00198393	0.999949	-0.00989462	0.107803	0.0100508	0.994122	2.76492	-0.442161	52.5659	
0.99397	0.000884665	-0.109651	-0.00226581	0.99992	-0.0124719	0.109631	0.0126451	0.993892	2.85167	-0.433106	53.3591	
0.993766	0.000858901	-0.111487	-0.00255242	0.999884	-0.0150485	0.111461	0.0152392	0.993652	2.93988	-0.42198	54.1521	
0.993558	0.000828293	-0.113326	-0.00284378	0.999841	-0.0176244	0.113293	0.0178331	0.993402	3.02956	-0.408785	54.9449	
0.993346	0.000792827	-0.115167	-0.00313988	0.999791	-0.0201996	0.115127	0.0204268	0.993141	3.1207	-0.393519	55.7375	
0.99313	0.000752491	-0.117011	-0.00344074	0.999735	-0.022774	0.116963	0.0230201	0.992869	3.2133	-0.376185	56.5299	
0.992911	0.000707277	-0.118857	-0.00374634	0.999672	-0.0253476	0.1188	0.0256132	0.992588	3.30737	-0.35678	57.3221	
0.992688	0.000657175	-0.120705	-0.0040567	0.999602	-0.0279204	0.120638	0.0282059	0.992296	3.4029	-0.335307	58.1141	
0.992462	0.000602178	-0.122554	-0.00437182	0.999525	-0.0304923	0.122478	0.0307983	0.991993	3.4999	-0.311765	58.9058	
0.992231	0.000542279	-0.124405	-0.0046917	0.999442	-0.0330635	0.124318	0.0333903	0.99168	3.59837	-0.286154	59.6973	
0.991997	0.000477475	-0.126258	-0.00501635	0.999352	-0.0356337	0.126159	0.0359819	0.991357	3.69831	-0.258476	60.4885	
0.99176	0.000407762	-0.128112	-0.00534576	0.999256	-0.038203	0.128001	0.0385731	0.991024	3.79971	-0.228729	61.2794	
0.991518	0.000333138	-0.129966	-0.00567993	0.999152	-0.0407714	0.129842	0.0411638	0.99068	3.90259	-0.196915	62.0701	
0.991273	0.000253603	-0.131822	-0.00601888	0.999042	-0.0433388	0.131684	0.043754	0.990326	4.00694	-0.163033	62.8605	
0.991025	0.000169156	-0.133678	-0.00636259	0.998926	-0.0459053	0.133526	0.0463438	0.989961	4.11275	-0.127085	63.6506	
0.990773	7.98e-05	-0.135534	-0.00671107	0.998802	-0.0484707	0.135368	0.048933	0.989586	4.22004	-0.0890706	64.4404	
0.990517	-1.44615e-05	-0.137391	-0.00706432	0.998672	-0.0510351	0.137209	0.0515217	0.989201	4.3288	-0.0489901	65.2299	
0.990258	-0.000113624	-0.139248	-0.00742234	0.998535	-0.0535985	0.13905	0.0541099	0.988806	4.43902	-0.00684412	66.0192	
0.989995	-0.000217682	-0.141105	-0.00778512	0.998391	-0.0561608	0.14089	0.0566974	0.9884	4.55071	0.0373669	66.808	
0.989728	-0.000326627	-0.142961	-0.00815266	0.998241	-0.058722	0.142729	0.0592844	0.987985	4.66388	0.0836425	67.5966	
0.989458	-0.000440452	-0.144817	-0.00852496	0.998084	-0.0612821	0.144567	0.0618707	0.987559	4.7785	0.131982	68.3848	
0.989185	-0.000559145	-0.146673	-0.00890203	0.99792	-0.0638411	0.146403	0.0644563	0.987123	4.8946	0.182385	69.1727	
0.988908	-0.000682697	-0.148527	-0.00928385	0.99775	-0.0663989	0.148238	0.0670413	0.986677	5.01216	0.234852	69.9602	
0.988628	-0.000811094	-0.150381	-0.00967042	0.997573	-0.0689555	0.150072	0.0696256	0.98622	5.13118	0.28938	70.7474	
0.988344	-0.000944322	-0.152233	-0.0100617	0.997389	-0.0715109	0.151903	0.0722091	0.985754	5.25166	0.345971	71.5342	
0.988115	-0.00106761	-0.153711	-0.0130961	0.995755	-0.0911027	0.153156	0.092033	0.983907	5.37338	0.411504	72.3201	
0.987884	-0.00122063	-0.155187	-0.0161548	0.993728	-0.110654	0.154349	0.11182	0.981668	5.49608	0.492842	73.1044	
0.987652	-0.00140333	-0.156659	-0.0192366	0.991307	-0.130157	0.155479	0.131563	0.979039	5.6197	0.589953	73.8867	
0.987418	-0.00161563	-0.158126	-0.0223403	0.988494	-0.149603	0.156549	0.151253	0.97602	5.7442	0.702798	74.6668	
0.987182	-0.00185744	-0.159589	-0.0254646	0.985289	-0.168986	0.157555	0.170884	0.972613	5.86953	0.831331	75.4443	
0.986945	-0.00212868	-0.161046	-0.0286083	0.981695	-0.188297	0.158499	0.190446	0.968818	5.99564	0.975503	76.2189	
0.986706	-0.00242922	-0.162498	-0.0317702	0.977713	-0.207529	0.15938	0.209932	0.964638	6.12247	1.13526	76.9904	
0.986466	-0.00275896	-0.163943	-0.034949	0.973344	-0.226673	0.160198	0.229335	0.960074	6.24998	1.31052	77.7583	
0.986225	-0.00311776	-0.16538	-0.0381434	0.968589	-0.245723	0.160952	0.248647	0.955128	6.37812	1.50124	78.5225	
