1	0	0	0	1	0	0	0	1	0	0	0	
0.999986	2.98073e-06	-0.00522636	2.98073e-06	0.999999	0.00114065	0.00522636	-0.00114065	0.999986	0.00275045	-0.000600281	1.05252	
0.999945	1.19302e-05	-0.0104554	1.19321e-05	0.999997	0.00228223	0.0104554	-0.00228223	0.999943	0.0110032	-0.00240162	2.10501	
0.999877	2.68593e-05	-0.0156868	2.68668e-05	0.999994	0.0034247	0.0156868	-0.0034247	0.999871	0.0247609	-0.00540497	3.15744	
0.999781	4.77786e-05	-0.0209205	4.77974e-05	0.99999	0.00456802	0.0209205	-0.00456802	0.999771	0.0440259	-0.00961125	4.20978	
0.999658	7.46982e-05	-0.0261561	7.47359e-05	0.999984	0.00571214	0.0261561	-0.00571214	0.999642	0.0688006	-0.0150213	5.262	
0.999507	0.000107628	-0.0313936	0.000107694	0.999976	0.006857	0.0313936	-0.00685701	0.999484	0.0990869	-0.021636	6.31407	
0.999329	0.000146576	-0.0366326	0.000146682	0.999968	0.00800258	0.0366326	-0.00800258	0.999297	0.134887	-0.0294561	7.36595	
0.999123	0.000191553	-0.041873	0.000191711	0.999958	0.00914881	0.041873	-0.00914881	0.999081	0.176201	-0.0384822	8.41763	
0.998889	0.000242565	-0.0471145	0.000242792	0.999947	0.0102957	0.0471145	-0.0102957	0.998836	0.223032	-0.0487152	9.46906	
0.998628	0.000299622	-0.052357	0.000299933	0.999934	0.0114431	0.052357	-0.0114431	0.998563	0.27538	-0.0601555	10.5202	
0.99834	0.00036273	-0.0576002	0.000363145	0.999921	0.012591	0.0576002	-0.012591	0.99826	0.333247	-0.0728037	11.5711	
0.998023	0.000431896	-0.0628439	0.000432437	0.999906	0.0137394	0.0628439	-0.0137394	0.997929	0.396632	-0.0866605	12.6216	
0.997679	0.000507127	-0.0680879	0.000507816	0.999889	0.0148882	0.0680879	-0.0148883	0.997568	0.465537	-0.101726	13.6718	
0.997307	0.00058843	-0.073332	0.00058929	0.999871	0.0160374	0.073332	-0.0160375	0.997179	0.539961	-0.118001	14.7215	
0.996908	0.000675808	-0.0785759	0.000676868	0.999852	0.017187	0.0785759	-0.017187	0.99676	0.619905	-0.135486	15.7709	
0.996481	0.000769269	-0.0838196	0.000770556	0.999832	0.0183368	0.0838196	-0.0183369	0.996312	0.705368	-0.154181	16.8197	
0.996026	0.000868816	-0.0890626	0.000870361	0.99981	0.0194869	0.0890626	-0.0194869	0.995835	0.796349	-0.174086	17.8681	
0.995543	0.000974455	-0.0943049	0.000976289	0.999787	0.0206371	0.0943049	-0.0206372	0.995329	0.892849	-0.195202	18.916	
0.995032	0.00108619	-0.0995463	0.00108835	0.999762	0.0217876	0.0995462	-0.0217877	0.994794	0.994866	-0.217529	19.9633	
0.994494	0.00120402	-0.104786	0.00120654	0.999736	0.0229381	0.104786	-0.0229382	0.99423	1.1024	-0.241067	21.0101	
0.993928	0.00132795	-0.110025	0.00133087	0.999709	0.0240886	0.110025	-0.0240888	0.993637	1.21545	-0.265815	22.0562	
0.993334	0.00145799	-0.115262	0.00146135	0.99968	0.0252392	0.115262	-0.0252394	0.993014	1.33401	-0.291775	23.1017	
0.992712	0.00159413	-0.120498	0.00159797	0.99965	0.0263897	0.120498	-0.02639	0.992363	1.45808	-0.318945	24.1466	
0.992063	0.00173638	-0.125731	0.00174074	0.999619	0.0275402	0.125731	-0.0275404	0.991682	1.58766	-0.347327	25.1907	
0.991386	0.00188474	-0.130962	0.00188967	0.999587	0.0286905	0.130962	-0.0286908	0.990972	1.72275	-0.37692	26.2341	
0.990681	0.00203921	-0.13619	0.00204476	0.999553	0.0298406	0.13619	-0.029841	0.990233	1.86334	-0.407723	27.2767	
0.989948	0.0021998	-0.141416	0.00220601	0.999517	0.0309905	0.141416	-0.030991	0.989465	2.00943	-0.439736	28.3186	
0.989187	0.00236649	-0.146639	0.00237342	0.999481	0.0321401	0.146639	-0.0321407	0.988668	2.16103	-0.47296	29.3596	
0.988399	0.00253929	-0.151859	0.00254699	0.999443	0.0332895	0.151859	-0.03329	0.987841	2.31812	-0.507394	30.3998	
0.987583	0.0027182	-0.157076	0.00272673	0.999403	0.0344384	0.157076	-0.0344391	0.986986	2.4807	-0.543038	31.439	
0.986739	0.00290322	-0.162289	0.00291263	0.999362	0.0355869	0.162289	-0.0355877	0.986101	2.64877	-0.57989	32.4774	
0.985867	0.00309435	-0.167499	0.0031047	0.99932	0.036735	0.167498	-0.0367359	0.985188	2.82232	-0.617951	33.5148	
0.984968	0.00329158	-0.172704	0.00330293	0.999277	0.0378826	0.172704	-0.0378836	0.984245	3.00136	-0.657221	34.5513	
0.984041	0.00349491	-0.177906	0.00350733	0.999232	0.0390296	0.177905	-0.0390307	0.983273	3.18587	-0.697698	35.5867	
0.983087	0.00370434	-0.183103	0.00371789	0.999186	0.040176	0.183102	-0.0401773	0.982273	3.37586	-0.739382	36.6211	
0.982105	0.00391987	-0.188295	0.00393461	0.999138	0.0413218	0.188295	-0.0413232	0.981243	3.57131	-0.782273	37.6544	
0.981095	0.00414149	-0.193483	0.0041575	0.999089	0.0424669	0.193483	-0.0424685	0.980184	3.77223	-0.82637	38.6867	
0.980058	0.0043692	-0.198666	0.00438654	0.999039	0.0436112	0.198665	-0.043613	0.979097	3.9786	-0.871671	39.7178	
0.978993	0.00460299	-0.203843	0.00462173	0.998987	0.0447548	0.203843	-0.0447567	0.97798	4.19043	-0.918177	40.7477	
0.9779	0.00484286	-0.209016	0.00486308	0.998934	0.0458976	0.209015	-0.0458997	0.976835	4.4077	-0.965886	41.7764	
0.97678	0.0050888	-0.214182	0.00511057	0.99888	0.0470394	0.214182	-0.0470418	0.97566	4.63041	-1.0148	42.804	
0.975633	0.00534081	-0.219343	0.00536421	0.998824	0.0481804	0.219343	-0.048183	0.974457	4.85856	-1.06491	43.8302	
0.974458	0.00559888	-0.224498	0.00562399	0.998767	0.0493203	0.224498	-0.0493232	0.973226	5.09214	-1.11623	44.8552	
0.973256	0.00586301	-0.229647	0.0058899	0.998709	0.0504593	0.229646	-0.0504624	0.971965	5.33114	-1.16874	45.8789	
0.972027	0.00613318	-0.234789	0.00616195	0.998649	0.0515972	0.234789	-0.0516006	0.970676	5.57555	-1.22245	46.9013	
0.97077	0.00640939	-0.239925	0.00644011	0.998588	0.052734	0.239924	-0.0527377	0.969358	5.82538	-1.27736	47.9222	
0.969486	0.00669163	-0.245054	0.0067244	0.998525	0.0538696	0.245053	-0.0538737	0.968012	6.0806	-1.33347	48.9418	
0.968175	0.0069799	-0.250176	0.00701479	0.998461	0.0550041	0.250175	-0.0550085	0.966637	6.34122	-1.39077	49.9599	
0.966837	0.00727418	-0.255291	0.00731129	0.998396	0.0561373	0.25529	-0.0561421	0.965233	6.60723	-1.44926	50.9766	
0.965472	0.00757447	-0.260398	0.00761389	0.99833	0.0572692	0.260397	-0.0572745	0.963801	6.87862	-1.50895	51.9918	
0.964079	0.00788075	-0.265498	0.00792257	0.998262	0.0583998	0.265497	-0.0584055	0.962341	7.15538	-1.56983	53.0055	
0.96266	0.00819302	-0.27059	0.00823734	0.998193	0.059529	0.270589	-0.0595351	0.960852	7.4375	-1.63189	54.0176	
0.961214	0.00851126	-0.275674	0.00855817	0.998122	0.0606568	0.275673	-0.0606634	0.959335	7.72498	-1.69515	55.0281	
0.95974	0.00883547	-0.28075	0.00888507	0.99805	0.0617831	0.280748	-0.0617902	0.95779	8.0178	-1.75959	56.037	
0.95824	0.00916563	-0.285817	0.00921802	0.997977	0.0629079	0.285815	-0.0629156	0.956217	8.31596	-1.82522	57.0443	
0.956714	0.00950173	-0.290876	0.00955702	0.997902	0.0640312	0.290874	-0.0640394	0.954616	8.61945	-1.89203	58.0499	
0.95516	0.00984377	-0.295926	0.00990204	0.997826	0.0651528	0.295924	-0.0651616	0.952986	8.92827	-1.96003	59.0538	
0.95358	0.0101917	-0.300967	0.0102531	0.997749	0.0662728	0.300965	-0.0662823	0.951329	9.24239	-2.0292	60.056	
0.951974	0.0105456	-0.305999	0.0106102	0.99767	0.0673911	0.305997	-0.0674012	0.949644	9.56181	-2.09955	61.0564	
0.95034	0.0109053	-0.311021	0.0109732	0.99759	0.0685076	0.311019	-0.0685185	0.947931	9.88652	-2.17108	62.055	
0.948681	0.0112709	-0.316034	0.0113423	0.997509	0.0696224	0.316031	-0.069634	0.94619	10.2165	-2.24379	63.0518	
0.946995	0.0116424	-0.321037	0.0117173	0.997426	0.0707354	0.321034	-0.0707477	0.944421	10.5518	-2.31767	64.0468	
0.945283	0.0120198	-0.32603	0.0120983	0.997342	0.0718464	0.326027	-0.0718596	0.942625	10.8923	-2.39272	65.0398	
0.943545	0.0124029	-0.331013	0.0124852	0.997257	0.0729556	0.33101	-0.0729696	0.940802	11.2381	-2.46893	66.031	
0.94178	0.0127919	-0.335986	0.0128781	0.99717	0.0740628	0.335983	-0.0740777	0.938951	11.5891	-2.54632	67.0203	
0.938989	0.0133943	-0.343685	0.0124164	0.99727	0.0727891	0.343722	-0.0726156	0.93626	11.9468	-2.62352	68.0071	
0.936135	0.0139845	-0.351362	0.0119446	0.997368	0.07152	0.351438	-0.0711493	0.933504	12.3126	-2.69918	68.9911	
0.933218	0.0145627	-0.359015	0.0114624	0.997463	0.0702552	0.359128	-0.0696786	0.930684	12.6866	-2.77329	69.9722	
0.925896	0.0157734	-0.377449	0.00510764	0.998514	0.0542565	0.377744	-0.0521638	0.924439	13.0744	-2.83742	70.9485	
0.918206	0.0166357	-0.395753	-0.00156602	0.999262	0.0383711	0.396099	-0.0346128	0.917555	13.4817	-2.88309	71.9179	
0.910155	0.0171489	-0.413914	-0.0085539	0.999708	0.0226099	0.41418	-0.0170379	0.910035	13.9081	-2.91027	72.8798	
0.901747	0.0173128	-0.431918	-0.0158512	0.99985	0.00698384	0.431974	0.000548756	0.901886	14.3534	-2.91895	73.8334	
0.892988	0.0171271	-0.449755	-0.0234528	0.999689	-0.00849628	0.44947	0.0181351	0.893112	14.8173	-2.90911	74.7781	
0.883884	0.0165921	-0.467411	-0.0313534	0.999224	-0.0238197	0.466653	0.0357088	0.883719	15.2995	-2.88078	75.7132	
0.874443	0.015708	-0.484874	-0.0395477	0.998457	-0.0389759	0.483514	0.0532579	0.873715	15.7995	-2.83395	76.6381	
0.864669	0.0144756	-0.502133	-0.0480299	0.997388	-0.0539543	0.50004	0.07077	0.863106	16.3172	-2.76868	77.5522	
0.854571	0.0128956	-0.519175	-0.0567942	0.996016	-0.0687446	0.51622	0.0882332	0.851899	16.852	-2.685	78.4548	
0.844154	0.0109691	-0.535988	-0.0658345	0.994344	-0.0833364	0.532043	0.105635	0.840102	17.4037	-2.58297	79.3453	
0.833427	0.00869759	-0.552561	-0.0751444	0.992373	-0.0977198	0.547497	0.122964	0.827724	17.9719	-2.46265	80.2231	
0.822397	0.00608248	-0.568882	-0.0847177	0.990103	-0.111885	0.562572	0.140208	0.814773	18.5561	-2.32415	81.0875	
0.81107	0.00312564	-0.58494	-0.0945476	0.987537	-0.125821	0.577257	0.157355	0.801258	19.156	-2.16754	81.938	
0.799456	-0.000170888	-0.600725	-0.104627	0.984676	-0.13952	0.591543	0.174393	0.787187	19.7711	-1.99295	82.774	
0.787562	-0.00380482	-0.616224	-0.11495	0.981522	-0.152972	0.605419	0.19131	0.772572	20.4011	-1.80048	83.5949	
0.775396	-0.00777364	-0.631427	-0.125508	0.978078	-0.166166	0.618877	0.208094	0.757422	21.0454	-1.59028	84.4001	
0.762967	-0.0120746	-0.646324	-0.136295	0.974345	-0.179095	0.631905	0.224735	0.741748	21.7037	-1.36248	85.1891	
0.750284	-0.0167047	-0.660905	-0.147303	0.970327	-0.191749	0.644496	0.24122	0.72556	22.3754	-1.11725	85.9613	
0.737355	-0.0216608	-0.675158	-0.158524	0.966025	-0.20412	0.656641	0.257538	0.70887	23.0602	-0.854761	86.7163	
0.724189	-0.0269394	-0.689075	-0.169951	0.961444	-0.216199	0.668332	0.273677	0.691689	23.7576	-0.575187	87.4534	
0.710795	-0.0325369	-0.702646	-0.181575	0.956586	-0.227977	0.67956	0.289627	0.674029	24.4669	-0.278723	88.1722	
0.697183	-0.0384494	-0.715862	-0.193389	0.951455	-0.239446	0.690317	0.305377	0.655902	25.1879	0.0344236	88.8721	
0.683361	-0.0446728	-0.728712	-0.205384	0.946054	-0.250599	0.700596	0.320915	0.637321	25.9199	0.364037	89.5527	
0.669341	-0.0512027	-0.741189	-0.217552	0.940386	-0.261427	0.71039	0.336231	0.6183	26.6625	0.709889	90.2135	
0.65513	-0.0580348	-0.753284	-0.229886	0.934457	-0.271924	0.719693	0.351315	0.59885	27.4152	1.07174	90.8541	
0.64074	-0.0651642	-0.764988	-0.242375	0.92827	-0.282082	0.728497	0.366155	0.578985	28.1773	1.44934	91.474	
0.626179	-0.072586	-0.776293	-0.255011	0.921828	-0.291893	0.736796	0.380741	0.558719	28.9485	1.84242	92.0728	
0.611459	-0.080295	-0.787192	-0.267787	0.915138	-0.301352	0.744586	0.395064	0.538067	29.7281	2.25072	92.65	
0.596589	-0.088286	-0.797676	-0.280692	0.908203	-0.310451	0.75186	0.409113	0.517042	30.5157	2.67396	93.2053	
0.58158	-0.0965534	-0.807739	-0.293719	0.901027	-0.319185	0.758614	0.42288	0.49566	31.3107	3.11183	93.7383	
0.566441	-0.105092	-0.817374	-0.306857	0.893617	-0.327547	0.764842	0.436353	0.473934	32.1124	3.56404	94.2485	
