1	0	0	0	1	0	0	0	1	0	0	0	
1	4.13516e-07	-0.000910934	4.13516e-07	1	0.000907894	0.000910934	-0.000907894	0.999999	0.000469729	-0.000468162	1.03131	
0.999998	1.65348e-06	-0.00182171	1.65288e-06	0.999998	0.00181497	0.00182171	-0.00181497	0.999997	0.00187884	-0.00187222	2.06262	
0.999996	3.71874e-06	-0.00273229	3.71632e-06	0.999996	0.00272117	0.00273229	-0.00272117	0.999993	0.00422714	-0.00421132	3.09393	
0.999993	6.60799e-06	-0.00364262	6.60193e-06	0.999993	0.00362647	0.00364262	-0.00362647	0.999987	0.0075144	-0.00748452	4.12523	
0.99999	1.03197e-05	-0.00455265	1.03076e-05	0.99999	0.0045308	0.00455265	-0.0045308	0.999979	0.0117403	-0.0116909	5.15653	
0.999985	1.48523e-05	-0.00546233	1.48311e-05	0.999985	0.00543413	0.00546233	-0.00543413	0.99997	0.0169046	-0.0168294	6.18782	
0.99998	2.02039e-05	-0.00637162	2.01701e-05	0.99998	0.00633641	0.00637162	-0.00633641	0.99996	0.0230069	-0.0228989	7.21909	
0.999973	2.63726e-05	-0.00728047	2.63219e-05	0.999974	0.00723759	0.00728047	-0.00723759	0.999947	0.0300467	-0.0298984	8.25036	
0.999966	3.33562e-05	-0.00818884	3.32837e-05	0.999967	0.00813762	0.00818884	-0.00813762	0.999933	0.0380235	-0.0378268	9.28161	
0.999959	4.11523e-05	-0.00909666	4.10528e-05	0.999959	0.00903647	0.00909667	-0.00903647	0.999918	0.0469369	-0.0466827	10.3128	
0.99995	4.97586e-05	-0.0100039	4.9626e-05	0.999951	0.00993408	0.0100039	-0.00993408	0.999901	0.0567863	-0.056465	11.3441	
0.99994	5.91723e-05	-0.0109105	5.90002e-05	0.999941	0.0108304	0.0109105	-0.0108304	0.999882	0.0675709	-0.0671723	12.3753	
0.99993	6.93907e-05	-0.0118165	6.91718e-05	0.999931	0.0117254	0.0118165	-0.0117254	0.999861	0.0792902	-0.0788034	13.4064	
0.999919	8.04108e-05	-0.0127217	8.01375e-05	0.99992	0.012619	0.0127217	-0.012619	0.999839	0.0919435	-0.0913568	14.4376	
0.999907	9.22295e-05	-0.0136261	9.18934e-05	0.999909	0.0135113	0.0136261	-0.0135113	0.999816	0.10553	-0.104831	15.4687	
0.999894	0.000104843	-0.0145297	0.000104436	0.999896	0.014402	0.0145297	-0.014402	0.999791	0.120049	-0.119225	16.4999	
0.999881	0.000118249	-0.0154325	0.000117761	0.999883	0.0152912	0.0154325	-0.0152912	0.999764	0.135499	-0.134536	17.5309	
0.999867	0.000132443	-0.0163343	0.000131864	0.999869	0.0161789	0.0163343	-0.0161789	0.999736	0.15188	-0.150764	18.562	
0.999851	0.000147422	-0.0172352	0.000146741	0.999854	0.017065	0.0172352	-0.017065	0.999706	0.16919	-0.167906	19.593	
0.999836	0.000163181	-0.0181351	0.000162387	0.999839	0.0179495	0.0181351	-0.0179495	0.999674	0.187429	-0.185962	20.624	
0.999819	0.000179716	-0.0190339	0.000178798	0.999823	0.0188322	0.0190339	-0.0188322	0.999641	0.206595	-0.204929	21.655	
0.999801	0.000197024	-0.0199316	0.00019597	0.999806	0.0197133	0.0199316	-0.0197133	0.999607	0.226688	-0.224805	22.6859	
0.999783	0.0002151	-0.0208281	0.000213896	0.999788	0.0205925	0.0208281	-0.0205925	0.999571	0.247706	-0.245589	23.7168	
0.999764	0.000233938	-0.0217235	0.000232573	0.999769	0.02147	0.0217235	-0.0214699	0.999533	0.269648	-0.267279	24.7476	
0.999744	0.000253536	-0.0226176	0.000251994	0.99975	0.0223455	0.0226176	-0.0223455	0.999494	0.292513	-0.289872	25.7785	
0.999724	0.000273887	-0.0235104	0.000272155	0.99973	0.0232192	0.0235104	-0.0232192	0.999454	0.316299	-0.313368	26.8092	
0.999702	0.000294986	-0.0244019	0.000293049	0.99971	0.0240909	0.0244019	-0.0240909	0.999412	0.341006	-0.337764	27.84	
0.99968	0.000316829	-0.0252919	0.000314672	0.999688	0.0249606	0.025292	-0.0249606	0.999368	0.36663	-0.363058	28.8706	
0.999657	0.000339411	-0.0261806	0.000337017	0.999666	0.0258283	0.0261806	-0.0258282	0.999324	0.393173	-0.389247	29.9013	
0.999634	0.000362725	-0.0270677	0.000360079	0.999644	0.0266939	0.0270678	-0.0266938	0.999277	0.420631	-0.41633	30.9319	
0.999609	0.000386766	-0.0279534	0.000383851	0.99962	0.0275573	0.0279534	-0.0275573	0.999229	0.449003	-0.444305	31.9624	
0.999584	0.000411528	-0.0288374	0.000408328	0.999596	0.0284186	0.0288375	-0.0284186	0.99918	0.478287	-0.47317	32.9929	
0.999558	0.000437006	-0.0297199	0.000433502	0.999571	0.0292777	0.0297199	-0.0292777	0.999129	0.508483	-0.502921	34.0233	
0.999532	0.000463194	-0.0306006	0.000459367	0.999546	0.0301345	0.0306007	-0.0301345	0.999077	0.539587	-0.533557	35.0537	
0.999504	0.000490084	-0.0314797	0.000485917	0.99952	0.0309891	0.0314797	-0.030989	0.999024	0.5716	-0.565076	36.0841	
0.999476	0.000517672	-0.0323569	0.000513144	0.999493	0.0318412	0.032357	-0.0318412	0.998969	0.604517	-0.597475	37.1143	
0.999448	0.00054595	-0.0332324	0.000541043	0.999465	0.032691	0.0332325	-0.032691	0.998913	0.638339	-0.630751	38.1446	
0.999418	0.000574911	-0.034106	0.000569606	0.999437	0.0335384	0.0341061	-0.0335383	0.998855	0.673063	-0.664903	39.1747	
0.999388	0.00060455	-0.0349777	0.000598825	0.999409	0.0343833	0.0349778	-0.0343832	0.998796	0.708686	-0.699927	40.2048	
0.999357	0.000634858	-0.0358475	0.000628693	0.999379	0.0352257	0.0358476	-0.0352256	0.998736	0.745208	-0.735821	41.2349	
0.999326	0.00066583	-0.0367152	0.000659204	0.999349	0.0360656	0.0367153	-0.0360655	0.998675	0.782625	-0.772583	42.2648	
0.999293	0.000697458	-0.0375809	0.000690349	0.999319	0.0369028	0.0375811	-0.0369027	0.998612	0.820937	-0.81021	43.2948	
0.99926	0.000729734	-0.0384446	0.00072212	0.999287	0.0377375	0.0384447	-0.0377373	0.998548	0.86014	-0.848698	44.3246	
0.999227	0.000762652	-0.039306	0.000754511	0.999256	0.0385694	0.0393062	-0.0385693	0.998483	0.900233	-0.888046	45.3544	
0.999193	0.000796203	-0.0401654	0.000787512	0.999223	0.0393987	0.0401655	-0.0393985	0.998416	0.941213	-0.928251	46.3841	
0.999158	0.00083038	-0.0410224	0.000821117	0.99919	0.0402251	0.0410226	-0.0402249	0.998348	0.983078	-0.969309	47.4138	
0.999122	0.000865175	-0.0418772	0.000855316	0.999157	0.0410488	0.0418774	-0.0410486	0.998279	1.02583	-1.01122	48.4433	
0.999086	0.00090058	-0.0427297	0.000890102	0.999123	0.0418697	0.0427299	-0.0418694	0.998209	1.06945	-1.05398	49.4728	
0.99905	0.000936588	-0.0435798	0.000925466	0.999088	0.0426876	0.0435801	-0.0426874	0.998138	1.11396	-1.09758	50.5023	
0.999012	0.000973189	-0.0444275	0.000961399	0.999053	0.0435027	0.0444278	-0.0435024	0.998065	1.15934	-1.14202	51.5316	
0.998974	0.00101038	-0.0452728	0.000997894	0.999017	0.0443148	0.0452731	-0.0443145	0.997991	1.2056	-1.18731	52.5609	
0.998936	0.00104814	-0.0461156	0.00103494	0.998981	0.0451239	0.0461159	-0.0451235	0.997916	1.25272	-1.23343	53.5901	
0.998896	0.00108647	-0.0469558	0.00107253	0.998944	0.0459299	0.0469561	-0.0459296	0.99784	1.30072	-1.28038	54.6192	
0.998857	0.00112537	-0.0477934	0.00111066	0.998907	0.0467329	0.0477937	-0.0467325	0.997763	1.34957	-1.32816	55.6483	
0.998816	0.00116481	-0.0486283	0.00114931	0.998869	0.0475327	0.0486287	-0.0475324	0.997685	1.3993	-1.37677	56.6772	
0.998775	0.0012048	-0.0494606	0.00118847	0.998831	0.0483295	0.049461	-0.0483291	0.997606	1.44988	-1.4262	57.7061	
0.998734	0.00124532	-0.0502902	0.00122815	0.998792	0.049123	0.0502906	-0.0491225	0.997526	1.50131	-1.47645	58.7349	
0.998692	0.00128636	-0.051117	0.00126832	0.998753	0.0499133	0.0511175	-0.0499128	0.997445	1.55361	-1.52752	59.7636	
0.998649	0.00132792	-0.051941	0.00130898	0.998713	0.0507003	0.0519415	-0.0506998	0.997362	1.60675	-1.5794	60.7923	
0.998606	0.00136999	-0.0527621	0.00135012	0.998673	0.051484	0.0527626	-0.0514834	0.997279	1.66074	-1.63209	61.8208	
0.998563	0.00141255	-0.0535803	0.00139172	0.998632	0.0522643	0.0535809	-0.0522638	0.997195	1.71558	-1.68559	62.8493	
0.998518	0.00145559	-0.0543956	0.00143379	0.998591	0.0530413	0.0543961	-0.0530407	0.99711	1.77126	-1.73989	63.8777	
0.998474	0.00149912	-0.0552078	0.00147631	0.99855	0.0538149	0.0552085	-0.0538142	0.997024	1.82777	-1.79499	64.906	
0.998429	0.00154311	-0.0560171	0.00151927	0.998508	0.054585	0.0560177	-0.0545843	0.996937	1.88513	-1.85089	65.9342	
0.998383	0.00158756	-0.0568232	0.00156265	0.998466	0.0553516	0.0568239	-0.0553508	0.996849	1.94332	-1.90758	66.9623	
0.998534	0.00143747	-0.054105	0.00152869	0.998499	0.054741	0.0541025	-0.0547435	0.997034	2.00052	-1.96435	67.9904	
0.998678	0.00128889	-0.0513834	0.00149622	0.998533	0.0541273	0.0513777	-0.0541326	0.997211	2.05491	-2.02049	69.0188	
0.998815	0.00114182	-0.0486585	0.00146528	0.998566	0.0535102	0.0486498	-0.0535181	0.997381	2.10649	-2.076	70.0473	
0.998944	0.000996299	-0.0459305	0.00143588	0.998599	0.05289	0.0459189	-0.0529001	0.997543	2.15525	-2.13088	71.076	
0.999759	-0.000162149	-0.0219529	0.00111803	0.999051	0.043537	0.021925	-0.0435511	0.998811	2.19024	-2.18061	72.1055	
0.999997	-0.00109567	0.00204723	0.00102507	0.999415	0.0341753	-0.00208348	-0.0341731	0.999414	2.20047	-2.2207	73.1359	
0.999659	-0.00180365	0.0260539	0.00115707	0.999691	0.024811	-0.0260906	-0.0247724	0.999353	2.18594	-2.25109	74.1667	
0.998744	-0.00228561	0.050051	0.00151393	0.999879	0.0154504	-0.0500803	-0.0153552	0.998627	2.14666	-2.27179	75.197	
0.997253	-0.00254123	0.0740228	0.00209542	0.999979	0.00609967	-0.0740368	-0.00592781	0.997238	2.08266	-2.28276	76.2262	
0.995188	-0.00257035	0.0979533	0.00290116	0.999991	-0.0032349	-0.097944	0.00350351	0.995186	1.99397	-2.28401	77.2537	
0.992549	-0.00237294	0.121826	0.0039306	0.999914	-0.0125471	-0.121786	0.0129325	0.992472	1.88066	-2.27554	78.2787	
0.989338	-0.00194914	0.145627	0.00518307	0.999748	-0.0218309	-0.145547	0.0223529	0.989099	1.7428	-2.25734	79.3006	
0.985557	-0.00129922	0.169338	0.00665773	0.999495	-0.0310799	-0.169212	0.0317584	0.985068	1.58048	-2.22944	80.3186	
0.98121	-0.000423627	0.192944	0.00835359	0.999153	-0.0402881	-0.192764	0.0411429	0.980382	1.39381	-2.19184	81.3322	
0.976298	0.000677069	0.21643	0.0102695	0.998724	-0.0494494	-0.216188	0.0504999	0.975045	1.18292	-2.14458	82.3406	
0.970825	0.00200213	0.23978	0.0124043	0.998207	-0.0585576	-0.239468	0.0598235	0.96906	0.947949	-2.08769	83.3431	
0.964795	0.00355068	0.262979	0.0147565	0.997603	-0.0676067	-0.262589	0.0691072	0.96243	0.689046	-2.0212	84.3391	
0.958212	0.00532169	0.286011	0.0173244	0.996912	-0.0765906	-0.285535	0.078345	0.955161	0.406387	-1.94516	85.328	
0.951079	0.00731398	0.30886	0.0201065	0.996135	-0.0855035	-0.308292	0.0875307	0.947256	0.10016	-1.85962	86.3091	
0.943403	0.00952622	0.331512	0.0231009	0.995272	-0.0943394	-0.330843	0.0966583	0.938722	-0.229433	-1.76464	87.2816	
0.935187	0.0119569	0.353951	0.0263056	0.994324	-0.103092	-0.353175	0.105722	0.929565	-0.582171	-1.66028	88.2451	
0.926438	0.0146045	0.376164	0.0297184	0.993291	-0.111757	-0.375272	0.114715	0.919789	-0.95782	-1.5466	89.1988	
0.917161	0.0174673	0.398133	0.033337	0.992174	-0.120326	-0.39712	0.123631	0.909402	-1.35613	-1.42369	90.1421	
0.907363	0.0205432	0.419847	0.0371592	0.990975	-0.128796	-0.418703	0.132466	0.89841	-1.77684	-1.29162	91.0743	
0.897049	0.0238302	0.441288	0.0411823	0.989692	-0.13716	-0.440008	0.141212	0.886821	-2.21966	-1.15049	91.9949	
0.886227	0.0273263	0.462445	0.0454036	0.988329	-0.145413	-0.461021	0.149865	0.874643	-2.68431	-1.00039	92.9033	
0.874904	0.031029	0.483302	0.0498204	0.986884	-0.153548	-0.481727	0.158418	0.861883	-3.17047	-0.84141	93.7988	
0.863087	0.0349359	0.503845	0.0544298	0.98536	-0.161562	-0.502114	0.166866	0.84855	-3.67782	-0.673666	94.6808	
0.850785	0.0390444	0.524062	0.0592286	0.983758	-0.169448	-0.522166	0.175203	0.834654	-4.20603	-0.497266	95.5488	
0.838005	0.0433517	0.543938	0.0642136	0.982078	-0.177201	-0.541871	0.183423	0.820202	-4.75474	-0.312328	96.4022	
0.824756	0.0478551	0.56346	0.0693816	0.980321	-0.184816	-0.561216	0.191522	0.805205	-5.32358	-0.118974	97.2404	
0.811047	0.0525515	0.582616	0.0747291	0.978489	-0.192288	-0.580188	0.199493	0.789673	-5.91219	0.082666	98.0629	
0.796887	0.0574377	0.601392	0.0802526	0.976583	-0.199612	-0.598775	0.207331	0.773617	-6.52016	0.292459	98.869	
0.782285	0.0625106	0.619776	0.0859484	0.974604	-0.206783	-0.616963	0.215032	0.757046	-7.1471	0.510266	99.6584	
