1	0	0	0	1	0	0	0	1	0	0	0	
1	1.40415e-08	0.000115412	1.40415e-08	1	-0.000243327	-0.000115412	0.000243327	1	-4.60484e-05	9.70852e-05	0.79798	
1	5.57598e-08	0.000229992	5.57562e-08	1	-0.000484869	-0.000229992	0.000484869	1	-0.000183861	0.000387628	1.59596	
1	1.24545e-07	0.000343736	1.24531e-07	1	-0.000724616	-0.000343736	0.000724616	1	-0.000412773	0.0008702	2.39394	
1	2.1979e-07	0.000456639	2.19755e-07	1	-0.000962563	-0.000456639	0.000962563	0.999999	-0.000732114	0.00154337	3.19192	
1	3.40885e-07	0.000568699	3.40816e-07	0.999999	-0.0011987	-0.000568699	0.0011987	0.999999	-0.00114121	0.00240569	3.9899	
1	4.87225e-07	0.000679911	4.87105e-07	0.999999	-0.00143302	-0.000679911	0.00143302	0.999999	-0.0016394	0.00345572	4.78788	
1	6.58205e-07	0.000790272	6.58014e-07	0.999999	-0.00166552	-0.000790272	0.00166552	0.999998	-0.00222598	0.00469201	5.58586	
1	8.53221e-07	0.000899779	8.52936e-07	0.999998	-0.00189619	-0.000899779	0.00189619	0.999998	-0.0029003	0.0061131	6.38383	
0.999999	1.07167e-06	0.00100843	1.07127e-06	0.999998	-0.00212503	-0.00100843	0.00212503	0.999997	-0.00366165	0.00771753	7.18181	
0.999999	1.31295e-06	0.00111621	1.3124e-06	0.999997	-0.00235202	-0.00111621	0.00235202	0.999997	-0.00450936	0.00950382	7.97979	
0.999999	1.57647e-06	0.00122313	1.57574e-06	0.999997	-0.00257715	-0.00122313	0.00257715	0.999996	-0.00544274	0.0114705	8.77777	
0.999999	1.86162e-06	0.00132919	1.86068e-06	0.999996	-0.00280043	-0.00132919	0.00280043	0.999995	-0.00646109	0.0136161	9.57574	
0.999999	2.16782e-06	0.00143437	2.16663e-06	0.999995	-0.00302185	-0.00143437	0.00302185	0.999994	-0.00756372	0.0159391	10.3737	
0.999999	2.49446e-06	0.00153867	2.49298e-06	0.999995	-0.00324139	-0.00153867	0.00324139	0.999994	-0.00874993	0.0184381	11.1717	
0.999999	2.84095e-06	0.00164209	2.83915e-06	0.999994	-0.00345905	-0.00164209	0.00345905	0.999993	-0.010019	0.0211115	11.9697	
0.999998	3.20671e-06	0.00174463	3.20454e-06	0.999993	-0.00367483	-0.00174463	0.00367483	0.999992	-0.0113703	0.0239579	12.7676	
0.999998	3.59115e-06	0.00184629	3.58857e-06	0.999992	-0.00388871	-0.00184629	0.00388871	0.999991	-0.012803	0.0269756	13.5656	
0.999998	3.99368e-06	0.00194705	3.99064e-06	0.999992	-0.0041007	-0.00194705	0.0041007	0.99999	-0.0143165	0.0301633	14.3636	
0.999998	4.41372e-06	0.00204693	4.41018e-06	0.999991	-0.00431078	-0.00204693	0.00431078	0.999989	-0.0159101	0.0335194	15.1616	
0.999998	4.8507e-06	0.0021459	4.84659e-06	0.99999	-0.00451895	-0.0021459	0.00451895	0.999987	-0.017583	0.0370424	15.9595	
0.999997	5.30402e-06	0.00224398	5.29931e-06	0.999989	-0.0047252	-0.00224398	0.0047252	0.999986	-0.0193345	0.0407307	16.7575	
0.999997	5.77312e-06	0.00234115	5.76775e-06	0.999988	-0.00492953	-0.00234115	0.00492953	0.999985	-0.0211639	0.0445829	17.5555	
0.999997	6.25742e-06	0.00243742	6.25134e-06	0.999987	-0.00513193	-0.00243742	0.00513193	0.999984	-0.0230705	0.0485973	18.3534	
0.999997	6.75636e-06	0.00253278	6.74951e-06	0.999986	-0.00533239	-0.00253278	0.00533239	0.999983	-0.0250536	0.0527724	19.1514	
0.999997	7.26937e-06	0.00262723	7.26169e-06	0.999985	-0.0055309	-0.00262723	0.0055309	0.999981	-0.0271124	0.0571068	19.9494	
0.999996	7.79588e-06	0.00272076	7.78732e-06	0.999984	-0.00572747	-0.00272076	0.00572747	0.99998	-0.0292462	0.0615988	20.7473	
0.999996	8.33534e-06	0.00281337	8.32583e-06	0.999982	-0.00592208	-0.00281337	0.00592208	0.999979	-0.0314542	0.0662468	21.5453	
0.999996	8.88718e-06	0.00290506	8.87667e-06	0.999981	-0.00611473	-0.00290506	0.00611473	0.999977	-0.0337358	0.0710494	22.3433	
0.999996	9.45086e-06	0.00299582	9.43928e-06	0.99998	-0.00630541	-0.00299582	0.00630541	0.999976	-0.0360902	0.0760049	23.1412	
0.999995	1.00258e-05	0.00308566	1.00131e-05	0.999979	-0.00649412	-0.00308566	0.00649412	0.999974	-0.0385167	0.0811118	23.9392	
0.999995	1.06115e-05	0.00317457	1.05976e-05	0.999978	-0.00668085	-0.00317457	0.00668085	0.999973	-0.0410144	0.0863685	24.7371	
0.999995	1.12074e-05	0.00326254	1.11922e-05	0.999976	-0.0068656	-0.00326254	0.0068656	0.999971	-0.0435828	0.0917734	25.5351	
0.999994	1.18129e-05	0.00334958	1.17965e-05	0.999975	-0.00704835	-0.00334958	0.00704835	0.99997	-0.046221	0.0973249	26.333	
0.999994	1.24276e-05	0.00343568	1.24097e-05	0.999974	-0.00722911	-0.00343568	0.00722911	0.999968	-0.0489282	0.103021	27.131	
0.999994	1.30508e-05	0.00352083	1.30315e-05	0.999973	-0.00740787	-0.00352083	0.00740787	0.999966	-0.0517038	0.108861	27.929	
0.999994	1.36821e-05	0.00360504	1.36613e-05	0.999971	-0.00758462	-0.00360504	0.00758462	0.999965	-0.0545469	0.114843	28.7269	
0.999993	1.43209e-05	0.0036883	1.42985e-05	0.99997	-0.00775936	-0.0036883	0.00775936	0.999963	-0.0574569	0.120965	29.5249	
0.999993	1.49667e-05	0.00377061	1.49427e-05	0.999969	-0.00793208	-0.00377061	0.00793208	0.999961	-0.0604329	0.127226	30.3228	
0.999993	1.5619e-05	0.00385197	1.55933e-05	0.999967	-0.00810278	-0.00385197	0.00810278	0.99996	-0.0634743	0.133624	31.1208	
0.999992	1.62772e-05	0.00393237	1.62498e-05	0.999966	-0.00827145	-0.00393237	0.00827145	0.999958	-0.0665801	0.140157	31.9187	
0.999992	1.6941e-05	0.00401181	1.69118e-05	0.999964	-0.00843809	-0.00401181	0.00843809	0.999956	-0.0697498	0.146824	32.7166	
0.999992	1.76097e-05	0.00409029	1.75786e-05	0.999963	-0.00860268	-0.00409029	0.00860268	0.999955	-0.0729824	0.153623	33.5146	
0.999991	1.82828e-05	0.0041678	1.82498e-05	0.999962	-0.00876524	-0.0041678	0.00876524	0.999953	-0.0762773	0.160553	34.3125	
0.999991	1.89599e-05	0.00424435	1.89249e-05	0.99996	-0.00892574	-0.00424435	0.00892574	0.999951	-0.0796337	0.167611	35.1105	
0.999991	1.96406e-05	0.00431992	1.96035e-05	0.999959	-0.0090842	-0.00431992	0.0090842	0.999949	-0.0830507	0.174797	35.9084	
0.99999	2.03241e-05	0.00439453	2.0285e-05	0.999957	-0.00924059	-0.00439453	0.00924059	0.999948	-0.0865277	0.182108	36.7064	
0.99999	2.10103e-05	0.00446816	2.09689e-05	0.999956	-0.00939492	-0.00446816	0.00939492	0.999946	-0.0900638	0.189544	37.5043	
0.99999	2.16984e-05	0.00454081	2.16548e-05	0.999954	-0.00954718	-0.00454081	0.00954718	0.999944	-0.0936583	0.197101	38.3022	
0.999989	2.23881e-05	0.00461249	2.23422e-05	0.999953	-0.00969737	-0.00461249	0.00969737	0.999942	-0.0973104	0.20478	39.1002	
0.999989	2.30789e-05	0.00468318	2.30307e-05	0.999952	-0.00984549	-0.00468318	0.00984549	0.999941	-0.101019	0.212577	39.8981	
0.999989	2.37703e-05	0.00475288	2.37197e-05	0.99995	-0.00999152	-0.00475288	0.00999152	0.999939	-0.104784	0.220492	40.696	
0.999988	2.44619e-05	0.0048216	2.44088e-05	0.999949	-0.0101355	-0.0048216	0.0101355	0.999937	-0.108604	0.228523	41.494	
0.999988	2.51532e-05	0.00488933	2.50976e-05	0.999947	-0.0102773	-0.00488933	0.0102773	0.999935	-0.112479	0.236667	42.2919	
0.999988	2.58438e-05	0.00495607	2.57857e-05	0.999946	-0.0104171	-0.00495607	0.0104171	0.999933	-0.116407	0.244924	43.0898	
0.999987	2.65333e-05	0.00502182	2.64725e-05	0.999944	-0.0105547	-0.00502182	0.0105547	0.999932	-0.120388	0.253291	43.8877	
0.999986	2.89919e-05	0.00529024	1.20818e-05	0.99997	-0.00776387	-0.0052903	0.00776382	0.999956	-0.124503	0.2606	44.6857	
0.999985	3.06962e-05	0.00555789	-3.06774e-06	0.999988	-0.00497098	-0.00555797	0.00497089	0.999972	-0.128831	0.265681	45.4836	
0.999983	3.165e-05	0.0058248	-1.89745e-05	0.999998	-0.00217618	-0.00582485	0.00217603	0.999981	-0.133373	0.268533	46.2816	
0.999981	3.18571e-05	0.00609099	-3.56369e-05	1	0.000620452	-0.00609096	-0.000620657	0.999981	-0.138127	0.269154	47.0796	
0.99998	3.13208e-05	0.00635648	-5.30534e-05	0.999994	0.00341882	-0.00635634	-0.00341909	0.999974	-0.143093	0.267542	47.8775	
0.999978	3.00445e-05	0.00662131	-7.12224e-05	0.999981	0.00621884	-0.006621	-0.00621918	0.999959	-0.148271	0.263696	48.6755	
0.999976	2.80313e-05	0.0068855	-9.01424e-05	0.999959	0.00902042	-0.00688496	-0.00902083	0.999936	-0.15366	0.257615	49.4734	
0.999974	2.52841e-05	0.00714906	-0.000109812	0.99993	0.0118235	-0.00714826	-0.0118239	0.999905	-0.159259	0.249299	50.2713	
0.999973	2.18055e-05	0.00741204	-0.000130229	0.999893	0.0146279	-0.00741093	-0.0146285	0.999866	-0.165068	0.238744	51.0692	
0.999971	1.75981e-05	0.00767445	-0.000151393	0.999848	0.0174336	-0.00767297	-0.0174343	0.999819	-0.171086	0.225952	51.8671	
0.999969	1.26641e-05	0.00793631	-0.000173302	0.999795	0.0202405	-0.00793443	-0.0202412	0.999764	-0.177313	0.21092	52.6649	
0.999966	7.00557e-06	0.00819766	-0.000195954	0.999734	0.0230485	-0.00819532	-0.0230494	0.999701	-0.183749	0.193647	53.4626	
0.999964	6.24365e-07	0.00845852	-0.000219349	0.999666	0.0258576	-0.00845568	-0.0258585	0.99963	-0.190393	0.174133	54.2604	
0.999962	-6.47787e-06	0.00871892	-0.000243484	0.999589	0.0286675	-0.00871552	-0.0286685	0.999551	-0.197244	0.152378	55.058	
0.99996	-1.42997e-05	0.00897888	-0.000268358	0.999504	0.0314783	-0.00897488	-0.0314794	0.999464	-0.204302	0.128379	55.8556	
0.999957	-2.28399e-05	0.00923842	-0.00029397	0.999412	0.0342898	-0.00923377	-0.0342911	0.999369	-0.211567	0.102137	56.6531	
0.999955	-3.20975e-05	0.00949758	-0.000320318	0.999311	0.037102	-0.00949224	-0.0371034	0.999266	-0.219039	0.0736516	57.4506	
0.999952	-4.20717e-05	0.00975638	-0.000347402	0.999203	0.0399147	-0.00975029	-0.0399162	0.999155	-0.226716	0.0429215	58.2479	
0.99995	-5.27619e-05	0.0100148	-0.000375219	0.999087	0.042728	-0.010008	-0.0427296	0.999037	-0.2346	0.00994667	59.0452	
0.999947	-6.41678e-05	0.010273	-0.000403769	0.998962	0.0455415	-0.0102653	-0.0455433	0.99891	-0.242688	-0.0252733	59.8423	
0.999945	-7.62891e-05	0.0105309	-0.000433049	0.99883	0.0483554	-0.0105223	-0.0483573	0.998775	-0.250982	-0.0627387	60.6394	
0.999942	-8.91261e-05	0.0107885	-0.00046306	0.99869	0.0511695	-0.0107789	-0.0511715	0.998632	-0.259481	-0.10245	61.4363	
0.999939	-0.000102679	0.0110459	-0.000493799	0.998542	0.0539837	-0.0110353	-0.0539858	0.998481	-0.268185	-0.144406	62.2332	
0.999936	-0.000116948	0.0113031	-0.000525265	0.998386	0.0567978	-0.0112915	-0.0568002	0.998322	-0.277093	-0.188609	63.0299	
0.999933	-0.000131935	0.0115601	-0.000557457	0.998221	0.059612	-0.0115474	-0.0596144	0.998155	-0.286206	-0.235057	63.8264	
0.99993	-0.000147639	0.011817	-0.000590374	0.998049	0.0624259	-0.0118031	-0.0624285	0.99798	-0.295522	-0.283751	64.6229	
0.999927	-0.000164063	0.0120737	-0.000624015	0.997869	0.0652396	-0.0120587	-0.0652424	0.997797	-0.305043	-0.334691	65.4192	
0.999924	-0.000181207	0.0123303	-0.000658378	0.997681	0.0680529	-0.0123141	-0.0680559	0.997606	-0.314767	-0.387875	66.2153	
0.999921	-0.000199073	0.0125869	-0.000693463	0.997486	0.0708658	-0.0125694	-0.0708689	0.997406	-0.324696	-0.443305	67.0113	
0.999917	-0.000217664	0.0128434	-0.000729268	0.997282	0.0736782	-0.0128246	-0.0736815	0.997199	-0.334828	-0.500979	67.8071	
0.999914	-0.000236981	0.0130999	-0.000765792	0.99707	0.0764899	-0.0130797	-0.0764934	0.996984	-0.345163	-0.560897	68.6028	
0.999911	-0.000257025	0.0133564	-0.000803035	0.99685	0.0793009	-0.0133348	-0.0793046	0.996761	-0.355702	-0.623059	69.3983	
0.999907	-0.000277801	0.013613	-0.000840994	0.996623	0.0821111	-0.0135898	-0.082115	0.99653	-0.366445	-0.687464	70.1936	
0.999904	-0.00029931	0.0138696	-0.000879669	0.996387	0.0849205	-0.0138449	-0.0849245	0.996291	-0.377391	-0.754111	70.9887	
0.9999	-0.000321556	0.0141263	-0.000919059	0.996144	0.0877288	-0.0141	-0.087733	0.996044	-0.388541	-0.823	71.7836	
0.999879	-0.000458466	0.0155216	-0.0012134	0.994201	0.107531	-0.0154809	-0.107537	0.994081	-0.400344	-0.900913	72.5777	
0.999857	-0.000623117	0.016914	-0.00153516	0.991864	0.127291	-0.0168557	-0.127299	0.991721	-0.413246	-0.994613	73.37	
0.999832	-0.000815443	0.0183027	-0.00188422	0.989135	0.147	-0.0182237	-0.147009	0.988967	-0.427243	-1.10406	74.1603	
0.999806	-0.00103537	0.0196873	-0.00226042	0.986014	0.166649	-0.0195845	-0.166662	0.98582	-0.442328	-1.22922	74.9483	
0.999777	-0.0012828	0.0210672	-0.00266363	0.982502	0.186233	-0.0209374	-0.186247	0.98228	-0.458497	-1.37003	75.7335	
0.999747	-0.00155765	0.0224418	-0.00309369	0.978601	0.205742	-0.0222821	-0.205759	0.978349	-0.475742	-1.52644	76.5158	
0.999715	-0.0018598	0.0238107	-0.00355041	0.974313	0.225169	-0.0236178	-0.225189	0.974029	-0.494056	-1.69839	77.2949	
0.999681	-0.00218914	0.0251732	-0.00403362	0.969639	0.244506	-0.0249442	-0.244529	0.969321	-0.513432	-1.88581	78.0703	
0.999645	-0.00254553	0.0265289	-0.00454313	0.964582	0.263746	-0.0262607	-0.263772	0.964227	-0.533863	-2.08863	78.8417	
