1	0	0	0	1	0	0	0	1	0	0	0	
0.999991	4.46545e-06	-0.00417242	4.46545e-06	0.999998	0.00214045	0.00417242	-0.00214045	0.999989	0.00187127	-0.000959961	0.896966	
0.999965	1.78685e-05	-0.00834749	1.78586e-05	0.999991	0.00427988	0.00834749	-0.00427988	0.999956	0.00748627	-0.00383939	1.79391	
0.999922	4.02163e-05	-0.0125251	4.01766e-05	0.999979	0.00641823	0.0125251	-0.00641823	0.999901	0.0168473	-0.00863733	2.69082	
0.99986	7.15156e-05	-0.0167051	7.14163e-05	0.999963	0.00855543	0.0167051	-0.00855543	0.999824	0.0299567	-0.0153528	3.58767	
0.999782	0.000111773	-0.0208874	0.000111574	0.999943	0.0106914	0.0208874	-0.0106914	0.999725	0.0468164	-0.0239847	4.48444	
0.999686	0.000160993	-0.0250719	0.000160645	0.999918	0.0128261	0.0250719	-0.0128261	0.999603	0.0674284	-0.034532	5.38111	
0.999572	0.000219183	-0.0292584	0.000218626	0.999888	0.0149595	0.0292584	-0.0149595	0.99946	0.0917948	-0.0469935	6.27766	
0.99944	0.000286347	-0.0334468	0.000285511	0.999854	0.0170915	0.0334468	-0.0170915	0.999294	0.119917	-0.0613679	7.17407	
0.999291	0.000362488	-0.037637	0.000361294	0.999815	0.019222	0.037637	-0.019222	0.999107	0.151797	-0.0776539	8.07033	
0.999125	0.000447612	-0.0418289	0.000445969	0.999772	0.021351	0.041829	-0.021351	0.998897	0.187437	-0.0958503	8.9664	
0.99894	0.000541722	-0.0460224	0.000539531	0.999724	0.0234784	0.0460224	-0.0234783	0.998664	0.226837	-0.115956	9.86228	
0.998738	0.00064482	-0.0502173	0.000641971	0.999672	0.0256041	0.0502173	-0.025604	0.99841	0.269999	-0.137968	10.7579	
0.998518	0.00075691	-0.0544135	0.000753283	0.999615	0.0277281	0.0544135	-0.027728	0.998133	0.316924	-0.161887	11.6534	
0.998281	0.000877993	-0.0586109	0.000873458	0.999554	0.0298504	0.0586109	-0.0298503	0.997835	0.367614	-0.18771	12.5485	
0.998025	0.00100807	-0.0628093	0.00100249	0.999488	0.0319708	0.0628094	-0.0319706	0.997513	0.422069	-0.215436	13.4434	
0.997752	0.00114715	-0.0670087	0.00114037	0.999418	0.0340893	0.0670088	-0.0340891	0.99717	0.480291	-0.245063	14.338	
0.997461	0.00129522	-0.0712089	0.00128708	0.999344	0.0362059	0.0712091	-0.0362056	0.996804	0.54228	-0.276589	15.2323	
0.997152	0.00145229	-0.0754098	0.00144262	0.999264	0.0383204	0.07541	-0.03832	0.996416	0.608036	-0.310013	16.1262	
0.996825	0.00161836	-0.0796113	0.00160698	0.999181	0.0404328	0.0796116	-0.0404323	0.996006	0.677561	-0.345332	17.0198	
0.99648	0.00179342	-0.0838133	0.00178015	0.999093	0.0425431	0.0838136	-0.0425425	0.995573	0.750855	-0.382545	17.913	
0.996117	0.00197748	-0.0880156	0.00196211	0.999001	0.0446512	0.0880159	-0.0446505	0.995118	0.827918	-0.42165	18.8058	
0.995736	0.00217054	-0.092218	0.00215285	0.998904	0.046757	0.0922184	-0.0467562	0.99464	0.908751	-0.462644	19.6981	
0.995338	0.00237259	-0.0964206	0.00235237	0.998803	0.0488605	0.0964211	-0.0488595	0.994141	0.993353	-0.505526	20.5901	
0.994921	0.00258363	-0.100623	0.00256065	0.998697	0.0509615	0.100624	-0.0509604	0.993619	1.08172	-0.550294	21.4816	
0.994487	0.00280366	-0.104825	0.00277768	0.998587	0.0530602	0.104826	-0.0530588	0.993074	1.17387	-0.596945	22.3726	
0.994034	0.00303267	-0.109028	0.00300344	0.998473	0.0551563	0.109028	-0.0551547	0.992507	1.26978	-0.645478	23.2631	
0.993564	0.00327066	-0.113229	0.00323792	0.998355	0.0572499	0.11323	-0.057248	0.991918	1.36946	-0.695889	24.1531	
0.993075	0.00351763	-0.11743	0.00348111	0.998232	0.0593408	0.117432	-0.0593386	0.991307	1.4729	-0.748176	25.0425	
0.992568	0.00377358	-0.121631	0.00373299	0.998104	0.061429	0.121632	-0.0614266	0.990673	1.58012	-0.802338	25.9314	
0.992044	0.00403849	-0.125831	0.00399355	0.997973	0.0635145	0.125832	-0.0635117	0.990016	1.69111	-0.858371	26.8197	
0.991501	0.00431236	-0.130029	0.00426277	0.997837	0.0655972	0.130031	-0.065594	0.989338	1.80586	-0.916273	27.7074	
0.99094	0.00459519	-0.134227	0.00454064	0.997697	0.0676771	0.134229	-0.0676734	0.988637	1.92437	-0.976041	28.5945	
0.990361	0.00488697	-0.138424	0.00482714	0.997553	0.069754	0.138426	-0.0697498	0.987914	2.04666	-1.03767	29.481	
0.989764	0.0051877	-0.142619	0.00512225	0.997404	0.0718279	0.142622	-0.0718232	0.987168	2.1727	-1.10117	30.3668	
0.989149	0.00549736	-0.146813	0.00542596	0.997251	0.0738988	0.146816	-0.0738935	0.9864	2.30251	-1.16652	31.2519	
0.988516	0.00581596	-0.151006	0.00573825	0.997094	0.0759666	0.151009	-0.0759607	0.98561	2.43608	-1.23373	32.1363	
0.987864	0.00614347	-0.155197	0.00605911	0.996933	0.0780312	0.1552	-0.0780246	0.984797	2.57341	-1.30279	33.02	
0.987195	0.0064799	-0.159386	0.0063885	0.996767	0.0800926	0.15939	-0.0800853	0.983962	2.7145	-1.3737	33.9029	
0.986508	0.00682524	-0.163573	0.00672643	0.996597	0.0821508	0.163577	-0.0821427	0.983105	2.85935	-1.44645	34.7852	
0.985802	0.00717947	-0.167759	0.00707286	0.996423	0.0842056	0.167763	-0.0841966	0.982225	3.00795	-1.52105	35.6666	
0.985078	0.00754258	-0.171942	0.00742778	0.996245	0.0862571	0.171947	-0.0862471	0.981323	3.1603	-1.5975	36.5472	
0.984336	0.00791458	-0.176123	0.00779117	0.996063	0.0883051	0.176128	-0.0882942	0.980399	3.31641	-1.67578	37.427	
0.983576	0.00829544	-0.180301	0.008163	0.995877	0.0903497	0.180307	-0.0903376	0.979453	3.47627	-1.75589	38.306	
0.982798	0.00868515	-0.184477	0.00854327	0.995686	0.0923906	0.184484	-0.0923774	0.978485	3.63987	-1.83783	39.1841	
0.982002	0.00908371	-0.188651	0.00893194	0.995492	0.094428	0.188658	-0.0944135	0.977494	3.80722	-1.92161	40.0613	
0.981188	0.00949111	-0.192822	0.009329	0.995293	0.0964617	0.19283	-0.0964459	0.976481	3.97831	-2.0072	40.9376	
0.980355	0.00990732	-0.19699	0.00973442	0.99509	0.0984918	0.196998	-0.0984745	0.975446	4.15314	-2.09462	41.813	
0.979505	0.0103323	-0.201155	0.0101482	0.994883	0.100518	0.201164	-0.100499	0.974388	4.33171	-2.18386	42.6875	
0.978636	0.0107662	-0.205317	0.0105703	0.994673	0.10254	0.205327	-0.10252	0.973309	4.51402	-2.27491	43.561	
0.97775	0.0112088	-0.209475	0.0110007	0.994458	0.104559	0.209486	-0.104537	0.972208	4.70006	-2.36777	44.4336	
0.976845	0.0116601	-0.213631	0.0114393	0.994239	0.106574	0.213643	-0.10655	0.971084	4.88982	-2.46244	45.3051	
0.975922	0.0121203	-0.217783	0.0118862	0.994016	0.108584	0.217796	-0.108558	0.969938	5.08332	-2.55892	46.1756	
0.974981	0.0125891	-0.221931	0.0123414	0.993789	0.110591	0.221945	-0.110563	0.968771	5.28053	-2.65719	47.0451	
0.974022	0.0130667	-0.226076	0.0128047	0.993559	0.112593	0.226091	-0.112563	0.967581	5.48147	-2.75726	47.9135	
0.973045	0.013553	-0.230217	0.0132762	0.993324	0.114592	0.230233	-0.114559	0.966369	5.68613	-2.85912	48.7809	
0.97205	0.014048	-0.234354	0.0137559	0.993085	0.116586	0.234371	-0.116551	0.965135	5.8945	-2.96277	49.6471	
0.971037	0.0145517	-0.238486	0.0142437	0.992843	0.118576	0.238505	-0.118538	0.96388	6.10657	-3.0682	50.5123	
0.970006	0.015064	-0.242615	0.0147396	0.992596	0.120561	0.242635	-0.120521	0.962602	6.32236	-3.17542	51.3763	
0.968956	0.015585	-0.24674	0.0152436	0.992346	0.122543	0.246761	-0.1225	0.961303	6.54184	-3.28441	52.2391	
0.9677	0.0161994	-0.251583	0.0149563	0.992487	0.121435	0.25166	-0.121275	0.960187	6.76538	-3.39374	53.1009	
0.966417	0.0168088	-0.256429	0.0146635	0.992626	0.120329	0.256561	-0.120048	0.959044	6.99331	-3.50197	53.9616	
0.965106	0.0174131	-0.261278	0.0143651	0.992763	0.119225	0.261464	-0.118818	0.957872	7.22564	-3.6091	54.8213	
0.963769	0.0180121	-0.26613	0.0140611	0.992899	0.118122	0.266367	-0.117585	0.956672	7.46236	-3.71512	55.68	
0.962405	0.0186058	-0.270982	0.0137516	0.993034	0.117022	0.271272	-0.116349	0.955445	7.70348	-3.82004	56.5375	
0.961013	0.0191941	-0.275836	0.0134366	0.993167	0.115923	0.276176	-0.11511	0.954189	7.94901	-3.92384	57.394	
0.959595	0.0197768	-0.280689	0.013116	0.993299	0.114826	0.281079	-0.113868	0.952905	8.19893	-4.02654	58.2493	
0.95815	0.020354	-0.285542	0.0127899	0.993429	0.113731	0.285981	-0.112623	0.951594	8.45325	-4.12811	59.1034	
0.956678	0.0209254	-0.290394	0.0124583	0.993558	0.112637	0.290881	-0.111375	0.950255	8.71196	-4.22857	59.9564	
0.95518	0.0214911	-0.295244	0.0121211	0.993685	0.111546	0.295777	-0.110125	0.948888	8.97507	-4.32791	60.8081	
0.953655	0.0220509	-0.300092	0.0117785	0.993811	0.110456	0.300671	-0.108872	0.947494	9.24257	-4.42613	61.6586	
0.952104	0.0226048	-0.304937	0.0114303	0.993936	0.109369	0.30556	-0.107616	0.946072	9.51445	-4.52322	62.5079	
0.950527	0.0231527	-0.309778	0.0110766	0.994058	0.108283	0.310445	-0.106357	0.944623	9.79072	-4.61919	63.3558	
0.948924	0.0236945	-0.314615	0.0107173	0.99418	0.107199	0.315324	-0.105096	0.943147	10.0714	-4.71402	64.2024	
0.947294	0.0242301	-0.319447	0.0103526	0.9943	0.106118	0.320197	-0.103832	0.941644	10.3564	-4.80772	65.0477	
0.945639	0.0247595	-0.324273	0.00998235	0.994418	0.105038	0.325064	-0.102565	0.940114	10.6458	-4.90029	65.8917	
0.943959	0.0252825	-0.329093	0.00960661	0.994535	0.10396	0.329923	-0.101296	0.938557	10.9395	-4.99171	66.7342	
0.942253	0.0257992	-0.333907	0.00922537	0.994651	0.102884	0.334775	-0.100024	0.936974	11.2376	-5.082	67.5754	
0.940522	0.0263094	-0.338713	0.00883864	0.994765	0.101811	0.339618	-0.098749	0.935365	11.5401	-5.17115	68.4151	
0.938766	0.0268131	-0.343511	0.00844642	0.994877	0.100739	0.344452	-0.0974719	0.93373	11.8469	-5.25915	69.2534	
0.936985	0.0273103	-0.3483	0.00804872	0.994988	0.0996695	0.349277	-0.0961922	0.932069	12.158	-5.34601	70.0902	
0.934987	0.0277947	-0.353593	0.000412704	0.996839	0.0794493	0.354683	-0.0744299	0.932019	12.4738	-5.42253	70.9262	
0.932958	0.0281554	-0.358883	-0.00733866	0.998217	0.0592352	0.359911	-0.0526302	0.931501	12.7942	-5.47952	71.762	
0.9309	0.0283922	-0.364169	-0.0152015	0.999122	0.0390375	0.364958	-0.0308041	0.930514	13.1194	-5.51694	72.5971	
0.928814	0.0285051	-0.369448	-0.0231718	0.999553	0.0188663	0.369821	-0.00896247	0.92906	13.4489	-5.53478	73.4312	
0.926701	0.028494	-0.374718	-0.0312456	0.999511	-0.00126833	0.374499	0.0128837	0.927138	13.7827	-5.53302	74.2637	
0.924562	0.0283589	-0.379976	-0.0394189	0.998995	-0.0213562	0.378988	0.0347233	0.92475	14.1207	-5.51167	75.0942	
0.922398	0.0280997	-0.385218	-0.0476874	0.998005	-0.0413872	0.383287	0.0565455	0.921897	14.4626	-5.47073	75.9225	
0.92021	0.0277168	-0.390443	-0.0560472	0.996541	-0.0613513	0.387392	0.0783393	0.91858	14.8082	-5.41023	76.7479	
0.917999	0.0272102	-0.395648	-0.0644939	0.994606	-0.0812384	0.391303	0.100094	0.914802	15.1575	-5.33021	77.5702	
0.915767	0.0265803	-0.40083	-0.0730233	0.992199	-0.101039	0.395018	0.121798	0.910564	15.5101	-5.23069	78.3889	
0.913514	0.0258273	-0.405987	-0.0816311	0.989322	-0.120742	0.398533	0.14344	0.905867	15.866	-5.11173	79.2036	
0.911242	0.0249516	-0.411116	-0.090313	0.985976	-0.140338	0.401849	0.165011	0.900716	16.225	-4.97339	80.0138	
0.908951	0.0239537	-0.416214	-0.0990647	0.982163	-0.159818	0.404962	0.186499	0.895111	16.5869	-4.81573	80.8193	
0.906643	0.022834	-0.421279	-0.107882	0.977885	-0.179171	0.407872	0.207893	0.889056	16.9514	-4.63885	81.6195	
0.90432	0.0215932	-0.426309	-0.11676	0.973144	-0.198388	0.410576	0.229182	0.882555	17.3185	-4.44282	82.414	
0.901982	0.0202318	-0.4313	-0.125694	0.967942	-0.21746	0.413074	0.250356	0.875609	17.6879	-4.22774	83.2026	
0.89963	0.0187505	-0.436251	-0.13468	0.962283	-0.236375	0.415365	0.271405	0.868223	18.0595	-3.99373	83.9847	
0.897265	0.0171501	-0.441159	-0.143714	0.956168	-0.255126	0.417446	0.292316	0.860401	18.433	-3.7409	84.76	
0.89489	0.0154314	-0.44602	-0.15279	0.949601	-0.273703	0.419318	0.313081	0.852146	18.8083	-3.46938	85.5281	
