1	0	0	0	1	0	0	0	1	0	0	0	
0.999999	-2.23979e-06	-0.00119275	-2.23979e-06	0.999993	-0.00375564	0.00119275	0.00375564	0.999992	0.000562342	0.00177065	0.942927	
0.999997	-8.98117e-06	-0.00238884	-8.97497e-06	0.999972	-0.00751657	0.00238884	0.00751657	0.999969	0.00225094	0.00708511	1.88584	
0.999994	-2.02553e-05	-0.00358821	-2.02305e-05	0.999936	-0.0112826	0.00358821	0.0112826	0.99993	0.00506891	0.0159483	2.82872	
0.999989	-3.60931e-05	-0.00479082	-3.6031e-05	0.999887	-0.0150537	0.00479082	0.0150537	0.999875	0.00901933	0.028365	3.77156	
0.999982	-5.6525e-05	-0.00599664	-5.64006e-05	0.999823	-0.0188296	0.00599664	0.0188296	0.999805	0.0141052	0.0443398	4.71434	
0.999974	-8.1581e-05	-0.00720562	-8.1363e-05	0.999744	-0.0226103	0.00720563	0.0226103	0.999718	0.0203297	0.0638772	5.65705	
0.999965	-0.000111291	-0.00841772	-0.000110941	0.999652	-0.0263954	0.00841773	0.0263954	0.999616	0.0276955	0.0869817	6.59966	
0.999954	-0.000145683	-0.00963289	-0.000145159	0.999544	-0.030185	0.0096329	0.030185	0.999498	0.0362058	0.113657	7.54218	
0.999941	-0.000184788	-0.0108511	-0.000184037	0.999423	-0.0339789	0.0108511	0.0339789	0.999364	0.0458633	0.143908	8.48457	
0.999927	-0.000228633	-0.0120723	-0.0002276	0.999286	-0.0377768	0.0120723	0.0377768	0.999213	0.0566709	0.177739	9.42683	
0.999912	-0.000277247	-0.0132964	-0.000275867	0.999135	-0.0415787	0.0132965	0.0415787	0.999047	0.0686314	0.215152	10.3689	
0.999894	-0.000330656	-0.0145235	-0.00032886	0.99897	-0.0453845	0.0145235	0.0453845	0.998864	0.0817475	0.256152	11.3109	
0.999876	-0.000388889	-0.0157534	-0.0003866	0.998789	-0.0491939	0.0157534	0.0491939	0.998665	0.0960221	0.300743	12.2527	
0.999856	-0.000451972	-0.0169861	-0.000449107	0.998594	-0.0530069	0.0169862	0.0530068	0.99845	0.111458	0.348927	13.1942	
0.999834	-0.000519932	-0.0182216	-0.000516402	0.998384	-0.0568232	0.0182217	0.0568231	0.998218	0.128057	0.400708	14.1356	
0.99981	-0.000592795	-0.0194598	-0.000588502	0.998159	-0.0606427	0.0194599	0.0606427	0.99797	0.145822	0.456089	15.0767	
0.999785	-0.000670586	-0.0207007	-0.000665429	0.99792	-0.0644654	0.0207009	0.0644653	0.997705	0.164757	0.515073	16.0176	
0.999759	-0.000753331	-0.0219442	-0.000747199	0.997665	-0.0682909	0.0219444	0.0682909	0.997424	0.184863	0.577663	16.9582	
0.999731	-0.000841054	-0.0231903	-0.000833832	0.997396	-0.0721193	0.0231906	0.0721192	0.997126	0.206142	0.643861	17.8986	
0.999701	-0.00093378	-0.024439	-0.000925344	0.997111	-0.0759503	0.0244393	0.0759502	0.996812	0.228598	0.713671	18.8387	
0.999669	-0.00103153	-0.0256902	-0.00102175	0.996812	-0.0797838	0.0256906	0.0797837	0.996481	0.252233	0.787094	19.7784	
0.999636	-0.00113434	-0.0269438	-0.00112308	0.996497	-0.0836196	0.0269443	0.0836195	0.996133	0.277048	0.864133	20.7179	
0.999602	-0.00124221	-0.0281999	-0.00122933	0.996167	-0.0874577	0.0282004	0.0874575	0.995769	0.303047	0.94479	21.657	
0.999565	-0.00135519	-0.0294583	-0.00134053	0.995823	-0.0912978	0.0294589	0.0912976	0.995388	0.330231	1.02907	22.5958	
0.999527	-0.00147328	-0.030719	-0.0014567	0.995463	-0.0951398	0.0307198	0.0951396	0.99499	0.358604	1.11697	23.5342	
0.999487	-0.00159651	-0.031982	-0.00157784	0.995088	-0.0989836	0.0319829	0.0989833	0.994575	0.388166	1.20849	24.4722	
0.999446	-0.0017249	-0.0332472	-0.00170397	0.994698	-0.102829	0.0332483	0.102829	0.994143	0.41892	1.30363	25.4098	
0.999402	-0.00185848	-0.0345146	-0.0018351	0.994292	-0.106676	0.0345159	0.106675	0.993695	0.450868	1.40241	26.347	
0.999358	-0.00199726	-0.0357842	-0.00197126	0.993871	-0.110524	0.0357856	0.110524	0.993229	0.484013	1.50481	27.2837	
0.999311	-0.00214126	-0.0370558	-0.00211245	0.993436	-0.114373	0.0370575	0.114373	0.992746	0.518356	1.61084	28.2201	
0.999263	-0.00229051	-0.0383295	-0.00225869	0.992984	-0.118224	0.0383314	0.118223	0.992247	0.553899	1.7205	29.1559	
0.999212	-0.00244502	-0.0396052	-0.00240998	0.992518	-0.122075	0.0396073	0.122074	0.99173	0.590645	1.83379	30.0913	
0.999161	-0.00260481	-0.0408828	-0.00256635	0.992036	-0.125927	0.0408852	0.125926	0.991197	0.628594	1.95072	31.0262	
0.999107	-0.0027699	-0.0421623	-0.0027278	0.991539	-0.12978	0.0421651	0.129779	0.990646	0.66775	2.07127	31.9605	
0.999052	-0.0029403	-0.0434437	-0.00289434	0.991027	-0.133633	0.0434468	0.133632	0.990078	0.708113	2.19546	32.8944	
0.998994	-0.00311605	-0.0447269	-0.00306598	0.990499	-0.137486	0.0447304	0.137485	0.989493	0.749685	2.32329	33.8277	
0.998935	-0.00329714	-0.0460118	-0.00324274	0.989956	-0.14134	0.0460157	0.141339	0.988891	0.792469	2.45474	34.7604	
0.998875	-0.0034836	-0.0472985	-0.00342462	0.989397	-0.145194	0.0473028	0.145192	0.988272	0.836465	2.58983	35.6926	
0.998812	-0.00367545	-0.0485868	-0.00361164	0.988824	-0.149047	0.0485916	0.149045	0.987636	0.881676	2.72855	36.6242	
0.998748	-0.0038727	-0.0498768	-0.0038038	0.988234	-0.1529	0.0498821	0.152898	0.986982	0.928103	2.87091	37.5551	
0.998682	-0.00407536	-0.0511683	-0.00400111	0.98763	-0.156753	0.0511741	0.156751	0.986311	0.975748	3.0169	38.4855	
0.998614	-0.00428346	-0.0524613	-0.00420358	0.98701	-0.160605	0.0524678	0.160603	0.985624	1.02461	3.16652	39.4152	
0.998544	-0.004497	-0.0537558	-0.00441121	0.986374	-0.164457	0.0537629	0.164454	0.984918	1.0747	3.31977	40.3442	
0.998472	-0.004716	-0.0550518	-0.00462402	0.985724	-0.168308	0.0550596	0.168305	0.984196	1.126	3.47666	41.2726	
0.998399	-0.00494047	-0.0563491	-0.00484201	0.985058	-0.172157	0.0563576	0.172154	0.983456	1.17853	3.63717	42.2003	
0.998324	-0.00517042	-0.0576477	-0.00506518	0.984376	-0.176006	0.057657	0.176003	0.9827	1.23228	3.80132	43.1272	
0.998246	-0.00540588	-0.0589476	-0.00529355	0.983679	-0.179853	0.0589578	0.17985	0.981926	1.28726	3.96909	44.0535	
0.998167	-0.00564684	-0.0602488	-0.00552712	0.982967	-0.183699	0.0602599	0.183695	0.981134	1.34347	4.14049	44.979	
0.998087	-0.00589332	-0.0615511	-0.00576589	0.982239	-0.187544	0.0615632	0.18754	0.980326	1.40091	4.31551	45.9038	
0.998004	-0.00614534	-0.0628545	-0.00600986	0.981496	-0.191386	0.0628676	0.191382	0.9795	1.45957	4.49416	46.8277	
0.997919	-0.0064029	-0.0641591	-0.00625905	0.980738	-0.195227	0.0641733	0.195222	0.978657	1.51947	4.67643	47.751	
0.997833	-0.00666602	-0.0654647	-0.00651345	0.979964	-0.199066	0.06548	0.199061	0.977797	1.58059	4.86232	48.6734	
0.997744	-0.00693469	-0.0667712	-0.00677307	0.979175	-0.202903	0.0667878	0.202897	0.97692	1.64295	5.05183	49.5949	
0.997654	-0.00720894	-0.0680788	-0.00703791	0.978371	-0.206737	0.0680967	0.206731	0.976025	1.70655	5.24496	50.5157	
0.997562	-0.00748877	-0.0693872	-0.00730798	0.977552	-0.21057	0.0694064	0.210563	0.975113	1.77137	5.4417	51.4356	
0.997468	-0.00777419	-0.0706964	-0.00758327	0.976717	-0.214399	0.0707171	0.214392	0.974184	1.83744	5.64205	52.3546	
0.997372	-0.00806521	-0.0720064	-0.00786378	0.975867	-0.218226	0.0720287	0.218219	0.973238	1.90474	5.84601	53.2727	
0.997274	-0.00836183	-0.0733172	-0.00814953	0.975001	-0.22205	0.0733411	0.222042	0.972275	1.97327	6.05358	54.19	
0.997174	-0.00866406	-0.0746287	-0.0084405	0.974121	-0.225871	0.0746543	0.225863	0.971294	2.04305	6.26475	55.1063	
0.997072	-0.00897191	-0.0759408	-0.0087367	0.973225	-0.22969	0.0759682	0.229681	0.970297	2.11406	6.47952	56.0217	
0.996968	-0.00928539	-0.0772535	-0.00903812	0.972314	-0.233505	0.0772828	0.233495	0.969282	2.18632	6.69789	56.9361	
0.99664	-0.0102558	-0.081265	-0.00918648	0.971875	-0.235316	0.0813929	0.235272	0.968515	2.26113	6.9189	57.8498	
0.996294	-0.0112348	-0.0852784	-0.00934296	0.971433	-0.237132	0.0855063	0.23705	0.967727	2.33981	7.14159	58.7626	
0.99593	-0.0122223	-0.0892929	-0.00950757	0.970985	-0.23895	0.0896226	0.238827	0.966918	2.42238	7.36594	59.6747	
0.99555	-0.0132182	-0.0933083	-0.00968033	0.970534	-0.240771	0.0937414	0.240603	0.966086	2.50883	7.59198	60.5861	
0.995151	-0.0142225	-0.0973241	-0.00986124	0.970078	-0.242595	0.0978622	0.242378	0.965234	2.59916	7.81969	61.4966	
0.994735	-0.015235	-0.10134	-0.0100503	0.969617	-0.24442	0.101985	0.244152	0.964359	2.69339	8.04907	62.4064	
0.994302	-0.0162557	-0.105355	-0.0102475	0.969153	-0.246247	0.106108	0.245924	0.963464	2.79149	8.28012	63.3153	
0.993851	-0.0172846	-0.109369	-0.0104529	0.968684	-0.248076	0.110232	0.247693	0.962547	2.89349	8.51285	64.2233	
0.993382	-0.0183214	-0.113382	-0.0106663	0.968212	-0.249904	0.114357	0.24946	0.961609	2.99938	8.74724	65.1305	
0.992897	-0.0193662	-0.117394	-0.0108879	0.967735	-0.251734	0.118481	0.251224	0.96065	3.10915	8.98329	66.0368	
0.992393	-0.0204188	-0.121403	-0.0111176	0.967255	-0.253563	0.122605	0.252984	0.95967	3.22282	9.22101	66.9421	
0.991873	-0.0214791	-0.125409	-0.0113552	0.966771	-0.255392	0.126727	0.25474	0.95867	3.34037	9.46038	67.8466	
0.991335	-0.0225471	-0.129412	-0.0116009	0.966283	-0.25722	0.130848	0.256492	0.957648	3.4618	9.70141	68.75	
0.990779	-0.0236226	-0.133412	-0.0118546	0.965792	-0.259046	0.134967	0.258239	0.956607	3.58713	9.94409	69.6526	
0.990206	-0.0247056	-0.137408	-0.0121162	0.965298	-0.260871	0.139084	0.259981	0.955544	3.71633	10.1884	70.5541	
0.987369	-0.0295368	-0.155659	-0.0100614	0.968796	-0.247653	0.158117	0.246092	0.956263	3.85646	10.427	71.4555	
0.984169	-0.0341015	-0.173919	-0.00774401	0.972102	-0.234429	0.177061	0.232065	0.956449	4.01449	10.6525	72.3573	
0.980609	-0.0383972	-0.192177	-0.00516537	0.975213	-0.221206	0.195907	0.217909	0.956105	4.19034	10.8646	73.259	
0.97669	-0.0424215	-0.210423	-0.00232688	0.978128	-0.207992	0.214644	0.203633	0.955229	4.38391	11.0634	74.1602	
0.972414	-0.0461721	-0.228648	0.000769879	0.980844	-0.194793	0.233262	0.189243	0.953822	4.59509	11.2486	75.0603	
0.967783	-0.0496469	-0.246841	0.00412318	0.983361	-0.181617	0.25175	0.174748	0.951885	4.82377	11.4202	75.9588	
0.962802	-0.0528441	-0.264992	0.00773117	0.985676	-0.168472	0.270099	0.160156	0.949419	5.06981	11.5781	76.8552	
0.957471	-0.0557618	-0.28309	0.0115918	0.987789	-0.155364	0.288297	0.145475	0.946426	5.33309	11.7222	77.7491	
0.951794	-0.0583984	-0.301127	0.015703	0.989699	-0.142301	0.306335	0.130713	0.942907	5.61345	11.8524	78.6399	
0.945775	-0.0607525	-0.319091	0.0200625	0.991404	-0.129291	0.324203	0.115879	0.938863	5.91074	11.9687	79.5271	
0.939416	-0.0628228	-0.336974	0.0246677	0.992903	-0.11634	0.341891	0.10098	0.934299	6.2248	12.071	80.4103	
0.932721	-0.064608	-0.354764	0.0295163	0.994196	-0.103456	0.359389	0.0860246	0.929214	6.55544	12.1591	81.2889	
0.925694	-0.0661072	-0.372452	0.0346054	0.995282	-0.0906462	0.376687	0.0710218	0.923614	6.90249	12.2332	82.1625	
0.918339	-0.0673197	-0.390028	0.0399323	0.99616	-0.077917	0.393775	0.0559795	0.917501	7.26575	12.2931	83.0306	
0.910659	-0.0682446	-0.407482	0.0454939	0.99683	-0.0652759	0.410645	0.0409061	0.910877	7.64502	12.3387	83.8926	
0.90266	-0.0688815	-0.424806	0.0512872	0.997291	-0.0527299	0.427287	0.02581	0.903748	8.0401	12.3702	84.7482	
0.894345	-0.06923	-0.441988	0.057309	0.997543	-0.0402859	0.443691	0.0106996	0.896116	8.45075	12.3874	85.5968	
0.88572	-0.06929	-0.45902	0.063556	0.997587	-0.0279509	0.459849	-0.00441684	0.887986	8.87676	12.3904	86.438	
0.876788	-0.0690614	-0.475892	0.0700246	0.997421	-0.0157317	0.475751	-0.0195308	0.879363	9.31788	12.3791	87.2713	
0.867555	-0.0685443	-0.492595	0.0767112	0.997047	-0.00363513	0.491389	-0.0346339	0.870251	9.77388	12.3535	88.0962	
0.858026	-0.067739	-0.509119	0.0836123	0.996464	0.00833209	0.506754	-0.0497177	0.860656	10.2445	12.3138	88.9123	
0.848207	-0.0666461	-0.525455	0.0907238	0.995672	0.0201633	0.521837	-0.064774	0.850582	10.7295	12.2598	89.7191	
0.838102	-0.0652659	-0.541595	0.0980419	0.994672	0.031852	0.536631	-0.0797942	0.840036	11.2285	12.1916	90.5162	
