1	0	0	0	1	0	0	0	1	0	0	0	
0.999996	-5.27844e-06	-0.00293494	-5.27844e-06	0.999994	-0.00359694	0.00293494	0.00359694	0.999989	0.00154455	0.00189294	1.05252	
0.999983	-2.11371e-05	-0.00587309	-2.11371e-05	0.999974	-0.00719781	0.00587309	0.00719781	0.999957	0.0061799	0.00757383	2.10502	
0.999961	-4.76102e-05	-0.00881429	-4.76103e-05	0.999942	-0.0108024	0.00881429	0.0108024	0.999903	0.0139093	0.0170467	3.15747	
0.999931	-8.47307e-05	-0.0117584	-8.47308e-05	0.999896	-0.0144107	0.0117584	0.0144107	0.999827	0.024736	0.0303154	4.20986	
0.999892	-0.00013253	-0.0147054	-0.000132531	0.999838	-0.0180223	0.0147054	0.0180223	0.999729	0.0386629	0.0473838	5.26215	
0.999844	-0.00019104	-0.017655	-0.00019104	0.999766	-0.0216373	0.017655	0.0216373	0.99961	0.055693	0.0682552	6.31433	
0.999788	-0.000260288	-0.0206071	-0.000260289	0.999681	-0.0252553	0.0206071	0.0252553	0.999469	0.0758289	0.092933	7.36637	
0.999722	-0.000340304	-0.0235616	-0.000340306	0.999583	-0.0288763	0.0235616	0.0288763	0.999305	0.0990733	0.121421	8.41826	
0.999648	-0.000431114	-0.0265184	-0.000431117	0.999472	-0.0325001	0.0265184	0.0325001	0.99912	0.125429	0.153721	9.46995	
0.999565	-0.000532745	-0.0294774	-0.000532748	0.999347	-0.0361265	0.0294774	0.0361265	0.998912	0.154897	0.189836	10.5214	
0.999474	-0.000645221	-0.0324383	-0.000645225	0.999209	-0.0397553	0.0324383	0.0397553	0.998683	0.187481	0.22977	11.5727	
0.999373	-0.000768565	-0.0354011	-0.000768571	0.999058	-0.0433865	0.0354011	0.0433865	0.998431	0.223183	0.273525	12.6237	
0.999263	-0.000902801	-0.0383656	-0.000902807	0.998894	-0.0470198	0.0383656	0.0470198	0.998157	0.262003	0.321102	13.6744	
0.999145	-0.00104795	-0.0413318	-0.00104796	0.998716	-0.050655	0.0413318	0.050655	0.997861	0.303945	0.372505	14.7249	
0.999018	-0.00120403	-0.0442994	-0.00120404	0.998524	-0.0542921	0.0442994	0.0542921	0.997542	0.34901	0.427735	15.775	
0.998881	-0.00137106	-0.0472683	-0.00137107	0.99832	-0.0579308	0.0472683	0.0579308	0.997201	0.397198	0.486794	16.8247	
0.998736	-0.00154906	-0.0502385	-0.00154907	0.998102	-0.061571	0.0502385	0.061571	0.996838	0.448513	0.549683	17.8741	
0.998582	-0.00173804	-0.0532097	-0.00173806	0.99787	-0.0652125	0.0532097	0.0652125	0.996452	0.502954	0.616405	18.9231	
0.998419	-0.00193803	-0.0561818	-0.00193805	0.997625	-0.0688551	0.0561818	0.0688551	0.996043	0.560523	0.68696	19.9717	
0.998247	-0.00214903	-0.0591548	-0.00214905	0.997366	-0.0724988	0.0591548	0.0724988	0.995613	0.62122	0.761349	21.0198	
0.998065	-0.00237106	-0.0621284	-0.00237108	0.997094	-0.0761433	0.0621284	0.0761433	0.995159	0.685047	0.839574	22.0675	
0.997875	-0.00260412	-0.0651026	-0.00260416	0.996808	-0.0797884	0.0651026	0.0797884	0.994684	0.752004	0.921635	23.1147	
0.997676	-0.00284824	-0.0680772	-0.00284828	0.996509	-0.0834341	0.0680772	0.0834341	0.994185	0.822092	1.00753	24.1614	
0.997468	-0.00310342	-0.0710521	-0.00310346	0.996196	-0.0870801	0.0710521	0.0870801	0.993664	0.89531	1.09727	25.2075	
0.997251	-0.00336967	-0.0740271	-0.00336971	0.99587	-0.0907263	0.0740271	0.0907263	0.993121	0.97166	1.19084	26.2531	
0.997024	-0.00364699	-0.0770021	-0.00364704	0.99553	-0.0943725	0.0770021	0.0943725	0.992555	1.05114	1.28825	27.2981	
0.996789	-0.00393539	-0.079977	-0.00393545	0.995177	-0.0980186	0.079977	0.0980186	0.991966	1.13375	1.3895	28.3424	
0.996545	-0.00423488	-0.0829516	-0.00423495	0.99481	-0.101664	0.0829516	0.101664	0.991354	1.2195	1.49459	29.3862	
0.996291	-0.00454546	-0.0859259	-0.00454554	0.994429	-0.10531	0.0859259	0.10531	0.99072	1.30837	1.60351	30.4293	
0.996029	-0.00486714	-0.0888996	-0.00486722	0.994035	-0.108954	0.0888996	0.108954	0.990064	1.40038	1.71627	31.4717	
0.995757	-0.00519991	-0.0918727	-0.0052	0.993627	-0.112598	0.0918727	0.112598	0.989384	1.49551	1.83286	32.5134	
0.995477	-0.00554377	-0.0948451	-0.00554387	0.993206	-0.116241	0.0948451	0.116241	0.988682	1.59377	1.95329	33.5544	
0.995187	-0.00589873	-0.0978165	-0.00589884	0.992771	-0.119883	0.0978165	0.119883	0.987957	1.69516	2.07756	34.5946	
0.994888	-0.00626478	-0.100787	-0.0062649	0.992322	-0.123524	0.100787	0.123524	0.98721	1.79968	2.20565	35.6341	
0.994581	-0.00664192	-0.103756	-0.00664205	0.99186	-0.127163	0.103756	0.127163	0.98644	1.90732	2.33758	36.6727	
0.994264	-0.00703015	-0.106724	-0.00703029	0.991384	-0.1308	0.106724	0.1308	0.985648	2.01809	2.47334	37.7106	
0.993938	-0.00742945	-0.109691	-0.00742961	0.990894	-0.134436	0.109691	0.134436	0.984832	2.13198	2.61292	38.7476	
0.993603	-0.00783983	-0.112655	-0.00784	0.990391	-0.13807	0.112655	0.13807	0.983995	2.249	2.75633	39.7837	
0.993259	-0.00826128	-0.115619	-0.00826146	0.989875	-0.141702	0.115619	0.141702	0.983134	2.36913	2.90357	40.8189	
0.992906	-0.00869378	-0.11858	-0.00869397	0.989345	-0.145332	0.11858	0.145332	0.982251	2.49238	3.05462	41.8532	
0.992545	-0.00913733	-0.12154	-0.00913754	0.988801	-0.148959	0.12154	0.148959	0.981346	2.61874	3.2095	42.8866	
0.992174	-0.00959191	-0.124497	-0.00959214	0.988244	-0.152584	0.124497	0.152584	0.980418	2.74823	3.36819	43.919	
0.991794	-0.0100575	-0.127452	-0.0100578	0.987673	-0.156206	0.127452	0.156206	0.979467	2.88082	3.53069	44.9504	
0.991405	-0.0105341	-0.130405	-0.0105344	0.987089	-0.159825	0.130405	0.159825	0.978494	3.01652	3.69701	45.9808	
0.991007	-0.0110218	-0.133356	-0.011022	0.986492	-0.163441	0.133356	0.163441	0.977498	3.15533	3.86713	47.0102	
0.9906	-0.0115204	-0.136303	-0.0115207	0.98588	-0.167054	0.136303	0.167054	0.976481	3.29724	4.04106	48.0385	
0.990184	-0.0120299	-0.139249	-0.0120302	0.985256	-0.170664	0.139249	0.170664	0.97544	3.44225	4.21879	49.0657	
0.98976	-0.0125504	-0.142191	-0.0125508	0.984618	-0.17427	0.142191	0.17427	0.974378	3.59036	4.40031	50.0919	
0.989326	-0.0130819	-0.14513	-0.0130822	0.983967	-0.177873	0.14513	0.177873	0.973293	3.74157	4.58563	51.1168	
0.988884	-0.0136242	-0.148067	-0.0136246	0.983302	-0.181472	0.148066	0.181472	0.972185	3.89587	4.77474	52.1407	
0.988432	-0.0141775	-0.151	-0.0141779	0.982624	-0.185066	0.151	0.185067	0.971056	4.05325	4.96764	53.1633	
0.987972	-0.0147416	-0.153929	-0.014742	0.981932	-0.188657	0.153929	0.188657	0.969904	4.21373	5.16431	54.1848	
0.987503	-0.0153165	-0.156855	-0.015317	0.981228	-0.192244	0.156855	0.192244	0.96873	4.37728	5.36477	55.205	
0.987025	-0.0159023	-0.159778	-0.0159027	0.98051	-0.195826	0.159778	0.195826	0.967535	4.54391	5.569	56.224	
0.986538	-0.0164988	-0.162697	-0.0164993	0.979779	-0.199404	0.162697	0.199404	0.966317	4.71362	5.77699	57.2417	
0.986043	-0.0171061	-0.165612	-0.0171067	0.979034	-0.202977	0.165612	0.202977	0.965077	4.8864	5.98875	58.2581	
0.985538	-0.0177242	-0.168523	-0.0177247	0.978277	-0.206545	0.168523	0.206545	0.963815	5.06224	6.20427	59.2733	
0.985025	-0.0183529	-0.17143	-0.0183535	0.977506	-0.210108	0.17143	0.210108	0.962531	5.24115	6.42353	60.287	
0.984504	-0.0189924	-0.174333	-0.018993	0.976722	-0.213666	0.174333	0.213666	0.961226	5.42311	6.64655	61.2994	
0.983973	-0.0196425	-0.177232	-0.0196431	0.975925	-0.217218	0.177231	0.217218	0.959899	5.60813	6.87331	62.3104	
0.983434	-0.0203032	-0.180126	-0.0203039	0.975116	-0.220765	0.180125	0.220765	0.95855	5.79619	7.1038	63.32	
0.982886	-0.0209745	-0.183015	-0.0209752	0.974293	-0.224307	0.183015	0.224307	0.957179	5.9873	7.33803	64.3282	
0.98233	-0.0216563	-0.1859	-0.0216571	0.973457	-0.227843	0.1859	0.227843	0.955787	6.18144	7.57598	65.335	
0.981765	-0.0223487	-0.18878	-0.0223495	0.972608	-0.231373	0.18878	0.231373	0.954374	6.37862	7.81765	66.3402	
0.981192	-0.0230515	-0.191655	-0.0230523	0.971747	-0.234896	0.191655	0.234897	0.952939	6.57883	8.06303	67.3439	
0.981309	-0.0229066	-0.19107	-0.0235016	0.971193	-0.237133	0.190998	0.237192	0.952502	6.78021	8.31147	68.3467	
0.981426	-0.0227602	-0.190485	-0.0239491	0.970633	-0.239369	0.190339	0.239485	0.95206	6.98089	8.56233	69.349	
0.981543	-0.0226122	-0.189899	-0.0243949	0.970069	-0.241602	0.189679	0.241775	0.951613	7.18088	8.8156	70.3508	
0.985926	-0.0167509	-0.166341	-0.0227688	0.972243	-0.232861	0.165624	0.233371	0.958179	7.36787	9.06566	71.356	
0.989714	-0.011099	-0.142628	-0.0213634	0.97434	-0.224064	0.141455	0.224806	0.964081	7.52949	9.3068	72.3676	
0.992905	-0.00566032	-0.118779	-0.0201796	0.976358	-0.215215	0.117189	0.216085	0.969316	7.66561	9.53884	73.3852	
0.995495	-0.000438644	-0.094808	-0.0192184	0.978296	-0.206321	0.0928407	0.207214	0.97388	7.77615	9.76162	74.4078	
0.997485	0.00456241	-0.0707331	-0.0184803	0.980151	-0.197389	0.0684285	0.1982	0.97777	7.86102	9.97498	75.435	
0.998871	0.00933939	-0.0465705	-0.0179659	0.981923	-0.188425	0.0439689	0.189049	0.980983	7.92018	10.1788	76.4659	
0.999654	0.013889	-0.0223371	-0.0176755	0.983611	-0.179434	0.0194789	0.179766	0.983516	7.95357	10.3729	77.4998	
0.999832	0.018208	0.00195041	-0.0176093	0.985214	-0.170423	-0.00502463	0.17036	0.985369	7.96117	10.5572	78.536	
0.999406	0.0222935	0.0262752	-0.0177675	0.986729	-0.161398	-0.0295247	0.160835	0.98654	7.94299	10.7315	79.5738	
0.998376	0.0261427	0.0506205	-0.0181497	0.988158	-0.152365	-0.0540043	0.151199	0.987027	7.89903	10.8957	80.6125	
0.996742	0.0297528	0.0749694	-0.0187559	0.989497	-0.143331	-0.0784465	0.141458	0.986831	7.82932	11.0497	81.6513	
0.994506	0.0331214	0.099305	-0.0195856	0.990747	-0.134303	-0.102834	0.13162	0.985952	7.73392	11.1934	82.6895	
0.991669	0.0362461	0.12361	-0.0206382	0.991906	-0.125285	-0.127151	0.12169	0.98439	7.61288	11.3267	83.7265	
0.988233	0.0391249	0.147869	-0.0219129	0.992974	-0.116285	-0.15138	0.111676	0.982147	7.46629	11.4496	84.7615	
0.9842	0.0417556	0.172064	-0.023409	0.99395	-0.107308	-0.175504	0.101585	0.979224	7.29425	11.5618	85.7938	
0.979574	0.0441365	0.196178	-0.0251253	0.994834	-0.0983612	-0.199506	0.0914231	0.975622	7.09689	11.6634	86.8226	
0.974358	0.0462659	0.220195	-0.0270607	0.995624	-0.0894505	-0.22337	0.0811981	0.971346	6.87433	11.7542	87.8473	
0.968555	0.0481423	0.244099	-0.0292138	0.99632	-0.0805819	-0.24708	0.070917	0.966397	6.62674	11.8343	88.8671	
0.962169	0.0497645	0.267872	-0.0315832	0.996922	-0.0717618	-0.270618	0.0605867	0.960778	6.35427	11.9035	89.8813	
0.955204	0.0511313	0.291498	-0.0341671	0.997429	-0.0629961	-0.293969	0.0502145	0.954495	6.05714	11.9618	90.8893	
0.947666	0.0522418	0.314961	-0.0369639	0.997841	-0.054291	-0.317117	0.0398075	0.947551	5.73553	12.0092	91.8904	
0.939559	0.0530952	0.338245	-0.0399716	0.998157	-0.0456524	-0.340045	0.029373	0.93995	5.38967	12.0456	92.8837	
0.93089	0.0536909	0.361333	-0.043188	0.998378	-0.0370864	-0.362738	0.0189181	0.931699	5.0198	12.071	93.8688	
0.921664	0.0540285	0.384209	-0.046611	0.998504	-0.0285989	-0.385179	0.00845018	0.922803	4.62617	12.0854	94.8448	
0.911887	0.0541078	0.406858	-0.0502382	0.998533	-0.0201957	-0.407354	-0.00202364	0.913268	4.20907	12.0888	95.8111	
0.901567	0.0539286	0.429264	-0.0540671	0.998467	-0.0118827	-0.429247	-0.012496	0.903101	3.76877	12.0812	96.767	
0.890711	0.0534913	0.451412	-0.058095	0.998304	-0.00366559	-0.450843	-0.0229598	0.892308	3.30558	12.0625	97.7119	
0.879325	0.0527959	0.473286	-0.0623192	0.998046	0.00444987	-0.472126	-0.0334077	0.880898	2.81983	12.0328	98.6452	
0.867419	0.0518431	0.49487	-0.0667367	0.997693	0.0124581	-0.493083	-0.0438324	0.868878	2.31185	11.9922	99.5661	
0.855	0.0506335	0.516151	-0.0713445	0.997244	0.0203536	-0.513698	-0.0542268	0.856256	1.78199	11.9406	100.474	
0.842076	0.0491679	0.537113	-0.0761393	0.9967	0.0281308	-0.533958	-0.0645836	0.843041	1.23061	11.878	101.368	
