1	0	0	0	1	0	0	0	1	0	0	0	
0.999998	-6.93091e-07	-0.00185232	-6.93091e-07	1	-0.000748349	0.00185232	0.000748349	0.999998	0.000752154	0.000303875	0.812121	
0.999993	-2.77735e-06	-0.00370764	-2.77831e-06	0.999999	-0.00149843	0.00370764	0.00149843	0.999992	0.00300984	0.0012162	1.62424	
0.999985	-6.2604e-06	-0.00556591	-6.26424e-06	0.999997	-0.00225022	0.00556591	0.00225022	0.999982	0.00677546	0.00273838	2.43635	
0.999972	-1.11497e-05	-0.00742707	-1.11593e-05	0.999995	-0.0030037	0.00742707	0.0030037	0.999968	0.0120514	0.00487179	3.24845	
0.999957	-1.74526e-05	-0.00929106	-1.74719e-05	0.999993	-0.00375884	0.00929106	0.00375884	0.99995	0.01884	0.00761779	4.06054	
0.999938	-2.51763e-05	-0.0111578	-2.52101e-05	0.99999	-0.00451563	0.0111578	0.00451563	0.999928	0.0271435	0.0109777	4.87261	
0.999915	-3.43279e-05	-0.0130273	-3.4382e-05	0.999986	-0.00527403	0.0130273	0.00527403	0.999901	0.0369641	0.0149529	5.68466	
0.999889	-4.49142e-05	-0.0148994	-4.49954e-05	0.999982	-0.00603404	0.0148994	0.00603404	0.999871	0.0483041	0.0195447	6.49669	
0.999859	-5.6942e-05	-0.0167742	-5.70582e-05	0.999977	-0.00679562	0.0167742	0.00679562	0.999836	0.0611655	0.0247543	7.30869	
0.999826	-7.04179e-05	-0.0186514	-7.0578e-05	0.999971	-0.00755876	0.0186514	0.00755876	0.999797	0.0755504	0.0305831	8.12067	
0.999789	-8.53484e-05	-0.0205312	-8.55622e-05	0.999965	-0.00832343	0.0205312	0.00832343	0.999755	0.0914609	0.0370322	8.93261	
0.999749	-0.00010174	-0.0224133	-0.000102018	0.999959	-0.00908961	0.0224133	0.00908961	0.999707	0.108899	0.044103	9.74451	
0.999705	-0.000119598	-0.0242978	-0.000119953	0.999951	-0.00985728	0.0242978	0.00985728	0.999656	0.127867	0.0517965	10.5564	
0.999657	-0.00013893	-0.0261846	-0.000139374	0.999944	-0.0106264	0.0261846	0.0106264	0.999601	0.148365	0.0601142	11.3682	
0.999606	-0.000159741	-0.0280737	-0.000160288	0.999935	-0.011397	0.0280737	0.011397	0.999541	0.170398	0.069057	12.18	
0.999551	-0.000182036	-0.0299649	-0.000182702	0.999926	-0.012169	0.0299649	0.012169	0.999477	0.193965	0.0786262	12.9917	
0.999492	-0.000205822	-0.0318583	-0.000206622	0.999916	-0.0129424	0.0318583	0.0129424	0.999409	0.219069	0.088823	13.8034	
0.99943	-0.000231103	-0.0337537	-0.000232054	0.999906	-0.0137171	0.0337537	0.0137171	0.999336	0.245711	0.0996483	14.615	
0.999364	-0.000257886	-0.0356511	-0.000259006	0.999895	-0.0144932	0.0356511	0.0144932	0.999259	0.273894	0.111103	15.4265	
0.999295	-0.000286174	-0.0375505	-0.000287483	0.999883	-0.0152707	0.0375505	0.0152707	0.999178	0.303618	0.123189	16.238	
0.999221	-0.000315974	-0.0394518	-0.000317492	0.999871	-0.0160494	0.0394518	0.0160494	0.999093	0.334886	0.135907	17.0494	
0.999144	-0.000347289	-0.0413549	-0.000349037	0.999858	-0.0168294	0.0413548	0.0168295	0.999003	0.367698	0.149258	17.8608	
0.999064	-0.000380125	-0.0432597	-0.000382125	0.999845	-0.0176107	0.0432597	0.0176107	0.998909	0.402057	0.163243	18.672	
0.998979	-0.000414486	-0.0451663	-0.000416762	0.999831	-0.0183932	0.0451663	0.0183933	0.99881	0.437963	0.177863	19.4832	
0.998891	-0.000450377	-0.0470745	-0.000452952	0.999816	-0.0191769	0.0470745	0.019177	0.998707	0.475418	0.193119	20.2944	
0.998799	-0.000487801	-0.0489843	-0.000490702	0.999801	-0.0199618	0.0489842	0.0199619	0.9986	0.514424	0.209011	21.1054	
0.998704	-0.000526762	-0.0508956	-0.000530015	0.999785	-0.0207479	0.0508956	0.020748	0.998488	0.554981	0.225542	21.9163	
0.998605	-0.000567266	-0.0528084	-0.000570898	0.999768	-0.0215351	0.0528084	0.0215352	0.998372	0.597091	0.242712	22.7272	
0.998501	-0.000609314	-0.0547226	-0.000613355	0.999751	-0.0223235	0.0547226	0.0223236	0.998252	0.640756	0.260521	23.5379	
0.998395	-0.000652911	-0.0566382	-0.00065739	0.999733	-0.0231129	0.0566381	0.023113	0.998127	0.685975	0.278971	24.3486	
0.998284	-0.00069806	-0.058555	-0.000703008	0.999714	-0.0239034	0.058555	0.0239035	0.997998	0.73275	0.298062	25.1591	
0.99817	-0.000744765	-0.0604731	-0.000750213	0.999695	-0.0246949	0.060473	0.0246951	0.997864	0.781083	0.317796	25.9696	
0.998051	-0.000793028	-0.0623923	-0.00079901	0.999675	-0.0254875	0.0623923	0.0254877	0.997726	0.830974	0.338174	26.7799	
0.997929	-0.000842852	-0.0643127	-0.000849402	0.999654	-0.026281	0.0643126	0.0262812	0.997584	0.882423	0.359195	27.5901	
0.997804	-0.000894241	-0.0662341	-0.000901393	0.999633	-0.0270756	0.066234	0.0270758	0.997437	0.935433	0.380861	28.4002	
0.997674	-0.000947196	-0.0681566	-0.000954988	0.999611	-0.027871	0.0681564	0.0278713	0.997285	0.990004	0.403173	29.2102	
0.997541	-0.00100172	-0.0700799	-0.00101019	0.999588	-0.0286675	0.0700798	0.0286678	0.997129	1.04614	0.426131	30.02	
0.997404	-0.00105782	-0.0720041	-0.001067	0.999565	-0.0294648	0.072004	0.0294651	0.996969	1.10383	0.449737	30.8298	
0.997263	-0.00111549	-0.0739292	-0.00112542	0.999541	-0.030263	0.073929	0.0302633	0.996804	1.16309	0.47399	31.6394	
0.997118	-0.00117473	-0.075855	-0.00118546	0.999517	-0.031062	0.0758548	0.0310624	0.996635	1.22391	0.498892	32.4488	
0.99697	-0.00123555	-0.0777815	-0.00124712	0.999492	-0.0318619	0.0777813	0.0318623	0.996461	1.2863	0.524443	33.2581	
0.996817	-0.00129795	-0.0797086	-0.0013104	0.999466	-0.0326626	0.0797084	0.0326631	0.996283	1.35025	0.550645	34.0673	
0.996661	-0.00136194	-0.0816363	-0.0013753	0.999439	-0.033464	0.0816361	0.0334646	0.9961	1.41576	0.577497	34.8763	
0.996501	-0.0014275	-0.0835645	-0.00144183	0.999412	-0.0342663	0.0835643	0.0342669	0.995913	1.48284	0.605	35.6852	
0.996338	-0.00149464	-0.0854932	-0.00150999	0.999384	-0.0350692	0.085493	0.0350699	0.995721	1.55149	0.633155	36.4939	
0.99617	-0.00156337	-0.0874223	-0.00157978	0.999355	-0.0358729	0.087422	0.0358736	0.995525	1.6217	0.661962	37.3025	
0.995999	-0.00163369	-0.0893518	-0.0016512	0.999326	-0.0366772	0.0893515	0.036678	0.995325	1.69349	0.691422	38.1109	
0.995824	-0.00170559	-0.0912815	-0.00172425	0.999296	-0.0374823	0.0912811	0.0374831	0.995119	1.76683	0.721536	38.9192	
0.995645	-0.00177907	-0.0932114	-0.00179894	0.999265	-0.0382879	0.0932111	0.0382888	0.99491	1.84175	0.752304	39.7272	
0.995462	-0.00185414	-0.0951416	-0.00187527	0.999234	-0.0390942	0.0951411	0.0390952	0.994696	1.91823	0.783727	40.5351	
0.995276	-0.0019308	-0.0970718	-0.00195324	0.999202	-0.039901	0.0970713	0.0399021	0.994477	1.99628	0.815805	41.3429	
0.995085	-0.00200904	-0.099002	-0.00203284	0.999169	-0.0407084	0.0990015	0.0407096	0.994254	2.0759	0.848538	42.1504	
0.994891	-0.00208886	-0.100932	-0.00211409	0.999136	-0.0415164	0.100932	0.0415177	0.994027	2.15708	0.881927	42.9578	
0.994693	-0.00217028	-0.102862	-0.00219697	0.999101	-0.0423249	0.102862	0.0423262	0.993795	2.23984	0.915973	43.7649	
0.994492	-0.00225327	-0.104793	-0.0022815	0.999067	-0.0431338	0.104792	0.0431353	0.993558	2.32416	0.950675	44.5719	
0.994543	-0.00223156	-0.104307	-0.00254782	0.998954	-0.0456647	0.1043	0.0456813	0.993496	2.40906	0.98674	45.3788	
0.994593	-0.00220874	-0.103824	-0.00281333	0.998834	-0.0481997	0.103809	0.0482312	0.993427	2.49356	1.02487	46.1856	
0.994643	-0.00218482	-0.103344	-0.00307802	0.998707	-0.0507386	0.103321	0.0507849	0.993351	2.57767	1.06508	46.9924	
0.994693	-0.0021598	-0.102867	-0.00334188	0.998574	-0.0532813	0.102835	0.0533422	0.993267	2.66138	1.10736	47.799	
0.994742	-0.0021337	-0.102392	-0.00360488	0.998434	-0.0558275	0.102351	0.055903	0.993176	2.7447	1.15172	48.6057	
0.99479	-0.00210652	-0.10192	-0.00386703	0.998287	-0.0583771	0.101868	0.0584671	0.993078	2.82763	1.19816	49.4122	
0.994838	-0.00207827	-0.10145	-0.0041283	0.998134	-0.0609301	0.101388	0.0610344	0.992973	2.91016	1.24669	50.2187	
0.994886	-0.00204895	-0.100983	-0.00438868	0.997973	-0.0634861	0.100909	0.0636046	0.99286	2.99231	1.2973	51.025	
0.994933	-0.00201857	-0.100519	-0.00464817	0.997806	-0.0660451	0.100431	0.0661777	0.992741	3.07406	1.35	51.8313	
0.99498	-0.00198714	-0.100056	-0.00490674	0.997632	-0.0686069	0.0999554	0.0687534	0.992614	3.15543	1.40479	52.6375	
0.995026	-0.00195465	-0.0995956	-0.00516438	0.997451	-0.0711713	0.0994809	0.0713317	0.992479	3.23641	1.46167	53.4435	
0.995072	-0.00192111	-0.0991374	-0.00542108	0.997263	-0.0737383	0.0990077	0.0739123	0.992338	3.31701	1.52065	54.2495	
0.995117	-0.00188653	-0.0986811	-0.00567682	0.997068	-0.0763075	0.0985357	0.0764951	0.992189	3.39723	1.58173	55.0553	
0.995162	-0.0018509	-0.0982267	-0.00593161	0.996867	-0.0788789	0.0980649	0.07908	0.992033	3.47706	1.6449	55.8611	
0.995207	-0.00181423	-0.0977741	-0.00618541	0.996658	-0.0814524	0.0975951	0.0816667	0.99187	3.55651	1.71017	56.6666	
0.995251	-0.00177652	-0.0973233	-0.00643822	0.996443	-0.0840276	0.0971263	0.0842552	0.991699	3.63558	1.77755	57.4721	
0.995295	-0.00173777	-0.0968741	-0.00669002	0.99622	-0.0866046	0.0966584	0.0868453	0.991522	3.71427	1.84702	58.2774	
0.995339	-0.00169797	-0.0964265	-0.0069408	0.995991	-0.0891832	0.0961913	0.0894367	0.991337	3.79258	1.9186	59.0826	
0.995382	-0.00165713	-0.0959803	-0.00719055	0.995755	-0.0917631	0.0957249	0.0920294	0.991144	3.8705	1.99229	59.8876	
0.995425	-0.00161525	-0.0955355	-0.00743926	0.995512	-0.0943442	0.0952591	0.0946233	0.990945	3.94806	2.06808	60.6924	
0.995467	-0.00157232	-0.095092	-0.00768691	0.995262	-0.0969264	0.0947939	0.097218	0.990738	4.02523	2.14598	61.4971	
0.995509	-0.00152833	-0.0946497	-0.00793348	0.995005	-0.0995096	0.0943291	0.0998136	0.990525	4.10202	2.22599	62.3016	
0.995551	-0.00148329	-0.0942086	-0.00817897	0.994741	-0.102093	0.0938646	0.10241	0.990304	4.17844	2.3081	63.1059	
0.995593	-0.0014372	-0.0937684	-0.00842336	0.994471	-0.104678	0.0934004	0.105006	0.990076	4.25448	2.39233	63.9101	
0.995634	-0.00139003	-0.0933292	-0.00866664	0.994193	-0.107263	0.0929363	0.107603	0.989841	4.33015	2.47866	64.7141	
0.995675	-0.0013418	-0.0928909	-0.00890879	0.993908	-0.109848	0.0924724	0.110201	0.989598	4.40543	2.5671	65.5178	
0.995716	-0.00129248	-0.0924532	-0.0091498	0.993617	-0.112433	0.0920084	0.112798	0.989349	4.48035	2.65765	66.3214	
0.995757	-0.00124209	-0.0920163	-0.00938966	0.993319	-0.115019	0.0915444	0.115395	0.989092	4.55488	2.75031	67.1248	
0.995797	-0.0011906	-0.0915799	-0.00962836	0.993014	-0.117604	0.0910802	0.117992	0.988829	4.62904	2.84508	67.9279	
0.995837	-0.00113801	-0.091144	-0.00986587	0.992702	-0.120189	0.0906157	0.120588	0.988558	4.70282	2.94196	68.7309	
0.995877	-0.00108431	-0.0907086	-0.0101022	0.992383	-0.122773	0.0901508	0.123183	0.988281	4.77622	3.04095	69.5336	
0.995916	-0.00102948	-0.0902734	-0.0103373	0.992058	-0.125357	0.0896855	0.125778	0.987996	4.84924	3.14204	70.3361	
0.995956	-0.00097353	-0.0898384	-0.0105712	0.991726	-0.12794	0.0892196	0.128372	0.987705	4.92189	3.24524	71.1383	
0.997273	0.00121044	-0.0737912	-0.0115579	0.990089	-0.139962	0.0728905	0.140433	0.987403	4.98772	3.3544	71.9404	
0.998324	0.00358992	-0.0577523	-0.0123457	0.988307	-0.151978	0.0565314	0.152436	0.986695	5.04027	3.47332	72.742	
0.99911	0.00616393	-0.0417281	-0.0129342	0.986378	-0.163983	0.0401489	0.164377	0.98558	5.07953	3.60197	73.5429	
0.999629	0.00893142	-0.0257254	-0.0133231	0.984305	-0.175972	0.0237499	0.176249	0.984059	5.10548	3.74029	74.3427	
0.999882	0.0118912	-0.00975066	-0.0135124	0.982088	-0.18794	0.00734117	0.188049	0.982132	5.1181	3.88822	75.1411	
0.999868	0.0150422	0.00618946	-0.0135018	0.979727	-0.199882	-0.00907063	0.199772	0.9798	5.1174	4.04571	75.9378	
0.999587	0.0183829	0.0220884	-0.0132915	0.977224	-0.211793	-0.0254787	0.211412	0.977065	5.10337	4.21268	76.7325	
0.99904	0.0219121	0.0379396	-0.0128816	0.97458	-0.223668	-0.0418763	0.222965	0.973927	5.07602	4.38907	77.5247	
0.998226	0.0256283	0.0537366	-0.0122721	0.971796	-0.235503	-0.0582566	0.234426	0.970387	5.03536	4.5748	78.3143	
0.997147	0.0295299	0.0694728	-0.0114633	0.968873	-0.247292	-0.0746129	0.24579	0.966447	4.98141	4.76981	79.1008	
0.995802	0.0336153	0.0851418	-0.0104556	0.965812	-0.259031	-0.0909384	0.257053	0.962109	4.91418	4.974	79.8839	
