1	0	0	0	1	0	0	0	1	0	0	0	
0.999994	-3.42153e-06	0.00355897	-3.42153e-06	0.999998	0.00192275	-0.00355897	-0.00192275	0.999992	-0.00135708	-0.000733172	0.762624	
0.999975	-1.36916e-05	0.0071194	-1.36909e-05	0.999993	0.00384612	-0.0071194	-0.00384612	0.999967	-0.00542889	-0.00293292	1.52524	
0.999943	-3.0818e-05	0.0106812	-3.08154e-05	0.999983	0.00577005	-0.0106812	-0.00577005	0.999926	-0.0122165	-0.0065997	2.28782	
0.999899	-5.48085e-05	0.0142443	-5.48021e-05	0.99997	0.00769452	-0.0142443	-0.00769452	0.999869	-0.021721	-0.0117339	3.05037	
0.999841	-8.56703e-05	0.0178087	-8.56575e-05	0.999954	0.00961947	-0.0178087	-0.00961946	0.999795	-0.0339432	-0.018336	3.81287	
0.999772	-0.000123411	0.0213742	-0.000123388	0.999933	0.0115449	-0.0213742	-0.0115449	0.999705	-0.0488842	-0.0264062	4.57531	
0.999689	-0.000168037	0.0249408	-0.000168001	0.999909	0.0134707	-0.0249408	-0.0134707	0.999598	-0.0665448	-0.035945	5.33767	
0.999594	-0.000219555	0.0285085	-0.000219501	0.999881	0.0153968	-0.0285085	-0.0153968	0.999475	-0.0869258	-0.0469526	6.09994	
0.999485	-0.000277971	0.032077	-0.000277894	0.99985	0.0173233	-0.032077	-0.0173233	0.999335	-0.110028	-0.0594292	6.86212	
0.999364	-0.000343293	0.0356464	-0.000343187	0.999815	0.0192501	-0.0356464	-0.0192501	0.999179	-0.135852	-0.0733751	7.62418	
0.999231	-0.000415525	0.0392166	-0.000415383	0.999776	0.0211771	-0.0392166	-0.0211771	0.999006	-0.164398	-0.0887906	8.38611	
0.999084	-0.000494673	0.0427875	-0.00049449	0.999733	0.0231043	-0.0427875	-0.0231043	0.998817	-0.195667	-0.105676	9.14791	
0.998925	-0.000580744	0.0463591	-0.00058051	0.999686	0.0250317	-0.0463591	-0.0250317	0.998611	-0.22966	-0.124031	9.90956	
0.998752	-0.000673741	0.0499312	-0.000673449	0.999636	0.0269592	-0.0499312	-0.0269592	0.998389	-0.266377	-0.143855	10.671	
0.998567	-0.000773671	0.0535037	-0.000773312	0.999582	0.0288868	-0.0535038	-0.0288868	0.99815	-0.305818	-0.16515	11.4323	
0.998369	-0.000880539	0.0570767	-0.000880101	0.999525	0.0308144	-0.0570767	-0.0308144	0.997894	-0.347984	-0.187915	12.1935	
0.998159	-0.000994347	0.06065	-0.000993822	0.999463	0.032742	-0.0606501	-0.032742	0.997622	-0.392875	-0.21215	12.9544	
0.997935	-0.0011151	0.0642236	-0.00111448	0.999398	0.0346696	-0.0642236	-0.0346696	0.997333	-0.440491	-0.237855	13.7151	
0.997698	-0.00124281	0.0677974	-0.00124207	0.999329	0.0365971	-0.0677974	-0.0365971	0.997028	-0.490832	-0.26503	14.4756	
0.997449	-0.00137747	0.0713712	-0.00137661	0.999257	0.0385245	-0.0713712	-0.0385244	0.996706	-0.543899	-0.293675	15.2358	
0.997187	-0.00151908	0.0749451	-0.00151809	0.99918	0.0404517	-0.0749451	-0.0404516	0.996367	-0.599692	-0.32379	15.9958	
0.996911	-0.00166766	0.0785189	-0.00166652	0.9991	0.0423787	-0.078519	-0.0423786	0.996011	-0.65821	-0.355374	16.7555	
0.996623	-0.0018232	0.0820927	-0.0018219	0.999016	0.0443054	-0.0820927	-0.0443054	0.995639	-0.719453	-0.388428	17.515	
0.996322	-0.00198571	0.0856662	-0.00198423	0.998929	0.0462319	-0.0856662	-0.0462319	0.995251	-0.783422	-0.422951	18.2741	
0.996008	-0.00215519	0.0892395	-0.00215351	0.998837	0.0481581	-0.0892395	-0.048158	0.994845	-0.850116	-0.458943	19.033	
0.995681	-0.00233164	0.0928124	-0.00232975	0.998742	0.0500838	-0.0928124	-0.0500838	0.994423	-0.919535	-0.496404	19.7915	
0.995341	-0.00251507	0.0963849	-0.00251295	0.998643	0.0520092	-0.0963849	-0.0520091	0.993984	-0.991678	-0.535333	20.5497	
0.994988	-0.00270547	0.0999569	-0.00270311	0.998541	0.0539341	-0.0999569	-0.053934	0.993529	-1.06655	-0.575731	21.3076	
0.994622	-0.00290285	0.103528	-0.00290023	0.998434	0.0558586	-0.103528	-0.0558584	0.993057	-1.14414	-0.617596	22.0651	
0.994243	-0.00310721	0.107099	-0.00310431	0.998324	0.0577825	-0.107099	-0.0577823	0.992568	-1.22445	-0.660929	22.8222	
0.993852	-0.00331856	0.110669	-0.00331536	0.998211	0.0597058	-0.110669	-0.0597056	0.992062	-1.30749	-0.705729	23.579	
0.993447	-0.00353688	0.114238	-0.00353336	0.998093	0.0616286	-0.114238	-0.0616284	0.99154	-1.39325	-0.751995	24.3354	
0.993029	-0.00376219	0.117807	-0.00375833	0.997972	0.0635506	-0.117807	-0.0635504	0.991001	-1.48173	-0.799727	25.0913	
0.992599	-0.00399449	0.121374	-0.00399027	0.997846	0.065472	-0.121374	-0.0654718	0.990445	-1.57294	-0.848925	25.8469	
0.992155	-0.00423377	0.124941	-0.00422916	0.997718	0.0673927	-0.124941	-0.0673924	0.989873	-1.66686	-0.899588	26.602	
0.991699	-0.00448004	0.128506	-0.00447502	0.997585	0.0693126	-0.128506	-0.0693123	0.989284	-1.7635	-0.951716	27.3567	
0.991229	-0.00473329	0.13207	-0.00472784	0.997449	0.0712317	-0.13207	-0.0712313	0.988678	-1.86286	-1.00531	28.1109	
0.990747	-0.00499352	0.135633	-0.00498762	0.997308	0.0731499	-0.135633	-0.0731495	0.988055	-1.96494	-1.06036	28.8647	
0.990251	-0.00526075	0.139195	-0.00525437	0.997165	0.0750673	-0.139195	-0.0750669	0.987416	-2.06974	-1.11688	29.6179	
0.989743	-0.00553495	0.142755	-0.00552807	0.997017	0.0769837	-0.142755	-0.0769832	0.98676	-2.17725	-1.17486	30.3707	
0.989221	-0.00581614	0.146314	-0.00580873	0.996866	0.0788992	-0.146314	-0.0788986	0.986087	-2.28748	-1.2343	31.123	
0.988687	-0.00610432	0.149871	-0.00609635	0.996711	0.0808136	-0.149871	-0.080813	0.985397	-2.40042	-1.2952	31.8747	
0.988139	-0.00639947	0.153427	-0.00639092	0.996552	0.082727	-0.153427	-0.0827264	0.984691	-2.51607	-1.35756	32.626	
0.987579	-0.00670161	0.15698	-0.00669244	0.996389	0.0846394	-0.156981	-0.0846386	0.983968	-2.63443	-1.42138	33.3766	
0.987006	-0.00701072	0.160533	-0.00700092	0.996223	0.0865506	-0.160533	-0.0865498	0.983228	-2.7555	-1.48665	34.1268	
0.986419	-0.00732681	0.164083	-0.00731634	0.996053	0.0884606	-0.164083	-0.0884597	0.982472	-2.87928	-1.55339	34.8763	
0.98582	-0.00764988	0.167631	-0.00763871	0.995879	0.0903694	-0.167632	-0.0903685	0.981699	-3.00577	-1.62158	35.6253	
0.985208	-0.00797992	0.171178	-0.00796802	0.995701	0.092277	-0.171178	-0.0922759	0.980909	-3.13496	-1.69122	36.3736	
0.984583	-0.00831693	0.174722	-0.00830427	0.99552	0.0941833	-0.174723	-0.0941821	0.980103	-3.26686	-1.76232	37.1214	
0.983945	-0.0086609	0.178264	-0.00864745	0.995335	0.0960882	-0.178265	-0.096087	0.97928	-3.40146	-1.83487	37.8685	
0.983293	-0.00901184	0.181804	-0.00899757	0.995147	0.0979918	-0.181805	-0.0979905	0.97844	-3.53876	-1.90888	38.6151	
0.982629	-0.00936975	0.185342	-0.00935461	0.994954	0.099894	-0.185343	-0.0998926	0.977583	-3.67876	-1.98433	39.3609	
0.981952	-0.00973461	0.188878	-0.00971858	0.994758	0.101795	-0.188878	-0.101793	0.97671	-3.82145	-2.06124	40.1061	
0.980775	-0.0103686	0.194865	-0.0103293	0.994429	0.104901	-0.194867	-0.104897	0.975204	-3.96778	-2.14005	40.8504	
0.979561	-0.0110217	0.200844	-0.0109591	0.99409	0.108003	-0.200847	-0.107997	0.973651	-4.11867	-2.22123	41.5935	
0.978311	-0.0116939	0.206813	-0.0116081	0.993741	0.1111	-0.206818	-0.111091	0.972052	-4.27412	-2.30477	42.3355	
0.977023	-0.0123851	0.212773	-0.0122762	0.993383	0.114193	-0.21278	-0.114181	0.970406	-4.43412	-2.39067	43.0761	
0.975699	-0.0130953	0.218724	-0.0129633	0.993014	0.117281	-0.218731	-0.117266	0.968713	-4.59866	-2.47893	43.8156	
0.974338	-0.0138245	0.224664	-0.0136695	0.992636	0.120364	-0.224673	-0.120346	0.966974	-4.76774	-2.56953	44.5537	
0.972941	-0.0145727	0.230594	-0.0143948	0.992247	0.123442	-0.230605	-0.123421	0.965188	-4.94134	-2.66248	45.2904	
0.971507	-0.0153397	0.236513	-0.015139	0.991849	0.126514	-0.236526	-0.12649	0.963356	-5.11947	-2.75778	46.0258	
0.970037	-0.0161257	0.242422	-0.0159022	0.991441	0.129581	-0.242436	-0.129554	0.961478	-5.3021	-2.85541	46.7598	
0.96853	-0.0169305	0.248319	-0.0166843	0.991023	0.132643	-0.248336	-0.132612	0.959554	-5.48924	-2.95538	47.4923	
0.966987	-0.0177541	0.254205	-0.0174853	0.990596	0.135698	-0.254223	-0.135664	0.957583	-5.68087	-3.05768	48.2233	
0.965408	-0.0185965	0.260079	-0.0183051	0.990159	0.138748	-0.260099	-0.138709	0.955567	-5.87699	-3.1623	48.9528	
0.963793	-0.0194576	0.26594	-0.0191438	0.989711	0.141792	-0.265963	-0.141749	0.953505	-6.07759	-3.26924	49.6808	
0.962142	-0.0203375	0.27179	-0.0200012	0.989255	0.144829	-0.271815	-0.144782	0.951396	-6.28265	-3.3785	50.4072	
0.960454	-0.021236	0.277626	-0.0208774	0.988788	0.147859	-0.277654	-0.147808	0.949242	-6.49217	-3.49007	51.1319	
0.958731	-0.0221531	0.28345	-0.0217722	0.988312	0.150884	-0.28348	-0.150828	0.947043	-6.70614	-3.60394	51.855	
0.956972	-0.0230888	0.28926	-0.0226858	0.987826	0.153901	-0.289292	-0.153841	0.944798	-6.92455	-3.72012	52.5764	
0.955177	-0.0240431	0.295057	-0.0236179	0.98733	0.156911	-0.295091	-0.156847	0.942507	-7.14738	-3.83859	53.296	
0.953347	-0.0250159	0.30084	-0.0245686	0.986825	0.159914	-0.300877	-0.159845	0.940172	-7.37463	-3.95935	54.0139	
0.95148	-0.0260071	0.306609	-0.0255378	0.98631	0.16291	-0.306648	-0.162836	0.937791	-7.60629	-4.08239	54.73	
0.949579	-0.0270167	0.312363	-0.0265255	0.985786	0.165899	-0.312405	-0.16582	0.935365	-7.84234	-4.20771	55.4443	
0.947642	-0.0280446	0.318102	-0.0275316	0.985252	0.16888	-0.318147	-0.168796	0.932894	-8.08278	-4.3353	56.1567	
0.945669	-0.0290909	0.323826	-0.0285561	0.984709	0.171853	-0.323874	-0.171763	0.930378	-8.32759	-4.46516	56.8672	
0.943661	-0.0301554	0.329535	-0.0295988	0.984156	0.174819	-0.329586	-0.174723	0.927817	-8.57677	-4.59729	57.5757	
0.941619	-0.0312381	0.335229	-0.0306599	0.983593	0.177776	-0.335282	-0.177675	0.925212	-8.83029	-4.73166	58.2823	
0.939541	-0.032339	0.340906	-0.0317392	0.983021	0.180725	-0.340963	-0.180618	0.922562	-9.08815	-4.86828	58.9869	
0.937428	-0.033458	0.346568	-0.0328366	0.98244	0.183665	-0.346627	-0.183553	0.919868	-9.35034	-5.00715	59.6894	
0.935281	-0.0345951	0.352212	-0.0339522	0.98185	0.186598	-0.352275	-0.186479	0.91713	-9.61684	-5.14825	60.3899	
0.933098	-0.0357501	0.35784	-0.0350858	0.98125	0.189521	-0.357906	-0.189397	0.914348	-9.88765	-5.29157	61.0883	
0.930881	-0.036923	0.363451	-0.0362374	0.98064	0.192436	-0.36352	-0.192305	0.911522	-10.1627	-5.43712	61.7845	
0.92863	-0.0381139	0.369045	-0.0374069	0.980022	0.195341	-0.369117	-0.195204	0.908652	-10.4421	-5.58488	62.4786	
0.926344	-0.0393226	0.37462	-0.0385943	0.979394	0.198238	-0.374696	-0.198094	0.905738	-10.7257	-5.73486	63.1704	
0.924024	-0.040549	0.380178	-0.0397995	0.978757	0.201125	-0.380258	-0.200975	0.902781	-11.0136	-5.88703	63.86	
0.92167	-0.0417931	0.385718	-0.0410225	0.978111	0.204002	-0.385801	-0.203846	0.89978	-11.3057	-6.04139	64.5474	
0.919281	-0.0430549	0.39124	-0.0422631	0.977455	0.20687	-0.391326	-0.206707	0.896736	-11.602	-6.19794	65.2324	
0.916859	-0.0443342	0.396742	-0.0435214	0.976791	0.209729	-0.396832	-0.209558	0.89365	-11.9026	-6.35667	65.9151	
0.914403	-0.0456311	0.402226	-0.0447972	0.976117	0.212577	-0.402319	-0.2124	0.89052	-12.2073	-6.51757	66.5955	
0.911913	-0.0469454	0.40769	-0.0460905	0.975434	0.215415	-0.407787	-0.215231	0.887347	-12.5162	-6.68063	67.2734	
0.90939	-0.0482771	0.413134	-0.0474012	0.974742	0.218243	-0.413236	-0.218051	0.884132	-12.8293	-6.84585	67.9489	
0.906833	-0.0496261	0.418559	-0.0487293	0.974042	0.221061	-0.418665	-0.220862	0.880875	-13.1465	-7.01321	68.6219	
0.904242	-0.0509923	0.423964	-0.0500746	0.973332	0.223868	-0.424073	-0.223661	0.877575	-13.4678	-7.18271	69.2924	
0.896869	-0.0548766	0.43888	-0.0537251	0.971409	0.231252	-0.439022	-0.230982	0.868278	-13.797	-7.35608	69.9582	
0.889241	-0.0588852	0.453634	-0.0575013	0.969425	0.238556	-0.453811	-0.238219	0.858666	-14.1374	-7.535	70.6167	
0.881361	-0.0630168	0.468221	-0.0614019	0.967379	0.245778	-0.468436	-0.245369	0.848742	-14.4891	-7.7194	71.2678	
0.873234	-0.0672697	0.482636	-0.0654255	0.965274	0.252914	-0.48289	-0.25243	0.838509	-14.8519	-7.90922	71.9111	
0.864861	-0.0716425	0.496874	-0.0695707	0.963109	0.259962	-0.497168	-0.259399	0.827971	-15.2256	-8.1044	72.5466	
