1	0	0	0	1	0	0	0	1	0	0	0	
0.999982	3.86575e-06	-0.00592052	3.86575e-06	0.999999	0.00130587	0.00592052	-0.00130587	0.999982	0.00315762	-0.000696467	1.06666	
0.99993	1.54583e-05	-0.0118413	1.54469e-05	0.999997	0.00260986	0.0118413	-0.00260986	0.999926	0.0126306	-0.00278487	2.13328	
0.999842	3.47676e-05	-0.017762	3.47219e-05	0.999992	0.00391193	0.017762	-0.00391193	0.999835	0.0284191	-0.00626317	3.19982	
0.99972	6.17832e-05	-0.0236826	6.1669e-05	0.999986	0.00521202	0.0236826	-0.00521202	0.999706	0.0505229	-0.0111293	4.26625	
0.999562	9.64943e-05	-0.0296027	9.62661e-05	0.999979	0.00651009	0.0296027	-0.00651009	0.999541	0.0789418	-0.0173811	5.33252	
0.999369	0.00013889	-0.0355221	0.000138491	0.99997	0.0078061	0.0355221	-0.00780609	0.999338	0.113675	-0.0250164	6.39859	
0.999141	0.000188959	-0.0414407	0.00018832	0.999959	0.00909998	0.0414407	-0.00909997	0.9991	0.154722	-0.034033	7.46443	
0.998878	0.00024669	-0.0473582	0.000245732	0.999946	0.0103917	0.0473582	-0.0103917	0.998824	0.202082	-0.0444286	8.52999	
0.99858	0.000312071	-0.0532744	0.000310702	0.999932	0.0116812	0.0532744	-0.0116812	0.998512	0.255753	-0.0562008	9.59524	
0.998247	0.000385089	-0.0591891	0.000383207	0.999916	0.0129685	0.0591891	-0.0129684	0.998163	0.315733	-0.0693473	10.6601	
0.997879	0.000465733	-0.065102	0.000463224	0.999898	0.0142534	0.065102	-0.0142533	0.997777	0.382022	-0.0838656	11.7246	
0.997475	0.00055399	-0.071013	0.000550728	0.999879	0.015536	0.071013	-0.0155359	0.997354	0.454617	-0.0997533	12.7887	
0.997037	0.000649846	-0.0769218	0.000645695	0.999858	0.0168162	0.0769218	-0.0168161	0.996895	0.533516	-0.117008	13.8523	
0.996564	0.000753288	-0.0828281	0.0007481	0.999836	0.018094	0.0828282	-0.0180938	0.9964	0.618716	-0.135626	14.9154	
0.996055	0.000864303	-0.0887319	0.000857919	0.999812	0.0193693	0.088732	-0.019369	0.995867	0.710215	-0.155607	15.978	
0.995512	0.000982877	-0.0946328	0.000975125	0.999786	0.0206421	0.0946329	-0.0206417	0.995298	0.80801	-0.176946	17.0399	
0.994933	0.001109	-0.100531	0.0010997	0.999759	0.0219122	0.100531	-0.0219118	0.994693	0.912098	-0.199641	18.1012	
0.99432	0.00124264	-0.106425	0.0012316	0.999731	0.0231798	0.106425	-0.0231792	0.99405	1.02247	-0.22369	19.1619	
0.993672	0.00138381	-0.112316	0.00137082	0.9997	0.0244447	0.112317	-0.024444	0.993372	1.13914	-0.249089	20.2219	
0.992988	0.00153247	-0.118204	0.00151732	0.999668	0.0257069	0.118204	-0.025706	0.992657	1.26208	-0.275835	21.2811	
0.99227	0.00168862	-0.124087	0.00167109	0.999635	0.0269663	0.124087	-0.0269652	0.991905	1.3913	-0.303927	22.3395	
0.991517	0.00185224	-0.129967	0.00183208	0.9996	0.0282229	0.129967	-0.0282216	0.991117	1.5268	-0.33336	23.3971	
0.990729	0.00202331	-0.135841	0.00200028	0.999563	0.0294767	0.135842	-0.0294752	0.990292	1.66857	-0.364132	24.4539	
0.989906	0.00220183	-0.141712	0.00217565	0.999525	0.0307276	0.141712	-0.0307258	0.989431	1.81659	-0.396239	25.5097	
0.989048	0.00238776	-0.147577	0.00235818	0.999486	0.0319756	0.147578	-0.0319734	0.988533	1.97088	-0.429679	26.5647	
0.988155	0.00258109	-0.153438	0.00254783	0.999445	0.0332206	0.153438	-0.0332181	0.9876	2.13143	-0.464447	27.6186	
0.987227	0.00278182	-0.159293	0.00274457	0.999402	0.0344626	0.159294	-0.0344597	0.98663	2.29822	-0.500542	28.6715	
0.986265	0.00298991	-0.165143	0.00294838	0.999358	0.0357016	0.165144	-0.0356981	0.985623	2.47125	-0.53796	29.7234	
0.985268	0.00320536	-0.170987	0.00315922	0.999313	0.0369374	0.170988	-0.0369335	0.984581	2.65052	-0.576697	30.7742	
0.984236	0.00342814	-0.176826	0.00337708	0.999266	0.0381701	0.176827	-0.0381656	0.983502	2.83602	-0.61675	31.8238	
0.98317	0.00365823	-0.182658	0.00360191	0.999217	0.0393997	0.182659	-0.0393945	0.982387	3.02775	-0.658115	32.8723	
0.982069	0.00389563	-0.188484	0.00383369	0.999167	0.040626	0.188485	-0.0406201	0.981236	3.22569	-0.70079	33.9196	
0.980933	0.00414031	-0.194303	0.0040724	0.999116	0.041849	0.194304	-0.0418424	0.980048	3.42985	-0.74477	34.9656	
0.979762	0.00439224	-0.200116	0.004318	0.999063	0.0430688	0.200117	-0.0430613	0.978825	3.64021	-0.790052	36.0103	
0.978558	0.00465142	-0.205921	0.00457046	0.999008	0.0442852	0.205923	-0.0442768	0.977566	3.85676	-0.836633	37.0537	
0.977318	0.00491782	-0.21172	0.00482975	0.998953	0.0454982	0.211722	-0.0454888	0.976271	4.07951	-0.884508	38.0958	
0.976044	0.00519142	-0.217511	0.00509584	0.998896	0.0467078	0.217513	-0.0466973	0.97494	4.30843	-0.933674	39.1364	
0.974736	0.0054722	-0.223294	0.0053687	0.998837	0.0479139	0.223297	-0.0479022	0.973573	4.54353	-0.984127	40.1757	
0.973393	0.00576015	-0.22907	0.0056483	0.998777	0.0491165	0.229073	-0.0491036	0.97217	4.7848	-1.03586	41.2134	
0.972016	0.00605524	-0.234837	0.00593461	0.998716	0.0503156	0.23484	-0.0503013	0.970732	5.03222	-1.08888	42.2496	
0.970604	0.00635744	-0.240597	0.00622759	0.998653	0.0515111	0.2406	-0.0514953	0.969257	5.28579	-1.14317	43.2843	
0.969159	0.00666675	-0.246348	0.00652722	0.998589	0.052703	0.246351	-0.0526855	0.967748	5.5455	-1.19873	44.3173	
0.967679	0.00698314	-0.25209	0.00683347	0.998523	0.0538912	0.252094	-0.053872	0.966202	5.81133	-1.25557	45.3488	
0.966165	0.00730658	-0.257823	0.0071463	0.998457	0.0550758	0.257828	-0.0550547	0.964621	6.08329	-1.31366	46.3786	
0.964616	0.00763705	-0.263547	0.00746567	0.998388	0.0562565	0.263552	-0.0562335	0.963005	6.36136	-1.37301	47.4066	
0.963034	0.00797454	-0.269262	0.00779157	0.998319	0.0574336	0.269267	-0.0574084	0.961353	6.64553	-1.43362	48.433	
0.961418	0.00831902	-0.274967	0.00812395	0.998248	0.0586068	0.274973	-0.0585794	0.959666	6.9358	-1.49548	49.4575	
0.959767	0.00867046	-0.280663	0.00846278	0.998176	0.0597761	0.280669	-0.0597464	0.957943	7.23214	-1.55859	50.4802	
0.958083	0.00902885	-0.286349	0.00880803	0.998102	0.0609416	0.286355	-0.0609093	0.956185	7.53455	-1.62294	51.5011	
0.956365	0.00939416	-0.292024	0.00915966	0.998028	0.0621032	0.292031	-0.0620681	0.954393	7.84303	-1.68853	52.5201	
0.954613	0.00976636	-0.297689	0.00951765	0.997952	0.0632608	0.297697	-0.0632228	0.952565	8.15755	-1.75535	53.5371	
0.952827	0.0101454	-0.303344	0.00988196	0.997874	0.0644144	0.303352	-0.0643734	0.950702	8.47811	-1.8234	54.5522	
0.951008	0.0105314	-0.308987	0.0102526	0.997796	0.0655639	0.308997	-0.0655197	0.948804	8.8047	-1.89268	55.5653	
0.949155	0.0109241	-0.31462	0.0106294	0.997716	0.0667094	0.31463	-0.0666618	0.946871	9.1373	-1.96318	56.5763	
0.947268	0.0113237	-0.320241	0.0110125	0.997635	0.0678509	0.320252	-0.0677996	0.944903	9.47591	-2.03489	57.5853	
0.945348	0.01173	-0.325851	0.0114017	0.997552	0.0689881	0.325863	-0.0689331	0.942901	9.8205	-2.10781	58.5921	
0.943395	0.0121431	-0.33145	0.0117971	0.997469	0.0701212	0.331462	-0.0700622	0.940863	10.1711	-2.18194	59.5968	
0.941408	0.0125629	-0.337036	0.0121986	0.997384	0.0712502	0.33705	-0.0711868	0.938792	10.5276	-2.25728	60.5993	
0.939388	0.0129894	-0.342611	0.0126062	0.997298	0.0723748	0.342625	-0.072307	0.936686	10.8901	-2.33381	61.5995	
0.937334	0.0134226	-0.348173	0.0130198	0.997211	0.0734952	0.348188	-0.0734227	0.934545	11.2585	-2.41153	62.5975	
0.935248	0.0138624	-0.353723	0.0134394	0.997122	0.0746113	0.353739	-0.0745339	0.93237	11.6329	-2.49044	63.5932	
0.933128	0.0143089	-0.35926	0.013865	0.997032	0.0757231	0.359277	-0.0756405	0.93016	12.0132	-2.57053	64.5865	
0.930975	0.0147619	-0.364784	0.0142966	0.996942	0.0768305	0.364803	-0.0767424	0.927917	12.3994	-2.6518	65.5775	
0.928789	0.0152215	-0.370295	0.014734	0.99685	0.0779334	0.370315	-0.0778397	0.925639	12.7914	-2.73425	66.5661	
0.926571	0.0156877	-0.375793	0.0151773	0.996757	0.079032	0.375814	-0.0789323	0.923327	13.1894	-2.81786	67.5522	
0.924319	0.0161604	-0.381277	0.0156265	0.996662	0.0801261	0.3813	-0.0800201	0.920982	13.5932	-2.90264	68.5358	
0.923127	0.0164072	-0.384145	0.0150418	0.996783	0.0787201	0.384201	-0.0784469	0.919911	14.0014	-2.98715	69.5177	
0.930358	0.0150704	-0.366343	0.00811837	0.998063	0.0616749	0.366563	-0.0603539	0.928434	14.4019	-3.06118	70.5035	
0.937246	0.0140825	-0.348384	0.00152262	0.999009	0.0444786	0.348665	-0.0422179	0.936296	14.7833	-3.11589	71.4981	
0.943787	0.0134443	-0.33028	-0.00474074	0.99962	0.0271434	0.330519	-0.0240519	0.943493	15.1456	-3.15124	72.5007	
0.949977	0.0131561	-0.312044	-0.0106672	0.999896	0.00968172	0.312139	-0.00586876	0.950018	15.4884	-3.1672	73.5106	
0.95581	0.0132182	-0.293688	-0.0162527	0.999837	-0.00789414	0.293536	0.0123185	0.955869	15.8114	-3.16376	74.5272	
0.961283	0.0136306	-0.275226	-0.0214931	0.999442	-0.0255716	0.274724	0.030497	0.961039	16.1145	-3.14092	75.5496	
0.966392	0.0143929	-0.256672	-0.0263848	0.998712	-0.0433382	0.255717	0.0486539	0.965527	16.3974	-3.0987	76.5771	
0.971132	0.0155046	-0.238037	-0.0309242	0.997648	-0.0611812	0.236528	0.0667761	0.969327	16.66	-3.03714	77.6091	
0.975502	0.0169649	-0.219336	-0.0351082	0.996249	-0.0790879	0.217171	0.0848509	0.972439	16.9019	-2.95626	78.6448	
0.979497	0.0187728	-0.200582	-0.0389337	0.994518	-0.0970456	0.19766	0.102865	0.974859	17.1232	-2.85614	79.6834	
0.983115	0.020927	-0.181787	-0.0423981	0.992455	-0.115042	0.178008	0.120807	0.976585	17.3236	-2.73684	80.7242	
0.986353	0.0234259	-0.162966	-0.0454988	0.990063	-0.133063	0.15823	0.138662	0.977618	17.5029	-2.59845	81.7665	
0.98921	0.0262678	-0.144132	-0.0482337	0.987341	-0.151097	0.138339	0.156419	0.977955	17.6611	-2.44107	82.8096	
0.991682	0.0294507	-0.125298	-0.0506009	0.984294	-0.169131	0.118349	0.174064	0.977597	17.798	-2.2648	83.8526	
0.993768	0.0329723	-0.106478	-0.0525986	0.980922	-0.187152	0.0982758	0.191586	0.976543	17.9135	-2.06977	84.8949	
0.995467	0.0368301	-0.0876847	-0.0542254	0.977228	-0.205147	0.0781324	0.208972	0.974795	18.0076	-1.85613	85.9356	
0.996778	0.0410213	-0.0689318	-0.0554802	0.973215	-0.223103	0.0579334	0.226209	0.972355	18.0802	-1.62402	86.9742	
0.997699	0.0455429	-0.0502325	-0.056362	0.968885	-0.241008	0.0376933	0.243285	0.969222	18.1312	-1.37361	88.0097	
0.998229	0.0503919	-0.0316001	-0.0568703	0.964242	-0.258849	0.0174263	0.260188	0.965401	18.1606	-1.10507	89.0416	
0.99837	0.0555646	-0.013048	-0.0570047	0.959289	-0.276613	-0.00285306	0.276906	0.960893	18.1684	-0.818608	90.069	
0.99812	0.0610575	0.00541065	-0.0567651	0.95403	-0.294288	-0.0231304	0.293427	0.955702	18.1545	-0.514412	91.0913	
0.997479	0.0668666	0.0237628	-0.0561517	0.948467	-0.31186	-0.0433913	0.30974	0.949831	18.119	-0.192704	92.1076	
0.996448	0.0729878	0.0419954	-0.0551648	0.942606	-0.329318	-0.0636213	0.325832	0.943285	18.062	0.146287	93.1173	
0.995028	0.0794167	0.0600954	-0.0538052	0.93645	-0.346649	-0.0838061	0.341693	0.936068	17.9833	0.502321	94.1197	
0.99322	0.0861488	0.07805	-0.052074	0.930004	-0.363841	-0.103931	0.35731	0.928185	17.8832	0.875145	95.114	
0.991025	0.0931792	0.0958464	-0.0499722	0.923272	-0.380882	-0.123983	0.372674	0.919643	17.7616	1.26449	96.0996	
0.988445	0.100503	0.113472	-0.0475014	0.91626	-0.397759	-0.143946	0.387772	0.910446	17.6187	1.67009	97.0757	
0.985481	0.108115	0.130914	-0.0446633	0.908971	-0.41446	-0.163806	0.402595	0.900602	17.4546	2.09164	98.0417	
0.982136	0.11601	0.14816	-0.04146	0.901412	-0.430974	-0.183551	0.417132	0.890118	17.2693	2.52886	98.9968	
0.978411	0.124182	0.165199	-0.0378938	0.893587	-0.447288	-0.203165	0.431372	0.879001	17.0631	2.98142	99.9404	
0.97431	0.132625	0.182017	-0.0339671	0.885502	-0.463392	-0.222634	0.445305	0.867259	16.836	3.44901	100.872	
0.969836	0.141334	0.198603	-0.0296828	0.877163	-0.479274	-0.241945	0.458922	0.8549	16.5882	3.93129	101.79	
