1	0	0	0	1	0	0	0	1	0	0	0	
0.999998	-4.16602e-06	-0.00222499	-4.16602e-06	0.999993	-0.00374473	0.00222499	0.00374473	0.999991	0.000927081	0.00156031	0.833331	
0.99999	-1.66597e-05	-0.00444855	-1.66718e-05	0.999972	-0.00749252	0.00444855	0.00749252	0.999962	0.00370773	0.00624251	1.66665	
0.999978	-3.74772e-05	-0.00667063	-3.75257e-05	0.999937	-0.0112433	0.00667063	0.0112433	0.999915	0.00834073	0.0140491	2.49993	
0.99996	-6.66142e-05	-0.00889116	-6.67356e-05	0.999888	-0.0149969	0.00889116	0.0149969	0.999848	0.0148248	0.0249825	3.33316	
0.999938	-0.000104066	-0.0111101	-0.000104309	0.999824	-0.0187532	0.0111101	0.0187532	0.999762	0.0231587	0.0390451	4.16634	
0.999911	-0.000149828	-0.0133274	-0.000150253	0.999747	-0.0225123	0.0133274	0.0225123	0.999658	0.033341	0.0562391	4.99943	
0.999879	-0.000203893	-0.0155429	-0.000204574	0.999655	-0.0262739	0.0155429	0.0262739	0.999534	0.0453703	0.0765667	5.83243	
0.999842	-0.000266257	-0.0177567	-0.000267279	0.999549	-0.030038	0.0177566	0.030038	0.999391	0.0592451	0.10003	6.66531	
0.999801	-0.000336913	-0.0199686	-0.000338374	0.999428	-0.0338045	0.0199686	0.0338045	0.999229	0.0749639	0.126631	7.49807	
0.999754	-0.000415855	-0.0221786	-0.000417864	0.999294	-0.0375732	0.0221786	0.0375733	0.999048	0.0925253	0.156372	8.33069	
0.999702	-0.000503074	-0.0243867	-0.000505754	0.999145	-0.0413442	0.0243866	0.0413442	0.998847	0.111927	0.189254	9.16315	
0.999646	-0.000598564	-0.0265927	-0.000602049	0.998982	-0.0451172	0.0265927	0.0451173	0.998628	0.133169	0.22528	9.99543	
0.999585	-0.000702317	-0.0287967	-0.000706753	0.998804	-0.0488923	0.0287966	0.0488923	0.998389	0.156248	0.264451	10.8275	
0.999519	-0.000814324	-0.0309986	-0.000819871	0.998612	-0.0526692	0.0309984	0.0526693	0.998131	0.181162	0.306768	11.6594	
0.999448	-0.000934577	-0.0331983	-0.000941406	0.998405	-0.0564479	0.0331981	0.0564481	0.997853	0.207911	0.352234	12.4911	
0.999373	-0.00106307	-0.0353957	-0.00107136	0.998184	-0.0602284	0.0353954	0.0602285	0.997557	0.236492	0.400849	13.3225	
0.999292	-0.00119978	-0.0375908	-0.00120974	0.997948	-0.0640105	0.0375905	0.0640106	0.997241	0.266903	0.452615	14.1537	
0.999207	-0.00134472	-0.0397836	-0.00135654	0.997698	-0.067794	0.0397832	0.0677943	0.996906	0.299142	0.507534	14.9846	
0.999118	-0.00149786	-0.041974	-0.00151178	0.997434	-0.071579	0.0419735	0.0715793	0.996551	0.333207	0.565607	15.8152	
0.999023	-0.00165919	-0.0441619	-0.00167544	0.997155	-0.0753653	0.0441613	0.0753657	0.996178	0.369096	0.626834	16.6455	
0.998924	-0.00182872	-0.0463472	-0.00184753	0.996861	-0.0791528	0.0463465	0.0791533	0.995784	0.406808	0.691217	17.4755	
0.99882	-0.00200641	-0.04853	-0.00202805	0.996552	-0.0829415	0.0485291	0.082942	0.995372	0.44634	0.758757	18.3051	
0.998711	-0.00219227	-0.0507102	-0.00221701	0.996229	-0.0867312	0.0507091	0.0867318	0.99494	0.487689	0.829454	19.1344	
0.998598	-0.00238628	-0.0528877	-0.0024144	0.995892	-0.0905218	0.0528864	0.0905225	0.994489	0.530854	0.90331	19.9633	
0.99848	-0.00258843	-0.0550624	-0.00262022	0.995539	-0.0943132	0.0550609	0.0943141	0.994019	0.575832	0.980326	20.7919	
0.998357	-0.0027987	-0.0572344	-0.00283447	0.995172	-0.0981054	0.0572326	0.0981064	0.993529	0.622621	1.0605	21.62	
0.998229	-0.00301708	-0.0594034	-0.00305715	0.99479	-0.101898	0.0594014	0.101899	0.99302	0.671219	1.14384	22.4478	
0.998098	-0.00324356	-0.0615696	-0.00328826	0.994394	-0.105692	0.0615672	0.105693	0.992491	0.721622	1.23033	23.2751	
0.997961	-0.00347813	-0.0637328	-0.0035278	0.993982	-0.109485	0.0637301	0.109487	0.991943	0.77383	1.31999	24.1019	
0.99782	-0.00372076	-0.065893	-0.00377577	0.993556	-0.113279	0.0658899	0.113281	0.991376	0.827838	1.41281	24.9283	
0.997674	-0.00397145	-0.0680501	-0.00403216	0.993115	-0.117074	0.0680465	0.117076	0.990789	0.883645	1.50879	25.7542	
0.997524	-0.00423018	-0.0702041	-0.00429697	0.992659	-0.120868	0.0702001	0.120871	0.990183	0.941248	1.60794	26.5796	
0.997369	-0.00449694	-0.0723549	-0.0045702	0.992189	-0.124663	0.0723503	0.124666	0.989557	1.00064	1.71025	27.4045	
0.997209	-0.0047717	-0.0745025	-0.00485184	0.991703	-0.128458	0.0744974	0.128461	0.988913	1.06183	1.81572	28.2289	
0.997045	-0.00505446	-0.0766468	-0.00514189	0.991203	-0.132252	0.076641	0.132255	0.988248	1.1248	1.92435	29.0527	
0.996877	-0.00534519	-0.0787878	-0.00544035	0.990688	-0.136046	0.0787813	0.13605	0.987565	1.18956	2.03614	29.8759	
0.996704	-0.00564388	-0.0809254	-0.00574721	0.990157	-0.13984	0.0809181	0.139844	0.986862	1.25611	2.1511	30.6986	
0.996527	-0.00595052	-0.0830596	-0.00606247	0.989612	-0.143633	0.0830515	0.143638	0.986139	1.32443	2.26922	31.5207	
0.996345	-0.00626508	-0.0851902	-0.00638612	0.989052	-0.147426	0.0851812	0.147431	0.985397	1.39452	2.39049	32.3422	
0.996159	-0.00658755	-0.0873173	-0.00671815	0.988478	-0.151218	0.0873074	0.151224	0.984636	1.46639	2.51493	33.163	
0.995968	-0.00691791	-0.0894409	-0.00705856	0.987888	-0.15501	0.0894299	0.155016	0.983856	1.54003	2.64253	33.9832	
0.995773	-0.00725614	-0.0915608	-0.00740735	0.987283	-0.158801	0.0915486	0.158808	0.983056	1.61544	2.77329	34.8028	
0.995574	-0.00760222	-0.0936769	-0.0077645	0.986663	-0.16259	0.0936636	0.162598	0.982237	1.69261	2.90721	35.6216	
0.99537	-0.00795614	-0.0957894	-0.00813002	0.986028	-0.166379	0.0957748	0.166388	0.981398	1.77155	3.04429	36.4398	
0.995162	-0.00831787	-0.097898	-0.00850388	0.985379	-0.170167	0.097882	0.170176	0.98054	1.85224	3.18453	37.2573	
0.994949	-0.0086874	-0.100003	-0.00888609	0.984714	-0.173953	0.0999854	0.173963	0.979663	1.93468	3.32792	38.0741	
0.994732	-0.0090647	-0.102104	-0.00927664	0.984034	-0.177738	0.102085	0.177749	0.978767	2.01888	3.47447	38.8901	
0.994511	-0.00944975	-0.104201	-0.00967551	0.983339	-0.181522	0.10418	0.181534	0.977851	2.10482	3.62417	39.7053	
0.994286	-0.00984254	-0.106294	-0.0100827	0.982629	-0.185304	0.106271	0.185317	0.976916	2.19251	3.77702	40.5198	
0.994056	-0.010243	-0.108383	-0.0104982	0.981905	-0.189085	0.108358	0.189099	0.975961	2.28194	3.93303	41.3335	
0.993823	-0.0106512	-0.110467	-0.010922	0.981165	-0.192864	0.110441	0.192879	0.974987	2.37311	4.09219	42.1464	
0.993585	-0.0110671	-0.112548	-0.0113541	0.98041	-0.196641	0.11252	0.196657	0.973995	2.46601	4.25449	42.9585	
0.993342	-0.0114906	-0.114625	-0.0117945	0.97964	-0.200416	0.114594	0.200434	0.972982	2.56064	4.41995	43.7697	
0.993096	-0.0119217	-0.116697	-0.0122431	0.978855	-0.204189	0.116664	0.204208	0.971951	2.65699	4.58855	44.5801	
0.992845	-0.0123605	-0.118765	-0.0127	0.978055	-0.20796	0.118729	0.207981	0.9709	2.75507	4.76029	45.3896	
0.992591	-0.0128068	-0.120829	-0.0131652	0.97724	-0.211729	0.12079	0.211751	0.969831	2.85487	4.93518	46.1983	
0.992332	-0.0132607	-0.122888	-0.0136386	0.97641	-0.215496	0.122846	0.215519	0.968742	2.95639	5.11321	47.006	
0.992347	-0.0132343	-0.122771	-0.0143719	0.975104	-0.22128	0.122643	0.221351	0.967452	3.05868	5.29524	47.8128	
0.992361	-0.0132083	-0.122659	-0.0151052	0.973762	-0.227065	0.12244	0.227183	0.966124	3.1608	5.48213	48.6184	
0.992375	-0.0131825	-0.122551	-0.0158382	0.972384	-0.23285	0.122236	0.233015	0.96476	3.26274	5.67388	49.423	
0.992388	-0.0131571	-0.122447	-0.0165711	0.970968	-0.238634	0.122032	0.238847	0.963359	3.36452	5.87049	50.2263	
0.9924	-0.0131321	-0.122347	-0.0173036	0.969516	-0.244418	0.121827	0.244678	0.961921	3.46613	6.07196	51.0286	
0.992413	-0.0131073	-0.122251	-0.0180358	0.968026	-0.2502	0.121622	0.250506	0.960445	3.56757	6.27829	51.8295	
0.992424	-0.013083	-0.122159	-0.0187677	0.9665	-0.25598	0.121416	0.256333	0.958933	3.66883	6.48947	52.6293	
0.992436	-0.013059	-0.12207	-0.0194991	0.964937	-0.261757	0.121208	0.262157	0.957383	3.76993	6.70551	53.4278	
0.992446	-0.0130353	-0.121985	-0.0202301	0.963337	-0.26753	0.121	0.267977	0.955797	3.87085	6.9264	54.2249	
0.992457	-0.013012	-0.121903	-0.0209605	0.9617	-0.2733	0.12079	0.273794	0.954173	3.97159	7.15214	55.0207	
0.992467	-0.012989	-0.121823	-0.0216904	0.960027	-0.279066	0.120578	0.279606	0.952513	4.07216	7.38272	55.8152	
0.992476	-0.0129663	-0.121747	-0.0224196	0.958317	-0.284827	0.120365	0.285413	0.950816	4.17256	7.61815	56.6082	
0.992486	-0.0129439	-0.121673	-0.0231482	0.95657	-0.290582	0.12015	0.291215	0.949083	4.27277	7.85841	57.3999	
0.992495	-0.0129218	-0.121602	-0.023876	0.954787	-0.296331	0.119933	0.29701	0.947312	4.37281	8.10351	58.19	
0.992504	-0.0129	-0.121533	-0.0246031	0.952967	-0.302074	0.119714	0.302799	0.945506	4.47266	8.35343	58.9787	
0.992512	-0.0128784	-0.121466	-0.0253293	0.951111	-0.307809	0.119492	0.308581	0.943663	4.57233	8.60817	59.7659	
0.99252	-0.012857	-0.121402	-0.0260547	0.949218	-0.313537	0.119268	0.314355	0.941784	4.67181	8.86773	60.5515	
0.992528	-0.0128358	-0.121339	-0.026779	0.94729	-0.319257	0.119041	0.320121	0.939868	4.77111	9.13209	61.3355	
0.992536	-0.0128147	-0.121277	-0.0275024	0.945325	-0.324968	0.118811	0.325878	0.937917	4.87021	9.40126	62.1179	
0.992544	-0.0127936	-0.121217	-0.0282248	0.943324	-0.330669	0.118578	0.331625	0.93593	4.96913	9.67522	62.8987	
0.992551	-0.0127727	-0.121159	-0.028946	0.941288	-0.336362	0.118342	0.337363	0.933907	5.06784	9.95397	63.6778	
0.992558	-0.0127517	-0.121101	-0.029666	0.939216	-0.342043	0.118102	0.343091	0.931848	5.16636	10.2375	64.4552	
0.992565	-0.0127307	-0.121045	-0.0303848	0.937108	-0.347714	0.117859	0.348807	0.929754	5.26468	10.5258	65.2309	
0.992572	-0.0127096	-0.120989	-0.0311024	0.934965	-0.353374	0.117612	0.354512	0.927625	5.36279	10.8188	66.0048	
0.992579	-0.0126883	-0.120934	-0.0318185	0.932787	-0.359022	0.117361	0.360206	0.925461	5.4607	11.1166	66.7769	
0.992586	-0.0126668	-0.120879	-0.0325333	0.930573	-0.364658	0.117106	0.365887	0.923262	5.55839	11.4192	67.5472	
0.992593	-0.012645	-0.120824	-0.0332466	0.928325	-0.370281	0.116846	0.371555	0.921029	5.65587	11.7264	68.3156	
0.9926	-0.0126228	-0.12077	-0.0339583	0.926042	-0.37589	0.116583	0.37721	0.918761	5.75314	12.0384	69.0822	
0.992607	-0.0126002	-0.120716	-0.0346684	0.923724	-0.381486	0.116315	0.382851	0.916458	5.85018	12.3551	69.8469	
0.994198	-0.00690108	-0.107345	-0.0362829	0.91794	-0.395056	0.101262	0.396659	0.912364	5.94084	12.6799	70.6089	
0.995568	-0.00100125	-0.0940364	-0.0376737	0.911952	-0.408563	0.0861658	0.410295	0.907873	6.01893	13.0162	71.3674	
0.996718	0.00509666	-0.0807968	-0.0388401	0.905763	-0.422	0.071032	0.423753	0.902988	6.08444	13.3637	72.122	
0.997645	0.01139	-0.0676315	-0.0397818	0.899376	-0.435362	0.0558674	0.437027	0.897711	6.13731	13.7224	72.8723	
0.998351	0.0178761	-0.0545462	-0.0404982	0.892793	-0.448643	0.0406785	0.450112	0.892045	6.17754	14.092	73.618	
0.998835	0.0245521	-0.0415466	-0.040989	0.886018	-0.461836	0.025472	0.463001	0.885992	6.2051	14.4725	74.3589	
0.999096	0.031415	-0.0286383	-0.0412541	0.879052	-0.474937	0.0102544	0.475689	0.879554	6.21999	14.8636	75.0946	
0.999135	0.038462	-0.0158269	-0.0412934	0.8719	-0.487939	-0.00496767	0.488171	0.872734	6.22219	15.2653	75.8247	
0.998951	0.04569	-0.00311802	-0.0411067	0.864564	-0.500838	-0.0201876	0.500441	0.865535	6.21171	15.6772	76.549	
0.998544	0.0530958	0.00948285	-0.0406942	0.857048	-0.513627	-0.0353987	0.512493	0.857961	6.18855	16.0993	77.2672	
0.997916	0.0606762	0.0219702	-0.0400561	0.849355	-0.526301	-0.0505944	0.524323	0.850015	6.15272	16.5313	77.9789	
0.997065	0.0684279	0.0343387	-0.0391927	0.841487	-0.538854	-0.0657682	0.535926	0.841699	6.10423	16.9731	78.6838	
0.995993	0.0763476	0.046583	-0.0381043	0.833449	-0.55128	-0.0809135	0.547296	0.833019	6.04311	17.4244	79.3816	
