1	0	0	0	1	0	0	0	1	0	0	0	
1	-9.19187e-09	0.000837884	-9.19187e-09	1	2.19407e-05	-0.000837884	-2.19407e-05	1	-0.000378741	-9.91763e-06	0.90404	
0.999999	-3.71242e-08	0.00168193	-3.72942e-08	1	4.42457e-05	-0.00168193	-4.42457e-05	0.999999	-0.00151775	-3.98352e-05	1.80808	
0.999997	-8.43786e-08	0.00253211	-8.50636e-08	1	6.69171e-05	-0.00253211	-6.69171e-05	0.999997	-0.00342259	-9.00831e-05	2.71212	
0.999994	-1.51543e-07	0.00338839	-1.53268e-07	1	8.9957e-05	-0.00338839	-8.9957e-05	0.999994	-0.00609877	-0.000160993	3.61615	
0.999991	-2.3921e-07	0.00425073	-2.42685e-07	1	0.000113367	-0.00425073	-0.000113367	0.999991	-0.00955181	-0.0002529	4.52019	
0.999987	-3.4798e-07	0.00511908	-3.54104e-07	1	0.00013715	-0.00511908	-0.00013715	0.999987	-0.0137872	-0.000366139	5.42422	
0.999982	-4.78459e-07	0.00599343	-4.88327e-07	1	0.000161306	-0.00599343	-0.000161306	0.999982	-0.0188102	-0.000501047	6.32825	
0.999976	-6.31257e-07	0.00687372	-6.46163e-07	1	0.000185839	-0.00687372	-0.000185839	0.999976	-0.0246264	-0.000657963	7.23227	
0.99997	-8.06992e-07	0.00775993	-8.28434e-07	1	0.000210749	-0.00775993	-0.000210749	0.99997	-0.0312411	-0.000837229	8.13628	
0.999963	-1.00629e-06	0.00865201	-1.03597e-06	1	0.00023604	-0.00865201	-0.00023604	0.999963	-0.0386597	-0.00103919	9.04029	
0.999954	-1.22977e-06	0.00954994	-1.26962e-06	1	0.000261711	-0.00954994	-0.000261711	0.999954	-0.0468873	-0.00126418	9.9443	
0.999945	-1.47807e-06	0.0104537	-1.53023e-06	1	0.000287766	-0.0104537	-0.000287766	0.999945	-0.0559294	-0.00151256	10.8483	
0.999935	-1.75183e-06	0.0113632	-1.81866e-06	1	0.000314206	-0.0113632	-0.000314206	0.999935	-0.065791	-0.00178466	11.7523	
0.999925	-2.05169e-06	0.0122784	-2.13578e-06	1	0.000341032	-0.0122784	-0.000341032	0.999925	-0.0764775	-0.00208084	12.6563	
0.999913	-2.37831e-06	0.0131993	-2.48249e-06	1	0.000368246	-0.0131993	-0.000368247	0.999913	-0.0879939	-0.00240145	13.5602	
0.9999	-2.73233e-06	0.0141258	-2.85967e-06	1	0.00039585	-0.0141258	-0.000395851	0.9999	-0.100345	-0.00274684	14.4642	
0.999887	-3.11441e-06	0.015058	-3.26822e-06	1	0.000423845	-0.015058	-0.000423847	0.999887	-0.113537	-0.00311736	15.3681	
0.999872	-3.52523e-06	0.0159957	-3.70905e-06	1	0.000452234	-0.0159957	-0.000452235	0.999872	-0.127574	-0.00351336	16.2721	
0.999857	-3.96545e-06	0.016939	-4.18309e-06	1	0.000481016	-0.016939	-0.000481018	0.999856	-0.142461	-0.00393521	17.176	
0.99984	-4.43573e-06	0.0178878	-4.69125e-06	1	0.000510194	-0.0178878	-0.000510197	0.99984	-0.158204	-0.00438326	18.0799	
0.999822	-4.93676e-06	0.018842	-5.2345e-06	1	0.00053977	-0.018842	-0.000539773	0.999822	-0.174806	-0.00485787	18.9838	
0.999804	-5.46923e-06	0.0198016	-5.81376e-06	1	0.000569744	-0.0198016	-0.000569747	0.999804	-0.192274	-0.00535939	19.8876	
0.999784	-6.03381e-06	0.0207666	-6.42999e-06	1	0.000600118	-0.0207666	-0.000600122	0.999784	-0.210611	-0.0058882	20.7915	
0.999764	-6.6312e-06	0.021737	-7.08417e-06	1	0.000630893	-0.021737	-0.000630898	0.999764	-0.229824	-0.00644464	21.6953	
0.999742	-7.26209e-06	0.0227126	-7.77726e-06	1	0.000662071	-0.0227126	-0.000662077	0.999742	-0.249916	-0.00702909	22.5991	
0.999719	-7.92719e-06	0.0236935	-8.51024e-06	1	0.000693652	-0.0236935	-0.000693659	0.999719	-0.270893	-0.00764191	23.5029	
0.999695	-8.62718e-06	0.0246796	-9.28411e-06	1	0.000725639	-0.0246796	-0.000725647	0.999695	-0.292758	-0.00828347	24.4067	
0.99967	-9.36278e-06	0.0256709	-1.00999e-05	1	0.000758031	-0.0256709	-0.000758041	0.99967	-0.315518	-0.00895413	25.3105	
0.999644	-1.01347e-05	0.0266673	-1.09585e-05	1	0.000790831	-0.0266673	-0.000790842	0.999644	-0.339175	-0.00965425	26.2142	
0.999617	-1.09437e-05	0.0276688	-1.1861e-05	1	0.00082404	-0.0276688	-0.000824052	0.999617	-0.363736	-0.0103842	27.1179	
0.999589	-1.17904e-05	0.0286753	-1.28085e-05	1	0.000857657	-0.0286753	-0.000857672	0.999588	-0.389205	-0.0111444	28.0216	
0.999559	-1.26755e-05	0.0296868	-1.38019e-05	1	0.000891686	-0.0296868	-0.000891702	0.999559	-0.415586	-0.0119351	28.9252	
0.999529	-1.35999e-05	0.0307034	-1.48423e-05	1	0.000926125	-0.0307034	-0.000926144	0.999528	-0.442884	-0.0127568	29.8289	
0.999497	-1.45641e-05	0.0317248	-1.59307e-05	1	0.000960978	-0.0317248	-0.000960999	0.999496	-0.471102	-0.0136099	30.7325	
0.999464	-1.5569e-05	0.0327511	-1.70682e-05	1	0.000996243	-0.0327511	-0.000996268	0.999463	-0.500247	-0.0144946	31.636	
0.999429	-1.66153e-05	0.0337822	-1.82558e-05	0.999999	0.00103192	-0.0337822	-0.00103195	0.999429	-0.530321	-0.0154114	32.5396	
0.999394	-1.77037e-05	0.0348182	-1.94946e-05	0.999999	0.00106802	-0.0348182	-0.00106805	0.999393	-0.56133	-0.0163606	33.4431	
0.999357	-1.88349e-05	0.0358589	-2.07856e-05	0.999999	0.00110453	-0.0358589	-0.00110456	0.999356	-0.593277	-0.0173427	34.3466	
0.999319	-2.00097e-05	0.0369043	-2.213e-05	0.999999	0.00114146	-0.0369043	-0.00114149	0.999318	-0.626168	-0.018358	35.25	
0.999279	-2.12288e-05	0.0379543	-2.35287e-05	0.999999	0.0011788	-0.0379543	-0.00117884	0.999279	-0.660005	-0.0194068	36.1534	
0.999239	-2.2493e-05	0.039009	-2.4983e-05	0.999999	0.00121656	-0.039009	-0.00121661	0.999238	-0.694794	-0.0204896	37.0568	
0.999197	-2.3803e-05	0.0400683	-2.64938e-05	0.999999	0.00125474	-0.0400683	-0.0012548	0.999196	-0.730539	-0.0216067	37.9601	
0.999154	-2.51595e-05	0.0411321	-2.80623e-05	0.999999	0.00129334	-0.0411321	-0.0012934	0.999153	-0.767243	-0.0227586	38.8634	
0.999109	-2.65633e-05	0.0422004	-2.96895e-05	0.999999	0.00133236	-0.0422004	-0.00133243	0.999108	-0.804911	-0.0239455	39.7667	
0.999063	-2.80151e-05	0.0432731	-3.13767e-05	0.999999	0.00137181	-0.0432731	-0.00137188	0.999062	-0.843547	-0.0251679	40.6699	
0.999016	-2.95157e-05	0.0443503	-3.31248e-05	0.999999	0.00141167	-0.0443503	-0.00141175	0.999015	-0.883154	-0.0264262	41.573	
0.998967	-3.10658e-05	0.0454318	-3.49349e-05	0.999999	0.00145195	-0.0454317	-0.00145204	0.998966	-0.923738	-0.0277206	42.4762	
0.998917	-3.26663e-05	0.0465176	-3.68083e-05	0.999999	0.00149266	-0.0465176	-0.00149275	0.998916	-0.965301	-0.0290517	43.3793	
0.998866	-3.43177e-05	0.0476076	-3.8746e-05	0.999999	0.00153378	-0.0476076	-0.00153389	0.998865	-1.00785	-0.0304198	44.2823	
0.998813	-3.6021e-05	0.0487019	-4.07492e-05	0.999999	0.00157533	-0.0487019	-0.00157545	0.998812	-1.05138	-0.0318253	45.1853	
0.998759	-3.77768e-05	0.0498004	-4.28189e-05	0.999999	0.00161731	-0.0498004	-0.00161743	0.998758	-1.09591	-0.0332686	46.0882	
0.998704	-3.95858e-05	0.050903	-4.49563e-05	0.999999	0.0016597	-0.050903	-0.00165984	0.998702	-1.14143	-0.03475	46.9911	
0.998647	-4.14489e-05	0.0520097	-4.71626e-05	0.999999	0.00170252	-0.0520097	-0.00170267	0.998645	-1.18794	-0.0362699	47.894	
0.998588	-4.33668e-05	0.0531204	-4.94388e-05	0.999998	0.00174576	-0.0531204	-0.00174593	0.998587	-1.23547	-0.0378287	48.7967	
0.998528	-4.53402e-05	0.0542351	-5.17861e-05	0.999998	0.00178943	-0.0542351	-0.00178961	0.998527	-1.28399	-0.0394269	49.6995	
0.998467	-4.73699e-05	0.0553538	-5.42057e-05	0.999998	0.00183352	-0.0553538	-0.00183371	0.998465	-1.33353	-0.0410647	50.6022	
0.998404	-4.94567e-05	0.0564764	-5.66986e-05	0.999998	0.00187804	-0.0564764	-0.00187824	0.998402	-1.38408	-0.0427426	51.5048	
0.99834	-5.16012e-05	0.0576028	-5.92661e-05	0.999998	0.00192297	-0.0576028	-0.0019232	0.998338	-1.43564	-0.0444609	52.4074	
0.998274	-5.38043e-05	0.0587331	-6.19092e-05	0.999998	0.00196834	-0.0587331	-0.00196858	0.998272	-1.48823	-0.04622	53.3099	
0.998206	-5.60666e-05	0.0598671	-6.46291e-05	0.999998	0.00201412	-0.0598671	-0.00201438	0.998204	-1.54184	-0.0480204	54.2123	
0.997935	-6.66836e-05	0.064228	-0.000116207	0.999996	0.00284379	-0.0642279	-0.00284538	0.997931	-1.59793	-0.0502171	55.1146	
0.997645	-8.09432e-05	0.0685912	-0.000171415	0.999993	0.00367326	-0.0685911	-0.00367637	0.997638	-1.65797	-0.0531651	56.0166	
0.997335	-9.88507e-05	0.0729566	-0.000230255	0.99999	0.00450255	-0.0729563	-0.00450735	0.997325	-1.72195	-0.0568643	56.9184	
0.997006	-0.000120411	0.0773237	-0.000292731	0.999986	0.00533166	-0.0773233	-0.00533833	0.996992	-1.78988	-0.0613148	57.8199	
0.996658	-0.000145628	0.0816925	-0.000358846	0.999981	0.00616057	-0.0816918	-0.00616929	0.996639	-1.86176	-0.0665164	58.721	
0.99629	-0.000174506	0.0860625	-0.000428604	0.999975	0.00698928	-0.0860616	-0.00700024	0.996265	-1.93759	-0.0724693	59.6219	
0.995902	-0.000207048	0.0904336	-0.000502007	0.999969	0.00781781	-0.0904324	-0.00783117	0.995872	-2.01737	-0.0791735	60.5224	
0.995496	-0.000243258	0.0948054	-0.000579059	0.999962	0.00864613	-0.0948039	-0.00866208	0.995458	-2.1011	-0.0866288	61.4225	
0.99507	-0.000283138	0.0991777	-0.000659762	0.999955	0.00947425	-0.0991759	-0.00949297	0.995025	-2.18878	-0.0948352	62.3222	
0.994624	-0.00032669	0.10355	-0.000744121	0.999947	0.0103022	-0.103548	-0.0103238	0.994571	-2.28042	-0.103793	63.2216	
0.994159	-0.000373915	0.107923	-0.000832137	0.999938	0.0111299	-0.10792	-0.0111547	0.994097	-2.37601	-0.113502	64.1205	
0.993675	-0.000424816	0.112295	-0.000923813	0.999928	0.0119574	-0.112292	-0.0119855	0.993603	-2.47555	-0.123961	65.019	
0.993171	-0.000479392	0.116667	-0.00101915	0.999918	0.0127847	-0.116663	-0.0128163	0.993089	-2.57904	-0.135172	65.917	
0.992648	-0.000537644	0.121038	-0.00111816	0.999907	0.0136117	-0.121034	-0.013647	0.992555	-2.68648	-0.147134	66.8146	
0.992105	-0.000599572	0.125407	-0.00122084	0.999895	0.0144386	-0.125403	-0.0144777	0.992	-2.79788	-0.159847	67.7116	
0.991543	-0.000665175	0.129776	-0.00132718	0.999883	0.0152652	-0.129771	-0.0153083	0.991426	-2.91322	-0.173311	68.6082	
0.990962	-0.000734453	0.134143	-0.0014372	0.999869	0.0160916	-0.134137	-0.0161389	0.990831	-3.03251	-0.187526	69.5042	
0.990361	-0.000807403	0.138508	-0.0015509	0.999856	0.0169177	-0.138502	-0.0169695	0.990217	-3.15575	-0.202492	70.3997	
0.989741	-0.000884025	0.142871	-0.00166828	0.999841	0.0177437	-0.142864	-0.0178	0.989582	-3.28293	-0.218208	71.2946	
0.986364	-0.00133316	0.164572	-0.00248537	0.999732	0.0229948	-0.164558	-0.0230903	0.986097	-3.4219	-0.236692	72.1877	
0.982512	-0.00189839	0.18619	-0.00341757	0.999596	0.0282261	-0.186169	-0.0283688	0.982108	-3.58044	-0.259954	73.0774	
0.978186	-0.00257941	0.207716	-0.00446438	0.999431	0.0334348	-0.207684	-0.0336328	0.977618	-3.75848	-0.287981	73.9632	
0.973388	-0.00337589	0.229137	-0.00562529	0.999238	0.0386183	-0.229093	-0.0388796	0.972628	-3.95592	-0.320759	74.8448	
0.968122	-0.00428741	0.250444	-0.00689969	0.999018	0.043774	-0.250385	-0.0441066	0.967141	-4.17266	-0.358272	75.7217	
0.962389	-0.0053135	0.271624	-0.00828693	0.998769	0.0488992	-0.27155	-0.049311	0.96116	-4.4086	-0.400501	76.5933	
0.956192	-0.00645365	0.292668	-0.00978632	0.998493	0.0539914	-0.292575	-0.0544903	0.954689	-4.66361	-0.447423	77.4594	
0.949536	-0.00770728	0.313564	-0.0113971	0.99819	0.0590478	-0.313452	-0.0596417	0.947729	-4.93755	-0.499015	78.3193	
0.942422	-0.00907373	0.334302	-0.0131184	0.997859	0.0640659	-0.334168	-0.0647626	0.940286	-5.2303	-0.555251	79.1728	
0.934856	-0.0105523	0.354871	-0.0149493	0.997502	0.0690432	-0.354713	-0.0698505	0.932362	-5.5417	-0.616101	80.0193	
0.92684	-0.0121423	0.375261	-0.016889	0.997117	0.0739771	-0.375077	-0.0749027	0.923962	-5.8716	-0.681535	80.8584	
0.918378	-0.0138428	0.395461	-0.0189365	0.996705	0.0788651	-0.39525	-0.0799167	0.915091	-6.21982	-0.75152	81.6898	
0.909476	-0.0156531	0.415461	-0.0210906	0.996267	0.0837047	-0.415221	-0.0848898	0.905751	-6.58618	-0.826019	82.5129	
0.900138	-0.0175721	0.435251	-0.0233504	0.995803	0.0884934	-0.434979	-0.0898195	0.89595	-6.97051	-0.904994	83.3273	
0.890367	-0.0195989	0.45482	-0.0257145	0.995313	0.0932288	-0.454516	-0.0947034	0.88569	-7.37259	-0.988406	84.1327	
0.880171	-0.0217324	0.47416	-0.028182	0.994796	0.0979085	-0.47382	-0.0995389	0.874978	-7.79224	-1.07621	84.9286	
0.869552	-0.0239716	0.493259	-0.0307513	0.994254	0.10253	-0.492882	-0.104324	0.863819	-8.22922	-1.16837	85.7146	
0.858518	-0.0263154	0.512107	-0.0334214	0.993687	0.107091	-0.511693	-0.109055	0.852219	-8.68333	-1.26482	86.4903	
0.847074	-0.0287625	0.530697	-0.0361907	0.993095	0.111589	-0.530242	-0.113731	0.840184	-9.15433	-1.36553	87.2553	
0.835224	-0.0313116	0.549017	-0.039058	0.992478	0.116022	-0.54852	-0.118348	0.827719	-9.64197	-1.47044	88.0093	
