1	0	0	0	1	0	0	0	1	0	0	0	
0.999992	2.33198e-07	0.00395844	2.33198e-07	1	-0.000117823	-0.00395844	0.000117823	0.999992	-0.00154439	4.59688e-05	0.780301	
0.999969	9.38637e-07	0.0079188	9.49396e-07	1	-0.00023842	-0.0079188	0.00023842	0.999969	-0.00617832	0.000184958	1.56059	
0.999929	2.12777e-06	0.011881	2.17083e-06	1	-0.000361793	-0.011881	0.000361793	0.999929	-0.0139032	0.000419132	2.34085	
0.999874	3.81206e-06	0.0158449	3.91976e-06	1	-0.000487939	-0.0158449	0.00048794	0.999874	-0.0247205	0.000750657	3.12108	
0.999804	6.00298e-06	0.0198104	6.21848e-06	1	-0.00061686	-0.0198104	0.000616862	0.999804	-0.0386315	0.0011817	3.90126	
0.999717	8.71198e-06	0.0237775	9.08929e-06	1	-0.000748554	-0.0237775	0.000748558	0.999717	-0.0556374	0.00171442	4.68138	
0.999615	1.19506e-05	0.027746	1.25545e-05	1	-0.00088302	-0.027746	0.000883028	0.999615	-0.0757394	0.00235099	5.46142	
0.999497	1.57302e-05	0.0317158	1.66365e-05	0.999999	-0.00102026	-0.0317158	0.00102027	0.999496	-0.0989385	0.00309356	6.24138	
0.999363	2.00623e-05	0.035687	2.13577e-05	0.999999	-0.00116026	-0.035687	0.00116029	0.999362	-0.125236	0.00394431	7.02124	
0.999213	2.49584e-05	0.0396593	2.67403e-05	0.999999	-0.00130304	-0.0396593	0.00130307	0.999212	-0.154632	0.0049054	7.80098	
0.999048	3.04299e-05	0.0436326	3.28068e-05	0.999999	-0.00144858	-0.0436326	0.00144863	0.999047	-0.187129	0.00597898	8.58061	
0.998866	3.64884e-05	0.047607	3.95796e-05	0.999999	-0.00159689	-0.047607	0.00159696	0.998865	-0.222726	0.00716723	9.3601	
0.998669	4.31453e-05	0.0515823	4.70812e-05	0.999998	-0.00174796	-0.0515823	0.00174806	0.998667	-0.261425	0.0084723	10.1394	
0.998455	5.0412e-05	0.0555583	5.53338e-05	0.999998	-0.00190179	-0.0555583	0.00190193	0.998454	-0.303226	0.00989635	10.9186	
0.998226	5.83001e-05	0.0595351	6.436e-05	0.999998	-0.00205838	-0.0595351	0.00205856	0.998224	-0.34813	0.0114415	11.6976	
0.997981	6.68209e-05	0.0635125	7.41822e-05	0.999998	-0.00221773	-0.0635125	0.00221796	0.997979	-0.396137	0.01311	12.4765	
0.99772	7.5986e-05	0.0674904	8.48228e-05	0.999997	-0.00237982	-0.0674904	0.00238012	0.997717	-0.447248	0.014904	13.2551	
0.997443	8.58068e-05	0.0714687	9.63042e-05	0.999997	-0.00254467	-0.0714687	0.00254505	0.99744	-0.501463	0.0168255	14.0335	
0.99715	9.62947e-05	0.0754474	0.000108649	0.999996	-0.00271227	-0.0754474	0.00271273	0.997146	-0.558783	0.0188769	14.8117	
0.996841	0.000107461	0.0794263	0.000121879	0.999996	-0.00288261	-0.0794263	0.00288318	0.996837	-0.619207	0.0210601	15.5896	
0.996516	0.000119318	0.0834054	0.000136018	0.999995	-0.00305569	-0.0834054	0.00305638	0.996511	-0.682736	0.0233775	16.3673	
0.996175	0.000131875	0.0873845	0.000151086	0.999995	-0.0032315	-0.0873845	0.00323234	0.996169	-0.74937	0.025831	17.1448	
0.995818	0.000145146	0.0913636	0.000167108	0.999994	-0.00341005	-0.0913636	0.00341105	0.995812	-0.819109	0.028423	17.922	
0.995445	0.000159141	0.0953426	0.000184105	0.999994	-0.00359133	-0.0953426	0.00359252	0.995438	-0.891953	0.0311554	18.6989	
0.995055	0.000173871	0.0993214	0.0002021	0.999993	-0.00377533	-0.0993214	0.00377673	0.995048	-0.967902	0.0340306	19.4755	
0.99465	0.000189349	0.1033	0.000221115	0.999992	-0.00396205	-0.1033	0.00396369	0.994642	-1.04695	0.0370505	20.2517	
0.994229	0.000205584	0.107278	0.000241172	0.999991	-0.00415148	-0.107278	0.0041534	0.99422	-1.12911	0.0402174	21.0277	
0.993792	0.00022259	0.111256	0.000262294	0.999991	-0.00434363	-0.111255	0.00434585	0.993782	-1.21437	0.0435334	21.8033	
0.993339	0.000240376	0.115233	0.000284503	0.99999	-0.00453848	-0.115232	0.00454103	0.993328	-1.30274	0.0470006	22.5786	
0.992869	0.000258954	0.119209	0.000307821	0.999989	-0.00473604	-0.119209	0.00473896	0.992858	-1.39421	0.0506212	23.3535	
0.992384	0.000278337	0.123185	0.000332271	0.999988	-0.00493628	-0.123184	0.00493962	0.992372	-1.48878	0.0543974	24.128	
0.991882	0.000298534	0.127159	0.000357875	0.999987	-0.00513922	-0.127159	0.00514301	0.991869	-1.58645	0.0583311	24.9022	
0.991365	0.000319557	0.131133	0.000384655	0.999986	-0.00534484	-0.131133	0.00534913	0.99135	-1.68722	0.0624246	25.676	
0.990831	0.000341417	0.135106	0.000412633	0.999984	-0.00555314	-0.135106	0.00555797	0.990816	-1.79109	0.0666801	26.4493	
0.990281	0.000364126	0.139077	0.000441831	0.999983	-0.00576411	-0.139077	0.00576954	0.990265	-1.89807	0.0710995	27.2222	
0.989716	0.000387695	0.143048	0.000472272	0.999982	-0.00597775	-0.143048	0.00598383	0.989698	-2.00814	0.0756851	27.9947	
0.989134	0.000412135	0.147017	0.000503978	0.999981	-0.00619404	-0.147017	0.00620083	0.989115	-2.12131	0.080439	28.7668	
0.988536	0.000437458	0.150985	0.00053697	0.999979	-0.00641299	-0.150984	0.00642055	0.988515	-2.23757	0.0853632	29.5383	
0.987922	0.000463673	0.154951	0.000571271	0.999978	-0.00663458	-0.154951	0.00664297	0.9879	-2.35694	0.09046	30.3094	
0.987292	0.000490793	0.158916	0.000606903	0.999976	-0.00685882	-0.158915	0.0068681	0.987268	-2.47939	0.0957314	31.08	
0.986646	0.000518829	0.162879	0.000643888	0.999975	-0.00708568	-0.162878	0.00709593	0.986621	-2.60494	0.101179	31.8502	
0.985984	0.000547791	0.16684	0.000682247	0.999973	-0.00731517	-0.166839	0.00732646	0.985957	-2.73358	0.106806	32.6198	
0.985306	0.000577691	0.170799	0.000722003	0.999971	-0.00754727	-0.170799	0.00755969	0.985277	-2.86531	0.112614	33.3889	
0.984611	0.000608539	0.174756	0.000763177	0.999969	-0.00778199	-0.174756	0.00779561	0.984581	-3.00013	0.118605	34.1574	
0.983901	0.000640348	0.178712	0.000805791	0.999968	-0.00801931	-0.178711	0.00803421	0.983869	-3.13803	0.124781	34.9254	
0.983175	0.000673127	0.182665	0.000849866	0.999966	-0.00825922	-0.182664	0.00827549	0.98314	-3.27903	0.131144	35.6928	
0.982433	0.000706887	0.186616	0.000895426	0.999963	-0.00850171	-0.186615	0.00851946	0.982396	-3.4231	0.137697	36.4597	
0.981674	0.000741641	0.190565	0.00094249	0.999961	-0.00874678	-0.190564	0.0087661	0.981636	-3.57026	0.144441	37.226	
0.9809	0.000777397	0.194511	0.000991081	0.999959	-0.00899442	-0.19451	0.0090154	0.980859	-3.7205	0.151379	37.9916	
0.98011	0.000814168	0.198455	0.00104122	0.999957	-0.00924462	-0.198454	0.00926738	0.980066	-3.87381	0.158512	38.7567	
0.979303	0.000851965	0.202397	0.00109293	0.999954	-0.00949737	-0.202395	0.00952201	0.979258	-4.0302	0.165842	39.5211	
0.978481	0.000890797	0.206335	0.00114623	0.999952	-0.00975266	-0.206334	0.0097793	0.978433	-4.18967	0.173373	40.2849	
0.977643	0.000930676	0.210271	0.00120114	0.999949	-0.0100105	-0.21027	0.0100392	0.977592	-4.35221	0.181105	41.0481	
0.976788	0.000971612	0.214204	0.00125769	0.999946	-0.0102708	-0.214203	0.0103018	0.976735	-4.51782	0.189041	41.8105	
0.975944	0.00101797	0.218018	0.00193528	0.999909	-0.013332	-0.218012	0.0134332	0.975854	-4.68645	0.198301	42.5724	
0.975083	0.00107673	0.221839	0.00262551	0.999862	-0.0163933	-0.221826	0.0165673	0.974946	-4.85805	0.210006	43.3335	
0.974204	0.00114797	0.225667	0.00332838	0.999805	-0.0194546	-0.225645	0.0197039	0.97401	-5.03263	0.224157	44.0938	
0.973308	0.00123176	0.229501	0.0040439	0.999738	-0.0225158	-0.229469	0.0228428	0.973048	-5.2102	0.240757	44.8535	
0.972394	0.00132816	0.233342	0.00477208	0.999661	-0.0255765	-0.233297	0.0259839	0.972058	-5.39075	0.259807	45.6124	
0.971463	0.00143725	0.237188	0.00551293	0.999575	-0.0286366	-0.237128	0.029127	0.971042	-5.57428	0.281309	46.3705	
0.970514	0.00155907	0.241039	0.00626646	0.999478	-0.0316959	-0.240962	0.0322718	0.969998	-5.76081	0.305263	47.1278	
0.969548	0.00169368	0.244895	0.00703266	0.999371	-0.0347542	-0.2448	0.0354181	0.968927	-5.95033	0.331673	47.8843	
0.968565	0.00184115	0.248755	0.00781154	0.999254	-0.0378113	-0.248639	0.0385658	0.967828	-6.14285	0.360538	48.6399	
0.967564	0.00200151	0.252619	0.0086031	0.999128	-0.040867	-0.252481	0.0417148	0.966702	-6.33836	0.391859	49.3947	
0.966545	0.00217481	0.256487	0.00940733	0.998991	-0.0439212	-0.256324	0.0448647	0.965549	-6.53687	0.425639	50.1485	
0.965509	0.0023611	0.260358	0.0102242	0.998844	-0.0469736	-0.260168	0.0480154	0.964369	-6.73838	0.461876	50.9015	
0.964456	0.0025604	0.264231	0.0110538	0.998687	-0.0500241	-0.264012	0.0511668	0.963161	-6.94289	0.500572	51.6535	
0.963385	0.00277276	0.268107	0.011896	0.99852	-0.0530725	-0.267857	0.0543187	0.961926	-7.1504	0.541728	52.4046	
0.962297	0.00299821	0.271984	0.0127509	0.998343	-0.0561186	-0.271702	0.0574708	0.960664	-7.36091	0.585343	53.1547	
0.961192	0.00323677	0.275863	0.0136184	0.998155	-0.0591622	-0.275545	0.060623	0.959375	-7.57442	0.631417	53.9038	
0.960069	0.00348846	0.279742	0.0144985	0.997958	-0.0622032	-0.279388	0.0637752	0.958058	-7.79093	0.679951	54.6519	
0.958929	0.00375331	0.283622	0.0153912	0.997751	-0.0652414	-0.283229	0.0669271	0.956714	-8.01044	0.730945	55.399	
0.957771	0.00403133	0.287502	0.0162965	0.997533	-0.0682766	-0.287068	0.0700787	0.955343	-8.23294	0.784398	56.145	
0.956597	0.00432254	0.291382	0.0172143	0.997306	-0.0713087	-0.290905	0.0732297	0.953945	-8.45844	0.84031	56.8899	
0.955405	0.00462694	0.295261	0.0181448	0.997068	-0.0743375	-0.294739	0.0763799	0.95252	-8.68693	0.898681	57.6337	
0.954197	0.00494454	0.299139	0.0190877	0.99682	-0.0773628	-0.29857	0.0795292	0.951068	-8.91841	0.959509	58.3764	
0.952971	0.00527533	0.303015	0.0200431	0.996562	-0.0803845	-0.302397	0.0826775	0.94959	-9.15288	1.02279	59.1179	
0.951729	0.00561933	0.306889	0.021011	0.996294	-0.0834024	-0.30622	0.0858245	0.948084	-9.39033	1.08854	59.8583	
0.950469	0.00597652	0.310761	0.0219913	0.996016	-0.0864164	-0.310039	0.0889702	0.946552	-9.63077	1.15673	60.5975	
0.949193	0.00634689	0.314629	0.0229841	0.995728	-0.0894263	-0.313853	0.0921143	0.944993	-9.87418	1.22738	61.3355	
0.947901	0.00673043	0.318495	0.0239892	0.99543	-0.0924319	-0.317661	0.0952567	0.943407	-10.1206	1.30049	62.0722	
0.946591	0.00712713	0.322357	0.0250067	0.995122	-0.0954331	-0.321464	0.0983972	0.941795	-10.3699	1.37604	62.8078	
0.945266	0.00753696	0.326214	0.0260365	0.994803	-0.0984297	-0.325261	0.101536	0.940157	-10.6222	1.45405	63.542	
0.943924	0.0079599	0.330068	0.0270785	0.994475	-0.101422	-0.329051	0.104672	0.938493	-10.8775	1.5345	64.275	
0.942566	0.00839592	0.333916	0.0281328	0.994136	-0.104409	-0.332834	0.107806	0.936803	-11.1358	1.6174	65.0066	
0.941191	0.008845	0.337759	0.0291993	0.993788	-0.107391	-0.336611	0.110938	0.935086	-11.3969	1.70274	65.7369	
0.939801	0.0093071	0.341596	0.030278	0.99343	-0.110368	-0.340379	0.114067	0.933344	-11.6611	1.79053	66.4659	
0.938395	0.00978219	0.345427	0.0313687	0.993061	-0.113339	-0.344139	0.117193	0.931576	-11.9281	1.88075	67.1935	
0.936973	0.0102702	0.349252	0.0324715	0.992683	-0.116306	-0.347891	0.120316	0.929783	-12.1981	1.97342	67.9197	
0.935535	0.0107711	0.35307	0.0335863	0.992294	-0.119266	-0.351633	0.123436	0.927964	-12.4711	2.06852	68.6445	
0.934082	0.0112849	0.35688	0.0347131	0.991896	-0.122221	-0.355367	0.126553	0.92612	-12.7469	2.16605	69.3679	
0.932614	0.0118115	0.360683	0.0358518	0.991487	-0.12517	-0.359091	0.129667	0.924251	-13.0256	2.26602	70.0898	
0.932429	0.0118833	0.361158	0.0428517	0.98877	-0.143167	-0.358804	0.148969	0.921449	-13.3057	2.37473	70.81	
0.932244	0.011965	0.361632	0.0498448	0.985678	-0.161106	-0.358381	0.168216	0.918296	-13.5856	2.49848	71.5278	
0.932059	0.0120566	0.362105	0.0568283	0.98221	-0.17898	-0.357821	0.187398	0.914793	-13.865	2.63723	72.243	
0.931875	0.0121581	0.362575	0.0637995	0.978369	-0.196782	-0.357125	0.206508	0.910942	-14.1439	2.79092	72.9553	
0.931691	0.0122695	0.363044	0.0707558	0.974157	-0.214506	-0.356293	0.225541	0.906745	-14.4223	2.95949	73.6645	
0.931508	0.0123906	0.36351	0.0776946	0.969573	-0.232144	-0.355326	0.244487	0.902203	-14.6999	3.14288	74.3703	
0.931325	0.0125214	0.363973	0.0846132	0.964622	-0.249691	-0.354223	0.26334	0.897317	-14.9768	3.34101	75.0724	
