1	0	0	0	1	0	0	0	1	0	0	0	
0.999998	1.80206e-06	-0.00220655	1.80206e-06	0.999999	0.00163337	0.00220655	-0.00163337	0.999996	0.000977902	-0.000723881	0.886363	
0.99999	7.22583e-06	-0.0044185	7.22559e-06	0.999995	0.00327064	0.0044185	-0.00327064	0.999985	0.00391401	-0.00289725	1.77272	
0.999978	1.62974e-05	-0.00663578	1.62964e-05	0.999988	0.00491173	0.00663578	-0.00491173	0.999966	0.00881307	-0.00652353	2.65906	
0.999961	2.90423e-05	-0.00885831	2.90398e-05	0.999979	0.00655659	0.00885831	-0.00655659	0.999939	0.0156798	-0.0116061	3.54538	
0.999939	4.54858e-05	-0.011086	4.54808e-05	0.999966	0.00820516	0.011086	-0.00820516	0.999905	0.0245187	-0.0181482	4.43168	
0.999911	6.56528e-05	-0.0133187	6.56441e-05	0.999951	0.00985737	0.0133187	-0.00985737	0.999863	0.0353345	-0.0261532	5.31794	
0.999879	8.95677e-05	-0.0155565	8.95537e-05	0.999934	0.0115132	0.0155565	-0.0115132	0.999813	0.0481315	-0.0356243	6.20416	
0.999842	0.000117254	-0.0177992	0.000117234	0.999913	0.0131725	0.0177992	-0.0131725	0.999755	0.0629141	-0.0465645	7.09033	
0.999799	0.000148737	-0.0200467	0.000148707	0.99989	0.0148353	0.0200467	-0.0148353	0.999689	0.0796867	-0.058977	7.97645	
0.999751	0.000184038	-0.0222989	0.000183997	0.999864	0.0165014	0.0222989	-0.0165014	0.999615	0.0984535	-0.0728649	8.86251	
0.999698	0.000223181	-0.0245558	0.000223125	0.999835	0.0181709	0.0245558	-0.0181709	0.999533	0.119219	-0.0882311	9.74849	
0.99964	0.000266187	-0.0268173	0.000266115	0.999803	0.0198437	0.0268173	-0.0198437	0.999443	0.141986	-0.105078	10.6344	
0.999577	0.00031308	-0.0290832	0.000312988	0.999768	0.0215197	0.0290832	-0.0215197	0.999345	0.16676	-0.12341	11.5202	
0.999508	0.00036388	-0.0313536	0.000363765	0.999731	0.0231988	0.0313536	-0.0231988	0.999239	0.193545	-0.143228	12.406	
0.999434	0.000418609	-0.0336283	0.000418467	0.99969	0.0248811	0.0336283	-0.0248811	0.999125	0.222344	-0.164537	13.2916	
0.999355	0.000477287	-0.0359073	0.000477114	0.999647	0.0265663	0.0359073	-0.0265663	0.999002	0.253161	-0.187337	14.1771	
0.99927	0.000539934	-0.0381904	0.000539727	0.999601	0.0282545	0.0381904	-0.0282545	0.998871	0.286	-0.211633	15.0626	
0.99918	0.000606571	-0.0404776	0.000606324	0.999551	0.0299456	0.0404776	-0.0299456	0.998732	0.320864	-0.237426	15.9479	
0.999085	0.000677217	-0.0427688	0.000676926	0.999499	0.0316396	0.0427688	-0.0316396	0.998584	0.357757	-0.26472	16.833	
0.998984	0.000751891	-0.0450638	0.000751551	0.999444	0.0333363	0.0450638	-0.0333363	0.998428	0.396683	-0.293516	17.7181	
0.998877	0.000830611	-0.0473627	0.000830216	0.999386	0.0350357	0.0473627	-0.0350357	0.998263	0.437645	-0.323817	18.603	
0.998765	0.000913396	-0.0496654	0.000912941	0.999325	0.0367377	0.0496654	-0.0367377	0.99809	0.480646	-0.355626	19.4877	
0.998648	0.00100026	-0.0519717	0.000999743	0.99926	0.0384424	0.0519717	-0.0384424	0.997908	0.52569	-0.388944	20.3723	
0.998525	0.00109123	-0.0542815	0.00109064	0.999193	0.0401496	0.0542815	-0.0401495	0.997718	0.572779	-0.423775	21.2567	
0.998397	0.00118631	-0.0565948	0.00118564	0.999123	0.0418592	0.0565949	-0.0418592	0.997519	0.621917	-0.460119	22.141	
0.998262	0.00128553	-0.0589116	0.00128477	0.999049	0.0435712	0.0589116	-0.0435712	0.997312	0.673108	-0.497981	23.0251	
0.998123	0.00138889	-0.0612316	0.00138805	0.998973	0.0452856	0.0612316	-0.0452855	0.997096	0.726353	-0.53736	23.909	
0.997977	0.00149642	-0.0635549	0.00149547	0.998894	0.0470022	0.0635549	-0.0470021	0.996871	0.781656	-0.578261	24.7926	
0.997826	0.00160813	-0.0658813	0.00160708	0.998811	0.048721	0.0658813	-0.048721	0.996637	0.83902	-0.620683	25.6761	
0.997669	0.00172403	-0.0682108	0.00172286	0.998726	0.050442	0.0682108	-0.0504419	0.996395	0.898447	-0.66463	26.5594	
0.997507	0.00184415	-0.0705432	0.00184285	0.998637	0.052165	0.0705433	-0.052165	0.996144	0.959941	-0.710104	27.4425	
0.997339	0.00196848	-0.0728786	0.00196705	0.998545	0.0538901	0.0728786	-0.05389	0.995884	1.0235	-0.757106	28.3253	
0.997165	0.00209705	-0.0752167	0.00209548	0.99845	0.0556171	0.0752168	-0.055617	0.995615	1.08914	-0.805637	29.2079	
0.996985	0.00222986	-0.0775576	0.00222814	0.998352	0.057346	0.0775576	-0.0573459	0.995337	1.15684	-0.8557	30.0902	
0.9968	0.00236694	-0.0799011	0.00236506	0.998251	0.0590767	0.0799011	-0.0590766	0.995051	1.22663	-0.907297	30.9724	
0.996609	0.00250829	-0.0822471	0.00250624	0.998146	0.0608092	0.0822472	-0.0608091	0.994755	1.29849	-0.960428	31.8542	
0.996412	0.00265392	-0.0845956	0.0026517	0.998039	0.0625434	0.0845957	-0.0625433	0.994451	1.37243	-1.0151	32.7358	
0.996209	0.00280385	-0.0869465	0.00280143	0.997928	0.0642792	0.0869466	-0.0642791	0.994137	1.44845	-1.0713	33.6171	
0.996	0.00295808	-0.0892996	0.00295547	0.997814	0.0660166	0.0892997	-0.0660165	0.993815	1.52656	-1.12905	34.4981	
0.995786	0.00311663	-0.091655	0.00311381	0.997697	0.0677555	0.0916551	-0.0677554	0.993483	1.60676	-1.18833	35.3788	
0.995566	0.0032795	-0.0940125	0.00327646	0.997577	0.0694959	0.0940126	-0.0694958	0.993142	1.68904	-1.24916	36.2593	
0.995339	0.00344671	-0.0963721	0.00344343	0.997453	0.0712377	0.0963722	-0.0712375	0.992793	1.77342	-1.31153	37.1394	
0.995107	0.00361826	-0.0987335	0.00361474	0.997327	0.0729807	0.0987337	-0.0729805	0.992434	1.85989	-1.37544	38.0192	
0.994869	0.00379417	-0.101097	0.00379039	0.997197	0.074725	0.101097	-0.0747249	0.992066	1.94845	-1.4409	38.8987	
0.994625	0.00397443	-0.103462	0.00397038	0.997064	0.0764706	0.103462	-0.0764704	0.991689	2.0391	-1.50791	39.7779	
0.994376	0.00415906	-0.105829	0.00415473	0.996928	0.0782172	0.105829	-0.078217	0.991303	2.13186	-1.57647	40.6567	
0.99412	0.00434806	-0.108197	0.00434344	0.996788	0.079965	0.108197	-0.0799647	0.990908	2.22671	-1.64657	41.5352	
0.993858	0.00454144	-0.110567	0.00453651	0.996646	0.0817137	0.110567	-0.0817134	0.990504	2.32366	-1.71822	42.4133	
0.993591	0.00473921	-0.112939	0.00473396	0.9965	0.0834634	0.112939	-0.0834631	0.99009	2.42272	-1.79143	43.2911	
0.993317	0.00494137	-0.115311	0.00493578	0.99635	0.0852139	0.115312	-0.0852136	0.989668	2.52387	-1.86618	44.1685	
0.993038	0.00514793	-0.117685	0.00514199	0.996198	0.0869653	0.117686	-0.0869649	0.989236	2.62713	-1.94249	45.0455	
0.992752	0.00535889	-0.120061	0.00535259	0.996042	0.0887174	0.120061	-0.088717	0.988795	2.7325	-2.02035	45.9221	
0.992461	0.00557426	-0.122437	0.00556757	0.995884	0.0904703	0.122437	-0.0904698	0.988344	2.83997	-2.09976	46.7984	
0.992163	0.00579403	-0.124814	0.00578695	0.995721	0.0922237	0.124815	-0.0922233	0.987885	2.94955	-2.18072	47.6742	
0.99186	0.00601822	-0.127193	0.00601073	0.995556	0.0939777	0.127193	-0.0939773	0.987416	3.06123	-2.26324	48.5496	
0.99155	0.00624682	-0.129572	0.00623891	0.995388	0.0957323	0.129572	-0.0957317	0.986938	3.17503	-2.34732	49.4246	
0.991235	0.00647984	-0.131952	0.00647149	0.995216	0.0974872	0.131952	-0.0974867	0.986451	3.29093	-2.43295	50.2992	
0.990914	0.00671728	-0.134332	0.00670847	0.995041	0.0992426	0.134333	-0.099242	0.985954	3.40894	-2.52014	51.1733	
0.990586	0.00695914	-0.136713	0.00694985	0.994862	0.100998	0.136714	-0.100998	0.985449	3.52907	-2.60888	52.047	
0.989821	0.00751549	-0.142122	0.00704731	0.994792	0.101687	0.142146	-0.101653	0.984612	3.65265	-2.69869	52.9201	
0.989025	0.00807577	-0.147529	0.00714937	0.99472	0.10238	0.147577	-0.102311	0.983745	3.78105	-2.78909	53.7924	
0.988199	0.00863997	-0.152934	0.00725604	0.994647	0.103078	0.153006	-0.102971	0.982846	3.91426	-2.88006	54.664	
0.987342	0.00920809	-0.158337	0.00736735	0.994573	0.10378	0.158433	-0.103633	0.981916	4.05229	-2.97163	55.5347	
0.986456	0.00978011	-0.163736	0.0074833	0.994498	0.104486	0.163858	-0.104297	0.980955	4.19512	-3.06378	56.4047	
0.985539	0.010356	-0.169133	0.0076039	0.994422	0.105196	0.169279	-0.104961	0.979963	4.34276	-3.15652	57.2737	
0.984592	0.0109358	-0.174527	0.00772915	0.994346	0.10591	0.174698	-0.105627	0.97894	4.49521	-3.24985	58.1419	
0.983614	0.0115195	-0.179916	0.00785905	0.994268	0.106626	0.180113	-0.106293	0.977886	4.65245	-3.34377	59.0091	
0.982607	0.012107	-0.185302	0.0079936	0.99419	0.107345	0.185525	-0.106959	0.976801	4.8145	-3.43828	59.8754	
0.98157	0.0126984	-0.190682	0.00813277	0.99411	0.108067	0.190932	-0.107626	0.975685	4.98134	-3.53338	60.7407	
0.980502	0.0132936	-0.196058	0.00827656	0.99403	0.108791	0.196334	-0.108293	0.974539	5.15297	-3.62907	61.605	
0.979405	0.0138926	-0.201429	0.00842494	0.993949	0.109517	0.201732	-0.108959	0.973361	5.32938	-3.72535	62.4683	
0.978277	0.0144953	-0.206794	0.00857788	0.993867	0.110245	0.207124	-0.109624	0.972153	5.51058	-3.82222	63.3305	
0.97712	0.0151019	-0.212153	0.00873536	0.993785	0.110974	0.21251	-0.110288	0.970915	5.69656	-3.91968	64.1916	
0.975933	0.0157121	-0.217505	0.00889734	0.993702	0.111705	0.21789	-0.110951	0.969646	5.8873	-4.01773	65.0516	
0.974716	0.016326	-0.222851	0.00906378	0.993618	0.112436	0.223264	-0.111613	0.968347	6.08281	-4.11637	65.9105	
0.973469	0.0169436	-0.22819	0.00923464	0.993533	0.113167	0.228631	-0.112272	0.967017	6.28309	-4.21559	66.7682	
0.972193	0.0175648	-0.233521	0.00940986	0.993448	0.1139	0.233991	-0.11293	0.965658	6.48811	-4.3154	67.6248	
0.970887	0.0181896	-0.238844	0.0095894	0.993362	0.114632	0.239344	-0.113585	0.964268	6.69789	-4.41578	68.4801	
0.969552	0.018818	-0.24416	0.0097732	0.993275	0.115363	0.244689	-0.114237	0.962849	6.9124	-4.51675	69.3341	
0.968188	0.0194499	-0.249466	0.0099612	0.993188	0.116095	0.250025	-0.114886	0.961399	7.13165	-4.61829	70.1869	
0.966795	0.0200852	-0.254764	0.0101533	0.993101	0.116825	0.255353	-0.115532	0.95992	7.35563	-4.72041	71.0384	
0.961217	0.022434	-0.27488	0.00828063	0.993889	0.110071	0.27567	-0.108079	0.955157	7.59097	-4.81952	71.8872	
0.955214	0.0246256	-0.294891	0.00626513	0.994625	0.103353	0.295851	-0.100572	0.949925	7.84427	-4.91199	72.7315	
0.948788	0.026659	-0.314786	0.00410781	0.995308	0.0966731	0.315886	-0.0930154	0.944227	8.11539	-4.99779	73.571	
0.941943	0.0285332	-0.334558	0.00180971	0.995937	0.0900351	0.335767	-0.0854134	0.938064	8.40421	-5.07687	74.4053	
0.934683	0.0302472	-0.354194	-0.000628024	0.996512	0.0834422	0.355483	-0.0777695	0.931442	8.71057	-5.14919	75.2338	
0.927009	0.0318003	-0.373687	-0.0032042	0.997034	0.0768976	0.375024	-0.0700874	0.924362	9.03433	-5.21472	76.0563	
0.918928	0.0331916	-0.393027	-0.00591756	0.997501	0.0704045	0.394382	-0.0623709	0.916828	9.37533	-5.27343	76.8723	
0.910441	0.0344205	-0.412203	-0.00876676	0.997914	0.0639662	0.413545	-0.0546238	0.908844	9.7334	-5.32528	77.6815	
0.901555	0.0354864	-0.431207	-0.0117504	0.998271	0.0575857	0.432506	-0.0468498	0.900413	10.1084	-5.37025	78.4833	
0.892272	0.0363887	-0.45003	-0.014867	0.998574	0.0512663	0.451254	-0.0390528	0.891541	10.5001	-5.40832	79.2775	
0.882598	0.037127	-0.468661	-0.0181151	0.998822	0.045011	0.46978	-0.0312367	0.882231	10.9083	-5.43948	80.0637	
0.872536	0.0377009	-0.487092	-0.0214931	0.999015	0.0388228	0.488076	-0.0234052	0.872487	11.3328	-5.46369	80.8413	
0.862093	0.0381102	-0.505314	-0.0249992	0.999152	0.032705	0.506132	-0.0155623	0.862315	11.7734	-5.48096	81.6102	
0.851274	0.0383547	-0.523318	-0.0286318	0.999234	0.0266603	0.52394	-0.00771167	0.85172	12.2299	-5.49128	82.3699	
0.840083	0.0384342	-0.541095	-0.0323891	0.999261	0.0206919	0.541491	0.000142718	0.840707	12.7021	-5.49463	83.12	
0.828526	0.0383487	-0.558636	-0.0362693	0.999232	0.0148025	0.558775	0.00799704	0.829281	13.1898	-5.49103	83.8601	
0.816609	0.0380982	-0.575933	-0.0402704	0.999148	0.00899526	0.575785	0.0158474	0.817447	13.6926	-5.48046	84.5899	
0.804337	0.0376829	-0.592977	-0.0443904	0.999009	0.00327286	0.592513	0.02369	0.805213	14.2104	-5.46293	85.3091	
