1	0	0	0	1	0	0	0	1	0	0	0	
0.999993	1.8763e-06	-0.00362434	1.8763e-06	0.999999	0.00103538	0.00362434	-0.00103538	0.999993	0.00144608	-0.000413108	0.797978	
0.999974	7.51508e-06	-0.00725136	7.52361e-06	0.999998	0.00207388	0.00725136	-0.00207388	0.999972	0.00578537	-0.00165368	1.59594	
0.999941	1.69332e-05	-0.010881	1.69673e-05	0.999995	0.00311548	0.010881	-0.00311548	0.999936	0.01302	-0.00372418	2.39389	
0.999895	3.01472e-05	-0.014513	3.02326e-05	0.999991	0.00416014	0.014513	-0.00416014	0.999886	0.0231519	-0.00662709	3.1918	
0.999835	4.71735e-05	-0.0181475	4.73445e-05	0.999986	0.00520785	0.0181475	-0.00520786	0.999822	0.0361832	-0.0103648	3.98966	
0.999763	6.80285e-05	-0.0217843	6.83279e-05	0.99998	0.00625859	0.0217843	-0.00625859	0.999743	0.0521156	-0.0149398	4.78747	
0.999677	9.2728e-05	-0.0254232	9.32074e-05	0.999973	0.00731232	0.0254232	-0.00731232	0.99965	0.0709509	-0.0203545	5.58521	
0.999578	0.000121288	-0.0290643	0.000122008	0.999965	0.00836902	0.0290643	-0.00836903	0.999543	0.0926909	-0.0266112	6.38287	
0.999465	0.000153724	-0.0327074	0.000154753	0.999956	0.00942868	0.0327074	-0.0094287	0.99942	0.117337	-0.0337123	7.18043	
0.999339	0.000190051	-0.0363523	0.000191468	0.999945	0.0104913	0.0363523	-0.0104913	0.999284	0.144891	-0.0416602	7.9779	
0.9992	0.000230286	-0.0399991	0.000232175	0.999933	0.0115567	0.0399991	-0.0115568	0.999133	0.175355	-0.0504572	8.77525	
0.999047	0.000274441	-0.0436476	0.0002769	0.99992	0.0126251	0.0436476	-0.0126252	0.998967	0.208729	-0.0601055	9.57247	
0.998881	0.000322534	-0.0472978	0.000325666	0.999906	0.0136963	0.0472977	-0.0136964	0.998787	0.245015	-0.0706076	10.3696	
0.998701	0.000374578	-0.0509494	0.000378495	0.999891	0.0147703	0.0509494	-0.0147704	0.998592	0.284215	-0.0819656	11.1665	
0.998508	0.000430587	-0.0546025	0.000435412	0.999874	0.0158472	0.0546025	-0.0158473	0.998382	0.326329	-0.0941817	11.9633	
0.998302	0.000490576	-0.0582569	0.00049644	0.999857	0.0169268	0.0582569	-0.016927	0.998158	0.371359	-0.107258	12.7599	
0.998081	0.000554559	-0.0619126	0.000561601	0.999838	0.0180091	0.0619125	-0.0180094	0.997919	0.419306	-0.121198	13.5563	
0.997848	0.00062255	-0.0655694	0.000630918	0.999817	0.0190942	0.0655693	-0.0190945	0.997665	0.47017	-0.136002	14.3525	
0.997601	0.000694562	-0.0692272	0.000704413	0.999796	0.020182	0.0692271	-0.0201823	0.997397	0.523952	-0.151673	15.1485	
0.99734	0.000770609	-0.072886	0.00078211	0.999773	0.0212724	0.0728859	-0.0212729	0.997113	0.580654	-0.168213	15.9443	
0.997066	0.000850703	-0.0765457	0.000864029	0.999749	0.0223655	0.0765455	-0.022366	0.996815	0.640275	-0.185625	16.7399	
0.996778	0.000934859	-0.0802061	0.000950194	0.999724	0.0234612	0.0802059	-0.0234619	0.996502	0.702818	-0.203909	17.5352	
0.996476	0.00102309	-0.0838671	0.00104063	0.999698	0.0245595	0.0838669	-0.0245603	0.996174	0.768281	-0.22307	18.3302	
0.996161	0.0011154	-0.0875288	0.00113535	0.99967	0.0256604	0.0875285	-0.0256613	0.995831	0.836666	-0.243108	19.125	
0.995833	0.00121182	-0.0911909	0.00123438	0.999641	0.0267638	0.0911906	-0.0267648	0.995474	0.907974	-0.264025	19.9195	
0.99549	0.00131234	-0.0948534	0.00133774	0.999611	0.0278697	0.0948531	-0.0278709	0.995101	0.982203	-0.285824	20.7138	
0.995134	0.00141699	-0.0985162	0.00144545	0.999579	0.0289781	0.0985158	-0.0289795	0.994713	1.05936	-0.308507	21.5077	
0.994765	0.00152578	-0.102179	0.00155754	0.999546	0.030089	0.102179	-0.0300906	0.994311	1.13943	-0.332076	22.3013	
0.994382	0.00163871	-0.105842	0.00167402	0.999512	0.0312022	0.105842	-0.0312041	0.993893	1.22243	-0.356532	23.0945	
0.993985	0.00175579	-0.109505	0.00179491	0.999476	0.0323179	0.109505	-0.0323201	0.993461	1.30835	-0.381877	23.8875	
0.993574	0.00187705	-0.113168	0.00192023	0.999439	0.033436	0.113168	-0.0334384	0.993013	1.39719	-0.408114	24.6801	
0.99315	0.00200249	-0.116831	0.00205002	0.999401	0.0345564	0.11683	-0.0345591	0.99255	1.48896	-0.435244	25.4723	
0.992712	0.00213211	-0.120494	0.00218427	0.999361	0.0356791	0.120493	-0.0356822	0.992073	1.58365	-0.46327	26.2641	
0.99226	0.00226594	-0.124156	0.00232302	0.99932	0.0368041	0.124155	-0.0368076	0.99158	1.68126	-0.492193	27.0556	
0.991795	0.00240398	-0.127818	0.00246628	0.999277	0.0379313	0.127816	-0.0379353	0.991072	1.7818	-0.522015	27.8466	
0.991316	0.00254624	-0.131479	0.00261407	0.999233	0.0390608	0.131477	-0.0390653	0.990549	1.88525	-0.552737	28.6373	
0.990823	0.00269274	-0.135139	0.00276641	0.999188	0.0401925	0.135138	-0.0401975	0.990011	1.99163	-0.584362	29.4275	
0.990317	0.00284347	-0.138799	0.00292333	0.999141	0.0413263	0.138797	-0.0413319	0.989458	2.10093	-0.616892	30.2173	
0.989796	0.00299846	-0.142458	0.00308483	0.999093	0.0424623	0.142456	-0.0424685	0.98889	2.21314	-0.650327	31.0067	
0.989262	0.0031577	-0.146116	0.00325093	0.999044	0.0436005	0.146114	-0.0436073	0.988306	2.32828	-0.684671	31.7955	
0.988715	0.00332122	-0.149773	0.00342166	0.998993	0.0447407	0.14977	-0.0447482	0.987708	2.44634	-0.719924	32.5839	
0.988154	0.00348901	-0.153428	0.00359704	0.99894	0.0458829	0.153426	-0.0458913	0.987094	2.56731	-0.756088	33.3719	
0.987579	0.0036611	-0.157083	0.00377707	0.998886	0.0470272	0.15708	-0.0470364	0.986465	2.6912	-0.793165	34.1593	
0.98699	0.00383747	-0.160736	0.00396178	0.998831	0.0481735	0.160733	-0.0481835	0.985821	2.818	-0.831157	34.9462	
0.986388	0.00401815	-0.164388	0.00415119	0.998774	0.0493217	0.164385	-0.0493327	0.985162	2.94772	-0.870065	35.7326	
0.985771	0.00420314	-0.168039	0.00434531	0.998716	0.0504719	0.168035	-0.0504839	0.984487	3.08035	-0.909891	36.5185	
0.985142	0.00439246	-0.171687	0.00454415	0.998656	0.051624	0.171683	-0.0516371	0.983798	3.2159	-0.950636	37.3038	
0.984498	0.0045861	-0.175335	0.00474774	0.998595	0.052778	0.17533	-0.0527922	0.983093	3.35435	-0.992302	38.0886	
0.983841	0.00478407	-0.17898	0.00495609	0.998532	0.0539338	0.178975	-0.0539493	0.982373	3.49572	-1.03489	38.8728	
0.98317	0.00498639	-0.182623	0.00516922	0.998468	0.0550914	0.182618	-0.0551082	0.981638	3.63999	-1.0784	39.6564	
0.982486	0.00519305	-0.186265	0.00538715	0.998402	0.0562508	0.186259	-0.056269	0.980888	3.78717	-1.12284	40.4395	
0.981788	0.00540408	-0.189904	0.00560988	0.998335	0.057412	0.189899	-0.0574317	0.980123	3.93725	-1.16821	41.2219	
0.981076	0.00561946	-0.193542	0.00583744	0.998266	0.0585748	0.193535	-0.0585962	0.979342	4.09024	-1.2145	42.0037	
0.980351	0.00583921	-0.197177	0.00606983	0.998196	0.0597394	0.19717	-0.0597624	0.978546	4.24613	-1.26173	42.7849	
0.979611	0.00606334	-0.20081	0.00630708	0.998124	0.0609057	0.200802	-0.0609304	0.977735	4.40491	-1.30988	43.5654	
0.978789	0.00631882	-0.204775	0.00714021	0.997865	0.0649206	0.204748	-0.0650056	0.976654	4.56672	-1.36013	44.3452	
0.977948	0.00659145	-0.208744	0.00798985	0.997589	0.0689324	0.208695	-0.0690802	0.975538	4.73168	-1.41363	45.1241	
0.97709	0.00688129	-0.212717	0.00885603	0.997297	0.072941	0.212644	-0.0731537	0.974387	4.89979	-1.47038	45.9021	
0.976213	0.0071884	-0.216695	0.00973874	0.996988	0.0769461	0.216595	-0.0772261	0.973202	5.07106	-1.53038	46.6792	
0.975318	0.0075128	-0.220675	0.010638	0.996662	0.0809476	0.220547	-0.0812972	0.971982	5.24547	-1.59363	47.4553	
0.974406	0.00785454	-0.224659	0.0115538	0.996319	0.0849452	0.224499	-0.0853667	0.970728	5.42304	-1.66012	48.2304	
0.973475	0.00821366	-0.228645	0.0124861	0.995959	0.0889387	0.228451	-0.0894345	0.969439	5.60376	-1.72987	49.0045	
0.972527	0.00859018	-0.232633	0.013435	0.995582	0.0929279	0.232403	-0.0935003	0.968115	5.78764	-1.80286	49.7776	
0.97156	0.00898413	-0.236622	0.0144003	0.995189	0.0969127	0.236354	-0.0975639	0.966756	5.97467	-1.87909	50.5496	
0.970576	0.00939553	-0.240613	0.0153822	0.994778	0.100893	0.240304	-0.101625	0.965363	6.16485	-1.95857	51.3205	
0.969573	0.0098244	-0.244604	0.0163807	0.994351	0.104868	0.244253	-0.105684	0.963935	6.35819	-2.04128	52.0902	
0.968553	0.0102707	-0.248595	0.0173956	0.993907	0.108838	0.248199	-0.10974	0.962473	6.55467	-2.12723	52.8589	
0.967515	0.0107346	-0.252587	0.018427	0.993446	0.112803	0.252142	-0.113793	0.960976	6.7543	-2.21642	53.6263	
0.966459	0.0112159	-0.256577	0.0194749	0.992969	0.116763	0.256083	-0.117843	0.959445	6.95708	-2.30884	54.3925	
0.965385	0.0117147	-0.260567	0.0205392	0.992474	0.120717	0.26002	-0.12189	0.957879	7.163	-2.40449	55.1575	
0.964293	0.012231	-0.264554	0.0216199	0.991963	0.124665	0.263953	-0.125933	0.956279	7.37206	-2.50337	55.9213	
0.963184	0.0127648	-0.26854	0.0227171	0.991435	0.128607	0.267882	-0.129973	0.954645	7.58426	-2.60548	56.6837	
0.962057	0.0133161	-0.272524	0.0238307	0.990891	0.132543	0.271806	-0.134009	0.952976	7.79959	-2.7108	57.4448	
0.960912	0.0138848	-0.276505	0.0249606	0.990329	0.136473	0.275726	-0.138041	0.951273	8.01805	-2.81935	58.2046	
0.95975	0.0144709	-0.280482	0.0261069	0.989751	0.140397	0.279639	-0.142068	0.949536	8.23964	-2.93111	58.963	
0.958571	0.0150744	-0.284456	0.0272695	0.989156	0.144313	0.283547	-0.146091	0.947765	8.46434	-3.04608	59.72	
0.957374	0.0156954	-0.288426	0.0284484	0.988545	0.148223	0.287448	-0.15011	0.94596	8.69216	-3.16426	60.4756	
0.956159	0.0163336	-0.292391	0.0296435	0.987917	0.152126	0.291342	-0.154124	0.944122	8.9231	-3.28565	61.2297	
0.954928	0.0169891	-0.296351	0.0308548	0.987272	0.156021	0.29523	-0.158133	0.942249	9.15713	-3.41024	61.9824	
0.953679	0.017662	-0.300306	0.0320824	0.98661	0.159909	0.299109	-0.162137	0.940343	9.39427	-3.53802	62.7335	
0.952414	0.018352	-0.304255	0.033326	0.985932	0.16379	0.302981	-0.166136	0.938404	9.6345	-3.669	63.4831	
0.951131	0.0190592	-0.308198	0.0345858	0.985237	0.167663	0.306844	-0.170129	0.936431	9.87781	-3.80317	64.2311	
0.949832	0.0197835	-0.312134	0.0358616	0.984526	0.171528	0.310698	-0.174117	0.934425	10.1242	-3.94052	64.9776	
0.948516	0.0205248	-0.316063	0.0371534	0.983799	0.175385	0.314542	-0.178099	0.932386	10.3737	-4.08105	65.7224	
0.947183	0.0212831	-0.319985	0.0384612	0.983054	0.179234	0.318378	-0.182075	0.930314	10.6262	-4.22475	66.4656	
0.945834	0.0220584	-0.323899	0.039785	0.982294	0.183075	0.322202	-0.186045	0.92821	10.8818	-4.37163	67.2072	
0.944469	0.0228505	-0.327805	0.0411246	0.981516	0.186907	0.326017	-0.190009	0.926072	11.1404	-4.52167	67.947	
0.943087	0.0236594	-0.331702	0.04248	0.980723	0.19073	0.329821	-0.193966	0.923902	11.4021	-4.67488	68.6851	
0.94169	0.024485	-0.33559	0.0438512	0.979913	0.194545	0.333613	-0.197917	0.9217	11.6668	-4.83123	69.4215	
0.940276	0.0253272	-0.339469	0.0452381	0.979087	0.19835	0.337393	-0.201861	0.919466	11.9345	-4.99074	70.1561	
0.93915	0.0260309	-0.342521	0.0518962	0.974928	0.216385	0.339566	-0.220994	0.914252	12.2046	-5.15946	70.8878	
0.938016	0.0267981	-0.345554	0.0585957	0.970393	0.234314	0.341603	-0.240039	0.908674	12.4764	-5.34342	71.6151	
0.936876	0.0276286	-0.348569	0.0653339	0.965485	0.25213	0.343504	-0.258988	0.902735	12.7498	-5.54253	72.3379	
0.93573	0.0285219	-0.351563	0.0721082	0.960205	0.269826	0.345269	-0.277834	0.896436	13.0246	-5.75672	73.0558	
0.934578	0.0294779	-0.354536	0.0789158	0.954556	0.287393	0.346896	-0.29657	0.889781	13.3008	-5.98591	73.7685	
0.933421	0.0304959	-0.357485	0.0857541	0.948539	0.304827	0.348385	-0.315188	0.882771	13.5782	-6.23	74.4757	
0.932259	0.0315758	-0.360411	0.0926203	0.942157	0.322119	0.349735	-0.33368	0.87541	13.8567	-6.4889	75.1773	
0.931093	0.0327169	-0.363312	0.0995117	0.935413	0.339263	0.350947	-0.352039	0.867701	14.1363	-6.76251	75.8728	
0.929923	0.033919	-0.366187	0.106426	0.928309	0.356252	0.352018	-0.370259	0.859646	14.4168	-7.05071	76.562	
