1	0	0	0	1	0	0	0	1	0	0	0	
1	1.73855e-06	0.000993653	1.73855e-06	0.999994	-0.00349929	-0.000993653	0.00349929	0.999993	-0.000421048	0.00148278	0.847473	
0.999998	6.96164e-06	0.00198842	6.96086e-06	0.999975	-0.0070017	-0.00198842	0.0070017	0.999974	-0.00168466	0.00593245	1.69493	
0.999996	1.56801e-05	0.00298427	1.56769e-05	0.999945	-0.0105071	-0.00298427	0.0105071	0.99994	-0.00379178	0.0133516	2.54237	
0.999992	2.79044e-05	0.00398117	2.78966e-05	0.999902	-0.0140155	-0.00398117	0.0140155	0.999894	-0.0067433	0.0237428	3.38978	
0.999988	4.3645e-05	0.0049791	4.36292e-05	0.999846	-0.0175267	-0.0049791	0.0175267	0.999834	-0.0105401	0.0371084	4.23714	
0.999982	6.29117e-05	0.00597802	6.2884e-05	0.999779	-0.0210405	-0.00597802	0.0210405	0.999761	-0.015183	0.0534507	5.08444	
0.999976	8.57144e-05	0.00697791	8.56701e-05	0.999698	-0.024557	-0.00697791	0.024557	0.999674	-0.020673	0.0727721	5.93168	
0.999968	0.000112063	0.00797874	0.000111996	0.999606	-0.028076	-0.00797874	0.028076	0.999574	-0.0270107	0.0950747	6.77884	
0.99996	0.000141965	0.00898047	0.00014187	0.999501	-0.0315974	-0.00898047	0.0315974	0.99946	-0.0341969	0.120361	7.6259	
0.99995	0.000175432	0.00998308	0.000175301	0.999383	-0.035121	-0.00998309	0.035121	0.999333	-0.0422325	0.148632	8.47287	
0.99994	0.000212471	0.0109865	0.000212296	0.999253	-0.0386469	-0.0109866	0.0386469	0.999193	-0.0511181	0.17989	9.31972	
0.999928	0.000253091	0.0119908	0.000252864	0.99911	-0.0421748	-0.0119908	0.0421748	0.999038	-0.0608545	0.214137	10.1664	
0.999916	0.0002973	0.0129959	0.000297011	0.998955	-0.0457048	-0.0129959	0.0457048	0.99887	-0.0714423	0.251375	11.013	
0.999902	0.000345106	0.0140017	0.000344744	0.998787	-0.0492366	-0.0140017	0.0492366	0.998689	-0.0828823	0.291605	11.8595	
0.999887	0.000396517	0.0150083	0.000396071	0.998607	-0.0527701	-0.0150083	0.0527701	0.998494	-0.0951749	0.334829	12.7058	
0.999872	0.00045154	0.0160156	0.000450998	0.998413	-0.0563054	-0.0160156	0.0563054	0.998285	-0.108321	0.381049	13.5519	
0.999855	0.000510182	0.0170235	0.000509531	0.998208	-0.0598422	-0.0170235	0.0598422	0.998063	-0.122321	0.430265	14.3978	
0.999837	0.00057245	0.0180321	0.000571677	0.997989	-0.0633805	-0.0180321	0.0633805	0.997827	-0.137175	0.482479	15.2435	
0.999818	0.000638351	0.0190413	0.000637442	0.997758	-0.0669201	-0.0190413	0.0669201	0.997577	-0.152885	0.537692	16.0891	
0.999799	0.000707892	0.0200511	0.00070683	0.997514	-0.070461	-0.0200511	0.070461	0.997313	-0.16945	0.595906	16.9344	
0.999778	0.000781078	0.0210614	0.000779848	0.997258	-0.074003	-0.0210615	0.074003	0.997036	-0.186871	0.657121	17.7794	
0.999756	0.000857915	0.0220723	0.000856499	0.996988	-0.0775461	-0.0220724	0.0775461	0.996744	-0.205148	0.721338	18.6243	
0.999733	0.000938409	0.0230837	0.00093679	0.996706	-0.0810901	-0.0230837	0.0810901	0.996439	-0.224282	0.788558	19.4689	
0.999709	0.00102257	0.0240955	0.00102072	0.996412	-0.084635	-0.0240956	0.084635	0.996121	-0.244274	0.858782	20.3132	
0.999684	0.00111039	0.0251078	0.00110831	0.996104	-0.0881806	-0.0251079	0.0881805	0.995788	-0.265124	0.93201	21.1572	
0.999658	0.00120188	0.0261205	0.00119954	0.995783	-0.0917268	-0.0261206	0.0917268	0.995442	-0.286831	1.00824	22.001	
0.999631	0.00129706	0.0271335	0.00129443	0.99545	-0.0952736	-0.0271337	0.0952735	0.995081	-0.309397	1.08748	22.8445	
0.999603	0.00139591	0.0281469	0.00139298	0.995104	-0.0988207	-0.0281471	0.0988207	0.994707	-0.332821	1.16973	23.6876	
0.999574	0.00149845	0.0291607	0.00149519	0.994745	-0.102368	-0.0291608	0.102368	0.994319	-0.357105	1.25498	24.5304	
0.999543	0.00160467	0.0301747	0.00160107	0.994374	-0.105916	-0.0301749	0.105916	0.993917	-0.382248	1.34324	25.3729	
0.999512	0.00171459	0.031189	0.00171061	0.993989	-0.109464	-0.0311892	0.109464	0.993501	-0.40825	1.4345	26.2151	
0.99948	0.00182821	0.0322035	0.00182382	0.993592	-0.113012	-0.0322037	0.113012	0.993072	-0.435112	1.52877	27.0569	
0.999446	0.00194552	0.0332182	0.00194071	0.993182	-0.116559	-0.0332185	0.116559	0.992628	-0.462834	1.62605	27.8983	
0.999412	0.00206654	0.0342331	0.00206127	0.992759	-0.120107	-0.0342334	0.120107	0.992171	-0.491416	1.72634	28.7393	
0.999376	0.00219126	0.0352481	0.00218551	0.992323	-0.123654	-0.0352485	0.123654	0.991699	-0.520858	1.82963	29.58	
0.99934	0.00231968	0.0362633	0.00231343	0.991874	-0.127201	-0.0362637	0.127201	0.991214	-0.55116	1.93592	30.4202	
0.999302	0.00245181	0.0372785	0.00244502	0.991413	-0.130748	-0.0372789	0.130747	0.990715	-0.582323	2.04523	31.26	
0.999263	0.00258766	0.0382938	0.00258029	0.990938	-0.134293	-0.0382943	0.134293	0.990201	-0.614346	2.15753	32.0994	
0.999223	0.00272721	0.0393091	0.00271925	0.990451	-0.137838	-0.0393097	0.137838	0.989674	-0.64723	2.27285	32.9383	
0.999183	0.00287047	0.0403244	0.00286188	0.989951	-0.141383	-0.040325	0.141382	0.989133	-0.680974	2.39116	33.7768	
0.999141	0.00301745	0.0413397	0.0030082	0.989438	-0.144926	-0.0413404	0.144926	0.988579	-0.715579	2.51248	34.6149	
0.999098	0.00316815	0.0423549	0.00315819	0.988912	-0.148468	-0.0423556	0.148468	0.98801	-0.751044	2.6368	35.4524	
0.999054	0.00332255	0.04337	0.00331187	0.988373	-0.15201	-0.0433708	0.152009	0.987427	-0.78737	2.76413	36.2895	
0.999008	0.00348068	0.044385	0.00346922	0.987822	-0.15555	-0.0443859	0.155549	0.98683	-0.824556	2.89445	37.1261	
0.998962	0.00364251	0.0453999	0.00363026	0.987258	-0.159088	-0.0454009	0.159088	0.98622	-0.862602	3.02778	37.9621	
0.998915	0.00380806	0.0464146	0.00379497	0.986681	-0.162626	-0.0464156	0.162625	0.985596	-0.901508	3.1641	38.7977	
0.998867	0.00397733	0.047429	0.00396336	0.986091	-0.166161	-0.0474302	0.166161	0.984957	-0.941274	3.30342	39.6326	
0.998817	0.0041503	0.0484433	0.00413542	0.985488	-0.169695	-0.0484445	0.169695	0.984305	-0.981899	3.44573	40.4671	
0.998767	0.00432699	0.0494572	0.00431115	0.984872	-0.173228	-0.0494586	0.173227	0.983639	-1.02338	3.59104	41.301	
0.998715	0.00450739	0.0504709	0.00449056	0.984244	-0.176758	-0.0504724	0.176758	0.982959	-1.06573	3.73934	42.1343	
0.998663	0.00469149	0.0514842	0.00467363	0.983603	-0.180287	-0.0514858	0.180287	0.982266	-1.10893	3.89064	42.9671	
0.998609	0.0048793	0.0524972	0.00486036	0.982949	-0.183814	-0.052499	0.183813	0.981558	-1.153	4.04492	43.7992	
0.998554	0.00507082	0.0535098	0.00505076	0.982282	-0.187338	-0.0535117	0.187338	0.980837	-1.19792	4.20219	44.6307	
0.998499	0.00526603	0.054522	0.00524482	0.981603	-0.190861	-0.0545241	0.19086	0.980102	-1.24369	4.36245	45.4617	
0.998442	0.00546495	0.0555338	0.00544253	0.980911	-0.194381	-0.055536	0.19438	0.979353	-1.29033	4.52569	46.292	
0.998384	0.00566756	0.056545	0.0056439	0.980206	-0.197898	-0.0565474	0.197897	0.97859	-1.33783	4.69191	47.1216	
0.998325	0.00587387	0.0575558	0.00584891	0.979489	-0.201413	-0.0575584	0.201412	0.977814	-1.38618	4.86111	47.9506	
0.998275	0.00604641	0.0583924	0.00587691	0.979392	-0.201885	-0.0584097	0.20188	0.977667	-1.43532	5.032	48.7792	
0.998225	0.00621976	0.0592309	0.00590534	0.979294	-0.202358	-0.0592631	0.202348	0.977519	-1.48518	5.20329	49.6077	
0.998174	0.00639393	0.0600713	0.00593418	0.979196	-0.20283	-0.0601184	0.202816	0.97737	-1.53577	5.37497	50.4361	
0.998121	0.00656888	0.0609133	0.00596345	0.979098	-0.203302	-0.0609756	0.203284	0.977219	-1.58708	5.54705	51.2643	
0.998068	0.00674461	0.0617571	0.00599314	0.978999	-0.203775	-0.0618345	0.203751	0.977068	-1.63912	5.71953	52.0924	
0.998015	0.0069211	0.0626023	0.00602325	0.978901	-0.204247	-0.0626951	0.204219	0.976916	-1.69188	5.8924	52.9204	
0.99796	0.00709833	0.0634491	0.00605379	0.978802	-0.20472	-0.0635573	0.204686	0.976762	-1.74538	6.06567	53.7482	
0.997904	0.00727628	0.0642972	0.00608476	0.978703	-0.205193	-0.0644209	0.205154	0.976607	-1.79961	6.23933	54.5759	
0.997848	0.00745493	0.0651467	0.00611615	0.978603	-0.205665	-0.065286	0.205621	0.976452	-1.85457	6.4134	55.4035	
0.997791	0.00763428	0.0659973	0.00614796	0.978504	-0.206138	-0.0661523	0.206088	0.976295	-1.91027	6.58785	56.231	
0.997732	0.0078143	0.0668491	0.00618021	0.978404	-0.206611	-0.0670199	0.206555	0.976137	-1.9667	6.7627	57.0583	
0.997674	0.00799497	0.0677019	0.00621289	0.978304	-0.207084	-0.0678886	0.207022	0.975978	-2.02386	6.93795	57.8855	
0.997614	0.00817628	0.0685556	0.00624599	0.978203	-0.207556	-0.0687583	0.207489	0.975818	-2.08177	7.1136	58.7125	
0.997553	0.00835821	0.0694102	0.00627953	0.978102	-0.208029	-0.069629	0.207956	0.975657	-2.14041	7.28964	59.5394	
0.997492	0.00854074	0.0702655	0.00631349	0.978002	-0.208502	-0.0705005	0.208423	0.975495	-2.19978	7.46607	60.3662	
0.99743	0.00872385	0.0711215	0.00634789	0.9779	-0.208975	-0.0713728	0.208889	0.975331	-2.2599	7.6429	61.1929	
0.997366	0.00890753	0.0719781	0.00638272	0.977799	-0.209448	-0.0722458	0.209356	0.975167	-2.32076	7.82013	62.0194	
0.997303	0.00909176	0.0728352	0.00641798	0.977697	-0.209921	-0.0731193	0.209822	0.975002	-2.38235	7.99775	62.8457	
0.997238	0.00927651	0.0736927	0.00645367	0.977595	-0.210394	-0.0739934	0.210289	0.974835	-2.44469	8.17577	63.6719	
0.997172	0.00946178	0.0745505	0.0064898	0.977493	-0.210867	-0.0748678	0.210755	0.974668	-2.50777	8.35418	64.498	
0.997106	0.00964754	0.0754085	0.00652636	0.977391	-0.211341	-0.0757425	0.211221	0.974499	-2.57159	8.53299	65.324	
0.997039	0.00983376	0.0762667	0.00656335	0.977288	-0.211814	-0.0766175	0.211687	0.97433	-2.63615	8.71219	66.1497	
0.996971	0.0100204	0.0771249	0.00660077	0.977185	-0.212287	-0.0774925	0.212153	0.974159	-2.70145	8.89179	66.9754	
0.996902	0.0102076	0.0779831	0.00663863	0.977082	-0.21276	-0.0783676	0.212619	0.973988	-2.7675	9.07178	67.8009	
0.996833	0.0103951	0.0788411	0.00667693	0.976978	-0.213233	-0.0792427	0.213084	0.973815	-2.83428	9.25216	68.6263	
0.996763	0.010583	0.0796989	0.00671565	0.976875	-0.213707	-0.0801175	0.21355	0.973641	-2.90181	9.43294	69.4515	
0.996692	0.0107713	0.0805564	0.00675481	0.976771	-0.21418	-0.0809922	0.214015	0.973467	-2.97008	9.61412	70.2765	
0.996776	0.0105577	0.0795333	0.00505062	0.981081	-0.193533	-0.0800718	0.193311	0.977865	-3.03833	9.78673	71.1034	
0.99686	0.0103659	0.0785057	0.00336628	0.984952	-0.172798	-0.0791155	0.17252	0.981824	-3.10578	9.94175	71.9338	
0.996942	0.0101959	0.0774742	0.00170256	0.988382	-0.151984	-0.0781237	0.151651	0.985342	-3.17241	10.0791	72.7674	
0.997024	0.0100479	0.0764393	6.01908e-05	0.991369	-0.1311	-0.0770969	0.130714	0.988418	-3.23819	10.1988	73.6038	
0.997104	0.00992181	0.0754014	-0.00156008	0.993913	-0.110155	-0.0760354	0.109719	0.99105	-3.30308	10.3007	74.4426	
0.997183	0.00981778	0.0743609	-0.00315752	0.996012	-0.0891597	-0.0749398	0.0886738	0.993238	-3.36706	10.3847	75.2835	
0.997261	0.00973585	0.0733184	-0.00473143	0.997666	-0.0681227	-0.0738105	0.0675892	0.994979	-3.43009	10.4509	76.126	
0.997338	0.00967604	0.0722743	-0.00628108	0.998873	-0.0470536	-0.0726481	0.0464744	0.996274	-3.49215	10.4993	76.9698	
0.997413	0.00963838	0.0712291	-0.0078058	0.999632	-0.0259618	-0.0714532	0.0253386	0.997122	-3.55322	10.5297	77.8145	
0.997488	0.0096229	0.0701832	-0.00930488	0.999945	-0.00485674	-0.0702261	0.00419149	0.997522	-3.61325	10.5422	78.6597	
0.997561	0.00962959	0.0691372	-0.0107777	0.99981	0.016252	-0.0689675	-0.0169575	0.997475	-3.67224	10.5368	79.5051	
0.997632	0.00965846	0.0680914	-0.0122235	0.999227	0.037355	-0.067678	-0.0380989	0.99698	-3.73014	10.5135	80.3503	
0.997703	0.00970949	0.0670463	-0.0136417	0.998198	0.0584428	-0.066358	-0.0592232	0.996037	-3.78694	10.4722	81.1948	
0.997771	0.00978266	0.0660025	-0.0150317	0.996721	0.079506	-0.0650083	-0.0803209	0.994647	-3.8426	10.4131	82.0384	
0.997839	0.00987793	0.0649604	-0.0163928	0.994798	0.100535	-0.0636295	-0.101383	0.992811	-3.89712	10.3361	82.8806	
