1	0	0	0	1	0	0	0	1	0	0	0	
0.999995	5.50671e-06	0.00312872	5.50671e-06	0.999994	-0.00352008	-0.00312872	0.00352008	0.999989	-0.00140872	0.00158493	0.900502	
0.99998	2.20329e-05	0.00625804	2.20359e-05	0.999975	-0.00704179	-0.00625804	0.00704179	0.999956	-0.00563514	0.00634045	1.80098	
0.999956	4.95881e-05	0.00938788	4.95999e-05	0.999944	-0.010565	-0.00938788	0.010565	0.9999	-0.0126798	0.014268	2.70143	
0.999922	8.81812e-05	0.0125181	8.82107e-05	0.999901	-0.0140897	-0.0125181	0.0140897	0.999822	-0.022543	0.0253688	3.60181	
0.999878	0.00013782	0.0156487	0.00013788	0.999845	-0.0176156	-0.0156487	0.0176156	0.999722	-0.0352252	0.0396442	4.50211	
0.999824	0.000198514	0.0187795	0.000198617	0.999776	-0.0211428	-0.0187795	0.0211428	0.9996	-0.0507267	0.0570953	5.40231	
0.99976	0.000270269	0.0219105	0.000270434	0.999696	-0.0246711	-0.0219105	0.0246711	0.999455	-0.0690475	0.0777232	6.30239	
0.999686	0.000353091	0.0250415	0.00035334	0.999602	-0.0282003	-0.0250415	0.0282004	0.999289	-0.0901878	0.101529	7.20233	
0.999603	0.000446989	0.0281725	0.000447343	0.999496	-0.0317305	-0.0281725	0.0317305	0.999099	-0.114148	0.128513	8.10211	
0.99951	0.000551966	0.0313034	0.000552454	0.999378	-0.0352615	-0.0313034	0.0352615	0.998888	-0.140927	0.158676	9.00171	
0.999407	0.000668028	0.034434	0.000668679	0.999247	-0.0387932	-0.034434	0.0387932	0.998654	-0.170525	0.19202	9.90111	
0.999294	0.00079518	0.0375644	0.000796026	0.999104	-0.0423255	-0.0375643	0.0423255	0.998397	-0.202943	0.228544	10.8003	
0.999171	0.000933426	0.0406943	0.000934503	0.998948	-0.0458583	-0.0406943	0.0458583	0.998119	-0.238179	0.268249	11.6992	
0.999039	0.00108277	0.0438238	0.00108412	0.998779	-0.0493915	-0.0438237	0.0493915	0.997818	-0.276234	0.311135	12.5979	
0.998896	0.00124321	0.0469526	0.00124487	0.998598	-0.052925	-0.0469526	0.052925	0.997494	-0.317106	0.357204	13.4963	
0.998744	0.00141476	0.0500808	0.00141677	0.998404	-0.0564587	-0.0500808	0.0564587	0.997148	-0.360795	0.406454	14.3944	
0.998582	0.00159741	0.0532083	0.00159983	0.998198	-0.0599924	-0.0532082	0.0599925	0.99678	-0.407302	0.458887	15.2922	
0.99841	0.00179117	0.0563348	0.00179404	0.997979	-0.0635261	-0.0563348	0.0635262	0.996389	-0.456624	0.514501	16.1896	
0.998229	0.00199603	0.0594605	0.00199941	0.997747	-0.0670598	-0.0594604	0.0670599	0.995976	-0.508761	0.573298	17.0867	
0.998037	0.00221201	0.0625851	0.00221595	0.997503	-0.0705932	-0.062585	0.0705933	0.99554	-0.563712	0.635277	17.9834	
0.997836	0.00243909	0.0657086	0.00244365	0.997246	-0.0741262	-0.0657084	0.0741264	0.995082	-0.621477	0.700437	18.8796	
0.997625	0.00267727	0.0688309	0.00268252	0.996976	-0.0776589	-0.0688307	0.0776591	0.994601	-0.682053	0.768779	19.7755	
0.997404	0.00292657	0.0719518	0.00293257	0.996694	-0.081191	-0.0719516	0.0811912	0.994098	-0.745441	0.840302	20.6709	
0.997173	0.00318696	0.0750714	0.00319378	0.996399	-0.0847225	-0.0750711	0.0847228	0.993573	-0.811639	0.915006	21.5659	
0.996933	0.00345846	0.0781895	0.00346617	0.996092	-0.0882533	-0.0781892	0.0882536	0.993025	-0.880645	0.992889	22.4603	
0.996682	0.00374106	0.0813061	0.00374973	0.995772	-0.0917832	-0.0813057	0.0917836	0.992454	-0.952458	1.07395	23.3543	
0.996422	0.00403475	0.0844209	0.00404447	0.995439	-0.0953122	-0.0844205	0.0953126	0.991861	-1.02708	1.15819	24.2478	
0.996152	0.00433954	0.0875341	0.00435037	0.995094	-0.0988402	-0.0875335	0.0988407	0.991246	-1.1045	1.24561	25.1407	
0.995872	0.00465541	0.0906453	0.00466745	0.994736	-0.102367	-0.0906447	0.102368	0.990608	-1.18472	1.3362	26.033	
0.995583	0.00498237	0.0937547	0.0049957	0.994365	-0.105893	-0.093754	0.105893	0.989948	-1.26775	1.42997	26.9248	
0.995284	0.00532041	0.096862	0.00533512	0.993982	-0.109417	-0.0968612	0.109418	0.989265	-1.35358	1.52692	27.8159	
0.994975	0.00566951	0.0999673	0.0056857	0.993586	-0.11294	-0.0999664	0.11294	0.98856	-1.4422	1.62704	28.7064	
0.994656	0.00602969	0.10307	0.00604744	0.993177	-0.116461	-0.103069	0.116462	0.987833	-1.53362	1.73033	29.5963	
0.994327	0.00640092	0.106171	0.00642033	0.992755	-0.11998	-0.10617	0.119982	0.987083	-1.62783	1.83679	30.4855	
0.993989	0.00678321	0.109269	0.00680438	0.992321	-0.123498	-0.109268	0.1235	0.98631	-1.72483	1.94641	31.374	
0.993641	0.00717653	0.112365	0.00719958	0.991875	-0.127014	-0.112364	0.127016	0.985516	-1.82462	2.05921	32.2619	
0.993283	0.0075809	0.115459	0.00760592	0.991415	-0.130528	-0.115457	0.13053	0.984699	-1.9272	2.17517	33.149	
0.992916	0.00799629	0.11855	0.0080234	0.990943	-0.13404	-0.118548	0.134042	0.983859	-2.03256	2.29429	34.0353	
0.992539	0.0084227	0.121638	0.008452	0.990459	-0.13755	-0.121636	0.137552	0.982998	-2.1407	2.41658	34.9209	
0.992152	0.00886012	0.124723	0.00889173	0.989961	-0.141058	-0.124721	0.14106	0.982113	-2.25162	2.54203	35.8057	
0.991756	0.00930854	0.127805	0.00934258	0.989451	-0.144563	-0.127803	0.144565	0.981207	-2.36532	2.67063	36.6897	
0.99135	0.00976795	0.130884	0.00980453	0.988929	-0.148066	-0.130882	0.148068	0.980278	-2.4818	2.80239	37.5728	
0.990934	0.0102383	0.133961	0.0102776	0.988394	-0.151566	-0.133958	0.151569	0.979327	-2.60104	2.9373	38.4552	
0.990508	0.0107197	0.137034	0.0107617	0.987846	-0.155064	-0.137031	0.155067	0.978354	-2.72305	3.07537	39.3366	
0.990073	0.011212	0.140104	0.011257	0.987285	-0.158559	-0.1401	0.158562	0.977359	-2.84783	3.21658	40.2172	
0.989629	0.0117152	0.14317	0.0117633	0.986712	-0.162051	-0.143166	0.162054	0.976341	-2.97537	3.36094	41.0968	
0.989175	0.0122294	0.146233	0.0122806	0.986127	-0.16554	-0.146229	0.165543	0.975301	-3.10568	3.50844	41.9756	
0.988711	0.0127545	0.149293	0.012809	0.985528	-0.169025	-0.149288	0.16903	0.974239	-3.23873	3.65908	42.8534	
0.988237	0.0132904	0.152349	0.0133485	0.984918	-0.172508	-0.152344	0.172513	0.973155	-3.37454	3.81286	43.7302	
0.987755	0.0138373	0.155401	0.013899	0.984294	-0.175988	-0.155396	0.175993	0.972049	-3.51311	3.96978	44.606	
0.987262	0.014395	0.15845	0.0144605	0.983658	-0.179464	-0.158444	0.179469	0.97092	-3.65441	4.12982	45.4808	
0.98676	0.0149636	0.161495	0.0150329	0.98301	-0.182937	-0.161488	0.182942	0.96977	-3.79846	4.293	46.3546	
0.986249	0.015543	0.164535	0.0156164	0.982349	-0.186406	-0.164528	0.186412	0.968597	-3.94525	4.4593	47.2274	
0.985728	0.0161333	0.167572	0.0162109	0.981675	-0.189871	-0.167565	0.189878	0.967403	-4.09478	4.62873	48.0991	
0.985197	0.0167343	0.170605	0.0168163	0.980989	-0.193333	-0.170597	0.19334	0.966186	-4.24704	4.80128	48.9697	
0.984658	0.0173461	0.173633	0.0174327	0.98029	-0.196791	-0.173625	0.196799	0.964948	-4.40202	4.97694	49.8392	
0.984108	0.0179687	0.176657	0.01806	0.979579	-0.200245	-0.176648	0.200253	0.963688	-4.55974	5.15571	50.7076	
0.98355	0.0186021	0.179677	0.0186982	0.978856	-0.203695	-0.179667	0.203704	0.962406	-4.72017	5.33759	51.5748	
0.982982	0.0192462	0.182693	0.0193473	0.97812	-0.207141	-0.182682	0.20715	0.961101	-4.88332	5.52258	52.4409	
0.982404	0.019901	0.185704	0.0200073	0.977371	-0.210582	-0.185692	0.210592	0.959776	-5.04918	5.71067	53.3058	
0.982319	0.0199981	0.186144	0.0203109	0.977026	-0.212149	-0.186111	0.212179	0.959345	-5.21658	5.90103	54.1698	
0.982234	0.0200956	0.186584	0.0206156	0.976678	-0.213718	-0.186527	0.213767	0.958911	-5.38437	6.09281	55.0335	
0.982148	0.0201936	0.187021	0.0209212	0.976327	-0.215287	-0.186941	0.215356	0.958475	-5.55252	6.28602	55.8969	
0.982063	0.020292	0.187458	0.0212279	0.975973	-0.216857	-0.187354	0.216947	0.958036	-5.72105	6.48067	56.7598	
0.981978	0.0203909	0.187893	0.0215355	0.975615	-0.218428	-0.187765	0.218538	0.957594	-5.88995	6.67675	57.6223	
0.981893	0.0204902	0.188326	0.021844	0.975255	-0.22	-0.188174	0.22013	0.957149	-6.05921	6.87426	58.4844	
0.981808	0.0205901	0.188759	0.0221535	0.974892	-0.221572	-0.188582	0.221722	0.956701	-6.22885	7.0732	59.3461	
0.981722	0.0206904	0.18919	0.0224639	0.974527	-0.223144	-0.188988	0.223316	0.95625	-6.39885	7.27358	60.2074	
0.981637	0.0207913	0.189621	0.0227751	0.974158	-0.224717	-0.189392	0.224909	0.955796	-6.56922	7.4754	61.0683	
0.981552	0.0208927	0.19005	0.0230873	0.973786	-0.22629	-0.189796	0.226503	0.95534	-6.73995	7.67865	61.9288	
0.981467	0.0209946	0.190478	0.0234002	0.973412	-0.227863	-0.190198	0.228097	0.95488	-6.91104	7.88333	62.7889	
0.981382	0.0210971	0.190906	0.023714	0.973035	-0.229436	-0.190598	0.229692	0.954418	-7.0825	8.08945	63.6486	
0.981296	0.0212002	0.191332	0.0240285	0.972655	-0.231009	-0.190998	0.231286	0.953953	-7.25431	8.29701	64.5078	
0.981211	0.0213039	0.191758	0.0243438	0.972272	-0.232582	-0.191396	0.23288	0.953485	-7.42648	8.506	65.3667	
0.981125	0.0214081	0.192184	0.0246599	0.971887	-0.234155	-0.191793	0.234475	0.953015	-7.59902	8.71643	66.2251	
0.98104	0.021513	0.192608	0.0249767	0.971498	-0.235727	-0.19219	0.236068	0.952541	-7.77191	8.92829	67.083	
0.980954	0.0216185	0.193033	0.0252942	0.971107	-0.237299	-0.192585	0.237662	0.952065	-7.94515	9.14159	67.9406	
0.980868	0.0217247	0.193456	0.0256124	0.970714	-0.238869	-0.19298	0.239254	0.951586	-8.11875	9.35632	68.7977	
0.980782	0.0218316	0.19388	0.0259312	0.970318	-0.24044	-0.193374	0.240846	0.951104	-8.29271	9.57249	69.6544	
0.984152	0.0175485	0.176458	0.0234993	0.973409	-0.227865	-0.175765	0.2284	0.95757	-8.45892	9.78378	70.5138	
0.987199	0.0134937	0.158923	0.0213	0.976336	-0.215209	-0.158066	0.215839	0.96355	-8.60924	9.98381	71.3789	
0.989922	0.00966919	0.141283	0.0193344	0.979096	-0.202476	-0.140288	0.203167	0.969042	-8.74358	10.1725	72.249	
0.99232	0.00607694	0.123548	0.0176035	0.981689	-0.189675	-0.122438	0.190393	0.974043	-8.86188	10.3497	73.124	
0.994392	0.00271877	0.105725	0.0161082	0.984113	-0.176811	-0.104527	0.177523	0.97855	-8.96407	10.5153	74.0032	
0.996136	-0.000403628	0.0878253	0.0148493	0.986367	-0.163891	-0.0865618	0.164562	0.982561	-9.05011	10.6694	74.8862	
0.997552	-0.00328867	0.0698565	0.0138274	0.988449	-0.150922	-0.0685533	0.151518	0.986074	-9.11996	10.8117	75.7726	
0.998638	-0.00593488	0.0518281	0.013043	0.990359	-0.137909	-0.05051	0.138397	0.989088	-9.17357	10.9422	76.662	
0.999396	-0.00834094	0.0337493	0.0124965	0.992096	-0.12486	-0.0324411	0.125206	0.9916	-9.21092	11.0609	77.5538	
0.999823	-0.0105056	0.0156292	0.0121882	0.993658	-0.111781	-0.0143558	0.111952	0.99361	-9.23199	11.1677	78.4477	
0.99992	-0.0124278	-0.00252298	0.0121182	0.995045	-0.0986794	0.00373685	0.0986409	0.995116	-9.23677	11.2625	79.3432	
0.999686	-0.0141066	-0.0206981	0.0122867	0.996257	-0.085561	0.0218276	0.0852798	0.996118	-9.22526	11.3454	80.2398	
0.999123	-0.015541	-0.0388868	0.0126934	0.997293	-0.0724326	0.0399072	0.0718755	0.996615	-9.19746	11.4161	81.137	
0.998229	-0.0167304	-0.0570801	0.0133382	0.998151	-0.0593011	0.0579667	0.0584347	0.996607	-9.15339	11.4748	82.0345	
0.997007	-0.0176742	-0.0752685	0.0142208	0.998832	-0.046173	0.0759967	0.0449644	0.996094	-9.09307	11.5214	82.9318	
0.995455	-0.0183719	-0.093443	0.0153406	0.999336	-0.0330549	0.0939882	0.0314712	0.995076	-9.01653	11.5558	83.8284	
0.993576	-0.0188231	-0.111594	0.0166973	0.999661	-0.0199536	0.111932	0.0179621	0.993553	-8.92381	11.578	84.7238	
0.991369	-0.0190276	-0.129713	0.0182899	0.999809	-0.0068757	0.129819	0.00444391	0.991528	-8.81496	11.5881	85.6176	
0.988836	-0.0189853	-0.147791	0.0201179	0.999779	0.00617222	0.147641	-0.00907655	0.988999	-8.69003	11.586	86.5094	
0.985979	-0.0186962	-0.165817	0.0221801	0.99957	0.0191835	0.165387	-0.0225924	0.98597	-8.54908	11.5718	87.3986	
