1	0	0	0	1	0	0	0	1	0	0	0	
1	-3.02909e-07	-0.000143389	-3.02909e-07	0.999991	-0.00422499	0.000143389	0.00422499	0.999991	5.79712e-05	0.00170814	0.808583	
1	-1.19537e-06	-0.000284186	-1.20661e-06	0.999964	-0.008452	0.000284185	0.008452	0.999964	0.000230837	0.00683336	1.61715	
1	-2.65573e-06	-0.000422384	-2.70071e-06	0.99992	-0.0126809	0.000422384	0.0126809	0.99992	0.000516498	0.0153773	2.42569	
1	-4.66226e-06	-0.00055798	-4.77478e-06	0.999857	-0.0169117	0.000557979	0.0169117	0.999857	0.000912853	0.0273414	3.23419	
1	-7.19318e-06	-0.000690966	-7.41831e-06	0.999776	-0.0211441	0.000690964	0.0211441	0.999776	0.00141779	0.0427271	4.04263	
1	-1.02266e-05	-0.000821339	-1.06208e-05	0.999678	-0.0253782	0.000821334	0.0253782	0.999678	0.0020292	0.0615358	4.85099	
1	-1.37407e-05	-0.000949092	-1.43716e-05	0.999561	-0.0296138	0.000949083	0.0296138	0.999561	0.00274497	0.0837687	5.65927	
0.999999	-1.77133e-05	-0.00107422	-1.866e-05	0.999427	-0.0338507	0.00107421	0.0338507	0.999426	0.00356297	0.109427	6.46745	
0.999999	-2.21225e-05	-0.00119672	-2.34755e-05	0.999274	-0.038089	0.0011967	0.038089	0.999274	0.00448109	0.138512	7.27551	
0.999999	-2.69461e-05	-0.00131659	-2.88073e-05	0.999104	-0.0423285	0.00131655	0.0423285	0.999103	0.00549717	0.171024	8.08344	
0.999999	-3.2162e-05	-0.00143382	-3.46445e-05	0.998915	-0.046569	0.00143376	0.046569	0.998914	0.00660911	0.206965	8.89123	
0.999999	-3.7748e-05	-0.00154841	-4.09763e-05	0.998708	-0.0508106	0.00154833	0.0508106	0.998707	0.00781475	0.246335	9.69885	
0.999999	-4.36817e-05	-0.00166035	-4.7792e-05	0.998483	-0.055053	0.00166024	0.055053	0.998482	0.00911195	0.289135	10.5063	
0.999998	-4.99408e-05	-0.00176964	-5.50804e-05	0.99824	-0.0592962	0.00176949	0.0592962	0.998239	0.0104986	0.335365	11.3136	
0.999998	-5.65029e-05	-0.00187629	-6.28308e-05	0.997979	-0.0635401	0.00187608	0.0635401	0.997978	0.0119724	0.385027	12.1206	
0.999998	-6.33457e-05	-0.00198027	-7.10321e-05	0.9977	-0.0677846	0.00198001	0.0677846	0.997698	0.0135314	0.438121	12.9275	
0.999998	-7.04465e-05	-0.0020816	-7.96732e-05	0.997402	-0.0720295	0.00208127	0.0720295	0.9974	0.0151734	0.494647	13.7341	
0.999998	-7.77829e-05	-0.00218026	-8.8743e-05	0.997087	-0.0762748	0.00217984	0.0762748	0.997084	0.0168961	0.554605	14.5404	
0.999997	-8.53324e-05	-0.00227626	-9.82305e-05	0.996753	-0.0805204	0.00227574	0.0805204	0.99675	0.0186975	0.617997	15.3465	
0.999997	-9.30723e-05	-0.0023696	-0.000108124	0.996401	-0.0847661	0.00236896	0.0847661	0.996398	0.0205753	0.684821	16.1523	
0.999997	-0.00010098	-0.00246026	-0.000118414	0.996031	-0.0890119	0.00245948	0.0890119	0.996028	0.0225274	0.755078	16.9579	
0.999997	-0.000109033	-0.00254825	-0.000129087	0.995642	-0.0932576	0.00254732	0.0932576	0.995639	0.0245516	0.828769	17.7631	
0.999997	-0.000117208	-0.00263357	-0.000140133	0.995235	-0.0975032	0.00263245	0.0975032	0.995232	0.0266458	0.905892	18.568	
0.999996	-0.000125482	-0.00271621	-0.00015154	0.99481	-0.101749	0.00271489	0.101749	0.994806	0.0288077	0.986448	19.3725	
0.999996	-0.000133834	-0.00279618	-0.000163298	0.994367	-0.105994	0.00279462	0.105994	0.994363	0.0310351	1.07044	20.1767	
0.999996	-0.000142239	-0.00287347	-0.000175394	0.993905	-0.110238	0.00287164	0.110238	0.993901	0.033326	1.15786	20.9806	
0.999996	-0.000150676	-0.00294808	-0.000187818	0.993425	-0.114482	0.00294595	0.114482	0.993421	0.035678	1.24871	21.784	
0.999995	-0.000159121	-0.00302001	-0.000200557	0.992927	-0.118725	0.00301754	0.118725	0.992923	0.038089	1.343	22.5871	
0.999995	-0.000167551	-0.00308925	-0.000213601	0.992411	-0.122968	0.00308641	0.122968	0.992406	0.0405568	1.44071	23.3898	
0.999995	-0.000175943	-0.00315582	-0.000226938	0.991876	-0.12721	0.00315256	0.12721	0.991871	0.0430791	1.54186	24.192	
0.999995	-0.000184275	-0.0032197	-0.000240556	0.991323	-0.13145	0.00321599	0.13145	0.991318	0.0456539	1.64643	24.9938	
0.999995	-0.000192524	-0.00328091	-0.000254444	0.990751	-0.13569	0.00327669	0.13569	0.990746	0.0482789	1.75443	25.7951	
0.999994	-0.000200666	-0.00333942	-0.00026859	0.990162	-0.139928	0.00333465	0.139928	0.990156	0.0509518	1.86586	26.596	
0.999994	-0.000208679	-0.00339526	-0.000282982	0.989554	-0.144166	0.00338988	0.144166	0.989548	0.0536705	1.98072	27.3964	
0.999994	-0.000216539	-0.00344842	-0.00029761	0.988927	-0.148401	0.00344237	0.148401	0.988921	0.0564327	2.099	28.1963	
0.999994	-0.000224224	-0.00349889	-0.00031246	0.988282	-0.152636	0.00349212	0.152636	0.988276	0.0592363	2.22071	28.9956	
0.999994	-0.000231711	-0.00354668	-0.000327523	0.987619	-0.156868	0.00353912	0.156869	0.987613	0.0620789	2.34584	29.7945	
0.999994	-0.000238975	-0.0035918	-0.000342785	0.986938	-0.161099	0.00358338	0.1611	0.986932	0.0649585	2.47439	30.5928	
0.999993	-0.000245996	-0.00363423	-0.000358235	0.986238	-0.165329	0.00362489	0.165329	0.986232	0.0678728	2.60637	31.3905	
0.999993	-0.000252748	-0.00367399	-0.000373861	0.98552	-0.169556	0.00366365	0.169556	0.985514	0.0708195	2.74176	32.1877	
0.999993	-0.00025921	-0.00371107	-0.000389652	0.984784	-0.173781	0.00369965	0.173782	0.984777	0.0737964	2.88057	32.9842	
0.999993	-0.000265359	-0.00374548	-0.000405596	0.98403	-0.178005	0.0037329	0.178005	0.984023	0.0768014	3.02279	33.7802	
0.999993	-0.00027117	-0.00377722	-0.00042168	0.983257	-0.182226	0.00376339	0.182226	0.983249	0.0798321	3.16843	34.5756	
0.999993	-0.000276621	-0.00380629	-0.000437894	0.982465	-0.186445	0.00379112	0.186445	0.982458	0.0828863	3.31748	35.3703	
0.999993	-0.00028169	-0.00383269	-0.000454225	0.981656	-0.190661	0.00381609	0.190661	0.981648	0.0859618	3.46995	36.1644	
0.999993	-0.000286353	-0.00385642	-0.000470661	0.980828	-0.194875	0.00383829	0.194875	0.980821	0.0890565	3.62582	36.9578	
0.999992	-0.000290587	-0.00387749	-0.00048719	0.979982	-0.199086	0.00385772	0.199087	0.979974	0.0921679	3.78509	37.7505	
0.999992	-0.000294368	-0.0038959	-0.0005038	0.979117	-0.203295	0.00387439	0.203295	0.97911	0.095294	3.94777	38.5426	
0.999992	-0.000297675	-0.00391166	-0.00052048	0.978235	-0.207501	0.00388829	0.207501	0.978227	0.0984324	4.11386	39.3339	
0.999992	-0.000300484	-0.00392476	-0.000537218	0.977334	-0.211704	0.00389942	0.211704	0.977326	0.101581	4.28334	40.1245	
0.999992	-0.000302771	-0.00393521	-0.000554001	0.976415	-0.215904	0.00390777	0.215904	0.976407	0.104737	4.45622	40.9144	
0.999992	-0.000304515	-0.00394302	-0.000570818	0.975477	-0.2201	0.00391335	0.220101	0.975469	0.107899	4.63249	41.7035	
0.999992	-0.000305692	-0.00394818	-0.000587656	0.974521	-0.224294	0.00391615	0.224295	0.974513	0.111065	4.81216	42.4919	
0.999992	-0.000306278	-0.00395071	-0.000604504	0.973547	-0.228484	0.00391618	0.228485	0.97354	0.114231	4.99521	43.2795	
0.999992	-0.000306252	-0.0039506	-0.000621349	0.972555	-0.232671	0.00391343	0.232672	0.972547	0.117397	5.18166	44.0663	
0.999999	0.000374251	-0.0011372	-0.000633654	0.971381	-0.237524	0.00101576	0.237525	0.971381	0.11939	5.37175	44.8522	
0.999998	0.00106883	0.00167289	-0.000631486	0.970181	-0.242382	-0.00188207	0.24238	0.97018	0.119039	5.56578	45.6371	
0.999988	0.0017775	0.00447954	-0.000614784	0.968953	-0.247243	-0.00477994	0.247238	0.968943	0.116346	5.76373	46.4211	
0.99997	0.00250024	0.00728261	-0.000583489	0.967699	-0.252108	-0.0076777	0.252097	0.967672	0.111309	5.9656	47.2041	
0.999944	0.00323705	0.010082	-0.000537544	0.966418	-0.256976	-0.0105752	0.256957	0.966365	0.10393	6.17141	47.986	
0.999909	0.00398793	0.0128775	-0.0004769	0.965109	-0.261847	-0.0134724	0.261817	0.965023	0.0942075	6.38115	48.7669	
0.999866	0.00475287	0.015669	-0.000401508	0.963774	-0.26672	-0.0163691	0.266678	0.963647	0.0821428	6.59481	49.5466	
0.999814	0.00553187	0.0184565	-0.000311324	0.962412	-0.271594	-0.0192652	0.271538	0.962235	0.067736	6.81241	50.3252	
0.999754	0.00632491	0.0212398	-0.000206308	0.961023	-0.276469	-0.0221605	0.276396	0.960788	0.0509879	7.03394	51.1027	
0.999686	0.00713199	0.0240187	-8.64217e-05	0.959607	-0.281344	-0.025055	0.281254	0.959306	0.0318989	7.25939	51.879	
0.999609	0.00795309	0.0267932	4.83671e-05	0.958164	-0.286219	-0.0279486	0.286109	0.957789	0.0104699	7.48877	52.654	
0.999524	0.00878821	0.0295631	0.000198089	0.956695	-0.291094	-0.030841	0.290961	0.956238	-0.0132984	7.72208	53.4279	
0.999431	0.00963733	0.0323283	0.000362769	0.955198	-0.295967	-0.0337323	0.29581	0.954651	-0.039405	7.95931	54.2004	
0.999329	0.0105004	0.0350888	0.000542432	0.953675	-0.300839	-0.0366222	0.300656	0.953029	-0.0678489	8.20046	54.9717	
0.999219	0.0113775	0.0378444	0.000737097	0.952125	-0.305708	-0.0395108	0.305497	0.951373	-0.0986291	8.44552	55.7416	
0.9991	0.0122685	0.040595	0.000946778	0.950549	-0.310575	-0.0423978	0.310334	0.949682	-0.131744	8.6945	56.5102	
0.998974	0.0131735	0.0433405	0.00117149	0.948945	-0.315438	-0.0452831	0.315165	0.947956	-0.167193	8.94738	57.2774	
0.998838	0.0140924	0.0460808	0.00141124	0.947316	-0.320298	-0.0481668	0.31999	0.946196	-0.204974	9.20417	58.0432	
0.998695	0.0150252	0.0488158	0.00166604	0.94566	-0.325153	-0.0510486	0.32481	0.944401	-0.245087	9.46486	58.8076	
0.998543	0.0159719	0.0515454	0.00193588	0.943978	-0.330003	-0.0539284	0.329622	0.942571	-0.287528	9.72944	59.5705	
0.998383	0.0169324	0.0542695	0.00222077	0.942269	-0.334848	-0.0568063	0.334427	0.940708	-0.332298	9.99792	60.3319	
0.998214	0.0179068	0.056988	0.0025207	0.940535	-0.339688	-0.0596819	0.339225	0.93881	-0.379393	10.2703	61.0917	
0.998037	0.0188949	0.0597009	0.00283566	0.938774	-0.344521	-0.0625554	0.344014	0.936879	-0.428813	10.5465	61.8501	
0.997852	0.0198969	0.062408	0.00316564	0.936988	-0.349347	-0.0654265	0.348794	0.934913	-0.480555	10.8266	62.6068	
0.997659	0.0209127	0.0651092	0.00351064	0.935176	-0.354166	-0.0682951	0.353565	0.932913	-0.534618	11.1106	63.362	
0.997457	0.0219422	0.0678045	0.00387062	0.933338	-0.358977	-0.0711613	0.358326	0.93088	-0.590999	11.3984	64.1155	
0.997247	0.0229854	0.0704937	0.00424557	0.931475	-0.36378	-0.0740248	0.363077	0.928814	-0.649697	11.69	64.8674	
0.997029	0.0240422	0.0731769	0.00463546	0.929587	-0.368573	-0.0768856	0.367818	0.926714	-0.710709	11.9855	65.6175	
0.996803	0.0251128	0.0758538	0.00504028	0.927674	-0.373358	-0.0797436	0.372547	0.924581	-0.774034	12.2849	66.366	
0.996568	0.026197	0.0785244	0.00545997	0.925735	-0.378133	-0.0825987	0.377264	0.922415	-0.839668	12.588	67.1127	
0.996325	0.0272947	0.0811886	0.00589452	0.923772	-0.382898	-0.0854509	0.381969	0.920216	-0.907609	12.8949	67.8577	
0.996074	0.028406	0.0838464	0.00634388	0.921784	-0.387652	-0.0882999	0.386662	0.917985	-0.977856	13.2057	68.6009	
0.995814	0.0295309	0.0864976	0.00680801	0.919772	-0.392395	-0.0911458	0.391341	0.915721	-1.0504	13.5202	69.3422	
0.995547	0.0306693	0.0891422	0.00728688	0.917735	-0.397126	-0.0939885	0.396007	0.913425	-1.12525	13.8386	70.0817	
0.993541	0.0383826	0.106789	0.00788823	0.915423	-0.402416	-0.113203	0.400659	0.909207	-1.20902	14.1607	70.8187	
0.991163	0.0461844	0.12435	0.00860098	0.913084	-0.40768	-0.132371	0.405147	0.904618	-1.30831	14.4865	71.552	
0.988415	0.0540715	0.141819	0.00942484	0.91072	-0.412917	-0.151485	0.40947	0.899659	-1.42307	14.8158	72.2815	
0.985297	0.0620407	0.159189	0.0103595	0.908331	-0.418124	-0.170537	0.413625	0.894333	-1.55327	15.1486	73.0068	
0.981811	0.0700887	0.176452	0.0114045	0.905918	-0.423299	-0.189519	0.417612	0.888641	-1.69884	15.4847	73.7277	
0.977958	0.0782123	0.193601	0.0125595	0.903483	-0.42844	-0.208424	0.421428	0.882586	-1.85973	15.8239	74.4438	
0.97374	0.0864081	0.210629	0.013824	0.901026	-0.433544	-0.227244	0.425071	0.876171	-2.03588	16.1661	75.1549	
0.969158	0.0946728	0.227529	0.0151974	0.898549	-0.438611	-0.245971	0.428541	0.869397	-2.2272	16.5113	75.8606	
0.964215	0.103003	0.244295	0.0166793	0.896052	-0.443637	-0.264597	0.431836	0.862268	-2.43363	16.8591	76.5607	
0.958912	0.111395	0.26092	0.018269	0.893536	-0.44862	-0.283115	0.434954	0.854787	-2.65507	17.2096	77.2549	
