1	0	0	0	1	0	0	0	1	0	0	0	
1	-1.50802e-06	-0.000867628	-1.50802e-06	0.999994	-0.00347619	0.000867628	0.00347619	0.999994	0.000459668	0.00184168	1.05959	
0.999998	-6.04796e-06	-0.00173769	-6.04579e-06	0.999976	-0.0069596	0.00173769	0.0069596	0.999974	0.00183996	0.00737054	2.11917	
0.999997	-1.36428e-05	-0.00261013	-1.3634e-05	0.999945	-0.0104501	0.00261013	0.0104501	0.999942	0.00414343	0.0165942	3.17873	
0.999994	-2.43149e-05	-0.00348492	-2.42931e-05	0.999903	-0.0139474	0.00348492	0.0139474	0.999897	0.00737257	0.0295199	4.23824	
0.99999	-3.80865e-05	-0.00436201	-3.80427e-05	0.999848	-0.0174514	0.00436201	0.0174514	0.999838	0.0115299	0.0461549	5.29769	
0.999986	-5.49792e-05	-0.00524136	-5.49024e-05	0.99978	-0.0209619	0.00524136	0.0209619	0.999767	0.0166177	0.0665062	6.35708	
0.999981	-7.50142e-05	-0.00612292	-7.48912e-05	0.9997	-0.0244787	0.00612292	0.0244787	0.999682	0.0226385	0.0905806	7.41639	
0.999975	-9.82123e-05	-0.00700666	-9.80274e-05	0.999608	-0.0280017	0.00700667	0.0280017	0.999583	0.0295945	0.118385	8.47559	
0.999969	-0.000124594	-0.00789254	-0.000124329	0.999503	-0.0315307	0.00789254	0.0315307	0.999472	0.0374881	0.149925	9.53469	
0.999961	-0.000154179	-0.00878049	-0.000153814	0.999385	-0.0350654	0.0087805	0.0350654	0.999346	0.0463215	0.185207	10.5937	
0.999953	-0.000186986	-0.0096705	-0.000186499	0.999255	-0.0386058	0.00967051	0.0386058	0.999208	0.0560968	0.224238	11.6525	
0.999944	-0.000223035	-0.0105625	-0.000222401	0.999111	-0.0421516	0.0105625	0.0421516	0.999055	0.0668162	0.267023	12.7112	
0.999934	-0.000262345	-0.0114565	-0.000261536	0.998955	-0.0457026	0.0114565	0.0457026	0.998889	0.0784818	0.313568	13.7697	
0.999924	-0.000304933	-0.0123523	-0.00030392	0.998786	-0.0492587	0.0123524	0.0492587	0.99871	0.0910957	0.363879	14.828	
0.999912	-0.000350817	-0.0132501	-0.000349569	0.998604	-0.0528196	0.0132501	0.0528196	0.998516	0.10466	0.41796	15.8861	
0.9999	-0.000400014	-0.0141497	-0.000398496	0.998409	-0.0563853	0.0141497	0.0563853	0.998309	0.119176	0.475816	16.944	
0.999887	-0.000452541	-0.015051	-0.000450716	0.998201	-0.0599555	0.0150511	0.0599555	0.998088	0.134647	0.537453	18.0017	
0.999873	-0.000508414	-0.0159541	-0.000506243	0.99798	-0.06353	0.0159542	0.06353	0.997852	0.151073	0.602876	19.0592	
0.999858	-0.000567649	-0.0168589	-0.000565091	0.997746	-0.0671087	0.016859	0.0671087	0.997603	0.168458	0.672088	20.1164	
0.999842	-0.000630261	-0.0177654	-0.000627272	0.997498	-0.0706914	0.0177655	0.0706913	0.99734	0.186802	0.745094	21.1733	
0.999825	-0.000696265	-0.0186734	-0.000692799	0.997237	-0.0742778	0.0186735	0.0742778	0.997063	0.206107	0.821899	22.2299	
0.999808	-0.000765675	-0.019583	-0.000761684	0.996963	-0.0778679	0.0195832	0.0778679	0.996771	0.226375	0.902505	23.2863	
0.99979	-0.000838506	-0.0204941	-0.000833937	0.996676	-0.0814614	0.0204943	0.0814614	0.996466	0.247608	0.986918	24.3423	
0.99977	-0.00091477	-0.0214067	-0.000909571	0.996376	-0.0850582	0.0214069	0.0850581	0.996146	0.269808	1.07514	25.3979	
0.99975	-0.000994481	-0.0223208	-0.000988596	0.996062	-0.088658	0.022321	0.088658	0.995812	0.292975	1.16717	26.4533	
0.999729	-0.00107765	-0.0232362	-0.00107102	0.995734	-0.0922608	0.0232365	0.0922607	0.995464	0.317111	1.26302	27.5083	
0.999708	-0.00116429	-0.0241529	-0.00115686	0.995394	-0.0958662	0.0241533	0.0958661	0.995101	0.342218	1.36269	28.5629	
0.999685	-0.00125442	-0.0250709	-0.00124611	0.995039	-0.0994742	0.0250714	0.0994741	0.994724	0.368297	1.46618	29.6171	
0.999661	-0.00134803	-0.0259902	-0.00133879	0.994672	-0.103084	0.0259907	0.103084	0.994333	0.39535	1.5735	30.6709	
0.999637	-0.00144515	-0.0269107	-0.00143491	0.994291	-0.106697	0.0269113	0.106697	0.993927	0.423377	1.68464	31.7242	
0.999611	-0.00154579	-0.0278324	-0.00153447	0.993896	-0.110311	0.027833	0.110311	0.993507	0.452381	1.79961	32.7772	
0.999585	-0.00164994	-0.0287551	-0.00163748	0.993488	-0.113928	0.0287558	0.113928	0.993073	0.482361	1.91841	33.8297	
0.999558	-0.00175763	-0.0296789	-0.00174395	0.993066	-0.117546	0.0296797	0.117545	0.992624	0.51332	2.04105	34.8817	
0.99953	-0.00186887	-0.0306038	-0.00185388	0.992631	-0.121165	0.0306047	0.121165	0.99216	0.545259	2.16752	35.9332	
0.999501	-0.00198365	-0.0315296	-0.00196729	0.992182	-0.124786	0.0315306	0.124785	0.991683	0.578178	2.29782	36.9843	
0.999471	-0.00210198	-0.0324564	-0.00208416	0.991719	-0.128407	0.0324575	0.128407	0.99119	0.612079	2.43196	38.0348	
0.99944	-0.00222388	-0.033384	-0.00220451	0.991243	-0.13203	0.0333853	0.13203	0.990683	0.646962	2.56994	39.0848	
0.999408	-0.00234935	-0.0343125	-0.00232835	0.990754	-0.135653	0.0343139	0.135653	0.990162	0.682829	2.71176	40.1342	
0.999376	-0.0024784	-0.0352417	-0.00245567	0.99025	-0.139277	0.0352433	0.139277	0.989626	0.719681	2.85742	41.1831	
0.999342	-0.00261103	-0.0361717	-0.00258648	0.989734	-0.142901	0.0361735	0.142901	0.989076	0.757517	3.00691	42.2314	
0.999308	-0.00274724	-0.0371025	-0.00272078	0.989203	-0.146526	0.0371044	0.146525	0.988511	0.79634	3.16025	43.2792	
0.999272	-0.00288704	-0.0380338	-0.00285857	0.988659	-0.15015	0.038036	0.15015	0.987931	0.836149	3.31743	44.3263	
0.999236	-0.00303044	-0.0389658	-0.00299986	0.988101	-0.153775	0.0389682	0.153774	0.987337	0.876946	3.47845	45.3728	
0.999199	-0.00317744	-0.0398984	-0.00314465	0.98753	-0.157399	0.039901	0.157398	0.986729	0.91873	3.64331	46.4186	
0.999161	-0.00332804	-0.0408315	-0.00329293	0.986945	-0.161022	0.0408343	0.161021	0.986106	0.961504	3.812	47.4638	
0.999121	-0.00348224	-0.041765	-0.00344471	0.986347	-0.164645	0.0417681	0.164644	0.985468	1.00527	3.98454	48.5084	
0.999081	-0.00364005	-0.042699	-0.00359999	0.985735	-0.168267	0.0427024	0.168266	0.984816	1.05002	4.16092	49.5522	
0.99904	-0.00380147	-0.0436333	-0.00375877	0.985109	-0.171887	0.043637	0.171887	0.98415	1.09576	4.34113	50.5954	
0.998998	-0.00396649	-0.044568	-0.00392103	0.98447	-0.175507	0.044572	0.175506	0.983469	1.14249	4.52518	51.6378	
0.998956	-0.00413513	-0.045503	-0.00408679	0.983818	-0.179125	0.0455074	0.179124	0.982773	1.19022	4.71306	52.6795	
0.998912	-0.00430737	-0.0464382	-0.00425604	0.983152	-0.182742	0.0464429	0.182741	0.982064	1.23893	4.90477	53.7205	
0.998867	-0.00448321	-0.0473736	-0.00442878	0.982472	-0.186357	0.0473788	0.186355	0.981339	1.28864	5.10032	54.7607	
0.998822	-0.00466267	-0.0483092	-0.004605	0.981779	-0.18997	0.0483147	0.189968	0.980601	1.33934	5.2997	55.8001	
0.998775	-0.00484573	-0.0492449	-0.0047847	0.981073	-0.19358	0.0492509	0.193579	0.979848	1.39103	5.5029	56.8388	
0.998727	-0.00503239	-0.0501806	-0.00496787	0.980353	-0.197189	0.0501871	0.197187	0.97908	1.44371	5.70993	57.8766	
0.998679	-0.00522265	-0.0511164	-0.00515451	0.97962	-0.200795	0.0511233	0.200793	0.978299	1.49738	5.92078	58.9136	
0.99863	-0.00541651	-0.0520521	-0.00534462	0.978873	-0.204398	0.0520595	0.204397	0.977503	1.55205	6.13545	59.9498	
0.998579	-0.00561396	-0.0529878	-0.00553819	0.978113	-0.207999	0.0529957	0.207997	0.976693	1.60771	6.35393	60.9851	
0.998528	-0.00581499	-0.0539233	-0.00573521	0.97734	-0.211597	0.0539318	0.211595	0.975868	1.66436	6.57623	62.0196	
0.998476	-0.00601961	-0.0548586	-0.00593567	0.976554	-0.215191	0.0548678	0.215189	0.97503	1.722	6.80234	63.0532	
0.998423	-0.00622781	-0.0557938	-0.00613957	0.975754	-0.218783	0.0558036	0.21878	0.974177	1.78063	7.03226	64.0859	
0.998369	-0.00643958	-0.0567287	-0.00634691	0.974942	-0.22237	0.0567391	0.222368	0.97331	1.84026	7.26598	65.1177	
0.998314	-0.00665492	-0.0576632	-0.00655766	0.974116	-0.225954	0.0576744	0.225952	0.97243	1.90088	7.50349	66.1485	
0.998258	-0.00687382	-0.0585975	-0.00677182	0.973277	-0.229535	0.0586093	0.229532	0.971535	1.96248	7.74481	67.1784	
0.998201	-0.00709626	-0.0595313	-0.00698939	0.972425	-0.233111	0.0595439	0.233108	0.970626	2.02508	7.98991	68.2074	
0.997945	-0.00806924	-0.0635694	-0.00707933	0.972084	-0.234527	0.0636872	0.234495	0.970029	2.09037	8.23765	69.2355	
0.997671	-0.00904805	-0.0676052	-0.00717526	0.971741	-0.235942	0.0678295	0.235878	0.969413	2.16004	8.48685	70.263	
0.995958	-0.0140175	-0.0887168	-0.00598556	0.975192	-0.221279	0.0896177	0.220915	0.971167	2.24346	8.72888	71.2912	
0.993772	-0.0186597	-0.109859	-0.00446706	0.978417	-0.206594	0.111343	0.205798	0.97224	2.34994	8.95496	72.3209	
0.991114	-0.0229715	-0.131017	-0.00262084	0.981411	-0.191898	0.13299	0.190536	0.97263	2.47939	9.16495	73.3513	
0.987986	-0.0269497	-0.152177	-0.000448171	0.984174	-0.177202	0.154544	0.175141	0.972338	2.63174	9.3587	74.3818	
0.98439	-0.0305916	-0.173322	0.0020494	0.986704	-0.162515	0.175989	0.159623	0.971364	2.80686	9.53606	75.4117	
0.980329	-0.0338946	-0.194439	0.00487014	0.988998	-0.147847	0.197311	0.143992	0.969708	3.00465	9.69693	76.4401	
0.975805	-0.0368565	-0.215513	0.00801205	0.991055	-0.133211	0.218495	0.128261	0.967372	3.22496	9.84117	77.4664	
0.970822	-0.039475	-0.236528	0.0114729	0.992874	-0.118614	0.239525	0.112439	0.964357	3.46763	9.9687	78.4899	
0.965384	-0.0417485	-0.257471	0.0152504	0.994453	-0.104068	0.260387	0.0965392	0.960666	3.7325	10.0794	79.5098	
0.959493	-0.0436753	-0.278325	0.0193417	0.995792	-0.0895832	0.281067	0.0805712	0.9563	4.01937	10.1733	80.5255	
0.953155	-0.0452541	-0.299078	0.0237441	0.996888	-0.0751693	0.301549	0.0645466	0.951263	4.32806	10.2502	81.5362	
0.946373	-0.0464836	-0.319713	0.0284543	0.997742	-0.0608365	0.321819	0.0484768	0.945559	4.65834	10.31	82.5412	
0.939153	-0.0473632	-0.340218	0.0334693	0.998353	-0.046595	0.341864	0.032373	0.939192	5.00998	10.3529	83.5398	
0.931499	-0.0478921	-0.360576	0.0387853	0.99872	-0.0324546	0.361669	0.0162464	0.932165	5.38273	10.3786	84.5313	
0.923418	-0.0480701	-0.380775	0.0443987	0.998844	-0.0184254	0.38122	0.000108465	0.924484	5.77633	10.3873	85.515	
0.914913	-0.0478969	-0.400799	0.0503056	0.998724	-0.00451721	0.400504	-0.0160296	0.916155	6.19051	10.3789	86.4902	
0.905992	-0.0473726	-0.420635	0.0565017	0.99836	0.00926028	0.419506	-0.0321564	0.907183	6.62498	10.3533	87.4563	
0.896661	-0.0464978	-0.440269	0.0629828	0.997752	0.0228974	0.438215	-0.0482606	0.897574	7.07943	10.3107	88.4125	
0.886926	-0.0452729	-0.459687	0.0697443	0.996901	0.0363845	0.456615	-0.0643309	0.887335	7.55353	10.2511	89.3582	
0.876794	-0.0436988	-0.478876	0.0767815	0.995808	0.0497122	0.474696	-0.0803562	0.876474	8.04697	10.1744	90.2927	
0.866273	-0.0417767	-0.497821	0.0840894	0.994473	0.0628711	0.492443	-0.096325	0.864998	8.55939	10.0808	91.2154	
0.855369	-0.0395079	-0.51651	0.0916629	0.992897	0.075852	0.509845	-0.112226	0.852915	9.09043	9.9703	92.1256	
0.84409	-0.0368939	-0.53493	0.0994966	0.991081	0.0886457	0.526889	-0.128049	0.840233	9.63972	9.843	93.0227	
0.832445	-0.0339367	-0.553068	0.107585	0.989027	0.101243	0.543563	-0.143781	0.826962	10.2069	9.69898	93.906	
0.820441	-0.0306382	-0.57091	0.115923	0.986736	0.113636	0.559856	-0.159413	0.81311	10.7915	9.53834	94.7749	
0.808086	-0.0270009	-0.588445	0.124504	0.98421	0.125815	0.575756	-0.174933	0.798688	11.3932	9.36119	95.6289	
0.79539	-0.0230272	-0.60566	0.133322	0.98145	0.137772	0.591252	-0.19033	0.783706	12.0115	9.16766	96.4673	
0.782362	-0.0187199	-0.622543	0.142371	0.978458	0.149498	0.606334	-0.205594	0.768174	12.646	8.95789	97.2895	
0.76901	-0.0140821	-0.639082	0.151645	0.975237	0.160986	0.620989	-0.220713	0.752102	13.2963	8.73202	98.095	
0.755344	-0.009117	-0.655266	0.161137	0.971789	0.172226	0.635209	-0.235678	0.735503	13.9619	8.49021	98.8832	
0.741373	-0.00382811	-0.671082	0.170841	0.968115	0.183212	0.648984	-0.250477	0.718388	14.6423	8.23263	99.6535	
0.727107	0.00178086	-0.686521	0.180749	0.964219	0.193936	0.662303	-0.2651	0.700769	15.337	7.95946	100.405	
