1	0	0	0	1	0	0	0	1	0	0	0	
0.999997	3.67254e-06	-0.00260812	3.67254e-06	0.999996	0.00281623	0.00260812	-0.00281623	0.999993	0.00119737	-0.00129291	0.91818	
0.999986	1.47174e-05	-0.0052216	1.4711e-05	0.999984	0.00563581	0.0052216	-0.00563581	0.99997	0.00479192	-0.00517317	1.83635	
0.999969	3.31732e-05	-0.00784035	3.31477e-05	0.999964	0.00845863	0.00784035	-0.00845863	0.999933	0.0107886	-0.0116438	2.75448	
0.999945	5.9078e-05	-0.0104643	5.90141e-05	0.999936	0.0112846	0.0104643	-0.0112846	0.999882	0.0191921	-0.0207077	3.67258	
0.999914	9.2469e-05	-0.0130933	9.23411e-05	0.9999	0.0141136	0.0130933	-0.0141136	0.999815	0.0300071	-0.0323678	4.59063	
0.999876	0.000133383	-0.0157273	0.000133159	0.999856	0.0169455	0.0157273	-0.0169455	0.999733	0.0432384	-0.0466268	5.5086	
0.999831	0.000181856	-0.0183662	0.000181497	0.999804	0.0197802	0.0183662	-0.0197802	0.999636	0.0588904	-0.0634872	6.42649	
0.999779	0.000237923	-0.0210099	0.000237383	0.999744	0.0226176	0.0210099	-0.0226176	0.999523	0.0769677	-0.0829516	7.34429	
0.99972	0.000301619	-0.0236583	0.000300847	0.999676	0.0254576	0.0236583	-0.0254576	0.999396	0.0974744	-0.105023	8.26198	
0.999654	0.000372977	-0.0263113	0.000371914	0.999599	0.0283001	0.0263113	-0.0283001	0.999253	0.120415	-0.129702	9.17954	
0.99958	0.00045203	-0.0289688	0.000450611	0.999515	0.031145	0.0289689	-0.031145	0.999095	0.145794	-0.156993	10.097	
0.999499	0.000538813	-0.0316308	0.000536965	0.999422	0.0339921	0.0316308	-0.0339921	0.998921	0.173615	-0.186897	11.0142	
0.999411	0.000633354	-0.0342971	0.000631	0.999321	0.0368414	0.0342971	-0.0368414	0.998732	0.203881	-0.219416	11.9313	
0.999316	0.000735687	-0.0369676	0.00073274	0.999212	0.0396928	0.0369676	-0.0396927	0.998528	0.236599	-0.254552	12.8483	
0.999214	0.000845842	-0.0396422	0.00084221	0.999094	0.0425461	0.0396423	-0.042546	0.998308	0.271769	-0.292307	13.765	
0.999104	0.000963847	-0.0423209	0.000959431	0.998968	0.0454013	0.042321	-0.0454012	0.998072	0.309398	-0.332683	14.6815	
0.998986	0.00108973	-0.0450036	0.00108443	0.998834	0.0482582	0.0450037	-0.0482581	0.997821	0.349488	-0.375681	15.5978	
0.998861	0.00122353	-0.0476901	0.00121722	0.998692	0.0511167	0.0476902	-0.0511165	0.997553	0.392043	-0.421303	16.5139	
0.998729	0.00136526	-0.0503803	0.00135783	0.998541	0.0539767	0.0503805	-0.0539766	0.99727	0.437067	-0.469551	17.4297	
0.998589	0.00151495	-0.0530742	0.00150627	0.998382	0.0568382	0.0530745	-0.056838	0.996972	0.484562	-0.520425	18.3452	
0.998442	0.00167263	-0.0557717	0.00166257	0.998215	0.059701	0.055772	-0.0597007	0.996657	0.534532	-0.573926	19.2605	
0.998287	0.00183833	-0.0584726	0.00182674	0.998039	0.062565	0.058473	-0.0625646	0.996327	0.586981	-0.630057	20.1754	
0.998125	0.00201206	-0.0611769	0.00199881	0.997855	0.06543	0.0611773	-0.0654296	0.99598	0.641912	-0.688818	21.0901	
0.997955	0.00219386	-0.0638845	0.00217878	0.997663	0.0682961	0.063885	-0.0682956	0.995618	0.699327	-0.750211	22.0044	
0.997777	0.00238375	-0.0665952	0.00236668	0.997462	0.071163	0.0665958	-0.0711625	0.995239	0.759229	-0.814235	22.9184	
0.997592	0.00258175	-0.0693091	0.00256252	0.997253	0.0740308	0.0693098	-0.0740301	0.994845	0.821623	-0.880891	23.832	
0.997399	0.00278787	-0.0720259	0.00276632	0.997035	0.0768992	0.0720267	-0.0768984	0.994434	0.886509	-0.950181	24.7453	
0.997198	0.00300215	-0.0747456	0.00297809	0.996809	0.0797681	0.0747466	-0.0797672	0.994007	0.953891	-1.02211	25.6582	
0.99699	0.00322461	-0.0774681	0.00319784	0.996575	0.0826376	0.0774692	-0.0826365	0.993564	1.02377	-1.09666	26.5706	
0.996773	0.00345525	-0.0801933	0.00342559	0.996332	0.0855073	0.0801945	-0.0855062	0.993105	1.09615	-1.17386	27.4827	
0.996549	0.00369411	-0.082921	0.00366135	0.99608	0.0883774	0.0829225	-0.088376	0.99263	1.17104	-1.25368	28.3943	
0.996317	0.0039412	-0.0856513	0.00390512	0.995821	0.0912476	0.085653	-0.091246	0.992138	1.24843	-1.33615	29.3055	
0.996078	0.00419654	-0.088384	0.00415693	0.995552	0.0941178	0.0883859	-0.0941161	0.99163	1.32833	-1.42125	30.2163	
0.99583	0.00446015	-0.091119	0.00441678	0.995276	0.096988	0.0911211	-0.096986	0.991106	1.41074	-1.50898	31.1265	
0.995575	0.00473204	-0.0938562	0.00468469	0.994991	0.099858	0.0938585	-0.0998558	0.990565	1.49566	-1.59935	32.0363	
0.995311	0.00501222	-0.0965955	0.00496065	0.994697	0.102728	0.0965981	-0.102725	0.990008	1.5831	-1.69235	32.9456	
0.99504	0.00530072	-0.0993368	0.00524468	0.994395	0.105597	0.0993398	-0.105594	0.989435	1.67305	-1.78799	33.8543	
0.99476	0.00559755	-0.10208	0.00553678	0.994085	0.108466	0.102083	-0.108463	0.988845	1.76553	-1.88626	34.7625	
0.994473	0.00590272	-0.104825	0.00583696	0.993766	0.111334	0.104829	-0.111331	0.988239	1.86052	-1.98717	35.6702	
0.994178	0.00621624	-0.107572	0.00614523	0.993439	0.114202	0.107576	-0.114198	0.987616	1.95803	-2.0907	36.5773	
0.993875	0.00653813	-0.11032	0.0064616	0.993103	0.117069	0.110325	-0.117065	0.986977	2.05807	-2.19687	37.4838	
0.993563	0.00686839	-0.11307	0.00678606	0.992759	0.119935	0.113075	-0.11993	0.986322	2.16063	-2.30568	38.3897	
0.993244	0.00720705	-0.115821	0.00711862	0.992406	0.1228	0.115827	-0.122795	0.98565	2.26572	-2.41711	39.295	
0.992916	0.0075541	-0.118574	0.00745928	0.992045	0.125664	0.11858	-0.125658	0.984961	2.37333	-2.53117	40.1997	
0.992581	0.00790956	-0.121328	0.00780805	0.991675	0.128526	0.121335	-0.12852	0.984256	2.48347	-2.64786	41.1038	
0.992237	0.00827344	-0.124083	0.00816493	0.991297	0.131388	0.12409	-0.131381	0.983535	2.59614	-2.76718	42.0072	
0.991886	0.00864574	-0.126839	0.00852991	0.990911	0.134248	0.126847	-0.13424	0.982797	2.71135	-2.88913	42.9099	
0.991526	0.00902647	-0.129596	0.00890301	0.990516	0.137106	0.129605	-0.137098	0.982042	2.82908	-3.01369	43.8119	
0.991158	0.00941565	-0.132354	0.00928421	0.990113	0.139963	0.132363	-0.139954	0.981271	2.94935	-3.14089	44.7133	
0.990782	0.00981326	-0.135112	0.00967352	0.989702	0.142818	0.135123	-0.142809	0.980483	3.07215	-3.2707	45.6139	
0.990397	0.0102193	-0.137872	0.0100709	0.989282	0.145672	0.137883	-0.145662	0.979679	3.19748	-3.40314	46.5138	
0.990005	0.0106339	-0.140631	0.0104765	0.988853	0.148523	0.140643	-0.148512	0.978858	3.32535	-3.53819	47.4129	
0.989604	0.0110568	-0.143392	0.0108901	0.988417	0.151373	0.143404	-0.151361	0.978021	3.45576	-3.67586	48.3113	
0.989195	0.0114883	-0.146152	0.0113118	0.987972	0.15422	0.146166	-0.154207	0.977167	3.5887	-3.81614	49.2089	
0.988778	0.0119282	-0.148913	0.0117416	0.987518	0.157066	0.148928	-0.157052	0.976297	3.72417	-3.95904	50.1058	
0.988353	0.0123765	-0.151674	0.0121795	0.987057	0.159909	0.15169	-0.159894	0.97541	3.86218	-4.10454	51.0018	
0.98792	0.0128334	-0.154435	0.0126255	0.986587	0.162749	0.154452	-0.162733	0.974506	4.00273	-4.25266	51.897	
0.987478	0.0132987	-0.157196	0.0130795	0.986108	0.165587	0.157215	-0.16557	0.973586	4.14581	-4.40338	52.7913	
0.987028	0.0137725	-0.159957	0.0135417	0.985622	0.168423	0.159977	-0.168404	0.97265	4.29143	-4.55671	53.6848	
0.98657	0.0142547	-0.162718	0.0140119	0.985127	0.171256	0.162739	-0.171236	0.971697	4.43959	-4.71263	54.5775	
0.985539	0.0153275	-0.168754	0.014479	0.984641	0.173991	0.168828	-0.173919	0.97018	4.59181	-4.87109	55.469	
0.98447	0.0164174	-0.174782	0.0149641	0.984146	0.176728	0.174913	-0.176598	0.968617	4.74962	-5.03201	56.359	
0.983363	0.0175244	-0.180803	0.0154671	0.983643	0.179464	0.180991	-0.179274	0.967007	4.91301	-5.19539	57.2477	
0.982218	0.0186484	-0.186816	0.0159881	0.983132	0.182199	0.187062	-0.181946	0.965351	5.08198	-5.36122	58.1348	
0.981035	0.0197893	-0.19282	0.016527	0.982612	0.184933	0.193127	-0.184612	0.963649	5.25652	-5.52951	59.0204	
0.979813	0.0209472	-0.198815	0.0170838	0.982084	0.187666	0.199185	-0.187274	0.961901	5.43663	-5.70024	59.9044	
0.978554	0.022122	-0.204802	0.0176583	0.981548	0.190396	0.205235	-0.189929	0.960107	5.6223	-5.87341	60.7868	
0.977256	0.0233137	-0.210778	0.0182507	0.981004	0.193125	0.211276	-0.192579	0.958267	5.81351	-6.04901	61.6675	
0.97592	0.0245221	-0.216744	0.0188607	0.980453	0.19585	0.21731	-0.195222	0.956381	6.01028	-6.22705	62.5465	
0.974547	0.0257472	-0.2227	0.0194884	0.979893	0.198572	0.223334	-0.197857	0.95445	6.21257	-6.40751	63.4237	
0.973136	0.026989	-0.228644	0.0201336	0.979325	0.20129	0.22935	-0.200486	0.952473	6.4204	-6.59039	64.2992	
0.971687	0.0282474	-0.234578	0.0207963	0.978749	0.204003	0.235355	-0.203106	0.95045	6.63374	-6.77567	65.1728	
0.9702	0.0295223	-0.240499	0.0214764	0.978166	0.206712	0.241351	-0.205717	0.948383	6.85259	-6.96336	66.0446	
0.968676	0.0308137	-0.246408	0.0221738	0.977575	0.209416	0.247336	-0.20832	0.94627	7.07694	-7.15344	66.9144	
0.967114	0.0321214	-0.252305	0.0228884	0.976977	0.212114	0.25331	-0.210914	0.944113	7.30679	-7.34591	67.7822	
0.965515	0.0334454	-0.258189	0.02362	0.976371	0.214806	0.259272	-0.213497	0.941911	7.54211	-7.54075	68.6481	
0.963879	0.0347856	-0.264059	0.0243686	0.975758	0.217492	0.265223	-0.216071	0.939665	7.7829	-7.73796	69.5119	
0.962205	0.036142	-0.269916	0.0251341	0.975138	0.220171	0.271162	-0.218634	0.937374	8.02915	-7.93753	70.3736	
0.955729	0.0411457	-0.291358	0.0250272	0.97522	0.219817	0.293183	-0.217377	0.931016	8.28825	-8.13771	71.2314	
0.948749	0.0461193	-0.312648	0.0249121	0.975302	0.219466	0.315048	-0.216006	0.924168	8.56749	-8.33668	72.0832	
0.941268	0.0510602	-0.333776	0.0247886	0.975384	0.219117	0.336748	-0.214522	0.916832	8.86674	-8.53434	72.9284	
0.933292	0.0559656	-0.35473	0.024657	0.975465	0.218771	0.35827	-0.212924	0.909014	9.18583	-8.73059	73.7667	
0.924824	0.0608331	-0.375499	0.0245173	0.975545	0.218429	0.379604	-0.211214	0.900716	9.5246	-8.92531	74.5975	
0.915869	0.0656601	-0.396072	0.0243695	0.975625	0.218089	0.400737	-0.209393	0.891944	9.88286	-9.11842	75.4206	
0.906431	0.070444	-0.416438	0.0242138	0.975703	0.217753	0.421659	-0.207462	0.882702	10.2604	-9.3098	76.2353	
0.896515	0.0751823	-0.436587	0.0240502	0.975782	0.217421	0.442359	-0.205421	0.872995	10.6571	-9.49936	77.0414	
0.886127	0.0798726	-0.456507	0.0238788	0.975859	0.217092	0.462827	-0.203272	0.862828	11.0727	-9.687	77.8383	
0.875272	0.0845123	-0.476189	0.0236997	0.975936	0.216767	0.48305	-0.201016	0.852206	11.507	-9.87261	78.6257	
0.863956	0.089099	-0.495623	0.023513	0.976011	0.216446	0.503018	-0.198654	0.841136	11.9597	-10.0561	79.4031	
0.852184	0.0936302	-0.514797	0.0233187	0.976086	0.21613	0.522722	-0.196187	0.829622	12.4306	-10.2374	80.1702	
0.839963	0.0981037	-0.533701	0.0231171	0.97616	0.215818	0.54215	-0.193617	0.817671	12.9195	-10.4163	80.9265	
0.8273	0.102517	-0.552327	0.0229081	0.976233	0.215511	0.561293	-0.190945	0.805289	13.4261	-10.5929	81.6716	
0.814201	0.106868	-0.570663	0.022692	0.976305	0.215208	0.58014	-0.188172	0.792483	13.9501	-10.767	82.4052	
0.800672	0.111154	-0.588701	0.0224688	0.976375	0.214911	0.598681	-0.1853	0.779259	14.4914	-10.9384	83.1268	
0.786722	0.115373	-0.60643	0.0222386	0.976445	0.214618	0.616907	-0.182331	0.765625	15.0494	-11.1072	83.8361	
0.772357	0.119523	-0.623842	0.0220015	0.976513	0.214331	0.634807	-0.179265	0.751587	15.6241	-11.2732	84.5326	
0.757585	0.123601	-0.640927	0.0217578	0.976581	0.214049	0.652374	-0.176105	0.737154	16.2151	-11.4364	85.2161	
0.742414	0.127606	-0.657676	0.0215075	0.976647	0.213772	0.669596	-0.172853	0.722332	16.822	-11.5966	85.8862	
0.726851	0.131535	-0.674081	0.0212507	0.976712	0.213502	0.686466	-0.169509	0.707129	17.4446	-11.7538	86.5425	
