1	0	0	0	1	0	0	0	1	0	0	0	
0.999994	-5.00728e-06	0.00334684	-5.00728e-06	0.999996	0.00299223	-0.00334684	-0.00299223	0.99999	-0.00140044	-0.00125205	0.836866	
0.999978	-2.00332e-05	0.0066939	-2.0038e-05	0.999982	0.00598611	-0.0066939	-0.00598611	0.99996	-0.00560183	-0.0050089	1.67371	
0.99995	-4.50846e-05	0.0100411	-4.51042e-05	0.99996	0.00898157	-0.0100411	-0.00898157	0.999909	-0.0126043	-0.0112719	2.51053	
0.99991	-8.01683e-05	0.0133883	-8.02172e-05	0.999928	0.0119785	-0.0133883	-0.0119785	0.999839	-0.022408	-0.0200423	3.34729	
0.99986	-0.00012529	0.0167355	-0.000125388	0.999888	0.0149769	-0.0167355	-0.0149769	0.999748	-0.0350129	-0.0313214	4.18399	
0.999798	-0.000180457	0.0200826	-0.000180628	0.999838	0.0179767	-0.0200826	-0.0179767	0.999637	-0.0504189	-0.0451104	5.0206	
0.999725	-0.000245673	0.0234295	-0.000245947	0.99978	0.0209777	-0.0234295	-0.0209777	0.999505	-0.068626	-0.0614103	5.85712	
0.999641	-0.000320944	0.0267762	-0.000321354	0.999712	0.02398	-0.0267762	-0.02398	0.999354	-0.0896338	-0.0802221	6.69351	
0.999546	-0.000406275	0.0301224	-0.000406861	0.999636	0.0269833	-0.0301224	-0.0269833	0.999182	-0.113442	-0.101547	7.52977	
0.99944	-0.000501669	0.0334682	-0.000502476	0.99955	0.0299878	-0.0334682	-0.0299878	0.99899	-0.140051	-0.125386	8.36587	
0.999322	-0.000607131	0.0368135	-0.000608207	0.999455	0.0329932	-0.0368135	-0.0329932	0.998777	-0.169459	-0.151739	9.20181	
0.999193	-0.000722665	0.0401582	-0.000724063	0.999352	0.0359995	-0.0401581	-0.0359996	0.998545	-0.201667	-0.180608	10.0376	
0.999053	-0.000848273	0.0435021	-0.000850053	0.999239	0.0390067	-0.0435021	-0.0390068	0.998292	-0.236673	-0.211993	10.8731	
0.998902	-0.000983958	0.0468453	-0.000986185	0.999117	0.0420147	-0.0468453	-0.0420147	0.998018	-0.274477	-0.245896	11.7084	
0.998739	-0.00112972	0.0501877	-0.00113246	0.998985	0.0450233	-0.0501876	-0.0450234	0.997724	-0.315079	-0.282315	12.5435	
0.998565	-0.00128557	0.053529	-0.0012889	0.998845	0.0480326	-0.053529	-0.0480326	0.99741	-0.358478	-0.321253	13.3784	
0.998381	-0.0014515	0.0568694	-0.0014555	0.998695	0.0510423	-0.0568693	-0.0510425	0.997076	-0.404673	-0.36271	14.2129	
0.998184	-0.00162752	0.0602087	-0.00163226	0.998537	0.0540526	-0.0602085	-0.0540528	0.996721	-0.453662	-0.406685	15.0472	
0.997977	-0.00181362	0.0635467	-0.0018192	0.998369	0.0570633	-0.0635466	-0.0570634	0.996346	-0.505446	-0.45318	15.8812	
0.997759	-0.00200981	0.0668835	-0.00201632	0.998192	0.0600742	-0.0668833	-0.0600745	0.995951	-0.560022	-0.502195	16.7148	
0.997529	-0.00221608	0.070219	-0.00222363	0.998006	0.0630855	-0.0702188	-0.0630857	0.995535	-0.61739	-0.553729	17.5481	
0.997288	-0.00243245	0.073553	-0.00244112	0.99781	0.0660968	-0.0735527	-0.0660972	0.995099	-0.677549	-0.607784	18.3811	
0.997036	-0.0026589	0.0768855	-0.00266881	0.997606	0.0691083	-0.0768852	-0.0691087	0.994642	-0.740498	-0.664359	19.2136	
0.996773	-0.00289543	0.0802164	-0.0029067	0.997392	0.0721198	-0.080216	-0.0721203	0.994165	-0.806234	-0.723454	20.0458	
0.996499	-0.00314205	0.0835456	-0.00315479	0.997169	0.0751313	-0.0835452	-0.0751318	0.993668	-0.874758	-0.78507	20.8776	
0.996214	-0.00339875	0.0868731	-0.00341308	0.996936	0.0781426	-0.0868726	-0.0781432	0.99315	-0.946067	-0.849205	21.709	
0.995917	-0.00366553	0.0901987	-0.00368158	0.996695	0.0811538	-0.0901981	-0.0811545	0.992612	-1.02016	-0.915861	22.5399	
0.995609	-0.00394239	0.0935224	-0.0039603	0.996444	0.0841646	-0.0935217	-0.0841654	0.992053	-1.09703	-0.985037	23.3703	
0.995291	-0.00422933	0.0968441	-0.00424922	0.996184	0.0871751	-0.0968433	-0.0871761	0.991475	-1.17669	-1.05673	24.2003	
0.994961	-0.00452633	0.100164	-0.00454836	0.995915	0.0901852	-0.100163	-0.0901863	0.990875	-1.25912	-1.13095	25.0298	
0.99462	-0.00483341	0.103481	-0.00485772	0.995636	0.0931948	-0.10348	-0.093196	0.990256	-1.34433	-1.20768	25.8588	
0.994268	-0.00515056	0.106796	-0.0051773	0.995348	0.0962038	-0.106795	-0.0962052	0.989616	-1.43232	-1.28693	26.6872	
0.993904	-0.00547776	0.110109	-0.00550709	0.995051	0.0992121	-0.110108	-0.0992137	0.988955	-1.52308	-1.3687	27.5151	
0.99353	-0.00581503	0.11342	-0.0058471	0.994745	0.10222	-0.113418	-0.102222	0.988275	-1.61661	-1.45299	28.3425	
0.993145	-0.00616234	0.116728	-0.00619734	0.994429	0.105227	-0.116726	-0.105229	0.987574	-1.71291	-1.53979	29.1692	
0.992748	-0.00651971	0.120033	-0.00655779	0.994104	0.108233	-0.120031	-0.108235	0.986852	-1.81198	-1.62911	29.9954	
0.992341	-0.00688711	0.123336	-0.00692846	0.99377	0.111238	-0.123334	-0.11124	0.986111	-1.91381	-1.72095	30.8209	
0.991923	-0.00726455	0.126636	-0.00730934	0.993426	0.114242	-0.126633	-0.114244	0.985349	-2.01841	-1.8153	31.6459	
0.991493	-0.00765202	0.129933	-0.00770044	0.993073	0.117244	-0.12993	-0.117248	0.984566	-2.12576	-1.91217	32.4702	
0.991053	-0.00804952	0.133228	-0.00810176	0.992711	0.120246	-0.133224	-0.12025	0.983764	-2.23588	-2.01154	33.2938	
0.990601	-0.00845703	0.136519	-0.00851328	0.99234	0.123247	-0.136516	-0.123251	0.982941	-2.34874	-2.11343	34.1167	
0.990139	-0.00887455	0.139807	-0.00893502	0.991959	0.126246	-0.139804	-0.12625	0.982098	-2.46437	-2.21783	34.939	
0.989666	-0.00930208	0.143093	-0.00936696	0.991569	0.129244	-0.143088	-0.129248	0.981234	-2.58274	-2.32474	35.7605	
0.989181	-0.0097396	0.146375	-0.00980911	0.991169	0.13224	-0.14637	-0.132245	0.98035	-2.70386	-2.43416	36.5813	
0.988686	-0.0101871	0.149653	-0.0102615	0.99076	0.135235	-0.149648	-0.13524	0.979446	-2.82772	-2.54608	37.4013	
0.98818	-0.0106446	0.152929	-0.010724	0.990342	0.138228	-0.152923	-0.138234	0.978522	-2.95433	-2.66052	38.2206	
0.987663	-0.011112	0.156201	-0.0111967	0.989915	0.141219	-0.156195	-0.141226	0.977578	-3.08367	-2.77745	39.0391	
0.987135	-0.0115894	0.159469	-0.0116797	0.989478	0.144209	-0.159463	-0.144216	0.976613	-3.21576	-2.89689	39.8568	
0.986596	-0.0120768	0.162734	-0.0121728	0.989032	0.147197	-0.162727	-0.147205	0.975628	-3.35057	-3.01883	40.6737	
0.986046	-0.0125741	0.165995	-0.0126761	0.988577	0.150183	-0.165987	-0.150191	0.974623	-3.48812	-3.14327	41.4897	
0.985486	-0.0130813	0.169253	-0.0131895	0.988112	0.153167	-0.169244	-0.153176	0.973598	-3.62839	-3.27021	42.305	
0.984915	-0.0135985	0.172506	-0.0137131	0.987638	0.156149	-0.172497	-0.156159	0.972553	-3.77139	-3.39965	43.1193	
0.984332	-0.0141255	0.175756	-0.0142469	0.987155	0.159129	-0.175746	-0.159139	0.971487	-3.9171	-3.53158	43.9327	
0.98374	-0.0146625	0.179002	-0.0147908	0.986662	0.162106	-0.178991	-0.162118	0.970402	-4.06554	-3.66601	44.7453	
0.983136	-0.0152093	0.182243	-0.0153449	0.986161	0.165082	-0.182232	-0.165094	0.969296	-4.21669	-3.80292	45.5569	
0.982521	-0.015766	0.185481	-0.0159091	0.985649	0.168054	-0.185469	-0.168068	0.968171	-4.37055	-3.94233	46.3676	
0.981896	-0.0163326	0.188714	-0.0164835	0.985129	0.171025	-0.188701	-0.171039	0.967025	-4.52711	-4.08422	47.1774	
0.981216	-0.0169547	0.192167	-0.0176524	0.98406	0.176956	-0.192105	-0.177024	0.965276	-4.68645	-4.22987	47.9859	
0.980522	-0.0175993	0.195621	-0.0188422	0.982955	0.182877	-0.195505	-0.183001	0.963477	-4.84864	-4.38051	48.793	
0.979814	-0.0182664	0.199073	-0.020053	0.981813	0.188787	-0.198901	-0.188968	0.961628	-5.01368	-4.53616	49.5985	
0.979094	-0.0189561	0.202525	-0.0212847	0.980635	0.194685	-0.202294	-0.194926	0.95973	-5.18155	-4.69679	50.4025	
0.978359	-0.0196683	0.205976	-0.0225372	0.97942	0.200572	-0.205681	-0.200874	0.957781	-5.35226	-4.86241	51.2049	
0.977612	-0.020403	0.209424	-0.0238106	0.978168	0.206448	-0.209064	-0.206812	0.955783	-5.52581	-5.033	52.0056	
0.976851	-0.0211602	0.21287	-0.0251048	0.97688	0.212311	-0.212441	-0.21274	0.953735	-5.70218	-5.20856	52.8046	
0.976077	-0.0219399	0.216314	-0.0264197	0.975555	0.218161	-0.215813	-0.218657	0.951638	-5.88138	-5.38907	53.6018	
0.97529	-0.022742	0.219754	-0.0277554	0.974194	0.223998	-0.219178	-0.224563	0.949491	-6.06339	-5.57453	54.3973	
0.97449	-0.0235665	0.223192	-0.0291116	0.972797	0.229822	-0.222536	-0.230457	0.947295	-6.24822	-5.76493	55.191	
0.973676	-0.0244134	0.226625	-0.0304885	0.971364	0.235633	-0.225888	-0.236339	0.945049	-6.43586	-5.96025	55.9829	
0.97285	-0.0252826	0.230054	-0.0318859	0.969894	0.241429	-0.229232	-0.24221	0.942755	-6.6263	-6.16049	56.7728	
0.97201	-0.026174	0.233478	-0.0333038	0.968389	0.247211	-0.232568	-0.248067	0.940412	-6.81953	-6.36564	57.5608	
0.971157	-0.0270877	0.236897	-0.0347422	0.966848	0.252979	-0.235896	-0.253912	0.93802	-7.01555	-6.57569	58.3468	
0.970292	-0.0280235	0.24031	-0.0362009	0.965271	0.258731	-0.239215	-0.259744	0.93558	-7.21436	-6.79062	59.1308	
0.969413	-0.0289814	0.243718	-0.0376799	0.963658	0.264468	-0.242525	-0.265562	0.933091	-7.41593	-7.01043	59.9127	
0.968522	-0.0299613	0.247119	-0.0391791	0.96201	0.270189	-0.245826	-0.271366	0.930554	-7.62028	-7.2351	60.6925	
0.967618	-0.0309632	0.250513	-0.0406985	0.960326	0.275895	-0.249117	-0.277156	0.927968	-7.82738	-7.46462	61.4702	
0.966701	-0.0319869	0.253901	-0.042238	0.958607	0.281584	-0.252398	-0.282932	0.925335	-8.03723	-7.69898	62.2457	
0.965772	-0.0330323	0.257281	-0.0437975	0.956852	0.287256	-0.255668	-0.288692	0.922654	-8.24983	-7.93817	63.0189	
0.96483	-0.0340995	0.260653	-0.0453769	0.955062	0.292912	-0.258928	-0.294438	0.919926	-8.46515	-8.18217	63.7899	
0.963876	-0.0351882	0.264016	-0.0469762	0.953237	0.29855	-0.262176	-0.300167	0.91715	-8.6832	-8.43097	64.5586	
0.96291	-0.0362984	0.267371	-0.0485953	0.951377	0.30417	-0.265412	-0.305881	0.914327	-8.90396	-8.68457	65.325	
0.961931	-0.0374299	0.270717	-0.050234	0.949483	0.309773	-0.268636	-0.311579	0.911457	-9.12743	-8.94294	66.0889	
0.96094	-0.0385827	0.274053	-0.0518924	0.947553	0.315357	-0.271848	-0.31726	0.90854	-9.35358	-9.20606	66.8505	
0.959937	-0.0397566	0.27738	-0.0535702	0.945589	0.320922	-0.275046	-0.322925	0.905577	-9.58242	-9.47394	67.6096	
0.958923	-0.0409516	0.280696	-0.0552675	0.943591	0.326469	-0.278232	-0.328572	0.902567	-9.81394	-9.74655	68.3662	
0.957896	-0.0421674	0.284002	-0.0569841	0.941558	0.331997	-0.281404	-0.334202	0.899511	-10.0481	-10.0239	69.1202	
0.956858	-0.0434039	0.287297	-0.0587199	0.939491	0.337505	-0.284562	-0.339814	0.89641	-10.2849	-10.3059	69.8717	
0.956222	-0.0441834	0.289288	-0.0646485	0.93222	0.356071	-0.285412	-0.359185	0.888553	-10.5234	-10.5984	70.6186	
0.955585	-0.0450059	0.29126	-0.0705936	0.924548	0.37447	-0.286137	-0.378399	0.880307	-10.7626	-10.907	71.3588	
0.954946	-0.0458711	0.293214	-0.0765524	0.916478	0.392694	-0.286737	-0.397448	0.871675	-11.0023	-11.2317	72.0919	
0.954306	-0.0467785	0.295148	-0.0825224	0.908013	0.410734	-0.287212	-0.416322	0.862662	-11.2425	-11.5722	72.8177	
0.953665	-0.0477279	0.297061	-0.088501	0.899158	0.428582	-0.28756	-0.435014	0.853271	-11.483	-11.9285	73.5357	
0.953023	-0.0487187	0.298953	-0.0944855	0.889916	0.446232	-0.287783	-0.453516	0.843507	-11.7238	-12.3003	74.2457	
0.952381	-0.0497506	0.300823	-0.100473	0.880291	0.463674	-0.28788	-0.471819	0.833374	-11.9646	-12.6875	74.9474	
0.951739	-0.050823	0.30267	-0.106462	0.870287	0.480902	-0.287851	-0.489916	0.822876	-12.2056	-13.0899	75.6405	
0.951098	-0.0519356	0.304493	-0.112449	0.859909	0.497907	-0.287696	-0.507798	0.812017	-12.4464	-13.5074	76.3246	
0.950456	-0.0530878	0.306292	-0.118431	0.849162	0.514683	-0.287415	-0.525458	0.800804	-12.687	-13.9398	76.9995	
0.949816	-0.0542792	0.308065	-0.124406	0.838049	0.531222	-0.287008	-0.542888	0.78924	-12.9274	-14.3868	77.6648	
0.949176	-0.0555091	0.309812	-0.130371	0.826576	0.547517	-0.286475	-0.56008	0.77733	-13.1674	-14.8484	78.3203	
0.948538	-0.0567771	0.311532	-0.136323	0.814749	0.563561	-0.285818	-0.577028	0.76508	-13.4069	-15.3242	78.9658	
