1	0	0	0	1	0	0	0	1	0	0	0	
1	6.57933e-08	-0.000409932	6.57933e-08	1	0.000320996	0.000409932	-0.000320996	1	0.000189645	-0.000148501	0.925252	
1	2.64586e-07	-0.000822008	2.64655e-07	1	0.00064384	0.000822008	-0.00064384	0.999999	0.000759573	-0.00059486	1.8505	
0.999999	5.98508e-07	-0.00123621	5.98785e-07	1	0.000968518	0.00123621	-0.000968518	0.999999	0.00171176	-0.00134078	2.77576	
0.999999	1.06967e-06	-0.00165252	1.07037e-06	0.999999	0.00129502	0.00165252	-0.00129502	0.999998	0.00304816	-0.00238795	3.70101	
0.999998	1.68019e-06	-0.00207092	1.68159e-06	0.999999	0.00162333	0.00207092	-0.00162333	0.999997	0.00477072	-0.00373805	4.62626	
0.999997	2.43215e-06	-0.00249139	2.43462e-06	0.999998	0.00195343	0.00249139	-0.00195343	0.999995	0.00688136	-0.00539276	5.55151	
0.999996	3.32764e-06	-0.00291391	3.3316e-06	0.999997	0.00228532	0.00291391	-0.00228532	0.999993	0.00938199	-0.00735372	6.47675	
0.999994	4.36871e-06	-0.00333846	4.37469e-06	0.999997	0.00261898	0.00333846	-0.00261898	0.999991	0.0122745	-0.00962258	7.402	
0.999993	5.55743e-06	-0.00376502	5.56601e-06	0.999996	0.0029544	0.00376502	-0.0029544	0.999989	0.0155608	-0.012201	8.32724	
0.999991	6.89583e-06	-0.00419358	6.9077e-06	0.999995	0.00329156	0.00419358	-0.00329156	0.999986	0.0192426	-0.0150905	9.25248	
0.999989	8.38594e-06	-0.00462412	8.40184e-06	0.999993	0.00363045	0.00462412	-0.00363045	0.999983	0.0233219	-0.0182928	10.1777	
0.999987	1.00298e-05	-0.00505661	1.00505e-05	0.999992	0.00397106	0.00505661	-0.00397106	0.999979	0.0278005	-0.0218095	11.103	
0.999985	1.18293e-05	-0.00549104	1.18559e-05	0.999991	0.00431337	0.00549104	-0.00431337	0.999976	0.0326801	-0.0256421	12.0282	
0.999982	1.37865e-05	-0.00592739	1.38199e-05	0.999989	0.00465737	0.00592739	-0.00465737	0.999972	0.0379626	-0.0297922	12.9534	
0.99998	1.59034e-05	-0.00636563	1.59447e-05	0.999987	0.00500305	0.00636563	-0.00500305	0.999967	0.0436496	-0.0342613	13.8786	
0.999977	1.81819e-05	-0.00680576	1.82323e-05	0.999986	0.00535039	0.00680576	-0.00535039	0.999963	0.0497431	-0.0390511	14.8039	
0.999974	2.06239e-05	-0.00724774	2.06846e-05	0.999984	0.00569938	0.00724774	-0.00569938	0.999957	0.0562446	-0.044163	15.7291	
0.99997	2.32314e-05	-0.00769157	2.33038e-05	0.999982	0.00605001	0.00769157	-0.00605001	0.999952	0.0631559	-0.0495986	16.6543	
0.999967	2.60061e-05	-0.00813721	2.60917e-05	0.99998	0.00640225	0.00813721	-0.00640225	0.999946	0.0704787	-0.0553593	17.5795	
0.999963	2.89501e-05	-0.00858465	2.90505e-05	0.999977	0.00675611	0.00858465	-0.00675611	0.99994	0.0782147	-0.0614468	18.5047	
0.999959	3.20652e-05	-0.00903388	3.21819e-05	0.999975	0.00711155	0.00903388	-0.00711156	0.999934	0.0863655	-0.0678623	19.4299	
0.999955	3.53531e-05	-0.00948487	3.54879e-05	0.999972	0.00746858	0.00948487	-0.00746858	0.999927	0.0949327	-0.0746074	20.3551	
0.999951	3.88158e-05	-0.00993759	3.89706e-05	0.999969	0.00782717	0.00993759	-0.00782717	0.99992	0.103918	-0.0816837	21.2803	
0.999946	4.2455e-05	-0.010392	4.26316e-05	0.999966	0.00818731	0.010392	-0.00818731	0.999912	0.113323	-0.0890924	22.2054	
0.999941	4.62724e-05	-0.0108482	4.6473e-05	0.999963	0.00854899	0.0108482	-0.00854899	0.999905	0.123149	-0.096835	23.1306	
0.999936	5.027e-05	-0.011306	5.04966e-05	0.99996	0.00891219	0.011306	-0.00891219	0.999896	0.133399	-0.104913	24.0558	
0.999931	5.44493e-05	-0.0117655	5.47042e-05	0.999957	0.00927689	0.0117655	-0.00927689	0.999888	0.144072	-0.113328	24.9809	
0.999925	5.88121e-05	-0.0122266	5.90977e-05	0.999954	0.00964309	0.0122266	-0.00964309	0.999879	0.155171	-0.122081	25.9061	
0.999919	6.33601e-05	-0.0126894	6.36787e-05	0.99995	0.0100108	0.0126894	-0.0100108	0.999869	0.166698	-0.131173	26.8312	
0.999913	6.80949e-05	-0.0131537	6.84492e-05	0.999946	0.0103799	0.0131537	-0.0103799	0.99986	0.178654	-0.140606	27.7563	
0.999907	7.30183e-05	-0.0136197	7.34108e-05	0.999942	0.0107505	0.0136197	-0.0107505	0.999849	0.19104	-0.150382	28.6814	
0.999901	7.81318e-05	-0.0140872	7.85654e-05	0.999938	0.0111225	0.0140872	-0.0111225	0.999839	0.203858	-0.160501	29.6065	
0.999894	8.3437e-05	-0.0145562	8.39145e-05	0.999934	0.0114959	0.0145562	-0.0114959	0.999828	0.217109	-0.170965	30.5316	
0.999887	8.89355e-05	-0.0150267	8.94599e-05	0.99993	0.0118708	0.0150267	-0.0118708	0.999817	0.230795	-0.181775	31.4567	
0.99988	9.46289e-05	-0.0154988	9.52033e-05	0.999925	0.012247	0.0154988	-0.012247	0.999805	0.244917	-0.192932	32.3818	
0.999872	0.000100519	-0.0159723	0.000101146	0.99992	0.0126246	0.0159723	-0.0126246	0.999793	0.259476	-0.204439	33.3069	
0.999865	0.000106606	-0.0164473	0.00010729	0.999915	0.0130036	0.0164473	-0.0130036	0.99978	0.274474	-0.216295	34.2319	
0.999857	0.000112893	-0.0169237	0.000113637	0.99991	0.0133839	0.0169237	-0.0133839	0.999767	0.289913	-0.228502	35.157	
0.999849	0.000119381	-0.0174015	0.000120189	0.999905	0.0137655	0.0174015	-0.0137655	0.999754	0.305792	-0.241062	36.082	
0.99984	0.000126071	-0.0178807	0.000126946	0.9999	0.0141484	0.0178807	-0.0141484	0.99974	0.322115	-0.253976	37.007	
0.999831	0.000132965	-0.0183613	0.00013391	0.999894	0.0145327	0.0183613	-0.0145327	0.999726	0.338881	-0.267245	37.932	
0.999822	0.000140064	-0.0188433	0.000141084	0.999889	0.0149182	0.0188432	-0.0149182	0.999711	0.356093	-0.280869	38.857	
0.999813	0.000147369	-0.0193265	0.000148468	0.999883	0.015305	0.0193265	-0.015305	0.999696	0.373751	-0.294851	39.782	
0.999804	0.000154882	-0.0198111	0.000156063	0.999877	0.015693	0.0198111	-0.015693	0.999681	0.391858	-0.309192	40.707	
0.999794	0.000162604	-0.020297	0.000163872	0.999871	0.0160822	0.020297	-0.0160823	0.999665	0.410413	-0.323892	41.6319	
0.999784	0.000170536	-0.0207841	0.000171895	0.999864	0.0164727	0.0207841	-0.0164727	0.999648	0.429418	-0.338953	42.5568	
0.999774	0.000178679	-0.0212725	0.000180135	0.999858	0.0168644	0.0212725	-0.0168644	0.999631	0.448874	-0.354375	43.4818	
0.999763	0.000187036	-0.0217621	0.000188591	0.999851	0.0172573	0.0217621	-0.0172573	0.999614	0.468783	-0.370161	44.4067	
0.999752	0.000195606	-0.0222529	0.000197266	0.999844	0.0176513	0.0222529	-0.0176513	0.999597	0.489146	-0.386311	45.3316	
0.999741	0.000204391	-0.0227449	0.000206161	0.999837	0.0180465	0.0227449	-0.0180465	0.999578	0.509963	-0.402825	46.2564	
0.99973	0.000213392	-0.023238	0.000215277	0.99983	0.0184428	0.023238	-0.0184428	0.99956	0.531236	-0.419706	47.1813	
0.999718	0.00022261	-0.0237323	0.000224616	0.999822	0.0188403	0.0237323	-0.0188403	0.999541	0.552965	-0.436955	48.1061	
0.999706	0.000232047	-0.0242277	0.000234178	0.999815	0.0192388	0.0242277	-0.0192388	0.999521	0.575153	-0.454571	49.0309	
0.999694	0.000241703	-0.0247242	0.000243964	0.999807	0.0196385	0.0247242	-0.0196385	0.999501	0.597799	-0.472557	49.9557	
0.999682	0.00025158	-0.0252218	0.000253976	0.999799	0.0200392	0.0252218	-0.0200392	0.999481	0.620906	-0.490913	50.8805	
0.999669	0.000261677	-0.0257204	0.000264215	0.999791	0.0204409	0.0257204	-0.020441	0.99946	0.644473	-0.50964	51.8053	
0.999656	0.000271997	-0.0262201	0.000274682	0.999783	0.0208438	0.0262201	-0.0208438	0.999439	0.668502	-0.528739	52.73	
0.999643	0.00028254	-0.0267208	0.000285378	0.999774	0.0212476	0.0267208	-0.0212476	0.999417	0.692994	-0.548212	53.6547	
0.999629	0.000293307	-0.0272224	0.000296303	0.999766	0.0216524	0.0272224	-0.0216525	0.999395	0.717949	-0.568058	54.5795	
0.999616	0.000304299	-0.0277251	0.00030746	0.999757	0.0220583	0.027725	-0.0220583	0.999372	0.743369	-0.58828	55.5041	
0.999601	0.000315517	-0.0282286	0.000318848	0.999748	0.0224651	0.0282286	-0.0224651	0.999349	0.769255	-0.608878	56.4288	
0.99963	0.000290343	-0.0271884	0.000414112	0.999664	0.0259009	0.0271868	-0.0259026	0.999295	0.794892	-0.631254	57.3534	
0.999658	0.000261637	-0.0261499	0.000505833	0.999569	0.0293379	0.0261463	-0.0293411	0.999227	0.819565	-0.656811	58.278	
0.999685	0.000229406	-0.0251131	0.000594008	0.999463	0.0327759	0.0251071	-0.0327805	0.999147	0.843276	-0.68555	59.2025	
0.99971	0.000193657	-0.0240779	0.00067864	0.999344	0.0362148	0.0240691	-0.0362206	0.999054	0.866027	-0.717472	60.1269	
0.999734	0.000154397	-0.0230441	0.000759727	0.999213	0.0396544	0.0230321	-0.0396614	0.998948	0.887817	-0.752577	61.0512	
0.999758	0.000111628	-0.0220117	0.000837269	0.999071	0.0430948	0.0219961	-0.0431027	0.998828	0.908648	-0.790866	61.9755	
0.99978	6.5356e-05	-0.0209807	0.000911266	0.998916	0.0465357	0.020961	-0.0465445	0.998696	0.928521	-0.832339	62.8996	
0.999801	1.55831e-05	-0.0199509	0.000981718	0.99875	0.049977	0.0199267	-0.0499866	0.998551	0.947437	-0.876997	63.8236	
0.999821	-3.76889e-05	-0.0189222	0.00104862	0.998572	0.0534187	0.0188932	-0.053429	0.998393	0.965396	-0.92484	64.7474	
0.99984	-9.44588e-05	-0.0178946	0.00111198	0.998382	0.0568606	0.0178603	-0.0568714	0.998222	0.982399	-0.975868	65.6711	
0.999858	-0.000154727	-0.0168679	0.00117179	0.998179	0.0603026	0.0168279	-0.0603138	0.998038	0.998447	-1.03008	66.5946	
0.999874	-0.000218493	-0.0158421	0.00122805	0.997965	0.0637446	0.015796	-0.0637561	0.99784	1.01354	-1.08748	67.518	
0.99989	-0.000285761	-0.0148171	0.00128077	0.99774	0.0671865	0.0147644	-0.0671981	0.99763	1.02768	-1.14806	68.4411	
0.999905	-0.000356532	-0.0137928	0.00132993	0.997502	0.0706282	0.0137332	-0.0706398	0.997407	1.04086	-1.21183	69.3641	
0.999918	-0.00043081	-0.0127691	0.00137554	0.997252	0.0740695	0.0127021	-0.0740811	0.997171	1.05309	-1.27878	70.2868	
0.999931	-0.0005086	-0.0117459	0.00141759	0.996991	0.0775104	0.0116711	-0.0775217	0.996922	1.06437	-1.34892	71.2093	
0.999998	-0.00142773	-0.00131758	0.00155005	0.99518	0.0980564	0.00117123	-0.0980583	0.99518	1.07031	-1.43015	72.131	
0.999955	-0.00256159	0.00908969	0.00146591	0.992946	0.118561	-0.00932927	-0.118542	0.992905	1.06653	-1.53036	73.0508	
0.999803	-0.00390959	0.0194704	0.00116522	0.99029	0.139013	-0.0198248	-0.138963	0.990099	1.05305	-1.64949	73.9682	
0.99954	-0.00547099	0.0298189	0.000648147	0.987214	0.159402	-0.0303097	-0.159309	0.986763	1.02985	-1.78749	74.8828	
0.999168	-0.00724497	0.0401297	-8.50364e-05	0.983718	0.179717	-0.0407784	-0.17957	0.9829	0.996963	-1.94427	75.794	
0.998687	-0.00923056	0.0503973	-0.00103394	0.979806	0.199946	-0.0512252	-0.199736	0.97851	0.954397	-2.11975	76.7015	
0.998096	-0.0114267	0.0606163	-0.00219805	0.975479	0.22008	-0.0616447	-0.219794	0.973597	0.902178	-2.31385	77.6046	
0.997396	-0.0138323	0.070781	-0.00357674	0.97074	0.240106	-0.0720312	-0.239734	0.968163	0.840334	-2.52645	78.503	
0.996588	-0.0164459	0.0808862	-0.00516929	0.965591	0.260016	-0.0823791	-0.259547	0.962211	0.768896	-2.75744	79.396	
0.995671	-0.0192663	0.0909263	-0.00697483	0.960034	0.279797	-0.092683	-0.27922	0.955744	0.687904	-3.0067	80.2834	
0.994647	-0.0222918	0.100896	-0.00899241	0.954073	0.299439	-0.102937	-0.298744	0.948765	0.597401	-3.27409	81.1645	
0.993516	-0.0255209	0.11079	-0.0112209	0.947711	0.318933	-0.113136	-0.318108	0.94128	0.497435	-3.55947	82.0389	
0.992279	-0.0289519	0.120603	-0.0136592	0.940951	0.338267	-0.123275	-0.337302	0.93329	0.38806	-3.8627	82.9062	
0.990935	-0.0325828	0.13033	-0.016306	0.933797	0.357431	-0.133348	-0.356316	0.924801	0.269335	-4.1836	83.7658	
0.989487	-0.0364119	0.139965	-0.0191597	0.926253	0.376414	-0.143349	-0.375139	0.915818	0.141321	-4.522	84.6174	
0.987934	-0.0404369	0.149504	-0.022219	0.918323	0.395207	-0.153274	-0.393761	0.906344	0.00408975	-4.87773	85.4604	
0.986278	-0.0446558	0.158941	-0.0254822	0.910011	0.4138	-0.163117	-0.412172	0.896386	-0.142287	-5.25059	86.2944	
0.984519	-0.0490663	0.168271	-0.0289475	0.901321	0.432183	-0.172872	-0.430363	0.885947	-0.297731	-5.64039	87.119	
0.982658	-0.0536661	0.177489	-0.0326131	0.892259	0.450345	-0.182535	-0.448324	0.875035	-0.462159	-6.04691	87.9337	
0.980697	-0.0584527	0.186591	-0.0364769	0.882828	0.468278	-0.1921	-0.466045	0.863655	-0.635483	-6.46994	88.7381	
0.978636	-0.0634234	0.195571	-0.0405371	0.873035	0.48597	-0.201563	-0.483516	0.851813	-0.81761	-6.90925	89.5318	
0.976477	-0.0685758	0.204425	-0.0447913	0.862883	0.503414	-0.210917	-0.500729	0.839514	-1.00844	-7.36461	90.3143	
