1	0	0	0	1	0	0	0	1	0	0	0	
0.999999	1.16929e-06	-0.00136565	1.16929e-06	0.999999	0.00171244	0.00136565	-0.00171244	0.999998	0.000503841	-0.000631786	0.737878	
0.999996	4.69146e-06	-0.00273555	4.6908e-06	0.999994	0.00342974	0.00273555	-0.00342974	0.99999	0.00201694	-0.00252894	1.47575	
0.999992	1.05876e-05	-0.00410968	1.0585e-05	0.999987	0.00515184	0.00410968	-0.00515184	0.999978	0.00454241	-0.00569502	2.21362	
0.999985	1.88788e-05	-0.00548799	1.88722e-05	0.999976	0.0068787	0.00548799	-0.0068787	0.999961	0.00808337	-0.0101336	2.95148	
0.999976	2.95858e-05	-0.00687045	2.95725e-05	0.999963	0.00861028	0.00687045	-0.00861028	0.999939	0.0126429	-0.0158481	3.68932	
0.999966	4.27293e-05	-0.00825702	4.27059e-05	0.999946	0.0103465	0.00825702	-0.0103465	0.999912	0.018224	-0.022842	4.42714	
0.999953	5.83297e-05	-0.00964767	5.82923e-05	0.999927	0.0120874	0.00964767	-0.0120874	0.99988	0.0248298	-0.0311187	5.16495	
0.999939	7.64074e-05	-0.0110424	7.63511e-05	0.999904	0.0138328	0.0110424	-0.0138328	0.999843	0.0324631	-0.0406817	5.90272	
0.999923	9.69826e-05	-0.012441	9.69019e-05	0.999879	0.0155827	0.012441	-0.0155827	0.999801	0.0411271	-0.0515342	6.64047	
0.999904	0.000120075	-0.0138437	0.000119964	0.99985	0.0173371	0.0138437	-0.0173371	0.999754	0.0508246	-0.0636797	7.37819	
0.999884	0.000145705	-0.0152503	0.000145556	0.999818	0.0190959	0.0152503	-0.0190959	0.999701	0.0615585	-0.0771213	8.11586	
0.999861	0.000173892	-0.0166607	0.000173698	0.999782	0.0208591	0.0166607	-0.0208591	0.999644	0.0733317	-0.0918622	8.8535	
0.999837	0.000204655	-0.018075	0.000204408	0.999744	0.0226266	0.018075	-0.0226266	0.999581	0.0861471	-0.107906	9.5911	
0.99981	0.000238014	-0.0194932	0.000237704	0.999702	0.0243984	0.0194932	-0.0243984	0.999512	0.100008	-0.125255	10.3286	
0.999781	0.000273988	-0.0209151	0.000273605	0.999657	0.0261744	0.0209151	-0.0261744	0.999439	0.114916	-0.143913	11.0661	
0.99975	0.000312595	-0.0223407	0.000312129	0.999609	0.0279545	0.0223407	-0.0279545	0.99936	0.130875	-0.163884	11.8036	
0.999717	0.000353855	-0.0237701	0.000353294	0.999558	0.0297388	0.0237701	-0.0297388	0.999275	0.147887	-0.185169	12.5409	
0.999682	0.000397786	-0.0252031	0.000397118	0.999503	0.0315271	0.0252031	-0.0315271	0.999185	0.165955	-0.207773	13.2783	
0.999645	0.000444406	-0.0266397	0.000443619	0.999445	0.0333195	0.0266397	-0.0333195	0.99909	0.185082	-0.231697	14.0155	
0.999606	0.000493734	-0.0280799	0.000492814	0.999383	0.0351158	0.0280799	-0.0351158	0.998989	0.20527	-0.256945	14.7527	
0.999564	0.000545788	-0.0295237	0.000544719	0.999318	0.0369161	0.0295237	-0.0369161	0.998882	0.226522	-0.283521	15.4898	
0.99952	0.000600586	-0.0309709	0.000599353	0.99925	0.0387202	0.030971	-0.0387202	0.99877	0.248841	-0.311426	16.2268	
0.999474	0.000658144	-0.0324217	0.000656732	0.999178	0.0405281	0.0324217	-0.0405281	0.998652	0.272229	-0.340664	16.9637	
0.999426	0.000718481	-0.0338759	0.000716873	0.999103	0.0423398	0.0338759	-0.0423398	0.998529	0.296689	-0.371237	17.7005	
0.999375	0.000781615	-0.0353334	0.000779792	0.999024	0.0441553	0.0353335	-0.0441552	0.9984	0.322223	-0.403149	18.4373	
0.999322	0.000847561	-0.0367944	0.000845506	0.998942	0.0459744	0.0367944	-0.0459743	0.998265	0.348834	-0.436401	19.1739	
0.999267	0.000916337	-0.0382586	0.000914029	0.998857	0.0477971	0.0382586	-0.047797	0.998124	0.376524	-0.470997	19.9105	
0.99921	0.00098796	-0.0397261	0.00098538	0.998768	0.0496234	0.0397262	-0.0496233	0.997978	0.405295	-0.506939	20.6469	
0.99915	0.00106245	-0.0411969	0.00105957	0.998675	0.0514532	0.0411969	-0.0514531	0.997825	0.435151	-0.54423	21.3833	
0.999089	0.00113981	-0.0426708	0.00113662	0.998579	0.0532864	0.0426709	-0.0532864	0.997667	0.466093	-0.582873	22.1195	
0.999024	0.00122007	-0.0441479	0.00121654	0.998479	0.0551231	0.044148	-0.055123	0.997503	0.498124	-0.622869	22.8556	
0.998958	0.00130324	-0.0456282	0.00129935	0.998375	0.0569632	0.0456283	-0.0569631	0.997333	0.531246	-0.664222	23.5915	
0.998889	0.00138934	-0.0471115	0.00138507	0.998268	0.0588065	0.0471116	-0.0588064	0.997157	0.565462	-0.706934	24.3274	
0.998817	0.00147838	-0.0485979	0.0014737	0.998158	0.0606532	0.048598	-0.0606531	0.996975	0.600773	-0.751008	25.0631	
0.998744	0.00157038	-0.0500873	0.00156526	0.998044	0.062503	0.0500874	-0.0625029	0.996787	0.637182	-0.796445	25.7987	
0.998667	0.00166536	-0.0515796	0.00165977	0.997926	0.064356	0.0515798	-0.0643559	0.996593	0.674691	-0.843248	26.5341	
0.998589	0.00176332	-0.0530749	0.00175724	0.997804	0.0662122	0.0530751	-0.066212	0.996393	0.713302	-0.89142	27.2694	
0.998508	0.00186428	-0.054573	0.00185768	0.997679	0.0680713	0.0545732	-0.0680712	0.996187	0.753018	-0.940962	28.0045	
0.998425	0.00196826	-0.056074	0.00196111	0.99755	0.0699335	0.0560743	-0.0699333	0.995974	0.79384	-0.991877	28.7395	
0.998339	0.00207527	-0.0575778	0.00206754	0.997417	0.0717987	0.0575781	-0.0717985	0.995756	0.835771	-1.04417	29.4744	
0.998251	0.00218533	-0.0590844	0.00217698	0.997281	0.0736668	0.0590847	-0.0736665	0.995531	0.878813	-1.09784	30.209	
0.99816	0.00229844	-0.0605937	0.00228945	0.99714	0.0755377	0.0605941	-0.0755374	0.9953	0.922967	-1.15288	30.9435	
0.998067	0.00241463	-0.0621057	0.00240496	0.996996	0.0774114	0.0621061	-0.0774111	0.995063	0.968236	-1.20931	31.6778	
0.997971	0.00253391	-0.0636204	0.00252352	0.996849	0.0792879	0.0636208	-0.0792876	0.99482	1.01462	-1.26712	32.412	
0.997873	0.00265628	-0.0651376	0.00264515	0.996697	0.0811671	0.0651381	-0.0811668	0.99457	1.06213	-1.32632	33.146	
0.997772	0.00278177	-0.0666574	0.00276986	0.996542	0.083049	0.0666579	-0.0830486	0.994314	1.11075	-1.38691	33.8797	
0.997669	0.00291038	-0.0681798	0.00289765	0.996382	0.0849334	0.0681803	-0.084933	0.994051	1.1605	-1.44888	34.6133	
0.997563	0.00304213	-0.0697046	0.00302854	0.996219	0.0868205	0.0697052	-0.08682	0.993782	1.21137	-1.51225	35.3467	
0.997455	0.00317703	-0.0712319	0.00316254	0.996052	0.08871	0.0712326	-0.0887095	0.993507	1.26337	-1.57701	36.0799	
0.997344	0.00331509	-0.0727616	0.00329967	0.995882	0.090602	0.0727623	-0.0906014	0.993226	1.31649	-1.64316	36.8129	
0.99723	0.00345633	-0.0742937	0.00343993	0.995707	0.0924963	0.0742945	-0.0924957	0.992937	1.37075	-1.71072	37.5457	
0.996936	0.00381947	-0.0781225	0.00369373	0.995394	0.095802	0.0781285	-0.095797	0.99233	1.42698	-1.78018	38.2781	
0.996628	0.00419549	-0.0819503	0.00396067	0.995069	0.0991103	0.081962	-0.0991006	0.991696	1.48605	-1.85209	39.0101	
0.996304	0.00458441	-0.0857771	0.0042408	0.994732	0.102421	0.0857948	-0.102406	0.991036	1.54794	-1.92643	39.7416	
0.995965	0.00498625	-0.0896027	0.00453412	0.994384	0.105734	0.0896268	-0.105714	0.990349	1.61266	-2.00322	40.4726	
0.995611	0.005401	-0.093427	0.00484066	0.994025	0.109049	0.0934577	-0.109023	0.989636	1.68021	-2.08244	41.2031	
0.995243	0.0058287	-0.0972499	0.00516044	0.993653	0.112366	0.0972876	-0.112334	0.988897	1.75058	-2.16411	41.9331	
0.994859	0.00626934	-0.101071	0.00549348	0.993271	0.115685	0.101116	-0.115645	0.98813	1.82378	-2.24822	42.6625	
0.994461	0.00672293	-0.104891	0.0058398	0.992876	0.119005	0.104943	-0.118958	0.987338	1.8998	-2.33478	43.3913	
0.994048	0.00718948	-0.108708	0.00619941	0.992471	0.122326	0.108769	-0.122272	0.986519	1.97865	-2.42377	44.1195	
0.993619	0.00766901	-0.112524	0.00657231	0.992053	0.125649	0.112593	-0.125587	0.985673	2.06032	-2.51522	44.8472	
0.993176	0.00816151	-0.116337	0.00695854	0.991624	0.128972	0.116415	-0.128901	0.9848	2.14481	-2.60911	45.5741	
0.992718	0.00866698	-0.120148	0.00735808	0.991183	0.132296	0.120235	-0.132216	0.983902	2.23212	-2.70545	46.3005	
0.992245	0.00918544	-0.123957	0.00777096	0.99073	0.13562	0.124053	-0.135532	0.982976	2.32225	-2.80423	47.0261	
0.991757	0.00971689	-0.127763	0.00819718	0.990266	0.138944	0.127869	-0.138846	0.982024	2.41519	-2.90546	47.7511	
0.991254	0.0102613	-0.131566	0.00863673	0.98979	0.142269	0.131683	-0.142161	0.981045	2.51095	-3.00913	48.4754	
0.990737	0.0108187	-0.135366	0.00908964	0.989303	0.145593	0.135493	-0.145475	0.98004	2.60952	-3.11526	49.1989	
0.990204	0.0113891	-0.139164	0.00955588	0.988803	0.148917	0.139302	-0.148788	0.979008	2.7109	-3.22382	49.9217	
0.989656	0.0119725	-0.142958	0.0100355	0.988293	0.152241	0.143107	-0.1521	0.97795	2.8151	-3.33483	50.6437	
0.989094	0.0125689	-0.146749	0.0105284	0.98777	0.155563	0.146909	-0.155412	0.976865	2.9221	-3.44828	51.3649	
0.988517	0.0131782	-0.150536	0.0110347	0.987235	0.158885	0.150709	-0.158721	0.975753	3.0319	-3.56418	52.0853	
0.987924	0.0138005	-0.15432	0.0115543	0.986689	0.162205	0.154505	-0.162029	0.974615	3.1445	-3.68252	52.8048	
0.987317	0.0144357	-0.158101	0.0120872	0.986132	0.165524	0.158298	-0.165336	0.973451	3.25991	-3.8033	53.5236	
0.986696	0.015084	-0.161877	0.0126334	0.985562	0.168841	0.162087	-0.16864	0.972259	3.37811	-3.92651	54.2414	
0.986059	0.0157451	-0.16565	0.013193	0.984981	0.172157	0.165872	-0.171942	0.971042	3.49911	-4.05217	54.9584	
0.985408	0.0164192	-0.169418	0.0137658	0.984388	0.17547	0.169654	-0.175242	0.969798	3.6229	-4.18026	55.6744	
0.984741	0.0171062	-0.173182	0.0143519	0.983784	0.178782	0.173432	-0.178539	0.968527	3.74948	-4.31078	56.3896	
0.98406	0.0178061	-0.176942	0.0149513	0.983168	0.182091	0.177206	-0.181834	0.96723	3.87884	-4.44374	57.1037	
0.983364	0.018519	-0.180697	0.0155639	0.98254	0.185397	0.180975	-0.185125	0.965907	4.01099	-4.57912	57.8169	
0.982654	0.0192447	-0.184447	0.0161897	0.981901	0.1887	0.18474	-0.188413	0.964558	4.14592	-4.71694	58.5292	
0.981929	0.0199832	-0.188193	0.0168288	0.98125	0.192001	0.188501	-0.191698	0.963182	4.28362	-4.85718	59.2404	
0.981189	0.0207347	-0.191934	0.017481	0.980588	0.195298	0.192257	-0.19498	0.96178	4.4241	-4.99984	59.9506	
0.980434	0.0214989	-0.195669	0.0181463	0.979914	0.198592	0.196009	-0.198257	0.960351	4.56734	-5.14492	60.6597	
0.979665	0.022276	-0.1994	0.0188248	0.979229	0.201882	0.199755	-0.201531	0.958897	4.71336	-5.29242	61.3678	
0.978881	0.0230658	-0.203125	0.0195164	0.978532	0.205169	0.203497	-0.2048	0.957416	4.86213	-5.44233	62.0748	
0.978083	0.0238685	-0.206844	0.0202211	0.977824	0.208452	0.207233	-0.208065	0.95591	5.01367	-5.59465	62.7807	
0.97727	0.0246839	-0.210558	0.0209388	0.977104	0.21173	0.210964	-0.211326	0.954377	5.16796	-5.74938	63.4855	
0.976442	0.025512	-0.214267	0.0216695	0.976373	0.215004	0.214689	-0.214582	0.952818	5.325	-5.90651	64.1892	
0.9756	0.0263528	-0.217969	0.0224132	0.97563	0.218273	0.218409	-0.217833	0.951234	5.48478	-6.06605	64.8916	
0.974743	0.0272063	-0.221665	0.0231698	0.974876	0.221538	0.222124	-0.221079	0.949624	5.64731	-6.22798	65.5929	
0.973872	0.0280724	-0.225356	0.0239393	0.974111	0.224798	0.225832	-0.224319	0.947988	5.81258	-6.39231	66.293	
0.972986	0.0289512	-0.22904	0.0247216	0.973335	0.228053	0.229535	-0.227554	0.946326	5.98059	-6.55902	66.9919	
0.972087	0.0298426	-0.232717	0.0255168	0.972547	0.231302	0.233231	-0.230784	0.944639	6.15132	-6.72812	67.6896	
0.971172	0.0307465	-0.236388	0.0263248	0.971749	0.234546	0.236921	-0.234007	0.942926	6.32478	-6.8996	68.386	
0.970243	0.031663	-0.240052	0.0271455	0.970939	0.237784	0.240605	-0.237224	0.941187	6.50096	-7.07346	69.0811	
0.9693	0.0325919	-0.24371	0.0279789	0.970118	0.241016	0.244282	-0.240436	0.939424	6.67985	-7.24969	69.7749	
0.968343	0.0335334	-0.24736	0.0288249	0.969286	0.244242	0.247953	-0.24364	0.937635	6.86146	-7.42828	70.4675	
0.964377	0.0373885	-0.261875	0.0313654	0.966816	0.25354	0.262665	-0.252722	0.931203	7.04985	-7.61141	71.157	
0.960184	0.0413841	-0.276288	0.0340519	0.964257	0.262773	0.277287	-0.261718	0.924454	7.24906	-7.80122	71.8416	
