1	0	0	0	1	0	0	0	1	0	0	0	
0.999995	2.77841e-06	-0.0032488	2.77841e-06	0.999999	0.00171042	0.0032488	-0.00171042	0.999993	0.00156041	-0.000821519	0.960604	
0.999979	1.11361e-05	-0.0065029	1.11444e-05	0.999994	0.00342618	0.0065029	-0.00342618	0.999973	0.00624418	-0.00328865	1.92119	
0.999952	2.51082e-05	-0.00976216	2.51414e-05	0.999987	0.00514723	0.00976216	-0.00514723	0.999939	0.0140563	-0.00740648	2.88176	
0.999915	4.47293e-05	-0.0130264	4.48126e-05	0.999976	0.00687349	0.0130264	-0.00687349	0.999892	0.0250018	-0.0131801	3.84229	
0.999867	7.00335e-05	-0.0162956	7.02005e-05	0.999963	0.0086049	0.0162956	-0.0086049	0.99983	0.0390853	-0.0206144	4.80276	
0.999808	0.000101054	-0.0195695	0.000101347	0.999947	0.0103414	0.0195695	-0.0103414	0.999755	0.0563114	-0.0297144	5.76317	
0.999739	0.000137824	-0.022848	0.000138293	0.999927	0.0120829	0.022848	-0.0120829	0.999666	0.0766847	-0.0404849	6.7235	
0.999659	0.000180375	-0.026131	0.00018108	0.999904	0.0138294	0.026131	-0.0138294	0.999563	0.100209	-0.0529307	7.68373	
0.999567	0.000228738	-0.0294182	0.000229747	0.999879	0.0155808	0.0294182	-0.0155808	0.999446	0.12689	-0.0670565	8.64386	
0.999465	0.000282946	-0.0327097	0.000284335	0.99985	0.017337	0.0327097	-0.017337	0.999315	0.15673	-0.082867	9.60388	
0.999352	0.000343026	-0.0360052	0.000344883	0.999818	0.0190979	0.0360051	-0.0190979	0.999169	0.189734	-0.100367	10.5638	
0.999227	0.000409011	-0.0393045	0.000411428	0.999782	0.0208635	0.0393045	-0.0208636	0.999009	0.225906	-0.11956	11.5235	
0.999092	0.000480927	-0.0426077	0.000484009	0.999744	0.0226338	0.0426076	-0.0226338	0.998835	0.265248	-0.140452	12.4831	
0.998945	0.000558804	-0.0459144	0.000562662	0.999702	0.0244086	0.0459144	-0.0244087	0.998647	0.307766	-0.163047	13.4425	
0.998788	0.000642668	-0.0492246	0.000647425	0.999657	0.0261879	0.0492246	-0.026188	0.998444	0.353461	-0.187349	14.4017	
0.998619	0.000732548	-0.0525382	0.000738333	0.999608	0.0279716	0.0525381	-0.0279717	0.998227	0.402338	-0.213362	15.3607	
0.998439	0.000828469	-0.0558549	0.000835422	0.999557	0.0297596	0.0558548	-0.0297598	0.997995	0.4544	-0.241091	16.3195	
0.998247	0.000930457	-0.0591747	0.000938727	0.999502	0.0315519	0.0591745	-0.0315522	0.997749	0.509649	-0.270539	17.278	
0.998045	0.00103854	-0.0624974	0.00104828	0.999443	0.0333485	0.0624972	-0.0333488	0.997488	0.568088	-0.301711	18.2364	
0.997831	0.00115273	-0.0658228	0.00116412	0.999381	0.0351491	0.0658226	-0.0351495	0.997212	0.629721	-0.334611	19.1944	
0.997605	0.00127307	-0.0691509	0.00128627	0.999316	0.0369539	0.0691507	-0.0369543	0.996922	0.694549	-0.369243	20.1522	
0.997369	0.00139957	-0.0724815	0.00141478	0.999247	0.0387626	0.0724812	-0.0387632	0.996616	0.762575	-0.40561	21.1097	
0.997121	0.00153226	-0.0758144	0.00154966	0.999175	0.0405753	0.075814	-0.040576	0.996296	0.833802	-0.443717	22.0669	
0.996861	0.00167115	-0.0791495	0.00169095	0.9991	0.0423918	0.0791491	-0.0423926	0.995961	0.908231	-0.483567	23.0238	
0.996591	0.00181627	-0.0824867	0.00183869	0.99902	0.0442121	0.0824862	-0.0442131	0.995611	0.985865	-0.525164	23.9804	
0.996308	0.00196764	-0.0858259	0.0019929	0.998938	0.0460362	0.0858253	-0.0460373	0.995246	1.06671	-0.568512	24.9366	
0.996014	0.00212528	-0.0891668	0.00215361	0.998852	0.0478638	0.0891661	-0.0478651	0.994866	1.15075	-0.613614	25.8924	
0.995709	0.00228921	-0.0925094	0.00232084	0.998762	0.0496951	0.0925086	-0.0496966	0.994471	1.23801	-0.660473	26.8479	
0.995392	0.00245944	-0.0958535	0.00249464	0.998668	0.0515298	0.0958525	-0.0515315	0.994061	1.32848	-0.709093	27.803	
0.995064	0.002636	-0.0991989	0.00267502	0.998571	0.053368	0.0991979	-0.05337	0.993635	1.42217	-0.759478	28.7577	
0.994724	0.0028189	-0.102546	0.00286201	0.998471	0.0552096	0.102544	-0.0552118	0.993195	1.51907	-0.81163	29.712	
0.994373	0.00300816	-0.105893	0.00305563	0.998366	0.0570544	0.105892	-0.0570569	0.992739	1.61918	-0.865553	30.6658	
0.99401	0.00320379	-0.109242	0.00325592	0.998258	0.0589024	0.109241	-0.0589053	0.992268	1.72251	-0.92125	31.6193	
0.993635	0.00340581	-0.112592	0.00346289	0.998147	0.0607536	0.11259	-0.0607568	0.991782	1.82905	-0.978724	32.5722	
0.993249	0.00361423	-0.115942	0.00367658	0.998031	0.0626078	0.11594	-0.0626114	0.991281	1.93882	-1.03798	33.5247	
0.992852	0.00382907	-0.119293	0.00389699	0.997912	0.064465	0.119291	-0.0644691	0.990764	2.0518	-1.09902	34.4767	
0.992442	0.00405034	-0.122644	0.00412417	0.99779	0.0663252	0.122642	-0.0663297	0.990232	2.168	-1.16184	35.4281	
0.992022	0.00427806	-0.125996	0.00435812	0.997663	0.0681882	0.125993	-0.0681933	0.989685	2.28742	-1.22645	36.3791	
0.991589	0.00451222	-0.129347	0.00459887	0.997533	0.070054	0.129344	-0.0700596	0.989122	2.41006	-1.29285	37.3295	
0.991145	0.00475286	-0.132699	0.00484644	0.997398	0.0719224	0.132695	-0.0719287	0.988543	2.53592	-1.36105	38.2794	
0.990689	0.00499997	-0.13605	0.00510085	0.99726	0.0737935	0.136047	-0.0738004	0.98795	2.665	-1.43105	39.2287	
0.990222	0.00525356	-0.139401	0.00536212	0.997119	0.0756672	0.139397	-0.0756748	0.987341	2.79729	-1.50284	40.1775	
0.989743	0.00551365	-0.142752	0.00563027	0.996973	0.0775433	0.142748	-0.0775517	0.986716	2.93281	-1.57643	41.1256	
0.989253	0.00578024	-0.146103	0.00590531	0.996824	0.0794218	0.146098	-0.079431	0.986076	3.07154	-1.65183	42.0731	
0.98875	0.00605335	-0.149452	0.00618727	0.99667	0.0813026	0.149447	-0.0813127	0.985421	3.21349	-1.72904	43.0201	
0.988237	0.00633297	-0.152801	0.00647615	0.996513	0.0831857	0.152795	-0.0831968	0.98475	3.35866	-1.80805	43.9663	
0.987711	0.00661912	-0.156149	0.00677198	0.996352	0.085071	0.156142	-0.085083	0.984063	3.50704	-1.88888	44.912	
0.987174	0.0069118	-0.159495	0.00707477	0.996187	0.0869584	0.159488	-0.0869715	0.983361	3.65864	-1.97152	45.8569	
0.986626	0.00721101	-0.162841	0.00738453	0.996018	0.0888478	0.162833	-0.088862	0.982644	3.81345	-2.05597	46.8012	
0.986066	0.00751677	-0.166185	0.00770128	0.995845	0.0907391	0.166177	-0.0907546	0.981911	3.97148	-2.14224	47.7448	
0.985494	0.00782906	-0.169528	0.00802503	0.995668	0.0926324	0.169519	-0.0926491	0.981162	4.13271	-2.23033	48.6877	
0.984911	0.00814791	-0.172869	0.00835579	0.995487	0.0945274	0.172859	-0.0945455	0.980398	4.29716	-2.32024	49.6298	
0.984316	0.0084733	-0.176208	0.00869358	0.995302	0.0964241	0.176198	-0.0964437	0.979619	4.46481	-2.41197	50.5712	
0.98371	0.00880525	-0.179546	0.0090384	0.995114	0.0983225	0.179534	-0.0983437	0.978824	4.63567	-2.50553	51.5119	
0.983092	0.00914375	-0.182881	0.00939027	0.994921	0.100222	0.182869	-0.100245	0.978013	4.80974	-2.60091	52.4517	
0.982463	0.0094888	-0.186215	0.0097492	0.994724	0.102124	0.186201	-0.102148	0.977187	4.987	-2.69812	53.3908	
0.981823	0.0098404	-0.189546	0.0101152	0.994523	0.104027	0.189531	-0.104053	0.976346	5.16747	-2.79716	54.3291	
0.98117	0.0101986	-0.192874	0.0104883	0.994318	0.105931	0.192859	-0.105959	0.975489	5.35113	-2.89803	55.2666	
0.980507	0.0105633	-0.1962	0.0108684	0.994109	0.107837	0.196184	-0.107867	0.974616	5.53799	-3.00074	56.2032	
0.979832	0.0109345	-0.199524	0.0112556	0.993896	0.109743	0.199506	-0.109776	0.973728	5.72804	-3.10527	57.139	
0.979146	0.0113123	-0.202844	0.0116499	0.993679	0.111651	0.202825	-0.111686	0.972825	5.92128	-3.21164	58.074	
0.978448	0.0116966	-0.206162	0.0120514	0.993458	0.11356	0.206142	-0.113597	0.971906	6.11771	-3.31984	59.008	
0.97749	0.012231	-0.210628	0.013154	0.992843	0.118699	0.210573	-0.118798	0.970333	6.31786	-3.43146	59.9409	
0.976511	0.0127897	-0.21509	0.0142804	0.9922	0.123832	0.214996	-0.123994	0.968712	6.52226	-3.54808	60.8722	
0.975511	0.0133725	-0.219546	0.0154307	0.99153	0.128957	0.219411	-0.129187	0.967042	6.73091	-3.66968	61.802	
0.97449	0.0139794	-0.223996	0.0166046	0.990832	0.134075	0.223817	-0.134374	0.965324	6.94379	-3.79627	62.7301	
0.973449	0.0146105	-0.228439	0.0178022	0.990106	0.139185	0.228213	-0.139557	0.963557	7.16091	-3.92784	63.6566	
0.972387	0.0152655	-0.232876	0.0190235	0.989353	0.144288	0.232599	-0.144734	0.961743	7.38224	-4.06439	64.5813	
0.971304	0.0159446	-0.237304	0.0202683	0.988572	0.149382	0.236974	-0.149905	0.959881	7.60777	-4.2059	65.5043	
0.970202	0.0166475	-0.241725	0.0215367	0.987763	0.154468	0.241338	-0.155071	0.957971	7.83751	-4.35239	66.4254	
0.969079	0.0173743	-0.246136	0.0228286	0.986927	0.159545	0.245691	-0.160231	0.956014	8.07143	-4.50383	67.3447	
0.967937	0.0181247	-0.250539	0.0241439	0.986063	0.164613	0.25003	-0.165384	0.954009	8.30953	-4.66022	68.2621	
0.966775	0.0188988	-0.254931	0.0254826	0.985171	0.169672	0.254357	-0.170531	0.951957	8.55179	-4.82156	69.1775	
0.965593	0.0196965	-0.259312	0.0268446	0.984252	0.174721	0.25867	-0.17567	0.949858	8.7982	-4.98785	70.091	
0.96345	0.0212215	-0.267046	0.0327679	0.980036	0.196101	0.265877	-0.197684	0.94352	9.05015	-5.16718	71.0004	
0.961249	0.0229259	-0.274726	0.0388521	0.975324	0.217332	0.27293	-0.219584	0.936639	9.30896	-5.3676	71.9035	
0.958991	0.0248087	-0.282347	0.0450939	0.970119	0.238401	0.279825	-0.241357	0.929217	9.57446	-5.589	72.7997	
0.956678	0.0268688	-0.289906	0.0514895	0.964424	0.259297	0.286559	-0.262991	0.92126	9.84651	-5.83125	73.6886	
0.95431	0.029105	-0.297397	0.0580354	0.958242	0.280007	0.293128	-0.284473	0.912771	10.1249	-6.09422	74.5695	
0.951889	0.031516	-0.304817	0.0647277	0.951577	0.300519	0.299528	-0.305791	0.903756	10.4096	-6.37774	75.442	
0.949417	0.0341005	-0.312162	0.0715627	0.944432	0.320822	0.305756	-0.326933	0.894219	10.7003	-6.68165	76.3056	
0.946894	0.0368569	-0.319426	0.0785362	0.936812	0.340904	0.311806	-0.347887	0.884167	10.997	-7.00578	77.1598	
0.944323	0.0397837	-0.326606	0.0856444	0.928721	0.360753	0.317677	-0.368639	0.873605	11.2993	-7.34995	78.0042	
0.941705	0.0428791	-0.333697	0.0928831	0.920163	0.380358	0.323365	-0.389179	0.862539	11.6072	-7.71395	78.8381	
0.93904	0.0461414	-0.340696	0.100248	0.911145	0.399707	0.328867	-0.409495	0.850976	11.9205	-8.09757	79.6611	
0.936332	0.0495687	-0.347599	0.107735	0.90167	0.418789	0.334178	-0.429575	0.838922	12.239	-8.5006	80.4728	
0.933581	0.0531591	-0.354401	0.11534	0.891744	0.437594	0.339297	-0.449406	0.826384	12.5625	-8.9228	81.2727	
0.930789	0.0569104	-0.361099	0.123059	0.881374	0.45611	0.344221	-0.468979	0.81337	12.8908	-9.36392	82.0603	
0.927958	0.0608205	-0.367689	0.130886	0.870564	0.474327	0.348945	-0.488281	0.799887	13.2238	-9.82372	82.8352	
0.925089	0.0648871	-0.374166	0.138818	0.859322	0.492235	0.353469	-0.507302	0.785942	13.5611	-10.3019	83.5969	
0.922184	0.0691079	-0.380528	0.146849	0.847654	0.509822	0.357789	-0.52603	0.771544	13.9028	-10.7983	84.345	
0.919244	0.0734805	-0.38677	0.154976	0.835566	0.527079	0.361902	-0.544454	0.756701	14.2485	-11.3124	85.0791	
0.916271	0.0780023	-0.39289	0.163193	0.823065	0.543996	0.365807	-0.562565	0.741422	14.598	-11.8442	85.7987	
0.913268	0.0826707	-0.398883	0.171497	0.810159	0.560563	0.369501	-0.580351	0.725715	14.9512	-12.3931	86.5034	
0.910235	0.0874831	-0.404745	0.179881	0.796856	0.576771	0.372981	-0.597803	0.709589	15.3078	-12.959	87.1928	
0.907175	0.0924366	-0.410475	0.188341	0.783161	0.592609	0.376247	-0.614909	0.693055	15.6677	-13.5415	87.8665	
0.904089	0.0975285	-0.416067	0.196873	0.769085	0.60807	0.379295	-0.631662	0.67612	16.0306	-14.1403	88.5242	
0.900978	0.102756	-0.42152	0.205471	0.754634	0.623144	0.382125	-0.648049	0.658796	16.3963	-14.755	89.1654	
0.897846	0.108115	-0.42683	0.21413	0.739818	0.637823	0.384734	-0.664064	0.641092	16.7647	-15.3852	89.7897	
