1	0	0	0	1	0	0	0	1	0	0	0	
0.999999	1.65918e-06	0.00116772	1.65918e-06	0.999996	-0.00284172	-0.00116772	0.00284172	0.999995	-0.000486551	0.00118405	0.833332	
0.999997	6.65398e-06	0.00233876	6.65072e-06	0.999984	-0.00568873	-0.00233876	0.00568873	0.999981	-0.00194759	0.00473841	1.66666	
0.999994	1.50093e-05	0.00351308	1.49963e-05	0.999964	-0.00854092	-0.00351308	0.00854092	0.999957	-0.00438586	0.0106674	2.49996	
0.999989	2.67499e-05	0.00469065	2.67172e-05	0.999935	-0.0113982	-0.00469065	0.0113982	0.999924	-0.00780408	0.0189754	3.33325	
0.999983	4.19001e-05	0.00587144	4.18345e-05	0.999898	-0.0142605	-0.00587144	0.0142605	0.999881	-0.012205	0.0296666	4.1665	
0.999975	6.04841e-05	0.00705541	6.03691e-05	0.999853	-0.0171277	-0.00705541	0.0171277	0.999828	-0.0175911	0.042745	4.99971	
0.999966	8.25258e-05	0.00824252	8.23414e-05	0.9998	-0.0199997	-0.00824252	0.0199997	0.999766	-0.0239653	0.0582147	5.83288	
0.999956	0.000108049	0.00943274	0.000107772	0.999738	-0.0228764	-0.00943275	0.0228764	0.999694	-0.03133	0.0760798	6.66599	
0.999944	0.000137076	0.010626	0.00013668	0.999668	-0.0257578	-0.010626	0.0257578	0.999612	-0.0396878	0.096344	7.49903	
0.99993	0.000169632	0.0118224	0.000169086	0.99959	-0.0286436	-0.0118224	0.0286436	0.99952	-0.0490414	0.119011	8.33201	
0.999915	0.000205738	0.0130217	0.000205008	0.999503	-0.0315339	-0.0130217	0.0315339	0.999418	-0.0593931	0.144085	9.1649	
0.999899	0.000245417	0.0142241	0.000244467	0.999407	-0.0344286	-0.0142241	0.0344286	0.999306	-0.0707455	0.17157	9.9977	
0.999881	0.000288692	0.0154293	0.00028748	0.999303	-0.0373275	-0.0154293	0.0373275	0.999184	-0.0831011	0.201468	10.8304	
0.999862	0.000335584	0.0166375	0.000334067	0.99919	-0.0402305	-0.0166375	0.0402305	0.999052	-0.0964623	0.233784	11.663	
0.999841	0.000386116	0.0178485	0.000384246	0.999069	-0.0431376	-0.0178485	0.0431376	0.99891	-0.110831	0.268521	12.4955	
0.999818	0.000440309	0.0190623	0.000438033	0.998939	-0.0460487	-0.0190624	0.0460487	0.998757	-0.126211	0.305682	13.3278	
0.999794	0.000498183	0.020279	0.000495448	0.9988	-0.0489636	-0.020279	0.0489636	0.998595	-0.142603	0.34527	14.1601	
0.999769	0.000559761	0.0214984	0.000556507	0.998653	-0.0518823	-0.0214985	0.0518823	0.998422	-0.160011	0.387289	14.9922	
0.999742	0.000625062	0.0227205	0.000621228	0.998497	-0.0548047	-0.0227206	0.0548047	0.998239	-0.178435	0.431742	15.8241	
0.999713	0.000694107	0.0239453	0.000689627	0.998332	-0.0577307	-0.0239454	0.0577306	0.998045	-0.197879	0.478632	16.6559	
0.999683	0.000766916	0.0251727	0.00076172	0.998158	-0.0606602	-0.0251729	0.0606601	0.997841	-0.218345	0.527961	17.4875	
0.999651	0.000843509	0.0264028	0.000837524	0.997976	-0.063593	-0.026403	0.0635929	0.997627	-0.239835	0.579734	18.319	
0.999618	0.000923905	0.0276354	0.000917055	0.997784	-0.0665292	-0.0276357	0.0665291	0.997402	-0.262352	0.633951	19.1502	
0.999583	0.00100812	0.0288706	0.00100033	0.997584	-0.0694685	-0.0288709	0.0694684	0.997166	-0.285896	0.690617	19.9813	
0.999546	0.00109619	0.0301083	0.00108736	0.997374	-0.072411	-0.0301086	0.0724109	0.99692	-0.310471	0.749733	20.8122	
0.999508	0.00118811	0.0313484	0.00117816	0.997156	-0.0753565	-0.0313488	0.0753564	0.996664	-0.336078	0.811303	21.6428	
0.999468	0.00128391	0.032591	0.00127275	0.996929	-0.0783049	-0.0325914	0.0783047	0.996397	-0.36272	0.875329	22.4733	
0.999426	0.0013836	0.033836	0.00137114	0.996692	-0.0812562	-0.0338365	0.081256	0.996119	-0.390398	0.941812	23.3035	
0.999383	0.00148721	0.0350833	0.00147335	0.996447	-0.0842102	-0.0350839	0.0842099	0.99583	-0.419115	1.01076	24.1335	
0.999338	0.00159476	0.0363329	0.00157938	0.996192	-0.0871668	-0.0363336	0.0871665	0.995531	-0.448872	1.08216	24.9632	
0.999292	0.00170625	0.0375848	0.00168926	0.995929	-0.0901259	-0.0375856	0.0901256	0.995221	-0.479672	1.15604	25.7927	
0.999244	0.00182171	0.038839	0.00180299	0.995656	-0.0930876	-0.0388398	0.0930872	0.9949	-0.511516	1.23237	26.6219	
0.999194	0.00194115	0.0400953	0.0019206	0.995375	-0.0960515	-0.0400963	0.0960511	0.994568	-0.544406	1.31118	27.4508	
0.999142	0.00206459	0.0413538	0.00204208	0.995084	-0.0990178	-0.0413549	0.0990173	0.994226	-0.578344	1.39246	28.2795	
0.999089	0.00219204	0.0426145	0.00216745	0.994783	-0.101986	-0.0426157	0.101986	0.993873	-0.613332	1.47621	29.1079	
0.999034	0.00232353	0.0438772	0.00229673	0.994474	-0.104957	-0.0438786	0.104956	0.993508	-0.649371	1.56244	29.936	
0.998978	0.00245906	0.045142	0.00242993	0.994156	-0.107929	-0.0451436	0.107928	0.993133	-0.686464	1.65114	30.7637	
0.998919	0.00259866	0.0464088	0.00256706	0.993828	-0.110903	-0.0464106	0.110903	0.992747	-0.724611	1.74232	31.5912	
0.998859	0.00274232	0.0476776	0.00270812	0.993491	-0.11388	-0.0476795	0.113879	0.99235	-0.763816	1.83598	32.4183	
0.998797	0.00289009	0.0489483	0.00285313	0.993145	-0.116857	-0.0489505	0.116857	0.991942	-0.804078	1.93212	33.2451	
0.998734	0.00304195	0.0502209	0.00300211	0.992789	-0.119837	-0.0502233	0.119836	0.991523	-0.845401	2.03074	34.0715	
0.998668	0.00319793	0.0514954	0.00315505	0.992424	-0.122818	-0.051498	0.122817	0.991092	-0.887785	2.13185	34.8976	
0.998601	0.00335805	0.0527717	0.00331197	0.99205	-0.1258	-0.0527746	0.125799	0.990651	-0.931231	2.23544	35.7234	
0.998532	0.00352231	0.0540498	0.00347289	0.991667	-0.128784	-0.054053	0.128783	0.990199	-0.975743	2.34151	36.5487	
0.998461	0.00369073	0.0553296	0.0036378	0.991274	-0.131769	-0.0553331	0.131767	0.989735	-1.02132	2.45007	37.3737	
0.998389	0.00386332	0.0566111	0.00380671	0.990872	-0.134755	-0.056615	0.134753	0.98926	-1.06797	2.56112	38.1983	
0.998315	0.0040401	0.0578944	0.00397965	0.99046	-0.137742	-0.0578985	0.13774	0.988775	-1.11568	2.67466	39.0224	
0.998238	0.00422107	0.0591792	0.0041566	0.990039	-0.14073	-0.0591838	0.140728	0.988278	-1.16446	2.79069	39.8462	
0.998161	0.00440624	0.0604656	0.00433759	0.989609	-0.143719	-0.0604706	0.143717	0.98777	-1.21432	2.90921	40.6696	
0.998081	0.00459564	0.0617536	0.00452262	0.989169	-0.146709	-0.061759	0.146707	0.98725	-1.26525	3.03022	41.4925	
0.997999	0.00478926	0.0630431	0.00471169	0.98872	-0.149699	-0.0630489	0.149697	0.98672	-1.31725	3.15372	42.315	
0.997916	0.00498713	0.0643341	0.00490481	0.988262	-0.15269	-0.0643404	0.152688	0.986178	-1.37033	3.27972	43.137	
0.997831	0.00518924	0.0656265	0.005102	0.987794	-0.155682	-0.0656333	0.155679	0.985625	-1.42449	3.4082	43.9586	
0.997744	0.00539562	0.0669202	0.00530325	0.987317	-0.158674	-0.0669276	0.15867	0.985061	-1.47972	3.53918	44.7797	
0.997655	0.00560627	0.0682154	0.00550857	0.98683	-0.161666	-0.0682234	0.161662	0.984485	-1.53603	3.67265	45.6004	
0.997564	0.0058212	0.0695119	0.00571797	0.986334	-0.164658	-0.0695204	0.164654	0.983898	-1.59343	3.80862	46.4205	
0.997472	0.00604041	0.0708096	0.00593145	0.985829	-0.167651	-0.0708188	0.167647	0.9833	-1.6519	3.94708	47.2402	
0.997169	0.00674585	0.0748949	0.0062379	0.985115	-0.171783	-0.0749389	0.171764	0.982284	-1.71263	4.0885	48.0592	
0.996849	0.0074684	0.0789759	0.00656216	0.984383	-0.175918	-0.0790564	0.175881	0.981232	-1.7768	4.23335	48.8773	
0.996511	0.00820807	0.0830525	0.00690427	0.983633	-0.180054	-0.083171	0.179999	0.980144	-1.84439	4.38164	49.6946	
0.996157	0.00896485	0.0871244	0.00726424	0.982864	-0.184191	-0.0872827	0.184116	0.979021	-1.91542	4.53335	50.5109	
0.995786	0.00973875	0.0911917	0.00764209	0.982076	-0.188329	-0.0913912	0.188233	0.977863	-1.98986	4.6885	51.3263	
0.995397	0.0105297	0.095254	0.00803782	0.98127	-0.192468	-0.0954965	0.192348	0.976669	-2.06773	4.84707	52.1407	
0.994992	0.0113379	0.0993112	0.00845144	0.980446	-0.196607	-0.0995984	0.196461	0.97544	-2.14902	5.00908	52.954	
0.994569	0.012163	0.103363	0.00888296	0.979603	-0.200745	-0.103697	0.200573	0.974175	-2.23373	5.17451	53.7664	
0.99413	0.0130053	0.10741	0.00933237	0.978742	-0.204883	-0.107791	0.204682	0.972875	-2.32185	5.34336	54.5777	
0.993673	0.0138647	0.111451	0.00979967	0.977863	-0.209019	-0.111882	0.208789	0.97154	-2.41338	5.51564	55.3878	
0.9932	0.0147411	0.115487	0.0102848	0.976965	-0.213153	-0.115969	0.212892	0.970169	-2.50832	5.69135	56.1969	
0.992709	0.0156345	0.119517	0.0107879	0.976048	-0.217286	-0.120051	0.216991	0.968763	-2.60666	5.87046	57.0048	
0.992202	0.016545	0.123541	0.0113088	0.975114	-0.221416	-0.12413	0.221086	0.967322	-2.7084	6.053	57.8115	
0.991677	0.0174725	0.127558	0.0118475	0.974161	-0.225543	-0.128203	0.225177	0.965846	-2.81354	6.23894	58.617	
0.991136	0.018417	0.13157	0.012404	0.97319	-0.229667	-0.132272	0.229264	0.964335	-2.92208	6.42829	59.4212	
0.990578	0.0193785	0.135575	0.0129784	0.972201	-0.233788	-0.136337	0.233345	0.962789	-3.034	6.62105	60.2242	
0.990002	0.0203569	0.139574	0.0135704	0.971194	-0.237904	-0.140396	0.23742	0.961208	-3.1493	6.8172	61.0258	
0.98941	0.0213522	0.143566	0.0141802	0.970169	-0.242016	-0.144451	0.241489	0.959592	-3.26799	7.01674	61.8262	
0.988802	0.0223645	0.147551	0.0148077	0.969125	-0.246123	-0.1485	0.245552	0.957941	-3.39005	7.21968	62.6252	
0.988176	0.0233936	0.15153	0.0154528	0.968064	-0.250225	-0.152544	0.249608	0.956256	-3.51549	7.426	63.4227	
0.987533	0.0244395	0.155501	0.0161155	0.966985	-0.254321	-0.156583	0.253657	0.954537	-3.64429	7.63569	64.2189	
0.986874	0.0255023	0.159465	0.0167957	0.965889	-0.258412	-0.160616	0.257698	0.952782	-3.77646	7.84876	65.0136	
0.986198	0.0265819	0.163422	0.0174935	0.964775	-0.262496	-0.164643	0.261732	0.950994	-3.91198	8.06519	65.8069	
0.985505	0.0276782	0.167371	0.0182086	0.963643	-0.266573	-0.168664	0.265756	0.949171	-4.05086	8.28497	66.5986	
0.984796	0.0287912	0.171313	0.0189412	0.962494	-0.270643	-0.172679	0.269773	0.947314	-4.19309	8.50811	67.3888	
0.98407	0.0299209	0.175246	0.019691	0.961327	-0.274705	-0.176689	0.27378	0.945424	-4.33866	8.73459	68.1775	
0.983327	0.0310673	0.179172	0.0204581	0.960143	-0.27876	-0.180691	0.277777	0.943499	-4.48757	8.96441	68.9645	
0.982568	0.0322302	0.18309	0.0212424	0.958942	-0.282806	-0.184688	0.281765	0.941541	-4.63981	9.19755	69.7499	
0.981792	0.0334098	0.187	0.0220438	0.957724	-0.286843	-0.188678	0.285743	0.939549	-4.79538	9.43401	70.5337	
0.978013	0.0389348	0.204879	0.0236945	0.95531	-0.294653	-0.207195	0.293029	0.933383	-4.96033	9.67518	71.3142	
0.973881	0.0445977	0.222637	0.0254992	0.952837	-0.30241	-0.225623	0.300188	0.926812	-5.14068	9.92236	72.0893	
0.969398	0.050396	0.240265	0.0274573	0.950304	-0.31011	-0.243953	0.307217	0.919839	-5.33634	10.1755	72.8587	
0.964567	0.0563273	0.257756	0.0295677	0.947713	-0.31775	-0.262177	0.314112	0.912467	-5.54724	10.4344	73.6222	
0.959388	0.0623889	0.275103	0.0318296	0.945066	-0.325327	-0.280287	0.320872	0.904699	-5.77327	10.6989	74.3794	
0.953865	0.0685782	0.292298	0.0342421	0.942362	-0.332838	-0.298276	0.327491	0.896538	-6.01435	10.9691	75.1299	
0.948	0.0748926	0.309333	0.0368041	0.939604	-0.340279	-0.316135	0.333969	0.887988	-6.27036	11.2447	75.8735	
0.941795	0.0813292	0.326202	0.0395144	0.936792	-0.347647	-0.333857	0.340302	0.879053	-6.5412	11.5257	76.6098	
0.935253	0.0878854	0.342896	0.0423719	0.933929	-0.354939	-0.351434	0.346487	0.869736	-6.82675	11.8118	77.3385	
0.928377	0.0945582	0.359408	0.0453754	0.931014	-0.362152	-0.368859	0.352522	0.860042	-7.12688	12.1031	78.0593	
0.92117	0.101345	0.375732	0.0485234	0.92805	-0.369282	-0.386123	0.358404	0.849974	-7.44147	12.3993	78.7718	
0.913635	0.108242	0.391861	0.0518148	0.925037	-0.376327	-0.40322	0.36413	0.839537	-7.77038	12.7004	79.4758	
0.905775	0.115247	0.407786	0.0552481	0.921977	-0.383284	-0.420142	0.369698	0.828737	-8.11346	13.0062	80.1709	
