1	0	0	0	1	0	0	0	1	0	0	0	
1	-9.56663e-08	-0.000672948	-9.56663e-08	1	-0.00028432	0.000672948	0.00028432	1	0.000260173	0.000109923	0.773232	
0.999999	-3.85508e-07	-0.00135092	-3.85472e-07	1	-0.000570708	0.00135092	0.000570708	0.999999	0.00104263	0.00044049	1.54646	
0.999998	-8.73784e-07	-0.00203389	-8.73641e-07	1	-0.000859155	0.00203389	0.000859155	0.999998	0.00235125	0.000993298	2.3197	
0.999996	-1.56476e-06	-0.00272183	-1.5644e-06	0.999999	-0.00114965	0.00272183	0.00114965	0.999996	0.00418989	0.00176994	3.09292	
0.999994	-2.46272e-06	-0.00341474	-2.46199e-06	0.999999	-0.00144219	0.00341474	0.00144219	0.999993	0.00656239	0.00277198	3.86615	
0.999992	-3.57193e-06	-0.00411258	-3.57065e-06	0.999998	-0.00173675	0.00411258	0.00173675	0.99999	0.00947257	0.00400101	4.63938	
0.999988	-4.89668e-06	-0.00481534	-4.89461e-06	0.999998	-0.00203334	0.00481534	0.00203334	0.999986	0.0129243	0.00545859	5.4126	
0.999985	-6.44125e-06	-0.005523	-6.43813e-06	0.999997	-0.00233193	0.005523	0.00233193	0.999982	0.0169212	0.00714628	6.18582	
0.999981	-8.20994e-06	-0.00623552	-8.20545e-06	0.999997	-0.00263253	0.00623552	0.00263253	0.999977	0.0214673	0.00906562	6.95904	
0.999976	-1.0207e-05	-0.0069529	-1.02008e-05	0.999996	-0.00293512	0.0069529	0.00293512	0.999972	0.0265661	0.0112182	7.73225	
0.999971	-1.24369e-05	-0.0076751	-1.24285e-05	0.999995	-0.00323969	0.0076751	0.00323969	0.999965	0.0322215	0.0136054	8.50546	
0.999965	-1.49037e-05	-0.00840212	-1.48927e-05	0.999994	-0.00354622	0.00840212	0.00354622	0.999958	0.0384373	0.016229	9.27866	
0.999958	-1.76118e-05	-0.00913391	-1.75978e-05	0.999993	-0.00385472	0.00913391	0.00385472	0.999951	0.045217	0.0190903	10.0519	
0.999951	-2.05655e-05	-0.00987047	-2.05479e-05	0.999991	-0.00416517	0.00987047	0.00416517	0.999943	0.0525644	0.0221909	10.8251	
0.999944	-2.37691e-05	-0.0106118	-2.37473e-05	0.99999	-0.00447756	0.0106118	0.00447756	0.999934	0.0604831	0.0255323	11.5982	
0.999935	-2.7227e-05	-0.0113578	-2.72002e-05	0.999989	-0.00479188	0.0113578	0.00479188	0.999924	0.0689769	0.0291161	12.3714	
0.999927	-3.09433e-05	-0.0121085	-3.0911e-05	0.999987	-0.00510812	0.0121085	0.00510812	0.999914	0.0780494	0.0329436	13.1446	
0.999917	-3.49224e-05	-0.0128639	-3.48838e-05	0.999985	-0.00542626	0.0128639	0.00542626	0.999903	0.0877041	0.0370163	13.9177	
0.999907	-3.91686e-05	-0.0136239	-3.91229e-05	0.999983	-0.00574631	0.0136239	0.00574631	0.999891	0.0979447	0.0413358	14.6909	
0.999896	-4.36861e-05	-0.0143886	-4.36325e-05	0.999982	-0.00606824	0.0143886	0.00606824	0.999878	0.108775	0.0459035	15.464	
0.999885	-4.84793e-05	-0.0151578	-4.84168e-05	0.99998	-0.00639205	0.0151578	0.00639205	0.999865	0.120198	0.0507209	16.2372	
0.999873	-5.35525e-05	-0.0159317	-5.34801e-05	0.999977	-0.00671773	0.0159317	0.00671773	0.999851	0.132218	0.0557893	17.0103	
0.99986	-5.89098e-05	-0.0167101	-5.88266e-05	0.999975	-0.00704526	0.0167101	0.00704526	0.999836	0.144837	0.0611103	17.7834	
0.999847	-6.45556e-05	-0.017493	-6.44605e-05	0.999973	-0.00737464	0.017493	0.00737464	0.99982	0.158061	0.0666853	18.5565	
0.999833	-7.04942e-05	-0.0182804	-7.03859e-05	0.99997	-0.00770586	0.0182804	0.00770586	0.999803	0.171891	0.0725156	19.3296	
0.999818	-7.67297e-05	-0.0190723	-7.66072e-05	0.999968	-0.0080389	0.0190723	0.0080389	0.999786	0.186333	0.0786028	20.1027	
0.999803	-8.32665e-05	-0.0198687	-8.31284e-05	0.999965	-0.00837375	0.0198687	0.00837375	0.999768	0.201388	0.0849482	20.8757	
0.999786	-9.01087e-05	-0.0206695	-8.99537e-05	0.999962	-0.0087104	0.0206695	0.0087104	0.999748	0.217061	0.0915532	21.6488	
0.999769	-9.72606e-05	-0.0214747	-9.70873e-05	0.999959	-0.00904885	0.0214747	0.00904885	0.999728	0.233354	0.0984192	22.4218	
0.999752	-0.000104726	-0.0222843	-0.000104533	0.999956	-0.00938907	0.0222843	0.00938907	0.999708	0.250272	0.105548	23.1948	
0.999733	-0.00011251	-0.0230983	-0.000112296	0.999953	-0.00973107	0.0230983	0.00973107	0.999686	0.267818	0.11294	23.9678	
0.999714	-0.000120617	-0.0239166	-0.00012038	0.999949	-0.0100748	0.0239166	0.0100748	0.999663	0.285995	0.120597	24.7408	
0.999694	-0.000129049	-0.0247392	-0.000128788	0.999946	-0.0104203	0.0247392	0.0104203	0.99964	0.304806	0.128521	25.5138	
0.999673	-0.000137813	-0.0255661	-0.000137525	0.999942	-0.0107676	0.0255661	0.0107676	0.999615	0.324255	0.136712	26.2867	
0.999652	-0.000146911	-0.0263973	-0.000146595	0.999938	-0.0111165	0.0263973	0.0111165	0.99959	0.344344	0.145173	27.0596	
0.999629	-0.000156348	-0.0272327	-0.000156003	0.999934	-0.0114672	0.0272327	0.0114672	0.999563	0.365079	0.153904	27.8325	
0.999606	-0.000166128	-0.0280723	-0.000165751	0.99993	-0.0118196	0.0280723	0.0118196	0.999536	0.38646	0.162907	28.6054	
0.999582	-0.000176256	-0.0289161	-0.000175845	0.999926	-0.0121736	0.0289161	0.0121736	0.999508	0.408493	0.172184	29.3783	
0.999557	-0.000186735	-0.029764	-0.000186288	0.999921	-0.0125294	0.029764	0.0125294	0.999478	0.43118	0.181734	30.1511	
0.999531	-0.000197569	-0.0306161	-0.000197084	0.999917	-0.0128868	0.0306161	0.0128868	0.999448	0.454524	0.19156	30.9239	
0.999505	-0.000208763	-0.0314723	-0.000208237	0.999912	-0.0132459	0.0314723	0.0132459	0.999417	0.478528	0.201664	31.6967	
0.999477	-0.00022032	-0.0323326	-0.000219752	0.999907	-0.0136066	0.0323326	0.0136066	0.999385	0.503196	0.212045	32.4695	
0.999449	-0.000232245	-0.0331969	-0.000231632	0.999902	-0.0139689	0.0331969	0.0139689	0.999351	0.528531	0.222707	33.2422	
0.99942	-0.000244541	-0.0340653	-0.000243881	0.999897	-0.0143329	0.0340653	0.0143329	0.999317	0.554536	0.233648	34.015	
0.999389	-0.000257213	-0.0349376	-0.000256503	0.999892	-0.0146985	0.0349377	0.0146985	0.999281	0.581213	0.244872	34.7876	
0.999358	-0.000270264	-0.035814	-0.000269501	0.999886	-0.0150657	0.035814	0.0150657	0.999245	0.608567	0.25638	35.5603	
0.999326	-0.000283699	-0.0366943	-0.000282881	0.999881	-0.0154344	0.0366943	0.0154344	0.999207	0.6366	0.268172	36.3329	
0.999294	-0.000297521	-0.0375785	-0.000296645	0.999875	-0.0158048	0.0375785	0.0158048	0.999169	0.665315	0.280249	37.1055	
0.99926	-0.000311735	-0.0384666	-0.000310798	0.999869	-0.0161767	0.0384666	0.0161767	0.999129	0.694715	0.292614	37.8781	
0.999225	-0.000326344	-0.0393586	-0.000325343	0.999863	-0.0165501	0.0393586	0.0165501	0.999088	0.724804	0.305266	38.6507	
0.999189	-0.000341352	-0.0402544	-0.000340284	0.999857	-0.0169251	0.0402544	0.0169251	0.999046	0.755583	0.318209	39.4232	
0.999153	-0.000356763	-0.041154	-0.000355625	0.99985	-0.0173017	0.0411541	0.0173016	0.999003	0.787057	0.331441	40.1957	
0.999115	-0.00037258	-0.0420575	-0.00037137	0.999844	-0.0176797	0.0420575	0.0176797	0.998959	0.819228	0.344965	40.9681	
0.998953	-0.000439575	-0.0457412	-0.000414174	0.999826	-0.0186537	0.0457414	0.0186531	0.998779	0.853173	0.359012	41.7405	
0.998778	-0.00051023	-0.0494277	-0.000460665	0.999807	-0.0196294	0.0494282	0.0196282	0.998585	0.889967	0.373812	42.5127	
0.998588	-0.000584557	-0.0531169	-0.000510857	0.999788	-0.0206068	0.0531176	0.0206048	0.998376	0.929613	0.389367	43.2847	
0.998385	-0.000662566	-0.0568086	-0.000564762	0.999767	-0.0215858	0.0568096	0.0215831	0.998152	0.972112	0.405678	44.0566	
0.998168	-0.000744266	-0.0605027	-0.000622395	0.999745	-0.0225664	0.0605041	0.0225628	0.997913	1.01747	0.422745	44.8283	
0.997937	-0.000829668	-0.064199	-0.000683766	0.999722	-0.0235485	0.0642007	0.0235438	0.997659	1.06568	0.440571	45.5999	
0.997692	-0.000918779	-0.0678974	-0.000748888	0.999699	-0.024532	0.0678995	0.0245263	0.997391	1.11675	0.459156	46.3712	
0.997433	-0.00101161	-0.0715977	-0.000817771	0.999674	-0.0255169	0.0716002	0.0255099	0.997107	1.17069	0.4785	47.1423	
0.99716	-0.00110817	-0.0752998	-0.000890426	0.999648	-0.026503	0.0753027	0.0264948	0.996809	1.22748	0.498606	47.9132	
0.996874	-0.00120846	-0.0790035	-0.000966861	0.999622	-0.0274904	0.0790069	0.0274808	0.996495	1.28714	0.519474	48.6838	
0.996573	-0.00131249	-0.0827087	-0.00104708	0.999594	-0.0284789	0.0827125	0.0284679	0.996167	1.34966	0.541105	49.4542	
0.996258	-0.00142027	-0.0864152	-0.0011311	0.999565	-0.0294684	0.0864194	0.0294559	0.995823	1.41505	0.563499	50.2243	
0.995929	-0.0015318	-0.0901228	-0.00121893	0.999535	-0.030459	0.0901276	0.0304449	0.995465	1.48331	0.586658	50.9942	
0.995587	-0.00164709	-0.0938314	-0.00131056	0.999504	-0.0314505	0.0938367	0.0314347	0.995091	1.55443	0.610581	51.7638	
0.99523	-0.00176614	-0.0975409	-0.00140601	0.999473	-0.0324429	0.0975468	0.0324253	0.994703	1.62842	0.635271	52.5331	
0.994859	-0.00188895	-0.101251	-0.00150528	0.99944	-0.033436	0.101258	0.0334166	0.994299	1.70528	0.660726	53.3021	
0.994474	-0.00201554	-0.104962	-0.00160837	0.999406	-0.0344299	0.104969	0.0344085	0.99388	1.78502	0.686949	54.0707	
0.994075	-0.0021459	-0.108673	-0.00171529	0.999371	-0.0354245	0.108681	0.035401	0.993446	1.86762	0.713938	54.8391	
0.993662	-0.00228004	-0.112384	-0.00182604	0.999335	-0.0364196	0.112393	0.036394	0.992997	1.95309	0.741695	55.607	
0.993235	-0.00241795	-0.116096	-0.00194062	0.999298	-0.0374152	0.116105	0.0373874	0.992533	2.04143	0.77022	56.3747	
0.992794	-0.00255965	-0.119807	-0.00205903	0.99926	-0.0384113	0.119817	0.0383812	0.992054	2.13264	0.799514	57.142	
0.992339	-0.00270512	-0.123518	-0.00218127	0.999221	-0.0394078	0.123528	0.0393753	0.99156	2.22672	0.829576	57.9089	
0.991869	-0.00285438	-0.127229	-0.00230735	0.999181	-0.0404046	0.12724	0.0403696	0.99105	2.32367	0.860407	58.6754	
0.991386	-0.00300741	-0.130939	-0.00243726	0.99914	-0.0414016	0.130951	0.0413641	0.990526	2.42349	0.892006	59.4415	
0.990888	-0.00316422	-0.134649	-0.00257099	0.999097	-0.0423988	0.134661	0.0423587	0.989986	2.52618	0.924375	60.2072	
0.990377	-0.00332481	-0.138357	-0.00270856	0.999054	-0.0433961	0.138371	0.0433532	0.989431	2.63174	0.957512	60.9724	
0.989851	-0.00348918	-0.142065	-0.00284994	0.99901	-0.0443934	0.142079	0.0443477	0.988861	2.74017	0.991419	61.7373	
0.989312	-0.00365732	-0.145771	-0.00299514	0.998965	-0.0453907	0.145786	0.0453421	0.988276	2.85146	1.02609	62.5017	
0.988758	-0.00382923	-0.149477	-0.00314416	0.998919	-0.0463879	0.149493	0.0463364	0.987677	2.96562	1.06154	63.2656	
0.98819	-0.00400491	-0.15318	-0.00329698	0.998871	-0.0473849	0.153197	0.0473303	0.987062	3.08265	1.09775	64.0291	
0.987608	-0.00418435	-0.156883	-0.0034536	0.998823	-0.0483817	0.1569	0.0483239	0.986431	3.20253	1.13473	64.7921	
0.987013	-0.00436756	-0.160583	-0.00361402	0.998774	-0.0493781	0.160602	0.0493172	0.985786	3.32529	1.17248	65.5546	
0.986403	-0.00455451	-0.164281	-0.00377822	0.998723	-0.0503742	0.164301	0.0503099	0.985126	3.4509	1.211	66.3166	
0.985779	-0.00474521	-0.167978	-0.0039462	0.998672	-0.0513698	0.167999	0.0513022	0.984451	3.57937	1.25029	67.078	
0.985142	-0.00493966	-0.171672	-0.00411795	0.99862	-0.0523649	0.171694	0.0522938	0.983761	3.7107	1.29034	67.839	
0.98449	-0.00513784	-0.175364	-0.00429345	0.998566	-0.0533595	0.175387	0.0532848	0.983057	3.84489	1.33116	68.5994	
0.983825	-0.00533974	-0.179053	-0.0044727	0.998512	-0.0543533	0.179077	0.054275	0.982337	3.98193	1.37274	69.3592	
0.983146	-0.00554537	-0.18274	-0.00465568	0.998456	-0.0553465	0.182765	0.0552644	0.981602	4.12182	1.41509	70.1185	
0.982453	-0.00575471	-0.186424	-0.00484238	0.9984	-0.0563389	0.18645	0.056253	0.980853	4.26457	1.4582	70.8772	
0.981746	-0.00596775	-0.190105	-0.0050328	0.998343	-0.0573304	0.190132	0.0572406	0.980088	4.41016	1.50208	71.6354	
0.97798	-0.00708656	-0.20858	-0.00585292	0.998099	-0.0613537	0.208618	0.0612235	0.976079	4.56433	1.54788	72.3917	
0.973865	-0.0082804	-0.226975	-0.00674892	0.997839	-0.0653598	0.227026	0.0651835	0.971705	4.73276	1.59676	73.1447	
0.969404	-0.0095488	-0.245285	-0.00772047	0.997563	-0.0693471	0.245349	0.0691191	0.966968	4.9154	1.64868	73.8943	
0.964598	-0.0108913	-0.263501	-0.00876721	0.99727	-0.0733142	0.26358	0.0730289	0.961869	5.11216	1.70364	74.64	
0.959448	-0.0123074	-0.281618	-0.00988873	0.996962	-0.0772596	0.281713	0.0769114	0.956411	5.32299	1.76161	75.3817	
0.953956	-0.0137965	-0.299629	-0.0110846	0.996638	-0.0811818	0.299741	0.0807652	0.950596	5.54779	1.82257	76.119	
