1	0	0	0	1	0	0	0	1	0	0	0	
0.999988	4.40436e-07	0.00484167	4.40436e-07	1	-0.000181935	-0.00484167	0.000181935	0.999988	-0.00223989	8.41679e-05	0.925249	
0.999953	1.75889e-06	0.00968637	1.7509e-06	1	-0.000362335	-0.00968637	0.000362335	0.999953	-0.00896095	0.000335962	1.85048	
0.999894	3.94901e-06	0.014534	3.91707e-06	1	-0.000541193	-0.014534	0.000541192	0.999894	-0.0201659	0.000753958	2.77566	
0.999812	7.00441e-06	0.0193843	6.92449e-06	1	-0.000718501	-0.0193843	0.0007185	0.999812	-0.0358574	0.00133673	3.70078	
0.999706	1.09186e-05	0.0242371	1.07587e-05	1	-0.000894251	-0.0242371	0.000894249	0.999706	-0.0560379	0.00208283	4.62581	
0.999577	1.5685e-05	0.0290924	1.5405e-05	0.999999	-0.00106844	-0.0290924	0.00106843	0.999576	-0.0807095	0.00299082	5.55073	
0.999424	2.1297e-05	0.0339499	2.08487e-05	0.999999	-0.00124105	-0.0339499	0.00124104	0.999423	-0.109875	0.00405924	6.47552	
0.999247	2.77479e-05	0.0388096	2.70751e-05	0.999999	-0.00141209	-0.0388096	0.00141207	0.999246	-0.143535	0.00528665	7.40016	
0.999046	3.50309e-05	0.0436711	3.40692e-05	0.999999	-0.00158154	-0.0436711	0.00158152	0.999045	-0.181693	0.00667157	8.32462	
0.998822	4.31391e-05	0.0485345	4.18162e-05	0.999998	-0.00174939	-0.0485345	0.00174936	0.99882	-0.22435	0.00821252	9.24889	
0.998573	5.20658e-05	0.0533995	5.0301e-05	0.999998	-0.00191565	-0.0533995	0.00191561	0.998571	-0.271507	0.00990803	10.1729	
0.998301	6.18038e-05	0.0582659	5.95084e-05	0.999998	-0.00208031	-0.0582659	0.00208024	0.998299	-0.323167	0.0117566	11.0967	
0.998005	7.23462e-05	0.0631337	6.94234e-05	0.999997	-0.00224335	-0.0631337	0.00224326	0.998003	-0.379329	0.0137568	12.0203	
0.997685	8.36858e-05	0.0680026	8.00306e-05	0.999997	-0.00240477	-0.0680026	0.00240465	0.997682	-0.439997	0.015907	12.9435	
0.997341	9.58155e-05	0.0728726	9.13147e-05	0.999997	-0.00256457	-0.0728726	0.00256441	0.997338	-0.505169	0.0182059	13.8665	
0.996973	0.000108728	0.0777433	0.00010326	0.999996	-0.00272275	-0.0777434	0.00272253	0.99697	-0.574848	0.0206517	14.7891	
0.996582	0.000122416	0.0826148	0.000115852	0.999996	-0.00287929	-0.0826148	0.00287901	0.996577	-0.649034	0.0232432	15.7114	
0.996166	0.000136872	0.0874868	0.000129074	0.999995	-0.00303418	-0.0874868	0.00303384	0.996161	-0.727728	0.0259786	16.6333	
0.995726	0.000152089	0.0923592	0.000142911	0.999995	-0.00318744	-0.0923592	0.00318701	0.995721	-0.81093	0.0288566	17.5548	
0.995262	0.00016806	0.0972318	0.000157348	0.999994	-0.00333904	-0.0972318	0.00333852	0.995256	-0.89864	0.0318754	18.4759	
0.994774	0.000184775	0.102105	0.000172368	0.999994	-0.00348899	-0.102105	0.00348835	0.994768	-0.990858	0.0350337	19.3965	
0.994261	0.00020223	0.106977	0.000187955	0.999993	-0.00363727	-0.106977	0.00363651	0.994255	-1.08759	0.0383299	20.3167	
0.993725	0.000220414	0.111849	0.000204095	0.999993	-0.0037839	-0.111849	0.00378298	0.993718	-1.18882	0.0417623	21.2364	
0.993165	0.000239321	0.116721	0.00022077	0.999992	-0.00392885	-0.116721	0.00392776	0.993157	-1.29456	0.0453295	22.1555	
0.99258	0.000258944	0.121593	0.000237966	0.999992	-0.00407213	-0.121593	0.00407085	0.992572	-1.40481	0.0490299	23.0742	
0.991971	0.000279273	0.126463	0.000255666	0.999991	-0.00421374	-0.126464	0.00421224	0.991962	-1.51957	0.0528619	23.9923	
0.991338	0.000300302	0.131333	0.000273854	0.99999	-0.00435366	-0.131333	0.00435191	0.991329	-1.63884	0.0568239	24.9098	
0.990681	0.000322022	0.136202	0.000292513	0.99999	-0.0044919	-0.136202	0.00448988	0.990671	-1.7626	0.0609144	25.8268	
0.99	0.000344425	0.14107	0.000311629	0.999989	-0.00462844	-0.14107	0.00462612	0.989989	-1.89088	0.0651317	26.7431	
0.989294	0.000367504	0.145936	0.000331184	0.999989	-0.0047633	-0.145936	0.00476064	0.989283	-2.02366	0.0694742	27.6587	
0.988564	0.00039125	0.150801	0.000351162	0.999988	-0.00489646	-0.150801	0.00489342	0.988552	-2.16093	0.0739405	28.5737	
0.98781	0.000415654	0.155664	0.000371548	0.999987	-0.00502793	-0.155664	0.00502447	0.987797	-2.30271	0.0785288	29.488	
0.987032	0.00044071	0.160526	0.000392324	0.999987	-0.00515769	-0.160526	0.00515378	0.987018	-2.44899	0.0832375	30.4016	
0.986229	0.000466409	0.165385	0.000413475	0.999986	-0.00528575	-0.165385	0.00528134	0.986215	-2.59977	0.0880651	31.3145	
0.985402	0.000492742	0.170242	0.000434984	0.999985	-0.0054121	-0.170243	0.00540714	0.985387	-2.75504	0.0930099	32.2266	
0.984551	0.000519701	0.175097	0.000456834	0.999985	-0.00553674	-0.175098	0.00553119	0.984536	-2.9148	0.0980702	33.138	
0.983676	0.000547277	0.17995	0.00047901	0.999984	-0.00565967	-0.17995	0.00565348	0.983659	-3.07906	0.103245	34.0485	
0.982776	0.000575463	0.1848	0.000501494	0.999983	-0.00578088	-0.184801	0.00577399	0.982759	-3.2478	0.108531	34.9582	
0.981852	0.00060425	0.189648	0.000524271	0.999982	-0.00590039	-0.189648	0.00589273	0.981834	-3.42103	0.113929	35.8671	
0.980904	0.000633628	0.194492	0.000547323	0.999982	-0.00601817	-0.194493	0.00600969	0.980886	-3.59874	0.119435	36.7751	
0.979931	0.000663591	0.199334	0.000570634	0.999981	-0.00613423	-0.199334	0.00612487	0.979912	-3.78094	0.125049	37.6822	
0.978935	0.000694129	0.204172	0.000594188	0.99998	-0.00624857	-0.204173	0.00623826	0.978915	-3.96761	0.130768	38.5884	
0.977914	0.000725233	0.209008	0.000617968	0.99998	-0.00636119	-0.209008	0.00634986	0.977893	-4.15876	0.136592	39.4937	
0.976869	0.000756895	0.213839	0.000641957	0.999979	-0.00647209	-0.21384	0.00645966	0.976847	-4.35438	0.142518	40.398	
0.975799	0.000789105	0.218667	0.000666139	0.999978	-0.00658126	-0.218668	0.00656765	0.975777	-4.55447	0.148545	41.3014	
0.974706	0.000821857	0.223491	0.000690496	0.999977	-0.00668871	-0.223492	0.00667384	0.974683	-4.75903	0.154671	42.2037	
0.973588	0.00085514	0.228312	0.000715013	0.999977	-0.00679443	-0.228312	0.00677822	0.973564	-4.96804	0.160894	43.105	
0.972446	0.000888945	0.233128	0.000739673	0.999976	-0.00689842	-0.233128	0.00688078	0.972422	-5.18152	0.167213	44.0053	
0.971279	0.000923264	0.23794	0.000764458	0.999975	-0.00700069	-0.237941	0.00698152	0.971255	-5.39945	0.173626	44.9045	
0.970089	0.000958088	0.242748	0.000789353	0.999974	-0.00710123	-0.242748	0.00708044	0.970063	-5.62183	0.180131	45.8026	
0.968874	0.000993409	0.247551	0.00081434	0.999974	-0.00720004	-0.247551	0.00717753	0.968848	-5.84865	0.186728	46.6996	
0.967636	0.00102922	0.252349	0.000839403	0.999973	-0.00729713	-0.25235	0.00727279	0.967609	-6.07992	0.193413	47.5954	
0.966373	0.0010655	0.257143	0.000864525	0.999972	-0.00739249	-0.257143	0.00736621	0.966345	-6.31563	0.200185	48.4901	
0.965086	0.00110225	0.261931	0.000889689	0.999972	-0.00748612	-0.261932	0.00745778	0.965057	-6.55576	0.207043	49.3836	
0.963775	0.00113947	0.266715	0.000914878	0.999971	-0.00757802	-0.266716	0.00754752	0.963746	-6.80033	0.213985	50.276	
0.96244	0.00117713	0.271493	0.000940076	0.99997	-0.0076682	-0.271494	0.00763541	0.96241	-7.04932	0.221009	51.1671	
0.96108	0.00121524	0.276266	0.000965266	0.999969	-0.00775666	-0.276267	0.00772144	0.96105	-7.30273	0.228113	52.0569	
0.959697	0.00125378	0.281033	0.000990432	0.999969	-0.00784339	-0.281034	0.00780562	0.959666	-7.56055	0.235297	52.9455	
0.95829	0.00129274	0.285795	0.00101556	0.999968	-0.0079284	-0.285796	0.00788795	0.958258	-7.82278	0.242557	53.8328	
0.956859	0.00133212	0.29055	0.00104062	0.999967	-0.00801169	-0.290552	0.00796841	0.956826	-8.08942	0.249892	54.7187	
0.955404	0.0013719	0.2953	0.00106561	0.999967	-0.00809326	-0.295301	0.008047	0.95537	-8.36045	0.257302	55.6034	
0.953629	0.00141032	0.30098	0.000119603	0.999987	-0.00506464	-0.300984	0.00486578	0.953617	-8.63631	0.263275	56.4865	
0.951819	0.00142984	0.306658	-0.000844258	0.999998	-0.00204219	-0.30666	0.00168489	0.951818	-8.91742	0.266306	57.368	
0.949972	0.0014304	0.312331	-0.00182594	0.999998	0.000973964	-0.312329	-0.00149554	0.949973	-9.20378	0.266394	58.2478	
0.94809	0.00141197	0.317999	-0.00282543	0.999988	0.00398368	-0.31799	-0.00467537	0.948083	-9.49539	0.263539	59.1259	
0.946172	0.00137451	0.323662	-0.00384269	0.999968	0.00698683	-0.323642	-0.00785447	0.946147	-9.79222	0.257742	60.0023	
0.944218	0.001318	0.329318	-0.00487768	0.999938	0.00998329	-0.329285	-0.0110327	0.944166	-10.0943	0.249004	60.8768	
0.942229	0.0012424	0.334968	-0.00593039	0.999898	0.0129729	-0.334917	-0.01421	0.94214	-10.4016	0.237326	61.7494	
0.940204	0.0011477	0.340609	-0.00700077	0.999848	0.0159556	-0.340539	-0.0173861	0.94007	-10.714	0.222709	62.6202	
0.938145	0.00103388	0.346242	-0.0080888	0.999788	0.0189313	-0.346149	-0.020561	0.937954	-11.0317	0.205154	63.489	
0.93605	0.00090094	0.351865	-0.00919443	0.999718	0.0218997	-0.351746	-0.0237344	0.935794	-11.3546	0.184662	64.3559	
0.933921	0.000748875	0.357479	-0.0103176	0.999638	0.0248609	-0.357331	-0.0269064	0.93359	-11.6826	0.161234	65.2207	
0.931757	0.000577687	0.363081	-0.0114584	0.999547	0.0278146	-0.362901	-0.0300768	0.931342	-12.0158	0.134872	66.0835	
0.929559	0.000387386	0.368672	-0.0126166	0.999447	0.0307608	-0.368457	-0.0332454	0.92905	-12.3542	0.105577	66.9441	
0.927327	0.000177986	0.374251	-0.0137922	0.999337	0.0336994	-0.373997	-0.0364122	0.926715	-12.6977	0.0733514	67.8027	
0.925062	-5.04942e-05	0.379817	-0.0149853	0.999217	0.0366302	-0.379521	-0.0395769	0.924336	-13.0463	0.0381967	68.659	
0.922763	-0.000298029	0.385369	-0.0161957	0.999086	0.0395532	-0.385028	-0.0427395	0.921915	-13.4	0.000114854	69.5131	
0.920042	-0.000674894	0.39182	-0.0247495	0.997901	0.0598336	-0.391038	-0.0647468	0.918094	-13.759	-0.0496133	70.3644	
0.917279	-0.00120596	0.398243	-0.0334334	0.996232	0.0800245	-0.396839	-0.0867194	0.913783	-14.1235	-0.119689	71.2119	
0.914477	-0.00189094	0.404634	-0.0422429	0.994079	0.100115	-0.402427	-0.108646	0.908982	-14.4933	-0.210074	72.0552	
0.911636	-0.00272947	0.410989	-0.0511731	0.991443	0.120094	-0.4078	-0.130514	0.903695	-14.8681	-0.32072	72.8939	
0.908758	-0.00372111	0.417306	-0.0602195	0.988325	0.139951	-0.412955	-0.152312	0.897925	-15.2479	-0.451568	73.7274	
0.905845	-0.00486531	0.423581	-0.069377	0.984729	0.159676	-0.417889	-0.174029	0.891674	-15.6322	-0.602549	74.5553	
0.902898	-0.00616148	0.42981	-0.0786408	0.980654	0.179258	-0.422599	-0.195652	0.884946	-16.0211	-0.773581	75.3773	
0.899919	-0.00760891	0.43599	-0.0880059	0.976104	0.198686	-0.427083	-0.217171	0.877745	-16.4142	-0.964573	76.1928	
0.896909	-0.00920683	0.442118	-0.0974674	0.971081	0.217951	-0.431339	-0.238574	0.870074	-16.8113	-1.17542	77.0014	
0.893871	-0.0109544	0.448191	-0.10702	0.965587	0.237041	-0.435364	-0.259849	0.861938	-17.2123	-1.40602	77.8027	
0.890804	-0.0128506	0.454205	-0.116659	0.959626	0.255947	-0.439156	-0.280985	0.85334	-17.6169	-1.65623	78.5963	
0.887712	-0.0148946	0.460157	-0.126379	0.953201	0.274658	-0.442713	-0.301971	0.844286	-18.0249	-1.92593	79.3817	
0.884596	-0.0170851	0.466044	-0.136175	0.946315	0.293164	-0.446033	-0.322795	0.83478	-18.4361	-2.21498	80.1585	
0.881458	-0.0194211	0.471863	-0.146041	0.938971	0.311456	-0.449115	-0.343447	0.824827	-18.8502	-2.52322	80.9263	
0.878299	-0.0219012	0.477611	-0.155973	0.931175	0.329524	-0.451956	-0.363915	0.814433	-19.2671	-2.85047	81.6847	
0.87512	-0.0245242	0.483284	-0.165964	0.922929	0.347358	-0.454555	-0.384188	0.803604	-19.6865	-3.19658	82.4333	
0.871924	-0.0272886	0.48888	-0.17601	0.914239	0.364948	-0.456912	-0.404255	0.792344	-20.1082	-3.56135	83.1716	
0.868713	-0.030193	0.494395	-0.186106	0.905109	0.382286	-0.459023	-0.424106	0.780661	-20.5319	-3.94459	83.8994	
0.865488	-0.0332357	0.499827	-0.196245	0.895544	0.399361	-0.46089	-0.443731	0.76856	-20.9575	-4.34609	84.6161	
0.86225	-0.0364153	0.505172	-0.206422	0.885548	0.416166	-0.462509	-0.463118	0.756047	-21.3847	-4.76564	85.3215	
0.859002	-0.0397299	0.510428	-0.216633	0.875129	0.432689	-0.463881	-0.482257	0.74313	-21.8133	-5.20302	86.0151	
0.855745	-0.0431779	0.515593	-0.226871	0.86429	0.448924	-0.465005	-0.501138	0.729816	-22.2431	-5.65798	86.6965	
