1	0	0	0	1	0	0	0	1	0	0	0	
1	-3.2192e-08	-0.000245144	-3.2192e-08	1	-0.000262637	0.000245144	0.000262637	1	0.000117744	0.000126145	0.960606	
1	-1.29223e-07	-0.000491121	-1.29259e-07	1	-0.000526312	0.000491121	0.000526312	1	0.000471374	0.00050508	1.92121	
1	-2.91779e-07	-0.000737917	-2.91923e-07	1	-0.000791013	0.000737917	0.000791013	0.999999	0.00106168	0.00113779	2.88182	
1	-5.20533e-07	-0.000985521	-5.20895e-07	0.999999	-0.00105673	0.000985521	0.00105673	0.999999	0.00188946	0.00202527	3.84242	
0.999999	-8.16152e-07	-0.00123392	-8.16879e-07	0.999999	-0.00132345	0.00123392	0.00132345	0.999998	0.00295546	0.00316848	4.80303	
0.999999	-1.17929e-06	-0.00148311	-1.18057e-06	0.999999	-0.00159116	0.00148311	0.00159116	0.999998	0.00426046	0.00456837	5.76363	
0.999998	-1.61059e-06	-0.00173306	-1.61264e-06	0.999998	-0.00185985	0.00173306	0.00185985	0.999997	0.00580519	0.0062259	6.72424	
0.999998	-2.1107e-06	-0.00198378	-2.11378e-06	0.999998	-0.0021295	0.00198378	0.0021295	0.999996	0.00759041	0.00814199	7.68484	
0.999998	-2.68022e-06	-0.00223525	-2.68465e-06	0.999997	-0.00240012	0.00223525	0.00240012	0.999995	0.00961682	0.0103176	8.64544	
0.999997	-3.31979e-06	-0.00248745	-3.32589e-06	0.999996	-0.00267167	0.00248745	0.00267167	0.999993	0.0118851	0.0127536	9.60604	
0.999996	-4.03e-06	-0.00274038	-4.03816e-06	0.999996	-0.00294416	0.00274038	0.00294416	0.999992	0.0143961	0.0154509	10.5666	
0.999996	-4.81144e-06	-0.00299402	-4.82208e-06	0.999995	-0.00321757	0.00299402	0.00321757	0.99999	0.0171503	0.0184104	11.5272	
0.999995	-5.66469e-06	-0.00324836	-5.67828e-06	0.999994	-0.00349188	0.00324836	0.00349188	0.999989	0.0201486	0.0216329	12.4878	
0.999994	-6.59033e-06	-0.00350339	-6.60738e-06	0.999993	-0.0037671	0.00350339	0.0037671	0.999987	0.0233915	0.0251195	13.4484	
0.999993	-7.58892e-06	-0.0037591	-7.60996e-06	0.999992	-0.00404319	0.0037591	0.00404319	0.999985	0.0268797	0.0288708	14.409	
0.999992	-8.661e-06	-0.00401547	-8.68663e-06	0.999991	-0.00432016	0.00401547	0.00432016	0.999983	0.0306138	0.0328877	15.3696	
0.999991	-9.8071e-06	-0.00427249	-9.83796e-06	0.999989	-0.00459799	0.00427249	0.00459799	0.99998	0.0345946	0.0371711	16.3302	
0.99999	-1.10278e-05	-0.00453016	-1.10645e-05	0.999988	-0.00487666	0.00453016	0.00487666	0.999978	0.0388225	0.0417218	17.2908	
0.999989	-1.23235e-05	-0.00478845	-1.23669e-05	0.999987	-0.00515617	0.00478845	0.00515617	0.999975	0.0432982	0.0465406	18.2514	
0.999987	-1.36948e-05	-0.00504735	-1.37455e-05	0.999985	-0.0054365	0.00504735	0.0054365	0.999972	0.0480224	0.0516283	19.2119	
0.999986	-1.51421e-05	-0.00530686	-1.52011e-05	0.999984	-0.00571764	0.00530686	0.00571764	0.99997	0.0529956	0.0569857	20.1725	
0.999985	-1.6666e-05	-0.00556697	-1.6734e-05	0.999982	-0.00599957	0.00556697	0.00599957	0.999967	0.0582183	0.0626135	21.1331	
0.999983	-1.82669e-05	-0.00582765	-1.83448e-05	0.99998	-0.0062823	0.00582764	0.0062823	0.999963	0.0636912	0.0685125	22.0937	
0.999981	-1.99452e-05	-0.00608889	-2.0034e-05	0.999978	-0.00656579	0.00608889	0.00656579	0.99996	0.0694147	0.0746835	23.0542	
0.99998	-2.17014e-05	-0.00635069	-2.18021e-05	0.999977	-0.00685004	0.00635069	0.00685004	0.999956	0.0753895	0.0811271	24.0148	
0.999978	-2.35359e-05	-0.00661303	-2.36495e-05	0.999975	-0.00713504	0.00661303	0.00713504	0.999953	0.081616	0.0878442	24.9754	
0.999976	-2.54492e-05	-0.00687591	-2.55767e-05	0.999972	-0.00742078	0.00687591	0.00742078	0.999949	0.0880948	0.0948354	25.9359	
0.999975	-2.74416e-05	-0.0071393	-2.75842e-05	0.99997	-0.00770724	0.0071393	0.00770724	0.999945	0.0948263	0.102101	26.8965	
0.999973	-2.95135e-05	-0.00740319	-2.96724e-05	0.999968	-0.0079944	0.00740319	0.0079944	0.999941	0.101811	0.109643	27.857	
0.999971	-3.16653e-05	-0.00766758	-3.18416e-05	0.999966	-0.00828226	0.00766758	0.00828227	0.999936	0.10905	0.117461	28.8176	
0.999969	-3.38973e-05	-0.00793244	-3.40925e-05	0.999963	-0.00857081	0.00793244	0.00857081	0.999932	0.116542	0.125555	29.7781	
0.999966	-3.621e-05	-0.00819778	-3.64252e-05	0.999961	-0.00886003	0.00819778	0.00886003	0.999927	0.12429	0.133927	30.7387	
0.999964	-3.86036e-05	-0.00846357	-3.88402e-05	0.999958	-0.0091499	0.00846357	0.0091499	0.999922	0.132292	0.142578	31.6992	
0.999962	-4.10785e-05	-0.0087298	-4.13379e-05	0.999955	-0.00944042	0.0087298	0.00944042	0.999917	0.14055	0.151507	32.6597	
0.99996	-4.36349e-05	-0.00899646	-4.39186e-05	0.999953	-0.00973157	0.00899646	0.00973157	0.999912	0.149064	0.160715	33.6203	
0.999957	-4.62732e-05	-0.00926354	-4.65827e-05	0.99995	-0.0100233	0.00926354	0.0100233	0.999907	0.157835	0.170203	34.5808	
0.999955	-4.89937e-05	-0.00953103	-4.93305e-05	0.999947	-0.0103157	0.00953103	0.0103157	0.999901	0.166862	0.179972	35.5413	
0.999952	-5.17966e-05	-0.00979891	-5.21623e-05	0.999944	-0.0106087	0.0097989	0.0106087	0.999896	0.176146	0.190022	36.5018	
0.999949	-5.46821e-05	-0.0100672	-5.50784e-05	0.999941	-0.0109022	0.0100672	0.0109022	0.99989	0.185688	0.200354	37.4623	
0.999947	-5.76506e-05	-0.0103358	-5.80792e-05	0.999937	-0.0111963	0.0103358	0.0111963	0.999884	0.195487	0.210968	38.4228	
0.999944	-6.07022e-05	-0.0106048	-6.11648e-05	0.999934	-0.011491	0.0106048	0.011491	0.999878	0.205545	0.221865	39.3833	
0.999941	-6.38372e-05	-0.0108741	-6.43355e-05	0.999931	-0.0117862	0.0108741	0.0117862	0.999871	0.215861	0.233045	40.3438	
0.999938	-6.70557e-05	-0.0111438	-6.75916e-05	0.999927	-0.0120819	0.0111438	0.0120819	0.999865	0.226437	0.244509	41.3042	
0.999935	-7.03579e-05	-0.0114137	-7.09334e-05	0.999923	-0.0123782	0.0114137	0.0123782	0.999858	0.237271	0.256257	42.2647	
0.999932	-7.37441e-05	-0.011684	-7.4361e-05	0.99992	-0.0126749	0.011684	0.0126749	0.999851	0.248365	0.26829	43.2252	
0.999929	-7.72143e-05	-0.0119546	-7.78746e-05	0.999916	-0.0129722	0.0119546	0.0129722	0.999844	0.259719	0.280609	44.1856	
0.999925	-8.07687e-05	-0.0122254	-8.14745e-05	0.999912	-0.0132699	0.0122254	0.0132699	0.999837	0.271332	0.293213	45.1461	
0.999922	-8.44074e-05	-0.0124965	-8.51607e-05	0.999908	-0.013568	0.0124965	0.0135681	0.99983	0.283206	0.306103	46.1065	
0.999918	-8.81306e-05	-0.0127679	-8.89336e-05	0.999904	-0.0138667	0.0127679	0.0138667	0.999822	0.295341	0.31928	47.067	
0.999915	-9.19383e-05	-0.0130395	-9.27931e-05	0.9999	-0.0141657	0.0130395	0.0141657	0.999815	0.307736	0.332744	48.0274	
0.999911	-9.58307e-05	-0.0133114	-9.67395e-05	0.999895	-0.0144652	0.0133114	0.0144652	0.999807	0.320393	0.346496	48.9878	
0.999908	-9.98077e-05	-0.0135834	-0.000100773	0.999891	-0.0147651	0.0135834	0.0147651	0.999799	0.333311	0.360535	49.9483	
0.999904	-0.000103869	-0.0138557	-0.000104893	0.999887	-0.0150653	0.0138557	0.0150653	0.999791	0.34649	0.374863	50.9087	
0.9999	-0.000108016	-0.0141282	-0.000109101	0.999882	-0.015366	0.0141282	0.015366	0.999782	0.35993	0.389479	51.8691	
0.999896	-0.000112247	-0.0144008	-0.000113396	0.999877	-0.015667	0.0144008	0.015667	0.999774	0.373633	0.404384	52.8295	
0.999892	-0.000116564	-0.0146736	-0.000117778	0.999872	-0.0159684	0.0146736	0.0159684	0.999765	0.387597	0.419579	53.7898	
0.999888	-0.000120965	-0.0149466	-0.000122247	0.999868	-0.0162701	0.0149466	0.0162701	0.999756	0.401824	0.435063	54.7502	
0.999884	-0.00012545	-0.0152197	-0.000126804	0.999863	-0.0165721	0.0152197	0.0165721	0.999747	0.416313	0.450837	55.7106	
0.99988	-0.000130021	-0.0154929	-0.000131448	0.999858	-0.0168744	0.0154929	0.0168744	0.999738	0.431064	0.466902	56.6709	
0.999876	-0.000134676	-0.0157663	-0.000136179	0.999852	-0.0171771	0.0157663	0.0171771	0.999728	0.446078	0.483257	57.6313	
0.999871	-0.000139416	-0.0160397	-0.000140998	0.999847	-0.01748	0.0160397	0.01748	0.999719	0.461355	0.499903	58.5916	
0.999867	-0.00014424	-0.0163133	-0.000145904	0.999842	-0.0177832	0.0163133	0.0177832	0.999709	0.476894	0.51684	59.552	
0.999854	-0.000158906	-0.0170581	-0.000209366	0.999767	-0.0215854	0.0170575	0.0215858	0.999621	0.492922	0.535749	60.5123	
0.999841	-0.000176409	-0.0178029	-0.00027566	0.999678	-0.0253873	0.0178017	0.0253881	0.999519	0.509665	0.55831	61.4724	
0.999828	-0.000196745	-0.0185478	-0.000344782	0.999574	-0.0291886	0.0185456	0.02919	0.999402	0.527123	0.584525	62.4325	
0.999814	-0.000219911	-0.0192924	-0.000416728	0.999456	-0.0329893	0.0192891	0.0329912	0.999269	0.545295	0.61439	63.3925	
0.999799	-0.0002459	-0.0200366	-0.000491495	0.999323	-0.0367891	0.0200321	0.0367916	0.999122	0.564181	0.647907	64.3523	
0.999784	-0.000274707	-0.0207805	-0.000569078	0.999176	-0.0405879	0.0207745	0.040591	0.99896	0.583781	0.685074	65.312	
0.999768	-0.000306321	-0.0215236	-0.000649471	0.999014	-0.0443856	0.021516	0.0443893	0.998783	0.604093	0.725891	66.2716	
0.999752	-0.000340732	-0.0222661	-0.000732668	0.998838	-0.0481819	0.0222566	0.0481863	0.99859	0.625117	0.770355	67.2309	
0.999735	-0.000377929	-0.0230077	-0.000818661	0.998648	-0.0519767	0.0229962	0.0519818	0.998383	0.646852	0.818466	68.1901	
0.999718	-0.000417898	-0.0237482	-0.000907443	0.998443	-0.0557699	0.0237345	0.0557757	0.998161	0.669297	0.870223	69.149	
0.9997	-0.000460625	-0.0244876	-0.000999004	0.998224	-0.0595612	0.0244716	0.0595678	0.997924	0.692451	0.925622	70.1077	
0.999682	-0.000506092	-0.0252257	-0.00109334	0.997991	-0.0633505	0.0252071	0.0633579	0.997672	0.716312	0.984664	71.0662	
0.999595	-0.000747947	-0.0284304	-0.00173111	0.9962	-0.0870729	0.0283875	0.0870869	0.995796	0.742055	1.05693	72.0237	
0.999499	-0.00106602	-0.0316282	-0.00244439	0.993846	-0.110744	0.0315516	0.110766	0.993346	0.770845	1.15196	72.9792	
0.999393	-0.00146011	-0.0348171	-0.00323276	0.990929	-0.13435	0.0346975	0.13438	0.990322	0.802666	1.26971	73.932	
0.999276	-0.00193001	-0.0379955	-0.00409576	0.98745	-0.157877	0.0378233	0.157918	0.986728	0.8375	1.41011	74.8816	
0.999149	-0.00247544	-0.0411613	-0.0050329	0.983413	-0.181311	0.0409274	0.181364	0.982564	0.875326	1.57307	75.8275	
0.999013	-0.00309609	-0.0443128	-0.00604364	0.978819	-0.20464	0.0440078	0.204706	0.977834	0.916122	1.75851	76.7691	
0.998867	-0.0037916	-0.0474483	-0.00712738	0.97367	-0.22785	0.0470629	0.22793	0.97254	0.959866	1.96632	77.706	
0.99871	-0.00456156	-0.0505658	-0.00828352	0.967971	-0.250926	0.0500908	0.251022	0.966685	1.00653	2.19637	78.6374	
0.998544	-0.00540554	-0.0536635	-0.00951137	0.961723	-0.273857	0.0530898	0.273969	0.960272	1.05609	2.44854	79.563	
0.998369	-0.00632304	-0.0567398	-0.0108102	0.954932	-0.296629	0.0560582	0.296759	0.953306	1.10852	2.72268	80.4821	
0.998184	-0.00731354	-0.0597928	-0.0121794	0.9476	-0.319228	0.0589943	0.319377	0.94579	1.16378	3.01862	81.3943	
0.99799	-0.00837647	-0.0628208	-0.013618	0.939731	-0.341642	0.0618964	0.341811	0.937728	1.22185	3.33621	82.299	
0.997786	-0.00951121	-0.0658219	-0.0151252	0.931332	-0.363858	0.0647628	0.364048	0.929126	1.28269	3.67525	83.1957	
0.997573	-0.0107171	-0.0687946	-0.0167003	0.922405	-0.385863	0.0675918	0.386075	0.919988	1.34626	4.03555	84.0839	
0.997351	-0.0119935	-0.071737	-0.0183421	0.912957	-0.407643	0.0703818	0.407879	0.910319	1.41253	4.41691	84.963	
0.997121	-0.0133396	-0.0746474	-0.02005	0.902993	-0.429188	0.0731313	0.429449	0.900125	1.48146	4.8191	85.8326	
0.996881	-0.0147546	-0.0775243	-0.0218227	0.892518	-0.450483	0.0758386	0.45077	0.889413	1.55302	5.24189	86.6922	
0.996633	-0.0162378	-0.0803659	-0.0236594	0.881539	-0.471518	0.0785021	0.471832	0.878187	1.62715	5.68504	87.5412	
0.996377	-0.0177882	-0.0831706	-0.0255589	0.870062	-0.492279	0.0811204	0.492621	0.866455	1.70382	6.1483	88.3792	
0.996112	-0.0194051	-0.0859368	-0.0275202	0.858094	-0.512755	0.0836919	0.513127	0.854223	1.78299	6.63138	89.2057	
0.995838	-0.0210874	-0.0886628	-0.0295421	0.845641	-0.532935	0.0862151	0.533336	0.841498	1.8646	7.13403	90.0202	
0.995557	-0.0228342	-0.0913472	-0.0316234	0.83271	-0.552805	0.0886886	0.553238	0.828289	1.94861	7.65594	90.8222	
0.995268	-0.0246444	-0.0939883	-0.0337631	0.81931	-0.572356	0.0911109	0.572821	0.814601	2.03497	8.19681	91.6114	
0.994971	-0.0265171	-0.0965846	-0.0359597	0.805448	-0.591575	0.0934807	0.592073	0.800444	2.12364	8.75634	92.3871	
0.994667	-0.0284511	-0.0991347	-0.0382121	0.791131	-0.610451	0.0957966	0.610984	0.785825	2.21455	9.3342	93.149	
