1	0	0	0	1	0	0	0	1	0	0	0	
0.999989	2.52789e-06	-0.00466035	2.52789e-06	0.999999	0.00108485	0.00466035	-0.00108485	0.999989	0.00218896	-0.000509549	0.93939	
0.999957	1.01193e-05	-0.00932468	1.01172e-05	0.999998	0.00217016	0.00932468	-0.00217016	0.999954	0.00875769	-0.00203842	1.87876	
0.999902	2.27852e-05	-0.0139928	2.27767e-05	0.999995	0.00325592	0.0139928	-0.00325592	0.999897	0.0197099	-0.00458704	2.81808	
0.999826	4.05359e-05	-0.0186646	4.05147e-05	0.999991	0.00434207	0.0186646	-0.00434207	0.999816	0.035049	-0.0081558	3.75735	
0.999728	6.33817e-05	-0.0233399	6.33393e-05	0.999985	0.00542858	0.0233399	-0.00542858	0.999713	0.0547785	-0.0127451	4.69652	
0.999607	9.13323e-05	-0.0280186	9.12582e-05	0.999979	0.00651541	0.0280186	-0.00651541	0.999586	0.0789015	-0.0183551	5.63559	
0.999465	0.000124397	-0.0327004	0.000124279	0.999971	0.00760253	0.0327004	-0.00760253	0.999436	0.107421	-0.0249863	6.57452	
0.999301	0.000162586	-0.0373853	0.000162408	0.999962	0.00868989	0.0373853	-0.00868989	0.999263	0.14034	-0.0326388	7.51331	
0.999115	0.000205907	-0.042073	0.000205652	0.999952	0.00977746	0.042073	-0.00977745	0.999067	0.177662	-0.0413129	8.45192	
0.998906	0.000254368	-0.0467634	0.000254018	0.999941	0.0108652	0.0467634	-0.0108652	0.998847	0.219388	-0.0510087	9.39034	
0.998675	0.000307979	-0.0514563	0.000307511	0.999929	0.0119531	0.0514563	-0.0119531	0.998604	0.265521	-0.0617264	10.3285	
0.998422	0.000366746	-0.0561516	0.000366138	0.999915	0.013041	0.0561516	-0.013041	0.998337	0.316065	-0.073466	11.2665	
0.998147	0.000430678	-0.0608491	0.000429902	0.9999	0.0141291	0.0608491	-0.014129	0.998047	0.37102	-0.0862277	12.2042	
0.997849	0.00049978	-0.0655487	0.000498811	0.999884	0.0152171	0.0655487	-0.0152171	0.997733	0.430388	-0.100012	13.1416	
0.997529	0.000574061	-0.0702501	0.000572867	0.999867	0.0163051	0.0702501	-0.0163051	0.997396	0.494173	-0.114817	14.0787	
0.997187	0.000653527	-0.0749533	0.000652076	0.999849	0.0173931	0.0749533	-0.017393	0.997035	0.562374	-0.130645	15.0155	
0.996822	0.000738183	-0.0796581	0.000736441	0.999829	0.018481	0.0796581	-0.0184809	0.996651	0.634995	-0.147495	15.9519	
0.996435	0.000828036	-0.0843643	0.000825966	0.999808	0.0195687	0.0843643	-0.0195686	0.996243	0.712036	-0.165367	16.888	
0.996025	0.000923091	-0.0890717	0.000920654	0.999786	0.0206563	0.0890717	-0.0206562	0.995811	0.793499	-0.184261	17.8236	
0.995592	0.00102335	-0.0937802	0.00102051	0.999763	0.0217436	0.0937802	-0.0217435	0.995355	0.879384	-0.204176	18.7589	
0.995137	0.00112883	-0.0984896	0.00112553	0.999739	0.0228308	0.0984897	-0.0228306	0.994876	0.969693	-0.225112	19.6937	
0.99466	0.00123952	-0.1032	0.00123573	0.999713	0.0239176	0.1032	-0.0239174	0.994373	1.06443	-0.247069	20.628	
0.99416	0.00135543	-0.107911	0.0013511	0.999686	0.0250041	0.107911	-0.0250039	0.993846	1.16358	-0.270048	21.5619	
0.993637	0.00147657	-0.112622	0.00147164	0.999659	0.0260903	0.112622	-0.02609	0.993295	1.26717	-0.294046	22.4953	
0.993091	0.00160294	-0.117333	0.00159736	0.999629	0.0271761	0.117334	-0.0271758	0.992721	1.37518	-0.319065	23.4281	
0.992523	0.00173453	-0.122045	0.00172826	0.999599	0.0282615	0.122045	-0.0282611	0.992122	1.48761	-0.345104	24.3604	
0.991932	0.00187137	-0.126757	0.00186433	0.999568	0.0293463	0.126757	-0.0293459	0.9915	1.60447	-0.372162	25.2921	
0.991318	0.00201344	-0.131468	0.00200559	0.999535	0.0304307	0.131468	-0.0304302	0.990853	1.72576	-0.400238	26.2232	
0.990682	0.00216075	-0.136179	0.00215202	0.999501	0.0315146	0.13618	-0.031514	0.990183	1.85148	-0.429333	27.1537	
0.990023	0.0023133	-0.14089	0.00230364	0.999466	0.0325979	0.14089	-0.0325972	0.989488	1.98162	-0.459446	28.0835	
0.98934	0.00247109	-0.1456	0.00246043	0.99943	0.0336805	0.1456	-0.0336798	0.98877	2.11618	-0.490576	29.0127	
0.988636	0.00263414	-0.150309	0.0026224	0.999392	0.0347626	0.150309	-0.0347617	0.988028	2.25517	-0.522723	29.9412	
0.987908	0.00280242	-0.155017	0.00278954	0.999354	0.0358439	0.155017	-0.0358429	0.987261	2.39858	-0.555886	30.869	
0.987157	0.00297596	-0.159724	0.00296187	0.999314	0.0369245	0.159724	-0.0369234	0.986471	2.54641	-0.590064	31.796	
0.986384	0.00315474	-0.16443	0.00313936	0.999273	0.0380044	0.16443	-0.0380031	0.985656	2.69867	-0.625257	32.7223	
0.985587	0.00333877	-0.169134	0.00332203	0.99923	0.0390835	0.169134	-0.0390821	0.984818	2.85534	-0.661464	33.6479	
0.984768	0.00352805	-0.173837	0.00350987	0.999187	0.0401617	0.173837	-0.0401601	0.983955	3.01643	-0.698684	34.5726	
0.983926	0.00372257	-0.178538	0.00370287	0.999142	0.0412391	0.178538	-0.0412373	0.983068	3.18194	-0.736916	35.4965	
0.983061	0.00392235	-0.183237	0.00390104	0.999097	0.0423156	0.183237	-0.0423136	0.982158	3.35187	-0.77616	36.4196	
0.982173	0.00412737	-0.187933	0.00410437	0.99905	0.0433912	0.187934	-0.043389	0.981223	3.52621	-0.816414	37.3418	
0.981262	0.00433763	-0.192628	0.00431286	0.999002	0.0444657	0.192629	-0.0444633	0.980264	3.70496	-0.857678	38.2631	
0.980329	0.00455314	-0.19732	0.0045265	0.998952	0.0455393	0.197321	-0.0455367	0.979281	3.88812	-0.899951	39.1835	
0.979372	0.00477389	-0.20201	0.00474529	0.998902	0.0466119	0.20201	-0.0466089	0.978274	4.07568	-0.943231	40.1029	
0.978392	0.00499988	-0.206697	0.00496923	0.99885	0.0476833	0.206697	-0.0476801	0.977242	4.26765	-0.987519	41.0214	
0.97739	0.0052311	-0.211381	0.00519831	0.998797	0.0487537	0.211382	-0.0487502	0.976187	4.46402	-1.03281	41.9389	
0.976364	0.00546756	-0.216062	0.00543253	0.998743	0.0498229	0.216063	-0.0498191	0.975108	4.66479	-1.07911	42.8555	
0.975316	0.00570926	-0.22074	0.00567188	0.998688	0.0508909	0.220741	-0.0508867	0.974004	4.86996	-1.12641	43.771	
0.974245	0.00595618	-0.225414	0.00591636	0.998632	0.0519577	0.225415	-0.0519532	0.972877	5.07951	-1.17471	44.6854	
0.973151	0.00620832	-0.230085	0.00616595	0.998574	0.0530233	0.230086	-0.0530184	0.971725	5.29346	-1.22402	45.5988	
0.972034	0.00646569	-0.234752	0.00642066	0.998516	0.0540876	0.234754	-0.0540822	0.970549	5.5118	-1.27432	46.5111	
0.970894	0.00672827	-0.239416	0.00668049	0.998456	0.0551505	0.239417	-0.0551447	0.969349	5.73451	-1.32563	47.4222	
0.969731	0.00699607	-0.244076	0.00694541	0.998395	0.0562122	0.244077	-0.0562059	0.968126	5.96161	-1.37793	48.3323	
0.968545	0.00726907	-0.248731	0.00721543	0.998333	0.0572724	0.248733	-0.0572656	0.966878	6.19308	-1.43123	49.2411	
0.967337	0.00754728	-0.253382	0.00749053	0.998269	0.0583312	0.253384	-0.0583239	0.965606	6.42893	-1.48552	50.1488	
0.966105	0.00783069	-0.258029	0.00777072	0.998205	0.0593885	0.258031	-0.0593806	0.96431	6.66914	-1.5408	51.0553	
0.964851	0.00811929	-0.262671	0.00805599	0.998139	0.0604444	0.262673	-0.0604359	0.96299	6.91371	-1.59708	51.9605	
0.963574	0.00841308	-0.267309	0.00834632	0.998072	0.0614987	0.267311	-0.0614896	0.961646	7.16264	-1.65435	52.8645	
0.962274	0.00871204	-0.271942	0.0086417	0.998004	0.0625515	0.271944	-0.0625417	0.960279	7.41593	-1.71261	53.7673	
0.960952	0.00901619	-0.276569	0.00894214	0.997935	0.0636027	0.276572	-0.0635922	0.958887	7.67357	-1.77185	54.6687	
0.959606	0.0093255	-0.281192	0.00924762	0.997865	0.0646522	0.281194	-0.064641	0.957471	7.93555	-1.83208	55.5688	
0.958238	0.00963997	-0.285809	0.00955813	0.997794	0.0657001	0.285812	-0.0656882	0.956032	8.20187	-1.8933	56.4676	
0.955955	0.0101555	-0.293337	0.0094095	0.997827	0.06521	0.293362	-0.065098	0.953783	8.47391	-1.95473	57.3646	
0.953612	0.0106666	-0.300851	0.00925817	0.99786	0.0647248	0.300897	-0.0645077	0.951472	8.75303	-2.0156	58.2595	
0.951208	0.0111733	-0.308349	0.00910413	0.997893	0.0642443	0.308417	-0.0639169	0.949102	9.03922	-2.07593	59.1522	
0.948744	0.0116755	-0.315831	0.00894737	0.997925	0.0637683	0.31592	-0.0633257	0.94667	9.33247	-2.13569	60.0426	
0.946219	0.0121732	-0.323296	0.00878789	0.997956	0.0632967	0.323406	-0.0627336	0.944178	9.63277	-2.1949	60.9308	
0.943635	0.0126664	-0.330744	0.00862566	0.997987	0.0628291	0.330875	-0.0621406	0.941627	9.94008	-2.25355	61.8165	
0.940992	0.013155	-0.338174	0.00846067	0.998018	0.0623654	0.338324	-0.0615465	0.939015	10.2544	-2.31165	62.6999	
0.938288	0.0136391	-0.345585	0.00829288	0.998048	0.0619054	0.345755	-0.060951	0.936343	10.5757	-2.36919	63.5807	
0.935525	0.0141186	-0.352977	0.00812228	0.998077	0.061449	0.353166	-0.0603541	0.933612	10.904	-2.42616	64.459	
0.932704	0.0145935	-0.360348	0.00794881	0.998106	0.0609958	0.360556	-0.0597554	0.930821	11.2392	-2.48258	65.3348	
0.929823	0.0150637	-0.367699	0.00777243	0.998135	0.0605458	0.367925	-0.0591548	0.927972	11.5814	-2.53843	66.2078	
0.926883	0.0155293	-0.375028	0.00759311	0.998164	0.0600987	0.375272	-0.0585521	0.925063	11.9305	-2.59372	67.0782	
0.923886	0.0159901	-0.382335	0.00741079	0.998192	0.0596543	0.382597	-0.0579472	0.922096	12.2864	-2.64844	67.9458	
0.92083	0.0164462	-0.389618	0.00722541	0.998219	0.0592125	0.389898	-0.0573398	0.919071	12.6493	-2.70259	68.8106	
0.917716	0.0168975	-0.396879	0.00703691	0.998247	0.058773	0.397176	-0.0567297	0.915987	13.019	-2.75617	69.6725	
0.909223	0.0179661	-0.415922	0.00266318	0.998797	0.0489657	0.416301	-0.0456284	0.908081	13.4011	-2.80425	70.5293	
0.900334	0.0188026	-0.434794	-0.00191497	0.999228	0.0392462	0.435196	-0.034502	0.899674	13.801	-2.84188	71.3785	
0.891052	0.0194067	-0.453486	-0.00669502	0.999539	0.0296197	0.453852	-0.0233566	0.890771	14.2187	-2.86906	72.2195	
0.881384	0.0197779	-0.471987	-0.0116743	0.99973	0.0200916	0.472257	-0.0121983	0.881377	14.6537	-2.88576	73.0519	
0.871334	0.019916	-0.490287	-0.0168501	0.999801	0.0106671	0.490402	-0.0010332	0.871496	15.1058	-2.89198	73.8752	
0.860908	0.019821	-0.508375	-0.0222196	0.999752	0.00135145	0.508276	0.0101324	0.861135	15.5749	-2.8877	74.6891	
0.850111	0.0194929	-0.526242	-0.0277798	0.999583	-0.00785022	0.52587	0.0212925	0.850299	16.0607	-2.87294	75.493	
0.838951	0.018932	-0.543878	-0.0335276	0.999294	-0.0169329	0.543173	0.0324407	0.838994	16.5628	-2.8477	76.2865	
0.827432	0.0181384	-0.561273	-0.0394599	0.998886	-0.0258914	0.560178	0.0435712	0.827226	17.0811	-2.812	77.0691	
0.815561	0.0171127	-0.578417	-0.0455733	0.998357	-0.034721	0.576873	0.0546775	0.815002	17.6152	-2.76585	77.8405	
0.803346	0.0158554	-0.595302	-0.0518646	0.99771	-0.0434167	0.59325	0.0657537	0.802328	18.1648	-2.70928	78.6002	
0.790791	0.0143673	-0.611917	-0.0583302	0.996943	-0.0519738	0.6093	0.0767937	0.789212	18.7297	-2.64232	79.3478	
0.777905	0.012649	-0.628254	-0.0649666	0.996059	-0.0603875	0.625014	0.0877913	0.775661	19.3095	-2.56502	80.0828	
0.764695	0.0107017	-0.644304	-0.0717701	0.995056	-0.0686531	0.640384	0.0987405	0.761682	19.9039	-2.4774	80.805	
0.751167	0.00852628	-0.660057	-0.078737	0.993935	-0.0767662	0.6554	0.109635	0.747283	20.5125	-2.37952	81.5137	
0.73733	0.00612403	-0.675505	-0.0858635	0.992698	-0.0847222	0.670054	0.120469	0.732471	21.1351	-2.27144	82.2088	
0.72319	0.00349626	-0.69064	-0.0931455	0.991345	-0.0925168	0.684339	0.131237	0.717256	21.7713	-2.1532	82.8898	
0.708756	0.000644424	-0.705453	-0.100579	0.989876	-0.100146	0.698247	0.141933	0.701645	22.4207	-2.02489	83.5563	
0.694036	-0.00242992	-0.719936	-0.10816	0.988293	-0.107605	0.71177	0.15255	0.685648	23.083	-1.88657	84.2079	
0.679037	-0.00572506	-0.734082	-0.115885	0.986596	-0.114889	0.7249	0.163083	0.669272	23.7578	-1.73831	84.8443	
0.663769	-0.00923919	-0.747881	-0.123748	0.984786	-0.121996	0.73763	0.173526	0.652527	24.4448	-1.5802	85.4652	
0.648239	-0.0129704	-0.761327	-0.131746	0.982864	-0.128921	0.749953	0.183873	0.635422	25.1436	-1.41232	86.0702	
0.632456	-0.0169165	-0.774412	-0.139874	0.980832	-0.13566	0.761863	0.194119	0.617966	25.8537	-1.23477	86.6589	
