1	0	0	0	1	0	0	0	1	0	0	0	
0.999998	-3.11098e-06	0.00221711	-3.11098e-06	0.999996	0.00280633	-0.00221711	-0.00280633	0.999994	-0.00104137	-0.00131813	0.939392	
0.99999	-1.24679e-05	0.00443821	-1.24707e-05	0.999984	0.00561898	-0.00443821	-0.00561898	0.999974	-0.00416736	-0.00527548	1.87877	
0.999978	-2.81068e-05	0.00666322	-2.8118e-05	0.999964	0.00843784	-0.00666322	-0.00843784	0.999942	-0.00938167	-0.0118779	2.81813	
0.99996	-5.00632e-05	0.00889205	-5.00912e-05	0.999937	0.0112628	-0.00889205	-0.0112628	0.999897	-0.0166879	-0.0211313	3.75745	
0.999938	-7.83717e-05	0.0111246	-7.84277e-05	0.999901	0.0140937	-0.0111246	-0.0140937	0.999839	-0.0260897	-0.0330411	4.69672	
0.999911	-0.000113066	0.0133608	-0.000113165	0.999857	0.0169305	-0.0133608	-0.0169305	0.999767	-0.0375904	-0.0476131	5.63593	
0.999878	-0.00015418	0.0156005	-0.000154338	0.999804	0.0197731	-0.0156005	-0.0197731	0.999683	-0.0511935	-0.0648527	6.57506	
0.999841	-0.000201746	0.0178436	-0.000201983	0.999744	0.0226212	-0.0178436	-0.0226213	0.999585	-0.0669021	-0.0847652	7.51412	
0.999798	-0.000255796	0.0200901	-0.000256135	0.999675	0.025475	-0.0200901	-0.025475	0.999474	-0.0847195	-0.107356	8.45307	
0.99975	-0.000316361	0.0223399	-0.000316827	0.999598	0.0283341	-0.0223399	-0.0283341	0.999349	-0.104649	-0.13263	9.39191	
0.999697	-0.000383471	0.0245928	-0.000384094	0.999513	0.0311986	-0.0245928	-0.0311986	0.999211	-0.126693	-0.160592	10.3306	
0.999639	-0.000457155	0.0268489	-0.000457967	0.999419	0.0340682	-0.0268488	-0.0340682	0.999059	-0.150855	-0.191248	11.2692	
0.999576	-0.000537444	0.0291078	-0.000538479	0.999317	0.0369429	-0.0291078	-0.0369429	0.998893	-0.177138	-0.224602	12.2076	
0.999508	-0.000624365	0.0313697	-0.000625661	0.999207	0.0398226	-0.0313697	-0.0398226	0.998714	-0.205544	-0.260658	13.1459	
0.999434	-0.000717946	0.0336344	-0.000719543	0.999087	0.0427071	-0.0336344	-0.0427071	0.998521	-0.236076	-0.299422	14.084	
0.999355	-0.000818213	0.0359018	-0.000820156	0.99896	0.0455963	-0.0359017	-0.0455964	0.998315	-0.268737	-0.340898	15.0219	
0.999271	-0.000925193	0.0381718	-0.000927529	0.998823	0.0484902	-0.0381717	-0.0484903	0.998094	-0.303529	-0.38509	15.9596	
0.999181	-0.00103891	0.0404443	-0.00104169	0.998678	0.0513886	-0.0404442	-0.0513887	0.997859	-0.340455	-0.432003	16.8971	
0.999086	-0.00115939	0.0427192	-0.00116267	0.998524	0.0542914	-0.0427191	-0.0542915	0.997611	-0.379516	-0.481641	17.8344	
0.998986	-0.00128666	0.0449965	-0.00129048	0.998362	0.0571984	-0.0449964	-0.0571985	0.997348	-0.420716	-0.534008	18.7714	
0.998881	-0.00142074	0.047276	-0.00142517	0.998191	0.0601097	-0.0472758	-0.0601098	0.997072	-0.464056	-0.589107	19.7082	
0.99877	-0.00156164	0.0495576	-0.00156676	0.998011	0.0630249	-0.0495575	-0.0630251	0.996781	-0.509538	-0.646943	20.6447	
0.998654	-0.00170941	0.0518414	-0.00171526	0.997822	0.0659442	-0.0518412	-0.0659443	0.996476	-0.557165	-0.70752	21.5809	
0.998532	-0.00186405	0.054127	-0.00187071	0.997624	0.0688672	-0.0541268	-0.0688674	0.996156	-0.606938	-0.77084	22.5169	
0.998405	-0.00202558	0.0564146	-0.00203312	0.997417	0.0717939	-0.0564143	-0.0717941	0.995823	-0.658859	-0.836909	23.4525	
0.998273	-0.00219403	0.058704	-0.00220252	0.997202	0.0747242	-0.0587036	-0.0747245	0.995475	-0.71293	-0.905728	24.3878	
0.998135	-0.00236941	0.060995	-0.00237894	0.996977	0.077658	-0.0609946	-0.0776583	0.995112	-0.769152	-0.977302	25.3228	
0.997992	-0.00255175	0.0632876	-0.00256239	0.996744	0.0805952	-0.0632872	-0.0805955	0.994736	-0.827526	-1.05163	26.2574	
0.997843	-0.00274105	0.0655818	-0.00275289	0.996501	0.0835356	-0.0655813	-0.083536	0.994344	-0.888056	-1.12873	27.1917	
0.997689	-0.00293734	0.0678773	-0.00295047	0.996249	0.0864792	-0.0678767	-0.0864796	0.993939	-0.950741	-1.20858	28.1256	
0.99753	-0.00314063	0.0701742	-0.00315514	0.995988	0.0894257	-0.0701735	-0.0894262	0.993518	-1.01558	-1.2912	29.0591	
0.997365	-0.00335094	0.0724723	-0.00336692	0.995719	0.0923752	-0.0724716	-0.0923758	0.993083	-1.08258	-1.3766	29.9922	
0.997194	-0.00356828	0.0747716	-0.00358583	0.99544	0.0953274	-0.0747707	-0.0953281	0.992634	-1.15174	-1.46476	30.9248	
0.997018	-0.00379267	0.0770719	-0.00381189	0.995151	0.0982824	-0.0770709	-0.0982831	0.99217	-1.22306	-1.5557	31.8571	
0.996837	-0.00402412	0.0793731	-0.00404511	0.994854	0.10124	-0.0793721	-0.101241	0.991691	-1.29654	-1.64941	32.7889	
0.99665	-0.00426264	0.0816753	-0.00428551	0.994547	0.1042	-0.0816741	-0.104201	0.991197	-1.37219	-1.74591	33.7203	
0.996457	-0.00450824	0.0839782	-0.0045331	0.994231	0.107162	-0.0839768	-0.107163	0.990689	-1.44999	-1.84519	34.6512	
0.996259	-0.00476093	0.0862818	-0.0047879	0.993906	0.110126	-0.0862803	-0.110128	0.990165	-1.52996	-1.94725	35.5816	
0.996056	-0.00502073	0.088586	-0.00504992	0.993572	0.113093	-0.0885843	-0.113094	0.989627	-1.61209	-2.05209	36.5115	
0.995847	-0.00528764	0.0908907	-0.00531918	0.993228	0.116062	-0.0908889	-0.116063	0.989075	-1.69639	-2.15973	37.4409	
0.995632	-0.00556168	0.0931958	-0.00559568	0.992875	0.119032	-0.0931938	-0.119034	0.988507	-1.78286	-2.27015	38.3697	
0.995412	-0.00584284	0.0955013	-0.00587943	0.992512	0.122004	-0.095499	-0.122006	0.987924	-1.87148	-2.38337	39.2981	
0.995187	-0.00613115	0.097807	-0.00617046	0.99214	0.124978	-0.0978045	-0.12498	0.987327	-1.96228	-2.49938	40.2258	
0.994955	-0.0064266	0.100113	-0.00646876	0.991759	0.127953	-0.10011	-0.127955	0.986714	-2.05524	-2.61818	41.153	
0.994719	-0.00672919	0.102419	-0.00677435	0.991368	0.13093	-0.102416	-0.130932	0.986087	-2.15036	-2.73978	42.0796	
0.994476	-0.00703895	0.104725	-0.00708723	0.990968	0.133908	-0.104721	-0.133911	0.985445	-2.24766	-2.86418	43.0057	
0.994229	-0.00735587	0.10703	-0.00740742	0.990559	0.136887	-0.107027	-0.13689	0.984787	-2.34711	-2.99137	43.9311	
0.993975	-0.00767995	0.109336	-0.00773492	0.99014	0.139868	-0.109332	-0.139871	0.984115	-2.44874	-3.12136	44.8559	
0.993716	-0.00801119	0.111641	-0.00806973	0.989712	0.142849	-0.111637	-0.142852	0.983428	-2.55252	-3.25416	45.78	
0.993452	-0.00834961	0.113946	-0.00841187	0.989274	0.145831	-0.113941	-0.145834	0.982726	-2.65848	-3.38975	46.7035	
0.993182	-0.0086952	0.11625	-0.00876133	0.988826	0.148814	-0.116245	-0.148818	0.982008	-2.7666	-3.52815	47.6263	
0.992906	-0.00904796	0.118554	-0.00911813	0.98837	0.151797	-0.118549	-0.151801	0.981276	-2.87688	-3.66935	48.5485	
0.992625	-0.00940789	0.120857	-0.00948225	0.987903	0.154781	-0.120851	-0.154786	0.980529	-2.98932	-3.81335	49.47	
0.992339	-0.009775	0.12316	-0.00985372	0.987427	0.157765	-0.123153	-0.15777	0.979766	-3.10393	-3.96016	50.3907	
0.992047	-0.0101493	0.125461	-0.0102325	0.986942	0.16075	-0.125455	-0.160755	0.978989	-3.2207	-4.10977	51.3107	
0.991749	-0.0105307	0.127762	-0.0106187	0.986447	0.163735	-0.127755	-0.16374	0.978196	-3.33964	-4.26219	52.23	
0.991446	-0.0109193	0.130062	-0.0110122	0.985943	0.166719	-0.130054	-0.166725	0.977389	-3.46073	-4.41741	53.1485	
0.991137	-0.0113151	0.13236	-0.011413	0.985429	0.169704	-0.132352	-0.169711	0.976566	-3.58398	-4.57543	54.0663	
0.990823	-0.0117181	0.134658	-0.0118212	0.984906	0.172689	-0.134649	-0.172696	0.975728	-3.70939	-4.73626	54.9833	
0.990503	-0.0121282	0.136954	-0.0122367	0.984373	0.175673	-0.136944	-0.17568	0.974876	-3.83695	-4.89989	55.8995	
0.990178	-0.0125454	0.139249	-0.0126595	0.98383	0.178657	-0.139238	-0.178665	0.974008	-3.96668	-5.06632	56.8149	
0.99031	-0.0123729	0.138319	-0.0132211	0.983099	0.182598	-0.13824	-0.182658	0.973409	-4.09701	-5.23603	57.7296	
0.990442	-0.012197	0.137392	-0.0137796	0.98235	0.186544	-0.137242	-0.186654	0.972792	-4.2264	-5.4095	58.6437	
0.990572	-0.0120176	0.136467	-0.014335	0.981584	0.190493	-0.136244	-0.190654	0.972157	-4.35486	-5.58672	59.5572	
0.9907	-0.0118349	0.135546	-0.0148871	0.9808	0.194446	-0.135244	-0.194656	0.971503	-4.48237	-5.7677	60.4702	
0.990828	-0.0116487	0.134626	-0.0154359	0.979999	0.198401	-0.134245	-0.19866	0.970831	-4.60895	-5.95244	61.3825	
0.990954	-0.0114591	0.133709	-0.0159812	0.979181	0.202359	-0.133244	-0.202665	0.970141	-4.73459	-6.14094	62.2941	
0.99108	-0.0112661	0.132795	-0.0165232	0.978346	0.206318	-0.132243	-0.206671	0.969432	-4.85929	-6.3332	63.2052	
0.991204	-0.0110696	0.131882	-0.0170615	0.977493	0.210278	-0.131242	-0.210678	0.968705	-4.98305	-6.52923	64.1155	
0.991326	-0.0108698	0.130972	-0.0175963	0.976623	0.214239	-0.130239	-0.214685	0.967961	-5.10587	-6.72902	65.0251	
0.991448	-0.0106664	0.130064	-0.0181273	0.975736	0.218199	-0.129236	-0.218691	0.967198	-5.22774	-6.93258	65.9341	
0.991569	-0.0104597	0.129159	-0.0186547	0.974832	0.222159	-0.128232	-0.222696	0.966418	-5.34867	-7.1399	66.8423	
0.991688	-0.0102495	0.128255	-0.0191782	0.973911	0.226119	-0.127226	-0.226699	0.965619	-5.46866	-7.35098	67.7498	
0.991807	-0.0100358	0.127353	-0.0196978	0.972973	0.230076	-0.12622	-0.2307	0.964804	-5.5877	-7.56582	68.6565	
0.991924	-0.00981863	0.126453	-0.0202134	0.972019	0.234032	-0.125213	-0.234698	0.96397	-5.7058	-7.78441	69.5624	
0.99204	-0.009598	0.125555	-0.0207251	0.971048	0.237985	-0.124204	-0.238693	0.963119	-5.82295	-8.00676	70.4676	
0.994576	-0.00416365	0.103928	-0.0215066	0.969373	0.24465	-0.101764	-0.245558	0.964026	-5.92909	-8.23423	71.3728	
0.996608	0.00142327	0.082287	-0.0221326	0.967651	0.251319	-0.0792675	-0.252288	0.9644	-6.01413	-8.46807	72.2786	
0.998134	0.00715966	0.0606435	-0.0226029	0.965883	0.257989	-0.0567274	-0.258878	0.964243	-6.07801	-8.70818	73.1845	
0.999154	0.0130424	0.0390094	-0.0229172	0.964071	0.264656	-0.0341561	-0.265326	0.963554	-6.1207	-8.95441	74.0901	
0.999667	0.0190682	0.0173968	-0.0230754	0.962214	0.271316	-0.0115659	-0.271627	0.962333	-6.14217	-9.20662	74.9947	
0.999673	0.0252337	-0.00418253	-0.0230772	0.960314	0.277966	0.0110307	-0.277779	0.960582	-6.14242	-9.46469	75.8979	
0.999172	0.0315356	-0.0257166	-0.0229228	0.958372	0.284602	0.0336211	-0.283777	0.958301	-6.12145	-9.72846	76.7992	
0.998164	0.0379703	-0.0471935	-0.0226122	0.956389	0.291221	0.0561931	-0.289619	0.955491	-6.07926	-9.9978	77.6982	
0.99665	0.0445344	-0.0686014	-0.0221456	0.954366	0.297818	0.078734	-0.295301	0.952155	-6.01589	-10.2725	78.5942	
0.99463	0.0512242	-0.0899286	-0.0215232	0.952304	0.30439	0.101232	-0.30082	0.948293	-5.93135	-10.5526	79.4869	
0.992106	0.058036	-0.111163	-0.0207454	0.950205	0.310934	0.123673	-0.306174	0.943908	-5.82571	-10.8377	80.3757	
0.989079	0.064966	-0.132294	-0.0198126	0.948069	0.317446	0.146047	-0.311358	0.939003	-5.69902	-11.1277	81.2602	
0.985551	0.0720105	-0.153308	-0.0187254	0.945899	0.323922	0.16834	-0.316371	0.93358	-5.55134	-11.4226	82.1397	
0.981524	0.0791655	-0.174195	-0.0174843	0.943694	0.330359	0.19054	-0.321209	0.927642	-5.38277	-11.7221	83.014	
0.976999	0.0864272	-0.194943	-0.0160899	0.941456	0.336752	0.212635	-0.32587	0.921192	-5.19339	-12.026	83.8824	
0.97198	0.0937914	-0.21554	-0.0145432	0.939186	0.3431	0.234612	-0.330352	0.914235	-4.98331	-12.3343	84.7446	
0.966469	0.101254	-0.235976	-0.0128449	0.936887	0.349398	0.256461	-0.334651	0.906773	-4.75265	-12.6466	85.5999	
0.96047	0.108811	-0.256239	-0.010996	0.934558	0.355642	0.278168	-0.338766	0.898811	-4.50152	-12.9629	86.448	
0.953984	0.116459	-0.276317	-0.00899751	0.932201	0.361829	0.299721	-0.342693	0.890353	-4.23008	-13.283	87.2884	
0.947017	0.124192	-0.2962	-0.00685048	0.929818	0.367957	0.321109	-0.346432	0.881404	-3.93846	-13.6067	88.1207	
0.939572	0.132008	-0.315877	-0.00455614	0.927409	0.37402	0.34232	-0.34998	0.871969	-3.62684	-13.9338	88.9443	
0.931653	0.1399	-0.335336	-0.00211573	0.924977	0.380017	0.363343	-0.353335	0.862054	-3.29537	-14.2642	89.7588	
0.923264	0.147866	-0.354568	0.000469382	0.922522	0.385944	0.384165	-0.356494	0.851663	-2.94426	-14.5976	90.5637	
