1	0	0	0	1	0	0	0	1	0	0	0	
0.999995	-4.52514e-06	-0.00302566	-4.52514e-06	0.999996	-0.00299116	0.00302566	0.00299116	0.999991	0.00113233	0.00111942	0.748483	
0.999982	-1.81065e-05	-0.0060533	-1.80942e-05	0.999982	-0.00598023	0.0060533	0.00598023	0.999964	0.00453007	0.0044769	1.49695	
0.999959	-4.07499e-05	-0.00908287	-4.07007e-05	0.99996	-0.00896713	0.00908287	0.00896713	0.999919	0.0101947	0.0100708	2.24539	
0.999927	-7.24606e-05	-0.0121143	-7.23378e-05	0.999929	-0.0119518	0.0121143	0.0119518	0.999855	0.0181276	0.0178996	2.99379	
0.999885	-0.000113244	-0.0151475	-0.000112998	0.999888	-0.0149342	0.0151475	0.0149342	0.999774	0.0283301	0.0279615	3.74214	
0.999835	-0.000163106	-0.0181825	-0.000162676	0.99984	-0.0179143	0.0181825	0.0179143	0.999674	0.0408037	0.0402549	4.49042	
0.999775	-0.00022205	-0.0212192	-0.000221362	0.999782	-0.0208921	0.0212192	0.0208921	0.999557	0.0555495	0.0547779	5.23862	
0.999706	-0.000290082	-0.0242576	-0.00028905	0.999715	-0.0238673	0.0242576	0.0238673	0.999421	0.0725689	0.0715288	5.98672	
0.999627	-0.000367206	-0.0272975	-0.000365732	0.99964	-0.0268401	0.0272975	0.0268401	0.999267	0.0918631	0.0905057	6.73472	
0.99954	-0.000453426	-0.030339	-0.000451399	0.999555	-0.0298104	0.030339	0.0298104	0.999095	0.113433	0.111707	7.48259	
0.999443	-0.000548747	-0.0333819	-0.000546045	0.999463	-0.0327781	0.0333819	0.032778	0.998905	0.13728	0.13513	8.23033	
0.999336	-0.000653173	-0.0364262	-0.00064966	0.999361	-0.0357431	0.0364263	0.035743	0.998697	0.163405	0.160774	8.97792	
0.99922	-0.000766707	-0.0394719	-0.000762236	0.99925	-0.0387054	0.039472	0.0387053	0.998471	0.19181	0.188635	9.72534	
0.999095	-0.000889352	-0.0425189	-0.000883765	0.999131	-0.0416649	0.042519	0.0416648	0.998227	0.222494	0.218713	10.4726	
0.998961	-0.00102111	-0.0455671	-0.00101424	0.999003	-0.0446216	0.0455672	0.0446215	0.997964	0.25546	0.251005	11.2197	
0.998817	-0.00116199	-0.0486165	-0.00115364	0.998867	-0.0475755	0.0486167	0.0475753	0.997684	0.290708	0.285509	11.9665	
0.998664	-0.00131199	-0.051667	-0.00130197	0.998722	-0.0505264	0.0516673	0.0505262	0.997385	0.328238	0.322223	12.7132	
0.998501	-0.00147112	-0.0547186	-0.00145922	0.998568	-0.0534744	0.0547189	0.0534741	0.997069	0.368053	0.361144	13.4596	
0.998329	-0.00163937	-0.0577712	-0.00162538	0.998406	-0.0564193	0.0577716	0.0564189	0.996734	0.410151	0.402271	14.2057	
0.998147	-0.00181675	-0.0608248	-0.00180042	0.998235	-0.0593612	0.0608253	0.0593607	0.996382	0.454535	0.445601	14.9516	
0.997956	-0.00200326	-0.0638792	-0.00198436	0.998056	-0.0622999	0.0638798	0.0622993	0.996011	0.501205	0.491131	15.6973	
0.997755	-0.0021989	-0.0669345	-0.00217717	0.997868	-0.0652354	0.0669352	0.0652347	0.995622	0.550162	0.53886	16.4426	
0.997545	-0.00240368	-0.0699906	-0.00237885	0.997671	-0.0681677	0.0699914	0.0681668	0.995216	0.601406	0.588784	17.1877	
0.997325	-0.0026176	-0.0730473	-0.00258938	0.997466	-0.0710967	0.0730483	0.0710957	0.994791	0.654937	0.640902	17.9324	
0.997096	-0.00284065	-0.0761048	-0.00280876	0.997253	-0.0740223	0.076106	0.0740211	0.994348	0.710757	0.695211	18.6769	
0.996857	-0.00307285	-0.0791628	-0.00303697	0.997031	-0.0769446	0.0791642	0.0769432	0.993888	0.768866	0.751709	19.4209	
0.996609	-0.00331418	-0.0822214	-0.00327401	0.9968	-0.0798634	0.082223	0.0798617	0.993409	0.829264	0.810392	20.1647	
0.996351	-0.00356465	-0.0852804	-0.00351985	0.996562	-0.0827787	0.0852823	0.0827767	0.992912	0.891952	0.871258	20.908	
0.996083	-0.00382427	-0.0883399	-0.00377449	0.996315	-0.0856904	0.0883421	0.0856882	0.992398	0.95693	0.934305	21.651	
0.995806	-0.00409302	-0.0913998	-0.00403793	0.996059	-0.0885985	0.0914022	0.088596	0.991865	1.0242	0.99953	22.3936	
0.995519	-0.00437092	-0.0944599	-0.00431013	0.995795	-0.091503	0.0944627	0.0915001	0.991315	1.09376	1.06693	23.1358	
0.995223	-0.00465796	-0.0975203	-0.00459111	0.995523	-0.0944037	0.0975235	0.0944005	0.990746	1.16561	1.1365	23.8776	
0.994917	-0.00495414	-0.100581	-0.00488083	0.995243	-0.0973007	0.100584	0.097297	0.99016	1.23975	1.20824	24.6189	
0.994601	-0.00525946	-0.103642	-0.0051793	0.994954	-0.100194	0.103646	0.10019	0.989555	1.31618	1.28215	25.3598	
0.994275	-0.00557392	-0.106702	-0.00548649	0.994658	-0.103083	0.106707	0.103079	0.988933	1.3949	1.35822	26.1003	
0.99394	-0.00589753	-0.109763	-0.00580239	0.994353	-0.105969	0.109768	0.105963	0.988293	1.47592	1.43645	26.8402	
0.993595	-0.00623027	-0.112824	-0.006127	0.994039	-0.10885	0.11283	0.108844	0.987635	1.55922	1.51685	27.5797	
0.993241	-0.00657214	-0.115885	-0.00646029	0.993718	-0.111727	0.115891	0.111721	0.986959	1.64482	1.59939	28.3187	
0.992877	-0.00692316	-0.118945	-0.00680226	0.993388	-0.114601	0.118952	0.114594	0.986265	1.73271	1.68409	29.0571	
0.992503	-0.0072833	-0.122005	-0.00715289	0.993051	-0.11747	0.122013	0.117462	0.985553	1.82289	1.77093	29.7951	
0.992119	-0.00765258	-0.125065	-0.00751217	0.992705	-0.120335	0.125074	0.120326	0.984824	1.91536	1.85992	30.5325	
0.991726	-0.00803099	-0.128125	-0.00788009	0.992351	-0.123196	0.128134	0.123186	0.984077	2.01012	1.95106	31.2693	
0.991322	-0.00841853	-0.131184	-0.00825662	0.991989	-0.126052	0.131194	0.126042	0.983312	2.10717	2.04433	32.0056	
0.990909	-0.0088152	-0.134243	-0.00864176	0.991619	-0.128905	0.134254	0.128893	0.982529	2.20651	2.13973	32.7413	
0.990486	-0.00922098	-0.137301	-0.00903549	0.991241	-0.131753	0.137313	0.13174	0.981728	2.30814	2.23727	33.4764	
0.990054	-0.00963589	-0.140359	-0.0094378	0.990856	-0.134596	0.140372	0.134582	0.980909	2.41207	2.33694	34.2109	
0.989611	-0.0100599	-0.143416	-0.00984867	0.990462	-0.137435	0.14343	0.13742	0.980073	2.51828	2.43874	34.9448	
0.989159	-0.010493	-0.146472	-0.0102681	0.99006	-0.140269	0.146488	0.140253	0.979219	2.62678	2.54265	35.6781	
0.988697	-0.0109353	-0.149527	-0.010696	0.989651	-0.143099	0.149545	0.143081	0.978348	2.73756	2.64869	36.4107	
0.988225	-0.0113866	-0.152582	-0.0111325	0.989233	-0.145925	0.152601	0.145905	0.977458	2.85064	2.75684	37.1426	
0.987743	-0.0118471	-0.155636	-0.0115775	0.988808	-0.148745	0.155656	0.148724	0.976551	2.966	2.8671	37.8739	
0.987252	-0.0123167	-0.158689	-0.0120309	0.988375	-0.151561	0.158711	0.151538	0.975627	3.08365	2.97948	38.6045	
0.98671	-0.0128285	-0.161982	-0.0120537	0.988353	-0.1517	0.162041	0.151636	0.975064	3.20369	3.09294	39.3345	
0.986156	-0.0133425	-0.165285	-0.0120768	0.988332	-0.151837	0.165382	0.151731	0.974488	3.32623	3.20647	40.0641	
0.985588	-0.0138585	-0.168597	-0.0121002	0.98831	-0.151974	0.168732	0.151823	0.973899	3.45127	3.32007	40.7933	
0.985006	-0.0143765	-0.171918	-0.0121239	0.988289	-0.152109	0.172092	0.151912	0.973297	3.57882	3.43374	41.522	
0.984412	-0.0148966	-0.175248	-0.0121478	0.988268	-0.152243	0.17546	0.151999	0.972682	3.70889	3.54748	42.2503	
0.983804	-0.0154185	-0.178586	-0.0121721	0.988248	-0.152376	0.178836	0.152082	0.972054	3.84148	3.66128	42.9781	
0.983182	-0.0159423	-0.181932	-0.0121967	0.988227	-0.152509	0.182221	0.152163	0.971412	3.9766	3.77514	43.7054	
0.982547	-0.0164679	-0.185285	-0.0122216	0.988206	-0.15264	0.185614	0.152241	0.970758	4.11426	3.88906	44.4322	
0.981898	-0.0169952	-0.188646	-0.0122468	0.988186	-0.152771	0.189013	0.152316	0.97009	4.25446	4.00304	45.1586	
0.981236	-0.0175243	-0.192014	-0.0122724	0.988165	-0.152901	0.192421	0.152388	0.969408	4.39721	4.11707	45.8844	
0.98056	-0.018055	-0.195388	-0.0122982	0.988145	-0.15303	0.195834	0.152458	0.968713	4.54251	4.23116	46.6098	
0.97987	-0.0185874	-0.198768	-0.0123244	0.988125	-0.153158	0.199255	0.152525	0.968005	4.69037	4.3453	47.3346	
0.979167	-0.0191213	-0.202155	-0.0123509	0.988105	-0.153286	0.202681	0.152589	0.967283	4.8408	4.45948	48.0588	
0.97845	-0.0196568	-0.205547	-0.0123778	0.988085	-0.153413	0.206114	0.152651	0.966548	4.99378	4.57372	48.7826	
0.977719	-0.0201937	-0.208945	-0.012405	0.988065	-0.153539	0.209552	0.15271	0.965799	5.14934	4.688	49.5057	
0.976974	-0.020732	-0.212347	-0.0124325	0.988045	-0.153665	0.212995	0.152767	0.965037	5.30748	4.80232	50.2283	
0.976216	-0.0212717	-0.215755	-0.0124604	0.988025	-0.15379	0.216442	0.152821	0.964261	5.46819	4.91668	50.9504	
0.975444	-0.0218127	-0.219166	-0.0124886	0.988005	-0.153915	0.219895	0.152873	0.963471	5.63149	5.03109	51.6718	
0.974658	-0.0223549	-0.222582	-0.0125172	0.987985	-0.154039	0.223351	0.152922	0.962668	5.79737	5.14553	52.3926	
0.973858	-0.0228984	-0.226001	-0.0125461	0.987966	-0.154163	0.226811	0.152968	0.961851	5.96584	5.26001	53.1129	
0.973044	-0.023443	-0.229423	-0.0125754	0.987946	-0.154286	0.230275	0.153012	0.961021	6.1369	5.37452	53.8325	
0.972217	-0.0239887	-0.232849	-0.0126051	0.987927	-0.154409	0.233742	0.153054	0.960177	6.31056	5.48906	54.5515	
0.971376	-0.0245355	-0.236277	-0.0126351	0.987907	-0.154531	0.237212	0.153093	0.959319	6.48681	5.60363	55.2698	
0.970521	-0.0250833	-0.239708	-0.0126655	0.987888	-0.154653	0.240684	0.15313	0.958448	6.66566	5.71824	55.9876	
0.969652	-0.0256321	-0.243141	-0.0126962	0.987868	-0.154775	0.244158	0.153165	0.957563	6.8471	5.83286	56.7046	
0.96877	-0.0261817	-0.246575	-0.0127274	0.987849	-0.154896	0.247634	0.153197	0.956665	7.03115	5.94752	57.421	
0.967874	-0.0267322	-0.250011	-0.0127589	0.987829	-0.155017	0.251112	0.153227	0.955753	7.21781	6.06219	58.1367	
0.966964	-0.0272835	-0.253448	-0.0127908	0.98781	-0.155137	0.254591	0.153254	0.954828	7.40706	6.17689	58.8517	
0.966041	-0.0278356	-0.256885	-0.012823	0.987791	-0.155257	0.258071	0.153279	0.953889	7.59892	6.29161	59.5661	
0.965104	-0.0283884	-0.260323	-0.0128557	0.987772	-0.155377	0.261551	0.153302	0.952937	7.79339	6.40635	60.2797	
0.964154	-0.0289418	-0.263761	-0.0128887	0.987752	-0.155497	0.265031	0.153322	0.951972	7.99046	6.5211	60.9926	
0.96319	-0.0294958	-0.267199	-0.0129221	0.987733	-0.155616	0.268512	0.15334	0.950993	8.19013	6.63586	61.7047	
0.962212	-0.0300504	-0.270637	-0.0129559	0.987714	-0.155735	0.271991	0.153356	0.950001	8.39241	6.75064	62.4162	
0.961222	-0.0306054	-0.274073	-0.0129901	0.987695	-0.155853	0.27547	0.15337	0.948996	8.59729	6.86543	63.1269	
0.960218	-0.0311609	-0.277508	-0.0130246	0.987676	-0.155971	0.278948	0.153381	0.947978	8.80478	6.98023	63.8368	
0.959201	-0.0317168	-0.280942	-0.0130596	0.987657	-0.156089	0.282425	0.15339	0.946946	9.01487	7.09504	64.5459	
0.95817	-0.032273	-0.284374	-0.013095	0.987637	-0.156207	0.2859	0.153397	0.945902	9.22756	7.20985	65.2543	
0.957127	-0.0328296	-0.287804	-0.0131307	0.987618	-0.156325	0.289372	0.153402	0.944845	9.44285	7.32467	65.9619	
0.95607	-0.0333863	-0.291231	-0.0131669	0.987599	-0.156442	0.292843	0.153404	0.943775	9.66074	7.43949	66.6687	
0.955	-0.0339433	-0.294656	-0.0132034	0.98758	-0.156559	0.29631	0.153404	0.942692	9.88123	7.55431	67.3747	
0.953918	-0.0345004	-0.298077	-0.0132403	0.987561	-0.156676	0.299775	0.153402	0.941596	10.1043	7.66913	68.0799	
0.952823	-0.0350576	-0.301495	-0.0132777	0.987542	-0.156792	0.303236	0.153398	0.940488	10.33	7.78395	68.7843	
0.951715	-0.0356148	-0.304909	-0.0133154	0.987523	-0.156909	0.306693	0.153392	0.939367	10.5582	7.89876	69.4878	
0.950595	-0.036172	-0.30832	-0.0133536	0.987504	-0.157025	0.310147	0.153384	0.938234	10.7891	8.01357	70.1905	
0.949618	-0.036624	-0.311264	-0.00760262	0.990165	-0.1397	0.313319	0.135028	0.939999	11.0224	8.12151	70.8934	
0.948631	-0.0370184	-0.314212	-0.0017942	0.992486	-0.122345	0.31638	0.116624	0.941436	11.2581	8.21569	71.5975	
0.947634	-0.0373551	-0.317165	0.00406969	0.994467	-0.104967	0.319331	0.0981795	0.942544	11.496	8.29608	72.3026	
