1	0	0	0	1	0	0	0	1	0	0	0	
1	-2.73227e-08	0.000368952	-2.73227e-08	1	0.00014811	-0.000368952	-0.00014811	1	-0.000187644	-7.53264e-05	1.01717	
1	-1.11029e-07	0.00074378	-1.11011e-07	1	0.000298529	-0.00074378	-0.000298529	1	-0.000753564	-0.00030248	2.03434	
0.999999	-2.53743e-07	0.00112446	-2.5367e-07	1	0.000451249	-0.00112446	-0.000451249	0.999999	-0.00170373	-0.000683807	3.05151	
0.999999	-4.58118e-07	0.00151099	-4.57933e-07	1	0.00060626	-0.00151099	-0.00060626	0.999999	-0.00304408	-0.00122164	4.06869	
0.999998	-7.26834e-07	0.00190332	-7.26457e-07	1	0.000763553	-0.00190332	-0.000763553	0.999998	-0.00478055	-0.00191831	5.08586	
0.999997	-1.0626e-06	0.00230146	-1.06193e-06	1	0.000923118	-0.00230146	-0.000923118	0.999997	-0.00691904	-0.00277613	6.10302	
0.999996	-1.46814e-06	0.00270537	-1.46705e-06	0.999999	0.00108495	-0.00270537	-0.00108495	0.999996	-0.00946544	-0.0037974	7.12019	
0.999995	-1.94621e-06	0.00311503	-1.94456e-06	0.999999	0.00124903	-0.00311503	-0.00124903	0.999994	-0.0124256	-0.00498442	8.13736	
0.999994	-2.49961e-06	0.00353043	-2.49721e-06	0.999999	0.00141535	-0.00353043	-0.00141535	0.999993	-0.0158054	-0.00633949	9.15452	
0.999992	-3.13112e-06	0.00395155	-3.12777e-06	0.999999	0.0015839	-0.00395155	-0.0015839	0.999991	-0.0196106	-0.00786486	10.1717	
0.99999	-3.84359e-06	0.00437835	-3.83906e-06	0.999998	0.00175468	-0.00437835	-0.00175468	0.999989	-0.0238471	-0.00956282	11.1888	
0.999988	-4.63986e-06	0.00481082	-4.63389e-06	0.999998	0.00192767	-0.00481082	-0.00192767	0.999987	-0.0285206	-0.0114356	12.206	
0.999986	-5.5228e-06	0.00524894	-5.51509e-06	0.999998	0.00210286	-0.00524894	-0.00210286	0.999984	-0.0336368	-0.0134855	13.2232	
0.999984	-6.4953e-06	0.00569268	-6.48553e-06	0.999997	0.00228024	-0.00569268	-0.00228024	0.999981	-0.0392016	-0.0157147	14.2403	
0.999981	-7.56028e-06	0.00614203	-7.5481e-06	0.999997	0.00245981	-0.00614203	-0.00245981	0.999978	-0.0452206	-0.0181254	15.2575	
0.999978	-8.72067e-06	0.00659695	-8.70567e-06	0.999997	0.00264154	-0.00659695	-0.00264154	0.999975	-0.0516994	-0.0207199	16.2746	
0.999975	-9.97941e-06	0.00705743	-9.96117e-06	0.999996	0.00282543	-0.00705743	-0.00282543	0.999971	-0.0586439	-0.0235003	17.2918	
0.999972	-1.13395e-05	0.00752344	-1.13175e-05	0.999995	0.00301147	-0.00752344	-0.00301147	0.999967	-0.0660595	-0.0264689	18.3089	
0.999968	-1.28038e-05	0.00799495	-1.27777e-05	0.999995	0.00319965	-0.00799495	-0.00319965	0.999963	-0.0739519	-0.0296278	19.326	
0.999964	-1.43755e-05	0.00847195	-1.43446e-05	0.999994	0.00338995	-0.00847195	-0.00338995	0.999958	-0.0823267	-0.0329791	20.3432	
0.99996	-1.60575e-05	0.0089544	-1.60212e-05	0.999994	0.00358237	-0.0089544	-0.00358237	0.999953	-0.0911895	-0.0365252	21.3603	
0.999955	-1.78528e-05	0.00944229	-1.78106e-05	0.999993	0.00377689	-0.00944229	-0.00377689	0.999948	-0.100546	-0.040268	22.3774	
0.999951	-1.97646e-05	0.00993559	-1.97157e-05	0.999992	0.00397351	-0.00993559	-0.00397351	0.999943	-0.110401	-0.0442097	23.3945	
0.999946	-2.17957e-05	0.0104343	-2.17395e-05	0.999991	0.0041722	-0.0104343	-0.0041722	0.999937	-0.120761	-0.0483525	24.4116	
0.99994	-2.39494e-05	0.0109383	-2.3885e-05	0.99999	0.00437296	-0.0109383	-0.00437296	0.999931	-0.131631	-0.0526985	25.4288	
0.999934	-2.62287e-05	0.0114477	-2.61554e-05	0.99999	0.00457578	-0.0114477	-0.00457578	0.999924	-0.143016	-0.0572497	26.4458	
0.999928	-2.86366e-05	0.0119623	-2.85535e-05	0.999989	0.00478065	-0.0119623	-0.00478065	0.999917	-0.154922	-0.0620082	27.4629	
0.999922	-3.11763e-05	0.0124823	-3.10825e-05	0.999988	0.00498755	-0.0124823	-0.00498755	0.99991	-0.167354	-0.0669762	28.48	
0.999915	-3.38508e-05	0.0130075	-3.37454e-05	0.999986	0.00519647	-0.0130075	-0.00519647	0.999902	-0.180318	-0.0721556	29.4971	
0.999908	-3.66634e-05	0.0135379	-3.65453e-05	0.999985	0.00540739	-0.0135379	-0.00540739	0.999894	-0.193818	-0.0775486	30.5142	
0.999901	-3.9617e-05	0.0140735	-3.94852e-05	0.999984	0.00562032	-0.0140735	-0.00562032	0.999885	-0.207861	-0.0831571	31.5312	
0.999893	-4.27149e-05	0.0146143	-4.25682e-05	0.999983	0.00583523	-0.0146143	-0.00583523	0.999876	-0.222451	-0.0889833	32.5483	
0.999885	-4.59601e-05	0.0151602	-4.57974e-05	0.999982	0.00605211	-0.0151602	-0.00605211	0.999867	-0.237594	-0.095029	33.5653	
0.999877	-4.93558e-05	0.0157113	-4.91758e-05	0.99998	0.00627095	-0.0157113	-0.00627095	0.999857	-0.253295	-0.101296	34.5823	
0.999868	-5.29052e-05	0.0162674	-5.27066e-05	0.999979	0.00649174	-0.0162674	-0.00649174	0.999847	-0.269559	-0.107787	35.5994	
0.999858	-5.66113e-05	0.0168286	-5.63928e-05	0.999977	0.00671446	-0.0168286	-0.00671446	0.999836	-0.286391	-0.114504	36.6164	
0.999849	-6.04773e-05	0.0173948	-6.02375e-05	0.999976	0.00693911	-0.0173948	-0.00693911	0.999825	-0.303797	-0.121448	37.6334	
0.999839	-6.45064e-05	0.017966	-6.42438e-05	0.999974	0.00716566	-0.017966	-0.00716566	0.999813	-0.321781	-0.128621	38.6504	
0.999828	-6.87016e-05	0.0185421	-6.84147e-05	0.999973	0.00739411	-0.0185421	-0.00739411	0.999801	-0.340348	-0.136026	39.6673	
0.999817	-7.30662e-05	0.0191233	-7.27533e-05	0.999971	0.00762444	-0.0191233	-0.00762444	0.999788	-0.359504	-0.143664	40.6843	
0.999806	-7.76033e-05	0.0197093	-7.72627e-05	0.999969	0.00785664	-0.0197093	-0.00785664	0.999775	-0.379254	-0.151538	41.7013	
0.999794	-8.2316e-05	0.0203002	-8.19461e-05	0.999967	0.00809069	-0.0203002	-0.00809069	0.999761	-0.399602	-0.159648	42.7182	
0.999782	-8.72074e-05	0.0208959	-8.68063e-05	0.999965	0.00832659	-0.0208959	-0.00832659	0.999747	-0.420554	-0.167998	43.7351	
0.999769	-9.22807e-05	0.0214965	-9.18465e-05	0.999963	0.00856432	-0.0214965	-0.00856432	0.999732	-0.442114	-0.176588	44.752	
0.999756	-9.7539e-05	0.0221018	-9.70698e-05	0.999961	0.00880386	-0.0221018	-0.00880386	0.999717	-0.464288	-0.185422	45.7689	
0.999742	-0.000102985	0.0227119	-0.000102479	0.999959	0.00904521	-0.0227119	-0.00904521	0.999701	-0.487079	-0.194499	46.7858	
0.999728	-0.000108623	0.0233267	-0.000108078	0.999957	0.00928835	-0.0233267	-0.00928834	0.999685	-0.510494	-0.203824	47.8026	
0.999713	-0.000114455	0.0239462	-0.000113868	0.999955	0.00953325	-0.0239462	-0.00953325	0.999668	-0.534536	-0.213396	48.8195	
0.999698	-0.000120484	0.0245704	-0.000119854	0.999952	0.00977992	-0.0245704	-0.00977992	0.99965	-0.559211	-0.223218	49.8363	
0.999682	-0.000126714	0.0251992	-0.000126038	0.99995	0.0100283	-0.0251992	-0.0100283	0.999632	-0.584523	-0.233293	50.8531	
0.999666	-0.000133148	0.0258326	-0.000132423	0.999947	0.0102785	-0.0258326	-0.0102785	0.999613	-0.610477	-0.24362	51.8699	
0.99965	-0.000139788	0.0264705	-0.000139013	0.999945	0.0105304	-0.0264705	-0.0105303	0.999594	-0.637078	-0.254203	52.8867	
0.999632	-0.000146638	0.027113	-0.000145809	0.999942	0.0107839	-0.027113	-0.0107839	0.999574	-0.66433	-0.265044	53.9034	
0.999615	-0.0001537	0.02776	-0.000152816	0.999939	0.0110392	-0.02776	-0.0110392	0.999554	-0.692237	-0.276143	54.9202	
0.999596	-0.000160979	0.0284114	-0.000160036	0.999936	0.0112961	-0.0284114	-0.0112961	0.999532	-0.720805	-0.287502	55.9369	
0.999577	-0.000168476	0.0290673	-0.000167471	0.999933	0.0115547	-0.0290673	-0.0115547	0.999511	-0.750038	-0.299124	56.9535	
0.999558	-0.000176195	0.0297276	-0.000175126	0.99993	0.011815	-0.0297276	-0.011815	0.999488	-0.77994	-0.311009	57.9702	
0.999538	-0.000184139	0.0303922	-0.000183002	0.999927	0.0120769	-0.0303922	-0.0120769	0.999465	-0.810517	-0.32316	58.9868	
0.999517	-0.00019231	0.0310611	-0.000191103	0.999924	0.0123404	-0.0310611	-0.0123404	0.999441	-0.841771	-0.335578	60.0035	
0.999496	-0.000200712	0.0317344	-0.000199431	0.999921	0.0126055	-0.0317344	-0.0126055	0.999417	-0.873708	-0.348265	61.0201	
0.999475	-0.000209348	0.0324119	-0.00020799	0.999917	0.0128722	-0.0324119	-0.0128721	0.999392	-0.906332	-0.361223	62.0366	
0.999452	-0.00021822	0.0330936	-0.000216782	0.999914	0.0131404	-0.0330936	-0.0131404	0.999366	-0.939647	-0.374453	63.0532	
0.999429	-0.000227331	0.0337795	-0.00022581	0.99991	0.0134103	-0.0337795	-0.0134102	0.999339	-0.973657	-0.387956	64.0697	
0.999406	-0.000236685	0.0344696	-0.000235076	0.999906	0.0136816	-0.0344696	-0.0136816	0.999312	-1.00837	-0.401734	65.0862	
0.999506	-0.000195032	0.0314331	-0.000236861	0.999906	0.0137358	-0.0314328	-0.0137364	0.999411	-1.04189	-0.415679	66.1027	
0.999597	-0.000153271	0.0284009	-0.000238534	0.999905	0.0137917	-0.0284003	-0.0137929	0.999501	-1.07232	-0.42968	67.1193	
0.999678	-0.000111399	0.0253729	-0.000240086	0.999904	0.0138493	-0.025372	-0.013851	0.999582	-1.09966	-0.443739	68.136	
0.99975	-6.94143e-05	0.0223493	-0.000241506	0.999903	0.0139089	-0.0223482	-0.0139108	0.999653	-1.12393	-0.457858	69.1528	
0.999813	-2.7313e-05	0.0193305	-0.000242785	0.999902	0.0139702	-0.0193289	-0.0139723	0.999716	-1.14513	-0.472039	70.1696	
0.999867	1.49072e-05	0.0163163	-0.000243911	0.999901	0.0140334	-0.0163145	-0.0140355	0.999768	-1.16326	-0.486284	71.1866	
0.999959	0.000352292	-0.00906634	-0.000238524	0.999921	0.0125464	0.00907005	-0.0125437	0.99988	-1.16694	-0.499802	72.2036	
0.999406	0.000651704	-0.0344437	-0.000270885	0.999939	0.0110598	0.0344488	-0.0110439	0.999345	-1.14481	-0.511799	73.2204	
0.99821	0.000912948	-0.0597992	-0.000340973	0.999954	0.00957443	0.0598052	-0.0095369	0.998165	-1.09687	-0.522267	74.2364	
0.99637	0.00113585	-0.0851165	-0.000448742	0.999967	0.00809131	0.0851229	-0.00802375	0.996338	-1.02316	-0.531198	75.2508	
0.993889	0.00132028	-0.110379	-0.000594123	0.999978	0.00661138	0.110386	-0.0065054	0.993868	-0.923718	-0.538588	76.2631	
0.990767	0.00146611	-0.135571	-0.000777022	0.999987	0.00513561	0.135577	-0.00498285	0.990754	-0.798618	-0.544431	77.2725	
0.987006	0.00157324	-0.160676	-0.000997321	0.999993	0.00366494	0.160681	-0.00345707	0.987	-0.647938	-0.548724	78.2784	
0.982609	0.00164161	-0.185677	-0.00125488	0.999997	0.00220033	0.18568	-0.00192906	0.982608	-0.471774	-0.551463	79.2802	
0.97758	0.00167117	-0.210559	-0.00154952	0.999999	0.000742724	0.21056	-0.000399806	0.977581	-0.270241	-0.552648	80.2771	
0.97192	0.00166191	-0.235305	-0.00188107	0.999998	-0.000706935	0.235304	0.00112971	0.971921	-0.0434683	-0.552277	81.2687	
0.965634	0.00161382	-0.2599	-0.0022493	0.999995	-0.00214771	0.259895	0.0026585	0.965633	0.208396	-0.55035	82.2541	
0.958726	0.00152695	-0.284327	-0.00265398	0.99999	-0.00357867	0.284318	0.00418556	0.958721	0.485191	-0.546869	83.2329	
0.9512	0.00140134	-0.30857	-0.00309485	0.999983	-0.00499889	0.308558	0.00570992	0.951188	0.786735	-0.541836	84.2043	
0.943062	0.00123708	-0.332615	-0.00357161	0.999973	-0.00640744	0.332598	0.00723059	0.943041	1.11284	-0.535254	85.1677	
0.934316	0.00103427	-0.356445	-0.00408397	0.999961	-0.00780343	0.356423	0.00874658	0.934284	1.46328	-0.527128	86.1226	
0.924968	0.000793046	-0.380045	-0.00463159	0.999947	-0.00918595	0.380017	0.0102569	0.924922	1.83784	-0.517463	87.0682	
0.915024	0.000513565	-0.403399	-0.00521412	0.999931	-0.0105541	0.403366	0.0117606	0.914963	2.23628	-0.506264	88.004	
0.90449	0.000196005	-0.426494	-0.00583118	0.999912	-0.011907	0.426454	0.0132567	0.904412	2.65834	-0.49354	88.9293	
0.893374	-0.000159427	-0.449313	-0.00648237	0.999891	-0.0132438	0.449266	0.0147442	0.893276	3.10374	-0.479298	89.8437	
0.881683	-0.000552502	-0.471842	-0.00716727	0.999868	-0.0145635	0.471788	0.0162222	0.881563	3.5722	-0.463548	90.7464	
0.869424	-0.000982966	-0.494066	-0.00788544	0.999843	-0.0158655	0.494004	0.0176897	0.869279	4.06342	-0.4463	91.6369	
0.856604	-0.00145054	-0.515972	-0.00863641	0.999816	-0.0171487	0.515902	0.0191458	0.856434	4.57707	-0.427565	92.5146	
0.843233	-0.00195492	-0.537544	-0.0094197	0.999786	-0.0184125	0.537465	0.0205895	0.843035	5.11283	-0.407355	93.379	
0.829319	-0.00249579	-0.558769	-0.0102348	0.999754	-0.0196559	0.558681	0.0220199	0.82909	5.67034	-0.385684	94.2294	
0.814871	-0.00307279	-0.579634	-0.0110812	0.999721	-0.0208781	0.579536	0.023436	0.81461	6.24925	-0.362564	95.0654	
0.799899	-0.00368554	-0.600124	-0.0119583	0.999685	-0.0220785	0.600016	0.024837	0.799602	6.84919	-0.338012	95.8864	
0.784411	-0.00433366	-0.620227	-0.0128656	0.999647	-0.0232561	0.620108	0.0262219	0.784078	7.46976	-0.312043	96.6919	
0.768418	-0.00501673	-0.639929	-0.0138025	0.999607	-0.0244103	0.639799	0.0275899	0.768047	8.11057	-0.284673	97.4813	
0.751931	-0.00573429	-0.659217	-0.0147683	0.999565	-0.0255402	0.659077	0.02894	0.751519	8.77119	-0.255921	98.2542	
