1	0	0	0	1	0	0	0	1	0	0	0	
0.999999	-3.28048e-06	0.00118929	-3.28048e-06	0.999985	0.00551664	-0.00118929	-0.00551664	0.999984	-0.000640598	-0.00297147	1.07727	
0.999997	-1.3125e-05	0.00237868	-1.31284e-05	0.999939	0.0110366	-0.00237868	-0.0110366	0.999936	-0.00256244	-0.0118877	2.1545	
0.999994	-2.95386e-05	0.00356811	-2.95525e-05	0.999863	0.0165597	-0.00356811	-0.0165597	0.999857	-0.00576561	-0.0267521	3.23166	
0.999989	-5.2526e-05	0.00475753	-5.25607e-05	0.999756	0.0220857	-0.00475753	-0.0220857	0.999745	-0.0102501	-0.047568	4.30872	
0.999982	-8.20913e-05	0.00594689	-8.21607e-05	0.999619	0.0276143	-0.00594689	-0.0276143	0.999601	-0.0160159	-0.0743383	5.38565	
0.999975	-0.000118238	0.00713614	-0.00011836	0.999451	0.0331453	-0.00713614	-0.0331453	0.999425	-0.0230629	-0.107066	6.4624	
0.999965	-0.000160969	0.00832522	-0.000161164	0.999252	0.0386785	-0.00832522	-0.0386785	0.999217	-0.031391	-0.145753	7.53894	
0.999955	-0.000210288	0.0095141	-0.00021058	0.999022	0.0442136	-0.00951409	-0.0442136	0.998977	-0.0409999	-0.190402	8.61525	
0.999943	-0.000266196	0.0107027	-0.000266613	0.998762	0.0497505	-0.0107027	-0.0497505	0.998704	-0.0518895	-0.241014	9.69127	
0.999929	-0.000328695	0.011891	-0.000329269	0.99847	0.0552888	-0.011891	-0.0552888	0.9984	-0.0640593	-0.297592	10.767	
0.999914	-0.000397787	0.0130789	-0.000398552	0.998148	0.0608283	-0.0130789	-0.0608283	0.998063	-0.077509	-0.360137	11.8424	
0.999898	-0.000473471	0.0142664	-0.000474467	0.997795	0.0663688	-0.0142664	-0.0663688	0.997693	-0.0922382	-0.428651	12.9173	
0.99988	-0.000555749	0.0154535	-0.000557017	0.997411	0.0719101	-0.0154534	-0.0719101	0.997291	-0.108246	-0.503133	13.9919	
0.999861	-0.00064462	0.01664	-0.000646205	0.996996	0.0774519	-0.0166399	-0.0774519	0.996857	-0.125533	-0.583585	15.066	
0.999841	-0.000740084	0.017826	-0.000742035	0.99655	0.082994	-0.0178259	-0.082994	0.996391	-0.144098	-0.670007	16.1397	
0.999819	-0.000842138	0.0190113	-0.000844509	0.996073	0.0885361	-0.0190112	-0.0885361	0.995892	-0.16394	-0.7624	17.2128	
0.999796	-0.000950783	0.020196	-0.000953628	0.995564	0.0940781	-0.0201958	-0.0940781	0.99536	-0.185058	-0.860763	18.2854	
0.999771	-0.00106601	0.0213799	-0.0010694	0.995025	0.0996196	-0.0213798	-0.0996197	0.994796	-0.207452	-0.965095	19.3573	
0.999745	-0.00118783	0.0225631	-0.00119181	0.994455	0.105161	-0.0225629	-0.105161	0.994199	-0.231121	-1.0754	20.4287	
0.999717	-0.00131623	0.0237455	-0.00132087	0.993853	0.110701	-0.0237452	-0.110701	0.99357	-0.256065	-1.19167	21.4994	
0.999688	-0.00145121	0.024927	-0.00145659	0.99322	0.116239	-0.0249267	-0.11624	0.992908	-0.282281	-1.31391	22.5694	
0.999658	-0.00159276	0.0261076	-0.00159895	0.992556	0.121777	-0.0261072	-0.121777	0.992214	-0.30977	-1.44211	23.6386	
0.999626	-0.00174088	0.0272872	-0.00174795	0.991861	0.127313	-0.0272867	-0.127313	0.991487	-0.33853	-1.57628	24.7071	
0.999593	-0.00189557	0.0284658	-0.00190361	0.991135	0.132847	-0.0284653	-0.132847	0.990728	-0.36856	-1.71641	25.7748	
0.999558	-0.00205682	0.0296433	-0.00206591	0.990377	0.138379	-0.0296427	-0.138379	0.989936	-0.399859	-1.86251	26.8417	
0.999522	-0.00222462	0.0308198	-0.00223485	0.989588	0.143909	-0.030819	-0.143909	0.989111	-0.432426	-2.01456	27.9077	
0.999485	-0.00239898	0.031995	-0.00241043	0.988768	0.149437	-0.0319942	-0.149437	0.988254	-0.46626	-2.17257	28.9728	
0.999446	-0.00257987	0.0331691	-0.00259265	0.987917	0.154961	-0.0331681	-0.154961	0.987364	-0.501359	-2.33653	30.0369	
0.999406	-0.0027673	0.0343419	-0.0027815	0.987035	0.160483	-0.0343407	-0.160483	0.986441	-0.537721	-2.50644	31.1001	
0.999365	-0.00296126	0.0355134	-0.00297699	0.986121	0.166001	-0.035512	-0.166001	0.985486	-0.575347	-2.68229	32.1622	
0.999322	-0.00316174	0.0366835	-0.00317909	0.985176	0.171516	-0.036682	-0.171516	0.984498	-0.614233	-2.86409	33.2233	
0.999278	-0.00336873	0.0378522	-0.00338782	0.9842	0.177027	-0.0378505	-0.177028	0.983478	-0.654379	-3.05183	34.2834	
0.999232	-0.00358222	0.0390195	-0.00360316	0.983193	0.182535	-0.0390176	-0.182535	0.982425	-0.695783	-3.24551	35.3423	
0.999185	-0.00380221	0.0401853	-0.00382512	0.982154	0.188038	-0.0401831	-0.188039	0.981339	-0.738444	-3.44511	36.4	
0.999137	-0.00402869	0.0413495	-0.00405367	0.981085	0.193537	-0.041347	-0.193538	0.980221	-0.782359	-3.65064	37.4566	
0.999087	-0.00426163	0.0425121	-0.00428883	0.979984	0.199031	-0.0425094	-0.199032	0.979071	-0.827527	-3.8621	38.5119	
0.999036	-0.00450105	0.0436731	-0.00453057	0.978852	0.204521	-0.0436701	-0.204522	0.977887	-0.873947	-4.07946	39.566	
0.998983	-0.00474691	0.0448324	-0.0047789	0.977689	0.210005	-0.044829	-0.210006	0.976672	-0.921616	-4.30274	40.6188	
0.998929	-0.00499922	0.04599	-0.0050338	0.976494	0.215485	-0.0459862	-0.215485	0.975424	-0.970532	-4.53193	41.6703	
0.998874	-0.00525796	0.0471457	-0.00529527	0.975269	0.220958	-0.0471416	-0.220959	0.974143	-1.02069	-4.76702	42.7204	
0.998818	-0.00552312	0.0482997	-0.0055633	0.974012	0.226426	-0.0482951	-0.226427	0.97283	-1.0721	-5.008	43.7691	
0.99876	-0.00579469	0.0494518	-0.00583788	0.972725	0.231888	-0.0494467	-0.231889	0.971485	-1.12475	-5.25486	44.8164	
0.9987	-0.00607266	0.0506019	-0.006119	0.971406	0.237344	-0.0505963	-0.237345	0.970107	-1.17863	-5.50761	45.8622	
0.99864	-0.006357	0.0517501	-0.00640665	0.970057	0.242793	-0.051744	-0.242795	0.968697	-1.23376	-5.76623	46.9065	
0.998578	-0.00664771	0.0528963	-0.00670082	0.968676	0.248236	-0.0528896	-0.248238	0.967254	-1.29012	-6.03072	47.9493	
0.998515	-0.00694478	0.0540404	-0.0070015	0.967265	0.253672	-0.054033	-0.253674	0.96578	-1.34771	-6.30107	48.9905	
0.99845	-0.00724818	0.0551824	-0.00730868	0.965823	0.259101	-0.0551744	-0.259103	0.964273	-1.40653	-6.57727	50.0301	
0.998384	-0.00755791	0.0563222	-0.00762234	0.964349	0.264523	-0.0563135	-0.264524	0.962733	-1.46659	-6.85931	51.0681	
0.998317	-0.00787395	0.0574598	-0.00794249	0.962845	0.269937	-0.0574504	-0.269939	0.961162	-1.52786	-7.1472	52.1044	
0.998248	-0.00819629	0.0585952	-0.00826909	0.961311	0.275343	-0.058585	-0.275345	0.959559	-1.59036	-7.44091	53.1389	
0.998178	-0.0085249	0.0597284	-0.00860215	0.959745	0.280741	-0.0597173	-0.280744	0.957923	-1.65409	-7.74044	54.1718	
0.998107	-0.00885978	0.0608591	-0.00894164	0.958149	0.286131	-0.0608472	-0.286134	0.956256	-1.71903	-8.04578	55.2028	
0.998035	-0.00920091	0.0619875	-0.00928756	0.956522	0.291513	-0.0619746	-0.291516	0.954556	-1.78518	-8.35692	56.232	
0.997961	-0.00954826	0.0631135	-0.00963989	0.954864	0.296886	-0.0630996	-0.296889	0.952825	-1.85255	-8.67386	57.2594	
0.997886	-0.00990182	0.0642371	-0.00999862	0.953176	0.30225	-0.0642221	-0.302253	0.951062	-1.92113	-8.99658	58.2849	
0.997809	-0.0102616	0.0653581	-0.0103637	0.951458	0.307605	-0.0653419	-0.307609	0.949267	-1.99092	-9.32508	59.3085	
0.997731	-0.0106275	0.0664765	-0.0107352	0.949709	0.312951	-0.0664592	-0.312955	0.94744	-2.06191	-9.65933	60.3302	
0.997652	-0.0109996	0.0675924	-0.011113	0.947929	0.318287	-0.0675738	-0.318291	0.945582	-2.13411	-9.99935	61.3498	
0.997572	-0.0113778	0.0687056	-0.0114972	0.946119	0.323614	-0.0686857	-0.323618	0.943691	-2.2075	-10.3451	62.3674	
0.997491	-0.0117622	0.0698161	-0.0118877	0.944279	0.32893	-0.0697949	-0.328935	0.94177	-2.2821	-10.6966	63.383	
0.997408	-0.0121527	0.070924	-0.0122845	0.942409	0.334237	-0.0709012	-0.334242	0.939817	-2.35788	-11.0538	64.3965	
0.997324	-0.0125492	0.072029	-0.0126875	0.940509	0.339533	-0.0720048	-0.339538	0.937832	-2.43485	-11.4167	65.4079	
0.997238	-0.0129518	0.0731312	-0.0130969	0.938578	0.344818	-0.0731054	-0.344824	0.935816	-2.51302	-11.7854	66.4171	
0.997152	-0.0133604	0.0742306	-0.0135125	0.936617	0.350093	-0.0742031	-0.350099	0.933769	-2.59236	-12.1597	67.4241	
0.997064	-0.0137751	0.0753271	-0.0139343	0.934627	0.355357	-0.0752978	-0.355363	0.931691	-2.67289	-12.5397	68.429	
0.996975	-0.0141957	0.0764206	-0.0143624	0.932607	0.360609	-0.0763895	-0.360616	0.929581	-2.75459	-12.9253	69.4315	
0.996975	-0.0141957	0.0764206	-0.0123001	0.941979	0.335446	-0.0767486	-0.335371	0.938955	-2.83708	-13.3002	70.438	
0.996975	-0.0141957	0.0764206	-0.0102289	0.950669	0.31004	-0.0770519	-0.309883	0.947647	-2.91993	-13.6478	71.4543	
0.996975	-0.0141957	0.0764206	-0.00815031	0.958669	0.284408	-0.0772995	-0.284171	0.955653	-3.00308	-13.9678	72.4795	
0.996975	-0.0141957	0.0764206	-0.00606579	0.965973	0.258571	-0.0774909	-0.258252	0.962965	-3.08646	-14.26	73.513	
0.996975	-0.0141957	0.0764206	-0.00397687	0.972577	0.232546	-0.0776261	-0.232146	0.969578	-3.17001	-14.5241	74.554	
0.996975	-0.0141957	0.0764206	-0.00188507	0.978476	0.206352	-0.0777051	-0.205872	0.975489	-3.25369	-14.7601	75.6018	
0.996975	-0.0141957	0.0764206	0.000208099	0.983665	0.180009	-0.0777277	-0.179448	0.980692	-3.33741	-14.9676	76.6555	
0.996975	-0.0141957	0.0764206	0.00230112	0.988141	0.153535	-0.0776939	-0.152895	0.985184	-3.42113	-15.1467	77.7145	
0.996975	-0.0141957	0.0764206	0.00439247	0.991899	0.12695	-0.0776037	-0.12623	0.988961	-3.50479	-15.297	78.7779	
0.996975	-0.0141957	0.0764206	0.00648063	0.994939	0.100272	-0.0774573	-0.0994737	0.992021	-3.58831	-15.4186	79.845	
0.996975	-0.0141957	0.0764206	0.0085641	0.997257	0.0735222	-0.0772547	-0.0726453	0.994361	-3.67165	-15.5113	80.915	
0.996975	-0.0141957	0.0764206	0.0106413	0.998851	0.0467188	-0.0769961	-0.0457643	0.995981	-3.75474	-15.5751	81.9871	
0.996975	-0.0141957	0.0764206	0.0127109	0.999722	0.0198816	-0.0766816	-0.0188501	0.996877	-3.83752	-15.6099	83.0606	
0.996975	-0.0141957	0.0764206	0.0147712	0.999867	-0.00697011	-0.0763115	0.00807784	0.997051	-3.91994	-15.6157	84.1347	
0.996975	-0.0141957	0.0764206	0.0168208	0.999286	-0.0338167	-0.0758861	0.0349999	0.996502	-4.00192	-15.5925	85.2085	
0.996975	-0.0141957	0.0764206	0.0188582	0.997982	-0.0606388	-0.0754056	0.0618965	0.99523	-4.08342	-15.5403	86.2814	
0.996975	-0.0141957	0.0764206	0.0208819	0.995953	-0.087417	-0.0748704	0.0887483	0.993236	-4.16437	-15.4592	87.3525	
0.996975	-0.0141957	0.0764206	0.0228905	0.993202	-0.114132	-0.0742809	0.115536	0.990522	-4.24471	-15.3491	88.4211	
0.996975	-0.0141957	0.0764206	0.0248825	0.98973	-0.140764	-0.0736376	0.142239	0.987089	-4.32439	-15.2103	89.4864	
0.996975	-0.0141957	0.0764206	0.0268564	0.985541	-0.167293	-0.0729408	0.16884	0.982941	-4.40335	-15.0427	90.5476	
0.996975	-0.0141957	0.0764206	0.0288109	0.980637	-0.193702	-0.0721912	0.195318	0.978079	-4.48152	-14.8465	91.6039	
0.996975	-0.0141957	0.0764206	0.0307444	0.975022	-0.21997	-0.0713892	0.221654	0.972509	-4.55887	-14.6219	92.6547	
0.996975	-0.0141957	0.0764206	0.0326557	0.9687	-0.246079	-0.0705354	0.24783	0.966233	-4.63532	-14.369	93.699	
0.996975	-0.0141957	0.0764206	0.0345433	0.961675	-0.272009	-0.0696304	0.273825	0.959256	-4.71082	-14.088	94.7362	
0.996975	-0.0141957	0.0764206	0.0364058	0.953952	-0.297741	-0.068675	0.299623	0.951583	-4.78532	-13.7791	95.7655	
0.996975	-0.0141957	0.0764206	0.0382419	0.945538	-0.323258	-0.0676697	0.325203	0.94322	-4.85876	-13.4426	96.7862	
0.996975	-0.0141957	0.0764206	0.0400503	0.936438	-0.34854	-0.0666154	0.350547	0.934173	-4.9311	-13.0786	97.7975	
0.996975	-0.0141957	0.0764206	0.0418296	0.926658	-0.37357	-0.0655127	0.375636	0.924449	-5.00227	-12.6874	98.7987	
0.996975	-0.0141957	0.0764206	0.0435786	0.916207	-0.398329	-0.0643626	0.400454	0.914054	-5.07223	-12.2693	99.789	
0.996975	-0.0141957	0.0764206	0.045296	0.905091	-0.422798	-0.0631657	0.424981	0.902996	-5.14093	-11.8247	100.768	
0.996975	-0.0141957	0.0764206	0.0469805	0.893319	-0.446961	-0.061923	0.449199	0.891283	-5.20831	-11.3538	101.734	
0.996975	-0.0141957	0.0764206	0.048631	0.880899	-0.4708	-0.0606355	0.473092	0.878924	-5.27433	-10.857	102.688	
0.996975	-0.0141957	0.0764206	0.0502462	0.867839	-0.494298	-0.0593039	0.496642	0.865927	-5.33894	-10.3346	103.628	
