1	0	0	0	1	0	0	0	1	0	0	0	
0.999997	3.8393e-06	0.00242784	3.8393e-06	0.999995	-0.00316272	-0.00242784	0.00316272	0.999992	-0.00102448	0.00133457	0.843937	
0.999988	1.53752e-05	0.00485899	1.53688e-05	0.99998	-0.00632714	-0.00485899	0.00632714	0.999968	-0.0040993	0.00533901	1.68786	
0.999973	3.46326e-05	0.00729339	3.46072e-05	0.999955	-0.00949316	-0.00729339	0.00949316	0.999928	-0.00922724	0.0120147	2.53176	
0.999953	6.16362e-05	0.00973097	6.15725e-05	0.99992	-0.0126607	-0.00973097	0.0126607	0.999872	-0.016411	0.021363	3.37561	
0.999926	9.641e-05	0.0121717	9.62824e-05	0.999875	-0.0158297	-0.0121717	0.0158297	0.999801	-0.0256533	0.0333851	4.21942	
0.999893	0.000138977	0.0146154	0.000138754	0.999819	-0.0189999	-0.0146154	0.0189999	0.999713	-0.0369566	0.0480821	5.06315	
0.999854	0.000189362	0.0170621	0.000189004	0.999754	-0.0221715	-0.0170621	0.0221715	0.999609	-0.0503236	0.0654552	5.90681	
0.99981	0.000247586	0.0195117	0.000247049	0.999679	-0.0253441	-0.0195117	0.0253441	0.999488	-0.0657567	0.0855054	6.75037	
0.999759	0.000313671	0.0219642	0.000312904	0.999593	-0.0285179	-0.0219642	0.0285179	0.999352	-0.0832583	0.108234	7.59382	
0.999702	0.00038764	0.0244194	0.000386584	0.999498	-0.0316926	-0.0244194	0.0316925	0.999199	-0.102831	0.133641	8.43715	
0.999639	0.000469513	0.0268774	0.000468104	0.999392	-0.0348681	-0.0268774	0.0348681	0.99903	-0.124477	0.161727	9.28034	
0.999569	0.000559312	0.0293379	0.000557478	0.999276	-0.0380444	-0.029338	0.0380444	0.998845	-0.148198	0.192494	10.1234	
0.999494	0.000657056	0.0318011	0.000654721	0.99915	-0.0412215	-0.0318011	0.0412214	0.998644	-0.173997	0.225942	10.9663	
0.999412	0.000762765	0.0342667	0.000759844	0.999014	-0.0443991	-0.0342668	0.0443991	0.998426	-0.201875	0.262071	11.809	
0.999325	0.000876459	0.0367348	0.000872861	0.998867	-0.0475772	-0.0367348	0.0475772	0.998192	-0.231836	0.300882	12.6515	
0.999231	0.000998156	0.0392052	0.000993785	0.998711	-0.0507558	-0.0392053	0.0507557	0.997941	-0.26388	0.342376	13.4938	
0.99913	0.00112787	0.0416779	0.00112263	0.998544	-0.0539346	-0.041678	0.0539345	0.997674	-0.298011	0.386552	14.3359	
0.999024	0.00126563	0.0441528	0.0012594	0.998367	-0.0571138	-0.044153	0.0571136	0.997391	-0.334229	0.433411	15.1777	
0.998911	0.00141145	0.0466299	0.00140411	0.99818	-0.060293	-0.0466301	0.0602928	0.997091	-0.372537	0.482953	16.0194	
0.998792	0.00156534	0.0491091	0.00155677	0.997982	-0.0634723	-0.0491094	0.0634721	0.996775	-0.412936	0.535178	16.8607	
0.998667	0.00172732	0.0515903	0.00171739	0.997775	-0.0666516	-0.0515906	0.0666513	0.996442	-0.455428	0.590086	17.7018	
0.998535	0.0018974	0.0540734	0.00188598	0.997557	-0.0698307	-0.0540738	0.0698304	0.996092	-0.500015	0.647678	18.5426	
0.998397	0.00207561	0.0565584	0.00206255	0.997329	-0.0730096	-0.0565589	0.0730092	0.995726	-0.546699	0.707952	19.3831	
0.998253	0.00226196	0.0590452	0.0022471	0.997091	-0.0761882	-0.0590458	0.0761878	0.995344	-0.595481	0.770908	20.2232	
0.998102	0.00245645	0.0615338	0.00243965	0.996843	-0.0793664	-0.0615345	0.0793659	0.994945	-0.646362	0.836547	21.0631	
0.997945	0.00265911	0.064024	0.0026402	0.996584	-0.0825441	-0.0640248	0.0825435	0.994529	-0.699344	0.904868	21.9026	
0.997781	0.00286996	0.0665158	0.00284876	0.996315	-0.0857213	-0.0665167	0.0857206	0.994096	-0.754429	0.975871	22.7417	
0.997611	0.00308899	0.0690092	0.00306534	0.996036	-0.0888977	-0.0690102	0.0888969	0.993647	-0.811617	1.04955	23.5805	
0.997435	0.00331623	0.071504	0.00328993	0.995747	-0.0920734	-0.0715052	0.0920725	0.993182	-0.870911	1.12592	24.4189	
0.997252	0.00355168	0.0740002	0.00352256	0.995447	-0.0952483	-0.0740016	0.0952472	0.992699	-0.93231	1.20496	25.2568	
0.997063	0.00379537	0.0764977	0.00376322	0.995138	-0.0984222	-0.0764993	0.098421	0.9922	-0.995817	1.28668	26.0944	
0.996867	0.00404729	0.0789964	0.00401191	0.994818	-0.101595	-0.0789982	0.101594	0.991684	-1.06143	1.37108	26.9316	
0.996664	0.00430747	0.0814964	0.00426864	0.994488	-0.104767	-0.0814984	0.104765	0.991152	-1.12916	1.45816	27.7683	
0.996455	0.0045759	0.0839974	0.00453342	0.994147	-0.107938	-0.0839997	0.107936	0.990603	-1.19899	1.54791	28.6045	
0.99624	0.00485261	0.0864995	0.00480625	0.993797	-0.111107	-0.0865021	0.111105	0.990037	-1.27094	1.64034	29.4403	
0.996018	0.0051376	0.0890026	0.00508713	0.993436	-0.114275	-0.0890055	0.114272	0.989454	-1.345	1.73545	30.2756	
0.99579	0.00543088	0.0915065	0.00537606	0.993065	-0.117441	-0.0915098	0.117439	0.988855	-1.42117	1.83322	31.1103	
0.995555	0.00573245	0.0940113	0.00567304	0.992684	-0.120606	-0.0940149	0.120603	0.988239	-1.49946	1.93367	31.9446	
0.995313	0.00604233	0.0965168	0.00597808	0.992293	-0.123769	-0.0965208	0.123766	0.987606	-1.57986	2.03678	32.7784	
0.995065	0.00636053	0.0990231	0.00629118	0.991892	-0.126931	-0.0990275	0.126927	0.986956	-1.66237	2.14257	33.6116	
0.99481	0.00668704	0.10153	0.00661234	0.99148	-0.130091	-0.101535	0.130087	0.98629	-1.747	2.25102	34.4442	
0.994549	0.00702189	0.104037	0.00694155	0.991058	-0.133248	-0.104043	0.133244	0.985607	-1.83375	2.36214	35.2763	
0.994281	0.00736506	0.106545	0.00727882	0.990627	-0.136404	-0.106551	0.1364	0.984907	-1.92262	2.47592	36.1078	
0.994006	0.00771657	0.109053	0.00762415	0.990185	-0.139558	-0.10906	0.139553	0.98419	-2.0136	2.59237	36.9387	
0.993725	0.00807643	0.111562	0.00797753	0.989732	-0.14271	-0.111569	0.142704	0.983457	-2.1067	2.71147	37.769	
0.993437	0.00844464	0.114071	0.00833897	0.98927	-0.145859	-0.114079	0.145853	0.982707	-2.20191	2.83323	38.5987	
0.993142	0.0088212	0.11658	0.00870845	0.988798	-0.149006	-0.116589	0.148999	0.98194	-2.29925	2.95765	39.4277	
0.992841	0.00920612	0.119089	0.00908598	0.988316	-0.15215	-0.119098	0.152143	0.981156	-2.3987	3.08472	40.256	
0.992533	0.00959939	0.121598	0.00947156	0.987823	-0.155293	-0.121609	0.155285	0.980356	-2.50027	3.21445	41.0837	
0.992218	0.010001	0.124108	0.00986518	0.987321	-0.158432	-0.124119	0.158423	0.979539	-2.60396	3.34682	41.9108	
0.991897	0.010411	0.126617	0.0102668	0.986808	-0.161569	-0.126629	0.16156	0.978705	-2.70977	3.48185	42.7371	
0.991569	0.0108294	0.129126	0.0106765	0.986285	-0.164703	-0.129139	0.164693	0.977855	-2.8177	3.61952	43.5627	
0.991234	0.0112561	0.131635	0.0110942	0.985753	-0.167834	-0.131648	0.167823	0.976987	-2.92774	3.75983	44.3876	
0.990893	0.0116913	0.134143	0.01152	0.98521	-0.170962	-0.134158	0.170951	0.976103	-3.0399	3.90278	45.2117	
0.990545	0.0121347	0.136651	0.0119537	0.984658	-0.174087	-0.136667	0.174075	0.975203	-3.15418	4.04837	46.0351	
0.99019	0.0125866	0.139159	0.0123955	0.984095	-0.17721	-0.139176	0.177196	0.974285	-3.27058	4.1966	46.8577	
0.989829	0.0130468	0.141666	0.0128453	0.983523	-0.180329	-0.141685	0.180314	0.973351	-3.38909	4.34746	47.6796	
0.989008	0.0140787	0.147187	0.0132896	0.982963	-0.18332	-0.147261	0.183261	0.971972	-3.51102	4.50088	48.5005	
0.988156	0.0151278	0.152703	0.0137521	0.982394	-0.186314	-0.152833	0.186207	0.970551	-3.63765	4.65678	49.3201	
0.987272	0.0161939	0.158212	0.0142328	0.981814	-0.18931	-0.1584	0.189152	0.969088	-3.76898	4.81517	50.1386	
0.986356	0.0172771	0.163714	0.0147318	0.981224	-0.192307	-0.163963	0.192095	0.967582	-3.90501	4.97605	50.9558	
0.985409	0.0183773	0.16921	0.015249	0.980624	-0.195306	-0.16952	0.195036	0.966035	-4.04573	5.1394	51.7718	
0.984429	0.0194946	0.174698	0.0157844	0.980013	-0.198305	-0.175072	0.197975	0.964446	-4.19114	5.30524	52.5864	
0.983418	0.0206288	0.180178	0.016338	0.979392	-0.201305	-0.180618	0.200911	0.962815	-4.34123	5.47356	53.3996	
0.982374	0.0217801	0.18565	0.0169098	0.978761	-0.204305	-0.186157	0.203843	0.961142	-4.496	5.64436	54.2115	
0.981299	0.0229482	0.191114	0.0174998	0.97812	-0.207304	-0.19169	0.206772	0.959427	-4.65544	5.81762	55.0219	
0.980193	0.0241333	0.196569	0.0181081	0.977469	-0.210302	-0.197216	0.209696	0.957671	-4.81955	5.99336	55.8309	
0.979055	0.0253352	0.202016	0.0187344	0.976807	-0.213299	-0.202734	0.212616	0.955873	-4.98831	6.17157	56.6383	
0.977885	0.026554	0.207452	0.0193789	0.976136	-0.216294	-0.208245	0.215531	0.954034	-5.16174	6.35223	57.4443	
0.976683	0.0277895	0.212879	0.0200415	0.975455	-0.219287	-0.213748	0.21844	0.952153	-5.3398	6.53535	58.2486	
0.97545	0.0290418	0.218296	0.0207221	0.974763	-0.222277	-0.219242	0.221344	0.950231	-5.52251	6.72093	59.0514	
0.974186	0.0303107	0.223703	0.0214207	0.974062	-0.225264	-0.224728	0.224241	0.948268	-5.70986	6.90895	59.8525	
0.97289	0.0315963	0.229099	0.0221372	0.973351	-0.228248	-0.230205	0.227132	0.946265	-5.90183	7.09942	60.6519	
0.971563	0.0328984	0.234483	0.0228716	0.972631	-0.231229	-0.235673	0.230016	0.94422	-6.09841	7.29232	61.4496	
0.970205	0.0342171	0.239857	0.0236238	0.9719	-0.234204	-0.241131	0.232893	0.942134	-6.29961	7.48766	62.2456	
0.968816	0.0355521	0.245219	0.0243938	0.97116	-0.237176	-0.246579	0.235761	0.940008	-6.50541	7.68542	63.0398	
0.967395	0.0369036	0.250568	0.0251814	0.970411	-0.240142	-0.252016	0.238622	0.937842	-6.7158	7.88559	63.8322	
0.965944	0.0382714	0.255906	0.0259865	0.969652	-0.243103	-0.257444	0.241474	0.935635	-6.93078	8.08818	64.6228	
0.964461	0.0396554	0.261231	0.0268092	0.968884	-0.246058	-0.26286	0.244317	0.933388	-7.15033	8.29317	65.4115	
0.962948	0.0410557	0.266543	0.0276492	0.968107	-0.249007	-0.268265	0.247151	0.931102	-7.37445	8.50055	66.1982	
0.961404	0.042472	0.271842	0.0285066	0.96732	-0.251949	-0.273659	0.249974	0.928775	-7.60313	8.71033	66.983	
0.95983	0.0439043	0.277127	0.0293811	0.966525	-0.254885	-0.279041	0.252788	0.926409	-7.83635	8.92248	67.7659	
0.958225	0.0453525	0.282398	0.0302727	0.965721	-0.257813	-0.28441	0.255591	0.924004	-8.07411	9.137	68.5467	
0.956589	0.0468166	0.287656	0.0311812	0.964907	-0.260733	-0.289768	0.258384	0.92156	-8.3164	9.35388	69.3255	
0.954923	0.0482965	0.292898	0.0321066	0.964085	-0.263645	-0.295112	0.261165	0.919077	-8.5632	9.57312	70.1022	
0.948485	0.0537932	0.312222	0.0320433	0.964139	-0.263455	-0.315198	0.259888	0.912748	-8.82074	9.79299	70.8752	
0.941624	0.0592617	0.331409	0.031976	0.964193	-0.263267	-0.335144	0.258496	0.906012	-9.09518	10.0117	71.6427	
0.934344	0.0646996	0.350449	0.0319045	0.964246	-0.26308	-0.35494	0.256988	0.898874	-9.38638	10.2293	72.4043	
0.926649	0.0701045	0.369334	0.0318289	0.964299	-0.262895	-0.374579	0.255366	0.891335	-9.69423	10.4455	73.1597	
0.91854	0.0754739	0.388056	0.0317493	0.964352	-0.262711	-0.39405	0.253631	0.8834	-10.0186	10.6603	73.9086	
0.910023	0.0808056	0.406606	0.0316656	0.964404	-0.262529	-0.413347	0.251782	0.875072	-10.3593	10.8735	74.6507	
0.9011	0.0860971	0.424977	0.031578	0.964456	-0.262348	-0.432459	0.249822	0.866353	-10.7162	11.0852	75.3856	
0.891777	0.091346	0.443159	0.0314864	0.964508	-0.26217	-0.451379	0.24775	0.85725	-11.0892	11.2952	76.1129	
0.882056	0.0965501	0.461146	0.031391	0.964559	-0.261993	-0.470098	0.245568	0.847764	-11.478	11.5034	76.8324	
0.871943	0.101707	0.478928	0.0312917	0.96461	-0.261818	-0.488607	0.243277	0.837902	-11.8826	11.7096	77.5437	
0.861441	0.106814	0.496498	0.0311885	0.96466	-0.261646	-0.506899	0.240877	0.827666	-12.3027	11.9139	78.2465	
0.850556	0.11187	0.513849	0.0310816	0.96471	-0.261475	-0.524966	0.238371	0.817062	-12.7381	12.1162	78.9406	
0.839292	0.116872	0.530972	0.030971	0.964759	-0.261307	-0.542799	0.235758	0.806094	-13.1887	12.3163	79.6255	
0.827654	0.121817	0.547859	0.0308567	0.964807	-0.261141	-0.56039	0.23304	0.794768	-13.6542	12.5141	80.3011	
