1	0	0	0	1	0	0	0	1	0	0	0	
1	1.38642e-08	0.000421638	1.38642e-08	1	-6.57637e-05	-0.000421638	6.57637e-05	1	-0.000173446	2.70528e-05	0.822727	
1	5.51732e-08	0.000841066	5.51866e-08	1	-0.000131214	-0.000841066	0.000131214	1	-0.000692877	0.000108082	1.64545	
0.999999	1.23504e-07	0.00125827	1.23557e-07	1	-0.000196349	-0.00125827	0.000196349	0.999999	-0.00155647	0.00024283	2.46818	
0.999999	2.1843e-07	0.00167324	2.18562e-07	1	-0.000261166	-0.00167324	0.000261166	0.999999	-0.00276238	0.000431035	3.29091	
0.999998	3.39527e-07	0.00208595	3.39789e-07	1	-0.000325662	-0.00208595	0.000325662	0.999998	-0.00430877	0.000672435	4.11363	
0.999997	4.86365e-07	0.0024964	4.86821e-07	1	-0.000389835	-0.0024964	0.000389835	0.999997	-0.00619379	0.000966764	4.93636	
0.999996	6.58515e-07	0.00290457	6.59241e-07	1	-0.000453683	-0.00290457	0.000453683	0.999996	-0.00841555	0.00131376	5.75908	
0.999995	8.55546e-07	0.00331045	8.56629e-07	1	-0.000517202	-0.00331045	0.000517202	0.999994	-0.0109722	0.00171314	6.58181	
0.999993	1.07703e-06	0.00371402	1.07856e-06	1	-0.000580391	-0.00371402	0.000580391	0.999993	-0.0138618	0.00216465	7.40453	
0.999992	1.32252e-06	0.00411527	1.32463e-06	1	-0.000643247	-0.00411527	0.000643247	0.999991	-0.0170825	0.00266801	8.22725	
0.99999	1.5916e-06	0.00451419	1.59439e-06	1	-0.000705768	-0.00451419	0.000705768	0.99999	-0.0206323	0.00322295	9.04997	
0.999988	1.88382e-06	0.00491077	1.88743e-06	1	-0.000767951	-0.00491077	0.000767951	0.999988	-0.0245094	0.00382918	9.87269	
0.999986	2.19875e-06	0.00530498	2.20332e-06	1	-0.000829794	-0.00530498	0.000829794	0.999986	-0.0287118	0.00448644	10.6954	
0.999984	2.53596e-06	0.00569682	2.54163e-06	1	-0.000891294	-0.00569682	0.000891294	0.999983	-0.0332375	0.00519443	11.5181	
0.999981	2.89499e-06	0.00608628	2.90193e-06	1	-0.000952449	-0.00608628	0.000952449	0.999981	-0.0380847	0.00595288	12.3408	
0.999979	3.27542e-06	0.00647334	3.2838e-06	0.999999	-0.00101326	-0.00647334	0.00101326	0.999979	-0.0432512	0.0067615	13.1635	
0.999976	3.67681e-06	0.00685799	3.6868e-06	0.999999	-0.00107371	-0.00685799	0.00107371	0.999976	-0.0487353	0.00762	13.9862	
0.999974	4.09871e-06	0.00724021	4.1105e-06	0.999999	-0.00113382	-0.00724021	0.00113382	0.999973	-0.0545348	0.0085281	14.809	
0.999971	4.54068e-06	0.00762	4.55448e-06	0.999999	-0.00119357	-0.00762	0.00119357	0.99997	-0.0606477	0.00948551	15.6317	
0.999968	5.00228e-06	0.00799734	5.01828e-06	0.999999	-0.00125297	-0.00799734	0.00125297	0.999967	-0.0670721	0.0104919	16.4544	
0.999965	5.48307e-06	0.00837222	5.50149e-06	0.999999	-0.001312	-0.00837222	0.001312	0.999964	-0.073806	0.0115471	17.2771	
0.999962	5.98261e-06	0.00874463	6.00366e-06	0.999999	-0.00137067	-0.00874463	0.00137067	0.999961	-0.0808472	0.0126506	18.0998	
0.999958	6.50046e-06	0.00911455	6.52437e-06	0.999999	-0.00142898	-0.00911455	0.00142898	0.999957	-0.0881938	0.0138023	18.9224	
0.999955	7.03616e-06	0.00948197	7.06317e-06	0.999999	-0.00148693	-0.00948197	0.00148693	0.999954	-0.0958438	0.0150018	19.7451	
0.999952	7.58929e-06	0.00984688	7.61963e-06	0.999999	-0.0015445	-0.00984688	0.0015445	0.99995	-0.103795	0.0162488	20.5678	
0.999948	8.15939e-06	0.0102093	8.19331e-06	0.999999	-0.00160171	-0.0102093	0.00160171	0.999947	-0.112045	0.017543	21.3905	
0.999944	8.74603e-06	0.0105691	8.78377e-06	0.999999	-0.00165854	-0.0105691	0.00165854	0.999943	-0.120593	0.0188842	22.2132	
0.99994	9.34876e-06	0.0109264	9.39059e-06	0.999999	-0.001715	-0.0109264	0.001715	0.999939	-0.129435	0.0202719	23.0359	
0.999936	9.96713e-06	0.0112812	1.00133e-05	0.999998	-0.00177108	-0.0112812	0.00177108	0.999935	-0.138571	0.021706	23.8585	
0.999932	1.06007e-05	0.0116333	1.06515e-05	0.999998	-0.00182677	-0.0116333	0.00182677	0.999931	-0.147997	0.023186	24.6812	
0.999928	1.12491e-05	0.0119829	1.13048e-05	0.999998	-0.00188209	-0.0119829	0.00188209	0.999926	-0.157712	0.0247117	25.5039	
0.999924	1.19117e-05	0.0123299	1.19726e-05	0.999998	-0.00193702	-0.0123299	0.00193702	0.999922	-0.167713	0.0262828	26.3266	
0.99992	1.25883e-05	0.0126743	1.26546e-05	0.999998	-0.00199157	-0.0126743	0.00199157	0.999918	-0.177999	0.0278988	27.1492	
0.999915	1.32783e-05	0.0130161	1.33503e-05	0.999998	-0.00204573	-0.0130161	0.00204573	0.999913	-0.188567	0.0295596	27.9719	
0.999911	1.39813e-05	0.0133553	1.40593e-05	0.999998	-0.0020995	-0.0133553	0.0020995	0.999909	-0.199415	0.0312648	28.7945	
0.999906	1.46968e-05	0.0136918	1.47812e-05	0.999998	-0.00215287	-0.0136918	0.00215287	0.999904	-0.210542	0.0330141	29.6172	
0.999902	1.54245e-05	0.0140257	1.55155e-05	0.999998	-0.00220585	-0.0140257	0.00220585	0.999899	-0.221944	0.0348071	30.4398	
0.999897	1.61639e-05	0.0143569	1.62618e-05	0.999997	-0.00225843	-0.0143569	0.00225843	0.999894	-0.233619	0.0366436	31.2625	
0.999892	1.69145e-05	0.0146854	1.70196e-05	0.999997	-0.00231061	-0.0146854	0.00231061	0.999889	-0.245566	0.0385231	32.0851	
0.999887	1.76759e-05	0.0150112	1.77886e-05	0.999997	-0.00236239	-0.0150112	0.00236239	0.999885	-0.257782	0.0404454	32.9077	
0.999882	1.84478e-05	0.0153344	1.85682e-05	0.999997	-0.00241377	-0.0153344	0.00241377	0.99988	-0.270265	0.0424101	33.7304	
0.999877	1.92295e-05	0.0156548	1.93581e-05	0.999997	-0.00246474	-0.0156548	0.00246474	0.999874	-0.283013	0.044417	34.553	
0.999872	2.00208e-05	0.0159726	2.01578e-05	0.999997	-0.0025153	-0.0159726	0.00251531	0.999869	-0.296023	0.0464656	35.3756	
0.999867	2.08211e-05	0.0162876	2.09668e-05	0.999997	-0.00256546	-0.0162876	0.00256546	0.999864	-0.309294	0.0485556	36.1982	
0.999862	2.16301e-05	0.0165999	2.17849e-05	0.999997	-0.0026152	-0.0165999	0.0026152	0.999859	-0.322823	0.0506868	37.0208	
0.999857	2.24474e-05	0.0169094	2.26115e-05	0.999996	-0.00266453	-0.0169094	0.00266453	0.999853	-0.336607	0.0528587	37.8435	
0.999852	2.32724e-05	0.0172162	2.34461e-05	0.999996	-0.00271344	-0.0172162	0.00271344	0.999848	-0.350645	0.055071	38.6661	
0.999847	2.41048e-05	0.0175202	2.42885e-05	0.999996	-0.00276193	-0.0175202	0.00276193	0.999843	-0.364935	0.0573233	39.4887	
0.999841	2.49442e-05	0.0178214	2.51381e-05	0.999996	-0.00281	-0.0178214	0.00281	0.999837	-0.379473	0.0596154	40.3113	
0.999836	2.579e-05	0.0181199	2.59946e-05	0.999996	-0.00285765	-0.0181199	0.00285766	0.999832	-0.394258	0.0619469	41.1338	
0.99983	2.6642e-05	0.0184155	2.68574e-05	0.999996	-0.00290488	-0.0184155	0.00290488	0.999826	-0.409287	0.0643174	41.9564	
0.999825	2.74997e-05	0.0187083	2.77263e-05	0.999996	-0.00295168	-0.0187083	0.00295168	0.999821	-0.424558	0.0667266	42.779	
0.99982	2.83626e-05	0.0189984	2.86007e-05	0.999996	-0.00299805	-0.0189984	0.00299805	0.999815	-0.44007	0.0691741	43.6016	
0.999814	2.92305e-05	0.0192856	2.94803e-05	0.999995	-0.00304399	-0.0192856	0.003044	0.999809	-0.455818	0.0716595	44.4242	
0.999808	3.01027e-05	0.0195699	3.03647e-05	0.999995	-0.0030895	-0.0195699	0.00308951	0.999804	-0.471802	0.0741826	45.2467	
0.999803	3.0979e-05	0.0198515	3.12533e-05	0.999995	-0.00313458	-0.0198515	0.00313458	0.999798	-0.488018	0.076743	46.0693	
0.999853	2.28972e-05	0.0171296	2.51158e-05	0.999996	-0.00280271	-0.0171296	0.00280273	0.999849	-0.503231	0.0791854	46.8919	
0.999896	1.57124e-05	0.0144049	1.98761e-05	0.999997	-0.00247044	-0.0144049	0.00247047	0.999893	-0.516203	0.0813546	47.7145	
0.999932	9.42753e-06	0.0116775	1.55375e-05	0.999998	-0.00213779	-0.0116775	0.00213782	0.99993	-0.526933	0.0832503	48.5372	
0.99996	4.04566e-06	0.00894755	1.2103e-05	0.999998	-0.00180476	-0.00894754	0.0018048	0.999958	-0.535417	0.0848721	49.3598	
0.999981	-4.3046e-07	0.00621514	9.57549e-06	0.999999	-0.00147138	-0.00621513	0.00147141	0.99998	-0.541654	0.0862199	50.1825	
0.999994	-3.99815e-06	0.00348038	7.9577e-06	0.999999	-0.00113767	-0.00348037	0.00113769	0.999993	-0.545643	0.0872932	51.0053	
1	-6.65486e-06	0.000743374	7.25226e-06	1	-0.00080363	-0.000743368	0.000803635	0.999999	-0.54738	0.0880917	51.828	
0.999998	-8.39819e-06	-0.00199576	7.46162e-06	1	-0.000469287	0.00199576	0.000469272	0.999998	-0.546865	0.0886154	52.6507	
0.999989	-9.22587e-06	-0.00473691	8.58811e-06	1	-0.000134655	0.00473691	0.000134613	0.999989	-0.544095	0.0888638	53.4734	
0.999972	-9.13574e-06	-0.00747997	1.06339e-05	1	0.00020025	0.00747997	-0.000200324	0.999972	-0.53907	0.0888368	54.2961	
0.999948	-8.1258e-06	-0.0102248	1.3601e-05	1	0.000535413	0.0102248	-0.000535524	0.999948	-0.531787	0.0885341	55.1188	
0.999916	-6.19418e-06	-0.0129714	1.74913e-05	1	0.000870817	0.0129713	-0.000870971	0.999915	-0.522245	0.0879555	55.9415	
0.999876	-3.33912e-06	-0.0157195	2.23066e-05	0.999999	0.00120645	0.0157194	-0.00120665	0.999876	-0.510442	0.0871008	56.7642	
0.999829	4.40968e-07	-0.018469	2.80483e-05	0.999999	0.00154228	0.018469	-0.00154254	0.999828	-0.496378	0.0859699	57.5868	
0.999775	5.14756e-06	-0.0212199	3.47179e-05	0.999998	0.00187831	0.0212199	-0.00187863	0.999773	-0.480052	0.0845626	58.4093	
0.999713	1.0782e-05	-0.0239721	4.23168e-05	0.999998	0.00221452	0.023972	-0.0022149	0.99971	-0.461462	0.0828786	59.2318	
0.999643	1.73455e-05	-0.0267253	5.0846e-05	0.999997	0.00255088	0.0267253	-0.00255133	0.99964	-0.440607	0.080918	60.0543	
0.999565	2.4839e-05	-0.0294796	6.03064e-05	0.999996	0.00288739	0.0294796	-0.00288791	0.999561	-0.417486	0.0786805	60.8767	
0.99948	3.32636e-05	-0.0322348	7.0699e-05	0.999995	0.00322403	0.0322347	-0.00322463	0.999475	-0.392099	0.076166	61.699	
0.999388	4.26201e-05	-0.0349907	8.20244e-05	0.999994	0.00356077	0.0349907	-0.00356146	0.999381	-0.364445	0.0733744	62.5213	
0.999287	5.29089e-05	-0.0377473	9.42831e-05	0.999992	0.00389761	0.0377473	-0.00389839	0.99928	-0.334523	0.0703057	63.3435	
0.999179	6.41308e-05	-0.0405045	0.000107475	0.999991	0.00423453	0.0405044	-0.0042354	0.99917	-0.302333	0.0669598	64.1656	
0.999064	7.6286e-05	-0.0432621	0.000121602	0.99999	0.0045715	0.043262	-0.00457248	0.999053	-0.267875	0.0633365	64.9875	
0.998941	8.93748e-05	-0.0460201	0.000136662	0.999988	0.00490852	0.04602	-0.00490961	0.998928	-0.231147	0.0594359	65.8094	
0.99881	0.000103397	-0.0487783	0.000152656	0.999986	0.00524557	0.0487781	-0.00524677	0.998796	-0.192151	0.055258	66.6312	
0.998671	0.000118353	-0.0515365	0.000169583	0.999984	0.00558263	0.0515364	-0.00558395	0.998656	-0.150885	0.0508026	67.4529	
0.998525	0.000134243	-0.0542948	0.000187444	0.999982	0.00591968	0.0542946	-0.00592113	0.998507	-0.10735	0.0460698	68.2745	
0.998371	0.000151066	-0.0570529	0.000206237	0.99998	0.00625671	0.0570528	-0.00625829	0.998352	-0.0615455	0.0410596	69.0959	
0.99821	0.000168821	-0.0598109	0.000225962	0.999978	0.0065937	0.0598107	-0.00659541	0.998188	-0.0134721	0.0357721	69.9172	
0.998041	0.000187509	-0.0625684	0.000246618	0.999976	0.00693064	0.0625682	-0.00693249	0.998017	0.0368701	0.0302072	70.7384	
0.997864	0.000207128	-0.0653255	0.000268204	0.999974	0.0072675	0.0653253	-0.0072695	0.997838	0.0894809	0.024365	71.5594	
0.996323	0.000381541	-0.0856746	0.000461396	0.999952	0.0098188	0.0856742	-0.00982223	0.996275	0.151599	0.0173339	72.3797	
0.994367	0.000608011	-0.105987	0.00070661	0.999923	0.0123656	0.105987	-0.0123708	0.994291	0.230444	0.00820413	73.1986	
0.991997	0.000886442	-0.126255	0.00100374	0.999888	0.0149067	0.126255	-0.0149141	0.991886	0.325983	-0.0030203	74.0157	
0.989214	0.00121672	-0.14647	0.00135267	0.999847	0.0174412	0.146469	-0.0174512	0.989061	0.438176	-0.0163347	74.8306	
0.986019	0.00159869	-0.166623	0.00175324	0.999799	0.0199679	0.166621	-0.0199808	0.985818	0.566974	-0.0317334	75.643	
0.982414	0.00203221	-0.186705	0.00220529	0.999745	0.0224857	0.186703	-0.022502	0.982159	0.712324	-0.0492099	76.4526	
0.978399	0.00251709	-0.206709	0.00270863	0.999684	0.0249937	0.206706	-0.0250137	0.978083	0.874164	-0.0687568	77.259	
0.973977	0.00305312	-0.226625	0.00326303	0.999617	0.0274907	0.226622	-0.0275148	0.973594	1.05243	-0.0903659	78.0619	
0.96915	0.00364008	-0.246445	0.00386828	0.999543	0.0299757	0.246441	-0.0300043	0.968693	1.24703	-0.114028	78.8609	
0.963919	0.00427771	-0.266161	0.00452411	0.999463	0.0324476	0.266157	-0.032481	0.963382	1.45791	-0.139733	79.6557	
0.958287	0.00496575	-0.285764	0.00523024	0.999377	0.0349054	0.28576	-0.034944	0.957664	1.68495	-0.16747	80.446	
0.952256	0.00570391	-0.305247	0.00598637	0.999284	0.0373481	0.305242	-0.0373923	0.951541	1.92808	-0.197228	81.2314	
