1	0	0	0	1	0	0	0	1	0	0	0	
0.999996	-3.34792e-07	-0.00296246	-3.34792e-07	1	-0.000226022	0.00296246	0.000226022	0.999996	0.00111391	8.49868e-05	0.752019	
0.999982	-1.34337e-06	-0.00592893	-1.34811e-06	1	-0.000453953	0.00592893	0.000453953	0.999982	0.00445717	0.000340665	1.50403	
0.99996	-3.03319e-06	-0.00889933	-3.0522e-06	1	-0.00068379	0.00889933	0.00068379	0.99996	0.0100327	0.000768468	2.25603	
0.99993	-5.41173e-06	-0.0118736	-5.45932e-06	1	-0.000915533	0.0118736	0.000915533	0.999929	0.0178436	0.00136983	3.00801	
0.99989	-8.48642e-06	-0.0148516	-8.58173e-06	0.999999	-0.00114918	0.0148516	0.00114918	0.999889	0.0278925	0.00214618	3.75996	
0.999841	-1.22647e-05	-0.0178334	-1.24317e-05	0.999999	-0.00138473	0.0178334	0.00138473	0.99984	0.0401825	0.00309896	4.51188	
0.999783	-1.67539e-05	-0.0208188	-1.70215e-05	0.999999	-0.00162217	0.0208188	0.00162218	0.999782	0.0547161	0.00422959	5.26376	
0.999717	-2.19615e-05	-0.0238077	-2.23634e-05	0.999998	-0.00186152	0.0238077	0.00186153	0.999715	0.0714961	0.0055395	6.01559	
0.999641	-2.78949e-05	-0.0268002	-2.84698e-05	0.999998	-0.00210276	0.0268002	0.00210277	0.999639	0.0905252	0.00703011	6.76737	
0.999556	-3.45613e-05	-0.029796	-3.53528e-05	0.999997	-0.0023459	0.029796	0.00234591	0.999553	0.111806	0.00870286	7.51909	
0.999462	-4.19682e-05	-0.0327951	-4.30248e-05	0.999997	-0.00259092	0.0327951	0.00259094	0.999459	0.135341	0.0105592	8.27074	
0.999359	-5.01228e-05	-0.0357976	-5.14981e-05	0.999996	-0.00283784	0.0357976	0.00283786	0.999355	0.161132	0.0126005	9.02231	
0.999247	-5.90324e-05	-0.0388031	-6.0785e-05	0.999995	-0.00308664	0.0388031	0.00308667	0.999242	0.189183	0.0148281	9.7738	
0.999126	-6.87042e-05	-0.0418118	-7.08977e-05	0.999994	-0.00333732	0.0418118	0.00333737	0.99912	0.219495	0.0172436	10.5252	
0.998995	-7.91457e-05	-0.0448235	-8.18486e-05	0.999994	-0.00358989	0.0448235	0.00358995	0.998988	0.252071	0.0198484	11.2765	
0.998855	-9.03638e-05	-0.0478382	-9.36498e-05	0.999993	-0.00384433	0.0478382	0.00384441	0.998848	0.286913	0.0226438	12.0277	
0.998706	-0.000102366	-0.0508557	-0.000106314	0.999992	-0.00410064	0.0508557	0.00410074	0.998698	0.324023	0.0256312	12.7788	
0.998548	-0.000115159	-0.0538761	-0.000119853	0.99999	-0.00435883	0.0538761	0.00435896	0.998538	0.363403	0.0288122	13.5298	
0.99838	-0.000128751	-0.0568991	-0.000134279	0.999989	-0.00461888	0.0568991	0.00461904	0.998369	0.405056	0.032188	14.2807	
0.998203	-0.000143147	-0.0599248	-0.000149604	0.999988	-0.0048808	0.0599248	0.004881	0.998191	0.448982	0.0357601	15.0314	
0.998016	-0.000158357	-0.0629531	-0.000165841	0.999987	-0.00514458	0.062953	0.00514482	0.998003	0.495186	0.0395299	15.782	
0.997821	-0.000174386	-0.0659838	-0.000183002	0.999985	-0.00541022	0.0659838	0.0054105	0.997806	0.543667	0.0434988	16.5324	
0.997615	-0.000191241	-0.069017	-0.0002011	0.999984	-0.0056777	0.0690169	0.00567805	0.997599	0.594429	0.0476682	17.2827	
0.997401	-0.00020893	-0.0720525	-0.000220145	0.999982	-0.00594704	0.0720524	0.00594745	0.997383	0.647473	0.0520395	18.0329	
0.997177	-0.00022746	-0.0750902	-0.000240151	0.999981	-0.00621822	0.0750902	0.0062187	0.997157	0.7028	0.0566141	18.7828	
0.996943	-0.000246837	-0.0781302	-0.000261129	0.999979	-0.00649124	0.0781301	0.0064918	0.996922	0.760412	0.0613934	19.5326	
0.9967	-0.000267068	-0.0811722	-0.000283092	0.999977	-0.0067661	0.0811722	0.00676675	0.996677	0.820312	0.0663788	20.2822	
0.996447	-0.000288161	-0.0842163	-0.000306052	0.999975	-0.00704279	0.0842163	0.00704355	0.996423	0.882499	0.0715716	21.0317	
0.996185	-0.000310121	-0.0872624	-0.000330021	0.999973	-0.00732131	0.0872623	0.00732218	0.996158	0.946977	0.0769733	21.7809	
0.995914	-0.000332957	-0.0903103	-0.00035501	0.999971	-0.00760165	0.0903102	0.00760265	0.995885	1.01375	0.0825852	22.5299	
0.995632	-0.000356675	-0.0933601	-0.000381033	0.999969	-0.0078838	0.09336	0.00788494	0.995601	1.08281	0.0884086	23.2787	
0.995341	-0.000381281	-0.0964115	-0.000408101	0.999967	-0.00816777	0.0964114	0.00816907	0.995308	1.15416	0.0944451	24.0273	
0.995041	-0.000406782	-0.0994647	-0.000436225	0.999964	-0.00845355	0.0994645	0.00845502	0.995005	1.22782	0.100696	24.7757	
0.994731	-0.000433185	-0.102519	-0.000465419	0.999962	-0.00874113	0.102519	0.00874279	0.994693	1.30376	0.107163	25.5239	
0.994411	-0.000460497	-0.105576	-0.000495693	0.999959	-0.0090305	0.105575	0.00903237	0.99437	1.38201	0.113846	26.2718	
0.994082	-0.000488723	-0.108633	-0.00052706	0.999956	-0.00932167	0.108633	0.00932376	0.994038	1.46255	0.120748	27.0194	
0.993743	-0.000517872	-0.111692	-0.000559532	0.999954	-0.00961462	0.111692	0.00961696	0.993696	1.5454	0.12787	27.7668	
0.993394	-0.000547948	-0.114752	-0.00059312	0.999951	-0.00990936	0.114752	0.00991196	0.993345	1.63054	0.135213	28.514	
0.993036	-0.000578959	-0.117814	-0.000627836	0.999948	-0.0102059	0.117814	0.0102088	0.992983	1.71799	0.142779	29.2609	
0.992667	-0.000610912	-0.120876	-0.000663692	0.999945	-0.0105041	0.120876	0.0105073	0.992612	1.80774	0.150568	30.0075	
0.992289	-0.000643812	-0.12394	-0.000700699	0.999941	-0.0108042	0.12394	0.0108077	0.992231	1.89979	0.158583	30.7538	
0.991902	-0.000677666	-0.127005	-0.00073887	0.999938	-0.011106	0.127004	0.0111099	0.99184	1.99415	0.166824	31.4998	
0.991505	-0.00071248	-0.13007	-0.000778216	0.999935	-0.0114095	0.13007	0.0114138	0.991439	2.09081	0.175293	32.2456	
0.991097	-0.00074826	-0.133136	-0.000818748	0.999931	-0.0117148	0.133136	0.0117195	0.991028	2.18978	0.183992	32.991	
0.990681	-0.000785014	-0.136203	-0.000860478	0.999927	-0.0120218	0.136203	0.012027	0.990608	2.29106	0.192921	33.7361	
0.990254	-0.000822746	-0.139271	-0.000903418	0.999924	-0.0123306	0.139271	0.0123362	0.990178	2.39464	0.202082	34.4809	
0.989818	-0.000861463	-0.14234	-0.000947579	0.99992	-0.0126411	0.142339	0.0126472	0.989737	2.50053	0.211476	35.2254	
0.989371	-0.000901172	-0.145408	-0.000992972	0.999916	-0.0129533	0.145408	0.01296	0.989287	2.60872	0.221104	35.9695	
0.988915	-0.000941878	-0.148478	-0.00103961	0.999911	-0.0132672	0.148477	0.0132745	0.988827	2.71922	0.230969	36.7133	
0.98845	-0.000983587	-0.151547	-0.0010875	0.999907	-0.0135828	0.151547	0.0135907	0.988357	2.83204	0.24107	37.4567	
0.987974	-0.00102631	-0.154617	-0.00113666	0.999903	-0.0139001	0.154616	0.0139087	0.987877	2.94716	0.25141	38.1998	
0.987489	-0.00107004	-0.157687	-0.00118709	0.999898	-0.0142191	0.157687	0.0142284	0.987387	3.06459	0.26199	38.9425	
0.987009	-0.00111753	-0.16066	-0.00167859	0.99985	-0.0172672	0.160655	0.0173125	0.986859	3.18429	0.27385	39.6849	
0.986519	-0.00117451	-0.163642	-0.0021796	0.999791	-0.0203156	0.163631	0.0203984	0.986311	3.30622	0.28803	40.4268	
0.986019	-0.00124104	-0.166631	-0.00269014	0.999723	-0.0233643	0.166614	0.0234859	0.985742	3.4304	0.30453	41.1683	
0.985507	-0.00131718	-0.169629	-0.00321024	0.999646	-0.0264132	0.169603	0.0265749	0.985154	3.55682	0.323354	41.9094	
0.984985	-0.00140298	-0.172634	-0.00373992	0.999559	-0.0294619	0.172599	0.0296652	0.984545	3.68549	0.344501	42.65	
0.984452	-0.00149851	-0.175646	-0.00427919	0.999462	-0.0325106	0.175601	0.0327567	0.983916	3.81642	0.367972	43.3902	
0.983909	-0.00160382	-0.178666	-0.00482806	0.999356	-0.0355589	0.178608	0.0358493	0.983267	3.9496	0.393769	44.1299	
0.983354	-0.00171894	-0.181692	-0.00538656	0.99924	-0.0386068	0.18162	0.0389428	0.982597	4.08505	0.421891	44.8691	
0.982789	-0.00184395	-0.184724	-0.0059547	0.999114	-0.0416541	0.184637	0.0420371	0.981907	4.22277	0.452341	45.6077	
0.982212	-0.00197886	-0.187763	-0.00653248	0.998979	-0.0447007	0.187659	0.0451322	0.981197	4.36276	0.485117	46.3459	
0.981625	-0.00212374	-0.190807	-0.00711992	0.998834	-0.0477465	0.190686	0.0482277	0.980466	4.50502	0.520222	47.0835	
0.981027	-0.00227861	-0.193856	-0.00771704	0.998679	-0.0507914	0.193716	0.0513237	0.979714	4.64956	0.557654	47.8205	
0.980418	-0.00244352	-0.196911	-0.00832382	0.998515	-0.0538352	0.19675	0.05442	0.978942	4.79638	0.597415	48.557	
0.979799	-0.00261849	-0.19997	-0.0089403	0.998341	-0.0568777	0.199787	0.0575165	0.97815	4.94548	0.639504	49.2929	
0.979168	-0.00280356	-0.203034	-0.00956646	0.998157	-0.059919	0.202827	0.0606131	0.977337	5.09687	0.683922	50.0282	
0.978526	-0.00299876	-0.206101	-0.0102023	0.997964	-0.0629588	0.20587	0.0637095	0.976503	5.25054	0.730669	50.7628	
0.977873	-0.00320411	-0.209173	-0.0108479	0.997761	-0.065997	0.208916	0.0668058	0.975649	5.40651	0.779744	51.4969	
0.97721	-0.00341963	-0.212248	-0.0115031	0.997548	-0.0690336	0.211963	0.0699018	0.974774	5.56476	0.831147	52.2303	
0.976536	-0.00364535	-0.215326	-0.0121681	0.997325	-0.0720684	0.215012	0.0729974	0.973879	5.72531	0.884879	52.963	
0.97585	-0.00388127	-0.218406	-0.0128427	0.997093	-0.0751012	0.218063	0.0760924	0.972964	5.88815	0.940938	53.695	
0.975154	-0.00412743	-0.22149	-0.0135271	0.996851	-0.078132	0.221115	0.0791868	0.972028	6.05329	0.999325	54.4263	
0.974447	-0.00438381	-0.224575	-0.0142211	0.9966	-0.0811606	0.224167	0.0822804	0.971071	6.22072	1.06004	55.157	
0.973729	-0.00465045	-0.227662	-0.0149249	0.996338	-0.084187	0.22722	0.0853732	0.970094	6.39044	1.12308	55.8869	
0.973	-0.00492734	-0.230751	-0.0156383	0.996067	-0.087211	0.230273	0.0884649	0.969097	6.56246	1.18844	56.616	
0.972261	-0.00521448	-0.233841	-0.0163614	0.995786	-0.0902325	0.233326	0.0915555	0.968079	6.73678	1.25613	57.3444	
0.971511	-0.00551189	-0.236932	-0.0170942	0.995496	-0.0932514	0.236379	0.0946449	0.967041	6.9134	1.32615	58.0721	
0.97075	-0.00581954	-0.240023	-0.0178366	0.995196	-0.0962677	0.23943	0.097733	0.965982	7.09231	1.39848	58.7989	
0.969978	-0.00613745	-0.243115	-0.0185887	0.994886	-0.099281	0.242481	0.10082	0.964903	7.27351	1.47314	59.5249	
0.969196	-0.00646561	-0.246206	-0.0193504	0.994566	-0.102292	0.24553	0.103905	0.963804	7.45701	1.55012	60.2501	
0.968403	-0.00680399	-0.249297	-0.0201217	0.994237	-0.105299	0.248577	0.106988	0.962685	7.6428	1.62942	60.9745	
0.9676	-0.0071526	-0.252388	-0.0209027	0.993898	-0.108303	0.251622	0.11007	0.961546	7.83088	1.71103	61.698	
0.966786	-0.00751141	-0.255477	-0.0216933	0.99355	-0.111304	0.254665	0.11315	0.960387	8.02125	1.79497	62.4207	
0.965962	-0.00788042	-0.258565	-0.0224934	0.993191	-0.114302	0.257706	0.116227	0.959208	8.2139	1.88121	63.1425	
0.965127	-0.00825959	-0.261652	-0.0233031	0.992824	-0.117296	0.260743	0.119303	0.958008	8.40885	1.96978	63.8634	
0.964282	-0.0086489	-0.264736	-0.0241223	0.992446	-0.120287	0.263777	0.122377	0.956789	8.60607	2.06065	64.5834	
0.963427	-0.00904833	-0.267818	-0.0249511	0.992059	-0.123274	0.266807	0.125448	0.955551	8.80558	2.15383	65.3024	
0.962562	-0.00945786	-0.270898	-0.0257894	0.991662	-0.126257	0.269834	0.128517	0.954292	9.00736	2.24933	66.0206	
0.961686	-0.00987744	-0.273975	-0.0266371	0.991256	-0.129237	0.272856	0.131583	0.953014	9.21142	2.34713	66.7377	
0.960801	-0.010307	-0.277048	-0.0274943	0.99084	-0.132212	0.275873	0.134647	0.951716	9.41774	2.44723	67.4539	
0.959905	-0.0107466	-0.280119	-0.0283609	0.990415	-0.135183	0.278886	0.137708	0.950399	9.62634	2.54964	68.1691	
0.959	-0.0111962	-0.283185	-0.0292369	0.98998	-0.138151	0.281894	0.140766	0.949063	9.8372	2.65435	68.8834	
0.958085	-0.0116556	-0.286247	-0.0301223	0.989535	-0.141114	0.284896	0.143821	0.947707	10.0503	2.76136	69.5966	
0.95716	-0.012125	-0.289305	-0.0310171	0.989081	-0.144072	0.287893	0.146874	0.946333	10.2657	2.87066	70.3088	
0.956997	-0.0122136	-0.289841	-0.0364264	0.986146	-0.161828	0.287802	0.165427	0.943294	10.4822	2.98809	71.0193	
0.956834	-0.0123127	-0.290375	-0.0418331	0.982864	-0.179523	0.28761	0.183921	0.939922	10.6985	3.11946	71.7274	
0.95667	-0.0124223	-0.290908	-0.0472353	0.979234	-0.197152	0.287316	0.20235	0.936218	10.9147	3.2647	72.4329	
0.956508	-0.0125423	-0.291438	-0.052631	0.975259	-0.214708	0.28692	0.220708	0.932183	11.1306	3.42378	73.1354	
