1	0	0	0	1	0	0	0	1	0	0	0	
1	2.02248e-08	-0.000138269	2.02248e-08	1	0.000292543	0.000138269	-0.000292543	1	6.10341e-05	-0.000129132	0.882828	
1	8.1063e-08	-0.000276832	8.1047e-08	1	0.00058559	0.000276832	-0.00058559	1	0.000244266	-0.000516752	1.76566	
1	1.82752e-07	-0.000415683	1.82688e-07	1	0.00087913	0.000415683	-0.00087913	1	0.000549952	-0.0011633	2.64848	
1	3.25523e-07	-0.000554817	3.25362e-07	0.999999	0.00117315	0.000554817	-0.00117315	0.999999	0.000978344	-0.00206921	3.53131	
1	5.09602e-07	-0.000694228	5.0928e-07	0.999999	0.00146765	0.000694228	-0.00146765	0.999999	0.00152969	-0.00323489	4.41414	
1	7.35209e-07	-0.000833912	7.34644e-07	0.999998	0.0017626	0.000833912	-0.0017626	0.999998	0.00220423	-0.00466077	5.29697	
1	1.00256e-06	-0.000973864	1.00165e-06	0.999998	0.002058	0.000973864	-0.002058	0.999997	0.00300221	-0.00634723	6.17979	
0.999999	1.31186e-06	-0.00111408	1.3105e-06	0.999997	0.00235383	0.00111408	-0.00235383	0.999997	0.00392386	-0.00829468	7.06262	
0.999999	1.66331e-06	-0.00125455	1.66137e-06	0.999996	0.00265009	0.00125455	-0.00265009	0.999996	0.0049694	-0.0105035	7.94544	
0.999999	2.05711e-06	-0.00139527	2.05443e-06	0.999996	0.00294677	0.00139527	-0.00294677	0.999995	0.00613907	-0.012974	8.82827	
0.999999	2.49346e-06	-0.00153624	2.48988e-06	0.999995	0.00324385	0.00153624	-0.00324385	0.999994	0.00743308	-0.0157066	9.71109	
0.999999	2.97252e-06	-0.00167745	2.96786e-06	0.999994	0.00354131	0.00167745	-0.00354131	0.999992	0.00885164	-0.0187017	10.5939	
0.999998	3.49449e-06	-0.00181889	3.48855e-06	0.999993	0.00383916	0.00181889	-0.00383916	0.999991	0.010395	-0.0219596	11.4767	
0.999998	4.05954e-06	-0.00196057	4.0521e-06	0.999991	0.00413737	0.00196057	-0.00413737	0.99999	0.0120633	-0.0254805	12.3596	
0.999998	4.66782e-06	-0.00210247	4.65866e-06	0.99999	0.00443594	0.00210247	-0.00443594	0.999988	0.0138568	-0.0292649	13.2424	
0.999997	5.3195e-06	-0.00224459	5.30836e-06	0.999989	0.00473486	0.00224459	-0.00473486	0.999986	0.0157756	-0.033313	14.1252	
0.999997	6.01474e-06	-0.00238692	6.00135e-06	0.999987	0.0050341	0.00238692	-0.0050341	0.999984	0.01782	-0.0376252	15.008	
0.999997	6.75368e-06	-0.00252946	6.73776e-06	0.999986	0.00533367	0.00252946	-0.00533367	0.999983	0.0199902	-0.0422016	15.8908	
0.999996	7.53647e-06	-0.00267221	7.51771e-06	0.999984	0.00563355	0.00267221	-0.00563355	0.999981	0.0222863	-0.0470427	16.7736	
0.999996	8.36322e-06	-0.00281516	8.34131e-06	0.999982	0.00593372	0.00281516	-0.00593372	0.999978	0.0247085	-0.0521487	17.6564	
0.999996	9.23409e-06	-0.00295829	9.20869e-06	0.999981	0.00623419	0.00295829	-0.00623419	0.999976	0.027257	-0.0575198	18.5392	
0.999995	1.01492e-05	-0.00310162	1.01199e-05	0.999979	0.00653492	0.00310162	-0.00653492	0.999974	0.0299319	-0.0631562	19.4221	
0.999995	1.11086e-05	-0.00324513	1.10751e-05	0.999977	0.00683593	0.00324513	-0.00683593	0.999971	0.0327334	-0.0690583	20.3049	
0.999994	1.21125e-05	-0.00338881	1.20744e-05	0.999975	0.00713718	0.00338881	-0.00713718	0.999969	0.0356618	-0.0752263	21.1877	
0.999994	1.31609e-05	-0.00353267	1.31178e-05	0.999972	0.00743867	0.00353267	-0.00743867	0.999966	0.038717	-0.0816602	22.0705	
0.999993	1.4254e-05	-0.00367669	1.42055e-05	0.99997	0.00774039	0.00367669	-0.00774039	0.999963	0.0418993	-0.0883605	22.9533	
0.999993	1.53919e-05	-0.00382087	1.53374e-05	0.999968	0.00804233	0.00382087	-0.00804233	0.99996	0.0452088	-0.0953272	23.8361	
0.999992	1.65745e-05	-0.0039652	1.65137e-05	0.999965	0.00834448	0.0039652	-0.00834448	0.999957	0.0486457	-0.102561	24.7188	
0.999992	1.7802e-05	-0.00410969	1.77345e-05	0.999963	0.00864681	0.00410969	-0.00864681	0.999954	0.0522101	-0.110061	25.6016	
0.999991	1.90746e-05	-0.00425432	1.89997e-05	0.99996	0.00894933	0.00425432	-0.00894933	0.999951	0.0559021	-0.117828	26.4844	
0.99999	2.03921e-05	-0.00439908	2.03094e-05	0.999957	0.00925203	0.00439908	-0.00925202	0.999948	0.0597218	-0.125862	27.3672	
0.99999	2.17547e-05	-0.00454398	2.16637e-05	0.999954	0.00955487	0.00454398	-0.00955487	0.999944	0.0636694	-0.134164	28.25	
0.999989	2.31625e-05	-0.00468901	2.30625e-05	0.999951	0.00985787	0.00468901	-0.00985787	0.99994	0.067745	-0.142733	29.1328	
0.999988	2.46155e-05	-0.00483416	2.4506e-05	0.999948	0.010161	0.00483416	-0.010161	0.999937	0.0719486	-0.15157	30.0155	
0.999988	2.61136e-05	-0.00497942	2.59941e-05	0.999945	0.0104643	0.00497942	-0.0104643	0.999933	0.0762805	-0.160674	30.8983	
0.999987	2.7657e-05	-0.0051248	2.75269e-05	0.999942	0.0107676	0.0051248	-0.0107676	0.999929	0.0807406	-0.170046	31.7811	
0.999986	2.92457e-05	-0.00527028	2.91043e-05	0.999939	0.0110711	0.00527028	-0.0110711	0.999925	0.0853292	-0.179686	32.6638	
0.999985	3.08797e-05	-0.00541586	3.07263e-05	0.999935	0.0113747	0.00541586	-0.0113746	0.999921	0.0900462	-0.189594	33.5466	
0.999985	3.25589e-05	-0.00556154	3.2393e-05	0.999932	0.0116783	0.00556154	-0.0116783	0.999916	0.0948918	-0.19977	34.4294	
0.999984	3.42835e-05	-0.0057073	3.41043e-05	0.999928	0.011982	0.0057073	-0.011982	0.999912	0.099866	-0.210214	35.3121	
0.999983	3.60533e-05	-0.00585315	3.58602e-05	0.999925	0.0122857	0.00585315	-0.0122857	0.999907	0.104969	-0.220926	36.1949	
0.999982	3.78684e-05	-0.00599907	3.76607e-05	0.999921	0.0125895	0.00599907	-0.0125895	0.999903	0.110201	-0.231906	37.0776	
0.999981	3.97288e-05	-0.00614507	3.95058e-05	0.999917	0.0128934	0.00614507	-0.0128934	0.999898	0.115561	-0.243155	37.9603	
0.99998	4.16344e-05	-0.00629113	4.13953e-05	0.999913	0.0131972	0.00629113	-0.0131972	0.999893	0.121051	-0.254671	38.8431	
0.999979	4.35852e-05	-0.00643725	4.33293e-05	0.999909	0.0135011	0.00643725	-0.0135011	0.999888	0.126669	-0.266456	39.7258	
0.999978	4.55812e-05	-0.00658343	4.53077e-05	0.999905	0.0138049	0.00658343	-0.0138049	0.999883	0.132417	-0.278509	40.6085	
0.999977	4.76223e-05	-0.00672965	4.73304e-05	0.9999	0.0141087	0.00672965	-0.0141087	0.999878	0.138293	-0.290831	41.4913	
0.999976	4.97085e-05	-0.00687592	4.93973e-05	0.999896	0.0144125	0.00687592	-0.0144125	0.999872	0.144299	-0.303421	42.374	
0.999975	5.18396e-05	-0.00702223	5.15085e-05	0.999892	0.0147163	0.00702223	-0.0147163	0.999867	0.150434	-0.316279	43.2567	
0.999974	5.40158e-05	-0.00716857	5.36637e-05	0.999887	0.01502	0.00716857	-0.01502	0.999861	0.156698	-0.329405	44.1394	
0.999973	5.62367e-05	-0.00731494	5.5863e-05	0.999883	0.0153237	0.00731494	-0.0153237	0.999856	0.163091	-0.342799	45.0221	
0.999972	5.85025e-05	-0.00746133	5.81062e-05	0.999878	0.0156272	0.00746133	-0.0156272	0.99985	0.169614	-0.356461	45.9048	
0.999971	6.0813e-05	-0.00760773	6.03932e-05	0.999873	0.0159307	0.00760774	-0.0159307	0.999844	0.176265	-0.370391	46.7875	
0.99997	6.31681e-05	-0.00775415	6.27239e-05	0.999868	0.0162341	0.00775415	-0.0162341	0.999838	0.183046	-0.384589	47.6702	
0.999969	6.55676e-05	-0.00790057	6.50982e-05	0.999863	0.0165374	0.00790057	-0.0165374	0.999832	0.189956	-0.399055	48.5529	
0.999968	6.80116e-05	-0.00804698	6.75159e-05	0.999858	0.0168406	0.00804699	-0.0168406	0.999826	0.196996	-0.413788	49.4355	
0.999966	7.04999e-05	-0.0081934	6.9977e-05	0.999853	0.0171436	0.0081934	-0.0171436	0.999819	0.204165	-0.428789	50.3182	
0.999965	7.30323e-05	-0.00833979	7.24813e-05	0.999848	0.0174465	0.0083398	-0.0174465	0.999813	0.211463	-0.444058	51.2009	
0.999964	7.56088e-05	-0.00848617	7.50286e-05	0.999842	0.0177492	0.00848618	-0.0177492	0.999806	0.21889	-0.459594	52.0835	
0.999985	2.28438e-05	-0.0054758	7.18908e-05	0.99985	0.0172998	0.00547537	-0.0172999	0.999835	0.225053	-0.475065	52.9662	
0.999997	-2.85701e-05	-0.00246528	7.01082e-05	0.999858	0.0168508	0.00246445	-0.0168509	0.999855	0.228557	-0.49014	53.8489	
1	-7.86332e-05	0.000545327	6.9678e-05	0.999865	0.0164023	-0.000546543	-0.0164023	0.999865	0.229404	-0.504818	54.7316	
0.999994	-0.000127346	0.00355595	7.05974e-05	0.999873	0.0159543	-0.00355753	-0.015954	0.999866	0.227592	-0.519101	55.6143	
0.999978	-0.000174709	0.00656654	7.28632e-05	0.99988	0.0155069	-0.00656846	-0.015506	0.999858	0.223123	-0.532987	56.497	
0.999954	-0.000220723	0.00957702	7.64716e-05	0.999887	0.01506	-0.00957926	-0.0150586	0.999841	0.215995	-0.546479	57.3797	
0.999921	-0.000265389	0.0125873	8.14187e-05	0.999893	0.0146138	-0.0125899	-0.0146116	0.999814	0.206209	-0.559576	58.2624	
0.999878	-0.000308708	0.0155974	8.77002e-05	0.9999	0.0141682	-0.0156002	-0.0141651	0.999778	0.193766	-0.572278	59.145	
0.999827	-0.000350681	0.0186072	9.53115e-05	0.999906	0.0137233	-0.0186103	-0.0137192	0.999733	0.178665	-0.584587	60.0277	
0.999766	-0.00039131	0.0216166	0.000104247	0.999912	0.0132792	-0.0216199	-0.0132739	0.999678	0.160906	-0.596502	60.9102	
0.999697	-0.000430596	0.0246257	0.000114503	0.999918	0.0128359	-0.0246292	-0.0128292	0.999614	0.140491	-0.608024	61.7927	
0.999618	-0.000468542	0.0276342	0.000126072	0.999923	0.0123934	-0.0276379	-0.0123852	0.999541	0.11742	-0.619154	62.6752	
0.99953	-0.000505148	0.0306422	0.000138949	0.999929	0.0119518	-0.0306461	-0.0119419	0.999459	0.0916925	-0.629893	63.5576	
0.999434	-0.000540417	0.0336496	0.000153127	0.999934	0.011511	-0.0336536	-0.0114993	0.999367	0.0633097	-0.64024	64.4399	
0.999328	-0.000574351	0.0366563	0.000168599	0.999939	0.0110712	-0.0366604	-0.0110576	0.999267	0.0322721	-0.650197	65.3221	
0.999213	-0.000606953	0.0396623	0.00018536	0.999943	0.0106324	-0.0396665	-0.0106167	0.999157	-0.00141972	-0.659764	66.2043	
0.999089	-0.000638226	0.0426675	0.0002034	0.999948	0.0101946	-0.0426718	-0.0101766	0.999037	-0.0377651	-0.668943	67.0863	
0.998956	-0.000668171	0.0456719	0.000222714	0.999952	0.00975782	-0.0456762	-0.00973747	0.998909	-0.0767631	-0.677733	67.9682	
0.998814	-0.000696792	0.0486753	0.000243291	0.999957	0.00932216	-0.0486797	-0.00929926	0.998771	-0.118413	-0.686136	68.85	
0.998664	-0.000724091	0.0516777	0.000265125	0.99996	0.00888762	-0.0516821	-0.00886204	0.998624	-0.162714	-0.694153	69.7317	
0.998504	-0.000750073	0.0546791	0.000288206	0.999964	0.00845425	-0.0546835	-0.00842584	0.998468	-0.209666	-0.701784	70.6132	
0.998335	-0.00077474	0.0576794	0.000312526	0.999968	0.00802208	-0.0576838	-0.0079907	0.998303	-0.259266	-0.70903	71.4946	
0.996866	-0.000891617	0.0791064	0.000660024	0.999995	0.00295371	-0.0791087	-0.00289224	0.996862	-0.319651	-0.713835	72.3754	
0.994937	-0.000898969	0.100497	0.00111628	0.999997	-0.0021061	-0.100495	0.00220762	0.994935	-0.398934	-0.714137	73.2546	
0.992549	-0.000796794	0.121841	0.00168106	0.999973	-0.00715489	-0.121832	0.00730641	0.992524	-0.497076	-0.709937	74.1319	
0.989704	-0.000585141	0.143129	0.0023541	0.999923	-0.0121902	-0.14311	0.0124016	0.989629	-0.61403	-0.701237	75.0069	
0.986402	-0.000264112	0.164348	0.00313507	0.999847	-0.0172096	-0.164319	0.0174908	0.986252	-0.749739	-0.688042	75.8791	
0.982646	0.000166135	0.185491	0.00402359	0.999745	-0.0222106	-0.185447	0.0225715	0.982395	-0.904137	-0.670357	76.7482	
0.978437	0.000705391	0.206545	0.00501923	0.999618	-0.0271908	-0.206485	0.0276412	0.978059	-1.07715	-0.648191	77.6136	
0.973777	0.00135339	0.227501	0.00612149	0.999464	-0.0321477	-0.227422	0.0326974	0.973247	-1.26869	-0.621556	78.4749	
0.968669	0.00210983	0.248348	0.00732985	0.999285	-0.037079	-0.248249	0.0377377	0.967961	-1.47867	-0.590464	79.3319	
0.963114	0.00297432	0.269077	0.00864372	0.999081	-0.0419823	-0.268955	0.0427596	0.962203	-1.70698	-0.55493	80.1839	
0.957116	0.00394646	0.289677	0.0100625	0.998851	-0.0468551	-0.289529	0.0477606	0.955977	-1.95351	-0.514971	81.0306	
0.950678	0.00502576	0.310139	0.0115854	0.998596	-0.0516951	-0.309963	0.0527384	0.949285	-2.21814	-0.470608	81.8717	
0.943803	0.00621171	0.330452	0.0132117	0.998315	-0.0564999	-0.330246	0.0576906	0.94213	-2.50075	-0.421861	82.7066	
0.936493	0.00750372	0.350606	0.0149407	0.99801	-0.0612672	-0.350368	0.0626146	0.934517	-2.8012	-0.368754	83.535	
0.928753	0.00890117	0.370591	0.0167715	0.997679	-0.0659947	-0.370319	0.0675081	0.926448	-3.11933	-0.311314	84.3565	
0.920587	0.0104034	0.390399	0.0187031	0.997324	-0.07068	-0.390089	0.0723687	0.917929	-3.455	-0.249568	85.1707	
0.911998	0.0120096	0.410019	0.0207348	0.996944	-0.0753209	-0.40967	0.0771941	0.908962	-3.80804	-0.183546	85.9771	
0.902991	0.013719	0.429441	0.0228654	0.996539	-0.0799151	-0.429051	0.0819819	0.899552	-4.17828	-0.11328	86.7755	
