1	0	0	0	1	0	0	0	1	0	0	0	
0.999999	6.53182e-07	-0.00137534	6.53182e-07	1	0.000949848	0.00137534	-0.000949848	0.999999	0.000582783	-0.000402486	0.847474	
0.999996	2.62103e-06	-0.002755	2.6212e-06	0.999998	0.0019028	0.002755	-0.0019028	0.999994	0.00233296	-0.00161126	1.69495	
0.999991	5.91594e-06	-0.00413893	5.91662e-06	0.999996	0.00285883	0.00413893	-0.00285883	0.999987	0.00525417	-0.00362894	2.54241	
0.999985	1.05502e-05	-0.00552707	1.05519e-05	0.999993	0.0038179	0.00552707	-0.0038179	0.999977	0.00935002	-0.00645812	3.38987	
0.999976	1.65358e-05	-0.00691939	1.65393e-05	0.999989	0.00477997	0.00691939	-0.00477997	0.999965	0.0146241	-0.0101014	4.23732	
0.999965	2.38849e-05	-0.00831583	2.38909e-05	0.999983	0.00574502	0.00831583	-0.00574502	0.999949	0.0210798	-0.0145612	5.08476	
0.999953	3.26092e-05	-0.00971634	3.26189e-05	0.999977	0.006713	0.00971634	-0.006713	0.99993	0.0287207	-0.0198401	5.93219	
0.999938	4.27205e-05	-0.0111209	4.2735e-05	0.99997	0.00768389	0.0111209	-0.00768389	0.999909	0.0375502	-0.0259406	6.77959	
0.999922	5.42302e-05	-0.0125294	5.42511e-05	0.999963	0.00865766	0.0125294	-0.00865766	0.999884	0.0475717	-0.0328651	7.62698	
0.999903	6.71499e-05	-0.0139418	6.71787e-05	0.999954	0.00963426	0.0139418	-0.00963426	0.999856	0.0587885	-0.0406161	8.47434	
0.999882	8.14907e-05	-0.0153581	8.15292e-05	0.999944	0.0106137	0.0153581	-0.0106137	0.999826	0.071204	-0.0491959	9.32169	
0.999859	9.72638e-05	-0.0167782	9.73139e-05	0.999933	0.0115958	0.0167782	-0.0115958	0.999792	0.0848214	-0.0586069	10.169	
0.999834	0.00011448	-0.0182021	0.000114544	0.999921	0.0125807	0.0182021	-0.0125807	0.999755	0.0996438	-0.0688514	11.0163	
0.999807	0.00013315	-0.0196297	0.000133231	0.999908	0.0135684	0.0196297	-0.0135684	0.999715	0.115675	-0.0799318	11.8635	
0.999778	0.000153285	-0.021061	0.000153384	0.999894	0.0145586	0.021061	-0.0145586	0.999672	0.132917	-0.0918502	12.7107	
0.999747	0.000174895	-0.0224959	0.000175016	0.999879	0.0155515	0.0224959	-0.0155515	0.999626	0.151373	-0.104609	13.5579	
0.999714	0.000197991	-0.0239344	0.000198136	0.999863	0.016547	0.0239343	-0.0165471	0.999577	0.171048	-0.11821	14.4051	
0.999678	0.000222582	-0.0253763	0.000222755	0.999846	0.0175451	0.0253763	-0.0175451	0.999524	0.191942	-0.132657	15.2522	
0.99964	0.000248679	-0.0268218	0.000248883	0.999828	0.0185457	0.0268218	-0.0185457	0.999468	0.214061	-0.14795	16.0992	
0.9996	0.000276291	-0.0282706	0.00027653	0.999809	0.0195488	0.0282706	-0.0195488	0.999409	0.237405	-0.164092	16.9462	
0.999558	0.000305429	-0.0297229	0.000305705	0.999789	0.0205544	0.0297229	-0.0205544	0.999347	0.261979	-0.181085	17.7932	
0.999514	0.000336101	-0.0311784	0.00033642	0.999767	0.0215623	0.0311784	-0.0215623	0.999281	0.287786	-0.198931	18.64	
0.999467	0.000368317	-0.0326372	0.000368683	0.999745	0.0225727	0.0326372	-0.0225727	0.999212	0.314827	-0.217633	19.4869	
0.999418	0.000402086	-0.0340992	0.000402503	0.999722	0.0235854	0.0340992	-0.0235854	0.99914	0.343105	-0.237192	20.3337	
0.999367	0.000437418	-0.0355643	0.00043789	0.999697	0.0246005	0.0355643	-0.0246005	0.999065	0.372624	-0.25761	21.1804	
0.999314	0.000474321	-0.0370326	0.000474853	0.999672	0.0256178	0.0370326	-0.0256178	0.998986	0.403386	-0.278889	22.027	
0.999258	0.000512804	-0.0385039	0.000513401	0.999645	0.0266373	0.0385039	-0.0266374	0.998903	0.435394	-0.301032	22.8736	
0.9992	0.000552874	-0.0399783	0.000553543	0.999617	0.0276591	0.0399782	-0.0276591	0.998818	0.46865	-0.324039	23.7201	
0.99914	0.000594542	-0.0414555	0.000595286	0.999588	0.0286831	0.0414555	-0.0286831	0.998729	0.503156	-0.347914	24.5665	
0.999078	0.000637814	-0.0429357	0.00063864	0.999558	0.0297092	0.0429357	-0.0297092	0.998636	0.538916	-0.372657	25.4129	
0.999013	0.000682699	-0.0444187	0.000683613	0.999527	0.0307374	0.0444187	-0.0307374	0.99854	0.575932	-0.39827	26.2592	
0.998946	0.000729205	-0.0459045	0.000730212	0.999495	0.0317677	0.0459045	-0.0317677	0.998441	0.614205	-0.424756	27.1054	
0.998876	0.000777338	-0.0473931	0.000778446	0.999462	0.0328	0.047393	-0.0328	0.998338	0.653739	-0.452116	27.9515	
0.998804	0.000827107	-0.0488843	0.000828322	0.999427	0.0338343	0.0488843	-0.0338343	0.998231	0.694535	-0.480351	28.7975	
0.99873	0.000878519	-0.0503782	0.000879847	0.999391	0.0348705	0.0503781	-0.0348706	0.998121	0.736596	-0.509464	29.6434	
0.998653	0.000931581	-0.0518746	0.000933029	0.999355	0.0359087	0.0518746	-0.0359088	0.998008	0.779924	-0.539456	30.4893	
0.998574	0.0009863	-0.0533736	0.000987875	0.999317	0.0369488	0.0533736	-0.0369489	0.997891	0.824522	-0.570328	31.335	
0.998493	0.00104268	-0.0548751	0.00104439	0.999278	0.0379908	0.0548751	-0.0379908	0.99777	0.870391	-0.602083	32.1806	
0.998409	0.00110073	-0.056379	0.00110259	0.999237	0.0390345	0.0563789	-0.0390346	0.997646	0.917533	-0.634722	33.0262	
0.998323	0.00116046	-0.0578852	0.00116247	0.999196	0.0400801	0.0578852	-0.0400801	0.997518	0.965951	-0.668246	33.8716	
0.998234	0.00122187	-0.0593938	0.00122404	0.999153	0.0411274	0.0593938	-0.0411274	0.997387	1.01565	-0.702656	34.7169	
0.998143	0.00128497	-0.0609047	0.0012873	0.999109	0.0421764	0.0609047	-0.0421765	0.997252	1.06662	-0.737955	35.5621	
0.998049	0.00134977	-0.0624178	0.00135227	0.999064	0.0432271	0.0624177	-0.0432271	0.997114	1.11888	-0.774144	36.4072	
0.997953	0.00141626	-0.063933	0.00141895	0.999018	0.0442794	0.063933	-0.0442795	0.996971	1.17242	-0.811224	37.2522	
0.997855	0.00148446	-0.0654504	0.00148734	0.998971	0.0453333	0.0654503	-0.0453334	0.996826	1.22724	-0.849196	38.097	
0.997754	0.00155437	-0.0669698	0.00155745	0.998922	0.0463888	0.0669697	-0.0463889	0.996676	1.28335	-0.888062	38.9417	
0.99765	0.00162599	-0.0684912	0.00162929	0.998872	0.0474458	0.0684911	-0.0474459	0.996523	1.34075	-0.927824	39.7863	
0.997545	0.00169934	-0.0700145	0.00170286	0.998822	0.0485043	0.0700145	-0.0485044	0.996366	1.39944	-0.968481	40.6308	
0.997436	0.0017744	-0.0715398	0.00177816	0.998769	0.0495643	0.0715397	-0.0495644	0.996206	1.45943	-1.01004	41.4751	
0.997325	0.0018512	-0.0730669	0.0018552	0.998716	0.0506257	0.0730668	-0.0506258	0.996041	1.5207	-1.05249	42.3193	
0.997212	0.00192973	-0.0745958	0.00193398	0.998661	0.0516884	0.0745957	-0.0516886	0.995873	1.58327	-1.09585	43.1634	
0.997096	0.00201	-0.0761264	0.00201451	0.998606	0.0527525	0.0761263	-0.0527527	0.995702	1.64714	-1.1401	44.0073	
0.996978	0.00209201	-0.0776588	0.0020968	0.998549	0.053818	0.0776586	-0.0538181	0.995526	1.7123	-1.18526	44.851	
0.996857	0.00217577	-0.0791927	0.00218084	0.99849	0.0548847	0.0791926	-0.0548849	0.995347	1.77877	-1.23132	45.6946	
0.996734	0.00226127	-0.0807282	0.00226664	0.998431	0.0559526	0.0807281	-0.0559528	0.995164	1.84653	-1.27829	46.5381	
0.996608	0.00234853	-0.0822653	0.0023542	0.99837	0.0570217	0.0822651	-0.057022	0.994978	1.9156	-1.32616	47.3814	
0.996479	0.00243754	-0.0838038	0.00244353	0.998308	0.058092	0.0838037	-0.0580923	0.994788	1.98597	-1.37494	48.2245	
0.996333	0.00254144	-0.0855211	0.00279805	0.998056	0.0622571	0.085513	-0.0622681	0.994389	2.05771	-1.42594	49.0674	
0.996184	0.00265286	-0.0872423	0.00315983	0.997787	0.0664214	0.0872254	-0.0664436	0.99397	2.13091	-1.48048	49.91	
0.996031	0.00277182	-0.0889674	0.00352887	0.9975	0.070585	0.0889405	-0.0706187	0.99353	2.20556	-1.53856	50.7521	
0.995874	0.00289835	-0.0906959	0.00390519	0.997195	0.0747475	0.0906582	-0.0747933	0.99307	2.28166	-1.60017	51.5939	
0.995715	0.00303246	-0.0924278	0.00428878	0.996873	0.0789089	0.092378	-0.0789671	0.992588	2.35922	-1.66533	52.4353	
0.995552	0.00317417	-0.0941627	0.00467965	0.996533	0.0830689	0.0940999	-0.08314	0.992085	2.43824	-1.73402	53.2763	
0.995385	0.00332348	-0.0959004	0.00507781	0.996175	0.0872275	0.0958235	-0.0873119	0.991562	2.51871	-1.80625	54.1169	
0.995216	0.00348042	-0.0976406	0.00548326	0.995801	0.0913844	0.0975487	-0.0914826	0.991017	2.60065	-1.88201	54.957	
0.995043	0.00364499	-0.0993831	0.005896	0.995408	0.0955396	0.099275	-0.0956519	0.990452	2.68405	-1.9613	55.7966	
0.994866	0.00381718	-0.101128	0.00631603	0.994998	0.0996927	0.101002	-0.0998197	0.989866	2.76892	-2.04413	56.6357	
0.994686	0.00399701	-0.102874	0.00674335	0.994571	0.103844	0.10273	-0.103986	0.989259	2.85525	-2.13049	57.4744	
0.994503	0.00418447	-0.104622	0.00717795	0.994126	0.107993	0.104459	-0.10815	0.988631	2.94304	-2.22038	58.3125	
0.994317	0.00437956	-0.106371	0.00761983	0.993663	0.112139	0.106188	-0.112312	0.987983	3.0323	-2.3138	59.15	
0.994127	0.00458226	-0.108121	0.00806898	0.993183	0.116283	0.107917	-0.116472	0.987314	3.12303	-2.41075	59.987	
0.993934	0.00479257	-0.109872	0.0085254	0.992686	0.120424	0.109645	-0.12063	0.986624	3.21522	-2.51121	60.8235	
0.993738	0.00501047	-0.111623	0.00898908	0.992171	0.124562	0.111373	-0.124786	0.985913	3.30887	-2.61521	61.6593	
0.993538	0.00523594	-0.113375	0.00946	0.991639	0.128697	0.113101	-0.128938	0.985182	3.40399	-2.72272	62.4945	
0.993336	0.00546898	-0.115127	0.00993816	0.991089	0.132829	0.114827	-0.133088	0.98443	3.50057	-2.83375	63.3291	
0.99313	0.00570954	-0.116878	0.0104235	0.990522	0.136958	0.116552	-0.137235	0.983657	3.59861	-2.9483	64.1631	
0.992921	0.00595762	-0.118629	0.0109161	0.989938	0.141083	0.118276	-0.141379	0.982865	3.69812	-3.06636	64.9964	
0.992709	0.00621317	-0.120379	0.0114159	0.989336	0.145205	0.119998	-0.14552	0.982051	3.79909	-3.18793	65.829	
0.992493	0.00647617	-0.122128	0.0119229	0.988717	0.149322	0.121717	-0.149657	0.981217	3.90151	-3.313	66.6609	
0.992275	0.00674658	-0.123876	0.012437	0.98808	0.153436	0.123435	-0.153791	0.980363	4.00539	-3.44159	67.4921	
0.992053	0.00702437	-0.125623	0.0129583	0.987427	0.157545	0.12515	-0.157921	0.979489	4.11072	-3.57367	68.3226	
0.991829	0.00730949	-0.127368	0.0134866	0.986756	0.161651	0.126863	-0.162048	0.978594	4.21751	-3.70925	69.1523	
0.991601	0.0076019	-0.129111	0.0140221	0.986068	0.165752	0.128572	-0.16617	0.977679	4.32575	-3.84833	69.9812	
0.991371	0.00790156	-0.130851	0.0145646	0.985363	0.169848	0.130278	-0.170288	0.976744	4.43543	-3.9909	70.8094	
0.991175	0.00817151	-0.132308	0.0173301	0.981544	0.190449	0.131422	-0.191061	0.97274	4.54633	-4.14403	71.6355	
0.990978	0.00847243	-0.133758	0.0201192	0.977287	0.210961	0.132507	-0.211749	0.9683	4.65817	-4.31472	72.458	
0.990779	0.00880419	-0.135201	0.0229306	0.972594	0.231374	0.133533	-0.232341	0.963424	4.77091	-4.5029	73.2766	
0.990579	0.00916664	-0.136636	0.025763	0.967467	0.25168	0.134498	-0.252829	0.958117	4.88449	-4.70849	74.0908	
0.990377	0.00955961	-0.138064	0.0286151	0.961909	0.271869	0.135404	-0.273204	0.952379	4.99886	-4.9314	74.9004	
0.990174	0.00998294	-0.139482	0.0314858	0.95592	0.291933	0.136248	-0.293456	0.946214	5.11397	-5.17153	75.705	
0.98997	0.0104364	-0.140891	0.0343737	0.949506	0.311861	0.137031	-0.313576	0.939624	5.22977	-5.42876	76.5041	
0.989765	0.0109199	-0.142289	0.0372775	0.942667	0.331646	0.137753	-0.333556	0.932612	5.34621	-5.70298	77.2975	
0.989559	0.0114331	-0.143677	0.0401958	0.935408	0.351278	0.138413	-0.353385	0.925181	5.46324	-5.99408	78.0847	
0.989351	0.0119757	-0.145054	0.0431275	0.927731	0.370749	0.139011	-0.373057	0.917336	5.5808	-6.30191	78.8655	
0.989143	0.0125477	-0.146418	0.0460711	0.919641	0.390049	0.139546	-0.39256	0.909078	5.69884	-6.62634	79.6394	
0.988934	0.0131487	-0.14777	0.0490254	0.91114	0.409171	0.140019	-0.411888	0.900413	5.81731	-6.96723	80.4062	
0.988725	0.0137784	-0.149109	0.0519891	0.902232	0.428105	0.140429	-0.43103	0.891343	5.93615	-7.32442	81.1655	
0.988515	0.0144365	-0.150433	0.0549607	0.892922	0.446844	0.140776	-0.44998	0.881873	6.05531	-7.69775	81.9169	
0.988304	0.0151229	-0.151743	0.057939	0.883214	0.465378	0.14106	-0.468727	0.872008	6.17474	-8.08705	82.6601	
