1	0	0	0	1	0	0	0	1	0	0	0	
0.999999	-3.06163e-06	0.00149788	-3.06163e-06	0.999992	0.00408793	-0.00149788	-0.00408793	0.999991	-0.00057381	-0.00156601	0.766159	
0.999996	-1.2264e-05	0.00299873	-1.22501e-05	0.999967	0.00817468	-0.00299873	-0.00817468	0.999962	-0.00229638	-0.00626359	1.5323	
0.99999	-2.76298e-05	0.00450251	-2.75742e-05	0.999925	0.0122602	-0.00450251	-0.0122602	0.999915	-0.00516996	-0.0140918	2.29842	
0.999982	-4.91814e-05	0.00600921	-4.90424e-05	0.999866	0.0163443	-0.00600921	-0.0163443	0.999848	-0.00919681	-0.0250496	3.06449	
0.999972	-7.69413e-05	0.00751878	-7.66634e-05	0.999791	0.0204271	-0.00751878	-0.0204271	0.999763	-0.0143791	-0.0391361	3.83051	
0.999959	-0.000110932	0.0090312	-0.000110445	0.9997	0.0245083	-0.0090312	-0.0245083	0.999659	-0.0207191	-0.05635	4.59645	
0.999944	-0.000151175	0.0105464	-0.000150396	0.999591	0.0285879	-0.0105464	-0.0285879	0.999536	-0.028219	-0.0766901	5.3623	
0.999927	-0.000197692	0.0120645	-0.000196525	0.999466	0.0326659	-0.0120645	-0.0326659	0.999394	-0.0368808	-0.100155	6.12805	
0.999908	-0.000250505	0.0135852	-0.000248838	0.999325	0.0367422	-0.0135853	-0.0367422	0.999232	-0.0467067	-0.126744	6.89369	
0.999886	-0.000309637	0.0151087	-0.000307345	0.999167	0.0408166	-0.0151088	-0.0408166	0.999052	-0.0576989	-0.156456	7.6592	
0.999862	-0.000375108	0.0166349	-0.000372051	0.998992	0.0448892	-0.016635	-0.0448892	0.998853	-0.0698593	-0.189288	8.42456	
0.999835	-0.000446939	0.0181638	-0.000442966	0.998801	0.0489598	-0.0181639	-0.0489597	0.998636	-0.0831902	-0.22524	9.18976	
0.999806	-0.000525152	0.0196953	-0.000520097	0.998593	0.0530283	-0.0196955	-0.0530282	0.998399	-0.0976934	-0.264309	9.95478	
0.999774	-0.000609769	0.0212294	-0.000603449	0.998369	0.0570947	-0.0212296	-0.0570946	0.998143	-0.113371	-0.306495	10.7196	
0.999741	-0.000700808	0.0227661	-0.000693032	0.998128	0.0611589	-0.0227663	-0.0611588	0.997868	-0.130225	-0.351796	11.4843	
0.999704	-0.000798293	0.0243053	-0.00078885	0.997871	0.0652207	-0.0243056	-0.0652206	0.997575	-0.148257	-0.40021	12.2487	
0.999666	-0.000902242	0.025847	-0.000890912	0.997597	0.0692803	-0.0258474	-0.0692801	0.997262	-0.16747	-0.451734	13.0129	
0.999624	-0.00101268	0.0273912	-0.000999224	0.997307	0.0733373	-0.0273917	-0.0733372	0.996931	-0.187865	-0.506368	13.7768	
0.999581	-0.00112962	0.0289379	-0.00111379	0.997	0.0773919	-0.0289385	-0.0773917	0.996581	-0.209444	-0.56411	14.5405	
0.999534	-0.00125308	0.0304869	-0.00123462	0.996677	0.0814438	-0.0304877	-0.0814436	0.996212	-0.232209	-0.624957	15.3039	
0.999486	-0.0013831	0.0320383	-0.00136172	0.996338	0.0854931	-0.0320392	-0.0854928	0.995824	-0.256162	-0.688907	16.067	
0.999434	-0.00151968	0.0335921	-0.0014951	0.995982	0.0895396	-0.0335932	-0.0895392	0.995417	-0.281305	-0.755958	16.8298	
0.999381	-0.00166284	0.0351482	-0.00163475	0.99561	0.0935833	-0.0351495	-0.0935828	0.994991	-0.307639	-0.826109	17.5923	
0.999324	-0.00181261	0.0367065	-0.0017807	0.995222	0.097624	-0.0367081	-0.0976234	0.994546	-0.335166	-0.899357	18.3544	
0.999266	-0.001969	0.0382672	-0.00193293	0.994817	0.101662	-0.038269	-0.101661	0.994083	-0.363888	-0.975699	19.1162	
0.999204	-0.00213203	0.03983	-0.00209147	0.994396	0.105696	-0.0398321	-0.105696	0.9936	-0.393807	-1.05513	19.8777	
0.99914	-0.00230173	0.041395	-0.0022563	0.993959	0.109728	-0.0413975	-0.109727	0.993099	-0.424925	-1.13766	20.6388	
0.999074	-0.00247811	0.0429621	-0.00242745	0.993506	0.113756	-0.042965	-0.113755	0.992579	-0.457243	-1.22327	21.3994	
0.999004	-0.00266119	0.0445314	-0.0026049	0.993036	0.117781	-0.0445347	-0.11778	0.992041	-0.490762	-1.31197	22.1597	
0.998933	-0.00285098	0.0461027	-0.00278868	0.99255	0.121803	-0.0461065	-0.121801	0.991483	-0.525485	-1.40375	22.9196	
0.998858	-0.00304751	0.0476761	-0.00297878	0.992048	0.125821	-0.0476805	-0.125819	0.990907	-0.561413	-1.4986	23.679	
0.998781	-0.0032508	0.0492515	-0.00317521	0.99153	0.129836	-0.0492564	-0.129834	0.990312	-0.598548	-1.59654	24.4379	
0.998701	-0.00346086	0.0508289	-0.00337796	0.990996	0.133847	-0.0508345	-0.133845	0.989698	-0.636891	-1.69755	25.1964	
0.998619	-0.00367771	0.0524082	-0.00358706	0.990446	0.137854	-0.0524145	-0.137852	0.989065	-0.676444	-1.80163	25.9545	
0.998534	-0.00390137	0.0539894	-0.0038025	0.98988	0.141858	-0.0539965	-0.141855	0.988414	-0.717208	-1.90878	26.712	
0.998446	-0.00413185	0.0555725	-0.00402428	0.989297	0.145857	-0.0555804	-0.145854	0.987744	-0.759185	-2.019	27.469	
0.998356	-0.00436918	0.0571575	-0.00425241	0.988699	0.149853	-0.0571663	-0.14985	0.987055	-0.802376	-2.13228	28.2255	
0.998262	-0.00461336	0.0587442	-0.00448689	0.988085	0.153845	-0.058754	-0.153841	0.986347	-0.846783	-2.24862	28.9815	
0.998166	-0.00486442	0.0603327	-0.00472773	0.987455	0.157833	-0.0603436	-0.157828	0.985621	-0.892407	-2.36801	29.7369	
0.998068	-0.00512238	0.0619229	-0.00497493	0.986808	0.161816	-0.0619349	-0.161811	0.984876	-0.939249	-2.49046	30.4918	
0.997966	-0.00538725	0.0635149	-0.00522849	0.986146	0.165795	-0.0635281	-0.16579	0.984113	-0.987312	-2.61596	31.2461	
0.997862	-0.00565904	0.0651084	-0.00548842	0.985468	0.16977	-0.0651231	-0.169765	0.983331	-1.0366	-2.7445	31.9998	
0.997755	-0.00593778	0.0667037	-0.00575472	0.984775	0.173741	-0.0667197	-0.173735	0.98253	-1.0871	-2.87609	32.7529	
0.997645	-0.00622347	0.0683005	-0.00602739	0.984065	0.177707	-0.0683181	-0.177701	0.98171	-1.13883	-3.01072	33.5053	
0.997533	-0.00651614	0.0698988	-0.00630643	0.98334	0.181669	-0.0699181	-0.181662	0.980872	-1.19179	-3.14838	34.2572	
0.997417	-0.0068158	0.0714987	-0.00659185	0.982598	0.185626	-0.0715197	-0.185618	0.980016	-1.24597	-3.28908	35.0083	
0.997299	-0.00712247	0.0731001	-0.00688365	0.981841	0.189578	-0.0731229	-0.18957	0.979141	-1.30138	-3.43281	35.7589	
0.997178	-0.00743616	0.0747029	-0.00718184	0.981069	0.193526	-0.0747278	-0.193517	0.978247	-1.35802	-3.57956	36.5087	
0.997054	-0.00775689	0.0763071	-0.00748641	0.980281	0.197469	-0.0763341	-0.197459	0.977335	-1.41589	-3.72934	37.2578	
0.996927	-0.00808467	0.0779127	-0.00779736	0.979477	0.201407	-0.0779419	-0.201396	0.976404	-1.47499	-3.88213	38.0063	
0.996798	-0.00841951	0.0795196	-0.00811471	0.978657	0.20534	-0.0795513	-0.205328	0.975455	-1.53532	-4.03794	38.754	
0.996665	-0.00876144	0.0811278	-0.00843844	0.977822	0.209268	-0.081162	-0.209254	0.974487	-1.59689	-4.19676	39.501	
0.99653	-0.00911046	0.0827373	-0.00876857	0.976971	0.21319	-0.0827742	-0.213176	0.973501	-1.65969	-4.35858	40.2472	
0.996157	-0.0100534	0.0870085	-0.00905322	0.976252	0.216451	-0.0871182	-0.216407	0.972409	-1.72477	-4.52315	40.9927	
0.995764	-0.0110117	0.0912802	-0.00935331	0.975519	0.219717	-0.091465	-0.21964	0.971284	-1.79318	-4.69019	41.7373	
0.995352	-0.0119854	0.095552	-0.0096689	0.974773	0.222989	-0.0958141	-0.222876	0.970127	-1.86493	-4.85971	42.481	
0.994921	-0.0129745	0.0998236	-0.0100001	0.974014	0.226265	-0.100165	-0.226114	0.968937	-1.94	-5.03171	43.2238	
0.994469	-0.013979	0.104095	-0.0103469	0.973243	0.229547	-0.104518	-0.229354	0.967715	-2.01841	-5.20619	43.9657	
0.993998	-0.0149988	0.108365	-0.0107094	0.972458	0.232832	-0.108872	-0.232596	0.966461	-2.10016	-5.38316	44.7066	
0.993507	-0.0160341	0.112634	-0.0110877	0.97166	0.236122	-0.113228	-0.235838	0.965174	-2.18524	-5.5626	45.4466	
0.992997	-0.0170847	0.116901	-0.0114817	0.970849	0.239416	-0.117584	-0.239081	0.963854	-2.27366	-5.74454	46.1856	
0.992466	-0.0181508	0.121167	-0.0118916	0.970025	0.242712	-0.121941	-0.242324	0.962502	-2.36542	-5.92895	46.9235	
0.991916	-0.0192321	0.125431	-0.0123174	0.969189	0.246011	-0.126297	-0.245568	0.961117	-2.46051	-6.11586	47.6604	
0.991346	-0.0203289	0.129692	-0.0127591	0.968339	0.249313	-0.130654	-0.24881	0.959699	-2.55895	-6.30524	48.3963	
0.990756	-0.0214409	0.13395	-0.0132167	0.967476	0.252617	-0.13501	-0.252052	0.958249	-2.66072	-6.49712	49.131	
0.990146	-0.0225682	0.138205	-0.0136903	0.9666	0.255922	-0.139365	-0.255293	0.956767	-2.76583	-6.69147	49.8646	
0.989517	-0.0237109	0.142457	-0.0141799	0.965712	0.259229	-0.143719	-0.258532	0.955252	-2.87427	-6.88831	50.5971	
0.988868	-0.0248687	0.146705	-0.0146855	0.96481	0.262537	-0.148072	-0.261769	0.953704	-2.98605	-7.08762	51.3284	
0.988198	-0.0260418	0.15095	-0.0152071	0.963896	0.265845	-0.152423	-0.265003	0.952124	-3.10116	-7.28942	52.0585	
0.987509	-0.0272301	0.15519	-0.0157447	0.962969	0.269154	-0.156772	-0.268235	0.950512	-3.21961	-7.4937	52.7873	
0.9868	-0.0284336	0.159425	-0.0162984	0.962029	0.272462	-0.161118	-0.271464	0.948867	-3.34139	-7.70044	53.5149	
0.986072	-0.0296522	0.163655	-0.0168681	0.961076	0.275769	-0.165462	-0.274689	0.94719	-3.4665	-7.90967	54.2413	
0.985323	-0.0308859	0.167881	-0.0174538	0.96011	0.279076	-0.169804	-0.27791	0.94548	-3.59493	-8.12136	54.9663	
0.984555	-0.0321346	0.172101	-0.0180555	0.959132	0.282381	-0.174142	-0.281127	0.943738	-3.72669	-8.33551	55.6901	
0.983767	-0.0333983	0.176315	-0.0186733	0.958142	0.285684	-0.178476	-0.284339	0.941965	-3.86177	-8.55213	56.4124	
0.982959	-0.034677	0.180523	-0.019307	0.957139	0.288986	-0.182807	-0.287547	0.940159	-4.00017	-8.77121	57.1334	
0.982132	-0.0359706	0.184725	-0.0199566	0.956123	0.292285	-0.187134	-0.290749	0.938321	-4.14189	-8.99275	57.853	
0.981284	-0.0372791	0.188921	-0.0206222	0.955095	0.295581	-0.191456	-0.293945	0.936451	-4.28692	-9.21673	58.5712	
0.980418	-0.0386023	0.193109	-0.0213037	0.954055	0.298873	-0.195774	-0.297135	0.93455	-4.43526	-9.44316	59.288	
0.979531	-0.0399404	0.197291	-0.0220011	0.953002	0.302163	-0.200087	-0.300318	0.932617	-4.58691	-9.67204	60.0033	
0.978625	-0.0412931	0.201465	-0.0227142	0.951938	0.305448	-0.204395	-0.303495	0.930652	-4.74186	-9.90335	60.717	
0.977699	-0.0426604	0.205632	-0.0234432	0.950861	0.308729	-0.208698	-0.306665	0.928656	-4.90011	-10.1371	61.4293	
0.976754	-0.0440423	0.209791	-0.0241878	0.949773	0.312005	-0.212995	-0.309826	0.926629	-5.06165	-10.3733	62.14	
0.975789	-0.0454387	0.213941	-0.0249481	0.948672	0.315276	-0.217286	-0.31298	0.92457	-5.22648	-10.6118	62.8492	
0.974805	-0.0468495	0.218083	-0.0257241	0.94756	0.318542	-0.221571	-0.316126	0.922481	-5.3946	-10.8528	63.5568	
0.973801	-0.0482747	0.222217	-0.0265156	0.946436	0.321802	-0.225849	-0.319263	0.92036	-5.566	-11.0962	64.2627	
0.972778	-0.0497142	0.226342	-0.0273225	0.9453	0.325056	-0.230121	-0.322391	0.918209	-5.74067	-11.3421	64.9671	
0.971736	-0.0511679	0.230457	-0.0281449	0.944153	0.328303	-0.234385	-0.32551	0.916028	-5.91862	-11.5903	65.6697	
0.970675	-0.0526357	0.234563	-0.0289825	0.942995	0.331543	-0.238643	-0.328619	0.913816	-6.09983	-11.8408	66.3707	
0.969594	-0.0541176	0.238659	-0.0298355	0.941825	0.334777	-0.242893	-0.331718	0.911574	-6.28429	-12.0938	67.07	
0.968494	-0.0556134	0.242746	-0.0307036	0.940644	0.338002	-0.247135	-0.334807	0.909301	-6.47201	-12.3491	67.7675	
0.967376	-0.0571232	0.246822	-0.0315867	0.939453	0.34122	-0.251369	-0.337884	0.906999	-6.66298	-12.6068	68.4633	
0.966238	-0.0586467	0.250888	-0.0324849	0.93825	0.34443	-0.255595	-0.340951	0.904667	-6.85719	-12.8669	69.1573	
0.961235	-0.0650512	0.267948	-0.0316576	0.939309	0.341609	-0.273908	-0.336849	0.900837	-7.06004	-13.1265	69.849	
0.955886	-0.071377	0.284933	-0.0307732	0.940355	0.3388	-0.292121	-0.332623	0.896676	-7.27688	-13.383	70.5376	
0.950195	-0.0776219	0.301836	-0.0298321	0.941388	0.336005	-0.310226	-0.328275	0.892186	-7.50764	-13.6362	71.2229	
0.944162	-0.0837834	0.318651	-0.0288345	0.942406	0.333225	-0.328218	-0.323806	0.887368	-7.75222	-13.886	71.9046	
0.93779	-0.0898593	0.335372	-0.027781	0.943411	0.33046	-0.346089	-0.319219	0.882226	-8.01054	-14.1323	72.5826	
0.931082	-0.0958475	0.351993	-0.0266717	0.944401	0.327712	-0.363833	-0.314515	0.876759	-8.28251	-14.3751	73.2564	
