1	0	0	0	1	0	0	0	1	0	0	0	
1	-9.2766e-07	-0.000420186	-9.2766e-07	0.99999	-0.00441545	0.000420186	0.00441545	0.99999	0.000170621	0.00179294	0.812119	
1	-3.72999e-06	-0.000843271	-3.71738e-06	0.999961	-0.00883135	0.000843271	0.00883135	0.999961	0.000683662	0.00717196	1.62422	
0.999999	-8.43283e-06	-0.00126925	-8.38236e-06	0.999912	-0.0132476	0.00126925	0.0132476	0.999911	0.00154147	0.0161374	2.43629	
0.999999	-1.5062e-05	-0.0016981	-1.49358e-05	0.999844	-0.0176641	0.0016981	0.0176641	0.999843	0.0027464	0.0286894	3.24831	
0.999998	-2.36431e-05	-0.00212983	-2.33907e-05	0.999756	-0.0220807	0.00212983	0.0220807	0.999754	0.00430078	0.0448282	4.06027	
0.999997	-3.42021e-05	-0.00256442	-3.37603e-05	0.999649	-0.0264973	0.00256443	0.0264973	0.999646	0.00620693	0.0645538	4.87215	
0.999995	-4.67644e-05	-0.00300186	-4.60574e-05	0.999522	-0.0309139	0.00300187	0.0309139	0.999518	0.00846719	0.0878663	5.68393	
0.999994	-6.13557e-05	-0.00344215	-6.02952e-05	0.999376	-0.0353303	0.00344217	0.0353303	0.99937	0.0110839	0.114765	6.49561	
0.999992	-7.80015e-05	-0.00388527	-7.64863e-05	0.99921	-0.0397465	0.0038853	0.0397465	0.999202	0.0140593	0.145251	7.30715	
0.999991	-9.67273e-05	-0.00433121	-9.46437e-05	0.999024	-0.0441622	0.00433125	0.0441622	0.999015	0.0173957	0.179323	8.11855	
0.999989	-0.000117559	-0.00477996	-0.00011478	0.998819	-0.0485776	0.00478003	0.0485775	0.998808	0.0210954	0.216981	8.92979	
0.999986	-0.000140521	-0.00523151	-0.000136908	0.998595	-0.0529923	0.00523161	0.0529923	0.998581	0.0251608	0.258225	9.74085	
0.999984	-0.000165639	-0.00568586	-0.000161041	0.998351	-0.0574063	0.00568599	0.0574063	0.998335	0.029594	0.303054	10.5517	
0.999981	-0.000192939	-0.00614298	-0.000187191	0.998087	-0.0618196	0.00614316	0.0618196	0.998068	0.0343973	0.351467	11.3624	
0.999978	-0.000222445	-0.00660287	-0.00021537	0.997804	-0.066232	0.00660311	0.066232	0.997782	0.0395731	0.403463	12.1728	
0.999975	-0.000254183	-0.00706552	-0.000245592	0.997502	-0.0706435	0.00706583	0.0706435	0.997477	0.0451235	0.459043	12.983	
0.999972	-0.000288178	-0.00753092	-0.000277868	0.997179	-0.0750538	0.00753131	0.0750538	0.997151	0.0510509	0.518205	13.793	
0.999968	-0.000324454	-0.00799905	-0.000312211	0.996838	-0.079463	0.00799954	0.079463	0.996806	0.0573573	0.580949	14.6026	
0.999964	-0.000363037	-0.0084699	-0.000348633	0.996477	-0.0838709	0.00847051	0.0838708	0.996441	0.0640452	0.647272	15.412	
0.99996	-0.000403952	-0.00894346	-0.000387146	0.996096	-0.0882774	0.00894421	0.0882774	0.996056	0.0711166	0.717175	16.2211	
0.999956	-0.000447224	-0.00941972	-0.000427763	0.995696	-0.0926825	0.00942063	0.0926824	0.995651	0.0785739	0.790656	17.0298	
0.999951	-0.000492876	-0.00989867	-0.000470497	0.995276	-0.0970859	0.00989976	0.0970858	0.995227	0.0864191	0.867713	17.8383	
0.999946	-0.000540934	-0.0103803	-0.000515358	0.994837	-0.101488	0.0103816	0.101488	0.994783	0.0946546	0.948346	18.6463	
0.999941	-0.000591423	-0.0108646	-0.000562358	0.994378	-0.105888	0.0108661	0.105888	0.994319	0.103282	1.03255	19.454	
0.999935	-0.000644366	-0.0113515	-0.000611511	0.9939	-0.110286	0.0113533	0.110286	0.993835	0.112305	1.12033	20.2613	
0.99993	-0.000699789	-0.011841	-0.000662828	0.993402	-0.114682	0.0118432	0.114682	0.993332	0.121724	1.21168	21.0682	
0.999924	-0.000757715	-0.0123332	-0.00071632	0.992885	-0.119076	0.0123357	0.119076	0.992809	0.131542	1.3066	21.8747	
0.999917	-0.00081817	-0.012828	-0.000771999	0.992348	-0.123468	0.0128309	0.123467	0.992266	0.141761	1.40509	22.6808	
0.999911	-0.000881176	-0.0133254	-0.000829877	0.991792	-0.127857	0.0133287	0.127857	0.991703	0.152384	1.50714	23.4864	
0.999904	-0.000946758	-0.0138253	-0.000889966	0.991217	-0.132244	0.0138291	0.132244	0.991121	0.163411	1.61276	24.2916	
0.999897	-0.00101494	-0.0143278	-0.000952278	0.990622	-0.136629	0.0143321	0.136629	0.990519	0.174847	1.72194	25.0962	
0.999889	-0.00108575	-0.0148329	-0.00101682	0.990007	-0.141011	0.0148378	0.141011	0.989897	0.186691	1.83468	25.9004	
0.999882	-0.0011592	-0.0153405	-0.00108361	0.989374	-0.145391	0.015346	0.14539	0.989255	0.198948	1.95097	26.7041	
0.999874	-0.00123533	-0.0158506	-0.00115266	0.988721	-0.149767	0.0158569	0.149767	0.988594	0.211618	2.07083	27.5072	
0.999865	-0.00131415	-0.0163633	-0.00122397	0.988048	-0.154141	0.0163703	0.15414	0.987913	0.224704	2.19423	28.3098	
0.999857	-0.00139569	-0.0168784	-0.00129757	0.987356	-0.158512	0.0168862	0.158511	0.987213	0.238209	2.32119	29.1118	
0.999848	-0.00147998	-0.017396	-0.00137345	0.986645	-0.16288	0.0174047	0.162879	0.986493	0.252133	2.45169	29.9132	
0.999838	-0.00156703	-0.0179161	-0.00145164	0.985914	-0.167244	0.0179258	0.167243	0.985753	0.266479	2.58574	30.7141	
0.999829	-0.00165686	-0.0184386	-0.00153213	0.985165	-0.171605	0.0184493	0.171604	0.984993	0.28125	2.72333	31.5143	
0.999819	-0.00174952	-0.0189635	-0.00161495	0.984395	-0.175963	0.0189754	0.175962	0.984214	0.296446	2.86447	32.3139	
0.999808	-0.001845	-0.0194908	-0.00170011	0.983607	-0.180318	0.019504	0.180316	0.983415	0.312071	3.00914	33.1129	
0.999798	-0.00194335	-0.0200206	-0.00178761	0.982799	-0.184668	0.0200351	0.184667	0.982597	0.328127	3.15734	33.9112	
0.999787	-0.00204457	-0.0205527	-0.00187747	0.981972	-0.189015	0.0205686	0.189014	0.981759	0.344614	3.30908	34.7089	
0.999775	-0.0021487	-0.0210872	-0.00196969	0.981126	-0.193359	0.0211047	0.193357	0.980901	0.361536	3.46434	35.5059	
0.999764	-0.00225576	-0.021624	-0.00206429	0.980261	-0.197698	0.0216432	0.197696	0.980024	0.378895	3.62314	36.3021	
0.999752	-0.00236577	-0.0221632	-0.00216128	0.979376	-0.202034	0.0221841	0.202031	0.979128	0.396691	3.78545	37.0976	
0.999739	-0.00247875	-0.0227047	-0.00226066	0.978472	-0.206365	0.0227274	0.206363	0.978212	0.414928	3.95128	37.8924	
0.999726	-0.00259472	-0.0232485	-0.00236246	0.97755	-0.210692	0.0232732	0.21069	0.977276	0.433607	4.12063	38.6865	
0.999713	-0.00271371	-0.0237945	-0.00246667	0.976608	-0.215015	0.0238214	0.215012	0.976321	0.45273	4.29349	39.4798	
0.9997	-0.00283574	-0.0243428	-0.00257331	0.975646	-0.219334	0.024372	0.219331	0.975346	0.4723	4.46986	40.2723	
0.999686	-0.00296083	-0.0248934	-0.00268239	0.974666	-0.223648	0.024925	0.223645	0.974352	0.492317	4.64974	41.064	
0.999671	-0.003089	-0.0254462	-0.00279392	0.973667	-0.227958	0.0254803	0.227954	0.973338	0.512785	4.83312	41.8548	
0.999657	-0.00322028	-0.0260012	-0.00290791	0.972649	-0.232263	0.026038	0.232259	0.972305	0.533705	5.01999	42.6449	
0.999642	-0.00335468	-0.0265584	-0.00302437	0.971611	-0.236563	0.026598	0.236559	0.971253	0.555078	5.21036	43.4341	
0.999626	-0.00349223	-0.0271178	-0.00314331	0.970555	-0.240859	0.0271604	0.240854	0.970181	0.576907	5.40422	44.2224	
0.999526	-0.00433432	-0.0304832	-0.00324965	0.969662	-0.244428	0.0306178	0.244411	0.969188	0.600369	5.60126	45.0099	
0.999413	-0.00519008	-0.0338503	-0.00336906	0.968753	-0.248004	0.0340797	0.247972	0.968168	0.62664	5.8012	45.7966	
0.999289	-0.00605951	-0.0372188	-0.00350162	0.967829	-0.251585	0.0375459	0.251537	0.967119	0.655724	6.00403	46.5825	
0.999152	-0.00694261	-0.0405884	-0.0036474	0.966889	-0.255172	0.041016	0.255104	0.966043	0.687625	6.20976	47.3675	
0.999003	-0.00783937	-0.0439588	-0.00380646	0.965933	-0.258765	0.0444898	0.258674	0.96494	0.722346	6.41839	48.1516	
0.998841	-0.00874978	-0.0473296	-0.00397888	0.964962	-0.262361	0.0479669	0.262246	0.963808	0.759889	6.62991	48.9347	
0.998667	-0.00967382	-0.0507007	-0.0041647	0.963974	-0.265962	0.051447	0.265819	0.962649	0.800257	6.84434	49.717	
0.998481	-0.0106115	-0.0540716	-0.00436398	0.962972	-0.269567	0.0549299	0.269393	0.961462	0.843453	7.06167	50.4983	
0.998282	-0.0115627	-0.0574421	-0.00457678	0.961954	-0.273175	0.0584153	0.272968	0.960248	0.889478	7.2819	51.2787	
0.998071	-0.0125276	-0.0608119	-0.00480313	0.96092	-0.276785	0.0619028	0.276543	0.959006	0.938334	7.50503	52.058	
0.997847	-0.0135059	-0.0641807	-0.00504308	0.959871	-0.280398	0.0653922	0.280118	0.957736	0.990024	7.73107	52.8363	
0.997611	-0.0144978	-0.0675483	-0.00529666	0.958806	-0.284013	0.0688832	0.283692	0.956438	1.04455	7.96002	53.6136	
0.997362	-0.0155032	-0.0709143	-0.00556391	0.957726	-0.28763	0.0723756	0.287265	0.955113	1.10191	8.19186	54.3898	
0.997101	-0.016522	-0.0742784	-0.00584484	0.95663	-0.291247	0.0758689	0.290837	0.95376	1.1621	8.4266	55.1649	
0.996827	-0.0175543	-0.0776404	-0.00613949	0.955519	-0.294865	0.0793631	0.294406	0.952379	1.22514	8.66425	55.9389	
0.996541	-0.0185999	-0.0810001	-0.00644786	0.954393	-0.298483	0.0828577	0.297973	0.950971	1.29101	8.90479	56.7118	
0.996242	-0.0196589	-0.0843571	-0.00676998	0.953252	-0.302101	0.0863525	0.301537	0.949536	1.35972	9.14823	57.4835	
0.99593	-0.0207311	-0.0877112	-0.00710585	0.952095	-0.305718	0.0898473	0.305098	0.948073	1.43127	9.39456	58.2541	
0.995606	-0.0218166	-0.0910621	-0.00745547	0.950924	-0.309334	0.0933417	0.308654	0.946583	1.50565	9.64378	59.0234	
0.99527	-0.0229153	-0.0944095	-0.00781885	0.949738	-0.312949	0.0968356	0.312207	0.945066	1.58288	9.89589	59.7915	
0.994921	-0.0240271	-0.0977532	-0.00819597	0.948537	-0.316561	0.100329	0.315755	0.943522	1.66294	10.1509	60.5584	
0.994559	-0.0251519	-0.101093	-0.00858683	0.947321	-0.320171	0.10382	0.319297	0.94195	1.74583	10.4087	61.324	
0.994185	-0.0262898	-0.104428	-0.00899141	0.94609	-0.323778	0.107311	0.322834	0.940352	1.83157	10.6695	62.0884	
0.993798	-0.0274406	-0.10776	-0.00940969	0.944845	-0.327382	0.1108	0.326365	0.938727	1.92013	10.9331	62.8514	
0.993399	-0.0286044	-0.111086	-0.00984165	0.943586	-0.330982	0.114287	0.32989	0.937076	2.01153	11.1996	63.6131	
0.992987	-0.0297809	-0.114407	-0.0102873	0.942312	-0.334577	0.117771	0.333408	0.935398	2.10576	11.4689	64.3734	
0.992563	-0.0309702	-0.117723	-0.0107465	0.941024	-0.338168	0.121254	0.336918	0.933693	2.20282	11.7411	65.1324	
0.992127	-0.0321721	-0.121034	-0.0112193	0.939722	-0.341754	0.124733	0.340421	0.931963	2.30271	12.0162	65.89	
0.991678	-0.0333867	-0.124339	-0.0117056	0.938407	-0.345334	0.12821	0.343916	0.930206	2.40542	12.294	66.6461	
0.991217	-0.0346137	-0.127638	-0.0122055	0.937077	-0.348909	0.131683	0.347402	0.928424	2.51095	12.5748	67.4008	
0.990743	-0.0358532	-0.130931	-0.0127187	0.935734	-0.352477	0.135154	0.35088	0.926616	2.6193	12.8583	68.1541	
0.990257	-0.037105	-0.134217	-0.0132454	0.934377	-0.356039	0.13862	0.354347	0.924782	2.73047	13.1447	68.9059	
0.989759	-0.038369	-0.137496	-0.0137853	0.933007	-0.359593	0.142082	0.357806	0.922923	2.84445	13.4339	69.6561	
0.986731	-0.0454537	-0.15587	-0.0131922	0.934395	-0.355993	0.161826	0.353326	0.921397	2.96786	13.7226	70.4051	
0.983311	-0.0524476	-0.17421	-0.0125221	0.935766	-0.3524	0.181503	0.3487	0.919492	3.10728	14.0077	71.1526	
0.979499	-0.0593479	-0.192508	-0.0117753	0.937118	-0.348815	0.201104	0.343931	0.917207	3.26265	14.289	71.8985	
0.975298	-0.0661518	-0.210757	-0.0109522	0.93845	-0.34524	0.220623	0.33902	0.914544	3.4339	14.5663	72.6423	
0.970708	-0.0728564	-0.228949	-0.010053	0.939764	-0.341676	0.240051	0.333969	0.911504	3.62097	14.8396	73.3838	
0.965733	-0.0794591	-0.247077	-0.00907826	0.941058	-0.338125	0.25938	0.328781	0.908089	3.82377	15.1087	74.1227	
0.960373	-0.085957	-0.265133	-0.00802824	0.942331	-0.334587	0.278603	0.323457	0.904299	4.04224	15.3736	74.8586	
0.954631	-0.0923475	-0.283109	-0.00690341	0.943583	-0.331065	0.29771	0.318	0.900136	4.27626	15.634	75.5914	
0.94851	-0.0986279	-0.300999	-0.00570423	0.944813	-0.327561	0.316695	0.312412	0.895602	4.52576	15.89	76.3206	
0.942012	-0.104796	-0.318795	-0.00443119	0.946021	-0.324074	0.335549	0.306694	0.890699	4.79062	16.1414	77.046	
0.93514	-0.110848	-0.33649	-0.00308483	0.947207	-0.320608	0.354264	0.300851	0.88543	5.07073	16.3881	77.7672	
