1	0	0	0	1	0	0	0	1	0	0	0	
0.999996	7.47776e-07	0.00265139	7.47776e-07	1	-0.000564061	-0.00265139	0.000564061	0.999996	-0.00110475	0.000235026	0.833332	
0.999986	2.99875e-06	0.00530937	2.99914e-06	0.999999	-0.00112967	-0.00530937	0.00112967	0.999985	-0.00442174	0.000940747	1.66666	
0.999968	6.76438e-06	0.00797384	6.76595e-06	0.999999	-0.00169681	-0.00797384	0.00169681	0.999967	-0.00995641	0.00211845	2.49997	
0.999943	1.2056e-05	0.0106447	1.20599e-05	0.999997	-0.00226546	-0.0106447	0.00226546	0.999941	-0.0177142	0.0037694	3.33327	
0.999911	1.88848e-05	0.0133219	1.88927e-05	0.999996	-0.00283561	-0.0133219	0.00283561	0.999907	-0.0277003	0.00589484	4.16654	
0.999872	2.72618e-05	0.0160053	2.72757e-05	0.999994	-0.00340723	-0.0160053	0.00340723	0.999866	-0.03992	0.00849603	4.99978	
0.999825	3.7198e-05	0.0186949	3.72202e-05	0.999992	-0.0039803	-0.0186949	0.00398031	0.999817	-0.0543784	0.0115742	5.83298	
0.999771	4.8704e-05	0.0213905	4.87375e-05	0.99999	-0.00455482	-0.0213905	0.00455482	0.999761	-0.0710806	0.0151305	6.66614	
0.99971	6.17906e-05	0.024092	6.18385e-05	0.999987	-0.00513076	-0.024092	0.00513076	0.999697	-0.0900317	0.0191661	7.49925	
0.999641	7.64683e-05	0.0267995	7.65343e-05	0.999984	-0.00570809	-0.0267995	0.00570809	0.999625	-0.111237	0.0236823	8.3323	
0.999564	9.27473e-05	0.0295127	9.28355e-05	0.99998	-0.00628681	-0.0295127	0.00628681	0.999545	-0.1347	0.0286802	9.16528	
0.99948	0.000110638	0.0322315	0.000110753	0.999976	-0.0068669	-0.0322315	0.0068669	0.999457	-0.160427	0.0341609	9.9982	
0.999389	0.00013015	0.034956	0.000130297	0.999972	-0.00744832	-0.034956	0.00744833	0.999361	-0.188422	0.0401256	10.831	
0.99929	0.000151294	0.037686	0.000151478	0.999968	-0.00803108	-0.037686	0.00803108	0.999257	-0.218689	0.0465754	11.6638	
0.999183	0.000174079	0.0404214	0.000174306	0.999963	-0.00861514	-0.0404214	0.00861515	0.999146	-0.251234	0.0535113	12.4965	
0.999068	0.000198515	0.0431621	0.000198791	0.999958	-0.00920049	-0.0431621	0.0092005	0.999026	-0.28606	0.0609345	13.329	
0.998946	0.000224612	0.0459081	0.000224943	0.999952	-0.00978712	-0.0459081	0.00978712	0.998898	-0.323173	0.068846	14.1615	
0.998815	0.000252378	0.0486591	0.000252773	0.999946	-0.010375	-0.0486591	0.010375	0.998762	-0.362576	0.0772469	14.9939	
0.998677	0.000281824	0.0514153	0.000282289	0.99994	-0.0109641	-0.0514153	0.0109641	0.998617	-0.404274	0.0861382	15.8261	
0.998531	0.000312957	0.0541764	0.000313501	0.999933	-0.0115544	-0.0541764	0.0115544	0.998465	-0.44827	0.0955209	16.6582	
0.998377	0.000345787	0.0569423	0.000346418	0.999926	-0.0121459	-0.0569423	0.0121459	0.998304	-0.49457	0.105396	17.4902	
0.998216	0.000380323	0.0597131	0.00038105	0.999919	-0.0127386	-0.0597131	0.0127386	0.998134	-0.543176	0.115765	18.3221	
0.998046	0.000416573	0.0624885	0.000417405	0.999911	-0.0133325	-0.0624885	0.0133325	0.997957	-0.594093	0.126628	19.1538	
0.997868	0.000454546	0.0652685	0.000455493	0.999903	-0.0139274	-0.0652685	0.0139275	0.997771	-0.647326	0.137986	19.9853	
0.997682	0.00049425	0.068053	0.000495323	0.999894	-0.0145235	-0.068053	0.0145236	0.997576	-0.702876	0.149841	20.8167	
0.997487	0.000535692	0.070842	0.000536902	0.999886	-0.0151208	-0.0708419	0.0151208	0.997373	-0.760749	0.162192	21.6479	
0.997285	0.000578882	0.0736352	0.000580239	0.999876	-0.015719	-0.0736352	0.0157191	0.997161	-0.820948	0.175042	22.479	
0.997075	0.000623826	0.0764327	0.000625343	0.999867	-0.0163184	-0.0764327	0.0163184	0.996941	-0.883476	0.188391	23.3099	
0.996856	0.000670533	0.0792343	0.000672222	0.999857	-0.0169188	-0.0792342	0.0169188	0.996712	-0.948338	0.20224	24.1406	
0.996629	0.00071901	0.0820399	0.000720883	0.999846	-0.0175202	-0.0820399	0.0175202	0.996475	-1.01554	0.21659	24.9711	
0.996393	0.000769264	0.0848495	0.000771335	0.999835	-0.0181226	-0.0848495	0.0181227	0.996229	-1.08507	0.231441	25.8014	
0.99615	0.000821303	0.0876629	0.000823585	0.999824	-0.018726	-0.0876629	0.0187261	0.995974	-1.15695	0.246795	26.6314	
0.995898	0.000875134	0.0904802	0.000877641	0.999813	-0.0193303	-0.0904801	0.0193304	0.995711	-1.23118	0.262652	27.4613	
0.995638	0.000930763	0.093301	0.00093351	0.999801	-0.0199356	-0.093301	0.0199358	0.995438	-1.30775	0.279013	28.291	
0.995369	0.000988197	0.0961255	0.000991199	0.999789	-0.0205419	-0.0961255	0.020542	0.995157	-1.38668	0.295878	29.1204	
0.995092	0.00104744	0.0989535	0.00105072	0.999776	-0.021149	-0.0989534	0.0211491	0.994867	-1.46797	0.31325	29.9496	
0.994806	0.00110851	0.101785	0.00111207	0.999763	-0.021757	-0.101785	0.0217572	0.994568	-1.55161	0.331127	30.7785	
0.994512	0.0011714	0.104619	0.00117526	0.999749	-0.0223659	-0.104619	0.0223661	0.994261	-1.63761	0.349512	31.6072	
0.994209	0.00123611	0.107457	0.0012403	0.999735	-0.0229756	-0.107457	0.0229759	0.993944	-1.72597	0.368404	32.4356	
0.993898	0.00130267	0.110298	0.00130719	0.999721	-0.0235862	-0.110298	0.0235865	0.993619	-1.81671	0.387805	33.2637	
0.993578	0.00137107	0.113142	0.00137594	0.999706	-0.0241976	-0.113142	0.0241979	0.993284	-1.90981	0.407716	34.0916	
0.993249	0.00144131	0.115989	0.00144656	0.999691	-0.0248097	-0.115989	0.0248101	0.992941	-2.00528	0.428136	34.9192	
0.992912	0.00151341	0.118839	0.00151906	0.999676	-0.0254227	-0.118839	0.025423	0.992588	-2.10312	0.449066	35.7465	
0.992567	0.00158737	0.121692	0.00159343	0.99966	-0.0260364	-0.121692	0.0260367	0.992226	-2.20334	0.470508	36.5735	
0.992212	0.00166319	0.124547	0.00166968	0.999643	-0.0266508	-0.124547	0.0266512	0.991856	-2.30594	0.492461	37.4002	
0.991849	0.00174088	0.127405	0.00174782	0.999627	-0.0272659	-0.127405	0.0272664	0.991476	-2.41092	0.514927	38.2266	
0.991478	0.00182045	0.130265	0.00182786	0.99961	-0.0278817	-0.130265	0.0278822	0.991087	-2.51829	0.537905	39.0527	
0.991097	0.00190189	0.133128	0.0019098	0.999592	-0.0284982	-0.133128	0.0284988	0.990689	-2.62803	0.561397	39.8784	
0.990708	0.00198521	0.135993	0.00199364	0.999574	-0.0291154	-0.135992	0.029116	0.990282	-2.74017	0.585403	40.7038	
0.99031	0.00207042	0.13886	0.00207939	0.999556	-0.0297332	-0.13886	0.0297338	0.989866	-2.85469	0.609924	41.5289	
0.989903	0.00215753	0.141729	0.00216705	0.999537	-0.0303516	-0.141729	0.0303523	0.98944	-2.9716	0.63496	42.3536	
0.989488	0.00224652	0.1446	0.00225664	0.999518	-0.0309706	-0.1446	0.0309713	0.989005	-3.0909	0.660512	43.1779	
0.989063	0.00233742	0.147473	0.00234814	0.999498	-0.0315901	-0.147473	0.0315909	0.988561	-3.2126	0.686579	44.0019	
0.98863	0.00243022	0.150349	0.00244158	0.999478	-0.0322103	-0.150348	0.0322111	0.988108	-3.33669	0.713163	44.8255	
0.988188	0.00252492	0.153225	0.00253694	0.999458	-0.0328309	-0.153225	0.0328318	0.987646	-3.46318	0.740265	45.6488	
0.987737	0.00262154	0.156104	0.00263424	0.999437	-0.0334521	-0.156104	0.0334531	0.987174	-3.59207	0.767883	46.4716	
0.987277	0.00272006	0.158984	0.00273348	0.999416	-0.0340738	-0.158983	0.0340748	0.986693	-3.72336	0.79602	47.2941	
0.986308	0.00292577	0.164886	0.00283243	0.999395	-0.0346764	-0.164887	0.0346687	0.985703	-3.8583	0.824663	48.1159	
0.985303	0.00313512	0.170784	0.00293537	0.999373	-0.0352807	-0.170788	0.0352635	0.984677	-3.99817	0.853802	48.9369	
0.984263	0.00334814	0.17668	0.0030423	0.999351	-0.0358864	-0.176685	0.0358591	0.983614	-4.14295	0.883436	49.757	
0.983186	0.00356481	0.182571	0.00315323	0.999329	-0.0364935	-0.182578	0.0364556	0.982515	-4.29264	0.913567	50.5762	
0.982074	0.00378515	0.188457	0.00326817	0.999306	-0.0371018	-0.188467	0.0370527	0.98138	-4.44724	0.944196	51.3945	
0.980926	0.00400915	0.194339	0.00338713	0.999283	-0.0377114	-0.194351	0.0376503	0.980209	-4.60675	0.975322	52.2119	
0.979743	0.00423682	0.200216	0.00351011	0.999259	-0.038322	-0.20023	0.0382485	0.979002	-4.77116	1.00695	53.0282	
0.978523	0.00446815	0.206088	0.00363711	0.999235	-0.0389336	-0.206104	0.038847	0.977759	-4.94047	1.03907	53.8435	
0.977268	0.00470315	0.211953	0.00376815	0.999211	-0.0395461	-0.211972	0.0394459	0.976479	-5.11467	1.07169	54.6578	
0.975978	0.00494182	0.217813	0.00390322	0.999186	-0.0401594	-0.217834	0.0400449	0.975164	-5.29375	1.10481	55.471	
0.974652	0.00518415	0.223666	0.00404232	0.99916	-0.0407735	-0.22369	0.0406441	0.973813	-5.47772	1.13843	56.2831	
0.97329	0.00543014	0.229513	0.00418545	0.999134	-0.0413881	-0.229539	0.0412432	0.972425	-5.66657	1.17255	57.094	
0.971894	0.00567979	0.235352	0.00433261	0.999108	-0.0420032	-0.235381	0.0418424	0.971002	-5.86029	1.20717	57.9038	
0.970461	0.00593309	0.241184	0.00448379	0.999081	-0.0426188	-0.241216	0.0424413	0.969543	-6.05887	1.24229	58.7123	
0.968994	0.00619004	0.247009	0.00463899	0.999054	-0.0432347	-0.247043	0.04304	0.968048	-6.26231	1.27791	59.5197	
0.967491	0.00645063	0.252825	0.00479819	0.999027	-0.0438508	-0.252862	0.0436383	0.966518	-6.4706	1.31402	60.3257	
0.965952	0.00671486	0.258632	0.0049614	0.998999	-0.044467	-0.258672	0.0442362	0.964952	-6.68374	1.35064	61.1305	
0.964379	0.00698272	0.264431	0.00512859	0.99897	-0.0450833	-0.264474	0.0448335	0.96335	-6.90172	1.38775	61.934	
0.962771	0.00725419	0.270221	0.00529976	0.998941	-0.0456995	-0.270267	0.0454303	0.961713	-7.12453	1.42536	62.7361	
0.961128	0.00752928	0.276002	0.0054749	0.998912	-0.0463156	-0.27605	0.0460263	0.960041	-7.35216	1.46347	63.5368	
0.95945	0.00780797	0.281772	0.00565399	0.998882	-0.0469314	-0.281824	0.0466215	0.958333	-7.58461	1.50207	64.3361	
0.957737	0.00809025	0.287533	0.00583701	0.998852	-0.0475469	-0.287587	0.0472157	0.95659	-7.82187	1.54117	65.134	
0.955989	0.00837612	0.293283	0.00602395	0.998821	-0.048162	-0.29334	0.047809	0.954812	-8.06392	1.58076	65.9304	
0.954207	0.00866555	0.299022	0.00621478	0.99879	-0.0487765	-0.299083	0.0484012	0.952999	-8.31076	1.62085	66.7254	
0.95239	0.00895853	0.30475	0.00640949	0.998759	-0.0493905	-0.304814	0.0489923	0.951151	-8.56239	1.66143	67.5188	
0.950539	0.00925506	0.310467	0.00660805	0.998727	-0.0500037	-0.310535	0.049582	0.949268	-8.81878	1.70251	68.3106	
0.948654	0.00955512	0.316172	0.00681044	0.998695	-0.0506161	-0.316243	0.0501704	0.947351	-9.07994	1.74407	69.1009	
0.946734	0.00985869	0.321865	0.00701664	0.998662	-0.0512277	-0.321939	0.0507574	0.945399	-9.34585	1.78612	69.8895	
0.944781	0.0101658	0.327546	0.00722662	0.998629	-0.0518382	-0.327624	0.0513428	0.943412	-9.61651	1.82866	70.6765	
0.937751	0.0112332	0.347128	0.00722804	0.998629	-0.0518422	-0.347234	0.0511241	0.936384	-9.89771	1.87136	71.4598	
0.930314	0.0122958	0.366559	0.00722954	0.998629	-0.0518461	-0.366694	0.0508832	0.928949	-10.1952	1.91387	72.2371	
0.922473	0.0133531	0.385831	0.00723112	0.998629	-0.05185	-0.385994	0.0506202	0.921111	-10.5088	1.95616	73.0079	
0.914232	0.0144048	0.404936	0.00723278	0.998628	-0.0518539	-0.405127	0.0503353	0.912874	-10.8385	1.99823	73.7721	
0.905594	0.0154503	0.423865	0.00723453	0.998628	-0.0518577	-0.424084	0.0500285	0.90424	-11.184	2.04005	74.5293	
0.896563	0.0164892	0.44261	0.00723635	0.998628	-0.0518615	-0.442858	0.0497	0.895213	-11.5452	2.0816	75.2791	
0.887143	0.017521	0.461162	0.00723826	0.998628	-0.0518652	-0.461438	0.0493499	0.885799	-11.922	2.12287	76.0212	
0.877338	0.0185453	0.479515	0.00724024	0.998628	-0.0518689	-0.479819	0.0489784	0.875999	-12.3142	2.16385	76.7553	
0.867152	0.0195616	0.49766	0.00724229	0.998627	-0.0518726	-0.497991	0.0485856	0.86582	-12.7217	2.2045	77.4811	
0.856589	0.0205695	0.515588	0.00724443	0.998627	-0.0518762	-0.515948	0.0481718	0.855265	-13.1442	2.24482	78.1982	
0.845655	0.0215686	0.533293	0.00724663	0.998627	-0.0518798	-0.53368	0.047737	0.844338	-13.5815	2.28478	78.9064	
0.834354	0.0225584	0.550767	0.00724892	0.998627	-0.0518833	-0.551181	0.0472815	0.833045	-14.0336	2.32437	79.6054	
0.822691	0.0235385	0.568001	0.00725127	0.998627	-0.0518868	-0.568442	0.0468056	0.821391	-14.5001	2.36358	80.2947	
