1	0	0	0	1	0	0	0	1	0	0	0	
0.999988	7.64706e-06	-0.00488755	7.64706e-06	0.999995	0.00312917	0.00488755	-0.00312917	0.999983	0.00257214	-0.00164677	1.05252	
0.999952	3.05922e-05	-0.00977513	3.0598e-05	0.99998	0.00625957	0.00977513	-0.00625957	0.999933	0.0102886	-0.00658773	2.105	
0.999892	6.88421e-05	-0.0146626	6.88654e-05	0.999956	0.00939106	0.0146626	-0.00939106	0.999848	0.0231493	-0.0148241	3.15742	
0.999809	0.000122403	-0.0195497	0.000122461	0.999922	0.0125235	0.0195497	-0.0125235	0.99973	0.0411539	-0.026357	4.20972	
0.999701	0.00019128	-0.0244363	0.000191397	0.999877	0.0156569	0.0244363	-0.0156569	0.999579	0.0643022	-0.0411873	5.26189	
0.99957	0.000275478	-0.0293222	0.000275682	0.999823	0.018791	0.0293222	-0.018791	0.999393	0.0925933	-0.059316	6.31387	
0.999415	0.000375	-0.0342072	0.000375327	0.99976	0.0219257	0.0342072	-0.0219257	0.999174	0.126027	-0.0807437	7.36565	
0.999236	0.00048985	-0.0390912	0.000490341	0.999686	0.0250609	0.0390912	-0.025061	0.998921	0.164601	-0.105471	8.41718	
0.999032	0.000620031	-0.0439739	0.000620731	0.999602	0.0281966	0.0439739	-0.0281966	0.998635	0.208315	-0.133499	9.46842	
0.998806	0.000765543	-0.0488553	0.000766507	0.999509	0.0313325	0.0488552	-0.0313325	0.998314	0.257168	-0.164827	10.5193	
0.998555	0.000926388	-0.053735	0.000927673	0.999405	0.0344686	0.053735	-0.0344686	0.99796	0.311157	-0.199455	11.5699	
0.99828	0.00110257	-0.0586129	0.00110424	0.999292	0.0376047	0.0586129	-0.0376048	0.997572	0.370282	-0.237385	12.6201	
0.997982	0.00129408	-0.0634889	0.0012962	0.999169	0.0407408	0.0634888	-0.0407409	0.997151	0.43454	-0.278616	13.6698	
0.997659	0.00150092	-0.0683627	0.00150358	0.999036	0.0438767	0.0683626	-0.0438768	0.996695	0.503928	-0.323147	14.7191	
0.997313	0.00172309	-0.0732342	0.00172636	0.998893	0.0470123	0.0732341	-0.0470124	0.996206	0.578446	-0.370979	15.7679	
0.996943	0.00196059	-0.0781032	0.00196456	0.99874	0.0501474	0.0781031	-0.0501476	0.995683	0.658089	-0.42211	16.8162	
0.99655	0.00221341	-0.0829694	0.00221817	0.998577	0.053282	0.0829693	-0.0532822	0.995127	0.742856	-0.476542	17.8639	
0.996132	0.00248155	-0.0878329	0.00248721	0.998404	0.056416	0.0878327	-0.0564162	0.994536	0.832743	-0.534272	18.911	
0.995691	0.00276501	-0.0926932	0.00277166	0.998222	0.0595492	0.092693	-0.0595495	0.993912	0.927747	-0.595301	19.9574	
0.995226	0.00306377	-0.0975504	0.00307153	0.998029	0.0626814	0.0975501	-0.0626818	0.993255	1.02786	-0.659627	21.0032	
0.994737	0.00337784	-0.102404	0.00338682	0.997826	0.0658127	0.102404	-0.0658132	0.992563	1.13309	-0.727249	22.0482	
0.994225	0.0037072	-0.107254	0.00371753	0.997614	0.0689429	0.107254	-0.0689434	0.991838	1.24343	-0.798167	23.0926	
0.993689	0.00405185	-0.112101	0.00406366	0.997391	0.0720718	0.1121	-0.0720725	0.99108	1.35887	-0.872378	24.1361	
0.993129	0.00441178	-0.116943	0.0044252	0.997159	0.0751993	0.116942	-0.0752001	0.990288	1.4794	-0.949882	25.1788	
0.992545	0.00478698	-0.121781	0.00480215	0.996916	0.0783254	0.121781	-0.0783263	0.989462	1.60504	-1.03068	26.2207	
0.991938	0.00517744	-0.126615	0.0051945	0.996664	0.0814499	0.126615	-0.081451	0.988602	1.73576	-1.11476	27.2617	
0.991308	0.00558316	-0.131445	0.00560226	0.996402	0.0845726	0.131444	-0.0845739	0.987709	1.87156	-1.20214	28.3017	
0.990654	0.00600411	-0.13627	0.00602541	0.996129	0.0876935	0.136269	-0.087695	0.986783	2.01245	-1.29279	29.3408	
0.989976	0.00644029	-0.14109	0.00646395	0.995847	0.0908125	0.141088	-0.0908142	0.985823	2.15841	-1.38674	30.379	
0.989275	0.00689168	-0.145904	0.00691788	0.995555	0.0939294	0.145903	-0.0939314	0.984829	2.30945	-1.48396	31.416	
0.98855	0.00735828	-0.150714	0.00738717	0.995253	0.0970442	0.150713	-0.0970463	0.983803	2.46555	-1.58447	32.4521	
0.987802	0.00784006	-0.155519	0.00787184	0.994941	0.100157	0.155517	-0.100159	0.982742	2.6267	-1.68825	33.487	
0.98703	0.00833702	-0.160317	0.00837186	0.994618	0.103267	0.160316	-0.103269	0.981649	2.79292	-1.79531	34.5208	
0.986235	0.00884913	-0.165111	0.00888723	0.994286	0.106374	0.165109	-0.106377	0.980522	2.96417	-1.90564	35.5534	
0.985417	0.00937639	-0.169898	0.00941794	0.993945	0.109479	0.169895	-0.109482	0.979362	3.14048	-2.01924	36.5848	
0.984576	0.00991877	-0.174679	0.00996398	0.993593	0.112581	0.174676	-0.112585	0.978168	3.32181	-2.1361	37.615	
0.983711	0.0104763	-0.179454	0.0105253	0.993231	0.11568	0.179451	-0.115685	0.976941	3.50818	-2.25623	38.6439	
0.982823	0.0110488	-0.184222	0.011102	0.992859	0.118776	0.184219	-0.118781	0.975682	3.69956	-2.37962	39.6715	
0.981911	0.0116365	-0.188984	0.0116939	0.992477	0.121869	0.18898	-0.121875	0.974389	3.89596	-2.50627	40.6977	
0.980977	0.0122392	-0.193739	0.0123011	0.992086	0.124959	0.193735	-0.124965	0.973062	4.09737	-2.63617	41.7226	
0.980019	0.0128569	-0.198487	0.0129236	0.991684	0.128046	0.198483	-0.128052	0.971703	4.30378	-2.76933	42.7461	
0.979039	0.0134897	-0.203228	0.0135613	0.991273	0.131129	0.203223	-0.131136	0.970311	4.51519	-2.90573	43.7681	
0.978035	0.0141374	-0.207962	0.0142143	0.990851	0.134208	0.207956	-0.134216	0.968886	4.73157	-3.04537	44.7886	
0.977008	0.0148001	-0.212688	0.0148824	0.99042	0.137284	0.212682	-0.137293	0.967428	4.95294	-3.18826	45.8076	
0.975959	0.0154777	-0.217406	0.0155658	0.989979	0.140356	0.2174	-0.140365	0.965937	5.17928	-3.33438	46.8251	
0.974886	0.0161703	-0.222117	0.0162643	0.989528	0.143424	0.22211	-0.143434	0.964414	5.41058	-3.48373	47.841	
0.973791	0.0168777	-0.226819	0.016978	0.989067	0.146487	0.226812	-0.146499	0.962857	5.64683	-3.63632	48.8552	
0.972672	0.0176001	-0.231514	0.0177068	0.988596	0.149547	0.231506	-0.14956	0.961268	5.88802	-3.79212	49.8678	
0.971531	0.0183372	-0.2362	0.0184507	0.988115	0.152603	0.236191	-0.152616	0.959647	6.13416	-3.95115	50.8787	
0.970368	0.0190892	-0.240878	0.0192097	0.987625	0.155654	0.240868	-0.155669	0.957993	6.38522	-4.11338	51.8879	
0.969181	0.019856	-0.245547	0.0199838	0.987125	0.1587	0.245536	-0.158716	0.956306	6.64119	-4.27883	52.8953	
0.967972	0.0206376	-0.250207	0.020773	0.986614	0.161742	0.250196	-0.16176	0.954587	6.90208	-4.44749	53.901	
0.966741	0.0214338	-0.254858	0.0215772	0.986094	0.164779	0.254846	-0.164798	0.952835	7.16786	-4.61934	54.9048	
0.965487	0.0222448	-0.2595	0.0223964	0.985565	0.167812	0.259487	-0.167832	0.951052	7.43854	-4.7944	55.9067	
0.96421	0.0230705	-0.264132	0.0232305	0.985025	0.170839	0.264118	-0.170861	0.949236	7.71409	-4.97264	56.9068	
0.962912	0.0239108	-0.268755	0.0240796	0.984476	0.173861	0.26874	-0.173885	0.947387	7.99452	-5.15407	57.9049	
0.96159	0.0247658	-0.273369	0.0249437	0.983917	0.176878	0.273353	-0.176903	0.945507	8.2798	-5.33867	58.9011	
0.960247	0.0256353	-0.277972	0.0258226	0.983348	0.17989	0.277955	-0.179917	0.943595	8.56994	-5.52645	59.8952	
0.958881	0.0265193	-0.282566	0.0267164	0.982769	0.182897	0.282547	-0.182925	0.94165	8.86491	-5.7174	60.8874	
0.957494	0.0274179	-0.287149	0.0276251	0.982181	0.185897	0.287129	-0.185928	0.939674	9.16471	-5.91152	61.8774	
0.956084	0.028331	-0.291722	0.0285486	0.981583	0.188893	0.2917	-0.188925	0.937666	9.46932	-6.10879	62.8654	
0.954652	0.0292585	-0.296284	0.0294869	0.980975	0.191882	0.296261	-0.191917	0.935627	9.77875	-6.30921	63.8513	
0.953198	0.0302005	-0.300836	0.0304399	0.980358	0.194865	0.300812	-0.194903	0.933555	10.093	-6.51278	64.8349	
0.951722	0.0311568	-0.305376	0.0314076	0.97973	0.197843	0.305351	-0.197883	0.931452	10.412	-6.71949	65.8164	
0.950224	0.0321275	-0.309906	0.0323901	0.979094	0.200814	0.309879	-0.200857	0.929318	10.7357	-6.92934	66.7957	
0.947576	0.033828	-0.317734	0.0329236	0.978751	0.202392	0.317829	-0.202242	0.926327	11.0661	-7.14147	67.7723	
0.944861	0.03554	-0.325536	0.0334711	0.978406	0.203965	0.325756	-0.203615	0.923268	11.4048	-7.35506	68.7456	
0.94208	0.0372633	-0.333311	0.0340325	0.978058	0.205535	0.333657	-0.204973	0.920141	11.7518	-7.57009	69.7158	
0.933701	0.0421064	-0.35557	0.0305252	0.980085	0.196218	0.356751	-0.194063	0.913821	12.1152	-7.7801	70.681	
0.924764	0.046683	-0.377668	0.0267845	0.982001	0.186969	0.379599	-0.183018	0.906868	12.5027	-7.97855	71.6392	
0.915275	0.05099	-0.399589	0.0228131	0.983803	0.177793	0.402183	-0.171846	0.899287	12.9141	-8.16531	72.5897	
0.905242	0.0550244	-0.421319	0.0186135	0.985492	0.168698	0.424489	-0.160555	0.891084	13.3492	-8.34025	73.532	
0.89467	0.0587834	-0.442843	0.0141889	0.987065	0.15969	0.446502	-0.149153	0.882264	13.8076	-8.50325	74.4653	
0.883568	0.0622643	-0.464144	0.00954214	0.988522	0.150774	0.468205	-0.137648	0.872833	14.289	-8.65419	75.389	
0.871944	0.0654648	-0.48521	0.00467655	0.989862	0.141957	0.489584	-0.126047	0.862798	14.7931	-8.79297	76.3024	
0.859804	0.0683826	-0.506024	-0.000404538	0.991083	0.133245	0.510624	-0.11436	0.852165	15.3195	-8.9195	77.205	
0.847158	0.0710158	-0.526574	-0.0056976	0.992185	0.124644	0.53131	-0.102593	0.840942	15.8679	-9.03368	78.0961	
0.834014	0.0733624	-0.546844	-0.011199	0.993167	0.11616	0.551629	-0.0907546	0.829138	16.4378	-9.13544	78.975	
0.820382	0.075421	-0.56682	-0.0169048	0.994029	0.107798	0.571566	-0.0788538	0.816759	17.0289	-9.2247	79.8413	
0.806271	0.07719	-0.586489	-0.0228112	0.994769	0.0995657	0.591107	-0.0668984	0.803814	17.6408	-9.30141	80.6942	
0.79169	0.0786682	-0.605837	-0.0289141	0.995388	0.0914675	0.610239	-0.0548967	0.790313	18.2731	-9.36551	81.5331	
0.77665	0.0798547	-0.624851	-0.0352092	0.995885	0.0835093	0.628948	-0.0428569	0.776265	18.9253	-9.41695	82.3576	
0.761161	0.0807485	-0.643517	-0.0416922	0.996259	0.0756964	0.647222	-0.0307875	0.76168	19.5969	-9.45571	83.167	
0.745234	0.0813491	-0.661823	-0.0483586	0.99651	0.0680345	0.665048	-0.0186968	0.746567	20.2875	-9.48176	83.9608	
0.728879	0.081656	-0.679755	-0.0552037	0.996639	0.0605287	0.682413	-0.00659316	0.730937	20.9967	-9.49507	84.7384	
0.712109	0.0816691	-0.697302	-0.0622229	0.996644	0.0531843	0.699306	0.00551507	0.714801	21.7239	-9.49563	85.4993	
0.694935	0.0813883	-0.714452	-0.0694112	0.996527	0.0460064	0.715714	0.0176195	0.698171	22.4686	-9.48346	86.2429	
0.677369	0.0808139	-0.731191	-0.0767638	0.996286	0.0389999	0.731628	0.0297117	0.681057	23.2303	-9.45855	86.9688	
0.659422	0.0799461	-0.74751	-0.0842754	0.995923	0.0321696	0.747034	0.0417833	0.663471	24.0085	-9.42092	87.6764	
0.641108	0.0787857	-0.763396	-0.091941	0.995437	0.0255204	0.761924	0.053826	0.645426	24.8027	-9.3706	88.3653	
0.622438	0.0773334	-0.778839	-0.0997551	0.99483	0.0190568	0.776286	0.0658315	0.626935	25.6123	-9.30763	89.0349	
0.603427	0.0755903	-0.793827	-0.107712	0.9941	0.0127832	0.79011	0.0777914	0.608009	26.4366	-9.23204	89.6849	
0.584087	0.0735574	-0.808352	-0.115807	0.993249	0.0067041	0.803388	0.0896974	0.588662	27.2753	-9.14389	90.3147	
0.564431	0.0712364	-0.822401	-0.124035	0.992278	0.000823613	0.816109	0.101541	0.568908	28.1276	-9.04324	90.9239	
0.544473	0.0686286	-0.835966	-0.132388	0.991186	-0.00485417	0.828265	0.113315	0.548759	28.993	-8.93017	91.5121	
0.524227	0.0657361	-0.849038	-0.140862	0.989975	-0.0103253	0.839848	0.12501	0.528231	29.8709	-8.80474	92.0789	
0.503707	0.0625607	-0.861607	-0.149451	0.988646	-0.015586	0.850849	0.136619	0.507337	30.7607	-8.66704	92.6239	
0.482927	0.0591046	-0.873664	-0.158148	0.9872	-0.0206327	0.861261	0.148133	0.486092	31.6618	-8.51718	93.1468	
0.461901	0.0553703	-0.885201	-0.166949	0.985637	-0.0254618	0.871077	0.159544	0.464511	32.5735	-8.35525	93.6471	
