1	0	0	0	1	0	0	0	1	0	0	0	
0.999987	-3.87543e-06	-0.00518858	-3.87543e-06	0.999999	-0.00149382	0.00518858	0.00149382	0.999985	0.00247375	0.000712207	0.953531	
0.999946	-1.55013e-05	-0.0103773	-1.54991e-05	0.999996	-0.00298724	0.0103773	0.00298724	0.999942	0.00989507	0.00284864	1.90703	
0.999879	-3.48764e-05	-0.015566	-3.48673e-05	0.99999	-0.00448022	0.015566	0.00448022	0.999869	0.022264	0.00640889	2.86048	
0.999785	-6.19989e-05	-0.0207545	-6.19762e-05	0.999982	-0.00597271	0.0207545	0.00597271	0.999767	0.0395805	0.0113925	3.81384	
0.999663	-9.68673e-05	-0.0259427	-9.68218e-05	0.999972	-0.00746467	0.0259427	0.00746467	0.999636	0.0618443	0.017799	4.7671	
0.999515	-0.000139479	-0.0311304	-0.0001394	0.99996	-0.00895606	0.0311304	0.00895605	0.999475	0.089055	0.0256279	5.72021	
0.99934	-0.000189833	-0.0363175	-0.000189705	0.999945	-0.0104468	0.0363175	0.0104468	0.999286	0.121212	0.0348786	6.67316	
0.999138	-0.000247925	-0.0415038	-0.000247734	0.999929	-0.0119369	0.0415038	0.0119369	0.999067	0.158315	0.0455505	7.62591	
0.998909	-0.000313753	-0.0466892	-0.00031348	0.99991	-0.0134263	0.0466892	0.0134263	0.998819	0.200362	0.0576429	8.57844	
0.998654	-0.000387314	-0.0518734	-0.000386939	0.999889	-0.014915	0.0518734	0.0149149	0.998542	0.247354	0.0711551	9.53072	
0.998371	-0.000468605	-0.0570564	-0.000468106	0.999865	-0.0164028	0.0570564	0.0164028	0.998236	0.299288	0.0860864	10.4827	
0.998061	-0.000557623	-0.0622381	-0.000556973	0.99984	-0.0178898	0.0622381	0.0178898	0.997901	0.356164	0.102436	11.4344	
0.997725	-0.000654363	-0.0674181	-0.000653536	0.999812	-0.0193759	0.0674181	0.0193759	0.997537	0.41798	0.120203	12.3858	
0.997361	-0.000758821	-0.0725965	-0.000757787	0.999782	-0.0208611	0.0725965	0.0208611	0.997143	0.484735	0.139387	13.3368	
0.996971	-0.000870994	-0.0777729	-0.000869722	0.99975	-0.0223453	0.077773	0.0223453	0.996721	0.556426	0.159986	14.2874	
0.996553	-0.000990876	-0.0829474	-0.000989332	0.999716	-0.0238286	0.0829474	0.0238285	0.996269	0.633053	0.182001	15.2376	
0.996109	-0.00111846	-0.0881197	-0.00111661	0.999679	-0.0253107	0.0881197	0.0253106	0.995788	0.714612	0.205429	16.1873	
0.995638	-0.00125375	-0.0932897	-0.00125155	0.99964	-0.0267917	0.0932897	0.0267916	0.995278	0.801103	0.230269	17.1366	
0.99514	-0.00139673	-0.0984572	-0.00139415	0.999599	-0.0282716	0.0984572	0.0282715	0.99474	0.892522	0.256522	18.0854	
0.994616	-0.00154741	-0.103622	-0.00154439	0.999556	-0.0297504	0.103622	0.0297502	0.994172	0.988867	0.284185	19.0336	
0.994064	-0.00170576	-0.108784	-0.00170227	0.999511	-0.0312278	0.108784	0.0312277	0.993575	1.09014	0.313257	19.9813	
0.993485	-0.0018718	-0.113943	-0.00186778	0.999463	-0.032704	0.113943	0.0327038	0.992949	1.19633	0.343738	20.9285	
0.99288	-0.00204551	-0.119099	-0.00204091	0.999414	-0.0341789	0.119099	0.0341787	0.992294	1.30743	0.375625	21.875	
0.992248	-0.00222688	-0.124252	-0.00222166	0.999362	-0.0356525	0.124252	0.0356521	0.99161	1.42346	0.408918	22.8208	
0.991589	-0.00241591	-0.129402	-0.00241001	0.999308	-0.0371246	0.129402	0.0371242	0.990897	1.54439	0.443616	23.766	
0.990904	-0.00261259	-0.134547	-0.00260596	0.999252	-0.0385952	0.134548	0.0385948	0.990155	1.67023	0.479716	24.7105	
0.990191	-0.00281692	-0.13969	-0.00280949	0.999193	-0.0400644	0.13969	0.0400639	0.989384	1.80098	0.517218	25.6543	
0.989452	-0.00302889	-0.144828	-0.0030206	0.999133	-0.0415321	0.144828	0.0415315	0.988585	1.93663	0.55612	26.5973	
0.988686	-0.00324848	-0.149962	-0.00323928	0.99907	-0.0429981	0.149962	0.0429974	0.987756	2.07718	0.596421	27.5396	
0.987894	-0.0034757	-0.155092	-0.00346552	0.999005	-0.0444626	0.155093	0.0444618	0.986899	2.22262	0.638119	28.4811	
0.987075	-0.00371054	-0.160218	-0.0036993	0.998938	-0.0459254	0.160218	0.0459245	0.986013	2.37295	0.681212	29.4217	
0.986229	-0.00395298	-0.16534	-0.00394062	0.998869	-0.0473865	0.16534	0.0473854	0.985098	2.52816	0.725699	30.3614	
0.985356	-0.00420301	-0.170456	-0.00418946	0.998798	-0.0488458	0.170457	0.0488446	0.984154	2.68826	0.771579	31.3003	
0.984457	-0.00446064	-0.175568	-0.00444583	0.998724	-0.0503033	0.175569	0.050302	0.983181	2.85323	0.818849	32.2383	
0.983531	-0.00472585	-0.180675	-0.00470969	0.998648	-0.051759	0.180676	0.0517576	0.98218	3.02308	0.867508	33.1753	
0.982579	-0.00499862	-0.185777	-0.00498105	0.998571	-0.0532129	0.185778	0.0532112	0.98115	3.19779	0.917554	34.1114	
0.9816	-0.00527896	-0.190874	-0.00525988	0.998491	-0.0546648	0.190875	0.0546629	0.980091	3.37737	0.968985	35.0464	
0.980595	-0.00556685	-0.195966	-0.00554619	0.998409	-0.0561147	0.195966	0.0561127	0.979004	3.5618	1.0218	35.9805	
0.979563	-0.00586228	-0.201052	-0.00583996	0.998325	-0.0575627	0.201052	0.0575604	0.977888	3.75109	1.07599	36.9134	
0.978505	-0.00616525	-0.206132	-0.00614117	0.998239	-0.0590086	0.206132	0.0590061	0.976743	3.94522	1.13157	37.8453	
0.97742	-0.00647573	-0.211206	-0.00644981	0.99815	-0.0604524	0.211207	0.0604497	0.97557	4.1442	1.18852	38.7761	
0.976309	-0.00679373	-0.216275	-0.00676587	0.99806	-0.0618941	0.216275	0.0618911	0.974369	4.34801	1.24685	39.7058	
0.975171	-0.00711923	-0.221337	-0.00708934	0.997967	-0.0633337	0.221338	0.0633303	0.973139	4.55665	1.30655	40.6343	
0.974008	-0.00745221	-0.226393	-0.0074202	0.997873	-0.064771	0.226394	0.0647673	0.97188	4.77011	1.36763	41.5617	
0.972817	-0.00779268	-0.231442	-0.00775844	0.997776	-0.0662061	0.231444	0.066202	0.970593	4.9884	1.43007	42.4878	
0.971601	-0.00814061	-0.236486	-0.00810405	0.997677	-0.0676388	0.236487	0.0676344	0.969278	5.21149	1.49388	43.4126	
0.970358	-0.00849599	-0.241522	-0.00845702	0.997576	-0.0690693	0.241523	0.0690645	0.967934	5.43939	1.55905	44.3362	
0.969089	-0.00885882	-0.246551	-0.00881732	0.997473	-0.0704973	0.246553	0.0704921	0.966562	5.67209	1.62559	45.2585	
0.967794	-0.00922908	-0.251574	-0.00918495	0.997368	-0.071923	0.251575	0.0719173	0.965162	5.90958	1.69348	46.1795	
0.966473	-0.00960676	-0.256589	-0.00955988	0.997261	-0.0733462	0.256591	0.0733401	0.963734	6.15186	1.76274	47.0992	
0.965126	-0.00999184	-0.261597	-0.00994212	0.997151	-0.0747669	0.261599	0.0747602	0.962277	6.39892	1.83335	48.0174	
0.963752	-0.0103843	-0.266597	-0.0103316	0.99704	-0.076185	0.266599	0.0761779	0.960792	6.65074	1.90531	48.9343	
0.962353	-0.0107842	-0.27159	-0.0107284	0.996927	-0.0776006	0.271592	0.0775929	0.959279	6.90734	1.97862	49.8497	
0.960927	-0.0111914	-0.276575	-0.0111324	0.996811	-0.0790135	0.276577	0.0790052	0.957739	7.16869	2.05328	50.7637	
0.959476	-0.011606	-0.281552	-0.0115437	0.996694	-0.0804238	0.281555	0.0804149	0.95617	7.43479	2.12929	51.6762	
0.957998	-0.0120279	-0.286521	-0.0119622	0.996574	-0.0818314	0.286524	0.0818218	0.954573	7.70563	2.20664	52.5872	
0.956495	-0.0124571	-0.291482	-0.0123879	0.996453	-0.0832362	0.291485	0.0832259	0.952948	7.98121	2.28533	53.4966	
0.954966	-0.0128937	-0.296435	-0.0128208	0.996329	-0.0846383	0.296438	0.0846272	0.951295	8.26151	2.36536	54.4045	
0.953411	-0.0133375	-0.301379	-0.0132608	0.996204	-0.0860375	0.301382	0.0860257	0.949615	8.54653	2.44672	55.3108	
0.951831	-0.0137886	-0.306314	-0.013708	0.996076	-0.0874339	0.306318	0.0874212	0.947907	8.83626	2.52941	56.2155	
0.950224	-0.014247	-0.311241	-0.0141623	0.995946	-0.0888274	0.311244	0.0888138	0.946171	9.1307	2.61344	57.1185	
0.948592	-0.0147127	-0.316158	-0.0146238	0.995815	-0.0902179	0.316162	0.0902034	0.944407	9.42983	2.69879	58.0199	
0.946788	-0.015237	-0.321498	-0.0162007	0.995357	-0.0948834	0.32145	0.0950429	0.942145	9.73382	2.78711	58.9193	
0.944951	-0.0157892	-0.32683	-0.0178032	0.994875	-0.0995363	0.326726	0.0998755	0.939827	10.0429	2.88004	59.8166	
0.943083	-0.0163694	-0.332154	-0.0194312	0.994369	-0.104176	0.331989	0.104701	0.937455	10.3569	2.97757	60.7116	
0.941184	-0.0169775	-0.337469	-0.0210847	0.99384	-0.108803	0.337237	0.109519	0.935028	10.676	3.07971	61.6044	
0.939253	-0.0176134	-0.342775	-0.0227636	0.993287	-0.113415	0.342471	0.114328	0.932546	11	3.18643	62.4948	
0.93729	-0.0182771	-0.34807	-0.0244676	0.99271	-0.118014	0.34769	0.11913	0.930011	11.3291	3.29774	63.3828	
0.935297	-0.0189686	-0.353354	-0.0261968	0.992111	-0.122599	0.352892	0.123923	0.927421	11.6631	3.41362	64.2684	
0.933274	-0.0196877	-0.358626	-0.0279509	0.991487	-0.127168	0.358077	0.128707	0.924779	12.0021	3.53406	65.1514	
0.93122	-0.0204343	-0.363885	-0.0297299	0.990841	-0.131723	0.363244	0.133482	0.922083	12.346	3.65907	66.032	
0.929135	-0.0212084	-0.369131	-0.0315335	0.990171	-0.136263	0.368393	0.138247	0.919334	12.6948	3.78862	66.9099	
0.927021	-0.0220098	-0.374362	-0.0333618	0.989478	-0.140787	0.373522	0.143002	0.916533	13.0485	3.92271	67.7852	
0.924877	-0.0228385	-0.379579	-0.0352145	0.988762	-0.145295	0.378631	0.147747	0.913679	13.4071	4.06133	68.6578	
0.922704	-0.0236943	-0.384779	-0.0370914	0.988022	-0.149787	0.38372	0.152481	0.910774	13.7706	4.20447	69.5276	
0.921414	-0.0242445	-0.387825	-0.0461731	0.98415	-0.171223	0.385829	0.175675	0.90569	14.1375	4.36093	70.3937	
0.920117	-0.0248723	-0.390853	-0.0553019	0.979731	-0.192534	0.387719	0.198769	0.900092	14.5063	4.53946	71.2547	
0.918814	-0.0255773	-0.393861	-0.0644727	0.974768	-0.213706	0.389389	0.22175	0.893982	14.8768	4.73996	72.1101	
0.917506	-0.0263593	-0.396847	-0.0736804	0.969265	-0.234728	0.390837	0.244605	0.887364	15.2488	4.96231	72.9594	
0.916193	-0.0272176	-0.399811	-0.0829196	0.963223	-0.255588	0.392064	0.26732	0.880242	15.6221	5.20639	73.8022	
0.914877	-0.0281518	-0.40275	-0.0921851	0.956648	-0.276274	0.393067	0.289884	0.87262	15.9965	5.47206	74.6379	
0.913558	-0.0291614	-0.405662	-0.101472	0.949541	-0.296774	0.393847	0.312284	0.864502	16.3717	5.75917	75.4661	
0.912236	-0.0302459	-0.408547	-0.110774	0.941908	-0.317077	0.394404	0.334506	0.855892	16.7475	6.06755	76.2864	
0.910913	-0.0314045	-0.411402	-0.120087	0.933753	-0.337171	0.394736	0.356537	0.846797	17.1237	6.39704	77.0982	
0.909589	-0.0326367	-0.414225	-0.129405	0.92508	-0.357045	0.394844	0.378367	0.83722	17.5002	6.74743	77.9012	
0.908265	-0.0339417	-0.417016	-0.138723	0.915895	-0.376686	0.394728	0.399981	0.827167	17.8767	7.11854	78.6947	
0.906942	-0.0353188	-0.419772	-0.148035	0.906202	-0.396085	0.394387	0.421368	0.816644	18.2529	7.51015	79.4785	
0.905621	-0.0367672	-0.422492	-0.157337	0.896007	-0.415231	0.393823	0.442515	0.805658	18.6287	7.92204	80.252	
0.904301	-0.0382861	-0.425174	-0.166623	0.885316	-0.434111	0.393034	0.463411	0.794213	19.0039	8.35398	81.0148	
0.902985	-0.0398747	-0.427818	-0.175888	0.874135	-0.452716	0.392022	0.484044	0.782317	19.3782	8.80572	81.7665	
0.901673	-0.0415319	-0.43042	-0.185126	0.86247	-0.471035	0.390787	0.504401	0.769977	19.7514	9.277	82.5066	
0.900365	-0.043257	-0.432981	-0.194332	0.850328	-0.489058	0.389331	0.524472	0.757199	20.1234	9.76755	83.2347	
0.899062	-0.0450489	-0.435498	-0.203502	0.837716	-0.506774	0.387653	0.544245	0.743991	20.4938	10.2771	83.9505	
0.897765	-0.0469065	-0.43797	-0.212629	0.82464	-0.524173	0.385755	0.563709	0.73036	20.8626	10.8054	84.6534	
0.896475	-0.0488289	-0.440395	-0.221709	0.81111	-0.541245	0.383637	0.582852	0.716314	21.2294	11.352	85.3432	
0.895193	-0.0508149	-0.442773	-0.230736	0.797131	-0.557982	0.381302	0.601665	0.701861	21.5942	11.9168	86.0194	
0.893918	-0.0528634	-0.445102	-0.239705	0.782712	-0.574372	0.37875	0.620135	0.687009	21.9565	12.4993	86.6816	
0.892653	-0.0549733	-0.44738	-0.248612	0.767862	-0.590407	0.375982	0.638253	0.671767	22.3164	13.0993	87.3294	
0.891397	-0.0571433	-0.449606	-0.257451	0.752588	-0.606078	0.373001	0.656008	0.656143	22.6735	13.7164	87.9625	
