1	0	0	0	1	0	0	0	1	0	0	0	
0.999995	3.14497e-06	-0.00327824	3.14497e-06	0.999998	0.00191869	0.00327824	-0.00191869	0.999993	0.00126742	-0.000741798	0.77323	
0.999978	1.25888e-05	-0.00655785	1.25956e-05	0.999993	0.00384029	0.00655785	-0.00384029	0.999971	0.00507022	-0.00296832	1.54645	
0.999952	2.83462e-05	-0.00983877	2.83737e-05	0.999983	0.00576475	0.00983877	-0.00576475	0.999935	0.0114094	-0.00668178	2.31965	
0.999914	5.04317e-05	-0.0131209	5.05005e-05	0.99997	0.00769203	0.0131209	-0.00769203	0.999884	0.020286	-0.0118844	3.09281	
0.999865	7.88595e-05	-0.0164042	7.89973e-05	0.999954	0.00962208	0.0164042	-0.00962208	0.999819	0.0317009	-0.0185783	3.86593	
0.999806	0.000113643	-0.0196885	0.000113885	0.999933	0.0115549	0.0196885	-0.0115549	0.999739	0.045655	-0.0267657	4.63899	
0.999736	0.000154797	-0.0229739	0.000155183	0.999909	0.0134903	0.0229739	-0.0134903	0.999645	0.062149	-0.0364486	5.41199	
0.999655	0.000202334	-0.0262601	0.000202914	0.999881	0.0154285	0.0262601	-0.0154285	0.999536	0.0811837	-0.0476291	6.1849	
0.999563	0.000256266	-0.0295472	0.000257095	0.999849	0.0173692	0.0295472	-0.0173692	0.999412	0.10276	-0.0603092	6.95773	
0.999461	0.000316607	-0.032835	0.000317748	0.999813	0.0193125	0.032835	-0.0193125	0.999274	0.126878	-0.0744909	7.73046	
0.999347	0.000383369	-0.0361235	0.000384891	0.999774	0.0212582	0.0361235	-0.0212583	0.999121	0.153538	-0.0901762	8.50307	
0.999223	0.000456564	-0.0394126	0.000458544	0.999731	0.0232065	0.0394126	-0.0232065	0.998954	0.182742	-0.107367	9.27556	
0.999088	0.000536204	-0.0427022	0.000538725	0.999683	0.0251572	0.0427022	-0.0251572	0.998771	0.214489	-0.126065	10.0479	
0.998942	0.000622299	-0.0459923	0.000625453	0.999632	0.0271102	0.0459922	-0.0271103	0.998574	0.248779	-0.146273	10.8201	
0.998785	0.000714862	-0.0492827	0.000718745	0.999577	0.0290656	0.0492826	-0.0290657	0.998362	0.285614	-0.167991	11.5922	
0.998617	0.000813903	-0.0525734	0.000818621	0.999518	0.0310233	0.0525733	-0.0310234	0.998135	0.324993	-0.191223	12.364	
0.998438	0.000919433	-0.0558643	0.000925097	0.999455	0.0329832	0.0558642	-0.0329834	0.997893	0.366917	-0.215969	13.1357	
0.998248	0.00103146	-0.0591553	0.00103819	0.999389	0.0349454	0.0591552	-0.0349455	0.997637	0.411386	-0.242231	13.9072	
0.998048	0.00115	-0.0624464	0.00115792	0.999318	0.0369096	0.0624462	-0.0369099	0.997366	0.458399	-0.270012	14.6785	
0.997836	0.00127505	-0.0657374	0.0012843	0.999243	0.038876	0.0657373	-0.0388763	0.997079	0.507957	-0.299312	15.4496	
0.997614	0.00140664	-0.0690284	0.00141735	0.999165	0.0408445	0.0690282	-0.0408448	0.996778	0.560059	-0.330134	16.2205	
0.99738	0.00154476	-0.0723191	0.00155708	0.999082	0.0428149	0.0723189	-0.0428154	0.996462	0.614706	-0.362478	16.9911	
0.997136	0.00168942	-0.0756096	0.00170351	0.998995	0.0447874	0.0756093	-0.0447879	0.996131	0.671898	-0.396347	17.7615	
0.996881	0.00184064	-0.0788998	0.00185666	0.998904	0.0467618	0.0788994	-0.0467624	0.995785	0.731633	-0.431742	18.5316	
0.996615	0.00199842	-0.0821895	0.00201654	0.99881	0.048738	0.0821891	-0.0487388	0.995424	0.793913	-0.468664	19.3014	
0.996338	0.00216277	-0.0854788	0.00218317	0.998711	0.0507161	0.0854783	-0.050717	0.995048	0.858736	-0.507115	20.071	
0.99605	0.0023337	-0.0887675	0.00235655	0.998608	0.052696	0.0887669	-0.052697	0.994657	0.926102	-0.547097	20.8402	
0.995751	0.00251121	-0.0920555	0.00253671	0.998501	0.0546776	0.0920548	-0.0546788	0.994252	0.996011	-0.58861	21.6092	
0.995441	0.00269531	-0.0953428	0.00272366	0.99839	0.056661	0.095342	-0.0566623	0.993831	1.06846	-0.631657	22.3778	
0.99512	0.00288602	-0.0986293	0.00291741	0.998275	0.058646	0.0986284	-0.0586475	0.993395	1.14345	-0.676237	23.1461	
0.994788	0.00308332	-0.101915	0.00311798	0.998155	0.0606326	0.101914	-0.0606343	0.992944	1.22099	-0.722354	23.914	
0.994446	0.00328724	-0.1052	0.00332538	0.998032	0.0626207	0.105198	-0.0626227	0.992478	1.30106	-0.770007	24.6816	
0.994092	0.00349777	-0.108483	0.00353962	0.997904	0.0646104	0.108482	-0.0646127	0.991996	1.38367	-0.819198	25.4489	
0.993728	0.00371493	-0.111766	0.00376071	0.997773	0.0666015	0.111764	-0.0666041	0.9915	1.46882	-0.869929	26.2157	
0.993352	0.00393871	-0.115047	0.00398868	0.997637	0.0685941	0.115046	-0.068597	0.990989	1.55651	-0.9222	26.9822	
0.992966	0.00416913	-0.118327	0.00422352	0.997497	0.0705881	0.118325	-0.0705913	0.990462	1.64674	-0.976012	27.7483	
0.992569	0.00440618	-0.121606	0.00446525	0.997352	0.0725833	0.121604	-0.0725869	0.989921	1.7395	-1.03137	28.5139	
0.992161	0.00464987	-0.124884	0.00471389	0.997204	0.0745799	0.124881	-0.0745839	0.989364	1.83479	-1.08827	29.2791	
0.991741	0.00490021	-0.128159	0.00496944	0.997051	0.0765777	0.128157	-0.0765821	0.988793	1.93262	-1.14671	30.0439	
0.991312	0.00515719	-0.131434	0.00523191	0.996894	0.0785767	0.131431	-0.0785816	0.988206	2.03298	-1.2067	30.8083	
0.990871	0.00542083	-0.134707	0.00550133	0.996733	0.0805768	0.134703	-0.0805823	0.987604	2.13587	-1.26823	31.5721	
0.990419	0.00569112	-0.137978	0.00577768	0.996568	0.082578	0.137974	-0.082584	0.986987	2.2413	-1.33132	32.3355	
0.989956	0.00596808	-0.141247	0.00606099	0.996398	0.0845803	0.141243	-0.0845869	0.986355	2.34925	-1.39595	33.0985	
0.989483	0.00625169	-0.144514	0.00635127	0.996224	0.0865836	0.14451	-0.0865908	0.985707	2.45972	-1.46213	33.8609	
0.988999	0.00654196	-0.14778	0.00664852	0.996046	0.0885878	0.147775	-0.0885958	0.985045	2.57272	-1.52986	34.6228	
0.988504	0.0068389	-0.151043	0.00695275	0.995864	0.090593	0.151038	-0.0906016	0.984367	2.68825	-1.59914	35.3842	
0.987998	0.00714251	-0.154304	0.00726398	0.995677	0.092599	0.154299	-0.0926084	0.983675	2.8063	-1.66997	36.1451	
0.987481	0.00745279	-0.157564	0.00758221	0.995486	0.0946058	0.157557	-0.0946161	0.982967	2.92687	-1.74235	36.9055	
0.986953	0.00776974	-0.160821	0.00790745	0.995291	0.0966134	0.160814	-0.0966246	0.982244	3.04996	-1.81629	37.6652	
0.986415	0.00809335	-0.164075	0.0082397	0.995091	0.0986217	0.164068	-0.0986338	0.981506	3.17556	-1.89178	38.4245	
0.985865	0.00842364	-0.167328	0.00857898	0.994887	0.100631	0.16732	-0.100644	0.980752	3.30368	-1.96883	39.1831	
0.985305	0.0087606	-0.170577	0.0089253	0.994678	0.10264	0.170569	-0.102655	0.979984	3.43431	-2.04742	39.9411	
0.984735	0.00910423	-0.173825	0.00927865	0.994466	0.104651	0.173816	-0.104666	0.9792	3.56746	-2.12758	40.6986	
0.984052	0.00952022	-0.177627	0.0101289	0.993948	0.109386	0.177594	-0.109441	0.978	3.70332	-2.21036	41.4553	
0.983353	0.00995557	-0.181432	0.0109975	0.993407	0.114116	0.181372	-0.114212	0.97676	3.8421	-2.29682	42.211	
0.982638	0.0104103	-0.18524	0.0118846	0.992842	0.118841	0.185151	-0.118979	0.975481	3.98381	-2.38698	42.9658	
0.981907	0.0108845	-0.189048	0.01279	0.992255	0.12356	0.188929	-0.123742	0.974163	4.12843	-2.48082	43.7196	
0.981161	0.0113781	-0.192858	0.0137138	0.991644	0.128273	0.192706	-0.128501	0.972806	4.27598	-2.57834	44.4723	
0.980398	0.0118912	-0.196669	0.014656	0.99101	0.13298	0.196482	-0.133255	0.97141	4.42645	-2.67954	45.224	
0.979619	0.0124237	-0.20048	0.0156165	0.990354	0.13768	0.200257	-0.138005	0.969975	4.57983	-2.78441	45.9745	
0.978824	0.0129757	-0.204292	0.0165954	0.989674	0.142373	0.20403	-0.142749	0.968501	4.73614	-2.89296	46.724	
0.978013	0.0135473	-0.208103	0.0175926	0.988971	0.14706	0.2078	-0.147488	0.966988	4.89536	-3.00517	47.4723	
0.977186	0.0141383	-0.211914	0.0186082	0.988245	0.15174	0.211568	-0.152221	0.965436	5.05749	-3.12104	48.2194	
0.976343	0.0147488	-0.215724	0.0196421	0.987497	0.156412	0.215334	-0.156949	0.963846	5.22254	-3.24057	48.9653	
0.975484	0.0153788	-0.219532	0.0206942	0.986725	0.161077	0.219095	-0.161671	0.962216	5.3905	-3.36376	49.7099	
0.974609	0.0160284	-0.223339	0.0217646	0.98593	0.165734	0.222853	-0.166387	0.960548	5.56136	-3.49059	50.4533	
0.973718	0.0166973	-0.227144	0.0228533	0.985113	0.170383	0.226607	-0.171096	0.958841	5.73513	-3.62107	51.1954	
0.972811	0.0173858	-0.230946	0.0239602	0.984273	0.175024	0.230357	-0.175799	0.957095	5.9118	-3.75518	51.9361	
0.971888	0.0180937	-0.234746	0.0250853	0.98341	0.179656	0.234102	-0.180495	0.95531	6.09137	-3.89293	52.6755	
0.97095	0.018821	-0.238542	0.0262286	0.982524	0.18428	0.237842	-0.185184	0.953487	6.27383	-4.03431	53.4135	
0.969995	0.0195677	-0.242335	0.02739	0.981615	0.188896	0.241576	-0.189865	0.951626	6.45918	-4.17931	54.15	
0.969025	0.0203338	-0.246125	0.0285695	0.980684	0.193502	0.245305	-0.19454	0.949726	6.64742	-4.32793	54.8851	
0.968039	0.0211192	-0.249909	0.0297671	0.97973	0.198099	0.249027	-0.199207	0.947788	6.83854	-4.48016	55.6187	
0.967037	0.0219239	-0.25369	0.0309828	0.978753	0.202687	0.252744	-0.203865	0.945812	7.03253	-4.63599	56.3508	
0.96602	0.0227478	-0.257465	0.0322164	0.977754	0.207265	0.256453	-0.208516	0.943797	7.2294	-4.79542	57.0814	
0.964987	0.023591	-0.261236	0.0334681	0.976733	0.211833	0.260155	-0.213159	0.941744	7.42912	-4.95845	57.8104	
0.963938	0.0244533	-0.265	0.0347376	0.975689	0.216391	0.263849	-0.217793	0.939654	7.63171	-5.12507	58.5377	
0.962874	0.0253348	-0.268759	0.0360251	0.974622	0.220939	0.267536	-0.222419	0.937526	7.83716	-5.29526	59.2635	
0.961795	0.0262353	-0.272512	0.0373304	0.973533	0.225477	0.271215	-0.227036	0.93536	8.04545	-5.46903	59.9876	
0.9607	0.0271548	-0.276257	0.0386535	0.972422	0.230004	0.274884	-0.231643	0.933156	8.25658	-5.64636	60.71	
0.95959	0.0280933	-0.279996	0.0399944	0.971288	0.234521	0.278546	-0.236242	0.930915	8.47054	-5.82725	61.4307	
0.958465	0.0290506	-0.283728	0.041353	0.970132	0.239026	0.282197	-0.240831	0.928636	8.68734	-6.0117	62.1496	
0.957324	0.0300268	-0.287452	0.0427293	0.968954	0.24352	0.28584	-0.24541	0.92632	8.90695	-6.19969	62.8668	
0.956169	0.0310217	-0.291168	0.0441231	0.967754	0.248003	0.289472	-0.24998	0.923967	9.12938	-6.39121	63.5821	
0.954999	0.0320352	-0.294875	0.0455346	0.966532	0.252475	0.293094	-0.25454	0.921578	9.35461	-6.58627	64.2956	
0.953813	0.0330674	-0.298574	0.0469635	0.965287	0.256934	0.296706	-0.259089	0.919151	9.58263	-6.78485	65.0073	
0.952613	0.034118	-0.302264	0.0484099	0.964021	0.261382	0.300307	-0.263628	0.916687	9.81345	-6.98694	65.717	
0.951399	0.0351871	-0.305945	0.0498737	0.962732	0.265818	0.303896	-0.268157	0.914187	10.047	-7.19254	66.4249	
0.95017	0.0362745	-0.309616	0.0513548	0.961422	0.270241	0.307475	-0.272675	0.911651	10.2834	-7.40163	67.1308	
0.948926	0.0373801	-0.313277	0.0528532	0.96009	0.274652	0.311041	-0.277182	0.909079	10.5225	-7.61422	67.8347	
0.947668	0.0385039	-0.316928	0.0543688	0.958736	0.27905	0.314595	-0.281678	0.90647	10.7644	-7.83028	68.5366	
0.946395	0.0396458	-0.320568	0.0559016	0.957361	0.283435	0.318136	-0.286162	0.903825	11.009	-8.04982	69.2365	
0.945109	0.0408056	-0.324197	0.0574515	0.955963	0.287808	0.321665	-0.290635	0.901145	11.2564	-8.27282	69.9344	
0.943547	0.0422522	-0.328534	0.0635045	0.950358	0.304609	0.325095	-0.308276	0.894024	11.5065	-8.50437	70.6284	
0.941968	0.0437838	-0.332835	0.0696206	0.944424	0.321273	0.328404	-0.325801	0.886569	11.7591	-8.74952	71.3169	
0.940374	0.0453998	-0.337099	0.0757975	0.938163	0.337795	0.331589	-0.343205	0.878783	12.0143	-9.00818	71.9994	
0.938765	0.0470995	-0.341325	0.0820329	0.931577	0.354168	0.334651	-0.360481	0.870668	12.2719	-9.28025	72.6758	
0.937141	0.0488824	-0.34551	0.0883244	0.924669	0.370387	0.337588	-0.377621	0.862228	12.5318	-9.56562	73.3458	
0.935503	0.0507478	-0.349655	0.0946697	0.917441	0.386444	0.340399	-0.394621	0.853465	12.7939	-9.86419	74.0091	
