1	0	0	0	1	0	0	0	1	0	0	0	
0.999994	-6.5482e-06	-0.00338043	-6.5482e-06	0.999992	-0.00387416	0.00338043	0.00387416	0.999987	0.00154595	0.00177175	0.914642	
0.999977	-2.61954e-05	-0.00676105	-2.61965e-05	0.99997	-0.00774887	0.00676105	0.00774887	0.999947	0.00618389	0.00708724	1.82926	
0.999949	-5.89454e-05	-0.0101418	-5.89499e-05	0.999932	-0.011624	0.0101418	0.011624	0.999881	0.013914	0.0159469	2.74383	
0.999909	-0.000104802	-0.0135225	-0.000104813	0.99988	-0.0154995	0.0135225	0.0154995	0.999788	0.0247362	0.0283512	3.65833	
0.999857	-0.000163767	-0.0169031	-0.00016379	0.999812	-0.0193753	0.0169031	0.0193753	0.999669	0.0386506	0.0443003	4.57273	
0.999794	-0.000235844	-0.0202836	-0.000235884	0.99973	-0.0232511	0.0202836	0.0232511	0.999524	0.055657	0.0637944	5.48701	
0.99972	-0.000321036	-0.0236638	-0.000321098	0.999632	-0.027127	0.0236638	0.027127	0.999352	0.0757552	0.0868335	6.40114	
0.999634	-0.000419342	-0.0270436	-0.000419436	0.999519	-0.0310027	0.0270436	0.0310027	0.999153	0.0989449	0.113418	7.31511	
0.999537	-0.000530766	-0.0304229	-0.0005309	0.999391	-0.0348783	0.0304229	0.0348783	0.998928	0.125226	0.143547	8.22888	
0.999428	-0.000655307	-0.0338016	-0.000655492	0.999249	-0.0387535	0.0338016	0.0387535	0.998677	0.154597	0.17722	9.14243	
0.999308	-0.000792966	-0.0371798	-0.000793213	0.999091	-0.0426283	0.0371797	0.0426283	0.998399	0.187059	0.214438	10.0557	
0.999177	-0.000943744	-0.0405571	-0.000944064	0.998918	-0.0465026	0.0405571	0.0465026	0.998095	0.22261	0.2552	10.9688	
0.999034	-0.00110764	-0.0439336	-0.00110805	0.99873	-0.0503762	0.0439336	0.0503762	0.997764	0.261249	0.299505	11.8815	
0.998879	-0.00128465	-0.0473091	-0.00128516	0.998527	-0.0542491	0.0473091	0.0542491	0.997406	0.302977	0.347352	12.794	
0.998714	-0.00147478	-0.0506837	-0.0014754	0.998308	-0.0581211	0.0506836	0.0581211	0.997022	0.347791	0.398742	13.7061	
0.998536	-0.00167802	-0.054057	-0.00167878	0.998075	-0.0619921	0.054057	0.0619922	0.996612	0.395692	0.453673	14.6178	
0.998348	-0.00189437	-0.0574292	-0.00189528	0.997827	-0.0658621	0.0574292	0.0658621	0.996175	0.446677	0.512144	15.5292	
0.998148	-0.00212383	-0.0608	-0.00212492	0.997564	-0.0697309	0.0608	0.0697309	0.995711	0.500746	0.574154	16.4401	
0.997936	-0.0023664	-0.0641694	-0.00236768	0.997285	-0.0735984	0.0641694	0.0735984	0.995221	0.557898	0.639702	17.3506	
0.997713	-0.00262207	-0.0675373	-0.00262356	0.996992	-0.0774644	0.0675373	0.0774645	0.994705	0.61813	0.708786	18.2606	
0.997479	-0.00289084	-0.0709036	-0.00289256	0.996683	-0.081329	0.0709036	0.0813291	0.994162	0.681442	0.781406	19.1702	
0.997233	-0.0031727	-0.0742682	-0.00317469	0.99636	-0.0851919	0.0742681	0.085192	0.993593	0.747833	0.857561	20.0793	
0.996976	-0.00346765	-0.077631	-0.00346992	0.996021	-0.0890531	0.0776309	0.0890532	0.992997	0.8173	0.937247	20.9878	
0.996708	-0.00377569	-0.0809919	-0.00377827	0.995667	-0.0929125	0.0809918	0.0929126	0.992375	0.889842	1.02046	21.8957	
0.996428	-0.00409681	-0.0843508	-0.00409972	0.995298	-0.0967699	0.0843507	0.0967701	0.991726	0.965457	1.10721	22.8031	
0.996136	-0.004431	-0.0877077	-0.00443428	0.994915	-0.100625	0.0877075	0.100625	0.991051	1.04414	1.19748	23.7099	
0.995834	-0.00477826	-0.0910624	-0.00478193	0.994516	-0.104479	0.0910622	0.104479	0.990349	1.1259	1.29128	24.616	
0.99552	-0.00513858	-0.0944148	-0.00514267	0.994102	-0.108329	0.0944146	0.10833	0.989621	1.21072	1.38861	25.5215	
0.995194	-0.00551195	-0.0977648	-0.0055165	0.993673	-0.112178	0.0977646	0.112178	0.988867	1.29861	1.48945	26.4263	
0.994858	-0.00589837	-0.101112	-0.0059034	0.993229	-0.116024	0.101112	0.116024	0.988086	1.38956	1.59381	27.3304	
0.994509	-0.00629783	-0.104457	-0.00630338	0.99277	-0.119868	0.104457	0.119868	0.987279	1.48357	1.70169	28.2338	
0.99415	-0.00671031	-0.1078	-0.00671642	0.992296	-0.123708	0.1078	0.123709	0.986446	1.58064	1.81308	29.1364	
0.993779	-0.00713582	-0.11114	-0.00714251	0.991807	-0.127546	0.111139	0.127547	0.985586	1.68077	1.92799	30.0383	
0.993397	-0.00757434	-0.114476	-0.00758166	0.991303	-0.131381	0.114476	0.131382	0.9847	1.78395	2.0464	30.9394	
0.993004	-0.00802586	-0.11781	-0.00803384	0.990784	-0.135213	0.11781	0.135214	0.983788	1.89018	2.16832	31.8396	
0.992599	-0.00849037	-0.121141	-0.00849906	0.99025	-0.139042	0.121141	0.139043	0.982849	1.99946	2.29375	32.739	
0.992183	-0.00896787	-0.124469	-0.0089773	0.989701	-0.142868	0.124468	0.142868	0.981884	2.11178	2.42267	33.6375	
0.991756	-0.00945833	-0.127794	-0.00946855	0.989137	-0.14669	0.127793	0.146691	0.980893	2.22715	2.5551	34.5351	
0.991317	-0.00996176	-0.131115	-0.0099728	0.988558	-0.150509	0.131114	0.15051	0.979875	2.34555	2.69101	35.4318	
0.990867	-0.0104781	-0.134433	-0.01049	0.987965	-0.154324	0.134432	0.154325	0.978832	2.46699	2.83042	36.3276	
0.990406	-0.0110074	-0.137748	-0.0110203	0.987356	-0.158136	0.137747	0.158137	0.977762	2.59146	2.97332	37.2224	
0.989934	-0.0115497	-0.141058	-0.0115635	0.986732	-0.161944	0.141057	0.161945	0.976666	2.71897	3.1197	38.1162	
0.98945	-0.0121048	-0.144366	-0.0121196	0.986094	-0.165747	0.144364	0.165749	0.975544	2.8495	3.26956	39.009	
0.988956	-0.0126729	-0.147669	-0.0126887	0.98544	-0.169547	0.147668	0.169549	0.974396	2.98305	3.4229	39.9008	
0.98845	-0.0132538	-0.150969	-0.0132707	0.984772	-0.173343	0.150967	0.173345	0.973222	3.11962	3.57971	40.7915	
0.987933	-0.0138476	-0.154265	-0.0138657	0.984089	-0.177135	0.154263	0.177136	0.972021	3.25921	3.74	41.6811	
0.987404	-0.0144543	-0.157556	-0.0144735	0.983391	-0.180922	0.157554	0.180924	0.970795	3.40182	3.90375	42.5696	
0.986865	-0.0150738	-0.160844	-0.0150943	0.982678	-0.184705	0.160842	0.184707	0.969543	3.54743	4.07096	43.4569	
0.986314	-0.0157061	-0.164127	-0.0157279	0.98195	-0.188484	0.164125	0.188485	0.968265	3.69604	4.24163	44.3431	
0.985752	-0.0163512	-0.167406	-0.0163744	0.981208	-0.192257	0.167404	0.192259	0.96696	3.84766	4.41575	45.2282	
0.98518	-0.0170092	-0.170681	-0.0170338	0.980451	-0.196026	0.170678	0.196028	0.96563	4.00227	4.59332	46.112	
0.984596	-0.0176799	-0.173951	-0.017706	0.979679	-0.199791	0.173948	0.199793	0.964274	4.15988	4.77434	46.9946	
0.984001	-0.0183633	-0.177217	-0.0183909	0.978892	-0.20355	0.177214	0.203552	0.962892	4.32047	4.9588	47.8759	
0.983394	-0.0190596	-0.180478	-0.0190888	0.97809	-0.207304	0.180475	0.207307	0.961485	4.48405	5.1467	48.756	
0.982777	-0.0197685	-0.183734	-0.0197993	0.977274	-0.211053	0.183731	0.211056	0.960051	4.65061	5.33803	49.6347	
0.982149	-0.0204902	-0.186985	-0.0205227	0.976443	-0.214797	0.186982	0.2148	0.958592	4.82015	5.53278	50.5122	
0.98151	-0.0212245	-0.190232	-0.0212588	0.975597	-0.218535	0.190228	0.218539	0.957107	4.99265	5.73096	51.3883	
0.98086	-0.0219715	-0.193473	-0.0220077	0.974737	-0.222268	0.193469	0.222272	0.955597	5.16813	5.93255	52.263	
0.980198	-0.0227312	-0.196709	-0.0227692	0.973862	-0.225996	0.196705	0.225999	0.95406	5.34656	6.13756	53.1363	
0.979526	-0.0235035	-0.19994	-0.0235435	0.972973	-0.229717	0.199936	0.229721	0.952499	5.52796	6.34597	54.0082	
0.978485	-0.0247014	-0.204832	-0.0249144	0.971394	-0.236161	0.204806	0.236183	0.94988	5.71306	6.55904	54.8783	
0.97742	-0.0259328	-0.20971	-0.0263182	0.969773	-0.242586	0.209662	0.242628	0.947192	5.9026	6.77801	55.7458	
0.976329	-0.0271975	-0.214576	-0.0277548	0.968108	-0.248993	0.214505	0.249054	0.944436	6.09659	7.00287	56.6109	
0.975212	-0.0284956	-0.219429	-0.029224	0.966399	-0.25538	0.219333	0.255463	0.941611	6.29499	7.2336	57.4735	
0.974071	-0.0298268	-0.224267	-0.0307259	0.964647	-0.261748	0.224146	0.261852	0.938718	6.49781	7.47018	58.3334	
0.972905	-0.0311912	-0.229092	-0.0322602	0.962852	-0.268096	0.228944	0.268222	0.935757	6.70502	7.7126	59.1906	
0.971714	-0.0325885	-0.233902	-0.033827	0.961014	-0.274423	0.233726	0.274573	0.932728	6.91661	7.96083	60.0451	
0.970498	-0.0340187	-0.238697	-0.035426	0.959133	-0.280729	0.238493	0.280903	0.929631	7.13256	8.21486	60.8968	
0.969257	-0.0354817	-0.243477	-0.0370572	0.957209	-0.287014	0.243242	0.287213	0.926467	7.35287	8.47468	61.7457	
0.967992	-0.0369774	-0.248241	-0.0387204	0.955243	-0.293277	0.247975	0.293502	0.923236	7.57752	8.74025	62.5916	
0.966703	-0.0385056	-0.252989	-0.0404157	0.953234	-0.299518	0.252691	0.29977	0.919938	7.80649	9.01157	63.4345	
0.965389	-0.0400662	-0.25772	-0.0421427	0.951183	-0.305736	0.257389	0.306015	0.916573	8.03976	9.28861	64.2744	
0.96405	-0.0416592	-0.262434	-0.0439015	0.94909	-0.311932	0.262069	0.312239	0.913141	8.27732	9.57136	65.1112	
0.962688	-0.0432843	-0.267131	-0.045692	0.946954	-0.318103	0.26673	0.31844	0.909643	8.51916	9.85978	65.9448	
0.961301	-0.0449414	-0.27181	-0.0475139	0.944777	-0.324251	0.271373	0.324617	0.90608	8.76524	10.1539	66.7752	
0.95989	-0.0466305	-0.276471	-0.0493672	0.942558	-0.330374	0.275996	0.330772	0.90245	9.01557	10.4536	67.6023	
0.958456	-0.0483514	-0.281114	-0.0512517	0.940297	-0.336473	0.2806	0.336902	0.898755	9.27012	10.7589	68.426	
0.956997	-0.0501039	-0.285737	-0.0531674	0.937995	-0.342546	0.285183	0.343008	0.894995	9.52886	11.0699	69.2463	
0.953517	-0.0543202	-0.296402	-0.0588221	0.931144	-0.359875	0.295542	0.360582	0.884667	9.79445	11.3917	70.0603	
0.949914	-0.058746	-0.30694	-0.064677	0.923953	-0.376999	0.305746	0.377968	0.873876	10.0694	11.7294	70.8645	
0.946189	-0.063379	-0.317346	-0.0707291	0.916425	-0.393908	0.31579	0.395157	0.862628	10.3537	12.083	71.6587	
0.942345	-0.0682168	-0.327615	-0.0769752	0.908564	-0.410593	0.325669	0.412139	0.85093	10.6471	12.4522	72.4424	
0.938384	-0.0732569	-0.337741	-0.083412	0.900374	-0.427047	0.335377	0.428905	0.838786	10.9494	12.8369	73.2152	
0.934307	-0.0784965	-0.347719	-0.0900362	0.89186	-0.443259	0.344911	0.445448	0.826204	11.2605	13.2368	73.9766	
0.930117	-0.083933	-0.357543	-0.0968443	0.883027	-0.459222	0.354264	0.461757	0.81319	11.5803	13.6517	74.7264	
0.925817	-0.0895636	-0.367208	-0.103833	0.873878	-0.474928	0.363431	0.477825	0.799751	11.9085	14.0814	75.4641	
0.921407	-0.0953852	-0.376711	-0.110998	0.864418	-0.490368	0.372409	0.493643	0.785893	12.245	14.5257	76.1892	
0.916891	-0.101395	-0.386044	-0.118336	0.854653	-0.505534	0.381192	0.509203	0.771625	12.5897	14.9843	76.9016	
0.912271	-0.107589	-0.395204	-0.125843	0.844588	-0.520418	0.389776	0.524496	0.756953	12.9423	15.4571	77.6006	
0.907549	-0.113966	-0.404186	-0.133515	0.834227	-0.535013	0.398156	0.539516	0.741886	13.3027	15.9437	78.2861	
0.902728	-0.12052	-0.412985	-0.141349	0.823577	-0.549311	0.406328	0.554253	0.72643	13.6706	16.4439	78.9577	
0.897811	-0.127249	-0.421597	-0.14934	0.812642	-0.563303	0.414287	0.568701	0.710595	14.0459	16.9575	79.6149	
0.892799	-0.13415	-0.430016	-0.157483	0.801429	-0.576984	0.42203	0.582851	0.694388	14.4284	17.4841	80.2574	
0.887696	-0.141219	-0.438239	-0.165775	0.789943	-0.590346	0.429552	0.596697	0.677819	14.8178	18.0236	80.885	
0.882504	-0.148451	-0.446262	-0.174212	0.778191	-0.603381	0.43685	0.61023	0.660894	15.2141	18.5756	81.4972	
0.877226	-0.155844	-0.454079	-0.182788	0.766178	-0.616084	0.443919	0.623445	0.643625	15.6169	19.1398	82.0939	
0.871864	-0.163394	-0.461688	-0.1915	0.753911	-0.628447	0.450756	0.636333	0.626019	16.0261	19.7159	82.6745	
0.866422	-0.171095	-0.469083	-0.200342	0.741397	-0.640464	0.457357	0.648889	0.608085	16.4414	20.3037	83.2389	
0.860903	-0.178946	-0.476262	-0.209311	0.728641	-0.652128	0.463719	0.661106	0.589834	16.8626	20.9028	83.7868	
