1	0	0	0	1	0	0	0	1	0	0	0	
0.999993	-5.25089e-06	0.00383243	-5.25089e-06	0.999996	0.00274022	-0.00383243	-0.00274022	0.999989	-0.00194912	-0.00139364	1.01717	
0.999971	-2.10282e-05	0.00766895	-2.1032e-05	0.999985	0.00548435	-0.00766895	-0.00548435	0.999956	-0.00779858	-0.00557655	2.03431	
0.999934	-4.7369e-05	0.0115094	-4.73841e-05	0.999966	0.00823227	-0.0115094	-0.00823227	0.9999	-0.0175524	-0.0125526	3.05141	
0.999882	-8.43094e-05	0.0153536	-8.43472e-05	0.99994	0.0109839	-0.0153536	-0.0109839	0.999822	-0.0312146	-0.0223257	4.06845	
0.999816	-0.000131885	0.0192014	-0.00013196	0.999906	0.013739	-0.0192014	-0.013739	0.999721	-0.0487888	-0.0348995	5.08539	
0.999734	-0.000190128	0.0230526	-0.000190261	0.999864	0.0164976	-0.0230526	-0.0164976	0.999598	-0.0702786	-0.0502774	6.10221	
0.999638	-0.000259074	0.0269071	-0.000259286	0.999814	0.0192595	-0.0269071	-0.0192595	0.999452	-0.0956874	-0.068463	7.1189	
0.999527	-0.000338753	0.0307647	-0.000339072	0.999757	0.0220247	-0.0307647	-0.0220247	0.999284	-0.125018	-0.0894596	8.13544	
0.9994	-0.000429197	0.0346252	-0.000429653	0.999693	0.0247929	-0.0346252	-0.0247929	0.999093	-0.158275	-0.11327	9.15178	
0.999259	-0.000530435	0.0384885	-0.000531063	0.99962	0.0275642	-0.0384885	-0.0275642	0.998879	-0.19546	-0.139899	10.1679	
0.999102	-0.000642497	0.0423544	-0.000643335	0.999539	0.0303383	-0.0423544	-0.0303383	0.998642	-0.236575	-0.169347	11.1838	
0.998931	-0.000765411	0.0462228	-0.000766501	0.999451	0.0331151	-0.0462228	-0.0331151	0.998382	-0.281624	-0.201619	12.1995	
0.998744	-0.000899203	0.0500934	-0.000900592	0.999355	0.0358946	-0.0500934	-0.0358946	0.998099	-0.330609	-0.236716	13.2149	
0.998542	-0.0010439	0.0539662	-0.00104564	0.999251	0.0386766	-0.0539662	-0.0386766	0.997793	-0.383533	-0.274642	14.23	
0.998325	-0.00119952	0.057841	-0.00120167	0.999139	0.041461	-0.0578409	-0.0414611	0.997464	-0.440396	-0.315399	15.2447	
0.998093	-0.0013661	0.0617175	-0.00136871	0.99902	0.0442477	-0.0617175	-0.0442478	0.997112	-0.501202	-0.358989	16.2591	
0.997845	-0.00154366	0.0655957	-0.00154678	0.998892	0.0470366	-0.0655956	-0.0470367	0.996737	-0.565952	-0.405415	17.2732	
0.997582	-0.00173221	0.0694754	-0.00173593	0.998756	0.0498275	-0.0694753	-0.0498277	0.996338	-0.634647	-0.454679	18.2868	
0.997304	-0.00193178	0.0733563	-0.00193616	0.998613	0.0526204	-0.0733562	-0.0526206	0.995917	-0.70729	-0.506783	19.3001	
0.99701	-0.00214239	0.0772385	-0.0021475	0.998461	0.0554151	-0.0772383	-0.0554153	0.995471	-0.78388	-0.561729	20.3129	
0.996701	-0.00236406	0.0811216	-0.00236998	0.998301	0.0582116	-0.0811214	-0.0582118	0.995003	-0.86442	-0.619518	21.3252	
0.996377	-0.00259681	0.0850055	-0.00260362	0.998134	0.0610096	-0.0850053	-0.0610099	0.994511	-0.948909	-0.680153	22.337	
0.996037	-0.00284065	0.0888901	-0.00284844	0.997958	0.0638091	-0.0888898	-0.0638094	0.993995	-1.03735	-0.743634	23.3484	
0.995682	-0.00309559	0.0927752	-0.00310445	0.997774	0.06661	-0.0927749	-0.0666104	0.993457	-1.12974	-0.809964	24.3592	
0.995312	-0.00336166	0.0966606	-0.00337169	0.997582	0.0694121	-0.0966603	-0.0694126	0.992894	-1.22609	-0.879144	25.3694	
0.994926	-0.00363887	0.100546	-0.00365016	0.997382	0.0722153	-0.100546	-0.0722159	0.992308	-1.32638	-0.951174	26.379	
0.994524	-0.00392723	0.104432	-0.00393988	0.997174	0.0750196	-0.104431	-0.0750203	0.991699	-1.43063	-1.02606	27.3881	
0.994107	-0.00422676	0.108317	-0.00424087	0.996958	0.0778248	-0.108317	-0.0778255	0.991065	-1.53883	-1.10379	28.3965	
0.993675	-0.00453745	0.112203	-0.00455315	0.996734	0.0806307	-0.112202	-0.0806316	0.990409	-1.65099	-1.18438	29.4042	
0.993227	-0.00485933	0.116087	-0.00487672	0.996501	0.0834373	-0.116087	-0.0834384	0.989728	-1.76709	-1.26782	30.4113	
0.992764	-0.00519241	0.119971	-0.0052116	0.99626	0.0862445	-0.119971	-0.0862457	0.989024	-1.88715	-1.35412	31.4177	
0.992285	-0.00553669	0.123855	-0.00555781	0.996011	0.0890521	-0.123854	-0.0890535	0.988296	-2.01115	-1.44328	32.4233	
0.991791	-0.00589217	0.127737	-0.00591536	0.995754	0.0918601	-0.127736	-0.0918616	0.987545	-2.13911	-1.53529	33.4282	
0.991281	-0.00625888	0.131619	-0.00628425	0.995489	0.0946682	-0.131617	-0.0946699	0.98677	-2.27101	-1.63016	34.4323	
0.990755	-0.0066368	0.135499	-0.00666449	0.995216	0.0974765	-0.135497	-0.0974784	0.985971	-2.40686	-1.72788	35.4356	
0.990214	-0.00702595	0.139377	-0.0070561	0.994934	0.100285	-0.139376	-0.100287	0.985148	-2.54666	-1.82846	36.4381	
0.989658	-0.00742633	0.143254	-0.00745908	0.994644	0.103093	-0.143253	-0.103095	0.984302	-2.6904	-1.9319	37.4397	
0.989086	-0.00783794	0.14713	-0.00787343	0.994346	0.105901	-0.147128	-0.105903	0.983432	-2.83808	-2.03819	38.4405	
0.988499	-0.00826078	0.151003	-0.00829917	0.994039	0.108708	-0.151001	-0.108711	0.982538	-2.98971	-2.14734	39.4404	
0.987896	-0.00869485	0.154874	-0.0087363	0.993724	0.111515	-0.154872	-0.111518	0.98162	-3.14527	-2.25935	40.4393	
0.987278	-0.00914016	0.158744	-0.00918481	0.993401	0.114321	-0.158741	-0.114325	0.980679	-3.30477	-2.37421	41.4373	
0.986644	-0.00959671	0.16261	-0.00964472	0.99307	0.117127	-0.162608	-0.117131	0.979714	-3.4682	-2.49193	42.4344	
0.985994	-0.0100645	0.166475	-0.010116	0.992731	0.119932	-0.166472	-0.119936	0.978725	-3.63557	-2.61249	43.4304	
0.98533	-0.0105435	0.170336	-0.0105987	0.992383	0.122736	-0.170333	-0.122741	0.977712	-3.80686	-2.73592	44.4254	
0.984649	-0.0110337	0.174195	-0.0110928	0.992027	0.125539	-0.174191	-0.125544	0.976676	-3.98208	-2.86219	45.4194	
0.983954	-0.0115351	0.178051	-0.0115983	0.991662	0.128341	-0.178047	-0.128346	0.975616	-4.16123	-2.99132	46.4123	
0.983243	-0.0120478	0.181904	-0.0121152	0.99129	0.131141	-0.181899	-0.131147	0.974532	-4.34429	-3.12329	47.4041	
0.982516	-0.0125716	0.185753	-0.0126435	0.990909	0.13394	-0.185748	-0.133947	0.973425	-4.53127	-3.25812	48.3948	
0.981774	-0.0131067	0.189599	-0.0131831	0.99052	0.136737	-0.189594	-0.136745	0.972294	-4.72217	-3.39579	49.3844	
0.981017	-0.0136529	0.193441	-0.0137342	0.990122	0.139533	-0.193436	-0.139541	0.971139	-4.91697	-3.5363	50.3728	
0.980244	-0.0142104	0.19728	-0.0142966	0.989716	0.142328	-0.197274	-0.142336	0.969961	-5.11568	-3.67966	51.36	
0.979456	-0.014779	0.201115	-0.0148704	0.989302	0.14512	-0.201108	-0.145129	0.968759	-5.31829	-3.82586	52.346	
0.978653	-0.0153587	0.204945	-0.0154555	0.98888	0.14791	-0.204938	-0.14792	0.967533	-5.5248	-3.9749	53.3308	
0.977834	-0.0159496	0.208772	-0.016052	0.988449	0.150699	-0.208764	-0.150709	0.966284	-5.73521	-4.12678	54.3143	
0.977	-0.0165516	0.212594	-0.0166599	0.988011	0.153485	-0.212585	-0.153496	0.965011	-5.9495	-4.2815	55.2965	
0.976151	-0.0171648	0.216411	-0.017279	0.987563	0.156268	-0.216402	-0.156281	0.963715	-6.16768	-4.43905	56.2775	
0.975287	-0.017789	0.220224	-0.0179095	0.987108	0.15905	-0.220215	-0.159063	0.962395	-6.38973	-4.59943	57.257	
0.974408	-0.0184244	0.224032	-0.0185513	0.986644	0.161829	-0.224022	-0.161843	0.961052	-6.61567	-4.76263	58.2353	
0.973513	-0.0190708	0.227836	-0.0192044	0.986173	0.164605	-0.227824	-0.16462	0.959685	-6.84547	-4.92867	59.2122	
0.972603	-0.0197282	0.231634	-0.0198688	0.985692	0.167378	-0.231622	-0.167395	0.958296	-7.07914	-5.09753	60.1876	
0.971678	-0.0203967	0.235426	-0.0205445	0.985204	0.170149	-0.235413	-0.170167	0.956882	-7.31667	-5.26921	61.1616	
0.970738	-0.0210762	0.239214	-0.0212314	0.984708	0.172917	-0.2392	-0.172936	0.955446	-7.55805	-5.4437	62.1342	
0.969783	-0.0217668	0.242995	-0.0219295	0.984203	0.175681	-0.242981	-0.175702	0.953986	-7.80328	-5.62102	63.1053	
0.968813	-0.0224682	0.246771	-0.0226389	0.98369	0.178443	-0.246756	-0.178464	0.952503	-8.05235	-5.80114	64.075	
0.968664	-0.0225771	0.247345	-0.0237607	0.982869	0.182767	-0.247234	-0.182917	0.951534	-8.30359	-5.98494	65.0433	
0.968515	-0.0226889	0.24792	-0.0248854	0.982028	0.187089	-0.247709	-0.187368	0.950544	-8.55531	-6.17326	66.0107	
0.968365	-0.0228036	0.248494	-0.0260128	0.981166	0.191409	-0.248179	-0.191818	0.949533	-8.80751	-6.36611	66.9771	
0.968215	-0.0229211	0.249069	-0.0271428	0.980283	0.195726	-0.248644	-0.196265	0.948502	-9.06019	-6.56348	67.9424	
0.968064	-0.0230414	0.249643	-0.028275	0.97938	0.200039	-0.249105	-0.200709	0.947451	-9.31334	-6.76538	68.9066	
0.967913	-0.0231644	0.250217	-0.0294095	0.978457	0.204347	-0.24956	-0.205149	0.946379	-9.56695	-6.97179	69.8698	
0.973352	-0.0183515	0.228581	-0.0320818	0.976092	0.214977	-0.227061	-0.216581	0.949492	-9.80937	-7.18629	70.8341	
0.978276	-0.0132791	0.20688	-0.034501	0.9736	0.225638	-0.204415	-0.227874	0.951992	-10.0288	-7.41234	71.8012	
0.982682	-0.00795075	0.18513	-0.0366655	0.970982	0.236324	-0.181637	-0.239019	0.953875	-10.2252	-7.64981	72.7705	
0.986566	-0.00236974	0.163343	-0.0385739	0.968241	0.247027	-0.158741	-0.250009	0.955142	-10.3983	-7.89854	73.7415	
0.989927	0.00346028	0.141535	-0.040225	0.965376	0.257741	-0.135742	-0.260838	0.955792	-10.5481	-8.15836	74.7134	
0.992762	0.00953555	0.119719	-0.0416177	0.962392	0.268459	-0.112656	-0.271498	0.955823	-10.6744	-8.42911	75.6857	
0.995069	0.0158521	0.0979087	-0.0427511	0.959288	0.279174	-0.0894971	-0.281983	0.955236	-10.7772	-8.71062	76.6577	
0.996847	0.0224059	0.0761192	-0.0436245	0.956069	0.289879	-0.0662802	-0.292285	0.954032	-10.8565	-9.0027	77.6288	
0.998094	0.0291927	0.0543644	-0.0442373	0.952734	0.300567	-0.0430204	-0.302399	0.95221	-10.9121	-9.30517	78.5983	
0.998811	0.0362081	0.0326581	-0.0445892	0.949288	0.311231	-0.0197328	-0.312317	0.949773	-10.944	-9.61782	79.5657	
0.998995	0.0434476	0.0110144	-0.0446798	0.945731	0.321864	0.00356753	-0.322032	0.946722	-10.9522	-9.94046	80.5302	
0.998648	0.0509065	-0.0105526	-0.0445092	0.942067	0.332459	0.0268656	-0.33154	0.943059	-10.9367	-10.2729	81.4914	
0.997769	0.0585799	-0.032029	-0.0440774	0.938297	0.34301	0.0501463	-0.340833	0.938785	-10.8975	-10.6149	82.4485	
0.996359	0.0664629	-0.053401	-0.0433847	0.934424	0.35351	0.0733945	-0.349906	0.933905	-10.8347	-10.9662	83.401	
0.994419	0.0745505	-0.0746547	-0.0424316	0.930451	0.363952	0.0965953	-0.358753	0.928421	-10.7482	-11.3266	84.3482	
0.99195	0.0828373	-0.0957764	-0.0412187	0.92638	0.374328	0.119734	-0.367367	0.922337	-10.6382	-11.6959	85.2895	
0.988954	0.091318	-0.116752	-0.0397468	0.922213	0.384634	0.142795	-0.375744	0.915656	-10.5047	-12.0739	86.2244	
0.985433	0.0999871	-0.137569	-0.0380168	0.917954	0.39486	0.165763	-0.383878	0.908383	-10.3478	-12.4602	87.1521	
0.981388	0.108839	-0.158213	-0.0360298	0.913605	0.405003	0.188625	-0.391764	0.900523	-10.1675	-12.8547	88.0721	
0.976823	0.117868	-0.178671	-0.0337872	0.90917	0.415053	0.211364	-0.399397	0.89208	-9.96407	-13.2571	88.9839	
0.971741	0.127069	-0.19893	-0.0312903	0.90465	0.425006	0.233967	-0.406771	0.883061	-9.73757	-13.6672	89.8867	
0.966144	0.136434	-0.218976	-0.0285409	0.900048	0.434854	0.256418	-0.413882	0.873471	-9.48816	-14.0845	90.7801	
0.960037	0.145959	-0.238797	-0.0255406	0.895369	0.444592	0.278704	-0.420726	0.863316	-9.21599	-14.509	91.6635	
0.953424	0.155637	-0.25838	-0.0222914	0.890614	0.454213	0.300809	-0.427298	0.852602	-8.92124	-14.9404	92.5362	
0.946308	0.165462	-0.277712	-0.0187954	0.885787	0.46371	0.32272	-0.433593	0.841337	-8.6041	-15.3782	93.3978	
0.938694	0.175427	-0.296781	-0.0150549	0.880892	0.473079	0.344423	-0.439608	0.829529	-8.26478	-15.8223	94.2476	
0.930587	0.185527	-0.315574	-0.0110723	0.87593	0.482311	0.365902	-0.445339	0.817184	-7.9035	-16.2724	95.0852	
0.921993	0.195754	-0.334079	-0.00685013	0.870906	0.491403	0.387145	-0.450781	0.80431	-7.52049	-16.7282	95.9099	
0.912917	0.206102	-0.352284	-0.00239118	0.865822	0.500347	0.408138	-0.455933	0.790917	-7.116	-17.1894	96.7212	
