1	0	0	0	1	0	0	0	1	0	0	0	
1	3.65562e-11	-9.38311e-06	3.65562e-11	1	7.79192e-06	9.38311e-06	-7.79192e-06	1	4.4238e-06	-3.67362e-06	0.942929	
1	1.71848e-10	-2.03442e-05	1.71843e-10	1	1.68938e-05	2.03442e-05	-1.68938e-05	1	1.84392e-05	-1.53121e-05	1.88586	
1	4.48946e-10	-3.28829e-05	4.48925e-10	1	2.73051e-05	3.28829e-05	-2.73051e-05	1	4.35339e-05	-3.61503e-05	2.82879	
1	9.17094e-10	-4.69986e-05	9.17034e-10	1	3.90252e-05	4.69986e-05	-3.90252e-05	1	8.11953e-05	-6.74226e-05	3.77172	
1	1.6317e-09	-6.26907e-05	1.63156e-09	1	5.20534e-05	6.26907e-05	-5.20534e-05	1	0.00013291	-0.000110363	4.71465	
1	2.65432e-09	-7.99584e-05	2.65405e-09	1	6.63891e-05	7.99584e-05	-6.63891e-05	1	0.000200164	-0.000166204	5.65758	
1	4.05263e-09	-9.8801e-05	4.05216e-09	1	8.20315e-05	9.8801e-05	-8.20315e-05	1	0.000284443	-0.000236179	6.60051	
1	5.90046e-09	-0.000119218	5.89968e-09	1	9.89797e-05	0.000119218	-9.89797e-05	1	0.000387231	-0.00032152	7.54343	
1	8.27771e-09	-0.000141208	8.27648e-09	1	0.000117233	0.000141208	-0.000117233	1	0.000510012	-0.000423456	8.48636	
1	1.12704e-08	-0.00016477	1.12685e-08	1	0.00013679	0.00016477	-0.00013679	1	0.00065427	-0.000543219	9.42929	
1	1.49705e-08	-0.000189903	1.49678e-08	1	0.00015765	0.000189903	-0.00015765	1	0.000821486	-0.000682038	10.3722	
1	1.94762e-08	-0.000216607	1.94724e-08	1	0.000179813	0.000216607	-0.000179813	1	0.00101314	-0.000841139	11.3152	
1	2.48916e-08	-0.000244879	2.48863e-08	1	0.000203276	0.000244879	-0.000203276	1	0.00123071	-0.00102175	12.2581	
1	3.13268e-08	-0.000274719	3.13197e-08	1	0.000228038	0.000274719	-0.000228038	1	0.00147569	-0.0012251	13.201	
1	3.88979e-08	-0.000306125	3.88884e-08	1	0.0002541	0.000306125	-0.0002541	1	0.00174953	-0.00145241	14.1439	
1	4.77269e-08	-0.000339097	4.77145e-08	1	0.000281458	0.000339097	-0.000281458	1	0.00205373	-0.00170491	15.0869	
1	5.79418e-08	-0.000373631	5.79259e-08	1	0.000310112	0.000373631	-0.000310112	1	0.00238976	-0.00198381	16.0298	
1	6.96764e-08	-0.000409728	6.96562e-08	1	0.000340061	0.000409728	-0.000340061	1	0.00275909	-0.00229035	16.9727	
1	8.30704e-08	-0.000447385	8.3045e-08	1	0.000371303	0.000447385	-0.000371303	1	0.00316319	-0.00262573	17.9157	
1	9.82693e-08	-0.000486601	9.82378e-08	1	0.000403836	0.000486601	-0.000403836	1	0.00360353	-0.00299118	18.8586	
1	1.15424e-07	-0.000527374	1.15386e-07	1	0.000437659	0.000527374	-0.000437659	1	0.00408158	-0.00338792	19.8015	
1	1.34693e-07	-0.000569703	1.34646e-07	1	0.00047277	0.000569703	-0.00047277	1	0.00459881	-0.00381715	20.7444	
1	1.56237e-07	-0.000613584	1.5618e-07	1	0.000509168	0.000613584	-0.000509168	1	0.00515669	-0.0042801	21.6874	
1	1.80227e-07	-0.000659017	1.80158e-07	1	0.000546851	0.000659017	-0.000546851	1	0.00575668	-0.00477798	22.6303	
1	2.06834e-07	-0.000706	2.06752e-07	1	0.000585817	0.000706	-0.000585817	1	0.00640024	-0.00531199	23.5732	
1	2.36241e-07	-0.00075453	2.36144e-07	1	0.000626064	0.00075453	-0.000626064	1	0.00708882	-0.00588335	24.5162	
1	2.68631e-07	-0.000804605	2.68516e-07	1	0.000667591	0.000804605	-0.000667591	0.999999	0.0078239	-0.00649326	25.4591	
1	3.04195e-07	-0.000856223	3.04061e-07	1	0.000710394	0.000856223	-0.000710394	0.999999	0.00860692	-0.00714293	26.402	
1	3.4313e-07	-0.000909382	3.42974e-07	1	0.000754473	0.000909382	-0.000754473	0.999999	0.00943934	-0.00783356	27.3449	
1	3.85638e-07	-0.000964079	3.85457e-07	1	0.000799826	0.000964079	-0.000799826	0.999999	0.0103226	-0.00856636	28.2879	
0.999999	4.31926e-07	-0.00102031	4.31717e-07	1	0.000846449	0.00102031	-0.000846449	0.999999	0.0112582	-0.00934252	29.2308	
0.999999	4.82206e-07	-0.00107808	4.81966e-07	1	0.000894342	0.00107808	-0.000894342	0.999999	0.0122475	-0.0101632	30.1737	
0.999999	5.36697e-07	-0.00113738	5.36421e-07	1	0.000943501	0.00113738	-0.000943501	0.999999	0.013292	-0.0110297	31.1167	
0.999999	5.9562e-07	-0.0011982	5.95305e-07	1	0.000993925	0.0011982	-0.000993925	0.999999	0.0143932	-0.0119432	32.0596	
0.999999	6.59205e-07	-0.00126056	6.58847e-07	0.999999	0.00104561	0.00126056	-0.00104561	0.999999	0.0155524	-0.0129047	33.0025	
0.999999	7.27684e-07	-0.00132443	7.27278e-07	0.999999	0.00109856	0.00132443	-0.00109856	0.999999	0.0167711	-0.0139156	33.9454	
0.999999	8.01297e-07	-0.00138983	8.00838e-07	0.999999	0.00115276	0.00138983	-0.00115276	0.999998	0.0180508	-0.014977	34.8884	
0.999999	8.80286e-07	-0.00145674	8.7977e-07	0.999999	0.00120822	0.00145674	-0.00120822	0.999998	0.0193928	-0.0160901	35.8313	
0.999999	9.64901e-07	-0.00152517	9.64321e-07	0.999999	0.00126493	0.00152517	-0.00126493	0.999998	0.0207987	-0.0172561	36.7742	
0.999999	1.05539e-06	-0.0015951	1.05474e-06	0.999999	0.00132288	0.0015951	-0.00132288	0.999998	0.0222698	-0.0184762	37.7172	
0.999999	1.15203e-06	-0.00166655	1.1513e-06	0.999999	0.00138209	0.00166655	-0.00138209	0.999998	0.0238075	-0.0197515	38.6601	
0.999998	1.25506e-06	-0.0017395	1.25425e-06	0.999999	0.00144254	0.0017395	-0.00144254	0.999997	0.0254134	-0.0210832	39.603	
0.999998	1.36475e-06	-0.00181396	1.36386e-06	0.999999	0.00150423	0.00181396	-0.00150423	0.999997	0.0270887	-0.0224725	40.5459	
0.999998	1.48139e-06	-0.00188991	1.4804e-06	0.999999	0.00156716	0.00188991	-0.00156716	0.999997	0.0288349	-0.0239206	41.4889	
0.999998	1.60525e-06	-0.00196735	1.60415e-06	0.999999	0.00163132	0.00196735	-0.00163132	0.999997	0.0306535	-0.0254285	42.4318	
0.999998	1.73661e-06	-0.00204629	1.73539e-06	0.999999	0.00169672	0.00204629	-0.00169672	0.999996	0.0325458	-0.0269976	43.3747	
0.999998	1.87575e-06	-0.00212672	1.87441e-06	0.999998	0.00176335	0.00212672	-0.00176335	0.999996	0.0345132	-0.0286289	44.3176	
0.999998	2.02297e-06	-0.00220863	2.02149e-06	0.999998	0.0018312	0.00220863	-0.0018312	0.999996	0.0365572	-0.0303236	45.2606	
0.999997	2.17857e-06	-0.00229203	2.17694e-06	0.999998	0.00190028	0.00229203	-0.00190028	0.999996	0.0386791	-0.0320829	46.2035	
0.999997	2.34283e-06	-0.0023769	2.34105e-06	0.999998	0.00197058	0.0023769	-0.00197058	0.999995	0.0408803	-0.0339078	47.1464	
0.999997	2.51607e-06	-0.00246325	2.51412e-06	0.999998	0.00204209	0.00246325	-0.00204209	0.999995	0.0431623	-0.0357997	48.0893	
0.999997	2.69859e-06	-0.00255106	2.69646e-06	0.999998	0.00211482	0.00255106	-0.00211482	0.999995	0.0455264	-0.0377595	49.0323	
0.999997	2.89071e-06	-0.00264034	2.88838e-06	0.999998	0.00218876	0.00264034	-0.00218876	0.999994	0.0479739	-0.0397885	49.9752	
0.999996	3.09273e-06	-0.00273109	3.0902e-06	0.999997	0.0022639	0.00273109	-0.0022639	0.999994	0.0505064	-0.0418878	50.9181	
0.999996	3.30499e-06	-0.00282329	3.30224e-06	0.999997	0.00234025	0.00282329	-0.00234025	0.999993	0.0531251	-0.0440585	51.861	
0.999996	3.52781e-06	-0.00291695	3.52482e-06	0.999997	0.0024178	0.00291695	-0.0024178	0.999993	0.0558314	-0.0463017	52.804	
0.999995	3.7615e-06	-0.00301205	3.75826e-06	0.999997	0.00249655	0.00301205	-0.00249655	0.999992	0.0586267	-0.0486187	53.7469	
0.999995	4.00641e-06	-0.00310861	4.00291e-06	0.999997	0.00257649	0.00310861	-0.00257649	0.999992	0.0615124	-0.0510104	54.6898	
0.999995	4.26287e-06	-0.0032066	4.25908e-06	0.999996	0.00265762	0.0032066	-0.00265762	0.999991	0.0644898	-0.0534781	55.6327	
0.999995	4.53122e-06	-0.00330603	4.52712e-06	0.999996	0.00273993	0.00330603	-0.00273993	0.999991	0.0675602	-0.0560229	56.5756	
0.999994	4.8118e-06	-0.0034069	4.80738e-06	0.999996	0.00282343	0.0034069	-0.00282343	0.99999	0.0707251	-0.0586458	57.5186	
0.999993	6.35459e-06	-0.00374264	1.74741e-05	0.99998	0.00636675	0.0037426	-0.00636677	0.999973	0.0740959	-0.0629787	58.4615	
0.999992	9.09865e-06	-0.00407978	3.13368e-05	0.999951	0.00991102	0.00407967	-0.00991106	0.999943	0.0777838	-0.0706531	59.4044	
0.99999	1.30531e-05	-0.00441821	4.64005e-05	0.999909	0.0134561	0.00441799	-0.0134562	0.9999	0.0817902	-0.0816699	60.3472	
0.999989	1.82261e-05	-0.00475785	6.26699e-05	0.999855	0.0170019	0.00475747	-0.017002	0.999844	0.0861161	-0.0960299	61.29	
0.999987	2.46246e-05	-0.00509858	8.0149e-05	0.999789	0.0205484	0.00509801	-0.0205485	0.999776	0.0907626	-0.113734	62.2328	
0.999985	3.22547e-05	-0.0054403	9.88418e-05	0.99971	0.0240953	0.0054395	-0.0240955	0.999695	0.0957307	-0.134782	63.1755	
0.999983	4.11212e-05	-0.00578293	0.000118751	0.999618	0.0276426	0.00578186	-0.0276428	0.999601	0.101021	-0.159175	64.1181	
0.999981	5.1228e-05	-0.00612635	0.000139881	0.999513	0.0311901	0.00612497	-0.0311904	0.999495	0.106635	-0.186912	65.0606	
0.999979	6.25779e-05	-0.00647046	0.000162233	0.999396	0.0347378	0.00646873	-0.0347381	0.999376	0.112572	-0.217995	66.003	
0.999977	7.51726e-05	-0.00681517	0.000185809	0.999267	0.0382855	0.00681306	-0.0382859	0.999244	0.118834	-0.252424	66.9452	
0.999974	8.90129e-05	-0.00716038	0.000210611	0.999125	0.0418331	0.00715783	-0.0418335	0.999099	0.125421	-0.290197	67.8874	
0.999972	0.000104098	-0.00750597	0.000236641	0.99897	0.0453805	0.00750297	-0.045381	0.998942	0.132333	-0.331316	68.8294	
0.999969	0.000120427	-0.00785186	0.000263898	0.998802	0.0489276	0.00784835	-0.0489282	0.998771	0.139571	-0.375779	69.7713	
0.999966	0.000137997	-0.00819794	0.000292384	0.998622	0.0524743	0.00819389	-0.0524749	0.998589	0.147134	-0.423587	70.7129	
0.999963	0.000156804	-0.00854411	0.000322098	0.99843	0.0560204	0.00853948	-0.0560211	0.998393	0.155023	-0.474739	71.6544	
0.999949	0.000264866	-0.0101352	0.000541585	0.996836	0.079484	0.0101242	-0.0794854	0.996785	0.163823	-0.538629	72.5951	
0.999931	0.000410316	-0.0117233	0.000798279	0.994691	0.102903	0.0117033	-0.102905	0.994622	0.174114	-0.624623	73.5341	
0.999911	0.000593074	-0.0133075	0.00109204	0.991996	0.126265	0.0132758	-0.126268	0.991907	0.185891	-0.732676	74.4707	
0.999889	0.000813038	-0.0148869	0.0014227	0.988752	0.149557	0.014841	-0.149561	0.988641	0.199148	-0.862726	75.4045	
0.999864	0.00107009	-0.0164606	0.00179007	0.984961	0.172765	0.016398	-0.172771	0.984826	0.213877	-1.0147	76.335	
0.999837	0.00136408	-0.0180279	0.00219396	0.980626	0.195877	0.0179458	-0.195885	0.980463	0.23007	-1.18852	77.2616	
0.999807	0.00169484	-0.0195877	0.00263414	0.975748	0.21888	0.0194837	-0.218889	0.975555	0.247717	-1.38408	78.1838	
0.999774	0.0020622	-0.0211393	0.00311036	0.970331	0.241761	0.0210107	-0.241773	0.970105	0.26681	-1.60127	79.1011	
0.99974	0.00246596	-0.0226818	0.00362236	0.964377	0.264508	0.0225261	-0.264521	0.964117	0.287337	-1.83998	80.0131	
0.999703	0.00290587	-0.0242143	0.00416985	0.957889	0.287108	0.0240289	-0.287123	0.957592	0.309287	-2.10008	80.9192	
0.999663	0.00338171	-0.025736	0.00475253	0.950872	0.309548	0.0255184	-0.309566	0.950536	0.332648	-2.38141	81.8188	
0.999621	0.00389321	-0.027246	0.00537008	0.943329	0.331815	0.0269937	-0.331836	0.942951	0.357406	-2.68382	82.7116	
0.999577	0.00444007	-0.0287434	0.00602216	0.935264	0.353898	0.028454	-0.353922	0.934842	0.383549	-3.00715	83.5969	
0.99953	0.00502201	-0.0302275	0.00670839	0.926683	0.375785	0.0298985	-0.375811	0.926214	0.411062	-3.3512	84.4744	
0.999482	0.00563869	-0.0316975	0.00742841	0.917589	0.397462	0.0313264	-0.397491	0.917071	0.439928	-3.71581	85.3435	
0.999431	0.00628977	-0.0331525	0.0081818	0.907987	0.418918	0.0327369	-0.418951	0.907419	0.470133	-4.10075	86.2037	
0.999377	0.0069749	-0.0345916	0.00896816	0.897884	0.440142	0.0341292	-0.440178	0.897262	0.50166	-4.50582	87.0546	
0.999322	0.00769368	-0.0360142	0.00978704	0.887284	0.46112	0.0355025	-0.46116	0.886607	0.53449	-4.93078	87.8957	
0.999264	0.00844573	-0.0374194	0.010638	0.876193	0.481842	0.0368561	-0.481886	0.875459	0.568606	-5.37542	88.7264	
0.999204	0.00923061	-0.0388064	0.0115205	0.864619	0.502297	0.0381892	-0.502344	0.863824	0.603989	-5.83947	89.5465	
0.999142	0.0100479	-0.0401745	0.0124342	0.852566	0.522472	0.0395011	-0.522523	0.85171	0.640619	-6.32268	90.3553	
0.999078	0.0108972	-0.0415229	0.0133784	0.840042	0.542356	0.0407911	-0.542412	0.839122	0.678476	-6.82478	91.1525	
0.999012	0.0117779	-0.0428508	0.0143528	0.827054	0.561939	0.0420584	-0.561999	0.826068	0.717538	-7.3455	91.9377	
