1	0	0	0	1	0	0	0	1	0	0	0	
0.999997	-7.87964e-07	-0.00227932	-7.87964e-07	1	-0.000691402	0.00227932	0.000691402	0.999997	0.000917484	0.000278307	0.80505	
0.99999	-3.16056e-06	-0.00456444	-3.16188e-06	0.999999	-0.00138514	0.00456444	0.00138514	0.999989	0.00367227	0.00111417	1.61009	
0.999977	-7.13106e-06	-0.00685529	-7.13635e-06	0.999998	-0.0020812	0.00685529	0.0020812	0.999974	0.008269	0.00250946	2.41513	
0.999958	-1.27126e-05	-0.00915179	-1.27259e-05	0.999996	-0.00277956	0.00915179	0.00277956	0.999954	0.0147123	0.00446604	3.22015	
0.999934	-1.99183e-05	-0.0114539	-1.99449e-05	0.999994	-0.0034802	0.0114539	0.0034802	0.999928	0.0230066	0.00698575	4.02516	
0.999905	-2.87609e-05	-0.0137615	-2.88076e-05	0.999991	-0.0041831	0.0137615	0.0041831	0.999897	0.0331564	0.0100704	4.83014	
0.999871	-3.92533e-05	-0.0160745	-3.93282e-05	0.999988	-0.00488824	0.0160745	0.00488824	0.999859	0.0451661	0.0137219	5.63509	
0.999831	-5.14081e-05	-0.0183929	-5.15206e-05	0.999984	-0.0055956	0.0183929	0.00559561	0.999815	0.0590401	0.0179419	6.44001	
0.999785	-6.52377e-05	-0.0207165	-6.53988e-05	0.99998	-0.00630517	0.0207165	0.00630517	0.999766	0.0747826	0.0227323	7.24489	
0.999734	-8.07545e-05	-0.0230454	-8.09766e-05	0.999975	-0.00701692	0.0230454	0.00701692	0.99971	0.0923979	0.0280947	8.04973	
0.999678	-9.79708e-05	-0.0253794	-9.82677e-05	0.99997	-0.00773083	0.0253794	0.00773083	0.999648	0.11189	0.0340311	8.85452	
0.999616	-0.000116899	-0.0277185	-0.000117285	0.999964	-0.00844688	0.0277185	0.00844688	0.99958	0.133263	0.040543	9.65926	
0.999548	-0.00013755	-0.0300626	-0.000138043	0.999958	-0.00916505	0.0300626	0.00916506	0.999506	0.156522	0.0476323	10.4639	
0.999475	-0.000159936	-0.0324116	-0.000160555	0.999951	-0.00988533	0.0324115	0.00988534	0.999426	0.181669	0.0553005	11.2686	
0.999395	-0.00018407	-0.0347654	-0.000184832	0.999944	-0.0106077	0.0347654	0.0106077	0.999339	0.20871	0.0635495	12.0731	
0.999311	-0.000209962	-0.037124	-0.00021089	0.999936	-0.0113321	0.037124	0.0113321	0.999246	0.237647	0.0723808	12.8776	
0.99922	-0.000237623	-0.0394872	-0.00023874	0.999927	-0.0120586	0.0394872	0.0120586	0.999147	0.268485	0.0817962	13.682	
0.999124	-0.000267066	-0.0418551	-0.000268395	0.999918	-0.012787	0.0418551	0.0127871	0.999042	0.301227	0.0917972	14.4863	
0.999021	-0.000298301	-0.0442276	-0.000299867	0.999909	-0.0135175	0.0442276	0.0135176	0.99893	0.335878	0.102385	15.2906	
0.998913	-0.000331338	-0.0466045	-0.00033317	0.999898	-0.01425	0.0466045	0.01425	0.998812	0.37244	0.113563	16.0947	
0.998799	-0.00036619	-0.0489858	-0.000368316	0.999888	-0.0149844	0.0489858	0.0149844	0.998687	0.410917	0.12533	16.8987	
0.99868	-0.000402866	-0.0513714	-0.000405316	0.999876	-0.0157207	0.0513714	0.0157208	0.998556	0.451314	0.13769	17.7027	
0.998554	-0.000441377	-0.0537613	-0.000444183	0.999864	-0.016459	0.0537612	0.0164591	0.998418	0.493632	0.150643	18.5065	
0.998422	-0.000481733	-0.0561553	-0.000484928	0.999852	-0.0171992	0.0561552	0.0171993	0.998274	0.537876	0.164191	19.3102	
0.998284	-0.000523944	-0.0585534	-0.000527564	0.999839	-0.0179412	0.0585534	0.0179413	0.998123	0.58405	0.178336	20.1138	
0.99814	-0.000568022	-0.0609555	-0.000572102	0.999825	-0.0186851	0.0609555	0.0186852	0.997966	0.632155	0.19308	20.9173	
0.99799	-0.000613974	-0.0633616	-0.000618553	0.999811	-0.0194308	0.0633615	0.019431	0.997801	0.682196	0.208422	21.7207	
0.997834	-0.000661811	-0.0657715	-0.00066693	0.999796	-0.0201784	0.0657715	0.0201785	0.997631	0.734175	0.224366	22.5239	
0.997672	-0.000711543	-0.0681852	-0.000717242	0.999781	-0.0209277	0.0681852	0.0209279	0.997453	0.788096	0.240913	23.327	
0.997504	-0.000763179	-0.0706027	-0.000769501	0.999765	-0.0216788	0.0706026	0.021679	0.997269	0.843962	0.258063	24.1299	
0.99733	-0.000816728	-0.0730238	-0.000823718	0.999748	-0.0224316	0.0730237	0.0224319	0.997078	0.901775	0.275819	24.9327	
0.997149	-0.0008722	-0.0754484	-0.000879903	0.999731	-0.0231862	0.0754483	0.0231865	0.99688	0.961539	0.294181	25.7353	
0.996963	-0.000929603	-0.0778765	-0.000938067	0.999713	-0.0239424	0.0778764	0.0239428	0.996675	1.02326	0.313152	26.5377	
0.99677	-0.000988946	-0.0803081	-0.000998221	0.999694	-0.0247004	0.0803079	0.0247008	0.996464	1.08693	0.332732	27.34	
0.99657	-0.00105024	-0.0827429	-0.00106037	0.999675	-0.02546	0.0827428	0.0254604	0.996246	1.15256	0.352923	28.1421	
0.996365	-0.00111349	-0.0851811	-0.00112454	0.999656	-0.0262212	0.0851809	0.0262217	0.99602	1.22015	0.373727	28.9441	
0.996153	-0.0011787	-0.0876224	-0.00119072	0.999635	-0.0269841	0.0876222	0.0269846	0.995788	1.28971	0.395144	29.7458	
0.995935	-0.00124589	-0.0900668	-0.00125893	0.999614	-0.0277485	0.0900666	0.0277491	0.995549	1.36124	0.417175	30.5474	
0.99571	-0.00131506	-0.0925143	-0.00132919	0.999592	-0.0285146	0.0925141	0.0285152	0.995303	1.43473	0.439823	31.3488	
0.99548	-0.00138621	-0.0949647	-0.00140149	0.99957	-0.0292821	0.0949644	0.0292829	0.99505	1.51019	0.463088	32.1499	
0.995242	-0.00145937	-0.097418	-0.00147585	0.999547	-0.0300512	0.0974177	0.0300521	0.99479	1.58763	0.486972	32.9509	
0.994999	-0.00153453	-0.0998741	-0.00155227	0.999524	-0.0308219	0.0998738	0.0308227	0.994523	1.66705	0.511476	33.7516	
0.994749	-0.0016117	-0.102333	-0.00163077	0.999499	-0.0315939	0.102333	0.0315949	0.994248	1.74844	0.536601	34.5522	
0.994492	-0.00169089	-0.104794	-0.00171136	0.999475	-0.0323675	0.104794	0.0323686	0.993967	1.83182	0.562347	35.3525	
0.99423	-0.0017721	-0.107258	-0.00179404	0.999449	-0.0331425	0.107258	0.0331437	0.993679	1.91717	0.588718	36.1526	
0.99396	-0.00185535	-0.109725	-0.00187882	0.999423	-0.0339189	0.109725	0.0339202	0.993383	2.00451	0.615713	36.9524	
0.993684	-0.00194063	-0.112194	-0.00196571	0.999396	-0.0346967	0.112194	0.0346981	0.99308	2.09384	0.643333	37.752	
0.993402	-0.00202797	-0.114665	-0.00205472	0.999368	-0.0354758	0.114665	0.0354774	0.992771	2.18516	0.671581	38.5514	
0.993113	-0.00211735	-0.117139	-0.00214586	0.99934	-0.0362564	0.117138	0.036258	0.992453	2.27846	0.700456	39.3505	
0.992818	-0.00220879	-0.119615	-0.00223913	0.999311	-0.0370382	0.119614	0.03704	0.992129	2.37376	0.72996	40.1493	
0.992516	-0.0023023	-0.122093	-0.00233454	0.999282	-0.0378213	0.122092	0.0378233	0.991798	2.47106	0.760095	40.9479	
0.992208	-0.00239787	-0.124573	-0.0024321	0.999252	-0.0386058	0.124572	0.0386079	0.991459	2.57034	0.79086	41.7462	
0.991893	-0.00249552	-0.127055	-0.00253182	0.999221	-0.0393915	0.127054	0.0393938	0.991113	2.67163	0.822258	42.5442	
0.991571	-0.00259525	-0.129539	-0.0026337	0.999189	-0.0401784	0.129538	0.0401809	0.99076	2.77491	0.854289	43.342	
0.991243	-0.00269706	-0.132024	-0.00273775	0.999157	-0.0409665	0.132023	0.0409692	0.9904	2.8802	0.886954	44.1395	
0.990648	-0.00288536	-0.136412	-0.00314707	0.999027	-0.0439858	0.136406	0.0440038	0.989675	2.98825	0.921158	44.9365	
0.990033	-0.00308732	-0.140801	-0.00356964	0.998888	-0.0470021	0.14079	0.0470363	0.988922	3.09983	0.957804	45.7329	
0.989398	-0.00330298	-0.145192	-0.00400548	0.99874	-0.0500153	0.145174	0.0500666	0.988139	3.21494	0.99689	46.5287	
0.988743	-0.00353234	-0.149584	-0.00445456	0.998583	-0.0530253	0.14956	0.0530947	0.987326	3.33357	1.03842	47.3239	
0.988067	-0.00377541	-0.153977	-0.0049169	0.998417	-0.0560321	0.153945	0.0561205	0.986484	3.45574	1.08238	48.1184	
0.987372	-0.00403219	-0.15837	-0.00539248	0.998241	-0.0590355	0.15833	0.059144	0.985613	3.58144	1.12877	48.9122	
0.986656	-0.0043027	-0.162764	-0.00588131	0.998057	-0.0620355	0.162715	0.062165	0.984713	3.71067	1.1776	49.7054	
0.98592	-0.00458692	-0.167158	-0.00638337	0.997863	-0.0650321	0.167099	0.0651835	0.983783	3.84343	1.22887	50.4977	
0.985163	-0.00488488	-0.171551	-0.00689867	0.99766	-0.0680252	0.171481	0.0681994	0.982824	3.97972	1.28256	51.2893	
0.984387	-0.00519655	-0.175943	-0.00742719	0.997448	-0.0710146	0.175863	0.0712126	0.981836	4.11953	1.33867	52.0802	
0.98359	-0.00552194	-0.180334	-0.00796894	0.997226	-0.0740004	0.180242	0.0742232	0.980818	4.26287	1.39721	52.8702	
0.982773	-0.00586105	-0.184724	-0.00852389	0.996996	-0.0769825	0.18462	0.0772309	0.979771	4.40974	1.45818	53.6594	
0.981936	-0.00621386	-0.189112	-0.00909206	0.996757	-0.0799608	0.188995	0.0802358	0.978695	4.56013	1.52156	54.4477	
0.981079	-0.00658037	-0.193498	-0.00967341	0.996508	-0.0829351	0.193368	0.0832377	0.977589	4.71404	1.58737	55.2352	
0.980201	-0.00696057	-0.197882	-0.010268	0.99625	-0.0859056	0.197737	0.0862366	0.976454	4.87147	1.65558	56.0217	
0.979304	-0.00735444	-0.202263	-0.0108757	0.995984	-0.088872	0.202104	0.0892325	0.975291	5.03242	1.72621	56.8073	
0.978386	-0.00776197	-0.206641	-0.0114965	0.995708	-0.0918344	0.206466	0.0922252	0.974098	5.19688	1.79926	57.592	
0.977448	-0.00818314	-0.211015	-0.0121306	0.995423	-0.0947926	0.210825	0.0952147	0.972876	5.36485	1.8747	58.3757	
0.976491	-0.00861793	-0.215387	-0.0127778	0.995129	-0.0977467	0.21518	0.0982009	0.971625	5.53633	1.95256	59.1584	
0.975513	-0.00906632	-0.219754	-0.0134381	0.994826	-0.100696	0.21953	0.101184	0.970345	5.71131	2.03282	59.9401	
0.974516	-0.0095283	-0.224117	-0.0141115	0.994515	-0.103642	0.223875	0.104163	0.969036	5.88979	2.11547	60.7208	
0.973498	-0.0100038	-0.228475	-0.014798	0.994194	-0.106583	0.228215	0.107139	0.967698	6.07177	2.20053	61.5004	
0.972461	-0.0104929	-0.232829	-0.0154976	0.993864	-0.109519	0.23255	0.110112	0.966331	6.25724	2.28798	62.2789	
0.971404	-0.0109954	-0.237178	-0.0162102	0.993525	-0.112451	0.236878	0.11308	0.964936	6.4462	2.37782	63.0563	
0.970327	-0.0115115	-0.241521	-0.016936	0.993177	-0.115379	0.241201	0.116045	0.963512	6.63864	2.47005	63.8325	
0.969231	-0.0120409	-0.245858	-0.0176747	0.99282	-0.118301	0.245517	0.119007	0.96206	6.83455	2.56466	64.6076	
0.968115	-0.0125838	-0.25019	-0.0184265	0.992455	-0.121219	0.249827	0.121964	0.960579	7.03394	2.66166	65.3815	
0.96698	-0.01314	-0.254514	-0.0191913	0.99208	-0.124132	0.25413	0.124918	0.959069	7.2368	2.76104	66.1542	
0.965825	-0.0137096	-0.258833	-0.019969	0.991696	-0.127041	0.258425	0.127868	0.957531	7.44312	2.86279	66.9257	
0.964651	-0.0142924	-0.263144	-0.0207598	0.991304	-0.129944	0.262713	0.130813	0.955965	7.65289	2.96692	67.6959	
0.963457	-0.0148885	-0.267448	-0.0215634	0.990903	-0.132842	0.266993	0.133755	0.954371	7.86611	3.07341	68.4649	
0.962245	-0.0154978	-0.271745	-0.02238	0.990492	-0.135736	0.271265	0.136693	0.952749	8.08277	3.18227	69.2326	
0.961013	-0.0161203	-0.276034	-0.0232095	0.990073	-0.138624	0.275528	0.139626	0.951099	8.30287	3.2935	69.9989	
0.959762	-0.0167558	-0.280314	-0.0240518	0.989645	-0.141507	0.279783	0.142555	0.949421	8.5264	3.40708	70.7639	
0.955946	-0.0187557	-0.292942	-0.0283612	0.987386	-0.155768	0.292168	0.157214	0.943357	8.75663	3.52775	71.5258	
0.951966	-0.0209507	-0.305485	-0.0328563	0.984907	-0.169935	0.304435	0.171809	0.93691	8.99678	3.6602	72.2827	
0.947823	-0.0233399	-0.31794	-0.0375352	0.982209	-0.184001	0.316579	0.186335	0.930085	9.24677	3.80436	73.0343	
0.943519	-0.0259225	-0.330302	-0.0423963	0.979292	-0.197962	0.328594	0.200785	0.922882	9.50647	3.96019	73.7801	
0.939056	-0.0286973	-0.342565	-0.0474373	0.976158	-0.211812	0.340476	0.215154	0.915306	9.7758	4.12763	74.5201	
0.934435	-0.0316633	-0.354725	-0.0526564	0.972809	-0.225545	0.352221	0.229435	0.907359	10.0546	4.30659	75.2538	
0.929658	-0.0348192	-0.366776	-0.0580514	0.969244	-0.239155	0.363822	0.243624	0.899044	10.3429	4.49702	75.9809	
0.924727	-0.0381637	-0.378713	-0.0636201	0.965467	-0.252637	0.375277	0.257714	0.890366	10.6404	4.69882	76.7012	
0.919644	-0.0416956	-0.390533	-0.0693603	0.961478	-0.265986	0.386579	0.2717	0.881326	10.9471	4.91193	77.4144	
0.914412	-0.0454133	-0.402229	-0.0752696	0.95728	-0.279196	0.397725	0.285576	0.87193	11.2628	5.13626	78.1202	
