1	0	0	0	1	0	0	0	1	0	0	0	
0.999995	-5.32283e-06	-0.003151	-5.32283e-06	0.999994	-0.00337848	0.003151	0.00337848	0.999989	0.00129064	0.00138382	0.819189	
0.99998	-2.12841e-05	-0.00629992	-2.12973e-05	0.999977	-0.0067589	0.00629992	0.0067589	0.999957	0.0051617	0.00553606	1.63836	
0.999955	-4.78762e-05	-0.00944667	-4.79287e-05	0.999949	-0.0101412	0.00944667	0.0101412	0.999904	0.0116115	0.0124583	2.4575	
0.999921	-8.50911e-05	-0.0125912	-8.52224e-05	0.999909	-0.0135252	0.0125912	0.0135252	0.999829	0.0206381	0.0221519	3.27658	
0.999876	-0.00013292	-0.0157334	-0.000133183	0.999857	-0.016911	0.0157334	0.016911	0.999733	0.0322398	0.0346185	4.0956	
0.999822	-0.000191356	-0.0188733	-0.000191815	0.999794	-0.0202984	0.0188733	0.0202984	0.999616	0.0464146	0.0498593	4.91452	
0.999758	-0.000260388	-0.0220108	-0.000261123	0.999719	-0.0236873	0.0220107	0.0236873	0.999477	0.0631606	0.0678757	5.73334	
0.999684	-0.000340009	-0.0251457	-0.000341112	0.999633	-0.0270777	0.0251457	0.0270777	0.999317	0.0824757	0.0886689	6.55204	
0.9996	-0.000430208	-0.028278	-0.000431783	0.999536	-0.0304695	0.028278	0.0304695	0.999136	0.104358	0.11224	7.3706	
0.999507	-0.000530976	-0.0314078	-0.000533142	0.999426	-0.0338627	0.0314077	0.0338627	0.998933	0.128805	0.13859	8.18901	
0.999403	-0.000642303	-0.0345348	-0.000645191	0.999306	-0.037257	0.0345347	0.0372571	0.998709	0.155815	0.167721	9.00723	
0.99929	-0.000764179	-0.037659	-0.000767934	0.999173	-0.0406526	0.0376589	0.0406527	0.998463	0.185385	0.199632	9.82527	
0.999168	-0.000896594	-0.0407804	-0.000901372	0.999029	-0.0440493	0.0407803	0.0440494	0.998197	0.217513	0.234326	10.6431	
0.999035	-0.00103954	-0.0438988	-0.00104551	0.998873	-0.0474469	0.0438987	0.0474471	0.997909	0.252198	0.271803	11.4607	
0.998894	-0.00119299	-0.0470143	-0.00120034	0.998706	-0.0508455	0.0470141	0.0508457	0.997599	0.289435	0.312063	12.278	
0.998742	-0.00135696	-0.0501267	-0.00136588	0.998527	-0.054245	0.0501265	0.0542452	0.997269	0.329224	0.355108	13.0951	
0.998581	-0.00153142	-0.053236	-0.00154212	0.998336	-0.0576453	0.0532357	0.0576456	0.996917	0.37156	0.400938	13.9119	
0.99841	-0.00171636	-0.0563421	-0.00172907	0.998133	-0.0610463	0.0563417	0.0610466	0.996543	0.416443	0.449554	14.7285	
0.99823	-0.00191177	-0.059445	-0.00192672	0.997919	-0.0644479	0.0594445	0.0644483	0.996149	0.463869	0.500956	15.5447	
0.99804	-0.00211763	-0.0625445	-0.00213508	0.997693	-0.06785	0.0625439	0.0678506	0.995733	0.513835	0.555146	16.3605	
0.997841	-0.00233395	-0.0656406	-0.00235415	0.997456	-0.0712527	0.0656399	0.0712533	0.995296	0.566338	0.612122	17.176	
0.997632	-0.00256069	-0.0687333	-0.00258392	0.997206	-0.0746557	0.0687324	0.0746565	0.994838	0.621377	0.671886	17.9912	
0.997414	-0.00279785	-0.0718224	-0.00282439	0.996945	-0.0780591	0.0718214	0.0780601	0.994358	0.678947	0.734438	18.806	
0.997186	-0.00304542	-0.074908	-0.00307558	0.996672	-0.0814627	0.0749067	0.0814638	0.993857	0.739046	0.799779	19.6203	
0.996949	-0.00330338	-0.0779899	-0.00333747	0.996387	-0.0848665	0.0779884	0.0848678	0.993335	0.801672	0.867908	20.4343	
0.996702	-0.00357172	-0.081068	-0.00361006	0.99609	-0.0882704	0.0810663	0.0882719	0.992792	0.86682	0.938825	21.2478	
0.996446	-0.00385042	-0.0841424	-0.00389335	0.995781	-0.0916743	0.0841404	0.0916761	0.992228	0.934488	1.01253	22.0609	
0.996181	-0.00413947	-0.0872129	-0.00418735	0.995461	-0.0950781	0.0872106	0.0950802	0.991642	1.00467	1.08903	22.8734	
0.995907	-0.00443885	-0.0902795	-0.00449204	0.995129	-0.0984818	0.0902769	0.0984842	0.991035	1.07737	1.16831	23.6855	
0.995623	-0.00474856	-0.0933421	-0.00480743	0.994785	-0.101885	0.0933391	0.101888	0.990407	1.15258	1.25038	24.4971	
0.99533	-0.00506856	-0.0964006	-0.00513352	0.994428	-0.105288	0.0963972	0.105292	0.989758	1.2303	1.33524	25.3082	
0.995027	-0.00539886	-0.099455	-0.0054703	0.994061	-0.108691	0.0994511	0.108695	0.989088	1.31051	1.42289	26.1187	
0.994716	-0.00573943	-0.102505	-0.00581776	0.993681	-0.112094	0.102501	0.112098	0.988397	1.39323	1.51333	26.9287	
0.994395	-0.00609025	-0.105551	-0.00617591	0.993289	-0.115495	0.105546	0.1155	0.987684	1.47845	1.60655	27.7381	
0.994065	-0.00645132	-0.108593	-0.00654474	0.992885	-0.118897	0.108587	0.118902	0.98695	1.56616	1.70256	28.5469	
0.993726	-0.00682261	-0.11163	-0.00692425	0.992469	-0.122297	0.111624	0.122303	0.986196	1.65635	1.80135	29.3551	
0.993378	-0.0072041	-0.114663	-0.00731444	0.992042	-0.125697	0.114656	0.125703	0.98542	1.74904	1.90294	30.1627	
0.993021	-0.00759579	-0.117691	-0.00771529	0.991602	-0.129096	0.117684	0.129103	0.984623	1.8442	2.0073	30.9696	
0.992655	-0.00799764	-0.120715	-0.0081268	0.991151	-0.132494	0.120707	0.132501	0.983806	1.94185	2.11446	31.7758	
0.99228	-0.00840965	-0.123734	-0.00854898	0.990687	-0.135891	0.123725	0.135899	0.982967	2.04197	2.22439	32.5814	
0.991896	-0.0088318	-0.126749	-0.0089818	0.990211	-0.139286	0.126738	0.139296	0.982107	2.14455	2.33711	33.3863	
0.991502	-0.00926407	-0.129758	-0.00942528	0.989724	-0.142681	0.129747	0.142692	0.981226	2.24961	2.45261	34.1905	
0.9911	-0.00970644	-0.132763	-0.0098794	0.989224	-0.146075	0.13275	0.146086	0.980325	2.35713	2.5709	34.9939	
0.990689	-0.0101589	-0.135763	-0.0103441	0.988713	-0.149467	0.135749	0.149479	0.979402	2.4671	2.69196	35.7966	
0.990269	-0.0106214	-0.138758	-0.0108195	0.988189	-0.152857	0.138743	0.152871	0.978458	2.57954	2.8158	36.5986	
0.989841	-0.011094	-0.141748	-0.0113055	0.987653	-0.156247	0.141731	0.156262	0.977494	2.69442	2.94242	37.3997	
0.989403	-0.0115765	-0.144733	-0.0118022	0.987106	-0.159634	0.144715	0.159651	0.976509	2.81174	3.07182	38.2001	
0.988957	-0.0120691	-0.147713	-0.0123094	0.986546	-0.16302	0.147693	0.163038	0.975503	2.93151	3.20399	38.9996	
0.988502	-0.0125717	-0.150687	-0.0128272	0.985974	-0.166405	0.150666	0.166424	0.974476	3.05372	3.33894	39.7983	
0.988038	-0.0130842	-0.153657	-0.0133556	0.98539	-0.169787	0.153633	0.169809	0.973428	3.17836	3.47666	40.5962	
0.987565	-0.0136067	-0.15662	-0.0138946	0.984794	-0.173168	0.156595	0.173191	0.972359	3.30543	3.61715	41.3932	
0.987084	-0.0141391	-0.159579	-0.0144442	0.984186	-0.176547	0.159552	0.176571	0.97127	3.43492	3.76041	42.1893	
0.986594	-0.0146814	-0.162532	-0.0150044	0.983566	-0.179923	0.162503	0.17995	0.97016	3.56683	3.90644	42.9845	
0.986096	-0.0152336	-0.16548	-0.0155751	0.982934	-0.183298	0.165448	0.183327	0.96903	3.70116	4.05524	43.7787	
0.985588	-0.0157957	-0.168422	-0.0161563	0.98229	-0.18667	0.168388	0.186701	0.967878	3.8379	4.2068	44.5721	
0.985073	-0.0163676	-0.171358	-0.0167481	0.981633	-0.190041	0.171322	0.190074	0.966706	3.97704	4.36112	45.3645	
0.985009	-0.0164389	-0.171716	-0.017587	0.980692	-0.194768	0.171602	0.194868	0.965701	4.1175	4.5188	46.156	
0.984945	-0.0165125	-0.172077	-0.0184291	0.979724	-0.1995	0.171882	0.199668	0.964671	4.25819	4.6804	46.9467	
0.98488	-0.0165885	-0.172439	-0.0192744	0.978731	-0.204238	0.17216	0.204474	0.963614	4.39911	4.84593	47.7365	
0.984815	-0.016667	-0.172804	-0.0201228	0.977713	-0.208981	0.172436	0.209285	0.962531	4.54026	5.01541	48.5254	
0.984749	-0.0167478	-0.173172	-0.0209743	0.976668	-0.213727	0.172711	0.2141	0.961422	4.68163	5.18882	49.3135	
0.984683	-0.016831	-0.173541	-0.0218288	0.975598	-0.218477	0.172983	0.218919	0.960287	4.82322	5.36619	50.1006	
0.984616	-0.0169166	-0.173912	-0.0226862	0.974502	-0.22323	0.173254	0.223741	0.959126	4.96504	5.5475	50.8868	
0.984548	-0.0170046	-0.174285	-0.0235464	0.97338	-0.227986	0.173523	0.228567	0.957939	5.10708	5.73276	51.672	
0.98448	-0.0170951	-0.17466	-0.0244094	0.972232	-0.232743	0.173789	0.233394	0.956726	5.24934	5.92198	52.4563	
0.984412	-0.017188	-0.175037	-0.025275	0.971058	-0.237502	0.174053	0.238224	0.955487	5.39181	6.11515	53.2395	
0.984343	-0.0172833	-0.175415	-0.0261433	0.969859	-0.242262	0.174315	0.243054	0.954222	5.5345	6.31228	54.0217	
0.984273	-0.0173811	-0.175795	-0.0270141	0.968633	-0.247022	0.174574	0.247886	0.95293	5.67741	6.51337	54.8029	
0.984203	-0.0174813	-0.176176	-0.0278874	0.967382	-0.251782	0.174831	0.252717	0.951613	5.82052	6.71842	55.583	
0.984133	-0.0175839	-0.176559	-0.028763	0.966105	-0.256541	0.175085	0.257549	0.95027	5.96385	6.92742	56.362	
0.984062	-0.0176889	-0.176942	-0.0296409	0.964803	-0.261299	0.175336	0.262379	0.948902	6.10738	7.14038	57.1399	
0.983991	-0.0177963	-0.177327	-0.0305211	0.963474	-0.266056	0.175585	0.267209	0.947507	6.25111	7.3573	57.9166	
0.98392	-0.0179061	-0.177712	-0.0314034	0.96212	-0.27081	0.17583	0.272036	0.946087	6.39505	7.57817	58.6922	
0.983848	-0.0180183	-0.178099	-0.0322878	0.960741	-0.275561	0.176072	0.276861	0.944641	6.53919	7.803	59.4667	
0.983775	-0.0181328	-0.178486	-0.0331741	0.959336	-0.28031	0.176311	0.281683	0.94317	6.68353	8.03177	60.2399	
0.983703	-0.0182497	-0.178874	-0.0340623	0.957906	-0.285055	0.176546	0.286502	0.941673	6.82805	8.2645	61.0119	
0.98363	-0.0183689	-0.179262	-0.0349524	0.95645	-0.289795	0.176778	0.291317	0.940151	6.97277	8.50117	61.7827	
0.983557	-0.0184904	-0.17965	-0.0358442	0.95497	-0.294531	0.177007	0.296127	0.938604	7.11768	8.74179	62.5523	
0.983483	-0.0186142	-0.180039	-0.0367376	0.953464	-0.299261	0.177231	0.300933	0.937032	7.26278	8.98634	63.3205	
0.98341	-0.0187402	-0.180428	-0.0376326	0.951933	-0.303986	0.177452	0.305733	0.935435	7.40806	9.23483	64.0875	
0.983336	-0.0188684	-0.180817	-0.0385291	0.950377	-0.308705	0.177669	0.310527	0.933813	7.55351	9.48725	64.8531	
0.983262	-0.0189988	-0.181206	-0.0394269	0.948797	-0.313417	0.177882	0.315315	0.932166	7.69915	9.74359	65.6174	
0.983187	-0.0191314	-0.181594	-0.0403261	0.947192	-0.318122	0.178091	0.320097	0.930495	7.84495	10.0039	66.3804	
0.983113	-0.019266	-0.181983	-0.0412265	0.945562	-0.322819	0.178295	0.324871	0.9288	7.99093	10.268	67.1419	
0.983038	-0.0194028	-0.18237	-0.042128	0.943909	-0.327509	0.178496	0.329637	0.927081	8.13707	10.5361	67.9021	
0.982964	-0.0195416	-0.182758	-0.0430305	0.942231	-0.332189	0.178691	0.334394	0.925338	8.28337	10.8081	68.6608	
0.982889	-0.0196824	-0.183144	-0.043934	0.940529	-0.336861	0.178882	0.339143	0.923571	8.42983	11.084	69.4181	
0.985878	-0.0136305	-0.166911	-0.0457197	0.936913	-0.34656	0.161105	0.349297	0.923058	8.56909	11.366	70.1745	
0.988553	-0.00740136	-0.15069	-0.0473183	0.933191	-0.356252	0.143259	0.359304	0.922159	8.69376	11.6562	70.9304	
0.990915	-0.000997629	-0.134488	-0.0487291	0.929365	-0.365932	0.125354	0.369161	0.920873	8.80379	11.9546	71.6853	
0.992961	0.00557803	-0.118313	-0.0499516	0.925436	-0.375596	0.107396	0.378862	0.919201	8.89913	12.261	72.439	
0.994691	0.0123229	-0.10217	-0.0509852	0.921406	-0.385241	0.0893929	0.388405	0.917143	8.97973	12.5753	73.1912	
0.996104	0.019234	-0.0860669	-0.0518295	0.917277	-0.394862	0.0713524	0.397785	0.9147	9.04558	12.8973	73.9415	
0.997199	0.0263087	-0.07001	-0.0524841	0.91305	-0.404456	0.0532819	0.406998	0.911874	9.09663	13.227	74.6897	
0.997977	0.0335437	-0.0540061	-0.0529487	0.908727	-0.414018	0.0351891	0.41604	0.908665	9.13287	13.5641	75.4354	
0.998437	0.0409363	-0.038062	-0.0532233	0.904311	-0.423544	0.0170816	0.424908	0.905076	9.15428	13.9086	76.1783	
0.998578	0.0484832	-0.0221844	-0.0533076	0.899802	-0.433031	-0.00103314	0.433597	0.901106	9.16085	14.2602	76.9182	
0.9984	0.0561812	-0.00637986	-0.0532016	0.895202	-0.442473	-0.0191474	0.442105	0.896759	9.15258	14.6189	77.6546	
0.997904	0.0640272	0.00934494	-0.0529053	0.890514	-0.451869	-0.0372537	0.450427	0.892036	9.12948	14.9845	78.3873	
