1	0	0	0	1	0	0	0	1	0	0	0	
0.999983	3.67902e-06	-0.0057762	3.67902e-06	0.999999	0.00127385	0.0057762	-0.00127385	0.999983	0.00303981	-0.000670379	1.05252	
0.999933	1.47221e-05	-0.0115527	1.47321e-05	0.999997	0.00254947	0.0115527	-0.00254947	0.99993	0.0121594	-0.00268246	2.105	
0.99985	3.31406e-05	-0.0173292	3.31805e-05	0.999993	0.00382684	0.0173292	-0.00382684	0.999843	0.0273588	-0.00603808	3.15741	
0.999733	5.89455e-05	-0.0231055	5.90451e-05	0.999987	0.00510589	0.0231055	-0.00510589	0.99972	0.0486381	-0.0107391	4.20971	
0.999583	9.21473e-05	-0.0288814	9.23467e-05	0.99998	0.00638658	0.0288814	-0.00638658	0.999562	0.075997	-0.0167871	5.26186	
0.999399	0.000132757	-0.0346568	0.000133105	0.999971	0.00766886	0.0346568	-0.00766887	0.99937	0.109435	-0.024184	6.31383	
0.999182	0.000180783	-0.0404313	0.000181341	0.99996	0.00895269	0.0404313	-0.0089527	0.999142	0.148951	-0.0329313	7.36557	
0.998932	0.000236237	-0.0462048	0.000237074	0.999948	0.010238	0.0462048	-0.010238	0.99888	0.194545	-0.0430307	8.41706	
0.998648	0.000299127	-0.0519771	0.000300324	0.999934	0.0115248	0.0519771	-0.0115248	0.998582	0.246214	-0.0544838	9.46825	
0.998331	0.000369463	-0.0577479	0.000371108	0.999918	0.012813	0.0577479	-0.012813	0.998249	0.303958	-0.0672919	10.5191	
0.997981	0.000447253	-0.063517	0.000449447	0.9999	0.0141025	0.063517	-0.0141026	0.997881	0.367776	-0.0814566	11.5696	
0.997597	0.000532506	-0.0692843	0.000535358	0.999881	0.0153933	0.0692842	-0.0153934	0.997478	0.437664	-0.0969793	12.6197	
0.99718	0.00062523	-0.0750494	0.00062886	0.999861	0.0166854	0.0750494	-0.0166855	0.99704	0.513622	-0.113861	13.6693	
0.996729	0.000725433	-0.0808122	0.00072997	0.999838	0.0179787	0.0808122	-0.0179789	0.996567	0.595646	-0.132104	14.7185	
0.996245	0.000833122	-0.0865725	0.000838706	0.999814	0.0192731	0.0865725	-0.0192734	0.996059	0.683735	-0.151708	15.7671	
0.995728	0.000948305	-0.0923301	0.000955084	0.999788	0.0205687	0.09233	-0.020569	0.995516	0.777885	-0.172676	16.8152	
0.995177	0.00107099	-0.0980847	0.00107912	0.99976	0.0218653	0.0980846	-0.0218657	0.994938	0.878093	-0.195008	17.8627	
0.994594	0.00120118	-0.103836	0.00121084	0.999731	0.0231629	0.103836	-0.0231634	0.994325	0.984357	-0.218705	18.9096	
0.993977	0.00133888	-0.109584	0.00135024	0.9997	0.0244615	0.109584	-0.0244621	0.993676	1.09667	-0.243769	19.9558	
0.993326	0.0014841	-0.115329	0.00149736	0.999667	0.0257609	0.115328	-0.0257617	0.992993	1.21504	-0.2702	21.0013	
0.992643	0.00163685	-0.121069	0.0016522	0.999632	0.0270613	0.121069	-0.0270622	0.992275	1.33944	-0.297999	22.0461	
0.991926	0.00179713	-0.126806	0.00181478	0.999596	0.0283624	0.126806	-0.0283636	0.991522	1.46989	-0.327168	23.0901	
0.991176	0.00196494	-0.132538	0.00198511	0.999558	0.0296643	0.132538	-0.0296657	0.990734	1.60637	-0.357706	24.1333	
0.990393	0.00214029	-0.138266	0.00216321	0.999518	0.0309669	0.138266	-0.0309685	0.989911	1.74889	-0.389616	25.1757	
0.989576	0.00232319	-0.14399	0.00234909	0.999476	0.0322702	0.143989	-0.0322721	0.989053	1.89743	-0.422897	26.2171	
0.988727	0.00251363	-0.149708	0.00254276	0.999433	0.0335741	0.149708	-0.0335763	0.98816	2.05199	-0.457551	27.2577	
0.987845	0.00271163	-0.155421	0.00274425	0.999388	0.0348785	0.155421	-0.034881	0.987232	2.21257	-0.493577	28.2972	
0.986929	0.00291718	-0.16113	0.00295356	0.999341	0.0361834	0.161129	-0.0361864	0.98627	2.37916	-0.530978	29.3358	
0.98598	0.00313029	-0.166832	0.00317071	0.999292	0.0374888	0.166831	-0.0374922	0.985272	2.55175	-0.569752	30.3734	
0.984999	0.00335097	-0.172529	0.0033957	0.999241	0.0387946	0.172528	-0.0387985	0.98424	2.73034	-0.609901	31.4098	
0.983984	0.0035792	-0.17822	0.00362855	0.999189	0.0401007	0.178219	-0.0401051	0.983173	2.91493	-0.651425	32.4452	
0.982937	0.00381501	-0.183905	0.00386928	0.999135	0.0414071	0.183904	-0.0414121	0.982072	3.1055	-0.694325	33.4795	
0.981856	0.00405838	-0.189583	0.00411789	0.999079	0.0427138	0.189582	-0.0427195	0.980935	3.30205	-0.7386	34.5125	
0.980743	0.00430932	-0.195255	0.00437439	0.999021	0.0440206	0.195254	-0.0440271	0.979764	3.50458	-0.784252	35.5444	
0.979597	0.00456783	-0.20092	0.0046388	0.998961	0.0453277	0.200919	-0.0453349	0.978558	3.71307	-0.83128	36.575	
0.978418	0.00483392	-0.206579	0.00491113	0.9989	0.0466347	0.206577	-0.0466428	0.977318	3.92752	-0.879684	37.6043	
0.977206	0.00510758	-0.21223	0.00519138	0.998837	0.0479419	0.212228	-0.0479509	0.976043	4.14792	-0.929466	38.6323	
0.975962	0.00538881	-0.217873	0.00547957	0.998772	0.049249	0.217871	-0.049259	0.974734	4.37427	-0.980624	39.6589	
0.974685	0.00567761	-0.223509	0.0057757	0.998705	0.0505561	0.223507	-0.0505672	0.97339	4.60655	-1.03316	40.6841	
0.973376	0.00597399	-0.229138	0.00607979	0.998636	0.051863	0.229135	-0.0518753	0.972011	4.84476	-1.08707	41.7079	
0.972034	0.00627794	-0.234758	0.00639184	0.998565	0.0531698	0.234755	-0.0531833	0.970599	5.08889	-1.14236	42.7302	
0.970659	0.00658946	-0.24037	0.00671186	0.998493	0.0544763	0.240367	-0.0544912	0.969151	5.33893	-1.19902	43.7511	
0.969252	0.00690856	-0.245974	0.00703987	0.998418	0.0557826	0.24597	-0.055799	0.96767	5.59487	-1.25707	44.7703	
0.967812	0.00723522	-0.251569	0.00737586	0.998342	0.0570885	0.251565	-0.0571065	0.966154	5.8567	-1.31648	45.788	
0.966341	0.00756945	-0.257155	0.00771984	0.998264	0.058394	0.25715	-0.0584137	0.964604	6.12442	-1.37728	46.8041	
0.964836	0.00791125	-0.262732	0.00807183	0.998184	0.0596991	0.262727	-0.0597206	0.96302	6.39801	-1.43945	47.8186	
0.9633	0.00826061	-0.2683	0.00843183	0.998102	0.0610038	0.268295	-0.0610272	0.961402	6.67747	-1.50299	48.8313	
0.961731	0.00861753	-0.273858	0.00879984	0.998018	0.0623079	0.273853	-0.0623333	0.95975	6.96278	-1.56791	49.8424	
0.960131	0.008982	-0.279407	0.00917587	0.997933	0.0636113	0.279401	-0.063639	0.958063	7.25394	-1.63421	50.8516	
0.958498	0.00935404	-0.284946	0.00955993	0.997845	0.0649142	0.284939	-0.0649442	0.956343	7.55093	-1.70188	51.8591	
0.956833	0.00973362	-0.290475	0.00995202	0.997756	0.0662163	0.290468	-0.0662488	0.954589	7.85375	-1.77092	52.8648	
0.955136	0.0101208	-0.295994	0.0103521	0.997664	0.0675177	0.295986	-0.0675528	0.952801	8.16238	-1.84133	53.8686	
0.953408	0.0105154	-0.301502	0.0107603	0.997571	0.0688183	0.301493	-0.0688561	0.950979	8.47681	-1.91312	54.8704	
0.951647	0.0109176	-0.307	0.0111765	0.997476	0.070118	0.30699	-0.0701587	0.949123	8.79703	-1.98628	55.8704	
0.949855	0.0113274	-0.312486	0.0116008	0.997379	0.0714168	0.312476	-0.0714606	0.947234	9.12304	-2.06081	56.8684	
0.948031	0.0117447	-0.317962	0.0120331	0.99728	0.0727146	0.317951	-0.0727617	0.945311	9.45481	-2.13671	57.8644	
0.946175	0.0121695	-0.323426	0.0124735	0.997179	0.0740114	0.323415	-0.074062	0.943354	9.79234	-2.21398	58.8583	
0.944288	0.0126018	-0.328879	0.0129219	0.997077	0.0753071	0.328867	-0.0753613	0.941365	10.1356	-2.29261	59.8502	
0.942369	0.0130416	-0.334321	0.0133784	0.996972	0.0766017	0.334307	-0.0766597	0.939341	10.4846	-2.37262	60.8399	
0.940419	0.0134889	-0.33975	0.013843	0.996865	0.0778951	0.339736	-0.0779572	0.937284	10.8393	-2.45398	61.8275	
0.938437	0.0139438	-0.345168	0.0143156	0.996757	0.0791872	0.345152	-0.0792535	0.935194	11.1998	-2.53672	62.8129	
0.936425	0.0144061	-0.350573	0.0147963	0.996647	0.0804781	0.350556	-0.0805488	0.933071	11.5659	-2.62082	63.7961	
0.934381	0.0148759	-0.355965	0.0152851	0.996534	0.0817676	0.355948	-0.081843	0.930915	11.9377	-2.70628	64.7771	
0.932306	0.0153532	-0.361345	0.0157819	0.99642	0.0830557	0.361327	-0.083136	0.928726	12.3152	-2.7931	65.7557	
0.930199	0.015838	-0.366713	0.0162868	0.996304	0.0843424	0.366693	-0.0844278	0.926503	12.6983	-2.88128	66.7321	
0.929308	0.0160419	-0.368957	0.0160935	0.996348	0.0838558	0.368954	-0.0838657	0.925656	13.0855	-2.96985	67.7068	
0.928412	0.0162444	-0.371198	0.0158997	0.996392	0.0833712	0.371213	-0.0833047	0.924803	13.475	-3.05783	68.6806	
0.927509	0.0164456	-0.373438	0.0157054	0.996435	0.0828888	0.37347	-0.0827451	0.923945	13.8669	-3.14521	69.6536	
0.935808	0.0146976	-0.352202	0.0109808	0.99743	0.0707996	0.352338	-0.0701223	0.933242	14.2489	-3.22566	70.631	
0.943622	0.0132389	-0.330761	0.00653292	0.998261	0.0585935	0.330962	-0.057451	0.941894	14.6085	-3.29281	71.6179	
0.950943	0.0120704	-0.30913	0.00236482	0.998926	0.0462791	0.309357	-0.0447398	0.949893	14.9455	-3.34659	72.6135	
0.957768	0.011193	-0.287324	-0.00152062	0.999425	0.0338648	0.287538	-0.0319977	0.957235	15.2596	-3.38697	73.6172	
0.964092	0.0106072	-0.265357	-0.00512069	0.999759	0.0213593	0.265519	-0.0192335	0.963914	15.5507	-3.41394	74.6283	
0.96991	0.0103135	-0.243245	-0.00843292	0.999926	0.00877112	0.243317	-0.00645594	0.969925	15.8185	-3.42746	75.6461	
0.975219	0.010312	-0.221003	-0.011455	0.999927	-0.00389093	0.220947	0.0063261	0.975265	16.0628	-3.42753	76.6698	
0.980014	0.0106028	-0.198647	-0.0141849	0.999761	-0.0166181	0.198423	0.0191038	0.97993	16.2835	-3.41414	77.6988	
0.984292	0.0111856	-0.176191	-0.0166206	0.999429	-0.0294016	0.175762	0.0318682	0.983917	16.4805	-3.38732	78.7324	
0.988051	0.0120601	-0.153653	-0.0187605	0.998932	-0.0422326	0.152979	0.0446105	0.987222	16.6535	-3.34707	79.7698	
0.991288	0.0132256	-0.131047	-0.0206031	0.998268	-0.0551021	0.130091	0.057322	0.989844	16.8025	-3.29342	80.8103	
0.994	0.0146813	-0.108388	-0.0221472	0.997439	-0.0680013	0.107112	0.0699938	0.99178	16.9273	-3.22641	81.8532	
0.996186	0.0164263	-0.0856932	-0.0233916	0.996446	-0.0809213	0.0840594	0.0826171	0.99303	17.0279	-3.1461	82.8978	
0.997844	0.0184594	-0.0629776	-0.0243355	0.995289	-0.093853	0.0609484	0.0951833	0.993592	17.1042	-3.05252	83.9433	
0.998973	0.020779	-0.040257	-0.0249783	0.993968	-0.106788	0.0377953	0.107684	0.993467	17.1562	-2.94575	84.9891	
0.999573	0.0233836	-0.0175472	-0.0253194	0.992485	-0.119716	0.0146159	0.120109	0.992653	17.1838	-2.82587	86.0344	
0.999642	0.0262715	0.0051362	-0.0253588	0.990841	-0.132629	-0.00857353	0.132452	0.991152	17.187	-2.69295	87.0784	
0.99918	0.0294406	0.0277774	-0.0250962	0.989037	-0.145519	-0.0317571	0.144703	0.988965	17.1657	-2.54708	88.1206	
0.998189	0.0328886	0.0503608	-0.024532	0.987074	-0.158375	-0.0549186	0.156853	0.986094	17.1201	-2.38838	89.16	
0.996669	0.0366133	0.0728707	-0.0236665	0.984954	-0.17119	-0.0780421	0.168895	0.982539	17.0501	-2.21694	90.1961	
0.994621	0.0406121	0.0952915	-0.0225003	0.982677	-0.183954	-0.101112	0.18082	0.978305	16.9559	-2.03288	91.2281	
0.992045	0.0448821	0.117608	-0.0210343	0.980246	-0.196658	-0.124111	0.19262	0.973393	16.8373	-1.83634	92.2552	
0.988945	0.0494204	0.139804	-0.0192693	0.977663	-0.209294	-0.147025	0.204287	0.967807	16.6946	-1.62746	93.2769	
0.985322	0.054224	0.161865	-0.0172068	0.974928	-0.221853	-0.169836	0.215812	0.961551	16.5279	-1.40636	94.2923	
0.981179	0.0592893	0.183775	-0.014848	0.972045	-0.234327	-0.192531	0.227188	0.95463	16.3371	-1.17321	95.3008	
0.976518	0.0646131	0.205519	-0.0121946	0.969014	-0.246705	-0.215091	0.238406	0.947047	16.1226	-0.928174	96.3016	
0.971343	0.0701915	0.227083	-0.00924845	0.965838	-0.258981	-0.237503	0.249459	0.938809	15.8844	-0.671414	97.2941	
0.965657	0.0760207	0.24845	-0.00601162	0.96252	-0.271146	-0.259751	0.26034	0.929921	15.6227	-0.40311	98.2776	
0.959464	0.0820966	0.269607	-0.00248632	0.959061	-0.28319	-0.281819	0.27104	0.920389	15.3377	-0.123448	99.2514	
0.95277	0.0884151	0.290539	0.00132501	0.955464	-0.295106	-0.303691	0.281553	0.910219	15.0295	0.167378	100.215	
0.945577	0.0949718	0.311231	0.00541972	0.951731	-0.306886	-0.325353	0.291871	0.89942	14.6985	0.469167	101.167	
