1	0	0	0	1	0	0	0	1	0	0	0	
0.999998	-1.50729e-06	0.00222553	-1.50729e-06	0.999999	0.00135454	-0.00222553	-0.00135454	0.999997	-0.000887966	-0.00054045	0.797979	
0.99999	-6.04636e-06	0.0044574	-6.04632e-06	0.999996	0.00271293	-0.0044574	-0.00271293	0.999986	-0.00355439	-0.00216333	1.59595	
0.999978	-1.36428e-05	0.00669552	-1.36426e-05	0.999992	0.00407511	-0.00669552	-0.00407511	0.999969	-0.0080043	-0.00487169	2.39391	
0.99996	-2.43218e-05	0.00893984	-2.43215e-05	0.999985	0.00544103	-0.00893984	-0.00544103	0.999945	-0.0142427	-0.00866853	3.19186	
0.999937	-3.81086e-05	0.0111903	-3.81079e-05	0.999977	0.00681067	-0.0111903	-0.00681067	0.999914	-0.0222744	-0.0135568	3.98979	
0.99991	-5.50279e-05	0.0134467	-5.50267e-05	0.999967	0.00818398	-0.0134467	-0.00818398	0.999876	-0.0321043	-0.0195396	4.78768	
0.999877	-7.51043e-05	0.0157092	-7.51024e-05	0.999954	0.0095609	-0.0157092	-0.0095609	0.999831	-0.0437372	-0.0266196	5.58555	
0.999838	-9.83621e-05	0.0179775	-9.83592e-05	0.99994	0.0109414	-0.0179775	-0.0109414	0.999779	-0.0571779	-0.0347998	6.38337	
0.999795	-0.000124825	0.0202517	-0.000124821	0.999924	0.0123254	-0.0202517	-0.0123254	0.999719	-0.072431	-0.044083	7.18115	
0.999746	-0.000154518	0.0225317	-0.000154512	0.999906	0.013713	-0.0225317	-0.013713	0.999652	-0.0895012	-0.0544721	7.97888	
0.999692	-0.000187463	0.0248173	-0.000187455	0.999886	0.0151039	-0.0248173	-0.0151039	0.999578	-0.108393	-0.0659697	8.77655	
0.999632	-0.000223683	0.0271085	-0.000223674	0.999864	0.0164983	-0.0271085	-0.0164983	0.999496	-0.129111	-0.0785787	9.57416	
0.999568	-0.000263203	0.0294053	-0.000263191	0.99984	0.017896	-0.0294053	-0.017896	0.999407	-0.151659	-0.0923017	10.3717	
0.999497	-0.000306045	0.0317076	-0.000306029	0.999814	0.0192971	-0.0317076	-0.0192971	0.999311	-0.176043	-0.107141	11.1692	
0.999421	-0.00035223	0.0340152	-0.000352211	0.999786	0.0207014	-0.0340152	-0.0207014	0.999207	-0.202265	-0.1231	11.9666	
0.99934	-0.000401781	0.0363282	-0.000401758	0.999755	0.0221089	-0.0363282	-0.0221089	0.999095	-0.230332	-0.140181	12.7639	
0.999253	-0.000454721	0.0386464	-0.000454693	0.999723	0.0235196	-0.0386464	-0.0235196	0.998976	-0.260246	-0.158387	13.5611	
0.99916	-0.00051107	0.0409698	-0.000511036	0.999689	0.0249334	-0.0409698	-0.0249334	0.998849	-0.292012	-0.177719	14.3582	
0.999062	-0.00057085	0.0432983	-0.00057081	0.999653	0.0263504	-0.0432983	-0.0263504	0.998715	-0.325634	-0.198181	15.1552	
0.998958	-0.000634082	0.0456318	-0.000634036	0.999614	0.0277704	-0.0456318	-0.0277704	0.998572	-0.361116	-0.219774	15.9521	
0.998849	-0.000700786	0.0479703	-0.000700733	0.999574	0.0291933	-0.0479703	-0.0291933	0.998422	-0.398463	-0.242502	16.7489	
0.998733	-0.000770984	0.0503137	-0.000770923	0.999531	0.0306193	-0.0503137	-0.0306193	0.998264	-0.437677	-0.266367	17.5455	
0.998612	-0.000844696	0.0526619	-0.000844625	0.999486	0.0320481	-0.0526619	-0.0320481	0.998098	-0.478763	-0.29137	18.3421	
0.998485	-0.00092194	0.0550148	-0.00092186	0.999439	0.0334798	-0.0550148	-0.0334798	0.997924	-0.521725	-0.317515	19.1385	
0.998352	-0.00100274	0.0573724	-0.00100265	0.99939	0.0349144	-0.0573724	-0.0349144	0.997742	-0.566567	-0.344804	19.9347	
0.998214	-0.00108711	0.0597345	-0.00108701	0.999338	0.0363517	-0.0597345	-0.0363517	0.997552	-0.613291	-0.373239	20.7308	
0.998069	-0.00117507	0.0621012	-0.00117495	0.999285	0.0377917	-0.0621012	-0.0377917	0.997354	-0.661902	-0.402821	21.5268	
0.997919	-0.00126664	0.0644724	-0.00126651	0.999229	0.0392345	-0.0644724	-0.0392345	0.997148	-0.712404	-0.433554	22.3225	
0.997762	-0.00136184	0.0668479	-0.0013617	0.999171	0.0406799	-0.0668479	-0.0406799	0.996934	-0.764799	-0.465439	23.1182	
0.9976	-0.00146069	0.0692277	-0.00146053	0.999111	0.0421278	-0.0692277	-0.0421278	0.996711	-0.819092	-0.498478	23.9136	
0.997431	-0.0015632	0.0716117	-0.00156302	0.999049	0.0435784	-0.0716117	-0.0435784	0.99648	-0.875286	-0.532674	24.7089	
0.997257	-0.00166939	0.0739998	-0.0016692	0.998984	0.0450314	-0.0739998	-0.0450314	0.996241	-0.933383	-0.568029	25.5039	
0.997076	-0.00177928	0.0763921	-0.00177907	0.998917	0.0464869	-0.0763921	-0.0464869	0.995994	-0.993388	-0.604543	26.2988	
0.99689	-0.00189289	0.0787883	-0.00189266	0.998848	0.0479448	-0.0787883	-0.0479448	0.995738	-1.0553	-0.642221	27.0935	
0.996697	-0.00201024	0.0811884	-0.00200998	0.998777	0.0494051	-0.0811884	-0.0494051	0.995474	-1.11913	-0.681062	27.888	
0.996498	-0.00213133	0.0835924	-0.00213105	0.998703	0.0508677	-0.0835925	-0.0508677	0.995201	-1.18488	-0.72107	28.6822	
0.996293	-0.00225619	0.0860002	-0.00225589	0.998627	0.0523326	-0.0860002	-0.0523326	0.99492	-1.25254	-0.762246	29.4763	
0.996081	-0.00238483	0.0884117	-0.0023845	0.998549	0.0537997	-0.0884117	-0.0537997	0.99463	-1.32213	-0.804592	30.2701	
0.995864	-0.00251727	0.0908268	-0.00251691	0.998468	0.055269	-0.0908268	-0.055269	0.994332	-1.39365	-0.848109	31.0637	
0.99564	-0.00265351	0.0932455	-0.00265313	0.998385	0.0567405	-0.0932455	-0.0567405	0.994025	-1.46709	-0.8928	31.857	
0.995409	-0.00279359	0.0956676	-0.00279318	0.9983	0.058214	-0.0956676	-0.058214	0.99371	-1.54247	-0.938666	32.6501	
0.995173	-0.00293751	0.0980931	-0.00293706	0.998213	0.0596897	-0.0980931	-0.0596896	0.993386	-1.61977	-0.985708	33.4429	
0.99493	-0.00308528	0.100522	-0.0030848	0.998123	0.0611673	-0.100522	-0.0611672	0.993053	-1.69902	-1.03393	34.2355	
0.994681	-0.00323693	0.102954	-0.00323641	0.998031	0.0626469	-0.102954	-0.0626468	0.992711	-1.7802	-1.08333	35.0278	
0.994425	-0.00339246	0.105389	-0.0033919	0.997936	0.0641284	-0.105389	-0.0641283	0.992361	-1.86333	-1.13391	35.8198	
0.994163	-0.00355188	0.107828	-0.00355129	0.997839	0.0656117	-0.107828	-0.0656117	0.992002	-1.9484	-1.18568	36.6116	
0.993895	-0.00371522	0.110269	-0.00371459	0.99774	0.0670969	-0.110269	-0.0670969	0.991634	-2.03542	-1.23863	37.403	
0.99362	-0.00388248	0.112714	-0.0038818	0.997638	0.0685839	-0.112714	-0.0685839	0.991258	-2.12439	-1.29276	38.1942	
0.993339	-0.00405367	0.115161	-0.00405295	0.997534	0.0700727	-0.115161	-0.0700726	0.990872	-2.21531	-1.34808	38.985	
0.993051	-0.00422882	0.117611	-0.00422805	0.997427	0.0715631	-0.117611	-0.071563	0.990478	-2.30818	-1.40459	39.7756	
0.992756	-0.00440792	0.120064	-0.0044071	0.997318	0.0730551	-0.120064	-0.0730551	0.990075	-2.40301	-1.4623	40.5658	
0.992456	-0.00459099	0.122519	-0.00459013	0.997207	0.0745488	-0.122519	-0.0745487	0.989662	-2.4998	-1.52119	41.3557	
0.992148	-0.00477805	0.124977	-0.00477713	0.997093	0.076044	-0.124977	-0.076044	0.989241	-2.59855	-1.58127	42.1452	
0.991834	-0.0049691	0.127438	-0.00496812	0.996977	0.0775407	-0.127438	-0.0775407	0.988811	-2.69926	-1.64255	42.9345	
0.991514	-0.00516415	0.129901	-0.00516312	0.996858	0.0790389	-0.129901	-0.0790389	0.988372	-2.80194	-1.70503	43.7233	
0.990865	-0.00555925	0.134743	-0.00558606	0.9966	0.0821966	-0.134741	-0.0821984	0.987466	-2.90753	-1.76936	44.5117	
0.990192	-0.00597014	0.139583	-0.00602469	0.996333	0.0853529	-0.139581	-0.0853568	0.986525	-3.01698	-1.83621	45.2993	
0.989495	-0.00639683	0.144423	-0.00647902	0.996054	0.0885078	-0.144419	-0.0885138	0.98555	-3.13029	-1.90558	46.0861	
0.988774	-0.00683931	0.149261	-0.00694906	0.995766	0.091661	-0.149256	-0.0916693	0.98454	-3.24747	-1.97748	46.8722	
0.988029	-0.0072976	0.154097	-0.00743481	0.995467	0.0948124	-0.154091	-0.0948231	0.983496	-3.3685	-2.05188	47.6574	
0.987259	-0.00777169	0.158931	-0.00793627	0.995159	0.0979619	-0.158923	-0.0979751	0.982418	-3.49339	-2.12881	48.4418	
0.986465	-0.00826159	0.163763	-0.00845343	0.994839	0.101109	-0.163753	-0.101125	0.981305	-3.62213	-2.20825	49.2253	
0.985647	-0.0087673	0.168593	-0.00898631	0.99451	0.104254	-0.168581	-0.104273	0.980157	-3.75473	-2.2902	50.0079	
0.984804	-0.00928881	0.173419	-0.00953488	0.994171	0.107397	-0.173406	-0.107418	0.978975	-3.89118	-2.37466	50.7896	
0.983938	-0.00982612	0.178242	-0.0100991	0.993821	0.110537	-0.178227	-0.110561	0.977758	-4.03148	-2.46164	51.5703	
0.983047	-0.0103792	0.183062	-0.0106791	0.993461	0.113674	-0.183045	-0.113702	0.976507	-4.17562	-2.55111	52.35	
0.982131	-0.0109481	0.187878	-0.0112747	0.99309	0.116808	-0.187859	-0.116839	0.975222	-4.32361	-2.6431	53.1287	
0.981192	-0.0115328	0.19269	-0.0118861	0.99271	0.11994	-0.192669	-0.119974	0.973902	-4.47544	-2.73758	53.9064	
0.980228	-0.0121332	0.197498	-0.012513	0.992319	0.123068	-0.197475	-0.123106	0.972548	-4.6311	-2.83457	54.683	
0.97924	-0.0127494	0.202302	-0.0131556	0.991919	0.126192	-0.202276	-0.126234	0.971159	-4.7906	-2.93406	55.4586	
0.978228	-0.0133813	0.207101	-0.0138139	0.991508	0.129313	-0.207072	-0.129359	0.969736	-4.95393	-3.03603	56.233	
0.977192	-0.014029	0.211894	-0.0144877	0.991086	0.13243	-0.211863	-0.13248	0.968278	-5.12108	-3.14051	57.0062	
0.976132	-0.0146923	0.216682	-0.0151772	0.990655	0.135544	-0.216649	-0.135597	0.966787	-5.29205	-3.24747	57.7783	
0.975047	-0.0153714	0.221465	-0.0158822	0.990214	0.138653	-0.221429	-0.138711	0.965261	-5.46684	-3.35691	58.5492	
0.973939	-0.0160661	0.226242	-0.0166028	0.989762	0.141758	-0.226203	-0.14182	0.963701	-5.64544	-3.46884	59.3188	
0.972806	-0.0167764	0.231013	-0.0173389	0.9893	0.144859	-0.230971	-0.144926	0.962107	-5.82785	-3.58325	60.0872	
0.97165	-0.0175024	0.235777	-0.0180906	0.988829	0.147956	-0.235733	-0.148026	0.960478	-6.01406	-3.70014	60.8543	
0.970469	-0.0182439	0.240535	-0.0188577	0.988347	0.151047	-0.240487	-0.151123	0.958816	-6.20407	-3.81949	61.6201	
0.969265	-0.019001	0.245285	-0.0196403	0.987855	0.154134	-0.245235	-0.154214	0.95712	-6.39787	-3.94132	62.3845	
0.968036	-0.0197736	0.250029	-0.0204383	0.987353	0.157216	-0.249975	-0.157301	0.955389	-6.59545	-4.06561	63.1476	
0.966784	-0.0205618	0.254765	-0.0212517	0.986841	0.160293	-0.254708	-0.160383	0.953625	-6.79681	-4.19237	63.9092	
0.965509	-0.0213654	0.259493	-0.0220804	0.986319	0.163364	-0.259433	-0.163459	0.951827	-7.00195	-4.32158	64.6695	
0.964209	-0.0221844	0.264213	-0.0229245	0.985787	0.16643	-0.26415	-0.166531	0.949996	-7.21086	-4.45324	65.4283	
0.962886	-0.0230188	0.268925	-0.0237839	0.985245	0.169491	-0.268859	-0.169596	0.948131	-7.42352	-4.58735	66.1857	
0.961539	-0.0238686	0.273629	-0.0246586	0.984693	0.172546	-0.273559	-0.172657	0.946232	-7.63994	-4.72391	66.9415	
0.960169	-0.0247337	0.278323	-0.0255485	0.984131	0.175594	-0.27825	-0.175711	0.9443	-7.86011	-4.8629	67.6958	
0.958775	-0.0256141	0.283009	-0.0264535	0.983559	0.178637	-0.282932	-0.178759	0.942335	-8.08402	-5.00433	68.4485	
0.957358	-0.0265097	0.287686	-0.0273738	0.982978	0.181674	-0.287605	-0.181802	0.940336	-8.31165	-5.14819	69.1997	
0.955917	-0.0274204	0.292352	-0.0283091	0.982386	0.184704	-0.292268	-0.184838	0.938304	-8.54302	-5.29448	69.9493	
0.954454	-0.0283464	0.297009	-0.0292595	0.981785	0.187728	-0.296921	-0.187868	0.936239	-8.7781	-5.44319	70.6972	
0.949462	-0.0315132	0.312297	-0.0327229	0.979588	0.198334	-0.312172	-0.19853	0.92905	-9.02113	-5.59736	71.4415	
0.944221	-0.0348541	0.327463	-0.0363591	0.97727	0.208857	-0.327299	-0.209113	0.921492	-9.27628	-5.76001	72.1798	
0.938733	-0.0383678	0.342503	-0.0401665	0.974832	0.219291	-0.342296	-0.219613	0.913566	-9.54345	-5.93107	72.912	
0.933001	-0.0420529	0.357409	-0.0441437	0.972276	0.229633	-0.357157	-0.230025	0.905277	-9.82254	-6.11048	73.6377	
0.927026	-0.0459079	0.372177	-0.0482891	0.969601	0.239879	-0.371876	-0.240346	0.896628	-10.1134	-6.29816	74.3567	
0.920811	-0.0499313	0.386801	-0.0526011	0.96681	0.250025	-0.386447	-0.250572	0.887622	-10.416	-6.49404	75.0686	
0.914358	-0.0541216	0.401273	-0.0570779	0.963902	0.260066	-0.400863	-0.260697	0.878263	-10.7301	-6.69804	75.7732	
0.907671	-0.0584769	0.41559	-0.0617177	0.960881	0.269999	-0.415121	-0.270719	0.868554	-11.0557	-6.91007	76.4702	
0.900751	-0.0629956	0.429744	-0.0665188	0.957746	0.279819	-0.429213	-0.280633	0.858499	-11.3926	-7.13006	77.1593	
