1	0	0	0	1	0	0	0	1	0	0	0	
0.999992	2.11121e-06	0.00409329	2.11121e-06	0.999999	-0.00103154	-0.00409329	0.00103154	0.999991	-0.00179237	0.000451691	0.875755	
0.999966	8.45511e-06	0.00818938	8.46384e-06	0.999998	-0.00206592	-0.00818938	0.00206592	0.999964	-0.0071707	0.00180801	1.75149	
0.999924	1.90491e-05	0.0122882	1.9084e-05	0.999995	-0.00310312	-0.0122882	0.00310312	0.99992	-0.0161374	0.00407143	2.6272	
0.999866	3.39103e-05	0.0163895	3.39977e-05	0.999991	-0.00414309	-0.0163895	0.0041431	0.999857	-0.0286947	0.00724439	3.50286	
0.99979	5.30556e-05	0.0204932	5.32306e-05	0.999987	-0.00518583	-0.0204932	0.00518583	0.999777	-0.0448449	0.0113293	4.37846	
0.999697	7.65017e-05	0.0245993	7.68082e-05	0.999981	-0.00623128	-0.0245993	0.00623129	0.999678	-0.06459	0.0163287	5.25398	
0.999588	0.000104265	0.0287075	0.000104756	0.999973	-0.00727943	-0.0287075	0.00727944	0.999561	-0.087932	0.0222447	6.12941	
0.999461	0.000136361	0.0328178	0.000137098	0.999965	-0.00833025	-0.0328178	0.00833027	0.999427	-0.114873	0.0290799	7.00472	
0.999318	0.000172807	0.03693	0.00017386	0.999956	-0.00938371	-0.03693	0.00938373	0.999274	-0.145414	0.0368365	7.87991	
0.999157	0.000213617	0.041044	0.000215066	0.999945	-0.0104398	-0.041044	0.0104398	0.999103	-0.179557	0.0455168	8.75496	
0.99898	0.000258808	0.0451597	0.000260741	0.999934	-0.0114984	-0.0451597	0.0114985	0.998914	-0.217304	0.0551231	9.62985	
0.998785	0.000308393	0.049277	0.000310909	0.999921	-0.0125596	-0.049277	0.0125597	0.998706	-0.258656	0.0656577	10.5046	
0.998573	0.000362389	0.0533957	0.000365592	0.999907	-0.0136233	-0.0533956	0.0136234	0.998481	-0.303614	0.0771227	11.3791	
0.998345	0.000420809	0.0575156	0.000424816	0.999892	-0.0146895	-0.0575156	0.0146896	0.998237	-0.35218	0.0895204	12.2534	
0.998099	0.000483668	0.0616368	0.000488603	0.999876	-0.0157582	-0.0616367	0.0157583	0.997974	-0.404354	0.102853	13.1275	
0.997835	0.000550981	0.065759	0.000556977	0.999858	-0.0168292	-0.0657589	0.0168294	0.997694	-0.460138	0.117122	14.0014	
0.997555	0.00062276	0.0698821	0.00062996	0.99984	-0.0179027	-0.069882	0.017903	0.997395	-0.519532	0.132331	14.875	
0.997258	0.00069902	0.074006	0.000707574	0.99982	-0.0189786	-0.0740059	0.0189789	0.997077	-0.582538	0.148481	15.7483	
0.996943	0.000779773	0.0781306	0.000789843	0.999799	-0.0200567	-0.0781305	0.0200571	0.996741	-0.649155	0.165574	16.6214	
0.996611	0.000865034	0.0822558	0.000876789	0.999776	-0.0211372	-0.0822556	0.0211377	0.996387	-0.719385	0.183612	17.4941	
0.996262	0.000954814	0.0863813	0.000968432	0.999753	-0.02222	-0.0863812	0.0222205	0.996014	-0.793228	0.202598	18.3666	
0.995895	0.00104913	0.0905072	0.0010648	0.999728	-0.0233049	-0.090507	0.0233057	0.995623	-0.870684	0.222533	19.2387	
0.995512	0.00114798	0.0946333	0.0011659	0.999702	-0.0243921	-0.0946331	0.024393	0.995213	-0.951753	0.243419	20.1104	
0.995111	0.0012514	0.0987594	0.00127177	0.999674	-0.0254815	-0.0987591	0.0254825	0.994785	-1.03644	0.265259	20.9818	
0.994692	0.00135938	0.102885	0.00138242	0.999646	-0.026573	-0.102885	0.0265742	0.994338	-1.12473	0.288053	21.8528	
0.994257	0.00147194	0.107011	0.00149787	0.999616	-0.0276666	-0.107011	0.027668	0.993873	-1.21664	0.311805	22.7234	
0.993804	0.00158909	0.111137	0.00161815	0.999585	-0.0287623	-0.111136	0.0287639	0.993389	-1.31216	0.336515	23.5936	
0.993334	0.00171085	0.115262	0.00174327	0.999553	-0.0298601	-0.115261	0.0298619	0.992886	-1.4113	0.362186	24.4633	
0.992846	0.00183721	0.119386	0.00187326	0.999519	-0.0309598	-0.119386	0.030962	0.992365	-1.51404	0.38882	25.3326	
0.992341	0.0019682	0.12351	0.00200813	0.999484	-0.0320616	-0.12351	0.032064	0.991825	-1.6204	0.416418	26.2014	
0.991819	0.00210383	0.127633	0.0021479	0.999448	-0.0331652	-0.127633	0.0331681	0.991267	-1.73037	0.444981	27.0698	
0.99128	0.00224409	0.131755	0.00229259	0.99941	-0.0342708	-0.131755	0.0342741	0.99069	-1.84395	0.474513	27.9377	
0.990723	0.00238902	0.135877	0.00244223	0.999371	-0.0353783	-0.135876	0.035382	0.990094	-1.96114	0.505014	28.805	
0.990149	0.0025386	0.139996	0.00259682	0.999331	-0.0364876	-0.139995	0.0364917	0.989479	-2.08194	0.536486	29.6718	
0.989557	0.00269285	0.144115	0.00275639	0.999289	-0.0375988	-0.144114	0.0376034	0.988846	-2.20635	0.568931	30.5381	
0.988948	0.00285179	0.148232	0.00292096	0.999246	-0.0387117	-0.148231	0.0387168	0.988195	-2.33436	0.60235	31.4038	
0.988322	0.00301541	0.152348	0.00309054	0.999202	-0.0398263	-0.152346	0.0398321	0.987524	-2.46598	0.636745	32.2689	
0.987679	0.00318374	0.156462	0.00326515	0.999156	-0.0409427	-0.15646	0.0409491	0.986835	-2.6012	0.672117	33.1334	
0.987018	0.00335677	0.160574	0.00344481	0.999109	-0.0420608	-0.160572	0.0420679	0.986127	-2.74002	0.708469	33.9974	
0.98634	0.00353451	0.164684	0.00362953	0.999061	-0.0431805	-0.164682	0.0431883	0.985401	-2.88244	0.7458	34.8607	
0.985645	0.00371697	0.168792	0.00381933	0.999011	-0.0443017	-0.16879	0.0443105	0.984656	-3.02846	0.784114	35.7233	
0.984932	0.00390417	0.172898	0.00401423	0.99896	-0.0454246	-0.172896	0.0454342	0.983892	-3.17808	0.823412	36.5853	
0.984202	0.00409609	0.177002	0.00421424	0.998907	-0.046549	-0.176999	0.0465596	0.983109	-3.33129	0.863694	37.4466	
0.983455	0.00429277	0.181104	0.00441938	0.998853	-0.0476749	-0.181101	0.0476865	0.982308	-3.48809	0.904962	38.3072	
0.98269	0.00449419	0.185203	0.00462967	0.998798	-0.0488023	-0.185199	0.048815	0.981488	-3.64849	0.947218	39.1671	
0.981908	0.00470036	0.189299	0.00484512	0.998741	-0.0499311	-0.189295	0.049945	0.980649	-3.81247	0.990463	40.0263	
0.981109	0.0049113	0.193392	0.00506574	0.998683	-0.0510613	-0.193388	0.0510764	0.979792	-3.98004	1.0347	40.8847	
0.980293	0.00512701	0.197483	0.00529155	0.998623	-0.0521929	-0.197479	0.0522093	0.978916	-4.15119	1.07993	41.7424	
0.979459	0.00534749	0.201571	0.00552256	0.998562	-0.0533258	-0.201566	0.0533437	0.978021	-4.32593	1.12614	42.5993	
0.978609	0.00557275	0.205655	0.00575879	0.998499	-0.05446	-0.20565	0.0544794	0.977108	-4.50424	1.17336	43.4554	
0.977741	0.00580279	0.209736	0.00600025	0.998435	-0.0555955	-0.209731	0.0556164	0.976176	-4.68613	1.22157	44.3107	
0.976856	0.00603762	0.213814	0.00624696	0.99837	-0.0567321	-0.213808	0.0567548	0.975226	-4.87159	1.27077	45.1652	
0.975953	0.00627724	0.217889	0.00649892	0.998303	-0.05787	-0.217882	0.0578945	0.974256	-5.06061	1.32097	46.0188	
0.975034	0.00652166	0.22196	0.00675616	0.998235	-0.059009	-0.221953	0.0590354	0.973269	-5.25321	1.37218	46.8716	
0.974097	0.00677088	0.226027	0.00701868	0.998165	-0.0601491	-0.22602	0.0601775	0.972262	-5.44937	1.42438	47.7235	
0.973144	0.0070249	0.230091	0.00728649	0.998093	-0.0612903	-0.230082	0.0613208	0.971237	-5.64908	1.47758	48.5746	
0.972173	0.00728373	0.23415	0.00755962	0.998021	-0.0624325	-0.234141	0.0624653	0.970194	-5.85236	1.53178	49.4247	
0.971185	0.00754738	0.238205	0.00783806	0.997946	-0.0635757	-0.238196	0.0636109	0.969132	-6.05919	1.58699	50.2739	
0.970181	0.00781584	0.242257	0.00812183	0.99787	-0.0647199	-0.242247	0.0647576	0.968051	-6.26956	1.6432	51.1221	
0.968837	0.00818237	0.247564	0.0091325	0.997595	-0.0687118	-0.247531	0.0688314	0.966432	-6.48403	1.70169	51.9692	
0.967463	0.00857169	0.252869	0.0101649	0.997302	-0.0726965	-0.25281	0.0729015	0.964766	-6.70312	1.76376	52.8148	
0.966058	0.00898377	0.25817	0.0112189	0.996993	-0.0766737	-0.258082	0.0769676	0.963052	-6.92683	1.82938	53.659	
0.964623	0.00941864	0.263466	0.0122945	0.996667	-0.0806435	-0.263348	0.0810297	0.961292	-7.15515	1.89856	54.5016	
0.963157	0.00987627	0.268758	0.0133918	0.996325	-0.0846056	-0.268606	0.0850876	0.959485	-7.38808	1.9713	55.3427	
0.961661	0.0103567	0.274044	0.0145107	0.995965	-0.0885598	-0.273855	0.0891411	0.957631	-7.62561	2.0476	56.1821	
0.960136	0.0108598	0.279324	0.0156511	0.995589	-0.092506	-0.279096	0.09319	0.955731	-7.86774	2.12743	57.02	
0.95858	0.0113857	0.284597	0.0168131	0.995196	-0.096444	-0.284328	0.0972342	0.953784	-8.11445	2.21082	57.8561	
0.956994	0.0119342	0.289863	0.0179966	0.994787	-0.100374	-0.28955	0.101274	0.95179	-8.36574	2.29774	58.6905	
0.955378	0.0125055	0.295121	0.0192015	0.994361	-0.104295	-0.294761	0.105308	0.949751	-8.6216	2.3882	59.5232	
0.953733	0.0130994	0.300371	0.0204278	0.993918	-0.108208	-0.299962	0.109337	0.947665	-8.88202	2.48219	60.354	
0.952057	0.0137158	0.305612	0.0216756	0.993459	-0.112111	-0.30515	0.113361	0.945533	-9.14699	2.5797	61.183	
0.950353	0.0143549	0.310843	0.0229447	0.992983	-0.116006	-0.310327	0.117379	0.943355	-9.41649	2.68074	62.0101	
0.948619	0.0150164	0.316064	0.0242352	0.992491	-0.119892	-0.315491	0.121392	0.941132	-9.69053	2.78529	62.8353	
0.946856	0.0157004	0.321275	0.0255469	0.991982	-0.123769	-0.320642	0.125399	0.938863	-9.96908	2.89336	63.6585	
0.945064	0.0164069	0.326474	0.0268798	0.991457	-0.127636	-0.325779	0.1294	0.936549	-10.2521	3.00493	64.4797	
0.943243	0.0171356	0.331662	0.028234	0.990915	-0.131494	-0.330902	0.133394	0.934189	-10.5397	3.12	65.2989	
0.941393	0.0178866	0.336838	0.0296093	0.990356	-0.135342	-0.33601	0.137383	0.931785	-10.8317	3.23857	66.1159	
0.939515	0.0186599	0.342	0.0310057	0.989782	-0.13918	-0.341103	0.141365	0.929336	-11.1282	3.36063	66.9309	
0.937608	0.0194552	0.34715	0.0324232	0.98919	-0.143008	-0.346179	0.145341	0.926842	-11.4291	3.48617	67.7437	
0.935673	0.0202727	0.352285	0.0338616	0.988583	-0.146826	-0.351239	0.14931	0.924304	-11.7345	3.61519	68.5543	
0.93371	0.0211121	0.357406	0.0353211	0.987958	-0.150634	-0.356283	0.153272	0.921721	-12.0443	3.74769	69.3626	
0.93172	0.0219733	0.362512	0.0368014	0.987318	-0.154431	-0.361308	0.157228	0.919095	-12.3586	3.88365	70.1687	
0.928323	0.0235257	0.37103	0.0440406	0.98401	-0.172583	-0.369158	0.176553	0.912443	-12.6784	4.02981	70.9707	
0.924853	0.0252575	0.379485	0.0514336	0.98032	-0.190598	-0.376831	0.195793	0.905353	-13.0051	4.19286	71.7667	
0.921313	0.0271677	0.387871	0.0589769	0.976249	-0.208468	-0.384323	0.214939	0.897829	-13.3384	4.37272	72.5563	
0.917704	0.0292556	0.396186	0.0666668	0.9718	-0.226184	-0.391631	0.233983	0.889875	-13.6782	4.5693	73.3391	
0.914028	0.0315201	0.404424	0.0744998	0.966975	-0.243739	-0.398751	0.252914	0.881494	-14.0243	4.78251	74.1148	
0.910287	0.0339602	0.412583	0.0824719	0.961776	-0.261124	-0.40568	0.271724	0.872691	-14.3766	5.01225	74.8829	
0.906482	0.0365746	0.420657	0.0905795	0.956205	-0.27833	-0.412414	0.290404	0.86347	-14.7348	5.2584	75.6432	
0.902615	0.0393621	0.428644	0.0988187	0.950265	-0.295349	-0.418951	0.308945	0.853834	-15.0988	5.52085	76.3952	
0.898689	0.0423214	0.43654	0.107185	0.943959	-0.312173	-0.425288	0.327337	0.84379	-15.4685	5.79948	77.1386	
0.894704	0.045451	0.44434	0.115676	0.937291	-0.328794	-0.43142	0.345573	0.833341	-15.8437	6.09414	77.873	
0.890664	0.0487495	0.452041	0.124285	0.930262	-0.345204	-0.437345	0.363643	0.822492	-16.2241	6.40471	78.5981	
0.886569	0.0522152	0.45964	0.133011	0.922877	-0.361395	-0.443061	0.381538	0.811249	-16.6096	6.73102	79.3135	
0.882422	0.0558466	0.467131	0.141847	0.915139	-0.377359	-0.448565	0.399251	0.799618	-17.0001	7.07292	80.0189	
0.878225	0.0596419	0.474513	0.15079	0.907052	-0.393089	-0.453853	0.416772	0.787603	-17.3952	7.43026	80.7139	
0.87398	0.0635991	0.481782	0.159836	0.89862	-0.408577	-0.458924	0.434094	0.77521	-17.7949	7.80285	81.3983	
0.869689	0.0677166	0.488933	0.16898	0.889846	-0.423816	-0.463775	0.451208	0.762446	-18.199	8.19052	82.0716	
0.865353	0.0719922	0.495965	0.178218	0.880735	-0.438798	-0.468404	0.468105	0.749317	-18.6072	8.59308	82.7336	
