1	0	0	0	1	0	0	0	1	0	0	0	
0.999988	-7.84602e-07	0.00483759	-7.84602e-07	1	0.000324376	-0.00483759	-0.000324376	0.999988	-0.00206697	-0.000138597	0.854542	
0.999953	-3.14508e-06	0.00967487	-3.1587e-06	1	0.000651547	-0.00967487	-0.000651547	0.999953	-0.00826776	-0.000555583	1.70906	
0.999895	-7.0948e-06	0.0145117	-7.1493e-06	1	0.000981507	-0.0145117	-0.000981507	0.999894	-0.0186021	-0.00125334	2.56355	
0.999813	-1.26471e-05	0.019348	-1.27834e-05	0.999999	0.00131425	-0.019348	-0.00131425	0.999812	-0.0330694	-0.00223426	3.41797	
0.999708	-1.98153e-05	0.0241837	-2.00878e-05	0.999999	0.00164976	-0.0241837	-0.00164976	0.999706	-0.0516694	-0.0035007	4.27231	
0.999579	-2.86125e-05	0.0290185	-2.90894e-05	0.999998	0.00198803	-0.0290185	-0.00198804	0.999577	-0.0744013	-0.00505503	5.12655	
0.999427	-3.90521e-05	0.0338525	-3.98152e-05	0.999997	0.00232906	-0.0338525	-0.00232907	0.999424	-0.101264	-0.00689962	5.98067	
0.999251	-5.11472e-05	0.0386855	-5.22917e-05	0.999996	0.00267283	-0.0386855	-0.00267285	0.999248	-0.132258	-0.00903681	6.83465	
0.999053	-6.49109e-05	0.0435173	-6.65457e-05	0.999995	0.00301933	-0.0435173	-0.00301937	0.999048	-0.167381	-0.0114689	7.68847	
0.998831	-8.03562e-05	0.0483479	-8.2604e-05	0.999994	0.00336857	-0.0483479	-0.00336862	0.998825	-0.206633	-0.0141984	8.54211	
0.998585	-9.74963e-05	0.0531772	-0.000100493	0.999993	0.00372052	-0.0531772	-0.0037206	0.998578	-0.250012	-0.0172274	9.39554	
0.998316	-0.000116344	0.0580049	-0.000120239	0.999992	0.00407517	-0.0580049	-0.00407528	0.998308	-0.297517	-0.0205584	10.2488	
0.998024	-0.000136912	0.0628311	-0.00014187	0.99999	0.00443252	-0.0628311	-0.00443268	0.998014	-0.349147	-0.0241936	11.1017	
0.997709	-0.000159214	0.0676556	-0.00016541	0.999989	0.00479256	-0.0676556	-0.00479277	0.997697	-0.4049	-0.0281354	11.9545	
0.99737	-0.000183262	0.0724783	-0.000190887	0.999987	0.00515527	-0.0724782	-0.00515555	0.997357	-0.464776	-0.032386	12.8069	
0.997008	-0.00020907	0.077299	-0.000218328	0.999985	0.00552065	-0.077299	-0.00552101	0.996993	-0.528772	-0.0369479	13.659	
0.996623	-0.000236649	0.0821177	-0.000247757	0.999983	0.00588869	-0.0821176	-0.00588914	0.996605	-0.596886	-0.0418231	14.5108	
0.996214	-0.000266013	0.0869342	-0.000279202	0.99998	0.00625936	-0.0869341	-0.00625994	0.996194	-0.669117	-0.0470141	15.3623	
0.995782	-0.000297174	0.0917484	-0.000312689	0.999978	0.00663267	-0.0917484	-0.00663338	0.99576	-0.745464	-0.0525231	16.2134	
0.995327	-0.000330145	0.0965602	-0.000348243	0.999975	0.0070086	-0.0965602	-0.00700947	0.995302	-0.825923	-0.0583523	17.0641	
0.994849	-0.000364938	0.10137	-0.000385891	0.999973	0.00738714	-0.101369	-0.0073882	0.994821	-0.910493	-0.064504	17.9145	
0.994347	-0.000401566	0.106176	-0.000425658	0.99997	0.00776827	-0.106176	-0.00776955	0.994317	-0.999172	-0.0709805	18.7644	
0.993823	-0.000440042	0.11098	-0.000467571	0.999967	0.00815199	-0.11098	-0.00815352	0.993789	-1.09196	-0.0777841	19.6138	
0.993275	-0.000480377	0.115781	-0.000511655	0.999963	0.00853828	-0.115781	-0.0085401	0.993238	-1.18885	-0.0849168	20.4628	
0.992704	-0.000522585	0.120579	-0.000557936	0.99996	0.00892714	-0.120579	-0.00892928	0.992664	-1.28984	-0.092381	21.3114	
0.992109	-0.000566677	0.125374	-0.000606439	0.999956	0.00931854	-0.125374	-0.00932104	0.992066	-1.39493	-0.100179	22.1594	
0.991492	-0.000612666	0.130166	-0.000657191	0.999953	0.00971247	-0.130166	-0.00971538	0.991445	-1.50411	-0.108313	23.0069	
0.990852	-0.000660564	0.134955	-0.000710217	0.999949	0.0101089	-0.134955	-0.0101123	0.9908	-1.61739	-0.116784	23.8538	
0.990188	-0.000710383	0.13974	-0.000765541	0.999944	0.0105079	-0.13974	-0.0105118	0.990132	-1.73476	-0.125597	24.7002	
0.989501	-0.000762135	0.144521	-0.00082319	0.99994	0.0109094	-0.144521	-0.0109138	0.989442	-1.85622	-0.134751	25.5461	
0.988792	-0.000815832	0.149299	-0.000883189	0.999936	0.0113133	-0.149299	-0.0113184	0.988727	-1.98176	-0.14425	26.3913	
0.988059	-0.000871487	0.154073	-0.000945562	0.999931	0.0117197	-0.154073	-0.0117255	0.98799	-2.11138	-0.154096	27.2359	
0.987303	-0.000929111	0.158844	-0.00101034	0.999926	0.0121286	-0.158843	-0.0121351	0.987229	-2.24508	-0.164291	28.0798	
0.986525	-0.000988716	0.16361	-0.00107753	0.999921	0.0125399	-0.163609	-0.0125472	0.986445	-2.38286	-0.174837	28.9231	
0.985723	-0.00105031	0.168372	-0.00114718	0.999915	0.0129536	-0.168371	-0.0129618	0.985638	-2.5247	-0.185737	29.7658	
0.984898	-0.00111392	0.17313	-0.0012193	0.99991	0.0133698	-0.173129	-0.013379	0.984808	-2.67062	-0.196992	30.6077	
0.984051	-0.00117954	0.177883	-0.00129393	0.999904	0.0137883	-0.177883	-0.0137986	0.983955	-2.8206	-0.208604	31.4489	
0.98318	-0.00124718	0.182632	-0.00137107	0.999898	0.0142092	-0.182632	-0.0142207	0.983079	-2.97463	-0.220576	32.2893	
0.982287	-0.00131687	0.187377	-0.00145077	0.999892	0.0146325	-0.187376	-0.0146452	0.982179	-3.13273	-0.232909	33.129	
0.981371	-0.00138861	0.192117	-0.00153304	0.999885	0.0150582	-0.192116	-0.0150722	0.981257	-3.29488	-0.245607	33.968	
0.980432	-0.00146241	0.196852	-0.0016179	0.999879	0.0154862	-0.19685	-0.0155016	0.980311	-3.46107	-0.25867	34.8061	
0.97947	-0.00153829	0.201582	-0.00170539	0.999872	0.0159165	-0.20158	-0.0159335	0.979342	-3.63131	-0.272102	35.6434	
0.978486	-0.00161625	0.206307	-0.00179552	0.999865	0.0163491	-0.206305	-0.0163678	0.978351	-3.80559	-0.285903	36.4799	
0.977479	-0.00169631	0.211027	-0.00188833	0.999857	0.016784	-0.211025	-0.0168045	0.977336	-3.9839	-0.300077	37.3155	
0.976449	-0.00177848	0.215742	-0.00198382	0.99985	0.0172211	-0.21574	-0.0172436	0.976299	-4.16625	-0.314624	38.1502	
0.975396	-0.00186276	0.220451	-0.00208204	0.999842	0.0176606	-0.220449	-0.017685	0.975238	-4.35262	-0.329549	38.9841	
0.974321	-0.00194918	0.225155	-0.002183	0.999834	0.0181022	-0.225153	-0.0181289	0.974155	-4.54301	-0.344851	39.817	
0.973223	-0.00203774	0.229853	-0.00228672	0.999825	0.0185461	-0.229851	-0.0185751	0.973049	-4.73742	-0.360534	40.649	
0.972103	-0.00212846	0.234545	-0.00239323	0.999817	0.0189922	-0.234543	-0.0190237	0.97192	-4.93585	-0.376598	41.48	
0.97096	-0.00222133	0.239232	-0.00250256	0.999808	0.0194405	-0.239229	-0.0194746	0.970768	-5.13828	-0.393048	42.3101	
0.969794	-0.00231639	0.243913	-0.00261472	0.999799	0.0198909	-0.24391	-0.0199279	0.969593	-5.34471	-0.409883	43.1391	
0.968606	-0.00241363	0.248588	-0.00272974	0.999789	0.0203436	-0.248585	-0.0203835	0.968396	-5.55514	-0.427107	43.9672	
0.967396	-0.00251306	0.253257	-0.00284764	0.99978	0.0207983	-0.253253	-0.0208414	0.967176	-5.76956	-0.444722	44.7942	
0.966163	-0.0026147	0.257919	-0.00296845	0.99977	0.0212552	-0.257915	-0.0213016	0.965933	-5.98797	-0.462728	45.6202	
0.964908	-0.00271857	0.262575	-0.00309219	0.999759	0.0217141	-0.262571	-0.0217641	0.964667	-6.21036	-0.481129	46.4451	
0.96363	-0.00282466	0.267224	-0.00321888	0.999749	0.0221752	-0.26722	-0.0222288	0.963379	-6.43673	-0.499926	47.2689	
0.96233	-0.00293299	0.271867	-0.00334854	0.999738	0.0226383	-0.271863	-0.0226959	0.962068	-6.66706	-0.519121	48.0916	
0.961008	-0.00304357	0.276504	-0.0034812	0.999727	0.0231035	-0.276499	-0.0231652	0.960735	-6.90136	-0.538716	48.9131	
0.959772	-0.00315432	0.280764	-0.00448551	0.999637	0.0265641	-0.280746	-0.0267549	0.959409	-7.13946	-0.560046	49.7336	
0.958514	-0.00328129	0.285027	-0.00550621	0.999534	0.0300236	-0.284993	-0.0303474	0.958049	-7.38118	-0.584444	50.5528	
0.957234	-0.00342453	0.289294	-0.00654326	0.999418	0.0334815	-0.28924	-0.0339426	0.956655	-7.62654	-0.611914	51.3709	
0.955933	-0.00358413	0.293562	-0.00759665	0.999289	0.0369376	-0.293486	-0.0375399	0.955226	-7.87552	-0.642456	52.1878	
0.954611	-0.00376013	0.297832	-0.00866633	0.999146	0.0403915	-0.29773	-0.0411393	0.953763	-8.12813	-0.676074	53.0035	
0.953267	-0.00395258	0.302104	-0.00975229	0.998991	0.043843	-0.301972	-0.0447403	0.952266	-8.38437	-0.712768	53.8179	
0.951902	-0.00416153	0.306376	-0.0108545	0.998822	0.0472917	-0.306211	-0.0483426	0.950735	-8.64423	-0.75254	54.631	
0.950515	-0.00438703	0.310647	-0.0119728	0.99864	0.0507373	-0.310448	-0.0519459	0.94917	-8.90771	-0.795391	55.4428	
0.949107	-0.0046291	0.314919	-0.0131073	0.998445	0.0541796	-0.31468	-0.05555	0.947571	-9.17481	-0.841321	56.2532	
0.947679	-0.00488778	0.319189	-0.0142579	0.998237	0.0576183	-0.318908	-0.0591546	0.945938	-9.44553	-0.890331	57.0623	
0.946229	-0.00516308	0.323457	-0.0154246	0.998015	0.061053	-0.323131	-0.0627593	0.944271	-9.71986	-0.942422	57.8699	
0.944758	-0.00545504	0.327724	-0.0166072	0.997781	0.0644835	-0.327348	-0.0663639	0.942571	-9.99779	-0.997593	58.6761	
0.943266	-0.00576365	0.331987	-0.0178058	0.997533	0.0679094	-0.331559	-0.069968	0.940836	-10.2793	-1.05584	59.4808	
0.941754	-0.00608892	0.336247	-0.0190203	0.997271	0.0713306	-0.335764	-0.0735714	0.939069	-10.5645	-1.11717	60.2841	
0.940221	-0.00643085	0.340503	-0.0202505	0.996997	0.0747468	-0.339961	-0.0771739	0.937268	-10.8532	-1.18158	61.0858	
0.938668	-0.00678945	0.344755	-0.0214965	0.996709	0.0781576	-0.344151	-0.0807751	0.935433	-11.1455	-1.24907	61.8859	
0.937095	-0.00716469	0.349001	-0.0227582	0.996408	0.0815628	-0.348332	-0.0843747	0.933566	-11.4414	-1.31964	62.6845	
0.935501	-0.00755656	0.353242	-0.0240354	0.996094	0.0849621	-0.352505	-0.0879725	0.931666	-11.7408	-1.39327	63.4815	
0.933888	-0.00796503	0.357477	-0.0253282	0.995767	0.0883553	-0.356668	-0.0915682	0.929733	-12.0438	-1.46999	64.2768	
0.932255	-0.00839009	0.361705	-0.0266364	0.995426	0.0917421	-0.360821	-0.0951615	0.927768	-12.3504	-1.54977	65.0704	
0.930602	-0.00883169	0.365927	-0.0279599	0.995073	0.0951222	-0.364964	-0.0987522	0.92577	-12.6605	-1.63263	65.8624	
0.92893	-0.0092898	0.37014	-0.0292987	0.994706	0.0984954	-0.369095	-0.10234	0.92374	-12.9741	-1.71855	66.6527	
0.927238	-0.00976436	0.374345	-0.0306527	0.994326	0.101861	-0.373216	-0.105925	0.921678	-13.2913	-1.80753	67.4412	
0.925528	-0.0102553	0.378541	-0.0320218	0.993933	0.10522	-0.377324	-0.109506	0.919584	-13.612	-1.89958	68.2279	
0.923798	-0.0107627	0.382728	-0.0334058	0.993527	0.108571	-0.381419	-0.113083	0.917459	-13.9362	-1.99469	69.0128	
0.92205	-0.0112863	0.386905	-0.0348047	0.993108	0.111914	-0.385502	-0.116657	0.915303	-14.2639	-2.09285	69.7959	
0.922726	-0.0110625	0.385297	-0.0429867	0.990399	0.131382	-0.383051	-0.137793	0.913392	-14.5923	-2.20157	70.5773	
0.923398	-0.0108015	0.383692	-0.0511146	0.987241	0.150805	-0.380426	-0.158866	0.911064	-14.9185	-2.32833	71.3568	
0.924065	-0.0105036	0.382092	-0.0591848	0.983635	0.170174	-0.377627	-0.179866	0.908321	-15.2424	-2.47307	72.1342	
0.924726	-0.0101688	0.380497	-0.0671936	0.979583	0.189481	-0.374655	-0.200785	0.905162	-15.5638	-2.63572	72.9091	
0.925383	-0.00979729	0.378908	-0.0751372	0.975086	0.208715	-0.371512	-0.221612	0.901591	-15.8827	-2.8162	73.6811	
0.926033	-0.00938922	0.377325	-0.0830122	0.970147	0.22787	-0.3682	-0.242337	0.897609	-16.1987	-3.01444	74.4499	
0.926678	-0.00894479	0.37575	-0.0908148	0.964767	0.246935	-0.36472	-0.262952	0.893216	-16.5119	-3.23035	75.2151	
0.927316	-0.0084642	0.374183	-0.0985416	0.95895	0.265902	-0.361074	-0.283448	0.888416	-16.822	-3.46382	75.9764	
0.927948	-0.00794767	0.372625	-0.106189	0.952698	0.284762	-0.357262	-0.303813	0.883211	-17.129	-3.71475	76.7334	
0.928573	-0.00739544	0.371076	-0.113753	0.946014	0.303508	-0.353288	-0.32404	0.877602	-17.4326	-3.98302	77.4858	
0.929191	-0.00680776	0.369538	-0.121232	0.938901	0.32213	-0.349152	-0.34412	0.871593	-17.7327	-4.26852	78.2332	
0.929801	-0.00618489	0.36801	-0.12862	0.931362	0.340619	-0.344857	-0.364042	0.865186	-18.0293	-4.57111	78.9753	
0.930404	-0.00552713	0.366494	-0.135915	0.923401	0.358968	-0.340405	-0.383798	0.858384	-18.3221	-4.89065	79.7117	
0.930999	-0.00483476	0.36499	-0.143114	0.91502	0.377169	-0.335797	-0.403379	0.851191	-18.611	-5.22701	80.4422	
0.931585	-0.00410811	0.3635	-0.150213	0.906225	0.395211	-0.331036	-0.422775	0.843609	-18.8959	-5.58001	81.1664	
