1	0	0	0	1	0	0	0	1	0	0	0	
0.999999	-6.10015e-07	0.00125483	-6.10015e-07	1	0.000972269	-0.00125483	-0.000972269	0.999999	-0.00051619	-0.000399956	0.822727	
0.999997	-2.44053e-06	0.00250989	-2.44053e-06	0.999998	0.00194472	-0.00250989	-0.00194472	0.999995	-0.00206486	-0.0015999	1.64545	
0.999993	-5.49212e-06	0.00376515	-5.49215e-06	0.999996	0.00291734	-0.00376515	-0.00291734	0.999989	-0.00464618	-0.00359998	2.46817	
0.999987	-9.76525e-06	0.00502056	-9.76531e-06	0.999992	0.00389008	-0.00502056	-0.00389008	0.99998	-0.0082603	-0.0064003	3.29089	
0.99998	-1.52602e-05	0.00627609	-1.52603e-05	0.999988	0.00486291	-0.00627609	-0.00486291	0.999968	-0.0129073	-0.010001	4.11359	
0.999972	-2.19771e-05	0.0075317	-2.19773e-05	0.999983	0.0058358	-0.0075317	-0.0058358	0.999955	-0.0185874	-0.014402	4.93629	
0.999961	-2.99161e-05	0.00878734	-2.99164e-05	0.999977	0.00680873	-0.00878734	-0.00680873	0.999938	-0.0253004	-0.0196035	5.75897	
0.99995	-3.90768e-05	0.010043	-3.90773e-05	0.99997	0.00778166	-0.010043	-0.00778166	0.999919	-0.0330465	-0.0256055	6.58164	
0.999936	-4.94591e-05	0.0112986	-4.94598e-05	0.999962	0.00875455	-0.0112986	-0.00875455	0.999898	-0.0418257	-0.0324079	7.40429	
0.999921	-6.10625e-05	0.0125541	-6.10635e-05	0.999953	0.00972739	-0.0125541	-0.00972739	0.999874	-0.0516378	-0.0400107	8.22693	
0.999905	-7.38864e-05	0.0138094	-7.38877e-05	0.999943	0.0107001	-0.0138094	-0.0107001	0.999847	-0.0624828	-0.0484138	9.04954	
0.999887	-8.79301e-05	0.0150647	-8.79318e-05	0.999932	0.0116727	-0.0150647	-0.0116727	0.999818	-0.0743605	-0.0576172	9.87213	
0.999867	-0.000103193	0.0163197	-0.000103195	0.99992	0.0126452	-0.0163197	-0.0126452	0.999787	-0.0872709	-0.0676207	10.6947	
0.999846	-0.000119673	0.0175744	-0.000119676	0.999907	0.0136175	-0.0175744	-0.0136175	0.999753	-0.101214	-0.0784242	11.5172	
0.999823	-0.00013737	0.0188289	-0.000137374	0.999894	0.0145895	-0.0188289	-0.0145895	0.999716	-0.116189	-0.0900276	12.3397	
0.999798	-0.000156283	0.020083	-0.000156287	0.999879	0.0155614	-0.020083	-0.0155614	0.999677	-0.132196	-0.102431	13.1622	
0.999772	-0.000176409	0.0213368	-0.000176414	0.999863	0.0165329	-0.0213368	-0.0165329	0.999636	-0.149234	-0.115633	13.9847	
0.999745	-0.000197748	0.0225902	-0.000197754	0.999847	0.0175041	-0.0225902	-0.0175041	0.999592	-0.167304	-0.129635	14.8071	
0.999716	-0.000220297	0.0238431	-0.000220304	0.999829	0.018475	-0.0238431	-0.018475	0.999545	-0.186405	-0.144435	15.6294	
0.999685	-0.000244055	0.0250955	-0.000244063	0.999811	0.0194455	-0.0250955	-0.0194455	0.999496	-0.206537	-0.160034	16.4518	
0.999653	-0.00026902	0.0263475	-0.000269029	0.999792	0.0204156	-0.0263475	-0.0204156	0.999444	-0.227699	-0.176432	17.2741	
0.999619	-0.000295188	0.0275988	-0.000295199	0.999771	0.0213852	-0.0275988	-0.0213852	0.99939	-0.24989	-0.193627	18.0963	
0.999584	-0.000322559	0.0288495	-0.000322571	0.99975	0.0223544	-0.0288495	-0.0223544	0.999334	-0.273111	-0.21162	18.9185	
0.999547	-0.00035113	0.0300996	-0.000351143	0.999728	0.0233231	-0.0300996	-0.0233231	0.999275	-0.29736	-0.23041	19.7407	
0.999508	-0.000380897	0.031349	-0.000380912	0.999705	0.0242913	-0.031349	-0.0242913	0.999213	-0.322638	-0.249997	20.5628	
0.999468	-0.000411858	0.0325977	-0.000411875	0.999681	0.0252589	-0.0325977	-0.0252589	0.999149	-0.348944	-0.27038	21.3848	
0.999427	-0.000444011	0.0338456	-0.00044403	0.999656	0.026226	-0.0338456	-0.026226	0.999083	-0.376276	-0.291559	22.2068	
0.999384	-0.000477351	0.0350927	-0.000477372	0.99963	0.0271924	-0.0350927	-0.0271924	0.999014	-0.404635	-0.313533	23.0288	
0.999339	-0.000511877	0.0363389	-0.0005119	0.999603	0.0281581	-0.0363389	-0.0281581	0.998943	-0.434019	-0.336303	23.8507	
0.999293	-0.000547584	0.0375843	-0.00054761	0.999576	0.0291232	-0.0375843	-0.0291232	0.998869	-0.464428	-0.359866	24.6725	
0.999246	-0.000584469	0.0388287	-0.000584498	0.999547	0.0300875	-0.0388287	-0.0300875	0.998793	-0.495862	-0.384223	25.4943	
0.999197	-0.000622529	0.0400722	-0.00062256	0.999518	0.0310512	-0.0400722	-0.0310512	0.998714	-0.528319	-0.409373	26.316	
0.999146	-0.000661759	0.0413147	-0.000661793	0.999487	0.032014	-0.0413147	-0.032014	0.998633	-0.561798	-0.435316	27.1376	
0.999094	-0.000702156	0.0425561	-0.000702193	0.999456	0.032976	-0.0425561	-0.032976	0.99855	-0.5963	-0.462051	27.9592	
0.99904	-0.000743715	0.0437964	-0.000743756	0.999424	0.0339372	-0.0437964	-0.0339372	0.998464	-0.631822	-0.489576	28.7807	
0.998985	-0.000786433	0.0450356	-0.000786478	0.999391	0.0348975	-0.0450356	-0.0348975	0.998376	-0.668364	-0.517892	29.6021	
0.998928	-0.000830305	0.0462737	-0.000830353	0.999357	0.035857	-0.0462737	-0.035857	0.998285	-0.705926	-0.546998	30.4234	
0.99887	-0.000875326	0.0475105	-0.000875379	0.999322	0.0368155	-0.0475105	-0.0368155	0.998192	-0.744505	-0.576893	31.2447	
0.998811	-0.000921492	0.0487461	-0.000921549	0.999286	0.037773	-0.0487461	-0.037773	0.998097	-0.784102	-0.607576	32.0659	
0.99875	-0.000968799	0.0499804	-0.00096886	0.999249	0.0387296	-0.0499804	-0.0387296	0.997999	-0.824714	-0.639046	32.887	
0.998687	-0.00101724	0.0512134	-0.00101731	0.999212	0.0396851	-0.0512134	-0.0396851	0.997899	-0.866342	-0.671303	33.7081	
0.998623	-0.00106681	0.0524451	-0.00106688	0.999173	0.0406396	-0.0524451	-0.0406396	0.997797	-0.908983	-0.704346	34.529	
0.998558	-0.00111751	0.0536753	-0.00111759	0.999134	0.041593	-0.0536753	-0.041593	0.997692	-0.952637	-0.738173	35.3499	
0.998491	-0.00116933	0.0549041	-0.00116941	0.999094	0.0425453	-0.0549041	-0.0425453	0.997585	-0.997303	-0.772785	36.1707	
0.998423	-0.00122226	0.0561314	-0.00122234	0.999053	0.0434964	-0.0561314	-0.0434964	0.997475	-1.04298	-0.808179	36.9914	
0.998353	-0.0012763	0.0573572	-0.00127639	0.999011	0.0444464	-0.0573572	-0.0444464	0.997364	-1.08966	-0.844356	37.812	
0.998282	-0.00133144	0.0585814	-0.00133154	0.998968	0.0453952	-0.0585814	-0.0453952	0.99725	-1.13736	-0.881313	38.6325	
0.998209	-0.00138768	0.059804	-0.00138778	0.998925	0.0463427	-0.059804	-0.0463427	0.997134	-1.18606	-0.919051	39.4529	
0.998135	-0.00144501	0.0610251	-0.00144512	0.99888	0.047289	-0.061025	-0.047289	0.997015	-1.23576	-0.957568	40.2732	
0.99806	-0.00150342	0.0622444	-0.00150354	0.998835	0.048234	-0.0622444	-0.048234	0.996895	-1.28647	-0.996862	41.0935	
0.997983	-0.00156292	0.063462	-0.00156304	0.998789	0.0491776	-0.063462	-0.0491776	0.996772	-1.33818	-1.03693	41.9136	
0.997905	-0.00162348	0.0646779	-0.00162361	0.998742	0.0501199	-0.0646779	-0.0501199	0.996647	-1.39089	-1.07778	42.7336	
0.997825	-0.00168511	0.0658919	-0.00168525	0.998694	0.0510609	-0.0658919	-0.0510609	0.996519	-1.4446	-1.1194	43.5535	
0.997744	-0.0017478	0.0671042	-0.00174795	0.998646	0.0520004	-0.0671042	-0.0520004	0.99639	-1.49931	-1.1618	44.3733	
0.997662	-0.00181154	0.0683146	-0.0018117	0.998596	0.0529384	-0.0683146	-0.0529385	0.996258	-1.55502	-1.20497	45.193	
0.997579	-0.00187633	0.069523	-0.0018765	0.998546	0.053875	-0.069523	-0.0538751	0.996125	-1.61172	-1.24891	46.0126	
0.997673	-0.00180311	0.068161	-0.00183229	0.99858	0.0532353	-0.0681602	-0.0532363	0.996253	-1.66836	-1.29297	46.8322	
0.997765	-0.00173066	0.0667969	-0.00178889	0.998614	0.0525946	-0.0667954	-0.0525965	0.996379	-1.72388	-1.3365	47.6519	
0.997856	-0.00165899	0.0654308	-0.00174631	0.998648	0.0519528	-0.0654285	-0.0519556	0.996504	-1.77827	-1.37951	48.4717	
0.997945	-0.0015881	0.0640627	-0.00170455	0.998681	0.0513099	-0.0640597	-0.0513137	0.996626	-1.83153	-1.42199	49.2916	
0.998032	-0.00151801	0.0626927	-0.00166361	0.998714	0.0506661	-0.062689	-0.0506707	0.996746	-1.88367	-1.46395	50.1116	
0.998117	-0.00144872	0.0613209	-0.0016235	0.998747	0.0500213	-0.0613165	-0.0500267	0.996864	-1.93469	-1.50537	50.9317	
0.998201	-0.00138023	0.0599472	-0.00158423	0.998779	0.0493756	-0.0599421	-0.0493817	0.99698	-1.98457	-1.54626	51.7519	
0.998282	-0.00131255	0.0585717	-0.0015458	0.998811	0.0487288	-0.058566	-0.0487357	0.997093	-2.03332	-1.58662	52.5722	
0.998362	-0.00124569	0.0571945	-0.0015082	0.998842	0.0480812	-0.0571882	-0.0480887	0.997205	-2.08093	-1.62645	53.3926	
0.99844	-0.00117964	0.0558156	-0.00147146	0.998873	0.0474326	-0.0558087	-0.0474407	0.997314	-2.12742	-1.66575	54.2131	
0.998517	-0.00111443	0.0544351	-0.00143557	0.998904	0.0467831	-0.0544275	-0.0467919	0.997421	-2.17276	-1.70452	55.0336	
0.998591	-0.00105004	0.0530529	-0.00140053	0.998934	0.0461327	-0.0530448	-0.046142	0.997526	-2.21697	-1.74275	55.8543	
0.998664	-0.000986488	0.0516692	-0.00136635	0.998964	0.0454815	-0.0516606	-0.0454913	0.997628	-2.26005	-1.78044	56.675	
0.998735	-0.000923779	0.050284	-0.00133304	0.998994	0.0448294	-0.0502748	-0.0448397	0.997728	-2.30198	-1.8176	57.4958	
0.998803	-0.000861916	0.0488973	-0.00130059	0.999023	0.0441764	-0.0488876	-0.0441871	0.997826	-2.34277	-1.85422	58.3167	
0.99887	-0.000800903	0.0475092	-0.00126902	0.999052	0.0435226	-0.047499	-0.0435338	0.997922	-2.38242	-1.89031	59.1377	
0.998936	-0.000740747	0.0461198	-0.00123832	0.99908	0.042868	-0.0461091	-0.0428795	0.998016	-2.42093	-1.92585	59.9588	
0.998999	-0.000681451	0.044729	-0.0012085	0.999108	0.0422127	-0.0447178	-0.0422245	0.998107	-2.45829	-1.96086	60.7799	
0.99906	-0.00062302	0.0433369	-0.00117956	0.999135	0.0415565	-0.0433253	-0.0415686	0.998196	-2.49451	-1.99533	61.6011	
0.99912	-0.000565458	0.0419436	-0.0011515	0.999163	0.0408996	-0.0419316	-0.0409119	0.998283	-2.52958	-2.02926	62.4224	
0.999177	-0.000508771	0.0405491	-0.00112434	0.999189	0.0402419	-0.0405367	-0.0402544	0.998367	-2.5635	-2.06265	63.2437	
0.999233	-0.00045296	0.0391535	-0.00109807	0.999216	0.0395836	-0.0391407	-0.0395962	0.998449	-2.59628	-2.0955	64.0651	
0.999287	-0.000398032	0.0377567	-0.00107269	0.999242	0.0389245	-0.0377436	-0.0389372	0.998529	-2.62791	-2.1278	64.8866	
0.999339	-0.00034399	0.0363589	-0.00104822	0.999267	0.0382647	-0.0363455	-0.0382775	0.998606	-2.65839	-2.15957	65.7082	
0.999389	-0.000290838	0.0349602	-0.00102464	0.999292	0.0376042	-0.0349463	-0.0376171	0.998681	-2.68771	-2.19079	66.5298	
0.999437	-0.00023858	0.0335604	-0.00100197	0.999317	0.0369431	-0.0335463	-0.0369559	0.998754	-2.71589	-2.22146	67.3515	
0.999483	-0.000187219	0.0321598	-0.000980211	0.999341	0.0362814	-0.0321454	-0.0362941	0.998824	-2.74291	-2.2516	68.1732	
0.999527	-0.000136759	0.0307583	-0.000959359	0.999365	0.035619	-0.0307436	-0.0356316	0.998892	-2.76878	-2.28118	68.995	
0.999569	-8.72035e-05	0.0293559	-0.00093942	0.999388	0.034956	-0.029341	-0.0349685	0.998958	-2.7935	-2.31023	69.8168	
0.999609	-3.85559e-05	0.0279528	-0.000920396	0.999411	0.0342924	-0.0279377	-0.0343047	0.999021	-2.81706	-2.33872	70.6387	
0.999648	9.18069e-06	0.026549	-0.00090229	0.999434	0.0336282	-0.0265337	-0.0336403	0.999082	-2.83947	-2.36667	71.4607	
0.999959	0.000505693	0.00900368	-0.000711929	0.999737	0.0229173	-0.00898972	-0.0229228	0.999697	-2.85408	-2.38994	72.2829	
0.999963	0.000813963	-0.00854875	-0.000709616	0.999925	0.012202	0.00855804	-0.0121955	0.999889	-2.85426	-2.40439	73.1055	
0.999659	0.000933858	-0.0261008	-0.000895351	0.999998	0.00148695	0.0261022	-0.00146308	0.999658	-2.84	-2.41001	73.9281	
0.999047	0.000865329	-0.0436452	-0.00126906	0.999957	-0.00922337	0.0436353	0.00926997	0.999005	-2.81131	-2.4068	74.7503	
0.998127	0.000608404	-0.0611743	-0.00183057	0.9998	-0.0199244	0.0611499	0.0199991	0.997928	-2.76821	-2.39476	75.5718	
0.9969	0.000163193	-0.0786808	-0.00257967	0.999528	-0.0306117	0.0786387	0.0307198	0.99643	-2.7107	-2.37389	76.3922	
0.995366	-0.000470118	-0.0961574	-0.00351601	0.999141	-0.0412806	0.0960942	0.0414274	0.99451	-2.63882	-2.34421	77.2112	
0.993526	-0.00129126	-0.113596	-0.00463923	0.99864	-0.0519267	0.113509	0.0521176	0.992169	-2.55259	-2.30573	78.0285	
0.991381	-0.00229988	-0.130991	-0.00594882	0.998024	-0.0625455	0.130876	0.0627857	0.989409	-2.45206	-2.25846	78.8437	
0.988931	-0.00349556	-0.148333	-0.00744425	0.997294	-0.0731324	0.148187	0.0734272	0.98623	-2.33726	-2.20243	79.6564	
0.986178	-0.00487779	-0.165616	-0.00912488	0.996451	-0.0836831	0.165436	0.0840377	0.982633	-2.20824	-2.13765	80.4664	
0.983123	-0.00644599	-0.182832	-0.01099	0.995493	-0.0941929	0.182615	0.0946126	0.978622	-2.06506	-2.06415	81.2732	
