1	0	0	0	1	0	0	0	1	0	0	0	
0.999993	1.51048e-07	0.0037199	1.51048e-07	1	-8.12104e-05	-0.0037199	8.12104e-05	0.999993	-0.0017012	3.71394e-05	0.914644	
0.999972	6.06911e-07	0.0074469	6.10022e-07	1	-0.000163412	-0.0074469	0.000163412	0.999972	-0.00680804	0.000149011	1.82928	
0.999937	1.37244e-06	0.0111809	1.38491e-06	1	-0.000246606	-0.0111809	0.000246606	0.999937	-0.015327	0.000336522	2.74388	
0.999889	2.4525e-06	0.0149217	2.48374e-06	1	-0.000330791	-0.0149217	0.000330792	0.999889	-0.0272643	0.00060058	3.65845	
0.999826	3.85194e-06	0.0186692	3.91452e-06	1	-0.000415968	-0.0186692	0.000415969	0.999826	-0.0426262	0.000942091	4.57297	
0.999749	5.5756e-06	0.0224232	5.68532e-06	1	-0.000502136	-0.0224232	0.000502137	0.999748	-0.0614187	0.00136196	5.48742	
0.999657	7.62834e-06	0.0261836	7.80421e-06	1	-0.000589295	-0.0261836	0.000589297	0.999657	-0.0836477	0.0018611	6.4018	
0.999551	1.0015e-05	0.0299503	1.02793e-05	1	-0.000677444	-0.0299503	0.000677448	0.999551	-0.109319	0.00244041	7.31608	
0.999431	1.27404e-05	0.0337231	1.31186e-05	1	-0.000766584	-0.0337231	0.00076659	0.999431	-0.138438	0.00310081	8.23026	
0.999297	1.58094e-05	0.0375019	1.63304e-05	1	-0.000856712	-0.0375019	0.000856722	0.999296	-0.171011	0.00384319	9.14433	
0.999147	1.92269e-05	0.0412865	1.99226e-05	1	-0.000947829	-0.0412865	0.000947843	0.999147	-0.207043	0.00466846	10.0583	
0.998984	2.29976e-05	0.0450767	2.39036e-05	0.999999	-0.00103993	-0.0450767	0.00103995	0.998983	-0.246539	0.00557752	10.9721	
0.998805	2.71263e-05	0.0488726	2.82813e-05	0.999999	-0.00113302	-0.0488726	0.00113305	0.998804	-0.289504	0.00657129	11.8857	
0.998612	3.16179e-05	0.0526738	3.30641e-05	0.999999	-0.0012271	-0.0526738	0.00122714	0.998611	-0.335944	0.00765066	12.7992	
0.998404	3.64772e-05	0.0564803	3.82601e-05	0.999999	-0.00132216	-0.0564803	0.00132221	0.998403	-0.385863	0.00881654	13.7124	
0.998181	4.1709e-05	0.0602919	4.38773e-05	0.999999	-0.00141821	-0.0602919	0.00141827	0.99818	-0.439265	0.0100698	14.6255	
0.997943	4.7318e-05	0.0641085	4.99241e-05	0.999999	-0.00151523	-0.0641085	0.00151532	0.997942	-0.496157	0.0114114	15.5384	
0.99769	5.33091e-05	0.0679299	5.64087e-05	0.999999	-0.00161324	-0.0679299	0.00161335	0.997689	-0.556541	0.0128422	16.451	
0.997422	5.96869e-05	0.071756	6.33391e-05	0.999999	-0.00171223	-0.071756	0.00171236	0.997421	-0.620423	0.0143632	17.3635	
0.997139	6.64563e-05	0.0755866	7.07237e-05	0.999998	-0.00181219	-0.0755866	0.00181235	0.997138	-0.687806	0.0159751	18.2756	
0.996841	7.36219e-05	0.0794217	7.85706e-05	0.999998	-0.00191313	-0.0794217	0.00191333	0.996839	-0.758695	0.017679	19.1875	
0.996528	8.11886e-05	0.083261	8.68879e-05	0.999998	-0.00201505	-0.083261	0.00201528	0.996526	-0.833094	0.0194756	20.0991	
0.996199	8.9161e-05	0.0871044	9.5684e-05	0.999998	-0.00211793	-0.0871044	0.00211822	0.996197	-0.911006	0.0213659	21.0104	
0.995855	9.75438e-05	0.0909518	0.000104967	0.999998	-0.00222179	-0.0909518	0.00222212	0.995853	-0.992435	0.0233509	21.9215	
0.995496	0.000106342	0.094803	0.000114745	0.999997	-0.00232661	-0.094803	0.00232701	0.995493	-1.07739	0.0254313	22.8321	
0.995121	0.000115559	0.0986579	0.000125026	0.999997	-0.0024324	-0.0986579	0.00243287	0.995118	-1.16586	0.0276081	23.7425	
0.994731	0.000125202	0.102516	0.000135819	0.999997	-0.00253915	-0.102516	0.0025397	0.994728	-1.25786	0.0298822	24.6525	
0.994326	0.000135273	0.106378	0.000147131	0.999996	-0.00264686	-0.106378	0.0026475	0.994322	-1.35339	0.0322544	25.5621	
0.993905	0.000145778	0.110243	0.000158971	0.999996	-0.00275554	-0.110243	0.00275627	0.993901	-1.45246	0.0347257	26.4714	
0.993468	0.000156721	0.114112	0.000171347	0.999996	-0.00286516	-0.114111	0.002866	0.993464	-1.55506	0.0372969	27.3803	
0.993016	0.000168107	0.117983	0.000184267	0.999996	-0.00297575	-0.117983	0.0029767	0.993011	-1.6612	0.0399689	28.2887	
0.992548	0.000179941	0.121857	0.000197739	0.999995	-0.00308728	-0.121857	0.00308837	0.992543	-1.77089	0.0427426	29.1968	
0.992064	0.000192226	0.125733	0.000211772	0.999995	-0.00319976	-0.125733	0.00320099	0.992059	-1.88412	0.0456189	30.1044	
0.991565	0.000204968	0.129613	0.000226373	0.999994	-0.00331318	-0.129613	0.00331457	0.991559	-2.00089	0.0485986	31.0115	
0.99105	0.000218171	0.133494	0.00024155	0.999994	-0.00342755	-0.133494	0.00342911	0.991044	-2.12122	0.0516826	31.9182	
0.990519	0.00023184	0.137378	0.000257312	0.999994	-0.00354285	-0.137378	0.00354461	0.990512	-2.24509	0.0548719	32.8244	
0.989972	0.000245979	0.141264	0.000273666	0.999993	-0.00365909	-0.141264	0.00366106	0.989965	-2.37252	0.0581672	33.7302	
0.989409	0.000260592	0.145152	0.000290621	0.999993	-0.00377626	-0.145152	0.00377845	0.989402	-2.50351	0.0615695	34.6354	
0.988831	0.000275684	0.149042	0.000308184	0.999992	-0.00389436	-0.149042	0.0038968	0.988823	-2.63805	0.0650796	35.5401	
0.988236	0.000291259	0.152934	0.000326364	0.999992	-0.00401339	-0.152934	0.00401609	0.988228	-2.77615	0.0686983	36.4442	
0.987626	0.000307322	0.156827	0.000345169	0.999991	-0.00413334	-0.156827	0.00413632	0.987617	-2.91781	0.0724266	37.3478	
0.987	0.000323877	0.160721	0.000364606	0.999991	-0.0042542	-0.160721	0.00425749	0.986991	-3.06304	0.0762653	38.2509	
0.986358	0.000340928	0.164617	0.000384683	0.99999	-0.00437598	-0.164617	0.00437961	0.986348	-3.21182	0.0802152	39.1533	
0.985699	0.00035848	0.168514	0.000405408	0.99999	-0.00449867	-0.168514	0.00450265	0.985689	-3.36417	0.0842773	40.0552	
0.985025	0.000376537	0.172412	0.00042679	0.999989	-0.00462226	-0.172411	0.00462663	0.985014	-3.52008	0.0884523	40.9564	
0.984335	0.000395103	0.17631	0.000448835	0.999989	-0.00474676	-0.17631	0.00475154	0.984323	-3.67956	0.0927412	41.857	
0.983628	0.000414182	0.18021	0.000471553	0.999988	-0.00487216	-0.18021	0.00487737	0.983616	-3.84261	0.0971447	42.757	
0.982906	0.000433779	0.18411	0.000494949	0.999987	-0.00499845	-0.18411	0.00500413	0.982893	-4.00922	0.101664	43.6564	
0.982167	0.000453898	0.18801	0.000519033	0.999987	-0.00512562	-0.18801	0.0051318	0.982154	-4.1794	0.106299	44.555	
0.981412	0.000474542	0.191911	0.000543812	0.999986	-0.00525369	-0.191911	0.0052604	0.981398	-4.35314	0.111052	45.453	
0.980641	0.000495717	0.195812	0.000569293	0.999985	-0.00538263	-0.195811	0.00538991	0.980627	-4.53046	0.115922	46.3503	
0.979854	0.000517425	0.199712	0.000595484	0.999985	-0.00551245	-0.199712	0.00552033	0.979839	-4.71134	0.120912	47.2469	
0.979051	0.000539672	0.203613	0.000622393	0.999984	-0.00564315	-0.203613	0.00565166	0.979035	-4.89579	0.126021	48.1427	
0.978232	0.000562461	0.207513	0.000650027	0.999983	-0.0057747	-0.207513	0.00578389	0.978215	-5.08381	0.131251	49.0378	
0.977397	0.000585795	0.211413	0.000678394	0.999982	-0.00590712	-0.211413	0.00591702	0.977379	-5.27539	0.136602	49.9321	
0.976545	0.00060968	0.215313	0.000707501	0.999982	-0.0060404	-0.215313	0.00605106	0.976526	-5.47054	0.142075	50.8257	
0.975677	0.000634119	0.219212	0.000737356	0.999981	-0.00617453	-0.219211	0.00618599	0.975658	-5.66926	0.147672	51.7185	
0.974793	0.000659115	0.223109	0.000767966	0.99998	-0.00630951	-0.223109	0.0063218	0.974773	-5.87155	0.153392	52.6105	
0.973893	0.000684674	0.227006	0.000799339	0.999979	-0.00644532	-0.227006	0.00645851	0.973872	-6.07739	0.159236	53.5016	
0.972977	0.000710798	0.230902	0.000831481	0.999978	-0.00658198	-0.230902	0.0065961	0.972955	-6.28681	0.165207	54.3919	
0.971626	0.000757569	0.236521	0.00153204	0.999954	-0.00949641	-0.236518	0.00958932	0.97158	-6.50057	0.172609	55.2812	
0.970241	0.000821708	0.242139	0.00224896	0.999921	-0.0124048	-0.24213	0.0125802	0.970162	-6.71947	0.182747	56.1692	
0.968822	0.000903239	0.247755	0.00298223	0.999878	-0.015307	-0.247739	0.0155686	0.968702	-6.9435	0.19562	57.0559	
0.967369	0.00100218	0.253368	0.00373184	0.999827	-0.0182031	-0.253342	0.0185546	0.967199	-7.17265	0.211226	57.9413	
0.965883	0.00111854	0.258978	0.00449779	0.999767	-0.021093	-0.258941	0.0215382	0.965653	-7.40693	0.229561	58.8252	
0.964362	0.00125234	0.264584	0.00528007	0.999699	-0.0239768	-0.264534	0.0245193	0.964065	-7.64633	0.250625	59.7077	
0.962807	0.00140358	0.270185	0.00607866	0.999621	-0.0268543	-0.27012	0.0274979	0.962434	-7.89084	0.274413	60.5887	
0.961219	0.00157227	0.275781	0.00689356	0.999534	-0.0297256	-0.2757	0.0304739	0.960761	-8.14046	0.300925	61.4683	
0.959597	0.00175841	0.281372	0.00772476	0.999439	-0.0325906	-0.281271	0.0334474	0.959045	-8.39517	0.330158	62.3462	
0.957942	0.00196199	0.286956	0.00857225	0.999335	-0.0354494	-0.286834	0.0364183	0.957288	-8.65498	0.362109	63.2226	
0.956253	0.00218301	0.292533	0.00943603	0.999222	-0.0383018	-0.292389	0.0393866	0.955488	-8.91988	0.396777	64.0974	
0.954531	0.00242146	0.298102	0.0103161	0.9991	-0.041148	-0.297933	0.0423523	0.953647	-9.18985	0.434158	64.9705	
0.952776	0.00267732	0.303663	0.0112124	0.998969	-0.0439878	-0.303468	0.0453153	0.951764	-9.46488	0.474251	65.8419	
0.950988	0.00295058	0.309215	0.012125	0.99883	-0.0468212	-0.308991	0.0482756	0.949839	-9.74497	0.517052	66.7115	
0.949166	0.00324122	0.314758	0.0130538	0.998681	-0.0496482	-0.314504	0.0512332	0.947873	-10.0301	0.56256	67.5794	
0.947313	0.00354921	0.32029	0.0139989	0.998524	-0.0524689	-0.320004	0.0541881	0.945865	-10.3203	0.610772	68.4455	
0.945427	0.00387453	0.325812	0.0149602	0.998359	-0.0552831	-0.325492	0.0571403	0.943817	-10.6155	0.661685	69.3097	
0.943508	0.00421714	0.331323	0.0159377	0.998184	-0.0580909	-0.330966	0.0600897	0.941727	-10.9157	0.715297	70.172	
0.939359	0.00507596	0.342899	0.0224202	0.996842	-0.0761758	-0.342202	0.0792443	0.936279	-11.2236	0.779021	71.0309	
0.935072	0.00617066	0.354404	0.0291175	0.995132	-0.0941512	-0.35326	0.0983575	0.93034	-11.5416	0.860246	71.8845	
0.93065	0.00750065	0.365833	0.0360259	0.993054	-0.112007	-0.364132	0.117419	0.923916	-11.8697	0.95893	72.7326	
0.926096	0.00906526	0.37718	0.0431418	0.99061	-0.129735	-0.374814	0.13642	0.917008	-12.2077	1.07502	73.5745	
0.92141	0.0108636	0.388439	0.0504617	0.9878	-0.147326	-0.385301	0.155349	0.909621	-12.5553	1.20846	74.4099	
0.916597	0.0128949	0.399604	0.0579815	0.984626	-0.164769	-0.395585	0.174196	0.901758	-12.9125	1.35917	75.2383	
0.911658	0.0151579	0.410669	0.0656975	0.981091	-0.182056	-0.405663	0.192953	0.893424	-13.2789	1.52709	76.0593	
0.906597	0.0176515	0.421629	0.0736054	0.977195	-0.199179	-0.415529	0.211609	0.884623	-13.6545	1.71211	76.8725	
0.901415	0.0203745	0.432477	0.0817014	0.972941	-0.216127	-0.425178	0.230154	0.875359	-14.039	1.91415	77.6774	
0.896115	0.0233253	0.443208	0.089981	0.968331	-0.232893	-0.434604	0.248579	0.865637	-14.4322	2.13309	78.4737	
0.890701	0.0265024	0.453816	0.0984399	0.963367	-0.249467	-0.443803	0.266874	0.855463	-14.8339	2.36883	79.2608	
0.885175	0.0299042	0.464297	0.107074	0.958052	-0.265841	-0.45277	0.285029	0.844842	-15.2439	2.62124	80.0384	
0.879539	0.0335289	0.474643	0.115878	0.952389	-0.282005	-0.4615	0.303036	0.833779	-15.6621	2.89019	80.8061	
0.873798	0.0373746	0.484851	0.124848	0.946381	-0.297953	-0.469989	0.320884	0.82228	-16.0881	3.17553	81.5635	
0.867953	0.0414393	0.494914	0.13398	0.940031	-0.313675	-0.478233	0.338564	0.810351	-16.5218	3.47713	82.3102	
0.862009	0.0457208	0.504827	0.143267	0.933341	-0.329163	-0.486226	0.356067	0.797998	-16.9628	3.79481	83.0457	
0.855967	0.050217	0.514586	0.152706	0.926317	-0.34441	-0.493965	0.373384	0.785228	-17.4111	4.12842	83.7698	
0.849832	0.0549254	0.524185	0.162292	0.918961	-0.359406	-0.501446	0.390506	0.772048	-17.8664	4.47778	84.482	
0.843605	0.0598436	0.533618	0.172019	0.911277	-0.374145	-0.508664	0.407423	0.758464	-18.3283	4.84271	85.182	
0.837292	0.0649691	0.542882	0.181883	0.903269	-0.388618	-0.515617	0.424128	0.744483	-18.7968	5.22301	85.8694	
0.830895	0.0702992	0.551971	0.191878	0.894942	-0.402818	-0.5223	0.44061	0.730113	-19.2715	5.6185	86.5438	
