1	0	0	0	1	0	0	0	1	0	0	0	
0.999999	5.70707e-07	0.0016473	5.70707e-07	1	-0.0006929	-0.0016473	0.0006929	0.999998	-0.000633961	0.000266662	0.769697	
0.999995	2.29196e-06	0.00330097	2.29255e-06	0.999999	-0.00138884	-0.00330097	0.00138884	0.999994	-0.00253829	0.00106781	1.53939	
0.999988	5.17757e-06	0.00496095	5.17992e-06	0.999998	-0.00208779	-0.00496095	0.00208779	0.999986	-0.00571788	0.00240579	2.30908	
0.999978	9.24124e-06	0.0066272	9.24715e-06	0.999996	-0.00278974	-0.0066272	0.00278974	0.999974	-0.0101776	0.0042829	3.07876	
0.999966	1.44966e-05	0.00829967	1.45085e-05	0.999994	-0.00349466	-0.00829967	0.00349466	0.999959	-0.0159222	0.00670144	3.84843	
0.99995	2.09573e-05	0.0099783	2.09782e-05	0.999991	-0.00420255	-0.0099783	0.00420255	0.999941	-0.0229564	0.0096637	4.61809	
0.999932	2.86368e-05	0.011663	2.86703e-05	0.999988	-0.00491337	-0.011663	0.00491337	0.99992	-0.031285	0.0131719	5.38774	
0.999911	3.75485e-05	0.0133538	3.75989e-05	0.999984	-0.00562711	-0.0133538	0.00562711	0.999895	-0.0409127	0.0172284	6.15736	
0.999887	4.77057e-05	0.0150506	4.7778e-05	0.99998	-0.00634375	-0.0150506	0.00634375	0.999867	-0.0518441	0.0218354	6.92697	
0.99986	5.91218e-05	0.0167534	5.92215e-05	0.999975	-0.00706327	-0.0167534	0.00706327	0.999835	-0.0640839	0.0269951	7.69655	
0.99983	7.18099e-05	0.018462	7.19433e-05	0.99997	-0.00778565	-0.018462	0.00778566	0.999799	-0.0776364	0.0327097	8.46611	
0.999796	8.5783e-05	0.0201765	8.59571e-05	0.999964	-0.00851088	-0.0201765	0.00851088	0.99976	-0.0925064	0.0389814	9.23563	
0.99976	0.000101054	0.0218968	0.000101277	0.999957	-0.00923892	-0.0218968	0.00923892	0.999718	-0.108698	0.0458123	10.0051	
0.999721	0.000117637	0.0236228	0.000117916	0.99995	-0.00996976	-0.0236228	0.00996976	0.999671	-0.126216	0.0532048	10.7746	
0.999679	0.000135543	0.0253545	0.000135887	0.999943	-0.0107034	-0.0253545	0.0107034	0.999621	-0.145065	0.0611608	11.544	
0.999633	0.000154785	0.0270918	0.000155205	0.999935	-0.0114398	-0.0270918	0.0114398	0.999567	-0.165249	0.0696826	12.3134	
0.999584	0.000175377	0.0288347	0.000175883	0.999926	-0.0121789	-0.0288347	0.0121789	0.99951	-0.186772	0.0787722	13.0827	
0.999532	0.000197331	0.0305831	0.000197934	0.999917	-0.0129207	-0.0305831	0.0129207	0.999449	-0.209639	0.0884317	13.852	
0.999477	0.000220659	0.032337	0.000221371	0.999907	-0.0136653	-0.032337	0.0136653	0.999384	-0.233854	0.0986633	14.6213	
0.999419	0.000245374	0.0340963	0.000246207	0.999896	-0.0144125	-0.0340963	0.0144125	0.999315	-0.259421	0.109469	15.3905	
0.999357	0.000271488	0.035861	0.000272455	0.999885	-0.0151623	-0.0358609	0.0151624	0.999242	-0.286344	0.120851	16.1596	
0.999292	0.000299012	0.0376309	0.000300129	0.999873	-0.0159148	-0.0376309	0.0159149	0.999165	-0.314627	0.132811	16.9287	
0.999223	0.00032796	0.0394061	0.00032924	0.999861	-0.01667	-0.0394061	0.01667	0.999084	-0.344274	0.145351	17.6977	
0.999151	0.000358343	0.0411865	0.000359803	0.999848	-0.0174277	-0.0411865	0.0174277	0.998999	-0.37529	0.158474	18.4667	
0.999076	0.000390173	0.0429721	0.000391828	0.999835	-0.018188	-0.0429721	0.018188	0.998911	-0.407679	0.17218	19.2356	
0.998998	0.000423462	0.0447627	0.00042533	0.99982	-0.0189508	-0.0447627	0.0189509	0.998818	-0.441443	0.186473	20.0044	
0.998915	0.000458221	0.0465584	0.00046032	0.999806	-0.0197162	-0.0465584	0.0197162	0.998721	-0.476588	0.201354	20.7732	
0.99883	0.000494462	0.048359	0.000496812	0.99979	-0.0204841	-0.048359	0.0204841	0.99862	-0.513117	0.216825	21.5418	
0.998741	0.000532197	0.0501646	0.000534816	0.999774	-0.0212544	-0.0501645	0.0212545	0.998515	-0.551033	0.232888	22.3104	
0.998648	0.000571436	0.051975	0.000574345	0.999757	-0.0220273	-0.0519749	0.0220273	0.998405	-0.590342	0.249545	23.0789	
0.998552	0.000612192	0.0537902	0.000615411	0.99974	-0.0228025	-0.0537902	0.0228026	0.998292	-0.631045	0.266798	23.8474	
0.998452	0.000654474	0.0556102	0.000658027	0.999722	-0.0235802	-0.0556101	0.0235803	0.998174	-0.673148	0.284648	24.6157	
0.998349	0.000698295	0.0574348	0.000702203	0.999703	-0.0243603	-0.0574348	0.0243604	0.998052	-0.716653	0.303098	25.3839	
0.998242	0.000743665	0.0592641	0.000747953	0.999684	-0.0251428	-0.0592641	0.0251429	0.997926	-0.761564	0.322149	26.1521	
0.998131	0.000790594	0.061098	0.000795286	0.999664	-0.0259277	-0.061098	0.0259278	0.997795	-0.807886	0.341804	26.9201	
0.998017	0.000839095	0.0629365	0.000844216	0.999643	-0.0267148	-0.0629364	0.026715	0.99766	-0.85562	0.362063	27.6881	
0.997899	0.000889176	0.0647794	0.000894753	0.999621	-0.0275043	-0.0647793	0.0275045	0.99752	-0.904771	0.38293	28.4559	
0.997778	0.000940848	0.0666267	0.000946908	0.999599	-0.0282961	-0.0666266	0.0282963	0.997377	-0.955343	0.404405	29.2237	
0.997652	0.000994122	0.0684783	0.00100069	0.999576	-0.0290901	-0.0684782	0.0290904	0.997228	-1.00734	0.42649	29.9913	
0.997523	0.00104901	0.0703343	0.00105612	0.999553	-0.0298864	-0.0703342	0.0298867	0.997076	-1.06076	0.449187	30.7588	
0.99739	0.00110552	0.0721945	0.0011132	0.999528	-0.030685	-0.0721944	0.0306852	0.996918	-1.11561	0.472498	31.5262	
0.997253	0.00116366	0.0740589	0.00117194	0.999504	-0.0314857	-0.0740588	0.031486	0.996757	-1.1719	0.496425	32.2934	
0.997113	0.00122344	0.0759275	0.00123235	0.999478	-0.0322886	-0.0759273	0.0322889	0.99659	-1.22962	0.520968	33.0606	
0.996968	0.00128487	0.0778001	0.00129445	0.999451	-0.0330936	-0.0778	0.033094	0.99642	-1.28878	0.546131	33.8276	
0.99682	0.00134797	0.0796768	0.00135824	0.999424	-0.0339008	-0.0796766	0.0339012	0.996244	-1.34938	0.571914	34.5945	
0.996668	0.00141273	0.0815574	0.00142373	0.999396	-0.0347101	-0.0815572	0.0347106	0.996064	-1.41144	0.598319	35.3612	
0.996512	0.00147918	0.0834419	0.00149094	0.999368	-0.0355215	-0.0834417	0.035522	0.995879	-1.47494	0.625348	36.1278	
0.996352	0.00154731	0.0853302	0.00155988	0.999338	-0.036335	-0.08533	0.0363355	0.99569	-1.53989	0.653002	36.8943	
0.996188	0.00161714	0.0872224	0.00163055	0.999308	-0.0371505	-0.0872221	0.0371511	0.995496	-1.60629	0.681283	37.6606	
0.99602	0.00168868	0.0891183	0.00170296	0.999278	-0.037968	-0.089118	0.0379687	0.995297	-1.67416	0.710193	38.4267	
0.995848	0.00176194	0.0910179	0.00177713	0.999246	-0.0387876	-0.0910176	0.0387883	0.995094	-1.74348	0.739733	39.1927	
0.995672	0.00183691	0.092921	0.00185307	0.999214	-0.0396091	-0.0929207	0.0396098	0.994885	-1.81427	0.769904	39.9585	
0.995492	0.00191363	0.0948278	0.00193077	0.99918	-0.0404325	-0.0948275	0.0404333	0.994672	-1.88653	0.800709	40.7242	
0.995134	0.00206897	0.0985108	0.00222341	0.999053	-0.0434429	-0.0985075	0.0434506	0.994187	-1.96093	0.832991	41.4896	
0.994762	0.00223574	0.102198	0.00252723	0.998917	-0.0464522	-0.102191	0.0464672	0.993679	-2.03817	0.867596	42.2547	
0.994375	0.00241397	0.105888	0.00284226	0.998772	-0.0494603	-0.105878	0.0494831	0.993147	-2.11824	0.904523	43.0193	
0.993974	0.00260369	0.109583	0.00316849	0.998618	-0.0524672	-0.109568	0.0524982	0.992592	-2.20116	0.94377	43.7835	
0.993559	0.00280492	0.11328	0.00350594	0.998454	-0.0554727	-0.11326	0.0555125	0.992013	-2.28691	0.985338	44.5473	
0.99313	0.00301767	0.11698	0.00385462	0.998281	-0.0584768	-0.116956	0.0585259	0.991411	-2.37551	1.02923	45.3106	
0.992686	0.00324197	0.120683	0.00421455	0.998099	-0.0614793	-0.120653	0.0615383	0.990785	-2.46696	1.07543	46.0734	
0.992227	0.00347783	0.124389	0.00458572	0.997908	-0.0644803	-0.124353	0.0645496	0.990136	-2.56125	1.12396	46.8358	
0.991755	0.00372528	0.128097	0.00496815	0.997708	-0.0674797	-0.128055	0.0675597	0.989463	-2.65838	1.1748	47.5976	
0.991267	0.00398431	0.131807	0.00536184	0.997499	-0.0704773	-0.131758	0.0705686	0.988767	-2.75837	1.22796	48.359	
0.990766	0.00425495	0.135518	0.0057668	0.997281	-0.0734731	-0.135462	0.0735761	0.988047	-2.86121	1.28343	49.1197	
0.990249	0.00453721	0.139231	0.00618304	0.997053	-0.076467	-0.139168	0.0765822	0.987303	-2.9669	1.34122	49.88	
0.989719	0.0048311	0.142946	0.00661056	0.996816	-0.0794589	-0.142875	0.0795869	0.986536	-3.07545	1.40132	50.6396	
0.989173	0.00513662	0.146661	0.00704936	0.99657	-0.0824488	-0.146582	0.08259	0.985745	-3.18684	1.46374	51.3986	
0.988614	0.00545377	0.150378	0.00749945	0.996315	-0.0854365	-0.150289	0.0855914	0.98493	-3.3011	1.52846	52.157	
0.988039	0.00578258	0.154094	0.00796082	0.996051	-0.088422	-0.153997	0.0885912	0.984092	-3.4182	1.59549	52.9148	
0.98745	0.00612302	0.157812	0.00843349	0.995778	-0.0914053	-0.157705	0.0915891	0.98323	-3.53816	1.66484	53.6719	
0.986847	0.00647512	0.161529	0.00891744	0.995496	-0.0943862	-0.161413	0.0945851	0.982344	-3.66097	1.73648	54.4284	
0.986229	0.00683886	0.165246	0.00941269	0.995204	-0.0973646	-0.16512	0.0975792	0.981435	-3.78664	1.81044	55.1841	
0.985596	0.00721425	0.168963	0.00991922	0.994904	-0.10034	-0.168826	0.100571	0.980502	-3.91515	1.8867	55.9392	
0.984949	0.00760128	0.172679	0.010437	0.994594	-0.103314	-0.172531	0.103561	0.979545	-4.04653	1.96526	56.6935	
0.984287	0.00799994	0.176394	0.0109662	0.994275	-0.106284	-0.176235	0.106549	0.978565	-4.18075	2.04612	57.4471	
0.983611	0.00841023	0.180109	0.0115065	0.993947	-0.109252	-0.179937	0.109534	0.977561	-4.31782	2.12928	58.1999	
0.98292	0.00883214	0.183822	0.0120582	0.993611	-0.112217	-0.183638	0.112517	0.976533	-4.45774	2.21473	58.9519	
0.982215	0.00926566	0.187533	0.0126212	0.993265	-0.115179	-0.187337	0.115498	0.975482	-4.60051	2.30249	59.7032	
0.981495	0.00971078	0.191242	0.0131954	0.992909	-0.118139	-0.191034	0.118476	0.974407	-4.74613	2.39253	60.4536	
0.98076	0.0101675	0.19495	0.0137808	0.992545	-0.121095	-0.194728	0.121451	0.973309	-4.89459	2.48487	61.2032	
0.980012	0.0106358	0.198655	0.0143776	0.992172	-0.124048	-0.198419	0.124424	0.972187	-5.04589	2.57949	61.9519	
0.979249	0.0111156	0.202358	0.0149856	0.99179	-0.126997	-0.202108	0.127394	0.971042	-5.20003	2.6764	62.6997	
0.978471	0.0116069	0.206058	0.0156048	0.991399	-0.129944	-0.205794	0.130362	0.969874	-5.35701	2.7756	63.4467	
0.977679	0.0121098	0.209755	0.0162352	0.990998	-0.132887	-0.209476	0.133326	0.968682	-5.51683	2.87708	64.1927	
0.976873	0.0126242	0.213449	0.0168769	0.990589	-0.135826	-0.213155	0.136287	0.967466	-5.67948	2.98084	64.9379	
0.976052	0.01315	0.217139	0.0175297	0.990171	-0.138762	-0.216829	0.139246	0.966228	-5.84496	3.08688	65.682	
0.975217	0.0136873	0.220826	0.0181938	0.989743	-0.141695	-0.2205	0.142201	0.964966	-6.01326	3.19519	66.4253	
0.974368	0.014236	0.224509	0.018869	0.989307	-0.144623	-0.224167	0.145153	0.96368	-6.18439	3.30578	67.1675	
0.973505	0.0147961	0.228187	0.0195555	0.988861	-0.147548	-0.227829	0.148101	0.962372	-6.35834	3.41864	67.9087	
0.972627	0.0153676	0.231862	0.020253	0.988407	-0.15047	-0.231486	0.151047	0.961041	-6.53511	3.53377	68.649	
0.971736	0.0159504	0.235531	0.0209617	0.987944	-0.153387	-0.235138	0.153989	0.959686	-6.71469	3.65116	69.3882	
0.97083	0.0165445	0.239196	0.0216816	0.987472	-0.1563	-0.238785	0.156927	0.958309	-6.89708	3.77081	70.1263	
0.969911	0.0171499	0.242856	0.0224125	0.98699	-0.159209	-0.242427	0.159862	0.956908	-7.08227	3.89273	70.8634	
0.966835	0.0192192	0.254679	0.0260675	0.984532	-0.173257	-0.254069	0.17415	0.951378	-7.27336	4.02128	71.5978	
0.963615	0.0214651	0.26643	0.0298931	0.981863	-0.187221	-0.265617	0.188373	0.945496	-7.47336	4.1608	72.3278	
0.960253	0.0238869	0.278107	0.033888	0.978985	-0.201095	-0.277066	0.202527	0.939264	-7.68222	4.31124	73.0532	
0.95675	0.0264836	0.289704	0.0380508	0.9759	-0.214876	-0.288413	0.216606	0.932684	-7.89985	4.47255	73.7736	
0.953106	0.0292542	0.301218	0.0423798	0.972608	-0.228556	-0.299653	0.230604	0.925759	-8.12617	4.64466	74.4889	
0.949325	0.0321977	0.312644	0.0468735	0.96911	-0.242133	-0.310783	0.244517	0.918491	-8.36111	4.82752	75.1986	
