1	0	0	0	1	0	0	0	1	0	0	0	
0.999993	2.11081e-06	-0.00385586	2.11081e-06	0.999999	0.00109486	0.00385586	-0.00109486	0.999992	0.00170885	-0.000485221	0.886361	
0.99997	8.4576e-06	-0.00771608	8.46697e-06	0.999998	0.00219338	0.00771608	-0.00219338	0.999968	0.00683733	-0.00194251	1.77271	
0.999933	1.9064e-05	-0.0115805	1.91016e-05	0.999995	0.00329555	0.0115805	-0.00329555	0.999928	0.0153892	-0.00437511	2.65903	
0.999881	3.39534e-05	-0.0154491	3.40474e-05	0.99999	0.00440132	0.0154491	-0.00440132	0.999871	0.0273683	-0.00778622	3.5453	
0.999813	5.31488e-05	-0.0193216	5.3337e-05	0.999985	0.00551067	0.0193216	-0.00551067	0.999798	0.0427781	-0.012179	4.43152	
0.999731	7.66731e-05	-0.023198	7.70027e-05	0.999978	0.00662356	0.023198	-0.00662356	0.999709	0.061622	-0.0175567	5.31767	
0.999633	0.000104549	-0.0270781	0.000105077	0.99997	0.00773997	0.0270781	-0.00773997	0.999603	0.0839035	-0.0239224	6.20373	
0.999521	0.000136797	-0.0309617	0.00013759	0.999961	0.00885985	0.0309617	-0.00885986	0.999481	0.109626	-0.0312791	7.08969	
0.999393	0.000173441	-0.0348489	0.000174576	0.99995	0.00998318	0.0348489	-0.0099832	0.999343	0.138792	-0.0396301	7.97553	
0.999249	0.000214502	-0.0387393	0.000216064	0.999938	0.0111099	0.0387393	-0.01111	0.999188	0.171405	-0.0489782	8.86124	
0.999091	0.000260001	-0.0426329	0.000262086	0.999925	0.0122401	0.0426329	-0.0122401	0.999016	0.207468	-0.0593265	9.74681	
0.998917	0.000309959	-0.0465295	0.000312672	0.999911	0.0133735	0.0465295	-0.0133736	0.998827	0.246983	-0.070678	10.6322	
0.998728	0.000364396	-0.0504291	0.000367853	0.999895	0.0145103	0.0504291	-0.0145104	0.998622	0.289953	-0.0830357	11.5175	
0.998523	0.000423333	-0.0543315	0.000427659	0.999877	0.0156504	0.0543315	-0.0156505	0.9984	0.336381	-0.0964025	12.4025	
0.998303	0.00048679	-0.0582365	0.00049212	0.999859	0.0167937	0.0582365	-0.0167939	0.998162	0.386269	-0.110781	13.2873	
0.998067	0.000554787	-0.0621441	0.000561266	0.999839	0.0179402	0.062144	-0.0179404	0.997906	0.43962	-0.126175	14.172	
0.997816	0.000627343	-0.066054	0.000635125	0.999818	0.0190899	0.0660539	-0.0190902	0.997633	0.496435	-0.142586	15.0564	
0.997549	0.000704477	-0.0699662	0.000713728	0.999795	0.0202428	0.0699661	-0.0202431	0.997344	0.556717	-0.160018	15.9405	
0.997267	0.000786208	-0.0738806	0.000797102	0.999771	0.0213987	0.0738805	-0.0213991	0.997037	0.620467	-0.178473	16.8244	
0.996969	0.000872554	-0.0777969	0.000885277	0.999745	0.0225578	0.0777968	-0.0225583	0.996714	0.687688	-0.197954	17.708	
0.996655	0.000963533	-0.0817152	0.00097828	0.999718	0.0237198	0.081715	-0.0237204	0.996373	0.75838	-0.218464	18.5913	
0.996326	0.00105916	-0.0856351	0.00107614	0.99969	0.0248849	0.0856349	-0.0248856	0.996016	0.832547	-0.240006	19.4743	
0.995981	0.00115946	-0.0895567	0.00117888	0.99966	0.0260529	0.0895565	-0.0260538	0.995641	0.910189	-0.262581	20.3569	
0.99562	0.00126445	-0.0934798	0.00128654	0.999629	0.0272239	0.0934795	-0.0272249	0.995249	0.991307	-0.286193	21.2392	
0.995244	0.00137414	-0.0974042	0.00139913	0.999596	0.0283977	0.0974038	-0.028399	0.99484	1.0759	-0.310845	22.1212	
0.994852	0.00148855	-0.10133	0.00151669	0.999561	0.0295745	0.101329	-0.0295759	0.994413	1.16398	-0.336538	23.0028	
0.994444	0.00160769	-0.105257	0.00163924	0.999526	0.030754	0.105256	-0.0307557	0.993969	1.25553	-0.363276	23.884	
0.99402	0.00173159	-0.109184	0.0017668	0.999488	0.0319363	0.109184	-0.0319382	0.993508	1.35057	-0.391061	24.7649	
0.99358	0.00186025	-0.113113	0.00189941	0.99945	0.0331214	0.113112	-0.0331236	0.99303	1.44909	-0.419895	25.6453	
0.993125	0.0019937	-0.117042	0.00203709	0.999409	0.0343091	0.117041	-0.0343117	0.992534	1.55109	-0.449781	26.5252	
0.992654	0.00213195	-0.120972	0.00217987	0.999367	0.0354996	0.120971	-0.0355025	0.992021	1.65657	-0.480722	27.4047	
0.992166	0.00227501	-0.124902	0.00232776	0.999324	0.0366927	0.124901	-0.036696	0.99149	1.76554	-0.512719	28.2838	
0.991663	0.00242289	-0.128833	0.00248079	0.999279	0.0378884	0.128832	-0.0378921	0.990942	1.87799	-0.545775	29.1624	
0.991144	0.00257562	-0.132763	0.002639	0.999232	0.0390866	0.132762	-0.0390908	0.990377	1.99392	-0.579892	30.0405	
0.99061	0.0027332	-0.136694	0.00280239	0.999184	0.0402874	0.136693	-0.0402921	0.989794	2.11334	-0.615074	30.918	
0.990059	0.00289565	-0.140625	0.002971	0.999134	0.0414906	0.140623	-0.0414959	0.989193	2.23624	-0.651321	31.7951	
0.989492	0.00306298	-0.144555	0.00314485	0.999083	0.0426963	0.144554	-0.0427022	0.988575	2.36262	-0.688636	32.6716	
0.988909	0.00323521	-0.148486	0.00332396	0.99903	0.0439044	0.148484	-0.043911	0.987939	2.49249	-0.727021	33.5476	
0.988311	0.00341234	-0.152415	0.00350836	0.998976	0.0451148	0.152413	-0.0451222	0.987286	2.62585	-0.766479	34.4229	
0.987696	0.0035944	-0.156345	0.00369806	0.998919	0.0463276	0.156342	-0.0463358	0.986615	2.76268	-0.807012	35.2977	
0.987065	0.00378138	-0.160273	0.00389309	0.998862	0.0475427	0.16027	-0.0475517	0.985927	2.903	-0.848621	36.1719	
0.986419	0.00397331	-0.164201	0.00409348	0.998802	0.04876	0.164198	-0.04877	0.985221	3.0468	-0.891309	37.0455	
0.985756	0.00417019	-0.168127	0.00429923	0.998741	0.0499796	0.168124	-0.0499905	0.984497	3.19408	-0.935078	37.9185	
0.985078	0.00437203	-0.172053	0.00451038	0.998678	0.0512013	0.172049	-0.0512133	0.983756	3.34483	-0.97993	38.7908	
0.984384	0.00457885	-0.175977	0.00472694	0.998614	0.0524251	0.175973	-0.0524382	0.982997	3.49907	-1.02587	39.6624	
0.983673	0.00479066	-0.1799	0.00494893	0.998547	0.053651	0.179896	-0.0536654	0.982221	3.65679	-1.07289	40.5333	
0.982947	0.00500746	-0.183822	0.00517638	0.99848	0.054879	0.183817	-0.0548947	0.981426	3.81798	-1.121	41.4036	
0.982204	0.00522927	-0.187742	0.0054093	0.99841	0.056109	0.187737	-0.056126	0.980614	3.98264	-1.1702	42.2731	
0.981446	0.00545609	-0.19166	0.00564772	0.998339	0.0573409	0.191655	-0.0573595	0.979785	4.15078	-1.2205	43.142	
0.980672	0.00568794	-0.195576	0.00589165	0.998266	0.0585748	0.19557	-0.0585949	0.978938	4.3224	-1.27189	44.01	
0.979882	0.00592482	-0.199491	0.00614111	0.998191	0.0598105	0.199484	-0.0598324	0.978073	4.49748	-1.32437	44.8773	
0.979076	0.00616674	-0.203403	0.00639611	0.998114	0.0610482	0.203396	-0.0610718	0.97719	4.67603	-1.37795	45.7439	
0.978254	0.00641371	-0.207313	0.00665669	0.998036	0.0622876	0.207306	-0.0623131	0.97629	4.85804	-1.43264	46.6096	
0.977416	0.00666574	-0.211221	0.00692285	0.997956	0.0635287	0.211213	-0.0635562	0.975372	5.04352	-1.48842	47.4746	
0.976562	0.00692283	-0.215126	0.00719461	0.997874	0.0647716	0.215118	-0.0648013	0.974436	5.23246	-1.54531	48.3387	
0.975692	0.00718499	-0.219029	0.007472	0.997791	0.0660162	0.21902	-0.0660481	0.973482	5.42487	-1.6033	49.202	
0.974806	0.00745223	-0.222929	0.00775501	0.997705	0.0672624	0.222919	-0.0672967	0.972511	5.62073	-1.66239	50.0644	
0.973905	0.00772455	-0.226826	0.00804368	0.997618	0.0685103	0.226815	-0.068547	0.971523	5.82004	-1.7226	50.926	
0.972987	0.00800196	-0.230721	0.00833802	0.997529	0.0697596	0.230709	-0.069799	0.970516	6.02281	-1.78391	51.7866	
0.971916	0.00833307	-0.235179	0.00938504	0.997205	0.0741191	0.235139	-0.0742447	0.969122	6.22926	-1.84775	52.6463	
0.970823	0.0086852	-0.239639	0.0104523	0.996861	0.0784736	0.239568	-0.0786888	0.967686	6.43964	-1.91552	53.5046	
0.969708	0.00905839	-0.244099	0.0115399	0.996497	0.0828229	0.243994	-0.0831309	0.966207	6.65395	-1.98724	54.3617	
0.968571	0.00945267	-0.248558	0.0126476	0.996113	0.0871669	0.248416	-0.087571	0.964687	6.87218	-2.06289	55.2174	
0.967411	0.00986804	-0.253018	0.0137757	0.995709	0.0915052	0.252835	-0.0920087	0.963125	7.09433	-2.14248	56.0718	
0.96623	0.0103045	-0.257475	0.0149239	0.995285	0.0958377	0.257249	-0.0964438	0.96152	7.32039	-2.226	56.9248	
0.965027	0.0107621	-0.261931	0.0160923	0.994841	0.100164	0.261658	-0.100876	0.959875	7.55036	-2.31345	57.7763	
0.963801	0.0112409	-0.266385	0.0172809	0.994376	0.104484	0.266061	-0.105305	0.958187	7.78423	-2.40482	58.6264	
0.962554	0.0117407	-0.270835	0.0184896	0.993892	0.108798	0.270458	-0.109731	0.956458	8.02201	-2.50012	59.4749	
0.961285	0.0122616	-0.275282	0.0197185	0.993387	0.113104	0.274848	-0.114154	0.954687	8.26368	-2.59934	60.3219	
0.959995	0.0128036	-0.279724	0.0209674	0.992863	0.117404	0.279231	-0.118573	0.952875	8.50924	-2.70249	61.1673	
0.958683	0.0133666	-0.284162	0.0222364	0.992318	0.121697	0.283606	-0.122987	0.951021	8.75868	-2.80954	62.0111	
0.95735	0.0139507	-0.288594	0.0235254	0.991754	0.125982	0.287972	-0.127398	0.949127	9.01199	-2.92051	62.8532	
0.955995	0.0145557	-0.293021	0.0248344	0.991169	0.13026	0.292329	-0.131805	0.947191	9.26917	-3.03538	63.6936	
0.95462	0.0151817	-0.297441	0.0261633	0.990564	0.134529	0.296677	-0.136206	0.945215	9.53021	-3.15416	64.5323	
0.953223	0.0158286	-0.301854	0.0275122	0.989939	0.138791	0.301014	-0.140603	0.943197	9.7951	-3.27684	65.3692	
0.951805	0.0164963	-0.306259	0.0288808	0.989295	0.143044	0.30534	-0.144995	0.94114	10.0638	-3.40341	66.2043	
0.950367	0.0171848	-0.310656	0.0302693	0.98863	0.147289	0.309655	-0.149382	0.939041	10.3364	-3.53387	67.0375	
0.948908	0.0178939	-0.315045	0.0316775	0.987946	0.151525	0.313959	-0.153764	0.936903	10.6128	-3.66822	67.8689	
0.947429	0.0186237	-0.319424	0.0331055	0.987241	0.155753	0.318249	-0.158139	0.934724	10.8929	-3.80645	68.6984	
0.945929	0.0193741	-0.323794	0.034553	0.986517	0.159971	0.322527	-0.162509	0.932506	11.1769	-3.94856	69.5259	
0.94441	0.0201449	-0.328153	0.0360201	0.985773	0.16418	0.326792	-0.166873	0.930248	11.4647	-4.09453	70.3515	
0.942942	0.0209379	-0.332297	0.0431496	0.98192	0.184314	0.330148	-0.188136	0.92499	11.7558	-4.25187	71.1737	
0.94146	0.0218257	-0.336417	0.0503501	0.977607	0.204329	0.333343	-0.209306	0.919279	12.0499	-4.42802	71.9911	
0.939964	0.0228079	-0.34051	0.0576182	0.972835	0.224215	0.336374	-0.230373	0.913116	12.3467	-4.62289	72.8032	
0.938455	0.0238839	-0.344575	0.0649503	0.967607	0.243962	0.33924	-0.251328	0.906505	12.6462	-4.83638	73.6097	
0.936933	0.0250533	-0.348609	0.0723428	0.961926	0.263561	0.341939	-0.272159	0.899448	12.9481	-5.06839	74.4101	
0.9354	0.0263154	-0.352611	0.079792	0.955794	0.283002	0.34447	-0.292856	0.89195	13.2523	-5.3188	75.204	
0.933856	0.0276697	-0.356578	0.0872944	0.949215	0.302276	0.346833	-0.313409	0.884015	13.5587	-5.5875	75.9911	
0.932301	0.0291154	-0.360508	0.0948462	0.942191	0.321373	0.349025	-0.333809	0.875645	13.8671	-5.87434	76.771	
0.930738	0.0306519	-0.364401	0.102444	0.934726	0.340283	0.351045	-0.354045	0.866845	14.1773	-6.1792	77.5433	
0.929165	0.0322785	-0.368253	0.110083	0.926824	0.358998	0.352893	-0.374107	0.857619	14.4893	-6.50192	78.3076	
0.927585	0.0339942	-0.372063	0.117761	0.918488	0.377508	0.354568	-0.393985	0.847972	14.8029	-6.84234	79.0635	
0.925997	0.0357984	-0.375829	0.125473	0.909723	0.395804	0.356069	-0.41367	0.837909	15.1178	-7.20029	79.8107	
0.924404	0.03769	-0.379549	0.133216	0.900533	0.413877	0.357395	-0.433151	0.827435	15.434	-7.5756	80.5487	
0.922804	0.0396682	-0.383221	0.140986	0.890922	0.431718	0.358546	-0.45242	0.816554	15.7513	-7.96808	81.2774	
0.9212	0.0417319	-0.386844	0.148778	0.880896	0.449319	0.35952	-0.471467	0.805273	16.0696	-8.37755	81.9962	
0.919592	0.0438803	-0.390415	0.156591	0.870458	0.466671	0.360318	-0.490282	0.793596	16.3886	-8.8038	82.7048	
0.917981	0.0461122	-0.393934	0.164418	0.859615	0.483765	0.360939	-0.508857	0.781529	16.7083	-9.24662	83.4029	
0.916368	0.0484264	-0.397398	0.172257	0.848372	0.500593	0.361383	-0.527182	0.769079	17.0284	-9.70579	84.0901	
