1	0	0	0	1	0	0	0	1	0	0	0	
0.999999	-3.55333e-06	0.00143452	-3.55333e-06	0.999988	0.00495399	-0.00143452	-0.00495399	0.999987	-0.000653506	-0.00225682	0.911107	
0.999996	-1.42063e-05	0.00286804	-1.42115e-05	0.999951	0.00990817	-0.00286804	-0.00990817	0.999947	-0.00261357	-0.00902738	1.82219	
0.999991	-3.19494e-05	0.00430051	-3.19703e-05	0.99989	0.0148624	-0.00430051	-0.0148624	0.99988	-0.00587925	-0.0203118	2.73322	
0.999984	-5.6773e-05	0.0057319	-5.68254e-05	0.999804	0.0198165	-0.0057319	-0.0198165	0.999787	-0.0104496	-0.03611	3.64419	
0.999974	-8.86673e-05	0.00716216	-8.87722e-05	0.999693	0.0247704	-0.00716216	-0.0247704	0.999668	-0.0163235	-0.0564219	4.55505	
0.999963	-0.000127622	0.00859127	-0.000127806	0.999558	0.029724	-0.00859126	-0.029724	0.999521	-0.0235001	-0.0812472	5.46579	
0.99995	-0.000173628	0.0100192	-0.000173921	0.999399	0.0346771	-0.0100192	-0.0346771	0.999348	-0.0319782	-0.110586	6.37639	
0.999934	-0.000226673	0.0114458	-0.000227113	0.999214	0.0396295	-0.0114458	-0.0396295	0.999149	-0.0417568	-0.144436	7.28682	
0.999917	-0.000286747	0.0128712	-0.000287377	0.999006	0.0445812	-0.0128712	-0.0445812	0.998923	-0.0528345	-0.182799	8.19706	
0.999898	-0.000353841	0.0142953	-0.000354706	0.998772	0.049532	-0.0142953	-0.049532	0.99867	-0.0652104	-0.225673	9.10707	
0.999876	-0.000427941	0.015718	-0.000429095	0.998515	0.0544818	-0.015718	-0.0544818	0.998391	-0.0788832	-0.273057	10.0168	
0.999853	-0.000509038	0.0171394	-0.000510538	0.998232	0.0594305	-0.0171393	-0.0594305	0.998085	-0.0938516	-0.324951	10.9264	
0.999828	-0.00059712	0.0185593	-0.000599028	0.997925	0.0643778	-0.0185592	-0.0643778	0.997753	-0.110114	-0.381352	11.8356	
0.9998	-0.000692174	0.0199777	-0.00069456	0.997594	0.0693237	-0.0199776	-0.0693237	0.997394	-0.12767	-0.442261	12.7445	
0.999771	-0.000794191	0.0213947	-0.000797127	0.997238	0.0742681	-0.0213946	-0.0742681	0.997009	-0.146517	-0.507675	13.653	
0.999739	-0.000903156	0.0228101	-0.000906721	0.996857	0.0792107	-0.0228099	-0.0792108	0.996597	-0.166655	-0.577594	14.5612	
0.999706	-0.00101906	0.0242239	-0.00102334	0.996452	0.0841516	-0.0242237	-0.0841516	0.996158	-0.188082	-0.652014	15.4691	
0.999671	-0.00114189	0.0256361	-0.00114697	0.996023	0.0890904	-0.0256359	-0.0890905	0.995694	-0.210795	-0.730936	16.3765	
0.999633	-0.00127163	0.0270467	-0.0012776	0.995569	0.0940272	-0.0270464	-0.0940273	0.995202	-0.234795	-0.814356	17.2834	
0.999594	-0.00140827	0.0284555	-0.00141523	0.99509	0.0989618	-0.0284552	-0.0989619	0.994684	-0.260079	-0.902274	18.1899	
0.999553	-0.00155179	0.0298627	-0.00155986	0.994587	0.103894	-0.0298623	-0.103894	0.99414	-0.286646	-0.994686	19.0959	
0.99951	-0.00170219	0.0312681	-0.00171147	0.99406	0.108824	-0.0312676	-0.108824	0.993569	-0.314494	-1.09159	20.0015	
0.999464	-0.00185945	0.0326717	-0.00187005	0.993508	0.113751	-0.032671	-0.113751	0.992972	-0.343622	-1.19299	20.9064	
0.999417	-0.00202356	0.0340734	-0.0020356	0.992931	0.118675	-0.0340727	-0.118675	0.992348	-0.374027	-1.29887	21.8109	
0.999368	-0.00219449	0.0354733	-0.0022081	0.99233	0.123596	-0.0354724	-0.123597	0.991698	-0.405709	-1.40924	22.7147	
0.999317	-0.00237225	0.0368712	-0.00238756	0.991705	0.128515	-0.0368702	-0.128515	0.991022	-0.438665	-1.52409	23.618	
0.999264	-0.00255681	0.0382672	-0.00257395	0.991055	0.13343	-0.0382661	-0.13343	0.990319	-0.472894	-1.64342	24.5206	
0.999209	-0.00274816	0.0396613	-0.00276728	0.990381	0.138342	-0.0396599	-0.138342	0.98959	-0.508394	-1.76723	25.4225	
0.999153	-0.00294629	0.0410533	-0.00296753	0.989682	0.143251	-0.0410518	-0.143251	0.988835	-0.545163	-1.89551	26.3238	
0.999094	-0.00315118	0.0424432	-0.00317469	0.988959	0.148156	-0.0424415	-0.148156	0.988053	-0.583199	-2.02826	27.2244	
0.999033	-0.00336282	0.0438311	-0.00338875	0.988212	0.153057	-0.0438291	-0.153057	0.987245	-0.6225	-2.16548	28.1243	
0.998971	-0.00358119	0.0452169	-0.0036097	0.98744	0.157954	-0.0452146	-0.157955	0.986411	-0.663064	-2.30717	29.0234	
0.998906	-0.00380627	0.0466004	-0.00383754	0.986644	0.162848	-0.0465979	-0.162848	0.98555	-0.70489	-2.45331	29.9217	
0.99884	-0.00403806	0.0479818	-0.00407224	0.985823	0.167737	-0.0479789	-0.167738	0.984663	-0.747975	-2.60391	30.8193	
0.998772	-0.00427653	0.049361	-0.00431381	0.984979	0.172622	-0.0493577	-0.172623	0.983751	-0.792317	-2.75896	31.716	
0.998702	-0.00452167	0.0507378	-0.00456223	0.98411	0.177503	-0.0507342	-0.177504	0.982811	-0.837915	-2.91847	32.6119	
0.99863	-0.00477346	0.0521124	-0.00481749	0.983216	0.182379	-0.0521084	-0.182381	0.981846	-0.884766	-3.08242	33.5069	
0.998556	-0.00503189	0.0534847	-0.00507957	0.982299	0.187251	-0.0534801	-0.187252	0.980855	-0.932867	-3.2508	34.401	
0.99848	-0.00529694	0.0548545	-0.00534848	0.981357	0.192118	-0.0548495	-0.192119	0.979838	-0.982217	-3.42363	35.2942	
0.998403	-0.0055686	0.056222	-0.00562418	0.980391	0.19698	-0.0562164	-0.196982	0.978794	-1.03281	-3.60089	36.1865	
0.998323	-0.00584685	0.057587	-0.00590669	0.979401	0.201837	-0.0575809	-0.201839	0.977725	-1.08466	-3.78257	37.0778	
0.998242	-0.00613166	0.0589495	-0.00619597	0.978387	0.206689	-0.0589428	-0.206691	0.976629	-1.13774	-3.96868	37.9681	
0.998159	-0.00642303	0.0603095	-0.00649202	0.977349	0.211536	-0.0603021	-0.211538	0.975508	-1.19206	-4.15921	38.8574	
0.998074	-0.00672094	0.061667	-0.00679483	0.976286	0.216377	-0.0616589	-0.216379	0.97436	-1.24762	-4.35415	39.7457	
0.997987	-0.00702537	0.0630219	-0.00710439	0.9752	0.221213	-0.063013	-0.221215	0.973187	-1.30442	-4.5535	40.6329	
0.997899	-0.0073363	0.0643741	-0.00742067	0.974089	0.226043	-0.0643645	-0.226045	0.971988	-1.36244	-4.75725	41.519	
0.997809	-0.00765372	0.0657237	-0.00774368	0.972955	0.230867	-0.0657132	-0.23087	0.970763	-1.4217	-4.9654	42.4041	
0.997716	-0.0079776	0.0670707	-0.00807339	0.971796	0.235685	-0.0670592	-0.235688	0.969512	-1.48219	-5.17794	43.288	
0.997622	-0.00830793	0.0684149	-0.0084098	0.970613	0.240497	-0.0684024	-0.240501	0.968236	-1.5439	-5.39487	44.1707	
0.997527	-0.00864469	0.0697563	-0.00875288	0.969407	0.245303	-0.0697428	-0.245307	0.966933	-1.60683	-5.61619	45.0523	
0.997429	-0.00898787	0.071095	-0.00910263	0.968176	0.250103	-0.0710804	-0.250107	0.965606	-1.67098	-5.84188	45.9327	
0.99733	-0.00933743	0.0724309	-0.00945903	0.966922	0.254896	-0.0724151	-0.254901	0.964252	-1.73635	-6.07194	46.8118	
0.997229	-0.00969338	0.0737639	-0.00982208	0.965644	0.259683	-0.0737468	-0.259688	0.962873	-1.80294	-6.30636	47.6898	
0.997126	-0.0100557	0.075094	-0.0101917	0.964342	0.264463	-0.0750756	-0.264468	0.961468	-1.87074	-6.54514	48.5664	
0.997021	-0.0104243	0.0764212	-0.010568	0.963016	0.269236	-0.0764014	-0.269241	0.960037	-1.93974	-6.78828	49.4418	
0.996915	-0.0107993	0.0777454	-0.0109509	0.961667	0.274002	-0.0777242	-0.274008	0.958582	-2.00996	-7.03576	50.3158	
0.996807	-0.0111805	0.0790667	-0.0113403	0.960294	0.278761	-0.0790439	-0.278767	0.9571	-2.08137	-7.28758	51.1885	
0.996697	-0.011568	0.0803849	-0.0117363	0.958897	0.283513	-0.0803605	-0.28352	0.955593	-2.15399	-7.54373	52.0598	
0.996585	-0.0119618	0.0817001	-0.0121389	0.957476	0.288257	-0.081674	-0.288264	0.954061	-2.22781	-7.80421	52.9298	
0.996472	-0.0123619	0.0830122	-0.012548	0.956032	0.292994	-0.0829843	-0.293002	0.952504	-2.30282	-8.06901	53.7983	
0.99662	-0.0118295	0.0812936	-0.0128696	0.954876	0.296725	-0.0811355	-0.296768	0.951497	-2.37758	-8.33769	54.6657	
0.996765	-0.0112895	0.0795739	-0.0131845	0.953704	0.300458	-0.079282	-0.300535	0.95047	-2.45066	-8.60979	55.5322	
0.996907	-0.0107418	0.0778535	-0.0134926	0.952515	0.304194	-0.0774241	-0.304304	0.949423	-2.52205	-8.88533	56.3977	
0.997046	-0.0101864	0.0761325	-0.0137939	0.951309	0.307932	-0.0755622	-0.308072	0.948358	-2.59174	-9.1643	57.2622	
0.997181	-0.00962356	0.0744113	-0.0140883	0.950086	0.31167	-0.0736965	-0.31184	0.947272	-2.65974	-9.44671	58.1258	
0.997313	-0.00905321	0.0726901	-0.0143757	0.948847	0.31541	-0.0718273	-0.315607	0.946167	-2.72603	-9.73254	58.9884	
0.997442	-0.00847543	0.0709693	-0.014656	0.947591	0.319149	-0.0699548	-0.319373	0.945043	-2.79062	-10.0218	59.8499	
0.997568	-0.00789029	0.069249	-0.0149293	0.946319	0.322889	-0.0680794	-0.323137	0.9439	-2.85351	-10.3145	60.7104	
0.997691	-0.00729788	0.0675296	-0.0151954	0.945031	0.326627	-0.0662013	-0.326899	0.942738	-2.91468	-10.6106	61.5699	
0.99781	-0.00669825	0.0658113	-0.0154543	0.943727	0.330365	-0.0643208	-0.330658	0.941556	-2.97414	-10.9102	62.4283	
0.997925	-0.0060915	0.0640945	-0.0157059	0.942407	0.3341	-0.0624382	-0.334414	0.940356	-3.03188	-11.2132	63.2856	
0.998037	-0.0054777	0.0623792	-0.0159502	0.941071	0.337833	-0.0605538	-0.338165	0.939137	-3.08791	-11.5196	64.1418	
0.998146	-0.00485694	0.0606659	-0.0161871	0.939719	0.341564	-0.0586679	-0.341913	0.937899	-3.14223	-11.8294	64.9969	
0.998252	-0.00422931	0.0589548	-0.0164167	0.938352	0.345291	-0.0567807	-0.345655	0.936642	-3.19482	-12.1426	65.8509	
0.998354	-0.00359489	0.057246	-0.0166388	0.93697	0.349014	-0.0548925	-0.349392	0.935367	-3.24569	-12.4592	66.7037	
0.998452	-0.00295378	0.05554	-0.0168534	0.935572	0.352734	-0.0530036	-0.353124	0.934074	-3.29485	-12.7793	67.5553	
0.998547	-0.00230608	0.0538369	-0.0170606	0.934159	0.356448	-0.0511143	-0.356849	0.932763	-3.34228	-13.1027	68.4058	
0.998639	-0.00165189	0.052137	-0.0172603	0.932732	0.360157	-0.0492248	-0.360567	0.931434	-3.38799	-13.4295	69.255	
0.998727	-0.000991314	0.0504405	-0.0174524	0.93129	0.363861	-0.0473355	-0.364278	0.930087	-3.43198	-13.7597	70.1031	
0.999521	0.00686874	0.0301603	-0.0172071	0.933715	0.357603	-0.0257048	-0.357951	0.933387	-3.46525	-14.0888	70.952	
0.999845	0.0145891	0.00981345	-0.0171071	0.936097	0.351325	-0.00406085	-0.351438	0.936202	-3.47881	-14.412	71.8037	
0.999698	0.0221656	-0.0105894	-0.0171525	0.938435	0.345029	0.0175852	-0.344743	0.938532	-3.47265	-14.7291	72.6578	
0.99908	0.0295945	-0.0310376	-0.0173433	0.940728	0.338719	0.0392222	-0.337869	0.940375	-3.44677	-15.0401	73.5138	
0.997991	0.0368719	-0.0515207	-0.0176793	0.942973	0.332399	0.0608388	-0.33082	0.941731	-3.40119	-15.3447	74.3712	
0.996432	0.043994	-0.0720279	-0.0181604	0.945171	0.326071	0.0824239	-0.3236	0.942597	-3.33592	-15.6429	75.2297	
0.994403	0.0509571	-0.0925487	-0.0187864	0.947319	0.319739	0.103966	-0.316211	0.942975	-3.251	-15.9344	76.0887	
0.991907	0.0577576	-0.113072	-0.0195568	0.949418	0.313406	0.125455	-0.308658	0.942863	-3.14649	-16.219	76.9479	
0.988943	0.0643919	-0.133588	-0.0204713	0.951465	0.307076	0.146878	-0.300945	0.942263	-3.02242	-16.4967	77.8067	
0.985514	0.0708567	-0.154086	-0.0215295	0.95346	0.300751	0.168225	-0.293076	0.941173	-2.87886	-16.7674	78.6647	
0.981621	0.0771485	-0.174554	-0.0227307	0.955401	0.294435	0.189485	-0.285055	0.939595	-2.7159	-17.0308	79.5216	
0.977266	0.0832642	-0.194983	-0.0240744	0.957288	0.288131	0.210646	-0.276887	0.93753	-2.53361	-17.2868	80.3767	
0.972452	0.0892005	-0.215362	-0.0255599	0.95912	0.281843	0.231698	-0.268574	0.934978	-2.33209	-17.5353	81.2298	
0.967181	0.0949543	-0.23568	-0.0271863	0.960895	0.275574	0.25263	-0.260122	0.931941	-2.11144	-17.7761	82.0803	
0.961456	0.100523	-0.255926	-0.0289529	0.962614	0.269326	0.273431	-0.251535	0.928421	-1.87178	-18.0092	82.9279	
0.955279	0.105903	-0.27609	-0.0308588	0.964274	0.263104	0.29409	-0.242818	0.924419	-1.61323	-18.2344	83.772	
0.948655	0.111092	-0.296163	-0.0329028	0.965875	0.25691	0.314597	-0.233975	0.919937	-1.33593	-18.4516	84.6122	
0.941586	0.116087	-0.316132	-0.0350841	0.967416	0.250748	0.33494	-0.22501	0.914978	-1.04002	-18.6607	85.4481	
0.934076	0.120886	-0.335989	-0.0374014	0.968897	0.244621	0.35511	-0.215929	0.909545	-0.725647	-18.8616	86.2794	
0.926129	0.125486	-0.355722	-0.0398535	0.970316	0.238532	0.375095	-0.206735	0.90364	-0.392984	-19.0542	87.1054	
