1	0	0	0	1	0	0	0	1	0	0	0	
0.999999	-2.99368e-07	-0.00159897	-2.99368e-07	1	-0.00037445	0.00159897	0.00037445	0.999999	0.000796256	0.000186469	0.995959	
0.999995	-1.20423e-06	-0.0032064	-1.20505e-06	1	-0.000751396	0.0032064	0.000751396	0.999995	0.00318924	0.000747117	1.99192	
0.999988	-2.72489e-06	-0.00482221	-2.7282e-06	0.999999	-0.00113082	0.00482221	0.00113082	0.999988	0.00718732	0.00168442	2.98787	
0.999979	-4.87161e-06	-0.0064463	-4.87993e-06	0.999999	-0.00151272	0.0064463	0.00151272	0.999978	0.0127988	0.00300085	3.98381	
0.999967	-7.65459e-06	-0.00807861	-7.67132e-06	0.999998	-0.00189707	0.00807861	0.00189707	0.999966	0.0200319	0.00469886	4.97974	
0.999953	-1.1084e-05	-0.00971904	-1.11134e-05	0.999997	-0.00228385	0.00971904	0.00228385	0.99995	0.0288948	0.00678087	5.97566	
0.999935	-1.51699e-05	-0.0113675	-1.52172e-05	0.999996	-0.00267306	0.0113675	0.00267306	0.999932	0.0393955	0.00924932	6.97156	
0.999915	-1.99224e-05	-0.0130239	-1.99937e-05	0.999995	-0.00306469	0.0130239	0.00306469	0.99991	0.0515419	0.0121066	7.96744	
0.999892	-2.53514e-05	-0.0146883	-2.54538e-05	0.999994	-0.0034587	0.0146883	0.0034587	0.999886	0.065342	0.0153551	8.9633	
0.999866	-3.14668e-05	-0.0163603	-3.16084e-05	0.999993	-0.0038551	0.0163603	0.0038551	0.999859	0.0808036	0.0189972	9.95913	
0.999837	-3.82786e-05	-0.0180401	-3.84682e-05	0.999991	-0.00425386	0.0180401	0.00425386	0.999828	0.0979344	0.0230353	10.9549	
0.999805	-4.57965e-05	-0.0197276	-4.60442e-05	0.999989	-0.00465497	0.0197276	0.00465497	0.999795	0.116742	0.0274718	11.9507	
0.999771	-5.40302e-05	-0.0214225	-5.43469e-05	0.999987	-0.00505842	0.0214225	0.00505842	0.999758	0.137234	0.0323088	12.9464	
0.999733	-6.29893e-05	-0.0231249	-6.33872e-05	0.999985	-0.00546418	0.0231249	0.00546418	0.999718	0.159418	0.0375489	13.9421	
0.999692	-7.26835e-05	-0.0248346	-7.31755e-05	0.999983	-0.00587225	0.0248346	0.00587225	0.999674	0.1833	0.0431942	14.9378	
0.999647	-8.31223e-05	-0.0265517	-8.37224e-05	0.99998	-0.0062826	0.0265517	0.00628261	0.999628	0.20889	0.0492471	15.9334	
0.9996	-9.4315e-05	-0.0282759	-9.50385e-05	0.999978	-0.00669522	0.0282759	0.00669523	0.999578	0.236193	0.0557098	16.929	
0.99955	-0.000106271	-0.0300072	-0.000107134	0.999975	-0.0071101	0.0300072	0.00711011	0.999524	0.265217	0.0625846	17.9245	
0.999496	-0.000119	-0.0317455	-0.00012002	0.999972	-0.00752722	0.0317455	0.00752723	0.999468	0.295968	0.0698737	18.9199	
0.999439	-0.00013251	-0.0334907	-0.000133705	0.999968	-0.00794656	0.0334907	0.00794658	0.999407	0.328455	0.0775793	19.9153	
0.999379	-0.000146811	-0.0352428	-0.000148201	0.999965	-0.0083681	0.0352428	0.00836812	0.999344	0.362682	0.0857037	20.9107	
0.999315	-0.000161912	-0.0370016	-0.000163518	0.999961	-0.00879183	0.0370016	0.00879186	0.999277	0.398659	0.094249	21.906	
0.999248	-0.000177822	-0.0387671	-0.000179665	0.999957	-0.00921773	0.0387671	0.00921776	0.999206	0.43639	0.103217	22.9012	
0.999178	-0.000194549	-0.0405392	-0.000196653	0.999953	-0.00964578	0.0405391	0.00964583	0.999131	0.475883	0.112611	23.8963	
0.999104	-0.000212103	-0.0423177	-0.000214491	0.999949	-0.010076	0.0423177	0.010076	0.999053	0.517144	0.122432	24.8914	
0.999027	-0.000230492	-0.0441026	-0.00023319	0.999945	-0.0105083	0.0441026	0.0105083	0.998972	0.56018	0.132683	25.8863	
0.998946	-0.000249724	-0.0458938	-0.000252759	0.99994	-0.0109427	0.0458938	0.0109428	0.998886	0.604996	0.143365	26.8812	
0.998862	-0.000269808	-0.0476912	-0.000273207	0.999935	-0.0113792	0.0476912	0.0113793	0.998797	0.651599	0.154481	27.876	
0.998774	-0.000290753	-0.0494947	-0.000294544	0.99993	-0.0118177	0.0494947	0.0118178	0.998704	0.699996	0.166033	28.8707	
0.998683	-0.000312566	-0.0513043	-0.000316781	0.999925	-0.0122584	0.0513042	0.0122585	0.998608	0.750192	0.178022	29.8654	
0.998588	-0.000335256	-0.0531198	-0.000339925	0.999919	-0.012701	0.0531197	0.0127011	0.998507	0.802193	0.190452	30.8599	
0.99849	-0.00035883	-0.0549411	-0.000363987	0.999914	-0.0131456	0.0549411	0.0131458	0.998403	0.856005	0.203323	31.8543	
0.998387	-0.000383297	-0.0567682	-0.000388975	0.999908	-0.0135923	0.0567681	0.0135924	0.998295	0.911634	0.216638	32.8486	
0.998281	-0.000408664	-0.0586009	-0.000414898	0.999901	-0.0140409	0.0586009	0.0140411	0.998183	0.969085	0.230399	33.8428	
0.998172	-0.000434939	-0.0604393	-0.000441766	0.999895	-0.0144915	0.0604392	0.0144917	0.998067	1.02836	0.244608	34.8369	
0.998058	-0.000462131	-0.062283	-0.000469588	0.999888	-0.014944	0.062283	0.0149442	0.997947	1.08948	0.259266	35.8309	
0.997941	-0.000490245	-0.0641322	-0.000498372	0.999881	-0.0153984	0.0641322	0.0153986	0.997823	1.15243	0.274376	36.8247	
0.99782	-0.000519289	-0.0659867	-0.000528126	0.999874	-0.0158547	0.0659866	0.015855	0.997695	1.21723	0.28994	37.8185	
0.997696	-0.000549272	-0.0678464	-0.00055886	0.999867	-0.0163129	0.0678463	0.0163132	0.997562	1.28387	0.305959	38.8121	
0.997567	-0.000580199	-0.0697112	-0.000590581	0.999859	-0.0167729	0.0697111	0.0167733	0.997426	1.35237	0.322435	39.8055	
0.997435	-0.000612077	-0.0715809	-0.000623299	0.999851	-0.0172348	0.0715808	0.0172352	0.997286	1.42273	0.339371	40.7989	
0.997298	-0.000644915	-0.0734557	-0.00065702	0.999843	-0.0176986	0.0734556	0.017699	0.997141	1.49496	0.356767	41.7921	
0.997158	-0.000678717	-0.0753352	-0.000691754	0.999835	-0.0181641	0.0753351	0.0181646	0.996993	1.56905	0.374627	42.7851	
0.997014	-0.000713492	-0.0772195	-0.000727508	0.999826	-0.0186314	0.0772193	0.0186319	0.99684	1.64502	0.392951	43.778	
0.996866	-0.000749245	-0.0791084	-0.00076429	0.999817	-0.0191004	0.0791082	0.019101	0.996683	1.72287	0.411741	44.7707	
0.996714	-0.000785982	-0.0810019	-0.000802108	0.999808	-0.0195712	0.0810017	0.0195719	0.996522	1.8026	0.430999	45.7633	
0.996558	-0.000823711	-0.0828998	-0.000840969	0.999799	-0.0200437	0.0828996	0.0200444	0.996356	1.88422	0.450727	46.7557	
0.996397	-0.000862437	-0.084802	-0.000880881	0.999789	-0.0205179	0.0848019	0.0205187	0.996187	1.96773	0.470927	47.7479	
0.996233	-0.000902165	-0.0867086	-0.00092185	0.999779	-0.0209938	0.0867084	0.0209947	0.996012	2.05314	0.4916	48.74	
0.996065	-0.000942902	-0.0886193	-0.000963885	0.999769	-0.0214714	0.0886191	0.0214723	0.995834	2.14045	0.512748	49.7319	
0.995893	-0.000984653	-0.0905341	-0.00100699	0.999759	-0.0219505	0.0905338	0.0219516	0.995651	2.22967	0.534372	50.7236	
0.995717	-0.00102742	-0.0924528	-0.00105118	0.999748	-0.0224313	0.0924526	0.0224324	0.995464	2.32079	0.556474	51.7152	
0.995536	-0.00107122	-0.0943755	-0.00109645	0.999737	-0.0229137	0.0943752	0.0229149	0.995273	2.41383	0.579056	52.7065	
0.995352	-0.00111605	-0.0963019	-0.00114281	0.999726	-0.0233977	0.0963016	0.023399	0.995077	2.50878	0.60212	53.6977	
0.995163	-0.00116191	-0.0982321	-0.00119028	0.999714	-0.0238832	0.0982317	0.0238846	0.994877	2.60565	0.625666	54.6886	
0.99497	-0.00120881	-0.100166	-0.00123884	0.999702	-0.0243702	0.100165	0.0243718	0.994672	2.70445	0.649697	55.6794	
0.994773	-0.00125676	-0.102103	-0.00128852	0.99969	-0.0248588	0.102103	0.0248604	0.994463	2.80518	0.674213	56.6699	
0.994572	-0.00130576	-0.104044	-0.00133932	0.999678	-0.0253488	0.104043	0.0253506	0.99425	2.90783	0.699217	57.6603	
0.994367	-0.00135581	-0.105988	-0.00139124	0.999665	-0.0258403	0.105987	0.0258422	0.994032	3.01243	0.72471	58.6504	
0.994157	-0.00140692	-0.107935	-0.00144429	0.999652	-0.0263333	0.107934	0.0263353	0.993809	3.11895	0.750694	59.6403	
0.993943	-0.00145909	-0.109885	-0.00149847	0.999639	-0.0268277	0.109885	0.0268298	0.993582	3.22742	0.777169	60.63	
0.993725	-0.00151233	-0.111839	-0.0015538	0.999625	-0.0273234	0.111838	0.0273258	0.993351	3.33784	0.804137	61.6194	
0.993503	-0.00156665	-0.113795	-0.00161026	0.999612	-0.0278206	0.113794	0.0278231	0.993115	3.4502	0.8316	62.6087	
0.992867	-0.00172293	-0.119214	-0.00179922	0.999565	-0.0294308	0.119213	0.0294353	0.992432	3.56623	0.860114	63.5974	
0.992201	-0.00188811	-0.124633	-0.00199712	0.999516	-0.0310411	0.124631	0.0310479	0.991717	3.68766	0.890233	64.5855	
0.991505	-0.00206218	-0.13005	-0.00220398	0.999464	-0.0326515	0.130048	0.0326607	0.99097	3.81449	0.921959	65.5728	
0.990779	-0.00224515	-0.135466	-0.00241979	0.99941	-0.0342618	0.135463	0.0342737	0.990189	3.94671	0.955291	66.5594	
0.990024	-0.00243702	-0.140879	-0.00264456	0.999353	-0.0358719	0.140876	0.0358866	0.989377	4.08432	0.99023	67.5452	
0.989238	-0.00263778	-0.14629	-0.00287829	0.999293	-0.0374818	0.146286	0.0374995	0.988531	4.22732	1.02677	68.5302	
0.988423	-0.00284744	-0.151699	-0.00312099	0.999231	-0.0390914	0.151693	0.0391122	0.987653	4.37571	1.06493	69.5143	
0.987577	-0.00306598	-0.157103	-0.00337264	0.999166	-0.0407005	0.157097	0.0407247	0.986743	4.52948	1.10468	70.4975	
0.986702	-0.00329341	-0.162504	-0.00363326	0.999098	-0.042309	0.162497	0.0423368	0.9858	4.68863	1.14605	71.4798	
0.982574	-0.00438619	-0.185822	-0.00495912	0.998747	-0.049797	0.185808	0.0498508	0.981321	4.86209	1.19196	72.4594	
0.977894	-0.00565675	-0.209027	-0.00646201	0.998339	-0.0572487	0.209003	0.0573338	0.976233	5.0587	1.24533	73.4343	
0.972665	-0.00710429	-0.232104	-0.008141	0.997874	-0.0646593	0.23207	0.0647814	0.97054	5.27836	1.30615	74.4038	
0.966891	-0.00872793	-0.255039	-0.00999505	0.997353	-0.0720242	0.254992	0.0721887	0.964245	5.52092	1.37436	75.3673	
0.960576	-0.0105266	-0.277817	-0.012023	0.996775	-0.079339	0.277756	0.0795513	0.957352	5.78623	1.44993	76.3243	
0.953724	-0.0124993	-0.300425	-0.0142236	0.996142	-0.086599	0.300348	0.0868646	0.949866	6.07413	1.5328	77.2741	
0.946337	-0.0146448	-0.322849	-0.0165955	0.995453	-0.0937998	0.322754	0.0941241	0.941791	6.38444	1.62294	78.2161	
0.938422	-0.0169616	-0.345074	-0.0191373	0.994709	-0.100937	0.34496	0.101325	0.933132	6.71697	1.72027	79.1499	
0.929983	-0.0194484	-0.367087	-0.0218472	0.99391	-0.108006	0.366952	0.108463	0.923895	7.0715	1.82475	80.0747	
0.921026	-0.0221037	-0.388874	-0.0247238	0.993058	-0.115002	0.388716	0.115534	0.914085	7.44783	1.9363	80.99	
0.911555	-0.0249257	-0.410422	-0.0277651	0.992151	-0.121922	0.41024	0.122534	0.903708	7.84571	2.05486	81.8953	
0.901577	-0.0279128	-0.431718	-0.0309693	0.991192	-0.12876	0.431509	0.129457	0.892771	8.26491	2.18035	82.7899	
0.891098	-0.0310631	-0.452747	-0.0343344	0.99018	-0.135514	0.452511	0.136301	0.881281	8.70516	2.3127	83.6734	
0.880124	-0.0343746	-0.473498	-0.0378583	0.989117	-0.142177	0.473232	0.143059	0.869244	9.16618	2.45182	84.5452	
0.868663	-0.0378453	-0.493957	-0.0415389	0.988002	-0.148747	0.49366	0.149729	0.856669	9.6477	2.59763	85.4047	
0.85672	-0.041473	-0.514111	-0.0453738	0.986838	-0.155219	0.513781	0.156307	0.843562	10.1494	2.75004	86.2514	
0.844305	-0.0452555	-0.533948	-0.0493607	0.985623	-0.161589	0.533585	0.162787	0.829932	10.671	2.90895	87.0848	
0.831424	-0.0491905	-0.553457	-0.0534971	0.984359	-0.167854	0.553057	0.169166	0.815788	11.2122	3.07427	87.9044	
0.818086	-0.0532754	-0.572624	-0.0577805	0.983047	-0.174009	0.572187	0.175441	0.801139	11.7725	3.24588	88.7097	
0.804298	-0.0575078	-0.591437	-0.0622081	0.981688	-0.180051	0.590961	0.181606	0.785992	12.3518	3.42369	89.5001	
0.790069	-0.0618851	-0.609886	-0.0667773	0.980283	-0.185975	0.60937	0.18766	0.770358	12.9496	3.60759	90.2751	
0.775408	-0.0664045	-0.627959	-0.0714852	0.978831	-0.191779	0.627401	0.193596	0.754247	13.5655	3.79746	91.0344	
0.760325	-0.0710632	-0.645644	-0.0763289	0.977335	-0.197458	0.645043	0.199413	0.737668	14.1992	3.99318	91.7774	
0.744828	-0.0758583	-0.66293	-0.0813054	0.975795	-0.203009	0.662284	0.205106	0.720632	14.8502	4.19463	92.5036	
0.728927	-0.080787	-0.679808	-0.0864116	0.974213	-0.208429	0.679116	0.210673	0.703149	15.5182	4.40169	93.2127	
0.712632	-0.085846	-0.696266	-0.0916443	0.972588	-0.213714	0.695526	0.216108	0.68523	16.2028	4.61423	93.9041	
0.695953	-0.0910323	-0.712294	-0.0970003	0.970923	-0.218861	0.711505	0.221409	0.666887	16.9035	4.83212	94.5774	
