1	0	0	0	1	0	0	0	1	0	0	0	
1	1.14644e-06	-0.000616936	1.14644e-06	0.999993	0.00371654	0.000616936	-0.00371654	0.999993	0.000236337	-0.00142374	0.76616	
0.999999	4.59357e-06	-0.00123519	4.5896e-06	0.999972	0.00743455	0.00123519	-0.00743455	0.999972	0.000945849	-0.00569551	1.53231	
0.999998	1.03521e-05	-0.00185473	1.03362e-05	0.999938	0.011154	0.00185473	-0.011154	0.999936	0.00212954	-0.0128164	2.29844	
0.999997	1.84326e-05	-0.00247557	1.83928e-05	0.999889	0.0148747	0.00247557	-0.0148747	0.999886	0.0037884	-0.0227875	3.06453	
0.999995	2.88456e-05	-0.00309768	2.8766e-05	0.999827	0.0185966	0.00309769	-0.0185966	0.999822	0.00592341	-0.0356097	3.83058	
0.999993	4.16014e-05	-0.00372106	4.14622e-05	0.999751	0.0223197	0.00372106	-0.0223197	0.999744	0.00853554	-0.051284	4.59658	
0.999991	5.67105e-05	-0.00434568	5.64877e-05	0.999661	0.0260439	0.00434568	-0.0260439	0.999651	0.0116258	-0.0698112	5.36251	
0.999988	7.41829e-05	-0.00497154	7.38486e-05	0.999557	0.029769	0.00497154	-0.029769	0.999544	0.015195	-0.0911921	6.12836	
0.999984	9.4029e-05	-0.00559862	9.35512e-05	0.999439	0.033495	0.00559863	-0.033495	0.999423	0.0192442	-0.115427	6.89413	
0.999981	0.000116259	-0.00622691	0.000115601	0.999307	0.0372219	0.00622692	-0.0372219	0.999288	0.0237744	-0.142518	7.6598	
0.999976	0.000140882	-0.00685639	0.000140005	0.999161	0.0409495	0.00685641	-0.0409495	0.999138	0.0287864	-0.172464	8.42536	
0.999972	0.000167908	-0.00748706	0.000166768	0.999001	0.0446777	0.00748708	-0.0446777	0.998973	0.0342811	-0.205266	9.1908	
0.999967	0.000197348	-0.00811889	0.000195897	0.998828	0.0484065	0.00811893	-0.0484065	0.998795	0.0402595	-0.240925	9.9561	
0.999962	0.000229211	-0.00875188	0.000227396	0.99864	0.0521358	0.00875193	-0.0521358	0.998602	0.0467224	-0.279441	10.7213	
0.999956	0.000263506	-0.00938601	0.000261271	0.998438	0.0558655	0.00938607	-0.0558655	0.998394	0.0536707	-0.320814	11.4863	
0.99995	0.000300243	-0.0100213	0.000297529	0.998223	0.0595955	0.0100213	-0.0595955	0.998172	0.0611053	-0.365045	12.2511	
0.999943	0.000339431	-0.0106576	0.000336173	0.997993	0.0633257	0.0106577	-0.0633257	0.997936	0.0690271	-0.412134	13.0158	
0.999936	0.000381079	-0.0112951	0.000377209	0.997749	0.0670561	0.0112952	-0.0670561	0.997685	0.0774369	-0.46208	13.7803	
0.999929	0.000425197	-0.0119337	0.000420643	0.997491	0.0707866	0.0119338	-0.0707866	0.99742	0.0863355	-0.514885	14.5446	
0.999921	0.000471795	-0.0125733	0.00046648	0.99722	0.0745171	0.0125735	-0.0745171	0.99714	0.0957238	-0.570548	15.3087	
0.999913	0.000520879	-0.013214	0.000514724	0.996934	0.0782475	0.0132142	-0.0782474	0.996846	0.105603	-0.62907	16.0725	
0.999904	0.000572461	-0.0138557	0.00056538	0.996634	0.0819777	0.013856	-0.0819776	0.996538	0.115973	-0.690449	16.8361	
0.999895	0.000626548	-0.0144985	0.000618454	0.99632	0.0857076	0.0144988	-0.0857076	0.996215	0.126835	-0.754686	17.5995	
0.999885	0.000683149	-0.0151423	0.000673949	0.995992	0.0894372	0.0151427	-0.0894372	0.995877	0.13819	-0.821781	18.3627	
0.999875	0.000742272	-0.015787	0.00073187	0.99565	0.0931664	0.0157875	-0.0931663	0.995525	0.150039	-0.891733	19.1255	
0.999865	0.000803927	-0.0164328	0.000792222	0.995294	0.0968951	0.0164334	-0.096895	0.995159	0.162382	-0.964542	19.8881	
0.999854	0.000868121	-0.0170795	0.000855009	0.994924	0.100623	0.0170802	-0.100623	0.994778	0.17522	-1.04021	20.6504	
0.999842	0.000934864	-0.0177272	0.000920235	0.99454	0.104351	0.017728	-0.104351	0.994383	0.188555	-1.11873	21.4124	
0.999831	0.00100416	-0.0183759	0.000987905	0.994142	0.108077	0.0183768	-0.108077	0.993973	0.202386	-1.20011	22.1741	
0.999818	0.00107602	-0.0190255	0.00105802	0.99373	0.111803	0.0190265	-0.111803	0.993548	0.216714	-1.28434	22.9355	
0.999806	0.00115046	-0.0196759	0.00113059	0.993304	0.115528	0.0196771	-0.115528	0.993109	0.231541	-1.37142	23.6966	
0.999793	0.00122747	-0.0203273	0.00120562	0.992863	0.119252	0.0203286	-0.119252	0.992656	0.246866	-1.46136	24.4573	
0.999779	0.00130707	-0.0209796	0.0012831	0.992409	0.122975	0.0209811	-0.122975	0.992188	0.262691	-1.55416	25.2176	
0.999765	0.00138927	-0.0216327	0.00136304	0.991941	0.126697	0.0216344	-0.126697	0.991706	0.279017	-1.6498	25.9776	
0.999751	0.00147407	-0.0222867	0.00144546	0.991458	0.130417	0.0222886	-0.130417	0.991209	0.295843	-1.7483	26.7372	
0.999736	0.00156148	-0.0229416	0.00153034	0.990962	0.134136	0.0229437	-0.134136	0.990697	0.31317	-1.84964	27.4965	
0.99972	0.00165151	-0.0235972	0.00161769	0.990451	0.137854	0.0235996	-0.137854	0.990171	0.331	-1.95384	28.2553	
0.999704	0.00174416	-0.0242537	0.00170752	0.989927	0.141571	0.0242563	-0.14157	0.989631	0.349333	-2.06088	29.0137	
0.999688	0.00183945	-0.024911	0.00179983	0.989388	0.145285	0.0249139	-0.145285	0.989076	0.368169	-2.17077	29.7717	
0.999671	0.00193737	-0.025569	0.00189463	0.988836	0.148998	0.0255722	-0.148998	0.988507	0.387509	-2.2835	30.5293	
0.999654	0.00203794	-0.0262278	0.0019919	0.988269	0.15271	0.0262314	-0.152709	0.987923	0.407354	-2.39908	31.2865	
0.999636	0.00214116	-0.0268874	0.00209167	0.987689	0.156419	0.0268913	-0.156419	0.987325	0.427705	-2.5175	32.0431	
0.999618	0.00224705	-0.0275477	0.00219393	0.987094	0.160127	0.027552	-0.160126	0.986712	0.448561	-2.63876	32.7994	
0.999599	0.00235559	-0.0282087	0.00229868	0.986485	0.163833	0.0282134	-0.163832	0.986085	0.469924	-2.76287	33.5551	
0.99958	0.00246681	-0.0288705	0.00240593	0.985863	0.167537	0.0288756	-0.167536	0.985443	0.491793	-2.88981	34.3103	
0.99956	0.00258071	-0.0295329	0.00251567	0.985226	0.171238	0.0295385	-0.171237	0.984787	0.514171	-3.01958	35.0651	
0.99954	0.0026973	-0.030196	0.00262792	0.984576	0.174938	0.0302021	-0.174937	0.984116	0.537056	-3.1522	35.8194	
0.99952	0.00281657	-0.0308597	0.00274267	0.983912	0.178635	0.0308664	-0.178634	0.983431	0.56045	-3.28764	36.5731	
0.999499	0.00293855	-0.0315241	0.00285992	0.983233	0.182329	0.0315313	-0.182328	0.982732	0.584354	-3.42592	37.3263	
0.999477	0.00306322	-0.0321891	0.00297969	0.982541	0.186022	0.0321969	-0.18602	0.982018	0.608767	-3.56703	38.0789	
0.999455	0.00319061	-0.0328547	0.00310196	0.981835	0.189711	0.0328632	-0.18971	0.98129	0.63369	-3.71096	38.8311	
0.999432	0.0033207	-0.0335209	0.00322674	0.981115	0.193399	0.0335301	-0.193397	0.980547	0.659124	-3.85772	39.5826	
0.999409	0.00345352	-0.0341877	0.00335404	0.980381	0.197083	0.0341976	-0.197081	0.979791	0.685069	-4.00731	40.3336	
0.999359	0.00373932	-0.0356047	0.00339064	0.980174	0.19811	0.0356396	-0.198104	0.979533	0.711823	-4.1587	41.0841	
0.999306	0.00402771	-0.0370268	0.00342881	0.979965	0.199138	0.0370871	-0.199127	0.979272	0.739683	-4.31087	41.8345	
0.999251	0.00431867	-0.0384538	0.00346856	0.979756	0.200167	0.0385398	-0.200151	0.979007	0.768654	-4.46382	42.5847	
0.999194	0.00461219	-0.0398857	0.00350988	0.979544	0.201197	0.0399978	-0.201175	0.978738	0.79874	-4.61756	43.3347	
0.999134	0.00490825	-0.0413222	0.0035528	0.979332	0.202229	0.0414607	-0.2022	0.978466	0.829945	-4.77209	44.0844	
0.999072	0.00520682	-0.0427631	0.00359732	0.979118	0.203261	0.0429285	-0.203226	0.97819	0.862273	-4.9274	44.834	
0.999007	0.0055079	-0.0442085	0.00364344	0.978903	0.204294	0.044401	-0.204252	0.977911	0.895728	-5.0835	45.5833	
0.99894	0.00581146	-0.045658	0.00369118	0.978686	0.205328	0.0458781	-0.205279	0.977628	0.930312	-5.24038	46.3325	
0.998871	0.00611749	-0.0471116	0.00374054	0.978468	0.206363	0.0473596	-0.206306	0.977341	0.966029	-5.39805	47.0814	
0.998799	0.00642595	-0.048569	0.00379153	0.978249	0.207399	0.0488453	-0.207334	0.97705	1.00288	-5.55651	47.8301	
0.998725	0.00673684	-0.0500302	0.00384414	0.978029	0.208435	0.0503352	-0.208362	0.976756	1.04088	-5.71575	48.5785	
0.998648	0.00705013	-0.051495	0.0038984	0.977807	0.209473	0.051829	-0.20939	0.976458	1.08002	-5.87579	49.3268	
0.998569	0.00736579	-0.0529632	0.0039543	0.977584	0.210511	0.0533266	-0.210419	0.976156	1.1203	-6.03661	50.0748	
0.998488	0.00768381	-0.0544347	0.00401186	0.977359	0.211549	0.0548278	-0.211448	0.97585	1.16173	-6.19822	50.8226	
0.998404	0.00800416	-0.0559093	0.00407106	0.977133	0.212589	0.0563325	-0.212477	0.975541	1.20431	-6.36062	51.5701	
0.998317	0.00832682	-0.0573869	0.00413193	0.976906	0.213629	0.0578405	-0.213506	0.975228	1.24805	-6.5238	52.3174	
0.998228	0.00865176	-0.0588674	0.00419446	0.976678	0.214669	0.0593517	-0.214536	0.974911	1.29294	-6.68778	53.0645	
0.998137	0.00897896	-0.0603505	0.00425866	0.976448	0.21571	0.0608659	-0.215565	0.974591	1.339	-6.85254	53.8113	
0.998043	0.0093084	-0.061836	0.00432453	0.976217	0.216752	0.062383	-0.216595	0.974266	1.38621	-7.01809	54.5579	
0.997946	0.00964004	-0.063324	0.00439207	0.975985	0.217794	0.0639028	-0.217625	0.973938	1.43459	-7.18443	55.3042	
0.997848	0.00997385	-0.0648142	0.00446129	0.975751	0.218836	0.0654252	-0.218654	0.973607	1.48413	-7.35156	56.0502	
0.997746	0.0103098	-0.0663064	0.00453219	0.975517	0.219879	0.0669499	-0.219684	0.973271	1.53484	-7.51948	56.7961	
0.997642	0.0106479	-0.0678005	0.00460477	0.975281	0.220922	0.0684769	-0.220713	0.972932	1.58672	-7.68819	57.5416	
0.997536	0.0109881	-0.0692964	0.00467903	0.975043	0.221965	0.0700059	-0.221743	0.972589	1.63977	-7.85769	58.2869	
0.997427	0.0113304	-0.0707938	0.00475498	0.974805	0.223009	0.0715369	-0.222772	0.972242	1.694	-8.02797	59.0319	
0.997315	0.0116747	-0.0722927	0.00483261	0.974565	0.224053	0.0730697	-0.2238	0.971892	1.74939	-8.19904	59.7767	
0.997201	0.012021	-0.0737928	0.00491193	0.974324	0.225096	0.074604	-0.224829	0.971538	1.80596	-8.37091	60.5212	
0.997085	0.0123693	-0.0752941	0.00499294	0.974082	0.22614	0.0761398	-0.225857	0.97118	1.86371	-8.54356	61.2654	
0.996966	0.0127195	-0.0767964	0.00507563	0.973839	0.227184	0.077677	-0.226885	0.970819	1.92263	-8.71699	62.0093	
0.996844	0.0130716	-0.0782995	0.00516001	0.973594	0.228228	0.0792152	-0.227912	0.970454	1.98274	-8.89122	62.753	
0.99672	0.0134256	-0.0798032	0.00524607	0.973348	0.229272	0.0807545	-0.228939	0.970085	2.04402	-9.06623	63.4964	
0.996594	0.0137815	-0.0813075	0.00533382	0.973101	0.230316	0.0822945	-0.229966	0.969713	2.10648	-9.24202	64.2395	
0.996465	0.0141392	-0.0828121	0.00542324	0.972853	0.23136	0.0838353	-0.230991	0.969337	2.17012	-9.41861	64.9823	
0.996333	0.0144987	-0.084317	0.00551435	0.972604	0.232404	0.0853766	-0.232017	0.968958	2.23494	-9.59598	65.7248	
0.9962	0.0148599	-0.0858219	0.00560714	0.972353	0.233447	0.0869182	-0.233041	0.968575	2.30094	-9.77413	66.4671	
0.996063	0.0152228	-0.0873267	0.0057016	0.972102	0.23449	0.08846	-0.234065	0.968188	2.36813	-9.95307	67.209	
0.995925	0.0155874	-0.0888312	0.00579773	0.971849	0.235533	0.0900019	-0.235088	0.967798	2.43649	-10.1328	67.9506	
0.995784	0.0159536	-0.0903353	0.00589554	0.971595	0.236576	0.0915436	-0.236111	0.967404	2.50604	-10.3133	68.692	
0.99564	0.0163215	-0.0918389	0.005995	0.97134	0.237618	0.0930851	-0.237133	0.967007	2.57677	-10.4946	69.433	
0.995494	0.0166909	-0.0933418	0.00609613	0.971084	0.23866	0.0946262	-0.238153	0.966607	2.64868	-10.6767	70.1737	
0.994928	0.0180222	-0.0989663	0.00431531	0.975268	0.220983	0.100501	-0.220289	0.970243	2.72343	-10.8523	70.9157	
0.994327	0.0192495	-0.104611	0.00242759	0.979125	0.203243	0.106339	-0.202344	0.973524	2.80267	-11.0142	71.6604	
0.993692	0.0203724	-0.110274	0.00043366	0.982654	0.185447	0.112139	-0.184325	0.976447	2.88637	-11.1623	72.4074	
0.993024	0.0213904	-0.115952	-0.00166575	0.985854	0.167601	0.117897	-0.166238	0.979012	2.97449	-11.2966	73.1565	
0.992323	0.0223032	-0.121644	-0.00386986	0.988722	0.149711	0.123612	-0.148091	0.981218	3.06701	-11.417	73.9075	
0.991589	0.0231104	-0.127349	-0.00617787	0.991259	0.131784	0.129281	-0.129889	0.983064	3.16389	-11.5235	74.66	
