1	0	0	0	1	0	0	0	1	0	0	0	
0.999987	7.48475e-06	0.0050172	7.48475e-06	0.999996	-0.00298361	-0.0050172	0.00298361	0.999983	-0.00258716	0.00153852	1.03131	
0.99995	2.99388e-05	0.0100327	2.99575e-05	0.999982	-0.00596992	-0.0100327	0.00596992	0.999932	-0.0103477	0.00615548	2.06258	
0.999887	6.73659e-05	0.0150462	6.74408e-05	0.99996	-0.00895882	-0.0150462	0.00895882	0.999847	-0.0232799	0.0138536	3.09378	
0.999799	0.00011977	0.0200577	0.000119957	0.999929	-0.0119502	-0.0200577	0.0119502	0.999727	-0.0413815	0.0246355	4.12488	
0.999686	0.000187152	0.0250669	0.000187527	0.999888	-0.014944	-0.0250669	0.014944	0.999574	-0.0646503	0.0385037	5.15583	
0.999548	0.000269516	0.0300736	0.000270171	0.999839	-0.01794	-0.0300736	0.01794	0.999387	-0.0930839	0.0554606	6.18661	
0.999385	0.000366864	0.0350778	0.000367911	0.999781	-0.0209383	-0.0350778	0.0209383	0.999165	-0.12668	0.0755086	7.21718	
0.999196	0.000479195	0.0400792	0.000480766	0.999713	-0.0239385	-0.0400792	0.0239386	0.99891	-0.165435	0.0986497	8.24751	
0.998983	0.00060651	0.0450776	0.000608755	0.999637	-0.0269408	-0.0450776	0.0269408	0.99862	-0.209347	0.124886	9.27755	
0.998745	0.00074881	0.0500729	0.000751897	0.999551	-0.0299449	-0.0500728	0.029945	0.998297	-0.258412	0.15422	10.3073	
0.998482	0.000906094	0.0550649	0.000910209	0.999457	-0.0329508	-0.0550648	0.0329509	0.997939	-0.312627	0.186652	11.3366	
0.998195	0.00107836	0.0600534	0.00108371	0.999353	-0.0359582	-0.0600533	0.0359584	0.997547	-0.371989	0.222186	12.3656	
0.997882	0.00126561	0.0650383	0.00127241	0.99924	-0.0389673	-0.0650381	0.0389675	0.997122	-0.436493	0.260822	13.3942	
0.997545	0.00146783	0.0700193	0.00147634	0.999117	-0.0419777	-0.0700191	0.041978	0.996662	-0.506136	0.302562	14.4223	
0.997182	0.00168503	0.0749963	0.0016955	0.998986	-0.0449895	-0.0749961	0.0449899	0.996168	-0.580915	0.347408	15.4499	
0.996795	0.0019172	0.0799692	0.00192992	0.998845	-0.0480025	-0.0799689	0.048003	0.995641	-0.660824	0.395361	16.477	
0.996384	0.00216434	0.0849378	0.00217959	0.998695	-0.0510166	-0.0849374	0.0510172	0.995079	-0.745859	0.446421	17.5036	
0.995948	0.00242645	0.0899018	0.00244455	0.998536	-0.0540317	-0.0899013	0.0540325	0.994484	-0.836016	0.500591	18.5295	
0.995487	0.00270351	0.0948612	0.00272481	0.998368	-0.0570476	-0.0948606	0.0570486	0.993855	-0.93129	0.557871	19.5548	
0.995001	0.00299552	0.0998157	0.00302036	0.99819	-0.0600644	-0.0998149	0.0600656	0.993191	-1.03168	0.618262	20.5794	
0.994492	0.00330248	0.104765	0.00333124	0.998003	-0.0630818	-0.104764	0.0630833	0.992494	-1.13717	0.681764	21.6034	
0.993957	0.00362438	0.109709	0.00365745	0.997806	-0.0660998	-0.109708	0.0661016	0.991763	-1.24776	0.74838	22.6266	
0.993398	0.00396121	0.114648	0.00399899	0.9976	-0.0691182	-0.114647	0.0691204	0.990999	-1.36345	0.818108	23.649	
0.992815	0.00431296	0.119582	0.00435589	0.997385	-0.072137	-0.11958	0.0721396	0.9902	-1.48423	0.89095	24.6706	
0.992207	0.00467963	0.124509	0.00472814	0.997161	-0.075156	-0.124508	0.075159	0.989368	-1.6101	0.966906	25.6914	
0.991575	0.0050612	0.129431	0.00511576	0.996927	-0.0781751	-0.129429	0.0781787	0.988502	-1.74105	1.04598	26.7113	
0.990919	0.00545767	0.134347	0.00551876	0.996683	-0.0811943	-0.134345	0.0811984	0.987602	-1.87706	1.12816	27.7303	
0.990239	0.00586903	0.139257	0.00593715	0.99643	-0.0842133	-0.139254	0.0842181	0.986669	-2.01815	1.21346	28.7483	
0.989534	0.00629526	0.14416	0.00637093	0.996168	-0.0872322	-0.144157	0.0872377	0.985702	-2.16429	1.30187	29.7654	
0.988806	0.00673635	0.149057	0.00682011	0.995896	-0.0902507	-0.149053	0.090257	0.984701	-2.31548	1.3934	30.7815	
0.988053	0.0071923	0.153947	0.00728469	0.995614	-0.0932688	-0.153942	0.093276	0.983667	-2.47173	1.48804	31.7965	
0.987276	0.00766308	0.15883	0.00776468	0.995323	-0.0962864	-0.158825	0.0962945	0.9826	-2.63301	1.58579	32.8104	
0.986476	0.0081487	0.163706	0.00826009	0.995023	-0.0993033	-0.1637	0.0993125	0.981498	-2.79932	1.68666	33.8232	
0.985651	0.00864912	0.168575	0.00877091	0.994713	-0.102319	-0.168568	0.10233	0.980364	-2.97066	1.79064	34.8348	
0.984802	0.00916434	0.173436	0.00929716	0.994393	-0.105335	-0.173429	0.105346	0.979196	-3.14701	1.89773	35.8453	
0.98393	0.00969435	0.17829	0.00983883	0.994064	-0.108349	-0.178282	0.108362	0.977994	-3.32837	2.00793	36.8545	
0.983034	0.0102391	0.183136	0.0103959	0.993726	-0.111362	-0.183127	0.111377	0.97676	-3.51474	2.12124	37.8625	
0.982115	0.0107987	0.187975	0.0109685	0.993377	-0.114374	-0.187965	0.11439	0.975492	-3.70609	2.23765	38.8692	
0.981171	0.0113729	0.192805	0.0115564	0.993019	-0.117385	-0.192794	0.117403	0.97419	-3.90243	2.35718	39.8746	
0.980204	0.0119619	0.197627	0.0121598	0.992652	-0.120394	-0.197615	0.120414	0.972856	-4.10375	2.47981	40.8786	
0.979214	0.0125656	0.202441	0.0127786	0.992275	-0.123402	-0.202427	0.123424	0.971488	-4.31004	2.60555	41.8812	
0.9782	0.013184	0.207246	0.0134129	0.991888	-0.126408	-0.207231	0.126432	0.970088	-4.52128	2.73439	42.8824	
0.977163	0.013817	0.212043	0.0140626	0.991491	-0.129412	-0.212026	0.129439	0.968654	-4.73747	2.86633	43.8821	
0.976102	0.0144647	0.21683	0.0147277	0.991085	-0.132414	-0.216813	0.132443	0.967187	-4.95861	3.00137	44.8804	
0.975018	0.015127	0.221609	0.0154082	0.990669	-0.135415	-0.22159	0.135447	0.965687	-5.18467	3.13951	45.8771	
0.973911	0.0158039	0.226378	0.0161042	0.990244	-0.138413	-0.226357	0.138448	0.964155	-5.41566	3.28075	46.8722	
0.972781	0.0164954	0.231139	0.0168155	0.989808	-0.141409	-0.231116	0.141447	0.962589	-5.65156	3.42508	47.8658	
0.971628	0.0172015	0.235889	0.0175423	0.989363	-0.144403	-0.235864	0.144444	0.960991	-5.89236	3.5725	48.8577	
0.970451	0.0179221	0.24063	0.0182845	0.988909	-0.147394	-0.240603	0.147439	0.95936	-6.13806	3.72301	49.8479	
0.969252	0.0186572	0.245362	0.0190421	0.988444	-0.150383	-0.245332	0.150431	0.957697	-6.38863	3.87661	50.8365	
0.96803	0.0194069	0.250083	0.0198151	0.98797	-0.153369	-0.250051	0.153421	0.956	-6.64408	4.03329	51.8233	
0.966785	0.020171	0.254794	0.0206034	0.987486	-0.156352	-0.254759	0.156409	0.954271	-6.90439	4.19306	52.8083	
0.965517	0.0209495	0.259495	0.0214072	0.986993	-0.159333	-0.259457	0.159394	0.95251	-7.16955	4.35591	53.7916	
0.964227	0.0217425	0.264185	0.0222263	0.986489	-0.16231	-0.264145	0.162376	0.950716	-7.43955	4.52183	54.773	
0.962914	0.0225499	0.268865	0.0230608	0.985976	-0.165284	-0.268822	0.165355	0.94889	-7.71438	4.69083	55.7525	
0.961578	0.0233717	0.273534	0.0239106	0.985453	-0.168255	-0.273487	0.168331	0.947032	-7.99403	4.86289	56.7302	
0.96022	0.0242078	0.278192	0.0247758	0.984921	-0.171223	-0.278142	0.171304	0.945141	-8.27848	5.03803	57.7059	
0.95884	0.0250582	0.282839	0.0256563	0.984378	-0.174187	-0.282786	0.174274	0.943218	-8.56772	5.21623	58.6796	
0.957437	0.0259229	0.287475	0.0265521	0.983826	-0.177148	-0.287418	0.177241	0.941263	-8.86175	5.39749	59.6514	
0.956012	0.0268019	0.2921	0.0274632	0.983264	-0.180105	-0.292038	0.180205	0.939276	-9.16056	5.58181	60.6211	
0.954565	0.0276952	0.296712	0.0283897	0.982692	-0.183058	-0.296647	0.183164	0.937257	-9.46412	5.76919	61.5887	
0.953096	0.0286026	0.301314	0.0293314	0.98211	-0.186007	-0.301244	0.186121	0.935207	-9.77242	5.95961	62.5543	
0.951605	0.0295242	0.305903	0.0302884	0.981519	-0.188953	-0.305828	0.189073	0.933124	-10.0855	6.15308	63.5177	
0.950092	0.03046	0.31048	0.0312606	0.980918	-0.191894	-0.310401	0.192022	0.93101	-10.4032	6.3496	64.479	
0.948557	0.0314099	0.315046	0.032248	0.980307	-0.19483	-0.314961	0.194967	0.928863	-10.7257	6.54915	65.438	
0.948199	0.0316322	0.316097	0.0331338	0.979755	-0.197437	-0.315943	0.197683	0.927955	-11.051	6.75163	66.3955	
0.947842	0.0318573	0.317146	0.0340233	0.979196	-0.200044	-0.31692	0.200401	0.927039	-11.3774	6.9569	67.3521	
0.947483	0.032085	0.318191	0.0349164	0.978628	-0.202652	-0.317893	0.203119	0.926114	-11.7047	7.16498	68.3076	
0.947124	0.0323155	0.319235	0.035813	0.978052	-0.205258	-0.318861	0.205838	0.92518	-12.0331	7.37586	69.2623	
0.954998	0.0270513	0.295375	0.0350793	0.978543	-0.203035	-0.29453	0.20426	0.933558	-12.3494	7.58734	70.2208	
0.962245	0.0218293	0.271308	0.0344041	0.979029	-0.200792	-0.270002	0.202546	0.941315	-12.6405	7.79712	71.1876	
0.96886	0.0166531	0.24705	0.0337877	0.979512	-0.198532	-0.245295	0.200697	0.948447	-12.9062	8.00507	72.1622	
0.974838	0.011526	0.222617	0.0332307	0.97999	-0.196256	-0.220425	0.198715	0.954948	-13.1464	8.21104	73.1437	
0.980176	0.00645153	0.198026	0.0327333	0.980462	-0.193964	-0.195408	0.196601	0.960814	-13.3608	8.4149	74.1316	
0.98487	0.001433	0.173291	0.0322959	0.98093	-0.191659	-0.170261	0.194356	0.966042	-13.5494	8.61651	75.1253	
0.988916	-0.00352624	0.148431	0.0319188	0.981392	-0.189343	-0.145002	0.191982	0.970627	-13.712	8.81574	76.124	
0.992314	-0.00842289	0.123462	0.0316023	0.981848	-0.187016	-0.119646	0.189481	0.974568	-13.8485	9.01245	77.1271	
0.995059	-0.0132537	0.0983995	0.0313465	0.982298	-0.184681	-0.0942099	0.186853	0.97786	-13.9587	9.20652	78.134	
0.99715	-0.0180155	0.0732609	0.0311516	0.982742	-0.182339	-0.0687117	0.184101	0.980503	-14.0428	9.39782	79.1439	
0.998586	-0.022705	0.0480629	0.0310178	0.983179	-0.179991	-0.0431677	0.181227	0.982493	-14.1005	9.58621	80.1561	
0.999366	-0.0273192	0.0228221	0.0309451	0.983609	-0.177639	-0.0175951	0.178232	0.983831	-14.1318	9.77158	81.1701	
0.99949	-0.031855	-0.00244463	0.0309337	0.984032	-0.175285	0.00798929	0.175119	0.984515	-14.1367	9.9538	82.1852	
0.998956	-0.0363094	-0.0277205	0.0309834	0.984447	-0.172929	0.0335683	0.17189	0.984544	-14.1153	10.1327	83.2006	
0.997766	-0.0406794	-0.0529887	0.0310942	0.984854	-0.170575	0.059125	0.168546	0.983919	-14.0675	10.3083	84.2157	
0.995921	-0.0449622	-0.0782325	0.0312662	0.985253	-0.168223	0.0846425	0.16509	0.98264	-13.9934	10.4804	85.2298	
0.993421	-0.0491548	-0.103435	0.0314991	0.985644	-0.165874	0.110104	0.161525	0.980707	-13.8929	10.6488	86.2423	
0.990268	-0.0532545	-0.12858	0.0317929	0.986026	-0.163531	0.135492	0.157852	0.978123	-13.7663	10.8135	87.2524	
0.986465	-0.0572585	-0.15365	0.0321473	0.986399	-0.161195	0.160789	0.154074	0.974889	-13.6135	10.9743	88.2596	
0.982014	-0.0611643	-0.178628	0.032562	0.986763	-0.158868	0.185981	0.150194	0.971006	-13.4347	11.1312	89.2631	
0.976917	-0.0649691	-0.203499	0.0330369	0.987117	-0.156551	0.211048	0.146214	0.966478	-13.2299	11.2841	90.2622	
0.971179	-0.0686705	-0.228245	0.0335716	0.987462	-0.154245	0.235975	0.142137	0.961308	-12.9994	11.4328	91.2563	
0.964803	-0.0722661	-0.25285	0.0341657	0.987797	-0.151952	0.260745	0.137965	0.955499	-12.7433	11.5772	92.2448	
0.957793	-0.0757533	-0.277298	0.0348189	0.988122	-0.149674	0.285342	0.133702	0.949054	-12.4617	11.7173	93.2269	
0.950154	-0.07913	-0.301572	0.0355307	0.988437	-0.147412	0.309749	0.129349	0.941979	-12.1548	11.853	94.2021	
0.941891	-0.0823938	-0.325657	0.0363006	0.988741	-0.145168	0.333951	0.124911	0.934277	-11.8228	11.9841	95.1697	
0.93301	-0.0855426	-0.349535	0.0371281	0.989034	-0.142943	0.35793	0.12039	0.925955	-11.466	12.1106	96.129	
0.923516	-0.0885743	-0.373193	0.0380128	0.989317	-0.140739	0.381672	0.115788	0.917017	-11.0846	12.2324	97.0794	
0.913416	-0.0914869	-0.396613	0.0389539	0.989588	-0.138556	0.405159	0.11111	0.907469	-10.6789	12.3494	98.0202	
0.902716	-0.0942784	-0.41978	0.0399509	0.989848	-0.136398	0.428378	0.106358	0.897318	-10.249	12.4616	98.9509	
