1	0	0	0	1	0	0	0	1	0	0	0	
0.999993	8.69518e-07	-0.00376975	8.69518e-07	1	0.000461312	0.00376975	-0.000461312	0.999993	0.00171733	-0.000210153	0.911109	
0.999972	3.4871e-06	-0.00754416	3.49647e-06	1	0.000925679	0.00754416	-0.000925679	0.999971	0.00687145	-0.000842006	1.8222	
0.999936	7.86856e-06	-0.0113231	7.90607e-06	0.999999	0.00139309	0.0113231	-0.00139309	0.999935	0.0154665	-0.00189834	2.73327	
0.999886	1.40296e-05	-0.0151064	1.41235e-05	0.999998	0.00186354	0.0151064	-0.00186354	0.999884	0.0275067	-0.00338191	3.6443	
0.999821	2.19857e-05	-0.018894	2.21738e-05	0.999997	0.00233701	0.018894	-0.00233701	0.999819	0.0429958	-0.0052955	4.55528	
0.999743	3.17525e-05	-0.0226857	3.20819e-05	0.999996	0.00281349	0.0226857	-0.00281349	0.999739	0.0619377	-0.00764184	5.46619	
0.999649	4.33452e-05	-0.0264814	4.3873e-05	0.999995	0.00329297	0.0264814	-0.00329298	0.999644	0.0843361	-0.0104237	6.37702	
0.999541	5.67791e-05	-0.030281	5.75718e-05	0.999993	0.00377544	0.0302809	-0.00377546	0.999534	0.110195	-0.0136437	7.28776	
0.999419	7.20693e-05	-0.0340842	7.3203e-05	0.999991	0.00426089	0.0340842	-0.00426091	0.99941	0.139516	-0.0173048	8.19839	
0.999282	8.92308e-05	-0.037891	9.07915e-05	0.999989	0.00474931	0.037891	-0.00474934	0.999271	0.172305	-0.0214094	9.1089	
0.99913	0.000108279	-0.0417013	0.000110362	0.999986	0.00524068	0.0417013	-0.00524072	0.999116	0.208564	-0.0259605	10.0193	
0.998964	0.000129227	-0.0455148	0.000131938	0.999984	0.00573498	0.0455148	-0.00573504	0.998947	0.248296	-0.0309605	10.9295	
0.998782	0.000152091	-0.0493315	0.000155546	0.999981	0.00623222	0.0493315	-0.0062323	0.998763	0.291504	-0.0364123	11.8396	
0.998586	0.000176886	-0.0531513	0.000181209	0.999977	0.00673237	0.0531513	-0.00673248	0.998564	0.33819	-0.0423185	12.7495	
0.998376	0.000203624	-0.0569739	0.00020895	0.999974	0.00723541	0.0569739	-0.00723557	0.998349	0.388358	-0.0486818	13.6592	
0.99815	0.000232322	-0.0607993	0.000238796	0.99997	0.00774135	0.0607993	-0.00774155	0.99812	0.442011	-0.0555047	14.5687	
0.997909	0.000262992	-0.0646273	0.000270769	0.999966	0.00825016	0.0646273	-0.00825041	0.997875	0.49915	-0.0627899	15.478	
0.997654	0.000295649	-0.0684578	0.000304893	0.999962	0.00876182	0.0684578	-0.00876214	0.997616	0.559777	-0.0705401	16.387	
0.997384	0.000330306	-0.0722907	0.000341193	0.999957	0.00927633	0.0722906	-0.00927672	0.99734	0.623896	-0.0787578	17.2958	
0.997098	0.000366978	-0.0761257	0.000379692	0.999952	0.00979367	0.0761257	-0.00979415	0.99705	0.691508	-0.0874456	18.2044	
0.996798	0.000405677	-0.0799629	0.000420413	0.999947	0.0103138	0.0799628	-0.0103144	0.996744	0.762615	-0.0966062	19.1127	
0.996482	0.000446418	-0.0838019	0.00046338	0.999941	0.0108368	0.0838018	-0.0108375	0.996424	0.837219	-0.106242	20.0207	
0.996152	0.000489214	-0.0876428	0.000508616	0.999935	0.0113625	0.0876427	-0.0113633	0.996087	0.915322	-0.116356	20.9284	
0.995806	0.000534077	-0.0914853	0.000556145	0.999929	0.011891	0.0914852	-0.011892	0.995735	0.996925	-0.12695	21.8358	
0.995446	0.000581021	-0.0953294	0.000605989	0.999923	0.0124222	0.0953292	-0.0124234	0.995368	1.08203	-0.138027	22.7428	
0.99507	0.000630058	-0.0991748	0.000658172	0.999916	0.0129562	0.0991747	-0.0129576	0.994986	1.17064	-0.149589	23.6496	
0.994679	0.000681202	-0.103022	0.000712715	0.999909	0.0134929	0.103021	-0.0134946	0.994588	1.26275	-0.16164	24.5559	
0.994273	0.000734464	-0.106869	0.000769643	0.999901	0.0140323	0.106869	-0.0140342	0.994174	1.35837	-0.174181	25.4619	
0.993852	0.000789858	-0.110718	0.000828977	0.999893	0.0145744	0.110718	-0.0145766	0.993745	1.45749	-0.187215	26.3675	
0.993415	0.000847395	-0.114568	0.000890739	0.999885	0.0151192	0.114568	-0.0151217	0.9933	1.56012	-0.200744	27.2727	
0.992963	0.000907088	-0.118418	0.000954952	0.999877	0.0156666	0.118418	-0.0156694	0.99284	1.66626	-0.214771	28.1775	
0.992496	0.000968948	-0.122269	0.00102164	0.999868	0.0162166	0.122269	-0.0162198	0.992364	1.7759	-0.229298	29.0819	
0.992014	0.00103299	-0.126121	0.00109082	0.999859	0.0167692	0.12612	-0.0167729	0.991873	1.88906	-0.244328	29.9858	
0.991517	0.00109922	-0.129972	0.00116252	0.999849	0.0173245	0.129972	-0.0173286	0.991366	2.00572	-0.259864	30.8893	
0.991004	0.00116765	-0.133824	0.00123675	0.999839	0.0178823	0.133824	-0.0178869	0.990844	2.1259	-0.275906	31.7923	
0.990476	0.0012383	-0.137676	0.00131355	0.999829	0.0184427	0.137676	-0.0184479	0.990306	2.24958	-0.292459	32.6948	
0.989933	0.00131117	-0.141528	0.00139292	0.999818	0.0190056	0.141528	-0.0190114	0.989752	2.37677	-0.309524	33.5969	
0.989375	0.00138627	-0.14538	0.0014749	0.999807	0.019571	0.145379	-0.0195775	0.989182	2.50747	-0.327103	34.4984	
0.988801	0.00146363	-0.149231	0.00155949	0.999796	0.0201389	0.14923	-0.0201461	0.988597	2.64169	-0.345199	35.3994	
0.988212	0.00154324	-0.153082	0.00164674	0.999784	0.0207093	0.153081	-0.0207173	0.987996	2.77941	-0.363815	36.2998	
0.987608	0.00162512	-0.156932	0.00173664	0.999772	0.0212822	0.156931	-0.021291	0.98738	2.92063	-0.382952	37.1997	
0.986989	0.00170927	-0.160782	0.00182923	0.999759	0.0218575	0.16078	-0.0218672	0.986748	3.06537	-0.402613	38.099	
0.986354	0.00179572	-0.16463	0.00192452	0.999746	0.0224352	0.164629	-0.0224459	0.9861	3.21361	-0.4228	38.9978	
0.985704	0.00188446	-0.168478	0.00202254	0.999733	0.0230154	0.168476	-0.0230271	0.985437	3.36536	-0.443516	39.8959	
0.985038	0.00197551	-0.172324	0.0021233	0.999719	0.0235979	0.172322	-0.0236107	0.984758	3.52061	-0.464762	40.7935	
0.984358	0.00206888	-0.176169	0.00222682	0.999705	0.0241827	0.176167	-0.0241967	0.984063	3.67937	-0.486541	41.6904	
0.983662	0.00216457	-0.180013	0.00233312	0.99969	0.0247699	0.180011	-0.0247852	0.983352	3.84163	-0.508855	42.5866	
0.982951	0.0022626	-0.183855	0.00244223	0.999675	0.0253594	0.183853	-0.0253761	0.982626	4.00739	-0.531706	43.4823	
0.982224	0.00236298	-0.187695	0.00255415	0.99966	0.0259512	0.187693	-0.0259693	0.981884	4.17665	-0.555097	44.3772	
0.981483	0.00246571	-0.191534	0.00266892	0.999644	0.0265453	0.191531	-0.0265649	0.981127	4.34941	-0.579029	45.2715	
0.980726	0.0025708	-0.195371	0.00278654	0.999628	0.0271416	0.195368	-0.0271629	0.980354	4.52566	-0.603505	46.165	
0.979954	0.00267826	-0.199205	0.00290704	0.999611	0.0277401	0.199202	-0.0277631	0.979565	4.70541	-0.628527	47.0579	
0.979167	0.0027881	-0.203038	0.00303043	0.999594	0.0283409	0.203034	-0.0283657	0.978761	4.88865	-0.654097	47.95	
0.978365	0.00290033	-0.206868	0.00315673	0.999576	0.0289438	0.206864	-0.0289706	0.977941	5.07538	-0.680217	48.8414	
0.977547	0.00301496	-0.210695	0.00328596	0.999558	0.0295488	0.210691	-0.0295777	0.977105	5.2656	-0.706889	49.732	
0.976714	0.00313199	-0.21452	0.00341813	0.999539	0.030156	0.214516	-0.0301871	0.976254	5.45931	-0.734115	50.6219	
0.975867	0.00325143	-0.218343	0.00355327	0.99952	0.0307654	0.218338	-0.0307987	0.975387	5.6565	-0.761897	51.511	
0.975004	0.00337329	-0.222162	0.00369139	0.999501	0.0313768	0.222157	-0.0314126	0.974505	5.85717	-0.790238	52.3993	
0.974126	0.00349757	-0.225978	0.00383251	0.999481	0.0319902	0.225973	-0.0320286	0.973607	6.06131	-0.819139	53.2867	
0.973233	0.00362429	-0.229792	0.00397664	0.99946	0.0326057	0.229786	-0.0326468	0.972693	6.26894	-0.848602	54.1734	
0.972539	0.00372807	-0.232711	0.00486848	0.999327	0.0363556	0.23269	-0.0364902	0.971866	6.47962	-0.880098	55.0592	
0.971834	0.00384365	-0.235634	0.00577254	0.999179	0.0401065	0.235594	-0.0403371	0.971014	6.69295	-0.915097	55.9443	
0.97112	0.00397108	-0.23856	0.00668879	0.999015	0.0438581	0.238499	-0.0441871	0.970137	6.90893	-0.953603	56.8286	
0.970395	0.0041104	-0.24149	0.00761721	0.998837	0.04761	0.241405	-0.0480399	0.969235	7.12755	-0.995618	57.7121	
0.96966	0.00426163	-0.244422	0.00855777	0.998643	0.0513619	0.244309	-0.0518953	0.968308	7.34882	-1.04114	58.5948	
0.968915	0.00442481	-0.247356	0.00951044	0.998435	0.0551136	0.247213	-0.0557529	0.967356	7.57274	-1.09018	59.4766	
0.96816	0.00459996	-0.250292	0.0104752	0.998211	0.0588648	0.250115	-0.0596124	0.966379	7.7993	-1.14274	60.3575	
0.967395	0.00478708	-0.253229	0.011452	0.997972	0.0626151	0.253015	-0.0634735	0.965378	8.0285	-1.19881	61.2375	
0.96662	0.0049862	-0.256166	0.0124407	0.997718	0.0663643	0.255912	-0.067336	0.964352	8.26035	-1.2584	62.1166	
0.965836	0.00519731	-0.259104	0.0134415	0.997449	0.0701121	0.258807	-0.0711995	0.963301	8.49483	-1.32151	62.9948	
0.965042	0.00542042	-0.262041	0.0144541	0.997164	0.0738582	0.261698	-0.0750638	0.962226	8.73195	-1.38814	63.872	
0.964238	0.00565551	-0.264977	0.0154786	0.996864	0.0776023	0.264585	-0.0789286	0.961127	8.9717	-1.4583	64.7482	
0.963425	0.00590257	-0.267912	0.0165149	0.996549	0.0813441	0.267468	-0.0827935	0.960003	9.21408	-1.53197	65.6234	
0.962603	0.00616157	-0.270845	0.0175629	0.996219	0.0850834	0.270345	-0.0866583	0.958855	9.45909	-1.60917	66.4975	
0.961772	0.00643251	-0.273776	0.0186226	0.995874	0.0888198	0.273217	-0.0905228	0.957684	9.70671	-1.68988	67.3706	
0.960932	0.00671533	-0.276703	0.0196939	0.995513	0.0925531	0.276083	-0.0943866	0.956488	9.95695	-1.77412	68.2426	
0.960083	0.00701001	-0.279628	0.0207768	0.995137	0.096283	0.278943	-0.0982494	0.955268	10.2098	-1.86187	69.1135	
0.959225	0.00731651	-0.282548	0.0218712	0.994746	0.100009	0.281796	-0.102111	0.954025	10.4652	-1.95315	69.9833	
0.958359	0.00763476	-0.285465	0.0229769	0.99434	0.103731	0.284641	-0.105971	0.952759	10.7233	-2.04794	70.852	
0.960003	0.00695181	-0.279902	0.0291759	0.991766	0.124699	0.278464	-0.127878	0.951895	10.9798	-2.15448	71.7197	
0.961611	0.00614109	-0.274346	0.0352373	0.98871	0.145642	0.272143	-0.149718	0.950538	11.2307	-2.28094	72.5864	
0.963182	0.00520303	-0.2688	0.041158	0.985174	0.16655	0.265681	-0.171481	0.948687	11.4757	-2.42728	73.4516	
0.964715	0.00413812	-0.263265	0.0469349	0.98116	0.187411	0.259081	-0.193155	0.946345	11.7148	-2.59339	74.315	
0.966208	0.0029469	-0.257746	0.0525649	0.976669	0.208216	0.252346	-0.214728	0.943511	11.9477	-2.77922	75.1759	
0.967662	0.00162999	-0.252245	0.0580453	0.971705	0.228953	0.245481	-0.236191	0.940188	12.1745	-2.98464	76.0341	
0.969076	0.000188085	-0.246764	0.0633731	0.96627	0.249611	0.238488	-0.25753	0.936377	12.395	-3.20957	76.889	
0.970448	-0.00137808	-0.241307	0.0685456	0.960367	0.27018	0.231371	-0.278736	0.93208	12.6091	-3.45388	77.7402	
0.971778	-0.00306768	-0.235877	0.07356	0.953998	0.290649	0.224134	-0.299798	0.9273	12.8166	-3.71745	78.5873	
0.973066	-0.00487985	-0.230476	0.0784139	0.947167	0.311008	0.216782	-0.320704	0.922038	13.0175	-4.00013	79.4298	
0.97431	-0.00681364	-0.225107	0.0831046	0.939878	0.331245	0.209316	-0.341443	0.916299	13.2116	-4.30179	80.2673	
0.975511	-0.00886806	-0.219773	0.0876298	0.932134	0.351351	0.201742	-0.362006	0.910084	13.3989	-4.62226	81.0994	
0.976667	-0.011042	-0.214477	0.0919871	0.923939	0.371315	0.194064	-0.38238	0.903396	13.5792	-4.96139	81.9256	
0.977777	-0.0133344	-0.209221	0.0961741	0.915298	0.391127	0.186284	-0.402556	0.89624	13.7525	-5.31898	82.7454	
0.978843	-0.0157441	-0.204008	0.100189	0.906215	0.410775	0.178408	-0.422524	0.888619	13.9186	-5.69487	83.5586	
0.979861	-0.0182697	-0.198842	0.104029	0.896695	0.430251	0.17044	-0.442272	0.880537	14.0775	-6.08885	84.3646	
0.980833	-0.02091	-0.193723	0.107693	0.886743	0.449544	0.162383	-0.461791	0.871998	14.2292	-6.50072	85.163	
0.981758	-0.0236636	-0.188656	0.111179	0.876363	0.468644	0.154242	-0.48107	0.863007	14.3734	-6.93026	85.9534	
0.982635	-0.0265291	-0.183643	0.114484	0.865562	0.487541	0.14602	-0.500099	0.853568	14.5102	-7.37726	86.7354	
0.983464	-0.029505	-0.178686	0.117608	0.854344	0.506225	0.137723	-0.518869	0.843687	14.6395	-7.84148	87.5086	
