1	0	0	0	1	0	0	0	1	0	0	0	
1	-4.73149e-09	-0.00039377	-4.73149e-09	1	-2.40317e-05	0.00039377	2.40317e-05	1	0.000210011	1.28169e-05	1.06667	
1	-1.90367e-08	-0.000789855	-1.90354e-08	1	-4.82014e-05	0.000789855	4.82014e-05	1	0.000841278	5.13413e-05	2.13333	
0.999999	-4.30806e-08	-0.00118823	-4.30753e-08	1	-7.25076e-05	0.00118823	7.25076e-05	0.999999	0.00189626	0.000115719	3.2	
0.999999	-7.70268e-08	-0.00158888	-7.70136e-08	1	-9.6949e-05	0.00158888	9.6949e-05	0.999999	0.00337738	0.000206096	4.26666	
0.999998	-1.21038e-07	-0.00199177	-1.21011e-07	1	-0.000121524	0.00199177	0.000121524	0.999998	0.00528707	0.000322615	5.33333	
0.999997	-1.75274e-07	-0.00239689	-1.75227e-07	1	-0.000146231	0.00239689	0.000146231	0.999997	0.00762769	0.000465418	6.39999	
0.999996	-2.39896e-07	-0.00280421	-2.39821e-07	1	-0.00017107	0.00280421	0.00017107	0.999996	0.0104016	0.000634645	7.46666	
0.999995	-3.15061e-07	-0.00321371	-3.14948e-07	1	-0.000196037	0.00321371	0.000196037	0.999995	0.0136112	0.000830436	8.53332	
0.999993	-4.00927e-07	-0.00362537	-4.00764e-07	1	-0.000221133	0.00362537	0.000221133	0.999993	0.0172587	0.00105293	9.59998	
0.999992	-4.97648e-07	-0.00403915	-4.97422e-07	1	-0.000246355	0.00403915	0.000246355	0.999992	0.0213464	0.00130225	10.6666	
0.99999	-6.05378e-07	-0.00445505	-6.05075e-07	1	-0.000271702	0.00445505	0.000271702	0.99999	0.0258767	0.00157855	11.7333	
0.999988	-7.24269e-07	-0.00487303	-7.23874e-07	1	-0.000297173	0.00487303	0.000297173	0.999988	0.0308516	0.00188195	12.7999	
0.999986	-8.54471e-07	-0.00529307	-8.53966e-07	1	-0.000322766	0.00529307	0.000322766	0.999986	0.0362736	0.00221259	13.8666	
0.999984	-9.96133e-07	-0.00571516	-9.95498e-07	1	-0.00034848	0.00571516	0.00034848	0.999984	0.0421446	0.00257058	14.9333	
0.999981	-1.1494e-06	-0.00613925	-1.14862e-06	1	-0.000374312	0.00613925	0.000374312	0.999981	0.048467	0.00295607	15.9999	
0.999978	-1.31442e-06	-0.00656534	-1.31347e-06	1	-0.000400263	0.00656534	0.000400263	0.999978	0.0552428	0.00336918	17.0665	
0.999976	-1.49134e-06	-0.00699339	-1.49018e-06	1	-0.000426329	0.00699339	0.000426329	0.999975	0.0624741	0.00381003	18.1332	
0.999972	-1.68029e-06	-0.00742339	-1.67891e-06	1	-0.000452511	0.00742339	0.000452511	0.999972	0.070163	0.00427874	19.1998	
0.999969	-1.88142e-06	-0.0078553	-1.87979e-06	1	-0.000478805	0.0078553	0.000478805	0.999969	0.0783117	0.00477544	20.2665	
0.999966	-2.09487e-06	-0.00828911	-2.09296e-06	1	-0.000505211	0.00828911	0.000505211	0.999966	0.086922	0.00530025	21.3331	
0.999962	-2.32076e-06	-0.00872479	-2.31854e-06	1	-0.000531728	0.00872479	0.000531728	0.999962	0.0959961	0.00585329	22.3997	
0.999958	-2.55924e-06	-0.00916231	-2.55667e-06	1	-0.000558353	0.00916231	0.000558353	0.999958	0.105536	0.00643466	23.4663	
0.999954	-2.81043e-06	-0.00960165	-2.80748e-06	1	-0.000585085	0.00960165	0.000585085	0.999954	0.115543	0.0070445	24.533	
0.99995	-3.07446e-06	-0.0100428	-3.07109e-06	1	-0.000611922	0.0100428	0.000611922	0.999949	0.12602	0.0076829	25.5996	
0.999945	-3.35147e-06	-0.0104857	-3.34764e-06	1	-0.000638864	0.0104857	0.000638864	0.999945	0.136969	0.00834999	26.6662	
0.99994	-3.64157e-06	-0.0109303	-3.63725e-06	1	-0.000665908	0.0109303	0.000665908	0.99994	0.148391	0.00904586	27.7328	
0.999935	-3.94489e-06	-0.0113767	-3.94003e-06	1	-0.000693052	0.0113767	0.000693052	0.999935	0.160288	0.00977064	28.7994	
0.99993	-4.26156e-06	-0.0118248	-4.2561e-06	1	-0.000720297	0.0118248	0.000720297	0.99993	0.172662	0.0105244	29.866	
0.999925	-4.59167e-06	-0.0122745	-4.58559e-06	1	-0.000747639	0.0122745	0.000747639	0.999924	0.185515	0.0113073	30.9326	
0.999919	-4.93537e-06	-0.0127259	-4.9286e-06	1	-0.000775077	0.0127259	0.000775077	0.999919	0.198849	0.0121194	31.9992	
0.999913	-5.29275e-06	-0.0131789	-5.28525e-06	1	-0.00080261	0.0131789	0.00080261	0.999913	0.212664	0.0129609	33.0657	
0.999907	-5.66392e-06	-0.0136335	-5.65564e-06	1	-0.000830236	0.0136335	0.000830236	0.999907	0.226964	0.0138317	34.1323	
0.999901	-6.04901e-06	-0.0140897	-6.03989e-06	1	-0.000857953	0.0140897	0.000857953	0.9999	0.24175	0.0147321	35.1989	
0.999894	-6.44811e-06	-0.0145474	-6.43809e-06	1	-0.000885761	0.0145474	0.000885761	0.999894	0.257023	0.0156621	36.2654	
0.999887	-6.86132e-06	-0.0150066	-6.85035e-06	1	-0.000913656	0.0150066	0.000913656	0.999887	0.272785	0.0166218	37.332	
0.99988	-7.28876e-06	-0.0154673	-7.27677e-06	1	-0.000941639	0.0154673	0.000941639	0.99988	0.289038	0.0176113	38.3985	
0.999873	-7.73051e-06	-0.0159295	-7.71744e-06	1	-0.000969706	0.0159295	0.000969706	0.999873	0.305783	0.0186306	39.4651	
0.999866	-8.18667e-06	-0.0163931	-8.17246e-06	1	-0.000997857	0.0163931	0.000997857	0.999865	0.323022	0.01968	40.5316	
0.999858	-8.65734e-06	-0.0168582	-8.64191e-06	0.999999	-0.00102609	0.0168582	0.00102609	0.999857	0.340756	0.0207594	41.5981	
0.99985	-9.14261e-06	-0.0173246	-9.1259e-06	0.999999	-0.0010544	0.0173246	0.0010544	0.999849	0.358987	0.021869	42.6646	
0.999842	-9.64256e-06	-0.0177924	-9.62449e-06	0.999999	-0.0010828	0.0177924	0.0010828	0.999841	0.377716	0.0230089	43.7311	
0.999833	-1.01573e-05	-0.0182615	-1.01378e-05	0.999999	-0.00111126	0.0182615	0.00111126	0.999833	0.396945	0.024179	44.7976	
0.999825	-1.06868e-05	-0.0187319	-1.06659e-05	0.999999	-0.00113981	0.0187319	0.00113981	0.999824	0.416674	0.0253796	45.8641	
0.999816	-1.12314e-05	-0.0192036	-1.12088e-05	0.999999	-0.00116843	0.0192036	0.00116843	0.999815	0.436907	0.0266107	46.9306	
0.999806	-1.17909e-05	-0.0196766	-1.17666e-05	0.999999	-0.00119712	0.0196766	0.00119712	0.999806	0.457643	0.0278723	47.997	
0.999797	-1.23655e-05	-0.0201508	-1.23395e-05	0.999999	-0.00122588	0.0201508	0.00122588	0.999796	0.478884	0.0291646	49.0635	
0.999787	-1.29552e-05	-0.0206262	-1.29274e-05	0.999999	-0.00125471	0.0206262	0.00125471	0.999786	0.500632	0.0304875	50.1299	
0.999777	-1.35602e-05	-0.0211028	-1.35305e-05	0.999999	-0.00128361	0.0211028	0.00128361	0.999776	0.522887	0.0318413	51.1964	
0.999767	-1.41804e-05	-0.0215805	-1.41487e-05	0.999999	-0.00131257	0.0215805	0.00131257	0.999766	0.545652	0.0332259	52.2628	
0.999757	-1.48161e-05	-0.0220593	-1.47822e-05	0.999999	-0.0013416	0.0220593	0.0013416	0.999756	0.568926	0.0346415	53.3292	
0.999746	-1.54671e-05	-0.0225392	-1.54311e-05	0.999999	-0.00137068	0.0225392	0.00137068	0.999745	0.592712	0.036088	54.3956	
0.999735	-1.61336e-05	-0.0230202	-1.60953e-05	0.999999	-0.00139983	0.0230202	0.00139983	0.999734	0.617011	0.0375657	55.462	
0.999724	-1.68156e-05	-0.0235023	-1.67749e-05	0.999999	-0.00142904	0.0235023	0.00142904	0.999723	0.641823	0.0390744	56.5284	
0.999712	-1.75131e-05	-0.0239853	-1.747e-05	0.999999	-0.00145831	0.0239853	0.00145831	0.999711	0.667149	0.0406143	57.5947	
0.999701	-1.82263e-05	-0.0244694	-1.81806e-05	0.999999	-0.00148763	0.0244694	0.00148763	0.999699	0.692992	0.0421855	58.6611	
0.999689	-1.89552e-05	-0.0249544	-1.89067e-05	0.999999	-0.00151701	0.0249544	0.00151701	0.999687	0.719351	0.0437879	59.7274	
0.999676	-1.96997e-05	-0.0254403	-1.96485e-05	0.999999	-0.00154644	0.0254403	0.00154644	0.999675	0.746228	0.0454218	60.7937	
0.999664	-2.046e-05	-0.0259272	-2.04059e-05	0.999999	-0.00157591	0.0259272	0.00157591	0.999663	0.773624	0.047087	61.8601	
0.999651	-2.12361e-05	-0.0264149	-2.11789e-05	0.999999	-0.00160544	0.0264149	0.00160544	0.99965	0.80154	0.0487838	62.9264	
0.999638	-2.20279e-05	-0.0269034	-2.19676e-05	0.999999	-0.00163502	0.0269034	0.00163502	0.999637	0.829976	0.050512	63.9926	
0.999625	-2.28356e-05	-0.0273928	-2.27721e-05	0.999999	-0.00166464	0.0273928	0.00166464	0.999623	0.858934	0.0522718	65.0589	
0.999611	-2.36592e-05	-0.027883	-2.35923e-05	0.999999	-0.0016943	0.027883	0.0016943	0.99961	0.888415	0.0540633	66.1252	
0.999597	-2.44987e-05	-0.028374	-2.44283e-05	0.999999	-0.00172401	0.028374	0.00172401	0.999596	0.918419	0.0558864	67.1914	
0.999583	-2.5354e-05	-0.0288656	-2.528e-05	0.999998	-0.00175376	0.0288656	0.00175376	0.999582	0.948946	0.0577412	68.2576	
0.999569	-2.62253e-05	-0.029358	-2.61475e-05	0.999998	-0.00178355	0.029358	0.00178355	0.999567	0.979999	0.0596277	69.3239	
0.999554	-2.71124e-05	-0.0298511	-2.70309e-05	0.999998	-0.00181337	0.0298511	0.00181337	0.999553	1.01158	0.0615461	70.3901	
0.999627	-2.56549e-05	-0.0273269	4.36541e-05	1	0.000658066	0.0273268	-0.000659014	0.999626	1.04207	0.0621617	71.4563	
0.999977	-0.000213855	-0.00679914	0.000333972	0.999844	0.0176703	0.0067943	-0.0176721	0.999821	1.06027	0.0523846	72.5227	
0.999906	-0.000751263	0.0137253	0.000274849	0.999398	0.0346797	-0.0137431	-0.0346727	0.999304	1.05657	0.0244657	73.589	
0.999413	-0.0016375	0.0342318	-0.000133674	0.998664	0.0516743	-0.0342707	-0.0516485	0.998077	1.03096	-0.021575	74.6543	
0.998498	-0.00287193	0.0547058	-0.000891305	0.997641	0.068642	-0.0547739	-0.0685877	0.99614	0.983463	-0.0857048	75.718	
0.997164	-0.00445367	0.0751328	-0.00199751	0.99633	0.0855707	-0.0752382	-0.0854781	0.993495	0.914119	-0.167878	76.7792	
0.995409	-0.00638162	0.0954983	-0.00345149	0.994732	0.102448	-0.095649	-0.102308	0.990144	0.822974	-0.268036	77.8372	
0.993236	-0.00865438	0.115788	-0.00525222	0.992849	0.119263	-0.115992	-0.119065	0.986088	0.710092	-0.386109	78.8912	
0.990647	-0.0112703	0.135987	-0.00739843	0.990681	0.136003	-0.136252	-0.135737	0.981331	0.575554	-0.522011	79.9406	
0.987642	-0.0142277	0.156081	-0.00988857	0.98823	0.152656	-0.156415	-0.152312	0.975877	0.419455	-0.675646	80.9845	
0.984224	-0.0175242	0.176056	-0.0127209	0.985498	0.16921	-0.176468	-0.16878	0.969728	0.241907	-0.846905	82.0222	
0.980396	-0.0211577	0.195897	-0.0158934	0.982487	0.185653	-0.196394	-0.185127	0.96289	0.0430356	-1.03567	83.053	
0.97616	-0.0251255	0.215591	-0.0194037	0.979199	0.201975	-0.216181	-0.201343	0.955367	-0.177018	-1.2418	84.0761	
0.97152	-0.0294247	0.235124	-0.0232495	0.975636	0.218162	-0.235815	-0.217415	0.947165	-0.418097	-1.46515	85.0909	
0.966478	-0.0340524	0.254481	-0.027428	0.9718	0.234204	-0.25528	-0.233333	0.93829	-0.68003	-1.70556	86.0965	
0.961038	-0.0390053	0.27365	-0.0319362	0.967696	0.25009	-0.274565	-0.249085	0.928747	-0.962631	-1.96287	87.0923	
0.955204	-0.0442797	0.292615	-0.0367708	0.963325	0.265808	-0.293653	-0.26466	0.918544	-1.2657	-2.23688	88.0776	
0.948981	-0.0498721	0.311365	-0.0419285	0.95869	0.281346	-0.312534	-0.280047	0.907687	-1.58902	-2.52741	89.0516	
0.942372	-0.0557783	0.329885	-0.0474056	0.953795	0.296694	-0.331191	-0.295235	0.896186	-1.93236	-2.83424	90.0138	
0.935382	-0.0619943	0.348162	-0.0531982	0.948644	0.311841	-0.349614	-0.310212	0.884047	-2.29548	-3.15717	90.9633	
0.928017	-0.0685155	0.366183	-0.0593022	0.943239	0.326776	-0.367788	-0.324969	0.871279	-2.67811	-3.49595	91.8995	
0.920281	-0.0753374	0.383936	-0.0657132	0.937586	0.341489	-0.3857	-0.339495	0.857892	-3.08	-3.85035	92.8218	
0.91218	-0.082455	0.401408	-0.0724267	0.931687	0.355968	-0.403338	-0.35378	0.843895	-3.50084	-4.22012	93.7295	
0.90372	-0.0898634	0.418586	-0.0794379	0.925547	0.370205	-0.420689	-0.367813	0.829297	-3.94035	-4.60499	94.6219	
0.894907	-0.0975572	0.435458	-0.0867418	0.919171	0.384188	-0.437741	-0.381585	0.814111	-4.3982	-5.0047	95.4984	
0.885747	-0.105531	0.452013	-0.0943332	0.912563	0.397907	-0.454482	-0.395085	0.798345	-4.87408	-5.41895	96.3584	
0.876246	-0.113779	0.468238	-0.102207	0.905727	0.411353	-0.470899	-0.408304	0.782011	-5.36765	-5.84744	97.2013	
0.866412	-0.122296	0.484122	-0.110357	0.898669	0.424517	-0.486982	-0.421233	0.765122	-5.87855	-6.28989	98.0265	
0.856251	-0.131075	0.499653	-0.118778	0.891394	0.437389	-0.502719	-0.433862	0.747688	-6.40642	-6.74597	98.8334	
0.845771	-0.14011	0.514822	-0.127463	0.883906	0.449959	-0.518098	-0.446183	0.729723	-6.95089	-7.21535	99.6214	
0.834978	-0.149395	0.529616	-0.136407	0.876211	0.46222	-0.533108	-0.458187	0.711239	-7.51157	-7.69771	100.39	
0.823881	-0.158923	0.544025	-0.145604	0.868315	0.474161	-0.54774	-0.469865	0.692249	-8.08805	-8.1927	101.139	
0.812488	-0.168687	0.558039	-0.155046	0.860223	0.485775	-0.561982	-0.481208	0.672767	-8.67994	-8.69997	101.867	
