1	0	0	0	1	0	0	0	1	0	0	0	
0.999997	3.52778e-06	-0.00236357	3.52778e-06	0.999996	0.00298511	0.00236357	-0.00298511	0.999993	0.00110599	-0.00139682	0.935856	
0.999989	1.41365e-05	-0.00473131	1.41372e-05	0.999982	0.00597578	0.00473131	-0.00597578	0.999971	0.00442589	-0.00558989	1.8717	
0.999975	3.18638e-05	-0.00710311	3.18667e-05	0.99996	0.0089719	0.00710311	-0.0089719	0.999935	0.00996357	-0.0125844	2.80751	
0.999955	5.67466e-05	-0.00947888	5.6754e-05	0.999928	0.0119734	0.00947888	-0.0119734	0.999883	0.0177228	-0.0223853	3.74329	
0.99993	8.88213e-05	-0.0118585	8.88361e-05	0.999888	0.01498	0.0118585	-0.01498	0.999817	0.0277072	-0.0349976	4.67901	
0.999899	0.000128123	-0.014242	0.000128149	0.999838	0.0179918	0.014242	-0.0179918	0.999737	0.0399204	-0.0504261	5.61466	
0.999862	0.000174687	-0.0166291	0.000174729	0.999779	0.0210085	0.0166291	-0.0210085	0.999641	0.0543659	-0.0686755	6.55023	
0.999819	0.000228547	-0.0190198	0.00022861	0.999711	0.0240301	0.0190198	-0.0240301	0.99953	0.0710471	-0.0897504	7.4857	
0.999771	0.000289736	-0.0214141	0.000289826	0.999634	0.0270565	0.0214141	-0.0270565	0.999405	0.0899673	-0.113655	8.42106	
0.999716	0.000358288	-0.0238117	0.000358411	0.999547	0.0300875	0.0238117	-0.0300875	0.999264	0.11113	-0.140395	9.3563	
0.999656	0.000434232	-0.0262127	0.000434397	0.999451	0.033123	0.0262127	-0.033123	0.999107	0.134538	-0.169973	10.2914	
0.99959	0.000517602	-0.0286169	0.000517816	0.999346	0.0361629	0.0286169	-0.0361629	0.998936	0.160194	-0.202394	11.2263	
0.999518	0.000608427	-0.0310242	0.0006087	0.999231	0.039207	0.0310242	-0.039207	0.998749	0.188102	-0.237662	12.1611	
0.999441	0.000706736	-0.0334345	0.000707078	0.999107	0.0422553	0.0334345	-0.0422553	0.998547	0.218264	-0.27578	13.0957	
0.999357	0.00081256	-0.0358478	0.000812981	0.998973	0.0453077	0.0358478	-0.0453077	0.99833	0.250683	-0.316754	14.0301	
0.999267	0.000925924	-0.038264	0.000926436	0.998829	0.048364	0.038264	-0.048364	0.998097	0.285362	-0.360585	14.9643	
0.999172	0.00104686	-0.0406829	0.00104747	0.998676	0.051424	0.0406829	-0.0514241	0.997848	0.322304	-0.407279	15.8983	
0.99907	0.00117539	-0.0431045	0.00117612	0.998514	0.0544878	0.0431044	-0.0544878	0.997584	0.361511	-0.456838	16.832	
0.998962	0.00131154	-0.0455286	0.0013124	0.998341	0.0575551	0.0455286	-0.0575552	0.997304	0.402985	-0.509267	17.7654	
0.998848	0.00145534	-0.0479552	0.00145635	0.998159	0.0606259	0.0479552	-0.060626	0.997008	0.446729	-0.564567	18.6986	
0.998729	0.00160681	-0.0503842	0.00160798	0.997968	0.0637001	0.0503841	-0.0637001	0.996696	0.492744	-0.622743	19.6316	
0.998603	0.00176597	-0.0528155	0.00176732	0.997766	0.0667774	0.0528154	-0.0667774	0.996369	0.541035	-0.683797	20.5642	
0.998471	0.00193286	-0.0552489	0.0019344	0.997555	0.0698578	0.0552489	-0.0698579	0.996026	0.591601	-0.747733	21.4965	
0.998333	0.00210748	-0.0576845	0.00210923	0.997334	0.0729412	0.0576844	-0.0729413	0.995667	0.644446	-0.814553	22.4284	
0.998188	0.00228987	-0.0601221	0.00229185	0.997103	0.0760275	0.060122	-0.0760275	0.995291	0.699571	-0.88426	23.3601	
0.998038	0.00248003	-0.0625615	0.00248227	0.996862	0.0791165	0.0625615	-0.0791166	0.9949	0.756978	-0.956857	24.2913	
0.997881	0.002678	-0.0650028	0.00268051	0.996612	0.0822081	0.0650027	-0.0822082	0.994493	0.816669	-1.03235	25.2222	
0.997719	0.0028838	-0.0674459	0.00288659	0.996351	0.0853023	0.0674457	-0.0853024	0.99407	0.878646	-1.11073	26.1528	
0.99755	0.00309743	-0.0698905	0.00310054	0.99608	0.0883988	0.0698904	-0.0883989	0.99363	0.94291	-1.19201	27.0829	
0.997375	0.00331892	-0.0723367	0.00332237	0.9958	0.0914976	0.0723366	-0.0914977	0.993175	1.00946	-1.27619	28.0125	
0.997193	0.00354829	-0.0747844	0.0035521	0.995509	0.0945985	0.0747842	-0.0945987	0.992703	1.0783	-1.36327	28.9418	
0.997006	0.00378555	-0.0772333	0.00378975	0.995209	0.0977015	0.0772331	-0.0977017	0.992214	1.14944	-1.45325	29.8706	
0.996812	0.00403072	-0.0796836	0.00403533	0.994898	0.100806	0.0796834	-0.100807	0.99171	1.22286	-1.54614	30.7989	
0.996612	0.00428381	-0.082135	0.00428886	0.994577	0.103913	0.0821347	-0.103913	0.991189	1.29858	-1.64193	31.7268	
0.996406	0.00454484	-0.0845875	0.00455035	0.994246	0.107022	0.0845872	-0.107022	0.990652	1.3766	-1.74064	32.6542	
0.996193	0.00481382	-0.087041	0.00481982	0.993905	0.110131	0.0870406	-0.110132	0.990098	1.45691	-1.84225	33.581	
0.995974	0.00509076	-0.0894953	0.00509728	0.993554	0.113243	0.0894949	-0.113243	0.989528	1.53951	-1.94677	34.5073	
0.995749	0.00537567	-0.0919504	0.00538275	0.993193	0.116356	0.09195	-0.116356	0.988942	1.62442	-2.05421	35.4331	
0.995518	0.00566858	-0.0944063	0.00567623	0.992822	0.11947	0.0944058	-0.11947	0.988339	1.71162	-2.16456	36.3583	
0.99528	0.00596948	-0.0968627	0.00597775	0.99244	0.122585	0.0968622	-0.122585	0.98772	1.80112	-2.27782	37.283	
0.995036	0.00627838	-0.0993197	0.0062873	0.992048	0.125701	0.0993192	-0.125701	0.987084	1.89292	-2.394	38.2071	
0.994785	0.00659531	-0.101777	0.0066049	0.991646	0.128817	0.101776	-0.128818	0.986432	1.98702	-2.5131	39.1305	
0.994529	0.00692026	-0.104235	0.00693056	0.991234	0.131935	0.104234	-0.131936	0.985763	2.08341	-2.63512	40.0534	
0.994266	0.00725324	-0.106693	0.00726429	0.990812	0.135053	0.106692	-0.135054	0.985077	2.18211	-2.76005	40.9756	
0.993996	0.00759426	-0.109151	0.00760609	0.990379	0.138172	0.10915	-0.138173	0.984375	2.28311	-2.8879	41.8972	
0.99372	0.00794332	-0.111609	0.00795597	0.989936	0.141291	0.111608	-0.141292	0.983657	2.38641	-3.01867	42.8181	
0.993438	0.00830044	-0.114067	0.00831394	0.989483	0.144411	0.114066	-0.144412	0.982921	2.49201	-3.15236	43.7383	
0.99315	0.00866561	-0.116525	0.00868001	0.989019	0.14753	0.116524	-0.147531	0.982169	2.59991	-3.28897	44.6578	
0.992855	0.00903885	-0.118983	0.00905418	0.988546	0.15065	0.118982	-0.150651	0.981401	2.71011	-3.4285	45.5766	
0.992554	0.00942014	-0.121441	0.00943644	0.988062	0.15377	0.121439	-0.153771	0.980616	2.82261	-3.57094	46.4947	
0.992247	0.00980951	-0.123898	0.00982682	0.987567	0.156889	0.123896	-0.15689	0.979814	2.93741	-3.71631	47.4121	
0.991933	0.0102069	-0.126354	0.0102253	0.987063	0.160008	0.126353	-0.160009	0.978995	3.05451	-3.8646	48.3286	
0.991612	0.0106124	-0.12881	0.0106319	0.986548	0.163127	0.128809	-0.163128	0.97816	3.17391	-4.0158	49.2445	
0.991286	0.011026	-0.131266	0.0110466	0.986023	0.166245	0.131264	-0.166246	0.977309	3.2956	-4.16993	50.1595	
0.990953	0.0114477	-0.13372	0.0114694	0.985487	0.169363	0.133718	-0.169364	0.97644	3.4196	-4.32697	51.0737	
0.990614	0.0118774	-0.136174	0.0119004	0.984941	0.172479	0.136172	-0.172481	0.975555	3.54589	-4.48693	51.9871	
0.990268	0.0123151	-0.138627	0.0123394	0.984385	0.175595	0.138624	-0.175597	0.974653	3.67447	-4.64981	52.8997	
0.989916	0.012761	-0.141078	0.0127866	0.983819	0.17871	0.141076	-0.178712	0.973735	3.80535	-4.8156	53.8114	
0.989558	0.0132149	-0.143529	0.0132419	0.983242	0.181824	0.143527	-0.181826	0.9728	3.93853	-4.9843	54.7222	
0.989193	0.0136769	-0.145978	0.0137052	0.982655	0.184937	0.145976	-0.184939	0.971848	4.07399	-5.15592	55.6322	
0.988822	0.0141469	-0.148427	0.0141767	0.982058	0.188048	0.148424	-0.18805	0.97088	4.21175	-5.33046	56.5412	
0.988182	0.0149597	-0.152553	0.0151062	0.980877	0.194039	0.152539	-0.194051	0.969059	4.35258	-5.50925	57.449	
0.987524	0.0157983	-0.156674	0.0160613	0.97966	0.200021	0.156647	-0.200042	0.967184	4.49726	-5.69366	58.355	
0.986848	0.0166628	-0.160787	0.017042	0.978405	0.205991	0.160748	-0.206022	0.965254	4.64578	-5.88367	59.2593	
0.986155	0.0175529	-0.164894	0.0180481	0.977114	0.211951	0.164841	-0.211992	0.963269	4.79813	-6.07927	60.1617	
0.985444	0.0184688	-0.168994	0.0190797	0.975785	0.217899	0.168926	-0.217951	0.961229	4.95431	-6.28046	61.0622	
0.984716	0.0194102	-0.173085	0.0201366	0.974419	0.223835	0.173002	-0.223899	0.959135	5.11431	-6.48721	61.9608	
0.983969	0.0203773	-0.177169	0.0212188	0.973016	0.229758	0.17707	-0.229834	0.956986	5.27812	-6.69953	62.8574	
0.983206	0.0213698	-0.181245	0.0223263	0.971577	0.235669	0.181129	-0.235758	0.954783	5.44573	-6.91739	63.752	
0.982425	0.0223877	-0.185311	0.023459	0.970101	0.241567	0.185179	-0.241668	0.952526	5.61714	-7.1408	64.6445	
0.981626	0.023431	-0.189369	0.0246168	0.968588	0.247451	0.189218	-0.247566	0.950215	5.79233	-7.36973	65.5348	
0.980811	0.0244995	-0.193417	0.0257996	0.967038	0.253321	0.193248	-0.25345	0.947849	5.9713	-7.60417	66.423	
0.979978	0.0255932	-0.197455	0.0270073	0.965452	0.259176	0.197267	-0.25932	0.945431	6.15403	-7.84411	67.3089	
0.979128	0.026712	-0.201483	0.02824	0.96383	0.265017	0.201275	-0.265175	0.942958	6.34052	-8.08953	68.1926	
0.97826	0.0278558	-0.205501	0.0294974	0.962172	0.270842	0.205271	-0.271016	0.940433	6.53076	-8.34044	69.0739	
0.977376	0.0290245	-0.209507	0.0307796	0.960477	0.276652	0.209257	-0.276841	0.937854	6.72473	-8.5968	69.9528	
0.974839	0.0324078	-0.22054	0.0351152	0.954695	0.295507	0.220125	-0.295816	0.929536	6.92566	-8.86477	70.8266	
0.972175	0.0360144	-0.231472	0.0396691	0.948531	0.31419	0.230874	-0.31463	0.920709	7.13671	-9.15043	71.6924	
0.969384	0.0398423	-0.242296	0.0444387	0.941989	0.332689	0.241495	-0.333271	0.911378	7.35775	-9.45361	72.5498	
0.966468	0.0438894	-0.253007	0.0494215	0.935072	0.350994	0.251985	-0.351729	0.901549	7.58868	-9.77416	73.3981	
0.96343	0.0481535	-0.263599	0.0546147	0.927785	0.369097	0.262337	-0.369995	0.891226	7.82935	-10.1119	74.2371	
0.960269	0.0526322	-0.274066	0.0600156	0.920131	0.386985	0.272545	-0.388058	0.880415	8.07965	-10.4666	75.0661	
0.95699	0.0573231	-0.284403	0.0656211	0.912114	0.404651	0.282604	-0.405909	0.869122	8.33943	-10.8382	75.8848	
0.953592	0.0622236	-0.294603	0.0714281	0.903739	0.422083	0.292508	-0.423538	0.857353	8.60856	-11.2263	76.6927	
0.950078	0.067331	-0.304662	0.0774336	0.89501	0.439274	0.302252	-0.440935	0.845115	8.88687	-11.6308	77.4894	
0.94645	0.0726426	-0.314573	0.0836341	0.885932	0.456212	0.311831	-0.458091	0.832415	9.17423	-12.0515	78.2744	
0.942709	0.0781555	-0.324331	0.0900264	0.876511	0.47289	0.321238	-0.474996	0.819259	9.47048	-12.4882	79.0473	
0.938859	0.0838665	-0.333931	0.0966069	0.86675	0.489297	0.330471	-0.491641	0.805654	9.77545	-12.9405	79.8077	
0.934901	0.0897726	-0.343368	0.103372	0.856656	0.505425	0.339522	-0.508017	0.791609	10.089	-13.4083	80.5551	
0.930836	0.0958706	-0.352637	0.110318	0.846235	0.521265	0.348387	-0.524114	0.77713	10.4109	-13.8913	81.2892	
0.926668	0.102157	-0.361731	0.117441	0.835491	0.536808	0.357062	-0.539925	0.762225	10.741	-14.3892	82.0095	
0.922399	0.108629	-0.370647	0.124737	0.824431	0.552046	0.365541	-0.55544	0.746904	11.0791	-14.9018	82.7157	
0.918031	0.115282	-0.37938	0.132203	0.81306	0.566971	0.37382	-0.570652	0.731174	11.4251	-15.4287	83.4074	
0.913566	0.122113	-0.387925	0.139834	0.801386	0.581573	0.381895	-0.585551	0.715043	11.7788	-15.9698	84.0842	
0.909007	0.129118	-0.396276	0.147625	0.789413	0.595847	0.38976	-0.600129	0.698521	12.1399	-16.5246	84.7456	
0.904356	0.136294	-0.40443	0.155573	0.77715	0.609782	0.397413	-0.614379	0.681617	12.5082	-17.093	85.3915	
0.899616	0.143636	-0.412382	0.163674	0.764603	0.623373	0.404847	-0.628293	0.66434	12.8836	-17.6745	86.0213	
0.89479	0.15114	-0.420128	0.171923	0.751778	0.636611	0.41206	-0.641862	0.646699	13.2659	-18.2688	86.6348	
0.88988	0.158802	-0.427664	0.180315	0.738682	0.649489	0.419048	-0.655081	0.628704	13.6548	-18.8757	87.2316	
