1	0	0	0	1	0	0	0	1	0	0	0	
0.99999	3.66869e-07	-0.00446725	3.66869e-07	1	0.000164248	0.00446725	-0.000164248	0.99999	0.00196401	-7.2211e-05	0.87929	
0.99996	1.46587e-06	-0.00893713	1.46087e-06	1	0.000327474	0.00893713	-0.000327474	0.99996	0.00785721	-0.000288395	1.75856	
0.99991	3.29329e-06	-0.0134095	3.2733e-06	1	0.000489674	0.0134095	-0.000489674	0.99991	0.0176818	-0.000647652	2.6378	
0.99984	5.84538e-06	-0.0178843	5.79538e-06	1	0.000650841	0.0178843	-0.000650841	0.99984	0.0314401	-0.00114908	3.51698	
0.99975	9.11832e-06	-0.0223613	9.01828e-06	1	0.00081097	0.0223613	-0.000810969	0.99975	0.0491339	-0.00179176	4.3961	
0.99964	1.31082e-05	-0.0268404	1.29331e-05	1	0.000970054	0.0268404	-0.000970052	0.999639	0.0707653	-0.00257478	5.27512	
0.999509	1.78112e-05	-0.0313215	1.75308e-05	0.999999	0.00112809	0.0313215	-0.00112808	0.999509	0.0963361	-0.00349722	6.15404	
0.999359	2.32233e-05	-0.0358045	2.28025e-05	0.999999	0.00128507	0.0358045	-0.00128506	0.999358	0.125848	-0.00455815	7.03284	
0.999188	2.93405e-05	-0.0402892	2.8739e-05	0.999999	0.00144098	0.0402892	-0.00144097	0.999187	0.159302	-0.00575664	7.91149	
0.998997	3.61586e-05	-0.0447755	3.53312e-05	0.999999	0.00159584	0.0447755	-0.00159582	0.998996	0.196701	-0.00709176	8.78999	
0.998786	4.36737e-05	-0.0492632	4.25698e-05	0.999998	0.00174962	0.0492632	-0.00174959	0.998784	0.238045	-0.00856255	9.66831	
0.998554	5.18814e-05	-0.0537523	5.04457e-05	0.999998	0.00190232	0.0537523	-0.00190228	0.998552	0.283335	-0.0101681	10.5464	
0.998302	6.07775e-05	-0.0582426	5.89495e-05	0.999998	0.00205394	0.0582426	-0.00205389	0.9983	0.332573	-0.0119074	11.4243	
0.99803	7.03579e-05	-0.062734	6.80718e-05	0.999998	0.00220447	0.062734	-0.0022044	0.998028	0.38576	-0.0137796	12.302	
0.997738	8.06181e-05	-0.0672263	7.78033e-05	0.999997	0.00235392	0.0672263	-0.00235382	0.997735	0.442897	-0.0157836	13.1795	
0.997425	9.15538e-05	-0.0717194	8.81344e-05	0.999997	0.00250226	0.0717194	-0.00250214	0.997422	0.503984	-0.0179185	14.0566	
0.997092	0.000103161	-0.0762132	9.90556e-05	0.999996	0.00264951	0.0762132	-0.00264935	0.997088	0.569022	-0.0201833	14.9335	
0.996738	0.000115434	-0.0807076	0.000110557	0.999996	0.00279565	0.0807076	-0.00279545	0.996734	0.638012	-0.0225771	15.8101	
0.996364	0.000128369	-0.0852024	0.00012263	0.999996	0.00294068	0.0852024	-0.00294044	0.996359	0.710954	-0.0250989	16.6863	
0.995969	0.000141963	-0.0896975	0.000135264	0.999995	0.0030846	0.0896975	-0.0030843	0.995964	0.787848	-0.0277476	17.5623	
0.995554	0.000156208	-0.0941927	0.00014845	0.999995	0.0032274	0.0941927	-0.00322703	0.995549	0.868695	-0.0305224	18.4378	
0.995118	0.000171103	-0.098688	0.000162177	0.999994	0.00336907	0.098688	-0.00336863	0.995113	0.953495	-0.0334222	19.313	
0.994662	0.000186641	-0.103183	0.000176436	0.999994	0.00350962	0.103183	-0.00350909	0.994656	1.04225	-0.0364459	20.1878	
0.994186	0.000202817	-0.107678	0.000191218	0.999993	0.00364904	0.107678	-0.00364841	0.994179	1.13495	-0.0395927	21.0622	
0.993689	0.000219628	-0.112173	0.000206511	0.999993	0.00378732	0.112173	-0.00378658	0.993681	1.23161	-0.0428615	21.9361	
0.993171	0.000237068	-0.116667	0.000222307	0.999992	0.00392446	0.116667	-0.0039236	0.993163	1.33222	-0.0462512	22.8097	
0.992633	0.000255132	-0.12116	0.000238596	0.999992	0.00406047	0.121161	-0.00405946	0.992625	1.43678	-0.049761	23.6827	
0.992074	0.000273816	-0.125653	0.000255366	0.999991	0.00419533	0.125653	-0.00419416	0.992065	1.54529	-0.0533896	24.5553	
0.991495	0.000293115	-0.130145	0.00027261	0.999991	0.00432903	0.130145	-0.00432769	0.991485	1.65775	-0.0571363	25.4273	
0.990895	0.000313023	-0.134636	0.000290315	0.99999	0.00446159	0.134636	-0.00446006	0.990885	1.77416	-0.0609998	26.2989	
0.990275	0.000333535	-0.139126	0.000308472	0.999989	0.00459299	0.139126	-0.00459124	0.990264	1.89452	-0.0649791	27.1699	
0.989634	0.000354647	-0.143614	0.000327072	0.999989	0.00472323	0.143614	-0.00472124	0.989622	2.01882	-0.0690733	28.0403	
0.988972	0.000376354	-0.148102	0.000346103	0.999988	0.00485232	0.148102	-0.00485006	0.98896	2.14708	-0.0732813	28.9102	
0.98829	0.00039865	-0.152587	0.000365556	0.999988	0.00498023	0.152587	-0.00497769	0.988277	2.27927	-0.0776021	29.7795	
0.987587	0.000421529	-0.157071	0.00038542	0.999987	0.00510698	0.157071	-0.00510413	0.987574	2.41541	-0.0820345	30.6482	
0.986864	0.000444988	-0.161553	0.000405685	0.999986	0.00523256	0.161554	-0.00522936	0.98685	2.5555	-0.0865776	31.5162	
0.98612	0.00046902	-0.166034	0.000426342	0.999986	0.00535696	0.166034	-0.0053534	0.986106	2.69952	-0.0912303	32.3836	
0.985355	0.00049362	-0.170512	0.000447378	0.999985	0.00548019	0.170512	-0.00547622	0.98534	2.84748	-0.0959915	33.2504	
0.98457	0.000518784	-0.174988	0.000468785	0.999984	0.00560225	0.174988	-0.00559784	0.984555	2.99938	-0.10086	34.1164	
0.983765	0.000544505	-0.179462	0.000490551	0.999984	0.00572312	0.179462	-0.00571824	0.983748	3.15521	-0.105835	34.9818	
0.982938	0.000570778	-0.183934	0.000512667	0.999983	0.00584281	0.183934	-0.00583742	0.982921	3.31498	-0.110916	35.8464	
0.982092	0.000597598	-0.188403	0.000535122	0.999982	0.00596131	0.188403	-0.00595537	0.982074	3.47868	-0.1161	36.7103	
0.981224	0.00062496	-0.192869	0.000557905	0.999981	0.00607863	0.192869	-0.0060721	0.981206	3.6463	-0.121388	37.5735	
0.980336	0.000652857	-0.197332	0.000581007	0.999981	0.00619476	0.197333	-0.0061876	0.980317	3.81785	-0.126778	38.4359	
0.979428	0.000681285	-0.201793	0.000604416	0.99998	0.0063097	0.201793	-0.00630186	0.979408	3.99333	-0.132269	39.2974	
0.978499	0.000710237	-0.206251	0.000628122	0.999979	0.00642344	0.206251	-0.00641488	0.978478	4.17272	-0.13786	40.1582	
0.977549	0.000739709	-0.210705	0.000652114	0.999978	0.006536	0.210705	-0.00652666	0.977528	4.35604	-0.14355	41.0182	
0.976579	0.000769694	-0.215156	0.000676383	0.999978	0.00664735	0.215156	-0.00663719	0.976557	4.54327	-0.149337	41.8773	
0.975589	0.000800187	-0.219604	0.000700917	0.999977	0.00675751	0.219604	-0.00674648	0.975566	4.73441	-0.155221	42.7355	
0.974578	0.000831183	-0.224048	0.000725705	0.999976	0.00686647	0.224048	-0.00685451	0.974554	4.92946	-0.161201	43.5929	
0.973546	0.000862675	-0.228488	0.000750738	0.999975	0.00697424	0.228489	-0.00696128	0.973522	5.12841	-0.167275	44.4494	
0.972494	0.000894657	-0.232925	0.000776005	0.999975	0.0070808	0.232926	-0.00706679	0.972469	5.33127	-0.173442	45.3049	
0.971422	0.000927125	-0.237358	0.000801495	0.999974	0.00718616	0.237358	-0.00717103	0.971396	5.53803	-0.179702	46.1595	
0.970329	0.000960072	-0.241787	0.000827198	0.999973	0.00729031	0.241787	-0.00727401	0.970302	5.74869	-0.186053	47.0132	
0.969216	0.000993493	-0.246211	0.000853102	0.999972	0.00739327	0.246212	-0.00737571	0.969188	5.96323	-0.192493	47.8659	
0.968082	0.00102738	-0.250631	0.000879197	0.999972	0.00749502	0.250632	-0.00747615	0.968054	6.18167	-0.199023	48.7176	
0.966928	0.00106173	-0.255047	0.000905474	0.999971	0.00759556	0.255048	-0.0075753	0.966899	6.40399	-0.20564	49.5683	
0.965754	0.00109654	-0.259459	0.00093192	0.99997	0.0076949	0.259459	-0.00767317	0.965724	6.63019	-0.212344	50.418	
0.964559	0.00113179	-0.263865	0.000958525	0.999969	0.00779303	0.263866	-0.00776976	0.964528	6.86027	-0.219134	51.2666	
0.962553	0.0011853	-0.271091	0.000621387	0.999978	0.00657857	0.271092	-0.00650068	0.962531	7.09546	-0.225408	52.1138	
0.960493	0.00122931	-0.278303	0.000275773	0.999986	0.00536885	0.278306	-0.00523349	0.960478	7.33701	-0.230567	52.9593	
0.958377	0.00126383	-0.285502	-7.83012e-05	0.999991	0.00416381	0.285504	-0.00396815	0.958369	7.58489	-0.234612	53.8029	
0.956208	0.00128887	-0.292686	-0.000440823	0.999996	0.00296339	0.292689	-0.00270459	0.956204	7.83909	-0.237546	54.6446	
0.953984	0.00130443	-0.299856	-0.00081178	0.999998	0.00176754	0.299858	-0.00144279	0.953983	8.0996	-0.239369	55.4844	
0.951705	0.00131054	-0.307011	-0.00119116	0.999999	0.0005762	0.307011	-0.000182673	0.951706	8.36641	-0.240084	56.3223	
0.949373	0.00130718	-0.314149	-0.00157896	0.999999	-0.00061068	0.314148	0.00107579	0.949373	8.6395	-0.239691	57.1581	
0.946986	0.00129438	-0.321272	-0.00197518	0.999996	-0.00179316	0.321268	0.00233266	0.946985	8.91886	-0.238193	57.9918	
0.944546	0.00127214	-0.328377	-0.0023798	0.999993	-0.00297128	0.328371	0.00358798	0.944542	9.20447	-0.23559	58.8234	
0.942052	0.00124047	-0.335465	-0.00279283	0.999988	-0.00414511	0.335456	0.00484181	0.942043	9.49632	-0.231883	59.6528	
0.939504	0.00119938	-0.342535	-0.00321427	0.999981	-0.00531469	0.342522	0.00609418	0.93949	9.7944	-0.227075	60.4801	
0.936903	0.00114887	-0.349587	-0.00364412	0.999972	-0.00648008	0.34957	0.00734515	0.936882	10.0987	-0.221167	61.305	
0.934249	0.00108896	-0.356619	-0.00408239	0.999962	-0.00764133	0.356598	0.00859477	0.934219	10.4091	-0.214159	62.1276	
0.931542	0.00101965	-0.363632	-0.00452907	0.999951	-0.00879849	0.363606	0.00984308	0.931501	10.7258	-0.206053	62.9479	
0.928782	0.000940964	-0.370625	-0.00498419	0.999938	-0.00995161	0.370593	0.0110901	0.928729	11.0486	-0.196849	63.7657	
0.925969	0.000852897	-0.377597	-0.00544774	0.999924	-0.0111007	0.377559	0.012336	0.925903	11.3775	-0.18655	64.5811	
0.923104	0.000755462	-0.384549	-0.00591975	0.999907	-0.0122459	0.384504	0.0135807	0.923024	11.7125	-0.175156	65.394	
0.920187	0.00064867	-0.391478	-0.00640022	0.99989	-0.0133872	0.391426	0.0148243	0.92009	12.0537	-0.162668	66.2043	
0.917218	0.00053253	-0.398385	-0.00688917	0.999871	-0.0145247	0.398326	0.0160668	0.917103	12.4009	-0.149086	67.012	
0.914197	0.00040705	-0.40527	-0.00738662	0.99985	-0.0156583	0.405203	0.0173084	0.914063	12.7541	-0.134413	67.8171	
0.911125	0.000272242	-0.412131	-0.00789259	0.999828	-0.0167882	0.412056	0.0185489	0.91097	13.1135	-0.118649	68.6195	
0.908001	0.000128115	-0.418969	-0.0084071	0.999804	-0.0179144	0.418884	0.0197886	0.907824	13.4788	-0.101794	69.4191	
0.899422	-0.00035896	-0.43708	-0.0122666	0.999585	-0.026063	0.436908	0.0288031	0.899045	13.855	-0.0804295	70.2135	
0.890485	-0.00102661	-0.455012	-0.0162876	0.999285	-0.0341304	0.454721	0.0378037	0.889831	14.2471	-0.0511449	71	
0.881192	-0.00187453	-0.472754	-0.0204684	0.998903	-0.0421129	0.472315	0.046786	0.880187	14.6546	-0.0139538	71.7782	
0.871549	-0.00290229	-0.490299	-0.0248068	0.998441	-0.0500064	0.48968	0.0557458	0.870119	15.0776	0.0311258	72.5478	
0.861561	-0.0041094	-0.507638	-0.0293007	0.997898	-0.0578072	0.506808	0.0646786	0.859629	15.5157	0.084072	73.3083	
0.851231	-0.00549528	-0.524762	-0.0339481	0.997274	-0.0655115	0.523691	0.0735801	0.848724	15.9688	0.144859	74.0594	
0.840566	-0.00705926	-0.541663	-0.0387465	0.996571	-0.0731156	0.540322	0.0824461	0.83741	16.4366	0.213459	74.8007	
0.82957	-0.00880058	-0.558334	-0.0436938	0.995787	-0.0806159	0.556691	0.0912722	0.82569	16.9189	0.289836	75.5319	
0.818248	-0.0107184	-0.574766	-0.0487876	0.994924	-0.0880086	0.572792	0.100054	0.813572	17.4155	0.373956	76.2527	
0.806606	-0.0128118	-0.590951	-0.0540253	0.993982	-0.0952903	0.588615	0.108788	0.80106	17.9261	0.465776	76.9626	
0.79465	-0.0150798	-0.606881	-0.0594044	0.992962	-0.102457	0.604154	0.117469	0.788161	18.4506	0.565253	77.6613	
0.782385	-0.0175212	-0.622548	-0.0649224	0.991864	-0.109506	0.619402	0.126093	0.774882	18.9885	0.672339	78.3485	
0.769818	-0.0201349	-0.637946	-0.0705766	0.990688	-0.116434	0.63435	0.134657	0.761228	19.5397	0.786982	79.0239	
0.756954	-0.0229197	-0.653066	-0.0763642	0.989435	-0.123237	0.648991	0.143155	0.747206	20.104	0.909126	79.6871	
0.743799	-0.0258741	-0.667902	-0.0822824	0.988106	-0.129911	0.663319	0.151584	0.732823	20.681	1.03871	80.3378	
0.730361	-0.0289967	-0.682445	-0.0883285	0.986701	-0.136455	0.677326	0.15994	0.718087	21.2704	1.17568	80.9757	
0.716645	-0.0322862	-0.69669	-0.0944994	0.985221	-0.142863	0.691006	0.168219	0.703003	21.872	1.31996	81.6005	
0.702658	-0.0357407	-0.710629	-0.100792	0.983667	-0.149135	0.704352	0.176417	0.687579	22.4855	1.47148	82.2119	
