1	0	0	0	1	0	0	0	1	0	0	0	
0.999998	-4.14069e-08	0.00184258	-4.14069e-08	1	4.49445e-05	-0.00184258	-4.49445e-05	0.999998	-0.000862196	-2.10308e-05	0.935858	
0.999993	-1.65974e-07	0.00369097	-1.65622e-07	1	8.98395e-05	-0.00369097	-8.98395e-05	0.999993	-0.0034515	-8.41002e-05	1.87171	
0.999985	-3.74121e-07	0.00554508	-3.72708e-07	1	0.000134682	-0.00554508	-0.000134682	0.999985	-0.00777332	-0.00018916	2.80756	
0.999973	-6.66251e-07	0.00740486	-6.62707e-07	1	0.000179469	-0.00740486	-0.000179469	0.999973	-0.013833	-0.000336161	3.7434	
0.999957	-1.04275e-06	0.0092702	-1.03564e-06	1	0.000224197	-0.0092702	-0.000224197	0.999957	-0.0216357	-0.000525048	4.67923	
0.999938	-1.50399e-06	0.011141	-1.49151e-06	1	0.000268863	-0.011141	-0.000268863	0.999938	-0.0311867	-0.000755765	5.61504	
0.999915	-2.05033e-06	0.0130173	-2.0303e-06	1	0.000313464	-0.0130173	-0.000313464	0.999915	-0.0424911	-0.00102825	6.55083	
0.999889	-2.68209e-06	0.0148989	-2.65196e-06	1	0.000357998	-0.0148989	-0.000357998	0.999889	-0.0555539	-0.00134245	7.48659	
0.999859	-3.39961e-06	0.0167857	-3.35644e-06	1	0.00040246	-0.0167857	-0.00040246	0.999859	-0.07038	-0.00169829	8.42233	
0.999826	-4.20318e-06	0.0186777	-4.14365e-06	1	0.000446849	-0.0186777	-0.000446849	0.999825	-0.0869744	-0.00209571	9.35805	
0.999788	-5.0931e-06	0.0205748	-5.01349e-06	1	0.000491161	-0.0205748	-0.00049116	0.999788	-0.105342	-0.00253463	10.2937	
0.999747	-6.06962e-06	0.0224769	-5.96585e-06	1	0.000535393	-0.0224769	-0.000535392	0.999747	-0.125487	-0.00301498	11.2294	
0.999703	-7.13302e-06	0.0243839	-7.00057e-06	1	0.000579543	-0.0243839	-0.000579541	0.999703	-0.147414	-0.00353669	12.165	
0.999654	-8.28352e-06	0.0262958	-8.11751e-06	1	0.000623607	-0.0262958	-0.000623605	0.999654	-0.171129	-0.00409968	13.1005	
0.999602	-9.52134e-06	0.0282124	-9.31647e-06	1	0.000667583	-0.0282124	-0.00066758	0.999602	-0.196635	-0.00470386	14.036	
0.999546	-1.08467e-05	0.0301337	-1.05973e-05	1	0.000711467	-0.0301337	-0.000711463	0.999546	-0.223937	-0.00534916	14.9715	
0.999486	-1.22598e-05	0.0320596	-1.19596e-05	1	0.000755257	-0.0320596	-0.000755252	0.999486	-0.253039	-0.00603548	15.9069	
0.999422	-1.37607e-05	0.0339901	-1.34034e-05	1	0.00079895	-0.0339901	-0.000798944	0.999422	-0.283945	-0.00676273	16.8422	
0.999354	-1.53497e-05	0.0359249	-1.49283e-05	1	0.000842544	-0.0359249	-0.000842536	0.999354	-0.316661	-0.00753083	17.7775	
0.999283	-1.70269e-05	0.0378642	-1.65339e-05	1	0.000886035	-0.0378642	-0.000886026	0.999283	-0.351189	-0.00833967	18.7128	
0.999207	-1.87924e-05	0.0398077	-1.82201e-05	1	0.000929421	-0.0398077	-0.00092941	0.999207	-0.387534	-0.00918917	19.6479	
0.999128	-2.06463e-05	0.0417553	-1.99866e-05	1	0.000972699	-0.0417553	-0.000972685	0.999127	-0.425699	-0.0100792	20.583	
0.999044	-2.25887e-05	0.0437071	-2.18328e-05	0.999999	0.00101587	-0.0437071	-0.00101585	0.999044	-0.46569	-0.0110097	21.518	
0.998957	-2.46196e-05	0.0456629	-2.37586e-05	0.999999	0.00105892	-0.0456629	-0.0010589	0.998956	-0.507509	-0.0119805	22.4529	
0.998865	-2.67392e-05	0.0476227	-2.57636e-05	0.999999	0.00110186	-0.0476227	-0.00110184	0.998865	-0.55116	-0.0129916	23.3878	
0.99877	-2.89474e-05	0.0495863	-2.78473e-05	0.999999	0.00114468	-0.0495863	-0.00114465	0.998769	-0.596647	-0.0140428	24.3225	
0.99867	-3.12443e-05	0.0515537	-3.00093e-05	0.999999	0.00118738	-0.0515537	-0.00118735	0.99867	-0.643973	-0.015134	25.2572	
0.998567	-3.36299e-05	0.0535248	-3.22492e-05	0.999999	0.00122995	-0.0535248	-0.00122991	0.998566	-0.693143	-0.0162651	26.1917	
0.998459	-3.61042e-05	0.0554995	-3.45666e-05	0.999999	0.0012724	-0.0554995	-0.00127236	0.998458	-0.744158	-0.017436	27.1262	
0.998347	-3.86671e-05	0.0574777	-3.6961e-05	0.999999	0.00131472	-0.0574777	-0.00131467	0.998346	-0.797023	-0.0186466	28.0606	
0.998231	-4.13186e-05	0.0594593	-3.94319e-05	0.999999	0.00135691	-0.0594593	-0.00135685	0.99823	-0.851742	-0.0198967	28.9948	
0.998111	-4.40587e-05	0.0614443	-4.19788e-05	0.999999	0.00139896	-0.0614443	-0.0013989	0.99811	-0.908316	-0.0211861	29.929	
0.997986	-4.68873e-05	0.0634326	-4.46013e-05	0.999999	0.00144088	-0.0634326	-0.00144081	0.997985	-0.96675	-0.0225149	30.863	
0.997858	-4.98043e-05	0.065424	-4.72986e-05	0.999999	0.00148266	-0.065424	-0.00148258	0.997856	-1.02705	-0.0238829	31.7969	
0.997725	-5.28095e-05	0.0674186	-5.00704e-05	0.999999	0.0015243	-0.0674186	-0.0015242	0.997724	-1.08921	-0.0252898	32.7307	
0.997588	-5.59029e-05	0.0694162	-5.2916e-05	0.999999	0.00156579	-0.0694162	-0.00156569	0.997587	-1.15324	-0.0267357	33.6644	
0.997447	-5.90843e-05	0.0714167	-5.58349e-05	0.999999	0.00160714	-0.0714167	-0.00160702	0.997445	-1.21914	-0.0282203	34.5979	
0.997301	-6.23536e-05	0.07342	-5.88264e-05	0.999999	0.00164834	-0.07342	-0.00164821	0.9973	-1.28691	-0.0297435	35.5313	
0.997151	-6.57106e-05	0.0754261	-6.18899e-05	0.999999	0.00168939	-0.0754262	-0.00168925	0.99715	-1.35656	-0.0313052	36.4646	
0.996997	-6.91551e-05	0.077435	-6.50249e-05	0.999999	0.00173029	-0.077435	-0.00173013	0.996996	-1.42809	-0.0329052	37.3977	
0.996839	-7.26869e-05	0.0794464	-6.82305e-05	0.999998	0.00177103	-0.0794464	-0.00177085	0.996838	-1.5015	-0.0345434	38.3306	
0.996677	-7.63059e-05	0.0814603	-7.15063e-05	0.999998	0.00181161	-0.0814603	-0.00181142	0.996675	-1.57679	-0.0362197	39.2635	
0.99651	-8.00117e-05	0.0834766	-7.48515e-05	0.999998	0.00185204	-0.0834766	-0.00185182	0.996508	-1.65397	-0.0379338	40.1961	
0.996339	-8.38041e-05	0.0854953	-7.82653e-05	0.999998	0.0018923	-0.0854953	-0.00189206	0.996337	-1.73303	-0.0396857	41.1287	
0.996163	-8.76829e-05	0.0875162	-8.17471e-05	0.999998	0.0019324	-0.0875162	-0.00193214	0.996161	-1.81399	-0.0414751	42.061	
0.995983	-9.16477e-05	0.0895393	-8.52962e-05	0.999998	0.00197233	-0.0895393	-0.00197205	0.995981	-1.89684	-0.043302	42.9932	
0.995799	-9.56984e-05	0.0915645	-8.89119e-05	0.999998	0.0020121	-0.0915645	-0.00201178	0.995797	-1.98158	-0.0451662	43.9252	
0.995611	-9.98346e-05	0.0935917	-9.25932e-05	0.999998	0.00205169	-0.0935917	-0.00205135	0.995609	-2.06823	-0.0470674	44.857	
0.995418	-0.000104056	0.0956209	-9.63396e-05	0.999998	0.00209111	-0.0956209	-0.00209074	0.995416	-2.15676	-0.0490056	45.7887	
0.995221	-0.000108362	0.0976518	-0.00010015	0.999998	0.00213036	-0.0976518	-0.00212996	0.995218	-2.2472	-0.0509806	46.7202	
0.995019	-0.000112753	0.0996845	-0.000104024	0.999998	0.00216943	-0.0996845	-0.00216899	0.995017	-2.33954	-0.0529922	47.6515	
0.994813	-0.000117228	0.101719	-0.000107961	0.999998	0.00220832	-0.101719	-0.00220785	0.994811	-2.43378	-0.0550403	48.5826	
0.994603	-0.000121786	0.103755	-0.000111959	0.999997	0.00224703	-0.103755	-0.00224652	0.9946	-2.52993	-0.0571246	49.5135	
0.994388	-0.000126428	0.105792	-0.000116018	0.999997	0.00228556	-0.105792	-0.00228501	0.994386	-2.62798	-0.0592451	50.4442	
0.994169	-0.000131153	0.107831	-0.000120138	0.999997	0.00232391	-0.107831	-0.00232331	0.994167	-2.72794	-0.0614014	51.3747	
0.993946	-0.00013596	0.109871	-0.000124316	0.999997	0.00236207	-0.109871	-0.00236143	0.993943	-2.82981	-0.0635936	52.305	
0.993718	-0.00014085	0.111913	-0.000128553	0.999997	0.00240004	-0.111913	-0.00239935	0.993715	-2.93359	-0.0658213	53.235	
0.993486	-0.000145821	0.113955	-0.000132847	0.999997	0.00243782	-0.113955	-0.00243708	0.993483	-3.03928	-0.0680844	54.1649	
0.993249	-0.000150873	0.115999	-0.000137198	0.999997	0.00247541	-0.115999	-0.00247462	0.993246	-3.14689	-0.0703827	55.0946	
0.993008	-0.000156006	0.118043	-0.000141605	0.999997	0.00251281	-0.118043	-0.00251196	0.993005	-3.2564	-0.0727161	56.024	
0.992763	-0.00016122	0.120089	-0.000146066	0.999997	0.00255001	-0.120089	-0.0025491	0.99276	-3.36783	-0.0750843	56.9532	
0.992731	-0.000162308	0.120357	-0.000503665	0.999985	0.0055029	-0.120356	-0.00552351	0.992715	-3.48034	-0.0788617	57.8823	
0.992698	-0.000164223	0.120628	-0.000862187	0.999964	0.00845667	-0.120625	-0.00849892	0.992662	-3.5931	-0.0854232	58.8113	
0.992664	-0.000166984	0.120902	-0.00122162	0.999934	0.0114112	-0.120896	-0.0114752	0.992599	-3.70612	-0.0947697	59.7402	
0.992631	-0.000170608	0.12118	-0.00158197	0.999896	0.0143663	-0.121169	-0.0144521	0.992527	-3.81939	-0.106902	60.6691	
0.992596	-0.000175111	0.12146	-0.00194322	0.999848	0.0173219	-0.121445	-0.0174296	0.992445	-3.93291	-0.12182	61.598	
0.992562	-0.000180508	0.121743	-0.00230535	0.999792	0.0202777	-0.121721	-0.0204076	0.992354	-4.0467	-0.139525	62.5267	
0.992527	-0.000186812	0.122029	-0.00266837	0.999726	0.0232338	-0.122	-0.0233858	0.992255	-4.16074	-0.160018	63.4554	
0.992491	-0.000194034	0.122317	-0.00303226	0.999652	0.0261898	-0.122279	-0.0263641	0.992145	-4.27505	-0.183297	64.3839	
0.992455	-0.000202184	0.122607	-0.00339701	0.999569	0.0291458	-0.12256	-0.0293424	0.992027	-4.38962	-0.209364	65.3124	
0.992419	-0.000211269	0.122899	-0.00376261	0.999478	0.0321014	-0.122842	-0.0323205	0.9919	-4.50445	-0.238218	66.2407	
0.992383	-0.000221297	0.123194	-0.00412905	0.999377	0.0350567	-0.123125	-0.0352983	0.991763	-4.61954	-0.269858	67.1689	
0.992346	-0.000232272	0.123489	-0.00449632	0.999267	0.0380114	-0.123408	-0.0382757	0.991618	-4.7349	-0.304286	68.097	
0.992309	-0.000244198	0.123787	-0.0048644	0.999149	0.0409654	-0.123691	-0.0412525	0.991463	-4.85053	-0.341499	69.025	
0.992271	-0.000257077	0.124086	-0.00523328	0.999021	0.0439185	-0.123975	-0.0442285	0.991299	-4.96642	-0.381499	69.9527	
0.992234	-0.000270907	0.124385	-0.00560294	0.998885	0.0468707	-0.124259	-0.0472036	0.991126	-5.08257	-0.424282	70.8804	
0.993662	0.000420456	0.112405	-0.00797081	0.997739	0.0667301	-0.112123	-0.0672032	0.991419	-5.19319	-0.477819	71.8081	
0.994944	0.00135331	0.100424	-0.0100949	0.996193	0.08659	-0.0999245	-0.087166	0.99117	-5.29242	-0.550056	72.7359	
0.996077	0.00252715	0.0884495	-0.0119741	0.994247	0.106439	-0.0876716	-0.107081	0.990377	-5.3802	-0.640954	73.6631	
0.997063	0.00394133	0.0764878	-0.0136073	0.991903	0.126268	-0.0753708	-0.126937	0.989043	-5.4565	-0.750463	74.5894	
0.997899	0.00559508	0.0645455	-0.0149937	0.989162	0.146063	-0.0630287	-0.146724	0.987167	-5.52126	-0.878524	75.5142	
0.998586	0.00748749	0.0526291	-0.0161324	0.986025	0.165816	-0.0506521	-0.166431	0.984751	-5.57446	-1.02506	76.4369	
0.999123	0.00961752	0.0407452	-0.017023	0.982494	0.185516	-0.0382477	-0.186047	0.981796	-5.61606	-1.19001	77.3572	
0.99951	0.011984	0.0289003	-0.0176648	0.978571	0.20515	-0.0258225	-0.20556	0.978304	-5.64604	-1.37326	78.2744	
0.999747	0.0145857	0.0171008	-0.0180575	0.974258	0.224709	-0.0133831	-0.224961	0.974276	-5.66439	-1.57472	79.1881	
0.999834	0.0174211	0.00535321	-0.0182009	0.969558	0.244183	-0.000936326	-0.24424	0.969714	-5.67109	-1.79429	80.0978	
0.99977	0.0204886	-0.00633605	-0.018095	0.964474	0.263559	0.0115109	-0.263384	0.964622	-5.66614	-2.03183	81.003	
0.999556	0.0237867	-0.0179606	-0.0177398	0.959006	0.282828	0.0239519	-0.282384	0.959002	-5.64955	-2.28722	81.9031	
0.999191	0.0273135	-0.029514	-0.0171354	0.95316	0.30198	0.0363797	-0.30123	0.952857	-5.62131	-2.56032	82.7978	
0.998676	0.0310671	-0.04099	-0.0162823	0.946938	0.321003	0.0487876	-0.31991	0.946191	-5.58146	-2.85099	83.6865	
0.998012	0.0350454	-0.0523823	-0.0151808	0.940344	0.339887	0.0611688	-0.338416	0.939006	-5.53	-3.15905	84.5686	
0.997198	0.0392462	-0.0636847	-0.0138317	0.93338	0.358622	0.0735166	-0.356736	0.931308	-5.46698	-3.48435	85.4439	
0.996235	0.0436673	-0.0748909	-0.0122355	0.926052	0.377198	0.0858241	-0.374862	0.9231	-5.39241	-3.8267	86.3116	
0.995124	0.0483062	-0.0859949	-0.0103933	0.918362	0.395604	0.0980846	-0.392782	0.914386	-5.30635	-4.18592	87.1715	
0.993865	0.0531603	-0.0969905	-0.00830596	0.910316	0.413831	0.110291	-0.410487	0.905172	-5.20885	-4.56181	88.0229	
0.992458	0.0582271	-0.107872	-0.00597468	0.901917	0.431868	0.122438	-0.427967	0.895463	-5.09994	-4.95416	88.8656	
0.990905	0.0635038	-0.118633	-0.00340073	0.89317	0.449706	0.134517	-0.445213	0.885263	-4.9797	-5.36277	89.6988	
0.989207	0.0689874	-0.129268	-0.000585512	0.88408	0.467335	0.146523	-0.462215	0.874579	-4.84818	-5.7874	90.5224	
0.987364	0.074675	-0.13977	0.00246943	0.874652	0.484744	0.158449	-0.478964	0.863416	-4.70547	-6.22782	91.3357	
