1	0	0	0	1	0	0	0	1	0	0	0	
1	8.33497e-08	3.96865e-05	8.33497e-08	0.999991	-0.00420039	-3.96865e-05	0.00420039	0.999991	-2.11662e-05	0.00224021	1.06666	
1	3.38736e-07	8.01952e-05	3.35582e-07	0.999965	-0.00840831	-8.01952e-05	0.00840831	0.999965	-8.51032e-05	0.00896486	2.13331	
1	7.734e-07	0.000121527	7.60761e-07	0.99992	-0.0126236	-0.000121527	0.0126236	0.99992	-0.000192688	0.0201819	3.19992	
1	1.39461e-06	0.000163681	1.36295e-06	0.999858	-0.0168459	-0.000163682	0.0168459	0.999858	-0.0003448	0.035899	4.26647	
1	2.20965e-06	0.00020666	2.14624e-06	0.999778	-0.0210752	-0.00020666	0.0210752	0.999778	-0.000542316	0.0561236	5.33294	
1	3.22584e-06	0.000250462	3.11468e-06	0.99968	-0.0253112	-0.000250464	0.0253112	0.99968	-0.000786116	0.080863	6.39932	
1	4.45052e-06	0.000295089	4.27237e-06	0.999563	-0.0295536	-0.000295091	0.0295536	0.999563	-0.00107708	0.110124	7.46558	
1	5.89104e-06	0.000340539	5.62337e-06	0.999429	-0.0338024	-0.000340544	0.0338024	0.999428	-0.00141608	0.143914	8.53171	
1	7.55476e-06	0.000386814	7.17177e-06	0.999276	-0.0380572	-0.000386822	0.0380572	0.999275	-0.00180401	0.182239	9.59769	
1	9.44908e-06	0.000433913	8.92164e-06	0.999104	-0.0423178	-0.000433924	0.0423178	0.999104	-0.00224175	0.225106	10.6635	
1	1.15814e-05	0.000481836	1.08771e-05	0.998914	-0.0465841	-0.000481852	0.0465841	0.998914	-0.00273016	0.272521	11.7291	
1	1.39591e-05	0.000530582	1.30421e-05	0.998706	-0.0508558	-0.000530605	0.0508558	0.998706	-0.00327014	0.324489	12.7945	
1	1.65897e-05	0.00058015	1.54208e-05	0.998479	-0.0551327	-0.000580183	0.0551327	0.998479	-0.00386256	0.381016	13.8597	
1	1.94805e-05	0.000630541	1.80173e-05	0.998233	-0.0594147	-0.000630585	0.0594147	0.998233	-0.0045083	0.442108	14.9246	
1	2.2639e-05	0.000681754	2.08356e-05	0.997969	-0.0637014	-0.000681811	0.0637014	0.997969	-0.00520825	0.50777	15.9892	
1	2.60727e-05	0.000733786	2.38798e-05	0.997686	-0.0679927	-0.000733861	0.0679927	0.997686	-0.00596327	0.578007	17.0536	
1	2.9789e-05	0.000786639	2.71538e-05	0.997384	-0.0722884	-0.000786734	0.0722884	0.997383	-0.00677426	0.652824	18.1176	
1	3.37953e-05	0.00084031	3.06619e-05	0.997063	-0.0765882	-0.00084043	0.0765882	0.997062	-0.00764208	0.732225	19.1813	
1	3.80991e-05	0.000894798	3.44078e-05	0.996723	-0.080892	-0.000894948	0.080892	0.996722	-0.00856762	0.816214	20.2447	
1	4.27078e-05	0.000950103	3.83958e-05	0.996364	-0.0851996	-0.000950287	0.0851996	0.996363	-0.00955174	0.904797	21.3077	
0.999999	4.76289e-05	0.00100622	4.26298e-05	0.995986	-0.0895106	-0.00100645	0.0895106	0.995985	-0.0105953	0.997975	22.3702	
0.999999	5.28698e-05	0.00106315	4.71138e-05	0.995589	-0.093825	-0.00106342	0.093825	0.995588	-0.0116993	1.09575	23.4324	
0.999999	5.8438e-05	0.0011209	5.18517e-05	0.995172	-0.0981424	-0.00112122	0.0981424	0.995172	-0.0128644	1.19814	24.4942	
0.999999	6.43408e-05	0.00117945	5.68476e-05	0.994737	-0.102463	-0.00117984	0.102463	0.994736	-0.0140916	1.30513	25.5554	
0.999999	7.05857e-05	0.00123881	6.21054e-05	0.994282	-0.106786	-0.00123927	0.106786	0.994281	-0.0153818	1.41673	26.6163	
0.999999	7.71801e-05	0.00129898	6.7629e-05	0.993808	-0.111111	-0.00129951	0.111111	0.993807	-0.0167359	1.53294	27.6766	
0.999999	8.41313e-05	0.00135995	7.34224e-05	0.993315	-0.115439	-0.00136057	0.115439	0.993314	-0.0181546	1.65377	28.7364	
0.999999	9.14467e-05	0.00142172	7.94895e-05	0.992802	-0.119769	-0.00142244	0.119769	0.992801	-0.0196388	1.77921	29.7956	
0.999999	9.91338e-05	0.00148429	8.58341e-05	0.99227	-0.1241	-0.00148512	0.1241	0.992269	-0.0211895	1.90927	30.8543	
0.999999	0.0001072	0.00154766	9.24601e-05	0.991718	-0.128434	-0.00154861	0.128434	0.991717	-0.0228075	2.04396	31.9125	
0.999999	0.000115652	0.00161182	9.93714e-05	0.991147	-0.132768	-0.00161291	0.132768	0.991146	-0.0244937	2.18327	32.97	
0.999999	0.000124497	0.00167678	0.000106572	0.990557	-0.137104	-0.00167801	0.137104	0.990555	-0.0262488	2.3272	34.0269	
0.999998	0.000133744	0.00174252	0.000114065	0.989947	-0.141441	-0.00174392	0.141441	0.989945	-0.0280739	2.47576	35.0832	
0.999998	0.000143398	0.00180905	0.000121855	0.989317	-0.145779	-0.00181063	0.145779	0.989316	-0.0299696	2.62894	36.1388	
0.999998	0.000153468	0.00187636	0.000129946	0.988668	-0.150117	-0.00187814	0.150117	0.988666	-0.031937	2.78675	37.1937	
0.999998	0.00016396	0.00194446	0.00013834	0.988	-0.154456	-0.00194645	0.154456	0.987998	-0.0339768	2.94919	38.2479	
0.999998	0.000174881	0.00201332	0.000147043	0.987312	-0.158794	-0.00201555	0.158794	0.98731	-0.0360898	3.11626	39.3014	
0.999998	0.000186239	0.00208297	0.000156057	0.986604	-0.163133	-0.00208545	0.163133	0.986602	-0.038277	3.28795	40.3542	
0.999998	0.000198041	0.00215338	0.000165386	0.985877	-0.167472	-0.00215613	0.167472	0.985875	-0.0405392	3.46428	41.4062	
0.999998	0.000210294	0.00222456	0.000175034	0.98513	-0.17181	-0.00222761	0.17181	0.985128	-0.0428772	3.64523	42.4574	
0.999997	0.000223004	0.0022965	0.000185005	0.984364	-0.176147	-0.00229988	0.176147	0.984361	-0.0452919	3.8308	43.5078	
0.999997	0.00023618	0.00236921	0.000195302	0.983578	-0.180483	-0.00237293	0.180483	0.983575	-0.047784	4.02101	44.5573	
0.999997	0.000249826	0.00244266	0.000205928	0.982773	-0.184819	-0.00244676	0.184819	0.98277	-0.0503545	4.21583	45.6061	
0.999997	0.000263952	0.00251687	0.000216887	0.981948	-0.189153	-0.00252137	0.189153	0.981944	-0.0530042	4.41529	46.6539	
0.999997	0.000278562	0.00259183	0.000228183	0.981103	-0.193485	-0.00259675	0.193485	0.9811	-0.0557339	4.61936	47.7009	
0.999996	0.000293665	0.00266753	0.000239819	0.980239	-0.197816	-0.00267291	0.197816	0.980236	-0.0585444	4.82805	48.7469	
0.999996	0.000309267	0.00274397	0.000251799	0.979356	-0.202145	-0.00274984	0.202145	0.979352	-0.0614365	5.04137	49.792	
0.999996	0.000325374	0.00282115	0.000264125	0.978453	-0.206472	-0.00282754	0.206472	0.978448	-0.0644111	5.2593	50.8362	
0.999996	0.000341994	0.00289905	0.000276801	0.97753	-0.210796	-0.002906	0.210796	0.977526	-0.067469	5.48184	51.8794	
0.999996	0.000359132	0.00297768	0.000289831	0.976588	-0.215118	-0.00298523	0.215118	0.976583	-0.070611	5.70899	52.9216	
0.999995	0.000376796	0.00305704	0.000303218	0.975626	-0.219438	-0.00306521	0.219437	0.975622	-0.0738379	5.94076	53.9627	
0.999995	0.000394992	0.00313711	0.000316964	0.974646	-0.223754	-0.00314595	0.223754	0.974641	-0.0771505	6.17713	55.0029	
0.999995	0.000413725	0.00321789	0.000331074	0.973645	-0.228067	-0.00322744	0.228067	0.97364	-0.0805497	6.4181	56.042	
0.999994	0.000433004	0.00329938	0.00034555	0.972626	-0.232377	-0.00330968	0.232377	0.97262	-0.0840361	6.66367	57.08	
0.999994	0.000452833	0.00338157	0.000360396	0.971587	-0.236683	-0.00339266	0.236683	0.971581	-0.0876107	6.91383	58.1169	
0.999994	0.00047322	0.00346445	0.000375613	0.970529	-0.240986	-0.00347639	0.240986	0.970522	-0.0912742	7.16859	59.1527	
0.999994	0.000494169	0.00354803	0.000391207	0.969451	-0.245285	-0.00356086	0.245284	0.969445	-0.0950274	7.42794	60.1873	
0.999993	0.000515688	0.0036323	0.000407179	0.968354	-0.249579	-0.00364605	0.249579	0.968348	-0.0988711	7.69186	61.2208	
0.999993	0.000537783	0.00371724	0.000423532	0.967238	-0.253869	-0.00373199	0.253869	0.967231	-0.102806	7.96037	62.2531	
0.999993	0.000560459	0.00380286	0.00044027	0.966103	-0.258155	-0.00381864	0.258155	0.966096	-0.106833	8.23345	63.2842	
0.999992	0.000583722	0.00388915	0.000457395	0.964949	-0.262436	-0.00390603	0.262436	0.964942	-0.110953	8.5111	64.3141	
0.999992	0.000607578	0.00397611	0.00047491	0.963776	-0.266712	-0.00399413	0.266712	0.963768	-0.115166	8.79331	65.3428	
0.999992	0.000632033	0.00406372	0.000492817	0.962584	-0.270983	-0.00408294	0.270982	0.962576	-0.119474	9.08008	66.3702	
0.999991	0.000657093	0.00415199	0.00051112	0.961373	-0.275248	-0.00417247	0.275248	0.961364	-0.123877	9.3714	67.3963	
0.999991	0.000682762	0.0042409	0.000529822	0.960143	-0.279508	-0.00426271	0.279508	0.960134	-0.128376	9.66727	68.4211	
0.99999	0.000709048	0.00433045	0.000548923	0.958894	-0.283763	-0.00435364	0.283762	0.958885	-0.132971	9.96769	69.4445	
0.999999	-0.000214022	0.00122474	0.000555398	0.958219	-0.286034	-0.00111236	0.286034	0.958219	-0.135886	10.2716	70.467	
0.999768	-0.00654586	-0.0205438	0.000698859	0.96214	-0.272555	0.0215501	0.272478	0.961921	-0.124986	10.5695	71.4911	
0.999022	-0.0125681	-0.0423886	0.00116037	0.965869	-0.25903	0.0441973	0.258728	0.964939	-0.0899182	10.8528	72.5189	
0.997764	-0.0182765	-0.064294	0.00193959	0.969403	-0.245467	0.0668131	0.244793	0.96727	-0.0307092	11.1214	73.5494	
0.995993	-0.023667	-0.0862445	0.00303598	0.972741	-0.231876	0.0893813	0.230685	0.968914	0.0525994	11.375	74.5821	
0.993711	-0.0287358	-0.108224	0.00444876	0.975879	-0.218267	0.111886	0.216413	0.96987	0.159948	11.6134	75.6162	
0.99092	-0.0334791	-0.130218	0.00617691	0.978816	-0.20465	0.134311	0.201987	0.970135	0.291261	11.8366	76.6509	
0.987621	-0.0378938	-0.15221	0.00821922	0.981549	-0.191033	0.156641	0.187417	0.96971	0.446445	12.0443	77.6856	
0.983818	-0.0419766	-0.174185	0.0105742	0.984077	-0.177427	0.178859	0.172714	0.968597	0.625389	12.2364	78.7194	
0.979512	-0.0457247	-0.196126	0.0132402	0.986398	-0.163842	0.20095	0.157888	0.966794	0.827965	12.4127	79.7517	
0.974707	-0.0491353	-0.218019	0.0162154	0.988509	-0.150287	0.222898	0.14295	0.964304	1.05403	12.5732	80.7817	
0.969406	-0.052206	-0.239848	0.0194976	0.990411	-0.136772	0.244688	0.127911	0.961128	1.30343	12.7176	81.8086	
0.963613	-0.0549347	-0.261596	0.0230844	0.9921	-0.123306	0.266304	0.11278	0.957269	1.57597	12.846	82.8318	
0.957332	-0.0573194	-0.28325	0.0269734	0.993577	-0.109899	0.28773	0.0975691	0.952729	1.87147	12.9582	83.8505	
0.950567	-0.0593585	-0.304793	0.0311617	0.994839	-0.09656	0.308952	0.0822889	0.947511	2.18972	13.0541	84.8641	
0.943324	-0.0610504	-0.32621	0.0356465	0.995887	-0.0832995	0.329954	0.0669501	0.94162	2.53049	13.1337	85.8717	
0.935607	-0.062394	-0.347486	0.0404244	0.996719	-0.0701263	0.350721	0.0515638	0.935059	2.89354	13.1969	86.8726	
0.927422	-0.0633883	-0.368605	0.0454921	0.997334	-0.0570499	0.371239	0.0361407	0.927834	3.27861	13.2437	87.8662	
0.918775	-0.0640326	-0.389554	0.050846	0.997733	-0.0440796	0.391493	0.020692	0.919948	3.68542	13.274	88.8518	
0.909672	-0.0643265	-0.410316	0.0564823	0.997915	-0.0312246	0.411469	0.00522857	0.911409	4.11369	13.2878	89.8285	
0.900119	-0.0642697	-0.430877	0.062397	0.99788	-0.018494	0.431152	-0.0102386	0.902221	4.56312	13.2852	90.7959	
0.890124	-0.0638622	-0.451222	0.0685859	0.997628	-0.00589693	0.450528	-0.0256985	0.892392	5.03338	13.266	91.753	
0.879692	-0.0631045	-0.471338	0.0750445	0.997159	0.00655772	0.469585	-0.0411401	0.881928	5.52413	13.2304	92.6994	
0.868833	-0.061997	-0.491209	0.0817683	0.996473	0.0188611	0.488307	-0.0565524	0.870838	6.03504	13.1782	93.6343	
0.857553	-0.0605404	-0.510821	0.0887526	0.995571	0.0310044	0.506682	-0.0719246	0.859128	6.56573	13.1097	94.557	
0.84586	-0.0587359	-0.530161	0.0959922	0.994454	0.042979	0.524697	-0.0872456	0.846807	7.11583	13.0248	95.4669	
0.833763	-0.0565847	-0.549215	0.103482	0.993122	0.0547764	0.542338	-0.102505	0.833884	7.68495	12.9236	96.3633	
0.82127	-0.0540884	-0.56797	0.111217	0.991576	0.0663883	0.559594	-0.117691	0.820368	8.27268	12.8062	97.2456	
0.808391	-0.0512486	-0.586411	0.119191	0.989818	0.0778063	0.576452	-0.132793	0.806268	8.87861	12.6726	98.1132	
0.795134	-0.0480676	-0.604526	0.1274	0.987848	0.0890223	0.592901	-0.147801	0.791596	9.5023	12.5229	98.9654	
0.781509	-0.0445474	-0.622302	0.135836	0.985669	0.100028	0.608927	-0.162704	0.77636	10.1433	12.3573	99.8017	
0.767525	-0.0406906	-0.639726	0.144494	0.983281	0.110817	0.624521	-0.177491	0.760573	10.8012	12.1759	100.621	
0.753193	-0.0365	-0.656786	0.153368	0.980686	0.12138	0.63967	-0.192152	0.744244	11.4755	11.9787	101.424	
