1	0	0	0	1	0	0	0	1	0	0	0	
0.999995	-4.60526e-06	-0.00313279	-4.60526e-06	0.999996	-0.00294003	0.00313279	0.00294003	0.999991	0.0012721	0.00119383	0.812119	
0.99998	-1.84214e-05	-0.00626471	-1.84317e-05	0.999983	-0.00588254	0.00626471	0.00588254	0.999963	0.00508806	0.00477633	1.62422	
0.999956	-4.14511e-05	-0.00939569	-4.14924e-05	0.999961	-0.00882746	0.00939569	0.00882746	0.999917	0.0114471	0.0107495	2.4363	
0.999922	-7.3697e-05	-0.0125257	-7.38001e-05	0.999931	-0.0117747	0.0125257	0.0117747	0.999852	0.0203486	0.0191152	3.24832	
0.999877	-0.000115161	-0.0156546	-0.000115367	0.999892	-0.0147242	0.0156545	0.0147243	0.999769	0.0317915	0.0298754	4.06029	
0.999824	-0.000165845	-0.0187823	-0.000166206	0.999844	-0.017676	0.0187823	0.017676	0.999667	0.0457749	0.0430319	4.87219	
0.99976	-0.00022575	-0.0219088	-0.000226327	0.999787	-0.0206299	0.0219088	0.0206299	0.999547	0.062298	0.0585864	5.68399	
0.999687	-0.000294877	-0.0250339	-0.000295743	0.999722	-0.0235858	0.0250339	0.0235858	0.999408	0.0813596	0.0765407	6.49569	
0.999603	-0.000373226	-0.0281577	-0.000374465	0.999648	-0.0265437	0.0281577	0.0265437	0.999251	0.102959	0.0968964	7.30727	
0.999511	-0.000460799	-0.0312801	-0.000462502	0.999565	-0.0295036	0.03128	0.0295036	0.999075	0.127094	0.119655	8.11871	
0.999408	-0.000557594	-0.0344009	-0.000559866	0.999473	-0.0324653	0.0344008	0.0324653	0.998881	0.153764	0.144818	8.93	
0.999296	-0.000663612	-0.0375201	-0.000666565	0.999372	-0.0354288	0.03752	0.0354289	0.998668	0.182969	0.172387	9.74113	
0.999174	-0.000778851	-0.0406376	-0.000782611	0.999262	-0.038394	0.0406375	0.0383941	0.998436	0.214705	0.202364	10.5521	
0.999042	-0.00090331	-0.0437534	-0.000908011	0.999144	-0.0413609	0.0437533	0.041361	0.998186	0.248973	0.23475	11.3628	
0.998901	-0.00103699	-0.0468673	-0.00104277	0.999016	-0.0443293	0.0468672	0.0443295	0.997917	0.285771	0.269545	12.1734	
0.99875	-0.00117988	-0.0499793	-0.00118691	0.99888	-0.0472993	0.0499792	0.0472995	0.99763	0.325096	0.306752	12.9837	
0.998589	-0.00133199	-0.0530894	-0.00134043	0.998735	-0.0502707	0.0530892	0.0502709	0.997324	0.366948	0.346372	13.7938	
0.998419	-0.00149331	-0.0561974	-0.00150333	0.99858	-0.0532435	0.0561972	0.0532437	0.996999	0.411325	0.388405	14.6036	
0.998239	-0.00166384	-0.0593034	-0.00167563	0.998417	-0.0562175	0.059303	0.0562179	0.996656	0.458225	0.432853	15.4131	
0.998049	-0.00184358	-0.0624071	-0.00185733	0.998245	-0.0591928	0.0624067	0.0591932	0.996294	0.507647	0.479717	16.2224	
0.99785	-0.00203252	-0.0655085	-0.00204844	0.998064	-0.0621693	0.065508	0.0621698	0.995913	0.559588	0.528998	17.0313	
0.997641	-0.00223065	-0.0686077	-0.00224896	0.997873	-0.0651468	0.0686071	0.0651474	0.995514	0.614047	0.580696	17.84	
0.997423	-0.00243798	-0.0717044	-0.00245891	0.997674	-0.0681253	0.0717037	0.0681261	0.995097	0.671022	0.634814	18.6483	
0.997195	-0.0026545	-0.0747986	-0.00267828	0.997465	-0.0711048	0.0747978	0.0711057	0.99466	0.730511	0.69135	19.4562	
0.996958	-0.0028802	-0.0778904	-0.00290709	0.997248	-0.0740852	0.0778894	0.0740862	0.994205	0.792511	0.750307	20.2639	
0.996711	-0.00311508	-0.0809794	-0.00314533	0.997021	-0.0770663	0.0809783	0.0770676	0.993732	0.857021	0.811685	21.0711	
0.996455	-0.00335913	-0.0840658	-0.00339302	0.996785	-0.0800482	0.0840645	0.0800497	0.99324	0.924038	0.875484	21.8779	
0.996189	-0.00361235	-0.0871495	-0.00365015	0.99654	-0.0830308	0.0871479	0.0830325	0.992729	0.993561	0.941705	22.6843	
0.995913	-0.00387473	-0.0902302	-0.00391672	0.996286	-0.0860139	0.0902284	0.0860158	0.9922	1.06559	1.01035	23.4903	
0.995629	-0.00414626	-0.0933081	-0.00419276	0.996023	-0.0889976	0.0933061	0.0889998	0.991652	1.14011	1.08142	24.2959	
0.995334	-0.00442694	-0.0963831	-0.00447824	0.995751	-0.0919817	0.0963807	0.0919842	0.991085	1.21714	1.15491	25.101	
0.995031	-0.00471676	-0.0994549	-0.00477319	0.995469	-0.0949662	0.0994522	0.094969	0.9905	1.29666	1.23082	25.9057	
0.994718	-0.00501571	-0.102524	-0.0050776	0.995178	-0.097951	0.102521	0.0979542	0.989896	1.37867	1.30916	26.7098	
0.994396	-0.00532378	-0.105589	-0.00539147	0.994878	-0.100936	0.105586	0.10094	0.989274	1.46317	1.38992	27.5135	
0.994064	-0.00564096	-0.108652	-0.0057148	0.994569	-0.103921	0.108648	0.103925	0.988633	1.55017	1.47311	28.3166	
0.993723	-0.00596725	-0.111711	-0.00604761	0.994251	-0.106907	0.111706	0.106911	0.987974	1.63964	1.55872	29.1193	
0.993373	-0.00630264	-0.114766	-0.00638988	0.993923	-0.109892	0.114761	0.109897	0.987296	1.7316	1.64676	29.9213	
0.993013	-0.00664711	-0.117818	-0.00674161	0.993586	-0.112877	0.117813	0.112883	0.986599	1.82604	1.73722	30.7229	
0.992644	-0.00700066	-0.120867	-0.00710282	0.99324	-0.115862	0.120861	0.115868	0.985884	1.92296	1.83011	31.5238	
0.992266	-0.00736328	-0.123912	-0.00747349	0.992884	-0.118847	0.123905	0.118854	0.98515	2.02235	1.92542	32.3242	
0.991879	-0.00773495	-0.126953	-0.00785363	0.99252	-0.121832	0.126946	0.121839	0.984398	2.12421	2.02316	33.1239	
0.991482	-0.00811567	-0.129991	-0.00824324	0.992146	-0.124816	0.129983	0.124824	0.983628	2.22854	2.12332	33.9231	
0.991076	-0.00850542	-0.133025	-0.00864232	0.991762	-0.1278	0.133016	0.127809	0.982839	2.33533	2.2259	34.7216	
0.990661	-0.0089042	-0.136055	-0.00905085	0.99137	-0.130783	0.136045	0.130794	0.982031	2.44459	2.33091	35.5194	
0.990237	-0.00931198	-0.13908	-0.00946885	0.990968	-0.133766	0.13907	0.133777	0.981205	2.5563	2.43834	36.3166	
0.989804	-0.00972877	-0.142102	-0.00989631	0.990556	-0.136749	0.142091	0.136761	0.980361	2.67047	2.5482	37.1131	
0.989362	-0.0101545	-0.14512	-0.0103332	0.990136	-0.13973	0.145108	0.139743	0.979498	2.78709	2.66048	37.909	
0.988911	-0.0105893	-0.148134	-0.0107796	0.989706	-0.142711	0.14812	0.142725	0.978616	2.90616	2.77518	38.7041	
0.98845	-0.011033	-0.151144	-0.0112354	0.989266	-0.145691	0.151129	0.145706	0.977717	3.02767	2.8923	39.4985	
0.987981	-0.0114857	-0.154149	-0.0117007	0.988818	-0.14867	0.154133	0.148687	0.976799	3.15163	3.01184	40.2921	
0.987503	-0.0119472	-0.15715	-0.0121754	0.98836	-0.151648	0.157132	0.151666	0.975862	3.27802	3.1338	41.085	
0.987015	-0.0124177	-0.160146	-0.0126596	0.987892	-0.154625	0.160127	0.154645	0.974907	3.40685	3.25818	41.8772	
0.986519	-0.0128972	-0.163138	-0.0131532	0.987415	-0.157601	0.163118	0.157622	0.973934	3.5381	3.38498	42.6685	
0.986014	-0.0133855	-0.166126	-0.0136562	0.986929	-0.160575	0.166104	0.160598	0.972943	3.67179	3.5142	43.4591	
0.9855	-0.0138826	-0.169108	-0.0141686	0.986433	-0.163549	0.169085	0.163573	0.971933	3.80789	3.64583	44.2488	
0.985479	-0.0139029	-0.169228	-0.0147711	0.985845	-0.16701	0.169154	0.167085	0.971324	3.94524	3.7801	45.0379	
0.985458	-0.0139237	-0.169347	-0.0153756	0.985241	-0.170479	0.169221	0.170604	0.9707	4.08264	3.91722	45.8265	
0.985437	-0.0139448	-0.169466	-0.015982	0.984624	-0.173956	0.169286	0.174132	0.970062	4.2201	4.0572	46.6145	
0.985417	-0.0139664	-0.169585	-0.0165904	0.983992	-0.17744	0.169349	0.177666	0.96941	4.3576	4.20005	47.4021	
0.985396	-0.0139885	-0.169704	-0.0172005	0.983345	-0.180931	0.169409	0.181208	0.968744	4.49516	4.34578	48.1891	
0.985375	-0.014011	-0.169823	-0.0178124	0.982685	-0.184428	0.169467	0.184756	0.968063	4.63276	4.49438	48.9755	
0.985354	-0.0140339	-0.169942	-0.018426	0.982009	-0.187932	0.169522	0.188311	0.967368	4.77041	4.64587	49.7614	
0.985333	-0.0140573	-0.170061	-0.0190412	0.981319	-0.191441	0.169576	0.191871	0.966659	4.90811	4.80025	50.5468	
0.985312	-0.0140812	-0.170181	-0.019658	0.980615	-0.194955	0.169627	0.195437	0.965935	5.04584	4.95752	51.3315	
0.985291	-0.0141055	-0.1703	-0.0202762	0.979896	-0.198473	0.169676	0.199007	0.965198	5.18362	5.11769	52.1157	
0.98527	-0.0141303	-0.170419	-0.0208959	0.979163	-0.201997	0.169722	0.202583	0.964445	5.32144	5.28076	52.8992	
0.985249	-0.0141555	-0.170538	-0.021517	0.978415	-0.205524	0.169766	0.206162	0.963679	5.45929	5.44673	53.6822	
0.985228	-0.0141812	-0.170657	-0.0221394	0.977653	-0.209055	0.169808	0.209745	0.962898	5.59718	5.61562	54.4645	
0.985207	-0.0142074	-0.170776	-0.022763	0.976876	-0.212589	0.169847	0.213332	0.962103	5.7351	5.78741	55.2461	
0.985186	-0.014234	-0.170895	-0.0233877	0.976085	-0.216127	0.169884	0.216922	0.961293	5.87305	5.96212	56.0272	
0.985165	-0.0142611	-0.171014	-0.0240136	0.97528	-0.219666	0.169919	0.220514	0.960469	6.01103	6.13975	56.8075	
0.985144	-0.0142886	-0.171133	-0.0246405	0.974459	-0.223208	0.169951	0.224109	0.959631	6.14904	6.32029	57.5872	
0.985123	-0.0143166	-0.171252	-0.0252684	0.973625	-0.226751	0.169981	0.227705	0.958779	6.28707	6.50375	58.3662	
0.985102	-0.0143451	-0.17137	-0.0258972	0.972776	-0.230296	0.170009	0.231303	0.957912	6.42513	6.69014	59.1445	
0.985081	-0.014374	-0.171489	-0.0265268	0.971913	-0.233842	0.170034	0.234902	0.957032	6.56321	6.87945	59.9221	
0.98506	-0.0144034	-0.171608	-0.0271572	0.971035	-0.237388	0.170056	0.238502	0.956137	6.7013	7.07168	60.6989	
0.985039	-0.0144332	-0.171726	-0.0277883	0.970144	-0.240934	0.170077	0.242102	0.955228	6.83942	7.26683	61.4751	
0.985018	-0.0144635	-0.171845	-0.02842	0.969238	-0.24448	0.170095	0.245701	0.954305	6.97755	7.46491	62.2504	
0.984997	-0.0144942	-0.171963	-0.0290523	0.968318	-0.248026	0.17011	0.249301	0.953369	7.11569	7.66591	63.0251	
0.984976	-0.0145253	-0.172081	-0.0296851	0.967384	-0.251571	0.170123	0.252899	0.952418	7.25385	7.86984	63.7989	
0.984955	-0.0145569	-0.1722	-0.0303183	0.966436	-0.255114	0.170133	0.256496	0.951454	7.39201	8.07668	64.572	
0.984933	-0.0145889	-0.172317	-0.0309519	0.965474	-0.258655	0.170141	0.260092	0.950476	7.53019	8.28645	65.3443	
0.984912	-0.0146214	-0.172435	-0.0315858	0.964498	-0.262195	0.170147	0.263685	0.949484	7.66836	8.49913	66.1158	
0.984891	-0.0146542	-0.172553	-0.0322199	0.963509	-0.265731	0.17015	0.267276	0.948479	7.80654	8.71474	66.8865	
0.98487	-0.0146875	-0.17267	-0.0328542	0.962505	-0.269265	0.17015	0.270864	0.94746	7.94473	8.93325	67.6564	
0.984849	-0.0147212	-0.172787	-0.0334886	0.961489	-0.272796	0.170148	0.274449	0.946429	8.08291	9.15468	68.4254	
0.984828	-0.0147553	-0.172903	-0.0341231	0.960459	-0.276323	0.170144	0.278031	0.945384	8.22109	9.37903	69.1936	
0.984807	-0.0147898	-0.17302	-0.0347575	0.959416	-0.279846	0.170137	0.281608	0.944325	8.35926	9.60627	69.9609	
0.987985	-0.0091623	-0.154276	-0.0354583	0.958175	-0.283979	0.150426	0.286038	0.946337	8.48944	9.83678	70.7287	
0.990772	-0.00344818	-0.135497	-0.0360728	0.956914	-0.288121	0.130653	0.290349	0.947959	8.60358	10.0708	71.4979	
0.993166	0.00235024	-0.116689	-0.0366007	0.955636	-0.292268	0.110826	0.294541	0.949191	8.70163	10.3083	72.2683	
0.995166	0.00823058	-0.097861	-0.0370418	0.954339	-0.29642	0.0909529	0.298612	0.950031	8.78357	10.5492	73.0395	
0.996772	0.0141904	-0.07902	-0.0373959	0.953025	-0.300575	0.0710427	0.30256	0.950479	8.84935	10.7933	73.8113	
0.997983	0.0202273	-0.0601739	-0.037663	0.951694	-0.304731	0.0511033	0.306382	0.950536	8.89895	11.0406	74.5832	
0.998798	0.0263387	-0.0413306	-0.0378428	0.950346	-0.308886	0.0311428	0.310079	0.950201	8.93235	11.2909	75.3551	
0.999218	0.0325221	-0.0224979	-0.0379353	0.948982	-0.313039	0.0111694	0.313648	0.949474	8.94953	11.5442	76.1265	
0.999241	0.038775	-0.0036834	-0.0379404	0.947603	-0.317188	-0.00880856	0.317087	0.948356	8.95049	11.8003	76.8971	
0.998869	0.0450948	0.015105	-0.0378582	0.94621	-0.321331	-0.0287829	0.320396	0.946846	8.93523	12.0592	77.6667	
0.9981	0.0514789	0.0338597	-0.0376888	0.944802	-0.325467	-0.0487453	0.323572	0.944947	8.90374	12.3207	78.4349	
