1	0	0	0	1	0	0	0	1	0	0	0	
1	7.16582e-08	0.00075375	7.16582e-08	1	-0.000190138	-0.00075375	0.000190138	1	-0.000398003	0.000100399	1.05606	
0.999999	2.87307e-07	0.00150962	2.87044e-07	1	-0.000380461	-0.00150962	0.000380461	0.999999	-0.00159313	0.000401692	2.11212	
0.999997	6.47869e-07	0.00226756	6.46814e-07	1	-0.000570957	-0.00226756	0.000570957	0.999997	-0.00358759	0.00090407	3.16818	
0.999995	1.15423e-06	0.00302754	1.15159e-06	1	-0.000761614	-0.00302754	0.000761614	0.999995	-0.00638357	0.00160771	4.22424	
0.999993	1.80726e-06	0.00378952	1.80196e-06	1	-0.000952419	-0.00378952	0.000952419	0.999992	-0.00998318	0.00251277	5.28029	
0.99999	2.60778e-06	0.00455344	2.59848e-06	0.999999	-0.00114336	-0.00455344	0.00114336	0.999989	-0.0143885	0.00361941	6.33634	
0.999986	3.55658e-06	0.00531928	3.54166e-06	0.999999	-0.00133443	-0.00531928	0.00133443	0.999985	-0.0196016	0.00492775	7.39239	
0.999981	4.65444e-06	0.00608698	4.63199e-06	0.999999	-0.00152561	-0.00608698	0.00152561	0.99998	-0.0256245	0.00643794	8.44843	
0.999976	5.90206e-06	0.00685652	5.86993e-06	0.999999	-0.00171688	-0.00685652	0.00171688	0.999975	-0.032459	0.00815007	9.50447	
0.999971	7.30017e-06	0.00762784	7.25588e-06	0.999998	-0.00190825	-0.00762784	0.00190825	0.999969	-0.0401072	0.0100643	10.5605	
0.999965	8.84942e-06	0.0084009	8.79022e-06	0.999998	-0.00209969	-0.0084009	0.00209969	0.999963	-0.0485709	0.0121806	11.6165	
0.999958	1.05504e-05	0.00917566	1.04733e-05	0.999997	-0.0022912	-0.00917566	0.0022912	0.999955	-0.0578518	0.0144991	12.6725	
0.99995	1.24038e-05	0.00995208	1.23054e-05	0.999997	-0.00248276	-0.00995208	0.00248276	0.999947	-0.0679518	0.0170199	13.7285	
0.999942	1.44101e-05	0.0107301	1.42869e-05	0.999996	-0.00267436	-0.0107301	0.00267436	0.999939	-0.0788727	0.019743	14.7845	
0.999934	1.65699e-05	0.0115097	1.64179e-05	0.999996	-0.00286599	-0.0115097	0.00286599	0.99993	-0.090616	0.0226685	15.8405	
0.999924	1.88837e-05	0.0122909	1.86987e-05	0.999995	-0.00305763	-0.0122909	0.00305763	0.99992	-0.103183	0.0257963	16.8965	
0.999915	2.13519e-05	0.0130735	2.11295e-05	0.999995	-0.00324928	-0.0130735	0.00324928	0.999909	-0.116577	0.0291266	17.9525	
0.999904	2.3975e-05	0.0138576	2.37103e-05	0.999994	-0.00344092	-0.0138576	0.00344092	0.999898	-0.130797	0.0326592	19.0085	
0.999893	2.67533e-05	0.014643	2.64413e-05	0.999993	-0.00363255	-0.014643	0.00363254	0.999886	-0.145846	0.0363942	20.0644	
0.999881	2.96872e-05	0.0154299	2.93225e-05	0.999993	-0.00382414	-0.0154299	0.00382414	0.999874	-0.161726	0.0403315	21.1203	
0.999868	3.27771e-05	0.016218	3.2354e-05	0.999992	-0.00401569	-0.016218	0.00401569	0.99986	-0.178437	0.0444712	22.1763	
0.999855	3.60233e-05	0.0170075	3.55358e-05	0.999991	-0.00420719	-0.0170075	0.00420719	0.999847	-0.195981	0.0488131	23.2322	
0.999842	3.9426e-05	0.0177981	3.88678e-05	0.99999	-0.00439862	-0.0177981	0.00439862	0.999832	-0.214359	0.0533573	24.288	
0.999827	4.29854e-05	0.01859	4.235e-05	0.999989	-0.00458998	-0.01859	0.00458997	0.999817	-0.233573	0.0581035	25.3439	
0.999812	4.67017e-05	0.019383	4.59822e-05	0.999989	-0.00478125	-0.019383	0.00478124	0.999801	-0.253624	0.0630518	26.3998	
0.999796	5.05752e-05	0.020177	4.97643e-05	0.999988	-0.00497242	-0.020177	0.00497241	0.999784	-0.274513	0.068202	27.4556	
0.99978	5.46058e-05	0.0209722	5.36961e-05	0.999987	-0.00516348	-0.0209722	0.00516347	0.999767	-0.296241	0.0735541	28.5114	
0.999763	5.87938e-05	0.0217684	5.77775e-05	0.999986	-0.00535441	-0.0217684	0.0053544	0.999749	-0.318809	0.0791078	29.5673	
0.999745	6.31391e-05	0.0225655	6.20081e-05	0.999985	-0.00554522	-0.0225655	0.0055452	0.99973	-0.342219	0.0848631	30.623	
0.999727	6.76419e-05	0.0233635	6.63877e-05	0.999984	-0.00573587	-0.0233635	0.00573586	0.999711	-0.366471	0.0908199	31.6788	
0.999708	7.2302e-05	0.0241625	7.0916e-05	0.999982	-0.00592638	-0.0241625	0.00592636	0.99969	-0.391566	0.0969779	32.7345	
0.999688	7.71194e-05	0.0249623	7.55926e-05	0.999981	-0.00611671	-0.0249623	0.00611669	0.99967	-0.417505	0.103337	33.7903	
0.999668	8.20941e-05	0.0257628	8.04171e-05	0.99998	-0.00630687	-0.0257628	0.00630685	0.999648	-0.44429	0.109897	34.846	
0.999647	8.72259e-05	0.0265642	8.53892e-05	0.999979	-0.00649684	-0.0265642	0.00649682	0.999626	-0.47192	0.116658	35.9016	
0.999625	9.25147e-05	0.0273662	9.05083e-05	0.999978	-0.00668661	-0.0273662	0.00668658	0.999603	-0.500397	0.123619	36.9573	
0.999603	9.79603e-05	0.0281689	9.5774e-05	0.999976	-0.00687617	-0.0281689	0.00687614	0.99958	-0.529721	0.13078	38.0129	
0.99958	0.000103562	0.0289722	0.000101186	0.999975	-0.0070655	-0.0289722	0.00706547	0.999555	-0.559893	0.138142	39.0685	
0.999557	0.000109321	0.0297761	0.000106743	0.999974	-0.0072546	-0.0297761	0.00725457	0.99953	-0.590914	0.145703	40.1241	
0.999532	0.000115236	0.0305805	0.000112445	0.999972	-0.00744346	-0.0305805	0.00744342	0.999505	-0.622784	0.153464	41.1797	
0.999507	0.000121306	0.0313854	0.000118292	0.999971	-0.00763207	-0.0313854	0.00763202	0.999478	-0.655504	0.161425	42.2352	
0.999482	0.000127532	0.0321908	0.000124282	0.999969	-0.00782041	-0.0321908	0.00782036	0.999451	-0.689074	0.169584	43.2907	
0.999455	0.000133912	0.0329965	0.000130415	0.999968	-0.00800847	-0.0329966	0.00800842	0.999423	-0.723495	0.177942	44.3461	
0.999429	0.000140447	0.0338027	0.000136691	0.999966	-0.00819625	-0.0338027	0.00819619	0.999395	-0.758767	0.186499	45.4016	
0.999401	0.000147137	0.0346091	0.000143108	0.999965	-0.00838374	-0.0346091	0.00838367	0.999366	-0.794891	0.195253	46.457	
0.999373	0.00015398	0.0354158	0.000149665	0.999963	-0.00857091	-0.0354158	0.00857083	0.999336	-0.831866	0.204206	47.5124	
0.999344	0.000160976	0.0362227	0.000156363	0.999962	-0.00875777	-0.0362227	0.00875768	0.999305	-0.869693	0.213356	48.5677	
0.999314	0.000168124	0.0370298	0.0001632	0.99996	-0.0089443	-0.0370298	0.00894421	0.999274	-0.908373	0.222703	49.623	
0.999284	0.000175425	0.037837	0.000170175	0.999958	-0.00913049	-0.037837	0.00913039	0.999242	-0.947905	0.232247	50.6783	
0.999253	0.000182877	0.0386443	0.000177287	0.999957	-0.00931633	-0.0386443	0.00931622	0.99921	-0.988289	0.241987	51.7335	
0.999221	0.000190479	0.0394517	0.000184536	0.999955	-0.00950182	-0.0394517	0.0095017	0.999176	-1.02953	0.251924	52.7887	
0.999189	0.000198232	0.040259	0.00019192	0.999953	-0.00968693	-0.0402591	0.0096868	0.999142	-1.07162	0.262056	53.8439	
0.999156	0.000206134	0.0410664	0.000199438	0.999951	-0.00987167	-0.0410664	0.00987153	0.999108	-1.11456	0.272383	54.8991	
0.999123	0.000214184	0.0418736	0.00020709	0.999949	-0.010056	-0.0418736	0.0100559	0.999072	-1.15835	0.282905	55.9542	
0.999089	0.000222382	0.0426807	0.000214874	0.999948	-0.01024	-0.0426807	0.0102398	0.999036	-1.203	0.293622	57.0092	
0.999054	0.000230727	0.0434876	0.00022279	0.999946	-0.0104235	-0.0434877	0.0104233	0.999	-1.2485	0.304533	58.0642	
0.999018	0.000239218	0.0442943	0.000230835	0.999944	-0.0106066	-0.0442944	0.0106064	0.998962	-1.29485	0.315637	59.1192	
0.998982	0.000247855	0.0451008	0.00023901	0.999942	-0.0107893	-0.0451008	0.0107891	0.998924	-1.34206	0.326935	60.1742	
0.998946	0.000256635	0.0459069	0.000247313	0.99994	-0.0109716	-0.045907	0.0109714	0.998885	-1.39011	0.338425	61.2291	
0.998908	0.000265559	0.0467127	0.000255742	0.999938	-0.0111534	-0.0467128	0.0111532	0.998846	-1.43902	0.350107	62.2839	
0.99887	0.000274625	0.0475181	0.000264296	0.999936	-0.0113347	-0.0475181	0.0113345	0.998806	-1.48877	0.361982	63.3388	
0.998832	0.000283833	0.048323	0.000272975	0.999934	-0.0115156	-0.0483231	0.0115154	0.998765	-1.53938	0.374047	64.3935	
0.998792	0.000293181	0.0491275	0.000281777	0.999932	-0.011696	-0.0491276	0.0116958	0.998724	-1.59084	0.386303	65.4483	
0.998753	0.000302668	0.0499314	0.0002907	0.999929	-0.011876	-0.0499315	0.0118757	0.998682	-1.64314	0.39875	66.503	
0.998712	0.000312294	0.0507348	0.000299743	0.999927	-0.0120554	-0.0507349	0.0120551	0.998639	-1.6963	0.411386	67.5576	
0.998671	0.000322056	0.0515375	0.000308906	0.999925	-0.0122343	-0.0515376	0.012234	0.998596	-1.7503	0.424211	68.6122	
0.998812	0.0002895	0.0487364	0.000245994	0.99994	-0.0109812	-0.0487367	0.0109801	0.998751	-1.80325	0.436469	69.6669	
0.998944	0.00026046	0.0459347	0.000186577	0.999953	-0.00972746	-0.045935	0.00972576	0.998897	-1.85324	0.447402	70.7217	
0.999069	0.000234937	0.0431324	0.00013066	0.999964	-0.00847314	-0.0431328	0.00847089	0.999033	-1.90027	0.457011	71.7767	
0.999827	0.000146624	0.0186089	-0.000170283	0.999999	0.00126976	-0.0186087	-0.00127271	0.999826	-1.93287	0.460812	72.8322	
0.999982	0.000297384	-0.00592552	-0.000232089	0.999939	0.011017	0.00592844	-0.0110154	0.999922	-1.93957	0.454323	73.8882	
0.999536	0.000687112	-0.0304537	-5.47164e-05	0.999784	0.0207618	0.0304614	-0.0207505	0.999321	-1.92035	0.437549	74.9439	
0.998488	0.00131554	-0.0549586	0.000361712	0.999535	0.0304973	0.0549732	-0.0304711	0.998023	-1.87524	0.4105	75.9986	
0.996839	0.00218222	-0.0794231	0.0010169	0.99919	0.0402168	0.0794466	-0.0401704	0.996029	-1.80426	0.373198	77.0516	
0.99459	0.00328655	-0.10383	0.00191041	0.998752	0.0499134	0.103865	-0.0498417	0.993342	-1.70746	0.325666	78.1021	
0.991742	0.00462777	-0.128163	0.00304159	0.998219	0.0595805	0.12821	-0.0594783	0.989962	-1.58491	0.267938	79.1494	
0.988299	0.00620494	-0.152404	0.00440968	0.997592	0.0692113	0.152467	-0.0690735	0.985892	-1.43669	0.200055	80.1928	
0.984261	0.00801696	-0.176537	0.00601371	0.996872	0.078799	0.176617	-0.0786205	0.981135	-1.26292	0.122063	81.2315	
0.979633	0.0100626	-0.200545	0.00785256	0.99606	0.0883371	0.200644	-0.0881127	0.975694	-1.0637	0.0340181	82.2648	
0.974416	0.0123403	-0.224411	0.00992496	0.995155	0.0978187	0.224531	-0.0975435	0.969573	-0.839181	-0.0640197	83.292	
0.968616	0.0148487	-0.248118	0.0122295	0.994158	0.107237	0.248261	-0.106906	0.962776	-0.589518	-0.171982	84.3124	
0.962235	0.0175858	-0.271651	0.0147644	0.993071	0.116587	0.271819	-0.116195	0.955308	-0.314884	-0.289792	85.3253	
0.955279	0.0205499	-0.294992	0.0175282	0.991893	0.12586	0.295187	-0.125402	0.947174	-0.0154709	-0.41737	86.3299	
0.947751	0.0237389	-0.318125	0.0205187	0.990626	0.13505	0.318349	-0.134522	0.93838	0.308514	-0.554626	87.3256	
0.939658	0.0271504	-0.341035	0.0237339	0.989271	0.144152	0.34129	-0.143548	0.928932	0.656843	-0.701463	88.3117	
0.931006	0.0307822	-0.363705	0.0271716	0.987828	0.153159	0.363992	-0.152474	0.918837	1.02927	-0.857781	89.2874	
0.921799	0.0346318	-0.386119	0.0308294	0.986299	0.162064	0.386441	-0.161294	0.908101	1.42555	-1.02347	90.2521	
0.912044	0.0386964	-0.408262	0.0347047	0.984684	0.170861	0.408621	-0.170001	0.896732	1.84539	-1.19841	91.2052	
0.901749	0.0429731	-0.430118	0.0387949	0.982985	0.179544	0.430515	-0.17859	0.884738	2.28851	-1.38249	92.1459	
0.89092	0.0474591	-0.451673	0.043097	0.981202	0.188107	0.45211	-0.187054	0.872128	2.75459	-1.57557	93.0737	
0.879566	0.0521512	-0.472911	0.0476081	0.979338	0.196545	0.47339	-0.195389	0.85891	3.24331	-1.77753	93.9877	
0.867693	0.0570461	-0.493817	0.052325	0.977394	0.204851	0.494339	-0.203586	0.845093	3.75433	-1.98821	94.8876	
0.85531	0.0621405	-0.514376	0.0572445	0.97537	0.213019	0.514944	-0.211642	0.830687	4.28729	-2.20748	95.7725	
0.842426	0.0674307	-0.534575	0.0623631	0.973268	0.221044	0.53519	-0.219551	0.815701	4.84182	-2.43517	96.6419	
0.82905	0.0729131	-0.5544	0.0676773	0.97109	0.22892	0.555063	-0.227306	0.800148	5.41754	-2.67114	97.4951	
0.815191	0.0785838	-0.573836	0.0731833	0.968837	0.236641	0.574549	-0.234903	0.784037	6.01405	-2.91521	98.3317	
0.800859	0.0844389	-0.59287	0.0788773	0.966511	0.244203	0.593635	-0.242336	0.767379	6.63092	-3.16723	99.1509	
0.786064	0.0904744	-0.611488	0.0847553	0.964113	0.2516	0.612307	-0.249601	0.750186	7.26773	-3.427	99.9523	
0.770816	0.0966859	-0.629679	0.0908133	0.961645	0.258827	0.630552	-0.256691	0.732471	7.92404	-3.69435	100.735	
0.755125	0.103069	-0.647428	0.097047	0.959109	0.265879	0.648358	-0.263603	0.714245	8.59938	-3.9691	101.499	
