1	0	0	0	1	0	0	0	1	0	0	0	
0.999999	-4.47791e-06	-0.00159482	-4.47791e-06	0.999984	-0.00561551	0.00159482	0.00561551	0.999983	0.000828022	0.00291553	1.03838	
0.999995	-1.7895e-05	-0.00318751	-1.79087e-05	0.999937	-0.0112321	0.00318751	0.0112321	0.999932	0.00331098	0.0116627	2.07672	
0.999989	-4.02294e-05	-0.00477801	-4.02843e-05	0.999858	-0.0168496	0.00477801	0.0168496	0.999847	0.00744662	0.0262425	3.11499	
0.99998	-7.14589e-05	-0.00636626	-7.15961e-05	0.999748	-0.0224677	0.00636626	0.0224677	0.999727	0.0132327	0.0466558	4.15316	
0.999968	-0.000111561	-0.0079522	-0.000111835	0.999605	-0.0280864	0.0079522	0.0280864	0.999574	0.0206667	0.0729032	5.19118	
0.999955	-0.000160512	-0.00953578	-0.000160993	0.999432	-0.0337053	0.00953577	0.0337053	0.999386	0.0297463	0.104985	6.22903	
0.999938	-0.00021829	-0.0111169	-0.000219058	0.999226	-0.0393243	0.0111169	0.0393243	0.999165	0.0404691	0.142902	7.26666	
0.999919	-0.00028487	-0.0126956	-0.000286023	0.99899	-0.0449432	0.0126956	0.0449432	0.998909	0.0528324	0.186653	8.30405	
0.999898	-0.000360228	-0.0142718	-0.000361875	0.998721	-0.0505617	0.0142717	0.0505617	0.998619	0.0668336	0.236238	9.34115	
0.999874	-0.00044434	-0.0158453	-0.000446605	0.998421	-0.0561798	0.0158453	0.0561798	0.998295	0.0824702	0.291658	10.3779	
0.999848	-0.000537181	-0.0174163	-0.000540201	0.998089	-0.061797	0.0174162	0.0617971	0.997937	0.0997393	0.352911	11.4144	
0.99982	-0.000638726	-0.0189845	-0.000642651	0.997725	-0.0674134	0.0189844	0.0674134	0.997544	0.118638	0.419996	12.4504	
0.999789	-0.000748949	-0.02055	-0.000753944	0.99733	-0.0730286	0.0205498	0.0730287	0.997118	0.139164	0.492912	13.486	
0.999755	-0.000867824	-0.0221126	-0.000874068	0.996903	-0.0786425	0.0221124	0.0786425	0.996658	0.161314	0.571659	14.5212	
0.999719	-0.000995325	-0.0236724	-0.00100301	0.996444	-0.0842548	0.0236721	0.0842549	0.996163	0.185085	0.656234	15.5558	
0.999681	-0.00113143	-0.0252293	-0.00114076	0.995953	-0.0898654	0.0252289	0.0898655	0.995634	0.210474	0.746636	16.59	
0.99964	-0.0012761	-0.0267832	-0.00128729	0.995431	-0.095474	0.0267827	0.0954742	0.995072	0.237478	0.842864	17.6235	
0.999597	-0.00142932	-0.0283341	-0.00144261	0.994877	-0.101081	0.0283334	0.101081	0.994475	0.266094	0.944914	18.6565	
0.999552	-0.00159105	-0.0298819	-0.00160669	0.994292	-0.106685	0.029881	0.106685	0.993844	0.296319	1.05278	19.6888	
0.999505	-0.00176128	-0.0314266	-0.00177952	0.993674	-0.112286	0.0314255	0.112287	0.993179	0.328148	1.16647	20.7205	
0.999455	-0.00193996	-0.032968	-0.00196108	0.993025	-0.117885	0.0329668	0.117885	0.99248	0.361581	1.28598	21.7514	
0.999402	-0.00212708	-0.0345063	-0.00215136	0.992345	-0.123481	0.0345048	0.123481	0.991747	0.396611	1.41129	22.7816	
0.999348	-0.0023226	-0.0360413	-0.00235035	0.991632	-0.129074	0.0360395	0.129074	0.99098	0.433237	1.54242	23.811	
0.999291	-0.00252649	-0.0375729	-0.00255802	0.990888	-0.134663	0.0375708	0.134664	0.990179	0.471455	1.67935	24.8396	
0.999232	-0.00273873	-0.0391011	-0.00277437	0.990112	-0.140249	0.0390986	0.14025	0.989344	0.511262	1.82208	25.8674	
0.99917	-0.00295928	-0.0406259	-0.00299937	0.989305	-0.145831	0.040623	0.145832	0.988475	0.552653	1.97061	26.8942	
0.999106	-0.00318812	-0.0421472	-0.00323301	0.988466	-0.151409	0.0421438	0.15141	0.987572	0.595624	2.12494	27.9202	
0.99904	-0.00342521	-0.0436649	-0.00347526	0.987595	-0.156983	0.043661	0.156984	0.986636	0.640174	2.28506	28.9452	
0.998972	-0.00367052	-0.0451791	-0.00372613	0.986693	-0.162552	0.0451745	0.162554	0.985665	0.686297	2.45096	29.9692	
0.998902	-0.00392402	-0.0466896	-0.00398557	0.985759	-0.168117	0.0466844	0.168119	0.984661	0.733989	2.62264	30.9922	
0.998829	-0.00418568	-0.0481964	-0.00425358	0.984793	-0.173678	0.0481904	0.173679	0.983622	0.783247	2.8001	32.0141	
0.998754	-0.00445547	-0.0496994	-0.00453014	0.983796	-0.179233	0.0496927	0.179235	0.982551	0.834068	2.98333	33.0349	
0.998677	-0.00473335	-0.0511987	-0.00481523	0.982768	-0.184783	0.0511911	0.184785	0.981445	0.886446	3.17233	34.0546	
0.998598	-0.0050193	-0.0526941	-0.00510883	0.981707	-0.190328	0.0526855	0.19033	0.980305	0.940378	3.36708	35.0731	
0.998517	-0.00531328	-0.0541857	-0.00541092	0.980616	-0.195867	0.054176	0.19587	0.979132	0.99586	3.5676	36.0905	
0.998433	-0.00561525	-0.0556732	-0.00572148	0.979492	-0.2014	0.0556624	0.201403	0.977926	1.05289	3.77386	37.1066	
0.998348	-0.00592518	-0.0571568	-0.00604048	0.978338	-0.206928	0.0571448	0.206931	0.976685	1.11146	3.98586	38.1214	
0.99826	-0.00624305	-0.0586364	-0.00636792	0.977151	-0.212449	0.058623	0.212453	0.975411	1.17156	4.2036	39.1349	
0.99817	-0.00656881	-0.0601119	-0.00670376	0.975934	-0.217964	0.060097	0.217968	0.974104	1.2332	4.42708	40.1471	
0.998078	-0.00690243	-0.0615832	-0.00704798	0.974685	-0.223472	0.0615667	0.223477	0.972763	1.29637	4.65627	41.1579	
0.997984	-0.00724388	-0.0630504	-0.00740057	0.973404	-0.228974	0.0630322	0.228979	0.971389	1.36106	4.89118	42.1673	
0.997888	-0.00759312	-0.0645133	-0.0077615	0.972093	-0.234468	0.0644933	0.234474	0.969981	1.42727	5.1318	43.1752	
0.99779	-0.00795011	-0.065972	-0.00813075	0.97075	-0.239956	0.06595	0.239962	0.96854	1.49499	5.37813	44.1817	
0.99769	-0.00831483	-0.0674263	-0.0085083	0.969376	-0.245436	0.0674022	0.245442	0.967065	1.56423	5.63015	45.1866	
0.997587	-0.00868723	-0.0688763	-0.00889412	0.96797	-0.250908	0.0688499	0.250916	0.965557	1.63497	5.88785	46.19	
0.997483	-0.00906728	-0.0703219	-0.00928819	0.966533	-0.256373	0.070293	0.256381	0.964016	1.70721	6.15124	47.1919	
0.997377	-0.00945494	-0.071763	-0.00969048	0.965065	-0.26183	0.0717316	0.261839	0.962442	1.78095	6.42029	48.1921	
0.997269	-0.00985018	-0.0731996	-0.010101	0.963566	-0.267279	0.0731655	0.267288	0.960835	1.85618	6.69501	49.1906	
0.997158	-0.010253	-0.0746317	-0.0105197	0.962036	-0.272719	0.0745946	0.272729	0.959195	1.9329	6.97539	50.1875	
0.997046	-0.0106632	-0.0760592	-0.0109465	0.960475	-0.278151	0.076019	0.278162	0.957521	2.01109	7.2614	51.1826	
0.996932	-0.011081	-0.0774821	-0.0113814	0.958883	-0.283574	0.0774385	0.283586	0.955815	2.09077	7.55306	52.176	
0.996816	-0.0115062	-0.0789003	-0.0118245	0.95726	-0.288988	0.0788532	0.289001	0.954076	2.17191	7.85034	53.1676	
0.996698	-0.0119387	-0.0803138	-0.0122756	0.955606	-0.294393	0.080263	0.294407	0.952304	2.25453	8.15324	54.1574	
0.996578	-0.0123787	-0.0817225	-0.0127348	0.953921	-0.299789	0.0816678	0.299804	0.950499	2.3386	8.46175	55.1453	
0.996456	-0.0128259	-0.0831264	-0.013202	0.952205	-0.305175	0.0830675	0.305191	0.948661	2.42413	8.77586	56.1314	
0.996333	-0.0132804	-0.0845255	-0.0136772	0.950458	-0.310551	0.0844622	0.310568	0.946791	2.51111	9.09556	57.1155	
0.996207	-0.0137421	-0.0859197	-0.0141604	0.948681	-0.315918	0.0858518	0.315936	0.944888	2.59954	9.42084	58.0976	
0.99608	-0.0142111	-0.087309	-0.0146515	0.946873	-0.321274	0.0872362	0.321294	0.942953	2.6894	9.75168	59.0778	
0.995951	-0.0146872	-0.0886933	-0.0151505	0.945034	-0.32662	0.0886153	0.326642	0.940985	2.7807	10.0881	60.0559	
0.99582	-0.0151704	-0.0900726	-0.0156574	0.943165	-0.331956	0.0899892	0.331979	0.938985	2.87343	10.43	61.032	
0.995687	-0.0156607	-0.0914469	-0.0161722	0.941265	-0.337281	0.0913578	0.337305	0.936952	2.96759	10.7775	62.0059	
0.995552	-0.016158	-0.092816	-0.0166948	0.939335	-0.342595	0.092721	0.342621	0.934887	3.06316	11.1305	62.9778	
0.995416	-0.0166624	-0.0941801	-0.0172252	0.937374	-0.347898	0.0940788	0.347926	0.93279	3.16014	11.4891	63.9475	
0.995278	-0.0171737	-0.095539	-0.0177633	0.935383	-0.35319	0.0954311	0.353219	0.930661	3.25854	11.8531	64.915	
0.995138	-0.0176919	-0.0968926	-0.0183093	0.933361	-0.35847	0.0967779	0.358501	0.928499	3.35833	12.2226	65.8802	
0.994633	-0.019532	-0.10161	-0.018989	0.930884	-0.36482	0.101712	0.364791	0.925517	3.46139	12.5981	66.8428	
0.994103	-0.0214031	-0.106308	-0.0197028	0.928364	-0.371151	0.106637	0.371057	0.922467	3.56956	12.9802	67.8023	
0.993548	-0.0233048	-0.110989	-0.0204504	0.925799	-0.377462	0.11155	0.377297	0.91935	3.68284	13.3687	68.7585	
0.992969	-0.025237	-0.11565	-0.0212318	0.923192	-0.383752	0.116452	0.38351	0.916165	3.80122	13.7637	69.7115	
0.989791	-0.0347956	-0.138213	-0.0222552	0.920114	-0.391018	0.140778	0.390102	0.909946	3.93478	14.1654	70.6597	
0.986013	-0.0445138	-0.160615	-0.0234718	0.916985	-0.398231	0.165008	0.396431	0.903114	4.09355	14.5738	71.6011	
0.981637	-0.0543851	-0.182841	-0.0248808	0.913806	-0.405388	0.189128	0.402493	0.895673	4.27742	14.9886	72.535	
0.976667	-0.0644029	-0.204875	-0.0264812	0.91058	-0.412483	0.21312	0.408284	0.887628	4.48628	15.4096	73.461	
0.971106	-0.0745604	-0.226703	-0.0282719	0.90731	-0.419512	0.236968	0.4138	0.878986	4.71997	15.8364	74.3782	
0.964957	-0.0848507	-0.248309	-0.0302518	0.903996	-0.426469	0.260657	0.419036	0.869751	4.97835	16.2689	75.2862	
0.958226	-0.0952669	-0.269681	-0.0324194	0.900642	-0.433351	0.28417	0.423991	0.85993	5.26124	16.7066	76.1843	
0.950915	-0.105802	-0.290803	-0.0347734	0.89725	-0.440152	0.307492	0.42866	0.849529	5.56844	17.1493	77.0719	
0.943031	-0.116449	-0.31166	-0.0373121	0.893821	-0.446868	0.330606	0.433039	0.838556	5.89975	17.5967	77.9484	
0.934578	-0.127201	-0.33224	-0.0400339	0.890359	-0.453495	0.353497	0.437127	0.827018	6.25496	18.0485	78.8132	
0.925563	-0.13805	-0.352527	-0.0429369	0.886866	-0.460028	0.376151	0.440921	0.814923	6.6338	18.5044	79.6657	
0.915991	-0.148989	-0.372509	-0.0460191	0.883343	-0.466462	0.398551	0.444417	0.802278	7.03605	18.9641	80.5054	
0.905869	-0.16001	-0.392171	-0.0492785	0.879794	-0.472793	0.420682	0.447614	0.789093	7.46141	19.4273	81.3317	
0.895203	-0.171107	-0.411502	-0.0527129	0.876221	-0.479018	0.44253	0.45051	0.775376	7.90961	19.8936	82.144	
0.884001	-0.182272	-0.430486	-0.0563199	0.872626	-0.485131	0.464079	0.453101	0.761137	8.38034	20.3628	82.9418	
0.872271	-0.193497	-0.449113	-0.0600972	0.869011	-0.491129	0.485316	0.455388	0.746385	8.87328	20.8345	83.7245	
0.86002	-0.204775	-0.467369	-0.0640422	0.86538	-0.497007	0.506226	0.457367	0.731129	9.38811	21.3084	84.4917	
0.847256	-0.216098	-0.485242	-0.0681521	0.861734	-0.502762	0.526795	0.459038	0.715382	9.92448	21.7842	85.2427	
0.833988	-0.227458	-0.502719	-0.0724244	0.858076	-0.50839	0.547009	0.4604	0.699152	10.482	22.2616	85.9772	
0.820225	-0.238848	-0.51979	-0.076856	0.854408	-0.513887	0.566854	0.461452	0.68245	11.0604	22.7402	86.6945	
0.805977	-0.250261	-0.536442	-0.081444	0.850733	-0.519249	0.586317	0.462193	0.665289	11.6591	23.2198	87.3943	
0.791253	-0.261688	-0.552665	-0.0861853	0.847054	-0.524473	0.605385	0.462622	0.64768	12.2779	23.7	88.076	
0.776062	-0.273121	-0.568447	-0.0910767	0.843372	-0.529555	0.624045	0.46274	0.629634	12.9162	24.1805	88.7392	
0.760416	-0.284554	-0.583778	-0.096115	0.839691	-0.534491	0.642285	0.462546	0.611164	13.5737	24.6609	89.3835	
0.744324	-0.295978	-0.598648	-0.101297	0.836012	-0.539279	0.660092	0.46204	0.592282	14.2499	25.141	90.0083	
0.727798	-0.307385	-0.613046	-0.106618	0.832339	-0.543916	0.677454	0.461222	0.573001	14.9444	25.6203	90.6134	
0.710848	-0.318769	-0.626962	-0.112076	0.828674	-0.548397	0.694359	0.460094	0.553334	15.6567	26.0987	91.1982	
0.693486	-0.330121	-0.640389	-0.117667	0.825018	-0.55272	0.710797	0.458656	0.533294	16.3863	26.5757	91.7624	
0.675724	-0.341433	-0.653315	-0.123386	0.821375	-0.556883	0.726755	0.456909	0.512895	17.1327	27.0511	92.3056	
0.657574	-0.352699	-0.665733	-0.129231	0.817748	-0.560881	0.742224	0.454854	0.49215	17.8954	27.5245	92.8274	
