1	0	0	0	1	0	0	0	1	0	0	0	
1	-1.51125e-07	0.000195926	-1.51125e-07	0.999999	0.00154267	-0.000195926	-0.00154267	0.999999	-7.2631e-05	-0.000571881	0.741414	
1	-6.04589e-07	0.000391873	-6.04631e-07	0.999995	0.00308574	-0.000391873	-0.00308574	0.999995	-0.000290532	-0.00228767	1.48283	
1	-1.36052e-06	0.000587838	-1.36069e-06	0.999989	0.00462915	-0.000587838	-0.00462915	0.999989	-0.000653718	-0.00514763	2.22423	
1	-2.419e-06	0.000783814	-2.41942e-06	0.999981	0.00617287	-0.000783814	-0.00617287	0.999981	-0.0011622	-0.00915201	2.96564	
1	-3.78011e-06	0.000979797	-3.78095e-06	0.99997	0.00771685	-0.000979797	-0.00771685	0.99997	-0.00181598	-0.014301	3.70703	
0.999999	-5.44388e-06	0.00117578	-5.44535e-06	0.999957	0.00926107	-0.00117578	-0.00926107	0.999956	-0.00261507	-0.0205949	4.44842	
0.999999	-7.41032e-06	0.00137176	-7.41267e-06	0.999942	0.0108055	-0.00137176	-0.0108055	0.999941	-0.00355947	-0.0280337	5.1898	
0.999999	-9.6794e-06	0.00156774	-9.68293e-06	0.999924	0.01235	-0.00156774	-0.01235	0.999923	-0.00464916	-0.0366176	5.93116	
0.999998	-1.22511e-05	0.0017637	-1.22561e-05	0.999903	0.0138947	-0.0017637	-0.0138947	0.999902	-0.00588415	-0.0463467	6.67251	
0.999998	-1.51253e-05	0.00195964	-1.51322e-05	0.999881	0.0154394	-0.00195964	-0.0154394	0.999879	-0.00726441	-0.057221	7.41384	
0.999998	-1.83019e-05	0.00215556	-1.83111e-05	0.999856	0.0169842	-0.00215556	-0.0169842	0.999853	-0.00878994	-0.0692407	8.15516	
0.999997	-2.17807e-05	0.00235144	-2.17928e-05	0.999828	0.0185289	-0.00235144	-0.0185289	0.999826	-0.0104607	-0.0824056	8.89645	
0.999997	-2.55617e-05	0.0025473	-2.5577e-05	0.999799	0.0200736	-0.0025473	-0.0200736	0.999795	-0.0122767	-0.0967158	9.63773	
0.999996	-2.96446e-05	0.00274312	-2.96637e-05	0.999766	0.0216182	-0.00274312	-0.0216182	0.999763	-0.0142379	-0.112171	10.379	
0.999996	-3.40291e-05	0.00293889	-3.40527e-05	0.999732	0.0231627	-0.00293889	-0.0231627	0.999727	-0.0163443	-0.128772	11.1202	
0.999995	-3.87151e-05	0.00313461	-3.87437e-05	0.999695	0.024707	-0.00313461	-0.024707	0.99969	-0.0185958	-0.146517	11.8614	
0.999994	-4.37022e-05	0.00333028	-4.37365e-05	0.999655	0.0262511	-0.00333028	-0.0262511	0.99965	-0.0209923	-0.165408	12.6026	
0.999994	-4.89902e-05	0.00352589	-4.90309e-05	0.999614	0.0277949	-0.00352589	-0.0277949	0.999607	-0.023534	-0.185443	13.3437	
0.999993	-5.45786e-05	0.00372144	-5.46265e-05	0.99957	0.0293384	-0.00372144	-0.0293384	0.999563	-0.0262206	-0.206623	14.0848	
0.999992	-6.04671e-05	0.00391692	-6.05231e-05	0.999523	0.0308817	-0.00391692	-0.0308817	0.999515	-0.0290522	-0.228947	14.8259	
0.999992	-6.66554e-05	0.00411232	-6.67202e-05	0.999474	0.0324245	-0.00411232	-0.0324245	0.999466	-0.0320287	-0.252415	15.5669	
0.999991	-7.3143e-05	0.00430764	-7.32174e-05	0.999423	0.033967	-0.00430764	-0.033967	0.999414	-0.03515	-0.277027	16.3079	
0.99999	-7.99294e-05	0.00450289	-8.00145e-05	0.999369	0.0355089	-0.00450288	-0.0355089	0.999359	-0.0384162	-0.302782	17.0489	
0.999989	-8.70142e-05	0.00469804	-8.71108e-05	0.999313	0.0370504	-0.00469803	-0.0370504	0.999302	-0.041827	-0.32968	17.7898	
0.999988	-9.43968e-05	0.00489309	-9.4506e-05	0.999255	0.0385914	-0.00489309	-0.0385914	0.999243	-0.0453825	-0.357721	18.5307	
0.999987	-0.000102077	0.00508805	-0.0001022	0.999194	0.0401318	-0.00508805	-0.0401318	0.999181	-0.0490826	-0.386905	19.2715	
0.999986	-0.000110053	0.00528291	-0.000110191	0.999131	0.0416716	-0.0052829	-0.0416716	0.999117	-0.0529272	-0.41723	20.0123	
0.999985	-0.000118326	0.00547765	-0.00011848	0.999066	0.0432107	-0.00547765	-0.0432107	0.999051	-0.0569162	-0.448696	20.753	
0.999984	-0.000126894	0.00567228	-0.000127065	0.998998	0.0447492	-0.00567228	-0.0447492	0.998982	-0.0610495	-0.481304	21.4937	
0.999983	-0.000135758	0.00586679	-0.000135946	0.998928	0.0462869	-0.00586679	-0.0462869	0.998911	-0.0653272	-0.515051	22.2343	
0.999982	-0.000144915	0.00606118	-0.000145123	0.998856	0.0478239	-0.00606117	-0.0478239	0.998837	-0.0697489	-0.549939	22.9749	
0.99998	-0.000154366	0.00625544	-0.000154594	0.998781	0.0493601	-0.00625543	-0.0493601	0.998761	-0.0743148	-0.585966	23.7154	
0.999979	-0.000164109	0.00644956	-0.00016436	0.998704	0.0508954	-0.00644955	-0.0508954	0.998683	-0.0790246	-0.623131	24.4559	
0.999978	-0.000174144	0.00664355	-0.000174419	0.998625	0.0524298	-0.00664354	-0.0524298	0.998603	-0.0838783	-0.661434	25.1963	
0.999977	-0.000184471	0.00683739	-0.00018477	0.998543	0.0539633	-0.00683738	-0.0539633	0.99852	-0.0888758	-0.700875	25.9367	
0.999975	-0.000195088	0.00703108	-0.000195413	0.998459	0.0554958	-0.00703107	-0.0554958	0.998434	-0.0940169	-0.741452	26.677	
0.999974	-0.000205994	0.00722462	-0.000206347	0.998373	0.0570273	-0.00722461	-0.0570273	0.998346	-0.0993016	-0.783165	27.4172	
0.999972	-0.000217189	0.007418	-0.000217572	0.998284	0.0585578	-0.00741799	-0.0585578	0.998256	-0.10473	-0.826014	28.1573	
0.999971	-0.000228672	0.00761121	-0.000229085	0.998193	0.0600872	-0.0076112	-0.0600872	0.998164	-0.110301	-0.869996	28.8974	
0.99997	-0.000240441	0.00780426	-0.000240887	0.9981	0.0616155	-0.00780425	-0.0616155	0.998069	-0.116016	-0.915112	29.6374	
0.999968	-0.000252496	0.00799713	-0.000252976	0.998004	0.0631426	-0.00799712	-0.0631426	0.997972	-0.121873	-0.961361	30.3774	
0.999966	-0.000264836	0.00818983	-0.000265352	0.997907	0.0646686	-0.00818981	-0.0646686	0.997873	-0.127874	-1.00874	31.1173	
0.999965	-0.00027746	0.00838234	-0.000278013	0.997807	0.0661932	-0.00838232	-0.0661932	0.997772	-0.134017	-1.05725	31.8571	
0.999963	-0.000290366	0.00857466	-0.000290958	0.997705	0.0677166	-0.00857464	-0.0677166	0.997668	-0.140304	-1.10689	32.5968	
0.999962	-0.000303554	0.00876679	-0.000304188	0.9976	0.0692387	-0.00876677	-0.0692387	0.997562	-0.146732	-1.15766	33.3364	
0.99996	-0.000317023	0.00895872	-0.000317699	0.997493	0.0707594	-0.0089587	-0.0707594	0.997453	-0.153303	-1.20956	34.076	
0.999958	-0.000330771	0.00915045	-0.000331492	0.997384	0.0722788	-0.00915042	-0.0722788	0.997342	-0.160016	-1.26259	34.8155	
0.999956	-0.000344797	0.00934197	-0.000345565	0.997273	0.0737967	-0.00934194	-0.0737967	0.99723	-0.166872	-1.31674	35.5549	
0.999954	-0.0003591	0.00953328	-0.000359916	0.99716	0.0753131	-0.00953325	-0.0753131	0.997114	-0.173869	-1.37202	36.2942	
0.999953	-0.000373679	0.00972437	-0.000374546	0.997044	0.076828	-0.00972433	-0.076828	0.996997	-0.181008	-1.42842	37.0334	
0.999951	-0.000388533	0.00991523	-0.000389453	0.996927	0.0783413	-0.0099152	-0.0783413	0.996877	-0.188288	-1.48594	37.7726	
0.999954	-0.000360137	0.00955121	-0.000378243	0.997016	0.0771931	-0.00955051	-0.0771932	0.99697	-0.195504	-1.5436	38.5117	
0.999958	-0.000332119	0.00918662	-0.000367442	0.997104	0.0760436	-0.00918527	-0.0760437	0.997062	-0.20245	-1.6004	39.2509	
0.999961	-0.000304481	0.00882146	-0.000357051	0.997192	0.0748927	-0.00881949	-0.0748929	0.997153	-0.209124	-1.65635	39.9902	
0.999964	-0.000277226	0.00845575	-0.000347073	0.997277	0.0737405	-0.00845317	-0.0737408	0.997242	-0.215527	-1.71145	40.7295	
0.999967	-0.000250357	0.00808951	-0.000337508	0.997362	0.0725871	-0.00808634	-0.0725874	0.997329	-0.221659	-1.7657	41.4689	
0.99997	-0.000223876	0.00772274	-0.000328359	0.997445	0.0714324	-0.007719	-0.0714328	0.997416	-0.227518	-1.81909	42.2084	
0.999973	-0.000197786	0.00735546	-0.000319627	0.997527	0.0702765	-0.00735117	-0.0702769	0.9975	-0.233104	-1.87162	42.9479	
0.999976	-0.00017209	0.00698767	-0.000311314	0.997608	0.0691194	-0.00698286	-0.0691199	0.997584	-0.238418	-1.9233	43.6875	
0.999978	-0.000146788	0.00661941	-0.000303421	0.997688	0.0679612	-0.00661408	-0.0679617	0.997666	-0.243459	-1.97411	44.4272	
0.99998	-0.000121885	0.00625067	-0.000295949	0.997766	0.0668018	-0.00624485	-0.0668023	0.997747	-0.248225	-2.02407	45.1669	
0.999983	-9.73809e-05	0.00588146	-0.000288901	0.997843	0.0656413	-0.00587517	-0.0656419	0.997826	-0.252718	-2.07317	45.9066	
0.999985	-7.32796e-05	0.00551181	-0.000282278	0.997919	0.0644798	-0.00550507	-0.0644803	0.997904	-0.256937	-2.12141	46.6465	
0.999987	-4.95826e-05	0.00514173	-0.00027608	0.997993	0.0633172	-0.00513455	-0.0633177	0.99798	-0.260881	-2.16878	47.3864	
0.999989	-2.62922e-05	0.00477122	-0.00027031	0.998067	0.0621535	-0.00476363	-0.0621541	0.998055	-0.264551	-2.2153	48.1263	
0.99999	-3.41033e-06	0.0044003	-0.000264968	0.998138	0.0609889	-0.00439231	-0.0609895	0.998129	-0.267945	-2.26095	48.8663	
0.999992	1.9061e-05	0.00402898	-0.000260056	0.998209	0.0598233	-0.00402062	-0.0598239	0.998201	-0.271064	-2.30573	49.6064	
0.999993	4.11198e-05	0.00365728	-0.000255575	0.998278	0.0586568	-0.00364857	-0.0586573	0.998272	-0.273907	-2.34965	50.3465	
0.999995	6.27642e-05	0.0032852	-0.000251526	0.998346	0.0574894	-0.00327616	-0.0574899	0.998341	-0.276474	-2.39271	51.0866	
0.999996	8.39923e-05	0.00291277	-0.00024791	0.998413	0.0563211	-0.00290341	-0.0563215	0.998408	-0.278764	-2.4349	51.8268	
0.999997	0.000104802	0.00253999	-0.000244729	0.998478	0.0551519	-0.00253034	-0.0551523	0.998475	-0.280779	-2.47623	52.5671	
0.999998	0.000125193	0.00216687	-0.000241983	0.998542	0.0539819	-0.00215696	-0.0539823	0.99854	-0.282516	-2.51668	53.3074	
0.999998	0.000145161	0.00179344	-0.000239673	0.998604	0.0528111	-0.00178327	-0.0528115	0.998603	-0.283977	-2.55627	54.0478	
0.999999	0.000164707	0.0014197	-0.0002378	0.998666	0.0516396	-0.0014093	-0.0516398	0.998665	-0.285161	-2.59499	54.7882	
0.999999	0.000183828	0.00104566	-0.000236365	0.998726	0.0504673	-0.00103505	-0.0504675	0.998725	-0.286067	-2.63285	55.5286	
1	0.000202523	0.000671336	-0.00023537	0.998784	0.0492943	-0.000660537	-0.0492944	0.998784	-0.286695	-2.66983	56.2691	
1	0.00022079	0.000296746	-0.000234814	0.998842	0.0481206	-0.000285778	-0.0481206	0.998841	-0.287046	-2.70594	57.0096	
1	0.000238628	-7.81006e-05	-0.000234698	0.998897	0.0469462	8.92172e-05	-0.0469462	0.998897	-0.287119	-2.74118	57.7502	
1	0.000256035	-0.000453191	-0.000235024	0.998952	0.0457712	0.000464435	-0.0457711	0.998952	-0.286914	-2.77555	58.4908	
1	0.000273011	-0.000828513	-0.000235791	0.999005	0.0445957	0.000839863	-0.0445955	0.999005	-0.28643	-2.80905	59.2315	
0.999999	0.000289553	-0.00120405	-0.000237001	0.999057	0.0434195	0.00121549	-0.0434192	0.999056	-0.285668	-2.84168	59.9722	
0.999999	0.000305662	-0.0015798	-0.000238654	0.999107	0.0422428	0.0015913	-0.0422424	0.999106	-0.284628	-2.87344	60.7129	
0.999998	0.000321334	-0.00195573	-0.00024075	0.999156	0.0410656	0.00196728	-0.0410651	0.999155	-0.283309	-2.90432	61.4537	
0.999997	0.000336571	-0.00233185	-0.000243291	0.999204	0.0398879	0.00234342	-0.0398873	0.999201	-0.281711	-2.93433	62.1945	
0.999996	0.000351369	-0.00270813	-0.000246276	0.99925	0.0387098	0.0027197	-0.038709	0.999247	-0.279834	-2.96346	62.9353	
0.999995	0.000365729	-0.00308457	-0.000249705	0.999295	0.0375312	0.00309612	-0.0375303	0.999291	-0.277678	-2.99173	63.6762	
0.999994	0.00037965	-0.00346114	-0.00025358	0.999339	0.0363522	0.00347266	-0.0363512	0.999333	-0.275243	-3.01911	64.4171	
0.999993	0.00039313	-0.00383785	-0.000257901	0.999381	0.0351729	0.0038493	-0.0351717	0.999374	-0.272528	-3.04563	65.158	
0.999991	0.000406169	-0.00421467	-0.000262667	0.999422	0.0339932	0.00422604	-0.0339918	0.999413	-0.269535	-3.07127	65.899	
0.999989	0.000418766	-0.00459159	-0.000267879	0.999461	0.0328132	0.00460286	-0.0328116	0.999451	-0.266262	-3.09603	66.64	
0.999988	0.00043092	-0.0049686	-0.000273537	0.9995	0.0316329	0.00497974	-0.0316312	0.999487	-0.262709	-3.11992	67.381	
0.999986	0.000442631	-0.00534568	-0.000279641	0.999536	0.0304524	0.00535668	-0.0304505	0.999522	-0.258878	-3.14294	68.1221	
0.999984	0.000453898	-0.00572283	-0.000286192	0.999571	0.0292716	0.00573366	-0.0292695	0.999555	-0.254766	-3.16507	68.8631	
0.999981	0.00046472	-0.00610003	-0.000293189	0.999605	0.0280906	0.00611068	-0.0280883	0.999587	-0.250376	-3.18634	69.6042	
0.999979	0.000475097	-0.00647726	-0.000300632	0.999638	0.0269095	0.0064877	-0.026907	0.999617	-0.245705	-3.20672	70.3453	
0.999976	0.000485029	-0.00685452	-0.000308521	0.999669	0.0257282	0.00686473	-0.0257255	0.999645	-0.240755	-3.22624	71.0865	
0.999974	0.000494515	-0.00723179	-0.000316857	0.999699	0.0245468	0.00724175	-0.0245439	0.999673	-0.235526	-3.24487	71.8276	
0.999939	0.000553908	-0.0110685	-0.000482908	0.999979	0.00641622	0.0110718	-0.00641048	0.999918	-0.228737	-3.25635	72.5689	
0.999889	0.000543711	-0.0149054	-0.000718381	0.999931	-0.0117157	0.014898	0.0117251	0.99982	-0.219109	-3.25438	73.3103	
