1	0	0	0	1	0	0	0	1	0	0	0	
1	3.27306e-07	0.000195309	3.27306e-07	0.999994	-0.00335166	-0.000195309	0.00335166	0.999994	-7.86168e-05	0.00134913	0.805049	
1	1.31985e-06	0.000392651	1.31382e-06	0.999978	-0.00670733	-0.000392651	0.00670733	0.999977	-0.000315286	0.00539813	1.61009	
1	2.99208e-06	0.000592025	2.96792e-06	0.999949	-0.0100669	-0.000592025	0.0100669	0.999949	-0.000711643	0.0121502	2.41511	
1	5.35847e-06	0.000793429	5.29798e-06	0.99991	-0.0134303	-0.00079343	0.0134303	0.999909	-0.00126932	0.0216084	3.2201	
1	8.43348e-06	0.000996863	8.31237e-06	0.999859	-0.0167973	-0.000996864	0.0167973	0.999858	-0.00198996	0.0337758	4.02506	
0.999999	1.22316e-05	0.00120232	1.20194e-05	0.999797	-0.0201681	-0.00120233	0.0201681	0.999796	-0.00287519	0.0486553	4.82997	
0.999999	1.67674e-05	0.00140981	1.64275e-05	0.999723	-0.0235423	-0.00140982	0.0235423	0.999722	-0.00392665	0.0662498	5.63483	
0.999999	2.20553e-05	0.00161932	2.15448e-05	0.999638	-0.0269199	-0.00161933	0.0269199	0.999636	-0.00514596	0.0865622	6.43962	
0.999998	2.81098e-05	0.00183085	2.73798e-05	0.999541	-0.0303009	-0.00183086	0.0303009	0.999539	-0.00653475	0.109595	7.24434	
0.999998	3.49454e-05	0.00204441	3.39406e-05	0.999432	-0.0336852	-0.00204442	0.0336852	0.99943	-0.00809465	0.135351	8.04898	
0.999997	4.25768e-05	0.00225997	4.12355e-05	0.999313	-0.0370725	-0.00226	0.0370725	0.99931	-0.00982729	0.163833	8.85353	
0.999997	5.10184e-05	0.00247756	4.92728e-05	0.999181	-0.040463	-0.00247759	0.040463	0.999178	-0.0117343	0.195043	9.65797	
0.999996	6.02846e-05	0.00269715	5.80606e-05	0.999038	-0.0438563	-0.0026972	0.0438563	0.999034	-0.0138173	0.228984	10.4623	
0.999996	7.03901e-05	0.00291875	6.76073e-05	0.998883	-0.0472526	-0.00291882	0.0472526	0.998879	-0.0160779	0.265657	11.2665	
0.999995	8.13494e-05	0.00314236	7.79208e-05	0.998716	-0.0506516	-0.00314245	0.0506516	0.998711	-0.0185177	0.305066	12.0706	
0.999994	9.31769e-05	0.00336797	8.90094e-05	0.998538	-0.0540532	-0.00336808	0.0540532	0.998532	-0.0211383	0.347212	12.8745	
0.999994	0.000105887	0.00359558	0.000100881	0.998348	-0.0574575	-0.00359572	0.0574575	0.998341	-0.0239414	0.392098	13.6783	
0.999993	0.000119495	0.00382518	0.000113544	0.998146	-0.0608642	-0.00382536	0.0608642	0.998139	-0.0269286	0.439726	14.482	
0.999992	0.000134014	0.00405678	0.000127007	0.997932	-0.0642733	-0.004057	0.0642733	0.997924	-0.0301015	0.490097	15.2854	
0.999991	0.000149459	0.00429036	0.000141277	0.997707	-0.0676847	-0.00429064	0.0676847	0.997698	-0.0334616	0.543213	16.0887	
0.99999	0.000165846	0.00452593	0.000156362	0.997469	-0.0710983	-0.00452627	0.0710983	0.997459	-0.0370106	0.599077	16.8918	
0.999989	0.000183187	0.00476348	0.00017227	0.99722	-0.074514	-0.00476389	0.074514	0.997209	-0.0407502	0.65769	17.6947	
0.999987	0.000201498	0.005003	0.00018901	0.996959	-0.0779317	-0.00500349	0.0779317	0.996946	-0.0446818	0.719053	18.4974	
0.999986	0.000220792	0.0052445	0.000206589	0.996685	-0.0813513	-0.00524508	0.0813513	0.996672	-0.0488071	0.783169	19.2999	
0.999985	0.000241085	0.00548796	0.000225016	0.9964	-0.0847727	-0.00548864	0.0847727	0.996385	-0.0531277	0.850038	20.1022	
0.999984	0.00026239	0.00573338	0.000244297	0.996103	-0.0881959	-0.00573418	0.0881958	0.996087	-0.0576452	0.919662	20.9042	
0.999982	0.000284723	0.00598076	0.000264441	0.995794	-0.0916207	-0.0059817	0.0916206	0.995776	-0.0623611	0.992043	21.706	
0.999981	0.000308097	0.0062301	0.000285456	0.995473	-0.095047	-0.00623118	0.0950469	0.995453	-0.0672771	1.06718	22.5075	
0.999979	0.000332526	0.00648138	0.000307349	0.99514	-0.0984747	-0.00648262	0.0984746	0.995118	-0.0723947	1.14508	23.3087	
0.999977	0.000358025	0.0067346	0.000330128	0.994794	-0.101904	-0.00673602	0.101904	0.994771	-0.0777156	1.22574	24.1097	
0.999975	0.000384608	0.00698976	0.0003538	0.994437	-0.105334	-0.00699138	0.105334	0.994412	-0.0832412	1.30915	24.9104	
0.999974	0.000412289	0.00724685	0.000378375	0.994067	-0.108766	-0.0072487	0.108765	0.994041	-0.0889732	1.39533	25.7108	
0.999972	0.000441082	0.00750586	0.000403858	0.993686	-0.112198	-0.00750796	0.112198	0.993658	-0.0949132	1.48428	26.5109	
0.99997	0.000471002	0.00776679	0.000430257	0.993292	-0.115632	-0.00776916	0.115631	0.993262	-0.101063	1.57599	27.3107	
0.999968	0.000502062	0.00802964	0.000457581	0.992886	-0.119066	-0.0080323	0.119066	0.992854	-0.107423	1.67046	28.1102	
0.999965	0.000534277	0.00829439	0.000485836	0.992468	-0.122501	-0.00829737	0.122501	0.992434	-0.113996	1.76769	28.9093	
0.999963	0.00056766	0.00856104	0.000515031	0.992038	-0.125937	-0.00856437	0.125937	0.992001	-0.120783	1.8677	29.7081	
0.999961	0.000602225	0.00882959	0.000545171	0.991596	-0.129373	-0.0088333	0.129373	0.991557	-0.127786	1.97047	30.5065	
0.999958	0.000637987	0.00910003	0.000576266	0.991141	-0.13281	-0.00910414	0.13281	0.9911	-0.135007	2.076	31.3046	
0.999956	0.000674959	0.00937234	0.000608321	0.990675	-0.136248	-0.0093769	0.136247	0.99063	-0.142446	2.1843	32.1023	
0.999953	0.000713155	0.00964653	0.000641345	0.990196	-0.139685	-0.00965157	0.139685	0.990149	-0.150105	2.29537	32.8996	
0.99995	0.000752589	0.00992259	0.000675344	0.989705	-0.143123	-0.00992814	0.143123	0.989655	-0.157987	2.40921	33.6965	
0.999948	0.000793274	0.0102005	0.000710326	0.989201	-0.146561	-0.0102066	0.146561	0.989149	-0.166091	2.52582	34.493	
0.999945	0.000835223	0.0104803	0.000746297	0.988686	-0.149999	-0.010487	0.149998	0.988631	-0.174421	2.64519	35.2891	
0.999942	0.000878452	0.0107619	0.000783266	0.988158	-0.153437	-0.0107692	0.153436	0.9881	-0.182977	2.76733	36.0848	
0.999939	0.000922972	0.0110453	0.000821238	0.987618	-0.156875	-0.0110534	0.156874	0.987557	-0.191761	2.89224	36.8801	
0.999935	0.000968799	0.0113306	0.000860221	0.987066	-0.160312	-0.0113394	0.160311	0.987001	-0.200775	3.01991	37.6749	
0.999932	0.00101594	0.0116177	0.000900222	0.986502	-0.163749	-0.0116272	0.163749	0.986434	-0.21002	3.15035	38.4692	
0.999929	0.00106442	0.0119066	0.000941248	0.985925	-0.167186	-0.011917	0.167185	0.985853	-0.219497	3.28356	39.2631	
0.999925	0.00111424	0.0121973	0.000983305	0.985336	-0.170622	-0.0122086	0.170621	0.985261	-0.229208	3.41954	40.0566	
0.999921	0.00116543	0.0124899	0.0010264	0.984735	-0.174058	-0.0125021	0.174057	0.984656	-0.239155	3.55828	40.8495	
0.999918	0.00121798	0.0127842	0.00107054	0.984122	-0.177492	-0.0127974	0.177491	0.984039	-0.249338	3.69979	41.642	
0.999914	0.00127192	0.0130803	0.00111573	0.983496	-0.180926	-0.0130945	0.180925	0.98341	-0.259761	3.84406	42.4339	
0.99991	0.00132726	0.0133781	0.00116198	0.982858	-0.18436	-0.0133935	0.184358	0.982768	-0.270423	3.9911	43.2253	
0.999905	0.001384	0.0136777	0.0012093	0.982208	-0.187792	-0.0136943	0.18779	0.982114	-0.281326	4.1409	44.0163	
0.999855	0.00200285	0.0168843	0.00126196	0.981557	-0.191166	-0.0169557	0.191159	0.981413	-0.293664	4.29343	44.8066	
0.999795	0.00263309	0.0200904	0.00132602	0.980892	-0.194547	-0.0202188	0.194533	0.980687	-0.308627	4.44868	45.5964	
0.999723	0.00327476	0.0232961	0.00140154	0.980214	-0.197935	-0.0234834	0.197913	0.979938	-0.326219	4.60665	46.3856	
0.999641	0.00392785	0.0265012	0.00148858	0.979523	-0.201329	-0.0267493	0.201296	0.979165	-0.346439	4.76735	47.1742	
0.999548	0.00459238	0.0297054	0.00158718	0.978817	-0.204729	-0.0300163	0.204684	0.978368	-0.369288	4.93076	47.9622	
0.999444	0.00526836	0.0329086	0.00169741	0.978099	-0.208136	-0.0332844	0.208076	0.977546	-0.394768	5.09691	48.7495	
0.99933	0.00595579	0.0361107	0.00181932	0.977366	-0.211547	-0.0365533	0.211471	0.976701	-0.42288	5.26579	49.5361	
0.999205	0.00665468	0.0393114	0.00195294	0.97662	-0.214963	-0.0398228	0.214869	0.975831	-0.453623	5.4374	50.3221	
0.999069	0.00736504	0.0425107	0.00209832	0.975861	-0.218383	-0.0430929	0.218269	0.974937	-0.486999	5.61175	51.1073	
0.998922	0.00808685	0.0457084	0.0022555	0.975088	-0.221807	-0.0463634	0.221671	0.974019	-0.523007	5.78884	51.8918	
0.998765	0.00882013	0.0489043	0.00242451	0.974301	-0.225235	-0.0496341	0.225076	0.973076	-0.561649	5.96866	52.6756	
0.998596	0.00956487	0.0520983	0.00260537	0.973501	-0.228667	-0.0529049	0.228481	0.97211	-0.602924	6.15123	53.4586	
0.998417	0.0103211	0.0552902	0.00279813	0.972688	-0.2321	-0.0561756	0.231888	0.971119	-0.646831	6.33654	54.2408	
0.998227	0.0110887	0.0584799	0.00300279	0.971861	-0.235537	-0.0594462	0.235295	0.970104	-0.693372	6.5246	55.0221	
0.998026	0.0118678	0.0616673	0.00321939	0.97102	-0.238975	-0.0627163	0.238702	0.969066	-0.742546	6.71539	55.8027	
0.997815	0.0126583	0.0648521	0.00344793	0.970167	-0.242414	-0.0659859	0.242108	0.968003	-0.794352	6.90893	56.5824	
0.997592	0.0134603	0.0680343	0.00368842	0.9693	-0.245855	-0.0692549	0.245514	0.966916	-0.84879	7.10521	57.3613	
0.997359	0.0142737	0.0712138	0.00394089	0.968419	-0.249297	-0.0725232	0.248919	0.965805	-0.905859	7.30423	58.1393	
0.997115	0.0150984	0.0743903	0.00420532	0.967525	-0.252739	-0.0757904	0.252322	0.964671	-0.965559	7.506	58.9163	
0.99686	0.0159346	0.0775637	0.00448173	0.966619	-0.256181	-0.0790566	0.255724	0.963512	-1.02789	7.7105	59.6925	
0.996594	0.0167821	0.0807339	0.0047701	0.965699	-0.259622	-0.0823216	0.259123	0.96233	-1.09285	7.91774	60.4677	
0.996318	0.017641	0.0839008	0.00507044	0.964765	-0.263063	-0.0855853	0.262519	0.961124	-1.16043	8.12771	61.2419	
0.996031	0.0185111	0.0870642	0.00538274	0.963819	-0.266502	-0.0888474	0.265913	0.959894	-1.23065	8.34042	62.0152	
0.995733	0.0193926	0.090224	0.00570697	0.96286	-0.269939	-0.092108	0.269302	0.958641	-1.30349	8.55586	62.7874	
0.995424	0.0202854	0.0933801	0.00604313	0.961889	-0.273375	-0.0953668	0.272688	0.957364	-1.37895	8.77402	63.5587	
0.995104	0.0211895	0.0965323	0.0063912	0.960904	-0.276808	-0.0986237	0.27607	0.956064	-1.45704	8.99491	64.3289	
0.994774	0.0221047	0.0996806	0.00675114	0.959907	-0.280238	-0.101879	0.279447	0.954741	-1.53775	9.21852	65.098	
0.994433	0.0230312	0.102825	0.00712294	0.958897	-0.283666	-0.105131	0.282819	0.953394	-1.62107	9.44485	65.8661	
0.994081	0.0239688	0.105964	0.00750656	0.957874	-0.287089	-0.108382	0.286185	0.952025	-1.70702	9.67389	66.6331	
0.993718	0.0249176	0.1091	0.00790197	0.95684	-0.290509	-0.11163	0.289546	0.950632	-1.79558	9.90564	67.3989	
0.993345	0.0258774	0.112231	0.00830913	0.955793	-0.293924	-0.114875	0.2929	0.949217	-1.88675	10.1401	68.1637	
0.992961	0.0268484	0.115357	0.00872799	0.954734	-0.297334	-0.118118	0.296248	0.947779	-1.98054	10.3772	68.9273	
0.992567	0.0278303	0.118479	0.00915852	0.953662	-0.300739	-0.121358	0.299589	0.946319	-2.07693	10.6171	69.6897	
0.992161	0.0288233	0.121595	0.00960066	0.952579	-0.304139	-0.124596	0.302922	0.944836	-2.17594	10.8596	70.4509	
0.989454	0.0349168	0.140576	0.00967846	0.952404	-0.304684	-0.144524	0.302832	0.942022	-2.28427	11.1034	71.2105	
0.986347	0.0410072	0.159496	0.00976777	0.952229	-0.305228	-0.164393	0.302619	0.938827	-2.40862	11.3472	71.9676	
0.98284	0.0470921	0.178348	0.00986855	0.952054	-0.30577	-0.184196	0.302283	0.935252	-2.54894	11.5907	72.722	
0.978936	0.053169	0.197124	0.00998075	0.95188	-0.306309	-0.203925	0.301825	0.931298	-2.70517	11.8338	73.4733	
0.974635	0.0592354	0.215817	0.0101043	0.951705	-0.306847	-0.22357	0.301244	0.926967	-2.87726	12.0766	74.2214	
0.969941	0.065289	0.234419	0.0102393	0.951531	-0.307381	-0.243126	0.300542	0.922261	-3.06512	12.3188	74.9657	
0.964854	0.0713272	0.252923	0.0103855	0.951358	-0.307913	-0.262582	0.299718	0.91718	-3.26869	12.5605	75.7062	
0.959376	0.0773476	0.27132	0.0105429	0.951185	-0.308442	-0.281933	0.298772	0.911729	-3.48787	12.8014	76.4424	
0.953511	0.0833478	0.289604	0.0107114	0.951012	-0.308967	-0.301169	0.297706	0.905908	-3.7226	13.0415	77.1741	
0.947259	0.0893253	0.307768	0.0108911	0.950841	-0.309489	-0.320283	0.296518	0.89972	-3.97275	13.2807	77.9009	
