1	0	0	0	1	0	0	0	1	0	0	0	
0.999998	1.33012e-06	-0.00196964	1.33012e-06	0.999999	0.00135062	0.00196964	-0.00135062	0.999997	0.00102958	-0.000706005	1.04545	
0.999992	5.33044e-06	-0.00394295	5.33048e-06	0.999996	0.00270378	0.00394295	-0.00270378	0.999989	0.00412026	-0.00282535	2.0909	
0.999982	1.20156e-05	-0.00591983	1.20158e-05	0.999992	0.00405941	0.00591983	-0.00405941	0.999974	0.0092758	-0.00636065	3.13634	
0.999969	2.13996e-05	-0.00790017	2.14001e-05	0.999985	0.00541744	0.00790017	-0.00541744	0.999954	0.0164999	-0.0113145	4.18175	
0.999951	3.34962e-05	-0.00988388	3.34972e-05	0.999977	0.00677781	0.00988388	-0.00677781	0.999928	0.0257961	-0.0176893	5.22715	
0.99993	4.83186e-05	-0.0118708	4.83203e-05	0.999967	0.00814043	0.0118708	-0.00814043	0.999896	0.0371679	-0.0254874	6.27251	
0.999904	6.58793e-05	-0.013861	6.58821e-05	0.999955	0.00950525	0.013861	-0.00950525	0.999859	0.0506186	-0.0347113	7.31784	
0.999874	8.61906e-05	-0.0158542	8.61948e-05	0.999941	0.0108722	0.0158542	-0.0108722	0.999815	0.0661515	-0.0453632	8.36312	
0.999841	0.000109264	-0.0178503	0.00010927	0.999925	0.0122412	0.0178503	-0.0122412	0.999766	0.0837698	-0.0574452	9.40836	
0.999803	0.000135111	-0.0198493	0.000135119	0.999907	0.0136122	0.0198493	-0.0136122	0.99971	0.103476	-0.0709594	10.4535	
0.999761	0.000163742	-0.021851	0.000163753	0.999888	0.014985	0.021851	-0.014985	0.999649	0.125274	-0.085908	11.4987	
0.999715	0.000195168	-0.0238554	0.000195182	0.999866	0.0163598	0.0238554	-0.0163598	0.999582	0.149166	-0.102293	12.5437	
0.999665	0.000229397	-0.0258623	0.000229416	0.999843	0.0177362	0.0258623	-0.0177362	0.999508	0.175155	-0.120116	13.5887	
0.999611	0.00026644	-0.0278717	0.000266463	0.999817	0.0191144	0.0278717	-0.0191144	0.999429	0.203243	-0.139379	14.6336	
0.999553	0.000306305	-0.0298834	0.000306333	0.99979	0.0204942	0.0298834	-0.0204942	0.999343	0.233433	-0.160083	15.6784	
0.999491	0.000349	-0.0318973	0.000349034	0.999761	0.0218756	0.0318973	-0.0218756	0.999252	0.265728	-0.182231	16.7231	
0.999425	0.000394532	-0.0339133	0.000394573	0.999729	0.0232585	0.0339133	-0.0232585	0.999154	0.300129	-0.205824	17.7677	
0.999354	0.00044291	-0.0359314	0.000442959	0.999696	0.0246427	0.0359314	-0.0246427	0.99905	0.336639	-0.230863	18.8123	
0.999279	0.000494139	-0.0379514	0.000494197	0.999661	0.0260283	0.0379514	-0.0260283	0.998941	0.375259	-0.25735	19.8567	
0.999201	0.000548226	-0.0399732	0.000548293	0.999624	0.0274152	0.0399732	-0.0274152	0.998825	0.415993	-0.285287	20.901	
0.999118	0.000605176	-0.0419967	0.000605254	0.999585	0.0288033	0.0419967	-0.0288033	0.998702	0.458841	-0.314674	21.9451	
0.99903	0.000664995	-0.0440219	0.000665085	0.999544	0.0301925	0.0440219	-0.0301925	0.998574	0.503805	-0.345512	22.9891	
0.998939	0.000727686	-0.0460485	0.000727789	0.999501	0.0315828	0.0460485	-0.0315828	0.99844	0.550887	-0.377804	24.033	
0.998843	0.000793255	-0.0480766	0.000793372	0.999456	0.032974	0.0480766	-0.032974	0.998299	0.600089	-0.41155	25.0768	
0.998744	0.000861705	-0.0501059	0.000861837	0.999409	0.0343662	0.0501059	-0.0343662	0.998152	0.651412	-0.44675	26.1204	
0.99864	0.000933038	-0.0521364	0.000933187	0.99936	0.0357592	0.0521364	-0.0357592	0.998	0.704857	-0.483407	27.1638	
0.998531	0.00100726	-0.0541681	0.00100742	0.999309	0.037153	0.0541681	-0.037153	0.99784	0.760425	-0.52152	28.2071	
0.998419	0.00108437	-0.0562007	0.00108455	0.999256	0.0385475	0.0562007	-0.0385475	0.997675	0.818118	-0.561091	29.2502	
0.998302	0.00116436	-0.0582342	0.00116457	0.999201	0.0399426	0.0582342	-0.0399426	0.997504	0.877936	-0.60212	30.2932	
0.998181	0.00124725	-0.0602684	0.00124748	0.999144	0.0413383	0.0602684	-0.0413383	0.997326	0.93988	-0.644607	31.3359	
0.998056	0.00133303	-0.0623034	0.00133328	0.999086	0.0427345	0.0623034	-0.0427345	0.997142	1.00395	-0.688555	32.3785	
0.997927	0.0014217	-0.0643389	0.00142198	0.999025	0.0441311	0.0643389	-0.0441311	0.996952	1.07015	-0.733962	33.4208	
0.997794	0.00151326	-0.0663749	0.00151357	0.998962	0.045528	0.0663749	-0.045528	0.996756	1.13848	-0.780829	34.463	
0.997656	0.00160771	-0.0684112	0.00160805	0.998897	0.0469252	0.0684112	-0.0469253	0.996553	1.20894	-0.829157	35.505	
0.997514	0.00170505	-0.0704478	0.00170541	0.99883	0.0483227	0.0704478	-0.0483227	0.996344	1.28152	-0.878946	36.5467	
0.997368	0.00180527	-0.0724846	0.00180567	0.998762	0.0497202	0.0724846	-0.0497202	0.996129	1.35624	-0.930195	37.5882	
0.997218	0.00190837	-0.0745214	0.00190881	0.998691	0.0511178	0.0745214	-0.0511178	0.995908	1.43308	-0.982906	38.6295	
0.997063	0.00201436	-0.0765582	0.00201483	0.998618	0.0525154	0.0765582	-0.0525154	0.995681	1.51205	-1.03708	39.6706	
0.996904	0.00212322	-0.0785948	0.00212373	0.998543	0.053913	0.0785948	-0.053913	0.995448	1.59316	-1.09271	40.7114	
0.996742	0.00223495	-0.0806312	0.0022355	0.998467	0.0553103	0.0806311	-0.0553103	0.995208	1.67639	-1.14981	41.752	
0.996574	0.00234955	-0.0826672	0.00235014	0.998388	0.0567075	0.0826671	-0.0567075	0.994963	1.76175	-1.20836	42.7923	
0.996403	0.002467	-0.0847027	0.00246764	0.998307	0.0581043	0.0847027	-0.0581044	0.994711	1.84924	-1.26838	43.8323	
0.996228	0.00258732	-0.0867377	0.002588	0.998225	0.0595008	0.0867376	-0.0595009	0.994453	1.93885	-1.32985	44.8721	
0.996048	0.00271048	-0.0887719	0.00271121	0.99814	0.0608969	0.0887719	-0.0608969	0.994189	2.0306	-1.39279	45.9117	
0.995865	0.00283648	-0.0908055	0.00283727	0.998054	0.0622925	0.0908054	-0.0622925	0.993919	2.12447	-1.45718	46.9509	
0.995677	0.00296532	-0.0928381	0.00296616	0.997965	0.0636874	0.0928381	-0.0636875	0.993642	2.22046	-1.52303	47.9898	
0.995485	0.00309698	-0.0948698	0.00309788	0.997875	0.0650818	0.0948697	-0.0650818	0.99336	2.31858	-1.59035	49.0285	
0.995289	0.00323147	-0.0969004	0.00323242	0.997783	0.0664754	0.0969003	-0.0664754	0.993072	2.41883	-1.65911	50.0669	
0.995089	0.00336876	-0.0989298	0.00336977	0.997689	0.0678682	0.0989297	-0.0678683	0.992777	2.52119	-1.72934	51.1049	
0.994885	0.00350884	-0.100958	0.00350992	0.997592	0.0692602	0.100958	-0.0692603	0.992477	2.62568	-1.80102	52.1427	
0.994676	0.00365172	-0.102985	0.00365287	0.997494	0.0706513	0.102985	-0.0706513	0.992171	2.73229	-1.87416	53.1801	
0.994464	0.00379738	-0.10501	0.00379859	0.997394	0.0720413	0.10501	-0.0720414	0.991858	2.84101	-1.94874	54.2172	
0.994248	0.0039458	-0.107034	0.00394709	0.997293	0.0734303	0.107033	-0.0734304	0.99154	2.95185	-2.02479	55.254	
0.994027	0.00409698	-0.109055	0.00409834	0.997189	0.0748182	0.109055	-0.0748182	0.991216	3.06481	-2.10228	56.2904	
0.993803	0.00425091	-0.111076	0.00425234	0.997083	0.0762048	0.111076	-0.0762049	0.990886	3.17987	-2.18122	57.3265	
0.993575	0.00440756	-0.113094	0.00440908	0.996976	0.0775902	0.113094	-0.0775903	0.99055	3.29705	-2.26162	58.3623	
0.993342	0.00456693	-0.11511	0.00456853	0.996866	0.0789742	0.11511	-0.0789743	0.990208	3.41634	-2.34346	59.3977	
0.993106	0.00472901	-0.117124	0.00473069	0.996755	0.0803568	0.117124	-0.0803569	0.989861	3.53774	-2.42674	60.4327	
0.992866	0.00489377	-0.119136	0.00489554	0.996642	0.0817379	0.119136	-0.0817381	0.989508	3.66124	-2.51148	61.4674	
0.992622	0.00506121	-0.121146	0.00506308	0.996527	0.0831175	0.121146	-0.0831176	0.989149	3.78684	-2.59765	62.5017	
0.992374	0.00523131	-0.123153	0.00523327	0.99641	0.0844955	0.123153	-0.0844956	0.988784	3.91454	-2.68527	63.5356	
0.992122	0.00540406	-0.125158	0.00540611	0.996292	0.0858717	0.125158	-0.0858719	0.988414	4.04434	-2.77432	64.5691	
0.991866	0.00557943	-0.12716	0.00558159	0.996171	0.0872463	0.12716	-0.0872464	0.988038	4.17623	-2.86482	65.6023	
0.991607	0.00575741	-0.12916	0.00575967	0.996049	0.0886189	0.12916	-0.0886191	0.987656	4.31022	-2.95675	66.635	
0.991344	0.00593799	-0.131156	0.00594036	0.995925	0.0899897	0.131156	-0.0899899	0.987269	4.44629	-3.05011	67.6674	
0.99148	0.00584232	-0.130128	0.00642504	0.995584	0.0936525	0.130101	-0.0936906	0.987064	4.58286	-3.14612	68.6994	
0.991615	0.00574261	-0.129098	0.00690563	0.99523	0.0973132	0.129041	-0.0973888	0.986845	4.71832	-3.24601	69.7312	
0.99175	0.00563883	-0.128066	0.00738209	0.994862	0.100972	0.127977	-0.101084	0.986612	4.85267	-3.34975	70.7628	
0.994197	0.00336983	-0.107518	0.00924014	0.99314	0.116569	0.107173	-0.116886	0.987346	4.9756	-3.4637	71.7947	
0.996211	0.000772662	-0.0869612	0.0107688	0.991168	0.132173	0.0862953	-0.132608	0.987405	5.07674	-3.59412	72.827	
0.99779	-0.00215089	-0.0664104	0.0119671	0.988949	0.147772	0.0653587	-0.14824	0.986789	5.15601	-3.74094	73.8591	
0.998932	-0.00539882	-0.0458795	0.0128342	0.986484	0.163356	0.0443774	-0.16377	0.9855	5.21338	-3.90405	74.8901	
0.999638	-0.00896893	-0.0253823	0.0133695	0.983774	0.178914	0.0233658	-0.179189	0.983537	5.24879	-4.08333	75.9194	
0.999905	-0.0128588	-0.00493309	0.0135726	0.980821	0.194437	0.00233826	-0.194485	0.980903	5.26223	-4.27867	76.9463	
0.999735	-0.0170657	0.0154543	0.0134434	0.977628	0.209912	-0.0186909	-0.209648	0.977598	5.25368	-4.48993	77.9702	
0.999127	-0.0215868	0.035766	0.012982	0.974196	0.225329	-0.0397073	-0.224668	0.973626	5.22315	-4.71698	78.9902	
0.998082	-0.026419	0.0559881	0.0121886	0.970528	0.240679	-0.0606965	-0.239535	0.968989	5.17067	-4.95964	80.0057	
0.9966	-0.0315591	0.0761067	0.0110639	0.966627	0.25595	-0.0816443	-0.254238	0.963689	5.09626	-5.21777	81.016	
0.994683	-0.0370034	0.0961082	0.00960859	0.962494	0.271133	-0.102536	-0.268767	0.957732	4.99997	-5.49117	82.0204	
0.992331	-0.0427483	0.115979	0.00782367	0.958133	0.286215	-0.123358	-0.283113	0.95112	4.88189	-5.77967	83.0183	
0.989547	-0.0487899	0.135705	0.00571036	0.953547	0.301189	-0.144096	-0.297266	0.943859	4.74207	-6.08307	84.0089	
0.986332	-0.055124	0.155273	0.00327011	0.948739	0.316042	-0.164735	-0.311215	0.935953	4.58063	-6.40115	84.9916	
0.982689	-0.0617463	0.17467	0.000504581	0.943713	0.330766	-0.185262	-0.324952	0.927407	4.39767	-6.73371	85.9657	
0.97862	-0.0686523	0.193883	-0.00258433	0.938471	0.345349	-0.205662	-0.338466	0.918228	4.19331	-7.08052	86.9305	
0.974127	-0.0758373	0.212898	-0.00599452	0.933017	0.359782	-0.225922	-0.35175	0.908422	3.96769	-7.44134	87.8854	
0.969214	-0.0832963	0.231702	-0.00972366	0.927355	0.374056	-0.246028	-0.364793	0.897996	3.72098	-7.81591	88.8297	
0.963884	-0.0910242	0.250283	-0.0137692	0.921489	0.38816	-0.265965	-0.377587	0.886956	3.45333	-8.204	89.7628	
0.958141	-0.0990159	0.268628	-0.0181284	0.915423	0.402085	-0.285721	-0.390124	0.87531	3.16493	-8.60533	90.6841	
0.951989	-0.107266	0.286724	-0.0227982	0.909161	0.41582	-0.305281	-0.402393	0.863066	2.85598	-9.01962	91.5928	
0.945432	-0.115768	0.304559	-0.0277755	0.902707	0.429358	-0.324633	-0.414388	0.850233	2.52669	-9.4466	92.4884	
0.938474	-0.124517	0.32212	-0.0330569	0.896066	0.442688	-0.343763	-0.4261	0.836819	2.17728	-9.88597	93.3704	
0.931121	-0.133508	0.339397	-0.0386387	0.889242	0.455802	-0.362659	-0.437521	0.822833	1.80799	-10.3374	94.238	
0.923376	-0.142732	0.356376	-0.0445172	0.88224	0.468691	-0.381307	-0.448643	0.808285	1.41908	-10.8007	95.0906	
0.915246	-0.152185	0.373047	-0.0506884	0.875064	0.481345	-0.399694	-0.459458	0.793185	1.01081	-11.2754	95.9278	
0.906736	-0.16186	0.389398	-0.0571479	0.867721	0.493756	-0.417808	-0.46996	0.777544	0.583453	-11.7613	96.7489	
0.897852	-0.171751	0.405418	-0.0638914	0.860213	0.505916	-0.435637	-0.48014	0.761371	0.137308	-12.2579	97.5534	
0.8886	-0.181849	0.421095	-0.0709144	0.852548	0.517816	-0.453168	-0.489993	0.744678	-0.327321	-12.7651	98.3407	
0.878986	-0.19215	0.43642	-0.0782119	0.844729	0.529448	-0.47039	-0.499511	0.727477	-0.810117	-13.2823	99.1103	
0.869017	-0.202645	0.451381	-0.0857791	0.836763	0.540805	-0.48729	-0.508688	0.709778	-1.31075	-13.8094	99.8616	
