1	0	0	0	1	0	0	0	1	0	0	0	
1	3.3575e-07	0.000590481	3.3575e-07	0.999999	-0.00113721	-0.000590481	0.00113721	0.999999	-0.000294048	0.000566307	0.995959	
0.999999	1.34967e-06	0.00118404	1.34902e-06	0.999997	-0.00227923	-0.00118404	0.00227923	0.999997	-0.00117772	0.00226762	1.99192	
0.999998	3.05156e-06	0.00178064	3.04892e-06	0.999994	-0.00342599	-0.00178064	0.00342599	0.999993	-0.00265407	0.00510871	2.98787	
0.999997	5.45112e-06	0.00238027	5.4445e-06	0.99999	-0.00457745	-0.00238027	0.00457745	0.999987	-0.00472612	0.00909426	3.98382	
0.999996	8.558e-06	0.00298289	8.54471e-06	0.999984	-0.00573354	-0.00298289	0.00573354	0.999979	-0.00739686	0.0142289	4.97976	
0.999994	1.23818e-05	0.00358848	1.23584e-05	0.999976	-0.00689421	-0.00358848	0.00689421	0.99997	-0.0106693	0.0205173	5.9757	
0.999991	1.69319e-05	0.00419703	1.68943e-05	0.999968	-0.00805939	-0.00419703	0.00805939	0.999959	-0.0145463	0.0279639	6.97162	
0.999988	2.22177e-05	0.00480849	2.21611e-05	0.999957	-0.00922903	-0.00480849	0.00922902	0.999946	-0.0190309	0.0365732	7.96753	
0.999985	2.82486e-05	0.00542284	2.81674e-05	0.999946	-0.0104031	-0.00542284	0.0104031	0.999931	-0.0241259	0.0463496	8.96343	
0.999982	3.50337e-05	0.00604006	3.49217e-05	0.999933	-0.0115814	-0.00604006	0.0115814	0.999915	-0.0298341	0.0572974	9.95932	
0.999978	4.25822e-05	0.00666011	4.24323e-05	0.999919	-0.0127641	-0.00666011	0.0127641	0.999896	-0.0361586	0.0694209	10.9552	
0.999973	5.09031e-05	0.00728298	5.07074e-05	0.999903	-0.0139509	-0.00728298	0.0139509	0.999876	-0.043102	0.0827245	11.951	
0.999969	6.00054e-05	0.00790864	5.97553e-05	0.999885	-0.0151419	-0.00790864	0.0151419	0.999854	-0.0506671	0.0972121	12.9469	
0.999964	6.98978e-05	0.00853705	6.9584e-05	0.999867	-0.016337	-0.00853705	0.016337	0.99983	-0.0588567	0.112888	13.9427	
0.999958	8.05891e-05	0.00916819	8.02015e-05	0.999846	-0.0175362	-0.00916819	0.0175362	0.999804	-0.0676736	0.129756	14.9384	
0.999952	9.2088e-05	0.00980203	9.16155e-05	0.999824	-0.0187393	-0.00980204	0.0187393	0.999776	-0.0771203	0.147821	15.9342	
0.999946	0.000104403	0.0104386	0.000103834	0.999801	-0.0199463	-0.0104386	0.0199463	0.999747	-0.0871998	0.167085	16.9299	
0.999939	0.000117542	0.0110777	0.000116864	0.999776	-0.0211572	-0.0110777	0.0211572	0.999715	-0.0979144	0.187554	17.9256	
0.999931	0.000131515	0.0117195	0.000130714	0.99975	-0.0223718	-0.0117195	0.0223718	0.999681	-0.109267	0.20923	18.9213	
0.999924	0.000146328	0.0123639	0.00014539	0.999722	-0.0235902	-0.0123639	0.0235902	0.999645	-0.12126	0.232119	19.9169	
0.999915	0.00016199	0.0130108	0.0001609	0.999692	-0.0248123	-0.0130108	0.0248123	0.999607	-0.133896	0.256222	20.9125	
0.999907	0.00017851	0.0136603	0.000177252	0.999661	-0.0260379	-0.0136603	0.0260379	0.999568	-0.147178	0.281544	21.908	
0.999898	0.000195894	0.0143122	0.000194452	0.999628	-0.0272671	-0.0143123	0.0272671	0.999526	-0.161108	0.308089	22.9035	
0.999888	0.000214152	0.0149667	0.000212506	0.999594	-0.0284998	-0.0149667	0.0284998	0.999482	-0.175688	0.33586	23.899	
0.999878	0.000233289	0.0156236	0.000231423	0.999558	-0.0297359	-0.0156236	0.0297359	0.999436	-0.190921	0.36486	24.8944	
0.999867	0.000253314	0.0162829	0.000251208	0.99952	-0.0309753	-0.0162829	0.0309753	0.999388	-0.20681	0.395093	25.8898	
0.999856	0.000274235	0.0169446	0.000271868	0.999481	-0.0322181	-0.0169446	0.0322181	0.999337	-0.223357	0.426562	26.8851	
0.999845	0.000296058	0.0176086	0.000293409	0.99944	-0.0334641	-0.0176087	0.033464	0.999285	-0.240563	0.459271	27.8804	
0.999833	0.000318791	0.018275	0.000315837	0.999397	-0.0347132	-0.018275	0.0347132	0.99923	-0.258433	0.493221	28.8756	
0.99982	0.00034244	0.0189437	0.000339159	0.999353	-0.0359654	-0.0189437	0.0359654	0.999173	-0.276967	0.528418	29.8708	
0.999808	0.000367013	0.0196146	0.000363381	0.999307	-0.0372207	-0.0196147	0.0372207	0.999115	-0.296168	0.564863	30.8659	
0.999794	0.000392515	0.0202878	0.000388508	0.999259	-0.038479	-0.0202878	0.038479	0.999053	-0.316039	0.60256	31.8609	
0.99978	0.000418955	0.0209631	0.000414546	0.99921	-0.0397402	-0.0209632	0.0397401	0.99899	-0.336581	0.641512	32.8559	
0.999766	0.000446338	0.0216407	0.000441501	0.999159	-0.0410042	-0.0216408	0.0410042	0.998925	-0.357797	0.681721	33.8508	
0.999751	0.00047467	0.0223204	0.000469377	0.999106	-0.0422711	-0.0223205	0.042271	0.998857	-0.379689	0.72319	34.8457	
0.999735	0.000503958	0.0230022	0.000498181	0.999052	-0.0435406	-0.0230023	0.0435405	0.998787	-0.402259	0.765922	35.8405	
0.999719	0.000534208	0.0236861	0.000527917	0.998995	-0.0448128	-0.0236862	0.0448127	0.998715	-0.425509	0.809921	36.8352	
0.999703	0.000565426	0.024372	0.000558591	0.998937	-0.0460876	-0.0243722	0.0460876	0.99864	-0.449441	0.855187	37.8298	
0.999686	0.000597617	0.02506	0.000590206	0.998877	-0.047365	-0.0250602	0.0473649	0.998563	-0.474057	0.901725	38.8244	
0.999668	0.000630787	0.02575	0.000622769	0.998816	-0.0486448	-0.0257502	0.0486447	0.998484	-0.49936	0.949535	39.8189	
0.99965	0.000664942	0.0264419	0.000656282	0.998753	-0.0499271	-0.0264421	0.0499269	0.998403	-0.52535	0.998622	40.8133	
0.999632	0.000700086	0.0271357	0.000690751	0.998688	-0.0512116	-0.027136	0.0512115	0.998319	-0.552031	1.04899	41.8076	
0.999612	0.000736226	0.0278314	0.00072618	0.998621	-0.0524985	-0.0278317	0.0524984	0.998233	-0.579404	1.10063	42.8019	
0.999593	0.000773365	0.028529	0.000762573	0.998552	-0.0537876	-0.0285293	0.0537874	0.998145	-0.607471	1.15356	43.796	
0.999572	0.000811509	0.0292285	0.000799934	0.998482	-0.0550788	-0.0292288	0.0550786	0.998054	-0.636233	1.20777	44.7901	
0.999552	0.000850663	0.0299297	0.000838266	0.998409	-0.0563721	-0.02993	0.0563719	0.997961	-0.665693	1.26327	45.7841	
0.99953	0.00089083	0.0306327	0.000877573	0.998335	-0.0576675	-0.030633	0.0576673	0.997866	-0.695852	1.32006	46.7779	
0.999508	0.000932016	0.0313374	0.000917858	0.99826	-0.0589648	-0.0313378	0.0589646	0.997768	-0.726712	1.37814	47.7717	
0.999486	0.000974225	0.0320438	0.000959125	0.998182	-0.060264	-0.0320442	0.0602637	0.997668	-0.758275	1.43752	48.7654	
0.999463	0.00101746	0.0327519	0.00100138	0.998103	-0.061565	-0.0327524	0.0615647	0.997566	-0.790543	1.49818	49.759	
0.999439	0.00106173	0.0334616	0.00104462	0.998021	-0.0628678	-0.0334621	0.0628675	0.997461	-0.823516	1.56015	50.7525	
0.999415	0.00110703	0.0341729	0.00108885	0.997938	-0.0641723	-0.0341735	0.064172	0.997354	-0.857197	1.62341	51.7459	
0.999391	0.00115337	0.0348858	0.00113407	0.997853	-0.0654785	-0.0348864	0.0654781	0.997244	-0.891588	1.68798	52.7391	
0.999365	0.00120074	0.0356002	0.00118029	0.997767	-0.0667862	-0.0356009	0.0667858	0.997132	-0.926689	1.75384	53.7323	
0.99934	0.00124917	0.0363161	0.00122751	0.997678	-0.0680954	-0.0363169	0.068095	0.997018	-0.962503	1.82101	54.7253	
0.999313	0.00129864	0.0370335	0.00127572	0.997588	-0.0694061	-0.0370343	0.0694057	0.996901	-0.99903	1.88948	55.7183	
0.999286	0.00134916	0.0377524	0.00132494	0.997495	-0.0707182	-0.0377532	0.0707177	0.996782	-1.03627	1.95926	56.7111	
0.999259	0.00140074	0.0384726	0.00137516	0.997401	-0.0720315	-0.0384735	0.072031	0.99666	-1.07423	2.03035	57.7038	
0.999231	0.00145337	0.0391942	0.00142639	0.997306	-0.0733462	-0.0391952	0.0733456	0.996536	-1.11291	2.10274	58.6964	
0.999202	0.00150706	0.0399171	0.00147862	0.997208	-0.074662	-0.0399182	0.0746614	0.99641	-1.15231	2.17644	59.6888	
0.999173	0.00156181	0.0406414	0.00153187	0.997108	-0.0759789	-0.0406425	0.0759783	0.996281	-1.19242	2.25146	60.6811	
0.999143	0.00161762	0.0413669	0.00158612	0.997007	-0.0772969	-0.0413681	0.0772963	0.99615	-1.23326	2.32779	61.6733	
0.999112	0.00167449	0.0420936	0.00164138	0.996904	-0.0786159	-0.0420949	0.0786152	0.996016	-1.27483	2.40543	62.6654	
0.999008	0.00186098	0.0444858	0.00155769	0.997054	-0.0766907	-0.0444974	0.076684	0.996062	-1.31795	2.48276	63.6574	
0.998898	0.00204301	0.0468803	0.00146944	0.9972	-0.0747672	-0.0469018	0.0747537	0.996098	-1.36346	2.55818	64.6494	
0.998783	0.00222055	0.049277	0.00137662	0.997342	-0.0728452	-0.0493078	0.0728244	0.996125	-1.41137	2.63167	65.6415	
0.998661	0.0023936	0.0516758	0.00127924	0.997481	-0.0709248	-0.0517154	0.070896	0.996142	-1.46168	2.70324	66.6336	
0.998534	0.00256214	0.0540766	0.00117731	0.997616	-0.069006	-0.0541244	0.0689684	0.99615	-1.51439	2.77289	67.6258	
0.9984	0.00272615	0.056479	0.00107081	0.997746	-0.0670886	-0.0565346	0.0670418	0.996147	-1.56949	2.84062	68.6179	
0.998261	0.00288562	0.0588831	0.000959761	0.997874	-0.0651728	-0.0589459	0.065116	0.996135	-1.627	2.90643	69.61	
0.998115	0.00304054	0.0612886	0.00084416	0.997997	-0.0632584	-0.0613582	0.063191	0.996113	-1.68691	2.97033	70.6021	
0.997964	0.0031909	0.0636954	0.00072401	0.998116	-0.0613455	-0.0637712	0.0612668	0.996082	-1.74922	3.0323	71.5942	
0.997173	0.00376242	0.0750398	-0.000813899	0.999228	-0.0392847	-0.0751296	0.0391126	0.996406	-1.81839	3.08229	72.5864	
0.996254	0.00408153	0.0863843	-0.00260281	0.999848	-0.0172235	-0.0864415	0.0169342	0.996113	-1.89886	3.1102	73.5787	
0.995205	0.00414802	0.0977221	-0.00464163	0.999978	0.0048243	-0.0976999	-0.00525476	0.995202	-1.99056	3.11602	74.5704	
0.994029	0.00396187	0.109046	-0.00692907	0.999616	0.0268451	-0.108898	-0.0274404	0.993674	-2.09345	3.09974	75.5609	
0.992725	0.00352318	0.120349	-0.00946373	0.998762	0.0488253	-0.120028	-0.0496091	0.99153	-2.20745	3.06137	76.5495	
0.991296	0.00283223	0.131624	-0.012244	0.997419	0.0707512	-0.131084	-0.071747	0.988772	-2.33251	3.00093	77.5357	
0.989741	0.00188945	0.142864	-0.0152683	0.995585	0.0926092	-0.142058	-0.0938404	0.9854	-2.46854	2.91847	78.5189	
0.988061	0.000695413	0.154062	-0.0185345	0.993263	0.114386	-0.152945	-0.115876	0.981418	-2.61545	2.81403	79.4984	
0.986258	-0.000749131	0.165212	-0.0220408	0.990454	0.136067	-0.163736	-0.137839	0.976827	-2.77316	2.68768	80.4736	
0.984333	-0.00244329	0.176305	-0.025785	0.98716	0.157641	-0.174427	-0.159717	0.971631	-2.94156	2.53949	81.4439	
0.982286	-0.00438601	0.187336	-0.0297646	0.983382	0.179092	-0.185009	-0.181496	0.965832	-3.12057	2.36957	82.4088	
0.98012	-0.0065761	0.198298	-0.0339774	0.979123	0.200409	-0.195476	-0.203162	0.959434	-3.31005	2.178	83.3676	
0.977835	-0.00901218	0.209183	-0.0384205	0.974386	0.221577	-0.205822	-0.224703	0.952442	-3.5099	1.96492	84.3197	
0.975433	-0.0116928	0.219986	-0.0430914	0.969173	0.242584	-0.216041	-0.246104	0.944859	-3.71999	1.73046	85.2646	
0.972915	-0.0146162	0.230699	-0.0479871	0.963488	0.263417	-0.226125	-0.267353	0.936691	-3.94019	1.47476	86.2016	
0.970284	-0.0177806	0.241315	-0.0531045	0.957334	0.284062	-0.23607	-0.288436	0.927942	-4.17036	1.19797	87.1302	
0.96754	-0.0211841	0.251829	-0.0584405	0.950716	0.304507	-0.245868	-0.30934	0.918617	-4.41037	0.900275	88.0498	
0.964685	-0.0248245	0.262233	-0.0639918	0.943636	0.324739	-0.255514	-0.330052	0.908724	-4.66006	0.581854	88.9598	
0.961722	-0.0286996	0.272521	-0.0697549	0.936101	0.344746	-0.265001	-0.35056	0.898266	-4.91928	0.242906	89.8597	
0.958651	-0.032807	0.282687	-0.0757264	0.928113	0.364515	-0.274324	-0.37085	0.887252	-5.18787	-0.11636	90.7489	
0.955475	-0.0371442	0.292724	-0.0819023	0.919679	0.384035	-0.283477	-0.39091	0.875688	-5.46566	-0.495721	91.6269	
0.952196	-0.0417084	0.302627	-0.088279	0.910803	0.403292	-0.292454	-0.410729	0.863581	-5.75247	-0.894942	92.493	
0.948816	-0.0464968	0.312389	-0.0948525	0.901491	0.422275	-0.30125	-0.430292	0.850939	-6.04814	-1.31377	93.3469	
0.945336	-0.0515064	0.322004	-0.101619	0.891749	0.440972	-0.309859	-0.449589	0.837769	-6.35248	-1.75196	94.1879	
0.94176	-0.0567343	0.331465	-0.108573	0.881583	0.459372	-0.318277	-0.468607	0.82408	-6.66529	-2.20923	95.0155	
0.938089	-0.062177	0.340769	-0.115712	0.870999	0.477464	-0.326496	-0.487334	0.80988	-6.98639	-2.68529	95.8292	
0.934325	-0.0678313	0.349907	-0.123031	0.860003	0.495235	-0.334514	-0.50576	0.795178	-7.31558	-3.17986	96.6285	
