1	0	0	0	1	0	0	0	1	0	0	0	
0.999995	4.19095e-06	-0.00306805	4.19095e-06	0.999996	0.00273199	0.00306805	-0.00273199	0.999992	0.00117531	-0.00104657	0.766159	
0.999981	1.67712e-05	-0.00613777	1.67673e-05	0.999985	0.00546418	0.00613777	-0.00546418	0.999966	0.00470189	-0.00418637	1.53231	
0.999958	3.77508e-05	-0.00920912	3.77349e-05	0.999966	0.00819653	0.00920912	-0.00819653	0.999924	0.010581	-0.00941954	2.29843	
0.999925	6.71392e-05	-0.012282	6.70996e-05	0.99994	0.010929	0.012282	-0.010929	0.999865	0.0188139	-0.0167462	3.06451	
0.999882	0.000104946	-0.0153564	0.000104867	0.999907	0.0136614	0.0153564	-0.0136614	0.999789	0.0294016	-0.0261663	3.83054	
0.99983	0.00015118	-0.0184322	0.000151042	0.999866	0.0163939	0.0184322	-0.0163939	0.999696	0.0423454	-0.0376799	4.5965	
0.999769	0.000205851	-0.0215094	0.000205629	0.999817	0.0191263	0.0215094	-0.0191263	0.999586	0.0576463	-0.051287	5.36239	
0.999698	0.000268966	-0.0245879	0.000268633	0.999761	0.0218585	0.0245879	-0.0218585	0.999459	0.0753053	-0.0669875	6.12819	
0.999617	0.000340534	-0.0276676	0.000340058	0.999698	0.0245905	0.0276676	-0.0245905	0.999315	0.0953234	-0.0847813	6.89388	
0.999527	0.000420564	-0.0307484	0.000419909	0.999627	0.0273223	0.0307484	-0.0273223	0.999154	0.117701	-0.104668	7.65946	
0.999427	0.000509062	-0.0338304	0.000508189	0.999548	0.0300537	0.0338304	-0.0300537	0.998976	0.14244	-0.126648	8.4249	
0.999318	0.000606036	-0.0369134	0.000604901	0.999462	0.0327848	0.0369134	-0.0327848	0.998781	0.169541	-0.15072	9.19021	
0.9992	0.000711494	-0.0399974	0.000710049	0.999369	0.0355155	0.0399974	-0.0355154	0.998568	0.199004	-0.176885	9.95535	
0.999071	0.000825442	-0.0430822	0.000823635	0.999268	0.0382456	0.0430823	-0.0382456	0.998339	0.23083	-0.205141	10.7203	
0.998933	0.000947887	-0.0461679	0.000945662	0.99916	0.0409753	0.046168	-0.0409752	0.998093	0.26502	-0.235489	11.4851	
0.998786	0.00107883	-0.0492544	0.00107613	0.999044	0.0437043	0.0492545	-0.0437042	0.99783	0.301575	-0.267928	12.2497	
0.998628	0.00121829	-0.0523416	0.00121505	0.998921	0.0464326	0.0523417	-0.0464326	0.997549	0.340495	-0.302458	13.0141	
0.998462	0.00136626	-0.0554295	0.00136241	0.99879	0.0491603	0.0554296	-0.0491602	0.997252	0.38178	-0.339078	13.7783	
0.998285	0.00152276	-0.0585179	0.00151823	0.998652	0.0518871	0.058518	-0.051887	0.996937	0.425431	-0.377787	14.5422	
0.998099	0.00168778	-0.0616069	0.00168249	0.998506	0.0546132	0.061607	-0.054613	0.996605	0.471449	-0.418585	15.3059	
0.997903	0.00186133	-0.0646963	0.0018552	0.998353	0.0573383	0.0646964	-0.0573381	0.996256	0.519833	-0.461472	16.0693	
0.997698	0.00204341	-0.067786	0.00203637	0.998193	0.0600625	0.0677863	-0.0600623	0.99589	0.570585	-0.506445	16.8325	
0.997483	0.00223404	-0.0708762	0.00222599	0.998025	0.0627857	0.0708764	-0.0627854	0.995507	0.623704	-0.553506	17.5954	
0.997258	0.00243321	-0.0739665	0.00242406	0.997849	0.0655079	0.0739668	-0.0655075	0.995107	0.679191	-0.602653	18.3579	
0.997023	0.00264093	-0.0770571	0.00263058	0.997666	0.0682289	0.0770574	-0.0682285	0.994689	0.737045	-0.653885	19.1202	
0.996779	0.0028572	-0.0801477	0.00284556	0.997476	0.0709487	0.0801482	-0.0709482	0.994255	0.797268	-0.707201	19.8821	
0.996525	0.00308203	-0.0832385	0.00306898	0.997278	0.0736673	0.083239	-0.0736668	0.993803	0.859858	-0.7626	20.6437	
0.996261	0.00331541	-0.0863292	0.00330086	0.997073	0.0763846	0.0863298	-0.076384	0.993334	0.924817	-0.820081	21.4049	
0.995988	0.00355736	-0.0894199	0.00354119	0.99686	0.0791006	0.0894205	-0.0790999	0.992848	0.992144	-0.879644	22.1658	
0.995704	0.00380787	-0.0925104	0.00378996	0.99664	0.0818152	0.0925111	-0.0818143	0.992345	1.06184	-0.941288	22.9263	
0.995411	0.00406694	-0.0956007	0.00404719	0.996413	0.0845283	0.0956016	-0.0845273	0.991824	1.1339	-1.00501	23.6864	
0.995109	0.00433459	-0.0986908	0.00431285	0.996178	0.0872399	0.0986918	-0.0872388	0.991287	1.20833	-1.07081	24.4461	
0.994796	0.0046108	-0.101781	0.00458696	0.995936	0.0899499	0.101782	-0.0899487	0.990732	1.28513	-1.13869	25.2054	
0.994474	0.00489559	-0.10487	0.00486951	0.995686	0.0926583	0.104871	-0.092657	0.99016	1.36429	-1.20864	25.9642	
0.994142	0.00518895	-0.107959	0.0051605	0.995429	0.0953651	0.10796	-0.0953635	0.989571	1.44582	-1.28067	26.7226	
0.9938	0.00549088	-0.111047	0.00545992	0.995165	0.09807	0.111049	-0.0980683	0.988965	1.52972	-1.35477	27.4805	
0.993448	0.00580139	-0.114135	0.00576777	0.994893	0.100773	0.114137	-0.100771	0.988341	1.61599	-1.43094	28.238	
0.993087	0.00612048	-0.117222	0.00608405	0.994613	0.103475	0.117224	-0.103472	0.9877	1.70462	-1.50918	28.995	
0.992716	0.00644814	-0.120308	0.00640875	0.994327	0.106174	0.120311	-0.106172	0.987043	1.79561	-1.58949	29.7515	
0.992335	0.00678437	-0.123394	0.00674188	0.994033	0.108871	0.123396	-0.108869	0.986368	1.88897	-1.67187	30.5075	
0.991944	0.00712918	-0.126479	0.00708342	0.993732	0.111567	0.126481	-0.111564	0.985675	1.9847	-1.75631	31.2629	
0.991543	0.00748257	-0.129563	0.00743337	0.993423	0.11426	0.129565	-0.114257	0.984966	2.08278	-1.84282	32.0178	
0.991132	0.00784453	-0.132646	0.00779173	0.993107	0.116952	0.132649	-0.116948	0.98424	2.18323	-1.93139	32.7722	
0.990712	0.00821507	-0.135727	0.0081585	0.992784	0.119641	0.135731	-0.119637	0.983496	2.28604	-2.02202	33.526	
0.990282	0.00859417	-0.138808	0.00853365	0.992453	0.122327	0.138812	-0.122323	0.982735	2.39121	-2.11471	34.2792	
0.989842	0.00898185	-0.141888	0.00891721	0.992115	0.125012	0.141892	-0.125007	0.981957	2.49875	-2.20946	35.0319	
0.989392	0.0093781	-0.144966	0.00930914	0.99177	0.127694	0.14497	-0.127689	0.981162	2.60864	-2.30626	35.7839	
0.988933	0.00978291	-0.148043	0.00970946	0.991417	0.130374	0.148048	-0.130368	0.98035	2.72089	-2.40512	36.5353	
0.988463	0.0101963	-0.151119	0.0101181	0.991058	0.133051	0.151124	-0.133045	0.979521	2.8355	-2.50603	37.2861	
0.987984	0.0106182	-0.154193	0.0105352	0.99069	0.135726	0.154199	-0.13572	0.978674	2.95246	-2.60899	38.0363	
0.987495	0.0110487	-0.157266	0.0109606	0.990316	0.138398	0.157272	-0.138391	0.977811	3.07178	-2.714	38.7857	
0.986996	0.0114878	-0.160337	0.0113944	0.989934	0.141068	0.160343	-0.14106	0.97693	3.19345	-2.82105	39.5346	
0.986487	0.0119354	-0.163406	0.0118365	0.989545	0.143735	0.163413	-0.143727	0.976032	3.31747	-2.93015	40.2827	
0.985518	0.0127828	-0.169087	0.0124345	0.989022	0.147243	0.169113	-0.147213	0.97454	3.44486	-3.0416	41.0299	
0.984517	0.0136504	-0.174759	0.0130536	0.988486	0.150749	0.174805	-0.150696	0.973003	3.57661	-3.15572	41.776	
0.983482	0.0145383	-0.180422	0.0136939	0.987937	0.154252	0.180488	-0.154175	0.971419	3.71272	-3.27251	42.5209	
0.982414	0.0154465	-0.186076	0.0143552	0.987374	0.157754	0.186163	-0.157651	0.969788	3.85317	-3.39197	43.2645	
0.981313	0.0163748	-0.191719	0.0150376	0.986799	0.161253	0.191829	-0.161122	0.968112	3.99798	-3.51409	44.0069	
0.980179	0.0173233	-0.197353	0.0157412	0.98621	0.164748	0.197486	-0.16459	0.96639	4.14712	-3.63886	44.748	
0.979013	0.018292	-0.202976	0.0164658	0.985608	0.168241	0.203133	-0.168052	0.964622	4.30058	-3.76629	45.4877	
0.977813	0.0192808	-0.208589	0.0172114	0.984994	0.17173	0.20877	-0.17151	0.962808	4.45838	-3.89637	46.2261	
0.976581	0.0202897	-0.214191	0.0179781	0.984366	0.175215	0.214397	-0.174963	0.960948	4.62049	-4.0291	46.963	
0.975316	0.0213187	-0.219782	0.0187657	0.983725	0.178697	0.220014	-0.17841	0.959043	4.7869	-4.16447	47.6985	
0.974019	0.0223677	-0.225361	0.0195744	0.983071	0.182174	0.225621	-0.181852	0.957092	4.95762	-4.30248	48.4326	
0.972688	0.0234367	-0.230929	0.020404	0.982405	0.185646	0.231217	-0.185288	0.955095	5.13262	-4.44312	49.1651	
0.971326	0.0245257	-0.236485	0.0212545	0.981725	0.189114	0.236801	-0.188717	0.953053	5.31191	-4.5864	49.8961	
0.96993	0.0256346	-0.242028	0.0221259	0.981033	0.192576	0.242374	-0.192141	0.950966	5.49548	-4.7323	50.6255	
0.968503	0.0267634	-0.24756	0.0230181	0.980327	0.196033	0.247936	-0.195557	0.948834	5.6833	-4.88082	51.3533	
0.967043	0.027912	-0.253078	0.0239311	0.979609	0.199485	0.253486	-0.198967	0.946656	5.87539	-5.03195	52.0794	
0.965551	0.0290805	-0.258584	0.024865	0.978877	0.202931	0.259023	-0.202369	0.944433	6.07172	-5.1857	52.8038	
0.964027	0.0302686	-0.264076	0.0258195	0.978133	0.20637	0.264548	-0.205765	0.942165	6.27229	-5.34205	53.5266	
0.96247	0.0314766	-0.269555	0.0267947	0.977376	0.209803	0.270061	-0.209152	0.939852	6.47709	-5.50099	54.2475	
0.960882	0.0327041	-0.275021	0.0277905	0.976607	0.213229	0.27556	-0.212531	0.937495	6.68611	-5.66253	54.9667	
0.959262	0.0339514	-0.280472	0.0288069	0.975824	0.216649	0.281047	-0.215902	0.935093	6.89934	-5.82666	55.6841	
0.957609	0.0352181	-0.285909	0.0298438	0.975029	0.220061	0.28652	-0.219265	0.932646	7.11676	-5.99336	56.3996	
0.955925	0.0365044	-0.291331	0.0309012	0.974222	0.223466	0.291979	-0.222619	0.930155	7.33838	-6.16264	57.1132	
0.95421	0.0378102	-0.296739	0.0319789	0.973402	0.226863	0.297424	-0.225964	0.92762	7.56417	-6.33449	57.8248	
0.952462	0.0391354	-0.302132	0.0330771	0.972569	0.230252	0.302855	-0.2293	0.925041	7.79412	-6.50889	58.5346	
0.950684	0.04048	-0.30751	0.0341954	0.971723	0.233633	0.308272	-0.232627	0.922417	8.02823	-6.68585	59.2423	
0.948873	0.0418439	-0.312872	0.035334	0.970866	0.237006	0.313674	-0.235943	0.91975	8.26649	-6.86535	59.948	
0.947032	0.043227	-0.318218	0.0364928	0.969995	0.240369	0.31906	-0.23925	0.917039	8.50888	-7.04738	60.6516	
0.945159	0.0446294	-0.323548	0.0376716	0.969113	0.243724	0.324432	-0.242546	0.914284	8.75539	-7.23195	61.3532	
0.943254	0.0460509	-0.328862	0.0388704	0.968218	0.24707	0.329788	-0.245832	0.911486	9.00601	-7.41904	62.0526	
0.941319	0.0474914	-0.33416	0.0400891	0.967311	0.250406	0.335129	-0.249108	0.908644	9.26073	-7.60864	62.7499	
0.939353	0.048951	-0.339441	0.0413277	0.966391	0.253732	0.340453	-0.252372	0.905759	9.51953	-7.80075	63.4449	
0.937356	0.0504295	-0.344705	0.042586	0.96546	0.257049	0.345761	-0.255625	0.902831	9.78241	-7.99536	64.1378	
0.935328	0.0519269	-0.349951	0.043864	0.964516	0.260355	0.351053	-0.258867	0.899861	10.0493	-8.19245	64.8283	
0.933269	0.0534431	-0.355181	0.0451616	0.96356	0.263651	0.356328	-0.262097	0.896847	10.3203	-8.39202	65.5166	
0.931179	0.0549781	-0.360392	0.0464787	0.962593	0.266936	0.361587	-0.265316	0.893791	10.5954	-8.59407	66.2026	
0.929059	0.0565318	-0.365586	0.0478152	0.961613	0.27021	0.366827	-0.268522	0.890693	10.8744	-8.79857	66.8862	
0.926909	0.0581041	-0.370761	0.049171	0.960622	0.273473	0.372051	-0.271715	0.887552	11.1574	-9.00552	67.5674	
0.924728	0.0596949	-0.375918	0.0505461	0.959619	0.276725	0.377257	-0.274896	0.884369	11.4445	-9.21492	68.2462	
0.922517	0.0613042	-0.381056	0.0519403	0.958604	0.279965	0.382445	-0.278064	0.881145	11.7355	-9.42675	68.9225	
0.915466	0.0663692	-0.396884	0.0544398	0.956809	0.285576	0.398696	-0.283041	0.872313	12.0348	-9.64171	69.5943	
0.908123	0.0715232	-0.41255	0.0570429	0.954982	0.291129	0.414801	-0.287914	0.863161	12.3464	-9.86043	70.2591	
0.90049	0.0767642	-0.428048	0.0597485	0.953124	0.296622	0.430753	-0.292681	0.853692	12.6703	-10.0829	70.9168	
0.89257	0.0820903	-0.443373	0.0625558	0.951236	0.302055	0.446548	-0.297341	0.84391	13.0064	-10.3089	71.5672	
0.884367	0.0874995	-0.458517	0.0654636	0.949318	0.307423	0.462178	-0.301891	0.833818	13.3546	-10.5385	72.2099	
0.875884	0.0929899	-0.473477	0.0684709	0.947372	0.312726	0.477639	-0.306331	0.823421	13.7146	-10.7715	72.8448	
