1	0	0	0	1	0	0	0	1	0	0	0	
0.999999	-1.24709e-07	-0.00116064	-1.24709e-07	1	-0.000214898	0.00116064	0.000214898	0.999999	0.000625161	0.000115752	1.07727	
0.999997	-4.99808e-07	-0.00232439	-4.99076e-07	1	-0.000429741	0.00232439	0.000429741	0.999997	0.00250232	0.000462977	2.15454	
0.999994	-1.12653e-06	-0.00349118	-1.12359e-06	1	-0.000644514	0.00349118	0.000644514	0.999994	0.0056348	0.00104161	3.23181	
0.999989	-2.00604e-06	-0.00466096	-1.99869e-06	1	-0.000859203	0.00466096	0.000859203	0.999989	0.0100258	0.00185157	4.30907	
0.999983	-3.13946e-06	-0.00583365	-3.12471e-06	0.999999	-0.00107379	0.00583365	0.00107379	0.999982	0.0156786	0.00289275	5.38633	
0.999975	-4.52784e-06	-0.00700919	-4.50196e-06	0.999999	-0.00128826	0.00700919	0.00128826	0.999975	0.0225962	0.00416504	6.46358	
0.999966	-6.17216e-06	-0.00818751	-6.13066e-06	0.999999	-0.00150261	0.00818751	0.00150261	0.999965	0.0307817	0.0056683	7.54082	
0.999956	-8.07335e-06	-0.00936855	-8.01096e-06	0.999999	-0.0017168	0.00936855	0.0017168	0.999955	0.0402381	0.00740239	8.61805	
0.999944	-1.02323e-05	-0.0105522	-1.0143e-05	0.999998	-0.00193084	0.0105522	0.00193084	0.999942	0.0509681	0.00936715	9.69527	
0.999931	-1.26498e-05	-0.0117385	-1.25267e-05	0.999998	-0.0021447	0.0117385	0.0021447	0.999929	0.0629747	0.0115624	10.7725	
0.999916	-1.53266e-05	-0.0129273	-1.51621e-05	0.999997	-0.00235837	0.0129273	0.00235837	0.999914	0.0762606	0.0139879	11.8497	
0.9999	-1.82633e-05	-0.0141185	-1.8049e-05	0.999997	-0.00257184	0.0141185	0.00257184	0.999897	0.0908284	0.0166435	12.9268	
0.999883	-2.14607e-05	-0.0153121	-2.11874e-05	0.999996	-0.00278509	0.0153121	0.00278508	0.999879	0.106681	0.0195289	14.004	
0.999864	-2.49193e-05	-0.016508	-2.45769e-05	0.999996	-0.0029981	0.016508	0.0029981	0.999859	0.12382	0.022644	15.0811	
0.999843	-2.86395e-05	-0.0177062	-2.82172e-05	0.999995	-0.00321086	0.0177062	0.00321086	0.999838	0.142249	0.0259883	16.1582	
0.999821	-3.26218e-05	-0.0189065	-3.2108e-05	0.999994	-0.00342337	0.0189065	0.00342336	0.999815	0.16197	0.0295618	17.2353	
0.999798	-3.68666e-05	-0.0201089	-3.62489e-05	0.999993	-0.00363559	0.0201089	0.00363559	0.999791	0.182985	0.033364	18.3124	
0.999773	-4.13742e-05	-0.0213134	-4.06393e-05	0.999993	-0.00384753	0.0213134	0.00384752	0.999765	0.205297	0.0373946	19.3894	
0.999746	-4.61449e-05	-0.0225199	-4.52787e-05	0.999992	-0.00405916	0.0225199	0.00405915	0.999738	0.228907	0.0416535	20.4664	
0.999718	-5.11788e-05	-0.0237282	-5.01664e-05	0.999991	-0.00427047	0.0237282	0.00427046	0.999709	0.253818	0.0461401	21.5434	
0.999689	-5.64761e-05	-0.0249384	-5.53018e-05	0.99999	-0.00448145	0.0249384	0.00448143	0.999679	0.280032	0.0508542	22.6203	
0.999658	-6.20369e-05	-0.0261503	-6.0684e-05	0.999989	-0.00469208	0.0261503	0.00469206	0.999647	0.30755	0.0557954	23.6972	
0.999626	-6.78612e-05	-0.027364	-6.63124e-05	0.999988	-0.00490235	0.027364	0.00490233	0.999614	0.336375	0.0609632	24.7741	
0.999592	-7.39488e-05	-0.0285793	-7.21859e-05	0.999987	-0.00511225	0.0285793	0.00511222	0.999578	0.366508	0.0663575	25.851	
0.999556	-8.02998e-05	-0.0297961	-7.83037e-05	0.999986	-0.00532176	0.0297961	0.00532173	0.999542	0.397951	0.0719776	26.9278	
0.999519	-8.69139e-05	-0.0310144	-8.46648e-05	0.999985	-0.00553087	0.0310144	0.00553083	0.999504	0.430706	0.0778231	28.0045	
0.99948	-9.37909e-05	-0.0322342	-9.1268e-05	0.999984	-0.00573956	0.0322342	0.00573952	0.999464	0.464774	0.0838938	29.0812	
0.99944	-0.000100931	-0.0334552	-9.81123e-05	0.999982	-0.00594783	0.0334553	0.00594778	0.999423	0.500156	0.090189	30.1579	
0.999399	-0.000108332	-0.0346776	-0.000105196	0.999981	-0.00615566	0.0346776	0.0061556	0.99938	0.536855	0.0967083	31.2345	
0.999355	-0.000115996	-0.0359012	-0.000112519	0.99998	-0.00636303	0.0359012	0.00636297	0.999335	0.574871	0.103451	32.3111	
0.999311	-0.000123921	-0.0371259	-0.000120079	0.999978	-0.00656994	0.0371259	0.00656987	0.999289	0.614207	0.110417	33.3876	
0.999264	-0.000132107	-0.0383517	-0.000127876	0.999977	-0.00677637	0.0383518	0.00677629	0.999241	0.654862	0.117606	34.4641	
0.999216	-0.000140553	-0.0395785	-0.000135906	0.999976	-0.0069823	0.0395786	0.00698221	0.999192	0.696838	0.125017	35.5406	
0.999167	-0.000149259	-0.0408063	-0.00014417	0.999974	-0.00718774	0.0408063	0.00718763	0.999141	0.740136	0.132649	36.6169	
0.999116	-0.000158223	-0.0420349	-0.000152665	0.999973	-0.00739265	0.0420349	0.00739253	0.999089	0.784757	0.140503	37.6932	
0.999064	-0.000167446	-0.0432643	-0.00016139	0.999971	-0.00759704	0.0432643	0.0075969	0.999035	0.830703	0.148577	38.7695	
0.99901	-0.000176926	-0.0444944	-0.000170344	0.99997	-0.00780088	0.0444945	0.00780073	0.998979	0.877973	0.15687	39.8457	
0.998954	-0.000186662	-0.0457252	-0.000179524	0.999968	-0.00800417	0.0457252	0.00800401	0.998922	0.926568	0.165383	40.9219	
0.998897	-0.000196654	-0.0469566	-0.000188928	0.999966	-0.00820689	0.0469566	0.00820671	0.998863	0.97649	0.174115	41.9979	
0.998838	-0.0002069	-0.0481885	-0.000198556	0.999965	-0.00840904	0.0481885	0.00840884	0.998803	1.02774	0.183065	43.0739	
0.998778	-0.0002174	-0.0494208	-0.000208405	0.999963	-0.00861059	0.0494209	0.00861037	0.998741	1.08031	0.192232	44.1499	
0.998716	-0.000228152	-0.0506535	-0.000218473	0.999961	-0.00881155	0.0506536	0.0088113	0.998677	1.13422	0.201616	45.2258	
0.998653	-0.000239155	-0.0518865	-0.000228759	0.999959	-0.00901189	0.0518866	0.00901162	0.998612	1.18945	0.211216	46.3016	
0.998588	-0.000250408	-0.0531198	-0.00023926	0.999958	-0.00921161	0.0531198	0.00921131	0.998546	1.24601	0.221031	47.3773	
0.998522	-0.000261909	-0.0543532	-0.000249973	0.999956	-0.00941069	0.0543533	0.00941036	0.998477	1.3039	0.231062	48.453	
0.998454	-0.000273657	-0.0555867	-0.000260898	0.999954	-0.00960912	0.0555868	0.00960876	0.998408	1.36312	0.241306	49.5286	
0.998384	-0.000285652	-0.0568203	-0.000272032	0.999952	-0.00980689	0.0568204	0.00980651	0.998336	1.42366	0.251764	50.6041	
0.998313	-0.00029789	-0.0580538	-0.000283372	0.99995	-0.010004	0.0580539	0.0100036	0.998263	1.48554	0.262434	51.6796	
0.998241	-0.000310372	-0.0592872	-0.000294917	0.999948	-0.0102004	0.0592873	0.0102	0.998189	1.54874	0.273317	52.7549	
0.998167	-0.000323095	-0.0605204	-0.000306664	0.999946	-0.0103962	0.0605205	0.0103957	0.998113	1.61328	0.28441	53.8302	
0.998091	-0.000336058	-0.0617534	-0.000318611	0.999944	-0.0105912	0.0617535	0.0105906	0.998035	1.67914	0.295714	54.9054	
0.998014	-0.000349258	-0.062986	-0.000330754	0.999942	-0.0107855	0.0629861	0.0107849	0.997956	1.74633	0.307228	55.9805	
0.997936	-0.000362695	-0.0642182	-0.000343093	0.99994	-0.0109791	0.0642183	0.0109785	0.997875	1.81484	0.31895	57.0555	
0.997856	-0.000376367	-0.06545	-0.000355624	0.999938	-0.011172	0.0654501	0.0111713	0.997793	1.88469	0.330881	58.1305	
0.997774	-0.000390271	-0.0666813	-0.000368345	0.999935	-0.0113641	0.0666814	0.0113633	0.99771	1.95586	0.343019	59.2053	
0.997691	-0.000404406	-0.0679119	-0.000381253	0.999933	-0.0115554	0.0679121	0.0115546	0.997624	2.02836	0.355364	60.2801	
0.997607	-0.00041877	-0.0691419	-0.000394346	0.999931	-0.011746	0.0691421	0.0117452	0.997538	2.10218	0.367914	61.3548	
0.997521	-0.00043336	-0.0703712	-0.00040762	0.999929	-0.0119358	0.0703713	0.0119349	0.997449	2.17732	0.380669	62.4293	
0.997433	-0.000448176	-0.0715996	-0.000421074	0.999926	-0.0121249	0.0715997	0.0121239	0.99736	2.2538	0.393628	63.5038	
0.997344	-0.000463215	-0.0728271	-0.000434705	0.999924	-0.0123131	0.0728273	0.0123121	0.997269	2.33159	0.40679	64.5782	
0.997254	-0.000478474	-0.0740537	-0.000448509	0.999922	-0.0125006	0.0740539	0.0124995	0.997176	2.4107	0.420154	65.6525	
0.997162	-0.000493952	-0.0752793	-0.000462484	0.999919	-0.0126872	0.0752795	0.012686	0.997082	2.49114	0.43372	66.7266	
0.997069	-0.000509646	-0.0765038	-0.000476627	0.999917	-0.012873	0.076504	0.0128717	0.996986	2.5729	0.447486	67.8007	
0.996975	-0.000525555	-0.0777272	-0.000490935	0.999915	-0.013058	0.0777274	0.0130566	0.996889	2.65597	0.461452	68.8747	
0.996878	-0.000541675	-0.0789493	-0.000505406	0.999912	-0.0132421	0.0789495	0.0132407	0.996791	2.74036	0.475617	69.9486	
0.996781	-0.000558004	-0.0801701	-0.000520036	0.99991	-0.0134254	0.0801704	0.0134239	0.996691	2.82607	0.489979	71.0223	
0.998395	-8.79972e-05	-0.0566302	-0.00140744	0.999651	-0.0263666	0.0566128	0.0264039	0.998047	2.89975	0.511434	72.0968	
0.999453	0.000688139	-0.0330669	-0.0019889	0.999225	-0.0393206	0.0330142	0.0393649	0.998679	2.94803	0.546861	73.1724	
0.999953	0.00176984	-0.00949721	-0.00226402	0.99863	-0.0522782	0.00939167	0.0522972	0.998587	2.97087	0.596237	74.2483	
0.999896	0.00315633	0.0140618	-0.00223258	0.997868	-0.0652298	-0.0142377	0.0651916	0.997771	2.96826	0.659524	75.3237	
0.999281	0.00484658	0.037593	-0.00189461	0.996939	-0.0781662	-0.0378567	0.0780388	0.996231	2.9402	0.736678	76.3978	
0.998109	0.00683939	0.0610793	-0.00125035	0.995843	-0.0910779	-0.0614483	0.0908293	0.993969	2.88671	0.827642	77.4698	
0.996381	0.00913331	0.0845037	-0.000300281	0.994582	-0.103956	-0.0849953	0.103554	0.990986	2.80783	0.93235	78.5391	
0.994098	0.0117267	0.107849	0.000954922	0.993156	-0.11679	-0.108481	0.116204	0.987283	2.70361	1.05073	79.6047	
0.991262	0.0146176	0.131099	0.00251434	0.991567	-0.129572	-0.131887	0.128769	0.982865	2.57413	1.18269	80.6659	
0.987874	0.017804	0.154236	0.00437685	0.989815	-0.142291	-0.155198	0.141241	0.977734	2.41948	1.32813	81.7221	
0.983937	0.0212835	0.177243	0.0065411	0.987902	-0.15494	-0.178397	0.15361	0.971894	2.23979	1.48696	82.7723	
0.979454	0.0250536	0.200105	0.00900551	0.98583	-0.167508	-0.201466	0.165868	0.965349	2.03517	1.65905	83.8158	
0.974429	0.0291117	0.222803	0.0117683	0.983599	-0.179986	-0.224389	0.178006	0.958104	1.80577	1.84429	84.8519	
0.968864	0.0334547	0.245323	0.0148275	0.981211	-0.192367	-0.247149	0.190015	0.950164	1.55177	2.04253	85.8798	
0.962764	0.0380795	0.267647	0.0181808	0.978669	-0.204639	-0.26973	0.201885	0.941535	1.27334	2.25363	86.8988	
0.956134	0.0429828	0.289759	0.0218259	0.975973	-0.216796	-0.292115	0.21361	0.932223	0.970693	2.47745	87.9082	
0.948978	0.0481609	0.311643	0.02576	0.973126	-0.228827	-0.314289	0.225179	0.922235	0.644042	2.71381	88.9071	
0.941301	0.0536102	0.333284	0.0299804	0.970131	-0.240724	-0.336234	0.236586	0.911578	0.293625	2.96255	89.8949	
0.933109	0.0593266	0.354666	0.0344839	0.966988	-0.252478	-0.357936	0.24782	0.900259	-0.0803028	3.22348	90.8709	
0.924408	0.0653061	0.375772	0.0392673	0.963701	-0.264082	-0.379378	0.258875	0.888288	-0.477471	3.49642	91.8343	
0.915204	0.0715443	0.396589	0.0443272	0.960271	-0.275526	-0.400545	0.269742	0.875673	-0.897591	3.78117	92.7845	
0.905504	0.0780367	0.4171	0.0496598	0.956702	-0.286802	-0.421421	0.280413	0.862422	-1.34036	4.07752	93.7208	
0.895315	0.0847786	0.437291	0.0552613	0.952996	-0.297902	-0.441992	0.290881	0.848546	-1.80545	4.38526	94.6424	
0.884644	0.091765	0.457147	0.0611277	0.949155	-0.308818	-0.462242	0.301139	0.834055	-2.29254	4.70416	95.5488	
0.873499	0.0989909	0.476655	0.0672546	0.945182	-0.319542	-0.482157	0.311177	0.818959	-2.80125	5.034	96.4392	
0.861889	0.106451	0.495798	0.0736377	0.941081	-0.330067	-0.501722	0.32099	0.803268	-3.33124	5.37453	97.3131	
0.84982	0.11414	0.514565	0.0802722	0.936854	-0.340384	-0.520924	0.33057	0.786995	-3.88211	5.7255	98.1697	
0.837304	0.122052	0.532941	0.0871535	0.932504	-0.350486	-0.539747	0.339911	0.770152	-4.45346	6.08667	99.0085	
0.824347	0.130182	0.550913	0.0942764	0.928035	-0.360366	-0.558179	0.349005	0.752749	-5.04488	6.45777	99.8288	
0.81096	0.138524	0.568467	0.101636	0.923449	-0.370017	-0.576207	0.357845	0.734801	-5.65594	6.83853	100.63	
0.797153	0.147071	0.585592	0.109227	0.91875	-0.379431	-0.593816	0.366427	0.71632	-6.28619	7.22867	101.412	
0.782935	0.155818	0.602274	0.117043	0.913942	-0.388602	-0.610994	0.374742	0.697319	-6.93518	7.62792	102.173	
0.768317	0.164757	0.618502	0.125079	0.909027	-0.397524	-0.62773	0.382786	0.677813	-7.60245	8.03597	102.914	
