1	0	0	0	1	0	0	0	1	0	0	0	
1	2.50579e-07	-0.000255245	2.50579e-07	0.999998	0.00196344	0.000255245	-0.00196344	0.999998	0.000119437	-0.000918751	0.935858	
1	1.00397e-06	-0.000510916	1.00391e-06	0.999992	0.00392995	0.000510916	-0.00392995	0.999992	0.000477946	-0.00367644	1.87171	
1	2.26258e-06	-0.000767003	2.26236e-06	0.999983	0.00589945	0.000767003	-0.00589945	0.999982	0.00107592	-0.00827591	2.80756	
0.999999	4.02874e-06	-0.0010235	4.02821e-06	0.999969	0.00787187	0.0010235	-0.00787187	0.999968	0.00191375	-0.0147199	3.7434	
0.999999	6.30473e-06	-0.00128038	6.30366e-06	0.999952	0.00984711	0.00128038	-0.00984711	0.999951	0.0029918	-0.0230111	4.67922	
0.999999	9.09273e-06	-0.00153766	9.09085e-06	0.99993	0.0118251	0.00153766	-0.0118251	0.999929	0.00431045	-0.0331522	5.61502	
0.999998	1.23948e-05	-0.0017953	1.23918e-05	0.999905	0.0138057	0.0017953	-0.0138057	0.999903	0.00587004	-0.0451456	6.5508	
0.999998	1.62131e-05	-0.00205331	1.62086e-05	0.999875	0.015789	0.00205331	-0.015789	0.999873	0.00767092	-0.0589939	7.48655	
0.999997	2.05495e-05	-0.00231167	2.05431e-05	0.999842	0.0177747	0.00231167	-0.0177747	0.999839	0.00971342	-0.0746993	8.42228	
0.999997	2.5406e-05	-0.00257038	2.53971e-05	0.999805	0.0197629	0.00257038	-0.0197629	0.999801	0.0119979	-0.0922642	9.35797	
0.999996	3.07842e-05	-0.00282941	3.07723e-05	0.999763	0.0217533	0.00282941	-0.0217533	0.999759	0.0145246	-0.111691	10.2936	
0.999995	3.6686e-05	-0.00308877	3.66706e-05	0.999718	0.0237461	0.00308877	-0.0237461	0.999713	0.0172939	-0.132981	11.2292	
0.999994	4.3113e-05	-0.00334843	4.30934e-05	0.999669	0.025741	0.00334843	-0.025741	0.999663	0.020306	-0.156138	12.1648	
0.999993	5.00669e-05	-0.0036084	5.00422e-05	0.999615	0.027738	0.0036084	-0.027738	0.999609	0.0235613	-0.181162	13.1003	
0.999993	5.7549e-05	-0.00386865	5.75187e-05	0.999558	0.0297369	0.00386865	-0.0297369	0.99955	0.0270601	-0.208056	14.0358	
0.999991	6.55609e-05	-0.00412918	6.5524e-05	0.999496	0.0317379	0.00412918	-0.0317379	0.999488	0.0308025	-0.236822	14.9712	
0.99999	7.41038e-05	-0.00438997	7.40595e-05	0.999431	0.0337406	0.00438998	-0.0337406	0.999421	0.0347889	-0.267462	15.9065	
0.999989	8.31791e-05	-0.00465103	8.31265e-05	0.999361	0.0357451	0.00465103	-0.0357451	0.99935	0.0390194	-0.299976	16.8418	
0.999988	9.2788e-05	-0.00491233	9.27259e-05	0.999287	0.0377513	0.00491233	-0.0377513	0.999275	0.0434944	-0.334367	17.777	
0.999987	0.000102931	-0.00517386	0.000102859	0.999209	0.0397591	0.00517386	-0.0397591	0.999196	0.048214	-0.370636	18.7122	
0.999985	0.000113611	-0.00543562	0.000113527	0.999127	0.0417683	0.00543562	-0.0417683	0.999113	0.0531785	-0.408786	19.6473	
0.999984	0.000124827	-0.00569759	0.00012473	0.999041	0.043779	0.00569759	-0.043779	0.999025	0.0583881	-0.448816	20.5822	
0.999982	0.00013658	-0.00595976	0.000136469	0.998951	0.0457911	0.00595976	-0.0457911	0.998933	0.0638429	-0.490728	21.5171	
0.999981	0.000148872	-0.00622212	0.000148746	0.998857	0.0478043	0.00622213	-0.0478043	0.998837	0.0695431	-0.534524	22.452	
0.999979	0.000161702	-0.00648467	0.00016156	0.998758	0.0498188	0.00648467	-0.0498188	0.998737	0.075489	-0.580205	23.3867	
0.999977	0.000175073	-0.00674738	0.000174913	0.998656	0.0518344	0.00674738	-0.0518344	0.998633	0.0816807	-0.627771	24.3213	
0.999975	0.000188984	-0.00701025	0.000188804	0.998549	0.0538509	0.00701026	-0.0538509	0.998524	0.0881183	-0.677225	25.2558	
0.999974	0.000203435	-0.00727328	0.000203234	0.998438	0.0558684	0.00727328	-0.0558684	0.998412	0.094802	-0.728566	26.1903	
0.999972	0.000218428	-0.00753643	0.000218205	0.998323	0.0578867	0.00753644	-0.0578867	0.998295	0.101732	-0.781795	27.1246	
0.99997	0.000233962	-0.00779972	0.000233714	0.998204	0.0599058	0.00779973	-0.0599058	0.998174	0.108908	-0.836914	28.0588	
0.999967	0.000250037	-0.00806312	0.000249764	0.998081	0.0619256	0.00806313	-0.0619256	0.998048	0.116331	-0.893922	28.9929	
0.999965	0.000266655	-0.00832663	0.000266354	0.997953	0.0639459	0.00832664	-0.0639459	0.997919	0.124	-0.952821	29.9269	
0.999963	0.000283814	-0.00859023	0.000283484	0.997822	0.0659668	0.00859024	-0.0659668	0.997785	0.131916	-1.01361	30.8607	
0.999961	0.000301515	-0.00885391	0.000301155	0.997686	0.0679881	0.00885392	-0.0679881	0.997647	0.140079	-1.07629	31.7944	
0.999958	0.000319758	-0.00911767	0.000319365	0.997546	0.0700097	0.00911768	-0.0700097	0.997505	0.148488	-1.14087	32.728	
0.999956	0.000338543	-0.00938148	0.000338114	0.997402	0.0720316	0.0093815	-0.0720316	0.997358	0.157144	-1.20733	33.6615	
0.999953	0.000357869	-0.00964535	0.000357403	0.997254	0.0740536	0.00964537	-0.0740536	0.997208	0.166048	-1.27569	34.5948	
0.999951	0.000377736	-0.00990926	0.000377231	0.997102	0.0760758	0.00990928	-0.0760758	0.997053	0.175198	-1.34594	35.528	
0.999948	0.000398144	-0.0101732	0.000397598	0.996946	0.0780979	0.0101732	-0.0780979	0.996894	0.184595	-1.41808	36.461	
0.999945	0.000419092	-0.0104372	0.000418503	0.996785	0.08012	0.0104372	-0.08012	0.996731	0.194239	-1.49212	37.3939	
0.999943	0.00044058	-0.0107011	0.000439945	0.996621	0.0821419	0.0107011	-0.0821419	0.996563	0.20413	-1.56804	38.3266	
0.99994	0.000462606	-0.0109651	0.000461923	0.996452	0.0841636	0.0109651	-0.0841636	0.996392	0.214269	-1.64586	39.2591	
0.999937	0.000485171	-0.011229	0.000484438	0.996279	0.086185	0.0112291	-0.086185	0.996216	0.224654	-1.72557	40.1915	
0.999934	0.000508273	-0.0114929	0.000507487	0.996102	0.0882059	0.011493	-0.0882059	0.996036	0.235286	-1.80718	41.1238	
0.999931	0.000531912	-0.0117568	0.000531071	0.995921	0.0902264	0.0117569	-0.0902264	0.995852	0.246166	-1.89067	42.0558	
0.999928	0.000556086	-0.0120207	0.000555187	0.995736	0.0922463	0.0120207	-0.0922463	0.995664	0.257292	-1.97605	42.9877	
0.999924	0.000580795	-0.0122844	0.000579835	0.995547	0.0942656	0.0122845	-0.0942656	0.995471	0.268665	-2.06333	43.9194	
0.999921	0.000606037	-0.0125482	0.000605014	0.995354	0.0962841	0.0125482	-0.0962841	0.995275	0.280285	-2.15249	44.851	
0.999918	0.00063181	-0.0128118	0.000630723	0.995156	0.0983018	0.0128118	-0.0983018	0.995074	0.292152	-2.24354	45.7823	
0.999914	0.000658115	-0.0130753	0.000656959	0.994955	0.100319	0.0130754	-0.100319	0.994869	0.304265	-2.33648	46.7135	
0.999911	0.000684949	-0.0133388	0.000683722	0.99475	0.102334	0.0133388	-0.102334	0.994661	0.316625	-2.43131	47.6444	
0.999907	0.000712311	-0.0136021	0.000711011	0.99454	0.104349	0.0136022	-0.104349	0.994448	0.329232	-2.52803	48.5752	
0.999904	0.0007402	-0.0138653	0.000738822	0.994327	0.106363	0.0138654	-0.106363	0.994231	0.342084	-2.62662	49.5057	
0.9999	0.000768613	-0.0141284	0.000767156	0.99411	0.108375	0.0141285	-0.108375	0.99401	0.355184	-2.72711	50.4361	
0.999896	0.000797549	-0.0143913	0.000796009	0.993888	0.110386	0.0143914	-0.110386	0.993785	0.368529	-2.82947	51.3662	
0.999892	0.000827006	-0.0146541	0.000825381	0.993663	0.112396	0.0146542	-0.112396	0.993555	0.38212	-2.93372	52.2962	
0.999888	0.000856983	-0.0149167	0.000855269	0.993434	0.114404	0.0149168	-0.114404	0.993322	0.395957	-3.03984	53.2259	
0.999884	0.000887478	-0.0151791	0.000885672	0.993201	0.116411	0.0151792	-0.116411	0.993085	0.41004	-3.14785	54.1554	
0.99988	0.000918487	-0.0154414	0.000916586	0.992964	0.118416	0.0154415	-0.118416	0.992844	0.424368	-3.25773	55.0847	
0.999876	0.00095001	-0.0157034	0.000948011	0.992723	0.120419	0.0157036	-0.120419	0.992599	0.438942	-3.36949	56.0137	
0.999872	0.000982044	-0.0159653	0.000979944	0.992478	0.12242	0.0159654	-0.12242	0.99235	0.453761	-3.48312	56.9425	
0.999889	0.000850339	-0.0148926	0.000962178	0.992618	0.121277	0.0148858	-0.121278	0.992507	0.468197	-3.59715	57.8713	
0.999904	0.000719771	-0.0138189	0.000945644	0.992757	0.120133	0.0138053	-0.120135	0.992662	0.481623	-3.71012	58.8002	
0.999919	0.000590353	-0.0127443	0.000930343	0.992895	0.118988	0.012724	-0.11899	0.992814	0.494036	-3.82201	59.7293	
0.999932	0.000462095	-0.0116689	0.000916279	0.993032	0.117842	0.0116421	-0.117845	0.992964	0.505438	-3.93283	60.6585	
0.999944	0.000335007	-0.0105928	0.000903455	0.993167	0.116695	0.0105595	-0.116698	0.993111	0.515827	-4.04258	61.5878	
0.999955	0.000209099	-0.00951591	0.000891873	0.993302	0.115547	0.00947633	-0.11555	0.993256	0.525202	-4.15126	62.5173	
0.999964	8.43814e-05	-0.00843842	0.000881537	0.993435	0.114397	0.00839267	-0.114401	0.993399	0.533564	-4.25886	63.4469	
0.999973	-3.91367e-05	-0.00736035	0.000872448	0.993566	0.113247	0.00730857	-0.113251	0.99354	0.540911	-4.36538	64.3767	
0.99998	-0.000161446	-0.00628179	0.00086461	0.993697	0.112096	0.00622409	-0.112099	0.993677	0.547243	-4.47083	65.3066	
0.999986	-0.000282537	-0.00520279	0.000858024	0.993826	0.110944	0.00513932	-0.110947	0.993813	0.55256	-4.5752	66.2366	
0.999991	-0.000402401	-0.00412342	0.000852692	0.993954	0.109792	0.00405431	-0.109794	0.993946	0.556862	-4.67849	67.1667	
0.999995	-0.000521029	-0.00304375	0.000848616	0.994081	0.108638	0.00296913	-0.10864	0.994077	0.560149	-4.7807	68.0969	
0.999998	-0.000638414	-0.00196385	0.000845798	0.994207	0.107483	0.00188386	-0.107485	0.994205	0.56242	-4.88184	69.0273	
0.999999	-0.000754546	-0.000883783	0.00084424	0.994331	0.106328	0.000798543	-0.106329	0.994331	0.563675	-4.98189	69.9578	
1	-0.000869419	0.000196389	0.000843943	0.994454	0.105172	-0.000286738	-0.105172	0.994454	0.563914	-5.08085	70.8884	
0.999955	-0.00173612	0.00933066	0.000948653	0.996487	0.083747	-0.00944327	-0.0837344	0.996443	0.559361	-5.16925	71.8201	
0.999826	-0.00240591	0.0184807	0.00125038	0.998058	0.0622849	-0.0185946	-0.062251	0.997887	0.546241	-5.23757	72.7533	
0.999614	-0.0028784	0.0276414	0.00174897	0.999166	0.0407976	-0.0277358	-0.0407335	0.998785	0.52456	-5.28576	73.6877	
0.999317	-0.00315335	0.0368079	0.00244414	0.999811	0.0192968	-0.0368618	-0.0191937	0.999136	0.494332	-5.3138	74.6226	
0.998937	-0.0032306	0.0459751	0.00333552	0.999992	-0.00220559	-0.0459676	0.00235659	0.99894	0.455572	-5.32168	75.5576	
0.998474	-0.00311011	0.055138	0.00442261	0.999709	-0.0236979	-0.0550483	0.0239056	0.998197	0.408301	-5.30939	76.4922	
0.997927	-0.00279194	0.0642916	0.00570482	0.998963	-0.0451684	-0.0640988	0.0454415	0.996908	0.352546	-5.27694	77.4258	
0.997298	-0.00227627	0.0734309	0.00718145	0.997754	-0.0666052	-0.0731143	0.0669526	0.995074	0.288337	-5.22434	78.3579	
0.996586	-0.00156339	0.0825508	0.00885168	0.996081	-0.0879967	-0.0820897	0.088427	0.992694	0.215709	-5.15163	79.2881	
0.995791	-0.00065368	0.0916464	0.0107146	0.993948	-0.109331	-0.0910202	0.109853	0.989772	0.134703	-5.05885	80.2158	
0.994915	0.000452361	0.100713	0.0127692	0.991353	-0.130597	-0.0999009	0.131219	0.986307	0.0453609	-4.94604	81.1405	
0.993958	0.00175413	0.109745	0.0150144	0.9883	-0.151782	-0.108727	0.152513	0.982303	-0.0522666	-4.81327	82.0617	
0.99292	0.0032509	0.118737	0.0174489	0.984789	-0.172875	-0.117493	0.173723	0.97776	-0.158126	-4.6606	82.9789	
0.991802	0.00494187	0.127686	0.0200713	0.980823	-0.193865	-0.126196	0.194839	0.972683	-0.272161	-4.48814	83.8916	
0.990605	0.00682611	0.136586	0.0228804	0.976403	-0.21474	-0.134829	0.215848	0.967073	-0.394307	-4.29595	84.7993	
0.989328	0.00890258	0.145431	0.0258744	0.971533	-0.235488	-0.143388	0.236738	0.960934	-0.524499	-4.08417	85.7016	
0.987974	0.0111702	0.154218	0.0290518	0.966214	-0.256099	-0.151869	0.257499	0.954269	-0.662664	-3.85289	86.5978	
0.986542	0.0136276	0.162942	0.0324109	0.96045	-0.276561	-0.160266	0.27812	0.947082	-0.808728	-3.60224	87.4875	
0.985033	0.0162735	0.171597	0.0359498	0.954244	-0.296862	-0.168576	0.298588	0.939376	-0.96261	-3.33237	88.3703	
0.983448	0.0191065	0.180179	0.0396665	0.947598	-0.316992	-0.176794	0.318892	0.931156	-1.12423	-3.04342	89.2456	
0.981789	0.022125	0.188683	0.043559	0.940518	-0.336939	-0.184915	0.339022	0.922426	-1.29349	-2.73555	90.113	
0.980055	0.0253274	0.197105	0.0476253	0.933007	-0.356693	-0.192935	0.358966	0.913192	-1.4703	-2.40893	90.972	
0.978248	0.0287119	0.20544	0.051863	0.925068	-0.376243	-0.200849	0.378714	0.903458	-1.65457	-2.06373	91.8221	
