1	0	0	0	1	0	0	0	1	0	0	0	
1	1.13047e-06	0.000641665	1.13047e-06	0.999994	-0.00352355	-0.000641665	0.00352355	0.999994	-0.000338819	0.00186054	1.05606	
0.999999	4.53941e-06	0.00128606	4.53587e-06	0.999975	-0.00705657	-0.00128606	0.00705657	0.999974	-0.00135672	0.00744717	2.1121	
0.999998	1.0252e-05	0.00193315	1.02378e-05	0.999944	-0.0105989	-0.00193315	0.0105989	0.999942	-0.00305656	0.0167698	3.16812	
0.999997	1.82932e-05	0.00258292	1.82577e-05	0.9999	-0.0141503	-0.00258292	0.0141503	0.999897	-0.00544118	0.0298381	4.2241	
0.999995	2.86878e-05	0.00323533	2.86165e-05	0.999843	-0.0177106	-0.00323533	0.0177106	0.999838	-0.0085134	0.0466617	5.28002	
0.999992	4.146e-05	0.00389035	4.13349e-05	0.999774	-0.0212797	-0.00389035	0.0212797	0.999766	-0.012276	0.0672497	6.33587	
0.99999	5.66341e-05	0.00454795	5.64335e-05	0.999691	-0.0248573	-0.00454795	0.0248572	0.999681	-0.0167317	0.0916115	7.39164	
0.999986	7.42339e-05	0.00520811	7.39322e-05	0.999595	-0.0284432	-0.00520811	0.0284432	0.999582	-0.0218832	0.119756	8.44731	
0.999983	9.42831e-05	0.00587079	9.3851e-05	0.999487	-0.0320373	-0.00587079	0.0320373	0.999469	-0.0277332	0.151691	9.50287	
0.999979	0.000116805	0.00653596	0.000116209	0.999365	-0.0356393	-0.00653597	0.0356393	0.999343	-0.0342843	0.187427	10.5583	
0.999974	0.000141822	0.0072036	0.000141026	0.999229	-0.0392492	-0.00720361	0.0392492	0.999203	-0.0415392	0.22697	11.6136	
0.999969	0.000169358	0.00787367	0.000168321	0.999081	-0.0428666	-0.00787369	0.0428666	0.99905	-0.0495005	0.27033	12.6687	
0.999963	0.000199434	0.00854614	0.000198111	0.998919	-0.0464915	-0.00854617	0.0464915	0.998882	-0.0581707	0.317514	13.7237	
0.999957	0.000232074	0.00922099	0.000230416	0.998743	-0.0501235	-0.00922103	0.0501235	0.9987	-0.0675524	0.368529	14.7785	
0.999951	0.000267298	0.00989817	0.000265253	0.998554	-0.0537626	-0.00989823	0.0537626	0.998505	-0.0776479	0.423384	15.8331	
0.999944	0.000305129	0.0105777	0.00030264	0.998351	-0.0574086	-0.0105777	0.0574085	0.998295	-0.0884598	0.482086	16.8875	
0.999937	0.000345587	0.0112594	0.000342593	0.998134	-0.0610611	-0.0112595	0.0610611	0.998071	-0.0999906	0.544642	17.9416	
0.999929	0.000388693	0.0119434	0.000385131	0.997903	-0.0647201	-0.0119436	0.0647201	0.997832	-0.112243	0.611058	18.9955	
0.99992	0.000434469	0.0126297	0.000430269	0.997659	-0.0683854	-0.0126298	0.0683854	0.997579	-0.125218	0.681342	20.0491	
0.999911	0.000482934	0.0133181	0.000478023	0.9974	-0.0720568	-0.0133183	0.0720568	0.997312	-0.138919	0.7555	21.1025	
0.999902	0.000534108	0.0140086	0.00052841	0.997128	-0.075734	-0.0140089	0.075734	0.99703	-0.153349	0.833538	22.1556	
0.999892	0.000588011	0.0147013	0.000581445	0.996841	-0.079417	-0.0147016	0.0794169	0.996733	-0.168509	0.915462	23.2083	
0.999881	0.000644662	0.0153961	0.000637143	0.996541	-0.0831054	-0.0153964	0.0831054	0.996422	-0.184402	1.00128	24.2608	
0.99987	0.00070408	0.0160929	0.000695519	0.996226	-0.0867992	-0.0160933	0.0867991	0.996096	-0.201029	1.09099	25.3129	
0.999859	0.000766284	0.0167917	0.000756587	0.995896	-0.090498	-0.0167922	0.090498	0.995755	-0.218394	1.18461	26.3647	
0.999847	0.000831292	0.0174926	0.000820362	0.995553	-0.0942018	-0.0174931	0.0942017	0.995399	-0.236497	1.28214	27.416	
0.999834	0.000899122	0.0181953	0.000886857	0.995195	-0.0979104	-0.0181959	0.0979103	0.995029	-0.255342	1.38358	28.4671	
0.999821	0.000969792	0.0189	0.000956086	0.994822	-0.101623	-0.0189007	0.101623	0.994643	-0.274931	1.48894	29.5177	
0.999807	0.00104332	0.0196066	0.00102806	0.994436	-0.105341	-0.0196074	0.105341	0.994243	-0.295264	1.59822	30.5679	
0.999793	0.00111972	0.020315	0.0011028	0.994034	-0.109063	-0.020316	0.109062	0.993827	-0.316345	1.71144	31.6176	
0.999778	0.00119901	0.0210253	0.00118031	0.993618	-0.112788	-0.0210263	0.112788	0.993397	-0.338175	1.82858	32.6669	
0.999763	0.00128121	0.0217373	0.0012606	0.993188	-0.116518	-0.0217385	0.116517	0.992951	-0.360756	1.94966	33.7158	
0.999747	0.00136633	0.0224511	0.00134368	0.992743	-0.120251	-0.0224525	0.12025	0.99249	-0.38409	2.07468	34.7642	
0.999731	0.00145439	0.0231666	0.00142958	0.992283	-0.123987	-0.0231681	0.123987	0.992013	-0.408179	2.20364	35.812	
0.999714	0.0015454	0.0238838	0.00151829	0.991808	-0.127727	-0.0238855	0.127726	0.991522	-0.433025	2.33656	36.8594	
0.999696	0.00163938	0.0246026	0.00160983	0.991319	-0.131469	-0.0246046	0.131469	0.991015	-0.458629	2.47342	37.9063	
0.999678	0.00173634	0.0253231	0.00170421	0.990815	-0.135215	-0.0253252	0.135214	0.990493	-0.484994	2.61424	38.9525	
0.999659	0.0018363	0.0260451	0.00180143	0.990296	-0.138963	-0.0260475	0.138962	0.989955	-0.51212	2.75901	39.9983	
0.99964	0.00193926	0.0267686	0.00190152	0.989762	-0.142713	-0.0267713	0.142713	0.989402	-0.54001	2.90774	41.0434	
0.99962	0.00204525	0.0274937	0.00200447	0.989214	-0.146466	-0.0274967	0.146466	0.988834	-0.568665	3.06044	42.088	
0.999599	0.00215428	0.0282202	0.00211029	0.98865	-0.150221	-0.0282236	0.150221	0.98825	-0.598087	3.2171	43.132	
0.999578	0.00226636	0.0289482	0.002219	0.988072	-0.153978	-0.0289519	0.153977	0.98765	-0.628278	3.37772	44.1753	
0.999557	0.00238149	0.0296776	0.0023306	0.987478	-0.157736	-0.0296816	0.157736	0.987035	-0.659238	3.54232	45.218	
0.999534	0.0024997	0.0304084	0.0024451	0.98687	-0.161497	-0.0304128	0.161496	0.986405	-0.69097	3.71088	46.26	
0.999512	0.00262099	0.0311404	0.00256251	0.986247	-0.165258	-0.0311453	0.165257	0.985759	-0.723474	3.88342	47.3014	
0.999488	0.00274538	0.0318738	0.00268282	0.985609	-0.16902	-0.0318791	0.169019	0.985097	-0.756753	4.05993	48.3421	
0.999464	0.00287287	0.0326084	0.00280606	0.984956	-0.172784	-0.0326143	0.172783	0.98442	-0.790808	4.24041	49.3821	
0.999439	0.00300348	0.0333443	0.00293222	0.984288	-0.176548	-0.0333506	0.176547	0.983727	-0.825639	4.42487	50.4213	
0.999414	0.00313721	0.0340813	0.00306132	0.983605	-0.180313	-0.0340882	0.180312	0.983019	-0.861249	4.6133	51.4598	
0.999388	0.00327408	0.0348195	0.00319335	0.982906	-0.184078	-0.034827	0.184077	0.982295	-0.897639	4.80571	52.4975	
0.999362	0.00341409	0.0355588	0.00332832	0.982193	-0.187843	-0.035567	0.187842	0.981555	-0.934809	5.00209	53.5345	
0.999335	0.00355726	0.0362992	0.00346623	0.981465	-0.191609	-0.036308	0.191607	0.9808	-0.972761	5.20245	54.5707	
0.999307	0.00370358	0.0370406	0.00360709	0.980722	-0.195374	-0.0370502	0.195372	0.980029	-1.0115	5.40679	55.6061	
0.999279	0.00385307	0.0377831	0.00375091	0.979964	-0.199139	-0.0377934	0.199137	0.979243	-1.05102	5.6151	56.6406	
0.99925	0.00400574	0.0385265	0.00389768	0.979191	-0.202903	-0.0385376	0.202901	0.978441	-1.09132	5.82739	57.6744	
0.99922	0.00416159	0.0392708	0.00404742	0.978403	-0.206667	-0.0392827	0.206665	0.977623	-1.13241	6.04365	58.7072	
0.99919	0.00432063	0.040016	0.00420011	0.9776	-0.210429	-0.0400289	0.210427	0.97679	-1.17429	6.26389	59.7392	
0.999159	0.00448286	0.0407621	0.00435576	0.976782	-0.214191	-0.0407759	0.214188	0.975941	-1.21696	6.4881	60.7703	
0.999127	0.0046483	0.041509	0.00451439	0.975949	-0.217951	-0.0415238	0.217949	0.975077	-1.26042	6.71628	61.8005	
0.999095	0.00481694	0.0422567	0.00467597	0.975101	-0.22171	-0.0422725	0.221707	0.974197	-1.30466	6.94843	62.8298	
0.999062	0.00498879	0.0430051	0.00484053	0.974239	-0.225467	-0.0430221	0.225464	0.973301	-1.3497	7.18455	63.8581	
0.999029	0.00516386	0.0437543	0.00500805	0.973361	-0.229223	-0.0437724	0.229219	0.97239	-1.39553	7.42464	64.8855	
0.998995	0.00534214	0.0445041	0.00517854	0.972469	-0.232976	-0.0445234	0.232973	0.971464	-1.44215	7.66869	65.9119	
0.99896	0.00552365	0.0452546	0.005352	0.971561	-0.236727	-0.0452752	0.236724	0.970522	-1.48957	7.91671	66.9373	
0.998925	0.00570838	0.0460056	0.00552842	0.970639	-0.240476	-0.0460276	0.240472	0.969564	-1.53778	8.16868	67.9618	
0.998966	0.00548984	0.0451251	0.00554517	0.970551	-0.240833	-0.0451184	0.240834	0.969517	-1.58591	8.42283	68.9857	
0.999007	0.00527127	0.044246	0.00556164	0.970462	-0.24119	-0.0442104	0.241197	0.969469	-1.63308	8.67735	70.0095	
0.999046	0.00505273	0.0433682	0.00557784	0.970373	-0.241549	-0.0433038	0.24156	0.969419	-1.67929	8.93226	71.0333	
0.999477	0.00241889	0.0322335	0.00468228	0.975845	-0.218416	-0.0319832	0.218452	0.975323	-1.71904	9.17518	72.0602	
0.999779	5.0539e-05	0.021035	0.00405631	0.980765	-0.19515	-0.0206402	0.195192	0.980548	-1.74683	9.39361	73.0931	
0.99995	-0.00205068	0.00978058	0.00370036	0.98513	-0.171768	-0.00928291	0.171796	0.985089	-1.76263	9.5874	74.131	
0.999991	-0.00388329	-0.00152188	0.00361469	0.988938	-0.148286	0.00208089	0.14828	0.988943	-1.76644	9.75642	75.1734	
0.999902	-0.00544603	-0.0128645	0.00379936	0.992185	-0.124721	0.0134432	0.12466	0.992108	-1.75824	9.90055	76.2196	
0.999683	-0.0067378	-0.0242395	0.00425423	0.994868	-0.101089	0.0247962	0.100954	0.994582	-1.73805	10.0197	77.2687	
0.999335	-0.0077577	-0.0356388	0.00497898	0.996987	-0.0774061	0.0361319	0.0771772	0.996362	-1.70587	10.1137	78.32	
0.998856	-0.00850503	-0.0470545	0.00597312	0.99854	-0.0536891	0.0474424	0.0533467	0.997448	-1.66174	10.1827	79.3729	
0.998248	-0.00897925	-0.0584787	0.00723596	0.999525	-0.0299546	0.0587199	0.029479	0.997839	-1.60568	10.2264	80.4265	
0.997512	-0.00918004	-0.0699033	0.0087666	0.999942	-0.00621905	0.0699564	0.00559076	0.997534	-1.53773	10.2449	81.4802	
0.996646	-0.00910727	-0.0813205	0.010564	0.999791	0.017501	0.0811441	-0.0183014	0.996534	-1.45794	10.2382	82.5332	
0.995653	-0.00876097	-0.0927223	0.0126269	0.999072	0.041189	0.0922753	-0.0421807	0.99484	-1.36636	10.2063	83.5847	
0.994533	-0.0081414	-0.104101	0.0149538	0.997784	0.0648284	0.103342	-0.0660307	0.992452	-1.26307	10.1491	84.6341	
0.993287	-0.00724898	-0.115448	0.0175431	0.99593	0.0884028	0.114337	-0.0898346	0.989372	-1.14812	10.0668	85.6807	
0.991915	-0.00608434	-0.126756	0.0203931	0.993511	0.111896	0.125252	-0.113576	0.985603	-1.0216	9.95942	86.7236	
0.990419	-0.00464829	-0.138016	0.0235018	0.990527	0.135291	0.13608	-0.137238	0.981146	-0.883602	9.82697	87.7621	
0.988799	-0.00294182	-0.149222	0.0268669	0.986982	0.158572	0.146813	-0.160805	0.976006	-0.734217	9.66959	88.7956	
0.987057	-0.000966133	-0.160365	0.0304861	0.982877	0.181722	0.157444	-0.184259	0.970186	-0.573551	9.48737	89.8233	
0.985194	0.0012774	-0.171438	0.0343569	0.978216	0.204726	0.167965	-0.207585	0.963689	-0.401715	9.28046	90.8445	
0.983211	0.00378721	-0.182432	0.0384766	0.973002	0.227568	0.178369	-0.230766	0.956521	-0.21883	9.04898	91.8585	
0.98111	0.00656156	-0.19334	0.0428424	0.967238	0.250231	0.188648	-0.253787	0.948685	-0.0250229	8.79311	92.8646	
0.978891	0.0095985	-0.204155	0.0474512	0.960928	0.272699	0.198796	-0.27663	0.940189	0.179571	8.51301	93.862	
0.976558	0.0128959	-0.214869	0.0522997	0.954078	0.294958	0.208806	-0.299281	0.931038	0.39481	8.2089	94.8502	
0.97411	0.0164515	-0.225475	0.0573847	0.946691	0.316991	0.21867	-0.321723	0.921237	0.620543	7.88097	95.8283	
0.971551	0.0202628	-0.235964	0.0627025	0.938772	0.338784	0.228381	-0.343941	0.910794	0.856613	7.52946	96.7957	
0.968881	0.0243272	-0.24633	0.0682494	0.930328	0.360321	0.237934	-0.36592	0.899717	1.10286	7.15461	97.7517	
0.966102	0.0286418	-0.256566	0.0740217	0.921365	0.381586	0.24732	-0.387643	0.888012	1.3591	6.75668	98.6958	
0.963217	0.0332036	-0.266664	0.0800152	0.911887	0.402566	0.256534	-0.409096	0.875689	1.62517	6.33595	99.6271	
0.960228	0.0380094	-0.276618	0.0862257	0.901903	0.423245	0.26557	-0.430263	0.862755	1.90087	5.89272	100.545	
0.957136	0.0430559	-0.28642	0.0926491	0.891418	0.44361	0.27442	-0.451131	0.84922	2.18602	5.42729	101.449	
0.953944	0.0483395	-0.296063	0.0992807	0.880441	0.463645	0.283079	-0.471685	0.835093	2.48041	4.93999	102.339	
