1	0	0	0	1	0	0	0	1	0	0	0	
0.999983	5.72954e-07	0.00576332	5.72954e-07	1	-0.000198826	-0.00576332	0.000198826	0.999983	-0.00299228	0.000103229	1.03838	
0.999934	2.29366e-06	0.0115271	2.29691e-06	1	-0.00039823	-0.0115271	0.00039823	0.999933	-0.0119693	0.000413217	2.07672	
0.99985	5.16567e-06	0.017291	5.17867e-06	1	-0.000598205	-0.017291	0.000598205	0.99985	-0.0269315	0.000930559	3.115	
0.999734	9.19249e-06	0.023055	9.22498e-06	1	-0.000798744	-0.023055	0.000798744	0.999734	-0.0478788	0.00165585	4.15317	
0.999585	1.43776e-05	0.0288187	1.44425e-05	1	-0.000999839	-0.0288187	0.00099984	0.999584	-0.0748113	0.00258966	5.1912	
0.999402	2.07243e-05	0.0345821	2.0838e-05	0.999999	-0.00120148	-0.0345821	0.00120149	0.999401	-0.107729	0.00373257	6.22906	
0.999186	2.8236e-05	0.0403448	2.8418e-05	0.999999	-0.00140367	-0.0403448	0.00140367	0.999185	-0.14663	0.00508515	7.26671	
0.998937	3.6916e-05	0.0461067	3.7189e-05	0.999999	-0.00160639	-0.0461067	0.0016064	0.998935	-0.191515	0.00664796	8.30412	
0.998654	4.67676e-05	0.0518675	4.71575e-05	0.999998	-0.00180964	-0.0518675	0.00180965	0.998652	-0.242383	0.00842155	9.34126	
0.998338	5.77939e-05	0.0576272	5.83301e-05	0.999998	-0.00201341	-0.0576272	0.00201342	0.998336	-0.299232	0.0104065	10.3781	
0.997989	6.99982e-05	0.0633853	7.07131e-05	0.999998	-0.00221769	-0.0633853	0.00221771	0.997987	-0.36206	0.0126032	11.4146	
0.997607	8.33834e-05	0.0691419	8.43128e-05	0.999997	-0.00242247	-0.0691419	0.0024225	0.997604	-0.430868	0.0150124	12.4507	
0.997191	9.79528e-05	0.0748965	9.91355e-05	0.999997	-0.00262775	-0.0748965	0.0026278	0.997188	-0.505651	0.0176345	13.4863	
0.996743	0.000113709	0.0806491	0.000115188	0.999996	-0.00283352	-0.0806491	0.00283358	0.996739	-0.58641	0.02047	14.5216	
0.996261	0.000130656	0.0863995	0.000132475	0.999995	-0.00303977	-0.0863995	0.00303985	0.996256	-0.67314	0.0235195	15.5563	
0.995745	0.000148795	0.0921473	0.000151004	0.999995	-0.0032465	-0.0921473	0.0032466	0.99574	-0.765841	0.0267833	16.5906	
0.995197	0.00016813	0.0978925	0.000170781	0.999994	-0.00345369	-0.0978925	0.00345382	0.995191	-0.864508	0.0302621	17.6242	
0.994615	0.000188664	0.103635	0.000191811	0.999993	-0.00366133	-0.103635	0.0036615	0.994609	-0.96914	0.0339564	18.6573	
0.994001	0.000210399	0.109374	0.000214102	0.999992	-0.00386943	-0.109374	0.00386963	0.993993	-1.07973	0.0378665	19.6898	
0.993353	0.000233338	0.11511	0.000237657	0.999992	-0.00407796	-0.11511	0.00407821	0.993344	-1.19628	0.0419929	20.7216	
0.992672	0.000257484	0.120842	0.000262484	0.999991	-0.00428694	-0.120842	0.00428724	0.992662	-1.31879	0.0463362	21.7527	
0.991958	0.000282839	0.126571	0.000288589	0.99999	-0.00449633	-0.126571	0.0044967	0.991947	-1.44724	0.0508968	22.7831	
0.99121	0.000309406	0.132295	0.000315976	0.999989	-0.00470614	-0.132295	0.00470658	0.991199	-1.58164	0.0556751	23.8128	
0.99043	0.000337187	0.138016	0.000344652	0.999988	-0.00491636	-0.138016	0.00491688	0.990418	-1.72199	0.0606715	24.8416	
0.989617	0.000366185	0.143732	0.000374622	0.999987	-0.00512698	-0.143732	0.00512759	0.989603	-1.86827	0.0658865	25.8696	
0.98877	0.000396403	0.149444	0.000405893	0.999986	-0.00533799	-0.149444	0.00533871	0.988756	-2.02049	0.0713206	26.8968	
0.987891	0.000427842	0.155151	0.000438468	0.999985	-0.00554939	-0.155151	0.00555022	0.987875	-2.17863	0.076974	27.923	
0.986978	0.000460504	0.160853	0.000472354	0.999983	-0.00576116	-0.160853	0.00576212	0.986962	-2.3427	0.0828473	28.9483	
0.986033	0.000494393	0.16655	0.000507557	0.999982	-0.00597329	-0.16655	0.0059744	0.986015	-2.51268	0.0889408	29.9727	
0.985055	0.00052951	0.172242	0.000544081	0.999981	-0.00618578	-0.172242	0.00618705	0.985035	-2.68858	0.095255	30.9961	
0.984043	0.000565858	0.177928	0.000581932	0.999979	-0.00639863	-0.177928	0.00640007	0.984023	-2.87039	0.10179	32.0184	
0.982999	0.000603438	0.183608	0.000621115	0.999978	-0.00661181	-0.183608	0.00661344	0.982977	-3.05809	0.108547	33.0396	
0.981923	0.000642252	0.189282	0.000661634	0.999976	-0.00682532	-0.189282	0.00682717	0.981899	-3.25169	0.115525	34.0598	
0.980813	0.000682303	0.19495	0.000703497	0.999975	-0.00703915	-0.19495	0.00704124	0.980788	-3.45118	0.122725	35.0788	
0.979671	0.000723593	0.200612	0.000746706	0.999973	-0.0072533	-0.200612	0.00725565	0.979644	-3.65656	0.130148	36.0966	
0.978495	0.000766122	0.206267	0.000791268	0.999972	-0.00746776	-0.206267	0.00747038	0.978467	-3.86781	0.137794	37.1133	
0.977288	0.000809894	0.211916	0.000837186	0.99997	-0.00768251	-0.211915	0.00768543	0.977258	-4.08492	0.145663	38.1287	
0.976047	0.00085491	0.217557	0.000884467	0.999968	-0.00789754	-0.217557	0.00790079	0.976016	-4.3079	0.153755	39.1428	
0.974774	0.000901172	0.223191	0.000933114	0.999967	-0.00811285	-0.223191	0.00811646	0.974741	-4.53674	0.162071	40.1556	
0.973469	0.000948681	0.228818	0.000983132	0.999965	-0.00832844	-0.228818	0.00833243	0.973434	-4.77142	0.170611	41.1671	
0.972131	0.000997439	0.234437	0.00103453	0.999963	-0.00854428	-0.234437	0.00854869	0.972094	-5.01194	0.179376	42.1772	
0.97076	0.00104745	0.240049	0.0010873	0.999961	-0.00876037	-0.240049	0.00876522	0.970721	-5.25829	0.188365	43.1859	
0.969357	0.00109871	0.245652	0.00114146	0.999959	-0.0089767	-0.245652	0.00898203	0.969316	-5.51046	0.197579	44.1932	
0.967922	0.00115122	0.251248	0.00119701	0.999957	-0.00919326	-0.251248	0.00919911	0.967879	-5.76845	0.207019	45.1989	
0.966455	0.00120499	0.256835	0.00125396	0.999955	-0.00941005	-0.256834	0.00941644	0.96641	-6.03224	0.216684	46.2032	
0.964955	0.00126002	0.262413	0.0013123	0.999953	-0.00962705	-0.262413	0.00963403	0.964908	-6.30183	0.226575	47.2059	
0.963423	0.0013163	0.267983	0.00137204	0.999951	-0.00984425	-0.267982	0.00985186	0.963373	-6.57721	0.236692	48.2071	
0.961859	0.00137384	0.273543	0.00143319	0.999948	-0.0100616	-0.273543	0.0100699	0.961807	-6.85836	0.247035	49.2066	
0.960262	0.00143264	0.279095	0.00149575	0.999946	-0.0102792	-0.279095	0.0102882	0.960209	-7.14529	0.257605	50.2045	
0.958634	0.00149271	0.284637	0.00155973	0.999944	-0.010497	-0.284637	0.0105067	0.958578	-7.43797	0.268401	51.2007	
0.956974	0.00155403	0.29017	0.00162512	0.999941	-0.0107149	-0.290169	0.0107254	0.956915	-7.73641	0.279425	52.1953	
0.955282	0.00161662	0.295692	0.00169194	0.999939	-0.010933	-0.295692	0.0109444	0.955221	-8.04058	0.290676	53.188	
0.953558	0.00168047	0.301205	0.00176018	0.999936	-0.0111512	-0.301205	0.0111635	0.953494	-8.35049	0.302154	54.179	
0.951802	0.00174559	0.306708	0.00182986	0.999934	-0.0113696	-0.306707	0.0113828	0.951736	-8.66611	0.31386	55.1682	
0.950015	0.00181197	0.3122	0.00190096	0.999931	-0.011588	-0.3122	0.0116023	0.949946	-8.98745	0.325794	56.1555	
0.948195	0.00187963	0.317682	0.00197351	0.999928	-0.0118067	-0.317681	0.011822	0.948124	-9.31448	0.337955	57.141	
0.946345	0.00194854	0.323153	0.00204749	0.999926	-0.0120254	-0.323152	0.0120418	0.94627	-9.64719	0.350345	58.1246	
0.944462	0.00201873	0.328613	0.00212292	0.999923	-0.0122442	-0.328612	0.0122618	0.944385	-9.98558	0.362963	59.1062	
0.942549	0.00209019	0.334062	0.0021998	0.99992	-0.0124631	-0.334061	0.0124819	0.942469	-10.3296	0.37581	60.0858	
0.940604	0.00216291	0.3395	0.00227812	0.999917	-0.012682	-0.339499	0.0127022	0.940521	-10.6793	0.388886	61.0635	
0.938627	0.00223691	0.344926	0.00235791	0.999914	-0.0129011	-0.344925	0.0129226	0.938541	-11.0347	0.40219	62.039	
0.93662	0.00231218	0.35034	0.00243914	0.999911	-0.0131202	-0.350339	0.0131431	0.936531	-11.3957	0.415723	63.0126	
0.934581	0.00238871	0.355743	0.00252184	0.999908	-0.0133393	-0.355742	0.0133638	0.934489	-11.7623	0.429485	63.984	
0.932511	0.00246652	0.361133	0.00260601	0.999905	-0.0135585	-0.361132	0.0135846	0.932416	-12.1345	0.443477	64.9533	
0.93041	0.0025456	0.366511	0.00269163	0.999901	-0.0137777	-0.36651	0.0138054	0.930312	-12.5122	0.457697	65.9204	
0.929678	0.00257387	0.368365	0.00297132	0.999891	-0.0144855	-0.368362	0.0145614	0.929569	-12.8938	0.472425	66.886	
0.928942	0.00260364	0.370216	0.00325268	0.999879	-0.0151935	-0.370211	0.0153181	0.928821	-13.2772	0.487938	67.8509	
0.928202	0.00263492	0.372066	0.00353568	0.999867	-0.0159015	-0.372059	0.0160753	0.92807	-13.6626	0.504237	68.815	
0.927459	0.0026677	0.373914	0.00382023	0.999855	-0.0166092	-0.373904	0.0168328	0.927315	-14.0499	0.521323	69.7783	
0.936766	0.00218811	0.349951	0.00511402	0.999788	-0.0199408	-0.34992	0.0204695	0.936556	-14.4258	0.540691	70.746	
0.945452	0.00161518	0.325758	0.00632165	0.999708	-0.0233042	-0.3257	0.0240924	0.945166	-14.7765	0.563829	71.7231	
0.953513	0.000949308	0.301351	0.00744231	0.999616	-0.0266973	-0.301261	0.027699	0.953139	-15.1021	0.59072	72.7087	
0.960942	0.000190933	0.276748	0.00847523	0.99951	-0.0301178	-0.276619	0.031287	0.96047	-15.4021	0.621347	73.7023	
0.967736	-0.000659431	0.251965	0.00941973	0.999392	-0.0335633	-0.25179	0.0348539	0.967154	-15.6765	0.655688	74.7032	
0.973889	-0.00160121	0.227019	0.0102752	0.999261	-0.0370315	-0.226792	0.0383973	0.973186	-15.925	0.693722	75.7106	
0.979397	-0.00263377	0.201925	0.011041	0.999118	-0.0405202	-0.20164	0.0419148	0.978562	-16.1474	0.735422	76.724	
0.984257	-0.00375642	0.176702	0.0117166	0.998962	-0.0440268	-0.176353	0.0454041	0.983279	-16.3437	0.780759	77.7426	
0.988465	-0.0049684	0.151366	0.0123016	0.998793	-0.0475492	-0.150947	0.0488628	0.987333	-16.5136	0.829705	78.7658	
0.992019	-0.00626889	0.125934	0.0127957	0.998612	-0.0510848	-0.125439	0.0522885	0.990722	-16.6571	0.882225	79.7929	
0.994915	-0.00765701	0.100424	0.0131983	0.998419	-0.0546314	-0.0998472	0.0556791	0.993444	-16.7741	0.938284	80.8231	
0.997153	-0.00913184	0.0748527	0.0135094	0.998214	-0.0581865	-0.0741877	0.0590321	0.995496	-16.8645	0.997844	81.8558	
0.99873	-0.0106924	0.0492371	0.0137287	0.997997	-0.0617478	-0.0484782	0.0623453	0.996877	-16.9282	1.06087	82.8903	
0.999645	-0.0123376	0.0235945	0.013856	0.997769	-0.0653128	-0.0227361	0.0656165	0.997586	-16.9651	1.12731	83.9258	
0.999899	-0.0140663	-0.00205761	0.0138912	0.997528	-0.0688791	0.0030214	0.0688435	0.997623	-16.9754	1.19712	84.9618	
0.99949	-0.0158774	-0.0277021	0.0138344	0.997277	-0.0724443	0.0287768	0.0720241	0.996988	-16.9589	1.27026	85.9974	
0.998419	-0.0177697	-0.0533215	0.0136855	0.997013	-0.0760061	0.0545129	0.0751562	0.995681	-16.9156	1.34668	87.0321	
0.996687	-0.0197419	-0.0788988	0.0134447	0.996739	-0.079562	0.0802122	0.0782376	0.993703	-16.8457	1.42633	88.065	
0.994295	-0.0217926	-0.104417	0.0131121	0.996454	-0.0831096	0.105857	0.0812663	0.991055	-16.7491	1.50914	89.0955	
0.991244	-0.0239205	-0.129858	0.012688	0.996158	-0.0866466	0.131431	0.0842403	0.98774	-16.6259	1.59508	90.123	
0.987537	-0.0261241	-0.155205	0.0121725	0.995852	-0.0901705	0.156917	0.0871575	0.983758	-16.4761	1.68407	91.1466	
0.983176	-0.028402	-0.180441	0.0115662	0.995535	-0.093679	0.182296	0.0900159	0.979114	-16.3	1.77606	92.1658	
0.978163	-0.0307526	-0.20555	0.0108694	0.995208	-0.0971698	0.207553	0.0928137	0.973811	-16.0976	1.87099	93.1798	
0.972503	-0.0331744	-0.230514	0.0100825	0.994872	-0.10064	0.23267	0.095549	0.967851	-15.869	1.9688	94.1879	
0.9662	-0.0356656	-0.255316	0.00920614	0.994525	-0.104089	0.25763	0.0982198	0.961239	-15.6144	2.0694	95.1895	
0.959256	-0.0382247	-0.279939	0.00824084	0.99417	-0.107512	0.282417	0.100824	0.953979	-15.334	2.17275	96.184	
0.951678	-0.0408499	-0.304368	0.00718727	0.993805	-0.110908	0.307013	0.103361	0.946076	-15.028	2.27877	97.1705	
0.94347	-0.0435394	-0.328585	0.00604614	0.993431	-0.114275	0.331402	0.105828	0.937536	-14.6965	2.38739	98.1485	
0.934638	-0.0462915	-0.352575	0.00481822	0.993048	-0.11761	0.355568	0.108224	0.928363	-14.3398	2.49853	99.1173	
0.925187	-0.0491042	-0.376321	0.00350434	0.992657	-0.120911	0.379495	0.110547	0.918566	-13.9582	2.61212	100.076	
