1	0	0	0	1	0	0	0	1	0	0	0	
1	5.18196e-07	0.000783364	5.18196e-07	0.999999	-0.001323	-0.000783364	0.001323	0.999999	-0.000377637	0.00063778	0.964141	
0.999999	2.07585e-06	0.0015677	2.07682e-06	0.999996	-0.00264889	-0.0015677	0.00264889	0.999995	-0.00151102	0.00255251	1.92828	
0.999997	4.67768e-06	0.00235298	4.68158e-06	0.999992	-0.0039776	-0.00235298	0.0039776	0.999989	-0.00340106	0.00574695	2.89241	
0.999995	8.32821e-06	0.00313915	8.33797e-06	0.999986	-0.00530908	-0.00313915	0.00530908	0.999981	-0.00604866	0.0102238	3.85654	
0.999992	1.30318e-05	0.00392619	1.30514e-05	0.999978	-0.00664328	-0.00392619	0.00664328	0.99997	-0.00945465	0.0159857	4.82066	
0.999989	1.87926e-05	0.00471405	1.88269e-05	0.999968	-0.00798012	-0.00471405	0.00798012	0.999957	-0.0136199	0.0230352	5.78477	
0.999985	2.56146e-05	0.00550269	2.56696e-05	0.999957	-0.00931956	-0.00550269	0.00931956	0.999941	-0.018545	0.0313749	6.74886	
0.99998	3.35016e-05	0.00629209	3.35842e-05	0.999943	-0.0106615	-0.00629209	0.0106615	0.999923	-0.024231	0.0410072	7.71293	
0.999975	4.24573e-05	0.0070822	4.25755e-05	0.999928	-0.012006	-0.0070822	0.012006	0.999903	-0.0306783	0.0519345	8.67699	
0.999969	5.2485e-05	0.00787298	5.26478e-05	0.999911	-0.0133528	-0.00787298	0.0133528	0.99988	-0.0378878	0.0641593	9.64103	
0.999962	6.35881e-05	0.0086644	6.38055e-05	0.999892	-0.014702	-0.0086644	0.014702	0.999854	-0.04586	0.0776837	10.605	
0.999955	7.57696e-05	0.00945642	7.60527e-05	0.999871	-0.0160536	-0.00945642	0.0160536	0.999826	-0.0545955	0.0925101	11.569	
0.999947	8.90323e-05	0.010249	8.93932e-05	0.999848	-0.0174073	-0.010249	0.0174073	0.999796	-0.0640949	0.108641	12.533	
0.999939	0.000103379	0.0110421	0.000103831	0.999824	-0.0187632	-0.0110421	0.0187632	0.999763	-0.0743587	0.126077	13.4969	
0.99993	0.000118812	0.0118357	0.000119369	0.999798	-0.0201212	-0.0118357	0.0201212	0.999727	-0.0853874	0.144822	14.4608	
0.99992	0.000135334	0.0126298	0.000136012	0.999769	-0.0214813	-0.0126297	0.0214813	0.999689	-0.0971815	0.164878	15.4247	
0.99991	0.000152947	0.0134242	0.000153761	0.999739	-0.0228434	-0.0134242	0.0228434	0.999649	-0.109741	0.186245	16.3885	
0.999899	0.000171653	0.014219	0.000172621	0.999707	-0.0242074	-0.014219	0.0242074	0.999606	-0.123067	0.208927	17.3523	
0.999887	0.000191454	0.0150142	0.000192594	0.999673	-0.0255733	-0.0150142	0.0255733	0.99956	-0.13716	0.232925	18.316	
0.999875	0.00021235	0.0158097	0.000213682	0.999637	-0.026941	-0.0158097	0.026941	0.999512	-0.152019	0.258241	19.2797	
0.999862	0.000234345	0.0166055	0.000235889	0.999599	-0.0283104	-0.0166054	0.0283104	0.999461	-0.167646	0.284876	20.2434	
0.999849	0.000257438	0.0174014	0.000259216	0.999559	-0.0296815	-0.0174014	0.0296816	0.999408	-0.184039	0.312832	21.207	
0.999834	0.000281631	0.0181976	0.000283666	0.999518	-0.0310543	-0.0181976	0.0310543	0.999352	-0.2012	0.342111	22.1705	
0.99982	0.000306924	0.0189939	0.00030924	0.999474	-0.0324286	-0.0189939	0.0324286	0.999294	-0.219129	0.372714	23.134	
0.999804	0.000333319	0.0197904	0.00033594	0.999428	-0.0338045	-0.0197903	0.0338045	0.999233	-0.237826	0.404643	24.0974	
0.999788	0.000360815	0.0205869	0.000363767	0.999381	-0.0351817	-0.0205868	0.0351818	0.999169	-0.257291	0.4379	25.0608	
0.999771	0.000389414	0.0213834	0.000392723	0.999331	-0.0365604	-0.0213834	0.0365604	0.999103	-0.277523	0.472484	26.0241	
0.999754	0.000419114	0.02218	0.00042281	0.99928	-0.0379404	-0.0221799	0.0379404	0.999034	-0.298524	0.508399	26.9873	
0.999736	0.000449917	0.0229766	0.000454027	0.999227	-0.0393216	-0.0229765	0.0393217	0.998962	-0.320293	0.545645	27.9505	
0.999717	0.00048182	0.023773	0.000486376	0.999171	-0.0407041	-0.0237729	0.0407041	0.998888	-0.342829	0.584223	28.9136	
0.999698	0.000514825	0.0245694	0.000519857	0.999114	-0.0420877	-0.0245693	0.0420877	0.998812	-0.366133	0.624134	29.8767	
0.999678	0.00054893	0.0253657	0.000554471	0.999054	-0.0434723	-0.0253655	0.0434724	0.998733	-0.390206	0.665381	30.8396	
0.999658	0.000584135	0.0261617	0.000590218	0.998993	-0.044858	-0.0261616	0.0448581	0.998651	-0.415045	0.707962	31.8025	
0.999636	0.000620438	0.0269576	0.000627097	0.99893	-0.0462446	-0.0269574	0.0462447	0.998566	-0.440652	0.75188	32.7653	
0.999615	0.000657838	0.0277532	0.000665109	0.998865	-0.0476321	-0.027753	0.0476322	0.998479	-0.467027	0.797135	33.728	
0.999592	0.000696334	0.0285485	0.000704253	0.998798	-0.0490205	-0.0285483	0.0490206	0.99839	-0.494168	0.843729	34.6906	
0.999569	0.000735923	0.0293435	0.000744529	0.998728	-0.0504096	-0.0293433	0.0504097	0.998297	-0.522076	0.891661	35.6532	
0.999545	0.000776605	0.0301382	0.000785935	0.998657	-0.0517994	-0.030138	0.0517995	0.998203	-0.55075	0.940933	36.6156	
0.999521	0.000818377	0.0309325	0.000828472	0.998584	-0.0531899	-0.0309322	0.05319	0.998105	-0.58019	0.991546	37.578	
0.999496	0.000861237	0.0317263	0.000872137	0.998509	-0.0545809	-0.031726	0.0545811	0.998005	-0.610396	1.0435	38.5403	
0.999471	0.000905183	0.0325197	0.000916929	0.998432	-0.0559724	-0.0325194	0.0559726	0.997903	-0.641367	1.09679	39.5024	
0.999445	0.000950211	0.0333126	0.000962847	0.998353	-0.0573645	-0.0333122	0.0573647	0.997797	-0.673102	1.15143	40.4645	
0.999418	0.00099632	0.0341049	0.00100989	0.998272	-0.0587569	-0.0341045	0.0587571	0.99769	-0.705602	1.20741	41.4265	
0.99939	0.00104351	0.0348967	0.00105805	0.998189	-0.0601496	-0.0348963	0.0601499	0.997579	-0.738865	1.26473	42.3883	
0.999362	0.00109177	0.0356879	0.00110734	0.998104	-0.0615426	-0.0356874	0.0615429	0.997466	-0.772892	1.3234	43.3501	
0.999334	0.0011411	0.0364784	0.00115774	0.998017	-0.0629358	-0.0364779	0.0629361	0.997351	-0.80768	1.3834	44.3117	
0.999305	0.00119149	0.0372683	0.00120925	0.997928	-0.0643292	-0.0372677	0.0643295	0.997233	-0.843231	1.44475	45.2733	
0.999275	0.00124296	0.0380575	0.00126188	0.997837	-0.0657226	-0.0380568	0.065723	0.997112	-0.879543	1.50745	46.2347	
0.999244	0.00129548	0.0388459	0.00131562	0.997744	-0.0671161	-0.0388452	0.0671165	0.996989	-0.916615	1.57149	47.196	
0.999213	0.00134905	0.0396335	0.00137047	0.99765	-0.0685095	-0.0396328	0.06851	0.996863	-0.954447	1.63687	48.1572	
0.999182	0.00140368	0.0404203	0.00142642	0.997553	-0.0699028	-0.0404195	0.0699033	0.996735	-0.993038	1.70359	49.1182	
0.99915	0.00145936	0.0412063	0.00148346	0.997454	-0.071296	-0.0412054	0.0712965	0.996604	-1.03239	1.77166	50.0791	
0.999117	0.00151607	0.0419914	0.00154161	0.997353	-0.0726889	-0.0419905	0.0726895	0.99647	-1.07249	1.84107	51.0399	
0.999083	0.00157383	0.0427756	0.00160085	0.997251	-0.0740816	-0.0427746	0.0740821	0.996334	-1.11336	1.91183	52.0006	
0.99905	0.00163262	0.0435588	0.00166117	0.997146	-0.0754738	-0.0435577	0.0754745	0.996196	-1.15497	1.98392	52.9612	
0.999015	0.00169243	0.044341	0.00172258	0.99704	-0.0768657	-0.0443399	0.0768664	0.996055	-1.19735	2.05736	53.9216	
0.99898	0.00175327	0.0451222	0.00178507	0.996932	-0.0782571	-0.045121	0.0782578	0.995912	-1.24047	2.13214	54.8818	
0.998944	0.00181512	0.0459024	0.00184863	0.996821	-0.079648	-0.0459011	0.0796487	0.995766	-1.28435	2.20827	55.842	
0.998908	0.00187799	0.0466815	0.00191326	0.996709	-0.0810382	-0.0466801	0.081039	0.995617	-1.32898	2.28573	56.8019	
0.998871	0.00194186	0.0474594	0.00197896	0.996595	-0.0824278	-0.0474579	0.0824287	0.995466	-1.37436	2.36453	57.7618	
0.998834	0.00200673	0.0482362	0.00204572	0.996479	-0.0838166	-0.0482346	0.0838176	0.995313	-1.42049	2.44467	58.7215	
0.998796	0.00207259	0.0490118	0.00211354	0.996361	-0.0852047	-0.0490101	0.0852057	0.995157	-1.46737	2.52616	59.681	
0.99891	0.00186996	0.0466422	0.00210335	0.996379	-0.0849927	-0.0466322	0.0849982	0.995289	-1.51348	2.60821	60.6406	
0.999018	0.00166769	0.0442707	0.00209369	0.996397	-0.0847811	-0.0442526	0.0847906	0.995416	-1.55729	2.69006	61.6002	
0.999121	0.00146581	0.0418976	0.00208455	0.996415	-0.0845699	-0.0418714	0.0845828	0.995536	-1.59881	2.77171	62.56	
0.999218	0.00126431	0.0395229	0.00207593	0.996433	-0.0843589	-0.0394886	0.0843749	0.995651	-1.63803	2.85316	63.5199	
0.999309	0.00106321	0.0371468	0.00206783	0.996451	-0.0841481	-0.0371044	0.0841668	0.995761	-1.67496	2.93441	64.4799	
0.999395	0.000862508	0.0347693	0.00206023	0.996469	-0.0839376	-0.0347189	0.0839584	0.995864	-1.70958	3.01545	65.44	
0.999475	0.000662215	0.0323904	0.00205315	0.996487	-0.0837272	-0.0323321	0.0837497	0.995962	-1.7419	3.0963	66.4002	
0.999549	0.00046234	0.0300104	0.00204658	0.996504	-0.0835169	-0.0299441	0.0835407	0.996054	-1.77192	3.17695	67.3605	
0.999618	0.00026289	0.0276293	0.00204051	0.996522	-0.0833067	-0.0275551	0.0833313	0.996141	-1.79964	3.25739	68.3209	
0.999681	6.38726e-05	0.0252472	0.00203495	0.996539	-0.0830966	-0.0251651	0.0831214	0.996222	-1.82506	3.33763	69.2813	
0.999739	-0.000134704	0.0228641	0.00202989	0.996557	-0.0828864	-0.0227742	0.0829111	0.996297	-1.84817	3.41767	70.2419	
0.99979	-0.000332831	0.0204802	0.00202534	0.996574	-0.0826762	-0.0203825	0.0827003	0.996366	-1.86897	3.49751	71.2025	
0.999998	-0.00199394	-0.000954334	0.00192026	0.997416	-0.0718138	0.00109506	0.0718118	0.997418	-1.87827	3.572	72.1637	
0.999743	-0.00342048	-0.0224052	0.0020492	0.998139	-0.0609431	0.022572	0.0608815	0.99789	-1.86686	3.63597	73.1256	
0.999027	-0.00461163	-0.0438601	0.00241209	0.998743	-0.0500704	0.0440358	0.0499159	0.997782	-1.83475	3.68938	74.0877	
0.99785	-0.00556669	-0.0653063	0.00300871	0.999227	-0.039202	0.0654741	0.0389213	0.997095	-1.78196	3.73221	75.0494	
0.996212	-0.0062851	-0.0867316	0.00383873	0.999591	-0.0283443	0.0868743	0.027904	0.995828	-1.70851	3.76443	76.0102	
0.994114	-0.00676646	-0.108123	0.00490165	0.999835	-0.0175036	0.108224	0.0168706	0.993983	-1.61445	3.78601	76.9695	
0.991559	-0.00701048	-0.129469	0.00619686	0.999958	-0.00668606	0.129511	0.00582732	0.991561	-1.49984	3.79696	77.9267	
0.988546	-0.00701702	-0.150757	0.00772361	0.999962	0.00410191	0.150722	-0.00521932	0.988562	-1.36474	3.79725	78.8813	
0.985078	-0.00678607	-0.171974	0.00948101	0.999845	0.0148541	0.171847	-0.0162629	0.984989	-1.20924	3.78689	79.8327	
0.981157	-0.00631777	-0.193108	0.011468	0.999607	0.0255642	0.192871	-0.0272971	0.980844	-1.03341	3.76589	80.7805	
0.976785	-0.00561239	-0.214147	0.0136835	0.99925	0.0362261	0.213783	-0.0383154	0.976129	-0.837363	3.73426	81.7239	
0.971965	-0.00467034	-0.235078	0.0161262	0.998773	0.0468334	0.234571	-0.0493114	0.970848	-0.621214	3.69202	82.6625	
0.9667	-0.00349217	-0.25589	0.0187947	0.998175	0.0573802	0.255223	-0.0602788	0.965001	-0.385087	3.63918	83.5958	
0.960992	-0.00207857	-0.27657	0.0216874	0.997459	0.0678602	0.275726	-0.0712112	0.958595	-0.12912	3.57579	84.5231	
0.954844	-0.000430346	-0.297106	0.0248026	0.996624	0.0782674	0.296069	-0.0821022	0.951631	0.146539	3.50188	85.4441	
0.948262	0.00145153	-0.317487	0.0281385	0.99567	0.0885957	0.316241	-0.0929455	0.944115	0.44173	3.41749	86.358	
0.941247	0.00356598	-0.3377	0.0316933	0.994599	0.098839	0.336228	-0.103735	0.93605	0.756281	3.32267	87.2644	
0.933805	0.00591176	-0.357733	0.0354647	0.99341	0.108992	0.35602	-0.114464	0.927441	1.09001	3.21748	88.1628	
0.92594	0.00848752	-0.377576	0.0394507	0.992105	0.119047	0.375606	-0.125126	0.918294	1.44272	3.10198	89.0526	
0.917655	0.0112918	-0.397217	0.0436489	0.990683	0.129001	0.394973	-0.135716	0.908613	1.81421	2.97623	89.9333	
0.908957	0.0143228	-0.416644	0.0480569	0.989147	0.138846	0.41411	-0.146227	0.898404	2.20427	2.8403	90.8045	
0.89985	0.017579	-0.435845	0.0526721	0.987497	0.148576	0.433008	-0.156653	0.887673	2.61266	2.69429	91.6655	
0.890339	0.0210584	-0.45481	0.0574919	0.985734	0.158187	0.451653	-0.166988	0.876427	3.03915	2.53826	92.516	
0.880431	0.0247589	-0.473528	0.0625134	0.983859	0.167673	0.470036	-0.177226	0.864671	3.48349	2.37232	93.3554	
0.870129	0.0286785	-0.491988	0.0677337	0.981872	0.177028	0.488146	-0.187361	0.852414	3.94542	2.19655	94.1832	
