1	0	0	0	1	0	0	0	1	0	0	0	
0.999998	4.0752e-06	0.00211415	4.0752e-06	0.999993	-0.00385515	-0.00211415	0.00385515	0.99999	-0.000817366	0.00149047	0.77323	
0.999991	1.62971e-05	0.00422756	1.63006e-05	0.99997	-0.00771061	-0.00422756	0.00771061	0.999961	-0.00326918	0.00596198	1.54644	
0.99998	3.66609e-05	0.00634019	3.66749e-05	0.999933	-0.0115663	-0.00634019	0.0115663	0.999913	-0.00735485	0.0134148	2.31963	
0.999964	6.51615e-05	0.008452	6.51966e-05	0.999881	-0.0154222	-0.008452	0.0154222	0.999845	-0.0130738	0.0238489	3.09277	
0.999944	0.000101794	0.0105629	0.000101864	0.999814	-0.0192781	-0.0105629	0.0192781	0.999758	-0.0204253	0.0372646	3.86585	
0.99992	0.000146553	0.012673	0.000146676	0.999732	-0.023134	-0.012673	0.023134	0.999652	-0.0294087	0.0536619	4.63886	
0.999891	0.000199433	0.0147821	0.000199629	0.999636	-0.0269899	-0.0147821	0.0269899	0.999526	-0.0400233	0.0730406	5.41177	
0.999857	0.000260428	0.0168902	0.000260723	0.999524	-0.0308457	-0.0168902	0.0308457	0.999381	-0.0522683	0.0954009	6.18458	
0.999819	0.000329533	0.0189973	0.000329954	0.999398	-0.0347012	-0.0189973	0.0347012	0.999217	-0.066143	0.120742	6.95727	
0.999777	0.000406742	0.0211033	0.00040732	0.999256	-0.0385564	-0.0211033	0.0385564	0.999034	-0.0816465	0.149065	7.72983	
0.999731	0.000492048	0.0232082	0.000492819	0.9991	-0.0424113	-0.0232082	0.0424113	0.998831	-0.0987781	0.180368	8.50224	
0.999679	0.000585446	0.025312	0.000586448	0.998929	-0.0462657	-0.025312	0.0462658	0.998608	-0.117537	0.214653	9.27448	
0.999624	0.000686928	0.0274146	0.000688204	0.998743	-0.0501197	-0.0274145	0.0501197	0.998367	-0.137922	0.251917	10.0465	
0.999564	0.000796489	0.0295159	0.000798084	0.998542	-0.053973	-0.0295159	0.053973	0.998106	-0.159932	0.292161	10.8184	
0.9995	0.000914122	0.031616	0.000916084	0.998326	-0.0578257	-0.031616	0.0578257	0.997826	-0.183567	0.335384	11.5901	
0.999431	0.00103982	0.0337148	0.0010422	0.998096	-0.0616776	-0.0337147	0.0616777	0.997527	-0.208825	0.381586	12.3615	
0.999358	0.00117357	0.0358122	0.00117643	0.99785	-0.0655287	-0.0358121	0.0655288	0.997208	-0.235705	0.430766	13.1327	
0.99928	0.00131538	0.0379083	0.00131878	0.99759	-0.069379	-0.0379081	0.069379	0.99687	-0.264206	0.482924	13.9037	
0.999198	0.00146523	0.0400029	0.00146922	0.997314	-0.0732282	-0.0400027	0.0732283	0.996513	-0.294328	0.538058	14.6743	
0.999112	0.00162312	0.042096	0.00162777	0.997024	-0.0770765	-0.0420958	0.0770766	0.996136	-0.326069	0.596169	15.4447	
0.999022	0.00178903	0.0441877	0.00179442	0.996719	-0.0809236	-0.0441874	0.0809237	0.99574	-0.359427	0.657254	16.2148	
0.998927	0.00196296	0.0462777	0.00196916	0.996399	-0.0847695	-0.0462775	0.0847697	0.995325	-0.394402	0.721314	16.9846	
0.998827	0.00214491	0.0483662	0.00215199	0.996064	-0.0886142	-0.0483659	0.0886144	0.994891	-0.430993	0.788347	17.754	
0.998724	0.00233486	0.0504531	0.00234291	0.995714	-0.0924576	-0.0504527	0.0924578	0.994438	-0.469198	0.858353	18.5232	
0.998616	0.0025328	0.0525383	0.0025419	0.995349	-0.0962995	-0.0525379	0.0962997	0.993965	-0.509016	0.93133	19.2919	
0.998503	0.00273874	0.0546218	0.00274897	0.99497	-0.10014	-0.0546213	0.10014	0.993473	-0.550446	1.00728	20.0603	
0.998387	0.00295265	0.0567035	0.00296411	0.994575	-0.103979	-0.0567029	0.103979	0.992962	-0.593485	1.08619	20.8283	
0.998266	0.00317453	0.0587835	0.00318732	0.994166	-0.107816	-0.0587828	0.107816	0.992431	-0.638134	1.16808	21.5959	
0.99814	0.00340438	0.0608616	0.00341858	0.993742	-0.111652	-0.0608608	0.111652	0.991882	-0.68439	1.25293	22.363	
0.998011	0.00364218	0.0629379	0.0036579	0.993302	-0.115485	-0.062937	0.115486	0.991313	-0.732253	1.34074	23.1298	
0.997877	0.00388792	0.0650122	0.00390526	0.992849	-0.119317	-0.0650112	0.119318	0.990725	-0.78172	1.43152	23.8961	
0.997739	0.00414159	0.0670846	0.00416066	0.99238	-0.123147	-0.0670835	0.123148	0.990118	-0.83279	1.52526	24.6619	
0.997596	0.00440319	0.0691551	0.0044241	0.991896	-0.126975	-0.0691537	0.126976	0.989492	-0.885461	1.62196	25.4272	
0.997449	0.0046727	0.0712235	0.00469557	0.991398	-0.130801	-0.071222	0.130802	0.988847	-0.939733	1.72163	26.1921	
0.997298	0.00495012	0.0732898	0.00497506	0.990884	-0.134625	-0.0732881	0.134626	0.988183	-0.995603	1.82424	26.9564	
0.997143	0.00523543	0.075354	0.00526257	0.990356	-0.138446	-0.0753522	0.138447	0.987499	-1.05307	1.92982	27.7203	
0.996984	0.00552863	0.0774161	0.00555809	0.989813	-0.142265	-0.077414	0.142266	0.986796	-1.11213	2.03835	28.4836	
0.99682	0.0058297	0.0794761	0.00586161	0.989255	-0.146082	-0.0794737	0.146083	0.986075	-1.17279	2.14983	29.2463	
0.996652	0.00613864	0.0815338	0.00617313	0.988682	-0.149896	-0.0815311	0.149898	0.985334	-1.23503	2.26426	30.0085	
0.996479	0.00645543	0.0835892	0.00649263	0.988095	-0.153708	-0.0835863	0.15371	0.984574	-1.29887	2.38164	30.7701	
0.996303	0.00678006	0.0856423	0.00682012	0.987493	-0.157517	-0.0856392	0.157519	0.983796	-1.3643	2.50197	31.5311	
0.996122	0.00711253	0.0876931	0.00715558	0.986876	-0.161324	-0.0876896	0.161326	0.982998	-1.43131	2.62524	32.2915	
0.995937	0.00745281	0.0897416	0.007499	0.986244	-0.165128	-0.0897377	0.16513	0.982181	-1.4999	2.75145	33.0513	
0.995748	0.00780091	0.0917876	0.00785038	0.985597	-0.168929	-0.0917834	0.168931	0.981345	-1.57008	2.8806	33.8104	
0.995555	0.0081568	0.0938312	0.00820972	0.984936	-0.172727	-0.0938266	0.172729	0.98049	-1.64184	3.01269	34.5689	
0.995357	0.00852048	0.0958723	0.00857699	0.984259	-0.176522	-0.0958672	0.176524	0.979617	-1.71518	3.14772	35.3267	
0.995155	0.00889194	0.0979108	0.0089522	0.983568	-0.180314	-0.0979053	0.180317	0.978724	-1.7901	3.28568	36.0838	
0.99495	0.00927116	0.0999468	0.00933533	0.982863	-0.184103	-0.0999408	0.184106	0.977812	-1.86659	3.42657	36.8402	
0.99474	0.00965814	0.10198	0.00972638	0.982142	-0.187888	-0.101974	0.187892	0.976882	-1.94465	3.57039	37.596	
0.994525	0.0100529	0.104011	0.0101253	0.981407	-0.191671	-0.104004	0.191675	0.975932	-2.02429	3.71714	38.351	
0.994307	0.0104553	0.106039	0.0105322	0.980657	-0.19545	-0.106031	0.195454	0.974964	-2.10549	3.86681	39.1052	
0.994085	0.0108655	0.108064	0.0109469	0.979893	-0.199225	-0.108056	0.19923	0.973977	-2.18826	4.0194	39.8587	
0.993858	0.0112833	0.110087	0.0113696	0.979113	-0.202998	-0.110078	0.203002	0.972971	-2.27259	4.17491	40.6114	
0.993549	0.0118546	0.11278	0.0121085	0.977745	-0.209445	-0.112753	0.20946	0.971295	-2.35874	4.33438	41.3631	
0.993233	0.0124442	0.11547	0.0128651	0.976335	-0.215881	-0.115424	0.215906	0.969568	-2.44696	4.49883	42.1135	
0.992909	0.0130521	0.118158	0.0136394	0.974882	-0.222305	-0.118091	0.22234	0.967791	-2.53724	4.66827	42.8625	
0.992578	0.0136782	0.120842	0.0144314	0.973386	-0.228717	-0.120754	0.228763	0.965964	-2.62959	4.84267	43.6101	
0.992238	0.0143226	0.123522	0.0152409	0.971848	-0.235116	-0.123412	0.235173	0.964087	-2.72398	5.02204	44.3563	
0.991892	0.0149852	0.126199	0.016068	0.970267	-0.241502	-0.126066	0.241572	0.962159	-2.82044	5.20635	45.101	
0.991537	0.0156659	0.128873	0.0169127	0.968644	-0.247875	-0.128715	0.247957	0.960182	-2.91894	5.39561	45.8442	
0.991176	0.0163648	0.131542	0.0177749	0.966979	-0.254235	-0.131359	0.254329	0.958155	-3.01949	5.58981	46.5859	
0.990806	0.0170819	0.134207	0.0186545	0.965272	-0.26058	-0.133997	0.260688	0.956079	-3.12208	5.78892	47.326	
0.990429	0.017817	0.136868	0.0195516	0.963523	-0.266912	-0.136631	0.267033	0.953953	-3.22671	5.99295	48.0644	
0.990045	0.0185702	0.139524	0.0204661	0.961731	-0.273229	-0.139258	0.273364	0.951777	-3.33337	6.20188	48.8012	
0.989653	0.0193414	0.142175	0.021398	0.959898	-0.279531	-0.14188	0.279681	0.949552	-3.44207	6.41569	49.5363	
0.989253	0.0201306	0.144821	0.0223472	0.958023	-0.285818	-0.144496	0.285983	0.947278	-3.55278	6.63439	50.2697	
0.988846	0.0209377	0.147463	0.0233137	0.956107	-0.29209	-0.147106	0.292269	0.944954	-3.66552	6.85795	51.0012	
0.988431	0.0217627	0.150098	0.0242974	0.954149	-0.298345	-0.149709	0.298541	0.942582	-3.78028	7.08637	51.731	
0.98801	0.0226056	0.152729	0.0252983	0.952149	-0.304585	-0.152306	0.304797	0.940161	-3.89704	7.31963	52.4589	
0.98758	0.0234663	0.155353	0.0263164	0.950108	-0.310809	-0.154896	0.311037	0.93769	-4.01581	7.55772	53.1849	
0.987143	0.0243448	0.157972	0.0273517	0.948026	-0.317015	-0.157479	0.31726	0.935172	-4.13658	7.80063	53.909	
0.986699	0.025241	0.160584	0.0284039	0.945903	-0.323205	-0.160055	0.323467	0.932605	-4.25935	8.04835	54.6311	
0.986248	0.0261548	0.163191	0.0294732	0.943738	-0.329377	-0.162624	0.329657	0.929989	-4.3841	8.30086	55.3512	
0.985789	0.0270863	0.16579	0.0305595	0.941533	-0.335532	-0.165185	0.33583	0.927325	-4.51084	8.55815	56.0693	
0.985323	0.0280353	0.168383	0.0316627	0.939287	-0.341669	-0.167739	0.341985	0.924613	-4.63955	8.8202	56.7853	
0.984849	0.0290019	0.170969	0.0327828	0.937	-0.347787	-0.170285	0.348123	0.921853	-4.77024	9.08701	57.4991	
0.984369	0.0299858	0.173548	0.0339197	0.934673	-0.353887	-0.172822	0.354242	0.919046	-4.90289	9.35856	58.2109	
0.983881	0.0309872	0.17612	0.0350733	0.932305	-0.359968	-0.175352	0.360343	0.91619	-5.0375	9.63483	58.9204	
0.983386	0.0320059	0.178684	0.0362437	0.929897	-0.36603	-0.177873	0.366425	0.913288	-5.17406	9.91581	59.6277	
0.982884	0.0330418	0.181241	0.0374307	0.927449	-0.372072	-0.180386	0.372487	0.910337	-5.31257	10.2015	60.3328	
0.982374	0.0340949	0.18379	0.0386344	0.924961	-0.378094	-0.182889	0.378531	0.90734	-5.45302	10.4918	61.0355	
0.981858	0.0351652	0.186331	0.0398546	0.922432	-0.384097	-0.185384	0.384555	0.904296	-5.5954	10.7869	61.7359	
0.981334	0.0362525	0.188863	0.0410912	0.919864	-0.390079	-0.18787	0.390558	0.901204	-5.73971	11.0865	62.434	
0.980803	0.0373568	0.191388	0.0423443	0.917256	-0.39604	-0.190346	0.396542	0.898066	-5.88593	11.3908	63.1296	
0.980266	0.038478	0.193904	0.0436138	0.914609	-0.40198	-0.192813	0.402505	0.894882	-6.03407	11.6998	63.8228	
0.979721	0.039616	0.196411	0.0448996	0.911922	-0.407899	-0.195271	0.408446	0.891651	-6.18411	12.0133	64.5135	
0.97917	0.0407709	0.198909	0.0462016	0.909196	-0.413797	-0.197718	0.414367	0.888373	-6.33604	12.3314	65.2017	
0.978611	0.0419423	0.201398	0.0475198	0.906431	-0.419672	-0.200156	0.420266	0.88505	-6.48987	12.6541	65.8873	
0.978046	0.0431304	0.203878	0.0488541	0.903627	-0.425526	-0.202583	0.426144	0.881681	-6.64558	12.9813	66.5704	
0.977474	0.0443351	0.206349	0.0502044	0.900784	-0.431356	-0.205	0.431999	0.878266	-6.80315	13.3131	67.2508	
0.976895	0.0455561	0.20881	0.0515707	0.897902	-0.437164	-0.207406	0.437832	0.874806	-6.9626	13.6494	67.9286	
0.976309	0.0467935	0.211261	0.052953	0.894981	-0.442949	-0.209802	0.443642	0.871301	-7.1239	13.9902	68.6036	
0.975717	0.0480472	0.213702	0.054351	0.892023	-0.448711	-0.212186	0.44943	0.86775	-7.28705	14.3355	69.276	
0.974633	0.0503621	0.218067	0.0583462	0.883485	-0.464812	-0.216068	0.465744	0.858136	-7.45262	14.6893	69.9433	
0.973531	0.052759	0.222383	0.062413	0.874645	-0.48073	-0.219869	0.481885	0.848201	-7.62117	15.0557	70.603	
0.972409	0.0552372	0.226648	0.0665499	0.865505	-0.49646	-0.223588	0.497845	0.837949	-7.79262	15.4345	71.2549	
0.971269	0.0577956	0.230861	0.0707555	0.856069	-0.511995	-0.227224	0.51362	0.827384	-7.96692	15.8255	71.8987	
0.97011	0.0604333	0.235019	0.0750281	0.846341	-0.527331	-0.230774	0.529202	0.81651	-8.14399	16.2287	72.5343	
0.968934	0.0631493	0.239121	0.0793662	0.836324	-0.542461	-0.234239	0.544587	0.80533	-8.32378	16.6439	73.1614	
