1	0	0	0	1	0	0	0	1	0	0	0	
1	-6.68619e-07	0.000791003	-6.68619e-07	0.999999	0.00169056	-0.000791003	-0.00169056	0.999998	-0.000303018	-0.000647621	0.766161	
0.999999	-2.67823e-06	0.00158321	-2.67757e-06	0.999994	0.00338286	-0.00158321	-0.00338286	0.999993	-0.00121254	-0.00259115	1.53232	
0.999997	-6.03422e-06	0.00237661	-6.03157e-06	0.999987	0.00507685	-0.00237661	-0.00507685	0.999984	-0.00272947	-0.0058319	2.29847	
0.999995	-1.07418e-05	0.00317117	-1.07352e-05	0.999977	0.00677249	-0.00317117	-0.00677249	0.999972	-0.00485472	-0.0103712	3.06462	
0.999992	-1.68062e-05	0.00396688	-1.67929e-05	0.999964	0.00846973	-0.00396688	-0.00846973	0.999956	-0.00758917	-0.0162102	3.83075	
0.999989	-2.42324e-05	0.00476371	-2.4209e-05	0.999948	0.0101685	-0.00476371	-0.0101685	0.999937	-0.0109337	-0.0233501	4.59687	
0.999985	-3.30251e-05	0.00556163	-3.29878e-05	0.99993	0.0118688	-0.00556163	-0.0118688	0.999914	-0.0148891	-0.0317922	5.36298	
0.99998	-4.31893e-05	0.00636064	-4.31332e-05	0.999908	0.0135706	-0.00636064	-0.0135706	0.999888	-0.0194563	-0.0415376	6.12906	
0.999974	-5.47295e-05	0.00716071	-5.46493e-05	0.999883	0.0152738	-0.00716071	-0.0152738	0.999858	-0.0246361	-0.0525873	6.89513	
0.999968	-6.76503e-05	0.00796182	-6.75399e-05	0.999856	0.0169783	-0.00796182	-0.0169783	0.999824	-0.0304293	-0.0649425	7.66117	
0.999962	-8.19559e-05	0.00876394	-8.18085e-05	0.999825	0.0186842	-0.00876394	-0.0186842	0.999787	-0.0368366	-0.0786041	8.42718	
0.999954	-9.76506e-05	0.00956706	-9.74589e-05	0.999792	0.0203913	-0.00956706	-0.0203913	0.999746	-0.0438588	-0.0935731	9.19316	
0.999946	-0.000114739	0.0103712	-0.000114494	0.999756	0.0220997	-0.0103712	-0.0220997	0.999702	-0.0514968	-0.109851	9.95911	
0.999938	-0.000133224	0.0111762	-0.000132918	0.999717	0.0238092	-0.0111762	-0.0238092	0.999654	-0.0597512	-0.127437	10.725	
0.999928	-0.00015311	0.0119822	-0.000152734	0.999674	0.0255199	-0.0119822	-0.0255199	0.999603	-0.0686227	-0.146334	11.4909	
0.999918	-0.000174401	0.012789	-0.000173944	0.999629	0.0272316	-0.0127891	-0.0272316	0.999547	-0.0781121	-0.166543	12.2567	
0.999908	-0.000197101	0.0135968	-0.000196551	0.999581	0.0289444	-0.0135968	-0.0289444	0.999489	-0.08822	-0.188062	13.0225	
0.999896	-0.000221212	0.0144054	-0.000220559	0.99953	0.0306582	-0.0144055	-0.0306582	0.999426	-0.0989471	-0.210895	13.7883	
0.999884	-0.000246739	0.0152149	-0.00024597	0.999476	0.0323729	-0.0152149	-0.0323729	0.99936	-0.110294	-0.235041	14.554	
0.999872	-0.000273684	0.0160252	-0.000272786	0.999419	0.0340885	-0.0160252	-0.0340885	0.99929	-0.122262	-0.260501	15.3196	
0.999858	-0.00030205	0.0168363	-0.00030101	0.999359	0.035805	-0.0168363	-0.035805	0.999217	-0.13485	-0.287276	16.0852	
0.999844	-0.000331841	0.0176482	-0.000330644	0.999296	0.0375222	-0.0176482	-0.0375222	0.99914	-0.148061	-0.315366	16.8507	
0.99983	-0.000363059	0.0184608	-0.00036169	0.99923	0.0392402	-0.0184609	-0.0392402	0.999059	-0.161893	-0.344772	17.6162	
0.999814	-0.000395707	0.0192742	-0.00039415	0.999161	0.040959	-0.0192742	-0.040959	0.998975	-0.176349	-0.375495	18.3816	
0.999798	-0.000429787	0.0200883	-0.000428026	0.999089	0.0426784	-0.0200883	-0.0426783	0.998887	-0.191428	-0.407535	19.147	
0.999781	-0.000465302	0.0209031	-0.00046332	0.999014	0.0443984	-0.0209031	-0.0443983	0.998795	-0.207131	-0.440893	19.9122	
0.999764	-0.000502255	0.0217185	-0.000500032	0.998936	0.0461189	-0.0217186	-0.0461189	0.9987	-0.223459	-0.475568	20.6774	
0.999746	-0.000540646	0.0225346	-0.000538165	0.998855	0.04784	-0.0225347	-0.04784	0.998601	-0.240411	-0.511562	21.4426	
0.999727	-0.000580478	0.0233513	-0.000577721	0.998771	0.0495616	-0.0233514	-0.0495615	0.998498	-0.257989	-0.548874	22.2076	
0.999708	-0.000621754	0.0241686	-0.000618699	0.998684	0.0512836	-0.0241687	-0.0512835	0.998392	-0.276193	-0.587506	22.9726	
0.999688	-0.000664474	0.0249865	-0.000661101	0.998594	0.0530059	-0.0249866	-0.0530059	0.998282	-0.295024	-0.627458	23.7375	
0.999667	-0.00070864	0.025805	-0.000704928	0.998501	0.0547286	-0.0258051	-0.0547286	0.998168	-0.314481	-0.668729	24.5023	
0.999645	-0.000754254	0.026624	-0.000750181	0.998405	0.0564516	-0.0266241	-0.0564515	0.99805	-0.334566	-0.71132	25.267	
0.999623	-0.000801318	0.0274435	-0.000796859	0.998306	0.0581748	-0.0274436	-0.0581747	0.997929	-0.355278	-0.755231	26.0316	
0.9996	-0.000849831	0.0282635	-0.000844965	0.998204	0.0598982	-0.0282636	-0.0598981	0.997804	-0.376618	-0.800462	26.7961	
0.999577	-0.000899796	0.029084	-0.000894498	0.998099	0.0616217	-0.0290841	-0.0616217	0.997676	-0.398587	-0.847014	27.5606	
0.999552	-0.000951213	0.0299049	-0.000945458	0.997991	0.0633454	-0.0299051	-0.0633453	0.997544	-0.421185	-0.894886	28.3249	
0.999527	-0.00100408	0.0307262	-0.000997845	0.99788	0.0650691	-0.0307264	-0.065069	0.997408	-0.444412	-0.94408	29.0891	
0.999502	-0.00105841	0.031548	-0.00105166	0.997766	0.0667928	-0.0315482	-0.0667927	0.997268	-0.468268	-0.994593	29.8533	
0.999475	-0.00111418	0.0323701	-0.0011069	0.997649	0.0685164	-0.0323704	-0.0685163	0.997125	-0.492754	-1.04643	30.6173	
0.999448	-0.00117141	0.0331926	-0.00116357	0.997529	0.07024	-0.0331929	-0.0702398	0.996978	-0.51787	-1.09958	31.3812	
0.999421	-0.0012301	0.0340154	-0.00122166	0.997407	0.0719634	-0.0340157	-0.0719633	0.996827	-0.543616	-1.15406	32.145	
0.999392	-0.00129024	0.0348386	-0.00128118	0.997281	0.0736866	-0.0348389	-0.0736865	0.996673	-0.569993	-1.20985	32.9086	
0.999363	-0.00135184	0.035662	-0.00134213	0.997152	0.0754096	-0.0356624	-0.0754095	0.996515	-0.597001	-1.26697	33.6722	
0.999333	-0.00141489	0.0364857	-0.0014045	0.99702	0.0771324	-0.0364861	-0.0771322	0.996353	-0.62464	-1.3254	34.4356	
0.999303	-0.00147939	0.0373097	-0.00146829	0.996885	0.0788548	-0.0373101	-0.0788546	0.996188	-0.65291	-1.38516	35.1989	
0.999271	-0.00154535	0.0381338	-0.0015335	0.996747	0.0805768	-0.0381343	-0.0805766	0.996019	-0.681811	-1.44624	35.9621	
0.99924	-0.00161276	0.0389582	-0.00160013	0.996606	0.0822984	-0.0389587	-0.0822982	0.995846	-0.711344	-1.50863	36.7251	
0.999207	-0.00168162	0.0397828	-0.00166819	0.996463	0.0840196	-0.0397833	-0.0840193	0.99567	-0.741508	-1.57234	37.4881	
0.999174	-0.00175193	0.0406075	-0.00173766	0.996316	0.0857402	-0.0406081	-0.0857399	0.99549	-0.772305	-1.63737	38.2508	
0.99914	-0.00182369	0.0414324	-0.00180854	0.996166	0.0874603	-0.041433	-0.08746	0.995306	-0.803733	-1.70372	39.0135	
0.999105	-0.0018969	0.0422573	-0.00188084	0.996014	0.0891798	-0.042258	-0.0891794	0.995119	-0.835794	-1.77139	39.776	
0.99907	-0.00197156	0.0430824	-0.00195455	0.995858	0.0908986	-0.0430832	-0.0908982	0.994928	-0.868486	-1.84038	40.5383	
0.999018	-0.00207913	0.0442667	-0.00190797	0.995955	0.0898375	-0.0442744	-0.0898337	0.994972	-0.901951	-1.90961	41.3006	
0.998964	-0.0021857	0.0454542	-0.00186012	0.99605	0.0887765	-0.0454686	-0.0887691	0.995014	-0.93633	-1.97803	42.0629	
0.998909	-0.00229127	0.0466446	-0.001811	0.996144	0.0877155	-0.0466657	-0.0877043	0.995053	-0.971625	-2.04563	42.8253	
0.998852	-0.00239582	0.047838	-0.0017606	0.996237	0.0866545	-0.0478656	-0.0866393	0.995089	-1.00784	-2.11242	43.5877	
0.998794	-0.00249933	0.0490343	-0.00170893	0.996329	0.0855936	-0.0490682	-0.0855742	0.995123	-1.04497	-2.17839	44.3501	
0.998734	-0.0026018	0.0502334	-0.00165598	0.996419	0.0845328	-0.0502734	-0.084509	0.995154	-1.08303	-2.24355	45.1125	
0.998673	-0.00270321	0.0514352	-0.00160175	0.996509	0.083472	-0.0514812	-0.0834436	0.995182	-1.12201	-2.30789	45.875	
0.99861	-0.00280355	0.0526396	-0.00154623	0.996597	0.0824113	-0.0526915	-0.0823781	0.995207	-1.16191	-2.37141	46.6375	
0.998545	-0.00290281	0.0538465	-0.00148943	0.996684	0.0813506	-0.0539041	-0.0813125	0.99523	-1.20275	-2.43412	47.4	
0.998479	-0.00300097	0.0550559	-0.00143134	0.996771	0.0802901	-0.0551191	-0.0802468	0.99525	-1.24451	-2.49601	48.1625	
0.998411	-0.00309803	0.0562677	-0.00137196	0.996855	0.0792296	-0.0563362	-0.0791809	0.995267	-1.28721	-2.55708	48.925	
0.998341	-0.00319397	0.0574818	-0.0013113	0.996939	0.0781693	-0.0575556	-0.078115	0.995282	-1.33084	-2.61734	49.6875	
0.99827	-0.00328878	0.0586982	-0.00124933	0.997022	0.0771091	-0.058777	-0.077049	0.995293	-1.3754	-2.67678	50.4501	
0.998198	-0.00338246	0.0599167	-0.00118608	0.997103	0.0760489	-0.0600003	-0.0759829	0.995302	-1.42091	-2.7354	51.2126	
0.998123	-0.00347498	0.0611372	-0.00112152	0.997184	0.0749889	-0.0612256	-0.0749168	0.995308	-1.46735	-2.79321	51.9752	
0.998047	-0.00356635	0.0623597	-0.00105567	0.997263	0.0739291	-0.0624527	-0.0738506	0.995312	-1.51472	-2.8502	52.7378	
0.99797	-0.00365654	0.0635842	-0.000988525	0.997341	0.0728693	-0.0636816	-0.0727843	0.995313	-1.56304	-2.90637	53.5004	
0.997891	-0.00374556	0.0648104	-0.000920075	0.997418	0.0718098	-0.0649121	-0.0717179	0.99531	-1.61231	-2.96173	54.2629	
0.99781	-0.00383339	0.0660384	-0.000850325	0.997494	0.0707503	-0.0661441	-0.0706515	0.995306	-1.66251	-3.01627	55.0255	
0.997727	-0.00392001	0.0672681	-0.000779272	0.997568	0.069691	-0.0673777	-0.0695851	0.995298	-1.71366	-3.06999	55.7881	
0.997643	-0.00400544	0.0684993	-0.000706916	0.997642	0.0686319	-0.0686127	-0.0685186	0.995288	-1.76576	-3.12289	56.5506	
0.997557	-0.00408964	0.0697321	-0.000633255	0.997714	0.0675729	-0.069849	-0.067452	0.995275	-1.8188	-3.17498	57.3132	
0.99747	-0.00417262	0.0709662	-0.000558289	0.997785	0.0665141	-0.0710866	-0.0663855	0.995259	-1.87279	-3.22625	58.0757	
0.997381	-0.00425437	0.0722017	-0.000482018	0.997855	0.0654555	-0.0723253	-0.0653189	0.99524	-1.92773	-3.27671	58.8382	
0.99729	-0.00433488	0.0734385	-0.000404439	0.997924	0.0643971	-0.0735652	-0.0642523	0.995218	-1.98361	-3.32634	59.6007	
0.997198	-0.00441413	0.0746764	-0.000325554	0.997992	0.0633388	-0.074806	-0.0631857	0.995194	-2.04045	-3.37516	60.3632	
0.997104	-0.00449214	0.0759154	-0.000245361	0.998059	0.0622808	-0.0760478	-0.062119	0.995167	-2.09824	-3.42316	61.1257	
0.997009	-0.00456888	0.0771554	-0.00016386	0.998124	0.0612229	-0.0772904	-0.0610524	0.995138	-2.15698	-3.47035	61.8881	
0.996911	-0.00464434	0.0783963	-8.10507e-05	0.998188	0.0601652	-0.0785337	-0.0599857	0.995105	-2.21668	-3.51671	62.6505	
0.996813	-0.00471854	0.0796381	3.06706e-06	0.998252	0.0591078	-0.0797778	-0.0589191	0.99507	-2.27732	-3.56226	63.4129	
0.996712	-0.00479144	0.0808806	8.84934e-05	0.998314	0.0580505	-0.0810224	-0.0578525	0.995032	-2.33892	-3.607	64.1753	
0.99661	-0.00486306	0.0821239	0.000175229	0.998375	0.0569934	-0.0822675	-0.0567859	0.994991	-2.40147	-3.65091	64.9377	
0.996507	-0.00493338	0.0833677	0.000263272	0.998434	0.0559366	-0.0835131	-0.0557193	0.994948	-2.46498	-3.69401	65.7	
0.996401	-0.0050024	0.084612	0.000352624	0.998493	0.05488	-0.084759	-0.0546527	0.994901	-2.52944	-3.73629	66.4622	
0.996295	-0.00507012	0.0858568	0.000443285	0.99855	0.0538236	-0.0860052	-0.0535861	0.994853	-2.59486	-3.77776	67.2245	
0.996186	-0.00513652	0.0871019	0.000535253	0.998607	0.0527675	-0.0872516	-0.0525196	0.994801	-2.66123	-3.8184	67.9867	
0.996076	-0.0052016	0.0883473	0.000628529	0.998662	0.0517116	-0.0884981	-0.0514531	0.994747	-2.72856	-3.85823	68.7488	
0.995965	-0.00526536	0.0895929	0.000723112	0.998716	0.0506559	-0.0897446	-0.0503867	0.994689	-2.79684	-3.89725	69.5109	
0.995851	-0.0053278	0.0908386	0.000819002	0.998769	0.0496005	-0.090991	-0.0493203	0.99463	-2.86608	-3.93544	70.273	
0.995737	-0.00538891	0.0920843	0.000916197	0.998821	0.0485453	-0.0922373	-0.0482539	0.994567	-2.93627	-3.97282	71.035	
0.995472	-0.00549869	0.0949004	0.00268994	0.999555	0.0296994	-0.0950215	-0.0293096	0.995044	-3.008	-4.00254	71.7972	
0.995199	-0.00555483	0.0977172	0.0045161	0.999931	0.0108479	-0.0977708	-0.0103545	0.995155	-3.08186	-4.01773	72.5597	
0.994918	-0.0055573	0.100534	0.006394	0.999948	-0.00800221	-0.100484	0.00860436	0.994901	-3.15781	-4.0184	73.322	
0.99463	-0.00550612	0.103349	0.00832295	0.999605	-0.0268441	-0.103161	0.0275601	0.994283	-3.23583	-4.00455	74.0841	
0.994334	-0.00540129	0.106163	0.0103023	0.998903	-0.0456707	-0.105799	0.0465057	0.993299	-3.31588	-3.97617	74.8455	
0.994031	-0.00524285	0.108972	0.0123312	0.997843	-0.0644753	-0.108399	0.0654342	0.991952	-3.39794	-3.93329	75.6061	
