1	0	0	0	1	0	0	0	1	0	0	0	
0.999999	-2.2058e-06	0.00108049	-2.2058e-06	0.999992	0.00408294	-0.00108049	-0.00408294	0.999991	-0.000517054	-0.00195383	0.957068	
0.999998	-8.833e-06	0.00216217	-8.83296e-06	0.999967	0.00817032	-0.00216217	-0.00817032	0.999964	-0.00206879	-0.00781746	1.91412	
0.999995	-1.9896e-05	0.003245	-1.98958e-05	0.999925	0.012262	-0.003245	-0.012262	0.99992	-0.00465631	-0.0175951	2.87114	
0.999991	-3.54087e-05	0.00432893	-3.54083e-05	0.999866	0.0163578	-0.00432893	-0.0163578	0.999857	-0.00828071	-0.0312907	3.8281	
0.999985	-5.53848e-05	0.00541393	-5.53839e-05	0.999791	0.0204576	-0.00541393	-0.0204576	0.999776	-0.012943	-0.0489082	4.785	
0.999979	-7.98373e-05	0.00649996	-7.98358e-05	0.999698	0.0245613	-0.00649996	-0.0245613	0.999677	-0.0186442	-0.0704514	5.74181	
0.999971	-0.000108779	0.00758697	-0.000108777	0.999589	0.0286686	-0.00758697	-0.0286686	0.99956	-0.0253854	-0.0959238	6.69851	
0.999962	-0.000142222	0.00867492	-0.000142219	0.999463	0.0327795	-0.00867492	-0.0327795	0.999425	-0.0331673	-0.125329	7.6551	
0.999952	-0.000180179	0.00976378	-0.000180174	0.999319	0.0368937	-0.00976378	-0.0368937	0.999271	-0.0419908	-0.15867	8.61155	
0.999941	-0.000222661	0.0108535	-0.000222654	0.999159	0.0410111	-0.0108535	-0.0410111	0.9991	-0.0518569	-0.19595	9.56784	
0.999929	-0.000269679	0.011944	-0.000269669	0.998981	0.0451316	-0.011944	-0.0451316	0.99891	-0.0627664	-0.237173	10.524	
0.999915	-0.000321243	0.0130354	-0.000321231	0.998786	0.049255	-0.0130354	-0.049255	0.998701	-0.0747199	-0.28234	11.4799	
0.9999	-0.000377365	0.0141274	-0.000377349	0.998574	0.0533812	-0.0141274	-0.0533812	0.998474	-0.0877183	-0.331455	12.4356	
0.999884	-0.000438054	0.0152202	-0.000438034	0.998345	0.05751	-0.0152202	-0.05751	0.998229	-0.101762	-0.384521	13.3911	
0.999867	-0.000503319	0.0163136	-0.000503294	0.998098	0.0616412	-0.0163136	-0.0616412	0.997965	-0.116852	-0.441539	14.3464	
0.999848	-0.000573169	0.0174076	-0.000573139	0.997834	0.0657747	-0.0174076	-0.0657747	0.997683	-0.132989	-0.502512	15.3013	
0.999829	-0.000647614	0.0185022	-0.000647578	0.997553	0.0699103	-0.0185022	-0.0699103	0.997382	-0.150173	-0.567442	16.2561	
0.999808	-0.000726661	0.0195974	-0.000726618	0.997254	0.0740479	-0.0195974	-0.0740479	0.997062	-0.168405	-0.636331	17.2105	
0.999786	-0.000810318	0.020693	-0.000810268	0.996938	0.0781874	-0.020693	-0.0781874	0.996724	-0.187686	-0.709181	18.1646	
0.999762	-0.000898593	0.0217891	-0.000898535	0.996605	0.0823285	-0.0217891	-0.0823285	0.996367	-0.208015	-0.785994	19.1183	
0.999738	-0.000991493	0.0228856	-0.000991426	0.996254	0.0864711	-0.0228856	-0.0864711	0.995991	-0.229393	-0.866771	20.0717	
0.999712	-0.00108902	0.0239825	-0.00108895	0.995885	0.0906151	-0.0239825	-0.0906151	0.995597	-0.251821	-0.951513	21.0248	
0.999685	-0.00119119	0.0250797	-0.0011911	0.995499	0.0947604	-0.0250797	-0.0947604	0.995184	-0.275299	-1.04022	21.9775	
0.999656	-0.00129801	0.0261772	-0.0012979	0.995096	0.0989066	-0.0261772	-0.0989066	0.994752	-0.299828	-1.1329	22.9297	
0.999627	-0.00140947	0.0272749	-0.00140935	0.994675	0.103054	-0.027275	-0.103054	0.994302	-0.325406	-1.22954	23.8815	
0.999596	-0.00152558	0.0283729	-0.00152545	0.994236	0.107202	-0.0283729	-0.107202	0.993832	-0.352036	-1.33016	24.8329	
0.999564	-0.00164636	0.029471	-0.00164621	0.99378	0.11135	-0.029471	-0.11135	0.993344	-0.379716	-1.43474	25.7839	
0.999531	-0.00177179	0.0305693	-0.00177163	0.993306	0.115499	-0.0305693	-0.115499	0.992837	-0.408448	-1.5433	26.7343	
0.999497	-0.0019019	0.0316676	-0.00190172	0.992814	0.119649	-0.0316677	-0.119649	0.992311	-0.43823	-1.65583	27.6843	
0.999461	-0.00203667	0.032766	-0.00203647	0.992305	0.123798	-0.0327661	-0.123798	0.991766	-0.469064	-1.77232	28.6338	
0.999424	-0.00217612	0.0338644	-0.0021759	0.991779	0.127947	-0.0338645	-0.127947	0.991203	-0.500949	-1.89279	29.5827	
0.999386	-0.00232024	0.0349628	-0.00232	0.991234	0.132097	-0.0349628	-0.132097	0.99062	-0.533886	-2.01723	30.5311	
0.999347	-0.00246904	0.0360611	-0.00246877	0.990672	0.136246	-0.0360611	-0.136246	0.990019	-0.567873	-2.14565	31.4789	
0.999306	-0.00262252	0.0371593	-0.00262223	0.990092	0.140394	-0.0371593	-0.140394	0.989398	-0.602912	-2.27803	32.4261	
0.999264	-0.00278068	0.0382573	-0.00278036	0.989495	0.144542	-0.0382573	-0.144542	0.988759	-0.639002	-2.41438	33.3727	
0.999221	-0.00294352	0.0393552	-0.00294318	0.98888	0.148689	-0.0393552	-0.148689	0.988101	-0.676142	-2.5547	34.3187	
0.999177	-0.00311105	0.0404528	-0.00311068	0.988247	0.152835	-0.0404528	-0.152835	0.987423	-0.714333	-2.69899	35.2641	
0.999131	-0.00328326	0.0415501	-0.00328286	0.987596	0.15698	-0.0415501	-0.15698	0.986727	-0.753574	-2.84725	36.2088	
0.999084	-0.00346015	0.0426471	-0.00345972	0.986928	0.161124	-0.0426471	-0.161124	0.986012	-0.793866	-2.99947	37.1528	
0.999036	-0.00364173	0.0437438	-0.00364126	0.986242	0.165266	-0.0437438	-0.165266	0.985278	-0.835207	-3.15566	38.0961	
0.998987	-0.00382799	0.04484	-0.00382748	0.985539	0.169407	-0.0448401	-0.169407	0.984526	-0.877597	-3.31582	39.0387	
0.998936	-0.00401892	0.0459359	-0.00401838	0.984817	0.173547	-0.0459359	-0.173547	0.983754	-0.921037	-3.47993	39.9806	
0.998885	-0.00421454	0.0470312	-0.00421395	0.984079	0.177684	-0.0470313	-0.177684	0.982963	-0.965525	-3.64801	40.9218	
0.998832	-0.00441483	0.0481261	-0.0044142	0.983322	0.181819	-0.0481261	-0.181819	0.982154	-1.01106	-3.82004	41.8622	
0.998777	-0.0046198	0.0492203	-0.00461913	0.982548	0.185953	-0.0492204	-0.185953	0.981325	-1.05765	-3.99604	42.8018	
0.998722	-0.00482944	0.050314	-0.00482872	0.981756	0.190084	-0.0503141	-0.190084	0.980478	-1.10528	-4.17598	43.7405	
0.998665	-0.00504375	0.0514071	-0.00504298	0.980947	0.194212	-0.0514072	-0.194212	0.979612	-1.15395	-4.35988	44.6785	
0.998607	-0.00526272	0.0524995	-0.0052619	0.980119	0.198338	-0.0524996	-0.198338	0.978727	-1.20368	-4.54773	45.6157	
0.998548	-0.00548635	0.0535912	-0.00548548	0.979275	0.202462	-0.0535913	-0.202462	0.977823	-1.25444	-4.73953	46.5519	
0.998487	-0.00571464	0.0546821	-0.00571371	0.978413	0.206582	-0.0546822	-0.206582	0.9769	-1.30626	-4.93527	47.4873	
0.998426	-0.00594758	0.0557723	-0.0059466	0.977533	0.210699	-0.0557724	-0.210699	0.975959	-1.35911	-5.13496	48.4219	
0.998363	-0.00618516	0.0568616	-0.00618412	0.976635	0.214814	-0.0568617	-0.214814	0.974998	-1.41301	-5.33858	49.3555	
0.998299	-0.00642739	0.05795	-0.00642628	0.975721	0.218925	-0.0579501	-0.218925	0.974019	-1.46796	-5.54614	50.2881	
0.998233	-0.00667425	0.0590376	-0.00667308	0.974788	0.223032	-0.0590377	-0.223032	0.973022	-1.52394	-5.75763	51.2199	
0.998167	-0.00692573	0.0601242	-0.0069245	0.973838	0.227136	-0.0601243	-0.227136	0.972005	-1.58096	-5.97305	52.1506	
0.998099	-0.00718184	0.0612098	-0.00718054	0.972871	0.231236	-0.0612099	-0.231236	0.97097	-1.63902	-6.1924	53.0804	
0.99803	-0.00744257	0.0622944	-0.00744119	0.971887	0.235332	-0.0622945	-0.235332	0.969917	-1.69813	-6.41567	54.0092	
0.99796	-0.0077079	0.0633779	-0.00770645	0.970884	0.239424	-0.0633781	-0.239424	0.968844	-1.75826	-6.64286	54.937	
0.997888	-0.00797783	0.0644603	-0.0079763	0.969865	0.243512	-0.0644605	-0.243512	0.967753	-1.81944	-6.87396	55.8637	
0.997816	-0.00825234	0.0655416	-0.00825074	0.968828	0.247596	-0.0655418	-0.247596	0.966644	-1.88165	-7.10897	56.7894	
0.997742	-0.00853145	0.0666217	-0.00852976	0.967774	0.251675	-0.0666219	-0.251675	0.965516	-1.9449	-7.34789	57.714	
0.997667	-0.00881512	0.0677006	-0.00881335	0.966703	0.255749	-0.0677008	-0.255749	0.96437	-2.00917	-7.59071	58.6375	
0.99773	-0.0085723	0.0667875	-0.0089057	0.966351	0.257074	-0.0667439	-0.257085	0.964081	-2.07351	-7.83612	59.5603	
0.997793	-0.00832785	0.0658733	-0.00899682	0.965996	0.2584	-0.0657853	-0.258422	0.96379	-2.13693	-8.08281	60.4829	
0.997855	-0.0080818	0.0649582	-0.00908669	0.96564	0.259726	-0.0648253	-0.259759	0.963495	-2.19943	-8.33078	61.4052	
0.997916	-0.00783421	0.0640423	-0.00917531	0.965281	0.261052	-0.063864	-0.261096	0.963198	-2.26101	-8.58003	62.3272	
0.997977	-0.0075851	0.0631259	-0.00926265	0.96492	0.262379	-0.0629016	-0.262433	0.962898	-2.32168	-8.83055	63.2489	
0.998036	-0.00733454	0.062209	-0.00934871	0.964558	0.263707	-0.0619383	-0.263771	0.962595	-2.38142	-9.08236	64.1703	
0.998095	-0.00708254	0.0612918	-0.00943348	0.964193	0.265034	-0.0609743	-0.265108	0.962289	-2.44023	-9.33545	65.0914	
0.998152	-0.00682917	0.0603746	-0.00951696	0.963826	0.266362	-0.0600097	-0.266445	0.96198	-2.49813	-9.58981	66.0122	
0.998209	-0.00657447	0.0594575	-0.00959912	0.963457	0.26769	-0.0590447	-0.267781	0.961669	-2.5551	-9.84546	66.9328	
0.998265	-0.00631848	0.0585406	-0.00967996	0.963087	0.269017	-0.0580795	-0.269117	0.961355	-2.61115	-10.1024	67.853	
0.99832	-0.00606125	0.0576241	-0.00975947	0.962714	0.270344	-0.0571142	-0.270452	0.961038	-2.66627	-10.3606	68.7729	
0.998374	-0.00580283	0.0567083	-0.00983765	0.96234	0.27167	-0.0561491	-0.271786	0.960718	-2.72047	-10.6201	69.6926	
0.998427	-0.00554326	0.0557931	-0.00991449	0.961964	0.272996	-0.0551843	-0.27312	0.960396	-2.77375	-10.8808	70.6119	
0.999107	-0.00182158	0.0422043	-0.00898231	0.967063	0.254378	-0.0412776	-0.25453	0.966183	-2.81991	-11.1333	71.5339	
0.999591	0.00163684	0.0285378	-0.00831914	0.971801	0.235654	-0.0273474	-0.235795	0.971418	-2.85276	-11.368	72.4611	
0.999879	0.00483002	0.0148014	-0.00792536	0.976176	0.216834	-0.0134015	-0.216925	0.976096	-2.87226	-11.5846	73.3931	
0.999969	0.00775613	0.00100289	-0.00780118	0.980185	0.197929	0.00055214	-0.19793	0.980216	-2.87841	-11.7832	74.3293	
0.999863	0.0104135	-0.0128498	-0.0079467	0.983826	0.178949	0.0145054	-0.178823	0.983774	-2.8712	-11.9635	75.2692	
0.99956	0.0128006	-0.0267486	-0.00836181	0.987097	0.159907	0.0284504	-0.159613	0.98677	-2.85064	-12.1254	76.2122	
0.999061	0.014916	-0.0406858	-0.00904628	0.989995	0.140811	0.0423791	-0.140311	0.9892	-2.81675	-12.269	77.1579	
0.998365	0.0167586	-0.0546532	-0.00999973	0.99252	0.121675	0.0562835	-0.120929	0.991064	-2.76953	-12.394	78.1055	
0.997473	0.0183274	-0.068643	-0.0112216	0.994669	0.102507	0.0701557	-0.101478	0.992361	-2.70902	-12.5004	79.0547	
0.996386	0.0196213	-0.082647	-0.0127112	0.996442	0.0833207	0.0839877	-0.081969	0.99309	-2.63526	-12.5882	80.0049	
0.995104	0.0206396	-0.0966573	-0.0144677	0.997837	0.0641253	0.0977717	-0.062413	0.99325	-2.54827	-12.6573	80.9554	
0.993628	0.0213819	-0.110666	-0.01649	0.998854	0.0449324	0.1115	-0.0428212	0.992841	-2.44812	-12.7077	81.9059	
0.991958	0.0218476	-0.124665	-0.018777	0.999492	0.0257528	0.125164	-0.0232049	0.991865	-2.33487	-12.7393	82.8557	
0.990097	0.0220365	-0.138646	-0.0213275	0.999751	0.00659757	0.138756	-0.00357528	0.99032	-2.20857	-12.7521	83.8043	
0.988044	0.0219485	-0.152601	-0.0241399	0.99963	-0.0125223	0.152269	0.0160564	0.988209	-2.06929	-12.7461	84.7511	
0.985801	0.0215835	-0.166522	-0.0272126	0.99913	-0.0315959	0.165695	0.0356788	0.985531	-1.91713	-12.7213	85.6957	
0.98337	0.020942	-0.180402	-0.0305439	0.998251	-0.0506123	0.179026	0.0552808	0.98229	-1.75216	-12.6778	86.6374	
0.980751	0.0200241	-0.194232	-0.0341318	0.996994	-0.0695607	0.192255	0.0748512	0.978486	-1.57448	-12.6155	87.5757	
0.977947	0.0188305	-0.208004	-0.0379744	0.995358	-0.0884301	0.205373	0.0943787	0.974122	-1.38419	-12.5346	88.5102	
0.974958	0.0173618	-0.221711	-0.0420693	0.993346	-0.10721	0.218374	0.113852	0.969201	-1.1814	-12.4349	89.4402	
0.971786	0.0156188	-0.235345	-0.0464144	0.990958	-0.125889	0.23125	0.133261	0.963724	-0.966231	-12.3166	90.3652	
0.968434	0.0136026	-0.248897	-0.051007	0.988196	-0.144457	0.243994	0.152593	0.957696	-0.738799	-12.1798	91.2847	
0.964904	0.0113143	-0.26236	-0.0558445	0.98506	-0.162903	0.256598	0.171837	0.95112	-0.499237	-12.0246	92.1982	
0.961196	0.00875519	-0.275727	-0.0609243	0.981554	-0.181217	0.269055	0.190984	0.943999	-0.247682	-11.851	93.1051	
