1	0	0	0	1	0	0	0	1	0	0	0	
0.999992	-4.45049e-06	0.00406068	-4.45049e-06	0.999998	0.00219198	-0.00406068	-0.00219198	0.999989	-0.00172784	-0.0009327	0.851007	
0.999967	-1.78069e-05	0.00812311	-1.78007e-05	0.99999	0.00438339	-0.00812311	-0.00438339	0.999957	-0.00691211	-0.00373056	1.702	
0.999926	-4.00747e-05	0.0121872	-4.005e-05	0.999978	0.00657418	-0.0121872	-0.00657418	0.999904	-0.0155543	-0.00839307	2.55295	
0.999868	-7.12592e-05	0.0162529	-7.11975e-05	0.999962	0.00876428	-0.0162529	-0.00876428	0.99983	-0.0276557	-0.0149197	3.40385	
0.999794	-0.000111365	0.0203199	-0.000111242	0.99994	0.0109537	-0.0203199	-0.0109537	0.999734	-0.0432176	-0.0233098	4.25467	
0.999703	-0.000160398	0.0243884	-0.000160182	0.999914	0.0131422	-0.0243884	-0.0131422	0.999616	-0.0622413	-0.0335627	5.10541	
0.999595	-0.00021836	0.0284581	-0.000218015	0.999882	0.01533	-0.0284581	-0.0153299	0.999477	-0.0847278	-0.0456778	5.95603	
0.999471	-0.000285257	0.0325289	-0.000284738	0.999847	0.0175168	-0.0325289	-0.0175168	0.999317	-0.110678	-0.0596542	6.80653	
0.99933	-0.000361092	0.0366008	-0.000360351	0.999806	0.0197026	-0.0366008	-0.0197026	0.999136	-0.140093	-0.0754913	7.65689	
0.999172	-0.000445867	0.0406735	-0.000444848	0.99976	0.0218875	-0.0406736	-0.0218874	0.998933	-0.172974	-0.0931881	8.50708	
0.998998	-0.000539587	0.0447472	-0.000538228	0.99971	0.0240712	-0.0447472	-0.0240712	0.998708	-0.209321	-0.112744	9.35708	
0.998807	-0.000642253	0.0488215	-0.000640486	0.999655	0.0262539	-0.0488215	-0.0262538	0.998462	-0.249135	-0.134157	10.2069	
0.9986	-0.000753868	0.0528965	-0.000751618	0.999595	0.0284353	-0.0528965	-0.0284353	0.998195	-0.292416	-0.157428	11.0565	
0.998375	-0.000874433	0.056972	-0.00087162	0.999531	0.0306155	-0.056972	-0.0306154	0.997906	-0.339166	-0.182554	11.9058	
0.998134	-0.00100395	0.0610479	-0.00100049	0.999462	0.0327944	-0.0610479	-0.0327943	0.997596	-0.389384	-0.209536	12.7549	
0.997877	-0.00114242	0.0651241	-0.00113822	0.999388	0.034972	-0.0651241	-0.0349719	0.997264	-0.443071	-0.23837	13.6038	
0.997602	-0.00128984	0.0692005	-0.0012848	0.999309	0.0371482	-0.0692006	-0.037148	0.996911	-0.500227	-0.269058	14.4523	
0.997311	-0.00144622	0.073277	-0.00144023	0.999226	0.0393229	-0.0732771	-0.0393226	0.996536	-0.560852	-0.301597	15.3005	
0.997002	-0.00161156	0.0773535	-0.00160451	0.999137	0.041496	-0.0773537	-0.0414958	0.99614	-0.624947	-0.335985	16.1484	
0.996677	-0.00178585	0.0814299	-0.00177762	0.999045	0.0436677	-0.0814301	-0.0436673	0.995722	-0.69251	-0.372223	16.996	
0.996336	-0.00196909	0.0855061	-0.00195956	0.998947	0.0458376	-0.0855063	-0.0458372	0.995283	-0.763542	-0.410307	17.8431	
0.995977	-0.00216129	0.089582	-0.00215033	0.998845	0.0480059	-0.0895823	-0.0480055	0.994822	-0.838044	-0.450238	18.6899	
0.995602	-0.00236244	0.0936575	-0.00234991	0.998738	0.0501725	-0.0936578	-0.0501719	0.994339	-0.916013	-0.492013	19.5363	
0.995209	-0.00257254	0.0977325	-0.0025583	0.998626	0.0523373	-0.0977328	-0.0523366	0.993836	-0.997451	-0.535631	20.3823	
0.9948	-0.00279159	0.101807	-0.0027755	0.99851	0.0545002	-0.101807	-0.0544994	0.99331	-1.08236	-0.58109	21.2279	
0.994374	-0.00301959	0.10588	-0.00300148	0.998389	0.0566613	-0.105881	-0.0566603	0.992763	-1.17073	-0.628389	22.0729	
0.993931	-0.00325653	0.109953	-0.00323625	0.998263	0.0588204	-0.109954	-0.0588193	0.992195	-1.26257	-0.677527	22.9176	
0.993472	-0.00350242	0.114025	-0.0034798	0.998133	0.0609775	-0.114026	-0.0609762	0.991605	-1.35787	-0.7285	23.7617	
0.992995	-0.00375724	0.118096	-0.00373211	0.997998	0.0631325	-0.118097	-0.063131	0.990993	-1.45664	-0.781309	24.6053	
0.992502	-0.00402101	0.122166	-0.00399318	0.997859	0.0652854	-0.122166	-0.0652837	0.99036	-1.55888	-0.83595	25.4484	
0.991991	-0.0042937	0.126234	-0.00426299	0.997714	0.0674362	-0.126235	-0.0674343	0.989706	-1.66457	-0.892422	26.2909	
0.991464	-0.00457533	0.130301	-0.00454154	0.997566	0.0695847	-0.130302	-0.0695825	0.98903	-1.77373	-0.950724	27.1329	
0.99092	-0.00486587	0.134367	-0.00482882	0.997412	0.071731	-0.134368	-0.0717285	0.988332	-1.88635	-1.01085	27.9742	
0.990359	-0.00516534	0.138431	-0.00512482	0.997254	0.073875	-0.138432	-0.0738721	0.987613	-2.00243	-1.07281	28.815	
0.989781	-0.00547373	0.142493	-0.00542952	0.997092	0.0760165	-0.142495	-0.0760134	0.986872	-2.12196	-1.13658	29.6552	
0.989186	-0.00579102	0.146554	-0.00574291	0.996925	0.0781557	-0.146556	-0.0781521	0.98611	-2.24496	-1.20218	30.4947	
0.988574	-0.00611722	0.150613	-0.00606499	0.996753	0.0802923	-0.150615	-0.0802884	0.985327	-2.3714	-1.2696	31.3335	
0.987945	-0.00645232	0.15467	-0.00639573	0.996577	0.0824265	-0.154672	-0.0824221	0.984522	-2.5013	-1.33883	32.1717	
0.9873	-0.00679631	0.158724	-0.00673514	0.996396	0.084558	-0.158727	-0.0845531	0.983695	-2.63466	-1.40988	33.0092	
0.986637	-0.00714918	0.162777	-0.00708319	0.99621	0.0866869	-0.16278	-0.0866815	0.982847	-2.77146	-1.48274	33.846	
0.985958	-0.00751094	0.166827	-0.00743987	0.996021	0.0888131	-0.16683	-0.0888071	0.981978	-2.91171	-1.55741	34.682	
0.985261	-0.00788157	0.170875	-0.00780518	0.995826	0.0909366	-0.170879	-0.09093	0.981087	-3.05541	-1.63389	35.5173	
0.984548	-0.00826106	0.174921	-0.00817909	0.995627	0.0930573	-0.174924	-0.09305	0.980175	-3.20255	-1.71218	36.3519	
0.983818	-0.00864941	0.178964	-0.00856159	0.995424	0.0951751	-0.178968	-0.0951672	0.979241	-3.35313	-1.79227	37.1856	
0.983071	-0.00904661	0.183004	-0.00895268	0.995216	0.0972901	-0.183008	-0.0972814	0.978286	-3.50716	-1.87415	38.0185	
0.982307	-0.00945265	0.187041	-0.00935233	0.995003	0.099402	-0.187046	-0.0993926	0.97731	-3.66462	-1.95784	38.8507	
0.981526	-0.00986753	0.191076	-0.00976053	0.994787	0.101511	-0.191081	-0.101501	0.976312	-3.82551	-2.04332	39.6819	
0.980728	-0.0102912	0.195107	-0.0101773	0.994565	0.103617	-0.195113	-0.103606	0.975293	-3.98984	-2.1306	40.5124	
0.979913	-0.0107237	0.199136	-0.0106025	0.994339	0.10572	-0.199142	-0.105708	0.974253	-4.1576	-2.21966	41.3419	
0.979082	-0.0111651	0.203161	-0.0110363	0.994109	0.10782	-0.203168	-0.107806	0.973191	-4.32878	-2.31051	42.1705	
0.978233	-0.0116152	0.207183	-0.0114785	0.993875	0.109916	-0.207191	-0.109902	0.972108	-4.50339	-2.40315	42.9983	
0.977368	-0.0120741	0.211201	-0.0119293	0.993636	0.112009	-0.21121	-0.111994	0.971004	-4.68142	-2.49756	43.8251	
0.976486	-0.0125418	0.215217	-0.0123884	0.993392	0.114099	-0.215225	-0.114082	0.969878	-4.86288	-2.59376	44.6509	
0.975587	-0.0130182	0.219228	-0.0128561	0.993144	0.116186	-0.219238	-0.116168	0.968731	-5.04774	-2.69173	45.4758	
0.974671	-0.0135034	0.223236	-0.0133321	0.992892	0.118269	-0.223246	-0.11825	0.967563	-5.23602	-2.79148	46.2997	
0.973738	-0.0139973	0.22724	-0.0138166	0.992636	0.120349	-0.227251	-0.120328	0.966374	-5.42771	-2.893	47.1226	
0.972789	-0.0145	0.23124	-0.0143094	0.992375	0.122425	-0.231252	-0.122403	0.965163	-5.62281	-2.99628	47.9445	
0.971195	-0.015333	0.237792	-0.014424	0.992315	0.122896	-0.237849	-0.122786	0.96351	-5.82241	-3.10061	48.7652	
0.969555	-0.0161693	0.244338	-0.0145434	0.992254	0.123373	-0.244441	-0.12317	0.96181	-6.02763	-3.20526	49.5844	
0.967869	-0.0170088	0.250878	-0.0146676	0.992192	0.123854	-0.251026	-0.123555	0.960063	-6.23845	-3.31025	50.4022	
0.966137	-0.0178516	0.25741	-0.0147966	0.992129	0.124341	-0.257604	-0.123939	0.958269	-6.45488	-3.41556	51.2184	
0.964359	-0.0186976	0.263935	-0.0149305	0.992066	0.124832	-0.264175	-0.124324	0.956428	-6.6769	-3.5212	52.0332	
0.962535	-0.0195468	0.270451	-0.0150693	0.992001	0.125328	-0.270738	-0.124708	0.954541	-6.90451	-3.62716	52.8463	
0.960665	-0.0203991	0.276958	-0.0152129	0.991935	0.125828	-0.277292	-0.125092	0.952608	-7.1377	-3.73345	53.6578	
0.95875	-0.0212545	0.283456	-0.0153614	0.991869	0.126332	-0.283836	-0.125475	0.950628	-7.37646	-3.84007	54.4676	
0.956788	-0.022113	0.289944	-0.0155148	0.991802	0.126839	-0.290371	-0.125856	0.948601	-7.62079	-3.94701	55.2758	
0.954781	-0.0229746	0.296421	-0.0156731	0.991734	0.12735	-0.296896	-0.126237	0.946529	-7.87068	-4.05428	56.0822	
0.952729	-0.0238392	0.302886	-0.0158363	0.991665	0.127864	-0.30341	-0.126616	0.94441	-8.12611	-4.16187	56.8868	
0.95063	-0.0247068	0.30934	-0.0160043	0.991596	0.128381	-0.309912	-0.126993	0.942246	-8.38708	-4.26978	57.6896	
0.948487	-0.0255772	0.315782	-0.0161771	0.991526	0.1289	-0.316403	-0.127368	0.940035	-8.65358	-4.37802	58.4905	
0.946298	-0.0264506	0.322211	-0.0163548	0.991455	0.129422	-0.32288	-0.127741	0.937779	-8.9256	-4.48657	59.2895	
0.944065	-0.0273268	0.328626	-0.0165372	0.991383	0.129946	-0.329345	-0.128112	0.935478	-9.20313	-4.59543	60.0866	
0.941786	-0.0282059	0.335027	-0.0167244	0.991311	0.130472	-0.335796	-0.12848	0.933131	-9.48615	-4.70462	60.8817	
0.939463	-0.0290876	0.341414	-0.0169163	0.991238	0.130999	-0.342233	-0.128844	0.930739	-9.77466	-4.81411	61.6748	
0.937095	-0.0299721	0.347786	-0.0171129	0.991165	0.131528	-0.348656	-0.129206	0.928302	-10.0686	-4.92391	62.4658	
0.934682	-0.0308593	0.354143	-0.0173141	0.991091	0.132058	-0.355063	-0.129564	0.92582	-10.3681	-5.03402	63.2548	
0.932225	-0.031749	0.360483	-0.0175199	0.991016	0.132589	-0.361454	-0.129919	0.923294	-10.673	-5.14443	64.0416	
0.929724	-0.0326413	0.366807	-0.0177302	0.990941	0.133121	-0.367829	-0.13027	0.920723	-10.9833	-5.25514	64.8262	
0.927179	-0.033536	0.373113	-0.0179449	0.990866	0.133653	-0.374188	-0.130616	0.918108	-11.299	-5.36615	65.6086	
0.924591	-0.0344332	0.379403	-0.018164	0.99079	0.134186	-0.380529	-0.130958	0.91545	-11.6201	-5.47745	66.3888	
0.921959	-0.0353328	0.385673	-0.0183874	0.990713	0.134718	-0.386852	-0.131296	0.912747	-11.9467	-5.58904	67.1667	
0.919283	-0.0362347	0.391926	-0.0186151	0.990637	0.13525	-0.393157	-0.131629	0.910001	-12.2786	-5.70092	67.9423	
0.916564	-0.0371388	0.398159	-0.0188469	0.99056	0.135781	-0.399443	-0.131956	0.907212	-12.6158	-5.81308	68.7156	
0.913803	-0.0380451	0.404373	-0.0190827	0.990482	0.136312	-0.40571	-0.132279	0.904379	-12.9584	-5.92551	69.4864	
0.906173	-0.0403781	0.420976	-0.0146742	0.99183	0.126719	-0.422654	-0.121007	0.898177	-13.3109	-6.03329	70.2534	
0.898232	-0.042503	0.437462	-0.0100864	0.993058	0.117194	-0.439406	-0.10968	0.891568	-13.6777	-6.13145	71.015	
0.889985	-0.0444188	0.453822	-0.0053213	0.994165	0.107742	-0.455959	-0.0983032	0.884555	-14.0587	-6.21995	71.7708	
0.881434	-0.0461245	0.470049	-0.000381129	0.99515	0.0983659	-0.472306	-0.0868822	0.877142	-14.4537	-6.29875	72.5204	
0.872585	-0.0476195	0.486136	0.0047319	0.996014	0.0890712	-0.48844	-0.0754219	0.869332	-14.8625	-6.36782	73.2636	
0.86344	-0.0489031	0.502075	0.0100155	0.996756	0.0798618	-0.504352	-0.0639274	0.861129	-15.285	-6.42711	73.9999	
0.854004	-0.0499746	0.51786	0.0154672	0.997375	0.0707418	-0.520036	-0.052404	0.852535	-15.7209	-6.47661	74.7291	
0.844282	-0.0508337	0.533483	0.0210846	0.997871	0.0617153	-0.535485	-0.0408568	0.843556	-16.17	-6.5163	75.4509	
0.834277	-0.0514798	0.548937	0.0268652	0.998244	0.0527864	-0.550691	-0.0292912	0.834195	-16.6322	-6.54615	76.1648	
0.823994	-0.0519128	0.564215	0.0328063	0.998495	0.0439592	-0.565648	-0.0177123	0.824457	-17.1073	-6.56615	76.8706	
0.813438	-0.0521323	0.57931	0.0389052	0.998621	0.0352376	-0.580349	-0.00612541	0.814345	-17.5949	-6.57629	77.5679	
0.802614	-0.0521384	0.594216	0.0451592	0.998625	0.0266256	-0.594787	0.00546426	0.803865	-18.0949	-6.57657	78.2565	
0.791526	-0.051931	0.608925	0.0515654	0.998505	0.018127	-0.608956	0.0170515	0.793021	-18.6072	-6.56699	78.936	
0.78018	-0.0515102	0.623431	0.058121	0.998262	0.00974583	-0.622849	0.0286309	0.781818	-19.1313	-6.54755	79.6061	
0.76858	-0.0508763	0.637727	0.064823	0.997896	0.00148576	-0.636461	0.0401975	0.770261	-19.6672	-6.51827	80.2666	
