1	0	0	0	1	0	0	0	1	0	0	0	
0.999992	2.31692e-06	-0.00400064	2.31692e-06	0.999999	0.00115827	0.00400064	-0.00115827	0.999991	0.0015255	-0.000441665	0.762624	
0.999968	9.26508e-06	-0.00800287	9.2522e-06	0.999997	0.00231379	0.00800287	-0.00231379	0.999965	0.0061026	-0.00176561	1.52523	
0.999928	2.08372e-05	-0.0120066	2.07857e-05	0.999994	0.00346653	0.0120066	-0.00346653	0.999922	0.0137325	-0.00396972	2.28782	
0.999872	3.70259e-05	-0.0160118	3.68971e-05	0.999989	0.00461646	0.0160118	-0.00461646	0.999861	0.0244163	-0.00705188	3.05036	
0.9998	5.78235e-05	-0.0200183	5.75659e-05	0.999983	0.00576356	0.0200183	-0.00576356	0.999783	0.0381551	-0.0110099	3.81286	
0.999711	8.32224e-05	-0.0240261	8.27715e-05	0.999976	0.00690781	0.0240261	-0.0069078	0.999687	0.0549498	-0.0158417	4.57528	
0.999607	0.000113215	-0.0280351	0.000112493	0.999968	0.00804918	0.0280351	-0.00804917	0.999575	0.0748015	-0.021545	5.33763	
0.999486	0.000147792	-0.0320452	0.00014671	0.999958	0.00918765	0.0320452	-0.00918763	0.999444	0.097711	-0.0281176	6.09988	
0.99935	0.000186947	-0.0360564	0.0001854	0.999947	0.0103232	0.0360564	-0.0103232	0.999296	0.123679	-0.0355573	6.86203	
0.999197	0.000230671	-0.0400684	0.000228543	0.999934	0.0114558	0.0400684	-0.0114557	0.999131	0.152707	-0.0438619	7.62406	
0.999028	0.000278954	-0.0440813	0.000276118	0.999921	0.0125854	0.0440814	-0.0125853	0.998949	0.184794	-0.0530291	8.38595	
0.998843	0.00033179	-0.048095	0.000328102	0.999906	0.013712	0.0480951	-0.0137119	0.998749	0.219942	-0.0630567	9.1477	
0.998641	0.000389168	-0.0521094	0.000384474	0.99989	0.0148356	0.0521094	-0.0148355	0.998531	0.258151	-0.0739422	9.90929	
0.998424	0.00045108	-0.0561244	0.000445212	0.999873	0.0159562	0.0561244	-0.015956	0.998296	0.299422	-0.0856834	10.6707	
0.99819	0.000517517	-0.0601399	0.000510294	0.999854	0.0170737	0.06014	-0.0170735	0.998044	0.343756	-0.0982781	11.4319	
0.99794	0.00058847	-0.0641559	0.000579697	0.999834	0.0181881	0.064156	-0.0181878	0.997774	0.391151	-0.111724	12.193	
0.997673	0.000663928	-0.0681722	0.000653401	0.999814	0.0192994	0.0681723	-0.0192991	0.997487	0.44161	-0.126018	12.9538	
0.997391	0.000743884	-0.0721888	0.000731381	0.999791	0.0204076	0.0721889	-0.0204072	0.997182	0.495132	-0.141158	13.7144	
0.997092	0.000828326	-0.0762056	0.000813616	0.999768	0.0215126	0.0762058	-0.0215121	0.99686	0.551717	-0.157143	14.4747	
0.996777	0.000917245	-0.0802225	0.000900082	0.999744	0.0226145	0.0802227	-0.0226138	0.99652	0.611365	-0.173969	15.2348	
0.996445	0.00101063	-0.0842395	0.000990757	0.999718	0.0237131	0.0842397	-0.0237123	0.996163	0.674077	-0.191633	15.9947	
0.996097	0.00110847	-0.0882564	0.00108562	0.999692	0.0248086	0.0882567	-0.0248075	0.995789	0.739852	-0.210135	16.7542	
0.995733	0.00121076	-0.0922731	0.00118464	0.999664	0.0259008	0.0922735	-0.0258995	0.995397	0.808691	-0.22947	17.5135	
0.995352	0.00131749	-0.0962897	0.0012878	0.999635	0.0269897	0.0962901	-0.0269883	0.994987	0.880592	-0.249637	18.2725	
0.994956	0.00142864	-0.100306	0.00139508	0.999605	0.0280753	0.100306	-0.0280737	0.99456	0.955557	-0.270633	19.0311	
0.994542	0.00154421	-0.104322	0.00150645	0.999574	0.0291577	0.104322	-0.0291557	0.994116	1.03359	-0.292455	19.7894	
0.994113	0.00166418	-0.108337	0.00162189	0.999541	0.0302367	0.108338	-0.0302344	0.993654	1.11468	-0.315101	20.5474	
0.993667	0.00178854	-0.112352	0.00174138	0.999508	0.0313124	0.112353	-0.0313098	0.993175	1.19883	-0.338569	21.305	
0.993205	0.00191729	-0.116366	0.00186488	0.999474	0.0323848	0.116367	-0.0323817	0.992678	1.28604	-0.362855	22.0622	
0.992726	0.00205041	-0.12038	0.00199238	0.999438	0.0334537	0.120381	-0.0334502	0.992164	1.37632	-0.387958	22.8191	
0.992231	0.00218788	-0.124392	0.00212386	0.999402	0.0345193	0.124394	-0.0345153	0.991632	1.46965	-0.413874	23.5755	
0.991719	0.00232971	-0.128404	0.00225928	0.999364	0.0355814	0.128405	-0.0355768	0.991083	1.56605	-0.440601	24.3316	
0.991191	0.00247587	-0.132415	0.00239863	0.999326	0.0366401	0.132417	-0.0366349	0.990517	1.6655	-0.468137	25.0872	
0.990647	0.00262635	-0.136425	0.00254188	0.999286	0.0376953	0.136426	-0.0376895	0.989933	1.76802	-0.496478	25.8423	
0.990086	0.00278115	-0.140434	0.002689	0.999245	0.0387471	0.140435	-0.0387406	0.989332	1.87359	-0.525621	26.5971	
0.989509	0.00294025	-0.144441	0.00283997	0.999204	0.0397953	0.144443	-0.039788	0.988713	1.98222	-0.555565	27.3513	
0.988915	0.00310363	-0.148447	0.00299476	0.999161	0.0408401	0.148449	-0.0408319	0.988077	2.0939	-0.586307	28.1051	
0.988305	0.00327129	-0.152452	0.00315336	0.999118	0.0418813	0.152455	-0.0418722	0.987423	2.20864	-0.617843	28.8584	
0.987679	0.00344322	-0.156455	0.00331573	0.999073	0.0429189	0.156458	-0.0429089	0.986752	2.32643	-0.650171	29.6112	
0.987036	0.00361939	-0.160457	0.00348185	0.999028	0.043953	0.16046	-0.0439419	0.986064	2.44728	-0.683289	30.3634	
0.986377	0.0037998	-0.164457	0.00365169	0.998981	0.0449835	0.164461	-0.0449713	0.985358	2.57117	-0.717193	31.1151	
0.985701	0.00398444	-0.168456	0.00382523	0.998934	0.0460104	0.16846	-0.0459969	0.984635	2.69812	-0.75188	31.8663	
0.985009	0.00417329	-0.172453	0.00400245	0.998885	0.0470337	0.172457	-0.0470189	0.983894	2.82812	-0.787348	32.617	
0.9843	0.00436634	-0.176447	0.00418331	0.998836	0.0480534	0.176452	-0.0480371	0.983136	2.96116	-0.823594	33.367	
0.983575	0.00456357	-0.18044	0.0043678	0.998786	0.0490694	0.180445	-0.0490516	0.982361	3.09725	-0.860616	34.1165	
0.982834	0.00476498	-0.184431	0.00455588	0.998735	0.0500817	0.184436	-0.0500622	0.981569	3.23638	-0.898409	34.8654	
0.982076	0.00497054	-0.18842	0.00474753	0.998683	0.0510903	0.188425	-0.0510691	0.980759	3.37856	-0.936972	35.6136	
0.981302	0.00518025	-0.192406	0.00494272	0.99863	0.0520953	0.192412	-0.0520722	0.979932	3.52378	-0.976301	36.3613	
0.980511	0.00539409	-0.19639	0.00514144	0.998576	0.0530965	0.196397	-0.0530714	0.979087	3.67204	-1.01639	37.1083	
0.979704	0.00561204	-0.200372	0.00534364	0.998522	0.054094	0.20038	-0.0540668	0.978225	3.82333	-1.05725	37.8546	
0.97888	0.0058341	-0.204352	0.00554931	0.998466	0.0550877	0.20436	-0.0550582	0.977346	3.97767	-1.09886	38.6003	
0.97804	0.00606025	-0.208329	0.00575842	0.99841	0.0560776	0.208337	-0.0560458	0.97645	4.13503	-1.14122	39.3453	
0.977184	0.00629047	-0.212303	0.00597094	0.998353	0.0570638	0.212312	-0.0570295	0.975536	4.29543	-1.18434	40.0896	
0.976053	0.00658653	-0.217435	0.00564195	0.998439	0.0555711	0.217461	-0.0554671	0.974492	4.45931	-1.22724	40.8332	
0.974892	0.00687497	-0.222572	0.00530549	0.998522	0.0540818	0.222615	-0.0539048	0.973415	4.62712	-1.26894	41.576	
0.973702	0.00715574	-0.227714	0.00496157	0.998604	0.0525961	0.227772	-0.0523427	0.972307	4.79886	-1.30946	42.3179	
0.972482	0.00742878	-0.232859	0.0046102	0.998682	0.0511138	0.232932	-0.0507808	0.971166	4.97453	-1.34878	43.059	
0.971233	0.00769406	-0.238009	0.00425139	0.998758	0.0496351	0.238095	-0.0492191	0.969994	5.15414	-1.38691	43.7992	
0.969953	0.00795153	-0.243162	0.00388514	0.998832	0.04816	0.243261	-0.0476576	0.968789	5.33769	-1.42385	44.5384	
0.968644	0.00820114	-0.248317	0.00351148	0.998903	0.0466884	0.248427	-0.0460964	0.967553	5.52518	-1.4596	45.2768	
0.967305	0.00844286	-0.253474	0.00313039	0.998972	0.0452204	0.253596	-0.0445354	0.966285	5.7166	-1.49416	46.0142	
0.965936	0.00867664	-0.258634	0.00274191	0.999038	0.0437561	0.258765	-0.0429748	0.964984	5.91197	-1.52753	46.7506	
0.964538	0.00890244	-0.263794	0.00234602	0.999102	0.0422954	0.263934	-0.0414143	0.963651	6.11129	-1.55971	47.486	
0.963109	0.00912024	-0.268956	0.00194274	0.999164	0.0408383	0.269103	-0.0398542	0.962286	6.31454	-1.5907	48.2204	
0.961651	0.00932998	-0.274117	0.00153208	0.999223	0.0393848	0.274272	-0.0382944	0.960889	6.52174	-1.62049	48.9538	
0.960163	0.00953165	-0.279279	0.00111405	0.99928	0.037935	0.279439	-0.0367349	0.95946	6.73288	-1.6491	49.686	
0.958645	0.00972519	-0.28444	0.000688641	0.999334	0.0364888	0.284605	-0.0351757	0.957999	6.94795	-1.67652	50.4172	
0.957097	0.00991059	-0.289599	0.000255869	0.999386	0.0350463	0.289769	-0.0336168	0.956506	7.16697	-1.70276	51.1472	
0.955519	0.0100878	-0.294758	-0.000184263	0.999435	0.0336075	0.29493	-0.0320582	0.954981	7.38993	-1.7278	51.8761	
0.953911	0.0102568	-0.299914	-0.000631751	0.999482	0.0321722	0.300088	-0.0305	0.953424	7.61681	-1.75165	52.6038	
0.952274	0.0104176	-0.305067	-0.00108659	0.999527	0.0307406	0.305243	-0.028942	0.951834	7.84764	-1.77432	53.3303	
0.950607	0.0105702	-0.310218	-0.00154878	0.999569	0.0293127	0.310394	-0.0273844	0.950213	8.08239	-1.7958	54.0556	
0.94891	0.0107144	-0.315365	-0.00201831	0.999609	0.0278884	0.315541	-0.025827	0.94856	8.32107	-1.81609	54.7796	
0.947183	0.0108503	-0.320509	-0.00249519	0.999647	0.0264676	0.320683	-0.02427	0.946876	8.56367	-1.83519	55.5023	
0.945427	0.010978	-0.325648	-0.0029794	0.999682	0.0250505	0.325819	-0.0227132	0.945159	8.81019	-1.85311	56.2238	
0.943642	0.0110972	-0.330782	-0.00347096	0.999715	0.023637	0.33095	-0.0211568	0.943411	9.06062	-1.86983	56.9439	
0.941827	0.0112081	-0.335911	-0.00396986	0.999745	0.0222271	0.336075	-0.0196006	0.941631	9.31497	-1.88538	57.6627	
0.939983	0.0113106	-0.341035	-0.00447611	0.999773	0.0208208	0.341193	-0.0180447	0.93982	9.57322	-1.89973	58.3802	
0.938109	0.0114047	-0.346152	-0.00498969	0.999799	0.019418	0.346304	-0.016489	0.937977	9.83537	-1.9129	59.0962	
0.936206	0.0114904	-0.351263	-0.00551063	0.999822	0.0180188	0.351407	-0.0149336	0.936104	10.1014	-1.92488	59.8108	
0.934275	0.0115677	-0.356366	-0.0060389	0.999844	0.016623	0.356503	-0.0133784	0.934198	10.3714	-1.93568	60.524	
0.932314	0.0116365	-0.361463	-0.00657453	0.999862	0.0152308	0.36159	-0.0118235	0.932262	10.6452	-1.94529	61.2357	
0.930324	0.0116969	-0.366551	-0.00711752	0.999879	0.0138421	0.366669	-0.0102687	0.930295	10.9229	-1.95371	61.9459	
0.928306	0.0117488	-0.371631	-0.00766786	0.999893	0.0124569	0.371738	-0.00871419	0.928297	11.2044	-1.96095	62.6546	
0.926259	0.0117922	-0.376702	-0.00822557	0.999905	0.0110751	0.376797	-0.00715983	0.926268	11.4899	-1.967	63.3618	
0.924184	0.0118271	-0.381765	-0.00879065	0.999914	0.00969678	0.381847	-0.00560564	0.924209	11.7791	-1.97187	64.0674	
0.92208	0.0118535	-0.386817	-0.00936311	0.999922	0.00832186	0.386886	-0.00405161	0.922119	12.0723	-1.97555	64.7714	
0.919948	0.0118714	-0.39186	-0.00994295	0.999926	0.00695035	0.391913	-0.00249772	0.919999	12.3692	-1.97805	65.4738	
0.917788	0.0118809	-0.396892	-0.0105302	0.999929	0.00558221	0.39693	-0.000943948	0.917848	12.67	-1.97936	66.1746	
0.915601	0.0118818	-0.401913	-0.0111248	0.999929	0.00421745	0.401935	0.000609714	0.915668	12.9747	-1.97949	66.8738	
0.913385	0.0118742	-0.406923	-0.0117269	0.999927	0.00285602	0.406928	0.00216328	0.913458	13.2831	-1.97843	67.5713	
0.911142	0.0118581	-0.411922	-0.0123363	0.999923	0.00149792	0.411908	0.00371678	0.911218	13.5953	-1.97619	68.267	
0.908872	0.0118335	-0.416908	-0.0129532	0.999916	0.000143118	0.416875	0.00527021	0.908949	13.9113	-1.97276	68.9611	
0.906574	0.0118003	-0.421882	-0.0135775	0.999907	-0.0012084	0.421828	0.00682361	0.90665	14.2312	-1.96815	69.6534	
0.902563	0.0116575	-0.430401	-0.0206388	0.999656	-0.0162042	0.430064	0.0235083	0.902492	14.556	-1.95658	70.3433	
0.898474	0.0113576	-0.438879	-0.0278353	0.999128	-0.0311284	0.438143	0.0401844	0.898007	14.8871	-1.9323	71.0299	
0.894311	0.0109007	-0.447314	-0.0351644	0.998323	-0.0459755	0.446063	0.0568459	0.893195	15.2242	-1.8953	71.7129	
0.890073	0.0102869	-0.455702	-0.0426234	0.997243	-0.0607401	0.453821	0.0734867	0.888058	15.5674	-1.8456	72.3921	
0.885763	0.00951659	-0.46404	-0.0502097	0.995887	-0.0754169	0.461414	0.0901009	0.882598	15.9164	-1.78322	73.0673	
