1	0	0	0	1	0	0	0	1	0	0	0	
1	3.02435e-07	0.000369872	3.02435e-07	0.999999	-0.00163535	-0.000369872	0.00163535	0.999999	-0.00013646	0.000603345	0.737878	
1	1.21079e-06	0.000740103	1.21052e-06	0.999995	-0.00327158	-0.000740103	0.00327158	0.999994	-0.000545974	0.0024137	1.47575	
0.999999	2.72652e-06	0.00111069	2.72547e-06	0.999988	-0.00490864	-0.00111069	0.00490864	0.999987	-0.0012288	0.00543171	2.21363	
0.999999	4.85105e-06	0.00148161	4.84841e-06	0.999979	-0.0065465	-0.00148161	0.0065465	0.999977	-0.0021852	0.00965796	2.95149	
0.999998	7.58573e-06	0.00185286	7.58044e-06	0.999967	-0.00818511	-0.00185286	0.00818511	0.999965	-0.00341542	0.015093	3.68935	
0.999998	1.09318e-05	0.00222444	1.09226e-05	0.999952	-0.00982443	-0.00222444	0.00982443	0.999949	-0.0049197	0.0217375	4.4272	
0.999997	1.48907e-05	0.00259633	1.48758e-05	0.999934	-0.0114644	-0.00259633	0.0114644	0.999931	-0.00669828	0.0295918	5.16503	
0.999996	1.94633e-05	0.00296853	1.94411e-05	0.999914	-0.013105	-0.00296853	0.013105	0.99991	-0.00875137	0.0386564	5.90285	
0.999994	2.4651e-05	0.00334102	2.46193e-05	0.999891	-0.0147462	-0.00334102	0.0147462	0.999886	-0.0110792	0.0489318	6.64066	
0.999993	3.04548e-05	0.0037138	3.04111e-05	0.999866	-0.016388	-0.0037138	0.016388	0.999859	-0.013682	0.0604185	7.37844	
0.999992	3.68757e-05	0.00408685	3.68174e-05	0.999837	-0.0180302	-0.00408685	0.0180302	0.999829	-0.01656	0.0731167	8.1162	
0.99999	4.39147e-05	0.00446017	4.38388e-05	0.999806	-0.0196729	-0.00446017	0.0196729	0.999797	-0.0197133	0.0870269	8.85395	
0.999988	5.15726e-05	0.00483374	5.14761e-05	0.999773	-0.0213161	-0.00483375	0.0213161	0.999761	-0.0231422	0.102149	9.59166	
0.999986	5.98504e-05	0.00520757	5.97297e-05	0.999736	-0.0229596	-0.00520757	0.0229596	0.999723	-0.0268468	0.118484	10.3293	
0.999984	6.87488e-05	0.00558163	6.86001e-05	0.999697	-0.0246034	-0.00558163	0.0246034	0.999682	-0.0308274	0.136032	11.067	
0.999982	7.82686e-05	0.00595592	7.8088e-05	0.999655	-0.0262475	-0.00595592	0.0262475	0.999638	-0.0350841	0.154793	11.8046	
0.99998	8.84104e-05	0.00633043	8.81936e-05	0.999611	-0.0278919	-0.00633044	0.0278919	0.999591	-0.039617	0.174767	12.5422	
0.999978	9.91749e-05	0.00670515	9.89174e-05	0.999564	-0.0295365	-0.00670516	0.0295365	0.999541	-0.0444263	0.195955	13.2798	
0.999975	0.000110563	0.00708008	0.00011026	0.999514	-0.0311813	-0.00708008	0.0311813	0.999489	-0.0495123	0.218356	14.0173	
0.999972	0.000122574	0.00745519	0.00012222	0.999461	-0.0328261	-0.00745519	0.0328261	0.999433	-0.0548749	0.241971	14.7548	
0.999969	0.00013521	0.00783048	0.0001348	0.999406	-0.0344711	-0.00783049	0.0344711	0.999375	-0.0605144	0.2668	15.4922	
0.999966	0.00014847	0.00820595	0.000147999	0.999348	-0.0361161	-0.00820596	0.0361161	0.999314	-0.0664309	0.292842	16.2296	
0.999963	0.000162355	0.00858158	0.000161817	0.999287	-0.0377611	-0.00858159	0.0377611	0.99925	-0.0726245	0.320098	16.967	
0.99996	0.000176866	0.00895736	0.000176254	0.999223	-0.0394061	-0.00895737	0.0394061	0.999183	-0.0790953	0.348568	17.7043	
0.999956	0.000192002	0.00933329	0.000191309	0.999157	-0.041051	-0.0093333	0.041051	0.999113	-0.0858434	0.378252	18.4415	
0.999953	0.000207763	0.00970935	0.000206984	0.999088	-0.0426958	-0.00970936	0.0426958	0.999041	-0.092869	0.40915	19.1787	
0.999949	0.00022415	0.0100855	0.000223278	0.999016	-0.0443404	-0.0100856	0.0443404	0.998966	-0.100172	0.441261	19.9159	
0.999945	0.000241163	0.0104618	0.00024019	0.998942	-0.0459848	-0.0104619	0.0459848	0.998887	-0.107753	0.474585	20.653	
0.999941	0.000258802	0.0108382	0.00025772	0.998865	-0.0476289	-0.0108383	0.0476289	0.998806	-0.115611	0.509123	21.39	
0.999937	0.000277066	0.0112147	0.000275869	0.998785	-0.0492728	-0.0112148	0.0492727	0.998722	-0.123748	0.544874	22.127	
0.999933	0.000295956	0.0115913	0.000294635	0.998703	-0.0509163	-0.0115914	0.0509163	0.998636	-0.132162	0.581837	22.8639	
0.999928	0.000315471	0.011968	0.000314018	0.998618	-0.0525594	-0.011968	0.0525594	0.998546	-0.140854	0.620014	23.6007	
0.999924	0.000335611	0.0123447	0.000334017	0.99853	-0.0542021	-0.0123448	0.0542021	0.998454	-0.149824	0.659402	24.3375	
0.999919	0.000356377	0.0127215	0.000354633	0.998439	-0.0558444	-0.0127216	0.0558444	0.998358	-0.159072	0.700003	25.0742	
0.999914	0.000377766	0.0130983	0.000375864	0.998346	-0.0574862	-0.0130984	0.0574862	0.99826	-0.168598	0.741815	25.8108	
0.999909	0.00039978	0.0134752	0.00039771	0.99825	-0.0591274	-0.0134753	0.0591274	0.998159	-0.178402	0.784838	26.5474	
0.999904	0.000422417	0.0138521	0.00042017	0.998152	-0.0607681	-0.0138522	0.0607681	0.998056	-0.188484	0.829072	27.2838	
0.999899	0.000445678	0.014229	0.000443243	0.998051	-0.0624081	-0.0142291	0.0624081	0.997949	-0.198844	0.874517	28.0202	
0.999893	0.00046956	0.014606	0.000466929	0.997947	-0.0640475	-0.0146061	0.0640474	0.99784	-0.209483	0.921171	28.7566	
0.999888	0.000494065	0.0149829	0.000491226	0.99784	-0.0656861	-0.014983	0.0656861	0.997728	-0.220399	0.969035	29.4928	
0.999882	0.00051919	0.0153598	0.000516133	0.997731	-0.067324	-0.0153599	0.067324	0.997613	-0.231594	1.01811	30.229	
0.999876	0.000544936	0.0157367	0.00054165	0.997619	-0.0689611	-0.0157368	0.0689611	0.997495	-0.243067	1.06839	30.9651	
0.99987	0.000571302	0.0161136	0.000567776	0.997505	-0.0705974	-0.0161137	0.0705974	0.997375	-0.254818	1.11988	31.701	
0.999864	0.000598286	0.0164904	0.000594508	0.997388	-0.0722329	-0.0164906	0.0722328	0.997251	-0.266847	1.17257	32.4369	
0.999858	0.000625887	0.0168672	0.000621847	0.997268	-0.0738674	-0.0168673	0.0738673	0.997125	-0.279154	1.22648	33.1727	
0.999851	0.000654106	0.0172439	0.00064979	0.997146	-0.0755009	-0.0172441	0.0755009	0.996997	-0.291739	1.28158	33.9084	
0.999845	0.000682939	0.0176206	0.000678337	0.997021	-0.0771335	-0.0176208	0.0771334	0.996865	-0.304602	1.3379	34.6441	
0.999838	0.000712388	0.0179972	0.000707487	0.996893	-0.078765	-0.0179974	0.078765	0.996731	-0.317743	1.39541	35.3796	
0.999831	0.000742449	0.0183737	0.000737237	0.996763	-0.0803954	-0.0183739	0.0803954	0.996594	-0.331161	1.45413	36.115	
0.999824	0.000773123	0.01875	0.000767586	0.99663	-0.0820248	-0.0187503	0.0820247	0.996454	-0.344858	1.51406	36.8503	
0.999817	0.000804407	0.0191263	0.000798533	0.996495	-0.0836529	-0.0191266	0.0836529	0.996311	-0.358832	1.57518	37.5855	
0.999806	0.000851349	0.019689	0.000777703	0.996584	-0.0825837	-0.0196921	0.082583	0.99639	-0.373154	1.63651	38.3207	
0.999794	0.000897799	0.0202531	0.000756251	0.996672	-0.0815136	-0.0202589	0.0815121	0.996466	-0.387893	1.69705	39.0559	
0.999783	0.000943752	0.0208187	0.000734173	0.996759	-0.0804426	-0.0208271	0.0804404	0.996542	-0.403052	1.7568	39.7912	
0.999771	0.000989202	0.0213855	0.000711468	0.996845	-0.0793708	-0.0213965	0.0793678	0.996616	-0.41863	1.81576	40.5266	
0.999758	0.00103414	0.0219537	0.000688133	0.99693	-0.0782982	-0.0219673	0.0782944	0.996688	-0.434628	1.87393	41.262	
0.999746	0.00107857	0.0225232	0.000664168	0.997013	-0.0772248	-0.0225392	0.0772202	0.996759	-0.451048	1.93131	41.9975	
0.999733	0.00112248	0.0230939	0.000639571	0.997096	-0.0761507	-0.0231123	0.0761451	0.996829	-0.467891	1.98789	42.733	
0.999719	0.00116586	0.0236659	0.00061434	0.997178	-0.0750758	-0.0236866	0.0750692	0.996897	-0.485157	2.04368	43.4685	
0.999705	0.00120871	0.024239	0.000588473	0.997258	-0.0740001	-0.024262	0.0739926	0.996964	-0.502847	2.09867	44.2042	
0.999691	0.00125102	0.0248134	0.000561969	0.997337	-0.0729238	-0.0248385	0.0729152	0.997029	-0.520962	2.15287	44.9398	
0.999677	0.00129279	0.0253888	0.000534827	0.997416	-0.0718468	-0.0254161	0.0718371	0.997092	-0.539503	2.20628	45.6755	
0.999662	0.00133402	0.0259654	0.000507044	0.997493	-0.0707691	-0.0259947	0.0707583	0.997155	-0.558471	2.25889	46.4113	
0.999647	0.0013747	0.026543	0.000478621	0.997569	-0.0696908	-0.0265743	0.0696789	0.997215	-0.577865	2.3107	47.1471	
0.999631	0.00141482	0.0271217	0.000449556	0.997643	-0.0686118	-0.0271549	0.0685987	0.997275	-0.597688	2.36172	47.8829	
0.999615	0.00145437	0.0277014	0.000419846	0.997717	-0.0675323	-0.0277364	0.0675179	0.997332	-0.61794	2.41194	48.6188	
0.999599	0.00149337	0.0282821	0.000389493	0.99779	-0.0664521	-0.0283188	0.0664365	0.997389	-0.638621	2.46136	49.3548	
0.999582	0.00153179	0.0288637	0.000358493	0.997861	-0.0653714	-0.0289021	0.0653545	0.997443	-0.659732	2.50998	50.0907	
0.999565	0.00156965	0.0294462	0.000326847	0.997931	-0.0642902	-0.0294862	0.0642719	0.997497	-0.681274	2.5578	50.8267	
0.999548	0.00160692	0.0300296	0.000294554	0.998	-0.0632084	-0.0300711	0.0631887	0.997548	-0.703247	2.60483	51.5628	
0.99953	0.00164361	0.0306139	0.000261612	0.998068	-0.0621262	-0.0306569	0.062105	0.997599	-0.725652	2.65105	52.2989	
0.999512	0.00167971	0.031199	0.000228022	0.998135	-0.0610434	-0.0312433	0.0610208	0.997647	-0.748489	2.69648	53.035	
0.999493	0.00171523	0.0317848	0.000193781	0.998201	-0.0599602	-0.0318305	0.059936	0.997695	-0.771759	2.74111	53.7712	
0.999474	0.00175015	0.0323714	0.00015889	0.998265	-0.0588766	-0.0324183	0.0588508	0.99774	-0.795463	2.78493	54.5074	
0.999455	0.00178447	0.0329588	0.000123349	0.998329	-0.0577925	-0.0330068	0.0577651	0.997784	-0.819601	2.82796	55.2436	
0.999435	0.00181819	0.0335468	8.71553e-05	0.998391	-0.0567081	-0.0335959	0.056679	0.997827	-0.844174	2.87018	55.9799	
0.999416	0.00185131	0.0341355	5.03102e-05	0.998452	-0.0556233	-0.0341856	0.0555925	0.997868	-0.869181	2.9116	56.7161	
0.999395	0.00188382	0.0347248	1.28128e-05	0.998512	-0.0545381	-0.0347758	0.0545055	0.997908	-0.894623	2.95222	57.4525	
0.999374	0.00191572	0.0353147	-2.5337e-05	0.99857	-0.0534525	-0.0353666	0.0534182	0.997946	-0.920502	2.99204	58.1888	
0.999353	0.001947	0.0359051	-6.41397e-05	0.998628	-0.0523667	-0.0359578	0.0523305	0.997982	-0.946816	3.03105	58.9252	
0.999332	0.00197767	0.0364961	-0.000103595	0.998684	-0.0512806	-0.0365495	0.0512425	0.998017	-0.973567	3.06926	59.6616	
0.99931	0.00200772	0.0370876	-0.000143704	0.998739	-0.0501941	-0.0371416	0.0501542	0.998051	-1.00075	3.10667	60.398	
0.999288	0.00203714	0.0376796	-0.000184465	0.998793	-0.0491075	-0.0377341	0.0490655	0.998083	-1.02838	3.14328	61.1345	
0.999265	0.00206594	0.0382719	-0.00022588	0.998846	-0.0480205	-0.038327	0.0479766	0.998113	-1.05644	3.17908	61.8709	
0.999242	0.00209411	0.0388647	-0.000267947	0.998898	-0.0469334	-0.0389202	0.0468874	0.998142	-1.08494	3.21408	62.6074	
0.999219	0.00212165	0.0394579	-0.000310668	0.998948	-0.0458461	-0.0395137	0.045798	0.998169	-1.11388	3.24828	63.344	
0.999195	0.00214855	0.0400514	-0.00035404	0.998998	-0.0447586	-0.0401074	0.0447084	0.998195	-1.14325	3.28167	64.0805	
0.999171	0.00217482	0.0406452	-0.000398065	0.999046	-0.043671	-0.0407014	0.0436186	0.998219	-1.17307	3.31425	64.8171	
0.999147	0.00220046	0.0412392	-0.000442742	0.999093	-0.0425832	-0.0412955	0.0425286	0.998241	-1.20332	3.34604	65.5536	
0.999122	0.00222545	0.0418335	-0.00048807	0.999139	-0.0414953	-0.0418899	0.0414384	0.998263	-1.23401	3.37702	66.2902	
0.999097	0.00224981	0.0424281	-0.000534048	0.999183	-0.0404073	-0.0424843	0.0403481	0.998282	-1.26514	3.40719	67.0268	
0.999072	0.00227352	0.0430227	-0.000580677	0.999227	-0.0393192	-0.0430789	0.0392577	0.9983	-1.29671	3.43656	67.7634	
0.999046	0.00229658	0.0436176	-0.000627956	0.999269	-0.0382311	-0.0436735	0.0381672	0.998317	-1.32871	3.46513	68.5001	
0.999019	0.002319	0.0442125	-0.000675883	0.99931	-0.0371429	-0.0442681	0.0370766	0.998331	-1.36116	3.49289	69.2367	
0.998993	0.00234078	0.0448075	-0.000724459	0.99935	-0.0360548	-0.0448628	0.035986	0.998345	-1.39404	3.51984	69.9734	
0.998966	0.0023619	0.0454026	-0.000773682	0.999388	-0.0349666	-0.0454574	0.0348953	0.998357	-1.42736	3.54599	70.71	
0.998939	0.00238238	0.0459977	-0.000823551	0.999426	-0.0338785	-0.046052	0.0338046	0.998367	-1.46113	3.57134	71.4467	
0.998869	0.00241911	0.0474881	-0.0016838	0.999878	-0.0155179	-0.0475198	0.0154204	0.998751	-1.49565	3.5895	72.1835	
0.998797	0.0024284	0.0489788	-0.0025709	0.999993	0.00284652	-0.0489715	-0.00296902	0.998796	-1.53125	3.59409	72.9205	
