1	0	0	0	1	0	0	0	1	0	0	0	
0.999997	3.01407e-06	-0.00235595	3.01407e-06	0.999997	0.00255869	0.00235595	-0.00255869	0.999994	0.00120653	-0.00131036	1.02424	
0.999989	1.20866e-05	-0.00471772	1.20872e-05	0.999987	0.00512398	0.00471772	-0.00512398	0.999976	0.00482911	-0.00524482	2.04847	
0.999975	2.72624e-05	-0.0070852	2.7265e-05	0.99997	0.00769575	0.0070852	-0.00769575	0.999945	0.0108736	-0.0118101	3.07267	
0.999955	4.85857e-05	-0.00945828	4.85923e-05	0.999947	0.0102739	0.00945828	-0.0102739	0.999902	0.0193459	-0.0210127	4.09684	
0.99993	7.60997e-05	-0.0118368	7.61128e-05	0.999917	0.0128582	0.0118368	-0.0128582	0.999847	0.0302516	-0.0328592	5.12095	
0.999899	0.000109847	-0.0142208	0.00010987	0.999881	0.0154487	0.0142208	-0.0154487	0.99978	0.0435963	-0.0473558	6.145	
0.999862	0.000149868	-0.0166099	0.000149905	0.999837	0.0180451	0.0166099	-0.0180451	0.999699	0.0593853	-0.0645087	7.16898	
0.999819	0.000196205	-0.0190042	0.000196261	0.999787	0.0206474	0.0190042	-0.0206474	0.999606	0.0776241	-0.084324	8.19287	
0.999771	0.000248896	-0.0214035	0.000248976	0.99973	0.0232555	0.0214035	-0.0232555	0.9995	0.0983177	-0.106808	9.21665	
0.999717	0.000307982	-0.0238077	0.000308091	0.999665	0.0258691	0.0238077	-0.0258691	0.999382	0.121471	-0.131965	10.2403	
0.999656	0.000373499	-0.0262166	0.000373645	0.999594	0.0284882	0.0262166	-0.0284882	0.99925	0.14709	-0.159803	11.2639	
0.99959	0.000445484	-0.0286302	0.000445676	0.999516	0.0311126	0.0286302	-0.0311126	0.999106	0.175178	-0.190326	12.2873	
0.999518	0.000523975	-0.0310484	0.000524219	0.99943	0.0337423	0.0310484	-0.0337423	0.998948	0.205741	-0.223539	13.3105	
0.99944	0.000609006	-0.033471	0.000609312	0.999338	0.036377	0.033471	-0.036377	0.998777	0.238783	-0.259449	14.3336	
0.999355	0.000700612	-0.0358978	0.000700989	0.999238	0.0390167	0.0358978	-0.0390167	0.998594	0.274308	-0.29806	15.3565	
0.999265	0.000798826	-0.0383289	0.000799285	0.999131	0.0416612	0.0383289	-0.0416613	0.998396	0.312321	-0.339377	16.3792	
0.999168	0.000903681	-0.040764	0.000904232	0.999017	0.0443105	0.040764	-0.0443105	0.998186	0.352826	-0.383405	17.4017	
0.999066	0.00101521	-0.0432031	0.00101586	0.998896	0.0469643	0.0432031	-0.0469643	0.997962	0.395828	-0.430149	18.424	
0.998957	0.00113344	-0.045646	0.00113421	0.998767	0.0496226	0.0456459	-0.0496226	0.997724	0.441329	-0.479613	19.446	
0.998842	0.0012584	-0.0480926	0.00125931	0.998631	0.0522852	0.0480925	-0.0522852	0.997473	0.489335	-0.531802	20.4678	
0.998721	0.00139013	-0.0505428	0.00139118	0.998488	0.054952	0.0505427	-0.054952	0.997209	0.539848	-0.586721	21.4893	
0.998594	0.00152865	-0.0529964	0.00152985	0.998337	0.0576229	0.0529964	-0.0576229	0.996931	0.592873	-0.644373	22.5105	
0.99846	0.00167398	-0.0554534	0.00167536	0.998179	0.0602977	0.0554534	-0.0602977	0.996639	0.648412	-0.704762	23.5315	
0.99832	0.00182616	-0.0579137	0.00182773	0.998013	0.0629763	0.0579136	-0.0629764	0.996333	0.70647	-0.767894	24.5521	
0.998174	0.0019852	-0.0603771	0.00198699	0.99784	0.0656586	0.060377	-0.0656587	0.996014	0.767049	-0.833771	25.5725	
0.998021	0.00215114	-0.0628434	0.00215315	0.997659	0.0683445	0.0628434	-0.0683446	0.995681	0.830153	-0.902397	26.5924	
0.997862	0.002324	-0.0653127	0.00232626	0.997471	0.0710338	0.0653126	-0.0710339	0.995333	0.895784	-0.973775	27.6121	
0.997697	0.0025038	-0.0677847	0.00250632	0.997275	0.0737264	0.0677846	-0.0737264	0.994972	0.963946	-1.04791	28.6314	
0.997525	0.00269055	-0.0702593	0.00269336	0.997072	0.0764221	0.0702592	-0.0764222	0.994597	1.03464	-1.1248	29.6503	
0.997347	0.00288429	-0.0727365	0.0028874	0.996861	0.0791209	0.0727364	-0.079121	0.994208	1.10787	-1.20446	30.6688	
0.997162	0.00308503	-0.0752161	0.00308847	0.996642	0.0818226	0.0752159	-0.0818228	0.993805	1.18364	-1.28688	31.6869	
0.996972	0.00329279	-0.077698	0.00329658	0.996416	0.0845271	0.0776978	-0.0845273	0.993387	1.26195	-1.37208	32.7046	
0.996774	0.00350759	-0.080182	0.00351175	0.996182	0.0872343	0.0801818	-0.0872344	0.992956	1.34281	-1.46004	33.7218	
0.99657	0.00372944	-0.0826681	0.003734	0.99594	0.0899439	0.0826679	-0.0899441	0.99251	1.42621	-1.55078	34.7386	
0.99636	0.00395836	-0.0851561	0.00396335	0.99569	0.092656	0.0851559	-0.0926562	0.99205	1.51215	-1.64429	35.755	
0.996143	0.00419437	-0.0876459	0.00419981	0.995433	0.0953704	0.0876457	-0.0953706	0.991576	1.60065	-1.74058	36.7708	
0.995919	0.00443749	-0.0901375	0.00444339	0.995168	0.0980869	0.0901372	-0.0980871	0.991087	1.69169	-1.83966	37.7862	
0.99569	0.00468771	-0.0926306	0.00469411	0.994895	0.100805	0.0926302	-0.100806	0.990585	1.78529	-1.94151	38.801	
0.995453	0.00494506	-0.0951251	0.00495199	0.994614	0.103526	0.0951248	-0.103526	0.990067	1.88145	-2.04616	39.8154	
0.99521	0.00520954	-0.097621	0.00521704	0.994326	0.106248	0.0976206	-0.106248	0.989536	1.98016	-2.15359	40.8292	
0.99496	0.00548118	-0.100118	0.00548926	0.99403	0.108972	0.100118	-0.108972	0.98899	2.08142	-2.26381	41.8424	
0.994704	0.00575997	-0.102616	0.00576867	0.993726	0.111697	0.102616	-0.111697	0.98843	2.18525	-2.37681	42.8551	
0.994442	0.00604592	-0.105116	0.00605527	0.993414	0.114424	0.105115	-0.114424	0.987855	2.29163	-2.49262	43.8672	
0.994172	0.00633905	-0.107616	0.00634908	0.993094	0.117152	0.107615	-0.117152	0.987266	2.40057	-2.61121	44.8787	
0.993896	0.00663936	-0.110117	0.0066501	0.992766	0.119881	0.110116	-0.119881	0.986663	2.51208	-2.7326	45.8896	
0.993614	0.00694685	-0.112618	0.00695834	0.99243	0.122611	0.112617	-0.122611	0.986045	2.62614	-2.85679	46.8999	
0.993325	0.00726154	-0.11512	0.0072738	0.992087	0.125341	0.115119	-0.125342	0.985412	2.74277	-2.98377	47.9095	
0.993029	0.00758342	-0.117623	0.00759649	0.991736	0.128073	0.117622	-0.128074	0.984765	2.86197	-3.11355	48.9185	
0.992727	0.00791249	-0.120125	0.00792642	0.991376	0.130805	0.120124	-0.130806	0.984104	2.98372	-3.24613	49.9268	
0.992418	0.00824876	-0.122628	0.00826358	0.991009	0.133538	0.122627	-0.133539	0.983428	3.10804	-3.3815	50.9344	
0.992103	0.00859223	-0.125131	0.00860797	0.990634	0.136271	0.12513	-0.136272	0.982737	3.23492	-3.51968	51.9413	
0.991781	0.00894291	-0.127634	0.00895961	0.990251	0.139004	0.127633	-0.139005	0.982032	3.36437	-3.66066	52.9475	
0.991452	0.00930078	-0.130137	0.00931848	0.98986	0.141738	0.130135	-0.141739	0.981313	3.49637	-3.80443	53.953	
0.991117	0.00966584	-0.132639	0.00968458	0.989462	0.144471	0.132638	-0.144472	0.980579	3.63095	-3.95101	54.9577	
0.990776	0.0100381	-0.135141	0.0100579	0.989055	0.147204	0.13514	-0.147206	0.97983	3.76808	-4.10038	55.9617	
0.990427	0.0104176	-0.137643	0.0104385	0.98864	0.149937	0.137641	-0.149939	0.979068	3.90778	-4.25256	56.9648	
0.990072	0.0108042	-0.140144	0.0108263	0.988218	0.15267	0.140142	-0.152672	0.97829	4.05004	-4.40753	57.9673	
0.989711	0.011198	-0.142644	0.0112213	0.987788	0.155402	0.142642	-0.155404	0.977498	4.19486	-4.5653	58.9689	
0.989343	0.011599	-0.145143	0.0116236	0.987349	0.158133	0.145141	-0.158135	0.976692	4.34224	-4.72587	59.9696	
0.988968	0.0120072	-0.147641	0.012033	0.986903	0.160864	0.147639	-0.160866	0.975871	4.49218	-4.88924	60.9696	
0.988587	0.0124225	-0.150138	0.0124496	0.986449	0.163594	0.150136	-0.163596	0.975036	4.64467	-5.0554	61.9687	
0.988199	0.0128449	-0.152634	0.0128735	0.985987	0.166322	0.152632	-0.166325	0.974187	4.79973	-5.22436	62.9669	
0.987805	0.0132745	-0.155129	0.0133045	0.985518	0.16905	0.155126	-0.169052	0.973323	4.95734	-5.39612	63.9643	
0.987404	0.0137113	-0.157622	0.0137427	0.98504	0.171776	0.157619	-0.171779	0.972444	5.1175	-5.57066	64.9608	
0.987479	0.013629	-0.157164	0.0145345	0.984163	0.176668	0.157082	-0.17674	0.971642	5.27867	-5.74915	65.9564	
0.987552	0.0135448	-0.156707	0.0153239	0.983261	0.181557	0.156543	-0.181698	0.970814	5.43928	-5.93271	66.9511	
0.987625	0.0134586	-0.156253	0.016111	0.982333	0.186444	0.156002	-0.186654	0.969961	5.59934	-6.12135	67.9451	
0.987698	0.0133703	-0.1558	0.0168955	0.981381	0.191328	0.155457	-0.191607	0.969082	5.75885	-6.31507	68.9381	
0.98777	0.0132799	-0.155349	0.0176774	0.980403	0.196209	0.15491	-0.196556	0.968178	5.91779	-6.51386	69.9302	
0.987842	0.0131873	-0.154899	0.0184566	0.9794	0.201085	0.15436	-0.2015	0.967249	6.07618	-6.71771	70.9214	
0.990812	0.00887646	-0.134953	0.0206428	0.976227	0.215768	0.13366	-0.216571	0.967074	6.22369	-6.93182	71.912	
0.993354	0.00425628	-0.115018	0.0225141	0.972826	0.230442	0.112874	-0.2315	0.966265	6.34995	-7.1613	72.9022	
0.995467	-0.000670214	-0.0951064	0.0240693	0.969199	0.2451	0.0920127	-0.246278	0.964822	6.45488	-7.406	73.8912	
0.997149	-0.0058998	-0.0752307	0.0253073	0.965349	0.259731	0.0710916	-0.260894	0.962746	6.53841	-7.66574	74.8784	
0.998399	-0.011429	-0.0554044	0.0262273	0.961279	0.274326	0.0501238	-0.275339	0.96004	6.60049	-7.94038	75.8632	
0.999216	-0.0172543	-0.0356404	0.0268289	0.956991	0.288874	0.0291232	-0.289604	0.956703	6.64108	-8.22971	76.8448	
0.9996	-0.0233718	-0.0159516	0.0271114	0.952488	0.303368	0.00810348	-0.303679	0.95274	6.66015	-8.53356	77.8227	
0.99955	-0.0297775	0.00364896	0.0270748	0.947772	0.317796	-0.0129216	-0.317554	0.948152	6.65768	-8.85172	78.7963	
0.999067	-0.0364672	0.0231485	0.0267192	0.942848	0.33215	-0.0339381	-0.331222	0.942942	6.63368	-9.18399	79.7648	
0.99815	-0.0434365	0.0425343	0.0260446	0.937718	0.34642	-0.0549324	-0.344672	0.937115	6.58816	-9.53015	80.7277	
0.996801	-0.0506809	0.0617935	0.0250516	0.932385	0.360598	-0.0758907	-0.357896	0.930672	6.52116	-9.88997	81.6843	
0.995021	-0.0581955	0.0809136	0.0237408	0.926853	0.374672	-0.0967993	-0.370886	0.92362	6.43272	-10.2632	82.6339	
0.99281	-0.0659755	0.099882	0.0221131	0.921126	0.388635	-0.117644	-0.383632	0.915962	6.32289	-10.6496	83.5761	
0.990169	-0.0740158	0.118686	0.0201696	0.915208	0.402478	-0.138412	-0.396127	0.907703	6.19175	-11.049	84.5101	
0.987102	-0.0823111	0.137314	0.0179114	0.909101	0.41619	-0.159089	-0.408362	0.89885	6.03939	-11.461	85.4353	
0.983609	-0.090856	0.155753	0.0153402	0.902811	0.429764	-0.179662	-0.42033	0.889407	5.8659	-11.8854	86.3511	
0.979693	-0.0996448	0.173992	0.0124575	0.896341	0.443189	-0.200117	-0.432022	0.879381	5.67139	-12.322	87.257	
0.975356	-0.108672	0.192017	0.00926532	0.889696	0.456458	-0.220441	-0.44343	0.868778	5.456	-12.7703	88.1523	
0.970602	-0.117931	0.209819	0.0057657	0.882881	0.469562	-0.240621	-0.454548	0.857606	5.21987	-13.2302	89.0365	
0.965433	-0.127417	0.227384	0.00196093	0.875898	0.482492	-0.260642	-0.465368	0.845871	4.96315	-13.7014	89.9089	
0.959854	-0.137122	0.244701	-0.00214648	0.868754	0.49524	-0.280493	-0.475883	0.833582	4.68601	-14.1834	90.7691	
0.953866	-0.147041	0.261759	-0.00655384	0.861452	0.507797	-0.30016	-0.486086	0.820746	4.38863	-14.6761	91.6163	
0.947476	-0.157167	0.278547	-0.0112583	0.853998	0.520155	-0.31963	-0.49597	0.807373	4.0712	-15.179	92.4502	
0.940685	-0.167494	0.295054	-0.0162567	0.846396	0.532306	-0.33889	-0.505529	0.793469	3.73394	-15.692	93.27	
0.9335	-0.178015	0.311268	-0.0215458	0.838652	0.544242	-0.357929	-0.514756	0.779046	3.37707	-16.2145	94.0754	
0.925925	-0.188722	0.32718	-0.0271221	0.83077	0.555955	-0.376732	-0.523646	0.764112	3.00081	-16.7463	94.8657	
0.917965	-0.199609	0.342779	-0.032982	0.822756	0.567438	-0.395289	-0.532193	0.748677	2.60542	-17.2871	95.6405	
0.909624	-0.210669	0.358054	-0.0391217	0.814614	0.578682	-0.413586	-0.540391	0.732751	2.19116	-17.8364	96.3992	
0.900909	-0.221894	0.372996	-0.045537	0.806351	0.589681	-0.431613	-0.548234	0.716345	1.75829	-18.3939	97.1414	
