1	0	0	0	1	0	0	0	1	0	0	0	
0.999997	-6.55593e-06	0.0023817	-6.55593e-06	0.999985	0.00550521	-0.0023817	-0.00550521	0.999982	-0.00126182	-0.00291666	1.05959	
0.999989	-2.62231e-05	0.00476325	-2.62234e-05	0.999939	0.0110102	-0.00476325	-0.0110102	0.999928	-0.00504721	-0.0116665	2.11914	
0.999974	-5.90001e-05	0.00714458	-5.90014e-05	0.999864	0.0165149	-0.00714458	-0.0165149	0.999838	-0.011356	-0.0262493	3.17862	
0.999955	-0.000104885	0.0095256	-0.000104888	0.999758	0.0220189	-0.0095256	-0.0220189	0.999712	-0.0201878	-0.0466645	4.23798	
0.999929	-0.000163876	0.0119062	-0.000163883	0.999621	0.0275222	-0.0119062	-0.0275222	0.99955	-0.0315424	-0.0729114	5.29719	
0.999898	-0.00023597	0.0142863	-0.000235981	0.999455	0.0330245	-0.0142863	-0.0330245	0.999352	-0.0454192	-0.104989	6.3562	
0.999861	-0.000321164	0.0166659	-0.000321182	0.999258	0.0385255	-0.0166659	-0.0385255	0.999119	-0.0618177	-0.142896	7.41499	
0.999819	-0.000419453	0.0190448	-0.000419481	0.99903	0.0440252	-0.0190448	-0.0440252	0.998849	-0.0807372	-0.186632	8.47351	
0.99977	-0.000530834	0.0214229	-0.000530874	0.998773	0.0495233	-0.0214229	-0.0495233	0.998543	-0.102177	-0.236194	9.53173	
0.999717	-0.000655303	0.0238002	-0.000655356	0.998485	0.0550196	-0.0238002	-0.0550196	0.998202	-0.126136	-0.29158	10.5896	
0.999657	-0.000792852	0.0261766	-0.000792924	0.998167	0.060514	-0.0261766	-0.060514	0.997824	-0.152614	-0.35279	11.6471	
0.999592	-0.000943478	0.028552	-0.000943571	0.997819	0.0660061	-0.028552	-0.0660061	0.997411	-0.181609	-0.41982	12.7042	
0.999521	-0.00110717	0.0309263	-0.00110729	0.99744	0.0714958	-0.0309263	-0.0714958	0.996961	-0.213121	-0.492669	13.7608	
0.999445	-0.00128393	0.0332994	-0.00128408	0.997032	0.0769829	-0.0332994	-0.076983	0.996476	-0.247147	-0.571333	14.8169	
0.999362	-0.00147374	0.0356712	-0.00147393	0.996593	0.0824673	-0.0356712	-0.0824673	0.995955	-0.283688	-0.655809	15.8725	
0.999275	-0.00167661	0.0380417	-0.00167683	0.996124	0.0879486	-0.0380417	-0.0879486	0.995398	-0.322741	-0.746096	16.9275	
0.999181	-0.00189251	0.0404108	-0.00189277	0.995624	0.0934268	-0.0404108	-0.0934268	0.994806	-0.364305	-0.842188	17.9819	
0.999082	-0.00212144	0.0427783	-0.00212175	0.995095	0.0989016	-0.0427783	-0.0989016	0.994177	-0.408379	-0.944084	19.0357	
0.998978	-0.00236339	0.0451442	-0.00236376	0.994535	0.104373	-0.0451442	-0.104373	0.993513	-0.45496	-1.05178	20.0888	
0.998867	-0.00261836	0.0475084	-0.00261879	0.993946	0.10984	-0.0475084	-0.10984	0.992813	-0.504047	-1.16527	21.1411	
0.998752	-0.00288632	0.0498708	-0.00288682	0.993326	0.115303	-0.0498708	-0.115303	0.992078	-0.555639	-1.28455	22.1927	
0.99863	-0.00316728	0.0522314	-0.00316786	0.992676	0.120763	-0.0522313	-0.120763	0.991306	-0.609732	-1.40962	23.2435	
0.998503	-0.00346122	0.05459	-0.00346188	0.991997	0.126217	-0.0545899	-0.126217	0.990499	-0.666326	-1.54047	24.2935	
0.99837	-0.00376812	0.0569465	-0.00376887	0.991287	0.131668	-0.0569465	-0.131668	0.989657	-0.725418	-1.67709	25.3426	
0.998232	-0.00408798	0.0593009	-0.00408883	0.990547	0.137113	-0.0593009	-0.137113	0.988779	-0.787006	-1.81949	26.3907	
0.998088	-0.00442078	0.0616531	-0.00442174	0.989777	0.142554	-0.0616531	-0.142554	0.987865	-0.851087	-1.96766	27.438	
0.997938	-0.00476652	0.064003	-0.00476758	0.988978	0.147989	-0.064003	-0.147989	0.986916	-0.91766	-2.12159	28.4842	
0.997783	-0.00512517	0.0663506	-0.00512636	0.988148	0.153419	-0.0663505	-0.153419	0.985931	-0.986721	-2.28128	29.5294	
0.997623	-0.00549672	0.0686956	-0.00549804	0.987289	0.158843	-0.0686955	-0.158843	0.984911	-1.05827	-2.44671	30.5736	
0.997456	-0.00588116	0.0710381	-0.00588262	0.986399	0.164261	-0.071038	-0.164262	0.983856	-1.1323	-2.61789	31.6166	
0.997284	-0.00627847	0.0733779	-0.00628008	0.98548	0.169674	-0.0733778	-0.169674	0.982765	-1.20881	-2.79481	32.6585	
0.997107	-0.00668863	0.0757151	-0.00669041	0.984531	0.17508	-0.0757149	-0.17508	0.981638	-1.2878	-2.97746	33.6993	
0.996924	-0.00711164	0.0780494	-0.00711358	0.983553	0.18048	-0.0780492	-0.18048	0.980477	-1.36926	-3.16584	34.7388	
0.996736	-0.00754747	0.0803808	-0.0075496	0.982545	0.185874	-0.0803806	-0.185874	0.97928	-1.4532	-3.35993	35.7771	
0.996542	-0.00799611	0.0827092	-0.00799843	0.981507	0.19126	-0.082709	-0.191261	0.978048	-1.5396	-3.55974	36.8141	
0.996342	-0.00845753	0.0850346	-0.00846006	0.980439	0.19664	-0.0850343	-0.19664	0.976781	-1.62847	-3.76525	37.8497	
0.996137	-0.00893173	0.0873568	-0.00893447	0.979342	0.202013	-0.0873565	-0.202013	0.975479	-1.71981	-3.97645	38.884	
0.995926	-0.00941868	0.0896758	-0.00942164	0.978216	0.207378	-0.0896755	-0.207378	0.974142	-1.8136	-4.19335	39.917	
0.99571	-0.00991836	0.0919914	-0.00992156	0.977059	0.212735	-0.0919911	-0.212736	0.97277	-1.90985	-4.41593	40.9484	
0.995489	-0.0104308	0.0943037	-0.0104342	0.975874	0.218085	-0.0943033	-0.218086	0.971363	-2.00854	-4.64417	41.9784	
0.995262	-0.0109558	0.0966124	-0.0109596	0.974659	0.223427	-0.096612	-0.223427	0.969921	-2.10969	-4.87809	43.0069	
0.995029	-0.0114936	0.0989176	-0.0114976	0.973415	0.228761	-0.0989171	-0.228761	0.968444	-2.21328	-5.11766	44.0339	
0.994791	-0.012044	0.101219	-0.0120483	0.972141	0.234087	-0.101219	-0.234087	0.966932	-2.31931	-5.36287	45.0592	
0.994548	-0.0126071	0.103517	-0.0126117	0.970838	0.239404	-0.103516	-0.239404	0.965386	-2.42778	-5.61373	46.083	
0.994299	-0.0131827	0.105811	-0.0131876	0.969506	0.244712	-0.10581	-0.244712	0.963805	-2.53868	-5.87021	47.105	
0.994045	-0.013771	0.108101	-0.0137762	0.968145	0.250011	-0.1081	-0.250011	0.962189	-2.65201	-6.13232	48.1254	
0.993785	-0.0143718	0.110387	-0.0143773	0.966755	0.255301	-0.110386	-0.255302	0.960539	-2.76777	-6.40003	49.1441	
0.99352	-0.0149851	0.112669	-0.0149911	0.965335	0.260582	-0.112668	-0.260583	0.958855	-2.88594	-6.67335	50.161	
0.993249	-0.015611	0.114947	-0.0156173	0.963887	0.265854	-0.114946	-0.265854	0.957136	-3.00653	-6.95225	51.1761	
0.992973	-0.0162493	0.11722	-0.016256	0.96241	0.271116	-0.11722	-0.271116	0.955383	-3.12953	-7.23674	52.1893	
0.992692	-0.0169001	0.11949	-0.0169072	0.960903	0.276367	-0.119489	-0.276368	0.953595	-3.25494	-7.5268	53.2007	
0.992405	-0.0175634	0.121755	-0.0175709	0.959368	0.281609	-0.121754	-0.28161	0.951773	-3.38275	-7.82241	54.2102	
0.992113	-0.0182391	0.124015	-0.018247	0.957804	0.286841	-0.124014	-0.286841	0.949917	-3.51296	-8.12358	55.2177	
0.991815	-0.0189271	0.126271	-0.0189355	0.956212	0.292062	-0.12627	-0.292063	0.948027	-3.64556	-8.43028	56.2232	
0.991512	-0.0196275	0.128522	-0.0196364	0.954591	0.297272	-0.128521	-0.297273	0.946103	-3.78055	-8.74251	57.2267	
0.991204	-0.0203403	0.130768	-0.0203497	0.952941	0.302472	-0.130767	-0.302473	0.944145	-3.91792	-9.06026	58.2282	
0.990891	-0.0210654	0.13301	-0.0210753	0.951263	0.307661	-0.133008	-0.307662	0.942153	-4.05766	-9.38351	59.2275	
0.990572	-0.0218027	0.135247	-0.0218131	0.949556	0.312838	-0.135245	-0.312839	0.940128	-4.19979	-9.71225	60.2248	
0.990248	-0.0225523	0.137478	-0.0225633	0.947821	0.318004	-0.137477	-0.318005	0.938069	-4.34427	-10.0465	61.2198	
0.989919	-0.0233141	0.139705	-0.0233256	0.946057	0.323159	-0.139703	-0.32316	0.935976	-4.49112	-10.3862	62.2127	
0.989584	-0.0240881	0.141927	-0.0241002	0.944265	0.328302	-0.141925	-0.328302	0.933849	-4.64033	-10.7313	63.2033	
0.989244	-0.0248743	0.144143	-0.024887	0.942445	0.333432	-0.144141	-0.333433	0.93169	-4.79189	-11.0819	64.1917	
0.988899	-0.0256726	0.146354	-0.0256859	0.940597	0.338551	-0.146352	-0.338552	0.929496	-4.94579	-11.4379	65.1778	
0.988549	-0.026483	0.14856	-0.0264969	0.938721	0.343657	-0.148557	-0.343658	0.92727	-5.10203	-11.7993	66.1615	
0.988193	-0.0273054	0.15076	-0.02732	0.936817	0.348751	-0.150757	-0.348752	0.92501	-5.26061	-12.1662	67.1428	
0.987312	-0.029315	0.15606	-0.0278621	0.93558	0.352013	-0.156326	-0.351895	0.922893	-5.4233	-12.5374	68.1218	
0.9864	-0.0313423	0.161347	-0.0284237	0.934333	0.355267	-0.161887	-0.355021	0.920735	-5.59189	-12.9119	69.0986	
0.982439	-0.0393038	0.182399	-0.0261021	0.938999	0.342929	-0.184751	-0.341667	0.921483	-5.77555	-13.281	70.0746	
0.977956	-0.0469574	0.203461	-0.0234751	0.943484	0.330584	-0.207486	-0.328073	0.921584	-5.98337	-13.6359	71.0512	
0.972956	-0.0542977	0.224518	-0.0205445	0.947786	0.318243	-0.230075	-0.314249	0.921039	-6.2152	-13.9762	72.0274	
0.967441	-0.0613195	0.245555	-0.0173124	0.951902	0.305914	-0.252503	-0.300205	0.919847	-6.47088	-14.3018	73.0028	
0.961416	-0.0680179	0.266558	-0.0137811	0.955828	0.293605	-0.274754	-0.28595	0.91801	-6.75024	-14.6123	73.9765	
0.954884	-0.0743882	0.287511	-0.00995297	0.959561	0.281325	-0.296812	-0.271494	0.915529	-7.05307	-14.9077	74.948	
0.947851	-0.0804259	0.3084	-0.00583082	0.9631	0.269082	-0.318661	-0.256848	0.912406	-7.37917	-15.1876	75.9165	
0.940321	-0.0861268	0.32921	-0.00141748	0.966441	0.256885	-0.340287	-0.242021	0.908642	-7.7283	-15.4519	76.8813	
0.932299	-0.0914869	0.349927	0.00328394	0.969582	0.244744	-0.361674	-0.227025	0.904241	-8.10022	-15.7004	77.8419	
0.923791	-0.0965025	0.370537	0.00827015	0.972522	0.232665	-0.382808	-0.211869	0.899205	-8.49467	-15.933	78.7974	
0.914803	-0.10117	0.391024	0.0135376	0.975257	0.220658	-0.403673	-0.196565	0.893538	-8.91137	-16.1494	79.7472	
0.905342	-0.105486	0.411374	0.0190827	0.977787	0.208731	-0.424254	-0.181123	0.887245	-9.35002	-16.3495	80.6907	
0.895414	-0.109448	0.431573	0.0249015	0.980109	0.196893	-0.444538	-0.165554	0.880328	-9.81034	-16.5332	81.6272	
0.885025	-0.113052	0.451607	0.0309899	0.982221	0.185151	-0.46451	-0.149868	0.872794	-10.292	-16.7003	82.5561	
0.874184	-0.116297	0.471462	0.0373436	0.984123	0.173514	-0.484156	-0.134077	0.864648	-10.7946	-16.8507	83.4766	
0.862898	-0.11918	0.491124	0.0439583	0.985813	0.161991	-0.503462	-0.118193	0.855895	-11.3179	-16.9844	84.3882	
0.851175	-0.121699	0.510579	0.0508291	0.987289	0.150589	-0.522415	-0.102225	0.846541	-11.8614	-17.1012	85.2902	
0.839022	-0.123852	0.529813	0.0579514	0.988551	0.139316	-0.541002	-0.0861857	0.836594	-12.4248	-17.201	86.182	
0.82645	-0.125638	0.548814	0.0653201	0.989597	0.12818	-0.559209	-0.0700859	0.826059	-13.0078	-17.2838	87.0629	
0.813465	-0.127055	0.567566	0.0729301	0.990428	0.117189	-0.577023	-0.0539369	0.814945	-13.6098	-17.3495	87.9324	
0.800078	-0.128103	0.586059	0.080776	0.991042	0.106351	-0.594433	-0.03775	0.803259	-14.2304	-17.3981	88.7898	
0.786298	-0.12878	0.604278	0.0888523	0.991439	0.0956738	-0.611425	-0.0215367	0.791009	-14.8693	-17.4295	89.6344	
0.772134	-0.129087	0.62221	0.0971533	0.991619	0.0851639	-0.627989	-0.0053082	0.778204	-15.526	-17.4437	90.4659	
0.757597	-0.129023	0.639844	0.105673	0.991581	0.0748292	-0.644112	0.010924	0.764853	-16.2	-17.4407	91.2834	
0.742697	-0.128588	0.657166	0.114406	0.991326	0.0646769	-0.659783	0.0271485	0.750966	-16.8909	-17.4206	92.0865	
0.727443	-0.127782	0.674165	0.123346	0.990854	0.0547142	-0.674991	0.043354	0.736552	-17.5981	-17.3832	92.8747	
0.711848	-0.126606	0.690828	0.132486	0.990165	0.044948	-0.689725	0.059529	0.72162	-18.3211	-17.3287	93.6473	
0.695921	-0.125062	0.707145	0.141821	0.98926	0.0353852	-0.703975	0.0756623	0.706183	-19.0596	-17.2571	94.4037	
0.679674	-0.123148	0.723103	0.151342	0.988139	0.0260326	-0.717732	0.0917425	0.69025	-19.8128	-17.1684	95.1436	
0.663119	-0.120869	0.738691	0.161045	0.986802	0.0168966	-0.730984	0.107758	0.673832	-20.5804	-17.0627	95.8663	
0.646266	-0.118224	0.753899	0.170922	0.985252	0.00798362	-0.743724	0.123699	0.656942	-21.3617	-16.94	96.5714	
0.629128	-0.115215	0.768715	0.180966	0.983489	-0.00069997	-0.755942	0.139552	0.639591	-22.1563	-16.8006	97.2584	
