1	0	0	0	1	0	0	0	1	0	0	0	
0.999999	-3.10205e-06	0.00150411	-3.10205e-06	0.999991	0.00412473	-0.00150411	-0.00412473	0.99999	-0.00061608	-0.00168948	0.819189	
0.999995	-1.24098e-05	0.00300833	-1.2411e-05	0.999966	0.00825053	-0.00300833	-0.00825053	0.999961	-0.00246436	-0.00675834	1.63836	
0.99999	-2.79257e-05	0.0045126	-2.79306e-05	0.999923	0.0123773	-0.0045126	-0.0123773	0.999913	-0.00554491	-0.0152074	2.4575	
0.999982	-4.96522e-05	0.00601691	-4.96643e-05	0.999864	0.016505	-0.00601691	-0.016505	0.999846	-0.00985776	-0.0270375	3.2766	
0.999972	-7.75913e-05	0.0075212	-7.76154e-05	0.999787	0.0206334	-0.0075212	-0.0206334	0.999759	-0.0154029	-0.0422493	4.09563	
0.999959	-0.000111745	0.00902545	-0.000111787	0.999693	0.0247625	-0.00902545	-0.0247625	0.999653	-0.0221804	-0.0608433	4.91458	
0.999945	-0.000152114	0.0105296	-0.000152182	0.999583	0.0288922	-0.0105296	-0.0288922	0.999527	-0.0301901	-0.0828201	5.73344	
0.999928	-0.000198701	0.0120337	-0.000198803	0.999455	0.0330224	-0.0120337	-0.0330224	0.999382	-0.0394319	-0.10818	6.55219	
0.999908	-0.000251507	0.0135376	-0.000251652	0.99931	0.037153	-0.0135376	-0.037153	0.999218	-0.0499058	-0.136924	7.37081	
0.999887	-0.000310533	0.0150413	-0.000310732	0.999147	0.0412839	-0.0150413	-0.0412839	0.999034	-0.0616117	-0.169051	8.18928	
0.999863	-0.000375778	0.0165448	-0.000376044	0.998968	0.0454149	-0.0165448	-0.045415	0.998831	-0.0745492	-0.204563	9.0076	
0.999837	-0.000447245	0.0180481	-0.00044759	0.998772	0.0495461	-0.0180481	-0.0495461	0.998609	-0.0887184	-0.243458	9.82575	
0.999809	-0.000524933	0.019551	-0.000525372	0.998558	0.0536773	-0.019551	-0.0536773	0.998367	-0.104119	-0.285738	10.6437	
0.999778	-0.000608842	0.0210537	-0.000609391	0.998328	0.0578084	-0.0210537	-0.0578084	0.998106	-0.12075	-0.331403	11.4614	
0.999745	-0.000698973	0.022556	-0.000699648	0.99808	0.0619393	-0.0225559	-0.0619393	0.997825	-0.138613	-0.380451	12.279	
0.99971	-0.000795324	0.0240578	-0.000796144	0.997815	0.0660699	-0.0240578	-0.0660699	0.997525	-0.157706	-0.432883	13.0963	
0.999673	-0.000897896	0.0255593	-0.00089888	0.997533	0.0702002	-0.0255593	-0.0702002	0.997205	-0.178029	-0.488699	13.9133	
0.999633	-0.00100669	0.0270603	-0.00100786	0.997233	0.0743299	-0.0270602	-0.0743299	0.996866	-0.199581	-0.547898	14.7301	
0.999591	-0.0011217	0.0285608	-0.00112307	0.996917	0.0784591	-0.0285607	-0.0784591	0.996508	-0.222363	-0.61048	15.5465	
0.999547	-0.00124292	0.0300607	-0.00124453	0.996583	0.0825876	-0.0300606	-0.0825876	0.99613	-0.246375	-0.676444	16.3627	
0.999501	-0.00137037	0.0315601	-0.00137223	0.996232	0.0867154	-0.03156	-0.0867154	0.995733	-0.271614	-0.74579	17.1786	
0.999452	-0.00150402	0.0330588	-0.00150616	0.995864	0.0908422	-0.0330587	-0.0908423	0.995316	-0.298082	-0.818517	17.9941	
0.999401	-0.00164389	0.034557	-0.00164634	0.995479	0.0949682	-0.0345569	-0.0949682	0.99488	-0.325777	-0.894624	18.8093	
0.999348	-0.00178997	0.0360544	-0.00179275	0.995077	0.099093	-0.0360543	-0.0990931	0.994425	-0.354699	-0.974111	19.6241	
0.999293	-0.00194226	0.0375512	-0.0019454	0.994657	0.103217	-0.037551	-0.103217	0.99395	-0.384847	-1.05698	20.4385	
0.999235	-0.00210076	0.0390472	-0.00210429	0.99422	0.107339	-0.039047	-0.107339	0.993455	-0.416222	-1.14322	21.2526	
0.999175	-0.00226545	0.0405424	-0.00226941	0.993766	0.11146	-0.0405422	-0.11146	0.992942	-0.448821	-1.23284	22.0662	
0.999113	-0.00243635	0.0420368	-0.00244076	0.993295	0.11558	-0.0420365	-0.11558	0.992408	-0.482645	-1.32583	22.8794	
0.999049	-0.00261344	0.0435303	-0.00261835	0.992807	0.119698	-0.0435301	-0.119698	0.991856	-0.517693	-1.4222	23.6921	
0.998982	-0.00279673	0.045023	-0.00280216	0.992301	0.123815	-0.0450227	-0.123815	0.991283	-0.553964	-1.52195	24.5044	
0.998913	-0.00298621	0.0465148	-0.0029922	0.991779	0.127929	-0.0465144	-0.127929	0.990692	-0.591457	-1.62506	25.3162	
0.998842	-0.00318187	0.0480056	-0.00318846	0.991239	0.132042	-0.0480051	-0.132042	0.990081	-0.630172	-1.73154	26.1275	
0.998769	-0.00338372	0.0494954	-0.00339095	0.990682	0.136153	-0.0494949	-0.136153	0.989451	-0.670108	-1.84139	26.9384	
0.998693	-0.00359174	0.0509842	-0.00359965	0.990108	0.140262	-0.0509836	-0.140262	0.988801	-0.711263	-1.95461	27.7486	
0.998615	-0.00380594	0.0524719	-0.00381456	0.989517	0.144369	-0.0524713	-0.144369	0.988132	-0.753638	-2.0712	28.5584	
0.998535	-0.00402631	0.0539586	-0.00403569	0.988908	0.148474	-0.0539579	-0.148474	0.987443	-0.797231	-2.19115	29.3676	
0.998453	-0.00425284	0.0554441	-0.00426303	0.988283	0.152576	-0.0554433	-0.152576	0.986735	-0.842041	-2.31445	30.1762	
0.998368	-0.00448554	0.0569284	-0.00449657	0.98764	0.156676	-0.0569276	-0.156676	0.986008	-0.888068	-2.44112	30.9842	
0.998281	-0.00472438	0.0584116	-0.00473631	0.98698	0.160774	-0.0584106	-0.160774	0.985261	-0.93531	-2.57115	31.7916	
0.998192	-0.00496938	0.0598936	-0.00498225	0.986303	0.164868	-0.0598925	-0.164869	0.984495	-0.983767	-2.70453	32.5984	
0.998101	-0.00522052	0.0613742	-0.00523438	0.985609	0.168961	-0.0613731	-0.168961	0.98371	-1.03344	-2.84127	33.4046	
0.998008	-0.0054778	0.0628536	-0.0054927	0.984898	0.17305	-0.0628523	-0.173051	0.982905	-1.08432	-2.98136	34.2101	
0.997912	-0.00574121	0.0643317	-0.00575719	0.984169	0.177137	-0.0643303	-0.177137	0.982081	-1.13641	-3.12479	35.015	
0.997814	-0.00601075	0.0658084	-0.00602787	0.983424	0.18122	-0.0658068	-0.181221	0.981238	-1.18972	-3.27157	35.8192	
0.997714	-0.0062864	0.0672837	-0.00630472	0.982662	0.185301	-0.067282	-0.185301	0.980376	-1.24423	-3.4217	36.6226	
0.997612	-0.00656817	0.0687575	-0.00658773	0.981882	0.189378	-0.0687557	-0.189379	0.979494	-1.29995	-3.57517	37.4254	
0.997507	-0.00685604	0.0702299	-0.00687691	0.981086	0.193452	-0.0702279	-0.193453	0.978593	-1.35688	-3.73197	38.2274	
0.997401	-0.00715002	0.0717009	-0.00717224	0.980272	0.197523	-0.0716986	-0.197524	0.977673	-1.41501	-3.89212	39.0287	
0.997292	-0.00745008	0.0731702	-0.00747372	0.979441	0.20159	-0.0731678	-0.201591	0.976733	-1.47435	-4.05559	39.8292	
0.997181	-0.00775623	0.074638	-0.00778134	0.978594	0.205654	-0.0746354	-0.205655	0.975774	-1.53489	-4.2224	40.6289	
0.997067	-0.00806846	0.0761043	-0.0080951	0.977729	0.209714	-0.0761014	-0.209715	0.974796	-1.59663	-4.39253	41.4279	
0.996952	-0.00838676	0.0775688	-0.00841499	0.976848	0.21377	-0.0775658	-0.213772	0.973799	-1.65957	-4.56599	42.226	
0.996834	-0.00871111	0.0790318	-0.00874101	0.975949	0.217823	-0.0790285	-0.217824	0.972783	-1.72371	-4.74277	43.0233	
0.996714	-0.00904152	0.080493	-0.00907313	0.975034	0.221872	-0.0804894	-0.221873	0.971748	-1.78905	-4.92287	43.8198	
0.996592	-0.00937798	0.0819525	-0.00941137	0.974101	0.225916	-0.0819486	-0.225918	0.970693	-1.85558	-5.10628	44.6154	
0.996468	-0.00972047	0.0834102	-0.00975571	0.973152	0.229957	-0.0834061	-0.229958	0.96962	-1.92331	-5.29301	45.4102	
0.996465	-0.00972816	0.0834425	-0.00988384	0.972798	0.231446	-0.0834242	-0.231453	0.969263	-1.99164	-5.482	46.2043	
0.996462	-0.00973552	0.0834732	-0.0100121	0.972441	0.232936	-0.0834405	-0.232947	0.968903	-2.05999	-5.67222	46.9982	
0.99646	-0.00974254	0.0835023	-0.0101405	0.972081	0.234426	-0.0834549	-0.234443	0.968541	-2.12835	-5.86366	47.7918	
0.996458	-0.00974925	0.0835299	-0.010269	0.971719	0.235917	-0.0834676	-0.235939	0.968177	-2.19672	-6.05633	48.5851	
0.996455	-0.00975565	0.0835561	-0.0103975	0.971354	0.237408	-0.0834787	-0.237435	0.96781	-2.2651	-6.25022	49.378	
0.996453	-0.00976176	0.0835809	-0.0105262	0.970987	0.2389	-0.0834881	-0.238932	0.967441	-2.33349	-6.44534	50.1707	
0.996451	-0.00976758	0.0836044	-0.010655	0.970618	0.240392	-0.0834959	-0.240429	0.967069	-2.40189	-6.64168	50.9631	
0.996449	-0.00977313	0.0836267	-0.0107839	0.970245	0.241884	-0.0835023	-0.241927	0.966695	-2.47029	-6.83925	51.7551	
0.996447	-0.00977841	0.0836477	-0.0109129	0.96987	0.243377	-0.0835073	-0.243425	0.966318	-2.53869	-7.03805	52.5469	
0.996446	-0.00978345	0.0836676	-0.0110419	0.969493	0.24487	-0.0835109	-0.244923	0.965939	-2.6071	-7.23807	53.3383	
0.996444	-0.00978825	0.0836865	-0.011171	0.969113	0.246363	-0.0835132	-0.246421	0.965558	-2.67552	-7.43933	54.1295	
0.996443	-0.00979283	0.0837044	-0.0113002	0.968731	0.247856	-0.0835142	-0.24792	0.965174	-2.74393	-7.64181	54.9203	
0.996441	-0.0097972	0.0837213	-0.0114295	0.968346	0.249349	-0.0835142	-0.249419	0.964788	-2.81234	-7.84552	55.7108	
0.99644	-0.00980136	0.0837374	-0.0115588	0.967959	0.250843	-0.083513	-0.250918	0.964399	-2.88076	-8.05045	56.501	
0.996438	-0.00980535	0.0837527	-0.0116881	0.967569	0.252337	-0.0835107	-0.252417	0.964008	-2.94917	-8.25662	57.2908	
0.996437	-0.00980916	0.0837672	-0.0118175	0.967177	0.25383	-0.0835075	-0.253916	0.963615	-3.01758	-8.46401	58.0804	
0.996436	-0.00981282	0.083781	-0.011947	0.966782	0.255324	-0.0835034	-0.255415	0.963219	-3.08599	-8.67263	58.8696	
0.996435	-0.00981634	0.0837943	-0.0120765	0.966385	0.256817	-0.0834985	-0.256913	0.962821	-3.15439	-8.88247	59.6585	
0.996434	-0.00981974	0.083807	-0.012206	0.965985	0.258311	-0.0834928	-0.258412	0.96242	-3.22279	-9.09355	60.4471	
0.996433	-0.00982302	0.0838191	-0.0123356	0.965583	0.259804	-0.0834864	-0.259911	0.962017	-3.29118	-9.30585	61.2353	
0.996432	-0.00982621	0.0838309	-0.0124652	0.965178	0.261297	-0.0834793	-0.261409	0.961611	-3.35957	-9.51938	62.0232	
0.996431	-0.00982932	0.0838423	-0.0125948	0.964771	0.26279	-0.0834717	-0.262908	0.961203	-3.42796	-9.73414	62.8108	
0.99643	-0.00983237	0.0838534	-0.0127244	0.964361	0.264282	-0.0834635	-0.264405	0.960793	-3.49633	-9.95013	63.598	
0.996429	-0.00983537	0.0838643	-0.0128541	0.96395	0.265774	-0.083455	-0.265903	0.960381	-3.5647	-10.1673	64.385	
0.996428	-0.00983835	0.083875	-0.0129837	0.963535	0.267266	-0.083446	-0.2674	0.959966	-3.63306	-10.3858	65.1715	
0.996427	-0.00984131	0.0838856	-0.0131134	0.963119	0.268757	-0.0834367	-0.268897	0.959548	-3.70142	-10.6054	65.9577	
0.996426	-0.00984428	0.0838962	-0.013243	0.9627	0.270248	-0.0834272	-0.270393	0.959128	-3.76976	-10.8263	66.7436	
0.996425	-0.00984727	0.0839068	-0.0133727	0.962278	0.271739	-0.0834175	-0.271889	0.958706	-3.8381	-11.0485	67.5292	
0.996424	-0.0098503	0.0839174	-0.0135024	0.961854	0.273229	-0.0834077	-0.273385	0.958282	-3.90643	-11.2718	68.3144	
0.996423	-0.00985339	0.0839282	-0.013632	0.961428	0.274718	-0.0833979	-0.274879	0.957855	-3.97476	-11.4964	69.0992	
0.996422	-0.00985656	0.0839392	-0.0137617	0.961	0.276207	-0.083388	-0.276373	0.957426	-4.04307	-11.7222	69.8837	
0.997218	-0.00713899	0.074197	-0.012366	0.965765	0.259124	-0.0735067	-0.25932	0.96299	-4.10734	-11.9416	70.6703	
0.997914	-0.00459498	0.0644003	-0.0111464	0.970226	0.241946	-0.0635946	-0.242159	0.96815	-4.16349	-12.147	71.4613	
0.998508	-0.00222562	0.0545533	-0.0101035	0.97438	0.224679	-0.0536557	-0.224895	0.972905	-4.21152	-12.3383	72.2564	
0.999002	-3.18835e-05	0.0446602	-0.0092375	0.978227	0.207332	-0.0436944	-0.207537	0.977251	-4.2514	-12.5154	73.0552	
0.999395	0.0019853	0.034725	-0.00854892	0.981764	0.189911	-0.0337147	-0.190093	0.981187	-4.28311	-12.6783	73.8574	
0.999686	0.00382508	0.024752	-0.00803801	0.98499	0.172423	-0.0237209	-0.172568	0.984712	-4.30663	-12.8268	74.6627	
0.999876	0.00548669	0.0147453	-0.00770498	0.987904	0.154877	-0.0137172	-0.154971	0.987824	-4.32197	-12.961	75.4706	
0.999965	0.00696943	0.00470916	-0.00754998	0.990504	0.137279	-0.00370769	-0.13731	0.990521	-4.3291	-13.0807	76.281	
0.999951	0.00827268	-0.00535225	-0.00757307	0.992789	0.119636	0.00630337	-0.11959	0.992803	-4.32804	-13.186	77.0934	
0.999837	0.0093959	-0.0154347	-0.00777424	0.994758	0.101957	0.0163118	-0.101821	0.994669	-4.31878	-13.2767	77.9075	
0.99962	0.0103386	-0.025534	-0.00815341	0.996411	0.0842484	0.0263133	-0.0840083	0.996118	-4.30132	-13.3528	78.7229	
0.999303	0.0111004	-0.0356458	-0.00871041	0.997747	0.0665176	0.0363039	-0.0661607	0.997148	-4.27567	-13.4143	79.5394	
