1	0	0	0	1	0	0	0	1	0	0	0	
0.999998	-3.45149e-06	0.00186414	-3.45149e-06	0.999993	0.00370302	-0.00186414	-0.00370302	0.999991	-0.000855811	-0.00170002	0.918179	
0.999993	-1.38242e-05	0.00373106	-1.38191e-05	0.999973	0.00740883	-0.00373106	-0.00740883	0.999966	-0.00342452	-0.00680138	1.83634	
0.999984	-3.11438e-05	0.00560071	-3.11234e-05	0.999938	0.0111173	-0.00560071	-0.0111173	0.999923	-0.00770866	-0.0153066	2.75447	
0.999972	-5.54354e-05	0.00747301	-5.53844e-05	0.99989	0.0148283	-0.00747301	-0.0148283	0.999862	-0.0137107	-0.027218	3.67256	
0.999956	-8.67237e-05	0.00934791	-8.66216e-05	0.999828	0.0185418	-0.00934791	-0.0185418	0.999784	-0.021433	-0.0425379	4.59058	
0.999937	-0.000125033	0.0112253	-0.000124854	0.999752	0.0222575	-0.0112253	-0.0222575	0.999689	-0.030878	-0.0612685	5.50852	
0.999914	-0.000170386	0.0131052	-0.000170099	0.999663	0.0259753	-0.0131052	-0.0259753	0.999577	-0.042048	-0.0834118	6.42637	
0.999888	-0.000222806	0.0149876	-0.000222376	0.999559	0.0296952	-0.0149876	-0.0296952	0.999447	-0.0549452	-0.10897	7.3441	
0.999858	-0.000282316	0.0168722	-0.000281701	0.999441	0.0334171	-0.0168722	-0.033417	0.999299	-0.0695717	-0.137944	8.26171	
0.999824	-0.000348938	0.0187592	-0.000348092	0.99931	0.0371406	-0.0187592	-0.0371406	0.999134	-0.0859298	-0.170336	9.17917	
0.999787	-0.000422692	0.0206483	-0.000421563	0.999165	0.0408659	-0.0206483	-0.0408659	0.998951	-0.104021	-0.206149	10.0965	
0.999746	-0.0005036	0.0225397	-0.000502131	0.999005	0.0445926	-0.0225397	-0.0445926	0.998751	-0.123849	-0.245382	11.0136	
0.999701	-0.000591681	0.0244331	-0.000589811	0.998832	0.0483208	-0.0244331	-0.0483207	0.998533	-0.145414	-0.288038	11.9305	
0.999653	-0.000686957	0.0263285	-0.000684617	0.998644	0.0520502	-0.0263286	-0.0520501	0.998297	-0.168718	-0.334117	12.8473	
0.999601	-0.000789445	0.028226	-0.000786563	0.998443	0.0557807	-0.028226	-0.0557807	0.998044	-0.193763	-0.383621	13.7638	
0.999546	-0.000899164	0.0301253	-0.000895662	0.998227	0.0595123	-0.0301254	-0.0595123	0.997773	-0.220552	-0.436551	14.68	
0.999487	-0.00101613	0.0320265	-0.00101193	0.997998	0.0632448	-0.0320266	-0.0632447	0.997484	-0.249085	-0.492908	15.596	
0.999424	-0.00114037	0.0339294	-0.00113537	0.997754	0.066978	-0.0339296	-0.0669779	0.997177	-0.279365	-0.552692	16.5118	
0.999357	-0.00127189	0.0358341	-0.00126601	0.997496	0.0707118	-0.0358343	-0.0707117	0.996853	-0.311393	-0.615904	17.4272	
0.999287	-0.00141071	0.0377404	-0.00140384	0.997224	0.0744462	-0.0377407	-0.0744461	0.996511	-0.345171	-0.682545	18.3424	
0.999212	-0.00155684	0.0396483	-0.00154889	0.996938	0.078181	-0.0396486	-0.0781808	0.99615	-0.3807	-0.752615	19.2572	
0.999135	-0.00171031	0.0415578	-0.00170116	0.996638	0.081916	-0.0415582	-0.0819158	0.995772	-0.417981	-0.826114	20.1716	
0.999053	-0.00187112	0.0434687	-0.00186066	0.996323	0.0856511	-0.0434691	-0.0856509	0.995376	-0.457017	-0.903042	21.0858	
0.998968	-0.0020393	0.045381	-0.0020274	0.995995	0.0893863	-0.0453815	-0.089386	0.994963	-0.497807	-0.9834	21.9995	
0.998879	-0.00221485	0.0472946	-0.00220139	0.995652	0.0931213	-0.0472953	-0.093121	0.994531	-0.540354	-1.06719	22.9129	
0.998786	-0.00239778	0.0492095	-0.00238263	0.995296	0.0968561	-0.0492103	-0.0968557	0.994081	-0.584659	-1.1544	23.8258	
0.998689	-0.00258812	0.0511256	-0.00257114	0.994925	0.10059	-0.0511265	-0.10059	0.993613	-0.630723	-1.24505	24.7384	
0.998588	-0.00278587	0.0530429	-0.00276692	0.994539	0.104324	-0.0530439	-0.104324	0.993128	-0.678547	-1.33912	25.6505	
0.998484	-0.00299104	0.0549612	-0.00296998	0.99414	0.108058	-0.0549624	-0.108057	0.992624	-0.728131	-1.43663	26.5621	
0.998376	-0.00320364	0.0568806	-0.00318032	0.993727	0.11179	-0.0568819	-0.11179	0.992103	-0.779478	-1.53756	27.4733	
0.998264	-0.00342369	0.0588009	-0.00339794	0.993299	0.115522	-0.0588024	-0.115521	0.991563	-0.832588	-1.64191	28.384	
0.998148	-0.00365119	0.0607221	-0.00362286	0.992857	0.119253	-0.0607238	-0.119252	0.991005	-0.887461	-1.74969	29.2941	
0.998028	-0.00388616	0.0626441	-0.00385507	0.992401	0.122982	-0.062646	-0.122981	0.99043	-0.944099	-1.8609	30.2038	
0.997905	-0.0041286	0.0645668	-0.00409459	0.991931	0.12671	-0.064569	-0.126709	0.989836	-1.0025	-1.97553	31.1129	
0.997777	-0.00437852	0.0664903	-0.0043414	0.991447	0.130437	-0.0664927	-0.130436	0.989225	-1.06267	-2.09359	32.0215	
0.997646	-0.00463593	0.0684144	-0.00459552	0.990949	0.134163	-0.0684171	-0.134162	0.988595	-1.12461	-2.21506	32.9295	
0.997511	-0.00490084	0.070339	-0.00485695	0.990436	0.137887	-0.0703421	-0.137885	0.987947	-1.18831	-2.33996	33.8369	
0.997372	-0.00517324	0.0722642	-0.00512568	0.989909	0.141609	-0.0722676	-0.141607	0.987282	-1.25378	-2.46827	34.7437	
0.997229	-0.00545316	0.0741898	-0.00540172	0.989369	0.145329	-0.0741935	-0.145327	0.986598	-1.32102	-2.6	35.6499	
0.997082	-0.00574058	0.0761157	-0.00568507	0.988814	0.149047	-0.0761199	-0.149045	0.985896	-1.39003	-2.73514	36.5555	
0.996932	-0.00603553	0.078042	-0.00597573	0.988245	0.152764	-0.0780466	-0.152761	0.985176	-1.46081	-2.8737	37.4604	
0.996777	-0.006338	0.0799685	-0.0062737	0.987662	0.156478	-0.0799736	-0.156475	0.984439	-1.53335	-3.01567	38.3646	
0.996619	-0.00664799	0.0818952	-0.00657897	0.987064	0.160189	-0.0819007	-0.160186	0.983683	-1.60767	-3.16104	39.2681	
0.996456	-0.00696551	0.083822	-0.00689155	0.986453	0.163898	-0.0838281	-0.163895	0.98291	-1.68375	-3.30983	40.171	
0.99629	-0.00729057	0.0857488	-0.00721142	0.985828	0.167605	-0.0857555	-0.167601	0.982118	-1.76161	-3.46201	41.0731	
0.99612	-0.00762315	0.0876756	-0.0075386	0.985189	0.171309	-0.0876829	-0.171305	0.981308	-1.84123	-3.6176	41.9745	
0.995946	-0.00796328	0.0896024	-0.00787307	0.984535	0.17501	-0.0896103	-0.175006	0.980481	-1.92262	-3.77659	42.8752	
0.995768	-0.00831094	0.0915289	-0.00821483	0.983868	0.178708	-0.0915376	-0.178703	0.979636	-2.00579	-3.93897	43.775	
0.995586	-0.00866613	0.0934553	-0.00856388	0.983187	0.182403	-0.0934648	-0.182398	0.978772	-2.09072	-4.10475	44.6741	
0.9954	-0.00902886	0.0953814	-0.00892021	0.982491	0.186094	-0.0953917	-0.186089	0.977891	-2.17742	-4.27392	45.5724	
0.99521	-0.00939913	0.0973072	-0.00928381	0.981782	0.189783	-0.0973183	-0.189777	0.976992	-2.26589	-4.44648	46.4699	
0.995016	-0.00977694	0.0992326	-0.00965469	0.981059	0.193468	-0.0992445	-0.193462	0.976075	-2.35613	-4.62242	47.3665	
0.994819	-0.0101623	0.101157	-0.0100328	0.980322	0.197149	-0.10117	-0.197143	0.975141	-2.44814	-4.80174	48.2623	
0.994617	-0.0105551	0.103082	-0.0104182	0.979571	0.200827	-0.103096	-0.20082	0.974188	-2.54192	-4.98445	49.1572	
0.994411	-0.0109555	0.105006	-0.0108108	0.978807	0.204501	-0.105021	-0.204494	0.973218	-2.63746	-5.17052	50.0513	
0.994202	-0.0113634	0.106929	-0.0112107	0.978028	0.208171	-0.106945	-0.208163	0.97223	-2.73478	-5.35997	50.9444	
0.993988	-0.0117789	0.108851	-0.0116178	0.977236	0.211837	-0.108868	-0.211829	0.971224	-2.83385	-5.55278	51.8366	
0.993771	-0.0122018	0.110773	-0.0120322	0.97643	0.215499	-0.110791	-0.21549	0.970201	-2.9347	-5.74896	52.7279	
0.99355	-0.0126323	0.112693	-0.0124537	0.97561	0.219157	-0.112713	-0.219147	0.96916	-3.03731	-5.9485	53.6183	
0.993324	-0.0130703	0.114613	-0.0128824	0.974777	0.22281	-0.114634	-0.222799	0.968101	-3.14168	-6.15139	54.5076	
0.99275	-0.0141678	0.119359	-0.0131259	0.974311	0.224823	-0.119478	-0.22476	0.967062	-3.24916	-6.35686	55.396	
0.992152	-0.015276	0.124104	-0.0133801	0.97384	0.226839	-0.124322	-0.226719	0.965993	-3.36109	-6.56413	56.2835	
0.991529	-0.0163947	0.128847	-0.0136451	0.973364	0.228857	-0.129167	-0.228677	0.964895	-3.47746	-6.7732	57.17	
0.990882	-0.0175238	0.133588	-0.0139208	0.972883	0.230878	-0.134012	-0.230632	0.963768	-3.59828	-6.98407	58.0554	
0.990211	-0.0186634	0.138327	-0.0142073	0.972397	0.2329	-0.138856	-0.232586	0.962613	-3.72356	-7.19673	58.9398	
0.989515	-0.0198133	0.143064	-0.0145045	0.971905	0.234924	-0.143699	-0.234536	0.961428	-3.85327	-7.41118	59.8231	
0.988795	-0.0209734	0.147797	-0.0148125	0.971409	0.236949	-0.148541	-0.236483	0.960214	-3.98744	-7.62742	60.7053	
0.988051	-0.0221437	0.152526	-0.0151311	0.970908	0.238974	-0.153381	-0.238427	0.958972	-4.12605	-7.84545	61.5864	
0.987283	-0.0233241	0.157251	-0.0154604	0.970402	0.241	-0.158218	-0.240366	0.957701	-4.2691	-8.06526	62.4663	
0.986491	-0.0245145	0.161972	-0.0158003	0.969891	0.243025	-0.163053	-0.242301	0.956402	-4.41659	-8.28685	63.3451	
0.985674	-0.0257147	0.166687	-0.0161508	0.969376	0.245049	-0.167884	-0.244231	0.955074	-4.56852	-8.51021	64.2226	
0.984834	-0.0269247	0.171397	-0.0165117	0.968856	0.247072	-0.172712	-0.246155	0.953718	-4.72489	-8.73534	65.0989	
0.98397	-0.0281444	0.176101	-0.0168832	0.968332	0.249094	-0.177535	-0.248074	0.952334	-4.88568	-8.96224	65.974	
0.983081	-0.0293737	0.180799	-0.0172651	0.967804	0.251113	-0.182354	-0.249986	0.950923	-5.05091	-9.19089	66.8477	
0.982169	-0.0306125	0.185489	-0.0176573	0.967271	0.25313	-0.187167	-0.251892	0.949483	-5.22055	-9.4213	67.7202	
0.981234	-0.0318606	0.190173	-0.0180597	0.966734	0.255144	-0.191976	-0.253791	0.948017	-5.39461	-9.65346	68.5913	
0.980274	-0.0331179	0.194848	-0.0184723	0.966194	0.257155	-0.196778	-0.255682	0.946523	-5.57309	-9.88735	69.4611	
0.979291	-0.0343844	0.199516	-0.018895	0.965649	0.259162	-0.201573	-0.257565	0.945002	-5.75597	-10.123	70.3295	
0.975048	-0.0394362	0.218462	-0.0165359	0.968458	0.248628	-0.221376	-0.246037	0.943641	-5.95015	-10.3542	71.1966	
0.970409	-0.0442555	0.237375	-0.0139566	0.971138	0.238112	-0.241061	-0.234379	0.941783	-6.16246	-10.5748	72.0622	
0.965377	-0.0488396	0.256246	-0.0111583	0.973686	0.227619	-0.26062	-0.222597	0.939429	-6.39278	-10.7846	72.9259	
0.959953	-0.0531861	0.275065	-0.00814269	0.976103	0.217155	-0.280042	-0.210698	0.93658	-6.64101	-10.9835	73.7872	
0.954142	-0.0572928	0.293822	-0.00491122	0.978387	0.206726	-0.299315	-0.198689	0.933238	-6.907	-11.1714	74.6456	
0.947945	-0.0611576	0.312507	-0.00146562	0.980536	0.196336	-0.318432	-0.186574	0.929404	-7.19061	-11.3483	75.5008	
0.941366	-0.0647782	0.33111	0.0021923	0.982549	0.185993	-0.33738	-0.174361	0.92508	-7.4917	-11.514	76.3522	
0.934409	-0.068153	0.349621	0.00606059	0.984425	0.1757	-0.356151	-0.162057	0.920269	-7.81011	-11.6685	77.1994	
0.927077	-0.07128	0.368031	0.0101372	0.986164	0.165463	-0.374733	-0.149667	0.914973	-8.14567	-11.8116	78.042	
0.919375	-0.0741576	0.38633	0.0144201	0.987764	0.155289	-0.393119	-0.137198	0.909194	-8.4982	-11.9433	78.8795	
0.911305	-0.0767844	0.404508	0.0189069	0.989224	0.145181	-0.411297	-0.124657	0.902937	-8.86751	-12.0635	79.7115	
0.902873	-0.0791589	0.422556	0.0235952	0.990545	0.135146	-0.429259	-0.11205	0.896204	-9.25342	-12.1722	80.5375	
0.894083	-0.0812799	0.440464	0.0284827	0.991724	0.125189	-0.446994	-0.0993837	0.888999	-9.65572	-12.2693	81.3571	
0.88494	-0.0831462	0.458223	0.0335667	0.992762	0.115315	-0.464494	-0.0866655	0.881325	-10.0742	-12.3547	82.1699	
0.875448	-0.0847569	0.475823	0.0388445	0.993657	0.105529	-0.48175	-0.0739015	0.873187	-10.5086	-12.4284	82.9754	
0.865612	-0.0861111	0.493256	0.0443135	0.99441	0.0958358	-0.498751	-0.0610987	0.864589	-10.9588	-12.4904	83.7732	
0.855437	-0.0872082	0.510511	0.0499706	0.99502	0.0862414	-0.51549	-0.0482636	0.855535	-11.4244	-12.5406	84.5629	
0.84493	-0.0880475	0.52758	0.0558129	0.995487	0.0767506	-0.531957	-0.0354031	0.846031	-11.9053	-12.579	85.3441	
0.834095	-0.0886286	0.544454	0.0618374	0.99581	0.0673683	-0.548143	-0.022524	0.836081	-12.4012	-12.6056	86.1164	
0.822938	-0.0889512	0.561124	0.0680408	0.995989	0.0580995	-0.564041	-0.00963298	0.82569	-12.9118	-12.6204	86.8794	
0.811466	-0.0890151	0.577581	0.0744199	0.996025	0.048949	-0.579642	0.0032631	0.814865	-13.4369	-12.6233	87.6325	
