1	0	0	0	1	0	0	0	1	0	0	0	
0.999998	-8.69069e-07	-0.00222542	-8.69069e-07	1	-0.000781037	0.00222542	0.000781037	0.999997	0.00113575	0.000398605	1.02071	
0.99999	-3.49075e-06	-0.00445978	-3.49174e-06	0.999999	-0.00156565	0.00445978	0.00156565	0.999989	0.00454757	0.00159625	2.04141	
0.999978	-7.88684e-06	-0.00670295	-7.8908e-06	0.999997	-0.00235381	0.00670295	0.00235381	0.999975	0.0102445	0.00359656	3.0621	
0.99996	-1.40789e-05	-0.00895482	-1.40888e-05	0.999995	-0.00314546	0.00895482	0.00314546	0.999955	0.0182355	0.00640313	4.08277	
0.999937	-2.20882e-05	-0.0112153	-2.21081e-05	0.999992	-0.00394059	0.0112153	0.00394059	0.999929	0.0285294	0.0100195	5.10342	
0.999909	-3.19358e-05	-0.0134842	-3.19708e-05	0.999989	-0.00473913	0.0134842	0.00473913	0.999898	0.0411348	0.0144492	6.12404	
0.999876	-4.36426e-05	-0.0157614	-4.36988e-05	0.999985	-0.00554107	0.0157614	0.00554107	0.99986	0.0560605	0.0196958	7.14462	
0.999837	-5.7229e-05	-0.0180469	-5.73137e-05	0.99998	-0.00634636	0.0180469	0.00634636	0.999817	0.0733147	0.0257626	8.16516	
0.999793	-7.27155e-05	-0.0203405	-7.28369e-05	0.999974	-0.00715495	0.0203405	0.00715495	0.999768	0.0929059	0.032653	9.18566	
0.999744	-9.0122e-05	-0.0226421	-9.02895e-05	0.999968	-0.00796682	0.0226421	0.00796682	0.999712	0.114842	0.0403705	10.2061	
0.999689	-0.000109468	-0.0249515	-0.000109693	0.999961	-0.00878192	0.0249515	0.00878192	0.99965	0.139132	0.0489183	11.2265	
0.999628	-0.000130774	-0.0272687	-0.000131066	0.999954	-0.00960021	0.0272687	0.00960022	0.999582	0.165783	0.0582997	12.2468	
0.999562	-0.000154058	-0.0295935	-0.000154432	0.999946	-0.0104217	0.0295935	0.0104217	0.999508	0.194802	0.0685179	13.267	
0.99949	-0.00017934	-0.0319259	-0.000179809	0.999937	-0.0112462	0.0319259	0.0112462	0.999427	0.226199	0.0795762	14.2872	
0.999413	-0.000206638	-0.0342656	-0.000207217	0.999927	-0.0120739	0.0342656	0.0120739	0.99934	0.25998	0.0914777	15.3073	
0.99933	-0.00023597	-0.0366125	-0.000236676	0.999917	-0.0129045	0.0366125	0.0129045	0.999246	0.296153	0.104226	16.3273	
0.99924	-0.000267355	-0.0389666	-0.000268205	0.999906	-0.0137382	0.0389666	0.0137382	0.999146	0.334725	0.117823	17.3472	
0.999146	-0.000300811	-0.0413278	-0.000301823	0.999894	-0.0145748	0.0413278	0.0145748	0.999039	0.375704	0.132272	18.3669	
0.999045	-0.000336355	-0.0436958	-0.00033755	0.999881	-0.0154143	0.0436958	0.0154144	0.998926	0.419096	0.147578	19.3866	
0.998938	-0.000374004	-0.0460706	-0.000375402	0.999868	-0.0162568	0.0460706	0.0162568	0.998806	0.464908	0.163741	20.4062	
0.998825	-0.000413775	-0.048452	-0.0004154	0.999854	-0.017102	0.048452	0.017102	0.998679	0.513148	0.180766	21.4256	
0.998707	-0.000455685	-0.05084	-0.000457559	0.999839	-0.01795	0.05084	0.0179501	0.998545	0.563822	0.198655	22.4449	
0.998582	-0.00049975	-0.0532344	-0.000501899	0.999823	-0.0188008	0.0532344	0.0188009	0.998405	0.616937	0.217411	23.464	
0.998451	-0.000545986	-0.055635	-0.000548436	0.999807	-0.0196543	0.055635	0.0196543	0.998258	0.672499	0.237037	24.483	
0.998314	-0.000594408	-0.0580418	-0.000597187	0.999789	-0.0205104	0.0580418	0.0205105	0.998103	0.730514	0.257535	25.5019	
0.998171	-0.000645033	-0.0604547	-0.000648169	0.999771	-0.0213692	0.0604547	0.0213693	0.997942	0.79099	0.278908	26.5206	
0.998021	-0.000697875	-0.0628735	-0.000701398	0.999753	-0.0222306	0.0628734	0.0222307	0.997774	0.853931	0.30116	27.5391	
0.997866	-0.00075295	-0.065298	-0.00075689	0.999733	-0.0230945	0.065298	0.0230946	0.997599	0.919343	0.324292	28.5574	
0.997703	-0.00081027	-0.0677282	-0.000814661	0.999713	-0.0239609	0.0677282	0.023961	0.997416	0.987234	0.348307	29.5756	
0.997535	-0.000869851	-0.0701639	-0.000874727	0.999691	-0.0248297	0.0701639	0.0248299	0.997226	1.05761	0.373207	30.5936	
0.99736	-0.000931705	-0.0726051	-0.000937102	0.999669	-0.025701	0.072605	0.0257012	0.99703	1.13047	0.398996	31.6113	
0.997179	-0.000995848	-0.0750515	-0.0010018	0.999646	-0.0265747	0.0750515	0.0265749	0.996825	1.20583	0.425675	32.6289	
0.996992	-0.00106229	-0.0775031	-0.00106884	0.999623	-0.0274507	0.0775031	0.0274509	0.996614	1.28368	0.453248	33.6463	
0.996797	-0.00113105	-0.0799598	-0.00113823	0.999598	-0.0283289	0.0799597	0.0283292	0.996395	1.36405	0.481715	34.6634	
0.996597	-0.00120213	-0.0824213	-0.00120998	0.999573	-0.0292094	0.0824212	0.0292098	0.996169	1.44692	0.511081	35.6803	
0.99639	-0.00127555	-0.0848877	-0.00128412	0.999546	-0.0300922	0.0848875	0.0300925	0.995936	1.5323	0.541346	36.697	
0.996176	-0.00135132	-0.0873587	-0.00136065	0.999519	-0.030977	0.0873585	0.0309774	0.995695	1.62021	0.572513	37.7134	
0.995956	-0.00142945	-0.0898342	-0.00143958	0.999491	-0.031864	0.089834	0.0318645	0.995447	1.71064	0.604585	38.7296	
0.995729	-0.00150995	-0.0923141	-0.00152093	0.999462	-0.0327531	0.092314	0.0327536	0.995191	1.8036	0.637563	39.7456	
0.995495	-0.00159283	-0.0947984	-0.00160471	0.999433	-0.0336442	0.0947982	0.0336447	0.994928	1.89909	0.671449	40.7612	
0.995255	-0.00167811	-0.0972868	-0.00169094	0.999402	-0.0345373	0.0972865	0.0345379	0.994657	1.99713	0.706247	41.7766	
0.995008	-0.00176579	-0.0997792	-0.00177961	0.99937	-0.0354323	0.0997789	0.035433	0.994379	2.0977	0.741957	42.7917	
0.994754	-0.00185588	-0.102275	-0.00187075	0.999338	-0.0363292	0.102275	0.03633	0.994093	2.20082	0.778581	43.8066	
0.994494	-0.00194839	-0.104776	-0.00196437	0.999305	-0.037228	0.104775	0.0372288	0.993799	2.30649	0.816122	44.8211	
0.994227	-0.00204333	-0.107279	-0.00206046	0.999271	-0.0381286	0.107279	0.0381295	0.993498	2.41471	0.854581	45.8353	
0.993953	-0.00214071	-0.109787	-0.00215905	0.999236	-0.0390309	0.109786	0.039032	0.993189	2.52549	0.893961	46.8492	
0.993672	-0.00224054	-0.112297	-0.00226015	0.9992	-0.039935	0.112297	0.0399361	0.992872	2.63883	0.934263	47.8628	
0.993385	-0.00234282	-0.114811	-0.00236376	0.999163	-0.0408408	0.114811	0.040842	0.992547	2.75474	0.975488	48.8761	
0.99309	-0.00244757	-0.117328	-0.00246989	0.999125	-0.0417482	0.117328	0.0417495	0.992215	2.87321	1.01764	49.889	
0.992789	-0.00255478	-0.119849	-0.00257855	0.999086	-0.0426572	0.119848	0.0426586	0.991875	2.99425	1.06072	50.9016	
0.992481	-0.00266447	-0.122372	-0.00268975	0.999047	-0.0435677	0.122371	0.0435693	0.991528	3.11787	1.10472	51.9138	
0.992166	-0.00277664	-0.124897	-0.00280349	0.999006	-0.0444798	0.124897	0.0444815	0.991172	3.24406	1.14966	52.9257	
0.991844	-0.00289129	-0.127426	-0.00291979	0.998965	-0.0453933	0.127425	0.0453951	0.990809	3.37284	1.19553	53.9372	
0.991515	-0.00300844	-0.129957	-0.00303864	0.998923	-0.0463082	0.129956	0.0463102	0.990438	3.50419	1.24233	54.9484	
0.991179	-0.00312809	-0.13249	-0.00316006	0.998879	-0.0472245	0.132489	0.0472266	0.990059	3.63813	1.29007	55.9591	
0.990837	-0.00325024	-0.135026	-0.00328406	0.998835	-0.0481421	0.135025	0.0481444	0.989672	3.77466	1.33874	56.9695	
0.990487	-0.0033749	-0.137563	-0.00341063	0.99879	-0.049061	0.137563	0.0490634	0.989277	3.91378	1.38835	57.9794	
0.990131	-0.00350207	-0.140103	-0.00353978	0.998744	-0.0499811	0.140102	0.0499838	0.988875	4.05548	1.4389	58.989	
0.989767	-0.00363175	-0.142645	-0.00367152	0.998697	-0.0509024	0.142644	0.0509053	0.988464	4.19978	1.49039	59.9981	
0.989397	-0.00376395	-0.145188	-0.00380586	0.998649	-0.0518249	0.145187	0.0518279	0.988046	4.34668	1.54282	61.0069	
0.98902	-0.00389867	-0.147733	-0.00394279	0.9986	-0.0527484	0.147732	0.0527517	0.98762	4.49617	1.59619	62.0152	
0.988635	-0.00403591	-0.15028	-0.00408232	0.99855	-0.0536731	0.150279	0.0536766	0.987185	4.64826	1.65051	63.023	
0.988244	-0.00417568	-0.152828	-0.00422446	0.998499	-0.0545987	0.152827	0.0546025	0.986743	4.80295	1.70577	64.0304	
0.987846	-0.00431797	-0.155377	-0.0043692	0.998448	-0.0555253	0.155376	0.0555293	0.986294	4.96025	1.76198	65.0374	
0.986877	-0.00465658	-0.161408	-0.004317	0.998466	-0.0552004	0.161417	0.0551728	0.985343	5.12192	1.81847	66.0436	
0.985871	-0.00499313	-0.167435	-0.00426315	0.998484	-0.0548779	0.167455	0.0548163	0.984355	5.28976	1.87461	67.0488	
0.984827	-0.0053276	-0.173458	-0.00420765	0.998502	-0.0545576	0.173488	0.0544597	0.983329	5.46377	1.93038	68.0531	
0.983746	-0.00565999	-0.179476	-0.00415048	0.998519	-0.0542393	0.179517	0.0541026	0.982266	5.64392	1.98578	69.0562	
0.982628	-0.00599026	-0.185488	-0.0040916	0.998537	-0.0539226	0.18554	0.0537448	0.981166	5.83023	2.04082	70.0582	
0.981473	-0.0063184	-0.191495	-0.00403098	0.998554	-0.0536073	0.191557	0.0533861	0.980028	6.02269	2.0955	71.0592	
0.97659	-0.00749519	-0.21498	-0.00227756	0.998976	-0.0451752	0.215099	0.0446072	0.975573	6.23024	2.14551	72.0573	
0.971142	-0.00846079	-0.23835	-0.000321727	0.999323	-0.0367841	0.2385	0.0357993	0.970482	6.46174	2.18655	73.0505	
0.965135	-0.00921455	-0.26159	0.00183524	0.999594	-0.0284397	0.261746	0.0269681	0.96476	6.71706	2.21858	74.0382	
0.958571	-0.00975601	-0.284685	0.00419194	0.999788	-0.0201474	0.284822	0.0181193	0.958409	6.99602	2.2416	75.0197	
0.951456	-0.0100848	-0.307621	0.00674683	0.999906	-0.0119125	0.307712	0.00925875	0.951435	7.29844	2.25557	75.9945	
0.943793	-0.0102007	-0.330381	0.00949826	0.999948	-0.00374043	0.330402	0.000392152	0.94384	7.62412	2.2605	76.9618	
0.935587	-0.0101036	-0.352951	0.0124444	0.999913	0.00436349	0.352876	-0.0084747	0.935632	7.97285	2.25637	77.9211	
0.926845	-0.00979366	-0.375317	0.0155834	0.999802	0.012394	0.375121	-0.017336	0.926814	8.34441	2.2432	78.8716	
0.917571	-0.00927101	-0.397464	0.0189132	0.999614	0.0203459	0.397122	-0.0261861	0.917392	8.73855	2.22098	79.8129	
0.907772	-0.008536	-0.419377	0.0224316	0.99935	0.0282139	0.418864	-0.0350191	0.907373	9.15501	2.18975	80.7442	
0.897454	-0.00758912	-0.441043	0.0261363	0.99901	0.035993	0.440333	-0.0438293	0.896764	9.59353	2.1495	81.665	
0.886624	-0.00643098	-0.462447	0.0300249	0.998594	0.0436781	0.461516	-0.052611	0.88557	10.0538	2.10028	82.5747	
0.875288	-0.00506233	-0.483575	0.0340948	0.998103	0.0512642	0.482398	-0.0613584	0.8738	10.5356	2.04211	83.4726	
0.863455	-0.00348407	-0.504414	0.0383435	0.997536	0.0587463	0.502966	-0.0700658	0.861461	11.0385	1.97504	84.3583	
0.851132	-0.00169722	-0.524949	0.0427682	0.996895	0.0661196	0.523207	-0.0787276	0.848561	11.5622	1.8991	85.231	
0.838327	0.000297049	-0.545168	0.047366	0.996179	0.0733793	0.543107	-0.0873382	0.835109	12.1064	1.81434	86.0903	
0.825048	0.00249744	-0.565058	0.0521338	0.995389	0.0805206	0.562653	-0.0958919	0.821113	12.6708	1.72082	86.9356	
0.811304	0.00490253	-0.584605	0.0570686	0.994525	0.0875389	0.581833	-0.104383	0.806582	13.2549	1.61861	87.7664	
0.797103	0.00751074	-0.603796	0.0621672	0.993589	0.0944296	0.600634	-0.112806	0.791526	13.8584	1.50776	88.582	
0.782456	0.0103204	-0.62262	0.0674262	0.99258	0.101188	0.619044	-0.121156	0.775955	14.4809	1.38835	89.382	
0.767372	0.0133296	-0.641064	0.0728422	0.991499	0.107811	0.637051	-0.129427	0.759878	15.122	1.26045	90.1659	
0.75186	0.0165365	-0.659115	0.0784118	0.990348	0.114292	0.654643	-0.137614	0.743307	15.7813	1.12416	90.9331	
0.735931	0.0199389	-0.676763	0.0841312	0.989126	0.120628	0.671809	-0.145711	0.726251	16.4583	0.979556	91.6831	
0.719595	0.0235347	-0.693995	0.0899968	0.987835	0.126816	0.688538	-0.153713	0.708723	17.1526	0.826735	92.4155	
0.702862	0.0273214	-0.710801	0.0960046	0.986476	0.13285	0.704818	-0.161615	0.690733	17.8637	0.665797	93.1298	
0.685744	0.0312967	-0.72717	0.102151	0.985048	0.138727	0.720639	-0.169412	0.672294	18.5912	0.496847	93.8254	
0.668251	0.0354579	-0.74309	0.108432	0.983554	0.144443	0.735991	-0.177099	0.653417	19.3347	0.319994	94.502	
0.650396	0.0398024	-0.758552	0.114843	0.981994	0.149995	0.750864	-0.18467	0.634114	20.0935	0.135354	95.1592	
0.632189	0.0443272	-0.773545	0.12138	0.98037	0.155378	0.765248	-0.192121	0.614398	20.8673	-0.0569534	95.7964	
