1	0	0	0	1	0	0	0	1	0	0	0	
0.999994	8.06241e-06	-0.00352199	8.06241e-06	0.99999	0.00457829	0.00352199	-0.00457829	0.999983	0.00180992	-0.00235274	1.02777	
0.999975	3.22481e-05	-0.00704341	3.22537e-05	0.999958	0.00915744	0.00704341	-0.00915744	0.999933	0.00723937	-0.0094114	2.05551	
0.999944	7.25557e-05	-0.0105642	7.25782e-05	0.999906	0.0137373	0.0105642	-0.0137373	0.99985	0.0162877	-0.0211768	3.08318	
0.999901	0.000128983	-0.0140841	0.000129039	0.999832	0.0183177	0.0140841	-0.0183177	0.999733	0.0289542	-0.0376495	4.11075	
0.999845	0.000201528	-0.0176031	0.00020164	0.999738	0.0228985	0.0176031	-0.0228985	0.999583	0.045238	-0.0588302	5.13817	
0.999777	0.000290187	-0.021121	0.000290384	0.999622	0.0274795	0.021121	-0.0274795	0.999399	0.0651379	-0.0847189	6.16543	
0.999696	0.000394956	-0.0246378	0.00039527	0.999486	0.0320606	0.0246378	-0.0320606	0.999182	0.088653	-0.115316	7.19248	
0.999603	0.00051583	-0.0281533	0.000516302	0.999328	0.0366416	0.0281533	-0.0366416	0.998932	0.115782	-0.150621	8.21929	
0.999498	0.000652805	-0.0316674	0.000653479	0.99915	0.0412223	0.0316673	-0.0412223	0.998648	0.146523	-0.190635	9.24583	
0.999381	0.000805874	-0.0351799	0.000806801	0.99895	0.0458026	0.0351798	-0.0458026	0.998331	0.180875	-0.235356	10.2721	
0.999251	0.000975032	-0.0386907	0.000976268	0.99873	0.0503824	0.0386907	-0.0503824	0.99798	0.218837	-0.284785	11.2979	
0.999109	0.00116027	-0.0421998	0.00116188	0.998488	0.0549614	0.0421997	-0.0549614	0.997596	0.260405	-0.33892	12.3235	
0.998954	0.00136158	-0.0457069	0.00136363	0.998225	0.0595395	0.0457069	-0.0595395	0.997179	0.30558	-0.397761	13.3485	
0.998787	0.00157896	-0.049212	0.00158151	0.997941	0.0641165	0.0492119	-0.0641166	0.996728	0.354358	-0.461306	14.3732	
0.998608	0.00181239	-0.052715	0.00181554	0.997636	0.0686923	0.0527149	-0.0686924	0.996244	0.406737	-0.529556	15.3974	
0.998417	0.00206187	-0.0562157	0.00206569	0.99731	0.0732668	0.0562155	-0.0732669	0.995727	0.462715	-0.602507	16.421	
0.998213	0.00232738	-0.059714	0.00233197	0.996963	0.0778397	0.0597138	-0.0778398	0.995176	0.52229	-0.68016	17.4441	
0.997997	0.00260892	-0.0632097	0.00261437	0.996595	0.0824109	0.0632095	-0.0824111	0.994592	0.585459	-0.762511	18.4666	
0.997769	0.00290648	-0.0667028	0.00291288	0.996206	0.0869803	0.0667026	-0.0869805	0.993974	0.65222	-0.84956	19.4886	
0.997528	0.00322003	-0.0701932	0.0032275	0.995795	0.0915476	0.0701929	-0.0915479	0.993324	0.722569	-0.941304	20.5098	
0.997276	0.00354958	-0.0736807	0.00355823	0.995364	0.0961128	0.0736803	-0.0961131	0.99264	0.796504	-1.03774	21.5304	
0.997011	0.0038951	-0.0771652	0.00390504	0.994912	0.100676	0.0771647	-0.100676	0.991922	0.874022	-1.13887	22.5502	
0.996734	0.00425658	-0.0806465	0.00426794	0.994438	0.105236	0.0806459	-0.105236	0.991172	0.955119	-1.24469	23.5693	
0.996444	0.00463401	-0.0841247	0.00464692	0.993944	0.109794	0.0841239	-0.109794	0.990388	1.03979	-1.35519	24.5876	
0.996143	0.00502738	-0.0875994	0.00504196	0.993428	0.114348	0.0875986	-0.114349	0.989571	1.12804	-1.47037	25.6051	
0.99583	0.00543666	-0.0910707	0.00545306	0.992891	0.1189	0.0910697	-0.118901	0.988721	1.21986	-1.59024	26.6217	
0.995504	0.00586184	-0.0945383	0.00588021	0.992333	0.123449	0.0945372	-0.12345	0.987837	1.31524	-1.71478	27.6375	
0.995166	0.0063029	-0.0980023	0.00632339	0.991755	0.127994	0.098001	-0.127995	0.986921	1.41418	-1.84399	28.6523	
0.994816	0.00675983	-0.101462	0.00678259	0.991155	0.132536	0.101461	-0.132538	0.985971	1.51668	-1.97788	29.6661	
0.994455	0.0072326	-0.104919	0.00725779	0.990534	0.137075	0.104917	-0.137076	0.984989	1.62274	-2.11643	30.679	
0.994081	0.00772121	-0.108371	0.007749	0.989892	0.141609	0.108369	-0.141611	0.983973	1.73234	-2.25965	31.6908	
0.993695	0.00822562	-0.111818	0.00825618	0.989229	0.14614	0.111816	-0.146142	0.982924	1.84549	-2.40752	32.7016	
0.993297	0.00874582	-0.115262	0.00877934	0.988546	0.150667	0.115259	-0.150669	0.981842	1.96219	-2.56005	33.7113	
0.992887	0.0092818	-0.118701	0.00931844	0.987841	0.155189	0.118698	-0.155191	0.980728	2.08241	-2.71723	34.7198	
0.992465	0.00983352	-0.122136	0.00987348	0.987115	0.159707	0.122132	-0.159709	0.97958	2.20617	-2.87905	35.7272	
0.992031	0.010401	-0.125565	0.0104444	0.986368	0.16422	0.125562	-0.164223	0.978399	2.33346	-3.04552	36.7334	
0.991585	0.0109841	-0.128991	0.0110313	0.985601	0.168729	0.128987	-0.168732	0.977186	2.46427	-3.21662	37.7383	
0.991127	0.0115829	-0.132411	0.011634	0.984812	0.173232	0.132406	-0.173236	0.975939	2.5986	-3.39235	38.742	
0.990658	0.0121974	-0.135826	0.0122527	0.984003	0.177731	0.135821	-0.177735	0.97466	2.73644	-3.57271	39.7444	
0.990176	0.0128276	-0.139236	0.0128871	0.983172	0.182225	0.13923	-0.182229	0.973349	2.87778	-3.75769	40.7455	
0.989683	0.0134733	-0.142641	0.0135374	0.982321	0.186713	0.142635	-0.186717	0.972004	3.02263	-3.94729	41.7452	
0.989178	0.0141346	-0.14604	0.0142035	0.981449	0.191195	0.146033	-0.1912	0.970627	3.17098	-4.1415	42.7435	
0.988661	0.0148115	-0.149434	0.0148854	0.980556	0.195672	0.149427	-0.195678	0.969217	3.32281	-4.34031	43.7403	
0.988132	0.0155039	-0.152822	0.015583	0.979643	0.200143	0.152814	-0.20015	0.967775	3.47813	-4.54373	44.7357	
0.987592	0.0162118	-0.156205	0.0162964	0.978708	0.204608	0.156196	-0.204615	0.9663	3.63693	-4.75173	45.7296	
0.987039	0.0169352	-0.159582	0.0170256	0.977753	0.209067	0.159572	-0.209075	0.964792	3.7992	-4.96432	46.722	
0.986476	0.017674	-0.162952	0.0177704	0.976777	0.21352	0.162942	-0.213528	0.963253	3.96493	-5.18149	47.7128	
0.9859	0.0184282	-0.166317	0.0185309	0.97578	0.217966	0.166306	-0.217975	0.96168	4.13413	-5.40324	48.702	
0.985313	0.0191979	-0.169676	0.019307	0.974763	0.222406	0.169663	-0.222415	0.960076	4.30678	-5.62955	49.6896	
0.984714	0.0199829	-0.173028	0.0200988	0.973725	0.226839	0.173014	-0.226849	0.958439	4.48288	-5.86042	50.6755	
0.984104	0.0207832	-0.176374	0.0209062	0.972666	0.231265	0.176359	-0.231276	0.95677	4.66242	-6.09585	51.6597	
0.983482	0.0215988	-0.179713	0.0217291	0.971587	0.235683	0.179697	-0.235695	0.955069	4.84539	-6.33582	52.6422	
0.982849	0.0224297	-0.183046	0.0225676	0.970487	0.240095	0.183029	-0.240108	0.953336	5.03179	-6.58033	53.6229	
0.982204	0.0232759	-0.186371	0.0234216	0.969367	0.244499	0.186353	-0.244513	0.95157	5.22162	-6.82937	54.6018	
0.981547	0.0241372	-0.189691	0.0242911	0.968226	0.248896	0.189671	-0.248911	0.949773	5.41485	-7.08294	55.5789	
0.980879	0.0250137	-0.193003	0.0251761	0.967064	0.253285	0.192982	-0.253301	0.947944	5.61149	-7.34102	56.5541	
0.9802	0.0259054	-0.196308	0.0260765	0.965882	0.257666	0.196285	-0.257683	0.946082	5.81153	-7.60361	57.5274	
0.979509	0.0268121	-0.199605	0.0269923	0.96468	0.262039	0.199581	-0.262057	0.944189	6.01497	-7.8707	58.4988	
0.978807	0.0277339	-0.202896	0.0279235	0.963457	0.266404	0.20287	-0.266423	0.942264	6.22178	-8.14228	59.4682	
0.978094	0.0286708	-0.206179	0.0288701	0.962214	0.27076	0.206151	-0.270781	0.940308	6.43197	-8.41835	60.4357	
0.97737	0.0296226	-0.209454	0.0298319	0.96095	0.275108	0.209425	-0.275131	0.93832	6.64553	-8.69888	61.4011	
0.976634	0.0305894	-0.212722	0.0308091	0.959666	0.279448	0.212691	-0.279472	0.9363	6.86245	-8.98389	62.3644	
0.975887	0.0315711	-0.215982	0.0318014	0.958362	0.283778	0.215949	-0.283804	0.934249	7.08273	-9.27335	63.3257	
0.975128	0.0325677	-0.219235	0.032809	0.957038	0.2881	0.219199	-0.288128	0.932166	7.30635	-9.56726	64.2848	
0.973795	0.0343024	-0.224826	0.0332125	0.956513	0.289792	0.22499	-0.289665	0.930308	7.53461	-9.86418	65.2419	
0.972426	0.0360467	-0.230408	0.0336271	0.955985	0.291483	0.230773	-0.291194	0.928413	7.76882	-10.1627	66.1971	
0.971023	0.0378002	-0.235978	0.0340529	0.955453	0.293173	0.236548	-0.292713	0.926479	8.00898	-10.4627	67.1503	
0.969585	0.0395627	-0.241537	0.0344896	0.954918	0.294861	0.242313	-0.294223	0.924509	8.25506	-10.7644	68.1015	
0.968112	0.041334	-0.247082	0.0349372	0.954379	0.296547	0.248068	-0.295723	0.922502	8.50706	-11.0675	69.0507	
0.966606	0.0431138	-0.252614	0.0353957	0.953837	0.298231	0.253811	-0.297213	0.920459	8.76497	-11.3722	69.9978	
0.962099	0.048055	-0.268433	0.0303807	0.959335	0.280629	0.271003	-0.278148	0.921516	9.03468	-11.6679	70.9444	
0.957298	0.0526672	-0.284265	0.0250387	0.964467	0.263013	0.288016	-0.258899	0.921964	9.32197	-11.9439	71.8918	
0.952207	0.0569473	-0.300099	0.0193734	0.96923	0.245394	0.30484	-0.23948	0.921804	9.62665	-12.2	72.8393	
0.946828	0.0608924	-0.315926	0.0133885	0.97362	0.227784	0.321462	-0.219902	0.921035	9.94852	-12.4361	73.7864	
0.941166	0.0645001	-0.331733	0.00708801	0.977634	0.210194	0.337871	-0.200179	0.919658	10.2874	-12.652	74.7324	
0.935223	0.0677678	-0.347512	0.000475993	0.98127	0.192637	0.354058	-0.180324	0.917674	10.643	-12.8476	75.6766	
0.929005	0.0706935	-0.363252	-0.00644315	0.984525	0.175123	0.370011	-0.16035	0.915085	11.0151	-13.0226	76.6185	
0.922515	0.0732753	-0.378942	-0.0136649	0.987398	0.157665	0.38572	-0.14027	0.911891	11.4034	-13.1771	77.5574	
0.915757	0.0755113	-0.394572	-0.0211843	0.989886	0.140273	0.401174	-0.120097	0.908095	11.8078	-13.3109	78.4927	
0.908736	0.0774002	-0.410132	-0.0289967	0.991988	0.12296	0.416363	-0.0998455	0.903699	12.228	-13.424	79.4238	
0.901456	0.0789406	-0.425611	-0.0370966	0.993702	0.105736	0.431277	-0.0795277	0.898707	12.6636	-13.5162	80.3501	
0.893923	0.0801317	-0.440999	-0.0454789	0.995027	0.0886135	0.445907	-0.0591575	0.893122	13.1144	-13.5874	81.271	
0.886141	0.0809725	-0.456287	-0.054138	0.995963	0.0716033	0.460242	-0.0387482	0.886947	13.5801	-13.6377	82.1858	
0.878115	0.0814625	-0.471463	-0.0630682	0.996508	0.0547167	0.474274	-0.0183133	0.880187	14.0604	-13.6671	83.0939	
0.869852	0.0816015	-0.486518	-0.0722635	0.996663	0.0379649	0.487992	0.00213364	0.872845	14.5549	-13.6754	83.9949	
0.861355	0.0813892	-0.501442	-0.081718	0.996427	0.0213589	0.501388	0.0225792	0.864928	15.0633	-13.6627	84.8879	
0.852631	0.080826	-0.516225	-0.0914253	0.9958	0.00490967	0.514453	0.0430099	0.856439	15.5854	-13.629	85.7726	
0.843685	0.079912	-0.530857	-0.101379	0.994783	-0.0113719	0.527179	0.0634121	0.847385	16.1207	-13.5743	86.6482	
0.834524	0.078648	-0.545329	-0.111573	0.993376	-0.0274751	0.539556	0.0837725	0.837771	16.6689	-13.4986	87.5142	
0.825153	0.0770347	-0.559632	-0.121999	0.991581	-0.0433893	0.551578	0.104078	0.827605	17.2297	-13.4021	88.3701	
0.815579	0.0750733	-0.573755	-0.132652	0.989399	-0.059104	0.563235	0.124314	0.816892	17.8026	-13.2847	89.2152	
0.805808	0.072765	-0.587689	-0.143525	0.98683	-0.0746088	0.57452	0.144468	0.80564	18.3873	-13.1466	90.0491	
0.795847	0.0701113	-0.601425	-0.154609	0.983878	-0.0898934	0.585426	0.164527	0.793856	18.9834	-12.9878	90.8711	
0.785701	0.0671141	-0.614955	-0.165898	0.980543	-0.104948	0.595946	0.184478	0.781547	19.5906	-12.8084	91.6807	
0.775378	0.0637752	-0.628269	-0.177385	0.976827	-0.119762	0.606072	0.204306	0.768723	20.2083	-12.6086	92.4774	
0.764885	0.0600969	-0.641358	-0.189061	0.972735	-0.134326	0.615798	0.224	0.755392	20.8362	-12.3885	93.2607	
0.754228	0.0560816	-0.654214	-0.200919	0.968267	-0.148631	0.625118	0.243546	0.741561	21.474	-12.1482	94.03	
0.743414	0.051732	-0.666828	-0.212951	0.963427	-0.162667	0.634025	0.262931	0.727242	22.1211	-11.888	94.7848	
0.732451	0.0470509	-0.679192	-0.22515	0.958218	-0.176424	0.642513	0.282142	0.712442	22.7771	-11.6078	95.5247	
