1	0	0	0	1	0	0	0	1	0	0	0	
1	5.19049e-08	8.218e-05	5.19049e-08	0.999999	-0.0012632	-8.218e-05	0.0012632	0.999999	-3.64207e-05	0.000559828	0.886363	
1	2.07875e-07	0.000164454	2.07911e-07	0.999997	-0.00252828	-0.000164454	0.00252828	0.999997	-0.000145724	0.00224014	1.77273	
1	4.68291e-07	0.000246819	4.68434e-07	0.999993	-0.00379518	-0.000246819	0.00379518	0.999993	-0.000327993	0.00504258	2.65908	
1	8.33518e-07	0.000329271	8.33875e-07	0.999987	-0.00506387	-0.000329271	0.00506387	0.999987	-0.000583305	0.00896875	3.54544	
1	1.30391e-06	0.000411807	1.30462e-06	0.99998	-0.00633428	-0.000411807	0.00633428	0.99998	-0.000911737	0.0140202	4.43179	
1	1.87979e-06	0.000494424	1.88104e-06	0.999971	-0.00760638	-0.000494424	0.00760638	0.999971	-0.00131336	0.0201985	5.31813	
1	2.56149e-06	0.00057712	2.5635e-06	0.999961	-0.00888012	-0.00057712	0.00888012	0.99996	-0.00178825	0.027505	6.20446	
1	3.34931e-06	0.00065989	3.35233e-06	0.999948	-0.0101554	-0.00065989	0.0101554	0.999948	-0.00233647	0.0359412	7.09079	
1	4.24354e-06	0.000742731	4.24785e-06	0.999935	-0.0114323	-0.000742731	0.0114323	0.999934	-0.00295809	0.0455085	7.9771	
1	5.24446e-06	0.00082564	5.25039e-06	0.999919	-0.0127106	-0.00082564	0.0127106	0.999919	-0.00365316	0.0562082	8.8634	
1	6.35231e-06	0.000908615	6.36023e-06	0.999902	-0.0139904	-0.000908615	0.0139904	0.999902	-0.00442175	0.0680416	9.74968	
1	7.56734e-06	0.000991651	7.57765e-06	0.999883	-0.0152716	-0.000991651	0.0152716	0.999883	-0.00526391	0.08101	10.636	
0.999999	8.88979e-06	0.00107475	8.90292e-06	0.999863	-0.0165541	-0.00107475	0.0165541	0.999862	-0.0061797	0.0951146	11.5222	
0.999999	1.03198e-05	0.0011579	1.03363e-05	0.999841	-0.017838	-0.0011579	0.017838	0.99984	-0.00716917	0.110357	12.4084	
0.999999	1.18577e-05	0.0012411	1.1878e-05	0.999817	-0.019123	-0.0012411	0.019123	0.999816	-0.00823236	0.126737	13.2946	
0.999999	1.35036e-05	0.00132435	1.35282e-05	0.999792	-0.0204093	-0.00132435	0.0204093	0.999791	-0.00936932	0.144257	14.1808	
0.999999	1.52576e-05	0.00140764	1.52872e-05	0.999765	-0.0216967	-0.00140764	0.0216967	0.999764	-0.0105801	0.162918	15.067	
0.999999	1.712e-05	0.00149098	1.71551e-05	0.999736	-0.0229852	-0.00149098	0.0229852	0.999735	-0.0118647	0.18272	15.9531	
0.999999	1.90907e-05	0.00157436	1.91322e-05	0.999705	-0.0242748	-0.00157436	0.0242748	0.999704	-0.0132232	0.203665	16.8393	
0.999999	2.11701e-05	0.00165778	2.12184e-05	0.999673	-0.0255653	-0.00165778	0.0255653	0.999672	-0.0146556	0.225753	17.7253	
0.999998	2.33581e-05	0.00174122	2.34141e-05	0.999639	-0.0268568	-0.00174122	0.0268568	0.999638	-0.016162	0.248985	18.6114	
0.999998	2.56548e-05	0.0018247	2.57193e-05	0.999604	-0.0281492	-0.0018247	0.0281492	0.999602	-0.0177424	0.273363	19.4974	
0.999998	2.80603e-05	0.0019082	2.81341e-05	0.999566	-0.0294425	-0.0019082	0.0294425	0.999565	-0.0193967	0.298887	20.3834	
0.999998	3.05747e-05	0.00199173	3.06587e-05	0.999528	-0.0307366	-0.00199173	0.0307366	0.999526	-0.0211251	0.325557	21.2694	
0.999998	3.31981e-05	0.00207527	3.3293e-05	0.999487	-0.0320314	-0.00207527	0.0320314	0.999485	-0.0229275	0.353375	22.1553	
0.999998	3.59303e-05	0.00215884	3.60372e-05	0.999445	-0.0333269	-0.00215884	0.0333269	0.999442	-0.024804	0.38234	23.0412	
0.999997	3.87714e-05	0.00224241	3.88913e-05	0.9994	-0.0346231	-0.00224241	0.0346231	0.999398	-0.0267545	0.412454	23.927	
0.999997	4.17215e-05	0.002326	4.18553e-05	0.999355	-0.0359199	-0.002326	0.0359199	0.999352	-0.0287792	0.443718	24.8129	
0.999997	4.47805e-05	0.00240959	4.49293e-05	0.999307	-0.0372173	-0.00240959	0.0372173	0.999304	-0.0308779	0.476131	25.6986	
0.999997	4.79483e-05	0.00249319	4.81131e-05	0.999258	-0.0385152	-0.00249319	0.0385152	0.999255	-0.0330507	0.509694	26.5843	
0.999997	5.12249e-05	0.00257679	5.14069e-05	0.999207	-0.0398135	-0.00257679	0.0398135	0.999204	-0.0352977	0.544408	27.47	
0.999996	5.46102e-05	0.00266039	5.48106e-05	0.999155	-0.0411122	-0.00266038	0.0411122	0.999151	-0.0376187	0.580273	28.3557	
0.999996	5.81042e-05	0.00274398	5.83241e-05	0.9991	-0.0424113	-0.00274397	0.0424113	0.999096	-0.0400138	0.617289	29.2413	
0.999996	6.17067e-05	0.00282756	6.19473e-05	0.999044	-0.0437108	-0.00282755	0.0437108	0.99904	-0.042483	0.655457	30.1268	
0.999996	6.54176e-05	0.00291113	6.56802e-05	0.998987	-0.0450104	-0.00291112	0.0450104	0.998982	-0.0450263	0.694776	31.0123	
0.999996	6.92367e-05	0.00299468	6.95227e-05	0.998927	-0.0463103	-0.00299468	0.0463103	0.998923	-0.0476436	0.735248	31.8977	
0.999995	7.31639e-05	0.00307822	7.34746e-05	0.998866	-0.0476104	-0.00307821	0.0476104	0.998861	-0.050335	0.776872	32.7831	
0.999995	7.71991e-05	0.00316174	7.75359e-05	0.998803	-0.0489106	-0.00316173	0.0489106	0.998798	-0.0531004	0.819648	33.6684	
0.999995	8.13421e-05	0.00324523	8.17063e-05	0.998739	-0.0502108	-0.00324522	0.0502108	0.998733	-0.0559399	0.863577	34.5537	
0.999994	8.55926e-05	0.00332869	8.59858e-05	0.998672	-0.0515111	-0.00332868	0.0515111	0.998667	-0.0588533	0.908658	35.4389	
0.999994	8.99504e-05	0.00341212	9.03741e-05	0.998605	-0.0528113	-0.00341211	0.0528113	0.998599	-0.0618407	0.954892	36.3241	
0.999994	9.44154e-05	0.00349552	9.4871e-05	0.998535	-0.0541114	-0.00349551	0.0541114	0.998529	-0.064902	1.00228	37.2091	
0.999994	9.89872e-05	0.00357888	9.94763e-05	0.998464	-0.0554115	-0.00357886	0.0554115	0.998457	-0.0680373	1.05082	38.0942	
0.999993	0.000103666	0.0036622	0.00010419	0.998391	-0.0567113	-0.00366218	0.0567113	0.998384	-0.0712464	1.10051	38.9791	
0.999993	0.00010845	0.00374547	0.000109011	0.998316	-0.0580109	-0.00374546	0.0580109	0.998309	-0.0745293	1.15135	39.864	
0.999993	0.000113341	0.0038287	0.000113941	0.99824	-0.0593102	-0.00382869	0.0593102	0.998232	-0.077886	1.20335	40.7489	
0.999992	0.000118338	0.00391188	0.000118977	0.998162	-0.0606092	-0.00391186	0.0606092	0.998154	-0.0813165	1.25649	41.6336	
0.999992	0.000123439	0.00399501	0.000124121	0.998082	-0.0619079	-0.00399499	0.0619079	0.998074	-0.0848207	1.31079	42.5183	
0.999992	0.000128646	0.00407808	0.000129371	0.998	-0.0632061	-0.00407806	0.0632061	0.997992	-0.0883985	1.36624	43.4029	
0.999991	0.000133958	0.00416109	0.000134729	0.997917	-0.0645038	-0.00416107	0.0645038	0.997909	-0.0920499	1.42284	44.2875	
0.999991	0.000139374	0.00424404	0.000140192	0.997833	-0.065801	-0.00424401	0.065801	0.997824	-0.0957749	1.48058	45.172	
0.999991	0.000144894	0.00432692	0.000145761	0.997746	-0.0670977	-0.0043269	0.0670977	0.997737	-0.0995734	1.53948	46.0564	
0.99999	0.000150517	0.00440974	0.000151435	0.997658	-0.0683937	-0.00440971	0.0683937	0.997649	-0.103445	1.59953	46.9407	
0.99999	0.000156243	0.00449248	0.000157215	0.997569	-0.069689	-0.00449245	0.069689	0.997559	-0.107391	1.66073	47.8249	
0.99999	0.000162073	0.00457515	0.000163099	0.997477	-0.0709837	-0.00457512	0.0709837	0.997467	-0.111409	1.72307	48.7091	
0.999989	0.000168004	0.00465774	0.000169088	0.997385	-0.0722775	-0.0046577	0.0722775	0.997374	-0.115501	1.78656	49.5932	
0.999989	0.000174037	0.00474025	0.00017518	0.99729	-0.0735706	-0.00474021	0.0735706	0.997279	-0.119666	1.8512	50.4771	
0.999988	0.000180171	0.00482268	0.000181375	0.997194	-0.0748628	-0.00482264	0.0748628	0.997182	-0.123904	1.91698	51.3611	
0.999988	0.000186407	0.00490502	0.000187674	0.997096	-0.076154	-0.00490497	0.076154	0.997084	-0.128215	1.98391	52.2449	
0.99997	0.000403269	0.00775221	0.000185031	0.997128	-0.0757379	-0.00776049	0.075737	0.997098	-0.133828	2.05122	53.1287	
0.999944	0.000619019	0.0106005	0.000181205	0.997159	-0.0753227	-0.010617	0.0753204	0.997103	-0.141973	2.11817	54.0125	
0.999909	0.000833651	0.0134497	0.000176202	0.99719	-0.0749086	-0.0134743	0.0749041	0.9971	-0.15265	2.18475	54.8963	
0.999867	0.00104716	0.0162998	0.000170025	0.997221	-0.0744953	-0.0163325	0.0744881	0.997088	-0.165859	2.25095	55.78	
0.999816	0.00125955	0.0191506	0.000162677	0.997252	-0.0740828	-0.0191913	0.0740723	0.997068	-0.181603	2.31679	56.6638	
0.999757	0.0014708	0.0220022	0.000154162	0.997283	-0.0736711	-0.0220508	0.0736566	0.99704	-0.199881	2.38226	57.5476	
0.99969	0.00168092	0.0248544	0.000144481	0.997313	-0.07326	-0.0249108	0.0732409	0.997003	-0.220693	2.44737	58.4313	
0.999614	0.00188989	0.0277071	0.000133635	0.997343	-0.0728495	-0.0277712	0.0728251	0.996958	-0.244041	2.5121	59.315	
0.999531	0.00209772	0.0305603	0.000121625	0.997373	-0.0724395	-0.030632	0.0724092	0.996905	-0.269924	2.57647	60.1986	
0.999439	0.00230439	0.0334138	0.000108451	0.997402	-0.0720299	-0.033493	0.0719931	0.996843	-0.298343	2.64046	61.0822	
0.999339	0.00250991	0.0362676	9.41118e-05	0.997432	-0.0716206	-0.0363543	0.0715767	0.996772	-0.329298	2.70409	61.9658	
0.999231	0.00271426	0.0391216	7.86068e-05	0.997461	-0.0712116	-0.0392156	0.0711599	0.996694	-0.36279	2.76735	62.8492	
0.999114	0.00291744	0.0419757	6.19336e-05	0.99749	-0.0708028	-0.0420769	0.0707427	0.996607	-0.398817	2.83024	63.7326	
0.99899	0.00311944	0.0448298	4.40895e-05	0.997519	-0.0703941	-0.0449381	0.0703249	0.996511	-0.43738	2.89276	64.6159	
0.998857	0.00332027	0.0476838	2.50709e-05	0.997548	-0.0699854	-0.0477992	0.0699066	0.996408	-0.47848	2.9549	65.4992	
0.998716	0.0035199	0.0505376	4.87378e-06	0.997577	-0.0695766	-0.05066	0.0694875	0.996296	-0.522115	3.01668	66.3823	
0.998567	0.00371834	0.0533912	-1.65066e-05	0.997605	-0.0691677	-0.0535205	0.0690677	0.996175	-0.568286	3.07809	67.2653	
0.998409	0.00391557	0.0562445	-3.90756e-05	0.997633	-0.0687586	-0.0563806	0.068647	0.996047	-0.616993	3.13912	68.1482	
0.998244	0.0041116	0.0590973	-6.28394e-05	0.997661	-0.0683492	-0.0592401	0.0682254	0.99591	-0.668234	3.19978	69.031	
0.99807	0.00430641	0.0619496	-8.78047e-05	0.997689	-0.0679394	-0.0620991	0.0678028	0.995764	-0.722009	3.26006	69.9137	
0.997888	0.00449999	0.0648014	-0.000113979	0.997717	-0.0675292	-0.0649573	0.0673792	0.995611	-0.778318	3.31997	70.7962	
0.997698	0.00469235	0.0676524	-0.00014137	0.997745	-0.0671184	-0.0678148	0.0669543	0.995449	-0.83716	3.37951	71.6786	
0.996235	0.00585055	0.086496	-0.00103046	0.998449	-0.055666	-0.0866875	0.0553673	0.994696	-0.905636	3.43372	72.5607	
0.994415	0.00678906	0.105321	-0.00213652	0.999019	-0.0442251	-0.105518	0.0437531	0.993454	-0.990821	3.47765	73.4418	
0.992239	0.00750744	0.124117	-0.00345899	0.999456	-0.0328013	-0.124296	0.0321174	0.991725	-1.09267	3.51128	74.3217	
0.989708	0.00800532	0.142877	-0.00499723	0.999759	-0.0214002	-0.143013	0.020466	0.989509	-1.21115	3.53458	75.1997	
0.986823	0.00828247	0.161589	-0.00675049	0.999927	-0.0100274	-0.16166	0.00880446	0.986807	-1.34618	3.54755	76.0756	
0.983586	0.00833874	0.180246	-0.00871791	0.999961	0.00131153	-0.180228	-0.00286137	0.983621	-1.4977	3.55019	76.9489	
0.979998	0.00817411	0.198838	-0.0108985	0.999861	0.012611	-0.198707	-0.0145258	0.979951	-1.66565	3.54248	77.8192	
0.976061	0.00778866	0.217356	-0.0132912	0.999627	0.0238655	-0.217089	-0.0261831	0.975801	-1.84993	3.52444	78.686	
0.971777	0.00718258	0.235791	-0.0158949	0.999258	0.0350694	-0.235364	-0.0378275	0.971171	-2.05045	3.49607	79.5489	
0.967148	0.00635616	0.254133	-0.0187082	0.998756	0.0462173	-0.253524	-0.0494534	0.966064	-2.26713	3.45739	80.4075	
0.962177	0.00530982	0.272375	-0.0217298	0.99812	0.0573037	-0.271559	-0.0610549	0.960483	-2.49985	3.40841	81.2613	
0.956865	0.00404406	0.290506	-0.0249582	0.997351	0.0683232	-0.28946	-0.0726265	0.954431	-2.74849	3.34916	82.11	
0.951215	0.00255952	0.308518	-0.0283919	0.996449	0.0792703	-0.30722	-0.0841625	0.94791	-3.01294	3.27967	82.9531	
0.94523	0.000856903	0.326403	-0.032029	0.995414	0.0901397	-0.324829	-0.0956571	0.940923	-3.29306	3.19998	83.7902	
0.938914	-0.00106294	0.34415	-0.0358679	0.994247	0.100926	-0.342278	-0.107105	0.933474	-3.58872	3.11011	84.621	
0.932269	-0.00319906	0.361753	-0.0399067	0.992949	0.111624	-0.359559	-0.1185	0.925567	-3.89978	3.01013	85.4449	
0.925298	-0.00555043	0.379201	-0.0441433	0.99152	0.122228	-0.376664	-0.129837	0.917206	-4.22607	2.90006	86.2616	
0.918005	-0.00811587	0.396486	-0.0485757	0.989961	0.132734	-0.393583	-0.14111	0.908394	-4.56744	2.77998	87.0707	
