1	0	0	0	1	0	0	0	1	0	0	0	
0.999997	4.94363e-07	0.00234842	4.94363e-07	1	-0.000421018	-0.00234842	0.000421018	0.999997	-0.000999264	0.000179145	0.851009	
0.999989	1.98378e-06	0.00470442	1.98365e-06	1	-0.000843338	-0.00470442	0.000843338	0.999989	-0.00400028	0.000717135	1.70201	
0.999975	4.47765e-06	0.00706791	4.47711e-06	0.999999	-0.00126694	-0.00706791	0.00126694	0.999974	-0.00900947	0.00161507	2.55301	
0.999955	7.98525e-06	0.00943882	7.9839e-06	0.999999	-0.00169182	-0.00943882	0.00169182	0.999954	-0.0160332	0.00287404	3.40399	
0.99993	1.25158e-05	0.0118171	1.25131e-05	0.999998	-0.00211795	-0.0118171	0.00211795	0.999928	-0.0250777	0.00449512	4.25495	
0.999899	1.80783e-05	0.0142025	1.80736e-05	0.999997	-0.00254532	-0.0142025	0.00254532	0.999896	-0.0361491	0.00647937	5.10588	
0.999862	2.46819e-05	0.0165952	2.46742e-05	0.999996	-0.00297392	-0.0165952	0.00297392	0.999858	-0.0492537	0.00882784	5.95679	
0.99982	3.23354e-05	0.0189949	3.23238e-05	0.999994	-0.00340372	-0.0189949	0.00340372	0.999814	-0.0643974	0.0115416	6.80766	
0.999771	4.10475e-05	0.0214015	4.1031e-05	0.999993	-0.00383472	-0.0214015	0.00383472	0.999764	-0.0815863	0.0146215	7.65849	
0.999716	5.0827e-05	0.0238151	5.08042e-05	0.999991	-0.00426689	-0.0238151	0.00426689	0.999707	-0.100826	0.0180688	8.50928	
0.999656	6.16824e-05	0.0262355	6.1652e-05	0.999989	-0.00470022	-0.0262355	0.00470022	0.999645	-0.122123	0.0218844	9.36001	
0.999589	7.36223e-05	0.0286626	7.35826e-05	0.999987	-0.00513469	-0.0286626	0.00513469	0.999576	-0.145482	0.0260692	10.2107	
0.999516	8.66548e-05	0.0310963	8.66042e-05	0.999984	-0.0055703	-0.0310963	0.0055703	0.999501	-0.17091	0.0306242	11.0613	
0.999437	0.000100788	0.0335366	0.000100725	0.999982	-0.00600701	-0.0335366	0.00600701	0.999419	-0.198412	0.0355504	11.9119	
0.999352	0.000116031	0.0359834	0.000115953	0.999979	-0.00644483	-0.0359834	0.00644483	0.999332	-0.227993	0.0408487	12.7623	
0.999261	0.000132391	0.0384365	0.000132296	0.999976	-0.00688372	-0.0384365	0.00688372	0.999237	-0.259659	0.0465201	13.6127	
0.999163	0.000149876	0.0408959	0.000149761	0.999973	-0.00732368	-0.0408959	0.00732368	0.999137	-0.293415	0.0525654	14.4631	
0.999059	0.000168494	0.0433615	0.000168358	0.99997	-0.00776469	-0.0433615	0.00776468	0.999029	-0.329267	0.0589856	15.3133	
0.998949	0.000188253	0.0458332	0.000188092	0.999966	-0.00820673	-0.0458332	0.00820672	0.998915	-0.36722	0.0657815	16.1634	
0.998832	0.00020916	0.0483109	0.000208971	0.999963	-0.00864978	-0.0483109	0.00864978	0.998795	-0.407279	0.0729541	17.0135	
0.998709	0.000231222	0.0507946	0.000231003	0.999959	-0.00909384	-0.0507946	0.00909383	0.998668	-0.449449	0.0805041	17.8634	
0.998579	0.000254448	0.0532841	0.000254195	0.999954	-0.00953888	-0.0532841	0.00953887	0.998534	-0.493735	0.0884324	18.7132	
0.998443	0.000278844	0.0557793	0.000278554	0.99995	-0.00998489	-0.0557793	0.00998488	0.998393	-0.540142	0.0967398	19.5629	
0.9983	0.000304417	0.0582803	0.000304087	0.999946	-0.0104318	-0.0582803	0.0104318	0.998246	-0.588675	0.105427	20.4125	
0.998151	0.000331175	0.0607868	0.000330801	0.999941	-0.0108797	-0.0607868	0.0108797	0.998091	-0.639338	0.114495	21.2619	
0.997995	0.000359124	0.0632987	0.000358702	0.999936	-0.0113286	-0.0632987	0.0113285	0.99793	-0.692137	0.123945	22.1113	
0.997832	0.000388271	0.0658161	0.000387797	0.999931	-0.0117783	-0.0658161	0.0117783	0.997762	-0.747077	0.133777	22.9604	
0.997662	0.000418623	0.0683388	0.000418093	0.999925	-0.0122289	-0.0683388	0.0122289	0.997587	-0.80416	0.143992	23.8095	
0.997486	0.000450186	0.0708667	0.000449596	0.999919	-0.0126804	-0.0708667	0.0126803	0.997405	-0.863393	0.154591	24.6584	
0.997302	0.000482967	0.0733998	0.000482312	0.999914	-0.0131327	-0.0733998	0.0131327	0.997216	-0.924779	0.165575	25.5071	
0.997112	0.000516972	0.0759379	0.000516248	0.999908	-0.0135859	-0.0759379	0.0135858	0.99702	-0.988323	0.176944	26.3556	
0.996915	0.000552207	0.0784809	0.000551409	0.999901	-0.0140399	-0.0784809	0.0140398	0.996817	-1.05403	0.188699	27.204	
0.996712	0.000588678	0.0810288	0.000587801	0.999895	-0.0144947	-0.0810288	0.0144946	0.996606	-1.1219	0.20084	28.0522	
0.996501	0.000626392	0.0835815	0.00062543	0.999888	-0.0149502	-0.0835815	0.0149502	0.996389	-1.19194	0.213369	28.9003	
0.996283	0.000665353	0.0861388	0.000664301	0.999881	-0.0154066	-0.0861388	0.0154066	0.996164	-1.26416	0.226286	29.7481	
0.996058	0.000705568	0.0887008	0.000704421	0.999874	-0.0158637	-0.0887008	0.0158637	0.995932	-1.33856	0.239592	30.5958	
0.995826	0.000747043	0.0912672	0.000745794	0.999867	-0.0163216	-0.0912672	0.0163215	0.995693	-1.41513	0.253287	31.4432	
0.995587	0.000789782	0.0938381	0.000788426	0.999859	-0.0167802	-0.0938381	0.0167801	0.995446	-1.4939	0.267372	32.2904	
0.995341	0.000833791	0.0964132	0.000832322	0.999851	-0.0172395	-0.0964132	0.0172394	0.995192	-1.57485	0.281847	33.1375	
0.995088	0.000879075	0.0989926	0.000877487	0.999843	-0.0176994	-0.0989926	0.0176994	0.994931	-1.658	0.296714	33.9843	
0.994827	0.000925639	0.101576	0.000923925	0.999835	-0.0181601	-0.101576	0.01816	0.994662	-1.74334	0.311972	34.8309	
0.99456	0.000973489	0.104164	0.000971642	0.999826	-0.0186214	-0.104164	0.0186213	0.994386	-1.83088	0.327623	35.6772	
0.994285	0.00102263	0.106755	0.00102064	0.999817	-0.0190834	-0.106755	0.0190833	0.994102	-1.92063	0.343666	36.5233	
0.994003	0.00107306	0.109351	0.00107093	0.999808	-0.019546	-0.109351	0.0195458	0.993811	-2.01258	0.360103	37.3692	
0.993713	0.0011248	0.11195	0.00112251	0.999799	-0.0200092	-0.11195	0.020009	0.993512	-2.10675	0.376934	38.2148	
0.993416	0.00117783	0.114553	0.00117539	0.99979	-0.0204729	-0.114553	0.0204728	0.993206	-2.20313	0.394159	39.0602	
0.993112	0.00123218	0.117159	0.00122956	0.99978	-0.0209373	-0.117159	0.0209372	0.992892	-2.30172	0.411779	39.9053	
0.992801	0.00128784	0.119769	0.00128504	0.99977	-0.0214022	-0.119769	0.0214021	0.992571	-2.40254	0.429795	40.7501	
0.992482	0.00134481	0.122383	0.00134183	0.99976	-0.0218677	-0.122383	0.0218675	0.992242	-2.50557	0.448206	41.5946	
0.992156	0.0014031	0.124999	0.00139993	0.99975	-0.0223337	-0.124999	0.0223335	0.991905	-2.61084	0.467014	42.4389	
0.991822	0.00146272	0.127619	0.00145935	0.999739	-0.0228002	-0.127619	0.0228	0.991561	-2.71833	0.486219	43.2829	
0.991481	0.00152366	0.130243	0.00152009	0.999728	-0.0232672	-0.130243	0.023267	0.991209	-2.82805	0.50582	44.1266	
0.991132	0.00158594	0.132869	0.00158214	0.999717	-0.0237347	-0.132869	0.0237345	0.990849	-2.94	0.52582	44.9699	
0.990776	0.00164955	0.135498	0.00164553	0.999706	-0.0242027	-0.135498	0.0242024	0.990482	-3.05419	0.546217	45.813	
0.990413	0.0017145	0.13813	0.00171024	0.999694	-0.0246711	-0.13813	0.0246708	0.990107	-3.17062	0.567013	46.6557	
0.990041	0.00178078	0.140765	0.00177628	0.999682	-0.0251399	-0.140765	0.0251396	0.989724	-3.2893	0.588208	47.4982	
0.989663	0.00184842	0.143402	0.00184366	0.99967	-0.0256092	-0.143402	0.0256088	0.989333	-3.41021	0.609801	48.3403	
0.988816	0.0019987	0.149125	0.00195106	0.999651	-0.0263353	-0.149125	0.0263318	0.988468	-3.53468	0.631902	49.1818	
0.987936	0.00215327	0.154846	0.00206283	0.999632	-0.0270619	-0.154847	0.0270549	0.987568	-3.66402	0.654619	50.0227	
0.987023	0.00231211	0.160565	0.00217898	0.999611	-0.0277889	-0.160566	0.0277781	0.986634	-3.79823	0.677951	50.8627	
0.986075	0.00247523	0.166281	0.0022995	0.999591	-0.0285161	-0.166284	0.0285014	0.985666	-3.93731	0.701898	51.7019	
0.985094	0.00264263	0.171995	0.0024244	0.999569	-0.0292436	-0.171998	0.0292247	0.984664	-4.08125	0.726461	52.5403	
0.98408	0.00281431	0.177706	0.00255367	0.999547	-0.0299712	-0.177709	0.0299479	0.983627	-4.23005	0.751639	53.3778	
0.983031	0.00299027	0.183413	0.00268733	0.999525	-0.0306989	-0.183417	0.0306709	0.982557	-4.38372	0.777433	54.2144	
0.98195	0.0031705	0.189116	0.00282537	0.999502	-0.0314267	-0.189122	0.0313937	0.981452	-4.54223	0.803842	55.0501	
0.980834	0.00335501	0.194816	0.00296779	0.999479	-0.0321544	-0.194822	0.0321163	0.980313	-4.7056	0.830865	55.8849	
0.979685	0.00354379	0.20051	0.00311458	0.999454	-0.0328819	-0.200518	0.0328384	0.97914	-4.87382	0.858504	56.7187	
0.978503	0.00373684	0.2062	0.00326574	0.99943	-0.0336093	-0.206208	0.0335602	0.977932	-5.04689	0.886757	57.5514	
0.977287	0.00393416	0.211885	0.00342127	0.999404	-0.0343364	-0.211894	0.0342814	0.976691	-5.22479	0.915624	58.3831	
0.976037	0.00413573	0.217565	0.00358116	0.999379	-0.0350631	-0.217575	0.0350021	0.975416	-5.40754	0.945105	59.2137	
0.974754	0.00434155	0.223238	0.00374541	0.999352	-0.0357895	-0.223249	0.0357221	0.974107	-5.59511	0.975198	60.0433	
0.973438	0.00455163	0.228906	0.003914	0.999325	-0.0365154	-0.228918	0.0364414	0.972763	-5.78751	1.0059	60.8717	
0.972088	0.00476594	0.234567	0.00408693	0.999298	-0.0372407	-0.23458	0.0371599	0.971386	-5.98473	1.03722	61.6989	
0.970705	0.00498448	0.240221	0.00426418	0.99927	-0.0379655	-0.240235	0.0378776	0.969975	-6.18677	1.06915	62.525	
0.969289	0.00520725	0.245868	0.00444576	0.999241	-0.0386896	-0.245883	0.0385944	0.968531	-6.39361	1.10169	63.3498	
0.96784	0.00543424	0.251508	0.00463164	0.999212	-0.0394129	-0.251524	0.0393103	0.967053	-6.60526	1.13484	64.1734	
0.966358	0.00566542	0.257139	0.00482181	0.999183	-0.0401354	-0.257156	0.040025	0.965541	-6.82171	1.1686	64.9958	
0.964842	0.0059008	0.262763	0.00501626	0.999152	-0.040857	-0.262781	0.0407387	0.963995	-7.04295	1.20296	65.8168	
0.963294	0.00614037	0.268378	0.00521498	0.999122	-0.0415777	-0.268397	0.0414512	0.962416	-7.26897	1.23793	66.6365	
0.961713	0.0063841	0.273984	0.00541795	0.99909	-0.0422974	-0.274005	0.0421624	0.960804	-7.49976	1.27351	67.4548	
0.960099	0.00663199	0.279581	0.00562515	0.999059	-0.043016	-0.279603	0.0428723	0.959158	-7.73532	1.3097	68.2718	
0.958453	0.00688403	0.285169	0.00583657	0.999026	-0.0437334	-0.285192	0.0435808	0.957479	-7.97565	1.34648	69.0873	
0.956774	0.0071402	0.290746	0.00605218	0.998993	-0.0444497	-0.290771	0.0442879	0.955767	-8.22072	1.38387	69.9014	
0.955062	0.00740048	0.296314	0.00627197	0.99896	-0.0451646	-0.29634	0.0449935	0.954022	-8.47054	1.42186	70.7141	
0.948566	0.0083717	0.316468	0.0068273	0.998877	-0.0468876	-0.316505	0.0466366	0.947444	-8.73132	1.46085	71.5232	
0.941644	0.00937753	0.336479	0.00741904	0.998791	-0.0485983	-0.336528	0.0482586	0.940436	-9.0092	1.50123	72.3265	
0.9343	0.0104175	0.356336	0.00804692	0.998702	-0.0502959	-0.356397	0.0498588	0.933003	-9.30406	1.54298	73.1237	
0.926536	0.0114912	0.376031	0.00871067	0.99861	-0.0519796	-0.376106	0.0514365	0.925148	-9.61575	1.58609	73.9144	
0.918356	0.012598	0.395555	0.00940998	0.998516	-0.0536487	-0.395644	0.0529908	0.916874	-9.94415	1.63052	74.6982	
0.909763	0.0137376	0.4149	0.0101445	0.998418	-0.0553025	-0.415003	0.0545212	0.908185	-10.2891	1.67627	75.4748	
0.900763	0.0149093	0.434056	0.010914	0.998318	-0.0569401	-0.434175	0.0560268	0.899085	-10.6504	1.72331	76.2438	
0.891358	0.0161127	0.453015	0.0117181	0.998215	-0.0585609	-0.453149	0.0575072	0.889578	-11.028	1.77162	77.0049	
0.881552	0.0173472	0.471767	0.0125563	0.99811	-0.0601641	-0.471919	0.0589615	0.879668	-11.4216	1.82118	77.7578	
0.871352	0.0186123	0.490306	0.0134284	0.998001	-0.061749	-0.490475	0.0603891	0.86936	-11.8312	1.87197	78.502	
0.86076	0.0199073	0.508622	0.0143339	0.997891	-0.0633148	-0.508809	0.0617893	0.858659	-12.2564	1.92396	79.2373	
0.849782	0.0212317	0.526707	0.0152724	0.997777	-0.0648609	-0.526913	0.0631616	0.847569	-12.6971	1.97713	79.9634	
0.838423	0.0225849	0.544553	0.0162435	0.997662	-0.0663865	-0.544779	0.0645054	0.836095	-13.1531	2.03145	80.6798	
0.826687	0.0239662	0.562151	0.0172467	0.997544	-0.067891	-0.562397	0.0658199	0.824243	-13.6243	2.08691	81.3863	
0.814581	0.0253751	0.579494	0.0182817	0.997423	-0.0693737	-0.579762	0.0671046	0.812018	-14.1103	2.14347	82.0826	
