1	0	0	0	1	0	0	0	1	0	0	0	
0.999998	-3.9007e-06	-0.00216286	-3.9007e-06	0.999993	-0.00360698	0.00216286	0.00360698	0.999991	0.00112294	0.00187272	1.03838	
0.999991	-1.56214e-05	-0.00432823	-1.56217e-05	0.999974	-0.00721832	0.00432823	0.00721832	0.999965	0.00449307	0.00749313	2.07674	
0.999979	-3.51892e-05	-0.00649602	-3.51906e-05	0.999941	-0.0108339	0.00649602	0.0108339	0.99992	0.0101129	0.0168657	3.11507	
0.999962	-6.26303e-05	-0.00866613	-6.26339e-05	0.999896	-0.0144534	0.00866613	0.0144534	0.999858	0.017985	0.0299947	4.15334	
0.999941	-9.797e-05	-0.0108385	-9.79773e-05	0.999837	-0.0180769	0.0108385	0.0180769	0.999778	0.0281117	0.0468842	5.19154	
0.999915	-0.000141233	-0.0130129	-0.000141245	0.999764	-0.021704	0.0130129	0.021704	0.99968	0.0404951	0.0675381	6.22964	
0.999885	-0.000192441	-0.0151894	-0.000192462	0.999679	-0.0253347	0.0151894	0.0253347	0.999564	0.0551375	0.0919603	7.26763	
0.999849	-0.000251618	-0.0173678	-0.000251649	0.99958	-0.0289688	0.0173678	0.0289688	0.999429	0.072041	0.120154	8.30549	
0.999809	-0.000318785	-0.019548	-0.000318829	0.999468	-0.0326061	0.019548	0.0326061	0.999277	0.0912074	0.152124	9.34321	
0.999764	-0.000393962	-0.0217299	-0.000394023	0.999343	-0.0362465	0.0217299	0.0362465	0.999107	0.112639	0.187871	10.3808	
0.999714	-0.000477169	-0.0239135	-0.00047725	0.999204	-0.0398897	0.0239135	0.0398897	0.998918	0.136336	0.227401	11.4181	
0.999659	-0.000568424	-0.0260986	-0.000568529	0.999052	-0.0435356	0.0260986	0.0435356	0.998711	0.162302	0.270714	12.4553	
0.9996	-0.000667744	-0.0282852	-0.000667878	0.998886	-0.0471841	0.0282852	0.0471841	0.998486	0.190538	0.317816	13.4922	
0.999535	-0.000775146	-0.030473	-0.000775314	0.998707	-0.050835	0.030473	0.0508351	0.998242	0.221045	0.368706	14.5289	
0.999466	-0.000890646	-0.0326621	-0.000890853	0.998514	-0.0544882	0.0326621	0.0544882	0.99798	0.253824	0.423389	15.5653	
0.999392	-0.00101426	-0.0348524	-0.00101451	0.998308	-0.0581434	0.0348523	0.0581434	0.9977	0.288877	0.481867	16.6015	
0.999313	-0.00114599	-0.0370436	-0.0011463	0.998088	-0.0618005	0.0370436	0.0618005	0.997401	0.326205	0.544141	17.6373	
0.999229	-0.00128587	-0.0392358	-0.00128623	0.997854	-0.0654593	0.0392358	0.0654593	0.997084	0.365809	0.610213	18.6728	
0.99914	-0.0014339	-0.0414289	-0.00143432	0.997607	-0.0691197	0.0414289	0.0691197	0.996748	0.407689	0.680086	19.708	
0.999047	-0.00159008	-0.0436227	-0.00159058	0.997347	-0.0727815	0.0436226	0.0727815	0.996393	0.451847	0.75376	20.7428	
0.998948	-0.00175444	-0.0458171	-0.00175501	0.997072	-0.0764445	0.0458171	0.0764446	0.996021	0.498284	0.831237	21.7773	
0.998845	-0.00192697	-0.048012	-0.00192763	0.996784	-0.0801087	0.048012	0.0801087	0.995629	0.546999	0.912518	22.8113	
0.998737	-0.00210769	-0.0502075	-0.00210845	0.996483	-0.0837737	0.0502074	0.0837737	0.995219	0.597994	0.997605	23.845	
0.998623	-0.00229661	-0.0524032	-0.00229747	0.996167	-0.0874395	0.0524032	0.0874395	0.994791	0.651269	1.0865	24.8782	
0.998505	-0.00249372	-0.0545992	-0.00249469	0.995838	-0.0911059	0.0545992	0.0911059	0.994343	0.706823	1.1792	25.9109	
0.998382	-0.00269904	-0.0567954	-0.00270014	0.995495	-0.0947727	0.0567953	0.0947727	0.993877	0.764659	1.2757	26.9432	
0.998254	-0.00291257	-0.0589916	-0.00291379	0.995139	-0.0984397	0.0589915	0.0984398	0.993393	0.824774	1.37602	27.9749	
0.998121	-0.00313431	-0.0611878	-0.00313567	0.994768	-0.102107	0.0611877	0.102107	0.99289	0.88717	1.48014	29.0062	
0.997984	-0.00336426	-0.0633838	-0.00336578	0.994384	-0.105774	0.0633837	0.105774	0.992368	0.951847	1.58807	30.0369	
0.997841	-0.00360242	-0.0655796	-0.00360411	0.993987	-0.109441	0.0655795	0.109441	0.991828	1.0188	1.69981	31.0671	
0.997693	-0.0038488	-0.067775	-0.00385066	0.993575	-0.113107	0.0677749	0.113107	0.991269	1.08804	1.81535	32.0967	
0.997541	-0.00410339	-0.06997	-0.00410544	0.99315	-0.116773	0.0699699	0.116773	0.990691	1.15956	1.93471	33.1257	
0.997383	-0.0043662	-0.0721645	-0.00436844	0.992711	-0.120438	0.0721644	0.120439	0.990094	1.23335	2.05787	34.1542	
0.997221	-0.00463721	-0.0743584	-0.00463966	0.992259	-0.124103	0.0743582	0.124103	0.989479	1.30943	2.18483	35.1819	
0.997054	-0.00491643	-0.0765515	-0.00491911	0.991792	-0.127766	0.0765513	0.127766	0.988846	1.38778	2.3156	36.2091	
0.996881	-0.00520384	-0.0787438	-0.00520676	0.991312	-0.131428	0.0787436	0.131428	0.988193	1.4684	2.45017	37.2355	
0.996704	-0.00549945	-0.0809352	-0.00550262	0.990818	-0.135089	0.080935	0.135089	0.987522	1.55131	2.58854	38.2613	
0.996522	-0.00580325	-0.0831256	-0.00580668	0.990311	-0.138748	0.0831253	0.138748	0.986833	1.63649	2.73072	39.2864	
0.996335	-0.00611523	-0.0853148	-0.00611894	0.989789	-0.142406	0.0853146	0.142406	0.986125	1.72394	2.87669	40.3107	
0.996143	-0.00643538	-0.0875029	-0.00643938	0.989255	-0.146061	0.0875026	0.146061	0.985398	1.81367	3.02646	41.3343	
0.995947	-0.00676369	-0.0896896	-0.006768	0.988706	-0.149715	0.0896893	0.149715	0.984653	1.90566	3.18003	42.3572	
0.995745	-0.00710015	-0.091875	-0.00710479	0.988144	-0.153366	0.0918746	0.153367	0.983889	1.99993	3.33738	43.3792	
0.995539	-0.00744475	-0.0940588	-0.00744973	0.987568	-0.157016	0.0940584	0.157016	0.983107	2.09646	3.49853	44.4005	
0.995328	-0.00779748	-0.0962411	-0.00780282	0.986979	-0.160662	0.0962407	0.160662	0.982306	2.19527	3.66347	45.4209	
0.995111	-0.00815833	-0.0984217	-0.00816404	0.986376	-0.164306	0.0984212	0.164307	0.981487	2.29633	3.83219	46.4405	
0.99489	-0.00852727	-0.1006	-0.00853337	0.985759	-0.167947	0.1006	0.167948	0.980649	2.39966	4.00469	47.4592	
0.994665	-0.0089043	-0.102777	-0.0089108	0.985129	-0.171586	0.102777	0.171586	0.979793	2.50525	4.18098	48.4771	
0.994434	-0.00928939	-0.104952	-0.00929633	0.984485	-0.175221	0.104952	0.175221	0.978919	2.61311	4.36104	49.494	
0.994198	-0.00968254	-0.107125	-0.00968992	0.983828	-0.178853	0.107125	0.178853	0.978027	2.72321	4.54487	50.51	
0.993958	-0.0100837	-0.109296	-0.0100916	0.983158	-0.182481	0.109295	0.182482	0.977116	2.83558	4.73247	51.5251	
0.993713	-0.0104929	-0.111465	-0.0105012	0.982474	-0.186106	0.111464	0.186107	0.976187	2.95019	4.92384	52.5393	
0.993463	-0.0109101	-0.113631	-0.0109189	0.981776	-0.189727	0.11363	0.189728	0.975239	3.06706	5.11897	53.5524	
0.993209	-0.0113353	-0.115794	-0.0113446	0.981065	-0.193344	0.115793	0.193345	0.974274	3.18618	5.31786	54.5646	
0.992949	-0.0117684	-0.117956	-0.0117783	0.980341	-0.196958	0.117955	0.196958	0.97329	3.30754	5.5205	55.5758	
0.992685	-0.0122094	-0.120114	-0.0122199	0.979604	-0.200566	0.120113	0.200567	0.972289	3.43114	5.72689	56.5859	
0.992416	-0.0126584	-0.12227	-0.0126694	0.978853	-0.204171	0.122269	0.204172	0.971269	3.55698	5.93703	57.595	
0.992143	-0.0131152	-0.124423	-0.0131268	0.978089	-0.207771	0.124422	0.207772	0.970232	3.68506	6.15091	58.603	
0.991864	-0.0135799	-0.126573	-0.0135921	0.977312	-0.211366	0.126572	0.211367	0.969177	3.81538	6.36852	59.6099	
0.991581	-0.0140524	-0.12872	-0.0140653	0.976522	-0.214957	0.128719	0.214958	0.968104	3.94792	6.58987	60.6157	
0.991294	-0.0145327	-0.130864	-0.0145462	0.975719	-0.218542	0.130863	0.218543	0.967013	4.08269	6.81494	61.6204	
0.991001	-0.0150208	-0.133005	-0.015035	0.974903	-0.222123	0.133004	0.222124	0.965904	4.21969	7.04373	62.624	
0.990705	-0.0155166	-0.135143	-0.0155315	0.974073	-0.225698	0.135141	0.225699	0.964778	4.35891	7.27624	63.6264	
0.990403	-0.0160202	-0.137277	-0.0160358	0.973231	-0.229268	0.137275	0.229269	0.963634	4.50035	7.51245	64.6276	
0.990097	-0.0165314	-0.139408	-0.0165478	0.972376	-0.232832	0.139406	0.232833	0.962473	4.644	7.75237	65.6276	
0.989786	-0.0170503	-0.141535	-0.0170674	0.971508	-0.23639	0.141533	0.236391	0.961295	4.78986	7.99599	66.6264	
0.989234	-0.0179742	-0.145235	-0.0180917	0.969795	-0.24325	0.14522	0.243258	0.959029	4.93874	8.24502	67.6235	
0.988668	-0.0189244	-0.148924	-0.019142	0.968033	-0.250091	0.148896	0.250107	0.956701	5.09145	8.50118	68.6181	
0.988087	-0.0199006	-0.152603	-0.0202183	0.966223	-0.256913	0.152561	0.256938	0.95431	5.24796	8.76443	69.6103	
0.987493	-0.0209027	-0.156272	-0.0213203	0.964365	-0.263716	0.156215	0.26375	0.951858	5.40828	9.03477	70.6	
0.98569	-0.0239728	-0.166857	-0.0251041	0.957922	-0.285927	0.16669	0.286024	0.943612	5.57594	9.32022	71.5841	
0.98377	-0.0272906	-0.177346	-0.029132	0.95096	-0.307938	0.177053	0.308106	0.934731	5.75441	9.62871	72.5594	
0.981735	-0.0308539	-0.187733	-0.0334014	0.943483	-0.329732	0.187296	0.32998	0.925221	5.94359	9.96002	73.5251	
0.979587	-0.0346603	-0.19801	-0.0379094	0.935496	-0.351297	0.197413	0.351632	0.915086	6.14334	10.3139	74.4807	
0.977326	-0.0387072	-0.20817	-0.0426529	0.927005	-0.372617	0.207397	0.373047	0.904335	6.35353	10.6902	75.4253	
0.974955	-0.0429918	-0.218207	-0.0476288	0.918014	-0.393677	0.217242	0.394211	0.892975	6.57401	11.0886	76.3585	
0.972475	-0.0475113	-0.228113	-0.0528337	0.90853	-0.414465	0.22694	0.415109	0.881013	6.80464	11.5088	77.2796	
0.969887	-0.0522627	-0.237883	-0.0582641	0.89856	-0.434965	0.236485	0.435727	0.868457	7.04526	11.9506	78.188	
0.967193	-0.0572427	-0.247509	-0.0639162	0.888111	-0.455164	0.24587	0.456051	0.855316	7.29571	12.4136	79.083	
0.964396	-0.062448	-0.256985	-0.0697864	0.877188	-0.475048	0.25509	0.476068	0.841598	7.55582	12.8976	79.9641	
0.961496	-0.067875	-0.266305	-0.0758707	0.8658	-0.494604	0.264138	0.495765	0.827314	7.82541	13.4022	80.8306	
0.958496	-0.0735202	-0.275462	-0.0821649	0.853955	-0.513819	0.273008	0.515127	0.812472	8.10431	13.927	81.682	
0.955399	-0.0793797	-0.28445	-0.0886649	0.84166	-0.53268	0.281694	0.534142	0.797082	8.39232	14.4718	82.5177	
0.952205	-0.0854495	-0.293264	-0.0953662	0.828923	-0.551173	0.290191	0.552798	0.781156	8.68926	15.0362	83.3372	
0.948918	-0.0917256	-0.301896	-0.102264	0.815753	-0.569288	0.298491	0.57108	0.764703	8.99491	15.6197	84.1398	
0.945539	-0.0982038	-0.310342	-0.109355	0.80216	-0.58701	0.306591	0.588978	0.747734	9.30908	16.2221	84.9251	
0.94207	-0.10488	-0.318596	-0.116632	0.788152	-0.604329	0.314484	0.606479	0.730262	9.63156	16.8428	85.6925	
0.938515	-0.111749	-0.326652	-0.124092	0.773738	-0.621233	0.322165	0.623572	0.712298	9.96212	17.4814	86.4415	
0.934875	-0.118806	-0.334504	-0.13173	0.758929	-0.63771	0.329629	0.640244	0.693854	10.3005	18.1376	87.1716	
0.931153	-0.126048	-0.342148	-0.13954	0.743734	-0.653749	0.336871	0.656484	0.674942	10.6466	18.8109	87.8824	
0.927352	-0.133468	-0.349578	-0.147517	0.728164	-0.66934	0.343886	0.672283	0.655575	11.0001	19.5009	88.5732	
0.923473	-0.141062	-0.35679	-0.155656	0.712228	-0.684472	0.350669	0.687628	0.635767	11.3607	20.207	89.2437	
0.91952	-0.148825	-0.363777	-0.163951	0.695939	-0.699135	0.357216	0.70251	0.61553	11.7282	20.9287	89.8934	
0.915495	-0.156752	-0.370537	-0.172396	0.679306	-0.713318	0.363522	0.716918	0.594878	12.1025	21.6657	90.5218	
0.911401	-0.164837	-0.377063	-0.180987	0.662341	-0.727013	0.369583	0.730844	0.573826	12.4831	22.4174	91.1287	
0.907241	-0.173074	-0.383352	-0.189716	0.645056	-0.74021	0.375395	0.744277	0.552386	12.8699	23.1834	91.7134	
0.903017	-0.181459	-0.3894	-0.198579	0.627462	-0.7529	0.380954	0.757208	0.530575	13.2626	23.963	92.2757	
0.898733	-0.189985	-0.395202	-0.207569	0.60957	-0.765074	0.386256	0.769629	0.508406	13.661	24.7557	92.8152	
0.894391	-0.198648	-0.400754	-0.216681	0.591394	-0.776726	0.391298	0.781532	0.485894	14.0647	25.5611	93.3314	
0.889994	-0.20744	-0.406054	-0.225907	0.572945	-0.787845	0.396077	0.792908	0.463055	14.4735	26.3786	93.8241	
