1	0	0	0	1	0	0	0	1	0	0	0	
1	1.5968e-06	-0.000657142	1.5968e-06	0.999988	0.00485979	0.000657142	-0.00485979	0.999988	0.000321436	-0.00237713	0.978279	
0.999999	6.38399e-06	-0.00131359	6.39083e-06	0.999953	0.00972487	0.00131359	-0.00972487	0.999952	0.00128541	-0.0095111	1.95653	
0.999998	1.43583e-05	-0.00196932	1.43857e-05	0.999893	0.0145951	0.00196932	-0.0145951	0.999892	0.00289122	-0.021407	2.93474	
0.999997	2.5516e-05	-0.00262431	2.55846e-05	0.99981	0.0194701	0.00262431	-0.0194701	0.999807	0.00513816	-0.0380697	3.91288	
0.999995	3.98533e-05	-0.00327851	3.99905e-05	0.999703	0.02435	0.00327851	-0.02435	0.999698	0.00802548	-0.059504	4.89092	
0.999992	5.73658e-05	-0.00393192	5.76062e-05	0.999573	0.0292343	0.00393191	-0.0292343	0.999565	0.0115524	-0.0857144	5.86885	
0.999989	7.80491e-05	-0.00458449	7.8434e-05	0.999418	0.0341231	0.00458448	-0.0341231	0.999407	0.0157181	-0.116705	6.84663	
0.999986	0.000101898	-0.0052362	0.000102476	0.999239	0.0390159	0.00523619	-0.0390159	0.999225	0.0205218	-0.152481	7.82424	
0.999983	0.000128908	-0.00588703	0.000129735	0.999035	0.0439128	0.00588701	-0.0439128	0.999018	0.0259627	-0.193045	8.80167	
0.999979	0.000159073	-0.00653695	0.000160211	0.998808	0.0488135	0.00653692	-0.0488135	0.998787	0.0320398	-0.238401	9.77888	
0.999974	0.000192388	-0.00718592	0.000193906	0.998556	0.0537177	0.00718588	-0.0537177	0.99853	0.0387522	-0.288553	10.7559	
0.999969	0.000228846	-0.00783393	0.000230821	0.99828	0.0586254	0.00783387	-0.0586254	0.998249	0.046099	-0.343505	11.7326	
0.999964	0.000268442	-0.00848094	0.000270957	0.997979	0.0635362	0.00848086	-0.0635362	0.997943	0.0540792	-0.403259	12.709	
0.999958	0.000311168	-0.00912694	0.000314315	0.997654	0.0684501	0.00912683	-0.0684502	0.997613	0.0626918	-0.46782	13.6851	
0.999952	0.000357018	-0.00977188	0.000360894	0.997305	0.0733669	0.00977174	-0.0733669	0.997257	0.0719359	-0.537188	14.6609	
0.999946	0.000405984	-0.0104158	0.000410695	0.996931	0.0782863	0.0104156	-0.0782864	0.996877	0.0818104	-0.611368	15.6363	
0.999939	0.00045806	-0.0110585	0.000463718	0.996532	0.0832082	0.0110583	-0.0832082	0.996471	0.0923142	-0.690362	16.6113	
0.999931	0.000513237	-0.0117002	0.000519961	0.996109	0.0881324	0.0116999	-0.0881324	0.99604	0.103446	-0.774172	17.5859	
0.999924	0.000571508	-0.0123407	0.000579424	0.99566	0.0930587	0.0123403	-0.0930587	0.995584	0.115205	-0.8628	18.5601	
0.999916	0.000632864	-0.01298	0.000642107	0.995188	0.0979868	0.0129796	-0.0979869	0.995103	0.12759	-0.956249	19.5339	
0.999907	0.000697297	-0.0136181	0.000708007	0.99469	0.102917	0.0136176	-0.102917	0.994597	0.1406	-1.05452	20.5071	
0.999898	0.000764797	-0.014255	0.000777123	0.994167	0.107848	0.0142544	-0.107848	0.994065	0.154233	-1.15761	21.4798	
0.999889	0.000835357	-0.0148907	0.000849453	0.99362	0.112781	0.0148899	-0.112781	0.993508	0.168489	-1.26553	22.452	
0.999879	0.000908967	-0.0155251	0.000924996	0.993047	0.117715	0.0155241	-0.117715	0.992926	0.183366	-1.37828	23.4237	
0.999869	0.000985617	-0.0161581	0.00100375	0.99245	0.12265	0.016157	-0.12265	0.992318	0.198863	-1.49585	24.3948	
0.999858	0.0010653	-0.0167899	0.00108571	0.991827	0.127585	0.0167886	-0.127586	0.991685	0.214978	-1.61825	25.3652	
0.999848	0.001148	-0.0174203	0.00117087	0.991179	0.132522	0.0174188	-0.132522	0.991027	0.23171	-1.74548	26.3351	
0.999836	0.00123371	-0.0180493	0.00125924	0.990507	0.137458	0.0180476	-0.137459	0.990343	0.249058	-1.87754	27.3042	
0.999825	0.00132242	-0.0186769	0.0013508	0.989809	0.142395	0.0186749	-0.142396	0.989634	0.26702	-2.01443	28.2727	
0.999813	0.00141412	-0.0193032	0.00144556	0.989086	0.147332	0.0193008	-0.147333	0.988899	0.285596	-2.15615	29.2405	
0.9998	0.0015088	-0.0199279	0.00154351	0.988338	0.152269	0.0199253	-0.152269	0.988138	0.304783	-2.3027	30.2076	
0.999788	0.00160644	-0.0205512	0.00164465	0.987565	0.157206	0.0205482	-0.157206	0.987352	0.32458	-2.45407	31.1739	
0.999774	0.00170704	-0.021173	0.00174897	0.986766	0.162142	0.0211696	-0.162142	0.98654	0.344986	-2.61028	32.1394	
0.999761	0.00181059	-0.0217933	0.00185647	0.985942	0.167077	0.0217895	-0.167077	0.985703	0.366	-2.77131	33.1041	
0.999747	0.00191706	-0.0224121	0.00196714	0.985093	0.172011	0.0224078	-0.172012	0.98484	0.387618	-2.93718	34.0679	
0.999733	0.00202646	-0.0230293	0.00208099	0.984219	0.176944	0.0230244	-0.176945	0.983951	0.409841	-3.10787	35.031	
0.999718	0.00213876	-0.0236449	0.00219799	0.983319	0.181876	0.0236395	-0.181877	0.983037	0.432666	-3.28338	35.9931	
0.999703	0.00225396	-0.024259	0.00231815	0.982394	0.186807	0.0242529	-0.186808	0.982097	0.456093	-3.46372	36.9543	
0.999688	0.00237204	-0.0248714	0.00244147	0.981443	0.191736	0.0248646	-0.191737	0.981131	0.480118	-3.64888	37.9146	
0.999672	0.00249299	-0.0254821	0.00256793	0.980468	0.196663	0.0254747	-0.196664	0.98014	0.504741	-3.83887	38.874	
0.999656	0.0026168	-0.0260912	0.00269754	0.979467	0.201588	0.026083	-0.201589	0.979123	0.52996	-4.03367	39.8323	
0.99964	0.00274345	-0.0266986	0.00283028	0.97844	0.206511	0.0266895	-0.206512	0.97808	0.555773	-4.23329	40.7897	
0.999623	0.00287293	-0.0273043	0.00296614	0.977388	0.211432	0.0272943	-0.211433	0.977011	0.582179	-4.43773	41.746	
0.999606	0.00300522	-0.0279082	0.00310513	0.976311	0.21635	0.0278973	-0.216351	0.975917	0.609176	-4.64697	42.7013	
0.999589	0.00314032	-0.0285104	0.00324724	0.975208	0.221265	0.0284984	-0.221267	0.974797	0.636761	-4.86103	43.6554	
0.999571	0.0032782	-0.0291108	0.00339245	0.97408	0.226178	0.0290978	-0.226179	0.973651	0.664934	-5.0799	44.6085	
0.999553	0.00341886	-0.0297095	0.00354076	0.972927	0.231087	0.0296952	-0.231089	0.972479	0.693692	-5.30356	45.5604	
0.999534	0.00356227	-0.0303063	0.00369216	0.971748	0.235993	0.0302907	-0.235995	0.971282	0.723034	-5.53204	46.5112	
0.999516	0.00370843	-0.0309013	0.00384665	0.970543	0.240896	0.0308844	-0.240898	0.970059	0.752957	-5.7653	47.4608	
0.999496	0.00385732	-0.0314944	0.00400422	0.969314	0.245795	0.0314761	-0.245797	0.96881	0.78346	-6.00337	48.4092	
0.999477	0.00400892	-0.0320857	0.00416486	0.968059	0.25069	0.0320658	-0.250692	0.967536	0.814541	-6.24622	49.3563	
0.999457	0.00416323	-0.032675	0.00432855	0.966778	0.255581	0.0326536	-0.255584	0.966235	0.846198	-6.49386	50.3022	
0.999437	0.00432021	-0.0332625	0.0044953	0.965472	0.260468	0.0332393	-0.260471	0.964909	0.878429	-6.74629	51.2468	
0.999417	0.00447986	-0.033848	0.00466509	0.964141	0.26535	0.033823	-0.265354	0.963558	0.911232	-7.00349	52.1901	
0.999396	0.00464217	-0.0344316	0.00483792	0.962784	0.270229	0.0344047	-0.270232	0.96218	0.944605	-7.26547	53.1321	
0.999375	0.00480711	-0.0350132	0.00501377	0.961402	0.275102	0.0349842	-0.275106	0.960777	0.978547	-7.53221	54.0727	
0.999354	0.00497467	-0.0355928	0.00519264	0.959995	0.27997	0.0355617	-0.279974	0.959349	1.01305	-7.80373	55.0119	
0.999332	0.00514483	-0.0361705	0.00537452	0.958562	0.284834	0.036137	-0.284838	0.957894	1.04812	-8.08	55.9497	
0.99931	0.00531758	-0.0367461	0.00555939	0.957104	0.289692	0.0367103	-0.289697	0.956414	1.08376	-8.36103	56.8861	
0.999288	0.00549291	-0.0373196	0.00574725	0.95562	0.294545	0.0372813	-0.29455	0.954909	1.11995	-8.64681	57.821	
0.999266	0.00567078	-0.0378911	0.00593809	0.954112	0.299392	0.0378501	-0.299397	0.953378	1.1567	-8.93733	58.7544	
0.999243	0.0058512	-0.0384605	0.00613189	0.952578	0.304233	0.0384168	-0.304239	0.951821	1.194	-9.2326	59.6863	
0.99922	0.00603413	-0.0390279	0.00632865	0.951019	0.309069	0.0389812	-0.309074	0.950239	1.23186	-9.5326	60.6167	
0.999301	0.0053738	-0.0370071	0.0064324	0.950169	0.311668	0.0368378	-0.311688	0.94947	1.26895	-9.83624	61.5459	
0.999377	0.00470695	-0.034985	0.00653043	0.949311	0.31427	0.0346909	-0.314302	0.948689	1.30394	-10.1424	62.4744	
0.999448	0.00403365	-0.032962	0.00662272	0.948445	0.316873	0.0325408	-0.316916	0.947895	1.33682	-10.4512	63.4021	
0.999516	0.00335401	-0.0309384	0.00670921	0.94757	0.319478	0.0303878	-0.31953	0.947089	1.3676	-10.7625	64.329	
0.999578	0.00266813	-0.0289146	0.00678989	0.946687	0.322083	0.0282324	-0.322144	0.94627	1.39628	-11.0764	65.2551	
0.999636	0.00197612	-0.026891	0.00686472	0.945796	0.32469	0.026075	-0.324756	0.945438	1.42284	-11.3928	66.1805	
0.99969	0.00127809	-0.0248679	0.00693367	0.944896	0.327297	0.0239159	-0.327368	0.944594	1.44729	-11.7118	67.1049	
0.999739	0.000574139	-0.0228457	0.00699672	0.943989	0.329903	0.0217555	-0.329977	0.943738	1.46963	-12.0333	68.0286	
0.999783	-0.000135603	-0.0208247	0.00705384	0.943073	0.33251	0.0195942	-0.332585	0.94287	1.48986	-12.3574	68.9514	
0.999823	-0.000851021	-0.0188054	0.00710503	0.94215	0.335116	0.0174323	-0.33519	0.941989	1.50797	-12.684	69.8734	
0.999975	-0.00693863	-0.00125295	0.00697462	0.947362	0.32009	-0.00103399	-0.320091	0.947386	1.51599	-13.0046	70.7976	
0.999784	-0.0127439	0.0163945	0.00713792	0.952331	0.304983	-0.0194997	-0.3048	0.952217	1.50595	-13.3103	71.7268	
0.999251	-0.0182634	0.0341264	0.00759483	0.957056	0.289803	-0.0379537	-0.289327	0.956478	1.47784	-13.6009	72.6605	
0.998374	-0.0234938	0.0519322	0.00834509	0.961534	0.274561	-0.056385	-0.273681	0.960166	1.4317	-13.8763	73.5981	
0.997156	-0.028432	0.0698012	0.00938823	0.965761	0.259264	-0.0747827	-0.257871	0.963281	1.36753	-14.1363	74.5389	
0.995596	-0.0330749	0.0877227	0.0107236	0.969735	0.243922	-0.0931355	-0.241907	0.965819	1.28539	-14.3808	75.4826	
0.993695	-0.03742	0.105686	0.0123505	0.973455	0.228545	-0.111433	-0.225799	0.96778	1.18533	-14.6096	76.4284	
0.991455	-0.0414644	0.12368	0.0142679	0.976917	0.213141	-0.129663	-0.209555	0.969162	1.06739	-14.8225	77.3759	
0.988878	-0.0452059	0.141695	0.0164746	0.98012	0.19772	-0.147816	-0.193186	0.969964	0.931657	-15.0195	78.3245	
0.985963	-0.0486422	0.159719	0.0189694	0.983062	0.18229	-0.165881	-0.176701	0.970186	0.778208	-15.2005	79.2735	
0.982714	-0.0517712	0.177742	0.0217507	0.98574	0.166862	-0.183846	-0.160111	0.969827	0.607133	-15.3652	80.2225	
0.979133	-0.0545911	0.195753	0.0248168	0.988154	0.151443	-0.201701	-0.143425	0.968889	0.418537	-15.5137	81.1709	
0.97522	-0.0571002	0.213741	0.0281661	0.990302	0.136045	-0.219436	-0.126653	0.967371	0.21253	-15.6458	82.118	
0.970979	-0.0592969	0.231695	0.0317963	0.992183	0.120675	-0.23704	-0.109806	0.965275	-0.010762	-15.7615	83.0634	
0.966413	-0.06118	0.249605	0.0357054	0.993795	0.105343	-0.254501	-0.0928926	0.962601	-0.251207	-15.8606	84.0065	
0.961524	-0.0627483	0.26746	0.039891	0.995137	0.0900582	-0.271811	-0.0759238	0.959351	-0.508661	-15.9432	84.9466	
0.956314	-0.0640009	0.28525	0.0443507	0.99621	0.0748296	-0.288958	-0.0589096	0.955528	-0.78297	-16.0092	85.8833	
0.950787	-0.0649371	0.302963	0.0490817	0.997011	0.0596664	-0.305932	-0.0418601	0.951133	-1.07397	-16.0585	86.816	
0.944947	-0.0655562	0.320589	0.0540813	0.997541	0.0445776	-0.322723	-0.0247856	0.946169	-1.38149	-16.0911	87.7441	
0.938797	-0.065858	0.338118	0.0593463	0.997799	0.0295723	-0.339321	-0.00769632	0.940639	-1.70534	-16.107	88.667	
0.93234	-0.0658422	0.355538	0.0648738	0.997786	0.0146594	-0.355716	0.00939759	0.934547	-2.04532	-16.1061	89.5843	
0.92558	-0.0655088	0.37284	0.0706603	0.9975	-0.00015218	-0.371899	0.0264859	0.927895	-2.40125	-16.0886	90.4954	
0.918522	-0.0648581	0.390014	0.0767025	0.996943	-0.0148535	-0.387858	0.0435583	0.920689	-2.7729	-16.0543	91.3996	
0.911169	-0.0638904	0.407048	0.0829967	0.996115	-0.0294359	-0.403586	0.0606047	0.912932	-3.16004	-16.0034	92.2966	
0.903527	-0.0626063	0.423934	0.0895391	0.995016	-0.0438905	-0.419073	0.0776149	0.904629	-3.56246	-15.9357	93.1857	
0.895599	-0.0610066	0.44066	0.0963258	0.993646	-0.0582088	-0.434309	0.0945786	0.895785	-3.9799	-15.8515	94.0664	
