1	0	0	0	1	0	0	0	1	0	0	0	
0.999999	-2.75817e-06	-0.00111855	-2.75817e-06	0.999988	-0.00493164	0.00111855	0.00493164	0.999987	0.0005412	0.00238612	0.967673	
0.999997	-1.10422e-05	-0.00223834	-1.10364e-05	0.999951	-0.00986354	0.00223834	0.00986354	0.999949	0.0021654	0.00954461	1.93532	
0.999994	-2.48646e-05	-0.00335933	-2.48413e-05	0.999891	-0.0147955	0.00335933	0.0147955	0.999885	0.00487377	0.0214756	2.90292	
0.99999	-4.42378e-05	-0.00448149	-4.41796e-05	0.999805	-0.0197274	0.00448149	0.0197274	0.999795	0.00866747	0.0381792	3.87044	
0.999984	-6.91736e-05	-0.00560477	-6.90572e-05	0.999696	-0.0246591	0.00560477	0.0246591	0.99968	0.0135476	0.0596552	4.83787	
0.999977	-9.96838e-05	-0.00672914	-9.94801e-05	0.999562	-0.0295904	0.00672914	0.0295904	0.999539	0.0195152	0.0859033	5.80517	
0.999969	-0.00013578	-0.00785456	-0.000135454	0.999404	-0.0345211	0.00785457	0.0345211	0.999373	0.0265714	0.116923	6.77232	
0.99996	-0.000177473	-0.00898101	-0.000176984	0.999221	-0.0394512	0.00898101	0.0394512	0.999181	0.0347171	0.152714	7.7393	
0.999949	-0.000224773	-0.0101084	-0.000224075	0.999015	-0.0443803	0.0101084	0.0443803	0.998964	0.0439534	0.193275	8.70608	
0.999937	-0.000277692	-0.0112368	-0.000276731	0.998784	-0.0493084	0.0112368	0.0493084	0.99872	0.054281	0.238605	9.67264	
0.999923	-0.000336239	-0.0123661	-0.000334958	0.998528	-0.0542353	0.0123661	0.0542353	0.998452	0.065701	0.288703	10.639	
0.999909	-0.000400424	-0.0134962	-0.000398759	0.998248	-0.0591608	0.0134962	0.0591608	0.998157	0.0782142	0.343569	11.605	
0.999893	-0.000470256	-0.0146271	-0.000468138	0.997944	-0.0640848	0.0146272	0.0640848	0.997837	0.0918215	0.4032	12.5707	
0.999876	-0.000545746	-0.0157589	-0.000543098	0.997616	-0.0690071	0.015759	0.0690071	0.997492	0.106524	0.467595	13.5361	
0.999857	-0.000626902	-0.0168914	-0.000623642	0.997263	-0.0739275	0.0168915	0.0739275	0.997121	0.122321	0.536752	14.5012	
0.999837	-0.000713732	-0.0180246	-0.000709774	0.996887	-0.078846	0.0180248	0.0788459	0.996724	0.139215	0.61067	15.4659	
0.999816	-0.000806245	-0.0191585	-0.000801496	0.996485	-0.0837622	0.0191587	0.0837622	0.996302	0.157206	0.689346	16.4302	
0.999794	-0.000904449	-0.020293	-0.00089881	0.99606	-0.0886762	0.0202933	0.0886761	0.995854	0.176294	0.772779	17.3941	
0.99977	-0.00100835	-0.0214282	-0.00100172	0.995611	-0.0935876	0.0214285	0.0935875	0.99538	0.196481	0.860965	18.3575	
0.999745	-0.00111796	-0.0225639	-0.00111022	0.995137	-0.0984964	0.0225643	0.0984963	0.994882	0.217766	0.953903	19.3205	
0.999718	-0.00123328	-0.0237001	-0.00122432	0.994639	-0.103402	0.0237006	0.103402	0.994357	0.240151	1.05159	20.283	
0.999691	-0.00135432	-0.0248368	-0.00134402	0.994117	-0.108305	0.0248374	0.108305	0.993807	0.263636	1.15402	21.2449	
0.999662	-0.00148109	-0.025974	-0.00146932	0.993571	-0.113205	0.0259746	0.113205	0.993232	0.288221	1.2612	22.2063	
0.999631	-0.00161359	-0.0271115	-0.00160022	0.993	-0.118102	0.0271123	0.118102	0.992631	0.313906	1.37311	23.1672	
0.999599	-0.00175183	-0.0282495	-0.00173671	0.992406	-0.122995	0.0282504	0.122995	0.992005	0.340693	1.48976	24.1274	
0.999566	-0.00189581	-0.0293877	-0.00187881	0.991787	-0.127884	0.0293888	0.127884	0.991354	0.368581	1.61115	25.0871	
0.999532	-0.00204554	-0.0305263	-0.0020265	0.991145	-0.13277	0.0305276	0.13277	0.990677	0.397571	1.73726	26.046	
0.999496	-0.00220102	-0.0316651	-0.00217979	0.990478	-0.137652	0.0316666	0.137651	0.989974	0.427663	1.8681	27.0044	
0.999459	-0.00236227	-0.0328042	-0.00233868	0.989788	-0.14253	0.0328058	0.142529	0.989247	0.458857	2.00367	27.962	
0.999421	-0.00252927	-0.0339434	-0.00250317	0.989073	-0.147403	0.0339453	0.147402	0.988494	0.491154	2.14395	28.9189	
0.999381	-0.00270204	-0.0350827	-0.00267324	0.988335	-0.152272	0.0350849	0.152271	0.987716	0.524554	2.28894	29.8751	
0.99934	-0.00288058	-0.0362221	-0.00284891	0.987573	-0.157136	0.0362247	0.157136	0.986912	0.559056	2.43864	30.8305	
0.999297	-0.0030649	-0.0373616	-0.00303017	0.986787	-0.161996	0.0373645	0.161995	0.986084	0.594661	2.59305	31.7851	
0.999253	-0.00325499	-0.0385012	-0.00321702	0.985977	-0.166851	0.0385044	0.16685	0.98523	0.63137	2.75216	32.7389	
0.999208	-0.00345085	-0.0396407	-0.00340945	0.985143	-0.171701	0.0396443	0.1717	0.984351	0.669181	2.91597	33.6918	
0.999161	-0.0036525	-0.0407801	-0.00360746	0.984286	-0.176545	0.0407841	0.176544	0.983447	0.708095	3.08446	34.6439	
0.999114	-0.00385993	-0.0419195	-0.00381104	0.983405	-0.181385	0.0419239	0.181384	0.982518	0.748113	3.25764	35.5951	
0.999064	-0.00407315	-0.0430587	-0.0040202	0.9825	-0.186218	0.0430636	0.186217	0.981564	0.789233	3.4355	36.5454	
0.999014	-0.00429215	-0.0441977	-0.00423493	0.981572	-0.191046	0.0442032	0.191045	0.980585	0.831456	3.61803	37.4948	
0.998962	-0.00451694	-0.0453365	-0.00445522	0.98062	-0.195869	0.0453426	0.195867	0.979582	0.874782	3.80524	38.4432	
0.998908	-0.00474751	-0.0464751	-0.00468107	0.979645	-0.200685	0.0464818	0.200683	0.978553	0.91921	3.9971	39.3906	
0.998853	-0.00498387	-0.0476133	-0.00491248	0.978646	-0.205495	0.0476207	0.205493	0.977499	0.964741	4.19363	40.3371	
0.998797	-0.00522602	-0.0487512	-0.00514943	0.977624	-0.210299	0.0487594	0.210297	0.976421	1.01137	4.3948	41.2824	
0.99874	-0.00547396	-0.0498888	-0.00539193	0.976578	-0.215096	0.0498977	0.215094	0.975318	1.05911	4.60062	42.2268	
0.998681	-0.00572768	-0.0510259	-0.00563997	0.975509	-0.219887	0.0510357	0.219884	0.97419	1.10794	4.81108	43.17	
0.998621	-0.00598718	-0.0521626	-0.00589353	0.974417	-0.224671	0.0521733	0.224668	0.973038	1.15788	5.02618	44.1122	
0.998559	-0.00625247	-0.0532988	-0.00615262	0.973302	-0.229448	0.0533104	0.229445	0.971861	1.20892	5.24589	45.0532	
0.998496	-0.00652354	-0.0544344	-0.00641723	0.972163	-0.234218	0.0544471	0.234215	0.970659	1.26105	5.47023	45.9931	
0.998432	-0.00680038	-0.0555695	-0.00668735	0.971001	-0.238981	0.0555832	0.238977	0.969433	1.31429	5.69918	46.9317	
0.998366	-0.00708301	-0.056704	-0.00696296	0.969817	-0.243736	0.0567189	0.243733	0.968183	1.36863	5.93273	47.8692	
0.998299	-0.00737141	-0.0578378	-0.00724408	0.968609	-0.248484	0.0578539	0.24848	0.966908	1.42406	6.17089	48.8055	
0.99823	-0.00766558	-0.0589709	-0.00753068	0.967378	-0.253224	0.0589883	0.25322	0.965609	1.4806	6.41363	49.7405	
0.99816	-0.00796551	-0.0601033	-0.00782275	0.966125	-0.257957	0.0601221	0.257952	0.964285	1.53823	6.66095	50.6743	
0.998089	-0.00827121	-0.0612349	-0.0081203	0.964849	-0.262681	0.0612551	0.262676	0.962938	1.59695	6.91285	51.6068	
0.998016	-0.00858267	-0.0623657	-0.0084233	0.96355	-0.267397	0.0623874	0.267392	0.961566	1.65678	7.16932	52.5379	
0.997942	-0.00889988	-0.0634957	-0.00873175	0.962228	-0.272105	0.063519	0.2721	0.96017	1.71769	7.43035	53.4677	
0.997867	-0.00922284	-0.0646247	-0.00904565	0.960884	-0.276805	0.0646498	0.276799	0.958751	1.77971	7.69593	54.3962	
0.99779	-0.00955154	-0.0657528	-0.00936497	0.959517	-0.281496	0.0657797	0.281489	0.957307	1.84281	7.96605	55.3232	
0.997712	-0.00988598	-0.06688	-0.00968971	0.958127	-0.286178	0.0669087	0.286171	0.95584	1.90701	8.24071	56.2489	
0.997632	-0.0102262	-0.0680061	-0.0100199	0.956716	-0.290851	0.0680368	0.290844	0.954348	1.97231	8.51989	57.1731	
0.997552	-0.0105721	-0.0691312	-0.0103554	0.955282	-0.295516	0.069164	0.295508	0.952833	2.03869	8.80359	58.0959	
0.997469	-0.0109237	-0.0702552	-0.0106963	0.953826	-0.300171	0.0702901	0.300163	0.951295	2.10616	9.0918	59.0172	
0.997334	-0.0114948	-0.0720607	-0.0107963	0.953403	-0.301505	0.0721687	0.301479	0.950738	2.17509	9.3829	59.9375	
0.997195	-0.0120693	-0.0738681	-0.0108988	0.95298	-0.302838	0.0740499	0.302793	0.950175	2.24584	9.67527	60.8572	
0.997052	-0.0126472	-0.0756769	-0.0110038	0.952555	-0.304168	0.0759333	0.304104	0.949608	2.3184	9.96891	61.7764	
0.996906	-0.0132282	-0.0774869	-0.0111114	0.952129	-0.305496	0.0778187	0.305412	0.949035	2.39279	10.2638	62.695	
0.996755	-0.0138124	-0.0792978	-0.0112214	0.951701	-0.306822	0.0797058	0.306716	0.948458	2.46901	10.56	63.6131	
0.996601	-0.0143997	-0.0811093	-0.011334	0.951272	-0.308146	0.0815942	0.308018	0.947875	2.54705	10.8574	64.5306	
0.996443	-0.0149898	-0.0829211	-0.0114491	0.950841	-0.309467	0.0834837	0.309316	0.947288	2.62693	11.1561	65.4476	
0.996282	-0.0155829	-0.0847329	-0.0115667	0.950409	-0.310786	0.0853739	0.310611	0.946695	2.70862	11.4561	66.364	
0.996117	-0.0161786	-0.0865444	-0.0116868	0.949976	-0.312103	0.0872646	0.311902	0.946098	2.79215	11.7572	67.2798	
0.995948	-0.0167771	-0.0883554	-0.0118094	0.949542	-0.313417	0.0891554	0.31319	0.945496	2.87751	12.0597	68.195	
0.995775	-0.0173781	-0.0901654	-0.0119344	0.949107	-0.314729	0.091046	0.314475	0.944889	2.9647	12.3634	69.1096	
0.995599	-0.0179815	-0.0919743	-0.0120619	0.94867	-0.316038	0.0929361	0.315756	0.944278	3.05372	12.6683	70.0237	
0.995125	-0.0194935	-0.0966808	-0.0097998	0.955878	-0.2936	0.0981383	0.293116	0.951027	3.14617	12.9629	70.9407	
0.994624	-0.0208926	-0.101419	-0.00741519	0.962549	-0.271008	0.103283	0.270303	0.957219	3.24363	13.2355	71.8641	
0.994099	-0.022178	-0.106187	-0.00490948	0.968677	-0.248276	0.108367	0.247333	0.962852	3.34604	13.486	72.7931	
0.993548	-0.0233489	-0.110982	-0.00228413	0.974259	-0.225418	0.113388	0.224217	0.96792	3.45334	13.7142	73.7274	
0.992973	-0.0244048	-0.1158	0.000459323	0.979293	-0.202447	0.118343	0.200971	0.972423	3.56547	13.9199	74.6662	
0.992373	-0.0253448	-0.120639	0.00331926	0.983775	-0.179375	0.123228	0.177607	0.976356	3.68235	14.1031	75.6091	
0.991749	-0.0261686	-0.125497	0.00629403	0.987703	-0.156217	0.128041	0.154138	0.979718	3.80393	14.2636	76.5556	
0.991101	-0.0268756	-0.130369	0.00938186	0.991073	-0.132987	0.13278	0.13058	0.982506	3.93014	14.4014	77.5051	
0.99043	-0.0274655	-0.135254	0.012581	0.993885	-0.109697	0.13744	0.106945	0.98472	4.06088	14.5163	78.4569	
0.989736	-0.0279378	-0.140149	0.0158895	0.996137	-0.0863614	0.14202	0.0832481	0.986357	4.1961	14.6083	79.4107	
0.98902	-0.0282922	-0.14505	0.0193055	0.997827	-0.062994	0.146517	0.0595021	0.987417	4.33572	14.6774	80.3657	
0.988281	-0.0285287	-0.149955	0.0228269	0.998955	-0.0396084	0.150928	0.0357212	0.987899	4.47964	14.7235	81.3215	
0.987521	-0.028647	-0.154861	0.0264517	0.999519	-0.0162182	0.155251	0.0119195	0.987803	4.62779	14.7465	82.2774	
0.986739	-0.0286471	-0.159765	0.0301779	0.999519	0.00716288	0.159483	-0.0118893	0.987129	4.78008	14.7465	83.233	
0.985937	-0.0285289	-0.164665	0.0340031	0.998956	0.0305212	0.163622	-0.0356911	0.985877	4.93641	14.7235	84.1877	
0.985114	-0.0282926	-0.169557	0.0379252	0.997829	0.053843	0.167665	-0.0594719	0.984049	5.09671	14.6775	85.1409	
0.984272	-0.0279383	-0.174438	0.0419418	0.99614	0.0771147	0.17161	-0.083218	0.981644	5.26087	14.6084	86.092	
0.98341	-0.0274661	-0.179306	0.0460507	0.993889	0.100323	0.175454	-0.106915	0.978665	5.42881	14.5164	87.0405	
0.982529	-0.0268765	-0.184157	0.0502494	0.991077	0.123453	0.179196	-0.13055	0.975113	5.60041	14.4015	87.9859	
0.98163	-0.0261696	-0.18899	0.0545354	0.987707	0.146493	0.182833	-0.154109	0.970991	5.77558	14.2638	88.9275	
0.980713	-0.025346	-0.1938	0.0589063	0.98378	0.169428	0.186363	-0.177577	0.9663	5.95422	14.1033	89.8649	
0.979779	-0.024406	-0.198586	0.0633594	0.979299	0.192246	0.189784	-0.200941	0.961044	6.13622	13.9201	90.7975	
0.978829	-0.0233503	-0.203345	0.0678923	0.974266	0.214933	0.193093	-0.224188	0.955225	6.32148	13.7144	91.7247	
0.977862	-0.0221795	-0.208073	0.0725022	0.968684	0.237475	0.19629	-0.247303	0.948847	6.50989	13.4863	92.646	
0.976879	-0.0208943	-0.212768	0.0771864	0.962557	0.259859	0.199372	-0.270274	0.941914	6.70134	13.2359	93.5609	
