1	0	0	0	1	0	0	0	1	0	0	0	
0.999996	-6.29427e-06	0.00276247	-6.29427e-06	0.99999	0.00455695	-0.00276247	-0.00455695	0.999986	-0.00149285	-0.0024626	1.0808	
0.999985	-2.52131e-05	0.00552928	-2.52049e-05	0.999958	0.0091181	-0.00552928	-0.0091181	0.999943	-0.00597376	-0.00985268	2.16158	
0.999966	-5.68074e-05	0.00830029	-5.67747e-05	0.999906	0.0136832	-0.00830029	-0.0136832	0.999872	-0.0134473	-0.0221746	3.24229	
0.999939	-0.000101127	0.0110754	-0.000101045	0.999833	0.0182521	-0.0110754	-0.0182521	0.999772	-0.023918	-0.0394327	4.3229	
0.999904	-0.000158221	0.0138544	-0.000158057	0.999739	0.0228246	-0.0138544	-0.0228246	0.999643	-0.0373903	-0.0616307	5.4034	
0.999862	-0.000228136	0.0166373	-0.000227849	0.999625	0.0274003	-0.0166373	-0.0274003	0.999486	-0.0538681	-0.0887725	6.48374	
0.999811	-0.000310919	0.0194239	-0.00031046	0.999488	0.0319793	-0.0194239	-0.0319792	0.9993	-0.0733558	-0.120862	7.56389	
0.999753	-0.000406615	0.022214	-0.000405925	0.999331	0.0365611	-0.022214	-0.0365611	0.999084	-0.0958571	-0.157901	8.64383	
0.999687	-0.000515268	0.0250076	-0.000514282	0.999153	0.0411456	-0.0250076	-0.0411456	0.99884	-0.121376	-0.199894	9.72352	
0.999613	-0.00063692	0.0278045	-0.000635563	0.998954	0.0457326	-0.0278045	-0.0457325	0.998567	-0.149916	-0.246844	10.8029	
0.999531	-0.000771615	0.0306046	-0.000769804	0.998733	0.0503218	-0.0306047	-0.0503218	0.998264	-0.181481	-0.298752	11.882	
0.999441	-0.000919391	0.0334078	-0.000917034	0.998491	0.0549131	-0.0334078	-0.0549131	0.997932	-0.216073	-0.355621	12.9608	
0.999343	-0.00108029	0.0362139	-0.00107729	0.998227	0.0595063	-0.0362139	-0.0595062	0.997571	-0.253697	-0.417454	14.0392	
0.999238	-0.00125434	0.0390228	-0.00125059	0.997943	0.0641011	-0.0390229	-0.064101	0.99718	-0.294356	-0.484252	15.1171	
0.999124	-0.0014416	0.0418343	-0.00143697	0.997637	0.0686973	-0.0418345	-0.0686972	0.99676	-0.338051	-0.556017	16.1947	
0.999001	-0.00164208	0.0446485	-0.00163646	0.997309	0.0732947	-0.0446487	-0.0732945	0.99631	-0.384787	-0.63275	17.2717	
0.998871	-0.00185584	0.047465	-0.00184909	0.99696	0.0778931	-0.0474653	-0.0778929	0.995831	-0.434566	-0.714453	18.3483	
0.998733	-0.00208289	0.0502838	-0.00207487	0.99659	0.0824922	-0.0502842	-0.082492	0.995322	-0.487391	-0.801126	19.4243	
0.998586	-0.00232328	0.0531048	-0.00231383	0.996198	0.087092	-0.0531053	-0.0870917	0.994784	-0.543263	-0.892769	20.4998	
0.998431	-0.00257703	0.0559279	-0.002566	0.995784	0.0916921	-0.0559284	-0.0916918	0.994216	-0.602185	-0.989385	21.5747	
0.998269	-0.00284418	0.0587528	-0.0028314	0.995349	0.0962923	-0.0587534	-0.0962919	0.993618	-0.66416	-1.09097	22.6489	
0.998097	-0.00312475	0.0615795	-0.00311004	0.994892	0.100892	-0.0615803	-0.100892	0.99299	-0.729189	-1.19753	23.7225	
0.997918	-0.00341877	0.0644079	-0.00340195	0.994414	0.105492	-0.0644088	-0.105492	0.992332	-0.797274	-1.30906	24.7954	
0.99773	-0.00372627	0.0672378	-0.00370715	0.993915	0.110092	-0.0672389	-0.110091	0.991645	-0.868417	-1.42556	25.8675	
0.997534	-0.00404728	0.0700691	-0.00402565	0.993393	0.11469	-0.0700703	-0.11469	0.990927	-0.94262	-1.54704	26.9389	
0.99733	-0.00438181	0.0729016	-0.00435746	0.99285	0.119288	-0.0729031	-0.119287	0.99018	-1.01988	-1.67348	28.0095	
0.997117	-0.0047299	0.0757353	-0.00470261	0.992285	0.123885	-0.075737	-0.123884	0.989402	-1.10021	-1.80489	29.0793	
0.996896	-0.00509156	0.07857	-0.00506111	0.991699	0.12848	-0.0785719	-0.128479	0.988595	-1.1836	-1.94127	30.1482	
0.996666	-0.00546682	0.0814055	-0.00543296	0.991091	0.133074	-0.0814078	-0.133073	0.987757	-1.27005	-2.08261	31.2162	
0.996428	-0.0058557	0.0842418	-0.00581819	0.990462	0.137666	-0.0842444	-0.137665	0.98689	-1.35957	-2.22892	32.2833	
0.996182	-0.00625821	0.0870787	-0.0062168	0.98981	0.142256	-0.0870817	-0.142255	0.985992	-1.45216	-2.38019	33.3495	
0.995927	-0.00667437	0.0899161	-0.0066288	0.989137	0.146844	-0.0899195	-0.146842	0.985064	-1.54781	-2.53642	34.4147	
0.995664	-0.00710421	0.0927539	-0.0070542	0.988443	0.15143	-0.0927577	-0.151428	0.984107	-1.64653	-2.69761	35.4788	
0.995392	-0.00754773	0.0955919	-0.00749301	0.987727	0.156013	-0.0955962	-0.15601	0.983119	-1.74832	-2.86375	36.5419	
0.995112	-0.00800495	0.0984299	-0.00794523	0.986989	0.160593	-0.0984348	-0.16059	0.9821	-1.85317	-3.03484	37.6039	
0.994823	-0.00847588	0.101268	-0.00841087	0.986229	0.165171	-0.101273	-0.165167	0.981052	-1.9611	-3.21088	38.6648	
0.994526	-0.00896054	0.104106	-0.00888993	0.985448	0.169745	-0.104112	-0.169741	0.979974	-2.07209	-3.39187	39.7246	
0.99422	-0.00945894	0.106944	-0.00938242	0.984645	0.174315	-0.10695	-0.174311	0.978865	-2.18615	-3.5778	40.7831	
0.993906	-0.00997109	0.109781	-0.00988834	0.983821	0.178882	-0.109788	-0.178878	0.977727	-2.30327	-3.76866	41.8405	
0.993583	-0.010497	0.112617	-0.0104077	0.982975	0.183446	-0.112626	-0.183441	0.976558	-2.42347	-3.96446	42.8966	
0.993252	-0.0110367	0.115453	-0.0109405	0.982107	0.188005	-0.115462	-0.187999	0.975359	-2.54673	-4.16519	43.9514	
0.992912	-0.0115901	0.118289	-0.0114866	0.981218	0.19256	-0.118299	-0.192554	0.97413	-2.67305	-4.37084	45.0049	
0.992563	-0.0121573	0.121123	-0.0120463	0.980307	0.197111	-0.121134	-0.197104	0.97287	-2.80244	-4.58142	46.0571	
0.992206	-0.0127384	0.123956	-0.0126193	0.979375	0.201657	-0.123968	-0.20165	0.971581	-2.9349	-4.7969	47.1079	
0.99184	-0.0133331	0.126788	-0.0132058	0.978421	0.206198	-0.126801	-0.20619	0.970261	-3.07041	-5.0173	48.1573	
0.991466	-0.0139417	0.129619	-0.0138057	0.977446	0.210735	-0.129633	-0.210726	0.968912	-3.20899	-5.24261	49.2052	
0.991083	-0.0145641	0.132448	-0.0144189	0.976449	0.215266	-0.132464	-0.215256	0.967532	-3.35063	-5.47281	50.2517	
0.990691	-0.0152003	0.135276	-0.0150456	0.975431	0.219791	-0.135293	-0.219781	0.966122	-3.49533	-5.7079	51.2966	
0.990291	-0.0158503	0.138101	-0.0156857	0.974391	0.224311	-0.13812	-0.2243	0.964683	-3.64308	-5.94789	52.3401	
0.989882	-0.016514	0.140926	-0.0163391	0.97333	0.228826	-0.140946	-0.228813	0.963213	-3.79389	-6.19275	53.3819	
0.989465	-0.0171916	0.143748	-0.0170059	0.972248	0.233334	-0.14377	-0.23332	0.961713	-3.94775	-6.44249	54.4221	
0.989039	-0.0178829	0.146568	-0.0176861	0.971144	0.237836	-0.146592	-0.237821	0.960183	-4.10467	-6.6971	55.4607	
0.988604	-0.018588	0.149386	-0.0183796	0.970019	0.242332	-0.149412	-0.242316	0.958624	-4.26463	-6.95657	56.4977	
0.988161	-0.0193069	0.152201	-0.0190865	0.968873	0.246821	-0.152229	-0.246804	0.957034	-4.42764	-7.22089	57.5329	
0.987709	-0.0200396	0.155014	-0.0198066	0.967706	0.251303	-0.155044	-0.251284	0.955415	-4.59369	-7.49006	58.5664	
0.987248	-0.020786	0.157825	-0.0205401	0.966517	0.255778	-0.157857	-0.255758	0.953766	-4.76278	-7.76407	59.5981	
0.986779	-0.0215461	0.160633	-0.0212869	0.965308	0.260246	-0.160667	-0.260225	0.952087	-4.93492	-8.04291	60.6281	
0.986301	-0.0223201	0.163438	-0.0220469	0.964077	0.264707	-0.163475	-0.264684	0.950378	-5.11008	-8.32657	61.6562	
0.985815	-0.0231077	0.16624	-0.0228202	0.962825	0.26916	-0.166279	-0.269136	0.94864	-5.28828	-8.61505	62.6824	
0.985319	-0.0239091	0.169039	-0.0236067	0.961552	0.273606	-0.169081	-0.27358	0.946872	-5.46952	-8.90834	63.7068	
0.984816	-0.0247242	0.171834	-0.0244064	0.960258	0.278043	-0.17188	-0.278015	0.945074	-5.65377	-9.20642	64.7292	
0.984303	-0.0255529	0.174627	-0.0252193	0.958944	0.282473	-0.174675	-0.282443	0.943247	-5.84105	-9.5093	65.7496	
0.983782	-0.0263954	0.177416	-0.0260454	0.957608	0.286894	-0.177467	-0.286862	0.94139	-6.03135	-9.81695	66.7681	
0.983252	-0.0272515	0.180201	-0.0268846	0.956252	0.291306	-0.180256	-0.291272	0.939504	-6.22467	-10.1294	67.7846	
0.982714	-0.0281212	0.182982	-0.0277369	0.954875	0.29571	-0.183041	-0.295674	0.937589	-6.42099	-10.4466	68.7989	
0.982167	-0.0290046	0.18576	-0.0286024	0.953477	0.300105	-0.185822	-0.300067	0.935644	-6.62033	-10.7685	69.8112	
0.985227	-0.0240037	0.169566	-0.024904	0.959522	0.28053	-0.169436	-0.280608	0.944749	-6.81233	-11.0823	70.8275	
0.988003	-0.0193398	0.153221	-0.0215481	0.96516	0.260772	-0.152926	-0.260945	0.953164	-6.98654	-11.375	71.8532	
0.990494	-0.0150162	0.136736	-0.0185371	0.970386	0.240846	-0.136304	-0.241091	0.960883	-7.14285	-11.6463	72.8876	
0.992697	-0.011036	0.120125	-0.0158733	0.975197	0.220767	-0.119582	-0.221061	0.967901	-7.28114	-11.8961	73.93	
0.994612	-0.00740227	0.1034	-0.0135585	0.97959	0.200549	-0.102774	-0.20087	0.974212	-7.40131	-12.1241	74.9796	
0.996237	-0.00411756	0.0865711	-0.0115944	0.98356	0.180206	-0.0858899	-0.180532	0.979812	-7.50327	-12.3302	76.0356	
0.997571	-0.0011843	0.0696524	-0.00998256	0.987106	0.159755	-0.0689435	-0.160062	0.984696	-7.58695	-12.5143	77.0973	
0.998612	0.00139538	0.0526557	-0.00872405	0.990224	0.13921	-0.0519467	-0.139476	0.988862	-7.65228	-12.6762	78.1639	
0.99936	0.0036196	0.0355936	-0.00781982	0.992913	0.118585	-0.0349121	-0.118788	0.992306	-7.69922	-12.8158	79.2346	
0.999814	0.00548672	0.0184783	-0.00727053	0.99517	0.0978964	-0.0178519	-0.0980126	0.995025	-7.72774	-12.9329	80.3086	
0.999975	0.00699539	0.00132244	-0.00707658	0.996994	0.0771586	-0.000778711	-0.077166	0.997018	-7.73781	-13.0276	81.3852	
0.999841	0.0081445	-0.0158615	-0.00723811	0.998383	0.0563868	0.0162951	-0.056263	0.998283	-7.72942	-13.0997	82.4635	
0.999413	0.00893323	-0.0330609	-0.007755	0.999336	0.0355963	0.0333569	-0.035319	0.998819	-7.70259	-13.1492	83.5428	
0.998692	0.00936098	-0.0502633	-0.00862688	0.999853	0.0148022	0.0503944	-0.0143492	0.998626	-7.65733	-13.1761	84.6223	
0.997678	0.00942745	-0.067456	-0.00985311	0.999934	-0.00598032	0.0673952	0.00663108	0.997704	-7.59367	-13.1802	85.7012	
0.996371	0.00913259	-0.0846266	-0.0114328	0.999577	-0.026736	0.0843467	0.0276065	0.996054	-7.51166	-13.1617	86.7787	
0.994773	0.00847661	-0.101763	-0.0133648	0.998784	-0.0474498	0.101237	0.0485618	0.993676	-7.41137	-13.1206	87.854	
0.992884	0.00746	-0.118851	-0.0156477	0.997555	-0.0681065	0.118053	0.0694816	0.990574	-7.29285	-13.0568	88.9264	
0.990707	0.00608349	-0.13588	-0.0182798	0.995891	-0.0886911	0.134783	0.0903507	0.986747	-7.15621	-12.9704	89.995	
0.988242	0.0043481	-0.152837	-0.0212592	0.993794	-0.109189	0.151414	0.111154	0.982201	-7.00154	-12.8615	91.0591	
0.985492	0.00225508	-0.16971	-0.0245837	0.991264	-0.129584	0.167935	0.131876	0.976937	-6.82895	-12.7301	92.1179	
0.982458	-0.000194033	-0.186485	-0.0282509	0.988303	-0.149862	0.184333	0.152502	0.970961	-6.63858	-12.5764	93.1706	
0.979143	-0.00299745	-0.203152	-0.0322582	0.984914	-0.170009	0.200597	0.173016	0.964275	-6.43054	-12.4005	94.2165	
0.975549	-0.00615313	-0.219697	-0.0366025	0.9811	-0.190009	0.216714	0.193404	0.956885	-6.20501	-12.2025	95.2547	
0.971678	-0.00965876	-0.23611	-0.0412808	0.976862	-0.209847	0.232673	0.213651	0.948797	-5.96215	-11.9825	96.2847	
0.967535	-0.0135118	-0.252376	-0.0462896	0.972205	-0.229511	0.248463	0.233742	0.940017	-5.70213	-11.7407	97.3054	
0.963121	-0.0177094	-0.268486	-0.0516253	0.967131	-0.248984	0.26407	0.253662	0.930549	-5.42513	-11.4773	98.3164	
0.95844	-0.0222485	-0.284427	-0.0572839	0.961644	-0.268253	0.279485	0.273397	0.920403	-5.13138	-11.1925	99.3167	
0.953495	-0.0271259	-0.300187	-0.0632613	0.955748	-0.287304	0.294697	0.292933	0.909585	-4.82107	-10.8864	100.306	
0.94829	-0.0323379	-0.315755	-0.0695532	0.949448	-0.306122	0.309692	0.312254	0.898102	-4.49443	-10.5593	101.283	
0.942828	-0.0378807	-0.33112	-0.076155	0.942748	-0.324695	0.324462	0.331348	0.885964	-4.15171	-10.2115	102.247	
0.937114	-0.0437503	-0.34627	-0.0830618	0.935653	-0.343008	0.338995	0.3502	0.873179	-3.79316	-9.84318	103.197	
0.931152	-0.0499424	-0.361194	-0.0902686	0.928168	-0.361049	0.353281	0.368796	0.859757	-3.41902	-9.45461	104.134	
