1	0	0	0	1	0	0	0	1	0	0	0	
0.999999	2.03519e-06	-0.0010493	2.03519e-06	0.999992	0.00387914	0.0010493	-0.00387914	0.999992	0.000453901	-0.00167802	0.865149	
0.999998	8.1644e-06	-0.00210238	8.15269e-06	0.99997	0.00776112	0.00210238	-0.00776112	0.999968	0.00181724	-0.00671333	1.73028	
0.999995	1.842e-05	-0.00315922	1.83731e-05	0.999932	0.0116458	0.00315922	-0.0116458	0.999927	0.00409329	-0.0151083	2.59539	
0.999991	3.28341e-05	-0.0042198	3.27167e-05	0.999879	0.0155331	0.0042198	-0.0155331	0.99987	0.00728527	-0.0268653	3.46046	
0.999986	5.14386e-05	-0.00528407	5.12037e-05	0.999811	0.0194229	0.00528408	-0.0194229	0.999797	0.0113964	-0.0419864	4.32547	
0.99998	7.42653e-05	-0.00635203	7.38539e-05	0.999728	0.023315	0.00635203	-0.023315	0.999708	0.0164299	-0.0604738	5.1904	
0.999972	0.000101346	-0.00742363	0.000100687	0.99963	0.0272094	0.00742364	-0.0272094	0.999602	0.022389	-0.0823294	6.05526	
0.999964	0.000132711	-0.00849885	0.000131722	0.999516	0.0311058	0.00849887	-0.0311058	0.99948	0.0292767	-0.107555	6.92001	
0.999954	0.000168392	-0.00957766	0.000166978	0.999387	0.0350043	0.00957769	-0.0350043	0.999341	0.0370962	-0.136153	7.78466	
0.999943	0.00020842	-0.01066	0.000206474	0.999243	0.0389046	0.0106601	-0.0389046	0.999186	0.0458505	-0.168124	8.64917	
0.999931	0.000252825	-0.0117459	0.000250229	0.999083	0.0428067	0.011746	-0.0428067	0.999014	0.0555429	-0.203471	9.51355	
0.999918	0.000301638	-0.0128353	0.00029826	0.998908	0.0467104	0.0128354	-0.0467104	0.998826	0.0661762	-0.242194	10.3778	
0.999903	0.000354889	-0.0139282	0.000350586	0.998718	0.0506157	0.0139283	-0.0506157	0.998621	0.0777536	-0.284294	11.2418	
0.999887	0.000412608	-0.0150246	0.000407225	0.998512	0.0545223	0.0150247	-0.0545223	0.9984	0.090278	-0.329775	12.1057	
0.99987	0.000474824	-0.0161243	0.000468194	0.998291	0.0584302	0.0161245	-0.0584302	0.998161	0.103752	-0.378635	12.9693	
0.999851	0.000541566	-0.0172274	0.00053351	0.998055	0.0623393	0.0172277	-0.0623392	0.997906	0.11818	-0.430877	13.8328	
0.999832	0.000612864	-0.0183339	0.00060319	0.997803	0.0662493	0.0183342	-0.0662492	0.997635	0.133563	-0.486501	14.696	
0.999811	0.000688747	-0.0194436	0.000677251	0.997535	0.0701603	0.0194441	-0.0701602	0.997346	0.149905	-0.545509	15.559	
0.999788	0.000769244	-0.0205567	0.00075571	0.997253	0.0740721	0.0205572	-0.074072	0.997041	0.167209	-0.6079	16.4217	
0.999765	0.000854382	-0.021673	0.000838581	0.996954	0.0779846	0.0216737	-0.0779844	0.996719	0.185477	-0.673676	17.2842	
0.99974	0.00094419	-0.0227926	0.000925883	0.99664	0.0818976	0.0227934	-0.0818974	0.99638	0.204712	-0.742837	18.1463	
0.999713	0.0010387	-0.0239153	0.00101763	0.996311	0.085811	0.0239163	-0.0858108	0.996024	0.224917	-0.815384	19.0082	
0.999686	0.00113793	-0.0250413	0.00111384	0.995966	0.0897248	0.0250423	-0.0897245	0.995652	0.246096	-0.891316	19.8698	
0.999657	0.00124191	-0.0261703	0.00121452	0.995605	0.0936387	0.0261716	-0.0936384	0.995262	0.26825	-0.970635	20.731	
0.999626	0.00135067	-0.0273024	0.00131969	0.995229	0.0975528	0.0273039	-0.0975523	0.994856	0.291382	-1.05334	21.5919	
0.999594	0.00146424	-0.0284376	0.00142937	0.994838	0.101467	0.0284394	-0.101466	0.994432	0.315495	-1.13943	22.4524	
0.999561	0.00158265	-0.0295758	0.00154356	0.994431	0.105381	0.0295779	-0.10538	0.993992	0.340592	-1.22891	23.3125	
0.999527	0.00170591	-0.030717	0.00166229	0.994008	0.109294	0.0307194	-0.109293	0.993535	0.366675	-1.32177	24.1723	
0.999491	0.00183406	-0.0318612	0.00178557	0.99357	0.113207	0.031864	-0.113207	0.99306	0.393747	-1.41802	25.0316	
0.999453	0.00196712	-0.0330083	0.0019134	0.993116	0.11712	0.0330115	-0.117119	0.992569	0.421811	-1.51765	25.8906	
0.999414	0.00210511	-0.0341583	0.00204581	0.992647	0.121032	0.0341619	-0.121031	0.992061	0.450869	-1.62067	26.7491	
0.999374	0.00224807	-0.0353112	0.00218281	0.992161	0.124943	0.0353152	-0.124942	0.991535	0.480923	-1.72707	27.6071	
0.999332	0.00239602	-0.0364668	0.0023244	0.991661	0.128854	0.0364715	-0.128852	0.990993	0.511976	-1.83686	28.4647	
0.999289	0.00254897	-0.0376253	0.0024706	0.991145	0.132763	0.0376305	-0.132761	0.990433	0.544031	-1.95002	29.3219	
0.999244	0.00270696	-0.0387865	0.00262143	0.990613	0.136671	0.0387924	-0.13667	0.989857	0.577089	-2.06657	30.1785	
0.999198	0.00287001	-0.0399505	0.0027769	0.990066	0.140578	0.039957	-0.140576	0.989263	0.611155	-2.1865	31.0346	
0.99915	0.00303815	-0.0411171	0.002937	0.989503	0.144484	0.0411244	-0.144482	0.988652	0.646229	-2.30981	31.8902	
0.9991	0.00321139	-0.0422863	0.00310177	0.988924	0.148388	0.0422945	-0.148386	0.988025	0.682314	-2.4365	32.7453	
0.999049	0.00338976	-0.0434582	0.00327121	0.98833	0.152291	0.0434673	-0.152289	0.98738	0.719412	-2.56657	33.5998	
0.998997	0.00357328	-0.0446327	0.00344532	0.987721	0.156192	0.0446427	-0.156189	0.986718	0.757526	-2.70001	34.4537	
0.998943	0.00376198	-0.0458097	0.00362413	0.987096	0.160091	0.0458208	-0.160088	0.986039	0.796659	-2.83682	35.3071	
0.998888	0.00395588	-0.0469892	0.00380763	0.986455	0.163989	0.0470014	-0.163985	0.985342	0.836812	-2.97701	36.1599	
0.99883	0.004155	-0.0481711	0.00399585	0.985799	0.167884	0.0481846	-0.16788	0.984629	0.877987	-3.12056	37.012	
0.998772	0.00435935	-0.0493555	0.00418878	0.985127	0.171777	0.0493703	-0.171773	0.983899	0.920187	-3.26749	37.8636	
0.998711	0.00456897	-0.0505423	0.00438644	0.98444	0.175668	0.0505585	-0.175663	0.983151	0.963414	-3.41778	38.7145	
0.99865	0.00478388	-0.0517315	0.00458884	0.983737	0.179556	0.0517491	-0.179551	0.982387	1.00767	-3.57144	39.5647	
0.998586	0.00500408	-0.0529229	0.00479598	0.983019	0.183442	0.0529422	-0.183437	0.981605	1.05296	-3.72846	40.4143	
0.998521	0.00522962	-0.0541167	0.00500788	0.982285	0.187326	0.0541376	-0.18732	0.980806	1.09928	-3.88884	41.2632	
0.998454	0.00546049	-0.0553126	0.00522454	0.981536	0.191206	0.0553354	-0.1912	0.97999	1.14663	-4.05258	42.1114	
0.998386	0.00569673	-0.0565108	0.00544597	0.980771	0.195084	0.0565355	-0.195077	0.979157	1.19502	-4.21967	42.9589	
0.998316	0.00593836	-0.0577112	0.00567218	0.979991	0.198959	0.057738	-0.198951	0.978307	1.24446	-4.39012	43.8056	
0.998244	0.00618539	-0.0589137	0.00590318	0.979196	0.202831	0.0589426	-0.202823	0.97744	1.29493	-4.56392	44.6516	
0.998171	0.00643784	-0.0601182	0.00613896	0.978385	0.2067	0.0601495	-0.206691	0.976556	1.34645	-4.74107	45.4969	
0.998095	0.00669572	-0.0613248	0.00637955	0.977559	0.210565	0.0613585	-0.210555	0.975654	1.39901	-4.92156	46.3413	
0.998019	0.00695907	-0.0625335	0.00662494	0.976718	0.214427	0.0625697	-0.214416	0.974736	1.45262	-5.10539	47.185	
0.99794	0.0072279	-0.0637441	0.00687514	0.975861	0.218285	0.0637831	-0.218274	0.973801	1.50727	-5.29256	48.0279	
0.99786	0.00750221	-0.0649566	0.00713016	0.974989	0.22214	0.0649985	-0.222128	0.972849	1.56298	-5.48307	48.87	
0.997778	0.00778204	-0.066171	0.00739	0.974101	0.225991	0.0662159	-0.225978	0.971879	1.61974	-5.67691	49.7113	
0.997486	0.00875423	-0.0703238	0.00759307	0.973425	0.228878	0.0704586	-0.228837	0.970912	1.67886	-5.87365	50.5517	
0.997175	0.00973994	-0.0744779	0.00780936	0.972739	0.23177	0.074705	-0.231697	0.969915	1.74166	-6.07287	51.3912	
0.996846	0.0107392	-0.0786329	0.0080389	0.972043	0.234666	0.0789546	-0.234558	0.96889	1.80813	-6.27456	52.2299	
0.996498	0.0117519	-0.0827885	0.00828174	0.971336	0.237566	0.0832073	-0.23742	0.967837	1.87828	-6.47872	53.0677	
0.996131	0.012778	-0.0869442	0.00853793	0.970619	0.24047	0.0874625	-0.240282	0.966755	1.9521	-6.68537	53.9045	
0.995746	0.0138177	-0.0910999	0.0088075	0.969892	0.243377	0.09172	-0.243144	0.965644	2.02961	-6.89449	54.7404	
0.995342	0.0148707	-0.0952551	0.00909047	0.969154	0.246287	0.0959794	-0.246006	0.964505	2.11081	-7.10608	55.5754	
0.994919	0.0159371	-0.0994095	0.00938688	0.968407	0.249199	0.10024	-0.248866	0.963337	2.19569	-7.32015	56.4093	
0.994477	0.0170169	-0.103563	0.00969673	0.967649	0.252113	0.104503	-0.251725	0.96214	2.28425	-7.53669	57.2422	
0.994017	0.01811	-0.107714	0.01002	0.966882	0.255029	0.108766	-0.254582	0.960915	2.37651	-7.75571	58.0741	
0.993538	0.0192163	-0.111864	0.0103568	0.966104	0.257945	0.113029	-0.257437	0.959662	2.47245	-7.9772	58.9049	
0.99304	0.0203359	-0.116012	0.0107071	0.965317	0.260862	0.117293	-0.260288	0.95838	2.57209	-8.20115	59.7346	
0.992523	0.0214686	-0.120157	0.0110708	0.96452	0.263778	0.121557	-0.263136	0.95707	2.67541	-8.42758	60.5632	
0.991987	0.0226145	-0.1243	0.0114479	0.963713	0.266695	0.125821	-0.265981	0.955732	2.78242	-8.65646	61.3906	
0.991432	0.0237735	-0.128439	0.0118385	0.962897	0.26961	0.130083	-0.26882	0.954366	2.89311	-8.8878	62.2169	
0.990859	0.0249454	-0.132575	0.0122425	0.962071	0.272524	0.134345	-0.271656	0.952971	3.0075	-9.1216	63.042	
0.990267	0.0261304	-0.136707	0.0126598	0.961236	0.275436	0.138605	-0.274486	0.951549	3.12557	-9.35785	63.8658	
0.989656	0.0273282	-0.140835	0.0130905	0.960392	0.278346	0.142864	-0.27731	0.9501	3.24733	-9.59654	64.6884	
0.989026	0.0285388	-0.144959	0.0135345	0.959538	0.281253	0.14712	-0.280129	0.948622	3.37277	-9.83768	65.5098	
0.988378	0.0297621	-0.149077	0.0139918	0.958676	0.284157	0.151374	-0.28294	0.947117	3.50189	-10.0812	66.3298	
0.98771	0.0309982	-0.153191	0.0144622	0.957804	0.287058	0.155625	-0.285745	0.945585	3.63469	-10.3272	67.1485	
0.987024	0.0322468	-0.1573	0.0149458	0.956924	0.289954	0.159874	-0.288543	0.944025	3.77117	-10.5757	67.966	
0.98632	0.0335079	-0.161402	0.0154425	0.956035	0.292846	0.164119	-0.291332	0.942439	3.91132	-10.8265	68.782	
0.985596	0.0347815	-0.165499	0.0159522	0.955137	0.295733	0.16836	-0.294113	0.940825	4.05514	-11.0798	69.5966	
0.984855	0.0360673	-0.16959	0.0164748	0.954232	0.298615	0.172598	-0.296886	0.939185	4.20263	-11.3354	70.4099	
0.981058	0.0421634	-0.189071	0.0153672	0.95601	0.292931	0.193105	-0.290288	0.937253	4.36083	-11.5894	71.2216	
0.976836	0.048121	-0.208507	0.0141356	0.957748	0.287261	0.213521	-0.283554	0.934883	4.53674	-11.8377	72.0315	
0.972192	0.0539375	-0.22789	0.0127806	0.959445	0.281606	0.233837	-0.276688	0.932075	4.73026	-12.08	72.8391	
0.967127	0.05961	-0.24721	0.0113029	0.9611	0.27597	0.254044	-0.269692	0.928831	4.94131	-12.3164	73.6441	
0.961643	0.065136	-0.266458	0.00970314	0.962712	0.270354	0.274132	-0.26257	0.925153	5.1698	-12.5466	74.4462	
0.955744	0.0705128	-0.285625	0.00798209	0.964281	0.264763	0.294092	-0.255325	0.921042	5.41561	-12.7707	75.2448	
0.949431	0.0757379	-0.304703	0.00614053	0.965805	0.259197	0.313915	-0.247961	0.9165	5.67863	-12.9884	76.0397	
0.942709	0.0808089	-0.323682	0.00417935	0.967284	0.25366	0.33359	-0.24048	0.91153	5.95873	-13.1997	76.8305	
0.93558	0.0857234	-0.342553	0.00209945	0.968718	0.248155	0.35311	-0.232888	0.906133	6.2558	-13.4045	77.6168	
0.928047	0.0904791	-0.361307	-9.81946e-05	0.970106	0.242683	0.372464	-0.225186	0.900312	6.56967	-13.6026	78.3983	
0.920114	0.0950739	-0.379936	-0.00241255	0.971446	0.237248	0.391644	-0.217379	0.89407	6.90022	-13.7941	79.1745	
0.911784	0.0995054	-0.398432	-0.00484254	0.972739	0.231853	0.410641	-0.20947	0.88741	7.24728	-13.9787	79.9452	
0.903063	0.103772	-0.416785	-0.00738702	0.973984	0.226498	0.429445	-0.201463	0.880335	7.6107	-14.1565	80.7099	
0.893952	0.107871	-0.434986	-0.0100448	0.975179	0.221188	0.448049	-0.193362	0.872848	7.9903	-14.3273	81.4683	
0.884458	0.111801	-0.453028	-0.0128147	0.976326	0.215925	0.466444	-0.185171	0.864952	8.3859	-14.491	82.2201	
0.874584	0.11556	-0.470902	-0.0156953	0.977423	0.21071	0.48462	-0.176893	0.856652	8.79732	-14.6477	82.9648	
