1	0	0	0	1	0	0	0	1	0	0	0	
0.999993	1.02688e-06	0.0037035	1.02688e-06	1	-0.000554544	-0.0037035	0.000554544	0.999993	-0.00146457	0.000219297	0.790907	
0.999973	4.11217e-06	0.00741042	4.11379e-06	0.999999	-0.00111004	-0.00741042	0.00111004	0.999972	-0.00585962	0.000877564	1.5818	
0.999938	9.26318e-06	0.0111207	9.26965e-06	0.999999	-0.00166647	-0.0111207	0.00166647	0.999937	-0.0131878	0.00197555	2.37268	
0.99989	1.64871e-05	0.0148342	1.65033e-05	0.999998	-0.00222382	-0.0148342	0.00222382	0.999887	-0.0234518	0.00351398	3.16352	
0.999828	2.5791e-05	0.0185508	2.58234e-05	0.999996	-0.00278208	-0.0185508	0.00278208	0.999824	-0.0366541	0.00549359	3.95431	
0.999752	3.71819e-05	0.0222705	3.72387e-05	0.999994	-0.00334124	-0.0222705	0.00334124	0.999746	-0.0527971	0.00791509	4.74505	
0.999662	5.06667e-05	0.0259932	5.07575e-05	0.999992	-0.00390128	-0.0259932	0.00390128	0.999655	-0.0718832	0.0107792	5.53573	
0.999558	6.6252e-05	0.0297187	6.63884e-05	0.99999	-0.00446219	-0.0297187	0.00446219	0.999548	-0.0939147	0.0140866	6.32632	
0.99944	8.39445e-05	0.033447	8.41395e-05	0.999987	-0.00502395	-0.033447	0.00502395	0.999428	-0.118894	0.0178379	7.11683	
0.999309	0.000103751	0.0371779	0.000104019	0.999984	-0.00558656	-0.0371779	0.00558656	0.999293	-0.146823	0.0220339	7.90723	
0.999163	0.000125677	0.0409114	0.000126035	0.999981	-0.00614999	-0.0409114	0.00615	0.999144	-0.177704	0.0266752	8.69752	
0.999003	0.00014973	0.0446474	0.000150196	0.999977	-0.00671424	-0.0446474	0.00671425	0.99898	-0.211538	0.0317624	9.48769	
0.998829	0.000175916	0.0483858	0.000176509	0.999973	-0.00727928	-0.0483858	0.0072793	0.998802	-0.248329	0.0372962	10.2777	
0.99864	0.00020424	0.0521265	0.000204983	0.999969	-0.00784512	-0.0521265	0.00784513	0.99861	-0.288077	0.0432772	11.0676	
0.998438	0.00023471	0.0558694	0.000235624	0.999965	-0.00841172	-0.0558694	0.00841175	0.998403	-0.330784	0.0497061	11.8573	
0.998221	0.000267329	0.0596143	0.000268441	0.99996	-0.00897908	-0.0596143	0.00897912	0.998181	-0.376453	0.0565834	12.6469	
0.997991	0.000302106	0.0633613	0.00030344	0.999954	-0.00954719	-0.0633613	0.00954724	0.997945	-0.425084	0.0639097	13.4363	
0.997746	0.000339044	0.0671102	0.00034063	0.999949	-0.010116	-0.0671102	0.0101161	0.997694	-0.47668	0.0716857	14.2255	
0.997486	0.00037815	0.0708609	0.000380017	0.999943	-0.0106856	-0.0708609	0.0106857	0.997429	-0.531241	0.0799119	15.0144	
0.997212	0.000419429	0.0746133	0.000421609	0.999937	-0.0112558	-0.0746133	0.0112559	0.997149	-0.58877	0.0885888	15.8032	
0.996924	0.000462886	0.0783674	0.000465413	0.99993	-0.0118268	-0.0783673	0.0118269	0.996854	-0.649267	0.097717	16.5917	
0.996622	0.000508527	0.0821229	0.000511434	0.999923	-0.0123984	-0.0821229	0.0123985	0.996545	-0.712733	0.107297	17.38	
0.996305	0.000556357	0.0858799	0.000559682	0.999916	-0.0129707	-0.0858799	0.0129708	0.996221	-0.779171	0.11733	18.1681	
0.995974	0.00060638	0.0896383	0.000610161	0.999908	-0.0135436	-0.0896383	0.0135438	0.995882	-0.848581	0.127815	18.9559	
0.995629	0.000658602	0.0933979	0.000662879	0.9999	-0.0141172	-0.0933979	0.0141174	0.995529	-0.920963	0.138754	19.7434	
0.995269	0.000713027	0.0971586	0.000717842	0.999892	-0.0146914	-0.0971586	0.0146916	0.99516	-0.99632	0.150146	20.5306	
0.994894	0.00076966	0.10092	0.000775056	0.999883	-0.0152662	-0.10092	0.0152664	0.994777	-1.07465	0.161993	21.3176	
0.994505	0.000828506	0.104683	0.000834528	0.999874	-0.0158415	-0.104683	0.0158419	0.994379	-1.15596	0.174295	22.1042	
0.994102	0.000889568	0.108447	0.000896264	0.999865	-0.0164175	-0.108447	0.0164179	0.993967	-1.24024	0.187053	22.8905	
0.993684	0.000952853	0.112211	0.00096027	0.999855	-0.016994	-0.112211	0.0169944	0.993539	-1.3275	0.200266	23.6764	
0.993251	0.00101836	0.115976	0.00102655	0.999845	-0.0175711	-0.115976	0.0175715	0.993097	-1.41774	0.213935	24.4621	
0.992804	0.0010861	0.119742	0.00109512	0.999835	-0.0181487	-0.119742	0.0181492	0.992639	-1.51096	0.228061	25.2473	
0.992343	0.00115608	0.123508	0.00116597	0.999824	-0.0187268	-0.123508	0.0187274	0.992167	-1.60715	0.242644	26.0322	
0.991867	0.00122829	0.127275	0.00123911	0.999813	-0.0193054	-0.127275	0.0193061	0.99168	-1.70632	0.257684	26.8168	
0.991376	0.00130274	0.131042	0.00131456	0.999801	-0.0198845	-0.131042	0.0198853	0.991177	-1.80848	0.273183	27.6009	
0.990871	0.00137944	0.134809	0.0013923	0.99979	-0.0204641	-0.134809	0.020465	0.99066	-1.91361	0.28914	28.3846	
0.990351	0.00145838	0.138576	0.00147236	0.999777	-0.0210441	-0.138576	0.0210451	0.990128	-2.02172	0.305555	29.1679	
0.989816	0.00153958	0.142343	0.00155473	0.999765	-0.0216246	-0.142343	0.0216257	0.989581	-2.13281	0.322429	29.9508	
0.989267	0.00162304	0.14611	0.00163942	0.999752	-0.0222056	-0.14611	0.0222068	0.989019	-2.24688	0.339763	30.7333	
0.988703	0.00170875	0.149877	0.00172644	0.999739	-0.0227869	-0.149877	0.0227882	0.988442	-2.36393	0.357557	31.5153	
0.988125	0.00179673	0.153644	0.00181578	0.999725	-0.0233686	-0.153644	0.0233701	0.98785	-2.48396	0.37581	32.2968	
0.987531	0.00188697	0.15741	0.00190746	0.999711	-0.0239508	-0.15741	0.0239524	0.987243	-2.60697	0.394524	33.0779	
0.986924	0.00197947	0.161176	0.00200148	0.999697	-0.0245333	-0.161176	0.0245351	0.986621	-2.73295	0.413699	33.8584	
0.986301	0.00207425	0.164942	0.00209784	0.999682	-0.0251162	-0.164941	0.0251181	0.985983	-2.86192	0.433334	34.6385	
0.985664	0.00217131	0.168706	0.00219655	0.999667	-0.0256994	-0.168706	0.0257015	0.985331	-2.99386	0.453431	35.4181	
0.985012	0.00227064	0.17247	0.00229761	0.999652	-0.0262829	-0.17247	0.0262853	0.984664	-3.12878	0.47399	36.1971	
0.984346	0.00237225	0.176234	0.00240103	0.999636	-0.0268668	-0.176233	0.0268693	0.983982	-3.26668	0.49501	36.9756	
0.983664	0.00247614	0.179996	0.00250681	0.99962	-0.027451	-0.179995	0.0274537	0.983284	-3.40755	0.516492	37.7536	
0.982968	0.00258231	0.183757	0.00261496	0.999604	-0.0280354	-0.183757	0.0280384	0.982572	-3.5514	0.538437	38.531	
0.982258	0.00269077	0.187517	0.00272547	0.999587	-0.0286201	-0.187517	0.0286234	0.981844	-3.69822	0.560844	39.3078	
0.981532	0.00280152	0.191276	0.00283836	0.999569	-0.0292051	-0.191276	0.0292087	0.981102	-3.84801	0.583714	40.0841	
0.980792	0.00291455	0.195034	0.00295362	0.999552	-0.0297903	-0.195033	0.0297942	0.980344	-4.00078	0.607047	40.8598	
0.980037	0.00302988	0.19879	0.00307126	0.999534	-0.0303758	-0.19879	0.03038	0.979571	-4.15652	0.630843	41.6348	
0.979268	0.00314751	0.202545	0.00319128	0.999515	-0.0309615	-0.202545	0.030966	0.978783	-4.31523	0.655103	42.4093	
0.977952	0.00335193	0.208805	0.00359659	0.999453	-0.0328889	-0.208801	0.0329148	0.977404	-4.4779	0.680365	43.1829	
0.976595	0.00356891	0.215059	0.00401375	0.999386	-0.0348115	-0.215051	0.0348599	0.97598	-4.64551	0.707167	43.9553	
0.975197	0.00379844	0.221306	0.00444274	0.999315	-0.0367291	-0.221294	0.0368013	0.974512	-4.81807	0.735506	44.7267	
0.973759	0.00404049	0.227547	0.00488352	0.999241	-0.0386417	-0.22753	0.0387389	0.973	-4.99556	0.765378	45.4968	
0.97228	0.00429506	0.23378	0.00533607	0.999163	-0.0405493	-0.233759	0.0406728	0.971444	-5.17798	0.796782	46.2658	
0.970761	0.00456213	0.240006	0.00580037	0.999082	-0.0424519	-0.239979	0.0426028	0.969843	-5.36532	0.829714	47.0335	
0.969201	0.00484167	0.246224	0.00627637	0.998996	-0.0443494	-0.246191	0.0445289	0.968198	-5.55758	0.864171	47.7999	
0.967601	0.00513366	0.252433	0.00676405	0.998907	-0.0462418	-0.252394	0.0464511	0.966509	-5.75475	0.900149	48.565	
0.96596	0.00543809	0.258633	0.00726339	0.998815	-0.0481291	-0.258589	0.0483694	0.964776	-5.95682	0.937647	49.3287	
0.964279	0.00575494	0.264825	0.00777436	0.998718	-0.0500112	-0.264773	0.0502836	0.962999	-6.16379	0.97666	50.091	
0.962558	0.00608417	0.271007	0.00829693	0.998618	-0.0518882	-0.270948	0.0521939	0.961178	-6.37564	1.01719	50.852	
0.960797	0.00642578	0.277179	0.00883108	0.998515	-0.0537599	-0.277113	0.0541001	0.959313	-6.59238	1.05922	51.6114	
0.958995	0.00677973	0.283341	0.00937677	0.998408	-0.0556264	-0.283267	0.0560023	0.957405	-6.81398	1.10276	52.3694	
0.957154	0.00714601	0.289492	0.00993399	0.998297	-0.0574876	-0.289409	0.0579003	0.955453	-7.04045	1.1478	53.1259	
0.955272	0.00752458	0.295632	0.0105027	0.998182	-0.0593435	-0.295541	0.0597942	0.953457	-7.27177	1.19435	53.8808	
0.953351	0.00791542	0.301761	0.0110829	0.998064	-0.0611941	-0.301661	0.0616839	0.951418	-7.50794	1.24239	54.6341	
0.95139	0.0083185	0.307877	0.0116745	0.997943	-0.0630394	-0.307768	0.0635693	0.949335	-7.74894	1.29192	55.3857	
0.949389	0.0087338	0.313982	0.0122776	0.997818	-0.0648792	-0.313864	0.0654505	0.947209	-7.99477	1.34294	56.1357	
0.947348	0.0091613	0.320075	0.012892	0.997689	-0.0667136	-0.319946	0.0673274	0.945041	-8.24541	1.39545	56.884	
0.945268	0.00960095	0.326154	0.0135178	0.997557	-0.0685426	-0.326015	0.0692	0.942828	-8.50086	1.44944	57.6306	
0.943148	0.0100527	0.33222	0.014155	0.997421	-0.0703662	-0.332071	0.0710683	0.940573	-8.76111	1.50491	58.3754	
0.940989	0.0105166	0.338273	0.0148035	0.997281	-0.0721842	-0.338112	0.0729322	0.938276	-9.02613	1.56185	59.1184	
0.938791	0.0109926	0.344311	0.0154633	0.997139	-0.0739967	-0.344139	0.0747916	0.935935	-9.29593	1.62027	59.8596	
0.936554	0.0114806	0.350336	0.0161343	0.996992	-0.0758036	-0.350152	0.0766466	0.933552	-9.5705	1.68016	60.5989	
0.934278	0.0119806	0.356345	0.0168166	0.996842	-0.077605	-0.35615	0.0784971	0.931126	-9.84981	1.74151	61.3363	
0.931962	0.0124925	0.36234	0.0175102	0.996689	-0.0794007	-0.362132	0.0803431	0.928658	-10.1339	1.80433	62.0717	
0.929609	0.0130165	0.368319	0.0182149	0.996532	-0.0811908	-0.368098	0.0821846	0.926148	-10.4226	1.8686	62.8052	
0.927216	0.0135523	0.374282	0.0189309	0.996372	-0.0829752	-0.374048	0.0840214	0.923595	-10.7161	1.93433	63.5367	
0.924785	0.0141	0.380229	0.019658	0.996208	-0.0847539	-0.379982	0.0858537	0.921001	-11.0143	2.0015	64.2662	
0.922315	0.0146595	0.38616	0.0203962	0.996041	-0.0865269	-0.385899	0.0876813	0.918365	-11.3172	2.07013	64.9936	
0.919808	0.0152308	0.392074	0.0211456	0.99587	-0.0882942	-0.391799	0.0895043	0.915687	-11.6247	2.1402	65.7188	
0.917262	0.0158139	0.39797	0.0219061	0.995696	-0.0900556	-0.397681	0.0913226	0.912968	-11.9369	2.21171	66.442	
0.914678	0.0164087	0.403849	0.0226776	0.995518	-0.0918113	-0.403546	0.0931361	0.910207	-12.2538	2.28465	67.163	
0.912057	0.0170152	0.40971	0.0234602	0.995337	-0.0935611	-0.409392	0.0949449	0.907405	-12.5753	2.35903	67.8818	
0.909398	0.0176334	0.415553	0.0242539	0.995153	-0.095305	-0.41522	0.0967489	0.904562	-12.9014	2.43484	68.5983	
0.906701	0.0182631	0.421378	0.0250585	0.994965	-0.097043	-0.421028	0.0985481	0.901678	-13.2321	2.51207	69.3126	
0.903967	0.0189045	0.427183	0.0258742	0.994773	-0.0987751	-0.426818	0.100342	0.898753	-13.5673	2.59072	70.0246	
0.896311	0.0207477	0.44294	0.0297778	0.993834	-0.106809	-0.442425	0.108924	0.890166	-13.9111	2.67348	70.7321	
0.888382	0.0227417	0.458542	0.0338208	0.992817	-0.114764	-0.457859	0.117462	0.881231	-14.2671	2.76301	71.4326	
0.880182	0.0248857	0.473984	0.0380015	0.991724	-0.122637	-0.473113	0.125955	0.871951	-14.6353	2.85927	72.1259	
0.871715	0.0271788	0.48926	0.0423185	0.990555	-0.130425	-0.488183	0.134398	0.862331	-15.0155	2.96223	72.8118	
0.862984	0.0296203	0.504363	0.04677	0.98931	-0.138126	-0.503062	0.142789	0.852373	-15.4075	3.07185	73.4899	
0.853993	0.032209	0.519287	0.0513542	0.98799	-0.145735	-0.517745	0.151124	0.842082	-15.8112	3.18808	74.16	
0.844745	0.0349441	0.534028	0.0560694	0.986595	-0.153251	-0.532224	0.1594	0.831462	-16.2264	3.31089	74.8218	
0.835243	0.0378244	0.548578	0.0609137	0.985127	-0.160669	-0.546496	0.167614	0.820517	-16.653	3.44021	75.4751	
