1	0	0	0	1	0	0	0	1	0	0	0	
1	2.63699e-09	-9.82881e-07	2.63699e-09	0.999986	0.0053658	9.82881e-07	-0.0053658	0.999986	4.72082e-07	-0.00257722	0.960601	
1	2.10033e-08	-3.26468e-06	1.40335e-08	0.999942	0.0107317	3.26472e-06	-0.0107317	0.999942	2.51222e-06	-0.0103089	1.92118	
1	6.90408e-08	-6.84534e-06	4.11609e-08	0.99987	0.0160975	6.84556e-06	-0.0160975	0.99987	7.36823e-06	-0.0231951	2.88169	
1	1.60692e-07	-1.17247e-05	9.09918e-08	0.99977	0.0214631	1.17254e-05	-0.0214631	0.99977	1.62879e-05	-0.0412356	3.84213	
1	3.09901e-07	-1.79023e-05	1.70499e-07	0.99964	0.0268282	1.79042e-05	-0.0268282	0.99964	3.05192e-05	-0.0644301	4.80245	
1	5.30607e-07	-2.5378e-05	2.86657e-07	0.999482	0.0321928	2.53819e-05	-0.0321928	0.999482	5.13097e-05	-0.0927782	5.76264	
1	8.36752e-07	-3.4151e-05	4.46437e-07	0.999294	0.0375567	3.41583e-05	-0.0375567	0.999294	7.99071e-05	-0.126279	6.72266	
1	1.24227e-06	-4.42207e-05	6.56815e-07	0.999079	0.0429197	4.42333e-05	-0.0429197	0.999079	0.000117559	-0.164932	7.68249	
1	1.7611e-06	-5.55865e-05	9.24761e-07	0.998834	0.0482816	5.56067e-05	-0.0482816	0.998834	0.000165512	-0.208737	8.64209	
1	2.40716e-06	-6.82473e-05	1.25725e-06	0.99856	0.0536423	6.82781e-05	-0.0536423	0.99856	0.000225015	-0.257691	9.60145	
1	3.19437e-06	-8.22021e-05	1.66125e-06	0.998258	0.0590016	8.22474e-05	-0.0590016	0.998258	0.000297313	-0.311795	10.5605	
1	4.13666e-06	-9.74498e-05	2.14373e-06	0.997927	0.0643594	9.7514e-05	-0.0643594	0.997927	0.000383653	-0.371045	11.5193	
1	5.24792e-06	-0.000113989	2.71165e-06	0.997567	0.0697154	0.000114078	-0.0697154	0.997567	0.000485281	-0.435442	12.4778	
1	6.54206e-06	-0.000131819	3.372e-06	0.997178	0.0750696	0.000131938	-0.0750696	0.997178	0.000603444	-0.504983	13.4358	
1	8.03296e-06	-0.000150937	4.13171e-06	0.996761	0.0804217	0.000151095	-0.0804217	0.996761	0.000739386	-0.579666	14.3935	
1	9.73449e-06	-0.000171343	4.99777e-06	0.996315	0.0857717	0.000171547	-0.0857717	0.996315	0.000894352	-0.659489	15.3508	
1	1.16605e-05	-0.000193034	5.97711e-06	0.99584	0.0911192	0.000193294	-0.0911192	0.99584	0.00106959	-0.744451	16.3077	
1	1.38249e-05	-0.000216009	7.07671e-06	0.995336	0.0964643	0.000216335	-0.0964643	0.995336	0.00126633	-0.834548	17.264	
1	1.62415e-05	-0.000240266	8.3035e-06	0.994804	0.101807	0.000240671	-0.101807	0.994804	0.00148583	-0.929778	18.2199	
1	1.89241e-05	-0.000265802	9.66443e-06	0.994243	0.107146	0.000266299	-0.107146	0.994243	0.00172933	-1.03014	19.1752	
1	2.18866e-05	-0.000292615	1.11665e-05	0.993654	0.112483	0.00029322	-0.112483	0.993654	0.00199807	-1.13563	20.13	
1	2.51426e-05	-0.000320704	1.28165e-05	0.993035	0.117816	0.000321432	-0.117816	0.993035	0.00229329	-1.24624	21.0843	
1	2.8706e-05	-0.000350065	1.46215e-05	0.992389	0.123146	0.000350935	-0.123146	0.992389	0.00261623	-1.36198	22.0379	
1	3.25906e-05	-0.000380696	1.65884e-05	0.991713	0.128472	0.000381728	-0.128472	0.991713	0.00296814	-1.48283	22.9908	
1	3.68101e-05	-0.000412595	1.87241e-05	0.991009	0.133795	0.00041381	-0.133795	0.991009	0.00335024	-1.6088	23.9431	
1	4.13781e-05	-0.000445758	2.10355e-05	0.990276	0.139114	0.00044718	-0.139114	0.990276	0.00376377	-1.73988	24.8948	
1	4.63084e-05	-0.000480183	2.35296e-05	0.989515	0.144429	0.000481837	-0.144429	0.989515	0.00420998	-1.87606	25.8457	
1	5.16147e-05	-0.000515867	2.62132e-05	0.988725	0.14974	0.00051778	-0.14974	0.988725	0.0046901	-2.01735	26.7958	
1	5.73106e-05	-0.000552807	2.90932e-05	0.987907	0.155046	0.000555008	-0.155046	0.987907	0.00520537	-2.16374	27.7452	
1	6.34097e-05	-0.000590999	3.21766e-05	0.98706	0.160348	0.000593519	-0.160348	0.98706	0.00575701	-2.31523	28.6938	
1	6.99256e-05	-0.00063044	3.54701e-05	0.986185	0.165646	0.000633313	-0.165646	0.986185	0.00634626	-2.47181	29.6416	
1	7.68719e-05	-0.000671126	3.89808e-05	0.985282	0.170939	0.000674389	-0.170939	0.985281	0.00697436	-2.63347	30.5885	
1	8.42622e-05	-0.000713054	4.27154e-05	0.98435	0.176226	0.000716744	-0.176226	0.984349	0.00764252	-2.80021	31.5345	
1	9.21099e-05	-0.000756221	4.66809e-05	0.983389	0.181509	0.000760378	-0.181509	0.983389	0.00835199	-2.97204	32.4796	
1	0.000100428	-0.000800622	5.0884e-05	0.982401	0.186786	0.00080529	-0.186786	0.9824	0.00910399	-3.14893	33.4238	
1	0.000109231	-0.000846254	5.53316e-05	0.981384	0.192058	0.000851478	-0.192058	0.981383	0.00989974	-3.33089	34.367	
1	0.000118532	-0.000893111	6.00306e-05	0.980338	0.197324	0.000898941	-0.197324	0.980338	0.0107405	-3.51791	35.3092	
1	0.000128344	-0.000941192	6.49878e-05	0.979265	0.202585	0.000947676	-0.202584	0.979264	0.0116274	-3.70999	36.2504	
0.999999	0.000138681	-0.00099049	7.02099e-05	0.978163	0.207839	0.000997684	-0.207839	0.978163	0.0125618	-3.90712	37.1906	
0.999999	0.000149555	-0.001041	7.57039e-05	0.977033	0.213088	0.00104896	-0.213087	0.977033	0.0135448	-4.10929	38.1297	
0.999999	0.000160981	-0.00109272	8.14764e-05	0.975875	0.21833	0.00110151	-0.21833	0.975874	0.0145777	-4.3165	39.0676	
0.999999	0.000172971	-0.00114565	8.75344e-05	0.974689	0.223566	0.00115532	-0.223566	0.974688	0.0156616	-4.52875	40.0045	
0.999999	0.000185539	-0.00119977	9.38845e-05	0.973475	0.228795	0.0012104	-0.228795	0.973474	0.0167979	-4.74602	40.9402	
0.999999	0.000198697	-0.00125509	0.000100533	0.972232	0.234017	0.00126674	-0.234017	0.972232	0.0179877	-4.96831	41.8748	
0.999999	0.00021246	-0.0013116	0.000107488	0.970962	0.239233	0.00132434	-0.239233	0.970961	0.0192322	-5.19561	42.8081	
0.999999	0.000226839	-0.0013693	0.000114755	0.969664	0.244442	0.00138321	-0.244442	0.969663	0.0205326	-5.42792	43.7402	
0.999999	0.000241849	-0.00142817	0.000122341	0.968338	0.249643	0.00144333	-0.249643	0.968337	0.0218902	-5.66523	44.671	
0.999999	0.000257502	-0.00148822	0.000130254	0.966984	0.254837	0.0015047	-0.254837	0.966983	0.0233062	-5.90754	45.6005	
0.999999	0.000273811	-0.00154944	0.000138498	0.965602	0.260024	0.00156734	-0.260024	0.965601	0.0247817	-6.15483	46.5288	
0.999999	0.000290789	-0.00161182	0.000147082	0.964193	0.265203	0.00163122	-0.265203	0.964191	0.026318	-6.4071	47.4557	
0.999999	0.000308449	-0.00167535	0.000156012	0.962755	0.270374	0.00169635	-0.270374	0.962754	0.0279162	-6.66434	48.3812	
0.999998	0.000326804	-0.00174005	0.000165294	0.96129	0.275537	0.00176274	-0.275537	0.961289	0.0295776	-6.92654	49.3053	
0.999998	0.000345866	-0.00180588	0.000174936	0.959798	0.280692	0.00183036	-0.280692	0.959796	0.0313034	-7.1937	50.228	
0.999998	0.000365649	-0.00187286	0.000184944	0.958278	0.285839	0.00189924	-0.285839	0.958276	0.0330948	-7.46581	51.1493	
0.999998	0.000386164	-0.00194097	0.000195324	0.95673	0.290977	0.00196935	-0.290977	0.956728	0.0349529	-7.74285	52.069	
0.999998	0.000407425	-0.00201021	0.000206083	0.955155	0.296107	0.0020407	-0.296107	0.955153	0.0368789	-8.02483	52.9873	
0.999998	0.000429445	-0.00208057	0.000217228	0.953552	0.301228	0.00211329	-0.301228	0.95355	0.0388741	-8.31173	53.9041	
0.999998	0.000452235	-0.00215205	0.000228765	0.951922	0.30634	0.00218712	-0.30634	0.95192	0.0409396	-8.60355	54.8193	
0.999997	0.000475809	-0.00222463	0.000240701	0.950265	0.311443	0.00226218	-0.311443	0.950262	0.0430766	-8.90027	55.7329	
0.999997	0.000500179	-0.00229832	0.000253043	0.94858	0.316537	0.00233846	-0.316536	0.948577	0.0452863	-9.2019	56.6449	
0.999997	0.000525356	-0.0023731	0.000265796	0.946868	0.321621	0.00241598	-0.321621	0.946865	0.0475699	-9.5084	57.5553	
0.999997	0.000551355	-0.00244897	0.000278968	0.945129	0.326696	0.00249472	-0.326696	0.945126	0.0499285	-9.81979	58.4641	
0.999987	0.00138021	-0.00483593	0.000289551	0.944206	0.329356	0.0050207	-0.329354	0.944193	0.0535382	-10.1349	59.3715	
0.999971	0.00221713	-0.00722439	0.000307269	0.943274	0.332017	0.00755069	-0.332009	0.943246	0.0595763	-10.4526	60.2781	
0.999949	0.00306199	-0.00961389	0.000332145	0.942333	0.334676	0.0100843	-0.334662	0.942284	0.0680464	-10.7728	61.1837	
0.99992	0.00391467	-0.012004	0.000364195	0.941385	0.337335	0.012621	-0.337313	0.941308	0.0789518	-11.0955	62.0884	
0.999885	0.00477504	-0.0143943	0.000403435	0.940428	0.339993	0.0151603	-0.33996	0.940318	0.0922953	-11.4208	62.9921	
0.999843	0.00564297	-0.0167844	0.000449875	0.939463	0.342649	0.0177019	-0.342603	0.939314	0.108079	-11.7486	63.8949	
0.999795	0.00651831	-0.0191738	0.000503523	0.938491	0.345304	0.0202453	-0.345242	0.938295	0.126305	-12.079	64.7967	
0.99974	0.00740092	-0.0215622	0.000564382	0.937511	0.347956	0.0227899	-0.347878	0.937263	0.146975	-12.4119	65.6976	
0.999679	0.00829067	-0.023949	0.000632454	0.936523	0.350606	0.0253355	-0.350508	0.936217	0.17009	-12.7474	66.5974	
0.999611	0.00918739	-0.0263338	0.000707734	0.935528	0.353253	0.0278815	-0.353134	0.935157	0.19565	-13.0853	67.4962	
0.999537	0.0100909	-0.0287164	0.000790217	0.934525	0.355897	0.0304275	-0.355755	0.934084	0.223656	-13.4258	68.394	
0.999456	0.0110011	-0.0310961	0.000879892	0.933515	0.358538	0.032973	-0.35837	0.932997	0.254108	-13.7688	69.2908	
0.998764	0.0168641	-0.0467616	0.000168052	0.939544	0.342427	0.0497093	-0.342011	0.93838	0.293822	-14.1052	70.1897	
0.997792	0.0224515	-0.0625127	-0.000831717	0.945291	0.326227	0.066417	-0.325455	0.943222	0.349601	-14.4258	71.0935	
0.99654	0.0277602	-0.0783403	-0.00211884	0.950751	0.309949	0.0830863	-0.308711	0.94752	0.421411	-14.7304	72.0016	
0.99501	0.0327871	-0.0942352	-0.00369257	0.955921	0.293602	0.0997077	-0.291789	0.951272	0.509212	-15.0189	72.9137	
0.993202	0.0375292	-0.110188	-0.00555201	0.960798	0.277195	0.116272	-0.274699	0.954474	0.612953	-15.291	73.8291	
0.991117	0.0419838	-0.126191	-0.00769608	0.965379	0.260737	0.132769	-0.25745	0.957127	0.732573	-15.5466	74.7473	
0.988757	0.0461485	-0.142233	-0.0101235	0.969662	0.244239	0.149189	-0.240053	0.959227	0.868005	-15.7855	75.6677	
0.986122	0.0500207	-0.158305	-0.012833	0.973645	0.227709	0.165523	-0.222517	0.960775	1.01917	-16.0077	76.59	
0.983215	0.0535983	-0.174399	-0.0158229	0.977324	0.211157	0.181762	-0.204853	0.961768	1.18598	-16.213	77.5134	
0.980037	0.0568791	-0.190505	-0.0190915	0.980698	0.194593	0.197896	-0.187071	0.962207	1.36834	-16.4012	78.4375	
0.97659	0.0598613	-0.206613	-0.0226369	0.983765	0.178026	0.213916	-0.169181	0.96209	1.56614	-16.5724	79.3618	
0.972875	0.0625432	-0.222715	-0.0264571	0.986524	0.161466	0.229812	-0.151194	0.961419	1.77928	-16.7262	80.2857	
0.968896	0.0649233	-0.238801	-0.0305499	0.988971	0.144922	0.245576	-0.133119	0.960194	2.00762	-16.8628	81.2087	
0.964654	0.067	-0.254862	-0.0349129	0.991107	0.128404	0.261199	-0.114968	0.958414	2.25104	-16.982	82.1303	
0.960151	0.0687723	-0.270888	-0.0395436	0.99293	0.111922	0.27667	-0.0967499	0.956082	2.50939	-17.0837	83.0499	
0.955391	0.0702392	-0.286871	-0.0444393	0.994438	0.0954842	0.291982	-0.0784764	0.953199	2.78253	-17.1678	83.967	
0.950376	0.0713997	-0.302801	-0.0495972	0.995632	0.0791009	0.307126	-0.0601575	0.949766	3.07029	-17.2344	84.881	
0.945108	0.0722532	-0.318669	-0.0550143	0.99651	0.0627815	0.322093	-0.041804	0.945785	3.37252	-17.2834	85.7915	
0.939592	0.0727993	-0.334465	-0.0606876	0.997071	0.0465354	0.336874	-0.0234264	0.941258	3.68904	-17.3147	86.6979	
0.93383	0.0730375	-0.350182	-0.0666137	0.997316	0.0303718	0.35146	-0.00503521	0.936189	4.01967	-17.3284	87.5997	
0.927825	0.0729678	-0.365809	-0.0727892	0.997245	0.0143002	0.365844	0.0133588	0.93058	4.36421	-17.3244	88.4963	
0.921582	0.0725903	-0.381337	-0.0792106	0.996857	-0.00167023	0.380017	0.0317452	0.924435	4.72246	-17.3027	89.3873	
0.915102	0.071905	-0.396758	-0.0858741	0.996152	-0.0175302	0.393971	0.0501132	0.917756	5.09423	-17.2634	90.2722	
0.908392	0.0709125	-0.412063	-0.0927759	0.995131	-0.0332707	0.407698	0.0684524	0.910548	5.47929	-17.2065	91.1504	
0.901453	0.0696133	-0.427243	-0.0999121	0.993795	-0.0488825	0.421189	0.086752	0.902814	5.87743	-17.1319	92.0214	
