1	0	0	0	1	0	0	0	1	0	0	0	
1	-6.52348e-08	-6.6787e-05	-6.52348e-08	0.999998	-0.00195352	6.6787e-05	0.00195352	0.999998	2.86543e-05	0.000838138	0.85808	
1	-2.59931e-07	-0.000133192	-2.609e-07	0.999992	-0.00391036	0.000133192	0.00391036	0.999992	0.000114453	0.00335398	1.71616	
1	-5.82796e-07	-0.000199211	-5.86677e-07	0.999983	-0.00587047	0.000199211	0.00587047	0.999983	0.000257068	0.00755035	2.57423	
1	-1.03251e-06	-0.00026484	-1.04222e-06	0.999969	-0.00783377	0.00026484	0.00783377	0.999969	0.000456164	0.01343	3.43229	
1	-1.60771e-06	-0.000330076	-1.62718e-06	0.999952	-0.0098002	0.000330075	0.0098002	0.999952	0.000711407	0.0209957	4.29034	
1	-2.30702e-06	-0.000394913	-2.34114e-06	0.999931	-0.0117697	0.000394913	0.0117697	0.999931	0.00102246	0.0302501	5.14837	
1	-3.12903e-06	-0.00045935	-3.18372e-06	0.999906	-0.0137422	0.000459349	0.0137422	0.999905	0.00138897	0.0411957	6.00638	
1	-4.0723e-06	-0.000523381	-4.15446e-06	0.999876	-0.0157175	0.00052338	0.0157175	0.999876	0.0018106	0.0538351	6.86436	
1	-5.13537e-06	-0.000587003	-5.25291e-06	0.999843	-0.0176958	0.000587002	0.0176958	0.999843	0.002287	0.0681707	7.72233	
1	-6.31674e-06	-0.000650213	-6.4786e-06	0.999806	-0.0196768	0.000650212	0.0196768	0.999806	0.00281781	0.0842051	8.58026	
1	-7.61488e-06	-0.000713007	-7.83102e-06	0.999765	-0.0216605	0.000713005	0.0216605	0.999765	0.00340269	0.10194	9.43815	
1	-9.02825e-06	-0.000775381	-9.30964e-06	0.99972	-0.0236469	0.000775378	0.0236469	0.99972	0.00404127	0.121379	10.296	
1	-1.05553e-05	-0.000837333	-1.09139e-05	0.999671	-0.0256358	0.000837328	0.0256358	0.999671	0.00473318	0.142524	11.1538	
1	-1.21944e-05	-0.000898857	-1.26433e-05	0.999618	-0.0276273	0.000898851	0.0276273	0.999618	0.00547807	0.165376	12.0116	
1	-1.39439e-05	-0.000959952	-1.44972e-05	0.999561	-0.0296212	0.000959944	0.0296212	0.999561	0.00627557	0.189937	12.8693	
0.999999	-1.58022e-05	-0.00102061	-1.64749e-05	0.9995	-0.0316174	0.0010206	0.0316174	0.9995	0.00712531	0.216211	13.727	
0.999999	-1.77676e-05	-0.00108084	-1.85759e-05	0.999435	-0.033616	0.00108083	0.033616	0.999434	0.0080269	0.244199	14.5846	
0.999999	-1.98384e-05	-0.00114062	-2.07996e-05	0.999366	-0.0356168	0.00114061	0.0356168	0.999365	0.00897999	0.273903	15.4422	
0.999999	-2.20128e-05	-0.00119997	-2.31451e-05	0.999292	-0.0376197	0.00119995	0.0376197	0.999291	0.00998418	0.305324	16.2997	
0.999999	-2.42892e-05	-0.00125886	-2.56119e-05	0.999215	-0.0396247	0.00125884	0.0396247	0.999214	0.0110391	0.338465	17.1571	
0.999999	-2.66658e-05	-0.00131731	-2.81992e-05	0.999133	-0.0416317	0.00131728	0.0416317	0.999132	0.0121444	0.373327	18.0145	
0.999999	-2.91408e-05	-0.00137531	-3.09063e-05	0.999047	-0.0436407	0.00137527	0.0436407	0.999046	0.0132996	0.409913	18.8718	
0.999999	-3.17123e-05	-0.00143285	-3.37325e-05	0.998957	-0.0456516	0.0014328	0.0456516	0.998956	0.0145043	0.448223	19.729	
0.999999	-3.43785e-05	-0.00148993	-3.66769e-05	0.998863	-0.0476642	0.00148987	0.0476642	0.998862	0.0157583	0.488259	20.5862	
0.999999	-3.71376e-05	-0.00154655	-3.97387e-05	0.998765	-0.0496787	0.00154648	0.0496787	0.998764	0.017061	0.530023	21.4433	
0.999999	-3.99877e-05	-0.00160271	-4.29173e-05	0.998663	-0.0516947	0.00160263	0.0516947	0.998662	0.0184121	0.573516	22.3002	
0.999999	-4.29269e-05	-0.0016584	-4.62116e-05	0.998556	-0.0537124	0.00165831	0.0537124	0.998555	0.0198112	0.61874	23.1571	
0.999999	-4.59533e-05	-0.00171362	-4.96209e-05	0.998446	-0.0557316	0.00171352	0.0557316	0.998444	0.0212578	0.665696	24.0139	
0.999998	-4.90649e-05	-0.00176837	-5.31443e-05	0.998331	-0.0577523	0.00176825	0.0577523	0.998329	0.0227516	0.714385	24.8706	
0.999998	-5.22598e-05	-0.00182264	-5.6781e-05	0.998212	-0.0597743	0.00182251	0.0597743	0.99821	0.0242922	0.764809	25.7272	
0.999998	-5.5536e-05	-0.00187644	-6.05299e-05	0.998089	-0.0617977	0.00187629	0.0617977	0.998087	0.0258792	0.816968	26.5837	
0.999998	-5.88916e-05	-0.00192976	-6.43903e-05	0.997961	-0.0638223	0.00192958	0.0638223	0.997959	0.027512	0.870865	27.4401	
0.999998	-6.23245e-05	-0.0019826	-6.83611e-05	0.99783	-0.0658481	0.0019824	0.0658481	0.997828	0.0291904	0.926498	28.2964	
0.999998	-6.58327e-05	-0.00203495	-7.24414e-05	0.997694	-0.067875	0.00203472	0.067875	0.997692	0.0309139	0.983871	29.1525	
0.999998	-6.94142e-05	-0.00208681	-7.66302e-05	0.997554	-0.069903	0.00208656	0.069903	0.997552	0.0326821	1.04298	30.0086	
0.999998	-7.30668e-05	-0.00213819	-8.09266e-05	0.99741	-0.0719319	0.00213791	0.0719319	0.997407	0.0344946	1.10384	30.8645	
0.999998	-7.67887e-05	-0.00218907	-8.53295e-05	0.997261	-0.0739617	0.00218876	0.0739617	0.997259	0.0363509	1.16643	31.7203	
0.999997	-8.05775e-05	-0.00223947	-8.98379e-05	0.997108	-0.0759923	0.00223911	0.0759923	0.997106	0.0382507	1.23077	32.5759	
0.999997	-8.44314e-05	-0.00228936	-9.44508e-05	0.996951	-0.0780237	0.00228897	0.0780237	0.996949	0.0401934	1.29685	33.4315	
0.999997	-8.83481e-05	-0.00233876	-9.91671e-05	0.99679	-0.0800558	0.00233833	0.0800558	0.996788	0.0421787	1.36467	34.2869	
0.999997	-9.23255e-05	-0.00238766	-0.000103986	0.996625	-0.0820885	0.00238718	0.0820885	0.996622	0.0442061	1.43424	35.1421	
0.999997	-9.63615e-05	-0.00243606	-0.000108906	0.996455	-0.0841218	0.00243553	0.0841218	0.996453	0.0462753	1.50555	35.9972	
0.999997	-0.000100454	-0.00248395	-0.000113926	0.996282	-0.0861555	0.00248337	0.0861555	0.996279	0.0483857	1.5786	36.8522	
0.999997	-0.000104601	-0.00253134	-0.000119045	0.996104	-0.0881896	0.0025307	0.0881897	0.9961	0.0505369	1.6534	37.707	
0.999997	-0.000108799	-0.00257822	-0.000124262	0.995921	-0.0902241	0.00257752	0.0902242	0.995918	0.0527285	1.72995	38.5616	
0.999997	-0.000113048	-0.00262459	-0.000129576	0.995735	-0.0922589	0.00262382	0.0922589	0.995732	0.0549601	1.80824	39.4161	
0.999996	-0.000117345	-0.00267045	-0.000134986	0.995544	-0.0942938	0.00266961	0.0942939	0.995541	0.0572312	1.88828	40.2705	
0.999996	-0.000121687	-0.0027158	-0.00014049	0.99535	-0.0963289	0.00271489	0.0963289	0.995346	0.0595414	1.97007	41.1247	
0.999996	-0.000126072	-0.00276063	-0.000146087	0.99515	-0.098364	0.00275964	0.0983641	0.995147	0.0618902	2.0536	41.9787	
0.999996	-0.000130498	-0.00280495	-0.000151776	0.994947	-0.100399	0.00280388	0.100399	0.994943	0.0642772	2.13887	42.8325	
0.999996	-0.000134964	-0.00284875	-0.000157557	0.99474	-0.102434	0.00284759	0.102434	0.994736	0.0667019	2.2259	43.6861	
0.999996	-0.000139465	-0.00289203	-0.000163427	0.994528	-0.104469	0.00289078	0.104469	0.994524	0.0691639	2.31467	44.5396	
0.999996	-0.000144002	-0.0029348	-0.000169385	0.994312	-0.106504	0.00293344	0.106504	0.994308	0.0716627	2.40518	45.3929	
0.999996	-0.00014857	-0.00297704	-0.000175431	0.994092	-0.108538	0.00297558	0.108538	0.994088	0.0741979	2.49745	46.246	
0.999995	-0.000153168	-0.00301876	-0.000181562	0.993868	-0.110572	0.00301718	0.110572	0.993864	0.076769	2.59145	47.0989	
0.999995	-0.000157794	-0.00305995	-0.000187779	0.99364	-0.112606	0.00305826	0.112606	0.993635	0.0793756	2.68721	47.9516	
0.999995	-0.000162446	-0.00310063	-0.000194079	0.993407	-0.114639	0.00309881	0.114639	0.993402	0.0820173	2.7847	48.8042	
0.999995	-0.00016712	-0.00314077	-0.000200461	0.993171	-0.116671	0.00313882	0.116671	0.993166	0.0846935	2.88394	49.6565	
1	0.000140229	-0.000528587	-0.000201128	0.993128	-0.117035	0.000508543	0.117035	0.993128	0.0862583	2.98421	50.5087	
0.999998	0.000448811	0.00208581	-0.00020083	0.993085	-0.117401	-0.00212408	0.117401	0.993082	0.0855652	3.0848	51.3608	
0.999989	0.000758621	0.0047023	-0.000199551	0.993041	-0.117771	-0.00475892	0.117768	0.99303	0.0826121	3.18569	52.213	
0.999973	0.00106965	0.00732078	-0.000197277	0.992997	-0.118142	-0.00739588	0.118137	0.99297	0.0773972	3.28691	53.065	
0.99995	0.0013819	0.0099411	-0.000193994	0.992952	-0.118516	-0.0100348	0.118508	0.992902	0.0699187	3.38844	53.9171	
0.99992	0.00169537	0.0125632	-0.000189691	0.992907	-0.118892	-0.0126756	0.11888	0.992828	0.060175	3.49029	54.769	
0.999883	0.00201003	0.0151869	-0.000184357	0.992862	-0.119271	-0.0153182	0.119254	0.992746	0.0481645	3.59246	55.6209	
0.999839	0.00232589	0.0178121	-0.000177981	0.992816	-0.119651	-0.0179624	0.119629	0.992656	0.0338858	3.69495	56.4727	
0.999788	0.00264295	0.0204387	-0.000170556	0.99277	-0.120033	-0.0206081	0.120004	0.992559	0.0173375	3.79776	57.3245	
0.99973	0.00296118	0.0230665	-0.000162074	0.992723	-0.120417	-0.0232552	0.120381	0.992455	-0.00148168	3.90089	58.1761	
0.999664	0.00328059	0.0256955	-0.000152528	0.992677	-0.120803	-0.0259036	0.120758	0.992344	-0.0225728	4.00435	59.0277	
0.999592	0.00360116	0.0283256	-0.000141913	0.992629	-0.121189	-0.0285532	0.121136	0.992225	-0.0459371	4.10813	59.8791	
0.999513	0.00392288	0.0309566	-0.000130225	0.992582	-0.121577	-0.0312038	0.121514	0.992099	-0.0715753	4.21224	60.7305	
0.999427	0.00424575	0.0335883	-0.000117462	0.992534	-0.121967	-0.0338554	0.121893	0.991966	-0.0994883	4.31667	61.5817	
0.999333	0.00456975	0.0362208	-0.000103622	0.992486	-0.122357	-0.0365078	0.122272	0.991825	-0.129677	4.42143	62.4329	
0.999233	0.00489488	0.0388538	-8.87029e-05	0.992438	-0.122748	-0.0391609	0.12265	0.991677	-0.162142	4.52651	63.2839	
0.999125	0.00522112	0.0414873	-7.27068e-05	0.992389	-0.12314	-0.0418145	0.123029	0.991522	-0.196884	4.63192	64.1347	
0.999011	0.00554846	0.0441212	-5.56351e-05	0.992341	-0.123532	-0.0444687	0.123407	0.991359	-0.233903	4.73765	64.9855	
0.998889	0.00587689	0.0467553	-3.74905e-05	0.992292	-0.123925	-0.0471232	0.123785	0.991189	-0.273199	4.8437	65.8361	
0.99876	0.00620639	0.0493895	-1.82772e-05	0.992242	-0.124318	-0.0497779	0.124163	0.991012	-0.314774	4.95008	66.6865	
0.998624	0.00653696	0.0520236	1.99961e-06	0.992193	-0.124711	-0.0524327	0.12454	0.990828	-0.358626	5.05679	67.5368	
0.998482	0.00686857	0.0546577	2.33335e-05	0.992144	-0.125104	-0.0550876	0.124915	0.990637	-0.404757	5.16381	68.3869	
0.998332	0.00720122	0.0572916	4.57168e-05	0.992094	-0.125497	-0.0577424	0.12529	0.990438	-0.453166	5.27116	69.2369	
0.998174	0.00753489	0.0599251	6.9141e-05	0.992044	-0.12589	-0.0603969	0.125664	0.990233	-0.503852	5.37883	70.0867	
0.99801	0.00786957	0.0625581	9.3596e-05	0.991994	-0.126282	-0.0630511	0.126037	0.99002	-0.556816	5.48682	70.9363	
0.996689	0.0100739	0.0806832	-0.000713584	0.993341	-0.11521	-0.0813066	0.114771	0.990059	-0.618754	5.59014	71.7859	
0.995034	0.0120714	0.0988049	-0.00172471	0.994561	-0.104141	-0.0995246	0.103453	0.989642	-0.696341	5.68377	72.6353	
0.993045	0.0138614	0.116915	-0.00293931	0.995654	-0.0930786	-0.117697	0.0920876	0.988771	-0.789541	5.76767	73.4841	
0.990725	0.0154428	0.135005	-0.00435683	0.99662	-0.0820285	-0.135815	0.0806795	0.987444	-0.898312	5.8418	74.332	
0.988073	0.0168151	0.153066	-0.00597661	0.997459	-0.0709958	-0.153871	0.0692342	0.985662	-1.0226	5.90612	75.1786	
0.985091	0.0179775	0.17109	-0.00779792	0.998169	-0.0599856	-0.171855	0.0577571	0.983428	-1.16236	5.96061	76.0234	
0.981781	0.0189296	0.18907	-0.00981991	0.99875	-0.0490029	-0.189761	0.0462535	0.98074	-1.31751	6.00523	76.8662	
0.978144	0.0196709	0.206996	-0.0120417	0.999203	-0.0380528	-0.20758	0.0347285	0.977601	-1.48799	6.03998	77.7064	
0.974182	0.0202011	0.224861	-0.0144621	0.999527	-0.0271402	-0.225302	0.0231876	0.974013	-1.67373	6.06483	78.5438	
0.969896	0.0205198	0.242655	-0.0170802	0.999722	-0.0162704	-0.242922	0.011636	0.969976	-1.87462	6.07977	79.3779	
0.965288	0.0206271	0.260372	-0.0198947	0.999787	-0.00544814	-0.260429	7.89919e-05	0.965493	-2.09059	6.0848	80.2083	
0.960361	0.0205227	0.278003	-0.0229043	0.999723	0.00532148	-0.277817	-0.011478	0.960566	-2.32152	6.0799	81.0347	
0.955117	0.0202068	0.295539	-0.0261077	0.999531	0.0160335	-0.295076	-0.0230297	0.955196	-2.56733	6.0651	81.8566	
0.949558	0.0196796	0.312973	-0.0295033	0.999208	0.0266831	-0.3122	-0.0345708	0.949387	-2.82788	6.04038	82.6738	
0.943687	0.0189412	0.330297	-0.0330896	0.998757	0.0372652	-0.329181	-0.0460961	0.943141	-3.10307	6.00577	83.4858	
0.937507	0.017992	0.347502	-0.0368649	0.998178	0.047775	-0.346009	-0.0576001	0.936461	-3.39277	5.96128	84.2923	
