1	0	0	0	1	0	0	0	1	0	0	0	
0.999999	-2.89914e-06	0.00114331	-2.89914e-06	0.999987	0.00507144	-0.00114331	-0.00507144	0.999986	-0.000524886	-0.00232826	0.918178	
0.999997	-1.16027e-05	0.00228741	-1.15984e-05	0.999949	0.0101426	-0.00228741	-0.0101426	0.999946	-0.00209991	-0.00931292	1.83633	
0.999994	-2.61185e-05	0.00343227	-2.61013e-05	0.999884	0.0152134	-0.00343227	-0.0152134	0.999878	-0.00472577	-0.0209537	2.75443	
0.99999	-4.64543e-05	0.00457785	-4.64115e-05	0.999794	0.0202837	-0.00457786	-0.0202837	0.999784	-0.00840315	-0.0372501	3.67246	
0.999984	-7.26179e-05	0.00572413	-7.25322e-05	0.999679	0.0253533	-0.00572413	-0.0253533	0.999662	-0.0131327	-0.0582017	4.59039	
0.999976	-0.000104616	0.00687107	-0.000104467	0.999537	0.0304221	-0.00687107	-0.0304221	0.999514	-0.0189151	-0.0838077	5.5082	
0.999968	-0.000142457	0.00801863	-0.000142218	0.99937	0.0354899	-0.00801864	-0.0354899	0.999338	-0.0257508	-0.114067	6.42585	
0.999958	-0.000186148	0.0091668	-0.000185788	0.999177	0.0405567	-0.00916681	-0.0405567	0.999135	-0.0336405	-0.14898	7.34334	
0.999947	-0.000235695	0.0103155	-0.000235181	0.998959	0.0456222	-0.0103155	-0.0456222	0.998906	-0.0425847	-0.188544	8.26062	
0.999934	-0.000291104	0.0114648	-0.000290398	0.998715	0.0506864	-0.0114648	-0.0506863	0.998649	-0.0525839	-0.232758	9.17768	
0.99992	-0.000352384	0.0126146	-0.000351442	0.998445	0.055749	-0.0126146	-0.055749	0.998365	-0.0636386	-0.281622	10.0945	
0.999905	-0.000419539	0.0137648	-0.000418315	0.998149	0.06081	-0.0137648	-0.06081	0.998054	-0.0757491	-0.335133	11.011	
0.999889	-0.000492577	0.0149155	-0.000491019	0.997828	0.0658693	-0.0149155	-0.0658693	0.997717	-0.0889161	-0.393291	11.9273	
0.999871	-0.000571504	0.0160666	-0.000569556	0.997481	0.0709266	-0.0160666	-0.0709266	0.997352	-0.10314	-0.456092	12.8432	
0.999852	-0.000656325	0.017218	-0.000653927	0.997109	0.0759818	-0.0172181	-0.0759818	0.996961	-0.11842	-0.523537	13.7588	
0.999831	-0.000747045	0.0183698	-0.000744135	0.996711	0.0810349	-0.0183699	-0.0810349	0.996542	-0.134759	-0.595622	14.674	
0.999809	-0.000843672	0.0195219	-0.00084018	0.996287	0.0860856	-0.0195221	-0.0860856	0.996096	-0.152155	-0.672346	15.5888	
0.999786	-0.000946209	0.0206743	-0.000942063	0.995838	0.0911339	-0.0206745	-0.0911338	0.995624	-0.170609	-0.753706	16.5032	
0.999761	-0.00105466	0.021827	-0.00104979	0.995363	0.0961795	-0.0218272	-0.0961795	0.995125	-0.190121	-0.8397	17.4171	
0.999735	-0.00116904	0.0229798	-0.00116335	0.994863	0.101222	-0.0229801	-0.101222	0.994598	-0.210691	-0.930325	18.3306	
0.999708	-0.00128934	0.0241328	-0.00128275	0.994337	0.106262	-0.0241332	-0.106262	0.994045	-0.232321	-1.02558	19.2435	
0.999679	-0.00141557	0.025286	-0.001408	0.993786	0.111299	-0.0252864	-0.111299	0.993465	-0.255009	-1.12546	20.156	
0.999649	-0.00154774	0.0264393	-0.00153908	0.993209	0.116333	-0.0264398	-0.116333	0.992858	-0.278756	-1.22996	21.0679	
0.999618	-0.00168584	0.0275927	-0.00167601	0.992607	0.121364	-0.0275933	-0.121364	0.992225	-0.303562	-1.33909	21.9792	
0.999585	-0.00182989	0.0287461	-0.00181878	0.991979	0.126391	-0.0287468	-0.126391	0.991564	-0.329427	-1.45283	22.89	
0.999551	-0.00197989	0.0298995	-0.00196739	0.991326	0.131414	-0.0299004	-0.131414	0.990877	-0.356352	-1.57119	23.8001	
0.999515	-0.00213584	0.031053	-0.00212185	0.990647	0.136434	-0.0310539	-0.136434	0.990162	-0.384336	-1.69415	24.7096	
0.999479	-0.00229775	0.0322064	-0.00228214	0.989943	0.14145	-0.0322075	-0.14145	0.989421	-0.413378	-1.82173	25.6184	
0.99944	-0.00246561	0.0333597	-0.00244828	0.989213	0.146462	-0.0333609	-0.146462	0.988654	-0.44348	-1.95391	26.5265	
0.999401	-0.00263944	0.0345128	-0.00262025	0.988458	0.15147	-0.0345143	-0.151469	0.987859	-0.474641	-2.09068	27.4339	
0.99936	-0.00281923	0.0356659	-0.00279806	0.987678	0.156473	-0.0356675	-0.156473	0.987038	-0.506861	-2.23206	28.3406	
0.999317	-0.00300499	0.0368187	-0.00298171	0.986873	0.161473	-0.0368206	-0.161472	0.98619	-0.54014	-2.37802	29.2464	
0.999274	-0.00319672	0.0379714	-0.00317119	0.986042	0.166467	-0.0379735	-0.166467	0.985316	-0.574477	-2.52858	30.1516	
0.999229	-0.00339442	0.0391238	-0.00336651	0.985186	0.171457	-0.0391262	-0.171457	0.984414	-0.609873	-2.68372	31.0558	
0.999182	-0.0035981	0.0402759	-0.00356766	0.984305	0.176442	-0.0402786	-0.176442	0.983487	-0.646327	-2.84343	31.9593	
0.999134	-0.00380776	0.0414277	-0.00377464	0.983398	0.181422	-0.0414308	-0.181422	0.982532	-0.683839	-3.00773	32.8619	
0.999085	-0.0040234	0.0425792	-0.00398745	0.982466	0.186398	-0.0425826	-0.186397	0.981551	-0.722409	-3.17659	33.7636	
0.999034	-0.00424502	0.0437303	-0.00420609	0.981509	0.191368	-0.043734	-0.191367	0.980544	-0.762037	-3.35002	34.6643	
0.998982	-0.00447263	0.044881	-0.00443055	0.980527	0.196332	-0.0448851	-0.196331	0.97951	-0.802721	-3.52801	35.5642	
0.998929	-0.00470621	0.0460312	-0.00466083	0.97952	0.201291	-0.0460358	-0.20129	0.978449	-0.844462	-3.71055	36.4631	
0.998874	-0.00494579	0.047181	-0.00489693	0.978488	0.206245	-0.0471861	-0.206243	0.977362	-0.887259	-3.89765	37.361	
0.998818	-0.00519135	0.0483302	-0.00513885	0.977431	0.211192	-0.0483358	-0.211191	0.976249	-0.931113	-4.08929	38.2579	
0.99876	-0.00544291	0.0494789	-0.00538658	0.976349	0.216134	-0.0494851	-0.216133	0.975109	-0.976021	-4.28547	39.1537	
0.998701	-0.00570045	0.050627	-0.00564012	0.975242	0.22107	-0.0506338	-0.221068	0.973943	-1.02199	-4.48618	40.0485	
0.998641	-0.00596398	0.0517746	-0.00589946	0.97411	0.225999	-0.051782	-0.225998	0.972751	-1.069	-4.69143	40.9422	
0.998579	-0.0062335	0.0529214	-0.00616461	0.972953	0.230923	-0.0529295	-0.230921	0.971532	-1.11708	-4.90119	41.8348	
0.998516	-0.00650902	0.0540676	-0.00643556	0.971771	0.23584	-0.0540764	-0.235837	0.970287	-1.1662	-5.11548	42.7263	
0.998452	-0.00679052	0.0552131	-0.00671231	0.970564	0.24075	-0.0552227	-0.240748	0.969016	-1.21638	-5.33428	43.6166	
0.998386	-0.00707802	0.0563579	-0.00699484	0.969332	0.245653	-0.0563683	-0.245651	0.967718	-1.26761	-5.55758	44.5058	
0.998318	-0.0073715	0.0575018	-0.00728317	0.968076	0.25055	-0.0575131	-0.250548	0.966394	-1.31989	-5.78538	45.3937	
0.998249	-0.00767098	0.058645	-0.00757727	0.966795	0.25544	-0.0586572	-0.255437	0.965045	-1.37322	-6.01767	46.2804	
0.998179	-0.00797644	0.0597873	-0.00787716	0.96549	0.260323	-0.0598005	-0.26032	0.963669	-1.42761	-6.25445	47.1659	
0.998108	-0.0082879	0.0609287	-0.00818281	0.964159	0.265198	-0.0609429	-0.265195	0.962267	-1.48304	-6.49571	48.05	
0.998035	-0.00860534	0.0620693	-0.00849424	0.962804	0.270066	-0.0620846	-0.270063	0.960839	-1.53952	-6.74144	48.9329	
0.99796	-0.00892877	0.0632088	-0.00881143	0.961425	0.274927	-0.0632253	-0.274923	0.959385	-1.59705	-6.99164	49.8145	
0.997885	-0.00925818	0.0643474	-0.00913438	0.960021	0.27978	-0.0643651	-0.279776	0.957905	-1.65563	-7.2463	50.6947	
0.997807	-0.00959358	0.065485	-0.00946309	0.958592	0.284625	-0.065504	-0.28462	0.9564	-1.71525	-7.50541	51.5735	
0.997729	-0.00993495	0.0666216	-0.00979754	0.957139	0.289462	-0.0666419	-0.289457	0.954868	-1.77591	-7.76896	52.451	
0.997649	-0.0102823	0.067757	-0.0101377	0.955662	0.294291	-0.0677788	-0.294286	0.953311	-1.83763	-8.03696	53.327	
0.997567	-0.0106356	0.0688914	-0.0104837	0.95416	0.299112	-0.0689147	-0.299107	0.951728	-1.90038	-8.30938	54.2016	
0.997424	-0.0112528	0.0708488	-0.0106094	0.953621	0.300823	-0.070948	-0.3008	0.951045	-1.96459	-8.58479	55.0751	
0.997275	-0.0118748	0.0728092	-0.0107389	0.953078	0.302534	-0.0729853	-0.302492	0.950354	-2.03067	-8.86176	55.9481	
0.997122	-0.0125015	0.0747721	-0.0108721	0.952532	0.304244	-0.0750263	-0.304182	0.949655	-2.09862	-9.14027	56.8203	
0.996965	-0.013133	0.0767373	-0.0110091	0.951983	0.305954	-0.0770707	-0.30587	0.948949	-2.16845	-9.42034	57.692	
0.996803	-0.0137691	0.0787045	-0.0111498	0.95143	0.307663	-0.079118	-0.307556	0.948235	-2.24015	-9.70196	58.5629	
0.996636	-0.0144096	0.0806733	-0.0112942	0.950874	0.309371	-0.0811681	-0.309241	0.947513	-2.31374	-9.98513	59.4333	
0.996465	-0.0150546	0.0826435	-0.0114424	0.950315	0.311078	-0.0832205	-0.310924	0.946784	-2.38921	-10.2698	60.3029	
0.99629	-0.015704	0.0846147	-0.0115943	0.949753	0.312785	-0.085275	-0.312606	0.946048	-2.46656	-10.5561	61.1719	
0.99611	-0.0163576	0.0865866	-0.01175	0.949188	0.314491	-0.0873312	-0.314285	0.945303	-2.5458	-10.8439	62.0402	
0.995926	-0.0170153	0.0885589	-0.0119094	0.948619	0.316196	-0.0893889	-0.315962	0.944552	-2.62693	-11.1332	62.9078	
0.995737	-0.0176772	0.0905314	-0.0120726	0.948048	0.3179	-0.0914476	-0.317637	0.943792	-2.70995	-11.4241	63.7747	
0.995543	-0.0183429	0.0925036	-0.0122395	0.947473	0.319602	-0.0935071	-0.31931	0.943026	-2.79487	-11.7165	64.641	
0.995346	-0.0190126	0.0944754	-0.0124102	0.946895	0.321304	-0.095567	-0.320981	0.942252	-2.88167	-12.0105	65.5065	
0.995143	-0.019686	0.0964463	-0.0125846	0.946314	0.323005	-0.0976271	-0.32265	0.94147	-2.97036	-12.306	66.3713	
0.994937	-0.0203631	0.0984161	-0.0127627	0.94573	0.324704	-0.099687	-0.324316	0.940681	-3.06095	-12.603	67.2354	
0.994726	-0.0210438	0.100384	-0.0129446	0.945142	0.326402	-0.101746	-0.32598	0.939885	-3.15342	-12.9015	68.0987	
0.994511	-0.0217279	0.102351	-0.0131302	0.944552	0.328099	-0.103805	-0.327642	0.939082	-3.24779	-13.2016	68.9613	
0.994292	-0.0224153	0.104316	-0.0133196	0.943959	0.329794	-0.105862	-0.329301	0.938272	-3.34405	-13.5032	69.8232	
0.993625	-0.0243636	0.11007	-0.010907	0.951012	0.308962	-0.112205	-0.308193	0.944684	-3.44416	-13.7959	70.6877	
0.99292	-0.0261823	0.115862	-0.00835469	0.957596	0.287994	-0.118489	-0.286923	0.950597	-3.55008	-14.0691	71.5578	
0.992177	-0.0278705	0.121689	-0.00566406	0.963708	0.2669	-0.124711	-0.265501	0.956011	-3.66173	-14.3227	72.4332	
0.991396	-0.0294274	0.127547	-0.00283648	0.969344	0.245692	-0.130867	-0.24394	0.96092	-3.77907	-14.5566	73.3133	
0.990577	-0.0308521	0.133434	0.000126539	0.974501	0.224381	-0.136954	-0.22225	0.965323	-3.90203	-14.7707	74.1976	
0.989722	-0.0321438	0.139346	0.00322345	0.979178	0.202979	-0.142969	-0.200443	0.969217	-4.03055	-14.9647	75.0858	
0.98883	-0.033302	0.14528	0.00645262	0.983371	0.181495	-0.148908	-0.178531	0.972601	-4.16455	-15.1387	75.9773	
0.987902	-0.0343259	0.151233	0.00981234	0.987077	0.159943	-0.154769	-0.156524	0.975473	-4.30397	-15.2925	76.8717	
0.986938	-0.0352151	0.157203	0.0133008	0.990296	0.138333	-0.160549	-0.134435	0.97783	-4.44874	-15.4261	77.7685	
0.98594	-0.0359691	0.163185	0.0169163	0.993026	0.116676	-0.166244	-0.112275	0.979672	-4.59877	-15.5394	78.6672	
0.984906	-0.0365874	0.169177	0.0206568	0.995264	0.0949842	-0.171851	-0.0900559	0.980998	-4.754	-15.6323	79.5673	
0.983839	-0.0370698	0.175175	0.0245204	0.997011	0.0732688	-0.177368	-0.0677894	0.981807	-4.91433	-15.7047	80.4685	
0.982738	-0.037416	0.181177	0.028505	0.998264	0.0515413	-0.182791	-0.0454871	0.982099	-5.07968	-15.7568	81.3701	
0.981605	-0.0376258	0.187179	0.0326085	0.999023	0.029813	-0.188118	-0.0231609	0.981873	-5.24997	-15.7883	82.2718	
0.980439	-0.0376991	0.193178	0.0368288	0.999289	0.00809536	-0.193346	-0.000822493	0.98113	-5.4251	-15.7993	83.1731	
0.979242	-0.0376358	0.199171	0.0411637	0.99906	-0.0136001	-0.198472	0.0215164	0.97987	-5.60499	-15.7898	84.0734	
0.978013	-0.0374361	0.205155	0.0456108	0.998337	-0.0352619	-0.203493	0.0438439	0.978094	-5.78954	-15.7598	84.9723	
0.976755	-0.0370999	0.211126	0.0501678	0.99712	-0.0568788	-0.208408	0.0661483	0.975803	-5.97865	-15.7093	85.8694	
0.975466	-0.0366276	0.217081	0.0548324	0.99541	-0.0784392	-0.213212	0.0884179	0.972997	-6.17222	-15.6383	86.7641	
0.974149	-0.0360192	0.223018	0.059602	0.993208	-0.0999319	-0.217904	0.110641	0.969679	-6.37015	-15.5469	87.656	
0.972803	-0.0352753	0.228933	0.0644742	0.990514	-0.121346	-0.222481	0.132806	0.965849	-6.57233	-15.4352	88.5446	
