1	0	0	0	1	0	0	0	1	0	0	0	
0.999988	-5.31238e-06	0.00480854	-5.31238e-06	0.999998	0.00220955	-0.00480854	-0.00220955	0.999986	-0.00253906	-0.00116671	1.05606	
0.999954	-2.12654e-05	0.0096215	-2.12573e-05	0.99999	0.00441943	-0.0096215	-0.00441943	0.999944	-0.0101586	-0.00466702	2.11208	
0.999896	-4.78804e-05	0.0144387	-4.78477e-05	0.999978	0.00662955	-0.0144387	-0.00662955	0.999874	-0.0228631	-0.0105012	3.16805	
0.999815	-8.51775e-05	0.0192599	-8.50957e-05	0.999961	0.00883982	-0.0192599	-0.00883982	0.999775	-0.040657	-0.0186695	4.22393	
0.99971	-0.000133176	0.0240849	-0.000133012	0.999939	0.0110501	-0.0240849	-0.0110501	0.999649	-0.0635445	-0.0291721	5.27969	
0.999582	-0.000191895	0.0289136	-0.000191608	0.999912	0.0132604	-0.0289136	-0.0132604	0.999494	-0.0915293	-0.0420088	6.3353	
0.99943	-0.000261351	0.0337456	-0.000260892	0.99988	0.0154705	-0.0337456	-0.0154705	0.999311	-0.124615	-0.0571797	7.39073	
0.999255	-0.000341561	0.0385808	-0.000340872	0.999844	0.0176804	-0.0385808	-0.0176804	0.999099	-0.162806	-0.0746844	8.44595	
0.999057	-0.000432541	0.0434191	-0.000431556	0.999802	0.01989	-0.0434191	-0.01989	0.998859	-0.206105	-0.0945227	9.50094	
0.998835	-0.000534305	0.0482601	-0.000532951	0.999756	0.0220991	-0.0482601	-0.0220991	0.99859	-0.254514	-0.116694	10.5557	
0.998589	-0.000646869	0.0531037	-0.000645062	0.999704	0.0243077	-0.0531037	-0.0243077	0.998293	-0.308037	-0.141198	11.6101	
0.998319	-0.000770244	0.0579497	-0.000767893	0.999648	0.0265157	-0.0579497	-0.0265156	0.997967	-0.366677	-0.168035	12.6642	
0.998026	-0.000904443	0.0627978	-0.000901449	0.999587	0.0287229	-0.0627979	-0.0287229	0.997613	-0.430436	-0.197202	13.7179	
0.997709	-0.00104948	0.067648	-0.00104573	0.999521	0.0309294	-0.067648	-0.0309293	0.99723	-0.499315	-0.228701	14.7712	
0.997368	-0.00120536	0.0724999	-0.00120075	0.99945	0.033135	-0.0725	-0.0331348	0.996818	-0.573318	-0.262528	15.8241	
0.997003	-0.00137209	0.0773533	-0.00136649	0.999374	0.0353395	-0.0773534	-0.0353393	0.996377	-0.652445	-0.298685	16.8766	
0.996614	-0.00154969	0.0822082	-0.00154297	0.999294	0.037543	-0.0822083	-0.0375427	0.995908	-0.736699	-0.337169	17.9286	
0.996201	-0.00173816	0.0870641	-0.00173017	0.999208	0.0397453	-0.0870643	-0.0397449	0.99541	-0.82608	-0.377979	18.9801	
0.995764	-0.00193751	0.091921	-0.00192811	0.999118	0.0419463	-0.0919212	-0.0419458	0.994882	-0.92059	-0.421115	20.031	
0.995304	-0.00214775	0.0967787	-0.00213677	0.999023	0.0441459	-0.0967789	-0.0441454	0.994326	-1.02023	-0.466573	21.0814	
0.994819	-0.00236887	0.101637	-0.00235615	0.998923	0.0463441	-0.101637	-0.0463434	0.993742	-1.125	-0.514354	22.1311	
0.99431	-0.00260089	0.106495	-0.00258626	0.998818	0.0485407	-0.106496	-0.0485399	0.993128	-1.2349	-0.564456	23.1803	
0.993777	-0.00284381	0.111354	-0.00282708	0.998708	0.0507357	-0.111354	-0.0507348	0.992485	-1.34993	-0.616876	24.2287	
0.99322	-0.00309763	0.116213	-0.00307861	0.998594	0.0529289	-0.116213	-0.0529278	0.991813	-1.47009	-0.671613	25.2765	
0.992638	-0.00336235	0.121071	-0.00334084	0.998474	0.0551203	-0.121071	-0.055119	0.991112	-1.59539	-0.728665	26.3236	
0.992033	-0.00363798	0.125929	-0.00361377	0.99835	0.0573098	-0.125929	-0.0573083	0.990383	-1.72581	-0.78803	27.3699	
0.991403	-0.0039245	0.130786	-0.00389738	0.998221	0.0594973	-0.130787	-0.0594955	0.989624	-1.86137	-0.849707	28.4154	
0.990749	-0.00422194	0.135642	-0.00419168	0.998087	0.0616827	-0.135643	-0.0616806	0.988836	-2.00205	-0.913691	29.4601	
0.990071	-0.00453027	0.140497	-0.00449664	0.997948	0.0638658	-0.140498	-0.0638635	0.988019	-2.14786	-0.979983	30.5039	
0.989368	-0.0048495	0.145351	-0.00481226	0.997805	0.0660467	-0.145352	-0.066044	0.987173	-2.2988	-1.04858	31.5469	
0.988642	-0.00517963	0.150203	-0.00513852	0.997657	0.0682253	-0.150205	-0.0682221	0.986298	-2.45486	-1.11947	32.5889	
0.987891	-0.00552066	0.155054	-0.00547542	0.997504	0.0704013	-0.155055	-0.0703978	0.985394	-2.61605	-1.19267	33.63	
0.987115	-0.00587257	0.159903	-0.00582295	0.997346	0.0725748	-0.159904	-0.0725708	0.984461	-2.78236	-1.26816	34.6702	
0.986316	-0.00623536	0.164749	-0.00618107	0.997183	0.0747457	-0.164751	-0.0747412	0.983499	-2.95379	-1.34595	35.7093	
0.985492	-0.00660903	0.169593	-0.0065498	0.997016	0.0769138	-0.169596	-0.0769087	0.982508	-3.13033	-1.42602	36.7474	
0.984644	-0.00699357	0.174435	-0.00692909	0.996844	0.0790791	-0.174438	-0.0790734	0.981488	-3.31199	-1.50839	37.7845	
0.983771	-0.00738896	0.179274	-0.00731895	0.996668	0.0812415	-0.179277	-0.0812352	0.980439	-3.49877	-1.59304	38.8204	
0.982875	-0.00779521	0.18411	-0.00771936	0.996486	0.0834009	-0.184114	-0.0833939	0.979361	-3.69065	-1.67996	39.8553	
0.981954	-0.00821231	0.188943	-0.00813029	0.9963	0.0855573	-0.188947	-0.0855494	0.978254	-3.88764	-1.76917	40.889	
0.981008	-0.00864023	0.193773	-0.00855173	0.996109	0.0877105	-0.193777	-0.0877018	0.977118	-4.08973	-1.86065	41.9215	
0.980039	-0.00907898	0.198599	-0.00898365	0.995914	0.0898604	-0.198604	-0.0898508	0.975953	-4.29692	-1.95441	42.9527	
0.979045	-0.00952853	0.203422	-0.00942605	0.995714	0.0920069	-0.203427	-0.0919964	0.974759	-4.5092	-2.05043	43.9828	
0.978027	-0.00998888	0.20824	-0.0098789	0.995509	0.0941501	-0.208246	-0.0941385	0.973536	-4.72658	-2.14871	45.0115	
0.976984	-0.01046	0.213055	-0.0103422	0.9953	0.0962897	-0.21306	-0.096277	0.972284	-4.94904	-2.24926	46.039	
0.975918	-0.0109419	0.217865	-0.0108158	0.995086	0.0984258	-0.217871	-0.0984118	0.971003	-5.17658	-2.35206	47.0651	
0.974827	-0.0114346	0.22267	-0.0112999	0.994867	0.100558	-0.222677	-0.100543	0.969694	-5.40921	-2.45712	48.0899	
0.973712	-0.011938	0.227471	-0.0117943	0.994644	0.102687	-0.227479	-0.10267	0.968355	-5.6469	-2.56442	49.1132	
0.972572	-0.0124521	0.232267	-0.0122991	0.994416	0.104811	-0.232275	-0.104793	0.966988	-5.88967	-2.67397	50.1351	
0.971409	-0.0129769	0.237058	-0.0128141	0.994184	0.106932	-0.237067	-0.106913	0.965593	-6.1375	-2.78575	51.1556	
0.970221	-0.0135124	0.241844	-0.0133395	0.993947	0.109049	-0.241853	-0.109028	0.964168	-6.39038	-2.89978	52.1746	
0.969009	-0.0140586	0.246624	-0.013875	0.993705	0.111162	-0.246634	-0.111139	0.962715	-6.64832	-3.01603	53.192	
0.967773	-0.0146154	0.251398	-0.0144209	0.99346	0.11327	-0.251409	-0.113245	0.961233	-6.9113	-3.13451	54.2079	
0.966513	-0.0151828	0.256166	-0.0149769	0.993209	0.115375	-0.256179	-0.115348	0.959723	-7.17932	-3.25522	55.2223	
0.965229	-0.0157609	0.260929	-0.0155431	0.992954	0.117474	-0.260942	-0.117445	0.958184	-7.45238	-3.37814	56.235	
0.963921	-0.0163495	0.265685	-0.0161194	0.992695	0.11957	-0.265699	-0.119539	0.956616	-7.73046	-3.50327	57.2461	
0.962589	-0.0169487	0.270434	-0.0167059	0.992431	0.121661	-0.27045	-0.121627	0.95502	-8.01357	-3.63062	58.2555	
0.961233	-0.0175584	0.275177	-0.0173024	0.992163	0.123747	-0.275194	-0.123711	0.953396	-8.30168	-3.76016	59.2632	
0.959853	-0.0181787	0.279913	-0.017909	0.99189	0.125829	-0.279931	-0.12579	0.951743	-8.59481	-3.89191	60.2691	
0.958449	-0.0188094	0.284642	-0.0185256	0.991613	0.127906	-0.284661	-0.127865	0.950063	-8.89293	-4.02585	61.2733	
0.957021	-0.0194506	0.289364	-0.0191521	0.991332	0.129978	-0.289384	-0.129934	0.948353	-9.19604	-4.16197	62.2758	
0.95557	-0.0201022	0.294078	-0.0197887	0.991046	0.132045	-0.2941	-0.131998	0.946616	-9.50414	-4.30028	63.2764	
0.954095	-0.0207642	0.298785	-0.0204351	0.990756	0.134108	-0.298808	-0.134057	0.944851	-9.81721	-4.44077	64.2751	
0.952595	-0.0214367	0.303484	-0.0210914	0.990462	0.136165	-0.303508	-0.136111	0.943057	-10.1353	-4.58342	65.272	
0.951073	-0.0221194	0.308174	-0.0217576	0.990163	0.138217	-0.3082	-0.138159	0.941236	-10.4583	-4.72825	66.267	
0.949526	-0.0228125	0.312857	-0.0224336	0.98986	0.140264	-0.312884	-0.140202	0.939386	-10.7862	-4.87523	67.26	
0.94863	-0.0232199	0.315534	-0.0241371	0.989085	0.145353	-0.315465	-0.145502	0.937716	-11.118	-5.02609	68.2512	
0.947726	-0.0236427	0.318207	-0.0258541	0.988282	0.150431	-0.318035	-0.150795	0.93601	-11.4525	-5.18255	69.2406	
0.946815	-0.0240807	0.320876	-0.0275845	0.987451	0.155499	-0.320594	-0.15608	0.934269	-11.7897	-5.34458	70.2281	
0.951351	-0.0216618	0.307348	-0.0345048	0.98376	0.17614	-0.306172	-0.178176	0.935153	-12.1207	-5.52109	71.2153	
0.955676	-0.0189239	0.293811	-0.0411043	0.979583	0.196793	-0.291537	-0.200147	0.935386	-12.4363	-5.72087	72.203	
0.959788	-0.0158691	0.280276	-0.0473784	0.974922	0.217444	-0.276698	-0.221979	0.934967	-12.7364	-5.94378	73.1907	
0.963684	-0.0124995	0.266752	-0.0533226	0.969781	0.238079	-0.261667	-0.243657	0.933896	-13.0207	-6.18966	74.1776	
0.967361	-0.00881727	0.253248	-0.0589329	0.964163	0.258682	-0.246453	-0.265164	0.932174	-13.289	-6.45835	75.163	
0.970817	-0.00482512	0.239773	-0.0642053	0.958072	0.279241	-0.231067	-0.286487	0.929803	-13.5411	-6.74966	76.1462	
0.974049	-0.000525815	0.226337	-0.0691362	0.951512	0.29974	-0.21552	-0.30761	0.926783	-13.777	-7.06337	77.1266	
0.977055	0.00407766	0.21295	-0.0737222	0.944489	0.320165	-0.199823	-0.328518	0.923118	-13.9963	-7.39929	78.1035	
0.979832	0.00898211	0.199621	-0.0779599	0.937006	0.340503	-0.183987	-0.349198	0.918809	-14.199	-7.75716	79.0761	
0.982379	0.0141841	0.186358	-0.0818466	0.929069	0.360738	-0.168023	-0.369634	0.913859	-14.3849	-8.13675	80.0439	
0.984695	0.01968	0.173172	-0.0853794	0.920684	0.380856	-0.151941	-0.389813	0.908273	-14.5538	-8.53779	81.0061	
0.986777	0.025466	0.160071	-0.0885559	0.911856	0.400845	-0.135754	-0.40972	0.902054	-14.7057	-8.95999	81.962	
0.988624	0.031538	0.147065	-0.0913739	0.902592	0.420689	-0.119472	-0.429341	0.895205	-14.8405	-9.40306	82.9111	
0.990235	0.0378919	0.134162	-0.0938315	0.892897	0.440375	-0.103106	-0.448663	0.887733	-14.958	-9.8667	83.8526	
0.991608	0.0445232	0.121372	-0.0959269	0.88278	0.459889	-0.0866691	-0.467672	0.879643	-15.0583	-10.3506	84.7859	
0.992743	0.0514272	0.108704	-0.0976586	0.872246	0.479218	-0.0701715	-0.486356	0.870939	-15.1411	-10.8544	85.7103	
0.993639	0.0585992	0.0961656	-0.0990255	0.861304	0.498347	-0.053625	-0.5047	0.861628	-15.2065	-11.3777	86.6252	
0.994295	0.0660341	0.0837666	-0.100027	0.84996	0.517265	-0.0370411	-0.522693	0.851716	-15.2543	-11.9202	87.53	
0.994711	0.0737269	0.0715153	-0.100661	0.838223	0.535957	-0.0204313	-0.540321	0.841211	-15.2847	-12.4816	88.4239	
0.994886	0.081672	0.0594204	-0.100929	0.826101	0.554411	-0.00380737	-0.557573	0.830119	-15.2975	-13.0613	89.3065	
0.994821	0.0898641	0.0474902	-0.100829	0.813602	0.572613	0.0128193	-0.574436	0.818449	-15.2927	-13.6591	90.177	
0.994515	0.0982973	0.035733	-0.100363	0.800735	0.590551	0.0294369	-0.590899	0.806209	-15.2704	-14.2745	91.0349	
0.993969	0.106966	0.024157	-0.0995294	0.787509	0.608213	0.0460341	-0.606949	0.793406	-15.2306	-14.907	91.8796	
0.993183	0.115863	0.0127703	-0.0983299	0.773934	0.625586	0.0625992	-0.622577	0.780051	-15.1732	-15.5563	92.7105	
0.992157	0.124984	0.00158091	-0.0967651	0.760018	0.642658	0.0791207	-0.637771	0.766151	-15.0984	-16.2218	93.527	
0.990893	0.134322	-0.00940349	-0.0948361	0.745771	0.659417	0.095587	-0.65252	0.751718	-15.0061	-16.9032	94.3285	
0.989391	0.143869	-0.0201752	-0.0925443	0.731204	0.675852	0.111987	-0.666815	0.736761	-14.8965	-17.5998	95.1145	
0.987652	0.153621	-0.0307267	-0.0898911	0.716326	0.691951	0.128308	-0.680645	0.72129	-14.7696	-18.3114	95.8845	
0.985678	0.163569	-0.0410507	-0.0868785	0.701149	0.707703	0.14454	-0.694	0.705317	-14.6255	-19.0373	96.6378	
0.983469	0.173706	-0.0511399	-0.0835085	0.685681	0.723096	0.160672	-0.706872	0.688852	-14.4643	-19.777	97.374	
0.981027	0.184027	-0.0609873	-0.0797836	0.669935	0.73812	0.176691	-0.719251	0.671907	-14.2862	-20.5301	98.0926	
