1	0	0	0	1	0	0	0	1	0	0	0	
1	5.08225e-07	-0.000503166	5.08225e-07	0.999998	0.00202011	0.000503166	-0.00202011	0.999998	0.00024523	-0.000984548	0.974747	
0.999999	2.03677e-06	-0.00100715	2.03786e-06	0.999992	0.00404568	0.00100715	-0.00404568	0.999991	0.000981319	-0.00394086	1.94949	
0.999999	4.59156e-06	-0.00151193	4.59595e-06	0.999982	0.00607663	0.00151193	-0.00607663	0.99998	0.00220905	-0.0088742	2.92422	
0.999998	8.17836e-06	-0.00201747	8.18938e-06	0.999967	0.00811285	0.00201747	-0.00811285	0.999965	0.00392919	-0.0157898	3.89894	
0.999997	1.28028e-05	-0.00252376	1.28248e-05	0.999948	0.0101543	0.00252376	-0.0101543	0.999945	0.00614247	-0.0246927	4.87365	
0.999995	1.84701e-05	-0.00303076	1.85089e-05	0.999926	0.0122008	0.00303076	-0.0122008	0.999921	0.00884959	-0.035588	5.84833	
0.999994	2.51858e-05	-0.00353845	2.52479e-05	0.999898	0.0142523	0.00353845	-0.0142523	0.999892	0.0120513	-0.0484805	6.82299	
0.999992	3.29546e-05	-0.00404681	3.30481e-05	0.999867	0.0163087	0.0040468	-0.0163087	0.999859	0.0157481	-0.0633751	7.79761	
0.99999	4.17816e-05	-0.0045558	4.19155e-05	0.999831	0.0183699	0.0045558	-0.0183699	0.999821	0.0199408	-0.0802765	8.77221	
0.999987	5.16715e-05	-0.0050654	5.18559e-05	0.999791	0.0204359	0.0050654	-0.0204359	0.999778	0.0246299	-0.0991895	9.74676	
0.999984	6.26286e-05	-0.0055756	6.28751e-05	0.999747	0.0225064	0.0055756	-0.0225064	0.999731	0.0298161	-0.120118	10.7213	
0.999981	7.46574e-05	-0.00608635	7.49786e-05	0.999698	0.0245815	0.00608635	-0.0245815	0.999679	0.0354998	-0.143068	11.6957	
0.999978	8.77619e-05	-0.00659765	8.81716e-05	0.999645	0.0266611	0.00659764	-0.0266611	0.999623	0.0416816	-0.168042	12.6701	
0.999975	0.000101946	-0.00710945	0.000102459	0.999587	0.028745	0.00710944	-0.028745	0.999561	0.0483621	-0.195046	13.6445	
0.999971	0.000117214	-0.00762173	0.000117847	0.999525	0.0308331	0.00762172	-0.0308331	0.999495	0.0555417	-0.224082	14.6188	
0.999967	0.000133569	-0.00813448	0.000134339	0.999458	0.0329254	0.00813447	-0.0329254	0.999425	0.0632209	-0.255157	15.593	
0.999963	0.000151014	-0.00864766	0.000151941	0.999387	0.0350218	0.00864765	-0.0350218	0.999349	0.0714	-0.288272	16.5671	
0.999958	0.000169553	-0.00916125	0.000170656	0.999311	0.0371221	0.00916123	-0.0371221	0.999269	0.0800796	-0.323433	17.5412	
0.999953	0.000189189	-0.00967523	0.000190489	0.99923	0.0392262	0.0096752	-0.0392263	0.999184	0.08926	-0.360644	18.5152	
0.999948	0.000209924	-0.0101896	0.000211444	0.999145	0.0413342	0.0101895	-0.0413342	0.999093	0.0989415	-0.399907	19.4891	
0.999943	0.000231761	-0.0107042	0.000233525	0.999056	0.0434458	0.0107042	-0.0434458	0.998998	0.109125	-0.441226	20.4629	
0.999937	0.000254704	-0.0112192	0.000256735	0.998962	0.0455611	0.0112191	-0.0455611	0.998899	0.119809	-0.484606	21.4367	
0.999931	0.000278753	-0.0117345	0.000281079	0.998863	0.0476798	0.0117344	-0.0476798	0.998794	0.130996	-0.530049	22.4103	
0.999925	0.000303911	-0.01225	0.00030656	0.998759	0.0498018	0.0122499	-0.0498019	0.998684	0.142686	-0.577559	23.3838	
0.999918	0.00033018	-0.0127657	0.00033318	0.998651	0.0519272	0.0127656	-0.0519272	0.998569	0.154878	-0.627139	24.3572	
0.999912	0.000357562	-0.0132817	0.000360943	0.998538	0.0540558	0.0132816	-0.0540558	0.99845	0.167572	-0.678793	25.3305	
0.999905	0.000386059	-0.0137978	0.000389852	0.99842	0.0561875	0.0137977	-0.0561875	0.998325	0.18077	-0.732522	26.3037	
0.999897	0.000415671	-0.0143141	0.000419909	0.998298	0.0583222	0.014314	-0.0583222	0.998195	0.194471	-0.788331	27.2767	
0.99989	0.000446399	-0.0148305	0.000451117	0.998171	0.0604598	0.0148304	-0.0604598	0.99806	0.208675	-0.846223	28.2497	
0.999882	0.000478246	-0.0153471	0.000483478	0.998039	0.0626002	0.0153469	-0.0626002	0.997921	0.223383	-0.906199	29.2224	
0.999874	0.000511211	-0.0158637	0.000516994	0.997902	0.0647433	0.0158635	-0.0647434	0.997776	0.238594	-0.968263	30.1951	
0.999866	0.000545295	-0.0163804	0.000551667	0.99776	0.0668891	0.0163801	-0.0668891	0.997626	0.254309	-1.03242	31.1676	
0.999857	0.000580498	-0.0168971	0.000587499	0.997614	0.0690373	0.0168968	-0.0690374	0.997471	0.270527	-1.09866	32.14	
0.999848	0.000616822	-0.0174138	0.000624491	0.997463	0.071188	0.0174135	-0.0711881	0.997311	0.287249	-1.16701	33.1122	
0.999839	0.000654265	-0.0179305	0.000662645	0.997307	0.073341	0.0179302	-0.0733411	0.997146	0.304475	-1.23745	34.0842	
0.99983	0.000692828	-0.0184472	0.000701961	0.997146	0.0754963	0.0184468	-0.0754964	0.996975	0.322204	-1.30999	35.0561	
0.99982	0.000732511	-0.0189638	0.000742441	0.99698	0.0776537	0.0189634	-0.0776538	0.9968	0.340436	-1.38463	36.0278	
0.99981	0.000773312	-0.0194803	0.000784086	0.99681	0.0798131	0.0194798	-0.0798132	0.996619	0.359173	-1.46137	36.9994	
0.9998	0.000815231	-0.0199967	0.000826895	0.996634	0.0819745	0.0199962	-0.0819746	0.996434	0.378412	-1.54022	37.9707	
0.999789	0.000858268	-0.0205129	0.000870871	0.996454	0.0841377	0.0205124	-0.0841378	0.996243	0.398155	-1.62118	38.9419	
0.999778	0.000902421	-0.021029	0.000916011	0.996269	0.0863026	0.0210285	-0.0863028	0.996047	0.418401	-1.70425	39.9129	
0.999767	0.000947688	-0.021545	0.000962318	0.996078	0.0884692	0.0215443	-0.0884694	0.995846	0.43915	-1.78943	40.8837	
0.999756	0.00099407	-0.0220607	0.00100979	0.995883	0.0906374	0.02206	-0.0906375	0.99564	0.460402	-1.87672	41.8543	
0.999745	0.00104156	-0.0225762	0.00105843	0.995684	0.092807	0.0225754	-0.0928072	0.995428	0.482156	-1.96613	42.8247	
0.999733	0.00109017	-0.0230914	0.00110823	0.995479	0.0949779	0.0230905	-0.0949781	0.995212	0.504412	-2.05765	43.7949	
0.999721	0.00113988	-0.0236063	0.0011592	0.995269	0.0971501	0.0236054	-0.0971504	0.99499	0.52717	-2.15129	44.7648	
0.999708	0.00119069	-0.024121	0.00121133	0.995054	0.0993235	0.0241199	-0.0993238	0.994763	0.55043	-2.24704	45.7346	
0.999696	0.00124262	-0.0246353	0.00126462	0.994835	0.101498	0.0246342	-0.101498	0.994531	0.574192	-2.34492	46.7041	
0.999683	0.00129564	-0.0251492	0.00131907	0.994611	0.103673	0.025148	-0.103674	0.994293	0.598454	-2.44492	47.6734	
0.99967	0.00134976	-0.0256628	0.00137468	0.994381	0.10585	0.0256615	-0.10585	0.994051	0.623218	-2.54703	48.6425	
0.999656	0.00140497	-0.026176	0.00143145	0.994147	0.108027	0.0261746	-0.108027	0.993803	0.648481	-2.65127	49.6113	
0.999643	0.00146128	-0.0266888	0.00148938	0.993908	0.110204	0.0266872	-0.110205	0.993551	0.674245	-2.75763	50.5799	
0.999629	0.00151868	-0.0272011	0.00154846	0.993664	0.112383	0.0271994	-0.112383	0.993293	0.700508	-2.86611	51.5482	
0.999615	0.00157716	-0.027713	0.00160869	0.993415	0.114562	0.0277112	-0.114562	0.99303	0.72727	-2.97672	52.5163	
0.9996	0.00163672	-0.0282244	0.00167007	0.993161	0.116741	0.0282224	-0.116741	0.992761	0.75453	-3.08945	53.4841	
0.999586	0.00169736	-0.0287352	0.0017326	0.992902	0.11892	0.0287331	-0.118921	0.992488	0.782289	-3.20431	54.4517	
0.999571	0.00175908	-0.0292455	0.00179627	0.992639	0.1211	0.0292433	-0.1211	0.992209	0.810545	-3.32129	55.419	
0.999556	0.00182187	-0.0297553	0.00186108	0.99237	0.12328	0.0297529	-0.12328	0.991926	0.839298	-3.44039	56.386	
0.99954	0.00188572	-0.0302645	0.00192703	0.992097	0.125459	0.0302619	-0.12546	0.991637	0.868548	-3.56162	57.3527	
0.999524	0.00195063	-0.0307731	0.00199412	0.991819	0.127639	0.0307703	-0.12764	0.991343	0.898293	-3.68498	58.3192	
0.999509	0.0020166	-0.031281	0.00206233	0.991536	0.129818	0.031278	-0.129819	0.991044	0.928534	-3.81045	59.2854	
0.999492	0.00208362	-0.0317883	0.00213168	0.991248	0.131998	0.0317851	-0.131998	0.99074	0.95927	-3.93806	60.2512	
0.999476	0.00215169	-0.032295	0.00220214	0.990955	0.134176	0.0322916	-0.134177	0.990431	0.990499	-4.06778	61.2168	
0.999434	0.00232335	-0.0335683	0.00215936	0.991129	0.132889	0.0335792	-0.132887	0.990562	1.0226	-4.19794	62.1823	
0.99939	0.00249339	-0.0348421	0.00211491	0.9913	0.131603	0.0348671	-0.131596	0.99069	1.05596	-4.32685	63.1479	
0.999344	0.00266181	-0.0361163	0.00206882	0.99147	0.130317	0.0361551	-0.130306	0.990814	1.09058	-4.45449	64.1136	
0.999297	0.00282858	-0.0373907	0.00202108	0.991638	0.129032	0.0374431	-0.129016	0.990935	1.12645	-4.58088	65.0795	
0.999248	0.00299369	-0.0386654	0.00197169	0.991805	0.127746	0.0387309	-0.127727	0.991053	1.16357	-4.70601	66.0454	
0.999197	0.00315713	-0.03994	0.00192065	0.99197	0.126462	0.0400185	-0.126437	0.991167	1.20195	-4.82988	67.0115	
0.999145	0.00331888	-0.0412146	0.00186797	0.992133	0.125178	0.0413058	-0.125147	0.991278	1.24159	-4.9525	67.9777	
0.999091	0.00347894	-0.042489	0.00181365	0.992294	0.123894	0.0425926	-0.123858	0.991385	1.28248	-5.07386	68.944	
0.999035	0.00363728	-0.0437631	0.00175769	0.992453	0.122611	0.0438788	-0.122569	0.991489	1.32462	-5.19396	69.9104	
0.998978	0.0037939	-0.0450368	0.0017001	0.992611	0.121328	0.0451644	-0.121281	0.99159	1.36802	-5.3128	70.8769	
0.998725	0.00437331	-0.0502924	0.000562518	0.995215	0.0977122	0.0504791	-0.0976159	0.993943	1.41463	-5.41949	71.8447	
0.998444	0.00482728	-0.0555589	-0.000701132	0.997254	0.0740473	0.0557638	-0.0738932	0.995706	1.46642	-5.50309	72.8144	
0.998135	0.00515556	-0.0608331	-0.0020901	0.99873	0.0503476	0.0610154	-0.0501265	0.996877	1.52333	-5.56353	73.7856	
0.997798	0.00535793	-0.066112	-0.00360356	0.999639	0.0266271	0.0662308	-0.0263302	0.997457	1.58535	-5.6008	74.7576	
0.997434	0.00543429	-0.0713924	-0.00524062	0.999982	0.00289975	0.0714069	-0.00251817	0.997444	1.65244	-5.61486	75.7299	
0.997042	0.00538459	-0.0766711	-0.00700031	0.999759	-0.0208202	0.0765405	0.0212953	0.996839	1.72455	-5.60571	76.702	
0.996623	0.00520885	-0.0819451	-0.00888157	0.998969	-0.0445187	0.0816287	0.0450962	0.995642	1.80164	-5.57335	77.6731	
0.996178	0.00490719	-0.0872112	-0.0108833	0.997614	-0.0681817	0.0866685	0.0688703	0.993854	1.88367	-5.5178	78.6428	
0.995706	0.00447978	-0.0924662	-0.0130043	0.995693	-0.0917952	0.0916568	0.0926035	0.991475	1.97058	-5.4391	79.6104	
0.995207	0.00392688	-0.0977071	-0.0152433	0.993209	-0.115345	0.0965906	0.116282	0.988508	2.06233	-5.33729	80.5754	
0.994683	0.0032488	-0.102931	-0.017599	0.990162	-0.138817	0.101467	0.139891	0.984954	2.15887	-5.21243	81.5373	
0.994133	0.00244597	-0.108134	-0.02007	0.986554	-0.162198	0.106283	0.163417	0.980815	2.26012	-5.0646	82.4954	
0.993558	0.00151884	-0.113314	-0.0226548	0.982388	-0.185474	0.111036	0.186846	0.976094	2.36604	-4.89388	83.4492	
0.992958	0.000467982	-0.118467	-0.0253518	0.977666	-0.20863	0.115724	0.210164	0.970793	2.47657	-4.70038	84.3981	
0.992333	-0.000705991	-0.123591	-0.0281596	0.972391	-0.231653	0.120342	0.233357	0.964916	2.59163	-4.48421	85.3416	
0.991684	-0.00200238	-0.128682	-0.0310764	0.966565	-0.25453	0.124889	0.256412	0.958465	2.71115	-4.2455	86.279	
0.991011	-0.00342042	-0.133737	-0.0341004	0.960194	-0.277246	0.129362	0.279315	0.951446	2.83507	-3.98438	87.2099	
0.990314	-0.00495925	-0.138754	-0.03723	0.953279	-0.299789	0.133758	0.302051	0.943861	2.96332	-3.70103	88.1337	
0.989595	-0.00661798	-0.143729	-0.0404631	0.945825	-0.322145	0.138075	0.324608	0.935716	3.09581	-3.3956	89.0498	
0.988853	-0.00839562	-0.14866	-0.043798	0.937838	-0.3443	0.142309	0.346973	0.927016	3.23247	-3.06827	89.9577	
0.988088	-0.0102911	-0.153543	-0.0472326	0.92932	-0.366242	0.146459	0.369131	0.917765	3.37321	-2.71924	90.8568	
0.987302	-0.0123033	-0.158375	-0.0507649	0.920278	-0.387957	0.150523	0.391071	0.907968	3.51796	-2.34872	91.7467	
0.986495	-0.014431	-0.163155	-0.0543928	0.910717	-0.409433	0.154496	0.412778	0.897633	3.66662	-1.95693	92.6267	
0.985667	-0.016673	-0.167878	-0.0581141	0.900643	-0.430656	0.158378	0.43424	0.886765	3.81912	-1.54409	93.4964	
0.984818	-0.019028	-0.172542	-0.0619267	0.890061	-0.451615	0.162166	0.455444	0.87537	3.97535	-1.11046	94.3553	
0.98395	-0.0214945	-0.177145	-0.0658282	0.878978	-0.472297	0.165858	0.476377	0.863456	4.13523	-0.656294	95.2028	
