1	0	0	0	1	0	0	0	1	0	0	0	
0.999999	1.19797e-06	-0.00111347	1.19797e-06	0.999998	0.00215179	0.00111347	-0.00215179	0.999997	0.000585975	-0.00113241	1.05252	
0.999998	4.80817e-06	-0.00223046	4.81028e-06	0.999991	0.00431229	0.00223046	-0.00431229	0.999988	0.00234576	-0.00453421	2.10504	
0.999994	1.08552e-05	-0.00335092	1.08637e-05	0.999979	0.00648139	0.00335092	-0.00648139	0.999973	0.00528303	-0.0102145	3.15755	
0.99999	1.93633e-05	-0.00447478	1.93846e-05	0.999963	0.00865897	0.00447478	-0.00865897	0.999952	0.00940141	-0.0181823	4.21003	
0.999984	3.03563e-05	-0.00560196	3.03989e-05	0.999941	0.0108449	0.00560196	-0.0108449	0.999926	0.0147044	-0.0284465	5.2625	
0.999977	4.38573e-05	-0.00673241	4.39322e-05	0.999915	0.0130391	0.00673241	-0.0130391	0.999892	0.0211955	-0.0410158	6.31493	
0.999969	5.98894e-05	-0.00786605	6.00096e-05	0.999884	0.0152415	0.00786605	-0.0152415	0.999853	0.0288782	-0.0558988	7.36732	
0.999959	7.84749e-05	-0.00900282	7.86558e-05	0.999848	0.0174518	0.00900282	-0.0174518	0.999807	0.0377556	-0.0731041	8.41966	
0.999949	9.96359e-05	-0.0101427	9.98952e-05	0.999807	0.0196701	0.0101427	-0.0196701	0.999755	0.0478312	-0.09264	9.47196	
0.999936	0.000123394	-0.0112855	0.000123752	0.99976	0.0218961	0.0112855	-0.0218961	0.999697	0.059108	-0.114515	10.5242	
0.999923	0.00014977	-0.0124312	0.000150248	0.999709	0.0241298	0.0124312	-0.0241298	0.999632	0.0715892	-0.138736	11.5764	
0.999908	0.000178784	-0.0135798	0.000179409	0.999652	0.026371	0.0135798	-0.026371	0.99956	0.0852779	-0.165313	12.6285	
0.999891	0.000210457	-0.0147312	0.000211255	0.99959	0.0286197	0.0147312	-0.0286197	0.999482	0.100177	-0.194253	13.6805	
0.999874	0.000244809	-0.0158853	0.000245809	0.999523	0.0308757	0.0158853	-0.0308757	0.999397	0.116289	-0.225563	14.7324	
0.999855	0.000281858	-0.0170421	0.000283093	0.999451	0.0331388	0.0170421	-0.0331388	0.999305	0.133618	-0.259251	15.7843	
0.999834	0.000321623	-0.0182015	0.000323128	0.999373	0.035409	0.0182014	-0.035409	0.999207	0.152165	-0.295326	16.836	
0.999812	0.000364123	-0.0193633	0.000365935	0.99929	0.0376862	0.0193633	-0.0376862	0.999102	0.171934	-0.333793	17.8876	
0.999789	0.000409375	-0.0205277	0.000411533	0.999201	0.0399701	0.0205276	-0.0399702	0.99899	0.192927	-0.374661	18.9392	
0.999765	0.000457396	-0.0216944	0.000459943	0.999107	0.0422608	0.0216943	-0.0422608	0.998871	0.215147	-0.417936	19.9906	
0.999738	0.000508204	-0.0228634	0.000511184	0.999007	0.0445581	0.0228633	-0.0445581	0.998745	0.238596	-0.463625	21.0418	
0.999711	0.000561813	-0.0240347	0.000565275	0.998901	0.0468618	0.0240346	-0.0468618	0.998612	0.263277	-0.511736	22.093	
0.999682	0.000618241	-0.0252081	0.000622234	0.99879	0.0491718	0.025208	-0.0491719	0.998472	0.289191	-0.562275	23.144	
0.999652	0.000677503	-0.0263837	0.00068208	0.998673	0.0514881	0.0263836	-0.0514881	0.998325	0.316342	-0.615249	24.1948	
0.99962	0.000739612	-0.0275613	0.000744829	0.998551	0.0538104	0.0275612	-0.0538105	0.998171	0.344731	-0.670664	25.2455	
0.999587	0.000804584	-0.0287409	0.000810498	0.998423	0.0561387	0.0287408	-0.0561388	0.998009	0.374361	-0.728526	26.296	
0.999552	0.000872432	-0.0299224	0.000879104	0.998289	0.0584728	0.0299222	-0.0584729	0.99784	0.405233	-0.788842	27.3463	
0.999516	0.000943169	-0.0311058	0.000950663	0.998149	0.0608127	0.0311055	-0.0608128	0.997664	0.43735	-0.851617	28.3965	
0.999478	0.00101681	-0.0322909	0.00102519	0.998003	0.0631581	0.0322906	-0.0631583	0.997481	0.470713	-0.916859	29.4465	
0.999439	0.00109336	-0.0334777	0.0011027	0.997851	0.0655091	0.0334774	-0.0655092	0.99729	0.505324	-0.984572	30.4963	
0.999398	0.00117284	-0.0346662	0.00118321	0.997694	0.0678653	0.0346658	-0.0678655	0.997092	0.541185	-1.05476	31.5458	
0.999356	0.00125526	-0.0358562	0.00126673	0.99753	0.0702268	0.0358558	-0.070227	0.996886	0.578298	-1.12743	32.5952	
0.999313	0.00134062	-0.0370478	0.00135327	0.997361	0.0725934	0.0370473	-0.0725936	0.996673	0.616664	-1.2026	33.6443	
0.999268	0.00142894	-0.0382408	0.00144285	0.997185	0.0749649	0.0382403	-0.0749652	0.996453	0.656285	-1.28025	34.6932	
0.999221	0.00152023	-0.0394351	0.00153548	0.997003	0.0773413	0.0394346	-0.0773416	0.996224	0.697163	-1.3604	35.7419	
0.999173	0.0016145	-0.0406308	0.00163118	0.996816	0.0797224	0.0406301	-0.0797227	0.995989	0.739298	-1.44306	36.7903	
0.999123	0.00171175	-0.0418277	0.00172994	0.996622	0.0821081	0.041827	-0.0821084	0.995745	0.782692	-1.52823	37.8385	
0.999072	0.00181199	-0.0430258	0.0018318	0.996422	0.0844982	0.043025	-0.0844986	0.995494	0.827346	-1.61591	38.8864	
0.99902	0.00191523	-0.044225	0.00193674	0.996216	0.0868927	0.044224	-0.0868932	0.995236	0.873262	-1.7061	39.9341	
0.998966	0.00202148	-0.0454252	0.00204479	0.996003	0.0892914	0.0454242	-0.089292	0.994969	0.920441	-1.79882	40.9814	
0.99891	0.00213075	-0.0466264	0.00215595	0.995785	0.0916942	0.0466252	-0.0916948	0.994695	0.968883	-1.89407	42.0285	
0.998853	0.00224303	-0.0478285	0.00227024	0.99556	0.094101	0.0478272	-0.0941016	0.994413	1.01859	-1.99185	43.0753	
0.998794	0.00235834	-0.0490314	0.00238765	0.995329	0.0965116	0.04903	-0.0965123	0.994123	1.06956	-2.09216	44.1218	
0.998734	0.00247668	-0.0502351	0.0025082	0.995092	0.0989258	0.0502336	-0.0989266	0.993826	1.1218	-2.19501	45.168	
0.998673	0.00259805	-0.0514395	0.0026319	0.994848	0.101344	0.0514378	-0.101345	0.993521	1.17531	-2.30041	46.2139	
0.99861	0.00272246	-0.0526446	0.00275875	0.994598	0.103765	0.0526427	-0.103766	0.993208	1.23008	-2.40835	47.2594	
0.998545	0.00284991	-0.0538502	0.00288875	0.994342	0.10619	0.0538481	-0.106191	0.992887	1.28612	-2.51884	48.3046	
0.998479	0.00298041	-0.0550563	0.00302192	0.994079	0.108618	0.0550541	-0.108619	0.992558	1.34343	-2.63189	49.3495	
0.998411	0.00311395	-0.0562629	0.00315826	0.99381	0.111048	0.0562604	-0.11105	0.992221	1.40201	-2.74749	50.394	
0.998342	0.00325053	-0.0574698	0.00329776	0.993535	0.113482	0.0574672	-0.113484	0.991876	1.46187	-2.86566	51.4381	
0.998271	0.00339017	-0.0586771	0.00344045	0.993253	0.115919	0.0586742	-0.11592	0.991524	1.52299	-2.98638	52.4819	
0.998199	0.00353285	-0.0598846	0.00358631	0.992964	0.118358	0.0598814	-0.11836	0.991164	1.58538	-3.10968	53.5254	
0.998125	0.00367858	-0.0610923	0.00373535	0.99267	0.1208	0.0610889	-0.120802	0.990795	1.64904	-3.23554	54.5684	
0.99805	0.00382736	-0.0623001	0.00388758	0.992369	0.123245	0.0622964	-0.123247	0.990419	1.71397	-3.36397	55.611	
0.997973	0.00397918	-0.063508	0.004043	0.992061	0.125691	0.0635039	-0.125693	0.990035	1.78018	-3.49498	56.6533	
0.997895	0.00413405	-0.0647158	0.0042016	0.991747	0.12814	0.0647115	-0.128142	0.989642	1.84765	-3.62856	57.6951	
0.997815	0.00429197	-0.0659236	0.00436339	0.991427	0.130591	0.0659189	-0.130593	0.989242	1.9164	-3.76473	58.7365	
0.997734	0.00445292	-0.0671312	0.00452836	0.9911	0.133044	0.0671261	-0.133046	0.988834	1.98641	-3.90347	59.7775	
0.997652	0.00461691	-0.0683386	0.00469652	0.990766	0.135498	0.0683332	-0.135501	0.988418	2.0577	-4.0448	60.818	
0.997567	0.00478393	-0.0695457	0.00486787	0.990427	0.137955	0.0695399	-0.137958	0.987994	2.13026	-4.18871	61.8582	
0.997482	0.00495398	-0.0707526	0.0050424	0.99008	0.140413	0.0707463	-0.140416	0.987562	2.20409	-4.33521	62.8978	
0.997394	0.00512706	-0.071959	0.00522012	0.989727	0.142872	0.0719523	-0.142875	0.987122	2.27918	-4.48429	63.937	
0.997306	0.00530315	-0.0731649	0.00540101	0.989368	0.145332	0.0731578	-0.145336	0.986674	2.35555	-4.63597	64.9758	
0.997216	0.00548225	-0.0743704	0.00558508	0.989002	0.147794	0.0743627	-0.147798	0.986218	2.43318	-4.79023	66.014	
0.997124	0.00566436	-0.0755752	0.00577232	0.98863	0.150257	0.075567	-0.150261	0.985754	2.51209	-4.94709	67.0518	
0.997031	0.00584947	-0.0767794	0.00596272	0.988251	0.15272	0.0767707	-0.152725	0.985282	2.59226	-5.10654	68.0891	
0.996824	0.0062626	-0.0793917	0.00643873	0.987302	0.158724	0.0793776	-0.158731	0.984126	2.67443	-5.27045	69.1255	
0.99661	0.00669161	-0.0820006	0.00693074	0.986316	0.164722	0.0819808	-0.164732	0.982926	2.75935	-5.44067	70.1607	
0.996389	0.00713645	-0.0846059	0.00743873	0.985293	0.170714	0.0845798	-0.170726	0.981682	2.847	-5.61721	71.1946	
0.99552	0.00891472	-0.0941346	0.00962253	0.980826	0.194649	0.0940649	-0.194683	0.976345	2.94102	-5.80953	72.2251	
0.994558	0.0109255	-0.103608	0.0120374	0.975775	0.218446	0.103485	-0.218504	0.970333	3.04499	-6.02698	73.2496	
0.993505	0.0131674	-0.11302	0.0146818	0.970143	0.242087	0.112833	-0.242174	0.963649	3.15884	-6.26943	74.2675	
0.992362	0.0156389	-0.122363	0.0175537	0.963935	0.265557	0.122103	-0.265677	0.956298	3.28248	-6.53671	75.2779	
0.991129	0.0183382	-0.131632	0.0206512	0.957155	0.288839	0.131289	-0.288995	0.948285	3.41584	-6.82863	76.2803	
0.989807	0.0212635	-0.14082	0.0239722	0.949807	0.311917	0.140384	-0.312114	0.939616	3.55882	-7.14499	77.2739	
0.988397	0.0244127	-0.149919	0.0275144	0.941896	0.334776	0.149381	-0.335016	0.930295	3.71132	-7.48557	78.258	
0.9869	0.0277838	-0.158926	0.0312752	0.933428	0.357398	0.158275	-0.357686	0.920331	3.87324	-7.85014	79.232	
0.985316	0.0313743	-0.167832	0.0352522	0.924409	0.379769	0.16706	-0.380109	0.90973	4.04446	-8.23843	80.1951	
0.983648	0.0351817	-0.176631	0.0394426	0.914845	0.401873	0.175729	-0.402269	0.898498	4.22487	-8.65019	81.1468	
0.981896	0.0392035	-0.185319	0.0438434	0.904743	0.423695	0.184276	-0.42415	0.886645	4.41434	-9.08513	82.0863	
0.980062	0.0434368	-0.193888	0.0484516	0.894109	0.44522	0.192696	-0.445737	0.874178	4.61274	-9.54295	83.013	
0.978146	0.0478787	-0.202333	0.053264	0.882952	0.466433	0.200982	-0.467016	0.861105	4.81993	-10.0233	83.9263	
0.97615	0.0525262	-0.210647	0.0582773	0.871278	0.487318	0.209129	-0.487972	0.847436	5.03577	-10.5259	84.8255	
0.974076	0.057376	-0.218826	0.063488	0.859095	0.507863	0.217131	-0.508589	0.833181	5.2601	-11.0504	85.71	
0.971924	0.0624247	-0.226863	0.0688925	0.846413	0.528051	0.224983	-0.528855	0.818349	5.49279	-11.5964	86.5791	
0.969697	0.0676689	-0.234753	0.0744871	0.83324	0.547871	0.23268	-0.548754	0.80295	5.73365	-12.1635	87.4324	
0.967395	0.0731049	-0.242491	0.0802679	0.819586	0.567306	0.240215	-0.568274	0.786995	5.98253	-12.7514	88.2692	
0.965022	0.078729	-0.25007	0.0862309	0.805458	0.586346	0.247584	-0.5874	0.770496	6.23926	-13.3597	89.0889	
0.962577	0.0845373	-0.257487	0.0923719	0.790868	0.604975	0.254781	-0.606119	0.753463	6.50365	-13.9878	89.8909	
0.960063	0.0905258	-0.264735	0.0986867	0.775826	0.623181	0.261802	-0.624419	0.735908	6.77552	-14.6354	90.6748	
0.957481	0.0966902	-0.271809	0.105171	0.760342	0.640952	0.268642	-0.642286	0.717844	7.05469	-15.3021	91.4399	
0.954834	0.103026	-0.278706	0.11182	0.744426	0.658276	0.275296	-0.659709	0.699283	7.34096	-15.9873	92.1857	
0.952123	0.10953	-0.285419	0.11863	0.728089	0.675139	0.281759	-0.676675	0.680237	7.63413	-16.6906	92.9117	
0.949351	0.116196	-0.291945	0.125595	0.711344	0.691531	0.288027	-0.693173	0.660721	7.93401	-17.4116	93.6175	
0.946518	0.123021	-0.298279	0.132711	0.694201	0.707441	0.294095	-0.70919	0.640747	8.24038	-18.1496	94.3024	
0.943627	0.129999	-0.304416	0.139973	0.676673	0.722857	0.29996	-0.724717	0.62033	8.55302	-18.9043	94.9661	
0.94068	0.137126	-0.310352	0.147376	0.658771	0.737768	0.305618	-0.739742	0.599483	8.87173	-19.675	95.6081	
0.937679	0.144396	-0.316083	0.154914	0.640508	0.752164	0.311064	-0.754254	0.578221	9.19629	-20.4613	96.2279	
0.934625	0.151806	-0.321606	0.162583	0.621896	0.766036	0.316294	-0.768245	0.556559	9.52646	-21.2626	96.8252	
0.931523	0.159348	-0.326915	0.170377	0.602949	0.779374	0.321305	-0.781703	0.534512	9.86203	-22.0783	97.3994	
