1	0	0	0	1	0	0	0	1	0	0	0	
1	9.70328e-08	-0.000917131	9.70328e-08	1	0.000211601	0.000917131	-0.000211601	1	0.000463198	-0.000106869	1.0101	
0.999998	3.90567e-07	-0.00183968	3.90843e-07	1	0.000424752	0.00183968	-0.000424752	0.999998	0.00185553	-0.000428259	2.0202	
0.999996	8.84315e-07	-0.0027676	8.85425e-07	1	0.000639447	0.0027676	-0.000639447	0.999996	0.00418244	-0.000965734	3.0303	
0.999993	1.58198e-06	-0.00370085	1.58477e-06	1	0.000855678	0.00370085	-0.000855678	0.999993	0.00744933	-0.00172085	4.04039	
0.999989	2.48724e-06	-0.00463937	2.49286e-06	0.999999	0.00107344	0.00463937	-0.00107344	0.999989	0.0116616	-0.00269515	5.05049	
0.999984	3.60378e-06	-0.00558311	3.61366e-06	0.999999	0.00129272	0.00558311	-0.00129272	0.999984	0.0168244	-0.00389018	6.06057	
0.999979	4.93525e-06	-0.00653203	4.95115e-06	0.999999	0.00151351	0.00653203	-0.00151351	0.999978	0.0229432	-0.00530746	7.07065	
0.999972	6.48529e-06	-0.00748608	6.50927e-06	0.999998	0.0017358	0.00748608	-0.0017358	0.99997	0.030023	-0.00694853	8.08073	
0.999964	8.25753e-06	-0.00844521	8.29198e-06	0.999998	0.0019596	0.00844521	-0.0019596	0.999962	0.0380692	-0.00881489	9.0908	
0.999956	1.02556e-05	-0.00940936	1.03032e-05	0.999998	0.00218488	0.00940936	-0.00218488	0.999953	0.0470866	-0.0109081	10.1009	
0.999946	1.2483e-05	-0.0103785	1.25469e-05	0.999997	0.00241164	0.0103785	-0.00241164	0.999943	0.0570805	-0.0132295	11.1109	
0.999936	1.49434e-05	-0.0113526	1.50269e-05	0.999997	0.00263987	0.0113526	-0.00263987	0.999932	0.0680558	-0.0157808	12.1209	
0.999924	1.76403e-05	-0.0123315	1.77471e-05	0.999996	0.00286956	0.0123315	-0.00286956	0.99992	0.0800174	-0.0185633	13.131	
0.999911	2.05772e-05	-0.0133153	2.07114e-05	0.999995	0.0031007	0.0133153	-0.0031007	0.999907	0.0929703	-0.0215786	14.141	
0.999898	2.37577e-05	-0.0143038	2.39237e-05	0.999994	0.0033333	0.0143038	-0.0033333	0.999892	0.106919	-0.0248281	15.151	
0.999883	2.71851e-05	-0.0152971	2.73878e-05	0.999994	0.00356732	0.0152971	-0.00356732	0.999877	0.121869	-0.0283133	16.161	
0.999867	3.08631e-05	-0.016295	3.11075e-05	0.999993	0.00380278	0.016295	-0.00380278	0.99986	0.137825	-0.0320356	17.1709	
0.99985	3.47949e-05	-0.0172976	3.50867e-05	0.999992	0.00403965	0.0172976	-0.00403965	0.999842	0.154791	-0.0359964	18.1809	
0.999832	3.89841e-05	-0.0183047	3.93291e-05	0.999991	0.00427793	0.0183047	-0.00427793	0.999823	0.172772	-0.0401972	19.1908	
0.999813	4.34339e-05	-0.0193163	4.38384e-05	0.99999	0.00451761	0.0193163	-0.00451761	0.999803	0.191772	-0.0446394	20.2007	
0.999793	4.81478e-05	-0.0203325	4.86185e-05	0.999989	0.00475868	0.0203325	-0.00475868	0.999782	0.211797	-0.0493244	21.2106	
0.999772	5.3129e-05	-0.021353	5.3673e-05	0.999987	0.00500113	0.021353	-0.00500114	0.999759	0.23285	-0.0542536	22.2205	
0.99975	5.83808e-05	-0.0223779	5.90056e-05	0.999986	0.00524495	0.0223779	-0.00524496	0.999736	0.254937	-0.0594284	23.2303	
0.999726	6.39066e-05	-0.0234071	6.462e-05	0.999985	0.00549013	0.0234071	-0.00549014	0.999711	0.27806	-0.0648501	24.2402	
0.999701	6.97095e-05	-0.0244405	7.05198e-05	0.999984	0.00573667	0.0244405	-0.00573668	0.999685	0.302226	-0.0705202	25.25	
0.999675	7.57928e-05	-0.0254782	7.67087e-05	0.999982	0.00598455	0.0254782	-0.00598456	0.999657	0.327437	-0.0764401	26.2597	
0.999648	8.21596e-05	-0.02652	8.31902e-05	0.999981	0.00623375	0.02652	-0.00623377	0.999629	0.353699	-0.0826109	27.2695	
0.99962	8.8813e-05	-0.0275659	8.99678e-05	0.999979	0.00648428	0.0275658	-0.0064843	0.999599	0.381015	-0.0890342	28.2792	
0.99959	9.57562e-05	-0.0286158	9.70451e-05	0.999977	0.00673612	0.0286158	-0.00673614	0.999568	0.409389	-0.0957112	29.2889	
0.99956	0.000102992	-0.0296697	0.000104426	0.999976	0.00698926	0.0296697	-0.00698928	0.999535	0.438827	-0.102643	30.2985	
0.999528	0.000110524	-0.0307276	0.000112113	0.999974	0.0072437	0.0307275	-0.00724372	0.999502	0.46933	-0.109832	31.3081	
0.999495	0.000118355	-0.0317893	0.00012011	0.999972	0.00749941	0.0317893	-0.00749944	0.999466	0.500904	-0.117278	32.3177	
0.99946	0.000126487	-0.0328548	0.000128421	0.99997	0.00775639	0.0328548	-0.00775642	0.99943	0.533553	-0.124983	33.3272	
0.999424	0.000134924	-0.0339241	0.000137049	0.999968	0.00801463	0.0339241	-0.00801467	0.999392	0.56728	-0.132948	34.3367	
0.999387	0.000143669	-0.0349972	0.000145996	0.999966	0.00827412	0.0349972	-0.00827416	0.999353	0.602088	-0.141175	35.3462	
0.999349	0.000152724	-0.0360739	0.000155268	0.999964	0.00853484	0.0360739	-0.00853489	0.999313	0.637983	-0.149664	36.3556	
0.99931	0.000162092	-0.0371542	0.000164865	0.999961	0.0087968	0.0371541	-0.00879685	0.999271	0.674967	-0.158417	37.365	
0.999269	0.000171777	-0.038238	0.000174793	0.999959	0.00905997	0.038238	-0.00906002	0.999228	0.713044	-0.167436	38.3744	
0.999226	0.000181779	-0.0393253	0.000185054	0.999957	0.00932434	0.0393253	-0.0093244	0.999183	0.752217	-0.176721	39.3837	
0.999183	0.000192104	-0.0404161	0.000195651	0.999954	0.0095899	0.0404161	-0.00958997	0.999137	0.79249	-0.186274	40.3929	
0.999138	0.000202752	-0.0415102	0.000206588	0.999951	0.00985665	0.0415102	-0.00985673	0.999089	0.833867	-0.196095	41.4021	
0.999092	0.000213727	-0.0426077	0.000217867	0.999949	0.0101246	0.0426077	-0.0101247	0.999041	0.876351	-0.206187	42.4113	
0.999044	0.000225031	-0.0437085	0.000229491	0.999946	0.0103936	0.0437084	-0.0103937	0.99899	0.919945	-0.21655	43.4204	
0.998995	0.000236666	-0.0448124	0.000241464	0.999943	0.0106639	0.0448124	-0.010664	0.998939	0.964653	-0.227185	44.4294	
0.998945	0.000248635	-0.0459195	0.000253787	0.99994	0.0109352	0.0459195	-0.0109353	0.998885	1.01048	-0.238094	45.4384	
0.998893	0.000260941	-0.0470297	0.000266465	0.999937	0.0112077	0.0470297	-0.0112078	0.998831	1.05742	-0.249277	46.4474	
0.99884	0.000273586	-0.048143	0.0002795	0.999934	0.0114813	0.048143	-0.0114814	0.998774	1.10549	-0.260736	47.4563	
0.998786	0.000286571	-0.0492592	0.000292895	0.999931	0.011756	0.0492592	-0.0117561	0.998717	1.15468	-0.272473	48.4651	
0.99873	0.0002999	-0.0503784	0.000306652	0.999928	0.0120318	0.0503783	-0.0120319	0.998658	1.205	-0.284487	49.4739	
0.998673	0.000313575	-0.0515004	0.000320775	0.999924	0.0123086	0.0515004	-0.0123088	0.998597	1.25646	-0.29678	50.4826	
0.998614	0.000327597	-0.0526253	0.000335265	0.999921	0.0125866	0.0526252	-0.0125868	0.998535	1.30905	-0.309354	51.4913	
0.998554	0.000341968	-0.0537529	0.000350125	0.999917	0.0128655	0.0537528	-0.0128657	0.998471	1.36277	-0.322208	52.4999	
0.998493	0.000356692	-0.0548832	0.000365359	0.999914	0.0131455	0.0548831	-0.0131458	0.998406	1.41764	-0.335345	53.5084	
0.99843	0.000371769	-0.0560161	0.000380968	0.99991	0.0134266	0.0560161	-0.0134268	0.99834	1.47365	-0.348766	54.5168	
0.998365	0.000387202	-0.0571517	0.000396954	0.999906	0.0137086	0.0571516	-0.0137089	0.998271	1.5308	-0.362471	55.5252	
0.9983	0.000402993	-0.0582897	0.000413321	0.999902	0.0139917	0.0582897	-0.013992	0.998202	1.58911	-0.376461	56.5335	
0.998232	0.000419142	-0.0594302	0.000430071	0.999898	0.0142757	0.0594302	-0.0142761	0.99813	1.64856	-0.390738	57.5418	
0.998164	0.000435653	-0.0605732	0.000447205	0.999894	0.0145607	0.0605731	-0.0145611	0.998058	1.70917	-0.405302	58.55	
0.998093	0.000452527	-0.0617185	0.000464726	0.99989	0.0148467	0.0617184	-0.0148471	0.997983	1.77093	-0.420155	59.5581	
0.998022	0.000469766	-0.0628661	0.000482637	0.999885	0.0151337	0.062866	-0.0151341	0.997907	1.83385	-0.435297	60.5661	
0.997949	0.00048737	-0.0640159	0.000500938	0.999881	0.0154215	0.0640158	-0.015422	0.99783	1.89794	-0.450729	61.574	
0.997874	0.000505342	-0.0651679	0.000519633	0.999876	0.0157103	0.0651678	-0.0157108	0.997751	1.96318	-0.466453	62.5819	
0.997798	0.000523684	-0.066322	0.000538723	0.999872	0.016	0.0663219	-0.0160005	0.99767	2.02959	-0.482469	63.5897	
0.997721	0.000542395	-0.0674782	0.000558211	0.999867	0.0162906	0.0674781	-0.0162912	0.997588	2.09716	-0.498778	64.5974	
0.997388	0.000622791	-0.0722238	0.000643105	0.999847	0.0175028	0.0722236	-0.0175036	0.997235	2.16772	-0.515846	65.6049	
0.997033	0.000708987	-0.0769693	0.000733826	0.999825	0.0187154	0.0769691	-0.0187164	0.996858	2.24307	-0.534139	66.612	
0.996655	0.000800985	-0.0817144	0.000830378	0.999801	0.0199283	0.0817141	-0.0199295	0.996457	2.32321	-0.553657	67.6187	
0.996255	0.000898784	-0.0864589	0.000932763	0.999776	0.0211413	0.0864585	-0.0211428	0.996031	2.40815	-0.5744	68.625	
0.995832	0.00100238	-0.0912022	0.00104098	0.99975	0.0223544	0.0912018	-0.0223562	0.995581	2.49788	-0.59637	69.6309	
0.995386	0.00111178	-0.0959441	0.00115503	0.999722	0.0235676	0.0959436	-0.0235697	0.995108	2.5924	-0.619565	70.6363	
0.994918	0.00122697	-0.100684	0.00127491	0.999692	0.0247807	0.100684	-0.0247831	0.99461	2.6917	-0.643985	71.6412	
0.992158	0.00190948	-0.124978	0.00198326	0.999517	0.0310157	0.124976	-0.0310203	0.991675	2.80568	-0.67217	72.6445	
0.988805	0.00274431	-0.149191	0.00284387	0.999303	0.0372302	0.14919	-0.0372377	0.988107	2.94415	-0.706646	73.6444	
0.98486	0.00373094	-0.17331	0.00385619	0.999049	0.0434204	0.173308	-0.0434313	0.98391	3.10704	-0.74739	74.6404	
0.980327	0.00486873	-0.197319	0.00501958	0.998757	0.0495822	0.197315	-0.0495973	0.979085	3.29423	-0.794377	75.6319	
0.975209	0.00615696	-0.221202	0.00633329	0.998427	0.0557119	0.221197	-0.0557316	0.973635	3.50561	-0.847576	76.6182	
0.969508	0.0075948	-0.244943	0.00779649	0.998058	0.0618053	0.244937	-0.0618304	0.967565	3.74105	-0.906954	77.5986	
0.963228	0.00918135	-0.268529	0.00940824	0.997651	0.0678587	0.268522	-0.0678898	0.960878	4.00038	-0.972472	78.5726	
0.956373	0.0109156	-0.291944	0.0111675	0.997205	0.0738682	0.291935	-0.0739058	0.953579	4.28346	-1.04409	79.5396	
0.948948	0.0127964	-0.315173	0.0130732	0.996723	0.07983	0.315162	-0.0798748	0.945671	4.59009	-1.12176	80.4988	
0.940957	0.0148226	-0.338201	0.0151241	0.996203	0.0857402	0.338188	-0.0857928	0.93716	4.92008	-1.20544	81.4498	
0.932406	0.0169929	-0.361014	0.0173188	0.995646	0.0915951	0.360998	-0.0916561	0.928051	5.27322	-1.29506	82.3919	
0.923299	0.0193059	-0.383596	0.019656	0.995052	0.097391	0.383578	-0.097461	0.918351	5.64929	-1.39058	83.3245	
0.913643	0.0217601	-0.405934	0.0221343	0.994422	0.103124	0.405914	-0.103204	0.908065	6.04805	-1.49193	84.247	
0.903444	0.0243541	-0.428014	0.0247519	0.993756	0.108791	0.427991	-0.108881	0.897201	6.46923	-1.59905	85.1588	
0.892708	0.027086	-0.44982	0.0275073	0.993055	0.114388	0.449795	-0.114488	0.885764	6.91258	-1.71187	86.0593	
0.881443	0.0299542	-0.47134	0.0303986	0.992319	0.119911	0.471312	-0.120023	0.873762	7.37781	-1.83032	86.948	
0.869654	0.0329568	-0.49256	0.0334241	0.991549	0.125357	0.492528	-0.125481	0.861203	7.86463	-1.95431	87.8243	
0.857351	0.036092	-0.513465	0.0365819	0.990744	0.130722	0.513431	-0.130858	0.848095	8.37271	-2.08378	88.6876	
0.84454	0.0393577	-0.534044	0.0398698	0.989906	0.136004	0.534006	-0.136153	0.834446	8.90175	-2.21865	89.5374	
0.83123	0.0427518	-0.554282	0.0432858	0.989035	0.141198	0.55424	-0.141361	0.820265	9.4514	-2.35881	90.3732	
0.81743	0.0462722	-0.574166	0.0468277	0.988131	0.146301	0.574121	-0.146478	0.805561	10.0213	-2.50419	91.1943	
0.803148	0.0499167	-0.593685	0.0504933	0.987196	0.151311	0.593636	-0.151502	0.790343	10.6111	-2.6547	92.0004	
0.788393	0.0536829	-0.612826	0.0542803	0.986229	0.156223	0.612773	-0.15643	0.774622	11.2204	-2.81022	92.7908	
0.773174	0.0575683	-0.631575	0.0581861	0.985232	0.161036	0.631519	-0.161258	0.758406	11.8489	-2.97068	93.5651	
0.757502	0.0615707	-0.649923	0.0622084	0.984205	0.165745	0.649862	-0.165982	0.741707	12.4961	-3.13596	94.3228	
0.741387	0.0656873	-0.667855	0.0663445	0.983148	0.170347	0.667791	-0.170602	0.724535	13.1616	-3.30596	95.0634	
0.724838	0.0699155	-0.685363	0.0705918	0.982063	0.17484	0.685293	-0.175112	0.706901	13.845	-3.48058	95.7863	
0.707866	0.0742528	-0.702433	0.0749477	0.98095	0.179222	0.702359	-0.179511	0.688816	14.5459	-3.65969	96.4913	
