1	0	0	0	1	0	0	0	1	0	0	0	
1	-1.2774e-08	4.70942e-05	-1.2774e-08	1	0.000542486	-4.70942e-05	-0.000542486	1	-2.19535e-05	-0.000252886	0.932323	
1	-5.15962e-08	9.46212e-05	-5.16551e-08	0.999999	0.00109121	-9.46212e-05	-0.00109121	0.999999	-8.80158e-05	-0.00101445	1.86465	
1	-1.17231e-07	0.000142576	-1.1747e-07	0.999999	0.00164614	-0.000142576	-0.00164614	0.999999	-0.000198588	-0.0022905	2.79697	
1	-2.10443e-07	0.000190955	-2.11046e-07	0.999998	0.00220726	-0.000190955	-0.00220726	0.999998	-0.000354068	-0.00408681	3.72929	
1	-3.31995e-07	0.000239753	-3.33213e-07	0.999996	0.00277454	-0.000239753	-0.00277454	0.999996	-0.000554848	-0.00640913	4.66161	
1	-4.82648e-07	0.000288966	-4.84803e-07	0.999994	0.00334796	-0.000288966	-0.00334796	0.999994	-0.000801316	-0.00926321	5.59393	
1	-6.63162e-07	0.000338588	-6.66648e-07	0.999992	0.0039275	-0.000338588	-0.0039275	0.999992	-0.00109386	-0.0126548	6.52625	
1	-8.74296e-07	0.000388616	-8.79582e-07	0.99999	0.00451311	-0.000388616	-0.00451311	0.99999	-0.00143285	-0.0165894	7.45856	
1	-1.11681e-06	0.000439045	-1.12444e-06	0.999987	0.00510479	-0.000439045	-0.00510479	0.999987	-0.00181868	-0.0210729	8.39087	
1	-1.39145e-06	0.000489869	-1.40205e-06	0.999984	0.00570251	-0.000489869	-0.00570251	0.999984	-0.0022517	-0.0261109	9.32318	
1	-1.69898e-06	0.000541085	-1.71326e-06	0.99998	0.00630623	-0.000541085	-0.00630623	0.99998	-0.00273229	-0.0317089	10.2555	
1	-2.04013e-06	0.000592688	-2.0589e-06	0.999976	0.00691593	-0.000592688	-0.00691593	0.999976	-0.00326081	-0.0378726	11.1878	
1	-2.41567e-06	0.000644673	-2.43981e-06	0.999972	0.00753158	-0.000644673	-0.00753158	0.999971	-0.00383762	-0.0446074	12.1201	
1	-2.82633e-06	0.000697036	-2.85681e-06	0.999967	0.00815317	-0.000697036	-0.00815317	0.999967	-0.00446308	-0.0519191	13.0524	
1	-3.27286e-06	0.000749772	-3.31075e-06	0.999961	0.00878065	-0.000749771	-0.00878065	0.999961	-0.00513752	-0.059813	13.9847	
1	-3.75598e-06	0.000802876	-3.80246e-06	0.999956	0.009414	-0.000802875	-0.009414	0.999955	-0.00586131	-0.0682946	14.917	
1	-4.27644e-06	0.000856343	-4.33277e-06	0.999949	0.0100532	-0.000856343	-0.0100532	0.999949	-0.00663477	-0.0773695	15.8492	
1	-4.83495e-06	0.00091017	-4.90251e-06	0.999943	0.0106982	-0.000910169	-0.0106982	0.999942	-0.00745825	-0.087043	16.7815	
1	-5.43226e-06	0.00096435	-5.51252e-06	0.999936	0.011349	-0.00096435	-0.011349	0.999935	-0.00833208	-0.0973206	17.7138	
0.999999	-6.06907e-06	0.00101888	-6.16362e-06	0.999928	0.0120056	-0.00101888	-0.0120056	0.999927	-0.00925659	-0.108208	18.646	
0.999999	-6.7461e-06	0.00107376	-6.85664e-06	0.99992	0.0126679	-0.00107376	-0.0126679	0.999919	-0.0102321	-0.119709	19.5783	
0.999999	-7.46407e-06	0.00112897	-7.5924e-06	0.999911	0.0133359	-0.00112897	-0.0133359	0.99991	-0.0112589	-0.131831	20.5105	
0.999999	-8.22367e-06	0.00118452	-8.37173e-06	0.999902	0.0140095	-0.00118452	-0.0140095	0.999901	-0.0123374	-0.144579	21.4428	
0.999999	-9.02562e-06	0.0012404	-9.19544e-06	0.999892	0.0146888	-0.0012404	-0.0146888	0.999891	-0.0134678	-0.157957	22.375	
0.999999	-9.8706e-06	0.00129661	-1.00644e-05	0.999882	0.0153737	-0.00129661	-0.0153737	0.999881	-0.0146504	-0.171971	23.3072	
0.999999	-1.07593e-05	0.00135314	-1.09793e-05	0.999871	0.0160642	-0.00135314	-0.0160642	0.99987	-0.0158857	-0.186626	24.2394	
0.999999	-1.16924e-05	0.00140999	-1.19411e-05	0.99986	0.0167603	-0.00140999	-0.0167603	0.999859	-0.0171737	-0.201927	25.1716	
0.999999	-1.26706e-05	0.00146715	-1.29504e-05	0.999848	0.0174618	-0.00146715	-0.0174618	0.999846	-0.0185149	-0.21788	26.1038	
0.999999	-1.36945e-05	0.00152461	-1.40083e-05	0.999835	0.0181689	-0.00152461	-0.0181689	0.999834	-0.0199096	-0.23449	27.036	
0.999999	-1.47649e-05	0.00158238	-1.51154e-05	0.999822	0.0188814	-0.00158238	-0.0188814	0.99982	-0.0213579	-0.251762	27.9681	
0.999999	-1.58824e-05	0.00164045	-1.62725e-05	0.999808	0.0195993	-0.00164045	-0.0195993	0.999807	-0.0228603	-0.2697	28.9003	
0.999999	-1.70475e-05	0.00169881	-1.74804e-05	0.999793	0.0203227	-0.00169881	-0.0203227	0.999792	-0.0244169	-0.28831	29.8324	
0.999998	-1.82611e-05	0.00175746	-1.874e-05	0.999778	0.0210514	-0.00175746	-0.0210514	0.999777	-0.0260281	-0.307597	30.7645	
0.999998	-1.95236e-05	0.00181639	-2.00519e-05	0.999763	0.0217854	-0.00181639	-0.0217854	0.999761	-0.0276941	-0.327566	31.6967	
0.999998	-2.08358e-05	0.00187561	-2.1417e-05	0.999746	0.0225247	-0.0018756	-0.0225247	0.999745	-0.0294152	-0.348221	32.6287	
0.999998	-2.21982e-05	0.00193509	-2.28361e-05	0.999729	0.0232693	-0.00193509	-0.0232693	0.999727	-0.0311916	-0.369569	33.5608	
0.999998	-2.36115e-05	0.00199485	-2.43099e-05	0.999711	0.0240191	-0.00199484	-0.0240191	0.99971	-0.0330235	-0.391613	34.4929	
0.999998	-2.50763e-05	0.00205487	-2.58392e-05	0.999693	0.0247741	-0.00205486	-0.0247741	0.999691	-0.0349114	-0.414358	35.4249	
0.999998	-2.65932e-05	0.00211516	-2.74247e-05	0.999674	0.0255343	-0.00211515	-0.0255343	0.999672	-0.0368553	-0.43781	36.357	
0.999998	-2.81627e-05	0.0021757	-2.90672e-05	0.999654	0.0262997	-0.00217568	-0.0262997	0.999652	-0.0388555	-0.461973	37.289	
0.999997	-2.97855e-05	0.00223649	-3.07674e-05	0.999634	0.0270701	-0.00223647	-0.0270701	0.999631	-0.0409122	-0.486852	38.2209	
0.999997	-3.1462e-05	0.00229752	-3.25261e-05	0.999612	0.0278456	-0.00229751	-0.0278456	0.99961	-0.0430258	-0.512452	39.1529	
0.999997	-3.3193e-05	0.0023588	-3.4344e-05	0.99959	0.0286261	-0.00235878	-0.0286261	0.999587	-0.0451964	-0.538777	40.0849	
0.999997	-3.49788e-05	0.00242032	-3.62218e-05	0.999567	0.0294116	-0.0024203	-0.0294116	0.999564	-0.0474242	-0.565832	41.0168	
0.999997	-3.68202e-05	0.00248206	-3.81603e-05	0.999544	0.0302021	-0.00248204	-0.0302021	0.999541	-0.0497095	-0.593621	41.9487	
0.999997	-3.87175e-05	0.00254404	-4.01601e-05	0.999519	0.0309975	-0.00254402	-0.0309975	0.999516	-0.0520525	-0.62215	42.8806	
0.999997	-4.06714e-05	0.00260624	-4.2222e-05	0.999494	0.0317978	-0.00260621	-0.0317978	0.999491	-0.0544533	-0.651423	43.8124	
0.999996	-4.26823e-05	0.00266866	-4.43467e-05	0.999468	0.032603	-0.00266863	-0.032603	0.999465	-0.0569122	-0.681444	44.7443	
0.999996	-4.47508e-05	0.00273129	-4.65348e-05	0.999442	0.033413	-0.00273126	-0.033413	0.999438	-0.0594295	-0.712218	45.6761	
0.999996	-4.68773e-05	0.00279413	-4.8787e-05	0.999414	0.0342277	-0.0027941	-0.0342277	0.99941	-0.0620052	-0.74375	46.6079	
0.999996	-4.90624e-05	0.00285718	-5.11041e-05	0.999386	0.0350472	-0.00285714	-0.0350472	0.999382	-0.0646396	-0.776043	47.5396	
0.999996	-5.13065e-05	0.00292042	-5.34866e-05	0.999356	0.0358715	-0.00292038	-0.0358715	0.999352	-0.0673328	-0.809103	48.4714	
0.999996	-5.361e-05	0.00298386	-5.59353e-05	0.999326	0.0367004	-0.00298382	-0.0367004	0.999322	-0.0700851	-0.842933	49.4031	
0.999995	-5.59735e-05	0.00304749	-5.84507e-05	0.999295	0.037534	-0.00304745	-0.037534	0.999291	-0.0728967	-0.877538	50.3348	
0.999995	-5.83973e-05	0.00311131	-6.10336e-05	0.999264	0.0383721	-0.00311126	-0.0383721	0.999259	-0.0757676	-0.912923	51.2664	
0.999995	-6.08819e-05	0.00317531	-6.36846e-05	0.999231	0.0392149	-0.00317526	-0.0392149	0.999226	-0.0786982	-0.949091	52.198	
0.999995	-6.34278e-05	0.00323949	-6.64042e-05	0.999197	0.0400621	-0.00323943	-0.0400621	0.999192	-0.0816884	-0.986047	53.1296	
0.999995	-6.60353e-05	0.00330383	-6.91931e-05	0.999163	0.0409139	-0.00330377	-0.0409139	0.999157	-0.0847386	-1.02379	54.0612	
0.999994	-6.87048e-05	0.00336835	-7.2052e-05	0.999127	0.0417701	-0.00336828	-0.0417701	0.999122	-0.0878489	-1.06234	54.9927	
0.999994	-7.14368e-05	0.00343303	-7.49813e-05	0.999091	0.0426308	-0.00343295	-0.0426308	0.999085	-0.0910194	-1.10168	55.9242	
0.999994	-7.42315e-05	0.00349787	-7.79817e-05	0.999054	0.0434958	-0.00349779	-0.0434958	0.999047	-0.0942502	-1.14183	56.8556	
0.999998	-1.36836e-05	0.00216836	-8.93122e-05	0.998872	0.0474922	-0.00216656	-0.0474923	0.998869	-0.0968907	-1.18425	57.787	
1	5.21508e-05	0.000839798	-9.53248e-05	0.998673	0.0514923	-0.000835999	-0.0514923	0.998673	-0.0982904	-1.23039	58.7182	
1	0.000123273	-0.000487839	-9.60105e-05	0.998459	0.0554957	0.000493928	-0.0554956	0.998459	-0.0984498	-1.28026	59.6491	
0.999998	0.000199686	-0.00181458	-9.13609e-05	0.998228	0.0595021	0.00182325	-0.0595019	0.998227	-0.0973697	-1.33387	60.5799	
0.999995	0.000281391	-0.00314046	-8.13684e-05	0.997981	0.0635114	0.00315199	-0.0635109	0.997976	-0.0950504	-1.39122	61.5105	
0.99999	0.00036839	-0.00446549	-6.60256e-05	0.997718	0.0675233	0.00448017	-0.0675223	0.997708	-0.0914926	-1.4523	62.4408	
0.999983	0.000460687	-0.00578971	-4.53262e-05	0.997438	0.0715375	0.00580783	-0.071536	0.997421	-0.0866967	-1.51712	63.3708	
0.999975	0.000558284	-0.00711315	-1.92642e-05	0.997142	0.0755537	0.007135	-0.0755517	0.997116	-0.0806632	-1.58569	64.3006	
0.999964	0.000661185	-0.00843583	1.21657e-05	0.996829	0.0795718	0.00846169	-0.079569	0.996793	-0.0733926	-1.658	65.2301	
0.999952	0.000769393	-0.00975777	4.89681e-05	0.9965	0.0835914	0.00978794	-0.0835879	0.996452	-0.0648854	-1.73406	66.1593	
0.999938	0.000882912	-0.011079	9.11472e-05	0.996155	0.0876123	0.0111138	-0.0876079	0.996093	-0.0551418	-1.81386	67.0881	
0.999923	0.00100175	-0.0123996	0.000138706	0.995793	0.0916342	0.0124392	-0.0916289	0.995716	-0.0441623	-1.89742	68.0166	
0.999905	0.0011259	-0.0137195	0.000191648	0.995414	0.095657	0.0137643	-0.0956505	0.99532	-0.0319472	-1.98472	68.9448	
0.999886	0.00125538	-0.0150388	0.000249976	0.995019	0.0996802	0.015089	-0.0996726	0.994906	-0.0184968	-2.07577	69.8725	
0.999865	0.00139018	-0.0163575	0.00031369	0.994608	0.103704	0.0164135	-0.103695	0.994474	-0.00381155	-2.17057	70.7999	
0.999843	0.00153032	-0.0176756	0.000382791	0.99418	0.107727	0.0177376	-0.107717	0.994023	0.0121084	-2.26913	71.7269	
0.99963	0.00264973	-0.02707	0.000861257	0.991661	0.128872	0.0271858	-0.128848	0.991292	0.0330509	-2.37941	72.6524	
0.999328	0.00396879	-0.036436	0.00154082	0.988692	0.149953	0.0366191	-0.149909	0.988021	0.0627956	-2.50936	73.5751	
0.998937	0.00548678	-0.0457685	0.00242112	0.985275	0.170959	0.0460326	-0.170888	0.984215	0.101326	-2.65891	74.4945	
0.998457	0.00720288	-0.0550624	0.00350168	0.981413	0.191878	0.055421	-0.191775	0.979873	0.148622	-2.82798	75.4102	
0.997888	0.00911615	-0.0643128	0.0047819	0.977106	0.212699	0.0647794	-0.212557	0.974999	0.204658	-3.01647	76.3215	
0.997231	0.0112256	-0.0735144	0.00626109	0.972358	0.23341	0.0741025	-0.233224	0.969595	0.269402	-3.22428	77.228	
0.996486	0.01353	-0.0826625	0.00793845	0.967171	0.254001	0.0833854	-0.253764	0.963665	0.34282	-3.45131	78.1293	
0.995653	0.0160281	-0.091752	0.00981307	0.961549	0.27446	0.092623	-0.274167	0.957211	0.424872	-3.69742	79.0248	
0.994733	0.0187186	-0.100778	0.0118839	0.955493	0.294775	0.10181	-0.29442	0.950238	0.515514	-3.96249	79.914	
0.993726	0.0216	-0.109735	0.0141499	0.949007	0.314937	0.110942	-0.314514	0.942748	0.614695	-4.24636	80.7965	
0.992633	0.0246708	-0.11862	0.0166097	0.942095	0.334933	0.120014	-0.334436	0.934745	0.722363	-4.54889	81.6717	
0.991455	0.0279293	-0.127426	0.0192621	0.934761	0.354754	0.129021	-0.354177	0.926235	0.838459	-4.86991	82.5393	
0.990192	0.0313737	-0.136149	0.0221056	0.927008	0.374388	0.137957	-0.373726	0.917222	0.962919	-5.20925	83.3987	
0.988844	0.0350021	-0.144784	0.0251387	0.918842	0.393825	0.146818	-0.393071	0.907711	1.09568	-5.56672	84.2494	
0.987413	0.0388126	-0.153327	0.0283597	0.910265	0.413054	0.1556	-0.412203	0.897706	1.23666	-5.94212	85.0911	
0.985899	0.0428032	-0.161773	0.0317668	0.901283	0.432065	0.164297	-0.431111	0.887214	1.38579	-6.33526	85.9232	
0.984304	0.0469715	-0.170118	0.0353583	0.891901	0.450847	0.172905	-0.449785	0.87624	1.54299	-6.74592	86.7453	
0.982627	0.0513154	-0.178356	0.0391321	0.882123	0.46939	0.181419	-0.468215	0.86479	1.70817	-7.17387	87.5569	
0.98087	0.0558325	-0.186484	0.0430862	0.871956	0.487685	0.189835	-0.48639	0.85287	1.88124	-7.61889	88.3576	
0.979034	0.0605204	-0.194497	0.0472185	0.861405	0.50572	0.198147	-0.504301	0.840487	2.06211	-8.08074	89.1471	
0.97712	0.0653765	-0.202391	0.0515267	0.850474	0.523487	0.206352	-0.521938	0.827647	2.25068	-8.55915	89.9247	
0.975129	0.0703982	-0.21016	0.0560085	0.839171	0.540975	0.214444	-0.539292	0.814358	2.44685	-9.05388	90.6902	
