1	0	0	0	1	0	0	0	1	0	0	0	
0.999995	-2.74896e-06	0.00331083	-2.74896e-06	0.999999	0.00166058	-0.00331083	-0.00166058	0.999993	-0.00151412	-0.000759423	0.914644	
0.999978	-1.1006e-05	0.00662497	-1.10041e-05	0.999994	0.00332226	-0.00662497	-0.00332226	0.999973	-0.006058	-0.00303819	1.82928	
0.999951	-2.47855e-05	0.0099423	-2.4778e-05	0.999988	0.00498496	-0.0099423	-0.00498496	0.999938	-0.0136346	-0.00683728	2.74388	
0.999912	-4.41013e-05	0.0132627	-4.40825e-05	0.999978	0.00664864	-0.0132627	-0.00664864	0.99989	-0.0242468	-0.0121576	3.65845	
0.999862	-6.89667e-05	0.0165861	-6.89291e-05	0.999965	0.00831324	-0.0165861	-0.00831324	0.999828	-0.0378974	-0.019	4.57297	
0.999802	-9.93945e-05	0.0199123	-9.93286e-05	0.99995	0.00997869	-0.0199123	-0.00997869	0.999752	-0.0545889	-0.0273654	5.48743	
0.99973	-0.000135397	0.0232412	-0.000135291	0.999932	0.0116449	-0.0232412	-0.0116449	0.999662	-0.074324	-0.0372544	6.40181	
0.999647	-0.000176985	0.0265728	-0.000176827	0.999911	0.0133119	-0.0265728	-0.0133119	0.999558	-0.0971052	-0.0486677	7.3161	
0.999553	-0.000224172	0.0299068	-0.000223945	0.999888	0.0149796	-0.0299068	-0.0149796	0.99944	-0.122935	-0.0616061	8.23029	
0.999447	-0.000276966	0.0332432	-0.000276655	0.999861	0.0166479	-0.0332432	-0.0166479	0.999309	-0.151815	-0.0760701	9.14436	
0.999331	-0.000335378	0.0365819	-0.000334963	0.999832	0.0183167	-0.0365819	-0.0183167	0.999163	-0.183747	-0.0920602	10.0583	
0.999203	-0.000399419	0.0399227	-0.000398878	0.9998	0.0199861	-0.0399227	-0.0199861	0.999003	-0.218735	-0.109577	10.9721	
0.999063	-0.000469096	0.0432656	-0.000468407	0.999765	0.0216559	-0.0432656	-0.0216559	0.998829	-0.256779	-0.128621	11.8858	
0.998913	-0.000544418	0.0466104	-0.000543557	0.999728	0.0233261	-0.0466104	-0.023326	0.998641	-0.297881	-0.149192	12.7993	
0.998751	-0.000625394	0.0499569	-0.000624334	0.999687	0.0249966	-0.049957	-0.0249966	0.998439	-0.342044	-0.171291	13.7126	
0.998578	-0.000712031	0.0533052	-0.000710742	0.999644	0.0266674	-0.0533052	-0.0266673	0.998222	-0.389268	-0.194918	14.6257	
0.998393	-0.000804335	0.056655	-0.000802788	0.999598	0.0283384	-0.056655	-0.0283383	0.997992	-0.439555	-0.220074	15.5386	
0.998198	-0.000902314	0.0600063	-0.000900475	0.999549	0.0300095	-0.0600063	-0.0300094	0.997747	-0.492907	-0.246758	16.4513	
0.99799	-0.00100597	0.0633589	-0.00100381	0.999498	0.0316807	-0.0633589	-0.0316807	0.997488	-0.549325	-0.27497	17.3638	
0.997772	-0.00111532	0.0667127	-0.00111279	0.999443	0.033352	-0.0667128	-0.0333519	0.997215	-0.60881	-0.304711	18.276	
0.997541	-0.00123035	0.0700677	-0.00122742	0.999386	0.0350233	-0.0700677	-0.0350232	0.996927	-0.671363	-0.33598	19.188	
0.9973	-0.00135108	0.0734236	-0.00134771	0.999326	0.0366944	-0.0734237	-0.0366943	0.996626	-0.736985	-0.368779	20.0997	
0.997047	-0.0014775	0.0767804	-0.00147365	0.999263	0.0383655	-0.0767805	-0.0383653	0.99631	-0.805677	-0.403105	21.0111	
0.996782	-0.00160963	0.0801379	-0.00160525	0.999197	0.0400363	-0.080138	-0.0400361	0.995979	-0.87744	-0.43896	21.9222	
0.996507	-0.00174746	0.0834961	-0.00174251	0.999128	0.0417069	-0.0834962	-0.0417067	0.995635	-0.952273	-0.476343	22.833	
0.996219	-0.001891	0.0868548	-0.00188543	0.999057	0.0433772	-0.086855	-0.0433769	0.995276	-1.03018	-0.515254	23.7435	
0.99592	-0.00204025	0.0902139	-0.002034	0.998983	0.0450471	-0.0902141	-0.0450468	0.994903	-1.11116	-0.555692	24.6537	
0.99561	-0.0021952	0.0935734	-0.00218823	0.998906	0.0467166	-0.0935735	-0.0467162	0.994516	-1.19521	-0.597657	25.5635	
0.995288	-0.00235587	0.0969329	-0.00234812	0.998826	0.0483856	-0.0969331	-0.0483852	0.994114	-1.28233	-0.64115	26.4729	
0.994955	-0.00252224	0.100293	-0.00251366	0.998743	0.050054	-0.100293	-0.0500536	0.993698	-1.37253	-0.686168	27.382	
0.99461	-0.00269432	0.103652	-0.00268485	0.998658	0.0517219	-0.103652	-0.0517214	0.993268	-1.4658	-0.732712	28.2907	
0.994254	-0.00287211	0.107012	-0.00286169	0.99857	0.0533891	-0.107012	-0.0533885	0.992823	-1.56214	-0.780781	29.199	
0.993886	-0.00305561	0.110371	-0.00304417	0.998479	0.0550555	-0.110371	-0.0550549	0.992364	-1.66155	-0.830375	30.1068	
0.993506	-0.00324481	0.113729	-0.0032323	0.998385	0.0567213	-0.11373	-0.0567205	0.991891	-1.76404	-0.881493	31.0143	
0.993116	-0.00343971	0.117088	-0.00342606	0.998288	0.0583861	-0.117088	-0.0583853	0.991404	-1.8696	-0.934133	31.9213	
0.992713	-0.00364032	0.120445	-0.00362545	0.998189	0.0600501	-0.120446	-0.0600492	0.990902	-1.97823	-0.988296	32.8279	
0.992299	-0.00384661	0.123802	-0.00383047	0.998087	0.0617132	-0.123803	-0.0617122	0.990386	-2.08993	-1.04398	33.7339	
0.991874	-0.0040586	0.127158	-0.00404111	0.997982	0.0633753	-0.127159	-0.0633742	0.989856	-2.2047	-1.10119	34.6396	
0.991437	-0.00427628	0.130513	-0.00425736	0.997874	0.0650363	-0.130514	-0.065035	0.989311	-2.32254	-1.15991	35.5447	
0.990989	-0.00449963	0.133867	-0.00447922	0.997763	0.0666962	-0.133868	-0.0666948	0.988752	-2.44345	-1.22015	36.4493	
0.990529	-0.00472866	0.13722	-0.00470667	0.99765	0.0683549	-0.13722	-0.0683534	0.988179	-2.56742	-1.28191	37.3534	
0.990058	-0.00496336	0.140571	-0.00493972	0.997534	0.0700125	-0.140572	-0.0700108	0.987592	-2.69446	-1.34519	38.257	
0.989575	-0.00520372	0.143921	-0.00517835	0.997415	0.0716687	-0.143922	-0.0716669	0.986991	-2.82457	-1.40998	39.16	
0.989081	-0.00544974	0.147269	-0.00542255	0.997293	0.0733236	-0.14727	-0.0733216	0.986375	-2.95774	-1.47629	40.0625	
0.988576	-0.0057014	0.150616	-0.00567231	0.997169	0.0749771	-0.150617	-0.0749749	0.985745	-3.09397	-1.54411	40.9643	
0.988059	-0.00595871	0.153961	-0.00592763	0.997042	0.0766292	-0.153962	-0.0766268	0.985101	-3.23326	-1.61344	41.8657	
0.987531	-0.00622164	0.157304	-0.00618848	0.996912	0.0782798	-0.157306	-0.0782771	0.984443	-3.37561	-1.68428	42.7664	
0.986991	-0.0064902	0.160645	-0.00645487	0.99678	0.0799288	-0.160647	-0.0799259	0.983771	-3.52102	-1.75663	43.6665	
0.98644	-0.00676436	0.163984	-0.00672678	0.996644	0.0815762	-0.163986	-0.0815731	0.983084	-3.66948	-1.83049	44.566	
0.985877	-0.00704413	0.167321	-0.0070042	0.996506	0.083222	-0.167323	-0.0832186	0.982384	-3.82099	-1.90585	45.4648	
0.985303	-0.00732948	0.170656	-0.00728711	0.996366	0.084866	-0.170657	-0.0848623	0.981669	-3.97556	-1.98272	46.363	
0.984718	-0.00762042	0.173988	-0.0075755	0.996222	0.0865082	-0.17399	-0.0865043	0.980941	-4.13318	-2.06109	47.2606	
0.984122	-0.00791692	0.177317	-0.00786935	0.996076	0.0881487	-0.177319	-0.0881444	0.980198	-4.29384	-2.14096	48.1575	
0.983514	-0.00821897	0.180644	-0.00816866	0.995927	0.0897872	-0.180646	-0.0897826	0.979442	-4.45754	-2.22233	49.0537	
0.982895	-0.00852656	0.183968	-0.00847341	0.995776	0.0914238	-0.18397	-0.0914189	0.978671	-4.62429	-2.3052	49.9492	
0.982265	-0.00883968	0.187289	-0.00878359	0.995622	0.0930584	-0.187291	-0.0930531	0.977887	-4.79408	-2.38956	50.8439	
0.981624	-0.00915832	0.190607	-0.00909917	0.995465	0.094691	-0.19061	-0.0946853	0.977089	-4.9669	-2.47542	51.738	
0.980971	-0.00948245	0.193922	-0.00942014	0.995306	0.0963215	-0.193925	-0.0963154	0.976277	-5.14276	-2.56277	52.6313	
0.980307	-0.00981207	0.197233	-0.00974648	0.995144	0.0979498	-0.197237	-0.0979433	0.975451	-5.32165	-2.65161	53.5239	
0.979633	-0.0101472	0.200542	-0.0100782	0.994979	0.0995759	-0.200545	-0.0995689	0.974612	-5.50356	-2.74194	54.4157	
0.979094	-0.0104107	0.203142	-0.00975182	0.995139	0.0980005	-0.203175	-0.0979327	0.974233	-5.68819	-2.83226	55.3069	
0.978547	-0.0106702	0.205745	-0.00942083	0.995296	0.0964239	-0.205806	-0.0962936	0.973844	-5.87523	-2.92108	56.1978	
0.977993	-0.0109257	0.20835	-0.00908523	0.99545	0.0948463	-0.208439	-0.094652	0.973445	-6.06467	-3.00841	57.0884	
0.977431	-0.0111771	0.210958	-0.00874504	0.995603	0.0932679	-0.211073	-0.0930078	0.973035	-6.25652	-3.09423	57.9786	
0.976862	-0.0114243	0.213567	-0.00840027	0.995752	0.0916887	-0.213708	-0.0913612	0.972616	-6.45079	-3.17854	58.8683	
0.976284	-0.0116674	0.216178	-0.00805092	0.995899	0.0901088	-0.216343	-0.0897123	0.972187	-6.64746	-3.26135	59.7578	
0.975699	-0.0119063	0.21879	-0.00769702	0.996044	0.0885285	-0.218979	-0.0880612	0.971748	-6.84654	-3.34265	60.6468	
0.975107	-0.0121409	0.221403	-0.00733858	0.996186	0.0869477	-0.221614	-0.0864081	0.971299	-7.04804	-3.42244	61.5354	
0.974507	-0.0123712	0.224016	-0.00697562	0.996325	0.0853667	-0.224248	-0.0847531	0.97084	-7.25194	-3.50072	62.4235	
0.9739	-0.0125971	0.226628	-0.00660815	0.996462	0.0837855	-0.226882	-0.0830963	0.970371	-7.45825	-3.57748	63.3113	
0.973285	-0.0128186	0.229241	-0.0062362	0.996596	0.0822042	-0.229514	-0.0814378	0.969892	-7.66697	-3.65272	64.1986	
0.972664	-0.0130357	0.231853	-0.00585978	0.996727	0.080623	-0.232145	-0.0797777	0.969404	-7.8781	-3.72645	65.0855	
0.972035	-0.0132484	0.234463	-0.00547892	0.996856	0.079042	-0.234773	-0.0781161	0.968906	-8.09163	-3.79866	65.972	
0.971399	-0.0134565	0.237072	-0.00509364	0.996982	0.0774612	-0.237399	-0.0764533	0.968399	-8.30757	-3.86935	66.8579	
0.970756	-0.0136602	0.239679	-0.00470397	0.997106	0.0758808	-0.240022	-0.0747892	0.967882	-8.5259	-3.93852	67.7434	
0.970106	-0.0138593	0.242284	-0.00430993	0.997227	0.0743009	-0.242642	-0.073124	0.967356	-8.74664	-4.00616	68.6285	
0.96945	-0.0140538	0.244887	-0.00391155	0.997345	0.0727216	-0.245258	-0.0714578	0.966821	-8.96977	-4.07228	69.513	
0.968787	-0.0142438	0.247486	-0.00350886	0.99746	0.071143	-0.247871	-0.0697908	0.966276	-9.19529	-4.13688	70.3971	
0.96993	-0.0139707	0.242982	0.0019902	0.998773	0.0494819	-0.243375	-0.0475104	0.968768	-9.41995	-4.19052	71.282	
0.971053	-0.0138014	0.238467	0.00738717	0.999587	0.0277707	-0.238752	-0.0252053	0.970754	-9.64045	-4.22378	72.1691	
0.972153	-0.013736	0.233944	0.0126792	0.999901	0.00602077	-0.234003	-0.00288689	0.972231	-9.85666	-4.23663	73.0577	
0.973231	-0.0137746	0.229415	0.0178636	0.999716	-0.0157566	-0.229133	0.019433	0.973201	-10.0685	-4.22906	73.9474	
0.974286	-0.013917	0.224883	0.0229376	0.999031	-0.03755	-0.224143	0.0417427	0.973662	-10.2758	-4.20108	74.8378	
0.975318	-0.0141632	0.22035	0.0278986	0.997847	-0.059348	-0.219035	0.0640306	0.973614	-10.4785	-4.15271	75.7284	
0.976326	-0.0145131	0.215819	0.032744	0.996165	-0.0811392	-0.213813	0.086285	0.973056	-10.6764	-4.08396	76.6187	
0.977309	-0.0149665	0.211291	0.0374712	0.993984	-0.102912	-0.20848	0.108494	0.97199	-10.8696	-3.99488	77.5082	
0.978267	-0.0155232	0.206769	0.0420777	0.991307	-0.124656	-0.203037	0.130647	0.970416	-11.0578	-3.88551	78.3966	
0.979199	-0.0161829	0.202256	0.0465612	0.988135	-0.146358	-0.197488	0.152731	0.968335	-11.2409	-3.75591	79.2832	
0.980105	-0.0169452	0.197754	0.0509194	0.98447	-0.168009	-0.191836	0.174736	0.965747	-11.419	-3.60614	80.1678	
0.980985	-0.0178097	0.193265	0.0551498	0.980312	-0.189595	-0.186083	0.196649	0.962654	-11.5918	-3.43629	81.0497	
0.981838	-0.018776	0.188791	0.0592504	0.975666	-0.211107	-0.180233	0.218459	0.959058	-11.7594	-3.24645	81.9286	
0.982663	-0.0198436	0.184336	0.063219	0.970532	-0.232533	-0.174289	0.240155	0.95496	-11.9215	-3.0367	82.804	
0.98346	-0.0210119	0.1799	0.0670534	0.964914	-0.253861	-0.168254	0.261725	0.950363	-12.0782	-2.80717	83.6754	
0.984229	-0.0222803	0.175488	0.0707518	0.958814	-0.275081	-0.162131	0.283159	0.94527	-12.2293	-2.55797	84.5423	
0.98497	-0.0236481	0.1711	0.0743121	0.952236	-0.296181	-0.155923	0.304445	0.939682	-12.3747	-2.28924	85.4044	
0.985681	-0.0251147	0.166739	0.0777326	0.945184	-0.317151	-0.149634	0.325571	0.933602	-12.5145	-2.0011	86.2611	
0.986363	-0.0266793	0.162408	0.0810113	0.93766	-0.337979	-0.143266	0.346527	0.927035	-12.6484	-1.69372	87.1121	
0.987015	-0.028341	0.158108	0.0841467	0.92967	-0.358655	-0.136824	0.367302	0.919983	-12.7765	-1.36726	87.9568	
0.987637	-0.0300989	0.153843	0.087137	0.921216	-0.379167	-0.13031	0.387885	0.91245	-12.8987	-1.02188	88.7948	
