1	0	0	0	1	0	0	0	1	0	0	0	
0.999998	-2.82339e-06	0.00197539	-2.82339e-06	0.999996	0.00285855	-0.00197539	-0.00285855	0.999994	-0.000973231	-0.00140834	0.985352	
0.999992	-1.13145e-05	0.00395447	-1.13139e-05	0.999984	0.00572217	-0.00395447	-0.00572217	0.999976	-0.00389474	-0.00563587	1.97069	
0.999982	-2.5504e-05	0.00593716	-2.55018e-05	0.999963	0.00859072	-0.00593716	-0.00859072	0.999945	-0.00876812	-0.0126875	2.95601	
0.999969	-4.54219e-05	0.00792336	-4.54164e-05	0.999934	0.0114641	-0.00792336	-0.0114641	0.999903	-0.0155969	-0.022568	3.94129	
0.999951	-7.10975e-05	0.00991298	-7.10865e-05	0.999897	0.0143421	-0.00991298	-0.0143421	0.999848	-0.0243844	-0.0352822	4.92652	
0.999929	-0.000102559	0.011906	-0.00010254	0.999852	0.0172247	-0.011906	-0.0172247	0.999781	-0.0351341	-0.0508344	5.91169	
0.999903	-0.000139835	0.0139022	-0.000139804	0.999798	0.0201117	-0.0139022	-0.0201117	0.999701	-0.0478492	-0.0692292	6.89679	
0.999874	-0.000182952	0.0159016	-0.000182905	0.999735	0.0230031	-0.0159016	-0.0230031	0.999609	-0.0625329	-0.0904709	7.8818	
0.99984	-0.000231936	0.0179041	-0.000231869	0.999665	0.0258986	-0.0179041	-0.0258986	0.999504	-0.0791881	-0.114564	8.86672	
0.999802	-0.000286813	0.0199095	-0.000286721	0.999585	0.0287982	-0.0199095	-0.0287982	0.999387	-0.097818	-0.141512	9.85153	
0.99976	-0.000347608	0.0219179	-0.000347486	0.999497	0.0317017	-0.0219179	-0.0317017	0.999257	-0.118425	-0.171318	10.8362	
0.999714	-0.000414344	0.0239291	-0.000414186	0.999401	0.034609	-0.0239291	-0.034609	0.999114	-0.141013	-0.203988	11.8208	
0.999663	-0.000487046	0.0259431	-0.000486844	0.999296	0.0375199	-0.0259431	-0.0375199	0.998959	-0.165584	-0.239524	12.8052	
0.999609	-0.000565736	0.0279597	-0.000565483	0.999182	0.0404345	-0.0279597	-0.0404345	0.998791	-0.192141	-0.277931	13.7894	
0.99955	-0.000650436	0.0299789	-0.000650124	0.99906	0.0433524	-0.0299789	-0.0433524	0.99861	-0.220686	-0.319211	14.7735	
0.999488	-0.000741167	0.0320005	-0.000740787	0.998929	0.0462737	-0.0320005	-0.0462737	0.998416	-0.251222	-0.363367	15.7574	
0.999421	-0.000837949	0.0340245	-0.000837493	0.998789	0.0491981	-0.0340245	-0.0491981	0.998209	-0.283751	-0.410404	16.7411	
0.99935	-0.000940802	0.0360509	-0.000940259	0.99864	0.0521255	-0.0360509	-0.0521255	0.99799	-0.318275	-0.460324	17.7246	
0.999274	-0.00104975	0.0380794	-0.00104911	0.998483	0.0550559	-0.0380794	-0.0550559	0.997757	-0.354798	-0.51313	18.7078	
0.999195	-0.0011648	0.0401101	-0.00116405	0.998317	0.0579891	-0.0401101	-0.0579891	0.997511	-0.39332	-0.568825	19.6908	
0.999111	-0.00128597	0.0421428	-0.00128511	0.998142	0.0609249	-0.0421428	-0.0609249	0.997252	-0.433844	-0.627411	20.6736	
0.999023	-0.00141329	0.0441775	-0.00141229	0.997958	0.0638633	-0.0441775	-0.0638632	0.99698	-0.476372	-0.688891	21.6561	
0.99893	-0.00154677	0.046214	-0.00154563	0.997765	0.066804	-0.046214	-0.066804	0.996695	-0.520906	-0.753268	22.6384	
0.998834	-0.00168642	0.0482523	-0.00168512	0.997563	0.0697471	-0.0482524	-0.0697471	0.996397	-0.567447	-0.820543	23.6203	
0.998733	-0.00183225	0.0502923	-0.00183078	0.997353	0.0726923	-0.0502924	-0.0726923	0.996086	-0.615998	-0.89072	24.602	
0.998628	-0.00198429	0.0523339	-0.00198264	0.997133	0.0756396	-0.052334	-0.0756395	0.995761	-0.66656	-0.9638	25.5833	
0.998518	-0.00214254	0.0543771	-0.00214069	0.996905	0.0785888	-0.0543771	-0.0785887	0.995423	-0.719134	-1.03978	26.5643	
0.998404	-0.00230702	0.0564216	-0.00230495	0.996667	0.0815397	-0.0564217	-0.0815396	0.995072	-0.773722	-1.11868	27.545	
0.998286	-0.00247774	0.0584675	-0.00247543	0.996421	0.0844923	-0.0584676	-0.0844922	0.994707	-0.830326	-1.20048	28.5253	
0.998164	-0.0026547	0.0605147	-0.00265214	0.996166	0.0874464	-0.0605148	-0.0874463	0.994329	-0.888945	-1.28519	29.5053	
0.998037	-0.00283792	0.062563	-0.0028351	0.995901	0.0904019	-0.0625631	-0.0904018	0.993938	-0.949583	-1.37281	30.4848	
0.997906	-0.00302741	0.0646124	-0.0030243	0.995628	0.0933587	-0.0646126	-0.0933586	0.993534	-1.01224	-1.46334	31.464	
0.99777	-0.00322317	0.0666628	-0.00321976	0.995346	0.0963167	-0.066663	-0.0963166	0.993116	-1.07692	-1.55679	32.4428	
0.997631	-0.00342521	0.0687141	-0.00342148	0.995054	0.0992757	-0.0687143	-0.0992755	0.992685	-1.14361	-1.65316	33.4212	
0.997486	-0.00363355	0.0707663	-0.00362947	0.994754	0.102236	-0.0707665	-0.102235	0.99224	-1.21233	-1.75244	34.3991	
0.997338	-0.00384817	0.0728191	-0.00384373	0.994444	0.105196	-0.0728194	-0.105196	0.991782	-1.28307	-1.85463	35.3766	
0.997185	-0.0040691	0.0748726	-0.00406428	0.994125	0.108157	-0.0748729	-0.108157	0.99131	-1.35584	-1.95975	36.3536	
0.997027	-0.00429634	0.0769267	-0.0042911	0.993798	0.111119	-0.076927	-0.111119	0.990825	-1.43063	-2.06778	37.3301	
0.996866	-0.00452988	0.0789813	-0.00452422	0.993461	0.114081	-0.0789816	-0.114081	0.990327	-1.50744	-2.17873	38.3062	
0.9967	-0.00476974	0.0810362	-0.00476362	0.993115	0.117044	-0.0810366	-0.117044	0.989815	-1.58628	-2.2926	39.2818	
0.996529	-0.0050159	0.0830914	-0.00500931	0.99276	0.120007	-0.0830918	-0.120006	0.98929	-1.66714	-2.40939	40.2568	
0.996354	-0.00526839	0.0851469	-0.0052613	0.992397	0.122969	-0.0851473	-0.122969	0.988751	-1.75003	-2.5291	41.2314	
0.996175	-0.00552719	0.0872024	-0.00551957	0.992024	0.125932	-0.0872029	-0.125931	0.988199	-1.83494	-2.65173	42.2054	
0.995992	-0.0057923	0.0892581	-0.00578414	0.991641	0.128894	-0.0892586	-0.128894	0.987633	-1.92188	-2.77727	43.1788	
0.995804	-0.00606373	0.0913136	-0.00605499	0.99125	0.131856	-0.0913142	-0.131856	0.987054	-2.01084	-2.90574	44.1517	
0.995611	-0.00634147	0.0933691	-0.00633213	0.99085	0.134818	-0.0933697	-0.134817	0.986462	-2.10183	-3.03712	45.124	
0.995415	-0.00662553	0.0954243	-0.00661555	0.990441	0.137778	-0.095425	-0.137778	0.985856	-2.19485	-3.17142	46.0957	
0.995214	-0.00691589	0.0974792	-0.00690526	0.990023	0.140739	-0.0974799	-0.140738	0.985236	-2.28989	-3.30864	47.0668	
0.995008	-0.00721255	0.0995337	-0.00720124	0.989595	0.143698	-0.0995345	-0.143697	0.984603	-2.38695	-3.44878	48.0373	
0.994798	-0.00751551	0.101588	-0.00750348	0.989159	0.146656	-0.101589	-0.146656	0.983957	-2.48604	-3.59183	49.0072	
0.994584	-0.00782477	0.103641	-0.007812	0.988714	0.149614	-0.103642	-0.149613	0.983298	-2.58715	-3.73779	49.9764	
0.994365	-0.00814031	0.105694	-0.00812677	0.988259	0.15257	-0.105695	-0.152569	0.982625	-2.69029	-3.88667	50.945	
0.994142	-0.00846214	0.107746	-0.00844779	0.987796	0.155524	-0.107747	-0.155524	0.981938	-2.79545	-4.03846	51.9129	
0.993915	-0.00879023	0.109798	-0.00877505	0.987324	0.158478	-0.109799	-0.158477	0.981239	-2.90263	-4.19316	52.8801	
0.993683	-0.00912459	0.111848	-0.00910854	0.986842	0.161429	-0.111849	-0.161428	0.980526	-3.01183	-4.35077	53.8466	
0.993447	-0.0094652	0.113897	-0.00944825	0.986352	0.164379	-0.113899	-0.164378	0.979799	-3.12305	-4.51129	54.8124	
0.993207	-0.00981206	0.115946	-0.00979418	0.985853	0.167327	-0.115947	-0.167326	0.97906	-3.23629	-4.67471	55.7775	
0.992962	-0.0101652	0.117993	-0.0101463	0.985345	0.170274	-0.117994	-0.170273	0.978307	-3.35155	-4.84104	56.7419	
0.992713	-0.0105245	0.120039	-0.0105046	0.984828	0.173218	-0.120041	-0.173217	0.977541	-3.46882	-5.01027	57.7055	
0.99246	-0.01089	0.122083	-0.0108691	0.984302	0.17616	-0.122085	-0.176158	0.976762	-3.58811	-5.1824	58.6683	
0.992202	-0.0112617	0.124127	-0.0112398	0.983767	0.179099	-0.124129	-0.179098	0.975969	-3.70942	-5.35742	59.6304	
0.991941	-0.0116396	0.126168	-0.0116166	0.983223	0.182037	-0.126171	-0.182035	0.975164	-3.83273	-5.53535	60.5916	
0.991674	-0.0120237	0.128209	-0.0119995	0.982671	0.184971	-0.128211	-0.18497	0.974345	-3.95806	-5.71616	61.5521	
0.991773	-0.0118804	0.127455	-0.0121011	0.982523	0.185746	-0.127434	-0.18576	0.974296	-4.08401	-5.89881	62.5122	
0.991871	-0.0117363	0.126702	-0.0122022	0.982375	0.186521	-0.126658	-0.186551	0.974247	-4.2092	-6.08224	63.4722	
0.991969	-0.0115917	0.125948	-0.0123028	0.982226	0.187297	-0.12588	-0.187343	0.974196	-4.33361	-6.26645	64.4321	
0.992066	-0.0114463	0.125193	-0.0124028	0.982077	0.188073	-0.125102	-0.188134	0.974143	-4.45727	-6.45144	65.392	
0.992163	-0.0113003	0.124439	-0.0125022	0.981926	0.18885	-0.124324	-0.188926	0.97409	-4.58015	-6.63721	66.3519	
0.992259	-0.0111536	0.123684	-0.012601	0.981775	0.189627	-0.123545	-0.189717	0.974035	-4.70227	-6.82375	67.3117	
0.992354	-0.0110064	0.12293	-0.0126992	0.981624	0.190403	-0.122767	-0.190509	0.973979	-4.82363	-7.01108	68.2714	
0.992449	-0.0108585	0.122176	-0.0127968	0.981472	0.19118	-0.121988	-0.1913	0.973922	-4.94421	-7.19919	69.2311	
0.992543	-0.0107101	0.121422	-0.0128937	0.981319	0.191956	-0.121209	-0.192091	0.973863	-5.06403	-7.38808	70.1907	
0.992637	-0.0105611	0.120668	-0.01299	0.981165	0.192732	-0.120431	-0.192881	0.973804	-5.18308	-7.57775	71.1503	
0.994799	-0.00694037	0.10162	-0.0113231	0.983957	0.178049	-0.101225	-0.178273	0.97876	-5.29229	-7.76061	72.1123	
0.996586	-0.00360566	0.0824808	-0.00994556	0.986527	0.163295	-0.0819583	-0.163558	0.983123	-5.38254	-7.92903	73.079	
0.997997	-0.000559037	0.0632624	-0.00885813	0.988876	0.14848	-0.0626417	-0.148743	0.98689	-5.45379	-8.08291	74.0496	
0.99903	0.00219766	0.0439765	-0.00806153	0.991001	0.133613	-0.0432871	-0.133838	0.990057	-5.50598	-8.22213	75.0236	
0.999686	0.00466275	0.0246346	-0.00755622	0.992901	0.118703	-0.0239062	-0.118852	0.992624	-5.53909	-8.34663	76.0005	
0.999963	0.00683475	0.00524848	-0.00734252	0.994575	0.103759	-0.00451085	-0.103793	0.994589	-5.55309	-8.45633	76.9796	
0.999862	0.00871232	-0.0141701	-0.00742055	0.996023	0.0887893	0.0148873	-0.0886718	0.99595	-5.54797	-8.55116	77.9603	
0.999382	0.0102943	-0.0336093	-0.00779027	0.997242	0.0738041	0.0342763	-0.0734966	0.996706	-5.52375	-8.63106	78.9421	
0.998524	0.0115799	-0.0530573	-0.00845146	0.998233	0.058812	0.0536446	-0.0582768	0.996858	-5.48043	-8.69599	79.9244	
0.997289	0.0125681	-0.0725025	-0.0094037	0.998995	0.0438223	0.0729804	-0.0430217	0.996405	-5.41804	-8.74589	80.9064	
0.995677	0.0132584	-0.0919328	-0.0106464	0.999527	0.0288439	0.0922718	-0.0277404	0.995347	-5.33662	-8.78076	81.8878	
0.993689	0.0136504	-0.111337	-0.0121789	0.999829	0.0138859	0.111507	-0.0124424	0.993686	-5.23622	-8.80056	82.8678	
0.991326	0.0137438	-0.130702	-0.0140002	0.999901	-0.00104248	0.130675	0.00286329	0.991421	-5.1169	-8.80528	83.8459	
0.988591	0.0135387	-0.150018	-0.0161091	0.999743	-0.0159323	0.149764	0.0181672	0.988555	-4.97873	-8.79492	84.8214	
0.985483	0.013035	-0.169271	-0.0185045	0.999355	-0.0307745	0.168761	0.0334601	0.985089	-4.82179	-8.76948	85.7938	
0.982006	0.0122332	-0.188452	-0.0211848	0.998737	-0.0455601	0.187656	0.0487326	0.981025	-4.64618	-8.72898	86.7625	
0.978162	0.0111337	-0.207547	-0.0241485	0.997889	-0.0602801	0.206438	0.0639756	0.976366	-4.45201	-8.67345	87.7269	
0.973952	0.00973713	-0.226545	-0.0273937	0.996813	-0.0749256	0.225094	0.0791798	0.971114	-4.23939	-8.60292	88.6865	
0.969379	0.00804441	-0.245436	-0.0309185	0.995508	-0.0894876	0.243613	0.094336	0.965274	-4.00846	-8.51743	89.6405	
0.964447	0.00605654	-0.264206	-0.0347207	0.993976	-0.103957	0.261985	0.109435	0.958847	-3.75935	-8.41703	90.5885	
0.959158	0.00377473	-0.282846	-0.038798	0.992217	-0.118326	0.280198	0.124467	0.951839	-3.49222	-8.30178	91.5299	
0.953515	0.00120035	-0.301343	-0.043148	0.990232	-0.132585	0.29824	0.139424	0.944253	-3.20722	-8.17176	92.4641	
0.947522	-0.00166502	-0.319687	-0.047768	0.988023	-0.146726	0.316102	0.154297	0.936094	-2.90453	-8.02705	93.3906	
0.941182	-0.00481965	-0.337865	-0.0526552	0.985591	-0.160739	0.333772	0.169075	0.927367	-2.58434	-7.86772	94.3087	
0.934499	-0.00826163	-0.355869	-0.0578066	0.982938	-0.174618	0.351239	0.183752	0.918077	-2.24683	-7.69388	95.218	
0.927478	-0.0119889	-0.373685	-0.0632191	0.980065	-0.188352	0.368494	0.198316	0.908231	-1.89222	-7.50564	96.1178	
