1	0	0	0	1	0	0	0	1	0	0	0	
0.999988	2.6878e-06	0.00491855	2.6878e-06	0.999999	-0.00109292	-0.00491855	0.00109292	0.999987	-0.0022059	0.000490159	0.896966	
0.999952	1.07496e-05	0.00983716	1.07457e-05	0.999998	-0.00218505	-0.00983716	0.00218505	0.999949	-0.00882362	0.00196028	1.79391	
0.999891	2.41819e-05	0.0147557	2.41662e-05	0.999995	-0.00327638	-0.0147557	0.00327638	0.999886	-0.0198532	0.00440966	2.69081	
0.999806	4.2981e-05	0.0196741	4.29416e-05	0.99999	-0.00436686	-0.0196741	0.00436686	0.999797	-0.0352944	0.00783754	3.58764	
0.999698	6.7143e-05	0.0245921	6.70644e-05	0.999985	-0.00545647	-0.0245921	0.00545647	0.999683	-0.0551472	0.0122432	4.48437	
0.999564	9.6664e-05	0.0295097	9.65264e-05	0.999979	-0.00654518	-0.0295097	0.00654518	0.999543	-0.0794111	0.0176257	5.381	
0.999407	0.00013154	0.0344267	0.00013132	0.999971	-0.00763296	-0.0344267	0.00763296	0.999378	-0.108086	0.0239844	6.27749	
0.999226	0.000171766	0.039343	0.000171436	0.999962	-0.00871979	-0.039343	0.00871979	0.999188	-0.14117	0.0313184	7.17381	
0.99902	0.000217339	0.0442585	0.000216867	0.999952	-0.00980564	-0.0442585	0.00980563	0.998972	-0.178664	0.0396268	8.06996	
0.99879	0.000268252	0.049173	0.000267604	0.999941	-0.0108905	-0.049173	0.0108905	0.998731	-0.220567	0.0489087	8.9659	
0.998536	0.000324503	0.0540864	0.000323638	0.999928	-0.0119743	-0.0540864	0.0119742	0.998464	-0.266878	0.0591632	9.86162	
0.998258	0.000386085	0.0589985	0.000384961	0.999915	-0.013057	-0.0589985	0.013057	0.998173	-0.317594	0.0703893	10.7571	
0.997956	0.000452994	0.0639093	0.000451564	0.9999	-0.0141386	-0.0639094	0.0141386	0.997856	-0.372717	0.0825861	11.6523	
0.997629	0.000525224	0.0688187	0.000523437	0.999884	-0.0152191	-0.0688187	0.015219	0.997513	-0.432244	0.0957526	12.5472	
0.997278	0.00060277	0.0737264	0.00060057	0.999867	-0.0162985	-0.0737264	0.0162984	0.997145	-0.496173	0.109888	13.4417	
0.996903	0.000685627	0.0786323	0.000682956	0.999849	-0.0173766	-0.0786323	0.0173765	0.996752	-0.564504	0.12499	14.336	
0.996504	0.000773788	0.0835364	0.000770583	0.999829	-0.0184536	-0.0835364	0.0184535	0.996334	-0.637234	0.14106	15.2298	
0.996081	0.000867248	0.0884385	0.000863443	0.999809	-0.0195293	-0.0884385	0.0195291	0.99589	-0.714362	0.158094	16.1233	
0.995634	0.000966001	0.0933384	0.000961525	0.999787	-0.0206038	-0.0933385	0.0206036	0.995421	-0.795887	0.176093	17.0164	
0.995163	0.00107004	0.0982361	0.00106482	0.999764	-0.0216769	-0.0982362	0.0216767	0.994927	-0.881805	0.195055	17.909	
0.994667	0.00117936	0.103131	0.00117332	0.999741	-0.0227488	-0.103131	0.0227485	0.994408	-0.972116	0.214979	18.8012	
0.994147	0.00129395	0.108024	0.001287	0.999715	-0.0238193	-0.108024	0.0238189	0.993863	-1.06682	0.235864	19.6929	
0.993604	0.00141382	0.112914	0.00140587	0.999689	-0.0248884	-0.112914	0.024888	0.993293	-1.1659	0.257709	20.5842	
0.993036	0.00153894	0.117802	0.00152991	0.999662	-0.0259561	-0.117802	0.0259556	0.992698	-1.26938	0.280511	21.4748	
0.992444	0.00166931	0.122686	0.00165911	0.999633	-0.0270224	-0.122686	0.0270218	0.992078	-1.37723	0.304271	22.365	
0.991828	0.00180493	0.127567	0.00179346	0.999604	-0.0280873	-0.127568	0.0280866	0.991432	-1.48947	0.328986	23.2546	
0.991188	0.00194579	0.132446	0.00193295	0.999573	-0.0291506	-0.132446	0.0291498	0.990762	-1.60608	0.354656	24.1436	
0.990524	0.00209188	0.13732	0.00207756	0.999541	-0.0302125	-0.137321	0.0302115	0.990066	-1.72707	0.381278	25.0319	
0.989837	0.0022432	0.142192	0.00222729	0.999508	-0.0312728	-0.142192	0.0312717	0.989345	-1.85242	0.408853	25.9197	
0.989125	0.00239973	0.14706	0.00238212	0.999474	-0.0323316	-0.14706	0.0323303	0.988599	-1.98215	0.437377	26.8067	
0.988389	0.00256147	0.151924	0.00254204	0.999439	-0.0333887	-0.151925	0.0333872	0.987828	-2.11624	0.466851	27.6931	
0.987629	0.00272841	0.156785	0.00270704	0.999403	-0.0344443	-0.156785	0.0344426	0.987032	-2.25469	0.497271	28.5788	
0.986845	0.00290054	0.161641	0.00287711	0.999366	-0.0354982	-0.161642	0.0354963	0.986211	-2.3975	0.528638	29.4638	
0.986038	0.00307786	0.166494	0.00305224	0.999327	-0.0365504	-0.166494	0.0365483	0.985365	-2.54467	0.560949	30.348	
0.985206	0.00326035	0.171342	0.00323241	0.999288	-0.037601	-0.171342	0.0375985	0.984494	-2.69618	0.594203	31.2315	
0.984351	0.003448	0.176186	0.00341761	0.999247	-0.0386498	-0.176186	0.0386471	0.983598	-2.85204	0.628398	32.1141	
0.983472	0.00364082	0.181025	0.00360783	0.999205	-0.0396968	-0.181026	0.0396938	0.982677	-3.01225	0.663533	32.996	
0.982569	0.00383878	0.18586	0.00380306	0.999162	-0.0407421	-0.185861	0.0407388	0.981731	-3.17679	0.699606	33.877	
0.981642	0.00404189	0.19069	0.00400328	0.999119	-0.0417856	-0.190691	0.0417819	0.980761	-3.34567	0.736615	34.7572	
0.980691	0.00425012	0.195516	0.00420848	0.999074	-0.0428273	-0.195517	0.0428232	0.979765	-3.51888	0.774559	35.6364	
0.979717	0.00446348	0.200336	0.00441864	0.999028	-0.0438671	-0.200337	0.0438626	0.978745	-3.69641	0.813436	36.5148	
0.978719	0.00468195	0.205151	0.00463376	0.998981	-0.044905	-0.205152	0.0449	0.9777	-3.87827	0.853245	37.3922	
0.977697	0.00490551	0.209961	0.00485383	0.998932	-0.0459411	-0.209963	0.0459356	0.97663	-4.06444	0.893984	38.2687	
0.976652	0.00513418	0.214766	0.00507881	0.998883	-0.0469752	-0.214767	0.0469691	0.975535	-4.25493	0.93565	39.1442	
0.975583	0.00536792	0.219565	0.00530872	0.998833	-0.0480073	-0.219567	0.0480007	0.974416	-4.44972	0.978243	40.0188	
0.97449	0.00560673	0.224359	0.00554352	0.998782	-0.0490375	-0.224361	0.0490303	0.973272	-4.64881	1.02176	40.8923	
0.973374	0.00585061	0.229147	0.0057832	0.998729	-0.0500656	-0.229149	0.0500578	0.972103	-4.85221	1.0662	41.7647	
0.972235	0.00609953	0.233929	0.00602776	0.998676	-0.0510918	-0.233931	0.0510833	0.97091	-5.05989	1.11156	42.6362	
0.971071	0.0063535	0.238705	0.00627718	0.998621	-0.0521159	-0.238707	0.0521066	0.969693	-5.27186	1.15784	43.5065	
0.969885	0.0066125	0.243475	0.00653144	0.998566	-0.0531378	-0.243478	0.0531278	0.96845	-5.48812	1.20503	44.3757	
0.968674	0.00687651	0.248239	0.00679053	0.998509	-0.0541577	-0.248241	0.0541469	0.967184	-5.70865	1.25315	45.2438	
0.967441	0.00714553	0.252997	0.00705443	0.998452	-0.0551755	-0.252999	0.0551638	0.965893	-5.93344	1.30217	46.1108	
0.966184	0.00741955	0.257748	0.00732313	0.998393	-0.0561911	-0.25775	0.0561784	0.964577	-6.16251	1.35211	46.9766	
0.964903	0.00769855	0.262492	0.00759661	0.998334	-0.0572045	-0.262495	0.0571909	0.963237	-6.39583	1.40295	47.8412	
0.9636	0.00798253	0.26723	0.00787487	0.998273	-0.0582157	-0.267233	0.0582011	0.961873	-6.63341	1.4547	48.7045	
0.962273	0.00827147	0.27196	0.00815788	0.998211	-0.0592247	-0.271964	0.059209	0.960484	-6.87523	1.50736	49.5667	
0.960923	0.00856536	0.276684	0.00844562	0.998149	-0.0602315	-0.276688	0.0602146	0.959071	-7.12129	1.56092	50.4276	
0.959549	0.00886418	0.281401	0.0087381	0.998085	-0.0612359	-0.281405	0.0612178	0.957634	-7.37159	1.61538	51.2872	
0.958153	0.00916793	0.28611	0.00903527	0.99802	-0.0622381	-0.286115	0.0622187	0.956173	-7.62611	1.67074	52.1455	
0.957502	0.00930797	0.288278	0.00877362	0.998077	-0.0613672	-0.288295	0.0612885	0.955578	-7.88373	1.72613	53.0029	
0.956845	0.00944603	0.290446	0.00850887	0.998132	-0.0604933	-0.290475	0.060354	0.954977	-8.1433	1.78068	53.8598	
0.956182	0.00958208	0.292615	0.00824107	0.998187	-0.0596164	-0.292656	0.0594156	0.95437	-8.40482	1.8344	54.7161	
0.955514	0.0097161	0.294785	0.00797027	0.998242	-0.0587369	-0.294837	0.0584735	0.953757	-8.6683	1.88727	55.5718	
0.954841	0.00984809	0.296954	0.00769651	0.998295	-0.0578549	-0.297018	0.0575277	0.953137	-8.93374	1.9393	56.4271	
0.954162	0.00997801	0.299124	0.00741986	0.998348	-0.0569706	-0.299198	0.0565787	0.952512	-9.20113	1.99047	57.2817	
0.953478	0.0101059	0.301294	0.00714035	0.998401	-0.0560843	-0.301379	0.0556265	0.951881	-9.47048	2.04079	58.1358	
0.952788	0.0102316	0.303463	0.00685805	0.998452	-0.0551962	-0.303558	0.0546714	0.951243	-9.74179	2.09026	58.9893	
0.952093	0.0103552	0.305633	0.006573	0.998503	-0.0543065	-0.305738	0.0537137	0.950599	-10.0151	2.13887	59.8423	
0.951393	0.0104767	0.307802	0.00628527	0.998553	-0.0534153	-0.307916	0.0527536	0.94995	-10.2903	2.18662	60.6946	
0.950687	0.0105961	0.30997	0.00599491	0.998602	-0.052523	-0.310093	0.0517912	0.949294	-10.5674	2.23351	61.5464	
0.949976	0.0107133	0.312138	0.00570199	0.99865	-0.0516297	-0.31227	0.0508268	0.948633	-10.8466	2.27953	62.3976	
0.94926	0.0108283	0.314305	0.00540656	0.998697	-0.0507357	-0.314445	0.0498607	0.947965	-11.1276	2.32468	63.2482	
0.948539	0.0109412	0.316471	0.00510869	0.998744	-0.0498411	-0.316619	0.048893	0.947292	-11.4106	2.36897	64.0982	
0.947813	0.0110519	0.318636	0.00480844	0.99879	-0.0489462	-0.318791	0.047924	0.946613	-11.6956	2.4124	64.9476	
0.947082	0.0111603	0.320799	0.00450588	0.998835	-0.0480511	-0.320961	0.0469538	0.945928	-11.9825	2.45495	65.7964	
0.946345	0.0112666	0.322961	0.00420108	0.998879	-0.0471562	-0.32313	0.0459828	0.945237	-12.2714	2.49663	66.6445	
0.945604	0.0113706	0.325122	0.00389411	0.998922	-0.0462615	-0.325297	0.0450111	0.94454	-12.5622	2.53744	67.4921	
0.944858	0.0114724	0.32728	0.00358503	0.998964	-0.0453674	-0.327462	0.044039	0.943838	-12.855	2.57737	68.339	
0.944107	0.011572	0.329437	0.00327391	0.999005	-0.044474	-0.329624	0.0430667	0.943129	-13.1497	2.61644	69.1853	
0.943351	0.0116693	0.331592	0.00296085	0.999045	-0.0435815	-0.331784	0.0420944	0.942416	-13.4463	2.65463	70.0309	
0.949134	0.0110354	0.314678	-0.00141173	0.999525	-0.030794	-0.314868	0.0287834	0.948699	-13.7363	2.68642	70.8791	
0.954614	0.0106396	0.297655	-0.00555446	0.999824	-0.0179248	-0.297793	0.0154579	0.954505	-14.0111	2.70626	71.7327	
0.959787	0.0104824	0.280533	-0.00946527	0.999943	-0.0049803	-0.280569	0.00212471	0.959832	-14.2705	2.71415	72.5913	
0.964651	0.0105636	0.263319	-0.0131422	0.999881	0.00803296	-0.263203	-0.0112096	0.964675	-14.5144	2.71008	73.4544	
0.969203	0.0108834	0.246024	-0.0165834	0.99964	0.0211084	-0.245706	-0.0245383	0.969034	-14.7426	2.69404	74.3217	
0.97344	0.0114414	0.228655	-0.0197871	0.999218	0.0342396	-0.228084	-0.0378546	0.972905	-14.9551	2.66606	75.1926	
0.977362	0.0122375	0.211221	-0.0227517	0.998616	0.0474198	-0.210348	-0.0511519	0.976287	-15.1518	2.62614	76.0669	
0.980965	0.0132713	0.193731	-0.0254757	0.997834	0.0606424	-0.192506	-0.0644235	0.979179	-15.3324	2.5743	76.9439	
0.984248	0.0145421	0.176193	-0.0279578	0.996874	0.0739007	-0.174568	-0.0776627	0.981578	-15.4971	2.51058	77.8233	
0.98721	0.0160494	0.158617	-0.0301967	0.995734	0.0871882	-0.156541	-0.0908628	0.983483	-15.6456	2.43499	78.7046	
0.989848	0.0177925	0.141011	-0.0321913	0.994416	0.100498	-0.138436	-0.104017	0.984894	-15.7779	2.34759	79.5875	
0.992162	0.0197704	0.123385	-0.0339406	0.992921	0.113824	-0.120261	-0.117119	0.985809	-15.8939	2.24841	80.4713	
0.99415	0.0219821	0.105747	-0.0354437	0.991249	0.127158	-0.102026	-0.130163	0.986229	-15.9936	2.1375	81.3558	
0.995812	0.0244266	0.0881052	-0.0366998	0.989401	0.140495	-0.0837395	-0.14314	0.986153	-16.0769	2.01492	82.2404	
0.997146	0.0271026	0.0704696	-0.0377084	0.987378	0.153828	-0.0654109	-0.156046	0.985582	-16.1438	1.88074	83.1247	
0.998152	0.0300088	0.0528486	-0.0384688	0.985181	0.16715	-0.0470494	-0.168874	0.984514	-16.1943	1.73501	84.0083	
0.998829	0.0331436	0.0352511	-0.0389808	0.982811	0.180453	-0.0286643	-0.181616	0.982952	-16.2282	1.57781	84.8908	
0.999177	0.0365056	0.017686	-0.039244	0.980269	0.193733	-0.0102647	-0.194267	0.980895	-16.2457	1.40923	85.7716	
0.999196	0.0400931	0.000162069	-0.0392584	0.977557	0.206981	0.00814006	-0.206821	0.978345	-16.2466	1.22934	86.6503	
