1	0	0	0	1	0	0	0	1	0	0	0	
0.999995	-4.51833e-06	0.00324425	-4.51833e-06	0.999996	0.00278543	-0.00324425	-0.00278543	0.999991	-0.0016041	-0.00137724	0.988886	
0.999979	-1.81128e-05	0.00649549	-1.81133e-05	0.999984	0.00557701	-0.00649549	-0.00557701	0.999963	-0.00641987	-0.00551201	1.97775	
0.999952	-4.0842e-05	0.00975359	-4.08439e-05	0.999965	0.00837462	-0.00975359	-0.00837462	0.999917	-0.0144542	-0.0124103	2.96659	
0.999915	-7.27636e-05	0.0130184	-7.27684e-05	0.999938	0.0111781	-0.0130184	-0.0111781	0.999853	-0.0257136	-0.0220781	3.95536	
0.999867	-0.000113934	0.0162897	-0.000113944	0.999902	0.0139874	-0.0162897	-0.0139874	0.999769	-0.0402049	-0.0345211	4.94407	
0.999809	-0.000164409	0.0195675	-0.000164426	0.999859	0.0168024	-0.0195675	-0.0168024	0.999667	-0.0579344	-0.0497449	5.93268	
0.999739	-0.000224243	0.0228515	-0.00022427	0.999807	0.0196228	-0.0228515	-0.0196228	0.999546	-0.0789082	-0.0677552	6.92118	
0.999658	-0.00029349	0.0261417	-0.000293531	0.999748	0.0224487	-0.0261417	-0.0224487	0.999406	-0.103133	-0.0885573	7.90955	
0.999567	-0.000372202	0.0294378	-0.00037226	0.99968	0.0252798	-0.0294378	-0.0252798	0.999247	-0.130614	-0.112156	8.89778	
0.999464	-0.00046043	0.0327397	-0.00046051	0.999605	0.0281161	-0.0327397	-0.0281161	0.999068	-0.161357	-0.138558	9.88583	
0.99935	-0.000558226	0.0360472	-0.000558333	0.999521	0.0309574	-0.0360472	-0.0309574	0.99887	-0.195368	-0.167766	10.8737	
0.999225	-0.000665639	0.0393603	-0.000665778	0.999428	0.0338036	-0.0393603	-0.0338036	0.998653	-0.232653	-0.199787	11.8614	
0.999089	-0.000782716	0.0426788	-0.000782894	0.999328	0.0366545	-0.0426788	-0.0366545	0.998416	-0.273217	-0.234625	12.8488	
0.998941	-0.000909507	0.0460025	-0.000909729	0.999219	0.0395101	-0.0460025	-0.0395101	0.99816	-0.317065	-0.272284	13.836	
0.998782	-0.00104606	0.0493312	-0.00104633	0.999101	0.0423702	-0.0493312	-0.0423702	0.997883	-0.364202	-0.312769	14.8229	
0.998612	-0.00119241	0.0526649	-0.00119274	0.998976	0.0452347	-0.0526649	-0.0452347	0.997587	-0.414634	-0.356085	15.8096	
0.99843	-0.00134861	0.0560033	-0.00134901	0.998841	0.0481034	-0.0560033	-0.0481034	0.997271	-0.468364	-0.402236	16.7959	
0.998236	-0.00151471	0.0593464	-0.00151519	0.998699	0.0509762	-0.0593464	-0.0509762	0.996935	-0.525398	-0.451225	17.782	
0.998031	-0.00169074	0.0626939	-0.0016913	0.998547	0.053853	-0.0626939	-0.0538531	0.996579	-0.585741	-0.503058	18.7677	
0.997815	-0.00187675	0.0660458	-0.00187741	0.998388	0.0567338	-0.0660458	-0.0567338	0.996202	-0.649395	-0.557737	19.753	
0.997587	-0.00207277	0.0694018	-0.00207354	0.998219	0.0596182	-0.0694018	-0.0596182	0.995806	-0.716367	-0.615266	20.7379	
0.997347	-0.00227885	0.0727619	-0.00227973	0.998042	0.0625063	-0.0727619	-0.0625063	0.995389	-0.786659	-0.67565	21.7224	
0.997095	-0.00249503	0.0761259	-0.00249603	0.997856	0.0653978	-0.0761258	-0.0653979	0.994951	-0.860276	-0.738892	22.7066	
0.996832	-0.00272134	0.0794936	-0.00272248	0.997662	0.0682927	-0.0794935	-0.0682928	0.994493	-0.937221	-0.804995	23.6902	
0.996556	-0.00295782	0.0828648	-0.00295911	0.997458	0.0711909	-0.0828648	-0.0711909	0.994015	-1.0175	-0.873962	24.6734	
0.996269	-0.0032045	0.0862395	-0.00320596	0.997246	0.0740921	-0.0862395	-0.0740922	0.993516	-1.10111	-0.945796	25.6562	
0.99597	-0.00346142	0.0896175	-0.00346305	0.997025	0.0769963	-0.0896174	-0.0769964	0.992996	-1.18806	-1.0205	26.6384	
0.995659	-0.00372861	0.0929986	-0.00373044	0.996796	0.0799034	-0.0929986	-0.0799035	0.992455	-1.27836	-1.09808	27.6201	
0.995336	-0.00400611	0.0963827	-0.00400814	0.996557	0.0828132	-0.0963827	-0.0828133	0.991893	-1.372	-1.17853	28.6012	
0.995001	-0.00429394	0.0997697	-0.0042962	0.99631	0.0857256	-0.0997696	-0.0857257	0.991311	-1.46898	-1.26187	29.5818	
0.994654	-0.00459214	0.103159	-0.00459464	0.996053	0.0886405	-0.103159	-0.0886406	0.990707	-1.56932	-1.34808	30.5618	
0.994295	-0.00490074	0.106552	-0.00490349	0.995788	0.0915577	-0.106551	-0.0915578	0.990083	-1.67301	-1.43718	31.5412	
0.993924	-0.00521977	0.109946	-0.00522278	0.995513	0.0944771	-0.109946	-0.0944773	0.989437	-1.78006	-1.52916	32.52	
0.99354	-0.00554924	0.113343	-0.00555254	0.99523	0.0973986	-0.113343	-0.0973988	0.98877	-1.89046	-1.62404	33.4981	
0.993145	-0.0058892	0.116742	-0.0058928	0.994938	0.100322	-0.116742	-0.100322	0.988082	-2.00422	-1.7218	34.4755	
0.992737	-0.00623966	0.120143	-0.00624359	0.994636	0.103247	-0.120143	-0.103248	0.987373	-2.12135	-1.82245	35.4523	
0.992317	-0.00660065	0.123545	-0.00660492	0.994326	0.106174	-0.123545	-0.106175	0.986643	-2.24184	-1.926	36.4283	
0.991885	-0.00697219	0.12695	-0.00697683	0.994006	0.109103	-0.12695	-0.109103	0.985891	-2.3657	-2.03244	37.4036	
0.99144	-0.00735431	0.130356	-0.00735933	0.993677	0.112033	-0.130355	-0.112033	0.985117	-2.49292	-2.14178	38.3782	
0.990983	-0.00774703	0.133763	-0.00775245	0.993339	0.114964	-0.133763	-0.114965	0.984322	-2.62351	-2.25402	39.352	
0.990514	-0.00815037	0.137171	-0.00815621	0.992992	0.117897	-0.137171	-0.117897	0.983506	-2.75747	-2.36916	40.325	
0.990032	-0.00856435	0.140581	-0.00857064	0.992636	0.120831	-0.140581	-0.120831	0.982668	-2.89481	-2.4872	41.2971	
0.989538	-0.00898898	0.143991	-0.00899574	0.992271	0.123765	-0.143991	-0.123766	0.981809	-3.03551	-2.60814	42.2685	
0.989032	-0.00942429	0.147403	-0.00943154	0.991896	0.126701	-0.147402	-0.126701	0.980928	-3.17959	-2.73198	43.2389	
0.988513	-0.0098703	0.150814	-0.00987806	0.991512	0.129637	-0.150814	-0.129637	0.980025	-3.32704	-2.85873	44.2085	
0.987981	-0.010327	0.154227	-0.0103353	0.991119	0.132574	-0.154226	-0.132574	0.979101	-3.47787	-2.98838	45.1772	
0.987438	-0.0107944	0.15764	-0.0108033	0.990717	0.135511	-0.157639	-0.135511	0.978155	-3.63207	-3.12093	46.1449	
0.986881	-0.0112726	0.161052	-0.0112821	0.990305	0.138448	-0.161052	-0.138449	0.977187	-3.78964	-3.25639	47.1118	
0.986313	-0.0117616	0.164465	-0.0117716	0.989885	0.141386	-0.164465	-0.141387	0.976197	-3.95059	-3.39475	48.0776	
0.985731	-0.0122612	0.167878	-0.012272	0.989454	0.144324	-0.167877	-0.144325	0.975186	-4.11492	-3.53602	49.0424	
0.985138	-0.0127717	0.171291	-0.0127831	0.989015	0.147261	-0.17129	-0.147262	0.974153	-4.28262	-3.68019	50.0063	
0.984531	-0.013293	0.174703	-0.013305	0.988566	0.150199	-0.174702	-0.1502	0.973098	-4.45369	-3.82727	50.9691	
0.983913	-0.013825	0.178115	-0.0138378	0.988108	0.153136	-0.178114	-0.153137	0.972021	-4.62814	-3.97726	51.9309	
0.983281	-0.0143679	0.181526	-0.0143814	0.987641	0.156073	-0.181525	-0.156074	0.970922	-4.80596	-4.13014	52.8915	
0.982637	-0.0149216	0.184936	-0.0149359	0.987164	0.159009	-0.184935	-0.159011	0.969801	-4.98716	-4.28594	53.8511	
0.981981	-0.015486	0.188345	-0.0155012	0.986678	0.161945	-0.188344	-0.161946	0.968659	-5.17172	-4.44463	54.8096	
0.981312	-0.0160614	0.191754	-0.0160773	0.986183	0.16488	-0.191752	-0.164881	0.967494	-5.35966	-4.60623	55.7669	
0.98063	-0.0166475	0.195161	-0.0166643	0.985678	0.167814	-0.195159	-0.167815	0.966308	-5.55097	-4.77073	56.7231	
0.979936	-0.0172445	0.198566	-0.0172622	0.985164	0.170747	-0.198565	-0.170748	0.965099	-5.74564	-4.93813	57.678	
0.979229	-0.0178523	0.20197	-0.017871	0.98464	0.173678	-0.201969	-0.17368	0.963869	-5.94368	-5.10843	58.6318	
0.97851	-0.018471	0.205373	-0.0184906	0.984107	0.176609	-0.205371	-0.176611	0.962617	-6.14509	-5.28163	59.5843	
0.977778	-0.0191005	0.208773	-0.0191211	0.983565	0.179538	-0.208771	-0.17954	0.961343	-6.34986	-5.45773	60.5356	
0.977033	-0.0197408	0.212172	-0.0197625	0.983014	0.182465	-0.21217	-0.182468	0.960047	-6.55799	-5.63672	61.4857	
0.975833	-0.0207766	0.21753	-0.0210631	0.981891	0.188271	-0.217502	-0.188303	0.957724	-6.77044	-5.82005	62.4339	
0.974602	-0.0218457	0.222878	-0.0223964	0.980733	0.194063	-0.222823	-0.194126	0.955335	-6.98816	-6.00914	63.3798	
0.97334	-0.0229479	0.228215	-0.0237623	0.97954	0.199843	-0.228132	-0.199938	0.95288	-7.21113	-6.20398	64.3233	
0.972049	-0.0240832	0.233541	-0.0251607	0.978311	0.205609	-0.233428	-0.205738	0.95036	-7.43935	-6.40457	65.2644	
0.970727	-0.0252515	0.238856	-0.0265915	0.977046	0.211361	-0.23871	-0.211526	0.947773	-7.6728	-6.61088	66.2029	
0.969375	-0.0264527	0.244158	-0.0280546	0.975746	0.217099	-0.243979	-0.2173	0.945121	-7.91146	-6.82292	67.1388	
0.967992	-0.0276868	0.249448	-0.0295501	0.974411	0.222823	-0.249234	-0.223062	0.942404	-8.15533	-7.04065	68.0721	
0.96658	-0.0289537	0.254724	-0.0310778	0.973041	0.22853	-0.254474	-0.228809	0.939622	-8.40439	-7.26408	69.0027	
0.965138	-0.0302532	0.259987	-0.0326376	0.971635	0.234223	-0.259698	-0.234543	0.936775	-8.65862	-7.49318	69.9305	
0.961428	-0.0336584	0.272988	-0.0380694	0.966649	0.25326	-0.272408	-0.253883	0.928082	-8.92173	-7.73469	70.8526	
0.957543	-0.0373321	0.285864	-0.0437591	0.96127	0.272113	-0.284951	-0.273069	0.918823	-9.19733	-7.99526	71.7658	
0.953483	-0.0412723	0.298607	-0.049703	0.955501	0.290772	-0.29732	-0.292088	0.909002	-9.48524	-8.27471	72.6696	
0.949253	-0.0454763	0.31121	-0.0558976	0.949345	0.309225	-0.309508	-0.310928	0.898626	-9.7853	-8.57288	73.5634	
0.944853	-0.0499418	0.323664	-0.0623392	0.942806	0.32746	-0.321506	-0.329578	0.8877	-10.0973	-8.88959	74.4467	
0.940288	-0.0546659	0.335961	-0.0690236	0.935889	0.345466	-0.333308	-0.348027	0.876232	-10.4211	-9.22465	75.3189	
0.93556	-0.0596457	0.348095	-0.075947	0.928598	0.363233	-0.344906	-0.366263	0.864229	-10.7565	-9.57784	76.1795	
0.930671	-0.0648783	0.360058	-0.0831049	0.920936	0.38075	-0.356293	-0.384276	0.851697	-11.1032	-9.94896	77.028	
0.925625	-0.0703604	0.371843	-0.0904932	0.912909	0.398005	-0.367463	-0.402053	0.838645	-11.4611	-10.3378	77.8638	
0.920425	-0.0760886	0.383442	-0.0981072	0.904522	0.414989	-0.378407	-0.419585	0.82508	-11.8299	-10.7441	78.6865	
0.915074	-0.0820595	0.394848	-0.105942	0.895779	0.43169	-0.389121	-0.43686	0.811011	-12.2094	-11.1675	79.4955	
0.909576	-0.0882695	0.406055	-0.113994	0.886686	0.4481	-0.399597	-0.453868	0.796446	-12.5994	-11.608	80.2903	
0.903932	-0.0947146	0.417055	-0.122256	0.877249	0.464207	-0.409829	-0.470599	0.781394	-12.9996	-12.0651	81.0705	
0.898148	-0.101391	0.427843	-0.130726	0.867473	0.480001	-0.41981	-0.487042	0.765865	-13.4098	-12.5386	81.8356	
0.892227	-0.108295	0.43841	-0.139396	0.857365	0.495474	-0.429534	-0.503188	0.749868	-13.8298	-13.0283	82.5851	
0.886172	-0.115421	0.448751	-0.148262	0.84693	0.510616	-0.438996	-0.519026	0.733413	-14.2593	-13.5337	83.3185	
0.879987	-0.122767	0.458859	-0.157319	0.836175	0.525417	-0.44819	-0.534547	0.716509	-14.698	-14.0547	84.0355	
0.873675	-0.130326	0.468729	-0.16656	0.825106	0.539868	-0.45711	-0.549741	0.699167	-15.1456	-14.5908	84.7355	
0.867241	-0.138095	0.478354	-0.175981	0.813731	0.553961	-0.465751	-0.564599	0.681399	-15.6019	-15.1418	85.4181	
0.860689	-0.146069	0.487728	-0.185575	0.802055	0.567688	-0.474106	-0.579112	0.663213	-16.0667	-15.7074	86.083	
0.854022	-0.154242	0.496846	-0.195337	0.790087	0.581038	-0.482173	-0.593272	0.644623	-16.5395	-16.2871	86.7297	
0.847244	-0.162611	0.505702	-0.20526	0.777834	0.594005	-0.489944	-0.607068	0.625638	-17.0202	-16.8806	87.3578	
0.840361	-0.171169	0.514291	-0.21534	0.765303	0.606581	-0.497416	-0.620494	0.606271	-17.5084	-17.4876	87.9669	
0.833375	-0.179912	0.522607	-0.225568	0.752501	0.618757	-0.504584	-0.63354	0.586534	-18.0039	-18.1077	88.5567	
0.826292	-0.188834	0.530645	-0.23594	0.739438	0.630527	-0.511444	-0.6462	0.566438	-18.5063	-18.7405	89.1268	
0.819115	-0.197929	0.538401	-0.246449	0.726119	0.641883	-0.517991	-0.658464	0.545996	-19.0153	-19.3856	89.6769	
0.811849	-0.207193	0.545869	-0.257088	0.712555	0.652818	-0.524221	-0.670326	0.52522	-19.5306	-20.0426	90.2066	
