1	0	0	0	1	0	0	0	1	0	0	0	
1	-2.12942e-06	0.0009485	-2.12942e-06	0.99999	0.00449006	-0.0009485	-0.00449006	0.999989	-0.000458922	-0.00217247	0.967673	
0.999998	-8.50488e-06	0.00189475	-8.51947e-06	0.99996	0.00898484	-0.00189475	-0.00898484	0.999958	-0.0018346	-0.00869215	1.93533	
0.999996	-1.91104e-05	0.0028387	-1.91689e-05	0.999909	0.0134842	-0.0028387	-0.0134842	0.999905	-0.00412482	-0.0195635	2.90294	
0.999993	-3.39297e-05	0.00378031	-3.40759e-05	0.999838	0.0179879	-0.00378031	-0.0179879	0.999831	-0.00732736	-0.0347909	3.87049	
0.999989	-5.29457e-05	0.00471955	-5.32384e-05	0.999747	0.0224958	-0.00471955	-0.0224958	0.999736	-0.0114399	-0.0543785	4.83796	
0.999984	-7.61412e-05	0.00565638	-7.66539e-05	0.999635	0.0270078	-0.00565637	-0.0270078	0.999619	-0.0164602	-0.0783303	5.80532	
0.999978	-0.000103498	0.00659074	-0.000104319	0.999503	0.0315236	-0.00659073	-0.0315236	0.999481	-0.0223858	-0.10665	6.77257	
0.999972	-0.000134999	0.00752262	-0.000136231	0.99935	0.0360432	-0.00752259	-0.0360432	0.999322	-0.0292144	-0.139342	7.73967	
0.999964	-0.000170625	0.00845195	-0.000172386	0.999177	0.0405663	-0.00845192	-0.0405663	0.999141	-0.0369435	-0.176408	8.7066	
0.999956	-0.000210356	0.00937872	-0.00021278	0.998983	0.0450928	-0.00937866	-0.0450928	0.998939	-0.0455706	-0.217853	9.67335	
0.999947	-0.000254173	0.0103029	-0.000257408	0.998768	0.0496224	-0.0103028	-0.0496225	0.998715	-0.0550933	-0.26368	10.6399	
0.999937	-0.000302056	0.0112244	-0.000306265	0.998532	0.0541552	-0.0112243	-0.0541552	0.998469	-0.0655089	-0.313892	11.6062	
0.999926	-0.000353985	0.0121432	-0.000359345	0.998276	0.0586908	-0.012143	-0.0586908	0.998202	-0.0768149	-0.368491	12.5723	
0.999915	-0.000409938	0.0130593	-0.000416644	0.997999	0.063229	-0.0130591	-0.0632291	0.997914	-0.0890087	-0.427481	13.5381	
0.999902	-0.000469896	0.0139726	-0.000478154	0.997701	0.0677699	-0.0139723	-0.0677699	0.997603	-0.102088	-0.490864	14.5036	
0.999889	-0.000533835	0.0148832	-0.000543869	0.997382	0.072313	-0.0148828	-0.0723131	0.997271	-0.116049	-0.558641	15.4688	
0.999875	-0.000601734	0.0157909	-0.000613783	0.997042	0.0768584	-0.0157904	-0.0768585	0.996917	-0.13089	-0.630816	16.4337	
0.99986	-0.00067357	0.0166957	-0.000687888	0.996681	0.0814058	-0.0166951	-0.0814059	0.996541	-0.146607	-0.707391	17.3982	
0.999845	-0.000749321	0.0175976	-0.000766176	0.996299	0.0859551	-0.0175969	-0.0859552	0.996144	-0.163199	-0.788367	18.3623	
0.999829	-0.000828963	0.0184966	-0.000848639	0.995896	0.090506	-0.0184957	-0.0905062	0.995724	-0.180662	-0.873746	19.326	
0.999812	-0.000912473	0.0193926	-0.000935268	0.995471	0.0950585	-0.0193915	-0.0950587	0.995283	-0.198994	-0.963529	20.2894	
0.999794	-0.000999826	0.0202856	-0.00102606	0.995026	0.0996123	-0.0202843	-0.0996126	0.99482	-0.21819	-1.05772	21.2523	
0.999775	-0.001091	0.0211756	-0.00112099	0.994559	0.104167	-0.021174	-0.104168	0.994334	-0.23825	-1.15632	22.2147	
0.999756	-0.00118597	0.0220625	-0.00122007	0.994071	0.108723	-0.0220606	-0.108724	0.993827	-0.259168	-1.25932	23.1766	
0.999736	-0.0012847	0.0229462	-0.00132327	0.993562	0.11328	-0.0229441	-0.113281	0.993298	-0.280943	-1.36674	24.1381	
0.999715	-0.00138718	0.0238269	-0.0014306	0.993032	0.117838	-0.0238243	-0.117838	0.992747	-0.303572	-1.47856	25.099	
0.999694	-0.00149338	0.0247043	-0.00154203	0.99248	0.122396	-0.0247013	-0.122396	0.992174	-0.32705	-1.59479	26.0594	
0.999672	-0.00160327	0.0255786	-0.00165756	0.991907	0.126954	-0.0255751	-0.126955	0.991579	-0.351376	-1.71544	27.0192	
0.999649	-0.00171683	0.0264496	-0.00177717	0.991313	0.131513	-0.0264456	-0.131514	0.990962	-0.376546	-1.8405	27.9785	
0.999625	-0.00183402	0.0273173	-0.00190086	0.990697	0.136071	-0.0273128	-0.136072	0.990322	-0.402556	-1.96997	28.9371	
0.999601	-0.00195483	0.0281818	-0.00202861	0.99006	0.14063	-0.0281766	-0.140631	0.989661	-0.429404	-2.10385	29.8951	
0.999576	-0.00207922	0.0290429	-0.00216041	0.989402	0.145188	-0.029037	-0.145189	0.988978	-0.457086	-2.24214	30.8524	
0.99955	-0.00220717	0.0299006	-0.00229625	0.988722	0.149745	-0.0298939	-0.149747	0.988272	-0.485599	-2.38484	31.8091	
0.999524	-0.00233864	0.030755	-0.00243611	0.988021	0.154302	-0.0307474	-0.154304	0.987545	-0.51494	-2.53195	32.7651	
0.999497	-0.00247361	0.0316059	-0.00257998	0.987298	0.158858	-0.0315974	-0.15886	0.986795	-0.545105	-2.68347	33.7203	
0.99947	-0.00261206	0.0324534	-0.00272784	0.986554	0.163414	-0.0324439	-0.163415	0.986024	-0.57609	-2.8394	34.6749	
0.999442	-0.00275394	0.0332974	-0.00287969	0.985788	0.167968	-0.0332868	-0.16797	0.98523	-0.607894	-2.99974	35.6286	
0.999413	-0.00289924	0.0341379	-0.00303551	0.985001	0.17252	-0.0341261	-0.172523	0.984414	-0.640511	-3.16448	36.5816	
0.999384	-0.00304792	0.0349749	-0.00319528	0.984193	0.177071	-0.0349618	-0.177074	0.983576	-0.673938	-3.33363	37.5338	
0.999354	-0.00319995	0.0358083	-0.00335899	0.983363	0.181621	-0.0357938	-0.181624	0.982716	-0.708172	-3.50718	38.4852	
0.999323	-0.00335531	0.0366381	-0.00352662	0.982512	0.186168	-0.036622	-0.186172	0.981834	-0.74321	-3.68514	39.4357	
0.999292	-0.00351396	0.0374643	-0.00369816	0.981639	0.190714	-0.0374466	-0.190718	0.98093	-0.779047	-3.86749	40.3854	
0.99926	-0.00367586	0.0382869	-0.00387359	0.980744	0.195258	-0.0382674	-0.195261	0.980004	-0.815681	-4.05424	41.3341	
0.999228	-0.003841	0.0391058	-0.00405289	0.979829	0.199799	-0.0390844	-0.199803	0.979056	-0.853106	-4.24539	42.282	
0.999195	-0.00400934	0.039921	-0.00423606	0.978891	0.204337	-0.0398976	-0.204342	0.978086	-0.891321	-4.44093	43.229	
0.999161	-0.00418084	0.0407325	-0.00442306	0.977933	0.208873	-0.0407069	-0.208878	0.977094	-0.930321	-4.64086	44.1749	
0.999127	-0.00435548	0.0415402	-0.00461388	0.976953	0.213407	-0.0415123	-0.213412	0.97608	-0.970102	-4.84518	45.12	
0.999093	-0.00453322	0.0423442	-0.00480852	0.975951	0.217937	-0.0423138	-0.217943	0.975044	-1.01066	-5.05389	46.064	
0.999058	-0.00471404	0.0431444	-0.00500694	0.974928	0.222464	-0.0431114	-0.22247	0.973986	-1.05199	-5.26698	47.007	
0.999022	-0.00489789	0.0439407	-0.00520913	0.973884	0.226988	-0.0439049	-0.226995	0.972906	-1.09409	-5.48445	47.949	
0.998986	-0.00508474	0.0447333	-0.00541507	0.972818	0.231508	-0.0446945	-0.231515	0.971804	-1.13696	-5.70629	48.8899	
0.998949	-0.00527457	0.0455219	-0.00562474	0.971731	0.236025	-0.04548	-0.236033	0.97068	-1.18059	-5.93251	49.8298	
0.998912	-0.00546734	0.0463067	-0.00583813	0.970622	0.240537	-0.0462614	-0.240546	0.969535	-1.22498	-6.1631	50.7685	
0.998875	-0.00566302	0.0470876	-0.00605521	0.969492	0.245046	-0.0470388	-0.245056	0.968367	-1.27012	-6.39805	51.7062	
0.998837	-0.00586156	0.0478646	-0.00627596	0.968341	0.249551	-0.047812	-0.249561	0.967178	-1.31601	-6.63737	52.6427	
0.998798	-0.00606294	0.0486376	-0.00650037	0.967169	0.254052	-0.048581	-0.254062	0.965967	-1.36265	-6.88104	53.578	
0.998759	-0.00626713	0.0494066	-0.00672842	0.965975	0.258548	-0.0493459	-0.258559	0.964734	-1.41003	-7.12907	54.5121	
0.99872	-0.00647409	0.0501716	-0.00696007	0.96476	0.263039	-0.0501065	-0.263052	0.96348	-1.45815	-7.38144	55.4451	
0.99868	-0.00668378	0.0509327	-0.00719532	0.963524	0.267526	-0.0508629	-0.267539	0.962204	-1.50701	-7.63816	56.3768	
0.998639	-0.00689617	0.0516897	-0.00743415	0.962266	0.272008	-0.0516151	-0.272022	0.960906	-1.55659	-7.89922	57.3073	
0.998599	-0.00711123	0.0524427	-0.00767652	0.960988	0.276484	-0.0523629	-0.276499	0.959587	-1.6069	-8.16462	58.2365	
0.998557	-0.00732892	0.0531916	-0.00792242	0.959688	0.280956	-0.0531064	-0.280972	0.958246	-1.65793	-8.43434	59.1644	
0.998699	-0.00655404	0.0505688	-0.00813572	0.958521	0.284905	-0.0503386	-0.284946	0.957221	-1.70798	-8.70816	60.0912	
0.998833	-0.00576722	0.0479454	-0.00833788	0.957336	0.288856	-0.0475658	-0.288919	0.956171	-1.75535	-8.98582	61.017	
0.99896	-0.00496848	0.0453215	-0.00852882	0.956133	0.292808	-0.0447882	-0.29289	0.955097	-1.80003	-9.26732	61.9417	
0.999079	-0.00415787	0.0426974	-0.00870848	0.954913	0.296759	-0.0420062	-0.296858	0.953997	-1.84203	-9.55266	62.8654	
0.999191	-0.0033354	0.0400734	-0.00887678	0.953674	0.30071	-0.03922	-0.300823	0.952873	-1.88133	-9.84184	63.788	
0.999295	-0.00250114	0.0374497	-0.00903366	0.952418	0.30466	-0.0364298	-0.304784	0.951725	-1.91793	-10.1349	64.7095	
0.999392	-0.00165512	0.0348265	-0.00917907	0.951145	0.308608	-0.0336359	-0.30874	0.950552	-1.95183	-10.4317	65.6299	
0.999481	-0.000797383	0.0322042	-0.00931295	0.949855	0.312553	-0.0308385	-0.312691	0.949354	-1.98303	-10.7324	66.5492	
0.999562	7.20092e-05	0.0295829	-0.00943527	0.948547	0.316495	-0.028038	-0.316636	0.948133	-2.01151	-11.0369	67.4673	
0.999636	0.000953004	0.0269628	-0.00954598	0.947223	0.320433	-0.0252344	-0.320574	0.946887	-2.03729	-11.3452	68.3842	
0.999702	0.00184554	0.0243444	-0.00964505	0.945882	0.324367	-0.0224283	-0.324505	0.945618	-2.06035	-11.6573	69.2998	
0.99976	0.00274956	0.0217276	-0.00973246	0.944525	0.328296	-0.0196196	-0.328429	0.944325	-2.08069	-11.9732	70.2143	
0.999944	0.010571	-0.000896782	-0.00970573	0.945664	0.325002	0.00428366	-0.324975	0.945713	-2.08811	-12.2894	71.1288	
0.999555	0.0183075	-0.0235478	-0.00976231	0.94679	0.321704	0.0281844	-0.321331	0.946547	-2.0724	-12.6021	72.0444	
0.998594	0.0259546	-0.0462122	-0.00990217	0.947903	0.318405	0.0520687	-0.317499	0.946828	-2.03357	-12.9112	72.9605	
0.997062	0.0335076	-0.0688766	-0.0101252	0.949003	0.315105	0.0759225	-0.313482	0.946554	-1.97164	-13.2165	73.8766	
0.99496	0.0409623	-0.0915279	-0.0104313	0.950088	0.311807	0.0997319	-0.309281	0.945727	-1.88665	-13.5178	74.7922	
0.992288	0.0483143	-0.114153	-0.0108204	0.951158	0.308513	0.123483	-0.304899	0.944346	-1.77864	-13.815	75.7068	
0.989048	0.0555592	-0.136738	-0.011292	0.952213	0.305225	0.147162	-0.300338	0.942412	-1.64769	-14.1079	76.6197	
0.985242	0.0626928	-0.15927	-0.0118461	0.953252	0.301945	0.170754	-0.295602	0.939927	-1.49386	-14.3962	77.5305	
0.980873	0.069711	-0.181736	-0.0124822	0.954274	0.298674	0.194247	-0.290693	0.936892	-1.31725	-14.6799	78.4386	
0.975943	0.0766095	-0.204123	-0.0131999	0.955278	0.295415	0.217626	-0.285613	0.933308	-1.11796	-14.9588	79.3435	
0.970455	0.0833845	-0.226418	-0.013999	0.956264	0.292169	0.240878	-0.280367	0.929178	-0.89611	-15.2326	80.2447	
0.964411	0.0900319	-0.248607	-0.0148789	0.957232	0.288938	0.263988	-0.274956	0.924505	-0.651825	-15.5013	81.1416	
0.957816	0.0965479	-0.270678	-0.015839	0.958181	0.285725	0.286945	-0.269385	0.91929	-0.385249	-15.7647	82.0338	
0.950674	0.102929	-0.292618	-0.0168788	0.95911	0.282531	0.309733	-0.263656	0.913538	-0.0965395	-16.0226	82.9206	
0.942988	0.10917	-0.314413	-0.0179978	0.960018	0.279358	0.33234	-0.257772	0.907251	0.214135	-16.2749	83.8016	
0.934763	0.115269	-0.336052	-0.0191952	0.960906	0.276207	0.354752	-0.251738	0.900432	0.546593	-16.5214	84.6763	
0.926004	0.121222	-0.357521	-0.0204704	0.961773	0.273082	0.376957	-0.245556	0.893087	0.90064	-16.7621	85.5441	
0.916717	0.127025	-0.378808	-0.0218226	0.962618	0.269983	0.398942	-0.239231	0.88522	1.27607	-16.9966	86.4046	
0.906905	0.132675	-0.3999	-0.023251	0.96344	0.266912	0.420693	-0.232766	0.876834	1.67266	-17.225	87.2572	
0.896576	0.138169	-0.420786	-0.0247548	0.96424	0.263871	0.442197	-0.226164	0.867935	2.09018	-17.4471	88.1014	
0.885735	0.143503	-0.441452	-0.0263331	0.965017	0.260862	0.463443	-0.21943	0.858528	2.52838	-17.6627	88.9368	
0.874389	0.148674	-0.461887	-0.027985	0.96577	0.257887	0.484418	-0.212568	0.848619	2.98702	-17.8717	89.7628	
0.862544	0.153679	-0.482079	-0.0297094	0.966498	0.254948	0.505109	-0.205581	0.838213	3.46581	-18.074	90.579	
0.850207	0.158516	-0.502016	-0.0315055	0.967203	0.252045	0.525504	-0.198474	0.827317	3.96448	-18.2695	91.3849	
0.837386	0.163181	-0.521686	-0.0333722	0.967882	0.249181	0.545592	-0.191251	0.815936	4.48275	-18.4581	92.18	
