1	0	0	0	1	0	0	0	1	0	0	0	
0.999997	-5.98194e-06	0.0024764	-5.98194e-06	0.999988	0.00483113	-0.0024764	-0.00483113	0.999985	-0.00128573	-0.00250829	1.03838	
0.999988	-2.39204e-05	0.00495104	-2.39384e-05	0.999953	0.0096661	-0.00495104	-0.0096661	0.999941	-0.00514201	-0.0100351	2.07673	
0.999972	-5.3808e-05	0.00742384	-5.38801e-05	0.999895	0.0145047	-0.00742384	-0.0145047	0.999867	-0.011567	-0.0225845	3.11501	
0.999951	-9.56367e-05	0.00989468	-9.58169e-05	0.999813	0.0193469	-0.00989468	-0.0193469	0.999764	-0.0205586	-0.04016	4.15321	
0.999924	-0.000149398	0.0123635	-0.000149758	0.999707	0.0241923	-0.0123635	-0.0241923	0.999631	-0.0321149	-0.0627652	5.19128	
0.99989	-0.00021508	0.0148301	-0.000215712	0.999578	0.0290408	-0.0148301	-0.0290408	0.999468	-0.0462336	-0.0904035	6.2292	
0.99985	-0.000292675	0.0172945	-0.000293685	0.999425	0.0338922	-0.0172945	-0.0338922	0.999276	-0.0629125	-0.123078	7.26693	
0.999805	-0.000382169	0.0197565	-0.000383685	0.999249	0.0387463	-0.0197565	-0.0387463	0.999054	-0.0821491	-0.160791	8.30445	
0.999753	-0.00048355	0.0222161	-0.000485717	0.999049	0.0436029	-0.0222161	-0.0436029	0.998802	-0.103941	-0.203546	9.34173	
0.999695	-0.000596806	0.0246732	-0.000599787	0.998825	0.0484619	-0.0246731	-0.0484619	0.99852	-0.128286	-0.251346	10.3787	
0.999632	-0.000721921	0.0271276	-0.000725897	0.998577	0.053323	-0.0271275	-0.053323	0.998209	-0.15518	-0.304192	11.4154	
0.999562	-0.000858881	0.0295793	-0.000864052	0.998305	0.058186	-0.0295791	-0.0581861	0.997867	-0.184622	-0.362087	12.4518	
0.999486	-0.00100767	0.0320281	-0.00101425	0.99801	0.0630508	-0.0320279	-0.0630509	0.997496	-0.216608	-0.425032	13.4877	
0.999405	-0.00116827	0.034474	-0.0011765	0.99769	0.0679172	-0.0344737	-0.0679173	0.997095	-0.251135	-0.49303	14.5233	
0.999317	-0.00134067	0.0369168	-0.0013508	0.997347	0.072785	-0.0369165	-0.0727851	0.996664	-0.2882	-0.566082	15.5585	
0.999224	-0.00152484	0.0393566	-0.00153715	0.996979	0.0776539	-0.0393561	-0.0776541	0.996203	-0.3278	-0.644189	16.5931	
0.999125	-0.00172077	0.0417931	-0.00173555	0.996588	0.0825238	-0.0417925	-0.0825241	0.995712	-0.369932	-0.727352	17.6273	
0.99902	-0.00192844	0.0442263	-0.00194599	0.996172	0.0873946	-0.0442255	-0.087395	0.995192	-0.414592	-0.815573	18.661	
0.998909	-0.00214783	0.0466561	-0.00216848	0.995732	0.0922659	-0.0466551	-0.0922664	0.994641	-0.461777	-0.908852	19.6941	
0.998792	-0.00237891	0.0490824	-0.002403	0.995268	0.0971377	-0.0490812	-0.0971383	0.99406	-0.511482	-1.00719	20.7266	
0.998669	-0.00262166	0.0515051	-0.00264957	0.99478	0.10201	-0.0515037	-0.10201	0.993449	-0.563705	-1.11059	21.7585	
0.998541	-0.00287607	0.0539241	-0.00290816	0.994267	0.106882	-0.0539224	-0.106883	0.992808	-0.618442	-1.21904	22.7898	
0.998407	-0.0031421	0.0563393	-0.00317879	0.993731	0.111754	-0.0563372	-0.111755	0.992138	-0.675688	-1.33256	23.8204	
0.998267	-0.00341973	0.0587507	-0.00346143	0.99317	0.116625	-0.0587482	-0.116626	0.991437	-0.73544	-1.45113	24.8502	
0.998121	-0.00370894	0.061158	-0.00375608	0.992585	0.121496	-0.0611552	-0.121498	0.990706	-0.797693	-1.57476	25.8793	
0.99797	-0.0040097	0.0635613	-0.00406274	0.991975	0.126366	-0.063558	-0.126368	0.989945	-0.862443	-1.70345	26.9077	
0.997813	-0.00432198	0.0659605	-0.0043814	0.991342	0.131236	-0.0659566	-0.131238	0.989154	-0.929686	-1.8372	27.9352	
0.99765	-0.00464576	0.0683554	-0.00471204	0.990683	0.136104	-0.0683509	-0.136106	0.988334	-0.999417	-1.976	28.9619	
0.997482	-0.00498101	0.070746	-0.00505466	0.990001	0.140971	-0.0707408	-0.140974	0.987483	-1.07163	-2.11986	29.9877	
0.997308	-0.0053277	0.0731322	-0.00540925	0.989294	0.145836	-0.0731262	-0.145839	0.986602	-1.14633	-2.26877	31.0127	
0.997129	-0.00568579	0.0755139	-0.00577578	0.988563	0.1507	-0.0755071	-0.150704	0.985691	-1.2235	-2.42274	32.0367	
0.996943	-0.00605526	0.077891	-0.00615426	0.987807	0.155562	-0.0778832	-0.155566	0.98475	-1.30314	-2.58175	33.0597	
0.996753	-0.00643608	0.0802634	-0.00654466	0.987027	0.160422	-0.0802546	-0.160426	0.98378	-1.38524	-2.74581	34.0817	
0.996557	-0.00682822	0.082631	-0.00694698	0.986222	0.165279	-0.0826211	-0.165284	0.982779	-1.4698	-2.91492	35.1028	
0.996355	-0.00723164	0.0849938	-0.0073612	0.985393	0.170135	-0.0849826	-0.17014	0.981749	-1.55682	-3.08907	36.1227	
0.996148	-0.00764631	0.0873516	-0.00778729	0.98454	0.174987	-0.0873391	-0.174993	0.980688	-1.64629	-3.26826	37.1416	
0.995936	-0.00807219	0.0897044	-0.00822526	0.983662	0.179837	-0.0896904	-0.179844	0.979598	-1.7382	-3.45249	38.1594	
0.995718	-0.00850926	0.092052	-0.00867507	0.98276	0.184683	-0.0920365	-0.184691	0.978478	-1.83256	-3.64175	39.176	
0.995495	-0.00895747	0.0943945	-0.00913671	0.981833	0.189527	-0.0943773	-0.189535	0.977328	-1.92934	-3.83605	40.1915	
0.995266	-0.00941679	0.0967317	-0.00961017	0.980882	0.194367	-0.0967126	-0.194376	0.976148	-2.02855	-4.03537	41.2057	
0.995032	-0.00988718	0.0990635	-0.0100954	0.979906	0.199203	-0.0990425	-0.199214	0.974938	-2.13019	-4.23972	42.2187	
0.994793	-0.0103686	0.10139	-0.0105924	0.978906	0.204036	-0.101367	-0.204047	0.973699	-2.23424	-4.44909	43.2304	
0.994548	-0.010861	0.103711	-0.0111012	0.977882	0.208865	-0.103685	-0.208877	0.97243	-2.3407	-4.66348	44.2408	
0.994298	-0.0113644	0.106026	-0.0116217	0.976833	0.213689	-0.105998	-0.213703	0.971131	-2.44957	-4.88288	45.2499	
0.994043	-0.0118787	0.108335	-0.0121539	0.975759	0.218509	-0.108305	-0.218525	0.969803	-2.56083	-5.10729	46.2576	
0.993783	-0.0124039	0.110639	-0.0126978	0.974661	0.223325	-0.110606	-0.223342	0.968445	-2.67449	-5.3367	47.2639	
0.993518	-0.0129399	0.112937	-0.0132534	0.973539	0.228136	-0.1129	-0.228154	0.967057	-2.79053	-5.57112	48.2688	
0.993247	-0.0134867	0.115229	-0.0138206	0.972392	0.232942	-0.115189	-0.232962	0.96564	-2.90895	-5.81053	49.2723	
0.992972	-0.0140443	0.117515	-0.0143994	0.971221	0.237743	-0.117472	-0.237764	0.964193	-3.02975	-6.05492	50.2742	
0.992691	-0.0146126	0.119794	-0.0149898	0.970026	0.242539	-0.119748	-0.242562	0.962717	-3.15291	-6.30431	51.2747	
0.992405	-0.0151915	0.122068	-0.0155917	0.968806	0.247329	-0.122017	-0.247354	0.961212	-3.27843	-6.55867	52.2736	
0.992115	-0.0157811	0.124335	-0.0162052	0.967562	0.252114	-0.124281	-0.252141	0.959677	-3.40631	-6.818	53.2709	
0.991819	-0.0163813	0.126596	-0.0168302	0.966293	0.256892	-0.126537	-0.256921	0.958113	-3.53653	-7.0823	54.2666	
0.991518	-0.016992	0.128851	-0.0174666	0.965001	0.261665	-0.128787	-0.261696	0.956519	-3.6691	-7.35157	55.2606	
0.991213	-0.0176131	0.131099	-0.0181146	0.963684	0.266432	-0.13103	-0.266465	0.954896	-3.80399	-7.62578	56.253	
0.990902	-0.0182448	0.13334	-0.0187739	0.962342	0.271192	-0.133267	-0.271228	0.953245	-3.94121	-7.90495	57.2437	
0.990587	-0.0188868	0.135575	-0.0194446	0.960977	0.275945	-0.135496	-0.275984	0.951564	-4.08075	-8.18906	58.2327	
0.990267	-0.0195392	0.137803	-0.0201266	0.959587	0.280692	-0.137719	-0.280733	0.949854	-4.2226	-8.4781	59.2199	
0.989942	-0.0202018	0.140025	-0.02082	0.958173	0.285432	-0.139934	-0.285476	0.948115	-4.36676	-8.77207	60.2053	
0.989612	-0.0208748	0.142239	-0.0215247	0.956735	0.290164	-0.142142	-0.290212	0.946347	-4.51321	-9.07097	61.1889	
0.989278	-0.0215579	0.144447	-0.0222406	0.955272	0.29489	-0.144343	-0.29494	0.94455	-4.66195	-9.37477	62.1706	
0.988939	-0.0222512	0.146647	-0.0229677	0.953786	0.299607	-0.146537	-0.299661	0.942725	-4.81298	-9.68349	63.1505	
0.988595	-0.0229546	0.14884	-0.0237061	0.952276	0.304318	-0.148723	-0.304375	0.940871	-4.96627	-9.9971	64.1285	
0.988246	-0.023668	0.151027	-0.0244555	0.950741	0.30902	-0.150901	-0.309081	0.938988	-5.12184	-10.3156	65.1045	
0.987893	-0.0243915	0.153206	-0.0252161	0.949183	0.313714	-0.153072	-0.313779	0.937076	-5.27966	-10.639	66.0785	
0.98752	-0.0251609	0.15547	-0.0265761	0.946378	0.321967	-0.155234	-0.322081	0.933899	-5.43973	-10.9691	67.0499	
0.987142	-0.0259496	0.157724	-0.0279552	0.9435	0.330193	-0.157381	-0.330356	0.930643	-5.60204	-11.3079	68.018	
0.98676	-0.0267575	0.159968	-0.0293535	0.940548	0.33839	-0.159512	-0.338606	0.927309	-5.76657	-11.6552	68.9826	
0.986372	-0.0275842	0.1622	-0.0307706	0.937523	0.34656	-0.161626	-0.346828	0.923898	-5.9333	-12.0111	69.9437	
0.986261	-0.0278308	0.162832	-0.0349628	0.928208	0.370415	-0.161451	-0.371019	0.914483	-6.10105	-12.3838	70.8983	
0.98615	-0.0280938	0.163456	-0.0391491	0.918269	0.394017	-0.161166	-0.394959	0.904452	-6.26856	-12.7815	71.8427	
0.98604	-0.0283732	0.164074	-0.0433266	0.907712	0.417351	-0.160774	-0.418634	0.893811	-6.43571	-13.2039	72.7764	
0.98593	-0.0286688	0.164684	-0.0474925	0.896544	0.440401	-0.160272	-0.442026	0.882568	-6.60241	-13.6508	73.6987	
0.98582	-0.0289803	0.165286	-0.051644	0.884773	0.463152	-0.159663	-0.465121	0.87073	-6.76853	-14.1218	74.6091	
0.98571	-0.0293076	0.16588	-0.0557782	0.872406	0.485588	-0.158946	-0.487902	0.858305	-6.93395	-14.6166	75.5068	
0.985601	-0.0296505	0.166465	-0.0598925	0.859453	0.507694	-0.158122	-0.510354	0.845302	-7.09858	-15.135	76.3914	
0.985493	-0.0300086	0.167041	-0.063984	0.845921	0.529455	-0.157192	-0.532463	0.83173	-7.2623	-15.6764	77.2621	
0.985386	-0.0303818	0.167607	-0.06805	0.831821	0.550857	-0.156155	-0.554212	0.817597	-7.425	-16.2406	78.1185	
0.985279	-0.0307698	0.168164	-0.0720877	0.817161	0.571885	-0.155014	-0.575588	0.802913	-7.58656	-16.8272	78.9599	
0.985173	-0.0311723	0.16871	-0.0760945	0.801951	0.592524	-0.153768	-0.596577	0.787688	-7.74689	-17.4359	79.7858	
0.985068	-0.0315892	0.169246	-0.0800675	0.786201	0.612762	-0.152418	-0.617163	0.771932	-7.90587	-18.0661	80.5956	
0.984963	-0.03202	0.16977	-0.0840042	0.769923	0.632584	-0.150965	-0.637333	0.755656	-8.06339	-18.7174	81.3887	
0.98486	-0.0324645	0.170284	-0.0879019	0.753127	0.651977	-0.149411	-0.657074	0.738871	-8.21935	-19.3895	82.1647	
0.984758	-0.0329225	0.170785	-0.091758	0.735824	0.670928	-0.147756	-0.676372	0.721588	-8.37365	-20.0819	82.923	
0.984657	-0.0333935	0.171275	-0.0955698	0.718026	0.689424	-0.146002	-0.695215	0.703818	-8.52617	-20.794	83.6631	
0.984558	-0.0338773	0.171752	-0.0993348	0.699745	0.707452	-0.144149	-0.713589	0.685575	-8.67682	-21.5255	84.3845	
0.984459	-0.0343736	0.172216	-0.10305	0.680994	0.725002	-0.142199	-0.731482	0.666869	-8.8255	-22.2758	85.0867	
0.984362	-0.034882	0.172668	-0.106714	0.661785	0.74206	-0.140154	-0.748882	0.647714	-8.97211	-23.0444	85.7693	
0.984267	-0.0354022	0.173106	-0.110324	0.642131	0.758615	-0.138013	-0.765777	0.628122	-9.11654	-23.8309	86.4317	
0.984173	-0.0359338	0.173531	-0.113876	0.622045	0.774656	-0.13578	-0.782157	0.608108	-9.2587	-24.6346	87.0736	
0.98408	-0.0364764	0.173941	-0.11737	0.601541	0.790173	-0.133455	-0.798009	0.587683	-9.39849	-25.4551	87.6945	
0.983989	-0.0370298	0.174338	-0.120802	0.580632	0.805154	-0.131041	-0.813323	0.566863	-9.53582	-26.2917	88.2939	
0.9839	-0.0375935	0.17472	-0.12417	0.559333	0.81959	-0.128538	-0.82809	0.54566	-9.6706	-27.144	88.8716	
0.983813	-0.0381672	0.175087	-0.127473	0.537658	0.833471	-0.125948	-0.842299	0.52409	-9.80273	-28.0113	89.427	
0.983727	-0.0387504	0.17544	-0.130707	0.515622	0.846788	-0.123274	-0.855939	0.502166	-9.93214	-28.893	89.9599	
0.983644	-0.0393428	0.175777	-0.13387	0.493239	0.859531	-0.120516	-0.869004	0.479905	-10.0587	-29.7886	90.4698	
0.983562	-0.039944	0.176099	-0.136961	0.470525	0.871693	-0.117678	-0.881482	0.457319	-10.1824	-30.6975	90.9564	
0.983482	-0.0405535	0.176405	-0.139977	0.447494	0.883264	-0.11476	-0.893367	0.434426	-10.3031	-31.6191	91.4194	
0.983404	-0.041171	0.176695	-0.142916	0.424163	0.894237	-0.111764	-0.904649	0.41124	-10.4207	-32.5526	91.8585	
