1	0	0	0	1	0	0	0	1	0	0	0	
1	-1.28186e-07	0.000479626	-1.28186e-07	1	0.000534524	-0.000479626	-0.000534524	1	-0.00018204	-0.000202876	0.759091	
1	-5.16762e-07	0.000963003	-5.16762e-07	0.999999	0.00107323	-0.000963003	-0.00107323	0.999999	-0.000729583	-0.000813092	1.51818	
0.999999	-1.17177e-06	0.00145012	-1.17177e-06	0.999999	0.0016161	-0.00145012	-0.0016161	0.999998	-0.00164547	-0.00183382	2.27727	
0.999998	-2.09926e-06	0.00194095	-2.09927e-06	0.999998	0.00216312	-0.00194095	-0.00216312	0.999996	-0.00293254	-0.0032682	3.03636	
0.999997	-3.30531e-06	0.0024355	-3.30532e-06	0.999996	0.00271428	-0.0024355	-0.00271428	0.999993	-0.0045936	-0.0051194	3.79545	
0.999996	-4.79601e-06	0.00293374	-4.79602e-06	0.999995	0.00326955	-0.00293374	-0.00326955	0.99999	-0.00663147	-0.00739053	4.55453	
0.999994	-6.57744e-06	0.00343565	-6.57746e-06	0.999993	0.00382892	-0.00343565	-0.00382892	0.999987	-0.00904894	-0.0100847	5.31361	
0.999992	-8.65572e-06	0.00394123	-8.65575e-06	0.99999	0.00439237	-0.00394123	-0.00439237	0.999983	-0.0118488	-0.0132051	6.07269	
0.99999	-1.1037e-05	0.00445045	-1.1037e-05	0.999988	0.00495989	-0.00445045	-0.00495989	0.999978	-0.0150338	-0.0167547	6.83177	
0.999988	-1.37273e-05	0.00496331	-1.37274e-05	0.999985	0.00553145	-0.00496331	-0.00553145	0.999972	-0.0186068	-0.0207366	7.59084	
0.999985	-1.67329e-05	0.00547978	-1.6733e-05	0.999981	0.00610705	-0.00547978	-0.00610705	0.999966	-0.0225704	-0.025154	8.34991	
0.999982	-2.00599e-05	0.00599986	-2.006e-05	0.999978	0.00668666	-0.00599986	-0.00668666	0.99996	-0.0269275	-0.0300098	9.10897	
0.999979	-2.37144e-05	0.00652352	-2.37145e-05	0.999974	0.00727027	-0.00652352	-0.00727027	0.999952	-0.0316806	-0.035307	9.86803	
0.999975	-2.77026e-05	0.00705075	-2.77028e-05	0.999969	0.00785786	-0.00705075	-0.00785786	0.999944	-0.0368327	-0.0410489	10.6271	
0.999971	-3.20307e-05	0.00758154	-3.20309e-05	0.999964	0.00844941	-0.00758154	-0.00844941	0.999936	-0.0423863	-0.0472382	11.3861	
0.999967	-3.67048e-05	0.00811586	-3.67051e-05	0.999959	0.00904491	-0.00811586	-0.00904491	0.999926	-0.0483442	-0.0538781	12.1452	
0.999963	-4.17312e-05	0.00865371	-4.17315e-05	0.999953	0.00964433	-0.00865371	-0.00964433	0.999916	-0.054709	-0.0609715	12.9042	
0.999958	-4.71159e-05	0.00919506	-4.71163e-05	0.999947	0.0102477	-0.00919506	-0.0102477	0.999905	-0.0614834	-0.0685214	13.6632	
0.999953	-5.28653e-05	0.0097399	-5.28658e-05	0.999941	0.0108549	-0.0097399	-0.0108549	0.999894	-0.0686701	-0.0765308	14.4222	
0.999947	-5.89854e-05	0.0102882	-5.8986e-05	0.999934	0.011466	-0.0102882	-0.011466	0.999881	-0.0762717	-0.0850026	15.1812	
0.999941	-6.54825e-05	0.01084	-6.54831e-05	0.999927	0.0120809	-0.01084	-0.0120809	0.999868	-0.0842908	-0.0939397	15.9402	
0.999935	-7.23627e-05	0.0113952	-7.23634e-05	0.999919	0.0126997	-0.0113952	-0.0126997	0.999854	-0.0927301	-0.103345	16.6992	
0.999929	-7.96322e-05	0.0119538	-7.96331e-05	0.999911	0.0133223	-0.0119538	-0.0133223	0.99984	-0.101592	-0.113222	17.4582	
0.999922	-8.72972e-05	0.0125159	-8.72982e-05	0.999903	0.0139487	-0.0125159	-0.0139487	0.999824	-0.110879	-0.123572	18.2172	
0.999914	-9.5364e-05	0.0130813	-9.53651e-05	0.999894	0.0145789	-0.0130813	-0.0145789	0.999808	-0.120595	-0.1344	18.9761	
0.999907	-0.000103839	0.0136501	-0.00010384	0.999884	0.0152128	-0.0136501	-0.0152128	0.999791	-0.130741	-0.145707	19.735	
0.999899	-0.000112727	0.0142223	-0.000112729	0.999874	0.0158505	-0.0142223	-0.0158505	0.999773	-0.141319	-0.157497	20.494	
0.99989	-0.000122036	0.0147978	-0.000122037	0.999864	0.0164919	-0.0147978	-0.0164919	0.999754	-0.152334	-0.169772	21.2529	
0.999882	-0.000131771	0.0153766	-0.000131773	0.999853	0.017137	-0.0153766	-0.017137	0.999735	-0.163786	-0.182536	22.0118	
0.999873	-0.000141939	0.0159587	-0.000141941	0.999842	0.0177858	-0.0159587	-0.0177858	0.999714	-0.17568	-0.195791	22.7707	
0.999863	-0.000152545	0.0165442	-0.000152547	0.99983	0.0184382	-0.0165442	-0.0184382	0.999693	-0.188016	-0.209539	23.5295	
0.999853	-0.000163596	0.0171328	-0.000163598	0.999818	0.0190943	-0.0171328	-0.0190943	0.999671	-0.200798	-0.223785	24.2884	
0.999843	-0.000175098	0.0177248	-0.0001751	0.999805	0.019754	-0.0177248	-0.019754	0.999648	-0.214028	-0.238529	25.0472	
0.999832	-0.000187057	0.01832	-0.000187059	0.999792	0.0204174	-0.01832	-0.0204174	0.999624	-0.227709	-0.253776	25.806	
0.999821	-0.000199478	0.0189184	-0.000199482	0.999778	0.0210843	-0.0189184	-0.0210843	0.999599	-0.241842	-0.269528	26.5648	
0.999809	-0.00021237	0.0195199	-0.000212373	0.999763	0.0217548	-0.0195199	-0.0217548	0.999573	-0.256431	-0.285787	27.3236	
0.999797	-0.000225736	0.0201247	-0.00022574	0.999748	0.0224288	-0.0201247	-0.0224288	0.999546	-0.271478	-0.302557	28.0824	
0.999785	-0.000239584	0.0207327	-0.000239588	0.999733	0.0231064	-0.0207327	-0.0231064	0.999518	-0.286985	-0.31984	28.8411	
0.999772	-0.000253919	0.0213437	-0.000253923	0.999717	0.0237874	-0.0213437	-0.0237874	0.999489	-0.302955	-0.337638	29.5998	
0.999759	-0.000268747	0.0219579	-0.000268752	0.9997	0.024472	-0.0219579	-0.024472	0.999459	-0.31939	-0.355955	30.3585	
0.999745	-0.000284075	0.0225753	-0.00028408	0.999683	0.02516	-0.0225753	-0.02516	0.999429	-0.336293	-0.374792	31.1172	
0.999731	-0.000299908	0.0231957	-0.000299914	0.999666	0.0258514	-0.0231957	-0.0258514	0.999397	-0.353665	-0.394154	31.8758	
0.999716	-0.000316253	0.0238191	-0.000316259	0.999648	0.0265463	-0.0238191	-0.0265463	0.999364	-0.371509	-0.414041	32.6344	
0.999701	-0.000333115	0.0244457	-0.000333121	0.999629	0.0272446	-0.0244457	-0.0272446	0.99933	-0.389828	-0.434457	33.393	
0.999686	-0.0003505	0.0250752	-0.000350507	0.999609	0.0279463	-0.0250752	-0.0279463	0.999295	-0.408623	-0.455404	34.1516	
0.999669	-0.000368414	0.0257078	-0.000368422	0.999589	0.0286513	-0.0257078	-0.0286513	0.999259	-0.427898	-0.476886	34.9101	
0.999653	-0.000386863	0.0263434	-0.000386872	0.999569	0.0293597	-0.0263434	-0.0293597	0.999222	-0.447653	-0.498904	35.6687	
0.999636	-0.000405853	0.0269819	-0.000405862	0.999548	0.0300714	-0.0269819	-0.0300714	0.999184	-0.467893	-0.52146	36.4271	
0.999618	-0.00042539	0.0276235	-0.0004254	0.999526	0.0307864	-0.0276235	-0.0307864	0.999144	-0.488618	-0.544559	37.1856	
0.9996	-0.00044548	0.0282679	-0.00044549	0.999504	0.0315046	-0.0282679	-0.0315046	0.999104	-0.509831	-0.568201	37.944	
0.999582	-0.000466127	0.0289153	-0.000466138	0.99948	0.0322262	-0.0289153	-0.0322262	0.999062	-0.531535	-0.59239	38.7024	
0.999563	-0.000487339	0.0295656	-0.000487351	0.999457	0.0329509	-0.0295656	-0.0329509	0.99902	-0.553731	-0.617127	39.4608	
0.999474	-0.000585436	0.0324341	-0.000562453	0.999374	0.035371	-0.0324345	-0.0353706	0.998848	-0.577263	-0.643058	40.2191	
0.999376	-0.000690575	0.0353046	-0.000644628	0.999285	0.0377941	-0.0353055	-0.0377933	0.998662	-0.602974	-0.670828	40.9772	
0.999271	-0.000802776	0.038177	-0.000733897	0.999191	0.0402203	-0.0381784	-0.040219	0.998461	-0.630864	-0.700437	41.7352	
0.999157	-0.000922056	0.0410511	-0.000830282	0.99909	0.0426493	-0.0410531	-0.0426474	0.998246	-0.660936	-0.731888	42.493	
0.999034	-0.00104843	0.0439269	-0.000933803	0.998983	0.045081	-0.0439294	-0.0450785	0.998017	-0.693191	-0.765184	43.2507	
0.998903	-0.00118192	0.0468042	-0.00104448	0.99887	0.0475153	-0.0468074	-0.0475121	0.997773	-0.72763	-0.800327	44.0082	
0.998764	-0.00132253	0.0496829	-0.00116233	0.998751	0.0499522	-0.0496869	-0.0499482	0.997515	-0.764254	-0.837317	44.7655	
0.998617	-0.00147029	0.052563	-0.00128736	0.998626	0.0523914	-0.0525678	-0.0523866	0.997242	-0.803064	-0.876158	45.5226	
0.99846	-0.0016252	0.0554444	-0.00141961	0.998495	0.0548328	-0.05545	-0.0548271	0.996955	-0.844062	-0.916851	46.2795	
0.998296	-0.00178727	0.0583268	-0.00155907	0.998357	0.0572764	-0.0583334	-0.0572697	0.996653	-0.887248	-0.959397	47.0362	
0.998123	-0.00195653	0.0612103	-0.00170577	0.998214	0.059722	-0.0612178	-0.0597143	0.996337	-0.932623	-1.0038	47.7926	
0.997942	-0.00213297	0.0640947	-0.00185972	0.998064	0.0621695	-0.0641033	-0.0621607	0.996005	-0.980188	-1.05005	48.5488	
0.997752	-0.00231662	0.06698	-0.00202093	0.997908	0.0646187	-0.0669896	-0.0646087	0.99566	-1.02994	-1.09817	49.3047	
0.997553	-0.00250747	0.0698659	-0.00218941	0.997746	0.0670695	-0.0698766	-0.0670584	0.995299	-1.08189	-1.14814	50.0604	
0.997346	-0.00270555	0.0727525	-0.00236518	0.997578	0.0695219	-0.0727644	-0.0695095	0.994924	-1.13603	-1.19998	50.8158	
0.997131	-0.00291085	0.0756396	-0.00254823	0.997403	0.0719756	-0.0756527	-0.0719619	0.994534	-1.19236	-1.25367	51.5709	
0.996907	-0.00312338	0.0785271	-0.00273858	0.997222	0.0744307	-0.0785414	-0.0744155	0.99413	-1.25088	-1.30923	52.3256	
0.996675	-0.00334316	0.0814149	-0.00293624	0.997036	0.0768868	-0.0814306	-0.0768702	0.99371	-1.3116	-1.36665	53.0801	
0.996434	-0.00357018	0.0843029	-0.00314122	0.996842	0.079344	-0.0843199	-0.0793259	0.993276	-1.37451	-1.42593	53.8343	
0.996184	-0.00380446	0.0871909	-0.00335351	0.996643	0.0818021	-0.0872094	-0.0817824	0.992827	-1.43961	-1.48708	54.5881	
0.995926	-0.00404599	0.090079	-0.00357312	0.996437	0.084261	-0.090099	-0.0842396	0.992364	-1.50691	-1.55009	55.3416	
0.99566	-0.00429478	0.0929669	-0.00380006	0.996225	0.0867205	-0.0929885	-0.0866974	0.991885	-1.5764	-1.61497	56.0947	
0.995385	-0.00455082	0.0958547	-0.00403433	0.996007	0.0891805	-0.0958778	-0.0891556	0.991392	-1.64808	-1.68172	56.8474	
0.995101	-0.00481414	0.0987421	-0.00427593	0.995783	0.0916409	-0.0987668	-0.0916142	0.990884	-1.72196	-1.75033	57.5998	
0.994809	-0.00508471	0.101629	-0.00452485	0.995552	0.0941016	-0.101656	-0.0940731	0.990362	-1.79803	-1.8208	58.3518	
0.994509	-0.00536255	0.104515	-0.00478111	0.995315	0.0965625	-0.104544	-0.096532	0.989824	-1.87629	-1.89315	59.1033	
0.9942	-0.00564765	0.107401	-0.00504469	0.995072	0.0990234	-0.107431	-0.0989909	0.989272	-1.95675	-1.96736	59.8545	
0.993882	-0.00594001	0.110286	-0.00531559	0.994823	0.101484	-0.110318	-0.10145	0.988705	-2.03939	-2.04343	60.6052	
0.993556	-0.00623963	0.113171	-0.00559382	0.994567	0.103945	-0.113204	-0.103908	0.988123	-2.12423	-2.12138	61.3555	
0.993221	-0.0065465	0.116054	-0.00587936	0.994305	0.106405	-0.11609	-0.106366	0.987527	-2.21126	-2.20118	62.1054	
0.992878	-0.00686063	0.118936	-0.0061722	0.994037	0.108865	-0.118974	-0.108824	0.986916	-2.30047	-2.28286	62.8548	
0.992527	-0.007182	0.121817	-0.00647236	0.993763	0.111324	-0.121857	-0.111281	0.98629	-2.39188	-2.3664	63.6037	
0.992166	-0.00751062	0.124697	-0.0067798	0.993483	0.113783	-0.124739	-0.113737	0.985649	-2.48548	-2.4518	64.3521	
0.991798	-0.00784646	0.127575	-0.00709453	0.993196	0.11624	-0.127619	-0.116192	0.984994	-2.58126	-2.53907	65.1001	
0.991421	-0.00818954	0.130452	-0.00741654	0.992903	0.118697	-0.130499	-0.118646	0.984324	-2.67922	-2.6282	65.8475	
0.991035	-0.00853984	0.133328	-0.00774582	0.992604	0.121153	-0.133376	-0.1211	0.983639	-2.77938	-2.7192	66.5945	
0.990641	-0.00889734	0.136202	-0.00808234	0.992298	0.123607	-0.136252	-0.123551	0.98294	-2.88171	-2.81205	67.3409	
0.990239	-0.00926205	0.139073	-0.00842611	0.991987	0.126061	-0.139127	-0.126002	0.982226	-2.98623	-2.90677	68.0867	
0.989828	-0.00963395	0.141944	-0.00877711	0.991669	0.128512	-0.141999	-0.128451	0.981497	-3.09293	-3.00335	68.8321	
0.989409	-0.010013	0.144812	-0.00913531	0.991345	0.130963	-0.14487	-0.130898	0.980754	-3.20181	-3.10178	69.5768	
0.988981	-0.0103993	0.147678	-0.00950072	0.991015	0.133411	-0.147738	-0.133344	0.979996	-3.31287	-3.20208	70.321	
0.988545	-0.0107927	0.150542	-0.0098733	0.990679	0.135858	-0.150605	-0.135788	0.979224	-3.42611	-3.30422	71.0646	
0.986169	-0.0129193	0.165236	-0.0117023	0.989042	0.147172	-0.165326	-0.147071	0.975211	-3.54602	-3.41158	71.8064	
0.983573	-0.0152152	0.179867	-0.0137014	0.987274	0.158438	-0.179988	-0.1583	0.970848	-3.67709	-3.52749	72.5451	
0.980757	-0.0176795	0.19443	-0.0158698	0.985376	0.169652	-0.194586	-0.169473	0.966134	-3.81926	-3.6519	73.2803	
0.977722	-0.0203113	0.208919	-0.0182069	0.98335	0.180809	-0.209113	-0.180585	0.961073	-3.97248	-3.78477	74.0118	
0.974469	-0.0231098	0.22333	-0.0207117	0.981195	0.191905	-0.223565	-0.191631	0.955665	-4.13671	-3.92604	74.7393	
