1	0	0	0	1	0	0	0	1	0	0	0	
0.999994	-4.04976e-06	-0.00348454	-4.04976e-06	0.999997	-0.00232441	0.00348454	0.00232441	0.999991	0.0013595	0.000906872	0.780301	
0.999976	-1.62053e-05	-0.00697086	-1.62009e-05	0.999989	-0.00464873	0.00697086	0.00464873	0.999965	0.00543869	0.00362746	1.56059	
0.999945	-3.64748e-05	-0.0104589	-3.64571e-05	0.999976	-0.00697292	0.0104589	0.00697292	0.999921	0.0122389	0.00816167	2.34085	
0.999903	-6.48661e-05	-0.0139486	-6.48217e-05	0.999957	-0.00929692	0.0139486	0.00929692	0.999859	0.0217616	0.0145094	3.12107	
0.999848	-0.000101387	-0.0174398	-0.000101298	0.999932	-0.0116207	0.0174398	0.0116207	0.99978	0.0340078	0.0226704	3.90123	
0.999781	-0.000146044	-0.0209325	-0.000145888	0.999903	-0.0139442	0.0209325	0.0139442	0.999684	0.0489788	0.0326446	4.68132	
0.999702	-0.000198845	-0.0244266	-0.000198595	0.999868	-0.0162673	0.0244266	0.0162673	0.999569	0.0666757	0.0444317	5.46134	
0.99961	-0.000259796	-0.027922	-0.000259422	0.999827	-0.01859	0.027922	0.01859	0.999437	0.0870997	0.0580313	6.24125	
0.999506	-0.000328903	-0.0314187	-0.000328369	0.999781	-0.0209123	0.0314187	0.0209123	0.999288	0.110252	0.0734433	7.02106	
0.99939	-0.000406174	-0.0349166	-0.000405439	0.99973	-0.0232341	0.0349166	0.0232341	0.99912	0.136132	0.0906671	7.80074	
0.999262	-0.000491613	-0.0384155	-0.000490634	0.999673	-0.0255554	0.0384155	0.0255554	0.998935	0.164743	0.109702	8.58029	
0.999121	-0.000585227	-0.0419155	-0.000583953	0.999611	-0.0278761	0.0419155	0.027876	0.998732	0.196084	0.130549	9.35968	
0.998968	-0.00068702	-0.0454164	-0.000685398	0.999544	-0.0301961	0.0454165	0.030196	0.998512	0.230157	0.153206	10.1389	
0.998802	-0.000796998	-0.0489182	-0.000794971	0.999471	-0.0325154	0.0489183	0.0325153	0.998273	0.266962	0.177673	10.918	
0.998625	-0.000915166	-0.0524208	-0.00091267	0.999393	-0.034834	0.0524209	0.0348339	0.998017	0.3065	0.203949	11.6968	
0.998434	-0.00104153	-0.0559241	-0.0010385	0.999309	-0.0371517	0.0559242	0.0371516	0.997744	0.348771	0.232034	12.4755	
0.998232	-0.00117609	-0.0594281	-0.00117245	0.99922	-0.0394686	0.0594281	0.0394685	0.997452	0.393776	0.261928	13.2539	
0.998017	-0.00131885	-0.0629326	-0.00131453	0.999126	-0.0417846	0.0629327	0.0417845	0.997143	0.441515	0.293629	14.0321	
0.99779	-0.00146982	-0.0664376	-0.00146473	0.999026	-0.0440997	0.0664377	0.0440995	0.996816	0.491989	0.327137	14.81	
0.99755	-0.00162899	-0.069943	-0.00162306	0.998921	-0.0464138	0.0699431	0.0464136	0.996471	0.545198	0.362451	15.5877	
0.997297	-0.00179638	-0.0734487	-0.00178951	0.998811	-0.0487268	0.0734489	0.0487265	0.996108	0.601143	0.39957	16.3651	
0.997033	-0.00197199	-0.0769547	-0.00196408	0.998695	-0.0510387	0.0769549	0.0510384	0.995727	0.659823	0.438493	17.1423	
0.996755	-0.00215581	-0.0804609	-0.00214677	0.998574	-0.0533494	0.0804612	0.0533491	0.995329	0.72124	0.47922	17.9191	
0.996466	-0.00234785	-0.0839672	-0.00233758	0.998447	-0.055659	0.0839675	0.0556585	0.994913	0.785392	0.52175	18.6956	
0.996164	-0.00254812	-0.0874735	-0.00253651	0.998315	-0.0579673	0.0874739	0.0579668	0.994479	0.85228	0.566081	19.4717	
0.995849	-0.00275661	-0.0909798	-0.00274354	0.998178	-0.0602743	0.0909802	0.0602737	0.994027	0.921904	0.612213	20.2476	
0.995522	-0.00297332	-0.0944859	-0.00295869	0.998036	-0.0625799	0.0944864	0.0625792	0.993557	0.994264	0.660144	21.023	
0.995182	-0.00319827	-0.0979919	-0.00318194	0.997888	-0.0648841	0.0979924	0.0648833	0.99307	1.06936	0.709874	21.7981	
0.99483	-0.00343144	-0.101498	-0.00341329	0.997735	-0.0671869	0.101498	0.067186	0.992564	1.14719	0.761401	22.5728	
0.994465	-0.00367284	-0.105003	-0.00365274	0.997576	-0.0694882	0.105004	0.0694871	0.992041	1.22776	0.814724	23.3471	
0.994088	-0.00392246	-0.108508	-0.00390029	0.997412	-0.0717879	0.108509	0.0717867	0.9915	1.31106	0.869843	24.121	
0.993698	-0.00418032	-0.112012	-0.00415593	0.997243	-0.0740861	0.112013	0.0740847	0.990941	1.3971	0.926755	24.8944	
0.993296	-0.00444641	-0.115516	-0.00441965	0.997069	-0.0763826	0.115517	0.076381	0.990364	1.48587	0.985459	25.6674	
0.992881	-0.00472073	-0.119019	-0.00469146	0.996889	-0.0786773	0.11902	0.0786756	0.98977	1.57737	1.04595	26.44	
0.992453	-0.00500327	-0.122521	-0.00497134	0.996704	-0.0809704	0.122523	0.0809684	0.989157	1.67161	1.10824	27.2121	
0.992013	-0.00529404	-0.126023	-0.00525929	0.996514	-0.0832616	0.126024	0.0832594	0.988527	1.76858	1.17231	27.9837	
0.991561	-0.00559304	-0.129524	-0.00555531	0.996318	-0.085551	0.129525	0.0855485	0.987879	1.86829	1.23817	28.7548	
0.991095	-0.00590027	-0.133023	-0.00585939	0.996117	-0.0878385	0.133025	0.0878358	0.987213	1.97072	1.30582	29.5254	
0.990618	-0.00621572	-0.136522	-0.00617152	0.995911	-0.090124	0.136524	0.090121	0.986529	2.07589	1.37525	30.2954	
0.990127	-0.00653939	-0.14002	-0.00649171	0.9957	-0.0924076	0.140022	0.0924042	0.985827	2.18378	1.44646	31.0649	
0.989624	-0.00687128	-0.143516	-0.00681993	0.995484	-0.0946891	0.143519	0.0946854	0.985108	2.29441	1.51946	31.8339	
0.989109	-0.00721139	-0.147011	-0.00715618	0.995262	-0.0969686	0.147014	0.0969645	0.98437	2.40776	1.59423	32.6023	
0.98858	-0.00755972	-0.150505	-0.00750047	0.995035	-0.0992459	0.150508	0.0992414	0.983615	2.52384	1.67078	33.3701	
0.98804	-0.00791625	-0.153997	-0.00785277	0.994802	-0.101521	0.154001	0.101516	0.982842	2.64264	1.74911	34.1373	
0.987486	-0.008281	-0.157488	-0.00821309	0.994565	-0.103794	0.157492	0.103788	0.982051	2.76417	1.82921	34.9039	
0.98692	-0.00865395	-0.160977	-0.00858141	0.994322	-0.106064	0.160981	0.106059	0.981242	2.88842	1.91108	35.6699	
0.986342	-0.0090351	-0.164465	-0.00895773	0.994074	-0.108333	0.164469	0.108326	0.980416	3.0154	1.99472	36.4353	
0.98575	-0.00942446	-0.167951	-0.00934203	0.993821	-0.110599	0.167956	0.110592	0.979572	3.1451	2.08013	37.2	
0.985146	-0.009822	-0.171435	-0.00973432	0.993563	-0.112862	0.17144	0.112854	0.978709	3.27751	2.16731	37.964	
0.98453	-0.0102277	-0.174917	-0.0101346	0.9933	-0.115123	0.174923	0.115115	0.97783	3.41265	2.25625	38.7273	
0.983901	-0.0106417	-0.178398	-0.0105428	0.993031	-0.117382	0.178403	0.117373	0.976932	3.5505	2.34696	39.49	
0.983259	-0.0110638	-0.181876	-0.010959	0.992757	-0.119637	0.181882	0.119628	0.976016	3.69106	2.43942	40.2519	
0.982605	-0.011494	-0.185352	-0.0113831	0.992478	-0.121891	0.185359	0.12188	0.975083	3.83434	2.53365	41.0132	
0.981938	-0.0119325	-0.188826	-0.0118152	0.992194	-0.124141	0.188833	0.12413	0.974132	3.98033	2.62963	41.7737	
0.980708	-0.0127363	-0.195064	-0.0123324	0.991856	-0.126764	0.195089	0.126724	0.972564	4.13012	2.7275	42.5332	
0.979438	-0.0135568	-0.201291	-0.0128672	0.991511	-0.129386	0.201337	0.129316	0.970948	4.28479	2.8274	43.2914	
0.978127	-0.0143939	-0.207509	-0.0134197	0.991158	-0.132008	0.207575	0.131905	0.969285	4.44433	2.92931	44.0484	
0.976777	-0.0152477	-0.213717	-0.0139899	0.990797	-0.134628	0.213803	0.134492	0.967574	4.60873	3.03325	44.8041	
0.975386	-0.0161181	-0.219914	-0.0145777	0.990429	-0.137248	0.220021	0.137076	0.965816	4.77799	3.1392	45.5584	
0.973956	-0.0170051	-0.2261	-0.0151831	0.990054	-0.139866	0.226229	0.139656	0.964011	4.95209	3.24717	46.3113	
0.972485	-0.0179088	-0.232274	-0.0158061	0.989671	-0.142482	0.232427	0.142233	0.962158	5.13104	3.35715	47.0628	
0.970975	-0.018829	-0.238437	-0.0164468	0.989281	-0.145097	0.238613	0.144807	0.960258	5.31482	3.46914	47.8129	
0.969426	-0.0197657	-0.244588	-0.017105	0.988883	-0.14771	0.244789	0.147377	0.95831	5.50342	3.58314	48.5614	
0.967836	-0.020719	-0.250727	-0.0177808	0.988478	-0.15032	0.250952	0.149943	0.956316	5.69683	3.69914	49.3084	
0.966207	-0.0216888	-0.256853	-0.0184742	0.988065	-0.152927	0.257104	0.152504	0.954275	5.89505	3.81714	50.0538	
0.964539	-0.022675	-0.262966	-0.0191851	0.987645	-0.155532	0.263244	0.155061	0.952186	6.09807	3.93713	50.7976	
0.962831	-0.0236777	-0.269066	-0.0199135	0.987217	-0.158133	0.269371	0.157614	0.950051	6.30587	4.05913	51.5398	
0.961083	-0.0246967	-0.275152	-0.0206593	0.986782	-0.160731	0.275485	0.160161	0.947869	6.51845	4.18311	52.2803	
0.959297	-0.0257321	-0.281225	-0.0214227	0.98634	-0.163326	0.281586	0.162703	0.945641	6.73579	4.30907	53.019	
0.957471	-0.0267839	-0.287283	-0.0222034	0.98589	-0.165917	0.287674	0.165239	0.943366	6.95789	4.43702	53.756	
0.955606	-0.0278519	-0.293327	-0.0230015	0.985433	-0.168503	0.293747	0.16777	0.941045	7.18473	4.56694	54.4913	
0.953703	-0.0289362	-0.299356	-0.0238169	0.984968	-0.171086	0.299807	0.170294	0.938678	7.41631	4.69884	55.2246	
0.95176	-0.0300368	-0.30537	-0.0246496	0.984497	-0.173663	0.305852	0.172813	0.936264	7.65261	4.83271	55.9561	
0.949778	-0.0311535	-0.311368	-0.0254995	0.984018	-0.176236	0.311882	0.175325	0.933804	7.89362	4.96853	56.6858	
0.947758	-0.0322863	-0.317351	-0.0263666	0.983531	-0.178804	0.317898	0.177831	0.931299	8.13933	5.10632	57.4134	
0.9457	-0.0334352	-0.323318	-0.0272509	0.983038	-0.181367	0.323898	0.180329	0.928747	8.38973	5.24605	58.1391	
0.943602	-0.0346001	-0.329268	-0.0281522	0.982537	-0.183924	0.329882	0.182821	0.92615	8.6448	5.38774	58.8628	
0.941467	-0.0357811	-0.335202	-0.0290705	0.982029	-0.186476	0.33585	0.185305	0.923508	8.90454	5.53136	59.5845	
0.939293	-0.036978	-0.341118	-0.0300059	0.981514	-0.189021	0.341802	0.187782	0.92082	9.16893	5.67693	60.3041	
0.937081	-0.0381907	-0.347018	-0.0309581	0.980992	-0.191561	0.347738	0.190251	0.918087	9.43795	5.82442	61.0215	
0.93483	-0.0394193	-0.3529	-0.0319271	0.980463	-0.194094	0.353656	0.192712	0.915308	9.71161	5.97383	61.7368	
0.932542	-0.0406637	-0.358764	-0.0329129	0.979927	-0.19662	0.359558	0.195165	0.912485	9.98987	6.12516	62.4499	
0.930216	-0.0419239	-0.36461	-0.0339154	0.979384	-0.19914	0.365441	0.197609	0.909617	10.2727	6.2784	63.1608	
0.927853	-0.0431997	-0.370437	-0.0349345	0.978834	-0.201652	0.371308	0.200044	0.906704	10.5602	6.43355	63.8695	
0.925451	-0.0444911	-0.376245	-0.0359701	0.978277	-0.204157	0.377155	0.202471	0.903747	10.8522	6.59059	64.5758	
0.923012	-0.0457981	-0.382035	-0.0370223	0.977713	-0.206655	0.382985	0.204889	0.900746	11.1488	6.74952	65.2799	
0.920536	-0.0471205	-0.387805	-0.0380907	0.977143	-0.209145	0.388796	0.207297	0.8977	11.4499	6.91034	65.9815	
0.918023	-0.0484584	-0.393556	-0.0391755	0.976565	-0.211627	0.394588	0.209696	0.894611	11.7555	7.07303	66.6808	
0.915472	-0.0498117	-0.399286	-0.0402765	0.975981	-0.2141	0.400361	0.212085	0.891477	12.0657	7.23759	67.3776	
0.912885	-0.0511803	-0.404997	-0.0413936	0.97539	-0.216566	0.406114	0.214464	0.8883	12.3803	7.40401	68.072	
0.91026	-0.0525641	-0.410687	-0.0425267	0.974793	-0.219022	0.411847	0.216832	0.88508	12.6994	7.57228	68.7639	
0.907599	-0.0539631	-0.416356	-0.0436758	0.974189	-0.22147	0.41756	0.219191	0.881816	13.023	7.7424	69.4533	
0.899396	-0.0582014	-0.433243	-0.0450301	0.973489	-0.224258	0.434809	0.221206	0.872931	13.3556	7.91422	70.1379	
0.890862	-0.0624776	-0.449956	-0.046439	0.972783	-0.227017	0.451893	0.223137	0.863714	13.7016	8.08759	70.8155	
0.882002	-0.0667903	-0.466489	-0.0479018	0.972071	-0.229747	0.468805	0.224983	0.854169	14.0608	8.26243	71.4858	
0.872817	-0.0711376	-0.482835	-0.0494182	0.971353	-0.232446	0.485539	0.226743	0.844298	14.4331	8.43868	72.1484	
0.863313	-0.075518	-0.498987	-0.0509874	0.97063	-0.235112	0.502087	0.228418	0.834107	14.8185	8.61626	72.8033	
0.853491	-0.0799297	-0.514941	-0.0526089	0.969902	-0.237746	0.518445	0.230005	0.823597	15.2166	8.79512	73.4501	
0.843357	-0.0843712	-0.530689	-0.054282	0.969168	-0.240346	0.534605	0.231505	0.812775	15.6275	8.97519	74.0885	
