1	0	0	0	1	0	0	0	1	0	0	0	
0.999994	4.31642e-06	-0.00358049	4.31642e-06	0.999997	0.00241107	0.00358049	-0.00241107	0.999991	0.00157415	-0.00106002	0.87929	
0.999974	1.72734e-05	-0.00716242	1.72746e-05	0.999988	0.00482343	0.00716242	-0.00482343	0.999963	0.00629724	-0.00424064	1.75856	
0.999942	3.88826e-05	-0.0107457	3.88874e-05	0.999974	0.00723702	0.0107457	-0.00723702	0.999916	0.0141705	-0.00954299	2.63781	
0.999897	6.91549e-05	-0.0143302	6.91668e-05	0.999953	0.00965177	0.0143302	-0.00965177	0.999851	0.025195	-0.0169681	3.517	
0.999839	0.000108101	-0.0179158	0.000108125	0.999927	0.0120676	0.0179158	-0.0120676	0.999767	0.0393718	-0.026517	4.39612	
0.999769	0.000155731	-0.0215024	0.000155772	0.999895	0.0144845	0.0215024	-0.0144845	0.999664	0.0567019	-0.0381905	5.27517	
0.999685	0.000212054	-0.0250899	0.00021212	0.999857	0.0169023	0.0250899	-0.0169023	0.999542	0.0771861	-0.0519896	6.15411	
0.999589	0.000277079	-0.0286783	0.000277179	0.999813	0.019321	0.0286783	-0.019321	0.999402	0.100825	-0.067915	7.03294	
0.999479	0.000350814	-0.0322673	0.000350958	0.999764	0.0217405	0.0322673	-0.0217405	0.999243	0.12762	-0.0859676	7.91164	
0.999357	0.000433269	-0.035857	0.000433466	0.999708	0.0241607	0.035857	-0.0241607	0.999065	0.15757	-0.106148	8.79019	
0.999222	0.000524449	-0.0394471	0.000524712	0.999647	0.0265816	0.0394471	-0.0265816	0.998868	0.190678	-0.128457	9.66858	
0.999073	0.000624363	-0.0430377	0.000624705	0.999579	0.0290031	0.0430377	-0.0290031	0.998652	0.226942	-0.152894	10.5468	
0.998912	0.000733017	-0.0466285	0.000733451	0.999506	0.0314251	0.0466285	-0.0314251	0.998418	0.266363	-0.179461	11.4248	
0.998738	0.000850415	-0.0502196	0.000850959	0.999427	0.0338476	0.0502195	-0.0338476	0.998164	0.308942	-0.208158	12.3026	
0.998551	0.000976565	-0.0538107	0.000977235	0.999342	0.0362705	0.0538107	-0.0362705	0.997892	0.354679	-0.238986	13.1801	
0.998351	0.00111147	-0.0574018	0.00111228	0.99925	0.0386937	0.0574018	-0.0386937	0.997601	0.403573	-0.271943	14.0575	
0.998137	0.00125514	-0.0609927	0.00125611	0.999154	0.0411172	0.0609927	-0.0411172	0.997291	0.455625	-0.307032	14.9345	
0.997911	0.00140757	-0.0645835	0.00140873	0.999051	0.0435408	0.0645835	-0.0435409	0.996962	0.510834	-0.344252	15.8113	
0.997672	0.00156877	-0.0681739	0.00157013	0.998942	0.0459646	0.0681739	-0.0459646	0.996614	0.5692	-0.383603	16.6877	
0.99742	0.00173874	-0.0717639	0.00174033	0.998827	0.0483884	0.0717639	-0.0483884	0.996247	0.630724	-0.425085	17.5639	
0.997155	0.00191748	-0.0753533	0.00191932	0.998706	0.0508121	0.0753533	-0.0508122	0.995861	0.695403	-0.468698	18.4397	
0.996877	0.002105	-0.0789422	0.00210712	0.99858	0.0532358	0.0789421	-0.0532359	0.995457	0.763239	-0.514442	19.3152	
0.996586	0.00230129	-0.0825302	0.00230372	0.998447	0.0556593	0.0825302	-0.0556594	0.995033	0.83423	-0.562318	20.1903	
0.996282	0.00250637	-0.0861175	0.00250912	0.998309	0.0580826	0.0861174	-0.0580827	0.99459	0.908375	-0.612324	21.065	
0.995965	0.00272022	-0.0897037	0.00272333	0.998164	0.0605055	0.0897036	-0.0605057	0.994129	0.985674	-0.664461	21.9394	
0.995635	0.00294285	-0.093289	0.00294635	0.998014	0.0629281	0.0932889	-0.0629283	0.993648	1.06613	-0.718729	22.8133	
0.995292	0.00317426	-0.096873	0.00317818	0.997857	0.0653502	0.0968729	-0.0653504	0.993149	1.14973	-0.775126	23.6868	
0.994936	0.00341444	-0.100456	0.00341882	0.997695	0.0677718	0.100456	-0.0677721	0.992631	1.23649	-0.833653	24.5598	
0.994567	0.0036634	-0.104037	0.00366827	0.997527	0.0701929	0.104037	-0.0701931	0.992093	1.32639	-0.894309	25.4324	
0.994185	0.00392114	-0.107617	0.00392653	0.997352	0.0726133	0.107617	-0.0726136	0.991537	1.41944	-0.957094	26.3045	
0.99379	0.00418764	-0.111196	0.00419359	0.997172	0.0750329	0.111196	-0.0750333	0.990962	1.51564	-1.02201	27.1761	
0.993382	0.00446292	-0.114773	0.00446946	0.996986	0.0774518	0.114772	-0.0774522	0.990368	1.61499	-1.08905	28.0472	
0.992961	0.00474695	-0.118348	0.00475413	0.996794	0.0798698	0.118347	-0.0798702	0.989755	1.71748	-1.15821	28.9177	
0.992527	0.00503975	-0.121921	0.0050476	0.996596	0.0822869	0.12192	-0.0822874	0.989123	1.82311	-1.2295	29.7878	
0.99208	0.00534131	-0.125492	0.00534987	0.996392	0.084703	0.125492	-0.0847035	0.988472	1.93189	-1.30292	30.6572	
0.991621	0.00565161	-0.129061	0.00566093	0.996182	0.087118	0.129061	-0.0871186	0.987802	2.0438	-1.37846	31.5261	
0.991148	0.00597067	-0.132628	0.00598078	0.995966	0.0895318	0.132628	-0.0895325	0.987114	2.15885	-1.45613	32.3943	
0.990662	0.00629846	-0.136193	0.00630942	0.995744	0.0919445	0.136192	-0.0919452	0.986406	2.27704	-1.53591	33.262	
0.990164	0.00663499	-0.139755	0.00664684	0.995516	0.0943559	0.139754	-0.0943567	0.98568	2.39836	-1.61782	34.129	
0.989653	0.00698024	-0.143315	0.00699303	0.995283	0.0967659	0.143314	-0.0967668	0.984935	2.52281	-1.70185	34.9954	
0.989128	0.00733422	-0.146872	0.00734799	0.995043	0.0991746	0.146871	-0.0991756	0.984171	2.65039	-1.78799	35.8611	
0.988591	0.00769691	-0.150427	0.0077117	0.994797	0.101582	0.150426	-0.101583	0.983389	2.78109	-1.87626	36.7261	
0.988041	0.0080683	-0.153978	0.00808418	0.994546	0.103987	0.153977	-0.103989	0.982587	2.91492	-1.96663	37.5905	
0.987479	0.00844838	-0.157527	0.0084654	0.994288	0.106391	0.157526	-0.106393	0.981767	3.05187	-2.05913	38.4541	
0.986903	0.00883716	-0.161073	0.00885535	0.994025	0.108794	0.161072	-0.108795	0.980928	3.19194	-2.15373	39.317	
0.986314	0.0092346	-0.164616	0.00925404	0.993756	0.111194	0.164615	-0.111196	0.98007	3.33513	-2.25045	40.1791	
0.985713	0.00964072	-0.168156	0.00966145	0.99348	0.113593	0.168155	-0.113595	0.979194	3.48143	-2.34928	41.0405	
0.985099	0.0100555	-0.171692	0.0100776	0.993199	0.11599	0.171691	-0.115992	0.978299	3.63084	-2.45022	41.9011	
0.984473	0.0104789	-0.175225	0.0105024	0.992912	0.118385	0.175224	-0.118387	0.977385	3.78336	-2.55326	42.7609	
0.983833	0.010911	-0.178755	0.0109359	0.992619	0.120777	0.178753	-0.12078	0.976453	3.93899	-2.65841	43.6199	
0.983181	0.0113516	-0.182281	0.0113781	0.992321	0.123168	0.182279	-0.123171	0.975502	4.09772	-2.76566	44.4781	
0.982516	0.0118009	-0.185803	0.011829	0.992016	0.125557	0.185801	-0.125559	0.974532	4.25954	-2.87502	45.3354	
0.981839	0.0122588	-0.189322	0.0122885	0.991705	0.127943	0.18932	-0.127946	0.973544	4.42446	-2.98647	46.1919	
0.981148	0.0127252	-0.192836	0.0127566	0.991389	0.130327	0.192834	-0.13033	0.972537	4.59248	-3.10002	47.0475	
0.980446	0.0132002	-0.196347	0.0132334	0.991067	0.132709	0.196345	-0.132712	0.971512	4.76358	-3.21566	47.9022	
0.97973	0.0136838	-0.199854	0.0137188	0.990739	0.135088	0.199851	-0.135092	0.970469	4.93776	-3.3334	48.756	
0.979002	0.0141759	-0.203356	0.0142128	0.990405	0.137465	0.203353	-0.137469	0.969407	5.11503	-3.45323	49.6088	
0.978262	0.0146766	-0.206854	0.0147154	0.990065	0.139839	0.206851	-0.139843	0.968327	5.29538	-3.57515	50.4607	
0.977509	0.0151857	-0.210348	0.0152266	0.989719	0.142211	0.210345	-0.142215	0.967228	5.4788	-3.69916	51.3117	
0.977401	0.0152586	-0.210841	0.0155495	0.9895	0.143693	0.21082	-0.143724	0.966901	5.66396	-3.82487	52.162	
0.977294	0.0153321	-0.211333	0.0158735	0.989278	0.145178	0.211293	-0.145236	0.966572	5.84954	-3.95191	53.0121	
0.977186	0.0154063	-0.211824	0.0161988	0.989054	0.146664	0.211765	-0.146749	0.96624	6.03554	-4.08028	53.8618	
0.977079	0.015481	-0.212313	0.0165252	0.988827	0.148151	0.212235	-0.148264	0.965906	6.22195	-4.20998	54.7113	
0.976972	0.0155564	-0.212802	0.0168527	0.988597	0.14964	0.212703	-0.14978	0.965569	6.40877	-4.34102	55.5605	
0.976864	0.0156324	-0.213289	0.0171814	0.988365	0.15113	0.21317	-0.151298	0.965229	6.596	-4.47339	56.4093	
0.976757	0.015709	-0.213775	0.0175111	0.98813	0.152621	0.213635	-0.152817	0.964887	6.78364	-4.60709	57.2579	
0.976649	0.0157862	-0.214261	0.0178419	0.987892	0.154113	0.214099	-0.154337	0.964542	6.9717	-4.74213	58.1062	
0.976541	0.0158641	-0.214745	0.0181736	0.987652	0.155606	0.214562	-0.155858	0.964195	7.16016	-4.8785	58.9541	
0.976434	0.0159426	-0.215228	0.0185063	0.987409	0.157099	0.215023	-0.15738	0.963845	7.34902	-5.01622	59.8018	
0.976326	0.0160218	-0.21571	0.01884	0.987164	0.158593	0.215483	-0.158902	0.963492	7.53829	-5.15527	60.6491	
0.976218	0.0161016	-0.216192	0.0191745	0.986917	0.160087	0.215941	-0.160425	0.963137	7.72797	-5.29566	61.4962	
0.97611	0.016182	-0.216673	0.0195099	0.986667	0.161581	0.216398	-0.161948	0.96278	7.91804	-5.43739	62.3429	
0.976002	0.0162632	-0.217153	0.0198462	0.986414	0.163075	0.216855	-0.163471	0.962419	8.10852	-5.58046	63.1893	
0.975894	0.016345	-0.217632	0.0201833	0.986159	0.164569	0.21731	-0.164994	0.962057	8.2994	-5.72487	64.0354	
0.975786	0.0164274	-0.21811	0.0205211	0.985902	0.166063	0.217763	-0.166517	0.961692	8.49068	-5.87062	64.8812	
0.975678	0.0165105	-0.218588	0.0208596	0.985642	0.167556	0.218216	-0.16804	0.961324	8.68235	-6.0177	65.7266	
0.975569	0.0165944	-0.219065	0.0211989	0.98538	0.169049	0.218668	-0.169562	0.960954	8.87443	-6.16613	66.5717	
0.97546	0.0166788	-0.219542	0.0215388	0.985115	0.17054	0.219119	-0.171084	0.960582	9.0669	-6.31589	67.4165	
0.975352	0.016764	-0.220018	0.0218793	0.984848	0.172031	0.219568	-0.172605	0.960207	9.25977	-6.467	68.261	
0.975243	0.0168499	-0.220494	0.0222204	0.984579	0.173521	0.220017	-0.174125	0.95983	9.45303	-6.61943	69.1051	
0.975134	0.0169365	-0.220969	0.0225621	0.984308	0.17501	0.220465	-0.175644	0.95945	9.64669	-6.77321	69.9489	
0.979575	0.013285	-0.200638	0.0212866	0.985357	0.169172	0.199948	-0.169987	0.964948	9.83153	-6.92517	70.795	
0.983582	0.00975396	-0.180196	0.0201359	0.986371	0.163301	0.179333	-0.164249	0.96998	9.99828	-7.07212	71.6457	
0.987153	0.00634499	-0.159653	0.0191105	0.98735	0.157402	0.158632	-0.158431	0.974544	10.1469	-7.21399	72.5007	
0.990285	0.00305976	-0.139019	0.018211	0.988293	0.151476	0.137855	-0.152536	0.978636	10.2772	-7.35071	73.3594	
0.992978	-0.000100149	-0.118303	0.0174377	0.989201	0.145527	0.117011	-0.146568	0.982256	10.3893	-7.48222	74.2216	
0.995229	-0.0031332	-0.0975153	0.0167911	0.990072	0.139557	0.0961099	-0.140528	0.985401	10.483	-7.60844	75.0867	
0.997039	-0.00603793	-0.0766664	0.0162715	0.990906	0.133569	0.0751627	-0.134421	0.98807	10.5583	-7.72933	75.9543	
0.998405	-0.00881294	-0.0557661	0.0158791	0.991703	0.127567	0.0541792	-0.128249	0.990261	10.6152	-7.84482	76.8241	
0.999328	-0.0114569	-0.0348246	0.0156141	0.992462	0.121553	0.0331695	-0.122015	0.991974	10.6536	-7.95485	77.6956	
0.999806	-0.0139685	-0.013852	0.0154766	0.993183	0.11553	0.0121438	-0.115722	0.993207	10.6735	-8.05937	78.5685	
0.999841	-0.0163465	0.0071416	0.0154667	0.993866	0.109501	-0.00888777	-0.109374	0.993961	10.6749	-8.15834	79.4421	
0.999431	-0.0185899	0.0281461	0.0155844	0.994511	0.103469	-0.029915	-0.102972	0.994234	10.6579	-8.2517	80.3163	
0.998577	-0.0206974	0.0491512	0.0158297	0.995116	0.0974371	-0.0509279	-0.0965204	0.994027	10.6223	-8.33941	81.1905	
0.997279	-0.0226682	0.070147	0.0162024	0.995682	0.0914076	-0.0719161	-0.0900223	0.99334	10.5683	-8.42143	82.0642	
0.995538	-0.0245012	0.0911231	0.0167024	0.996208	0.0853836	-0.0928696	-0.0834807	0.992172	10.4958	-8.49771	82.9372	
0.993355	-0.0261955	0.112069	0.0173293	0.996695	0.0793683	-0.113778	-0.0768988	0.990526	10.405	-8.56822	83.8089	
0.990731	-0.0277504	0.132976	0.018083	0.997141	0.0733643	-0.134632	-0.0702797	0.9884	10.2958	-8.63293	84.679	
0.987666	-0.0291651	0.153833	0.018963	0.997548	0.0673747	-0.15542	-0.0636266	0.985797	10.1683	-8.69181	85.547	
