1	0	0	0	1	0	0	0	1	0	0	0	
0.999992	-1.272e-06	-0.00390736	-1.272e-06	1	-0.000651076	0.00390736	0.000651076	0.999992	0.00163498	0.000272433	0.836866	
0.999969	-5.09211e-06	-0.00781844	-5.09051e-06	0.999999	-0.00130236	0.00781844	0.00130236	0.999969	0.00654146	0.00108982	1.67372	
0.999931	-1.1466e-05	-0.0117331	-1.14596e-05	0.999998	-0.00195384	0.0117331	0.00195384	0.999929	0.0147225	0.00245233	2.51055	
0.999878	-2.0399e-05	-0.0156513	-2.0383e-05	0.999997	-0.0026055	0.0156513	0.0026055	0.999874	0.0261811	0.00436012	3.34733	
0.999808	-3.18966e-05	-0.0195729	-3.18646e-05	0.999995	-0.0032573	0.0195729	0.0032573	0.999803	0.0409202	0.00681332	4.18407	
0.999724	-4.59639e-05	-0.0234978	-4.59078e-05	0.999992	-0.00390925	0.0234978	0.00390925	0.999716	0.0589425	0.00981205	5.02074	
0.999624	-6.26058e-05	-0.0274258	-6.25159e-05	0.99999	-0.0045613	0.0274258	0.0045613	0.999613	0.0802507	0.0133564	5.85733	
0.999508	-8.18271e-05	-0.0313569	-8.16922e-05	0.999986	-0.00521346	0.0313569	0.00521346	0.999495	0.104847	0.0174465	6.69382	
0.999377	-0.000103633	-0.035291	-0.00010344	0.999983	-0.00586569	0.035291	0.00586569	0.99936	0.132735	0.0220824	7.53021	
0.99923	-0.000128026	-0.0392279	-0.000127761	0.999979	-0.00651798	0.0392279	0.00651798	0.999209	0.163917	0.0272642	8.36649	
0.999068	-0.000155013	-0.0431675	-0.000154659	0.999974	-0.00717032	0.0431675	0.00717031	0.999042	0.198394	0.0329918	9.20262	
0.99889	-0.000184597	-0.0471097	-0.000184136	0.999969	-0.00782267	0.0471097	0.00782266	0.998859	0.236169	0.0392654	10.0386	
0.998696	-0.000216782	-0.0510544	-0.000216195	0.999964	-0.00847502	0.0510544	0.00847501	0.99866	0.277244	0.0460849	10.8744	
0.998486	-0.000251571	-0.0550015	-0.000250837	0.999958	-0.00912736	0.0550015	0.00912734	0.998445	0.321622	0.0534504	11.7101	
0.998261	-0.00028897	-0.0589509	-0.000288065	0.999952	-0.00977966	0.0589509	0.00977964	0.998213	0.369303	0.0613617	12.5456	
0.99802	-0.00032898	-0.0629025	-0.000327881	0.999946	-0.0104319	0.0629025	0.0104319	0.997965	0.420291	0.0698189	13.3808	
0.997763	-0.000371605	-0.0668561	-0.000370285	0.999939	-0.0110841	0.0668561	0.011084	0.997701	0.474586	0.0788219	14.2159	
0.99749	-0.000416849	-0.0708117	-0.00041528	0.999931	-0.0117362	0.0708117	0.0117361	0.997421	0.532191	0.0883707	15.0507	
0.997201	-0.000464714	-0.0747691	-0.000462867	0.999923	-0.0123881	0.0747691	0.0123881	0.997124	0.593107	0.0984651	15.8853	
0.996896	-0.000515203	-0.0787282	-0.000513048	0.999915	-0.01304	0.0787282	0.0130399	0.996811	0.657336	0.109105	16.7197	
0.996575	-0.00056832	-0.082689	-0.000565822	0.999906	-0.0136917	0.082689	0.0136916	0.996481	0.724879	0.12029	17.5537	
0.996239	-0.000624066	-0.0866512	-0.000621192	0.999897	-0.0143432	0.0866512	0.0143431	0.996135	0.795737	0.132021	18.3875	
0.995886	-0.000682444	-0.0906149	-0.000679157	0.999887	-0.0149946	0.0906149	0.0149944	0.995773	0.869911	0.144297	19.221	
0.995517	-0.000743456	-0.0945798	-0.000739718	0.999877	-0.0156457	0.0945798	0.0156455	0.995394	0.947403	0.157118	20.0542	
0.995132	-0.000807104	-0.0985459	-0.000802877	0.999867	-0.0162966	0.0985459	0.0162964	0.994999	1.02821	0.170483	20.887	
0.994731	-0.000873391	-0.102513	-0.000868632	0.999856	-0.0169473	0.102513	0.0169471	0.994587	1.11234	0.184394	21.7195	
0.994314	-0.000942317	-0.106481	-0.000936983	0.999845	-0.0175977	0.106481	0.0175974	0.994159	1.19979	0.198848	22.5517	
0.993881	-0.00101388	-0.11045	-0.00100793	0.999833	-0.0182479	0.11045	0.0182475	0.993714	1.29057	0.213847	23.3835	
0.993432	-0.00108809	-0.11442	-0.00108148	0.999821	-0.0188977	0.11442	0.0188973	0.993253	1.38466	0.22939	24.2149	
0.992966	-0.00116495	-0.11839	-0.00115762	0.999808	-0.0195473	0.11839	0.0195468	0.992775	1.48208	0.245476	25.0459	
0.992485	-0.00124445	-0.122361	-0.00123636	0.999795	-0.0201965	0.122361	0.020196	0.99228	1.58281	0.262106	25.8765	
0.991987	-0.0013266	-0.126332	-0.00131769	0.999782	-0.0208453	0.126332	0.0208448	0.991769	1.68688	0.279279	26.7067	
0.991473	-0.00141139	-0.130304	-0.00140161	0.999768	-0.0214938	0.130304	0.0214932	0.991241	1.79426	0.296994	27.5365	
0.990943	-0.00149883	-0.134275	-0.00148813	0.999754	-0.0221419	0.134276	0.0221412	0.990697	1.90497	0.315253	28.3658	
0.990396	-0.00158892	-0.138247	-0.00157724	0.999739	-0.0227896	0.138247	0.0227888	0.990136	2.019	0.334053	29.1946	
0.989834	-0.00168166	-0.142219	-0.00166895	0.999724	-0.0234369	0.142219	0.023436	0.989558	2.13636	0.353395	30.023	
0.989255	-0.00177704	-0.146191	-0.00176324	0.999708	-0.0240837	0.146191	0.0240827	0.988963	2.25704	0.373278	30.8509	
0.98866	-0.00187508	-0.150162	-0.00186011	0.999692	-0.0247301	0.150162	0.024729	0.988352	2.38105	0.393703	31.6783	
0.988048	-0.00197576	-0.154133	-0.00195958	0.999676	-0.025376	0.154133	0.0253748	0.987724	2.50837	0.414668	32.5051	
0.98742	-0.0020791	-0.158103	-0.00206163	0.999659	-0.0260215	0.158103	0.0260201	0.98708	2.63902	0.436174	33.3315	
0.986776	-0.00218508	-0.162073	-0.00216625	0.999642	-0.0266664	0.162073	0.0266648	0.986418	2.773	0.458219	34.1572	
0.986116	-0.00229371	-0.166042	-0.00227346	0.999624	-0.0273108	0.166043	0.0273091	0.98574	2.91029	0.480803	34.9825	
0.985439	-0.00240498	-0.170011	-0.00238325	0.999606	-0.0279546	0.170011	0.0279527	0.985046	3.05091	0.503927	35.8071	
0.984746	-0.0025189	-0.173978	-0.00249561	0.999588	-0.0285979	0.173979	0.0285958	0.984334	3.19485	0.527589	36.6312	
0.984037	-0.00263547	-0.177945	-0.00261054	0.999569	-0.0292406	0.177945	0.0292383	0.983606	3.3421	0.551788	37.4546	
0.983311	-0.00275468	-0.18191	-0.00272804	0.99955	-0.0298827	0.18191	0.0298802	0.982861	3.49268	0.576526	38.2775	
0.982569	-0.00287654	-0.185874	-0.00284811	0.99953	-0.0305242	0.185875	0.0305215	0.982099	3.64657	0.6018	39.0997	
0.981811	-0.00300103	-0.189837	-0.00297074	0.99951	-0.031165	0.189837	0.0311621	0.981321	3.80378	0.627611	39.9212	
0.981036	-0.00312817	-0.193798	-0.00309593	0.999489	-0.0318052	0.193799	0.0318021	0.980526	3.96431	0.653957	40.7421	
0.980245	-0.00325794	-0.197758	-0.00322368	0.999468	-0.0324448	0.197758	0.0324413	0.979714	4.12815	0.680839	41.5624	
0.979438	-0.00339035	-0.201716	-0.00335398	0.999447	-0.0330836	0.201717	0.0330799	0.978885	4.29531	0.708255	42.3819	
0.978615	-0.00352539	-0.205672	-0.00348683	0.999425	-0.0337218	0.205673	0.0337178	0.97804	4.46577	0.736205	43.2008	
0.977775	-0.00366307	-0.209627	-0.00362223	0.999403	-0.0343592	0.209627	0.0343549	0.977178	4.63955	0.764689	44.0189	
0.976918	-0.00380337	-0.213579	-0.00376017	0.99938	-0.0349959	0.21358	0.0349912	0.976299	4.81663	0.793706	44.8363	
0.976046	-0.00394631	-0.217529	-0.00390064	0.999357	-0.0356319	0.21753	0.0356268	0.975403	4.99702	0.823255	45.653	
0.975157	-0.00409186	-0.221477	-0.00404365	0.999334	-0.0362671	0.221478	0.0362617	0.974491	5.18072	0.853336	46.4689	
0.974252	-0.00424004	-0.225423	-0.00418919	0.99931	-0.0369015	0.225424	0.0368957	0.973562	5.36772	0.883948	47.284	
0.972623	-0.00450364	-0.232343	-0.00426844	0.999297	-0.0372382	0.232348	0.0372105	0.971921	5.55927	0.914956	48.0981	
0.970946	-0.00476953	-0.239253	-0.00435058	0.999284	-0.0375765	0.239261	0.0375256	0.97023	5.75661	0.946229	48.9107	
0.969218	-0.00503772	-0.246152	-0.00443562	0.999271	-0.0379162	0.246163	0.0378409	0.968489	5.95973	0.977765	49.7219	
0.967441	-0.00530821	-0.25304	-0.00452357	0.999258	-0.0382571	0.253055	0.0381561	0.966699	6.16862	1.00956	50.5317	
0.965615	-0.005581	-0.259916	-0.00461443	0.999244	-0.0385992	0.259935	0.0384714	0.96486	6.38327	1.04163	51.3399	
0.96374	-0.00585607	-0.26678	-0.00470821	0.99923	-0.0389424	0.266802	0.0387864	0.96297	6.60368	1.07396	52.1466	
0.961815	-0.00613343	-0.273631	-0.0048049	0.999216	-0.0392866	0.273658	0.0391013	0.961032	6.82982	1.10655	52.9517	
0.959841	-0.00641308	-0.28047	-0.0049045	0.999202	-0.0396317	0.2805	0.0394158	0.959044	7.0617	1.1394	53.7551	
0.957819	-0.00669501	-0.287295	-0.005007	0.999188	-0.0399776	0.287329	0.0397298	0.957008	7.2993	1.17252	54.5569	
0.955747	-0.00697921	-0.294106	-0.00511241	0.999174	-0.0403242	0.294145	0.0400434	0.954922	7.54261	1.2059	55.3569	
0.953627	-0.00726567	-0.300904	-0.00522072	0.999159	-0.0406714	0.300946	0.0403563	0.952787	7.79162	1.23954	56.1551	
0.951458	-0.0075544	-0.307686	-0.00533191	0.999144	-0.0410191	0.307733	0.0406685	0.950603	8.04631	1.27344	56.9516	
0.94924	-0.00784538	-0.314454	-0.00544598	0.999129	-0.0413673	0.314505	0.04098	0.948371	8.30668	1.30761	57.7462	
0.946974	-0.0081386	-0.321206	-0.00556291	0.999114	-0.0417157	0.321261	0.0412905	0.94609	8.57271	1.34203	58.5389	
0.94466	-0.00843406	-0.327942	-0.0056827	0.999099	-0.0420644	0.328001	0.0416001	0.943761	8.84438	1.37672	59.3297	
0.942298	-0.00873174	-0.334662	-0.00580532	0.999083	-0.0424132	0.334726	0.0419086	0.941383	9.12169	1.41166	60.1185	
0.939887	-0.00903164	-0.341365	-0.00593075	0.999068	-0.042762	0.341433	0.042216	0.938957	9.40462	1.44686	60.9053	
0.937429	-0.00933374	-0.348051	-0.00605899	0.999052	-0.0431108	0.348124	0.0425221	0.936484	9.69316	1.48232	61.69	
0.934923	-0.00963803	-0.35472	-0.00619	0.999036	-0.0434594	0.354797	0.0428269	0.933962	9.98728	1.51803	62.4727	
0.932369	-0.00994449	-0.361371	-0.00632377	0.99902	-0.0438078	0.361452	0.0431302	0.931393	10.287	1.554	63.2532	
0.929768	-0.0102531	-0.368003	-0.00646028	0.999004	-0.0441558	0.368089	0.0434321	0.928776	10.5923	1.59022	64.0316	
0.92712	-0.0105639	-0.374616	-0.00659948	0.998987	-0.0445034	0.374707	0.0437323	0.926111	10.9031	1.62669	64.8077	
0.924424	-0.0108768	-0.381211	-0.00674137	0.998971	-0.0448506	0.381306	0.0440308	0.9234	11.2194	1.66342	65.5816	
0.921682	-0.0111919	-0.387786	-0.00688591	0.998954	-0.0451971	0.387886	0.0443276	0.920641	11.5413	1.70039	66.3533	
0.918892	-0.011509	-0.39434	-0.00703307	0.998938	-0.0455429	0.394446	0.0446224	0.917835	11.8686	1.73761	67.1225	
0.916056	-0.0118282	-0.400875	-0.00718282	0.998921	-0.0458879	0.400985	0.0449154	0.914983	12.2015	1.77508	67.8895	
0.913174	-0.0121495	-0.407389	-0.00733512	0.998904	-0.0462321	0.407504	0.0452062	0.912084	12.5398	1.81279	68.654	
0.910245	-0.0124729	-0.413881	-0.00748994	0.998887	-0.0465754	0.414001	0.0454949	0.909139	12.8835	1.85074	69.416	
0.907271	-0.0127982	-0.420352	-0.00764725	0.998869	-0.0469175	0.420478	0.0457814	0.906147	13.2327	1.88893	70.1756	
0.898312	-0.0137301	-0.439144	-0.00684917	0.998953	-0.0452435	0.439305	0.0436506	0.897277	13.5925	1.92635	70.9303	
0.888963	-0.0146174	-0.457747	-0.00601632	0.999032	-0.0435864	0.45794	0.0415006	0.888014	13.9679	1.96199	71.6773	
0.879227	-0.0154597	-0.476152	-0.00514906	0.999107	-0.0419468	0.476375	0.0393325	0.878362	14.3589	1.99581	72.4165	
0.869109	-0.0162566	-0.494353	-0.00424777	0.999178	-0.0403255	0.494602	0.0371471	0.868326	14.7652	2.02781	73.1474	
0.858614	-0.0170078	-0.51234	-0.00331284	0.999244	-0.0387231	0.512611	0.0349455	0.857909	15.1867	2.05798	73.8697	
0.847746	-0.017713	-0.530106	-0.00234469	0.999307	-0.0371404	0.530397	0.0327286	0.847117	15.6231	2.0863	74.5832	
0.83651	-0.0183718	-0.547644	-0.00134373	0.999366	-0.0355782	0.54795	0.0304974	0.835955	16.0743	2.11276	75.2874	
0.82491	-0.0189839	-0.564945	-0.000310414	0.999421	-0.034037	0.565264	0.0282528	0.824426	16.5402	2.13734	75.9822	
0.812952	-0.0195492	-0.582002	0.000754818	0.999471	-0.0325175	0.58233	0.0259958	0.812537	17.0204	2.16004	76.6672	
0.800641	-0.0200673	-0.598808	0.0018515	0.999517	-0.0310204	0.599141	0.0237275	0.800292	17.5148	2.18085	77.3421	
0.787983	-0.0205381	-0.615355	0.00297914	0.999559	-0.0295464	0.61569	0.0214488	0.787696	18.0231	2.19975	78.0066	
0.774982	-0.0209612	-0.631635	0.00413725	0.999597	-0.0280961	0.631969	0.0191607	0.774756	18.5452	2.21674	78.6604	
0.761645	-0.0213366	-0.647643	0.00532534	0.99963	-0.0266701	0.647972	0.0168642	0.761477	19.0808	2.23182	79.3032	
