1	0	0	0	1	0	0	0	1	0	0	0	
0.999999	-4.36523e-06	-0.00160286	-4.36523e-06	0.999985	-0.00544676	0.00160286	0.00544676	0.999984	0.000849194	0.00288569	1.05959	
0.999995	-1.74625e-05	-0.00320572	-1.74648e-05	0.999941	-0.010895	0.00320572	0.010895	0.999936	0.00339678	0.0115435	2.11915	
0.999988	-3.92944e-05	-0.00480851	-3.93038e-05	0.999866	-0.0163444	0.00480851	0.0163444	0.999855	0.00764271	0.025975	3.17863	
0.999979	-6.98629e-05	-0.00641118	-6.98864e-05	0.999762	-0.0217949	0.00641118	0.0217949	0.999742	0.0135869	0.0461812	4.23802	
0.999968	-0.00010917	-0.00801366	-0.000109217	0.999629	-0.0272463	0.00801366	0.0272463	0.999597	0.0212292	0.0721632	5.29727	
0.999954	-0.000157216	-0.00961589	-0.000157298	0.999465	-0.0326982	0.00961589	0.0326982	0.999419	0.0305693	0.103922	6.35634	
0.999937	-0.000214001	-0.0112178	-0.000214133	0.999272	-0.0381505	0.0112178	0.0381505	0.999209	0.041607	0.141457	7.41522	
0.999918	-0.000279527	-0.0128193	-0.000279724	0.999049	-0.043603	0.0128193	0.043603	0.998967	0.0543418	0.18477	8.47385	
0.999896	-0.000353791	-0.0144204	-0.000354073	0.998796	-0.0490555	0.0144204	0.0490555	0.998692	0.0687734	0.233861	9.53221	
0.999872	-0.000436794	-0.016021	-0.000437181	0.998513	-0.0545077	0.016021	0.0545077	0.998385	0.0849013	0.288728	10.5903	
0.999845	-0.000528533	-0.0176211	-0.000529049	0.998201	-0.0599595	0.017621	0.0599595	0.998045	0.102725	0.349373	11.648	
0.999815	-0.000629007	-0.0192205	-0.000629678	0.997858	-0.0654106	0.0192204	0.0654106	0.997673	0.122243	0.415794	12.7053	
0.999783	-0.000738212	-0.0208192	-0.000739067	0.997486	-0.0708608	0.0208191	0.0708608	0.997269	0.143456	0.487991	13.7622	
0.999748	-0.000856147	-0.0224171	-0.000857216	0.997084	-0.0763099	0.0224171	0.07631	0.996832	0.166363	0.565962	14.8187	
0.999711	-0.000982807	-0.0240143	-0.000984123	0.996652	-0.0817578	0.0240142	0.0817578	0.996363	0.190962	0.649706	15.8747	
0.999671	-0.00111819	-0.0256106	-0.00111979	0.99619	-0.0872041	0.0256105	0.0872041	0.995861	0.217253	0.739222	16.9302	
0.999629	-0.00126229	-0.0272059	-0.0012642	0.995698	-0.0926487	0.0272058	0.0926487	0.995327	0.245235	0.834508	17.9851	
0.999584	-0.0014151	-0.0288003	-0.00141737	0.995176	-0.0980913	0.0288001	0.0980913	0.994761	0.274907	0.935562	19.0394	
0.999537	-0.00157661	-0.0303935	-0.00157929	0.994625	-0.103532	0.0303934	0.103532	0.994162	0.306268	1.04238	20.0932	
0.999487	-0.00174683	-0.0319857	-0.00174995	0.994044	-0.10897	0.0319855	0.10897	0.99353	0.339316	1.15496	21.1462	
0.999434	-0.00192574	-0.0335767	-0.00192936	0.993432	-0.114405	0.0335765	0.114406	0.992867	0.374051	1.27331	22.1986	
0.999379	-0.00211334	-0.0351664	-0.0021175	0.992791	-0.119838	0.0351662	0.119838	0.99217	0.410471	1.39741	23.2503	
0.999322	-0.00230961	-0.0367548	-0.00231437	0.99212	-0.125268	0.0367545	0.125268	0.991442	0.448574	1.52727	24.3012	
0.999262	-0.00251456	-0.0383419	-0.00251996	0.991419	-0.130695	0.0383416	0.130695	0.990681	0.48836	1.66288	25.3514	
0.999199	-0.00272817	-0.0399276	-0.00273427	0.990689	-0.136118	0.0399271	0.136118	0.989888	0.529827	1.80423	26.4007	
0.999134	-0.00295043	-0.0415117	-0.0029573	0.989929	-0.141537	0.0415112	0.141537	0.989062	0.572973	1.95134	27.4491	
0.999066	-0.00318134	-0.0430943	-0.00318903	0.989138	-0.146953	0.0430937	0.146953	0.988204	0.617797	2.10418	28.4967	
0.998996	-0.00342088	-0.0446753	-0.00342946	0.988318	-0.152365	0.0446746	0.152365	0.987314	0.664296	2.26276	29.5433	
0.998923	-0.00366905	-0.0462546	-0.00367858	0.987469	-0.157772	0.0462539	0.157772	0.986392	0.71247	2.42707	30.589	
0.998848	-0.00392582	-0.0478322	-0.00393638	0.986589	-0.163175	0.0478313	0.163175	0.985437	0.762316	2.59711	31.6336	
0.99877	-0.00419121	-0.049408	-0.00420285	0.98568	-0.168573	0.049407	0.168573	0.98445	0.813833	2.77287	32.6773	
0.99869	-0.00446518	-0.050982	-0.00447798	0.984741	-0.173967	0.0509808	0.173967	0.983431	0.867019	2.95434	33.7199	
0.998607	-0.00474772	-0.052554	-0.00476176	0.983773	-0.179355	0.0525527	0.179355	0.98238	0.921871	3.14153	34.7613	
0.998522	-0.00503884	-0.0541241	-0.00505419	0.982775	-0.184738	0.0541226	0.184738	0.981296	0.978387	3.33443	35.8017	
0.998434	-0.0053385	-0.0556921	-0.00535525	0.981747	-0.190115	0.0556905	0.190116	0.980181	1.03657	3.53303	36.8409	
0.998343	-0.0056467	-0.0572581	-0.00566492	0.98069	-0.195487	0.0572563	0.195488	0.979033	1.09641	3.73732	37.8789	
0.998251	-0.00596343	-0.0588219	-0.00598321	0.979603	-0.200853	0.0588198	0.200853	0.977854	1.1579	3.9473	38.9156	
0.998155	-0.00628867	-0.0603834	-0.00631009	0.978487	-0.206213	0.0603812	0.206213	0.976642	1.22106	4.16296	39.9511	
0.998058	-0.0066224	-0.0619428	-0.00664555	0.977341	-0.211566	0.0619403	0.211567	0.975399	1.28586	4.3843	40.9853	
0.997958	-0.0069646	-0.0634998	-0.00698958	0.976166	-0.216913	0.063497	0.216914	0.974124	1.35232	4.61131	42.0182	
0.997855	-0.00731527	-0.0650544	-0.00734216	0.974961	-0.222253	0.0650513	0.222254	0.972816	1.42042	4.84398	43.0497	
0.99775	-0.00767439	-0.0666065	-0.00770328	0.973728	-0.227586	0.0666032	0.227587	0.971477	1.49017	5.08231	44.0797	
0.997642	-0.00804194	-0.0681562	-0.00807293	0.972464	-0.232912	0.0681525	0.232913	0.970107	1.56157	5.32628	45.1084	
0.997532	-0.00841789	-0.0697033	-0.00845109	0.971172	-0.238231	0.0696993	0.238232	0.968704	1.6346	5.57589	46.1356	
0.99742	-0.00880224	-0.0712478	-0.00883775	0.96985	-0.243542	0.0712434	0.243543	0.96727	1.70927	5.83114	47.1613	
0.997305	-0.00919497	-0.0727896	-0.00923288	0.968499	-0.248845	0.0727848	0.248846	0.965804	1.78558	6.092	48.1854	
0.997188	-0.00959605	-0.0743287	-0.00963647	0.967119	-0.25414	0.0743234	0.254142	0.964307	1.86352	6.35849	49.208	
0.997068	-0.0100055	-0.0758649	-0.0100485	0.96571	-0.259427	0.0758593	0.259429	0.962778	1.94308	6.63058	50.2289	
0.996946	-0.0104232	-0.0773984	-0.010469	0.964272	-0.264706	0.0773922	0.264708	0.961218	2.02427	6.90826	51.2483	
0.996821	-0.0108492	-0.0789289	-0.0108979	0.962805	-0.269976	0.0789222	0.269978	0.959627	2.10709	7.19154	52.2659	
0.996694	-0.0112836	-0.0804564	-0.0113351	0.961309	-0.275238	0.0804492	0.27524	0.958004	2.19152	7.4804	53.2819	
0.996565	-0.0117261	-0.081981	-0.0117808	0.959785	-0.28049	0.0819731	0.280492	0.95635	2.27758	7.77482	54.2961	
0.996433	-0.0121769	-0.0835024	-0.0122348	0.958231	-0.285733	0.083494	0.285736	0.954664	2.36524	8.07481	55.3086	
0.996299	-0.0126359	-0.0850207	-0.0126971	0.956649	-0.290967	0.0850116	0.29097	0.952948	2.45451	8.38035	56.3192	
0.996163	-0.0131031	-0.0865359	-0.0131677	0.955038	-0.296191	0.0865261	0.296194	0.9512	2.5454	8.69143	57.328	
0.996024	-0.0135785	-0.0880478	-0.0136466	0.953398	-0.301406	0.0880372	0.301409	0.949422	2.63788	9.00804	58.335	
0.995882	-0.014062	-0.0895563	-0.0141338	0.95173	-0.30661	0.089545	0.306614	0.947613	2.73196	9.33017	59.34	
0.995739	-0.0145537	-0.0910615	-0.0146293	0.950034	-0.311805	0.0910494	0.311808	0.945773	2.82764	9.65781	60.3431	
0.995593	-0.0150534	-0.0925633	-0.0151329	0.948309	-0.316989	0.0925504	0.316992	0.943902	2.92491	9.99095	61.3443	
0.995445	-0.0155612	-0.0940617	-0.0156448	0.946555	-0.322162	0.0940478	0.322166	0.942	3.02377	10.3296	62.3434	
0.995294	-0.0160771	-0.0955565	-0.0161649	0.944774	-0.327325	0.0955417	0.327329	0.940068	3.12422	10.6737	63.3406	
0.995141	-0.0166009	-0.0970477	-0.0166931	0.942964	-0.332476	0.0970319	0.332481	0.938105	3.22624	11.0232	64.3356	
0.994986	-0.0171328	-0.0985353	-0.0172294	0.941126	-0.337617	0.0985184	0.337622	0.936112	3.32984	11.3783	65.3286	
0.994829	-0.0176726	-0.100019	-0.0177739	0.93926	-0.342746	0.100001	0.342751	0.934089	3.43502	11.7387	66.3194	
0.994669	-0.0182204	-0.101499	-0.0183264	0.937366	-0.347863	0.10148	0.347869	0.932035	3.54176	12.1046	67.3081	
0.9949	-0.0174116	-0.0993507	-0.0188892	0.935399	-0.353089	0.0990804	0.353165	0.9303	3.64802	12.476	68.2947	
0.995126	-0.0165905	-0.0972059	-0.0194385	0.933402	-0.358305	0.0966766	0.358448	0.92853	3.75173	12.853	69.2796	
0.997336	-0.00708491	-0.0725954	-0.0195113	0.933089	-0.359115	0.0702823	0.359575	0.930465	3.84019	13.2335	70.2645	
0.998847	0.00244718	-0.0479424	-0.019561	0.932775	-0.359927	0.0438387	0.36045	0.931748	3.90066	13.615	71.2512	
0.999657	0.0119991	-0.0232641	-0.0195877	0.932461	-0.36074	0.0173644	0.361072	0.932376	3.93308	13.9972	72.2388	
0.999766	0.0215641	0.00142215	-0.0195913	0.932146	-0.361552	-0.0091222	0.36144	0.932351	3.93745	14.38	73.2268	
0.999174	0.0311355	0.0260991	-0.0195718	0.931831	-0.362365	-0.0356023	0.361555	0.931671	3.91375	14.7631	74.2144	
0.997881	0.0407066	0.0507494	-0.0195292	0.931516	-0.363176	-0.0620575	0.361416	0.930337	3.86201	15.1462	75.201	
0.995889	0.0502706	0.0753557	-0.0194636	0.931201	-0.363986	-0.0884691	0.361023	0.928351	3.78226	15.5289	76.1858	
0.993198	0.0598209	0.0999009	-0.019375	0.930887	-0.364794	-0.114819	0.360377	0.925713	3.67455	15.9111	77.1681	
0.98981	0.0693508	0.124368	-0.0192635	0.930573	-0.3656	-0.141088	0.359478	0.922426	3.53896	16.2925	78.1473	
0.985728	0.0788535	0.148739	-0.0191291	0.93026	-0.366402	-0.167258	0.358327	0.918491	3.37559	16.6729	79.1227	
0.980954	0.0883224	0.172997	-0.0189719	0.929948	-0.367201	-0.19331	0.356925	0.913912	3.18455	17.0518	80.0935	
0.975493	0.0977508	0.197126	-0.0187921	0.929638	-0.367995	-0.219227	0.355272	0.908692	2.96598	17.4292	81.0592	
0.969347	0.107132	0.221108	-0.0185898	0.929329	-0.368785	-0.24499	0.35337	0.902834	2.72002	17.8046	82.019	
0.962522	0.11646	0.244926	-0.0183651	0.929022	-0.369569	-0.270582	0.35122	0.896343	2.44686	18.1779	82.9722	
0.955021	0.125728	0.268564	-0.0181182	0.928717	-0.370347	-0.295983	0.348823	0.889222	2.14668	18.5488	83.9183	
0.946851	0.134928	0.292006	-0.0178492	0.928414	-0.371119	-0.321177	0.346182	0.881478	1.81969	18.9171	84.8565	
0.938017	0.144056	0.315234	-0.0175584	0.928113	-0.371883	-0.346145	0.343298	0.873115	1.46612	19.2824	85.7861	
0.928524	0.153104	0.338233	-0.0172459	0.927815	-0.372641	-0.370871	0.340173	0.86414	1.08623	19.6445	86.7065	
0.918381	0.162067	0.360986	-0.0169119	0.92752	-0.37339	-0.395336	0.336809	0.854558	0.680267	20.0032	87.6172	
0.907593	0.170937	0.383477	-0.0165568	0.927228	-0.37413	-0.419524	0.333209	0.844377	0.248531	20.3582	88.5173	
0.896169	0.179708	0.405691	-0.0161807	0.92694	-0.374861	-0.443417	0.329375	0.833603	-0.20868	20.7092	89.4063	
0.884117	0.188375	0.427612	-0.0157839	0.926654	-0.375583	-0.467	0.32531	0.822244	-0.691046	21.0561	90.2837	
0.871444	0.196932	0.449225	-0.0153667	0.926373	-0.376295	-0.490254	0.321017	0.810308	-1.19823	21.3985	91.1486	
0.85816	0.205372	0.470514	-0.0149294	0.926095	-0.376996	-0.513165	0.316498	0.797804	-1.72987	21.7363	92.0007	
0.844275	0.213689	0.491465	-0.0144722	0.925821	-0.377685	-0.535715	0.311757	0.78474	-2.28559	22.0692	92.8391	
0.829797	0.221878	0.512062	-0.0139956	0.925551	-0.378363	-0.55789	0.306798	0.771125	-2.86502	22.3969	93.6635	
0.814737	0.229932	0.532292	-0.0134998	0.925286	-0.379029	-0.579673	0.301623	0.756969	-3.46773	22.7193	94.4731	
0.799106	0.237847	0.55214	-0.0129852	0.925026	-0.379683	-0.60105	0.296237	0.742282	-4.09331	23.036	95.2674	
0.782915	0.245616	0.571592	-0.0124522	0.92477	-0.380323	-0.622005	0.290643	0.727074	-4.74132	23.347	96.046	
0.766174	0.253235	0.590635	-0.011901	0.924519	-0.38095	-0.642523	0.284845	0.711356	-5.41131	23.6519	96.8081	
0.748896	0.260697	0.609255	-0.0113322	0.924273	-0.381563	-0.66259	0.278847	0.695139	-6.10279	23.9506	97.5533	
0.731093	0.267999	0.627439	-0.0107461	0.924033	-0.382162	-0.682193	0.272653	0.678434	-6.8153	24.2428	98.281	
