1	0	0	0	1	0	0	0	1	0	0	0	
1	-1.35692e-08	1.16123e-05	-1.35692e-08	0.999997	0.00233704	-1.16123e-05	-0.00233704	0.999997	-4.90005e-06	-0.000986159	0.843939	
1	-5.35777e-08	2.30189e-05	-5.41033e-08	0.999989	0.00467792	-2.30189e-05	-0.00467792	0.999989	-1.95134e-05	-0.00394626	1.68787	
1	-1.191e-07	3.42186e-05	-1.21205e-07	0.999975	0.00702257	-3.42185e-05	-0.00702257	0.999975	-4.36658e-05	-0.00888352	2.5318	
1	-2.09199e-07	4.52103e-05	-2.14472e-07	0.999956	0.00937092	-4.52103e-05	-0.00937092	0.999956	-7.71824e-05	-0.0158011	3.37571	
1	-3.2293e-07	5.5993e-05	-3.33492e-07	0.999931	0.0117229	-5.59929e-05	-0.0117229	0.999931	-0.000119887	-0.024702	4.2196	
1	-4.59335e-07	6.65656e-05	-4.77847e-07	0.999901	0.0140784	-6.65655e-05	-0.0140784	0.999901	-0.000171603	-0.0355894	5.06347	
1	-6.17448e-07	7.69272e-05	-6.47113e-07	0.999865	0.0164373	-7.69269e-05	-0.0164373	0.999865	-0.000232152	-0.0484661	5.90731	
1	-7.96295e-07	8.70766e-05	-8.40858e-07	0.999823	0.0187997	-8.70762e-05	-0.0187997	0.999823	-0.000301357	-0.0633351	6.75112	
1	-9.94888e-07	9.7013e-05	-1.05865e-06	0.999776	0.0211653	-9.70123e-05	-0.0211653	0.999776	-0.000379037	-0.0801991	7.59489	
1	-1.21224e-06	0.000106735	-1.30003e-06	0.999723	0.0235342	-0.000106734	-0.0235342	0.999723	-0.000465012	-0.0990609	8.43862	
1	-1.44733e-06	0.000116243	-1.56456e-06	0.999664	0.0259062	-0.000116241	-0.0259062	0.999664	-0.000559101	-0.119923	9.2823	
1	-1.69917e-06	0.000125534	-1.85178e-06	0.9996	0.0282813	-0.000125532	-0.0282813	0.9996	-0.000661122	-0.142789	10.1259	
1	-1.96672e-06	0.000134609	-2.16123e-06	0.99953	0.0306593	-0.000134606	-0.0306593	0.99953	-0.000770892	-0.16766	10.9695	
1	-2.24896e-06	0.000143466	-2.49244e-06	0.999454	0.0330403	-0.000143462	-0.0330403	0.999454	-0.000888229	-0.194539	11.813	
1	-2.54486e-06	0.000152105	-2.84493e-06	0.999372	0.0354241	-0.0001521	-0.0354241	0.999372	-0.00101295	-0.223429	12.6565	
1	-2.85336e-06	0.000160524	-3.21822e-06	0.999285	0.0378107	-0.000160518	-0.0378107	0.999285	-0.00114486	-0.254332	13.4998	
1	-3.17343e-06	0.000168724	-3.61183e-06	0.999192	0.0402	-0.000168715	-0.0402	0.999192	-0.00128379	-0.28725	14.3431	
1	-3.50399e-06	0.000176702	-4.02526e-06	0.999093	0.0425918	-0.000176691	-0.0425918	0.999093	-0.00142954	-0.322186	15.1863	
1	-3.84398e-06	0.000184459	-4.45802e-06	0.998988	0.0449861	-0.000184445	-0.0449861	0.998988	-0.00158193	-0.359141	16.0295	
1	-4.19233e-06	0.000191994	-4.9096e-06	0.998877	0.0473829	-0.000191977	-0.0473829	0.998877	-0.00174077	-0.398118	16.8725	
1	-4.54796e-06	0.000199305	-5.37951e-06	0.99876	0.0497821	-0.000199284	-0.0497821	0.99876	-0.00190587	-0.439119	17.7155	
1	-4.90978e-06	0.000206393	-5.86722e-06	0.998638	0.0521835	-0.000206368	-0.0521835	0.998637	-0.00207704	-0.482145	18.5583	
1	-5.2767e-06	0.000213256	-6.37221e-06	0.998509	0.0545872	-0.000213226	-0.0545872	0.998509	-0.0022541	-0.527199	19.401	
1	-5.64763e-06	0.000219894	-6.89398e-06	0.998375	0.0569929	-0.000219859	-0.0569929	0.998375	-0.00243684	-0.574283	20.2437	
1	-6.02146e-06	0.000226307	-7.43198e-06	0.998234	0.0594007	-0.000226265	-0.0594007	0.998234	-0.0026251	-0.623397	21.0862	
1	-6.39708e-06	0.000232493	-7.98569e-06	0.998088	0.0618105	-0.000232444	-0.0618105	0.998088	-0.00281866	-0.674545	21.9286	
1	-6.77337e-06	0.000238453	-8.55457e-06	0.997936	0.0642222	-0.000238396	-0.0642222	0.997936	-0.00301734	-0.727727	22.7708	
1	-7.14923e-06	0.000244185	-9.13809e-06	0.997777	0.0666357	-0.000244119	-0.0666357	0.997777	-0.00322094	-0.782945	23.6129	
1	-7.52351e-06	0.000249689	-9.7357e-06	0.997613	0.0690508	-0.000249613	-0.0690508	0.997613	-0.00342928	-0.840201	24.4549	
1	-7.89511e-06	0.000254965	-1.03468e-05	0.997443	0.0714677	-0.000254877	-0.0714677	0.997443	-0.00364216	-0.899495	25.2968	
1	-8.26287e-06	0.000260012	-1.0971e-05	0.997267	0.0738861	-0.000259912	-0.0738861	0.997267	-0.00385939	-0.96083	26.1385	
1	-8.62568e-06	0.00026483	-1.16076e-05	0.997084	0.076306	-0.000264716	-0.076306	0.997084	-0.00408077	-1.02421	26.9801	
1	-8.98238e-06	0.000269417	-1.2256e-05	0.996896	0.0787273	-0.000269288	-0.0787273	0.996896	-0.0043061	-1.08963	27.8215	
1	-9.33184e-06	0.000273775	-1.29158e-05	0.996702	0.08115	-0.000273629	-0.08115	0.996702	-0.00453519	-1.15709	28.6627	
1	-9.6729e-06	0.000277902	-1.35863e-05	0.996502	0.0835739	-0.000277738	-0.0835739	0.996502	-0.00476785	-1.2266	29.5038	
1	-1.00044e-05	0.000281798	-1.4267e-05	0.996295	0.085999	-0.000281614	-0.085999	0.996295	-0.00500388	-1.29815	30.3447	
1	-1.03253e-05	0.000285463	-1.49573e-05	0.996083	0.0884252	-0.000285257	-0.0884252	0.996083	-0.00524309	-1.37175	31.1854	
1	-1.06342e-05	0.000288896	-1.56566e-05	0.995864	0.0908524	-0.000288667	-0.0908524	0.995864	-0.00548527	-1.4474	32.0259	
1	-1.09302e-05	0.000292097	-1.63644e-05	0.99564	0.0932805	-0.000291843	-0.0932805	0.99564	-0.00573022	-1.5251	32.8663	
1	-1.1212e-05	0.000295066	-1.708e-05	0.995409	0.0957095	-0.000294784	-0.0957095	0.995409	-0.00597776	-1.60485	33.7064	
1	-1.14785e-05	0.000297802	-1.7803e-05	0.995173	0.0981392	-0.000297491	-0.0981392	0.995173	-0.00622769	-1.68665	34.5464	
1	-1.17285e-05	0.000300306	-1.85326e-05	0.99493	0.10057	-0.000299963	-0.10057	0.99493	-0.00647979	-1.7705	35.3862	
1	-1.19609e-05	0.000302577	-1.92684e-05	0.994681	0.103001	-0.0003022	-0.103001	0.994681	-0.00673389	-1.8564	36.2257	
1	-1.21744e-05	0.000304615	-2.00097e-05	0.994426	0.105432	-0.000304201	-0.105432	0.994426	-0.00698977	-1.94435	37.0651	
1	-1.2368e-05	0.000306419	-2.0756e-05	0.994166	0.107865	-0.000305966	-0.107865	0.994166	-0.00724724	-2.03436	37.9042	
1	-1.25404e-05	0.00030799	-2.15066e-05	0.993899	0.110297	-0.000307494	-0.110297	0.993899	-0.0075061	-2.12641	38.7431	
1	-1.26905e-05	0.000309328	-2.22609e-05	0.993626	0.11273	-0.000308787	-0.11273	0.993626	-0.00776616	-2.22052	39.5818	
1	-1.28171e-05	0.000310432	-2.30184e-05	0.993347	0.115163	-0.000309843	-0.115163	0.993347	-0.0080272	-2.31669	40.4202	
1	-1.29191e-05	0.000311303	-2.37785e-05	0.993062	0.117596	-0.000310662	-0.117596	0.993061	-0.00828903	-2.41491	41.2584	
1	-1.29953e-05	0.000311939	-2.45405e-05	0.99277	0.120029	-0.000311244	-0.120029	0.99277	-0.00855146	-2.51518	42.0964	
1	-1.30445e-05	0.000312342	-2.53039e-05	0.992473	0.122463	-0.000311589	-0.122463	0.992473	-0.00881428	-2.6175	42.9341	
1	-1.30656e-05	0.000312511	-2.6068e-05	0.99217	0.124896	-0.000311696	-0.124896	0.99217	-0.00907728	-2.72188	43.7716	
1	-1.30574e-05	0.000312447	-2.68323e-05	0.991861	0.127329	-0.000311566	-0.127329	0.991861	-0.00934028	-2.82831	44.6088	
1	-1.30187e-05	0.000312149	-2.75962e-05	0.991545	0.129761	-0.000311199	-0.129761	0.991545	-0.00960307	-2.93679	45.4457	
1	-1.29484e-05	0.000311617	-2.8359e-05	0.991224	0.132194	-0.000310594	-0.132194	0.991224	-0.00986545	-3.04733	46.2824	
1	-1.28454e-05	0.000310851	-2.91201e-05	0.990897	0.134626	-0.000309751	-0.134626	0.990896	-0.0101272	-3.15992	47.1188	
1	-1.27084e-05	0.000309852	-2.9879e-05	0.990563	0.137057	-0.00030867	-0.137057	0.990563	-0.0103882	-3.27456	47.9549	
0.999999	0.000261637	-0.00167234	-2.9822e-05	0.990552	0.137139	0.00169242	-0.137139	0.99055	-0.00980427	-3.39027	48.7909	
0.999993	0.000536548	-0.00365739	-2.95929e-05	0.99054	0.137223	0.00369642	-0.137222	0.990533	-0.00753034	-3.50604	49.6268	
0.999984	0.000812011	-0.00564517	-2.91812e-05	0.990528	0.13731	0.0057032	-0.137308	0.990512	-0.00356398	-3.62188	50.4628	
0.99997	0.00108801	-0.00763555	-2.85773e-05	0.990516	0.137399	0.00771263	-0.137395	0.990486	0.0020971	-3.7378	51.2987	
0.999953	0.00136454	-0.00962839	-2.77717e-05	0.990503	0.137491	0.00972456	-0.137484	0.990456	0.00945506	-3.85379	52.1346	
0.999931	0.00164159	-0.0116236	-2.67556e-05	0.99049	0.137585	0.0117389	-0.137575	0.990422	0.018512	-3.96985	52.9704	
0.999905	0.00191913	-0.0136209	-2.55209e-05	0.990477	0.13768	0.0137555	-0.137667	0.990383	0.0292698	-4.086	53.8063	
0.999876	0.00219716	-0.0156204	-2.40597e-05	0.990463	0.137778	0.0157741	-0.137761	0.99034	0.0417304	-4.20222	54.6421	
0.999842	0.00247567	-0.0176218	-2.23649e-05	0.990449	0.137878	0.0177948	-0.137856	0.990292	0.0558955	-4.31852	55.4779	
0.999804	0.00275463	-0.019625	-2.04299e-05	0.990435	0.13798	0.0198173	-0.137953	0.990241	0.0717667	-4.43491	56.3136	
0.999761	0.00303404	-0.0216298	-1.82485e-05	0.990421	0.138084	0.0218416	-0.138051	0.990184	0.0893455	-4.55137	57.1493	
0.999715	0.00331388	-0.0236362	-1.58154e-05	0.990406	0.138189	0.0238674	-0.13815	0.990124	0.108633	-4.66792	57.9849	
0.999665	0.00359414	-0.0256441	-1.31255e-05	0.990391	0.138296	0.0258947	-0.13825	0.990059	0.129631	-4.78455	58.8205	
0.99961	0.0038748	-0.0276532	-1.01745e-05	0.990376	0.138405	0.0279233	-0.138351	0.98999	0.152341	-4.90127	59.656	
0.999551	0.00415585	-0.0296634	-6.95852e-06	0.99036	0.138515	0.0299531	-0.138453	0.989916	0.176763	-5.01807	60.4914	
0.999488	0.00443727	-0.0316747	-3.47438e-06	0.990345	0.138626	0.031984	-0.138555	0.989838	0.202899	-5.13496	61.3268	
0.999421	0.00471904	-0.0336869	2.80572e-07	0.990329	0.138739	0.0340158	-0.138659	0.989756	0.230749	-5.25194	62.1622	
0.99935	0.00500116	-0.0356998	4.30842e-06	0.990313	0.138853	0.0360484	-0.138763	0.989669	0.260314	-5.369	62.9974	
0.999275	0.0052836	-0.0377134	8.61064e-06	0.990297	0.138968	0.0380817	-0.138867	0.989579	0.291594	-5.48615	63.8326	
0.999195	0.00556635	-0.0397274	1.31881e-05	0.990281	0.139084	0.0401155	-0.138972	0.989483	0.324591	-5.60339	64.6677	
0.999111	0.0058494	-0.0417418	1.80412e-05	0.990264	0.1392	0.0421497	-0.139077	0.989384	0.359304	-5.72072	65.5027	
0.999023	0.00613272	-0.0437565	2.31697e-05	0.990248	0.139318	0.0441842	-0.139183	0.98928	0.395735	-5.83814	66.3377	
0.998931	0.00641631	-0.0457713	2.85726e-05	0.990231	0.139436	0.0462188	-0.139288	0.989173	0.433882	-5.95564	67.1725	
0.998835	0.00670013	-0.047786	3.42485e-05	0.990214	0.139555	0.0482534	-0.139394	0.989061	0.473747	-6.07324	68.0073	
0.998735	0.00698418	-0.0498006	4.01954e-05	0.990197	0.139674	0.0502879	-0.1395	0.988944	0.515328	-6.19092	68.8419	
0.99863	0.00726845	-0.0518149	4.64106e-05	0.990181	0.139794	0.0523222	-0.139605	0.988824	0.558626	-6.3087	69.6765	
0.998522	0.0075529	-0.0538288	5.2891e-05	0.990164	0.139914	0.0543561	-0.13971	0.988699	0.603641	-6.42656	70.511	
0.998409	0.00783753	-0.0558422	5.96328e-05	0.990147	0.140035	0.0563895	-0.139815	0.988571	0.650373	-6.54451	71.3453	
0.997532	0.00966363	-0.0695407	-0.000947957	0.992246	0.124288	0.0702026	-0.123915	0.989806	0.703793	-6.6558	72.1801	
0.996465	0.0112692	-0.0832533	-0.00217518	0.994091	0.108525	0.0839844	-0.107961	0.990601	0.768857	-6.75365	73.0158	
0.995206	0.0126534	-0.0969739	-0.0036215	0.995683	0.0927534	0.0977288	-0.0919576	0.990956	0.845538	-6.83801	73.852	
0.993758	0.0138158	-0.110696	-0.00528627	0.997019	0.0769794	0.11143	-0.0759137	0.990869	0.9338	-6.90885	74.6883	
0.992121	0.0147557	-0.124414	-0.00716874	0.998099	0.0612102	0.125081	-0.059836	0.990341	1.0336	-6.96614	75.5244	
0.990294	0.0154729	-0.138122	-0.00926808	0.998923	0.045453	0.138677	-0.0437317	0.989372	1.14491	-7.00984	76.3598	
0.98828	0.0159668	-0.151814	-0.0115834	0.999491	0.0297147	0.152211	-0.027608	0.987962	1.26766	-7.03994	77.1942	
0.986079	0.0162374	-0.165482	-0.0141135	0.999802	0.0140024	0.165677	-0.0114719	0.986113	1.4018	-7.05644	78.0272	
0.983692	0.0162845	-0.179122	-0.0168575	0.999856	-0.00167706	0.179069	0.00466926	0.983825	1.54728	-7.05931	78.8585	
0.98112	0.0161081	-0.192728	-0.019814	0.999654	-0.0173166	0.192382	0.0208083	0.981099	1.70402	-7.04856	79.6877	
0.978364	0.0157083	-0.206292	-0.0229818	0.999194	-0.0329092	0.205609	0.0369382	0.977937	1.87197	-7.02419	80.5144	
0.975426	0.0150852	-0.21981	-0.0263593	0.998478	-0.0484481	0.218745	0.0530516	0.974339	2.05104	-6.98621	81.3382	
0.972306	0.0142391	-0.233275	-0.0299452	0.997505	-0.0639262	0.231783	0.0691413	0.970307	2.24116	-6.93465	82.1588	
0.969007	0.0131704	-0.246681	-0.0337379	0.996277	-0.0793367	0.244718	0.0852003	0.965844	2.44224	-6.86952	82.9758	
