1	0	0	0	1	0	0	0	1	0	0	0	
0.999998	-4.09971e-06	0.00178384	-4.09971e-06	0.999989	0.00459648	-0.00178384	-0.00459648	0.999988	-0.000796873	-0.00205333	0.893431	
0.999994	-1.64016e-05	0.00356787	-1.6403e-05	0.999958	0.00919423	-0.00356787	-0.00919423	0.999951	-0.00318758	-0.00821388	1.78684	
0.999986	-3.691e-05	0.00535205	-3.69155e-05	0.999905	0.0137931	-0.00535205	-0.0137931	0.999891	-0.00717227	-0.0184827	2.68021	
0.999975	-6.56288e-05	0.00713632	-6.56426e-05	0.999831	0.018393	-0.00713632	-0.018393	0.999805	-0.0127511	-0.0328609	3.57351	
0.99996	-0.000102562	0.00892064	-0.000102589	0.999736	0.0229939	-0.00892064	-0.0229939	0.999696	-0.019924	-0.0513492	4.46672	
0.999943	-0.000147712	0.0107049	-0.00014776	0.999619	0.0275954	-0.0107049	-0.0275954	0.999562	-0.0286911	-0.0739483	5.35982	
0.999922	-0.000201082	0.0124892	-0.00020116	0.999482	0.0321976	-0.0124892	-0.0321976	0.999403	-0.0390523	-0.100659	6.2528	
0.999898	-0.000262676	0.0142733	-0.000262793	0.999323	0.0368003	-0.0142733	-0.0368003	0.999221	-0.0510076	-0.131482	7.14562	
0.999871	-0.000332495	0.0160573	-0.000332662	0.999142	0.0414034	-0.0160573	-0.0414034	0.999013	-0.0645569	-0.166417	8.03827	
0.999841	-0.000410542	0.0178411	-0.000410771	0.998941	0.0460068	-0.0178411	-0.0460068	0.998782	-0.0797	-0.205464	8.93072	
0.999807	-0.000496818	0.0196247	-0.000497124	0.998718	0.0506102	-0.0196247	-0.0506102	0.998526	-0.0964366	-0.248625	9.82295	
0.999771	-0.000591325	0.0214079	-0.000591722	0.998474	0.0552137	-0.0214079	-0.0552137	0.998245	-0.114767	-0.295898	10.7149	
0.999731	-0.000694064	0.0231908	-0.000694569	0.998209	0.059817	-0.0231908	-0.059817	0.99794	-0.13469	-0.347285	11.6067	
0.999688	-0.000805036	0.0249733	-0.000805668	0.997923	0.0644201	-0.0249732	-0.0644201	0.99761	-0.156205	-0.402784	12.4981	
0.999642	-0.000924241	0.0267553	-0.000925019	0.997615	0.0690228	-0.0267553	-0.0690228	0.997256	-0.179313	-0.462395	13.3893	
0.999592	-0.00105168	0.0285368	-0.00105262	0.997285	0.0736249	-0.0285368	-0.0736249	0.996878	-0.204013	-0.526118	14.2801	
0.99954	-0.00118735	0.0303178	-0.00118849	0.996935	0.0782265	-0.0303177	-0.0782265	0.996475	-0.230305	-0.593953	15.1705	
0.999484	-0.00133126	0.0320981	-0.0013326	0.996563	0.0828272	-0.0320981	-0.0828272	0.996047	-0.258187	-0.665899	16.0606	
0.999425	-0.0014834	0.0338779	-0.00148498	0.99617	0.087427	-0.0338778	-0.0874271	0.995595	-0.28766	-0.741954	16.9503	
0.999363	-0.00164377	0.0356569	-0.00164562	0.995755	0.0920259	-0.0356568	-0.0920259	0.995118	-0.318722	-0.822119	17.8396	
0.999297	-0.00181237	0.0374352	-0.00181451	0.995319	0.0966235	-0.0374351	-0.0966236	0.994617	-0.351373	-0.906392	18.7285	
0.999229	-0.0019892	0.0392126	-0.00199166	0.994862	0.10122	-0.0392125	-0.10122	0.994091	-0.385613	-0.994773	19.6169	
0.999157	-0.00217425	0.0409893	-0.00217707	0.994383	0.105815	-0.0409891	-0.105815	0.993541	-0.421441	-1.08726	20.5048	
0.999082	-0.00236754	0.042765	-0.00237073	0.993883	0.110408	-0.0427648	-0.110408	0.992966	-0.458855	-1.18385	21.3922	
0.999004	-0.00256904	0.0445398	-0.00257265	0.993362	0.115	-0.0445396	-0.115	0.992366	-0.497856	-1.28454	22.2791	
0.998923	-0.00277877	0.0463136	-0.00278283	0.992819	0.11959	-0.0463134	-0.11959	0.991743	-0.538441	-1.38934	23.1654	
0.998839	-0.00299671	0.0480864	-0.00300126	0.992255	0.124178	-0.0480861	-0.124178	0.991094	-0.580611	-1.49824	24.0512	
0.998751	-0.00322286	0.049858	-0.00322794	0.99167	0.128764	-0.0498577	-0.128764	0.990421	-0.624365	-1.61123	24.9364	
0.99866	-0.00345723	0.0516286	-0.00346287	0.991063	0.133348	-0.0516282	-0.133348	0.989724	-0.6697	-1.72832	25.8209	
0.998566	-0.0036998	0.0533979	-0.00370605	0.990435	0.137929	-0.0533975	-0.13793	0.989002	-0.716617	-1.8495	26.7049	
0.998469	-0.00395057	0.055166	-0.00395747	0.989786	0.142509	-0.0551655	-0.142509	0.988255	-0.765114	-1.97478	27.5881	
0.998369	-0.00420955	0.0569328	-0.00421713	0.989115	0.147085	-0.0569323	-0.147085	0.987484	-0.81519	-2.10415	28.4707	
0.998266	-0.00447671	0.0586983	-0.00448503	0.988423	0.151659	-0.0586977	-0.151659	0.986688	-0.866844	-2.2376	29.3526	
0.998159	-0.00475206	0.0604624	-0.00476116	0.987709	0.15623	-0.0604617	-0.15623	0.985868	-0.920075	-2.37514	30.2338	
0.998049	-0.0050356	0.0622251	-0.00504552	0.986974	0.160798	-0.0622243	-0.160799	0.985024	-0.974881	-2.51677	31.1142	
0.997937	-0.00532731	0.0639863	-0.00533811	0.986218	0.165363	-0.0639854	-0.165364	0.984155	-1.03126	-2.66247	31.9939	
0.997821	-0.0056272	0.065746	-0.00563892	0.985441	0.169925	-0.065745	-0.169926	0.983261	-1.08921	-2.81225	32.8728	
0.997701	-0.00593525	0.0675041	-0.00594795	0.984642	0.174484	-0.0675029	-0.174484	0.982343	-1.14874	-2.9661	33.7509	
0.997579	-0.00625146	0.0692605	-0.00626518	0.983822	0.179039	-0.0692593	-0.179039	0.981401	-1.20983	-3.12403	34.6281	
0.997454	-0.00657582	0.0710153	-0.00659063	0.982981	0.183591	-0.071014	-0.183591	0.980434	-1.27249	-3.28602	35.5045	
0.997325	-0.00690833	0.0727684	-0.00692427	0.982118	0.188139	-0.0727669	-0.188139	0.979443	-1.33672	-3.45208	36.38	
0.997193	-0.00724897	0.0745197	-0.00726611	0.981234	0.192683	-0.0745181	-0.192683	0.978427	-1.40252	-3.6222	37.2546	
0.997058	-0.00759775	0.0762692	-0.00761614	0.980329	0.197223	-0.0762674	-0.197224	0.977387	-1.46988	-3.79638	38.1283	
0.99692	-0.00795465	0.0780169	-0.00797435	0.979403	0.201759	-0.0780149	-0.20176	0.976323	-1.5388	-3.97461	39.0011	
0.996779	-0.00831966	0.0797626	-0.00834074	0.978455	0.206291	-0.0797604	-0.206292	0.975234	-1.60928	-4.1569	39.8729	
0.996635	-0.00869279	0.0815064	-0.0087153	0.977486	0.210818	-0.081504	-0.210819	0.974121	-1.68132	-4.34323	40.7437	
0.996488	-0.00907401	0.0832481	-0.00909801	0.976496	0.215342	-0.0832455	-0.215343	0.972984	-1.75492	-4.5336	41.6135	
0.996337	-0.00946332	0.0849879	-0.00948889	0.975485	0.21986	-0.084985	-0.219861	0.971822	-1.83007	-4.72801	42.4823	
0.996183	-0.00986071	0.0867255	-0.0098879	0.974453	0.224374	-0.0867224	-0.224375	0.970636	-1.90677	-4.92646	43.35	
0.996027	-0.0102662	0.088461	-0.0102951	0.973399	0.228883	-0.0884576	-0.228885	0.969426	-1.98503	-5.12894	44.2167	
0.995867	-0.0106797	0.0901942	-0.0107103	0.972325	0.233388	-0.0901906	-0.233389	0.968192	-2.06483	-5.33545	45.0822	
0.995704	-0.0111013	0.0919253	-0.0111338	0.971229	0.237887	-0.0919214	-0.237888	0.966933	-2.14619	-5.54598	45.9467	
0.995538	-0.0115309	0.0936541	-0.0115653	0.970112	0.242381	-0.0936498	-0.242382	0.96565	-2.22908	-5.76052	46.81	
0.995369	-0.0119685	0.0953805	-0.0120049	0.968974	0.246869	-0.0953759	-0.246871	0.964343	-2.31353	-5.97908	47.6722	
0.995197	-0.0124142	0.0971045	-0.0124526	0.967815	0.251353	-0.0970996	-0.251354	0.963012	-2.39951	-6.20165	48.5332	
0.995022	-0.0128679	0.0988261	-0.0129084	0.966636	0.25583	-0.0988209	-0.255832	0.961657	-2.48703	-6.42822	49.3929	
0.994843	-0.0133296	0.100545	-0.0133723	0.965435	0.260302	-0.10054	-0.260304	0.960278	-2.57609	-6.65878	50.2515	
0.994662	-0.0137992	0.102262	-0.0138442	0.964213	0.264768	-0.102256	-0.264771	0.958874	-2.66668	-6.89334	51.1088	
0.994477	-0.0142769	0.103976	-0.0143242	0.96297	0.269229	-0.103969	-0.269231	0.957447	-2.7588	-7.13189	51.9649	
0.994328	-0.0146672	0.105343	-0.0151529	0.960807	0.276803	-0.105274	-0.27683	0.955135	-2.85228	-7.37583	52.8193	
0.994176	-0.0150696	0.106711	-0.0159921	0.958584	0.28436	-0.106577	-0.284411	0.95276	-2.94692	-7.62655	53.6716	
0.994022	-0.0154839	0.108079	-0.0168416	0.956301	0.291899	-0.107876	-0.291974	0.950323	-3.04272	-7.88403	54.5217	
0.993865	-0.0159103	0.109447	-0.0177015	0.953957	0.29942	-0.109172	-0.29952	0.947823	-3.13968	-8.14826	55.3696	
0.993707	-0.0163486	0.110815	-0.0185718	0.951554	0.306921	-0.110464	-0.307047	0.945262	-3.23779	-8.41923	56.2153	
0.993546	-0.0167988	0.112183	-0.0194524	0.949091	0.314402	-0.111753	-0.314555	0.942638	-3.33706	-8.69691	57.0587	
0.993382	-0.017261	0.113549	-0.0203433	0.946568	0.321863	-0.113038	-0.322043	0.939953	-3.43748	-8.98129	57.8997	
0.993217	-0.017735	0.114915	-0.0212444	0.943985	0.329303	-0.114318	-0.329511	0.937205	-3.53904	-9.27235	58.7382	
0.993049	-0.0182208	0.116279	-0.0221558	0.941343	0.336722	-0.115594	-0.336958	0.934397	-3.64175	-9.57008	59.5743	
0.99288	-0.0187185	0.117642	-0.0230773	0.938642	0.344119	-0.116865	-0.344384	0.931527	-3.74559	-9.87444	60.4079	
0.992708	-0.0192279	0.119003	-0.0240089	0.935882	0.351493	-0.118132	-0.351787	0.928596	-3.85057	-10.1854	61.2388	
0.992534	-0.019749	0.120362	-0.0249506	0.933064	0.358845	-0.119393	-0.359169	0.925604	-3.95668	-10.503	62.0671	
0.992357	-0.0202817	0.121719	-0.0259024	0.930186	0.366173	-0.120648	-0.366527	0.922552	-4.06391	-10.8272	62.8927	
0.992179	-0.020826	0.123073	-0.0268641	0.927251	0.373476	-0.121898	-0.373862	0.919439	-4.17226	-11.158	63.7156	
0.991999	-0.0213818	0.124425	-0.0278358	0.924257	0.380756	-0.123141	-0.381172	0.916266	-4.28172	-11.4953	64.5356	
0.991816	-0.021949	0.125773	-0.0288173	0.921205	0.38801	-0.124379	-0.388459	0.913033	-4.39229	-11.8391	65.3528	
0.991632	-0.0225277	0.127118	-0.0298087	0.918095	0.395238	-0.12561	-0.39572	0.909741	-4.50397	-12.1894	66.1671	
0.991445	-0.0231175	0.128459	-0.0308098	0.914928	0.40244	-0.126834	-0.402955	0.906389	-4.61674	-12.5462	66.9784	
0.991257	-0.0237186	0.129797	-0.0318206	0.911703	0.409616	-0.128052	-0.410165	0.902977	-4.7306	-12.9094	67.7867	
0.991067	-0.0243308	0.13113	-0.0328411	0.908421	0.416764	-0.129262	-0.417347	0.899507	-4.84555	-13.2791	68.5919	
0.990874	-0.0249541	0.132459	-0.0338711	0.905083	0.423885	-0.130464	-0.424503	0.895978	-4.96158	-13.6551	69.394	
0.991154	-0.0240122	0.130527	-0.0367389	0.895422	0.443699	-0.127531	-0.44457	0.886619	-5.07683	-14.0434	70.1903	
0.991427	-0.0230271	0.128616	-0.0395408	0.885318	0.463301	-0.124535	-0.464415	0.876818	-5.18944	-14.4494	70.9781	
0.991694	-0.0219993	0.126727	-0.0422754	0.874776	0.48268	-0.121476	-0.484028	0.86658	-5.29934	-14.8732	71.7569	
0.991954	-0.0209291	0.12486	-0.0449413	0.8638	0.501827	-0.118357	-0.5034	0.855909	-5.40648	-15.3143	72.5264	
0.992207	-0.0198173	0.123017	-0.0475372	0.852396	0.520732	-0.115179	-0.522521	0.844811	-5.51081	-15.7726	73.2862	
0.992453	-0.0186643	0.121199	-0.0500618	0.84057	0.539385	-0.111943	-0.541381	0.833292	-5.61227	-16.2479	74.0359	
0.992692	-0.0174707	0.119405	-0.0525139	0.828328	0.557777	-0.108652	-0.559971	0.821357	-5.71082	-16.7399	74.7751	
0.992924	-0.0162372	0.117638	-0.0548921	0.815675	0.5759	-0.105306	-0.578282	0.809012	-5.8064	-17.2484	75.5034	
0.993148	-0.0149642	0.115899	-0.0571955	0.802619	0.593744	-0.101907	-0.596305	0.796264	-5.89897	-17.7731	76.2205	
0.993365	-0.0136525	0.114187	-0.0594227	0.789165	0.6113	-0.0984583	-0.614029	0.783118	-5.98848	-18.3138	76.9261	
0.993575	-0.0123028	0.112504	-0.0615726	0.775321	0.628559	-0.09496	-0.631448	0.769582	-6.07489	-18.8702	77.6197	
0.993777	-0.0109156	0.110851	-0.0636443	0.761093	0.645513	-0.0914143	-0.648551	0.755662	-6.15815	-19.442	78.3011	
0.993971	-0.00949168	0.109229	-0.0656367	0.746488	0.662154	-0.0878231	-0.665331	0.741365	-6.23822	-20.029	78.9699	
0.994158	-0.00803177	0.107638	-0.0675487	0.731514	0.678472	-0.084188	-0.681779	0.726698	-6.31507	-20.6308	79.6257	
0.994336	-0.00653657	0.106079	-0.0693794	0.716178	0.694461	-0.080511	-0.697887	0.711668	-6.38864	-21.2471	80.2683	
0.994507	-0.00500683	0.104553	-0.071128	0.700488	0.710111	-0.0767938	-0.713647	0.696284	-6.45892	-21.8777	80.8973	
0.994669	-0.00344333	0.103061	-0.0727935	0.684451	0.725415	-0.0730382	-0.72905	0.680552	-6.52585	-22.5222	81.5124	
0.994823	-0.00184683	0.101604	-0.0743751	0.668076	0.740366	-0.0692463	-0.74409	0.664481	-6.58942	-23.1803	82.1132	
0.994969	-0.000218131	0.100181	-0.075872	0.651371	0.754956	-0.0654197	-0.758759	0.648078	-6.64958	-23.8517	82.6996	
