1	0	0	0	1	0	0	0	1	0	0	0	
1	-4.38951e-09	3.38154e-05	-4.38951e-09	1	0.000259616	-3.38154e-05	-0.000259616	1	-1.33127e-05	-0.000102207	0.787374	
1	-1.74053e-08	6.73404e-05	-1.74007e-08	1	0.000516867	-6.73404e-05	-0.000516867	1	-5.31364e-05	-0.000407898	1.57475	
1	-3.88176e-08	0.000100574	-3.87995e-08	1	0.000771744	-0.000100574	-0.000771744	1	-0.000119242	-0.000915208	2.36212	
1	-6.83976e-08	0.000133514	-6.83526e-08	0.999999	0.00102424	-0.000133514	-0.00102424	0.999999	-0.000211399	-0.00162226	3.14949	
1	-1.05917e-07	0.000166159	-1.05828e-07	0.999999	0.00127435	-0.000166159	-0.00127435	0.999999	-0.000329376	-0.00252719	3.93687	
1	-1.51149e-07	0.000198509	-1.50994e-07	0.999999	0.00152206	-0.000198509	-0.00152206	0.999999	-0.000472942	-0.0036281	4.72424	
1	-2.03867e-07	0.000230562	-2.03622e-07	0.999998	0.00176737	-0.000230562	-0.00176737	0.999998	-0.000641861	-0.0049231	5.51161	
1	-2.63845e-07	0.000262317	-2.63482e-07	0.999998	0.00201027	-0.000262317	-0.00201027	0.999998	-0.000835901	-0.00641031	6.29899	
1	-3.3086e-07	0.000293771	-3.30346e-07	0.999997	0.00225075	-0.000293771	-0.00225075	0.999997	-0.00105483	-0.00808782	7.08636	
1	-4.04688e-07	0.000324925	-4.03987e-07	0.999997	0.0024888	-0.000324925	-0.0024888	0.999997	-0.0012984	-0.00995371	7.87373	
1	-4.85106e-07	0.000355777	-4.84181e-07	0.999996	0.00272442	-0.000355777	-0.00272442	0.999996	-0.00156638	-0.0120061	8.6611	
1	-5.71894e-07	0.000386325	-5.70703e-07	0.999996	0.0029576	-0.000386325	-0.0029576	0.999996	-0.00185854	-0.014243	9.44847	
1	-6.64832e-07	0.000416568	-6.63331e-07	0.999995	0.00318833	-0.000416568	-0.00318833	0.999995	-0.00217463	-0.0166626	10.2358	
1	-7.63699e-07	0.000446506	-7.61842e-07	0.999994	0.00341661	-0.000446506	-0.00341661	0.999994	-0.00251441	-0.0192629	11.0232	
1	-8.6828e-07	0.000476136	-8.66018e-07	0.999993	0.00364243	-0.000476136	-0.00364243	0.999993	-0.00287764	-0.0220419	11.8106	
1	-9.78357e-07	0.000505457	-9.75638e-07	0.999993	0.00386578	-0.000505457	-0.00386578	0.999992	-0.00326408	-0.0249978	12.5979	
1	-1.09372e-06	0.000534469	-1.09049e-06	0.999992	0.00408666	-0.000534469	-0.00408666	0.999992	-0.00367348	-0.0281286	13.3853	
1	-1.21414e-06	0.00056317	-1.21035e-06	0.999991	0.00430505	-0.00056317	-0.00430505	0.999991	-0.00410561	-0.0314323	14.1727	
1	-1.33942e-06	0.000591559	-1.335e-06	0.99999	0.00452096	-0.000591559	-0.00452096	0.99999	-0.00456021	-0.034907	14.96	
1	-1.46935e-06	0.000619634	-1.46425e-06	0.999989	0.00473437	-0.000619634	-0.00473437	0.999989	-0.00503704	-0.0385507	15.7474	
1	-1.60371e-06	0.000647395	-1.59786e-06	0.999988	0.00494528	-0.000647395	-0.00494528	0.999988	-0.00553586	-0.0423614	16.5348	
1	-1.74229e-06	0.000674841	-1.73565e-06	0.999987	0.00515369	-0.000674841	-0.00515369	0.999986	-0.0060564	-0.0463373	17.3221	
1	-1.8849e-06	0.000701969	-1.87738e-06	0.999986	0.00535958	-0.000701969	-0.00535958	0.999985	-0.00659843	-0.0504762	18.1095	
1	-2.03132e-06	0.000728779	-2.02287e-06	0.999985	0.00556295	-0.000728779	-0.00556295	0.999984	-0.0071617	-0.0547763	18.8969	
1	-2.18135e-06	0.00075527	-2.17191e-06	0.999983	0.00576379	-0.00075527	-0.00576379	0.999983	-0.00774595	-0.0592354	19.6842	
1	-2.33479e-06	0.000781441	-2.32428e-06	0.999982	0.0059621	-0.000781441	-0.0059621	0.999982	-0.00835093	-0.0638518	20.4716	
1	-2.49144e-06	0.00080729	-2.4798e-06	0.999981	0.00615788	-0.00080729	-0.00615788	0.999981	-0.0089764	-0.0686233	21.2589	
1	-2.6511e-06	0.000832817	-2.63826e-06	0.99998	0.00635111	-0.000832817	-0.00635111	0.999979	-0.00962209	-0.0735479	22.0463	
1	-2.81357e-06	0.000858019	-2.79947e-06	0.999979	0.00654179	-0.000858019	-0.00654179	0.999978	-0.0102877	-0.0786236	22.8337	
1	-2.97866e-06	0.000882897	-2.96323e-06	0.999977	0.00672991	-0.000882897	-0.00672991	0.999977	-0.0109731	-0.0838485	23.621	
1	-3.14617e-06	0.000907449	-3.12935e-06	0.999976	0.00691548	-0.000907449	-0.00691548	0.999976	-0.011678	-0.0892206	24.4084	
1	-3.31592e-06	0.000931674	-3.29763e-06	0.999975	0.00709848	-0.000931674	-0.00709848	0.999974	-0.012402	-0.0947377	25.1957	
1	-3.48771e-06	0.000955571	-3.46789e-06	0.999974	0.0072789	-0.000955571	-0.0072789	0.999973	-0.013145	-0.100398	25.9831	
1	-3.66136e-06	0.000979139	-3.63993e-06	0.999972	0.00745675	-0.000979139	-0.00745675	0.999972	-0.0139066	-0.106199	26.7704	
0.999999	-3.83668e-06	0.00100238	-3.81358e-06	0.999971	0.00763201	-0.00100238	-0.00763201	0.99997	-0.0146867	-0.112139	27.5578	
0.999999	-4.01348e-06	0.00102528	-3.98865e-06	0.99997	0.00780469	-0.00102528	-0.00780469	0.999969	-0.015485	-0.118217	28.3451	
0.999999	-4.19158e-06	0.00104786	-4.16496e-06	0.999968	0.00797477	-0.00104786	-0.00797477	0.999968	-0.0163012	-0.124429	29.1325	
0.999999	-4.37081e-06	0.0010701	-4.34232e-06	0.999967	0.00814225	-0.0010701	-0.00814225	0.999966	-0.017135	-0.130774	29.9198	
0.999999	-4.55099e-06	0.001092	-4.52057e-06	0.999965	0.00830713	-0.001092	-0.00830713	0.999965	-0.0179862	-0.13725	30.7072	
0.999999	-4.73193e-06	0.00111357	-4.69953e-06	0.999964	0.0084694	-0.00111357	-0.0084694	0.999964	-0.0188545	-0.143854	31.4945	
0.999999	-4.91347e-06	0.00113481	-4.87902e-06	0.999963	0.00862906	-0.00113481	-0.00862906	0.999962	-0.0197396	-0.150586	32.2819	
0.999999	-5.09544e-06	0.0011557	-5.05888e-06	0.999961	0.0087861	-0.0011557	-0.0087861	0.999961	-0.0206414	-0.157442	33.0692	
0.999999	-5.27765e-06	0.00117626	-5.23893e-06	0.99996	0.00894052	-0.00117626	-0.00894052	0.999959	-0.0215594	-0.164421	33.8565	
0.999999	-5.45996e-06	0.00119648	-5.41902e-06	0.999959	0.0090923	-0.00119648	-0.0090923	0.999958	-0.0224936	-0.17152	34.6439	
0.999999	-5.64219e-06	0.00121636	-5.59897e-06	0.999957	0.00924146	-0.00121636	-0.00924146	0.999957	-0.0234435	-0.178738	35.4312	
0.999999	-5.82418e-06	0.00123589	-5.77863e-06	0.999956	0.00938798	-0.00123589	-0.00938798	0.999955	-0.0244089	-0.186072	36.2186	
0.999999	-6.00577e-06	0.00125509	-5.95784e-06	0.999955	0.00953186	-0.00125509	-0.00953186	0.999954	-0.0253895	-0.19352	37.0059	
0.999999	-6.18679e-06	0.00127394	-6.13643e-06	0.999953	0.00967309	-0.00127394	-0.00967309	0.999952	-0.0263852	-0.201081	37.7932	
0.999999	-6.36711e-06	0.00129245	-6.31427e-06	0.999952	0.00981167	-0.00129245	-0.00981167	0.999951	-0.0273955	-0.208752	38.5806	
0.999999	-6.54655e-06	0.00131061	-6.4912e-06	0.999951	0.0099476	-0.00131061	-0.0099476	0.99995	-0.0284203	-0.216531	39.3679	
0.999999	-6.72497e-06	0.00132842	-6.66706e-06	0.999949	0.0100809	-0.00132843	-0.0100809	0.999948	-0.0294593	-0.224416	40.1552	
0.999999	-6.90223e-06	0.00134589	-6.84172e-06	0.999948	0.0102115	-0.00134589	-0.0102115	0.999947	-0.0305121	-0.232405	40.9426	
0.999999	-7.07817e-06	0.00136302	-7.01502e-06	0.999947	0.0103394	-0.00136302	-0.0103394	0.999946	-0.0315786	-0.240495	41.7299	
0.999999	-7.25265e-06	0.00137979	-7.18683e-06	0.999945	0.0104647	-0.00137979	-0.0104647	0.999944	-0.0326584	-0.248686	42.5172	
0.999999	-9.10795e-06	0.00158407	-3.08784e-06	0.99997	0.00769886	-0.00158409	-0.00769886	0.999969	-0.0338252	-0.255836	43.3046	
0.999998	-1.03962e-05	0.00178807	1.58006e-06	0.999988	0.00493046	-0.0017881	-0.00493045	0.999986	-0.0351528	-0.260808	44.0919	
0.999998	-1.11185e-05	0.00199181	6.81693e-06	0.999998	0.0021596	-0.00199183	-0.00215958	0.999996	-0.0366409	-0.2636	44.8793	
0.999998	-1.12757e-05	0.00219529	1.26228e-05	1	-0.000613612	-0.00219528	0.000613638	0.999997	-0.0382894	-0.264208	45.6667	
0.999997	-1.0869e-05	0.00239851	1.89977e-05	0.999994	-0.00338907	-0.00239846	0.00338911	0.999991	-0.0400978	-0.262633	46.454	
0.999997	-9.89917e-06	0.00260149	2.59416e-05	0.999981	-0.00616668	-0.00260138	0.00616673	0.999978	-0.0420662	-0.25887	47.2414	
0.999996	-8.36708e-06	0.00280423	3.34545e-05	0.99996	-0.00894633	-0.00280405	0.00894639	0.999956	-0.0441943	-0.252921	48.0288	
0.999995	-6.27354e-06	0.00300675	4.15362e-05	0.999931	-0.0117279	-0.00300647	0.011728	0.999927	-0.0464818	-0.244781	48.8161	
0.999995	-3.6193e-06	0.00320904	5.01866e-05	0.999895	-0.0145113	-0.00320865	0.0145114	0.99989	-0.0489286	-0.234451	49.6034	
0.999994	-4.05035e-07	0.00341112	5.94056e-05	0.99985	-0.0172965	-0.0034106	0.0172966	0.999845	-0.0515345	-0.221929	50.3907	
0.999993	3.36861e-06	0.00361299	6.9193e-05	0.999798	-0.0200832	-0.00361233	0.0200834	0.999792	-0.0542993	-0.207213	51.1779	
0.999993	7.70108e-06	0.00381466	7.95486e-05	0.999738	-0.0228715	-0.00381384	0.0228717	0.999731	-0.0572229	-0.190302	51.9651	
0.999992	1.25918e-05	0.00401614	9.04722e-05	0.999671	-0.0256612	-0.00401514	0.0256614	0.999663	-0.0603051	-0.171195	52.7522	
0.999991	1.80404e-05	0.00421744	0.000101963	0.999595	-0.0284522	-0.00421625	0.0284524	0.999586	-0.0635457	-0.149891	53.5393	
0.99999	2.40465e-05	0.00441857	0.000114022	0.999512	-0.0312445	-0.00441716	0.0312447	0.999502	-0.0669446	-0.126389	54.3263	
0.999989	3.06096e-05	0.00461953	0.000126648	0.999421	-0.0340378	-0.00461789	0.034038	0.99941	-0.0705015	-0.100688	55.1133	
0.999988	3.77296e-05	0.00482033	0.00013984	0.999321	-0.0368321	-0.00481845	0.0368323	0.99931	-0.0742165	-0.0727877	55.9001	
0.999987	4.54061e-05	0.00502098	0.000153599	0.999215	-0.0396273	-0.00501883	0.0396275	0.999202	-0.0780893	-0.0426864	56.6869	
0.999986	5.36392e-05	0.00522149	0.000167924	0.9991	-0.0424233	-0.00521906	0.0424235	0.999086	-0.0821198	-0.0103839	57.4736	
0.999985	6.24285e-05	0.00542186	0.000182814	0.998977	-0.0452199	-0.00541914	0.0452202	0.998962	-0.086308	0.0241203	58.2602	
0.999984	7.17743e-05	0.00562211	0.000198269	0.998846	-0.0480171	-0.00561907	0.0480175	0.998831	-0.0906536	0.0608268	59.0467	
0.999983	8.16763e-05	0.00582224	0.000214289	0.998708	-0.0508148	-0.00581887	0.0508152	0.998691	-0.0951565	0.0997359	59.8331	
0.999982	9.21348e-05	0.00602227	0.000230873	0.998562	-0.0536129	-0.00601854	0.0536133	0.998544	-0.0998168	0.140848	60.6194	
0.999981	0.00010315	0.00622219	0.00024802	0.998408	-0.0564112	-0.0062181	0.0564116	0.998388	-0.104634	0.184163	61.4056	
0.999979	0.000114722	0.00642202	0.00026573	0.998246	-0.0592096	-0.00641754	0.0592101	0.998225	-0.109609	0.229682	62.1916	
0.999978	0.000126851	0.00662176	0.000284003	0.998076	-0.0620082	-0.00661689	0.0620087	0.998054	-0.11474	0.277405	62.9775	
0.999977	0.000139537	0.00682143	0.000302837	0.997898	-0.0648066	-0.00681614	0.0648072	0.997875	-0.120029	0.32733	63.7633	
0.999975	0.000152782	0.00702104	0.000322232	0.997712	-0.0676049	-0.0070153	0.0676055	0.997687	-0.125474	0.379459	64.5489	
0.999974	0.000166585	0.00722058	0.000342187	0.997519	-0.0704029	-0.00721439	0.0704035	0.997493	-0.131076	0.433792	65.3344	
0.999972	0.000180946	0.00742008	0.000362703	0.997317	-0.0732005	-0.00741342	0.0732012	0.99729	-0.136835	0.490327	66.1197	
0.999971	0.000195867	0.00761953	0.000383777	0.997108	-0.0759977	-0.00761238	0.0759984	0.997079	-0.14275	0.549065	66.9049	
0.999969	0.000211349	0.00781895	0.000405409	0.996891	-0.0787942	-0.00781129	0.078795	0.99686	-0.148822	0.610005	67.6899	
0.999968	0.000227391	0.00801834	0.000427598	0.996666	-0.0815901	-0.00801016	0.0815909	0.996634	-0.155051	0.673147	68.4747	
0.999966	0.000243995	0.00821772	0.000450344	0.996433	-0.0843852	-0.008209	0.084386	0.996399	-0.161436	0.73849	69.2593	
0.999965	0.000261161	0.00841709	0.000473646	0.996193	-0.0871793	-0.00840781	0.0871802	0.996157	-0.167978	0.806034	70.0437	
0.999963	0.000278891	0.00861646	0.000497503	0.995944	-0.0899725	-0.00860661	0.0899734	0.995907	-0.174676	0.875777	70.828	
0.999961	0.000297186	0.00881584	0.000521914	0.995688	-0.0927646	-0.0088054	0.0927655	0.995649	-0.181531	0.947719	71.612	
0.999949	0.00042874	0.010092	0.000707361	0.993674	-0.112302	-0.0100763	0.112304	0.993623	-0.188965	1.02845	72.3952	
0.999935	0.000585333	0.0113653	0.000917735	0.991276	-0.131796	-0.0113433	0.131798	0.991212	-0.197398	1.12456	73.1767	
0.99992	0.000766906	0.0126352	0.00115295	0.988496	-0.15124	-0.0126059	0.151242	0.988416	-0.206827	1.23599	73.956	
0.999903	0.000973388	0.0139013	0.00141292	0.985335	-0.170624	-0.0138636	0.170627	0.985238	-0.217248	1.36271	74.7331	
0.999884	0.0012047	0.0151631	0.00169755	0.981794	-0.189942	-0.0151159	0.189946	0.981678	-0.228657	1.50467	75.5074	
0.999864	0.00146075	0.0164201	0.00200671	0.977874	-0.209187	-0.0163624	0.209191	0.977738	-0.24105	1.66181	76.2789	
0.999842	0.00174144	0.0176718	0.0023403	0.973576	-0.22835	-0.0176025	0.228355	0.973419	-0.254422	1.83407	77.047	
0.999819	0.00204666	0.0189177	0.00269818	0.968903	-0.247425	-0.0188358	0.247431	0.968722	-0.268767	2.02139	77.8116	
