1	0	0	0	1	0	0	0	1	0	0	0	
1	2.04832e-09	-0.000161536	2.04832e-09	1	2.53604e-05	0.000161536	-2.53604e-05	1	7.87286e-05	-1.236e-05	0.974747	
1	8.07736e-09	-0.000320745	8.08083e-09	1	5.0377e-05	0.000320745	-5.0377e-05	1	0.00031378	-4.92725e-05	1.94949	
1	1.79153e-08	-0.000477619	1.7929e-08	1	7.5048e-05	0.000477619	-7.5048e-05	1	0.000702882	-0.000110401	2.92424	
1	3.13921e-08	-0.000632152	3.14258e-08	1	9.93715e-05	0.000632152	-9.93715e-05	1	0.00124376	-0.000195409	3.89899	
1	4.8339e-08	-0.000784335	4.84055e-08	1	0.000123346	0.000784335	-0.000123346	1	0.00193411	-0.000303955	4.87374	
1	6.85894e-08	-0.000934163	6.8704e-08	1	0.000146969	0.000934163	-0.000146969	1	0.00277166	-0.0004357	5.84848	
0.999999	9.1978e-08	-0.00108163	9.21587e-08	1	0.00017024	0.00108163	-0.00017024	0.999999	0.00375411	-0.0005903	6.82323	
0.999999	1.18342e-07	-0.00122672	1.18609e-07	1	0.000193157	0.00122672	-0.000193157	0.999999	0.00487914	-0.00076741	7.79798	
0.999999	1.47519e-07	-0.00136944	1.47894e-07	1	0.000215718	0.00136944	-0.000215718	0.999999	0.00614444	-0.000966685	8.77272	
0.999999	1.7935e-07	-0.00150978	1.79858e-07	1	0.000237921	0.00150978	-0.000237921	0.999999	0.0075477	-0.00118778	9.74747	
0.999999	2.13677e-07	-0.00164773	2.14344e-07	1	0.000259764	0.00164773	-0.000259764	0.999999	0.00908658	-0.00143033	10.7222	
0.999998	2.50345e-07	-0.00178328	2.51198e-07	1	0.000281247	0.00178328	-0.000281247	0.999998	0.0107588	-0.00169401	11.697	
0.999998	2.892e-07	-0.00191643	2.90267e-07	1	0.000302367	0.00191643	-0.000302367	0.999998	0.0125619	-0.00197845	12.6717	
0.999998	3.3009e-07	-0.00204718	3.31402e-07	1	0.000323123	0.00204718	-0.000323123	0.999998	0.0144937	-0.0022833	13.6465	
0.999998	3.72865e-07	-0.00217551	3.74452e-07	1	0.000343514	0.00217551	-0.000343514	0.999998	0.0165517	-0.0026082	14.6212	
0.999997	4.17378e-07	-0.00230142	4.19273e-07	1	0.000363537	0.00230142	-0.000363537	0.999997	0.0187336	-0.00295279	15.5959	
0.999997	4.63483e-07	-0.0024249	4.65719e-07	1	0.000383191	0.0024249	-0.000383191	0.999997	0.0210371	-0.00331673	16.5707	
0.999997	5.11038e-07	-0.00254596	5.13647e-07	1	0.000402474	0.00254596	-0.000402474	0.999997	0.0234598	-0.00369964	17.5454	
0.999996	5.59902e-07	-0.00266458	5.62917e-07	1	0.000421386	0.00266458	-0.000421386	0.999996	0.0259993	-0.00410117	18.5202	
0.999996	6.09935e-07	-0.00278076	6.13391e-07	1	0.000439924	0.00278076	-0.000439924	0.999996	0.0286532	-0.00452095	19.4949	
0.999996	6.61002e-07	-0.00289449	6.64931e-07	1	0.000458087	0.00289449	-0.000458087	0.999996	0.0314192	-0.00495862	20.4697	
0.999995	7.12968e-07	-0.00300577	7.17404e-07	1	0.000475874	0.00300577	-0.000475874	0.999995	0.0342948	-0.00541381	21.4444	
0.999995	7.65702e-07	-0.0031146	7.70678e-07	1	0.000493282	0.0031146	-0.000493282	0.999995	0.0372777	-0.00588615	22.4192	
0.999995	8.19075e-07	-0.00322096	8.24624e-07	1	0.000510312	0.00322096	-0.000510312	0.999995	0.0403655	-0.00637527	23.3939	
0.999994	8.7296e-07	-0.00332486	8.79113e-07	1	0.00052696	0.00332486	-0.00052696	0.999994	0.0435557	-0.00688081	24.3686	
0.999994	9.27232e-07	-0.00342628	9.34021e-07	1	0.000543227	0.00342628	-0.000543227	0.999994	0.0468461	-0.00740239	25.3434	
0.999994	9.8177e-07	-0.00352523	9.89226e-07	1	0.000559109	0.00352523	-0.000559109	0.999994	0.0502341	-0.00793964	26.3181	
0.999993	1.03646e-06	-0.0036217	1.04461e-06	1	0.000574607	0.0036217	-0.000574607	0.999993	0.0537173	-0.00849218	27.2929	
0.999993	1.09117e-06	-0.00371569	1.10005e-06	1	0.000589718	0.00371569	-0.000589718	0.999993	0.0572933	-0.00905965	28.2676	
0.999993	1.1458e-06	-0.00380719	1.15543e-06	1	0.000604442	0.00380719	-0.000604442	0.999993	0.0609598	-0.00964165	29.2423	
0.999992	1.20024e-06	-0.00389619	1.21064e-06	1	0.000618776	0.00389619	-0.000618776	0.999992	0.0647142	-0.0102378	30.2171	
0.999992	1.25437e-06	-0.0039827	1.26557e-06	1	0.00063272	0.0039827	-0.00063272	0.999992	0.0685542	-0.0108478	31.1918	
0.999992	1.30809e-06	-0.00406671	1.32012e-06	1	0.000646273	0.00406671	-0.000646273	0.999992	0.0724772	-0.0114711	32.1666	
0.999991	1.3613e-06	-0.00414821	1.37417e-06	1	0.000659432	0.00414821	-0.000659432	0.999991	0.076481	-0.0121075	33.1413	
0.999991	1.4139e-06	-0.0042272	1.42763e-06	1	0.000672197	0.0042272	-0.000672197	0.999991	0.0805629	-0.0127565	34.116	
0.999991	1.46579e-06	-0.00430369	1.48039e-06	1	0.000684567	0.00430369	-0.000684567	0.999991	0.0847207	-0.0134177	35.0908	
0.99999	1.51687e-06	-0.00437766	1.53236e-06	1	0.000696541	0.00437766	-0.000696541	0.99999	0.0889517	-0.0140908	36.0655	
0.99999	1.56705e-06	-0.00444911	1.58345e-06	1	0.000708116	0.00444911	-0.000708116	0.99999	0.0932537	-0.0147754	37.0403	
0.99999	1.61625e-06	-0.00451804	1.63356e-06	1	0.000719292	0.00451804	-0.000719292	0.99999	0.097624	-0.0154711	38.015	
0.999989	1.66437e-06	-0.00458445	1.68261e-06	1	0.000730068	0.00458445	-0.000730068	0.999989	0.10206	-0.0161775	38.9897	
0.999989	1.71134e-06	-0.00464833	1.7305e-06	1	0.000740443	0.00464833	-0.000740443	0.999989	0.10656	-0.0168942	39.9645	
0.999989	1.75708e-06	-0.00470968	1.77716e-06	1	0.000750415	0.00470968	-0.000750415	0.999989	0.111121	-0.0176208	40.9392	
0.999989	1.8015e-06	-0.0047685	1.82251e-06	1	0.000759983	0.0047685	-0.000759983	0.999988	0.11574	-0.0183569	41.9139	
0.999988	1.84453e-06	-0.00482478	1.86646e-06	1	0.000769147	0.00482478	-0.000769147	0.999988	0.120416	-0.0191022	42.8887	
0.999988	1.8861e-06	-0.00487853	1.90895e-06	1	0.000777905	0.00487853	-0.000777905	0.999988	0.125145	-0.0198562	43.8634	
0.999988	1.92615e-06	-0.00492974	1.94991e-06	1	0.000786256	0.00492974	-0.000786256	0.999988	0.129925	-0.0206185	44.8381	
0.999988	1.96461e-06	-0.0049784	1.98926e-06	1	0.000794199	0.0049784	-0.000794199	0.999987	0.134754	-0.0213888	45.8129	
0.999987	2.00141e-06	-0.00502452	2.02694e-06	1	0.000801733	0.00502452	-0.000801733	0.999987	0.139629	-0.0221666	46.7876	
0.999987	2.0365e-06	-0.0050681	2.06289e-06	1	0.000808857	0.0050681	-0.000808857	0.999987	0.144548	-0.0229515	47.7623	
0.999987	2.06983e-06	-0.00510912	2.09705e-06	1	0.000815571	0.00510912	-0.000815571	0.999987	0.149508	-0.0237432	48.7371	
0.999987	2.10133e-06	-0.0051476	2.12937e-06	1	0.000821872	0.0051476	-0.000821872	0.999986	0.154507	-0.0245413	49.7118	
0.999987	2.13096e-06	-0.00518353	2.15979e-06	1	0.00082776	0.00518353	-0.00082776	0.999986	0.159542	-0.0253453	50.6866	
0.999986	2.15868e-06	-0.00521691	2.18826e-06	1	0.000833235	0.00521691	-0.000833235	0.999986	0.164611	-0.0261548	51.6613	
0.999986	2.18444e-06	-0.00524773	2.21473e-06	1	0.000838295	0.00524773	-0.000838295	0.999986	0.169712	-0.0269695	52.636	
0.999986	2.20821e-06	-0.005276	2.23917e-06	1	0.000842939	0.005276	-0.000842939	0.999986	0.174841	-0.0277889	53.6108	
0.999986	2.22993e-06	-0.00530171	2.26153e-06	1	0.000847167	0.00530171	-0.000847167	0.999986	0.179996	-0.0286126	54.5855	
0.999986	2.24959e-06	-0.00532486	2.28178e-06	1	0.000850978	0.00532486	-0.000850978	0.999985	0.185175	-0.0294402	55.5602	
0.999986	2.26715e-06	-0.00534546	2.29988e-06	1	0.00085437	0.00534546	-0.00085437	0.999985	0.190375	-0.0302713	56.535	
0.999986	2.28259e-06	-0.00536349	2.3158e-06	1	0.000857344	0.00536349	-0.000857344	0.999985	0.195595	-0.0311056	57.5097	
0.999986	2.29588e-06	-0.00537897	2.32952e-06	1	0.000859897	0.00537897	-0.000859897	0.999985	0.20083	-0.0319425	58.4844	
0.999985	2.30701e-06	-0.00539189	2.341e-06	1	0.000862031	0.00539189	-0.000862031	0.999985	0.20608	-0.0327818	59.4592	
0.999985	2.31594e-06	-0.00540225	2.35024e-06	1	0.000863742	0.00540225	-0.000863742	0.999985	0.21134	-0.0336228	60.4339	
0.999985	2.32269e-06	-0.00541005	2.35722e-06	1	0.000865032	0.00541005	-0.000865032	0.999985	0.21661	-0.0344654	61.4086	
0.99999	1.67462e-08	-0.00452347	1.96005e-05	0.999991	0.00433673	0.00452343	-0.00433677	0.99998	0.221451	-0.0370006	62.3833	
0.999993	-5.38242e-06	-0.00363437	3.37595e-05	0.99997	0.00780796	0.00363421	-0.00780803	0.999963	0.225427	-0.0429197	63.3581	
0.999996	-1.38919e-05	-0.00274276	4.48259e-05	0.999936	0.0112787	0.00274243	-0.0112788	0.999933	0.228535	-0.0522221	64.3328	
0.999998	-2.55284e-05	-0.00184867	5.27916e-05	0.999891	0.0147489	0.00184809	-0.014749	0.99989	0.230772	-0.0649074	65.3074	
1	-4.03087e-05	-0.000952134	5.76485e-05	0.999834	0.0182185	0.000951242	-0.0182185	0.999834	0.232137	-0.0809749	66.282	
1	-5.82493e-05	-5.31758e-05	5.93888e-05	0.999765	0.0216875	5.19e-05	-0.0216875	0.999765	0.232626	-0.100424	67.2566	
1	-7.93662e-05	0.000848177	5.80046e-05	0.999684	0.0251558	-0.000849905	-0.0251557	0.999683	0.232237	-0.123254	68.2311	
0.999998	-0.000103676	0.0017519	5.3488e-05	0.99959	0.0286234	-0.00175415	-0.0286232	0.999589	0.230967	-0.149465	69.2055	
0.999996	-0.000131193	0.00265795	4.58315e-05	0.999485	0.0320902	-0.00266079	-0.0320899	0.999481	0.228816	-0.179055	70.1798	
0.999994	-0.000161935	0.00356632	3.50275e-05	0.999368	0.0355562	-0.00356982	-0.0355559	0.999361	0.225779	-0.212024	71.1539	
0.999954	-0.000449073	0.00962408	-0.000120796	0.99825	0.0591306	-0.0096338	-0.059129	0.998204	0.219344	-0.258173	72.1276	
0.999877	-0.00087908	0.015673	-0.00041968	0.996577	0.0826706	-0.0156921	-0.082667	0.996454	0.207	-0.327284	73.0997	
0.999763	-0.0014517	0.0217096	-0.000861447	0.994348	0.106162	-0.021741	-0.106156	0.994112	0.188755	-0.419316	74.0699	
0.999613	-0.00216659	0.0277301	-0.00144584	0.991566	0.129592	-0.027777	-0.129582	0.99118	0.16462	-0.534214	75.0376	
0.999426	-0.00302333	0.0337311	-0.0021725	0.988232	0.152945	-0.0337966	-0.152931	0.987659	0.134609	-0.67191	76.0021	
0.999203	-0.00402141	0.0397089	-0.00304101	0.984348	0.176209	-0.039796	-0.176189	0.983552	0.0987405	-0.832322	76.9628	
0.998944	-0.00516024	0.0456601	-0.00405084	0.979916	0.199368	-0.0457719	-0.199342	0.97886	0.0570349	-1.01536	77.9193	
0.998648	-0.00643914	0.051581	-0.0052014	0.974939	0.22241	-0.0517205	-0.222378	0.973588	0.00951731	-1.2209	78.8709	
0.998316	-0.00785734	0.0574682	-0.006492	0.96942	0.245321	-0.0576385	-0.245281	0.967737	-0.043784	-1.44884	79.8171	
0.997949	-0.00941402	0.0633182	-0.00792189	0.963362	0.268086	-0.0635222	-0.268038	0.961312	-0.102837	-1.69903	80.7573	
0.997546	-0.0111082	0.0691275	-0.0094902	0.956769	0.290694	-0.0693682	-0.290636	0.954316	-0.167608	-1.97132	81.691	
0.997108	-0.012939	0.0748926	-0.011196	0.949645	0.313129	-0.075173	-0.313062	0.946753	-0.238057	-2.26556	82.6176	
0.996634	-0.0149052	0.0806102	-0.0130383	0.941993	0.33538	-0.0809331	-0.335302	0.938628	-0.314143	-2.58158	83.5365	
0.996126	-0.0170057	0.0862768	-0.015016	0.933819	0.357432	-0.0866453	-0.357343	0.929946	-0.39582	-2.91917	84.4472	
0.995583	-0.0192392	0.0918891	-0.0171279	0.925127	0.379272	-0.0923059	-0.379171	0.920711	-0.483041	-3.27814	85.3493	
0.995007	-0.0216045	0.0974436	-0.0193727	0.915922	0.400888	-0.0979118	-0.400774	0.91093	-0.575752	-3.65829	86.242	
0.994396	-0.0241	0.102937	-0.0217492	0.90621	0.422267	-0.103459	-0.42214	0.900608	-0.6739	-4.05937	87.1249	
0.993752	-0.0267244	0.108367	-0.0242559	0.895997	0.443396	-0.108946	-0.443254	0.889751	-0.777426	-4.48117	87.9975	
0.993075	-0.029476	0.113729	-0.0268914	0.885289	0.464263	-0.114367	-0.464106	0.878365	-0.886268	-4.92341	88.8593	
0.992365	-0.0323533	0.11902	-0.029654	0.874092	0.484854	-0.119721	-0.484682	0.866459	-1.00036	-5.38585	89.7097	
0.991622	-0.0353545	0.124237	-0.0325421	0.862413	0.505159	-0.125004	-0.50497	0.854037	-1.11964	-5.8682	90.5483	
0.990849	-0.0384778	0.129378	-0.035554	0.850258	0.525164	-0.130212	-0.524958	0.841109	-1.24403	-6.37019	91.3745	
0.990043	-0.0417215	0.134439	-0.038688	0.837635	0.544859	-0.135343	-0.544635	0.827681	-1.37346	-6.8915	92.1879	
0.989207	-0.0450834	0.139417	-0.0419421	0.824552	0.56423	-0.140394	-0.563988	0.813761	-1.50786	-7.43184	92.9879	
0.98834	-0.0485618	0.144309	-0.0453145	0.811015	0.583267	-0.145361	-0.583006	0.799359	-1.64713	-7.99089	93.7742	
0.987444	-0.0521544	0.149112	-0.048803	0.797034	0.601959	-0.150242	-0.601678	0.784481	-1.79121	-8.5683	94.5461	
