1	0	0	0	1	0	0	0	1	0	0	0	
0.999996	-5.65722e-06	0.00268797	-5.65722e-06	0.999991	0.00420925	-0.00268797	-0.00420925	0.999988	-0.00120077	-0.00188035	0.893431	
0.999986	-2.26232e-05	0.00537459	-2.26337e-05	0.999965	0.00842031	-0.00537459	-0.00842031	0.99995	-0.00480246	-0.00752221	1.78684	
0.999968	-5.08916e-05	0.00805978	-5.09338e-05	0.99992	0.0126331	-0.00805978	-0.0126331	0.999888	-0.0108038	-0.0169271	2.6802	
0.999942	-9.0456e-05	0.0107435	-9.05615e-05	0.999858	0.0168474	-0.0107435	-0.0168474	0.9998	-0.0192036	-0.0300966	3.5735	
0.99991	-0.000141309	0.0134256	-0.00014152	0.999778	0.0210632	-0.0134256	-0.0210632	0.999688	-0.0300003	-0.0470319	4.46671	
0.99987	-0.000203444	0.0161061	-0.000203813	0.99968	0.0252803	-0.016106	-0.0252803	0.999551	-0.0431927	-0.0677344	5.3598	
0.999824	-0.000276852	0.0187848	-0.000277443	0.999565	0.0294987	-0.0187848	-0.0294987	0.999388	-0.058779	-0.0922051	6.25277	
0.99977	-0.000361526	0.0214617	-0.000362413	0.999431	0.0337181	-0.0214617	-0.0337181	0.999201	-0.0767579	-0.120445	7.14557	
0.999709	-0.000457456	0.0241368	-0.000458723	0.99928	0.0379386	-0.0241368	-0.0379386	0.998989	-0.0971276	-0.152456	8.0382	
0.99964	-0.000564635	0.0268099	-0.000566377	0.999111	0.0421599	-0.0268099	-0.04216	0.998751	-0.119886	-0.188237	8.93063	
0.999565	-0.000683051	0.0294811	-0.000685374	0.998924	0.046382	-0.029481	-0.0463821	0.998489	-0.145033	-0.22779	9.82283	
0.999483	-0.000812696	0.0321501	-0.000815717	0.998718	0.0506048	-0.03215	-0.0506049	0.998201	-0.172564	-0.271116	10.7148	
0.999393	-0.00095356	0.034817	-0.000957404	0.998495	0.0548281	-0.0348169	-0.0548282	0.997889	-0.20248	-0.318215	11.6065	
0.999297	-0.00110563	0.0374816	-0.00111044	0.998254	0.0590518	-0.0374815	-0.0590519	0.997551	-0.234777	-0.369087	12.4979	
0.999193	-0.0012689	0.0401439	-0.00127481	0.997995	0.0632758	-0.0401437	-0.063276	0.997188	-0.269453	-0.423733	13.389	
0.999082	-0.00144335	0.0428039	-0.00145054	0.997718	0.0675	-0.0428036	-0.0675002	0.996801	-0.306507	-0.482153	14.2797	
0.998965	-0.00162898	0.0454614	-0.0016376	0.997423	0.0717243	-0.0454611	-0.0717245	0.996388	-0.345937	-0.544348	15.1701	
0.99884	-0.00182577	0.0481164	-0.00183601	0.99711	0.0759485	-0.048116	-0.0759488	0.99595	-0.387739	-0.610316	16.0601	
0.998708	-0.00203371	0.0507688	-0.00204575	0.996779	0.0801726	-0.0507683	-0.0801729	0.995487	-0.431913	-0.680058	16.9497	
0.99857	-0.00225278	0.0534185	-0.00226683	0.99643	0.0843964	-0.0534179	-0.0843968	0.994999	-0.478454	-0.753575	17.8389	
0.998424	-0.00248298	0.0560655	-0.00249925	0.996062	0.0886198	-0.0560647	-0.0886203	0.994486	-0.527362	-0.830865	18.7277	
0.998271	-0.00272428	0.0587096	-0.002743	0.995677	0.0928427	-0.0587088	-0.0928432	0.993948	-0.578634	-0.911928	19.6159	
0.998112	-0.00297669	0.061351	-0.00299807	0.995274	0.0970649	-0.0613499	-0.0970656	0.993385	-0.632266	-0.996763	20.5037	
0.997945	-0.00324017	0.0639893	-0.00326447	0.994852	0.101286	-0.0639881	-0.101287	0.992797	-0.688257	-1.08537	21.391	
0.997772	-0.00351472	0.0666247	-0.00354219	0.994412	0.105507	-0.0666232	-0.105508	0.992184	-0.746603	-1.17775	22.2777	
0.997592	-0.00380032	0.0692569	-0.00383122	0.993954	0.109727	-0.0692552	-0.109728	0.991546	-0.807303	-1.2739	23.1639	
0.997404	-0.00409696	0.071886	-0.00413156	0.993478	0.113945	-0.071884	-0.113947	0.990883	-0.870352	-1.37382	24.0494	
0.99721	-0.00440461	0.0745119	-0.00444321	0.992984	0.118163	-0.0745096	-0.118164	0.990195	-0.935749	-1.47751	24.9344	
0.99701	-0.00472327	0.0771344	-0.00476616	0.992472	0.122379	-0.0771318	-0.12238	0.989482	-1.00349	-1.58496	25.8188	
0.996802	-0.00505292	0.0797536	-0.0051004	0.991942	0.126593	-0.0797506	-0.126595	0.988743	-1.07357	-1.69619	26.7025	
0.996587	-0.00539354	0.0823694	-0.00544592	0.991393	0.130807	-0.082366	-0.130809	0.98798	-1.14599	-1.81117	27.5855	
0.996366	-0.00574511	0.0849817	-0.00580272	0.990826	0.135018	-0.0849777	-0.13502	0.987192	-1.22075	-1.92992	28.4679	
0.996138	-0.00610762	0.0875904	-0.0061708	0.990241	0.139227	-0.0875859	-0.13923	0.986379	-1.29784	-2.05244	29.3495	
0.995903	-0.00648105	0.0901954	-0.00655014	0.989638	0.143435	-0.0901904	-0.143438	0.985541	-1.37725	-2.17871	30.2304	
0.995661	-0.00686537	0.0927967	-0.00694074	0.989017	0.147641	-0.0927911	-0.147644	0.984678	-1.45899	-2.30874	31.1105	
0.995413	-0.00726058	0.0953943	-0.00734258	0.988377	0.151844	-0.095388	-0.151848	0.98379	-1.54306	-2.44253	31.9899	
0.995158	-0.00766664	0.097988	-0.00775567	0.987719	0.156046	-0.097981	-0.15605	0.982877	-1.62944	-2.58007	32.8684	
0.994896	-0.00808355	0.100578	-0.00817998	0.987043	0.160245	-0.10057	-0.160249	0.98194	-1.71813	-2.72137	33.7462	
0.994628	-0.00851128	0.103164	-0.00861551	0.986349	0.164441	-0.103155	-0.164446	0.980977	-1.80914	-2.86642	34.623	
0.994353	-0.00894982	0.105745	-0.00906226	0.985637	0.168635	-0.105736	-0.168641	0.97999	-1.90246	-3.01521	35.499	
0.994071	-0.00939914	0.108323	-0.0095202	0.984906	0.172826	-0.108312	-0.172833	0.978978	-1.99808	-3.16776	36.3741	
0.993783	-0.00985922	0.110896	-0.00998934	0.984158	0.177014	-0.110885	-0.177022	0.977941	-2.09599	-3.32404	37.2483	
0.993488	-0.01033	0.113466	-0.0104697	0.983391	0.1812	-0.113453	-0.181208	0.976879	-2.19621	-3.48407	38.1216	
0.993187	-0.0108116	0.116031	-0.0109611	0.982605	0.185382	-0.116017	-0.185391	0.975792	-2.29872	-3.64784	38.9939	
0.992879	-0.0113038	0.118591	-0.0114638	0.981802	0.189561	-0.118576	-0.189571	0.974681	-2.40352	-3.81534	39.8652	
0.992564	-0.0118067	0.121147	-0.0119776	0.98098	0.193737	-0.12113	-0.193747	0.973545	-2.5106	-3.98657	40.7355	
0.992243	-0.0123203	0.123699	-0.0125025	0.980141	0.197909	-0.12368	-0.197921	0.972384	-2.61996	-4.16154	41.6048	
0.991916	-0.0128445	0.126246	-0.0130385	0.979283	0.202078	-0.126226	-0.20209	0.971198	-2.7316	-4.34023	42.473	
0.991582	-0.0133793	0.128788	-0.0135856	0.978406	0.206243	-0.128766	-0.206257	0.969988	-2.8455	-4.52265	43.3402	
0.991241	-0.0139247	0.131326	-0.0141439	0.977512	0.210405	-0.131302	-0.210419	0.968754	-2.96168	-4.70878	44.2062	
0.990895	-0.0144806	0.133859	-0.0147132	0.976599	0.214562	-0.133833	-0.214578	0.967494	-3.08012	-4.89864	45.0712	
0.990541	-0.0150471	0.136387	-0.0152936	0.975669	0.218716	-0.136359	-0.218733	0.96621	-3.20082	-5.0922	45.935	
0.990182	-0.0156241	0.13891	-0.015885	0.97472	0.222865	-0.13888	-0.222884	0.964902	-3.32378	-5.28948	46.7977	
0.989816	-0.0162116	0.141428	-0.0164874	0.973753	0.227011	-0.141396	-0.22703	0.963569	-3.44898	-5.49047	47.6592	
0.989443	-0.0168096	0.143941	-0.0171009	0.972767	0.231151	-0.143907	-0.231173	0.962211	-3.57643	-5.69516	48.5194	
0.989065	-0.0174179	0.146449	-0.0177254	0.971764	0.235288	-0.146412	-0.235311	0.960829	-3.70612	-5.90354	49.3785	
0.98868	-0.0180368	0.148952	-0.0183609	0.970742	0.23942	-0.148912	-0.239445	0.959422	-3.83805	-6.11562	50.2363	
0.988289	-0.0186659	0.15145	-0.0190073	0.969703	0.243547	-0.151407	-0.243574	0.957992	-3.97221	-6.3314	51.0929	
0.987891	-0.0193055	0.153942	-0.0196647	0.968645	0.24767	-0.153896	-0.247698	0.956536	-4.10859	-6.55086	51.9481	
0.98755	-0.0198589	0.156046	-0.020837	0.966743	0.2549	-0.155918	-0.254978	0.954293	-4.24699	-6.77541	52.8017	
0.987204	-0.0204293	0.158148	-0.022025	0.964785	0.262116	-0.157934	-0.262245	0.95199	-4.3872	-7.00647	53.6533	
0.986853	-0.0210168	0.160249	-0.0232285	0.962772	0.269316	-0.159943	-0.269497	0.949626	-4.5292	-7.24401	54.5028	
0.986497	-0.0216213	0.162348	-0.0244475	0.960703	0.276499	-0.161946	-0.276734	0.947202	-4.67299	-7.48802	55.3501	
0.986135	-0.0222426	0.164445	-0.025682	0.958579	0.283665	-0.163943	-0.283956	0.944718	-4.81857	-7.73849	56.1953	
0.985769	-0.0228809	0.166539	-0.0269318	0.9564	0.290814	-0.165932	-0.291161	0.942174	-4.96593	-7.9954	57.0382	
0.985398	-0.023536	0.16863	-0.0281969	0.954166	0.297945	-0.167913	-0.29835	0.93957	-5.11507	-8.25875	57.8788	
0.985023	-0.0242079	0.170718	-0.0294773	0.951878	0.305058	-0.169887	-0.305521	0.936907	-5.26597	-8.52851	58.7171	
0.984642	-0.0248964	0.172802	-0.0307729	0.949534	0.312151	-0.171852	-0.312675	0.934185	-5.41863	-8.80467	59.5529	
0.984257	-0.0256015	0.174881	-0.0320835	0.947136	0.319225	-0.173809	-0.31981	0.931403	-5.57305	-9.08722	60.3863	
0.983867	-0.0263232	0.176957	-0.0334092	0.944683	0.326279	-0.175757	-0.326927	0.928563	-5.7292	-9.37613	61.2172	
0.983472	-0.0270613	0.179028	-0.0347499	0.942176	0.333312	-0.177695	-0.334024	0.925663	-5.8871	-9.67138	62.0455	
0.983073	-0.0278157	0.181093	-0.0361054	0.939615	0.340324	-0.179624	-0.341102	0.922705	-6.04672	-9.97298	62.8712	
0.982669	-0.0285864	0.183153	-0.0374757	0.937	0.347314	-0.181543	-0.348159	0.919689	-6.20806	-10.2809	63.6942	
0.98226	-0.0293732	0.185207	-0.0388607	0.934331	0.354282	-0.183451	-0.355195	0.916615	-6.37111	-10.5951	64.5146	
0.981848	-0.0301761	0.187255	-0.0402603	0.931608	0.361227	-0.185349	-0.362209	0.913482	-6.53586	-10.9156	65.3321	
0.981431	-0.0309948	0.189297	-0.0416744	0.928832	0.36815	-0.187236	-0.369202	0.910293	-6.7023	-11.2423	66.1468	
0.981009	-0.0318293	0.191332	-0.043103	0.926003	0.375048	-0.189111	-0.376172	0.907045	-6.87042	-11.5753	66.9587	
0.980584	-0.0326795	0.193359	-0.0445459	0.92312	0.381922	-0.190975	-0.38312	0.903741	-7.04021	-11.9145	67.7676	
0.980154	-0.0335451	0.195379	-0.0460029	0.920185	0.388771	-0.192826	-0.390044	0.90038	-7.21167	-12.2598	68.5735	
0.97972	-0.0344262	0.197391	-0.0474741	0.917197	0.395595	-0.194665	-0.396944	0.896962	-7.38477	-12.6114	69.3764	
0.980174	-0.0334693	0.195293	-0.0517604	0.908154	0.415424	-0.19126	-0.417296	0.888416	-7.55717	-12.9752	70.174	
0.980619	-0.0324648	0.193215	-0.0559699	0.898661	0.435059	-0.187759	-0.437441	0.879427	-7.72649	-13.357	70.9638	
0.981056	-0.0314132	0.191159	-0.0601006	0.888723	0.454488	-0.184165	-0.457368	0.869999	-7.89265	-13.7567	71.7453	
0.981485	-0.0303151	0.189126	-0.0641505	0.878345	0.473704	-0.180478	-0.477066	0.860137	-8.05554	-14.1742	72.5182	
0.981904	-0.0291709	0.187117	-0.0681175	0.867532	0.492696	-0.176702	-0.496526	0.849846	-8.21511	-14.6091	73.2821	
0.982315	-0.0279813	0.185132	-0.0719996	0.856289	0.511454	-0.172837	-0.515739	0.839131	-8.37126	-15.0613	74.0366	
0.982717	-0.0267468	0.183173	-0.0757949	0.844622	0.52997	-0.168887	-0.534694	0.827997	-8.52392	-15.5306	74.7814	
0.983109	-0.0254681	0.18124	-0.0795016	0.832538	0.548234	-0.164852	-0.553383	0.816451	-8.67301	-16.0167	75.516	
0.983492	-0.0241458	0.179335	-0.0831176	0.820041	0.566237	-0.160734	-0.571795	0.804497	-8.81847	-16.5193	76.2402	
0.983865	-0.0227806	0.177459	-0.0866414	0.807139	0.58397	-0.156537	-0.589922	0.792141	-8.9602	-17.0383	76.9535	
0.984227	-0.0213731	0.175612	-0.090071	0.793837	0.601424	-0.152261	-0.607755	0.779391	-9.09815	-17.5734	77.6555	
0.98458	-0.019924	0.173795	-0.0934048	0.780142	0.61859	-0.14791	-0.625285	0.766252	-9.23225	-18.1242	78.346	
0.984923	-0.0184341	0.17201	-0.0966412	0.766062	0.635461	-0.143485	-0.642503	0.75273	-9.36243	-18.6906	79.0246	
0.985255	-0.0169041	0.170257	-0.0997784	0.751602	0.652026	-0.138988	-0.6594	0.738833	-9.48862	-19.2722	79.6909	
0.985576	-0.0153348	0.168538	-0.102815	0.736771	0.66828	-0.134422	-0.675968	0.724567	-9.61076	-19.8687	80.3447	
0.985886	-0.0137269	0.166852	-0.105749	0.721576	0.684212	-0.129788	-0.6922	0.70994	-9.72879	-20.48	80.9855	
0.986186	-0.0120813	0.165201	-0.10858	0.706023	0.699815	-0.12509	-0.708085	0.694959	-9.84265	-21.1055	81.6131	
0.986474	-0.0103988	0.163585	-0.111306	0.690122	0.715082	-0.12033	-0.723618	0.679631	-9.95229	-21.7451	82.2272	
0.986752	-0.00868014	0.162006	-0.113925	0.67388	0.730004	-0.115509	-0.738789	0.663964	-10.0577	-22.3984	82.8275	
