1	0	0	0	1	0	0	0	1	0	0	0	
1	1.24078e-08	0.000837719	1.24078e-08	1	-2.96227e-05	-0.000837719	2.96227e-05	1	-0.000383108	1.35471e-05	0.914646	
0.999999	4.98463e-08	0.00167949	4.97961e-08	1	-5.93288e-05	-0.00167949	5.93288e-05	0.999999	-0.00153429	5.42267e-05	1.82929	
0.999997	1.12623e-07	0.00252528	1.12422e-07	1	-8.91165e-05	-0.00252528	8.91165e-05	0.999997	-0.00345723	0.000122114	2.74394	
0.999994	2.01043e-07	0.00337506	2.00536e-07	1	-0.000118984	-0.00337506	0.000118984	0.999994	-0.00615559	0.000217283	3.65858	
0.999991	3.15406e-07	0.00422878	3.14387e-07	1	-0.000148929	-0.00422878	0.000148929	0.999991	-0.009633	0.000339807	4.57322	
0.999987	4.56008e-07	0.00508641	4.54218e-07	1	-0.000178951	-0.00508641	0.000178951	0.999987	-0.0138931	0.000489754	5.48786	
0.999982	6.23143e-07	0.00594793	6.20265e-07	1	-0.000209047	-0.00594793	0.000209047	0.999982	-0.0189393	0.000667195	6.40249	
0.999977	8.171e-07	0.00681328	8.12763e-07	1	-0.000239216	-0.00681328	0.000239216	0.999977	-0.0247753	0.000872196	7.31712	
0.99997	1.03816e-06	0.00768243	1.03194e-06	1	-0.000269455	-0.00768243	0.000269455	0.99997	-0.0314045	0.00110482	8.23174	
0.999963	1.28661e-06	0.00855536	1.27802e-06	1	-0.000299763	-0.00855536	0.000299763	0.999963	-0.0388305	0.00136514	9.14635	
0.999956	1.56273e-06	0.00943202	1.55122e-06	1	-0.000330139	-0.00943202	0.000330139	0.999955	-0.0470565	0.00165321	10.061	
0.999947	1.86678e-06	0.0103124	1.85175e-06	1	-0.00036058	-0.0103124	0.00036058	0.999947	-0.0560861	0.00196909	10.9756	
0.999937	2.19904e-06	0.0111964	2.17983e-06	1	-0.000391084	-0.0111964	0.000391084	0.999937	-0.0659225	0.00231284	11.8902	
0.999927	2.55977e-06	0.012084	2.53565e-06	1	-0.000421651	-0.012084	0.000421651	0.999927	-0.0765692	0.00268453	12.8047	
0.999916	2.94923e-06	0.0129752	2.91942e-06	1	-0.000452277	-0.0129752	0.000452277	0.999916	-0.0880294	0.00308419	13.7193	
0.999904	3.36768e-06	0.01387	3.33132e-06	1	-0.000482962	-0.01387	0.000482961	0.999904	-0.100306	0.0035119	14.6339	
0.999891	3.81537e-06	0.0147683	3.77155e-06	1	-0.000513703	-0.0147683	0.000513702	0.999891	-0.113403	0.0039677	15.5484	
0.999877	4.29254e-06	0.01567	4.24029e-06	1	-0.000544499	-0.01567	0.000544498	0.999877	-0.127323	0.00445164	16.463	
0.999863	4.79945e-06	0.0165752	4.73772e-06	1	-0.000575347	-0.0165752	0.000575347	0.999862	-0.14207	0.00496377	17.3775	
0.999847	5.33632e-06	0.0174838	5.264e-06	1	-0.000606247	-0.0174838	0.000606246	0.999847	-0.157646	0.00550414	18.292	
0.999831	5.90338e-06	0.0183958	5.81932e-06	1	-0.000637196	-0.0183958	0.000637196	0.999831	-0.174055	0.00607279	19.2065	
0.999814	6.50088e-06	0.019311	6.40382e-06	1	-0.000668193	-0.019311	0.000668192	0.999813	-0.191299	0.00666978	20.121	
0.999795	7.12904e-06	0.0202296	7.01766e-06	1	-0.000699236	-0.0202296	0.000699235	0.999795	-0.209382	0.00729513	21.0355	
0.999776	7.78807e-06	0.0211514	7.661e-06	1	-0.000730323	-0.0211514	0.000730321	0.999776	-0.228306	0.0079489	21.9499	
0.999756	8.47818e-06	0.0220764	8.33398e-06	1	-0.000761452	-0.0220764	0.00076145	0.999756	-0.248075	0.00863113	22.8643	
0.999735	9.1996e-06	0.0230046	9.03675e-06	1	-0.000792622	-0.0230046	0.00079262	0.999735	-0.268692	0.00934184	23.7788	
0.999713	9.95252e-06	0.0239359	9.76943e-06	1	-0.000823831	-0.0239359	0.000823828	0.999713	-0.290159	0.0100811	24.6932	
0.999691	1.07371e-05	0.0248703	1.05322e-05	1	-0.000855076	-0.0248703	0.000855074	0.99969	-0.312479	0.0108489	25.6075	
0.999667	1.15537e-05	0.0258078	1.1325e-05	1	-0.000886358	-0.0258078	0.000886355	0.999667	-0.335655	0.0116453	26.5219	
0.999642	1.24023e-05	0.0267483	1.21482e-05	1	-0.000917673	-0.0267483	0.000917669	0.999642	-0.35969	0.0124703	27.4362	
0.999617	1.32832e-05	0.0276917	1.30018e-05	1	-0.00094902	-0.0276917	0.000949016	0.999616	-0.384587	0.013324	28.3505	
0.99959	1.41965e-05	0.0286381	1.38859e-05	1	-0.000980397	-0.0286381	0.000980392	0.999589	-0.410348	0.0142063	29.2648	
0.999562	1.51425e-05	0.0295874	1.48006e-05	0.999999	-0.0010118	-0.0295874	0.0010118	0.999562	-0.436976	0.0151174	30.1791	
0.999534	1.61213e-05	0.0305396	1.5746e-05	0.999999	-0.00104323	-0.0305396	0.00104323	0.999533	-0.464473	0.0160572	31.0933	
0.999504	1.71331e-05	0.0314945	1.67222e-05	0.999999	-0.00107469	-0.0314945	0.00107469	0.999503	-0.492843	0.0170258	32.0075	
0.999473	1.8178e-05	0.0324523	1.77293e-05	0.999999	-0.00110617	-0.0324523	0.00110617	0.999473	-0.522087	0.0180232	32.9217	
0.999442	1.92561e-05	0.0334128	1.87673e-05	0.999999	-0.00113768	-0.0334128	0.00113767	0.999441	-0.552209	0.0190493	33.8358	
0.999409	2.03678e-05	0.034376	1.98363e-05	0.999999	-0.0011692	-0.034376	0.00116919	0.999408	-0.58321	0.0201043	34.7499	
0.999375	2.1513e-05	0.0353418	2.09365e-05	0.999999	-0.00120074	-0.0353418	0.00120073	0.999375	-0.615094	0.0211881	35.664	
0.999341	2.26919e-05	0.0363103	2.20678e-05	0.999999	-0.0012323	-0.0363103	0.00123229	0.99934	-0.647862	0.0223008	36.5781	
0.999305	2.39046e-05	0.0372814	2.32303e-05	0.999999	-0.00126387	-0.0372814	0.00126386	0.999304	-0.681517	0.0234423	37.4921	
0.999268	2.51514e-05	0.038255	2.44241e-05	0.999999	-0.00129546	-0.038255	0.00129544	0.999267	-0.716062	0.0246128	38.4061	
0.99923	2.64322e-05	0.039231	2.56492e-05	0.999999	-0.00132705	-0.039231	0.00132704	0.999229	-0.751498	0.0258121	39.3201	
0.999191	2.77473e-05	0.0402096	2.69057e-05	0.999999	-0.00135866	-0.0402096	0.00135864	0.99919	-0.787828	0.0270403	40.234	
0.999151	2.90967e-05	0.0411906	2.81935e-05	0.999999	-0.00139028	-0.0411906	0.00139026	0.99915	-0.825054	0.0282974	41.1479	
0.99911	3.04806e-05	0.0421739	2.95128e-05	0.999999	-0.0014219	-0.0421739	0.00142188	0.999109	-0.863179	0.0295835	42.0617	
0.999068	3.1899e-05	0.0431596	3.08635e-05	0.999999	-0.00145353	-0.0431596	0.00145351	0.999067	-0.902204	0.0308985	42.9755	
0.999025	3.33521e-05	0.0441476	3.22456e-05	0.999999	-0.00148516	-0.0441476	0.00148513	0.999024	-0.942131	0.0322424	43.8893	
0.998981	3.48399e-05	0.0451378	3.36592e-05	0.999999	-0.00151679	-0.0451378	0.00151677	0.99898	-0.982964	0.0336152	44.8031	
0.998935	3.63625e-05	0.0461303	3.51042e-05	0.999999	-0.00154842	-0.0461303	0.0015484	0.998934	-1.0247	0.035017	45.7167	
0.998889	3.792e-05	0.0471249	3.65807e-05	0.999999	-0.00158006	-0.0471249	0.00158002	0.998888	-1.06735	0.0364477	46.6304	
0.998841	3.95125e-05	0.0481217	3.80887e-05	0.999999	-0.00161168	-0.0481217	0.00161165	0.99884	-1.11091	0.0379073	47.544	
0.998793	4.114e-05	0.0491206	3.96281e-05	0.999999	-0.00164331	-0.0491206	0.00164327	0.998792	-1.15538	0.0393959	48.4576	
0.998743	4.28027e-05	0.0501215	4.11989e-05	0.999999	-0.00167493	-0.0501215	0.00167489	0.998742	-1.20077	0.0409133	49.3711	
0.998692	4.45005e-05	0.0511244	4.28012e-05	0.999999	-0.00170654	-0.0511244	0.00170649	0.998691	-1.24707	0.0424597	50.2846	
0.99864	4.62335e-05	0.0521293	4.44348e-05	0.999998	-0.00173814	-0.0521293	0.00173809	0.998639	-1.29429	0.044035	51.198	
0.998587	4.80018e-05	0.0531361	4.60997e-05	0.999998	-0.00176972	-0.0531361	0.00176967	0.998586	-1.34243	0.0456392	52.1114	
0.998533	4.98054e-05	0.0541448	4.77959e-05	0.999998	-0.0018013	-0.0541448	0.00180125	0.998531	-1.39149	0.0472723	53.0247	
0.998478	5.16443e-05	0.0551554	4.95234e-05	0.999998	-0.00183286	-0.0551554	0.0018328	0.998476	-1.44148	0.0489342	53.938	
0.998421	5.35187e-05	0.0561677	5.1282e-05	0.999998	-0.00186441	-0.0561677	0.00186435	0.99842	-1.49239	0.050625	54.8512	
0.998478	5.29725e-05	0.0551565	-9.62347e-05	1	0.000781699	-0.0551564	-0.000785817	0.998477	-1.5433	0.0511182	55.7644	
0.998533	5.51046e-05	0.0541481	-0.000241117	0.999994	0.00342873	-0.0541476	-0.00343676	0.998527	-1.59329	0.0491871	56.6777	
0.998587	5.99e-05	0.0531427	-0.000383368	0.999981	0.00607662	-0.0531413	-0.0060884	0.998568	-1.64235	0.0448311	57.591	
0.99864	6.73439e-05	0.0521401	-0.00052299	0.999962	0.00872527	-0.0521376	-0.00874067	0.998602	-1.6905	0.0380494	58.5044	
0.998691	7.74214e-05	0.0511405	-0.000659984	0.999935	0.0113746	-0.0511363	-0.0113935	0.998627	-1.73773	0.0288415	59.4178	
0.998742	9.01179e-05	0.0501437	-0.000794355	0.999901	0.0140246	-0.0501375	-0.0140468	0.998644	-1.78404	0.0172071	60.3312	
0.998791	0.000105419	0.0491498	-0.000926103	0.999861	0.0166751	-0.0491412	-0.0167005	0.998652	-1.82944	0.00314562	61.2446	
0.99884	0.000123309	0.0481587	-0.00105523	0.999813	0.0193262	-0.0481473	-0.0193545	0.998653	-1.87394	-0.0133432	62.158	
0.998887	0.000143776	0.0471705	-0.00118175	0.999758	0.0219776	-0.0471559	-0.0220088	0.998645	-1.91752	-0.0322596	63.0714	
0.998933	0.000166803	0.0461851	-0.00130565	0.999696	0.0246293	-0.0461669	-0.0246633	0.998629	-1.9602	-0.0536039	63.9848	
0.998978	0.000192377	0.0452024	-0.00142694	0.999627	0.0272812	-0.0451803	-0.0273179	0.998605	-2.00198	-0.0773761	64.8982	
0.999022	0.000220484	0.0442226	-0.00154563	0.999551	0.0299334	-0.0441961	-0.0299725	0.998573	-2.04285	-0.103576	65.8115	
0.999064	0.000251111	0.0432455	-0.00166171	0.999468	0.0325856	-0.0432143	-0.032627	0.998533	-2.08282	-0.132205	66.7249	
0.999106	0.000284242	0.0422712	-0.0017752	0.999377	0.0352379	-0.0422349	-0.0352814	0.998485	-2.1219	-0.163261	67.6381	
0.999147	0.000319865	0.0412997	-0.00188609	0.99928	0.0378901	-0.0412578	-0.0379356	0.998428	-2.16009	-0.196745	68.5514	
0.999186	0.000357965	0.0403308	-0.00199439	0.999176	0.0405421	-0.0402831	-0.0405896	0.998364	-2.19738	-0.232656	69.4645	
0.999225	0.00039853	0.0393647	-0.0021001	0.999064	0.043194	-0.0393106	-0.0432432	0.998291	-2.23378	-0.270995	70.3777	
0.999262	0.000441546	0.0384012	-0.00220323	0.998946	0.0458456	-0.0383405	-0.0458963	0.99821	-2.26929	-0.31176	71.2907	
0.999694	0.00119724	0.0246943	-0.00277828	0.99794	0.06409	-0.0245667	-0.064139	0.997639	-2.29806	-0.362084	72.2035	
0.999937	0.00220327	0.0109988	-0.00310139	0.996601	0.0823192	-0.01078	-0.0823481	0.996545	-2.31422	-0.429079	73.1155	
0.99999	0.00345912	-0.0026781	-0.0031724	0.99493	0.100524	0.00301224	-0.100514	0.994931	-2.31778	-0.51271	74.0263	
0.999854	0.00496412	-0.0163292	-0.00299126	0.992926	0.118694	0.016803	-0.118628	0.992797	-2.30871	-0.612933	74.9354	
0.999529	0.00671749	-0.0299475	-0.00255808	0.990593	0.13682	0.0305849	-0.136679	0.990143	-2.28704	-0.729696	75.8423	
0.999014	0.00871832	-0.0435258	-0.00187308	0.987929	0.154893	0.0443508	-0.154659	0.986972	-2.25277	-0.862937	76.7465	
0.998311	0.0109656	-0.057057	-0.000936617	0.984938	0.172904	0.0580936	-0.172558	0.983285	-2.20592	-1.01259	77.6476	
0.997419	0.013458	-0.0705339	0.000250818	0.981621	0.190842	0.0718059	-0.190367	0.979083	-2.14651	-1.17857	78.5451	
0.996338	0.0161944	-0.0839497	0.0016886	0.977978	0.208699	0.0854808	-0.208077	0.97437	-2.07457	-1.36079	79.4385	
0.995071	0.0191733	-0.0972972	0.00337599	0.974013	0.226465	0.0991109	-0.225677	0.969147	-1.99015	-1.55917	80.3273	
0.993616	0.0223932	-0.11057	0.00531209	0.969728	0.244131	0.112689	-0.24316	0.963418	-1.89329	-1.77359	81.2112	
0.991975	0.0258523	-0.12376	0.0074959	0.965124	0.261688	0.126209	-0.260515	0.957185	-1.78403	-2.00394	82.0895	
0.990149	0.0295488	-0.136861	0.00992627	0.960203	0.279126	0.139662	-0.277735	0.950451	-1.66244	-2.25011	82.962	
0.988139	0.0334809	-0.149866	0.0126019	0.95497	0.296436	0.153042	-0.294809	0.943221	-1.52857	-2.51195	83.828	
0.985946	0.0376464	-0.162769	0.0155215	0.949425	0.31361	0.166343	-0.311729	0.935497	-1.3825	-2.78935	84.6872	
0.98357	0.0420432	-0.175562	0.0186834	0.943573	0.330638	0.179556	-0.328486	0.927285	-1.22431	-3.08215	85.5392	
0.981014	0.046669	-0.188239	0.0220861	0.937416	0.347511	0.192676	-0.345071	0.918587	-1.05407	-3.39019	86.3834	
0.978278	0.0515214	-0.200793	0.0257276	0.930957	0.364221	0.205695	-0.361476	0.909409	-0.871876	-3.71333	87.2194	
0.975364	0.0565978	-0.213218	0.0296062	0.9242	0.380759	0.218606	-0.377691	0.899756	-0.677825	-4.05138	88.0468	
0.972273	0.0618955	-0.225507	0.0337199	0.917149	0.397116	0.231403	-0.39371	0.889632	-0.472017	-4.40418	88.8652	
0.969008	0.0674119	-0.237653	0.0380663	0.909806	0.413284	0.244079	-0.409522	0.879043	-0.254559	-4.77153	89.6741	
