1	0	0	0	1	0	0	0	1	0	0	0	
0.999999	-7.60556e-07	-0.00141042	-7.60556e-07	0.999999	-0.00107848	0.00141042	0.00107848	0.999998	0.000635044	0.00048559	0.900505	
0.999996	-3.05379e-06	-0.00282606	-3.05432e-06	0.999998	-0.00216135	0.00282606	0.00216135	0.999994	0.00254253	0.00194433	1.80101	
0.999991	-6.89705e-06	-0.00424687	-6.8992e-06	0.999995	-0.00324854	0.00424687	0.00324854	0.999986	0.00572713	0.00438015	2.7015	
0.999984	-1.23075e-05	-0.00567279	-1.23129e-05	0.999991	-0.00434003	0.00567279	0.00434003	0.999974	0.0101935	0.00779692	3.60199	
0.999975	-1.93022e-05	-0.00710377	-1.9313e-05	0.999985	-0.00543577	0.00710377	0.00543577	0.99996	0.0159462	0.0121985	4.50247	
0.999964	-2.78979e-05	-0.00853973	-2.7917e-05	0.999979	-0.00653572	0.00853973	0.00653572	0.999942	0.0229897	0.0175887	5.40293	
0.99995	-3.81114e-05	-0.00998063	-3.81419e-05	0.999971	-0.00763983	0.00998063	0.00763983	0.999921	0.0313285	0.0239713	6.30337	
0.999935	-4.9959e-05	-0.0114264	-5.0005e-05	0.999962	-0.00874806	0.0114264	0.00874806	0.999896	0.0409671	0.03135	7.20379	
0.999917	-6.34571e-05	-0.012877	-6.35231e-05	0.999951	-0.00986038	0.012877	0.00986038	0.999868	0.0519098	0.0397285	8.10419	
0.999897	-7.86219e-05	-0.0143323	-7.87128e-05	0.99994	-0.0109767	0.0143323	0.0109767	0.999837	0.0641608	0.0491104	9.00457	
0.999875	-9.54691e-05	-0.0157923	-9.55908e-05	0.999927	-0.0120971	0.0157923	0.0120971	0.999802	0.0777245	0.0594995	9.90491	
0.999851	-0.000114015	-0.017257	-0.000114173	0.999913	-0.0132214	0.017257	0.0132214	0.999764	0.0926051	0.0708991	10.8052	
0.999825	-0.000134274	-0.0187262	-0.000134477	0.999897	-0.0143496	0.0187262	0.0143496	0.999722	0.108807	0.083313	11.7055	
0.999796	-0.000156262	-0.0202	-0.000156517	0.99988	-0.0154816	0.0202	0.0154816	0.999676	0.126333	0.0967446	12.6057	
0.999765	-0.000179995	-0.0216782	-0.000180309	0.999862	-0.0166175	0.0216782	0.0166175	0.999627	0.145189	0.111197	13.5059	
0.999732	-0.000205487	-0.0231608	-0.00020587	0.999842	-0.0177571	0.0231608	0.0177571	0.999574	0.165378	0.126675	14.4061	
0.999696	-0.000232753	-0.0246477	-0.000233214	0.999821	-0.0189005	0.0246477	0.0189005	0.999518	0.186904	0.14318	15.3062	
0.999658	-0.000261807	-0.0261389	-0.000262356	0.999799	-0.0200476	0.0261389	0.0200476	0.999457	0.209771	0.160716	16.2062	
0.999618	-0.000292664	-0.0276343	-0.000293312	0.999775	-0.0211983	0.0276343	0.0211983	0.999393	0.233982	0.179287	17.1062	
0.999575	-0.000325338	-0.0291338	-0.000326097	0.99975	-0.0223526	0.0291338	0.0223526	0.999326	0.259542	0.198896	18.0061	
0.99953	-0.000359843	-0.0306375	-0.000360724	0.999724	-0.0235104	0.0306374	0.0235104	0.999254	0.286454	0.219546	18.906	
0.999483	-0.000396193	-0.0321451	-0.000397209	0.999696	-0.0246718	0.0321451	0.0246718	0.999179	0.314722	0.24124	19.8058	
0.999433	-0.0004344	-0.0336567	-0.000435565	0.999666	-0.0258366	0.0336567	0.0258366	0.999099	0.34435	0.263982	20.7055	
0.999381	-0.000474479	-0.0351722	-0.000475807	0.999635	-0.0270048	0.0351722	0.0270048	0.999016	0.37534	0.287774	21.6052	
0.999327	-0.000516442	-0.0366916	-0.000517948	0.999603	-0.0281764	0.0366916	0.0281764	0.998929	0.407697	0.312619	22.5048	
0.999269	-0.000560302	-0.0382147	-0.000562001	0.999569	-0.0293513	0.0382147	0.0293513	0.998838	0.441424	0.338521	23.4043	
0.99921	-0.000606072	-0.0397416	-0.000607981	0.999534	-0.0305295	0.0397415	0.0305295	0.998743	0.476524	0.365483	24.3037	
0.999148	-0.000653764	-0.0412721	-0.000655899	0.999497	-0.0317109	0.041272	0.031711	0.998645	0.513	0.393507	25.203	
0.999083	-0.000703389	-0.0428061	-0.000705769	0.999459	-0.0328955	0.0428061	0.0328956	0.998542	0.550857	0.422596	26.1022	
0.999016	-0.000754961	-0.0443438	-0.000757604	0.999419	-0.0340833	0.0443437	0.0340833	0.998435	0.590096	0.452753	27.0014	
0.998946	-0.000808491	-0.0458848	-0.000811415	0.999377	-0.0352741	0.0458848	0.0352742	0.998324	0.630722	0.483982	27.9004	
0.998874	-0.00086399	-0.0474293	-0.000867215	0.999334	-0.036468	0.0474293	0.0364681	0.998209	0.672737	0.516284	28.7994	
0.998799	-0.000921469	-0.0489772	-0.000925017	0.99929	-0.0376649	0.0489771	0.037665	0.998089	0.716144	0.549663	29.6982	
0.998722	-0.000980939	-0.0505283	-0.00098483	0.999244	-0.0388648	0.0505282	0.0388649	0.997966	0.760946	0.58412	30.5969	
0.998642	-0.00104241	-0.0520826	-0.00104667	0.999196	-0.0400675	0.0520825	0.0400676	0.997839	0.807147	0.61966	31.4956	
0.99856	-0.0011059	-0.0536401	-0.00111054	0.999147	-0.0412731	0.05364	0.0412733	0.997707	0.854749	0.656284	32.3941	
0.998475	-0.0011714	-0.0552006	-0.00117646	0.999097	-0.0424816	0.0552005	0.0424817	0.997571	0.903755	0.693995	33.2924	
0.998387	-0.00123894	-0.0567642	-0.00124443	0.999044	-0.0436928	0.0567641	0.0436929	0.997431	0.954167	0.732795	34.1907	
0.998296	-0.00130852	-0.0583308	-0.00131448	0.99899	-0.0449067	0.0583306	0.0449069	0.997287	1.00599	0.772687	35.0888	
0.998203	-0.00138016	-0.0599002	-0.0013866	0.998935	-0.0461233	0.0599001	0.0461235	0.997138	1.05922	0.813674	35.9868	
0.998108	-0.00145385	-0.0614725	-0.00146081	0.998878	-0.0473425	0.0614724	0.0473427	0.996985	1.11387	0.855757	36.8847	
0.998009	-0.00152962	-0.0630476	-0.00153711	0.998819	-0.0485643	0.0630474	0.0485645	0.996828	1.16994	0.89894	37.7824	
0.997908	-0.00160746	-0.0646254	-0.00161552	0.998758	-0.0497886	0.0646252	0.0497889	0.996667	1.22742	0.943224	38.68	
0.997805	-0.00168739	-0.0662058	-0.00169605	0.998696	-0.0510154	0.0662056	0.0510157	0.996501	1.28633	0.988611	39.5774	
0.997698	-0.00176942	-0.0677888	-0.0017787	0.998633	-0.0522447	0.0677886	0.052245	0.996331	1.34666	1.0351	40.4747	
0.997589	-0.00185354	-0.0693743	-0.00186349	0.998567	-0.0534763	0.0693741	0.0534766	0.996156	1.40842	1.08271	41.3718	
0.997477	-0.00193978	-0.0709623	-0.00195041	0.9985	-0.0547103	0.070962	0.0547106	0.995977	1.4716	1.13142	42.2688	
0.997363	-0.00202814	-0.0725527	-0.00203949	0.998432	-0.0559465	0.0725524	0.0559469	0.995794	1.53622	1.18124	43.1656	
0.997245	-0.00211862	-0.0741454	-0.00213073	0.998361	-0.057185	0.0741451	0.0571855	0.995607	1.60227	1.23218	44.0622	
0.997125	-0.00221124	-0.0757404	-0.00222413	0.998289	-0.0584257	0.07574	0.0584262	0.995414	1.66976	1.28423	44.9587	
0.997002	-0.00230599	-0.0773376	-0.0023197	0.998216	-0.0596686	0.0773372	0.0596691	0.995218	1.73868	1.33741	45.8549	
0.996877	-0.00240289	-0.0789369	-0.00241746	0.99814	-0.0609136	0.0789365	0.0609141	0.995017	1.80904	1.3917	46.7511	
0.996748	-0.00250194	-0.0805383	-0.0025174	0.998063	-0.0621606	0.0805378	0.0621612	0.994811	1.88085	1.44711	47.647	
0.996617	-0.00260315	-0.0821417	-0.00261953	0.997984	-0.0634096	0.0821412	0.0634102	0.994601	1.95409	1.50365	48.5427	
0.996483	-0.00270652	-0.0837471	-0.00272386	0.997904	-0.0646605	0.0837465	0.0646613	0.994387	2.02879	1.56132	49.4383	
0.996347	-0.00281206	-0.0853543	-0.0028304	0.997821	-0.0659134	0.0853537	0.0659142	0.994168	2.10492	1.62011	50.3336	
0.996207	-0.00291977	-0.0869634	-0.00293916	0.997737	-0.0671681	0.0869628	0.067169	0.993945	2.18251	1.68003	51.2288	
0.996065	-0.00302966	-0.0885743	-0.00305013	0.997652	-0.0684247	0.0885736	0.0684256	0.993717	2.26155	1.74108	52.1237	
0.99592	-0.00314173	-0.0901868	-0.00316332	0.997564	-0.069683	0.090186	0.0696839	0.993484	2.34203	1.80327	53.0185	
0.995772	-0.00325598	-0.0918009	-0.00327873	0.997475	-0.070943	0.0918001	0.070944	0.993247	2.42397	1.86659	53.913	
0.995881	-0.00316965	-0.0906173	-0.00355297	0.997257	-0.0739295	0.0906031	0.0739469	0.993138	2.5061	1.93182	54.8074	
0.995988	-0.00308001	-0.0894375	-0.00382404	0.99703	-0.0769203	0.0894088	0.0769537	0.993018	2.58715	1.99977	55.7016	
0.996093	-0.00298708	-0.0882614	-0.00409192	0.996793	-0.0799152	0.0882171	0.0799641	0.992886	2.66713	2.07042	56.5958	
0.996196	-0.00289086	-0.0870889	-0.00435658	0.996547	-0.082914	0.0870279	0.082978	0.992744	2.74603	2.14378	57.4898	
0.996298	-0.00279137	-0.0859199	-0.00461801	0.996292	-0.0859165	0.0858411	0.0859952	0.992591	2.82387	2.21987	58.3837	
0.996398	-0.00268861	-0.0847544	-0.00487619	0.996027	-0.0889223	0.0846567	0.0890153	0.992426	2.90063	2.29866	59.2775	
0.996497	-0.00258258	-0.0835922	-0.0051311	0.995752	-0.0919313	0.0834745	0.0920382	0.99225	2.97634	2.38018	60.1711	
0.996594	-0.0024733	-0.0824331	-0.00538272	0.995468	-0.0949433	0.0822944	0.0950636	0.992064	3.05097	2.46443	61.0645	
0.996689	-0.00236076	-0.0812773	-0.00563103	0.995175	-0.097958	0.0811163	0.0980913	0.991866	3.12455	2.5514	61.9578	
0.996782	-0.00224498	-0.0801244	-0.00587602	0.994872	-0.100975	0.0799402	0.101121	0.991657	3.19707	2.64109	62.8509	
0.996874	-0.00212595	-0.0789745	-0.00611766	0.994559	-0.103995	0.0787659	0.104153	0.991437	3.26852	2.73352	63.7438	
0.996965	-0.00200367	-0.0778273	-0.00635595	0.994237	-0.107016	0.0775933	0.107186	0.991207	3.33892	2.82867	64.6365	
0.997054	-0.00187815	-0.0766829	-0.00659086	0.993905	-0.110039	0.0764223	0.110221	0.990965	3.40827	2.92656	65.529	
0.997141	-0.00174939	-0.0755412	-0.00682237	0.993564	-0.113064	0.0752528	0.113256	0.990712	3.47656	3.02718	66.4212	
0.997227	-0.00161739	-0.0744019	-0.00705048	0.993214	-0.11609	0.0740847	0.116293	0.990448	3.5438	3.13054	67.3132	
0.997311	-0.00148214	-0.073265	-0.00727517	0.992853	-0.119118	0.072918	0.11933	0.990173	3.60999	3.23663	68.205	
0.997394	-0.00134365	-0.0721305	-0.00749641	0.992484	-0.122146	0.0717525	0.122368	0.989888	3.67513	3.34545	69.0966	
0.997476	-0.00120191	-0.0709981	-0.0077142	0.992105	-0.125174	0.070588	0.125406	0.989591	3.73922	3.45701	69.9878	
0.997556	-0.00105693	-0.0698679	-0.00792853	0.991716	-0.128204	0.0694246	0.128444	0.989284	3.80226	3.57131	70.8788	
0.998697	0.00150468	-0.0510136	-0.00864553	0.990107	-0.14005	0.0502982	0.140309	0.988829	3.85617	3.69232	71.7695	
0.999473	0.00429178	-0.0321728	-0.00913329	0.988355	-0.151889	0.0311462	0.152102	0.987874	3.89284	3.82399	72.6596	
0.999884	0.00730297	-0.0133549	-0.00939156	0.986463	-0.163712	0.0119785	0.163819	0.986418	3.91226	3.96624	73.5485	
0.99993	0.0105367	0.00543045	-0.00942021	0.984432	-0.175516	-0.00719526	0.175452	0.984462	3.91441	4.119	74.436	
0.99961	0.0139914	0.0241737	-0.00921922	0.982261	-0.187293	-0.0263654	0.186997	0.982007	3.8993	4.2822	75.3214	
0.998925	0.0176652	0.0428655	-0.00878869	0.979953	-0.199037	-0.0455222	0.198446	0.979054	3.86693	4.45576	76.2044	
0.997875	0.0215564	0.0614962	-0.00812885	0.977508	-0.210743	-0.0646559	0.209796	0.975605	3.81732	4.63958	77.0845	
0.99646	0.0256628	0.0800565	-0.00724002	0.974927	-0.222405	-0.0837568	0.221038	0.971662	3.75049	4.83357	77.9613	
0.994682	0.0299826	0.0985369	-0.00612266	0.972213	-0.234017	-0.102815	0.232169	0.967226	3.66649	5.03763	78.8344	
0.99254	0.0345133	0.116928	-0.00477734	0.969366	-0.245573	-0.121822	0.243182	0.9623	3.56534	5.25167	79.7032	
0.990038	0.0392529	0.135221	-0.00320473	0.966388	-0.257067	-0.140766	0.254072	0.956887	3.4471	5.47557	80.5673	
0.987174	0.0441988	0.153406	-0.00140563	0.963281	-0.268493	-0.15964	0.264833	0.950988	3.31184	5.70922	81.4264	
0.983952	0.0493486	0.171473	0.000619042	0.960045	-0.279845	-0.178432	0.27546	0.944608	3.15961	5.9525	82.2799	
0.980372	0.0546997	0.189415	0.00286826	0.956683	-0.291118	-0.197134	0.285948	0.937748	2.99051	6.20528	83.1275	
0.976437	0.0602492	0.207221	0.0053409	0.953196	-0.302307	-0.215736	0.29629	0.930414	2.8046	6.46745	83.9687	
0.972148	0.0659945	0.224883	0.00803568	0.949586	-0.313404	-0.234229	0.306482	0.922608	2.602	6.73886	84.803	
0.967508	0.0719326	0.242392	0.0109513	0.945855	-0.324405	-0.252603	0.316519	0.914334	2.38279	7.01938	85.6302	
0.962519	0.0780605	0.259739	0.0140862	0.942004	-0.335305	-0.270849	0.326396	0.905597	2.1471	7.30887	86.4496	
0.957183	0.0843752	0.276914	0.0174388	0.938037	-0.346097	-0.288958	0.336107	0.896401	1.89503	7.60717	87.261	
0.951503	0.0908733	0.29391	0.0210074	0.933954	-0.356776	-0.30692	0.345648	0.886751	1.62672	7.91415	88.0639	
