1	0	0	0	1	0	0	0	1	0	0	0	
0.999995	4.63575e-06	-0.00301795	4.63575e-06	0.999995	0.00307211	0.00301795	-0.00307211	0.999991	0.00159891	-0.0016276	1.05959	
0.999982	1.85779e-05	-0.00604162	1.85768e-05	0.999981	0.00614968	0.00604162	-0.00614968	0.999963	0.00639865	-0.00651329	2.11917	
0.999959	4.18775e-05	-0.00907085	4.18733e-05	0.999957	0.00923258	0.00907085	-0.00923258	0.999916	0.0144052	-0.0146628	3.1787	
0.999927	7.45846e-05	-0.0121055	7.45741e-05	0.999924	0.0123206	0.0121055	-0.0123206	0.999851	0.0256244	-0.0260817	4.23817	
0.999885	0.000116748	-0.0151454	0.000116727	0.999881	0.0154137	0.0151454	-0.0154137	0.999766	0.040062	-0.0407753	5.29757	
0.999835	0.000168415	-0.0181905	0.000168378	0.999829	0.0185117	0.0181905	-0.0185116	0.999663	0.0577233	-0.0587489	6.35686	
0.999774	0.000229632	-0.0212405	0.000229572	0.999766	0.0216143	0.0212405	-0.0216143	0.999541	0.0786138	-0.0800076	7.41604	
0.999705	0.000300444	-0.0242954	0.000300354	0.999694	0.0247215	0.0242954	-0.0247215	0.999399	0.102739	-0.104556	8.47508	
0.999626	0.000380894	-0.0273549	0.000380767	0.999613	0.0278331	0.0273549	-0.0278331	0.999238	0.130103	-0.1324	9.53395	
0.999537	0.000471027	-0.0304189	0.000470851	0.999521	0.0309489	0.0304189	-0.0309489	0.999058	0.160711	-0.163542	10.5926	
0.999439	0.000570882	-0.0334874	0.000570647	0.999419	0.0340689	0.0334874	-0.0340689	0.998858	0.194569	-0.197989	11.6511	
0.999331	0.0006805	-0.03656	0.000680194	0.999308	0.0371928	0.03656	-0.0371928	0.998639	0.23168	-0.235743	12.7094	
0.999214	0.000799921	-0.0396367	0.000799531	0.999186	0.0403205	0.0396367	-0.0403205	0.9984	0.272049	-0.276809	13.7674	
0.999087	0.000929181	-0.0427174	0.000928693	0.999055	0.0434518	0.0427174	-0.0434518	0.998142	0.31568	-0.321192	14.8252	
0.99895	0.00106832	-0.0458018	0.00106772	0.998914	0.0465866	0.0458018	-0.0465866	0.997864	0.362577	-0.368894	15.8827	
0.998803	0.00121737	-0.0488899	0.00121663	0.998762	0.0497247	0.0488899	-0.0497247	0.997566	0.412745	-0.41992	16.9399	
0.998647	0.00137636	-0.0519814	0.00137548	0.998601	0.0528661	0.0519815	-0.052866	0.997248	0.466186	-0.474272	17.9967	
0.998481	0.00154533	-0.0550763	0.00154429	0.998429	0.0560104	0.0550763	-0.0560104	0.99691	0.522905	-0.531955	19.0532	
0.998305	0.00172432	-0.0581744	0.00172308	0.998247	0.0591576	0.0581744	-0.0591576	0.996552	0.582906	-0.592971	20.1094	
0.998119	0.00191334	-0.0612754	0.0019119	0.998055	0.0623076	0.0612755	-0.0623075	0.996174	0.64619	-0.657323	21.1651	
0.997923	0.00211243	-0.0643794	0.00211076	0.997853	0.0654601	0.0643795	-0.06546	0.995776	0.712762	-0.725014	22.2204	
0.997718	0.00232163	-0.0674861	0.0023197	0.997641	0.068615	0.0674862	-0.0686149	0.995358	0.782624	-0.796047	23.2753	
0.997502	0.00254094	-0.0705954	0.00253874	0.997418	0.0717722	0.0705954	-0.0717721	0.99492	0.85578	-0.870424	24.3298	
0.997276	0.00277041	-0.0737071	0.00276791	0.997185	0.0749315	0.0737072	-0.0749314	0.994461	0.932231	-0.948147	25.3837	
0.99704	0.00301005	-0.076821	0.00300722	0.996942	0.0780927	0.0768212	-0.0780926	0.993982	1.01198	-1.02922	26.4372	
0.996795	0.00325989	-0.0799372	0.0032567	0.996688	0.0812558	0.0799373	-0.0812557	0.993483	1.09503	-1.11364	27.4902	
0.996539	0.00351995	-0.0830553	0.00351637	0.996424	0.0844205	0.0830554	-0.0844204	0.992963	1.18138	-1.20142	28.5426	
0.996273	0.00379025	-0.0861752	0.00378626	0.99615	0.0875867	0.0861754	-0.0875866	0.992422	1.27104	-1.29255	29.5944	
0.995997	0.00407081	-0.0892968	0.00406637	0.995865	0.0907543	0.089297	-0.0907541	0.991862	1.36401	-1.38703	30.6457	
0.995711	0.00436165	-0.09242	0.00435673	0.99557	0.0939231	0.0924202	-0.0939228	0.99128	1.46028	-1.48487	31.6964	
0.995414	0.00466278	-0.0955445	0.00465734	0.995264	0.0970929	0.0955448	-0.0970926	0.990679	1.55986	-1.58607	32.7464	
0.995108	0.00497423	-0.0986703	0.00496824	0.994949	0.100264	0.0986706	-0.100263	0.990056	1.66276	-1.69063	33.7958	
0.994791	0.005296	-0.101797	0.00528942	0.994622	0.103435	0.101797	-0.103435	0.989413	1.76897	-1.79855	34.8445	
0.994464	0.00562811	-0.104925	0.00562091	0.994285	0.106607	0.104925	-0.106607	0.98875	1.87849	-1.90983	35.8926	
0.994127	0.00597057	-0.108054	0.00596271	0.993938	0.10978	0.108054	-0.109779	0.988065	1.99133	-2.02447	36.9399	
0.99378	0.00632339	-0.111183	0.00631483	0.99358	0.112952	0.111183	-0.112952	0.98736	2.10748	-2.14247	37.9865	
0.993422	0.00668659	-0.114312	0.00667728	0.993212	0.116125	0.114313	-0.116125	0.986634	2.22694	-2.26384	39.0323	
0.993055	0.00706017	-0.117443	0.00705008	0.992833	0.119298	0.117443	-0.119298	0.985888	2.34973	-2.38856	40.0773	
0.992677	0.00744413	-0.120573	0.00743321	0.992444	0.122471	0.120573	-0.12247	0.985121	2.47583	-2.51665	41.1216	
0.992288	0.00783849	-0.123703	0.0078267	0.992045	0.125643	0.123704	-0.125643	0.984333	2.60525	-2.6481	42.165	
0.99189	0.00824325	-0.126833	0.00823054	0.991634	0.128815	0.126834	-0.128815	0.983524	2.73798	-2.78291	43.2075	
0.991481	0.00865842	-0.129963	0.00864474	0.991214	0.131987	0.129964	-0.131986	0.982695	2.87403	-2.92108	44.2492	
0.991062	0.00908398	-0.133093	0.0090693	0.990783	0.135157	0.133094	-0.135156	0.981845	3.0134	-3.06262	45.2901	
0.990633	0.00951996	-0.136222	0.00950422	0.990341	0.138327	0.136223	-0.138326	0.980974	3.15609	-3.20751	46.33	
0.990193	0.00996634	-0.13935	0.00994949	0.989889	0.141496	0.139352	-0.141495	0.980082	3.30208	-3.35576	47.3689	
0.989743	0.0104231	-0.142478	0.0104051	0.989426	0.144663	0.142479	-0.144662	0.979169	3.4514	-3.50736	48.4069	
0.989283	0.0108903	-0.145604	0.0108711	0.988953	0.147829	0.145606	-0.147828	0.978236	3.60403	-3.66232	49.444	
0.988813	0.0113679	-0.14873	0.0113474	0.98847	0.150994	0.148732	-0.150992	0.977282	3.75997	-3.82064	50.48	
0.988332	0.0118559	-0.151854	0.0118341	0.987975	0.154157	0.151856	-0.154155	0.976307	3.91922	-3.9823	51.515	
0.987841	0.0123543	-0.154977	0.0123311	0.987471	0.157318	0.154979	-0.157316	0.975312	4.08178	-4.14732	52.549	
0.98734	0.0128631	-0.158098	0.0128384	0.986956	0.160478	0.1581	-0.160476	0.974296	4.24765	-4.31569	53.5819	
0.986828	0.0133822	-0.161218	0.0133561	0.986431	0.163635	0.16122	-0.163633	0.973259	4.41682	-4.4874	54.6137	
0.986306	0.0139117	-0.164335	0.0138841	0.985895	0.16679	0.164338	-0.166787	0.972201	4.5893	-4.66246	55.6444	
0.985774	0.0144516	-0.167451	0.0144223	0.985348	0.169942	0.167454	-0.16994	0.971123	4.76508	-4.84085	56.6739	
0.985232	0.0150018	-0.170565	0.0149709	0.984792	0.173092	0.170567	-0.17309	0.970024	4.94417	-5.02259	57.7024	
0.98468	0.0155623	-0.173676	0.0155297	0.984225	0.17624	0.173679	-0.176237	0.968905	5.12655	-5.20766	58.7296	
0.984117	0.0161332	-0.176785	0.0160987	0.983647	0.179384	0.176788	-0.179381	0.967765	5.31222	-5.39607	59.7557	
0.983545	0.0167144	-0.179891	0.016678	0.98306	0.182526	0.179894	-0.182523	0.966604	5.50119	-5.58781	60.7805	
0.982962	0.0173058	-0.182995	0.0172676	0.982461	0.185665	0.182998	-0.185661	0.965423	5.69345	-5.78287	61.8041	
0.982368	0.0179075	-0.186095	0.0178673	0.981853	0.1888	0.186099	-0.188796	0.964221	5.889	-5.98126	62.8264	
0.981765	0.0185195	-0.189193	0.0184772	0.981234	0.191932	0.189197	-0.191928	0.962999	6.08783	-6.18296	63.8474	
0.981152	0.0191417	-0.192288	0.0190973	0.980605	0.195061	0.192292	-0.195056	0.961757	6.28995	-6.38799	64.8672	
0.980528	0.0197741	-0.195379	0.0197275	0.979966	0.198185	0.195384	-0.198181	0.960494	6.49534	-6.59632	65.8856	
0.979895	0.0204167	-0.198467	0.0203678	0.979317	0.201307	0.198472	-0.201302	0.959211	6.704	-6.80797	66.9026	
0.979251	0.0210695	-0.201552	0.0210182	0.978657	0.204424	0.201557	-0.204418	0.957908	6.91594	-7.02292	67.9183	
0.979175	0.0211464	-0.201912	0.0211369	0.978536	0.204987	0.201913	-0.204986	0.957712	7.12969	-7.23982	68.9332	
0.979099	0.0212237	-0.202272	0.0212559	0.978416	0.205551	0.202269	-0.205554	0.957515	7.34383	-7.45732	69.9479	
0.982829	0.0174184	-0.183693	0.0177603	0.981982	0.188139	0.18366	-0.188171	0.964811	7.54831	-7.66593	70.9664	
0.986198	0.0139503	-0.164979	0.0146031	0.985232	0.170602	0.164923	-0.170657	0.97143	7.73299	-7.85605	71.9923	
0.989204	0.010822	-0.146144	0.0117863	0.988163	0.152951	0.14607	-0.153022	0.977368	7.89777	-8.02754	73.0248	
0.991844	0.00803551	-0.127201	0.00931193	0.990775	0.135198	0.127114	-0.13528	0.98262	8.04251	-8.18029	74.0633	
0.994117	0.00559294	-0.108163	0.00718178	0.993064	0.117357	0.108069	-0.117444	0.987182	8.16711	-8.31419	75.1069	
0.996022	0.00349594	-0.0890432	0.00539731	0.995029	0.0994394	0.0889482	-0.0995244	0.991052	8.2715	-8.42915	76.155	
0.997556	0.001746	-0.0698555	0.00395977	0.996669	0.0814579	0.069765	-0.0815354	0.994226	8.35559	-8.52508	77.2069	
0.998718	0.000344339	-0.0506132	0.00287018	0.997982	0.0634252	0.0505329	-0.0634892	0.996702	8.41933	-8.60192	78.2618	
0.999509	-0.000708059	-0.0313297	0.0021293	0.998969	0.045354	0.0312653	-0.0453984	0.99848	8.46267	-8.65961	79.3189	
0.999927	-0.00141045	-0.0120187	0.00173765	0.999627	0.0272569	0.0119758	-0.0272758	0.999556	8.48558	-8.69812	80.3775	
0.999972	-0.00176235	0.00730629	0.0016955	0.999957	0.00914666	-0.00732209	-0.00913401	0.999931	8.48804	-8.71741	81.4369	
0.999644	-0.00176351	0.0266318	0.00200288	0.999958	-0.00896402	-0.0266149	0.00901416	0.999605	8.47006	-8.71747	82.4963	
0.998943	-0.00141393	0.0459442	0.00265958	0.99963	-0.0270624	-0.045889	0.027156	0.998577	8.43165	-8.69831	83.555	
0.99787	-0.000713846	0.06523	0.00366513	0.998974	-0.0451359	-0.0651309	0.0452788	0.996849	8.37283	-8.65993	84.6122	
0.996425	0.000336242	0.0844756	0.00501884	0.99799	-0.0631717	-0.0843271	0.0633698	0.994421	8.29364	-8.60236	85.6672	
0.99461	0.0017356	0.103668	0.00671974	0.996679	-0.0811572	-0.103464	0.0814164	0.991295	8.19414	-8.52565	86.7193	
0.992426	0.00348324	0.122792	0.00876666	0.995041	-0.0990797	-0.122529	0.0994058	0.987474	8.0744	-8.42985	87.7677	
0.989874	0.00557795	0.141837	0.0111581	0.993078	-0.116927	-0.141507	0.117325	0.98296	7.93451	-8.31502	88.8117	
0.986957	0.00801825	0.160787	0.0138925	0.990791	-0.134686	-0.160386	0.135163	0.977756	7.77456	-8.18124	89.8506	
0.983675	0.0108024	0.17963	0.0169679	0.988182	-0.152344	-0.179153	0.152905	0.971866	7.59466	-8.02861	90.8835	
0.980032	0.0139285	0.198353	0.020382	0.985252	-0.16989	-0.197794	0.170541	0.965295	7.39494	-7.85724	91.9099	
0.97603	0.0173944	0.216942	0.0241326	0.982004	-0.187311	-0.216296	0.188056	0.958045	7.17555	-7.66725	92.9289	
0.971671	0.0211975	0.235384	0.028217	0.97844	-0.204594	-0.234646	0.20544	0.950124	6.93663	-7.45876	93.9399	
0.96696	0.0253353	0.253667	0.0326323	0.974563	-0.221727	-0.252832	0.222679	0.941536	6.67835	-7.23193	94.9422	
0.961898	0.0298048	0.271778	0.0373754	0.970374	-0.238699	-0.27084	0.239762	0.932287	6.40089	-6.98692	95.935	
0.956491	0.0346028	0.289703	0.0424431	0.965878	-0.255498	-0.288658	0.256677	0.922384	6.10445	-6.72389	96.9177	
0.950741	0.0397262	0.307431	0.0478316	0.961076	-0.272111	-0.306274	0.273412	0.911834	5.78924	-6.44303	97.8895	
0.944652	0.0451711	0.324948	0.0535373	0.955974	-0.288528	-0.323675	0.289955	0.900644	5.45547	-6.14454	98.8498	
0.93823	0.0509339	0.342243	0.0595562	0.950573	-0.304736	-0.340849	0.306295	0.888823	5.10339	-5.82863	99.7979	
0.931478	0.0570104	0.359304	0.065884	0.944879	-0.320724	-0.357783	0.322419	0.876377	4.73323	-5.49552	100.733	
0.9244	0.0633964	0.376118	0.0725163	0.938894	-0.336481	-0.374467	0.338318	0.863317	4.34527	-5.14544	101.655	
0.917003	0.0700874	0.392674	0.0794485	0.932624	-0.351996	-0.390888	0.353979	0.84965	3.93976	-4.77865	102.562	
