1	0	0	0	1	0	0	0	1	0	0	0	
1	8.53927e-07	-0.000388679	8.53927e-07	0.99999	0.00439398	0.000388679	-0.00439398	0.99999	0.000174317	-0.00197063	0.896967	
1	3.43301e-06	-0.000779861	3.42351e-06	0.999961	0.0087918	0.000779861	-0.0087918	0.999961	0.00069839	-0.00788427	1.79392	
0.999999	7.7608e-06	-0.00117354	7.72276e-06	0.999913	0.0131933	0.00117354	-0.0131933	0.999912	0.00157446	-0.0177443	2.69083	
0.999999	1.38608e-05	-0.0015697	1.37656e-05	0.999845	0.0175984	0.0015697	-0.0175984	0.999844	0.00280476	-0.031554	3.58769	
0.999998	2.17565e-05	-0.00196834	2.1566e-05	0.999758	0.022007	0.00196834	-0.022007	0.999756	0.00439152	-0.0493164	4.48448	
0.999997	3.14713e-05	-0.00236944	3.11375e-05	0.999651	0.0264188	0.00236945	-0.0264188	0.999648	0.00633696	-0.0710347	5.38119	
0.999996	4.30286e-05	-0.002773	4.24941e-05	0.999525	0.0308337	0.00277301	-0.0308337	0.999521	0.00864327	-0.0967116	6.27779	
0.999995	5.64516e-05	-0.00317901	5.56493e-05	0.999378	0.0352517	0.00317903	-0.0352517	0.999373	0.0113127	-0.12635	7.17426	
0.999994	7.17638e-05	-0.00358746	7.06166e-05	0.999213	0.0396725	0.00358748	-0.0396725	0.999206	0.0143474	-0.159952	8.0706	
0.999992	8.89882e-05	-0.00399833	8.74096e-05	0.999027	0.044096	0.00399837	-0.044096	0.999019	0.0177495	-0.197521	8.96677	
0.99999	0.000108148	-0.00441162	0.000106042	0.998822	0.0485221	0.00441167	-0.0485221	0.998812	0.0215213	-0.239059	9.86277	
0.999988	0.000129266	-0.00482732	0.000126526	0.998597	0.0529506	0.00482739	-0.0529506	0.998585	0.0256649	-0.284568	10.7586	
0.999986	0.000152366	-0.00524541	0.000148876	0.998352	0.0573814	0.00524551	-0.0573814	0.998339	0.0301824	-0.334051	11.6542	
0.999984	0.000177471	-0.00566589	0.000173104	0.998088	0.0618143	0.00566602	-0.0618143	0.998072	0.0350761	-0.387508	12.5495	
0.999981	0.000204603	-0.00608874	0.000199225	0.997803	0.0662493	0.00608891	-0.0662493	0.997785	0.040348	-0.444943	13.4446	
0.999979	0.000233785	-0.00651395	0.00022725	0.997499	0.0706861	0.00651418	-0.0706861	0.997477	0.0460003	-0.506356	14.3395	
0.999976	0.000265041	-0.00694151	0.000257192	0.997174	0.0751246	0.0069418	-0.0751246	0.99715	0.0520351	-0.57175	15.234	
0.999973	0.000298392	-0.0073714	0.000289066	0.99683	0.0795647	0.00737177	-0.0795647	0.996802	0.0584546	-0.641126	16.1283	
0.999969	0.000333861	-0.00780363	0.000322882	0.996465	0.0840062	0.00780409	-0.0840062	0.996435	0.0652607	-0.714485	17.0222	
0.999966	0.000371472	-0.00823816	0.000358654	0.996081	0.088449	0.00823873	-0.088449	0.996047	0.0724557	-0.791829	17.9158	
0.999962	0.000411245	-0.008675	0.000396394	0.995676	0.092893	0.00867569	-0.0928929	0.995638	0.0800416	-0.873158	18.8091	
0.999958	0.000453205	-0.00911413	0.000436116	0.995251	0.0973379	0.00911496	-0.0973379	0.99521	0.0880204	-0.958474	19.702	
0.999954	0.000497373	-0.00955553	0.00047783	0.994806	0.101784	0.00955653	-0.101784	0.994761	0.0963943	-1.04778	20.5944	
0.99995	0.000543771	-0.0099992	0.00052155	0.994341	0.10623	0.0100004	-0.10623	0.994291	0.105165	-1.14107	21.4865	
0.999945	0.000592422	-0.0104451	0.000567287	0.993856	0.110677	0.0104465	-0.110677	0.993801	0.114335	-1.23835	22.3781	
0.99994	0.000643347	-0.0108933	0.000615054	0.993351	0.115125	0.0108949	-0.115125	0.993291	0.123907	-1.33962	23.2693	
0.999935	0.000696569	-0.0113436	0.000664863	0.992825	0.119573	0.0113455	-0.119573	0.992761	0.133881	-1.44488	24.16	
0.99993	0.000752109	-0.0117962	0.000716725	0.992279	0.124021	0.0117984	-0.124021	0.992209	0.144261	-1.55412	25.0502	
0.999925	0.00080999	-0.012251	0.000770652	0.991713	0.128469	0.0122535	-0.128469	0.991638	0.155048	-1.66736	25.94	
0.999919	0.000870232	-0.0127079	0.000826657	0.991127	0.132917	0.0127109	-0.132917	0.991046	0.166244	-1.78459	26.8292	
0.999913	0.000932858	-0.0131671	0.000884751	0.99052	0.137365	0.0131704	-0.137364	0.990433	0.177851	-1.90581	27.7178	
0.999907	0.000997888	-0.0136283	0.000944944	0.989893	0.141812	0.0136321	-0.141811	0.9898	0.189872	-2.03101	28.6059	
0.9999	0.00106535	-0.0140917	0.00100725	0.989246	0.146259	0.014096	-0.146258	0.989146	0.202308	-2.16021	29.4935	
0.999893	0.00113525	-0.0145573	0.00107168	0.988578	0.150705	0.0145621	-0.150704	0.988472	0.21516	-2.29339	30.3804	
0.999886	0.00120762	-0.0150249	0.00113824	0.98789	0.15515	0.0150303	-0.155149	0.987777	0.228432	-2.43056	31.2667	
0.999879	0.00128249	-0.0154946	0.00120695	0.987182	0.159594	0.0155007	-0.159593	0.987061	0.242125	-2.57172	32.1524	
0.999872	0.00135986	-0.0159664	0.00127781	0.986453	0.164037	0.0159732	-0.164036	0.986325	0.25624	-2.71686	33.0375	
0.999864	0.00143977	-0.0164403	0.00135084	0.985704	0.168479	0.0164478	-0.168478	0.985568	0.270781	-2.86599	33.9218	
0.999856	0.00152222	-0.0169162	0.00142605	0.984935	0.17292	0.0169246	-0.172919	0.984791	0.285748	-3.0191	34.8055	
0.999847	0.00160726	-0.0173941	0.00150345	0.984145	0.177359	0.0174034	-0.177358	0.983993	0.301144	-3.1762	35.6885	
0.999839	0.00169488	-0.0178741	0.00158305	0.983335	0.181796	0.0178843	-0.181795	0.983174	0.31697	-3.33727	36.5707	
0.99983	0.00178512	-0.018356	0.00166486	0.982505	0.186231	0.0183673	-0.18623	0.982334	0.333228	-3.50233	37.4522	
0.999821	0.00187799	-0.0188399	0.00174889	0.981654	0.190665	0.0188524	-0.190664	0.981474	0.34992	-3.67136	38.333	
0.999811	0.00197352	-0.0193258	0.00183515	0.980782	0.195097	0.0193394	-0.195095	0.980594	0.367049	-3.84436	39.2129	
0.999802	0.00207172	-0.0198136	0.00192365	0.979891	0.199526	0.0198286	-0.199524	0.979692	0.384615	-4.02135	40.0921	
0.999792	0.00217262	-0.0203034	0.0020144	0.978979	0.203953	0.0203197	-0.203951	0.97877	0.402621	-4.2023	40.9704	
0.999781	0.00227623	-0.020795	0.00210742	0.978046	0.208377	0.0208128	-0.208375	0.977827	0.421068	-4.38722	41.8479	
0.999771	0.00238257	-0.0212886	0.0022027	0.977093	0.212799	0.021308	-0.212797	0.976864	0.439959	-4.57611	42.7246	
0.99976	0.00249167	-0.021784	0.00230027	0.97612	0.217218	0.0218051	-0.217216	0.97588	0.459295	-4.76897	43.6003	
0.999748	0.00260354	-0.0222813	0.00240012	0.975127	0.221634	0.0223041	-0.221632	0.974875	0.479077	-4.96578	44.4752	
0.999737	0.00271821	-0.0227804	0.00250228	0.974113	0.226048	0.0228052	-0.226045	0.97385	0.499308	-5.16656	45.3492	
0.999725	0.00283568	-0.0232814	0.00260674	0.973079	0.230458	0.0233081	-0.230455	0.972804	0.519989	-5.37129	46.2223	
0.999713	0.00295598	-0.0237841	0.00271353	0.972024	0.234864	0.023813	-0.234861	0.971737	0.541122	-5.57998	47.0944	
0.9997	0.00307913	-0.0242886	0.00282264	0.97095	0.239267	0.0243198	-0.239264	0.97065	0.562709	-5.79262	47.9655	
0.999687	0.00320515	-0.0247949	0.00293409	0.969854	0.243667	0.0248285	-0.243664	0.969542	0.584751	-6.00921	48.8356	
0.999674	0.00333406	-0.025303	0.00304789	0.968739	0.248063	0.025339	-0.248059	0.968413	0.607251	-6.22974	49.7048	
0.999661	0.00346587	-0.0258127	0.00316404	0.967603	0.252455	0.0258515	-0.252451	0.967264	0.630209	-6.45421	50.5729	
0.999647	0.0036006	-0.0263242	0.00328256	0.966448	0.256843	0.0263658	-0.256839	0.966094	0.653627	-6.68262	51.44	
0.999633	0.00373828	-0.0268374	0.00340345	0.965271	0.261227	0.0268819	-0.261223	0.964904	0.677508	-6.91496	52.306	
0.999523	0.004747	-0.0305307	0.00353154	0.9641	0.265518	0.030695	-0.265499	0.963622	0.703331	-7.15119	53.1709	
0.999398	0.00577274	-0.0342213	0.00367692	0.962906	0.269812	0.0345095	-0.269775	0.962305	0.732574	-7.39125	54.0347	
0.999258	0.00681549	-0.037909	0.00383963	0.961691	0.274108	0.0383249	-0.27405	0.960951	0.765239	-7.63515	54.8972	
0.999104	0.00787521	-0.0415935	0.00401975	0.960455	0.278407	0.0421412	-0.278325	0.959562	0.801327	-7.88288	55.7586	
0.998934	0.0089519	-0.0452745	0.00421731	0.959197	0.282708	0.0459579	-0.282597	0.958137	0.840838	-8.13445	56.6186	
0.998751	0.0100455	-0.0489518	0.00443235	0.957918	0.287009	0.0497749	-0.286867	0.956676	0.883773	-8.38984	57.4774	
0.998552	0.011156	-0.052625	0.00466492	0.956617	0.29131	0.0535918	-0.291134	0.95518	0.930132	-8.64907	58.3348	
0.998339	0.0122834	-0.0562939	0.00491503	0.955296	0.295611	0.0574085	-0.295397	0.953648	0.979914	-8.91212	59.1909	
0.998111	0.0134276	-0.0599584	0.00518272	0.953953	0.299912	0.0612245	-0.299656	0.952081	1.03312	-9.17899	60.0456	
0.997868	0.0145886	-0.063618	0.005468	0.952589	0.30421	0.0650398	-0.303909	0.950478	1.08975	-9.44968	60.8989	
0.99761	0.0157663	-0.0672726	0.00577087	0.951205	0.308507	0.068854	-0.308157	0.94884	1.1498	-9.72419	61.7507	
0.997338	0.0169607	-0.0709219	0.00609135	0.949799	0.3128	0.0726668	-0.312399	0.947167	1.21327	-10.0025	62.601	
0.997051	0.0181717	-0.0745656	0.00642941	0.948374	0.31709	0.0764781	-0.316634	0.94546	1.28016	-10.2846	63.4498	
0.996749	0.0193993	-0.0782035	0.00678507	0.946927	0.321376	0.0802875	-0.320862	0.943717	1.35046	-10.5705	64.2971	
0.996432	0.0206434	-0.0818354	0.00715829	0.945461	0.325657	0.0840949	-0.325081	0.94194	1.42419	-10.8602	65.1428	
0.996101	0.021904	-0.0854611	0.00754906	0.943974	0.329933	0.0878999	-0.329292	0.940128	1.50132	-11.1537	65.9869	
0.995755	0.023181	-0.0890802	0.00795735	0.942467	0.334203	0.0917023	-0.333494	0.938282	1.58187	-11.4509	66.8293	
0.995394	0.0244743	-0.0926926	0.00838311	0.940941	0.338467	0.095502	-0.337685	0.936402	1.66583	-11.752	67.6701	
0.995019	0.0257839	-0.0962979	0.00882631	0.939395	0.342724	0.0992985	-0.341866	0.934488	1.7532	-12.0567	68.5092	
0.994628	0.0271096	-0.0998961	0.0092869	0.937829	0.346973	0.103092	-0.346037	0.93254	1.84397	-12.3652	69.3465	
0.994224	0.0284514	-0.103487	0.00976483	0.936245	0.351213	0.106881	-0.350195	0.930559	1.93814	-12.6775	70.1821	
0.991577	0.0362958	-0.124326	0.00975748	0.936266	0.351155	0.129148	-0.349411	0.928026	2.044	-12.9913	71.0157	
0.988432	0.0441206	-0.145104	0.00974875	0.936288	0.351098	0.151349	-0.348451	0.925027	2.1698	-13.3043	71.8468	
0.98479	0.0519219	-0.165809	0.00973864	0.93631	0.35104	0.173475	-0.347316	0.921563	2.31549	-13.6163	72.675	
0.980653	0.0596958	-0.186431	0.00972716	0.936331	0.350983	0.195513	-0.346006	0.917635	2.48098	-13.9273	73.4998	
0.976022	0.0674384	-0.20696	0.00971431	0.936353	0.350926	0.217453	-0.344522	0.913246	2.66619	-14.237	74.321	
0.970901	0.0751458	-0.227385	0.0097001	0.936374	0.350869	0.239284	-0.342865	0.908398	2.87104	-14.5453	75.138	
0.965292	0.082814	-0.247696	0.00968453	0.936395	0.350813	0.260994	-0.341036	0.903093	3.09542	-14.852	75.9505	
0.959197	0.0904394	-0.267884	0.00966761	0.936417	0.350757	0.282573	-0.339035	0.897334	3.33921	-15.157	76.758	
0.95262	0.0980179	-0.287937	0.00964936	0.936438	0.350701	0.30401	-0.336863	0.891123	3.6023	-15.4602	77.5601	
0.945564	0.105546	-0.307846	0.00962977	0.936459	0.350646	0.325294	-0.334523	0.884465	3.88454	-15.7613	78.3565	
0.938032	0.113019	-0.3276	0.00960887	0.936479	0.350591	0.346414	-0.332014	0.877362	4.1858	-16.0602	79.1467	
0.930029	0.120435	-0.347191	0.00958665	0.9365	0.350537	0.367361	-0.329338	0.869818	4.50593	-16.3568	79.9303	
0.921558	0.127788	-0.366607	0.00956314	0.93652	0.350483	0.388122	-0.326496	0.861836	4.84477	-16.651	80.7069	
0.912624	0.135076	-0.385839	0.00953835	0.936541	0.35043	0.408689	-0.323491	0.853421	5.20214	-16.9425	81.4762	
0.903231	0.142295	-0.404878	0.00951227	0.936561	0.350377	0.42905	-0.320322	0.844577	5.57787	-17.2313	82.2378	
0.893383	0.149441	-0.423714	0.00948494	0.93658	0.350324	0.449195	-0.316993	0.835308	5.97177	-17.5171	82.9912	
0.883087	0.156511	-0.442337	0.00945636	0.9366	0.350273	0.469114	-0.313504	0.825619	6.38363	-17.7999	83.7361	
0.872346	0.1635	-0.460738	0.00942655	0.936619	0.350222	0.488798	-0.309858	0.815515	6.81326	-18.0795	84.4722	
0.861167	0.170406	-0.478909	0.00939553	0.936639	0.350171	0.508236	-0.306055	0.805001	7.26043	-18.3557	85.199	
