1	0	0	0	1	0	0	0	1	0	0	0	
0.999989	-5.35608e-08	0.00476357	-5.35608e-08	1	2.24875e-05	-0.00476357	-2.24875e-05	0.999989	-0.00209429	-9.88659e-06	0.87929	
0.999955	-2.14418e-07	0.00952823	-2.14662e-07	1	4.50314e-05	-0.00952823	-4.50314e-05	0.999955	-0.00837764	-3.95711e-05	1.75856	
0.999898	-4.82892e-07	0.0142939	-4.83867e-07	1	6.7631e-05	-0.0142939	-6.7631e-05	0.999898	-0.018851	-8.91028e-05	2.63779	
0.999818	-8.59299e-07	0.0190604	-8.61736e-07	1	9.02858e-05	-0.0190604	-9.02858e-05	0.999818	-0.0335151	-0.000158531	3.51696	
0.999716	-1.34395e-06	0.0238275	-1.34883e-06	1	0.000112995	-0.0238275	-0.000112995	0.999716	-0.0523706	-0.000247902	4.39605	
0.999591	-1.93716e-06	0.0285953	-1.94569e-06	1	0.000135758	-0.0285953	-0.000135758	0.999591	-0.0754182	-0.000357266	5.27504	
0.999443	-2.63922e-06	0.0333636	-2.65288e-06	1	0.000158575	-0.0333636	-0.000158575	0.999443	-0.102658	-0.000486669	6.15391	
0.999273	-3.45045e-06	0.0381321	-3.47094e-06	1	0.000181444	-0.0381321	-0.000181445	0.999273	-0.134091	-0.000636158	7.03264	
0.999079	-4.37113e-06	0.0429009	-4.40041e-06	1	0.000204366	-0.0429009	-0.000204367	0.999079	-0.169717	-0.000805779	7.91121	
0.998863	-5.40157e-06	0.0476698	-5.44182e-06	1	0.000227339	-0.0476698	-0.00022734	0.998863	-0.209536	-0.000995578	8.7896	
0.998624	-6.54204e-06	0.0524386	-6.59572e-06	1	0.000250363	-0.0524386	-0.000250365	0.998624	-0.253549	-0.0012056	9.66779	
0.998362	-7.79283e-06	0.0572072	-7.86264e-06	1	0.000273438	-0.0572072	-0.00027344	0.998362	-0.301754	-0.00143589	10.5458	
0.998078	-9.15423e-06	0.0619755	-9.24309e-06	1	0.000296562	-0.0619755	-0.000296564	0.998078	-0.354152	-0.00168649	11.4235	
0.99777	-1.06265e-05	0.0667434	-1.07376e-05	1	0.000319735	-0.0667434	-0.000319738	0.99777	-0.410743	-0.00195745	12.301	
0.99744	-1.221e-05	0.0715107	-1.23467e-05	1	0.000342956	-0.0715107	-0.000342961	0.99744	-0.471526	-0.0022488	13.1781	
0.997087	-1.39048e-05	0.0762773	-1.40709e-05	1	0.000366226	-0.0762773	-0.000366232	0.997087	-0.536501	-0.00256059	14.055	
0.996711	-1.57114e-05	0.0810431	-1.59107e-05	1	0.000389542	-0.0810431	-0.00038955	0.996711	-0.605666	-0.00289287	14.9316	
0.996312	-1.76299e-05	0.085808	-1.78666e-05	1	0.000412905	-0.085808	-0.000412915	0.996312	-0.679022	-0.00324567	15.8078	
0.99589	-1.96606e-05	0.0905717	-1.99391e-05	1	0.000436314	-0.0905717	-0.000436327	0.99589	-0.756567	-0.00361904	16.6837	
0.995445	-2.18038e-05	0.0953343	-2.21287e-05	1	0.000459768	-0.0953343	-0.000459784	0.995445	-0.8383	-0.00401301	17.5592	
0.994978	-2.40597e-05	0.100096	-2.44359e-05	1	0.000483267	-0.100096	-0.000483286	0.994978	-0.92422	-0.00442763	18.4343	
0.994487	-2.64286e-05	0.104855	-2.68612e-05	1	0.000506809	-0.104855	-0.000506832	0.994487	-1.01433	-0.00486293	19.3089	
0.993974	-2.89106e-05	0.109614	-2.94051e-05	1	0.000530395	-0.109614	-0.000530422	0.993974	-1.10862	-0.00531896	20.1831	
0.993438	-3.15061e-05	0.11437	-3.20681e-05	1	0.000554024	-0.11437	-0.000554056	0.993438	-1.20709	-0.00579575	21.0569	
0.992879	-3.42153e-05	0.119125	-3.48505e-05	1	0.000577694	-0.119125	-0.000577732	0.992879	-1.30975	-0.00629334	21.9302	
0.992298	-3.70384e-05	0.123878	-3.7753e-05	1	0.000601406	-0.123878	-0.00060145	0.992297	-1.41658	-0.00681176	22.803	
0.991693	-3.99756e-05	0.128628	-4.0776e-05	1	0.000625158	-0.128628	-0.000625209	0.991693	-1.5276	-0.00735106	23.6752	
0.991065	-4.30272e-05	0.133377	-4.39199e-05	1	0.00064895	-0.133377	-0.00064901	0.991065	-1.64278	-0.00791126	24.5469	
0.990415	-4.61933e-05	0.138123	-4.71853e-05	1	0.000672781	-0.138123	-0.00067285	0.990415	-1.76215	-0.00849242	25.4181	
0.989742	-4.94743e-05	0.142866	-5.05724e-05	1	0.000696651	-0.142866	-0.00069673	0.989742	-1.88568	-0.00909455	26.2887	
0.989046	-5.28702e-05	0.147607	-5.40819e-05	1	0.000720559	-0.147607	-0.000720648	0.989046	-2.01339	-0.00971769	27.1586	
0.988327	-5.63813e-05	0.152346	-5.77142e-05	1	0.000744503	-0.152346	-0.000744605	0.988327	-2.14526	-0.0103619	28.028	
0.987586	-6.00078e-05	0.157081	-6.14696e-05	1	0.000768484	-0.157081	-0.0007686	0.987585	-2.2813	-0.0110272	28.8967	
0.986821	-6.375e-05	0.161814	-6.53487e-05	1	0.000792501	-0.161814	-0.000792632	0.986821	-2.4215	-0.0117136	29.7647	
0.986034	-6.76079e-05	0.166543	-6.93518e-05	1	0.000816553	-0.166543	-0.0008167	0.986034	-2.56586	-0.0124211	30.6321	
0.985224	-7.15818e-05	0.171269	-7.34795e-05	1	0.00084064	-0.171269	-0.000840803	0.985224	-2.71438	-0.0131498	31.4987	
0.984392	-7.56719e-05	0.175992	-7.7732e-05	1	0.00086476	-0.175992	-0.000864942	0.984391	-2.86706	-0.0138997	32.3647	
0.983536	-7.98784e-05	0.180711	-8.211e-05	1	0.000888913	-0.180711	-0.000889116	0.983536	-3.02388	-0.0146709	33.2299	
0.982658	-8.42014e-05	0.185427	-8.66136e-05	1	0.000913098	-0.185427	-0.000913323	0.982658	-3.18485	-0.0154633	34.0943	
0.981757	-8.86411e-05	0.190139	-9.12434e-05	1	0.000937314	-0.190139	-0.000937564	0.981757	-3.34997	-0.0162771	34.9579	
0.980834	-9.31976e-05	0.194847	-9.59998e-05	1	0.000961561	-0.194847	-0.000961837	0.980833	-3.51923	-0.0171121	35.8208	
0.979887	-9.78713e-05	0.199551	-0.000100883	1	0.000985839	-0.199551	-0.000986142	0.979887	-3.69262	-0.0179686	36.6828	
0.978918	-0.000102662	0.204251	-0.000105894	0.999999	0.00101015	-0.204251	-0.00101048	0.978918	-3.87015	-0.0188464	37.544	
0.977927	-0.00010757	0.208947	-0.000111032	0.999999	0.00103448	-0.208947	-0.00103485	0.977926	-4.05181	-0.0197456	38.4043	
0.976913	-0.000112596	0.213639	-0.000116299	0.999999	0.00105884	-0.213639	-0.00105924	0.976912	-4.2376	-0.0206663	39.2638	
0.975876	-0.000117739	0.218326	-0.000121694	0.999999	0.00108323	-0.218326	-0.00108367	0.975875	-4.42751	-0.0216084	40.1223	
0.974817	-0.000123001	0.223008	-0.000127218	0.999999	0.00110765	-0.223008	-0.00110813	0.974816	-4.62155	-0.022572	40.9799	
0.973735	-0.00012838	0.227686	-0.000132872	0.999999	0.00113209	-0.227686	-0.00113261	0.973734	-4.81969	-0.0235571	41.8366	
0.97263	-0.000133877	0.232359	-0.000138655	0.999999	0.00115656	-0.232359	-0.00115712	0.972629	-5.02195	-0.0245638	42.6923	
0.971503	-0.000139493	0.237027	-0.000144568	0.999999	0.00118105	-0.237027	-0.00118166	0.971502	-5.22831	-0.0255921	43.547	
0.970354	-0.000145226	0.24169	-0.000150611	0.999999	0.00120556	-0.24169	-0.00120622	0.970353	-5.43878	-0.0266419	44.4008	
0.969182	-0.000151079	0.246347	-0.000156785	0.999999	0.0012301	-0.246347	-0.00123082	0.969181	-5.65335	-0.0277133	45.2535	
0.967987	-0.00015705	0.251	-0.000163091	0.999999	0.00125466	-0.251	-0.00125543	0.967986	-5.872	-0.0288064	46.1052	
0.96677	-0.00016314	0.255647	-0.000169527	0.999999	0.00127924	-0.255647	-0.00128007	0.966769	-6.09475	-0.0299211	46.9558	
0.965531	-0.000169348	0.260288	-0.000176096	0.999999	0.00130384	-0.260288	-0.00130473	0.96553	-6.32158	-0.0310575	47.8053	
0.964269	-0.000175676	0.264923	-0.000182796	0.999999	0.00132846	-0.264923	-0.00132942	0.964269	-6.55249	-0.0322156	48.6537	
0.962985	-0.000182122	0.269553	-0.000189629	0.999999	0.0013531	-0.269553	-0.00135413	0.962985	-6.78747	-0.0333954	49.501	
0.961679	-0.000188688	0.274177	-0.000196595	0.999999	0.00137775	-0.274177	-0.00137886	0.961678	-7.02652	-0.034597	50.3472	
0.960351	-0.000195373	0.278795	-0.000203693	0.999999	0.00140243	-0.278795	-0.00140361	0.96035	-7.26963	-0.0358203	51.1922	
0.958088	-0.000208573	0.286472	-0.000342936	0.999998	0.001875	-0.286472	-0.00189466	0.958087	-7.51815	-0.0372704	52.0357	
0.955765	-0.000225699	0.294132	-0.000485615	0.999997	0.00234531	-0.294132	-0.0023844	0.955762	-7.77341	-0.0391517	52.8771	
0.95338	-0.000246741	0.301773	-0.000631717	0.999996	0.00281339	-0.301773	-0.00287286	0.953376	-8.0354	-0.041463	53.7164	
0.950933	-0.000271689	0.309396	-0.000781227	0.999994	0.00327924	-0.309395	-0.00336005	0.950928	-8.3041	-0.0442033	54.5537	
0.948426	-0.000300533	0.316998	-0.000934135	0.999993	0.00374289	-0.316997	-0.00384597	0.948419	-8.57949	-0.0473714	55.3887	
0.945858	-0.000333263	0.324581	-0.00109043	0.999991	0.00420435	-0.324579	-0.00433065	0.945849	-8.86156	-0.0509663	56.2215	
0.943229	-0.00036987	0.332143	-0.0012501	0.999988	0.00466364	-0.332141	-0.00481409	0.943218	-9.15028	-0.0549867	57.052	
0.94054	-0.000410343	0.339684	-0.00141313	0.999986	0.00512078	-0.339681	-0.00529632	0.940526	-9.44565	-0.0594318	57.8802	
0.93779	-0.000454674	0.347203	-0.00157953	0.999983	0.00557579	-0.3472	-0.00577733	0.937773	-9.74764	-0.0643003	58.706	
0.93498	-0.000502851	0.3547	-0.00174927	0.99998	0.00602867	-0.354696	-0.00625716	0.934961	-10.0562	-0.0695912	59.5294	
0.93211	-0.000554867	0.362175	-0.00192235	0.999977	0.00647946	-0.36217	-0.0067358	0.932088	-10.3714	-0.0753036	60.3502	
0.92918	-0.000610711	0.369626	-0.00209877	0.999974	0.00692817	-0.36962	-0.00721328	0.929155	-10.6931	-0.0814363	61.1685	
0.926191	-0.000670373	0.377054	-0.00227852	0.99997	0.0073748	-0.377047	-0.0076896	0.926162	-11.0214	-0.0879883	61.9842	
0.923143	-0.000733845	0.384457	-0.00246159	0.999966	0.00781939	-0.38445	-0.00816478	0.92311	-11.3562	-0.0949586	62.7972	
0.920035	-0.000801117	0.391836	-0.00264798	0.999962	0.00826193	-0.391828	-0.00863884	0.919998	-11.6975	-0.102346	63.6075	
0.916868	-0.00087218	0.399189	-0.00283769	0.999958	0.00870246	-0.39918	-0.00911179	0.916827	-12.0452	-0.11015	64.4151	
0.913643	-0.000947025	0.406517	-0.00303071	0.999954	0.00914099	-0.406507	-0.00958363	0.913597	-12.3995	-0.11837	65.2198	
0.910359	-0.00102564	0.413819	-0.00322705	0.999949	0.00957752	-0.413808	-0.0100544	0.910309	-12.7601	-0.127004	66.0217	
0.907016	-0.00110802	0.421094	-0.00342669	0.999944	0.0100121	-0.421081	-0.0105241	0.906962	-13.1272	-0.136051	66.8207	
0.903616	-0.00119416	0.428342	-0.00362965	0.999939	0.0104447	-0.428328	-0.0109927	0.903556	-13.5006	-0.145511	67.6167	
0.900158	-0.00128404	0.435562	-0.00383592	0.999934	0.0108753	-0.435547	-0.0114603	0.900093	-13.8804	-0.155382	68.4096	
0.896642	-0.00137766	0.442754	-0.0040455	0.999928	0.0113041	-0.442737	-0.0119269	0.896572	-14.2665	-0.165664	69.1995	
0.886795	-0.00167051	0.46216	-0.00544351	0.999886	0.0140592	-0.462131	-0.0149834	0.886685	-14.6644	-0.177496	69.9836	
0.876528	-0.0020298	0.481346	-0.0069011	0.999835	0.0167831	-0.481301	-0.0180327	0.87637	-15.0792	-0.192012	70.7587	
0.865847	-0.00245537	0.500304	-0.00841756	0.999775	0.0194744	-0.500239	-0.0210732	0.865631	-15.5107	-0.209205	71.5246	
0.854755	-0.00294701	0.519023	-0.00999217	0.999705	0.022132	-0.518935	-0.0241036	0.854474	-15.9588	-0.229068	72.2809	
0.84326	-0.00350447	0.537494	-0.0116242	0.999626	0.0247544	-0.53738	-0.0271223	0.842904	-16.4232	-0.25159	73.0272	
0.831366	-0.0041275	0.55571	-0.0133128	0.999538	0.0273405	-0.555566	-0.030128	0.830927	-16.9038	-0.276761	73.7631	
0.819079	-0.00481578	0.57366	-0.0150571	0.99944	0.0298889	-0.573483	-0.033119	0.818548	-17.4002	-0.304568	74.4883	
0.806405	-0.00556899	0.591337	-0.0168564	0.999333	0.0323984	-0.591123	-0.0360941	0.805774	-17.9122	-0.334999	75.2025	
0.793351	-0.00638677	0.608731	-0.0187098	0.999217	0.0348679	-0.608477	-0.0390517	0.79261	-18.4396	-0.368038	75.9052	
0.779922	-0.00726871	0.625835	-0.0206163	0.999092	0.0372961	-0.625537	-0.0419905	0.779063	-18.9822	-0.403669	76.5962	
0.766125	-0.00821439	0.64264	-0.0225751	0.998957	0.0396819	-0.642296	-0.0449089	0.76514	-19.5396	-0.441876	77.2752	
0.751966	-0.00922335	0.659137	-0.0245852	0.998814	0.0420241	-0.658743	-0.0478057	0.750847	-20.1116	-0.482639	77.9417	
0.737453	-0.0102951	0.67532	-0.0266456	0.998662	0.0443215	-0.674873	-0.0506794	0.736192	-20.698	-0.525939	78.5955	
0.722592	-0.0114292	0.69118	-0.0287554	0.998501	0.0465732	-0.690676	-0.0535285	0.721181	-21.2984	-0.571756	79.2362	
0.707392	-0.0126249	0.706709	-0.0309134	0.998331	0.0487779	-0.706146	-0.0563519	0.705821	-21.9125	-0.620066	79.8636	
0.691858	-0.0138819	0.7219	-0.0331188	0.998153	0.0509346	-0.721274	-0.0591479	0.69012	-22.5401	-0.670848	80.4774	
0.675998	-0.0151993	0.736746	-0.0353703	0.997966	0.0530422	-0.736054	-0.0619154	0.674085	-23.1808	-0.724075	81.0772	
0.659821	-0.0165767	0.75124	-0.037667	0.99777	0.0550999	-0.750478	-0.064653	0.657725	-23.8344	-0.779722	81.6627	
