1	0	0	0	1	0	0	0	1	0	0	0	
1	-1.49776e-07	-0.000210932	-1.49776e-07	0.999999	-0.00142013	0.000210932	0.00142013	0.999999	9.19898e-05	0.000619336	0.872222	
1	-6.01504e-07	-0.000422648	-6.01848e-07	0.999996	-0.00284717	0.000422648	0.00284717	0.999996	0.000368301	0.00248035	1.74444	
1	-1.35884e-06	-0.000635136	-1.36022e-06	0.999991	-0.00428105	0.000635136	0.00428105	0.999991	0.000829612	0.00558905	2.61666	
1	-2.42541e-06	-0.000848387	-2.42888e-06	0.999984	-0.00572173	0.000848387	0.00572173	0.999983	0.00147659	0.00995138	3.48887	
0.999999	-3.80478e-06	-0.00106239	-3.81175e-06	0.999974	-0.00716915	0.00106239	0.00716915	0.999974	0.0023099	0.0155732	4.36107	
0.999999	-5.50049e-06	-0.00127713	-5.51276e-06	0.999963	-0.00862325	0.00127713	0.00862325	0.999962	0.0033302	0.0224605	5.23327	
0.999999	-7.51605e-06	-0.00149261	-7.53577e-06	0.999949	-0.010084	0.00149261	0.010084	0.999948	0.00453811	0.0306189	6.10545	
0.999999	-9.85492e-06	-0.0017088	-9.88462e-06	0.999933	-0.0115513	0.0017088	0.0115513	0.999932	0.00593428	0.0400543	6.97762	
0.999998	-1.25205e-05	-0.00192571	-1.25631e-05	0.999915	-0.0130251	0.00192571	0.0130251	0.999913	0.00751933	0.0507723	7.84978	
0.999998	-1.55162e-05	-0.00214331	-1.5575e-05	0.999895	-0.0145054	0.00214331	0.0145054	0.999892	0.00929388	0.0627787	8.72191	
0.999997	-1.88452e-05	-0.00236161	-1.89241e-05	0.999872	-0.015992	0.00236161	0.015992	0.999869	0.0112585	0.0760789	9.59403	
0.999997	-2.2511e-05	-0.00258058	-2.2614e-05	0.999847	-0.017485	0.00258058	0.017485	0.999844	0.0134139	0.0906786	10.4661	
0.999996	-2.65168e-05	-0.00280022	-2.66484e-05	0.99982	-0.0189843	0.00280022	0.0189843	0.999816	0.0157605	0.106583	11.3382	
0.999995	-3.08657e-05	-0.00302051	-3.10309e-05	0.99979	-0.0204899	0.00302051	0.0204899	0.999785	0.018299	0.123799	12.2103	
0.999995	-3.55608e-05	-0.00324146	-3.57651e-05	0.999758	-0.0220016	0.00324145	0.0220016	0.999753	0.0210299	0.14233	13.0823	
0.999994	-4.06054e-05	-0.00346304	-4.08546e-05	0.999723	-0.0235194	0.00346303	0.0235194	0.999717	0.0239538	0.162182	13.9543	
0.999993	-4.60025e-05	-0.00368524	-4.63027e-05	0.999686	-0.0250433	0.00368524	0.0250433	0.99968	0.0270712	0.18336	14.8262	
0.999992	-5.1755e-05	-0.00390806	-5.2113e-05	0.999647	-0.0265731	0.00390806	0.0265731	0.999639	0.0303828	0.205871	15.6981	
0.999991	-5.7866e-05	-0.00413149	-5.8289e-05	0.999605	-0.0281089	0.00413148	0.0281089	0.999596	0.0338889	0.229718	16.57	
0.999991	-6.43384e-05	-0.0043555	-6.48339e-05	0.99956	-0.0296506	0.0043555	0.0296506	0.999551	0.0375901	0.254908	17.4419	
0.99999	-7.1175e-05	-0.0045801	-7.17511e-05	0.999513	-0.0311981	0.0045801	0.0311981	0.999503	0.0414871	0.281445	18.3137	
0.999988	-7.83786e-05	-0.00480528	-7.90438e-05	0.999464	-0.0327514	0.00480527	0.0327514	0.999452	0.0455801	0.309334	19.1855	
0.999987	-8.59521e-05	-0.00503102	-8.67154e-05	0.999411	-0.0343103	0.005031	0.0343103	0.999399	0.0498698	0.33858	20.0572	
0.999986	-9.38982e-05	-0.0052573	-9.47691e-05	0.999356	-0.0358749	0.00525729	0.0358749	0.999342	0.0543567	0.369189	20.9289	
0.999985	-0.000102219	-0.00548413	-0.000103208	0.999299	-0.0374451	0.00548412	0.0374451	0.999284	0.0590411	0.401164	21.8005	
0.999984	-0.000110919	-0.00571149	-0.000112035	0.999238	-0.0390208	0.00571147	0.0390208	0.999222	0.0639236	0.434512	22.6721	
0.999982	-0.000119998	-0.00593937	-0.000121253	0.999175	-0.040602	0.00593935	0.040602	0.999158	0.0690047	0.469237	23.5436	
0.999981	-0.000129461	-0.00616776	-0.000130866	0.99911	-0.0421886	0.00616773	0.0421886	0.999091	0.0742847	0.505342	24.415	
0.99998	-0.000139309	-0.00639665	-0.000140876	0.999041	-0.0437805	0.00639662	0.0437805	0.999021	0.0797642	0.542835	25.2864	
0.999978	-0.000149545	-0.00662603	-0.000151287	0.99897	-0.0453777	0.00662599	0.0453777	0.998948	0.0854435	0.581717	26.1578	
0.999976	-0.000160171	-0.00685589	-0.0001621	0.998896	-0.0469801	0.00685584	0.0469801	0.998872	0.0913231	0.621996	27.029	
0.999975	-0.000171189	-0.00708621	-0.00017332	0.998819	-0.0485876	0.00708616	0.0485877	0.998794	0.0974033	0.663674	27.9002	
0.999973	-0.000182603	-0.00731699	-0.000184948	0.998739	-0.0502003	0.00731693	0.0502003	0.998712	0.103685	0.706756	28.7714	
0.999971	-0.000194413	-0.00754822	-0.000196987	0.998657	-0.051818	0.00754815	0.051818	0.998628	0.110168	0.751248	29.6424	
0.99997	-0.000206622	-0.00777988	-0.000209441	0.998571	-0.0534407	0.0077798	0.0534407	0.998541	0.116852	0.797152	30.5134	
0.999968	-0.000219233	-0.00801197	-0.000222312	0.998483	-0.0550683	0.00801188	0.0550683	0.99845	0.123739	0.844474	31.3843	
0.999966	-0.000232247	-0.00824447	-0.000235601	0.998391	-0.0567007	0.00824437	0.0567007	0.998357	0.130829	0.893218	32.2552	
0.999964	-0.000245667	-0.00847738	-0.000249313	0.998297	-0.0583379	0.00847727	0.0583379	0.998261	0.138121	0.943388	33.1259	
0.999962	-0.000259493	-0.00871068	-0.000263449	0.9982	-0.0599799	0.00871056	0.0599799	0.998162	0.145617	0.994987	33.9966	
0.99996	-0.000273729	-0.00894436	-0.000278012	0.998099	-0.0616265	0.00894423	0.0616265	0.998059	0.153316	1.04802	34.8671	
0.999958	-0.000288376	-0.00917842	-0.000293004	0.997996	-0.0632777	0.00917828	0.0632777	0.997954	0.16122	1.10249	35.7376	
0.999956	-0.000303435	-0.00941285	-0.000308427	0.99789	-0.0649334	0.00941268	0.0649335	0.997845	0.169328	1.15841	36.608	
0.999953	-0.000318909	-0.00964762	-0.000324284	0.99778	-0.0665937	0.00964744	0.0665937	0.997734	0.17764	1.21577	37.4783	
0.999951	-0.000334799	-0.00988274	-0.000340577	0.997668	-0.0682583	0.00988254	0.0682583	0.997619	0.186157	1.27458	38.3485	
0.999949	-0.000351106	-0.0101182	-0.000357309	0.997552	-0.0699273	0.010118	0.0699273	0.997501	0.19488	1.33484	39.2186	
0.999946	-0.000367833	-0.010354	-0.00037448	0.997433	-0.0716006	0.0103537	0.0716006	0.99738	0.203808	1.39656	40.0886	
0.999944	-0.000384981	-0.01059	-0.000392093	0.997311	-0.073278	0.0105898	0.0732781	0.997255	0.212941	1.45975	40.9585	
0.999941	-0.00040255	-0.0108264	-0.000410151	0.997186	-0.0749597	0.0108261	0.0749597	0.997128	0.222281	1.5244	41.8283	
0.999939	-0.000420544	-0.0110631	-0.000428655	0.997058	-0.0766455	0.0110628	0.0766455	0.996997	0.231827	1.59051	42.6979	
0.999936	-0.000438962	-0.0113	-0.000447607	0.996927	-0.0783352	0.0112997	0.0783353	0.996863	0.241579	1.6581	43.5675	
0.999933	-0.000457806	-0.0115373	-0.000467009	0.996792	-0.080029	0.0115369	0.080029	0.996726	0.251539	1.72717	44.4369	
0.999931	-0.000477077	-0.0117747	-0.000486863	0.996655	-0.0817266	0.0117743	0.0817267	0.996585	0.261705	1.79771	45.3062	
0.999928	-0.000496777	-0.0120125	-0.00050717	0.996514	-0.0834281	0.012012	0.0834282	0.996441	0.272079	1.86974	46.1754	
0.999925	-0.000516906	-0.0122504	-0.000527932	0.996369	-0.0851334	0.01225	0.0851335	0.996294	0.282659	1.94325	47.0444	
0.999922	-0.000537466	-0.0124886	-0.00054915	0.996222	-0.0868424	0.0124881	0.0868424	0.996144	0.293448	2.01825	47.9133	
0.999919	-0.000558457	-0.0127271	-0.000570827	0.996071	-0.088555	0.0127265	0.0885551	0.99599	0.304444	2.09474	48.7821	
0.999916	-0.000579881	-0.0129657	-0.000592964	0.995917	-0.0902712	0.0129651	0.0902713	0.995833	0.315649	2.17273	49.6508	
0.999913	-0.000601738	-0.0132045	-0.000615561	0.99576	-0.0919909	0.0132039	0.091991	0.995672	0.327061	2.25222	50.5193	
0.999916	-0.000578402	-0.0129585	-0.00067965	0.995297	-0.0968688	0.0129536	0.0968695	0.995213	0.338469	2.33458	51.3876	
0.999919	-0.000553978	-0.0127138	-0.00074256	0.99481	-0.101748	0.0127042	0.101749	0.994729	0.349659	2.4212	52.2554	
0.999922	-0.000528471	-0.0124703	-0.000804294	0.994299	-0.106628	0.0124556	0.10663	0.994221	0.360631	2.51208	53.1228	
0.999925	-0.000501885	-0.0122281	-0.00086485	0.993763	-0.111509	0.0122078	0.111511	0.993688	0.371387	2.60721	53.9898	
0.999928	-0.000474224	-0.0119869	-0.000924229	0.993203	-0.116391	0.0119606	0.116393	0.993131	0.381927	2.7066	54.8562	
0.999931	-0.000445488	-0.0117468	-0.000982431	0.992619	-0.121272	0.0117142	0.121275	0.99255	0.392252	2.81025	55.7222	
0.999934	-0.00041568	-0.0115078	-0.00103945	0.99201	-0.126154	0.0114683	0.126157	0.991944	0.402362	2.91816	56.5877	
0.999936	-0.000384799	-0.0112696	-0.0010953	0.991377	-0.131035	0.0112229	0.131039	0.991314	0.412258	3.03033	57.4526	
0.999939	-0.000352846	-0.0110324	-0.00114997	0.99072	-0.135915	0.010978	0.135919	0.990659	0.42194	3.14675	58.317	
0.999942	-0.00031982	-0.010796	-0.00120345	0.990038	-0.140794	0.0107335	0.140799	0.98998	0.431409	3.26743	59.1807	
0.999944	-0.000285717	-0.0105604	-0.00125576	0.989332	-0.145672	0.0104894	0.145677	0.989277	0.440664	3.39237	60.0439	
0.999947	-0.000250536	-0.0103255	-0.00130688	0.988602	-0.150549	0.0102455	0.150554	0.988549	0.449707	3.52156	60.9065	
0.999949	-0.000214272	-0.0100913	-0.00135682	0.987847	-0.155423	0.010002	0.155429	0.987796	0.458537	3.655	61.7684	
0.999951	-0.000176921	-0.00985767	-0.00140558	0.987068	-0.160296	0.00975855	0.160302	0.98702	0.467155	3.79269	62.6296	
0.999954	-0.000138478	-0.0096246	-0.00145315	0.986265	-0.165166	0.00951527	0.165172	0.986219	0.475561	3.93464	63.4902	
0.999956	-9.89356e-05	-0.00939202	-0.00149953	0.985437	-0.170034	0.00927207	0.17004	0.985394	0.483754	4.08083	64.35	
0.999958	-5.82874e-05	-0.00915989	-0.00154472	0.984585	-0.174898	0.00902888	0.174905	0.984544	0.491735	4.23126	65.2091	
0.99996	-1.65253e-05	-0.00892813	-0.00158872	0.983709	-0.179759	0.00878566	0.179766	0.98367	0.499504	4.38594	66.0675	
0.999962	2.63596e-05	-0.0086967	-0.00163152	0.982809	-0.184617	0.00854233	0.184624	0.982772	0.507061	4.54485	66.9251	
0.999964	7.03767e-05	-0.00846554	-0.00167313	0.981885	-0.18947	0.00829885	0.189478	0.98185	0.514406	4.708	67.7819	
0.999966	0.000115537	-0.0082346	-0.00171354	0.980937	-0.19432	0.00805517	0.194328	0.980904	0.521538	4.87539	68.6379	
0.999968	0.000161851	-0.00800381	-0.00175275	0.979964	-0.199165	0.00781122	0.199173	0.979933	0.528458	5.047	69.493	
0.99997	0.000209331	-0.00777313	-0.00179075	0.978968	-0.204006	0.00756694	0.204014	0.978939	0.535164	5.22283	70.3473	
0.999972	0.00025799	-0.0075425	-0.00182754	0.977948	-0.208842	0.00732229	0.208849	0.97792	0.541658	5.40288	71.2007	
0.99999	0.000967763	-0.00438602	-0.00195012	0.973217	-0.22988	0.00404608	0.229886	0.973209	0.546616	5.59423	72.0516	
0.999998	0.00174542	-0.00124553	-0.00200203	0.968034	-0.250811	0.000767947	0.250813	0.968035	0.548715	5.80388	72.8983	
0.999995	0.0025906	0.00187747	-0.00198324	0.962401	-0.271626	-0.00251055	0.271621	0.962401	0.547955	6.03172	73.7402	
0.999981	0.0035029	0.0049815	-0.00189376	0.95632	-0.292315	-0.00578786	0.2923	0.956309	0.544336	6.27767	74.577	
0.999957	0.00448187	0.00806509	-0.00173364	0.949795	-0.312867	-0.00906241	0.31284	0.949763	0.537859	6.54159	75.4083	
0.999923	0.00552707	0.0111268	-0.00150294	0.942829	-0.333273	-0.0123327	0.333231	0.942765	0.528528	6.82335	76.2337	
0.999878	0.00663798	0.0141651	-0.00120179	0.935425	-0.353524	-0.015597	0.353463	0.935318	0.516347	7.12284	77.0528	
0.999822	0.00781409	0.0171786	-0.000830322	0.927586	-0.373609	-0.018854	0.373528	0.927427	0.501322	7.4399	77.8652	
0.999756	0.00905482	0.0201658	-0.000388713	0.919316	-0.393519	-0.022102	0.393415	0.919095	0.48346	7.77439	78.6705	
0.999679	0.0103596	0.0231254	0.000122826	0.91062	-0.413245	-0.0253395	0.413115	0.910326	0.46277	8.12614	79.4683	
0.999592	0.0117278	0.0260559	0.000704052	0.901501	-0.432777	-0.0285649	0.432618	0.901125	0.43926	8.49499	80.2584	
0.999494	0.0131588	0.028956	0.00135469	0.891963	-0.452106	-0.0317768	0.451916	0.891494	0.412944	8.88076	81.0402	
0.999386	0.0146518	0.0318242	0.00207443	0.882012	-0.471222	-0.0349736	0.470999	0.88144	0.383832	9.28327	81.8134	
0.999268	0.0162063	0.0346591	0.00286292	0.871652	-0.490118	-0.0381537	0.489858	0.870967	0.351939	9.70232	82.5777	
0.999139	0.0178214	0.0374596	0.0037198	0.860887	-0.508783	-0.0413157	0.508484	0.86008	0.31728	10.1377	83.3326	
0.999	0.0194963	0.0402241	0.00464466	0.849723	-0.527209	-0.044458	0.526869	0.848783	0.279872	10.5893	84.0779	
0.998852	0.0212304	0.0429515	0.00563705	0.838166	-0.545387	-0.0475792	0.545002	0.837083	0.239732	11.0568	84.8132	
