1	0	0	0	1	0	0	0	1	0	0	0	
0.999983	1.08966e-06	0.0058299	1.08966e-06	1	-0.000373813	-0.0058299	0.000373813	0.999983	-0.00304745	0.000195403	1.04545	
0.999932	4.35322e-06	0.0116604	4.34121e-06	1	-0.000745609	-0.0116604	0.000745609	0.999932	-0.0121902	0.000780557	2.09086	
0.999847	9.7795e-06	0.0174914	9.73145e-06	0.999999	-0.00111537	-0.0174914	0.00111537	0.999846	-0.0274287	0.00175335	3.1362	
0.999728	1.73572e-05	0.0233226	1.72371e-05	0.999999	-0.00148309	-0.0233226	0.00148309	0.999727	-0.0487634	0.00311164	4.18144	
0.999575	2.70749e-05	0.0291539	2.68347e-05	0.999998	-0.00184875	-0.0291539	0.00184875	0.999573	-0.0761944	0.00485328	5.22653	
0.999388	3.89212e-05	0.0349849	3.85008e-05	0.999998	-0.00221234	-0.0349849	0.00221233	0.999385	-0.109722	0.00697612	6.27144	
0.999167	5.28845e-05	0.0408155	5.22117e-05	0.999997	-0.00257384	-0.0408155	0.00257382	0.999163	-0.149345	0.00947798	7.31614	
0.998912	6.8953e-05	0.0466455	6.79438e-05	0.999996	-0.00293324	-0.0466455	0.00293322	0.998907	-0.195063	0.0123567	8.36059	
0.998622	8.71149e-05	0.0524747	8.56732e-05	0.999995	-0.00329053	-0.0524747	0.00329049	0.998617	-0.246876	0.01561	9.40475	
0.998299	0.000107358	0.0583028	0.000105376	0.999993	-0.0036457	-0.0583028	0.00364564	0.998292	-0.304783	0.0192357	10.4486	
0.997942	0.000129672	0.0641296	0.000127028	0.999992	-0.00399874	-0.0641296	0.00399865	0.997934	-0.368781	0.0232316	11.4921	
0.99755	0.000154042	0.069955	0.000150606	0.999991	-0.00434963	-0.069955	0.00434951	0.997541	-0.438871	0.0275954	12.5352	
0.997125	0.000180458	0.0757787	0.000176085	0.999989	-0.00469836	-0.0757787	0.00469819	0.997114	-0.515051	0.0323249	13.5778	
0.996665	0.000208907	0.0816004	0.000203441	0.999987	-0.00504492	-0.0816004	0.00504469	0.996652	-0.597317	0.0374178	14.62	
0.996172	0.000239377	0.0874201	0.00023265	0.999985	-0.0053893	-0.0874201	0.005389	0.996157	-0.685669	0.0428718	15.6617	
0.995644	0.000271855	0.0932374	0.000263687	0.999984	-0.00573148	-0.0932374	0.0057311	0.995627	-0.780104	0.0486846	16.7029	
0.995082	0.000306329	0.0990522	0.000296527	0.999982	-0.00607147	-0.0990523	0.00607098	0.995064	-0.880619	0.0548539	17.7435	
0.994486	0.000342786	0.104864	0.000331147	0.999979	-0.00640924	-0.104864	0.00640863	0.994466	-0.987212	0.0613773	18.7835	
0.993857	0.000381213	0.110673	0.000367522	0.999977	-0.00674479	-0.110673	0.00674403	0.993834	-1.09988	0.0682526	19.8228	
0.993193	0.000421598	0.116479	0.000405627	0.999975	-0.00707811	-0.116479	0.00707718	0.993168	-1.21862	0.0754773	20.8615	
0.992495	0.000463928	0.122282	0.000445436	0.999972	-0.00740918	-0.122282	0.00740805	0.992468	-1.34343	0.0830492	21.8994	
0.991764	0.000508189	0.128081	0.000486926	0.99997	-0.00773801	-0.128081	0.00773664	0.991734	-1.4743	0.0909658	22.9366	
0.990998	0.000554369	0.133876	0.000530072	0.999967	-0.00806457	-0.133876	0.00806293	0.990965	-1.61123	0.0992246	23.973	
0.990198	0.000602454	0.139667	0.000574848	0.999965	-0.00838886	-0.139667	0.00838692	0.990163	-1.75422	0.107823	25.0086	
0.989365	0.000652431	0.145454	0.00062123	0.999962	-0.00871087	-0.145454	0.00870859	0.989327	-1.90326	0.11676	26.0434	
0.988497	0.000704287	0.151236	0.000669192	0.999959	-0.00903059	-0.151236	0.00902792	0.988456	-2.05835	0.126031	27.0772	
0.987596	0.000758009	0.157014	0.000718709	0.999956	-0.00934802	-0.157014	0.00934491	0.987552	-2.21948	0.135635	28.1101	
0.986661	0.000813582	0.162787	0.000769757	0.999953	-0.00966314	-0.162787	0.00965955	0.986614	-2.38665	0.145569	29.1421	
0.985692	0.000870994	0.168555	0.000822309	0.99995	-0.00997595	-0.168555	0.00997181	0.985642	-2.55985	0.155831	30.173	
0.984689	0.00093023	0.174317	0.000876341	0.999947	-0.0102864	-0.174318	0.0102817	0.984636	-2.73908	0.166418	31.203	
0.983652	0.000991278	0.180074	0.000931828	0.999943	-0.0105946	-0.180075	0.0105892	0.983596	-2.92433	0.177328	32.2318	
0.982582	0.00105412	0.185826	0.000988743	0.99994	-0.0109004	-0.185826	0.0108943	0.982522	-3.1156	0.188558	33.2596	
0.981478	0.00111875	0.191571	0.00104706	0.999937	-0.0112039	-0.191572	0.011197	0.981415	-3.31288	0.200106	34.2862	
0.98034	0.00118515	0.197311	0.00110676	0.999933	-0.011505	-0.197311	0.0114972	0.980274	-3.51616	0.211969	35.3116	
0.979169	0.0012533	0.203044	0.00116781	0.99993	-0.0118038	-0.203044	0.0117951	0.979099	-3.72543	0.224144	36.3358	
0.977964	0.00132319	0.20877	0.00123019	0.999926	-0.0121003	-0.208771	0.0120904	0.97789	-3.9407	0.23663	37.3588	
0.976725	0.00139481	0.21449	0.00129386	0.999922	-0.0123943	-0.21449	0.0123834	0.976648	-4.16195	0.249423	38.3805	
0.975453	0.00146814	0.220203	0.00135882	0.999919	-0.012686	-0.220203	0.0126738	0.975372	-4.38918	0.262521	39.4009	
0.974147	0.00154317	0.225908	0.00142502	0.999915	-0.0129753	-0.225909	0.0129618	0.974062	-4.62237	0.275922	40.4199	
0.972808	0.00161989	0.231606	0.00149245	0.999911	-0.0132622	-0.231607	0.0132472	0.972719	-4.86153	0.289622	41.4375	
0.971436	0.00169827	0.237297	0.00156108	0.999907	-0.0135467	-0.237298	0.0135302	0.971343	-5.10664	0.303619	42.4537	
0.97003	0.00177831	0.24298	0.00163088	0.999903	-0.0138289	-0.242981	0.0138107	0.969933	-5.3577	0.317911	43.4685	
0.96859	0.00185999	0.248655	0.00170183	0.999899	-0.0141086	-0.248656	0.0140886	0.968489	-5.61469	0.332495	44.4818	
0.967118	0.00194329	0.254322	0.0017739	0.999895	-0.014386	-0.254323	0.014364	0.967013	-5.87761	0.347368	45.4935	
0.965612	0.0020282	0.25998	0.00184707	0.999891	-0.0146609	-0.259981	0.0146369	0.965503	-6.14645	0.362528	46.5037	
0.964073	0.00211471	0.26563	0.00192131	0.999887	-0.0149334	-0.265631	0.0149072	0.963959	-6.42121	0.377971	47.5123	
0.962501	0.0022028	0.271271	0.00199659	0.999882	-0.0152035	-0.271272	0.015175	0.962383	-6.70186	0.393696	48.5192	
0.960895	0.00229246	0.276903	0.00207289	0.999878	-0.0154712	-0.276904	0.0154402	0.960773	-6.98841	0.409699	49.5245	
0.959257	0.00238366	0.282525	0.00215019	0.999874	-0.0157365	-0.282527	0.0157028	0.959131	-7.28084	0.425979	50.5281	
0.957586	0.00247641	0.288138	0.00222845	0.99987	-0.0159993	-0.28814	0.0159628	0.957455	-7.57914	0.442531	51.53	
0.955881	0.00257067	0.293742	0.00230765	0.999865	-0.0162597	-0.293744	0.0162202	0.955746	-7.88331	0.459354	52.53	
0.954144	0.00266643	0.299336	0.00238777	0.999861	-0.0165177	-0.299338	0.016475	0.954005	-8.19333	0.476445	53.5283	
0.952374	0.00276369	0.30492	0.00246878	0.999856	-0.0167733	-0.304922	0.0167272	0.95223	-8.5092	0.493801	54.5248	
0.950571	0.00286242	0.310493	0.00255065	0.999852	-0.0170264	-0.310496	0.0169767	0.950423	-8.83089	0.511419	55.5193	
0.948736	0.00296261	0.316056	0.00263336	0.999847	-0.0172771	-0.316059	0.0172237	0.948583	-9.15841	0.529296	56.512	
0.946868	0.00306424	0.321609	0.00271688	0.999843	-0.0175253	-0.321612	0.0174679	0.94671	-9.49174	0.547431	57.5027	
0.944967	0.0031673	0.32715	0.00280119	0.999838	-0.0177711	-0.327154	0.0177095	0.944805	-9.83087	0.565819	58.4915	
0.943034	0.00327178	0.332681	0.00288627	0.999834	-0.0180145	-0.332685	0.0179485	0.942867	-10.1758	0.584458	59.4782	
0.941068	0.00337764	0.3382	0.00297207	0.999829	-0.0182554	-0.338204	0.0181847	0.940897	-10.5265	0.603346	60.4629	
0.93907	0.00348489	0.343708	0.00305859	0.999824	-0.0184939	-0.343712	0.0184183	0.938894	-10.8829	0.62248	61.4455	
0.93704	0.00359351	0.349205	0.00314578	0.99982	-0.01873	-0.349209	0.0186492	0.936859	-11.2451	0.641856	62.4261	
0.934977	0.00370347	0.354689	0.00323364	0.999815	-0.0189636	-0.354694	0.0188774	0.934792	-11.6131	0.661472	63.4044	
0.932882	0.00381477	0.360161	0.00332213	0.99981	-0.0191947	-0.360166	0.0191029	0.932693	-11.9868	0.681326	64.3806	
0.930755	0.00392738	0.365622	0.00341122	0.999806	-0.0194234	-0.365627	0.0193257	0.930561	-12.3662	0.701413	65.3546	
0.928596	0.00404129	0.371069	0.0035009	0.999801	-0.0196497	-0.371075	0.0195457	0.928397	-12.7513	0.721733	66.3263	
0.927833	0.00408218	0.372974	0.00378296	0.999786	-0.0203533	-0.372977	0.0202954	0.927619	-13.1402	0.742559	67.2965	
0.927065	0.00412461	0.374877	0.00406573	0.99977	-0.0210545	-0.374878	0.021043	0.926835	-13.5311	0.764167	68.2659	
0.926294	0.00416858	0.376779	0.00434911	0.999754	-0.0217531	-0.376777	0.0217884	0.926048	-13.924	0.786557	69.2344	
0.93574	0.00355744	0.352673	0.00563129	0.999671	-0.0250251	-0.352646	0.025403	0.935412	-14.3053	0.811226	70.2075	
0.944558	0.00285291	0.328333	0.00682821	0.999575	-0.028329	-0.328274	0.0290003	0.944137	-14.6613	0.839666	71.1901	
0.952742	0.00205546	0.303774	0.00793905	0.999467	-0.0316624	-0.303678	0.0325778	0.952218	-14.9917	0.871856	72.1814	
0.960286	0.00116564	0.279015	0.00896306	0.999346	-0.0350231	-0.278874	0.036133	0.959648	-15.2962	0.907775	73.1808	
0.967185	0.000184065	0.254073	0.00989953	0.999213	-0.0384087	-0.25388	0.0396635	0.966422	-15.5747	0.947399	74.1877	
0.973435	-0.000888605	0.228963	0.0107478	0.999067	-0.041817	-0.228712	0.043167	0.972537	-15.827	0.990699	75.2013	
0.979031	-0.00205163	0.203703	0.0115074	0.99891	-0.0452456	-0.203388	0.0466409	0.977987	-16.0529	1.03765	76.221	
0.983969	-0.00330423	0.178311	0.0121776	0.99874	-0.0486922	-0.177925	0.050083	0.982769	-16.2522	1.08821	77.246	
0.988246	-0.00464553	0.152804	0.0127582	0.998558	-0.0521545	-0.152341	0.0534909	0.986879	-16.4248	1.14235	78.2756	
0.991859	-0.00607462	0.127199	0.0132486	0.998364	-0.05563	-0.126653	0.0568623	0.990316	-16.5707	1.20004	79.3092	
0.994805	-0.00759053	0.101513	0.0136486	0.998158	-0.0591164	-0.100878	0.0601948	0.993076	-16.6896	1.26123	80.346	
0.997083	-0.00919222	0.0757654	0.0139578	0.99794	-0.0626113	-0.0750338	0.0634862	0.995158	-16.7816	1.32589	81.3854	
0.998691	-0.0108786	0.0499723	0.014176	0.997711	-0.0661123	-0.0491387	0.0667342	0.99656	-16.8465	1.39396	82.4266	
0.999628	-0.0126485	0.0241517	0.0143032	0.997471	-0.0696171	-0.0232101	0.0699367	0.997281	-16.8843	1.46541	83.4689	
0.999893	-0.0145007	-0.00167872	0.0143392	0.99722	-0.0731232	0.0027344	0.0730914	0.997322	-16.895	1.54018	84.5116	
0.999487	-0.016434	-0.0275014	0.014284	0.996957	-0.0766283	0.028677	0.0761961	0.99668	-16.8786	1.61822	85.554	
0.998408	-0.0184471	-0.0532986	0.0141376	0.996684	-0.0801299	0.0546001	0.0792488	0.995358	-16.8351	1.69948	86.5953	
0.996659	-0.0205385	-0.0790528	0.0139002	0.9964	-0.0836256	0.0804858	0.0822474	0.993357	-16.7645	1.7839	87.6349	
0.99424	-0.0227068	-0.104746	0.0135718	0.996106	-0.0871131	0.106317	0.0851898	0.990676	-16.6668	1.87143	88.6721	
0.991152	-0.0249506	-0.130362	0.0131527	0.995801	-0.0905901	0.132075	0.0880739	0.987319	-16.5422	1.96201	89.7061	
0.987399	-0.0272683	-0.155881	0.0126433	0.995487	-0.094054	0.157743	0.090898	0.983288	-16.3907	2.05556	90.7362	
0.982983	-0.0296584	-0.181288	0.0120438	0.995162	-0.0975026	0.183303	0.0936599	0.978585	-16.2124	2.15204	91.7618	
0.977906	-0.0321192	-0.206564	0.0113547	0.994828	-0.100933	0.208738	0.0963579	0.973213	-16.0074	2.25138	92.7821	
0.972172	-0.0346489	-0.231693	0.0105764	0.994485	-0.104344	0.23403	0.09899	0.967177	-15.776	2.3535	93.7965	
0.965785	-0.037246	-0.256656	0.00970946	0.994132	-0.107733	0.259163	0.101555	0.96048	-15.5182	2.45833	94.8042	
0.958749	-0.0399086	-0.281438	0.00875449	0.993771	-0.111096	0.284118	0.10405	0.953127	-15.2342	2.56581	95.8045	
0.95107	-0.042635	-0.30602	0.00771212	0.993401	-0.114433	0.30888	0.106474	0.945123	-14.9242	2.67587	96.7969	
0.942752	-0.0454231	-0.330387	0.00658307	0.993023	-0.117741	0.33343	0.108825	0.936473	-14.5884	2.78841	97.7805	
0.933801	-0.0482712	-0.354522	0.00536811	0.992636	-0.121017	0.357753	0.111102	0.927183	-14.2271	2.90338	98.7547	
0.924223	-0.0511773	-0.378408	0.00406807	0.992242	-0.124259	0.381831	0.113303	0.917261	-13.8405	3.02069	99.7189	
0.914025	-0.0541394	-0.402029	0.00268384	0.991839	-0.127465	0.405649	0.115427	0.906712	-13.4288	3.14026	100.672	
