1	0	0	0	1	0	0	0	1	0	0	0	
0.999998	9.79322e-07	0.00180846	9.79322e-07	0.999999	-0.00108304	-0.00180846	0.00108304	0.999998	-0.000830249	0.000497215	0.918181	
0.999993	3.92932e-06	0.00362279	3.92794e-06	0.999998	-0.00216883	-0.00362279	0.00216883	0.999991	-0.00332369	0.00199012	1.83636	
0.999985	8.86753e-06	0.00544292	8.86196e-06	0.999995	-0.00325732	-0.00544292	0.00325732	0.99998	-0.00748568	0.00448122	2.75453	
0.999974	1.58112e-05	0.00726877	1.57973e-05	0.999991	-0.00434846	-0.00726877	0.00434846	0.999964	-0.0133215	0.00797296	3.67268	
0.999959	2.47774e-05	0.00910026	2.47494e-05	0.999985	-0.0054422	-0.00910026	0.0054422	0.999944	-0.0208364	0.0124678	4.59082	
0.99994	3.57829e-05	0.0109373	3.57337e-05	0.999979	-0.00653849	-0.0109373	0.00653849	0.999919	-0.0300355	0.017968	5.50894	
0.999918	4.88441e-05	0.0127799	4.87652e-05	0.999971	-0.00763729	-0.0127799	0.00763729	0.999889	-0.0409238	0.024476	6.42704	
0.999893	6.39773e-05	0.0146279	6.38586e-05	0.999962	-0.00873854	-0.0146279	0.00873854	0.999855	-0.0535065	0.031994	7.3451	
0.999864	8.11985e-05	0.0164813	8.10284e-05	0.999952	-0.0098422	-0.0164813	0.0098422	0.999816	-0.0677885	0.0405242	8.26313	
0.999832	0.000100523	0.0183399	0.000100289	0.99994	-0.0109482	-0.0183399	0.0109482	0.999772	-0.0837745	0.0500689	9.18112	
0.999796	0.000121967	0.0202037	0.000121654	0.999927	-0.0120566	-0.0202037	0.0120566	0.999723	-0.10147	0.0606302	10.0991	
0.999756	0.000145546	0.0220727	0.000145137	0.999913	-0.0131672	-0.0220727	0.0131672	0.99967	-0.120878	0.0722102	11.017	
0.999713	0.000171273	0.0239467	0.000170752	0.999898	-0.01428	-0.0239467	0.01428	0.999611	-0.142005	0.0848109	11.9348	
0.999666	0.000199165	0.0258257	0.000198511	0.999881	-0.0153949	-0.0258257	0.0153949	0.999548	-0.164856	0.0984344	12.8526	
0.999616	0.000229234	0.0277096	0.000228428	0.999864	-0.016512	-0.0277096	0.016512	0.99948	-0.189433	0.113083	13.7704	
0.999562	0.000261496	0.0295984	0.000260514	0.999845	-0.0176312	-0.0295984	0.0176312	0.999406	-0.215743	0.128757	14.688	
0.999504	0.000295964	0.0314919	0.000294782	0.999824	-0.0187524	-0.0314919	0.0187524	0.999328	-0.243789	0.145461	15.6056	
0.999442	0.000332651	0.03339	0.000331244	0.999802	-0.0198755	-0.03339	0.0198755	0.999245	-0.273575	0.163195	16.5232	
0.999377	0.000371571	0.0352928	0.000369912	0.999779	-0.0210006	-0.0352928	0.0210006	0.999156	-0.305107	0.18196	17.4406	
0.999308	0.000412736	0.0372001	0.000410796	0.999755	-0.0221276	-0.0372001	0.0221275	0.999063	-0.338388	0.20176	18.358	
0.999235	0.00045616	0.0391118	0.000453908	0.999729	-0.0232563	-0.0391119	0.0232563	0.998964	-0.373422	0.222595	19.2753	
0.999158	0.000501855	0.0410279	0.000499259	0.999702	-0.0243869	-0.041028	0.0243868	0.99886	-0.410214	0.244468	20.1924	
0.999077	0.000549832	0.0429483	0.000546858	0.999674	-0.0255192	-0.0429484	0.0255191	0.998751	-0.448766	0.267379	21.1095	
0.998993	0.000600103	0.044873	0.000596716	0.999645	-0.0266531	-0.044873	0.026653	0.998637	-0.489084	0.291331	22.0265	
0.998904	0.000652681	0.0468017	0.000648842	0.999614	-0.0277887	-0.0468018	0.0277886	0.998518	-0.531172	0.316325	22.9434	
0.998812	0.000707575	0.0487346	0.000703247	0.999581	-0.0289259	-0.0487346	0.0289258	0.998393	-0.575031	0.342362	23.8601	
0.998715	0.000764797	0.0506714	0.000759939	0.999548	-0.0300646	-0.0506715	0.0300644	0.998263	-0.620668	0.369444	24.7768	
0.998615	0.000824358	0.0526121	0.000818926	0.999513	-0.0312048	-0.0526122	0.0312046	0.998127	-0.668085	0.397572	25.6933	
0.99851	0.000886267	0.0545567	0.000880219	0.999476	-0.0323464	-0.0545568	0.0323462	0.997987	-0.717285	0.426747	26.6097	
0.998402	0.000950535	0.056505	0.000943824	0.999439	-0.0334894	-0.0565051	0.0334892	0.99784	-0.768272	0.456972	27.526	
0.998289	0.00101717	0.0584569	0.00100975	0.9994	-0.0346337	-0.0584571	0.0346335	0.997689	-0.82105	0.488246	28.4421	
0.998173	0.00108618	0.0604125	0.001078	0.999359	-0.0357794	-0.0604127	0.0357791	0.997532	-0.875622	0.520572	29.3581	
0.998052	0.00115759	0.0623716	0.00114859	0.999317	-0.0369263	-0.0623718	0.036926	0.99737	-0.931992	0.55395	30.2739	
0.997928	0.00123138	0.0643342	0.00122153	0.999274	-0.0380743	-0.0643344	0.038074	0.997202	-0.990161	0.588382	31.1896	
0.997799	0.00130758	0.0663001	0.00129681	0.99923	-0.0392236	-0.0663003	0.0392232	0.997028	-1.05013	0.623869	32.1052	
0.997666	0.00138619	0.0682692	0.00137444	0.999184	-0.0403739	-0.0682695	0.0403735	0.99685	-1.11191	0.660411	33.0205	
0.997529	0.00146722	0.0702416	0.00145444	0.999136	-0.0415252	-0.0702419	0.0415248	0.996665	-1.1755	0.69801	33.9357	
0.997388	0.00155068	0.0722172	0.00153681	0.999088	-0.0426776	-0.0722174	0.0426771	0.996475	-1.24091	0.736666	34.8508	
0.997242	0.00163657	0.0741957	0.00162154	0.999038	-0.0438309	-0.074196	0.0438304	0.99628	-1.30812	0.776381	35.7656	
0.997093	0.0017249	0.0761772	0.00170866	0.998986	-0.0449852	-0.0761776	0.0449845	0.996079	-1.37716	0.817155	36.6803	
0.996939	0.00181568	0.0781617	0.00179816	0.998933	-0.0461402	-0.0781621	0.0461395	0.995872	-1.44801	0.858989	37.5948	
0.996781	0.00190891	0.0801489	0.00189004	0.998879	-0.0472961	-0.0801493	0.0472954	0.99566	-1.52069	0.901884	38.5091	
0.996619	0.00200461	0.0821389	0.00198431	0.998824	-0.0484528	-0.0821393	0.0484519	0.995442	-1.5952	0.945841	39.4232	
0.996452	0.00210276	0.0841315	0.00208098	0.998766	-0.0496101	-0.084132	0.0496092	0.995219	-1.67153	0.99086	40.3371	
0.996282	0.00220339	0.0861267	0.00218005	0.998708	-0.0507681	-0.0861272	0.0507671	0.99499	-1.7497	1.03694	41.2508	
0.996107	0.00230649	0.0881243	0.00228152	0.998648	-0.0519268	-0.088125	0.0519257	0.994755	-1.82969	1.08409	42.1642	
0.995928	0.00241208	0.0901244	0.00238539	0.998587	-0.053086	-0.0901251	0.0530848	0.994515	-1.91153	1.1323	43.0775	
0.995744	0.00252014	0.0921268	0.00249167	0.998525	-0.0542457	-0.0921276	0.0542444	0.994269	-1.9952	1.18157	43.9905	
0.995556	0.00263069	0.0941315	0.00260035	0.998461	-0.0554059	-0.0941324	0.0554044	0.994017	-2.08071	1.23191	44.9033	
0.995364	0.00274374	0.0961384	0.00271145	0.998395	-0.0565665	-0.0961393	0.0565649	0.993759	-2.16806	1.28331	45.8159	
0.995168	0.00285928	0.0981473	0.00282495	0.998328	-0.0577275	-0.0981483	0.0577258	0.993496	-2.25726	1.33578	46.7282	
0.994967	0.00297731	0.100158	0.00294087	0.99826	-0.0588888	-0.100159	0.058887	0.993227	-2.3483	1.38932	47.6403	
0.994762	0.00309785	0.102171	0.0030592	0.998191	-0.0600504	-0.102172	0.0600484	0.992953	-2.44119	1.44392	48.5522	
0.994553	0.00322088	0.104186	0.00317995	0.99812	-0.0612123	-0.104187	0.0612101	0.992672	-2.53592	1.49959	49.4637	
0.994339	0.00334643	0.106202	0.00330311	0.998047	-0.0623743	-0.106204	0.062372	0.992386	-2.63251	1.55633	50.3751	
0.994121	0.00347447	0.108221	0.00342868	0.997974	-0.0635364	-0.108222	0.063534	0.992094	-2.73095	1.61413	51.2861	
0.993898	0.00360503	0.110241	0.00355667	0.997899	-0.0646987	-0.110242	0.064696	0.991797	-2.83125	1.673	52.1969	
0.993672	0.00373809	0.112262	0.00368707	0.997822	-0.065861	-0.112264	0.0658581	0.991494	-2.9334	1.73293	53.1074	
0.99344	0.00387366	0.114285	0.00381988	0.997744	-0.0670233	-0.114287	0.0670202	0.991185	-3.03741	1.79394	54.0176	
0.993205	0.00401174	0.116309	0.0039551	0.997665	-0.0681856	-0.116311	0.0681823	0.99087	-3.14327	1.85601	54.9276	
0.992771	0.0042591	0.119951	0.00374458	0.997785	-0.0664202	-0.119968	0.0663892	0.990555	-3.25175	1.91779	55.8372	
0.992322	0.00450022	0.123597	0.0035278	0.997901	-0.0646575	-0.123629	0.0645971	0.990224	-3.36358	1.97792	56.7466	
0.99186	0.00473505	0.127247	0.00330476	0.998015	-0.0628973	-0.127292	0.0628059	0.989875	-3.47877	2.03641	57.6557	
0.991383	0.00496357	0.1309	0.00307544	0.998124	-0.0611397	-0.130958	0.0610155	0.989509	-3.59734	2.09326	58.5644	
0.990892	0.00518574	0.134556	0.00283985	0.998231	-0.0593845	-0.134626	0.0592258	0.989125	-3.71926	2.14846	59.4727	
0.990388	0.00540154	0.138215	0.00259797	0.998335	-0.0576317	-0.138296	0.0574368	0.988724	-3.84456	2.20202	60.3808	
0.989869	0.00561093	0.141875	0.0023498	0.998435	-0.055881	-0.141967	0.0556482	0.988306	-3.97323	2.25393	61.2884	
0.989336	0.00581389	0.145538	0.00209532	0.998532	-0.0541324	-0.145639	0.0538601	0.987871	-4.10526	2.30421	62.1956	
0.988788	0.00601039	0.149202	0.00183452	0.998625	-0.0523859	-0.149312	0.0520723	0.987418	-4.24067	2.35284	63.1025	
0.988227	0.0062004	0.152867	0.0015674	0.998716	-0.0506413	-0.152985	0.0502847	0.986948	-4.37945	2.39983	64.0089	
0.987652	0.00638391	0.156533	0.00129394	0.998803	-0.0488985	-0.156658	0.0484972	0.986462	-4.52161	2.44518	64.9149	
0.987063	0.00656088	0.1602	0.00101413	0.998887	-0.0471574	-0.160331	0.0467097	0.985958	-4.66713	2.48889	65.8204	
0.98646	0.0067313	0.163866	0.000727956	0.998968	-0.0454179	-0.164003	0.0449222	0.985437	-4.81603	2.53096	66.7254	
0.985842	0.00689515	0.167532	0.000435399	0.999045	-0.04368	-0.167674	0.0431345	0.984898	-4.9683	2.57138	67.63	
0.985211	0.00705241	0.171198	0.000136446	0.99912	-0.0419434	-0.171343	0.0413465	0.984343	-5.12394	2.61017	68.5341	
0.984566	0.00720306	0.174863	-0.00016892	0.999191	-0.0402082	-0.175011	0.0395581	0.983771	-5.28295	2.64731	69.4376	
0.983908	0.00734707	0.178526	-0.000480715	0.999259	-0.0384742	-0.178676	0.0377693	0.983183	-5.44533	2.68281	70.3406	
0.983235	0.00748445	0.182188	-0.000798959	0.999324	-0.0367414	-0.18234	0.0359799	0.982577	-5.61107	2.71667	71.2431	
0.981114	0.00777739	0.193272	-0.00455373	0.999843	-0.0171181	-0.193375	0.0159147	0.980996	-5.78356	2.74049	72.1446	
0.978869	0.00784375	0.204336	-0.00852804	0.999961	0.00246847	-0.204308	-0.00415889	0.978898	-5.96614	2.74589	73.0444	
0.976502	0.0076835	0.215373	-0.0127198	0.999677	0.0220079	-0.215134	-0.0242303	0.976284	-6.15871	2.73286	73.942	
0.974012	0.00729671	0.226377	-0.0171268	0.998992	0.04149	-0.225846	-0.0442889	0.973156	-6.36117	2.7014	74.8371	
0.971403	0.00668359	0.237343	-0.0217468	0.997907	0.0609044	-0.236439	-0.0643242	0.969515	-6.57341	2.65153	75.729	
0.968674	0.00584446	0.248266	-0.0265772	0.996421	0.080241	-0.246908	-0.0843256	0.965363	-6.79532	2.58329	76.6173	
0.965828	0.00477978	0.259138	-0.0316155	0.994536	0.0994894	-0.257247	-0.104283	0.960702	-7.02678	2.4967	77.5016	
0.962866	0.00349008	0.269955	-0.0368592	0.992253	0.11864	-0.26745	-0.124185	0.955536	-7.26768	2.3918	78.3813	
0.95979	0.00197607	0.280711	-0.0423054	0.989573	0.137682	-0.277512	-0.144021	0.949866	-7.51788	2.26867	79.2561	
0.956601	0.000238529	0.291401	-0.0479512	0.986497	0.156605	-0.287428	-0.163782	0.943695	-7.77725	2.12735	80.1255	
0.953301	-0.00172162	0.302017	-0.0537937	0.983026	0.175401	-0.297193	-0.183456	0.937027	-8.04565	1.96793	80.9889	
0.949891	-0.00390335	0.312556	-0.0598298	0.979164	0.194058	-0.306801	-0.203034	0.929866	-8.32295	1.79049	81.846	
0.946374	-0.00630551	0.323011	-0.0660564	0.974911	0.212567	-0.316247	-0.222505	0.922214	-8.609	1.59512	82.6964	
0.942752	-0.00892683	0.333377	-0.0724701	0.970271	0.230918	-0.325527	-0.241858	0.914077	-8.90365	1.38193	83.5394	
0.939025	-0.0117659	0.343648	-0.0790675	0.965244	0.249102	-0.334635	-0.261084	0.905458	-9.20673	1.15102	84.3748	
0.935196	-0.0148213	0.353819	-0.0858452	0.959835	0.267109	-0.343567	-0.280173	0.896362	-9.5181	0.902522	85.202	
0.931268	-0.0180914	0.363885	-0.0927997	0.954046	0.284929	-0.352318	-0.299114	0.886794	-9.83759	0.636565	86.0207	
0.927242	-0.0215744	0.37384	-0.0999272	0.94788	0.302553	-0.360883	-0.317897	0.876758	-10.165	0.353289	86.8303	
0.923121	-0.0252685	0.383679	-0.107224	0.94134	0.319973	-0.369258	-0.336513	0.866261	-10.5002	0.052842	87.6306	
0.918906	-0.0291718	0.393398	-0.114686	0.934429	0.337177	-0.377438	-0.354951	0.855307	-10.8431	-0.264617	88.421	
0.914599	-0.0332822	0.40299	-0.12231	0.927153	0.354159	-0.38542	-0.373203	0.843902	-11.1933	-0.598921	89.2011	
