1	0	0	0	1	0	0	0	1	0	0	0	
0.999998	3.08748e-07	-0.00199572	3.08748e-07	1	0.000309409	0.00199572	-0.000309409	0.999998	0.000775107	-0.00012017	0.776767	
0.999992	1.2359e-06	-0.00399308	1.23567e-06	1	0.00061896	0.00399308	-0.00061896	0.999992	0.00310106	-0.000480733	1.55353	
0.999982	2.7827e-06	-0.00599203	2.7818e-06	1	0.000928642	0.00599203	-0.000928642	0.999982	0.00697912	-0.0010818	2.33029	
0.999968	4.95036e-06	-0.0079925	4.9481e-06	0.999999	0.00123845	0.0079925	-0.00123845	0.999967	0.0124105	-0.00192346	3.10704	
0.99995	7.74e-06	-0.00999444	7.73548e-06	0.999999	0.00154837	0.00999444	-0.00154837	0.999949	0.0193963	-0.00300582	3.88377	
0.999928	1.11527e-05	-0.0119978	1.11448e-05	0.999998	0.0018584	0.0119978	-0.0018584	0.999926	0.0279378	-0.00432895	4.66049	
0.999902	1.51895e-05	-0.0140025	1.51768e-05	0.999998	0.00216852	0.0140025	-0.00216852	0.9999	0.0380359	-0.00589294	5.43719	
0.999872	1.98512e-05	-0.0160085	1.98322e-05	0.999997	0.00247873	0.0160085	-0.00247873	0.999869	0.0496917	-0.00769785	6.21387	
0.999838	2.51389e-05	-0.0180158	2.51117e-05	0.999996	0.00278902	0.0180158	-0.00278902	0.999834	0.0629062	-0.00974376	6.99052	
0.999799	3.10533e-05	-0.0200243	3.10159e-05	0.999995	0.00309938	0.0200243	-0.00309938	0.999795	0.0776803	-0.0120307	7.76715	
0.999757	3.75953e-05	-0.0220339	3.75453e-05	0.999994	0.00340981	0.0220339	-0.00340981	0.999751	0.094015	-0.0145588	8.54374	
0.999711	4.47654e-05	-0.0240445	4.47005e-05	0.999993	0.00372029	0.0240445	-0.00372029	0.999704	0.111911	-0.017328	9.32029	
0.99966	5.25644e-05	-0.0260563	5.24817e-05	0.999992	0.00403081	0.0260563	-0.00403081	0.999652	0.131369	-0.0203384	10.0968	
0.999606	6.09928e-05	-0.0280689	6.08893e-05	0.999991	0.00434137	0.0280689	-0.00434137	0.999597	0.152391	-0.02359	10.8733	
0.999547	7.00512e-05	-0.0300825	6.99238e-05	0.999989	0.00465195	0.0300825	-0.00465195	0.999537	0.174976	-0.0270829	11.6497	
0.999485	7.97399e-05	-0.032097	7.95852e-05	0.999988	0.00496256	0.032097	-0.00496255	0.999472	0.199125	-0.030817	12.4261	
0.999418	9.00595e-05	-0.0341122	8.98737e-05	0.999986	0.00527317	0.0341122	-0.00527317	0.999404	0.22484	-0.0347924	13.2024	
0.999347	0.00010101	-0.0361282	0.000100789	0.999984	0.00558379	0.0361282	-0.00558378	0.999332	0.25212	-0.0390091	13.9787	
0.999272	0.000112592	-0.0381449	0.000112333	0.999983	0.00589439	0.0381449	-0.00589439	0.999255	0.280967	-0.043467	14.7549	
0.999193	0.000124806	-0.0401622	0.000124503	0.999981	0.00620499	0.0401622	-0.00620498	0.999174	0.31138	-0.0481662	15.5311	
0.99911	0.000137652	-0.0421802	0.0001373	0.999979	0.00651555	0.0421802	-0.00651554	0.999089	0.343361	-0.0531067	16.3072	
0.999023	0.000151129	-0.0441986	0.000150725	0.999977	0.00682608	0.0441986	-0.00682608	0.998999	0.376909	-0.0582883	17.0832	
0.998931	0.000165239	-0.0462175	0.000164776	0.999975	0.00713657	0.0462175	-0.00713656	0.998906	0.412025	-0.0637112	17.8592	
0.998836	0.00017998	-0.0482368	0.000179454	0.999972	0.00744701	0.0482368	-0.007447	0.998808	0.448709	-0.0693752	18.635	
0.998736	0.000195353	-0.0502565	0.000194758	0.99997	0.00775739	0.0502565	-0.00775738	0.998706	0.486963	-0.0752803	19.4108	
0.998633	0.000211357	-0.0522764	0.000210688	0.999967	0.00806771	0.0522764	-0.00806769	0.9986	0.526785	-0.0814266	20.1866	
0.998525	0.000227993	-0.0542966	0.000227244	0.999965	0.00837794	0.0542966	-0.00837792	0.99849	0.568176	-0.0878138	20.9622	
0.998413	0.00024526	-0.056317	0.000244424	0.999962	0.00868809	0.056317	-0.00868807	0.998375	0.611137	-0.0944419	21.7378	
0.998297	0.000263158	-0.0583376	0.000262229	0.999959	0.00899815	0.0583376	-0.00899812	0.998256	0.655667	-0.101311	22.5132	
0.998177	0.000281687	-0.0603582	0.000280657	0.999957	0.0093081	0.0603582	-0.00930807	0.998133	0.701766	-0.108421	23.2886	
0.998053	0.000300845	-0.0623788	0.000299709	0.999954	0.00961795	0.0623788	-0.00961791	0.998006	0.749435	-0.115771	24.0638	
0.997924	0.000320632	-0.0643994	0.000319382	0.999951	0.00992767	0.0643994	-0.00992763	0.997875	0.798674	-0.123363	24.839	
0.997792	0.000341049	-0.0664199	0.000339677	0.999948	0.0102373	0.0664199	-0.0102372	0.997739	0.849482	-0.131194	25.6141	
0.997655	0.000362093	-0.0684402	0.000360593	0.999944	0.0105467	0.0684402	-0.0105467	0.997599	0.901859	-0.139266	26.389	
0.997515	0.000383765	-0.0704604	0.000382128	0.999941	0.010856	0.0704604	-0.010856	0.997456	0.955806	-0.147579	27.1639	
0.99737	0.000406064	-0.0724803	0.000404282	0.999938	0.0111652	0.0724803	-0.0111651	0.997307	1.01132	-0.156131	27.9386	
0.997221	0.000428988	-0.0744999	0.000427053	0.999934	0.0114742	0.0744999	-0.0114741	0.997155	1.06841	-0.164924	28.7132	
0.997068	0.000452537	-0.0765191	0.000450441	0.99993	0.011783	0.0765191	-0.0117829	0.996998	1.12706	-0.173957	29.4877	
0.996911	0.000476711	-0.0785379	0.000474444	0.999927	0.0120917	0.0785379	-0.0120916	0.996838	1.18728	-0.183229	30.2621	
0.99675	0.000501507	-0.0805562	0.000499061	0.999923	0.0124001	0.0805562	-0.0124	0.996673	1.24907	-0.192741	31.0364	
0.996585	0.000526925	-0.082574	0.000524291	0.999919	0.0127084	0.082574	-0.0127083	0.996504	1.31243	-0.202493	31.8105	
0.996416	0.000552964	-0.0845912	0.000550132	0.999915	0.0130165	0.0845912	-0.0130163	0.996331	1.37735	-0.212484	32.5845	
0.996242	0.000579623	-0.0866077	0.000576583	0.999911	0.0133243	0.0866077	-0.0133242	0.996153	1.44384	-0.222714	33.3583	
0.996065	0.0006069	-0.0886235	0.000603643	0.999907	0.0136319	0.0886236	-0.0136318	0.995972	1.5119	-0.233184	34.132	
0.995884	0.000634793	-0.0906386	0.000631309	0.999903	0.0139393	0.0906387	-0.0139392	0.995786	1.58152	-0.243892	34.9056	
0.995698	0.000663303	-0.0926529	0.000659581	0.999898	0.0142465	0.0926529	-0.0142463	0.995597	1.65271	-0.254839	35.679	
0.995509	0.000692427	-0.0946663	0.000688456	0.999894	0.0145534	0.0946663	-0.0145532	0.995403	1.72546	-0.266024	36.4523	
0.995315	0.000722163	-0.0966788	0.000717934	0.999889	0.0148601	0.0966788	-0.0148599	0.995205	1.79978	-0.277447	37.2254	
0.995118	0.00075251	-0.0986903	0.000748011	0.999885	0.0151665	0.0986903	-0.0151662	0.995003	1.87566	-0.289109	37.9984	
0.994916	0.000783467	-0.100701	0.000778687	0.99988	0.0154726	0.100701	-0.0154723	0.994796	1.9531	-0.301009	38.7712	
0.994711	0.000815032	-0.10271	0.000809959	0.999875	0.0157784	0.10271	-0.0157782	0.994586	2.0321	-0.313146	39.5438	
0.994502	0.000847203	-0.104718	0.000841826	0.99987	0.016084	0.104718	-0.0160837	0.994372	2.11266	-0.32552	40.3163	
0.994288	0.000879978	-0.106725	0.000874285	0.999865	0.0163893	0.106725	-0.016389	0.994153	2.19478	-0.338132	41.0886	
0.994371	0.000867289	-0.105949	0.000846327	0.99987	0.0161279	0.10595	-0.0161268	0.994241	2.27738	-0.350761	41.8609	
0.994454	0.000854794	-0.105173	0.00081852	0.999874	0.015866	0.105173	-0.015864	0.994327	2.35938	-0.363186	42.6332	
0.994536	0.000842494	-0.104395	0.000790867	0.999878	0.0156035	0.104396	-0.0156008	0.994413	2.44077	-0.375406	43.4056	
0.994617	0.00083039	-0.103617	0.000763369	0.999882	0.0153406	0.103618	-0.0153371	0.994499	2.52156	-0.387422	44.178	
0.994698	0.000818484	-0.102838	0.000736028	0.999886	0.0150772	0.102839	-0.0150729	0.994584	2.60174	-0.399233	44.9506	
0.994778	0.000806775	-0.102059	0.000708847	0.99989	0.0148133	0.10206	-0.0148083	0.994668	2.68132	-0.410838	45.7232	
0.994858	0.000795266	-0.101279	0.000681828	0.999894	0.014549	0.10128	-0.0145432	0.994752	2.7603	-0.422238	46.4958	
0.994937	0.000783956	-0.100498	0.000654973	0.999898	0.0142842	0.100499	-0.0142777	0.994835	2.83867	-0.433431	47.2685	
0.995016	0.000772847	-0.0997168	0.000628283	0.999902	0.0140189	0.0997178	-0.0140117	0.994917	2.91643	-0.444418	48.0413	
0.995094	0.00076194	-0.0989349	0.00060176	0.999905	0.0137532	0.098936	-0.0137453	0.994999	2.99358	-0.455199	48.8142	
0.995171	0.000751235	-0.0981524	0.000575407	0.999909	0.0134872	0.0981535	-0.0134785	0.99508	3.07013	-0.465772	49.5871	
0.995248	0.000740734	-0.0973693	0.000549226	0.999912	0.0132206	0.0973705	-0.0132113	0.995161	3.14607	-0.476138	50.3601	
0.995324	0.000730437	-0.0965856	0.000523217	0.999916	0.0129537	0.096587	-0.0129437	0.99524	3.2214	-0.486296	51.1331	
0.9954	0.000720344	-0.0958015	0.000497384	0.999919	0.0126865	0.0958029	-0.0126758	0.99532	3.29612	-0.496246	51.9062	
0.995475	0.000710457	-0.0950168	0.000471727	0.999923	0.0124188	0.0950183	-0.0124074	0.995398	3.37023	-0.505988	52.6794	
0.99555	0.000700777	-0.0942317	0.000446249	0.999926	0.0121508	0.0942332	-0.0121388	0.995476	3.44373	-0.515522	53.4526	
0.995624	0.000691304	-0.0934461	0.000420951	0.999929	0.0118824	0.0934477	-0.0118697	0.995553	3.51662	-0.524846	54.2259	
0.995698	0.000682038	-0.09266	0.000395835	0.999932	0.0116137	0.0926616	-0.0116004	0.99563	3.5889	-0.533962	54.9992	
0.99577	0.000672981	-0.0918735	0.000370903	0.999936	0.0113446	0.0918752	-0.0113307	0.995706	3.66058	-0.542868	55.7726	
0.995843	0.000664133	-0.0910865	0.000346156	0.999939	0.0110753	0.0910883	-0.0110608	0.995781	3.73164	-0.551564	56.5461	
0.995914	0.000655495	-0.0902992	0.000321596	0.999942	0.0108056	0.090301	-0.0107905	0.995856	3.80208	-0.560051	57.3196	
0.995986	0.000647067	-0.0895115	0.000297225	0.999944	0.0105357	0.0895133	-0.01052	0.99593	3.87192	-0.568327	58.0932	
0.996056	0.00063885	-0.0887234	0.000273043	0.999947	0.0102654	0.0887253	-0.0102492	0.996003	3.94115	-0.576394	58.8668	
0.996126	0.000630844	-0.0879349	0.000249053	0.99995	0.0099949	0.0879368	-0.00997808	0.996076	4.00976	-0.58425	59.6405	
0.996195	0.00062305	-0.0871462	0.000225256	0.999953	0.00972412	0.0871481	-0.00970676	0.996148	4.07776	-0.591895	60.4143	
0.996264	0.000615469	-0.0863571	0.000201654	0.999955	0.0094531	0.086359	-0.0094352	0.996219	4.14515	-0.599329	61.1881	
0.996332	0.000608101	-0.0855677	0.000178247	0.999958	0.00918184	0.0855697	-0.00916341	0.99629	4.21192	-0.606553	61.9619	
0.9964	0.000600946	-0.0847781	0.000155038	0.99996	0.00891035	0.0847801	-0.00889141	0.99636	4.27808	-0.613565	62.7358	
0.996467	0.000594005	-0.0839882	0.000132028	0.999963	0.00863865	0.0839901	-0.00861922	0.996429	4.34363	-0.620366	63.5098	
0.996533	0.000587278	-0.083198	0.000109217	0.999965	0.00836675	0.0832	-0.00834683	0.996498	4.40856	-0.626955	64.2838	
0.996599	0.000580766	-0.0824076	8.66083e-05	0.999967	0.00809465	0.0824096	-0.00807426	0.996566	4.47288	-0.633333	65.0579	
0.996664	0.00057447	-0.081617	6.42019e-05	0.999969	0.00782238	0.081619	-0.00780152	0.996633	4.53659	-0.639499	65.832	
0.996728	0.000568388	-0.0808263	4.19992e-05	0.999971	0.00754994	0.0808283	-0.00752863	0.9967	4.59968	-0.645453	66.6062	
0.996792	0.000562522	-0.0800353	2.00017e-05	0.999974	0.00727734	0.0800373	-0.0072556	0.996765	4.66216	-0.651195	67.3804	
0.996855	0.000556872	-0.0792443	-1.78965e-06	0.999975	0.0070046	0.0792462	-0.00698243	0.996831	4.72402	-0.656725	68.1547	
0.996918	0.000551439	-0.078453	-2.33736e-05	0.999977	0.00673173	0.078455	-0.00670915	0.996895	4.78527	-0.662042	68.9291	
0.99698	0.000546222	-0.0776617	-4.4749e-05	0.999979	0.00645874	0.0776636	-0.00643575	0.996959	4.8459	-0.667147	69.7034	
0.997041	0.000541221	-0.0768703	-6.59149e-05	0.999981	0.00618563	0.0768721	-0.00616226	0.997022	4.90592	-0.67204	70.4779	
0.997102	0.000536438	-0.0760787	-8.68701e-05	0.999983	0.00591243	0.0760806	-0.00588868	0.997084	4.96533	-0.676721	71.2523	
0.998368	0.000461524	-0.0571	-0.000347264	0.999998	0.00201095	0.0571008	-0.00198784	0.998366	5.01706	-0.67978	72.0274	
0.999274	0.000460819	-0.0381004	-0.000533398	0.999998	-0.0018948	0.0380995	0.00191375	0.999272	5.05403	-0.679809	72.8032	
0.999818	0.000534324	-0.0190872	-0.000645202	0.999983	-0.00580336	0.0190838	0.00581461	0.999801	5.07624	-0.676807	73.5797	
1	0.00068201	-6.74949e-05	-0.000682634	0.999953	-0.00971325	6.08672e-05	0.00971329	0.999953	5.08368	-0.670776	74.3564	
0.99982	0.000903822	0.0189515	-0.000645678	0.999907	-0.013623	-0.018962	0.0136083	0.999728	5.07634	-0.661718	75.133	
0.999278	0.00119968	0.0379626	-0.00053435	0.999846	-0.0175311	-0.0379778	0.0174982	0.999125	5.05422	-0.649636	75.9094	
0.998375	0.00156946	0.0569587	-0.000348692	0.99977	-0.0214362	-0.0569793	0.0213815	0.998146	5.01734	-0.634536	76.6851	
