1	0	0	0	1	0	0	0	1	0	0	0	
0.999996	-2.3444e-06	0.00274042	-2.3444e-06	0.999999	0.00171097	-0.00274042	-0.00171097	0.999995	-0.0014325	-0.000894372	1.04545	
0.999985	-9.40058e-06	0.00548741	-9.40147e-06	0.999994	0.00342636	-0.00548741	-0.00342636	0.999979	-0.00573341	-0.0035798	2.09089	
0.999966	-2.12027e-05	0.00824081	-2.12063e-05	0.999987	0.00514609	-0.00824081	-0.00514609	0.999953	-0.0129095	-0.00806086	3.13631	
0.999939	-3.77842e-05	0.0110005	-3.77931e-05	0.999976	0.00687006	-0.0110005	-0.00687006	0.999916	-0.0229675	-0.014342	4.1817	
0.999905	-5.91777e-05	0.0137663	-5.91956e-05	0.999963	0.00859819	-0.0137663	-0.00859819	0.999868	-0.0359138	-0.0224277	5.22704	
0.999863	-8.54152e-05	0.0165381	-8.54466e-05	0.999947	0.0103304	-0.0165381	-0.0103304	0.99981	-0.0517548	-0.0323222	6.27233	
0.999813	-0.000116528	0.0193158	-0.000116578	0.999927	0.0120666	-0.0193158	-0.0120666	0.999741	-0.0704966	-0.0440298	7.31755	
0.999756	-0.000152546	0.0220992	-0.000152622	0.999905	0.0138067	-0.0220992	-0.0138067	0.99966	-0.0921454	-0.0575544	8.36269	
0.99969	-0.0001935	0.0248881	-0.000193608	0.999879	0.0155506	-0.0248881	-0.0155506	0.999569	-0.116707	-0.0729003	9.40775	
0.999617	-0.000239418	0.0276825	-0.000239568	0.99985	0.0172982	-0.0276825	-0.0172982	0.999467	-0.144187	-0.0900713	10.4527	
0.999535	-0.000290329	0.0304822	-0.000290529	0.999818	0.0190495	-0.0304822	-0.0190495	0.999354	-0.174591	-0.109071	11.4975	
0.999446	-0.00034626	0.033287	-0.00034652	0.999784	0.0208043	-0.033287	-0.0208043	0.999229	-0.207925	-0.129904	12.5423	
0.999348	-0.000407237	0.0360968	-0.000407569	0.999745	0.0225626	-0.0360968	-0.0225626	0.999094	-0.244194	-0.152573	13.5868	
0.999243	-0.000473288	0.0389115	-0.000473703	0.999704	0.0243242	-0.0389115	-0.0243242	0.998947	-0.283403	-0.177082	14.6313	
0.999129	-0.000544435	0.0417309	-0.000544947	0.999659	0.0260891	-0.0417309	-0.0260892	0.998788	-0.325557	-0.203434	15.6755	
0.999007	-0.000620705	0.0445548	-0.000621328	0.999612	0.0278573	-0.0445548	-0.0278573	0.998618	-0.370661	-0.231634	16.7196	
0.998877	-0.000702121	0.0473832	-0.00070287	0.999561	0.0296285	-0.0473832	-0.0296285	0.998437	-0.41872	-0.261683	17.7636	
0.998738	-0.000788706	0.0502159	-0.000789596	0.999507	0.0314027	-0.0502159	-0.0314028	0.998245	-0.469737	-0.293586	18.8073	
0.998591	-0.00088048	0.0530527	-0.00088153	0.999449	0.0331799	-0.0530527	-0.03318	0.99804	-0.523719	-0.327345	19.8508	
0.998436	-0.000977467	0.0558935	-0.000978694	0.999388	0.0349599	-0.0558935	-0.03496	0.997824	-0.580668	-0.362964	20.8941	
0.998273	-0.00107969	0.0587381	-0.00108111	0.999324	0.0367427	-0.0587381	-0.0367428	0.997597	-0.640589	-0.400445	21.9371	
0.998101	-0.00118716	0.0615865	-0.0011888	0.999257	0.0385282	-0.0615865	-0.0385282	0.997358	-0.703486	-0.439791	22.98	
0.997921	-0.0012999	0.0644385	-0.00130178	0.999186	0.0403162	-0.0644384	-0.0403162	0.997107	-0.769363	-0.481005	24.0225	
0.997732	-0.00141793	0.0672938	-0.00142007	0.999112	0.0421067	-0.0672938	-0.0421067	0.996844	-0.838223	-0.52409	25.0648	
0.997535	-0.00154127	0.0701525	-0.00154369	0.999035	0.0438995	-0.0701524	-0.0438996	0.99657	-0.91007	-0.569048	26.1068	
0.997329	-0.00166993	0.0730143	-0.00167265	0.998954	0.0456947	-0.0730142	-0.0456948	0.996284	-0.984907	-0.615881	27.1485	
0.997115	-0.00180393	0.075879	-0.00180698	0.99887	0.0474921	-0.075879	-0.0474923	0.995985	-1.06274	-0.664593	28.19	
0.996893	-0.00194328	0.0787467	-0.00194669	0.998783	0.0492917	-0.0787466	-0.0492918	0.995675	-1.14356	-0.715185	29.2311	
0.996662	-0.002088	0.081617	-0.0020918	0.998692	0.0510933	-0.0816169	-0.0510934	0.995353	-1.22739	-0.767659	30.2718	
0.996422	-0.00223809	0.0844899	-0.00224231	0.998597	0.0528968	-0.0844898	-0.052897	0.995019	-1.31422	-0.822017	31.3122	
0.996173	-0.00239359	0.0873652	-0.00239825	0.9985	0.0547022	-0.0873651	-0.0547024	0.994673	-1.40405	-0.878263	32.3523	
0.995917	-0.00255448	0.0902428	-0.00255962	0.998399	0.0565093	-0.0902427	-0.0565096	0.994315	-1.49689	-0.936396	33.392	
0.995651	-0.0027208	0.0931225	-0.00272644	0.998294	0.0583182	-0.0931224	-0.0583184	0.993945	-1.59274	-0.99642	34.4313	
0.995377	-0.00289254	0.0960043	-0.00289871	0.998186	0.0601286	-0.0960041	-0.0601289	0.993563	-1.6916	-1.05834	35.4703	
0.995094	-0.00306971	0.0988878	-0.00307646	0.998075	0.0619405	-0.0988876	-0.0619408	0.993169	-1.79348	-1.12214	36.5088	
0.994802	-0.00325233	0.101773	-0.00325968	0.99796	0.0637539	-0.101773	-0.0637542	0.992763	-1.89837	-1.18785	37.5469	
0.994502	-0.00344039	0.10466	-0.00344839	0.997842	0.0655685	-0.10466	-0.0655689	0.992344	-2.00628	-1.25545	38.5846	
0.994193	-0.00363392	0.107548	-0.00364259	0.99772	0.0673844	-0.107548	-0.0673849	0.991914	-2.11721	-1.32495	39.6218	
0.993876	-0.00383291	0.110438	-0.00384229	0.997595	0.0692014	-0.110437	-0.069202	0.991471	-2.23115	-1.39635	40.6585	
0.993549	-0.00403736	0.113328	-0.0040475	0.997467	0.0710195	-0.113328	-0.0710201	0.991016	-2.34812	-1.46964	41.6948	
0.993214	-0.00424729	0.11622	-0.00425822	0.997335	0.0728386	-0.11622	-0.0728392	0.990549	-2.46811	-1.54484	42.7307	
0.992871	-0.0044627	0.119112	-0.00447446	0.997199	0.0746585	-0.119112	-0.0746592	0.99007	-2.59113	-1.62195	43.766	
0.992518	-0.00468358	0.122006	-0.00469622	0.99706	0.0764792	-0.122005	-0.07648	0.989578	-2.71717	-1.70095	44.8008	
0.992157	-0.00490995	0.124899	-0.0049235	0.996918	0.0783007	-0.124899	-0.0783015	0.989075	-2.84623	-1.78186	45.8351	
0.991787	-0.0051418	0.127794	-0.00515631	0.996772	0.0801227	-0.127793	-0.0801236	0.988559	-2.97832	-1.86467	46.8689	
0.991409	-0.00537913	0.130688	-0.00539465	0.996622	0.0819452	-0.130687	-0.0819462	0.988031	-3.11343	-1.94939	47.9021	
0.991022	-0.00562194	0.133583	-0.00563851	0.996469	0.0837682	-0.133582	-0.0837693	0.987491	-3.25157	-2.03601	48.9348	
0.990626	-0.00587023	0.136477	-0.0058879	0.996313	0.0855915	-0.136476	-0.0855927	0.986939	-3.39274	-2.12454	49.9668	
0.990221	-0.006124	0.139372	-0.00614281	0.996153	0.0874151	-0.139371	-0.0874164	0.986374	-3.53693	-2.21498	50.9983	
0.989808	-0.00638324	0.142266	-0.00640325	0.99599	0.0892388	-0.142265	-0.0892402	0.985798	-3.68415	-2.30732	52.0293	
0.989386	-0.00664795	0.14516	-0.00666921	0.995823	0.0910626	-0.145159	-0.0910642	0.985209	-3.8344	-2.40157	53.0596	
0.988955	-0.00691813	0.148053	-0.00694068	0.995653	0.0928864	-0.148052	-0.0928881	0.984608	-3.98767	-2.49773	54.0892	
0.988516	-0.00719377	0.150945	-0.00721767	0.995479	0.0947101	-0.150944	-0.0947119	0.983995	-4.14396	-2.5958	55.1183	
0.988068	-0.00747487	0.153837	-0.00750016	0.995301	0.0965336	-0.153836	-0.0965355	0.983369	-4.30328	-2.69577	56.1467	
0.987611	-0.00776141	0.156727	-0.00778815	0.995121	0.0983568	-0.156726	-0.0983589	0.982732	-4.46561	-2.79764	57.1744	
0.987146	-0.00805338	0.159617	-0.00808163	0.994937	0.10018	-0.159615	-0.100182	0.982083	-4.63098	-2.90143	58.2015	
0.986672	-0.00835079	0.162505	-0.0083806	0.994749	0.102002	-0.162504	-0.102004	0.981421	-4.79936	-3.00711	59.2278	
0.98619	-0.00865362	0.165392	-0.00868505	0.994558	0.103824	-0.16539	-0.103826	0.980748	-4.97076	-3.11471	60.2535	
0.985699	-0.00896185	0.168277	-0.00899496	0.994363	0.105645	-0.168275	-0.105648	0.980062	-5.14517	-3.22421	61.2785	
0.985199	-0.00927549	0.171161	-0.00931033	0.994165	0.107466	-0.171159	-0.107469	0.979365	-5.3226	-3.33561	62.3027	
0.984691	-0.00959451	0.174043	-0.00963114	0.993964	0.109285	-0.174041	-0.109288	0.978655	-5.50305	-3.44891	63.3263	
0.984175	-0.0099189	0.176922	-0.00995738	0.993759	0.111104	-0.17692	-0.111108	0.977934	-5.68651	-3.56412	64.349	
0.98365	-0.0102487	0.1798	-0.010289	0.993551	0.112922	-0.179798	-0.112926	0.9772	-5.87297	-3.68123	65.371	
0.983116	-0.0105837	0.182676	-0.0106261	0.993339	0.114739	-0.182673	-0.114743	0.976455	-6.06245	-3.80024	66.3923	
0.982574	-0.0109242	0.185549	-0.0109686	0.993124	0.116554	-0.185546	-0.116558	0.975698	-6.25492	-3.92114	67.4127	
0.98274	-0.010819	0.184675	-0.0112792	0.992927	0.118192	-0.184647	-0.118235	0.975667	-6.44843	-4.04388	68.4327	
0.982905	-0.0107123	0.183801	-0.0115884	0.992727	0.119829	-0.183747	-0.119911	0.975632	-6.641	-4.16836	69.4527	
0.983069	-0.0106041	0.182926	-0.0118961	0.992524	0.121467	-0.182847	-0.121587	0.975594	-6.83263	-4.2946	70.4727	
0.987508	-0.00744259	0.157395	-0.0116859	0.992674	0.120258	-0.157137	-0.120595	0.980186	-7.01036	-4.4212	71.4951	
0.991273	-0.00430805	0.131752	-0.0115076	0.992822	0.119044	-0.13132	-0.119521	0.984109	-7.16115	-4.54672	72.5219	
0.994364	-0.00120262	0.106016	-0.0113612	0.992969	0.117825	-0.105413	-0.118365	0.987359	-7.28491	-4.67108	73.5525	
0.996777	0.00187158	0.0802042	-0.0112469	0.993115	0.116602	-0.0794338	-0.117128	0.989935	-7.38154	-4.79419	74.5862	
0.998511	0.00491245	0.0543336	-0.0111648	0.993259	0.115377	-0.0534006	-0.115812	0.991835	-7.45098	-4.91596	75.6222	
0.999565	0.0079179	0.0284222	-0.0111149	0.993401	0.11415	-0.0273309	-0.114416	0.993057	-7.49318	-5.03631	76.6598	
0.999938	0.0108859	0.00248783	-0.0110972	0.993542	0.112921	-0.00124251	-0.112942	0.993601	-7.50812	-5.15516	77.6983	
0.99963	0.0138144	-0.0234519	-0.0111118	0.993681	0.111693	0.0248467	-0.111391	0.993466	-7.49578	-5.27243	78.7371	
0.99864	0.0167014	-0.0493793	-0.0111587	0.993817	0.110465	0.0509189	-0.109763	0.992653	-7.45617	-5.38804	79.7753	
0.996971	0.019545	-0.0752766	-0.0112377	0.993952	0.109238	0.0769564	-0.108061	0.991161	-7.38932	-5.50191	80.8124	
0.994623	0.0223431	-0.101126	-0.0113489	0.994085	0.108014	0.102941	-0.106285	0.988993	-7.29528	-5.61396	81.8475	
0.991597	0.0250939	-0.12691	-0.0114923	0.994215	0.106793	0.128856	-0.104437	0.986149	-7.17411	-5.72412	82.88	
0.987895	0.0277955	-0.152611	-0.0116676	0.994343	0.105575	0.154682	-0.102517	0.982631	-7.02589	-5.83231	83.9092	
0.983521	0.0304461	-0.178212	-0.0118748	0.994468	0.104363	0.180403	-0.100527	0.978442	-6.85072	-5.93845	84.9344	
0.978477	0.0330439	-0.203694	-0.0121137	0.994591	0.103156	0.206001	-0.0984681	0.973585	-6.64872	-6.04248	85.9548	
0.972766	0.035587	-0.229041	-0.0123841	0.994712	0.101955	0.231458	-0.0963422	0.968063	-6.42004	-6.14431	86.9698	
0.966393	0.0380737	-0.254235	-0.012686	0.99483	0.100762	0.256757	-0.0941505	0.961879	-6.16482	-6.2439	87.9787	
0.959361	0.0405024	-0.279259	-0.013019	0.994945	0.0995768	0.28188	-0.0918945	0.955039	-5.88324	-6.34115	88.9808	
0.951676	0.0428714	-0.304096	-0.013383	0.995057	0.0984005	0.306811	-0.0895757	0.947546	-5.5755	-6.43602	89.9754	
0.943343	0.045179	-0.328729	-0.0137777	0.995166	0.0972338	0.331532	-0.0871957	0.939406	-5.2418	-6.52842	90.9618	
0.934368	0.0474237	-0.35314	-0.0142028	0.995273	0.0960775	0.356027	-0.0847562	0.930624	-4.88238	-6.61831	91.9394	
0.924756	0.049604	-0.377315	-0.0146581	0.995376	0.0949326	0.380279	-0.0822587	0.921206	-4.49747	-6.70562	92.9075	
0.914514	0.0517183	-0.401235	-0.0151431	0.995476	0.0937996	0.404271	-0.0797051	0.91116	-4.08734	-6.79029	93.8653	
0.903649	0.0537652	-0.424885	-0.0156577	0.995573	0.0926795	0.427987	-0.077097	0.900491	-3.65227	-6.87226	94.8124	
0.892169	0.0557434	-0.448248	-0.0162014	0.995667	0.091573	0.45141	-0.0744363	0.889206	-3.19256	-6.95147	95.748	
0.880082	0.0576514	-0.471309	-0.0167739	0.995757	0.0904807	0.474525	-0.0717248	0.877315	-2.70852	-7.02788	96.6714	
0.867395	0.059488	-0.494051	-0.0173748	0.995844	0.0894036	0.497316	-0.0689642	0.864824	-2.20048	-7.10143	97.5821	
0.854118	0.0612519	-0.51646	-0.0180037	0.995927	0.0883422	0.519768	-0.0661565	0.851742	-1.66879	-7.17206	98.4795	
0.840259	0.0629419	-0.538519	-0.0186601	0.996008	0.0872974	0.541864	-0.0633037	0.838079	-1.11382	-7.23974	99.3629	
0.825828	0.0645569	-0.560214	-0.0193436	0.996084	0.0862699	0.56359	-0.0604076	0.823843	-0.535936	-7.30441	100.232	
0.810835	0.0660957	-0.581531	-0.0200537	0.996157	0.0852603	0.584931	-0.0574702	0.809044	0.0644616	-7.36603	101.085	
