1	0	0	0	1	0	0	0	1	0	0	0	
0.999998	2.83707e-06	0.00214507	2.83707e-06	0.999997	-0.00264519	-0.00214507	0.00264519	0.999994	-0.00107579	0.0013266	1.00303	
0.999991	1.13758e-05	0.00429526	1.13765e-05	0.999986	-0.00529701	-0.00429526	0.00529701	0.999977	-0.00430572	0.00530974	2.00605	
0.999979	2.5657e-05	0.00645046	2.56599e-05	0.999968	-0.00795534	-0.00645046	0.00795534	0.999948	-0.00969486	0.011956	3.00904	
0.999963	4.57209e-05	0.00861056	4.57281e-05	0.999944	-0.0106201	-0.00861056	0.0106201	0.999907	-0.0172482	0.0212718	4.012	
0.999942	7.16067e-05	0.0107755	7.16211e-05	0.999912	-0.013291	-0.0107755	0.013291	0.999854	-0.0269706	0.0332636	5.01491	
0.999916	0.000103353	0.0129451	0.000103378	0.999872	-0.0159682	-0.0129451	0.0159682	0.999789	-0.0388668	0.0479376	6.01776	
0.999886	0.000140997	0.0151193	0.000141038	0.999826	-0.0186513	-0.0151193	0.0186513	0.999712	-0.0529416	0.0652998	7.02054	
0.99985	0.000184577	0.017298	0.000184638	0.999772	-0.0213403	-0.017298	0.0213403	0.999623	-0.0691994	0.0853562	8.02324	
0.99981	0.000234128	0.0194811	0.000234215	0.999711	-0.0240351	-0.0194811	0.0240351	0.999521	-0.0876447	0.108113	9.02584	
0.999765	0.000289686	0.0216685	0.000289806	0.999642	-0.0267355	-0.0216685	0.0267355	0.999408	-0.108282	0.133575	10.0283	
0.999715	0.000351285	0.0238601	0.000351445	0.999566	-0.0294415	-0.0238601	0.0294415	0.999282	-0.131115	0.161749	11.0307	
0.99966	0.000418959	0.0260558	0.000419167	0.999483	-0.0321528	-0.0260558	0.0321528	0.999143	-0.156149	0.192639	12.0329	
0.999601	0.000492741	0.0282555	0.000493007	0.999392	-0.0348694	-0.0282555	0.0348694	0.998992	-0.183387	0.226252	13.035	
0.999536	0.000572663	0.030459	0.000572996	0.999293	-0.0375911	-0.030459	0.0375911	0.998829	-0.212833	0.262592	14.037	
0.999466	0.000658757	0.0326664	0.000659168	0.999187	-0.0403179	-0.0326663	0.0403179	0.998653	-0.244491	0.301665	15.0388	
0.999391	0.000751053	0.0348774	0.000751553	0.999073	-0.0430495	-0.0348774	0.0430495	0.998464	-0.278366	0.343475	16.0403	
0.999311	0.000849581	0.0370919	0.000850182	0.998951	-0.0457858	-0.0370919	0.0457859	0.998262	-0.314459	0.388027	17.0417	
0.999227	0.000954369	0.03931	0.000955084	0.998821	-0.0485268	-0.03931	0.0485269	0.998048	-0.352776	0.435326	18.0429	
0.999137	0.00106545	0.0415314	0.00106629	0.998684	-0.0512724	-0.0415314	0.0512724	0.997821	-0.393319	0.485377	19.0439	
0.999042	0.00118284	0.0437561	0.00118382	0.998539	-0.0540222	-0.043756	0.0540223	0.997581	-0.436092	0.538184	20.0446	
0.998941	0.00130657	0.0459839	0.00130772	0.998386	-0.0567764	-0.0459839	0.0567764	0.997327	-0.481098	0.593751	21.0451	
0.998836	0.00143668	0.0482148	0.001438	0.998225	-0.0595346	-0.0482148	0.0595347	0.997061	-0.52834	0.652083	22.0453	
0.998725	0.00157317	0.0504486	0.00157468	0.998056	-0.0622969	-0.0504486	0.0622969	0.996782	-0.577822	0.713183	23.0452	
0.99861	0.00171609	0.0526853	0.0017178	0.99788	-0.065063	-0.0526853	0.065063	0.996489	-0.629545	0.777056	24.0449	
0.998489	0.00186544	0.0549248	0.00186739	0.997695	-0.0678329	-0.0549247	0.0678329	0.996184	-0.683513	0.843706	25.0442	
0.998363	0.00202126	0.0571669	0.00202345	0.997502	-0.0706063	-0.0571668	0.0706064	0.995865	-0.739729	0.913135	26.0433	
0.998231	0.00218356	0.0594115	0.00218601	0.997301	-0.0733833	-0.0594114	0.0733834	0.995533	-0.798194	0.985349	27.042	
0.998095	0.00235236	0.0616585	0.00235511	0.997093	-0.0761637	-0.0616584	0.0761637	0.995187	-0.858913	1.06035	28.0404	
0.997953	0.00252769	0.0639079	0.00253074	0.996876	-0.0789472	-0.0639078	0.0789473	0.994828	-0.921886	1.13814	29.0384	
0.997805	0.00270956	0.0661595	0.00271295	0.99665	-0.0817339	-0.0661594	0.081734	0.994456	-0.987117	1.21872	30.0361	
0.997653	0.00289799	0.0684133	0.00290174	0.996417	-0.0845235	-0.0684131	0.0845237	0.99407	-1.05461	1.3021	31.0333	
0.997495	0.003093	0.070669	0.00309713	0.996176	-0.0873161	-0.0706688	0.0873162	0.993671	-1.12436	1.38828	32.0302	
0.997332	0.00329461	0.0729267	0.00329914	0.995926	-0.0901113	-0.0729265	0.0901114	0.993258	-1.19637	1.47727	33.0267	
0.997163	0.00350282	0.0751862	0.00350779	0.995668	-0.0929091	-0.075186	0.0929093	0.992832	-1.27065	1.56906	34.0228	
0.99699	0.00371766	0.0774474	0.00372309	0.995402	-0.0957094	-0.0774472	0.0957096	0.992392	-1.3472	1.66365	35.0184	
0.99681	0.00393914	0.0797102	0.00394505	0.995128	-0.0985121	-0.0797099	0.0985123	0.991938	-1.42602	1.76106	36.0135	
0.996626	0.00416727	0.0819746	0.0041737	0.994845	-0.101317	-0.0819742	0.101317	0.991471	-1.50711	1.86127	37.0083	
0.996436	0.00440207	0.0842403	0.00440904	0.994555	-0.104124	-0.0842399	0.104124	0.99099	-1.59047	1.96431	38.0025	
0.99624	0.00464354	0.0865073	0.00465109	0.994255	-0.106933	-0.0865069	0.106933	0.990496	-1.6761	2.07015	38.9962	
0.99604	0.0048917	0.0887756	0.00489986	0.993948	-0.109744	-0.0887751	0.109744	0.989987	-1.764	2.17882	39.9895	
0.995833	0.00514655	0.0910449	0.00515535	0.993632	-0.112556	-0.0910444	0.112556	0.989465	-1.85419	2.29031	40.9822	
0.995622	0.00540811	0.0933152	0.00541758	0.993308	-0.11537	-0.0933146	0.115371	0.98893	-1.94665	2.40462	41.9744	
0.995405	0.00567638	0.0955864	0.00568656	0.992975	-0.118186	-0.0955858	0.118186	0.98838	-2.04138	2.52175	42.9661	
0.995183	0.00595138	0.0978584	0.00596229	0.992634	-0.121002	-0.0978577	0.121003	0.987817	-2.1384	2.64171	43.9572	
0.994955	0.00623309	0.100131	0.00624478	0.992285	-0.12382	-0.10013	0.123821	0.98724	-2.23769	2.76449	44.9477	
0.994721	0.00652154	0.102404	0.00653404	0.991927	-0.12664	-0.102404	0.12664	0.986649	-2.33927	2.8901	45.9376	
0.994483	0.00681673	0.104678	0.00683008	0.991561	-0.12946	-0.104677	0.12946	0.986044	-2.44312	3.01854	46.9269	
0.994239	0.00711865	0.106952	0.00713289	0.991187	-0.132281	-0.106951	0.132281	0.985425	-2.54925	3.14981	47.9157	
0.993989	0.00742732	0.109227	0.00744248	0.990804	-0.135102	-0.109226	0.135103	0.984793	-2.65767	3.2839	48.9038	
0.993734	0.00774273	0.111501	0.00775886	0.990412	-0.137924	-0.1115	0.137925	0.984147	-2.76837	3.42083	49.8912	
0.993474	0.00806489	0.113776	0.00808202	0.990013	-0.140747	-0.113775	0.140748	0.983486	-2.88135	3.56059	50.878	
0.993208	0.0083938	0.116051	0.00841197	0.989604	-0.14357	-0.116049	0.143571	0.982812	-2.99661	3.70318	51.8641	
0.992937	0.00872945	0.118325	0.00874871	0.989188	-0.146393	-0.118324	0.146394	0.982124	-3.11415	3.8486	52.8496	
0.99266	0.00907184	0.120599	0.00909224	0.988763	-0.149216	-0.120598	0.149218	0.981423	-3.23397	3.99686	53.8343	
0.992378	0.00942098	0.122873	0.00944255	0.988329	-0.15204	-0.122872	0.152041	0.980707	-3.35608	4.14794	54.8184	
0.99209	0.00977685	0.125147	0.00979964	0.987887	-0.154863	-0.125145	0.154864	0.979977	-3.48046	4.30186	55.8017	
0.991797	0.0101395	0.12742	0.0101635	0.987437	-0.157685	-0.127418	0.157687	0.979234	-3.60712	4.45861	56.7843	
0.991499	0.0105088	0.129692	0.0105342	0.986978	-0.160507	-0.12969	0.160509	0.978477	-3.73607	4.61819	57.7661	
0.991195	0.0108849	0.131964	0.0109116	0.986511	-0.163329	-0.131962	0.163331	0.977706	-3.86729	4.7806	58.7472	
0.990885	0.0112677	0.134235	0.0112958	0.986036	-0.16615	-0.134232	0.166152	0.976921	-4.00079	4.94584	59.7274	
0.990571	0.0116572	0.136505	0.0116867	0.985552	-0.168971	-0.136502	0.168973	0.976123	-4.13657	5.11391	60.7069	
0.990251	0.0120534	0.138774	0.0120844	0.985059	-0.17179	-0.138771	0.171792	0.97531	-4.27462	5.28481	61.6856	
0.989925	0.0124562	0.141041	0.0124889	0.984559	-0.174608	-0.141038	0.17461	0.974484	-4.41495	5.45854	62.6634	
0.989595	0.0128658	0.143308	0.0129001	0.98405	-0.177425	-0.143305	0.177428	0.973644	-4.55755	5.63509	63.6405	
0.989392	0.0131205	0.14468	0.0138308	0.982882	-0.183715	-0.144614	0.183768	0.972274	-4.70195	5.81624	64.6164	
0.989186	0.0133846	0.146052	0.0147701	0.981673	-0.189998	-0.145919	0.190101	0.97086	-4.84766	6.00374	65.5909	
0.988979	0.0136579	0.147425	0.015718	0.980423	-0.196272	-0.147219	0.196426	0.969404	-4.99467	6.19759	66.564	
0.98877	0.0139406	0.148796	0.0166745	0.979132	-0.202538	-0.148515	0.202744	0.967904	-5.14299	6.39778	67.5355	
0.988558	0.0142324	0.150167	0.0176394	0.977801	-0.208794	-0.149805	0.209054	0.966362	-5.2926	6.6043	68.5056	
0.988345	0.0145333	0.151536	0.0186127	0.976428	-0.215041	-0.151089	0.215355	0.964777	-5.4435	6.81715	69.4741	
0.98813	0.0148432	0.152903	0.0195942	0.975014	-0.221277	-0.152367	0.221646	0.96315	-5.59569	7.03631	70.441	
0.989054	0.0133948	0.146944	0.0232156	0.969341	-0.244622	-0.145715	0.245356	0.958419	-5.74519	7.27053	71.4047	
0.989937	0.0117998	0.141015	0.0266742	0.963093	-0.267844	-0.138971	0.268911	0.953087	-5.88797	7.52846	72.3634	
0.990778	0.0100592	0.135122	0.0299679	0.956275	-0.29093	-0.13214	0.292297	0.947155	-6.02395	7.80993	73.3165	
0.991576	0.00817416	0.129267	0.0330946	0.948891	-0.313865	-0.125226	0.315499	0.940627	-6.15303	8.11476	74.2633	
0.992331	0.00614579	0.123454	0.0360524	0.940945	-0.336633	-0.118232	0.338503	0.933508	-6.27513	8.44277	75.2033	
0.993043	0.00397539	0.117687	0.0388393	0.932444	-0.359222	-0.111165	0.361294	0.925802	-6.39018	8.79375	76.1358	
0.99371	0.00166432	0.11197	0.0414537	0.923391	-0.381616	-0.104028	0.383858	0.917514	-6.49811	9.16747	77.0603	
0.994333	-0.000785956	0.106307	0.0438938	0.913793	-0.403802	-0.0968249	0.40618	0.908649	-6.59885	9.56371	77.9762	
0.994911	-0.00337391	0.1007	0.0461582	0.903655	-0.425766	-0.0895613	0.428247	0.899213	-6.69233	9.98221	78.8829	
0.995444	-0.00609791	0.0951529	0.0482454	0.892985	-0.447493	-0.0822414	0.450045	0.889211	-6.77849	10.4227	79.7799	
0.995931	-0.00895624	0.0896699	0.0501541	0.881789	-0.468971	-0.0748697	0.47156	0.87865	-6.85729	10.8849	80.6665	
0.996373	-0.0119471	0.0842542	0.0518832	0.870073	-0.490185	-0.067451	0.492778	0.867537	-6.92867	11.3686	81.5423	
0.996768	-0.0150686	0.0789091	0.0534314	0.857846	-0.511122	-0.0599899	0.513687	0.855878	-6.99259	11.8734	82.4067	
0.997117	-0.0183188	0.0736379	0.054798	0.845114	-0.53177	-0.052491	0.534272	0.843681	-7.049	12.399	83.2591	
0.997419	-0.0216957	0.0684441	0.0559819	0.831886	-0.552115	-0.0449592	0.554522	0.830954	-7.09788	12.945	84.099	
0.997674	-0.0251971	0.0633308	0.0569824	0.818171	-0.572145	-0.0373991	0.574423	0.817704	-7.13918	13.5113	84.9258	
0.997883	-0.0288208	0.0583014	0.057799	0.803976	-0.591846	-0.0298154	0.593963	0.80394	-7.17289	14.0972	85.7392	
0.998044	-0.0325646	0.0533588	0.0584311	0.789311	-0.611206	-0.0222131	0.613129	0.789671	-7.19899	14.7027	86.5384	
0.998158	-0.036426	0.0485063	0.0588783	0.774186	-0.630214	-0.0145967	0.63191	0.774905	-7.21745	15.3271	87.3231	
0.998225	-0.0404027	0.0437469	0.0591403	0.758608	-0.648857	-0.00697118	0.650293	0.759651	-7.22827	15.9702	88.0928	
0.998245	-0.0444922	0.0390837	0.059217	0.742589	-0.667124	0.000658727	0.668268	0.743921	-7.23143	16.6315	88.8469	
0.998217	-0.0486919	0.0345194	0.0591083	0.726139	-0.685003	0.00828822	0.685822	0.727722	-7.22695	17.3106	89.585	
0.998142	-0.0529991	0.030057	0.0588143	0.709267	-0.702483	0.0159125	0.702945	0.711066	-7.21481	18.0071	90.3066	
0.99802	-0.0574112	0.0256994	0.0583352	0.691984	-0.719552	0.0235268	0.719627	0.693963	-7.19503	18.7206	91.0112	
0.99785	-0.0619253	0.0214492	0.0576712	0.674301	-0.736201	0.0311263	0.735855	0.676423	-7.16762	19.4506	91.6985	
0.997634	-0.0665387	0.0173091	0.0568228	0.65623	-0.752418	0.0387062	0.751621	0.658458	-7.13259	20.1966	92.368	
0.99737	-0.0712484	0.0132817	0.0557905	0.637782	-0.768194	0.0462618	0.766915	0.640079	-7.08998	20.9582	93.0193	
0.99706	-0.0760514	0.00936957	0.054575	0.618967	-0.783518	0.0537882	0.781726	0.621298	-7.0398	21.7349	93.6519	
