1	0	0	0	1	0	0	0	1	0	0	0	
1	-2.4813e-08	1.77691e-05	-2.4813e-08	0.999996	0.00279283	-1.77691e-05	-0.00279283	0.999996	-7.34096e-06	-0.0011538	0.826262	
1	-9.48362e-08	3.44728e-05	-9.79103e-08	0.999984	0.00559122	-3.44728e-05	-0.00559122	0.999984	-2.89237e-05	-0.00461752	1.65252	
1	-2.04167e-07	5.01064e-05	-2.16488e-07	0.999965	0.00839508	-5.01064e-05	-0.00839508	0.999965	-6.38661e-05	-0.0103957	2.47876	
1	-3.46845e-07	6.46651e-05	-3.77706e-07	0.999937	0.0112043	-6.46649e-05	-0.0112043	0.999937	-0.000111282	-0.0184928	3.30498	
1	-5.16851e-07	7.81442e-05	-5.78693e-07	0.999902	0.0140189	-7.81437e-05	-0.0140189	0.999902	-0.000170281	-0.0289133	4.13118	
1	-7.08112e-07	9.05391e-05	-8.16542e-07	0.999858	0.0168386	-9.05382e-05	-0.0168386	0.999858	-0.000239968	-0.0416615	4.95734	
1	-9.14499e-07	0.000101845	-1.08831e-06	0.999807	0.0196635	-0.000101844	-0.0196635	0.999807	-0.000319447	-0.0567417	5.78347	
1	-1.12983e-06	0.000112059	-1.39104e-06	0.999747	0.0224934	-0.000112056	-0.0224934	0.999747	-0.000407816	-0.0741581	6.60955	
1	-1.34787e-06	0.000121175	-1.72171e-06	0.999679	0.0253282	-0.00012117	-0.0253282	0.999679	-0.000504169	-0.0939147	7.43557	
1	-1.56232e-06	0.00012919	-2.0773e-06	0.999603	0.0281679	-0.000129183	-0.0281679	0.999603	-0.000607598	-0.116016	8.26154	
1	-1.76687e-06	0.000136099	-2.45474e-06	0.999519	0.0310123	-0.000136089	-0.0310123	0.999519	-0.00071719	-0.140465	9.08744	
1	-1.95511e-06	0.000141899	-2.85093e-06	0.999427	0.0338614	-0.000141884	-0.0338614	0.999427	-0.000832029	-0.167266	9.91327	
1	-2.12061e-06	0.000146587	-3.26276e-06	0.999326	0.0367151	-0.000146566	-0.0367151	0.999326	-0.000951197	-0.196424	10.739	
1	-2.2569e-06	0.000150157	-3.68707e-06	0.999217	0.0395732	-0.000150129	-0.0395732	0.999217	-0.00107377	-0.227941	11.5647	
1	-2.35744e-06	0.000152607	-4.12068e-06	0.999099	0.0424358	-0.000152569	-0.0424358	0.999099	-0.00119882	-0.261821	12.3902	
1	-2.41567e-06	0.000153933	-4.56038e-06	0.998973	0.0453026	-0.000153884	-0.0453026	0.998973	-0.00132543	-0.298069	13.2157	
1	-2.42496e-06	0.000154132	-5.00294e-06	0.998839	0.0481737	-0.000154069	-0.0481737	0.998839	-0.00145266	-0.336687	14.0411	
1	-2.37868e-06	0.0001532	-5.4451e-06	0.998696	0.0510489	-0.000153121	-0.0510489	0.998696	-0.00157957	-0.377679	14.8663	
1	-2.2701e-06	0.000151134	-5.88357e-06	0.998545	0.0539281	-0.000151037	-0.0539281	0.998545	-0.00170522	-0.421048	15.6914	
1	-2.09251e-06	0.000147932	-6.31505e-06	0.998385	0.0568113	-0.000147812	-0.0568113	0.998385	-0.00182869	-0.466798	16.5164	
1	-1.83913e-06	0.000143589	-6.73619e-06	0.998216	0.0596983	-0.000143443	-0.0596983	0.998216	-0.00194901	-0.514932	17.3413	
1	-1.50313e-06	0.000138105	-7.14364e-06	0.998039	0.062589	-0.000137928	-0.062589	0.998039	-0.00206526	-0.565453	18.166	
1	-1.07768e-06	0.000131474	-7.53402e-06	0.997854	0.0654835	-0.000131263	-0.0654835	0.997854	-0.00217647	-0.618363	18.9906	
1	-5.55887e-07	0.000123696	-7.90392e-06	0.997659	0.0683815	-0.000123444	-0.0683815	0.997659	-0.0022817	-0.673667	19.815	
1	6.91637e-08	0.000114767	-8.24992e-06	0.997456	0.071283	-0.00011447	-0.071283	0.997456	-0.00237999	-0.731367	20.6392	
1	8.04422e-07	0.000104685	-8.56857e-06	0.997244	0.0741878	-0.000104337	-0.0741878	0.997244	-0.00247038	-0.791466	21.4633	
1	1.65687e-06	9.34479e-05	-8.8564e-06	0.997024	0.077096	-9.3042e-05	-0.077096	0.997024	-0.00255192	-0.853966	22.2872	
1	2.63352e-06	8.10532e-05	-9.10993e-06	0.996794	0.0800074	-8.05826e-05	-0.0800074	0.996794	-0.00262365	-0.91887	23.1109	
1	3.7414e-06	6.74988e-05	-9.32565e-06	0.996556	0.0829219	-6.69561e-05	-0.0829219	0.996556	-0.00268461	-0.986181	23.9344	
1	4.9876e-06	5.27828e-05	-9.50004e-06	0.996309	0.0858395	-5.21598e-05	-0.0858395	0.996309	-0.00273382	-1.0559	24.7577	
1	6.37919e-06	3.69032e-05	-9.62954e-06	0.996053	0.08876	-3.61914e-05	-0.08876	0.996053	-0.00277032	-1.12803	25.5808	
1	7.9233e-06	1.98584e-05	-9.71062e-06	0.995788	0.0916833	-1.90483e-05	-0.0916833	0.995788	-0.00279314	-1.20258	26.4037	
1	9.62708e-06	1.64656e-06	-9.73968e-06	0.995514	0.0946094	-7.28364e-07	-0.0946094	0.995514	-0.00280131	-1.27954	27.2264	
1	1.14977e-05	-1.77338e-05	-9.71313e-06	0.995232	0.0975381	1.87707e-05	-0.0975381	0.995232	-0.00279386	-1.35893	28.0488	
1	1.35423e-05	-3.82842e-05	-9.62738e-06	0.99494	0.100469	3.94511e-05	-0.100469	0.99494	-0.0027698	-1.44073	28.8711	
1	1.57681e-05	-6.0006e-05	-9.47879e-06	0.99464	0.103403	6.13148e-05	-0.103403	0.99464	-0.00272817	-1.52496	29.693	
1	1.81824e-05	-8.29004e-05	-9.26374e-06	0.99433	0.106339	8.43638e-05	-0.106339	0.99433	-0.00266799	-1.61161	30.5147	
1	2.07924e-05	-0.000106968	-8.97856e-06	0.994011	0.109278	0.0001086	-0.109278	0.994011	-0.00258827	-1.70069	31.3362	
1	2.36053e-05	-0.000132211	-8.61961e-06	0.993684	0.112219	0.000134025	-0.112219	0.993684	-0.00248803	-1.79219	32.1573	
1	2.66284e-05	-0.00015863	-8.18321e-06	0.993347	0.115161	0.000160641	-0.115161	0.993347	-0.0023663	-1.88613	32.9782	
1	2.98691e-05	-0.000186225	-7.66567e-06	0.993001	0.118106	0.000188449	-0.118106	0.993001	-0.00222208	-1.9825	33.7989	
1	3.33345e-05	-0.000214998	-7.0633e-06	0.992646	0.121053	0.000217452	-0.121053	0.992646	-0.00205439	-2.08131	34.6192	
1	3.70321e-05	-0.000244948	-6.37239e-06	0.992282	0.124002	0.000247649	-0.124002	0.992282	-0.00186224	-2.18255	35.4392	
1	4.09691e-05	-0.000276076	-5.58924e-06	0.991909	0.126952	0.000279044	-0.126952	0.991909	-0.00164465	-2.28622	36.259	
1	4.5153e-05	-0.000308384	-4.71011e-06	0.991527	0.129904	0.000311636	-0.129904	0.991527	-0.00140062	-2.39234	37.0784	
1	4.95909e-05	-0.00034187	-3.73128e-06	0.991135	0.132858	0.000345428	-0.132858	0.991135	-0.00112916	-2.50089	37.8975	
1	5.42903e-05	-0.000376535	-2.64901e-06	0.990735	0.135813	0.00038042	-0.135813	0.990734	-0.000829292	-2.61189	38.7163	
1	5.92585e-05	-0.00041238	-1.45955e-06	0.990325	0.138769	0.000416613	-0.138769	0.990325	-0.000500013	-2.72533	39.5347	
1	6.45028e-05	-0.000449404	-1.59155e-07	0.989906	0.141727	0.000454009	-0.141727	0.989906	-0.000140331	-2.84121	40.3528	
1	7.00307e-05	-0.000487607	1.25593e-06	0.989478	0.144686	0.000492609	-0.144686	0.989478	0.000250747	-2.95953	41.1705	
1	7.58495e-05	-0.000526989	2.78946e-06	0.98904	0.147646	0.000532412	-0.147646	0.98904	0.000674216	-3.08031	41.9879	
1	8.19665e-05	-0.000567549	4.44521e-06	0.988594	0.150607	0.00057342	-0.150607	0.988594	0.00113107	-3.20352	42.805	
1	8.83892e-05	-0.000609288	6.22694e-06	0.988138	0.153569	0.000615634	-0.153569	0.988138	0.00162231	-3.32919	43.6216	
1	9.51247e-05	-0.000652203	8.13842e-06	0.987673	0.156532	0.000659054	-0.156532	0.987673	0.00214892	-3.4573	44.4379	
1	0.000102181	-0.000696296	1.01834e-05	0.987199	0.159495	0.00070368	-0.159495	0.987198	0.00271191	-3.58786	45.2538	
1	0.000109564	-0.000741565	1.23657e-05	0.986715	0.16246	0.000749513	-0.16246	0.986715	0.00331227	-3.72087	46.0692	
0.999993	0.000610351	-0.00375066	2.02376e-05	0.986147	0.165873	0.00379994	-0.165872	0.98614	0.00519179	-3.85652	46.8843	
0.999977	0.00112157	-0.00675803	3.87133e-05	0.985566	0.169294	0.00685035	-0.16929	0.985542	0.00959177	-3.99498	47.6989	
0.999951	0.00164323	-0.00976359	6.78445e-05	0.984971	0.17272	0.00990068	-0.172713	0.984922	0.0165122	-4.13627	48.5129	
0.999916	0.00217534	-0.0127673	0.00010768	0.984363	0.176153	0.0129508	-0.17614	0.98428	0.0259528	-4.2804	49.3265	
0.999872	0.00271792	-0.015769	0.000158264	0.983741	0.179592	0.0160007	-0.179571	0.983615	0.0379136	-4.42735	50.1395	
0.999819	0.00327097	-0.0187686	0.000219641	0.983106	0.183035	0.0190502	-0.183006	0.982927	0.0523943	-4.57714	50.9519	
0.999756	0.0038345	-0.0217661	0.000291848	0.982458	0.186483	0.0220993	-0.186444	0.982217	0.0693945	-4.72978	51.7638	
0.999684	0.00440852	-0.0247613	0.000374922	0.981796	0.189936	0.0251479	-0.189885	0.981484	0.0889139	-4.88525	52.575	
0.999602	0.00499304	-0.0277543	0.000468895	0.981121	0.193393	0.0281959	-0.193329	0.980729	0.110952	-5.04357	53.3857	
0.999512	0.00558805	-0.0307449	0.000573797	0.980433	0.196853	0.0312433	-0.196775	0.979951	0.135508	-5.20473	54.1957	
0.999412	0.00619357	-0.033733	0.000689656	0.979731	0.200317	0.0342899	-0.200222	0.97915	0.162582	-5.36874	55.0051	
0.999302	0.00680959	-0.0367185	0.000816493	0.979016	0.203783	0.0373357	-0.203671	0.978327	0.192173	-5.53561	55.8138	
0.999184	0.00743611	-0.0397015	0.00095433	0.978287	0.207252	0.0403806	-0.207121	0.977482	0.22428	-5.70532	56.6218	
0.999056	0.00807315	-0.0426817	0.00110318	0.977545	0.210723	0.0434245	-0.210571	0.976614	0.258903	-5.87788	57.4291	
0.998919	0.00872069	-0.0456592	0.00126307	0.97679	0.214195	0.0464674	-0.214021	0.975723	0.29604	-6.05329	58.2357	
0.998773	0.00937873	-0.0486338	0.00143399	0.976022	0.217669	0.0495091	-0.217472	0.97481	0.335691	-6.23155	59.0415	
0.998617	0.0100473	-0.0516056	0.00161597	0.97524	0.221144	0.0525497	-0.220921	0.973875	0.377854	-6.41267	59.8465	
0.998452	0.0107263	-0.0545743	0.001809	0.974445	0.224619	0.055589	-0.22437	0.972917	0.42253	-6.59663	60.6508	
0.998278	0.0114159	-0.05754	0.00201309	0.973637	0.228094	0.0586269	-0.227817	0.971937	0.469716	-6.78345	61.4543	
0.998095	0.0121159	-0.0605026	0.00222823	0.972816	0.231569	0.0616635	-0.231262	0.970935	0.519412	-6.97311	62.257	
0.997902	0.0128264	-0.0634619	0.00245442	0.971982	0.235043	0.0646986	-0.234706	0.969911	0.571616	-7.16561	63.0588	
0.9977	0.0135473	-0.066418	0.00269166	0.971135	0.238516	0.0677321	-0.238146	0.968865	0.626328	-7.36096	63.8598	
0.997489	0.0142788	-0.0693708	0.00293993	0.970275	0.241988	0.0707641	-0.241584	0.967796	0.683545	-7.55915	64.6599	
0.997268	0.0150207	-0.0723202	0.00319921	0.969402	0.245458	0.0737943	-0.245018	0.966706	0.743267	-7.76019	65.4591	
0.997039	0.015773	-0.0752661	0.0034695	0.968517	0.248925	0.0768228	-0.248449	0.965594	0.805491	-7.96405	66.2574	
0.9968	0.0165357	-0.0782085	0.00375077	0.967618	0.25239	0.0798495	-0.251876	0.96446	0.870218	-8.17075	67.0547	
0.996552	0.0173089	-0.0811473	0.004043	0.966707	0.255852	0.0828743	-0.255298	0.963304	0.937444	-8.38028	67.8512	
0.996295	0.0180925	-0.0840825	0.00434616	0.965784	0.259311	0.0858971	-0.258715	0.962127	1.00717	-8.59264	68.6466	
0.996028	0.0188864	-0.0870139	0.00466023	0.964848	0.262766	0.0889179	-0.262127	0.960928	1.07939	-8.80781	69.4411	
0.995752	0.0196908	-0.0899416	0.00498517	0.9639	0.266216	0.0919367	-0.265534	0.959708	1.15411	-9.02581	70.2346	
0.995468	0.0205054	-0.0928653	0.00532094	0.96294	0.269663	0.0949533	-0.268935	0.958467	1.23132	-9.24661	71.027	
0.993335	0.0259984	-0.112295	0.00572023	0.961912	0.2733	0.115123	-0.272121	0.955352	1.31811	-9.47015	71.8177	
0.990793	0.0315548	-0.131657	0.0061961	0.960872	0.276925	0.135244	-0.275191	0.951829	1.42155	-9.69627	72.6057	
0.987843	0.0371724	-0.150944	0.00674835	0.95982	0.280536	0.155307	-0.278144	0.947901	1.54159	-9.92488	73.3905	
0.984487	0.0428488	-0.170146	0.00737673	0.958757	0.284131	0.175304	-0.280978	0.943568	1.67818	-10.1559	74.172	
0.980725	0.0485815	-0.189257	0.00808099	0.957684	0.287709	0.195226	-0.283693	0.938832	1.83126	-10.3892	74.9497	
0.97656	0.054368	-0.208267	0.00886082	0.9566	0.291268	0.215064	-0.286286	0.933696	2.00077	-10.6247	75.7233	
0.971992	0.060206	-0.227169	0.00971589	0.955507	0.294807	0.234811	-0.288757	0.928161	2.18664	-10.8622	76.4925	
0.967025	0.0660929	-0.245955	0.0106458	0.954405	0.298324	0.254458	-0.291105	0.92223	2.38877	-11.1018	77.257	
0.96166	0.0720263	-0.264616	0.0116503	0.953295	0.301817	0.273996	-0.293329	0.915906	2.6071	-11.3433	78.0164	
0.9559	0.0780035	-0.283145	0.0127287	0.952176	0.305286	0.293417	-0.295427	0.909191	2.84153	-11.5865	78.7705	
0.949746	0.084022	-0.301534	0.0138808	0.951049	0.308729	0.312713	-0.2974	0.902089	3.09195	-11.8314	79.5188	
0.943202	0.0900793	-0.319774	0.015106	0.949915	0.312144	0.331876	-0.299245	0.894601	3.35826	-12.0779	80.2611	
