1	0	0	0	1	0	0	0	1	0	0	0	
0.999994	5.27128e-06	-0.00354104	5.27128e-06	0.999996	0.00297723	0.00354104	-0.00297723	0.999989	0.00154429	-0.00129841	0.872219	
0.999975	2.10879e-05	-0.00708159	2.10985e-05	0.999982	0.00595706	0.00708159	-0.00595706	0.999957	0.00617694	-0.00519476	1.74442	
0.999944	4.74562e-05	-0.0106216	4.74987e-05	0.99996	0.00893939	0.0106216	-0.00893939	0.999904	0.0138975	-0.0116913	2.61658	
0.9999	8.43823e-05	-0.0141609	8.44886e-05	0.999929	0.0119242	0.0141609	-0.0119242	0.999829	0.0247054	-0.0207901	3.48869	
0.999843	0.000131872	-0.0176994	0.000132084	0.999889	0.0149113	0.0176994	-0.0149113	0.999732	0.0386	-0.0324934	4.36072	
0.999774	0.000189929	-0.021237	0.000190301	0.99984	0.0179007	0.021237	-0.0179007	0.999614	0.0555807	-0.0468031	5.23266	
0.999693	0.00025856	-0.0247737	0.000259155	0.999782	0.0208922	0.0247737	-0.0208923	0.999475	0.0756465	-0.0637211	6.10449	
0.999599	0.000337767	-0.0283093	0.00033866	0.999715	0.0238859	0.0283093	-0.023886	0.999314	0.0987966	-0.0832494	6.97618	
0.999493	0.000427555	-0.0318438	0.000428831	0.999639	0.0268817	0.0318438	-0.0268817	0.999131	0.12503	-0.10539	7.84773	
0.999374	0.000527926	-0.035377	0.000529682	0.999553	0.0298793	0.035377	-0.0298794	0.998927	0.154346	-0.130144	8.71911	
0.999243	0.000638884	-0.0389089	0.000641225	0.999459	0.0328789	0.0389088	-0.0328789	0.998702	0.186743	-0.157514	9.5903	
0.999099	0.000760431	-0.0424393	0.000763475	0.999356	0.0358802	0.0424392	-0.0358802	0.998455	0.22222	-0.1875	10.4613	
0.998943	0.000892568	-0.0459681	0.000896443	0.999243	0.0388832	0.045968	-0.0388833	0.998186	0.260775	-0.220106	11.332	
0.998774	0.0010353	-0.0494953	0.00104014	0.999122	0.0418878	0.0494952	-0.041888	0.997896	0.302408	-0.255331	12.2026	
0.998593	0.00118862	-0.0530208	0.00119458	0.998991	0.044894	0.0530207	-0.0448942	0.997584	0.347116	-0.293178	13.0728	
0.998399	0.00135253	-0.0565445	0.00135977	0.998851	0.0479017	0.0565443	-0.0479019	0.99725	0.394899	-0.333647	13.9428	
0.998193	0.00152704	-0.0600662	0.00153573	0.998702	0.0509107	0.060066	-0.050911	0.996895	0.445754	-0.376741	14.8124	
0.997975	0.00171214	-0.063586	0.00172246	0.998544	0.053921	0.0635857	-0.0539214	0.996519	0.49968	-0.422459	15.6818	
0.997744	0.00190783	-0.0671036	0.00191998	0.998376	0.0569326	0.0671032	-0.056933	0.99612	0.556675	-0.470804	16.5508	
0.997501	0.00211411	-0.070619	0.00212829	0.998199	0.0599453	0.0706186	-0.0599458	0.995701	0.616737	-0.521776	17.4195	
0.997246	0.00233098	-0.0741321	0.00234739	0.998013	0.062959	0.0741316	-0.0629596	0.995259	0.679864	-0.575377	18.2877	
0.996978	0.00255844	-0.0776428	0.00257731	0.997818	0.0659737	0.0776422	-0.0659744	0.994796	0.746055	-0.631606	19.1556	
0.996698	0.00279648	-0.081151	0.00281805	0.997613	0.0689893	0.0811503	-0.0689902	0.994311	0.815306	-0.690466	20.0231	
0.996406	0.0030451	-0.0846567	0.00306961	0.997399	0.0720057	0.0846558	-0.0720067	0.993805	0.887616	-0.751957	20.8902	
0.996101	0.0033043	-0.0881596	0.00333201	0.997176	0.0750228	0.0881586	-0.075024	0.993277	0.962982	-0.816078	21.7567	
0.995784	0.00357406	-0.0916598	0.00360524	0.996944	0.0780405	0.0916586	-0.078042	0.992728	1.0414	-0.882832	22.6229	
0.995455	0.0038544	-0.0951572	0.00388932	0.996702	0.0810588	0.0951557	-0.0810605	0.992157	1.12287	-0.952219	23.4885	
0.995113	0.0041453	-0.0986515	0.00418425	0.99645	0.0840776	0.0986499	-0.0840796	0.991564	1.2074	-1.02424	24.3536	
0.99476	0.00444675	-0.102143	0.00449004	0.99619	0.0870968	0.102141	-0.087099	0.99095	1.29496	-1.09889	25.2182	
0.994394	0.00475876	-0.105631	0.00480668	0.99592	0.0901163	0.105629	-0.0901188	0.990314	1.38557	-1.17618	26.0823	
0.994016	0.00508132	-0.109116	0.00513419	0.99564	0.093136	0.109114	-0.0931389	0.989656	1.47923	-1.2561	26.9458	
0.993626	0.00541441	-0.112598	0.00547257	0.995351	0.0961559	0.112595	-0.0961592	0.988977	1.57592	-1.33865	27.8087	
0.993224	0.00575803	-0.116076	0.00582182	0.995053	0.0991758	0.116073	-0.0991795	0.988277	1.67564	-1.42384	28.671	
0.992809	0.00611218	-0.119551	0.00618195	0.994745	0.102196	0.119547	-0.1022	0.987554	1.7784	-1.51167	29.5326	
0.992383	0.00647684	-0.123022	0.00655295	0.994428	0.105215	0.123018	-0.10522	0.986811	1.88418	-1.60213	30.3937	
0.991944	0.00685202	-0.126489	0.00693484	0.994101	0.108235	0.126485	-0.10824	0.986045	1.99299	-1.69522	31.2541	
0.991494	0.00723769	-0.129953	0.0073276	0.993765	0.111254	0.129948	-0.11126	0.985259	2.10483	-1.79095	32.1138	
0.991031	0.00763385	-0.133413	0.00773124	0.993419	0.114273	0.133407	-0.11428	0.98445	2.21968	-1.88931	32.9728	
0.990557	0.00804048	-0.136868	0.00814577	0.993064	0.117292	0.136862	-0.117299	0.983621	2.33755	-1.9903	33.8311	
0.99007	0.00845759	-0.14032	0.00857118	0.992699	0.12031	0.140313	-0.120318	0.982769	2.45843	-2.09393	34.6887	
0.989572	0.00888516	-0.143768	0.00900748	0.992325	0.123327	0.14376	-0.123336	0.981897	2.58231	-2.20019	35.5455	
0.989061	0.00932318	-0.147211	0.00945465	0.991941	0.126344	0.147203	-0.126354	0.981003	2.70921	-2.30908	36.4015	
0.988539	0.00977163	-0.15065	0.00991271	0.991548	0.12936	0.150641	-0.129371	0.980087	2.8391	-2.42061	37.2568	
0.988005	0.0102305	-0.154085	0.0103816	0.991145	0.132375	0.154075	-0.132387	0.97915	2.97199	-2.53476	38.1112	
0.987459	0.0106998	-0.157515	0.0108615	0.990733	0.135389	0.157504	-0.135402	0.978192	3.10787	-2.65155	38.9648	
0.986901	0.0111795	-0.160941	0.0113521	0.990311	0.138403	0.160929	-0.138417	0.977212	3.24674	-2.77096	39.8176	
0.986331	0.0116696	-0.164362	0.0118537	0.989879	0.141415	0.164348	-0.14143	0.976211	3.3886	-2.89301	40.6695	
0.98575	0.01217	-0.167778	0.0123661	0.989438	0.144426	0.167763	-0.144442	0.975188	3.53344	-3.01768	41.5206	
0.985157	0.0126808	-0.171189	0.0128894	0.988988	0.147435	0.171173	-0.147453	0.974144	3.68125	-3.14498	42.3707	
0.984552	0.013202	-0.174595	0.0134236	0.988527	0.150443	0.174578	-0.150463	0.973079	3.83204	-3.2749	43.2199	
0.983935	0.0137335	-0.177997	0.0139686	0.988058	0.15345	0.177978	-0.153471	0.971993	3.98579	-3.40745	44.0682	
0.983307	0.0142753	-0.181393	0.0145244	0.987578	0.156455	0.181373	-0.156478	0.970885	4.14251	-3.54263	44.9155	
0.982667	0.0148274	-0.184784	0.0150911	0.987089	0.159459	0.184762	-0.159484	0.969757	4.30219	-3.68042	45.7618	
0.982016	0.0153897	-0.188169	0.0156686	0.986591	0.162461	0.188146	-0.162488	0.968607	4.46482	-3.82084	46.6072	
0.981353	0.0159624	-0.19155	0.016257	0.986082	0.165461	0.191525	-0.16549	0.967435	4.6304	-3.96387	47.4515	
0.980679	0.0165453	-0.194925	0.0168562	0.985564	0.16846	0.194898	-0.168491	0.966243	4.79892	-4.10953	48.2948	
0.979993	0.0171384	-0.198294	0.0174662	0.985037	0.171456	0.198265	-0.171489	0.96503	4.97038	-4.25779	49.137	
0.979295	0.0177418	-0.201658	0.018087	0.9845	0.174451	0.201627	-0.174486	0.963795	5.14478	-4.40868	49.9782	
0.978929	0.0180623	-0.203398	0.0192691	0.983464	0.180074	0.203287	-0.180199	0.962394	5.32137	-4.56336	50.8183	
0.978559	0.0183943	-0.205142	0.0204621	0.982394	0.185695	0.204947	-0.185911	0.960955	5.49941	-4.72303	51.6571	
0.978185	0.0187378	-0.20689	0.0216662	0.98129	0.191313	0.206604	-0.191622	0.959477	5.67889	-4.88767	52.4946	
0.977806	0.0190929	-0.20864	0.0228811	0.980151	0.196928	0.208259	-0.197331	0.957961	5.85981	-5.0573	53.3308	
0.977423	0.0194595	-0.210393	0.0241068	0.978977	0.202539	0.209912	-0.203039	0.956406	6.04218	-5.23191	54.1657	
0.977036	0.0198377	-0.212149	0.0253433	0.977769	0.208146	0.211562	-0.208743	0.954813	6.22599	-5.41149	54.9992	
0.976645	0.0202274	-0.213906	0.0265904	0.976527	0.213748	0.213208	-0.214444	0.953182	6.41124	-5.59605	55.8313	
0.97625	0.0206286	-0.215664	0.0278482	0.97525	0.219345	0.214851	-0.220141	0.951513	6.59792	-5.78558	56.6619	
0.97585	0.0210414	-0.217424	0.0291166	0.973938	0.224936	0.21649	-0.225834	0.949806	6.78604	-5.98007	57.4911	
0.975447	0.0214656	-0.219184	0.0303954	0.972593	0.23052	0.218125	-0.231522	0.948061	6.97558	-6.17953	58.3188	
0.97504	0.0219012	-0.220945	0.0316845	0.971213	0.236097	0.219755	-0.237205	0.946278	7.16654	-6.38395	59.145	
0.97463	0.0223483	-0.222705	0.032984	0.969799	0.241667	0.22138	-0.242881	0.944457	7.35893	-6.59332	59.9695	
0.974215	0.0228067	-0.224466	0.0342937	0.96835	0.247228	0.223	-0.248551	0.942599	7.55273	-6.80764	60.7925	
0.973797	0.0232764	-0.226225	0.0356135	0.966868	0.252781	0.224614	-0.254214	0.940704	7.74794	-7.0269	61.6138	
0.973375	0.0237574	-0.227984	0.0369433	0.965351	0.258325	0.226221	-0.25987	0.938771	7.94455	-7.2511	62.4335	
0.97295	0.0242495	-0.22974	0.038283	0.963801	0.263859	0.227823	-0.265517	0.936802	8.14257	-7.48023	63.2515	
0.972521	0.0247528	-0.231495	0.0396326	0.962217	0.269383	0.229417	-0.271156	0.934795	8.34198	-7.71428	64.0677	
0.972089	0.025267	-0.233248	0.0409919	0.960599	0.274897	0.231004	-0.276786	0.932752	8.54277	-7.95324	64.8821	
0.971653	0.0257923	-0.234999	0.0423607	0.958948	0.280399	0.232584	-0.282406	0.930673	8.74495	-8.19711	65.6948	
0.971215	0.0263283	-0.236746	0.0437391	0.957264	0.28589	0.234155	-0.288016	0.928557	8.9485	-8.44588	66.5056	
0.970773	0.0268752	-0.23849	0.0451268	0.955546	0.291368	0.235719	-0.293615	0.926405	9.15342	-8.69954	67.3146	
0.970328	0.0274327	-0.24023	0.0465238	0.953795	0.296834	0.237273	-0.299203	0.924218	9.35969	-8.95807	68.1217	
0.96988	0.0280007	-0.241966	0.04793	0.952011	0.302287	0.238819	-0.30478	0.921995	9.56732	-9.22148	68.9268	
0.96943	0.0285792	-0.243698	0.0493451	0.950195	0.307726	0.240356	-0.310344	0.919737	9.7763	-9.48974	69.7301	
0.971965	0.0251275	-0.23378	0.0537892	0.944143	0.325115	0.228891	-0.328575	0.916323	9.98095	-9.76839	70.5308	
0.974375	0.0214798	-0.2239	0.0580152	0.937749	0.342435	0.217317	-0.34665	0.912473	10.1756	-10.0629	71.3284	
0.97666	0.0176376	-0.214064	0.0620209	0.931013	0.359678	0.20564	-0.36456	0.908189	10.36	-10.3731	72.1224	
0.978819	0.0136029	-0.204277	0.0658045	0.92394	0.376836	0.193866	-0.382297	0.903474	10.5343	-10.6988	72.9126	
0.980849	0.0093775	-0.194543	0.0693643	0.916532	0.393901	0.181999	-0.399851	0.898329	10.6982	-11.0399	73.6984	
0.982751	0.00496347	-0.184867	0.0726984	0.908794	0.410863	0.170045	-0.417216	0.892757	10.8517	-11.3962	74.4795	
0.984523	0.000362893	-0.175254	0.0758053	0.900729	0.427717	0.158011	-0.434382	0.886761	10.9948	-11.7676	75.2556	
0.986165	-0.00442205	-0.165707	0.0786836	0.89234	0.444453	0.145902	-0.451342	0.880342	11.1273	-12.1539	76.0263	
0.987676	-0.00938907	-0.156233	0.0813319	0.883632	0.461063	0.133723	-0.468087	0.873506	11.2493	-12.5549	76.7912	
0.989054	-0.0145358	-0.146834	0.0837489	0.87461	0.47754	0.121481	-0.48461	0.866254	11.3606	-12.9704	77.55	
0.9903	-0.0198598	-0.137516	0.0859334	0.865276	0.493875	0.109181	-0.500902	0.85859	11.4612	-13.4002	78.3022	
0.991413	-0.0253586	-0.128283	0.0878845	0.855636	0.510062	0.0968288	-0.516956	0.850518	11.551	-13.8442	79.0476	
0.992393	-0.0310295	-0.119139	0.0896011	0.845694	0.526092	0.0844308	-0.532765	0.842041	11.6301	-14.302	79.7858	
0.993238	-0.0368698	-0.110089	0.0910826	0.835456	0.541957	0.0719927	-0.548319	0.833164	11.6983	-14.7735	80.5164	
0.993948	-0.0428768	-0.101137	0.0923281	0.824925	0.557651	0.0595203	-0.563614	0.823891	11.7557	-15.2584	81.2391	
0.994524	-0.0490476	-0.0922876	0.0933371	0.814107	0.573165	0.0470196	-0.57864	0.814227	11.8021	-15.7566	81.9535	
0.994964	-0.0553792	-0.0835445	0.0941091	0.803007	0.588492	0.0344965	-0.593391	0.804175	11.8377	-16.2677	82.6593	
