1	0	0	0	1	0	0	0	1	0	0	0	
1	-3.46821e-07	0.000186442	-3.46821e-07	0.999993	0.0037204	-0.000186442	-0.0037204	0.999993	-7.83435e-05	-0.00156332	0.840402	
1	-1.38294e-06	0.000372016	-1.38715e-06	0.999972	0.00744606	-0.000372016	-0.00744606	0.999972	-0.000313009	-0.0062555	1.68079	
1	-3.10282e-06	0.000556713	-3.11968e-06	0.999938	0.0111768	-0.000556713	-0.0111768	0.999937	-0.000703264	-0.0140809	2.52116	
1	-5.50079e-06	0.000740524	-5.54301e-06	0.999889	0.0149127	-0.000740524	-0.0149127	0.999889	-0.00124837	-0.0250438	3.36149	
1	-8.57113e-06	0.000923441	-8.65566e-06	0.999826	0.0186534	-0.00092344	-0.0186534	0.999826	-0.00194757	-0.0391483	4.20178	
0.999999	-1.2308e-05	0.00110545	-1.24561e-05	0.999749	0.0223989	-0.00110545	-0.0223989	0.999749	-0.00280011	-0.0563986	5.042	
0.999999	-1.67053e-05	0.00128656	-1.69427e-05	0.999658	0.0261491	-0.00128655	-0.0261491	0.999657	-0.00380524	-0.0767986	5.88216	
0.999999	-2.17572e-05	0.00146674	-2.21137e-05	0.999553	0.0299038	-0.00146673	-0.0299038	0.999552	-0.00496218	-0.100352	6.72223	
0.999999	-2.74575e-05	0.00164599	-2.79673e-05	0.999433	0.0336631	-0.00164599	-0.0336631	0.999432	-0.00627015	-0.127063	7.56221	
0.999998	-3.37998e-05	0.00182431	-3.45018e-05	0.999299	0.0374266	-0.0018243	-0.0374266	0.999298	-0.00772838	-0.156935	8.40208	
0.999998	-4.07779e-05	0.00200169	-4.1715e-05	0.999151	0.0411944	-0.00200167	-0.0411944	0.999149	-0.00933606	-0.189972	9.24183	
0.999998	-4.83853e-05	0.00217811	-4.96051e-05	0.998989	0.0449662	-0.00217808	-0.0449662	0.998986	-0.0110924	-0.226177	10.0815	
0.999997	-5.66156e-05	0.00235357	-5.81699e-05	0.998811	0.0487421	-0.00235354	-0.0487421	0.998809	-0.0129966	-0.265553	10.9209	
0.999997	-6.5462e-05	0.00252807	-6.74073e-05	0.99862	0.0525218	-0.00252802	-0.0525218	0.998617	-0.0150478	-0.308105	11.7603	
0.999996	-7.49179e-05	0.00270159	-7.7315e-05	0.998414	0.0563053	-0.00270152	-0.0563053	0.99841	-0.0172453	-0.353834	12.5994	
0.999996	-8.49766e-05	0.00287413	-8.78907e-05	0.998193	0.0600924	-0.00287404	-0.0600924	0.998189	-0.0195882	-0.402745	13.4384	
0.999995	-9.5631e-05	0.00304568	-9.9132e-05	0.997957	0.0638831	-0.00304556	-0.0638831	0.997953	-0.0220756	-0.45484	14.2772	
0.999995	-0.000106874	0.00321623	-0.000111036	0.997707	0.0676772	-0.00321609	-0.0676772	0.997702	-0.0247068	-0.510121	15.1157	
0.999994	-0.000118699	0.00338577	-0.000123602	0.997442	0.0714746	-0.0033856	-0.0714746	0.997437	-0.0274808	-0.568593	15.9541	
0.999994	-0.000131099	0.00355431	-0.000136825	0.997163	0.0752751	-0.00355409	-0.0752752	0.997156	-0.0303969	-0.630258	16.7922	
0.999993	-0.000144066	0.00372183	-0.000150703	0.996868	0.0790788	-0.00372156	-0.0790788	0.996861	-0.0334541	-0.695118	17.6301	
0.999992	-0.000157594	0.00388832	-0.000165234	0.996559	0.0828854	-0.003888	-0.0828854	0.996552	-0.0366517	-0.763176	18.4678	
0.999992	-0.000171674	0.00405378	-0.000180415	0.996235	0.0866948	-0.0040534	-0.0866948	0.996227	-0.0399887	-0.834434	19.3051	
0.999991	-0.0001863	0.0042182	-0.000196243	0.995896	0.090507	-0.00421775	-0.090507	0.995887	-0.0434642	-0.908894	20.1422	
0.99999	-0.000201463	0.00438157	-0.000212715	0.995542	0.0943217	-0.00438104	-0.0943218	0.995532	-0.0470775	-0.98656	20.979	
0.99999	-0.000217156	0.0045439	-0.000229828	0.995173	0.098139	-0.00454328	-0.098139	0.995162	-0.0508275	-1.06743	21.8155	
0.999989	-0.000233373	0.00470516	-0.000247579	0.994789	0.101959	-0.00470444	-0.101959	0.994778	-0.0547134	-1.15151	22.6517	
0.999988	-0.000250103	0.00486537	-0.000265964	0.994389	0.105781	-0.00486453	-0.105781	0.994378	-0.0587343	-1.23881	23.4876	
0.999987	-0.000267341	0.0050245	-0.000284981	0.993975	0.109605	-0.00502353	-0.109605	0.993963	-0.0628893	-1.32931	24.3231	
0.999987	-0.000285078	0.00518255	-0.000304627	0.993546	0.113431	-0.00518144	-0.113431	0.993532	-0.0671774	-1.42303	25.1582	
0.999986	-0.000303306	0.00533953	-0.000324897	0.993101	0.117259	-0.00533826	-0.117259	0.993087	-0.0715979	-1.51997	25.993	
0.999985	-0.000322017	0.00549541	-0.000345789	0.992642	0.121089	-0.00549397	-0.121089	0.992626	-0.0761496	-1.62012	26.8274	
0.999984	-0.000341203	0.0056502	-0.0003673	0.992167	0.12492	-0.00564857	-0.12492	0.992151	-0.0808317	-1.7235	27.6614	
0.999983	-0.000360856	0.0058039	-0.000389424	0.991677	0.128753	-0.00580205	-0.128753	0.99166	-0.0856433	-1.83009	28.495	
0.999982	-0.000380968	0.00595648	-0.00041216	0.991171	0.132588	-0.00595441	-0.132588	0.991153	-0.0905834	-1.93991	29.3282	
0.999981	-0.00040153	0.00610796	-0.000435504	0.99065	0.136424	-0.00610563	-0.136424	0.990632	-0.095651	-2.05295	30.1609	
0.99998	-0.000422534	0.00625832	-0.000459451	0.990114	0.140261	-0.00625572	-0.140261	0.990095	-0.100845	-2.16921	30.9932	
0.999979	-0.000443971	0.00640757	-0.000483998	0.989563	0.144099	-0.00640467	-0.144099	0.989543	-0.106165	-2.2887	31.8251	
0.999978	-0.000465834	0.00655568	-0.000509141	0.988996	0.147938	-0.00655246	-0.147939	0.988975	-0.11161	-2.41141	32.6565	
0.999977	-0.000488113	0.00670267	-0.000534876	0.988414	0.151779	-0.0066991	-0.151779	0.988392	-0.117178	-2.53736	33.4874	
0.999976	-0.0005108	0.00684852	-0.0005612	0.987817	0.15562	-0.00684457	-0.15562	0.987793	-0.122869	-2.66653	34.3178	
0.999975	-0.000533886	0.00699323	-0.000588108	0.987204	0.159461	-0.00698888	-0.159461	0.987179	-0.128682	-2.79892	35.1477	
0.999974	-0.000557364	0.00713679	-0.000615597	0.986576	0.163303	-0.007132	-0.163304	0.98655	-0.134616	-2.93455	35.977	
0.999973	-0.000581223	0.00727921	-0.000643662	0.985932	0.167146	-0.00727395	-0.167146	0.985905	-0.140669	-3.07341	36.8059	
0.999972	-0.000605455	0.00742047	-0.000672299	0.985273	0.170989	-0.00741471	-0.170989	0.985245	-0.146841	-3.21549	37.6341	
0.999971	-0.000630052	0.00756057	-0.000701504	0.984598	0.174832	-0.00755428	-0.174832	0.984569	-0.153131	-3.36081	38.4619	
0.99997	-0.000655005	0.00769952	-0.000731272	0.983908	0.178675	-0.00769265	-0.178676	0.983878	-0.159538	-3.50935	39.289	
0.999969	-0.000680303	0.00783729	-0.000761601	0.983202	0.182519	-0.00782981	-0.182519	0.983171	-0.166061	-3.66113	40.1156	
0.999968	-0.00070594	0.0079739	-0.000792484	0.982481	0.186362	-0.00796576	-0.186362	0.982449	-0.172698	-3.81613	40.9415	
0.999967	-0.000731905	0.00810933	-0.000823918	0.981744	0.190205	-0.0081005	-0.190205	0.981711	-0.179449	-3.97437	41.7669	
0.999966	-0.000758189	0.00824358	-0.000855898	0.980992	0.194047	-0.00823401	-0.194048	0.980958	-0.186313	-4.13583	42.5916	
0.999965	-0.000784784	0.00837666	-0.000888419	0.980224	0.197889	-0.0083663	-0.19789	0.980189	-0.193288	-4.30052	43.4157	
0.999963	-0.00081168	0.00850854	-0.000921478	0.979441	0.201731	-0.00849735	-0.201731	0.979404	-0.200375	-4.46845	44.2391	
0.999962	-0.000838867	0.00863924	-0.00095507	0.978642	0.205572	-0.00862717	-0.205572	0.978604	-0.20757	-4.6396	45.0618	
0.999961	-0.000866338	0.00876875	-0.000989189	0.977827	0.209412	-0.00875574	-0.209412	0.977788	-0.214875	-4.81397	45.8839	
0.99996	-0.000894082	0.00889706	-0.00102383	0.976997	0.213251	-0.00888307	-0.213251	0.976957	-0.222287	-4.99158	46.7053	
0.999959	-0.000922091	0.00902418	-0.00105899	0.976151	0.217089	-0.00900914	-0.21709	0.97611	-0.229805	-5.17241	47.526	
0.999974	-0.000502211	0.00716372	-0.00110937	0.974774	0.223192	-0.0070951	-0.223194	0.974748	-0.236572	-5.35742	48.3458	
0.999986	-7.14483e-05	0.00530917	-0.00114782	0.973357	0.229291	-0.0051841	-0.229294	0.973343	-0.241732	-5.54755	49.1644	
0.999994	0.000370175	0.00346046	-0.00117433	0.971901	0.235388	-0.00327609	-0.23539	0.971895	-0.245287	-5.74282	49.9817	
0.999998	0.00082264	0.00161757	-0.00118891	0.970405	0.24148	-0.00137105	-0.241482	0.970404	-0.24724	-5.9432	50.7979	
0.999999	0.00128593	-0.000219543	-0.00119155	0.96887	0.247569	0.000531064	-0.247568	0.96887	-0.247593	-6.1487	51.6128	
0.999996	0.00176002	-0.00205093	-0.00118224	0.967295	0.253652	0.00243029	-0.253649	0.967293	-0.246348	-6.35931	52.4264	
0.99999	0.00224491	-0.00387664	-0.00116099	0.965681	0.25973	0.00432666	-0.259723	0.965673	-0.243509	-6.57503	53.2386	
0.99998	0.00274056	-0.0056967	-0.00112781	0.964027	0.265802	0.00622022	-0.265791	0.964011	-0.239077	-6.79586	54.0495	
0.999967	0.00324699	-0.00751116	-0.00108268	0.962334	0.271868	0.008111	-0.271851	0.962305	-0.233055	-7.02177	54.8589	
0.999949	0.00376416	-0.00932007	-0.00102561	0.960602	0.277927	0.00999903	-0.277904	0.960557	-0.225445	-7.25278	55.6669	
0.999929	0.00429208	-0.0111235	-0.000956612	0.95883	0.283979	0.0118844	-0.283948	0.958766	-0.21625	-7.48887	56.4734	
0.999905	0.00483073	-0.0129214	-0.000875684	0.957019	0.290023	0.013767	-0.289984	0.956933	-0.205471	-7.73004	57.2784	
0.999877	0.0053801	-0.0147139	-0.000782833	0.95517	0.296058	0.0156471	-0.296011	0.955057	-0.193111	-7.97628	58.0818	
0.999846	0.00594019	-0.016501	-0.000678065	0.953281	0.302085	0.0175245	-0.302027	0.953138	-0.179172	-8.22758	58.8837	
0.999812	0.006511	-0.0182828	-0.000561388	0.951353	0.308103	0.0193995	-0.308034	0.951177	-0.163656	-8.48393	59.6839	
0.999774	0.00709252	-0.0200593	-0.000432812	0.949386	0.31411	0.0212719	-0.31403	0.949175	-0.146566	-8.74532	60.4824	
0.999732	0.00768475	-0.0218305	-0.000292345	0.947381	0.320108	0.0231418	-0.320016	0.94713	-0.127903	-9.01175	61.2792	
0.999687	0.00828769	-0.0235966	-0.000139999	0.945337	0.326094	0.0250093	-0.325989	0.945043	-0.10767	-9.2832	62.0743	
0.999639	0.00890135	-0.0253575	2.42148e-05	0.943255	0.33207	0.0268744	-0.331951	0.942914	-0.0858685	-9.55967	62.8677	
0.999587	0.00952571	-0.0271132	0.000200284	0.941134	0.338034	0.0287372	-0.337899	0.940743	-0.0625003	-9.84115	63.6592	
0.999532	0.0101608	-0.0288639	0.000388196	0.938975	0.343985	0.0305976	-0.343835	0.938531	-0.0375676	-10.1276	64.4489	
0.999473	0.0108066	-0.0306095	0.000587935	0.936778	0.349924	0.0324558	-0.349758	0.936278	-0.0110723	-10.4191	65.2367	
0.999411	0.0114631	-0.0323502	0.000799486	0.934543	0.35585	0.0343118	-0.355666	0.933983	0.0169837	-10.7155	66.0225	
0.999345	0.0121304	-0.0340859	0.00102283	0.93227	0.361762	0.0361656	-0.36156	0.931647	0.0465985	-11.0169	66.8065	
0.999276	0.0128085	-0.0358167	0.00125796	0.929959	0.367661	0.0380172	-0.36744	0.92927	0.0777704	-11.3232	67.5885	
0.999204	0.0134972	-0.0375426	0.00150484	0.927611	0.373544	0.0398668	-0.373303	0.926852	0.110498	-11.6345	68.3684	
0.999128	0.0141968	-0.0392637	0.00176347	0.925226	0.379413	0.0417143	-0.379152	0.924394	0.144778	-11.9506	69.1463	
0.999049	0.0149071	-0.04098	0.00203382	0.922803	0.385267	0.0435597	-0.384983	0.921895	0.180611	-12.2717	69.9221	
0.998373	0.0201813	-0.0533275	0.00284523	0.916469	0.400095	0.0569475	-0.399596	0.914921	0.222845	-12.6014	70.694	
0.997518	0.0256507	-0.0655786	0.0038726	0.9099	0.414809	0.0703101	-0.414033	0.907542	0.276321	-12.9433	71.4598	
0.996483	0.0313129	-0.0777277	0.00511548	0.9031	0.429399	0.0836416	-0.428286	0.899764	0.341015	-13.2973	72.2193	
0.995269	0.0371656	-0.0897696	0.00657331	0.896072	0.443861	0.0969363	-0.442351	0.891588	0.416897	-13.6631	72.972	
0.993877	0.043206	-0.101699	0.00824546	0.888817	0.458188	0.110188	-0.456221	0.883018	0.503934	-14.0407	73.7178	
0.992306	0.0494315	-0.11351	0.0101312	0.881341	0.472373	0.123391	-0.469889	0.874059	0.602088	-14.4299	74.4561	
0.990559	0.0558394	-0.125199	0.0122296	0.873645	0.48641	0.13654	-0.483349	0.864714	0.711316	-14.8305	75.1868	
0.988635	0.0624268	-0.136759	0.0145399	0.865734	0.500294	0.149629	-0.496596	0.854987	0.831569	-15.2423	75.9094	
0.986536	0.0691908	-0.148186	0.017061	0.85761	0.514017	0.162651	-0.509625	0.844883	0.962794	-15.6651	76.6237	
0.984262	0.0761285	-0.159475	0.0197918	0.849278	0.527574	0.175602	-0.522428	0.834406	1.10493	-16.0988	77.3294	
0.981815	0.0832368	-0.17062	0.022731	0.840742	0.540959	0.188475	-0.535	0.823561	1.25793	-16.5431	78.0261	
0.979195	0.0905125	-0.181617	0.0258775	0.832004	0.554166	0.201265	-0.547336	0.812352	1.4217	-16.9979	78.7135	
0.976404	0.0979525	-0.192461	0.0292297	0.823069	0.567189	0.213966	-0.559431	0.800784	1.59619	-17.463	79.3914	
0.973442	0.105553	-0.203147	0.0327862	0.81394	0.580023	0.226573	-0.571279	0.788863	1.78131	-17.9382	80.0594	
