1	0	0	0	1	0	0	0	1	0	0	0	
1	4.73133e-08	-0.00013722	4.73133e-08	1	0.0006896	0.00013722	-0.0006896	1	6.29962e-05	-0.000316589	0.918182	
1	1.91288e-07	-0.000275907	1.91298e-07	0.999999	0.00138665	0.000275907	-0.00138665	0.999999	0.000252659	-0.00126978	1.83636	
1	4.34991e-07	-0.000416055	4.35032e-07	0.999998	0.00209112	0.000416055	-0.00209112	0.999998	0.000570332	-0.00286639	2.75454	
1	7.81503e-07	-0.000557659	7.81607e-07	0.999996	0.00280298	0.000557659	-0.00280298	0.999996	0.00101736	-0.00511323	3.67272	
1	1.23392e-06	-0.000700711	1.23413e-06	0.999994	0.0035222	0.000700711	-0.0035222	0.999994	0.00159506	-0.00801706	4.5909	
1	1.79535e-06	-0.000845205	1.79572e-06	0.999991	0.00424874	0.000845205	-0.00424874	0.999991	0.00230478	-0.0115846	5.50907	
1	2.46892e-06	-0.000991133	2.46952e-06	0.999988	0.00498258	0.000991133	-0.00498258	0.999987	0.00314782	-0.0158226	6.42725	
0.999999	3.25775e-06	-0.00113849	3.25867e-06	0.999984	0.00572368	0.00113849	-0.00572368	0.999983	0.00412551	-0.0207378	7.34541	
0.999999	4.165e-06	-0.00128727	4.16632e-06	0.999979	0.00647202	0.00128727	-0.00647202	0.999978	0.00523916	-0.0263367	8.26358	
0.999999	5.19382e-06	-0.00143746	5.19565e-06	0.999974	0.00722755	0.00143746	-0.00722755	0.999973	0.00649006	-0.0326261	9.18174	
0.999999	6.34738e-06	-0.00158907	6.34985e-06	0.999968	0.00799024	0.00158907	-0.00799024	0.999967	0.00787951	-0.0396124	10.0999	
0.999998	7.62885e-06	-0.00174207	7.63209e-06	0.999962	0.00876007	0.00174207	-0.00876007	0.99996	0.00940881	-0.0473023	11.018	
0.999998	9.04142e-06	-0.00189647	9.04559e-06	0.999955	0.00953699	0.00189647	-0.00953699	0.999953	0.0110792	-0.0557024	11.9362	
0.999998	1.05883e-05	-0.00205225	1.05935e-05	0.999947	0.010321	0.00205225	-0.010321	0.999945	0.012892	-0.064819	12.8543	
0.999998	1.22726e-05	-0.00220942	1.22792e-05	0.999938	0.011112	0.00220942	-0.011112	0.999936	0.0148485	-0.0746586	13.7724	
0.999997	1.40977e-05	-0.00236795	1.41057e-05	0.999929	0.01191	0.00236795	-0.01191	0.999926	0.01695	-0.0852278	14.6906	
0.999997	1.60666e-05	-0.00252786	1.60763e-05	0.999919	0.012715	0.00252786	-0.012715	0.999916	0.0191976	-0.0965329	15.6087	
0.999996	1.81827e-05	-0.00268912	1.81943e-05	0.999909	0.0135269	0.00268912	-0.0135269	0.999905	0.0215927	-0.10858	16.5268	
0.999996	2.04492e-05	-0.00285173	2.0463e-05	0.999897	0.0143457	0.00285173	-0.0143457	0.999893	0.0241364	-0.121376	17.4449	
0.999995	2.28692e-05	-0.00301569	2.28854e-05	0.999885	0.0151713	0.00301569	-0.0151713	0.99988	0.0268301	-0.134927	18.3629	
0.999995	2.5446e-05	-0.00318098	2.5465e-05	0.999872	0.0160038	0.00318098	-0.0160038	0.999867	0.0296749	-0.14924	19.281	
0.999994	2.81829e-05	-0.0033476	2.82049e-05	0.999858	0.016843	0.0033476	-0.016843	0.999853	0.0326721	-0.164319	20.1991	
0.999994	3.1083e-05	-0.00351554	3.11084e-05	0.999844	0.017689	0.00351554	-0.017689	0.999837	0.0358229	-0.180173	21.1171	
0.999993	3.41497e-05	-0.0036848	3.41788e-05	0.999828	0.0185417	0.0036848	-0.0185417	0.999821	0.0391285	-0.196806	22.0351	
0.999993	3.7386e-05	-0.00385536	3.74192e-05	0.999812	0.019401	0.00385536	-0.019401	0.999804	0.0425902	-0.214225	22.9531	
0.999992	4.07954e-05	-0.00402722	4.08331e-05	0.999795	0.020267	0.00402722	-0.020267	0.999786	0.046209	-0.232436	23.8711	
0.999991	4.4381e-05	-0.00420037	4.44236e-05	0.999777	0.0211396	0.00420037	-0.0211396	0.999768	0.0499862	-0.251446	24.7891	
0.99999	4.8146e-05	-0.0043748	4.81939e-05	0.999758	0.0220188	0.0043748	-0.0220188	0.999748	0.053923	-0.271259	25.7071	
0.99999	5.20938e-05	-0.00455051	5.21474e-05	0.999738	0.0229045	0.00455051	-0.0229045	0.999727	0.0580205	-0.291883	26.625	
0.999989	5.62274e-05	-0.00472748	5.62873e-05	0.999717	0.0237966	0.00472748	-0.0237966	0.999706	0.0622799	-0.313323	27.5429	
0.999988	6.05502e-05	-0.00490572	6.06168e-05	0.999695	0.0246952	0.00490572	-0.0246952	0.999683	0.0667024	-0.335585	28.4608	
0.999987	6.50653e-05	-0.0050852	6.51392e-05	0.999672	0.0256002	0.0050852	-0.0256002	0.999659	0.0712892	-0.358675	29.3787	
0.999986	6.97759e-05	-0.00526593	6.98577e-05	0.999649	0.0265116	0.00526593	-0.0265116	0.999635	0.0760413	-0.3826	30.2966	
0.999985	7.46854e-05	-0.00544789	7.47755e-05	0.999624	0.0274293	0.00544789	-0.0274293	0.999609	0.0809599	-0.407363	31.2144	
0.999984	7.97968e-05	-0.00563108	7.98959e-05	0.999598	0.0283532	0.00563108	-0.0283532	0.999582	0.0860462	-0.432973	32.1322	
0.999983	8.51134e-05	-0.00581549	8.52221e-05	0.999571	0.0292835	0.00581548	-0.0292835	0.999554	0.0913012	-0.459433	33.05	
0.999982	9.06384e-05	-0.0060011	9.07573e-05	0.999543	0.0302199	0.0060011	-0.0302199	0.999525	0.0967261	-0.48675	33.9678	
0.999981	9.63749e-05	-0.00618792	9.65048e-05	0.999514	0.0311625	0.00618792	-0.0311625	0.999495	0.102322	-0.514931	34.8855	
0.99998	0.000102326	-0.00637593	0.000102468	0.999484	0.0321112	0.00637593	-0.0321112	0.999464	0.10809	-0.543979	35.8032	
0.999978	0.000108495	-0.00656513	0.000108649	0.999453	0.033066	0.00656513	-0.033066	0.999432	0.114031	-0.573901	36.7209	
0.999977	0.000114885	-0.0067555	0.000115052	0.999421	0.0340268	0.0067555	-0.0340268	0.999398	0.120146	-0.604703	37.6385	
0.999976	0.000121499	-0.00694705	0.00012168	0.999388	0.0349936	0.00694704	-0.0349936	0.999363	0.126437	-0.63639	38.5561	
0.999975	0.000128341	-0.00713975	0.000128537	0.999353	0.0359664	0.00713974	-0.0359664	0.999327	0.132904	-0.668967	39.4737	
0.999973	0.000135413	-0.0073336	0.000135624	0.999317	0.0369451	0.00733359	-0.0369451	0.99929	0.139549	-0.70244	40.3913	
0.999972	0.000142718	-0.00752859	0.000142946	0.99928	0.0379297	0.00752859	-0.0379297	0.999252	0.146372	-0.736814	41.3088	
0.99997	0.00015026	-0.00772472	0.000150505	0.999242	0.0389201	0.00772472	-0.0389201	0.999212	0.153375	-0.772095	42.2262	
0.999969	0.000158042	-0.00792197	0.000158305	0.999203	0.0399163	0.00792197	-0.0399163	0.999172	0.160558	-0.808288	43.1437	
0.999967	0.000166066	-0.00812034	0.000166349	0.999162	0.0409183	0.00812034	-0.0409183	0.999129	0.167923	-0.845399	44.0611	
0.999965	0.000174336	-0.00831982	0.000174639	0.999121	0.0419259	0.00831981	-0.0419259	0.999086	0.17547	-0.883432	44.9784	
0.999964	0.000182855	-0.00852039	0.000183179	0.999078	0.0429392	0.00852038	-0.0429392	0.999041	0.183201	-0.922392	45.8958	
0.999962	0.000191626	-0.00872206	0.000191972	0.999033	0.0439581	0.00872205	-0.0439581	0.998995	0.191117	-0.962286	46.813	
0.99996	0.000200651	-0.0089248	0.00020102	0.998988	0.0449826	0.00892479	-0.0449826	0.998948	0.199219	-1.00312	47.7303	
0.999958	0.000209934	-0.00912862	0.000210328	0.998941	0.0460126	0.00912861	-0.0460126	0.998899	0.207507	-1.04489	48.6475	
0.999956	0.000219478	-0.00933349	0.000219897	0.998893	0.0470481	0.00933348	-0.0470481	0.998849	0.215983	-1.08762	49.5646	
0.999954	0.000229286	-0.00953943	0.000229731	0.998843	0.048089	0.00953941	-0.048089	0.998798	0.224647	-1.13129	50.4817	
0.999952	0.000239359	-0.0097464	0.000239833	0.998792	0.0491353	0.00974639	-0.0491353	0.998745	0.233501	-1.17593	51.3988	
0.99995	0.000249703	-0.00995441	0.000250206	0.99874	0.050187	0.0099544	-0.050187	0.99869	0.242545	-1.22153	52.3158	
0.999948	0.000260318	-0.0101635	0.000260852	0.998686	0.0512439	0.0101634	-0.0512439	0.998634	0.251781	-1.26809	53.2327	
0.999946	0.000271209	-0.0103735	0.000271775	0.998631	0.0523061	0.0103735	-0.0523061	0.998577	0.26121	-1.31563	54.1496	
0.999944	0.000282378	-0.0105846	0.000282976	0.998575	0.0533735	0.0105845	-0.0533736	0.998519	0.270831	-1.36415	55.0665	
0.999939	0.000307378	-0.0110336	0.000330982	0.998328	0.0578078	0.0110329	-0.0578079	0.998267	0.280756	-1.41519	55.9832	
0.999934	0.000334444	-0.0114836	0.000381037	0.998061	0.0622458	0.0114822	-0.0622461	0.997995	0.291092	-1.47031	56.8997	
0.999929	0.000363585	-0.0119347	0.000433146	0.997774	0.0666873	0.0119323	-0.0666877	0.997703	0.301842	-1.5295	57.8159	
0.999923	0.000394809	-0.0123867	0.000487317	0.997467	0.071132	0.0123834	-0.0711326	0.99739	0.313005	-1.59277	58.7318	
0.999917	0.000428124	-0.0128396	0.000543555	0.99714	0.0755796	0.0128352	-0.0755804	0.997057	0.324582	-1.66012	59.6474	
0.999912	0.000463536	-0.0132933	0.000601864	0.996792	0.0800299	0.0132877	-0.0800308	0.996704	0.336575	-1.73156	60.5628	
0.999905	0.000501051	-0.0137478	0.00066225	0.996425	0.0844826	0.0137409	-0.0844837	0.99633	0.348984	-1.80709	61.4777	
0.999899	0.000540676	-0.014203	0.000724716	0.996037	0.0889375	0.0141948	-0.0889388	0.995936	0.361809	-1.88671	62.3924	
0.999892	0.000582414	-0.0146588	0.000789267	0.995629	0.0933942	0.0146491	-0.0933957	0.995521	0.375051	-1.97042	63.3066	
0.999886	0.000626268	-0.0151153	0.000855905	0.995201	0.0978526	0.015104	-0.0978543	0.995086	0.38871	-2.05822	64.2205	
0.999879	0.000672243	-0.0155723	0.000924632	0.994752	0.102312	0.0155593	-0.102314	0.99463	0.402788	-2.15011	65.134	
0.999871	0.00072034	-0.0160298	0.000995452	0.994283	0.106773	0.016015	-0.106775	0.994154	0.417283	-2.24611	66.047	
0.999864	0.00077056	-0.0164877	0.00106837	0.993794	0.111235	0.016471	-0.111237	0.993657	0.432197	-2.34619	66.9596	
0.999856	0.000822905	-0.0169459	0.00114337	0.993284	0.115697	0.0169273	-0.115699	0.99314	0.44753	-2.45038	67.8717	
0.999848	0.000877374	-0.0174045	0.00122048	0.992754	0.120159	0.0173838	-0.120162	0.992602	0.463282	-2.55866	68.7834	
0.99984	0.000933966	-0.0178633	0.00129968	0.992204	0.124621	0.0178405	-0.124625	0.992044	0.479453	-2.67104	69.6945	
0.999832	0.00099268	-0.0183224	0.00138097	0.991633	0.129083	0.0182972	-0.129087	0.991464	0.496044	-2.78752	70.6051	
0.999823	0.00105351	-0.0187815	0.00146436	0.991042	0.133545	0.018754	-0.133549	0.990865	0.513054	-2.90809	71.5152	
0.999791	0.00128926	-0.0203912	0.00191197	0.987724	0.156195	0.0203423	-0.156202	0.987516	0.531003	-3.04112	72.4235	
0.999757	0.00156181	-0.021995	0.00239583	0.983889	0.178763	0.0219199	-0.178772	0.983646	0.550406	-3.19491	73.3284	
0.99972	0.00187101	-0.0235921	0.00291567	0.979538	0.201236	0.0234859	-0.201248	0.979259	0.571252	-3.36938	74.2296	
0.99968	0.0022167	-0.0251816	0.00347123	0.974674	0.223603	0.0250396	-0.223619	0.974355	0.593531	-3.56444	75.1266	
0.999638	0.00259869	-0.0267628	0.00406222	0.969299	0.245851	0.02658	-0.245871	0.968938	0.61723	-3.77999	76.0188	
0.999594	0.00301679	-0.0283347	0.00468832	0.963416	0.26797	0.0281065	-0.267994	0.963011	0.642337	-4.01591	76.9057	
0.999547	0.00347077	-0.0298965	0.00534921	0.957028	0.289947	0.0296181	-0.289976	0.956576	0.668839	-4.27208	77.787	
0.999498	0.0039604	-0.0314475	0.00604452	0.950138	0.311771	0.0311142	-0.311805	0.949637	0.696722	-4.54836	78.6622	
0.999446	0.00448542	-0.0329867	0.00677391	0.94275	0.333431	0.0325938	-0.333469	0.942197	0.725971	-4.84462	79.5308	
0.999391	0.00504555	-0.0345135	0.00753698	0.934869	0.354914	0.0340563	-0.354958	0.934262	0.756571	-5.16068	80.3923	
0.999335	0.00564049	-0.0360269	0.00833334	0.926497	0.37621	0.0355009	-0.37626	0.925834	0.788506	-5.49639	81.2463	
0.999276	0.00626994	-0.0375263	0.00916255	0.91764	0.397307	0.0369267	-0.397364	0.916918	0.821758	-5.85157	82.0923	
0.999215	0.00693356	-0.0390107	0.0100242	0.908302	0.418195	0.0383331	-0.418258	0.907519	0.85631	-6.22603	82.9299	
0.999151	0.007631	-0.0404794	0.0109178	0.898488	0.438862	0.0397192	-0.438932	0.897642	0.892145	-6.61958	83.7587	
0.999085	0.00836189	-0.0419317	0.0118429	0.888203	0.459298	0.0410845	-0.459374	0.887292	0.929243	-7.032	84.5782	
0.999018	0.00912586	-0.0433668	0.012799	0.877453	0.479491	0.0424281	-0.479575	0.876475	0.967585	-7.46308	85.3879	
0.998947	0.00992249	-0.0447839	0.0137857	0.866244	0.499431	0.0437493	-0.499523	0.865195	1.00715	-7.91259	86.1875	
0.998875	0.0107514	-0.0461822	0.0148023	0.85458	0.519108	0.0450475	-0.519208	0.85346	1.04792	-8.38031	86.9766	
0.998801	0.011612	-0.0475611	0.0158484	0.842469	0.538511	0.046322	-0.538619	0.841275	1.08987	-8.86597	87.7547	
0.998724	0.0125041	-0.0489198	0.0169234	0.829917	0.55763	0.0475721	-0.557746	0.828647	1.13297	-9.36932	88.5213	
0.998646	0.013427	-0.0502576	0.0180267	0.816931	0.576454	0.0487971	-0.57658	0.815582	1.17722	-9.8901	89.2762	
