1	0	0	0	1	0	0	0	1	0	0	0	
0.999998	-4.59892e-06	-0.00213646	-4.59892e-06	0.999991	-0.00430516	0.00213646	0.00430516	0.999988	0.00100727	0.00202974	0.942926	
0.999991	-1.84034e-05	-0.0042734	-1.84098e-05	0.999963	-0.00861429	0.0042734	0.00861429	0.999954	0.00402929	0.00812081	1.88583	
0.999979	-4.1426e-05	-0.00641075	-4.14516e-05	0.999916	-0.0129272	0.00641075	0.0129272	0.999896	0.0090665	0.0182769	2.82869	
0.999963	-7.36788e-05	-0.00854843	-7.37427e-05	0.999851	-0.0172439	0.00854843	0.0172439	0.999815	0.0161192	0.0325015	3.77148	
0.999943	-0.000115173	-0.0106864	-0.000115301	0.999767	-0.021564	0.0106864	0.021564	0.99971	0.0251878	0.0507981	4.71419	
0.999918	-0.00016592	-0.0128245	-0.000166144	0.999665	-0.0258875	0.0128245	0.0258875	0.999583	0.0362723	0.0731698	5.65679	
0.999888	-0.000225928	-0.0149627	-0.000226287	0.999543	-0.0302142	0.0149627	0.0302142	0.999431	0.049373	0.0996199	6.59926	
0.999854	-0.000295209	-0.017101	-0.000295748	0.999403	-0.0345441	0.017101	0.0345441	0.999257	0.06449	0.130151	7.54157	
0.999815	-0.00037377	-0.0192392	-0.000374541	0.999244	-0.0388768	0.0192392	0.0388768	0.999059	0.0816231	0.164767	8.48371	
0.999771	-0.00046162	-0.0213773	-0.00046268	0.999066	-0.0432123	0.0213773	0.0432123	0.998837	0.100772	0.203469	9.42564	
0.999723	-0.000558767	-0.0235152	-0.000560181	0.998869	-0.0475505	0.0235152	0.0475505	0.998592	0.121938	0.24626	10.3674	
0.999671	-0.000665217	-0.0256529	-0.000667056	0.998653	-0.0518911	0.0256528	0.0518912	0.998323	0.145119	0.293144	11.3088	
0.999613	-0.000780976	-0.0277902	-0.000783319	0.998417	-0.0562341	0.0277901	0.0562341	0.998031	0.170315	0.344121	12.2501	
0.999552	-0.000906052	-0.0299271	-0.000908982	0.998163	-0.0605793	0.029927	0.0605793	0.997715	0.197527	0.399195	13.191	
0.999485	-0.00104045	-0.0320635	-0.00104406	0.99789	-0.0649265	0.0320634	0.0649266	0.997375	0.226753	0.458366	14.1316	
0.999414	-0.00118417	-0.0341993	-0.00118855	0.997597	-0.0692756	0.0341992	0.0692757	0.997011	0.257994	0.521638	15.0719	
0.999339	-0.00133722	-0.0363346	-0.00134248	0.997285	-0.0736265	0.0363344	0.0736266	0.996624	0.291248	0.589011	16.0118	
0.999259	-0.0014996	-0.0384691	-0.00150586	0.996954	-0.0779789	0.0384688	0.077979	0.996213	0.326515	0.660488	16.9514	
0.999174	-0.00167132	-0.0406028	-0.00167868	0.996603	-0.0823328	0.0406025	0.082333	0.995777	0.363794	0.73607	17.8905	
0.999085	-0.00185238	-0.0427357	-0.00186097	0.996234	-0.086688	0.0427353	0.0866882	0.995318	0.403085	0.815758	18.8293	
0.998991	-0.00204277	-0.0448676	-0.00205273	0.995845	-0.0910444	0.0448671	0.0910446	0.994836	0.444387	0.899552	19.7675	
0.998892	-0.00224251	-0.0469985	-0.00225396	0.995436	-0.0954017	0.046998	0.095402	0.994329	0.487698	0.987456	20.7054	
0.998789	-0.00245158	-0.0491284	-0.00246468	0.995008	-0.09976	0.0491278	0.0997603	0.993798	0.533018	1.07947	21.6427	
0.998682	-0.00267	-0.0512571	-0.00268489	0.994561	-0.104119	0.0512564	0.104119	0.993243	0.580346	1.17559	22.5795	
0.99857	-0.00289776	-0.0533846	-0.0029146	0.994095	-0.108478	0.0533837	0.108479	0.992664	0.62968	1.27582	23.5158	
0.998453	-0.00313485	-0.0555109	-0.00315381	0.993608	-0.112838	0.0555098	0.112839	0.992062	0.681019	1.38017	24.4515	
0.998332	-0.00338129	-0.0576357	-0.00340253	0.993103	-0.117198	0.0576345	0.117199	0.991435	0.734363	1.48862	25.3867	
0.998206	-0.00363705	-0.0597591	-0.00366076	0.992577	-0.121559	0.0597577	0.121559	0.990784	0.789709	1.60119	26.3212	
0.998076	-0.00390215	-0.0618811	-0.0039285	0.992033	-0.125919	0.0618794	0.12592	0.990109	0.847057	1.71787	27.2552	
0.997941	-0.00417658	-0.0640014	-0.00420576	0.991468	-0.130279	0.0639995	0.13028	0.98941	0.906405	1.83866	28.1884	
0.997802	-0.00446033	-0.0661201	-0.00449254	0.990885	-0.134639	0.0661179	0.13464	0.988686	0.967751	1.96356	29.121	
0.997658	-0.0047534	-0.0682371	-0.00478884	0.990281	-0.138998	0.0682346	0.138999	0.987939	1.03109	2.09257	30.0529	
0.997509	-0.00505578	-0.0703523	-0.00509467	0.989658	-0.143357	0.0703495	0.143358	0.987167	1.09643	2.22569	30.9841	
0.997356	-0.00536747	-0.0724656	-0.00541002	0.989015	-0.147715	0.0724625	0.147716	0.986372	1.16376	2.36292	31.9146	
0.997199	-0.00568847	-0.074577	-0.0057349	0.988353	-0.152072	0.0745735	0.152073	0.985552	1.23308	2.50426	32.8443	
0.997037	-0.00601876	-0.0766864	-0.0060693	0.987671	-0.156428	0.0766824	0.15643	0.984708	1.3044	2.64971	33.7732	
0.996871	-0.00635834	-0.0787938	-0.00641323	0.986969	-0.160782	0.0787893	0.160785	0.98384	1.3777	2.79927	34.7013	
0.9967	-0.0067072	-0.080899	-0.00676668	0.986248	-0.165136	0.080894	0.165138	0.982947	1.45298	2.95293	35.6286	
0.996524	-0.00706533	-0.083002	-0.00712965	0.985507	-0.169488	0.0829965	0.16949	0.982031	1.53025	3.11069	36.555	
0.996344	-0.00743273	-0.0851027	-0.00750214	0.984746	-0.173838	0.0850966	0.173841	0.98109	1.6095	3.27256	37.4805	
0.99616	-0.00780937	-0.087201	-0.00788415	0.983965	-0.178186	0.0871943	0.17819	0.980125	1.69073	3.43853	38.4052	
0.995971	-0.00819527	-0.089297	-0.00827567	0.983165	-0.182533	0.0892896	0.182536	0.979136	1.77393	3.6086	39.3289	
0.995778	-0.00859039	-0.0913905	-0.0086767	0.982345	-0.186877	0.0913823	0.186881	0.978123	1.85912	3.78277	40.2517	
0.99558	-0.00899474	-0.0934814	-0.00908723	0.981505	-0.191219	0.0934725	0.191224	0.977086	1.94627	3.96103	41.1735	
0.995378	-0.00940831	-0.0955697	-0.00950726	0.980646	-0.195559	0.0955599	0.195564	0.976024	2.03539	4.14339	42.0943	
0.995172	-0.00983107	-0.0976553	-0.00993679	0.979767	-0.199897	0.0976446	0.199902	0.974938	2.12648	4.32984	43.0141	
0.994961	-0.010263	-0.0997382	-0.0103758	0.978868	-0.204231	0.0997265	0.204237	0.973828	2.21953	4.52038	43.9329	
0.994745	-0.0107041	-0.101818	-0.0108243	0.977949	-0.208563	0.101806	0.208569	0.972694	2.31455	4.715	44.8506	
0.994526	-0.0111544	-0.103895	-0.0112823	0.977011	-0.212892	0.103882	0.212899	0.971536	2.41152	4.91371	45.7673	
0.994302	-0.0116138	-0.10597	-0.0117497	0.976052	-0.217218	0.105955	0.217225	0.970354	2.51045	5.1165	46.6828	
0.994073	-0.0120824	-0.108041	-0.0122266	0.975075	-0.22154	0.108025	0.221548	0.969148	2.61134	5.32336	47.5972	
0.99384	-0.0125601	-0.110109	-0.0127129	0.974077	-0.22586	0.110091	0.225868	0.967917	2.71417	5.5343	48.5105	
0.993603	-0.0130469	-0.112174	-0.0132087	0.97306	-0.230175	0.112155	0.230184	0.966663	2.81895	5.74932	49.4226	
0.993361	-0.0135427	-0.114235	-0.0137139	0.972022	-0.234487	0.114215	0.234497	0.965384	2.92568	5.9684	50.3335	
0.993115	-0.0140477	-0.116294	-0.0142286	0.970966	-0.238795	0.116272	0.238806	0.964081	3.03435	6.19154	51.2431	
0.992865	-0.0145617	-0.118349	-0.0147526	0.969889	-0.2431	0.118325	0.243111	0.962754	3.14495	6.41875	52.1516	
0.992611	-0.0150847	-0.120401	-0.0152861	0.968793	-0.2474	0.120375	0.247412	0.961404	3.25749	6.65002	53.0587	
0.992352	-0.0156167	-0.122449	-0.0158289	0.967677	-0.251696	0.122422	0.251709	0.960029	3.37196	6.88533	53.9646	
0.992089	-0.0161578	-0.124493	-0.0163811	0.966541	-0.255987	0.124464	0.256001	0.95863	3.48836	7.1247	54.8692	
0.991821	-0.0167078	-0.126535	-0.0169427	0.965386	-0.260274	0.126503	0.260289	0.957208	3.60668	7.36812	55.7725	
0.99155	-0.0172668	-0.128572	-0.0175136	0.964211	-0.264556	0.128538	0.264573	0.955761	3.72692	7.61557	56.6744	
0.991644	-0.0170694	-0.127867	-0.0183371	0.962491	-0.270694	0.127692	0.270777	0.954135	3.84773	7.86797	57.5748	
0.991738	-0.0168683	-0.127167	-0.019156	0.960728	-0.276829	0.126843	0.276977	0.952468	3.96773	8.12622	58.4737	
0.99183	-0.0166635	-0.126472	-0.0199704	0.958924	-0.282958	0.125992	0.283172	0.950757	4.08694	8.39031	59.371	
0.991922	-0.0164551	-0.12578	-0.02078	0.957079	-0.289083	0.125138	0.289361	0.949005	4.20533	8.66024	60.2667	
0.992012	-0.016243	-0.125092	-0.0215848	0.955191	-0.295201	0.124282	0.295543	0.947211	4.32293	8.936	61.1607	
0.992102	-0.0160271	-0.124409	-0.0223847	0.953262	-0.301313	0.123423	0.301718	0.945374	4.43971	9.21759	62.053	
0.99219	-0.0158076	-0.123728	-0.0231796	0.951292	-0.307417	0.122561	0.307884	0.943497	4.55569	9.505	62.9435	
0.992278	-0.0155843	-0.123052	-0.0239694	0.949281	-0.313513	0.121697	0.314041	0.941577	4.67085	9.79821	63.8323	
0.992365	-0.0153573	-0.122378	-0.0247541	0.947229	-0.319599	0.120828	0.320189	0.939617	4.78519	10.0972	64.7192	
0.992451	-0.0151264	-0.121708	-0.0255336	0.945137	-0.325676	0.119957	0.326325	0.937615	4.89871	10.402	65.6042	
0.992536	-0.0148918	-0.121041	-0.0263076	0.943003	-0.331742	0.119082	0.33245	0.935573	5.01141	10.7126	66.4874	
0.99262	-0.0146532	-0.120376	-0.0270763	0.94083	-0.337796	0.118203	0.338563	0.93349	5.12328	11.029	67.3686	
0.992704	-0.0144108	-0.119714	-0.0278394	0.938616	-0.343839	0.117321	0.344663	0.931366	5.23432	11.3511	68.2478	
0.992787	-0.0141643	-0.119055	-0.0285969	0.936362	-0.349868	0.116434	0.350749	0.929203	5.34453	11.679	69.125	
0.992869	-0.0139139	-0.118398	-0.0293487	0.934069	-0.355884	0.115544	0.356821	0.927	5.4539	12.0126	70.0001	
0.994911	-0.00689858	-0.100521	-0.030778	0.92916	-0.368395	0.095941	0.369614	0.924219	5.55361	12.3551	70.873	
0.996574	0.000361872	-0.0827016	-0.031942	0.924079	-0.380865	0.0762849	0.382202	0.920925	5.63481	12.7095	71.7429	
0.997857	0.0078634	-0.0649512	-0.03284	0.918829	-0.393287	0.0565865	0.394578	0.917119	5.69746	13.0758	72.6095	
0.99876	0.0156018	-0.0472792	-0.0334715	0.913413	-0.405655	0.0368565	0.406734	0.912803	5.74152	13.4536	73.4723	
0.999281	0.0235729	-0.0296956	-0.0338362	0.907835	-0.41796	0.0171061	0.418664	0.90798	5.76696	13.8428	74.3308	
0.999421	0.0317721	-0.0122099	-0.0339339	0.902097	-0.430197	-0.00265377	0.430362	0.902652	5.77378	14.2431	75.1845	
0.999178	0.040195	0.00516804	-0.0337645	0.896203	-0.442358	-0.0224122	0.441821	0.896823	5.76196	14.6543	76.0329	
0.998555	0.0488368	0.0224286	-0.0333281	0.890155	-0.454438	-0.0421582	0.453034	0.890496	5.73151	15.0762	76.8756	
0.99755	0.0576927	0.0395621	-0.0326249	0.883957	-0.466428	-0.0618807	0.463995	0.883674	5.68246	15.5086	77.7121	
0.996165	0.0667579	0.0565591	-0.0316554	0.877613	-0.478323	-0.0815689	0.474698	0.876361	5.61483	15.9511	78.5419	
0.9944	0.0760272	0.0734102	-0.0304202	0.871126	-0.490116	-0.101212	0.485138	0.86856	5.52865	16.4037	79.3646	
0.992256	0.0854956	0.090106	-0.0289197	0.8645	-0.5018	-0.120798	0.495308	0.860278	5.42397	16.866	80.1798	
0.989734	0.0951578	0.106637	-0.027155	0.857738	-0.513369	-0.140318	0.505203	0.851517	5.30086	17.3377	80.9869	
0.986836	0.105008	0.122995	-0.025127	0.850845	-0.524816	-0.159759	0.514817	0.842283	5.15938	17.8186	81.7855	
0.983564	0.115042	0.139169	-0.0228368	0.843823	-0.536136	-0.179112	0.524145	0.832581	4.9996	18.3085	82.5751	
0.979918	0.125253	0.155152	-0.0202856	0.836677	-0.547321	-0.198365	0.533182	0.822416	4.82163	18.807	83.3554	
0.975902	0.135635	0.170934	-0.017475	0.829411	-0.558365	-0.217508	0.541923	0.811794	4.62555	19.3139	84.126	
0.971517	0.146184	0.186506	-0.0144065	0.822029	-0.569263	-0.23653	0.550362	0.800721	4.41148	19.8289	84.8862	
0.966766	0.156892	0.20186	-0.0110817	0.814535	-0.580009	-0.255421	0.558496	0.789204	4.17953	20.3517	85.6359	
0.961652	0.167755	0.216988	-0.00750253	0.806933	-0.590595	-0.27417	0.566319	0.777247	3.92983	20.882	86.3744	
0.956177	0.178765	0.23188	-0.00367097	0.799228	-0.601017	-0.292766	0.573828	0.764859	3.66253	21.4196	87.1015	
0.950344	0.189918	0.246529	0.000410847	0.791423	-0.611269	-0.3112	0.581017	0.752046	3.37777	21.9641	87.8167	
0.944157	0.201206	0.260927	0.00474066	0.783523	-0.621345	-0.329461	0.587884	0.738815	3.07571	22.5152	88.5196	
