1	0	0	0	1	0	0	0	1	0	0	0	
0.999991	-6.05548e-07	0.00431936	-6.05548e-07	1	0.000280387	-0.00431936	-0.000280387	0.999991	-0.00164703	-0.000106915	0.762624	
0.999963	-2.42371e-06	0.00863862	-2.42678e-06	1	0.000561478	-0.00863862	-0.000561478	0.999963	-0.00658809	-0.00042793	1.52523	
0.999916	-5.45751e-06	0.0129577	-5.4698e-06	1	0.00084327	-0.0129577	-0.00084327	0.999916	-0.0148231	-0.00096358	2.28781	
0.999851	-9.70994e-06	0.0172765	-9.74066e-06	0.999999	0.00112576	-0.0172765	-0.00112576	0.99985	-0.0263518	-0.0017144	3.05035	
0.999767	-1.5184e-05	0.021595	-1.52454e-05	0.999999	0.00140893	-0.021595	-0.00140893	0.999766	-0.0411741	-0.00268091	3.81283	
0.999664	-2.18826e-05	0.0259131	-2.19901e-05	0.999999	0.00169279	-0.0259131	-0.00169279	0.999663	-0.0592895	-0.00386363	4.57524	
0.999543	-2.98087e-05	0.0302306	-2.99807e-05	0.999998	0.00197732	-0.0302306	-0.00197733	0.999541	-0.0806979	-0.0052631	5.33757	
0.999403	-3.89652e-05	0.0345476	-3.92233e-05	0.999997	0.00226253	-0.0345476	-0.00226253	0.9994	-0.105399	-0.00687982	6.09979	
0.999245	-4.9355e-05	0.0388639	-4.97236e-05	0.999997	0.00254841	-0.0388639	-0.00254841	0.999241	-0.133392	-0.0087143	6.8619	
0.999067	-6.09809e-05	0.0431794	-6.14878e-05	0.999996	0.00283494	-0.0431794	-0.00283495	0.999063	-0.164676	-0.010767	7.62388	
0.998872	-7.38459e-05	0.0474941	-7.45216e-05	0.999995	0.00312213	-0.0474941	-0.00312215	0.998867	-0.199251	-0.0130386	8.38572	
0.998657	-8.79526e-05	0.0518079	-8.8831e-05	0.999994	0.00340997	-0.0518079	-0.00341	0.998651	-0.237116	-0.0155294	9.1474	
0.998424	-0.000103304	0.0561208	-0.000104422	0.999993	0.00369846	-0.0561208	-0.00369849	0.998417	-0.278271	-0.0182399	9.90891	
0.998172	-0.000119902	0.0604325	-0.0001213	0.999992	0.00398758	-0.0604325	-0.00398762	0.998164	-0.322714	-0.0211708	10.6702	
0.997902	-0.000137751	0.0647431	-0.000139471	0.999991	0.00427734	-0.0647431	-0.00427739	0.997893	-0.370445	-0.0243223	11.4314	
0.997613	-0.000156853	0.0690524	-0.000158941	0.99999	0.00456772	-0.0690524	-0.00456779	0.997603	-0.421463	-0.0276951	12.1923	
0.997305	-0.00017721	0.0733604	-0.000179715	0.999988	0.00485872	-0.0733604	-0.00485882	0.997294	-0.475767	-0.0312896	12.9529	
0.996979	-0.000198825	0.077667	-0.000201799	0.999987	0.00515034	-0.077667	-0.00515046	0.996966	-0.533356	-0.0351063	13.7134	
0.996635	-0.0002217	0.0819722	-0.0002252	0.999985	0.00544257	-0.0819722	-0.00544271	0.99662	-0.594229	-0.0391456	14.4736	
0.996271	-0.00024584	0.0862757	-0.000249922	0.999984	0.0057354	-0.0862757	-0.00573558	0.996255	-0.658384	-0.043408	15.2335	
0.995889	-0.000271245	0.0905777	-0.000275971	0.999982	0.00602883	-0.0905777	-0.00602904	0.995871	-0.725821	-0.047894	15.9931	
0.995489	-0.000297919	0.0948779	-0.000303353	0.99998	0.00632284	-0.0948778	-0.0063231	0.995469	-0.796537	-0.0526041	16.7524	
0.99507	-0.000325864	0.0991763	-0.000332074	0.999978	0.00661745	-0.0991762	-0.00661775	0.995048	-0.870533	-0.0575386	17.5114	
0.994632	-0.000355082	0.103473	-0.000362139	0.999976	0.00691263	-0.103473	-0.00691299	0.994608	-0.947806	-0.0626981	18.2701	
0.994176	-0.000385577	0.107767	-0.000393553	0.999974	0.00720838	-0.107767	-0.00720881	0.99415	-1.02835	-0.0680829	19.0285	
0.993701	-0.00041735	0.11206	-0.000426322	0.999972	0.0075047	-0.11206	-0.0075052	0.993673	-1.11218	-0.0736936	19.7864	
0.993208	-0.000450405	0.11635	-0.000460451	0.999969	0.00780158	-0.11635	-0.00780216	0.993178	-1.19927	-0.0795305	20.5441	
0.992696	-0.000484743	0.120638	-0.000495946	0.999967	0.00809901	-0.120638	-0.00809969	0.992663	-1.28964	-0.0855941	21.3013	
0.992166	-0.000520366	0.124924	-0.000532813	0.999965	0.00839699	-0.124924	-0.00839777	0.992131	-1.38328	-0.0918848	22.0581	
0.991617	-0.000557278	0.129208	-0.000571056	0.999962	0.00869551	-0.129208	-0.0086964	0.991579	-1.48018	-0.098403	22.8145	
0.99105	-0.000595481	0.133489	-0.000610681	0.999959	0.00899456	-0.133489	-0.00899558	0.99101	-1.58035	-0.105149	23.5705	
0.990464	-0.000634976	0.137767	-0.000651694	0.999957	0.00929415	-0.137767	-0.0092953	0.990421	-1.68378	-0.112124	24.3261	
0.98986	-0.000675766	0.142043	-0.000694099	0.999954	0.00959425	-0.142043	-0.00959556	0.989814	-1.79048	-0.119327	25.0812	
0.989238	-0.000717855	0.146316	-0.000737902	0.999951	0.00989487	-0.146316	-0.00989634	0.989188	-1.90043	-0.12676	25.8358	
0.988597	-0.000761242	0.150587	-0.000783108	0.999948	0.010196	-0.150586	-0.0101977	0.988544	-2.01365	-0.134422	26.5899	
0.987937	-0.000805932	0.154854	-0.000829722	0.999945	0.0104976	-0.154854	-0.0104995	0.987882	-2.13012	-0.142314	27.3436	
0.987259	-0.000851926	0.159119	-0.00087775	0.999941	0.0107998	-0.159119	-0.0108018	0.9872	-2.24984	-0.150436	28.0967	
0.986563	-0.000899226	0.16338	-0.000927196	0.999938	0.0111024	-0.16338	-0.0111047	0.986501	-2.37281	-0.15879	28.8493	
0.985848	-0.000947834	0.167639	-0.000978066	0.999934	0.0114055	-0.167639	-0.011408	0.985783	-2.49903	-0.167374	29.6013	
0.985115	-0.000997753	0.171894	-0.00103037	0.999931	0.011709	-0.171894	-0.0117119	0.985046	-2.6285	-0.17619	30.3528	
0.984363	-0.00104899	0.176146	-0.0010841	0.999927	0.0120131	-0.176146	-0.0120162	0.984291	-2.76121	-0.185238	31.1038	
0.983594	-0.00110153	0.180395	-0.00113927	0.999923	0.0123176	-0.180395	-0.012321	0.983517	-2.89717	-0.194518	31.8541	
0.982806	-0.0011554	0.18464	-0.00119588	0.99992	0.0126225	-0.18464	-0.0126263	0.982725	-3.03636	-0.204031	32.6039	
0.981999	-0.00121058	0.188882	-0.00125395	0.999916	0.0129279	-0.188882	-0.0129321	0.981915	-3.17879	-0.213776	33.353	
0.981174	-0.00126708	0.19312	-0.00131346	0.999912	0.0132338	-0.19312	-0.0132383	0.981086	-3.32445	-0.223755	34.1016	
0.980331	-0.00132491	0.197355	-0.00137444	0.999907	0.01354	-0.197354	-0.013545	0.980239	-3.47334	-0.233968	34.8494	
0.97947	-0.00138406	0.201585	-0.00143688	0.999903	0.0138467	-0.201585	-0.0138521	0.979373	-3.62547	-0.244415	35.5967	
0.97859	-0.00144453	0.205812	-0.00150079	0.999899	0.0141539	-0.205812	-0.0141597	0.978489	-3.78081	-0.255096	36.3432	
0.977693	-0.00150634	0.210036	-0.00156617	0.999894	0.0144614	-0.210035	-0.0144678	0.977587	-3.93938	-0.266013	37.0891	
0.976777	-0.00156947	0.214255	-0.00163302	0.99989	0.0147693	-0.214254	-0.0147762	0.976666	-4.10117	-0.277164	37.8343	
0.975842	-0.00163394	0.21847	-0.00170136	0.999885	0.0150777	-0.218469	-0.0150851	0.975727	-4.26617	-0.28855	38.5788	
0.97489	-0.00169975	0.222681	-0.00177119	0.99988	0.0153864	-0.22268	-0.0153945	0.97477	-4.43439	-0.300173	39.3225	
0.973919	-0.00176688	0.226887	-0.00184251	0.999875	0.0156955	-0.226887	-0.0157042	0.973795	-4.60581	-0.312031	40.0655	
0.973572	-0.00179132	0.228374	-0.0019772	0.999866	0.0162716	-0.228373	-0.0162931	0.973437	-4.77941	-0.324232	40.808	
0.973222	-0.00181666	0.229861	-0.00211341	0.999856	0.0168503	-0.229858	-0.0168848	0.973078	-4.95414	-0.336883	41.5503	
0.97287	-0.00184291	0.231347	-0.00225115	0.999846	0.0174314	-0.231344	-0.0174792	0.972715	-5.13	-0.349987	42.2922	
0.972515	-0.00187007	0.232833	-0.00239039	0.999835	0.0180149	-0.232828	-0.0180763	0.97235	-5.307	-0.363544	43.0339	
0.972158	-0.00189814	0.234318	-0.00253114	0.999824	0.0186007	-0.234312	-0.0186759	0.971982	-5.48512	-0.377558	43.7753	
0.971799	-0.00192714	0.235803	-0.00267339	0.999812	0.0191888	-0.235796	-0.019278	0.971611	-5.66438	-0.392031	44.5164	
0.971437	-0.00195707	0.237288	-0.00281713	0.9998	0.0197791	-0.237279	-0.0198826	0.971238	-5.84477	-0.406963	45.2572	
0.971074	-0.00198792	0.238772	-0.00296234	0.999788	0.0203715	-0.238762	-0.0204895	0.970862	-6.02629	-0.422358	45.9978	
0.970707	-0.0020197	0.240256	-0.00310902	0.999775	0.020966	-0.240244	-0.0210988	0.970483	-6.20894	-0.438216	46.7381	
0.970339	-0.00205243	0.241739	-0.00325716	0.999762	0.0215625	-0.241726	-0.0217103	0.970102	-6.39273	-0.45454	47.478	
0.969968	-0.00208609	0.243222	-0.00340676	0.999749	0.0221609	-0.243207	-0.0223239	0.969717	-6.57764	-0.47133	48.2177	
0.969595	-0.00212069	0.244704	-0.00355779	0.999735	0.0227611	-0.244688	-0.0229397	0.969331	-6.76368	-0.48859	48.9571	
0.96922	-0.00215624	0.246186	-0.00371025	0.99972	0.0233631	-0.246168	-0.0235574	0.968941	-6.95085	-0.50632	49.6962	
0.968843	-0.00219274	0.247668	-0.00386413	0.999705	0.0239669	-0.247647	-0.0241771	0.968549	-7.13915	-0.524522	50.435	
0.968463	-0.00223019	0.249149	-0.00401941	0.99969	0.0245723	-0.249126	-0.0247987	0.968153	-7.32857	-0.543197	51.1735	
0.968081	-0.00226859	0.250629	-0.00417609	0.999674	0.0251792	-0.250605	-0.0254222	0.967756	-7.51913	-0.562347	51.9116	
0.967696	-0.00230796	0.252109	-0.00433415	0.999658	0.0257877	-0.252082	-0.0260473	0.967355	-7.71081	-0.581973	52.6495	
0.967309	-0.00234828	0.253589	-0.00449358	0.999641	0.0263976	-0.25356	-0.0266741	0.966952	-7.90361	-0.602076	53.3871	
0.96692	-0.00238957	0.255067	-0.00465437	0.999624	0.0270088	-0.255036	-0.0273026	0.966546	-8.09755	-0.622658	54.1244	
0.966529	-0.00243182	0.256546	-0.0048165	0.999607	0.0276214	-0.256512	-0.0279325	0.966137	-8.29261	-0.64372	54.8613	
0.966135	-0.00247504	0.258024	-0.00497996	0.999589	0.0282352	-0.257988	-0.0285639	0.965726	-8.48879	-0.665263	55.598	
0.96574	-0.00251923	0.259501	-0.00514474	0.999571	0.0288501	-0.259462	-0.0291967	0.965312	-8.68611	-0.687288	56.3343	
0.965341	-0.00256439	0.260978	-0.00531082	0.999552	0.0294661	-0.260936	-0.0298308	0.964895	-8.88454	-0.709796	57.0703	
0.964941	-0.00261052	0.262454	-0.00547818	0.999532	0.0300831	-0.26241	-0.0304662	0.964475	-9.0841	-0.732788	57.806	
0.964538	-0.00265763	0.26393	-0.00564682	0.999513	0.030701	-0.263883	-0.0311027	0.964053	-9.28478	-0.756265	58.5414	
0.964133	-0.00270572	0.265405	-0.00581671	0.999492	0.0313198	-0.265355	-0.0317403	0.963628	-9.48659	-0.780228	59.2764	
0.963726	-0.00275479	0.266879	-0.00598785	0.999472	0.0319395	-0.266826	-0.0323789	0.963201	-9.68951	-0.804677	60.0112	
0.963317	-0.00280483	0.268353	-0.0061602	0.999451	0.0325598	-0.268297	-0.0330185	0.96277	-9.89356	-0.829614	60.7456	
0.962905	-0.00285586	0.269826	-0.00633377	0.999429	0.0331808	-0.269767	-0.0336589	0.962337	-10.0987	-0.855039	61.4796	
0.962491	-0.00290787	0.271299	-0.00650852	0.999407	0.0338023	-0.271237	-0.0343002	0.961901	-10.305	-0.880953	62.2134	
0.962074	-0.00296087	0.272771	-0.00668445	0.999385	0.0344244	-0.272705	-0.0349422	0.961463	-10.5124	-0.907356	62.9468	
0.961656	-0.00301484	0.274242	-0.00686154	0.999362	0.0350469	-0.274173	-0.0355848	0.961022	-10.721	-0.934249	63.6798	
0.961235	-0.00306981	0.275713	-0.00703976	0.999339	0.0356698	-0.27564	-0.036228	0.960578	-10.9306	-0.961632	64.4126	
0.960812	-0.00312576	0.277183	-0.0072191	0.999315	0.036293	-0.277107	-0.0368718	0.960131	-11.1414	-0.989506	65.145	
0.960387	-0.00318269	0.278653	-0.00739955	0.999291	0.0369164	-0.278573	-0.0375159	0.959682	-11.3533	-1.01787	65.877	
0.959959	-0.00324062	0.280121	-0.00758107	0.999266	0.03754	-0.280038	-0.0381605	0.95923	-11.5663	-1.04673	66.6087	
0.959529	-0.00329953	0.28159	-0.00776366	0.999241	0.0381637	-0.281502	-0.0388053	0.958776	-11.7804	-1.07608	67.3401	
0.959097	-0.00335943	0.283057	-0.00794729	0.999216	0.0387873	-0.282965	-0.0394504	0.958318	-11.9956	-1.10592	68.0711	
0.958663	-0.00342031	0.284524	-0.00813195	0.99919	0.0394109	-0.284428	-0.0400955	0.957859	-12.212	-1.13625	68.8018	
0.958226	-0.00348219	0.28599	-0.00831761	0.999164	0.0400344	-0.28589	-0.0407408	0.957396	-12.4295	-1.16707	69.5321	
0.957788	-0.00354505	0.287455	-0.00850425	0.999137	0.0406577	-0.287351	-0.041386	0.956931	-12.6481	-1.19839	70.262	
0.963059	-0.00274006	0.269278	-0.00910449	0.999045	0.0427276	-0.269138	-0.0436008	0.962114	-12.8603	-1.23079	70.9938	
0.967984	-0.00189327	0.251006	-0.00966533	0.998949	0.0448083	-0.250827	-0.0457998	0.966948	-13.0585	-1.26489	71.7294	
0.972561	-0.00100498	0.232646	-0.0101866	0.998848	0.0468991	-0.232425	-0.0479821	0.97143	-13.2428	-1.30065	72.4686	
0.976789	-7.55062e-05	0.214204	-0.010668	0.998742	0.0489992	-0.213938	-0.050147	0.975559	-13.413	-1.33807	73.211	
0.980666	0.000894801	0.195688	-0.0111095	0.998631	0.0511078	-0.195374	-0.0522936	0.979334	-13.5691	-1.37713	73.9564	
