1	0	0	0	1	0	0	0	1	0	0	0	
0.999995	-1.90626e-06	-0.00329208	-1.90626e-06	0.999999	-0.00115808	0.00329208	0.00115808	0.999994	0.00177323	0.000623786	1.07727	
0.999978	-7.64464e-06	-0.00659214	-7.64674e-06	0.999997	-0.00231961	0.00659214	0.00231961	0.999976	0.00709724	0.002497	2.15453	
0.999951	-1.72447e-05	-0.00989999	-1.72531e-05	0.999994	-0.00348452	0.00989999	0.00348452	0.999945	0.0159805	0.00562332	3.23176	
0.999913	-3.07352e-05	-0.0132155	-3.07563e-05	0.999989	-0.00465276	0.0132155	0.00465276	0.999902	0.0284313	0.0100064	4.30895	
0.999863	-4.81446e-05	-0.0165384	-4.81869e-05	0.999983	-0.00582427	0.0165384	0.00582427	0.999846	0.0444579	0.0156497	5.38609	
0.999803	-6.95005e-05	-0.0198686	-6.95747e-05	0.999976	-0.00699898	0.0198686	0.00699898	0.999778	0.064068	0.0225568	6.46316	
0.999731	-9.483e-05	-0.0232058	-9.4949e-05	0.999967	-0.00817683	0.0232058	0.00817683	0.999697	0.0872695	0.030731	7.54015	
0.999647	-0.00012416	-0.02655	-0.000124339	0.999956	-0.00935776	0.02655	0.00935777	0.999604	0.11407	0.0401758	8.61705	
0.999553	-0.000157515	-0.0299009	-0.000157771	0.999944	-0.0105417	0.0299009	0.0105417	0.999497	0.144476	0.0508944	9.69384	
0.999447	-0.000194922	-0.0332583	-0.000195275	0.999931	-0.0117286	0.0332583	0.0117286	0.999378	0.178496	0.06289	10.7705	
0.999329	-0.000236404	-0.0366221	-0.000236876	0.999917	-0.0129185	0.0366221	0.0129185	0.999246	0.216137	0.0761659	11.847	
0.9992	-0.000281986	-0.0399921	-0.000282601	0.9999	-0.0141111	0.0399921	0.0141111	0.9991	0.257404	0.090725	12.9234	
0.999059	-0.000331692	-0.0433681	-0.000332475	0.999883	-0.0153065	0.0433681	0.0153066	0.998942	0.302305	0.10657	13.9996	
0.998907	-0.000385543	-0.0467499	-0.000386525	0.999864	-0.0165047	0.0467499	0.0165047	0.99877	0.350845	0.123705	15.0757	
0.998742	-0.000443562	-0.0501373	-0.000444773	0.999843	-0.0177055	0.0501373	0.0177055	0.998585	0.403032	0.142132	16.1515	
0.998566	-0.00050577	-0.0535302	-0.000507243	0.999821	-0.0189089	0.0535301	0.0189089	0.998387	0.458872	0.161854	17.2272	
0.998378	-0.000572188	-0.0569283	-0.00057396	0.999798	-0.0201148	0.0569283	0.0201148	0.998176	0.518369	0.182874	18.3026	
0.998178	-0.000642837	-0.0603315	-0.000644945	0.999772	-0.0213232	0.0603315	0.0213232	0.997951	0.581529	0.205194	19.3778	
0.997966	-0.000717736	-0.0637397	-0.00072022	0.999746	-0.022534	0.0637397	0.022534	0.997712	0.648358	0.228817	20.4527	
0.997742	-0.000796903	-0.0671526	-0.000799806	0.999718	-0.0237471	0.0671525	0.0237472	0.99746	0.718862	0.253746	21.5274	
0.997506	-0.000880357	-0.07057	-0.000883725	0.999688	-0.0249625	0.0705699	0.0249626	0.997194	0.793044	0.279983	22.6018	
0.997258	-0.000968115	-0.0739918	-0.000971996	0.999657	-0.0261801	0.0739917	0.0261803	0.996915	0.87091	0.30753	23.6759	
0.996998	-0.00106019	-0.0774177	-0.00106464	0.999624	-0.0273999	0.0774177	0.0274001	0.996622	0.952465	0.33639	24.7497	
0.996726	-0.00115661	-0.0808477	-0.00116167	0.99959	-0.0286218	0.0808476	0.028622	0.996315	1.03771	0.366566	25.8232	
0.996441	-0.00125738	-0.0842815	-0.00126311	0.999554	-0.0298456	0.0842814	0.0298459	0.995995	1.12666	0.398059	26.8963	
0.996144	-0.00136252	-0.0877189	-0.00136897	0.999516	-0.0310715	0.0877188	0.0310718	0.995661	1.2193	0.430871	27.9691	
0.995835	-0.00147204	-0.0911598	-0.00147928	0.999477	-0.0322992	0.0911596	0.0322996	0.995312	1.31565	0.465005	29.0415	
0.995514	-0.00158596	-0.0946039	-0.00159404	0.999436	-0.0335288	0.0946038	0.0335292	0.99495	1.41571	0.500463	30.1135	
0.99518	-0.00170428	-0.0980511	-0.00171328	0.999394	-0.0347602	0.098051	0.0347606	0.994574	1.51948	0.537247	31.1851	
0.994834	-0.00182703	-0.101501	-0.00183701	0.99935	-0.0359932	0.101501	0.0359937	0.994184	1.62697	0.575358	32.2564	
0.994475	-0.00195421	-0.104954	-0.00196524	0.999305	-0.0372279	0.104954	0.0372285	0.99378	1.73817	0.614798	33.3271	
0.994104	-0.00208583	-0.10841	-0.00209798	0.999258	-0.0384642	0.108409	0.0384649	0.993362	1.8531	0.655569	34.3975	
0.993721	-0.00222191	-0.111867	-0.00223525	0.999209	-0.039702	0.111867	0.0397028	0.99293	1.97175	0.697673	35.4674	
0.993325	-0.00236244	-0.115327	-0.00237706	0.999159	-0.0409413	0.115327	0.0409421	0.992483	2.09412	0.741111	36.5368	
0.992916	-0.00250746	-0.118789	-0.00252342	0.999107	-0.0421819	0.118789	0.0421829	0.992023	2.22023	0.785886	37.6057	
0.992495	-0.00265695	-0.122253	-0.00267434	0.999053	-0.0434239	0.122253	0.043425	0.991549	2.35006	0.831997	38.6742	
0.992062	-0.00281093	-0.125718	-0.00282984	0.998998	-0.0446671	0.125718	0.0446683	0.99106	2.48363	0.879448	39.7421	
0.991616	-0.0029694	-0.129185	-0.00298991	0.998941	-0.0459116	0.129185	0.0459129	0.990557	2.62093	0.928238	40.8094	
0.991158	-0.00313237	-0.132653	-0.00315458	0.998883	-0.0471571	0.132653	0.0471586	0.99004	2.76196	0.97837	41.8763	
0.990686	-0.00329985	-0.136123	-0.00332384	0.998822	-0.0484038	0.136122	0.0484054	0.989509	2.90673	1.02984	42.9425	
0.990203	-0.00347185	-0.139593	-0.00349771	0.99876	-0.0496514	0.139592	0.0496532	0.988963	3.05524	1.08266	44.0082	
0.989707	-0.00364835	-0.143064	-0.00367618	0.998697	-0.0509	0.143063	0.050902	0.988404	3.20749	1.13682	45.0733	
0.989198	-0.00382938	-0.146535	-0.00385928	0.998632	-0.0521494	0.146534	0.0521516	0.98783	3.36348	1.19233	46.1378	
0.988677	-0.00401492	-0.150007	-0.00404699	0.998565	-0.0533997	0.150006	0.0534021	0.987242	3.52321	1.24919	47.2016	
0.988143	-0.00420499	-0.153479	-0.00423934	0.998497	-0.0546507	0.153478	0.0546533	0.986639	3.68668	1.30739	48.2648	
0.987597	-0.00439958	-0.156951	-0.00443631	0.998426	-0.0559024	0.15695	0.0559053	0.986023	3.85389	1.36694	49.3274	
0.987038	-0.0045987	-0.160423	-0.00463791	0.998355	-0.0571547	0.160422	0.0571578	0.985392	4.02483	1.42784	50.3892	
0.986466	-0.00480235	-0.163895	-0.00484415	0.998281	-0.0584075	0.163893	0.058411	0.984747	4.19952	1.49009	51.4504	
0.985882	-0.00501051	-0.167366	-0.00505503	0.998206	-0.0596609	0.167364	0.0596646	0.984088	4.37795	1.55369	52.5109	
0.985286	-0.0052232	-0.170836	-0.00527055	0.998129	-0.0609147	0.170835	0.0609187	0.983415	4.56012	1.61864	53.5707	
0.984677	-0.00544041	-0.174306	-0.0054907	0.998051	-0.0621688	0.174304	0.0621732	0.982727	4.74602	1.68494	54.6297	
0.984055	-0.00566214	-0.177774	-0.00571549	0.99797	-0.0634232	0.177772	0.063428	0.982025	4.93566	1.7526	55.688	
0.983421	-0.00588839	-0.181241	-0.00594491	0.997888	-0.0646779	0.181239	0.0646831	0.98131	5.12904	1.8216	56.7455	
0.982775	-0.00611914	-0.184707	-0.00617898	0.997805	-0.0659327	0.184705	0.0659383	0.980579	5.32615	1.89196	57.8023	
0.982116	-0.0063544	-0.188171	-0.00641767	0.99772	-0.0671877	0.188169	0.0671937	0.979835	5.52699	1.96367	58.8582	
0.981444	-0.00659416	-0.191634	-0.00666099	0.997633	-0.0684427	0.191632	0.0684491	0.979077	5.73157	2.03673	59.9134	
0.980761	-0.00683841	-0.195095	-0.00690893	0.997544	-0.0696976	0.195092	0.0697046	0.978305	5.93987	2.11115	60.9677	
0.980065	-0.00708715	-0.198553	-0.00716149	0.997454	-0.0709525	0.19855	0.0709599	0.977519	6.1519	2.18691	62.0212	
0.979356	-0.00734036	-0.202009	-0.00741867	0.997362	-0.0722072	0.202006	0.0722152	0.976718	6.36766	2.26403	63.0738	
0.978635	-0.00759805	-0.205463	-0.00768046	0.997268	-0.0734617	0.20546	0.0734703	0.975904	6.58713	2.34251	64.1255	
0.977902	-0.0078602	-0.208914	-0.00794684	0.997173	-0.0747159	0.208911	0.0747251	0.975076	6.81033	2.42233	65.1764	
0.977157	-0.0081268	-0.212363	-0.00821782	0.997076	-0.0759698	0.212359	0.0759796	0.974233	7.03724	2.5035	66.2264	
0.9764	-0.00839784	-0.215808	-0.00849339	0.996978	-0.0772233	0.215804	0.0772337	0.973377	7.26787	2.58603	67.2754	
0.97563	-0.00867331	-0.21925	-0.00877353	0.996877	-0.0784763	0.219246	0.0784874	0.972507	7.5022	2.66991	68.3236	
0.974848	-0.0089532	-0.222689	-0.00905823	0.996775	-0.0797287	0.222685	0.0797406	0.971624	7.74024	2.75513	69.3707	
0.974055	-0.00923749	-0.226125	-0.00934749	0.996672	-0.0809806	0.22612	0.0809932	0.970726	7.98198	2.84171	70.417	
0.967626	-0.0114335	-0.25213	-0.00975195	0.996534	-0.0826167	0.2522	0.0824008	0.96416	8.23964	2.92973	71.4592	
0.960499	-0.0136666	-0.277949	-0.0102004	0.996393	-0.0842411	0.278098	0.0837487	0.956895	8.5253	3.01923	72.494	
0.952678	-0.0159351	-0.303564	-0.0106924	0.99625	-0.0858527	0.303794	0.0850358	0.948935	8.83874	3.11015	73.5207	
0.944169	-0.0182373	-0.328955	-0.0112277	0.996106	-0.0874502	0.329269	0.0862612	0.940288	9.17975	3.20242	74.5383	
0.934979	-0.0205717	-0.354105	-0.0118059	0.995959	-0.0890325	0.354506	0.087424	0.930958	9.54808	3.29598	75.5463	
0.925114	-0.0229365	-0.378995	-0.0124265	0.99581	-0.0905984	0.379485	0.0885235	0.920953	9.94346	3.39075	76.5439	
0.914582	-0.0253299	-0.403607	-0.0130892	0.995659	-0.0921469	0.404189	0.0895587	0.91028	10.3656	3.48668	77.5303	
0.903389	-0.0277503	-0.427923	-0.0137934	0.995507	-0.0936767	0.4286	0.090529	0.898947	10.8142	3.58369	78.5049	
0.891544	-0.0301959	-0.451926	-0.0145386	0.995353	-0.0951868	0.4527	0.0914337	0.886962	11.2889	3.68171	79.4669	
0.879056	-0.032665	-0.475598	-0.0153243	0.995198	-0.0966762	0.476472	0.092272	0.874334	11.7894	3.78066	80.4156	
0.865933	-0.0351556	-0.498922	-0.0161499	0.995041	-0.0981436	0.499899	0.0930434	0.861072	12.3154	3.88049	81.3504	
0.852186	-0.0376661	-0.521882	-0.0170148	0.994883	-0.0995881	0.522962	0.0937473	0.847185	12.8664	3.98111	82.2706	
0.837824	-0.0401946	-0.544459	-0.0179184	0.994724	-0.101009	0.545647	0.0943832	0.832683	13.442	4.08245	83.1755	
0.822857	-0.0427393	-0.566639	-0.01886	0.994564	-0.102404	0.567936	0.0949507	0.817578	14.0418	4.18443	84.0645	
0.807297	-0.0452983	-0.588405	-0.019839	0.994403	-0.103773	0.589812	0.0954492	0.80188	14.6655	4.287	84.9368	
0.791154	-0.0478698	-0.609741	-0.0208546	0.994241	-0.105116	0.611261	0.0958786	0.7856	15.3125	4.39006	85.7919	
0.774441	-0.0504519	-0.630631	-0.0219061	0.994079	-0.10643	0.632267	0.0962384	0.76875	15.9823	4.49355	86.6292	
0.757169	-0.0530427	-0.651062	-0.0229928	0.993916	-0.107715	0.652814	0.0965285	0.751343	16.6746	4.59738	87.4481	
0.739352	-0.0556403	-0.671017	-0.0241138	0.993752	-0.108971	0.672888	0.0967485	0.733391	17.3887	4.7015	88.2478	
0.721001	-0.058243	-0.690482	-0.0252683	0.993589	-0.110196	0.692473	0.0968984	0.714907	18.1241	4.80581	89.028	
0.70213	-0.0608487	-0.709444	-0.0264555	0.993425	-0.111388	0.711557	0.0969779	0.695904	18.8805	4.91024	89.7879	
0.682754	-0.0634556	-0.727888	-0.0276746	0.993261	-0.112549	0.730124	0.0969872	0.676397	19.657	5.01473	90.5272	
0.662886	-0.0660619	-0.7458	-0.0289246	0.993097	-0.113676	0.748162	0.0969261	0.656399	20.4533	5.11918	91.2451	
0.64254	-0.0686655	-0.76317	-0.0302046	0.992933	-0.114769	0.765657	0.0967947	0.635925	21.2688	5.22353	91.9412	
0.621731	-0.0712647	-0.779982	-0.0315138	0.992769	-0.115826	0.782597	0.0965931	0.61499	22.1028	5.3277	92.6151	
0.600475	-0.0738575	-0.796226	-0.0328512	0.992606	-0.116848	0.798969	0.0963214	0.593608	22.9547	5.43162	93.2661	
0.578786	-0.076442	-0.811889	-0.0342157	0.992444	-0.117834	0.814762	0.0959799	0.571797	23.824	5.53521	93.8939	
0.55668	-0.0790164	-0.82696	-0.0356064	0.992282	-0.118782	0.829963	0.0955687	0.54957	24.71	5.63839	94.4979	
0.534175	-0.0815789	-0.841429	-0.0370224	0.992121	-0.119692	0.844563	0.0950883	0.526945	25.612	5.74109	95.0778	
0.511284	-0.0841275	-0.855284	-0.0384625	0.99196	-0.120564	0.85855	0.0945389	0.503938	26.5294	5.84324	95.6331	
0.488027	-0.0866605	-0.868516	-0.0399258	0.991801	-0.121396	0.871915	0.0939209	0.480565	27.4615	5.94475	96.1634	
0.464418	-0.0891759	-0.881115	-0.0414111	0.991643	-0.122189	0.884647	0.0932348	0.456844	28.4077	6.04557	96.6684	
0.440476	-0.0916719	-0.893072	-0.0429174	0.991486	-0.122941	0.896738	0.0924811	0.432791	29.3673	6.14561	97.1476	
