1	0	0	0	1	0	0	0	1	0	0	0	
0.999999	-2.13452e-06	-0.00118463	-2.13452e-06	0.999994	-0.00360368	0.00118463	0.00360368	0.999993	0.000449622	0.00136776	0.759089	
0.999997	-8.53209e-06	-0.0023678	-8.54095e-06	0.999974	-0.0072104	0.0023678	0.0072104	0.999971	0.00179793	0.0054722	1.51817	
0.999994	-1.91857e-05	-0.00354948	-1.92212e-05	0.999941	-0.0108201	0.00354948	0.0108201	0.999935	0.00404381	0.0123156	2.27722	
0.999989	-3.40881e-05	-0.00472963	-3.41769e-05	0.999896	-0.0144326	0.00472963	0.0144326	0.999885	0.00718611	0.0219002	3.03625	
0.999983	-5.32319e-05	-0.00590824	-5.34095e-05	0.999837	-0.018048	0.00590824	0.018048	0.99982	0.0112237	0.0342281	3.79523	
0.999975	-7.66092e-05	-0.00708527	-7.69204e-05	0.999765	-0.021666	0.00708526	0.021666	0.99974	0.0161553	0.0493013	4.55415	
0.999966	-0.000104212	-0.00826068	-0.00010471	0.99968	-0.0252867	0.00826068	0.0252867	0.999646	0.0219798	0.0671221	5.31301	
0.999955	-0.000136033	-0.00943446	-0.00013678	0.999582	-0.02891	0.00943445	0.02891	0.999537	0.0286959	0.0876922	6.07179	
0.999944	-0.000172062	-0.0106066	-0.000173131	0.999471	-0.0325357	0.0106066	0.0325357	0.999414	0.0363024	0.111014	6.83049	
0.999931	-0.000212292	-0.011777	-0.000213762	0.999346	-0.0361638	0.011777	0.0361638	0.999276	0.044798	0.137088	7.58908	
0.999916	-0.000256714	-0.0129457	-0.000258675	0.999208	-0.0397942	0.0129457	0.0397942	0.999124	0.0541813	0.165918	8.34757	
0.9999	-0.000305317	-0.0141126	-0.000307869	0.999057	-0.0434268	0.0141126	0.0434269	0.998957	0.0644512	0.197504	9.10593	
0.999883	-0.000358094	-0.0152778	-0.000361343	0.998892	-0.0470616	0.0152777	0.0470617	0.998775	0.0756062	0.231849	9.86416	
0.999865	-0.000415035	-0.0164412	-0.000419097	0.998714	-0.0506985	0.0164411	0.0506985	0.998579	0.0876449	0.268953	10.6222	
0.999845	-0.000476128	-0.0176027	-0.000481131	0.998523	-0.0543373	0.0176025	0.0543373	0.998367	0.100566	0.308819	11.3802	
0.999824	-0.000541366	-0.0187623	-0.000547444	0.998318	-0.057978	0.0187622	0.0579781	0.998142	0.114368	0.351448	12.1379	
0.999801	-0.000610737	-0.0199201	-0.000618034	0.998099	-0.0616206	0.0199199	0.0616206	0.997901	0.12905	0.396841	12.8955	
0.999778	-0.000684231	-0.0210759	-0.000692901	0.997868	-0.0652648	0.0210757	0.0652649	0.997645	0.144609	0.445	13.6529	
0.999753	-0.000761837	-0.0222298	-0.000772041	0.997623	-0.0689108	0.0222295	0.0689109	0.997375	0.161046	0.495926	14.4101	
0.999726	-0.000843544	-0.0233818	-0.000855455	0.997364	-0.0725583	0.0233813	0.0725584	0.99709	0.178357	0.54962	15.1671	
0.999699	-0.000929342	-0.0245317	-0.00094314	0.997092	-0.0762073	0.0245312	0.0762075	0.99679	0.196542	0.606083	15.9239	
0.99967	-0.00101922	-0.0256796	-0.00103509	0.996806	-0.0798577	0.025679	0.0798579	0.996475	0.215599	0.665317	16.6804	
0.99964	-0.00111316	-0.0268255	-0.00113131	0.996506	-0.0835094	0.0268247	0.0835097	0.996146	0.235527	0.727323	17.4367	
0.999608	-0.00121116	-0.0279692	-0.0012318	0.996193	-0.0871624	0.0279683	0.0871627	0.995801	0.256323	0.792101	18.1928	
0.999575	-0.00131321	-0.0291109	-0.00133654	0.995867	-0.0908166	0.0291098	0.0908169	0.995442	0.277987	0.859652	18.9485	
0.999541	-0.00141928	-0.0302504	-0.00144554	0.995526	-0.0944718	0.0302492	0.0944722	0.995068	0.300516	0.929978	19.704	
0.999506	-0.00152937	-0.0313878	-0.0015588	0.995173	-0.098128	0.0313863	0.0981285	0.994679	0.32391	1.00308	20.4592	
0.99947	-0.00164347	-0.032523	-0.00167631	0.994805	-0.101785	0.0325213	0.101786	0.994275	0.348166	1.07896	21.2141	
0.999432	-0.00176157	-0.033656	-0.00179807	0.994424	-0.105443	0.033654	0.105444	0.993856	0.373282	1.15761	21.9687	
0.999393	-0.00188364	-0.0347867	-0.00192407	0.994029	-0.109102	0.0347845	0.109103	0.993422	0.399258	1.23904	22.723	
0.999353	-0.00200969	-0.0359152	-0.00205431	0.99362	-0.112761	0.0359127	0.112762	0.992973	0.426091	1.32325	23.4769	
0.999311	-0.00213969	-0.0370414	-0.00218879	0.993197	-0.116421	0.0370385	0.116422	0.992509	0.453779	1.41023	24.2305	
0.999269	-0.00227362	-0.0381653	-0.0023275	0.992761	-0.120082	0.0381621	0.120083	0.99203	0.482321	1.5	24.9837	
0.999225	-0.00241149	-0.0392869	-0.00247043	0.992311	-0.123743	0.0392832	0.123744	0.991536	0.511715	1.59254	25.7366	
0.99918	-0.00255327	-0.0404061	-0.00261759	0.991847	-0.127404	0.0404019	0.127405	0.991028	0.541959	1.68786	26.489	
0.999134	-0.00269895	-0.0415229	-0.00276897	0.99137	-0.131066	0.0415183	0.131067	0.990504	0.573052	1.78597	27.2411	
0.999087	-0.00284851	-0.0426373	-0.00292456	0.990878	-0.134727	0.0426321	0.134729	0.989965	0.604991	1.88685	27.9928	
0.999038	-0.00300195	-0.0437493	-0.00308435	0.990373	-0.138389	0.0437435	0.138391	0.989411	0.637774	1.99051	28.7441	
0.998988	-0.00315924	-0.0448588	-0.00324835	0.989854	-0.142051	0.0448524	0.142053	0.988842	0.671401	2.09695	29.4949	
0.998937	-0.00332037	-0.0459658	-0.00341654	0.989321	-0.145713	0.0459588	0.145715	0.988258	0.705868	2.20617	30.2453	
0.998885	-0.00348532	-0.0470704	-0.00358893	0.988774	-0.149375	0.0470626	0.149377	0.98766	0.741173	2.31817	30.9952	
0.998832	-0.00365409	-0.0481724	-0.00376549	0.988213	-0.153036	0.0481638	0.153039	0.987046	0.777316	2.43295	31.7447	
0.998778	-0.00382665	-0.0492718	-0.00394624	0.987639	-0.156697	0.0492624	0.1567	0.986417	0.814294	2.55051	32.4938	
0.998723	-0.004003	-0.0503687	-0.00413115	0.98705	-0.160358	0.0503584	0.160361	0.985773	0.852105	2.67085	33.2423	
0.998666	-0.0041831	-0.051463	-0.00432023	0.986448	-0.164018	0.0514517	0.164022	0.985114	0.890746	2.79397	33.9903	
0.998608	-0.00436696	-0.0525547	-0.00451347	0.985831	-0.167678	0.0525423	0.167682	0.98444	0.930217	2.91987	34.7379	
0.99855	-0.00455455	-0.0536437	-0.00471086	0.985201	-0.171337	0.0536302	0.171342	0.983751	0.970514	3.04854	35.4849	
0.99849	-0.00474585	-0.0547301	-0.00491239	0.984557	-0.174996	0.0547154	0.175	0.983047	1.01164	3.18	36.2314	
0.998429	-0.00494085	-0.0558138	-0.00511806	0.983899	-0.178653	0.0557978	0.178658	0.982328	1.05358	3.31423	36.9773	
0.998367	-0.00513954	-0.0568948	-0.00532786	0.983227	-0.18231	0.0568774	0.182316	0.981594	1.09635	3.45123	37.7227	
0.998304	-0.00534189	-0.057973	-0.00554178	0.982541	-0.185966	0.0579543	0.185972	0.980844	1.13993	3.59101	38.4676	
0.99824	-0.0055479	-0.0590485	-0.00575981	0.981841	-0.189621	0.0590282	0.189627	0.98008	1.18433	3.73357	39.2118	
0.99829	-0.00538157	-0.0582019	-0.00609469	0.98074	-0.19522	0.0581315	0.195241	0.979031	1.2288	3.87965	39.9554	
0.99834	-0.00521131	-0.0573607	-0.00642493	0.979607	-0.200822	0.0572374	0.200857	0.977947	1.27259	4.02999	40.6982	
0.998388	-0.00503714	-0.0565248	-0.00675049	0.978439	-0.206425	0.0563459	0.206474	0.976828	1.3157	4.18459	41.4401	
0.998436	-0.00485909	-0.0556943	-0.00707139	0.977238	-0.212029	0.0554568	0.212091	0.975675	1.35813	4.34345	42.1812	
0.998483	-0.00467718	-0.0548689	-0.00738759	0.976003	-0.217634	0.0545701	0.217709	0.974487	1.39989	4.50658	42.9213	
0.998528	-0.00449144	-0.0540486	-0.00769909	0.974733	-0.223238	0.0536857	0.223326	0.973264	1.44098	4.67397	43.6606	
0.998573	-0.0043019	-0.0532334	-0.00800589	0.973431	-0.228843	0.0528034	0.228942	0.972007	1.4814	4.84563	44.3989	
0.998617	-0.00410858	-0.0524231	-0.00830796	0.972094	-0.234446	0.0519234	0.234557	0.970715	1.52115	5.02155	45.1363	
0.998659	-0.00391149	-0.0516176	-0.00860529	0.970723	-0.240048	0.0510453	0.240171	0.969388	1.56023	5.20173	45.8726	
0.998701	-0.00371065	-0.0508169	-0.00889788	0.969318	-0.245649	0.0501693	0.245782	0.968026	1.59864	5.38617	46.608	
0.998742	-0.00350609	-0.0500209	-0.00918571	0.967879	-0.251248	0.0492951	0.251391	0.966629	1.63639	5.57487	47.3423	
0.998782	-0.00329781	-0.0492294	-0.00946878	0.966407	-0.256844	0.0484227	0.256997	0.965198	1.67348	5.76783	48.0755	
0.998821	-0.00308583	-0.0484425	-0.00974707	0.9649	-0.262437	0.047552	0.2626	0.963732	1.70991	5.96504	48.8076	
0.998859	-0.00287016	-0.0476599	-0.0100206	0.963359	-0.268027	0.0466829	0.268199	0.962232	1.74568	6.16651	49.5386	
0.998897	-0.0026508	-0.0468817	-0.0102893	0.961785	-0.273613	0.0458154	0.273794	0.960697	1.78078	6.37222	50.2684	
0.998934	-0.00242777	-0.0461077	-0.0105532	0.960176	-0.279195	0.0449493	0.279384	0.959127	1.81523	6.58217	50.9971	
0.998969	-0.00220108	-0.0453378	-0.0108123	0.958534	-0.284772	0.0440846	0.284969	0.957522	1.84902	6.79637	51.7246	
0.999004	-0.00197071	-0.0445719	-0.0110665	0.956858	-0.290345	0.0432211	0.290549	0.955883	1.88216	7.01481	52.4508	
0.999038	-0.00173669	-0.0438099	-0.011316	0.955148	-0.295912	0.0423589	0.296123	0.95421	1.91464	7.23748	53.1757	
0.999072	-0.001499	-0.0430518	-0.0115605	0.953405	-0.301473	0.0414977	0.301691	0.952502	1.94647	7.46437	53.8994	
0.999104	-0.00125764	-0.0422975	-0.0118003	0.951627	-0.307028	0.0406375	0.307252	0.95076	1.97764	7.6955	54.6218	
0.999136	-0.00101261	-0.0415467	-0.0120351	0.949816	-0.312576	0.0397783	0.312806	0.948984	2.00817	7.93084	55.3429	
0.999167	-0.000763909	-0.0407996	-0.0122651	0.947972	-0.318118	0.0389199	0.318353	0.947173	2.03804	8.17039	56.0625	
0.999197	-0.000511522	-0.0400559	-0.0124902	0.946094	-0.323652	0.0380622	0.323892	0.945328	2.06725	8.41415	56.7808	
0.999227	-0.000255443	-0.0393155	-0.0127105	0.944182	-0.329178	0.0372051	0.329423	0.943449	2.09582	8.66212	57.4977	
0.999256	4.34176e-06	-0.0385785	-0.0129258	0.942237	-0.334696	0.0363486	0.334946	0.941536	2.12374	8.91428	58.2131	
0.999284	0.000267845	-0.0378445	-0.0131362	0.940259	-0.340205	0.0354926	0.340459	0.939589	2.15101	9.17062	58.9271	
0.999311	0.000535081	-0.0371137	-0.0133417	0.938248	-0.345706	0.0346369	0.345963	0.937609	2.17762	9.43115	59.6396	
0.999337	0.000806068	-0.0363859	-0.0135422	0.936204	-0.351197	0.0337815	0.351457	0.935594	2.20359	9.69586	60.3506	
0.999363	0.00108083	-0.0356609	-0.0137378	0.934126	-0.356678	0.0329263	0.356941	0.933546	2.22891	9.96473	61.06	
0.999389	0.00135937	-0.0349387	-0.0139285	0.932016	-0.362149	0.0320712	0.362414	0.931465	2.25358	10.2378	61.7679	
0.999413	0.00164174	-0.0342193	-0.0141142	0.929873	-0.36761	0.0312161	0.367877	0.92935	2.2776	10.5149	62.4741	
0.999437	0.00192794	-0.0335024	-0.014295	0.927697	-0.373059	0.0303609	0.373328	0.927202	2.30097	10.7963	63.1788	
0.99946	0.00221801	-0.032788	-0.0144708	0.925489	-0.378498	0.0295055	0.378768	0.925021	2.32369	11.0817	63.8818	
0.999482	0.00251197	-0.0320761	-0.0146415	0.923248	-0.383925	0.0286498	0.384195	0.922807	2.34577	11.3713	64.5831	
0.999504	0.00280985	-0.0313665	-0.0148073	0.920975	-0.389339	0.0277938	0.389611	0.92056	2.36719	11.665	65.2828	
0.999525	0.00311169	-0.0306591	-0.0149681	0.91867	-0.394741	0.0269373	0.395013	0.918281	2.38796	11.9628	65.9807	
0.999545	0.00341752	-0.0299538	-0.0151239	0.916333	-0.400131	0.0260802	0.400402	0.915968	2.40808	12.2647	66.6769	
0.999565	0.00372738	-0.0292506	-0.0152747	0.913964	-0.405507	0.0252225	0.405778	0.913624	2.42756	12.5707	67.3713	
0.999584	0.0040413	-0.0285494	-0.0154204	0.911563	-0.41087	0.0243641	0.41114	0.911247	2.44638	12.8807	68.0639	
0.999603	0.00435933	-0.02785	-0.0155611	0.909131	-0.416219	0.0235048	0.416487	0.908838	2.46455	13.1948	68.7547	
0.99962	0.0046815	-0.0271524	-0.0156967	0.906668	-0.421554	0.0226447	0.42182	0.906397	2.48206	13.513	69.4437	
0.999823	0.00999126	-0.0159511	-0.0159314	0.900514	-0.434535	0.0100226	0.434712	0.900514	2.49446	13.8381	70.1295	
0.999869	0.0154599	-0.00482471	-0.0159847	0.894177	-0.447429	-0.00260306	0.447447	0.894307	2.49728	14.173	70.8107	
0.999758	0.0210854	0.00622268	-0.0158566	0.887657	-0.460231	-0.0152278	0.460021	0.887777	2.49051	14.5174	71.4871	
0.999491	0.0268658	0.0171871	-0.0155471	0.880959	-0.472938	-0.027847	0.47243	0.880928	2.47416	14.8713	72.1585	
0.999068	0.032799	0.0280647	-0.0150564	0.874083	-0.485543	-0.0404562	0.484668	0.873762	2.44823	15.2346	72.8245	
