1	0	0	0	1	0	0	0	1	0	0	0	
0.999987	2.42137e-06	-0.00501957	2.42137e-06	1	0.000964766	0.00501957	-0.000964766	0.999987	0.00229557	-0.000441211	0.914642	
0.99995	9.68123e-06	-0.0100403	9.66789e-06	0.999998	0.00192709	0.0100403	-0.00192709	0.999948	0.00918282	-0.00176373	1.82926	
0.999887	2.17697e-05	-0.015062	2.17163e-05	0.999996	0.00288696	0.015062	-0.00288696	0.999882	0.0206627	-0.00396531	2.74383	
0.999798	3.86768e-05	-0.0200847	3.85433e-05	0.999993	0.00384433	0.0200847	-0.00384433	0.999791	0.0367362	-0.00704369	3.65833	
0.999685	6.03922e-05	-0.025108	6.01251e-05	0.999988	0.00479918	0.025108	-0.00479917	0.999673	0.0574039	-0.0109966	4.57273	
0.999546	8.69056e-05	-0.0301319	8.64381e-05	0.999983	0.00575148	0.0301319	-0.00575147	0.999529	0.0826664	-0.0158216	5.48702	
0.999382	0.000118206	-0.0351563	0.000117458	0.999978	0.0067012	0.0351563	-0.00670119	0.999359	0.112524	-0.0215165	6.40116	
0.999192	0.000154284	-0.0401809	0.000153162	0.999971	0.00764833	0.0401809	-0.00764831	0.999163	0.146978	-0.0280789	7.31513	
0.998978	0.000195126	-0.0452057	0.000193523	0.999963	0.00859282	0.0452057	-0.00859279	0.998941	0.186027	-0.0355064	8.22891	
0.998738	0.000240724	-0.0502305	0.00023852	0.999955	0.00953466	0.0502306	-0.00953461	0.998692	0.229673	-0.0437965	9.14248	
0.998472	0.000291064	-0.0552552	0.000288125	0.999945	0.0104738	0.0552552	-0.0104737	0.998417	0.277914	-0.0529468	10.0558	
0.998181	0.000346137	-0.0602796	0.000342315	0.999935	0.0114103	0.0602797	-0.0114102	0.998116	0.330751	-0.0629548	10.9689	
0.997865	0.000405929	-0.0653036	0.000401065	0.999924	0.012344	0.0653037	-0.0123438	0.997789	0.388183	-0.0738181	11.8816	
0.997524	0.00047043	-0.0703271	0.00046435	0.999912	0.0132749	0.0703271	-0.0132747	0.997436	0.45021	-0.0855341	12.7941	
0.997157	0.000539626	-0.0753498	0.000532143	0.999899	0.0142031	0.0753498	-0.0142028	0.997056	0.516832	-0.0981002	13.7062	
0.996765	0.000613507	-0.0803717	0.00060442	0.999885	0.0151285	0.0803717	-0.0151281	0.99665	0.588047	-0.111514	14.618	
0.996347	0.000692059	-0.0853925	0.000681155	0.999871	0.016051	0.0853926	-0.0160505	0.996218	0.663855	-0.125773	15.5294	
0.995904	0.000775271	-0.0904123	0.000762322	0.999856	0.0169707	0.0904124	-0.0169701	0.99576	0.744255	-0.140874	16.4404	
0.995436	0.000863128	-0.0954308	0.000847895	0.99984	0.0178875	0.0954309	-0.0178867	0.995275	0.829246	-0.156815	17.3509	
0.994942	0.00095562	-0.100448	0.000937847	0.999823	0.0188013	0.100448	-0.0188005	0.994765	0.918826	-0.173593	18.261	
0.994423	0.00105273	-0.105463	0.00103215	0.999805	0.0197123	0.105463	-0.0197112	0.994228	1.01299	-0.191205	19.1706	
0.993878	0.00115445	-0.110477	0.00113079	0.999787	0.0206203	0.110477	-0.020619	0.993665	1.11175	-0.209649	20.0797	
0.993308	0.00126076	-0.115489	0.00123372	0.999768	0.0215253	0.115489	-0.0215237	0.993076	1.21509	-0.228922	20.9883	
0.992713	0.00137166	-0.120499	0.00134093	0.999748	0.0224273	0.120499	-0.0224255	0.99246	1.32301	-0.249021	21.8964	
0.992092	0.00148712	-0.125507	0.00145238	0.999727	0.0233263	0.125507	-0.0233241	0.991819	1.43552	-0.269943	22.8038	
0.991445	0.00160713	-0.130512	0.00156806	0.999705	0.0242222	0.130513	-0.0242197	0.991151	1.5526	-0.291686	23.7107	
0.990774	0.00173168	-0.135515	0.00168792	0.999683	0.0251151	0.135516	-0.0251121	0.990457	1.67426	-0.314247	24.6169	
0.990077	0.00186076	-0.140516	0.00181195	0.99966	0.0260049	0.140517	-0.0260014	0.989737	1.8005	-0.337622	25.5225	
0.989354	0.00199434	-0.145514	0.00194012	0.999636	0.0268915	0.145514	-0.0268876	0.988991	1.93131	-0.36181	26.4274	
0.988606	0.00213243	-0.150509	0.0020724	0.999612	0.0277751	0.15051	-0.0277705	0.988218	2.06669	-0.386806	27.3317	
0.987833	0.00227499	-0.155501	0.00220876	0.999587	0.0286554	0.155502	-0.0286502	0.98742	2.20663	-0.412609	28.2352	
0.987035	0.00242202	-0.16049	0.00234918	0.999561	0.0295326	0.160491	-0.0295267	0.986596	2.35114	-0.439214	29.1379	
0.986211	0.0025735	-0.165475	0.00249362	0.999535	0.0304066	0.165476	-0.0303999	0.985745	2.50022	-0.46662	30.0399	
0.985361	0.00272941	-0.170457	0.00264206	0.999507	0.0312773	0.170459	-0.0312698	0.984869	2.65385	-0.494823	30.9411	
0.984487	0.00288975	-0.175436	0.00279448	0.999479	0.0321449	0.175438	-0.0321364	0.983966	2.81203	-0.523821	31.8415	
0.983587	0.00305449	-0.180411	0.00295083	0.999451	0.0330091	0.180413	-0.0329997	0.983037	2.97477	-0.553609	32.7411	
0.982661	0.00322362	-0.185382	0.00311109	0.999421	0.0338701	0.185384	-0.0338596	0.982083	3.14206	-0.584185	33.6398	
0.981711	0.00339713	-0.190349	0.00327524	0.999391	0.0347278	0.190351	-0.0347161	0.981102	3.31389	-0.615547	34.5376	
0.980735	0.00357499	-0.195312	0.00344325	0.999361	0.0355821	0.195315	-0.0355691	0.980095	3.49027	-0.64769	35.4345	
0.979733	0.0037572	-0.200271	0.00361508	0.99933	0.0364331	0.200274	-0.0364187	0.979063	3.67118	-0.680612	36.3305	
0.978707	0.00394373	-0.205225	0.00379071	0.999298	0.0372808	0.205228	-0.0372649	0.978004	3.85663	-0.714309	37.2255	
0.977655	0.00413457	-0.210175	0.00397011	0.999265	0.038125	0.210178	-0.0381076	0.97692	4.0466	-0.748779	38.1195	
0.976578	0.0043297	-0.21512	0.00415325	0.999232	0.0389659	0.215124	-0.0389467	0.97581	4.2411	-0.784017	39.0126	
0.975476	0.0045291	-0.22006	0.0043401	0.999198	0.0398034	0.220064	-0.0397823	0.974674	4.44012	-0.820022	39.9046	
0.974348	0.00473277	-0.224996	0.00453063	0.999164	0.0406374	0.225	-0.0406143	0.973512	4.64366	-0.856789	40.7955	
0.973196	0.00494068	-0.229926	0.00472482	0.999129	0.0414679	0.22993	-0.0414428	0.972324	4.85171	-0.894316	41.6854	
0.972018	0.00515281	-0.234851	0.00492262	0.999093	0.042295	0.234856	-0.0422676	0.971111	5.06427	-0.932599	42.5742	
0.970815	0.00536915	-0.23977	0.00512402	0.999057	0.0431186	0.239776	-0.0430888	0.969872	5.28133	-0.971634	43.4618	
0.969587	0.00558969	-0.244684	0.00532897	0.99902	0.0439387	0.24469	-0.0439063	0.968607	5.50289	-1.01142	44.3483	
0.968333	0.00581439	-0.249593	0.00553747	0.998983	0.0447553	0.249599	-0.0447201	0.967316	5.72894	-1.05195	45.2337	
0.967055	0.00604325	-0.254495	0.00574946	0.998945	0.0455683	0.254502	-0.0455303	0.966	5.95948	-1.09322	46.1178	
0.965752	0.00627624	-0.259392	0.00596492	0.998906	0.0463778	0.259399	-0.0463367	0.964658	6.1945	-1.13524	47.0008	
0.964423	0.00651336	-0.264282	0.00618383	0.998867	0.0471837	0.26429	-0.0471393	0.96329	6.43399	-1.17799	47.8825	
0.96307	0.00675458	-0.269167	0.00640615	0.998827	0.047986	0.269175	-0.0479382	0.961897	6.67796	-1.22147	48.7629	
0.961692	0.00699987	-0.274044	0.00663185	0.998787	0.0487847	0.274054	-0.0487333	0.960479	6.92639	-1.26568	49.6421	
0.960288	0.00724924	-0.278916	0.0068609	0.998747	0.0495798	0.278926	-0.0495245	0.959035	7.17928	-1.31061	50.5199	
0.95886	0.00750264	-0.283781	0.00709328	0.998705	0.0503713	0.283791	-0.0503119	0.957565	7.43663	-1.35627	51.3964	
0.957407	0.00776008	-0.288639	0.00732894	0.998664	0.0511591	0.28865	-0.0510954	0.95607	7.69842	-1.40265	52.2716	
0.955929	0.00802152	-0.29349	0.00756786	0.998621	0.0519432	0.293502	-0.0518751	0.95455	7.96465	-1.44974	53.1453	
0.954426	0.00828695	-0.298334	0.00781001	0.998579	0.0527237	0.298347	-0.0526508	0.953004	8.23532	-1.49754	54.0177	
0.951924	0.00872148	-0.306211	0.00774132	0.998591	0.0525074	0.306237	-0.0523535	0.950515	8.51181	-1.54556	54.8882	
0.949356	0.00915364	-0.314069	0.00767117	0.998602	0.0522927	0.314109	-0.0520537	0.947959	8.79551	-1.59331	55.7564	
0.946723	0.00958339	-0.321907	0.00759954	0.998614	0.0520795	0.32196	-0.0517512	0.945338	9.0864	-1.64078	56.6223	
0.944024	0.0100107	-0.329725	0.00752639	0.998626	0.0518676	0.329791	-0.0514459	0.942651	9.38446	-1.68798	57.4857	
0.94126	0.0104356	-0.337522	0.00745168	0.998637	0.0516569	0.337601	-0.0511376	0.939899	9.68968	-1.73489	58.3467	
0.938431	0.010858	-0.345297	0.00737538	0.998648	0.0514472	0.345389	-0.0508263	0.937082	10.002	-1.78152	59.2051	
0.935536	0.0112778	-0.35305	0.00729743	0.99866	0.0512384	0.353155	-0.0505117	0.9342	10.3215	-1.82787	60.0608	
0.932578	0.0116951	-0.36078	0.0072178	0.998671	0.0510303	0.360897	-0.0501938	0.931254	10.648	-1.87392	60.914	
0.929554	0.0121098	-0.368486	0.00713642	0.998682	0.0508229	0.368616	-0.0498723	0.928243	10.9817	-1.91968	61.7644	
0.926467	0.0125219	-0.376169	0.00705324	0.998693	0.0506159	0.376311	-0.0495472	0.925168	11.3223	-1.96515	62.612	
0.923315	0.0129313	-0.383826	0.00696821	0.998704	0.0504094	0.383981	-0.0492183	0.922028	11.67	-2.01032	63.4567	
0.920099	0.0133381	-0.391458	0.00688127	0.998715	0.050203	0.391625	-0.0488855	0.918825	12.0247	-2.05518	64.2986	
0.91682	0.0137421	-0.399064	0.00679233	0.998726	0.0499967	0.399243	-0.0485486	0.915559	12.3864	-2.09974	65.1375	
0.913477	0.0141433	-0.406644	0.00670135	0.998737	0.0497904	0.406834	-0.0482075	0.912229	12.7551	-2.14399	65.9734	
0.910072	0.0145417	-0.414196	0.00660825	0.998748	0.049584	0.414398	-0.0478621	0.908836	13.1306	-2.18793	66.8062	
0.906603	0.0149372	-0.42172	0.00651294	0.998759	0.0493772	0.421934	-0.0475122	0.905381	13.5131	-2.23154	67.6359	
0.903072	0.0153299	-0.429216	0.00641536	0.99877	0.0491701	0.429442	-0.0471577	0.901863	13.9025	-2.27484	68.4624	
0.899478	0.0157196	-0.436683	0.00631542	0.998781	0.0489624	0.43692	-0.0467985	0.898282	14.2987	-2.31781	69.2857	
0.889739	0.0166611	-0.456166	0.00323721	0.999078	0.0428047	0.456459	-0.0395617	0.888864	14.7073	-2.3573	70.103	
0.879575	0.0174446	-0.475439	2.51764e-05	0.999326	0.0367134	0.475759	-0.0323042	0.878982	15.1336	-2.39017	70.9115	
0.868994	0.0180697	-0.494492	-0.003319	0.999523	0.0306918	0.494811	-0.0250298	0.86864	15.5775	-2.41639	71.7108	
0.858	0.018536	-0.513314	-0.00679357	0.999671	0.0247431	0.513604	-0.0177423	0.857844	16.0387	-2.43595	72.5004	
0.8466	0.0188433	-0.531896	-0.0103967	0.999768	0.0188703	0.532128	-0.0104456	0.846599	16.5169	-2.44885	73.2799	
0.834798	0.0189914	-0.550228	-0.0141266	0.999815	0.0130765	0.550375	-0.00314342	0.834912	17.012	-2.45506	74.0489	
0.822602	0.0189803	-0.568301	-0.0179812	0.999811	0.00736479	0.568333	0.00416042	0.822788	17.5237	-2.4546	74.8071	
0.810018	0.01881	-0.586104	-0.0219585	0.999757	0.00173808	0.585994	0.0114621	0.810234	18.0516	-2.44745	75.5539	
0.797051	0.0184806	-0.603629	-0.0260565	0.999653	-0.00380065	0.603349	0.0187578	0.797256	18.5955	-2.43363	76.2891	
0.78371	0.0179921	-0.620866	-0.030273	0.999499	-0.00924852	0.620389	0.0260436	0.783862	19.1552	-2.41314	77.0122	
0.770001	0.017345	-0.637807	-0.0346057	0.999294	-0.0146027	0.637104	0.0333159	0.770058	19.7303	-2.38599	77.7229	
0.755931	0.0165395	-0.654443	-0.0390526	0.99904	-0.0198603	0.653486	0.0405707	0.755851	20.3205	-2.3522	78.4207	
0.741507	0.015576	-0.670764	-0.0436111	0.998735	-0.0250187	0.669526	0.0478043	0.741249	20.9256	-2.31178	79.1054	
0.726738	0.0144551	-0.686763	-0.048279	0.998381	-0.0300751	0.685216	0.0550129	0.726259	21.5452	-2.26476	79.7766	
0.71163	0.0131773	-0.702431	-0.0530538	0.997977	-0.0350269	0.700548	0.0621928	0.71089	22.179	-2.21116	80.4339	
0.696192	0.0117433	-0.71776	-0.0579329	0.997524	-0.0398715	0.715514	0.0693401	0.695149	22.8266	-2.151	81.0769	
0.680432	0.0101539	-0.732741	-0.0629139	0.997022	-0.0446064	0.730106	0.0764512	0.679044	23.4877	-2.08433	81.7054	
0.664358	0.00840988	-0.747368	-0.0679941	0.99647	-0.0492291	0.744316	0.0835223	0.662585	24.162	-2.01116	82.319	
0.647978	0.00651213	-0.761631	-0.073171	0.995871	-0.0537372	0.758136	0.0905498	0.645779	24.8492	-1.93155	82.9173	
0.631301	0.00446168	-0.775525	-0.0784416	0.995223	-0.0581283	0.771561	0.0975299	0.628635	25.5488	-1.84553	83.5002	
0.614336	0.00225959	-0.789041	-0.0838035	0.994527	-0.0624001	0.784582	0.104459	0.611163	26.2605	-1.75316	84.0672	
