1	0	0	0	1	0	0	0	1	0	0	0	
0.999998	3.05505e-06	-0.00222022	3.05505e-06	0.999996	0.00275202	0.00222022	-0.00275202	0.999994	0.000885847	-0.00109803	0.797978	
0.99999	1.22355e-05	-0.00444298	1.22377e-05	0.999985	0.00550821	0.00444298	-0.00550821	0.999975	0.0035444	-0.00439378	1.59595	
0.999978	2.75643e-05	-0.00666822	2.75735e-05	0.999966	0.00826851	0.00666822	-0.00826851	0.999944	0.00797766	-0.00989056	2.39389	
0.99996	4.90643e-05	-0.00889587	4.90872e-05	0.999939	0.0110328	0.00889587	-0.0110328	0.9999	0.0141876	-0.0175916	3.19181	
0.999938	7.67577e-05	-0.0111259	7.68035e-05	0.999905	0.0138011	0.0111259	-0.0138011	0.999843	0.0221761	-0.0275001	3.98969	
0.999911	0.000110666	-0.0133582	0.000110747	0.999863	0.0165732	0.0133582	-0.0165732	0.999773	0.0319449	-0.0396192	4.78752	
0.999878	0.000150812	-0.0155927	0.00015094	0.999813	0.0193492	0.0155927	-0.0193492	0.999691	0.043496	-0.0539519	5.58528	
0.999841	0.000197214	-0.0178293	0.000197408	0.999755	0.0221288	0.0178293	-0.0221288	0.999596	0.0568311	-0.0705012	6.38298	
0.999799	0.000249895	-0.0200681	0.000250172	0.99969	0.0249121	0.0200681	-0.0249121	0.999488	0.0719518	-0.0892701	7.1806	
0.999751	0.000308875	-0.0223089	0.000309255	0.999616	0.027699	0.0223089	-0.027699	0.999367	0.0888598	-0.110261	7.97812	
0.999698	0.000374172	-0.0245517	0.00037468	0.999535	0.0304894	0.0245517	-0.0304894	0.999234	0.107557	-0.133478	8.77554	
0.999641	0.000445806	-0.0267963	0.000446468	0.999446	0.0332831	0.0267963	-0.0332832	0.999087	0.128044	-0.158923	9.57285	
0.999578	0.000523797	-0.0290429	0.00052464	0.999349	0.0360803	0.0290429	-0.0360803	0.998927	0.150323	-0.186598	10.37	
0.99951	0.000608162	-0.0312912	0.000609217	0.999244	0.0388806	0.0312912	-0.0388807	0.998754	0.174396	-0.216507	11.1671	
0.999437	0.00069892	-0.0335412	0.00070022	0.999131	0.0416842	0.0335412	-0.0416842	0.998568	0.200264	-0.248651	11.964	
0.999359	0.000796089	-0.0357929	0.000797668	0.999009	0.0444909	0.0357928	-0.0444909	0.998368	0.227927	-0.283034	12.7608	
0.999276	0.000899684	-0.0380461	0.000901582	0.99888	0.0473006	0.0380461	-0.0473006	0.998156	0.257388	-0.319658	13.5574	
0.999187	0.00100972	-0.0403009	0.00101198	0.998743	0.0501133	0.0403009	-0.0501133	0.99793	0.288648	-0.358526	14.3538	
0.999093	0.00112622	-0.0425572	0.00112888	0.998598	0.0529288	0.0425571	-0.0529289	0.997691	0.321707	-0.399638	15.15	
0.998995	0.0012492	-0.0448149	0.0012523	0.998444	0.0557472	0.0448148	-0.0557473	0.997439	0.356568	-0.442999	15.9461	
0.99889	0.00137867	-0.0470739	0.00138227	0.998282	0.0585683	0.0470738	-0.0585683	0.997173	0.393231	-0.48861	16.7419	
0.998781	0.00151465	-0.0493342	0.00151879	0.998113	0.061392	0.049334	-0.0613921	0.996894	0.431696	-0.536473	17.5375	
0.998667	0.00165714	-0.0515957	0.00166188	0.997934	0.0642183	0.0515955	-0.0642184	0.996601	0.471966	-0.58659	18.3329	
0.998547	0.00180618	-0.0538583	0.00181157	0.997748	0.0670471	0.0538581	-0.0670473	0.996295	0.514041	-0.638964	19.128	
0.998422	0.00196176	-0.0561221	0.00196786	0.997554	0.0698783	0.0561219	-0.0698785	0.995976	0.557922	-0.693596	19.9229	
0.998292	0.00212391	-0.0583868	0.00213078	0.997351	0.0727119	0.0583866	-0.0727121	0.995642	0.60361	-0.750488	20.7176	
0.998156	0.00229263	-0.0606526	0.00230033	0.99714	0.0755477	0.0606523	-0.075548	0.995296	0.651105	-0.809643	21.5119	
0.998016	0.00246794	-0.0629192	0.00247654	0.99692	0.0783858	0.0629189	-0.078386	0.994936	0.700409	-0.871061	22.306	
0.99787	0.00264986	-0.0651867	0.00265942	0.996692	0.0812259	0.0651863	-0.0812262	0.994562	0.751522	-0.934745	23.0998	
0.997718	0.00283839	-0.067455	0.00284898	0.996456	0.0840681	0.0674545	-0.0840684	0.994174	0.804444	-1.0007	23.8933	
0.997562	0.00303354	-0.0697239	0.00304524	0.996211	0.0869122	0.0697234	-0.0869126	0.993773	0.859177	-1.06892	24.6865	
0.9974	0.00323533	-0.0719936	0.00324821	0.995958	0.0897582	0.071993	-0.0897587	0.993358	0.91572	-1.13941	25.4793	
0.997233	0.00344376	-0.0742638	0.00345791	0.995697	0.0926061	0.0742631	-0.0926066	0.99293	0.974075	-1.21217	26.2718	
0.99706	0.00365885	-0.0765345	0.00367434	0.995427	0.0954556	0.0765338	-0.0954562	0.992487	1.03424	-1.2872	27.064	
0.996882	0.00388061	-0.0788057	0.00389752	0.995149	0.0983068	0.0788049	-0.0983075	0.992031	1.09622	-1.36451	27.8558	
0.996699	0.00410904	-0.0810774	0.00412746	0.994862	0.10116	0.0810764	-0.10116	0.991561	1.16001	-1.4441	28.6472	
0.996511	0.00434415	-0.0833493	0.00436417	0.994566	0.104014	0.0833483	-0.104015	0.991077	1.22562	-1.52596	29.4383	
0.996317	0.00458596	-0.0856216	0.00460766	0.994262	0.10687	0.0856204	-0.106871	0.99058	1.29303	-1.6101	30.2289	
0.996118	0.00483448	-0.0878941	0.00485796	0.99395	0.109727	0.0878928	-0.109728	0.990068	1.36226	-1.69652	31.0192	
0.995914	0.0050897	-0.0901667	0.00511505	0.993629	0.112585	0.0901652	-0.112586	0.989543	1.43331	-1.78522	31.809	
0.995704	0.00535163	-0.0924394	0.00537896	0.993299	0.115445	0.0924378	-0.115446	0.989003	1.50616	-1.87621	32.5985	
0.995489	0.00562029	-0.0947122	0.00564969	0.992961	0.118305	0.0947104	-0.118307	0.98845	1.58083	-1.96947	33.3874	
0.995268	0.00589568	-0.0969849	0.00592726	0.992614	0.121167	0.096983	-0.121168	0.987883	1.65732	-2.06502	34.176	
0.995043	0.00617781	-0.0992576	0.00621167	0.992259	0.124029	0.0992555	-0.124031	0.987302	1.73561	-2.16285	34.9641	
0.994811	0.00646668	-0.10153	0.00650293	0.991895	0.126893	0.101528	-0.126895	0.986707	1.81572	-2.26297	35.7517	
0.994575	0.0067623	-0.103802	0.00680105	0.991522	0.129757	0.1038	-0.129759	0.986097	1.89765	-2.36537	36.5388	
0.994333	0.00706467	-0.106074	0.00710603	0.991141	0.132622	0.106072	-0.132625	0.985474	1.98138	-2.47006	37.3254	
0.994086	0.0073738	-0.108346	0.00741789	0.990751	0.135488	0.108343	-0.135491	0.984837	2.06693	-2.57704	38.1116	
0.993833	0.00768969	-0.110617	0.00773663	0.990353	0.138354	0.110614	-0.138357	0.984186	2.1543	-2.6863	38.8972	
0.993575	0.00801235	-0.112888	0.00806225	0.989945	0.141221	0.112885	-0.141224	0.983521	2.24347	-2.79785	39.6823	
0.993312	0.00834177	-0.115159	0.00839477	0.989529	0.144089	0.115155	-0.144092	0.982841	2.33446	-2.91169	40.4668	
0.993043	0.00867797	-0.117428	0.00873418	0.989104	0.146956	0.117424	-0.14696	0.982148	2.42725	-3.02781	41.2509	
0.992769	0.00902094	-0.119698	0.0090805	0.988671	0.149824	0.119693	-0.149828	0.98144	2.52186	-3.14623	42.0343	
0.99249	0.00937069	-0.121966	0.00943372	0.988229	0.152692	0.121961	-0.152696	0.980719	2.61828	-3.26693	42.8172	
0.992205	0.00972722	-0.124234	0.00979386	0.987778	0.15556	0.124229	-0.155565	0.979983	2.71651	-3.38993	43.5995	
0.991849	0.0101769	-0.127014	0.0105242	0.986857	0.161255	0.126986	-0.161277	0.978705	2.81674	-3.51634	44.381	
0.991484	0.0106437	-0.129795	0.0112707	0.985902	0.166943	0.129742	-0.166984	0.977386	2.91917	-3.64732	45.1615	
0.99111	0.0111276	-0.132578	0.0120335	0.984914	0.172624	0.132499	-0.172685	0.976025	3.0238	-3.78284	45.9408	
0.990728	0.0116285	-0.135361	0.0128124	0.983893	0.178299	0.135254	-0.17838	0.974621	3.13063	-3.92291	46.7191	
0.990338	0.0121465	-0.138145	0.0136076	0.982838	0.183967	0.138009	-0.184069	0.973176	3.23966	-4.06753	47.4963	
0.989938	0.0126816	-0.140929	0.0144189	0.98175	0.189627	0.140762	-0.189751	0.97169	3.35089	-4.21668	48.2723	
0.989531	0.0132338	-0.143713	0.0152464	0.980629	0.19528	0.143513	-0.195427	0.970161	3.46431	-4.37036	49.0471	
0.989115	0.0138031	-0.146496	0.0160901	0.979475	0.200925	0.146263	-0.201095	0.968591	3.57993	-4.52857	49.8206	
0.98869	0.0143895	-0.149279	0.01695	0.978287	0.206561	0.14901	-0.206755	0.966979	3.69774	-4.6913	50.5929	
0.988257	0.014993	-0.152061	0.017826	0.977066	0.212189	0.151755	-0.212408	0.965325	3.81775	-4.85854	51.3639	
0.987816	0.0156135	-0.154842	0.0187181	0.975812	0.217808	0.154498	-0.218053	0.96363	3.93994	-5.03029	52.1335	
0.987366	0.0162512	-0.157622	0.0196263	0.974525	0.223418	0.157237	-0.223689	0.961894	4.06432	-5.20654	52.9018	
0.986907	0.0169059	-0.160399	0.0205507	0.973205	0.229019	0.159973	-0.229317	0.960116	4.19088	-5.38729	53.6686	
0.986441	0.0175776	-0.163175	0.021491	0.971852	0.23461	0.162706	-0.234935	0.958296	4.31963	-5.57252	54.4341	
0.985965	0.0182663	-0.165948	0.0224475	0.970466	0.240191	0.165435	-0.240545	0.956436	4.45055	-5.76223	55.198	
0.985482	0.018972	-0.168719	0.0234199	0.969047	0.245761	0.16816	-0.246144	0.954534	4.58365	-5.95642	55.9605	
0.984989	0.0196947	-0.171487	0.0244084	0.967596	0.251321	0.17088	-0.251734	0.952591	4.71893	-6.15507	56.7214	
0.984489	0.0204342	-0.174253	0.0254127	0.966112	0.25687	0.173596	-0.257314	0.950607	4.85637	-6.35817	57.4808	
0.98398	0.0211907	-0.177014	0.0264331	0.964595	0.262408	0.176308	-0.262884	0.948582	4.99598	-6.56573	58.2385	
0.983463	0.021964	-0.179772	0.0274693	0.963045	0.267935	0.179014	-0.268442	0.946516	5.13775	-6.77772	58.9946	
0.982938	0.0227541	-0.182527	0.0285214	0.961463	0.27345	0.181715	-0.27399	0.944409	5.28168	-6.99415	59.7491	
0.982404	0.0235609	-0.185277	0.0295892	0.959849	0.278953	0.18441	-0.279527	0.942262	5.42776	-7.215	60.5019	
0.981862	0.0243844	-0.188022	0.0306729	0.958202	0.284444	0.1871	-0.285052	0.940074	5.57599	-7.44026	61.2529	
0.981312	0.0252246	-0.190764	0.0317723	0.956523	0.289922	0.189783	-0.290565	0.937846	5.72636	-7.66992	62.0022	
0.980754	0.0260814	-0.1935	0.0328875	0.954811	0.295387	0.19246	-0.296066	0.935577	5.87887	-7.90398	62.7497	
0.980187	0.0269547	-0.196231	0.0340182	0.953068	0.300839	0.19513	-0.301554	0.933268	6.03352	-8.14243	63.4953	
0.979613	0.0278445	-0.198956	0.0351646	0.951292	0.306278	0.197794	-0.30703	0.930919	6.19029	-8.38525	64.2391	
0.97903	0.0287507	-0.201676	0.0363266	0.949485	0.311704	0.20045	-0.312493	0.92853	6.34919	-8.63243	64.981	
0.97844	0.0296733	-0.20439	0.0375041	0.947645	0.317115	0.203099	-0.317943	0.926101	6.5102	-8.88397	65.721	
0.977841	0.0306121	-0.207098	0.038697	0.945774	0.322512	0.205741	-0.32338	0.923632	6.67332	-9.13986	66.459	
0.977235	0.0315671	-0.209799	0.0399053	0.943871	0.327895	0.208374	-0.328803	0.921124	6.83855	-9.40007	67.1951	
0.97662	0.0325382	-0.212494	0.041129	0.941936	0.333263	0.211	-0.334211	0.918576	7.00588	-9.66461	67.9291	
0.975998	0.0335254	-0.215182	0.042368	0.93997	0.338616	0.213617	-0.339606	0.915989	7.17529	-9.93345	68.6611	
0.975369	0.0345285	-0.217862	0.0436222	0.937973	0.343954	0.216225	-0.344986	0.913363	7.3468	-10.2066	69.391	
0.974731	0.0355475	-0.220535	0.0448917	0.935944	0.349276	0.218824	-0.350351	0.910698	7.52038	-10.484	70.1187	
0.973839	0.0370031	-0.224208	0.0491959	0.928923	0.366989	0.221852	-0.368419	0.902801	7.69621	-10.7708	70.8423	
0.972934	0.0385316	-0.227848	0.0535584	0.921551	0.384545	0.224791	-0.38634	0.894545	7.87442	-11.072	71.5595	
0.972018	0.0401324	-0.231454	0.0579774	0.913831	0.401935	0.22764	-0.404107	0.885933	8.05494	-11.3874	72.2699	
0.97109	0.0418049	-0.235024	0.0624513	0.905765	0.419154	0.230399	-0.421714	0.876968	8.2377	-11.7169	72.9733	
0.970152	0.0435483	-0.238557	0.0669781	0.897356	0.436194	0.233066	-0.439153	0.867655	8.42263	-12.0604	73.6694	
0.969202	0.045362	-0.242052	0.0715561	0.888609	0.453049	0.235641	-0.456417	0.857996	8.60964	-12.4177	74.358	
0.968243	0.0472452	-0.245507	0.0761835	0.879526	0.469712	0.238121	-0.473499	0.847996	8.79867	-12.7887	75.0387	
0.967274	0.0491973	-0.24892	0.0808584	0.870112	0.486177	0.240507	-0.490393	0.837658	8.98965	-13.1733	75.7112	
0.966295	0.0512173	-0.252292	0.085579	0.860369	0.502436	0.242797	-0.507092	0.826987	9.18249	-13.5713	76.3754	
