1	0	0	0	1	0	0	0	1	0	0	0	
1	1.04646e-07	-0.000272543	1.04646e-07	1	0.000767922	0.000272543	-0.000767922	1	0.000120786	-0.000340329	0.886364	
1	4.20565e-07	-0.000546372	4.20573e-07	0.999999	0.00153949	0.000546372	-0.00153949	0.999999	0.000483715	-0.00136293	1.77273	
1	9.50718e-07	-0.000821477	9.50747e-07	0.999997	0.00231469	0.000821477	-0.00231469	0.999997	0.00108992	-0.00307104	2.65909	
0.999999	1.69805e-06	-0.00109785	1.69812e-06	0.999995	0.00309347	0.00109785	-0.00309347	0.999995	0.00194053	-0.00546784	3.54545	
0.999999	2.66547e-06	-0.00137547	2.66562e-06	0.999992	0.00387581	0.00137547	-0.00387581	0.999992	0.00303666	-0.0085565	4.43181	
0.999999	3.85589e-06	-0.00165433	3.85615e-06	0.999989	0.00466169	0.00165433	-0.00466169	0.999988	0.00437941	-0.0123402	5.31816	
0.999998	5.27218e-06	-0.00193443	5.2726e-06	0.999985	0.00545106	0.00193443	-0.00545106	0.999983	0.00596989	-0.0168219	6.20451	
0.999998	6.91722e-06	-0.00221575	6.91784e-06	0.999981	0.00624389	0.00221575	-0.00624389	0.999978	0.00780917	-0.0220049	7.09086	
0.999997	8.79382e-06	-0.00249828	8.79472e-06	0.999975	0.00704017	0.00249828	-0.00704017	0.999972	0.00989834	-0.0278922	7.9772	
0.999996	1.09048e-05	-0.002782	1.09061e-05	0.999969	0.00783985	0.002782	-0.00783985	0.999965	0.0122385	-0.0344867	8.86354	
0.999995	1.3253e-05	-0.00306692	1.32546e-05	0.999963	0.0086429	0.00306692	-0.0086429	0.999958	0.0148306	-0.0417916	9.74986	
0.999994	1.58411e-05	-0.00335301	1.58433e-05	0.999955	0.0094493	0.00335301	-0.0094493	0.99995	0.0176758	-0.0498097	10.6362	
0.999993	1.86719e-05	-0.00364026	1.86747e-05	0.999947	0.010259	0.00364026	-0.010259	0.999941	0.0207751	-0.0585441	11.5225	
0.999992	2.17481e-05	-0.00392867	2.17516e-05	0.999939	0.011072	0.00392867	-0.011072	0.999931	0.0241295	-0.0679976	12.4088	
0.999991	2.50724e-05	-0.00421822	2.50767e-05	0.999929	0.0118882	0.00421822	-0.0118882	0.99992	0.02774	-0.0781732	13.2951	
0.99999	2.86475e-05	-0.0045089	2.86528e-05	0.999919	0.0127077	0.0045089	-0.0127077	0.999909	0.0316077	-0.0890736	14.1814	
0.999988	3.2476e-05	-0.0048007	3.24823e-05	0.999908	0.0135303	0.0048007	-0.0135303	0.999897	0.0357336	-0.100702	15.0677	
0.999987	3.65605e-05	-0.00509361	3.65681e-05	0.999897	0.0143561	0.00509361	-0.0143561	0.999884	0.0401186	-0.113061	15.9539	
0.999985	4.09037e-05	-0.00538761	4.09126e-05	0.999885	0.015185	0.00538761	-0.015185	0.99987	0.0447637	-0.126153	16.8402	
0.999984	4.5508e-05	-0.0056827	4.55185e-05	0.999872	0.016017	0.0056827	-0.016017	0.999856	0.0496698	-0.139981	17.7264	
0.999982	5.0376e-05	-0.00597886	5.03882e-05	0.999858	0.0168521	0.00597886	-0.0168521	0.99984	0.054838	-0.154548	18.6127	
0.99998	5.55103e-05	-0.00627609	5.55243e-05	0.999844	0.0176901	0.00627609	-0.0176901	0.999824	0.0602692	-0.169856	19.4989	
0.999978	6.09132e-05	-0.00657436	6.09294e-05	0.999828	0.0185312	0.00657436	-0.0185312	0.999807	0.0659643	-0.185909	20.3851	
0.999976	6.65873e-05	-0.00687367	6.66057e-05	0.999812	0.0193752	0.00687367	-0.0193752	0.999789	0.0719242	-0.202708	21.2713	
0.999974	7.25349e-05	-0.00717401	7.25558e-05	0.999796	0.0202222	0.00717401	-0.0202222	0.99977	0.0781499	-0.220257	22.1574	
0.999972	7.87585e-05	-0.00747537	7.87821e-05	0.999778	0.021072	0.00747537	-0.021072	0.99975	0.0846422	-0.238558	23.0436	
0.99997	8.52604e-05	-0.00777772	8.52869e-05	0.99976	0.0219247	0.00777772	-0.0219247	0.999729	0.0914021	-0.257613	23.9297	
0.999967	9.20429e-05	-0.00808107	9.20725e-05	0.99974	0.0227802	0.00808107	-0.0227802	0.999708	0.0984304	-0.277426	24.8158	
0.999965	9.91082e-05	-0.0083854	9.91413e-05	0.999721	0.0236385	0.0083854	-0.0236385	0.999685	0.105728	-0.297998	25.7019	
0.999962	0.000106459	-0.00869069	0.000106496	0.9997	0.0244996	0.00869069	-0.0244996	0.999662	0.113296	-0.319332	26.588	
0.99996	0.000114097	-0.00899694	0.000114137	0.999678	0.0253634	0.00899694	-0.0253634	0.999638	0.121135	-0.34143	27.4741	
0.999957	0.000122024	-0.00930414	0.000122069	0.999656	0.0262299	0.00930414	-0.0262299	0.999613	0.129245	-0.364295	28.3601	
0.999954	0.000130243	-0.00961226	0.000130293	0.999633	0.027099	0.00961226	-0.027099	0.999587	0.137629	-0.38793	29.2461	
0.999951	0.000138757	-0.0099213	0.000138811	0.999609	0.0279708	0.0099213	-0.0279708	0.99956	0.146286	-0.412336	30.1321	
0.999948	0.000147566	-0.0102313	0.000147625	0.999584	0.0288451	0.0102313	-0.0288451	0.999532	0.155217	-0.437515	31.018	
0.999944	0.000156673	-0.0105421	0.000156738	0.999558	0.029722	0.0105421	-0.029722	0.999503	0.164423	-0.463471	31.904	
0.999941	0.00016608	-0.0108538	0.000166151	0.999532	0.0306014	0.0108538	-0.0306014	0.999473	0.173906	-0.490205	32.7899	
0.999938	0.000175789	-0.0111664	0.000175866	0.999504	0.0314834	0.0111664	-0.0314834	0.999442	0.183665	-0.51772	33.6758	
0.999934	0.000185802	-0.0114799	0.000185885	0.999476	0.0323677	0.0114799	-0.0323677	0.99941	0.193701	-0.546018	34.5616	
0.99993	0.000196121	-0.0117942	0.000196211	0.999447	0.0332545	0.0117942	-0.0332545	0.999377	0.204016	-0.5751	35.4474	
0.999927	0.000206748	-0.0121093	0.000206845	0.999417	0.0341437	0.0121093	-0.0341437	0.999344	0.214609	-0.60497	36.3332	
0.999923	0.000217684	-0.0124253	0.000217789	0.999386	0.0350352	0.0124253	-0.0350352	0.999309	0.225483	-0.635629	37.219	
0.999919	0.000228931	-0.0127421	0.000229045	0.999354	0.035929	0.0127421	-0.035929	0.999273	0.236636	-0.667079	38.1047	
0.999915	0.000240492	-0.0130596	0.000240614	0.999322	0.0368251	0.0130596	-0.0368251	0.999236	0.248071	-0.699322	38.9905	
0.99991	0.000252368	-0.013378	0.000252498	0.999288	0.0377235	0.013378	-0.0377235	0.999199	0.259788	-0.732361	39.8761	
0.999906	0.00026456	-0.0136971	0.0002647	0.999254	0.0386241	0.0136971	-0.0386241	0.99916	0.271787	-0.766197	40.7618	
0.999902	0.00027707	-0.014017	0.00027722	0.999218	0.0395268	0.014017	-0.0395268	0.99912	0.284069	-0.800832	41.6474	
0.999897	0.0002899	-0.0143376	0.00029006	0.999182	0.0404317	0.0143376	-0.0404317	0.999079	0.296636	-0.836268	42.5329	
0.999893	0.000303052	-0.014659	0.000303223	0.999145	0.0413387	0.014659	-0.0413387	0.999038	0.309486	-0.872507	43.4185	
0.999888	0.000316526	-0.0149811	0.000316708	0.999107	0.0422477	0.0149811	-0.0422477	0.998995	0.322622	-0.909551	44.3039	
0.999883	0.000330325	-0.0153039	0.000330518	0.999068	0.0431588	0.0153039	-0.0431588	0.998951	0.336044	-0.947402	45.1894	
0.999878	0.000344449	-0.0156274	0.000344655	0.999028	0.0440719	0.0156273	-0.0440719	0.998906	0.349752	-0.986061	46.0748	
0.999873	0.000358901	-0.0159515	0.000359119	0.998988	0.044987	0.0159515	-0.044987	0.99886	0.363747	-1.02553	46.9602	
0.999867	0.000373681	-0.0162764	0.000373913	0.998946	0.045904	0.0162764	-0.045904	0.998813	0.37803	-1.06581	47.8455	
0.999862	0.000388791	-0.0166019	0.000389037	0.998903	0.0468228	0.0166019	-0.0468228	0.998765	0.392601	-1.10691	48.7308	
0.999857	0.000404232	-0.016928	0.000404492	0.99886	0.0477436	0.016928	-0.0477436	0.998716	0.407461	-1.14882	49.6161	
0.999851	0.000420006	-0.0172548	0.000420281	0.998815	0.0486661	0.0172548	-0.0486661	0.998666	0.42261	-1.19154	50.5013	
0.999845	0.000436113	-0.0175822	0.000436403	0.99877	0.0495905	0.0175822	-0.0495905	0.998615	0.438049	-1.23509	51.3864	
0.999839	0.000452554	-0.0179103	0.000452861	0.998723	0.0505166	0.0179103	-0.0505166	0.998563	0.453779	-1.27945	52.2715	
0.999876	0.000338963	-0.0157298	0.000503381	0.998567	0.053516	0.0157254	-0.0535173	0.998443	0.468686	-1.32556	53.1566	
0.999908	0.00021891	-0.0135513	0.000547383	0.998401	0.056518	0.013542	-0.0565203	0.99831	0.481657	-1.37433	54.0415	
0.999935	9.23971e-05	-0.0113748	0.000584859	0.998227	0.0595225	0.0113601	-0.0595253	0.998162	0.492693	-1.42576	54.9263	
0.999958	-4.05759e-05	-0.00920008	0.000615797	0.998043	0.0625293	0.00917953	-0.0625323	0.998001	0.501796	-1.47985	55.811	
0.999975	-0.000180008	-0.00702724	0.000640188	0.99785	0.0655381	0.00700033	-0.065541	0.997825	0.508966	-1.53661	56.6955	
0.999988	-0.000325899	-0.00485619	0.000658026	0.997648	0.0685488	0.00482242	-0.0685511	0.997636	0.514206	-1.59604	57.5798	
0.999996	-0.00047825	-0.00268688	0.000669302	0.997436	0.0715611	0.00264577	-0.0715627	0.997433	0.517516	-1.65813	58.464	
1	-0.00063706	-0.000519269	0.000674011	0.997215	0.074575	0.000470315	-0.0745753	0.997215	0.518897	-1.7229	59.348	
0.999998	-0.000802331	0.0016467	0.000672146	0.996985	0.0775902	-0.00170398	-0.077589	0.996984	0.51835	-1.79034	60.2318	
0.999992	-0.000974063	0.00381106	0.000663702	0.996746	0.0806065	-0.00387718	-0.0806034	0.996739	0.515876	-1.86044	61.1154	
0.999981	-0.00115226	0.00597388	0.000648675	0.996497	0.0836238	-0.00604931	-0.0836184	0.996479	0.511477	-1.93322	61.9987	
0.999966	-0.00133692	0.00813519	0.000627063	0.996239	0.0866418	-0.00822043	-0.0866338	0.996206	0.505153	-2.00868	62.8819	
0.999946	-0.00152804	0.010295	0.000598863	0.995972	0.0896604	-0.0103906	-0.0896494	0.995919	0.496905	-2.0868	63.7647	
0.999921	-0.00172564	0.0124535	0.000564072	0.995696	0.0926794	-0.0125598	-0.092665	0.995618	0.486734	-2.1676	64.6473	
0.999891	-0.0019297	0.0146106	0.00052269	0.99541	0.0956985	-0.0147282	-0.0956805	0.995303	0.47464	-2.25107	65.5297	
0.999857	-0.00214024	0.0167664	0.000474718	0.995115	0.0987177	-0.0168958	-0.0986957	0.994974	0.460625	-2.33722	66.4117	
0.999818	-0.00235726	0.0189209	0.000420155	0.994811	0.101737	-0.0190626	-0.10171	0.994631	0.444689	-2.42603	67.2935	
0.999775	-0.00258076	0.0210742	0.000359004	0.994498	0.104755	-0.0212286	-0.104724	0.994275	0.426833	-2.51752	68.175	
0.999726	-0.00281074	0.0232264	0.000291266	0.994175	0.107773	-0.023394	-0.107737	0.993904	0.407057	-2.61168	69.0561	
0.999673	-0.00304722	0.0253774	0.000216944	0.993844	0.110791	-0.0255588	-0.110749	0.99352	0.385362	-2.70851	69.9369	
0.999616	-0.00329018	0.0275274	0.000136043	0.993503	0.113807	-0.027723	-0.11376	0.993121	0.361748	-2.80801	70.8173	
0.999553	-0.00353965	0.0296763	4.85676e-05	0.993153	0.116823	-0.0298866	-0.116769	0.992709	0.336217	-2.91017	71.6974	
0.998901	-0.00564479	0.0465392	-0.000496696	0.991394	0.130908	-0.0468777	-0.130787	0.990302	0.302195	-3.01989	72.5763	
0.997959	-0.00798779	0.063357	-0.00128317	0.989437	0.144956	-0.0638457	-0.144741	0.987408	0.253122	-3.142	73.4528	
0.996729	-0.0105675	0.0801215	-0.00231048	0.987282	0.158959	-0.0807823	-0.158624	0.984029	0.189023	-3.27646	74.3265	
0.995212	-0.0133827	0.0968244	-0.00357811	0.984931	0.172911	-0.0976793	-0.17243	0.980167	0.109929	-3.42318	75.1971	
0.993407	-0.0164319	0.113457	-0.00508544	0.982384	0.186805	-0.114528	-0.18615	0.975823	0.0158783	-3.5821	76.064	
0.991316	-0.0197138	0.130013	-0.00683173	0.979643	0.200633	-0.131321	-0.199779	0.971001	-0.0930822	-3.75315	76.9268	
0.988941	-0.0232265	0.146482	-0.00881612	0.976708	0.21439	-0.148049	-0.21331	0.965702	-0.216899	-3.93623	77.7851	
0.986281	-0.0269685	0.162857	-0.0110376	0.973583	0.228068	-0.164705	-0.226736	0.959929	-0.355512	-4.13126	78.6386	
0.983339	-0.030938	0.179129	-0.0134952	0.970267	0.24166	-0.18128	-0.240051	0.953684	-0.508853	-4.33814	79.4867	
0.980116	-0.0351328	0.195292	-0.0161876	0.966763	0.255161	-0.197766	-0.253248	0.946971	-0.676846	-4.55677	80.3291	
0.976613	-0.0395511	0.211336	-0.0191135	0.963073	0.268562	-0.214154	-0.266321	0.939793	-0.859408	-4.78704	81.1653	
0.972832	-0.0441905	0.227255	-0.0222715	0.959197	0.281859	-0.230438	-0.279263	0.932154	-1.05645	-5.02884	81.9949	
0.968776	-0.0490489	0.243039	-0.02566	0.955139	0.295044	-0.246608	-0.292068	0.924057	-1.26788	-5.28206	82.8176	
0.964445	-0.0541239	0.258683	-0.0292773	0.9509	0.30811	-0.262657	-0.304729	0.915506	-1.49358	-5.54656	83.6329	
0.959842	-0.0594129	0.274176	-0.0331218	0.946482	0.321052	-0.278578	-0.317241	0.906506	-1.73346	-5.82221	84.4404	
0.95497	-0.0649134	0.289513	-0.0371914	0.941888	0.333863	-0.294361	-0.329597	0.89706	-1.98739	-6.10889	85.2397	
0.949831	-0.0706227	0.304686	-0.0414842	0.937119	0.346537	-0.31	-0.341791	0.887175	-2.25524	-6.40645	86.0305	
0.944427	-0.0765379	0.319687	-0.0459981	0.932178	0.359067	-0.325487	-0.353817	0.876853	-2.53689	-6.71474	86.8123	
