1	0	0	0	1	0	0	0	1	0	0	0	
0.999993	-4.65402e-06	0.00360759	-4.65402e-06	0.999997	0.00258012	-0.00360759	-0.00258012	0.99999	-0.00165621	-0.00118451	0.918179	
0.999974	-1.86356e-05	0.00721811	-1.86439e-05	0.999987	0.00516462	-0.00721811	-0.00516462	0.999961	-0.0066262	-0.00474005	1.83634	
0.999941	-4.19758e-05	0.0108315	-4.20087e-05	0.99997	0.00775342	-0.0108315	-0.00775342	0.999911	-0.0149126	-0.0106706	2.75446	
0.999896	-7.47046e-05	0.0144475	-7.47871e-05	0.999946	0.0103464	-0.0144475	-0.0103464	0.999842	-0.026518	-0.0189801	3.67253	
0.999837	-0.000116851	0.0180661	-0.000117017	0.999916	0.0129436	-0.0180661	-0.0129436	0.999753	-0.0414446	-0.0296724	4.59053	
0.999765	-0.000168445	0.0216871	-0.000168735	0.999879	0.0155447	-0.0216871	-0.0155448	0.999644	-0.059695	-0.0427511	5.50844	
0.99968	-0.000229514	0.0253104	-0.000229978	0.999835	0.0181499	-0.0253104	-0.0181499	0.999515	-0.0812711	-0.05822	6.42624	
0.999581	-0.000300085	0.0289359	-0.000300781	0.999784	0.0207589	-0.0289359	-0.0207589	0.999366	-0.106175	-0.0760827	7.3439	
0.99947	-0.000380185	0.0325634	-0.000381181	0.999727	0.0233716	-0.0325634	-0.0233717	0.999196	-0.134409	-0.0963427	8.26143	
0.999345	-0.000469841	0.0361929	-0.000471211	0.999662	0.0259881	-0.0361929	-0.0259881	0.999007	-0.165974	-0.119003	9.17879	
0.999207	-0.000569076	0.0398241	-0.000570904	0.999591	0.0286081	-0.0398241	-0.0286082	0.998797	-0.200873	-0.144068	10.096	
0.999055	-0.000677916	0.043457	-0.000680295	0.999512	0.0312317	-0.043457	-0.0312318	0.998567	-0.239107	-0.17154	11.0129	
0.99889	-0.000796385	0.0470915	-0.000799416	0.999426	0.0338587	-0.0470914	-0.0338588	0.998317	-0.280677	-0.201423	11.9297	
0.998712	-0.000924506	0.0507274	-0.000928298	0.999334	0.036489	-0.0507273	-0.0364891	0.998046	-0.325585	-0.233719	12.8462	
0.998521	-0.0010623	0.0543645	-0.00106697	0.999234	0.0391226	-0.0543644	-0.0391227	0.997754	-0.373831	-0.268432	13.7625	
0.998316	-0.00120979	0.0580028	-0.00121547	0.999127	0.0417593	-0.0580027	-0.0417595	0.997443	-0.425418	-0.305564	14.6784	
0.998097	-0.001367	0.0616422	-0.00137382	0.999013	0.0443991	-0.061642	-0.0443994	0.99711	-0.480346	-0.345119	15.5941	
0.997866	-0.00153395	0.0652824	-0.00154205	0.998892	0.0470419	-0.0652822	-0.0470422	0.996757	-0.538616	-0.387099	16.5095	
0.99762	-0.00171065	0.0689234	-0.0017202	0.998763	0.0496876	-0.0689232	-0.0496879	0.996384	-0.600228	-0.431507	17.4245	
0.997362	-0.00189713	0.0725651	-0.00190828	0.998628	0.0523361	-0.0725648	-0.0523365	0.99599	-0.665184	-0.478345	18.3392	
0.99709	-0.00209341	0.0762073	-0.00210632	0.998485	0.0549873	-0.076207	-0.0549878	0.995575	-0.733484	-0.527617	19.2535	
0.996804	-0.0022995	0.0798499	-0.00231436	0.998335	0.0576411	-0.0798495	-0.0576417	0.995139	-0.805128	-0.579324	20.1674	
0.996505	-0.00251542	0.0834928	-0.00253242	0.998177	0.0602974	-0.0834923	-0.0602981	0.994682	-0.880117	-0.633469	21.0809	
0.996193	-0.00274119	0.0871359	-0.00276052	0.998012	0.0629562	-0.0871352	-0.0629571	0.994205	-0.958451	-0.690055	21.994	
0.995867	-0.00297681	0.0907789	-0.00299868	0.99784	0.0656174	-0.0907782	-0.0656184	0.993707	-1.04013	-0.749083	22.9067	
0.995527	-0.00322232	0.0944219	-0.00324694	0.997661	0.0682808	-0.0944211	-0.0682819	0.993188	-1.12515	-0.810555	23.8188	
0.995174	-0.00347772	0.0980646	-0.00350531	0.997474	0.0709464	-0.0980637	-0.0709477	0.992648	-1.21352	-0.874474	24.7305	
0.994807	-0.00374302	0.101707	-0.00377382	0.99728	0.073614	-0.101706	-0.0736156	0.992087	-1.30523	-0.940842	25.6417	
0.994427	-0.00401825	0.105349	-0.00405249	0.997078	0.0762837	-0.105348	-0.0762855	0.991505	-1.40029	-1.00966	26.5523	
0.994033	-0.0043034	0.10899	-0.00434134	0.996869	0.0789553	-0.108989	-0.0789574	0.990902	-1.49869	-1.08093	27.4624	
0.993626	-0.0045985	0.112631	-0.00464039	0.996652	0.0816287	-0.112629	-0.081631	0.990278	-1.60043	-1.15466	28.372	
0.993205	-0.00490355	0.116271	-0.00494966	0.996428	0.0843038	-0.116269	-0.0843065	0.989633	-1.70552	-1.23084	29.2809	
0.992771	-0.00521857	0.11991	-0.00526917	0.996196	0.0869805	-0.119907	-0.0869836	0.988967	-1.81395	-1.30947	30.1893	
0.992323	-0.00554356	0.123547	-0.00559894	0.995957	0.0896588	-0.123545	-0.0896623	0.98828	-1.92571	-1.39057	31.097	
0.991862	-0.00587853	0.127184	-0.00593899	0.99571	0.0923386	-0.127181	-0.0923424	0.987572	-2.04082	-1.47413	32.0041	
0.991387	-0.0062235	0.130819	-0.00628933	0.995456	0.0950197	-0.130816	-0.095024	0.986842	-2.15926	-1.56015	32.9106	
0.990898	-0.00657847	0.134453	-0.00664998	0.995193	0.0977021	-0.134449	-0.0977069	0.986092	-2.28104	-1.64863	33.8163	
0.990396	-0.00694345	0.138085	-0.00702096	0.994924	0.100386	-0.138081	-0.100391	0.98532	-2.40616	-1.73957	34.7214	
0.98988	-0.00731844	0.141715	-0.00740228	0.994647	0.10307	-0.141711	-0.103076	0.984527	-2.53461	-1.83298	35.6257	
0.989351	-0.00770345	0.145344	-0.00779396	0.994362	0.105756	-0.145339	-0.105763	0.983713	-2.66639	-1.92886	36.5293	
0.988808	-0.00809849	0.148971	-0.00819601	0.994069	0.108443	-0.148965	-0.10845	0.982877	-2.8015	-2.0272	37.4322	
0.988252	-0.00850357	0.152595	-0.00860845	0.993769	0.11113	-0.152589	-0.111138	0.982021	-2.93995	-2.12801	38.3342	
0.987682	-0.00891867	0.156218	-0.00903128	0.993461	0.113818	-0.156211	-0.113827	0.981143	-3.08171	-2.23129	39.2355	
0.987099	-0.00934382	0.159838	-0.00946453	0.993145	0.116507	-0.159831	-0.116517	0.980244	-3.22681	-2.33704	40.136	
0.986502	-0.00977901	0.163456	-0.00990819	0.992821	0.119196	-0.163448	-0.119207	0.979324	-3.37522	-2.44526	41.0356	
0.985892	-0.0102242	0.167071	-0.0103623	0.99249	0.121886	-0.167062	-0.121898	0.978382	-3.52695	-2.55595	41.9344	
0.985268	-0.0106795	0.170683	-0.0108268	0.992151	0.124576	-0.170674	-0.124589	0.977419	-3.68201	-2.66911	42.8323	
0.984631	-0.0111448	0.174293	-0.0113018	0.991804	0.127266	-0.174283	-0.12728	0.976435	-3.84037	-2.78474	43.7293	
0.98398	-0.0116202	0.1779	-0.0117873	0.99145	0.129957	-0.177889	-0.129972	0.97543	-4.00205	-2.90284	44.6253	
0.983316	-0.0121056	0.181504	-0.0122832	0.991087	0.132648	-0.181492	-0.132664	0.974403	-4.16704	-3.02342	45.5205	
0.982638	-0.0126011	0.185104	-0.0127896	0.990717	0.135338	-0.185091	-0.135356	0.973355	-4.33534	-3.14646	46.4147	
0.981947	-0.0131066	0.188702	-0.0133065	0.990339	0.138029	-0.188688	-0.138048	0.972286	-4.50693	-3.27198	47.3079	
0.981242	-0.0136222	0.192296	-0.0138339	0.989953	0.140719	-0.192281	-0.14074	0.971195	-4.68183	-3.39997	48.2002	
0.980525	-0.0141478	0.195886	-0.0143718	0.989559	0.14341	-0.19587	-0.143432	0.970084	-4.86003	-3.53043	49.0914	
0.979793	-0.0146834	0.199473	-0.0149202	0.989157	0.146099	-0.199456	-0.146123	0.968951	-5.04152	-3.66336	49.9816	
0.979049	-0.0152291	0.203056	-0.0154791	0.988748	0.148789	-0.203038	-0.148815	0.967796	-5.2263	-3.79877	50.8707	
0.978291	-0.0157848	0.206636	-0.0160485	0.98833	0.151478	-0.206616	-0.151505	0.966621	-5.41437	-3.93664	51.7588	
0.977519	-0.0163505	0.210211	-0.0166284	0.987905	0.154166	-0.21019	-0.154195	0.965424	-5.60572	-4.07699	52.6458	
0.976735	-0.0169263	0.213783	-0.0172189	0.987472	0.156853	-0.213759	-0.156885	0.964206	-5.80035	-4.2198	53.5317	
0.975937	-0.0175121	0.21735	-0.0178198	0.987031	0.15954	-0.217325	-0.159574	0.962967	-5.99826	-4.36508	54.4164	
0.974961	-0.0182349	0.221628	-0.0191547	0.986042	0.165392	-0.221551	-0.165496	0.961003	-6.19975	-4.51432	55.2997	
0.973965	-0.0189849	0.225902	-0.0205156	0.985017	0.171233	-0.225769	-0.17141	0.958982	-6.40511	-4.66899	56.1811	
0.972949	-0.0197621	0.230172	-0.0219025	0.983956	0.177063	-0.229978	-0.177315	0.956906	-6.61434	-4.82909	57.0607	
0.971914	-0.0205663	0.234437	-0.0233153	0.982858	0.182882	-0.234179	-0.183211	0.954774	-6.82743	-4.9946	57.9384	
0.970859	-0.0213976	0.238695	-0.0247539	0.981725	0.188689	-0.238371	-0.189099	0.952587	-7.04437	-5.16553	58.814	
0.969784	-0.0222559	0.242948	-0.0262184	0.980555	0.194483	-0.242552	-0.194977	0.950343	-7.26516	-5.34186	59.6876	
0.96869	-0.0231411	0.247193	-0.0277086	0.97935	0.200265	-0.246723	-0.200845	0.948045	-7.48978	-5.52357	60.5592	
0.967576	-0.0240532	0.251432	-0.0292245	0.978108	0.206035	-0.250883	-0.206702	0.945691	-7.71823	-5.71068	61.4286	
0.966443	-0.0249921	0.255662	-0.030766	0.976831	0.21179	-0.255032	-0.212549	0.943282	-7.95049	-5.90315	62.2958	
0.965291	-0.0259577	0.259884	-0.0323331	0.975517	0.217532	-0.259168	-0.218385	0.940819	-8.18656	-6.10099	63.1608	
0.96412	-0.02695	0.264097	-0.0339257	0.974168	0.22326	-0.263291	-0.224209	0.938301	-8.42642	-6.30418	64.0235	
0.962929	-0.0279688	0.2683	-0.0355437	0.972783	0.228974	-0.267402	-0.230022	0.935728	-8.67005	-6.51272	64.8838	
0.96172	-0.029014	0.272493	-0.0371869	0.971363	0.234672	-0.271498	-0.235822	0.9331	-8.91746	-6.72658	65.7418	
0.960492	-0.0300856	0.276676	-0.0388555	0.969907	0.240356	-0.275581	-0.24161	0.930419	-9.16862	-6.94577	66.5973	
0.959246	-0.0311834	0.280847	-0.0405492	0.968415	0.246024	-0.279649	-0.247386	0.927684	-9.42352	-7.17026	67.4503	
0.957981	-0.0323073	0.285007	-0.0422679	0.966888	0.251676	-0.283701	-0.253148	0.924895	-9.68215	-7.40005	68.3008	
0.956698	-0.0334572	0.289155	-0.0440117	0.965326	0.257312	-0.287737	-0.258896	0.922052	-9.9445	-7.63513	69.1488	
0.955396	-0.034633	0.29329	-0.0457803	0.963728	0.262931	-0.291757	-0.26463	0.919156	-10.2105	-7.87548	69.9941	
0.953829	-0.0361013	0.298172	-0.052339	0.957582	0.283368	-0.295754	-0.285891	0.91148	-10.4803	-8.12823	70.8345	
0.952241	-0.0376826	0.303013	-0.0589852	0.950963	0.303628	-0.299595	-0.307	0.903324	-10.7536	-8.40043	71.6677	
0.950633	-0.0393761	0.307808	-0.0657155	0.943875	0.3237	-0.303279	-0.327948	0.894691	-11.0304	-8.69194	72.4932	
0.949006	-0.0411809	0.312557	-0.0725262	0.936321	0.343574	-0.306802	-0.348722	0.885588	-11.3105	-9.00261	73.3105	
0.947361	-0.0430961	0.317255	-0.0794137	0.928305	0.36324	-0.310164	-0.369314	0.876017	-11.5937	-9.33227	74.1193	
0.945697	-0.0451205	0.321901	-0.0863745	0.919832	0.382687	-0.313362	-0.38971	0.865985	-11.88	-9.68074	74.9191	
0.944018	-0.0472532	0.326493	-0.0934048	0.910905	0.401905	-0.316395	-0.409901	0.855497	-12.1691	-10.0479	75.7094	
0.942322	-0.0494931	0.331027	-0.100501	0.90153	0.420883	-0.319262	-0.429877	0.844558	-12.461	-10.4334	76.49	
0.940612	-0.0518388	0.335502	-0.107659	0.891712	0.439613	-0.32196	-0.449625	0.833174	-12.7554	-10.8372	77.2602	
0.938888	-0.0542893	0.339915	-0.114876	0.881455	0.458083	-0.324489	-0.469137	0.821351	-13.0522	-11.259	78.0198	
0.937151	-0.0568433	0.344264	-0.122147	0.870766	0.476285	-0.326846	-0.488402	0.809095	-13.3512	-11.6986	78.7684	
0.935401	-0.0594993	0.348546	-0.129469	0.859649	0.494208	-0.329032	-0.507409	0.796413	-13.6523	-12.1558	79.5055	
0.933641	-0.062256	0.352759	-0.136838	0.848111	0.511844	-0.331044	-0.526149	0.783312	-13.9554	-12.6303	80.2308	
0.93187	-0.0651119	0.356902	-0.14425	0.836157	0.529182	-0.332882	-0.544612	0.769797	-14.2602	-13.1219	80.9438	
0.93009	-0.0680655	0.360971	-0.151701	0.823794	0.546214	-0.334544	-0.562788	0.755877	-14.5666	-13.6303	81.6443	
0.928301	-0.0711153	0.364965	-0.159187	0.811029	0.562931	-0.33603	-0.580667	0.741559	-14.8745	-14.1553	82.3318	
0.926505	-0.0742596	0.368881	-0.166704	0.797869	0.579323	-0.337339	-0.59824	0.72685	-15.1836	-14.6966	83.0059	
0.924703	-0.0774969	0.372718	-0.174248	0.784319	0.595383	-0.33847	-0.615498	0.711758	-15.4939	-15.2538	83.6664	
0.922895	-0.0808253	0.376474	-0.181816	0.770388	0.611102	-0.339423	-0.632432	0.696291	-15.8051	-15.8267	84.3129	
0.921082	-0.0842432	0.380146	-0.189403	0.756082	0.626472	-0.340197	-0.649033	0.680458	-16.1171	-16.4151	84.9449	
0.919266	-0.0877488	0.383732	-0.197005	0.741409	0.641484	-0.340792	-0.665291	0.664265	-16.4298	-17.0185	85.5623	
