1	0	0	0	1	0	0	0	1	0	0	0	
0.999996	1.6274e-06	-0.00291173	1.6274e-06	0.999999	0.00111782	0.00291173	-0.00111782	0.999995	0.00133675	-0.000513182	0.91818	
0.999983	6.52351e-06	-0.00583008	6.52161e-06	0.999997	0.00223753	0.00583008	-0.00223753	0.999981	0.00535004	-0.0020536	1.83635	
0.999962	1.47084e-05	-0.00875494	1.47008e-05	0.999994	0.00335908	0.00875494	-0.00335908	0.999956	0.0120459	-0.00462295	2.75451	
0.999932	2.62018e-05	-0.0116862	2.61827e-05	0.99999	0.00448243	0.0116862	-0.00448243	0.999922	0.0214302	-0.00822292	3.67263	
0.999893	4.10231e-05	-0.0146237	4.09848e-05	0.999984	0.00560753	0.0146237	-0.00560753	0.999877	0.0335089	-0.0128551	4.59072	
0.999846	5.91911e-05	-0.0175674	5.9124e-05	0.999977	0.00673433	0.0175674	-0.00673433	0.999823	0.0482875	-0.0185212	5.50877	
0.999789	8.07245e-05	-0.0205171	8.06168e-05	0.999969	0.00786278	0.0205171	-0.00786278	0.999759	0.0657718	-0.0252226	6.42676	
0.999724	0.000105641	-0.0234728	0.00010548	0.99996	0.00899285	0.0234728	-0.00899285	0.999684	0.0859672	-0.0329608	7.34468	
0.999651	0.000133959	-0.0264343	0.000133728	0.999949	0.0101245	0.0264343	-0.0101245	0.999599	0.108879	-0.0417374	8.26254	
0.999568	0.000165696	-0.0294015	0.000165377	0.999937	0.0112576	0.0294015	-0.0112576	0.999504	0.134513	-0.0515538	9.18031	
0.999476	0.000200869	-0.0323743	0.000200442	0.999923	0.0123922	0.0323743	-0.0123922	0.999399	0.162874	-0.0624112	10.098	
0.999375	0.000239493	-0.0353526	0.000238938	0.999908	0.0135283	0.0353526	-0.0135283	0.999283	0.193967	-0.0743111	11.0156	
0.999265	0.000281586	-0.0383362	0.000280878	0.999892	0.0146657	0.0383362	-0.0146657	0.999157	0.227796	-0.0872547	11.933	
0.999146	0.000327164	-0.0413251	0.000326277	0.999875	0.0158044	0.0413251	-0.0158044	0.999021	0.264368	-0.101243	12.8504	
0.999017	0.00037624	-0.0443191	0.000375147	0.999856	0.0169445	0.0443191	-0.0169445	0.998874	0.303687	-0.116278	13.7676	
0.99888	0.000428832	-0.0473181	0.000427502	0.999836	0.0180858	0.0473182	-0.0180857	0.998716	0.345757	-0.13236	14.6847	
0.998733	0.000484953	-0.0503221	0.000483354	0.999815	0.0192282	0.0503221	-0.0192282	0.998548	0.390583	-0.149491	15.6016	
0.998577	0.000544617	-0.0533308	0.000542715	0.999792	0.0203718	0.0533308	-0.0203718	0.998369	0.438169	-0.167671	16.5184	
0.998411	0.000607839	-0.0563441	0.000605596	0.999768	0.0215166	0.0563442	-0.0215165	0.99818	0.488519	-0.186901	17.435	
0.998236	0.000674631	-0.0593621	0.00067201	0.999743	0.0226623	0.0593621	-0.0226623	0.997979	0.541639	-0.207183	18.3514	
0.998052	0.000745007	-0.0623844	0.000741967	0.999716	0.0238091	0.0623845	-0.023809	0.997768	0.597532	-0.228518	19.2676	
0.997858	0.000818979	-0.0654111	0.000815478	0.999688	0.0249569	0.0654111	-0.0249567	0.997546	0.656202	-0.250906	20.1836	
0.997655	0.00089656	-0.068442	0.000892552	0.999659	0.0261055	0.068442	-0.0261054	0.997313	0.717653	-0.274348	21.0995	
0.997442	0.000977761	-0.0714769	0.000973199	0.999628	0.027255	0.071477	-0.0272549	0.99707	0.781888	-0.298845	22.0151	
0.997219	0.00106259	-0.0745158	0.00105743	0.999596	0.0284054	0.0745159	-0.0284052	0.996815	0.848912	-0.324398	22.9304	
0.996987	0.00115107	-0.0775586	0.00114525	0.999562	0.0295565	0.0775587	-0.0295563	0.99655	0.918728	-0.351008	23.8456	
0.996745	0.0012432	-0.0806051	0.00123667	0.999528	0.0307084	0.0806052	-0.0307081	0.996273	0.99134	-0.378675	24.7605	
0.996494	0.00133899	-0.0836553	0.0013317	0.999491	0.031861	0.0836554	-0.0318607	0.995985	1.06675	-0.407399	25.6751	
0.996233	0.00143846	-0.0867089	0.00143034	0.999454	0.0330142	0.086709	-0.0330138	0.995687	1.14496	-0.437183	26.5895	
0.995962	0.0015416	-0.0897659	0.0015326	0.999415	0.034168	0.0897661	-0.0341675	0.995377	1.22598	-0.468025	27.5035	
0.995681	0.00164844	-0.0928262	0.0016385	0.999375	0.0353223	0.0928264	-0.0353218	0.995056	1.30981	-0.499927	28.4173	
0.99539	0.00175898	-0.0958896	0.00174803	0.999333	0.0364772	0.0958898	-0.0364766	0.994723	1.39645	-0.532889	29.3308	
0.99509	0.00187323	-0.0989561	0.0018612	0.99929	0.0376325	0.0989563	-0.0376319	0.99438	1.4859	-0.566912	30.244	
0.99478	0.0019912	-0.102025	0.00197802	0.999245	0.0387882	0.102026	-0.0387875	0.994025	1.57817	-0.601995	31.1569	
0.99446	0.00211288	-0.105098	0.00209849	0.9992	0.0399443	0.105098	-0.0399435	0.993659	1.67326	-0.63814	32.0694	
0.99413	0.0022383	-0.108173	0.00222261	0.999153	0.0411007	0.108173	-0.0410999	0.993282	1.77117	-0.675346	32.9816	
0.99379	0.00236746	-0.11125	0.0023504	0.999104	0.0422574	0.11125	-0.0422565	0.992894	1.8719	-0.713614	33.8934	
0.99344	0.00250035	-0.11433	0.00248185	0.999054	0.0434144	0.11433	-0.0434133	0.992494	1.97546	-0.752945	34.8049	
0.99308	0.002637	-0.117412	0.00261697	0.999003	0.0445715	0.117413	-0.0445703	0.992083	2.08186	-0.793337	35.716	
0.99271	0.0027774	-0.120497	0.00275577	0.99895	0.0457288	0.120497	-0.0457275	0.99166	2.19108	-0.834792	36.6267	
0.99233	0.00292156	-0.123583	0.00289823	0.998896	0.0468862	0.123584	-0.0468847	0.991226	2.30313	-0.87731	37.537	
0.99194	0.00306948	-0.126672	0.00304437	0.998841	0.0480436	0.126672	-0.048042	0.990781	2.41802	-0.92089	38.447	
0.99154	0.00322118	-0.129762	0.0031942	0.998784	0.0492011	0.129763	-0.0491993	0.990324	2.53575	-0.965532	39.3565	
0.99113	0.00337664	-0.132854	0.0033477	0.998726	0.0503585	0.132855	-0.0503565	0.989855	2.65632	-1.01124	40.2655	
0.99071	0.00353587	-0.135948	0.00350488	0.998666	0.0515158	0.135949	-0.0515137	0.989376	2.77972	-1.05801	41.1742	
0.990279	0.00369889	-0.139043	0.00366574	0.998605	0.052673	0.139044	-0.0526707	0.988884	2.90597	-1.10584	42.0824	
0.989839	0.00386568	-0.14214	0.00383028	0.998543	0.0538301	0.142141	-0.0538276	0.988382	3.03506	-1.15473	42.9901	
0.989389	0.00403625	-0.145238	0.00399851	0.998479	0.0549869	0.145239	-0.0549842	0.987868	3.16699	-1.20468	43.8974	
0.988928	0.00421061	-0.148337	0.00417041	0.998414	0.0561435	0.148338	-0.0561405	0.987342	3.30177	-1.2557	44.8042	
0.988457	0.00438875	-0.151437	0.004346	0.998348	0.0572998	0.151439	-0.0572966	0.986805	3.4394	-1.30778	45.7105	
0.987976	0.00457068	-0.154539	0.00452526	0.99828	0.0584558	0.15454	-0.0584523	0.986256	3.57987	-1.36092	46.6163	
0.987485	0.0047564	-0.15764	0.00470821	0.998211	0.0596114	0.157642	-0.0596076	0.985696	3.72319	-1.41512	47.5217	
0.986984	0.0049459	-0.160743	0.00489482	0.99814	0.0607665	0.160745	-0.0607624	0.985124	3.86936	-1.47038	48.4264	
0.986472	0.00513918	-0.163846	0.00508511	0.998068	0.0619212	0.163848	-0.0619168	0.984541	4.01837	-1.5267	49.3307	
0.985951	0.00533625	-0.16695	0.00527906	0.997995	0.0630754	0.166952	-0.0630706	0.983946	4.17024	-1.58408	50.2344	
0.985419	0.0055371	-0.170054	0.00547669	0.99792	0.064229	0.170056	-0.0642238	0.983339	4.32496	-1.64252	51.1376	
0.984877	0.00574174	-0.173159	0.00567797	0.997844	0.065382	0.173161	-0.0653764	0.982721	4.48253	-1.70202	52.0402	
0.984325	0.00595015	-0.176263	0.00588291	0.997767	0.0665344	0.176265	-0.0665284	0.982092	4.64295	-1.76257	52.9422	
0.983763	0.00616235	-0.179368	0.0060915	0.997688	0.0676861	0.17937	-0.0676797	0.981451	4.80621	-1.82419	53.8437	
0.98319	0.00637831	-0.182472	0.00630375	0.997608	0.0688371	0.182475	-0.0688302	0.980798	4.97233	-1.88686	54.7445	
0.981977	0.00683132	-0.188879	0.00648771	0.997539	0.0698082	0.188891	-0.0697754	0.979516	5.14283	-1.95049	55.6445	
0.980721	0.00729064	-0.195279	0.00667844	0.99747	0.07078	0.195301	-0.0707196	0.97819	5.31921	-2.01499	56.5432	
0.979422	0.00775624	-0.201672	0.00687591	0.997399	0.0717525	0.201704	-0.0716626	0.976821	5.50147	-2.08036	57.4408	
0.978082	0.0082281	-0.208058	0.00708011	0.997327	0.0727252	0.2081	-0.0726043	0.975409	5.68961	-2.14659	58.337	
0.976699	0.00870622	-0.214435	0.00729102	0.997254	0.0736981	0.214488	-0.0735444	0.973954	5.88361	-2.21368	59.232	
0.975275	0.00919056	-0.220803	0.00750861	0.99718	0.0746709	0.220867	-0.0744826	0.972456	6.08348	-2.28164	60.1255	
0.973809	0.00968111	-0.227163	0.00773286	0.997105	0.0756435	0.227238	-0.0754189	0.970915	6.2892	-2.35046	61.0177	
0.9723	0.0101778	-0.233513	0.00796373	0.997029	0.0766155	0.233599	-0.0763529	0.96933	6.50077	-2.42014	61.9085	
0.97075	0.0106807	-0.239854	0.0082012	0.996952	0.0775869	0.239951	-0.0772846	0.967704	6.71817	-2.49067	62.7978	
0.969159	0.0111898	-0.246184	0.00844521	0.996874	0.0785573	0.246293	-0.0782135	0.966034	6.9414	-2.56206	63.6855	
0.967525	0.0117049	-0.252503	0.00869574	0.996795	0.0795266	0.252624	-0.0791397	0.964322	7.17045	-2.6343	64.5717	
0.965851	0.0122261	-0.258811	0.00895273	0.996715	0.0804946	0.258945	-0.0800628	0.962568	7.40531	-2.70739	65.4564	
0.964135	0.0127533	-0.265107	0.00921614	0.996634	0.0814611	0.265254	-0.0809827	0.960772	7.64597	-2.78132	66.3393	
0.962377	0.0132865	-0.271392	0.00948591	0.996552	0.0824258	0.271551	-0.0818991	0.958933	7.89241	-2.8561	67.2207	
0.960579	0.0138257	-0.277664	0.00976199	0.996469	0.0833886	0.277836	-0.0828119	0.957052	8.14463	-2.93172	68.1003	
0.958739	0.0143708	-0.283923	0.0100443	0.996386	0.0843493	0.284109	-0.0837208	0.95513	8.40261	-3.00817	68.9782	
0.956859	0.0149217	-0.290168	0.0103328	0.996301	0.0853077	0.290368	-0.0846257	0.953166	8.66635	-3.08546	69.8542	
0.954938	0.0154786	-0.2964	0.0106275	0.996216	0.0862635	0.296614	-0.0855263	0.95116	8.93583	-3.16358	70.7285	
0.947887	0.0174225	-0.318129	0.010284	0.99631	0.0852053	0.31844	-0.0840366	0.944211	9.21821	-3.24142	71.5987	
0.940338	0.0193317	-0.339693	0.00991634	0.996403	0.084155	0.340098	-0.0825026	0.936764	9.52055	-3.31788	72.4623	
0.932294	0.0212053	-0.361081	0.00952455	0.996495	0.0831133	0.361577	-0.0809252	0.928823	9.8427	-3.39292	73.3188	
0.923759	0.0230422	-0.38228	0.00910889	0.996584	0.0820808	0.382866	-0.0793051	0.920394	10.1845	-3.46648	74.1678	
0.914739	0.0248415	-0.403281	0.00866957	0.996672	0.081058	0.403953	-0.0776432	0.911479	10.5457	-3.53854	75.0088	
0.905238	0.0266022	-0.424072	0.00820681	0.996757	0.0800454	0.424827	-0.0759404	0.902084	10.9262	-3.60905	75.8414	
0.89526	0.0283234	-0.444642	0.00772088	0.996841	0.0790435	0.445477	-0.0741976	0.892214	11.3258	-3.67798	76.6652	
0.884812	0.0300042	-0.464981	0.00721201	0.996923	0.078053	0.465892	-0.0724157	0.881873	11.7442	-3.74529	77.4797	
0.873899	0.0316437	-0.485077	0.00668048	0.997003	0.0770742	0.486062	-0.0705956	0.871068	12.1813	-3.81095	78.2845	
0.862526	0.033241	-0.50492	0.00612657	0.997081	0.0761078	0.505976	-0.0687383	0.859804	12.6367	-3.87492	79.0792	
0.850699	0.0347954	-0.5245	0.00555058	0.997156	0.0751542	0.525623	-0.0668449	0.848087	13.1103	-3.93716	79.8633	
0.838426	0.0363059	-0.543805	0.00495279	0.99723	0.0742139	0.544993	-0.0649162	0.835923	13.6019	-3.99766	80.6364	
0.825711	0.0377718	-0.562827	0.00433354	0.997301	0.0732874	0.564077	-0.0629533	0.823319	14.1111	-4.05636	81.3982	
0.812562	0.0391924	-0.581555	0.00369314	0.997371	0.0723753	0.582863	-0.0609572	0.810281	14.6376	-4.11325	82.1482	
0.798986	0.0405668	-0.599979	0.00303193	0.997438	0.071478	0.601341	-0.058929	0.796816	15.1813	-4.16829	82.886	
0.78499	0.0418943	-0.61809	0.00235027	0.997502	0.0705959	0.619503	-0.0568698	0.782931	15.7418	-4.22146	83.6113	
0.770582	0.0431743	-0.635877	0.00164851	0.997565	0.0697296	0.637339	-0.0547806	0.768634	16.3188	-4.27272	84.3237	
0.755768	0.044406	-0.653332	0.000927014	0.997625	0.0688795	0.654839	-0.0526625	0.753932	16.9121	-4.32205	85.0227	
0.740557	0.0455889	-0.670445	0.000186172	0.997682	0.068046	0.671994	-0.0505167	0.738832	17.5213	-4.36942	85.708	
0.724957	0.0467223	-0.687208	-0.00057363	0.997737	0.0672296	0.688794	-0.0483443	0.723343	18.146	-4.41481	86.3793	
0.708975	0.0478055	-0.703611	-0.00135199	0.99779	0.0664307	0.705232	-0.0461464	0.707473	18.786	-4.45819	87.0362	
