1	0	0	0	1	0	0	0	1	0	0	0	
1	1.03972e-06	0.000697064	1.03972e-06	0.999996	-0.00298313	-0.000697064	0.00298313	0.999995	-0.00036191	0.00154882	1.03838	
0.999999	4.1727e-06	0.00139651	4.17186e-06	0.999982	-0.00597525	-0.00139651	0.00597525	0.999981	-0.00144888	0.00619994	2.07675	
0.999998	9.41923e-06	0.0020983	9.41588e-06	0.99996	-0.00897619	-0.0020983	0.00897619	0.999958	-0.00326335	0.0139626	3.11511	
0.999996	1.67993e-05	0.00280239	1.67909e-05	0.999928	-0.0119858	-0.00280239	0.0119858	0.999924	-0.00580775	0.0248459	4.15343	
0.999994	2.63327e-05	0.00350877	2.63158e-05	0.999887	-0.0150039	-0.00350877	0.0150039	0.999881	-0.00908446	0.0388588	5.19171	
0.999991	3.80387e-05	0.00421738	3.80091e-05	0.999837	-0.0180304	-0.00421738	0.0180304	0.999829	-0.0130958	0.05601	6.22995	
0.999988	5.19365e-05	0.0049282	5.18889e-05	0.999778	-0.0210651	-0.0049282	0.0210651	0.999766	-0.0178441	0.0763081	7.26812	
0.999984	6.80448e-05	0.00564119	6.79733e-05	0.999709	-0.0241079	-0.00564119	0.0241079	0.999693	-0.0233317	0.0997616	8.30623	
0.99998	8.63821e-05	0.00635632	8.62797e-05	0.999631	-0.0271585	-0.00635632	0.0271585	0.999611	-0.0295607	0.126379	9.34425	
0.999975	0.000106967	0.00707354	0.000106825	0.999543	-0.0302169	-0.00707354	0.0302169	0.999518	-0.0365334	0.156168	10.3822	
0.99997	0.000129816	0.00779283	0.000129627	0.999446	-0.0332828	-0.00779283	0.0332828	0.999416	-0.0442519	0.189136	11.42	
0.999964	0.000154948	0.00851414	0.000154702	0.999339	-0.0363562	-0.00851415	0.0363562	0.999303	-0.0527183	0.225292	12.4577	
0.999957	0.00018238	0.00923745	0.000182066	0.999222	-0.0394368	-0.00923746	0.0394368	0.999179	-0.0619348	0.264643	13.4953	
0.99995	0.000212128	0.00996271	0.000211734	0.999095	-0.0425245	-0.00996272	0.0425245	0.999046	-0.0719034	0.307197	14.5328	
0.999943	0.000244209	0.0106899	0.000243724	0.998959	-0.0456192	-0.0106899	0.0456192	0.998902	-0.0826261	0.352961	15.5701	
0.999935	0.00027864	0.011419	0.000278049	0.998812	-0.0487207	-0.011419	0.0487207	0.998747	-0.0941049	0.401941	16.6073	
0.999926	0.000315436	0.0121499	0.000314725	0.998656	-0.0518287	-0.0121499	0.0518287	0.998582	-0.106342	0.454146	17.6443	
0.999917	0.000354612	0.0128826	0.000353766	0.998489	-0.0549433	-0.0128826	0.0549433	0.998406	-0.119338	0.509581	18.6811	
0.999907	0.000396185	0.0136171	0.000395186	0.998313	-0.0580641	-0.0136172	0.0580641	0.99822	-0.133097	0.568253	19.7177	
0.999897	0.000440168	0.0143534	0.000439001	0.998126	-0.0611911	-0.0143534	0.0611911	0.998023	-0.147619	0.63017	20.7542	
0.999886	0.000486576	0.0150913	0.000485222	0.997929	-0.0643241	-0.0150914	0.064324	0.997815	-0.162906	0.695336	21.7904	
0.999875	0.000535424	0.0158309	0.000533863	0.997722	-0.0674628	-0.015831	0.0674628	0.997596	-0.178961	0.763759	22.8264	
0.999862	0.000586725	0.0165722	0.000584937	0.997504	-0.0706073	-0.0165722	0.0706073	0.997367	-0.195785	0.835444	23.8622	
0.99985	0.000640493	0.017315	0.000638456	0.997276	-0.0737573	-0.0173151	0.0737573	0.997126	-0.213379	0.910397	24.8977	
0.999837	0.000696741	0.0180594	0.000694433	0.997038	-0.0769126	-0.0180595	0.0769126	0.996874	-0.231745	0.988624	25.933	
0.999823	0.000755481	0.0188053	0.000752879	0.996789	-0.0800731	-0.0188054	0.0800731	0.996612	-0.250885	1.07013	26.968	
0.999808	0.000816726	0.0195527	0.000813806	0.996529	-0.0832386	-0.0195528	0.0832386	0.996338	-0.2708	1.15492	28.0027	
0.999794	0.000880489	0.0203016	0.000877224	0.996259	-0.086409	-0.0203017	0.086409	0.996053	-0.291492	1.243	29.0371	
0.999778	0.00094678	0.0210518	0.000943145	0.995979	-0.0895841	-0.021052	0.0895841	0.995757	-0.312963	1.33437	30.0712	
0.999762	0.00101561	0.0218034	0.00101158	0.995688	-0.0927637	-0.0218036	0.0927637	0.995449	-0.335213	1.42905	31.1051	
0.999745	0.00108699	0.0225564	0.00108253	0.995386	-0.0959477	-0.0225566	0.0959477	0.995131	-0.358245	1.52702	32.1386	
0.999728	0.00116094	0.0233107	0.00115602	0.995073	-0.099136	-0.0233109	0.0991359	0.994801	-0.382059	1.62831	33.1717	
0.99971	0.00123745	0.0240662	0.00123205	0.99475	-0.102328	-0.0240665	0.102328	0.99446	-0.406657	1.73291	34.2045	
0.999691	0.00131655	0.0248229	0.00131063	0.994416	-0.105524	-0.0248232	0.105524	0.994107	-0.43204	1.84082	35.237	
0.999672	0.00139824	0.0255808	0.00139177	0.994071	-0.108724	-0.0255812	0.108724	0.993743	-0.458209	1.95206	36.2691	
0.999652	0.00148253	0.0263399	0.00147548	0.993715	-0.111928	-0.0263403	0.111928	0.993367	-0.485167	2.06662	37.3007	
0.999631	0.00156942	0.0271001	0.00156176	0.993349	-0.115135	-0.0271005	0.115135	0.99298	-0.512913	2.18451	38.332	
0.99961	0.00165894	0.0278613	0.00165062	0.992971	-0.118345	-0.0278618	0.118345	0.992582	-0.541449	2.30573	39.3629	
0.999589	0.00175108	0.0286236	0.00174207	0.992583	-0.121558	-0.0286242	0.121558	0.992171	-0.570776	2.43029	40.3934	
0.999566	0.00184585	0.0293869	0.00183611	0.992183	-0.124775	-0.0293875	0.124774	0.99175	-0.600895	2.55818	41.4234	
0.999543	0.00194327	0.0301512	0.00193276	0.991773	-0.127994	-0.0301519	0.127993	0.991317	-0.631808	2.68942	42.453	
0.99952	0.00204333	0.0309164	0.00203201	0.991352	-0.131215	-0.0309171	0.131215	0.990872	-0.663514	2.824	43.4822	
0.999496	0.00214604	0.0316824	0.00213388	0.99092	-0.134439	-0.0316832	0.134439	0.990415	-0.696016	2.96192	44.5108	
0.999471	0.00225142	0.0324493	0.00223836	0.990476	-0.137666	-0.0324502	0.137665	0.989947	-0.729313	3.1032	45.539	
0.999445	0.00235946	0.033217	0.00234547	0.990022	-0.140894	-0.033218	0.140894	0.989467	-0.763408	3.24782	46.5667	
0.999419	0.00247017	0.0339855	0.0024552	0.989557	-0.144125	-0.0339866	0.144124	0.988976	-0.7983	3.3958	47.5939	
0.999393	0.00258355	0.0347547	0.00256757	0.98908	-0.147357	-0.0347559	0.147357	0.988473	-0.833991	3.54714	48.6206	
0.999365	0.00269962	0.0355247	0.00268257	0.988593	-0.150591	-0.035526	0.15059	0.987958	-0.87048	3.70183	49.6467	
0.999337	0.00281837	0.0362952	0.0028002	0.988094	-0.153826	-0.0362967	0.153826	0.987431	-0.90777	3.85988	50.6723	
0.999308	0.0029398	0.0370665	0.00292048	0.987584	-0.157063	-0.037068	0.157063	0.986893	-0.94586	4.02129	51.6974	
0.999279	0.00306393	0.0378382	0.0030434	0.987064	-0.160301	-0.0378399	0.1603	0.986343	-0.984752	4.18606	52.7219	
0.999249	0.00319076	0.0386106	0.00316896	0.986532	-0.16354	-0.0386124	0.163539	0.985781	-1.02445	4.3542	53.7458	
0.999219	0.00332028	0.0393834	0.00329717	0.985989	-0.16678	-0.0393854	0.166779	0.985207	-1.06494	4.5257	54.7691	
0.999187	0.0034525	0.0401567	0.00342802	0.985435	-0.17002	-0.0401588	0.17002	0.984622	-1.10624	4.70056	55.7918	
0.999156	0.00358742	0.0409305	0.00356153	0.984869	-0.173261	-0.0409327	0.173261	0.984025	-1.14834	4.87879	56.8139	
0.999123	0.00372504	0.0417046	0.00369768	0.984293	-0.176503	-0.041707	0.176502	0.983416	-1.19125	5.06038	57.8354	
0.99909	0.00386537	0.0424791	0.00383648	0.983706	-0.179744	-0.0424817	0.179744	0.982796	-1.23496	5.24534	58.8563	
0.999056	0.0040084	0.0432539	0.00397793	0.983107	-0.182986	-0.0432567	0.182985	0.982164	-1.27947	5.43367	59.8765	
0.999022	0.00415413	0.044029	0.00412202	0.982498	-0.186228	-0.044032	0.186227	0.98152	-1.32479	5.62536	60.896	
0.998987	0.00430257	0.0448044	0.00426877	0.981877	-0.189469	-0.0448076	0.189468	0.980864	-1.37092	5.82042	61.9148	
0.998951	0.00445371	0.0455799	0.00441815	0.981246	-0.19271	-0.0455834	0.192709	0.980197	-1.41785	6.01884	62.933	
0.998914	0.00460756	0.0463556	0.00457018	0.980603	-0.19595	-0.0463593	0.195949	0.979518	-1.46558	6.22063	63.9505	
0.998877	0.0047641	0.0471315	0.00472485	0.979949	-0.19919	-0.0471355	0.199189	0.978827	-1.51413	6.42578	64.9672	
0.99884	0.00492335	0.0479075	0.00488215	0.979285	-0.202429	-0.0479117	0.202428	0.978124	-1.56347	6.6343	65.9833	
0.998801	0.00508529	0.0486835	0.00504209	0.978609	-0.205667	-0.048688	0.205666	0.97741	-1.61363	6.84618	66.9986	
0.998875	0.00476297	0.0471754	0.00534532	0.977288	-0.21185	-0.0471129	0.211864	0.976163	-1.66337	7.06296	68.0129	
0.998947	0.00443134	0.0456704	0.00563863	0.975927	-0.218027	-0.0455371	0.218054	0.974874	-1.71147	7.28617	69.0258	
0.999016	0.00409037	0.0441683	0.005922	0.974526	-0.224196	-0.0439602	0.224237	0.973543	-1.75794	7.5158	70.0374	
0.999082	0.00374003	0.042669	0.00619541	0.973086	-0.230357	-0.0423821	0.23041	0.97217	-1.80276	7.75185	71.0476	
0.999629	-8.09551e-05	0.0272509	0.00690094	0.968152	-0.250267	-0.0263628	0.250362	0.967793	-1.83846	8.00148	72.0549	
0.99992	-0.00421774	0.0119076	0.00727747	0.96281	-0.27008	-0.0103256	0.270145	0.962764	-1.85751	8.27174	73.0573	
0.999957	-0.00866754	-0.0033506	0.00732475	0.957064	-0.289784	0.00571845	0.289747	0.957086	-1.8599	8.56244	74.0541	
0.999738	-0.0134273	-0.0185134	0.00704276	0.950918	-0.309364	0.0217587	0.309153	0.950763	-1.84563	8.87341	75.0447	
0.999265	-0.018494	-0.0335707	0.00643167	0.944375	-0.328808	0.0377843	0.32835	0.9438	-1.81472	9.20441	76.0284	
0.998537	-0.023864	-0.0485122	0.00549189	0.93744	-0.348102	0.0537844	0.347327	0.9362	-1.76717	9.55524	77.0045	
0.997556	-0.0295338	-0.0633278	0.00422408	0.930119	-0.367234	0.0697482	0.366069	0.92797	-1.70303	9.92565	77.9725	
0.996321	-0.0354995	-0.0780077	0.00262906	0.922415	-0.386191	0.0856651	0.384565	0.919114	-1.62234	10.3154	78.9315	
0.994833	-0.0417572	-0.0925419	0.000707935	0.914334	-0.40496	0.101524	0.402802	0.909639	-1.52515	10.7242	79.881	
0.993094	-0.0483026	-0.106921	-0.00153802	0.905882	-0.423527	0.117315	0.420767	0.899551	-1.41152	11.1518	80.8204	
0.991104	-0.0551313	-0.121134	-0.00410728	0.897064	-0.441882	0.133027	0.438448	0.888857	-1.28154	11.5979	81.749	
0.988865	-0.0622387	-0.135173	-0.00699812	0.887886	-0.460011	0.148649	0.455835	0.877564	-1.13529	12.0623	82.6661	
0.986379	-0.06962	-0.149028	-0.0102086	0.878354	-0.477902	0.164171	0.472914	0.865679	-0.972863	12.5445	83.5713	
0.983647	-0.0772703	-0.162689	-0.0137365	0.868475	-0.495543	0.179582	0.489674	0.853211	-0.79438	13.0443	84.4638	
0.980671	-0.0851843	-0.176147	-0.0175796	0.858255	-0.512922	0.194872	0.506104	0.840169	-0.599955	13.5613	85.343	
0.977453	-0.0933568	-0.189393	-0.0217351	0.847702	-0.530028	0.210031	0.522194	0.82656	-0.389721	14.0952	86.2084	
0.973995	-0.101782	-0.202419	-0.0262003	0.836822	-0.546848	0.225048	0.537931	0.812394	-0.163819	14.6457	87.0594	
0.9703	-0.110455	-0.215215	-0.0309722	0.825622	-0.563372	0.239914	0.553306	0.79768	0.0775993	15.2123	87.8954	
0.96637	-0.119369	-0.227774	-0.0360476	0.814111	-0.579589	0.254618	0.568308	0.782429	0.334371	15.7946	88.7158	
0.962207	-0.128519	-0.240085	-0.0414231	0.802296	-0.595487	0.269151	0.582927	0.766651	0.606322	16.3924	89.5201	
0.957815	-0.137897	-0.252142	-0.047095	0.790185	-0.611056	0.283502	0.597153	0.750356	0.893271	17.0051	90.3078	
0.953196	-0.147499	-0.263935	-0.0530595	0.777786	-0.626286	0.297662	0.610977	0.733556	1.19502	17.6324	91.0782	
0.948353	-0.157317	-0.275458	-0.0593125	0.765107	-0.641165	0.311621	0.62439	0.716261	1.51138	18.2738	91.831	
0.943291	-0.167345	-0.286702	-0.06585	0.752158	-0.655685	0.325371	0.637381	0.698484	1.84212	18.929	92.5656	
0.938012	-0.177577	-0.297659	-0.0726674	0.738946	-0.669835	0.338901	0.649943	0.680236	2.18702	19.5974	93.2814	
0.932519	-0.188004	-0.308323	-0.0797603	0.725481	-0.683605	0.352203	0.662067	0.661529	2.54585	20.2786	93.9781	
0.926817	-0.19862	-0.318686	-0.0871237	0.711771	-0.696987	0.365267	0.673745	0.642377	2.91838	20.9722	94.6551	
0.920909	-0.209419	-0.328741	-0.0947527	0.697827	-0.709972	0.378086	0.684968	0.622792	3.30434	21.6776	95.312	
0.914799	-0.220392	-0.338481	-0.102642	0.683656	-0.72255	0.390649	0.695731	0.602787	3.70349	22.3945	95.9484	
0.908492	-0.231533	-0.3479	-0.110787	0.66927	-0.734713	0.40295	0.706024	0.582376	4.11554	23.1224	96.5637	
