1	0	0	0	1	0	0	0	1	0	0	0	
0.999995	-5.12559e-06	-0.00308838	-5.12559e-06	0.999994	-0.00331926	0.00308838	0.00331926	0.99999	0.00129228	0.00138889	0.836866	
0.999981	-2.05088e-05	-0.0061778	-2.0507e-05	0.999978	-0.00663909	0.0061778	0.00663909	0.999959	0.00516958	0.00555582	1.67371	
0.999957	-4.61584e-05	-0.00926819	-4.61516e-05	0.99995	-0.00995941	0.00926819	0.00995941	0.999907	0.0116327	0.0125012	2.51053	
0.999924	-8.20831e-05	-0.0123595	-8.2066e-05	0.999912	-0.0132801	0.0123595	0.0132801	0.999835	0.0206825	0.0222255	3.34729	
0.999881	-0.000128291	-0.0154516	-0.000128257	0.999862	-0.0166012	0.0154516	0.0166012	0.999743	0.0323196	0.0347289	4.18398	
0.999828	-0.00018479	-0.0185444	-0.00018473	0.999802	-0.0199225	0.0185444	0.0199225	0.99963	0.0465447	0.0500116	5.02059	
0.999766	-0.000251587	-0.0216379	-0.000251491	0.99973	-0.023244	0.0216379	0.023244	0.999496	0.0633584	0.068074	5.8571	
0.999694	-0.00032869	-0.024732	-0.000328546	0.999647	-0.0265655	0.024732	0.0265655	0.999341	0.0827613	0.088916	6.69348	
0.999613	-0.000416105	-0.0278267	-0.000415899	0.999553	-0.029887	0.0278267	0.029887	0.999166	0.104754	0.112538	7.52973	
0.999522	-0.000513838	-0.0309217	-0.000513556	0.999448	-0.0332085	0.0309217	0.0332085	0.99897	0.129336	0.138939	8.36582	
0.999421	-0.000621896	-0.0340172	-0.00062152	0.999332	-0.0365298	0.0340172	0.0365298	0.998753	0.156509	0.16812	9.20173	
0.999311	-0.000740285	-0.0371129	-0.000739795	0.999205	-0.0398509	0.0371129	0.0398509	0.998516	0.186272	0.20008	10.0375	
0.999191	-0.000869008	-0.0402088	-0.000868385	0.999067	-0.0431716	0.0402088	0.0431716	0.998258	0.218626	0.23482	10.873	
0.999061	-0.00100807	-0.0433049	-0.00100729	0.998918	-0.046492	0.0433049	0.0464919	0.99798	0.253571	0.272338	11.7083	
0.998922	-0.00115748	-0.046401	-0.00115652	0.998758	-0.0498118	0.0464011	0.0498118	0.99768	0.291107	0.312635	12.5433	
0.998773	-0.00131724	-0.0494972	-0.00131608	0.998587	-0.0531311	0.0494972	0.0531311	0.99736	0.331235	0.35571	13.3781	
0.998615	-0.00148735	-0.0525932	-0.00148595	0.998404	-0.0564497	0.0525933	0.0564497	0.997019	0.373953	0.401563	14.2126	
0.998447	-0.00166782	-0.0556891	-0.00166616	0.998211	-0.0597677	0.0556891	0.0597676	0.996658	0.419262	0.450192	15.0469	
0.998269	-0.00185865	-0.0587847	-0.00185669	0.998006	-0.0630848	0.0587848	0.0630847	0.996275	0.467162	0.501598	15.8808	
0.998081	-0.00205984	-0.0618801	-0.00205756	0.997791	-0.066401	0.0618801	0.0664009	0.995872	0.517652	0.555779	16.7144	
0.997884	-0.00227139	-0.064975	-0.00226875	0.997564	-0.0697162	0.0649751	0.0697161	0.995449	0.570733	0.612735	17.5476	
0.997677	-0.00249331	-0.0680695	-0.00249028	0.997327	-0.0730304	0.0680696	0.0730303	0.995004	0.626404	0.672465	18.3805	
0.997461	-0.0027256	-0.0711634	-0.00272213	0.997078	-0.0763435	0.0711635	0.0763434	0.994539	0.684664	0.734968	19.213	
0.997235	-0.00296826	-0.0742567	-0.00296432	0.996818	-0.0796553	0.0742569	0.0796552	0.994053	0.745513	0.800244	20.0451	
0.996999	-0.0032213	-0.0773493	-0.00321684	0.996547	-0.0829659	0.0773495	0.0829657	0.993546	0.80895	0.86829	20.8768	
0.996753	-0.0034847	-0.0804412	-0.00347968	0.996265	-0.0862751	0.0804414	0.0862749	0.993019	0.874975	0.939106	21.708	
0.996498	-0.00375848	-0.0835322	-0.00375286	0.995972	-0.0895828	0.0835325	0.0895826	0.99247	0.943588	1.01269	22.5388	
0.996233	-0.00404262	-0.0866223	-0.00403636	0.995668	-0.0928891	0.0866226	0.0928888	0.991901	1.01479	1.08904	23.3691	
0.995958	-0.00433714	-0.0897114	-0.00433018	0.995353	-0.0961937	0.0897118	0.0961933	0.991312	1.08857	1.16816	24.199	
0.995674	-0.00464203	-0.0927995	-0.00463433	0.995027	-0.0994966	0.0927999	0.0994962	0.990701	1.16494	1.25005	25.0283	
0.99538	-0.0049573	-0.0958864	-0.00494879	0.99469	-0.102798	0.0958868	0.102797	0.99007	1.24389	1.33469	25.8571	
0.995076	-0.00528293	-0.0989721	-0.00527357	0.994342	-0.106097	0.0989726	0.106097	0.989418	1.32543	1.4221	26.6854	
0.994763	-0.00561892	-0.102056	-0.00560866	0.993983	-0.109394	0.102057	0.109394	0.988745	1.40955	1.51227	27.5132	
0.99444	-0.00596528	-0.105139	-0.00595406	0.993612	-0.11269	0.10514	0.112689	0.988052	1.49625	1.6052	28.3403	
0.994107	-0.00632201	-0.108221	-0.00630977	0.993231	-0.115983	0.108222	0.115982	0.987338	1.58552	1.70088	29.1669	
0.993764	-0.00668909	-0.111301	-0.00667577	0.992839	-0.119274	0.111302	0.119273	0.986603	1.67738	1.79932	29.9929	
0.993412	-0.00706653	-0.11438	-0.00705207	0.992436	-0.122563	0.11438	0.122562	0.985848	1.77181	1.90051	30.8182	
0.99305	-0.00745433	-0.117456	-0.00743866	0.992021	-0.125849	0.117457	0.125848	0.985072	1.86882	2.00446	31.6429	
0.992678	-0.00785247	-0.120531	-0.00783553	0.991596	-0.129133	0.120533	0.129132	0.984275	1.96841	2.11115	32.4669	
0.992297	-0.00826096	-0.123605	-0.00824269	0.99116	-0.132415	0.123606	0.132414	0.983457	2.07056	2.22059	33.2903	
0.991906	-0.00867979	-0.126676	-0.00866011	0.990713	-0.135694	0.126677	0.135693	0.982619	2.17529	2.33277	34.113	
0.991505	-0.00910896	-0.129745	-0.00908781	0.990255	-0.138971	0.129747	0.138969	0.98176	2.28259	2.4477	34.935	
0.991095	-0.00954846	-0.132813	-0.00952576	0.989786	-0.142244	0.132814	0.142243	0.980881	2.39245	2.56537	35.7562	
0.990675	-0.00999828	-0.135878	-0.00997397	0.989306	-0.145515	0.13588	0.145513	0.979981	2.50488	2.68578	36.5767	
0.990245	-0.0104584	-0.138941	-0.0104324	0.988815	-0.148783	0.138943	0.148781	0.97906	2.61988	2.80892	37.3964	
0.989806	-0.0109289	-0.142002	-0.0109011	0.988313	-0.152048	0.142004	0.152046	0.978119	2.73744	2.9348	38.2154	
0.989357	-0.0114096	-0.14506	-0.01138	0.9878	-0.15531	0.145063	0.155308	0.977157	2.85756	3.06341	39.0335	
0.988898	-0.0119007	-0.148116	-0.0118692	0.987277	-0.158569	0.148119	0.158567	0.976175	2.98023	3.19474	39.8509	
0.98843	-0.0124021	-0.15117	-0.0123685	0.986742	-0.161825	0.151173	0.161822	0.975172	3.10547	3.3288	40.6674	
0.987952	-0.0129137	-0.154221	-0.0128781	0.986197	-0.165077	0.154224	0.165074	0.974149	3.23326	3.46559	41.483	
0.987464	-0.0134356	-0.157269	-0.0133978	0.98564	-0.168326	0.157273	0.168323	0.973105	3.3636	3.6051	42.2978	
0.986967	-0.0139678	-0.160315	-0.0139277	0.985073	-0.171572	0.160319	0.171569	0.97204	3.49649	3.74732	43.1118	
0.98646	-0.0145103	-0.163358	-0.0144679	0.984495	-0.174814	0.163362	0.174811	0.970955	3.63193	3.89226	43.9248	
0.985944	-0.015063	-0.166398	-0.0150181	0.983906	-0.178053	0.166402	0.178049	0.96985	3.76991	4.0399	44.7369	
0.985417	-0.015626	-0.169435	-0.0155785	0.983307	-0.181288	0.169439	0.181284	0.968724	3.91044	4.19026	45.5481	
0.984882	-0.0161992	-0.172469	-0.0161491	0.982696	-0.184519	0.172474	0.184514	0.967578	4.05351	4.34332	46.3583	
0.984336	-0.0167826	-0.1755	-0.0167298	0.982075	-0.187746	0.175505	0.187742	0.966411	4.19911	4.49909	47.1675	
0.983308	-0.017879	-0.181068	-0.0176089	0.981138	-0.192506	0.181095	0.192482	0.964446	4.34833	4.65819	47.9755	
0.982248	-0.0190025	-0.186624	-0.018516	0.980177	-0.197259	0.186672	0.197213	0.962424	4.50222	4.82125	48.7817	
0.981155	-0.0201532	-0.192166	-0.0194511	0.979192	-0.202004	0.192239	0.201935	0.960347	4.66077	4.98827	49.5863	
0.980031	-0.0213308	-0.197696	-0.0204139	0.978183	-0.20674	0.197793	0.206648	0.958214	4.82397	5.15923	50.3891	
0.978875	-0.0225355	-0.203213	-0.0214047	0.977151	-0.211468	0.203335	0.211351	0.956026	4.99182	5.33414	51.1901	
0.977687	-0.023767	-0.208716	-0.0224231	0.976094	-0.216187	0.208865	0.216043	0.953782	5.1643	5.51298	51.9892	
0.976468	-0.0250254	-0.214205	-0.0234693	0.975015	-0.220896	0.214381	0.220725	0.951484	5.3414	5.69574	52.7864	
0.975217	-0.0263105	-0.21968	-0.0245431	0.973912	-0.225596	0.219885	0.225397	0.94913	5.52311	5.88241	53.5817	
0.973935	-0.0276223	-0.225141	-0.0256445	0.972785	-0.230285	0.225375	0.230057	0.946721	5.70942	6.07299	54.375	
0.972621	-0.0289608	-0.230587	-0.0267734	0.971635	-0.234965	0.230851	0.234705	0.944257	5.90032	6.26746	55.1663	
0.971275	-0.0303259	-0.236018	-0.0279298	0.970462	-0.239633	0.236313	0.239341	0.941739	6.0958	6.46582	55.9554	
0.969899	-0.0317174	-0.241433	-0.0291135	0.969265	-0.24429	0.241761	0.243966	0.939166	6.29585	6.66805	56.7425	
0.968491	-0.0331354	-0.246833	-0.0303245	0.968045	-0.248936	0.247194	0.248577	0.936539	6.50044	6.87415	57.5273	
0.967053	-0.0345797	-0.252217	-0.0315627	0.966802	-0.253569	0.252612	0.253176	0.933857	6.70958	7.0841	58.31	
0.965583	-0.0360503	-0.257585	-0.0328281	0.965536	-0.258191	0.258016	0.257761	0.931122	6.92325	7.2979	59.0904	
0.964082	-0.0375471	-0.262936	-0.0341205	0.964247	-0.2628	0.263403	0.262332	0.928332	7.14143	7.51552	59.8684	
0.962551	-0.03907	-0.268271	-0.0354399	0.962935	-0.267396	0.268775	0.26689	0.925489	7.36411	7.73697	60.6441	
0.960989	-0.040619	-0.273589	-0.0367861	0.9616	-0.271979	0.27413	0.271433	0.922592	7.59128	7.96222	61.4174	
0.959396	-0.0421938	-0.278889	-0.0381592	0.960242	-0.276548	0.279469	0.275961	0.919643	7.82293	8.19127	62.1883	
0.957773	-0.0437946	-0.284171	-0.0395589	0.958862	-0.281103	0.284792	0.280474	0.916639	8.05903	8.4241	62.9567	
0.956119	-0.0454211	-0.289436	-0.0409853	0.957459	-0.285644	0.290097	0.284972	0.913583	8.29959	8.66071	63.7225	
0.954435	-0.0470733	-0.294683	-0.0424381	0.956034	-0.29017	0.295386	0.289454	0.910474	8.54458	8.90107	64.4857	
0.952721	-0.0487511	-0.299911	-0.0439173	0.954586	-0.294681	0.300656	0.29392	0.907313	8.79398	9.14517	65.2464	
0.950976	-0.0504544	-0.30512	-0.0454228	0.953116	-0.299177	0.305909	0.29837	0.904099	9.04779	9.39301	66.0043	
0.949202	-0.0521832	-0.31031	-0.0469545	0.951624	-0.303658	0.311144	0.302803	0.900833	9.30599	9.64456	66.7596	
0.947398	-0.0539372	-0.315481	-0.0485123	0.950109	-0.308122	0.316361	0.307219	0.897515	9.56856	9.89982	67.5121	
0.945564	-0.0557165	-0.320632	-0.050096	0.948573	-0.31257	0.321559	0.311617	0.894145	9.83549	10.1588	68.2618	
0.9437	-0.0575209	-0.325764	-0.0517055	0.947015	-0.317001	0.326737	0.315998	0.890723	10.1068	10.4214	69.0086	
0.941806	-0.0593503	-0.330875	-0.0533408	0.945435	-0.321416	0.331897	0.32036	0.887251	10.3824	10.6877	69.7526	
0.935767	-0.0651247	-0.346553	-0.0570972	0.941843	-0.331167	0.347966	0.329682	0.877627	10.6668	10.9597	70.4911	
0.929444	-0.0710634	-0.362056	-0.0610303	0.938149	-0.34081	0.363882	0.33886	0.86762	10.9647	11.2394	71.2214	
0.922839	-0.0771639	-0.377378	-0.0651384	0.934355	-0.35034	0.379639	0.347889	0.857232	11.2758	11.5268	71.9432	
0.915956	-0.0834234	-0.392512	-0.0694198	0.930461	-0.359754	0.395229	0.356766	0.84647	11.6001	11.8216	72.6561	
0.908797	-0.0898392	-0.407452	-0.0738724	0.926471	-0.369046	0.410647	0.365487	0.835337	11.9373	12.1239	73.3598	
0.901366	-0.0964086	-0.42219	-0.0784945	0.922385	-0.378213	0.425885	0.374048	0.823839	12.2873	12.4333	74.0541	
0.893666	-0.103129	-0.436722	-0.0832839	0.918205	-0.387252	0.440937	0.382445	0.811979	12.6501	12.7499	74.7386	
0.8857	-0.109996	-0.451039	-0.0882385	0.913933	-0.396157	0.455795	0.390675	0.799765	13.0253	13.0734	75.413	
0.877472	-0.117009	-0.465136	-0.0933563	0.909571	-0.404925	0.470454	0.398734	0.7872	13.4129	13.4037	76.0771	
0.868986	-0.124163	-0.479007	-0.0986349	0.905122	-0.413553	0.484907	0.406618	0.774291	13.8127	13.7407	76.7305	
0.860244	-0.131455	-0.492645	-0.104072	0.900586	-0.422036	0.499148	0.414324	0.761043	14.2244	14.0842	77.373	
0.851252	-0.138883	-0.506046	-0.109665	0.895966	-0.430371	0.513171	0.421849	0.747462	14.648	14.4341	78.0042	
0.842012	-0.146443	-0.519202	-0.115412	0.891264	-0.438554	0.526968	0.42919	0.733553	15.0833	14.7903	78.6239	
