1	0	0	0	1	0	0	0	1	0	0	0	
0.999999	-1.35585e-07	-0.00131271	-1.35585e-07	1	-0.000206573	0.00131271	0.000206573	0.999999	0.000546964	8.60719e-05	0.833333	
0.999997	-5.43098e-07	-0.00262691	-5.43385e-07	1	-0.000413597	0.00262691	0.000413597	0.999996	0.00218847	0.000344476	1.66666	
0.999992	-1.22372e-06	-0.00394253	-1.22487e-06	1	-0.000621067	0.00394253	0.000621067	0.999992	0.00492574	0.000775586	2.49999	
0.999986	-2.1786e-06	-0.00525956	-2.18148e-06	1	-0.000828977	0.00525956	0.000828977	0.999986	0.00875994	0.00137977	3.33332	
0.999978	-3.40885e-06	-0.00657792	-3.41463e-06	0.999999	-0.00103732	0.00657792	0.00103732	0.999978	0.0136922	0.00215739	4.16664	
0.999969	-4.91557e-06	-0.0078976	-4.92568e-06	0.999999	-0.00124609	0.0078976	0.00124609	0.999968	0.0197237	0.00310881	4.99995	
0.999958	-6.69979e-06	-0.00921853	-6.71599e-06	0.999999	-0.00145527	0.00921853	0.00145527	0.999956	0.0268554	0.00423438	5.83325	
0.999944	-8.76254e-06	-0.0105407	-8.78686e-06	0.999999	-0.00166487	0.0105407	0.00166487	0.999943	0.0350884	0.00553444	6.66654	
0.99993	-1.11048e-05	-0.011864	-1.11396e-05	0.999998	-0.00187488	0.011864	0.00187488	0.999928	0.0444237	0.00700934	7.49982	
0.999913	-1.37275e-05	-0.0131884	-1.37754e-05	0.999998	-0.00208529	0.0131884	0.00208529	0.999911	0.0548622	0.00865941	8.33309	
0.999895	-1.66316e-05	-0.014514	-1.66955e-05	0.999997	-0.00229609	0.014514	0.00229609	0.999892	0.0664049	0.010485	9.16634	
0.999875	-1.9818e-05	-0.0158405	-1.99011e-05	0.999997	-0.00250727	0.0158405	0.00250727	0.999871	0.0790526	0.0124864	9.99957	
0.999853	-2.32875e-05	-0.0171681	-2.33933e-05	0.999996	-0.00271884	0.0171681	0.00271884	0.999849	0.0928062	0.0146639	10.8328	
0.999829	-2.70408e-05	-0.0184966	-2.71733e-05	0.999996	-0.00293078	0.0184966	0.00293078	0.999825	0.107666	0.0170179	11.666	
0.999803	-3.10789e-05	-0.019826	-3.12421e-05	0.999995	-0.00314308	0.019826	0.00314308	0.999799	0.123634	0.0195487	12.4992	
0.999776	-3.54025e-05	-0.0211563	-3.56008e-05	0.999994	-0.00335574	0.0211563	0.00335575	0.999771	0.14071	0.0222566	13.3323	
0.999747	-4.00122e-05	-0.0224874	-4.02503e-05	0.999994	-0.00356876	0.0224874	0.00356876	0.999741	0.158895	0.0251418	14.1654	
0.999716	-4.49087e-05	-0.0238192	-4.51917e-05	0.999993	-0.00378212	0.0238192	0.00378213	0.999709	0.178189	0.0282046	14.9986	
0.999684	-5.00927e-05	-0.0251518	-5.04258e-05	0.999992	-0.00399582	0.0251518	0.00399583	0.999676	0.198594	0.0314455	15.8316	
0.999649	-5.55647e-05	-0.0264851	-5.59537e-05	0.999991	-0.00420986	0.0264851	0.00420986	0.99964	0.220109	0.0348645	16.6647	
0.999613	-6.13254e-05	-0.027819	-6.17761e-05	0.99999	-0.00442421	0.027819	0.00442422	0.999603	0.242736	0.038462	17.4977	
0.999575	-6.73753e-05	-0.0291535	-6.7894e-05	0.999989	-0.00463889	0.0291535	0.0046389	0.999564	0.266475	0.0422383	18.3307	
0.999535	-7.37148e-05	-0.0304885	-7.4308e-05	0.999988	-0.00485387	0.0304885	0.00485388	0.999523	0.291325	0.0461937	19.1636	
0.999493	-8.03445e-05	-0.0318241	-8.1019e-05	0.999987	-0.00506916	0.0318241	0.00506917	0.999481	0.317289	0.0503283	19.9966	
0.99945	-8.72647e-05	-0.0331601	-8.80277e-05	0.999986	-0.00528475	0.0331601	0.00528476	0.999436	0.344366	0.0546424	20.8294	
0.999405	-9.44758e-05	-0.0344965	-9.53347e-05	0.999985	-0.00550063	0.0344965	0.00550064	0.99939	0.372556	0.0591363	21.6623	
0.999358	-0.000101978	-0.0358333	-0.000102941	0.999984	-0.00571679	0.0358333	0.00571681	0.999341	0.40186	0.0638103	22.4951	
0.999309	-0.000109772	-0.0371704	-0.000110846	0.999982	-0.00593322	0.0371704	0.00593324	0.999291	0.432278	0.0686645	23.3278	
0.999258	-0.000117858	-0.0385078	-0.000119052	0.999981	-0.00614993	0.0385078	0.00614995	0.999239	0.463811	0.0736991	24.1606	
0.999206	-0.000126236	-0.0398454	-0.000127559	0.99998	-0.0063669	0.0398454	0.00636692	0.999186	0.496458	0.0789145	24.9932	
0.999152	-0.000134907	-0.0411833	-0.000136367	0.999978	-0.00658412	0.0411832	0.00658415	0.99913	0.53022	0.0843108	25.8259	
0.999096	-0.00014387	-0.0425212	-0.000145477	0.999977	-0.00680158	0.0425212	0.00680162	0.999072	0.565097	0.0898882	26.6585	
0.999038	-0.000153125	-0.0438593	-0.000154889	0.999975	-0.00701929	0.0438593	0.00701933	0.999013	0.601089	0.0956469	27.491	
0.998978	-0.000162674	-0.0451974	-0.000164603	0.999974	-0.00723723	0.0451974	0.00723728	0.998952	0.638196	0.101587	28.3235	
0.998917	-0.000172515	-0.0465356	-0.00017462	0.999972	-0.0074554	0.0465356	0.00745545	0.998889	0.676418	0.107709	29.1559	
0.998853	-0.000182649	-0.0478737	-0.000184941	0.999971	-0.00767378	0.0478737	0.00767384	0.998824	0.715755	0.114013	29.9883	
0.998788	-0.000193075	-0.0492117	-0.000195565	0.999969	-0.00789238	0.0492117	0.00789244	0.998757	0.756207	0.120499	30.8206	
0.998722	-0.000203795	-0.0505496	-0.000206493	0.999967	-0.00811118	0.0505496	0.00811125	0.998689	0.797774	0.127167	31.6529	
0.998653	-0.000214807	-0.0518874	-0.000217725	0.999965	-0.00833018	0.0518874	0.00833025	0.998618	0.840456	0.134018	32.4851	
0.998583	-0.000226112	-0.0532249	-0.000229261	0.999963	-0.00854936	0.0532249	0.00854944	0.998546	0.884253	0.141051	33.3173	
0.99851	-0.000237709	-0.0545622	-0.000241101	0.999962	-0.00876873	0.0545622	0.00876882	0.998472	0.929165	0.148267	34.1493	
0.998436	-0.000249598	-0.0558992	-0.000253245	0.99996	-0.00898827	0.0558992	0.00898837	0.998396	0.97519	0.155666	34.9814	
0.998361	-0.000261779	-0.0572358	-0.000265694	0.999958	-0.00920798	0.0572358	0.00920809	0.998318	1.02233	0.163248	35.8133	
0.998283	-0.000274252	-0.0585721	-0.000278447	0.999956	-0.00942785	0.0585721	0.00942797	0.998239	1.07058	0.171013	36.6452	
0.998204	-0.000287016	-0.0599079	-0.000291505	0.999953	-0.00964787	0.0599079	0.009648	0.998157	1.11995	0.178961	37.4771	
0.998123	-0.000300071	-0.0612433	-0.000304866	0.999951	-0.00986803	0.0612433	0.00986818	0.998074	1.17043	0.187093	38.3088	
0.99804	-0.000313417	-0.0625781	-0.000318532	0.999949	-0.0100883	0.0625781	0.0100885	0.997989	1.22202	0.195408	39.1405	
0.997955	-0.000327052	-0.0639124	-0.000332502	0.999947	-0.0103088	0.0639123	0.0103089	0.997902	1.27473	0.203907	39.9721	
0.997869	-0.000340978	-0.065246	-0.000346776	0.999945	-0.0105293	0.065246	0.0105295	0.997814	1.32854	0.21259	40.8037	
0.997781	-0.000355193	-0.066579	-0.000361353	0.999942	-0.01075	0.066579	0.0107502	0.997723	1.38347	0.221456	41.6352	
0.997691	-0.000369696	-0.0679113	-0.000376234	0.99994	-0.0109708	0.0679113	0.010971	0.997631	1.43951	0.230507	42.4666	
0.9976	-0.000384487	-0.0692429	-0.000391418	0.999937	-0.0111916	0.0692429	0.0111919	0.997537	1.49665	0.239741	43.2979	
0.997506	-0.000399566	-0.0705737	-0.000406904	0.999935	-0.0114126	0.0705736	0.0114129	0.997441	1.55491	0.24916	44.1291	
0.997411	-0.000414932	-0.0719036	-0.000422693	0.999932	-0.0116337	0.0719036	0.0116339	0.997344	1.61428	0.258763	44.9603	
0.997315	-0.000430583	-0.0732327	-0.000438783	0.99993	-0.0118548	0.0732326	0.0118551	0.997244	1.67475	0.26855	45.7914	
0.997216	-0.00044652	-0.0745609	-0.000455175	0.999927	-0.012076	0.0745608	0.0120763	0.997143	1.73633	0.278521	46.6224	
0.997116	-0.000462742	-0.075888	-0.000471868	0.999924	-0.0122972	0.075888	0.0122976	0.997041	1.79902	0.288677	47.4533	
0.997236	-0.000442257	-0.0743009	-0.000557685	0.99991	-0.0134367	0.0743001	0.013441	0.997145	1.8616	0.299401	48.2842	
0.997353	-0.000419946	-0.0727132	-0.000641791	0.999894	-0.0145777	0.0727116	0.0145858	0.997246	1.92285	0.311079	49.1152	
0.997467	-0.000395806	-0.0711251	-0.000724178	0.999876	-0.0157202	0.0711225	0.0157319	0.997344	1.98278	0.323712	49.9463	
0.997579	-0.000369837	-0.0695366	-0.000804836	0.999857	-0.0168641	0.0695329	0.0168792	0.997437	2.04139	0.3373	50.7774	
0.997689	-0.000342034	-0.0679477	-0.000883758	0.999837	-0.0180094	0.0679428	0.0180278	0.997526	2.09867	0.351844	51.6087	
0.997796	-0.000312398	-0.0663584	-0.000960937	0.999816	-0.019156	0.0663522	0.0191775	0.997612	2.15463	0.367346	52.44	
0.9979	-0.000280925	-0.0647688	-0.00103636	0.999793	-0.0203038	0.0647611	0.0203283	0.997694	2.20926	0.383807	53.2713	
0.998002	-0.000247614	-0.0631789	-0.00111003	0.999769	-0.0214529	0.0631697	0.0214802	0.997772	2.26256	0.401227	54.1028	
0.998102	-0.000212465	-0.0615888	-0.00118194	0.999744	-0.0226032	0.0615779	0.0226331	0.997846	2.31454	0.419608	54.9343	
0.998198	-0.000175475	-0.0599985	-0.00125207	0.999717	-0.0237546	0.0599857	0.0237869	0.997916	2.36519	0.43895	55.7659	
0.998293	-0.000136644	-0.058408	-0.00132043	0.999689	-0.0249071	0.0583932	0.0249417	0.997982	2.41452	0.459253	56.5975	
0.998385	-9.59707e-05	-0.0568174	-0.001387	0.999659	-0.0260606	0.0568005	0.0260973	0.998044	2.46251	0.48052	57.4292	
0.998474	-5.34546e-05	-0.0552266	-0.00145178	0.999629	-0.0272151	0.0552075	0.0272537	0.998103	2.50918	0.502749	58.2609	
0.998561	-9.09523e-06	-0.0536358	-0.00151476	0.999596	-0.0283705	0.0536144	0.0284109	0.998157	2.55453	0.525943	59.0927	
0.998645	3.71078e-05	-0.0520449	-0.00157595	0.999563	-0.0295268	0.0520211	0.0295688	0.998208	2.59854	0.550101	59.9245	
0.998726	8.51547e-05	-0.050454	-0.00163532	0.999528	-0.0306839	0.0504276	0.0307273	0.998255	2.64123	0.575224	60.7563	
0.998805	0.000135045	-0.0488632	-0.00169289	0.999491	-0.0318418	0.048834	0.0318865	0.998298	2.68259	0.601313	61.5882	
0.998882	0.000186779	-0.0472724	-0.00174864	0.999454	-0.0330004	0.0472404	0.0330462	0.998337	2.72262	0.628369	62.4202	
0.998956	0.000240357	-0.0456817	-0.00180257	0.999415	-0.0341597	0.0456467	0.0342064	0.998372	2.76132	0.656391	63.2521	
0.999027	0.000295777	-0.0440911	-0.00185468	0.999374	-0.0353196	0.0440531	0.0353671	0.998403	2.7987	0.68538	64.0841	
0.999096	0.000353038	-0.0425007	-0.00190496	0.999333	-0.0364801	0.0424595	0.0365281	0.99843	2.83474	0.715336	64.9161	
0.999163	0.000412141	-0.0409105	-0.0019534	0.999289	-0.0376412	0.0408659	0.0376896	0.998454	2.86946	0.74626	65.7482	
0.999227	0.000473084	-0.0393205	-0.00200002	0.999245	-0.0388027	0.0392725	0.0388513	0.998473	2.90285	0.778152	66.5802	
0.999288	0.000535865	-0.0377308	-0.00204479	0.999199	-0.0399646	0.0376792	0.0400133	0.998488	2.93492	0.811012	67.4123	
0.999347	0.000600484	-0.0361414	-0.00208773	0.999152	-0.041127	0.0360861	0.0411755	0.9985	2.96565	0.844841	68.2444	
0.999403	0.000666938	-0.0345523	-0.00212882	0.999103	-0.0422896	0.0344931	0.0423379	0.998508	2.99506	0.879638	69.0765	
0.999456	0.000735227	-0.0329636	-0.00216806	0.999053	-0.0434525	0.0329005	0.0435004	0.998512	3.02314	0.915404	69.9086	
0.999507	0.000805347	-0.0313753	-0.00220546	0.999002	-0.0446157	0.031308	0.0446629	0.998511	3.04989	0.952139	70.7406	
0.999556	0.000877296	-0.0297874	-0.00224101	0.998949	-0.045779	0.0297159	0.0458255	0.998507	3.07532	0.989842	71.5727	
0.999948	0.00184904	-0.00998542	-0.00236745	0.998636	-0.0521572	0.00987536	0.0521781	0.998589	3.09182	1.03068	72.4049	
0.999948	0.00294654	0.00981389	-0.00236715	0.998283	-0.0585345	-0.00996951	0.0585082	0.998237	3.09178	1.0768	73.2369	
0.999553	0.00416931	0.0296019	-0.00224011	0.997889	-0.0649081	-0.0298101	0.0648128	0.997452	3.0752	1.12819	74.0685	
0.998765	0.00551684	0.0493701	-0.00198637	0.997455	-0.0712754	-0.0496377	0.0710893	0.996234	3.0421	1.18481	74.8992	
0.997585	0.00698852	0.0691099	-0.00160606	0.996981	-0.0776335	-0.0694437	0.077335	0.994584	2.99248	1.24666	75.7288	
0.996011	0.00858373	0.0888126	-0.00109934	0.996467	-0.0839797	-0.0892197	0.0835471	0.992502	2.92637	1.3137	76.5568	
0.994046	0.0103018	0.10847	-0.000466418	0.995913	-0.0903112	-0.108957	0.0897229	0.989989	2.84379	1.38589	77.3828	
0.99169	0.0121419	0.128073	0.000292419	0.995321	-0.0966253	-0.128647	0.0958598	0.987047	2.74478	1.46322	78.2066	
0.988945	0.0141033	0.147613	0.00117685	0.994689	-0.102919	-0.148281	0.101955	0.983676	2.62939	1.54565	79.0278	
0.98581	0.0161852	0.167083	0.00218648	0.994018	-0.10919	-0.167851	0.108006	0.979878	2.49767	1.63314	79.846	
0.982288	0.0183865	0.186473	0.00332088	0.993309	-0.115436	-0.187347	0.11401	0.975655	2.34966	1.72565	80.6608	
0.97838	0.0207065	0.205775	0.00457955	0.992562	-0.121653	-0.206763	0.119965	0.971008	2.18544	1.82314	81.4719	
0.974088	0.023144	0.22498	0.00596196	0.991777	-0.127839	-0.226089	0.125868	0.965941	2.00508	1.92557	82.279	
