1	0	0	0	1	0	0	0	1	0	0	0	
1	-1.42725e-06	-0.000955984	-1.42725e-06	0.999996	-0.00298591	0.000955984	0.00298591	0.999995	0.00035946	0.00112273	0.752019	
0.999998	-5.72315e-06	-0.0019148	-5.71751e-06	0.999982	-0.00597479	0.0019148	0.00597479	0.99998	0.00143891	0.00449205	1.50403	
0.999996	-1.29075e-05	-0.00287644	-1.28849e-05	0.99996	-0.00896655	0.00287644	0.00896655	0.999956	0.00324047	0.0101101	2.25603	
0.999993	-2.29998e-05	-0.00384088	-2.29432e-05	0.999928	-0.0119611	0.00384088	0.0119611	0.999921	0.00576625	0.0179792	3.008	
0.999988	-3.60195e-05	-0.00480809	-3.59064e-05	0.999888	-0.0149584	0.00480809	0.0149584	0.999877	0.00901835	0.0281012	3.75995	
0.999983	-5.19861e-05	-0.00577806	-5.17878e-05	0.999839	-0.0179584	0.00577806	0.0179584	0.999822	0.0129989	0.0404783	4.51185	
0.999977	-7.09186e-05	-0.00675077	-7.06011e-05	0.99978	-0.020961	0.00675077	0.020961	0.999758	0.0177098	0.0551123	5.26372	
0.99997	-9.28362e-05	-0.00772619	-9.23593e-05	0.999713	-0.023966	0.00772619	0.023966	0.999683	0.0231533	0.0720054	6.01553	
0.999962	-0.000117758	-0.00870431	-0.000117076	0.999636	-0.0269735	0.00870432	0.0269735	0.999598	0.0293314	0.0911592	6.76728	
0.999953	-0.000145702	-0.0096851	-0.000144763	0.99955	-0.0299834	0.00968512	0.0299834	0.999503	0.036246	0.112576	7.51896	
0.999943	-0.000176687	-0.0106686	-0.000175434	0.999455	-0.0329955	0.0106686	0.0329955	0.999399	0.0438992	0.136256	8.27057	
0.999932	-0.000210732	-0.0116546	-0.000209101	0.999351	-0.0360099	0.0116547	0.0360099	0.999283	0.0522929	0.162203	9.02209	
0.99992	-0.000247855	-0.0126433	-0.000245777	0.999238	-0.0390264	0.0126434	0.0390264	0.999158	0.0614293	0.190417	9.77353	
0.999907	-0.000288074	-0.0136346	-0.000285474	0.999116	-0.042045	0.0136347	0.0420449	0.999023	0.0713101	0.220901	10.5249	
0.999893	-0.000331407	-0.0146285	-0.000328204	0.998984	-0.0450655	0.0146285	0.0450655	0.998877	0.0819373	0.253656	11.2761	
0.999878	-0.000377872	-0.0156249	-0.000373979	0.998843	-0.048088	0.015625	0.0480879	0.998721	0.093313	0.288682	12.0272	
0.999862	-0.000427487	-0.0166238	-0.000422811	0.998693	-0.0511122	0.0166239	0.0511122	0.998555	0.105439	0.325982	12.7782	
0.999845	-0.000480268	-0.0176252	-0.00047471	0.998533	-0.0541383	0.0176254	0.0541382	0.998378	0.118317	0.365558	13.5291	
0.999826	-0.000536234	-0.0186292	-0.00052969	0.998365	-0.057166	0.0186293	0.057166	0.998191	0.131949	0.407409	14.2798	
0.999807	-0.000595402	-0.0196355	-0.00058776	0.998186	-0.0601954	0.0196358	0.0601953	0.997993	0.146337	0.451538	15.0304	
0.999787	-0.000657789	-0.0206444	-0.000648931	0.997999	-0.0632263	0.0206446	0.0632262	0.997786	0.161483	0.497946	15.7808	
0.999765	-0.000723411	-0.0216556	-0.000713216	0.997802	-0.0662586	0.0216559	0.0662585	0.997567	0.177389	0.546634	16.5311	
0.999743	-0.000792286	-0.0226692	-0.000780623	0.997596	-0.0692923	0.0226696	0.0692922	0.997339	0.194055	0.597602	17.2812	
0.999719	-0.00086443	-0.0236852	-0.000851165	0.997381	-0.0723274	0.0236857	0.0723272	0.9971	0.211485	0.650853	18.0311	
0.999694	-0.000939858	-0.0247036	-0.00092485	0.997156	-0.0753637	0.0247041	0.0753635	0.99685	0.229681	0.706386	18.7809	
0.999669	-0.00101859	-0.0257243	-0.00100169	0.996921	-0.0784011	0.0257249	0.0784009	0.99659	0.248642	0.764203	19.5304	
0.999642	-0.00110064	-0.0267472	-0.00108169	0.996678	-0.0814397	0.026748	0.0814394	0.996319	0.268373	0.824304	20.2798	
0.999614	-0.00118602	-0.0277725	-0.00116487	0.996425	-0.0844792	0.0277734	0.0844789	0.996038	0.288873	0.886691	21.0289	
0.999584	-0.00127475	-0.0288	-0.00125123	0.996162	-0.0875197	0.0288011	0.0875194	0.995746	0.310146	0.951365	21.7779	
0.999554	-0.00136684	-0.0298298	-0.00134079	0.99589	-0.0905611	0.029831	0.0905607	0.995444	0.332192	1.01832	22.5266	
0.999523	-0.00146232	-0.0308618	-0.00143355	0.995609	-0.0936032	0.0308631	0.0936028	0.995131	0.355014	1.08757	23.2751	
0.99949	-0.00156119	-0.0318959	-0.00152951	0.995318	-0.0966461	0.0318974	0.0966456	0.994808	0.378613	1.15911	24.0233	
0.999456	-0.00166347	-0.0329322	-0.0016287	0.995017	-0.0996896	0.032934	0.099689	0.994473	0.40299	1.23293	24.7713	
0.999421	-0.00176918	-0.0339707	-0.00173112	0.994707	-0.102734	0.0339727	0.102733	0.994129	0.428147	1.30904	25.519	
0.999385	-0.00187832	-0.0350113	-0.00183678	0.994388	-0.105778	0.0350135	0.105777	0.993773	0.454087	1.38745	26.2665	
0.999348	-0.00199092	-0.0360539	-0.00194568	0.994059	-0.108823	0.0360564	0.108822	0.993407	0.48081	1.46814	27.0137	
0.999309	-0.00210699	-0.0370987	-0.00205784	0.993721	-0.111869	0.0371014	0.111868	0.99303	0.508318	1.55112	27.7606	
0.99927	-0.00222654	-0.0381455	-0.00217325	0.993373	-0.114914	0.0381485	0.114913	0.992643	0.536613	1.63639	28.5072	
0.999229	-0.00234959	-0.0391943	-0.00229194	0.993016	-0.11796	0.0391977	0.117959	0.992245	0.565696	1.72395	29.2536	
0.999187	-0.00247615	-0.0402451	-0.00241391	0.992649	-0.121006	0.0402489	0.121005	0.991836	0.595569	1.81381	29.9996	
0.999143	-0.00260623	-0.0412978	-0.00253916	0.992272	-0.124052	0.041302	0.124051	0.991416	0.626232	1.90595	30.7453	
0.999099	-0.00273985	-0.0423526	-0.0026677	0.991887	-0.127098	0.0423572	0.127096	0.990986	0.657689	2.00038	31.4907	
0.999053	-0.00287703	-0.0434092	-0.00279954	0.991491	-0.130144	0.0434143	0.130142	0.990544	0.68994	2.09711	32.2358	
0.999006	-0.00301776	-0.0444677	-0.00293469	0.991086	-0.133189	0.0444733	0.133188	0.990093	0.722987	2.19612	32.9806	
0.998958	-0.00316207	-0.0455282	-0.00307315	0.990672	-0.136235	0.0455343	0.136233	0.98963	0.756831	2.29743	33.725	
0.998909	-0.00330997	-0.0465904	-0.00321493	0.990248	-0.13928	0.0465971	0.139278	0.989156	0.791473	2.40102	34.469	
0.998858	-0.00346148	-0.0476545	-0.00336004	0.989814	-0.142325	0.0476618	0.142322	0.988672	0.826915	2.50691	35.2127	
0.998806	-0.00361659	-0.0487204	-0.00350848	0.989371	-0.145369	0.0487283	0.145367	0.988177	0.863159	2.61508	35.956	
0.998753	-0.00377534	-0.0497881	-0.00366026	0.988919	-0.148413	0.0497966	0.14841	0.987671	0.900205	2.72554	36.6989	
0.998698	-0.00393772	-0.0508575	-0.00381538	0.988457	-0.151456	0.0508668	0.151453	0.987155	0.938056	2.8383	37.4415	
0.998642	-0.00410375	-0.0519286	-0.00397385	0.987985	-0.154499	0.0519387	0.154495	0.986627	0.976712	2.95334	38.1837	
0.998585	-0.00427344	-0.0530014	-0.00413568	0.987504	-0.15754	0.0530123	0.157537	0.986089	1.01617	3.07066	38.9254	
0.998385	-0.00485133	-0.056595	-0.00424693	0.987182	-0.159541	0.0566436	0.159524	0.985568	1.05741	3.18988	39.6668	
0.998172	-0.00543737	-0.0601923	-0.0043661	0.986855	-0.161549	0.0602794	0.161517	0.985027	1.10137	3.3106	40.4078	
0.997945	-0.00603161	-0.0637929	-0.00449326	0.986522	-0.163566	0.0639197	0.163516	0.984468	1.14807	3.43281	41.1483	
0.997704	-0.00663404	-0.0673968	-0.00462845	0.986184	-0.16559	0.0675641	0.165521	0.983889	1.19751	3.55653	41.8884	
0.99745	-0.00724468	-0.0710036	-0.00477174	0.98584	-0.167621	0.0712125	0.167532	0.983291	1.24969	3.68177	42.6281	
0.997182	-0.00786356	-0.074613	-0.00492319	0.985491	-0.169659	0.0748646	0.169548	0.982674	1.30462	3.80851	43.3673	
0.9969	-0.00849068	-0.078225	-0.00508284	0.985135	-0.171704	0.0785201	0.171569	0.982038	1.36229	3.93677	44.1061	
0.996604	-0.00912605	-0.0818392	-0.00525075	0.984775	-0.173756	0.0821789	0.173595	0.981382	1.42272	4.06656	44.8444	
0.996294	-0.00976968	-0.0854554	-0.00542696	0.984409	-0.175813	0.0858407	0.175626	0.980707	1.48589	4.19787	45.5821	
0.995971	-0.0104216	-0.0890735	-0.00561152	0.984037	-0.177877	0.0895053	0.17766	0.980013	1.55183	4.33071	46.3194	
0.995633	-0.0110818	-0.092693	-0.00580447	0.983659	-0.179946	0.0931725	0.179699	0.979299	1.62051	4.46508	47.0561	
0.995282	-0.0117502	-0.096314	-0.00600584	0.983276	-0.182021	0.096842	0.181741	0.978566	1.69196	4.60099	47.7923	
0.994916	-0.0124269	-0.099936	-0.00621567	0.982888	-0.184101	0.100514	0.183787	0.977814	1.76617	4.73843	48.5279	
0.994537	-0.013112	-0.103559	-0.00643399	0.982493	-0.186186	0.104187	0.185835	0.977042	1.84314	4.87741	49.2629	
0.994144	-0.0138053	-0.107182	-0.00666083	0.982094	-0.188276	0.107862	0.187887	0.97625	1.92287	5.01793	49.9974	
0.993736	-0.0145068	-0.110807	-0.00689622	0.981688	-0.19037	0.111539	0.189941	0.975439	2.00537	5.16	50.7313	
0.993315	-0.0152167	-0.114431	-0.00714018	0.981277	-0.192468	0.115217	0.191998	0.974609	2.09063	5.30361	51.4645	
0.992879	-0.0159348	-0.118055	-0.00739273	0.980861	-0.19457	0.118896	0.194057	0.973759	2.17866	5.44878	52.1971	
0.99243	-0.0166612	-0.121679	-0.00765389	0.980439	-0.196675	0.122576	0.196117	0.972889	2.26946	5.59549	52.9291	
0.991966	-0.0173959	-0.125303	-0.00792367	0.980011	-0.198784	0.126256	0.198179	0.972	2.36302	5.74375	53.6604	
0.991488	-0.0181388	-0.128926	-0.00820209	0.979578	-0.200895	0.129937	0.200243	0.971092	2.45935	5.89356	54.391	
0.990997	-0.0188899	-0.132548	-0.00848914	0.97914	-0.20301	0.133618	0.202307	0.970164	2.55845	6.04492	55.1209	
0.990491	-0.0196492	-0.136169	-0.00878484	0.978696	-0.205126	0.137299	0.204372	0.969217	2.66032	6.19783	55.8501	
0.989971	-0.0204168	-0.139789	-0.00908919	0.978247	-0.207245	0.14098	0.206437	0.96825	2.76496	6.3523	56.5786	
0.989437	-0.0211925	-0.143408	-0.00940218	0.977792	-0.209366	0.14466	0.208503	0.967264	2.87236	6.50833	57.3064	
0.988889	-0.0219764	-0.147025	-0.00972382	0.977332	-0.211489	0.14834	0.210568	0.966259	2.98253	6.6659	58.0334	
0.988327	-0.0227685	-0.150639	-0.0100541	0.976867	-0.213613	0.152018	0.212633	0.965234	3.09547	6.82503	58.7597	
0.98775	-0.0235686	-0.154252	-0.010393	0.976396	-0.215738	0.155696	0.214698	0.964191	3.21117	6.98571	59.4852	
0.98716	-0.0243769	-0.157863	-0.0107405	0.97592	-0.217863	0.159372	0.216761	0.963128	3.32964	7.14794	60.2099	
0.986556	-0.0251933	-0.161471	-0.0110966	0.975439	-0.21999	0.163047	0.218824	0.962046	3.45087	7.31173	60.9338	
0.985938	-0.0260177	-0.165076	-0.0114613	0.974953	-0.222116	0.166721	0.220885	0.960944	3.57487	7.47706	61.6568	
0.985305	-0.0268501	-0.168679	-0.0118345	0.974461	-0.224243	0.170392	0.222944	0.959824	3.70163	7.64395	62.3791	
0.984659	-0.0276905	-0.172278	-0.0122163	0.973965	-0.226369	0.174061	0.225001	0.958685	3.83115	7.81238	63.1004	
0.983999	-0.0285389	-0.175874	-0.0126066	0.973463	-0.228495	0.177728	0.227056	0.957527	3.96342	7.98236	63.821	
0.983325	-0.0293952	-0.179467	-0.0130053	0.972957	-0.23062	0.181393	0.229108	0.95635	4.09846	8.15388	64.5406	
0.982637	-0.0302593	-0.183056	-0.0134125	0.972446	-0.232744	0.185055	0.231158	0.955155	4.23624	8.32695	65.2593	
0.981935	-0.0311314	-0.186641	-0.0138281	0.971929	-0.234867	0.188714	0.233205	0.953941	4.37679	8.50155	65.9772	
0.981219	-0.0320112	-0.190222	-0.014252	0.971408	-0.236988	0.19237	0.235248	0.952708	4.52008	8.67769	66.6941	
0.980489	-0.0328988	-0.193799	-0.0146843	0.970882	-0.239107	0.196022	0.237288	0.951457	4.66612	8.85537	67.4101	
0.979746	-0.0337942	-0.197371	-0.0151248	0.970352	-0.241224	0.199672	0.239324	0.950187	4.8149	9.03458	68.1251	
0.978989	-0.0346972	-0.200939	-0.0155735	0.969816	-0.243339	0.203317	0.241355	0.948899	4.96643	9.21532	68.8392	
0.978218	-0.0356079	-0.204502	-0.0160304	0.969277	-0.245451	0.206959	0.243383	0.947593	5.1207	9.39759	69.5523	
0.977434	-0.0365262	-0.20806	-0.0164955	0.968732	-0.24756	0.210597	0.245405	0.946269	5.2777	9.58138	70.2644	
0.973522	-0.0408448	-0.224913	-0.0151892	0.970174	-0.241931	0.228087	0.238942	0.943866	5.44266	9.76351	70.9752	
0.9693	-0.0450474	-0.241721	-0.0137789	0.971578	-0.236318	0.245496	0.232394	0.94113	5.62073	9.94074	71.684	
0.964767	-0.0491326	-0.258476	-0.0122653	0.972942	-0.230723	0.262818	0.225764	0.93806	5.81187	10.113	72.3906	
0.959927	-0.0530988	-0.275174	-0.0106487	0.974267	-0.225146	0.280048	0.219054	0.93466	6.016	10.2803	73.0948	
