1	0	0	0	1	0	0	0	1	0	0	0	
0.999984	-5.06378e-06	0.00562146	-5.06378e-06	0.999998	0.00180157	-0.00562146	-0.00180157	0.999983	-0.00296831	-0.000951287	1.05605	
0.999937	-2.0252e-05	0.0112438	-2.02383e-05	0.999994	0.00360099	-0.0112438	-0.00360099	0.99993	-0.0118737	-0.00380401	2.11207	
0.999858	-4.55561e-05	0.0168668	-4.55012e-05	0.999985	0.00539818	-0.0168668	-0.00539818	0.999843	-0.026717	-0.00855586	3.16802	
0.999747	-8.09672e-05	0.0224903	-8.08301e-05	0.999974	0.00719309	-0.0224903	-0.00719309	0.999721	-0.0474988	-0.0152044	4.22385	
0.999605	-0.000126476	0.0281141	-0.000126202	0.99996	0.00898564	-0.0281141	-0.00898563	0.999564	-0.0742196	-0.0237473	5.27954	
0.999431	-0.000182072	0.0337378	-0.000181593	0.999942	0.0107758	-0.0337378	-0.0107758	0.999373	-0.106879	-0.034182	6.33504	
0.999225	-0.000247747	0.0393615	-0.000246979	0.999921	0.0125634	-0.0393615	-0.0125634	0.999146	-0.145478	-0.0465058	7.39032	
0.998988	-0.000323488	0.0449848	-0.000322336	0.999897	0.0143485	-0.0449848	-0.0143485	0.998885	-0.190016	-0.0607161	8.44534	
0.998719	-0.000409284	0.0506074	-0.000407639	0.99987	0.016131	-0.0506075	-0.0161309	0.998588	-0.240491	-0.0768102	9.50007	
0.998418	-0.000505125	0.0562294	-0.000502863	0.999839	0.0179108	-0.0562294	-0.0179107	0.998257	-0.296905	-0.0947853	10.5545	
0.998085	-0.000610998	0.0618503	-0.000607982	0.999806	0.0196878	-0.0618503	-0.0196877	0.997891	-0.359254	-0.114638	11.6085	
0.997721	-0.00072689	0.06747	-0.00072297	0.999769	0.0214621	-0.0674701	-0.0214619	0.99749	-0.42754	-0.136367	12.6621	
0.997325	-0.00085279	0.0730883	-0.000847801	0.99973	0.0232334	-0.0730884	-0.0232332	0.997055	-0.501759	-0.159967	13.7153	
0.996897	-0.000988682	0.078705	-0.000982447	0.999687	0.0250019	-0.0787051	-0.0250016	0.996584	-0.581911	-0.185437	14.768	
0.996438	-0.00113455	0.0843199	-0.00112688	0.999641	0.0267673	-0.08432	-0.026767	0.996079	-0.667993	-0.212772	15.8202	
0.995947	-0.00129039	0.0899328	-0.00128108	0.999592	0.0285296	-0.0899329	-0.0285292	0.995539	-0.760004	-0.24197	16.8718	
0.995424	-0.00145618	0.0955434	-0.001445	0.99954	0.0302889	-0.0955435	-0.0302883	0.994964	-0.857942	-0.273028	17.9229	
0.99487	-0.0016319	0.101152	-0.00161863	0.999485	0.0320449	-0.101152	-0.0320442	0.994355	-0.961803	-0.305942	18.9733	
0.994283	-0.00181755	0.106757	-0.00180194	0.999427	0.0337977	-0.106757	-0.0337969	0.993711	-1.07159	-0.340708	20.0231	
0.993666	-0.0020131	0.11236	-0.00199489	0.999366	0.0355472	-0.11236	-0.0355462	0.993032	-1.18729	-0.377323	21.0721	
0.993016	-0.00221853	0.117959	-0.00219745	0.999302	0.0372933	-0.11796	-0.037292	0.992318	-1.3089	-0.415784	22.1205	
0.992335	-0.00243384	0.123556	-0.0024096	0.999235	0.039036	-0.123556	-0.0390345	0.99157	-1.43643	-0.456087	23.168	
0.991622	-0.002659	0.129148	-0.00263131	0.999165	0.0407751	-0.129149	-0.0407733	0.990787	-1.56987	-0.498228	24.2148	
0.990877	-0.002894	0.134738	-0.00286253	0.999092	0.0425107	-0.134738	-0.0425086	0.989969	-1.70921	-0.542203	25.2607	
0.990101	-0.00313882	0.140323	-0.00310325	0.999016	0.0442427	-0.140324	-0.0442402	0.989117	-1.85445	-0.588009	26.3057	
0.989293	-0.00339343	0.145904	-0.00335343	0.998937	0.045971	-0.145905	-0.0459681	0.98823	-2.00559	-0.635642	27.3498	
0.988453	-0.00365783	0.151481	-0.00361304	0.998855	0.0476956	-0.151482	-0.0476922	0.987309	-2.16262	-0.685098	28.3929	
0.987582	-0.00393199	0.157053	-0.00388204	0.998771	0.0494164	-0.157054	-0.0494124	0.986353	-2.32553	-0.736372	29.4351	
0.98668	-0.00421589	0.162621	-0.0041604	0.998683	0.0511333	-0.162622	-0.0511287	0.985363	-2.49433	-0.789461	30.4762	
0.985745	-0.00450951	0.168183	-0.0044481	0.998593	0.0528463	-0.168185	-0.0528411	0.984338	-2.66901	-0.844361	31.5163	
0.98478	-0.00481283	0.173741	-0.00474509	0.998499	0.0545553	-0.173742	-0.0545494	0.983279	-2.84956	-0.901066	32.5553	
0.983782	-0.00512583	0.179293	-0.00505134	0.998403	0.0562603	-0.179295	-0.0562535	0.982186	-3.03597	-0.959574	33.5931	
0.982754	-0.00544849	0.184839	-0.00536681	0.998304	0.0579612	-0.184842	-0.0579536	0.981058	-3.22825	-1.01988	34.6297	
0.981693	-0.00578078	0.19038	-0.00569148	0.998203	0.0596579	-0.190383	-0.0596493	0.979896	-3.42638	-1.08198	35.6652	
0.980602	-0.00612269	0.195915	-0.00602531	0.998098	0.0613505	-0.195918	-0.0613408	0.9787	-3.63036	-1.14586	36.6994	
0.979479	-0.0064742	0.201444	-0.00636825	0.997991	0.0630387	-0.201447	-0.0630279	0.977469	-3.84018	-1.21153	37.7323	
0.978324	-0.00683527	0.206966	-0.00672028	0.997881	0.0647227	-0.20697	-0.0647106	0.976205	-4.05584	-1.27898	38.7639	
0.977138	-0.00720588	0.212482	-0.00708136	0.997768	0.0664022	-0.212486	-0.0663888	0.974906	-4.27732	-1.34821	39.7942	
0.975921	-0.00758602	0.217991	-0.00745145	0.997652	0.0680774	-0.217995	-0.0680625	0.973574	-4.50463	-1.4192	40.823	
0.974673	-0.00797565	0.223493	-0.00783052	0.997534	0.069748	-0.223498	-0.0697316	0.972207	-4.73775	-1.49196	41.8505	
0.973393	-0.00837475	0.228987	-0.00821852	0.997413	0.0714141	-0.228993	-0.071396	0.970806	-4.97668	-1.56648	42.8764	
0.972083	-0.0087833	0.234475	-0.00861543	0.997289	0.0730756	-0.234481	-0.0730556	0.969372	-5.22141	-1.64276	43.9009	
0.970741	-0.00920127	0.239955	-0.00902119	0.997163	0.0747325	-0.239961	-0.0747105	0.967903	-5.47193	-1.72078	44.9238	
0.969367	-0.00962864	0.245427	-0.00943578	0.997034	0.0763846	-0.245434	-0.0763606	0.966401	-5.72824	-1.80055	45.9452	
0.967963	-0.0100654	0.250891	-0.00985916	0.996902	0.078032	-0.250899	-0.0780057	0.964865	-5.99032	-1.88206	46.965	
0.966528	-0.0105115	0.256346	-0.0102913	0.996768	0.0796746	-0.256355	-0.0796458	0.963296	-6.25816	-1.96531	47.9831	
0.965062	-0.0109668	0.261794	-0.0107321	0.996631	0.0813123	-0.261803	-0.0812809	0.961692	-6.53177	-2.05028	48.9996	
0.963564	-0.0114315	0.267232	-0.0111816	0.996491	0.082945	-0.267243	-0.082911	0.960056	-6.81112	-2.13698	50.0143	
0.962036	-0.0119055	0.272662	-0.0116397	0.996349	0.0845728	-0.272674	-0.0845358	0.958385	-7.09621	-2.2254	51.0273	
0.960477	-0.0123886	0.278083	-0.0121064	0.996205	0.0861956	-0.278096	-0.0861555	0.956682	-7.38704	-2.31553	52.0385	
0.958887	-0.012881	0.283495	-0.0125817	0.996057	0.0878133	-0.283508	-0.0877699	0.954945	-7.68358	-2.40737	53.0479	
0.957267	-0.0133825	0.288897	-0.0130654	0.995908	0.0894258	-0.288912	-0.0893789	0.953174	-7.98584	-2.50091	54.0555	
0.955615	-0.0138932	0.29429	-0.0135576	0.995756	0.0910332	-0.294305	-0.0909826	0.951371	-8.29379	-2.59614	55.0611	
0.953933	-0.014413	0.299672	-0.0140583	0.995601	0.0926354	-0.299689	-0.0925808	0.949534	-8.60744	-2.69307	56.0649	
0.952221	-0.0149419	0.305045	-0.0145673	0.995444	0.0942322	-0.305063	-0.0941735	0.947664	-8.92677	-2.79168	57.0667	
0.950477	-0.0154798	0.310408	-0.0150846	0.995284	0.0958237	-0.310427	-0.0957607	0.945761	-9.25177	-2.89198	58.0664	
0.948704	-0.0160268	0.31576	-0.0156103	0.995122	0.0974099	-0.315781	-0.0973422	0.943826	-9.58243	-2.99394	59.0642	
0.9469	-0.0165827	0.321101	-0.0161442	0.994957	0.0989906	-0.321124	-0.0989181	0.941857	-9.91873	-3.09757	60.0599	
0.945065	-0.0171476	0.326432	-0.0166863	0.99479	0.100566	-0.326456	-0.100488	0.939856	-10.2607	-3.20286	61.0535	
0.9432	-0.0177214	0.331752	-0.0172366	0.994621	0.102136	-0.331777	-0.102053	0.937821	-10.6082	-3.30981	62.045	
0.941305	-0.0183042	0.33706	-0.017795	0.994449	0.1037	-0.337088	-0.103611	0.935755	-10.9614	-3.41841	63.0343	
0.93938	-0.0188957	0.342357	-0.0183614	0.994275	0.105258	-0.342386	-0.105164	0.933655	-11.3202	-3.52865	64.0214	
0.937424	-0.0194961	0.347643	-0.0189359	0.994099	0.106811	-0.347674	-0.10671	0.931523	-11.6846	-3.64052	65.0063	
0.935439	-0.0201053	0.352917	-0.0195184	0.99392	0.108358	-0.352949	-0.108251	0.929359	-12.0545	-3.75403	65.9889	
0.933423	-0.0207233	0.358178	-0.0201088	0.993739	0.109899	-0.358213	-0.109785	0.927163	-12.4301	-3.86916	66.9692	
0.929979	-0.0217699	0.366968	-0.0204782	0.993627	0.110842	-0.367042	-0.110595	0.923606	-12.813	-3.98553	67.9465	
0.926451	-0.0228242	0.375723	-0.0208558	0.993514	0.111779	-0.375838	-0.111394	0.919966	-13.2053	-4.10275	68.9199	
0.922839	-0.023886	0.384444	-0.0212416	0.993401	0.112711	-0.384599	-0.11218	0.916242	-13.6068	-4.2208	69.8895	
0.912511	-0.0267426	0.408177	-0.0195172	0.993878	0.108748	-0.408587	-0.1072	0.906402	-14.0257	-4.33665	70.852	
0.901562	-0.0294686	0.431646	-0.0176892	0.994333	0.10483	-0.432289	-0.102146	0.895931	-14.4697	-4.4472	71.8037	
0.889999	-0.032062	0.454834	-0.0157587	0.994766	0.100959	-0.45569	-0.0970207	0.884835	-14.9386	-4.55237	72.7441	
0.877831	-0.034521	0.477725	-0.0137272	0.995176	0.0971369	-0.478774	-0.0918276	0.873123	-15.4321	-4.65209	73.6724	
0.865066	-0.036844	0.500303	-0.0115961	0.995564	0.0933674	-0.501524	-0.0865705	0.860802	-15.9497	-4.7463	74.588	
0.851714	-0.0390293	0.522552	-0.00936675	0.995929	0.0896527	-0.523924	-0.081253	0.847881	-16.4912	-4.83492	75.4903	
0.837782	-0.0410754	0.544457	-0.00704084	0.996271	0.0859955	-0.545959	-0.075879	0.834369	-17.0562	-4.91789	76.3786	
0.823282	-0.0429808	0.566003	-0.00461995	0.996589	0.0823983	-0.567614	-0.070452	0.820275	-17.6442	-4.99517	77.2524	
0.808223	-0.0447442	0.587174	-0.00210576	0.996883	0.0788637	-0.588872	-0.0649759	0.80561	-18.2549	-5.06668	78.1109	
0.792616	-0.0463645	0.607956	0.000499964	0.997154	0.075394	-0.609721	-0.0594545	0.790383	-18.8878	-5.13239	78.9537	
0.776471	-0.0478404	0.628334	0.00319542	0.9974	0.0719917	-0.630144	-0.0538917	0.774606	-19.5426	-5.19224	79.7801	
0.759801	-0.0491709	0.648294	0.00597871	0.997622	0.0686593	-0.650129	-0.0482914	0.758288	-20.2186	-5.2462	80.5896	
0.742615	-0.0503552	0.667823	0.00884792	0.99782	0.0653989	-0.66966	-0.0426574	0.741442	-20.9156	-5.29423	81.3815	
0.724927	-0.0513924	0.686906	0.011801	0.997993	0.0622128	-0.688724	-0.0369936	0.724079	-21.6329	-5.33629	82.1554	
0.706749	-0.0522817	0.70553	0.014836	0.998142	0.0591034	-0.707309	-0.0313041	0.706211	-22.3701	-5.37235	82.9107	
0.688093	-0.0530226	0.723682	0.0179507	0.998265	0.0560727	-0.7254	-0.0255927	0.687852	-23.1266	-5.4024	83.6468	
0.668973	-0.0536145	0.74135	0.0211429	0.998364	0.0531229	-0.742986	-0.0198635	0.669012	-23.902	-5.4264	84.3634	
0.649402	-0.054057	0.758522	0.0244105	0.998438	0.0502561	-0.760054	-0.0141205	0.649707	-24.6957	-5.44435	85.0597	
0.629393	-0.0543498	0.775185	0.0277512	0.998487	0.0474741	-0.776592	-0.00836757	0.629948	-25.5071	-5.45622	85.7355	
0.60896	-0.0544927	0.791327	0.0311625	0.998511	0.044779	-0.792589	-0.00260886	0.609751	-26.3358	-5.46202	86.3901	
0.588118	-0.0544857	0.806938	0.0346423	0.99851	0.0421727	-0.808033	0.00315168	0.589129	-27.181	-5.46173	87.0232	
0.566881	-0.0543286	0.822007	0.0381879	0.998483	0.0396569	-0.822914	0.00891002	0.568095	-28.0422	-5.45536	87.6343	
0.545263	-0.0540217	0.836522	0.041797	0.998432	0.0372334	-0.837222	0.0146621	0.546666	-28.9189	-5.44291	88.2229	
0.523281	-0.0535651	0.850475	0.0454671	0.998356	0.0349039	-0.850946	0.0204041	0.524856	-29.8103	-5.4244	88.7888	
0.500949	-0.0529591	0.863855	0.0491955	0.998255	0.0326701	-0.864077	0.0261317	0.502681	-30.716	-5.39982	89.3314	
0.478284	-0.0522042	0.876652	0.0529798	0.998129	0.0305334	-0.876606	0.0318412	0.480154	-31.6352	-5.36921	89.8504	
0.455299	-0.0513009	0.888859	0.0568171	0.997978	0.0284954	-0.888524	0.0375285	0.457293	-32.5673	-5.33258	90.3454	
0.432013	-0.0502499	0.900467	0.060705	0.997802	0.0265575	-0.899822	0.0431896	0.434114	-33.5116	-5.28995	90.8161	
0.40844	-0.0490518	0.911466	0.0646406	0.997602	0.024721	-0.910493	0.0488206	0.410631	-34.4676	-5.24137	91.2622	
0.384598	-0.0477075	0.921851	0.0686212	0.997378	0.0229873	-0.92053	0.0544176	0.386863	-35.4345	-5.18685	91.6833	
0.360502	-0.0462179	0.931613	0.0726441	0.997129	0.0213575	-0.929925	0.0599767	0.362825	-36.4116	-5.12644	92.0792	
