1	0	0	0	1	0	0	0	1	0	0	0	
0.999996	2.39387e-06	0.00278002	2.39387e-06	0.999999	-0.00172219	-0.00278002	0.00172219	0.999995	-0.00133525	0.000827174	0.960604	
0.999984	9.60583e-06	0.00556837	9.60891e-06	0.999994	-0.00345065	-0.00556837	0.00345065	0.999979	-0.00534501	0.00331171	1.9212	
0.999965	2.16818e-05	0.00836493	2.16941e-05	0.999987	-0.00518532	-0.00836493	0.00518532	0.999952	-0.0120372	0.0074596	2.88177	
0.999938	3.8667e-05	0.0111696	3.8698e-05	0.999976	-0.0069261	-0.0111696	0.0069261	0.999914	-0.0214197	0.0132768	3.84231	
0.999902	6.06062e-05	0.0139822	6.06684e-05	0.999962	-0.00867294	-0.0139822	0.00867294	0.999865	-0.0335002	0.020769	4.80281	
0.999859	8.75436e-05	0.0168025	8.76527e-05	0.999946	-0.0104258	-0.0168025	0.0104258	0.999804	-0.0482862	0.0299422	5.76326	
0.999807	0.000119523	0.0196306	0.000119698	0.999926	-0.0121845	-0.0196306	0.0121845	0.999733	-0.0657852	0.040802	6.72365	
0.999748	0.000156586	0.0224662	0.00015685	0.999903	-0.013949	-0.0224662	0.013949	0.99965	-0.0860044	0.053354	7.68396	
0.99968	0.000198777	0.0253093	0.000199155	0.999876	-0.0157193	-0.0253093	0.0157193	0.999556	-0.108951	0.0676037	8.64418	
0.999603	0.000246137	0.0281596	0.000246658	0.999847	-0.0174952	-0.0281596	0.0174952	0.99945	-0.134632	0.0835568	9.60431	
0.999519	0.000298707	0.0310171	0.000299403	0.999814	-0.0192768	-0.0310171	0.0192768	0.999333	-0.163055	0.101219	10.5643	
0.999426	0.000356527	0.0338816	0.000357435	0.999778	-0.0210639	-0.0338816	0.0210639	0.999204	-0.194226	0.120594	11.5242	
0.999324	0.000419638	0.036753	0.000420797	0.999739	-0.0228564	-0.036753	0.0228564	0.999063	-0.228152	0.141689	12.484	
0.999214	0.000488079	0.0396311	0.000489531	0.999696	-0.0246543	-0.0396311	0.0246543	0.99891	-0.26484	0.164509	13.4436	
0.999096	0.000561888	0.0425159	0.000563681	0.99965	-0.0264574	-0.0425159	0.0264575	0.998745	-0.304295	0.189058	14.4031	
0.998968	0.000641104	0.0454072	0.000643287	0.9996	-0.0282658	-0.0454072	0.0282659	0.998569	-0.346525	0.215342	15.3624	
0.998832	0.000725765	0.0483048	0.000728391	0.999547	-0.0300793	-0.0483048	0.0300794	0.99838	-0.391535	0.243365	16.3216	
0.998688	0.000815907	0.0512087	0.000819033	0.999491	-0.0318979	-0.0512086	0.031898	0.998178	-0.439332	0.273133	17.2805	
0.998534	0.000911565	0.0541186	0.000915254	0.999431	-0.0337215	-0.0541185	0.0337216	0.997965	-0.489921	0.304651	18.2393	
0.998372	0.00101278	0.0570345	0.00101709	0.999367	-0.0355499	-0.0570344	0.0355501	0.997739	-0.543308	0.337922	19.1978	
0.9982	0.00111958	0.0599562	0.00112459	0.9993	-0.0373832	-0.0599561	0.0373834	0.997501	-0.599499	0.372952	20.1562	
0.99802	0.001232	0.0628836	0.00123777	0.99923	-0.0392212	-0.0628835	0.0392214	0.99725	-0.658499	0.409746	21.1142	
0.997831	0.00135008	0.0658166	0.00135669	0.999156	-0.0410639	-0.0658165	0.0410641	0.996986	-0.720314	0.448307	22.0721	
0.997632	0.00147384	0.068755	0.00148138	0.999078	-0.0429112	-0.0687548	0.0429114	0.99671	-0.784949	0.488641	23.0297	
0.997425	0.00160333	0.0716987	0.00161187	0.998996	-0.044763	-0.0716985	0.0447633	0.996421	-0.85241	0.530751	23.987	
0.997208	0.00173857	0.0746475	0.00174821	0.998911	-0.0466192	-0.0746473	0.0466195	0.99612	-0.9227	0.574643	24.944	
0.996983	0.0018796	0.0776014	0.00189041	0.998822	-0.0484797	-0.0776012	0.0484801	0.995805	-0.995826	0.62032	25.9007	
0.996748	0.00202644	0.0805602	0.00203853	0.99873	-0.0503445	-0.0805599	0.050345	0.995478	-1.07179	0.667786	26.8571	
0.996503	0.00217913	0.0835237	0.00219259	0.998634	-0.0522135	-0.0835234	0.0522141	0.995137	-1.1506	0.717045	27.8132	
0.99625	0.00233768	0.0864919	0.00235262	0.998533	-0.0540867	-0.0864915	0.0540873	0.994783	-1.23226	0.768102	28.769	
0.995987	0.00250214	0.0894645	0.00251867	0.99843	-0.0559638	-0.089464	0.0559646	0.994416	-1.31677	0.82096	29.7244	
0.995715	0.00267253	0.0924415	0.00269075	0.998322	-0.0578449	-0.092441	0.0578457	0.994036	-1.40414	0.875624	30.6795	
0.995433	0.00284888	0.0954227	0.00286891	0.99821	-0.0597299	-0.0954221	0.0597308	0.993643	-1.49437	0.932096	31.6342	
0.995142	0.00303121	0.0984081	0.00305316	0.998095	-0.0616186	-0.0984074	0.0616197	0.993237	-1.58747	0.990381	32.5885	
0.994841	0.00321955	0.101397	0.00324355	0.997976	-0.0635111	-0.101397	0.0635123	0.992817	-1.68344	1.05048	33.5424	
0.994531	0.00341393	0.10439	0.0034401	0.997853	-0.0654071	-0.10439	0.0654085	0.992383	-1.78228	1.1124	34.4959	
0.994211	0.00361436	0.107387	0.00364283	0.997726	-0.0673068	-0.107386	0.0673083	0.991936	-1.88399	1.17615	35.449	
0.993881	0.00382088	0.110388	0.00385179	0.997595	-0.0692099	-0.110386	0.0692116	0.991476	-1.98859	1.24172	36.4016	
0.993542	0.0040335	0.113391	0.00406698	0.99746	-0.0711163	-0.11339	0.0711182	0.991002	-2.09607	1.30912	37.3538	
0.993193	0.00425225	0.116398	0.00428845	0.997321	-0.0730261	-0.116397	0.0730282	0.990514	-2.20644	1.37835	38.3055	
0.992835	0.00447715	0.119409	0.00451622	0.997178	-0.0749391	-0.119407	0.0749414	0.990013	-2.3197	1.44942	39.2568	
0.992467	0.00470822	0.122422	0.0047503	0.997031	-0.0768552	-0.12242	0.0768578	0.989498	-2.43585	1.52233	40.2075	
0.992089	0.00494549	0.125438	0.00499073	0.99688	-0.0787744	-0.125436	0.0787773	0.988969	-2.55489	1.59709	41.1578	
0.991702	0.00518896	0.128457	0.00523753	0.996725	-0.0806966	-0.128455	0.0806997	0.988426	-2.67684	1.67368	42.1076	
0.991304	0.00543867	0.131479	0.00549072	0.996566	-0.0826216	-0.131476	0.0826251	0.98787	-2.80168	1.75213	43.0568	
0.990897	0.00569462	0.134503	0.00575033	0.996403	-0.0845495	-0.1345	0.0845533	0.9873	-2.92943	1.83243	44.0055	
0.99048	0.00595685	0.137529	0.00601637	0.996235	-0.0864801	-0.137526	0.0864842	0.986715	-3.06009	1.91458	44.9536	
0.990053	0.00622535	0.140558	0.00628887	0.996064	-0.0884133	-0.140555	0.0884178	0.986117	-3.19365	1.99858	45.9012	
0.989616	0.00650016	0.143588	0.00656785	0.995888	-0.0903492	-0.143585	0.0903541	0.985505	-3.33012	2.08445	46.8481	
0.989169	0.00678128	0.146621	0.00685333	0.995709	-0.0922875	-0.146618	0.0922928	0.984878	-3.46951	2.17217	47.7945	
0.988713	0.00706873	0.149656	0.00714533	0.995525	-0.0942282	-0.149652	0.0942339	0.984238	-3.61181	2.26176	48.7403	
0.988246	0.00736252	0.152692	0.00744386	0.995337	-0.0961712	-0.152688	0.0961774	0.983583	-3.75702	2.35322	49.6854	
0.98777	0.00766268	0.15573	0.00774894	0.995145	-0.0981164	-0.155725	0.0981232	0.982915	-3.90516	2.44654	50.63	
0.987284	0.0079692	0.158769	0.00806059	0.994948	-0.100064	-0.158764	0.100071	0.982232	-4.05621	2.54173	51.5738	
0.986787	0.00828211	0.16181	0.00837883	0.994748	-0.102013	-0.161805	0.102021	0.981535	-4.21018	2.6388	52.517	
0.986281	0.00860142	0.164851	0.00870367	0.994543	-0.103965	-0.164846	0.103973	0.980824	-4.36707	2.73774	53.4596	
0.985765	0.00892713	0.167894	0.00903513	0.994334	-0.105918	-0.167888	0.105927	0.980098	-4.52688	2.83856	54.4014	
0.985238	0.00925926	0.170938	0.00937322	0.99412	-0.107873	-0.170932	0.107883	0.979359	-4.68962	2.94125	55.3425	
0.984702	0.00959781	0.173983	0.00971795	0.993903	-0.10983	-0.173976	0.109841	0.978605	-4.85528	3.04582	56.2829	
0.984156	0.0099428	0.177028	0.0100693	0.993681	-0.111789	-0.177021	0.1118	0.977837	-5.02386	3.15228	57.2226	
0.983599	0.0102942	0.180073	0.0104274	0.993455	-0.113749	-0.180066	0.113761	0.977054	-5.19537	3.26062	58.1616	
0.983033	0.0106521	0.18312	0.0107921	0.993224	-0.115711	-0.183111	0.115724	0.976257	-5.36981	3.37084	59.0997	
0.982388	0.0110655	0.186524	0.011813	0.99257	-0.1211	-0.186479	0.121171	0.974958	-5.54733	3.48462	60.0369	
0.98173	0.0114986	0.18993	0.0128529	0.991885	-0.126485	-0.189844	0.126615	0.973616	-5.72807	3.60363	60.9728	
0.98106	0.0119514	0.193337	0.0139118	0.99117	-0.131864	-0.193206	0.132056	0.972231	-5.91205	3.72787	61.9074	
0.980376	0.012424	0.196743	0.0149898	0.990425	-0.137238	-0.196565	0.137494	0.970803	-6.09926	3.85734	62.8407	
0.97968	0.0129163	0.200149	0.0160868	0.989649	-0.142606	-0.19992	0.142928	0.969332	-6.2897	3.99203	63.7725	
0.978972	0.0134283	0.203554	0.0172029	0.988842	-0.147968	-0.20327	0.148358	0.967818	-6.48335	4.13194	64.703	
0.97825	0.01396	0.206958	0.0183378	0.988006	-0.153324	-0.206616	0.153784	0.966261	-6.68022	4.27706	65.6319	
0.977517	0.0145113	0.210359	0.0194917	0.987139	-0.158672	-0.209956	0.159205	0.964662	-6.8803	4.42739	66.5593	
0.97677	0.0150821	0.213757	0.0206645	0.986242	-0.164014	-0.21329	0.164621	0.96302	-7.08359	4.58292	67.4852	
0.976012	0.0156725	0.217152	0.0218562	0.985314	-0.169348	-0.216617	0.170032	0.961336	-7.29008	4.74366	68.4095	
0.975241	0.0162824	0.220543	0.0230666	0.984356	-0.174674	-0.219937	0.175437	0.959609	-7.49975	4.90959	69.3321	
0.974459	0.0169117	0.22393	0.0242958	0.983368	-0.179992	-0.223249	0.180836	0.95784	-7.71262	5.08071	70.2531	
0.973871	0.0174164	0.226434	0.0296482	0.978772	-0.202797	-0.22516	0.204212	0.952681	-7.928	5.26566	71.1708	
0.973278	0.0179824	0.228925	0.0350446	0.973619	-0.225472	-0.22694	0.22747	0.946972	-8.14516	5.473	72.0832	
0.972681	0.0186091	0.231399	0.040482	0.967913	-0.248004	-0.22859	0.250597	0.940717	-8.36396	5.70263	72.9899	
0.972079	0.0192963	0.233857	0.0459572	0.961656	-0.270381	-0.230107	0.273579	0.933919	-8.58428	5.95441	73.8904	
0.971474	0.0200435	0.236296	0.051467	0.954852	-0.292588	-0.231492	0.296403	0.926583	-8.806	6.22818	74.784	
0.970866	0.0208503	0.238715	0.0570083	0.947506	-0.314614	-0.232744	0.319057	0.918713	-9.02899	6.52381	75.6704	
0.970254	0.0217163	0.241113	0.0625779	0.939621	-0.336446	-0.233861	0.341527	0.910312	-9.25311	6.8411	76.5489	
0.96964	0.022641	0.243488	0.0681725	0.931202	-0.358071	-0.234844	0.363799	0.901387	-9.47824	7.17989	77.4191	
0.969023	0.0236237	0.245839	0.073789	0.922254	-0.379477	-0.235691	0.385862	0.891942	-9.70425	7.53997	78.2805	
0.968404	0.0246641	0.248165	0.0794241	0.912782	-0.400652	-0.236402	0.407703	0.881982	-9.93101	7.92114	79.1325	
0.967783	0.0257614	0.250463	0.0850745	0.902791	-0.421582	-0.236976	0.429308	0.871514	-10.1584	8.32318	79.9748	
0.967161	0.026915	0.252734	0.090737	0.892287	-0.442256	-0.237415	0.450666	0.860543	-10.3862	8.74585	80.8067	
0.966539	0.0281242	0.254975	0.0964084	0.881276	-0.462663	-0.237716	0.471763	0.849076	-10.6145	9.18892	81.6279	
0.965915	0.0293885	0.257186	0.102085	0.869766	-0.48279	-0.23788	0.492589	0.83712	-10.8429	9.65212	82.4378	
0.965291	0.0307069	0.259364	0.107764	0.857761	-0.502626	-0.237907	0.513131	0.82468	-11.0714	10.1352	83.236	
0.964668	0.0320788	0.26151	0.113443	0.845269	-0.522159	-0.237796	0.533376	0.811765	-11.2999	10.6379	84.0221	
0.964044	0.0335035	0.26362	0.119116	0.832298	-0.541379	-0.237549	0.553315	0.798382	-11.5283	11.1598	84.7955	
0.963422	0.0349799	0.265696	0.124783	0.818855	-0.560273	-0.237164	0.572934	0.784538	-11.7563	11.7008	85.5558	
0.962801	0.0365074	0.267734	0.130438	0.804947	-0.578831	-0.236643	0.592222	0.770242	-11.9839	12.2604	86.3026	
0.962181	0.038085	0.269734	0.13608	0.790583	-0.597043	-0.235986	0.611169	0.755502	-12.2109	12.8385	87.0354	
0.961564	0.0397118	0.271695	0.141704	0.775771	-0.614898	-0.235192	0.629764	0.740326	-12.4372	13.4345	87.7539	
0.960948	0.0413869	0.273616	0.147308	0.760519	-0.632385	-0.234262	0.647995	0.724723	-12.6627	14.0483	88.4576	
0.960335	0.0431093	0.275495	0.152887	0.744836	-0.649495	-0.233198	0.665853	0.708702	-12.8872	14.6793	89.1461	
0.959726	0.044878	0.277331	0.15844	0.728732	-0.666218	-0.231999	0.683327	0.692272	-13.1107	15.3274	89.8191	
0.959119	0.046692	0.279124	0.163963	0.712215	-0.682543	-0.230666	0.700406	0.675444	-13.3329	15.992	90.476	
