1	0	0	0	1	0	0	0	1	0	0	0	
0.999988	3.10287e-06	-0.00483115	3.10287e-06	0.999999	0.00128452	0.00483115	-0.00128452	0.999988	0.0023375	-0.000621501	0.967673	
0.999953	1.24222e-05	-0.00966315	1.24389e-05	0.999997	0.00257271	0.00966315	-0.00257271	0.99995	0.00935041	-0.00248778	1.93532	
0.999895	2.79781e-05	-0.0144958	2.80448e-05	0.999993	0.00386454	0.0144958	-0.00386454	0.999887	0.0210395	-0.00560238	2.90292	
0.999813	4.97901e-05	-0.019329	4.99568e-05	0.999987	0.00515996	0.019329	-0.00515996	0.9998	0.0374053	-0.00996879	3.87045	
0.999708	7.78775e-05	-0.0241626	7.82111e-05	0.999979	0.00645892	0.0241626	-0.00645892	0.999687	0.0584482	-0.0155905	4.83788	
0.99958	0.000112259	-0.0289963	0.000112843	0.99997	0.00776139	0.0289963	-0.0077614	0.999549	0.0841686	-0.0224708	5.80519	
0.999428	0.000152954	-0.0338301	0.000153889	0.999959	0.00906732	0.0338301	-0.00906734	0.999386	0.114566	-0.0306132	6.77235	
0.999252	0.00019998	-0.0386637	0.000201382	0.999946	0.0103767	0.0386637	-0.0103767	0.999198	0.149642	-0.040021	7.73935	
0.999054	0.000253354	-0.043497	0.000255358	0.999932	0.0116894	0.043497	-0.0116894	0.998985	0.189394	-0.0506975	8.70615	
0.998831	0.000313095	-0.0483298	0.000315851	0.999915	0.0130055	0.0483298	-0.0130055	0.998747	0.233824	-0.0626459	9.67273	
0.998586	0.00037922	-0.053162	0.000382895	0.999897	0.0143248	0.053162	-0.0143249	0.998483	0.28293	-0.0758694	10.6391	
0.998317	0.000451744	-0.0579934	0.000456524	0.999877	0.0156474	0.0579934	-0.0156475	0.998194	0.336711	-0.0903712	11.6051	
0.998024	0.000530686	-0.0628238	0.00053677	0.999856	0.0169732	0.0628238	-0.0169733	0.99788	0.395167	-0.106154	12.5709	
0.997709	0.000616059	-0.0676531	0.000623666	0.999832	0.0183021	0.067653	-0.0183023	0.997541	0.458297	-0.123222	13.5364	
0.99737	0.000707881	-0.0724811	0.000717245	0.999807	0.0196341	0.072481	-0.0196345	0.997177	0.526099	-0.141578	14.5015	
0.997007	0.000806166	-0.0773076	0.000817539	0.99978	0.0209692	0.0773075	-0.0209697	0.996787	0.598573	-0.161223	15.4663	
0.996621	0.000910929	-0.0821325	0.000924579	0.999751	0.0223073	0.0821324	-0.0223079	0.996372	0.675716	-0.182163	16.4306	
0.996212	0.00102219	-0.0869556	0.0010384	0.99972	0.0236484	0.0869554	-0.0236491	0.995931	0.757527	-0.204399	17.3946	
0.995779	0.00113995	-0.0917768	0.00115902	0.999687	0.0249924	0.0917766	-0.0249933	0.995466	0.844005	-0.227934	18.3581	
0.995323	0.00126423	-0.0965958	0.00128649	0.999652	0.0263393	0.0965956	-0.0263403	0.994975	0.935147	-0.252771	19.3212	
0.994843	0.00139505	-0.101413	0.00142082	0.999616	0.027689	0.101412	-0.0276903	0.994459	1.03095	-0.278913	20.2837	
0.994341	0.00153241	-0.106227	0.00156206	0.999577	0.0290414	0.106227	-0.029043	0.993918	1.13141	-0.306363	21.2458	
0.993815	0.00167634	-0.111039	0.00171022	0.999536	0.0303966	0.111038	-0.0303985	0.993351	1.23654	-0.335123	22.2073	
0.993265	0.00182684	-0.115848	0.00186534	0.999494	0.0317545	0.115847	-0.0317567	0.992759	1.34631	-0.365196	23.1683	
0.992693	0.00198392	-0.120654	0.00202744	0.999449	0.033115	0.120653	-0.0331177	0.992142	1.46074	-0.396585	24.1286	
0.992097	0.00214759	-0.125457	0.00219656	0.999403	0.0344781	0.125456	-0.0344812	0.9915	1.57982	-0.429292	25.0884	
0.991478	0.00231787	-0.130256	0.00237272	0.999355	0.0358438	0.130255	-0.0358473	0.990832	1.70354	-0.46332	26.0475	
0.990835	0.00249477	-0.135053	0.00255595	0.999304	0.0372119	0.135051	-0.037216	0.990139	1.83191	-0.498671	27.006	
0.99017	0.0026783	-0.139845	0.00274627	0.999252	0.0385824	0.139844	-0.0385872	0.989421	1.96491	-0.535347	27.9638	
0.989481	0.00286846	-0.144634	0.00294372	0.999197	0.0399554	0.144633	-0.0399608	0.988678	2.10255	-0.573352	28.9209	
0.988769	0.00306528	-0.149419	0.00314832	0.999141	0.0413306	0.149418	-0.0413369	0.98791	2.24483	-0.612687	29.8772	
0.988034	0.00326874	-0.1542	0.00336008	0.999082	0.0427082	0.154198	-0.0427153	0.987116	2.39173	-0.653355	30.8328	
0.987276	0.00347888	-0.158977	0.00357905	0.999021	0.044088	0.158975	-0.044096	0.986297	2.54325	-0.695357	31.7876	
0.986495	0.00369569	-0.16375	0.00380525	0.998958	0.04547	0.163747	-0.045479	0.985453	2.6994	-0.738697	32.7416	
0.985691	0.00391918	-0.168518	0.00403869	0.998894	0.0468541	0.168515	-0.0468642	0.984584	2.86016	-0.783377	33.6948	
0.984864	0.00414936	-0.173281	0.0042794	0.998827	0.0482403	0.173278	-0.0482516	0.98369	3.02553	-0.829397	34.6472	
0.984014	0.00438624	-0.178039	0.00452741	0.998757	0.0496285	0.178036	-0.0496412	0.982771	3.19551	-0.876762	35.5986	
0.983141	0.00462982	-0.182793	0.00478274	0.998686	0.0510187	0.182789	-0.0510328	0.981827	3.37009	-0.925472	36.5492	
0.982245	0.00488011	-0.187541	0.00504541	0.998613	0.0524108	0.187536	-0.0524265	0.980858	3.54927	-0.97553	37.4988	
0.981326	0.00513712	-0.192284	0.00531544	0.998537	0.0538048	0.192279	-0.0538222	0.979863	3.73304	-1.02694	38.4474	
0.980384	0.00540085	-0.197021	0.00559286	0.99846	0.0552007	0.197016	-0.0552198	0.978844	3.9214	-1.0797	39.3951	
0.97942	0.00567131	-0.201753	0.00587769	0.99838	0.0565982	0.201747	-0.0566193	0.9778	4.11433	-1.13381	40.3419	
0.978433	0.00594851	-0.206479	0.00616995	0.998298	0.0579975	0.206472	-0.0580207	0.976731	4.31185	-1.18928	41.2875	
0.977423	0.00623244	-0.211199	0.00646965	0.998213	0.0593985	0.211192	-0.0594239	0.975637	4.51393	-1.2461	42.2322	
0.976391	0.00652311	-0.215913	0.00677682	0.998127	0.0608011	0.215905	-0.0608288	0.974518	4.72057	-1.30428	43.1757	
0.975336	0.00682053	-0.22062	0.00709148	0.998038	0.0622052	0.220612	-0.0622355	0.973374	4.93178	-1.36383	44.1182	
0.974258	0.0071247	-0.225322	0.00741365	0.997947	0.0636108	0.225312	-0.0636438	0.972206	5.14753	-1.42473	45.0595	
0.973158	0.00743563	-0.230016	0.00774334	0.997854	0.0650179	0.230006	-0.0650538	0.971012	5.36783	-1.487	45.9997	
0.972036	0.00775331	-0.234704	0.00808057	0.997759	0.0664263	0.234693	-0.0664653	0.969795	5.59267	-1.55063	46.9388	
0.970891	0.00807774	-0.239385	0.00842537	0.997661	0.0678361	0.239373	-0.0678784	0.968552	5.82205	-1.61564	47.8766	
0.969724	0.00840894	-0.244059	0.00877775	0.997561	0.0692472	0.244046	-0.069293	0.967285	6.05594	-1.682	48.8133	
0.968534	0.0087469	-0.248726	0.00913772	0.997459	0.0706595	0.248712	-0.070709	0.965993	6.29436	-1.74974	49.7487	
0.967323	0.00909162	-0.253386	0.0095053	0.997354	0.072073	0.25337	-0.0721263	0.964677	6.53729	-1.81885	50.6828	
0.966089	0.00944311	-0.258038	0.00988051	0.997247	0.0734876	0.258021	-0.0735451	0.963336	6.78472	-1.88933	51.6156	
0.964833	0.00980136	-0.262682	0.0102634	0.997138	0.0749032	0.262664	-0.0749651	0.961971	7.03665	-1.96119	52.5472	
0.963555	0.0101664	-0.267319	0.0106539	0.997026	0.0763199	0.2673	-0.0763863	0.960581	7.29306	-2.03442	53.4774	
0.962254	0.0105381	-0.271947	0.0110521	0.996913	0.0777375	0.271927	-0.0778088	0.959167	7.55396	-2.10902	54.4062	
0.960932	0.0109167	-0.276568	0.0114579	0.996796	0.079156	0.276546	-0.0792324	0.957729	7.81933	-2.18501	55.3337	
0.959588	0.011302	-0.28118	0.0118715	0.996678	0.0805753	0.281157	-0.0806572	0.956266	8.08917	-2.26237	56.2598	
0.958223	0.011694	-0.285784	0.0122928	0.996557	0.0819954	0.285759	-0.0820829	0.95478	8.36347	-2.34111	57.1844	
0.956835	0.0120929	-0.29038	0.0127218	0.996434	0.0834162	0.290353	-0.0835097	0.953269	8.64222	-2.42123	58.1076	
0.955426	0.0124984	-0.294966	0.0131585	0.996308	0.0848377	0.294938	-0.0849375	0.951734	8.9254	-2.50273	59.0293	
0.954518	0.0127657	-0.297881	0.0145198	0.995907	0.0892063	0.297801	-0.0894741	0.950426	9.21219	-2.58712	59.9497	
0.953599	0.0130472	-0.300795	0.0158959	0.995485	0.093574	0.300658	-0.0940135	0.949087	9.50175	-2.6759	60.8687	
0.952672	0.0133429	-0.303708	0.0172866	0.995042	0.0979403	0.303509	-0.0985551	0.947718	9.79407	-2.76907	61.7865	
0.951734	0.0136528	-0.306619	0.0186919	0.994577	0.102305	0.306353	-0.103098	0.946318	10.0891	-2.86664	62.7029	
0.950788	0.0139769	-0.309527	0.0201116	0.994091	0.106667	0.309189	-0.107642	0.944889	10.387	-2.9686	63.6179	
0.949832	0.0143151	-0.312433	0.0215456	0.993584	0.111025	0.312017	-0.112187	0.943429	10.6875	-3.07496	64.5316	
0.948867	0.0146675	-0.315334	0.0229936	0.993055	0.115381	0.314837	-0.116732	0.94194	10.9908	-3.18572	65.4438	
0.947894	0.0150339	-0.318232	0.0244557	0.992505	0.119732	0.317647	-0.121276	0.940421	11.2969	-3.30088	66.3545	
0.946911	0.0154143	-0.321125	0.0259315	0.991934	0.124079	0.320448	-0.125819	0.938873	11.6056	-3.42043	67.2638	
0.94592	0.0158086	-0.324013	0.027421	0.991341	0.12842	0.323238	-0.13036	0.937296	11.917	-3.54438	68.1716	
0.944921	0.0162168	-0.326896	0.028924	0.990727	0.132756	0.326017	-0.134899	0.93569	12.2312	-3.67273	69.0778	
0.943914	0.0166388	-0.329772	0.0304402	0.990091	0.137085	0.328785	-0.139435	0.934055	12.548	-3.80546	69.9825	
0.947697	0.0148817	-0.318825	0.037275	0.986916	0.156864	0.316988	-0.160544	0.934743	12.8604	-3.95061	70.8867	
0.95134	0.0128779	-0.307874	0.0438581	0.983296	0.176652	0.305006	-0.181559	0.934884	13.1614	-4.11614	71.7913	
0.954842	0.0106285	-0.296925	0.0501857	0.979231	0.196437	0.292846	-0.202468	0.934477	13.4507	-4.30195	72.6959	
0.9582	0.00813486	-0.285983	0.056254	0.974725	0.216208	0.280514	-0.223258	0.933524	13.7281	-4.50795	73.5997	
0.961413	0.00539844	-0.275056	0.0620596	0.969781	0.235953	0.268018	-0.243918	0.932025	13.9935	-4.734	74.5024	
0.964479	0.00242084	-0.26415	0.067599	0.964401	0.25566	0.255365	-0.264435	0.92998	14.2468	-4.97997	75.4033	
0.967395	-0.000796202	-0.25327	0.072869	0.958588	0.275318	0.242563	-0.284797	0.927391	14.4877	-5.24572	76.302	
0.970161	-0.00425081	-0.242425	0.0778665	0.952345	0.294916	0.229618	-0.304992	0.924259	14.7162	-5.5311	77.198	
0.972774	-0.00794095	-0.231619	0.0825886	0.945677	0.314441	0.21654	-0.325009	0.920587	14.932	-5.83593	78.0906	
0.975234	-0.0118645	-0.220859	0.0870324	0.938588	0.333883	0.203334	-0.344836	0.916375	15.1352	-6.16004	78.9795	
0.977538	-0.0160191	-0.210152	0.0911955	0.931081	0.353231	0.19001	-0.364461	0.911627	15.3255	-6.50325	79.864	
0.979685	-0.0204023	-0.199503	0.0950754	0.923161	0.372472	0.176574	-0.383873	0.906346	15.5029	-6.86534	80.7436	
0.981674	-0.0250117	-0.18892	0.0986698	0.914832	0.391596	0.163035	-0.40306	0.900534	15.6672	-7.2461	81.6179	
0.983504	-0.0298444	-0.178407	0.101977	0.906099	0.410591	0.149401	-0.422011	0.894196	15.8184	-7.64532	82.4863	
0.985174	-0.0348977	-0.167972	0.104994	0.896968	0.429446	0.135679	-0.440715	0.887334	15.9563	-8.06276	83.3483	
0.986682	-0.0401686	-0.157621	0.10772	0.887444	0.448151	0.121878	-0.459161	0.879953	16.081	-8.49818	84.2034	
0.988029	-0.045654	-0.147358	0.110153	0.877532	0.466694	0.108005	-0.477339	0.872056	16.1922	-8.95132	85.0512	
0.989213	-0.0513507	-0.137192	0.112292	0.867239	0.485064	0.0940697	-0.495237	0.86365	16.29	-9.42191	85.891	
0.990233	-0.0572554	-0.127127	0.114135	0.856569	0.503251	0.0800789	-0.512846	0.854738	16.3742	-9.90968	86.7225	
0.991088	-0.0633647	-0.117169	0.115681	0.845531	0.521245	0.0660412	-0.530154	0.845326	16.4449	-10.4143	87.5451	
0.99178	-0.0696748	-0.107324	0.11693	0.834128	0.539033	0.051965	-0.547152	0.835419	16.502	-10.9356	88.3583	
0.992306	-0.0761822	-0.0975982	0.117881	0.82237	0.556607	0.0378583	-0.56383	0.825023	16.5455	-11.4732	89.1617	
0.992667	-0.0828831	-0.087997	0.118533	0.810262	0.573956	0.0237294	-0.580177	0.814144	16.5753	-12.0267	89.9549	
0.992862	-0.0897735	-0.0785261	0.118885	0.797812	0.591069	0.00958667	-0.596186	0.802789	16.5914	-12.5959	90.7373	
0.992891	-0.0968493	-0.0691909	0.118938	0.785026	0.607937	-0.00456168	-0.611845	0.790964	16.5939	-13.1804	91.5084	
