1	0	0	0	1	0	0	0	1	0	0	0	
0.999999	2.5991e-07	-0.0012673	2.5991e-07	1	0.000410179	0.0012673	-0.000410179	0.999999	0.000593007	-0.000191935	0.935858	
0.999997	1.04122e-06	-0.00253636	1.04149e-06	1	0.000821141	0.00253636	-0.000821141	0.999996	0.00237285	-0.000768106	1.87171	
0.999993	2.34631e-06	-0.00380713	2.3474e-06	0.999999	0.00123287	0.00380713	-0.00123287	0.999992	0.00534116	-0.00172924	2.80757	
0.999987	4.17748e-06	-0.00507955	4.18019e-06	0.999999	0.00164535	0.00507955	-0.00164535	0.999986	0.00949949	-0.00307604	3.74342	
0.99998	6.53694e-06	-0.00635356	6.54237e-06	0.999998	0.00205856	0.00635356	-0.00205856	0.999978	0.0148494	-0.0048092	4.67926	
0.999971	9.42682e-06	-0.00762912	9.43633e-06	0.999997	0.00247248	0.00762912	-0.00247248	0.999968	0.0213923	-0.00692941	5.61509	
0.99996	1.28492e-05	-0.00890617	1.28644e-05	0.999996	0.0028871	0.00890617	-0.0028871	0.999956	0.0291296	-0.00943731	6.55091	
0.999948	1.6806e-05	-0.0101847	1.68288e-05	0.999995	0.0033024	0.0101847	-0.0033024	0.999943	0.0380628	-0.0123336	7.48673	
0.999934	2.12991e-05	-0.0114645	2.13318e-05	0.999993	0.00371837	0.0114645	-0.00371837	0.999927	0.0481931	-0.0156188	8.42252	
0.999919	2.63303e-05	-0.0127457	2.63754e-05	0.999991	0.00413498	0.0127457	-0.00413498	0.99991	0.0595218	-0.0192936	9.35831	
0.999902	3.19014e-05	-0.0140282	3.19615e-05	0.99999	0.00455223	0.0140282	-0.00455223	0.999891	0.0720501	-0.0233586	10.2941	
0.999883	3.80139e-05	-0.0153119	3.80922e-05	0.999988	0.00497008	0.0153119	-0.00497008	0.99987	0.0857791	-0.0278144	11.2298	
0.999862	4.46694e-05	-0.0165967	4.47691e-05	0.999985	0.00538853	0.0165967	-0.00538853	0.999848	0.10071	-0.0326615	12.1655	
0.99984	5.18694e-05	-0.0178826	5.19942e-05	0.999983	0.00580755	0.0178826	-0.00580755	0.999823	0.116844	-0.0379004	13.1013	
0.999816	5.96152e-05	-0.0191697	5.9769e-05	0.999981	0.00622714	0.0191697	-0.00622714	0.999797	0.134182	-0.0435318	14.0369	
0.999791	6.79082e-05	-0.0204577	6.8095e-05	0.999978	0.00664727	0.0204577	-0.00664727	0.999769	0.152725	-0.0495561	14.9726	
0.999764	7.67494e-05	-0.0217466	7.69739e-05	0.999975	0.00706792	0.0217466	-0.00706792	0.999739	0.172473	-0.0559739	15.9082	
0.999735	8.61401e-05	-0.0230364	8.64069e-05	0.999972	0.00748908	0.0230364	-0.00748908	0.999707	0.193429	-0.0627855	16.8438	
0.999704	9.60812e-05	-0.0243271	9.63954e-05	0.999969	0.00791073	0.0243271	-0.00791073	0.999673	0.215591	-0.0699916	17.7794	
0.999672	0.000106574	-0.0256186	0.000106941	0.999965	0.00833285	0.0256186	-0.00833285	0.999637	0.238962	-0.0775924	18.7149	
0.999638	0.000117619	-0.0269107	0.000118044	0.999962	0.00875542	0.0269107	-0.00875543	0.999599	0.263542	-0.0855885	19.6504	
0.999602	0.000129216	-0.0282036	0.000129706	0.999958	0.00917844	0.0282036	-0.00917844	0.99956	0.289332	-0.0939803	20.5859	
0.999565	0.000141368	-0.029497	0.000141927	0.999954	0.00960187	0.029497	-0.00960188	0.999519	0.316332	-0.102768	21.5213	
0.999526	0.000154073	-0.0307911	0.00015471	0.99995	0.0100257	0.0307911	-0.0100257	0.999476	0.344542	-0.111952	22.4567	
0.999485	0.000167334	-0.0320856	0.000168054	0.999945	0.0104499	0.0320856	-0.0104499	0.99943	0.373964	-0.121534	23.392	
0.999443	0.000181149	-0.0333806	0.00018196	0.999941	0.0108745	0.0333806	-0.0108745	0.999384	0.404598	-0.131512	24.3274	
0.999399	0.00019552	-0.034676	0.000196429	0.999936	0.0112994	0.0346759	-0.0112994	0.999335	0.436443	-0.141888	25.2626	
0.999353	0.000210447	-0.0359717	0.000211461	0.999931	0.0117247	0.0359717	-0.0117247	0.999284	0.469501	-0.152662	26.1978	
0.999305	0.00022593	-0.0372677	0.000227057	0.999926	0.0121503	0.0372677	-0.0121503	0.999231	0.503772	-0.163833	27.133	
0.999256	0.000241968	-0.0385639	0.000243217	0.999921	0.0125761	0.0385639	-0.0125762	0.999177	0.539256	-0.175404	28.0681	
0.999205	0.000258562	-0.0398603	0.000259941	0.999915	0.0130023	0.0398603	-0.0130023	0.999121	0.575953	-0.187372	29.0032	
0.999153	0.000275712	-0.0411569	0.00027723	0.99991	0.0134287	0.0411568	-0.0134287	0.999062	0.613863	-0.19974	29.9382	
0.999098	0.000293418	-0.0424535	0.000295083	0.999904	0.0138553	0.0424534	-0.0138554	0.999002	0.652987	-0.212507	30.8731	
0.999042	0.000311678	-0.0437501	0.000313501	0.999898	0.0142822	0.0437501	-0.0142822	0.99894	0.693324	-0.225674	31.808	
0.998985	0.000330494	-0.0450466	0.000332483	0.999892	0.0147093	0.0450466	-0.0147093	0.998877	0.734875	-0.23924	32.7429	
0.998926	0.000349863	-0.0463431	0.000352029	0.999885	0.0151365	0.0463431	-0.0151366	0.998811	0.777639	-0.253206	33.6776	
0.998865	0.000369787	-0.0476394	0.000372139	0.999879	0.015564	0.0476394	-0.015564	0.998743	0.821616	-0.267571	34.6123	
0.998802	0.000390263	-0.0489356	0.000392812	0.999872	0.0159915	0.0489355	-0.0159916	0.998674	0.866806	-0.282337	35.547	
0.998738	0.000411291	-0.0502314	0.000414048	0.999865	0.0164192	0.0502314	-0.0164193	0.998603	0.913209	-0.297503	36.4816	
0.998672	0.000432871	-0.051527	0.000435847	0.999858	0.0168471	0.0515269	-0.0168471	0.998529	0.960825	-0.313069	37.4161	
0.998604	0.000455002	-0.0528221	0.000458207	0.999851	0.017275	0.0528221	-0.0172751	0.998455	1.00965	-0.329036	38.3505	
0.998534	0.000477682	-0.0541169	0.000481128	0.999843	0.017703	0.0541169	-0.0177031	0.998378	1.05969	-0.345403	39.2849	
0.998463	0.00050091	-0.0554112	0.00050461	0.999835	0.018131	0.0554111	-0.0181311	0.998299	1.11094	-0.362171	40.2192	
0.998391	0.000524685	-0.0567049	0.00052865	0.999828	0.0185591	0.0567048	-0.0185592	0.998218	1.16341	-0.37934	41.1535	
0.998317	0.000549006	-0.057998	0.000553248	0.99982	0.0189873	0.057998	-0.0189874	0.998136	1.21708	-0.396909	42.0876	
0.998241	0.000573871	-0.0592905	0.000578403	0.999811	0.0194154	0.0592905	-0.0194155	0.998052	1.27196	-0.414879	43.0217	
0.998163	0.00059928	-0.0605823	0.000604114	0.999803	0.0198435	0.0605823	-0.0198437	0.997966	1.32805	-0.433249	43.9557	
0.998084	0.000625229	-0.0618734	0.000630379	0.999794	0.0202716	0.0618733	-0.0202717	0.997878	1.38535	-0.452021	44.8896	
0.998003	0.000651718	-0.0631636	0.000657198	0.999786	0.0206996	0.0631636	-0.0206998	0.997788	1.44386	-0.471192	45.8234	
0.997921	0.000678745	-0.064453	0.000684567	0.999777	0.0211276	0.064453	-0.0211278	0.997697	1.50358	-0.490765	46.7572	
0.997836	0.000706308	-0.0657415	0.000712487	0.999767	0.0215555	0.0657414	-0.0215557	0.997604	1.5645	-0.510738	47.6908	
0.997751	0.000734405	-0.067029	0.000740954	0.999758	0.0219833	0.0670289	-0.0219835	0.997509	1.62663	-0.531111	48.6244	
0.997663	0.000763035	-0.0683155	0.000769969	0.999749	0.0224109	0.0683154	-0.0224111	0.997412	1.68996	-0.551884	49.5579	
0.997575	0.000792194	-0.0696009	0.000799527	0.999739	0.0228384	0.0696008	-0.0228387	0.997313	1.75449	-0.573058	50.4913	
0.997484	0.000821881	-0.0708852	0.000829628	0.999729	0.0232658	0.0708851	-0.0232661	0.997213	1.82023	-0.594632	51.4246	
0.997392	0.000852093	-0.0721683	0.00086027	0.999719	0.023693	0.0721682	-0.0236932	0.997111	1.88717	-0.616605	52.3578	
0.997298	0.000882829	-0.0734501	0.00089145	0.999709	0.0241199	0.07345	-0.0241203	0.997007	1.95531	-0.638979	53.2909	
0.997203	0.000914085	-0.0747307	0.000923166	0.999698	0.0245467	0.0747306	-0.024547	0.996902	2.02465	-0.661752	54.2239	
0.997107	0.000945859	-0.0760099	0.000955416	0.999688	0.0249732	0.0760098	-0.0249736	0.996794	2.09518	-0.684924	55.1568	
0.997008	0.000978148	-0.0772878	0.000988197	0.999677	0.0253995	0.0772876	-0.0253999	0.996685	2.16692	-0.708495	56.0896	
0.996909	0.00101095	-0.0785641	0.00102151	0.999666	0.0258255	0.078564	-0.025826	0.996574	2.23984	-0.732465	57.0223	
0.997028	0.000969527	-0.0770369	0.00120901	0.999601	0.0282274	0.0770335	-0.0282367	0.996629	2.31265	-0.757763	57.955	
0.997145	0.000924396	-0.0755092	0.00139289	0.99953	0.0306304	0.075502	-0.0306481	0.996675	2.38403	-0.785317	58.8877	
0.997259	0.000875554	-0.0739809	0.00157315	0.999453	0.0330344	0.0739694	-0.0330602	0.996712	2.45397	-0.815128	59.8205	
0.997372	0.000822996	-0.0724522	0.00174977	0.99937	0.0354392	0.0724357	-0.0354729	0.996742	2.52248	-0.847196	60.7533	
0.997482	0.000766719	-0.0709229	0.00192274	0.999282	0.0378449	0.0709009	-0.0378859	0.996764	2.58955	-0.881523	61.6861	
0.997589	0.000706718	-0.069393	0.00209205	0.999187	0.0402511	0.069365	-0.0402993	0.996777	2.65518	-0.918108	62.6189	
0.997694	0.000642987	-0.0678625	0.00225768	0.999087	0.042658	0.067828	-0.0427128	0.996782	2.71938	-0.956952	63.5518	
0.997797	0.000575524	-0.0663313	0.00241963	0.998981	0.0450652	0.0662897	-0.0451265	0.996779	2.78214	-0.998055	64.4846	
0.997898	0.000504322	-0.0647996	0.00257788	0.998869	0.0474728	0.0647502	-0.0475401	0.996768	2.84346	-1.04142	65.4175	
0.997997	0.000429377	-0.0632671	0.00273243	0.998751	0.0498806	0.0632095	-0.0499535	0.996749	2.90333	-1.08704	66.3503	
0.998093	0.000350684	-0.061734	0.00288327	0.998628	0.0522885	0.0616676	-0.0523667	0.996722	2.96177	-1.13491	67.2831	
0.998186	0.000268238	-0.0602001	0.00303039	0.998498	0.0546964	0.0601244	-0.0547796	0.996687	3.01876	-1.18505	68.2159	
0.998278	0.000182033	-0.0586655	0.00317377	0.998363	0.0571041	0.0585798	-0.057192	0.996643	3.0743	-1.23745	69.1486	
0.998367	9.20654e-05	-0.0571301	0.00331342	0.998222	0.0595117	0.057034	-0.0596038	0.996591	3.1284	-1.2921	70.0813	
0.998453	-1.67114e-06	-0.0555939	0.00344932	0.998075	0.0619189	0.0554868	-0.0620149	0.996532	3.18105	-1.34901	71.0139	
0.99933	-0.00131374	-0.0365795	0.00407127	0.997144	0.0754126	0.036376	-0.075511	0.996481	3.22404	-1.41336	71.9466	
0.999841	-0.00288293	-0.0175714	0.00443432	0.996031	0.088902	0.0172453	-0.0889658	0.995885	3.24913	-1.49033	72.8789	
0.999988	-0.00470839	0.00142025	0.00453825	0.994735	0.10238	-0.00189481	-0.102372	0.994744	3.25631	-1.57987	73.8104	
0.999769	-0.00678911	0.0203849	0.00438301	0.993258	0.115838	-0.0210339	-0.115722	0.993059	3.24558	-1.68192	74.7406	
0.999185	-0.00912397	0.0393122	0.00396868	0.991601	0.12927	-0.0401615	-0.129009	0.99083	3.21695	-1.79645	75.669	
0.998237	-0.0117117	0.0581918	0.0032955	0.989765	0.142668	-0.0592671	-0.142225	0.988058	3.17042	-1.92337	76.595	
0.996924	-0.0145508	0.0770133	0.00236383	0.98775	0.156025	-0.0783402	-0.155363	0.984746	3.10603	-2.06263	77.5182	
0.995248	-0.0176398	0.0957666	0.00117418	0.985558	0.169333	-0.0973705	-0.168416	0.980895	3.0238	-2.21414	78.438	
0.993209	-0.020977	0.114441	-0.000272804	0.98319	0.182586	-0.116348	-0.181377	0.976507	2.92379	-2.37782	79.354	
0.990808	-0.0245606	0.133027	-0.00197632	0.980647	0.195776	-0.135261	-0.194239	0.971584	2.80605	-2.55359	80.2656	
0.988047	-0.0283886	0.151514	-0.00393544	0.97793	0.208895	-0.1541	-0.206994	0.96613	2.67065	-2.74135	81.1723	
0.984928	-0.0324588	0.169891	-0.0061491	0.975042	0.221937	-0.172855	-0.219636	0.960146	2.51765	-2.94099	82.0737	
0.981452	-0.0367692	0.18815	-0.00861607	0.971983	0.234894	-0.191515	-0.232158	0.953637	2.34714	-3.15241	82.9693	
0.97762	-0.0413173	0.206279	-0.011335	0.968755	0.24776	-0.210071	-0.244553	0.946607	2.15922	-3.37549	83.8585	
0.973436	-0.0461006	0.224269	-0.0143044	0.965361	0.260527	-0.228511	-0.256814	0.939058	1.95398	-3.6101	84.7409	
0.968901	-0.0511165	0.242111	-0.0175227	0.961801	0.273188	-0.246827	-0.268934	0.930995	1.73155	-3.85613	85.616	
0.964018	-0.0563622	0.259793	-0.0209881	0.958078	0.285736	-0.265007	-0.280908	0.922422	1.49204	-4.11343	86.4833	
0.958789	-0.061835	0.277307	-0.0246987	0.954195	0.298166	-0.283042	-0.292727	0.913344	1.23558	-4.38186	87.3424	
0.953218	-0.0675318	0.294643	-0.0286524	0.950152	0.310468	-0.300922	-0.304386	0.903767	0.96231	-4.66128	88.1927	
0.947307	-0.0734494	0.311792	-0.0328472	0.945952	0.322638	-0.318638	-0.315879	0.893695	0.672386	-4.95153	89.0338	
0.94106	-0.0795847	0.328744	-0.0372806	0.941598	0.334668	-0.336179	-0.327198	0.883133	0.365964	-5.25246	89.8653	
0.93448	-0.0859342	0.34549	-0.0419503	0.937092	0.346552	-0.353536	-0.338339	0.872089	0.0432113	-5.5639	90.6866	
0.92757	-0.0924946	0.36202	-0.0468538	0.932437	0.358283	-0.3707	-0.349294	0.860567	-0.295696	-5.88568	91.4974	
