1	0	0	0	1	0	0	0	1	0	0	0	
0.999991	-9.41488e-07	-0.00420646	-9.41488e-07	1	-0.000447637	0.00420646	0.000447637	0.999991	0.00196089	0.000208672	0.93232	
0.999965	-3.77476e-06	-0.00841749	-3.78409e-06	1	-0.000897978	0.00841749	0.000897978	0.999964	0.0078457	0.000835947	1.86462	
0.99992	-8.51528e-06	-0.0126329	-8.55265e-06	0.999999	-0.00135101	0.0126329	0.00135101	0.999919	0.0176586	0.00188434	2.79689	
0.999858	-1.51784e-05	-0.0168526	-1.52719e-05	0.999998	-0.00180673	0.0168526	0.00180673	0.999856	0.0314037	0.00335636	3.72911	
0.999778	-2.37793e-05	-0.0210764	-2.39666e-05	0.999997	-0.00226511	0.0210764	0.00226511	0.999775	0.0490848	0.0052545	4.66127	
0.99968	-3.43331e-05	-0.0253042	-3.46612e-05	0.999996	-0.00272615	0.0253042	0.00272616	0.999676	0.0707057	0.00758124	5.59334	
0.999564	-4.68549e-05	-0.0295357	-4.73804e-05	0.999995	-0.00318984	0.0295357	0.00318985	0.999559	0.09627	0.0103391	6.5253	
0.99943	-6.13595e-05	-0.033771	-6.21485e-05	0.999993	-0.00365616	0.033771	0.00365617	0.999423	0.125781	0.0135304	7.45715	
0.999277	-7.78615e-05	-0.0380097	-7.89899e-05	0.999991	-0.0041251	0.0380097	0.00412512	0.999269	0.159243	0.0171578	8.38887	
0.999107	-9.63758e-05	-0.0422517	-9.79288e-05	0.999989	-0.00459665	0.0422517	0.00459668	0.999096	0.196657	0.0212235	9.32043	
0.998918	-0.000116917	-0.0464969	-0.000118989	0.999987	-0.00507079	0.0464969	0.00507083	0.998906	0.238029	0.0257302	10.2518	
0.998712	-0.000139499	-0.0507452	-0.000142196	0.999985	-0.00554751	0.0507452	0.00554757	0.998696	0.283359	0.0306801	11.183	
0.998487	-0.000164136	-0.0549964	-0.000167572	0.999982	-0.00602679	0.0549964	0.00602689	0.998468	0.332652	0.0360757	12.114	
0.998243	-0.000190843	-0.0592503	-0.000195142	0.999979	-0.00650863	0.0592502	0.00650876	0.998222	0.385909	0.0419193	13.0448	
0.997981	-0.000219633	-0.0635067	-0.000224929	0.999976	-0.006993	0.0635067	0.00699317	0.997957	0.443134	0.0482134	13.9754	
0.997701	-0.000250521	-0.0677656	-0.000256957	0.999972	-0.0074799	0.0677656	0.00748012	0.997673	0.504328	0.0549603	14.9056	
0.997403	-0.00028352	-0.0720268	-0.00029125	0.999968	-0.00796931	0.0720268	0.00796959	0.997371	0.569494	0.0621624	15.8357	
0.997086	-0.000318643	-0.0762901	-0.000327831	0.999964	-0.00846121	0.0762901	0.00846156	0.99705	0.638634	0.069822	16.7654	
0.99675	-0.000355905	-0.0805554	-0.000366723	0.99996	-0.00895559	0.0805553	0.00895603	0.99671	0.711749	0.0779414	17.6948	
0.996396	-0.000395318	-0.0848224	-0.000407949	0.999955	-0.00945244	0.0848224	0.00945297	0.996351	0.788842	0.086523	18.6239	
0.996023	-0.000436896	-0.0890912	-0.000451533	0.99995	-0.00995173	0.0890911	0.00995238	0.995974	0.869914	0.095569	19.5526	
0.995632	-0.000480651	-0.0933614	-0.000497498	0.999945	-0.0104535	0.0933614	0.0104542	0.995577	0.954967	0.105082	20.481	
0.995222	-0.000526598	-0.0976331	-0.000545866	0.99994	-0.0109576	0.097633	0.0109585	0.995162	1.044	0.115064	21.409	
0.994794	-0.000574748	-0.101906	-0.000596659	0.999934	-0.0114641	0.101906	0.0114653	0.994728	1.13702	0.125517	22.3366	
0.994347	-0.000625114	-0.10618	-0.000649902	0.999928	-0.0119731	0.10618	0.0119744	0.994275	1.23402	0.136443	23.2638	
0.993881	-0.000677709	-0.110455	-0.000705615	0.999922	-0.0124843	0.110454	0.0124859	0.993803	1.33501	0.147846	24.1906	
0.993396	-0.000732545	-0.11473	-0.000763822	0.999915	-0.012998	0.11473	0.0129998	0.993312	1.43998	0.159726	25.1169	
0.992893	-0.000789634	-0.119006	-0.000824544	0.999908	-0.013514	0.119006	0.013516	0.992802	1.54894	0.172087	26.0428	
0.992371	-0.000848989	-0.123283	-0.000887804	0.999901	-0.0140322	0.123283	0.0140346	0.992272	1.66188	0.18493	26.9681	
0.99183	-0.000910621	-0.12756	-0.000953622	0.999894	-0.0145528	0.12756	0.0145556	0.991724	1.77882	0.198258	27.893	
0.991271	-0.000974542	-0.131837	-0.00102202	0.999886	-0.0150757	0.131837	0.0150788	0.991157	1.89974	0.212072	28.8174	
0.990693	-0.00104076	-0.136114	-0.00109302	0.999878	-0.0156008	0.136114	0.0156044	0.99057	2.02465	0.226376	29.7412	
0.990096	-0.0011093	-0.140391	-0.00116665	0.999869	-0.0161282	0.14039	0.0161322	0.989965	2.15354	0.24117	30.6644	
0.98948	-0.00118016	-0.144667	-0.00124292	0.99986	-0.0166578	0.144667	0.0166623	0.98934	2.28642	0.256458	31.5871	
0.988845	-0.00125335	-0.148944	-0.00132186	0.999851	-0.0171896	0.148943	0.0171947	0.988696	2.42329	0.27224	32.5092	
0.988191	-0.00132889	-0.153219	-0.00140348	0.999842	-0.0177236	0.153219	0.0177293	0.988033	2.56415	0.288521	33.4307	
0.987519	-0.00140678	-0.157494	-0.00148782	0.999832	-0.0182597	0.157493	0.0182661	0.987351	2.70899	0.3053	34.3515	
0.986828	-0.00148705	-0.161768	-0.00157488	0.999822	-0.018798	0.161767	0.0188052	0.98665	2.85782	0.322582	35.2717	
0.986118	-0.00156969	-0.166041	-0.00166469	0.999812	-0.0193384	0.16604	0.0193464	0.985929	3.01063	0.340366	36.1912	
0.985389	-0.00165472	-0.170313	-0.00175727	0.999801	-0.019881	0.170311	0.0198898	0.98519	3.16743	0.358657	37.1101	
0.984641	-0.00174215	-0.174583	-0.00185263	0.99979	-0.0204256	0.174582	0.0204353	0.984431	3.3282	0.377455	38.0283	
0.983874	-0.00183199	-0.178852	-0.00195081	0.999778	-0.0209723	0.17885	0.020983	0.983652	3.49296	0.396763	38.9457	
0.983089	-0.00192424	-0.183119	-0.00205182	0.999766	-0.0215211	0.183118	0.0215328	0.982855	3.6617	0.416582	39.8624	
0.982285	-0.00201893	-0.187384	-0.00215567	0.999754	-0.0220718	0.187383	0.0220848	0.982039	3.83441	0.436915	40.7784	
0.981461	-0.00211605	-0.191648	-0.0022624	0.999741	-0.0226246	0.191646	0.0226388	0.981203	4.0111	0.457763	41.6936	
0.98062	-0.00221562	-0.195909	-0.002372	0.999729	-0.0231794	0.195907	0.0231949	0.980348	4.19176	0.479129	42.608	
0.979759	-0.00231765	-0.200168	-0.00248452	0.999715	-0.0237361	0.200166	0.023753	0.979474	4.37639	0.501014	43.5216	
0.978879	-0.00242215	-0.204425	-0.00259996	0.999701	-0.0242948	0.204423	0.0243132	0.978581	4.565	0.523421	44.4343	
0.977981	-0.00252912	-0.208679	-0.00271834	0.999687	-0.0248554	0.208677	0.0248754	0.977668	4.75757	0.546351	45.3463	
0.977064	-0.00263857	-0.212931	-0.00283969	0.999673	-0.0254179	0.212928	0.0254396	0.976737	4.95411	0.569806	46.2573	
0.976128	-0.00275052	-0.21718	-0.00296401	0.999658	-0.0259823	0.217177	0.0260058	0.975786	5.15461	0.593788	47.1675	
0.975173	-0.00286497	-0.221425	-0.00309133	0.999643	-0.0265486	0.221422	0.0265739	0.974816	5.35906	0.618299	48.0768	
0.9742	-0.00298192	-0.225668	-0.00322167	0.999627	-0.0271166	0.225665	0.027144	0.973827	5.56748	0.64334	48.9852	
0.973208	-0.0031014	-0.229908	-0.00335504	0.999611	-0.0276865	0.229904	0.0277161	0.972819	5.77985	0.668914	49.8927	
0.972197	-0.0032234	-0.234144	-0.00349146	0.999595	-0.0282582	0.23414	0.02829	0.971791	5.99617	0.695022	50.7992	
0.971167	-0.00334794	-0.238376	-0.00363095	0.999578	-0.0288317	0.238372	0.0288659	0.970745	6.21644	0.721665	51.7047	
0.970119	-0.00347501	-0.242605	-0.00377352	0.99956	-0.0294069	0.242601	0.0294436	0.969679	6.44065	0.748847	52.6093	
0.969052	-0.00360464	-0.24683	-0.0039192	0.999543	-0.0299838	0.246825	0.0300232	0.968595	6.6688	0.776568	53.5128	
0.967967	-0.00373681	-0.251051	-0.00406799	0.999525	-0.0305624	0.251046	0.0306046	0.967491	6.90089	0.804831	54.4153	
0.966863	-0.00387156	-0.255268	-0.00421991	0.999506	-0.0311427	0.255262	0.0311879	0.966369	7.13691	0.833636	55.3168	
0.96574	-0.00400887	-0.259481	-0.00437499	0.999487	-0.0317246	0.259475	0.0317729	0.965227	7.37686	0.862986	56.2173	
0.964318	-0.00419165	-0.264713	-0.0053876	0.999357	-0.035451	0.264691	0.0356122	0.963676	7.62121	0.894399	57.1165	
0.962867	-0.00439548	-0.269942	-0.00642048	0.999212	-0.0391717	0.269901	0.0394503	0.962079	7.87041	0.92939	58.0142	
0.961385	-0.00462038	-0.275168	-0.0074736	0.999052	-0.0428866	0.275105	0.043287	0.960439	8.12448	0.967959	58.9104	
0.959874	-0.00486636	-0.280389	-0.00854694	0.998877	-0.0465955	0.280301	0.0471223	0.958755	8.38339	1.0101	59.805	
0.958333	-0.00513343	-0.285606	-0.00964049	0.998688	-0.0502983	0.28549	0.0509559	0.957026	8.64714	1.05582	60.6981	
0.956763	-0.00542161	-0.290818	-0.0107542	0.998483	-0.0539948	0.290669	0.0547878	0.955254	8.91572	1.10512	61.5895	
0.955164	-0.00573087	-0.296023	-0.0118881	0.998264	-0.0576849	0.295839	0.0586177	0.953437	9.18913	1.15798	62.4793	
0.953535	-0.00606121	-0.301221	-0.0130422	0.99803	-0.0613684	0.300999	0.0624456	0.951578	9.46736	1.21442	63.3674	
0.951878	-0.00641262	-0.306411	-0.0142164	0.997781	-0.0650453	0.306149	0.0662712	0.949674	9.75039	1.27442	64.2536	
0.950191	-0.00678507	-0.311594	-0.0154106	0.997517	-0.0687153	0.311286	0.0700945	0.947728	10.0382	1.33799	65.1381	
0.948476	-0.00717854	-0.316767	-0.0166249	0.997239	-0.0723782	0.316412	0.0739153	0.945738	10.3308	1.40512	66.0208	
0.946733	-0.00759299	-0.321931	-0.0178592	0.996945	-0.0760341	0.321525	0.0777334	0.943705	10.6282	1.47582	66.9016	
0.944961	-0.00802838	-0.327084	-0.0191136	0.996637	-0.0796826	0.326624	0.0815487	0.94163	10.9303	1.55007	67.7805	
0.943161	-0.00848467	-0.332227	-0.0203878	0.996314	-0.0833238	0.331709	0.0853612	0.939512	11.2372	1.62788	68.6574	
0.941334	-0.00896181	-0.337358	-0.021682	0.995976	-0.0869574	0.33678	0.0891705	0.937352	11.5489	1.70924	69.5323	
0.939479	-0.00945973	-0.342477	-0.0229961	0.995623	-0.0905833	0.341835	0.0929767	0.935149	11.8652	1.79415	70.4052	
0.93689	-0.0102392	-0.349474	-0.0306112	0.99333	-0.111168	0.348281	0.11485	0.930328	12.1869	1.89103	71.2749	
0.934254	-0.0111826	-0.356433	-0.0383664	0.990555	-0.131641	0.354538	0.136661	0.925001	12.5146	2.00828	72.1398	
0.931572	-0.0122893	-0.36335	-0.0462577	0.987299	-0.15199	0.360603	0.158397	0.919171	12.848	2.14583	72.9995	
0.928845	-0.0135587	-0.370221	-0.0542806	0.983564	-0.172205	0.366471	0.180048	0.912843	13.1869	2.30361	73.8536	
0.926074	-0.0149902	-0.377043	-0.0624308	0.979353	-0.192276	0.372141	0.201601	0.906018	13.5312	2.48153	74.7015	
0.923262	-0.016583	-0.383813	-0.0707039	0.974667	-0.21219	0.377608	0.223044	0.898701	13.8808	2.67949	75.5428	
0.92041	-0.0183361	-0.390525	-0.0790955	0.96951	-0.231937	0.382871	0.244366	0.890896	14.2353	2.89739	76.3771	
0.917519	-0.0202487	-0.397177	-0.0876008	0.963883	-0.251507	0.387925	0.265555	0.882607	14.5946	3.1351	77.2039	
0.91459	-0.0223198	-0.403765	-0.0962154	0.95779	-0.270889	0.392768	0.2866	0.873838	14.9586	3.39251	78.0227	
0.911627	-0.0245481	-0.410285	-0.104934	0.951235	-0.290071	0.397398	0.30749	0.864595	15.3269	3.66946	78.8331	
0.908629	-0.0269324	-0.416735	-0.113753	0.94422	-0.309045	0.401813	0.328212	0.854882	15.6995	3.96582	79.6347	
0.905599	-0.0294716	-0.42311	-0.122667	0.93675	-0.327799	0.406009	0.348756	0.844705	16.0761	4.28141	80.427	
0.902538	-0.0321642	-0.429406	-0.131671	0.928829	-0.346323	0.409984	0.369111	0.834068	16.4565	4.61607	81.2096	
0.899449	-0.0350087	-0.435622	-0.140761	0.92046	-0.364608	0.413737	0.389265	0.822979	16.8405	4.96961	81.9821	
0.896332	-0.0380036	-0.441752	-0.14993	0.91165	-0.382643	0.417265	0.409207	0.811443	17.2279	5.34184	82.7441	
0.893189	-0.0411473	-0.447794	-0.159176	0.902401	-0.400419	0.420566	0.428928	0.799466	17.6185	5.73257	83.495	
0.890023	-0.044438	-0.453745	-0.168491	0.89272	-0.417925	0.423639	0.448415	0.787054	18.012	6.14157	84.2347	
0.886834	-0.047874	-0.459601	-0.177872	0.882612	-0.435153	0.426482	0.467659	0.774215	18.4083	6.56863	84.9625	
0.883625	-0.0514534	-0.465359	-0.187312	0.872081	-0.452093	0.429093	0.486648	0.760955	18.8072	7.01351	85.6782	
0.880397	-0.0551742	-0.471016	-0.196808	0.861135	-0.468736	0.43147	0.505374	0.747282	19.2084	7.47597	86.3813	
0.877153	-0.0590345	-0.476569	-0.206354	0.849778	-0.485072	0.433614	0.523824	0.733203	19.6117	7.95576	87.0715	
0.873893	-0.0630322	-0.482015	-0.215945	0.838017	-0.501093	0.435522	0.54199	0.718726	20.0168	8.45263	87.7483	
