1	0	0	0	1	0	0	0	1	0	0	0	
0.999999	1.81983e-07	-0.0015745	1.81983e-07	1	0.000231163	0.0015745	-0.000231163	0.999999	0.000628211	-9.22316e-05	0.797979	
0.999995	7.30864e-07	-0.00315577	7.30465e-07	1	0.000463065	0.00315577	-0.000463065	0.999995	0.00251554	-0.000369221	1.59596	
0.999989	1.65092e-06	-0.00474375	1.64931e-06	1	0.000695697	0.00474375	-0.000695697	0.999989	0.00566737	-0.000831556	2.39393	
0.99998	2.94638e-06	-0.00633838	2.94235e-06	1	0.000929048	0.00633838	-0.000929048	0.999979	0.010089	-0.00147981	3.1919	
0.999968	4.62145e-06	-0.00793963	4.61337e-06	0.999999	0.00116311	0.00793963	-0.00116311	0.999968	0.0157858	-0.00231456	3.98986	
0.999954	6.68031e-06	-0.00954743	6.6661e-06	0.999999	0.00139787	0.00954743	-0.00139787	0.999953	0.022763	-0.00333637	4.7878	
0.999938	9.12709e-06	-0.0111617	9.10426e-06	0.999999	0.00163333	0.0111617	-0.00163333	0.999936	0.0310257	-0.00454579	5.58574	
0.999918	1.19659e-05	-0.0127825	1.19315e-05	0.999998	0.00186946	0.0127825	-0.00186946	0.999917	0.0405792	-0.00594337	6.38366	
0.999896	1.52008e-05	-0.0144097	1.51514e-05	0.999998	0.00210627	0.0144097	-0.00210627	0.999894	0.0514286	-0.00752964	7.18157	
0.999871	1.88357e-05	-0.0160432	1.87677e-05	0.999997	0.00234374	0.0160432	-0.00234374	0.999869	0.063579	-0.00930515	7.97945	
0.999844	2.28748e-05	-0.017683	2.27837e-05	0.999997	0.00258186	0.017683	-0.00258185	0.99984	0.0770354	-0.0112704	8.77732	
0.999813	2.73219e-05	-0.019329	2.7203e-05	0.999996	0.00282062	0.019329	-0.00282062	0.999809	0.0918028	-0.0134259	9.57516	
0.99978	3.2181e-05	-0.0209812	3.2029e-05	0.999995	0.00306001	0.0209812	-0.00306001	0.999775	0.107886	-0.0157723	10.373	
0.999744	3.74559e-05	-0.0226396	3.72651e-05	0.999995	0.00330003	0.0226396	-0.00330003	0.999738	0.12529	-0.0183098	11.1708	
0.999705	4.31504e-05	-0.024304	4.29148e-05	0.999994	0.00354066	0.024304	-0.00354066	0.999698	0.14402	-0.0210392	11.9685	
0.999663	4.92684e-05	-0.0259745	4.89812e-05	0.999993	0.00378189	0.0259745	-0.00378189	0.999655	0.164081	-0.0239608	12.7662	
0.999618	5.58136e-05	-0.0276509	5.54676e-05	0.999992	0.00402372	0.0276509	-0.00402372	0.99961	0.185477	-0.0270752	13.5639	
0.99957	6.27897e-05	-0.0293332	6.23773e-05	0.999991	0.00426613	0.0293332	-0.00426613	0.999561	0.208213	-0.0303828	14.3616	
0.999519	7.02003e-05	-0.0310215	6.97133e-05	0.99999	0.00450912	0.0310215	-0.00450911	0.999509	0.232294	-0.033884	15.1592	
0.999465	7.80492e-05	-0.0327155	7.74789e-05	0.999989	0.00475267	0.0327155	-0.00475266	0.999453	0.257724	-0.0375793	15.9567	
0.999408	8.63399e-05	-0.0344152	8.56771e-05	0.999988	0.00499677	0.0344152	-0.00499676	0.999395	0.284509	-0.0414693	16.7543	
0.999347	9.50758e-05	-0.0361207	9.43109e-05	0.999986	0.00524142	0.0361207	-0.00524141	0.999334	0.312652	-0.0455542	17.5517	
0.999284	0.000104261	-0.0378318	0.000103383	0.999985	0.00548661	0.0378318	-0.00548659	0.999269	0.342158	-0.0498346	18.3492	
0.999218	0.000113898	-0.0395485	0.000112897	0.999984	0.00573232	0.0395485	-0.0057323	0.999201	0.373032	-0.0543108	19.1465	
0.999148	0.000123991	-0.0412707	0.000122855	0.999982	0.00597855	0.0412707	-0.00597852	0.99913	0.405278	-0.0589833	19.9438	
0.999075	0.000134542	-0.0429984	0.000133261	0.999981	0.00622528	0.0429985	-0.00622525	0.999056	0.438901	-0.0638525	20.7411	
0.998999	0.000145557	-0.0447316	0.000144116	0.999979	0.00647251	0.0447316	-0.00647248	0.998978	0.473904	-0.0689187	21.5383	
0.99892	0.000157036	-0.0464701	0.000155424	0.999977	0.00672022	0.0464701	-0.00672019	0.998897	0.510293	-0.0741825	22.3354	
0.998837	0.000168985	-0.0482139	0.000167188	0.999976	0.00696842	0.0482139	-0.00696837	0.998813	0.548071	-0.0796441	23.1325	
0.998751	0.000181406	-0.0499629	0.000179409	0.999974	0.00721708	0.0499629	-0.00721703	0.998725	0.587242	-0.0853039	23.9295	
0.998662	0.000194302	-0.0517172	0.000192091	0.999972	0.0074662	0.0517172	-0.00746614	0.998634	0.627812	-0.0911623	24.7264	
0.998569	0.000207676	-0.0534766	0.000205236	0.99997	0.00771577	0.0534766	-0.0077157	0.998539	0.669783	-0.0972197	25.5233	
0.998473	0.000221532	-0.055241	0.000218847	0.999968	0.00796577	0.0552411	-0.0079657	0.998441	0.71316	-0.103476	26.32	
0.998374	0.000235872	-0.0570105	0.000232925	0.999966	0.00821621	0.0570106	-0.00821612	0.99834	0.757948	-0.109933	27.1167	
0.998271	0.000250699	-0.058785	0.000247474	0.999964	0.00846706	0.058785	-0.00846696	0.998235	0.804149	-0.116589	27.9134	
0.998164	0.000266017	-0.0605644	0.000262495	0.999962	0.00871832	0.0605644	-0.00871822	0.998126	0.851768	-0.123446	28.7099	
0.998054	0.000281827	-0.0623486	0.000277992	0.99996	0.00896999	0.0623487	-0.00896987	0.998014	0.900809	-0.130503	29.5063	
0.997941	0.000298133	-0.0641377	0.000293965	0.999957	0.00922204	0.0641377	-0.00922191	0.997898	0.951276	-0.137762	30.3027	
0.997824	0.000314938	-0.0659315	0.000310418	0.999955	0.00947448	0.0659315	-0.00947433	0.997779	1.00317	-0.145221	31.0989	
0.997704	0.000332244	-0.0677299	0.000327352	0.999953	0.00972728	0.06773	-0.00972712	0.997656	1.0565	-0.152882	31.8951	
0.99758	0.000350054	-0.069533	0.000344769	0.99995	0.00998045	0.0695331	-0.00998027	0.99753	1.11127	-0.160745	32.6911	
0.997452	0.000368371	-0.0713407	0.000362671	0.999948	0.010234	0.0713407	-0.0102338	0.9974	1.16748	-0.168811	33.4871	
0.997321	0.000387196	-0.0731529	0.000381061	0.999945	0.0104878	0.0731529	-0.0104876	0.997266	1.22513	-0.177078	34.283	
0.997186	0.000406533	-0.0749695	0.00039994	0.999942	0.010742	0.0749695	-0.0107418	0.997128	1.28423	-0.185549	35.0787	
0.997047	0.000426385	-0.0767905	0.00041931	0.999939	0.0109965	0.0767906	-0.0109963	0.996987	1.34478	-0.194222	35.8743	
0.996905	0.000446752	-0.0786159	0.000439173	0.999937	0.0112514	0.0786159	-0.0112511	0.996841	1.40678	-0.203098	36.6698	
0.996759	0.000467638	-0.0804455	0.00045953	0.999934	0.0115065	0.0804456	-0.0115062	0.996693	1.47025	-0.212178	37.4652	
0.996609	0.000489046	-0.0822794	0.000480383	0.999931	0.011762	0.0822794	-0.0117616	0.99654	1.53517	-0.221462	38.2605	
0.996456	0.000510977	-0.0841174	0.000501734	0.999928	0.0120177	0.0841175	-0.0120173	0.996383	1.60156	-0.230949	39.0557	
0.996298	0.000533433	-0.0859595	0.000523584	0.999925	0.0122737	0.0859596	-0.0122732	0.996223	1.66942	-0.240641	39.8507	
0.996137	0.000556416	-0.0878057	0.000545935	0.999921	0.0125299	0.0878058	-0.0125295	0.996059	1.73875	-0.250537	40.6456	
0.995973	0.00057993	-0.0896559	0.000568789	0.999918	0.0127864	0.0896559	-0.0127859	0.995891	1.80956	-0.260638	41.4404	
0.995804	0.000603975	-0.09151	0.000592145	0.999915	0.0130432	0.09151	-0.0130427	0.995719	1.88184	-0.270943	42.235	
0.995631	0.000628554	-0.0933679	0.000616007	0.999911	0.0133002	0.093368	-0.0132996	0.995543	1.95561	-0.281453	43.0295	
0.995455	0.000653668	-0.0952297	0.000640375	0.999908	0.0135575	0.0952298	-0.0135568	0.995363	2.03085	-0.292169	43.8239	
0.994991	0.000717457	-0.099963	0.000612181	0.999912	0.01327	0.0999637	-0.0132647	0.994903	2.10874	-0.30287	44.618	
0.994504	0.000779914	-0.104698	0.000582797	0.999916	0.0129844	0.1047	-0.012974	0.994419	2.19039	-0.313339	45.4117	
0.993994	0.000841044	-0.109435	0.000552234	0.999919	0.0127006	0.109437	-0.0126847	0.993913	2.27583	-0.323577	46.205	
0.99346	0.000900847	-0.114174	0.000520499	0.999923	0.0124185	0.114176	-0.0123968	0.993383	2.36505	-0.333584	46.9979	
0.992904	0.000959327	-0.118913	0.000487601	0.999926	0.0121382	0.118916	-0.0121101	0.99283	2.45805	-0.343362	47.7904	
0.992325	0.00101649	-0.123654	0.000453548	0.99993	0.0118595	0.123657	-0.0118246	0.992255	2.55484	-0.352912	48.5824	
0.991722	0.00107232	-0.128395	0.000418346	0.999933	0.0115825	0.128399	-0.0115403	0.991655	2.65541	-0.362234	49.374	
0.991097	0.00112685	-0.133137	0.000382002	0.999936	0.011307	0.133141	-0.0112572	0.991033	2.75976	-0.37133	50.1651	
0.990448	0.00118005	-0.137879	0.000344521	0.999939	0.0110329	0.137884	-0.0109751	0.990388	2.8679	-0.380201	50.9556	
0.989777	0.00123195	-0.142621	0.000305907	0.999942	0.0107604	0.142626	-0.010694	0.989719	2.97982	-0.388847	51.7457	
0.989082	0.00128253	-0.147363	0.000266165	0.999945	0.0104892	0.147368	-0.0104139	0.989027	3.09552	-0.397268	52.5352	
0.988364	0.0013318	-0.152104	0.000225297	0.999948	0.0102194	0.152109	-0.0101347	0.988312	3.21501	-0.405467	53.3241	
0.987622	0.00137976	-0.156844	0.000183307	0.99995	0.00995082	0.15685	-0.0098564	0.987573	3.33828	-0.413443	54.1125	
0.986858	0.00142641	-0.161584	0.000140194	0.999953	0.00968351	0.16159	-0.00957891	0.986812	3.46534	-0.421198	54.9002	
0.98607	0.00147176	-0.166322	9.59617e-05	0.999956	0.0094174	0.166328	-0.00930218	0.986027	3.59617	-0.428731	55.6874	
0.98526	0.0015158	-0.171058	5.06086e-05	0.999958	0.00915242	0.171065	-0.00902617	0.985218	3.73079	-0.436044	56.4739	
0.984426	0.00155853	-0.175793	4.13466e-06	0.99996	0.00888853	0.1758	-0.00875082	0.984387	3.86918	-0.443137	57.2597	
0.983569	0.00159997	-0.180526	-4.34615e-05	0.999963	0.00862567	0.180533	-0.00847609	0.983532	4.01136	-0.45001	58.0449	
0.982689	0.00164009	-0.185257	-9.21819e-05	0.999965	0.00836379	0.185264	-0.00820193	0.982655	4.15731	-0.456665	58.8294	
0.981786	0.00167892	-0.189985	-0.000142029	0.999967	0.00810285	0.189992	-0.00792828	0.981754	4.30703	-0.463101	59.6132	
0.980859	0.00171644	-0.194711	-0.000193007	0.999969	0.00784279	0.194718	-0.00765509	0.980829	4.46053	-0.469318	60.3962	
0.97991	0.00175266	-0.199433	-0.00024512	0.999971	0.00758356	0.199441	-0.00738232	0.979882	4.61779	-0.475318	61.1786	
0.978937	0.00178758	-0.204153	-0.000298372	0.999973	0.00732511	0.20416	-0.00710991	0.978912	4.77883	-0.4811	61.9601	
0.977942	0.00182119	-0.208869	-0.000352769	0.999975	0.00706739	0.208876	-0.00683782	0.977918	4.94362	-0.486665	62.7408	
0.976924	0.0018535	-0.213581	-0.000408319	0.999977	0.00681036	0.213589	-0.00656599	0.976902	5.11218	-0.492013	63.5208	
0.975882	0.00188451	-0.218289	-0.000465027	0.999978	0.00655395	0.218297	-0.00629437	0.975862	5.2845	-0.497144	64.2999	
0.974818	0.00191421	-0.222994	-0.000522902	0.99998	0.00629813	0.223001	-0.00602292	0.9748	5.46058	-0.502059	65.0782	
0.973731	0.00194261	-0.227693	-0.000581952	0.999982	0.00604283	0.227701	-0.00575159	0.973714	5.6404	-0.506757	65.8557	
0.972621	0.00196971	-0.232389	-0.000642188	0.999983	0.00578802	0.232396	-0.00548032	0.972606	5.82398	-0.511238	66.6322	
0.971488	0.0019955	-0.237079	-0.000703618	0.999984	0.00553365	0.237086	-0.00520906	0.971475	6.0113	-0.515503	67.4079	
0.970333	0.00201998	-0.241764	-0.000766253	0.999986	0.00527966	0.241772	-0.00493777	0.970321	6.20236	-0.519552	68.1827	
0.969155	0.00204316	-0.246444	-0.000830106	0.999987	0.00502601	0.246451	-0.0046664	0.969144	6.39715	-0.523384	68.9565	
0.967954	0.00206502	-0.251119	-0.000895187	0.999988	0.00477264	0.251126	-0.0043949	0.967945	6.59568	-0.526999	69.7294	
0.966731	0.00208558	-0.255787	-0.000961511	0.999989	0.00451951	0.255794	-0.00412321	0.966723	6.79794	-0.530398	70.5013	
0.965485	0.00210482	-0.26045	-0.00102909	0.99999	0.00426658	0.260456	-0.00385129	0.965478	7.00392	-0.533579	71.2722	
0.960186	0.00214516	-0.279352	-0.00198764	0.999998	0.000847123	0.279353	-0.000258144	0.960188	7.2193	-0.535219	72.0406	
0.954518	0.00211496	-0.298146	-0.00301311	0.999992	-0.00255287	0.298138	0.00333511	0.954517	7.44972	-0.533991	72.8045	
0.948482	0.00201423	-0.316825	-0.00410508	0.999974	-0.00593204	0.316805	0.00692703	0.948465	7.69509	-0.529897	73.5638	
0.94208	0.00184301	-0.335382	-0.00526312	0.999943	-0.00928906	0.335346	0.0105162	0.942036	7.9553	-0.522937	74.3181	
0.935316	0.00160137	-0.353809	-0.00648677	0.999899	-0.0126226	0.353753	0.0141012	0.935233	8.23025	-0.513114	75.0672	
0.928192	0.00128941	-0.372098	-0.00777554	0.999843	-0.0159313	0.372019	0.0176805	0.928057	8.51983	-0.500433	75.8106	
0.920711	0.000907247	-0.390243	-0.00912893	0.999774	-0.0192138	0.390138	0.0212529	0.920511	8.82394	-0.484899	76.5482	
0.912876	0.000455039	-0.408237	-0.0105464	0.999692	-0.0224689	0.408101	0.0248168	0.9126	9.14244	-0.466517	77.2796	
0.90469	-6.70364e-05	-0.426071	-0.0120273	0.999597	-0.0256953	0.425901	0.0283708	0.904325	9.47521	-0.445295	78.0046	
