1	0	0	0	1	0	0	0	1	0	0	0	
0.999997	4.22508e-06	-0.00241174	4.22508e-06	0.999994	0.00350374	0.00241174	-0.00350374	0.999991	0.00104326	-0.00151564	0.865149	
0.999988	1.69087e-05	-0.00482421	1.69148e-05	0.999975	0.00701107	0.00482421	-0.00701107	0.999964	0.00417337	-0.0060641	1.73028	
0.999974	3.80645e-05	-0.00723732	3.8089e-05	0.999945	0.0105219	0.00723732	-0.0105219	0.999918	0.0093909	-0.0136484	2.59538	
0.999953	6.77055e-05	-0.00965101	6.77668e-05	0.999901	0.0140361	0.00965101	-0.0140361	0.999855	0.0166964	-0.0242716	3.46044	
0.999927	0.000105844	-0.0120652	0.000105967	0.999846	0.0175536	0.0120652	-0.0175536	0.999773	0.0260903	-0.0379366	4.32543	
0.999895	0.000152493	-0.0144798	0.000152708	0.999778	0.0210742	0.0144798	-0.0210742	0.999673	0.0375731	-0.0546461	5.19034	
0.999857	0.000207663	-0.0168948	0.000208008	0.999697	0.024598	0.0168948	-0.024598	0.999555	0.051145	-0.0744028	6.05516	
0.999814	0.000271366	-0.0193101	0.000271882	0.999604	0.0281247	0.0193101	-0.0281247	0.999418	0.0668064	-0.0972094	6.91987	
0.999764	0.000343611	-0.0217256	0.00034435	0.999499	0.0316543	0.0217256	-0.0316543	0.999263	0.0845574	-0.123068	7.78445	
0.999708	0.000424408	-0.0241412	0.000425425	0.999381	0.0351866	0.0241412	-0.0351866	0.999089	0.104398	-0.151982	8.64889	
0.999647	0.000513768	-0.0265569	0.000515125	0.99925	0.0387216	0.0265568	-0.0387217	0.998897	0.126329	-0.183953	9.51317	
0.99958	0.000611699	-0.0289726	0.000613463	0.999106	0.0422592	0.0289725	-0.0422593	0.998687	0.15035	-0.218984	10.3773	
0.999507	0.000718209	-0.0313882	0.000720456	0.99895	0.0457993	0.0313881	-0.0457993	0.998457	0.17646	-0.257076	11.2412	
0.999428	0.000833305	-0.0338036	0.000836116	0.998782	0.0493417	0.0338036	-0.0493417	0.99821	0.204661	-0.298231	12.1049	
0.999343	0.000956996	-0.0362189	0.000960458	0.9986	0.0528863	0.0362188	-0.0528864	0.997943	0.234951	-0.342453	12.9684	
0.999253	0.00108929	-0.0386338	0.00109349	0.998406	0.0564331	0.0386337	-0.0564332	0.997659	0.26733	-0.389742	13.8317	
0.999156	0.00123019	-0.0410484	0.00123524	0.998199	0.059982	0.0410483	-0.0599821	0.997355	0.301799	-0.440101	14.6946	
0.999054	0.0013797	-0.0434626	0.0013857	0.997979	0.0635328	0.0434624	-0.0635329	0.997033	0.338356	-0.49353	15.5574	
0.998946	0.00153783	-0.0458762	0.00154489	0.997746	0.0670855	0.045876	-0.0670856	0.996692	0.377002	-0.550033	16.4198	
0.998832	0.00170458	-0.0482893	0.00171283	0.9975	0.0706398	0.048289	-0.07064	0.996332	0.417735	-0.60961	17.2819	
0.998712	0.00187996	-0.0507018	0.00188952	0.997242	0.0741959	0.0507014	-0.0741961	0.995954	0.460556	-0.672262	18.1438	
0.998586	0.00206397	-0.0531135	0.00207497	0.99697	0.0777534	0.0531131	-0.0777537	0.995557	0.505464	-0.737992	19.0052	
0.998455	0.00225662	-0.0555244	0.00226919	0.996686	0.0813124	0.0555239	-0.0813128	0.995141	0.552458	-0.806801	19.8664	
0.998317	0.0024579	-0.0579345	0.00247219	0.996389	0.0848727	0.0579339	-0.0848731	0.994706	0.601537	-0.878689	20.7271	
0.998174	0.00266782	-0.0603436	0.00268399	0.996078	0.0884343	0.0603429	-0.0884348	0.994252	0.652701	-0.953658	21.5875	
0.998025	0.00288638	-0.0627518	0.00290458	0.995755	0.0919969	0.062751	-0.0919975	0.99378	0.705948	-1.03171	22.4475	
0.99787	0.00311359	-0.0651589	0.00313397	0.995419	0.0955606	0.0651579	-0.0955613	0.993289	0.761279	-1.11284	23.307	
0.997709	0.00334943	-0.0675648	0.00337218	0.995069	0.0991252	0.0675637	-0.099126	0.992779	0.818691	-1.19706	24.1662	
0.997543	0.00359392	-0.0699696	0.00361921	0.994707	0.102691	0.0699682	-0.102692	0.992249	0.878184	-1.28436	25.0248	
0.99737	0.00384706	-0.072373	0.00387506	0.994331	0.106257	0.0723715	-0.106258	0.991701	0.939757	-1.37475	25.8831	
0.997192	0.00410883	-0.0747751	0.00413975	0.993942	0.109823	0.0747734	-0.109825	0.991134	1.00341	-1.46822	26.7408	
0.997008	0.00437924	-0.0771758	0.00441327	0.993541	0.113391	0.0771739	-0.113392	0.990549	1.06914	-1.56478	27.598	
0.996818	0.0046583	-0.079575	0.00469563	0.993126	0.116958	0.0795728	-0.11696	0.989944	1.13694	-1.66442	28.4547	
0.996622	0.00494599	-0.0819727	0.00498683	0.992698	0.120526	0.0819702	-0.120528	0.98932	1.20682	-1.76715	29.3109	
0.996421	0.00524231	-0.0843687	0.00528689	0.992256	0.124094	0.084366	-0.124096	0.988677	1.27877	-1.87297	30.1665	
0.996214	0.00554727	-0.0867631	0.00559579	0.991802	0.127663	0.08676	-0.127665	0.988015	1.3528	-1.98188	31.0216	
0.996	0.00586085	-0.0891557	0.00591355	0.991334	0.131231	0.0891522	-0.131233	0.987335	1.4289	-2.09387	31.8761	
0.995782	0.00618306	-0.0915464	0.00624017	0.990853	0.134799	0.0915426	-0.134801	0.986635	1.50706	-2.20895	32.73	
0.995557	0.00651388	-0.0939353	0.00657565	0.990359	0.138367	0.093931	-0.13837	0.985916	1.58729	-2.32712	33.5833	
0.995327	0.00685332	-0.0963222	0.00691998	0.989852	0.141934	0.0963174	-0.141937	0.985179	1.66959	-2.44837	34.4359	
0.99509	0.00720137	-0.0987071	0.00727318	0.989331	0.145501	0.0987018	-0.145505	0.984422	1.75395	-2.57271	35.2879	
0.994849	0.00755802	-0.10109	0.00763524	0.988797	0.149068	0.101084	-0.149072	0.983646	1.84037	-2.70014	36.1393	
0.994601	0.00792327	-0.10347	0.00800616	0.98825	0.152634	0.103464	-0.152638	0.982851	1.92885	-2.83065	36.9899	
0.994348	0.0082971	-0.105849	0.00838593	0.98769	0.156199	0.105842	-0.156204	0.982038	2.01939	-2.96425	37.8399	
0.994089	0.00867952	-0.108225	0.00877457	0.987116	0.159763	0.108217	-0.159769	0.981205	2.11199	-3.10093	38.6891	
0.993824	0.00907051	-0.110599	0.00917207	0.986529	0.163327	0.11059	-0.163333	0.980353	2.20664	-3.2407	39.5377	
0.993553	0.00947007	-0.11297	0.00957842	0.985929	0.166889	0.112961	-0.166896	0.979482	2.30335	-3.38355	40.3854	
0.993277	0.00987818	-0.115339	0.00999363	0.985316	0.170451	0.115329	-0.170457	0.978593	2.4021	-3.52948	41.2325	
0.992995	0.0102948	-0.117705	0.0104177	0.984689	0.174011	0.117694	-0.174018	0.977684	2.5029	-3.67849	42.0787	
0.992708	0.0107201	-0.120069	0.0108506	0.984048	0.177569	0.120057	-0.177577	0.976756	2.60574	-3.83058	42.9242	
0.992415	0.0111538	-0.12243	0.0112923	0.983395	0.181127	0.122417	-0.181135	0.975809	2.71063	-3.98575	43.7688	
0.992116	0.011596	-0.124788	0.0117429	0.982728	0.184682	0.124774	-0.184692	0.974844	2.81756	-4.144	44.6126	
0.991811	0.0120468	-0.127143	0.0122023	0.982048	0.188236	0.127128	-0.188246	0.973859	2.92653	-4.30533	45.4556	
0.991501	0.012506	-0.129495	0.0126706	0.981354	0.191789	0.129479	-0.1918	0.972856	3.03753	-4.46973	46.2977	
0.991185	0.0129738	-0.131845	0.0131477	0.980648	0.195339	0.131828	-0.195351	0.971833	3.15057	-4.6372	47.1389	
0.990864	0.01345	-0.134191	0.0136336	0.979927	0.198888	0.134173	-0.1989	0.970792	3.26563	-4.80774	47.9792	
0.990537	0.0139347	-0.136535	0.0141283	0.979194	0.202434	0.136515	-0.202448	0.969731	3.38273	-4.98135	48.8186	
0.990205	0.0144278	-0.138875	0.0146318	0.978447	0.205978	0.138854	-0.205993	0.968652	3.50184	-5.15804	49.6571	
0.990091	0.0145992	-0.139668	0.0155242	0.977106	0.212184	0.139568	-0.212249	0.967197	3.62228	-5.33896	50.4945	
0.989975	0.0147771	-0.140467	0.0164221	0.975725	0.218385	0.140284	-0.218502	0.9657	3.74334	-5.52529	51.3307	
0.989858	0.0149615	-0.141269	0.0173252	0.974301	0.224582	0.140999	-0.224751	0.964161	3.86502	-5.71703	52.1655	
0.98974	0.0151524	-0.142077	0.0182337	0.972837	0.230773	0.141714	-0.230996	0.962579	3.98731	-5.91418	52.999	
0.98962	0.01535	-0.142888	0.0191475	0.971331	0.236959	0.142429	-0.237235	0.960954	4.11023	-6.11673	53.831	
0.989499	0.0155541	-0.143704	0.0200665	0.969784	0.243139	0.143143	-0.243469	0.959288	4.23376	-6.32467	54.6617	
0.989376	0.0157647	-0.144522	0.0209908	0.968196	0.249311	0.143856	-0.249696	0.957579	4.35791	-6.538	55.4909	
0.989252	0.015982	-0.145344	0.0219201	0.966567	0.255477	0.144568	-0.255917	0.955828	4.48267	-6.75672	56.3186	
0.989127	0.0162057	-0.146169	0.0228547	0.964896	0.261635	0.145278	-0.262131	0.954034	4.60805	-6.98081	57.1447	
0.989	0.016436	-0.146997	0.0237943	0.963185	0.267784	0.145987	-0.268336	0.952199	4.73405	-7.21028	57.9693	
0.988873	0.0166728	-0.147827	0.0247389	0.961433	0.273925	0.146693	-0.274534	0.950322	4.86066	-7.44511	58.7923	
0.988744	0.0169161	-0.148659	0.0256886	0.95964	0.280056	0.147397	-0.280722	0.948404	4.98787	-7.6853	59.6137	
0.988614	0.0171659	-0.149493	0.0266431	0.957806	0.286177	0.148097	-0.286902	0.946443	5.1157	-7.93085	60.4333	
0.988483	0.0174221	-0.150328	0.0276026	0.955932	0.292288	0.148795	-0.293071	0.944441	5.24413	-8.18173	61.2513	
0.98835	0.0176846	-0.151164	0.0285669	0.954017	0.298388	0.14949	-0.29923	0.942398	5.37316	-8.43794	62.0675	
0.988217	0.0179534	-0.152001	0.029536	0.952062	0.304476	0.150181	-0.305378	0.940314	5.50279	-8.69948	62.8819	
0.988083	0.0182286	-0.152839	0.0305098	0.950067	0.310552	0.150868	-0.311514	0.938188	5.63301	-8.96634	63.6945	
0.987948	0.0185099	-0.153677	0.0314882	0.948031	0.316616	0.151551	-0.317639	0.936022	5.76383	-9.23849	64.5052	
0.987812	0.0187974	-0.154515	0.0324712	0.945955	0.322667	0.15223	-0.323751	0.933815	5.89524	-9.51595	65.3141	
0.987675	0.0190909	-0.155353	0.0334588	0.94384	0.328704	0.152904	-0.329851	0.931568	6.02724	-9.79868	66.121	
0.987537	0.0193904	-0.15619	0.0344508	0.941685	0.334727	0.153572	-0.335936	0.92928	6.15981	-10.0867	66.926	
0.987398	0.0196959	-0.157026	0.0354472	0.93949	0.340736	0.154236	-0.342008	0.926953	6.29296	-10.3799	67.7289	
0.987259	0.0200071	-0.157862	0.036448	0.937257	0.34673	0.154894	-0.348066	0.924585	6.42669	-10.6785	68.5299	
0.987118	0.0203242	-0.158695	0.0374529	0.934983	0.352708	0.155546	-0.354109	0.922178	6.56097	-10.9822	69.3287	
0.986978	0.0206468	-0.159527	0.038462	0.932671	0.358671	0.156192	-0.360136	0.919732	6.69583	-11.2912	70.1255	
0.988526	0.0168544	-0.150104	0.041331	0.925647	0.376125	0.145283	-0.378013	0.91433	6.82624	-11.6105	70.9189	
0.989963	0.0128791	-0.140739	0.0439917	0.918284	0.393472	0.134306	-0.395714	0.9085	6.94719	-11.9452	71.7075	
0.991286	0.00872298	-0.131436	0.0464429	0.910585	0.410704	0.123266	-0.413229	0.902246	7.05861	-12.2951	72.4908	
0.992496	0.00438784	-0.122199	0.0486834	0.902555	0.427813	0.112169	-0.430551	0.895569	7.16046	-12.6602	73.2685	
0.993591	-0.00012427	-0.113033	0.0507122	0.894198	0.44479	0.101019	-0.447672	0.888473	7.25268	-13.0401	74.0403	
0.994572	-0.00481122	-0.103942	0.0525284	0.885516	0.461629	0.0898216	-0.464583	0.880962	7.33524	-13.4347	74.8057	
0.995437	-0.00967084	-0.0949307	0.054131	0.876515	0.478321	0.0785824	-0.481277	0.873039	7.40809	-13.8439	75.5645	
0.996186	-0.0147008	-0.0860025	0.0555193	0.867198	0.494858	0.0673064	-0.497746	0.864707	7.4712	-14.2674	76.3162	
0.99682	-0.0198989	-0.0771621	0.0566928	0.85757	0.511233	0.055999	-0.513982	0.855971	7.52454	-14.7051	77.0606	
0.997337	-0.0252625	-0.0684135	0.0576507	0.847635	0.527438	0.0446653	-0.529977	0.846835	7.56809	-15.1567	77.7972	
0.997738	-0.0307892	-0.0597608	0.0583928	0.837398	0.543465	0.0333107	-0.545725	0.837302	7.60182	-15.622	78.5257	
0.998022	-0.0364764	-0.051208	0.0589186	0.826864	0.559307	0.0219406	-0.561217	0.827378	7.62572	-16.1009	79.2458	
0.998189	-0.0423215	-0.0427593	0.0592279	0.816038	0.574956	0.0105602	-0.576447	0.817066	7.63978	-16.593	79.9572	
0.998239	-0.0483216	-0.0344184	0.0593205	0.804924	0.590406	-0.000825159	-0.591407	0.806372	7.64399	-17.0982	80.6595	
0.998172	-0.0544741	-0.0261894	0.0591965	0.793528	0.605648	-0.0122101	-0.606091	0.795302	7.63835	-17.6162	81.3524	
0.997988	-0.060776	-0.018076	0.0588558	0.781855	0.620676	-0.0235894	-0.620491	0.783859	7.62287	-18.1468	82.0355	
