1	0	0	0	1	0	0	0	1	0	0	0	
0.999993	7.93562e-06	-0.00362844	7.93562e-06	0.99999	0.00437408	0.00362844	-0.00437408	0.999984	0.00187104	-0.00225553	1.03131	
0.999974	3.17413e-05	-0.00725623	3.1749e-05	0.999962	0.00874949	0.00725623	-0.00874949	0.999935	0.0074838	-0.00902281	2.06258	
0.999941	7.14167e-05	-0.0108832	7.14474e-05	0.999914	0.0131261	0.0108832	-0.0131261	0.999855	0.0168376	-0.0203031	3.09379	
0.999895	0.000126961	-0.0145093	0.000127037	0.999847	0.0175036	0.0145093	-0.0175036	0.999742	0.0299314	-0.0360975	4.1249	
0.999836	0.000198371	-0.0181343	0.000198525	0.999761	0.021882	0.0181343	-0.0218821	0.999596	0.0467643	-0.0564071	5.15587	
0.999763	0.000285646	-0.0217581	0.000285915	0.999655	0.0262612	0.0217581	-0.0262612	0.999418	0.0673352	-0.0812325	6.18668	
0.999678	0.000388781	-0.0253807	0.000389211	0.99953	0.0306408	0.0253807	-0.0306408	0.999208	0.0916427	-0.110574	7.21729	
0.999579	0.000507773	-0.0290018	0.000508419	0.999386	0.0350208	0.0290018	-0.0350209	0.998966	0.119685	-0.144433	8.24766	
0.999468	0.000642617	-0.0326213	0.000643539	0.999223	0.0394011	0.0326213	-0.0394011	0.998691	0.151462	-0.18281	9.27777	
0.999343	0.000793307	-0.0362391	0.000794575	0.999041	0.0437814	0.0362391	-0.0437814	0.998384	0.18697	-0.225703	10.3076	
0.999205	0.000959838	-0.0398551	0.000961528	0.998839	0.0481616	0.0398551	-0.0481617	0.998044	0.226209	-0.273115	11.337	
0.999054	0.0011422	-0.0434691	0.0011444	0.998618	0.0525416	0.0434691	-0.0525416	0.997672	0.269176	-0.325043	12.3662	
0.99889	0.00134039	-0.0470811	0.00134319	0.998378	0.0569212	0.047081	-0.0569212	0.997268	0.315868	-0.381489	13.3949	
0.998713	0.0015544	-0.0506908	0.00155789	0.998118	0.0613002	0.0506907	-0.0613003	0.996831	0.366285	-0.44245	14.4231	
0.998523	0.00178421	-0.0542982	0.00178851	0.997839	0.0656784	0.0542981	-0.0656786	0.996362	0.420423	-0.507928	15.4509	
0.99832	0.00202982	-0.0579032	0.00203504	0.997541	0.0700558	0.057903	-0.070056	0.995861	0.478281	-0.577921	16.4782	
0.998104	0.00229122	-0.0615055	0.00229749	0.997223	0.0744322	0.0615052	-0.0744324	0.995328	0.539855	-0.652427	17.505	
0.997875	0.00256839	-0.0651051	0.00257584	0.996887	0.0788074	0.0651048	-0.0788076	0.994762	0.605142	-0.731447	18.5312	
0.997633	0.00286133	-0.0687018	0.00287009	0.99653	0.0831812	0.0687015	-0.0831815	0.994163	0.67414	-0.814978	19.5568	
0.997378	0.00317002	-0.0722956	0.00318024	0.996155	0.0875535	0.0722952	-0.0875539	0.993533	0.746846	-0.903019	20.5818	
0.99711	0.00349445	-0.0758863	0.00350628	0.99576	0.0919242	0.0758857	-0.0919246	0.99287	0.823257	-0.995568	21.6061	
0.99683	0.00383461	-0.0794737	0.0038482	0.995346	0.096293	0.079473	-0.0962935	0.992175	0.903369	-1.09262	22.6297	
0.996536	0.00419047	-0.0830577	0.004206	0.994912	0.10066	0.083057	-0.100661	0.991448	0.987179	-1.19419	23.6526	
0.996229	0.00456202	-0.0866383	0.00457968	0.994459	0.105025	0.0866374	-0.105025	0.990688	1.07468	-1.30025	24.6747	
0.99591	0.00494926	-0.0902153	0.00496921	0.993987	0.109387	0.0902142	-0.109388	0.989897	1.16588	-1.41081	25.696	
0.995578	0.00535215	-0.0937885	0.00537459	0.993495	0.113747	0.0937872	-0.113748	0.989073	1.26076	-1.52587	26.7165	
0.995233	0.00577069	-0.0973579	0.00579582	0.992984	0.118104	0.0973564	-0.118106	0.988217	1.35932	-1.64543	27.7361	
0.994875	0.00620485	-0.100923	0.00623287	0.992454	0.122459	0.100921	-0.12246	0.987329	1.46157	-1.76948	28.7548	
0.994504	0.00665461	-0.104484	0.00668574	0.991904	0.126811	0.104482	-0.126812	0.986409	1.56749	-1.89802	29.7725	
0.994121	0.00711996	-0.108041	0.00715443	0.991335	0.131159	0.108039	-0.131161	0.985456	1.67707	-2.03105	30.7894	
0.993725	0.00760088	-0.111594	0.0076389	0.990747	0.135505	0.111591	-0.135507	0.984472	1.79033	-2.16856	31.8052	
0.993316	0.00809734	-0.115142	0.00813915	0.99014	0.139847	0.115139	-0.139849	0.983456	1.90724	-2.31055	32.8199	
0.992895	0.00860933	-0.118686	0.00865517	0.989513	0.144185	0.118682	-0.144188	0.982407	2.02782	-2.45701	33.8337	
0.99246	0.00913681	-0.122225	0.00918694	0.988867	0.14852	0.122221	-0.148523	0.981327	2.15204	-2.60795	34.8463	
0.992014	0.00967978	-0.125758	0.00973445	0.988201	0.152851	0.125754	-0.152854	0.980215	2.27991	-2.76336	35.8578	
0.991554	0.0102382	-0.129287	0.0102977	0.987517	0.157178	0.129283	-0.157181	0.979071	2.41142	-2.92323	36.8681	
0.991082	0.010812	-0.132811	0.0108766	0.986813	0.1615	0.132806	-0.161505	0.977895	2.54657	-3.08756	37.8772	
0.990598	0.0114013	-0.13633	0.0114712	0.98609	0.165819	0.136324	-0.165823	0.976687	2.68535	-3.25635	38.8851	
0.990101	0.0120059	-0.139843	0.0120815	0.985347	0.170133	0.139837	-0.170138	0.975448	2.82775	-3.42959	39.8917	
0.989591	0.0126259	-0.143351	0.0127074	0.984585	0.174442	0.143344	-0.174448	0.974177	2.97378	-3.60728	40.8971	
0.989069	0.0132612	-0.146853	0.0133489	0.983805	0.178746	0.146845	-0.178753	0.972874	3.12342	-3.78941	41.9011	
0.988535	0.0139118	-0.150349	0.0140061	0.983005	0.183046	0.150341	-0.183053	0.97154	3.27666	-3.97598	42.9037	
0.987988	0.0145776	-0.15384	0.0146788	0.982185	0.18734	0.15383	-0.187348	0.970174	3.43351	-4.16698	43.905	
0.987429	0.0152588	-0.157325	0.0153671	0.981347	0.191629	0.157314	-0.191638	0.968776	3.59395	-4.36241	44.9048	
0.986858	0.0159551	-0.160803	0.0160709	0.98049	0.195913	0.160792	-0.195923	0.967347	3.75799	-4.56226	45.9032	
0.986274	0.0166666	-0.164275	0.0167902	0.979613	0.200191	0.164263	-0.200202	0.965887	3.92561	-4.76652	46.9001	
0.985678	0.0173932	-0.167742	0.0175251	0.978717	0.204464	0.167728	-0.204475	0.964395	4.0968	-4.9752	47.8955	
0.985069	0.0181349	-0.171201	0.0182754	0.977802	0.208731	0.171186	-0.208743	0.962872	4.27156	-5.18828	48.8893	
0.984449	0.0188918	-0.174654	0.0190411	0.976869	0.212991	0.174638	-0.213004	0.961317	4.44989	-5.40575	49.8815	
0.983816	0.0196637	-0.1781	0.0198222	0.975916	0.217246	0.178083	-0.21726	0.959732	4.63177	-5.62762	50.8721	
0.983171	0.0204506	-0.18154	0.0206188	0.974944	0.221494	0.181521	-0.221509	0.958115	4.81721	-5.85388	51.8611	
0.982514	0.0212525	-0.184973	0.0214307	0.973953	0.225735	0.184952	-0.225752	0.956467	5.00618	-6.08451	52.8483	
0.981845	0.0220693	-0.188398	0.0222579	0.972943	0.22997	0.188376	-0.229988	0.954788	5.19869	-6.31952	53.8339	
0.981164	0.022901	-0.191817	0.0231004	0.971914	0.234198	0.191793	-0.234218	0.953078	5.39473	-6.55889	54.8177	
0.98047	0.0237476	-0.195228	0.0239582	0.970867	0.23842	0.195202	-0.238441	0.951337	5.59428	-6.80262	55.7997	
0.979765	0.0246091	-0.198631	0.0248312	0.9698	0.242634	0.198604	-0.242656	0.949565	5.79735	-7.0507	56.7799	
0.979048	0.0254853	-0.202028	0.0257195	0.968715	0.246841	0.201998	-0.246865	0.947763	6.00393	-7.30313	57.7583	
0.978319	0.0263764	-0.205416	0.0266229	0.967611	0.25104	0.205384	-0.251066	0.94593	6.214	-7.55989	58.7348	
0.977578	0.0272821	-0.208797	0.0275415	0.966487	0.255232	0.208763	-0.25526	0.944066	6.42755	-7.82098	59.7094	
0.976826	0.0282025	-0.21217	0.0284751	0.965346	0.259416	0.212134	-0.259446	0.942171	6.64459	-8.08639	60.682	
0.976061	0.0291376	-0.215535	0.0294239	0.964185	0.263593	0.215496	-0.263624	0.940246	6.8651	-8.35612	61.6527	
0.975285	0.0300872	-0.218892	0.0303877	0.963006	0.267761	0.218851	-0.267795	0.938291	7.08908	-8.63015	62.6214	
0.974497	0.0310514	-0.222241	0.0313665	0.961808	0.271921	0.222197	-0.271957	0.936305	7.31651	-8.90848	63.5881	
0.973698	0.0320302	-0.225582	0.0323603	0.960592	0.276073	0.225534	-0.276112	0.934289	7.54738	-9.19109	64.5526	
0.972886	0.0330234	-0.228914	0.033369	0.959357	0.280217	0.228864	-0.280258	0.932243	7.7817	-9.47799	65.5151	
0.9712	0.0350757	-0.23567	0.0346019	0.957856	0.285156	0.23574	-0.285098	0.929056	8.02128	-9.76952	66.4749	
0.969464	0.0371625	-0.242402	0.0358717	0.95633	0.29008	0.242596	-0.289918	0.925794	8.26793	-10.066	67.4314	
0.967679	0.0392838	-0.249108	0.0371782	0.954777	0.294988	0.249431	-0.294715	0.922457	8.52165	-10.3675	68.3845	
0.965844	0.0414393	-0.255788	0.0385211	0.9532	0.299878	0.256244	-0.299489	0.919046	8.78241	-10.6739	69.3341	
0.959113	0.0490124	-0.278748	0.0401051	0.951417	0.305281	0.280169	-0.303978	0.910551	9.05903	-10.9851	70.2776	
0.951783	0.0566956	-0.301488	0.04183	0.949609	0.310632	0.303907	-0.308265	0.90145	9.36023	-11.3008	71.212	
0.94386	0.0644839	-0.323991	0.0436944	0.947777	0.315928	0.327444	-0.312348	0.891751	9.68581	-11.6209	72.1367	
0.935349	0.0723721	-0.346244	0.0456972	0.94592	0.321164	0.350763	-0.316223	0.881458	10.0355	-11.945	73.0511	
0.926255	0.0803549	-0.368231	0.0478371	0.944042	0.326338	0.373848	-0.319887	0.87058	10.4092	-12.2731	73.9546	
0.916586	0.0884269	-0.389938	0.0501126	0.942142	0.331446	0.396685	-0.323339	0.859123	10.8066	-12.6048	74.8466	
0.906346	0.096583	-0.411349	0.0525221	0.940223	0.336485	0.419259	-0.326576	0.847095	11.2273	-12.9399	75.7265	
0.895544	0.104818	-0.432452	0.0550642	0.938285	0.341451	0.441554	-0.329596	0.834504	11.6713	-13.2783	76.5937	
0.884185	0.113125	-0.453232	0.0577371	0.93633	0.34634	0.463555	-0.332397	0.821358	12.138	-13.6197	77.4476	
0.872278	0.1215	-0.473676	0.060539	0.93436	0.351151	0.485248	-0.334977	0.807666	12.6273	-13.9638	78.2876	
0.859831	0.129937	-0.493768	0.0634681	0.932374	0.355879	0.506619	-0.337335	0.793437	13.1388	-14.3105	79.1133	
0.846851	0.138431	-0.513497	0.0665224	0.930376	0.360522	0.527653	-0.339468	0.778681	13.6721	-14.6595	79.924	
0.833348	0.146975	-0.53285	0.0696999	0.928365	0.365076	0.548336	-0.341375	0.763407	14.227	-15.0106	80.7192	
0.819331	0.155564	-0.551812	0.0729985	0.926344	0.369538	0.568655	-0.343056	0.747626	14.803	-15.3636	81.4985	
0.804808	0.164192	-0.570372	0.076416	0.924313	0.373906	0.588595	-0.344508	0.731348	15.3998	-15.7182	82.2611	
0.78979	0.172855	-0.588518	0.0799501	0.922275	0.378176	0.608145	-0.345731	0.714584	16.0169	-16.0741	83.0068	
0.774286	0.181544	-0.606237	0.0835985	0.92023	0.382345	0.62729	-0.346725	0.697344	16.654	-16.4312	83.7349	
0.758307	0.190256	-0.623517	0.0873587	0.91818	0.386412	0.646018	-0.347488	0.679642	17.3107	-16.7892	84.445	
0.741863	0.198985	-0.640347	0.0912283	0.916126	0.390372	0.664317	-0.34802	0.661487	17.9864	-17.1479	85.1366	
0.724965	0.207723	-0.656716	0.0952046	0.91407	0.394224	0.682174	-0.348321	0.642893	18.6807	-17.5069	85.8092	
0.707625	0.216466	-0.672613	0.099285	0.912012	0.397965	0.699578	-0.348391	0.623871	19.3933	-17.8662	86.4625	
0.689854	0.225209	-0.688028	0.103467	0.909955	0.401592	0.716516	-0.348228	0.604435	20.1236	-18.2255	87.0959	
0.671664	0.233944	-0.702949	0.107747	0.907899	0.405104	0.732979	-0.347835	0.584597	20.871	-18.5844	87.7091	
0.653067	0.242666	-0.717368	0.112124	0.905847	0.408497	0.748954	-0.34721	0.56437	21.6352	-18.9428	88.3016	
0.634075	0.25137	-0.731275	0.116593	0.903799	0.411769	0.764431	-0.346354	0.543768	22.4157	-19.3005	88.873	
0.614701	0.260049	-0.744659	0.121152	0.901756	0.414919	0.779401	-0.345268	0.522805	23.2118	-19.6572	89.423	
0.594957	0.268698	-0.757514	0.125798	0.899721	0.417944	0.793852	-0.343952	0.501494	24.0231	-20.0126	89.9513	
0.574858	0.277312	-0.769829	0.130528	0.897694	0.420842	0.807775	-0.342408	0.47985	24.849	-20.3665	90.4573	
0.554416	0.285884	-0.781597	0.135338	0.895677	0.423611	0.821162	-0.340637	0.457887	25.6891	-20.7188	90.9409	
0.533645	0.294408	-0.79281	0.140226	0.893671	0.42625	0.834002	-0.338638	0.435619	26.5426	-21.0691	91.4017	
