1	0	0	0	1	0	0	0	1	0	0	0	
1	-1.20035e-06	-0.000802618	-1.20035e-06	0.999996	-0.00299108	0.000802618	0.00299108	0.999995	0.000365637	0.00136261	0.91111	
0.999999	-4.81487e-06	-0.00160763	-4.81311e-06	0.999982	-0.00598888	0.00160763	0.00598888	0.999981	0.00146364	0.00545348	1.82221	
0.999997	-1.08631e-05	-0.00241499	-1.08561e-05	0.99996	-0.00899327	0.00241499	0.00899327	0.999957	0.00329617	0.0122787	2.73329	
0.999995	-1.93644e-05	-0.0032247	-1.93468e-05	0.999928	-0.0120041	0.0032247	0.0120041	0.999923	0.00586536	0.0218442	3.64435	
0.999992	-3.03379e-05	-0.0040367	-3.03025e-05	0.999887	-0.0150214	0.0040367	0.0150214	0.999879	0.00917333	0.0341558	4.55537	
0.999988	-4.38025e-05	-0.00485098	-4.37403e-05	0.999837	-0.0180448	0.00485098	0.0180448	0.999825	0.0132222	0.0492193	5.46635	
0.999984	-5.97766e-05	-0.0056675	-5.96769e-05	0.999778	-0.0210744	0.0056675	0.0210744	0.999762	0.0180139	0.0670403	6.37727	
0.999979	-7.82788e-05	-0.00648623	-7.81289e-05	0.999709	-0.02411	0.00648624	0.02411	0.999688	0.0235506	0.0876244	7.28813	
0.999973	-9.93271e-05	-0.00730716	-9.91126e-05	0.999631	-0.0271515	0.00730716	0.0271515	0.999605	0.0298343	0.110977	8.19892	
0.999967	-0.000122939	-0.00813024	-0.000122644	0.999544	-0.0301988	0.00813024	0.0301988	0.999511	0.0368669	0.137103	9.10963	
0.99996	-0.000149133	-0.00895544	-0.000148738	0.999447	-0.0332517	0.00895545	0.0332517	0.999407	0.0446504	0.166008	10.0203	
0.999952	-0.000177926	-0.00978274	-0.000177412	0.999341	-0.0363101	0.00978275	0.0363101	0.999293	0.0531867	0.197698	10.9308	
0.999944	-0.000209336	-0.0106121	-0.000208679	0.999225	-0.039374	0.0106121	0.039374	0.999168	0.0624777	0.232176	11.8412	
0.999934	-0.000243378	-0.0114435	-0.000242556	0.999099	-0.0424431	0.0114435	0.0424431	0.999033	0.0725253	0.269448	12.7515	
0.999925	-0.000280069	-0.0122769	-0.000279056	0.998964	-0.0455174	0.0122769	0.0455174	0.998888	0.0833313	0.309519	13.6616	
0.999914	-0.000319427	-0.0131123	-0.000318194	0.998818	-0.0485968	0.0131123	0.0485968	0.998732	0.0948975	0.352394	14.5717	
0.999903	-0.000361467	-0.0139496	-0.000359985	0.998664	-0.0516811	0.0139497	0.0516811	0.998566	0.107226	0.398076	15.4815	
0.999891	-0.000406205	-0.0147889	-0.000404441	0.998499	-0.0547703	0.0147889	0.0547703	0.998389	0.120318	0.44657	16.3913	
0.999878	-0.000453656	-0.01563	-0.000451577	0.998324	-0.0578641	0.0156301	0.0578641	0.998202	0.134175	0.497882	17.3008	
0.999864	-0.000503836	-0.016473	-0.000501406	0.99814	-0.0609625	0.0164731	0.0609625	0.998004	0.1488	0.552014	18.2102	
0.99985	-0.000556759	-0.0173178	-0.000553941	0.997946	-0.0640654	0.0173179	0.0640654	0.997795	0.164194	0.608971	19.1194	
0.999835	-0.000612441	-0.0181644	-0.000609194	0.997741	-0.0671726	0.0181645	0.0671726	0.997576	0.180358	0.668757	20.0284	
0.999819	-0.000670896	-0.0190128	-0.000667179	0.997527	-0.070284	0.0190129	0.070284	0.997346	0.197295	0.731376	20.9372	
0.999802	-0.000732139	-0.0198629	-0.000727907	0.997302	-0.0733996	0.019863	0.0733995	0.997105	0.215005	0.796832	21.8458	
0.999785	-0.000796183	-0.0207147	-0.000791391	0.997068	-0.0765191	0.0207149	0.076519	0.996853	0.23349	0.865128	22.7542	
0.999767	-0.000863041	-0.0215682	-0.000857641	0.996823	-0.0796425	0.0215684	0.0796424	0.99659	0.252753	0.936269	23.6623	
0.999748	-0.000932728	-0.0224233	-0.00092667	0.996568	-0.0827696	0.0224235	0.0827695	0.996316	0.272793	1.01026	24.5702	
0.999728	-0.00100526	-0.02328	-0.000998488	0.996303	-0.0859003	0.0232803	0.0859002	0.996032	0.293614	1.08709	25.4778	
0.999708	-0.00108064	-0.0241383	-0.00107311	0.996028	-0.0890346	0.0241386	0.0890345	0.995736	0.315216	1.16679	26.3852	
0.999687	-0.00115889	-0.0249981	-0.00115054	0.995742	-0.0921722	0.0249985	0.0921721	0.995429	0.337601	1.24934	27.2922	
0.999665	-0.00124002	-0.0258594	-0.00123079	0.995447	-0.0953131	0.0258599	0.095313	0.995111	0.360769	1.33475	28.199	
0.999642	-0.00132404	-0.0267223	-0.00131387	0.99514	-0.0984571	0.0267228	0.098457	0.994782	0.384724	1.42302	29.1056	
0.999618	-0.00141096	-0.0275866	-0.00139979	0.994824	-0.101604	0.0275871	0.101604	0.994442	0.409465	1.51416	30.0118	
0.999594	-0.0015008	-0.0284522	-0.00148856	0.994497	-0.104754	0.0284529	0.104754	0.994091	0.434994	1.60817	30.9176	
0.999569	-0.00159356	-0.0293193	-0.00158019	0.99416	-0.107907	0.0293201	0.107907	0.993729	0.461313	1.70505	31.8232	
0.999543	-0.00168926	-0.0301878	-0.00167469	0.993812	-0.111062	0.0301886	0.111062	0.993355	0.488423	1.8048	32.7284	
0.999516	-0.0017879	-0.0310575	-0.00177206	0.993454	-0.11422	0.0310584	0.11422	0.99297	0.516324	1.90743	33.6333	
0.999488	-0.00188951	-0.0319286	-0.00187232	0.993085	-0.117381	0.0319296	0.11738	0.992574	0.545019	2.01293	34.5378	
0.99946	-0.00199407	-0.0328009	-0.00197547	0.992706	-0.120543	0.032802	0.120543	0.992166	0.574508	2.12132	35.442	
0.999431	-0.00210162	-0.0336744	-0.00208152	0.992316	-0.123708	0.0336757	0.123708	0.991747	0.604792	2.23259	36.3458	
0.999401	-0.00221215	-0.0345492	-0.00219048	0.991916	-0.126875	0.0345506	0.126875	0.991317	0.635873	2.34675	37.2492	
0.99937	-0.00232568	-0.0354251	-0.00230235	0.991506	-0.130044	0.0354266	0.130044	0.990875	0.667751	2.46379	38.1522	
0.999338	-0.00244222	-0.0363021	-0.00241714	0.991084	-0.133215	0.0363038	0.133215	0.990422	0.700428	2.58372	39.0548	
0.999305	-0.00256176	-0.0371802	-0.00253487	0.990652	-0.136387	0.0371821	0.136387	0.989958	0.733905	2.70653	39.9569	
0.999272	-0.00268433	-0.0380594	-0.00265552	0.99021	-0.139562	0.0380615	0.139561	0.989482	0.768183	2.83224	40.8587	
0.999238	-0.00280992	-0.0389397	-0.00277911	0.989757	-0.142737	0.0389419	0.142736	0.988994	0.803262	2.96085	41.76	
0.999203	-0.00293856	-0.0398209	-0.00290565	0.989293	-0.145914	0.0398233	0.145913	0.988496	0.839144	3.09234	42.6609	
0.999167	-0.00307023	-0.0407031	-0.00303514	0.988819	-0.149092	0.0407058	0.149091	0.987985	0.87583	3.22673	43.5613	
0.99913	-0.00320496	-0.0415863	-0.00316759	0.988334	-0.152271	0.0415891	0.152271	0.987463	0.91332	3.36402	44.4612	
0.999092	-0.00334275	-0.0424703	-0.00330299	0.987838	-0.155452	0.0424734	0.155451	0.98693	0.951615	3.50421	45.3606	
0.999054	-0.0034836	-0.0433553	-0.00344136	0.987332	-0.158633	0.0433586	0.158632	0.986385	0.990716	3.64729	46.2596	
0.999014	-0.00362752	-0.044241	-0.0035827	0.986815	-0.161815	0.0442447	0.161814	0.985829	1.03062	3.79327	47.158	
0.998974	-0.00377451	-0.0451276	-0.003727	0.986287	-0.164997	0.0451316	0.164996	0.985261	1.07134	3.94215	48.056	
0.998933	-0.00392459	-0.046015	-0.00387429	0.985749	-0.16818	0.0460192	0.168179	0.984682	1.11286	4.09393	48.9534	
0.998891	-0.00407775	-0.0469031	-0.00402455	0.9852	-0.171364	0.0469077	0.171363	0.984091	1.1552	4.24861	49.8503	
0.998848	-0.00423401	-0.0477919	-0.0041778	0.98464	-0.174548	0.0477968	0.174546	0.983488	1.19834	4.40619	50.7466	
0.998805	-0.00439336	-0.0486814	-0.00433402	0.984069	-0.177732	0.0486867	0.17773	0.982874	1.24229	4.56667	51.6424	
0.99876	-0.00455582	-0.0495715	-0.00449324	0.983488	-0.180916	0.0495772	0.180914	0.982249	1.28706	4.73005	52.5376	
0.998715	-0.00472138	-0.0504622	-0.00465544	0.982897	-0.1841	0.0504684	0.184098	0.981611	1.33264	4.89634	53.4323	
0.998669	-0.00489004	-0.0513536	-0.00482064	0.982294	-0.187284	0.0513601	0.187282	0.980963	1.37902	5.06552	54.3263	
0.998476	-0.0055794	-0.0549138	-0.00509699	0.981307	-0.19238	0.0549607	0.192367	0.979783	1.42746	5.23847	55.2196	
0.998269	-0.00628702	-0.0584688	-0.0053923	0.980293	-0.197475	0.0585581	0.197448	0.978563	1.47917	5.41606	56.1117	
0.99805	-0.00701289	-0.0620183	-0.00570659	0.979252	-0.202567	0.0621521	0.202526	0.977303	1.53416	5.59827	57.0027	
0.997818	-0.00775698	-0.0655622	-0.00603983	0.978183	-0.207656	0.0657426	0.207599	0.976002	1.59243	5.7851	57.8926	
0.997573	-0.0085193	-0.0691005	-0.00639202	0.977087	-0.212743	0.0693296	0.212668	0.974662	1.65396	5.97656	58.7812	
0.997315	-0.00929982	-0.072633	-0.00676315	0.975964	-0.217825	0.0729129	0.217732	0.973281	1.71876	6.17263	59.6686	
0.997044	-0.0100985	-0.0761597	-0.0071532	0.974814	-0.222903	0.0764925	0.222789	0.971861	1.78682	6.37331	60.5547	
0.996761	-0.0109154	-0.0796804	-0.00756214	0.973637	-0.227976	0.0800683	0.227841	0.970401	1.85815	6.5786	61.4395	
0.996464	-0.0117504	-0.0831952	-0.00798996	0.972433	-0.233044	0.0836401	0.232885	0.968901	1.93272	6.78849	62.323	
0.996154	-0.0126035	-0.0867037	-0.00843663	0.971202	-0.238107	0.0872079	0.237922	0.967361	2.01056	7.00297	63.2051	
0.995832	-0.0134747	-0.0902061	-0.0089021	0.969945	-0.243162	0.0907715	0.242952	0.965782	2.09163	7.22203	64.0857	
0.995497	-0.014364	-0.0937022	-0.00938636	0.96866	-0.248211	0.0943309	0.247973	0.964163	2.17596	7.44568	64.9649	
0.995148	-0.0152714	-0.0971918	-0.00988935	0.967349	-0.253253	0.097886	0.252986	0.962505	2.26353	7.67389	65.8426	
0.994788	-0.0161968	-0.100675	-0.010411	0.966012	-0.258287	0.101437	0.257989	0.960808	2.35433	7.90667	66.7188	
0.994414	-0.0171401	-0.104152	-0.0109514	0.964648	-0.263313	0.104983	0.262982	0.959072	2.44836	8.144	67.5934	
0.994027	-0.0181015	-0.107621	-0.0115103	0.963258	-0.268329	0.108524	0.267966	0.957297	2.54563	8.38588	68.4665	
0.993628	-0.0190808	-0.111084	-0.0120878	0.961842	-0.273337	0.112061	0.272938	0.955483	2.64612	8.63229	69.3378	
0.993216	-0.020078	-0.114541	-0.0126838	0.9604	-0.278335	0.115593	0.277899	0.95363	2.74983	8.88323	70.2075	
0.992791	-0.0210931	-0.11799	-0.0132982	0.958933	-0.283322	0.11912	0.282849	0.951739	2.85675	9.13868	71.0756	
0.990435	-0.0264075	-0.13543	-0.0150215	0.955045	-0.296081	0.13716	0.295283	0.945513	2.97351	9.40206	71.9399	
0.987748	-0.031949	-0.152751	-0.0169871	0.950991	-0.308752	0.155129	0.307564	0.938797	3.10667	9.67671	72.7983	
0.984732	-0.0377148	-0.169944	-0.0191937	0.946773	-0.321329	0.173017	0.319685	0.931593	3.25616	9.96247	73.6504	
0.981387	-0.043702	-0.187	-0.0216404	0.942393	-0.333807	0.190816	0.331641	0.923907	3.42192	10.2592	74.4958	
0.977717	-0.0499074	-0.203911	-0.0243257	0.937853	-0.346178	0.208515	0.343424	0.915741	3.60384	10.5667	75.3339	
0.973721	-0.0563277	-0.220667	-0.0272484	0.933157	-0.358436	0.226107	0.355029	0.9071	3.80185	10.8849	76.1643	
0.969404	-0.0629598	-0.23726	-0.0304068	0.928305	-0.370574	0.243581	0.36645	0.897988	4.01582	11.2136	76.9867	
0.964766	-0.0698	-0.253681	-0.0337994	0.923301	-0.382587	0.260928	0.377681	0.88841	4.24567	11.5526	77.8005	
0.959811	-0.076845	-0.269922	-0.0374245	0.918147	-0.394468	0.278141	0.388716	0.878372	4.49125	11.9018	78.6054	
0.954541	-0.0840909	-0.285974	-0.04128	0.912847	-0.406211	0.295209	0.39955	0.867878	4.75246	12.2609	79.4009	
0.948958	-0.0915341	-0.301829	-0.0453641	0.907401	-0.417809	0.312123	0.410176	0.856933	5.02914	12.6298	80.1867	
0.943066	-0.0991708	-0.317478	-0.0496745	0.901815	-0.429258	0.328876	0.420589	0.845544	5.32117	13.0083	80.9623	
0.936867	-0.106997	-0.332914	-0.0542092	0.89609	-0.44055	0.345459	0.430784	0.833717	5.62838	13.3961	81.7274	
0.930365	-0.115008	-0.348129	-0.0589656	0.890229	-0.451681	0.361862	0.440756	0.821456	5.95061	13.7932	82.4814	
0.923563	-0.123201	-0.363115	-0.0639414	0.884236	-0.462643	0.378077	0.450498	0.80877	6.28771	14.1992	83.2241	
0.916465	-0.13157	-0.377863	-0.069134	0.878113	-0.473432	0.394096	0.460008	0.795664	6.63949	14.614	83.955	
0.909075	-0.140113	-0.392367	-0.0745406	0.871864	-0.484043	0.409911	0.469278	0.782145	7.00578	15.0374	84.6739	
0.901395	-0.148823	-0.406618	-0.0801585	0.865492	-0.494468	0.425513	0.478305	0.768221	7.38638	15.4691	85.3802	
0.893431	-0.157697	-0.42061	-0.0859847	0.859	-0.504704	0.440894	0.487084	0.753898	7.78109	15.9089	86.0736	
0.885186	-0.16673	-0.434335	-0.0920163	0.852392	-0.514744	0.456047	0.49561	0.739183	8.18972	16.3566	86.7538	
