1	0	0	0	1	0	0	0	1	0	0	0	
0.999998	-2.96432e-06	0.00222915	-2.96432e-06	0.999996	0.00265959	-0.00222915	-0.00265959	0.999994	-0.00087759	-0.00104705	0.787372	
0.99999	-1.18664e-05	0.00446012	-1.18652e-05	0.999986	0.0053208	-0.00446012	-0.0053208	0.999976	-0.00351107	-0.00418882	1.57473	
0.999978	-2.67195e-05	0.00669285	-2.67147e-05	0.999968	0.00798356	-0.00669285	-0.00798356	0.999946	-0.00790185	-0.00942657	2.36208	
0.99996	-4.75363e-05	0.00892728	-4.75242e-05	0.999943	0.0106478	-0.00892728	-0.0106478	0.999903	-0.0140513	-0.0167615	3.14939	
0.999938	-7.43292e-05	0.0111634	-7.43049e-05	0.999911	0.0133135	-0.0111634	-0.0133135	0.999849	-0.0219607	-0.0261947	3.93667	
0.99991	-0.00010711	0.013401	-0.000107068	0.999872	0.0159805	-0.013401	-0.0159805	0.999782	-0.0316314	-0.0377274	4.7239	
0.999878	-0.000145891	0.0156402	-0.000145823	0.999826	0.0186488	-0.0156402	-0.0186488	0.999704	-0.0430646	-0.0513605	5.51107	
0.99984	-0.000190683	0.0178809	-0.000190581	0.999773	0.0213183	-0.0178809	-0.0213183	0.999613	-0.0562614	-0.0670951	6.29818	
0.999797	-0.000241498	0.020123	-0.000241351	0.999712	0.023989	-0.020123	-0.023989	0.99951	-0.0712231	-0.084932	7.08521	
0.99975	-0.000298345	0.0223665	-0.000298143	0.999644	0.0266607	-0.0223665	-0.0266607	0.999394	-0.0879507	-0.104872	7.87215	
0.999697	-0.000361234	0.0246113	-0.000360966	0.99957	0.0293335	-0.0246113	-0.0293335	0.999267	-0.106445	-0.126916	8.659	
0.999639	-0.000430177	0.0268573	-0.000429828	0.999488	0.0320073	-0.0268573	-0.0320072	0.999127	-0.126708	-0.151065	9.44574	
0.999576	-0.000505182	0.0291046	-0.000504737	0.999398	0.0346819	-0.0291046	-0.0346819	0.998975	-0.148739	-0.17732	10.2324	
0.999508	-0.000586258	0.031353	-0.000585702	0.999302	0.0373573	-0.031353	-0.0373573	0.99881	-0.172541	-0.205681	11.0189	
0.999435	-0.000673414	0.0336025	-0.00067273	0.999198	0.0400335	-0.0336025	-0.0400335	0.998633	-0.198113	-0.236149	11.8052	
0.999357	-0.000766659	0.035853	-0.000765827	0.999087	0.0427103	-0.035853	-0.0427103	0.998444	-0.225457	-0.268724	12.5915	
0.999273	-0.000866	0.0381045	-0.000865002	0.998969	0.0453878	-0.0381045	-0.0453878	0.998242	-0.254573	-0.303407	13.3775	
0.999185	-0.000971446	0.0403569	-0.000970259	0.998844	0.0480659	-0.040357	-0.0480658	0.998029	-0.285462	-0.340199	14.1634	
0.999091	-0.001083	0.0426102	-0.00108161	0.998711	0.0507444	-0.0426103	-0.0507444	0.997802	-0.318125	-0.379099	14.9492	
0.998992	-0.00120068	0.0448643	-0.00119905	0.998571	0.0534233	-0.0448644	-0.0534233	0.997564	-0.352563	-0.420108	15.7347	
0.998888	-0.00132448	0.0471192	-0.00132259	0.998424	0.0561026	-0.0471192	-0.0561026	0.997313	-0.388776	-0.463227	16.5201	
0.998779	-0.00145441	0.0493748	-0.00145224	0.99827	0.0587822	-0.0493748	-0.0587821	0.997049	-0.426764	-0.508456	17.3052	
0.998665	-0.00159048	0.051631	-0.00158799	0.998108	0.061462	-0.051631	-0.0614619	0.996773	-0.466529	-0.555794	18.0902	
0.998545	-0.00173269	0.0538878	-0.00172986	0.997939	0.0641419	-0.0538879	-0.0641419	0.996485	-0.50807	-0.605243	18.8749	
0.998421	-0.00188105	0.0561451	-0.00187785	0.997763	0.066822	-0.0561452	-0.0668219	0.996184	-0.551389	-0.656802	19.6594	
0.998291	-0.00203556	0.0584029	-0.00203196	0.99758	0.069502	-0.058403	-0.0695019	0.995871	-0.596485	-0.710471	20.4436	
0.998156	-0.00219622	0.0606611	-0.0021922	0.997389	0.072182	-0.0606613	-0.0721819	0.995545	-0.643359	-0.76625	21.2276	
0.998016	-0.00236305	0.0629197	-0.00235856	0.997191	0.0748619	-0.0629199	-0.0748618	0.995207	-0.692011	-0.824139	22.0114	
0.99787	-0.00253604	0.0651786	-0.00253105	0.996986	0.0775416	-0.0651788	-0.0775415	0.994856	-0.742442	-0.884138	22.7948	
0.99772	-0.0027152	0.0674378	-0.00270967	0.996773	0.0802211	-0.067438	-0.0802209	0.994493	-0.794652	-0.946247	23.578	
0.997564	-0.00290053	0.0696972	-0.00289443	0.996554	0.0829003	-0.0696974	-0.0829001	0.994118	-0.84864	-1.01047	24.3609	
0.997403	-0.00309204	0.0719567	-0.00308532	0.996327	0.085579	-0.071957	-0.0855788	0.99373	-0.904408	-1.07679	25.1435	
0.997237	-0.00328971	0.0742163	-0.00328235	0.996092	0.0882574	-0.0742166	-0.0882571	0.993329	-0.961955	-1.14523	25.9258	
0.997065	-0.00349357	0.0764759	-0.00348551	0.995851	0.0909352	-0.0764763	-0.0909349	0.992916	-1.02128	-1.21578	26.7077	
0.996889	-0.0037036	0.0787355	-0.00369481	0.995602	0.0936125	-0.0787359	-0.0936121	0.992491	-1.08239	-1.28843	27.4894	
0.996707	-0.00391982	0.080995	-0.00391024	0.995346	0.0962891	-0.0809955	-0.0962887	0.992053	-1.14527	-1.36319	28.2706	
0.99652	-0.00414221	0.0832544	-0.00413181	0.995082	0.098965	-0.0832549	-0.0989646	0.991602	-1.20993	-1.44006	29.0516	
0.996327	-0.00437079	0.0855136	-0.00435952	0.994812	0.10164	-0.0855142	-0.10164	0.991139	-1.27638	-1.51904	29.8322	
0.99613	-0.00460554	0.0877726	-0.00459336	0.994534	0.104314	-0.0877732	-0.104314	0.990664	-1.3446	-1.60012	30.6124	
0.995927	-0.00484648	0.0900312	-0.00483333	0.994249	0.106988	-0.0900319	-0.106987	0.990176	-1.4146	-1.6833	31.3922	
0.995719	-0.0050936	0.0922895	-0.00507943	0.993956	0.10966	-0.0922903	-0.10966	0.989675	-1.48637	-1.7686	32.1716	
0.995506	-0.00534689	0.0945474	-0.00533166	0.993656	0.112332	-0.0945483	-0.112331	0.989162	-1.55993	-1.85599	32.9507	
0.995288	-0.00560636	0.0968048	-0.00559001	0.99335	0.115002	-0.0968058	-0.115001	0.988637	-1.63526	-1.94549	33.7293	
0.995064	-0.00587201	0.0990617	-0.00585449	0.993035	0.117671	-0.0990628	-0.11767	0.988099	-1.71237	-2.03709	34.5075	
0.994835	-0.00614383	0.101318	-0.00612509	0.992714	0.120339	-0.101319	-0.120338	0.987549	-1.79126	-2.13079	35.2853	
0.994601	-0.00642183	0.103574	-0.0064018	0.992385	0.123006	-0.103575	-0.123005	0.986986	-1.87193	-2.22659	36.0627	
0.994362	-0.00670599	0.105829	-0.00668462	0.992049	0.125671	-0.10583	-0.12567	0.986411	-1.95437	-2.32449	36.8396	
0.994117	-0.00699631	0.108083	-0.00697355	0.991706	0.128335	-0.108084	-0.128334	0.985824	-2.03858	-2.42449	37.616	
0.993868	-0.0072928	0.110336	-0.00726858	0.991356	0.130997	-0.110338	-0.130996	0.985224	-2.12457	-2.52658	38.392	
0.993613	-0.00759544	0.112589	-0.00756971	0.990999	0.133658	-0.112591	-0.133657	0.984611	-2.21234	-2.63077	39.1675	
0.993352	-0.00790424	0.114841	-0.00787693	0.990634	0.136317	-0.114843	-0.136316	0.983986	-2.30187	-2.73706	39.9425	
0.993087	-0.00821919	0.117092	-0.00819024	0.990262	0.138975	-0.117094	-0.138973	0.983349	-2.39318	-2.84543	40.717	
0.992817	-0.00854028	0.119341	-0.00850962	0.989883	0.141631	-0.119343	-0.141629	0.9827	-2.48627	-2.9559	41.491	
0.992541	-0.00886751	0.12159	-0.00883508	0.989497	0.144285	-0.121592	-0.144283	0.982038	-2.58112	-3.06846	42.2645	
0.992422	-0.00900827	0.122548	-0.00885002	0.989479	0.144405	-0.122559	-0.144395	0.981901	-2.67724	-3.18211	43.0377	
0.992301	-0.00914949	0.123507	-0.00886494	0.989462	0.144524	-0.123528	-0.144506	0.981763	-2.77412	-3.29585	43.8108	
0.99218	-0.00929115	0.124469	-0.00887986	0.989444	0.144642	-0.1245	-0.144616	0.981624	-2.87177	-3.40967	44.5837	
0.992057	-0.00943324	0.125434	-0.00889477	0.989427	0.144759	-0.125473	-0.144725	0.981484	-2.97018	-3.52358	45.3566	
0.991933	-0.00957576	0.1264	-0.00890969	0.98941	0.144875	-0.126448	-0.144833	0.981343	-3.06935	-3.63758	46.1293	
0.991808	-0.00971868	0.127368	-0.0089246	0.989393	0.14499	-0.127426	-0.144939	0.981201	-3.1693	-3.75166	46.9019	
0.991682	-0.009862	0.128337	-0.00893951	0.989376	0.145105	-0.128405	-0.145045	0.981058	-3.27002	-3.86582	47.6745	
0.991554	-0.0100057	0.129309	-0.00895443	0.989359	0.145218	-0.129386	-0.14515	0.980913	-3.37151	-3.98007	48.4469	
0.991425	-0.0101498	0.130282	-0.00896936	0.989342	0.145331	-0.130369	-0.145253	0.980768	-3.47377	-4.09439	49.2192	
0.991295	-0.0102942	0.131257	-0.0089843	0.989326	0.145443	-0.131353	-0.145356	0.980621	-3.57681	-4.2088	49.9913	
0.991164	-0.010439	0.132234	-0.00899925	0.989309	0.145554	-0.132339	-0.145458	0.980473	-3.68062	-4.32329	50.7634	
0.991031	-0.0105842	0.133212	-0.00901422	0.989293	0.145665	-0.133327	-0.145559	0.980325	-3.78521	-4.43786	51.5353	
0.990897	-0.0107297	0.134191	-0.00902921	0.989277	0.145775	-0.134316	-0.145659	0.980175	-3.89058	-4.55251	52.3071	
0.990762	-0.0108755	0.135172	-0.00904422	0.98926	0.145884	-0.135307	-0.145759	0.980024	-3.99672	-4.66724	53.0789	
0.990626	-0.0110216	0.136154	-0.00905925	0.989244	0.145992	-0.136299	-0.145857	0.979872	-4.10365	-4.78204	53.8504	
0.990489	-0.011168	0.137137	-0.00907431	0.989228	0.1461	-0.137292	-0.145955	0.979718	-4.21136	-4.89693	54.6219	
0.990351	-0.0113148	0.138122	-0.0090894	0.989212	0.146207	-0.138286	-0.146052	0.979564	-4.31985	-5.01189	55.3932	
0.990211	-0.0114618	0.139107	-0.00910453	0.989196	0.146314	-0.139281	-0.146148	0.979409	-4.42913	-5.12692	56.1645	
0.99007	-0.011609	0.140094	-0.00911969	0.98918	0.14642	-0.140278	-0.146244	0.979252	-4.53918	-5.24203	56.9356	
0.989928	-0.0117565	0.141081	-0.0091349	0.989165	0.146526	-0.141275	-0.146339	0.979095	-4.65003	-5.35722	57.7065	
0.989785	-0.0119043	0.142069	-0.00915015	0.989149	0.146631	-0.142273	-0.146434	0.978936	-4.76166	-5.47248	58.4774	
0.989641	-0.0120523	0.143058	-0.00916544	0.989133	0.146736	-0.143272	-0.146527	0.978776	-4.87407	-5.58781	59.2481	
0.989495	-0.0122005	0.144048	-0.00918079	0.989118	0.146841	-0.144272	-0.146621	0.978615	-4.98727	-5.70322	60.0187	
0.989349	-0.012349	0.145038	-0.0091962	0.989102	0.146945	-0.145272	-0.146714	0.978453	-5.10126	-5.8187	60.7892	
0.989201	-0.0124976	0.146029	-0.00921167	0.989086	0.147049	-0.146273	-0.146806	0.97829	-5.21604	-5.93426	61.5595	
0.989053	-0.0126464	0.147021	-0.00922719	0.989071	0.147152	-0.147275	-0.146898	0.978126	-5.33161	-6.04989	62.3297	
0.988903	-0.0127955	0.148012	-0.00924279	0.989055	0.147255	-0.148277	-0.146989	0.977961	-5.44796	-6.16559	63.0998	
0.988752	-0.0129446	0.149005	-0.00925846	0.98904	0.147358	-0.149279	-0.14708	0.977795	-5.56511	-6.28136	63.8698	
0.9886	-0.013094	0.149997	-0.0092742	0.989024	0.147461	-0.150282	-0.147171	0.977628	-5.68304	-6.3972	64.6396	
0.988447	-0.0132435	0.15099	-0.00929002	0.989009	0.147564	-0.151284	-0.147262	0.977459	-5.80176	-6.51311	65.4093	
0.988292	-0.0133931	0.151982	-0.00930593	0.988993	0.147666	-0.152287	-0.147352	0.97729	-5.92127	-6.6291	66.1789	
0.988137	-0.0135428	0.152975	-0.00932193	0.988978	0.147768	-0.15329	-0.147442	0.97712	-6.04158	-6.74516	66.9483	
0.987981	-0.0136927	0.153968	-0.00933802	0.988963	0.147871	-0.154293	-0.147531	0.976948	-6.16267	-6.86128	67.7176	
0.987824	-0.0138427	0.154961	-0.00935421	0.988947	0.147973	-0.155296	-0.147621	0.976776	-6.28455	-6.97748	68.4867	
0.987665	-0.0139927	0.155953	-0.0093705	0.988932	0.148075	-0.156299	-0.14771	0.976602	-6.40722	-7.09375	69.2558	
0.987506	-0.0141429	0.156946	-0.00938689	0.988916	0.148177	-0.157302	-0.147799	0.976428	-6.53068	-7.21009	70.0246	
0.987346	-0.0142931	0.157938	-0.0094034	0.988901	0.148279	-0.158304	-0.147888	0.976253	-6.65493	-7.32649	70.7934	
0.988685	-0.013083	0.149434	-0.00668212	0.991359	0.131004	-0.149857	-0.13052	0.980055	-6.77625	-7.4361	71.5636	
0.989951	-0.0120241	0.1409	-0.00411052	0.993511	0.113664	-0.141352	-0.113101	0.983477	-6.8909	-7.53202	72.3366	
0.991142	-0.0111168	0.132337	-0.00168963	0.995354	0.0962676	-0.132792	-0.0956385	0.986519	-6.99883	-7.6142	73.1122	
0.992259	-0.0103614	0.123749	0.00057964	0.996889	0.0788208	-0.124181	-0.0781389	0.989178	-7.1	-7.68261	73.89	
0.993301	-0.00975834	0.115141	0.00269639	0.998114	0.0613303	-0.115522	-0.060609	0.991454	-7.19437	-7.73724	74.6698	
0.994268	-0.00930776	0.106513	0.00465982	0.999029	0.0438031	-0.106818	-0.0430557	0.993346	-7.28191	-7.77805	75.4512	
0.995158	-0.00900984	0.0978716	0.00646915	0.999635	0.0262458	-0.0980723	-0.0254856	0.994853	-7.36257	-7.80504	76.234	
0.995973	-0.0088647	0.0892183	0.00812369	0.999929	0.00866534	-0.0892889	-0.00790566	0.995974	-7.43634	-7.81818	77.0178	
