1	0	0	0	1	0	0	0	1	0	0	0	
0.99999	3.19544e-08	-0.00457002	3.19544e-08	1	1.39843e-05	0.00457002	-1.39843e-05	0.99999	0.00202535	-6.19759e-06	0.886361	
0.999958	1.23452e-07	-0.00914209	1.14607e-07	1	2.60394e-05	0.00914209	-2.60394e-05	0.999958	0.00810232	-2.39354e-05	1.7727	
0.999906	2.65719e-07	-0.0137161	2.30323e-07	1	3.61634e-05	0.0137161	-3.61631e-05	0.999906	0.0182327	-5.15025e-05	2.65901	
0.999833	4.49957e-07	-0.0182919	3.61427e-07	1	4.43543e-05	0.0182919	-4.43535e-05	0.999833	0.0324181	-8.7186e-05	3.54526	
0.999738	6.67345e-07	-0.0228693	4.9021e-07	1	5.06105e-05	0.0228693	-5.06084e-05	0.999738	0.05066	-0.000129271	4.43143	
0.999623	9.09043e-07	-0.0274483	5.98929e-07	1	5.49304e-05	0.0274483	-5.49261e-05	0.999623	0.0729599	-0.000176043	5.31751	
0.999487	1.16619e-06	-0.0320287	6.69806e-07	1	5.73126e-05	0.0320287	-5.73047e-05	0.999487	0.0993191	-0.000225781	6.20349	
0.99933	1.42989e-06	-0.0366103	6.85034e-07	1	5.77561e-05	0.0366103	-5.77424e-05	0.99933	0.129739	-0.000276768	7.08933	
0.999151	1.69126e-06	-0.0411931	6.26777e-07	1	5.62597e-05	0.0411931	-5.62378e-05	0.999151	0.16422	-0.000327282	7.97502	
0.998952	1.94138e-06	-0.0457768	4.77173e-07	1	5.28226e-05	0.0457768	-5.27891e-05	0.998952	0.202763	-0.000375601	8.86054	
0.998731	2.1713e-06	-0.0503615	2.18334e-07	1	4.74441e-05	0.0503615	-4.73949e-05	0.998731	0.24537	-0.000420001	9.74588	
0.998489	2.37207e-06	-0.0549468	-1.67652e-07	1	4.01237e-05	0.0549468	-4.00539e-05	0.998489	0.292041	-0.000458757	10.631	
0.998226	2.53472e-06	-0.0595328	-6.98718e-07	1	3.0861e-05	0.0595328	-3.07647e-05	0.998226	0.342776	-0.000490142	11.5159	
0.997942	2.65027e-06	-0.0641192	-1.39282e-06	1	1.96559e-05	0.0641192	-1.95261e-05	0.997942	0.397577	-0.00051243	12.4006	
0.997637	2.70972e-06	-0.068706	-2.26792e-06	1	6.50828e-06	0.068706	-6.33708e-06	0.997637	0.456443	-0.000523892	13.285	
0.99731	2.70405e-06	-0.0732929	-3.34201e-06	1	-8.58167e-06	0.0732929	8.80354e-06	0.99731	0.519374	-0.000522799	14.1691	
0.996963	2.62423e-06	-0.07788	-4.63309e-06	1	-2.56136e-05	0.07788	2.58967e-05	0.996963	0.586371	-0.000507421	15.0529	
0.996594	2.46124e-06	-0.082467	-6.15918e-06	1	-4.45872e-05	0.082467	4.49432e-05	0.996594	0.657434	-0.000476026	15.9365	
0.996204	2.20601e-06	-0.0870537	-7.9383e-06	1	-6.55016e-05	0.0870537	6.5944e-05	0.996204	0.732563	-0.000426882	16.8196	
0.995792	1.84949e-06	-0.0916402	-9.98849e-06	1	-8.83561e-05	0.0916402	8.88996e-05	0.995792	0.811757	-0.000358258	17.7025	
0.995359	1.38261e-06	-0.0962262	-1.23278e-05	1	-0.00011315	0.0962262	0.000113811	0.995359	0.895016	-0.000268421	18.5849	
0.994906	7.96286e-07	-0.100812	-1.49742e-05	1	-0.000139881	0.100812	0.000140678	0.994906	0.98234	-0.000155635	19.4669	
0.99443	8.1433e-08	-0.105396	-1.79459e-05	1	-0.000168549	0.105396	0.000169502	0.99443	1.07373	-1.8169e-05	20.3486	
0.993934	-7.71045e-07	-0.10998	-2.12608e-05	1	-0.000199153	0.10998	0.000200283	0.993934	1.16918	0.000145713	21.2298	
0.993416	-1.77025e-06	-0.114563	-2.4937e-05	1	-0.00023169	0.114563	0.000233021	0.993416	1.26869	0.000337746	22.1106	
0.992877	-2.9253e-06	-0.119145	-2.89926e-05	1	-0.000266158	0.119145	0.000267717	0.992877	1.37227	0.000559665	22.9908	
0.992317	-4.24529e-06	-0.123725	-3.34456e-05	1	-0.000302557	0.123725	0.00030437	0.992316	1.4799	0.000813204	23.8706	
0.991735	-5.73936e-06	-0.128304	-3.83141e-05	1	-0.000340883	0.128304	0.000342981	0.991735	1.5916	0.0011001	24.7499	
0.991132	-7.41662e-06	-0.132882	-4.3616e-05	1	-0.000381134	0.132882	0.00038355	0.991132	1.70735	0.00142208	25.6287	
0.990508	-9.2862e-06	-0.137458	-4.93695e-05	1	-0.000423308	0.137458	0.000426076	0.990508	1.82716	0.0017809	26.5069	
0.989862	-1.13572e-05	-0.142032	-5.55926e-05	1	-0.000467403	0.142032	0.00047056	0.989862	1.95103	0.00217827	27.3846	
0.989195	-1.36388e-05	-0.146605	-6.23032e-05	1	-0.000513414	0.146605	0.000517001	0.989195	2.07895	0.00261594	28.2617	
0.988507	-1.61402e-05	-0.151175	-6.95194e-05	1	-0.000561341	0.151175	0.000565399	0.988507	2.21092	0.00309564	29.1382	
0.987798	-1.88703e-05	-0.155743	-7.72591e-05	1	-0.000611178	0.155743	0.000615753	0.987797	2.34694	0.00361911	30.014	
0.987067	-2.18385e-05	-0.160309	-8.55403e-05	1	-0.000662924	0.160309	0.000668063	0.987067	2.48701	0.00418807	30.8893	
0.986315	-2.50538e-05	-0.164872	-9.4381e-05	1	-0.000716574	0.164872	0.000722328	0.986315	2.63112	0.00480427	31.7638	
0.985542	-2.85253e-05	-0.169433	-0.000103799	1	-0.000772125	0.169433	0.000778549	0.985541	2.77928	0.00546943	32.6377	
0.984747	-3.22621e-05	-0.173991	-0.000113812	1	-0.000829574	0.173991	0.000836723	0.984747	2.93148	0.00618529	33.5109	
0.983931	-3.62735e-05	-0.178547	-0.000124439	1	-0.000888915	0.178547	0.00089685	0.983931	3.08772	0.00695358	34.3834	
0.983094	-4.05685e-05	-0.183099	-0.000135696	1	-0.000950146	0.183099	0.000958929	0.983094	3.24799	0.00777603	35.2552	
0.982236	-4.51562e-05	-0.187648	-0.000147603	0.999999	-0.00101326	0.187648	0.00102296	0.982236	3.4123	0.00865437	36.1262	
0.981357	-5.00457e-05	-0.192195	-0.000160176	0.999999	-0.00107826	0.192195	0.00108894	0.981356	3.58064	0.00959033	36.9964	
0.980456	-5.52462e-05	-0.196738	-0.000173434	0.999999	-0.00114513	0.196737	0.00115687	0.980456	3.75301	0.0105856	37.8658	
0.979534	-6.07668e-05	-0.201277	-0.000187393	0.999999	-0.00121387	0.201277	0.00122675	0.979534	3.9294	0.011642	38.7345	
0.978591	-6.66165e-05	-0.205813	-0.000202073	0.999999	-0.00128448	0.205813	0.00129857	0.978591	4.10982	0.0127612	39.6023	
0.977627	-7.28044e-05	-0.210345	-0.00021749	0.999999	-0.00135695	0.210345	0.00137234	0.977626	4.29425	0.0139449	40.4692	
0.976642	-7.93396e-05	-0.214873	-0.000233662	0.999999	-0.00143128	0.214873	0.00144806	0.976641	4.4827	0.0151948	41.3353	
0.975636	-8.62312e-05	-0.219397	-0.000250608	0.999999	-0.00150746	0.219397	0.00152571	0.975634	4.67516	0.0165128	42.2005	
0.974608	-9.34882e-05	-0.223918	-0.000268343	0.999999	-0.00158548	0.223918	0.00160531	0.974607	4.87163	0.0179004	43.0649	
0.973559	-0.00010112	-0.228434	-0.000286887	0.999999	-0.00166534	0.228433	0.00168685	0.973558	5.0721	0.0193594	43.9282	
0.97249	-0.000109135	-0.232945	-0.000306256	0.999998	-0.00174704	0.232945	0.00177032	0.972488	5.27658	0.0208916	44.7907	
0.971399	-0.000117542	-0.237452	-0.000326467	0.999998	-0.00183056	0.237452	0.00185573	0.971397	5.48505	0.0224986	45.6522	
0.970287	-0.000126351	-0.241955	-0.000347539	0.999998	-0.00191591	0.241955	0.00194307	0.970286	5.69752	0.0241821	46.5127	
0.969155	-0.000135571	-0.246453	-0.000369489	0.999998	-0.00200307	0.246453	0.00203235	0.969153	5.91397	0.025944	47.3722	
0.968001	-0.00014521	-0.250946	-0.000392333	0.999998	-0.00209204	0.250946	0.00212355	0.967999	6.13441	0.0277858	48.2308	
0.966827	-0.000155277	-0.255434	-0.000416089	0.999998	-0.00218281	0.255434	0.00221668	0.966824	6.35883	0.0297093	49.0882	
0.965631	-0.000165783	-0.259917	-0.000440775	0.999997	-0.00227537	0.259916	0.00231174	0.965628	6.58722	0.0317162	49.9447	
0.964415	-0.000176734	-0.264394	-0.000466407	0.999997	-0.00236973	0.264394	0.00240872	0.964412	6.81959	0.0338082	50.8	
0.963177	-0.000188141	-0.268867	-0.000493002	0.999997	-0.00246586	0.268866	0.00250762	0.963174	7.05592	0.0359871	51.6543	
0.962438	-0.000198766	-0.271503	-0.0012352	0.999986	-0.0051107	0.2715	0.00525409	0.962424	7.2954	0.0394269	52.5077	
0.961689	-0.000216959	-0.274143	-0.00198629	0.999968	-0.00775926	0.274135	0.00800652	0.961658	7.53721	0.0453038	53.3604	
0.960932	-0.000242769	-0.276786	-0.00274621	0.999942	-0.0104112	0.276773	0.0107646	0.960875	7.78137	0.0536228	54.2124	
0.960165	-0.000276239	-0.279433	-0.00351492	0.999908	-0.0130662	0.279411	0.0135279	0.960076	8.02786	0.0643888	55.0638	
0.95939	-0.00031741	-0.282082	-0.00429236	0.999867	-0.0157238	0.28205	0.0162961	0.959261	8.27669	0.0776062	55.9144	
0.958606	-0.000366319	-0.284734	-0.00507846	0.999818	-0.0183838	0.284689	0.0190688	0.95843	8.52786	0.0932793	56.7643	
0.957814	-0.000423	-0.287389	-0.00587318	0.999761	-0.0210458	0.287329	0.0218458	0.957583	8.78136	0.111412	57.6134	
0.957013	-0.000487483	-0.290045	-0.00667645	0.999697	-0.0237094	0.289969	0.0246266	0.956719	9.03721	0.132008	58.4618	
0.956203	-0.000559795	-0.292703	-0.00748819	0.999624	-0.0263743	0.292607	0.027411	0.95584	9.2954	0.15507	59.3094	
0.955385	-0.000639959	-0.295362	-0.00830834	0.999544	-0.0290401	0.295245	0.0301985	0.954944	9.55593	0.180601	60.1562	
0.954559	-0.000727995	-0.298021	-0.00913682	0.999455	-0.0317066	0.297882	0.0329888	0.954033	9.81879	0.208605	61.0023	
0.953724	-0.000823919	-0.300681	-0.00997356	0.999359	-0.0343733	0.300517	0.0357815	0.953105	10.084	0.239083	61.8475	
0.952881	-0.000927743	-0.303342	-0.0108185	0.999255	-0.03704	0.30315	0.0385764	0.952162	10.3515	0.272037	62.6919	
0.95203	-0.00103948	-0.306002	-0.0116715	0.999143	-0.0397063	0.305781	0.0413731	0.951203	10.6214	0.307469	63.5354	
0.951171	-0.00115912	-0.308661	-0.0125325	0.999023	-0.0423719	0.308409	0.0441712	0.950228	10.8936	0.345381	64.3781	
0.950304	-0.00128669	-0.31132	-0.0134014	0.998895	-0.0450364	0.311034	0.0469704	0.949237	11.1681	0.385773	65.2199	
0.94943	-0.00142217	-0.313977	-0.0142782	0.99876	-0.0476995	0.313655	0.0497703	0.948232	11.445	0.428647	66.0608	
0.948547	-0.00156556	-0.316633	-0.0151627	0.998616	-0.0503609	0.316273	0.0525707	0.94721	11.7241	0.474003	66.9008	
0.947657	-0.00171684	-0.319286	-0.0160548	0.998464	-0.0530202	0.318887	0.0553711	0.946174	12.0056	0.521841	67.7399	
0.946759	-0.00187602	-0.321938	-0.0169544	0.998305	-0.0556772	0.321497	0.0581712	0.945122	12.2894	0.57216	68.5781	
0.945854	-0.00204306	-0.324587	-0.0178615	0.998137	-0.0583315	0.324101	0.0609707	0.944056	12.5756	0.624962	69.4154	
0.944941	-0.00221796	-0.327232	-0.0187759	0.997962	-0.0609828	0.326701	0.0637692	0.942974	12.864	0.680245	70.2517	
0.948953	-0.00130575	-0.315416	-0.0246389	0.996629	-0.0782539	0.314454	0.0820308	0.945722	13.1481	0.744863	71.0888	
0.95281	-0.00016528	-0.303567	-0.0302766	0.994962	-0.0955711	0.302054	0.100252	0.948005	13.4214	0.825651	71.9281	
0.956511	0.00120289	-0.291693	-0.035686	0.992962	-0.112926	0.289505	0.118424	0.949822	13.6836	0.922568	72.7692	
0.960054	0.00279808	-0.2798	-0.0408647	0.990631	-0.130309	0.276814	0.136538	0.951174	13.9345	1.03557	73.6117	
0.963438	0.00461951	-0.267892	-0.0458101	0.987969	-0.147713	0.263986	0.154585	0.952058	14.1742	1.16459	74.4552	
0.96666	0.00666629	-0.255976	-0.0505196	0.984977	-0.165129	0.25103	0.172556	0.952475	14.4025	1.30958	75.2993	
0.969719	0.00893742	-0.244058	-0.0549911	0.981658	-0.182549	0.23795	0.190442	0.952424	14.6192	1.47046	76.1435	
0.972614	0.0114318	-0.232143	-0.0592223	0.978012	-0.199963	0.224753	0.208235	0.951906	14.8243	1.64716	76.9875	
0.975344	0.0141481	-0.220238	-0.0632111	0.974042	-0.217363	0.211446	0.225925	0.95092	15.0176	1.83958	77.8309	
0.977905	0.0170852	-0.208348	-0.0669556	0.969749	-0.234741	0.198035	0.243505	0.949467	15.1991	2.04763	78.6731	
0.980299	0.0202414	-0.196479	-0.0704539	0.965136	-0.252088	0.184527	0.260965	0.947548	15.3686	2.27121	79.5139	
0.982523	0.0236154	-0.184637	-0.0737043	0.960205	-0.269396	0.170928	0.278297	0.945164	15.5262	2.51021	80.3527	
0.984576	0.0272053	-0.172828	-0.0767053	0.954958	-0.286656	0.157245	0.295492	0.942316	15.6716	2.76451	81.1893	
0.986458	0.0310095	-0.161058	-0.0794553	0.949398	-0.30386	0.143485	0.312542	0.939005	15.8049	3.03399	82.0231	
0.988167	0.0350261	-0.149331	-0.0819531	0.943527	-0.320999	0.129655	0.329439	0.935233	15.926	3.31852	82.8537	
0.989702	0.0392531	-0.137655	-0.0841973	0.937349	-0.338065	0.115761	0.346174	0.931001	16.0347	3.61795	83.6808	
0.991063	0.0436885	-0.126035	-0.0861868	0.930866	-0.355049	0.10181	0.362738	0.926313	16.1311	3.93214	84.504	
0.99225	0.04833	-0.114476	-0.0879208	0.924082	-0.371943	0.0878089	0.379125	0.92117	16.2152	4.26093	85.3228	
