1	0	0	0	1	0	0	0	1	0	0	0	
1	2.00141e-07	0.00031592	2.00141e-07	0.999999	-0.00126704	-0.00031592	0.00126704	0.999999	-0.000141127	0.000566008	0.893434	
1	8.05401e-07	0.00063381	8.05071e-07	0.999997	-0.00254093	-0.00063381	0.00254093	0.999997	-0.000565388	0.00226709	1.78687	
1	1.82294e-06	0.000953661	1.82161e-06	0.999993	-0.00382163	-0.000953661	0.00382163	0.999992	-0.00127454	0.00510936	2.6803	
0.999999	3.25991e-06	0.00127546	3.25657e-06	0.999987	-0.00510909	-0.00127546	0.00510909	0.999986	-0.00227033	0.00909887	3.57372	
0.999999	5.12343e-06	0.0015992	5.11673e-06	0.999979	-0.00640324	-0.0015992	0.00640324	0.999978	-0.00355449	0.0142416	4.46714	
0.999998	7.42063e-06	0.00192487	7.40884e-06	0.99997	-0.00770403	-0.00192487	0.00770403	0.999968	-0.00512875	0.0205436	5.36055	
0.999997	1.01586e-05	0.00225245	1.01396e-05	0.999959	-0.00901142	-0.00225245	0.00901142	0.999957	-0.00699483	0.0280107	6.25395	
0.999997	1.33444e-05	0.00258194	1.33158e-05	0.999947	-0.0103253	-0.00258194	0.0103253	0.999943	-0.00915443	0.0366487	7.14734	
0.999996	1.69851e-05	0.00291333	1.69441e-05	0.999932	-0.0116458	-0.00291333	0.0116458	0.999928	-0.0116093	0.0464636	8.04072	
0.999995	2.10878e-05	0.0032466	2.1031e-05	0.999916	-0.0129726	-0.00324661	0.0129726	0.999911	-0.014361	0.0574611	8.93408	
0.999994	2.56594e-05	0.00358175	2.55833e-05	0.999898	-0.0143058	-0.00358175	0.0143058	0.999891	-0.0174114	0.0696468	9.82743	
0.999992	3.07069e-05	0.00391876	3.06075e-05	0.999878	-0.0156454	-0.00391876	0.0156454	0.99987	-0.020762	0.0830265	10.7208	
0.999991	3.62373e-05	0.00425762	3.61102e-05	0.999856	-0.0169912	-0.00425762	0.0169912	0.999847	-0.0244145	0.0976058	11.6141	
0.999989	4.22576e-05	0.00459833	4.20978e-05	0.999832	-0.0183432	-0.00459833	0.0183432	0.999821	-0.0283706	0.11339	12.5073	
0.999988	4.87745e-05	0.00494086	4.8577e-05	0.999806	-0.0197013	-0.00494086	0.0197013	0.999794	-0.0326319	0.130385	13.4006	
0.999986	5.57951e-05	0.0052852	5.5554e-05	0.999778	-0.0210656	-0.00528521	0.0210656	0.999764	-0.0372001	0.148597	14.2938	
0.999984	6.33261e-05	0.00563136	6.30354e-05	0.999748	-0.0224359	-0.00563136	0.0224359	0.999732	-0.0420767	0.16803	15.1871	
0.999982	7.13743e-05	0.00597931	7.10276e-05	0.999716	-0.0238122	-0.00597931	0.0238122	0.999699	-0.0472634	0.188689	16.0802	
0.99998	7.99466e-05	0.00632904	7.95367e-05	0.999683	-0.0251944	-0.00632904	0.0251944	0.999663	-0.0527618	0.210581	16.9734	
0.999978	8.90496e-05	0.00668054	8.85692e-05	0.999647	-0.0265825	-0.00668054	0.0265825	0.999624	-0.0585734	0.233711	17.8665	
0.999975	9.86902e-05	0.0070338	9.81313e-05	0.999609	-0.0279764	-0.0070338	0.0279764	0.999584	-0.0646998	0.258083	18.7596	
0.999973	0.000108875	0.0073888	0.000108229	0.999568	-0.0293761	-0.00738881	0.0293761	0.999541	-0.0711426	0.283704	19.6526	
0.99997	0.00011961	0.00774554	0.000118869	0.999526	-0.0307815	-0.00774555	0.0307815	0.999496	-0.0779034	0.310577	20.5456	
0.999967	0.000130903	0.008104	0.000130057	0.999482	-0.0321925	-0.00810401	0.0321925	0.999449	-0.0849837	0.338709	21.4386	
0.999964	0.00014276	0.00846417	0.000141799	0.999435	-0.0336091	-0.00846419	0.0336091	0.999399	-0.092385	0.368103	22.3315	
0.999961	0.000155187	0.00882604	0.000154101	0.999386	-0.0350312	-0.00882606	0.0350312	0.999347	-0.100109	0.398766	23.2244	
0.999958	0.000168191	0.00918959	0.00016697	0.999335	-0.0364588	-0.00918961	0.0364588	0.999293	-0.108157	0.430702	24.1172	
0.999954	0.000181778	0.00955482	0.00018041	0.999282	-0.0378918	-0.00955484	0.0378918	0.999236	-0.11653	0.463916	25.01	
0.999951	0.000195955	0.0099217	0.000194428	0.999226	-0.0393302	-0.00992173	0.0393302	0.999177	-0.125231	0.498412	25.9027	
0.999947	0.000210728	0.0102902	0.000209031	0.999168	-0.0407739	-0.0102903	0.0407739	0.999115	-0.13426	0.534196	26.7954	
0.999943	0.000226104	0.0106604	0.000224222	0.999108	-0.0422228	-0.0106604	0.0422228	0.999051	-0.143619	0.571272	27.688	
0.999939	0.000242087	0.0110322	0.000240009	0.999046	-0.0436769	-0.0110322	0.0436769	0.998985	-0.153309	0.609645	28.5806	
0.999935	0.000258686	0.0114056	0.000256397	0.998981	-0.0451361	-0.0114056	0.0451361	0.998916	-0.163333	0.649319	29.4731	
0.999931	0.000275905	0.0117806	0.000273392	0.998914	-0.0466003	-0.0117806	0.0466003	0.998844	-0.17369	0.6903	30.3655	
0.999926	0.000293752	0.0121571	0.000290998	0.998844	-0.0480696	-0.0121572	0.0480696	0.99877	-0.184384	0.73259	31.2579	
0.999921	0.000312231	0.0125353	0.000309222	0.998772	-0.0495438	-0.0125353	0.0495438	0.998693	-0.195414	0.776196	32.1502	
0.999917	0.000331349	0.012915	0.000328069	0.998697	-0.0510229	-0.0129151	0.0510229	0.998614	-0.206784	0.821121	33.0424	
0.999912	0.000351112	0.0132962	0.000347545	0.998621	-0.0525068	-0.0132963	0.0525068	0.998532	-0.218493	0.867369	33.9346	
0.999906	0.000371525	0.013679	0.000367654	0.998541	-0.0539955	-0.0136791	0.0539954	0.998447	-0.230543	0.914946	34.8266	
0.999901	0.000392595	0.0140632	0.000388401	0.998459	-0.0554888	-0.0140634	0.0554888	0.99836	-0.242936	0.963854	35.7186	
0.999896	0.000414327	0.014449	0.000409793	0.998375	-0.0569868	-0.0144492	0.0569868	0.99827	-0.255673	1.0141	36.6106	
0.99989	0.000436727	0.0148363	0.000431835	0.998288	-0.0584894	-0.0148364	0.0584894	0.998178	-0.268755	1.06568	37.5024	
0.999884	0.000459801	0.015225	0.00045453	0.998198	-0.0599965	-0.0152252	0.0599965	0.998082	-0.282184	1.11861	38.3942	
0.999878	0.000483553	0.0156152	0.000477885	0.998106	-0.0615081	-0.0156154	0.061508	0.997984	-0.295962	1.17289	39.2859	
0.999872	0.00050799	0.0160069	0.000501904	0.998012	-0.063024	-0.0160071	0.063024	0.997884	-0.310088	1.22852	40.1775	
0.999865	0.000533117	0.0164	0.000526591	0.997915	-0.0645443	-0.0164002	0.0645443	0.99778	-0.324565	1.28551	41.069	
0.999859	0.000558939	0.0167945	0.000551953	0.997815	-0.0660689	-0.0167947	0.0660688	0.997674	-0.339393	1.34386	41.9604	
0.999852	0.000585461	0.0171904	0.000577993	0.997712	-0.0675977	-0.0171906	0.0675976	0.997565	-0.354575	1.40357	42.8517	
0.999845	0.00061269	0.0175877	0.000604716	0.997607	-0.0691306	-0.0175879	0.0691305	0.997453	-0.370111	1.46465	43.7429	
0.999838	0.000640629	0.0179863	0.000632127	0.9975	-0.0706676	-0.0179866	0.0706676	0.997338	-0.386003	1.5271	44.634	
0.999831	0.000669285	0.0183864	0.00066023	0.997389	-0.0722087	-0.0183867	0.0722086	0.99722	-0.402252	1.59092	45.525	
0.999823	0.000698661	0.0187877	0.00068903	0.997276	-0.0737537	-0.0187881	0.0737536	0.9971	-0.418858	1.65613	46.4159	
0.999816	0.000728763	0.0191905	0.00071853	0.99716	-0.0753026	-0.0191908	0.0753025	0.996976	-0.435824	1.72271	47.3067	
0.999808	0.000759596	0.0195945	0.000748736	0.997042	-0.0768554	-0.0195949	0.0768553	0.99685	-0.453151	1.79068	48.1973	
0.9998	0.000791165	0.0199998	0.000779651	0.996921	-0.0784119	-0.0200003	0.0784118	0.99672	-0.470838	1.86004	49.0879	
0.999791	0.000823474	0.0204064	0.000811279	0.996797	-0.0799722	-0.0204069	0.079972	0.996588	-0.488889	1.9308	49.9784	
0.999783	0.000856528	0.0208143	0.000843625	0.99667	-0.0815361	-0.0208148	0.0815359	0.996453	-0.507303	2.00294	50.8687	
0.999774	0.000890331	0.0212235	0.000876693	0.996541	-0.0831036	-0.021224	0.0831034	0.996315	-0.526083	2.07649	51.7589	
0.999766	0.000924889	0.0216339	0.000910486	0.996408	-0.0846746	-0.0216345	0.0846744	0.996174	-0.545229	2.15144	52.649	
0.99968	0.00123834	0.0252762	0.000959721	0.996228	-0.0867648	-0.0252883	0.0867613	0.995908	-0.56619	2.22802	53.5389	
0.999581	0.00155951	0.0289183	0.00101679	0.996044	-0.0888608	-0.0289425	0.0888529	0.995624	-0.590416	2.30647	54.4285	
0.999468	0.0018884	0.0325601	0.00108175	0.995854	-0.0909621	-0.0325969	0.0909489	0.995322	-0.617906	2.3868	55.3179	
0.999342	0.00222504	0.0362016	0.00115461	0.995659	-0.0930686	-0.0362515	0.0930491	0.995001	-0.648662	2.46899	56.207	
0.999203	0.00256944	0.0398426	0.00123542	0.995459	-0.0951798	-0.0399062	0.0951532	0.994662	-0.682683	2.55306	57.0958	
0.99905	0.00292161	0.043483	0.00132422	0.995255	-0.0972957	-0.0435609	0.0972608	0.994305	-0.71997	2.63902	57.9843	
0.998884	0.00328158	0.0471228	0.00142101	0.995045	-0.0994158	-0.0472155	0.0993718	0.99393	-0.760521	2.72686	58.8725	
0.998704	0.00364936	0.0507619	0.00152584	0.99483	-0.10154	-0.05087	0.101486	0.993536	-0.804338	2.81658	59.7604	
0.998511	0.00402495	0.0544002	0.00163872	0.994611	-0.103668	-0.0545242	0.103602	0.993123	-0.851419	2.9082	60.6478	
0.998305	0.00440836	0.0580376	0.00175968	0.994386	-0.105799	-0.0581781	0.105722	0.992692	-0.901765	3.00171	61.5349	
0.998085	0.00479962	0.061674	0.00188872	0.994156	-0.107933	-0.0618316	0.107843	0.992243	-0.955376	3.09711	62.4216	
0.997852	0.00519872	0.0653094	0.00202587	0.993922	-0.11007	-0.0654846	0.109966	0.991776	-1.01225	3.19441	63.3079	
0.997605	0.00560567	0.0689436	0.00217112	0.993682	-0.11221	-0.0691371	0.112091	0.99129	-1.07239	3.29361	64.1938	
0.997345	0.00602048	0.0725767	0.0023245	0.993438	-0.114352	-0.0727888	0.114217	0.990786	-1.13579	3.39471	65.0792	
0.997071	0.00644315	0.0762084	0.00248601	0.993188	-0.116496	-0.0764399	0.116344	0.990263	-1.20245	3.4977	65.9642	
0.996784	0.0068737	0.0798388	0.00265564	0.992934	-0.118642	-0.0800901	0.118472	0.989722	-1.27238	3.6026	66.8487	
0.996484	0.00731211	0.0834676	0.00283341	0.992674	-0.120789	-0.0837394	0.120601	0.989163	-1.34556	3.7094	67.7327	
0.99617	0.0077584	0.087095	0.00301929	0.99241	-0.122937	-0.0873877	0.12273	0.988585	-1.42201	3.8181	68.6162	
0.995843	0.00821256	0.0907207	0.00321329	0.992141	-0.125087	-0.091035	0.124858	0.987989	-1.50171	3.9287	69.4992	
0.995502	0.00867459	0.0943447	0.0034154	0.991867	-0.127236	-0.0946811	0.126986	0.987375	-1.58468	4.0412	70.3816	
0.995148	0.00914449	0.0979669	0.00362561	0.991588	-0.129386	-0.0983259	0.129114	0.986743	-1.67089	4.15561	71.2635	
0.992741	0.0120264	0.11967	0.00403076	0.991102	-0.13304	-0.120205	0.132556	0.983859	-1.76852	4.2725	72.1438	
0.989853	0.0149834	0.141304	0.00451693	0.990605	-0.136682	-0.142025	0.135933	0.980485	-1.88567	4.39245	73.0214	
0.986485	0.018014	0.162859	0.00508387	0.990095	-0.14031	-0.163773	0.139242	0.976622	-2.02228	4.51538	73.8957	
0.982639	0.0211167	0.184323	0.0057313	0.989572	-0.143923	-0.18544	0.142481	0.972271	-2.17828	4.64123	74.7663	
0.978317	0.02429	0.205686	0.0064589	0.989038	-0.147519	-0.207014	0.145649	0.967436	-2.35361	4.76995	75.6328	
0.97352	0.0275323	0.226937	0.0072663	0.988492	-0.151097	-0.228485	0.148745	0.962117	-2.54816	4.90147	76.4948	
0.968252	0.030842	0.248065	0.00815311	0.987935	-0.154654	-0.249842	0.151766	0.956319	-2.76185	5.03572	77.3519	
0.962515	0.0342174	0.269061	0.00911887	0.987367	-0.158188	-0.271074	0.154712	0.950044	-2.99456	5.17263	78.2035	
0.956312	0.0376568	0.289913	0.0101631	0.986788	-0.161698	-0.292172	0.15758	0.943294	-3.24618	5.31214	79.0493	
0.949646	0.0411585	0.310611	0.0112853	0.986198	-0.165182	-0.313123	0.16037	0.936075	-3.51659	5.45418	79.8889	
0.942519	0.0447208	0.331145	0.0124849	0.985599	-0.168639	-0.333918	0.16308	0.928388	-3.80564	5.59868	80.7218	
0.934937	0.0483419	0.351505	0.0137613	0.984989	-0.172066	-0.354547	0.165708	0.920238	-4.11321	5.74556	81.5477	
0.926902	0.05202	0.37168	0.0151139	0.98437	-0.175463	-0.374998	0.168254	0.911629	-4.43912	5.89475	82.366	
0.918419	0.0557532	0.391661	0.0165419	0.983742	-0.178826	-0.395263	0.170716	0.902565	-4.78322	6.04618	83.1765	
0.909492	0.0595397	0.411437	0.0180447	0.983104	-0.182155	-0.41533	0.173093	0.893051	-5.14534	6.19978	83.9787	
0.900124	0.0633776	0.430998	0.0196216	0.982458	-0.185448	-0.435191	0.175383	0.883091	-5.5253	6.35545	84.7721	
0.890322	0.067265	0.450335	0.0212717	0.981804	-0.188703	-0.454834	0.177586	0.872691	-5.92291	6.51314	85.5565	
0.88009	0.0712	0.469439	0.0229941	0.981141	-0.191919	-0.47425	0.1797	0.861855	-6.33796	6.67275	86.3314	
0.869432	0.0751805	0.488298	0.0247882	0.980471	-0.195094	-0.49343	0.181725	0.85059	-6.77026	6.83421	87.0964	
