1	0	0	0	1	0	0	0	1	0	0	0	
0.999991	-6.78999e-06	-0.00416544	-6.78999e-06	0.999995	-0.00326013	0.00416544	0.00326013	0.999986	0.00224366	0.00175603	1.07727	
0.999965	-2.71763e-05	-0.0083335	-2.71737e-05	0.999979	-0.00652168	0.0083335	0.00652168	0.999944	0.00897606	0.00702488	2.15451	
0.999922	-6.11818e-05	-0.012504	-6.11714e-05	0.999952	-0.00978451	0.012504	0.00978451	0.999874	0.0201999	0.015808	3.23168	
0.999861	-0.000108828	-0.0166767	-0.000108802	0.999915	-0.0130485	0.0166767	0.0130485	0.999776	0.0359178	0.0281067	4.30877	
0.999783	-0.000170136	-0.0208516	-0.000170084	0.999867	-0.0163134	0.0208516	0.0163134	0.999649	0.0561319	0.0439222	5.38573	
0.999687	-0.000245125	-0.0250283	-0.000245034	0.999808	-0.0195793	0.0250283	0.0195793	0.999495	0.0808445	0.0632553	6.46255	
0.999573	-0.000333813	-0.0292067	-0.000333666	0.999739	-0.0228458	0.0292067	0.0228458	0.999312	0.110058	0.086107	7.53918	
0.999442	-0.000436217	-0.0333867	-0.000435997	0.999659	-0.0261129	0.0333867	0.0261129	0.999101	0.143773	0.112478	8.6156	
0.999294	-0.000552352	-0.037568	-0.000552038	0.999568	-0.0293804	0.037568	0.0293804	0.998862	0.181992	0.142369	9.69178	
0.999128	-0.000682234	-0.0417504	-0.000681801	0.999467	-0.0326482	0.0417504	0.0326482	0.998595	0.224715	0.17578	10.7677	
0.998944	-0.000825875	-0.0459339	-0.000825298	0.999354	-0.0359161	0.0459339	0.0359161	0.998299	0.271945	0.212711	11.8433	
0.998743	-0.000983288	-0.0501182	-0.000982537	0.999232	-0.0391841	0.0501182	0.0391841	0.997974	0.323683	0.253163	12.9186	
0.998524	-0.00115448	-0.0543031	-0.00115353	0.999098	-0.0424519	0.0543031	0.0424519	0.997622	0.379928	0.297135	13.9935	
0.998287	-0.00133947	-0.0584884	-0.00133828	0.998953	-0.0457194	0.0584884	0.0457194	0.997241	0.440682	0.344627	15.068	
0.998033	-0.00153826	-0.062674	-0.00153679	0.998798	-0.0489865	0.062674	0.0489865	0.996831	0.505944	0.395639	16.142	
0.997761	-0.00175086	-0.0668596	-0.00174907	0.998632	-0.052253	0.0668597	0.052253	0.996393	0.575716	0.450171	17.2157	
0.997471	-0.00197727	-0.0710452	-0.00197513	0.998456	-0.0555189	0.0710453	0.0555188	0.995927	0.649997	0.508221	18.2888	
0.997164	-0.0022175	-0.0752305	-0.00221496	0.998268	-0.0587838	0.0752306	0.0587837	0.995432	0.728787	0.569788	19.3614	
0.996839	-0.00247156	-0.0794153	-0.00246856	0.99807	-0.0620478	0.0794154	0.0620477	0.994909	0.812085	0.634873	20.4335	
0.996496	-0.00273944	-0.0835995	-0.00273594	0.997861	-0.0653107	0.0835996	0.0653105	0.994357	0.899891	0.703473	21.505	
0.996135	-0.00302115	-0.0877829	-0.0030171	0.997642	-0.0685723	0.087783	0.0685721	0.993777	0.992204	0.775587	22.5759	
0.995757	-0.00331669	-0.0919652	-0.00331203	0.997411	-0.0718324	0.0919654	0.0718322	0.993168	1.08902	0.851214	23.6461	
0.995361	-0.00362606	-0.0961464	-0.00362074	0.99717	-0.0750911	0.0961466	0.0750908	0.992531	1.19035	0.930352	24.7157	
0.994947	-0.00394926	-0.100326	-0.0039432	0.996918	-0.078348	0.100326	0.0783477	0.991865	1.29618	1.013	25.7846	
0.994515	-0.00428627	-0.104504	-0.00427943	0.996656	-0.0816031	0.104505	0.0816028	0.991171	1.40651	1.09916	26.8527	
0.994066	-0.00463711	-0.108681	-0.00462941	0.996382	-0.0848563	0.108681	0.0848558	0.990448	1.52134	1.18882	27.9201	
0.993599	-0.00500176	-0.112856	-0.00499313	0.996098	-0.0881073	0.112856	0.0881068	0.989697	1.64066	1.28198	28.9867	
0.993114	-0.00538021	-0.117028	-0.00537059	0.995804	-0.0913561	0.117029	0.0913555	0.988918	1.76449	1.37865	30.0524	
0.992611	-0.00577247	-0.121199	-0.00576178	0.995498	-0.0946025	0.121199	0.0946018	0.98811	1.89281	1.47881	31.1173	
0.992091	-0.00617851	-0.125366	-0.00616667	0.995182	-0.0978464	0.125367	0.0978456	0.987274	2.02562	1.58247	32.1813	
0.991553	-0.00659834	-0.129532	-0.00658528	0.994856	-0.101088	0.129532	0.101087	0.986409	2.16291	1.68962	33.2444	
0.990998	-0.00703193	-0.133694	-0.00701756	0.994518	-0.104326	0.133695	0.104325	0.985516	2.3047	1.80026	34.3066	
0.990424	-0.00747929	-0.137854	-0.00746353	0.99417	-0.107562	0.137854	0.10756	0.984595	2.45097	1.91439	35.3678	
0.989833	-0.00794038	-0.14201	-0.00792315	0.993812	-0.110794	0.142011	0.110793	0.983645	2.60171	2.03201	36.4279	
0.989225	-0.00841521	-0.146163	-0.0083964	0.993443	-0.114023	0.146164	0.114022	0.982667	2.75693	2.1531	37.4871	
0.988598	-0.00890374	-0.150312	-0.00888329	0.993063	-0.117249	0.150314	0.117247	0.981661	2.91663	2.27767	38.5451	
0.987955	-0.00940598	-0.154458	-0.00938377	0.992672	-0.120471	0.15446	0.12047	0.980627	3.08079	2.40571	39.6021	
0.987293	-0.00992189	-0.1586	-0.00989783	0.992272	-0.12369	0.158602	0.123688	0.979565	3.24942	2.53723	40.6579	
0.986614	-0.0104515	-0.162738	-0.0104255	0.99186	-0.126905	0.16274	0.126903	0.978474	3.4225	2.6722	41.7126	
0.985917	-0.0109947	-0.166872	-0.0109666	0.991438	-0.130116	0.166874	0.130114	0.977355	3.60005	2.81064	42.7661	
0.985203	-0.0115515	-0.171001	-0.0115213	0.991006	-0.133323	0.171003	0.133321	0.976209	3.78204	2.95254	43.8183	
0.984471	-0.0121219	-0.175126	-0.0120895	0.990563	-0.136526	0.175128	0.136523	0.975034	3.96848	3.09789	44.8694	
0.983722	-0.0127059	-0.179246	-0.0126711	0.990109	-0.139725	0.179248	0.139722	0.973832	4.15936	3.24668	45.9191	
0.982956	-0.0133035	-0.183361	-0.0132662	0.989645	-0.142919	0.183364	0.142916	0.972601	4.35467	3.39892	46.9675	
0.982172	-0.0139146	-0.187471	-0.0138746	0.989171	-0.146109	0.187474	0.146105	0.971343	4.55442	3.5546	48.0146	
0.98137	-0.0145391	-0.191576	-0.0144965	0.988687	-0.149294	0.191579	0.149289	0.970057	4.75859	3.71371	49.0603	
0.980551	-0.0151771	-0.195675	-0.0151317	0.988192	-0.152474	0.195679	0.152469	0.968743	4.96719	3.87625	50.1046	
0.979715	-0.0158286	-0.199769	-0.0157802	0.987686	-0.155649	0.199773	0.155644	0.967402	5.18019	4.04221	51.1475	
0.978862	-0.0164935	-0.203857	-0.016442	0.987171	-0.158819	0.203861	0.158814	0.966033	5.3976	4.21159	52.1889	
0.977991	-0.0171717	-0.207939	-0.0171171	0.986645	-0.161984	0.207943	0.161978	0.964636	5.61942	4.38438	53.2288	
0.977103	-0.0178633	-0.212015	-0.0178053	0.986109	-0.165143	0.21202	0.165137	0.963212	5.84562	4.56058	54.2673	
0.976198	-0.0185682	-0.216084	-0.0185068	0.985563	-0.168297	0.21609	0.168291	0.961761	6.07622	4.74017	55.3041	
0.975276	-0.0192864	-0.220147	-0.0192214	0.985006	-0.171446	0.220153	0.171438	0.960282	6.3112	4.92316	56.3394	
0.974337	-0.0200178	-0.224204	-0.019949	0.984439	-0.174588	0.22421	0.17458	0.958776	6.55055	5.10954	57.3731	
0.97338	-0.0207624	-0.228254	-0.0206898	0.983863	-0.177725	0.22826	0.177717	0.957243	6.79427	5.2993	58.4051	
0.972407	-0.0215202	-0.232296	-0.0214436	0.983276	-0.180856	0.232304	0.180847	0.955683	7.04234	5.49244	59.4355	
0.971417	-0.0222911	-0.236332	-0.0222103	0.982679	-0.183981	0.23634	0.183971	0.954096	7.29477	5.68894	60.4642	
0.970409	-0.0230751	-0.24036	-0.02299	0.982072	-0.187099	0.240368	0.187088	0.952481	7.55154	5.88881	61.4911	
0.969385	-0.0238721	-0.244381	-0.0237826	0.981455	-0.190211	0.24439	0.1902	0.950841	7.81265	6.09203	62.5163	
0.968345	-0.0246822	-0.248394	-0.0245881	0.980828	-0.193316	0.248404	0.193304	0.949173	8.07809	6.2986	63.5397	
0.967287	-0.0255051	-0.2524	-0.0254063	0.980192	-0.196415	0.25241	0.196402	0.947478	8.34785	6.50851	64.5614	
0.966213	-0.026341	-0.256397	-0.0262373	0.979545	-0.199507	0.256408	0.199494	0.945758	8.62192	6.72176	65.5811	
0.965122	-0.0271898	-0.260386	-0.0270811	0.978889	-0.202593	0.260398	0.202578	0.94401	8.90029	6.93833	66.599	
0.964014	-0.0280514	-0.264367	-0.0279375	0.978222	-0.205671	0.264379	0.205655	0.942236	9.18295	7.15822	67.615	
0.96289	-0.0289257	-0.26834	-0.0288064	0.977546	-0.208742	0.268353	0.208725	0.940436	9.4699	7.38142	68.6291	
0.961749	-0.0298128	-0.272304	-0.029688	0.976861	-0.211806	0.272317	0.211788	0.93861	9.76113	7.60792	69.6412	
0.966611	-0.0260805	-0.254917	-0.0245107	0.980835	-0.19329	0.255072	0.193085	0.947447	10.0452	7.82601	70.6572	
0.971153	-0.0226942	-0.237373	-0.0196738	0.984441	-0.174609	0.237643	0.174242	0.955597	10.3106	8.02388	71.6823	
0.975373	-0.0196566	-0.219686	-0.0151808	0.987676	-0.155774	0.220041	0.155272	0.963054	10.5572	8.20138	72.7158	
0.979266	-0.0169697	-0.201868	-0.011035	0.990537	-0.136799	0.202279	0.13619	0.969812	10.7847	8.35838	73.757	
0.98283	-0.0146355	-0.183931	-0.00723933	0.993023	-0.117699	0.184371	0.117009	0.975867	10.9929	8.49477	74.8051	
0.986063	-0.0126558	-0.16589	-0.00379658	0.995131	-0.0984863	0.166328	0.0977435	0.981214	11.1818	8.61045	75.8593	
0.988962	-0.0110319	-0.147756	-0.000709246	0.99686	-0.0791759	0.148166	0.0784068	0.98585	11.3512	8.70534	76.9189	
0.991526	-0.00976513	-0.129544	0.00202043	0.998209	-0.0597816	0.129895	0.0590133	0.98977	11.501	8.77936	77.9831	
0.993751	-0.00885626	-0.111266	0.00439047	0.999177	-0.0403174	0.111531	0.039577	0.992973	11.6311	8.83247	79.0511	
0.995638	-0.00830601	-0.092935	0.00639916	0.999763	-0.0207974	0.0930857	0.020112	0.995455	11.7413	8.86462	80.1222	
0.997183	-0.00811478	-0.0745654	0.00804503	0.999967	-0.00123571	0.0745729	0.000632349	0.997215	11.8316	8.8758	81.1956	
0.998387	-0.0082827	-0.0561699	0.0093269	0.999788	0.0183534	0.056006	-0.0188477	0.998253	11.902	8.86599	82.2705	
0.999248	-0.00880965	-0.037762	0.0102438	0.999227	0.0379558	0.0373985	-0.0383141	0.998566	11.9523	8.83519	83.3461	
0.999766	-0.00969526	-0.0193551	0.0107952	0.998284	0.0575573	0.0187638	-0.0577527	0.998155	11.9825	8.78345	84.4217	
0.99994	-0.0109389	-0.000962345	0.0109805	0.99696	0.0771435	0.000115557	-0.0771495	0.99702	11.9927	8.71078	85.4965	
0.99977	-0.0125396	0.0174028	0.0107997	0.995255	0.0967004	-0.0185328	-0.0964902	0.995161	11.9828	8.61724	86.5696	
0.999256	-0.0144962	0.035727	0.0102529	0.993171	0.116214	-0.0371677	-0.115761	0.992581	11.9528	8.50291	87.6403	
0.9984	-0.0168074	0.053997	0.0093405	0.99071	0.135669	-0.0557756	-0.134948	0.989282	11.9027	8.36786	88.7079	
0.9972	-0.0194715	0.0721996	0.00806315	0.987873	0.155053	-0.0743431	-0.154037	0.985264	11.8326	8.2122	89.7715	
0.995659	-0.0224864	0.0903215	0.00642178	0.984663	0.174351	-0.0928567	-0.173014	0.980532	11.7425	8.03602	90.8304	
0.993777	-0.0258501	0.10835	0.00441758	0.981081	0.193549	-0.111303	-0.191866	0.975089	11.6326	7.83947	91.8839	
0.991555	-0.0295601	0.126271	0.002052	0.97713	0.212633	-0.129668	-0.210578	0.968939	11.5028	7.62269	92.931	
0.988996	-0.0336136	0.144072	-0.000673227	0.972813	0.23159	-0.14794	-0.229138	0.962086	11.3532	7.38583	93.9712	
0.986101	-0.0380079	0.161741	-0.00375614	0.968134	0.250405	-0.166104	-0.247532	0.954535	11.1841	7.12906	95.0036	
0.982872	-0.0427396	0.179264	-0.0071945	0.963095	0.269065	-0.184148	-0.265746	0.946292	10.9954	6.85257	96.0276	
0.979312	-0.0478053	0.196628	-0.0109858	0.957701	0.287556	-0.202058	-0.283767	0.937363	10.7874	6.55657	97.0422	
0.975423	-0.0532015	0.213822	-0.0151273	0.951954	0.305866	-0.219821	-0.301583	0.927753	10.5601	6.24126	98.0469	
0.971208	-0.058924	0.230833	-0.019616	0.945861	0.32398	-0.237426	-0.31918	0.917471	10.3138	5.90687	99.0409	
0.966669	-0.0649689	0.247647	-0.0244487	0.939423	0.341886	-0.254858	-0.336545	0.906524	10.0486	5.55365	100.023	
0.961812	-0.0713317	0.264254	-0.0296218	0.932648	0.35957	-0.272105	-0.353667	0.894918	9.76476	5.18186	100.994	
0.956638	-0.0780078	0.280641	-0.0351316	0.925538	0.377021	-0.289154	-0.370531	0.882664	9.46243	4.79175	101.951	
0.951151	-0.0849923	0.296796	-0.040974	0.918101	0.394224	-0.305994	-0.387127	0.86977	9.14184	4.38363	102.895	
0.945356	-0.0922803	0.312707	-0.047145	0.91034	0.411168	-0.322613	-0.403443	0.856245	8.80323	3.95777	103.825	
