1	0	0	0	1	0	0	0	1	0	0	0	
0.999997	-6.7801e-06	0.0025338	-6.7801e-06	0.999986	0.00535168	-0.0025338	-0.00535168	0.999982	-0.0013424	-0.00283532	1.05959	
0.999987	-2.7128e-05	0.00506851	-2.71224e-05	0.999943	0.0107031	-0.00506851	-0.0107031	0.99993	-0.0053701	-0.0113411	2.11914	
0.999971	-6.10534e-05	0.00760403	-6.10308e-05	0.999871	0.0160539	-0.00760403	-0.0160539	0.999842	-0.012084	-0.0255169	3.17862	
0.999949	-0.000108565	0.0101403	-0.000108509	0.999771	0.0214041	-0.0101403	-0.0214041	0.999719	-0.0214849	-0.0453622	4.23799	
0.99992	-0.000169672	0.0126772	-0.000169559	0.999642	0.0267533	-0.0126772	-0.0267533	0.999562	-0.0335736	-0.070876	5.29721	
0.999884	-0.000244381	0.0152146	-0.000244183	0.999485	0.0321015	-0.0152146	-0.0321015	0.999369	-0.0483506	-0.102057	6.35624	
0.999842	-0.000332701	0.0177524	-0.000332384	0.999299	0.0374483	-0.0177524	-0.0374483	0.999141	-0.0658165	-0.138905	7.41505	
0.999794	-0.000434637	0.0202906	-0.000434162	0.999084	0.0427937	-0.0202906	-0.0427937	0.998878	-0.0859717	-0.181417	8.4736	
0.999739	-0.000550196	0.0228291	-0.000549517	0.998841	0.0481374	-0.0228291	-0.0481374	0.99858	-0.108817	-0.229592	9.53185	
0.999678	-0.000679383	0.0253677	-0.000678449	0.998569	0.0534791	-0.0253677	-0.0534791	0.998247	-0.134351	-0.283428	10.5898	
0.99961	-0.000822204	0.0279064	-0.000820959	0.998268	0.0588188	-0.0279064	-0.0588188	0.997879	-0.162576	-0.342924	11.6473	
0.999536	-0.000978662	0.030445	-0.000977044	0.997939	0.0641562	-0.030445	-0.0641562	0.997475	-0.19349	-0.408076	12.7045	
0.999455	-0.00114876	0.0329835	-0.0011467	0.997582	0.0694911	-0.0329836	-0.0694911	0.997037	-0.227095	-0.478882	13.7611	
0.999368	-0.0013325	0.0355218	-0.00132993	0.997196	0.0748233	-0.0355219	-0.0748233	0.996564	-0.263389	-0.55534	14.8174	
0.999274	-0.0015299	0.0380598	-0.00152673	0.996781	0.0801526	-0.0380599	-0.0801526	0.996056	-0.302373	-0.637446	15.873	
0.999174	-0.00174094	0.0405973	-0.00173709	0.996338	0.0854789	-0.0405975	-0.0854788	0.995513	-0.344045	-0.725197	16.9282	
0.999067	-0.00196563	0.0431344	-0.00196101	0.995867	0.0908019	-0.0431346	-0.0908018	0.994934	-0.388407	-0.818591	17.9827	
0.998954	-0.00220397	0.0456709	-0.00219849	0.995367	0.0961214	-0.0456711	-0.0961213	0.994321	-0.435456	-0.917623	19.0366	
0.998834	-0.00245596	0.0482066	-0.00244952	0.994839	0.101437	-0.048207	-0.101437	0.993673	-0.485192	-1.02229	20.0899	
0.998708	-0.00272161	0.0507416	-0.00271409	0.994282	0.106749	-0.050742	-0.106749	0.99299	-0.537615	-1.13259	21.1424	
0.998575	-0.0030009	0.0532757	-0.0029922	0.993697	0.112057	-0.0532762	-0.112057	0.992273	-0.592724	-1.24851	22.1942	
0.998436	-0.00329384	0.0558088	-0.00328384	0.993084	0.117361	-0.0558094	-0.117361	0.99152	-0.650518	-1.37005	23.2452	
0.99829	-0.00360044	0.0583408	-0.003589	0.992442	0.12266	-0.0583415	-0.12266	0.990732	-0.710995	-1.49722	24.2954	
0.998138	-0.00392067	0.0608717	-0.00390768	0.991772	0.127955	-0.0608725	-0.127954	0.98991	-0.774154	-1.62999	25.3447	
0.997979	-0.00425454	0.0634013	-0.00423987	0.991074	0.133244	-0.0634023	-0.133244	0.989053	-0.839995	-1.76837	26.3932	
0.997814	-0.00460206	0.0659295	-0.00458555	0.990348	0.138529	-0.0659307	-0.138529	0.988161	-0.908516	-1.91236	27.4407	
0.997642	-0.0049632	0.0684563	-0.00494471	0.989593	0.143809	-0.0684577	-0.143808	0.987235	-0.979715	-2.06194	28.4873	
0.997463	-0.00533797	0.0709816	-0.00531736	0.98881	0.149083	-0.0709831	-0.149082	0.986274	-1.05359	-2.21711	29.5328	
0.997278	-0.00572637	0.0735051	-0.00570347	0.988	0.154351	-0.0735069	-0.15435	0.985278	-1.13014	-2.37787	30.5774	
0.997087	-0.00612837	0.076027	-0.00610303	0.987161	0.159614	-0.076029	-0.159613	0.984248	-1.20937	-2.54421	31.6208	
0.996889	-0.00654399	0.078547	-0.00651604	0.986294	0.16487	-0.0785493	-0.164869	0.983183	-1.29126	-2.71612	32.6632	
0.996684	-0.00697321	0.0810651	-0.00694247	0.985399	0.170121	-0.0810677	-0.170119	0.982083	-1.37583	-2.8936	33.7044	
0.996473	-0.00741602	0.0835811	-0.00738232	0.984476	0.175365	-0.0835841	-0.175363	0.980949	-1.46306	-3.07663	34.7444	
0.996256	-0.00787242	0.0860951	-0.00783557	0.983525	0.180602	-0.0860984	-0.1806	0.979781	-1.55296	-3.26522	35.7832	
0.996032	-0.00834239	0.0886068	-0.0083022	0.982546	0.185833	-0.0886106	-0.185831	0.978578	-1.64552	-3.45936	36.8207	
0.995801	-0.00882593	0.0911162	-0.00878221	0.98154	0.191056	-0.0911204	-0.191054	0.977341	-1.74074	-3.65903	37.857	
0.995564	-0.00932302	0.0936232	-0.00927557	0.980505	0.196273	-0.0936279	-0.196271	0.976069	-1.83862	-3.86424	38.8919	
0.99532	-0.00983366	0.0961277	-0.00978228	0.979443	0.201482	-0.096133	-0.20148	0.974764	-1.93915	-4.07496	39.9254	
0.99507	-0.0103578	0.0986297	-0.0103023	0.978354	0.206684	-0.0986355	-0.206681	0.973424	-2.04234	-4.29121	40.9576	
0.994814	-0.0108955	0.101129	-0.0108356	0.977236	0.211878	-0.101135	-0.211874	0.97205	-2.14818	-4.51296	41.9883	
0.994551	-0.0114467	0.103625	-0.0113823	0.976091	0.217064	-0.103632	-0.21706	0.970642	-2.25667	-4.74021	43.0175	
0.994281	-0.0120114	0.106119	-0.0119422	0.974919	0.222241	-0.106127	-0.222238	0.969199	-2.3678	-4.97295	44.0452	
0.994005	-0.0125896	0.10861	-0.0125153	0.973718	0.227411	-0.108618	-0.227407	0.967723	-2.48157	-5.21117	45.0714	
0.993722	-0.0131812	0.111097	-0.0131017	0.972491	0.232572	-0.111106	-0.232567	0.966213	-2.59798	-5.45486	46.096	
0.993433	-0.0137863	0.113581	-0.0137012	0.971236	0.237724	-0.113592	-0.237719	0.964669	-2.71702	-5.70402	47.119	
0.993137	-0.0144049	0.116063	-0.014314	0.969954	0.242868	-0.116074	-0.242862	0.963091	-2.8387	-5.95863	48.1403	
0.992835	-0.0150368	0.11854	-0.01494	0.968644	0.248002	-0.118553	-0.247996	0.96148	-2.963	-6.21869	49.16	
0.992527	-0.0156822	0.121015	-0.0155791	0.967308	0.253127	-0.121028	-0.253121	0.959834	-3.08993	-6.48418	50.1779	
0.992212	-0.0163409	0.123485	-0.0162313	0.965944	0.258243	-0.1235	-0.258236	0.958155	-3.21948	-6.7551	51.194	
0.99189	-0.017013	0.125953	-0.0168966	0.964553	0.263349	-0.125968	-0.263342	0.956443	-3.35165	-7.03143	52.2084	
0.991562	-0.0176985	0.128416	-0.017575	0.963135	0.268445	-0.128433	-0.268437	0.954697	-3.48643	-7.31316	53.2209	
0.991228	-0.0183973	0.130876	-0.0182664	0.96169	0.273532	-0.130894	-0.273523	0.952918	-3.62383	-7.6003	54.2316	
0.990887	-0.0191093	0.133331	-0.0189709	0.960218	0.278608	-0.133351	-0.278598	0.951105	-3.76382	-7.89281	55.2403	
0.99054	-0.0198347	0.135783	-0.0196884	0.958719	0.283674	-0.135804	-0.283663	0.949259	-3.90642	-8.1907	56.2471	
0.990186	-0.0205734	0.138231	-0.0204188	0.957193	0.288729	-0.138253	-0.288718	0.94738	-4.05162	-8.49394	57.252	
0.989826	-0.0213253	0.140674	-0.0211623	0.955641	0.293773	-0.140699	-0.293762	0.945467	-4.1994	-8.80254	58.2548	
0.98946	-0.0220904	0.143113	-0.0219186	0.954062	0.298807	-0.14314	-0.298794	0.943522	-4.34978	-9.11648	59.2556	
0.989087	-0.0228687	0.145548	-0.0226878	0.952456	0.303829	-0.145576	-0.303816	0.941543	-4.50274	-9.43574	60.2543	
0.988708	-0.0236602	0.147978	-0.0234699	0.950824	0.308841	-0.148008	-0.308826	0.939532	-4.65828	-9.76032	61.2509	
0.988322	-0.0244649	0.150404	-0.0242649	0.949166	0.31384	-0.150436	-0.313825	0.937488	-4.8164	-10.0902	62.2453	
0.98793	-0.0252827	0.152825	-0.0250726	0.947481	0.318828	-0.152859	-0.318812	0.935411	-4.97709	-10.4254	63.2376	
0.987531	-0.0261136	0.155241	-0.0258932	0.94577	0.323805	-0.155278	-0.323787	0.933301	-5.14034	-10.7658	64.2276	
0.987127	-0.0269576	0.157653	-0.0267265	0.944032	0.328769	-0.157692	-0.32875	0.931159	-5.30615	-11.1115	65.2154	
0.986715	-0.0278146	0.160059	-0.0275725	0.942269	0.333721	-0.160101	-0.333701	0.928984	-5.47452	-11.4625	66.2009	
0.986298	-0.0286847	0.162461	-0.0284312	0.940479	0.33866	-0.162505	-0.338639	0.926777	-5.64543	-11.8187	67.1841	
0.985904	-0.0295111	0.16469	-0.0299383	0.937319	0.347184	-0.164613	-0.34722	0.923223	-5.81874	-12.1821	68.1642	
0.985504	-0.0303584	0.166911	-0.0314646	0.934081	0.355673	-0.166706	-0.355769	0.919586	-5.99427	-12.5545	69.1405	
0.985706	-0.0299101	0.165797	-0.0358485	0.92434	0.379882	-0.164615	-0.380396	0.910055	-6.16982	-12.9446	70.1099	
0.985905	-0.0294319	0.164694	-0.0401756	0.913951	0.403831	-0.162408	-0.404756	0.899887	-6.34308	-13.3606	71.0689	
0.986102	-0.0289243	0.163605	-0.0444428	0.902921	0.427502	-0.160088	-0.428832	0.889087	-6.51395	-13.8022	72.0168	
0.986295	-0.0283875	0.162529	-0.048647	0.891258	0.450879	-0.157655	-0.452607	0.877663	-6.6823	-14.2692	72.9528	
0.986486	-0.027822	0.161467	-0.0527855	0.87897	0.473946	-0.155111	-0.476064	0.865623	-6.84801	-14.7613	73.8765	
0.986673	-0.0272281	0.160421	-0.0568552	0.866066	0.496686	-0.152459	-0.499187	0.852976	-7.01097	-15.278	74.787	
0.986857	-0.0266062	0.15939	-0.0608532	0.852555	0.519083	-0.1497	-0.52196	0.839731	-7.17106	-15.819	75.6839	
0.987038	-0.0259568	0.158376	-0.0647769	0.838445	0.541122	-0.146835	-0.544367	0.825896	-7.32818	-16.384	76.5664	
0.987215	-0.0252804	0.157379	-0.0686234	0.823748	0.562788	-0.143868	-0.566392	0.811481	-7.4822	-16.9725	77.4339	
0.987388	-0.0245774	0.156399	-0.07239	0.808473	0.584064	-0.140799	-0.58802	0.796498	-7.63302	-17.5841	78.2859	
0.987558	-0.0238483	0.155439	-0.0760742	0.792631	0.604936	-0.137632	-0.609234	0.780955	-7.78054	-18.2185	79.1216	
0.987723	-0.0230936	0.154497	-0.0796732	0.776234	0.62539	-0.134369	-0.630022	0.764864	-7.92466	-18.8751	79.9407	
0.987885	-0.0223139	0.153576	-0.0831846	0.759292	0.645411	-0.131011	-0.650367	0.748237	-8.06526	-19.5535	80.7423	
0.988042	-0.0215096	0.152675	-0.086606	0.741818	0.664985	-0.127561	-0.670256	0.731085	-8.20226	-20.2532	81.5261	
0.988196	-0.0206814	0.151795	-0.0899348	0.723824	0.684098	-0.124021	-0.689675	0.71342	-8.33556	-20.9737	82.2915	
0.988344	-0.0198299	0.150937	-0.0931689	0.705322	0.702738	-0.120395	-0.708609	0.695254	-8.46506	-21.7145	83.0378	
0.988489	-0.0189556	0.150102	-0.0963058	0.686326	0.72089	-0.116684	-0.727047	0.6766	-8.59067	-22.4752	83.7647	
0.988629	-0.0180592	0.14929	-0.0993435	0.666849	0.738542	-0.112891	-0.744974	0.657472	-8.7123	-23.2551	84.4715	
0.988764	-0.0171412	0.148501	-0.10228	0.646904	0.755681	-0.109019	-0.762379	0.637882	-8.82988	-24.0538	85.1578	
0.988894	-0.0162024	0.147736	-0.105113	0.626505	0.772297	-0.10507	-0.779249	0.617844	-8.94331	-24.8706	85.8231	
0.98902	-0.0152434	0.146996	-0.10784	0.605668	0.788376	-0.101048	-0.795572	0.597374	-9.05252	-25.7049	86.467	
0.98914	-0.0142648	0.146281	-0.11046	0.584406	0.803908	-0.0969551	-0.811336	0.576483	-9.15742	-26.5563	87.0889	
0.989256	-0.0132674	0.145592	-0.11297	0.562734	0.818882	-0.0927939	-0.826532	0.555189	-9.25796	-27.4241	87.6885	
0.989366	-0.0122518	0.144929	-0.11537	0.540668	0.833288	-0.0885676	-0.841147	0.533505	-9.35405	-28.3077	88.2654	
0.989471	-0.0112187	0.144293	-0.117657	0.518222	0.847114	-0.0842792	-0.855172	0.511446	-9.44563	-29.2065	88.819	
0.989571	-0.010169	0.143683	-0.11983	0.495414	0.860352	-0.0799316	-0.868597	0.489029	-9.53263	-30.1198	89.3491	
0.989666	-0.00910327	0.143102	-0.121887	0.472258	0.872992	-0.075528	-0.881413	0.466269	-9.615	-31.047	89.8552	
0.989755	-0.00802231	0.142548	-0.123827	0.448772	0.885026	-0.0710713	-0.89361	0.443181	-9.69267	-31.9874	90.3371	
0.989839	-0.00692688	0.142022	-0.125648	0.424971	0.896444	-0.0665648	-0.905181	0.419782	-9.7656	-32.9405	90.7943	
0.989918	-0.00581774	0.141525	-0.127349	0.400872	0.90724	-0.0620116	-0.916116	0.396089	-9.83372	-33.9055	91.2266	
0.98999	-0.00469567	0.141058	-0.128929	0.376492	0.917404	-0.0574148	-0.926408	0.372118	-9.89699	-34.8817	91.6336	
0.990057	-0.00356147	0.140619	-0.130387	0.351848	0.926931	-0.0527778	-0.93605	0.347886	-9.95538	-35.8685	92.0151	
