1	0	0	0	1	0	0	0	1	0	0	0	
0.999999	1.63899e-06	0.00120363	1.63899e-06	0.999996	-0.0027234	-0.00120363	0.0027234	0.999996	-0.000507896	0.00114919	0.843938	
0.999997	6.56629e-06	0.00240894	6.56863e-06	0.999985	-0.00545253	-0.00240894	0.00545253	0.999982	-0.00203229	0.00459919	1.68787	
0.999993	1.47977e-05	0.00361587	1.48071e-05	0.999966	-0.0081873	-0.00361587	0.0081873	0.99996	-0.00457458	0.0103548	2.53178	
0.999988	2.63488e-05	0.00482439	2.63723e-05	0.99994	-0.0109276	-0.00482439	0.0109276	0.999929	-0.00813611	0.0184207	3.37568	
0.999982	4.12346e-05	0.00603446	4.12816e-05	0.999907	-0.0136734	-0.00603446	0.0136734	0.999888	-0.0127182	0.0288016	4.21954	
0.999974	5.94699e-05	0.00724602	5.95525e-05	0.999865	-0.0164246	-0.00724602	0.0164246	0.999839	-0.0183222	0.0415021	5.06337	
0.999964	8.10693e-05	0.00845905	8.12016e-05	0.999816	-0.019181	-0.00845905	0.019181	0.99978	-0.0249493	0.0565265	5.90714	
0.999953	0.000106047	0.0096735	0.000106246	0.999759	-0.0219426	-0.0096735	0.0219426	0.999712	-0.0326006	0.0738795	6.75087	
0.999941	0.000134416	0.0108893	0.000134701	0.999695	-0.0247094	-0.0108893	0.0247094	0.999635	-0.0412775	0.0935652	7.59454	
0.999927	0.000166191	0.0121065	0.000166583	0.999622	-0.0274811	-0.0121065	0.0274811	0.999549	-0.0509811	0.115588	8.43813	
0.999911	0.000201384	0.0133249	0.000201908	0.999542	-0.0302578	-0.0133249	0.0302578	0.999453	-0.0617123	0.139952	9.28165	
0.999894	0.000240009	0.0145446	0.000240691	0.999454	-0.0330393	-0.0145446	0.0330393	0.999348	-0.0734724	0.166662	10.1251	
0.999876	0.000282077	0.0157655	0.000282946	0.999358	-0.0358255	-0.0157655	0.0358255	0.999234	-0.0862624	0.19572	10.9684	
0.999856	0.000327601	0.0169875	0.000328689	0.999254	-0.0386164	-0.0169875	0.0386164	0.99911	-0.100083	0.227133	11.8117	
0.999834	0.000376592	0.0182107	0.000377934	0.999142	-0.0414119	-0.0182107	0.0414119	0.998976	-0.114936	0.260902	12.6548	
0.999811	0.000429062	0.019435	0.000430694	0.999022	-0.0442118	-0.0194349	0.0442118	0.998833	-0.130821	0.297033	13.4978	
0.999786	0.000485022	0.0206603	0.000486984	0.998894	-0.0470161	-0.0206602	0.0470161	0.99868	-0.14774	0.335528	14.3407	
0.99976	0.000544482	0.0218865	0.000546816	0.998758	-0.0498247	-0.0218865	0.0498247	0.998518	-0.165693	0.376392	15.1835	
0.999733	0.000607453	0.0231138	0.000610203	0.998613	-0.0526375	-0.0231137	0.0526375	0.998346	-0.184682	0.419628	16.0261	
0.999703	0.000673945	0.0243419	0.000677159	0.998461	-0.0554544	-0.0243418	0.0554544	0.998164	-0.204707	0.46524	16.8685	
0.999673	0.000743968	0.0255709	0.000747695	0.9983	-0.0582753	-0.0255708	0.0582754	0.997973	-0.225769	0.513231	17.7109	
0.99964	0.00081753	0.0268007	0.000821823	0.998131	-0.0611002	-0.0268006	0.0611002	0.997772	-0.247868	0.563603	18.553	
0.999607	0.000894641	0.0280314	0.000899555	0.997954	-0.0639288	-0.0280312	0.0639289	0.997561	-0.271005	0.616362	19.395	
0.999571	0.00097531	0.0292627	0.000980903	0.997768	-0.0667613	-0.0292625	0.0667614	0.99734	-0.295181	0.671509	20.2368	
0.999534	0.00105954	0.0304948	0.00106588	0.997575	-0.0695973	-0.0304945	0.0695974	0.997109	-0.320397	0.729049	21.0784	
0.999496	0.00114735	0.0317275	0.00115449	0.997372	-0.072437	-0.0317272	0.0724371	0.996868	-0.346653	0.788983	21.9198	
0.999456	0.00123874	0.0329608	0.00124674	0.997162	-0.0752801	-0.0329605	0.0752802	0.996618	-0.373949	0.851315	22.7609	
0.999414	0.00133372	0.0341947	0.00134266	0.996943	-0.0781266	-0.0341944	0.0781267	0.996357	-0.402286	0.916048	23.6019	
0.999371	0.00143229	0.0354291	0.00144224	0.996715	-0.0809763	-0.0354287	0.0809765	0.996086	-0.431665	0.983185	24.4427	
0.999326	0.00153447	0.0366641	0.0015455	0.996479	-0.0838293	-0.0366636	0.0838295	0.995805	-0.462086	1.05273	25.2832	
0.99928	0.00164025	0.0378995	0.00165244	0.996234	-0.0866853	-0.0378989	0.0866856	0.995515	-0.493549	1.12468	26.1235	
0.999232	0.00174965	0.0391352	0.00176307	0.995981	-0.0895444	-0.0391346	0.0895447	0.995214	-0.526055	1.19904	26.9635	
0.999183	0.00186267	0.0403714	0.00187741	0.99572	-0.0924064	-0.0403707	0.0924067	0.994903	-0.559604	1.27582	27.8033	
0.999132	0.00197931	0.0416079	0.00199546	0.995449	-0.0952712	-0.0416071	0.0952716	0.994581	-0.594196	1.35502	28.6428	
0.99908	0.00209959	0.0428446	0.00211722	0.99517	-0.0981388	-0.0428438	0.0981391	0.99425	-0.629832	1.43663	29.482	
0.999025	0.0022235	0.0440816	0.00224271	0.994883	-0.101009	-0.0440807	0.101009	0.993908	-0.666511	1.52067	30.3209	
0.99897	0.00235104	0.0453188	0.00237193	0.994587	-0.103882	-0.0453178	0.103882	0.993557	-0.704235	1.60712	31.1596	
0.998913	0.00248223	0.0465562	0.00250488	0.994282	-0.106757	-0.046555	0.106757	0.993195	-0.743002	1.69601	31.9979	
0.998854	0.00261707	0.0477937	0.00264159	0.993968	-0.109635	-0.0477924	0.109635	0.992822	-0.782814	1.78732	32.836	
0.998793	0.00275555	0.0490313	0.00278204	0.993646	-0.112514	-0.0490298	0.112515	0.99244	-0.82367	1.88106	33.6737	
0.998732	0.00289769	0.0502689	0.00292625	0.993315	-0.115396	-0.0502672	0.115397	0.992047	-0.865571	1.97723	34.5111	
0.998668	0.00304348	0.0515065	0.00307422	0.992975	-0.118281	-0.0515047	0.118281	0.991643	-0.908515	2.07584	35.3482	
0.998603	0.00319292	0.0527441	0.00322595	0.992627	-0.121167	-0.0527421	0.121168	0.99123	-0.952504	2.17688	36.1849	
0.998536	0.00334603	0.0539816	0.00338146	0.99227	-0.124055	-0.0539794	0.124056	0.990806	-0.997538	2.28035	37.0212	
0.998468	0.0035028	0.0552189	0.00354073	0.991903	-0.126945	-0.0552165	0.126946	0.990372	-1.04361	2.38627	37.8572	
0.998398	0.00366322	0.0564561	0.00370379	0.991529	-0.129836	-0.0564535	0.129837	0.989927	-1.09074	2.49462	38.6929	
0.998327	0.00382731	0.0576932	0.00387063	0.991145	-0.132729	-0.0576903	0.132731	0.989472	-1.1389	2.60542	39.5281	
0.998254	0.00399506	0.0589299	0.00404126	0.990752	-0.135624	-0.0589268	0.135626	0.989006	-1.18811	2.71866	40.363	
0.99818	0.00416648	0.0601664	0.00421567	0.990351	-0.13852	-0.060163	0.138522	0.98853	-1.23836	2.83434	41.1974	
0.998104	0.00434156	0.0614026	0.00439388	0.98994	-0.141418	-0.0613988	0.14142	0.988044	-1.28966	2.95247	42.0315	
0.998026	0.0045203	0.0626384	0.00457588	0.989521	-0.144317	-0.0626343	0.144319	0.987547	-1.342	3.07304	42.8651	
0.997947	0.0047027	0.0638738	0.00476167	0.989093	-0.147217	-0.0638694	0.147219	0.98704	-1.39538	3.19606	43.6983	
0.997866	0.00488876	0.0651087	0.00495126	0.988656	-0.150118	-0.065104	0.15012	0.986522	-1.4498	3.32153	44.5311	
0.997784	0.00507848	0.0663432	0.00514465	0.98821	-0.15302	-0.0663381	0.153022	0.985994	-1.50526	3.44944	45.3635	
0.9977	0.00527185	0.0675772	0.00534184	0.987755	-0.155923	-0.0675717	0.155926	0.985455	-1.56177	3.57981	46.1953	
0.997615	0.00546888	0.0688106	0.00554282	0.987291	-0.158827	-0.0688047	0.15883	0.984906	-1.61932	3.71263	47.0268	
0.997528	0.00566956	0.0700434	0.00574761	0.986818	-0.161732	-0.070037	0.161734	0.984346	-1.6779	3.8479	47.8577	
0.997648	0.00538517	0.0683327	0.00600897	0.9862	-0.165451	-0.0682807	0.165472	0.983848	-1.73627	3.98597	48.6883	
0.997765	0.00509462	0.0666249	0.00626431	0.985566	-0.169177	-0.0665252	0.169216	0.983331	-1.79315	4.1272	49.5184	
0.997879	0.0047979	0.0649201	0.00651358	0.984916	-0.17291	-0.0647704	0.172966	0.982796	-1.84856	4.27159	50.348	
0.99799	0.00449502	0.0632181	0.00675673	0.984251	-0.176649	-0.0630165	0.176721	0.982242	-1.90248	4.41914	51.1772	
0.998097	0.00418598	0.0615189	0.0069937	0.98357	-0.180393	-0.0612633	0.18048	0.981669	-1.95492	4.56987	52.0059	
0.998202	0.00387077	0.0598227	0.00722446	0.982873	-0.184143	-0.0595108	0.184244	0.981077	-2.00589	4.72378	52.8341	
0.998303	0.0035494	0.0581292	0.00744896	0.98216	-0.187899	-0.0577592	0.188013	0.980467	-2.05537	4.88086	53.6618	
0.998401	0.00322186	0.0564387	0.00766716	0.981432	-0.191658	-0.0560082	0.191785	0.979838	-2.10338	5.04112	54.489	
0.998496	0.00288816	0.0547509	0.00787902	0.980688	-0.195422	-0.054258	0.19556	0.97919	-2.14991	5.20457	55.3157	
0.998588	0.00254828	0.053066	0.00808449	0.979928	-0.19919	-0.0525084	0.199338	0.978523	-2.19496	5.3712	56.1418	
0.998677	0.00220224	0.0513838	0.00828354	0.979152	-0.202961	-0.0507595	0.203118	0.977838	-2.23853	5.54103	56.9673	
0.998762	0.00185002	0.0497045	0.00847615	0.97836	-0.206735	-0.0490113	0.2069	0.977134	-2.28063	5.71404	57.7922	
0.998845	0.00149163	0.0480279	0.00866226	0.977553	-0.210511	-0.0472638	0.210684	0.976411	-2.32126	5.89025	58.6166	
0.998924	0.00112707	0.046354	0.00884185	0.97673	-0.21429	-0.0455168	0.214469	0.97567	-2.36041	6.06965	59.4403	
0.999001	0.000756336	0.0446828	0.0090149	0.975891	-0.21807	-0.0437705	0.218255	0.97491	-2.39809	6.25225	60.2634	
0.999074	0.000379424	0.0430144	0.00918137	0.975037	-0.221852	-0.0420248	0.222042	0.974131	-2.43429	6.43804	61.0858	
0.999145	-3.66498e-06	0.0413486	0.00934123	0.974167	-0.225635	-0.0402796	0.225828	0.973334	-2.46902	6.62703	61.9076	
0.999212	-0.000392933	0.0396855	0.00949446	0.973282	-0.229418	-0.038535	0.229614	0.972519	-2.50228	6.81921	62.7287	
0.999276	-0.000788383	0.0380249	0.00964103	0.972381	-0.233201	-0.0367909	0.233399	0.971685	-2.53406	7.01459	63.5491	
0.999338	-0.00119001	0.036367	0.00978093	0.971464	-0.236984	-0.0350473	0.237183	0.970833	-2.56438	7.21316	64.3688	
0.999396	-0.00159783	0.0347117	0.00991414	0.970533	-0.240766	-0.0333042	0.240965	0.969962	-2.59322	7.41493	65.1877	
0.999451	-0.00201183	0.033059	0.0100406	0.969585	-0.244547	-0.0315615	0.244745	0.969074	-2.62059	7.61988	66.0059	
0.999504	-0.00243202	0.0314087	0.0101604	0.968623	-0.248327	-0.0298193	0.248523	0.968167	-2.64649	7.82802	66.8234	
0.999553	-0.0028584	0.029761	0.0102734	0.967645	-0.252105	-0.0280775	0.252298	0.967242	-2.67092	8.03936	67.6401	
0.999599	-0.00329098	0.0281157	0.0103796	0.966653	-0.25588	-0.026336	0.256069	0.9663	-2.69388	8.25387	68.456	
0.999643	-0.00372974	0.0264729	0.0104791	0.965645	-0.259653	-0.024595	0.259838	0.965339	-2.71537	8.47157	69.2711	
0.999683	-0.00417471	0.0248325	0.0105718	0.964623	-0.263423	-0.0228543	0.263602	0.964361	-2.7354	8.69245	70.0854	
0.99972	-0.00462587	0.0231945	0.0106577	0.963585	-0.267189	-0.0211139	0.267362	0.963365	-2.75395	8.9165	70.8988	
0.999942	-0.0100729	0.00379499	0.0107265	0.961896	-0.273207	-0.000898405	0.273231	0.961948	-2.76324	9.14462	71.7113	
0.999756	-0.015637	-0.0155717	0.010669	0.96017	-0.279214	0.0193175	0.27898	0.960103	-2.75546	9.37764	72.5223	
0.999164	-0.0213157	-0.0348968	0.010485	0.958408	-0.285208	0.0395248	0.284604	0.95783	-2.73063	9.61547	73.3317	
0.998164	-0.0271064	-0.0541719	0.0101749	0.956612	-0.291187	0.0597145	0.290101	0.955131	-2.68876	9.85798	74.1389	
0.996757	-0.0330067	-0.0733883	0.00973859	0.954782	-0.297147	0.0798776	0.295469	0.952007	-2.62985	10.1051	74.9437	
0.994945	-0.0390137	-0.0925374	0.00917638	0.952919	-0.303087	0.100005	0.300706	0.948459	-2.55394	10.3567	75.7457	
0.992727	-0.045125	-0.111611	0.0084885	0.951023	-0.309004	0.120088	0.305809	0.944489	-2.46107	10.6126	76.5445	
0.990105	-0.0513377	-0.1306	0.00767525	0.949096	-0.314894	0.140118	0.310775	0.940099	-2.35126	10.8728	77.3397	
0.98708	-0.0576491	-0.149497	0.00673698	0.947138	-0.320755	0.160085	0.315604	0.93529	-2.22458	11.1371	78.1311	
0.983654	-0.0640564	-0.168292	0.00567413	0.945151	-0.326585	0.179981	0.320292	0.930065	-2.08108	11.4055	78.9183	
0.979827	-0.0705568	-0.186978	0.00448717	0.943134	-0.332381	0.199797	0.324837	0.924425	-1.92082	11.6777	79.7008	
0.975602	-0.0771473	-0.205546	0.00317661	0.94109	-0.338141	0.219524	0.329238	0.918375	-1.74387	11.9537	80.4785	
0.97098	-0.083825	-0.223988	0.00174305	0.939019	-0.343861	0.239153	0.333492	0.911915	-1.55032	12.2334	81.2508	
0.965964	-0.0905869	-0.242296	0.000187125	0.936921	-0.34954	0.258676	0.337598	0.90505	-1.34024	12.5166	82.0176	
