1	0	0	0	1	0	0	0	1	0	0	0	
0.999999	3.055e-06	-0.00123703	3.055e-06	0.999988	0.00493922	0.00123703	-0.00493922	0.999987	0.00059415	-0.00237233	0.960602	
0.999997	1.22161e-05	-0.00247335	1.22218e-05	0.999951	0.0098802	0.00247335	-0.0098802	0.999948	0.00237626	-0.00949015	1.92118	
0.999993	2.74786e-05	-0.00370893	2.75013e-05	0.99989	0.0148228	0.00370893	-0.0148228	0.999883	0.00534564	-0.0213551	2.88171	
0.999988	4.88375e-05	-0.00494372	4.88942e-05	0.999805	0.0197668	0.00494372	-0.0197668	0.999792	0.00950154	-0.0379686	3.84216	
0.999981	7.62874e-05	-0.00617768	7.64009e-05	0.999695	0.0247121	0.00617768	-0.0247121	0.999676	0.0148432	-0.059332	4.80251	
0.999973	0.000109823	-0.00741077	0.000110021	0.99956	0.0296585	0.00741077	-0.0296585	0.999533	0.0213698	-0.0854465	5.76274	
0.999963	0.000149437	-0.00864296	0.000149755	0.999401	0.0346059	0.00864295	-0.0346059	0.999364	0.0290804	-0.116313	6.72282	
0.999951	0.000195125	-0.00987419	0.000195602	0.999217	0.0395541	0.00987418	-0.0395541	0.999169	0.0379743	-0.151932	7.68272	
0.999938	0.000246879	-0.0111044	0.000247561	0.999009	0.0445029	0.0111044	-0.0445029	0.998948	0.0480504	-0.192305	8.64242	
0.999924	0.000304693	-0.0123336	0.00030563	0.998776	0.0494522	0.0123336	-0.0494522	0.9987	0.0593078	-0.237432	9.6019	
0.999908	0.000368558	-0.0135618	0.000369808	0.998519	0.0544019	0.0135618	-0.0544019	0.998427	0.0717454	-0.287314	10.5611	
0.999891	0.000438468	-0.0147888	0.000440093	0.998237	0.0593516	0.0147888	-0.0593516	0.998128	0.0853623	-0.34195	11.5201	
0.999872	0.000514415	-0.0160147	0.000516483	0.99793	0.0643014	0.0160146	-0.0643014	0.997802	0.100157	-0.401341	12.4787	
0.999851	0.00059639	-0.0172394	0.000598976	0.997599	0.069251	0.0172393	-0.069251	0.99745	0.116129	-0.465487	13.4371	
0.999829	0.000684384	-0.0184629	0.000687568	0.997243	0.0742002	0.0184627	-0.0742003	0.997072	0.133277	-0.534387	14.395	
0.999806	0.00077839	-0.019685	0.000782256	0.996862	0.079149	0.0196849	-0.079149	0.996668	0.1516	-0.608041	15.3526	
0.999781	0.000878397	-0.0209059	0.000883037	0.996457	0.0840971	0.0209057	-0.0840972	0.996238	0.171095	-0.686449	16.3098	
0.999755	0.000984396	-0.0221255	0.000989907	0.996027	0.0890444	0.0221252	-0.0890445	0.995782	0.191763	-0.76961	17.2666	
0.999727	0.00109638	-0.0233436	0.00110286	0.995572	0.0939907	0.0233433	-0.0939908	0.995299	0.213602	-0.857522	18.2229	
0.999698	0.00121433	-0.0245603	0.0012219	0.995093	0.0989359	0.02456	-0.098936	0.994791	0.23661	-0.950186	19.1788	
0.999667	0.00133825	-0.0257756	0.00134701	0.994589	0.10388	0.0257752	-0.10388	0.994256	0.260786	-1.0476	20.1341	
0.999635	0.00146811	-0.0269894	0.00147819	0.99406	0.108822	0.0269888	-0.108822	0.993695	0.286129	-1.14976	21.089	
0.999601	0.00160392	-0.0282016	0.00161544	0.993507	0.113763	0.0282009	-0.113763	0.993108	0.312637	-1.25667	22.0432	
0.999566	0.00174566	-0.0294122	0.00175874	0.992928	0.118702	0.0294114	-0.118702	0.992494	0.340308	-1.36832	22.9969	
0.999529	0.00189331	-0.0306212	0.00190811	0.992325	0.123639	0.0306203	-0.12364	0.991855	0.369142	-1.48472	23.95	
0.999491	0.00204687	-0.0318286	0.00206351	0.991698	0.128574	0.0318275	-0.128575	0.991189	0.399136	-1.60586	24.9025	
0.999452	0.00220632	-0.0330343	0.00222496	0.991045	0.133507	0.033033	-0.133507	0.990497	0.430289	-1.73174	25.8543	
0.999411	0.00237165	-0.0342382	0.00239245	0.990368	0.138437	0.0342368	-0.138438	0.989779	0.462599	-1.86236	26.8054	
0.999369	0.00254285	-0.0354404	0.00256596	0.989667	0.143365	0.0354387	-0.143366	0.989035	0.496064	-1.99771	27.7559	
0.999325	0.00271991	-0.0366407	0.00274549	0.98894	0.14829	0.0366388	-0.148291	0.988265	0.530683	-2.13779	28.7056	
0.99928	0.00290281	-0.0378392	0.00293103	0.988189	0.153212	0.0378371	-0.153213	0.987469	0.566454	-2.28261	29.6545	
0.999233	0.00309153	-0.0390359	0.00312257	0.987413	0.158131	0.0390334	-0.158132	0.986646	0.603375	-2.43215	30.6027	
0.999185	0.00328607	-0.0402306	0.00332012	0.986613	0.163047	0.0402278	-0.163048	0.985798	0.641445	-2.58641	31.5501	
0.999136	0.00348641	-0.0414233	0.00352364	0.985788	0.16796	0.0414202	-0.167961	0.984923	0.680661	-2.74539	32.4966	
0.999085	0.00369253	-0.0426141	0.00373315	0.984938	0.172869	0.0426105	-0.17287	0.984023	0.721021	-2.9091	33.4423	
0.999033	0.00390443	-0.0438028	0.00394862	0.984063	0.177774	0.0437989	-0.177775	0.983096	0.762524	-3.07751	34.3871	
0.998979	0.00412208	-0.0449895	0.00417006	0.983164	0.182676	0.0449851	-0.182677	0.982143	0.805167	-3.25064	35.331	
0.998924	0.00434547	-0.0461741	0.00439744	0.982241	0.187573	0.0461691	-0.187574	0.981165	0.848949	-3.42847	36.274	
0.998868	0.00457459	-0.0473565	0.00463076	0.981293	0.192466	0.047351	-0.192468	0.98016	0.893867	-3.61101	37.216	
0.99881	0.00480941	-0.0485367	0.00487001	0.98032	0.197355	0.0485307	-0.197357	0.97913	0.939919	-3.79824	38.1571	
0.998751	0.00504993	-0.0497148	0.00511518	0.979323	0.20224	0.0497081	-0.202241	0.978073	0.987104	-3.99017	39.0972	
0.99869	0.00529613	-0.0508906	0.00536626	0.978301	0.20712	0.0508832	-0.207121	0.976991	1.03542	-4.18679	40.0362	
0.998628	0.00554798	-0.0520641	0.00562323	0.977255	0.211995	0.052056	-0.211997	0.975883	1.08486	-4.38809	40.9742	
0.998565	0.00580548	-0.0532353	0.00588609	0.976184	0.216865	0.0532264	-0.216867	0.974749	1.13543	-4.59408	41.911	
0.998501	0.0060686	-0.0544041	0.00615482	0.975089	0.22173	0.0543944	-0.221732	0.973589	1.18712	-4.80474	42.8468	
0.998435	0.00633733	-0.0555706	0.00642941	0.973969	0.22659	0.05556	-0.226592	0.972404	1.23993	-5.02007	43.7815	
0.998367	0.00661166	-0.0567346	0.00670985	0.972825	0.231444	0.0567231	-0.231447	0.971192	1.29386	-5.24007	44.715	
0.998299	0.00689155	-0.0578962	0.00699613	0.971657	0.236293	0.0578836	-0.236296	0.969956	1.34891	-5.46473	45.6474	
0.998229	0.007177	-0.0590553	0.00728822	0.970464	0.241136	0.0590416	-0.241139	0.968693	1.40507	-5.69404	46.5785	
0.998158	0.00746799	-0.0602118	0.00758613	0.969247	0.245973	0.0601971	-0.245977	0.967405	1.46234	-5.92801	47.5084	
0.998085	0.00776449	-0.0613658	0.00788983	0.968006	0.250804	0.0613498	-0.250808	0.966091	1.52072	-6.16661	48.4371	
0.998011	0.0080665	-0.0625172	0.00819932	0.96674	0.255629	0.0625	-0.255633	0.964751	1.5802	-6.40986	49.3645	
0.997936	0.00837398	-0.063666	0.00851457	0.96545	0.260448	0.0636474	-0.260452	0.963387	1.64079	-6.65774	50.2906	
0.99786	0.00868692	-0.0648121	0.00883558	0.964137	0.26526	0.064792	-0.265265	0.961996	1.70248	-6.91024	51.2153	
0.997782	0.0090053	-0.0659556	0.00916232	0.962798	0.270065	0.0659339	-0.27007	0.96058	1.76527	-7.16737	52.1388	
0.997703	0.00932911	-0.0670963	0.00949479	0.961436	0.274864	0.067073	-0.274869	0.959139	1.82915	-7.4291	53.0608	
0.997623	0.00965831	-0.0682342	0.00983297	0.96005	0.279655	0.0682092	-0.279661	0.957673	1.89413	-7.69545	53.9815	
0.997541	0.00999289	-0.0693693	0.0101768	0.95864	0.28444	0.0693426	-0.284446	0.956181	1.9602	-7.96639	54.9007	
0.997458	0.0103328	-0.0705016	0.0105264	0.957206	0.289217	0.070473	-0.289224	0.954664	2.02735	-8.24193	55.8185	
0.997374	0.0106781	-0.0716311	0.0108816	0.955747	0.293987	0.0716005	-0.293995	0.953121	2.09559	-8.52205	56.7348	
0.997289	0.0110287	-0.0727577	0.0112425	0.954265	0.298749	0.0727249	-0.298757	0.951554	2.16491	-8.80675	57.6496	
0.997202	0.0113846	-0.0738813	0.011609	0.952759	0.303504	0.0738464	-0.303512	0.949962	2.23531	-9.09602	58.5629	
0.997312	0.010926	-0.0724525	0.0118068	0.951934	0.306075	0.0723142	-0.306108	0.949246	2.30551	-9.38882	59.4751	
0.99742	0.0104625	-0.0710218	0.0120007	0.951101	0.308646	0.0707781	-0.308702	0.948522	2.37424	-9.68412	60.3866	
0.997526	0.00999418	-0.0695895	0.0121906	0.95026	0.311218	0.0692385	-0.311296	0.947787	2.44149	-9.98191	61.2974	
0.997629	0.00952118	-0.0681559	0.0123764	0.949412	0.31379	0.0676957	-0.313889	0.947043	2.50726	-10.2822	62.2075	
0.997731	0.00904355	-0.0667213	0.0125582	0.948556	0.316361	0.0661499	-0.316481	0.946289	2.57154	-10.585	63.1169	
0.99783	0.00856137	-0.0652861	0.0127359	0.947692	0.318932	0.0646016	-0.319072	0.945526	2.63434	-10.8902	64.0256	
0.997927	0.00807474	-0.0638504	0.0129095	0.946821	0.321502	0.0630509	-0.32166	0.944754	2.69566	-11.198	64.9335	
0.998021	0.00758375	-0.0624146	0.0130789	0.945942	0.324071	0.0614983	-0.324246	0.943972	2.75548	-11.5082	65.8406	
0.998114	0.00708848	-0.0609791	0.0132441	0.945057	0.326638	0.0599441	-0.32683	0.94318	2.81381	-11.8209	66.747	
0.998204	0.00658903	-0.0595441	0.0134051	0.944164	0.329204	0.0583885	-0.329411	0.94238	2.87064	-12.1361	67.6527	
0.998292	0.00608551	-0.0581098	0.0135619	0.943264	0.331767	0.0568319	-0.331989	0.94157	2.92598	-12.4538	68.5575	
0.998377	0.00557802	-0.0566767	0.0137144	0.942357	0.334328	0.0552746	-0.334563	0.940751	2.97983	-12.7739	69.4616	
0.999225	-0.000425145	-0.0393654	0.012998	0.94743	0.319699	0.03716	-0.319963	0.946701	3.02423	-13.0883	70.3682	
0.99974	-0.0061588	-0.02195	0.0125625	0.952275	0.304982	0.0190241	-0.305178	0.952105	3.05121	-13.3886	71.2803	
0.999923	-0.0116196	-0.00444044	0.0124082	0.95689	0.290185	0.000877165	-0.290218	0.95696	3.06077	-13.6746	72.1972	
0.999772	-0.0168045	0.0131531	0.0125353	0.961272	0.275318	-0.0172703	-0.27509	0.961263	3.0529	-13.9461	73.1186	
0.999289	-0.0217104	0.0308205	0.0129436	0.965417	0.260387	-0.0354077	-0.259803	0.965012	3.0276	-14.203	74.0438	
0.998473	-0.0263346	0.0485515	0.0136329	0.969325	0.245404	-0.0535248	-0.244367	0.968204	2.98488	-14.4452	74.9724	
0.997326	-0.0306743	0.066336	0.0146028	0.972992	0.230374	-0.071611	-0.22879	0.970838	2.92477	-14.6725	75.9038	
0.995847	-0.034727	0.0841636	0.0158527	0.976417	0.215309	-0.0896558	-0.21308	0.972912	2.84731	-14.8847	76.8374	
0.994037	-0.0384905	0.102024	0.017382	0.979598	0.200216	-0.107649	-0.197248	0.974425	2.75254	-15.0818	77.7728	
0.991898	-0.0419624	0.119907	0.0191897	0.982532	0.185103	-0.12558	-0.181302	0.975376	2.64052	-15.2636	78.7093	
0.98943	-0.045141	0.137803	0.0212748	0.985218	0.16998	-0.143439	-0.165252	0.975765	2.5113	-15.4301	79.6465	
0.986636	-0.0480242	0.1557	0.0236361	0.987654	0.154856	-0.161215	-0.149106	0.975591	2.36497	-15.5811	80.5838	
0.983517	-0.0506104	0.173589	0.0262722	0.98984	0.139738	-0.178898	-0.132875	0.974854	2.2016	-15.7165	81.5206	
0.980074	-0.0528983	0.19146	0.0291816	0.991773	0.124637	-0.196478	-0.116566	0.973555	2.0213	-15.8363	82.4565	
0.97631	-0.0548863	0.209301	0.0323627	0.993453	0.10956	-0.213944	-0.100191	0.971694	1.82416	-15.9404	83.3909	
0.972226	-0.0565734	0.227103	0.0358136	0.994879	0.0945157	-0.231287	-0.0837572	0.969273	1.61031	-16.0288	84.3232	
0.967826	-0.0579587	0.244856	0.0395323	0.99605	0.0795136	-0.248497	-0.0672756	0.966294	1.37985	-16.1013	85.2529	
0.963111	-0.0590412	0.262548	0.0435166	0.996964	0.064562	-0.265563	-0.0507551	0.962756	1.13294	-16.158	86.1794	
0.958084	-0.0598205	0.280171	0.0477644	0.997623	0.0496695	-0.282477	-0.0342054	0.958664	0.869699	-16.1988	87.1024	
0.952749	-0.0602959	0.297714	0.052273	0.998025	0.0348448	-0.299227	-0.0176359	0.954019	0.590292	-16.2237	88.0211	
0.947108	-0.0604674	0.315166	0.05704	0.99817	0.0200963	-0.315805	-0.00105628	0.948824	0.294876	-16.2327	88.935	
0.941165	-0.0603347	0.332519	0.0620625	0.998057	0.0054326	-0.3322	0.015524	0.943081	-0.0163779	-16.2258	89.8438	
0.934922	-0.0598979	0.34976	0.0673377	0.997688	-0.00913786	-0.348405	0.0320952	0.936795	-0.34329	-16.2029	90.7467	
0.928385	-0.0591574	0.366882	0.0728625	0.997063	-0.0236067	-0.364408	0.048648	0.929968	-0.685673	-16.1641	91.6434	
0.921555	-0.0581134	0.383873	0.0786338	0.99618	-0.0379655	-0.380201	0.0651728	0.922605	-1.04333	-16.1094	92.5332	
