1	0	0	0	1	0	0	0	1	0	0	0	
0.999995	2.83092e-06	-0.00308206	2.83092e-06	0.999998	0.00183702	0.00308206	-0.00183702	0.999994	0.0011262	-0.000671256	0.730807	
0.999981	1.13318e-05	-0.00616742	1.13236e-05	0.999993	0.00367335	0.00616742	-0.00367335	0.999974	0.004506	-0.00268477	1.4616	
0.999957	2.55126e-05	-0.00925602	2.54798e-05	0.999985	0.00550895	0.00925602	-0.00550895	0.999942	0.0101418	-0.00604003	2.19238	
0.999924	4.53831e-05	-0.0123478	4.5301e-05	0.999973	0.00734377	0.0123478	-0.00734377	0.999897	0.0180359	-0.0107365	2.92313	
0.999881	7.09526e-05	-0.0154427	7.07883e-05	0.999958	0.00917778	0.0154427	-0.00917778	0.999839	0.0281907	-0.0167735	3.65384	
0.999828	0.00010223	-0.0185406	0.000101943	0.999939	0.0110109	0.0185406	-0.0110109	0.999767	0.0406083	-0.0241506	4.38451	
0.999766	0.000139225	-0.0216415	0.000138764	0.999918	0.0128432	0.0216415	-0.0128432	0.999683	0.0552911	-0.0328669	5.11512	
0.999694	0.000181945	-0.0247453	0.000181254	0.999892	0.0146745	0.0247453	-0.0146745	0.999586	0.072241	-0.042922	5.84566	
0.999612	0.0002304	-0.027852	0.000229412	0.999864	0.0165048	0.027852	-0.0165048	0.999476	0.0914603	-0.054315	6.57613	
0.999521	0.000284596	-0.0309614	0.000283237	0.999832	0.0183341	0.0309614	-0.0183341	0.999352	0.112951	-0.0670453	7.30651	
0.999419	0.000344543	-0.0340736	0.000342729	0.999797	0.0201623	0.0340736	-0.0201623	0.999216	0.136715	-0.081112	8.03679	
0.999308	0.000410247	-0.0371884	0.000407887	0.999758	0.0219894	0.0371884	-0.0219894	0.999066	0.162755	-0.0965144	8.76697	
0.999187	0.000481715	-0.0403058	0.00047871	0.999716	0.0238154	0.0403058	-0.0238153	0.998904	0.191071	-0.113252	9.49704	
0.999057	0.000558955	-0.0434257	0.000555197	0.999671	0.0256402	0.0434258	-0.0256401	0.998728	0.221667	-0.131323	10.227	
0.998916	0.000641974	-0.0465481	0.000637346	0.999623	0.0274638	0.0465482	-0.0274636	0.998538	0.254544	-0.150727	10.9568	
0.998765	0.000730777	-0.0496729	0.000725154	0.999571	0.029286	0.049673	-0.0292859	0.998336	0.289704	-0.171464	11.6865	
0.998605	0.000825372	-0.0528	0.00081862	0.999516	0.031107	0.0528001	-0.0311068	0.99812	0.327148	-0.193532	12.416	
0.998434	0.000925764	-0.0559293	0.000917742	0.999457	0.0329266	0.0559295	-0.0329264	0.997892	0.366878	-0.21693	13.1453	
0.998254	0.00103196	-0.0590609	0.00102252	0.999396	0.0347449	0.0590611	-0.0347446	0.99765	0.408896	-0.241657	13.8745	
0.998063	0.00114396	-0.0621946	0.00113294	0.999331	0.0365617	0.0621948	-0.0365614	0.997394	0.453204	-0.267712	14.6035	
0.997863	0.00126178	-0.0653303	0.00124901	0.999263	0.038377	0.0653306	-0.0383766	0.997125	0.499802	-0.295095	15.3323	
0.997652	0.00138541	-0.0684681	0.00137072	0.999191	0.0401909	0.0684683	-0.0401904	0.996843	0.548693	-0.323804	16.0609	
0.997432	0.00151487	-0.0716077	0.00149807	0.999116	0.0420032	0.0716081	-0.0420025	0.996548	0.599877	-0.353838	16.7893	
0.997201	0.00165015	-0.0747493	0.00163105	0.999038	0.0438138	0.0747497	-0.0438131	0.996239	0.653357	-0.385195	17.5175	
0.99696	0.00179127	-0.0778926	0.00176967	0.998957	0.0456229	0.0778931	-0.0456221	0.995917	0.709133	-0.417875	18.2454	
0.996709	0.00193822	-0.0810376	0.00191391	0.998873	0.0474303	0.0810382	-0.0474293	0.995582	0.767207	-0.451876	18.9731	
0.996448	0.00209101	-0.0841844	0.00206377	0.998785	0.049236	0.084185	-0.0492349	0.995233	0.827581	-0.487198	19.7006	
0.996177	0.00224964	-0.0873327	0.00221924	0.998694	0.05104	0.0873335	-0.0510386	0.994871	0.890254	-0.523838	20.4278	
0.995895	0.00241412	-0.0904826	0.00238033	0.9986	0.0528421	0.0904835	-0.0528406	0.994495	0.95523	-0.561796	21.1547	
0.995603	0.00258444	-0.0936339	0.00254701	0.998503	0.0546425	0.0936349	-0.0546407	0.994106	1.02251	-0.60107	21.8813	
0.995301	0.00276062	-0.0967866	0.0027193	0.998402	0.056441	0.0967878	-0.056439	0.993704	1.09209	-0.641659	22.6077	
0.994989	0.00294265	-0.0999407	0.00289718	0.998299	0.0582376	0.099942	-0.0582353	0.993288	1.16397	-0.683562	23.3337	
0.994666	0.00313053	-0.103096	0.00308064	0.998192	0.0600322	0.103098	-0.0600296	0.992858	1.23817	-0.726776	24.0595	
0.994334	0.00332427	-0.106253	0.00326969	0.998082	0.0618249	0.106254	-0.061822	0.992415	1.31466	-0.771301	24.7849	
0.99399	0.00352387	-0.10941	0.0034643	0.997968	0.0636156	0.109412	-0.0636123	0.991959	1.39347	-0.817136	25.51	
0.993637	0.00372933	-0.112569	0.00366448	0.997852	0.0654042	0.112571	-0.0654005	0.991489	1.47458	-0.864278	26.2348	
0.993273	0.00394065	-0.115729	0.00387022	0.997733	0.0671907	0.115731	-0.0671866	0.991006	1.55801	-0.912726	26.9592	
0.992899	0.00415783	-0.118889	0.0040815	0.99761	0.0689752	0.118892	-0.0689706	0.990509	1.64374	-0.962478	27.6833	
0.992514	0.00438088	-0.122051	0.00429833	0.997484	0.0707574	0.122054	-0.0707523	0.989998	1.73178	-1.01353	28.4069	
0.992119	0.00460979	-0.125213	0.00452069	0.997355	0.0725375	0.125217	-0.0725319	0.989475	1.82213	-1.06589	29.1302	
0.991714	0.00484456	-0.128376	0.00474857	0.997223	0.0743153	0.12838	-0.0743091	0.988937	1.9148	-1.11955	29.8532	
0.991298	0.00508519	-0.13154	0.00498197	0.997088	0.0760908	0.131544	-0.076084	0.988386	2.00978	-1.1745	30.5757	
0.990871	0.00533168	-0.134705	0.00522088	0.99695	0.0778641	0.134709	-0.0778566	0.987822	2.10707	-1.23075	31.2978	
0.990435	0.00558404	-0.137869	0.00546529	0.996809	0.079635	0.137874	-0.0796267	0.987244	2.20667	-1.2883	32.0195	
0.989987	0.00584226	-0.141035	0.00571518	0.996665	0.0814035	0.14104	-0.0813945	0.986652	2.30859	-1.34713	32.7408	
0.98953	0.00610633	-0.144201	0.00597055	0.996518	0.0831696	0.144206	-0.0831597	0.986047	2.41282	-1.40726	33.4616	
0.989061	0.00637627	-0.147367	0.0062314	0.996367	0.0849333	0.147373	-0.0849225	0.985429	2.51936	-1.46868	34.182	
0.988583	0.00665206	-0.150533	0.0064977	0.996214	0.0866944	0.15054	-0.0866827	0.984796	2.62822	-1.53139	34.9019	
0.988093	0.0069337	-0.1537	0.00676945	0.996057	0.0884531	0.153707	-0.0884403	0.984151	2.73939	-1.59538	35.6214	
0.987593	0.0072212	-0.156866	0.00704664	0.995898	0.0902091	0.156874	-0.0901953	0.983491	2.85288	-1.66065	36.3404	
0.987083	0.00751455	-0.160033	0.00732925	0.995735	0.0919626	0.160042	-0.0919477	0.982819	2.96868	-1.72721	37.0589	
0.986214	0.00800584	-0.16528	0.00735009	0.995724	0.0920885	0.16531	-0.0920338	0.981938	3.08757	-1.79444	37.7768	
0.985316	0.00849833	-0.170529	0.00737263	0.995711	0.0922202	0.170582	-0.0921233	0.981028	3.21031	-1.86173	38.4941	
0.984388	0.00899202	-0.175782	0.00739692	0.995698	0.0923577	0.175856	-0.0922161	0.980087	3.3369	-1.92909	39.2107	
0.983431	0.00948692	-0.181036	0.00742299	0.995685	0.0925008	0.181132	-0.0923119	0.979117	3.46734	-1.99651	39.9266	
0.982444	0.00998302	-0.186293	0.00745089	0.995671	0.0926494	0.186411	-0.0924108	0.978116	3.60164	-2.06401	40.6418	
0.981427	0.0104803	-0.19155	0.00748066	0.995656	0.0928033	0.191691	-0.0925125	0.977085	3.7398	-2.13158	41.3562	
0.98038	0.0109788	-0.19681	0.00751232	0.995641	0.0929624	0.196972	-0.092617	0.976025	3.88182	-2.19923	42.0699	
0.979304	0.0114785	-0.20207	0.00754592	0.995626	0.0931266	0.202255	-0.092724	0.974933	4.0277	-2.26696	42.7828	
0.978198	0.0119794	-0.20733	0.00758148	0.99561	0.0932957	0.207537	-0.0928335	0.973812	4.17744	-2.33476	43.4948	
0.977062	0.0124815	-0.21259	0.00761903	0.995593	0.0934696	0.21282	-0.0929453	0.972661	4.33104	-2.40264	44.2061	
0.975896	0.0129847	-0.217851	0.0076586	0.995576	0.0936481	0.218103	-0.0930592	0.971479	4.4885	-2.47061	44.9165	
0.9747	0.0134892	-0.22311	0.00770021	0.995558	0.0938311	0.223385	-0.0931752	0.970267	4.64983	-2.53866	45.626	
0.973474	0.0139948	-0.228369	0.00774388	0.99554	0.0940185	0.228666	-0.093293	0.969024	4.81501	-2.6068	46.3346	
0.972218	0.0145016	-0.233626	0.00778964	0.995522	0.09421	0.233946	-0.0934126	0.967752	4.98405	-2.67502	47.0424	
0.970933	0.0150095	-0.238881	0.0078375	0.995503	0.0944057	0.239224	-0.0935338	0.966449	5.15695	-2.74333	47.7491	
0.969617	0.0155186	-0.244134	0.00788747	0.995484	0.0946052	0.2445	-0.0936564	0.965116	5.3337	-2.81173	48.4549	
0.968272	0.0160289	-0.249385	0.00793957	0.995464	0.0948085	0.249773	-0.0937804	0.963752	5.51431	-2.88022	49.1597	
0.966896	0.0165402	-0.254633	0.0079938	0.995444	0.0950154	0.255044	-0.0939056	0.962359	5.69877	-2.9488	49.8636	
0.965491	0.0170527	-0.259878	0.00805018	0.995423	0.0952258	0.260312	-0.0940317	0.960935	5.88709	-3.01748	50.5663	
0.964056	0.0175664	-0.265119	0.0081087	0.995402	0.0954396	0.265576	-0.0941588	0.959481	6.07925	-3.08624	51.2681	
0.962591	0.0180811	-0.270356	0.00816938	0.995381	0.0956565	0.270837	-0.0942866	0.957997	6.27526	-3.1551	51.9687	
0.961096	0.0185969	-0.275589	0.00823221	0.995359	0.0958764	0.276094	-0.0944151	0.956482	6.47511	-3.22405	52.6683	
0.959571	0.0191138	-0.280818	0.00829719	0.995337	0.0960992	0.281346	-0.094544	0.954938	6.6788	-3.2931	53.3667	
0.958016	0.0196317	-0.286042	0.00836431	0.995315	0.0963247	0.286593	-0.0946732	0.953363	6.88633	-3.36224	54.064	
0.956432	0.0201507	-0.29126	0.00843357	0.995292	0.0965528	0.291835	-0.0948026	0.951759	7.09769	-3.43148	54.7602	
0.954817	0.0206708	-0.296473	0.00850496	0.995269	0.0967834	0.297071	-0.094932	0.950125	7.31288	-3.50081	55.4551	
0.953174	0.0211919	-0.30168	0.00857847	0.995246	0.0970162	0.302302	-0.0950613	0.94846	7.53189	-3.57023	56.1489	
0.9515	0.0217139	-0.306881	0.00865408	0.995222	0.0972512	0.307527	-0.0951903	0.946766	7.75473	-3.63975	56.8414	
0.949797	0.022237	-0.312075	0.00873177	0.995198	0.0974882	0.312745	-0.095319	0.945042	7.98138	-3.70936	57.5327	
0.948065	0.022761	-0.317262	0.00881153	0.995174	0.097727	0.317956	-0.0954471	0.943289	8.21184	-3.77907	58.2227	
0.946303	0.023286	-0.322442	0.00889334	0.99515	0.0979675	0.32316	-0.0955745	0.941506	8.4461	-3.84887	58.9114	
0.944511	0.0238119	-0.327615	0.00897716	0.995125	0.0982095	0.328356	-0.095701	0.939693	8.68417	-3.91876	59.5988	
0.942691	0.0243388	-0.332779	0.00906298	0.9951	0.098453	0.333545	-0.0958267	0.937851	8.92603	-3.98875	60.2849	
0.940841	0.0248665	-0.337936	0.00915077	0.995075	0.0986976	0.338726	-0.0959511	0.93598	9.17168	-4.05883	60.9696	
0.938962	0.0253951	-0.343083	0.00924049	0.99505	0.0989434	0.343898	-0.0960743	0.934079	9.42112	-4.12899	61.6529	
0.937054	0.0259245	-0.348222	0.00933211	0.995025	0.0991902	0.349061	-0.0961962	0.932149	9.67433	-4.19925	62.3348	
0.935116	0.0264548	-0.353352	0.0094256	0.994999	0.0994377	0.354215	-0.0963164	0.930191	9.93131	-4.26959	63.0153	
0.93315	0.0269858	-0.358472	0.00952091	0.994973	0.099686	0.35936	-0.096435	0.928203	10.1921	-4.34003	63.6944	
0.931156	0.0275177	-0.363582	0.00961801	0.994948	0.0999347	0.364495	-0.0965517	0.926186	10.4566	-4.41054	64.372	
0.929132	0.0280502	-0.368682	0.00971684	0.994921	0.100184	0.36962	-0.0966664	0.924141	10.7248	-4.48115	65.0481	
0.92708	0.0285835	-0.373772	0.00981738	0.994895	0.100433	0.374735	-0.0967791	0.922067	10.9968	-4.55183	65.7227	
0.925	0.0291175	-0.378851	0.00991957	0.994869	0.100683	0.379839	-0.0968894	0.919965	11.2725	-4.6226	66.3958	
0.922891	0.0296522	-0.383919	0.0100234	0.994843	0.100932	0.384932	-0.0969974	0.917834	11.552	-4.69345	67.0674	
0.920754	0.0301875	-0.388975	0.0101287	0.994816	0.101181	0.390013	-0.0971028	0.915675	11.8351	-4.76437	67.7373	
0.918588	0.0307234	-0.39402	0.0102355	0.99479	0.10143	0.395083	-0.0972055	0.913488	12.122	-4.83537	68.4057	
0.916395	0.0312598	-0.399053	0.0103438	0.994764	0.101679	0.400142	-0.0973054	0.911273	12.4126	-4.90645	69.0725	
0.914174	0.0317968	-0.404073	0.0104534	0.994737	0.101926	0.405187	-0.0974024	0.90903	12.7069	-4.9776	69.7376	
0.907885	0.0332029	-0.417903	0.00631076	0.995663	0.0928167	0.419172	-0.0869041	0.903738	13.0081	-5.04495	70.4001	
