1	0	0	0	1	0	0	0	1	0	0	0	
0.999999	-1.3234e-06	-0.00122381	-1.3234e-06	0.999998	-0.00216275	0.00122381	0.00216275	0.999997	0.000488288	0.000862915	0.797979	
0.999997	-5.30898e-06	-0.00245122	-5.30853e-06	0.999991	-0.00433149	0.00245122	0.00433149	0.999988	0.00195459	0.00345405	1.59595	
0.999993	-1.19796e-05	-0.0036822	-1.19778e-05	0.999979	-0.00650617	0.0036822	0.00650617	0.999972	0.00440176	0.00777817	2.39392	
0.999988	-2.13577e-05	-0.0049167	-2.13532e-05	0.999962	-0.0086867	0.0049167	0.0086867	0.99995	0.00783264	0.01384	3.19187	
0.999981	-3.34659e-05	-0.00615469	-3.34568e-05	0.999941	-0.010873	0.00615469	0.010873	0.999922	0.01225	0.0216441	3.9898	
0.999973	-4.83261e-05	-0.00739612	-4.83101e-05	0.999915	-0.0130651	0.00739612	0.0130651	0.999887	0.0176566	0.0311952	4.7877	
0.999963	-6.59603e-05	-0.00864097	-6.59347e-05	0.999884	-0.0152627	0.00864097	0.0152627	0.999846	0.0240553	0.0424977	5.58557	
0.999951	-8.63903e-05	-0.00988919	-8.63518e-05	0.999847	-0.017466	0.00988919	0.017466	0.999799	0.0314486	0.0555561	6.38341	
0.999938	-0.000109638	-0.0111407	-0.000109582	0.999806	-0.0196748	0.0111407	0.0196748	0.999744	0.0398394	0.0703749	7.18121	
0.999923	-0.000135723	-0.0123956	-0.000135647	0.99976	-0.021889	0.0123956	0.021889	0.999684	0.0492302	0.0869585	7.97896	
0.999907	-0.000164668	-0.0136537	-0.000164567	0.999709	-0.0241086	0.0136537	0.0241086	0.999616	0.0596236	0.105311	8.77666	
0.999889	-0.000196494	-0.014915	-0.000196361	0.999653	-0.0263335	0.014915	0.0263335	0.999542	0.0710222	0.125437	9.57431	
0.999869	-0.00023122	-0.0161795	-0.000231051	0.999592	-0.0285636	0.0161795	0.0285636	0.999461	0.0834286	0.14734	10.3719	
0.999848	-0.000268867	-0.0174472	-0.000268655	0.999526	-0.0307989	0.0174472	0.0307989	0.999373	0.0968454	0.171025	11.1694	
0.999825	-0.000309455	-0.0187179	-0.000309194	0.999454	-0.0330392	0.0187179	0.0330392	0.999279	0.111275	0.196496	11.9668	
0.9998	-0.000353005	-0.0199917	-0.000352686	0.999377	-0.0352846	0.0199917	0.0352846	0.999177	0.12672	0.223757	12.7642	
0.999774	-0.000399535	-0.0212686	-0.000399152	0.999295	-0.0375349	0.0212686	0.0375349	0.999069	0.143182	0.252811	13.5615	
0.999746	-0.000449064	-0.0225484	-0.000448609	0.999208	-0.0397901	0.0225484	0.0397901	0.998954	0.160665	0.283663	14.3587	
0.999716	-0.000501613	-0.0238311	-0.000501076	0.999115	-0.0420502	0.0238312	0.0420501	0.998831	0.17917	0.316316	15.1558	
0.999684	-0.0005572	-0.0251168	-0.000556572	0.999017	-0.0443149	0.0251168	0.0443149	0.998702	0.198699	0.350775	15.9528	
0.999651	-0.000615844	-0.0264053	-0.000615114	0.998914	-0.0465843	0.0264054	0.0465843	0.998565	0.219256	0.387043	16.7497	
0.999616	-0.000677562	-0.0276967	-0.000676721	0.998805	-0.0488583	0.0276967	0.0488583	0.998422	0.240842	0.425124	17.5464	
0.999579	-0.000742373	-0.0289908	-0.00074141	0.998691	-0.0511368	0.0289909	0.0511368	0.998271	0.26346	0.465021	18.3431	
0.999541	-0.000810295	-0.0302877	-0.000809198	0.998572	-0.0534198	0.0302878	0.0534198	0.998113	0.287112	0.506738	19.1396	
0.999501	-0.000881346	-0.0315873	-0.000880103	0.998447	-0.0557071	0.0315874	0.0557071	0.997947	0.311799	0.550278	19.936	
0.999459	-0.000955542	-0.0328896	-0.000954141	0.998316	-0.0579988	0.0328896	0.0579988	0.997775	0.337525	0.595646	20.7323	
0.999415	-0.0010329	-0.0341945	-0.00103133	0.99818	-0.0602947	0.0341945	0.0602947	0.997595	0.364291	0.642844	21.5285	
0.999369	-0.00111344	-0.035502	-0.00111168	0.998038	-0.0625947	0.035502	0.0625947	0.997407	0.392099	0.691875	22.3244	
0.999321	-0.00119718	-0.036812	-0.00119522	0.997891	-0.0648989	0.0368121	0.0648988	0.997213	0.420952	0.742744	23.1203	
0.999272	-0.00128412	-0.0381245	-0.00128195	0.997738	-0.067207	0.0381246	0.067207	0.99701	0.450851	0.795453	23.916	
0.999221	-0.0013743	-0.0394396	-0.0013719	0.99758	-0.0695192	0.0394396	0.0695191	0.996801	0.481798	0.850005	24.7115	
0.999168	-0.00146772	-0.040757	-0.00146507	0.997415	-0.0718352	0.0407571	0.0718351	0.996583	0.513796	0.906404	25.5068	
0.999113	-0.0015644	-0.0420768	-0.00156149	0.997246	-0.0741549	0.0420769	0.0741549	0.996359	0.546846	0.964653	26.302	
0.999056	-0.00166436	-0.043399	-0.00166117	0.99707	-0.0764785	0.0433991	0.0764784	0.996126	0.58095	1.02475	27.0969	
0.998998	-0.00176761	-0.0447235	-0.00176412	0.996888	-0.0788057	0.0447236	0.0788056	0.995886	0.61611	1.08671	27.8917	
0.998937	-0.00187416	-0.0460502	-0.00187036	0.996701	-0.0811364	0.0460504	0.0811364	0.995639	0.652328	1.15053	28.6863	
0.998875	-0.00198403	-0.0473792	-0.0019799	0.996508	-0.0834707	0.0473794	0.0834706	0.995383	0.689606	1.2162	29.4807	
0.998811	-0.00209724	-0.0487103	-0.00209275	0.996309	-0.0858085	0.0487105	0.0858084	0.99512	0.727944	1.28374	30.2749	
0.998745	-0.0022138	-0.0500437	-0.00220893	0.996105	-0.0881496	0.0500439	0.0881495	0.994849	0.767346	1.35315	31.0689	
0.998676	-0.00233371	-0.0513791	-0.00232845	0.995894	-0.090494	0.0513793	0.0904939	0.994571	0.807813	1.42443	31.8627	
0.998606	-0.002457	-0.0527166	-0.00245133	0.995678	-0.0928417	0.0527168	0.0928415	0.994284	0.849347	1.49758	32.6562	
0.998535	-0.00258368	-0.0540561	-0.00257757	0.995456	-0.0951925	0.0540563	0.0951923	0.99399	0.891948	1.5726	33.4495	
0.998461	-0.00271376	-0.0553975	-0.00270719	0.995227	-0.0975464	0.0553979	0.0975462	0.993688	0.935619	1.6495	34.2426	
0.998385	-0.00284725	-0.056741	-0.0028402	0.994993	-0.0999033	0.0567413	0.0999031	0.993378	0.980362	1.72828	35.0354	
0.998307	-0.00298417	-0.0580863	-0.00297661	0.994753	-0.102263	0.0580867	0.102263	0.99306	1.02618	1.80894	35.828	
0.998227	-0.00312453	-0.0594335	-0.00311644	0.994507	-0.104626	0.059434	0.104626	0.992734	1.07307	1.89149	36.6203	
0.998146	-0.00326834	-0.0607826	-0.00325969	0.994255	-0.106991	0.060783	0.106991	0.9924	1.12103	1.97592	37.4123	
0.998062	-0.00341561	-0.0621334	-0.00340638	0.993996	-0.10936	0.0621339	0.109359	0.992058	1.17007	2.06224	38.2041	
0.997976	-0.00356635	-0.0634859	-0.00355651	0.993732	-0.11173	0.0634865	0.11173	0.991709	1.2202	2.15046	38.9956	
0.997889	-0.00372057	-0.0648402	-0.0037101	0.993462	-0.114104	0.0648408	0.114104	0.991351	1.2714	2.24056	39.7868	
0.997799	-0.00387829	-0.0661961	-0.00386716	0.993186	-0.11648	0.0661967	0.11648	0.990985	1.32368	2.33256	40.5778	
0.997707	-0.00403951	-0.0675536	-0.0040277	0.992903	-0.118858	0.0675543	0.118858	0.990611	1.37705	2.42646	41.3684	
0.997614	-0.00420425	-0.0689127	-0.00419172	0.992614	-0.121239	0.0689135	0.121239	0.990228	1.43149	2.52226	42.1587	
0.997518	-0.00437251	-0.0702734	-0.00435923	0.99232	-0.123622	0.0702742	0.123622	0.989838	1.48703	2.61995	42.9488	
0.997421	-0.00454431	-0.0716355	-0.00453025	0.992019	-0.126007	0.0716364	0.126007	0.989439	1.54365	2.71955	43.7385	
0.997173	-0.00497774	-0.0749778	-0.00486447	0.991434	-0.130516	0.0749852	0.130512	0.988607	1.60215	2.8219	44.5277	
0.996914	-0.0054265	-0.0783179	-0.00521426	0.990828	-0.135025	0.0783323	0.135017	0.987742	1.66332	2.92785	45.3162	
0.996643	-0.00589059	-0.0816558	-0.00557964	0.990202	-0.139534	0.0816777	0.139521	0.986845	1.72717	3.03738	46.1041	
0.996361	-0.00637001	-0.0849914	-0.00596061	0.989554	-0.144043	0.0850211	0.144025	0.985915	1.79368	3.15052	46.8912	
0.996068	-0.00686477	-0.0883244	-0.00635718	0.988884	-0.148551	0.0883624	0.148528	0.984953	1.86286	3.26724	47.6775	
0.995764	-0.00737485	-0.0916548	-0.00676935	0.988194	-0.153057	0.0917015	0.153029	0.983958	1.9347	3.38756	48.4631	
0.995448	-0.00790025	-0.0949824	-0.00719712	0.987483	-0.157563	0.0950383	0.157529	0.98293	2.00921	3.51147	49.2479	
0.99512	-0.00844098	-0.0983071	-0.0076405	0.98675	-0.162067	0.0983726	0.162027	0.981871	2.08638	3.63897	50.0318	
0.994782	-0.00899703	-0.101629	-0.00809947	0.985996	-0.166569	0.101704	0.166523	0.980778	2.1662	3.77006	50.8149	
0.994432	-0.00956838	-0.104947	-0.00857405	0.985222	-0.17107	0.105033	0.171017	0.979654	2.24869	3.90474	51.5971	
0.994071	-0.010155	-0.108262	-0.00906421	0.984426	-0.175568	0.108359	0.175508	0.978496	2.33383	4.043	52.3784	
0.993698	-0.010757	-0.111574	-0.00956996	0.983609	-0.180063	0.111682	0.179996	0.977307	2.42163	4.18484	53.1587	
0.993314	-0.0113742	-0.114882	-0.0100913	0.98277	-0.184555	0.115002	0.184481	0.976085	2.51207	4.33026	53.9381	
0.992919	-0.0120067	-0.118186	-0.0106282	0.981911	-0.189044	0.118318	0.188962	0.97483	2.60516	4.47926	54.7165	
0.992512	-0.0126545	-0.121486	-0.0111806	0.981031	-0.19353	0.121631	0.193439	0.973544	2.7009	4.63184	55.4939	
0.992095	-0.0133174	-0.124783	-0.0117486	0.980129	-0.198012	0.12494	0.197913	0.972224	2.79928	4.78798	56.2702	
0.991666	-0.0139957	-0.128075	-0.012332	0.979207	-0.20249	0.128246	0.202382	0.970873	2.9003	4.9477	57.0455	
0.991226	-0.0146891	-0.131363	-0.012931	0.978263	-0.206964	0.131548	0.206846	0.969489	3.00396	5.11097	57.8197	
0.990774	-0.0153977	-0.134646	-0.0135455	0.977299	-0.211433	0.134845	0.211306	0.968074	3.11024	5.27781	58.5928	
0.990311	-0.0161215	-0.137925	-0.0141754	0.976313	-0.215897	0.138139	0.215761	0.966626	3.21916	5.44821	59.3647	
0.989838	-0.0168604	-0.141199	-0.0148207	0.975307	-0.220356	0.141428	0.22021	0.965146	3.33071	5.62216	60.1355	
0.989353	-0.0176145	-0.144469	-0.0154814	0.97428	-0.22481	0.144713	0.224653	0.963633	3.44487	5.79965	60.905	
0.988856	-0.0183836	-0.147733	-0.0161575	0.973232	-0.229258	0.147993	0.22909	0.962089	3.56166	5.98069	61.6734	
0.988349	-0.0191679	-0.150992	-0.016849	0.972163	-0.2337	0.151269	0.233522	0.960513	3.68106	6.16527	62.4405	
0.987831	-0.0199672	-0.154246	-0.0175557	0.971073	-0.238136	0.154539	0.237946	0.958905	3.80308	6.35338	63.2063	
0.987301	-0.0207815	-0.157495	-0.0182778	0.969963	-0.242566	0.157805	0.242364	0.957265	3.9277	6.54502	63.9708	
0.98676	-0.0216108	-0.160738	-0.019015	0.968832	-0.246989	0.161066	0.246775	0.955594	4.05493	6.74018	64.7341	
0.986209	-0.0224551	-0.163976	-0.0197675	0.96768	-0.251404	0.164321	0.251179	0.953891	4.18475	6.93886	65.4959	
0.985646	-0.0233143	-0.167207	-0.0205351	0.966508	-0.255813	0.167571	0.255575	0.952156	4.31718	7.14105	66.2564	
0.985072	-0.0241884	-0.170433	-0.0213179	0.965316	-0.260214	0.170816	0.259963	0.95039	4.45219	7.34675	67.0155	
0.984488	-0.0250774	-0.173653	-0.0221157	0.964103	-0.264607	0.174055	0.264343	0.948592	4.58979	7.55594	67.7732	
0.983892	-0.0259812	-0.176867	-0.0229286	0.962869	-0.268992	0.177288	0.268714	0.946764	4.72997	7.76863	68.5294	
0.983285	-0.0268998	-0.180074	-0.0237565	0.961616	-0.273369	0.180516	0.273078	0.944904	4.87273	7.9848	69.2842	
0.982668	-0.0278332	-0.183275	-0.0245993	0.960342	-0.277737	0.183737	0.277432	0.943012	5.01807	8.20444	70.0375	
0.982039	-0.0287813	-0.186469	-0.025457	0.959048	-0.282097	0.186952	0.281777	0.94109	5.16597	8.42756	70.7892	
0.979434	-0.0326698	-0.199103	-0.0283019	0.954802	-0.295893	0.199771	0.295442	0.934241	5.32027	8.65788	71.5375	
0.976657	-0.0367417	-0.211642	-0.0313349	0.950355	-0.309585	0.212509	0.30899	0.927019	5.48477	8.89905	72.2801	
0.973708	-0.0409952	-0.22408	-0.0345547	0.94571	-0.323169	0.225163	0.322415	0.919429	5.65941	9.15098	73.0168	
0.97059	-0.0454288	-0.236415	-0.03796	0.940869	-0.336638	0.237728	0.335712	0.911473	5.8441	9.41357	73.7474	
0.967303	-0.0500406	-0.248639	-0.0415495	0.935832	-0.349988	0.250198	0.348875	0.903154	6.03879	9.68673	74.4714	
0.963848	-0.0548288	-0.260749	-0.0453217	0.930604	-0.363212	0.262568	0.361899	0.894476	6.24338	9.97033	75.1887	
0.960228	-0.0597916	-0.27274	-0.0492752	0.925184	-0.376306	0.274834	0.374779	0.885442	6.45781	10.2643	75.8989	
0.956443	-0.0649268	-0.284606	-0.0534083	0.919576	-0.389265	0.286991	0.38751	0.876055	6.68198	10.5684	76.6017	
0.952495	-0.0702326	-0.296344	-0.0577195	0.913782	-0.402083	0.299033	0.400087	0.86632	6.9158	10.8827	77.2969	
