1	0	0	0	1	0	0	0	1	0	0	0	
1	6.66668e-09	8.83729e-05	6.66668e-09	1	-0.000150876	-8.83729e-05	0.000150876	1	-3.72907e-05	6.36651e-05	0.843939	
1	2.72326e-08	0.000178614	2.7231e-08	1	-0.000304923	-0.000178614	0.000304923	1	-0.000149951	0.000255999	1.68788	
1	6.2558e-08	0.00027072	6.25515e-08	1	-0.000462136	-0.00027072	0.000462136	1	-0.000339556	0.000579674	2.53182	
1	1.13519e-07	0.000364688	1.13502e-07	1	-0.000622508	-0.000364688	0.000622508	1	-0.000607679	0.00103736	3.37576	
1	1.81007e-07	0.000460515	1.80973e-07	1	-0.000786034	-0.000460515	0.000786034	1	-0.00095589	0.00163172	4.2197	
1	2.6593e-07	0.000558198	2.6587e-07	1	-0.000952707	-0.000558198	0.000952707	0.999999	-0.00138576	0.00236542	5.06364	
1	3.6921e-07	0.000657734	3.69111e-07	0.999999	-0.00112252	-0.000657734	0.00112252	0.999999	-0.00189884	0.0032411	5.90757	
1	4.91784e-07	0.000759119	4.91633e-07	0.999999	-0.00129547	-0.000759119	0.00129547	0.999999	-0.00249671	0.00426142	6.75151	
1	6.34605e-07	0.00086235	6.34385e-07	0.999999	-0.00147155	-0.00086235	0.00147155	0.999999	-0.00318092	0.00542902	7.59545	
1	7.9864e-07	0.000967423	7.98332e-07	0.999999	-0.00165075	-0.000967423	0.00165075	0.999998	-0.00395303	0.00674653	8.43939	
0.999999	9.84872e-07	0.00107434	9.84453e-07	0.999998	-0.00183306	-0.00107434	0.00183306	0.999998	-0.00481459	0.00821659	9.28333	
0.999999	1.1943e-06	0.00118308	1.19374e-06	0.999998	-0.00201848	-0.00118308	0.00201848	0.999997	-0.00576715	0.00984183	10.1273	
0.999999	1.42792e-06	0.00129366	1.42721e-06	0.999998	-0.00220701	-0.00129366	0.00220701	0.999997	-0.00681227	0.0116249	10.9712	
0.999999	1.68678e-06	0.00140607	1.68587e-06	0.999997	-0.00239862	-0.00140607	0.00239862	0.999996	-0.00795147	0.0135683	11.8151	
0.999999	1.9719e-06	0.0015203	1.97076e-06	0.999997	-0.00259333	-0.0015203	0.00259333	0.999995	-0.00918631	0.0156747	12.6591	
0.999999	2.28434e-06	0.00163636	2.28293e-06	0.999996	-0.00279112	-0.00163636	0.00279112	0.999995	-0.0105183	0.0179468	13.503	
0.999998	2.62517e-06	0.00175423	2.62344e-06	0.999996	-0.00299197	-0.00175423	0.00299197	0.999994	-0.0119491	0.0203871	14.3469	
0.999998	2.99546e-06	0.00187391	2.99338e-06	0.999995	-0.0031959	-0.00187391	0.0031959	0.999993	-0.01348	0.0229982	15.1909	
0.999998	3.39631e-06	0.0019954	3.39381e-06	0.999994	-0.00340288	-0.0019954	0.00340288	0.999992	-0.0151127	0.0257827	16.0348	
0.999998	3.82882e-06	0.0021187	3.82586e-06	0.999993	-0.00361291	-0.0021187	0.00361291	0.999991	-0.0168488	0.0287431	16.8787	
0.999997	4.29412e-06	0.00224379	4.29063e-06	0.999993	-0.00382598	-0.00224379	0.00382598	0.99999	-0.0186896	0.0318821	17.7227	
0.999997	4.79332e-06	0.00237068	4.78924e-06	0.999992	-0.00404209	-0.00237068	0.00404209	0.999989	-0.0206368	0.0352022	18.5666	
0.999997	5.32758e-06	0.00249937	5.32284e-06	0.999991	-0.00426122	-0.00249937	0.00426122	0.999988	-0.0226918	0.0387059	19.4105	
0.999997	5.89805e-06	0.00262984	5.89258e-06	0.99999	-0.00448337	-0.00262984	0.00448337	0.999986	-0.0248562	0.0423959	20.2545	
0.999996	6.5059e-06	0.0027621	6.49962e-06	0.999989	-0.00470853	-0.0027621	0.00470853	0.999985	-0.0271314	0.0462746	21.0984	
0.999996	7.1523e-06	0.00289613	7.14513e-06	0.999988	-0.0049367	-0.00289613	0.0049367	0.999984	-0.029519	0.0503446	21.9423	
0.999995	7.83846e-06	0.00303194	7.83029e-06	0.999987	-0.00516785	-0.00303194	0.00516785	0.999982	-0.0320205	0.0546084	22.7862	
0.999995	8.56556e-06	0.00316952	8.55631e-06	0.999985	-0.00540199	-0.00316952	0.00540199	0.99998	-0.0346373	0.0590686	23.6302	
0.999995	9.33483e-06	0.00330886	9.3244e-06	0.999984	-0.00563911	-0.00330886	0.00563911	0.999979	-0.037371	0.0637276	24.4741	
0.999994	1.01475e-05	0.00344996	1.01358e-05	0.999983	-0.00587919	-0.00344996	0.00587919	0.999977	-0.040223	0.0685879	25.318	
0.999994	1.10048e-05	0.00359282	1.09916e-05	0.999981	-0.00612224	-0.00359282	0.00612224	0.999975	-0.0431948	0.0736522	26.1619	
0.999993	1.19079e-05	0.00373743	1.18932e-05	0.99998	-0.00636823	-0.00373743	0.00636823	0.999973	-0.046288	0.0789228	27.0058	
0.999992	1.28582e-05	0.00388379	1.28419e-05	0.999978	-0.00661716	-0.00388379	0.00661716	0.999971	-0.0495039	0.0844022	27.8498	
0.999992	1.38568e-05	0.00403188	1.38387e-05	0.999976	-0.00686902	-0.00403188	0.00686902	0.999968	-0.0528441	0.090093	28.6937	
0.999991	1.49051e-05	0.00418171	1.48851e-05	0.999975	-0.00712381	-0.00418172	0.00712381	0.999966	-0.05631	0.0959975	29.5376	
0.999991	1.60044e-05	0.00433328	1.59823e-05	0.999973	-0.00738151	-0.00433328	0.00738151	0.999963	-0.059903	0.102118	30.3815	
0.99999	1.71559e-05	0.00448657	1.71316e-05	0.999971	-0.00764211	-0.00448657	0.00764211	0.999961	-0.0636247	0.108458	31.2254	
0.999989	1.8361e-05	0.00464157	1.83342e-05	0.999969	-0.00790561	-0.00464157	0.00790561	0.999958	-0.0674765	0.115019	32.0693	
0.999988	1.96209e-05	0.0047983	1.95916e-05	0.999967	-0.00817199	-0.0047983	0.00817199	0.999955	-0.0714599	0.121803	32.9132	
0.999988	2.0937e-05	0.00495673	2.09049e-05	0.999964	-0.00844124	-0.00495673	0.00844124	0.999952	-0.0755762	0.128813	33.7571	
0.999987	2.23106e-05	0.00511687	2.22756e-05	0.999962	-0.00871336	-0.00511687	0.00871336	0.999949	-0.0798269	0.136052	34.601	
0.999986	2.37431e-05	0.0052787	2.37049e-05	0.99996	-0.00898833	-0.0052787	0.00898833	0.999946	-0.0842136	0.143521	35.4449	
0.999985	2.52357e-05	0.00544223	2.51943e-05	0.999957	-0.00926615	-0.00544223	0.00926615	0.999942	-0.0887375	0.151224	36.2888	
0.999984	2.67899e-05	0.00560745	2.67449e-05	0.999954	-0.0095468	-0.00560745	0.0095468	0.999939	-0.0934001	0.159163	37.1327	
0.999983	2.8407e-05	0.00577434	2.83582e-05	0.999952	-0.00983028	-0.00577434	0.00983028	0.999935	-0.0982029	0.167339	37.9766	
0.999982	3.00884e-05	0.00594292	3.00356e-05	0.999949	-0.0101166	-0.00594292	0.0101166	0.999931	-0.103147	0.175756	38.8205	
0.999981	3.18354e-05	0.00611316	3.17784e-05	0.999946	-0.0104057	-0.00611316	0.0104057	0.999927	-0.108234	0.184416	39.6643	
0.99998	3.36495e-05	0.00628507	3.3588e-05	0.999943	-0.0106975	-0.00628507	0.0106975	0.999923	-0.113466	0.193321	40.5082	
0.999979	3.55319e-05	0.00645864	3.54657e-05	0.99994	-0.0109922	-0.00645864	0.0109922	0.999919	-0.118844	0.202473	41.3521	
0.999978	3.74842e-05	0.00663386	3.74129e-05	0.999936	-0.0112896	-0.00663386	0.0112896	0.999914	-0.124368	0.211876	42.1959	
0.999977	3.95077e-05	0.00681073	3.94311e-05	0.999933	-0.0115898	-0.00681073	0.0115898	0.99991	-0.130041	0.22153	43.0398	
0.999976	4.16038e-05	0.00698924	4.15217e-05	0.999929	-0.0118928	-0.00698924	0.0118928	0.999905	-0.135865	0.231439	43.8837	
0.999974	4.3774e-05	0.00716938	4.36859e-05	0.999926	-0.0121985	-0.00716938	0.0121985	0.9999	-0.141839	0.241605	44.7275	
0.999973	4.60196e-05	0.00735115	4.59253e-05	0.999922	-0.0125069	-0.00735115	0.0125069	0.999895	-0.147966	0.25203	45.5714	
0.999972	4.8342e-05	0.00753454	4.82412e-05	0.999918	-0.012818	-0.00753454	0.012818	0.999889	-0.154248	0.262716	46.4152	
0.99997	5.07428e-05	0.00771955	5.06351e-05	0.999914	-0.0131319	-0.00771955	0.0131319	0.999884	-0.160684	0.273666	47.2591	
0.999969	5.32233e-05	0.00790617	5.31084e-05	0.99991	-0.0134484	-0.00790617	0.0134484	0.999878	-0.167278	0.284882	48.1029	
0.999938	9.8107e-05	0.0111264	6.23922e-05	0.999896	-0.0144238	-0.0111267	0.0144236	0.999834	-0.175309	0.296643	48.9467	
0.999897	0.000146157	0.0143479	7.48589e-05	0.999881	-0.0154023	-0.0143484	0.0154018	0.999778	-0.186059	0.309229	49.7905	
0.999846	0.000197385	0.0175705	9.05287e-05	0.999866	-0.0163839	-0.0175714	0.016383	0.999711	-0.199528	0.322641	50.6342	
0.999784	0.000251803	0.0207942	0.000109421	0.999849	-0.0173684	-0.0207954	0.0173669	0.999633	-0.215718	0.336882	51.4779	
0.999711	0.00030942	0.0240189	0.000131553	0.999832	-0.0183557	-0.0240205	0.0183536	0.999543	-0.234629	0.351955	52.3215	
0.999629	0.000370247	0.0272445	0.000156943	0.999813	-0.0193457	-0.0272465	0.0193428	0.999442	-0.256262	0.367862	53.165	
0.999536	0.000434295	0.0304709	0.000185606	0.999793	-0.0203383	-0.0304734	0.0203345	0.999329	-0.280618	0.384605	54.0084	
0.999432	0.000501572	0.0336981	0.000217558	0.999772	-0.0213333	-0.0337011	0.0213285	0.999204	-0.307698	0.402185	54.8517	
0.999318	0.000572087	0.036926	0.000252813	0.999751	-0.0223307	-0.0369295	0.0223248	0.999068	-0.337502	0.420606	55.695	
0.999193	0.000645848	0.0401545	0.000291383	0.999728	-0.0233304	-0.0401586	0.0233233	0.998921	-0.370031	0.439868	56.5381	
0.999058	0.000722864	0.0433835	0.000333281	0.999704	-0.0243322	-0.0433882	0.0243238	0.998762	-0.405285	0.459973	57.381	
0.998913	0.000803142	0.046613	0.000378517	0.999679	-0.0253361	-0.0466184	0.0253262	0.998592	-0.443265	0.480924	58.2238	
0.998757	0.000886689	0.0498429	0.000427101	0.999653	-0.0263418	-0.0498489	0.0263304	0.99841	-0.483971	0.502722	59.0665	
0.99859	0.000973512	0.053073	0.000479042	0.999626	-0.0273494	-0.0530798	0.0273363	0.998216	-0.527404	0.525367	59.909	
0.998413	0.00106362	0.0563034	0.000534348	0.999598	-0.0283586	-0.0563109	0.0283437	0.998011	-0.573564	0.548863	60.7514	
0.998226	0.00115701	0.0595339	0.000593026	0.999568	-0.0293695	-0.0595422	0.0293527	0.997794	-0.62245	0.573209	61.5935	
0.998028	0.00125369	0.0627645	0.000655081	0.999538	-0.0303818	-0.0627736	0.030363	0.997566	-0.674064	0.598407	62.4355	
0.997819	0.00135367	0.0659951	0.000720517	0.999507	-0.0313955	-0.0660051	0.0313745	0.997326	-0.728405	0.624459	63.2773	
0.9976	0.00145695	0.0692256	0.000789338	0.999474	-0.0324104	-0.0692365	0.0323872	0.997074	-0.785473	0.651364	64.1189	
0.99737	0.00156354	0.072456	0.000861548	0.999441	-0.0334264	-0.0724677	0.0334009	0.996811	-0.845268	0.679125	64.9603	
0.99713	0.00167343	0.0756861	0.000937146	0.999406	-0.0344435	-0.0756988	0.0344155	0.996537	-0.90779	0.707741	65.8014	
0.99688	0.00178663	0.0789159	0.00101613	0.999371	-0.0354614	-0.0789295	0.035431	0.99625	-0.973038	0.737214	66.6423	
0.996619	0.00190315	0.0821453	0.00109851	0.999334	-0.0364802	-0.08216	0.036447	0.995952	-1.04101	0.767545	67.4829	
0.996347	0.00202297	0.0853742	0.00118427	0.999296	-0.0374996	-0.0853899	0.0374637	0.995643	-1.11171	0.798733	68.3233	
0.996065	0.00214612	0.0886025	0.00127342	0.999257	-0.0385196	-0.0886194	0.0384808	0.995322	-1.18514	0.830779	69.1635	
0.995772	0.00227258	0.0918303	0.00136595	0.999217	-0.03954	-0.0918482	0.0394983	0.994989	-1.26129	0.863684	70.0033	
0.995469	0.00240236	0.0950573	0.00146185	0.999176	-0.0405608	-0.0950764	0.040516	0.994645	-1.34017	0.897448	70.8429	
0.995155	0.00253545	0.0982835	0.00156112	0.999134	-0.0415818	-0.0983038	0.0415338	0.994289	-1.42177	0.93207	71.6821	
0.992918	0.00343734	0.11875	0.00205206	0.998936	-0.0460735	-0.118782	0.0459909	0.991855	-1.51338	0.969004	72.5203	
0.99026	0.00443087	0.139161	0.00263551	0.998718	-0.0505532	-0.139206	0.0504276	0.988979	-1.62224	1.00969	73.3561	
0.987181	0.00551561	0.159508	0.00331119	0.99848	-0.0550189	-0.159569	0.0548418	0.985662	-1.74832	1.05411	74.1894	
0.983684	0.00669106	0.179783	0.00407882	0.998222	-0.0594686	-0.179861	0.0592316	0.981907	-1.89156	1.10225	75.0197	
0.979769	0.00795672	0.199976	0.00493805	0.997944	-0.0639003	-0.200073	0.063595	0.977715	-2.05188	1.15408	75.8466	
0.975438	0.009312	0.220077	0.00588849	0.997647	-0.0683121	-0.220196	0.0679302	0.973088	-2.22923	1.20958	76.6698	
0.970694	0.0107563	0.240079	0.00692973	0.99733	-0.072702	-0.24022	0.072235	0.968027	-2.42352	1.26873	77.489	
0.965538	0.012289	0.259973	0.0080613	0.996993	-0.077068	-0.260138	0.0765078	0.962536	-2.63466	1.3315	78.3036	
0.959973	0.0139094	0.279748	0.0092827	0.996638	-0.0814082	-0.27994	0.0807465	0.956616	-2.86257	1.39786	79.1135	
0.954001	0.0156168	0.299398	0.0105934	0.996263	-0.0857207	-0.299617	0.0849492	0.95027	-3.10713	1.46778	79.9182	
0.947625	0.0174104	0.318912	0.0119928	0.995869	-0.0900035	-0.319161	0.0891141	0.943501	-3.36825	1.54123	80.7173	
0.940847	0.0192895	0.338282	0.0134802	0.995457	-0.0942547	-0.338563	0.0932394	0.936313	-3.6458	1.61818	81.5106	
0.933671	0.0212531	0.3575	0.0150551	0.995026	-0.0984725	-0.357814	0.0973231	0.928707	-3.93966	1.6986	82.2976	
0.9261	0.0233004	0.376557	0.0167167	0.994577	-0.102655	-0.376906	0.101364	0.920688	-4.2497	1.78244	83.078	
