1	0	0	0	1	0	0	0	1	0	0	0	
0.99999	9.88989e-07	-0.00451437	9.88989e-07	1	0.000438149	0.00451437	-0.000438149	0.99999	0.00180119	-0.000174817	0.797977	
0.999959	3.95898e-06	-0.00902852	3.96528e-06	1	0.000877673	0.00902852	-0.000877673	0.999959	0.00720468	-0.000699818	1.59594	
0.999908	8.91603e-06	-0.0135424	8.94126e-06	0.999999	0.00131856	0.0135424	-0.00131856	0.999907	0.0162103	-0.0015761	2.39387	
0.999837	1.58662e-05	-0.0180558	1.59293e-05	0.999998	0.00176081	0.0180558	-0.00176081	0.999835	0.0288176	-0.00280474	3.19174	
0.999745	2.48155e-05	-0.0225687	2.49416e-05	0.999998	0.00220441	0.0225687	-0.00220441	0.999743	0.0450264	-0.00438682	3.98956	
0.999633	3.57697e-05	-0.027081	3.59904e-05	0.999996	0.00264934	0.027081	-0.00264934	0.99963	0.0648362	-0.00632342	4.78729	
0.999501	4.8735e-05	-0.0315927	4.90881e-05	0.999995	0.0030956	0.0315927	-0.00309561	0.999496	0.0882465	-0.0086156	5.58492	
0.999348	6.3717e-05	-0.0361035	6.42467e-05	0.999994	0.00354318	0.0361035	-0.00354319	0.999342	0.115257	-0.0112644	6.38244	
0.999175	8.07217e-05	-0.0406135	8.14783e-05	0.999992	0.00399207	0.0406135	-0.00399209	0.999167	0.145866	-0.0142709	7.17982	
0.998981	9.97548e-05	-0.0451225	0.000100795	0.99999	0.00444226	0.0451225	-0.00444228	0.998972	0.180074	-0.0176362	7.97706	
0.998768	0.000120822	-0.0496305	0.000122209	0.999988	0.00489374	0.0496305	-0.00489378	0.998756	0.217879	-0.0213612	8.77414	
0.998533	0.000143929	-0.0541373	0.000145732	0.999986	0.0053465	0.0541373	-0.00534655	0.998519	0.259282	-0.025447	9.57103	
0.998279	0.000169082	-0.0586428	0.000171376	0.999983	0.00580053	0.0586428	-0.0058006	0.998262	0.30428	-0.0298946	10.3677	
0.998004	0.000196285	-0.0631471	0.000199153	0.99998	0.00625582	0.063147	-0.00625591	0.997985	0.352873	-0.034705	11.1642	
0.997709	0.000225545	-0.0676498	0.000229074	0.999977	0.00671236	0.0676498	-0.00671248	0.997687	0.40506	-0.0398793	11.9605	
0.997394	0.000256868	-0.0721511	0.000261153	0.999974	0.00717013	0.0721511	-0.00717029	0.997368	0.460839	-0.0454183	12.7565	
0.997058	0.000290258	-0.0766507	0.000295399	0.999971	0.00762914	0.0766507	-0.00762934	0.997029	0.52021	-0.0513233	13.5522	
0.996702	0.00032572	-0.0811486	0.000331825	0.999967	0.00808936	0.0811486	-0.00808961	0.996669	0.58317	-0.057595	14.3477	
0.996326	0.000363262	-0.0856447	0.000370443	0.999963	0.0085508	0.0856447	-0.0085511	0.996289	0.649719	-0.0642345	15.1429	
0.995929	0.000402887	-0.0901389	0.000411264	0.999959	0.00901343	0.0901389	-0.0090138	0.995888	0.719855	-0.0712427	15.9377	
0.995512	0.000444601	-0.0946311	0.0004543	0.999955	0.00947724	0.0946311	-0.0094777	0.995467	0.793576	-0.0786206	16.7322	
0.995075	0.00048841	-0.0991213	0.000499562	0.99995	0.00994223	0.0991212	-0.00994279	0.995026	0.870882	-0.0863692	17.5264	
0.994618	0.000534318	-0.103609	0.000547061	0.999946	0.0104084	0.103609	-0.0104091	0.994564	0.951769	-0.0944894	18.3203	
0.99414	0.00058233	-0.108095	0.000596809	0.999941	0.0108757	0.108095	-0.0108765	0.994081	1.03624	-0.102982	19.1137	
0.993643	0.000632453	-0.112578	0.000648818	0.999935	0.0113442	0.112578	-0.0113451	0.993578	1.12428	-0.111848	19.9068	
0.993125	0.00068469	-0.117059	0.000703098	0.99993	0.0118137	0.117059	-0.0118148	0.993055	1.21591	-0.121089	20.6994	
0.992587	0.000739047	-0.121537	0.000759661	0.999924	0.0122845	0.121537	-0.0122857	0.992511	1.3111	-0.130705	21.4916	
0.992028	0.000795529	-0.126013	0.000818517	0.999918	0.0127563	0.126013	-0.0127577	0.991947	1.40987	-0.140697	22.2834	
0.99145	0.000854141	-0.130486	0.000879679	0.999912	0.0132292	0.130486	-0.0132309	0.991362	1.51221	-0.151066	23.0747	
0.990851	0.000914887	-0.134956	0.000943156	0.999906	0.0137032	0.134956	-0.0137051	0.990757	1.61812	-0.161813	23.8656	
0.990232	0.000977773	-0.139423	0.00100896	0.999899	0.0141783	0.139423	-0.0141804	0.990131	1.7276	-0.172939	24.6559	
0.989594	0.0010428	-0.143887	0.0010771	0.999892	0.0146544	0.143887	-0.0146569	0.989486	1.84064	-0.184445	25.4458	
0.988935	0.00110998	-0.148349	0.00114759	0.999885	0.0151316	0.148348	-0.0151344	0.988819	1.95724	-0.196332	26.2351	
0.988255	0.00117932	-0.152806	0.00122044	0.999877	0.0156098	0.152806	-0.015613	0.988133	2.07739	-0.2086	27.0239	
0.987556	0.00125081	-0.157261	0.00129567	0.99987	0.0160891	0.157261	-0.0160926	0.987426	2.20111	-0.22125	27.8121	
0.986837	0.00132446	-0.161712	0.00137327	0.999862	0.0165694	0.161712	-0.0165733	0.986699	2.32837	-0.234283	28.5998	
0.986098	0.00140028	-0.16616	0.00145326	0.999854	0.0170507	0.16616	-0.0170551	0.985951	2.45919	-0.247701	29.3869	
0.985339	0.00147828	-0.170604	0.00153566	0.999845	0.0175329	0.170604	-0.0175379	0.985184	2.59356	-0.261503	30.1733	
0.984559	0.00155845	-0.175045	0.00162047	0.999836	0.0180162	0.175044	-0.0180217	0.984396	2.73147	-0.275691	30.9592	
0.98376	0.0016408	-0.179481	0.0017077	0.999827	0.0185004	0.179481	-0.0185065	0.983587	2.87292	-0.290265	31.7444	
0.982941	0.00172534	-0.183914	0.00179736	0.999818	0.0189856	0.183914	-0.0189923	0.982759	3.01791	-0.305227	32.5289	
0.982102	0.00181207	-0.188343	0.00188947	0.999809	0.0194717	0.188343	-0.0194791	0.98191	3.16644	-0.320577	33.3128	
0.981242	0.00190099	-0.192768	0.00198403	0.999799	0.0199588	0.192768	-0.0199669	0.981041	3.3185	-0.336315	34.096	
0.980363	0.00199211	-0.197189	0.00208106	0.999789	0.0204468	0.197188	-0.0204556	0.980152	3.47409	-0.352443	34.8785	
0.979464	0.00208543	-0.201606	0.00218056	0.999778	0.0209357	0.201605	-0.0209453	0.979243	3.6332	-0.368962	35.6603	
0.978546	0.00218096	-0.206018	0.00228255	0.999768	0.0214254	0.206017	-0.021436	0.978314	3.79584	-0.385872	36.4413	
0.977607	0.0022787	-0.210426	0.00238703	0.999757	0.0219161	0.210425	-0.0219276	0.977364	3.96199	-0.403173	37.2216	
0.976649	0.00237865	-0.21483	0.00249402	0.999746	0.0224076	0.214829	-0.0224202	0.976394	4.13167	-0.420868	38.0012	
0.97567	0.00248083	-0.219229	0.00260352	0.999734	0.0229	0.219227	-0.0229136	0.975405	4.30485	-0.438956	38.7799	
0.974672	0.00258522	-0.223623	0.00271554	0.999723	0.0233932	0.223622	-0.023408	0.974395	4.48154	-0.457437	39.5579	
0.973654	0.00269184	-0.228013	0.0028301	0.999711	0.0238873	0.228011	-0.0239033	0.973365	4.66174	-0.476314	40.335	
0.972617	0.0028007	-0.232397	0.0029472	0.999698	0.0243822	0.232396	-0.0243994	0.972315	4.84544	-0.495586	41.1113	
0.97156	0.00291178	-0.236777	0.00306686	0.999686	0.0248778	0.236775	-0.0248965	0.971245	5.03263	-0.515255	41.8868	
0.970483	0.00302511	-0.241152	0.00318907	0.999673	0.0253743	0.24115	-0.0253944	0.970156	5.22332	-0.535321	42.6614	
0.969386	0.00314068	-0.245522	0.00331387	0.99966	0.0258715	0.245519	-0.0258931	0.969046	5.4175	-0.555784	43.4351	
0.968955	0.00318731	-0.247217	0.00368793	0.999619	0.0273425	0.24721	-0.0274054	0.968574	5.61409	-0.577049	44.2082	
0.96852	0.00323665	-0.248913	0.00406614	0.999576	0.0288189	0.248901	-0.0289238	0.968097	5.81203	-0.599524	44.9809	
0.968083	0.0032887	-0.25061	0.00444845	0.999531	0.0303005	0.250592	-0.0304482	0.967614	6.01133	-0.623213	45.7532	
0.967641	0.00334347	-0.252308	0.00483484	0.999483	0.0317871	0.252284	-0.0319784	0.967125	6.21197	-0.648121	46.5252	
0.967197	0.00340099	-0.254006	0.00522528	0.999432	0.0332785	0.253975	-0.0335141	0.96663	6.41396	-0.674252	47.2967	
0.966749	0.00346126	-0.255705	0.00561975	0.999379	0.0347745	0.255667	-0.0350552	0.966129	6.6173	-0.70161	48.0679	
0.966297	0.0035243	-0.257404	0.00601822	0.999324	0.0362749	0.257358	-0.0366014	0.965623	6.822	-0.7302	48.8386	
0.965843	0.00359011	-0.259104	0.00642064	0.999265	0.0377794	0.259049	-0.0381526	0.96511	7.02804	-0.760026	49.609	
0.965385	0.00365872	-0.260804	0.006827	0.999205	0.039288	0.260741	-0.0397086	0.964592	7.23543	-0.791092	50.3789	
0.964923	0.00373012	-0.262505	0.00723725	0.999141	0.0408004	0.262432	-0.0412691	0.964068	7.44417	-0.823401	51.1484	
0.964459	0.00380434	-0.264206	0.00765136	0.999075	0.0423164	0.264123	-0.0428339	0.963537	7.65426	-0.856958	51.9175	
0.963991	0.00388137	-0.265907	0.00806929	0.999006	0.0438357	0.265813	-0.0444029	0.963001	7.8657	-0.891764	52.6862	
0.96352	0.00396124	-0.267609	0.00849101	0.998935	0.0453583	0.267503	-0.0459759	0.962459	8.07849	-0.927825	53.4544	
0.963045	0.00404394	-0.26931	0.00891648	0.998861	0.0468838	0.269193	-0.0475525	0.961912	8.29262	-0.965141	54.2222	
0.962567	0.00412948	-0.271012	0.00934566	0.998784	0.0484122	0.270882	-0.0491328	0.961358	8.50811	-1.00372	54.9896	
0.962086	0.00421788	-0.272714	0.0097785	0.998704	0.0499431	0.272571	-0.0507163	0.960798	8.72494	-1.04356	55.7565	
0.961602	0.00430913	-0.274415	0.010215	0.998622	0.0514764	0.274259	-0.052303	0.960232	8.94312	-1.08466	56.523	
0.961114	0.00440325	-0.276117	0.010655	0.998537	0.053012	0.275946	-0.0538926	0.959661	9.16265	-1.12703	57.289	
0.960623	0.00450024	-0.277818	0.0110986	0.998449	0.0545495	0.277633	-0.0554849	0.959084	9.38352	-1.17067	58.0546	
0.960129	0.0046001	-0.279519	0.0115457	0.998359	0.0560888	0.279319	-0.0570797	0.9585	9.60574	-1.21558	58.8197	
0.959632	0.00470283	-0.28122	0.0119962	0.998266	0.0576296	0.281004	-0.0586768	0.957911	9.8293	-1.26177	59.5843	
0.959131	0.00480845	-0.282921	0.0124501	0.99817	0.0591719	0.282688	-0.060276	0.957316	10.0542	-1.30923	60.3484	
0.958628	0.00491695	-0.284621	0.0129074	0.998072	0.0607154	0.284371	-0.0618771	0.956716	10.2805	-1.35797	61.1121	
0.958121	0.00502833	-0.28632	0.013368	0.99797	0.0622598	0.286052	-0.0634799	0.956109	10.5081	-1.40798	61.8753	
0.957611	0.0051426	-0.28802	0.0138318	0.997867	0.063805	0.287733	-0.0650842	0.955497	10.737	-1.45928	62.638	
0.957098	0.00525976	-0.289718	0.0142988	0.99776	0.0653509	0.289413	-0.0666898	0.954878	10.9673	-1.51186	63.4003	
0.956581	0.0053798	-0.291416	0.0147689	0.997651	0.0668971	0.291091	-0.0682964	0.954254	11.1989	-1.56572	64.162	
0.956062	0.00550273	-0.293113	0.0152422	0.997539	0.0684435	0.292768	-0.0699039	0.953625	11.4318	-1.62086	64.9232	
0.95554	0.00562855	-0.294809	0.0157184	0.997424	0.0699898	0.294444	-0.071512	0.952989	11.6661	-1.67728	65.6839	
0.955014	0.00575725	-0.296505	0.0161977	0.997306	0.071536	0.296118	-0.0731206	0.952348	11.9018	-1.73499	66.4441	
0.954486	0.00588882	-0.298199	0.0166798	0.997186	0.0730818	0.29779	-0.0747294	0.951702	12.1387	-1.79398	67.2038	
0.953954	0.00602328	-0.299893	0.0171649	0.997064	0.074627	0.299462	-0.0763383	0.95105	12.377	-1.85425	67.963	
0.953419	0.00616061	-0.301585	0.0176527	0.996938	0.0761713	0.301131	-0.077947	0.950392	12.6166	-1.91581	68.7217	
0.952882	0.00630081	-0.303276	0.0181432	0.996811	0.0777147	0.302799	-0.0795554	0.949728	12.8576	-1.97865	69.4798	
0.952341	0.00644387	-0.304967	0.0186364	0.99668	0.0792569	0.304465	-0.0811631	0.949059	13.0999	-2.04278	70.2374	
0.957815	0.00487117	-0.287343	0.0208268	0.996051	0.0863087	0.286628	-0.0886522	0.953931	13.3357	-2.11053	70.9967	
0.962958	0.00316008	-0.269632	0.0228845	0.995366	0.0933951	0.268677	-0.096106	0.958424	13.5573	-2.18425	71.7597	
0.967768	0.00131128	-0.251841	0.0248089	0.994626	0.100513	0.25062	-0.103522	0.962535	13.7645	-2.2639	72.5262	
0.972242	-0.000674495	-0.233978	0.026599	0.993832	0.107661	0.232462	-0.110896	0.966263	13.9573	-2.34946	73.2958	
0.976378	-0.00279645	-0.21605	0.0282542	0.992983	0.114834	0.214213	-0.118226	0.969606	14.1355	-2.44088	74.0682	
0.980176	-0.00505374	-0.198063	0.0297738	0.99208	0.122031	0.195877	-0.125509	0.972563	14.2991	-2.53813	74.8431	
0.983634	-0.00744548	-0.180025	0.0311573	0.991123	0.129249	0.177464	-0.132743	0.975134	14.4481	-2.64117	75.6203	
0.98675	-0.0099707	-0.161943	0.032404	0.990112	0.136484	0.158981	-0.139923	0.977316	14.5823	-2.74997	76.3993	
0.989523	-0.0126284	-0.143824	0.0335135	0.989049	0.143734	0.140434	-0.147048	0.979109	14.7018	-2.86447	77.1799	
