1	0	0	0	1	0	0	0	1	0	0	0	
1	-3.04386e-11	-1.04927e-05	-3.04386e-11	1	-5.80187e-06	1.04927e-05	5.80187e-06	1	4.3905e-06	2.4277e-06	0.836869	
1	-1.33034e-10	-2.19348e-05	-1.33058e-10	1	-1.21311e-05	2.19348e-05	1.21311e-05	1	1.79593e-05	9.93146e-06	1.67374	
1	-3.2583e-10	-3.43258e-05	-3.25936e-10	1	-1.89876e-05	3.43258e-05	1.89876e-05	1	4.15007e-05	2.29526e-05	2.51061	
1	-6.28359e-10	-4.76651e-05	-6.28645e-10	1	-2.63716e-05	4.76651e-05	2.63716e-05	1	7.58085e-05	4.19324e-05	3.34747	
1	-1.06164e-09	-6.19519e-05	-1.06226e-09	1	-3.4283e-05	6.19519e-05	3.4283e-05	1	0.000121676	6.73124e-05	4.18434	
1	-1.64818e-09	-7.71856e-05	-1.64934e-09	1	-4.27218e-05	7.71856e-05	4.27218e-05	1	0.000179896	9.95339e-05	5.02121	
1	-2.41195e-09	-9.33655e-05	-2.41394e-09	1	-5.16881e-05	9.33655e-05	5.16881e-05	1	0.00025126	0.000139038	5.85808	
1	-3.37841e-09	-0.000110491	-3.38161e-09	1	-6.11818e-05	0.000110491	6.11818e-05	1	0.000336561	0.000186267	6.69495	
1	-4.5745e-09	-0.000128561	-4.57938e-09	1	-7.12027e-05	0.000128561	7.12027e-05	1	0.000436588	0.000241661	7.53182	
1	-6.02862e-09	-0.000147575	-6.03575e-09	1	-8.1751e-05	0.000147575	8.1751e-05	1	0.000552133	0.000305662	8.36869	
1	-7.77061e-09	-0.000167531	-7.78071e-09	1	-9.28264e-05	0.000167531	9.28264e-05	1	0.000683984	0.000378711	9.20556	
1	-9.83181e-09	-0.00018843	-9.84573e-09	1	-0.000104429	0.00018843	0.000104429	1	0.000832931	0.00046125	10.0424	
1	-1.2245e-08	-0.00021027	-1.22637e-08	1	-0.000116558	0.00021027	0.000116558	1	0.00099976	0.000553718	10.8793	
1	-1.50444e-08	-0.00023305	-1.50691e-08	1	-0.000129214	0.00023305	0.000129214	1	0.00118526	0.000656558	11.7162	
1	-1.82656e-08	-0.00025677	-1.82977e-08	1	-0.000142397	0.00025677	0.000142397	1	0.00139022	0.00077021	12.553	
1	-2.19458e-08	-0.000281427	-2.19869e-08	1	-0.000156107	0.000281427	0.000156107	1	0.00161542	0.000895114	13.3899	
1	-2.61235e-08	-0.000307022	-2.61753e-08	1	-0.000170342	0.000307022	0.000170342	1	0.00186165	0.00103171	14.2268	
1	-3.08386e-08	-0.000333553	-3.09032e-08	1	-0.000185104	0.000333553	0.000185104	1	0.00212968	0.00118044	15.0636	
1	-3.61326e-08	-0.000361019	-3.62123e-08	1	-0.000200391	0.000361019	0.000200391	1	0.00242032	0.00134175	15.9005	
1	-4.20481e-08	-0.000389418	-4.21456e-08	1	-0.000216204	0.000389418	0.000216204	1	0.00273432	0.00151606	16.7374	
1	-4.86295e-08	-0.00041875	-4.87476e-08	1	-0.000232542	0.00041875	0.000232542	1	0.00307249	0.00170383	17.5742	
1	-5.59222e-08	-0.000449014	-5.60642e-08	1	-0.000249405	0.000449014	0.000249405	1	0.00343559	0.0019055	18.4111	
1	-6.39734e-08	-0.000480208	-6.41427e-08	1	-0.000266793	0.000480208	0.000266793	1	0.00382441	0.00212149	19.248	
1	-7.28312e-08	-0.000512331	-7.30319e-08	1	-0.000284705	0.000512331	0.000284705	1	0.00423972	0.00235226	20.0848	
1	-8.25455e-08	-0.000545381	-8.27819e-08	1	-0.000303141	0.000545381	0.000303141	1	0.00468231	0.00259823	20.9217	
1	-9.31673e-08	-0.000579358	-9.34442e-08	1	-0.000322101	0.000579358	0.000322101	1	0.00515294	0.00285986	21.7586	
1	-1.04749e-07	-0.00061426	-1.05072e-07	1	-0.000341583	0.00061426	0.000341583	1	0.00565239	0.00313756	22.5955	
1	-1.17345e-07	-0.000650085	-1.17719e-07	1	-0.000361589	0.000650085	0.000361589	1	0.00618143	0.0034318	23.4323	
1	-1.31009e-07	-0.000686832	-1.31441e-07	1	-0.000382117	0.000686832	0.000382117	1	0.00674084	0.00374299	24.2692	
1	-1.45799e-07	-0.0007245	-1.46295e-07	1	-0.000403167	0.0007245	0.000403167	1	0.00733139	0.00407158	25.1061	
1	-1.61773e-07	-0.000763087	-1.6234e-07	1	-0.000424739	0.000763087	0.000424739	1	0.00795385	0.004418	25.9429	
1	-1.78988e-07	-0.000802592	-1.79635e-07	1	-0.000446831	0.000802592	0.000446831	1	0.00860898	0.0047827	26.7798	
1	-1.97506e-07	-0.000843012	-1.98241e-07	1	-0.000469444	0.000843012	0.000469444	1	0.00929756	0.0051661	27.6167	
1	-2.17389e-07	-0.000884347	-2.18221e-07	1	-0.000492577	0.000884347	0.000492577	0.999999	0.0100203	0.00556864	28.4535	
1	-2.38699e-07	-0.000926595	-2.39637e-07	1	-0.00051623	0.000926595	0.00051623	0.999999	0.0107781	0.00599076	29.2904	
1	-2.61501e-07	-0.000969754	-2.62556e-07	1	-0.000540401	0.000969754	0.000540401	0.999999	0.0115716	0.00643289	30.1273	
0.999999	-2.85859e-07	-0.00101382	-2.87043e-07	1	-0.000565091	0.00101382	0.000565091	0.999999	0.0124016	0.00689547	30.9641	
0.999999	-3.11842e-07	-0.0010588	-3.13166e-07	1	-0.000590298	0.0010588	0.000590298	0.999999	0.0132689	0.00737892	31.801	
0.999999	-3.39517e-07	-0.00110468	-3.40993e-07	1	-0.000616023	0.00110468	0.000616023	0.999999	0.0141741	0.00788369	32.6379	
0.999999	-3.68952e-07	-0.00115147	-3.70595e-07	1	-0.000642264	0.00115147	0.000642264	0.999999	0.0151182	0.0084102	33.4747	
0.999999	-4.00219e-07	-0.00119916	-4.02043e-07	1	-0.000669022	0.00119916	0.000669022	0.999999	0.0161018	0.00895888	34.3116	
0.999999	-4.33389e-07	-0.00124775	-4.3541e-07	1	-0.000696294	0.00124775	0.000696294	0.999999	0.0171256	0.00953018	35.1485	
0.999999	-4.68536e-07	-0.00129724	-4.70768e-07	1	-0.000724081	0.00129724	0.000724081	0.999999	0.0181905	0.0101245	35.9853	
0.999999	-5.05732e-07	-0.00134762	-5.08194e-07	1	-0.000752381	0.00134762	0.000752381	0.999999	0.0192972	0.0107423	36.8222	
0.999999	-5.45053e-07	-0.0013989	-5.47763e-07	1	-0.000781195	0.0013989	0.000781195	0.999999	0.0204465	0.011384	37.6591	
0.999999	-5.86576e-07	-0.00145108	-5.89553e-07	1	-0.000810521	0.00145108	0.000810521	0.999999	0.021639	0.01205	38.4959	
0.999999	-6.30377e-07	-0.00150414	-6.33641e-07	1	-0.000840359	0.00150414	0.000840359	0.999999	0.0228756	0.0127408	39.3328	
0.999999	-6.76536e-07	-0.00155809	-6.80109e-07	1	-0.000870708	0.00155809	0.000870708	0.999998	0.0241569	0.0134568	40.1697	
0.999999	-7.25132e-07	-0.00161293	-7.29036e-07	1	-0.000901567	0.00161293	0.000901567	0.999998	0.0254838	0.0141984	41.0065	
0.999999	-7.76245e-07	-0.00166866	-7.80505e-07	1	-0.000932935	0.00166866	0.000932935	0.999998	0.0268569	0.014966	41.8434	
0.999999	-8.29959e-07	-0.00172526	-8.34598e-07	1	-0.000964811	0.00172526	0.000964811	0.999998	0.028277	0.0157601	42.6803	
0.999998	-8.86355e-07	-0.00178275	-8.914e-07	1	-0.000997195	0.00178275	0.000997195	0.999998	0.0297449	0.0165811	43.5172	
0.999998	-9.45518e-07	-0.00184112	-9.50996e-07	0.999999	-0.00103009	0.00184112	0.00103009	0.999998	0.0312613	0.0174293	44.354	
0.999998	-1.00753e-06	-0.00190036	-1.01347e-06	0.999999	-0.00106348	0.00190036	0.00106348	0.999998	0.0328268	0.0183054	45.1909	
0.999998	-1.07248e-06	-0.00196048	-1.07892e-06	0.999999	-0.00109738	0.00196048	0.00109738	0.999997	0.0344423	0.0192095	46.0278	
0.999998	-1.14046e-06	-0.00202147	-1.14742e-06	0.999999	-0.00113179	0.00202147	0.00113179	0.999997	0.0361085	0.0201423	46.8646	
0.999998	-1.21155e-06	-0.00208332	-1.21907e-06	0.999999	-0.0011667	0.00208332	0.0011667	0.999997	0.0378261	0.0211041	47.7015	
1	2.33999e-06	-0.000683963	-5.01374e-06	0.999992	-0.00390922	0.000683949	0.00390922	0.999992	0.038984	0.023228	48.5383	
1	9.72427e-06	0.000714352	-4.97197e-06	0.999978	-0.0066523	-0.000714401	0.0066523	0.999978	0.0389713	0.0276473	49.3752	
0.999998	2.09365e-05	0.00211162	-1.09494e-06	0.999956	-0.00939592	-0.00211172	0.0093959	0.999954	0.0377888	0.0343624	50.212	
0.999994	3.59717e-05	0.00350783	6.61616e-06	0.999926	-0.01214	-0.00350801	0.01214	0.99992	0.0354373	0.0433738	51.0489	
0.999988	5.48254e-05	0.00490298	1.81601e-05	0.999889	-0.0148846	-0.00490326	0.0148846	0.999877	0.0319177	0.0546818	51.8856	
0.99998	7.74926e-05	0.00629708	3.35356e-05	0.999845	-0.0176297	-0.00629747	0.0176295	0.999825	0.0272309	0.0682868	52.7224	
0.99997	0.000103969	0.00769011	5.27413e-05	0.999792	-0.0203751	-0.00769063	0.0203749	0.999763	0.0213778	0.0841892	53.5591	
0.999959	0.000134249	0.00908207	7.57759e-05	0.999733	-0.0231209	-0.00908275	0.0231207	0.999691	0.0143593	0.102389	54.3957	
0.999945	0.000168329	0.010473	0.000102638	0.999665	-0.0258671	-0.0104738	0.0258668	0.999611	0.00617611	0.122887	55.2323	
0.99993	0.000206205	0.0118628	0.000133326	0.999591	-0.0286136	-0.0118638	0.0286132	0.99952	-0.00317074	0.145684	56.0688	
0.999912	0.00024787	0.0132515	0.000167839	0.999508	-0.0313604	-0.0132528	0.0313598	0.99942	-0.0136804	0.170778	56.9052	
0.999893	0.000293322	0.0146392	0.000206176	0.999418	-0.0341074	-0.0146407	0.0341067	0.999311	-0.025352	0.198172	57.7416	
0.999872	0.000342556	0.0160258	0.000248334	0.999321	-0.0368546	-0.0160276	0.0368539	0.999192	-0.0381847	0.227864	58.5778	
0.999848	0.000395567	0.0174113	0.000294312	0.999215	-0.039602	-0.0174133	0.0396011	0.999064	-0.0521775	0.259856	59.414	
0.999823	0.000452351	0.0187958	0.000344109	0.999103	-0.0423496	-0.0187981	0.0423486	0.998926	-0.0673296	0.294146	60.25	
0.999796	0.000512904	0.0201791	0.000397723	0.998983	-0.0450973	-0.0201817	0.0450962	0.998779	-0.0836401	0.330736	61.0859	
0.999767	0.000577221	0.0215614	0.000455152	0.998855	-0.0478451	-0.0215643	0.0478438	0.998622	-0.101108	0.369625	61.9217	
0.999737	0.000645299	0.0229425	0.000516395	0.998719	-0.050593	-0.0229458	0.0505915	0.998456	-0.119733	0.410814	62.7573	
0.999704	0.000717132	0.0243226	0.00058145	0.998576	-0.0533408	-0.0243263	0.0533392	0.99828	-0.139513	0.454302	63.5928	
0.999669	0.000792718	0.0257016	0.000650316	0.998426	-0.0560887	-0.0257056	0.0560869	0.998095	-0.160448	0.50009	64.4282	
0.999633	0.000872053	0.0270795	0.00072299	0.998267	-0.0588366	-0.0270839	0.0588345	0.9979	-0.182537	0.548177	65.2634	
0.999595	0.000955131	0.0284563	0.000799471	0.998102	-0.0615843	-0.0284611	0.0615821	0.997696	-0.205779	0.598564	66.0984	
0.999554	0.00104195	0.0298321	0.000879757	0.997928	-0.064332	-0.0298373	0.0643296	0.997483	-0.230173	0.651249	66.9333	
0.999512	0.0011325	0.0312067	0.000963845	0.997747	-0.0670795	-0.0312123	0.0670769	0.997259	-0.255718	0.706234	67.7679	
0.999468	0.00122679	0.0325802	0.00105174	0.997559	-0.0698269	-0.0325863	0.069824	0.997027	-0.282414	0.763519	68.6024	
0.999423	0.00132481	0.0339526	0.00114342	0.997362	-0.072574	-0.0339592	0.0725709	0.996785	-0.310259	0.823102	69.4367	
0.999375	0.00142655	0.035324	0.00123891	0.997159	-0.075321	-0.0353311	0.0753176	0.996533	-0.339252	0.884983	70.2708	
0.999325	0.00153202	0.0366942	0.00133819	0.996947	-0.0780676	-0.0367018	0.0780641	0.996273	-0.369393	0.949163	71.1046	
0.999274	0.0016412	0.0380634	0.00144127	0.996728	-0.080814	-0.0380715	0.0808102	0.996002	-0.400681	1.01564	71.9383	
0.998847	0.00253421	0.0479388	0.00223349	0.995071	-0.0991395	-0.0479538	0.0991322	0.993918	-0.436678	1.09094	72.7709	
0.998322	0.00360886	0.0577915	0.00320753	0.993077	-0.117423	-0.0578151	0.117411	0.991399	-0.480937	1.18155	73.6017	
0.997699	0.00486468	0.0676169	0.00436297	0.990746	-0.135655	-0.0676512	0.135638	0.988446	-0.533439	1.28744	74.4302	
0.996979	0.00630112	0.0774109	0.0056993	0.988081	-0.15383	-0.0774576	0.153806	0.98506	-0.594159	1.40856	75.256	
0.996162	0.00791755	0.0871692	0.00721594	0.985081	-0.171938	-0.0872301	0.171907	0.981244	-0.663073	1.54485	76.0788	
0.995248	0.00971326	0.0968875	0.00891222	0.981749	-0.189971	-0.0969644	0.189932	0.976997	-0.740149	1.69626	76.8982	
0.994237	0.0116875	0.106561	0.0107874	0.978086	-0.207923	-0.106656	0.207874	0.972323	-0.825354	1.86273	77.7139	
0.993131	0.0138393	0.116187	0.0128406	0.974093	-0.225785	-0.116302	0.225726	0.967224	-0.918651	2.04416	78.5255	
0.991929	0.0161679	0.12576	0.0150711	0.969772	-0.243548	-0.125896	0.243478	0.961701	-1.02	2.2405	79.3326	
0.990632	0.0186721	0.135276	0.0174777	0.965125	-0.261207	-0.135435	0.261124	0.955757	-1.12935	2.45165	80.135	
0.989241	0.0213509	0.14473	0.0200595	0.960154	-0.278751	-0.144915	0.278656	0.949395	-1.24666	2.67752	80.9322	
0.987756	0.0242031	0.15412	0.0228153	0.954861	-0.296175	-0.154331	0.296065	0.942617	-1.37188	2.91802	81.7239	
0.986177	0.0272274	0.16344	0.0257439	0.949249	-0.313471	-0.16368	0.313345	0.935427	-1.50496	3.17302	82.5098	
