1	0	0	0	1	0	0	0	1	0	0	0	
0.999987	1.57613e-06	0.00505923	1.57613e-06	1	-0.000623068	-0.00505923	0.000623068	0.999987	-0.002582	0.000317986	1.0207	
0.999949	6.30904e-06	0.0101204	6.31304e-06	0.999999	-0.00124716	-0.0101204	0.00124716	0.999948	-0.010329	0.00127247	2.04138	
0.999885	1.42063e-05	0.0151832	1.42223e-05	0.999998	-0.00187226	-0.0151832	0.00187226	0.999883	-0.0232428	0.00286448	3.062	
0.999795	2.52754e-05	0.0202477	2.53154e-05	0.999997	-0.00249834	-0.0202477	0.00249834	0.999792	-0.0413251	0.00509504	4.08255	
0.99968	3.95233e-05	0.0253134	3.96033e-05	0.999995	-0.00312537	-0.0253134	0.00312537	0.999675	-0.0645774	0.00796512	5.10298	
0.999538	5.69571e-05	0.0303803	5.70971e-05	0.999993	-0.00375334	-0.0303803	0.00375334	0.999531	-0.0930009	0.0114757	6.12329	
0.999372	7.75833e-05	0.0354481	7.78075e-05	0.99999	-0.00438221	-0.0354481	0.00438222	0.999362	-0.126597	0.0156277	7.14343	
0.999179	0.000101408	0.0405167	0.000101745	0.999987	-0.00501197	-0.0405167	0.00501198	0.999166	-0.165366	0.0204221	8.16339	
0.99896	0.000128439	0.0455858	0.00012892	0.999984	-0.00564259	-0.0455858	0.0056426	0.998944	-0.209309	0.0258597	9.18313	
0.998716	0.00015868	0.0506554	0.000159342	0.99998	-0.00627405	-0.0506554	0.00627407	0.998696	-0.258426	0.0319414	10.2026	
0.998446	0.000192139	0.0557251	0.000193021	0.999976	-0.00690632	-0.055725	0.00690635	0.998422	-0.312717	0.0386681	11.2219	
0.99815	0.00022882	0.0607947	0.000229967	0.999972	-0.00753938	-0.0607947	0.00753942	0.998122	-0.372184	0.0460406	12.2408	
0.997829	0.000268729	0.0658642	0.000270189	0.999967	-0.00817321	-0.0658642	0.00817326	0.997795	-0.436825	0.0540596	13.2594	
0.997481	0.00031187	0.0709332	0.000313696	0.999961	-0.00880777	-0.0709332	0.00880784	0.997442	-0.50664	0.062726	14.2777	
0.997108	0.00035825	0.0760017	0.000360497	0.999955	-0.00944305	-0.0760016	0.00944314	0.997063	-0.581629	0.0720405	15.2956	
0.996708	0.000407872	0.0810693	0.0004106	0.999949	-0.010079	-0.0810693	0.0100791	0.996658	-0.661791	0.0820038	16.3131	
0.996283	0.00046074	0.086136	0.000464015	0.999942	-0.0107157	-0.086136	0.0107158	0.996226	-0.747125	0.0926166	17.3302	
0.995832	0.00051686	0.0912014	0.00052075	0.999935	-0.011353	-0.0912014	0.0113531	0.995768	-0.83763	0.10388	18.3468	
0.995356	0.000576234	0.0962656	0.000580811	0.999928	-0.0119909	-0.0962655	0.0119911	0.995283	-0.933304	0.115793	19.363	
0.994853	0.000638867	0.101328	0.000644208	0.99992	-0.0126293	-0.101328	0.0126296	0.994773	-1.03415	0.128359	20.3786	
0.994324	0.000704762	0.106389	0.000710946	0.999912	-0.0132684	-0.106389	0.0132687	0.994236	-1.14016	0.141576	21.3937	
0.99377	0.000773923	0.111448	0.000781035	0.999903	-0.013908	-0.111448	0.0139084	0.993673	-1.25133	0.155446	22.4083	
0.99319	0.000846351	0.116504	0.00085448	0.999894	-0.0145481	-0.116504	0.0145486	0.993084	-1.36767	0.169969	23.4222	
0.992584	0.000922051	0.121559	0.000931289	0.999884	-0.0151888	-0.121559	0.0151893	0.992468	-1.48916	0.185146	24.4355	
0.991952	0.00100102	0.126611	0.00101147	0.999874	-0.0158299	-0.12661	0.0158305	0.991826	-1.61582	0.200977	25.4482	
0.991294	0.00108327	0.13166	0.00109502	0.999864	-0.0164714	-0.13166	0.0164722	0.991158	-1.74763	0.217463	26.4603	
0.990611	0.0011688	0.136706	0.00118196	0.999853	-0.0171133	-0.136706	0.0171142	0.990464	-1.88459	0.234604	27.4716	
0.989902	0.00125761	0.141749	0.00127229	0.999842	-0.0177557	-0.141749	0.0177567	0.989743	-2.0267	0.252401	28.4822	
0.989167	0.0013497	0.146789	0.00136601	0.99983	-0.0183984	-0.146789	0.0183996	0.988997	-2.17396	0.270853	29.4921	
0.988406	0.00144507	0.151825	0.00146313	0.999818	-0.0190415	-0.151825	0.0190428	0.988224	-2.32635	0.289962	30.5011	
0.98762	0.00154373	0.156858	0.00156365	0.999805	-0.0196848	-0.156858	0.0196864	0.987425	-2.48389	0.309728	31.5094	
0.986808	0.00164567	0.161886	0.00166758	0.999792	-0.0203285	-0.161886	0.0203303	0.9866	-2.64656	0.33015	32.5169	
0.98597	0.0017509	0.166911	0.00177493	0.999778	-0.0209724	-0.166911	0.0209744	0.985749	-2.81437	0.35123	33.5235	
0.985107	0.00185941	0.171932	0.00188569	0.999765	-0.0216166	-0.171931	0.0216189	0.984872	-2.9873	0.372968	34.5292	
0.984218	0.00197121	0.176948	0.00199988	0.99975	-0.022261	-0.176947	0.0222635	0.983968	-3.16535	0.395364	35.534	
0.983304	0.0020863	0.181959	0.00211749	0.999735	-0.0229056	-0.181959	0.0229084	0.983039	-3.34852	0.418417	36.5379	
0.982364	0.00220467	0.186966	0.00223853	0.99972	-0.0235503	-0.186965	0.0235535	0.982084	-3.5368	0.44213	37.5408	
0.981399	0.00232633	0.191968	0.002363	0.999704	-0.0241952	-0.191967	0.0241987	0.981103	-3.73019	0.4665	38.5427	
0.980408	0.00245127	0.196964	0.00249091	0.999688	-0.0248402	-0.196963	0.0248441	0.980096	-3.92868	0.491529	39.5436	
0.979391	0.0025795	0.201955	0.00262226	0.999672	-0.0254853	-0.201955	0.0254896	0.979063	-4.13227	0.517217	40.5435	
0.97835	0.00271102	0.206941	0.00275706	0.999655	-0.0261304	-0.20694	0.0261352	0.978004	-4.34095	0.543564	41.5423	
0.977283	0.00284581	0.21192	0.00289529	0.999637	-0.0267756	-0.21192	0.0267809	0.97692	-4.55472	0.57057	42.54	
0.976191	0.00298388	0.216894	0.00303697	0.999619	-0.0274208	-0.216894	0.0274266	0.97581	-4.77357	0.598235	43.5366	
0.975073	0.00312523	0.221862	0.0031821	0.999601	-0.028066	-0.221861	0.0280723	0.974674	-4.99749	0.62656	44.532	
0.97393	0.00326986	0.226823	0.00333068	0.999582	-0.0287111	-0.226823	0.0287181	0.973513	-5.22648	0.655543	45.5263	
0.972763	0.00341777	0.231778	0.00348271	0.999563	-0.0293561	-0.231777	0.0293638	0.972326	-5.46052	0.685185	46.5193	
0.97157	0.00356894	0.236727	0.00363819	0.999543	-0.0300011	-0.236726	0.0300094	0.971113	-5.69963	0.715487	47.5112	
0.970352	0.00372338	0.241668	0.00379712	0.999523	-0.030646	-0.241667	0.030655	0.969875	-5.94378	0.746447	48.5018	
0.969109	0.00388109	0.246603	0.00395951	0.999502	-0.0312907	-0.246601	0.0313005	0.968611	-6.19297	0.778066	49.4911	
0.967841	0.00404206	0.25153	0.00412535	0.999481	-0.0319352	-0.251528	0.0319458	0.967323	-6.44719	0.810344	50.4791	
0.966548	0.00420629	0.25645	0.00429465	0.99946	-0.0325795	-0.256448	0.032591	0.966008	-6.70644	0.843281	51.4658	
0.965231	0.00437377	0.261362	0.0044674	0.999438	-0.0332236	-0.26136	0.0332361	0.964669	-6.9707	0.876876	52.4511	
0.963889	0.0045445	0.266266	0.0046436	0.999416	-0.0338675	-0.266265	0.0338809	0.963304	-7.23998	0.91113	53.4351	
0.962522	0.00471849	0.271163	0.00482325	0.999393	-0.034511	-0.271161	0.0345255	0.961915	-7.51426	0.946041	54.4176	
0.96113	0.00489571	0.276051	0.00500636	0.999369	-0.0351543	-0.276049	0.0351699	0.9605	-7.79353	0.981611	55.3987	
0.959714	0.00507617	0.280931	0.00519291	0.999346	-0.0357973	-0.280929	0.035814	0.95906	-8.07779	1.01784	56.3784	
0.958274	0.00525986	0.285803	0.00538292	0.999321	-0.0364398	-0.2858	0.0364578	0.957595	-8.36702	1.05472	57.3565	
0.956809	0.00544679	0.290666	0.00557637	0.999297	-0.037082	-0.290663	0.0371013	0.956106	-8.66122	1.09226	58.3332	
0.95532	0.00563693	0.29552	0.00577326	0.999272	-0.0377238	-0.295517	0.0377444	0.954592	-8.96038	1.13046	59.3083	
0.953807	0.00583029	0.300365	0.0059736	0.999246	-0.0383652	-0.300362	0.0383872	0.953053	-9.26449	1.16931	60.2819	
0.952269	0.00602686	0.305201	0.00617738	0.99922	-0.0390061	-0.305198	0.0390296	0.951489	-9.57354	1.20883	61.2539	
0.950707	0.00622663	0.310027	0.00638459	0.999193	-0.0396465	-0.310024	0.0396716	0.949901	-9.88752	1.24899	62.2243	
0.949122	0.00642961	0.314844	0.00659524	0.999166	-0.0402864	-0.314841	0.0403132	0.948288	-10.2064	1.28981	63.193	
0.947512	0.00663577	0.319651	0.00680932	0.999139	-0.0409258	-0.319648	0.0409543	0.946651	-10.5302	1.33129	64.1601	
0.946919	0.00671043	0.321404	0.00640847	0.999189	-0.0397422	-0.32141	0.0396923	0.946108	-10.8574	1.37244	65.1261	
0.946322	0.00678271	0.323154	0.00600535	0.999238	-0.0385592	-0.323169	0.0384301	0.945561	-11.1864	1.41231	66.0915	
0.945723	0.00685261	0.324902	0.00560008	0.999286	-0.037377	-0.324926	0.0371677	0.945009	-11.5171	1.4509	67.0564	
0.945121	0.00692012	0.326647	0.00519273	0.999331	-0.0361958	-0.326679	0.0359056	0.944453	-11.8497	1.48819	68.0207	
0.944516	0.00698524	0.32839	0.0047834	0.999375	-0.0350159	-0.32843	0.0346439	0.943893	-12.184	1.52419	68.9844	
0.943909	0.00704798	0.330131	0.00437219	0.999418	-0.0338376	-0.330177	0.033383	0.943328	-12.5201	1.55891	69.9476	
0.950911	0.006459	0.309398	0.00017851	0.999771	-0.0214198	-0.309466	0.0204236	0.950691	-12.8466	1.58637	70.9142	
0.957457	0.00615388	0.288512	-0.00374227	0.999953	-0.00890961	-0.288553	0.00745088	0.957435	-13.1518	1.6006	71.8881	
0.963543	0.00613281	0.267484	-0.0073876	0.999966	0.00368495	-0.267452	-0.00552667	0.963555	-13.4356	1.60158	72.8685	
0.969165	0.00639582	0.246329	-0.0107551	0.999808	0.0163556	-0.246177	-0.0185006	0.969048	-13.6977	1.58932	73.8549	
0.97432	0.00694273	0.225061	-0.0138426	0.999481	0.0290942	-0.224742	-0.0314625	0.97391	-13.9381	1.56382	74.8466	
0.979004	0.00777319	0.203693	-0.016648	0.998983	0.0418924	-0.203161	-0.0444039	0.978138	-14.1565	1.5251	75.8428	
0.983214	0.00888665	0.18224	-0.0191696	0.998317	0.0547419	-0.181447	-0.0573164	0.981729	-14.3528	1.47318	76.8431	
0.986947	0.0102824	0.160715	-0.0214057	0.997481	0.0676342	-0.159615	-0.0701916	0.984681	-14.5268	1.40811	77.8467	
0.990202	0.0119595	0.139133	-0.0233549	0.996476	0.0805611	-0.137679	-0.0830211	0.986991	-14.6786	1.32991	78.853	
0.992975	0.0139169	0.117507	-0.0250158	0.995304	0.093514	-0.115654	-0.0957965	0.988659	-14.8079	1.23864	79.8614	
0.995265	0.0161533	0.0958514	-0.0263874	0.993964	0.106485	-0.0935527	-0.10851	0.989684	-14.9146	1.13437	80.8711	
0.99707	0.0186672	0.0741805	-0.0274688	0.992458	0.119464	-0.071391	-0.121152	0.990063	-14.9988	1.01715	81.8815	
0.99839	0.0214571	0.0525084	-0.0282593	0.990787	0.132445	-0.0491828	-0.133716	0.989799	-15.0604	0.887074	82.892	
0.999223	0.024521	0.0308492	-0.0287584	0.988952	0.145418	-0.0269426	-0.146192	0.988889	-15.0992	0.744215	83.9019	
0.999569	0.027857	0.00921689	-0.0289658	0.986954	0.158374	-0.00468481	-0.158573	0.987336	-15.1154	0.588668	84.9105	
0.999428	0.031463	-0.0123744	-0.0288813	0.984794	0.171307	0.017576	-0.170851	0.98514	-15.1088	0.420536	85.9172	
0.9988	0.0353365	-0.0339105	-0.0285049	0.982474	0.184206	0.0398254	-0.183018	0.982303	-15.0795	0.239928	86.9214	
0.997685	0.0394752	-0.0553775	-0.027837	0.979995	0.197063	0.0620488	-0.195066	0.978825	-15.0275	0.0469614	87.9223	
0.996084	0.0438761	-0.0767615	-0.026878	0.97736	0.209871	0.0842319	-0.206986	0.974711	-14.9528	-0.158238	88.9193	
0.993997	0.0485366	-0.0980484	-0.0256284	0.974568	0.222621	0.10636	-0.218772	0.969962	-14.8556	-0.375537	89.9119	
0.991427	0.0534535	-0.119224	-0.0240891	0.971623	0.235305	0.128419	-0.230415	0.964581	-14.7357	-0.604794	90.8992	
0.988375	0.0586237	-0.140276	-0.0222611	0.968526	0.247913	0.150394	-0.241909	0.958573	-14.5934	-0.84586	91.8808	
0.984843	0.0640438	-0.161189	-0.0201456	0.96528	0.260439	0.172272	-0.253245	0.95194	-14.4288	-1.09858	92.8559	
0.980834	0.0697102	-0.18195	-0.017744	0.961886	0.272874	0.194037	-0.264416	0.944687	-14.2418	-1.36278	93.8239	
0.976349	0.0756193	-0.202545	-0.0150578	0.958347	0.28521	0.215676	-0.275414	0.93682	-14.0327	-1.6383	94.7841	
0.971392	0.0817673	-0.222962	-0.0120888	0.954665	0.297438	0.237174	-0.286234	0.928342	-13.8016	-1.92495	95.7361	
0.965966	0.0881501	-0.243186	-0.00883891	0.950842	0.309552	0.258518	-0.296867	0.91926	-13.5486	-2.22256	96.6791	
0.960074	0.0947635	-0.263205	-0.00531023	0.94688	0.321542	0.279694	-0.307307	0.909579	-13.2739	-2.53092	97.6125	
0.953721	0.101603	-0.283006	-0.00150508	0.942784	0.333402	0.300688	-0.317546	0.899306	-12.9777	-2.84983	98.5357	
