1	0	0	0	1	0	0	0	1	0	0	0	
0.999997	2.98472e-06	-0.00227589	2.98472e-06	0.999997	0.00262289	0.00227589	-0.00262289	0.999994	0.00112128	-0.00129224	0.985352	
0.99999	1.19536e-05	-0.00455422	1.19574e-05	0.999986	0.00525023	0.00455422	-0.00525023	0.999976	0.00448632	-0.00517115	1.97069	
0.999977	2.69292e-05	-0.00683488	2.69442e-05	0.999969	0.00788191	0.00683488	-0.00788191	0.999946	0.0100975	-0.0116411	2.95601	
0.999958	4.79331e-05	-0.00911778	4.79706e-05	0.999945	0.0105178	0.00911778	-0.0105178	0.999903	0.017957	-0.0207062	3.94129	
0.999935	7.49863e-05	-0.0114028	7.50613e-05	0.999913	0.0131578	0.0114028	-0.0131578	0.999848	0.028067	-0.0323706	4.92652	
0.999906	0.000108109	-0.0136899	0.00010824	0.999875	0.0158018	0.0136899	-0.0158018	0.999781	0.0404296	-0.0466384	5.91169	
0.999872	0.00014732	-0.0159789	0.00014753	0.99983	0.0184498	0.0159789	-0.0184498	0.999702	0.0550467	-0.0635134	6.89679	
0.999833	0.000192638	-0.0182697	0.000192954	0.999777	0.0211014	0.0182697	-0.0211014	0.99961	0.0719202	-0.0829994	7.88181	
0.999789	0.000244081	-0.0205623	0.000244533	0.999718	0.0237568	0.0205623	-0.0237568	0.999506	0.0910518	-0.1051	8.86673	
0.999739	0.000301665	-0.0228565	0.000302288	0.999651	0.0264157	0.0228565	-0.0264157	0.99939	0.112443	-0.129819	9.85154	
0.999684	0.000365408	-0.0251522	0.00036624	0.999577	0.0290781	0.0251522	-0.0290781	0.999261	0.136096	-0.157159	10.8362	
0.999623	0.000435323	-0.0274494	0.000436406	0.999496	0.0317437	0.0274493	-0.0317438	0.999119	0.162012	-0.187125	11.8208	
0.999557	0.000511427	-0.0297479	0.000512806	0.999408	0.0344126	0.0297478	-0.0344127	0.998965	0.190191	-0.219719	12.8052	
0.999486	0.000593731	-0.0320476	0.000595457	0.999312	0.0370847	0.0320476	-0.0370847	0.998798	0.220637	-0.254944	13.7894	
0.99941	0.00068225	-0.0343485	0.000684377	0.999209	0.0397596	0.0343484	-0.0397597	0.998619	0.253348	-0.292803	14.7735	
0.999328	0.000776995	-0.0366504	0.00077958	0.999099	0.0424375	0.0366503	-0.0424376	0.998427	0.288328	-0.3333	15.7574	
0.999241	0.000877978	-0.0389532	0.000881083	0.998981	0.0451182	0.0389531	-0.0451182	0.998222	0.325576	-0.376437	16.7411	
0.999148	0.000985209	-0.0412569	0.0009889	0.998856	0.0478015	0.0412568	-0.0478015	0.998004	0.365094	-0.422216	17.7246	
0.99905	0.0010987	-0.0435613	0.00110304	0.998724	0.0504873	0.0435612	-0.0504874	0.997774	0.406881	-0.470641	18.7079	
0.998947	0.00121845	-0.0458664	0.00122353	0.998584	0.0531756	0.0458662	-0.0531757	0.997531	0.45094	-0.521713	19.6909	
0.998838	0.00134448	-0.048172	0.00135037	0.998437	0.0558661	0.0481718	-0.0558663	0.997276	0.497271	-0.575436	20.6737	
0.998724	0.0014768	-0.050478	0.00148357	0.998283	0.0585589	0.0504778	-0.0585591	0.997007	0.545873	-0.631811	21.6563	
0.998605	0.0016154	-0.0527844	0.00162315	0.998121	0.0612538	0.0527842	-0.061254	0.996726	0.596748	-0.69084	22.6385	
0.99848	0.0017603	-0.055091	0.00176911	0.997951	0.0639506	0.0550907	-0.0639509	0.996431	0.649895	-0.752526	23.6205	
0.99835	0.00191149	-0.0573978	0.00192146	0.997775	0.0666493	0.0573975	-0.0666496	0.996124	0.705316	-0.816869	24.6022	
0.998214	0.00206899	-0.0597046	0.00208021	0.99759	0.0693498	0.0597042	-0.0693501	0.995804	0.763009	-0.883873	25.5836	
0.998073	0.0022328	-0.0620114	0.00224538	0.997398	0.0720519	0.0620109	-0.0720523	0.995471	0.822975	-0.953539	26.5646	
0.997927	0.00240291	-0.064318	0.00241695	0.997199	0.0747555	0.0643175	-0.0747559	0.995126	0.885215	-1.02587	27.5454	
0.997775	0.00257934	-0.0666244	0.00259495	0.996992	0.0774605	0.0666238	-0.077461	0.994767	0.949726	-1.10086	28.5257	
0.997618	0.00276207	-0.0689304	0.00277937	0.996778	0.0801668	0.0689297	-0.0801674	0.994395	1.01651	-1.17852	29.5058	
0.997455	0.00295112	-0.071236	0.00297023	0.996556	0.0828742	0.0712352	-0.0828749	0.994011	1.08557	-1.25885	30.4854	
0.997287	0.00314649	-0.073541	0.00316751	0.996326	0.0855828	0.0735401	-0.0855836	0.993613	1.15689	-1.34184	31.4647	
0.997114	0.00334816	-0.0758454	0.00337123	0.996089	0.0882923	0.0758444	-0.0882931	0.993203	1.23049	-1.42751	32.4435	
0.996935	0.00355614	-0.0781491	0.00358139	0.995844	0.0910026	0.078148	-0.0910036	0.99278	1.30636	-1.51585	33.422	
0.996751	0.00377042	-0.080452	0.00379799	0.995592	0.0937136	0.0804507	-0.0937148	0.992343	1.3845	-1.60685	34.4	
0.996562	0.003991	-0.0827539	0.00402102	0.995332	0.0964253	0.0827524	-0.0964266	0.991894	1.46491	-1.70053	35.3776	
0.996367	0.00421788	-0.0850548	0.00425049	0.995065	0.0991375	0.0850532	-0.0991389	0.991432	1.54758	-1.79688	36.3547	
0.996167	0.00445105	-0.0873546	0.0044864	0.99479	0.10185	0.0873528	-0.101852	0.990957	1.63252	-1.8959	37.3314	
0.995962	0.00469051	-0.0896532	0.00472874	0.994507	0.104563	0.0896511	-0.104565	0.990469	1.71973	-1.9976	38.3076	
0.995751	0.00493624	-0.0919504	0.00497751	0.994217	0.107276	0.0919482	-0.107278	0.989968	1.8092	-2.10197	39.2833	
0.995535	0.00518824	-0.0942463	0.0052327	0.993919	0.109989	0.0942438	-0.109991	0.989454	1.90093	-2.20901	40.2585	
0.995314	0.00544651	-0.0965406	0.00549432	0.993614	0.112702	0.0965379	-0.112704	0.988928	1.99492	-2.31873	41.2332	
0.995088	0.00571102	-0.0988334	0.00576235	0.993301	0.115414	0.0988304	-0.115417	0.988388	2.09118	-2.43112	42.2074	
0.994856	0.00598177	-0.101124	0.0060368	0.99298	0.118127	0.101121	-0.11813	0.987836	2.18969	-2.54618	43.1811	
0.994619	0.00625876	-0.103414	0.00631764	0.992652	0.120839	0.10341	-0.120842	0.987271	2.29046	-2.66392	44.1541	
0.994376	0.00654196	-0.105701	0.00660488	0.992316	0.123551	0.105697	-0.123554	0.986693	2.39348	-2.78433	45.1267	
0.994129	0.00683137	-0.107987	0.0068985	0.991973	0.126261	0.107982	-0.126265	0.986102	2.49875	-2.90741	46.0986	
0.993876	0.00712698	-0.11027	0.00719851	0.991622	0.128972	0.110265	-0.128976	0.985498	2.60628	-3.03316	47.07	
0.993618	0.00742876	-0.112551	0.00750487	0.991264	0.131681	0.112546	-0.131685	0.984882	2.71605	-3.16158	48.0407	
0.993355	0.0077367	-0.11483	0.00781759	0.990898	0.134389	0.114825	-0.134394	0.984253	2.82807	-3.29267	49.0109	
0.993087	0.0080508	-0.117107	0.00813666	0.990524	0.137096	0.117101	-0.137101	0.983611	2.94234	-3.42643	49.9804	
0.992813	0.00837102	-0.119381	0.00846205	0.990143	0.139802	0.119375	-0.139808	0.982957	3.05884	-3.56286	50.9493	
0.992535	0.00869736	-0.121653	0.00879376	0.989755	0.142507	0.121646	-0.142513	0.982289	3.17759	-3.70195	51.9175	
0.992251	0.00902979	-0.123922	0.00913177	0.989359	0.14521	0.123914	-0.145217	0.98161	3.29857	-3.84371	52.8851	
0.991962	0.00936831	-0.126188	0.00947607	0.988955	0.147912	0.12618	-0.147919	0.980917	3.42179	-3.98813	53.852	
0.991668	0.00971288	-0.128452	0.00982663	0.988544	0.150612	0.128443	-0.15062	0.980212	3.54723	-4.13521	54.8182	
0.991369	0.0100635	-0.130712	0.0101835	0.988126	0.153311	0.130703	-0.153318	0.979495	3.67491	-4.28496	55.7837	
0.991065	0.0104201	-0.13297	0.0105465	0.9877	0.156007	0.13296	-0.156016	0.978765	3.80481	-4.43736	56.7485	
0.990756	0.0107827	-0.135224	0.0109158	0.987266	0.158702	0.135214	-0.158711	0.978023	3.93693	-4.59242	57.7126	
0.990442	0.0111513	-0.137476	0.0112913	0.986825	0.161394	0.137464	-0.161404	0.977268	4.07127	-4.75013	58.6759	
0.990123	0.0115259	-0.139724	0.0116729	0.986377	0.164084	0.139712	-0.164095	0.976501	4.20783	-4.9105	59.6385	
0.9898	0.0119063	-0.141969	0.0120607	0.985922	0.166772	0.141956	-0.166783	0.975721	4.3466	-5.07351	60.6003	
0.989471	0.0122927	-0.14421	0.0124547	0.985459	0.169458	0.144196	-0.169469	0.97493	4.48758	-5.23918	61.5613	
0.989652	0.0120768	-0.142976	0.0127556	0.985101	0.171501	0.142917	-0.17155	0.974754	4.62904	-5.40719	62.5219	
0.989833	0.011858	-0.14174	0.013054	0.984739	0.173545	0.141635	-0.173631	0.974573	4.76923	-5.57725	63.4823	
0.990012	0.0116361	-0.140502	0.01335	0.984373	0.175591	0.14035	-0.175713	0.974385	4.90816	-5.74937	64.4425	
0.99019	0.0114113	-0.139263	0.0136434	0.984001	0.177637	0.139062	-0.177795	0.974192	5.04582	-5.92353	65.4025	
0.990366	0.0111835	-0.138022	0.0139342	0.983626	0.179684	0.137772	-0.179876	0.973994	5.18221	-6.09975	66.3623	
0.990541	0.0109527	-0.13678	0.0142224	0.983246	0.18173	0.136479	-0.181957	0.973789	5.31732	-6.27801	67.322	
0.990714	0.010719	-0.135537	0.0145079	0.982861	0.183777	0.135183	-0.184037	0.973579	5.45117	-6.45833	68.2814	
0.990886	0.0104824	-0.134292	0.0147906	0.982472	0.185823	0.133886	-0.186116	0.973363	5.58373	-6.6407	69.2406	
0.991057	0.0102428	-0.133046	0.0150706	0.982079	0.187868	0.132586	-0.188193	0.973142	5.71501	-6.82511	70.1996	
0.991226	0.0100002	-0.131799	0.0153477	0.981681	0.189912	0.131283	-0.190268	0.972915	5.84502	-7.01157	71.1584	
0.994117	0.00543863	-0.108172	0.0148223	0.98251	0.185618	0.107289	-0.18613	0.97665	5.96256	-7.19702	72.1189	
0.996426	0.000978713	-0.0844613	0.0144027	0.983321	0.18131	0.08323	-0.181878	0.979792	6.05643	-7.37834	73.0829	
0.998151	-0.00337682	-0.0606821	0.0140892	0.984112	0.176989	0.0591203	-0.177516	0.98234	6.12657	-7.55541	74.0496	
0.999292	-0.00762532	-0.0368483	0.013882	0.984884	0.172658	0.0349748	-0.173047	0.984292	6.17293	-7.72813	75.0186	
0.999847	-0.0117642	-0.0129745	0.0137812	0.985636	0.168319	0.010808	-0.168472	0.985647	6.19548	-7.8964	75.9892	
0.999816	-0.015791	0.0109249	0.0137868	0.986368	0.163976	-0.0133654	-0.163795	0.986404	6.19422	-8.06011	76.9608	
0.999199	-0.0197032	0.0348355	0.0138989	0.987079	0.159631	-0.0375306	-0.159019	0.986562	6.16915	-8.21916	77.9329	
0.997997	-0.0234985	0.0587426	0.0141174	0.987769	0.155287	-0.0616731	-0.154147	0.986121	6.12027	-8.37346	78.9048	
0.99621	-0.0271745	0.0826317	0.0144421	0.988437	0.150946	-0.0857781	-0.14918	0.985082	6.04762	-8.52291	79.876	
0.993839	-0.0307291	0.106488	0.0148729	0.989082	0.146611	-0.109831	-0.144124	0.983446	5.95124	-8.66742	80.8459	
0.990886	-0.0341601	0.130298	0.0154095	0.989706	0.142284	-0.133817	-0.13898	0.981212	5.8312	-8.80691	81.8139	
0.987353	-0.0374653	0.154047	0.0160515	0.990307	0.137969	-0.157723	-0.133751	0.978383	5.68756	-8.94128	82.7794	
0.983242	-0.0406428	0.17772	0.0167986	0.990884	0.133667	-0.181532	-0.128441	0.974961	5.5204	-9.07046	83.7418	
0.978554	-0.0436907	0.201302	0.0176504	0.991438	0.129382	-0.205231	-0.123054	0.970947	5.32985	-9.19438	84.7006	
0.973294	-0.0466071	0.22478	0.0186062	0.991968	0.125115	-0.228806	-0.117592	0.966344	5.11599	-9.31294	85.6551	
0.967464	-0.0493903	0.24814	0.0196656	0.992473	0.12087	-0.252242	-0.112058	0.961154	4.87898	-9.42609	86.6048	
0.961068	-0.0520384	0.271366	0.0208279	0.992955	0.11665	-0.275525	-0.106456	0.955381	4.61895	-9.53375	87.5491	
0.95411	-0.0545501	0.294446	0.0220923	0.993411	0.112456	-0.29864	-0.10079	0.949029	4.33606	-9.63586	88.4874	
0.946594	-0.0569236	0.317365	0.0234582	0.993842	0.108291	-0.321575	-0.0950627	0.9421	4.03048	-9.73236	89.4191	
0.938524	-0.0591577	0.340109	0.0249247	0.994248	0.104158	-0.344314	-0.0892777	0.9346	3.70239	-9.82319	90.3438	
0.929905	-0.0612508	0.362664	0.0264908	0.994629	0.100059	-0.366845	-0.0834384	0.926533	3.352	-9.90828	91.2608	
0.920743	-0.0632018	0.385017	0.0281557	0.994983	0.0959975	-0.389152	-0.0775486	0.917903	2.97952	-9.9876	92.1695	
0.911043	-0.0650095	0.407154	0.0299183	0.995312	0.0919748	-0.411224	-0.0716117	0.908717	2.58517	-10.0611	93.0695	
0.900811	-0.0666728	0.429061	0.0317776	0.995614	0.0879938	-0.433046	-0.0656313	0.898979	2.1692	-10.1287	93.9602	
0.890054	-0.0681906	0.450726	0.0337324	0.99589	0.0840569	-0.454606	-0.0596111	0.888696	1.73185	-10.1904	94.8409	
0.878777	-0.0695621	0.472135	0.0357816	0.996139	0.0801665	-0.475889	-0.0535547	0.877873	1.2734	-10.2462	95.7113	
