1	0	0	0	1	0	0	0	1	0	0	0	
1	1.76592e-06	0.000871291	1.76592e-06	0.999992	-0.00405356	-0.000871291	0.00405356	0.999991	-0.00038152	0.00177497	0.875755	
0.999998	7.07405e-06	0.00174398	7.07184e-06	0.999967	-0.00811112	-0.00174398	0.00811112	0.999966	-0.00152669	0.00710164	1.7515	
0.999997	1.59392e-05	0.00261805	1.59304e-05	0.999926	-0.0121725	-0.00261805	0.0121725	0.999922	-0.00343674	0.0159834	2.6272	
0.999994	2.83759e-05	0.00349346	2.83538e-05	0.999868	-0.0162377	-0.00349346	0.0162377	0.999862	-0.00611284	0.0284237	3.50287	
0.99999	4.43985e-05	0.0043702	4.43544e-05	0.999794	-0.0203065	-0.0043702	0.0203065	0.999784	-0.00955618	0.0444256	4.37847	
0.999986	6.40213e-05	0.00524823	6.39439e-05	0.999703	-0.0243787	-0.00524824	0.0243787	0.999689	-0.0137679	0.0639924	5.254	
0.999981	8.72579e-05	0.00612754	8.71341e-05	0.999595	-0.0284543	-0.00612754	0.0284543	0.999576	-0.0187491	0.0871269	6.12944	
0.999975	0.000114122	0.00700808	0.000113936	0.999471	-0.0325332	-0.00700809	0.0325332	0.999446	-0.0245009	0.113832	7.00477	
0.999969	0.000144628	0.00788985	0.000144362	0.999329	-0.0366151	-0.00788985	0.0366151	0.999298	-0.0310244	0.144111	7.87998	
0.999962	0.000178787	0.0087728	0.000178421	0.999171	-0.0407001	-0.0087728	0.0407001	0.999133	-0.0383207	0.177965	8.75505	
0.999953	0.000216614	0.00965691	0.000216126	0.998996	-0.0447878	-0.00965692	0.0447878	0.99895	-0.0463907	0.215399	9.62997	
0.999944	0.000258121	0.0105422	0.000257485	0.998805	-0.0488783	-0.0105422	0.0488783	0.998749	-0.0552354	0.256413	10.5047	
0.999935	0.00030332	0.0114285	0.000302511	0.998596	-0.0529714	-0.0114285	0.0529714	0.998531	-0.064856	0.301011	11.3793	
0.999924	0.000352224	0.012316	0.000351212	0.99837	-0.057067	-0.012316	0.057067	0.998294	-0.0752532	0.349195	12.2537	
0.999913	0.000404845	0.0132045	0.000403598	0.998128	-0.0611649	-0.0132045	0.0611649	0.99804	-0.0864281	0.400966	13.1278	
0.999901	0.000461195	0.014094	0.000459679	0.997868	-0.065265	-0.014094	0.065265	0.997768	-0.0983816	0.456327	14.0017	
0.999888	0.000521285	0.0149845	0.000519465	0.997591	-0.0693672	-0.0149846	0.0693672	0.997479	-0.111115	0.51528	14.8754	
0.999874	0.000585126	0.015876	0.000582963	0.997297	-0.0734714	-0.0158761	0.0734714	0.997171	-0.124628	0.577826	15.7488	
0.999859	0.000652731	0.0167685	0.000650184	0.996986	-0.0775774	-0.0167686	0.0775774	0.996845	-0.138922	0.643967	16.622	
0.999844	0.000724109	0.0176619	0.000721136	0.996658	-0.0816851	-0.017662	0.0816851	0.996502	-0.153999	0.713705	17.4948	
0.999828	0.000799272	0.0185561	0.000795826	0.996313	-0.0857944	-0.0185563	0.0857944	0.99614	-0.169858	0.787041	18.3673	
0.99981	0.000878229	0.0194513	0.000874264	0.99595	-0.0899052	-0.0194515	0.0899051	0.99576	-0.186501	0.863976	19.2396	
0.999793	0.000960992	0.0203473	0.000956457	0.99557	-0.0940172	-0.0203475	0.0940172	0.995363	-0.203928	0.944512	20.1114	
0.999774	0.00104757	0.0212441	0.00104241	0.995173	-0.0981305	-0.0212443	0.0981305	0.994947	-0.22214	1.02865	20.9829	
0.999754	0.00113797	0.0221416	0.00113214	0.994759	-0.102245	-0.0221419	0.102245	0.994513	-0.241138	1.11639	21.8541	
0.999734	0.00123221	0.02304	0.00122564	0.994327	-0.10636	-0.0230403	0.10636	0.994061	-0.260922	1.20773	22.7248	
0.999713	0.00133029	0.023939	0.00132293	0.993878	-0.110476	-0.0239394	0.110476	0.99359	-0.281494	1.30268	23.5952	
0.99969	0.00143222	0.0248388	0.00142401	0.993411	-0.114593	-0.0248393	0.114593	0.993102	-0.302853	1.40123	24.4651	
0.999668	0.00153802	0.0257393	0.00152889	0.992928	-0.118711	-0.0257398	0.11871	0.992595	-0.325001	1.50339	25.3346	
0.999644	0.00164769	0.0266404	0.00163757	0.992427	-0.122828	-0.026641	0.122828	0.99207	-0.347937	1.60916	26.2037	
0.999619	0.00176123	0.0275421	0.00175006	0.991908	-0.126947	-0.0275428	0.126946	0.991527	-0.371663	1.71853	27.0722	
0.999594	0.00187866	0.0284444	0.00186637	0.991372	-0.131065	-0.0284452	0.131065	0.990966	-0.396179	1.83151	27.9403	
0.999567	0.00199999	0.0293473	0.0019865	0.990819	-0.135183	-0.0293482	0.135183	0.990386	-0.421486	1.94809	28.8079	
0.99954	0.00212522	0.0302507	0.00211045	0.990248	-0.139302	-0.0302517	0.139302	0.989788	-0.447583	2.06828	29.675	
0.999512	0.00225436	0.0311546	0.00223824	0.989659	-0.14342	-0.0311558	0.14342	0.989171	-0.474472	2.19208	30.5416	
0.999483	0.00238741	0.032059	0.00236987	0.989054	-0.147538	-0.0320604	0.147538	0.988537	-0.502153	2.31948	31.4076	
0.999453	0.00252439	0.0329639	0.00250534	0.98843	-0.151655	-0.0329654	0.151655	0.987884	-0.530627	2.4505	32.273	
0.999423	0.00266531	0.0338692	0.00264465	0.987789	-0.155772	-0.0338709	0.155772	0.987212	-0.559893	2.58511	33.1378	
0.999391	0.00281016	0.0347749	0.00278781	0.987131	-0.159888	-0.0347767	0.159888	0.986522	-0.589952	2.72333	34.0021	
0.999359	0.00295895	0.035681	0.00293483	0.986455	-0.164004	-0.035683	0.164003	0.985814	-0.620805	2.86516	34.8657	
0.999326	0.0031117	0.0365875	0.00308571	0.985762	-0.168118	-0.0365897	0.168118	0.985088	-0.652452	3.01059	35.7288	
0.999292	0.0032684	0.0374942	0.00324045	0.985051	-0.172232	-0.0374966	0.172231	0.984343	-0.684893	3.15962	36.5911	
0.999257	0.00342906	0.0384013	0.00339906	0.984323	-0.176344	-0.0384039	0.176343	0.983579	-0.718128	3.31225	37.4528	
0.999221	0.00359369	0.0393086	0.00356153	0.983577	-0.180455	-0.0393115	0.180454	0.982797	-0.752158	3.46849	38.3139	
0.999184	0.00376229	0.0402161	0.00372788	0.982813	-0.184565	-0.0402193	0.184564	0.981997	-0.786983	3.62832	39.1742	
0.999146	0.00393487	0.0411239	0.0038981	0.982032	-0.188673	-0.0411274	0.188672	0.981179	-0.822603	3.79175	40.0339	
0.999108	0.00411144	0.0420318	0.00407219	0.981234	-0.192779	-0.0420356	0.192778	0.980342	-0.859018	3.95878	40.8928	
0.999068	0.00429199	0.0429399	0.00425017	0.980418	-0.196883	-0.042944	0.196883	0.979486	-0.896229	4.12941	41.7509	
0.999028	0.00447653	0.0438481	0.00443203	0.979584	-0.200986	-0.0438526	0.200985	0.978612	-0.934236	4.30362	42.6084	
0.998987	0.00466507	0.0447564	0.00461777	0.978733	-0.205087	-0.0447613	0.205086	0.97772	-0.973038	4.48143	43.465	
0.998945	0.0048576	0.0456648	0.00480739	0.977864	-0.209185	-0.0456701	0.209184	0.976809	-1.01264	4.66283	44.3208	
0.998902	0.00505414	0.0465732	0.0050009	0.976978	-0.213281	-0.046579	0.21328	0.97588	-1.05303	4.84782	45.1759	
0.998858	0.00525469	0.0474817	0.0051983	0.976074	-0.217375	-0.0474879	0.217374	0.974933	-1.09422	5.0364	46.0301	
0.998814	0.00545924	0.0483901	0.00539958	0.975153	-0.221466	-0.0483968	0.221465	0.973967	-1.13621	5.22856	46.8835	
0.998768	0.00566781	0.0492985	0.00560476	0.974214	-0.225555	-0.0493057	0.225553	0.972982	-1.17899	5.42429	47.736	
0.998722	0.00588039	0.0502068	0.00581382	0.973258	-0.22964	-0.0502146	0.229639	0.97198	-1.22257	5.62361	48.5877	
0.998674	0.00609699	0.0511151	0.00602677	0.972284	-0.233723	-0.0511234	0.233722	0.970959	-1.26694	5.82651	49.4384	
0.998626	0.00631761	0.0520232	0.00624361	0.971293	-0.237803	-0.0520321	0.237801	0.969919	-1.31211	6.03298	50.2883	
0.998577	0.00654225	0.0529312	0.00646435	0.970285	-0.24188	-0.0529407	0.241878	0.968861	-1.35807	6.24302	51.1373	
0.99846	0.00707268	0.0550237	0.00685228	0.968522	-0.248834	-0.0550516	0.248828	0.966982	-1.40536	6.45789	51.9849	
0.998339	0.007618	0.0571117	0.00725547	0.966709	-0.255776	-0.0571589	0.255766	0.965048	-1.4545	6.67884	52.8309	
0.998213	0.00817819	0.059195	0.00767388	0.964845	-0.262706	-0.0592625	0.26269	0.963059	-1.50548	6.90587	53.6752	
0.998083	0.00875322	0.0612735	0.00810749	0.962932	-0.269622	-0.0613623	0.269602	0.961015	-1.5583	7.13895	54.5177	
0.997948	0.00934306	0.0633472	0.00855627	0.960969	-0.276525	-0.0634583	0.2765	0.958917	-1.61295	7.37807	55.3584	
0.997808	0.00994769	0.065416	0.0090202	0.958955	-0.283414	-0.0655503	0.283383	0.956764	-1.66944	7.62324	56.1973	
0.997665	0.0105671	0.0674798	0.00949924	0.956892	-0.290289	-0.0676384	0.290252	0.954557	-1.72776	7.87442	57.0342	
0.997516	0.0112012	0.0695384	0.00999337	0.954779	-0.297148	-0.0697223	0.297105	0.952296	-1.78791	8.13161	57.8692	
0.997364	0.01185	0.0715919	0.0105025	0.952617	-0.303992	-0.071802	0.303943	0.949981	-1.84988	8.3948	58.7021	
0.997206	0.0125135	0.0736401	0.0110267	0.950405	-0.31082	-0.0738774	0.310764	0.947612	-1.91367	8.66397	59.5331	
0.997045	0.0131916	0.075683	0.0115659	0.948144	-0.317632	-0.0759484	0.317569	0.945189	-1.97928	8.9391	60.3619	
0.996879	0.0138844	0.0777204	0.0121201	0.945833	-0.324427	-0.078015	0.324356	0.942712	-2.04669	9.22019	61.1886	
0.996708	0.0145917	0.0797522	0.0126891	0.943474	-0.331204	-0.080077	0.331126	0.940183	-2.11592	9.50721	62.013	
0.996533	0.0153136	0.0817785	0.013273	0.941066	-0.337964	-0.0821343	0.337878	0.937599	-2.18695	9.80016	62.8353	
0.996353	0.0160501	0.083799	0.0138718	0.938609	-0.344705	-0.084187	0.344611	0.934963	-2.25978	10.099	63.6553	
0.99617	0.016801	0.0858138	0.0144854	0.936103	-0.351428	-0.0862348	0.351325	0.932274	-2.3344	10.4037	64.4729	
0.995981	0.0175664	0.0878226	0.0151137	0.933549	-0.358131	-0.0882778	0.358019	0.929532	-2.41082	10.7143	65.2881	
0.995789	0.0183462	0.0898255	0.0157567	0.930947	-0.364815	-0.0903158	0.364694	0.926737	-2.48902	11.0308	66.101	
0.995591	0.0191404	0.0918224	0.0164145	0.928297	-0.371478	-0.0923487	0.371348	0.92389	-2.56901	11.3531	66.9113	
0.99539	0.0199489	0.0938132	0.0170868	0.925598	-0.378121	-0.0943764	0.377981	0.920991	-2.65077	11.6812	67.7191	
0.995184	0.0207718	0.0957977	0.0177737	0.922853	-0.384743	-0.096399	0.384593	0.918039	-2.73431	12.0151	68.5244	
0.994974	0.021609	0.0977759	0.0184752	0.920059	-0.391343	-0.0984162	0.391183	0.915036	-2.81961	12.3548	69.3271	
0.994759	0.0224605	0.0997477	0.0191911	0.917219	-0.397921	-0.100428	0.39775	0.911981	-2.90668	12.7003	70.1271	
0.993901	0.0258101	0.107217	0.0213075	0.908963	-0.416332	-0.108202	0.416077	0.902869	-2.99804	13.0567	70.9218	
0.992978	0.0293097	0.11461	0.0235811	0.900338	-0.434553	-0.115924	0.434204	0.893324	-3.09619	13.429	71.7084	
0.991992	0.0329577	0.121923	0.0260108	0.891347	-0.452576	-0.123591	0.452123	0.883352	-3.20107	13.8171	72.4864	
0.990944	0.0367522	0.129151	0.0285955	0.881994	-0.470392	-0.131199	0.469825	0.872955	-3.31264	14.2208	73.2554	
0.989833	0.0406916	0.136293	0.0313338	0.872285	-0.487993	-0.138743	0.487302	0.862141	-3.43085	14.64	74.0152	
0.98866	0.0447739	0.143343	0.0342246	0.862223	-0.505371	-0.146221	0.504546	0.850913	-3.55563	15.0743	74.7654	
0.987426	0.0489971	0.1503	0.0372663	0.851814	-0.522517	-0.153629	0.521547	0.839277	-3.68693	15.5236	75.5055	
0.986131	0.0533593	0.157159	0.0404576	0.841063	-0.539422	-0.160964	0.538299	0.827239	-3.82469	15.9877	76.2353	
0.984776	0.0578582	0.163917	0.043797	0.829974	-0.556079	-0.168221	0.554793	0.814805	-3.96884	16.4664	76.9543	
0.983362	0.0624919	0.170572	0.0472827	0.818554	-0.572481	-0.175398	0.57102	0.80198	-4.11931	16.9594	77.6623	
0.981889	0.067258	0.177119	0.0509132	0.806807	-0.588617	-0.18249	0.586974	0.78877	-4.27603	17.4664	78.3589	
0.980358	0.0721543	0.183556	0.0546867	0.794739	-0.604483	-0.189495	0.602647	0.775183	-4.43892	17.9874	79.0437	
0.978769	0.0771784	0.18988	0.0586014	0.782356	-0.620068	-0.196409	0.618031	0.761223	-4.60791	18.5219	79.7165	
0.977124	0.0823279	0.196087	0.0626555	0.769664	-0.635367	-0.203229	0.633119	0.746899	-4.78291	19.0698	80.3769	
0.975424	0.0876004	0.202175	0.0668469	0.756669	-0.650372	-0.209952	0.647903	0.732217	-4.96384	19.6307	81.0246	
0.973668	0.0929933	0.20814	0.0711737	0.743377	-0.665075	-0.216574	0.662376	0.717184	-5.15061	20.2045	81.6593	
0.971859	0.098504	0.21398	0.0756337	0.729795	-0.679469	-0.223092	0.676532	0.701808	-5.34314	20.7908	82.2807	
