1	0	0	0	1	0	0	0	1	0	0	0	
0.999995	3.69806e-07	0.00316243	3.69806e-07	1	-0.000233874	-0.00316243	0.000233874	0.999995	-0.0013624	0.000100755	0.861615	
0.99998	1.48253e-06	0.00633162	1.48279e-06	1	-0.000468331	-0.00633162	0.000468331	0.99998	-0.00545252	0.000403271	1.72322	
0.999955	3.34315e-06	0.00950747	3.3442e-06	1	-0.000703363	-0.00950747	0.000703363	0.999955	-0.0122761	0.000908046	2.58481	
0.999919	5.95657e-06	0.0126898	5.95921e-06	1	-0.000938963	-0.0126898	0.000938963	0.999919	-0.0218389	0.00161557	3.44637	
0.999874	9.32763e-06	0.0158787	9.33293e-06	0.999999	-0.00117512	-0.0158787	0.00117512	0.999873	-0.0341465	0.00252634	4.3079	
0.999818	1.34611e-05	0.0190738	1.34704e-05	0.999999	-0.00141183	-0.0190738	0.00141183	0.999817	-0.0492043	0.00364082	5.16938	
0.999752	1.83617e-05	0.0222751	1.83766e-05	0.999999	-0.00164909	-0.0222751	0.00164909	0.999751	-0.0670178	0.0049595	6.03081	
0.999675	2.4034e-05	0.0254826	2.40564e-05	0.999998	-0.00188688	-0.0254826	0.00188688	0.999673	-0.0875922	0.00648282	6.89218	
0.999588	3.04827e-05	0.028696	3.05147e-05	0.999998	-0.0021252	-0.028696	0.0021252	0.999586	-0.110933	0.00821126	7.75348	
0.999491	3.77122e-05	0.0319153	3.77563e-05	0.999997	-0.00236404	-0.0319153	0.00236404	0.999488	-0.137045	0.0101453	8.6147	
0.999382	4.57269e-05	0.0351404	4.57858e-05	0.999997	-0.00260339	-0.0351404	0.00260339	0.999379	-0.165933	0.0122853	9.47583	
0.999264	5.45312e-05	0.0383711	5.46079e-05	0.999996	-0.00284325	-0.0383711	0.00284325	0.99926	-0.197602	0.0146317	10.3369	
0.999134	6.41293e-05	0.0416074	6.42272e-05	0.999995	-0.0030836	-0.0416074	0.00308361	0.999129	-0.232058	0.0171851	11.1978	
0.998994	7.45256e-05	0.0448491	7.46482e-05	0.999994	-0.00332445	-0.0448491	0.00332445	0.998988	-0.269304	0.0199457	12.0586	
0.998843	8.57241e-05	0.0480961	8.58752e-05	0.999994	-0.00356577	-0.0480961	0.00356577	0.998836	-0.309345	0.0229141	12.9193	
0.998681	9.77289e-05	0.0513483	9.79128e-05	0.999993	-0.00380756	-0.0513483	0.00380757	0.998674	-0.352187	0.0260906	13.7798	
0.998508	0.000110544	0.0546056	0.000110765	0.999992	-0.00404982	-0.0546056	0.00404983	0.9985	-0.397833	0.0294756	14.6402	
0.998324	0.000124173	0.0578679	0.000124436	0.999991	-0.00429254	-0.0578679	0.00429254	0.998315	-0.446287	0.0330696	15.5005	
0.998129	0.000138621	0.0611351	0.000138931	0.99999	-0.0045357	-0.0611351	0.00453571	0.998119	-0.497555	0.0368729	16.3605	
0.997924	0.00015389	0.0644071	0.000154253	0.999989	-0.0047793	-0.0644071	0.00477932	0.997912	-0.551639	0.0408859	17.2204	
0.997707	0.000169985	0.0676836	0.000170405	0.999987	-0.00502334	-0.0676836	0.00502335	0.997694	-0.608545	0.0451089	18.0802	
0.997479	0.00018691	0.0709648	0.000187394	0.999986	-0.0052678	-0.0709648	0.00526782	0.997465	-0.668276	0.0495425	18.9397	
0.99724	0.000204667	0.0742503	0.000205221	0.999985	-0.00551268	-0.0742503	0.0055127	0.997224	-0.730836	0.0541868	19.799	
0.996989	0.00022326	0.0775402	0.000223891	0.999983	-0.00575796	-0.0775402	0.00575799	0.996973	-0.796228	0.0590423	20.6581	
0.996728	0.000242694	0.0808343	0.000243408	0.999982	-0.00600365	-0.0808343	0.00600367	0.996709	-0.864458	0.0641093	21.517	
0.996455	0.00026297	0.0841324	0.000263775	0.99998	-0.00624972	-0.0841324	0.00624975	0.996435	-0.935527	0.0693882	22.3757	
0.99617	0.000284093	0.0874346	0.000284995	0.999979	-0.00649618	-0.0874346	0.00649622	0.996149	-1.00944	0.0748793	23.2341	
0.995875	0.000306065	0.0907406	0.000307074	0.999977	-0.00674301	-0.0907406	0.00674306	0.995852	-1.0862	0.0805829	24.0923	
0.995567	0.000328891	0.0940504	0.000330013	0.999976	-0.00699022	-0.0940504	0.00699027	0.995543	-1.16581	0.0864993	24.9502	
0.995249	0.000352572	0.0973638	0.000353816	0.999974	-0.00723778	-0.0973638	0.00723784	0.995223	-1.24827	0.0926289	25.8078	
0.994919	0.000377112	0.100681	0.000378486	0.999972	-0.00748569	-0.100681	0.00748576	0.994891	-1.33359	0.0989719	26.6652	
0.994577	0.000402513	0.104001	0.000404028	0.99997	-0.00773394	-0.104001	0.00773402	0.994547	-1.42177	0.105529	27.5223	
0.994224	0.00042878	0.107325	0.000430443	0.999968	-0.00798253	-0.107325	0.00798262	0.994192	-1.51281	0.1123	28.379	
0.993859	0.000455913	0.110652	0.000457735	0.999966	-0.00823144	-0.110652	0.00823155	0.993825	-1.60672	0.119285	29.2355	
0.993483	0.000483917	0.113982	0.000485908	0.999964	-0.00848068	-0.113981	0.00848079	0.993447	-1.70349	0.126485	30.0916	
0.993095	0.000512793	0.117314	0.000514963	0.999962	-0.00873022	-0.117314	0.00873035	0.993056	-1.80313	0.133899	30.9474	
0.992695	0.000542545	0.12065	0.000544904	0.99996	-0.00898006	-0.12065	0.00898021	0.992654	-1.90565	0.141529	31.8029	
0.992283	0.000573174	0.123989	0.000575733	0.999957	-0.0092302	-0.123989	0.00923036	0.992241	-2.01104	0.149374	32.658	
0.99186	0.000604684	0.12733	0.000607454	0.999955	-0.00948062	-0.12733	0.0094808	0.991815	-2.11931	0.157435	33.5127	
0.991425	0.000637076	0.130673	0.000640068	0.999952	-0.00973132	-0.130673	0.00973152	0.991378	-2.23046	0.165712	34.3671	
0.990978	0.000670353	0.13402	0.000673579	0.99995	-0.00998229	-0.13402	0.0099825	0.990928	-2.3445	0.174205	35.2211	
0.99052	0.000704516	0.137368	0.00070799	0.999947	-0.0102335	-0.137368	0.0102338	0.990467	-2.46141	0.182915	36.0747	
0.990049	0.000739569	0.140718	0.000743301	0.999945	-0.010485	-0.140718	0.0104853	0.989994	-2.58121	0.19184	36.9279	
0.989567	0.000775512	0.144071	0.000779516	0.999942	-0.0107367	-0.144071	0.010737	0.989509	-2.7039	0.200983	37.7807	
0.989073	0.000812349	0.147426	0.000816638	0.999939	-0.0109887	-0.147426	0.010989	0.989012	-2.82948	0.210343	38.6331	
0.988567	0.000850081	0.150782	0.000854667	0.999936	-0.0112409	-0.150782	0.0112412	0.988503	-2.95795	0.21992	39.485	
0.988049	0.000888709	0.15414	0.000893607	0.999934	-0.0114933	-0.15414	0.0114936	0.987982	-3.08932	0.229714	40.3365	
0.987519	0.000928235	0.1575	0.000933459	0.999931	-0.0117459	-0.1575	0.0117463	0.987449	-3.22357	0.239726	41.1875	
0.986977	0.000968662	0.160862	0.000974226	0.999928	-0.0119987	-0.160862	0.0119992	0.986904	-3.36073	0.249956	42.0381	
0.986423	0.00100999	0.164224	0.00101591	0.999924	-0.0122517	-0.164224	0.0122522	0.986347	-3.50078	0.260404	42.8882	
0.985857	0.00105222	0.167588	0.00105851	0.999921	-0.0125049	-0.167588	0.0125054	0.985778	-3.64372	0.271069	43.7378	
0.985278	0.00109536	0.170954	0.00110203	0.999918	-0.0127583	-0.170954	0.0127589	0.985196	-3.78957	0.281954	44.5869	
0.984688	0.0011394	0.17432	0.00114647	0.999915	-0.0130118	-0.17432	0.0130125	0.984603	-3.93832	0.293056	45.4355	
0.984086	0.00118435	0.177687	0.00119184	0.999911	-0.0132655	-0.177687	0.0132662	0.983998	-4.08996	0.304377	46.2836	
0.983472	0.00123021	0.181055	0.00123813	0.999908	-0.0135194	-0.181055	0.0135201	0.98338	-4.24451	0.315917	47.1312	
0.982846	0.00127698	0.184424	0.00128534	0.999904	-0.0137734	-0.184424	0.0137742	0.98275	-4.40197	0.327676	47.9782	
0.982208	0.00132465	0.187794	0.00133349	0.999901	-0.0140275	-0.187794	0.0140284	0.982108	-4.56232	0.339653	48.8247	
0.981557	0.00137324	0.191164	0.00138256	0.999897	-0.0142818	-0.191164	0.0142827	0.981454	-4.72558	0.35185	49.6706	
0.980296	0.00146947	0.197531	0.00159462	0.999881	-0.015352	-0.19753	0.0153645	0.980176	-4.89303	0.364622	50.5157	
0.978992	0.00157277	0.203893	0.00181341	0.999864	-0.0164198	-0.203891	0.0164446	0.978856	-5.06597	0.378326	51.3596	
0.977647	0.00168312	0.210248	0.00203894	0.999845	-0.0174851	-0.210245	0.017523	0.977492	-5.24438	0.392959	52.2025	
0.976259	0.00180052	0.216597	0.00227118	0.999825	-0.0185481	-0.216593	0.0185997	0.976085	-5.42827	0.408521	53.0441	
0.97483	0.00192496	0.22294	0.00251013	0.999805	-0.0196086	-0.222934	0.0196747	0.974635	-5.61762	0.42501	53.8845	
0.97336	0.00205643	0.229275	0.00275578	0.999783	-0.0206667	-0.229267	0.0207479	0.973142	-5.81243	0.442425	54.7236	
0.971847	0.00219493	0.235602	0.00300811	0.99976	-0.0217223	-0.235593	0.0218195	0.971607	-6.0127	0.460763	55.5614	
0.970293	0.00234044	0.241921	0.00326711	0.999735	-0.0227755	-0.241911	0.0228893	0.970029	-6.21841	0.480024	56.3979	
0.968697	0.00249295	0.248232	0.00353277	0.99971	-0.0238262	-0.248219	0.0239573	0.968408	-6.42956	0.500206	57.233	
0.96706	0.00265246	0.254534	0.00380509	0.999683	-0.0248744	-0.254519	0.0250235	0.966744	-6.64615	0.521307	58.0667	
0.965382	0.00281894	0.260826	0.00408405	0.999656	-0.0259201	-0.26081	0.026088	0.965038	-6.86816	0.543327	58.8989	
0.963662	0.0029924	0.267109	0.00436964	0.999627	-0.0269633	-0.26709	0.0271507	0.963289	-7.09558	0.566262	59.7296	
0.9619	0.00317281	0.273381	0.00466186	0.999597	-0.028004	-0.27336	0.0282115	0.961498	-7.32841	0.590113	60.5588	
0.960098	0.00336017	0.279643	0.00496069	0.999566	-0.0290422	-0.279619	0.0292706	0.959665	-7.56664	0.614877	61.3865	
0.958255	0.00355446	0.285894	0.00526612	0.999534	-0.0300779	-0.285868	0.0303278	0.957789	-7.81026	0.640552	62.2126	
0.95637	0.00375567	0.292134	0.00557815	0.9995	-0.031111	-0.292105	0.0313832	0.955871	-8.05926	0.667138	63.037	
0.954445	0.00396378	0.298361	0.00589677	0.999466	-0.0321416	-0.298329	0.0324367	0.953912	-8.31362	0.694632	63.8597	
0.952479	0.00417878	0.304577	0.00622196	0.99943	-0.0331696	-0.304542	0.0334884	0.95191	-8.57334	0.723034	64.6808	
0.950472	0.00440065	0.31078	0.00655372	0.999394	-0.034195	-0.310742	0.0345382	0.949867	-8.83841	0.75234	65.5001	
0.948424	0.00462939	0.316969	0.00689205	0.999356	-0.0352179	-0.316928	0.0355861	0.947782	-9.10882	0.78255	66.3176	
0.946337	0.00486496	0.323146	0.00723693	0.999317	-0.0362382	-0.323101	0.0366321	0.945655	-9.38455	0.813663	67.1333	
0.944209	0.00510736	0.329308	0.00758836	0.999277	-0.0372559	-0.32926	0.0376762	0.943487	-9.66559	0.845675	67.9472	
0.94204	0.00535657	0.335457	0.00794633	0.999236	-0.0382709	-0.335405	0.0387184	0.941278	-9.95194	0.878587	68.7592	
0.939832	0.00561257	0.34159	0.00831083	0.999194	-0.0392834	-0.341535	0.0397587	0.939028	-10.2436	0.912396	69.5692	
0.937584	0.00587534	0.347709	0.00868186	0.99915	-0.0402932	-0.34765	0.0407971	0.936736	-10.5405	0.9471	70.3773	
0.930147	0.00678082	0.367125	0.0106664	0.998909	-0.0454741	-0.367033	0.0462135	0.929059	-10.8484	0.984586	71.1811	
0.922308	0.00779881	0.386378	0.012758	0.998637	-0.0506111	-0.386246	0.0516084	0.920951	-11.1729	1.02673	71.9782	
0.914071	0.00892883	0.405457	0.0149559	0.998335	-0.0557019	-0.405279	0.0569795	0.912416	-11.5139	1.07351	72.768	
0.905439	0.0101704	0.424354	0.0172589	0.998004	-0.0607441	-0.424124	0.062324	0.903457	-11.8712	1.12491	73.5503	
0.896418	0.0115228	0.44306	0.0196661	0.997643	-0.0657355	-0.442773	0.0676397	0.894079	-12.2447	1.1809	74.3248	
0.887011	0.0129856	0.461566	0.0221763	0.997253	-0.0706735	-0.461216	0.072924	0.884286	-12.6342	1.24146	75.0909	
0.877222	0.014558	0.479865	0.0247882	0.996833	-0.0755561	-0.479445	0.0781744	0.874083	-13.0394	1.30656	75.8485	
0.867056	0.0162393	0.497947	0.0275008	0.996385	-0.0803809	-0.497452	0.0833886	0.863474	-13.4603	1.37616	76.5971	
0.856517	0.0180288	0.515804	0.0303128	0.995907	-0.0851456	-0.515228	0.0885641	0.852465	-13.8966	1.45025	77.3363	
0.845611	0.0199255	0.533427	0.0332228	0.995401	-0.0898481	-0.532765	0.0936985	0.84106	-14.3481	1.52877	78.0659	
0.834343	0.0219286	0.55081	0.0362295	0.994867	-0.0944862	-0.550054	0.0987894	0.829265	-14.8146	1.6117	78.7856	
0.822717	0.0240372	0.567943	0.0393316	0.994304	-0.0990577	-0.567089	0.103835	0.817086	-15.2959	1.69899	79.4949	
0.81074	0.0262504	0.584818	0.0425275	0.993714	-0.103561	-0.58386	0.108831	0.804527	-15.7918	1.79061	80.1935	
0.798416	0.0285669	0.601428	0.0458158	0.993095	-0.107993	-0.60036	0.113778	0.791595	-16.302	1.88652	80.8811	
0.785752	0.0309859	0.617765	0.0491949	0.99245	-0.112352	-0.616582	0.118672	0.778295	-16.8262	1.98666	81.5575	
0.772753	0.0335062	0.633822	0.0526633	0.991777	-0.116636	-0.632518	0.12351	0.764635	-17.3644	2.091	82.2222	
