1	0	0	0	1	0	0	0	1	0	0	0	
0.999999	-1.33837e-06	0.0016488	-1.33837e-06	0.999999	0.00162344	-0.0016488	-0.00162344	0.999997	-0.000826899	-0.00081418	1.00303	
0.999995	-5.37203e-06	0.00330329	-5.37215e-06	0.999995	0.00325255	-0.00330329	-0.00325255	0.999989	-0.00331045	-0.00325956	2.00605	
0.999988	-1.21286e-05	0.00496339	-1.21291e-05	0.999988	0.00488726	-0.00496339	-0.00488726	0.999976	-0.00745631	-0.0073418	3.00907	
0.999978	-2.16352e-05	0.00662901	-2.16364e-05	0.999979	0.00652747	-0.00662901	-0.00652747	0.999957	-0.0132701	-0.0130665	4.01206	
0.999966	-3.39187e-05	0.00830007	-3.39211e-05	0.999967	0.00817312	-0.00830007	-0.00817312	0.999932	-0.0207572	-0.020439	5.01504	
0.99995	-4.90055e-05	0.0099765	-4.90096e-05	0.999952	0.00982411	-0.0099765	-0.00982411	0.999902	-0.0299232	-0.0294649	6.01799	
0.999932	-6.69215e-05	0.0116582	-6.69281e-05	0.999934	0.0114804	-0.0116582	-0.0114804	0.999866	-0.0407734	-0.0401495	7.0209	
0.999911	-8.76922e-05	0.0133451	-8.77022e-05	0.999914	0.0131418	-0.0133451	-0.0131418	0.999825	-0.0533129	-0.0524979	8.02378	
0.999887	-0.000111343	0.0150371	-0.000111357	0.99989	0.0148084	-0.0150371	-0.0148084	0.999777	-0.067547	-0.0665153	9.02661	
0.99986	-0.000137898	0.0167341	-0.000137918	0.999864	0.01648	-0.0167341	-0.01648	0.999724	-0.0834808	-0.0822069	10.0294	
0.99983	-0.000167383	0.0184361	-0.000167409	0.999835	0.0181565	-0.0184361	-0.0181565	0.999665	-0.101119	-0.0995777	11.0321	
0.999797	-0.00019982	0.020143	-0.000199854	0.999803	0.0198379	-0.020143	-0.0198379	0.9996	-0.120467	-0.118632	12.0348	
0.999761	-0.000235233	0.0218546	-0.000235277	0.999768	0.0215241	-0.0218546	-0.0215241	0.999529	-0.14153	-0.139376	13.0374	
0.999722	-0.000273646	0.0235709	-0.000273701	0.99973	0.0232149	-0.0235709	-0.0232149	0.999453	-0.164311	-0.161813	14.0399	
0.99968	-0.00031508	0.0252918	-0.000315148	0.99969	0.0249104	-0.0252918	-0.0249104	0.99937	-0.188817	-0.185949	15.0423	
0.999635	-0.000359558	0.0270173	-0.000359641	0.999646	0.0266104	-0.0270173	-0.0266104	0.999281	-0.21505	-0.211788	16.0447	
0.999587	-0.000407102	0.0287471	-0.000407202	0.999599	0.0283149	-0.0287471	-0.0283149	0.999186	-0.243017	-0.239333	17.0469	
0.999535	-0.000457732	0.0304814	-0.000457851	0.999549	0.0300237	-0.0304814	-0.0300237	0.999084	-0.272721	-0.268591	18.0491	
0.999481	-0.00051147	0.0322199	-0.00051161	0.999496	0.0317368	-0.0322199	-0.0317368	0.998977	-0.304167	-0.299565	19.0512	
0.999423	-0.000568335	0.0339626	-0.000568499	0.99944	0.0334541	-0.0339626	-0.0334541	0.998863	-0.337358	-0.332259	20.0531	
0.999362	-0.000628348	0.0357094	-0.000628538	0.999381	0.0351755	-0.0357094	-0.0351755	0.998743	-0.3723	-0.366678	21.0549	
0.999298	-0.000691527	0.0374602	-0.000691747	0.999319	0.036901	-0.0374602	-0.036901	0.998617	-0.408996	-0.402825	22.0567	
0.999231	-0.000757892	0.0392149	-0.000758144	0.999253	0.0386304	-0.0392149	-0.0386304	0.998484	-0.447449	-0.440706	23.0582	
0.99916	-0.000827461	0.0409735	-0.000827748	0.999185	0.0403636	-0.0409735	-0.0403636	0.998345	-0.487665	-0.480322	24.0597	
0.999086	-0.000900252	0.0427358	-0.000900576	0.999113	0.0421007	-0.0427358	-0.0421007	0.998199	-0.529647	-0.521679	25.061	
0.999009	-0.000976282	0.0445019	-0.000976648	0.999038	0.0438414	-0.0445018	-0.0438414	0.998047	-0.573398	-0.564781	26.0621	
0.998928	-0.00105557	0.0462714	-0.00105598	0.99896	0.0455857	-0.0462714	-0.0455857	0.997888	-0.618922	-0.60963	27.0631	
0.998845	-0.00113813	0.0480445	-0.00113859	0.998878	0.0473336	-0.0480445	-0.0473336	0.997723	-0.666223	-0.65623	28.0639	
0.998757	-0.00122397	0.049821	-0.00122448	0.998794	0.0490849	-0.049821	-0.0490849	0.997551	-0.715304	-0.704586	29.0646	
0.998667	-0.00131312	0.0516009	-0.00131369	0.998706	0.0508395	-0.0516009	-0.0508396	0.997373	-0.766168	-0.754699	30.0651	
0.998573	-0.00140559	0.053384	-0.00140622	0.998615	0.0525975	-0.0533839	-0.0525975	0.997188	-0.81882	-0.806575	31.0654	
0.998476	-0.0015014	0.0551702	-0.00150209	0.99852	0.0543586	-0.0551702	-0.0543586	0.996996	-0.873262	-0.860215	32.0655	
0.998375	-0.00160055	0.0569595	-0.00160131	0.998423	0.0561228	-0.0569595	-0.0561228	0.996798	-0.929496	-0.915623	33.0654	
0.998271	-0.00170306	0.0587517	-0.00170389	0.998322	0.05789	-0.0587517	-0.0578901	0.996593	-0.987527	-0.972802	34.0651	
0.998164	-0.00180894	0.0605469	-0.00180985	0.998217	0.0596602	-0.0605469	-0.0596602	0.996381	-1.04736	-1.03176	35.0646	
0.998053	-0.00191821	0.0623449	-0.0019192	0.998109	0.0614332	-0.0623449	-0.0614332	0.996162	-1.10899	-1.09249	36.0639	
0.997938	-0.00203087	0.0641456	-0.00203196	0.997998	0.063209	-0.0641456	-0.063209	0.995937	-1.17243	-1.155	37.063	
0.997821	-0.00214695	0.0659489	-0.00214813	0.997884	0.0649874	-0.0659489	-0.0649875	0.995704	-1.23767	-1.21929	38.0618	
0.997699	-0.00226645	0.0677548	-0.00226772	0.997766	0.0667685	-0.0677548	-0.0667685	0.995465	-1.30473	-1.28537	39.0604	
0.997575	-0.00238937	0.0695631	-0.00239075	0.997645	0.068552	-0.0695631	-0.068552	0.995219	-1.37359	-1.35323	40.0588	
0.997446	-0.00251574	0.0713739	-0.00251722	0.99752	0.070338	-0.0713738	-0.070338	0.994967	-1.44427	-1.42289	41.0569	
0.997315	-0.00264555	0.0731869	-0.00264715	0.997392	0.0721262	-0.0731868	-0.0721263	0.994707	-1.51677	-1.49433	42.0548	
0.99718	-0.00277882	0.0750021	-0.00278054	0.997261	0.0739168	-0.075002	-0.0739168	0.99444	-1.59109	-1.56758	43.0523	
0.997041	-0.00291556	0.0768194	-0.00291741	0.997126	0.0757095	-0.0768193	-0.0757095	0.994166	-1.66723	-1.64262	44.0497	
0.996898	-0.00305577	0.0786387	-0.00305775	0.996987	0.0775042	-0.0786386	-0.0775043	0.993886	-1.7452	-1.71946	45.0467	
0.996753	-0.00319946	0.08046	-0.00320158	0.996846	0.079301	-0.0804599	-0.0793011	0.993598	-1.82499	-1.7981	46.0435	
0.996603	-0.00334664	0.0822831	-0.00334891	0.9967	0.0810996	-0.082283	-0.0810997	0.993304	-1.90661	-1.87854	47.0399	
0.996451	-0.00349731	0.084108	-0.00349973	0.996552	0.0829001	-0.0841079	-0.0829002	0.993002	-1.99005	-1.96079	48.0361	
0.996294	-0.00365148	0.0859345	-0.00365406	0.9964	0.0847023	-0.0859344	-0.0847024	0.992694	-2.07533	-2.04484	49.0319	
0.996134	-0.00380916	0.0877627	-0.0038119	0.996244	0.0865062	-0.0877626	-0.0865063	0.992378	-2.16244	-2.13071	50.0275	
0.995971	-0.00397034	0.0895923	-0.00397326	0.996085	0.0883116	-0.0895922	-0.0883117	0.992056	-2.25139	-2.21838	51.0227	
0.995804	-0.00413504	0.0914234	-0.00413813	0.995922	0.0901185	-0.0914233	-0.0901186	0.991726	-2.34217	-2.30787	52.0176	
0.995633	-0.00430325	0.0932558	-0.00430653	0.995756	0.0919268	-0.0932557	-0.0919269	0.991389	-2.43479	-2.39917	53.0122	
0.995459	-0.00447497	0.0950894	-0.00447845	0.995587	0.0937364	-0.0950893	-0.0937365	0.991046	-2.52925	-2.49228	54.0064	
0.995281	-0.00465022	0.0969242	-0.0046539	0.995414	0.0955472	-0.0969241	-0.0955473	0.990695	-2.62555	-2.58721	55.0003	
0.9951	-0.00482899	0.0987601	-0.00483288	0.995238	0.0973591	-0.0987599	-0.0973593	0.990337	-2.72369	-2.68395	55.9938	
0.994915	-0.00501129	0.100597	-0.00501539	0.995058	0.0991721	-0.100597	-0.0991723	0.989972	-2.82367	-2.78252	56.9869	
0.994726	-0.0051971	0.102435	-0.00520144	0.994874	0.100986	-0.102434	-0.100986	0.9896	-2.92549	-2.8829	57.9797	
0.994534	-0.00538644	0.104273	-0.00539101	0.994687	0.102801	-0.104273	-0.102801	0.989221	-3.02916	-2.9851	58.9721	
0.994338	-0.00557931	0.106112	-0.00558412	0.994497	0.104616	-0.106112	-0.104617	0.988835	-3.13467	-3.08913	59.9642	
0.994139	-0.00577569	0.107952	-0.00578076	0.994303	0.106433	-0.107952	-0.106433	0.988442	-3.24202	-3.19497	60.9558	
0.993937	-0.0059756	0.109793	-0.00598092	0.994106	0.10825	-0.109793	-0.10825	0.988042	-3.35123	-3.30264	61.947	
0.99373	-0.00617902	0.111634	-0.00618462	0.993905	0.110067	-0.111633	-0.110067	0.987635	-3.46228	-3.41213	62.9379	
0.99352	-0.00638596	0.113475	-0.00639183	0.993701	0.111885	-0.113475	-0.111885	0.987221	-3.57517	-3.52344	63.9283	
0.993597	-0.00630853	0.112805	-0.00690218	0.993186	0.116338	-0.112771	-0.116372	0.986783	-3.68864	-3.63791	64.9183	
0.993673	-0.00622832	0.112138	-0.0074096	0.99265	0.120791	-0.112066	-0.120857	0.986324	-3.8014	-3.75689	65.9078	
0.993748	-0.00614531	0.111473	-0.00791403	0.992094	0.125243	-0.111362	-0.125343	0.985844	-3.91345	-3.88036	66.8969	
0.993823	-0.00605949	0.11081	-0.00841544	0.991518	0.129695	-0.110656	-0.129827	0.985343	-4.02479	-4.00833	67.8855	
0.993897	-0.00597084	0.110149	-0.00891379	0.990922	0.134146	-0.10995	-0.134309	0.984821	-4.13543	-4.1408	68.8735	
0.993971	-0.00587932	0.109489	-0.00940903	0.990304	0.138595	-0.109242	-0.138789	0.984278	-4.24536	-4.27776	69.8611	
0.994043	-0.00578492	0.108831	-0.00990114	0.989667	0.143042	-0.108534	-0.143267	0.983715	-4.35458	-4.41922	70.8481	
0.995769	-0.00315364	0.0918423	-0.0117157	0.986899	0.160911	-0.0911466	-0.161306	0.982686	-4.45473	-4.57198	71.8343	
0.997193	-0.000211555	0.0748772	-0.0132137	0.983805	0.178756	-0.0737024	-0.179243	0.98104	-4.5374	-4.74278	72.8192	
0.998315	0.00303949	0.0579459	-0.0143943	0.980385	0.196565	-0.0562119	-0.197068	0.978777	-4.60256	-4.93151	73.8021	
0.999135	0.00659745	0.041059	-0.0152566	0.976643	0.214328	-0.038686	-0.214769	0.975898	-4.65016	-5.13806	74.7825	
0.999652	0.0104601	0.0242271	-0.0158003	0.97258	0.232033	-0.0211357	-0.232335	0.972406	-4.68016	-5.36231	75.7596	
0.999865	0.014625	0.00746089	-0.0160248	0.968199	0.249668	-0.00357224	-0.249754	0.968303	-4.69255	-5.60409	76.733	
0.999775	0.0190895	-0.00922919	-0.0159301	0.963503	0.267224	0.0139935	-0.267017	0.96359	-4.68733	-5.86328	77.7019	
0.999382	0.0238508	-0.0258326	-0.0155162	0.958495	0.284688	0.0315505	-0.284112	0.958272	-4.66448	-6.13969	78.6658	
0.998685	0.028906	-0.0423389	-0.0147834	0.953177	0.302051	0.0490876	-0.301028	0.952351	-4.62404	-6.43316	79.624	
0.997686	0.0342518	-0.0587378	-0.0137322	0.947554	0.3193	0.0665938	-0.317755	0.945832	-4.56602	-6.74351	80.5761	
0.996384	0.0398849	-0.0750189	-0.0123632	0.941629	0.336426	0.0840582	-0.334282	0.938717	-4.49046	-7.07053	81.5212	
0.994781	0.0458017	-0.0911719	-0.0106772	0.935405	0.353416	0.10147	-0.350598	0.931013	-4.39741	-7.41402	82.459	
0.992878	0.0519986	-0.107187	-0.00867543	0.928887	0.370262	0.118817	-0.366695	0.922723	-4.28693	-7.77378	83.3887	
0.990676	0.0584716	-0.123053	-0.00635902	0.922078	0.386951	0.13609	-0.382561	0.913853	-4.15908	-8.14956	84.3098	
0.988176	0.0652166	-0.138762	-0.00372945	0.914983	0.403474	0.153278	-0.398186	0.904408	-4.01395	-8.54114	85.2218	
0.98538	0.0722295	-0.154302	-0.000788383	0.907607	0.41982	0.170369	-0.413561	0.894395	-3.85163	-8.94826	86.1239	
0.98229	0.0795058	-0.169664	0.00246233	0.899953	0.435979	0.187353	-0.428676	0.883819	-3.67222	-9.37068	87.0158	
0.978907	0.0870409	-0.184839	0.00602065	0.892027	0.451941	0.204219	-0.443521	0.872688	-3.47583	-9.80812	87.8967	
0.975233	0.0948301	-0.199817	0.00988434	0.883834	0.467696	0.220957	-0.458088	0.861007	-3.26258	-10.2603	88.7663	
0.971272	0.102869	-0.214588	0.014051	0.875379	0.483233	0.237556	-0.472366	0.848786	-3.03262	-10.727	89.6238	
0.967026	0.111151	-0.229144	0.0185179	0.866667	0.498544	0.254005	-0.486348	0.836031	-2.78608	-11.2078	90.4688	
0.962496	0.119673	-0.243475	0.0232824	0.857703	0.513617	0.270295	-0.500023	0.82275	-2.52313	-11.7025	91.3007	
0.957686	0.128428	-0.257571	0.0283413	0.848494	0.528445	0.286415	-0.513385	0.808952	-2.24391	-12.2108	92.1191	
0.9526	0.137411	-0.271425	0.0336916	0.839045	0.543017	0.302354	-0.526423	0.794645	-1.94862	-12.7323	92.9234	
0.94724	0.146616	-0.285027	0.0393299	0.829362	0.557325	0.318104	-0.539131	0.779838	-1.63743	-13.2667	93.7131	
0.941609	0.156039	-0.29837	0.0452526	0.819451	0.571359	0.333654	-0.551499	0.764542	-1.31055	-13.8137	94.4876	
0.935711	0.165672	-0.311444	0.051456	0.809319	0.585111	0.348993	-0.563521	0.748764	-0.968176	-14.3729	95.2466	
0.929551	0.175509	-0.324241	0.0579362	0.798971	0.598572	0.364114	-0.575188	0.732516	-0.610523	-14.944	95.9895	
