1	0	0	0	1	0	0	0	1	0	0	0	
0.999991	-4.24012e-06	0.00430262	-4.24012e-06	0.999998	0.00197094	-0.00430262	-0.00197094	0.999989	-0.00210459	-0.00096407	0.978279	
0.999963	-1.69799e-05	0.00861028	-1.69784e-05	0.999992	0.00394385	-0.00861028	-0.00394385	0.999955	-0.00842083	-0.00385724	1.95654	
0.999916	-3.82477e-05	0.0129228	-3.82417e-05	0.999982	0.00591864	-0.0129228	-0.00591864	0.999899	-0.0189536	-0.0086814	2.93475	
0.999851	-6.80708e-05	0.0172401	-6.8056e-05	0.999969	0.00789525	-0.0172401	-0.00789525	0.99982	-0.0337075	-0.0154384	3.9129	
0.999768	-0.000106476	0.0215619	-0.000106447	0.999951	0.00987359	-0.0215619	-0.00987359	0.999719	-0.0526872	-0.0241298	4.89096	
0.999665	-0.00015349	0.025888	-0.000153438	0.99993	0.0118536	-0.025888	-0.0118536	0.999595	-0.0758969	-0.0347575	5.8689	
0.999543	-0.000209138	0.0302184	-0.000209054	0.999904	0.0138352	-0.0302184	-0.0138352	0.999448	-0.103341	-0.047323	6.84672	
0.999403	-0.000273443	0.0345528	-0.000273318	0.999875	0.0158182	-0.0345528	-0.0158182	0.999278	-0.135023	-0.0618277	7.82438	
0.999243	-0.000346432	0.0388911	-0.000346252	0.999841	0.0178027	-0.0388911	-0.0178027	0.999085	-0.170948	-0.0782731	8.80187	
0.999065	-0.000428126	0.0432331	-0.000427879	0.999804	0.0197886	-0.0432331	-0.0197886	0.998869	-0.211118	-0.0966606	9.77915	
0.998867	-0.000518548	0.0475786	-0.000518218	0.999763	0.0217757	-0.0475786	-0.0217757	0.99863	-0.255538	-0.116991	10.7562	
0.998651	-0.00061772	0.0519274	-0.000617291	0.999717	0.023764	-0.0519274	-0.023764	0.998368	-0.304211	-0.139267	11.733	
0.998415	-0.000725663	0.0562795	-0.000725117	0.999668	0.0257534	-0.0562795	-0.0257534	0.998083	-0.357139	-0.163488	12.7096	
0.99816	-0.000842398	0.0606346	-0.000841714	0.999615	0.0277439	-0.0606346	-0.0277438	0.997774	-0.414327	-0.189656	13.6858	
0.997885	-0.000967944	0.0649926	-0.000967102	0.999557	0.0297353	-0.0649926	-0.0297352	0.997443	-0.475776	-0.217771	14.6618	
0.997592	-0.00110232	0.0693532	-0.0011013	0.999496	0.0317276	-0.0693533	-0.0317275	0.997088	-0.541491	-0.247835	15.6374	
0.997278	-0.00124555	0.0737164	-0.00124432	0.999431	0.0337207	-0.0737164	-0.0337206	0.996709	-0.611472	-0.279849	16.6126	
0.996946	-0.00139764	0.078082	-0.00139618	0.999361	0.0357145	-0.078082	-0.0357144	0.996307	-0.685723	-0.313812	17.5875	
0.996594	-0.00155861	0.0824497	-0.00155689	0.999288	0.037709	-0.0824497	-0.0377089	0.995882	-0.764246	-0.349727	18.562	
0.996223	-0.00172849	0.0868194	-0.00172648	0.99921	0.039704	-0.0868195	-0.0397039	0.995433	-0.847043	-0.387593	19.536	
0.995832	-0.00190728	0.0911911	-0.00190495	0.999128	0.0416996	-0.0911911	-0.0416995	0.99496	-0.934115	-0.42741	20.5096	
0.995421	-0.002095	0.0955643	-0.00209232	0.999043	0.0436955	-0.0955644	-0.0436954	0.994464	-1.02547	-0.469181	21.4827	
0.994991	-0.00229167	0.0999392	-0.0022886	0.998953	0.0456919	-0.0999392	-0.0456917	0.993944	-1.12109	-0.512904	22.4553	
0.994541	-0.00249729	0.104315	-0.00249381	0.998859	0.0476884	-0.104315	-0.0476882	0.9934	-1.221	-0.55858	23.4274	
0.994072	-0.00271189	0.108693	-0.00270794	0.998761	0.0496852	-0.108693	-0.049685	0.992833	-1.3252	-0.606209	24.399	
0.993583	-0.00293546	0.113071	-0.00293103	0.998659	0.0516821	-0.113071	-0.0516818	0.992242	-1.43367	-0.655792	25.3699	
0.993074	-0.00316804	0.11745	-0.00316307	0.998553	0.053679	-0.11745	-0.0536787	0.991627	-1.54643	-0.707328	26.3403	
0.992545	-0.00340962	0.12183	-0.00340407	0.998443	0.0556759	-0.12183	-0.0556756	0.990988	-1.66347	-0.760818	27.3101	
0.991997	-0.00366022	0.126211	-0.00365405	0.998329	0.0576727	-0.126211	-0.0576723	0.990326	-1.7848	-0.816261	28.2793	
0.991429	-0.00391984	0.130591	-0.003913	0.998211	0.0596692	-0.130592	-0.0596688	0.989639	-1.91041	-0.873658	29.2478	
0.990841	-0.0041885	0.134972	-0.00418095	0.998088	0.0616656	-0.134973	-0.0616651	0.988929	-2.04031	-0.933007	30.2156	
0.990233	-0.0044662	0.139353	-0.00445789	0.997962	0.0636615	-0.139354	-0.063661	0.988194	-2.17449	-0.99431	31.1826	
0.989605	-0.00475295	0.143734	-0.00474383	0.997831	0.0656571	-0.143734	-0.0656564	0.987436	-2.31296	-1.05756	32.149	
0.988957	-0.00504876	0.148115	-0.00503878	0.997696	0.0676522	-0.148115	-0.0676514	0.986654	-2.45572	-1.12277	33.1146	
0.98829	-0.00535364	0.152495	-0.00534275	0.997557	0.0696467	-0.152495	-0.0696458	0.985847	-2.60276	-1.18993	34.0795	
0.987602	-0.00566758	0.156874	-0.00565572	0.997414	0.0716405	-0.156874	-0.0716396	0.985017	-2.75409	-1.25904	35.0435	
0.986895	-0.0059906	0.161253	-0.00597772	0.997267	0.0736336	-0.161253	-0.0736326	0.984162	-2.9097	-1.3301	36.0067	
0.986168	-0.0063227	0.16563	-0.00630874	0.997116	0.075626	-0.165631	-0.0756248	0.983284	-3.06959	-1.4031	36.9691	
0.98542	-0.00666389	0.170007	-0.00664879	0.996961	0.0776175	-0.170007	-0.0776162	0.982381	-3.23376	-1.47806	37.9306	
0.984653	-0.00701416	0.174382	-0.00699786	0.996802	0.079608	-0.174383	-0.0796066	0.981455	-3.40222	-1.55497	38.8911	
0.983866	-0.00737352	0.178756	-0.00735596	0.996638	0.0815975	-0.178756	-0.0815959	0.980504	-3.57495	-1.63382	39.8508	
0.983059	-0.00774197	0.183128	-0.00772308	0.996471	0.0835859	-0.183128	-0.0835842	0.979529	-3.75197	-1.71461	40.8096	
0.982231	-0.00811952	0.187498	-0.00809924	0.996299	0.0855732	-0.187499	-0.0855713	0.97853	-3.93326	-1.79735	41.7673	
0.981384	-0.00850616	0.191866	-0.00848442	0.996123	0.0875592	-0.191867	-0.0875571	0.977507	-4.11882	-1.88204	42.7241	
0.980517	-0.00890189	0.196232	-0.00887863	0.995943	0.0895439	-0.196233	-0.0895416	0.97646	-4.30866	-1.96866	43.6799	
0.97963	-0.00930671	0.200596	-0.00928186	0.995759	0.0915272	-0.200597	-0.0915247	0.975389	-4.50276	-2.05723	44.6346	
0.978723	-0.00972063	0.204958	-0.00969411	0.995571	0.0935091	-0.204959	-0.0935063	0.974294	-4.70114	-2.14774	45.5883	
0.977795	-0.0101436	0.209317	-0.0101154	0.995379	0.0954894	-0.209318	-0.0954864	0.973174	-4.90378	-2.24018	46.5409	
0.976848	-0.0105757	0.213673	-0.0105457	0.995183	0.0974681	-0.213674	-0.0974649	0.972031	-5.11068	-2.33456	47.4924	
0.975881	-0.0110169	0.218026	-0.0109849	0.994982	0.0994452	-0.218028	-0.0994416	0.970863	-5.32185	-2.43088	48.4427	
0.974894	-0.0114672	0.222376	-0.0114332	0.994778	0.10142	-0.222378	-0.101417	0.969672	-5.53727	-2.52913	49.3919	
0.973886	-0.0119265	0.226723	-0.0118905	0.994569	0.103394	-0.226725	-0.10339	0.968456	-5.75694	-2.62931	50.3399	
0.972859	-0.0123949	0.231066	-0.0123568	0.994357	0.105366	-0.231068	-0.105361	0.967216	-5.98087	-2.73142	51.2867	
0.971812	-0.0128724	0.235406	-0.0128321	0.99414	0.107335	-0.235408	-0.10733	0.965952	-6.20904	-2.83545	52.2323	
0.970745	-0.0133589	0.239742	-0.0133163	0.993919	0.109303	-0.239744	-0.109297	0.964664	-6.44146	-2.94141	53.1767	
0.969658	-0.0138545	0.244074	-0.0138095	0.993694	0.111268	-0.244077	-0.111262	0.963352	-6.67812	-3.0493	54.1198	
0.968551	-0.0143592	0.248402	-0.0143117	0.993466	0.113231	-0.248405	-0.113225	0.962016	-6.91901	-3.15911	55.0615	
0.967424	-0.0148728	0.252726	-0.0148228	0.993233	0.115192	-0.252729	-0.115186	0.960656	-7.16414	-3.27083	56.002	
0.966277	-0.0153955	0.257046	-0.0153429	0.992996	0.117151	-0.257049	-0.117144	0.959272	-7.41349	-3.38447	56.9411	
0.96511	-0.0159273	0.261361	-0.0158719	0.992755	0.119107	-0.261364	-0.1191	0.957864	-7.66707	-3.50003	57.8789	
0.963923	-0.016468	0.265671	-0.0164098	0.992509	0.121061	-0.265675	-0.121053	0.956432	-7.92487	-3.6175	58.8152	
0.962716	-0.0170177	0.269977	-0.0169566	0.99226	0.123012	-0.26998	-0.123004	0.954977	-8.18688	-3.73688	59.7502	
0.96149	-0.0175765	0.274277	-0.0175123	0.992007	0.124961	-0.274281	-0.124952	0.953497	-8.4531	-3.85816	60.6837	
0.959687	-0.0183853	0.28047	-0.0172483	0.992126	0.124054	-0.280542	-0.123891	0.951813	-8.72449	-3.97988	61.6157	
0.957841	-0.0191878	0.286656	-0.0169791	0.992243	0.123152	-0.286796	-0.122827	0.950085	-9.002	-4.10056	62.546	
0.955954	-0.019984	0.292836	-0.0167049	0.992358	0.122254	-0.293041	-0.121761	0.948315	-9.28562	-4.2202	63.4746	
0.954025	-0.0207737	0.299008	-0.0164255	0.992473	0.12136	-0.299278	-0.120692	0.946502	-9.57535	-4.3388	64.4014	
0.952054	-0.0215568	0.305171	-0.016141	0.992586	0.120471	-0.305505	-0.11962	0.944647	-9.87117	-4.45634	65.3264	
0.950041	-0.0223334	0.311324	-0.0158514	0.992697	0.119585	-0.311722	-0.118546	0.942749	-10.1731	-4.57284	66.2496	
0.947988	-0.0231031	0.317468	-0.0155565	0.992808	0.118703	-0.317927	-0.117468	0.94081	-10.4811	-4.68829	67.171	
0.945893	-0.0238661	0.3236	-0.0152564	0.992917	0.117824	-0.32412	-0.116386	0.938829	-10.7951	-4.80267	68.0904	
0.943758	-0.0246221	0.32972	-0.0149511	0.993025	0.116949	-0.3303	-0.115302	0.936807	-11.1152	-4.916	69.0078	
0.941582	-0.025371	0.335828	-0.0146405	0.993132	0.116077	-0.336466	-0.114213	0.934744	-11.4414	-5.02827	69.9233	
0.936896	-0.0267911	0.34858	-0.00768199	0.995241	0.0971394	-0.349524	-0.0936873	0.932232	-11.7769	-5.12997	70.8366	
0.932033	-0.0279304	0.361295	-0.000460735	0.996933	0.078258	-0.362372	-0.0731055	0.929162	-12.1252	-5.21156	71.7471	
0.926997	-0.0287883	0.373963	0.00701899	0.998207	0.0594445	-0.375004	-0.05248	0.925536	-12.4859	-5.27299	72.6543	
0.921789	-0.0293641	0.386579	0.0147527	0.999062	0.0407101	-0.387412	-0.0318231	0.921357	-12.8588	-5.31423	73.5578	
0.916413	-0.0296576	0.399133	0.0227358	0.999498	0.0220662	-0.399587	-0.0111471	0.916627	-13.2438	-5.33524	74.4569	
0.910873	-0.0296686	0.41162	0.0309635	0.999514	0.00352373	-0.411524	0.0095355	0.911349	-13.6406	-5.33603	75.351	
0.905171	-0.0293971	0.42403	0.0394308	0.999111	-0.0149061	-0.423215	0.0302124	0.905525	-14.0489	-5.31659	76.2398	
0.899311	-0.0288433	0.436357	0.0481327	0.998289	-0.0332123	-0.434652	0.0508712	0.89916	-14.4685	-5.27693	77.1226	
0.893297	-0.0280074	0.448594	0.0570641	0.997047	-0.0513839	-0.44583	0.0714997	0.892258	-14.8992	-5.21707	77.9989	
0.887132	-0.02689	0.460732	0.0662195	0.995388	-0.06941	-0.456741	0.0920853	0.884821	-15.3407	-5.13705	78.8682	
0.88082	-0.0254918	0.472765	0.0755935	0.993312	-0.08728	-0.467378	0.112616	0.876855	-15.7928	-5.03691	79.7299	
0.874364	-0.0238135	0.484686	0.0851805	0.990819	-0.104983	-0.477737	0.133079	0.868365	-16.2551	-4.91673	80.5836	
0.867769	-0.0218563	0.496488	0.0949747	0.987913	-0.122508	-0.487809	0.153463	0.859355	-16.7274	-4.77656	81.4288	
0.861038	-0.0196212	0.508163	0.10497	0.984594	-0.139846	-0.49759	0.173755	0.849832	-17.2094	-4.6165	82.2648	
0.854175	-0.0171096	0.519704	0.115161	0.980864	-0.156985	-0.507073	0.193942	0.8398	-17.7009	-4.43663	83.0914	
0.847185	-0.014323	0.531105	0.125542	0.976726	-0.173916	-0.516252	0.214014	0.829266	-18.2015	-4.23708	83.9078	
0.840072	-0.011263	0.542358	0.136105	0.972181	-0.190627	-0.525123	0.233958	0.818235	-18.7109	-4.01794	84.7137	
0.83284	-0.00793161	0.553457	0.146845	0.967234	-0.20711	-0.53368	0.253762	0.806716	-19.2288	-3.77937	85.5086	
0.825493	-0.00433067	0.564396	0.157756	0.961887	-0.223355	-0.541918	0.273414	0.794714	-19.7549	-3.52149	86.2919	
0.818035	-0.000462372	0.575168	0.16883	0.956142	-0.239351	-0.549831	0.292903	0.782236	-20.289	-3.24447	87.0633	
0.810472	0.00367097	0.585766	0.180062	0.950004	-0.255089	-0.557416	0.312216	0.769291	-20.8306	-2.94846	87.8223	
0.802808	0.00806688	0.596184	0.191444	0.943476	-0.27056	-0.564667	0.331343	0.755885	-21.3795	-2.63366	88.5684	
0.795046	0.0127227	0.606415	0.202969	0.936562	-0.285754	-0.571581	0.350272	0.742028	-21.9353	-2.30023	89.3011	
0.787193	0.0176357	0.616455	0.214632	0.929266	-0.300663	-0.578152	0.368991	0.727726	-22.4977	-1.94839	90.02	
0.779252	0.022803	0.626295	0.226424	0.921592	-0.315277	-0.584378	0.387489	0.71299	-23.0664	-1.57835	90.7248	
0.771229	0.0282213	0.635932	0.238339	0.913546	-0.329588	-0.590255	0.405756	0.697827	-23.641	-1.19032	91.4149	
