1	0	0	0	1	0	0	0	1	0	0	0	
1	9.56334e-07	-0.000917528	9.56334e-07	0.999998	0.00208459	0.000917528	-0.00208459	0.999997	0.000455289	-0.0010344	0.992423	
0.999998	3.83495e-06	-0.00183747	3.834e-06	0.999991	0.00417362	0.00183747	-0.00417362	0.99999	0.00182235	-0.0041398	1.98484	
0.999996	8.64982e-06	-0.00275979	8.64599e-06	0.99998	0.006267	0.00275979	-0.006267	0.999977	0.00410357	-0.00932056	2.97725	
0.999993	1.54146e-05	-0.00368444	1.5405e-05	0.999965	0.00836464	0.00368444	-0.00836464	0.999958	0.00730128	-0.016581	3.96964	
0.999989	2.41427e-05	-0.00461138	2.41235e-05	0.999945	0.0104664	0.00461138	-0.0104664	0.999935	0.0114178	-0.0259252	4.96201	
0.999985	3.48472e-05	-0.00554057	3.48135e-05	0.999921	0.0125723	0.00554057	-0.0125723	0.999906	0.0164553	-0.0373572	5.95436	
0.999979	4.7541e-05	-0.00647197	4.74869e-05	0.999892	0.014682	0.00647197	-0.014682	0.999871	0.0224161	-0.0508812	6.94667	
0.999973	6.22364e-05	-0.00740553	6.21552e-05	0.999859	0.0167957	0.00740553	-0.0167957	0.999832	0.0293023	-0.0665008	7.93895	
0.999965	7.89457e-05	-0.00834122	7.88294e-05	0.999821	0.0189131	0.00834122	-0.0189131	0.999786	0.037116	-0.0842199	8.93118	
0.999957	9.76807e-05	-0.00927898	9.75205e-05	0.999779	0.0210341	0.00927899	-0.0210341	0.999736	0.0458593	-0.104042	9.92337	
0.999948	0.000118453	-0.0102188	0.000118239	0.999732	0.0231587	0.0102188	-0.0231587	0.99968	0.0555344	-0.125971	10.9155	
0.999938	0.000141274	-0.0111606	0.000140995	0.99968	0.0252868	0.0111606	-0.0252868	0.999618	0.0661431	-0.150011	11.9076	
0.999927	0.000166155	-0.0121043	0.000165799	0.999624	0.0274182	0.0121043	-0.0274182	0.999551	0.0776874	-0.176163	12.8996	
0.999915	0.000193105	-0.01305	0.00019266	0.999563	0.0295529	0.01305	-0.0295529	0.999478	0.0901693	-0.204433	13.8915	
0.999902	0.000222137	-0.0139975	0.000221588	0.999498	0.0316907	0.0139975	-0.0316907	0.9994	0.103591	-0.234823	14.8834	
0.999888	0.000253259	-0.0149469	0.000252591	0.999428	0.0338316	0.0149469	-0.0338316	0.999316	0.117953	-0.267336	15.8752	
0.999874	0.000286481	-0.015898	0.000285678	0.999353	0.0359754	0.015898	-0.0359754	0.999226	0.133259	-0.301975	16.8669	
0.999858	0.000321812	-0.0168509	0.000320858	0.999273	0.0381221	0.0168509	-0.0381221	0.999131	0.149509	-0.338743	17.8585	
0.999841	0.000359263	-0.0178054	0.000358138	0.999189	0.0402715	0.0178055	-0.0402715	0.99903	0.166706	-0.377643	18.85	
0.999824	0.00039884	-0.0187617	0.000397526	0.9991	0.0424236	0.0187617	-0.0424236	0.998924	0.184851	-0.418677	19.8414	
0.999805	0.000440554	-0.0197195	0.00043903	0.999006	0.0445782	0.0197195	-0.0445782	0.998811	0.203946	-0.461849	20.8327	
0.999786	0.000484411	-0.0206789	0.000482656	0.998907	0.0467353	0.0206789	-0.0467353	0.998693	0.223992	-0.50716	21.8239	
0.999766	0.00053042	-0.0216398	0.000528411	0.998804	0.0488948	0.0216398	-0.0488947	0.998569	0.244991	-0.554612	22.815	
0.999744	0.000578587	-0.0226022	0.000576301	0.998696	0.0510564	0.0226022	-0.0510564	0.99844	0.266945	-0.604209	23.8059	
0.999722	0.000628921	-0.023566	0.000626332	0.998583	0.0532203	0.023566	-0.0532203	0.998305	0.289854	-0.655953	24.7967	
0.999699	0.000681427	-0.0245312	0.000678511	0.998465	0.0553862	0.0245313	-0.0553861	0.998164	0.313721	-0.709845	25.7874	
0.999675	0.000736113	-0.0254977	0.000732842	0.998342	0.057554	0.0254978	-0.0575539	0.998017	0.338546	-0.765887	26.7779	
0.999649	0.000792983	-0.0264656	0.00078933	0.998215	0.0597237	0.0264657	-0.0597236	0.997864	0.364331	-0.824082	27.7683	
0.999623	0.000852045	-0.0274347	0.00084798	0.998082	0.0618951	0.0274348	-0.061895	0.997706	0.391077	-0.88443	28.7585	
0.999596	0.000913302	-0.028405	0.000908797	0.997945	0.0640681	0.0284051	-0.0640681	0.997541	0.418785	-0.946935	29.7486	
0.999568	0.000976761	-0.0293765	0.000971783	0.997803	0.0662427	0.0293766	-0.0662427	0.997371	0.447457	-1.0116	30.7385	
0.999539	0.00104243	-0.0303491	0.00103694	0.997656	0.0684188	0.0303493	-0.0684187	0.997195	0.477094	-1.07842	31.7282	
0.999509	0.0011103	-0.0313228	0.00110428	0.997504	0.0705962	0.031323	-0.0705961	0.997013	0.507696	-1.1474	32.7178	
0.999478	0.00118039	-0.0322975	0.0011738	0.997348	0.0727748	0.0322977	-0.0727747	0.996825	0.539266	-1.21854	33.7071	
0.999446	0.0012527	-0.0332732	0.0012455	0.997186	0.0749545	0.0332735	-0.0749544	0.996632	0.571803	-1.29185	34.6963	
0.999412	0.00132723	-0.0342499	0.00131938	0.99702	0.0771353	0.0342502	-0.0771352	0.996432	0.605309	-1.36731	35.6853	
0.999378	0.00140398	-0.0352274	0.00139545	0.996848	0.0793171	0.0352278	-0.0793169	0.996227	0.639785	-1.44495	36.6741	
0.999343	0.00148296	-0.0362058	0.00147371	0.996672	0.0814997	0.0362062	-0.0814995	0.996016	0.675231	-1.52475	37.6627	
0.999307	0.00156416	-0.0371851	0.00155416	0.996491	0.083683	0.0371855	-0.0836828	0.995798	0.711649	-1.60671	38.651	
0.99927	0.0016476	-0.0381651	0.00163679	0.996305	0.0858669	0.0381655	-0.0858667	0.995575	0.749039	-1.69084	39.6392	
0.999232	0.00173327	-0.0391458	0.00172162	0.996114	0.0880514	0.0391463	-0.0880512	0.995346	0.787403	-1.77714	40.6271	
0.999193	0.00182118	-0.0401272	0.00180864	0.995919	0.0902363	0.0401277	-0.090236	0.995112	0.826739	-1.86561	41.6148	
0.999153	0.00191132	-0.0411092	0.00189785	0.995718	0.0924215	0.0411098	-0.0924213	0.994871	0.86705	-1.95625	42.6022	
0.999112	0.00200369	-0.0420918	0.00198925	0.995513	0.094607	0.0420925	-0.0946067	0.994624	0.908336	-2.04906	43.5895	
0.99907	0.0020983	-0.0430749	0.00208284	0.995302	0.0967926	0.0430757	-0.0967923	0.994372	0.950598	-2.14403	44.5764	
0.999027	0.00219514	-0.0440586	0.00217861	0.995087	0.0989783	0.0440594	-0.0989779	0.994114	0.993835	-2.24117	45.5631	
0.998982	0.00229421	-0.0450427	0.00227657	0.994867	0.101164	0.0450436	-0.101163	0.99385	1.03805	-2.34049	46.5496	
0.998937	0.00239552	-0.0460272	0.00237671	0.994642	0.103349	0.0460282	-0.103349	0.99358	1.08324	-2.44197	47.5358	
0.998891	0.00249906	-0.0470121	0.00247904	0.994413	0.105534	0.0470131	-0.105534	0.993304	1.12941	-2.54562	48.5217	
0.998844	0.00260483	-0.0479973	0.00258354	0.994178	0.107719	0.0479984	-0.107719	0.993022	1.17655	-2.65144	49.5073	
0.998796	0.00271283	-0.0489827	0.00269022	0.993939	0.109903	0.048984	-0.109903	0.992735	1.22468	-2.75942	50.4927	
0.998747	0.00282305	-0.0499684	0.00279907	0.993694	0.112087	0.0499698	-0.112087	0.992441	1.27378	-2.86958	51.4777	
0.998697	0.0029355	-0.0509543	0.00291009	0.993445	0.11427	0.0509557	-0.11427	0.992142	1.32386	-2.9819	52.4625	
0.998646	0.00305016	-0.0519403	0.00302328	0.993192	0.116453	0.0519419	-0.116452	0.991837	1.37492	-3.09638	53.447	
0.998593	0.00316705	-0.0529264	0.00313862	0.992933	0.118634	0.0529281	-0.118633	0.991526	1.42696	-3.21304	54.4312	
0.99854	0.00328614	-0.0539125	0.00325612	0.99267	0.120814	0.0539143	-0.120814	0.99121	1.47997	-3.33185	55.415	
0.998486	0.00340744	-0.0548987	0.00337576	0.992402	0.122994	0.0549006	-0.122993	0.990888	1.53397	-3.45283	56.3986	
0.998431	0.00353094	-0.0558848	0.00349756	0.992129	0.125172	0.0558869	-0.125171	0.99056	1.58894	-3.57598	57.3818	
0.998375	0.00365664	-0.0568708	0.00362149	0.991851	0.127349	0.056873	-0.127348	0.990226	1.6449	-3.70128	58.3647	
0.998318	0.00378454	-0.0578567	0.00374755	0.991569	0.129525	0.0578591	-0.129524	0.989887	1.70183	-3.82874	59.3472	
0.99826	0.00391462	-0.0588424	0.00387573	0.991282	0.131699	0.0588449	-0.131698	0.989542	1.75974	-3.95836	60.3294	
0.998201	0.00404688	-0.0598278	0.00400603	0.990991	0.133872	0.0598306	-0.13387	0.989191	1.81863	-4.09014	61.3113	
0.99814	0.00418131	-0.060813	0.00413845	0.990694	0.136043	0.060816	-0.136041	0.988835	1.87849	-4.22407	62.2928	
0.998114	0.00424243	-0.0612479	0.00449238	0.989889	0.141775	0.0612301	-0.141783	0.988002	1.93905	-4.36193	63.2738	
0.998086	0.00430621	-0.0616834	0.00484864	0.98905	0.147502	0.0616431	-0.147519	0.987136	2.00002	-4.50549	64.2539	
0.998059	0.00437264	-0.0621192	0.00520721	0.988178	0.153222	0.0620548	-0.153248	0.986237	2.06141	-4.65473	65.2331	
0.998032	0.00444169	-0.0625552	0.00556806	0.987273	0.158936	0.062465	-0.158971	0.985305	2.12319	-4.80966	66.2114	
0.998004	0.00451332	-0.0629911	0.00593117	0.986336	0.164642	0.0628734	-0.164687	0.98434	2.18539	-4.97027	67.1888	
0.997976	0.00458749	-0.0634267	0.00629651	0.985365	0.17034	0.0632799	-0.170395	0.983342	2.24799	-5.13654	68.1651	
0.997948	0.00466416	-0.0638616	0.00666406	0.984362	0.176031	0.063684	-0.176095	0.982311	2.31099	-5.30847	69.1405	
0.99792	0.00474329	-0.0642958	0.00703378	0.983327	0.181713	0.0640857	-0.181787	0.981247	2.37439	-5.48606	70.1149	
0.997891	0.00482483	-0.0647289	0.00740564	0.982259	0.187385	0.0644846	-0.18747	0.980151	2.43819	-5.66929	71.0881	
0.998126	0.00407607	-0.0610588	0.00893882	0.977366	0.211368	0.0605383	-0.211518	0.975498	2.50023	-5.86728	72.0586	
0.998346	0.00323729	-0.0574073	0.0103747	0.971885	0.235229	0.0565548	-0.235435	0.970243	2.55834	-6.08907	73.0242	
0.99855	0.00230902	-0.0537767	0.0117126	0.965819	0.258954	0.0525365	-0.259208	0.964392	2.61247	-6.33453	73.9842	
0.99874	0.00129182	-0.0501691	0.0129514	0.959172	0.282528	0.0484858	-0.282821	0.957946	2.6626	-6.60351	74.9381	
0.998914	0.000186315	-0.0465869	0.0140905	0.951948	0.305936	0.0444053	-0.30626	0.950912	2.7087	-6.89583	75.8854	
0.999073	-0.00100681	-0.0430321	0.0151293	0.944151	0.329165	0.0402974	-0.329511	0.943291	2.75073	-7.21133	76.8254	
0.999217	-0.00228682	-0.039507	0.0160669	0.935787	0.3522	0.0361647	-0.352559	0.935091	2.78867	-7.5498	77.7575	
0.999345	-0.00365292	-0.0360138	0.016903	0.92686	0.375027	0.0320098	-0.37539	0.926314	2.8225	-7.91103	78.6812	
0.999457	-0.00510429	-0.0325546	0.0176369	0.917376	0.397631	0.0278352	-0.39799	0.916968	2.8522	-8.29481	79.5959	
0.999554	-0.00664002	-0.0291316	0.0182682	0.90734	0.42	0.0236434	-0.420344	0.907057	2.87775	-8.7009	80.501	
0.999634	-0.00825917	-0.0257467	0.0187965	0.89676	0.442118	0.0194371	-0.44244	0.896587	2.89913	-9.12905	81.3961	
0.999699	-0.00996074	-0.0224023	0.0192215	0.885641	0.463973	0.0152188	-0.464264	0.885566	2.91632	-9.57899	82.2804	
0.999749	-0.0117437	-0.0191002	0.0195429	0.87399	0.485551	0.0109912	-0.485802	0.874	2.92933	-10.0504	83.1536	
0.999782	-0.0136069	-0.0158425	0.0197605	0.861815	0.506838	0.00675679	-0.507041	0.861896	2.93814	-10.5431	84.015	
0.999799	-0.0155493	-0.0126312	0.0198743	0.849122	0.527823	0.00251822	-0.527968	0.849261	2.94274	-11.0567	84.8642	
0.999801	-0.0175695	-0.00946841	0.019884	0.83592	0.54849	-0.00172189	-0.54857	0.836103	2.94313	-11.591	85.7005	
0.999786	-0.0196665	-0.00635591	0.0197898	0.822217	0.568829	-0.00596095	-0.568834	0.822431	2.93932	-12.1455	86.5235	
0.999756	-0.0218389	-0.00329568	0.0195917	0.808022	0.588827	-0.0101963	-0.588748	0.808253	2.9313	-12.7199	87.3327	
0.99971	-0.0240853	-0.000289605	0.0192897	0.793342	0.60847	-0.0144255	-0.608299	0.793577	2.91909	-13.3139	88.1276	
0.999648	-0.0264045	0.00266047	0.0188842	0.778188	0.627748	-0.0186457	-0.627477	0.778412	2.90267	-13.9272	88.9077	
0.99957	-0.0287948	0.00555274	0.0183753	0.762568	0.646648	-0.0228545	-0.646267	0.762769	2.88208	-14.5592	89.6725	
0.999476	-0.031255	0.0083854	0.0177633	0.746491	0.665158	-0.0270491	-0.664661	0.746656	2.85732	-15.2098	90.4215	
0.999367	-0.0337834	0.0111567	0.0170486	0.729969	0.683267	-0.0312272	-0.682645	0.730083	2.8284	-15.8783	91.1543	
0.999242	-0.0363786	0.013865	0.0162317	0.713011	0.700965	-0.035386	-0.700209	0.713061	2.79534	-16.5646	91.8705	
0.999101	-0.0390388	0.0165086	0.0153131	0.695627	0.71824	-0.039523	-0.717341	0.6956	2.75817	-17.268	92.5695	
0.998945	-0.0417625	0.0190858	0.0142933	0.677829	0.735081	-0.0436357	-0.734033	0.677711	2.7169	-17.9882	93.251	
0.998774	-0.0445481	0.0215951	0.013173	0.659627	0.751478	-0.0477216	-0.750272	0.659405	2.67157	-18.7248	93.9145	
