1	0	0	0	1	0	0	0	1	0	0	0	
0.999999	3.19675e-06	0.0013532	3.19675e-06	0.999989	-0.00472471	-0.0013532	0.00472471	0.999988	-0.000635593	0.00221918	0.93939	
0.999996	1.2815e-05	0.00271014	1.27999e-05	0.999955	-0.00945132	-0.00271014	0.00945132	0.999952	-0.00254413	0.00887763	1.87876	
0.999992	2.88929e-05	0.00407078	2.88325e-05	0.999899	-0.0141797	-0.00407078	0.0141797	0.999891	-0.00572911	0.0199771	2.81808	
0.999985	5.14682e-05	0.00543507	5.13169e-05	0.999821	-0.0189096	-0.00543508	0.0189096	0.999806	-0.010194	0.035519	3.75733	
0.999977	8.05782e-05	0.00680299	8.02755e-05	0.999721	-0.023641	-0.00680299	0.023641	0.999697	-0.0159422	0.0555049	4.6965	
0.999967	0.00011626	0.00817448	0.00011573	0.999597	-0.0283736	-0.00817449	0.0283736	0.999564	-0.0229771	0.0799361	5.63555	
0.999954	0.000158551	0.0095495	0.000157702	0.999452	-0.0331073	-0.00954952	0.0331073	0.999406	-0.031302	0.108814	6.57446	
0.99994	0.000207486	0.010928	0.000206213	0.999284	-0.037842	-0.010928	0.037842	0.999224	-0.0409203	0.142138	7.51321	
0.999924	0.000263103	0.01231	0.000261283	0.999093	-0.0425775	-0.01231	0.0425775	0.999017	-0.0518351	0.179911	8.45178	
0.999906	0.000325437	0.0136953	0.000322933	0.99888	-0.0473137	-0.0136954	0.0473137	0.998786	-0.0640498	0.222133	9.39014	
0.999886	0.000394524	0.015084	0.000391184	0.998644	-0.0520503	-0.0150841	0.0520503	0.998531	-0.0775675	0.268804	10.3283	
0.999864	0.000470398	0.0164761	0.000466054	0.998386	-0.0567872	-0.0164762	0.0567872	0.99825	-0.0923913	0.319925	11.2662	
0.99984	0.000553095	0.0178713	0.000547563	0.998105	-0.0615243	-0.0178715	0.0615243	0.997946	-0.108524	0.375495	12.2038	
0.999814	0.000642648	0.0192699	0.000635731	0.997802	-0.0662615	-0.0192701	0.0662614	0.997616	-0.12597	0.435516	13.1411	
0.999786	0.000739093	0.0206715	0.000730575	0.997476	-0.0709984	-0.0206718	0.0709983	0.997262	-0.14473	0.499987	14.0781	
0.999756	0.000842463	0.0220764	0.000832116	0.997128	-0.0757351	-0.0220768	0.075735	0.996884	-0.164809	0.568907	15.0147	
0.999724	0.000952791	0.0234843	0.000940369	0.996756	-0.0804713	-0.0234848	0.0804712	0.99648	-0.186209	0.642277	15.951	
0.999689	0.00107011	0.0248952	0.00105535	0.996363	-0.0852069	-0.0248958	0.0852067	0.996052	-0.208934	0.720095	16.8869	
0.999653	0.00119445	0.0263092	0.00117709	0.995946	-0.0899417	-0.0263099	0.0899415	0.995599	-0.232985	0.802362	17.8224	
0.999615	0.00132585	0.027726	0.00130559	0.995507	-0.0946756	-0.027727	0.0946753	0.995122	-0.258366	0.889076	18.7574	
0.999574	0.00146434	0.0291458	0.00144087	0.995046	-0.0994084	-0.029147	0.0994081	0.99462	-0.28508	0.980237	19.692	
0.999531	0.00160995	0.0305685	0.00158295	0.994561	-0.10414	-0.0305699	0.10414	0.994093	-0.313128	1.07584	20.6261	
0.999487	0.00176271	0.0319939	0.00173184	0.994054	-0.10887	-0.0319956	0.10887	0.993541	-0.342515	1.17589	21.5597	
0.999439	0.00192266	0.0334221	0.00188756	0.993525	-0.113599	-0.0334241	0.113598	0.992964	-0.373243	1.28039	22.4927	
0.99939	0.00208982	0.0348531	0.00205013	0.992973	-0.118326	-0.0348554	0.118325	0.992363	-0.405314	1.38932	23.4252	
0.999339	0.00226422	0.0362866	0.00221956	0.992398	-0.123051	-0.0362894	0.12305	0.991737	-0.43873	1.50269	24.3571	
0.999285	0.00244589	0.0377228	0.00239586	0.9918	-0.127774	-0.037726	0.127773	0.991086	-0.473495	1.6205	25.2885	
0.999229	0.00263487	0.0391616	0.00257906	0.99118	-0.132495	-0.0391653	0.132494	0.99041	-0.509611	1.74275	26.2192	
0.999171	0.00283118	0.0406029	0.00276915	0.990538	-0.137213	-0.0406071	0.137212	0.989709	-0.54708	1.86943	27.1492	
0.999111	0.00303486	0.0420466	0.00296616	0.989872	-0.141929	-0.0420515	0.141928	0.988983	-0.585904	2.00054	28.0786	
0.999048	0.00324592	0.0434928	0.0031701	0.989184	-0.146643	-0.0434984	0.146641	0.988233	-0.626087	2.13608	29.0073	
0.998984	0.0034644	0.0449413	0.00338099	0.988474	-0.151353	-0.0449477	0.151352	0.987458	-0.66763	2.27605	29.9353	
0.998916	0.00369033	0.0463922	0.00359882	0.987741	-0.156061	-0.0463994	0.156059	0.986657	-0.710535	2.42044	30.8625	
0.998847	0.00392373	0.0478453	0.00382363	0.986985	-0.160766	-0.0478534	0.160763	0.985832	-0.754806	2.56925	31.789	
0.998775	0.00416464	0.0493006	0.00405541	0.986207	-0.165467	-0.0493097	0.165464	0.984982	-0.800443	2.72248	32.7147	
0.998701	0.00441307	0.0507582	0.00429419	0.985406	-0.170165	-0.0507684	0.170162	0.984107	-0.84745	2.88012	33.6396	
0.998625	0.00466905	0.0522178	0.00453996	0.984583	-0.17486	-0.0522292	0.174856	0.983208	-0.895827	3.04218	34.5636	
0.998546	0.00493261	0.0536795	0.00479275	0.983737	-0.17955	-0.0536922	0.179547	0.982283	-0.945578	3.20864	35.4868	
0.998465	0.00520378	0.0551432	0.00505256	0.982869	-0.184237	-0.0551573	0.184233	0.981334	-0.996705	3.3795	36.4091	
0.998381	0.00548258	0.0566089	0.00531941	0.981978	-0.18892	-0.0566245	0.188916	0.980359	-1.04921	3.55477	37.3305	
0.998295	0.00576904	0.0580765	0.00559329	0.981065	-0.193599	-0.0580937	0.193594	0.97936	-1.10309	3.73444	38.251	
0.998207	0.00606317	0.059546	0.00587423	0.980129	-0.198274	-0.0595649	0.198268	0.978336	-1.15836	3.91849	39.1705	
0.998116	0.00636501	0.0610172	0.00616223	0.979171	-0.202944	-0.061038	0.202937	0.977287	-1.215	4.10694	40.0891	
0.998023	0.00667457	0.0624903	0.0064573	0.978191	-0.207609	-0.0625131	0.207602	0.976214	-1.27303	4.29977	41.0066	
0.997928	0.00699189	0.063965	0.00675945	0.977188	-0.21227	-0.06399	0.212262	0.975115	-1.33245	4.49698	41.9232	
0.99783	0.00731698	0.0654414	0.00706868	0.976163	-0.216925	-0.0654687	0.216917	0.973992	-1.39326	4.69856	42.8387	
0.997729	0.00764987	0.0669194	0.00738501	0.975115	-0.221576	-0.0669491	0.221567	0.972844	-1.45545	4.90452	43.7531	
0.997626	0.00799057	0.0683989	0.00770844	0.974045	-0.226222	-0.0684313	0.226212	0.971671	-1.51904	5.11484	44.6664	
0.997521	0.00833912	0.0698799	0.00803898	0.972953	-0.230862	-0.0699151	0.230851	0.970474	-1.58402	5.32952	45.5786	
0.997413	0.00869553	0.0713624	0.00837664	0.971839	-0.235497	-0.0714006	0.235485	0.969252	-1.6504	5.54856	46.4897	
0.997302	0.00905982	0.0728463	0.00872141	0.970703	-0.240126	-0.0728876	0.240113	0.968005	-1.71817	5.77194	47.3996	
0.997189	0.00943201	0.0743315	0.00907332	0.969544	-0.244749	-0.0743761	0.244736	0.966733	-1.78734	5.99968	48.3084	
0.997073	0.00981213	0.075818	0.00943236	0.968363	-0.249366	-0.0758661	0.249352	0.965437	-1.85791	6.23175	49.2159	
0.996955	0.0102002	0.0773057	0.00979854	0.96716	-0.253978	-0.0773576	0.253962	0.964116	-1.92988	6.46815	50.1222	
0.996835	0.0105962	0.0787945	0.0101719	0.965936	-0.258583	-0.0788505	0.258566	0.96277	-2.00325	6.70889	51.0273	
0.996711	0.0110002	0.0802845	0.0105523	0.964689	-0.263182	-0.0803446	0.263163	0.9614	-2.07802	6.95394	51.9311	
0.996585	0.0114122	0.0817756	0.01094	0.96342	-0.267774	-0.0818401	0.267754	0.960005	-2.1542	7.20331	52.8335	
0.996457	0.0118322	0.0832677	0.0113347	0.962129	-0.272359	-0.0833369	0.272338	0.958586	-2.23178	7.45699	53.7347	
0.996326	0.0122603	0.0847607	0.0117367	0.960816	-0.276938	-0.0848348	0.276915	0.957142	-2.31077	7.71498	54.6345	
0.996192	0.0126964	0.0862546	0.0121458	0.959481	-0.28151	-0.0863339	0.281485	0.955674	-2.39117	7.97726	55.533	
0.996056	0.0131406	0.0877494	0.0125621	0.958125	-0.286074	-0.0878341	0.286048	0.954181	-2.47298	8.24383	56.43	
0.995647	0.014447	0.0920826	0.0128348	0.957255	-0.288961	-0.0923211	0.288885	0.952902	-2.5576	8.51387	57.3258	
0.995216	0.0157681	0.0964162	0.0131216	0.956374	-0.29185	-0.0968118	0.291719	0.951592	-2.64643	8.78658	58.2203	
0.994765	0.0171039	0.100749	0.0134226	0.955483	-0.294739	-0.101306	0.294549	0.950252	-2.73949	9.06195	59.1136	
0.994292	0.0184542	0.105082	0.0137378	0.954583	-0.29763	-0.105802	0.297374	0.948881	-2.83676	9.33997	60.0056	
0.993799	0.019819	0.109413	0.0140672	0.953672	-0.30052	-0.1103	0.300196	0.947479	-2.93827	9.62065	60.8963	
0.993284	0.0211982	0.113742	0.0144108	0.952751	-0.30341	-0.1148	0.303011	0.946047	-3.044	9.90398	61.7857	
0.992748	0.0225915	0.118069	0.0147685	0.951821	-0.306299	-0.1193	0.305822	0.944585	-3.15395	10.1899	62.6737	
0.992191	0.023999	0.122393	0.0151404	0.950881	-0.309187	-0.123802	0.308626	0.943092	-3.26814	10.4785	63.5604	
0.991614	0.0254205	0.126714	0.0155264	0.949931	-0.312073	-0.128302	0.311423	0.94157	-3.38655	10.7698	64.4456	
0.991015	0.0268557	0.13103	0.0159265	0.948973	-0.314956	-0.132803	0.314213	0.940018	-3.50919	11.0636	65.3294	
0.990394	0.0283047	0.135342	0.0163407	0.948005	-0.317836	-0.137302	0.316995	0.938436	-3.63606	11.3601	66.2117	
0.989753	0.0297673	0.13965	0.0167689	0.947028	-0.320713	-0.141799	0.319769	0.936825	-3.76715	11.6592	67.0925	
0.989091	0.0312432	0.143951	0.017211	0.946042	-0.323586	-0.146294	0.322534	0.935184	-3.90247	11.9609	67.9718	
0.988409	0.0327324	0.148247	0.0176671	0.945048	-0.326455	-0.150786	0.32529	0.933515	-4.04201	12.2652	68.8495	
0.987705	0.0342347	0.152536	0.018137	0.944045	-0.329319	-0.155275	0.328036	0.931816	-4.18576	12.572	69.7256	
0.98433	0.040806	0.171549	0.0162113	0.947794	-0.31847	-0.175588	0.31626	0.932281	-4.34117	12.8747	70.6012	
0.980542	0.0471354	0.190565	0.0140498	0.951406	-0.307618	-0.195805	0.30431	0.932232	-4.51563	13.1662	71.477	
0.976343	0.0532193	0.209576	0.0116536	0.954878	-0.29677	-0.215913	0.292192	0.931668	-4.70902	13.4464	72.3526	
0.971735	0.0590543	0.228569	0.00902403	0.958207	-0.285932	-0.235902	0.279913	0.930591	-4.92124	13.7151	73.2273	
0.96672	0.0646373	0.247536	0.00616253	0.961393	-0.275109	-0.255761	0.267479	0.929	-5.15219	13.9722	74.1008	
0.961302	0.0699651	0.266464	0.00307069	0.964434	-0.264308	-0.275479	0.254898	0.926897	-5.40172	14.2176	74.9725	
0.955483	0.0750349	0.285345	-0.000249789	0.967327	-0.253534	-0.295046	0.242176	0.924283	-5.66971	14.4511	75.8421	
0.949267	0.0798438	0.304167	-0.00379707	0.970071	-0.242793	-0.314449	0.22932	0.921159	-5.956	14.6725	76.7089	
0.942656	0.0843891	0.32292	-0.0075692	0.972664	-0.232092	-0.333679	0.216339	0.917527	-6.26043	14.8819	77.5726	
0.935656	0.0886685	0.341594	-0.0115641	0.975106	-0.221436	-0.352725	0.203237	0.913389	-6.58285	15.079	78.4326	
0.928268	0.0926795	0.360179	-0.0157796	0.977395	-0.210831	-0.371576	0.190024	0.908747	-6.92307	15.2637	79.2885	
0.920498	0.0964198	0.378663	-0.0202133	0.97953	-0.200283	-0.390223	0.176706	0.903604	-7.2809	15.4359	80.1398	
0.912351	0.0998875	0.397038	-0.0248628	0.981508	-0.189798	-0.408654	0.163291	0.897963	-7.65615	15.5956	80.986	
0.903829	0.103081	0.415292	-0.0297255	0.98333	-0.179381	-0.42686	0.149785	0.891827	-8.0486	15.7427	81.8267	
0.894938	0.105997	0.433417	-0.0347988	0.984995	-0.169039	-0.444831	0.136197	0.885198	-8.45805	15.877	82.6614	
0.885684	0.108636	0.451401	-0.0400798	0.986501	-0.158776	-0.462556	0.122534	0.878082	-8.88427	15.9986	83.4896	
0.87607	0.110996	0.469235	-0.0455657	0.987847	-0.1486	-0.480026	0.108803	0.870481	-9.32702	16.1072	84.311	
0.866103	0.113075	0.486909	-0.0512533	0.989033	-0.138514	-0.497231	0.095012	0.8624	-9.78605	16.203	85.1249	
0.855787	0.114871	0.504413	-0.0571397	0.990059	-0.128526	-0.514162	0.0811687	0.853843	-10.2611	16.2857	85.9311	
0.845129	0.116386	0.521738	-0.0632215	0.990923	-0.118639	-0.53081	0.0672807	0.844816	-10.752	16.3554	86.729	
0.834135	0.117616	0.538874	-0.0694953	0.991625	-0.108861	-0.547165	0.0533555	0.835323	-11.2583	16.4121	87.5182	
0.82281	0.118562	0.555812	-0.0759578	0.992165	-0.0991957	-0.563218	0.039401	0.825369	-11.7799	16.4557	88.2982	
0.811161	0.119223	0.572542	-0.0826053	0.992542	-0.0896489	-0.57896	0.0254247	0.814959	-12.3164	16.4861	89.0687	
