1	0	0	0	1	0	0	0	1	0	0	0	
0.999986	-3.69262e-07	0.0053097	-3.69262e-07	1	0.000139089	-0.0053097	-0.000139089	0.999986	-0.00257843	-6.75424e-05	0.971208	
0.999944	-1.47198e-06	0.0106201	-1.46137e-06	1	0.000276199	-0.0106201	-0.000276199	0.999944	-0.0103141	-0.000269209	1.94239	
0.999873	-3.29786e-06	0.0159311	-3.25544e-06	1	0.000411327	-0.0159311	-0.000411326	0.999873	-0.0232075	-0.000603076	2.91351	
0.999774	-5.83658e-06	0.0212424	-5.73053e-06	1	0.000544467	-0.0212424	-0.000544466	0.999774	-0.0412593	-0.00106722	3.88456	
0.999647	-9.07778e-06	0.026554	-8.86565e-06	1	0.000675615	-0.026554	-0.000675613	0.999647	-0.0644696	-0.00165969	4.85549	
0.999492	-1.30111e-05	0.0318656	-1.26398e-05	1	0.000804768	-0.0318656	-0.000804762	0.999492	-0.0928386	-0.00237858	5.82629	
0.999309	-1.7626e-05	0.0371771	-1.70319e-05	1	0.00093192	-0.0371771	-0.000931909	0.999308	-0.126366	-0.00322192	6.79692	
0.999097	-2.2912e-05	0.0424882	-2.20208e-05	0.999999	0.00105707	-0.0424882	-0.00105705	0.999096	-0.165052	-0.00418777	7.76736	
0.998857	-2.88587e-05	0.0477989	-2.75855e-05	0.999999	0.00118021	-0.0477989	-0.00118018	0.998856	-0.208896	-0.00527418	8.73758	
0.998589	-3.54555e-05	0.053109	-3.37047e-05	0.999999	0.00130134	-0.053109	-0.00130129	0.998588	-0.257898	-0.0064792	9.70755	
0.998292	-4.26918e-05	0.0584182	-4.03573e-05	0.999999	0.00142045	-0.0584182	-0.00142038	0.998291	-0.312056	-0.00780086	10.6772	
0.997967	-5.05569e-05	0.0637264	-4.75221e-05	0.999999	0.00153755	-0.0637264	-0.00153745	0.997966	-0.371371	-0.0092372	11.6466	
0.997614	-5.90403e-05	0.0690335	-5.51777e-05	0.999999	0.00165262	-0.0690335	-0.00165249	0.997613	-0.43584	-0.0107863	12.6157	
0.997233	-6.81313e-05	0.0743393	-6.3303e-05	0.999998	0.00176567	-0.0743393	-0.00176549	0.997231	-0.505463	-0.0124461	13.5844	
0.996823	-7.7819e-05	0.0796436	-7.18765e-05	0.999998	0.0018767	-0.0796436	-0.00187646	0.996822	-0.580238	-0.0142146	14.5528	
0.996386	-8.80929e-05	0.0849462	-8.08771e-05	0.999998	0.0019857	-0.0849462	-0.00198539	0.996384	-0.660164	-0.01609	15.5207	
0.995919	-9.8942e-05	0.090247	-9.02833e-05	0.999998	0.00209267	-0.090247	-0.00209227	0.995917	-0.745239	-0.0180701	16.4881	
0.995425	-0.000110356	0.0955457	-0.000100074	0.999998	0.0021976	-0.0955457	-0.00219711	0.995423	-0.835461	-0.0201531	17.4552	
0.994902	-0.000122323	0.100842	-0.000110227	0.999997	0.0023005	-0.100842	-0.00229989	0.9949	-0.930829	-0.0223368	18.4217	
0.994352	-0.000134833	0.106137	-0.000120722	0.999997	0.00240137	-0.106137	-0.00240062	0.994349	-1.03134	-0.0246194	19.3877	
0.993772	-0.000147875	0.111428	-0.000131537	0.999997	0.0025002	-0.111428	-0.00249928	0.993769	-1.13699	-0.0269989	20.3531	
0.993165	-0.000161438	0.116717	-0.000142651	0.999997	0.00259699	-0.116717	-0.00259589	0.993162	-1.24778	-0.0294731	21.318	
0.99253	-0.000175511	0.122004	-0.000154042	0.999996	0.00269174	-0.122004	-0.00269042	0.992526	-1.3637	-0.0320402	22.2822	
0.991866	-0.000190083	0.127287	-0.000165689	0.999996	0.00278445	-0.127287	-0.00278289	0.991862	-1.48476	-0.0346981	23.2459	
0.991174	-0.000205143	0.132567	-0.00017757	0.999996	0.00287512	-0.132567	-0.00287328	0.99117	-1.61095	-0.0374447	24.2088	
0.990454	-0.00022068	0.137843	-0.000189664	0.999996	0.00296375	-0.137843	-0.0029616	0.99045	-1.74226	-0.0402782	25.1711	
0.989706	-0.000236683	0.143116	-0.00020195	0.999995	0.00305033	-0.143116	-0.00304784	0.989701	-1.8787	-0.0431964	26.1327	
0.98893	-0.000253141	0.148386	-0.000214406	0.999995	0.00313488	-0.148386	-0.00313199	0.988925	-2.02025	-0.0461974	27.0935	
0.988125	-0.000270042	0.153651	-0.000227011	0.999995	0.00321739	-0.153651	-0.00321406	0.98812	-2.16692	-0.0492791	28.0536	
0.987293	-0.000287377	0.158913	-0.000239742	0.999995	0.00329785	-0.158913	-0.00329404	0.987287	-2.31871	-0.0524395	29.0129	
0.986432	-0.000305133	0.16417	-0.00025258	0.999994	0.00337628	-0.16417	-0.00337193	0.986426	-2.4756	-0.0556765	29.9713	
0.985543	-0.000323299	0.169423	-0.000265502	0.999994	0.00345266	-0.169423	-0.00344773	0.985537	-2.63759	-0.0589882	30.9289	
0.984627	-0.000341864	0.174671	-0.000278487	0.999994	0.00352701	-0.174672	-0.00352143	0.98462	-2.80469	-0.0623725	31.8857	
0.983682	-0.000360818	0.179915	-0.000291513	0.999993	0.00359932	-0.179915	-0.00359303	0.983676	-2.97688	-0.0658273	32.8415	
0.982709	-0.000380148	0.185154	-0.000304559	0.999993	0.00366959	-0.185154	-0.00366253	0.982703	-3.15416	-0.0693506	33.7964	
0.981709	-0.000399844	0.190388	-0.000317605	0.999993	0.00373783	-0.190388	-0.00372993	0.981702	-3.33653	-0.0729405	34.7503	
0.98068	-0.000419894	0.195616	-0.000330628	0.999993	0.00380403	-0.195616	-0.00379522	0.980673	-3.52397	-0.0765947	35.7032	
0.979624	-0.000440287	0.200839	-0.000343606	0.999992	0.00386821	-0.20084	-0.0038584	0.979617	-3.71649	-0.0803114	36.6552	
0.97854	-0.000461012	0.206057	-0.00035652	0.999992	0.00393035	-0.206057	-0.00391947	0.978532	-3.91409	-0.0840884	37.6061	
0.977428	-0.000482057	0.211269	-0.000369347	0.999992	0.00399047	-0.211269	-0.00397843	0.97742	-4.11674	-0.0879237	38.5559	
0.976288	-0.000503411	0.216475	-0.000382066	0.999992	0.00404856	-0.216475	-0.00403527	0.97628	-4.32446	-0.0918152	39.5046	
0.97512	-0.000525063	0.221675	-0.000394656	0.999991	0.00410464	-0.221676	-0.00409	0.975112	-4.53723	-0.0957609	40.4522	
0.973925	-0.000547002	0.226869	-0.000407096	0.999991	0.00415869	-0.226869	-0.00414261	0.973916	-4.75504	-0.0997587	41.3987	
0.972702	-0.000569216	0.232057	-0.000419365	0.999991	0.00421073	-0.232057	-0.0041931	0.972693	-4.9779	-0.103807	42.344	
0.971451	-0.000591693	0.237238	-0.00043144	0.999991	0.00426076	-0.237238	-0.00424147	0.971442	-5.2058	-0.107902	43.2881	
0.970173	-0.000614423	0.242412	-0.000443302	0.999991	0.00430877	-0.242412	-0.00428772	0.970164	-5.43872	-0.112044	44.2309	
0.968867	-0.000637393	0.247579	-0.000454929	0.99999	0.00435478	-0.24758	-0.00433184	0.968858	-5.67666	-0.11623	45.1725	
0.967534	-0.000660594	0.25274	-0.0004663	0.99999	0.00439879	-0.25274	-0.00437383	0.967524	-5.91962	-0.120458	46.1128	
0.966173	-0.000684012	0.257893	-0.000477394	0.99999	0.0044408	-0.257893	-0.0044137	0.966163	-6.16759	-0.124725	47.0519	
0.964785	-0.000707637	0.263039	-0.00048819	0.99999	0.00448082	-0.263039	-0.00445144	0.964775	-6.42055	-0.12903	47.9895	
0.963369	-0.000731457	0.268177	-0.000498667	0.99999	0.00451885	-0.268177	-0.00448705	0.963359	-6.67852	-0.13337	48.9258	
0.961926	-0.000755462	0.273307	-0.000508805	0.999989	0.00455489	-0.273308	-0.00452053	0.961916	-6.94147	-0.137745	49.8608	
0.960456	-0.000779638	0.27843	-0.000518581	0.999989	0.00458896	-0.278431	-0.00455188	0.960445	-7.20939	-0.14215	50.7943	
0.958959	-0.000803976	0.283545	-0.000527976	0.999989	0.00462104	-0.283546	-0.00458109	0.958948	-7.48229	-0.146585	51.7264	
0.957434	-0.000828463	0.288652	-0.000536969	0.999989	0.00465116	-0.288652	-0.00460818	0.957423	-7.76016	-0.151048	52.657	
0.955882	-0.000853088	0.29375	-0.000545538	0.999989	0.00467931	-0.293751	-0.00463312	0.955871	-8.04298	-0.155535	53.5861	
0.954303	-0.000877839	0.29884	-0.000553664	0.999989	0.00470551	-0.298841	-0.00465594	0.954292	-8.33074	-0.160046	54.5137	
0.952697	-0.000902706	0.303921	-0.000561326	0.999989	0.00472975	-0.303922	-0.00467661	0.952685	-8.62345	-0.164578	55.4397	
0.951064	-0.000927676	0.308993	-0.000568503	0.999989	0.00475204	-0.308994	-0.00469516	0.951052	-8.92109	-0.169129	56.3642	
0.949404	-0.000952739	0.314057	-0.000575174	0.999988	0.00477239	-0.314058	-0.00471156	0.949392	-9.22364	-0.173697	57.287	
0.947717	-0.000977882	0.319111	-0.00058132	0.999988	0.0047908	-0.319112	-0.00472583	0.947705	-9.53112	-0.17828	58.2083	
0.946003	-0.00100309	0.324156	-0.000586919	0.999988	0.00480728	-0.324157	-0.00473796	0.945991	-9.84349	-0.182876	59.1279	
0.943214	-0.00103641	0.332184	-5.30626e-05	0.999995	0.00327064	-0.332185	-0.00310254	0.943209	-10.1622	-0.186683	60.0453	
0.940357	-0.00105583	0.340188	0.00049364	0.999998	0.00173913	-0.34019	-0.00146748	0.940356	-10.4887	-0.188902	60.96	
0.937431	-0.00106136	0.348169	0.0010532	0.999999	0.000212703	-0.348169	0.000167297	0.937432	-10.823	-0.189534	61.8718	
0.934438	-0.00105299	0.356126	0.00162563	0.999998	-0.0013087	-0.356123	0.00180182	0.934437	-11.165	-0.188577	62.7808	
0.931376	-0.00103072	0.364057	0.00221094	0.999994	-0.00282512	-0.364051	0.00343616	0.931373	-11.5147	-0.186034	63.6869	
0.928248	-0.000994563	0.371962	0.00280917	0.999987	-0.00433661	-0.371952	0.00507035	0.928238	-11.8721	-0.181903	64.5899	
0.925052	-0.000944509	0.37984	0.00342032	0.999977	-0.00584321	-0.379826	0.00670444	0.925034	-12.2372	-0.176185	65.4899	
0.921789	-0.000880561	0.387691	0.00404442	0.999965	-0.00734497	-0.387671	0.00833849	0.92176	-12.6099	-0.16888	66.3867	
0.91846	-0.000802722	0.395513	0.00468151	0.99995	-0.00884193	-0.395486	0.00997255	0.918418	-12.9902	-0.159988	67.2803	
0.915065	-0.000710993	0.403307	0.00533161	0.999932	-0.0103341	-0.403272	0.0116067	0.915007	-13.3781	-0.149509	68.1706	
0.911603	-0.000605376	0.41107	0.00599476	0.999912	-0.0118216	-0.411027	0.0132409	0.911527	-13.7735	-0.137443	69.0576	
0.908077	-0.000485874	0.418804	0.00667099	0.999889	-0.0133044	-0.418751	0.0148753	0.907979	-14.1765	-0.123789	69.9412	
0.898818	-4.47445e-05	0.438321	0.0114169	0.999663	-0.0233093	-0.438173	0.0259551	0.898516	-14.5926	-0.103961	70.8185	
0.889143	0.00063563	0.457628	0.0163764	0.999314	-0.0332064	-0.457336	0.0370195	0.888523	-15.0275	-0.0733784	71.6863	
0.879057	0.00155485	0.476714	0.0215467	0.998843	-0.0429899	-0.476229	0.0480622	0.878007	-15.4809	-0.0320602	72.5442	
0.868566	0.00271237	0.495566	0.0269248	0.99825	-0.052654	-0.494842	0.0590765	0.866973	-15.9525	0.0199696	73.3916	
0.857675	0.00410751	0.514175	0.0325074	0.997535	-0.0621931	-0.513163	0.070056	0.855427	-16.442	0.0826802	74.2281	
0.846392	0.00573945	0.532529	0.0382912	0.996698	-0.0716016	-0.531182	0.0809942	0.843378	-16.9492	0.156035	75.0531	
0.834723	0.00760723	0.550617	0.0442729	0.995741	-0.0808738	-0.548887	0.0918847	0.830831	-17.4737	0.23999	75.8661	
0.822675	0.00970974	0.568429	0.050449	0.994663	-0.0900043	-0.566269	0.102721	0.817795	-18.0152	0.334496	76.6667	
0.810255	0.0120457	0.585954	0.0568157	0.993465	-0.0989877	-0.583317	0.113497	0.804276	-18.5735	0.439498	77.4545	
0.79747	0.0146139	0.603181	0.0633693	0.992149	-0.107819	-0.600021	0.124205	0.790283	-19.1482	0.554933	78.2288	
0.784329	0.0174126	0.620101	0.070106	0.990714	-0.116492	-0.616372	0.134841	0.775825	-19.7389	0.680734	78.9894	
0.770837	0.0204403	0.636704	0.0770218	0.989162	-0.125003	-0.632359	0.145397	0.760909	-20.3453	0.816826	79.7357	
0.757005	0.0236951	0.65298	0.0841126	0.987494	-0.133346	-0.647973	0.155868	0.745544	-20.9671	0.963129	80.4672	
0.742839	0.0271752	0.668919	0.0913743	0.98571	-0.141517	-0.663205	0.166246	0.72974	-21.6038	1.11956	81.1837	
0.728348	0.0308785	0.684511	0.0988025	0.983811	-0.14951	-0.678047	0.176527	0.713506	-22.2552	1.28602	81.8846	
0.713541	0.0348028	0.699749	0.106393	0.9818	-0.157321	-0.692488	0.186703	0.696851	-22.9207	1.46241	82.5695	
0.698426	0.0389459	0.714622	0.114141	0.979676	-0.164945	-0.706522	0.196769	0.679786	-23.6001	1.64864	83.238	
0.683012	0.0433051	0.729122	0.122042	0.977441	-0.172378	-0.720139	0.20672	0.662319	-24.293	1.84459	83.8898	
0.667309	0.0478781	0.74324	0.130092	0.975097	-0.179615	-0.733331	0.216548	0.644463	-24.9988	2.05014	84.5244	
0.651325	0.0526621	0.756969	0.138285	0.972645	-0.186653	-0.746091	0.226249	0.626226	-25.7173	2.26517	85.1415	
0.635071	0.0576542	0.770299	0.146618	0.970086	-0.193486	-0.758412	0.235817	0.60762	-26.4479	2.48957	85.7407	
0.618555	0.0628516	0.783224	0.155084	0.967422	-0.200111	-0.770285	0.245245	0.588656	-27.1903	2.72318	86.3216	
0.601787	0.0682511	0.795735	0.163679	0.964654	-0.206525	-0.781704	0.254529	0.569345	-27.944	2.96589	86.884	
0.584778	0.0738497	0.807825	0.172399	0.961784	-0.212722	-0.792662	0.263663	0.549698	-28.7085	3.21754	87.4274	
0.567537	0.0796439	0.819487	0.181237	0.958814	-0.2187	-0.803153	0.272641	0.529728	-29.4835	3.47798	87.9516	
