1	0	0	0	1	0	0	0	1	0	0	0	
1	2.50628e-07	-0.000306548	2.50628e-07	0.999999	0.00163517	0.000306548	-0.00163517	0.999999	0.000143443	-0.000765142	0.935858	
1	1.00439e-06	-0.000613675	1.00433e-06	0.999995	0.00327326	0.000613675	-0.00327326	0.999994	0.000574042	-0.00306194	1.87171	
1	2.26401e-06	-0.000921369	2.26381e-06	0.999988	0.0049142	0.000921369	-0.0049142	0.999988	0.00129233	-0.00689309	2.80756	
0.999999	4.03218e-06	-0.00122962	4.03166e-06	0.999978	0.00655793	0.00122962	-0.00655793	0.999978	0.00229884	-0.0122612	3.74341	
0.999999	6.31146e-06	-0.00153841	6.31043e-06	0.999966	0.00820438	0.00153841	-0.00820438	0.999965	0.00359408	-0.019169	4.67924	
0.999998	9.10438e-06	-0.00184772	9.10257e-06	0.999951	0.00985347	0.00184772	-0.00985347	0.99995	0.00517855	-0.0276188	5.61506	
0.999998	1.24134e-05	-0.00215756	1.24105e-05	0.999934	0.0115051	0.00215756	-0.0115051	0.999931	0.00705274	-0.0376131	6.55086	
0.999997	1.62408e-05	-0.00246789	1.62364e-05	0.999913	0.0131593	0.00246789	-0.0131593	0.99991	0.00921713	-0.0491543	7.48665	
0.999996	2.05889e-05	-0.00277872	2.05827e-05	0.99989	0.0148159	0.00277872	-0.0148159	0.999886	0.0116722	-0.0622448	8.42241	
0.999995	2.546e-05	-0.00309002	2.54514e-05	0.999864	0.0164749	0.00309002	-0.0164749	0.99986	0.0144183	-0.0768867	9.35815	
0.999994	3.08561e-05	-0.00340178	3.08446e-05	0.999836	0.0181362	0.00340178	-0.0181362	0.99983	0.017456	-0.0930823	10.2939	
0.999993	3.67793e-05	-0.00371399	3.67643e-05	0.999804	0.0197997	0.003714	-0.0197997	0.999797	0.0207857	-0.110834	11.2295	
0.999992	4.32315e-05	-0.00402665	4.32124e-05	0.99977	0.0214654	0.00402665	-0.0214654	0.999761	0.0244078	-0.130143	12.1652	
0.999991	5.02147e-05	-0.00433972	5.01908e-05	0.999732	0.0231332	0.00433972	-0.0231332	0.999723	0.0283226	-0.151012	13.1008	
0.999989	5.77306e-05	-0.00465321	5.77011e-05	0.999692	0.024803	0.00465321	-0.024803	0.999682	0.0325307	-0.173442	14.0364	
0.999988	6.5781e-05	-0.00496709	6.57452e-05	0.999649	0.0264747	0.0049671	-0.0264747	0.999637	0.0370323	-0.197437	14.9719	
0.999986	7.43675e-05	-0.00528136	7.43244e-05	0.999604	0.0281483	0.00528137	-0.0281483	0.99959	0.0418279	-0.222996	15.9074	
0.999984	8.34917e-05	-0.00559601	8.34405e-05	0.999555	0.0298237	0.00559601	-0.0298237	0.99954	0.0469177	-0.250123	16.8429	
0.999983	9.3155e-05	-0.00591101	9.30947e-05	0.999504	0.0315009	0.00591101	-0.0315009	0.999486	0.0523022	-0.278819	17.7783	
0.999981	0.000103359	-0.00622635	0.000103288	0.999449	0.0331797	0.00622635	-0.0331797	0.99943	0.0579816	-0.309085	18.7136	
0.999979	0.000114105	-0.00654203	0.000114023	0.999392	0.0348601	0.00654203	-0.0348601	0.999371	0.0639563	-0.340923	19.6489	
0.999976	0.000125394	-0.00685803	0.0001253	0.999332	0.0365421	0.00685803	-0.0365421	0.999309	0.0702266	-0.374334	20.5842	
0.999974	0.000137227	-0.00717433	0.000137119	0.999269	0.0382255	0.00717433	-0.0382255	0.999243	0.0767928	-0.40932	21.5194	
0.999972	0.000149605	-0.00749093	0.000149483	0.999203	0.0399103	0.00749093	-0.0399103	0.999175	0.0836551	-0.445882	22.4545	
0.99997	0.00016253	-0.0078078	0.000162392	0.999134	0.0415964	0.00780781	-0.0415964	0.999104	0.0908138	-0.484021	23.3895	
0.999967	0.000176002	-0.00812495	0.000175846	0.999063	0.0432837	0.00812495	-0.0432837	0.99903	0.0982692	-0.523739	24.3245	
0.999964	0.000190022	-0.00844234	0.000189848	0.998988	0.0449722	0.00844234	-0.0449722	0.998953	0.106022	-0.565037	25.2594	
0.999962	0.000204591	-0.00875998	0.000204396	0.998911	0.0466619	0.00875998	-0.0466619	0.998872	0.114071	-0.607915	26.1943	
0.999959	0.00021971	-0.00907784	0.000219493	0.99883	0.0483525	0.00907784	-0.0483525	0.998789	0.122418	-0.652375	27.129	
0.999956	0.000235378	-0.00939591	0.000235137	0.998747	0.0500441	0.00939592	-0.0500441	0.998703	0.131062	-0.698417	28.0637	
0.999953	0.000251597	-0.00971419	0.000251331	0.998661	0.0517366	0.00971419	-0.0517366	0.998614	0.140004	-0.746044	28.9983	
0.99995	0.000268367	-0.0100326	0.000268074	0.998572	0.05343	0.0100327	-0.05343	0.998521	0.149245	-0.795254	29.9328	
0.999946	0.000285688	-0.0103513	0.000285366	0.998479	0.055124	0.0103513	-0.055124	0.998426	0.158783	-0.84605	30.8673	
0.999943	0.00030356	-0.0106701	0.000303209	0.998384	0.0568188	0.0106701	-0.0568188	0.998327	0.168619	-0.898431	31.8016	
0.99994	0.000321984	-0.010989	0.0003216	0.998287	0.0585142	0.010989	-0.0585142	0.998226	0.178754	-0.952399	32.7359	
0.999936	0.00034096	-0.0113081	0.000340542	0.998186	0.0602101	0.0113081	-0.0602101	0.998122	0.189188	-1.00795	33.67	
0.999932	0.000360487	-0.0116273	0.000360033	0.998082	0.0619064	0.0116273	-0.0619064	0.998014	0.19992	-1.0651	34.6041	
0.999929	0.000380566	-0.0119466	0.000380073	0.997975	0.0636032	0.0119466	-0.0636032	0.997904	0.210951	-1.12382	35.538	
0.999925	0.000401196	-0.012266	0.000400663	0.997866	0.0653003	0.012266	-0.0653003	0.99779	0.222281	-1.18414	36.4719	
0.999921	0.000422377	-0.0125855	0.000421802	0.997753	0.0669976	0.0125855	-0.0669976	0.997674	0.233909	-1.24605	37.4056	
0.999917	0.000444108	-0.012905	0.000443489	0.997638	0.0686951	0.012905	-0.0686951	0.997554	0.245837	-1.30954	38.3392	
0.999912	0.00046639	-0.0132246	0.000465724	0.997519	0.0703927	0.0132246	-0.0703927	0.997432	0.258064	-1.37463	39.2727	
0.999908	0.000489222	-0.0135442	0.000488506	0.997398	0.0720904	0.0135443	-0.0720904	0.997306	0.27059	-1.4413	40.2061	
0.999904	0.000512602	-0.0138639	0.000511835	0.997274	0.0737881	0.0138639	-0.0737881	0.997178	0.283415	-1.50956	41.1394	
0.999899	0.000536531	-0.0141836	0.00053571	0.997147	0.0754856	0.0141836	-0.0754856	0.997046	0.296539	-1.57941	42.0726	
0.999895	0.000561008	-0.0145033	0.00056013	0.997017	0.077183	0.0145033	-0.077183	0.996911	0.309963	-1.65085	43.0056	
0.99989	0.000586031	-0.0148229	0.000585094	0.996884	0.0788801	0.014823	-0.0788801	0.996774	0.323685	-1.72387	43.9385	
0.999885	0.000611599	-0.0151426	0.000610601	0.996748	0.0805769	0.0151426	-0.0805769	0.996633	0.337707	-1.79849	44.8713	
0.99988	0.000637713	-0.0154622	0.00063665	0.99661	0.0822733	0.0154622	-0.0822733	0.99649	0.352028	-1.87469	45.8039	
0.999875	0.000664369	-0.0157817	0.00066324	0.996468	0.0839693	0.0157818	-0.0839693	0.996343	0.366648	-1.95248	46.7364	
0.99987	0.000691568	-0.0161012	0.000690369	0.996324	0.0856648	0.0161012	-0.0856648	0.996194	0.381567	-2.03186	47.6688	
0.999865	0.000719308	-0.0164206	0.000718037	0.996177	0.0873596	0.0164207	-0.0873596	0.996041	0.396785	-2.11282	48.601	
0.99986	0.000747588	-0.0167399	0.000746241	0.996027	0.0890538	0.01674	-0.0890538	0.995886	0.412302	-2.19537	49.5331	
0.999854	0.000776405	-0.0170591	0.00077498	0.995874	0.0907473	0.0170592	-0.0907473	0.995728	0.428117	-2.2795	50.465	
0.999849	0.000805759	-0.0173782	0.000804253	0.995718	0.09244	0.0173783	-0.0924399	0.995567	0.444232	-2.36522	51.3968	
0.999843	0.000835648	-0.0176971	0.000834058	0.995559	0.0941317	0.0176972	-0.0941317	0.995402	0.460645	-2.45252	52.3284	
0.999837	0.000866069	-0.018016	0.000864392	0.995398	0.0958226	0.018016	-0.0958226	0.995235	0.477356	-2.54141	53.2599	
0.999832	0.000897022	-0.0183346	0.000895255	0.995234	0.0975124	0.0183347	-0.0975124	0.995065	0.494365	-2.63188	54.1912	
0.999826	0.000928505	-0.0186531	0.000926644	0.995067	0.0992011	0.0186532	-0.0992011	0.994893	0.511673	-2.72393	55.1224	
0.99982	0.000960514	-0.0189714	0.000958557	0.994897	0.100889	0.0189715	-0.100889	0.994717	0.529279	-2.81755	56.0534	
0.999813	0.000993049	-0.0192895	0.000990992	0.994725	0.102575	0.0192896	-0.102575	0.994538	0.547182	-2.91276	56.9842	
0.999743	0.00133706	-0.0226236	0.000992459	0.994718	0.102645	0.0226414	-0.102641	0.994461	0.566803	-3.00879	57.9149	
0.999662	0.00168137	-0.0259584	0.000994185	0.99471	0.102715	0.0259938	-0.102706	0.994372	0.589561	-3.10487	58.8456	
0.999569	0.00202598	-0.0292936	0.00099617	0.994703	0.102787	0.0293467	-0.102771	0.994272	0.615456	-3.20102	59.7761	
0.999465	0.00237088	-0.0326292	0.000998417	0.994695	0.102859	0.0326999	-0.102836	0.994161	0.64449	-3.29723	60.7066	
0.999349	0.00271606	-0.0359649	0.00100092	0.994688	0.102931	0.0360534	-0.1029	0.994038	0.676662	-3.3935	61.6369	
0.999223	0.00306149	-0.0393006	0.00100368	0.99468	0.103004	0.0394069	-0.102963	0.993904	0.711972	-3.48983	62.5671	
0.999085	0.00340717	-0.0426362	0.00100669	0.994673	0.103077	0.0427603	-0.103025	0.993759	0.75042	-3.58622	63.4972	
0.998936	0.00375309	-0.0459716	0.00100995	0.994665	0.103149	0.0461135	-0.103086	0.993603	0.792007	-3.68267	64.4272	
0.998775	0.00409922	-0.0493066	0.00101343	0.994658	0.103222	0.0494663	-0.103145	0.993436	0.836731	-3.77917	65.3569	
0.998604	0.00444556	-0.0526411	0.00101714	0.99465	0.103294	0.0528186	-0.103203	0.993257	0.884594	-3.87572	66.2866	
0.998421	0.00479208	-0.0559749	0.00102107	0.994643	0.103365	0.0561704	-0.103259	0.993067	0.935593	-3.97233	67.216	
0.998227	0.00513878	-0.0593079	0.00102519	0.994636	0.103436	0.0595213	-0.103313	0.992866	0.989728	-4.069	68.1453	
0.998021	0.00548563	-0.06264	0.00102949	0.994628	0.103506	0.0628713	-0.103366	0.992654	1.047	-4.16571	69.0744	
0.997804	0.00583261	-0.0659711	0.00103395	0.994621	0.103575	0.0662203	-0.103415	0.992431	1.10741	-4.26247	70.0033	
0.997577	0.00617972	-0.0693009	0.00103856	0.994614	0.103642	0.0695681	-0.103463	0.992197	1.17094	-4.35927	70.9319	
0.995925	0.00820458	-0.0898087	0.000163609	0.995687	0.0927765	0.0901825	-0.0924131	0.991628	1.2457	-4.45093	71.8603	
0.993848	0.0100005	-0.110299	-0.000936883	0.996638	0.0819203	0.110748	-0.081313	0.990517	1.33973	-4.53223	72.7878	
0.991346	0.0115664	-0.130761	-0.00226231	0.997468	0.0710793	0.131252	-0.0701683	0.988863	1.45297	-4.60311	73.7141	
0.988422	0.0129015	-0.151183	-0.00381195	0.998175	0.0602593	0.151685	-0.0589853	0.986667	1.58537	-4.66355	74.6385	
0.985075	0.0140051	-0.171554	-0.00558496	0.99876	0.0494663	0.172034	-0.0477699	0.983932	1.73685	-4.71351	75.5607	
0.981309	0.0148765	-0.191863	-0.00758035	0.999222	0.0387063	0.192289	-0.0365285	0.980658	1.90734	-4.75295	76.48	
0.977125	0.0155154	-0.212099	-0.00979705	0.99956	0.0279851	0.21244	-0.025267	0.976847	2.09673	-4.78187	77.396	
0.972526	0.0159212	-0.23225	-0.0122338	0.999775	0.0173085	0.232473	-0.0139916	0.972502	2.30493	-4.80024	78.3082	
0.967514	0.0160938	-0.252306	-0.0148894	0.999867	0.00668244	0.25238	-0.00270867	0.967624	2.53182	-4.80806	79.2161	
0.962091	0.0160332	-0.272256	-0.0177622	0.999835	-0.00388729	0.272148	0.00857579	0.962217	2.77727	-4.80531	80.1192	
0.956262	0.0157393	-0.292088	-0.0208508	0.999679	-0.0143949	0.291768	0.0198556	0.956283	3.04116	-4.79201	81.0169	
0.950028	0.0152123	-0.311793	-0.0241534	0.9994	-0.0248346	0.311228	0.0311244	0.949826	3.32333	-4.76815	81.9089	
0.943394	0.0144525	-0.331358	-0.0276682	0.998997	-0.0352008	0.330517	0.0423763	0.942848	3.62363	-4.73376	82.7946	
0.936363	0.0134602	-0.350774	-0.0313933	0.998471	-0.0454877	0.349626	0.053605	0.935355	3.94191	-4.68884	83.6735	
0.928939	0.0122362	-0.37003	-0.0353267	0.997823	-0.0556897	0.368543	0.0648043	0.927349	4.27797	-4.63343	84.5451	
0.921126	0.010781	-0.389115	-0.0394663	0.997052	-0.0658012	0.387258	0.0759681	0.918836	4.63165	-4.56756	85.4091	
0.912928	0.00909534	-0.408018	-0.0438096	0.996159	-0.0758168	0.405762	0.0870904	0.90982	5.00274	-4.49125	86.2648	
0.90435	0.00718027	-0.42673	-0.0483544	0.995144	-0.0857308	0.424043	0.098165	0.900306	5.39105	-4.40456	87.1118	
0.895397	0.00503678	-0.445241	-0.0530983	0.994009	-0.0955379	0.442092	0.109186	0.890299	5.79636	-4.30753	87.9497	
0.886072	0.00266605	-0.463539	-0.0580385	0.992753	-0.105233	0.459899	0.120147	0.879805	6.21845	-4.20022	88.7781	
0.876382	6.93873e-05	-0.481616	-0.0631723	0.991377	-0.11481	0.477455	0.131042	0.86883	6.65708	-4.08267	89.5963	
0.866332	-0.0027518	-0.49946	-0.0684971	0.989882	-0.124264	0.494749	0.141866	0.857378	7.11203	-3.95496	90.4041	
0.855927	-0.00579596	-0.517064	-0.0740098	0.988269	-0.133591	0.511772	0.152612	0.845458	7.58303	-3.81716	91.201	
