1	0	0	0	1	0	0	0	1	0	0	0	
1	-3.03937e-07	-0.000372715	-3.03937e-07	0.999999	-0.00163093	0.000372715	0.00163093	0.999999	0.000192852	0.000843884	1.03485	
1	-1.21958e-06	-0.00074664	-1.21934e-06	0.999995	-0.00326651	0.00074664	0.00326651	0.999994	0.000772033	0.00337794	2.06969	
0.999999	-2.75254e-06	-0.00112176	-2.75157e-06	0.999988	-0.00490666	0.00112176	0.00490666	0.999987	0.00173879	0.00760694	3.10453	
0.999999	-4.90834e-06	-0.00149805	-4.90591e-06	0.999979	-0.00655128	0.00149805	0.00655128	0.999977	0.00309434	0.0135356	4.13936	
0.999998	-7.69238e-06	-0.00187549	-7.68749e-06	0.999966	-0.00820029	0.00187549	0.00820029	0.999965	0.00483989	0.0211684	5.17418	
0.999997	-1.111e-05	-0.00225408	-1.11014e-05	0.999951	-0.00985361	0.00225408	0.00985361	0.999949	0.00697664	0.0305099	6.20899	
0.999997	-1.51663e-05	-0.00263377	-1.51525e-05	0.999934	-0.0115111	0.00263377	0.0115111	0.99993	0.00950573	0.0415645	7.24377	
0.999995	-1.98664e-05	-0.00301457	-1.98457e-05	0.999913	-0.0131728	0.00301457	0.0131728	0.999909	0.0124283	0.0543366	8.27854	
0.999994	-2.52154e-05	-0.00339644	-2.51857e-05	0.99989	-0.0148385	0.00339644	0.0148385	0.999884	0.0157455	0.0688304	9.31328	
0.999993	-3.1218e-05	-0.00377938	-3.11771e-05	0.999864	-0.0165082	0.00377938	0.0165082	0.999857	0.0194585	0.0850499	10.348	
0.999991	-3.7879e-05	-0.00416335	-3.78244e-05	0.999835	-0.0181817	0.00416335	0.0181817	0.999826	0.0235682	0.102999	11.3827	
0.99999	-4.52031e-05	-0.00454834	-4.5132e-05	0.999803	-0.0198591	0.00454834	0.0198591	0.999792	0.0280759	0.122683	12.4173	
0.999988	-5.31949e-05	-0.00493434	-5.31041e-05	0.999768	-0.0215401	0.00493434	0.0215401	0.999756	0.0329824	0.144103	13.4519	
0.999986	-6.18586e-05	-0.00532131	-6.17449e-05	0.99973	-0.0232247	0.00532131	0.0232247	0.999716	0.038289	0.167266	14.4865	
0.999984	-7.11987e-05	-0.00570925	-7.10583e-05	0.99969	-0.0249129	0.00570925	0.0249129	0.999673	0.0439964	0.192173	15.5211	
0.999981	-8.12192e-05	-0.00609813	-8.10484e-05	0.999646	-0.0266044	0.00609813	0.0266044	0.999627	0.0501059	0.21883	16.5555	
0.999979	-9.19243e-05	-0.00648794	-9.17189e-05	0.999599	-0.0282994	0.00648794	0.0282994	0.999578	0.0566182	0.247238	17.59	
0.999976	-0.000103318	-0.00687864	-0.000103073	0.99955	-0.0299976	0.00687865	0.0299976	0.999526	0.0635344	0.277403	18.6244	
0.999974	-0.000115404	-0.00727023	-0.000115116	0.999497	-0.0316989	0.00727024	0.0316989	0.999471	0.0708554	0.309326	19.6587	
0.999971	-0.000128186	-0.00766269	-0.000127849	0.999442	-0.0334034	0.00766269	0.0334034	0.999413	0.0785821	0.343011	20.693	
0.999968	-0.000141668	-0.00805599	-0.000141276	0.999383	-0.0351108	0.00805599	0.0351108	0.999351	0.0867153	0.378462	21.7272	
0.999964	-0.000155852	-0.00845011	-0.000155402	0.999322	-0.0368211	0.00845012	0.0368211	0.999286	0.095256	0.415682	22.7613	
0.999961	-0.000170743	-0.00884504	-0.000170227	0.999257	-0.0385343	0.00884505	0.0385343	0.999218	0.104205	0.454672	23.7954	
0.999957	-0.000186344	-0.00924075	-0.000185756	0.99919	-0.0402501	0.00924076	0.0402501	0.999147	0.113563	0.495437	24.8294	
0.999954	-0.000202657	-0.00963722	-0.000201992	0.999119	-0.0419686	0.00963724	0.0419686	0.999072	0.123331	0.537979	25.8633	
0.99995	-0.000219686	-0.0100344	-0.000218936	0.999045	-0.0436897	0.0100345	0.0436897	0.998995	0.133509	0.582301	26.8972	
0.999946	-0.000237434	-0.0104324	-0.000236592	0.998968	-0.0454132	0.0104324	0.0454132	0.998914	0.1441	0.628405	27.9309	
0.999941	-0.000255903	-0.010831	-0.000254962	0.998888	-0.0471391	0.0108311	0.0471391	0.99883	0.155102	0.676294	28.9646	
0.999937	-0.000275095	-0.0112304	-0.000274048	0.998805	-0.0488672	0.0112304	0.0488672	0.998742	0.166517	0.72597	29.9982	
0.999932	-0.000295014	-0.0116304	-0.000293852	0.998719	-0.0505976	0.0116304	0.0505976	0.998651	0.178346	0.777435	31.0317	
0.999928	-0.000315661	-0.012031	-0.000314377	0.99863	-0.05233	0.012031	0.05233	0.998557	0.190589	0.830692	32.0651	
0.999923	-0.000337038	-0.0124323	-0.000335624	0.998537	-0.0540645	0.0124323	0.0540644	0.99846	0.203247	0.885743	33.0984	
0.999918	-0.000359149	-0.0128341	-0.000357594	0.998442	-0.0558008	0.0128342	0.0558008	0.998359	0.21632	0.94259	34.1316	
0.999912	-0.000381994	-0.0132366	-0.000380291	0.998343	-0.057539	0.0132366	0.057539	0.998256	0.22981	1.00124	35.1647	
0.999907	-0.000405575	-0.0136396	-0.000403715	0.998241	-0.059279	0.0136396	0.059279	0.998148	0.243716	1.06168	36.1977	
0.999901	-0.000429895	-0.0140431	-0.000427867	0.998136	-0.0610206	0.0140432	0.0610206	0.998038	0.25804	1.12393	37.2306	
0.999896	-0.000454954	-0.0144472	-0.000452749	0.998028	-0.0627637	0.0144472	0.0627637	0.997924	0.272781	1.18797	38.2633	
0.99989	-0.000480754	-0.0148517	-0.000478361	0.997917	-0.0645083	0.0148518	0.0645083	0.997807	0.287942	1.25383	39.296	
0.999883	-0.000507296	-0.0152568	-0.000504706	0.997803	-0.0662543	0.0152569	0.0662543	0.997686	0.30352	1.32149	40.3285	
0.999877	-0.000534581	-0.0156623	-0.000531782	0.997685	-0.0680016	0.0156624	0.0680016	0.997562	0.319519	1.39096	41.3609	
0.999871	-0.000562611	-0.0160682	-0.000559592	0.997564	-0.0697501	0.0160683	0.0697501	0.997435	0.335937	1.46223	42.3931	
0.999864	-0.000591385	-0.0164746	-0.000588136	0.99744	-0.0714997	0.0164747	0.0714997	0.997305	0.352776	1.53532	43.4253	
0.999857	-0.000620905	-0.0168813	-0.000617414	0.997313	-0.0732504	0.0168815	0.0732503	0.997171	0.370035	1.61021	44.4573	
0.99985	-0.000651172	-0.0172885	-0.000647427	0.997183	-0.0750019	0.0172886	0.0750019	0.997034	0.387715	1.68692	45.4891	
0.999843	-0.000682185	-0.0176959	-0.000678173	0.99705	-0.0767543	0.0176961	0.0767543	0.996893	0.405817	1.76545	46.5208	
0.999836	-0.000713945	-0.0181038	-0.000709655	0.996913	-0.0785075	0.0181039	0.0785074	0.996749	0.424341	1.84578	47.5524	
0.999828	-0.000746452	-0.0185119	-0.000741871	0.996774	-0.0802613	0.0185121	0.0802612	0.996602	0.443287	1.92793	48.5838	
0.999821	-0.000779707	-0.0189203	-0.00077482	0.996631	-0.0820157	0.0189205	0.0820156	0.996451	0.462656	2.0119	49.615	
0.999813	-0.000813708	-0.019329	-0.000808504	0.996485	-0.0837705	0.0193292	0.0837705	0.996298	0.482447	2.09768	50.6461	
0.999805	-0.000848455	-0.0197379	-0.00084292	0.996336	-0.0855258	0.0197382	0.0855257	0.99614	0.502661	2.18528	51.6771	
0.999797	-0.000883949	-0.0201471	-0.000878069	0.996183	-0.0872813	0.0201474	0.0872812	0.99598	0.523299	2.27469	52.7078	
0.999788	-0.000920188	-0.0205565	-0.00091395	0.996028	-0.089037	0.0205568	0.089037	0.995816	0.54436	2.36592	53.7385	
0.99978	-0.000957173	-0.0209661	-0.000950561	0.995869	-0.0907929	0.0209664	0.0907929	0.995649	0.565846	2.45897	54.7689	
0.999771	-0.000994901	-0.0213758	-0.000987901	0.995708	-0.0925488	0.0213761	0.0925487	0.995479	0.587755	2.55384	55.7991	
0.999762	-0.00103337	-0.0217857	-0.00102597	0.995543	-0.0943047	0.021786	0.0943046	0.995305	0.610088	2.65052	56.8292	
0.999753	-0.00107259	-0.0221957	-0.00106476	0.995375	-0.0960604	0.0221961	0.0960603	0.995128	0.632845	2.74902	57.8591	
0.999744	-0.00111254	-0.0226058	-0.00110428	0.995204	-0.0978158	0.0226062	0.0978157	0.994948	0.656027	2.84934	58.8888	
0.999734	-0.00115323	-0.023016	-0.00114453	0.99503	-0.0995709	0.0230164	0.0995708	0.994764	0.679633	2.95147	59.9184	
0.999725	-0.00119466	-0.0234262	-0.00118549	0.994853	-0.101326	0.0234267	0.101326	0.994577	0.703664	3.05542	60.9477	
0.999715	-0.00123683	-0.0238365	-0.00122718	0.994672	-0.10308	0.023837	0.10308	0.994387	0.728119	3.16118	61.9768	
0.999705	-0.00127973	-0.0242469	-0.00126958	0.994489	-0.104833	0.0242474	0.104833	0.994194	0.752999	3.26876	63.0058	
0.999695	-0.00132336	-0.0246572	-0.0013127	0.994303	-0.106586	0.0246577	0.106586	0.993998	0.778304	3.37816	64.0345	
0.999685	-0.00136772	-0.0250675	-0.00135653	0.994113	-0.108338	0.0250681	0.108338	0.993798	0.804034	3.48936	65.063	
0.999674	-0.00141281	-0.0254777	-0.00140107	0.993921	-0.11009	0.0254784	0.11009	0.993595	0.830187	3.60238	66.0914	
0.999664	-0.00145862	-0.0258879	-0.00144632	0.993725	-0.11184	0.0258886	0.11184	0.993389	0.856766	3.71721	67.1195	
0.999561	-0.00188108	-0.0295796	-0.00154749	0.993311	-0.115462	0.0295989	0.115457	0.992871	0.885477	3.83482	68.1472	
0.999444	-0.00231694	-0.033269	-0.00166217	0.992883	-0.119081	0.0333081	0.11907	0.992327	0.918026	3.95617	69.1744	
0.999313	-0.00276619	-0.0369561	-0.00179034	0.992443	-0.122697	0.0370162	0.122679	0.991756	0.954414	4.08126	70.201	
0.999169	-0.00322882	-0.0406408	-0.00193196	0.991989	-0.126309	0.0407231	0.126283	0.991158	0.994638	4.21008	71.227	
0.998002	-0.00620793	-0.0628792	-0.00259802	0.990288	-0.139004	0.0631315	0.13889	0.988293	1.04838	4.34729	72.2513	
0.996332	-0.00946928	-0.0850458	-0.00355124	0.988427	-0.151658	0.0854977	0.151404	0.984767	1.12529	4.49751	73.2723	
0.99416	-0.0130107	-0.107126	-0.00479098	0.986405	-0.164263	0.107807	0.163817	0.980582	1.22531	4.66062	74.2893	
0.991488	-0.0168297	-0.129104	-0.00631641	0.984225	-0.176809	0.130043	0.17612	0.975741	1.34839	4.83652	75.3016	
0.988317	-0.0209239	-0.150967	-0.0081265	0.981888	-0.18929	0.152193	0.188305	0.970247	1.49443	5.02509	76.3085	
0.98465	-0.0252905	-0.172699	-0.0102201	0.979395	-0.201696	0.174241	0.200365	0.964103	1.66335	5.22621	77.3095	
0.980489	-0.0299265	-0.194285	-0.0125957	0.976748	-0.214018	0.196172	0.21229	0.957314	1.85502	5.43974	78.3037	
0.975836	-0.0348289	-0.215712	-0.0152517	0.97395	-0.22625	0.217972	0.224073	0.949884	2.06932	5.66554	79.2906	
0.970695	-0.0399943	-0.236964	-0.0181865	0.971001	-0.238382	0.239626	0.235706	0.941818	2.30611	5.90345	80.2695	
0.965069	-0.0454194	-0.258028	-0.021398	0.967904	-0.250407	0.26112	0.247181	0.933123	2.56522	6.15332	81.2396	
0.958962	-0.0511004	-0.27889	-0.024884	0.964661	-0.262316	0.282439	0.258491	0.923802	2.84648	6.41499	82.2005	
0.952379	-0.0570336	-0.299536	-0.0286423	0.961274	-0.274102	0.303569	0.269628	0.913863	3.14972	6.68826	83.1514	
0.945323	-0.0632151	-0.319951	-0.0326704	0.957745	-0.285756	0.324496	0.280585	0.903313	3.47471	6.97297	84.0917	
0.937799	-0.0696406	-0.340123	-0.0369654	0.954077	-0.297271	0.345205	0.291353	0.892158	3.82125	7.26892	85.0208	
0.929812	-0.0763059	-0.360037	-0.0415247	0.950272	-0.308639	0.365684	0.301927	0.880406	4.1891	7.57592	85.938	
0.921368	-0.0832065	-0.37968	-0.046345	0.946333	-0.319853	0.385918	0.312299	0.868065	4.57802	7.89375	86.8428	
0.912473	-0.0903378	-0.39904	-0.0514232	0.942262	-0.330905	0.405893	0.322461	0.855143	4.98774	8.22221	87.7345	
0.903131	-0.097695	-0.418103	-0.0567558	0.938062	-0.341787	0.425597	0.332408	0.841648	5.418	8.56107	88.6125	
0.89335	-0.105273	-0.436856	-0.0623394	0.933736	-0.352492	0.445016	0.342132	0.827591	5.8685	8.91012	89.4762	
0.883136	-0.113067	-0.455287	-0.0681702	0.929287	-0.363014	0.464137	0.351628	0.812979	6.33895	9.26911	90.3251	
0.872496	-0.121072	-0.473384	-0.0742442	0.924717	-0.373345	0.482948	0.360888	0.797823	6.82902	9.6378	91.1586	
0.861437	-0.129282	-0.491134	-0.0805575	0.92003	-0.383478	0.501435	0.369906	0.782133	7.33839	10.016	91.9762	
0.849966	-0.137692	-0.508526	-0.0871057	0.915229	-0.393406	0.519587	0.378677	0.76592	7.86672	10.4033	92.7772	
0.838091	-0.146297	-0.525548	-0.0938845	0.910317	-0.403123	0.537391	0.387195	0.749194	8.41366	10.7996	93.5612	
0.825821	-0.155089	-0.542188	-0.100889	0.905298	-0.412622	0.554835	0.395453	0.731967	8.97883	11.2046	94.3277	
0.813162	-0.164065	-0.558436	-0.108116	0.900174	-0.421897	0.571908	0.403446	0.71425	9.56187	11.618	95.076	
0.800124	-0.173217	-0.57428	-0.115558	0.89495	-0.430942	0.588598	0.41117	0.696054	10.1624	12.0395	95.8058	
0.786716	-0.182539	-0.58971	-0.123213	0.889628	-0.439751	0.604894	0.418619	0.677393	10.78	12.4689	96.5165	
0.772946	-0.192026	-0.604716	-0.131074	0.884213	-0.448317	0.620786	0.425787	0.658279	11.4142	12.9058	97.2076	
0.758823	-0.20167	-0.619287	-0.139135	0.878707	-0.456635	0.636261	0.43267	0.638724	12.0646	13.35	97.8788	
