1	0	0	0	1	0	0	0	1	0	0	0	
0.999996	4.21228e-06	0.0028327	4.21228e-06	0.999996	-0.00297403	-0.0028327	0.00297403	0.999992	-0.00104009	0.00109198	0.734341	
0.999984	1.68548e-05	0.00566696	1.68472e-05	0.999982	-0.00594701	-0.00566696	0.00594701	0.999966	-0.00416093	0.00436754	1.46867	
0.999964	3.79341e-05	0.00850273	3.79036e-05	0.99996	-0.00891888	-0.00850273	0.00891888	0.999924	-0.00936364	0.00982588	2.20297	
0.999936	6.74564e-05	0.01134	6.73802e-05	0.999929	-0.0118896	-0.01134	0.0118896	0.999865	-0.0166493	0.0174662	2.93724	
0.999899	0.000105428	0.0141786	0.000105276	0.99989	-0.0148591	-0.0141786	0.0148591	0.999789	-0.026019	0.0272876	3.67146	
0.999855	0.000151854	0.0170186	0.000151588	0.999841	-0.0178273	-0.0170186	0.0178273	0.999696	-0.0374737	0.0392891	4.40561	
0.999803	0.000206741	0.0198599	0.000206315	0.999784	-0.0207943	-0.0198599	0.0207943	0.999587	-0.0510145	0.0534699	5.1397	
0.999742	0.000270095	0.0227024	0.000269455	0.999718	-0.0237598	-0.0227024	0.0237598	0.99946	-0.0666422	0.0698289	5.87369	
0.999674	0.00034192	0.0255461	0.000341006	0.999643	-0.0267239	-0.0255461	0.0267239	0.999316	-0.0843577	0.0883651	6.60759	
0.999597	0.000422222	0.028391	0.000420966	0.999559	-0.0296866	-0.028391	0.0296866	0.999156	-0.104162	0.109078	7.34137	
0.999512	0.000511006	0.031237	0.00050933	0.999467	-0.0326477	-0.031237	0.0326477	0.998979	-0.126056	0.131965	8.07503	
0.999419	0.000608276	0.034084	0.000606098	0.999366	-0.0356072	-0.0340841	0.0356072	0.998784	-0.15004	0.157026	8.80855	
0.999318	0.000714037	0.036932	0.000711265	0.999256	-0.0385651	-0.0369321	0.038565	0.998573	-0.176115	0.18426	9.54193	
0.999208	0.000828294	0.039781	0.000824829	0.999137	-0.0415212	-0.039781	0.0415212	0.998345	-0.204282	0.213666	10.2751	
0.99909	0.000951051	0.0426308	0.000946786	0.99901	-0.0444757	-0.0426309	0.0444756	0.9981	-0.234541	0.245241	11.0082	
0.998965	0.00108231	0.0454815	0.00107713	0.998874	-0.0474283	-0.0454816	0.0474282	0.997839	-0.266894	0.278986	11.741	
0.998831	0.00122208	0.0483329	0.00121586	0.998729	-0.0503791	-0.0483331	0.0503789	0.99756	-0.30134	0.314898	12.4737	
0.998688	0.00137036	0.0511851	0.00136298	0.998576	-0.0533279	-0.0511853	0.0533277	0.997264	-0.33788	0.352976	13.2061	
0.998538	0.00152715	0.054038	0.00151847	0.998414	-0.0562748	-0.0540382	0.0562746	0.996952	-0.376515	0.393219	13.9384	
0.998379	0.00169246	0.0568915	0.00168233	0.998244	-0.0592197	-0.0568918	0.0592194	0.996622	-0.417246	0.435625	14.6703	
0.998212	0.00186629	0.0597455	0.00185457	0.998064	-0.0621625	-0.0597459	0.0621622	0.996276	-0.460072	0.480193	15.4021	
0.998037	0.00204865	0.0626001	0.00203516	0.997876	-0.0651032	-0.0626005	0.0651028	0.995913	-0.504994	0.526921	16.1336	
0.997853	0.00223953	0.0654552	0.00222412	0.99768	-0.0680418	-0.0654557	0.0680412	0.995533	-0.552013	0.575808	16.8648	
0.997661	0.00243895	0.0683106	0.00242143	0.997475	-0.0709781	-0.0683112	0.0709775	0.995136	-0.601128	0.626852	17.5957	
0.997461	0.00264689	0.0711664	0.00262709	0.997261	-0.0739121	-0.0711672	0.0739114	0.994722	-0.652341	0.680051	18.3263	
0.997252	0.00286336	0.0740226	0.00284109	0.997039	-0.0768438	-0.0740234	0.0768429	0.994292	-0.705651	0.735404	19.0566	
0.997036	0.00308838	0.0768789	0.00306343	0.996808	-0.0797731	-0.0768799	0.0797721	0.993844	-0.761058	0.792908	19.7866	
0.996811	0.00332192	0.0797355	0.00329411	0.996569	-0.0827	-0.0797367	0.0826988	0.99338	-0.818564	0.852563	20.5162	
0.996577	0.00356401	0.0825923	0.0035331	0.996321	-0.0856243	-0.0825936	0.0856231	0.992898	-0.878167	0.914366	21.2456	
0.996335	0.00381464	0.0854491	0.00378042	0.996065	-0.0885462	-0.0854506	0.0885447	0.9924	-0.939868	0.978316	21.9745	
0.996085	0.00407381	0.088306	0.00403605	0.9958	-0.0914655	-0.0883077	0.0914638	0.991885	-1.00367	1.04441	22.7031	
0.995827	0.00434152	0.0911629	0.00429999	0.995527	-0.0943821	-0.0911648	0.0943802	0.991353	-1.06956	1.11265	23.4313	
0.99556	0.00461777	0.0940197	0.00457223	0.995245	-0.097296	-0.0940219	0.0972938	0.990805	-1.13756	1.18302	24.1591	
0.995284	0.00490256	0.0968764	0.00485276	0.994955	-0.100207	-0.0968789	0.100205	0.990239	-1.20765	1.25554	24.8864	
0.995001	0.00519591	0.0997329	0.00514158	0.994656	-0.103116	-0.0997357	0.103113	0.989657	-1.27985	1.33019	25.6134	
0.994709	0.00549779	0.102589	0.00543868	0.994349	-0.106021	-0.102592	0.106018	0.989058	-1.35413	1.40698	26.3399	
0.994408	0.00580822	0.105445	0.00574405	0.994034	-0.108924	-0.105449	0.10892	0.988442	-1.43052	1.4859	27.066	
0.994099	0.00612719	0.108301	0.00605768	0.99371	-0.111823	-0.108305	0.11182	0.987809	-1.50901	1.56695	27.7916	
0.993782	0.00645471	0.111156	0.00637957	0.993377	-0.11472	-0.111161	0.114716	0.987159	-1.58959	1.65013	28.5168	
0.993456	0.00679076	0.114011	0.00670971	0.993037	-0.117614	-0.114016	0.117609	0.986493	-1.67227	1.73543	29.2415	
0.993122	0.00713537	0.116866	0.00704809	0.992688	-0.120504	-0.116871	0.120499	0.98581	-1.75704	1.82286	29.9656	
0.99278	0.00748851	0.119719	0.0073947	0.992331	-0.123392	-0.119725	0.123386	0.98511	-1.84391	1.9124	30.6893	
0.992428	0.00785019	0.122573	0.00774953	0.991965	-0.126276	-0.122579	0.12627	0.984393	-1.93288	2.00407	31.4125	
0.992069	0.00822041	0.125425	0.00811258	0.991591	-0.129157	-0.125432	0.12915	0.98366	-2.02394	2.09785	32.1351	
0.991701	0.00859917	0.128277	0.00848384	0.991209	-0.132034	-0.128285	0.132027	0.98291	-2.1171	2.19375	32.8571	
0.991325	0.00898647	0.131128	0.00886329	0.990818	-0.134909	-0.131137	0.1349	0.982143	-2.21235	2.29176	33.5786	
0.99094	0.0093823	0.133979	0.00925093	0.99042	-0.137779	-0.133988	0.137771	0.98136	-2.3097	2.39188	34.2996	
0.990546	0.00978666	0.136828	0.00964675	0.990013	-0.140647	-0.136838	0.140637	0.980559	-2.40914	2.4941	35.02	
0.990145	0.0101995	0.139677	0.0100507	0.989598	-0.143511	-0.139688	0.1435	0.979742	-2.51067	2.59843	35.7397	
0.989734	0.010621	0.142525	0.0104629	0.989174	-0.146371	-0.142536	0.14636	0.978909	-2.6143	2.70486	36.4589	
0.989315	0.0110509	0.145371	0.0108832	0.988743	-0.149228	-0.145384	0.149215	0.978058	-2.72001	2.81338	37.1774	
0.988488	0.011893	0.150829	0.0113717	0.988246	-0.152451	-0.150869	0.152411	0.976734	-2.82879	2.92413	37.8952	
0.987631	0.012753	0.156279	0.0118791	0.987737	-0.155675	-0.156348	0.155606	0.975368	-2.94159	3.03723	38.6119	
0.986742	0.0136309	0.161722	0.0124055	0.987217	-0.1589	-0.16182	0.1588	0.973959	-3.05841	3.15267	39.3277	
0.985823	0.0145267	0.167157	0.0129508	0.986685	-0.162126	-0.167287	0.161992	0.972509	-3.17925	3.27045	40.0424	
0.984874	0.0154403	0.172585	0.0135152	0.986142	-0.165351	-0.172746	0.165183	0.971017	-3.3041	3.39058	40.756	
0.983894	0.0163719	0.178004	0.0140985	0.985588	-0.168577	-0.178199	0.168371	0.969483	-3.43296	3.51306	41.4685	
0.982883	0.0173213	0.183415	0.0147008	0.985022	-0.171802	-0.183644	0.171557	0.967907	-3.56582	3.63787	42.1798	
0.981842	0.0182885	0.188817	0.0153222	0.984445	-0.175026	-0.189081	0.174741	0.966289	-3.70267	3.76502	42.89	
0.98077	0.0192736	0.194211	0.0159625	0.983856	-0.178249	-0.194511	0.177922	0.964629	-3.84352	3.89451	43.599	
0.979669	0.0202764	0.199595	0.0166218	0.983256	-0.181471	-0.199933	0.181099	0.962928	-3.98835	4.02633	44.3067	
0.978537	0.0212971	0.20497	0.0173002	0.982644	-0.184692	-0.205346	0.184274	0.961185	-4.13716	4.16049	45.0132	
0.977374	0.0223355	0.210335	0.0179975	0.982021	-0.18791	-0.210751	0.187444	0.9594	-4.28994	4.29697	45.7184	
0.976182	0.0233917	0.215691	0.0187138	0.981387	-0.191127	-0.216147	0.190611	0.957574	-4.44668	4.43578	46.4223	
0.974959	0.0244655	0.221036	0.0194491	0.980741	-0.194341	-0.221534	0.193774	0.955706	-4.60739	4.57692	47.1248	
0.973706	0.0255571	0.226371	0.0202033	0.980084	-0.197553	-0.226911	0.196932	0.953797	-4.77204	4.72038	47.8259	
0.972423	0.0266663	0.231695	0.0209764	0.979416	-0.200761	-0.232279	0.200085	0.951847	-4.94064	4.86615	48.5256	
0.97111	0.0277932	0.237008	0.0217685	0.978736	-0.203967	-0.237637	0.203233	0.949855	-5.11319	5.01424	49.2239	
0.969767	0.0289377	0.242311	0.0225795	0.978045	-0.207169	-0.242986	0.206377	0.947822	-5.28966	5.16463	49.9206	
0.968394	0.0300997	0.247601	0.0234093	0.977342	-0.210367	-0.248323	0.209514	0.945748	-5.47005	5.31734	50.6159	
0.966992	0.0312793	0.252881	0.0242579	0.976629	-0.213561	-0.253651	0.212646	0.943633	-5.65436	5.47234	51.3096	
0.965559	0.0324764	0.258148	0.0251253	0.975904	-0.216751	-0.258967	0.215772	0.941477	-5.84258	5.62965	52.0018	
0.964097	0.033691	0.263403	0.0260115	0.975167	-0.219936	-0.264272	0.218891	0.93928	-6.0347	5.78924	52.6924	
0.962606	0.034923	0.268646	0.0269164	0.97442	-0.223117	-0.269566	0.222004	0.937042	-6.23071	5.95113	53.3813	
0.961084	0.0361724	0.273877	0.02784	0.973662	-0.226292	-0.274849	0.225111	0.934764	-6.43061	6.1153	54.0686	
0.959533	0.0374391	0.279095	0.0287822	0.972892	-0.229462	-0.28012	0.22821	0.932445	-6.63438	6.28175	54.7542	
0.957953	0.0387232	0.284299	0.029743	0.972111	-0.232627	-0.285379	0.231302	0.930085	-6.84201	6.45047	55.438	
0.956344	0.0400245	0.289491	0.0307223	0.971319	-0.235785	-0.290625	0.234386	0.927685	-7.05351	6.62145	56.1201	
0.954705	0.0413431	0.294669	0.0317202	0.970517	-0.238938	-0.295859	0.237462	0.925245	-7.26885	6.7947	56.8005	
0.953037	0.0426788	0.299833	0.0327364	0.969703	-0.242084	-0.301081	0.24053	0.922765	-7.48803	6.97021	57.479	
0.951339	0.0440317	0.304983	0.033771	0.968878	-0.245223	-0.306289	0.24359	0.920245	-7.71104	7.14797	58.1557	
0.949613	0.0454017	0.310119	0.0348239	0.968043	-0.248356	-0.311485	0.246642	0.917685	-7.93787	7.32797	58.8306	
0.947857	0.0467887	0.315241	0.0358951	0.967196	-0.251481	-0.316667	0.249684	0.915085	-8.16851	7.5102	59.5035	
0.946073	0.0481927	0.320348	0.0369845	0.966339	-0.254599	-0.321835	0.252718	0.912445	-8.40295	7.69467	60.1745	
0.94426	0.0496136	0.325441	0.0380919	0.965471	-0.25771	-0.326989	0.255742	0.909766	-8.64118	7.88136	60.8436	
0.942418	0.0510514	0.330518	0.0392174	0.964593	-0.260812	-0.33213	0.258756	0.907047	-8.88319	8.07027	61.5107	
0.940547	0.052506	0.33558	0.0403609	0.963704	-0.263906	-0.337256	0.261761	0.90429	-9.12897	8.26139	62.1758	
0.938648	0.0539774	0.340626	0.0415222	0.962804	-0.266992	-0.342368	0.264755	0.901493	-9.37851	8.45472	62.8388	
0.93672	0.0554655	0.345657	0.0427014	0.961894	-0.270069	-0.347465	0.267739	0.898657	-9.6318	8.65023	63.4998	
0.934764	0.0569703	0.350672	0.0438983	0.960973	-0.273137	-0.352547	0.270713	0.895782	-9.88882	8.84794	64.1586	
0.932779	0.0584917	0.35567	0.0451129	0.960042	-0.276196	-0.357614	0.273676	0.892869	-10.1496	9.04782	64.8154	
0.930766	0.0600295	0.360652	0.046345	0.959101	-0.279246	-0.362665	0.276627	0.889917	-10.414	9.24988	65.47	
0.928725	0.0615839	0.365618	0.0475946	0.958149	-0.282286	-0.367701	0.279568	0.886926	-10.6822	9.4541	66.1224	
0.926656	0.0631547	0.370567	0.0488615	0.957187	-0.285316	-0.372721	0.282496	0.883898	-10.9541	9.66047	66.7726	
0.924559	0.0647418	0.375499	0.0501458	0.956215	-0.288336	-0.377725	0.285413	0.880831	-11.2296	9.86899	67.4205	
0.922434	0.0663451	0.380413	0.0514472	0.955233	-0.291346	-0.382713	0.288318	0.877726	-11.5088	10.0797	68.0662	
0.920281	0.0679647	0.38531	0.0527657	0.954242	-0.294345	-0.387684	0.291211	0.874584	-11.7917	10.2924	68.7096	
0.9181	0.0696004	0.39019	0.0541013	0.95324	-0.297333	-0.392639	0.294091	0.871404	-12.0782	10.5073	69.3507	
0.910886	0.0749137	0.405802	0.0555461	0.952176	-0.30046	-0.408903	0.296225	0.863162	-12.3725	10.7241	69.9876	
