1	0	0	0	1	0	0	0	1	0	0	0	
1	2.22602e-08	-0.000370419	2.22602e-08	1	0.00012019	0.000370419	-0.00012019	1	0.000199521	-6.47385e-05	1.07727	
1	8.93849e-08	-0.000742225	8.94051e-08	1	0.000240884	0.000742225	-0.000240884	1	0.000798831	-0.000259226	2.15455	
0.999999	2.01889e-07	-0.0011154	2.0197e-07	1	0.000362076	0.0011154	-0.000362076	0.999999	0.00179941	-0.000584002	3.23182	
0.999999	3.60279e-07	-0.00148991	3.60482e-07	1	0.00048376	0.00148991	-0.00048376	0.999999	0.00320273	-0.0010396	4.30909	
0.999998	5.65054e-07	-0.00186575	5.65461e-07	1	0.000605929	0.00186575	-0.000605929	0.999998	0.00501021	-0.00162655	5.38636	
0.999997	8.16703e-07	-0.00224289	8.17419e-07	1	0.000728576	0.00224289	-0.000728576	0.999997	0.00722328	-0.00234536	6.46363	
0.999997	1.11571e-06	-0.00262132	1.11686e-06	1	0.000851695	0.00262132	-0.000851695	0.999996	0.00984332	-0.00319655	7.5409	
0.999995	1.46254e-06	-0.00300099	1.46427e-06	1	0.000975278	0.00300099	-0.000975278	0.999995	0.0128717	-0.00418062	8.61817	
0.999994	1.85766e-06	-0.00338191	1.86014e-06	0.999999	0.00109932	0.00338191	-0.00109932	0.999994	0.0163098	-0.00529808	9.69543	
0.999993	2.30153e-06	-0.00376404	2.30496e-06	0.999999	0.00122381	0.00376404	-0.00122381	0.999992	0.0201588	-0.0065494	10.7727	
0.999991	2.7946e-06	-0.00414736	2.79917e-06	0.999999	0.00134875	0.00414736	-0.00134875	0.99999	0.0244202	-0.00793508	11.85	
0.99999	3.33728e-06	-0.00453185	3.34326e-06	0.999999	0.00147412	0.00453185	-0.00147412	0.999989	0.0290951	-0.00945558	12.9272	
0.999988	3.93003e-06	-0.00491748	3.93765e-06	0.999999	0.00159993	0.00491748	-0.00159993	0.999987	0.0341849	-0.0111114	14.0045	
0.999986	4.57324e-06	-0.00530425	4.5828e-06	0.999999	0.00172616	0.00530425	-0.00172616	0.999984	0.0396907	-0.0129029	15.0817	
0.999984	5.26733e-06	-0.00569211	5.27914e-06	0.999998	0.0018528	0.00569211	-0.0018528	0.999982	0.0456137	-0.0148307	16.159	
0.999982	6.0127e-06	-0.00608106	6.02708e-06	0.999998	0.00197986	0.00608106	-0.00197986	0.99998	0.0519552	-0.0168951	17.2362	
0.999979	6.80972e-06	-0.00647106	6.82704e-06	0.999998	0.00210732	0.00647106	-0.00210732	0.999977	0.0587162	-0.0190966	18.3135	
0.999976	7.65879e-06	-0.0068621	7.67941e-06	0.999998	0.00223517	0.0068621	-0.00223517	0.999974	0.0658979	-0.0214356	19.3907	
0.999974	8.56026e-06	-0.00725416	8.5846e-06	0.999997	0.00236342	0.00725416	-0.00236342	0.999971	0.0735015	-0.0239126	20.468	
0.999971	9.5145e-06	-0.0076472	9.54297e-06	0.999997	0.00249204	0.0076472	-0.00249204	0.999968	0.0815279	-0.0265279	21.5452	
0.999968	1.05218e-05	-0.00804122	1.05549e-05	0.999997	0.00262104	0.00804122	-0.00262104	0.999964	0.0899782	-0.029282	22.6225	
0.999964	1.15826e-05	-0.00843618	1.16208e-05	0.999996	0.00275041	0.00843618	-0.00275041	0.999961	0.0988536	-0.0321753	23.6997	
0.999961	1.26972e-05	-0.00883206	1.27409e-05	0.999996	0.00288014	0.00883206	-0.00288014	0.999957	0.108155	-0.0352081	24.7769	
0.999957	1.38659e-05	-0.00922884	1.39156e-05	0.999995	0.00301022	0.00922884	-0.00301022	0.999953	0.117883	-0.0383809	25.8541	
0.999954	1.50889e-05	-0.0096265	1.51453e-05	0.999995	0.00314065	0.0096265	-0.00314065	0.999949	0.128039	-0.0416939	26.9314	
0.99995	1.63666e-05	-0.010025	1.64303e-05	0.999995	0.00327141	0.010025	-0.00327141	0.999944	0.138624	-0.0451477	28.0086	
0.999946	1.76993e-05	-0.0104244	1.77708e-05	0.999994	0.00340251	0.0104244	-0.00340251	0.99994	0.149639	-0.0487425	29.0858	
0.999941	1.90872e-05	-0.0108245	1.91671e-05	0.999994	0.00353393	0.0108245	-0.00353393	0.999935	0.161085	-0.0524788	30.163	
0.999937	2.05306e-05	-0.0112255	2.06197e-05	0.999993	0.00366567	0.0112255	-0.00366567	0.99993	0.172961	-0.0563567	31.2402	
0.999932	2.20297e-05	-0.0116272	2.21286e-05	0.999993	0.00379772	0.0116272	-0.00379772	0.999925	0.185271	-0.0603768	32.3174	
0.999928	2.35848e-05	-0.0120296	2.36942e-05	0.999992	0.00393007	0.0120296	-0.00393007	0.99992	0.198013	-0.0645392	33.3946	
0.999923	2.51962e-05	-0.0124328	2.53167e-05	0.999992	0.00406271	0.0124328	-0.00406271	0.999914	0.211189	-0.0688444	34.4718	
0.999918	2.68639e-05	-0.0128366	2.69964e-05	0.999991	0.00419564	0.0128366	-0.00419564	0.999909	0.2248	-0.0732927	35.5489	
0.999912	2.85882e-05	-0.0132411	2.87335e-05	0.999991	0.00432886	0.0132411	-0.00432886	0.999903	0.238847	-0.0778843	36.6261	
0.999907	3.03693e-05	-0.0136463	3.05282e-05	0.99999	0.00446234	0.0136463	-0.00446234	0.999897	0.253329	-0.0826196	37.7033	
0.999901	3.22075e-05	-0.0140521	3.23807e-05	0.999989	0.00459609	0.0140521	-0.00459609	0.999891	0.268249	-0.0874988	38.7804	
0.999895	3.41027e-05	-0.0144585	3.42913e-05	0.999989	0.0047301	0.0144585	-0.0047301	0.999884	0.283606	-0.0925222	39.8576	
0.99989	3.60553e-05	-0.0148654	3.626e-05	0.999988	0.00486435	0.0148654	-0.00486435	0.999878	0.2994	-0.0976901	40.9347	
0.999883	3.80653e-05	-0.015273	3.8287e-05	0.999988	0.00499885	0.015273	-0.00499885	0.999871	0.315634	-0.103003	42.0119	
0.999877	4.01328e-05	-0.015681	4.03726e-05	0.999987	0.00513359	0.015681	-0.00513359	0.999864	0.332307	-0.10846	43.089	
0.999871	4.22581e-05	-0.0160896	4.25168e-05	0.999986	0.00526855	0.0160896	-0.00526855	0.999857	0.34942	-0.114063	44.1661	
0.999864	4.44411e-05	-0.0164986	4.47198e-05	0.999985	0.00540373	0.0164986	-0.00540373	0.999849	0.366973	-0.119812	45.2432	
0.999857	4.6682e-05	-0.0169081	4.69816e-05	0.999985	0.00553912	0.0169081	-0.00553913	0.999842	0.384967	-0.125706	46.3203	
0.99985	4.89809e-05	-0.0173181	4.93025e-05	0.999984	0.00567472	0.0173181	-0.00567472	0.999834	0.403403	-0.131746	47.3974	
0.999843	5.13378e-05	-0.0177284	5.16825e-05	0.999983	0.00581052	0.0177284	-0.00581052	0.999826	0.42228	-0.137933	48.4745	
0.999835	5.37528e-05	-0.0181392	5.41217e-05	0.999982	0.0059465	0.0181392	-0.0059465	0.999818	0.4416	-0.144265	49.5516	
0.999828	5.62259e-05	-0.0185503	5.66201e-05	0.999981	0.00608267	0.0185503	-0.00608267	0.999809	0.461362	-0.150745	50.6287	
0.99982	5.87571e-05	-0.0189617	5.91777e-05	0.999981	0.00621901	0.0189617	-0.00621901	0.999801	0.481567	-0.157371	51.7057	
0.999812	6.13466e-05	-0.0193735	6.17948e-05	0.99998	0.00635551	0.0193735	-0.00635552	0.999792	0.502216	-0.164144	52.7828	
0.999804	6.39942e-05	-0.0197856	6.44712e-05	0.999979	0.00649218	0.0197856	-0.00649218	0.999783	0.523308	-0.171064	53.8598	
0.999796	6.67e-05	-0.0201979	6.72069e-05	0.999978	0.00662899	0.0201979	-0.006629	0.999774	0.544845	-0.178132	54.9369	
0.999788	6.94639e-05	-0.0206105	7.00021e-05	0.999977	0.00676595	0.0206105	-0.00676596	0.999765	0.566826	-0.185347	56.0139	
0.999779	7.22859e-05	-0.0210233	7.28567e-05	0.999976	0.00690305	0.0210233	-0.00690305	0.999755	0.589251	-0.192709	57.0909	
0.99977	7.5166e-05	-0.0214363	7.57706e-05	0.999975	0.00704027	0.0214363	-0.00704027	0.999745	0.612122	-0.20022	58.1679	
0.999761	7.81041e-05	-0.0218495	7.87438e-05	0.999974	0.00717761	0.0218495	-0.00717761	0.999736	0.635437	-0.207878	59.2449	
0.999752	8.11001e-05	-0.0222628	8.17763e-05	0.999973	0.00731506	0.0222628	-0.00731507	0.999725	0.659197	-0.215684	60.3219	
0.999743	8.4154e-05	-0.0226763	8.4868e-05	0.999972	0.00745262	0.0226763	-0.00745262	0.999715	0.683403	-0.223639	61.3989	
0.999733	8.72656e-05	-0.0230899	8.80188e-05	0.999971	0.00759027	0.0230899	-0.00759028	0.999705	0.708055	-0.231741	62.4758	
0.999724	9.04348e-05	-0.0235035	9.12287e-05	0.99997	0.00772801	0.0235035	-0.00772802	0.999694	0.733151	-0.239992	63.5528	
0.999714	9.36616e-05	-0.0239173	9.44975e-05	0.999969	0.00786583	0.0239173	-0.00786584	0.999683	0.758694	-0.248392	64.6297	
0.999704	9.69457e-05	-0.024331	9.78252e-05	0.999968	0.00800373	0.024331	-0.00800374	0.999672	0.784682	-0.25694	65.7066	
0.999694	0.000100287	-0.0247448	0.000101212	0.999967	0.00814169	0.0247448	-0.0081417	0.999661	0.811116	-0.265636	66.7836	
0.999683	0.000103685	-0.0251585	0.000104657	0.999966	0.0082797	0.0251585	-0.00827972	0.999649	0.837996	-0.274482	67.8605	
0.999673	0.000107141	-0.0255723	0.00010816	0.999965	0.00841777	0.0255723	-0.00841778	0.999638	0.865321	-0.283475	68.9373	
0.999662	0.000110653	-0.0259859	0.000111721	0.999963	0.00855588	0.0259859	-0.00855589	0.999626	0.893093	-0.292618	70.0142	
0.999651	0.000114221	-0.0263995	0.000115341	0.999962	0.00869402	0.0263995	-0.00869403	0.999614	0.921309	-0.301909	71.0911	
1	-0.0001422	0.000474879	0.000137261	0.999946	0.0103848	-0.00047633	-0.0103847	0.999946	0.935273	-0.312187	72.1682	
0.999626	-0.000443968	0.0273484	0.00011373	0.999927	0.0120755	-0.0273518	-0.0120679	0.999553	0.920283	-0.324281	73.2452	
0.99853	-0.000790861	0.0542017	4.47652e-05	0.999905	0.013765	-0.0542075	-0.0137423	0.998435	0.87635	-0.338184	74.3215	
0.996712	-0.00118263	0.0810152	-6.9584e-05	0.999881	0.015452	-0.0810238	-0.0154068	0.996593	0.803505	-0.353886	75.3962	
0.994175	-0.00161899	0.107769	-0.000229234	0.999853	0.0171352	-0.107781	-0.0170601	0.994028	0.701801	-0.371375	76.4684	
0.990919	-0.00209963	0.134445	-0.00043407	0.999823	0.0188135	-0.134461	-0.018701	0.990742	0.571313	-0.390638	77.5376	
0.986947	-0.00262419	0.161023	-0.000683942	0.99979	0.0204856	-0.161043	-0.0203284	0.986738	0.412135	-0.411662	78.6028	
0.982263	-0.00319229	0.187483	-0.000978671	0.999754	0.0221504	-0.187508	-0.021941	0.982018	0.224381	-0.434431	79.6633	
0.976869	-0.00380353	0.213807	-0.00131804	0.999716	0.0238065	-0.213837	-0.0235377	0.976586	0.00818962	-0.458929	80.7183	
0.970769	-0.00445746	0.239975	-0.00170181	0.999675	0.0254529	-0.240011	-0.0251173	0.970445	-0.236284	-0.485138	81.7671	
0.963968	-0.00515361	0.265969	-0.00212969	0.999631	0.0270883	-0.266011	-0.0266787	0.963601	-0.508862	-0.513039	82.809	
0.95647	-0.00589146	0.29177	-0.00260138	0.999584	0.0287115	-0.291818	-0.0282207	0.956058	-0.809347	-0.542612	83.843	
0.948282	-0.00667049	0.317358	-0.00311653	0.999535	0.0303214	-0.317413	-0.0297423	0.947821	-1.13752	-0.573835	84.8686	
0.939409	-0.00749014	0.342716	-0.00367478	0.999484	0.0319168	-0.342778	-0.0312423	0.938897	-1.49314	-0.606685	85.8849	
0.929858	-0.0083498	0.367825	-0.00427571	0.99943	0.0334965	-0.367895	-0.0327197	0.929292	-1.87596	-0.64114	86.8912	
0.919635	-0.00924885	0.392666	-0.00491889	0.999373	0.0350594	-0.392744	-0.0341733	0.919013	-2.28569	-0.677173	87.8868	
0.908747	-0.0101866	0.417222	-0.00560386	0.999314	0.0366043	-0.417309	-0.0356022	0.908067	-2.72204	-0.714759	88.871	
0.897204	-0.0111625	0.441476	-0.00633012	0.999253	0.0381302	-0.441571	-0.0370052	0.896463	-3.1847	-0.75387	89.8431	
0.885013	-0.0121757	0.465408	-0.00709713	0.999189	0.0396359	-0.465513	-0.0383813	0.884208	-3.67332	-0.794478	90.8023	
0.872182	-0.0132255	0.489002	-0.00790435	0.999123	0.0411204	-0.489117	-0.0397297	0.871313	-4.18754	-0.836554	91.7479	
0.858722	-0.0143112	0.512242	-0.00875119	0.999055	0.0425825	-0.512367	-0.0410492	0.857785	-4.72701	-0.880067	92.6793	
0.844642	-0.015432	0.535109	-0.00963703	0.998984	0.0440211	-0.535245	-0.042339	0.843635	-5.29133	-0.924986	93.5958	
0.829952	-0.016587	0.557588	-0.0105612	0.998911	0.0454354	-0.557735	-0.043598	0.828874	-5.88008	-0.971278	94.4968	
0.814663	-0.0177754	0.579662	-0.0115231	0.998837	0.0468242	-0.57982	-0.0448254	0.813511	-6.49285	-1.01891	95.3815	
0.798786	-0.0189964	0.601315	-0.012522	0.99876	0.0481865	-0.601484	-0.0460204	0.797558	-7.12918	-1.06784	96.2493	
0.782333	-0.020249	0.622531	-0.0135572	0.998681	0.0495213	-0.622713	-0.0471819	0.781027	-7.78862	-1.11805	97.0996	
0.765315	-0.0215324	0.643296	-0.0146279	0.9986	0.0508277	-0.64349	-0.0483092	0.763929	-8.47068	-1.16949	97.9319	
0.747745	-0.0228457	0.663593	-0.0157333	0.998518	0.0521047	-0.6638	-0.0494015	0.746277	-9.17488	-1.22212	98.7454	
0.729635	-0.0241878	0.683409	-0.0168726	0.998433	0.0533514	-0.683628	-0.0504579	0.728084	-9.9007	-1.27591	99.5395	
0.710999	-0.0255578	0.702728	-0.0180451	0.998347	0.0545668	-0.702961	-0.0514778	0.709363	-10.6476	-1.33082	100.314	
0.69185	-0.0269548	0.721538	-0.0192499	0.998259	0.0557502	-0.721784	-0.0524603	0.690127	-11.4151	-1.38681	101.068	
0.672203	-0.0283776	0.739823	-0.020486	0.99817	0.0569007	-0.740084	-0.0534048	0.670391	-12.2025	-1.44384	101.801	
0.65207	-0.0298253	0.757572	-0.0217526	0.998079	0.0580173	-0.757846	-0.0543105	0.650169	-13.0094	-1.50186	102.512	
