1	0	0	0	1	0	0	0	1	0	0	0	
0.999999	1.23536e-06	-0.00120375	1.23536e-06	0.999998	0.00205253	0.00120375	-0.00205253	0.999997	0.000490922	-0.000837079	0.815656	
0.999997	4.94897e-06	-0.00240945	4.94791e-06	0.999992	0.00410751	0.00240945	-0.00410751	0.999989	0.00196448	-0.00334932	1.63131	
0.999993	1.11516e-05	-0.00361706	1.11474e-05	0.999981	0.00616489	0.00361706	-0.00616489	0.999974	0.00442227	-0.00753869	2.44695	
0.999988	1.9854e-05	-0.00482656	1.98434e-05	0.999966	0.0082246	0.00482656	-0.0082246	0.999955	0.00786582	-0.0134071	3.26258	
0.999982	3.10664e-05	-0.00603791	3.10452e-05	0.999947	0.0102866	0.00603791	-0.0102866	0.999929	0.0122967	-0.0209565	4.07819	
0.999974	4.47989e-05	-0.00725107	4.47618e-05	0.999924	0.0123507	0.00725107	-0.0123507	0.999897	0.0177163	-0.0301887	4.89377	
0.999964	6.10614e-05	-0.008466	6.1002e-05	0.999896	0.0144171	0.008466	-0.0144171	0.99986	0.0241262	-0.0411053	5.70933	
0.999953	7.98635e-05	-0.00968267	7.97744e-05	0.999864	0.0164855	0.00968267	-0.0164855	0.999817	0.0315277	-0.0537083	6.52486	
0.999941	0.000101215	-0.010901	0.000101087	0.999828	0.0185559	0.010901	-0.0185559	0.999768	0.0399223	-0.0679991	7.34034	
0.999927	0.000125124	-0.0121211	0.000124948	0.999787	0.0206282	0.0121211	-0.0206282	0.999714	0.0493114	-0.0839795	8.15579	
0.999911	0.0001516	-0.0133428	0.000151366	0.999742	0.0227025	0.0133428	-0.0227025	0.999653	0.0596963	-0.101651	8.97119	
0.999894	0.000180652	-0.014566	0.000180347	0.999693	0.0247785	0.014566	-0.0247785	0.999587	0.0710783	-0.121015	9.78654	
0.999875	0.000212288	-0.0157908	0.000211899	0.999639	0.0268564	0.0157908	-0.0268564	0.999515	0.0834587	-0.142073	10.6018	
0.999855	0.000246516	-0.0170172	0.00024603	0.999581	0.0289359	0.0170172	-0.0289359	0.999436	0.0968387	-0.164827	11.4171	
0.999834	0.000283344	-0.018245	0.000282745	0.999519	0.031017	0.018245	-0.031017	0.999352	0.11122	-0.189277	12.2322	
0.99981	0.00032278	-0.0194743	0.000322052	0.999452	0.0330998	0.0194743	-0.0330997	0.999262	0.126603	-0.215426	13.0473	
0.999786	0.000364831	-0.0207049	0.000363956	0.999381	0.035184	0.020705	-0.035184	0.999166	0.142989	-0.243274	13.8623	
0.999759	0.000409503	-0.021937	0.000408464	0.999305	0.0372696	0.021937	-0.0372696	0.999064	0.160379	-0.272823	14.6773	
0.999731	0.000456805	-0.0231704	0.000455581	0.999225	0.0393567	0.0231704	-0.0393567	0.998957	0.178776	-0.304073	15.4921	
0.999702	0.000506743	-0.0244051	0.000505313	0.999141	0.0414451	0.0244051	-0.041445	0.998843	0.198178	-0.337026	16.3069	
0.999671	0.000559323	-0.025641	0.000557665	0.999052	0.0435347	0.0256411	-0.0435346	0.998723	0.218589	-0.371684	17.1215	
0.999639	0.00061455	-0.0268782	0.000612643	0.998958	0.0456255	0.0268783	-0.0456254	0.998597	0.240007	-0.408046	17.9361	
0.999604	0.000672432	-0.0281166	0.00067025	0.998861	0.0477174	0.0281166	-0.0477173	0.998465	0.262436	-0.446113	18.7506	
0.999569	0.000732973	-0.0293561	0.000730491	0.998758	0.0498104	0.0293562	-0.0498103	0.998327	0.285875	-0.485888	19.5649	
0.999531	0.000796179	-0.0305968	0.000793371	0.998652	0.0519043	0.0305968	-0.0519043	0.998183	0.310325	-0.52737	20.3791	
0.999493	0.000862054	-0.0318385	0.000858893	0.998541	0.0539992	0.0318386	-0.0539992	0.998033	0.335788	-0.570561	21.1933	
0.999452	0.000930605	-0.0330812	0.000927061	0.998425	0.056095	0.0330813	-0.056095	0.997877	0.362265	-0.61546	22.0072	
0.99941	0.00100183	-0.034325	0.000997879	0.998305	0.0581916	0.0343251	-0.0581915	0.997715	0.389755	-0.662069	22.8211	
0.999367	0.00107575	-0.0355697	0.00107135	0.99818	0.0602889	0.0355699	-0.0602888	0.997547	0.41826	-0.710389	23.6348	
0.999321	0.00115235	-0.0368154	0.00114747	0.998051	0.0623869	0.0368155	-0.0623868	0.997373	0.447781	-0.76042	24.4484	
0.999275	0.00123164	-0.0380619	0.00122626	0.997918	0.0644855	0.0380621	-0.0644854	0.997193	0.478318	-0.812162	25.2619	
0.999226	0.00131363	-0.0393094	0.0013077	0.99778	0.0665847	0.0393096	-0.0665846	0.997006	0.509872	-0.865616	26.0751	
0.999176	0.00139831	-0.0405576	0.00139181	0.997637	0.0686844	0.0405578	-0.0686842	0.996814	0.542445	-0.920782	26.8883	
0.999125	0.0014857	-0.0418066	0.00147858	0.997491	0.0707845	0.0418068	-0.0707843	0.996615	0.576035	-0.977662	27.7013	
0.999071	0.00157579	-0.0430563	0.00156802	0.997339	0.0728849	0.0430566	-0.0728847	0.996411	0.610645	-1.03625	28.5141	
0.999017	0.00166858	-0.0443068	0.00166012	0.997183	0.0749856	0.0443071	-0.0749855	0.9962	0.646274	-1.09656	29.3267	
0.99896	0.00176409	-0.0455579	0.0017549	0.997023	0.0770866	0.0455583	-0.0770864	0.995983	0.682924	-1.15858	30.1392	
0.998902	0.0018623	-0.0468097	0.00185234	0.996858	0.0791878	0.0468101	-0.0791875	0.99576	0.720595	-1.22231	30.9515	
0.998842	0.00196323	-0.048062	0.00195245	0.996689	0.081289	0.0480625	-0.0812888	0.995531	0.759286	-1.28776	31.7636	
0.998781	0.00206687	-0.049315	0.00205523	0.996515	0.0833903	0.0493154	-0.0833901	0.995296	0.799	-1.35492	32.5755	
0.998718	0.00217322	-0.0505684	0.00216068	0.996337	0.0854916	0.0505689	-0.0854913	0.995055	0.839736	-1.42379	33.3872	
0.998654	0.00228229	-0.0518223	0.00226881	0.996154	0.0875928	0.0518229	-0.0875925	0.994807	0.881494	-1.49438	34.1987	
0.998588	0.00239407	-0.0530767	0.0023796	0.995967	0.0896939	0.0530773	-0.0896935	0.994554	0.924275	-1.56668	35.0101	
0.99852	0.00250857	-0.0543314	0.00249306	0.995775	0.0917948	0.0543321	-0.0917943	0.994295	0.96808	-1.6407	35.8212	
0.99845	0.00262579	-0.0555866	0.00260918	0.995579	0.0938954	0.0555873	-0.0938949	0.994029	1.01291	-1.71643	36.6321	
0.998379	0.00274572	-0.056842	0.00272797	0.995378	0.0959956	0.0568429	-0.0959951	0.993757	1.05876	-1.79387	37.4427	
0.998307	0.00286837	-0.0580978	0.00284943	0.995173	0.0980955	0.0580987	-0.0980949	0.99348	1.10564	-1.87303	38.2532	
0.998233	0.00299373	-0.0593538	0.00297355	0.994963	0.100195	0.0593548	-0.100194	0.993196	1.15354	-1.9539	39.0634	
0.998157	0.00312181	-0.06061	0.00310033	0.994749	0.102294	0.0606111	-0.102293	0.992906	1.20246	-2.03648	39.8734	
0.998079	0.0032526	-0.0618664	0.00322976	0.994531	0.104392	0.0618676	-0.104391	0.99261	1.25241	-2.12077	40.6832	
0.998	0.0033861	-0.063123	0.00336185	0.994308	0.10649	0.0631243	-0.106489	0.992308	1.30339	-2.20677	41.4927	
0.997919	0.0035223	-0.0643797	0.0034966	0.994081	0.108587	0.0643811	-0.108586	0.992	1.35539	-2.29448	42.3019	
0.997837	0.00366122	-0.0656364	0.00363399	0.993849	0.110683	0.0656379	-0.110682	0.991686	1.40841	-2.38391	43.1109	
0.997753	0.00380284	-0.0668932	0.00377403	0.993613	0.112778	0.0668948	-0.112777	0.991366	1.46247	-2.47504	43.9197	
0.997667	0.00394716	-0.0681499	0.00391671	0.993372	0.114873	0.0681517	-0.114872	0.99104	1.51754	-2.56788	44.7281	
0.99758	0.00409418	-0.0694067	0.00406203	0.993128	0.116966	0.0694086	-0.116965	0.990708	1.57364	-2.66243	45.5364	
0.997491	0.00424165	-0.0706606	0.00399996	0.993231	0.116088	0.0706746	-0.11608	0.990722	1.63077	-2.75748	46.3444	
0.997401	0.0043884	-0.0719179	0.00393675	0.993333	0.11521	0.071944	-0.115194	0.990734	1.68894	-2.8518	47.1525	
0.997309	0.00453441	-0.0731785	0.00387239	0.993435	0.114332	0.0732165	-0.114307	0.990744	1.74814	-2.94539	47.9606	
0.997214	0.00467966	-0.0744423	0.00380689	0.993536	0.113453	0.074492	-0.11342	0.990751	1.80838	-3.03827	48.7687	
0.997118	0.00482413	-0.0757092	0.00374025	0.993636	0.112574	0.0757705	-0.112533	0.990755	1.86966	-3.13042	49.5769	
0.99702	0.00496779	-0.0769791	0.00367245	0.993736	0.111695	0.0770517	-0.111645	0.990757	1.93198	-3.22184	50.385	
0.996921	0.00511064	-0.0782518	0.0036035	0.993834	0.110816	0.0783357	-0.110756	0.990756	1.99535	-3.31254	51.1931	
0.996819	0.00525265	-0.0795273	0.00353339	0.993932	0.109936	0.0796222	-0.109868	0.990752	2.05977	-3.40252	52.0012	
0.996715	0.00539381	-0.0808054	0.00346213	0.99403	0.109057	0.0809111	-0.108978	0.990746	2.12524	-3.49177	52.8093	
0.99661	0.0055341	-0.0820859	0.00338971	0.994126	0.108177	0.0822024	-0.108088	0.990737	2.19177	-3.5803	53.6174	
0.996503	0.00567349	-0.0833689	0.00331613	0.994221	0.107297	0.0834959	-0.107198	0.990725	2.25934	-3.6681	54.4255	
0.996393	0.00581198	-0.0846542	0.00324139	0.994316	0.106417	0.0847915	-0.106308	0.990711	2.32798	-3.75517	55.2336	
0.996282	0.00594955	-0.0859416	0.00316549	0.99441	0.105537	0.0860891	-0.105417	0.990695	2.39767	-3.84152	56.0417	
0.99617	0.00608618	-0.0872311	0.00308843	0.994504	0.104657	0.0873886	-0.104525	0.990675	2.46841	-3.92714	56.8497	
0.996055	0.00622185	-0.0885224	0.0030102	0.994596	0.103777	0.0886897	-0.103634	0.990653	2.54022	-4.01203	57.6578	
0.995938	0.00635655	-0.0898156	0.00293081	0.994688	0.102896	0.0899926	-0.102741	0.990629	2.6131	-4.0962	58.4658	
0.99582	0.00649027	-0.0911105	0.00285025	0.994779	0.102016	0.0912969	-0.101849	0.990602	2.68703	-4.17964	59.2738	
0.995699	0.00662298	-0.0924069	0.00276852	0.994869	0.101135	0.0926026	-0.100956	0.990572	2.76203	-4.26235	60.0818	
0.995577	0.00675468	-0.0937048	0.00268562	0.994958	0.100255	0.0939096	-0.100063	0.990539	2.83809	-4.34433	60.8897	
0.995453	0.00688534	-0.0950041	0.00260156	0.995047	0.0993743	0.0952177	-0.0991696	0.990504	2.91523	-4.42558	61.6977	
0.995327	0.00701496	-0.0963046	0.00251633	0.995134	0.0984938	0.0965269	-0.0982759	0.990467	2.99343	-4.5061	62.5056	
0.995199	0.00714352	-0.0976061	0.00242993	0.995221	0.0976132	0.097837	-0.0973818	0.990427	3.07269	-4.5859	63.3134	
0.99507	0.007271	-0.0989087	0.00234236	0.995308	0.0967327	0.0991479	-0.0964875	0.990384	3.15303	-4.66496	64.1213	
0.994939	0.0073974	-0.100212	0.00225363	0.995393	0.0958522	0.100459	-0.0955929	0.990338	3.23443	-4.7433	64.9291	
0.994805	0.0075227	-0.101516	0.00216373	0.995478	0.0949716	0.101772	-0.094698	0.99029	3.31691	-4.82091	65.7368	
0.99467	0.00764689	-0.102821	0.00207265	0.995561	0.0940912	0.103084	-0.0938028	0.99024	3.40046	-4.89778	66.5445	
0.994534	0.00776995	-0.104126	0.00198041	0.995644	0.0932107	0.104397	-0.0929074	0.990187	3.48507	-4.97393	67.3522	
0.994395	0.00789188	-0.105432	0.00188701	0.995727	0.0923304	0.10571	-0.0920118	0.990131	3.57076	-5.04934	68.1598	
0.994255	0.00801266	-0.106738	0.00179244	0.995808	0.0914501	0.107023	-0.091116	0.990073	3.65752	-5.12403	68.9674	
0.994113	0.00813227	-0.108044	0.0016967	0.995889	0.0905698	0.108337	-0.0902199	0.990012	3.74535	-5.19798	69.7749	
0.993969	0.00825072	-0.10935	0.0015998	0.995968	0.0896897	0.10965	-0.0893237	0.989949	3.83425	-5.2712	70.5824	
0.993823	0.00836799	-0.110657	0.00150173	0.996047	0.0888096	0.110962	-0.0884272	0.989883	3.92422	-5.3437	71.3899	
0.993789	0.00839195	-0.11096	-0.000763952	0.997643	0.06861	0.111274	-0.0680992	0.991454	4.01486	-5.40753	72.1979	
0.993755	0.00840969	-0.111264	-0.00303552	0.998824	0.0483827	0.11154	-0.0477428	0.992612	4.10573	-5.45478	73.0071	
0.993721	0.00842119	-0.111568	-0.00531203	0.99959	0.0281359	0.111759	-0.0273666	0.993358	4.1968	-5.48541	73.8171	
0.993687	0.00842645	-0.111872	-0.00759254	0.99994	0.00787807	0.111932	-0.00697894	0.993691	4.28803	-5.49942	74.6275	
0.993653	0.00842546	-0.112176	-0.00987609	0.999875	-0.0123823	0.112058	0.0134116	0.993611	4.37939	-5.4968	75.438	
0.993618	0.00841823	-0.11248	-0.0121617	0.999393	-0.0326368	0.112137	0.0337965	0.993118	4.47082	-5.47754	76.2483	
0.993584	0.00840477	-0.112784	-0.0144485	0.998496	-0.0528771	0.11217	0.0541674	0.992212	4.5623	-5.44167	77.058	
0.99355	0.00838506	-0.113088	-0.0167355	0.997185	-0.0730947	0.112157	0.0745157	0.990893	4.65379	-5.38919	77.8668	
0.993515	0.00835914	-0.113391	-0.0190218	0.995458	-0.0932811	0.112096	0.0948331	0.989162	4.74525	-5.32012	78.6743	
0.993481	0.00832699	-0.113694	-0.0213063	0.993318	-0.113428	0.111989	0.115111	0.98702	4.83665	-5.23449	79.4803	
0.993447	0.00828865	-0.113996	-0.0235882	0.990764	-0.133527	0.111836	0.135341	0.984467	4.92793	-5.13235	80.2843	
