1	0	0	0	1	0	0	0	1	0	0	0	
0.999999	-9.64696e-07	-0.00129924	-9.64696e-07	0.999999	-0.00148502	0.00129924	0.00148502	0.999998	0.000562018	0.000642384	0.865151	
0.999997	-3.86349e-06	-0.00260001	-3.86375e-06	0.999996	-0.00297199	0.00260001	0.00297199	0.999992	0.00224874	0.00257038	1.7303	
0.999992	-8.70332e-06	-0.00390227	-8.70435e-06	0.99999	-0.00446087	0.00390227	0.00446087	0.999982	0.00506147	0.00578566	2.59544	
0.999986	-1.54909e-05	-0.00520598	-1.54935e-05	0.999982	-0.00595159	0.00520598	0.00595159	0.999969	0.00900147	0.0102898	3.46057	
0.999979	-2.42326e-05	-0.00651108	-2.42378e-05	0.999972	-0.00744411	0.00651108	0.00744411	0.999951	0.01407	0.0160845	4.32569	
0.999969	-3.49348e-05	-0.00781754	-3.49438e-05	0.99996	-0.00893838	0.00781754	0.00893838	0.999929	0.0202682	0.0231712	5.19079	
0.999958	-4.76033e-05	-0.00912531	-4.76178e-05	0.999946	-0.0104343	0.00912531	0.0104343	0.999904	0.0275973	0.0315513	6.05587	
0.999946	-6.2244e-05	-0.0104343	-6.22657e-05	0.999929	-0.0119319	0.0104343	0.0119319	0.999874	0.0360583	0.0412265	6.92092	
0.999931	-7.88622e-05	-0.0117446	-7.88932e-05	0.99991	-0.0134311	0.0117446	0.0134311	0.999841	0.0456524	0.0521979	7.78595	
0.999915	-9.74632e-05	-0.013056	-9.75059e-05	0.999889	-0.0149318	0.013056	0.0149318	0.999803	0.0563805	0.064467	8.65095	
0.999897	-0.000118052	-0.0143685	-0.000118109	0.999865	-0.0164341	0.0143685	0.0164341	0.999762	0.0682437	0.0780352	9.51591	
0.999877	-0.000140633	-0.0156821	-0.000140707	0.999839	-0.0179377	0.0156821	0.0179377	0.999716	0.0812428	0.0929036	10.3808	
0.999856	-0.000165212	-0.0169967	-0.000165306	0.999811	-0.0194427	0.0169967	0.0194427	0.999666	0.0953789	0.109073	11.2457	
0.999832	-0.000191791	-0.0183124	-0.000191909	0.999781	-0.020949	0.0183124	0.020949	0.999613	0.110653	0.126546	12.1106	
0.999807	-0.000220376	-0.0196289	-0.000220521	0.999748	-0.0224566	0.0196289	0.0224566	0.999555	0.127065	0.145322	12.9754	
0.999781	-0.00025097	-0.0209463	-0.000251147	0.999713	-0.0239655	0.0209463	0.0239655	0.999493	0.144617	0.165403	13.8401	
0.999752	-0.000283576	-0.0222646	-0.000283788	0.999675	-0.0254755	0.0222646	0.0254755	0.999427	0.163309	0.18679	14.7048	
0.999722	-0.000318198	-0.0235837	-0.00031845	0.999636	-0.0269866	0.0235837	0.0269866	0.999358	0.183142	0.209484	15.5694	
0.99969	-0.000354838	-0.0249035	-0.000355136	0.999594	-0.0284987	0.0249035	0.0284987	0.999284	0.204116	0.233486	16.434	
0.999656	-0.0003935	-0.0262241	-0.000393847	0.999549	-0.0300119	0.0262241	0.0300119	0.999205	0.226233	0.258796	17.2985	
0.99962	-0.000434186	-0.0275453	-0.000434588	0.999503	-0.031526	0.0275453	0.031526	0.999123	0.249492	0.285416	18.1629	
0.999583	-0.000476898	-0.0288671	-0.000477361	0.999454	-0.0330411	0.0288671	0.0330411	0.999037	0.273895	0.313346	19.0273	
0.999544	-0.000521638	-0.0301895	-0.000522167	0.999403	-0.034557	0.0301894	0.034557	0.998947	0.299441	0.342587	19.8915	
0.999503	-0.000568408	-0.0315123	-0.00056901	0.999349	-0.0360736	0.0315123	0.0360736	0.998852	0.326132	0.37314	20.7557	
0.999461	-0.000617209	-0.0328357	-0.00061789	0.999293	-0.0375911	0.0328357	0.0375911	0.998754	0.353968	0.405006	21.6198	
0.999416	-0.000668042	-0.0341595	-0.000668809	0.999235	-0.0391092	0.0341595	0.0391092	0.998651	0.382948	0.438185	22.4839	
0.99937	-0.000720909	-0.0354837	-0.000721768	0.999174	-0.0406279	0.0354836	0.0406279	0.998544	0.413074	0.472677	23.3478	
0.999322	-0.00077581	-0.0368082	-0.000776769	0.999111	-0.0421472	0.0368081	0.0421473	0.998433	0.444346	0.508483	24.2117	
0.999272	-0.000832745	-0.038133	-0.000833812	0.999046	-0.0436671	0.0381329	0.0436671	0.998318	0.476763	0.545605	25.0754	
0.999221	-0.000891715	-0.039458	-0.000892897	0.998978	-0.0451874	0.039458	0.0451875	0.998199	0.510327	0.584041	25.9391	
0.999168	-0.00095272	-0.0407832	-0.000954025	0.998908	-0.0467082	0.0407832	0.0467082	0.998076	0.545038	0.623793	26.8026	
0.999113	-0.00101576	-0.0421086	-0.0010172	0.998836	-0.0482293	0.0421085	0.0482294	0.997948	0.580895	0.664861	27.666	
0.999056	-0.00108083	-0.043434	-0.00108241	0.998761	-0.0497508	0.043434	0.0497508	0.997817	0.617898	0.707245	28.5293	
0.998997	-0.00114794	-0.0447596	-0.00114966	0.998684	-0.0512725	0.0447595	0.0512726	0.997681	0.656049	0.750945	29.3925	
0.998937	-0.00121708	-0.0460851	-0.00121896	0.998605	-0.0527945	0.0460851	0.0527945	0.997541	0.695346	0.795962	30.2556	
0.998875	-0.00128824	-0.0474106	-0.00129029	0.998523	-0.0543165	0.0474106	0.0543166	0.997398	0.73579	0.842295	31.1186	
0.998811	-0.00136144	-0.048736	-0.00136367	0.998439	-0.0558387	0.048736	0.0558388	0.99725	0.77738	0.889946	31.9814	
0.998745	-0.00143666	-0.0500613	-0.00143908	0.998352	-0.057361	0.0500613	0.0573611	0.997098	0.820118	0.938913	32.8441	
0.998678	-0.00151391	-0.0513864	-0.00151652	0.998264	-0.0588833	0.0513864	0.0588833	0.996941	0.864002	0.989198	33.7067	
0.998609	-0.00159318	-0.0527113	-0.001596	0.998173	-0.0604055	0.0527112	0.0604055	0.996781	0.909032	1.0408	34.5691	
0.998538	-0.00167448	-0.054036	-0.00167751	0.998079	-0.0619275	0.0540359	0.0619276	0.996617	0.955208	1.09372	35.4314	
0.998465	-0.00175778	-0.0553603	-0.00176105	0.997983	-0.0634495	0.0553602	0.0634496	0.996448	1.00253	1.14795	36.2936	
0.99839	-0.00184311	-0.0566842	-0.00184661	0.997885	-0.0649712	0.0566841	0.0649713	0.996276	1.051	1.2035	37.1556	
0.998314	-0.00193044	-0.0580078	-0.00193419	0.997785	-0.0664927	0.0580076	0.0664928	0.996099	1.10061	1.26037	38.0175	
0.998236	-0.00201978	-0.0593309	-0.00202379	0.997682	-0.0680138	0.0593307	0.0680139	0.995919	1.15137	1.31856	38.8792	
0.998157	-0.00211112	-0.0606535	-0.00211541	0.997577	-0.0695346	0.0606533	0.0695347	0.995734	1.20327	1.37806	39.7407	
0.998075	-0.00220446	-0.0619755	-0.00220904	0.99747	-0.071055	0.0619754	0.0710551	0.995545	1.25632	1.43887	40.6021	
0.997992	-0.00229979	-0.063297	-0.00230467	0.99736	-0.0725748	0.0632968	0.072575	0.995352	1.31051	1.501	41.4633	
0.997907	-0.00239712	-0.0646178	-0.00240231	0.997248	-0.0740942	0.0646176	0.0740944	0.995156	1.36584	1.56445	42.3243	
0.997821	-0.00249643	-0.065938	-0.00250194	0.997134	-0.075613	0.0659378	0.0756131	0.994955	1.42231	1.62921	43.1852	
0.997732	-0.00259772	-0.0672574	-0.00260357	0.997018	-0.0771311	0.0672572	0.0771313	0.99475	1.47993	1.69528	44.0459	
0.997642	-0.00270098	-0.0685761	-0.00270719	0.996899	-0.0786485	0.0685758	0.0786488	0.994541	1.53869	1.76267	44.9064	
0.99755	-0.00280621	-0.0698939	-0.00281278	0.996778	-0.0801653	0.0698936	0.0801655	0.994328	1.59859	1.83137	45.7668	
0.997457	-0.00291341	-0.0712109	-0.00292036	0.996654	-0.0816812	0.0712106	0.0816814	0.994111	1.65963	1.90138	46.6269	
0.997362	-0.00302256	-0.0725269	-0.0030299	0.996529	-0.0831963	0.0725266	0.0831965	0.99389	1.7218	1.9727	47.4869	
0.997265	-0.00313366	-0.0738421	-0.00314141	0.996401	-0.0847105	0.0738417	0.0847107	0.993666	1.78512	2.04534	48.3466	
0.997166	-0.0032467	-0.0751562	-0.00325487	0.99627	-0.0862237	0.0751558	0.086224	0.993437	1.84957	2.11928	49.2062	
0.997066	-0.00336168	-0.0764693	-0.00337029	0.996138	-0.0877359	0.0764689	0.0877363	0.993204	1.91516	2.19453	50.0656	
0.997156	-0.00325768	-0.075289	-0.00333746	0.996176	-0.0873062	0.0752855	0.0873092	0.993332	1.98081	2.27025	50.9249	
0.997245	-0.00315409	-0.0741075	-0.00330515	0.996214	-0.0868764	0.0741009	0.086882	0.993459	2.04543	2.3456	51.7844	
0.997333	-0.00305091	-0.0729247	-0.00327335	0.996251	-0.0864466	0.072915	0.0864548	0.993584	2.10902	2.42058	52.6439	
0.997419	-0.00294814	-0.0717406	-0.00324207	0.996288	-0.0860168	0.0717279	0.0860274	0.993707	2.17159	2.49519	53.5036	
0.997504	-0.00284579	-0.0705553	-0.0032113	0.996326	-0.085587	0.0705396	0.0855999	0.993829	2.23313	2.56943	54.3633	
0.997587	-0.00274387	-0.0693689	-0.00318104	0.996362	-0.0851571	0.0693503	0.0851723	0.99395	2.29365	2.64331	55.2232	
0.997669	-0.00264237	-0.0681814	-0.0031513	0.996399	-0.0847271	0.0681598	0.0847445	0.994069	2.35313	2.71681	56.0832	
0.99775	-0.00254131	-0.0669929	-0.00312208	0.996436	-0.0842971	0.0669684	0.0843166	0.994186	2.41158	2.78994	56.9432	
0.99783	-0.00244069	-0.0658034	-0.00309337	0.996472	-0.0838671	0.0657759	0.0838886	0.994302	2.469	2.8627	57.8034	
0.997908	-0.00234051	-0.0646129	-0.00306518	0.996508	-0.083437	0.0645826	0.0834605	0.994416	2.52539	2.93509	58.6637	
0.997984	-0.00224078	-0.0634215	-0.0030375	0.996544	-0.0830068	0.0633884	0.0830322	0.994529	2.58075	3.00711	59.524	
0.99806	-0.00214151	-0.0622293	-0.00301034	0.99658	-0.0825766	0.0621933	0.0826037	0.99464	2.63508	3.07876	60.3845	
0.998133	-0.00204269	-0.0610363	-0.0029837	0.996616	-0.0821463	0.0609975	0.0821751	0.994749	2.68836	3.15004	61.2451	
0.998206	-0.00194434	-0.0598425	-0.00295757	0.996651	-0.081716	0.059801	0.0817464	0.994857	2.74062	3.22095	62.1057	
0.998277	-0.00184645	-0.058648	-0.00293196	0.996687	-0.0812856	0.0586038	0.0813175	0.994964	2.79184	3.29149	62.9665	
0.998347	-0.00174904	-0.0574529	-0.00290686	0.996722	-0.0808551	0.0574059	0.0808884	0.995069	2.84202	3.36166	63.8273	
0.998415	-0.0016521	-0.0562571	-0.00288228	0.996757	-0.0804245	0.0562075	0.0804591	0.995172	2.89117	3.43145	64.6882	
0.998482	-0.00155564	-0.0550608	-0.00285822	0.996791	-0.0799938	0.0550086	0.0800297	0.995273	2.93928	3.50087	65.5493	
0.998547	-0.00145966	-0.053864	-0.00283467	0.996826	-0.079563	0.0538091	0.0796001	0.995373	2.98635	3.56993	66.4104	
0.998611	-0.00136418	-0.0526667	-0.00281164	0.99686	-0.0791322	0.0526093	0.0791704	0.995472	3.03238	3.63861	67.2716	
0.998674	-0.00126919	-0.051469	-0.00278912	0.996894	-0.0787013	0.051409	0.0787404	0.995569	3.07738	3.70691	68.1328	
0.998735	-0.0011747	-0.0502709	-0.00276713	0.996928	-0.0782702	0.0502085	0.0783103	0.995664	3.12134	3.77485	68.9942	
0.998795	-0.00108071	-0.0490725	-0.00274565	0.996962	-0.0778391	0.0490076	0.07788	0.995757	3.16425	3.84241	69.8556	
0.998853	-0.000987221	-0.0478739	-0.00272468	0.996996	-0.0774078	0.0478065	0.0774495	0.995849	3.20613	3.90961	70.7171	
0.99891	-0.000894245	-0.046675	-0.00270424	0.997029	-0.0769764	0.0466052	0.0770187	0.99594	3.24697	3.97643	71.5787	
0.999561	0.000310273	-0.0296258	-0.00220018	0.997961	-0.0637813	0.0295456	0.0638185	0.997524	3.27992	4.03735	72.4411	
0.99992	0.00128874	-0.0125535	-0.00192205	0.998719	-0.0505682	0.0124722	0.0505883	0.998642	3.29809	4.08684	73.3046	
0.999988	0.00204071	0.00453396	-0.00186999	0.999301	-0.0373435	-0.00460699	0.0373345	0.999292	3.3015	4.12488	74.1689	
0.999763	0.00256582	0.0216285	-0.00204402	0.999707	-0.0241132	-0.0216841	0.0240633	0.999475	3.29012	4.15144	75.0336	
0.999246	0.00286382	0.0387222	-0.00244405	0.999938	-0.0108836	-0.038751	0.0107807	0.999191	3.26398	4.16651	75.8982	
0.998437	0.00293458	0.0558071	-0.0030699	0.999993	0.00233915	-0.0557998	-0.00250681	0.998439	3.22308	4.17009	76.7623	
0.997337	0.00277807	0.0728751	-0.00392128	0.999871	0.0155488	-0.0728225	-0.0157932	0.99722	3.16744	4.16217	77.6257	
0.995946	0.00239436	0.0899182	-0.00499779	0.999574	0.0287393	-0.0898111	-0.0290722	0.995534	3.09708	4.14277	78.4877	
0.994265	0.00178362	0.106929	-0.00629892	0.999102	0.0419044	-0.106758	-0.0423376	0.993383	3.01205	4.11187	79.3481	
0.992294	0.00094615	0.123898	-0.00782407	0.998454	0.0550379	-0.123654	-0.0555832	0.990767	2.91237	4.06951	80.2064	
0.990035	-0.000117669	0.140819	-0.00957252	0.99763	0.0681337	-0.140493	-0.0688028	0.987688	2.7981	4.01571	81.0623	
0.987489	-0.00140733	0.157683	-0.0115435	0.996632	0.0811857	-0.157266	-0.0819902	0.984147	2.6693	3.95047	81.9153	
0.984656	-0.00292224	0.174483	-0.0137359	0.99546	0.0941878	-0.173966	-0.0951393	0.980145	2.52601	3.87385	82.765	
0.981538	-0.00466169	0.19121	-0.016149	0.994113	0.107134	-0.190584	-0.108244	0.975685	2.36831	3.78587	83.6111	
0.978137	-0.00662486	0.207857	-0.0187814	0.992594	0.120018	-0.207113	-0.121298	0.970768	2.19626	3.68657	84.4531	
0.974453	-0.00881083	0.224417	-0.021632	0.990902	0.132834	-0.223545	-0.134295	0.965398	2.00996	3.576	85.2907	
