1	0	0	0	1	0	0	0	1	0	0	0	
0.999999	-1.90886e-07	-0.00108774	-1.90886e-07	1	-0.000350976	0.00108774	0.000350976	0.999999	0.00043592	0.000140656	0.801515	
0.999998	-7.64104e-07	-0.00217637	-7.63982e-07	1	-0.000702127	0.00217637	0.000702127	0.999997	0.00174404	0.000562695	1.60303	
0.999995	-1.72043e-06	-0.00326584	-1.71995e-06	0.999999	-0.00105344	0.00326584	0.00105344	0.999994	0.00392504	0.00126625	2.40454	
0.999991	-3.06061e-06	-0.00435614	-3.05939e-06	0.999999	-0.0014049	0.00435614	0.0014049	0.99999	0.00697961	0.00225145	3.20605	
0.999985	-4.78531e-06	-0.00544722	-4.78287e-06	0.999998	-0.00175651	0.00544722	0.00175651	0.999984	0.0109084	0.00351841	4.00755	
0.999979	-6.89519e-06	-0.00653906	-6.89091e-06	0.999998	-0.00210825	0.00653906	0.00210825	0.999976	0.015712	0.00506724	4.80905	
0.999971	-9.39083e-06	-0.0076316	-9.38398e-06	0.999997	-0.0024601	0.0076316	0.0024601	0.999968	0.021391	0.00689804	5.61055	
0.999962	-1.22728e-05	-0.00872484	-1.22625e-05	0.999996	-0.00281206	0.00872484	0.00281206	0.999958	0.0279459	0.0090109	6.41203	
0.999952	-1.55416e-05	-0.00981872	-1.55269e-05	0.999995	-0.00316412	0.00981872	0.00316412	0.999947	0.0353774	0.0114059	7.21351	
0.99994	-1.91976e-05	-0.0109132	-1.91774e-05	0.999994	-0.00351626	0.0109132	0.00351626	0.999934	0.0436859	0.0140831	8.01498	
0.999928	-2.32413e-05	-0.0120083	-2.32144e-05	0.999993	-0.00386848	0.0120083	0.00386848	0.99992	0.0528719	0.0170426	8.81643	
0.999914	-2.76731e-05	-0.0131039	-2.7638e-05	0.999991	-0.00422076	0.0131039	0.00422076	0.999905	0.0629358	0.0202844	9.61788	
0.999899	-3.24933e-05	-0.0142001	-3.24486e-05	0.99999	-0.0045731	0.0142001	0.0045731	0.999889	0.0738781	0.0238086	10.4193	
0.999883	-3.7702e-05	-0.0152967	-3.76462e-05	0.999988	-0.00492547	0.0152967	0.00492547	0.999871	0.0856991	0.0276153	11.2207	
0.999866	-4.32997e-05	-0.0163937	-4.32309e-05	0.999986	-0.00527788	0.0163937	0.00527788	0.999852	0.0983993	0.0317043	12.0221	
0.999847	-4.92864e-05	-0.0174912	-4.92028e-05	0.999984	-0.0056303	0.0174912	0.0056303	0.999831	0.111979	0.0360759	12.8235	
0.999827	-5.56622e-05	-0.0185891	-5.55619e-05	0.999982	-0.00598274	0.0185891	0.00598274	0.999809	0.126438	0.0407299	13.6249	
0.999806	-6.24273e-05	-0.0196873	-6.23082e-05	0.99998	-0.00633517	0.0196873	0.00633517	0.999786	0.141778	0.0456664	14.4262	
0.999784	-6.95817e-05	-0.0207858	-6.94415e-05	0.999978	-0.00668758	0.0207858	0.00668758	0.999762	0.157998	0.0508853	15.2276	
0.999761	-7.71254e-05	-0.0218846	-7.69617e-05	0.999975	-0.00703998	0.0218846	0.00703998	0.999736	0.175098	0.0563868	16.0289	
0.999736	-8.50584e-05	-0.0229836	-8.48687e-05	0.999973	-0.00739233	0.0229836	0.00739233	0.999709	0.19308	0.0621706	16.8302	
0.99971	-9.33804e-05	-0.0240828	-9.31623e-05	0.99997	-0.00774465	0.0240828	0.00774464	0.99968	0.211942	0.0682369	17.6315	
0.999683	-0.000102091	-0.0251822	-0.000101842	0.999967	-0.0080969	0.0251822	0.0080969	0.99965	0.231685	0.0745855	18.4327	
0.999655	-0.000111191	-0.0262818	-0.000110908	0.999964	-0.00844908	0.0262818	0.00844908	0.999619	0.25231	0.0812164	19.2339	
0.999625	-0.00012068	-0.0273814	-0.000120359	0.999961	-0.00880119	0.0273814	0.00880119	0.999586	0.273816	0.0881296	20.0351	
0.999594	-0.000130556	-0.0284811	-0.000130196	0.999958	-0.00915321	0.0284811	0.0091532	0.999552	0.296203	0.095325	20.8363	
0.999562	-0.000140821	-0.0295809	-0.000140417	0.999955	-0.00950512	0.0295809	0.00950511	0.999517	0.319472	0.102802	21.6374	
0.999529	-0.000151473	-0.0306806	-0.000151022	0.999951	-0.00985692	0.0306806	0.00985692	0.999481	0.343622	0.110562	22.4385	
0.999495	-0.000162512	-0.0317804	-0.000162011	0.999948	-0.0102086	0.0317804	0.0102086	0.999443	0.368654	0.118603	23.2396	
0.999459	-0.000173938	-0.03288	-0.000173383	0.999944	-0.0105601	0.03288	0.0105601	0.999404	0.394567	0.126927	24.0407	
0.999423	-0.00018575	-0.0339796	-0.000185138	0.99994	-0.0109116	0.0339796	0.0109115	0.999363	0.421361	0.135531	24.8417	
0.999385	-0.000197948	-0.035079	-0.000197274	0.999937	-0.0112628	0.035079	0.0112628	0.999321	0.449037	0.144418	25.6427	
0.999345	-0.00021053	-0.0361783	-0.000209791	0.999933	-0.0116139	0.0361783	0.0116139	0.999278	0.477594	0.153586	26.4436	
0.999305	-0.000223497	-0.0372774	-0.000222689	0.999928	-0.0119648	0.0372774	0.0119648	0.999233	0.507032	0.163035	27.2446	
0.999263	-0.000236848	-0.0383762	-0.000235966	0.999924	-0.0123155	0.0383762	0.0123155	0.999187	0.537351	0.172766	28.0454	
0.999221	-0.000250581	-0.0394747	-0.000249621	0.99992	-0.012666	0.0394747	0.012666	0.99914	0.56855	0.182777	28.8463	
0.999177	-0.000264696	-0.040573	-0.000263654	0.999915	-0.0130163	0.040573	0.0130163	0.999092	0.60063	0.19307	29.6471	
0.999131	-0.000279193	-0.0416709	-0.000278064	0.999911	-0.0133664	0.0416709	0.0133664	0.999042	0.63359	0.203643	30.4479	
0.999085	-0.00029407	-0.0427685	-0.000292849	0.999906	-0.0137163	0.0427685	0.0137162	0.998991	0.667429	0.214496	31.2486	
0.999037	-0.000309326	-0.0438656	-0.000308009	0.999901	-0.0140659	0.0438656	0.0140658	0.998938	0.702149	0.22563	32.0493	
0.998989	-0.00032496	-0.0449623	-0.000323543	0.999896	-0.0144152	0.0449623	0.0144152	0.998885	0.737747	0.237044	32.8499	
0.998939	-0.000340972	-0.0460585	-0.000339448	0.999891	-0.0147643	0.0460585	0.0147643	0.99883	0.774224	0.248738	33.6505	
0.998888	-0.000357361	-0.0471543	-0.000355725	0.999886	-0.0151132	0.0471543	0.0151131	0.998773	0.81158	0.260712	34.4511	
0.998835	-0.000374124	-0.0482494	-0.000372372	0.99988	-0.0154617	0.0482494	0.0154616	0.998716	0.849814	0.272965	35.2516	
0.998782	-0.000391262	-0.049344	-0.000389388	0.999875	-0.0158099	0.0493441	0.0158099	0.998657	0.888925	0.285497	36.052	
0.998727	-0.000408772	-0.050438	-0.00040677	0.999869	-0.0161579	0.0504381	0.0161578	0.998596	0.928914	0.298308	36.8525	
0.998671	-0.000426654	-0.0515314	-0.000424519	0.999864	-0.0165055	0.0515314	0.0165054	0.998535	0.969779	0.311398	37.6528	
0.998614	-0.000444906	-0.0526241	-0.000442633	0.999858	-0.0168528	0.0526241	0.0168527	0.998472	1.01152	0.324767	38.4531	
0.998556	-0.000463527	-0.053716	-0.000461109	0.999852	-0.0171997	0.0537161	0.0171997	0.998408	1.05414	0.338414	39.2534	
0.998497	-0.000482516	-0.0548073	-0.000479947	0.999846	-0.0175464	0.0548073	0.0175463	0.998343	1.09763	0.352338	40.0536	
0.998436	-0.000501871	-0.0558977	-0.000499146	0.99984	-0.0178926	0.0558977	0.0178925	0.998276	1.14199	0.366541	40.8538	
0.998375	-0.00052159	-0.0569873	-0.000518702	0.999834	-0.0182385	0.0569874	0.0182384	0.998208	1.18723	0.381021	41.6539	
0.998312	-0.000541673	-0.0580761	-0.000538616	0.999827	-0.018584	0.0580762	0.0185839	0.998139	1.23335	0.395777	42.4539	
0.998248	-0.000562117	-0.059164	-0.000558885	0.999821	-0.0189291	0.0591641	0.018929	0.998069	1.28033	0.410811	43.2539	
0.998183	-0.000582921	-0.060251	-0.000579507	0.999814	-0.0192738	0.0602511	0.0192737	0.997997	1.32819	0.426121	44.0539	
0.9982	-0.000577819	-0.0599704	-0.000443407	0.999855	-0.0170141	0.0599716	0.0170101	0.998055	1.37637	0.440662	44.8538	
0.998217	-0.00057337	-0.0596907	-0.000307863	0.999891	-0.0147531	0.0596927	0.0147451	0.998108	1.42432	0.453388	45.6538	
0.998233	-0.000569568	-0.0594119	-0.000172877	0.999922	-0.0124907	0.0594144	0.0124789	0.998155	1.47206	0.464298	46.4538	
0.99825	-0.00056641	-0.059134	-3.84511e-05	0.999948	-0.010227	0.0591367	0.0102114	0.998198	1.51957	0.473392	47.2539	
0.998266	-0.000563891	-0.058857	9.54132e-05	0.999968	-0.00796209	0.0588596	0.00794267	0.998235	1.56686	0.480667	48.0539	
0.998283	-0.000562007	-0.0585808	0.000228714	0.999984	-0.00569601	0.0585831	0.00567283	0.998266	1.61392	0.486124	48.8541	
0.998299	-0.000560756	-0.0583055	0.000361449	0.999994	-0.0034288	0.058307	0.0034019	0.998293	1.66077	0.48976	49.6542	
0.998315	-0.000560132	-0.0580309	0.000493617	0.999999	-0.00116053	0.0580315	0.00112993	0.998314	1.70739	0.491576	50.4543	
0.998331	-0.000560134	-0.057757	0.000625216	0.999999	0.00110876	0.0577564	-0.00114302	0.99833	1.75379	0.491571	51.2545	
0.998346	-0.000560758	-0.0574839	0.000756244	0.999994	0.00337901	0.0574817	-0.0034169	0.998341	1.79998	0.489744	52.0547	
0.998362	-0.000562001	-0.0572115	0.000886699	0.999984	0.00565017	0.0572074	-0.00569165	0.998346	1.84594	0.486093	52.8549	
0.998377	-0.000563859	-0.0569398	0.00101658	0.999968	0.00792219	0.0569335	-0.00796722	0.998346	1.89168	0.48062	53.6551	
0.998393	-0.000566332	-0.0566687	0.00114588	0.999947	0.010195	0.0566599	-0.0102436	0.998341	1.9372	0.473321	54.4553	
0.998408	-0.000569416	-0.0563982	0.00127461	0.999921	0.0124686	0.0563867	-0.0125206	0.99833	1.98251	0.464199	55.2554	
0.998423	-0.000573108	-0.0561283	0.00140275	0.99989	0.0147428	0.0561137	-0.0147983	0.998315	2.02759	0.45325	56.0556	
0.998438	-0.000577408	-0.055859	0.00153031	0.999854	0.0170177	0.055841	-0.0170766	0.998294	2.07246	0.440476	56.8558	
0.998453	-0.000582312	-0.0555902	0.00165728	0.999812	0.0192932	0.0555686	-0.0193555	0.998267	2.11711	0.425876	57.6559	
0.998468	-0.00058782	-0.055322	0.00178367	0.999766	0.0215693	0.0552963	-0.0216349	0.998236	2.16154	0.409448	58.456	
0.998483	-0.00059393	-0.0550542	0.00190947	0.999714	0.0238458	0.0550243	-0.0239147	0.998199	2.20575	0.391194	59.2561	
0.998498	-0.000600641	-0.0547868	0.00203467	0.999657	0.0261227	0.0547523	-0.026195	0.998156	2.24974	0.371112	60.0562	
0.998512	-0.000607951	-0.0545199	0.00215928	0.999594	0.0284	0.0544805	-0.0284755	0.998109	2.29352	0.349203	60.8562	
0.998527	-0.000615859	-0.0542534	0.0022833	0.999527	0.0306777	0.0542088	-0.0307564	0.998056	2.33708	0.325465	61.6562	
0.998541	-0.000624365	-0.0539872	0.00240672	0.999454	0.0329556	0.0539372	-0.0330375	0.997998	2.38042	0.299899	62.4561	
0.998556	-0.000633469	-0.0537214	0.00252953	0.999376	0.0352338	0.0536656	-0.0353188	0.997934	2.42354	0.272505	63.256	
0.99857	-0.000643169	-0.0534559	0.00265175	0.999293	0.0375121	0.053394	-0.0376002	0.997865	2.46645	0.243282	64.0558	
0.998584	-0.000653466	-0.0531907	0.00277336	0.999204	0.0397905	0.0531224	-0.0398817	0.997791	2.50913	0.212231	64.8556	
0.998598	-0.00066436	-0.0529257	0.00289436	0.999111	0.042069	0.0528507	-0.0421632	0.997712	2.5516	0.17935	65.6553	
0.998612	-0.000675851	-0.052661	0.00301475	0.999012	0.0443475	0.052579	-0.0444447	0.997627	2.59385	0.144642	66.455	
0.998626	-0.000687939	-0.0523965	0.00313453	0.998908	0.0466259	0.0523072	-0.0467261	0.997537	2.63589	0.108104	67.2545	
0.99864	-0.000700625	-0.0521321	0.00325369	0.998798	0.0489043	0.0520352	-0.0490074	0.997442	2.6777	0.0697383	68.054	
0.998654	-0.00071391	-0.0518679	0.00337224	0.998684	0.0511825	0.0517631	-0.0512885	0.997342	2.7193	0.029544	68.8535	
0.998667	-0.000727794	-0.0516038	0.00349016	0.998564	0.0534605	0.0514908	-0.0535694	0.997236	2.76068	-0.0124786	69.6528	
0.998681	-0.000742279	-0.0513398	0.00360747	0.998439	0.0557383	0.0512183	-0.05585	0.997125	2.80184	-0.0563293	70.4521	
0.998694	-0.000757366	-0.0510758	0.00372415	0.998309	0.0580157	0.0509455	-0.0581302	0.997008	2.84279	-0.102008	71.2512	
0.999117	-0.00136842	-0.0419901	0.00455134	0.997113	0.0758002	0.0417652	-0.0759244	0.996239	2.87994	-0.155733	72.0501	
0.999456	-0.00214155	-0.0329133	0.00521457	0.995599	0.0935673	0.0325681	-0.093688	0.995069	2.90973	-0.223709	72.8481	
0.999711	-0.00307646	-0.0238489	0.00571356	0.993769	0.11131	0.0233579	-0.111414	0.9935	2.93215	-0.305908	73.6451	
0.999882	-0.00417276	-0.0148007	0.00604812	0.991623	0.129021	0.0141383	-0.129095	0.991531	2.94717	-0.402297	74.4406	
0.999969	-0.00543001	-0.00577217	0.0062181	0.989162	0.146694	0.00491307	-0.146725	0.989165	2.95481	-0.512838	75.2344	
0.999971	-0.00684772	0.00323294	0.00622344	0.986387	0.16432	-0.00431415	-0.164295	0.986402	2.95505	-0.637486	76.0262	
0.99989	-0.0084253	0.012211	0.00606415	0.983299	0.181894	-0.0135396	-0.1818	0.983242	2.94789	-0.776191	76.8155	
0.999724	-0.0101621	0.0211586	0.00574027	0.9799	0.199408	-0.0227597	-0.199232	0.979688	2.93335	-0.928897	77.6022	
0.999475	-0.0120575	0.0300719	0.00525195	0.97619	0.216855	-0.0319706	-0.216583	0.975741	2.91141	-1.09554	78.3859	
0.999142	-0.0141107	0.0389474	0.00459937	0.972171	0.234228	-0.0411687	-0.233848	0.971401	2.8821	-1.27606	79.1663	
