1	0	0	0	1	0	0	0	1	0	0	0	
1	-6.18073e-09	4.80019e-05	-6.18073e-09	1	0.00025752	-4.80019e-05	-0.00025752	1	-1.90674e-05	-0.000102293	0.794444	
1	-2.44501e-08	9.54705e-05	-2.44523e-08	1	0.000512225	-9.54705e-05	-0.000512225	1	-7.60579e-05	-0.000408053	1.58889	
1	-5.44019e-08	0.000142405	-5.44105e-08	1	0.000764106	-0.000142405	-0.000764106	1	-0.000170547	-0.00091504	2.38333	
1	-9.56329e-08	0.000188803	-9.56542e-08	0.999999	0.00101316	-0.000188803	-0.00101316	0.999999	-0.00030211	-0.00162101	3.17778	
1	-1.47743e-07	0.000234664	-1.47785e-07	0.999999	0.00125937	-0.000234664	-0.00125937	0.999999	-0.000470321	-0.00252371	3.97222	
1	-2.10337e-07	0.000279987	-2.10409e-07	0.999999	0.00150273	-0.000279987	-0.00150273	0.999999	-0.000674752	-0.00362087	4.76666	
1	-2.8302e-07	0.000324771	-2.83135e-07	0.999998	0.00174324	-0.00032477	-0.00174324	0.999998	-0.000914975	-0.00491025	5.56111	
1	-3.65402e-07	0.000369013	-3.65573e-07	0.999998	0.00198089	-0.000369013	-0.00198089	0.999998	-0.00119056	-0.00638956	6.35555	
1	-4.57099e-07	0.000412714	-4.5734e-07	0.999998	0.00221567	-0.000412714	-0.00221567	0.999997	-0.00150108	-0.00805652	7.14999	
1	-5.57726e-07	0.000455871	-5.58054e-07	0.999997	0.00244757	-0.000455871	-0.00244757	0.999997	-0.0018461	-0.00990887	7.94444	
1	-6.66905e-07	0.000498485	-6.67337e-07	0.999996	0.00267659	-0.000498485	-0.00267659	0.999996	-0.00222519	-0.0119443	8.73888	
1	-7.84261e-07	0.000540552	-7.84815e-07	0.999996	0.00290272	-0.000540552	-0.00290272	0.999996	-0.00263792	-0.0141605	9.53332	
1	-9.0942e-07	0.000582074	-9.10117e-07	0.999995	0.00312595	-0.000582074	-0.00312595	0.999995	-0.00308385	-0.0165552	10.3278	
1	-1.04202e-06	0.000623047	-1.04288e-06	0.999994	0.00334627	-0.000623047	-0.00334627	0.999994	-0.00356255	-0.0191262	11.1222	
1	-1.18168e-06	0.000663472	-1.18273e-06	0.999994	0.00356369	-0.000663472	-0.00356369	0.999993	-0.00407359	-0.0218709	11.9166	
1	-1.32806e-06	0.000703347	-1.32932e-06	0.999993	0.00377818	-0.000703347	-0.00377818	0.999993	-0.00461652	-0.0247873	12.7111	
1	-1.4808e-06	0.000742672	-1.48229e-06	0.999992	0.00398975	-0.000742672	-0.00398975	0.999992	-0.00519091	-0.0278729	13.5055	
1	-1.63954e-06	0.000781444	-1.64128e-06	0.999991	0.00419839	-0.000781444	-0.00419839	0.999991	-0.00579632	-0.0311254	14.3	
1	-1.80393e-06	0.000819664	-1.80596e-06	0.99999	0.00440408	-0.000819664	-0.00440408	0.99999	-0.00643232	-0.0345425	15.0944	
1	-1.97363e-06	0.000857329	-1.97597e-06	0.999989	0.00460684	-0.000857329	-0.00460684	0.999989	-0.00709846	-0.0381218	15.8888	
1	-2.14831e-06	0.00089444	-2.15097e-06	0.999988	0.00480664	-0.00089444	-0.00480664	0.999988	-0.0077943	-0.0418611	16.6833	
1	-2.32761e-06	0.000930995	-2.33064e-06	0.999987	0.00500348	-0.000930995	-0.00500348	0.999987	-0.0085194	-0.0457579	17.4777	
1	-2.51122e-06	0.000966993	-2.51463e-06	0.999986	0.00519737	-0.000966993	-0.00519737	0.999986	-0.00927333	-0.0498099	18.2721	
0.999999	-2.6988e-06	0.00100243	-2.70263e-06	0.999985	0.00538828	-0.00100243	-0.00538828	0.999985	-0.0100556	-0.0540147	19.0666	
0.999999	-2.89004e-06	0.00103731	-2.8943e-06	0.999984	0.00557621	-0.00103731	-0.00557621	0.999984	-0.0108659	-0.0583701	19.861	
0.999999	-3.0846e-06	0.00107164	-3.08933e-06	0.999983	0.00576117	-0.00107164	-0.00576117	0.999983	-0.0117036	-0.0628735	20.6554	
0.999999	-3.28218e-06	0.0011054	-3.28741e-06	0.999982	0.00594313	-0.0011054	-0.00594313	0.999982	-0.0125683	-0.0675227	21.4499	
0.999999	-3.48247e-06	0.0011386	-3.48822e-06	0.999981	0.00612211	-0.0011386	-0.00612211	0.999981	-0.0134597	-0.0723153	22.2443	
0.999999	-3.68517e-06	0.00117124	-3.69147e-06	0.99998	0.00629808	-0.00117124	-0.00629808	0.999979	-0.0143772	-0.0772489	23.0387	
0.999999	-3.88996e-06	0.00120331	-3.89684e-06	0.999979	0.00647106	-0.00120331	-0.00647106	0.999978	-0.0153205	-0.0823211	23.8331	
0.999999	-4.09656e-06	0.00123483	-4.10404e-06	0.999978	0.00664102	-0.00123483	-0.00664102	0.999977	-0.0162889	-0.0875295	24.6276	
0.999999	-4.30467e-06	0.00126577	-4.31278e-06	0.999977	0.00680797	-0.00126577	-0.00680797	0.999976	-0.0172822	-0.0928717	25.422	
0.999999	-4.51401e-06	0.00129616	-4.52277e-06	0.999976	0.00697189	-0.00129616	-0.00697189	0.999975	-0.0182999	-0.0983454	26.2164	
0.999999	-4.72429e-06	0.00132597	-4.73373e-06	0.999975	0.0071328	-0.00132597	-0.0071328	0.999974	-0.0193415	-0.103948	27.0108	
0.999999	-4.93523e-06	0.00135522	-4.94537e-06	0.999973	0.00729067	-0.00135522	-0.00729067	0.999973	-0.0204065	-0.109677	27.8053	
0.999999	-5.14657e-06	0.0013839	-5.15744e-06	0.999972	0.00744551	-0.0013839	-0.00744551	0.999971	-0.0214945	-0.115531	28.5997	
0.999999	-5.35804e-06	0.00141202	-5.36966e-06	0.999971	0.00759731	-0.00141202	-0.00759731	0.99997	-0.0226051	-0.121506	29.3941	
0.999999	-5.56936e-06	0.00143956	-5.58175e-06	0.99997	0.00774606	-0.00143956	-0.00774606	0.999969	-0.0237378	-0.127601	30.1885	
0.999999	-5.78029e-06	0.00146654	-5.79348e-06	0.999969	0.00789176	-0.00146654	-0.00789176	0.999968	-0.0248922	-0.133813	30.983	
0.999999	-5.99057e-06	0.00149294	-6.00457e-06	0.999968	0.00803441	-0.00149294	-0.00803441	0.999967	-0.0260678	-0.140139	31.7774	
0.999999	-6.19995e-06	0.00151878	-6.21479e-06	0.999967	0.00817401	-0.00151878	-0.00817401	0.999965	-0.0272641	-0.146577	32.5718	
0.999999	-6.40819e-06	0.00154404	-6.42388e-06	0.999965	0.00831054	-0.00154404	-0.00831054	0.999964	-0.0284807	-0.153125	33.3662	
0.999999	-6.61505e-06	0.00156874	-6.63161e-06	0.999964	0.008444	-0.00156874	-0.008444	0.999963	-0.0297172	-0.159781	34.1606	
0.999999	-6.82029e-06	0.00159286	-6.83774e-06	0.999963	0.0085744	-0.00159286	-0.0085744	0.999962	-0.030973	-0.166541	34.955	
0.999999	-7.02369e-06	0.0016164	-7.04205e-06	0.999962	0.00870172	-0.0016164	-0.00870172	0.999961	-0.0322478	-0.173403	35.7494	
0.999999	-7.22503e-06	0.00163937	-7.2443e-06	0.999961	0.00882596	-0.00163937	-0.00882596	0.99996	-0.0335411	-0.180366	36.5439	
0.999999	-7.42409e-06	0.00166177	-7.44429e-06	0.99996	0.00894711	-0.00166177	-0.00894711	0.999959	-0.0348524	-0.187425	37.3383	
0.999999	-7.62066e-06	0.0016836	-7.6418e-06	0.999959	0.00906518	-0.0016836	-0.00906518	0.999957	-0.0361812	-0.19458	38.1327	
0.999999	-7.81452e-06	0.00170485	-7.83661e-06	0.999958	0.00918016	-0.00170485	-0.00918016	0.999956	-0.0375272	-0.201828	38.9271	
0.999999	-8.00547e-06	0.00172552	-8.02852e-06	0.999957	0.00929205	-0.00172552	-0.00929205	0.999955	-0.0388898	-0.209165	39.7215	
0.999998	-8.19333e-06	0.00174562	-8.21735e-06	0.999956	0.00940084	-0.00174562	-0.00940084	0.999954	-0.0402686	-0.216591	40.5159	
0.999998	-8.37789e-06	0.00176514	-8.40288e-06	0.999955	0.00950653	-0.00176514	-0.00950653	0.999953	-0.0416632	-0.224101	41.3103	
0.999998	-8.55898e-06	0.00178409	-8.58494e-06	0.999954	0.00960912	-0.00178409	-0.00960912	0.999952	-0.043073	-0.231694	42.1047	
0.999998	-8.7364e-06	0.00180246	-8.76334e-06	0.999953	0.0097086	-0.00180246	-0.0097086	0.999951	-0.0444977	-0.239368	42.8991	
0.999999	-2.81403e-06	0.00109258	-4.80846e-06	0.999976	0.00697652	-0.00109258	-0.00697652	0.999975	-0.0456477	-0.245995	43.6935	
1	1.1709e-06	0.000382141	-2.79172e-06	0.999991	0.00424145	-0.000382132	-0.00424145	0.999991	-0.0462334	-0.250451	44.488	
1	3.2132e-06	-0.000328849	-2.71878e-06	0.999999	0.0015035	0.000328853	-0.0015035	0.999999	-0.0462546	-0.252733	45.2824	
0.999999	3.30793e-06	-0.00104036	-4.59509e-06	0.999999	-0.00123722	0.00104036	0.00123722	0.999999	-0.0457107	-0.252839	46.0769	
0.999998	1.45033e-06	-0.00175238	-8.42586e-06	0.999992	-0.0039806	0.00175236	0.00398061	0.999991	-0.0446014	-0.250766	46.8713	
0.999997	-2.36415e-06	-0.00246488	-1.4216e-05	0.999977	-0.00672653	0.00246484	0.00672655	0.999974	-0.0429262	-0.246513	47.6657	
0.999995	-8.13985e-06	-0.00317784	-2.19703e-05	0.999955	-0.00947491	0.00317777	0.00947493	0.99995	-0.0406849	-0.240078	48.4602	
0.999992	-1.58809e-05	-0.00389123	-3.16933e-05	0.999925	-0.0122256	0.00389113	0.0122257	0.999918	-0.0378769	-0.231458	49.2545	
0.999989	-2.55912e-05	-0.00460503	-4.3389e-05	0.999888	-0.0149786	0.0046049	0.0149786	0.999877	-0.0345021	-0.220652	50.0489	
0.999986	-3.72744e-05	-0.00531923	-5.70616e-05	0.999843	-0.0177336	0.00531906	0.0177337	0.999829	-0.0305601	-0.207658	50.8432	
0.999982	-5.09341e-05	-0.0060338	-7.27147e-05	0.99979	-0.0204907	0.00603358	0.0204908	0.999772	-0.0260506	-0.192474	51.6375	
0.999977	-6.65735e-05	-0.00674871	-9.03519e-05	0.99973	-0.0232497	0.00674843	0.0232497	0.999707	-0.0209733	-0.175099	52.4318	
0.999972	-8.41957e-05	-0.00746395	-0.000109976	0.999662	-0.0260104	0.00746361	0.0260105	0.999634	-0.0153279	-0.155532	53.2259	
0.999967	-0.000103804	-0.00817949	-0.000131591	0.999586	-0.0287729	0.00817909	0.028773	0.999553	-0.0091143	-0.133771	54.0201	
0.99996	-0.0001254	-0.0088953	-0.000155199	0.999503	-0.0315369	0.00889483	0.031537	0.999463	-0.00233215	-0.109814	54.8141	
0.999954	-0.000148986	-0.00961138	-0.000180802	0.999411	-0.0343023	0.00961083	0.0343025	0.999365	0.00501872	-0.0836613	55.6081	
0.999947	-0.000174566	-0.0103277	-0.000208404	0.999313	-0.0370692	0.0103271	0.0370693	0.999259	0.0129385	-0.0553108	56.402	
0.999939	-0.000202141	-0.0110442	-0.000238005	0.999206	-0.0398372	0.0110435	0.0398374	0.999145	0.0214274	-0.0247617	57.1958	
0.999931	-0.000231712	-0.0117609	-0.000269607	0.999092	-0.0426064	0.0117601	0.0426066	0.999023	0.0304855	0.00798693	57.9895	
0.999922	-0.000263282	-0.0124778	-0.000303213	0.99897	-0.0453766	0.0124769	0.0453768	0.998892	0.040113	0.0429359	58.7831	
0.999913	-0.000296851	-0.0131948	-0.000338823	0.99884	-0.0481477	0.0131938	0.048148	0.998753	0.0503099	0.0800861	59.5767	
0.999903	-0.000332421	-0.013912	-0.000376439	0.998703	-0.0509196	0.0139108	0.0509199	0.998606	0.0610765	0.119438	60.37	
0.999893	-0.000369993	-0.0146292	-0.00041606	0.998557	-0.0536922	0.014628	0.0536925	0.99845	0.0724128	0.160993	61.1633	
0.999882	-0.000409567	-0.0153465	-0.000457688	0.998404	-0.0564654	0.0153452	0.0564657	0.998287	0.0843188	0.20475	61.9565	
0.999871	-0.000451144	-0.0160639	-0.000501324	0.998244	-0.059239	0.0160624	0.0592394	0.998115	0.0967946	0.250711	62.7495	
0.999859	-0.000494724	-0.0167813	-0.000546966	0.998075	-0.062013	0.0167797	0.0620134	0.997934	0.10984	0.298875	63.5424	
0.999847	-0.000540307	-0.0174987	-0.000594614	0.997899	-0.0647872	0.017497	0.0647877	0.997746	0.123456	0.349243	64.3351	
0.999834	-0.000587894	-0.0182162	-0.000644269	0.997715	-0.0675616	0.0182142	0.0675621	0.997549	0.137641	0.401816	65.1277	
0.999821	-0.000637483	-0.0189335	-0.00069593	0.997523	-0.070336	0.0189315	0.0703365	0.997344	0.152396	0.456592	65.9201	
0.999807	-0.000689074	-0.0196508	-0.000749594	0.997324	-0.0731103	0.0196486	0.0731109	0.99713	0.167721	0.513573	66.7123	
0.999792	-0.000742667	-0.0203681	-0.000805262	0.997116	-0.0758844	0.0203657	0.075885	0.996909	0.183616	0.572757	67.5044	
0.999777	-0.00079826	-0.0210852	-0.000862932	0.996901	-0.0786582	0.0210827	0.0786589	0.996679	0.20008	0.634145	68.2963	
0.999762	-0.000855852	-0.0218022	-0.000922601	0.996679	-0.0814316	0.0217995	0.0814323	0.99644	0.217114	0.697737	69.088	
0.999746	-0.000915441	-0.0225191	-0.000984269	0.996448	-0.0842044	0.0225162	0.0842052	0.996194	0.234717	0.763532	69.8795	
0.99973	-0.000977027	-0.0232358	-0.00104793	0.99621	-0.0869766	0.0232327	0.0869775	0.995939	0.252889	0.83153	70.6709	
0.999713	-0.00104061	-0.0239523	-0.00111359	0.995964	-0.0897481	0.023949	0.089749	0.995676	0.271631	0.901729	71.462	
0.999582	-0.00153219	-0.0288755	-0.00162159	0.994054	-0.10888	0.0288707	0.108882	0.993635	0.292613	0.980633	72.2522	
0.999427	-0.00211836	-0.0337877	-0.00222414	0.991776	-0.12797	0.0337809	0.127972	0.991202	0.3175	1.07472	73.0406	
0.999247	-0.0027989	-0.0386868	-0.00292102	0.989131	-0.147008	0.0386778	0.147011	0.988378	0.346283	1.18395	73.827	
0.999044	-0.00357353	-0.043571	-0.00371194	0.986121	-0.165989	0.0435595	0.165992	0.985165	0.378951	1.30829	74.611	
0.998816	-0.00444195	-0.0484384	-0.0045966	0.982746	-0.184904	0.0484239	0.184908	0.981562	0.41549	1.44768	75.3922	
0.998565	-0.00540382	-0.0532869	-0.00557464	0.979008	-0.203746	0.0532693	0.203751	0.977572	0.455886	1.60207	76.1705	
0.998289	-0.00645875	-0.0581148	-0.00664568	0.974908	-0.222508	0.0580937	0.222514	0.973197	0.500123	1.77139	76.9454	
0.99799	-0.00760634	-0.06292	-0.0078093	0.970449	-0.241182	0.0628951	0.241188	0.968438	0.548184	1.95559	77.7167	
0.997666	-0.00884613	-0.0677007	-0.00906503	0.965631	-0.25976	0.0676718	0.259768	0.963297	0.60005	2.15459	78.484	
