1	0	0	0	1	0	0	0	1	0	0	0	
1	1.28519e-07	-0.000361756	1.28519e-07	1	0.000710529	0.000361756	-0.000710529	1	0.000162242	-0.000318662	0.89697	
1	5.13241e-07	-0.000722875	5.13378e-07	0.999999	0.00142019	0.000722875	-0.00142019	0.999999	0.000648683	-0.00127426	1.79394	
0.999999	1.15292e-06	-0.00108335	1.15347e-06	0.999998	0.00212895	0.00108335	-0.00212895	0.999997	0.00145875	-0.00286599	2.69091	
0.999999	2.04627e-06	-0.00144315	2.04764e-06	0.999996	0.00283678	0.00144315	-0.00283678	0.999995	0.00259184	-0.00509304	3.58787	
0.999998	3.19198e-06	-0.00180228	3.19471e-06	0.999994	0.00354366	0.00180228	-0.00354366	0.999992	0.00404737	-0.00795457	4.48484	
0.999998	4.58869e-06	-0.00216072	4.59345e-06	0.999991	0.00424955	0.00216072	-0.00424955	0.999989	0.00582471	-0.0114497	5.3818	
0.999997	6.23499e-06	-0.00251845	6.24261e-06	0.999988	0.00495444	0.00251845	-0.00495444	0.999985	0.00792325	-0.0155776	6.27876	
0.999996	8.12948e-06	-0.00287547	8.14088e-06	0.999984	0.00565828	0.00287547	-0.00565828	0.99998	0.0103423	-0.0203372	7.17571	
0.999995	1.02707e-05	-0.00323175	1.02869e-05	0.99998	0.00636106	0.00323175	-0.00636106	0.999975	0.0130813	-0.0257277	8.07266	
0.999994	1.26571e-05	-0.00358729	1.26794e-05	0.999975	0.00706274	0.00358729	-0.00706274	0.999969	0.0161396	-0.0317481	8.9696	
0.999992	1.52871e-05	-0.00394207	1.53169e-05	0.99997	0.0077633	0.00394207	-0.0077633	0.999962	0.0195164	-0.0383973	9.86654	
0.999991	1.81593e-05	-0.00429607	1.81979e-05	0.999964	0.00846271	0.00429607	-0.00846271	0.999955	0.023211	-0.0456744	10.7635	
0.999989	2.1272e-05	-0.00464929	2.1321e-05	0.999958	0.00916094	0.00464929	-0.00916094	0.999947	0.0272229	-0.0535784	11.6604	
0.999987	2.46235e-05	-0.00500172	2.46847e-05	0.999951	0.00985797	0.00500172	-0.00985797	0.999939	0.0315512	-0.0621081	12.5573	
0.999986	2.82123e-05	-0.00535333	2.82874e-05	0.999944	0.0105538	0.00535333	-0.0105538	0.99993	0.0361953	-0.0712624	13.4542	
0.999984	3.20364e-05	-0.00570411	3.21276e-05	0.999937	0.0112483	0.00570411	-0.0112483	0.99992	0.0411544	-0.0810403	14.3511	
0.999982	3.60944e-05	-0.00605406	3.62036e-05	0.999929	0.0119415	0.00605405	-0.0119415	0.99991	0.0464278	-0.0914406	15.248	
0.999979	4.03843e-05	-0.00640315	4.05137e-05	0.99992	0.0126335	0.00640315	-0.0126335	0.9999	0.0520146	-0.102462	16.1449	
0.999977	4.49043e-05	-0.00675138	4.50563e-05	0.999911	0.013324	0.00675138	-0.013324	0.999888	0.0579142	-0.114104	17.0418	
0.999975	4.96527e-05	-0.00709873	4.98297e-05	0.999902	0.0140132	0.00709873	-0.0140132	0.999877	0.0641258	-0.126364	17.9386	
0.999972	5.46275e-05	-0.00744519	5.4832e-05	0.999892	0.0147011	0.00744518	-0.0147011	0.999864	0.0706485	-0.139242	18.8355	
0.99997	5.98268e-05	-0.00779074	6.00616e-05	0.999882	0.0153874	0.00779074	-0.0153874	0.999851	0.0774816	-0.152736	19.7323	
0.999967	6.52488e-05	-0.00813538	6.55166e-05	0.999871	0.0160724	0.00813538	-0.0160724	0.999838	0.0846242	-0.166845	20.6292	
0.999964	7.08914e-05	-0.00847909	7.11951e-05	0.99986	0.0167558	0.00847908	-0.0167558	0.999824	0.0920756	-0.181568	21.526	
0.999961	7.67527e-05	-0.00882185	7.70953e-05	0.999848	0.0174378	0.00882185	-0.0174378	0.999809	0.0998348	-0.196904	22.4228	
0.999958	8.28306e-05	-0.00916366	8.32152e-05	0.999836	0.0181182	0.00916366	-0.0181182	0.999794	0.107901	-0.21285	23.3196	
0.999955	8.9123e-05	-0.0095045	8.9553e-05	0.999823	0.018797	0.0095045	-0.018797	0.999778	0.116273	-0.229406	24.2164	
0.999952	9.56279e-05	-0.00984436	9.61065e-05	0.99981	0.0194743	0.00984436	-0.0194743	0.999762	0.124951	-0.24657	25.1131	
0.999948	0.000102343	-0.0101832	0.000102874	0.999797	0.0201499	0.0101832	-0.0201499	0.999745	0.133933	-0.264341	26.0099	
0.999945	0.000109267	-0.0105211	0.000109853	0.999783	0.0208239	0.0105211	-0.0208239	0.999728	0.143219	-0.282717	26.9066	
0.999941	0.000116396	-0.0108579	0.000117042	0.999769	0.0214962	0.0108579	-0.0214962	0.99971	0.152807	-0.301697	27.8033	
0.999937	0.00012373	-0.0111937	0.000124438	0.999754	0.0221668	0.0111937	-0.0221668	0.999692	0.162697	-0.321279	28.7	
0.999934	0.000131265	-0.0115285	0.00013204	0.999739	0.0228357	0.0115285	-0.0228357	0.999673	0.172887	-0.341462	29.5967	
0.99993	0.000138999	-0.0118622	0.000139845	0.999724	0.0235029	0.0118622	-0.0235029	0.999653	0.183378	-0.362244	30.4934	
0.999926	0.000146931	-0.0121949	0.000147852	0.999708	0.0241683	0.0121948	-0.0241683	0.999634	0.194167	-0.383624	31.39	
0.999922	0.000155057	-0.0125264	0.000156057	0.999692	0.0248318	0.0125264	-0.0248318	0.999613	0.205254	-0.4056	32.2867	
0.999917	0.000163376	-0.0128569	0.000164459	0.999675	0.0254936	0.0128569	-0.0254936	0.999592	0.216638	-0.42817	33.1833	
0.999913	0.000171885	-0.0131862	0.000173055	0.999658	0.0261535	0.0131862	-0.0261535	0.999571	0.228318	-0.451333	34.0799	
0.999909	0.000180581	-0.0135145	0.000181843	0.99964	0.0268115	0.0135145	-0.0268115	0.999549	0.240293	-0.475087	34.9764	
0.999904	0.000189463	-0.0138416	0.000190822	0.999623	0.0274675	0.0138416	-0.0274676	0.999527	0.252562	-0.49943	35.873	
0.9999	0.000198528	-0.0141676	0.000199987	0.999604	0.0281217	0.0141676	-0.0281217	0.999504	0.265123	-0.524361	36.7695	
0.999895	0.000207773	-0.0144924	0.000209338	0.999586	0.0287739	0.0144924	-0.0287739	0.999481	0.277977	-0.549878	37.6661	
0.99989	0.000217196	-0.0148161	0.000218871	0.999567	0.0294241	0.014816	-0.0294241	0.999457	0.291121	-0.575979	38.5625	
0.999885	0.000226795	-0.0151385	0.000228585	0.999548	0.0300723	0.0151385	-0.0300723	0.999433	0.304555	-0.602662	39.459	
0.99988	0.000236566	-0.0154598	0.000238476	0.999528	0.0307184	0.0154598	-0.0307185	0.999409	0.318278	-0.629926	40.3555	
0.999875	0.000246508	-0.0157799	0.000248543	0.999508	0.0313625	0.0157799	-0.0313625	0.999384	0.332289	-0.657768	41.2519	
0.99987	0.000256618	-0.0160988	0.000258782	0.999488	0.0320045	0.0160988	-0.0320045	0.999358	0.346586	-0.686187	42.1483	
0.999865	0.000266892	-0.0164165	0.000269192	0.999467	0.0326444	0.0164164	-0.0326444	0.999332	0.361168	-0.715181	43.0447	
0.99986	0.00027733	-0.0167329	0.000279769	0.999446	0.0332821	0.0167328	-0.0332822	0.999306	0.376035	-0.744749	43.941	
0.999855	0.000287927	-0.0170481	0.000290512	0.999425	0.0339177	0.017048	-0.0339177	0.999279	0.391186	-0.774887	44.8374	
0.999849	0.000298682	-0.017362	0.000301417	0.999403	0.0345511	0.0173619	-0.0345511	0.999252	0.406618	-0.805594	45.7337	
0.999844	0.000309591	-0.0176746	0.000312482	0.999381	0.0351822	0.0176746	-0.0351823	0.999225	0.422331	-0.836868	46.63	
0.999838	0.000320652	-0.017986	0.000323705	0.999359	0.0358112	0.0179859	-0.0358112	0.999197	0.438324	-0.868708	47.5262	
0.999833	0.000331863	-0.0182961	0.000335082	0.999336	0.0364378	0.018296	-0.0364378	0.999168	0.454596	-0.90111	48.4225	
0.999827	0.00034322	-0.0186048	0.000346611	0.999313	0.0370621	0.0186048	-0.0370622	0.99914	0.471146	-0.934074	49.3187	
0.999821	0.00035472	-0.0189123	0.00035829	0.99929	0.0376842	0.0189122	-0.0376842	0.999111	0.487972	-0.967597	50.2149	
0.999815	0.000366362	-0.0192184	0.000370115	0.999266	0.0383039	0.0192184	-0.0383039	0.999081	0.505073	-1.00168	51.111	
0.999809	0.000378142	-0.0195232	0.000382084	0.999242	0.0389212	0.0195231	-0.0389212	0.999052	0.522448	-1.03631	52.0072	
0.999803	0.000390058	-0.0198267	0.000394194	0.999218	0.0395361	0.0198266	-0.0395361	0.999021	0.540095	-1.0715	52.9033	
0.999843	0.00030733	-0.0176928	0.000364047	0.99928	0.0379305	0.0176918	-0.037931	0.999124	0.556922	-1.10624	53.7994	
0.999879	0.000227974	-0.0155572	0.000337301	0.99934	0.0363229	0.0155552	-0.0363238	0.999219	0.571833	-1.13954	54.6956	
0.99991	0.000152004	-0.0134199	0.000313968	0.999397	0.0347134	0.0134171	-0.0347145	0.999307	0.584826	-1.1714	55.5919	
0.999936	7.94285e-05	-0.011281	0.000294058	0.999452	0.0331019	0.0112775	-0.0331031	0.999388	0.595901	-1.20182	56.4883	
0.999958	1.02596e-05	-0.00914058	0.000277582	0.999504	0.0314887	0.00913637	-0.0314899	0.999462	0.605057	-1.23079	57.3848	
0.999976	-5.54926e-05	-0.00699866	0.00026455	0.999554	0.0298737	0.00699388	-0.0298748	0.999529	0.612291	-1.25831	58.2813	
0.999988	-0.000117818	-0.00485535	0.000254972	0.999601	0.028257	0.00485008	-0.0282579	0.999589	0.617603	-1.28438	59.1779	
0.999996	-0.000176708	-0.00271072	0.000248857	0.999645	0.0266388	0.00270505	-0.0266394	0.999641	0.620991	-1.309	60.0745	
1	-0.000232153	-0.000564834	0.000246212	0.999687	0.025019	0.000558849	-0.0250192	0.999687	0.622455	-1.33217	60.9712	
0.999999	-0.000284145	0.00158222	0.000247047	0.999726	0.0233979	-0.00158844	-0.0233974	0.999725	0.621993	-1.35388	61.8679	
0.999993	-0.000332676	0.00373037	0.000251368	0.999763	0.0217753	-0.00373673	-0.0217742	0.999756	0.619605	-1.37414	62.7646	
0.999983	-0.000377737	0.00587955	0.000259183	0.999797	0.0201515	-0.00588597	-0.0201497	0.99978	0.615289	-1.39294	63.6614	
0.999968	-0.000419323	0.00802969	0.000270497	0.999828	0.0185266	-0.00803608	-0.0185238	0.999796	0.609045	-1.41029	64.5582	
0.999948	-0.000457425	0.0101807	0.000285316	0.999857	0.0169004	-0.010187	-0.0168967	0.999805	0.600873	-1.42617	65.4549	
0.999924	-0.000492038	0.0123325	0.000303646	0.999883	0.0152733	-0.0123386	-0.0152684	0.999807	0.59077	-1.4406	66.3517	
0.999895	-0.000523157	0.0144851	0.000325491	0.999907	0.0136452	-0.0144908	-0.013639	0.999802	0.578738	-1.45356	67.2485	
0.999861	-0.000550775	0.0166383	0.000350855	0.999928	0.0120162	-0.0166437	-0.0120087	0.999789	0.564774	-1.46507	68.1453	
0.999823	-0.000574888	0.018792	0.000379742	0.999946	0.0103864	-0.018797	-0.0103774	0.999769	0.54888	-1.47511	69.0421	
0.99978	-0.000595491	0.0209463	0.000412154	0.999962	0.00875591	-0.0209508	-0.00874535	0.999742	0.531053	-1.48368	69.9388	
0.999733	-0.00061258	0.0231011	0.000448095	0.999975	0.00712475	-0.0231049	-0.00711249	0.999708	0.511295	-1.49079	70.8356	
0.999681	-0.000626152	0.0252562	0.000487566	0.999985	0.00549302	-0.0252592	-0.00547895	0.999666	0.489605	-1.49644	71.7323	
0.999124	-0.000591889	0.0418469	0.000993359	0.999954	-0.00957364	-0.0418393	0.00960682	0.999078	0.459511	-1.49459	72.6287	
0.998292	-0.000307223	0.0584237	0.00174896	0.999695	-0.0246277	-0.0583984	0.0246878	0.997988	0.414554	-1.47921	73.5244	
0.997185	0.0002277	0.0749783	0.00275398	0.999209	-0.0396615	-0.0749281	0.0397563	0.996396	0.354756	-1.4503	74.4189	
0.995804	0.00101261	0.0915023	0.00400792	0.998497	-0.0546675	-0.0914201	0.0548048	0.994303	0.280148	-1.40789	75.3117	
0.99415	0.00204712	0.107987	0.00551016	0.997557	-0.0696382	-0.107866	0.0698258	0.99171	0.190768	-1.352	76.2025	
0.992223	0.0033307	0.124425	0.00725992	0.996391	-0.084566	-0.124258	0.0848117	0.988619	0.0866594	-1.28264	77.0906	
0.990025	0.00486272	0.140808	0.00925634	0.995	-0.0994435	-0.140587	0.0997549	0.98503	-0.0321246	-1.19986	77.9758	
0.987556	0.00664239	0.157126	0.0114984	0.993384	-0.114263	-0.156846	0.114648	0.980946	-0.165524	-1.1037	78.8576	
0.984818	0.00866882	0.173373	0.013985	0.991544	-0.129018	-0.173026	0.129483	0.976369	-0.313473	-0.994208	79.7354	
0.981812	0.010941	0.18954	0.0167149	0.98948	-0.143699	-0.189118	0.144254	0.971301	-0.475896	-0.871436	80.609	
0.97854	0.0134578	0.205619	0.0196866	0.987195	-0.158301	-0.205116	0.158952	0.965744	-0.652712	-0.735447	81.4777	
0.975003	0.0162179	0.221601	0.0228988	0.984688	-0.172815	-0.221011	0.173569	0.959702	-0.843831	-0.58631	82.3413	
0.971202	0.01922	0.237479	0.0263498	0.981962	-0.187234	-0.236794	0.1881	0.953177	-1.04916	-0.4241	83.1993	
0.967141	0.0224625	0.253245	0.0300378	0.979017	-0.201552	-0.252458	0.202536	0.946173	-1.26859	-0.248899	84.0511	
0.962821	0.0259438	0.26889	0.033961	0.975856	-0.21576	-0.267996	0.21687	0.938694	-1.50202	-0.0607936	84.8965	
0.958244	0.0296622	0.284408	0.0381175	0.972479	-0.229852	-0.283398	0.231095	0.930742	-1.74932	0.14012	85.7349	
0.953413	0.0336157	0.299789	0.042505	0.968888	-0.24382	-0.298659	0.245204	0.922322	-2.01037	0.353742	86.566	
0.94833	0.0378025	0.315027	0.0471215	0.965086	-0.257659	-0.313769	0.25919	0.913439	-2.28505	0.579965	87.3894	
0.942996	0.0422204	0.330114	0.0519647	0.961074	-0.271359	-0.328721	0.273045	0.904096	-2.57321	0.818674	88.2046	
