1	0	0	0	1	0	0	0	1	0	0	0	
1	5.16738e-07	-0.000351306	5.16738e-07	0.999996	0.00294181	0.000351306	-0.00294181	0.999996	0.000187363	-0.00156896	1.06667	
1	2.06771e-06	-0.000702548	2.06994e-06	0.999983	0.00588944	0.000702548	-0.00588944	0.999982	0.000749419	-0.00627896	2.13332	
0.999999	4.65443e-06	-0.0010537	4.66338e-06	0.999961	0.00884273	0.0010537	-0.00884273	0.99996	0.00168609	-0.0141361	3.19996	
0.999999	8.27821e-06	-0.00140475	8.30064e-06	0.99993	0.0118015	0.00140475	-0.0118015	0.999929	0.00299727	-0.0251464	4.26657	
0.999998	1.29401e-05	-0.00175568	1.29851e-05	0.999891	0.0147657	0.00175568	-0.0147657	0.999889	0.00468283	-0.0393156	5.33314	
0.999998	1.86411e-05	-0.00210645	1.87199e-05	0.999843	0.0177351	0.00210645	-0.0177351	0.999841	0.00674263	-0.0566494	6.39966	
0.999997	2.53817e-05	-0.00245705	2.5508e-05	0.999786	0.0207095	0.00245705	-0.0207095	0.999783	0.0091765	-0.0771532	7.46613	
0.999996	3.31625e-05	-0.00280746	3.33522e-05	0.999719	0.0236888	0.00280746	-0.0236888	0.999715	0.0119842	-0.100832	8.53253	
0.999995	4.19836e-05	-0.00315766	4.22551e-05	0.999644	0.0266728	0.00315766	-0.0266728	0.999639	0.0151656	-0.127692	9.59885	
0.999994	5.18451e-05	-0.00350762	5.22191e-05	0.99956	0.0296614	0.00350762	-0.0296614	0.999554	0.0187204	-0.157737	10.6651	
0.999993	6.27468e-05	-0.00385734	6.32462e-05	0.999467	0.0326544	0.00385733	-0.0326544	0.999459	0.0226484	-0.190972	11.7312	
0.999991	7.46883e-05	-0.00420677	7.53386e-05	0.999364	0.0356517	0.00420676	-0.0356517	0.999355	0.0269493	-0.227402	12.7973	
0.99999	8.76689e-05	-0.00455592	8.84979e-05	0.999253	0.0386531	0.0045559	-0.0386531	0.999242	0.0316227	-0.267031	13.8632	
0.999988	0.000101688	-0.00490475	0.000102726	0.999132	0.0416584	0.00490473	-0.0416584	0.99912	0.0366684	-0.309864	14.929	
0.999986	0.000116744	-0.00525324	0.000118023	0.999002	0.0446675	0.00525321	-0.0446675	0.998988	0.0420859	-0.355904	15.9946	
0.999984	0.000132836	-0.00560138	0.000134392	0.998863	0.0476803	0.00560134	-0.0476803	0.998847	0.047875	-0.405157	17.0601	
0.999982	0.000149963	-0.00594914	0.000151833	0.998714	0.0506965	0.00594909	-0.0506965	0.998696	0.0540353	-0.457624	18.1255	
0.99998	0.000168123	-0.00629651	0.000170346	0.998556	0.053716	0.00629645	-0.053716	0.998536	0.0605662	-0.513311	19.1907	
0.999978	0.000187314	-0.00664346	0.000189933	0.998389	0.0567387	0.00664339	-0.0567387	0.998367	0.0674675	-0.57222	20.2557	
0.999976	0.000207534	-0.00698998	0.000210594	0.998212	0.0597644	0.00698989	-0.0597644	0.998188	0.0747386	-0.634355	21.3205	
0.999973	0.000228781	-0.00733605	0.000232328	0.998027	0.0627929	0.00733593	-0.0627929	0.998	0.082379	-0.699719	22.3852	
0.99997	0.000251052	-0.00768164	0.000255136	0.997831	0.0658241	0.0076815	-0.0658241	0.997802	0.0903883	-0.768315	23.4496	
0.999968	0.000274345	-0.00802673	0.000279018	0.997626	0.0688578	0.00802657	-0.0688579	0.997594	0.098766	-0.840145	24.5138	
0.999965	0.000298657	-0.00837132	0.000303974	0.997412	0.0718939	0.00837113	-0.0718939	0.997377	0.107511	-0.915213	25.5778	
0.999962	0.000323984	-0.00871537	0.000330002	0.997189	0.0749322	0.00871515	-0.0749323	0.997151	0.116624	-0.993521	26.6416	
0.999959	0.000350324	-0.00905888	0.000357101	0.996955	0.0779726	0.00905861	-0.0779726	0.996914	0.126103	-1.07507	27.7051	
0.999956	0.000377673	-0.00940181	0.000385272	0.996713	0.0810148	0.0094015	-0.0810149	0.996669	0.135949	-1.15986	28.7683	
0.999952	0.000406027	-0.00974416	0.000414512	0.996461	0.0840588	0.0097438	-0.0840588	0.996413	0.14616	-1.2479	29.8313	
0.999949	0.000435383	-0.0100859	0.00044482	0.996199	0.0871043	0.0100855	-0.0871044	0.996148	0.156735	-1.33919	30.894	
0.999946	0.000465737	-0.010427	0.000476195	0.995928	0.0901513	0.0104265	-0.0901514	0.995873	0.167675	-1.43373	31.9564	
0.999942	0.000497084	-0.0107675	0.000508634	0.995647	0.0931995	0.0107669	-0.0931996	0.995589	0.178978	-1.53151	33.0185	
0.999938	0.000529419	-0.0111073	0.000542137	0.995357	0.0962488	0.0111067	-0.0962489	0.995295	0.190644	-1.63255	34.0803	
0.999934	0.000562739	-0.0114464	0.0005767	0.995057	0.0992991	0.0114457	-0.0992992	0.994992	0.202672	-1.73685	35.1418	
0.99993	0.000597039	-0.0117849	0.000612322	0.994748	0.10235	0.0117841	-0.10235	0.994679	0.215061	-1.84439	36.203	
0.999926	0.000632313	-0.0121226	0.000648999	0.99443	0.105402	0.0121217	-0.105402	0.994356	0.227811	-1.95519	37.2638	
0.999922	0.000668557	-0.0124596	0.00068673	0.994101	0.108454	0.0124586	-0.108454	0.994023	0.240921	-2.06925	38.3242	
0.999918	0.000705765	-0.0127958	0.00072551	0.993763	0.111506	0.0127947	-0.111507	0.993681	0.254389	-2.18656	39.3844	
0.999914	0.000743932	-0.0131313	0.000765338	0.993416	0.114559	0.01313	-0.114559	0.99333	0.268216	-2.30713	40.4441	
0.999909	0.000783052	-0.013466	0.000806209	0.993059	0.117612	0.0134646	-0.117612	0.992968	0.2824	-2.43095	41.5035	
0.999904	0.000823119	-0.0137998	0.000848121	0.992693	0.120664	0.0137983	-0.120664	0.992597	0.29694	-2.55804	42.5624	
0.9999	0.000864127	-0.0141329	0.000891069	0.992317	0.123716	0.0141312	-0.123716	0.992217	0.311836	-2.68837	43.621	
0.999895	0.00090607	-0.0144651	0.00093505	0.991932	0.126768	0.0144633	-0.126768	0.991827	0.327086	-2.82196	44.6792	
0.99989	0.000948941	-0.0147965	0.00098006	0.991537	0.129819	0.0147945	-0.129819	0.991427	0.34269	-2.95881	45.7369	
0.999885	0.000992735	-0.015127	0.00102609	0.991133	0.132869	0.0151248	-0.132869	0.991018	0.358647	-3.09891	46.7942	
0.99988	0.00103744	-0.0154566	0.00107315	0.990719	0.135918	0.0154542	-0.135919	0.990599	0.374956	-3.24226	47.8511	
0.999875	0.00108306	-0.0157853	0.00112122	0.990296	0.138967	0.0157827	-0.138967	0.990171	0.391615	-3.38887	48.9075	
0.99987	0.00112958	-0.0161131	0.0011703	0.989864	0.142013	0.0161102	-0.142014	0.989734	0.408625	-3.53873	49.9634	
0.999864	0.001177	-0.01644	0.00122039	0.989422	0.145059	0.0164368	-0.145059	0.989286	0.425983	-3.69183	51.0189	
0.999859	0.0012253	-0.0167659	0.00127147	0.988971	0.148103	0.0167624	-0.148103	0.98883	0.44369	-3.84819	52.0739	
0.999853	0.00127448	-0.0170908	0.00132356	0.988511	0.151145	0.0170871	-0.151146	0.988364	0.461743	-4.00779	53.1284	
0.999847	0.00132453	-0.0174148	0.00137663	0.988041	0.154185	0.0174107	-0.154186	0.987888	0.480142	-4.17063	54.1824	
0.999842	0.00137544	-0.0177377	0.00143069	0.987562	0.157224	0.0177334	-0.157224	0.987404	0.498885	-4.33671	55.2359	
0.999836	0.00142722	-0.0180597	0.00148572	0.987074	0.16026	0.018055	-0.16026	0.98691	0.517972	-4.50604	56.2889	
0.99983	0.00147984	-0.0183806	0.00154173	0.986576	0.163294	0.0183755	-0.163294	0.986406	0.537402	-4.6786	57.3413	
0.999824	0.0015333	-0.0187005	0.0015987	0.98607	0.166325	0.018695	-0.166326	0.985894	0.557173	-4.8544	58.3932	
0.999818	0.00158759	-0.0190193	0.00165664	0.985554	0.169354	0.0190134	-0.169354	0.985372	0.577284	-5.03343	59.4445	
0.999812	0.0016427	-0.0193371	0.00171553	0.985029	0.172379	0.0193308	-0.17238	0.984841	0.597734	-5.21569	60.4953	
0.999805	0.00169863	-0.0196537	0.00177536	0.984495	0.175402	0.019647	-0.175403	0.984301	0.618523	-5.40117	61.5455	
0.999799	0.00175536	-0.0199693	0.00183614	0.983952	0.178422	0.019962	-0.178423	0.983751	0.639647	-5.58988	62.5951	
0.999793	0.00181289	-0.0202838	0.00189785	0.9834	0.181439	0.020276	-0.181439	0.983193	0.661108	-5.78181	63.6442	
0.999786	0.00187121	-0.0205971	0.00196048	0.98284	0.184452	0.0205888	-0.184453	0.982626	0.682902	-5.97695	64.6926	
0.99978	0.00193031	-0.0209093	0.00202404	0.98227	0.187461	0.0209004	-0.187462	0.982049	0.70503	-6.1753	65.7405	
0.999773	0.00199017	-0.0212203	0.0020885	0.981691	0.190467	0.0212108	-0.190468	0.981464	0.727489	-6.37687	66.7877	
0.999766	0.00205079	-0.0215301	0.00215387	0.981104	0.193469	0.02152	-0.19347	0.98087	0.750279	-6.58163	67.8342	
0.999759	0.00211216	-0.0218388	0.00222014	0.980508	0.196467	0.0218281	-0.196468	0.980267	0.773398	-6.7896	68.8802	
0.999752	0.00217428	-0.0221462	0.00228729	0.979903	0.199461	0.0221349	-0.199462	0.979656	0.796845	-7.00076	69.9255	
0.999795	0.00177407	-0.02018	0.00228498	0.979925	0.199354	0.0201286	-0.199359	0.97972	0.819385	-7.21347	70.9705	
0.999988	-0.00120432	-0.00469137	0.00202126	0.983985	0.178242	0.00440157	-0.178249	0.983976	0.832469	-7.41487	72.0178	
0.999934	-0.00384871	0.0108589	0.00209573	0.987589	0.157046	-0.0113286	-0.157013	0.987532	0.828774	-7.59369	73.0694	
0.999631	-0.0061572	0.0264598	0.00250835	0.990736	0.135781	-0.0270507	-0.135665	0.990385	0.808304	-7.74979	74.1243	
0.99908	-0.00812817	0.0421001	0.00325882	0.993422	0.114463	-0.0427536	-0.11422	0.992535	0.771073	-7.88307	75.1819	
0.998282	-0.00976022	0.0577688	0.00434661	0.995647	0.0931054	-0.058426	-0.0926944	0.993979	0.717107	-7.99343	76.2415	
0.997237	-0.0110522	0.0734546	0.00577095	0.997408	0.0717248	-0.0740569	-0.0711027	0.994716	0.646446	-8.0808	77.3022	
0.995946	-0.0120031	0.0891465	0.00753081	0.998704	0.0503359	-0.0896352	-0.0494605	0.994746	0.559138	-8.1451	78.3633	
0.99441	-0.0126124	0.104833	0.00962496	0.999534	0.028954	-0.10515	-0.0277831	0.994068	0.455246	-8.1863	79.4241	
0.992629	-0.0128795	0.120504	0.0120519	0.999899	0.00759421	-0.120589	-0.00608594	0.992684	0.334845	-8.20436	80.4837	
0.990606	-0.0128043	0.136147	0.0148099	0.999796	-0.0137282	-0.135943	0.0156155	0.990594	0.198019	-8.19928	81.5415	
0.988341	-0.0123869	0.151752	0.017897	0.999227	-0.0349981	-0.151201	0.0373059	0.987799	0.0448667	-8.17105	82.5967	
0.985836	-0.0116276	0.167307	0.0213111	0.998192	-0.0562003	-0.166351	0.0589698	0.984302	-0.124504	-8.1197	83.6486	
0.983094	-0.0105268	0.182801	0.0250496	0.996692	-0.0773198	-0.181382	0.0805917	0.980105	-0.309973	-8.04527	84.6963	
0.980115	-0.00908533	0.198223	0.0291099	0.994727	-0.0983416	-0.196285	0.102156	0.975211	-0.511407	-7.9478	85.7392	
0.976902	-0.0073043	0.213563	0.0334892	0.992299	-0.119251	-0.211048	0.123648	0.969624	-0.728664	-7.82736	86.7765	
0.973457	-0.00518492	0.22881	0.0381843	0.98941	-0.140032	-0.225661	0.145052	0.963347	-0.961589	-7.68404	87.8075	
0.969784	-0.0027287	0.243952	0.0431918	0.986062	-0.160671	-0.240113	0.166353	0.956385	-1.21002	-7.51795	88.8314	
0.965883	6.26059e-05	0.258978	0.0485083	0.982258	-0.181154	-0.254395	0.187536	0.948743	-1.47377	-7.3292	89.8476	
0.961759	0.00318702	0.273879	0.05413	0.977999	-0.201464	-0.268496	0.208585	0.940427	-1.75266	-7.11792	90.8552	
0.957414	0.00664231	0.288644	0.0600528	0.973289	-0.221589	-0.282406	0.229486	0.931441	-2.04649	-6.88427	91.8536	
0.95285	0.010426	0.303261	0.0662725	0.968132	-0.241513	-0.296115	0.250224	0.921794	-2.35505	-6.62841	92.842	
0.948073	0.0145355	0.317721	0.0727847	0.96253	-0.261223	-0.309613	0.270784	0.911491	-2.67813	-6.35052	93.8198	
0.943084	0.0189678	0.332014	0.0795848	0.956489	-0.280704	-0.322892	0.291151	0.90054	-3.01549	-6.05081	94.7863	
0.937887	0.0237197	0.346128	0.086668	0.950012	-0.299943	-0.33594	0.311311	0.888948	-3.36688	-5.72947	95.7407	
0.932487	0.0287879	0.360055	0.0940292	0.943104	-0.318926	-0.34875	0.33125	0.876725	-3.73207	-5.38676	96.6825	
0.926886	0.0341688	0.373784	0.101663	0.935769	-0.33764	-0.361312	0.350953	0.863878	-4.1108	-5.02289	97.6109	
0.921089	0.0398585	0.387306	0.109564	0.928014	-0.35607	-0.373617	0.370407	0.850417	-4.50278	-4.63814	98.5252	
0.915101	0.0458531	0.40061	0.117727	0.919843	-0.374205	-0.385657	0.389598	0.836351	-4.90775	-4.23278	99.4249	
0.908924	0.0521482	0.413688	0.126146	0.911262	-0.39203	-0.397422	0.408511	0.82169	-5.32542	-3.8071	100.309	
0.902564	0.0587393	0.42653	0.134815	0.902278	-0.409535	-0.408904	0.427134	0.806445	-5.75548	-3.3614	101.178	
0.896025	0.0656219	0.439127	0.143728	0.892897	-0.426705	-0.420096	0.445453	0.790627	-6.19764	-2.89599	102.029	
0.889312	0.0727909	0.45147	0.152878	0.883125	-0.443529	-0.430989	0.463456	0.774246	-6.65158	-2.41121	102.864	
