1	0	0	0	1	0	0	0	1	0	0	0	
1	-1.75033e-09	0.000148749	-1.75033e-09	1	2.3534e-05	-0.000148749	-2.3534e-05	1	-6.27676e-05	-9.93066e-06	0.843939	
1	-6.97933e-09	0.000297055	-6.97701e-09	1	4.69823e-05	-0.000297055	-4.69823e-05	1	-0.000250883	-3.96864e-05	1.68788	
1	-1.56531e-08	0.000444912	-1.56439e-08	1	7.03442e-05	-0.000444912	-7.03442e-05	1	-0.000563971	-8.91947e-05	2.53182	
1	-2.77375e-08	0.000592316	-2.77144e-08	1	9.36188e-05	-0.000592316	-9.36188e-05	1	-0.00100165	-0.000158382	3.37576	
1	-4.31979e-08	0.000739261	-4.31518e-08	1	0.000116805	-0.000739261	-0.000116805	1	-0.00156353	-0.000247175	4.2197	
1	-6.19993e-08	0.000885741	-6.1919e-08	1	0.000139903	-0.000885741	-0.000139903	1	-0.00224924	-0.000355498	5.06364	
0.999999	-8.41066e-08	0.00103175	-8.39785e-08	1	0.000162912	-0.00103175	-0.000162912	0.999999	-0.00305836	-0.000483277	5.90757	
0.999999	-1.09484e-07	0.00117729	-1.09293e-07	1	0.000185831	-0.00117729	-0.000185831	0.999999	-0.00399051	-0.000630436	6.75151	
0.999999	-1.38096e-07	0.00132235	-1.37823e-07	1	0.000208659	-0.00132235	-0.000208659	0.999999	-0.00504528	-0.000796899	7.59545	
0.999999	-1.69906e-07	0.00146692	-1.69532e-07	1	0.000231395	-0.00146692	-0.000231395	0.999999	-0.00622227	-0.000982588	8.43939	
0.999999	-2.04878e-07	0.00161101	-2.04381e-07	1	0.000254039	-0.00161101	-0.000254039	0.999999	-0.00752106	-0.00118743	9.28333	
0.999998	-2.42974e-07	0.00175459	-2.4233e-07	1	0.000276591	-0.00175459	-0.000276591	0.999998	-0.00894124	-0.00141134	10.1273	
0.999998	-2.84158e-07	0.00189768	-2.83342e-07	1	0.000299048	-0.00189768	-0.000299048	0.999998	-0.0104824	-0.00165424	10.9712	
0.999998	-3.28393e-07	0.00204027	-3.27375e-07	1	0.000321412	-0.00204027	-0.000321412	0.999998	-0.0121441	-0.00191605	11.8151	
0.999998	-3.75639e-07	0.00218234	-3.74391e-07	1	0.000343681	-0.00218234	-0.000343681	0.999998	-0.0139259	-0.0021967	12.6591	
0.999997	-4.2586e-07	0.00232391	-4.2435e-07	1	0.000365854	-0.00232391	-0.000365854	0.999997	-0.0158274	-0.0024961	13.503	
0.999997	-4.79018e-07	0.00246495	-4.77212e-07	1	0.000387931	-0.00246495	-0.000387931	0.999997	-0.0178482	-0.00281418	14.347	
0.999997	-5.35073e-07	0.00260546	-5.32936e-07	1	0.000409911	-0.00260546	-0.000409911	0.999997	-0.0199877	-0.00315084	15.1909	
0.999996	-5.93987e-07	0.00274545	-5.91482e-07	1	0.000431793	-0.00274545	-0.000431793	0.999996	-0.0222456	-0.00350602	16.0348	
0.999996	-6.55721e-07	0.0028849	-6.52808e-07	1	0.000453577	-0.0028849	-0.000453577	0.999996	-0.0246215	-0.00387962	16.8788	
0.999995	-7.20235e-07	0.00302381	-7.16875e-07	1	0.000475263	-0.00302381	-0.000475263	0.999995	-0.0271148	-0.00427156	17.7227	
0.999995	-7.8749e-07	0.00316218	-7.8364e-07	1	0.000496849	-0.00316218	-0.000496849	0.999995	-0.0297251	-0.00468176	18.5666	
0.999995	-8.57447e-07	0.0033	-8.53063e-07	1	0.000518334	-0.0033	-0.000518334	0.999994	-0.0324519	-0.00511014	19.4106	
0.999994	-9.30065e-07	0.00343727	-9.25101e-07	1	0.000539719	-0.00343727	-0.000539719	0.999994	-0.0352949	-0.0055566	20.2545	
0.999994	-1.0053e-06	0.00357398	-9.99713e-07	1	0.000561002	-0.00357398	-0.000561002	0.999993	-0.0382534	-0.00602107	21.0984	
0.999993	-1.08312e-06	0.00371012	-1.07686e-06	1	0.000582184	-0.00371012	-0.000582184	0.999993	-0.0413271	-0.00650346	21.9424	
0.999993	-1.16348e-06	0.0038457	-1.15649e-06	1	0.000603263	-0.0038457	-0.000603263	0.999992	-0.0445154	-0.00700369	22.7863	
0.999992	-1.24634e-06	0.0039807	-1.23857e-06	1	0.000624238	-0.0039807	-0.000624238	0.999992	-0.0478179	-0.00752165	23.6302	
0.999992	-1.33166e-06	0.00411512	-1.32306e-06	1	0.000645109	-0.00411512	-0.000645109	0.999991	-0.0512341	-0.00805728	24.4742	
0.999991	-1.41939e-06	0.00424897	-1.40991e-06	1	0.000665876	-0.00424897	-0.000665876	0.999991	-0.0547635	-0.00861048	25.3181	
0.99999	-1.5095e-06	0.00438222	-1.49908e-06	1	0.000686538	-0.00438222	-0.000686538	0.99999	-0.0584056	-0.00918116	26.162	
0.99999	-1.60194e-06	0.00451488	-1.59052e-06	1	0.000707094	-0.00451488	-0.000707094	0.99999	-0.0621599	-0.00976923	27.006	
0.999989	-1.69668e-06	0.00464695	-1.6842e-06	1	0.000727544	-0.00464695	-0.000727544	0.999989	-0.0660259	-0.0103746	27.8499	
0.999989	-1.79366e-06	0.00477842	-1.78007e-06	1	0.000747887	-0.00477842	-0.000747887	0.999988	-0.0700031	-0.0109972	28.6938	
0.999988	-1.89286e-06	0.00490927	-1.87809e-06	1	0.000768122	-0.00490927	-0.000768122	0.999988	-0.074091	-0.0116369	29.5378	
0.999987	-1.99421e-06	0.00503952	-1.97821e-06	1	0.000788249	-0.00503952	-0.000788249	0.999987	-0.0782891	-0.0122936	30.3817	
0.999987	-2.0977e-06	0.00516916	-2.0804e-06	1	0.000808268	-0.00516916	-0.000808268	0.999986	-0.0825969	-0.0129673	31.2256	
0.999986	-2.20326e-06	0.00529817	-2.1846e-06	1	0.000828177	-0.00529817	-0.000828177	0.999986	-0.0870138	-0.0136579	32.0695	
0.999985	-2.31087e-06	0.00542656	-2.29077e-06	1	0.000847977	-0.00542656	-0.000847977	0.999985	-0.0915393	-0.0143651	32.9135	
0.999985	-2.42046e-06	0.00555433	-2.39887e-06	1	0.000867666	-0.00555433	-0.000867666	0.999984	-0.0961729	-0.0150891	33.7574	
0.999984	-2.53202e-06	0.00568146	-2.50886e-06	1	0.000887244	-0.00568146	-0.000887244	0.999983	-0.100914	-0.0158296	34.6013	
0.999983	-2.64548e-06	0.00580795	-2.6207e-06	1	0.000906711	-0.00580795	-0.000906711	0.999983	-0.105762	-0.0165866	35.4452	
0.999982	-2.76081e-06	0.0059338	-2.73433e-06	1	0.000926066	-0.0059338	-0.000926066	0.999982	-0.110717	-0.01736	36.2892	
0.999982	-2.87796e-06	0.006059	-2.84971e-06	1	0.000945308	-0.006059	-0.000945308	0.999981	-0.115777	-0.0181496	37.1331	
0.999981	-2.9969e-06	0.00618355	-2.96681e-06	1	0.000964437	-0.00618355	-0.000964437	0.99998	-0.120943	-0.0189555	37.977	
0.99998	-3.11757e-06	0.00630745	-3.08557e-06	1	0.000983453	-0.00630745	-0.000983453	0.99998	-0.126214	-0.0197774	38.8209	
0.999979	-3.23993e-06	0.00643069	-3.20596e-06	0.999999	0.00100235	-0.00643069	-0.00100235	0.999979	-0.131589	-0.0206154	39.6649	
0.999979	-3.36395e-06	0.00655326	-3.32793e-06	0.999999	0.00102114	-0.00655326	-0.00102114	0.999978	-0.137068	-0.0214692	40.5088	
0.999978	-3.48958e-06	0.00667517	-3.45142e-06	0.999999	0.00103981	-0.00667517	-0.00103981	0.999977	-0.14265	-0.0223389	41.3527	
0.999977	-3.61676e-06	0.00679641	-3.57641e-06	0.999999	0.00105837	-0.00679641	-0.00105837	0.999976	-0.148335	-0.0232243	42.1966	
0.999976	-3.74547e-06	0.00691696	-3.70285e-06	0.999999	0.00107681	-0.00691696	-0.00107681	0.999975	-0.154121	-0.0241253	43.0405	
0.999975	-3.87566e-06	0.00703684	-3.83069e-06	0.999999	0.00109513	-0.00703684	-0.00109513	0.999975	-0.16001	-0.0250417	43.8845	
0.999974	-4.00728e-06	0.00715603	-3.95989e-06	0.999999	0.00111333	-0.00715603	-0.00111333	0.999974	-0.165999	-0.0259736	44.7284	
0.999974	-4.14029e-06	0.00727453	-4.0904e-06	0.999999	0.00113142	-0.00727453	-0.00113142	0.999973	-0.172088	-0.0269209	45.5723	
0.999973	-4.27464e-06	0.00739234	-4.22218e-06	0.999999	0.00114939	-0.00739234	-0.00114939	0.999972	-0.178277	-0.0278833	46.4162	
0.999972	-4.4103e-06	0.00750946	-4.35519e-06	0.999999	0.00116724	-0.00750946	-0.00116724	0.999971	-0.184565	-0.0288609	47.2601	
0.999971	-4.54721e-06	0.00762587	-4.48938e-06	0.999999	0.00118497	-0.00762587	-0.00118497	0.99997	-0.190951	-0.0298534	48.104	
0.99997	-4.49577e-06	0.00776975	1.92582e-05	0.999998	-0.00189991	-0.00776973	0.0019	0.999968	-0.197448	-0.0295517	48.948	
0.999969	-4.00193e-06	0.0079132	4.34496e-05	0.999988	-0.00498488	-0.00791308	0.00498507	0.999956	-0.204066	-0.0266464	49.7919	
0.999968	-3.06841e-06	0.0080562	6.80834e-05	0.999967	-0.00806992	-0.00805592	0.0080702	0.999935	-0.210804	-0.0211375	50.6358	
0.999966	-1.6979e-06	0.00819876	9.3158e-05	0.999938	-0.011155	-0.00819823	0.0111554	0.999904	-0.217663	-0.0130249	51.4796	
0.999965	1.06923e-07	0.00834088	0.000118672	0.999899	-0.01424	-0.00834004	0.0142405	0.999864	-0.224642	-0.00230854	52.3235	
0.999964	2.34338e-06	0.00848256	0.000144623	0.99985	-0.0173251	-0.00848132	0.0173257	0.999814	-0.23174	0.0110115	53.1673	
0.999963	5.0088e-06	0.00862379	0.000171011	0.999792	-0.02041	-0.0086221	0.0204108	0.999755	-0.238957	0.0269351	54.011	
0.999962	8.10054e-06	0.00876459	0.000197832	0.999724	-0.0234949	-0.00876236	0.0234957	0.999686	-0.246292	0.0454623	54.8547	
0.99996	1.1616e-05	0.00890494	0.000225087	0.999647	-0.0265796	-0.0089021	0.0265806	0.999607	-0.253746	0.066593	55.6984	
0.999959	1.55524e-05	0.00904485	0.000252773	0.99956	-0.0296642	-0.00904133	0.0296653	0.999519	-0.261318	0.0903271	56.5419	
0.999958	1.99074e-05	0.00918432	0.000280889	0.999464	-0.0327486	-0.00918005	0.0327498	0.999421	-0.269007	0.116664	57.3854	
0.999957	2.46781e-05	0.00932336	0.000309433	0.999358	-0.0358328	-0.00931825	0.0358341	0.999314	-0.276813	0.145605	58.2288	
0.999955	2.98622e-05	0.00946195	0.000338404	0.999242	-0.0389167	-0.00945595	0.0389182	0.999198	-0.284735	0.177148	59.0722	
0.999954	3.54569e-05	0.00960011	0.000367799	0.999118	-0.0420004	-0.00959313	0.0420019	0.999071	-0.292773	0.211294	59.9154	
0.999953	4.14598e-05	0.00973783	0.000397619	0.998983	-0.0450837	-0.0097298	0.0450854	0.998936	-0.300927	0.248042	60.7585	
0.999951	4.78683e-05	0.00987512	0.00042786	0.998839	-0.0481667	-0.00986596	0.0481685	0.99879	-0.309195	0.287393	61.6014	
0.99995	5.468e-05	0.010012	0.000458521	0.998686	-0.0512493	-0.0100016	0.0512513	0.998636	-0.317579	0.329345	62.4443	
0.999949	6.18922e-05	0.0101484	0.000489601	0.998523	-0.0543314	-0.0101368	0.0543336	0.998471	-0.326077	0.373898	63.287	
0.999947	6.95027e-05	0.0102844	0.000521098	0.99835	-0.0574132	-0.0102714	0.0574155	0.998298	-0.334688	0.421053	64.1296	
0.999946	7.75088e-05	0.0104199	0.000553011	0.998168	-0.0604945	-0.0104055	0.060497	0.998114	-0.343413	0.470809	64.972	
0.999944	8.59082e-05	0.0105551	0.000585339	0.997977	-0.0635753	-0.0105392	0.0635779	0.997921	-0.352251	0.523165	65.8143	
0.999943	9.46984e-05	0.0106897	0.000618078	0.997776	-0.0666555	-0.0106723	0.0666583	0.997719	-0.361202	0.57812	66.6564	
0.999941	0.000103877	0.010824	0.000651229	0.997565	-0.0697352	-0.0108049	0.0697382	0.997507	-0.370265	0.635676	67.4983	
0.99994	0.000113442	0.0109579	0.000684789	0.997345	-0.0728143	-0.010937	0.0728174	0.997285	-0.379439	0.69583	68.3401	
0.999938	0.000123391	0.0110913	0.000718757	0.997116	-0.0758928	-0.0110686	0.0758961	0.997054	-0.388725	0.758582	69.1816	
0.999937	0.000133721	0.0112243	0.000753131	0.996877	-0.0789706	-0.0111998	0.078974	0.996814	-0.398121	0.823933	70.023	
0.999935	0.00014443	0.0113568	0.00078791	0.996628	-0.0820477	-0.0113304	0.0820513	0.996564	-0.407629	0.891881	70.8641	
0.999934	0.000155516	0.011489	0.000823093	0.99637	-0.0851241	-0.0114605	0.0851279	0.996304	-0.417246	0.962425	71.705	
0.999932	0.000175878	0.0117009	0.00106692	0.994352	-0.106123	-0.0116535	0.106128	0.994284	-0.426999	1.04313	72.545	
0.999929	0.000200708	0.0119124	0.00131477	0.991892	-0.127075	-0.0118413	0.127081	0.991822	-0.436914	1.14154	73.3831	
0.999926	0.000229993	0.0121233	0.00156653	0.988991	-0.14797	-0.0120238	0.147978	0.988918	-0.446985	1.25761	74.219	
0.999924	0.00026372	0.0123335	0.00182208	0.985649	-0.168799	-0.012201	0.168808	0.985573	-0.457207	1.39129	75.0522	
0.999921	0.000301876	0.0125429	0.00208131	0.981868	-0.189553	-0.0123727	0.189564	0.98179	-0.467577	1.54252	75.8824	
0.999919	0.000344442	0.0127516	0.00234411	0.977651	-0.210222	-0.012539	0.210235	0.97757	-0.478089	1.71123	76.7092	
0.999916	0.000391399	0.0129592	0.00261035	0.972998	-0.230798	-0.0126996	0.230812	0.972915	-0.48874	1.89735	77.5323	
0.999913	0.000442727	0.0131659	0.00287993	0.967912	-0.251271	-0.0128546	0.251287	0.967827	-0.499523	2.10079	78.3513	
0.99991	0.000498404	0.0133713	0.00315271	0.962396	-0.271632	-0.0130039	0.27165	0.962308	-0.510435	2.32146	79.1657	
0.999908	0.000558403	0.0135756	0.00342858	0.956451	-0.291872	-0.0131474	0.291892	0.956361	-0.521471	2.55926	79.9754	
0.999905	0.000622699	0.0137786	0.00370742	0.950081	-0.311983	-0.013285	0.312004	0.949988	-0.532625	2.8141	80.7798	
0.999902	0.000691262	0.0139802	0.0039891	0.943287	-0.331954	-0.0134168	0.331977	0.943192	-0.543892	3.08585	81.5787	
0.999899	0.000764063	0.0141802	0.0042735	0.936074	-0.351778	-0.0135425	0.351803	0.935976	-0.555269	3.37439	82.3717	
0.999896	0.000841069	0.0143787	0.00456048	0.928444	-0.371444	-0.0136622	0.371472	0.928344	-0.566749	3.67961	83.1584	
