1	0	0	0	1	0	0	0	1	0	0	0	
0.999991	4.47066e-06	-0.00417174	4.47066e-06	0.999998	0.00214329	0.00417174	-0.00214329	0.999989	0.00187097	-0.000961236	0.896966	
0.999965	1.78889e-05	-0.00834561	1.78827e-05	0.999991	0.00428619	0.00834561	-0.00428619	0.999956	0.00748482	-0.00384477	1.79391	
0.999922	4.02624e-05	-0.0125215	4.02376e-05	0.999979	0.00642863	0.0125215	-0.00642863	0.999901	0.0168434	-0.00865021	2.69082	
0.999861	7.15983e-05	-0.0166993	7.15361e-05	0.999963	0.00857055	0.0166993	-0.00857055	0.999824	0.0299485	-0.0153771	3.58767	
0.999782	0.000111903	-0.0208788	0.000111779	0.999943	0.0107119	0.0208788	-0.0107119	0.999725	0.0468017	-0.024025	4.48444	
0.999686	0.000161183	-0.02506	0.000160965	0.999917	0.0128526	0.02506	-0.0128526	0.999603	0.0674046	-0.0345933	5.38111	
0.999572	0.000219444	-0.0292427	0.000219096	0.999888	0.0149925	0.0292427	-0.0149925	0.99946	0.0917585	-0.0470815	6.27766	
0.999441	0.000286692	-0.0334268	0.000286169	0.999853	0.0171317	0.0334268	-0.0171317	0.999294	0.119865	-0.0614887	7.17407	
0.999292	0.000362931	-0.0376122	0.000362183	0.999814	0.0192701	0.0376122	-0.0192701	0.999107	0.151725	-0.0778144	8.07032	
0.999126	0.000448166	-0.0417987	0.000447137	0.999771	0.0214076	0.0417987	-0.0214076	0.998897	0.187339	-0.0960578	8.9664	
0.998942	0.0005424	-0.0459863	0.000541029	0.999723	0.0235441	0.0459863	-0.0235441	0.998665	0.22671	-0.116218	9.86228	
0.99874	0.000645638	-0.0501748	0.000643855	0.99967	0.0256796	0.0501748	-0.0256795	0.99841	0.269837	-0.138294	10.7579	
0.998521	0.000757882	-0.0543641	0.000755612	0.999613	0.027814	0.0543642	-0.0278139	0.998134	0.316721	-0.162285	11.6534	
0.998284	0.000879136	-0.0585541	0.000876297	0.999551	0.0299472	0.0585542	-0.0299472	0.997835	0.367363	-0.18819	12.5485	
0.998029	0.0010094	-0.0627447	0.00100591	0.999485	0.0320793	0.0627447	-0.0320792	0.997514	0.421764	-0.216008	13.4434	
0.997757	0.00114868	-0.0669357	0.00114444	0.999414	0.0342101	0.0669357	-0.0342099	0.997171	0.479924	-0.245738	14.338	
0.997466	0.00129697	-0.071127	0.00129188	0.999339	0.0363395	0.0711271	-0.0363394	0.996805	0.541843	-0.277378	15.2323	
0.997158	0.00145428	-0.0753185	0.00144823	0.999259	0.0384676	0.0753186	-0.0384674	0.996417	0.607522	-0.310928	16.1262	
0.996833	0.00162061	-0.07951	0.00161349	0.999174	0.0405942	0.0795102	-0.0405939	0.996007	0.67696	-0.346386	17.0198	
0.996489	0.00179595	-0.0837015	0.00178764	0.999086	0.0427193	0.0837017	-0.042719	0.995575	0.750159	-0.38375	17.913	
0.996128	0.00198031	-0.0878929	0.00197069	0.998992	0.0448428	0.0878931	-0.0448424	0.99512	0.827116	-0.42302	18.8058	
0.995749	0.00217368	-0.0920839	0.00216262	0.998894	0.0469647	0.0920842	-0.0469642	0.994643	0.907834	-0.464194	19.6981	
0.995352	0.00237607	-0.0962746	0.00236342	0.998792	0.0490849	0.0962749	-0.0490843	0.994144	0.99231	-0.507271	20.5901	
0.994937	0.00258747	-0.100465	0.00257309	0.998685	0.0512034	0.100465	-0.0512027	0.993622	1.08054	-0.552248	21.4816	
0.994505	0.00280788	-0.104654	0.00279163	0.998574	0.05332	0.104655	-0.0533192	0.993078	1.17254	-0.599125	22.3726	
0.994054	0.0030373	-0.108843	0.00301901	0.998458	0.0554348	0.108843	-0.0554338	0.992512	1.26829	-0.647899	23.2631	
0.993586	0.00327572	-0.113031	0.00325524	0.998337	0.0575476	0.113031	-0.0575464	0.991924	1.3678	-0.698569	24.1531	
0.9931	0.00352315	-0.117217	0.0035003	0.998213	0.0596584	0.117218	-0.059657	0.991313	1.47106	-0.751133	25.0425	
0.992596	0.00377957	-0.121403	0.00375419	0.998084	0.0617672	0.121404	-0.0617656	0.99068	1.57808	-0.805589	25.9314	
0.992074	0.00404499	-0.125587	0.00401689	0.99795	0.0638738	0.125588	-0.063872	0.990024	1.68885	-0.861936	26.8197	
0.991535	0.0043194	-0.12977	0.00428839	0.997812	0.0659783	0.129772	-0.0659763	0.989346	1.80338	-0.920171	27.7075	
0.990977	0.00460279	-0.133952	0.00456868	0.997669	0.0680805	0.133953	-0.0680782	0.988647	1.92165	-0.980292	28.5946	
0.990402	0.00489517	-0.138132	0.00485775	0.997522	0.0701805	0.138133	-0.0701779	0.987924	2.04368	-1.0423	29.481	
0.989808	0.00519652	-0.14231	0.00515559	0.997371	0.0722781	0.142312	-0.0722752	0.98718	2.16946	-1.10619	30.3668	
0.989197	0.00550683	-0.146486	0.00546218	0.997216	0.0743733	0.146488	-0.07437	0.986413	2.29898	-1.17195	31.252	
0.988568	0.00582611	-0.150661	0.00577752	0.997055	0.076466	0.150663	-0.0764623	0.985624	2.43225	-1.2396	32.1364	
0.987922	0.00615433	-0.154833	0.00610158	0.996891	0.0785562	0.154835	-0.0785521	0.984813	2.56926	-1.30912	33.0201	
0.987257	0.00649151	-0.159003	0.00643436	0.996722	0.0806438	0.159005	-0.0806392	0.983979	2.71001	-1.38052	33.9031	
0.986574	0.00683763	-0.163171	0.00677585	0.996549	0.0827288	0.163173	-0.0827237	0.983123	2.8545	-1.45378	34.7853	
0.985874	0.00719267	-0.167336	0.00712602	0.996372	0.0848111	0.167339	-0.0848054	0.982245	3.00273	-1.52892	35.6667	
0.985155	0.00755664	-0.171498	0.00748486	0.99619	0.0868906	0.171502	-0.0868844	0.981345	3.1547	-1.60592	36.5474	
0.984419	0.00792952	-0.175658	0.00785237	0.996004	0.0889673	0.175662	-0.0889604	0.980423	3.31039	-1.68478	37.4272	
0.983665	0.0083113	-0.179816	0.00822851	0.995813	0.0910411	0.179819	-0.0910336	0.979478	3.46982	-1.76551	38.3062	
0.982893	0.00870198	-0.18397	0.00861328	0.995618	0.093112	0.183974	-0.0931038	0.978512	3.63298	-1.84809	39.1843	
0.982104	0.00910154	-0.188121	0.00900666	0.995419	0.0951799	0.188125	-0.0951709	0.977523	3.79986	-1.93253	40.0616	
0.981296	0.00950997	-0.192269	0.00940864	0.995216	0.0972448	0.192274	-0.0972349	0.976512	3.97046	-2.01882	40.9379	
0.980471	0.00992727	-0.196414	0.00981919	0.995008	0.0993066	0.196419	-0.0992958	0.975479	4.14479	-2.10696	41.8134	
0.979628	0.0103534	-0.200555	0.0102383	0.994797	0.101365	0.200561	-0.101353	0.974424	4.32283	-2.19695	42.6879	
0.978767	0.0107884	-0.204693	0.010666	0.994581	0.103421	0.204699	-0.103408	0.973347	4.50458	-2.28878	43.5614	
0.977888	0.0112322	-0.208827	0.0111021	0.99436	0.105473	0.208834	-0.105459	0.972248	4.69004	-2.38246	44.434	
0.976992	0.0116848	-0.212957	0.0115468	0.994136	0.107522	0.212964	-0.107507	0.971127	4.87921	-2.47797	45.3056	
0.976077	0.0121463	-0.217083	0.012	0.993907	0.109567	0.217092	-0.109551	0.969984	5.07209	-2.57531	46.1761	
0.975146	0.0126165	-0.221206	0.0124616	0.993674	0.111609	0.221215	-0.111592	0.96882	5.26866	-2.67449	47.0457	
0.974196	0.0130955	-0.225324	0.0129317	0.993437	0.113648	0.225334	-0.113629	0.967633	5.46893	-2.7755	47.9141	
0.973228	0.0135832	-0.229438	0.0134102	0.993196	0.115682	0.229448	-0.115662	0.966424	5.6729	-2.87834	48.7815	
0.972243	0.0140797	-0.233548	0.0138971	0.99295	0.117714	0.233559	-0.117692	0.965194	5.88055	-2.98299	49.6478	
0.971241	0.0145849	-0.237653	0.0143925	0.992701	0.119742	0.237665	-0.119718	0.963941	6.09188	-3.08947	50.513	
0.97022	0.0150988	-0.241754	0.0148961	0.992447	0.121766	0.241767	-0.121741	0.962667	6.3069	-3.19776	51.3771	
0.969182	0.0156215	-0.24585	0.0154081	0.992189	0.123786	0.245863	-0.123759	0.961371	6.5256	-3.30786	52.24	
0.967364	0.0165261	-0.252851	0.0156077	0.99209	0.124554	0.252909	-0.124436	0.959454	6.74929	-3.41917	53.1014	
0.965494	0.017436	-0.259841	0.0158142	0.99199	0.125326	0.259945	-0.125111	0.957484	6.9793	-3.53109	53.9612	
0.963572	0.0183513	-0.266819	0.0160276	0.991888	0.126101	0.266969	-0.125784	0.955461	7.21561	-3.64361	54.8191	
0.961598	0.0192718	-0.273785	0.0162479	0.991785	0.126878	0.273981	-0.126454	0.953385	7.45822	-3.75674	55.6752	
0.959572	0.0201975	-0.280738	0.0164751	0.991681	0.127658	0.280981	-0.127122	0.951257	7.70712	-3.87047	56.5294	
0.957494	0.0211283	-0.287678	0.0167091	0.991577	0.12844	0.287968	-0.127787	0.949076	7.96228	-3.98479	57.3817	
0.955365	0.0220643	-0.294603	0.01695	0.991471	0.129223	0.294942	-0.128449	0.946842	8.22371	-4.09971	58.232	
0.953184	0.0230054	-0.301514	0.0171976	0.991364	0.130008	0.301901	-0.129107	0.944557	8.49139	-4.21522	59.0802	
0.950952	0.0239514	-0.308409	0.017452	0.991256	0.130794	0.308845	-0.129761	0.942219	8.7653	-4.33132	59.9264	
0.948669	0.0249025	-0.315289	0.0177131	0.991147	0.131581	0.315774	-0.130411	0.939829	9.04543	-4.448	60.7705	
0.946335	0.0258584	-0.322152	0.0179809	0.991038	0.132368	0.322688	-0.131057	0.937388	9.33177	-4.56527	61.6124	
0.94395	0.0268192	-0.328998	0.0182552	0.990927	0.133155	0.329585	-0.131698	0.934896	9.62431	-4.68311	62.4521	
0.941514	0.0277848	-0.335827	0.0185361	0.990816	0.133943	0.336464	-0.132334	0.932352	9.92302	-4.80152	63.2895	
0.939027	0.0287551	-0.342638	0.0188235	0.990704	0.13473	0.343326	-0.132965	0.929757	10.2279	-4.92051	64.1247	
0.936491	0.0297301	-0.349429	0.0191172	0.990591	0.135516	0.35017	-0.13359	0.927111	10.5389	-5.04005	64.9575	
0.933904	0.0307096	-0.356202	0.0194172	0.990477	0.136302	0.356996	-0.134209	0.924414	10.8561	-5.16016	65.7878	
0.931268	0.0316937	-0.362955	0.0197234	0.990363	0.137086	0.363802	-0.134823	0.921668	11.1793	-5.28081	66.6158	
0.928581	0.0326823	-0.369687	0.0200358	0.990248	0.137869	0.370588	-0.13543	0.918871	11.5087	-5.40202	67.4412	
0.925846	0.0336752	-0.376399	0.0203541	0.990132	0.13865	0.377353	-0.13603	0.916024	11.8442	-5.52376	68.2642	
0.923061	0.0346724	-0.383089	0.0206784	0.990016	0.139429	0.384098	-0.136623	0.913128	12.1857	-5.64605	69.0845	
0.920227	0.0356738	-0.389757	0.0210085	0.9899	0.140206	0.390822	-0.137209	0.910182	12.5332	-5.76886	69.9022	
0.911905	0.0384306	-0.408598	0.0176349	0.991017	0.132567	0.410022	-0.128094	0.903036	12.8924	-5.88784	70.7155	
0.903186	0.0409974	-0.427286	0.0141004	0.992058	0.124991	0.429017	-0.118915	0.895435	13.2687	-5.99863	71.5221	
0.894075	0.0433727	-0.445812	0.0104068	0.993021	0.117481	0.447796	-0.109676	0.887384	13.6619	-6.10115	72.3217	
0.884576	0.0455555	-0.464166	0.00655591	0.993905	0.11004	0.46635	-0.100382	0.878886	14.0719	-6.19537	73.1139	
0.874694	0.0475445	-0.482338	0.00254971	0.994712	0.102673	0.484669	-0.0910377	0.869947	14.4985	-6.28122	73.8982	
0.864434	0.0493389	-0.50032	-0.0016098	0.995439	0.0953836	0.502745	-0.0816474	0.860571	14.9413	-6.35867	74.6744	
0.8538	0.0509378	-0.518103	-0.00592054	0.996087	0.0881746	0.520567	-0.072216	0.850761	15.4003	-6.42768	75.4419	
0.842799	0.0523402	-0.535677	-0.0103803	0.996656	0.08105	0.538128	-0.0627483	0.840524	15.8751	-6.48821	76.2005	
0.831436	0.0535455	-0.553035	-0.0149869	0.997145	0.0740134	0.555419	-0.0532491	0.829864	16.3656	-6.54023	76.9496	
0.819716	0.0545532	-0.570166	-0.019738	0.997553	0.0670684	0.57243	-0.0437231	0.818787	16.8714	-6.58373	77.6891	
0.807646	0.0553627	-0.587063	-0.0246312	0.997881	0.0602185	0.589153	-0.0341751	0.807298	17.3924	-6.61866	78.4184	
0.795231	0.0559735	-0.603717	-0.0296641	0.998129	0.053467	0.60558	-0.0246099	0.795404	17.9282	-6.64503	79.1372	
0.782478	0.0563854	-0.62012	-0.0348341	0.998296	0.0468175	0.621703	-0.0150324	0.783109	18.4787	-6.66281	79.8452	
0.769393	0.0565982	-0.636263	-0.0401386	0.998382	0.0402732	0.637513	-0.00544725	0.770421	19.0434	-6.67199	80.5419	
0.755983	0.0566118	-0.652138	-0.0455749	0.998388	0.0338374	0.653002	0.0041406	0.757345	19.6222	-6.67258	81.2271	
0.742255	0.0564262	-0.667738	-0.0511404	0.998312	0.0275134	0.668163	0.0137264	0.743888	20.2148	-6.66457	81.9004	
0.728215	0.0560414	-0.683054	-0.0568321	0.998156	0.0213044	0.682988	0.0233052	0.730057	20.8208	-6.64796	82.5615	
0.71387	0.0554576	-0.698078	-0.0626474	0.99792	0.0152134	0.69747	0.0328724	0.71586	21.4399	-6.62276	83.21	
0.699228	0.0546752	-0.712804	-0.0685831	0.997603	0.00924356	0.711601	0.042423	0.701302	22.0719	-6.58899	83.8456	
