1	0	0	0	1	0	0	0	1	0	0	0	
1	-3.98509e-07	-0.000754425	-3.98509e-07	0.999999	-0.00105646	0.000754425	0.00105646	0.999999	0.000334348	0.000468203	0.886363	
0.999999	-1.60086e-06	-0.00151199	-1.60121e-06	0.999998	-0.00211778	0.00151199	0.00211778	0.999997	0.00133878	0.00187497	1.77273	
0.999997	-3.61732e-06	-0.00227267	-3.61873e-06	0.999995	-0.00318393	0.00227267	0.00318393	0.999992	0.00301608	0.00422459	2.65908	
0.999995	-6.45808e-06	-0.00303643	-6.4616e-06	0.999991	-0.00425486	0.00303643	0.00425486	0.999986	0.00536898	0.00752132	3.54544	
0.999993	-1.01332e-05	-0.00380324	-1.01403e-05	0.999986	-0.00533053	0.00380324	0.00533053	0.999979	0.0084002	0.0117694	4.43179	
0.99999	-1.46527e-05	-0.00457306	-1.46652e-05	0.999979	-0.00641091	0.00457306	0.00641091	0.999969	0.0121124	0.016973	5.31813	
0.999986	-2.00266e-05	-0.00534587	-2.00466e-05	0.999972	-0.00749595	0.00534587	0.00749595	0.999958	0.0165083	0.0231363	6.20446	
0.999981	-2.62646e-05	-0.00612163	-2.62947e-05	0.999963	-0.0085856	0.00612163	0.0085856	0.999944	0.0215905	0.0302633	7.09078	
0.999976	-3.33765e-05	-0.0069003	-3.34197e-05	0.999953	-0.00967984	0.0069003	0.00967984	0.999929	0.0273616	0.0383582	7.97709	
0.99997	-4.13719e-05	-0.00768186	-4.14316e-05	0.999942	-0.0107786	0.00768186	0.0107786	0.999912	0.0338241	0.047425	8.86338	
0.999964	-5.02603e-05	-0.00846628	-5.03403e-05	0.999929	-0.0118819	0.00846628	0.0118819	0.999894	0.0409807	0.0574677	9.74966	
0.999957	-6.00513e-05	-0.00925352	-6.01557e-05	0.999916	-0.0129896	0.00925351	0.0129896	0.999873	0.0488338	0.0684903	10.6359	
0.99995	-7.07542e-05	-0.0100435	-7.08875e-05	0.999901	-0.0141017	0.0100435	0.0141017	0.99985	0.0573859	0.0804967	11.5222	
0.999941	-8.23782e-05	-0.0108363	-8.25455e-05	0.999884	-0.0152182	0.0108363	0.0152182	0.999825	0.0666395	0.0934908	12.4084	
0.999932	-9.49325e-05	-0.0116318	-9.51392e-05	0.999867	-0.016339	0.0116318	0.016339	0.999799	0.0765969	0.107476	13.2946	
0.999923	-0.000108426	-0.01243	-0.000108678	0.999847	-0.0174641	0.01243	0.0174641	0.99977	0.0872607	0.122457	14.1807	
0.999912	-0.000122868	-0.0132309	-0.000123172	0.999827	-0.0185935	0.0132309	0.0185935	0.99974	0.0986331	0.138437	15.0669	
0.999902	-0.000138267	-0.0140343	-0.000138629	0.999805	-0.019727	0.0140343	0.019727	0.999707	0.110717	0.15542	15.953	
0.99989	-0.000154632	-0.0148404	-0.000155059	0.999782	-0.0208647	0.0148404	0.0208647	0.999672	0.123513	0.17341	16.8391	
0.999878	-0.000171971	-0.015649	-0.000172471	0.999758	-0.0220065	0.015649	0.0220065	0.999635	0.137026	0.19241	17.7252	
0.999865	-0.000190293	-0.0164602	-0.000190875	0.999732	-0.0231523	0.0164601	0.0231523	0.999596	0.151256	0.212423	18.6112	
0.999851	-0.000209607	-0.0172738	-0.000210278	0.999705	-0.0243022	0.0172738	0.0243022	0.999555	0.166206	0.233454	19.4972	
0.999836	-0.00022992	-0.0180899	-0.00023069	0.999676	-0.0254561	0.0180899	0.0254561	0.999512	0.181879	0.255506	20.3831	
0.999821	-0.00025124	-0.0189084	-0.000252119	0.999646	-0.0266139	0.0189084	0.0266139	0.999467	0.198276	0.278583	21.269	
0.999805	-0.000273577	-0.0197293	-0.000274574	0.999614	-0.0277755	0.0197293	0.0277756	0.999419	0.215399	0.302687	22.1549	
0.999789	-0.000296937	-0.0205525	-0.000298063	0.999581	-0.0289411	0.0205525	0.0289411	0.99937	0.233251	0.327823	23.0407	
0.999771	-0.000321329	-0.0213781	-0.000322594	0.999547	-0.0301104	0.0213781	0.0301104	0.999318	0.251834	0.353993	23.9265	
0.999753	-0.00034676	-0.022206	-0.000348176	0.99951	-0.0312835	0.022206	0.0312835	0.999264	0.27115	0.381202	24.8122	
0.999735	-0.000373238	-0.0230361	-0.000374816	0.999473	-0.0324603	0.0230361	0.0324603	0.999208	0.2912	0.409452	25.6979	
0.999715	-0.00040077	-0.0238685	-0.000402523	0.999434	-0.0336407	0.0238684	0.0336407	0.999149	0.311988	0.438747	26.5836	
0.999695	-0.000429363	-0.024703	-0.000431305	0.999393	-0.0348248	0.0247029	0.0348248	0.999088	0.333514	0.469089	27.4692	
0.999674	-0.000459025	-0.0255397	-0.000461168	0.999351	-0.0360124	0.0255396	0.0360125	0.999025	0.35578	0.500483	28.3547	
0.999652	-0.000489763	-0.0263785	-0.000492121	0.999308	-0.0372036	0.0263784	0.0372036	0.998959	0.378789	0.532931	29.2402	
0.999629	-0.000521584	-0.0272193	-0.000524171	0.999262	-0.0383983	0.0272193	0.0383983	0.998892	0.402543	0.566437	30.1256	
0.999606	-0.000554493	-0.0280623	-0.000557326	0.999216	-0.0395964	0.0280622	0.0395964	0.998822	0.427043	0.601003	31.0109	
0.999582	-0.000588499	-0.0289072	-0.000591591	0.999167	-0.0407979	0.0289072	0.0407979	0.998749	0.45229	0.636632	31.8962	
0.999557	-0.000623608	-0.0297542	-0.000626976	0.999117	-0.0420027	0.0297541	0.0420028	0.998674	0.478288	0.673328	32.7814	
0.999531	-0.000659825	-0.030603	-0.000663485	0.999066	-0.0432108	0.030603	0.0432109	0.998597	0.505037	0.711093	33.6666	
0.999505	-0.000697158	-0.0314538	-0.000701127	0.999013	-0.0444222	0.0314537	0.0444223	0.998518	0.53254	0.74993	34.5517	
0.999478	-0.000735612	-0.0323065	-0.000739908	0.998958	-0.0456368	0.0323064	0.0456369	0.998436	0.560797	0.789843	35.4367	
0.99945	-0.000775193	-0.033161	-0.000779834	0.998901	-0.0468546	0.0331609	0.0468547	0.998351	0.589811	0.830833	36.3216	
0.999421	-0.000815907	-0.0340173	-0.000820912	0.998843	-0.0480755	0.0340172	0.0480756	0.998264	0.619583	0.872905	37.2065	
0.999391	-0.00085776	-0.0348754	-0.000863147	0.998784	-0.0492994	0.0348753	0.0492995	0.998175	0.650115	0.91606	38.0913	
0.999361	-0.000900758	-0.0357353	-0.000906547	0.998722	-0.0505264	0.0357351	0.0505265	0.998083	0.681408	0.960301	38.976	
0.99933	-0.000944905	-0.0365968	-0.000951116	0.998659	-0.0517563	0.0365967	0.0517565	0.997989	0.713464	1.00563	39.8606	
0.999298	-0.000990208	-0.03746	-0.000996861	0.998595	-0.0529892	0.0374599	0.0529893	0.997892	0.746285	1.05205	40.7451	
0.999265	-0.00103667	-0.0383249	-0.00104379	0.998528	-0.054225	0.0383247	0.0542251	0.997793	0.779871	1.09957	41.6296	
0.999231	-0.0010843	-0.0391913	-0.0010919	0.99846	-0.0554635	0.0391911	0.0554637	0.997691	0.814225	1.14818	42.5139	
0.999197	-0.0011331	-0.0400594	-0.00114121	0.99839	-0.0567049	0.0400591	0.0567051	0.997587	0.849347	1.19789	43.3982	
0.999161	-0.00118307	-0.0409289	-0.00119171	0.998319	-0.057949	0.0409287	0.0579492	0.99748	0.885239	1.2487	44.2824	
0.999125	-0.00123422	-0.0418	-0.00124342	0.998246	-0.0591958	0.0417997	0.059196	0.997371	0.921903	1.30062	45.1665	
0.999088	-0.00128655	-0.0426725	-0.00129633	0.998171	-0.0604453	0.0426722	0.0604455	0.997259	0.959339	1.35364	46.0505	
0.999051	-0.00134008	-0.0435464	-0.00135046	0.998094	-0.0616973	0.0435461	0.0616975	0.997144	0.99755	1.40777	46.9343	
0.999012	-0.00139479	-0.0444218	-0.0014058	0.998016	-0.0629519	0.0444214	0.0629521	0.997027	1.03654	1.46302	47.8181	
0.998972	-0.0014507	-0.0452984	-0.00146236	0.997935	-0.064209	0.0452981	0.0642092	0.996908	1.0763	1.51937	48.7018	
0.998932	-0.00150781	-0.0461765	-0.00152015	0.997853	-0.0654685	0.0461761	0.0654688	0.996786	1.11684	1.57684	49.5854	
0.998891	-0.00156612	-0.0470558	-0.00157917	0.99777	-0.0667305	0.0470553	0.0667308	0.996661	1.15816	1.63543	50.4688	
0.998849	-0.00162564	-0.0479363	-0.00163943	0.997684	-0.0679948	0.0479359	0.0679951	0.996533	1.20025	1.69514	51.3522	
0.998806	-0.00168637	-0.0488181	-0.00170092	0.997597	-0.0692614	0.0488176	0.0692617	0.996403	1.24313	1.75597	52.2354	
0.998754	-0.00176233	-0.0498761	-0.00192432	0.997273	-0.0737716	0.0498702	0.0737757	0.996027	1.28687	1.81936	53.1184	
0.9987	-0.00184329	-0.0509365	-0.00215259	0.996929	-0.0782823	0.0509243	0.0782902	0.995629	1.33154	1.88675	54.0011	
0.998645	-0.00192926	-0.0519989	-0.00238575	0.996564	-0.0827931	0.0519799	0.082805	0.995209	1.37715	1.95815	54.8834	
0.998589	-0.00202025	-0.0530632	-0.0026238	0.996178	-0.0873038	0.0530368	0.0873199	0.994767	1.42369	2.03355	55.7653	
0.998532	-0.00211627	-0.0541293	-0.00286673	0.995772	-0.0918142	0.0540947	0.0918346	0.994304	1.47117	2.11294	56.6468	
0.998473	-0.00221732	-0.0551969	-0.00311455	0.995345	-0.0963242	0.0551535	0.096349	0.993818	1.51958	2.19634	57.5279	
0.998413	-0.00232341	-0.0562659	-0.00336726	0.994898	-0.100833	0.0562131	0.100863	0.993311	1.56894	2.28374	58.4086	
0.998352	-0.00243454	-0.057336	-0.00362486	0.994429	-0.105342	0.0572731	0.105376	0.992782	1.61923	2.37515	59.2888	
0.99829	-0.0025507	-0.0584072	-0.00388735	0.993941	-0.109849	0.0583335	0.109888	0.992231	1.67047	2.47055	60.1685	
0.998226	-0.00267189	-0.0594792	-0.00415472	0.993431	-0.114354	0.059394	0.114398	0.991658	1.72264	2.56995	61.0477	
0.998161	-0.0027981	-0.0605518	-0.00442697	0.992901	-0.118858	0.0604545	0.118908	0.991063	1.77576	2.67334	61.9265	
0.998095	-0.00292933	-0.0616248	-0.00470409	0.992351	-0.12336	0.0615148	0.123415	0.990447	1.82981	2.78074	62.8046	
0.998028	-0.00306556	-0.0626982	-0.00498608	0.99178	-0.12786	0.0625747	0.127921	0.989808	1.88481	2.89212	63.6822	
0.997959	-0.00320677	-0.0637716	-0.00527292	0.991188	-0.132358	0.0636341	0.132424	0.989148	1.94074	3.0075	64.5593	
0.99789	-0.00335296	-0.0648449	-0.00556461	0.990576	-0.136853	0.0646926	0.136925	0.988467	1.99761	3.12688	65.4357	
0.997819	-0.0035041	-0.065918	-0.00586114	0.989943	-0.141346	0.0657503	0.141424	0.987763	2.05542	3.25024	66.3116	
0.997747	-0.00366016	-0.0669905	-0.00616249	0.98929	-0.145835	0.0668068	0.145919	0.987038	2.11417	3.37758	67.1868	
0.997674	-0.00382114	-0.0680625	-0.00646865	0.988616	-0.150321	0.0678621	0.150412	0.986292	2.17385	3.50891	68.0613	
0.997599	-0.00398699	-0.0691337	-0.00677961	0.987922	-0.154804	0.0689159	0.154901	0.985523	2.23447	3.64422	68.9352	
0.997524	-0.0041577	-0.0702038	-0.00709535	0.987207	-0.159283	0.069968	0.159387	0.984734	2.29602	3.78351	69.8084	
0.997447	-0.00433323	-0.0712728	-0.00741585	0.986473	-0.163759	0.0710183	0.163869	0.983922	2.3585	3.92677	70.6808	
0.99737	-0.00451355	-0.0723404	-0.0077411	0.985717	-0.16823	0.0720665	0.168347	0.98309	2.42192	4.074	71.5526	
0.997275	-0.00474753	-0.0736213	-0.00934763	0.981753	-0.189932	0.0731796	0.190103	0.979033	2.48629	4.23286	72.4222	
0.997179	-0.00500986	-0.0748965	-0.0109784	0.977308	-0.21154	0.0742567	0.211765	0.974495	2.55163	4.41097	73.288	
0.997081	-0.0053004	-0.0761654	-0.0126326	0.972385	-0.233042	0.0752973	0.233324	0.969479	2.61792	4.60824	74.1496	
0.996982	-0.00561901	-0.0774275	-0.0143094	0.966986	-0.254427	0.076301	0.254767	0.963987	2.6851	4.82456	75.0065	
0.996882	-0.00596554	-0.0786822	-0.0160079	0.961114	-0.275686	0.0772672	0.276086	0.958022	2.75317	5.05983	75.8583	
0.99678	-0.00633981	-0.0799287	-0.0177275	0.954773	-0.296808	0.0781954	0.297269	0.951586	2.82207	5.31394	76.7046	
0.996678	-0.00674164	-0.0811665	-0.0194671	0.947964	-0.317782	0.0790853	0.318306	0.944683	2.89177	5.58677	77.5451	
0.996574	-0.00717083	-0.082395	-0.021226	0.940692	-0.338598	0.0799364	0.339187	0.937316	2.96225	5.87817	78.3792	
0.996469	-0.00762717	-0.0836136	-0.0230033	0.932959	-0.359247	0.0807481	0.359902	0.929489	3.03347	6.188	79.2065	
0.996363	-0.00811045	-0.0848217	-0.0247981	0.92477	-0.379717	0.0815203	0.380439	0.921206	3.10538	6.51612	80.0268	
0.996256	-0.00862041	-0.0860187	-0.0266096	0.916129	-0.399999	0.0822524	0.40079	0.91247	3.17797	6.86236	80.8395	
0.996148	-0.00915681	-0.087204	-0.0284368	0.90704	-0.420082	0.0829441	0.420944	0.903286	3.25118	7.22656	81.6442	
0.99604	-0.00971939	-0.088377	-0.0302788	0.897508	-0.439958	0.0835951	0.440891	0.893659	3.32499	7.60852	82.4406	
0.99593	-0.0103079	-0.0895371	-0.0321348	0.887536	-0.459616	0.0842051	0.460622	0.883593	3.39936	8.00807	83.2283	
0.99582	-0.010922	-0.0906838	-0.0340038	0.877131	-0.479046	0.0847737	0.480127	0.873093	3.47425	8.42501	84.0069	
0.995709	-0.0115614	-0.0918165	-0.035885	0.866297	-0.498239	0.0853007	0.499396	0.862164	3.54963	8.85914	84.7759	
0.995597	-0.0122258	-0.0929347	-0.0377773	0.855039	-0.517186	0.0857858	0.51842	0.850812	3.62546	9.31023	85.5351	
0.995485	-0.0129148	-0.0940378	-0.03968	0.843363	-0.535877	0.0862288	0.537189	0.839043	3.70169	9.77808	86.2841	
