1	0	0	0	1	0	0	0	1	0	0	0	
0.999996	-2.1464e-06	0.00281297	-2.1464e-06	0.999999	0.00152607	-0.00281297	-0.00152607	0.999995	-0.00114721	-0.000622375	0.815655	
0.999984	-8.59875e-06	0.00562942	-8.60368e-06	0.999995	0.00305578	-0.00562942	-0.00305578	0.999979	-0.00459026	-0.00249098	1.6313	
0.999964	-1.93777e-05	0.00844925	-1.93975e-05	0.999989	0.00458908	-0.00844925	-0.00458908	0.999954	-0.0103319	-0.00560878	2.44693	
0.999936	-3.45036e-05	0.0112724	-3.45531e-05	0.999981	0.00612594	-0.0112724	-0.00612594	0.999918	-0.018375	-0.00997867	3.26254	
0.999901	-5.39965e-05	0.0140987	-5.40956e-05	0.999971	0.00766631	-0.0140987	-0.00766631	0.999871	-0.0287221	-0.0156035	4.07811	
0.999857	-7.7876e-05	0.0169282	-7.80497e-05	0.999958	0.00921015	-0.0169282	-0.00921015	0.999814	-0.0413757	-0.0224862	4.89364	
0.999805	-0.000106161	0.0197607	-0.00010644	0.999942	0.0107574	-0.0197607	-0.0107574	0.999747	-0.0563385	-0.0306296	5.70912	
0.999745	-0.000138872	0.0225962	-0.00013929	0.999924	0.0123081	-0.0225962	-0.0123081	0.999669	-0.0736129	-0.0400364	6.52453	
0.999676	-0.000176026	0.0254345	-0.000176623	0.999904	0.0138621	-0.0254345	-0.0138621	0.99958	-0.0932012	-0.0507093	7.33989	
0.9996	-0.000217641	0.0282757	-0.000218464	0.999881	0.0154194	-0.0282757	-0.0154194	0.999481	-0.115106	-0.0626511	8.15516	
0.999516	-0.000263737	0.0311195	-0.000264836	0.999856	0.0169799	-0.0311195	-0.0169799	0.999371	-0.139329	-0.0758645	8.97035	
0.999423	-0.00031433	0.0339659	-0.00031576	0.999828	0.0185437	-0.0339659	-0.0185437	0.999251	-0.165872	-0.090352	9.78544	
0.999322	-0.000369437	0.0368149	-0.00037126	0.999798	0.0201106	-0.0368149	-0.0201107	0.99912	-0.194739	-0.106116	10.6004	
0.999213	-0.000429076	0.0396663	-0.000431357	0.999765	0.0216807	-0.0396663	-0.0216807	0.998978	-0.22593	-0.12316	11.4153	
0.999095	-0.000493263	0.0425201	-0.000496074	0.999729	0.0232538	-0.04252	-0.0232539	0.998825	-0.259448	-0.141486	12.2301	
0.99897	-0.000562014	0.0453761	-0.000565432	0.999692	0.02483	-0.0453761	-0.0248301	0.998661	-0.295295	-0.161096	13.0447	
0.998836	-0.000635345	0.0482343	-0.000639452	0.999651	0.0264092	-0.0482343	-0.0264093	0.998487	-0.333472	-0.181993	13.8592	
0.998694	-0.000713272	0.0510946	-0.000718155	0.999608	0.0279914	-0.0510946	-0.0279915	0.998301	-0.373981	-0.204179	14.6736	
0.998543	-0.00079581	0.0539569	-0.000801562	0.999562	0.0295764	-0.0539569	-0.0295766	0.998105	-0.416824	-0.227657	15.4877	
0.998384	-0.000882973	0.0568212	-0.000889692	0.999514	0.0311644	-0.0568211	-0.0311646	0.997898	-0.462002	-0.252429	16.3018	
0.998217	-0.000974776	0.0596873	-0.000982565	0.999463	0.0327551	-0.0596872	-0.0327554	0.99768	-0.509517	-0.278497	17.1156	
0.998041	-0.00107123	0.0625551	-0.0010802	0.999409	0.0343487	-0.062555	-0.0343489	0.99745	-0.559371	-0.305864	17.9293	
0.997857	-0.00117236	0.0654247	-0.00118262	0.999353	0.0359449	-0.0654245	-0.0359453	0.99721	-0.611565	-0.334532	18.7428	
0.997664	-0.00127817	0.0682958	-0.00128984	0.999294	0.0375439	-0.0682956	-0.0375443	0.996958	-0.6661	-0.364503	19.5561	
0.997463	-0.00138867	0.0711684	-0.00140188	0.999233	0.0391455	-0.0711681	-0.039146	0.996696	-0.722977	-0.39578	20.3691	
0.997254	-0.00150387	0.0740424	-0.00151875	0.999168	0.0407497	-0.0740421	-0.0407502	0.996422	-0.782198	-0.428364	21.182	
0.997036	-0.0016238	0.0769178	-0.00164048	0.999101	0.0423564	-0.0769174	-0.0423571	0.996137	-0.843764	-0.462257	21.9946	
0.99681	-0.00174846	0.0797943	-0.00176708	0.999031	0.0439657	-0.0797939	-0.0439665	0.995841	-0.907675	-0.497463	22.807	
0.996575	-0.00187786	0.0826721	-0.00189858	0.998959	0.0455774	-0.0826716	-0.0455783	0.995534	-0.973933	-0.533981	23.6191	
0.996332	-0.00201202	0.0855509	-0.00203498	0.998884	0.0471916	-0.0855504	-0.0471926	0.995216	-1.04254	-0.571816	24.431	
0.99608	-0.00215094	0.0884308	-0.0021763	0.998806	0.0488081	-0.0884301	-0.0488093	0.994886	-1.11349	-0.610968	25.2426	
0.99582	-0.00229464	0.0913115	-0.00232256	0.998725	0.050427	-0.0913108	-0.0504283	0.994545	-1.1868	-0.65144	26.054	
0.995551	-0.00244312	0.094193	-0.00247377	0.998642	0.0520481	-0.0941922	-0.0520496	0.994192	-1.26245	-0.693234	26.865	
0.995274	-0.0025964	0.0970753	-0.00262996	0.998555	0.0536715	-0.0970744	-0.0536732	0.993829	-1.34045	-0.73635	27.6758	
0.994988	-0.00275449	0.0999582	-0.00279113	0.998466	0.0552971	-0.0999572	-0.0552989	0.993454	-1.42081	-0.780792	28.4863	
0.994693	-0.00291739	0.102842	-0.0029573	0.998374	0.0569248	-0.102841	-0.0569269	0.993068	-1.50352	-0.826561	29.2964	
0.994391	-0.00308511	0.105726	-0.00312848	0.998279	0.0585547	-0.105724	-0.058557	0.99267	-1.58857	-0.873659	30.1063	
0.994079	-0.00325766	0.10861	-0.00330469	0.998182	0.0601865	-0.108609	-0.0601891	0.992261	-1.67599	-0.922087	30.9158	
0.993759	-0.00343506	0.111495	-0.00348595	0.998081	0.0618204	-0.111493	-0.0618233	0.99184	-1.76575	-0.971847	31.725	
0.993431	-0.0036173	0.11438	-0.00367225	0.997978	0.0634563	-0.114378	-0.0634595	0.991408	-1.85787	-1.02294	32.5338	
0.993093	-0.0038044	0.117265	-0.00386363	0.997872	0.0650941	-0.117263	-0.0650976	0.990965	-1.95234	-1.07537	33.3423	
0.992748	-0.00399636	0.12015	-0.00406008	0.997763	0.0667337	-0.120148	-0.0667376	0.99051	-2.04916	-1.12914	34.1504	
0.992393	-0.00419319	0.123035	-0.00426163	0.997651	0.0683752	-0.123033	-0.0683794	0.990044	-2.14834	-1.18424	34.9581	
0.992031	-0.00439489	0.12592	-0.00446828	0.997536	0.0700184	-0.125918	-0.0700231	0.989566	-2.24986	-1.24069	35.7654	
0.991659	-0.00460148	0.128805	-0.00468005	0.997418	0.0716634	-0.128802	-0.0716685	0.989077	-2.35375	-1.29847	36.5724	
0.991279	-0.00481295	0.13169	-0.00489694	0.997297	0.0733101	-0.131686	-0.0733157	0.988576	-2.45998	-1.3576	37.3789	
0.990891	-0.00502931	0.134574	-0.00511897	0.997174	0.0749584	-0.13457	-0.0749645	0.988064	-2.56857	-1.41807	38.1851	
0.990494	-0.00525057	0.137458	-0.00534615	0.997047	0.0766083	-0.137454	-0.0766149	0.987541	-2.67951	-1.47989	38.9908	
0.990088	-0.00547673	0.140341	-0.00557848	0.996917	0.0782598	-0.140337	-0.078267	0.987006	-2.7928	-1.54306	39.796	
0.989674	-0.0057078	0.143224	-0.00581599	0.996785	0.0799127	-0.143219	-0.0799205	0.986459	-2.90844	-1.60757	40.6009	
0.989251	-0.00594378	0.146106	-0.00605866	0.996649	0.0815671	-0.146101	-0.0815756	0.985901	-3.02643	-1.67343	41.4053	
0.98882	-0.00618467	0.148987	-0.00630653	0.996511	0.0832229	-0.148982	-0.0832321	0.985331	-3.14678	-1.74065	42.2092	
0.98838	-0.00643047	0.151867	-0.00655959	0.99637	0.0848801	-0.151862	-0.0848899	0.98475	-3.26947	-1.80921	43.0126	
0.987932	-0.0066812	0.154747	-0.00681785	0.996225	0.0865385	-0.154741	-0.0865492	0.984157	-3.39451	-1.87913	43.8156	
0.987475	-0.00693684	0.157625	-0.00708132	0.996078	0.0881983	-0.157619	-0.0882098	0.983552	-3.5219	-1.9504	44.6181	
0.987009	-0.00719741	0.160502	-0.00735001	0.995927	0.0898592	-0.160495	-0.0898716	0.982937	-3.65164	-2.02303	45.4201	
0.986738	-0.00735203	0.162153	-0.00806272	0.995521	0.0942007	-0.162119	-0.0942588	0.982259	-3.78321	-2.09812	46.2216	
0.986463	-0.00751479	0.16381	-0.0087835	0.995094	0.0985445	-0.163746	-0.0986493	0.981558	-3.9161	-2.17679	47.0225	
0.986184	-0.00768574	0.165473	-0.00951236	0.994647	0.10289	-0.165378	-0.103043	0.980832	-4.05033	-2.25905	47.8228	
0.985901	-0.00786492	0.167142	-0.0102493	0.994181	0.107238	-0.167013	-0.107439	0.980083	-4.18589	-2.34489	48.6225	
0.985614	-0.00805238	0.168817	-0.0109943	0.993694	0.111587	-0.168651	-0.111837	0.979311	-4.32278	-2.43432	49.4216	
0.985324	-0.00824814	0.170498	-0.0117474	0.993187	0.115937	-0.170292	-0.116238	0.978514	-4.46101	-2.52733	50.2201	
0.985029	-0.00845226	0.172183	-0.0125085	0.99266	0.120287	-0.171936	-0.12064	0.977693	-4.60058	-2.62394	51.0179	
0.98473	-0.00866475	0.173874	-0.0132777	0.992113	0.124639	-0.173582	-0.125044	0.976849	-4.7415	-2.72414	51.815	
0.984427	-0.00888563	0.175569	-0.014055	0.991546	0.12899	-0.175231	-0.129449	0.97598	-4.88375	-2.82793	52.6114	
0.98412	-0.00911494	0.177268	-0.0148403	0.990959	0.133341	-0.176881	-0.133855	0.975088	-5.02735	-2.93531	53.4071	
0.98381	-0.00935268	0.178971	-0.0156336	0.990352	0.137692	-0.178532	-0.138261	0.974172	-5.1723	-3.04629	54.2021	
0.983496	-0.00959887	0.180677	-0.0164349	0.989724	0.142043	-0.180184	-0.142668	0.973232	-5.3186	-3.16086	54.9963	
0.983177	-0.00985352	0.182387	-0.0172442	0.989076	0.146392	-0.181837	-0.147074	0.972268	-5.46624	-3.27902	55.7897	
0.982855	-0.0101166	0.1841	-0.0180615	0.988409	0.15074	-0.183491	-0.15148	0.97128	-5.61523	-3.40078	56.5823	
0.98253	-0.0103882	0.185816	-0.0188867	0.98772	0.155086	-0.185145	-0.155886	0.970268	-5.76557	-3.52613	57.3742	
0.9822	-0.0106682	0.187533	-0.0197198	0.987012	0.15943	-0.186799	-0.16029	0.969233	-5.91726	-3.65508	58.1651	
0.981867	-0.0109567	0.189253	-0.0205608	0.986284	0.163772	-0.188452	-0.164694	0.968174	-6.0703	-3.78762	58.9553	
0.98153	-0.0112536	0.190975	-0.0214097	0.985535	0.168112	-0.190104	-0.169096	0.967092	-6.22469	-3.92375	59.7445	
0.98119	-0.011559	0.192698	-0.0222664	0.984767	0.172449	-0.191756	-0.173496	0.965986	-6.38042	-4.06347	60.5329	
0.980846	-0.0118727	0.194422	-0.023131	0.983978	0.176783	-0.193406	-0.177894	0.964856	-6.5375	-4.20677	61.3203	
0.980499	-0.0121949	0.196146	-0.0240032	0.983169	0.181113	-0.195054	-0.18229	0.963704	-6.69592	-4.35367	62.1069	
0.980148	-0.0125253	0.197872	-0.0248833	0.98234	0.18544	-0.1967	-0.186683	0.962527	-6.85569	-4.50414	62.8924	
0.979794	-0.0128641	0.199597	-0.025771	0.981492	0.189764	-0.198344	-0.191073	0.961328	-7.0168	-4.6582	63.677	
0.979436	-0.0132112	0.201322	-0.0266663	0.980623	0.194082	-0.199985	-0.19546	0.960105	-7.17925	-4.81584	64.4607	
0.979075	-0.0135665	0.203047	-0.0275693	0.979734	0.198397	-0.201624	-0.199843	0.958859	-7.34304	-4.97706	65.2433	
0.978711	-0.01393	0.204771	-0.0284798	0.978825	0.202707	-0.203259	-0.204223	0.95759	-7.50816	-5.14185	66.0249	
0.978343	-0.0143016	0.206494	-0.0293978	0.977897	0.207011	-0.204891	-0.208599	0.956298	-7.67462	-5.31021	66.8054	
0.977973	-0.0146814	0.208216	-0.0303233	0.976948	0.211311	-0.206518	-0.21297	0.954984	-7.8424	-5.48214	67.5849	
0.977599	-0.0150691	0.209936	-0.0312562	0.97598	0.215605	-0.208142	-0.217337	0.953646	-8.01151	-5.65763	68.3633	
0.977222	-0.0154649	0.211654	-0.0321964	0.974993	0.219893	-0.209761	-0.221699	0.952287	-8.18195	-5.83668	69.1406	
0.976843	-0.0158685	0.213369	-0.0331439	0.973985	0.224175	-0.211376	-0.226056	0.950904	-8.3537	-6.01929	69.9167	
0.97646	-0.01628	0.215083	-0.0340987	0.972958	0.228451	-0.212985	-0.230407	0.9495	-8.52677	-6.20545	70.6918	
0.97807	-0.0144333	0.207776	-0.0380423	0.968434	0.24635	-0.204773	-0.248852	0.946647	-8.69715	-6.40091	71.4651	
0.979616	-0.0124448	0.200493	-0.04183	0.963563	0.264192	-0.196475	-0.267193	0.943401	-8.86079	-6.61138	72.2359	
0.981098	-0.0103153	0.193237	-0.0454603	0.958346	0.281969	-0.188096	-0.285424	0.939762	-9.01764	-6.83676	73.004	
0.982515	-0.00804587	0.18601	-0.0489317	0.952786	0.299673	-0.179639	-0.303535	0.935733	-9.16761	-7.07696	73.7689	
0.983867	-0.00563731	0.178815	-0.0522427	0.946886	0.317298	-0.171106	-0.321521	0.931315	-9.31066	-7.33188	74.5304	
0.985152	-0.00309065	0.171656	-0.0553919	0.940647	0.334836	-0.162503	-0.339372	0.926509	-9.44672	-7.60142	75.2881	
0.986371	-0.000406967	0.164536	-0.0583781	0.934073	0.352279	-0.153832	-0.357083	0.921318	-9.57574	-7.88547	76.0417	
0.987523	0.00241264	0.157457	-0.0611999	0.927165	0.369621	-0.145097	-0.374645	0.915744	-9.69765	-8.1839	76.7909	
0.988607	0.00536699	0.150423	-0.0638563	0.919928	0.386853	-0.136302	-0.392052	0.90979	-9.81242	-8.49659	77.5354	
0.989624	0.00845485	0.143436	-0.0663461	0.912363	0.40397	-0.12745	-0.409295	0.903457	-9.91999	-8.82341	78.275	
0.990571	0.011675	0.136499	-0.0686683	0.904474	0.420964	-0.118545	-0.426368	0.896748	-10.0203	-9.16423	79.0092	
