1	0	0	0	1	0	0	0	1	0	0	0	
0.999999	-4.59886e-07	0.00120026	-4.59886e-07	1	0.000766311	-0.00120026	-0.000766311	0.999999	-0.000597705	-0.000381608	0.995959	
0.999997	-1.8416e-06	0.00240173	-1.84198e-06	0.999999	0.00153372	-0.00240173	-0.00153372	0.999996	-0.00239143	-0.00152698	1.99192	
0.999994	-4.14821e-06	0.00360437	-4.14973e-06	0.999997	0.00230218	-0.00360437	-0.00230218	0.999991	-0.00538234	-0.00343718	2.98787	
0.999988	-7.38259e-06	0.0048081	-7.38641e-06	0.999995	0.00307166	-0.0048081	-0.00307166	0.999984	-0.00957159	-0.00611324	3.98382	
0.999982	-1.15475e-05	0.00601288	-1.15551e-05	0.999993	0.00384213	-0.00601288	-0.00384213	0.999975	-0.0149602	-0.00955617	4.97976	
0.999974	-1.66454e-05	0.00721864	-1.66588e-05	0.999989	0.00461355	-0.00721864	-0.00461355	0.999963	-0.0215493	-0.0137669	5.97568	
0.999965	-2.26788e-05	0.00842533	-2.27002e-05	0.999985	0.00538588	-0.00842533	-0.00538588	0.99995	-0.0293396	-0.0187465	6.9716	
0.999954	-2.96498e-05	0.00963289	-2.96819e-05	0.999981	0.00615908	-0.00963289	-0.00615908	0.999935	-0.0383323	-0.0244956	7.9675	
0.999941	-3.75604e-05	0.0108413	-3.76065e-05	0.999976	0.00693313	-0.0108413	-0.00693313	0.999917	-0.048528	-0.0310153	8.96339	
0.999927	-4.64127e-05	0.0120504	-4.6476e-05	0.99997	0.00770797	-0.0120504	-0.00770797	0.999898	-0.0599275	-0.0383062	9.95926	
0.999912	-5.62081e-05	0.0132602	-5.62926e-05	0.999964	0.00848358	-0.0132602	-0.00848358	0.999876	-0.0725317	-0.0463693	10.9551	
0.999895	-6.69484e-05	0.0144706	-6.70583e-05	0.999957	0.00925992	-0.0144706	-0.00925992	0.999852	-0.0863411	-0.0552052	11.9509	
0.999877	-7.86348e-05	0.0156817	-7.87748e-05	0.99995	0.0100369	-0.0156817	-0.0100369	0.999827	-0.101356	-0.0648147	12.9467	
0.999857	-9.12684e-05	0.0168932	-9.14436e-05	0.999942	0.0108146	-0.0168932	-0.0108146	0.999799	-0.117578	-0.0751983	13.9425	
0.999836	-0.00010485	0.0181052	-0.000105066	0.999933	0.0115929	-0.0181052	-0.0115929	0.999769	-0.135006	-0.0863568	14.9382	
0.999813	-0.000119381	0.0193176	-0.000119644	0.999923	0.0123718	-0.0193176	-0.0123718	0.999737	-0.153642	-0.0982908	15.934	
0.999789	-0.000134862	0.0205304	-0.000135177	0.999914	0.0131512	-0.0205304	-0.0131512	0.999703	-0.173486	-0.111001	16.9296	
0.999764	-0.000151294	0.0217434	-0.000151668	0.999903	0.0139311	-0.0217434	-0.0139312	0.999667	-0.194537	-0.124487	17.9253	
0.999736	-0.000168675	0.0229567	-0.000169116	0.999892	0.0147115	-0.0229567	-0.0147115	0.999628	-0.216797	-0.138751	18.9209	
0.999708	-0.000187008	0.0241701	-0.000187522	0.99988	0.0154924	-0.0241701	-0.0154924	0.999588	-0.240265	-0.153792	19.9165	
0.999678	-0.000206291	0.0253837	-0.000206886	0.999868	0.0162736	-0.0253836	-0.0162736	0.999545	-0.264942	-0.16961	20.912	
0.999646	-0.000226524	0.0265973	-0.000227209	0.999855	0.0170552	-0.0265973	-0.0170552	0.999501	-0.290827	-0.186208	21.9075	
0.999613	-0.000247708	0.0278109	-0.000248491	0.999841	0.0178371	-0.0278108	-0.0178371	0.999454	-0.317921	-0.203583	22.9029	
0.999579	-0.000269841	0.0290244	-0.000270732	0.999827	0.0186192	-0.0290244	-0.0186192	0.999405	-0.346224	-0.221738	23.8983	
0.999543	-0.000292923	0.0302378	-0.00029393	0.999812	0.0194017	-0.0302378	-0.0194017	0.999354	-0.375736	-0.240671	24.8937	
0.999505	-0.000316953	0.031451	-0.000318086	0.999796	0.0201843	-0.031451	-0.0201843	0.999301	-0.406455	-0.260384	25.8889	
0.999466	-0.000341929	0.032664	-0.000343199	0.99978	0.0209671	-0.032664	-0.0209671	0.999246	-0.438383	-0.280877	26.8842	
0.999426	-0.000367851	0.0338767	-0.000369267	0.999763	0.02175	-0.0338767	-0.02175	0.999189	-0.471519	-0.302149	27.8794	
0.999384	-0.000394717	0.0350891	-0.000396291	0.999746	0.022533	-0.0350891	-0.0225331	0.99913	-0.505863	-0.324201	28.8745	
0.999341	-0.000422525	0.036301	-0.000424268	0.999728	0.0233161	-0.036301	-0.0233161	0.999069	-0.541414	-0.347033	29.8695	
0.999296	-0.000451274	0.0375125	-0.000453198	0.999709	0.0240992	-0.0375125	-0.0240993	0.999006	-0.578171	-0.370645	30.8645	
0.99925	-0.000480962	0.0387234	-0.000483078	0.99969	0.0248823	-0.0387234	-0.0248823	0.99894	-0.616135	-0.395037	31.8595	
0.999202	-0.000511586	0.0399338	-0.000513907	0.99967	0.0256653	-0.0399338	-0.0256654	0.998873	-0.655305	-0.420209	32.8544	
0.999153	-0.000543144	0.0411435	-0.000545683	0.99965	0.0264483	-0.0411435	-0.0264483	0.998803	-0.69568	-0.44616	33.8492	
0.999103	-0.000575634	0.0423526	-0.000578404	0.999629	0.0272311	-0.0423525	-0.0272311	0.998732	-0.737259	-0.472892	34.8439	
0.999051	-0.000609052	0.0435608	-0.000612067	0.999607	0.0280137	-0.0435608	-0.0280138	0.998658	-0.780042	-0.500402	35.8385	
0.998997	-0.000643397	0.0447683	-0.000646671	0.999585	0.0287961	-0.0447682	-0.0287962	0.998582	-0.824028	-0.528693	36.8331	
0.998942	-0.000678666	0.0459748	-0.000682211	0.999562	0.0295783	-0.0459748	-0.0295784	0.998505	-0.869217	-0.557762	37.8276	
0.998886	-0.000714854	0.0471805	-0.000718686	0.999539	0.0303602	-0.0471804	-0.0303603	0.998425	-0.915606	-0.58761	38.8221	
0.998828	-0.000751958	0.0483852	-0.000756093	0.999515	0.0311418	-0.0483851	-0.0311419	0.998343	-0.963196	-0.618237	39.8164	
0.998769	-0.000789976	0.0495888	-0.000794428	0.99949	0.031923	-0.0495887	-0.0319231	0.998259	-1.01198	-0.649642	40.8107	
0.998709	-0.000828903	0.0507913	-0.000833688	0.999465	0.0327039	-0.0507912	-0.032704	0.998174	-1.06197	-0.681825	41.8049	
0.998647	-0.000868736	0.0519927	-0.00087387	0.999439	0.0334843	-0.0519926	-0.0334844	0.998086	-1.11316	-0.714786	42.799	
0.998584	-0.00090947	0.0531928	-0.000914969	0.999412	0.0342642	-0.0531927	-0.0342643	0.997996	-1.16554	-0.748523	43.793	
0.998519	-0.000951101	0.0543917	-0.000956982	0.999385	0.0350436	-0.0543916	-0.0350438	0.997905	-1.21911	-0.783037	44.7869	
0.998453	-0.000993625	0.0555892	-0.000999906	0.999358	0.0358225	-0.0555891	-0.0358227	0.997811	-1.27388	-0.818327	45.7807	
0.998386	-0.00103704	0.0567854	-0.00104373	0.999329	0.0366008	-0.0567853	-0.036601	0.997715	-1.32984	-0.854393	46.7745	
0.998317	-0.00108133	0.0579801	-0.00108846	0.999301	0.0373785	-0.05798	-0.0373787	0.997618	-1.38699	-0.891233	47.7681	
0.998247	-0.00112651	0.0591733	-0.00113409	0.999271	0.0381555	-0.0591732	-0.0381557	0.997518	-1.44533	-0.928848	48.7616	
0.998176	-0.00117256	0.060365	-0.00118061	0.999241	0.0389319	-0.0603648	-0.0389321	0.997417	-1.50486	-0.967236	49.7551	
0.998103	-0.00121947	0.061555	-0.00122801	0.999211	0.0397075	-0.0615549	-0.0397077	0.997314	-1.56557	-1.0064	50.7484	
0.998029	-0.00126725	0.0627434	-0.0012763	0.999179	0.0404823	-0.0627432	-0.0404826	0.997208	-1.62747	-1.04633	51.7416	
0.997954	-0.00131589	0.0639301	-0.00132547	0.999148	0.0412563	-0.0639299	-0.0412566	0.997101	-1.69055	-1.08703	52.7348	
0.997877	-0.00136538	0.065115	-0.0013755	0.999115	0.0420295	-0.0651148	-0.0420298	0.996992	-1.75481	-1.12851	53.7278	
0.997799	-0.00141571	0.066298	-0.0014264	0.999083	0.0428018	-0.0662978	-0.0428022	0.996881	-1.82025	-1.17075	54.7207	
0.99772	-0.00146689	0.0674792	-0.00147816	0.999049	0.0435732	-0.0674789	-0.0435736	0.996769	-1.88687	-1.21377	55.7135	
0.997639	-0.00151889	0.0686584	-0.00153078	0.999015	0.0443436	-0.0686581	-0.044344	0.996654	-1.95466	-1.25755	56.7062	
0.997557	-0.00157173	0.0698356	-0.00158424	0.998981	0.045113	-0.0698353	-0.0451135	0.996538	-2.02363	-1.3021	57.6987	
0.997474	-0.00162538	0.0710107	-0.00163854	0.998946	0.0458814	-0.0710104	-0.0458819	0.99642	-2.09377	-1.34741	58.6912	
0.99739	-0.00167985	0.0721838	-0.00169368	0.99891	0.0466488	-0.0721835	-0.0466493	0.9963	-2.16508	-1.39349	59.6835	
0.997304	-0.00173513	0.0733546	-0.00174965	0.998874	0.047415	-0.0733543	-0.0474155	0.996178	-2.23755	-1.44033	60.6757	
0.997218	-0.00179121	0.0745233	-0.00180644	0.998837	0.0481801	-0.0745229	-0.0481807	0.996055	-2.31119	-1.48794	61.6678	
0.99713	-0.00184808	0.0756897	-0.00186405	0.9988	0.048944	-0.0756893	-0.0489446	0.995929	-2.38599	-1.5363	62.6598	
0.997282	-0.00174899	0.0736528	-0.00179025	0.998848	0.0479596	-0.0736518	-0.0479612	0.99613	-2.46036	-1.58456	63.6518	
0.997431	-0.00165182	0.0716134	-0.0017184	0.998895	0.0469742	-0.0716119	-0.0469766	0.996326	-2.5327	-1.63184	64.644	
0.997576	-0.00155657	0.0695718	-0.00164852	0.998941	0.0459877	-0.0695697	-0.0459909	0.996516	-2.60301	-1.67813	65.6364	
0.997716	-0.00146327	0.067528	-0.0015806	0.998986	0.0450002	-0.0675253	-0.0450041	0.996702	-2.67128	-1.72345	66.629	
0.997853	-0.00137191	0.0654821	-0.00151465	0.99903	0.0440117	-0.0654789	-0.0440164	0.996883	-2.73751	-1.76778	67.6218	
0.997985	-0.00128251	0.0634341	-0.00145069	0.999073	0.0430224	-0.0634305	-0.0430277	0.997058	-2.80171	-1.81112	68.6147	
0.998113	-0.00119508	0.0613843	-0.00138872	0.999115	0.0420322	-0.0613802	-0.0420382	0.997229	-2.86386	-1.85349	69.6078	
0.998238	-0.00110962	0.0593327	-0.00132875	0.999157	0.0410413	-0.0593282	-0.0410478	0.997394	-2.92397	-1.89486	70.6011	
0.998358	-0.00102614	0.0572794	-0.00127078	0.999197	0.0400495	-0.0572745	-0.0400565	0.997555	-2.98203	-1.93525	71.5945	
0.999371	-0.00028071	0.0354596	-0.000717789	0.999604	0.028143	-0.0354534	-0.0281507	0.998975	-3.02821	-1.96922	72.5888	
0.999907	0.000204294	0.0136154	-0.000425191	0.999868	0.0162231	-0.0136103	-0.0162274	0.999776	-3.05265	-1.99132	73.5842	
0.999966	0.000428571	-0.00823949	-0.000393172	0.999991	0.00429745	0.00824126	-0.00429407	0.999957	-3.05532	-2.00154	74.5801	
0.999547	0.000391983	-0.0300916	-0.000621752	0.999971	-0.00762669	0.0300877	0.00764194	0.999518	-3.03623	-1.99987	75.5758	
0.998651	9.45509e-05	-0.0519273	-0.00111079	0.999808	-0.0195419	0.0519155	0.0195732	0.99846	-2.9954	-1.98632	76.5708	
0.997278	-0.00046354	-0.0737331	-0.00185998	0.999504	-0.0314408	0.0737111	0.0314924	0.996782	-2.93283	-1.96088	77.5645	
0.995429	-0.00128194	-0.0954955	-0.00286886	0.999057	-0.043316	0.095461	0.043392	0.994487	-2.84858	-1.92359	78.5561	
0.993105	-0.00236015	-0.117201	-0.00413681	0.998469	-0.0551602	0.117152	0.0552647	0.991575	-2.7427	-1.87446	79.5452	
0.990308	-0.0036975	-0.138836	-0.00566303	0.997739	-0.0669659	0.13877	0.0671032	0.988049	-2.61525	-1.81352	80.5311	
0.98704	-0.00529315	-0.160387	-0.00744658	0.996868	-0.078726	0.160302	0.0789	0.98391	-2.46631	-1.74081	81.5131	
0.983302	-0.00714613	-0.181842	-0.00948637	0.995857	-0.090433	0.181735	0.090648	0.979161	-2.29598	-1.65637	82.4907	
0.979097	-0.00925527	-0.203185	-0.0117811	0.994706	-0.10208	0.203055	0.10234	0.973805	-2.10435	-1.56027	83.4633	
0.974427	-0.0116193	-0.224406	-0.0143294	0.993416	-0.113659	0.224249	0.113968	0.967845	-1.89155	-1.45254	84.4303	
0.969295	-0.0142367	-0.245489	-0.0171296	0.991988	-0.125164	0.245304	0.125526	0.961285	-1.65771	-1.33327	85.391	
0.963705	-0.0171059	-0.266422	-0.0201801	0.990423	-0.136587	0.266207	0.137006	0.95413	-1.40297	-1.20253	86.3449	
0.957659	-0.020225	-0.287193	-0.0234789	0.988721	-0.147921	0.286945	0.1484	0.946383	-1.1275	-1.0604	87.2914	
0.951163	-0.0235923	-0.307787	-0.027024	0.986883	-0.159159	0.307505	0.159703	0.938049	-0.831462	-0.906961	88.2298	
0.944219	-0.0272055	-0.328194	-0.0308132	0.984911	-0.170294	0.327875	0.170907	0.929133	-0.51504	-0.742315	89.1597	
0.936832	-0.0310624	-0.348399	-0.0348441	0.982807	-0.181319	0.348041	0.182005	0.919642	-0.17843	-0.566563	90.0804	
0.929006	-0.0351607	-0.36839	-0.0391142	0.98057	-0.192228	0.367991	0.19299	0.909581	0.178158	-0.379813	90.9913	
0.920747	-0.0394978	-0.388156	-0.043621	0.978204	-0.203013	0.387714	0.203856	0.898955	0.554503	-0.182181	91.892	
0.91206	-0.044071	-0.407683	-0.0483615	0.975708	-0.213669	0.407196	0.214595	0.887773	0.950373	0.0262094	92.7818	
0.902949	-0.0488775	-0.426959	-0.0533329	0.973086	-0.224188	0.426425	0.225201	0.87604	1.36552	0.24523	93.6602	
0.893421	-0.0539143	-0.445973	-0.0585321	0.970337	-0.234563	0.445391	0.235667	0.863764	1.79969	0.474745	94.5266	
0.883482	-0.0591783	-0.464713	-0.0639559	0.967465	-0.244789	0.46408	0.245988	0.850952	2.25261	0.714612	95.3806	
0.873137	-0.0646661	-0.483167	-0.0696008	0.96447	-0.254859	0.482481	0.256156	0.837613	2.724	0.964682	96.2215	
0.862393	-0.0703745	-0.501324	-0.0754635	0.961355	-0.264767	0.500584	0.266165	0.823755	3.21358	1.2248	97.0488	
