1	0	0	0	1	0	0	0	1	0	0	0	
0.999994	-4.30985e-06	-0.00336068	-4.30985e-06	0.999997	-0.00256485	0.00336068	0.00256485	0.999991	0.00175078	0.00133619	1.04192	
0.999977	-1.7264e-05	-0.00672634	-1.72618e-05	0.999987	-0.00513284	0.00672634	0.00513284	0.999964	0.00700572	0.00534638	2.08381	
0.999949	-3.88982e-05	-0.0100968	-3.88893e-05	0.99997	-0.00770385	0.0100968	0.00770385	0.999919	0.0157699	0.0120338	3.12567	
0.999909	-6.92469e-05	-0.013472	-6.92247e-05	0.999947	-0.0102778	0.013472	0.0102778	0.999856	0.0280483	0.0214015	4.16748	
0.999858	-0.000108344	-0.0168516	-0.000108299	0.999917	-0.0128544	0.0168516	0.0128544	0.999775	0.0438457	0.0334525	5.20921	
0.999795	-0.000156221	-0.0202356	-0.000156143	0.999881	-0.0154338	0.0202356	0.0154338	0.999676	0.0631667	0.0481895	6.25084	
0.999721	-0.000212909	-0.0236239	-0.000212784	0.999838	-0.0180157	0.0236239	0.0180157	0.999559	0.0860158	0.0656153	7.29236	
0.999635	-0.00027844	-0.0270161	-0.000278252	0.999788	-0.0206	0.0270161	0.0206	0.999423	0.112397	0.0857325	8.33375	
0.999537	-0.000352841	-0.0304123	-0.000352573	0.999731	-0.0231866	0.0304123	0.0231866	0.999268	0.142315	0.108544	9.37499	
0.999428	-0.000436142	-0.0338122	-0.000435772	0.999668	-0.0257753	0.0338122	0.0257753	0.999096	0.175774	0.134051	10.4161	
0.999307	-0.000528369	-0.0372156	-0.000527875	0.999597	-0.0283662	0.0372156	0.0283662	0.998905	0.212776	0.162256	11.4569	
0.999174	-0.000629547	-0.0406225	-0.000628905	0.99952	-0.030959	0.0406225	0.0309589	0.998695	0.253327	0.193162	12.4976	
0.99903	-0.000739702	-0.0440327	-0.000738884	0.999437	-0.0335535	0.0440327	0.0335535	0.998466	0.297429	0.226771	13.5381	
0.998873	-0.000858858	-0.047446	-0.000857834	0.999346	-0.0361498	0.047446	0.0361498	0.998219	0.345086	0.263084	14.5782	
0.998705	-0.000987037	-0.0508622	-0.000985775	0.999249	-0.0387477	0.0508622	0.0387477	0.997954	0.3963	0.302102	15.6182	
0.998525	-0.00112426	-0.0542812	-0.00112273	0.999144	-0.0413471	0.0542812	0.041347	0.997669	0.451076	0.343828	16.6578	
0.998333	-0.00127055	-0.0577029	-0.00126871	0.999033	-0.0439477	0.0577029	0.0439477	0.997366	0.509415	0.388263	17.6971	
0.998129	-0.00142592	-0.061127	-0.00142373	0.998915	-0.0465496	0.0611271	0.0465496	0.997044	0.571321	0.435409	18.7362	
0.997913	-0.0015904	-0.0645535	-0.00158782	0.99879	-0.0491526	0.0645536	0.0491525	0.996703	0.636796	0.485266	19.7748	
0.997685	-0.00176399	-0.0679822	-0.00176098	0.998658	-0.0517566	0.0679823	0.0517565	0.996343	0.705842	0.537836	20.8131	
0.997445	-0.00194672	-0.0714129	-0.00194323	0.998519	-0.0543615	0.071413	0.0543613	0.995964	0.778461	0.593119	21.851	
0.997193	-0.00213861	-0.0748454	-0.00213459	0.998374	-0.056967	0.0748455	0.0569669	0.995567	0.854656	0.651116	22.8885	
0.996929	-0.00233965	-0.0782797	-0.00233506	0.998221	-0.0595733	0.0782798	0.0595731	0.99515	0.934428	0.711829	23.9256	
0.996652	-0.00254988	-0.0817155	-0.00254465	0.998062	-0.06218	0.0817157	0.0621798	0.994714	1.01778	0.775258	24.9623	
0.996364	-0.00276929	-0.0851527	-0.00276338	0.997895	-0.0647871	0.0851529	0.0647869	0.994259	1.10471	0.841402	25.9984	
0.996064	-0.00299791	-0.0885912	-0.00299125	0.997722	-0.0673945	0.0885914	0.0673942	0.993785	1.19523	0.910263	27.0341	
0.995751	-0.00323574	-0.0920307	-0.00322827	0.997542	-0.070002	0.092031	0.0700017	0.993293	1.28932	0.981841	28.0693	
0.995426	-0.00348278	-0.0954712	-0.00347445	0.997354	-0.0726096	0.0954715	0.0726092	0.99278	1.387	1.05614	29.104	
0.995089	-0.00373905	-0.0989124	-0.00372979	0.99716	-0.0752171	0.0989128	0.0752166	0.992249	1.48827	1.13315	30.1381	
0.99474	-0.00400455	-0.102354	-0.00399429	0.996959	-0.0778244	0.102355	0.0778239	0.991699	1.59312	1.21288	31.1717	
0.994379	-0.00427929	-0.105797	-0.00426797	0.996751	-0.0804314	0.105797	0.0804308	0.99113	1.70156	1.29532	32.2046	
0.994005	-0.00456328	-0.109239	-0.00455081	0.996536	-0.0830379	0.10924	0.0830372	0.990541	1.81359	1.38048	33.237	
0.993619	-0.00485651	-0.112682	-0.00484282	0.996314	-0.0856439	0.112683	0.0856431	0.989933	1.9292	1.46836	34.2688	
0.993221	-0.00515898	-0.116125	-0.00514401	0.996085	-0.0882492	0.116126	0.0882483	0.989306	2.0484	1.55895	35.2999	
0.992811	-0.00547071	-0.119568	-0.00545436	0.995849	-0.0908537	0.119568	0.0908527	0.98866	2.17119	1.65225	36.3303	
0.992389	-0.00579168	-0.12301	-0.00577388	0.995607	-0.0934573	0.123011	0.0934562	0.987995	2.29756	1.74827	37.3601	
0.991954	-0.0061219	-0.126452	-0.00610257	0.995357	-0.0960599	0.126453	0.0960587	0.987311	2.42752	1.847	38.3891	
0.991507	-0.00646137	-0.129893	-0.00644041	0.9951	-0.0986614	0.129894	0.09866	0.986607	2.56107	1.94844	39.4175	
0.991048	-0.00681008	-0.133333	-0.00678741	0.994837	-0.101262	0.133335	0.10126	0.985885	2.6982	2.05259	40.4451	
0.990576	-0.00716802	-0.136773	-0.00714355	0.994566	-0.10386	0.136774	0.103859	0.985143	2.83892	2.15945	41.4719	
0.990093	-0.0075352	-0.140212	-0.00750884	0.994289	-0.106458	0.140213	0.106456	0.984382	2.98322	2.26901	42.4979	
0.989597	-0.0079116	-0.143649	-0.00788325	0.994005	-0.109054	0.14365	0.109052	0.983602	3.1311	2.38128	43.5232	
0.989089	-0.00829723	-0.147085	-0.00826679	0.993713	-0.111648	0.147086	0.111645	0.982803	3.28256	2.49626	44.5476	
0.988569	-0.00869206	-0.150519	-0.00865944	0.993415	-0.11424	0.150521	0.114237	0.981984	3.4376	2.61393	45.5712	
0.988037	-0.00909609	-0.153952	-0.00906118	0.993111	-0.11683	0.153954	0.116827	0.981147	3.59622	2.73431	46.5939	
0.987492	-0.00950931	-0.157383	-0.00947201	0.992799	-0.119418	0.157385	0.119415	0.980291	3.75841	2.85738	47.6157	
0.986935	-0.00993171	-0.160811	-0.00989191	0.99248	-0.122004	0.160814	0.122001	0.979415	3.92418	2.98315	48.6366	
0.986366	-0.0103633	-0.164238	-0.0103209	0.992155	-0.124588	0.164241	0.124585	0.978521	4.09352	3.11161	49.6566	
0.985785	-0.010804	-0.167662	-0.0107589	0.991823	-0.12717	0.167665	0.127166	0.977608	4.26643	3.24277	50.6757	
0.985192	-0.0112538	-0.171084	-0.0112059	0.991484	-0.129748	0.171088	0.129744	0.976676	4.44291	3.37661	51.6938	
0.984587	-0.0117128	-0.174504	-0.0116619	0.991138	-0.132325	0.174507	0.13232	0.975725	4.62295	3.51313	52.7109	
0.983969	-0.0121809	-0.17792	-0.0121269	0.990785	-0.134898	0.177924	0.134893	0.974755	4.80656	3.65234	53.7271	
0.98334	-0.012658	-0.181334	-0.0126009	0.990426	-0.137469	0.181338	0.137464	0.973766	4.99372	3.79423	54.7422	
0.982699	-0.0131443	-0.184745	-0.0130838	0.99006	-0.140037	0.184749	0.140031	0.972758	5.18443	3.93879	55.7562	
0.982045	-0.0136395	-0.188152	-0.0135757	0.989687	-0.142601	0.188157	0.142595	0.971732	5.3787	4.08603	56.7692	
0.98138	-0.0141438	-0.191556	-0.0140764	0.989308	-0.145163	0.191561	0.145156	0.970687	5.57652	4.23593	57.7811	
0.980702	-0.0146571	-0.194957	-0.014586	0.988921	-0.147721	0.194962	0.147714	0.969624	5.77788	4.38851	58.792	
0.980013	-0.0151794	-0.198354	-0.0151045	0.988529	-0.150276	0.19836	0.150268	0.968542	5.98279	4.54375	59.8017	
0.979312	-0.0157106	-0.201747	-0.0156318	0.988129	-0.152827	0.201753	0.152819	0.967441	6.19123	4.70164	60.8103	
0.978598	-0.0162508	-0.205137	-0.0161678	0.987723	-0.155375	0.205143	0.155366	0.966322	6.40321	4.86219	61.8177	
0.977873	-0.0167998	-0.208522	-0.0167127	0.987311	-0.157919	0.208529	0.15791	0.965184	6.61872	5.0254	62.8239	
0.977137	-0.0173578	-0.211903	-0.0172663	0.986891	-0.160459	0.21191	0.160449	0.964028	6.83775	5.19125	63.8289	
0.976388	-0.0179246	-0.21528	-0.0178286	0.986466	-0.162995	0.215288	0.162985	0.962854	7.0603	5.35975	64.8328	
0.975628	-0.0185002	-0.218652	-0.0183995	0.986034	-0.165527	0.21866	0.165516	0.961661	7.28637	5.53088	65.8354	
0.974856	-0.0190845	-0.222019	-0.0189791	0.985595	-0.168055	0.222028	0.168043	0.96045	7.51595	5.70465	66.8367	
0.973233	-0.0202984	-0.22892	-0.0193396	0.985325	-0.169589	0.229003	0.169477	0.958559	7.75092	5.88049	67.8364	
0.971561	-0.0215224	-0.235807	-0.0197112	0.985053	-0.17112	0.235966	0.170901	0.956615	7.99315	6.05781	68.8342	
0.96984	-0.0227564	-0.242679	-0.0200938	0.984779	-0.172647	0.242914	0.172316	0.95462	8.24263	6.23662	69.8299	
0.968068	-0.0240004	-0.249536	-0.0204871	0.984503	-0.174169	0.249848	0.17372	0.952574	8.49934	6.41689	70.8234	
0.961494	-0.0282644	-0.273369	-0.0186526	0.985692	-0.167519	0.274193	0.166167	0.94721	8.77236	6.59397	71.8132	
0.954311	-0.0323375	-0.29706	-0.0166484	0.986829	-0.160908	0.298351	0.158502	0.941203	9.07065	6.76312	72.797	
0.946525	-0.036217	-0.320593	-0.0144757	0.987912	-0.154342	0.322307	0.150729	0.934558	9.39401	6.92422	73.7743	
0.93814	-0.0399001	-0.34395	-0.012136	0.988939	-0.147824	0.346044	0.142854	0.927279	9.74221	7.07717	74.7443	
0.929162	-0.0433844	-0.367117	-0.00963098	0.989911	-0.141359	0.369546	0.134882	0.919371	10.115	7.22187	75.7064	
0.919598	-0.0466676	-0.390078	-0.00696229	0.990828	-0.134953	0.392798	0.126818	0.910839	10.5122	7.35821	76.6599	
0.909454	-0.0497473	-0.412817	-0.00413174	0.991687	-0.128608	0.415783	0.118668	0.901688	10.9335	7.48611	77.6042	
0.898737	-0.0526216	-0.435319	-0.00114125	0.992489	-0.122329	0.438486	0.110438	0.891927	11.3785	7.60547	78.5387	
0.887454	-0.0552884	-0.457568	0.00200715	0.993233	-0.11612	0.460892	0.102133	0.88156	11.8471	7.71622	79.4626	
0.875613	-0.057746	-0.47955	0.00531132	0.993919	-0.109987	0.482985	0.0937588	0.870595	12.3388	7.81828	80.3755	
0.863221	-0.0599926	-0.501249	0.00876902	0.994546	-0.103932	0.50475	0.0853208	0.859039	12.8534	7.91157	81.2766	
0.850288	-0.0620268	-0.522651	0.0123779	0.995113	-0.0979601	0.526173	0.0768249	0.8469	13.3905	7.99605	82.1654	
0.836821	-0.0638472	-0.543741	0.0161355	0.995621	-0.0920752	0.547239	0.0682769	0.834187	13.9498	8.07165	83.0412	
0.822831	-0.0654525	-0.564505	0.0200393	0.996069	-0.0862813	0.567933	0.0596826	0.820908	14.5308	8.13831	83.9035	
0.808326	-0.0668416	-0.584929	0.0240867	0.996457	-0.0805823	0.588242	0.0510478	0.807072	15.1331	8.196	84.7516	
0.793317	-0.0680137	-0.604998	0.0282748	0.996784	-0.0749822	0.608152	0.0423784	0.792688	15.7564	8.24468	85.5851	
0.777813	-0.0689679	-0.6247	0.0326009	0.99705	-0.0694846	0.62765	0.0336802	0.777767	16.4003	8.2843	86.4033	
0.761825	-0.0697036	-0.644021	0.0370621	0.997255	-0.0640933	0.646721	0.0249591	0.762318	17.0642	8.31485	87.2057	
0.745365	-0.0702202	-0.662948	0.0416552	0.9974	-0.058812	0.665354	0.0162212	0.746351	17.7478	8.33631	87.9917	
0.728442	-0.0705174	-0.681468	0.0463771	0.997483	-0.0536442	0.683536	0.00747217	0.729879	18.4505	8.34865	88.7608	
0.711069	-0.0705951	-0.699569	0.0512248	0.997504	-0.0485935	0.701253	-0.00128188	0.712911	19.172	8.35188	89.5124	
0.693258	-0.0704531	-0.717238	0.0561948	0.997465	-0.0436634	0.718495	-0.0100351	0.695459	19.9117	8.34598	90.2462	
0.67502	-0.0700916	-0.734463	0.0612838	0.997364	-0.038857	0.73525	-0.0187814	0.677536	20.6691	8.33097	90.9615	
0.656368	-0.0695108	-0.751232	0.0664884	0.997202	-0.0341777	0.751505	-0.0275151	0.659153	21.4436	8.30685	91.6579	
0.637314	-0.0687111	-0.767534	0.071805	0.996979	-0.0296287	0.767251	-0.03623	0.640323	22.2349	8.27364	92.3349	
0.617872	-0.067693	-0.783359	0.0772301	0.996694	-0.0252131	0.782476	-0.0449204	0.621058	23.0423	8.23136	92.9921	
0.598055	-0.0664573	-0.798695	0.0827599	0.99635	-0.0209338	0.797171	-0.0535803	0.601372	23.8653	8.18004	93.629	
0.577876	-0.0650047	-0.813532	0.0883906	0.995944	-0.0167938	0.811324	-0.0622039	0.581278	24.7033	8.11972	94.2451	
0.557348	-0.0633363	-0.82786	0.0941185	0.995479	-0.0127958	0.824927	-0.0707852	0.560789	25.5557	8.05043	94.8401	
0.536486	-0.0614532	-0.841669	0.0999397	0.994953	-0.00894264	0.837971	-0.0793185	0.53992	26.4221	7.97223	95.4136	
