1	0	0	0	1	0	0	0	1	0	0	0	
1	-9.59087e-08	-0.000249264	-9.59087e-08	1	-0.000769534	0.000249264	0.000769534	1	9.50477e-05	0.000293433	0.762626	
1	-3.83462e-07	-0.000498398	-3.83519e-07	0.999999	-0.00153889	0.000498398	0.00153889	0.999999	0.000380141	0.00117367	1.52525	
1	-8.62399e-07	-0.000747393	-8.62627e-07	0.999997	-0.00230805	0.000747393	0.00230805	0.999997	0.000855177	0.00264056	2.28788	
1	-1.53244e-06	-0.000996243	-1.53301e-06	0.999995	-0.003077	0.000996243	0.003077	0.999995	0.00152005	0.00469395	3.0505	
0.999999	-2.39327e-06	-0.00124494	-2.39441e-06	0.999993	-0.0038457	0.00124494	0.0038457	0.999992	0.00237464	0.00733366	3.81312	
0.999999	-3.44459e-06	-0.00149348	-3.44658e-06	0.999989	-0.00461414	0.00149348	0.00461414	0.999988	0.00341884	0.0105595	4.57574	
0.999998	-4.68603e-06	-0.00174185	-4.68922e-06	0.999986	-0.00538229	0.00174185	0.00538229	0.999984	0.00465251	0.0143713	5.33836	
0.999998	-6.11723e-06	-0.00199005	-6.12201e-06	0.999981	-0.00615014	0.00199005	0.00615014	0.999979	0.00607554	0.0187687	6.10097	
0.999997	-7.73781e-06	-0.00223808	-7.74464e-06	0.999976	-0.00691766	0.00223808	0.00691766	0.999974	0.00768778	0.0237517	6.86358	
0.999997	-9.54736e-06	-0.00248591	-9.55674e-06	0.99997	-0.00768483	0.00248591	0.00768483	0.999967	0.0094891	0.0293198	7.62618	
0.999996	-1.15454e-05	-0.00273355	-1.1558e-05	0.999964	-0.00845163	0.00273355	0.00845163	0.999961	0.0114793	0.0354728	8.38878	
0.999996	-1.37316e-05	-0.00298099	-1.37479e-05	0.999958	-0.00921803	0.00298099	0.00921803	0.999953	0.0136584	0.0422105	9.15137	
0.999995	-1.61054e-05	-0.00322822	-1.61261e-05	0.99995	-0.00998403	0.00322822	0.00998403	0.999945	0.016026	0.0495325	9.91396	
0.999994	-1.86663e-05	-0.00347524	-1.86922e-05	0.999942	-0.0107496	0.00347524	0.0107496	0.999936	0.0185821	0.0574385	10.6765	
0.999993	-2.14139e-05	-0.00372203	-2.14457e-05	0.999934	-0.0115147	0.00372203	0.0115147	0.999927	0.0213266	0.0659282	11.4391	
0.999992	-2.43475e-05	-0.0039686	-2.43861e-05	0.999925	-0.0122793	0.0039686	0.0122793	0.999917	0.0242591	0.0750011	12.2017	
0.999991	-2.74667e-05	-0.00421493	-2.75129e-05	0.999915	-0.0130434	0.00421493	0.0130434	0.999906	0.0273796	0.084657	12.9642	
0.99999	-3.07708e-05	-0.00446102	-3.08257e-05	0.999905	-0.013807	0.00446102	0.013807	0.999895	0.0306878	0.0948954	13.7268	
0.999989	-3.42593e-05	-0.00470686	-3.43239e-05	0.999894	-0.01457	0.00470686	0.01457	0.999883	0.0341837	0.105716	14.4893	
0.999988	-3.79316e-05	-0.00495244	-3.80068e-05	0.999882	-0.0153325	0.00495244	0.0153325	0.99987	0.0378669	0.117118	15.2519	
0.999986	-4.17869e-05	-0.00519776	-4.1874e-05	0.99987	-0.0160944	0.00519776	0.0160944	0.999857	0.0417373	0.129102	16.0144	
0.999985	-4.58248e-05	-0.00544282	-4.59249e-05	0.999858	-0.0168557	0.00544281	0.0168557	0.999843	0.0457947	0.141666	16.7769	
0.999984	-5.00444e-05	-0.00568759	-5.01587e-05	0.999845	-0.0176163	0.00568759	0.0176163	0.999829	0.0500389	0.154811	17.5394	
0.999982	-5.44452e-05	-0.00593208	-5.4575e-05	0.999831	-0.0183763	0.00593208	0.0183763	0.999814	0.0544696	0.168535	18.3019	
0.999981	-5.90263e-05	-0.00617629	-5.9173e-05	0.999817	-0.0191357	0.00617628	0.0191357	0.999798	0.0590867	0.182839	19.0644	
0.999979	-6.37871e-05	-0.00642019	-6.3952e-05	0.999802	-0.0198943	0.00642019	0.0198943	0.999781	0.0638899	0.197722	19.8268	
0.999978	-6.87268e-05	-0.00666379	-6.89113e-05	0.999787	-0.0206522	0.00666379	0.0206522	0.999765	0.068879	0.213183	20.5893	
0.999976	-7.38447e-05	-0.00690708	-7.40503e-05	0.999771	-0.0214094	0.00690708	0.0214094	0.999747	0.0740537	0.229221	21.3517	
0.999974	-7.91399e-05	-0.00715006	-7.93682e-05	0.999754	-0.0221658	0.00715005	0.0221658	0.999729	0.0794139	0.245837	22.1142	
0.999973	-8.46116e-05	-0.00739271	-8.48642e-05	0.999737	-0.0229214	0.0073927	0.0229214	0.99971	0.0849592	0.263029	22.8766	
0.999971	-9.02591e-05	-0.00763503	-9.05375e-05	0.99972	-0.0236762	0.00763502	0.0236762	0.999691	0.0906895	0.280798	23.639	
0.999969	-9.60814e-05	-0.00787701	-9.63874e-05	0.999702	-0.0244302	0.00787701	0.0244302	0.999671	0.0966044	0.299141	24.4013	
0.999967	-0.000102078	-0.00811865	-0.000102413	0.999683	-0.0251834	0.00811864	0.0251834	0.99965	0.102704	0.31806	25.1637	
0.999965	-0.000108247	-0.00835994	-0.000108614	0.999664	-0.0259357	0.00835993	0.0259357	0.999629	0.108987	0.337552	25.9261	
0.999963	-0.000114589	-0.00860087	-0.000114988	0.999644	-0.0266871	0.00860086	0.0266871	0.999607	0.115455	0.357618	26.6884	
0.999961	-0.000121102	-0.00884143	-0.000121536	0.999624	-0.0274376	0.00884143	0.0274376	0.999584	0.122106	0.378256	27.4507	
0.999959	-0.000127785	-0.00908163	-0.000128256	0.999603	-0.0281871	0.00908162	0.0281871	0.999561	0.12894	0.399467	28.213	
0.999957	-0.000134638	-0.00932145	-0.000135147	0.999581	-0.0289357	0.00932144	0.0289357	0.999538	0.135957	0.421248	28.9753	
0.999954	-0.000141659	-0.00956088	-0.000142209	0.999559	-0.0296833	0.00956087	0.0296834	0.999514	0.143157	0.4436	29.7376	
0.999952	-0.000148847	-0.00979992	-0.000149441	0.999537	-0.03043	0.00979992	0.03043	0.999489	0.15054	0.466522	30.4998	
0.99995	-0.000156202	-0.0100386	-0.00015684	0.999514	-0.0311756	0.0100386	0.0311756	0.999464	0.158105	0.490013	31.262	
0.999947	-0.000163722	-0.0102768	-0.000164408	0.99949	-0.0319202	0.0102768	0.0319202	0.999438	0.165851	0.514073	32.0242	
0.999945	-0.000171407	-0.0105146	-0.000172142	0.999466	-0.0326637	0.0105146	0.0326637	0.999411	0.173779	0.538699	32.7864	
0.999942	-0.000179254	-0.0107521	-0.000180041	0.999442	-0.0334061	0.0107521	0.0334062	0.999384	0.181888	0.563893	33.5486	
0.99994	-0.000187264	-0.0109891	-0.000188105	0.999417	-0.0341475	0.010989	0.0341475	0.999356	0.190179	0.589652	34.3107	
0.999937	-0.000195435	-0.0112256	-0.000196332	0.999391	-0.0348877	0.0112256	0.0348877	0.999328	0.198649	0.615976	35.0729	
0.999934	-0.000203766	-0.0114618	-0.000204722	0.999365	-0.0356268	0.0114617	0.0356268	0.999299	0.2073	0.642864	35.835	
0.999932	-0.000212256	-0.0116974	-0.000213273	0.999339	-0.0363647	0.0116974	0.0363647	0.99927	0.216131	0.670315	36.5971	
0.999929	-0.000220903	-0.0119327	-0.000221984	0.999311	-0.0371014	0.0119327	0.0371014	0.99924	0.225142	0.698329	37.3591	
0.999926	-0.000229707	-0.0121675	-0.000230854	0.999284	-0.037837	0.0121674	0.037837	0.99921	0.234331	0.726904	38.1211	
0.999923	-0.000238666	-0.0124018	-0.000239881	0.999256	-0.0385713	0.0124017	0.0385713	0.999179	0.2437	0.756039	38.8832	
0.99992	-0.00024778	-0.0126356	-0.000249066	0.999227	-0.0393043	0.0126356	0.0393043	0.999147	0.253247	0.785734	39.6451	
0.999917	-0.000257046	-0.012869	-0.000258406	0.999198	-0.0400361	0.012869	0.0400361	0.999115	0.262972	0.815988	40.4071	
0.999944	-0.000165045	-0.0105601	-0.000253164	0.999216	-0.039589	0.0105584	0.0395894	0.99916	0.271905	0.84635	41.1691	
0.999966	-7.40336e-05	-0.00825012	-0.000248958	0.999234	-0.039142	0.0082467	0.0391427	0.9992	0.279076	0.876372	41.9311	
0.999982	1.59857e-05	-0.00593896	-0.000245787	0.999251	-0.0386952	0.0059339	0.0386959	0.999233	0.284483	0.906053	42.6931	
0.999993	0.000105011	-0.00362671	-0.000243652	0.999268	-0.0382485	0.00362004	0.0382491	0.999262	0.288126	0.935393	43.4552	
0.999999	0.00019304	-0.00131341	-0.000242552	0.999285	-0.037802	0.00130518	0.0378023	0.999284	0.290004	0.964392	44.2172	
0.999999	0.00028007	0.0010009	-0.000242486	0.999302	-0.0373556	-0.00101066	0.0373554	0.999302	0.290117	0.993051	44.9793	
0.999994	0.000366101	0.00331618	-0.000243454	0.999319	-0.0369094	-0.00332743	0.0369084	0.999313	0.288462	1.02137	45.7414	
0.999984	0.000451129	0.00563239	-0.000245457	0.999335	-0.0364633	-0.00564509	0.0364614	0.999319	0.285041	1.04935	46.5035	
0.999968	0.000535152	0.00794948	-0.000248493	0.999351	-0.0360174	-0.0079636	0.0360143	0.99932	0.279852	1.07698	47.2656	
0.999947	0.00061817	0.0102674	-0.000252563	0.999367	-0.0355716	-0.0102829	0.0355671	0.999314	0.272894	1.10428	48.0277	
0.999921	0.000700179	0.0125862	-0.000257667	0.999383	-0.0351259	-0.012603	0.0351199	0.999304	0.264168	1.13123	48.7898	
0.999889	0.000781178	0.0149057	-0.000263803	0.999398	-0.0346804	-0.0149238	0.0346726	0.999287	0.253671	1.15784	49.5519	
0.999851	0.000861165	0.0172259	-0.000270973	0.999414	-0.034235	-0.0172453	0.0342252	0.999265	0.241405	1.18411	50.314	
0.999809	0.000940139	0.0195468	-0.000279175	0.999429	-0.0337897	-0.0195674	0.0337777	0.999238	0.227368	1.21005	51.0761	
0.99976	0.0010181	0.0218684	-0.000288411	0.999444	-0.0333445	-0.0218902	0.0333302	0.999205	0.211559	1.23563	51.8381	
0.999707	0.00109504	0.0241905	-0.000298679	0.999459	-0.0328994	-0.0242135	0.0328825	0.999166	0.193979	1.26088	52.6001	
0.999648	0.00117096	0.0265132	-0.000309979	0.999473	-0.0324544	-0.0265373	0.0324348	0.999121	0.174627	1.28579	53.3621	
0.999583	0.00124586	0.0288365	-0.000322313	0.999488	-0.0320096	-0.0288616	0.031987	0.999071	0.153503	1.31035	54.124	
0.999514	0.00131974	0.0311602	-0.000335679	0.999502	-0.0315648	-0.0311863	0.031539	0.999016	0.130606	1.33458	54.8859	
0.999438	0.00139259	0.0334843	-0.000350077	0.999516	-0.0311202	-0.0335115	0.031091	0.998955	0.105936	1.35846	55.6478	
0.999358	0.00146442	0.0358089	-0.000365508	0.999529	-0.0306756	-0.035837	0.0306428	0.998888	0.0794923	1.382	56.4096	
0.999271	0.00153523	0.0381338	-0.000381972	0.999543	-0.0302312	-0.0381628	0.0301946	0.998815	0.0512752	1.4052	57.1713	
0.99918	0.001605	0.040459	-0.000399468	0.999556	-0.0297868	-0.0404889	0.0297462	0.998737	0.0212843	1.42805	57.933	
0.999083	0.00167374	0.0427845	-0.000417998	0.999569	-0.0293425	-0.0428152	0.0292977	0.998653	-0.0104807	1.45057	58.6946	
0.99898	0.00174145	0.0451103	-0.00043756	0.999582	-0.0288983	-0.0451417	0.0288491	0.998564	-0.0440198	1.47274	59.4562	
0.998873	0.00180813	0.0474362	-0.000458155	0.999595	-0.0284542	-0.0474684	0.0284004	0.998469	-0.0793333	1.49457	60.2177	
0.998759	0.00187377	0.0497623	-0.000479783	0.999608	-0.0280102	-0.0497952	0.0279516	0.998368	-0.116421	1.51606	60.9791	
0.998641	0.00193838	0.0520885	-0.000502445	0.99962	-0.0275662	-0.0521221	0.0275026	0.998262	-0.155284	1.5372	61.7405	
0.998516	0.00200195	0.0544148	-0.00052614	0.999632	-0.0271224	-0.054449	0.0270535	0.99815	-0.195921	1.55801	62.5017	
0.998387	0.00206448	0.0567411	-0.000550869	0.999644	-0.0266785	-0.0567759	0.0266042	0.998032	-0.238332	1.57847	63.2629	
0.998252	0.00212598	0.0590674	-0.000576632	0.999656	-0.0262348	-0.0591028	0.0261549	0.997909	-0.282518	1.59858	64.024	
0.998111	0.00218643	0.0613936	-0.000603429	0.999667	-0.0257911	-0.0614296	0.0257053	0.99778	-0.328479	1.61836	64.785	
0.997965	0.00224583	0.0637198	-0.000631261	0.999679	-0.0253475	-0.0637562	0.0252557	0.997646	-0.376214	1.63779	65.5458	
0.997814	0.0023042	0.0660459	-0.000660128	0.99969	-0.0249039	-0.0660827	0.0248059	0.997506	-0.425723	1.65688	66.3066	
0.997657	0.00236152	0.0683717	-0.000690029	0.999701	-0.0244604	-0.068409	0.0243559	0.99736	-0.477007	1.67563	67.0673	
0.997495	0.00241779	0.0706974	-0.000720966	0.999711	-0.0240169	-0.0707351	0.0239058	0.997209	-0.530064	1.69403	67.8278	
0.997327	0.00247302	0.0730228	-0.000752939	0.999722	-0.0235735	-0.0730608	0.0234555	0.997052	-0.584896	1.71209	68.5883	
0.997154	0.00252719	0.075348	-0.000785948	0.999732	-0.0231301	-0.0753862	0.0230051	0.996889	-0.6415	1.7298	69.3486	
0.996976	0.00258032	0.0776728	-0.000819994	0.999742	-0.0226868	-0.0777113	0.0225545	0.996721	-0.699879	1.74718	70.1088	
0.996792	0.0026324	0.0799972	-0.000855077	0.999752	-0.0222435	-0.080036	0.0221037	0.996547	-0.76003	1.7642	70.8688	
0.996602	0.00268343	0.0823213	-0.000891197	0.999762	-0.0218002	-0.0823602	0.0216528	0.996367	-0.821954	1.78089	71.6288	
0.99502	0.00299137	0.09963	-0.00160379	0.999901	-0.0140046	-0.099662	0.0137751	0.994926	-0.891363	1.7944	72.3881	
0.993137	0.00316233	0.116911	-0.0024517	0.999978	-0.00622169	-0.116928	0.00589236	0.993123	-0.973954	1.8019	73.1462	
0.990955	0.00319623	0.134157	-0.00343463	0.999993	0.00154569	-0.134151	-0.00199249	0.990959	-1.0697	1.80339	73.9028	
0.988474	0.00309306	0.151362	-0.00455223	0.999946	0.00929472	-0.151325	-0.00987662	0.988435	-1.17856	1.79886	74.6576	
0.985694	0.00285286	0.16852	-0.00580408	0.999838	0.0170226	-0.168444	-0.0177572	0.985551	-1.30049	1.78832	75.4103	
