1	0	0	0	1	0	0	0	1	0	0	0	
1	-1.17074e-06	0.000950209	-1.17074e-06	0.999997	0.00246418	-0.000950209	-0.00246418	0.999997	-0.000506778	-0.00131423	1.06667	
0.999998	-4.69968e-06	0.00190375	-4.70014e-06	0.999988	0.00493749	-0.00190375	-0.00493749	0.999986	-0.00202889	-0.00526178	2.13332	
0.999996	-1.06117e-05	0.00286058	-1.06135e-05	0.999972	0.0074198	-0.00286058	-0.0074198	0.999968	-0.00456987	-0.0118523	3.19997	
0.999993	-1.89312e-05	0.00382062	-1.89359e-05	0.999951	0.00991097	-0.00382062	-0.00991097	0.999944	-0.00813318	-0.0210954	4.26659	
0.999989	-2.96824e-05	0.00478384	-2.96918e-05	0.999923	0.0124109	-0.00478384	-0.0124109	0.999912	-0.0127222	-0.0330004	5.33318	
0.999983	-4.28889e-05	0.00575018	-4.29054e-05	0.999889	0.0149193	-0.00575018	-0.0149193	0.999872	-0.0183404	-0.0475765	6.39973	
0.999977	-5.8574e-05	0.00671957	-5.86005e-05	0.999848	0.0174363	-0.00671957	-0.0174363	0.999825	-0.0249909	-0.0648328	7.46623	
0.99997	-7.67605e-05	0.00769198	-7.68004e-05	0.999801	0.0199615	-0.00769198	-0.0199615	0.999771	-0.0326771	-0.0847783	8.53269	
0.999962	-9.74708e-05	0.00866733	-9.7528e-05	0.999747	0.0224949	-0.00866733	-0.0224949	0.999709	-0.041402	-0.107422	9.59908	
0.999953	-0.000120727	0.00964558	-0.000120806	0.999687	0.0250363	-0.00964558	-0.0250363	0.99964	-0.0511689	-0.132772	10.6654	
0.999944	-0.000146551	0.0106267	-0.000146656	0.999619	0.0275856	-0.0106267	-0.0275856	0.999563	-0.0619808	-0.160837	11.7316	
0.999933	-0.000174963	0.0116105	-0.000175101	0.999546	0.0301426	-0.0116105	-0.0301426	0.999478	-0.0738407	-0.191625	12.7978	
0.999921	-0.000205985	0.0125971	-0.00020616	0.999465	0.0327073	-0.0125971	-0.0327073	0.999386	-0.0867514	-0.225145	13.8639	
0.999908	-0.000239636	0.0135864	-0.000239856	0.999377	0.0352794	-0.0135864	-0.0352794	0.999285	-0.100716	-0.261405	14.9298	
0.999894	-0.000275936	0.0145783	-0.000276208	0.999283	0.0378588	-0.0145783	-0.0378588	0.999177	-0.115737	-0.300412	15.9957	
0.999879	-0.000314906	0.0155728	-0.000315237	0.999182	0.0404454	-0.0155728	-0.0404454	0.99906	-0.131818	-0.342174	17.0614	
0.999863	-0.000356563	0.0165697	-0.000356962	0.999073	0.043039	-0.0165697	-0.043039	0.998936	-0.14896	-0.386699	18.127	
0.999846	-0.000400926	0.0175691	-0.000401402	0.998958	0.0456396	-0.0175691	-0.0456396	0.998803	-0.167168	-0.433994	19.1925	
0.999827	-0.000448014	0.018571	-0.000448575	0.998835	0.0482468	-0.0185709	-0.0482468	0.998663	-0.186443	-0.484067	20.2578	
0.999808	-0.000497844	0.0195751	-0.0004985	0.998706	0.0508607	-0.0195751	-0.0508607	0.998514	-0.206787	-0.536925	21.3229	
0.999788	-0.000550432	0.0205815	-0.000551194	0.998569	0.053481	-0.0205815	-0.0534811	0.998357	-0.228204	-0.592574	22.3879	
0.999767	-0.000605796	0.0215902	-0.000606675	0.998425	0.0561077	-0.0215902	-0.0561077	0.998191	-0.250696	-0.651021	23.4528	
0.999744	-0.000663952	0.022601	-0.000664959	0.998273	0.0587405	-0.022601	-0.0587405	0.998017	-0.274264	-0.712273	24.5174	
0.999721	-0.000724916	0.0236139	-0.000726063	0.998114	0.0613794	-0.0236139	-0.0613794	0.997835	-0.298912	-0.776337	25.5819	
0.999696	-0.000788702	0.0246289	-0.000790002	0.997948	0.0640241	-0.0246289	-0.0640241	0.997644	-0.324642	-0.843219	26.6461	
0.999671	-0.000855325	0.0256459	-0.000856792	0.997774	0.0666746	-0.0256459	-0.0666746	0.997445	-0.351455	-0.912925	27.7102	
0.999644	-0.0009248	0.0266649	-0.000926448	0.997593	0.0693306	-0.0266648	-0.0693307	0.997237	-0.379354	-0.985461	28.774	
0.999616	-0.000997141	0.0276857	-0.000998983	0.997405	0.0719922	-0.0276856	-0.0719922	0.997021	-0.408341	-1.06083	29.8376	
0.999587	-0.00107236	0.0287084	-0.00107441	0.997209	0.074659	-0.0287083	-0.074659	0.996796	-0.438418	-1.13905	30.901	
0.999557	-0.00115047	0.0297328	-0.00115275	0.997005	0.077331	-0.0297327	-0.077331	0.996562	-0.469586	-1.22011	31.9641	
0.999526	-0.00123149	0.0307589	-0.00123401	0.996793	0.0800079	-0.0307588	-0.080008	0.99632	-0.501848	-1.30402	33.027	
0.999494	-0.00131542	0.0317867	-0.0013182	0.996574	0.0826898	-0.0317866	-0.0826899	0.996068	-0.535206	-1.3908	34.0896	
0.99946	-0.00140227	0.0328162	-0.00140533	0.996348	0.0853764	-0.032816	-0.0853764	0.995808	-0.569661	-1.48043	35.1519	
0.999426	-0.00149207	0.0338471	-0.00149542	0.996113	0.0880675	-0.033847	-0.0880676	0.995539	-0.605214	-1.57293	36.214	
0.99939	-0.00158481	0.0348796	-0.00158848	0.995871	0.0907631	-0.0348794	-0.0907632	0.995262	-0.641868	-1.66831	37.2757	
0.999353	-0.00168052	0.0359135	-0.00168451	0.995621	0.093463	-0.0359133	-0.093463	0.994975	-0.679625	-1.76657	38.3372	
0.999316	-0.00177918	0.0369487	-0.00178353	0.995364	0.096167	-0.0369485	-0.0961671	0.994679	-0.718484	-1.8677	39.3983	
0.999277	-0.00188083	0.0379853	-0.00188555	0.995098	0.098875	-0.0379851	-0.0988751	0.994375	-0.758449	-1.97172	40.4592	
0.999236	-0.00198546	0.0390232	-0.00199057	0.994825	0.101587	-0.0390229	-0.101587	0.994061	-0.79952	-2.07864	41.5197	
0.999195	-0.00209308	0.0400622	-0.00209861	0.994543	0.104302	-0.0400619	-0.104302	0.993738	-0.841698	-2.18844	42.5798	
0.999153	-0.0022037	0.0411024	-0.00220967	0.994254	0.107021	-0.0411021	-0.107022	0.993407	-0.884986	-2.30115	43.6396	
0.999109	-0.00231733	0.0421437	-0.00232376	0.993957	0.109744	-0.0421434	-0.109744	0.993066	-0.929383	-2.41676	44.6991	
0.999064	-0.00243397	0.0431861	-0.00244088	0.993652	0.11247	-0.0431857	-0.11247	0.992716	-0.974892	-2.53527	45.7582	
0.999018	-0.00255363	0.0442294	-0.00256105	0.993339	0.115198	-0.044229	-0.115199	0.992357	-1.02151	-2.6567	46.8169	
0.998971	-0.00267631	0.0452736	-0.00268427	0.993018	0.11793	-0.0452732	-0.11793	0.991989	-1.06925	-2.78103	47.8752	
0.998923	-0.00280202	0.0463188	-0.00281054	0.992689	0.120665	-0.0463182	-0.120665	0.991612	-1.1181	-2.90828	48.9331	
0.998873	-0.00293077	0.0473647	-0.00293986	0.992352	0.123402	-0.0473641	-0.123402	0.991226	-1.16806	-3.03845	49.9906	
0.998823	-0.00306255	0.0484114	-0.00307226	0.992007	0.126142	-0.0484108	-0.126142	0.99083	-1.21914	-3.17154	51.0477	
0.998771	-0.00319737	0.0494588	-0.00320771	0.991654	0.128884	-0.0494581	-0.128884	0.990426	-1.27134	-3.30756	52.1044	
0.998718	-0.00333523	0.0505068	-0.00334624	0.991293	0.131629	-0.0505061	-0.131629	0.990012	-1.32465	-3.4465	53.1606	
0.998664	-0.00347613	0.0515554	-0.00348784	0.990924	0.134375	-0.0515546	-0.134375	0.989588	-1.37908	-3.58837	54.2164	
0.998609	-0.00362008	0.0526045	-0.00363251	0.990547	0.137124	-0.0526037	-0.137124	0.989156	-1.43464	-3.73317	55.2717	
0.998552	-0.00376708	0.0536542	-0.00378027	0.990162	0.139874	-0.0536532	-0.139874	0.988715	-1.49131	-3.8809	56.3266	
0.998495	-0.00391713	0.0547042	-0.00393109	0.989769	0.142626	-0.0547032	-0.142626	0.988264	-1.5491	-4.03157	57.381	
0.998436	-0.00407022	0.0557546	-0.004085	0.989368	0.145379	-0.0557535	-0.14538	0.987804	-1.60801	-4.18517	58.4349	
0.998376	-0.00422636	0.0568053	-0.00424199	0.988958	0.148134	-0.0568041	-0.148134	0.987335	-1.66804	-4.34171	59.4883	
0.998315	-0.00438554	0.0578563	-0.00440205	0.988541	0.15089	-0.057855	-0.15089	0.986856	-1.72919	-4.50119	60.5412	
0.998253	-0.00454777	0.0589074	-0.00456519	0.988115	0.153647	-0.0589061	-0.153647	0.986368	-1.79146	-4.66361	61.5936	
0.99819	-0.00471304	0.0599587	-0.0047314	0.987682	0.156405	-0.0599573	-0.156405	0.985871	-1.85485	-4.82897	62.6455	
0.998125	-0.00488136	0.0610101	-0.00490069	0.98724	0.159163	-0.0610085	-0.159164	0.985365	-1.91937	-4.99728	63.6968	
0.99806	-0.0050527	0.0620615	-0.00507305	0.98679	0.161923	-0.0620598	-0.161923	0.98485	-1.98501	-5.16852	64.7476	
0.997993	-0.00522708	0.0631129	-0.00524848	0.986333	0.164683	-0.0631111	-0.164683	0.984325	-2.05176	-5.34271	65.7978	
0.997925	-0.00540449	0.0641641	-0.00542697	0.985867	0.167443	-0.0641622	-0.167443	0.983792	-2.11964	-5.51985	66.8475	
0.997856	-0.00558493	0.0652153	-0.00560852	0.985393	0.170203	-0.0652133	-0.170204	0.983249	-2.18864	-5.69993	67.8966	
0.997785	-0.00576838	0.0662663	-0.00579313	0.984911	0.172963	-0.0662641	-0.172964	0.982697	-2.25877	-5.88295	68.9451	
0.997714	-0.00595484	0.067317	-0.00598078	0.984421	0.175724	-0.0673147	-0.175725	0.982135	-2.33001	-6.06892	69.993	
0.997606	-0.00623127	0.0688667	-0.00590741	0.98461	0.174666	-0.0688953	-0.174654	0.982217	-2.40265	-6.25579	71.0406	
0.997362	-0.00678957	0.0722671	-0.00403827	0.988883	0.148639	-0.072473	-0.148539	0.986247	-2.47805	-6.42816	72.0905	
0.997106	-0.00725746	0.0756803	-0.00207521	0.992464	0.122515	-0.0759991	-0.122318	0.989577	-2.55724	-6.57263	73.1444	
0.996837	-0.0076346	0.0791037	-1.96205e-05	0.995351	0.0963125	-0.0794712	-0.0960094	0.992203	-2.64017	-6.68908	74.2014	
0.996557	-0.00792074	0.0825349	0.00212704	0.997541	0.0700498	-0.0828868	-0.069633	0.994123	-2.72676	-6.77743	75.2608	
0.996265	-0.00811566	0.0859716	0.00436324	0.999033	0.0437456	-0.0862435	-0.0432071	0.995337	-2.81697	-6.83761	76.3219	
0.995961	-0.00821924	0.0894112	0.00668739	0.999826	0.0174187	-0.0895388	-0.0167504	0.995842	-2.91073	-6.86959	77.384	
0.995646	-0.00823139	0.0928514	0.00909784	0.999919	-0.00891217	-0.0927705	0.00971811	0.99564	-3.00796	-6.87334	78.4461	
0.99532	-0.0081521	0.0962896	0.0115929	0.999312	-0.0352284	-0.0959362	0.0361798	0.99473	-3.10861	-6.84886	79.5077	
0.994983	-0.00798144	0.0997235	0.0141707	0.998006	-0.0615111	-0.0990337	0.0626157	0.993112	-3.2126	-6.79617	80.568	
0.994636	-0.00771952	0.103151	0.0168295	0.996001	-0.0877418	-0.102061	0.0890071	0.990788	-3.31986	-6.7153	81.6261	
0.994278	-0.00736653	0.106568	0.0195674	0.993299	-0.113902	-0.105015	0.115335	0.98776	-3.43031	-6.60631	82.6814	
0.99391	-0.00692272	0.109975	0.0223825	0.989902	-0.139972	-0.107895	0.141581	0.984029	-3.54387	-6.46928	83.7331	
0.993533	-0.00638841	0.113367	0.0252727	0.985813	-0.165935	-0.110698	0.167727	0.979599	-3.66046	-6.3043	84.7804	
0.993146	-0.00576398	0.116742	0.0282359	0.981033	-0.191771	-0.113423	0.193753	0.974472	-3.77999	-6.1115	85.8227	
0.992749	-0.00504987	0.120099	0.0312702	0.975568	-0.217462	-0.116066	0.219641	0.968652	-3.9024	-5.89101	86.859	
0.992344	-0.00424658	0.123434	0.0343733	0.969419	-0.242991	-0.118627	0.245373	0.962143	-4.02757	-5.64299	87.8889	
0.99193	-0.0033547	0.126746	0.0375429	0.962593	-0.268338	-0.121104	0.270931	0.95495	-4.15544	-5.36761	88.9114	
0.991507	-0.00237485	0.130031	0.040777	0.955093	-0.293486	-0.123495	0.296296	0.947078	-4.2859	-5.06507	89.9259	
0.991076	-0.00130773	0.133289	0.0440731	0.946925	-0.318418	-0.125798	0.321451	0.938533	-4.41886	-4.73559	90.9316	
0.990638	-0.000154101	0.136515	0.0474289	0.938096	-0.343114	-0.128011	0.346376	0.92932	-4.55423	-4.37939	91.9278	
0.990192	0.00108522	0.139709	0.050842	0.92861	-0.367558	-0.130134	0.371056	0.919447	-4.69192	-3.99674	92.9139	
0.989739	0.00240935	0.142867	0.05431	0.918475	-0.391732	-0.132164	0.395472	0.90892	-4.83182	-3.5879	93.8891	
0.989279	0.00381734	0.145988	0.0578305	0.907698	-0.415619	-0.1341	0.419606	0.897746	-4.97384	-3.15317	94.8527	
0.988812	0.0053082	0.149069	0.0614009	0.896287	-0.439203	-0.13594	0.443442	0.885934	-5.11787	-2.69285	95.804	
0.98834	0.00688087	0.152109	0.0650187	0.88425	-0.462465	-0.137684	0.466963	0.873492	-5.26381	-2.20727	96.7425	
0.987861	0.00853423	0.155104	0.0686813	0.871595	-0.485391	-0.13933	0.490152	0.860429	-5.41156	-1.69678	97.6673	
0.987377	0.0102671	0.158053	0.0723862	0.858332	-0.507963	-0.140877	0.512992	0.846754	-5.56101	-1.16174	98.5778	
0.986888	0.0120782	0.160954	0.0761306	0.84447	-0.530165	-0.142324	0.535467	0.832477	-5.71206	-0.602524	99.4735	
0.986394	0.0139664	0.163804	0.0799119	0.830018	-0.551982	-0.14367	0.557562	0.817609	-5.8646	-0.0195408	100.354	
0.985896	0.0159302	0.166602	0.0837275	0.814987	-0.573398	-0.144913	0.57926	0.802158	-6.01852	0.5868	101.217	
0.985393	0.0179682	0.169346	0.0875746	0.799388	-0.594399	-0.146053	0.600546	0.786138	-6.17371	1.21607	102.065	
0.984886	0.0200791	0.172033	0.0914504	0.783232	-0.614968	-0.14709	0.621406	0.769558	-6.33006	1.86781	102.894	
