1	0	0	0	1	0	0	0	1	0	0	0	
0.999995	4.07957e-06	0.00300673	4.07957e-06	0.999996	-0.00271361	-0.00300673	0.00271361	0.999992	-0.00119434	0.00107791	0.794442	
0.999982	1.63251e-05	0.00601395	1.63332e-05	0.999985	-0.00543033	-0.00601395	0.00543033	0.999967	-0.00477756	0.00431287	1.58887	
0.999959	3.67487e-05	0.00902158	3.67808e-05	0.999967	-0.0081501	-0.00902158	0.0081501	0.999926	-0.01075	0.00970732	2.38327	
0.999928	6.53618e-05	0.0120295	6.54422e-05	0.999941	-0.0108728	-0.0120295	0.0108728	0.999869	-0.019112	0.0172637	3.17764	
0.999887	0.000102176	0.0150378	0.000102337	0.999908	-0.0135985	-0.0150378	0.0135985	0.999794	-0.0298638	0.0269843	3.97195	
0.999837	0.000147201	0.0180462	0.000147483	0.999867	-0.016327	-0.0180462	0.016327	0.999704	-0.0430055	0.0388714	4.7662	
0.999778	0.000200449	0.0210547	0.0002009	0.999818	-0.0190583	-0.0210547	0.0190583	0.999597	-0.0585372	0.0529272	5.56036	
0.99971	0.000261929	0.0240633	0.000262605	0.999762	-0.0217924	-0.0240633	0.0217924	0.999473	-0.0764591	0.0691541	6.35444	
0.999633	0.00033165	0.0270718	0.000332618	0.999699	-0.024529	-0.0270718	0.024529	0.999332	-0.0967712	0.087554	7.14841	
0.999547	0.000409623	0.0300803	0.000410954	0.999628	-0.0272683	-0.0300803	0.0272683	0.999175	-0.119473	0.108129	7.94226	
0.999452	0.000495855	0.0330885	0.000497631	0.999549	-0.0300101	-0.0330885	0.0300101	0.999002	-0.144565	0.130881	8.73599	
0.999348	0.000590356	0.0360965	0.000592665	0.999463	-0.0327544	-0.0360965	0.0327544	0.998811	-0.172047	0.155813	9.52956	
0.999235	0.000693134	0.0391042	0.000696074	0.999369	-0.035501	-0.0391041	0.0355011	0.998604	-0.201919	0.182926	10.323	
0.999113	0.000804196	0.0421114	0.000807873	0.999268	-0.03825	-0.0421114	0.0382501	0.99838	-0.234179	0.212221	11.1162	
0.998981	0.000923549	0.0451182	0.000928077	0.999159	-0.0410013	-0.0451181	0.0410014	0.99814	-0.268829	0.243702	11.9093	
0.998841	0.0010512	0.0481244	0.0010567	0.999042	-0.0437547	-0.0481243	0.0437548	0.997883	-0.305867	0.277369	12.7022	
0.998691	0.00118716	0.05113	0.00119376	0.998917	-0.0465103	-0.0511299	0.0465105	0.997608	-0.345293	0.313224	13.4948	
0.998533	0.00133143	0.054135	0.00133927	0.998785	-0.0492679	-0.0541348	0.0492682	0.997317	-0.387106	0.35127	14.2872	
0.998365	0.00148401	0.0571391	0.00149325	0.998645	-0.0520276	-0.0571389	0.0520279	0.99701	-0.431307	0.391507	15.0794	
0.998188	0.00164492	0.0601424	0.0016557	0.998497	-0.0547892	-0.0601421	0.0547895	0.996685	-0.477893	0.433937	15.8714	
0.998003	0.00181416	0.0631448	0.00182665	0.998341	-0.0575526	-0.0631444	0.057553	0.996344	-0.526866	0.478562	16.6631	
0.997808	0.00199173	0.0661462	0.00200609	0.998177	-0.0603179	-0.0661457	0.0603184	0.995985	-0.578223	0.525383	17.4545	
0.997604	0.00217764	0.0691465	0.00219406	0.998006	-0.0630849	-0.069146	0.0630855	0.99561	-0.631964	0.574402	18.2456	
0.997391	0.00237189	0.0721457	0.00239056	0.997826	-0.0658536	-0.0721451	0.0658543	0.995218	-0.688088	0.62562	19.0364	
0.997169	0.00257448	0.0751437	0.00259559	0.997639	-0.0686239	-0.075143	0.0686246	0.994809	-0.746594	0.679038	19.8268	
0.996938	0.00278542	0.0781404	0.00280918	0.997444	-0.0713957	-0.0781396	0.0713966	0.994383	-0.807481	0.734658	20.617	
0.996699	0.00300472	0.0811358	0.00303134	0.997241	-0.0741689	-0.0811348	0.07417	0.99394	-0.870748	0.79248	21.4068	
0.99645	0.00323236	0.0841297	0.00326206	0.99703	-0.0769436	-0.0841286	0.0769449	0.99348	-0.936395	0.852506	22.1963	
0.996192	0.00346837	0.0871222	0.00350138	0.996811	-0.0797197	-0.0871209	0.0797211	0.993003	-1.00442	0.914738	22.9853	
0.995925	0.00371273	0.0901131	0.00374929	0.996584	-0.082497	-0.0901115	0.0824986	0.992509	-1.07482	0.979175	23.774	
0.995649	0.00396545	0.0931023	0.0040058	0.996349	-0.0852755	-0.0931006	0.0852774	0.991998	-1.1476	1.04582	24.5623	
0.995364	0.00422653	0.0960899	0.00427093	0.996106	-0.0880551	-0.0960879	0.0880573	0.99147	-1.22275	1.11467	25.3502	
0.99507	0.00449597	0.0990756	0.00454469	0.995856	-0.0908358	-0.0990734	0.0908382	0.990925	-1.30027	1.18573	26.1376	
0.994767	0.00477377	0.10206	0.00482707	0.995597	-0.0936175	-0.102057	0.0936203	0.990363	-1.38016	1.259	26.9247	
0.994455	0.00505994	0.105042	0.0051181	0.995329	-0.0964002	-0.105039	0.0964033	0.989784	-1.46242	1.33449	27.7112	
0.994134	0.00535447	0.108022	0.00541778	0.995054	-0.0991837	-0.108018	0.0991872	0.989189	-1.54706	1.41218	28.4973	
0.993804	0.00565735	0.110999	0.00572611	0.994771	-0.101968	-0.110996	0.101972	0.988576	-1.63405	1.49208	29.2829	
0.993466	0.0059686	0.113975	0.0060431	0.99448	-0.104753	-0.113971	0.104757	0.987946	-1.72342	1.5742	30.068	
0.993118	0.00628821	0.116949	0.00636877	0.99418	-0.107539	-0.116945	0.107544	0.987299	-1.81514	1.65853	30.8526	
0.992761	0.00661617	0.11992	0.00670311	0.993873	-0.110325	-0.119915	0.11033	0.986634	-1.90923	1.74508	31.6367	
0.992396	0.00695249	0.122889	0.00704614	0.993557	-0.113112	-0.122884	0.113118	0.985953	-2.00567	1.83384	32.4203	
0.992022	0.00729716	0.125856	0.00739786	0.993233	-0.115899	-0.12585	0.115906	0.985255	-2.10448	1.92481	33.2033	
0.991638	0.00765019	0.12882	0.00775827	0.992901	-0.118687	-0.128814	0.118694	0.98454	-2.20563	2.018	33.9858	
0.991246	0.00801156	0.131782	0.00812738	0.992561	-0.121475	-0.131774	0.121483	0.983808	-2.30914	2.1134	34.7676	
0.990845	0.00838127	0.13474	0.0085052	0.992213	-0.124264	-0.134733	0.124272	0.983058	-2.41501	2.21102	35.5489	
0.990436	0.00875932	0.137697	0.00889173	0.991856	-0.127052	-0.137688	0.127061	0.982292	-2.52322	2.31086	36.3296	
0.990017	0.00914571	0.14065	0.00928697	0.991491	-0.129841	-0.140641	0.129851	0.981508	-2.63378	2.41291	37.1097	
0.98959	0.00954043	0.143601	0.00969092	0.991118	-0.13263	-0.143591	0.13264	0.980708	-2.74668	2.51718	37.8891	
0.989153	0.00994348	0.146549	0.0101036	0.990737	-0.135418	-0.146538	0.13543	0.97989	-2.86193	2.62366	38.6679	
0.988708	0.0103549	0.149494	0.010525	0.990347	-0.138207	-0.149482	0.13822	0.979056	-2.97951	2.73236	39.446	
0.988255	0.0107745	0.152435	0.0109551	0.98995	-0.140996	-0.152422	0.141009	0.978204	-3.09944	2.84328	40.2235	
0.987792	0.0112025	0.155374	0.011394	0.989544	-0.143784	-0.15536	0.143799	0.977336	-3.22169	2.95641	41.0003	
0.987321	0.0116388	0.15831	0.0118416	0.989129	-0.146572	-0.158295	0.146588	0.97645	-3.34629	3.07176	41.7764	
0.986841	0.0120834	0.161242	0.0122979	0.988706	-0.14936	-0.161226	0.149377	0.975547	-3.47321	3.18932	42.5517	
0.986307	0.0125825	0.164438	0.0132367	0.987829	-0.154981	-0.164387	0.155035	0.974136	-3.60255	3.31024	43.3262	
0.985762	0.0131011	0.167636	0.0141939	0.986918	-0.160595	-0.167547	0.160688	0.972681	-3.7344	3.43565	44.0995	
0.985205	0.0136392	0.170834	0.0151697	0.985975	-0.166203	-0.170705	0.166335	0.971181	-3.86876	3.56555	44.8717	
0.984637	0.0141968	0.174033	0.0161639	0.984999	-0.171802	-0.173862	0.171976	0.969637	-4.00563	3.69994	45.6426	
0.984058	0.014774	0.177233	0.0171765	0.98399	-0.177395	-0.177016	0.177611	0.968049	-4.14501	3.8388	46.4123	
0.983467	0.0153708	0.180432	0.0182076	0.982948	-0.182979	-0.180168	0.183239	0.966418	-4.28689	3.98214	47.1807	
0.982865	0.0159871	0.183631	0.019257	0.981874	-0.188555	-0.183317	0.18886	0.964742	-4.43127	4.12995	47.9478	
0.982252	0.016623	0.186829	0.0203249	0.980767	-0.194122	-0.186462	0.194474	0.963022	-4.57816	4.28222	48.7136	
0.981627	0.0172785	0.190026	0.0214112	0.979627	-0.19968	-0.189604	0.20008	0.961259	-4.72754	4.43894	49.478	
0.980991	0.0179535	0.193221	0.0225158	0.978455	-0.205229	-0.192742	0.205678	0.959451	-4.87942	4.60012	50.2409	
0.980344	0.0186481	0.196414	0.0236387	0.97725	-0.210768	-0.195876	0.211268	0.9576	-5.03379	4.76574	51.0024	
0.979685	0.0193622	0.199606	0.02478	0.976013	-0.216298	-0.199006	0.21685	0.955705	-5.19064	4.9358	51.7624	
0.979015	0.0200957	0.202794	0.0259395	0.974743	-0.221818	-0.20213	0.222423	0.953767	-5.34998	5.11029	52.5209	
0.978334	0.0208488	0.20598	0.0271172	0.973441	-0.227327	-0.205249	0.227987	0.951785	-5.51181	5.2892	53.2778	
0.977642	0.0216212	0.209163	0.0283132	0.972106	-0.232825	-0.208362	0.233541	0.94976	-5.6761	5.47253	54.0332	
0.976938	0.0224131	0.212342	0.0295273	0.97074	-0.238312	-0.21147	0.239086	0.947691	-5.84287	5.66027	54.7869	
0.976224	0.0232243	0.215517	0.0307596	0.969341	-0.243788	-0.214571	0.244621	0.945579	-6.0121	5.85241	55.5389	
0.975498	0.0240549	0.218688	0.03201	0.967909	-0.249253	-0.217666	0.250146	0.943424	-6.1838	6.04895	56.2893	
0.974762	0.0249047	0.221854	0.0332784	0.966446	-0.254705	-0.220754	0.25566	0.941226	-6.35795	6.24986	57.0379	
0.974014	0.0257737	0.225016	0.0345648	0.964951	-0.260146	-0.223834	0.261163	0.938985	-6.53455	6.45516	57.7848	
0.973256	0.0266619	0.228172	0.0358692	0.963423	-0.265574	-0.226907	0.266655	0.936701	-6.71359	6.66482	58.5298	
0.972486	0.0275692	0.231323	0.0371915	0.961864	-0.270989	-0.229972	0.272136	0.934374	-6.89508	6.87884	59.2731	
0.971706	0.0284956	0.234468	0.0385316	0.960272	-0.276391	-0.233029	0.277605	0.932005	-7.07899	7.09721	60.0145	
0.970915	0.0294409	0.237607	0.0398896	0.958649	-0.28178	-0.236078	0.283063	0.929593	-7.26533	7.31992	60.7539	
0.970113	0.0304051	0.240739	0.0412653	0.956995	-0.287156	-0.239117	0.288508	0.927139	-7.45409	7.54696	61.4915	
0.969301	0.0313882	0.243865	0.0426588	0.955308	-0.292517	-0.242148	0.29394	0.924642	-7.64526	7.77833	62.227	
0.968478	0.03239	0.246983	0.0440698	0.95359	-0.297865	-0.245168	0.29936	0.922104	-7.83884	8.014	62.9606	
0.967645	0.0334105	0.250094	0.0454985	0.951841	-0.303198	-0.24818	0.304767	0.919524	-8.0348	8.25397	63.6921	
0.966801	0.0344495	0.253197	0.0469447	0.95006	-0.308516	-0.251181	0.31016	0.916902	-8.23316	8.49824	64.4216	
0.965947	0.0355071	0.256292	0.0484083	0.948248	-0.313819	-0.254171	0.31554	0.914238	-8.4339	8.74678	65.149	
0.965083	0.036583	0.259378	0.0498893	0.946404	-0.319108	-0.257151	0.320906	0.911533	-8.63701	8.99959	65.8742	
0.964208	0.0376773	0.262456	0.0513877	0.94453	-0.32438	-0.26012	0.326257	0.908787	-8.84248	9.25666	66.5973	
0.963323	0.0387897	0.265525	0.0529033	0.942624	-0.329638	-0.263077	0.331595	0.906	-9.05031	9.51797	67.3182	
0.962429	0.0399203	0.268585	0.054436	0.940688	-0.334879	-0.266023	0.336917	0.903171	-9.26048	9.78352	68.0368	
0.961524	0.0410688	0.271635	0.0559859	0.93872	-0.340103	-0.268956	0.342225	0.900302	-9.47299	10.0533	68.7532	
0.960609	0.0422352	0.274675	0.0575528	0.936722	-0.345312	-0.271878	0.347518	0.897393	-9.68782	10.3273	69.4673	
0.959885	0.0431829	0.277049	0.0629177	0.929702	-0.362899	-0.273244	0.365773	0.88969	-9.90436	10.6106	70.1772	
0.959157	0.0441789	0.279403	0.0683084	0.922324	-0.380332	-0.274502	0.383884	0.881636	-10.1219	10.9084	70.8808	
0.958426	0.0452229	0.281734	0.0737228	0.914591	-0.397603	-0.275652	0.401843	0.873234	-10.3405	11.2205	71.5779	
0.957692	0.0463144	0.284043	0.0791587	0.906506	-0.414705	-0.276694	0.419644	0.864488	-10.5599	11.5469	72.2682	
0.956956	0.047453	0.286328	0.0846141	0.898073	-0.431631	-0.277626	0.437279	0.855401	-10.7801	11.8873	72.9514	
0.956217	0.0486382	0.288589	0.0900868	0.889294	-0.448375	-0.278448	0.454742	0.845976	-11.001	12.2416	73.6272	
0.955476	0.0498695	0.290824	0.0955745	0.880173	-0.464931	-0.279161	0.472026	0.836218	-11.2225	12.6097	74.2955	
0.954733	0.0511466	0.293033	0.101075	0.870714	-0.481291	-0.279764	0.489123	0.82613	-11.4445	12.9915	74.9558	
0.953989	0.0524688	0.295214	0.106587	0.86092	-0.497449	-0.280256	0.506027	0.815716	-11.667	13.3868	75.608	
