1	0	0	0	1	0	0	0	1	0	0	0	
0.999997	-8.89582e-07	0.00250073	-8.89582e-07	1	0.000711456	-0.00250073	-0.000711456	0.999997	-0.00124089	-0.000353033	0.992423	
0.999987	-3.57007e-06	0.0050087	-3.57292e-06	0.999999	0.00142611	-0.0050087	-0.00142611	0.999986	-0.00496717	-0.00141372	1.98484	
0.999972	-8.05963e-06	0.00752378	-8.07103e-06	0.999998	0.00214392	-0.00752378	-0.00214392	0.999969	-0.0111859	-0.00318521	2.97724	
0.99995	-1.43762e-05	0.0100459	-1.44048e-05	0.999996	0.00286488	-0.0100459	-0.00286488	0.999945	-0.0199042	-0.00567064	3.96962	
0.999921	-2.25374e-05	0.0125748	-2.25948e-05	0.999994	0.00358895	-0.0125748	-0.00358895	0.999914	-0.0311289	-0.00887311	4.96198	
0.999886	-3.25608e-05	0.0151105	-3.26615e-05	0.999991	0.0043161	-0.0151105	-0.0043161	0.999877	-0.0448666	-0.0127957	5.9543	
0.999844	-4.44636e-05	0.0176528	-4.46251e-05	0.999987	0.0050463	-0.0176528	-0.0050463	0.999831	-0.0611242	-0.0174414	6.94658	
0.999796	-5.82628e-05	0.0202016	-5.85058e-05	0.999983	0.00577953	-0.0202016	-0.00577953	0.999779	-0.079908	-0.0228133	7.93881	
0.999741	-7.39751e-05	0.0227568	-7.43232e-05	0.999979	0.00651575	-0.0227568	-0.00651575	0.99972	-0.101224	-0.0289144	8.93099	
0.999679	-9.1617e-05	0.0253182	-9.2097e-05	0.999974	0.00725494	-0.0253182	-0.00725494	0.999653	-0.12508	-0.0357476	9.9231	
0.999611	-0.000111205	0.0278858	-0.000111847	0.999968	0.00799706	-0.0278858	-0.00799707	0.999579	-0.15148	-0.0433158	10.9151	
0.999536	-0.000132755	0.0304594	-0.000133591	0.999962	0.00874209	-0.0304594	-0.0087421	0.999498	-0.180432	-0.051622	11.9071	
0.999454	-0.000156282	0.0330388	-0.000157349	0.999955	0.00948999	-0.0330388	-0.00949001	0.999409	-0.211941	-0.060669	12.899	
0.999365	-0.000181803	0.0356241	-0.00018314	0.999948	0.0102407	-0.0356241	-0.0102408	0.999313	-0.246012	-0.0704597	13.8908	
0.99927	-0.000209332	0.0382149	-0.000210982	0.99994	0.0109943	-0.0382149	-0.0109943	0.999209	-0.282652	-0.0809968	14.8825	
0.999167	-0.000238884	0.0408113	-0.000240893	0.999931	0.0117507	-0.0408113	-0.0117507	0.999098	-0.321866	-0.0922832	15.8741	
0.999057	-0.000270475	0.0434131	-0.000272891	0.999922	0.0125098	-0.0434131	-0.0125098	0.998979	-0.363659	-0.104322	16.8655	
0.99894	-0.000304118	0.0460201	-0.000306995	0.999912	0.0132716	-0.0460201	-0.0132717	0.998852	-0.408037	-0.117115	17.8569	
0.998817	-0.000339827	0.0486323	-0.00034322	0.999901	0.0140361	-0.0486323	-0.0140362	0.998718	-0.455004	-0.130665	18.8481	
0.998686	-0.000377618	0.0512495	-0.000381586	0.99989	0.0148033	-0.0512494	-0.0148034	0.998576	-0.504567	-0.144976	19.8392	
0.998548	-0.000417502	0.0538715	-0.000422108	0.999879	0.0155731	-0.0538715	-0.0155732	0.998426	-0.556729	-0.160049	20.8301	
0.998403	-0.000459494	0.0564984	-0.000464803	0.999866	0.0163455	-0.0564983	-0.0163456	0.998269	-0.611496	-0.175887	21.8209	
0.99825	-0.000503607	0.0591298	-0.000509688	0.999853	0.0171204	-0.0591298	-0.0171206	0.998103	-0.668872	-0.192494	22.8115	
0.998091	-0.000549854	0.0617658	-0.000556779	0.99984	0.0178979	-0.0617658	-0.0178982	0.99793	-0.728862	-0.209871	23.802	
0.997924	-0.000598246	0.0644062	-0.000606092	0.999825	0.0186779	-0.0644061	-0.0186782	0.997749	-0.79147	-0.22802	24.7923	
0.997749	-0.000648796	0.0670509	-0.000657643	0.99981	0.0194604	-0.0670508	-0.0194607	0.99756	-0.856701	-0.246945	25.7824	
0.997568	-0.000701517	0.0696996	-0.000711446	0.999795	0.0202453	-0.0696995	-0.0202456	0.997363	-0.924558	-0.266648	26.7723	
0.997379	-0.000756419	0.0723524	-0.000767518	0.999778	0.0210326	-0.0723523	-0.021033	0.997157	-0.995046	-0.287131	27.762	
0.997183	-0.000813514	0.0750091	-0.000825872	0.999762	0.0218222	-0.075009	-0.0218227	0.996944	-1.06817	-0.308396	28.7515	
0.996979	-0.000872814	0.0776696	-0.000886524	0.999744	0.0226142	-0.0776694	-0.0226147	0.996723	-1.14393	-0.330447	29.7408	
0.996768	-0.000934328	0.0803336	-0.000949487	0.999726	0.0234085	-0.0803335	-0.0234091	0.996493	-1.22233	-0.353284	30.7298	
0.996549	-0.000998068	0.0830012	-0.00101478	0.999707	0.024205	-0.083001	-0.0242057	0.996255	-1.30338	-0.376912	31.7186	
0.996323	-0.00106404	0.0856722	-0.0010824	0.999687	0.0250038	-0.085672	-0.0250046	0.99601	-1.38708	-0.40133	32.7072	
0.996089	-0.00113226	0.0883465	-0.00115238	0.999666	0.0258048	-0.0883462	-0.0258057	0.995756	-1.47343	-0.426543	33.6956	
0.995848	-0.00120274	0.0910238	-0.00122473	0.999645	0.0266079	-0.0910235	-0.0266089	0.995493	-1.56243	-0.452552	34.6836	
0.995599	-0.00127548	0.0937042	-0.00129945	0.999623	0.0274132	-0.0937039	-0.0274143	0.995223	-1.6541	-0.479359	35.6715	
0.995343	-0.00135049	0.0963875	-0.00137657	0.999601	0.0282206	-0.0963871	-0.0282218	0.994944	-1.74842	-0.506966	36.659	
0.995079	-0.00142778	0.0990735	-0.00145609	0.999577	0.02903	-0.0990731	-0.0290314	0.994657	-1.84541	-0.535376	37.6463	
0.994808	-0.00150737	0.101762	-0.00153802	0.999553	0.0298414	-0.101762	-0.029843	0.994361	-1.94507	-0.56459	38.6333	
0.994529	-0.00158925	0.104453	-0.00162238	0.999529	0.0306549	-0.104453	-0.0306566	0.994057	-2.0474	-0.594611	39.6199	
0.994242	-0.00167343	0.107147	-0.00170918	0.999503	0.0314702	-0.107146	-0.0314722	0.993745	-2.15239	-0.62544	40.6063	
0.993947	-0.00175993	0.109843	-0.00179842	0.999477	0.0322875	-0.109842	-0.0322897	0.993424	-2.26007	-0.657079	41.5924	
0.993645	-0.00184875	0.112541	-0.00189012	0.99945	0.0331067	-0.11254	-0.0331091	0.993095	-2.37042	-0.689531	42.5781	
0.993336	-0.0019399	0.11524	-0.0019843	0.999422	0.0339277	-0.11524	-0.0339303	0.992758	-2.48344	-0.722797	43.5635	
0.993018	-0.00203338	0.117942	-0.00208095	0.999394	0.0347506	-0.117941	-0.0347534	0.992412	-2.59915	-0.756878	44.5486	
0.992693	-0.00212919	0.120646	-0.00218009	0.999365	0.0355752	-0.120645	-0.0355783	0.992058	-2.71754	-0.791778	45.5333	
0.992361	-0.00222735	0.123351	-0.00228173	0.999335	0.0364015	-0.12335	-0.0364049	0.991695	-2.83861	-0.827497	46.5176	
0.99202	-0.00232786	0.126058	-0.00238587	0.999304	0.0372296	-0.126057	-0.0372332	0.991324	-2.96237	-0.864037	47.5016	
0.991672	-0.00243073	0.128766	-0.00249253	0.999272	0.0380593	-0.128765	-0.0380633	0.990944	-3.08882	-0.9014	48.4853	
0.991316	-0.00253596	0.131475	-0.00260171	0.99924	0.0388906	-0.131474	-0.038895	0.990556	-3.21795	-0.939588	49.4685	
0.990953	-0.00264355	0.134186	-0.00271342	0.999207	0.0397235	-0.134184	-0.0397283	0.99016	-3.34977	-0.978601	50.4514	
0.990581	-0.0027535	0.136897	-0.00282768	0.999173	0.040558	-0.136896	-0.0405631	0.989755	-3.48429	-1.01844	51.4338	
0.990203	-0.00286583	0.139609	-0.00294448	0.999139	0.041394	-0.139608	-0.0413995	0.989341	-3.62149	-1.05911	52.4159	
0.989816	-0.00298054	0.142322	-0.00306383	0.999103	0.0422315	-0.142321	-0.0422374	0.988919	-3.76139	-1.10062	53.3975	
0.989422	-0.00309762	0.145036	-0.00318574	0.999067	0.0430704	-0.145034	-0.0430768	0.988488	-3.90398	-1.14295	54.3787	
0.989019	-0.00321708	0.14775	-0.00331021	0.99903	0.0439107	-0.147748	-0.0439176	0.988049	-4.04926	-1.18612	55.3595	
0.98861	-0.00333893	0.150465	-0.00343726	0.998992	0.0447524	-0.150463	-0.0447598	0.987602	-4.19723	-1.23012	56.3399	
0.988192	-0.00346316	0.15318	-0.00356688	0.998954	0.0455954	-0.153177	-0.0456034	0.987146	-4.3479	-1.27496	57.3198	
0.987767	-0.00358978	0.155895	-0.00369909	0.998914	0.0464397	-0.155892	-0.0464483	0.986681	-4.50127	-1.32064	58.2992	
0.987334	-0.00371878	0.15861	-0.00383388	0.998874	0.0472853	-0.158607	-0.0472945	0.986208	-4.65733	-1.36715	59.2782	
0.986894	-0.00385018	0.161325	-0.00397126	0.998833	0.048132	-0.161322	-0.0481419	0.985727	-4.81608	-1.41451	60.2567	
0.986446	-0.00398396	0.164039	-0.00411123	0.998791	0.04898	-0.164036	-0.0489905	0.985237	-4.97753	-1.46271	61.2347	
0.98599	-0.00412013	0.166754	-0.00425381	0.998749	0.0498291	-0.16675	-0.0498403	0.984739	-5.14167	-1.51175	62.2122	
0.985036	-0.00440943	0.172295	-0.00478128	0.998589	0.0528915	-0.172285	-0.0529238	0.983624	-5.3099	-1.56274	63.1889	
0.98405	-0.00471614	0.177831	-0.00532611	0.998419	0.0559511	-0.177814	-0.0560058	0.982469	-5.48363	-1.61679	64.1645	
0.983033	-0.00504025	0.183361	-0.00588827	0.99824	0.0590079	-0.183336	-0.0590863	0.981273	-5.66283	-1.6739	65.139	
0.981984	-0.00538174	0.188885	-0.00646776	0.998051	0.0620616	-0.188851	-0.0621652	0.980036	-5.84752	-1.73407	66.1122	
0.980905	-0.00574059	0.194402	-0.00706456	0.997853	0.0651122	-0.194358	-0.0652422	0.978759	-6.03767	-1.79729	67.0842	
0.979795	-0.00611676	0.199911	-0.00767866	0.997645	0.0681595	-0.199857	-0.0683174	0.97744	-6.23329	-1.86357	68.0549	
0.978654	-0.00651022	0.205413	-0.00831006	0.997427	0.0712035	-0.205348	-0.0713906	0.976082	-6.43435	-1.93289	69.0242	
0.977482	-0.00692094	0.210907	-0.00895872	0.9972	0.074244	-0.21083	-0.0744616	0.974683	-6.64087	-2.00527	69.9922	
0.976279	-0.00734889	0.216391	-0.00962463	0.996963	0.0772809	-0.216302	-0.0775304	0.973243	-6.85282	-2.08069	70.9588	
0.971864	-0.00901231	0.235369	-0.0130717	0.995664	0.0920987	-0.235178	-0.0925841	0.967533	-7.07686	-2.1651	71.9219	
0.967082	-0.0109696	0.254228	-0.0168059	0.994136	0.106825	-0.253909	-0.107581	0.961226	-7.31956	-2.26443	72.879	
0.961935	-0.0132195	0.272959	-0.0208249	0.992379	0.12145	-0.272485	-0.122511	0.954329	-7.58078	-2.37861	73.8296	
0.956426	-0.0157606	0.291549	-0.0251262	0.990395	0.135965	-0.290892	-0.137366	0.946843	-7.86035	-2.50757	74.773	
0.950559	-0.0185915	0.309987	-0.0297073	0.988185	0.150362	-0.30912	-0.152137	0.938775	-8.15809	-2.65124	75.7088	
0.944337	-0.0217102	0.328262	-0.0345653	0.985749	0.164631	-0.327158	-0.166814	0.930129	-8.47384	-2.80951	76.6362	
0.937765	-0.025115	0.346362	-0.0396972	0.983091	0.178764	-0.344995	-0.181388	0.920911	-8.80739	-2.9823	77.5547	
0.930845	-0.0288038	0.364276	-0.0450998	0.980211	0.192751	-0.362619	-0.195851	0.911126	-9.15853	-3.1695	78.4639	
0.923584	-0.0327742	0.381993	-0.0507699	0.97711	0.206585	-0.38002	-0.210193	0.900779	-9.52706	-3.371	79.363	
0.915984	-0.0370238	0.399503	-0.0567039	0.973792	0.220257	-0.397188	-0.224405	0.889879	-9.91274	-3.58666	80.2516	
0.908051	-0.04155	0.416794	-0.0628981	0.970258	0.233758	-0.41411	-0.23848	0.87843	-10.3153	-3.81636	81.1291	
0.899789	-0.04635	0.433856	-0.0693488	0.96651	0.24708	-0.430778	-0.252407	0.866441	-10.7346	-4.05996	81.995	
0.891204	-0.0514209	0.450678	-0.076052	0.962551	0.260215	-0.447181	-0.26618	0.853919	-11.1703	-4.3173	82.8487	
0.882302	-0.0567595	0.46725	-0.0830036	0.958382	0.273155	-0.463308	-0.279788	0.840871	-11.6221	-4.58823	83.6897	
0.873086	-0.0623626	0.483562	-0.0901993	0.954007	0.285891	-0.47915	-0.293225	0.827305	-12.0898	-4.87258	84.5175	
0.863563	-0.0682266	0.499603	-0.0976346	0.949429	0.298417	-0.494698	-0.30648	0.813231	-12.573	-5.17018	85.3316	
0.85374	-0.0743481	0.515365	-0.105305	0.944649	0.310723	-0.50994	-0.319547	0.798655	-13.0716	-5.48084	86.1315	
0.843621	-0.0807232	0.530836	-0.113206	0.939671	0.322804	-0.524869	-0.332418	0.783588	-13.5851	-5.80437	86.9166	
0.833214	-0.0873479	0.546008	-0.121332	0.934499	0.334651	-0.539475	-0.345084	0.768039	-14.1133	-6.14057	87.6866	
0.822524	-0.0942184	0.560872	-0.129679	0.929134	0.346256	-0.553749	-0.357537	0.752017	-14.6558	-6.48923	88.4409	
0.811558	-0.10133	0.575418	-0.138241	0.923581	0.357614	-0.567682	-0.369771	0.735532	-15.2123	-6.85015	89.1791	
0.800324	-0.108679	0.589636	-0.147013	0.917843	0.368716	-0.581265	-0.381776	0.718594	-15.7824	-7.2231	89.9007	
0.788827	-0.11626	0.60352	-0.15599	0.911923	0.379556	-0.594491	-0.393547	0.701214	-16.3659	-7.60784	90.6053	
0.777075	-0.124069	0.617059	-0.165166	0.905826	0.390128	-0.607351	-0.405076	0.683402	-16.9623	-8.00415	91.2924	
0.765075	-0.132102	0.630245	-0.174536	0.899554	0.400424	-0.619837	-0.416355	0.66517	-17.5712	-8.41177	91.9616	
0.752835	-0.140352	0.643072	-0.184093	0.893112	0.410439	-0.631941	-0.427378	0.646528	-18.1924	-8.83046	92.6125	
0.740362	-0.148815	0.655529	-0.193832	0.886504	0.420166	-0.643656	-0.438137	0.627489	-18.8254	-9.25997	93.2447	
