1	0	0	0	1	0	0	0	1	0	0	0	
0.999991	-2.34535e-06	-0.00434993	-2.34535e-06	0.999999	-0.00107833	0.00434993	0.00107833	0.99999	0.00210467	0.00052174	0.967674	
0.999962	-9.38768e-06	-0.00870393	-9.38237e-06	0.999998	-0.00215646	0.00870393	0.00215646	0.99996	0.00842064	0.00208686	1.93533	
0.999915	-2.11348e-05	-0.0130619	-2.11135e-05	0.999995	-0.00323433	0.0130619	0.00323433	0.999909	0.0189518	0.00469513	2.90294	
0.999848	-3.75939e-05	-0.0174235	-3.75407e-05	0.999991	-0.00431191	0.0174235	0.00431191	0.999839	0.0337018	0.0083463	3.8705	
0.999763	-5.87722e-05	-0.0217888	-5.86657e-05	0.999985	-0.00538915	0.0217888	0.00538915	0.999748	0.0526743	0.01304	4.83798	
0.999658	-8.46759e-05	-0.0261575	-8.44894e-05	0.999979	-0.00646601	0.0261575	0.00646601	0.999637	0.0758726	0.018776	5.80536	
0.999534	-0.000115311	-0.0305295	-0.000115013	0.999972	-0.00754245	0.0305295	0.00754245	0.999505	0.1033	0.0255539	6.77262	
0.999391	-0.000150684	-0.0349045	-0.000150236	0.999963	-0.00861844	0.0349045	0.00861843	0.999353	0.134959	0.0333731	7.73975	
0.999228	-0.000190799	-0.0392825	-0.000190158	0.999953	-0.00969392	0.0392825	0.0096939	0.999181	0.170854	0.0422334	8.70672	
0.999046	-0.000235662	-0.0436633	-0.00023478	0.999942	-0.0107689	0.0436633	0.0107688	0.998988	0.210987	0.052134	9.67351	
0.998845	-0.000285276	-0.0480467	-0.000284099	0.99993	-0.0118432	0.0480467	0.0118432	0.998775	0.255359	0.0630746	10.6401	
0.998624	-0.000339646	-0.0524326	-0.000338115	0.999917	-0.0129169	0.0524326	0.0129169	0.998541	0.303975	0.0750545	11.6065	
0.998384	-0.000398776	-0.0568208	-0.000396826	0.999902	-0.01399	0.0568208	0.0139899	0.998286	0.356836	0.0880731	12.5726	
0.998125	-0.000462668	-0.0612111	-0.000460229	0.999886	-0.0150623	0.0612111	0.0150623	0.998011	0.413945	0.10213	13.5385	
0.997846	-0.000531325	-0.0656033	-0.000528322	0.99987	-0.0161339	0.0656033	0.0161338	0.997715	0.475303	0.117224	14.5041	
0.997547	-0.00060475	-0.0699974	-0.000601101	0.999852	-0.0172047	0.0699974	0.0172046	0.997399	0.540912	0.133354	15.4694	
0.997229	-0.000682945	-0.0743931	-0.000678564	0.999833	-0.0182747	0.0743931	0.0182746	0.997062	0.610773	0.15052	16.4344	
0.996891	-0.000765911	-0.0787903	-0.000760705	0.999813	-0.0193438	0.0787903	0.0193436	0.996704	0.68489	0.168721	17.3991	
0.996533	-0.000853649	-0.0831888	-0.000847521	0.999791	-0.0204121	0.0831889	0.0204118	0.996325	0.763261	0.187957	18.3634	
0.996156	-0.000946161	-0.0875885	-0.000939007	0.999769	-0.0214793	0.0875886	0.021479	0.995925	0.84589	0.208225	19.3273	
0.995759	-0.00104345	-0.0919892	-0.00103516	0.999745	-0.0225456	0.0919893	0.0225452	0.995505	0.932777	0.229526	20.2909	
0.995343	-0.0011455	-0.0963907	-0.00113597	0.999721	-0.0236108	0.0963908	0.0236104	0.995063	1.02392	0.251858	21.254	
0.994907	-0.00125234	-0.100793	-0.00124143	0.999695	-0.024675	0.100793	0.0246744	0.994601	1.11933	0.27522	22.2167	
0.994451	-0.00136394	-0.105196	-0.00135154	0.999668	-0.025738	0.105196	0.0257374	0.994118	1.21899	0.299611	23.1789	
0.993975	-0.00148031	-0.109599	-0.00146629	0.99964	-0.0268	0.109599	0.0267992	0.993615	1.32292	0.32503	24.1406	
0.993479	-0.00160146	-0.114002	-0.00158568	0.999611	-0.0278607	0.114002	0.0278598	0.99309	1.43111	0.351476	25.1019	
0.992964	-0.00172737	-0.118405	-0.00170969	0.99958	-0.0289202	0.118405	0.0289192	0.992544	1.54355	0.378948	26.0626	
0.992429	-0.00185804	-0.122808	-0.00183832	0.999549	-0.0299785	0.122809	0.0299772	0.991978	1.66026	0.407445	27.0228	
0.991874	-0.00199348	-0.127211	-0.00197155	0.999516	-0.0310354	0.127211	0.031034	0.99139	1.78123	0.436964	27.9824	
0.991299	-0.00213368	-0.131614	-0.00210939	0.999483	-0.032091	0.131614	0.0320894	0.990782	1.90646	0.467506	28.9415	
0.990704	-0.00227863	-0.136015	-0.00225182	0.999448	-0.0331452	0.136016	0.0331434	0.990152	2.03595	0.499068	29.8999	
0.99009	-0.00242833	-0.140416	-0.00239883	0.999412	-0.0341981	0.140417	0.034196	0.989502	2.1697	0.531649	30.8578	
0.989455	-0.00258278	-0.144816	-0.00255042	0.999375	-0.0352494	0.144817	0.0352471	0.98883	2.30771	0.565249	31.815	
0.988801	-0.00274198	-0.149215	-0.00270656	0.999337	-0.0362993	0.149216	0.0362966	0.988138	2.44997	0.599864	32.7715	
0.988127	-0.00290591	-0.153613	-0.00286726	0.999298	-0.0373476	0.153614	0.0373446	0.987425	2.59649	0.635495	33.7273	
0.987433	-0.00307457	-0.158009	-0.0030325	0.999258	-0.0383944	0.15801	0.0383911	0.986691	2.74727	0.672139	34.6825	
0.986719	-0.00324796	-0.162404	-0.00320227	0.999217	-0.0394396	0.162405	0.0394359	0.985936	2.9023	0.709794	35.6369	
0.985985	-0.00342606	-0.166797	-0.00337656	0.999175	-0.0404831	0.166798	0.040479	0.98516	3.06158	0.74846	36.5906	
0.985232	-0.00360888	-0.171188	-0.00355535	0.999131	-0.041525	0.171189	0.0415204	0.984363	3.22511	0.788135	37.5436	
0.984458	-0.00379641	-0.175577	-0.00373864	0.999087	-0.0425652	0.175578	0.04256	0.983545	3.39289	0.828816	38.4957	
0.983665	-0.00398863	-0.179964	-0.0039264	0.999041	-0.0436036	0.179965	0.0435979	0.982706	3.56492	0.870503	39.4471	
0.982852	-0.00418555	-0.184349	-0.00411864	0.998995	-0.0446402	0.18435	0.044634	0.981847	3.74119	0.913193	40.3976	
0.982019	-0.00438714	-0.18873	-0.00431533	0.998947	-0.045675	0.188732	0.0456681	0.980966	3.9217	0.956885	41.3473	
0.981166	-0.00459342	-0.19311	-0.00451646	0.998898	-0.0467079	0.193112	0.0467004	0.980065	4.10645	1.00158	42.2961	
0.980294	-0.00480435	-0.197486	-0.00472202	0.998849	-0.047739	0.197488	0.0477308	0.979143	4.29544	1.04727	43.244	
0.979402	-0.00501995	-0.20186	-0.00493199	0.998798	-0.0487681	0.201862	0.0487591	0.9782	4.48866	1.09395	44.1911	
0.97849	-0.00524019	-0.20623	-0.00514636	0.998746	-0.0497953	0.206232	0.0497855	0.977236	4.68611	1.14163	45.1372	
0.977558	-0.00546506	-0.210597	-0.0053651	0.998693	-0.0508205	0.210599	0.0508098	0.976251	4.88779	1.1903	46.0824	
0.976606	-0.00569456	-0.21496	-0.00558822	0.99864	-0.0518436	0.214963	0.051832	0.975246	5.09369	1.23997	47.0266	
0.975635	-0.00592868	-0.21932	-0.00581569	0.998585	-0.0528647	0.219323	0.0528521	0.97422	5.30382	1.29062	47.9698	
0.974644	-0.00616741	-0.223676	-0.00604749	0.998529	-0.0538836	0.223679	0.0538701	0.973173	5.51816	1.34225	48.912	
0.973633	-0.00641072	-0.228028	-0.00628361	0.998472	-0.0549005	0.228032	0.0548858	0.972105	5.73672	1.39487	49.8532	
0.972603	-0.00665862	-0.232376	-0.00652403	0.998414	-0.0559152	0.23238	0.0558993	0.971017	5.95948	1.44847	50.7934	
0.971553	-0.00691109	-0.23672	-0.00676873	0.998355	-0.0569276	0.236724	0.0569105	0.969909	6.18645	1.50306	51.7325	
0.970484	-0.00716811	-0.241059	-0.00701771	0.998296	-0.0579379	0.241064	0.0579195	0.968779	6.41763	1.55862	52.6705	
0.969395	-0.00742968	-0.245394	-0.00727093	0.998235	-0.0589458	0.245399	0.058926	0.96763	6.653	1.61515	53.6074	
0.968286	-0.00769578	-0.249724	-0.00752838	0.998173	-0.0599515	0.249729	0.0599302	0.966459	6.89256	1.67266	54.5432	
0.967158	-0.0079664	-0.25405	-0.00779004	0.99811	-0.0609548	0.254055	0.060932	0.965269	7.13631	1.73114	55.4778	
0.966011	-0.00824152	-0.25837	-0.0080559	0.998046	-0.0619558	0.258376	0.0619314	0.964057	7.38424	1.79058	56.4113	
0.964844	-0.00852113	-0.262685	-0.00832593	0.997982	-0.0629544	0.262691	0.0629283	0.962826	7.63635	1.85099	57.3436	
0.963658	-0.00880521	-0.266994	-0.00860012	0.997916	-0.0639505	0.267001	0.0639226	0.961574	7.89264	1.91237	58.2747	
0.962452	-0.00909376	-0.271299	-0.00887844	0.997849	-0.0649442	0.271306	0.0649144	0.960302	8.15309	1.97471	59.2046	
0.961191	-0.00938707	-0.275723	-0.00818851	0.99801	-0.0625234	0.275761	0.0623547	0.959202	8.41779	2.03628	60.1333	
0.959909	-0.00966889	-0.280146	-0.00748711	0.998164	-0.0601046	0.280213	0.0597924	0.958074	8.68679	2.09538	61.061	
0.958604	-0.00993914	-0.284569	-0.00677428	0.998312	-0.057688	0.284662	0.0572277	0.956918	8.9601	2.152	61.9875	
0.957278	-0.0101978	-0.28899	-0.00605004	0.998453	-0.0552738	0.289106	0.0546608	0.955735	9.23771	2.20614	62.913	
0.95593	-0.0104447	-0.293408	-0.00531441	0.998588	-0.052862	0.293546	0.0520917	0.954525	9.51962	2.25779	63.8372	
0.954561	-0.0106799	-0.297824	-0.00456744	0.998716	-0.0504528	0.29798	0.0495206	0.953287	9.80582	2.30695	64.7603	
0.953171	-0.0109032	-0.302236	-0.00380915	0.998838	-0.0480464	0.302408	0.0469477	0.952022	10.0963	2.35363	65.6822	
0.95176	-0.0111148	-0.306643	-0.00303958	0.998953	-0.0456429	0.306829	0.0443732	0.95073	10.3911	2.39781	66.6028	
0.950328	-0.0113144	-0.311045	-0.00225878	0.999062	-0.0432425	0.311243	0.0417971	0.949411	10.6901	2.43951	67.5221	
0.948875	-0.0115021	-0.315442	-0.00146677	0.999164	-0.0408453	0.315648	0.0392197	0.948066	10.9935	2.4787	68.4402	
0.947402	-0.0116779	-0.319832	-0.00066361	0.99926	-0.0384513	0.320044	0.0366411	0.946694	11.301	2.51541	69.357	
0.945909	-0.0118417	-0.324215	0.000150658	0.99935	-0.0360609	0.324431	0.0340615	0.945296	11.6128	2.54962	70.2724	
0.945561	-0.0118653	-0.325229	0.00800299	0.999881	-0.0132108	0.325347	0.00988878	0.945543	11.9272	2.57088	71.1873	
0.945211	-0.0118629	-0.326244	0.0158752	0.999828	0.00963863	0.326073	-0.0142897	0.945237	12.2424	2.56875	72.1022	
0.944861	-0.0118346	-0.327257	0.0237626	0.99919	0.0324739	0.326608	-0.0384598	0.944377	12.5583	2.54323	73.0165	
0.94451	-0.0117804	-0.32827	0.0316606	0.997969	0.0552818	0.326952	-0.0626075	0.942965	12.8745	2.49433	73.9297	
0.94416	-0.0117002	-0.329281	0.0395647	0.996164	0.0780489	0.327105	-0.0867185	0.941001	13.191	2.42207	74.8413	
0.943809	-0.0115943	-0.330289	0.0474701	0.993777	0.100762	0.327066	-0.110779	0.938486	13.5075	2.32651	75.7507	
0.943458	-0.0114625	-0.331295	0.0553722	0.99081	0.123407	0.326836	-0.134774	0.935422	13.8239	2.2077	76.6574	
0.943107	-0.0113051	-0.332296	0.0632665	0.987264	0.145972	0.326414	-0.158691	0.931811	14.14	2.0657	77.5609	
0.942757	-0.011122	-0.333294	0.0711483	0.98314	0.168443	0.325801	-0.182514	0.927654	14.4555	1.90061	78.4606	
0.942408	-0.0109134	-0.334287	0.079013	0.978442	0.190807	0.324998	-0.206231	0.922954	14.7704	1.71251	79.3561	
0.94206	-0.0106795	-0.335275	0.086856	0.973173	0.213051	0.324005	-0.229827	0.917715	15.0845	1.50152	80.2467	
0.941713	-0.0104203	-0.336256	0.0946727	0.967335	0.235162	0.322822	-0.253289	0.911938	15.3975	1.26775	81.132	
0.941367	-0.010136	-0.337232	0.102458	0.960931	0.257126	0.32145	-0.276602	0.905627	15.7092	1.01136	82.0114	
0.941023	-0.00982672	-0.3382	0.110209	0.953966	0.278932	0.31989	-0.299754	0.898787	16.0195	0.732483	82.8845	
0.940681	-0.00949274	-0.33916	0.117919	0.946443	0.300566	0.318143	-0.32273	0.89142	16.3282	0.431287	83.7507	
0.94034	-0.0091342	-0.340113	0.125585	0.938368	0.322016	0.316209	-0.345517	0.883532	16.6352	0.107947	84.6096	
0.940002	-0.00875132	-0.341056	0.133202	0.929744	0.343268	0.314091	-0.368102	0.875127	16.9401	-0.237346	85.4605	
0.939666	-0.00834431	-0.34199	0.140766	0.920577	0.364312	0.311789	-0.390472	0.86621	17.243	-0.604392	86.3031	
0.939333	-0.00791343	-0.342915	0.148271	0.910872	0.385134	0.309304	-0.412613	0.856786	17.5435	-0.992974	87.1368	
0.939003	-0.00745892	-0.343829	0.155715	0.900635	0.405722	0.306638	-0.434513	0.84686	17.8415	-1.40287	87.9611	
0.938675	-0.00698104	-0.344732	0.163092	0.889871	0.426064	0.303793	-0.456158	0.836439	18.1369	-1.83383	88.7756	
0.938351	-0.00648008	-0.345624	0.170398	0.878588	0.446148	0.30077	-0.477537	0.825528	18.4294	-2.28561	89.5798	
0.93803	-0.00595633	-0.346503	0.177628	0.866791	0.465963	0.297571	-0.498636	0.814134	18.7189	-2.75794	90.3731	
0.937712	-0.00541009	-0.347371	0.18478	0.854488	0.485496	0.294198	-0.519443	0.802264	19.0053	-3.25055	91.1552	
0.937398	-0.00484169	-0.348225	0.191847	0.841686	0.504737	0.290652	-0.539946	0.789924	19.2883	-3.76315	91.9256	
