1	0	0	0	1	0	0	0	1	0	0	0	
0.999997	5.9754e-06	-0.00254279	5.9754e-06	0.999989	0.00469984	0.00254279	-0.00469984	0.999986	0.00131571	-0.00243181	1.03484	
0.999987	2.39096e-05	-0.00508615	2.3914e-05	0.999956	0.00940245	0.00508615	-0.00940245	0.999943	0.00526311	-0.0097287	2.06966	
0.999971	5.38151e-05	-0.00762996	5.38328e-05	0.9999	0.0141077	0.00762996	-0.0141077	0.999871	0.0118428	-0.0218934	3.10441	
0.999948	9.57035e-05	-0.0101741	9.57477e-05	0.999823	0.0188153	0.0101741	-0.0188153	0.999771	0.0210551	-0.0389286	4.13908	
0.999919	0.000149586	-0.0127186	0.000149674	0.999723	0.0235251	0.0127186	-0.0235251	0.999642	0.0329003	-0.0608366	5.17363	
0.999883	0.000215471	-0.0152632	0.000215626	0.999601	0.028237	0.0152632	-0.028237	0.999485	0.0473788	-0.0876196	6.20803	
0.999841	0.00029337	-0.0178078	0.000293618	0.999457	0.0329507	0.0178078	-0.0329507	0.999298	0.0644906	-0.11928	7.24225	
0.999793	0.000383289	-0.0203525	0.000383662	0.99929	0.0376662	0.0203525	-0.0376662	0.999083	0.0842357	-0.155819	8.27626	
0.999738	0.000485237	-0.022897	0.000485769	0.999101	0.0423831	0.0228969	-0.0423831	0.998839	0.106614	-0.197238	9.31004	
0.999676	0.000599221	-0.0254412	0.000599952	0.99889	0.0471013	0.0254412	-0.0471013	0.998566	0.131625	-0.24354	10.3435	
0.999608	0.000725245	-0.0279851	0.000726221	0.998656	0.0518206	0.0279851	-0.0518206	0.998264	0.15927	-0.294724	11.3768	
0.999534	0.000863314	-0.0305286	0.000864584	0.9984	0.0565409	0.0305286	-0.0565409	0.997933	0.189546	-0.350793	12.4096	
0.999452	0.00101343	-0.0330715	0.00101505	0.998121	0.0612619	0.0330715	-0.0612619	0.997574	0.222454	-0.411748	13.4422	
0.999365	0.00117561	-0.0356138	0.00117763	0.99782	0.0659835	0.0356138	-0.0659835	0.997185	0.257994	-0.477588	14.4743	
0.999271	0.00134984	-0.0381554	0.00135232	0.997496	0.0707055	0.0381553	-0.0707055	0.996767	0.296164	-0.548314	15.506	
0.99917	0.00153612	-0.0406961	0.00153915	0.99715	0.0754277	0.040696	-0.0754277	0.99632	0.336964	-0.623927	16.5373	
0.999063	0.00173447	-0.0432359	0.0017381	0.996781	0.0801498	0.0432358	-0.0801499	0.995845	0.380392	-0.704427	17.5681	
0.99895	0.00194487	-0.0457747	0.00194918	0.99639	0.0848719	0.0457745	-0.084872	0.99534	0.426448	-0.789814	18.5984	
0.99883	0.00216733	-0.0483124	0.0021724	0.995976	0.0895936	0.0483121	-0.0895937	0.994806	0.475131	-0.880087	19.6281	
0.998703	0.00240185	-0.0508488	0.00240777	0.99554	0.0943147	0.0508485	-0.0943149	0.994243	0.526439	-0.975245	20.6573	
0.998571	0.00264842	-0.0533839	0.00265528	0.99508	0.0990351	0.0533835	-0.0990353	0.993651	0.580372	-1.07529	21.6859	
0.998431	0.00290705	-0.0559175	0.00291493	0.994599	0.103755	0.0559171	-0.103755	0.99303	0.636926	-1.18022	22.7139	
0.998285	0.00317772	-0.0584497	0.00318673	0.994094	0.108473	0.0584492	-0.108473	0.99238	0.696103	-1.29003	23.7412	
0.998133	0.00346043	-0.0609802	0.00347067	0.993567	0.11319	0.0609796	-0.113191	0.9917	0.757898	-1.40473	24.7678	
0.997974	0.00375518	-0.063509	0.00376676	0.993018	0.117906	0.0635083	-0.117906	0.990992	0.822311	-1.5243	25.7937	
0.997809	0.00406197	-0.066036	0.00407499	0.992445	0.12262	0.0660352	-0.122621	0.990254	0.88934	-1.64876	26.8188	
0.997637	0.00438077	-0.0685611	0.00439537	0.99185	0.127332	0.0685601	-0.127333	0.989488	0.958983	-1.77809	27.8432	
0.997459	0.00471159	-0.0710842	0.00472787	0.991233	0.132043	0.0710831	-0.132043	0.988692	1.03124	-1.9123	28.8668	
0.997275	0.00505443	-0.0736051	0.00507251	0.990592	0.136751	0.0736039	-0.136752	0.987867	1.1061	-2.05138	29.8895	
0.997084	0.00540925	-0.0761239	0.00542928	0.98993	0.141457	0.0761225	-0.141457	0.987013	1.18358	-2.19533	30.9113	
0.996886	0.00577607	-0.0786404	0.00579818	0.989244	0.14616	0.0786388	-0.146161	0.98613	1.26365	-2.34415	31.9323	
0.996683	0.00615487	-0.0811545	0.00617918	0.988536	0.15086	0.0811526	-0.150861	0.985218	1.34633	-2.49784	32.9523	
0.996472	0.00654563	-0.0836661	0.0065723	0.987805	0.155558	0.083664	-0.155559	0.984277	1.43161	-2.65639	33.9714	
0.996256	0.00694835	-0.0861751	0.00697752	0.987051	0.160252	0.0861727	-0.160254	0.983307	1.51949	-2.8198	34.9895	
0.996033	0.00736301	-0.0886814	0.00739483	0.986275	0.164944	0.0886788	-0.164945	0.982308	1.60996	-2.98806	36.0065	
0.995804	0.00778959	-0.091185	0.00782422	0.985477	0.169631	0.091182	-0.169633	0.98128	1.70303	-3.16118	37.0225	
0.995568	0.00822809	-0.0936857	0.00826568	0.984655	0.174316	0.0936824	-0.174317	0.980223	1.79868	-3.33915	38.0375	
0.995326	0.00867848	-0.0961834	0.00871921	0.983811	0.178996	0.0961797	-0.178998	0.979137	1.89692	-3.52197	39.0513	
0.995077	0.00914076	-0.0986781	0.00918479	0.982945	0.183672	0.098674	-0.183675	0.978022	1.99774	-3.70962	40.064	
0.994823	0.0096149	-0.10117	0.0096624	0.982055	0.188345	0.101165	-0.188347	0.976878	2.10115	-3.90211	41.0755	
0.994562	0.0101009	-0.103658	0.010152	0.981144	0.193012	0.103653	-0.193015	0.975706	2.20712	-4.09944	42.0858	
0.994294	0.0105987	-0.106143	0.0106537	0.98021	0.197676	0.106137	-0.197679	0.974504	2.31567	-4.3016	43.0949	
0.994021	0.0111083	-0.108624	0.0111673	0.979253	0.202334	0.108618	-0.202338	0.973274	2.42679	-4.50857	44.1027	
0.993741	0.0116298	-0.111102	0.011693	0.978274	0.206988	0.111096	-0.206992	0.972015	2.54048	-4.72037	45.1093	
0.993455	0.0121629	-0.113577	0.0122305	0.977272	0.211637	0.113569	-0.211641	0.970727	2.65673	-4.93698	46.1145	
0.993162	0.0127079	-0.116047	0.0127801	0.976248	0.21628	0.116039	-0.216285	0.96941	2.77553	-5.1584	47.1184	
0.992864	0.0132646	-0.118514	0.0133416	0.975201	0.220918	0.118506	-0.220923	0.968065	2.89689	-5.38463	48.1209	
0.992559	0.0138329	-0.120977	0.0139149	0.974132	0.225551	0.120968	-0.225556	0.966691	3.0208	-5.61564	49.1219	
0.992248	0.014413	-0.123436	0.0145002	0.973041	0.230177	0.123426	-0.230183	0.965288	3.14726	-5.85146	50.1216	
0.991931	0.0150047	-0.125891	0.0150973	0.971927	0.234798	0.12588	-0.234804	0.963858	3.27625	-6.09205	51.1198	
0.991607	0.015608	-0.128342	0.0157063	0.970791	0.239413	0.12833	-0.239419	0.962398	3.40779	-6.33743	52.1165	
0.991278	0.016223	-0.130788	0.0163272	0.969632	0.244021	0.130775	-0.244028	0.96091	3.54186	-6.58757	53.1117	
0.990942	0.0168495	-0.13323	0.0169598	0.968452	0.248623	0.133216	-0.24863	0.959394	3.67845	-6.84249	54.1053	
0.9906	0.0174876	-0.135668	0.0176042	0.967249	0.253218	0.135653	-0.253226	0.957849	3.81757	-7.10216	55.0973	
0.990252	0.0181372	-0.138101	0.0182604	0.966024	0.257806	0.138085	-0.257815	0.956276	3.95921	-7.36659	56.0877	
0.989898	0.0187983	-0.14053	0.0189283	0.964777	0.262388	0.140512	-0.262397	0.954675	4.10336	-7.63576	57.0765	
0.989538	0.0194709	-0.142954	0.0196079	0.963508	0.266962	0.142935	-0.266972	0.953045	4.25003	-7.90967	58.0636	
0.989172	0.0201549	-0.145373	0.0202993	0.962216	0.271529	0.145353	-0.27154	0.951388	4.39919	-8.18831	59.049	
0.988799	0.0208504	-0.147787	0.0210022	0.960903	0.276088	0.147765	-0.2761	0.949702	4.55086	-8.47167	60.0327	
0.988421	0.0215572	-0.150196	0.0217168	0.959567	0.28064	0.150173	-0.280652	0.947989	4.70502	-8.75975	61.0146	
0.988037	0.0222754	-0.1526	0.0224431	0.95821	0.285184	0.152576	-0.285197	0.946247	4.86167	-9.05253	61.9947	
0.987647	0.0230048	-0.154999	0.0231809	0.956831	0.289719	0.154973	-0.289733	0.944478	5.02081	-9.35002	62.973	
0.987251	0.0237456	-0.157393	0.0239302	0.95543	0.294247	0.157365	-0.294262	0.94268	5.18242	-9.65219	63.9495	
0.986848	0.0244976	-0.159781	0.0246911	0.954007	0.298766	0.159751	-0.298782	0.940855	5.3465	-9.95905	64.9241	
0.98644	0.0252608	-0.162164	0.0254634	0.952562	0.303277	0.162133	-0.303294	0.939003	5.51305	-10.2706	65.8968	
0.986009	0.0260735	-0.164643	0.0268684	0.949918	0.311341	0.164515	-0.311409	0.935927	5.68207	-10.5886	66.8669	
0.98557	0.0269076	-0.167114	0.0282938	0.947205	0.319379	0.166884	-0.319498	0.932776	5.85354	-10.9151	67.8338	
0.985126	0.0277629	-0.169575	0.0297395	0.944422	0.327389	0.16924	-0.327562	0.929549	6.02746	-11.2499	68.7974	
0.984676	0.0286393	-0.172028	0.0312054	0.941569	0.335371	0.171581	-0.3356	0.926247	6.20381	-11.593	69.7577	
0.984547	0.0289006	-0.17272	0.0356412	0.932577	0.359207	0.171456	-0.359812	0.917136	6.38132	-11.9529	70.7115	
0.984418	0.02918	-0.173406	0.0400722	0.922962	0.3828	0.171217	-0.383784	0.907411	6.55864	-12.3377	71.6557	
0.98429	0.0294773	-0.174084	0.0444956	0.91273	0.406134	0.170863	-0.407499	0.897079	6.73565	-12.7471	72.5894	
0.984161	0.0297924	-0.174754	0.0489084	0.901888	0.429193	0.170395	-0.430942	0.886146	6.91223	-13.181	73.5121	
0.984033	0.030125	-0.175416	0.0533076	0.890444	0.451961	0.169813	-0.454096	0.87462	7.08828	-13.6389	74.4232	
0.983906	0.0304748	-0.176068	0.0576902	0.878404	0.474423	0.169117	-0.476946	0.862509	7.26366	-14.1207	75.3221	
0.983779	0.0308417	-0.176712	0.0620534	0.865778	0.496565	0.168308	-0.499476	0.849821	7.43826	-14.6259	76.2082	
0.983653	0.0312254	-0.177345	0.0663943	0.852574	0.518372	0.167387	-0.521673	0.836564	7.61196	-15.1543	77.0808	
0.983528	0.0316256	-0.177969	0.0707098	0.8388	0.539828	0.166353	-0.54352	0.822747	7.78466	-15.7055	77.9394	
0.983403	0.0320422	-0.178582	0.0749972	0.824466	0.56092	0.165208	-0.565004	0.808379	7.95623	-16.2791	78.7835	
0.983279	0.0324747	-0.179184	0.0792535	0.809581	0.581633	0.163952	-0.586109	0.793471	8.12655	-16.8748	79.6123	
0.983157	0.032923	-0.179774	0.0834759	0.794155	0.601954	0.162587	-0.606822	0.778031	8.29552	-17.4921	80.4255	
0.983035	0.0333866	-0.180353	0.0876617	0.778199	0.621869	0.161113	-0.627129	0.762071	8.46302	-18.1306	81.2224	
0.982915	0.0338654	-0.18092	0.0918079	0.761724	0.641365	0.159531	-0.647016	0.7456	8.62894	-18.7899	82.0026	
0.982795	0.034359	-0.181473	0.0959118	0.744739	0.660428	0.157842	-0.666471	0.728631	8.79316	-19.4696	82.7654	
0.982677	0.034867	-0.182014	0.0999706	0.727257	0.679046	0.156048	-0.685479	0.711174	8.95558	-20.1691	83.5105	
0.982561	0.0353891	-0.182542	0.103982	0.70929	0.697206	0.154149	-0.704028	0.69324	9.1161	-20.8881	84.2372	
0.982446	0.035925	-0.183056	0.107942	0.690849	0.714896	0.152147	-0.722106	0.674843	9.27459	-21.6261	84.9451	
0.982332	0.0364742	-0.183556	0.11185	0.671946	0.732105	0.150043	-0.739701	0.655995	9.43096	-22.3825	85.6338	
0.98222	0.0370366	-0.184042	0.115702	0.652595	0.748821	0.147839	-0.756801	0.636707	9.5851	-23.1569	86.3027	
0.98211	0.0376115	-0.184513	0.119495	0.632808	0.765032	0.145536	-0.773395	0.616993	9.73691	-23.9487	86.9514	
0.982002	0.0381988	-0.184969	0.123228	0.612599	0.780729	0.143135	-0.78947	0.596866	9.88628	-24.7574	87.5795	
0.981895	0.0387979	-0.18541	0.126898	0.591981	0.795899	0.140639	-0.805018	0.57634	10.0331	-25.5825	88.1866	
0.98179	0.0394086	-0.185835	0.130501	0.570968	0.810534	0.138048	-0.820026	0.555428	10.1773	-26.4234	88.7722	
0.981688	0.0400303	-0.186245	0.134037	0.549573	0.824623	0.135365	-0.834486	0.534144	10.3188	-27.2795	89.336	
0.981587	0.0406626	-0.186638	0.137502	0.527812	0.838157	0.132592	-0.848387	0.512503	10.4575	-28.1503	89.8776	
0.981488	0.0413052	-0.187015	0.140894	0.505699	0.851127	0.129729	-0.86172	0.490518	10.5932	-29.0352	90.3966	
0.981392	0.0419576	-0.187375	0.144211	0.483249	0.863524	0.12678	-0.874477	0.468206	10.7259	-29.9336	90.8927	
0.981298	0.0426193	-0.187719	0.14745	0.460476	0.87534	0.123746	-0.886649	0.44558	10.8556	-30.8449	91.3656	
0.981206	0.04329	-0.188045	0.15061	0.437396	0.886567	0.12063	-0.898227	0.422655	10.982	-31.7685	91.8148	
