1	0	0	0	1	0	0	0	1	0	0	0	
0.999994	-8.56256e-06	-0.00342138	-8.56256e-06	0.999987	-0.00500528	0.00342138	0.00500528	0.999982	0.00182474	0.00266949	1.06666	
0.999977	-3.4253e-05	-0.00684309	-3.425e-05	0.99995	-0.0100102	0.00684309	0.0100102	0.999926	0.00729914	0.0106777	2.13328	
0.999947	-7.70741e-05	-0.010265	-7.70621e-05	0.999887	-0.0150145	0.010265	0.0150145	0.999835	0.0164235	0.0240242	3.19982	
0.999906	-0.000137028	-0.013687	-0.000136998	0.9998	-0.020018	0.013687	0.020018	0.999706	0.0291979	0.0427083	4.26625	
0.999854	-0.000214117	-0.0171089	-0.000214057	0.999687	-0.0250206	0.0171089	0.0250206	0.999541	0.0456225	0.0667289	5.33252	
0.999789	-0.00030834	-0.0205307	-0.000308235	0.999549	-0.030022	0.0205307	0.030022	0.999338	0.065697	0.096085	6.39859	
0.999713	-0.0004197	-0.0239521	-0.000419532	0.999386	-0.0350221	0.0239521	0.0350221	0.999099	0.0894212	0.130775	7.46443	
0.999625	-0.000548195	-0.0273731	-0.000547943	0.999199	-0.0400207	0.0273731	0.0400207	0.998824	0.116795	0.170798	8.52999	
0.999526	-0.000693824	-0.0307936	-0.000693464	0.998986	-0.0450177	0.0307936	0.0450176	0.998511	0.147817	0.216152	9.59524	
0.999414	-0.000856585	-0.0342134	-0.000856091	0.998748	-0.0500127	0.0342134	0.0500127	0.998162	0.182488	0.266835	10.6601	
0.999291	-0.00103648	-0.0376323	-0.00103582	0.998486	-0.0550057	0.0376323	0.0550057	0.997777	0.220805	0.322845	11.7246	
0.999156	-0.0012335	-0.0410503	-0.00123264	0.998198	-0.0599964	0.0410503	0.0599964	0.997354	0.26277	0.38418	12.7887	
0.99901	-0.00144764	-0.0444673	-0.00144655	0.997885	-0.0649847	0.0444673	0.0649847	0.996895	0.308379	0.450837	13.8523	
0.998852	-0.0016789	-0.047883	-0.00167754	0.997548	-0.0699704	0.0478831	0.0699704	0.996399	0.357633	0.522813	14.9154	
0.998682	-0.00192728	-0.0512974	-0.0019256	0.997185	-0.0749533	0.0512975	0.0749532	0.995867	0.410529	0.600106	15.978	
0.9985	-0.00219276	-0.0547104	-0.00219073	0.996798	-0.0799332	0.0547105	0.0799331	0.995298	0.467067	0.682712	17.0399	
0.998306	-0.00247535	-0.0581218	-0.00247291	0.996386	-0.0849099	0.0581219	0.0849098	0.994692	0.527245	0.770628	18.1012	
0.998101	-0.00277503	-0.0615315	-0.00277213	0.995948	-0.0898833	0.0615317	0.0898832	0.99405	0.59106	0.863852	19.1619	
0.997884	-0.0030918	-0.0649394	-0.00308839	0.995486	-0.0948531	0.0649396	0.094853	0.993371	0.658512	0.962378	20.2219	
0.997656	-0.00342565	-0.0683453	-0.00342168	0.995	-0.0998193	0.0683455	0.0998191	0.992656	0.729597	1.0662	21.2811	
0.997416	-0.00377658	-0.0717492	-0.00377197	0.994488	-0.104781	0.0717494	0.104781	0.991904	0.804315	1.17532	22.3395	
0.997164	-0.00414456	-0.0751508	-0.00413927	0.993952	-0.10974	0.0751511	0.109739	0.991115	0.882662	1.28974	23.3971	
0.9969	-0.0045296	-0.0785501	-0.00452355	0.993391	-0.114693	0.0785504	0.114693	0.990291	0.964636	1.40943	24.4539	
0.996624	-0.00493168	-0.0819469	-0.0049248	0.992805	-0.119643	0.0819473	0.119643	0.989429	1.05024	1.53441	25.5097	
0.996337	-0.00535078	-0.0853412	-0.00534301	0.992194	-0.124588	0.0853417	0.124587	0.988532	1.13946	1.66467	26.5647	
0.996039	-0.00578691	-0.0887327	-0.00577817	0.991559	-0.129528	0.0887333	0.129527	0.987598	1.2323	1.8002	27.6186	
0.995728	-0.00624003	-0.0921214	-0.00623025	0.990899	-0.134463	0.0921221	0.134462	0.986627	1.32875	1.94099	28.6715	
0.995406	-0.00671015	-0.0955071	-0.00669924	0.990215	-0.139392	0.0955079	0.139392	0.985621	1.42882	2.08705	29.7234	
0.995072	-0.00719725	-0.0988898	-0.00718513	0.989505	-0.144317	0.0988906	0.144316	0.984578	1.5325	2.23836	30.7742	
0.994727	-0.00770131	-0.102269	-0.0076879	0.988772	-0.149236	0.10227	0.149235	0.983499	1.63979	2.39492	31.8238	
0.99437	-0.00822232	-0.105645	-0.00820752	0.988014	-0.154149	0.105646	0.154148	0.982383	1.75068	2.55672	32.8723	
0.994001	-0.00876026	-0.109018	-0.00874399	0.987231	-0.159056	0.109019	0.159055	0.981232	1.86517	2.72377	33.9195	
0.993621	-0.00931512	-0.112387	-0.00929728	0.986424	-0.163957	0.112388	0.163956	0.980045	1.98325	2.89604	34.9656	
0.993229	-0.00988687	-0.115752	-0.00986737	0.985592	-0.168852	0.115754	0.168851	0.978821	2.10493	3.07354	36.0103	
0.992825	-0.0104755	-0.119114	-0.0104542	0.984736	-0.17374	0.119115	0.173739	0.977561	2.23019	3.25625	37.0537	
0.99241	-0.011081	-0.122471	-0.0110579	0.983856	-0.178622	0.122473	0.178621	0.976266	2.35904	3.44418	38.0957	
0.991984	-0.0117033	-0.125824	-0.0116782	0.982951	-0.183497	0.125827	0.183496	0.974934	2.49147	3.63731	39.1364	
0.991545	-0.0123425	-0.129173	-0.0123153	0.982022	-0.188365	0.129176	0.188363	0.973567	2.62747	3.83563	40.1756	
0.991095	-0.0129985	-0.132518	-0.0129691	0.981069	-0.193226	0.132521	0.193224	0.972164	2.76704	4.03915	41.2133	
0.990634	-0.0136712	-0.135859	-0.0136395	0.980091	-0.198079	0.135862	0.198077	0.970725	2.91018	4.24784	42.2495	
0.990161	-0.0143607	-0.139194	-0.0143266	0.979089	-0.202925	0.139198	0.202923	0.96925	3.05688	4.46171	43.2842	
0.989676	-0.0150669	-0.142525	-0.0150303	0.978064	-0.207764	0.142529	0.207761	0.96774	3.20713	4.68074	44.3172	
0.98918	-0.0157899	-0.145851	-0.0157506	0.977014	-0.212594	0.145856	0.212591	0.966194	3.36094	4.90493	45.3487	
0.988673	-0.0165295	-0.149173	-0.0164874	0.97594	-0.217416	0.149177	0.217413	0.964613	3.51829	5.13427	46.3785	
0.988154	-0.0172859	-0.152489	-0.0172408	0.974842	-0.22223	0.152494	0.222227	0.962996	3.67918	5.36874	47.4065	
0.987624	-0.0180588	-0.155799	-0.0180107	0.97372	-0.227036	0.155805	0.227032	0.961343	3.84361	5.60835	48.4328	
0.987082	-0.0188484	-0.159105	-0.0187971	0.972574	-0.231833	0.159111	0.231829	0.959656	4.01156	5.85307	49.4574	
0.986528	-0.0196545	-0.162405	-0.0196	0.971404	-0.236621	0.162412	0.236617	0.957933	4.18304	6.10291	50.4801	
0.985964	-0.0204773	-0.165699	-0.0204193	0.970211	-0.2414	0.165707	0.241396	0.956174	4.35804	6.35785	51.5009	
0.985388	-0.0213165	-0.168988	-0.0212549	0.968993	-0.246171	0.168996	0.246165	0.954381	4.53655	6.61789	52.5199	
0.9848	-0.0221723	-0.172271	-0.022107	0.967752	-0.250932	0.172279	0.250926	0.952552	4.71856	6.883	53.5369	
0.984201	-0.0230446	-0.175548	-0.0229753	0.966488	-0.255683	0.175557	0.255677	0.950689	4.90407	7.15319	54.552	
0.983591	-0.0239333	-0.178819	-0.02386	0.965199	-0.260425	0.178829	0.260418	0.94879	5.09308	7.42844	55.5651	
0.982969	-0.0248384	-0.182084	-0.024761	0.963887	-0.265157	0.182094	0.265149	0.946857	5.28557	7.70874	56.5761	
0.982336	-0.0257599	-0.185342	-0.0256781	0.962552	-0.269879	0.185353	0.269871	0.944888	5.48155	7.99409	57.585	
0.981692	-0.0266978	-0.188594	-0.0266115	0.961193	-0.27459	0.188606	0.274582	0.942885	5.68099	8.28447	58.5918	
0.981037	-0.027652	-0.191839	-0.0275611	0.959811	-0.279292	0.191852	0.279283	0.940847	5.8839	8.57986	59.5965	
0.98037	-0.0286225	-0.195078	-0.0285267	0.958405	-0.283983	0.195092	0.283973	0.938775	6.09027	8.88027	60.599	
0.979692	-0.0296092	-0.198309	-0.0295085	0.956976	-0.288663	0.198324	0.288653	0.936668	6.3001	9.18567	61.5992	
0.979003	-0.0306122	-0.201534	-0.0305064	0.955524	-0.293332	0.20155	0.293321	0.934527	6.51336	9.49605	62.5972	
0.978303	-0.0316314	-0.204752	-0.0315202	0.954048	-0.297991	0.204769	0.297979	0.932351	6.73007	9.81141	63.5928	
0.977591	-0.0326667	-0.207963	-0.0325501	0.95255	-0.302638	0.207981	0.302625	0.930141	6.9502	10.1317	64.5862	
0.976868	-0.0337182	-0.211166	-0.0335959	0.951028	-0.307274	0.211185	0.30726	0.927896	7.17376	10.457	65.5771	
0.976135	-0.0347857	-0.214362	-0.0346576	0.949483	-0.311898	0.214383	0.311884	0.925618	7.40073	10.7872	66.5657	
0.97539	-0.0358693	-0.21755	-0.0357352	0.947916	-0.31651	0.217572	0.316495	0.923306	7.6311	11.1224	67.5518	
0.974634	-0.0369689	-0.220731	-0.0368287	0.946325	-0.321111	0.220754	0.321095	0.920959	7.86488	11.4624	68.5354	
0.973591	-0.0384907	-0.225032	-0.0387704	0.943493	-0.329118	0.224984	0.329151	0.917083	8.10261	11.8092	69.5157	
0.971678	-0.0413439	-0.232664	-0.0445568	0.934862	-0.352205	0.232071	0.352597	0.906542	8.34639	12.1728	70.4883	
0.969706	-0.0443923	-0.240206	-0.0505206	0.92564	-0.375018	0.238992	0.375793	0.895356	8.59763	12.5613	71.4494	
0.967678	-0.0476337	-0.24765	-0.0566575	0.915834	-0.397539	0.245743	0.398721	0.883534	8.85617	12.9744	72.3982	
0.965593	-0.0510658	-0.254994	-0.0629632	0.905452	-0.419753	0.25232	0.421366	0.871083	9.12182	13.4118	73.3341	
0.963455	-0.0546863	-0.26223	-0.069433	0.8945	-0.441644	0.258717	0.443712	0.858013	9.39439	13.8732	74.2563	
0.961263	-0.0584924	-0.269355	-0.0760626	0.882986	-0.463196	0.26493	0.465741	0.844332	9.67369	14.3583	75.1643	
0.95902	-0.0624816	-0.276362	-0.082847	0.870918	-0.484395	0.270954	0.48744	0.830052	9.95951	14.8667	76.0573	
0.956728	-0.0666509	-0.283248	-0.0897816	0.858305	-0.505224	0.276787	0.508792	0.815181	10.2517	15.3981	76.9348	
0.954388	-0.0709975	-0.290006	-0.0968614	0.845157	-0.525669	0.282422	0.529783	0.79973	10.5499	15.952	77.7962	
0.952001	-0.0755181	-0.296633	-0.104081	0.831481	-0.545716	0.287856	0.550396	0.783711	10.8541	16.5281	78.6407	
0.94957	-0.0802097	-0.303123	-0.111436	0.817289	-0.56535	0.293086	0.570618	0.767134	11.1639	17.126	79.4679	
0.947095	-0.0850688	-0.309473	-0.118921	0.80259	-0.584558	0.298107	0.590435	0.750012	11.4793	17.7453	80.2771	
0.94458	-0.090092	-0.315677	-0.12653	0.787394	-0.603325	0.302917	0.609832	0.732357	11.7998	18.3855	81.0677	
0.942025	-0.0952758	-0.321731	-0.134258	0.771712	-0.621639	0.307511	0.628795	0.714181	12.1254	19.0461	81.8393	
0.939433	-0.100616	-0.32763	-0.1421	0.755556	-0.639486	0.311886	0.64731	0.695497	12.4558	19.7267	82.5911	
0.936805	-0.10611	-0.333371	-0.15005	0.738938	-0.656853	0.316039	0.665366	0.676319	12.7907	20.4269	83.3228	
0.934144	-0.111753	-0.33895	-0.158102	0.721867	-0.673729	0.319968	0.682948	0.656659	13.1299	21.146	84.0338	
0.93145	-0.117541	-0.344362	-0.16625	0.704358	-0.690102	0.32367	0.700045	0.636533	13.4732	21.8837	84.7235	
0.928726	-0.12347	-0.349604	-0.17449	0.686423	-0.705958	0.327141	0.716644	0.615954	13.8203	22.6393	85.3915	
0.925974	-0.129536	-0.354672	-0.182814	0.668073	-0.721289	0.330379	0.732734	0.594937	14.171	23.4123	86.0374	
0.923196	-0.135734	-0.359562	-0.191218	0.649323	-0.736081	0.333383	0.748302	0.573498	14.525	24.2023	86.6606	
0.920394	-0.14206	-0.364271	-0.199694	0.630185	-0.750326	0.336149	0.763339	0.55165	14.8821	25.0085	87.2607	
0.91757	-0.14851	-0.368795	-0.208238	0.610673	-0.764013	0.338677	0.777832	0.52941	15.2421	25.8305	87.8373	
0.914726	-0.155079	-0.373132	-0.216842	0.590801	-0.777131	0.340964	0.791773	0.506793	15.6046	26.6677	88.39	
0.911863	-0.161763	-0.377277	-0.225502	0.570584	-0.789673	0.343008	0.80515	0.483817	15.9694	27.5194	88.9183	
0.908985	-0.168555	-0.381229	-0.23421	0.550035	-0.801628	0.344808	0.817955	0.460496	16.3362	28.3851	89.422	
0.906092	-0.175453	-0.384985	-0.24296	0.529169	-0.812989	0.346363	0.830179	0.436848	16.7049	29.2642	89.9006	
0.903187	-0.18245	-0.388541	-0.251747	0.508001	-0.823747	0.347672	0.841812	0.412889	17.0751	30.156	90.3538	
0.900273	-0.189543	-0.391896	-0.260563	0.486546	-0.833894	0.348734	0.852846	0.388636	17.4465	31.0599	90.7813	
0.897351	-0.196725	-0.395046	-0.269404	0.464819	-0.843424	0.349547	0.863274	0.364107	17.8189	31.9752	91.1828	
0.894422	-0.203992	-0.39799	-0.278262	0.442836	-0.85233	0.350113	0.873088	0.33932	18.1921	32.9013	91.558	
0.891491	-0.211338	-0.400725	-0.287131	0.420613	-0.860605	0.350429	0.882282	0.314291	18.5658	33.8375	91.9066	
