1	0	0	0	1	0	0	0	1	0	0	0	
1	2.63719e-06	-0.000915664	2.63719e-06	0.999983	0.00576013	0.000915664	-0.00576013	0.999983	0.000475407	-0.00299062	1.03838	
0.999998	1.05483e-05	-0.00183124	1.05487e-05	0.999934	0.0115202	0.00183124	-0.0115202	0.999932	0.00190158	-0.0119624	2.07672	
0.999996	2.37323e-05	-0.0027467	2.37341e-05	0.999851	0.01728	0.0027467	-0.01728	0.999847	0.00427842	-0.0269153	3.11499	
0.999993	4.21884e-05	-0.003662	4.21928e-05	0.999735	0.0230392	0.003662	-0.0230392	0.999728	0.00760577	-0.0478488	4.15316	
0.99999	6.59153e-05	-0.00457712	6.59239e-05	0.999585	0.0287978	0.00457712	-0.0287978	0.999575	0.0118835	-0.0747622	5.19118	
0.999985	9.49114e-05	-0.00549202	9.49266e-05	0.999403	0.0345555	0.00549202	-0.0345555	0.999388	0.0171113	-0.107655	6.22903	
0.999979	0.000129175	-0.00640668	0.000129199	0.999187	0.0403122	0.00640668	-0.0403122	0.999167	0.023289	-0.146526	7.26667	
0.999973	0.000168705	-0.00732105	0.000168741	0.998938	0.0460675	0.00732105	-0.0460675	0.998912	0.0304164	-0.191373	8.30406	
0.999966	0.000213498	-0.00823511	0.00021355	0.998656	0.0518213	0.0082351	-0.0518213	0.998622	0.038493	-0.242197	9.34116	
0.999958	0.000263553	-0.00914882	0.000263624	0.998341	0.0575734	0.00914882	-0.0575734	0.998299	0.0475186	-0.298994	10.378	
0.999949	0.000318866	-0.0100622	0.000318961	0.997993	0.0633236	0.0100621	-0.0633236	0.997942	0.0574928	-0.361763	11.4144	
0.99994	0.000379436	-0.0109751	0.00037956	0.997612	0.0690717	0.0109751	-0.0690717	0.997551	0.0684152	-0.430501	12.4504	
0.999929	0.000445259	-0.0118876	0.000445417	0.997197	0.0748174	0.0118876	-0.0748174	0.997126	0.0802853	-0.505208	13.4861	
0.999918	0.000516333	-0.0127996	0.00051653	0.99675	0.0805607	0.0127996	-0.0805607	0.996668	0.0931027	-0.585879	14.5212	
0.999906	0.000592653	-0.0137111	0.000592895	0.996269	0.0863012	0.0137111	-0.0863012	0.996175	0.106867	-0.672512	15.5559	
0.999893	0.000674217	-0.014622	0.000674511	0.995755	0.0920388	0.014622	-0.0920388	0.995648	0.121577	-0.765105	16.59	
0.999879	0.000761021	-0.0155324	0.000761374	0.995208	0.0977733	0.0155324	-0.0977733	0.995087	0.137233	-0.863655	17.6236	
0.999864	0.00085306	-0.0164422	0.000853479	0.994629	0.103504	0.0164422	-0.103504	0.994493	0.153834	-0.968157	18.6566	
0.999849	0.000950331	-0.0173513	0.000950824	0.994016	0.109232	0.0173513	-0.109232	0.993865	0.17138	-1.07861	19.6889	
0.999833	0.00105283	-0.0182598	0.0010534	0.99337	0.114956	0.0182598	-0.114956	0.993203	0.189869	-1.19501	20.7206	
0.999816	0.00116055	-0.0191676	0.00116122	0.992691	0.120676	0.0191676	-0.120676	0.992507	0.209301	-1.31734	21.7516	
0.999798	0.00127349	-0.0200747	0.00127426	0.99198	0.126392	0.0200746	-0.126392	0.991777	0.229675	-1.44562	22.7818	
0.999779	0.00139164	-0.020981	0.00139252	0.991235	0.132103	0.0209809	-0.132103	0.991014	0.250991	-1.57983	23.8112	
0.999759	0.001515	-0.0218865	0.001516	0.990457	0.13781	0.0218864	-0.13781	0.990217	0.273247	-1.71997	24.8399	
0.999739	0.00164357	-0.0227911	0.00164469	0.989647	0.143512	0.022791	-0.143512	0.989386	0.296443	-1.86603	25.8677	
0.999718	0.00177733	-0.0236949	0.00177859	0.988804	0.14921	0.0236948	-0.14921	0.988522	0.320578	-2.01801	26.8946	
0.999696	0.00191628	-0.0245979	0.00191769	0.987928	0.154902	0.0245978	-0.154902	0.987624	0.345652	-2.1759	27.9206	
0.999673	0.00206042	-0.0254999	0.00206199	0.987019	0.160589	0.0254997	-0.160589	0.986692	0.371662	-2.3397	28.9457	
0.999649	0.00220973	-0.0264009	0.00221148	0.986078	0.16627	0.0264008	-0.16627	0.985727	0.398608	-2.5094	29.9697	
0.999624	0.00236422	-0.027301	0.00236616	0.985104	0.171945	0.0273008	-0.171945	0.984728	0.42649	-2.685	30.9928	
0.999599	0.00252388	-0.0282	0.00252602	0.984097	0.177615	0.0281998	-0.177615	0.983696	0.455305	-2.86649	32.0148	
0.999573	0.00268869	-0.029098	0.00269104	0.983057	0.183278	0.0290978	-0.183278	0.98263	0.485054	-3.05386	33.0357	
0.999546	0.00285866	-0.0299949	0.00286124	0.981985	0.188935	0.0299947	-0.188935	0.981531	0.515734	-3.24712	34.0554	
0.999518	0.00303377	-0.0308907	0.00303659	0.980881	0.194586	0.0308905	-0.194586	0.980399	0.547346	-3.44624	35.0741	
0.99949	0.00321403	-0.0317854	0.0032171	0.979744	0.20023	0.0317851	-0.20023	0.979233	0.579886	-3.65122	36.0915	
0.99946	0.00339941	-0.0326789	0.00340275	0.978574	0.205867	0.0326785	-0.205867	0.978034	0.613355	-3.86207	37.1077	
0.99943	0.00358991	-0.0335712	0.00359354	0.977372	0.211496	0.0335708	-0.211496	0.976802	0.647752	-4.07876	38.1226	
0.999399	0.00378553	-0.0344622	0.00378946	0.976138	0.217119	0.0344618	-0.217119	0.975537	0.683074	-4.30129	39.1363	
0.999367	0.00398626	-0.035352	0.0039905	0.974871	0.222733	0.0353515	-0.222733	0.974238	0.71932	-4.52966	40.1486	
0.999334	0.00419208	-0.0362405	0.00419666	0.973572	0.22834	0.0362399	-0.228341	0.972907	0.75649	-4.76385	41.1595	
0.999301	0.004403	-0.0371276	0.00440793	0.972241	0.23394	0.037127	-0.23394	0.971542	0.794582	-5.00387	42.1691	
0.999267	0.00461899	-0.0380134	0.00462429	0.970878	0.239531	0.0380128	-0.239531	0.970144	0.833594	-5.24969	43.1772	
0.999231	0.00484006	-0.0388978	0.00484574	0.969482	0.245113	0.0388971	-0.245113	0.968714	0.873525	-5.50131	44.1838	
0.999196	0.00506619	-0.0397808	0.00507227	0.968055	0.250687	0.03978	-0.250688	0.96725	0.914373	-5.75873	45.189	
0.999159	0.00529737	-0.0406623	0.00530388	0.966595	0.256253	0.0406614	-0.256253	0.965754	0.956138	-6.02193	46.1926	
0.999121	0.0055336	-0.0415423	0.00554055	0.965104	0.261809	0.0415414	-0.26181	0.964225	0.998817	-6.29091	47.1946	
0.999083	0.00577486	-0.0424208	0.00578227	0.96358	0.267357	0.0424198	-0.267357	0.962663	1.04241	-6.56565	48.195	
0.999044	0.00602114	-0.0432978	0.00602903	0.962025	0.272895	0.0432967	-0.272895	0.961069	1.08691	-6.84614	49.1938	
0.999004	0.00627244	-0.0441732	0.00628083	0.960438	0.278424	0.044172	-0.278424	0.959442	1.13233	-7.13238	50.1909	
0.998964	0.00652875	-0.045047	0.00653765	0.958819	0.283943	0.0450457	-0.283943	0.957783	1.17865	-7.42436	51.1863	
0.998922	0.00679004	-0.0459192	0.00679949	0.957169	0.289452	0.0459178	-0.289452	0.956091	1.22587	-7.72206	52.18	
0.99888	0.00705632	-0.0467896	0.00706632	0.955486	0.29495	0.0467881	-0.294951	0.954366	1.27401	-8.02548	53.1719	
0.998837	0.00732757	-0.0476584	0.00733816	0.953773	0.300439	0.0476568	-0.300439	0.95261	1.32304	-8.3346	54.162	
0.998793	0.00760378	-0.0485255	0.00761497	0.952028	0.305917	0.0485237	-0.305918	0.950821	1.37298	-8.64942	55.1503	
0.998748	0.00788493	-0.0493908	0.00789675	0.950251	0.311385	0.0493889	-0.311385	0.948999	1.42381	-8.96992	56.1366	
0.998703	0.00817103	-0.0502543	0.0081835	0.948443	0.316842	0.0502522	-0.316842	0.947146	1.47555	-9.29609	57.1211	
0.998657	0.00846205	-0.051116	0.00847519	0.946604	0.322287	0.0511138	-0.322288	0.945261	1.52818	-9.62792	58.1036	
0.99861	0.00875799	-0.0519758	0.00877182	0.944734	0.327722	0.0519735	-0.327722	0.943344	1.5817	-9.9654	59.0842	
0.998562	0.00905882	-0.0528338	0.00907338	0.942832	0.333145	0.0528313	-0.333145	0.941394	1.63611	-10.3085	60.0627	
0.998514	0.00936455	-0.0536898	0.00937984	0.9409	0.338556	0.0536871	-0.338556	0.939413	1.69142	-10.6573	61.0392	
0.998464	0.00967515	-0.0545439	0.00969121	0.938936	0.343955	0.0545411	-0.343956	0.9374	1.74761	-11.0116	62.0136	
0.998414	0.00999061	-0.0553961	0.0100075	0.936941	0.349343	0.055393	-0.349343	0.935356	1.80468	-11.3716	62.986	
0.998364	0.0103109	-0.0562462	0.0103286	0.934916	0.354718	0.056243	-0.354719	0.93328	1.86264	-11.7371	63.9562	
0.998312	0.0106361	-0.0570943	0.0106546	0.93286	0.360081	0.0570909	-0.360082	0.931172	1.92149	-12.1082	64.9242	
0.99826	0.0109661	-0.0579404	0.0109854	0.930773	0.365432	0.0579367	-0.365432	0.929033	1.98121	-12.4849	65.89	
0.998063	0.0121802	-0.0610142	0.0111513	0.929752	0.368017	0.0612106	-0.367984	0.927815	2.04307	-12.8657	66.854	
0.997854	0.0134028	-0.0640844	0.0113263	0.928724	0.370599	0.0644838	-0.37053	0.92658	2.10833	-13.2491	67.8168	
0.997636	0.0146339	-0.0671503	0.0115105	0.927689	0.373177	0.0677556	-0.373068	0.925327	2.17699	-13.6352	68.7783	
0.997406	0.0158731	-0.0702113	0.0117037	0.926646	0.375752	0.0710254	-0.375599	0.924057	2.24904	-14.0239	69.7385	
0.99611	0.0218543	-0.0853598	0.0101043	0.934031	0.357048	0.0875318	-0.356522	0.930178	2.33137	-14.404	70.7013	
0.994546	0.0275218	-0.100603	0.00817251	0.941029	0.338227	0.103979	-0.337205	0.935672	2.4308	-14.7642	71.67	
0.992713	0.0328718	-0.115931	0.0059096	0.947635	0.319302	0.120357	-0.31766	0.940535	2.54728	-15.1043	72.6442	
0.990613	0.0379008	-0.131334	0.00331711	0.953844	0.300284	0.136653	-0.297901	0.944765	2.68073	-15.4239	73.6231	
0.988248	0.0426052	-0.1468	0.000396791	0.959653	0.281188	0.152857	-0.277942	0.948358	2.83105	-15.7229	74.6061	
0.985619	0.0469821	-0.162319	-0.0028494	0.965057	0.262026	0.168958	-0.257795	0.951312	2.99814	-16.001	75.5924	
0.982728	0.0510283	-0.177882	-0.00641927	0.970052	0.242811	0.184945	-0.237475	0.953625	3.18189	-16.2582	76.5815	
0.979576	0.0547411	-0.193477	-0.0103104	0.974637	0.223555	0.200808	-0.216994	0.955296	3.38219	-16.4942	77.5726	
0.976167	0.0581182	-0.209095	-0.0145202	0.978806	0.204272	0.216535	-0.196368	0.956322	3.59888	-16.7088	78.5652	
0.972501	0.0611571	-0.224724	-0.0190458	0.982559	0.184975	0.232117	-0.175609	0.956704	3.83183	-16.9019	79.5585	
0.968583	0.0638559	-0.240353	-0.0238842	0.985891	0.165677	0.247542	-0.154731	0.956442	4.08088	-17.0734	80.5518	
0.964413	0.0662127	-0.255974	-0.0290321	0.988801	0.146391	0.2628	-0.13375	0.955535	4.34586	-17.2232	81.5446	
0.959996	0.0682259	-0.271574	-0.034486	0.991286	0.127129	0.277881	-0.112678	0.953984	4.62659	-17.3512	82.536	
0.955334	0.0698942	-0.287143	-0.0402423	0.993346	0.107905	0.292775	-0.0915304	0.95179	4.92289	-17.4572	83.5255	
0.95043	0.0712165	-0.302672	-0.0462971	0.994979	0.0887323	0.307471	-0.0703211	0.948955	5.23455	-17.5412	84.5124	
0.945288	0.0721918	-0.318149	-0.0526462	0.996183	0.0696229	0.321961	-0.0490643	0.945481	5.56136	-17.6032	85.4961	
0.939911	0.0728196	-0.333564	-0.0592855	0.996958	0.05059	0.336233	-0.0277746	0.941369	5.90311	-17.6431	86.4758	
0.934302	0.0730993	-0.348906	-0.0662105	0.997304	0.0316464	0.350279	-0.00646605	0.936623	6.25956	-17.6609	87.4509	
0.928466	0.0730309	-0.364166	-0.0734164	0.997219	0.0128049	0.364089	0.0148468	0.931246	6.63048	-17.6565	88.4207	
0.922406	0.0726142	-0.379333	-0.0808985	0.996705	-0.00592169	0.377653	0.0361497	0.925241	7.0156	-17.6301	89.3846	
0.916127	0.0718497	-0.394397	-0.0886516	0.995761	-0.0245209	0.390963	0.0574282	0.918613	7.41469	-17.5815	90.342	
0.909632	0.0707379	-0.409347	-0.0966706	0.994388	-0.0429802	0.40401	0.078668	0.911366	7.82745	-17.5108	91.2922	
0.902927	0.0692794	-0.424174	-0.10495	0.992587	-0.061287	0.416784	0.0998548	0.903504	8.25363	-17.4181	92.2345	
0.896015	0.0674753	-0.438868	-0.113484	0.99036	-0.0794291	0.429277	0.120974	0.895034	8.69292	-17.3035	93.1683	
0.888901	0.0653268	-0.453418	-0.122268	0.987707	-0.0973942	0.441481	0.142012	0.885961	9.14503	-17.1669	94.093	
0.88159	0.0628353	-0.467815	-0.131295	0.984631	-0.11517	0.453388	0.162955	0.876291	9.60967	-17.0086	95.008	
0.874087	0.0600025	-0.482049	-0.140558	0.981133	-0.132745	0.464989	0.183787	0.86603	10.0865	-16.8285	95.9127	
0.866397	0.0568304	-0.496111	-0.150053	0.977216	-0.150107	0.476277	0.204496	0.855185	10.5752	-16.6269	96.8064	
0.858526	0.053321	-0.509991	-0.159772	0.972883	-0.167245	0.487244	0.225066	0.843765	11.0755	-16.4039	97.6885	
0.850477	0.0494767	-0.523679	-0.169709	0.968137	-0.184146	0.497882	0.245486	0.831775	11.587	-16.1596	98.5585	
