1	0	0	0	1	0	0	0	1	0	0	0	
1	4.52872e-08	5.12792e-05	4.52872e-08	0.999998	-0.0017663	-5.12792e-05	0.0017663	0.999998	-1.9916e-05	0.000686002	0.776767	
1	1.82314e-07	0.000102975	1.81696e-07	0.999994	-0.00353492	-0.000102975	0.00353492	0.999994	-7.98259e-05	0.00274491	1.55353	
1	4.12672e-07	0.000155088	4.10199e-07	0.999986	-0.00530581	-0.000155088	0.00530581	0.999986	-0.000180053	0.00617851	2.33029	
1	7.37951e-07	0.000207616	7.31763e-07	0.999975	-0.00707892	-0.000207616	0.00707892	0.999975	-0.000320921	0.0109885	3.10704	
1	1.15974e-06	0.000260559	1.14735e-06	0.999961	-0.00885421	-0.000260559	0.00885421	0.999961	-0.000502753	0.0171767	3.88379	
1	1.67962e-06	0.000313916	1.65791e-06	0.999943	-0.0106316	-0.000313917	0.0106316	0.999943	-0.00072587	0.0247447	4.66052	
1	2.29918e-06	0.000367688	2.2644e-06	0.999923	-0.0124111	-0.000367688	0.0124111	0.999923	-0.000990594	0.0336941	5.43723	
1	3.02e-06	0.000421872	2.96776e-06	0.999899	-0.0141926	-0.000421872	0.0141926	0.999899	-0.00129725	0.0440265	6.21393	
1	3.84365e-06	0.000476469	3.76893e-06	0.999872	-0.015976	-0.000476469	0.015976	0.999872	-0.00164615	0.0557435	6.99061	
1	4.77169e-06	0.000531477	4.66884e-06	0.999842	-0.0177614	-0.000531478	0.0177614	0.999842	-0.00203762	0.0688466	7.76727	
1	5.80572e-06	0.000586896	5.66842e-06	0.999809	-0.0195487	-0.000586897	0.0195487	0.999809	-0.00247198	0.0833373	8.5439	
1	6.94727e-06	0.000642724	6.76859e-06	0.999772	-0.0213377	-0.000642726	0.0213377	0.999772	-0.00294954	0.0992169	9.32051	
1	8.19792e-06	0.000698962	7.97025e-06	0.999732	-0.0231286	-0.000698965	0.0231286	0.999732	-0.00347063	0.116487	10.0971	
1	9.55921e-06	0.000755608	9.27432e-06	0.999689	-0.0249211	-0.000755611	0.0249211	0.999689	-0.00403557	0.135149	10.8736	
1	1.10327e-05	0.00081266	1.06817e-05	0.999643	-0.0267153	-0.000812665	0.0267153	0.999643	-0.00464466	0.155203	11.6501	
1	1.26199e-05	0.000870119	1.21933e-05	0.999593	-0.0285111	-0.000870125	0.0285111	0.999593	-0.00529823	0.176652	12.4266	
1	1.43224e-05	0.000927983	1.38099e-05	0.999541	-0.0303085	-0.000927991	0.0303085	0.99954	-0.00599659	0.199497	13.203	
1	1.61418e-05	0.000986251	1.55325e-05	0.999484	-0.0321074	-0.000986261	0.0321074	0.999484	-0.00674005	0.223738	13.9794	
0.999999	1.80794e-05	0.00104492	1.73619e-05	0.999425	-0.0339077	-0.00104493	0.0339077	0.999424	-0.00752894	0.249377	14.7558	
0.999999	2.01369e-05	0.001104	1.9299e-05	0.999362	-0.0357095	-0.00110401	0.0357095	0.999362	-0.00836355	0.276416	15.5321	
0.999999	2.23158e-05	0.00116347	2.13447e-05	0.999296	-0.0375126	-0.00116349	0.0375126	0.999295	-0.00924421	0.304854	16.3083	
0.999999	2.46175e-05	0.00122334	2.34997e-05	0.999227	-0.039317	-0.00122337	0.039317	0.999226	-0.0101712	0.334693	17.0845	
0.999999	2.70436e-05	0.00128362	2.5765e-05	0.999154	-0.0411226	-0.00128364	0.0411226	0.999153	-0.0111449	0.365935	17.8606	
0.999999	2.95956e-05	0.00134428	2.81412e-05	0.999078	-0.0429295	-0.00134432	0.0429295	0.999077	-0.0121656	0.398579	18.6367	
0.999999	3.22748e-05	0.00140535	3.06294e-05	0.998999	-0.0447375	-0.00140539	0.0447375	0.998998	-0.0132335	0.432628	19.4127	
0.999999	3.50829e-05	0.00146681	3.32302e-05	0.998916	-0.0465467	-0.00146685	0.0465467	0.998915	-0.014349	0.468081	20.1887	
0.999999	3.80213e-05	0.00152866	3.59445e-05	0.99883	-0.0483568	-0.00152871	0.0483568	0.998829	-0.0155125	0.50494	20.9646	
0.999999	4.10914e-05	0.00159091	3.87731e-05	0.998741	-0.050168	-0.00159097	0.050168	0.99874	-0.0167241	0.543205	21.7404	
0.999999	4.42947e-05	0.00165355	4.17167e-05	0.998648	-0.0519801	-0.00165361	0.0519801	0.998647	-0.0179842	0.582878	22.5162	
0.999999	4.76326e-05	0.00171657	4.47762e-05	0.998552	-0.0537931	-0.00171665	0.0537931	0.998551	-0.0192932	0.623959	23.2918	
0.999998	5.11065e-05	0.00177998	4.79522e-05	0.998453	-0.055607	-0.00178007	0.055607	0.998451	-0.0206513	0.666448	24.0675	
0.999998	5.47178e-05	0.00184378	5.12456e-05	0.99835	-0.0574216	-0.00184388	0.0574216	0.998348	-0.0220588	0.710346	24.843	
0.999998	5.84681e-05	0.00190797	5.4657e-05	0.998244	-0.059237	-0.00190808	0.059237	0.998242	-0.023516	0.755655	25.6184	
0.999998	6.23586e-05	0.00197254	5.81873e-05	0.998135	-0.0610531	-0.00197266	0.0610531	0.998133	-0.0250232	0.802374	26.3938	
0.999998	6.63907e-05	0.00203749	6.18371e-05	0.998022	-0.0628698	-0.00203763	0.0628698	0.99802	-0.0265807	0.850503	27.1691	
0.999998	7.05659e-05	0.00210282	6.56071e-05	0.997906	-0.0646871	-0.00210298	0.0646871	0.997903	-0.0281889	0.900044	27.9442	
0.999998	7.48854e-05	0.00216852	6.94981e-05	0.997786	-0.0665049	-0.0021687	0.0665049	0.997784	-0.0298479	0.950997	28.7193	
0.999998	7.93507e-05	0.00223461	7.35108e-05	0.997663	-0.0683232	-0.00223481	0.0683232	0.997661	-0.0315582	1.00336	29.4943	
0.999997	8.3963e-05	0.00230107	7.76457e-05	0.997537	-0.070142	-0.00230129	0.070142	0.997534	-0.0333199	1.05714	30.2692	
0.999997	8.87238e-05	0.00236791	8.19037e-05	0.997407	-0.0719611	-0.00236815	0.0719611	0.997405	-0.0351335	1.11233	31.044	
0.999997	9.36342e-05	0.00243511	8.62853e-05	0.997274	-0.0737806	-0.00243538	0.0737806	0.997272	-0.0369991	1.16893	31.8187	
0.999997	9.86957e-05	0.00250269	9.07912e-05	0.997138	-0.0756004	-0.00250299	0.0756003	0.997135	-0.0389171	1.22695	32.5933	
0.999997	0.000103909	0.00257063	9.5422e-05	0.996999	-0.0774203	-0.00257096	0.0774203	0.996995	-0.0408877	1.28638	33.3678	
0.999997	0.000109277	0.00263894	0.000100178	0.996856	-0.0792405	-0.0026393	0.0792405	0.996852	-0.0429113	1.34723	34.1422	
0.999996	0.000114799	0.00270762	0.000105061	0.996709	-0.0810608	-0.00270801	0.0810607	0.996705	-0.0449881	1.40949	34.9165	
0.999996	0.000120477	0.00277666	0.00011007	0.996559	-0.0828811	-0.00277709	0.0828811	0.996556	-0.0471184	1.47316	35.6906	
0.999996	0.000126313	0.00284606	0.000115207	0.996406	-0.0847015	-0.00284653	0.0847015	0.996402	-0.0493025	1.53824	36.4646	
0.999996	0.000132307	0.00291581	0.000120471	0.99625	-0.0865218	-0.00291633	0.0865218	0.996246	-0.0515407	1.60474	37.2386	
0.999996	0.000138461	0.00298593	0.000125864	0.99609	-0.0883421	-0.00298649	0.0883421	0.996086	-0.0538333	1.67266	38.0123	
0.999995	0.000144776	0.0030564	0.000131386	0.995927	-0.0901622	-0.003057	0.0901622	0.995922	-0.0561805	1.74199	38.786	
0.999995	0.000151253	0.00312722	0.000137038	0.995761	-0.0919822	-0.00312788	0.0919822	0.995756	-0.0585826	1.81273	39.5595	
0.999995	0.000157893	0.00319839	0.00014282	0.995591	-0.0938019	-0.0031991	0.0938019	0.995586	-0.0610399	1.88488	40.333	
0.999995	0.000164697	0.00326992	0.000148732	0.995418	-0.0956214	-0.00327068	0.0956214	0.995412	-0.0635527	1.95845	41.1062	
0.999986	0.000350189	0.00520422	0.000147333	0.995449	-0.0952931	-0.00521391	0.0952926	0.995436	-0.0668479	2.0326	41.8794	
0.999974	0.000535321	0.00714147	0.000145307	0.99548	-0.0949671	-0.00716004	0.0949657	0.995455	-0.0716538	2.10649	42.6527	
0.999959	0.000720088	0.00908158	0.000142661	0.995511	-0.0946433	-0.00910897	0.0946407	0.99547	-0.0779724	2.18013	43.4259	
0.999939	0.000904484	0.0110245	0.000139403	0.995542	-0.0943217	-0.0110606	0.0943174	0.995481	-0.0858059	2.25352	44.1992	
0.999915	0.0010885	0.01297	0.000135539	0.995572	-0.0940021	-0.0130149	0.0939959	0.995488	-0.0951565	2.32666	44.9724	
0.999888	0.00127214	0.0149182	0.000131077	0.995602	-0.0936847	-0.0149717	0.0936762	0.99549	-0.106026	2.39955	45.7457	
0.999857	0.00145538	0.0168688	0.000126022	0.995632	-0.0933693	-0.016931	0.093358	0.995489	-0.118417	2.47219	46.519	
0.999822	0.00163823	0.0188219	0.000120382	0.995661	-0.0930558	-0.0188927	0.0930414	0.995483	-0.13233	2.54459	47.2922	
0.999782	0.00182068	0.0207773	0.000114162	0.99569	-0.0927442	-0.0208566	0.0927264	0.995473	-0.147768	2.61673	48.0655	
0.99974	0.00200273	0.0227349	0.000107367	0.995719	-0.0924345	-0.0228227	0.0924129	0.995459	-0.164732	2.68864	48.8387	
0.999693	0.00218436	0.0246947	0.000100004	0.995747	-0.0921267	-0.024791	0.0921008	0.995441	-0.183225	2.7603	49.6119	
0.999642	0.00236557	0.0266566	9.20773e-05	0.995776	-0.0918205	-0.0267612	0.0917901	0.995419	-0.203247	2.83172	50.3852	
0.999587	0.00254636	0.0286204	8.35918e-05	0.995804	-0.0915161	-0.0287334	0.0914807	0.995392	-0.2248	2.9029	51.1584	
0.999528	0.00272672	0.0305862	7.45521e-05	0.995831	-0.0912134	-0.0307074	0.0911726	0.995362	-0.247886	2.97384	51.9315	
0.999466	0.00290664	0.0325537	6.49625e-05	0.995859	-0.0909122	-0.0326831	0.0908658	0.995327	-0.272506	3.04454	52.7047	
0.999399	0.00308612	0.0345229	5.4827e-05	0.995886	-0.0906126	-0.0346605	0.0905601	0.995288	-0.298661	3.115	53.4778	
0.999329	0.00326514	0.0364938	4.41492e-05	0.995913	-0.0903145	-0.0366395	0.0902555	0.995244	-0.326353	3.18523	54.2509	
0.999254	0.00344372	0.0384662	3.29326e-05	0.99594	-0.0900179	-0.03862	0.089952	0.995197	-0.355582	3.25522	55.024	
0.999175	0.00362183	0.0404401	2.11803e-05	0.995967	-0.0897226	-0.0406019	0.0896495	0.995145	-0.386351	3.32497	55.797	
0.999093	0.00379948	0.0424153	8.89499e-06	0.995993	-0.0894287	-0.0425851	0.089348	0.99509	-0.418659	3.39449	56.57	
0.999006	0.00397666	0.0443918	-3.92076e-06	0.996019	-0.0891361	-0.0445696	0.0890473	0.99503	-0.452509	3.46378	57.3429	
0.998916	0.00415335	0.0463695	-1.72648e-05	0.996045	-0.0888447	-0.0465551	0.0887475	0.994966	-0.4879	3.53283	58.1158	
0.998821	0.00432956	0.0483483	-3.11353e-05	0.996071	-0.0885544	-0.0485417	0.0884485	0.994897	-0.524834	3.60165	58.8886	
0.998723	0.00450528	0.0503281	-4.55306e-05	0.996097	-0.0882653	-0.0505293	0.0881503	0.994825	-0.563312	3.67024	59.6614	
0.99862	0.0046805	0.0523088	-6.04496e-05	0.996122	-0.0879773	-0.0525178	0.0878527	0.994748	-0.603334	3.7386	60.4341	
0.998513	0.00485522	0.0542904	-7.58913e-05	0.996148	-0.0876902	-0.054507	0.0875557	0.994667	-0.6449	3.80672	61.2068	
0.998403	0.00502943	0.0562727	-9.1855e-05	0.996173	-0.0874041	-0.056497	0.0872594	0.994582	-0.688012	3.87462	61.9793	
0.998288	0.00520312	0.0582557	-0.000108341	0.996198	-0.087119	-0.0584875	0.0869635	0.994493	-0.732671	3.94228	62.7519	
0.998169	0.00537628	0.0602393	-0.000125348	0.996223	-0.0868346	-0.0604786	0.0866681	0.9944	-0.778875	4.00972	63.5243	
0.998047	0.00554892	0.0622234	-0.000142878	0.996247	-0.0865511	-0.0624701	0.0863732	0.994302	-0.826626	4.07693	64.2967	
0.99792	0.00572102	0.0642078	-0.00016093	0.996272	-0.0862683	-0.064462	0.0860785	0.994201	-0.875925	4.1439	65.069	
0.997789	0.00589258	0.0661926	-0.000179506	0.996296	-0.0859862	-0.0664541	0.0857842	0.994095	-0.926771	4.21065	65.8412	
0.997655	0.00606359	0.0681776	-0.000198607	0.996321	-0.0857047	-0.0684465	0.0854901	0.993985	-0.979164	4.27717	66.6134	
0.997516	0.00623405	0.0701628	-0.000218236	0.996345	-0.0854237	-0.0704389	0.0851962	0.993871	-1.0331	4.34346	67.3854	
0.997373	0.00640394	0.072148	-0.000238392	0.996369	-0.0851433	-0.0724313	0.0849025	0.993753	-1.08859	4.40953	68.1574	
0.997227	0.00657327	0.0741332	-0.00025908	0.996393	-0.0848633	-0.0744236	0.0846088	0.993631	-1.14563	4.47536	68.9292	
0.997076	0.00674201	0.0761183	-0.000280301	0.996416	-0.0845838	-0.0764158	0.0843151	0.993505	-1.20421	4.54097	69.701	
0.996921	0.00691018	0.0781032	-0.000302059	0.99644	-0.0843045	-0.0784077	0.0840214	0.993374	-1.26434	4.60635	70.4727	
0.996763	0.00707776	0.0800878	-0.000324357	0.996464	-0.0840256	-0.0803992	0.0837276	0.99324	-1.32602	4.6715	71.2443	
0.995628	0.00807654	0.0930535	-0.0015737	0.997564	-0.0697453	-0.0933901	0.0692939	0.993215	-1.39352	4.73093	72.0158	
0.994325	0.00888673	0.106016	-0.00300957	0.998456	-0.055468	-0.106346	0.0548341	0.992816	-1.4711	4.77915	72.7872	
0.992852	0.00950803	0.118972	-0.00463143	0.99914	-0.0411991	-0.119261	0.0403536	0.992043	-1.55872	4.81612	73.5581	
0.991211	0.0099402	0.131914	-0.00643865	0.999616	-0.0269441	-0.132132	0.0258579	0.990895	-1.65636	4.84183	74.3282	
0.989403	0.0101831	0.14484	-0.00843057	0.999884	-0.0127082	-0.144952	0.0113525	0.989374	-1.76398	4.85628	75.0974	
0.987427	0.0102366	0.157743	-0.0106064	0.999943	0.00150309	-0.157718	-0.00315728	0.987479	-1.88154	4.85947	75.8652	
0.985285	0.0101006	0.170619	-0.0129654	0.999793	0.0156845	-0.170425	-0.0176658	0.985212	-2.00899	4.85138	76.6313	
