1	0	0	0	1	0	0	0	1	0	0	0	
0.999999	2.05976e-06	-0.00123764	2.05976e-06	0.999994	0.00332852	0.00123764	-0.00332852	0.999994	0.00057694	-0.00155163	0.932321	
0.999997	8.25839e-06	-0.00247856	8.25324e-06	0.999978	0.0066617	0.00247856	-0.0066617	0.999975	0.00230929	-0.00620869	1.86463	
0.999993	1.86234e-05	-0.00372272	1.86027e-05	0.99995	0.00999942	0.00372272	-0.00999942	0.999943	0.00520009	-0.0139755	2.79692	
0.999988	3.31818e-05	-0.00497008	3.31301e-05	0.999911	0.0133416	0.00497008	-0.0133416	0.999899	0.00925235	-0.0248561	3.72917	
0.999981	5.19604e-05	-0.0062206	5.18569e-05	0.999861	0.016688	0.0062206	-0.016688	0.999841	0.014469	-0.0388548	4.66137	
0.999972	7.49855e-05	-0.00747422	7.48039e-05	0.999799	0.0200385	0.00747422	-0.0200385	0.999771	0.020853	-0.0559753	5.59351	
0.999962	0.000102283	-0.00873091	0.000101992	0.999726	0.0233931	0.00873091	-0.0233931	0.999688	0.0284072	-0.0762214	6.52559	
0.99995	0.000133878	-0.00999061	0.000133441	0.999642	0.0267516	0.00999062	-0.0267516	0.999592	0.0371345	-0.099597	7.45757	
0.999937	0.000169796	-0.0112533	0.000169171	0.999546	0.0301138	0.0112533	-0.0301138	0.999483	0.0470376	-0.126105	8.38947	
0.999922	0.000210062	-0.0125189	0.000209201	0.999439	0.0334796	0.0125189	-0.0334796	0.999361	0.0581193	-0.15575	9.32125	
0.999905	0.000254699	-0.0137874	0.00025355	0.999321	0.036849	0.0137874	-0.036849	0.999226	0.0703824	-0.188535	10.2529	
0.999887	0.000303732	-0.0150587	0.000302236	0.999191	0.0402217	0.0150588	-0.0402217	0.999077	0.0838294	-0.224462	11.1845	
0.999867	0.000357184	-0.0163329	0.000355278	0.999049	0.0435977	0.0163329	-0.0435976	0.998916	0.098463	-0.263536	12.1158	
0.999845	0.000415079	-0.0176098	0.000412693	0.998896	0.0469767	0.0176098	-0.0469767	0.998741	0.114286	-0.305758	13.0471	
0.999821	0.000477438	-0.0188894	0.000474498	0.998731	0.0503588	0.0188894	-0.0503588	0.998553	0.1313	-0.351132	13.9781	
0.999796	0.000544284	-0.0201716	0.000540709	0.998555	0.0537437	0.0201717	-0.0537436	0.998351	0.149509	-0.399661	14.909	
0.99977	0.000615638	-0.0214565	0.000611344	0.998366	0.0571313	0.0214566	-0.0571312	0.998136	0.168915	-0.451346	15.8397	
0.999741	0.000691523	-0.0227439	0.000686417	0.998167	0.0605215	0.022744	-0.0605214	0.997908	0.189519	-0.506192	16.7702	
0.999711	0.000771958	-0.0240338	0.000765944	0.997955	0.0639142	0.024034	-0.0639141	0.997666	0.211326	-0.564199	17.7004	
0.999679	0.000856965	-0.0253262	0.00084994	0.997732	0.0673092	0.0253265	-0.0673091	0.997411	0.234336	-0.62537	18.6305	
0.999645	0.000946563	-0.0266211	0.00093842	0.997497	0.0707064	0.0266214	-0.0707063	0.997142	0.258552	-0.689707	19.5603	
0.99961	0.00104077	-0.0279183	0.0010314	0.99725	0.0741056	0.0279186	-0.0741055	0.99686	0.283976	-0.757213	20.4898	
0.999572	0.00113961	-0.0292178	0.00112888	0.996991	0.0775068	0.0292183	-0.0775067	0.996564	0.310611	-0.827889	21.419	
0.999533	0.0012431	-0.0305197	0.0012309	0.996721	0.0809099	0.0305202	-0.0809097	0.996254	0.338459	-0.901737	22.348	
0.999493	0.00135125	-0.0318238	0.00133745	0.996438	0.0843146	0.0318243	-0.0843144	0.995931	0.367522	-0.978758	23.2767	
0.99945	0.00146409	-0.03313	0.00144854	0.996144	0.0877208	0.0331307	-0.0877206	0.995594	0.397801	-1.05895	24.2051	
0.999406	0.00158163	-0.0344384	0.0015642	0.995838	0.0911285	0.0344392	-0.0911282	0.995243	0.4293	-1.14233	25.1331	
0.999359	0.00170389	-0.0357489	0.00168443	0.99552	0.0945375	0.0357498	-0.0945372	0.994879	0.462019	-1.22888	26.0608	
0.999311	0.00183089	-0.0370615	0.00180925	0.99519	0.0979477	0.0370625	-0.0979473	0.994501	0.495962	-1.31861	26.9882	
0.999261	0.00196264	-0.038376	0.00193865	0.994848	0.101359	0.0383772	-0.101358	0.994109	0.531129	-1.41151	27.9152	
0.99921	0.00209915	-0.0396925	0.00207266	0.994494	0.104771	0.0396939	-0.10477	0.993704	0.567523	-1.5076	28.8419	
0.999156	0.00224045	-0.0410109	0.00221128	0.994128	0.108184	0.0410125	-0.108183	0.993285	0.605145	-1.60687	29.7681	
0.999101	0.00238655	-0.0423311	0.00235453	0.993751	0.111597	0.0423329	-0.111597	0.992852	0.643997	-1.70933	30.694	
0.999044	0.00253745	-0.0436532	0.0025024	0.993361	0.115011	0.0436552	-0.115011	0.992405	0.684082	-1.81496	31.6195	
0.998984	0.00269318	-0.044977	0.00265491	0.992959	0.118426	0.0449793	-0.118425	0.991944	0.7254	-1.92378	32.5445	
0.998923	0.00285375	-0.0463025	0.00281207	0.992546	0.121841	0.0463051	-0.12184	0.991469	0.767953	-2.03578	33.4691	
0.99886	0.00301917	-0.0476297	0.00297389	0.99212	0.125255	0.0476326	-0.125254	0.990981	0.811743	-2.15097	34.3932	
0.998796	0.00318946	-0.0489585	0.00314036	0.991682	0.12867	0.0489617	-0.128669	0.990478	0.856772	-2.26934	35.3169	
0.998729	0.00336462	-0.0502889	0.0033115	0.991233	0.132085	0.0502924	-0.132084	0.989962	0.90304	-2.39089	36.2401	
0.99866	0.00354466	-0.0516207	0.00348731	0.990771	0.1355	0.0516246	-0.135498	0.989432	0.95055	-2.51563	37.1628	
0.99859	0.00372961	-0.052954	0.00366779	0.990298	0.138914	0.0529584	-0.138912	0.988888	0.999303	-2.64355	38.085	
0.998518	0.00391946	-0.0542888	0.00385296	0.989812	0.142327	0.0542935	-0.142326	0.98833	1.0493	-2.77465	39.0067	
0.998443	0.00411423	-0.0556249	0.00404282	0.989315	0.14574	0.0556301	-0.145738	0.987758	1.10054	-2.90894	39.9279	
0.998367	0.00431393	-0.0569623	0.00423737	0.988805	0.149153	0.056968	-0.149151	0.987172	1.15303	-3.0464	40.8486	
0.998289	0.00451856	-0.058301	0.00443661	0.988284	0.152564	0.0583073	-0.152562	0.986572	1.20677	-3.18705	41.7686	
0.998209	0.00472814	-0.0596409	0.00464055	0.98775	0.155975	0.0596477	-0.155972	0.985959	1.26175	-3.33088	42.6882	
0.998127	0.00494268	-0.0609819	0.00484919	0.987205	0.159384	0.0609894	-0.159381	0.985331	1.31799	-3.47788	43.6071	
0.998043	0.00516217	-0.0623241	0.00506253	0.986647	0.162792	0.0623323	-0.162789	0.98469	1.37548	-3.62807	44.5255	
0.997957	0.00538663	-0.0636673	0.00528058	0.986078	0.166199	0.0636762	-0.166195	0.984035	1.43422	-3.78143	45.4432	
0.997869	0.00561607	-0.0650116	0.00550333	0.985497	0.169604	0.0650212	-0.1696	0.983366	1.49421	-3.93796	46.3603	
0.997779	0.00585049	-0.0663568	0.00573078	0.984904	0.173007	0.0663673	-0.173003	0.982683	1.55546	-4.09767	47.2768	
0.997687	0.00608989	-0.067703	0.00596294	0.984299	0.176409	0.0677143	-0.176405	0.981986	1.61796	-4.26055	48.1927	
0.997593	0.00633429	-0.06905	0.00619981	0.983682	0.179809	0.0690622	-0.179804	0.981275	1.68172	-4.4266	49.1079	
0.997497	0.00658368	-0.0703978	0.00644138	0.983053	0.183207	0.0704109	-0.183202	0.980551	1.74674	-4.59582	50.0224	
0.997399	0.00683808	-0.0717463	0.00668766	0.982413	0.186603	0.0717605	-0.186597	0.979812	1.81302	-4.76821	50.9362	
0.9973	0.00709747	-0.0730956	0.00693863	0.98176	0.189996	0.0731109	-0.189991	0.97906	1.88055	-4.94376	51.8494	
0.997198	0.00736188	-0.0744456	0.00719431	0.981096	0.193388	0.074462	-0.193381	0.978294	1.94934	-5.12247	52.7618	
0.997094	0.00763129	-0.0757962	0.00745469	0.98042	0.196776	0.0758137	-0.19677	0.977514	2.0194	-5.30435	53.6736	
0.996988	0.00790572	-0.0771473	0.00771976	0.979732	0.200163	0.0771661	-0.200155	0.976721	2.09071	-5.48938	54.5846	
0.996881	0.00818516	-0.0784989	0.00798952	0.979033	0.203546	0.0785191	-0.203538	0.975913	2.16328	-5.67756	55.4948	
0.996771	0.00846962	-0.079851	0.00826396	0.978322	0.206926	0.0798726	-0.206918	0.975092	2.23712	-5.8689	56.4043	
0.996486	0.00919184	-0.0832479	0.00832548	0.978165	0.207661	0.083339	-0.207625	0.974652	2.3132	-6.06215	57.3132	
0.99619	0.0099176	-0.0866482	0.00838985	0.978008	0.208399	0.0868095	-0.208332	0.974198	2.39252	-6.25605	58.2217	
0.99588	0.0106468	-0.0900517	0.00845708	0.97785	0.209138	0.0902837	-0.209038	0.973731	2.47507	-6.45061	59.1297	
0.995558	0.0113795	-0.0934579	0.00852717	0.97769	0.20988	0.0937612	-0.209744	0.97325	2.56087	-6.64583	60.0373	
0.995224	0.0121155	-0.0968665	0.00860012	0.97753	0.210623	0.0972416	-0.21045	0.972756	2.64991	-6.84171	60.9445	
0.994877	0.0128548	-0.100277	0.00867591	0.977368	0.211367	0.100725	-0.211155	0.972249	2.74219	-7.03825	61.8512	
0.994517	0.0135973	-0.103689	0.00875455	0.977206	0.212113	0.10421	-0.211858	0.971729	2.83772	-7.23544	62.7574	
0.994145	0.0143429	-0.107103	0.00883602	0.977043	0.21286	0.107697	-0.21256	0.971195	2.93651	-7.43329	63.6631	
0.99376	0.0150916	-0.110517	0.00892032	0.976879	0.213608	0.111185	-0.213261	0.970648	3.03854	-7.63179	64.5683	
0.993362	0.0158432	-0.113931	0.00900741	0.976714	0.214357	0.114674	-0.21396	0.970088	3.14383	-7.83094	65.473	
0.992952	0.0165978	-0.117346	0.0090973	0.976548	0.215105	0.118164	-0.214657	0.969515	3.25237	-8.03075	66.3772	
0.99253	0.0173553	-0.12076	0.00918995	0.976382	0.215854	0.121655	-0.215352	0.968929	3.36416	-8.2312	67.2808	
0.992095	0.0181154	-0.124174	0.00928534	0.976216	0.216603	0.125145	-0.216044	0.96833	3.47921	-8.4323	68.1839	
0.991648	0.0188783	-0.127587	0.00938345	0.976048	0.217352	0.128634	-0.216733	0.967719	3.59751	-8.63405	69.0864	
0.991188	0.0196437	-0.130998	0.00948425	0.97588	0.218099	0.132123	-0.21742	0.967095	3.71907	-8.83643	69.9883	
0.990716	0.0204117	-0.134407	0.0095877	0.975712	0.218847	0.13561	-0.218103	0.966458	3.84388	-9.03946	70.8897	
0.988652	0.0234314	-0.148384	0.00697508	0.979535	0.201153	0.150061	-0.199905	0.968256	3.97705	-9.23433	71.7916	
0.98638	0.0261874	-0.162383	0.00409889	0.983024	0.18343	0.16443	-0.181598	0.969528	4.12366	-9.41218	72.695	
0.983901	0.0286782	-0.176396	0.000960684	0.986177	0.16569	0.17871	-0.163192	0.970274	4.28363	-9.57291	73.5993	
0.981217	0.0309024	-0.190416	-0.00243782	0.988993	0.14794	0.192892	-0.144697	0.970492	4.45686	-9.71644	74.504	
0.978328	0.0328589	-0.204436	-0.00609479	0.99147	0.130192	0.20697	-0.126124	0.970183	4.64327	-9.8427	75.4087	
0.975237	0.0345465	-0.218447	-0.0100082	0.993607	0.112454	0.220936	-0.107483	0.969348	4.84275	-9.9516	76.3129	
0.971945	0.0359643	-0.232443	-0.014176	0.995402	0.0947357	0.234781	-0.0887828	0.967985	5.0552	-10.0431	77.2161	
0.968454	0.0371116	-0.246415	-0.0185959	0.996854	0.0770474	0.248499	-0.0700346	0.966097	5.2805	-10.1171	78.1177	
0.964765	0.0379878	-0.260356	-0.0232654	0.997963	0.0593985	0.262082	-0.0512483	0.963684	5.51852	-10.1737	79.0173	
0.960881	0.0385923	-0.274258	-0.0281821	0.998729	0.0417985	0.275522	-0.0324342	0.960747	5.76914	-10.2127	79.9145	
0.956805	0.0389249	-0.288114	-0.0333433	0.99915	0.024257	0.288813	-0.0136025	0.957289	6.03222	-10.2341	80.8086	
0.952537	0.0389853	-0.301916	-0.0387461	0.999226	0.00678346	0.301947	0.0052366	0.95331	6.30763	-10.238	81.6993	
0.948081	0.0387736	-0.315658	-0.0443877	0.998958	-0.0106125	0.314917	0.0240729	0.948814	6.5952	-10.2244	82.586	
0.943438	0.0382898	-0.32933	-0.050265	0.998346	-0.0279216	0.327716	0.0428961	0.943802	6.89478	-10.1932	83.4684	
0.938612	0.0375342	-0.342926	-0.0563747	0.997389	-0.0451343	0.340337	0.0616959	0.938277	7.20622	-10.1444	84.3457	
0.933605	0.0365073	-0.356439	-0.0627136	0.996089	-0.0622412	0.352773	0.0804623	0.932243	7.52933	-10.0781	85.2177	
0.92842	0.0352095	-0.369861	-0.0692782	0.994446	-0.0792332	0.365017	0.099185	0.925702	7.86395	-9.99438	86.0839	
0.923059	0.0336416	-0.383185	-0.0760649	0.992461	-0.0961009	0.377063	0.117854	0.918659	8.2099	-9.8932	86.9437	
0.917525	0.0318044	-0.396403	-0.0830701	0.990135	-0.112835	0.388904	0.136458	0.911116	8.56698	-9.77465	87.7967	
0.911822	0.0296989	-0.409509	-0.09029	0.98747	-0.129427	0.400534	0.154989	0.903078	8.935	-9.63878	88.6425	
0.905953	0.0273264	-0.422496	-0.0977206	0.984466	-0.145867	0.411947	0.173436	0.89455	9.31377	-9.48567	89.4805	
0.89992	0.024688	-0.435355	-0.105358	0.981126	-0.162147	0.423135	0.191788	0.885536	9.70307	-9.31541	90.3103	
