1	0	0	0	1	0	0	0	1	0	0	0	
0.999998	-1.50651e-06	-0.00213634	-1.50651e-06	0.999999	-0.00141036	0.00213634	0.00141036	0.999997	0.000837273	0.000552749	0.783838	
0.999991	-6.04127e-06	-0.00427839	-6.03945e-06	0.999996	-0.00282364	0.00427839	0.00282364	0.999987	0.00335133	0.00221214	1.56767	
0.999979	-1.36265e-05	-0.00642608	-1.36192e-05	0.999991	-0.00423979	0.00642608	0.00423979	0.99997	0.00754662	0.00498043	2.35149	
0.999963	-2.42841e-05	-0.00857937	-2.42658e-05	0.999984	-0.00565876	0.00857937	0.00565876	0.999947	0.0134275	0.00885987	3.1353	
0.999942	-3.80358e-05	-0.0107382	-3.79991e-05	0.999975	-0.00708052	0.0107382	0.00708052	0.999917	0.0209985	0.0138526	3.91908	
0.999917	-5.49031e-05	-0.0129024	-5.48386e-05	0.999964	-0.008505	0.0129024	0.008505	0.999881	0.0302637	0.0199609	4.70284	
0.999886	-7.49071e-05	-0.0150721	-7.48037e-05	0.999951	-0.00993218	0.0150721	0.00993217	0.999837	0.0412274	0.0271868	5.48657	
0.999851	-9.80688e-05	-0.0172471	-9.79133e-05	0.999935	-0.011362	0.0172471	0.011362	0.999787	0.0538939	0.0355324	6.27026	
0.999811	-0.000124409	-0.0194273	-0.000124186	0.999918	-0.0127944	0.0194273	0.0127944	0.999729	0.0682674	0.0449998	7.05391	
0.999766	-0.000153947	-0.0216128	-0.000153641	0.999899	-0.0142294	0.0216128	0.0142294	0.999665	0.0843518	0.0555909	7.83751	
0.999717	-0.000186705	-0.0238034	-0.000186295	0.999877	-0.0156668	0.0238034	0.0156668	0.999594	0.102151	0.0673078	8.62106	
0.999662	-0.000222701	-0.0259991	-0.000222167	0.999854	-0.0171068	0.0259991	0.0171068	0.999516	0.12167	0.0801524	9.40455	
0.999602	-0.000261956	-0.0281998	-0.000261274	0.999828	-0.0185491	0.0281998	0.0185491	0.99943	0.142911	0.0941266	10.188	
0.999538	-0.000304488	-0.0304055	-0.000303634	0.9998	-0.0199938	0.0304055	0.0199938	0.999338	0.16588	0.109232	10.9713	
0.999468	-0.000350318	-0.032616	-0.000349264	0.99977	-0.0214409	0.032616	0.0214409	0.999238	0.190579	0.125471	11.7546	
0.999393	-0.000399462	-0.0348314	-0.000398181	0.999738	-0.0228902	0.0348314	0.0228902	0.999131	0.217013	0.142846	12.5378	
0.999313	-0.000451941	-0.0370515	-0.0004504	0.999704	-0.0243417	0.0370515	0.0243417	0.999017	0.245186	0.161357	13.3209	
0.999228	-0.000507772	-0.0392763	-0.000505938	0.999667	-0.0257955	0.0392763	0.0257954	0.998895	0.2751	0.181006	14.1039	
0.999138	-0.000566974	-0.0415057	-0.000564811	0.999628	-0.0272514	0.0415058	0.0272513	0.998767	0.30676	0.201796	14.8869	
0.999043	-0.000629564	-0.0437397	-0.000627035	0.999588	-0.0287093	0.0437398	0.0287093	0.99863	0.340169	0.223729	15.6697	
0.998942	-0.000695559	-0.0459783	-0.000692625	0.999545	-0.0301694	0.0459783	0.0301693	0.998487	0.375332	0.246804	16.4524	
0.998836	-0.000764977	-0.0482212	-0.000761596	0.999499	-0.0316314	0.0482213	0.0316313	0.998336	0.41225	0.271025	17.235	
0.998725	-0.000837835	-0.0504685	-0.000833963	0.999452	-0.0330954	0.0504686	0.0330953	0.998177	0.450929	0.296393	18.0175	
0.998609	-0.000914148	-0.0527201	-0.00090974	0.999402	-0.0345613	0.0527202	0.0345612	0.998011	0.49137	0.322909	18.7998	
0.998487	-0.000993935	-0.054976	-0.000988941	0.99935	-0.0360291	0.0549761	0.0360289	0.997837	0.533579	0.350574	19.582	
0.99836	-0.00107721	-0.057236	-0.00107158	0.999296	-0.0374987	0.0572361	0.0374985	0.997656	0.577557	0.379391	20.3641	
0.998228	-0.00116399	-0.0595002	-0.00115767	0.99924	-0.03897	0.0595003	0.0389698	0.997467	0.623308	0.40936	21.146	
0.99809	-0.00125429	-0.0617684	-0.00124723	0.999181	-0.0404431	0.0617685	0.0404429	0.997271	0.670836	0.440484	21.9278	
0.997946	-0.00134812	-0.0640405	-0.00134026	0.99912	-0.0419179	0.0640407	0.0419177	0.997067	0.720143	0.472763	22.7094	
0.997798	-0.00144551	-0.0663166	-0.00143679	0.999057	-0.0433944	0.0663168	0.0433941	0.996855	0.771233	0.506198	23.4909	
0.997643	-0.00154646	-0.0685966	-0.00153682	0.998992	-0.0448724	0.0685968	0.0448721	0.996635	0.824108	0.540791	24.2722	
0.997483	-0.00165098	-0.0708803	-0.00164036	0.998924	-0.046352	0.0708805	0.0463516	0.996407	0.878772	0.576543	25.0533	
0.997318	-0.0017591	-0.0731677	-0.00174743	0.998854	-0.0478331	0.073168	0.0478326	0.996172	0.935227	0.613456	25.8342	
0.997147	-0.00187083	-0.0754588	-0.00185804	0.998782	-0.0493156	0.0754591	0.0493151	0.995929	0.993477	0.65153	26.6149	
0.996971	-0.00198618	-0.0777534	-0.0019722	0.998707	-0.0507996	0.0777538	0.050799	0.995678	1.05352	0.690767	27.3955	
0.996788	-0.00210516	-0.0800516	-0.00208993	0.99863	-0.0522849	0.080052	0.0522843	0.995419	1.11537	0.731167	28.1758	
0.996601	-0.00222779	-0.0823533	-0.00221122	0.998551	-0.0537716	0.0823537	0.0537709	0.995152	1.17902	0.772732	28.956	
0.996407	-0.00235408	-0.0846583	-0.00233609	0.998469	-0.0552595	0.0846588	0.0552588	0.994877	1.24448	0.815463	29.7359	
0.996208	-0.00248404	-0.0869666	-0.00246456	0.998385	-0.0567487	0.0869672	0.0567478	0.994594	1.31174	0.859361	30.5156	
0.996003	-0.00261768	-0.0892782	-0.00259663	0.998299	-0.0582391	0.0892788	0.0582381	0.994303	1.38081	0.904426	31.2951	
0.995793	-0.00275502	-0.091593	-0.00273231	0.998211	-0.0597306	0.0915937	0.0597295	0.994004	1.4517	0.95066	32.0744	
0.995576	-0.00289606	-0.0939109	-0.00287161	0.99812	-0.0612232	0.0939116	0.061222	0.993696	1.5244	0.998063	32.8534	
0.995354	-0.00304082	-0.0962318	-0.00301454	0.998027	-0.0627168	0.0962327	0.0627156	0.993381	1.59893	1.04664	33.6322	
0.995126	-0.00318931	-0.0985558	-0.00316111	0.997931	-0.0642115	0.0985567	0.0642101	0.993058	1.67527	1.09638	34.4107	
0.994893	-0.00334154	-0.100883	-0.00331132	0.997833	-0.0657072	0.100884	0.0657056	0.992726	1.75343	1.1473	35.189	
0.994653	-0.00349752	-0.103212	-0.00346519	0.997733	-0.0672037	0.103213	0.0672021	0.992386	1.83342	1.19939	35.967	
0.994408	-0.00365726	-0.105545	-0.00362272	0.997631	-0.0687012	0.105546	0.0686993	0.992039	1.91524	1.25265	36.7447	
0.994157	-0.00382077	-0.10788	-0.00378391	0.997526	-0.0701994	0.107881	0.0701974	0.991682	1.99889	1.30709	37.5222	
0.993899	-0.00398806	-0.110218	-0.00394879	0.997419	-0.0716985	0.110219	0.0716963	0.991318	2.08436	1.3627	38.2993	
0.993636	-0.00415914	-0.112558	-0.00411735	0.997309	-0.0731983	0.11256	0.0731959	0.990945	2.17167	1.41948	39.0762	
0.993367	-0.00433401	-0.114901	-0.00428959	0.997197	-0.0746988	0.114903	0.0746962	0.990564	2.26082	1.47744	39.8528	
0.993093	-0.00451269	-0.117247	-0.00446554	0.997083	-0.0762	0.117249	0.0761972	0.990175	2.35181	1.53658	40.6291	
0.992812	-0.00469518	-0.119595	-0.00464518	0.996966	-0.0777017	0.119597	0.0776987	0.989778	2.44463	1.5969	41.4051	
0.992525	-0.00488149	-0.121945	-0.00482853	0.996847	-0.0792041	0.121947	0.0792008	0.989372	2.5393	1.65839	42.1808	
0.991871	-0.00530096	-0.12714	-0.00499348	0.996741	-0.0805139	0.127153	0.0804942	0.988612	2.63692	1.72098	42.956	
0.991188	-0.0057275	-0.132335	-0.00516602	0.996633	-0.0818279	0.132358	0.0817905	0.987822	2.73863	1.78458	43.7306	
0.990479	-0.00616114	-0.137529	-0.00534618	0.996523	-0.083146	0.137563	0.0830896	0.987002	2.84442	1.8492	44.5045	
0.989741	-0.00660188	-0.142722	-0.005534	0.996411	-0.084468	0.142767	0.0843912	0.986152	2.95429	1.91484	45.2779	
0.988975	-0.00704975	-0.147913	-0.00572949	0.996296	-0.0857936	0.14797	0.0856952	0.985272	3.06823	1.9815	46.0505	
0.988182	-0.00750475	-0.153102	-0.00593269	0.99618	-0.0871226	0.153171	0.0870013	0.984362	3.18626	2.04918	46.8224	
0.987361	-0.00796688	-0.158289	-0.00614362	0.996061	-0.0884549	0.158371	0.0883094	0.983423	3.30835	2.11789	47.5937	
0.986512	-0.00843617	-0.163474	-0.0063623	0.99594	-0.0897902	0.163568	0.0896192	0.982453	3.43453	2.18762	48.3641	
0.985635	-0.00891261	-0.168657	-0.00658874	0.995817	-0.0911284	0.168764	0.0909305	0.981453	3.56478	2.25838	49.1338	
0.98473	-0.00939622	-0.173836	-0.00682296	0.995692	-0.0924692	0.173956	0.0922432	0.980424	3.6991	2.33017	49.9027	
0.983797	-0.00988699	-0.179013	-0.00706497	0.995565	-0.0938124	0.179147	0.0935571	0.979364	3.83748	2.40299	50.6708	
0.982837	-0.0103849	-0.184186	-0.00731478	0.995435	-0.0951578	0.184334	0.0948719	0.978274	3.97994	2.47684	51.438	
0.981848	-0.01089	-0.189356	-0.0075724	0.995304	-0.0965053	0.189517	0.0961874	0.977155	4.12646	2.55172	52.2044	
0.980832	-0.0114023	-0.194522	-0.00783783	0.99517	-0.0978546	0.194698	0.0975036	0.976005	4.27704	2.62763	52.9699	
0.979788	-0.0119218	-0.199683	-0.00811107	0.995034	-0.0992055	0.199874	0.09882	0.974826	4.43168	2.70458	53.7345	
0.978716	-0.0124484	-0.20484	-0.00839211	0.994896	-0.100558	0.205047	0.100137	0.973616	4.59038	2.78255	54.4981	
0.977617	-0.0129821	-0.209993	-0.00868096	0.994756	-0.101911	0.210215	0.101453	0.972377	4.75313	2.86156	55.2608	
0.976489	-0.0135231	-0.215141	-0.0089776	0.994613	-0.103266	0.215378	0.10277	0.971108	4.91993	2.9416	56.0225	
0.975334	-0.0140711	-0.220283	-0.00928202	0.994469	-0.104622	0.220537	0.104086	0.969809	5.09077	3.02267	56.7831	
0.974152	-0.0146263	-0.22542	-0.00959421	0.994322	-0.105978	0.22569	0.105401	0.96848	5.26566	3.10477	57.5428	
0.972942	-0.0151887	-0.230552	-0.00991416	0.994174	-0.107334	0.230839	0.106716	0.967122	5.44458	3.1879	58.3014	
0.971704	-0.0157581	-0.235677	-0.0102418	0.994023	-0.108691	0.235981	0.108029	0.965734	5.62753	3.27207	59.0589	
0.970438	-0.0163347	-0.240797	-0.0105772	0.99387	-0.110048	0.241118	0.109341	0.964317	5.81452	3.35726	59.8153	
0.969145	-0.0169183	-0.24591	-0.0109203	0.993715	-0.111404	0.246249	0.110652	0.962869	6.00553	3.44348	60.5706	
0.967825	-0.0175091	-0.251016	-0.0112711	0.993558	-0.112761	0.251373	0.111962	0.961393	6.20056	3.53073	61.3248	
0.966477	-0.0181069	-0.256115	-0.0116295	0.993399	-0.114116	0.256491	0.113269	0.959887	6.3996	3.619	62.0778	
0.965101	-0.0187117	-0.261207	-0.0119954	0.993238	-0.115472	0.261602	0.114575	0.958351	6.60265	3.7083	62.8296	
0.963699	-0.0193236	-0.266292	-0.012369	0.993075	-0.116826	0.266705	0.115878	0.956787	6.8097	3.79861	63.5802	
0.962269	-0.0199424	-0.271369	-0.0127501	0.99291	-0.118179	0.271802	0.11718	0.955193	7.02076	3.88995	64.3295	
0.960812	-0.0205682	-0.276438	-0.0131386	0.992744	-0.11953	0.276891	0.118478	0.953569	7.2358	3.98231	65.0776	
0.959327	-0.021201	-0.281499	-0.0135346	0.992575	-0.120881	0.281971	0.119774	0.951917	7.45483	4.07569	65.8244	
0.957816	-0.0218407	-0.286551	-0.013938	0.992404	-0.122229	0.287044	0.121067	0.950236	7.67784	4.17008	66.5699	
0.956277	-0.0224874	-0.291595	-0.0143488	0.992231	-0.123576	0.292109	0.122357	0.948526	7.90482	4.26548	67.3141	
0.954712	-0.0231409	-0.29663	-0.0147668	0.992057	-0.12492	0.297165	0.123643	0.946787	8.13577	4.36189	68.0569	
0.95312	-0.0238012	-0.301656	-0.0151921	0.99188	-0.126263	0.302212	0.124926	0.945019	8.37067	4.45931	68.7983	
0.951501	-0.0244684	-0.306672	-0.0156246	0.991702	-0.127603	0.30725	0.126206	0.943223	8.60953	4.55774	69.5383	
0.949855	-0.0251423	-0.311679	-0.0160642	0.991522	-0.12894	0.312278	0.127481	0.941398	8.85234	4.65716	70.277	
0.943559	-0.0276255	-0.330051	-0.015804	0.991625	-0.128181	0.330828	0.126162	0.93522	9.10439	4.75657	71.0125	
0.936901	-0.0300823	-0.348298	-0.0155287	0.991726	-0.127426	0.34925	0.124794	0.928682	9.37094	4.85493	71.743	
0.929884	-0.0325119	-0.366414	-0.0152387	0.991827	-0.126677	0.367538	0.123379	0.921788	9.65187	4.9522	72.4682	
0.92251	-0.0349133	-0.384392	-0.0149338	0.991926	-0.125934	0.385685	0.121916	0.91454	9.94708	5.04834	73.188	
0.914782	-0.0372856	-0.402224	-0.0146144	0.992024	-0.125197	0.403684	0.120406	0.906941	10.2565	5.14331	73.9019	
0.906703	-0.0396279	-0.419904	-0.0142804	0.992121	-0.124466	0.421528	0.11885	0.898993	10.5799	5.23708	74.6097	
0.898276	-0.0419393	-0.437425	-0.013932	0.992217	-0.123742	0.43921	0.117249	0.890701	10.9172	5.32962	75.3111	
0.889505	-0.0442189	-0.45478	-0.0135695	0.992311	-0.123024	0.456723	0.115602	0.882066	11.2684	5.42088	76.0059	
