1	0	0	0	1	0	0	0	1	0	0	0	
1	8.97118e-07	0.000952421	8.97118e-07	0.999998	-0.00188387	-0.000952421	0.00188387	0.999998	-0.000386741	0.000764965	0.812121	
0.999998	3.59105e-06	0.00190549	3.59133e-06	0.999993	-0.0037693	-0.00190549	0.0037693	0.999991	-0.00154722	0.00306049	1.62424	
0.999996	8.08558e-06	0.00285916	8.08669e-06	0.999984	-0.00565624	-0.00285916	0.00565624	0.99998	-0.00348196	0.00688783	2.43635	
0.999993	1.43843e-05	0.00381343	1.43871e-05	0.999972	-0.00754462	-0.00381343	0.00754462	0.999964	-0.00619144	0.0122482	3.24845	
0.999989	2.24907e-05	0.00476825	2.24962e-05	0.999955	-0.0094344	-0.00476825	0.0094344	0.999944	-0.00967612	0.0191427	4.06053	
0.999984	3.24078e-05	0.0057236	3.24175e-05	0.999936	-0.0113255	-0.0057236	0.0113255	0.999919	-0.0139365	0.0275725	4.8726	
0.999978	4.41388e-05	0.00667945	4.41543e-05	0.999913	-0.0132179	-0.00667945	0.0132179	0.99989	-0.0189728	0.0375386	5.68464	
0.999971	5.76865e-05	0.00763576	5.77098e-05	0.999886	-0.0151115	-0.00763576	0.0151115	0.999857	-0.0247857	0.0490421	6.49666	
0.999963	7.30534e-05	0.00859252	7.30867e-05	0.999855	-0.0170063	-0.00859252	0.0170063	0.999818	-0.0313754	0.0620839	7.30865	
0.999954	9.02421e-05	0.00954969	9.0288e-05	0.999821	-0.0189022	-0.00954969	0.0189022	0.999776	-0.0387422	0.0766649	8.12061	
0.999945	0.000109255	0.0105072	0.000109316	0.999784	-0.0207991	-0.0105072	0.0207991	0.999728	-0.0468865	0.092786	8.93253	
0.999934	0.000130093	0.0114651	0.000130173	0.999742	-0.022697	-0.0114651	0.022697	0.999677	-0.0558086	0.110448	9.74441	
0.999923	0.00015276	0.0124234	0.000152861	0.999697	-0.0245959	-0.0124234	0.0245959	0.99962	-0.0655088	0.129652	10.5562	
0.99991	0.000177256	0.0133819	0.000177383	0.999649	-0.0264956	-0.0133819	0.0264956	0.999559	-0.0759873	0.150398	11.368	
0.999897	0.000203583	0.0143407	0.000203739	0.999597	-0.0283961	-0.0143407	0.0283961	0.999494	-0.0872444	0.172687	12.1798	
0.999883	0.000231743	0.0152997	0.000231932	0.999541	-0.0302974	-0.0152997	0.0302975	0.999424	-0.0992801	0.196521	12.9914	
0.999868	0.000261735	0.0162589	0.000261963	0.999481	-0.0321995	-0.0162589	0.0321995	0.999349	-0.112095	0.221898	13.8031	
0.999852	0.000293562	0.0172183	0.000293833	0.999418	-0.0341021	-0.0172183	0.0341021	0.99927	-0.125689	0.248821	14.6146	
0.999835	0.000327224	0.0181779	0.000327543	0.999352	-0.0360054	-0.0181779	0.0360054	0.999186	-0.140062	0.277289	15.4261	
0.999817	0.000362722	0.0191375	0.000363093	0.999281	-0.0379091	-0.0191375	0.0379091	0.999098	-0.155214	0.307302	16.2376	
0.999798	0.000400055	0.0200973	0.000400485	0.999207	-0.0398134	-0.0200973	0.0398134	0.999005	-0.171146	0.338862	17.0489	
0.999778	0.000439224	0.0210571	0.000439719	0.999129	-0.041718	-0.0210571	0.041718	0.998908	-0.187857	0.371969	17.8602	
0.999757	0.000480228	0.022017	0.000480794	0.999048	-0.0436231	-0.022017	0.0436231	0.998805	-0.205348	0.406623	18.6714	
0.999736	0.000523068	0.0229769	0.000523712	0.998963	-0.0455284	-0.0229768	0.0455284	0.998699	-0.223618	0.442824	19.4825	
0.999713	0.000567743	0.0239367	0.000568471	0.998874	-0.0474339	-0.0239367	0.047434	0.998588	-0.242668	0.480572	20.2935	
0.99969	0.000614252	0.0248965	0.000615071	0.998782	-0.0493397	-0.0248964	0.0493397	0.998472	-0.262497	0.519868	21.1044	
0.999665	0.000662595	0.0258562	0.000663512	0.998686	-0.0512456	-0.0258561	0.0512456	0.998351	-0.283105	0.560712	21.9153	
0.99964	0.000712769	0.0268157	0.000713793	0.998586	-0.0531515	-0.0268157	0.0531515	0.998226	-0.304493	0.603103	22.726	
0.999614	0.000764775	0.0277752	0.000765913	0.998483	-0.0550575	-0.0277752	0.0550575	0.998097	-0.326661	0.647043	23.5366	
0.999587	0.00081861	0.0287345	0.00081987	0.998376	-0.0569634	-0.0287344	0.0569634	0.997963	-0.349607	0.69253	24.3471	
0.999559	0.000874274	0.0296935	0.000875664	0.998265	-0.0588692	-0.0296935	0.0588692	0.997824	-0.373332	0.739565	25.1576	
0.99953	0.000931763	0.0306524	0.000933293	0.998151	-0.0607749	-0.0306523	0.0607749	0.997681	-0.397836	0.788148	25.9678	
0.9995	0.000991076	0.031611	0.000992754	0.998033	-0.0626803	-0.0316109	0.0626803	0.997533	-0.423119	0.838278	26.778	
0.999469	0.00105221	0.0325693	0.00105405	0.997912	-0.0645855	-0.0325692	0.0645855	0.997381	-0.44918	0.889956	27.5881	
0.999437	0.00111517	0.0335273	0.00111717	0.997786	-0.0664903	-0.0335272	0.0664903	0.997224	-0.476019	0.943181	28.398	
0.999405	0.00117994	0.0344849	0.00118212	0.997658	-0.0683947	-0.0344848	0.0683948	0.997062	-0.503636	0.997952	29.2078	
0.999371	0.00124652	0.0354422	0.00124889	0.997525	-0.0702987	-0.0354421	0.0702988	0.996896	-0.532031	1.05427	30.0175	
0.999336	0.00131492	0.036399	0.00131748	0.997389	-0.0722022	-0.036399	0.0722023	0.996726	-0.561203	1.11213	30.827	
0.999301	0.00138512	0.0373555	0.00138789	0.997249	-0.0741052	-0.0373554	0.0741052	0.996551	-0.591151	1.17154	31.6364	
0.999265	0.00145713	0.0383115	0.00146012	0.997106	-0.0760075	-0.0383114	0.0760075	0.996371	-0.621877	1.2325	32.4457	
0.999228	0.00153094	0.039267	0.00153416	0.996959	-0.0779091	-0.0392668	0.0779092	0.996187	-0.653378	1.295	33.2547	
0.999189	0.00160654	0.0402219	0.00161	0.996809	-0.07981	-0.0402218	0.0798101	0.995998	-0.685655	1.35904	34.0637	
0.99915	0.00168394	0.0411764	0.00168766	0.996655	-0.0817101	-0.0411762	0.0817102	0.995805	-0.718708	1.42463	34.8725	
0.999111	0.00176312	0.0421303	0.00176711	0.996497	-0.0836094	-0.0421301	0.0836095	0.995608	-0.752535	1.49176	35.6811	
0.99907	0.0018441	0.0430835	0.00184836	0.996336	-0.0855078	-0.0430833	0.0855079	0.995406	-0.787137	1.56043	36.4896	
0.999028	0.00192685	0.0440361	0.0019314	0.996171	-0.0874052	-0.0440359	0.0874053	0.995199	-0.822513	1.63064	37.2979	
0.998985	0.00201137	0.0449881	0.00201622	0.996003	-0.0893016	-0.0449879	0.0893017	0.994988	-0.858662	1.7024	38.106	
0.998942	0.00209767	0.0459394	0.00210284	0.995831	-0.0911969	-0.0459392	0.091197	0.994773	-0.895584	1.77569	38.914	
0.998898	0.00218573	0.04689	0.00219123	0.995655	-0.0930911	-0.0468897	0.0930912	0.994553	-0.933278	1.85052	39.7218	
0.998852	0.00227555	0.0478398	0.00228139	0.995476	-0.0949841	-0.0478395	0.0949842	0.994329	-0.971744	1.92689	40.5294	
0.998806	0.00236712	0.0487889	0.00237332	0.995294	-0.0968758	-0.0487886	0.096876	0.9941	-1.01098	2.0048	41.3368	
0.998759	0.00246044	0.0497372	0.00246701	0.995108	-0.0987663	-0.0497368	0.0987664	0.993867	-1.05099	2.08424	42.1441	
0.998711	0.00255551	0.0506846	0.00256246	0.994918	-0.100655	-0.0506842	0.100656	0.993629	-1.09177	2.16522	42.9511	
0.998663	0.00265231	0.0516312	0.00265966	0.994725	-0.102543	-0.0516308	0.102543	0.993388	-1.13331	2.24773	43.758	
0.998613	0.00275084	0.0525769	0.00275861	0.994528	-0.104429	-0.0525765	0.104429	0.993142	-1.17563	2.33178	44.5646	
0.99864	0.00269732	0.0520662	0.00272181	0.994602	-0.103731	-0.0520649	0.103731	0.993242	-1.21812	2.4163	45.3712	
0.998667	0.00264407	0.0515546	0.00268533	0.994674	-0.103031	-0.0515524	0.103033	0.993341	-1.26019	2.50026	46.1779	
0.998693	0.0025911	0.0510421	0.00264918	0.994747	-0.102331	-0.0510391	0.102333	0.99344	-1.30185	2.58365	46.9846	
0.998719	0.0025384	0.0505287	0.00261334	0.994819	-0.10163	-0.0505249	0.101632	0.993538	-1.34309	2.66647	47.7915	
0.998745	0.00248598	0.0500145	0.00257782	0.99489	-0.100928	-0.0500099	0.10093	0.993636	-1.38391	2.74873	48.5984	
0.998771	0.00243385	0.0494995	0.00254263	0.994962	-0.100225	-0.049494	0.100228	0.993733	-1.42432	2.83041	49.4054	
0.998797	0.00238201	0.0489836	0.00250777	0.995032	-0.0995215	-0.0489773	0.0995246	0.993829	-1.4643	2.91152	50.2124	
0.998822	0.00233045	0.0484669	0.00247323	0.995103	-0.098817	-0.0484599	0.0988205	0.993925	-1.50387	2.99206	51.0196	
0.998847	0.00227919	0.0479495	0.00243903	0.995172	-0.0981117	-0.0479416	0.0981156	0.99402	-1.54301	3.07203	51.8268	
0.998872	0.00222823	0.0474313	0.00240516	0.995242	-0.0974056	-0.0474227	0.0974098	0.994114	-1.58174	3.15142	52.6341	
0.998897	0.00217757	0.0469124	0.00237163	0.995311	-0.0966988	-0.046903	0.0967033	0.994208	-1.62004	3.23024	53.4415	
0.998921	0.00212721	0.0463927	0.00233843	0.995379	-0.0959911	-0.0463826	0.095996	0.9943	-1.65792	3.30849	54.2489	
0.998945	0.00207716	0.0458724	0.00230557	0.995448	-0.0952828	-0.0458614	0.095288	0.994393	-1.69538	3.38616	55.0565	
0.998969	0.00202742	0.0453513	0.00227306	0.995515	-0.0945737	-0.0453397	0.0945792	0.994484	-1.73241	3.46326	55.8641	
0.998993	0.00197799	0.0448296	0.00224088	0.995583	-0.0938638	-0.0448172	0.0938697	0.994575	-1.76902	3.53978	56.6718	
0.999016	0.00192887	0.0443072	0.00220906	0.995649	-0.0931533	-0.0442941	0.0931596	0.994665	-1.8052	3.61573	57.4795	
0.999039	0.00188008	0.0437842	0.00217757	0.995716	-0.0924421	-0.0437704	0.0924487	0.994755	-1.84096	3.6911	58.2873	
0.999062	0.00183161	0.0432606	0.00214644	0.995782	-0.0917303	-0.0432461	0.0917371	0.994844	-1.8763	3.76589	59.0952	
0.999085	0.00178346	0.0427364	0.00211566	0.995847	-0.0910178	-0.0427212	0.0910249	0.994932	-1.9112	3.8401	59.9032	
0.999107	0.00173564	0.0422116	0.00208523	0.995912	-0.0903047	-0.0421958	0.0903121	0.995019	-1.94569	3.91373	60.7112	
0.999129	0.00168814	0.0416863	0.00205515	0.995977	-0.0895909	-0.0416698	0.0895986	0.995106	-1.97974	3.98679	61.5194	
0.999151	0.00164099	0.0411604	0.00202543	0.996041	-0.0888766	-0.0411433	0.0888845	0.995192	-2.01337	4.05926	62.3275	
0.999173	0.00159416	0.040634	0.00199606	0.996104	-0.0881617	-0.0406162	0.0881698	0.995277	-2.04657	4.13116	63.1358	
0.999194	0.00154768	0.0401071	0.00196705	0.996167	-0.0874462	-0.0400887	0.0874546	0.995362	-2.07934	4.20247	63.9441	
0.999215	0.00150153	0.0395797	0.0019384	0.99623	-0.0867301	-0.0395607	0.0867388	0.995445	-2.11168	4.27321	64.7525	
0.999236	0.00145573	0.0390519	0.00191012	0.996292	-0.0860135	-0.0390323	0.0860224	0.995528	-2.14359	4.34336	65.5609	
0.999257	0.00141027	0.0385236	0.00188219	0.996354	-0.0852964	-0.0385034	0.0853055	0.995611	-2.17508	4.41293	66.3695	
0.999277	0.00136516	0.0379949	0.00185463	0.996415	-0.0845788	-0.0379741	0.0845881	0.995692	-2.20613	4.48191	67.1781	
0.999297	0.0013204	0.0374657	0.00182744	0.996476	-0.0838607	-0.0374444	0.0838702	0.995773	-2.23676	4.55032	67.9867	
0.999317	0.001276	0.0369362	0.00180061	0.996536	-0.0831421	-0.0369144	0.0831518	0.995853	-2.26695	4.61814	68.7954	
0.999336	0.00123194	0.0364063	0.00177415	0.996596	-0.0824231	-0.0363839	0.082433	0.995932	-2.29672	4.68538	69.6042	
0.999356	0.00118825	0.0358761	0.00174806	0.996655	-0.0817036	-0.0358532	0.0817137	0.996011	-2.32605	4.75203	70.4131	
0.999374	0.00114492	0.0353455	0.00172234	0.996714	-0.0809837	-0.0353221	0.080994	0.996089	-2.35495	4.8181	71.222	
0.999678	0.000423683	0.0253851	0.00118605	0.99799	-0.0633638	-0.0253609	0.0633735	0.997668	-2.37959	4.87672	72.0316	
0.999881	-0.000121363	0.0154109	0.000825916	0.998954	-0.0457196	-0.0153893	0.0457269	0.998835	-2.39614	4.92103	72.8423	
0.999985	-0.000489996	0.00542716	0.00064209	0.999606	-0.0280584	-0.00541127	0.0280615	0.999592	-2.40459	4.95099	73.6538	
0.999989	-0.000682065	-0.0045621	0.000634646	0.999946	-0.0103875	0.00456894	0.0103845	0.999936	-2.40493	4.9666	74.4658	
0.999894	-0.000697491	-0.0145527	0.000803586	0.999973	0.00728581	0.0145473	-0.00729673	0.999868	-2.39716	4.96786	75.2779	
0.999699	-0.000536268	-0.0245406	0.00114884	0.999688	0.0249543	0.0245196	-0.024975	0.999387	-2.3813	4.95475	76.0897	
0.999404	-0.000198461	-0.0345217	0.00167027	0.99909	0.0426107	0.0344818	-0.042643	0.998495	-2.35734	4.92729	76.901	
0.99901	0.000315789	-0.0444918	0.00236766	0.998181	0.0602477	0.0444298	-0.0602933	0.997191	-2.3253	4.88549	77.7114	
0.998516	0.00100627	-0.0544468	0.00324071	0.996959	0.077858	0.0543595	-0.0779189	0.995477	-2.28518	4.82937	78.5206	
0.997924	0.0018727	-0.0643826	0.00428908	0.995426	0.0954343	0.0642668	-0.0955123	0.993351	-2.23701	4.75894	79.3282	
0.997232	0.00291472	-0.0742951	0.00551232	0.993583	0.112969	0.0741476	-0.113066	0.990817	-2.1808	4.67424	80.1339	
