1	0	0	0	1	0	0	0	1	0	0	0	
1	4.46089e-08	-0.000196195	4.46089e-08	1	0.000454741	0.000196195	-0.000454741	1	9.21521e-05	-0.000213591	0.939394	
1	1.7794e-07	-0.00039185	1.77929e-07	1	0.000908177	0.00039185	-0.000908177	1	0.000368355	-0.000853749	1.87879	
1	3.99237e-07	-0.000586957	3.99194e-07	0.999999	0.00136029	0.000586957	-0.00136029	0.999999	0.000828097	-0.00191924	2.81818	
1	7.0773e-07	-0.000781507	7.07623e-07	0.999998	0.00181105	0.000781507	-0.00181105	0.999998	0.00147086	-0.00340881	3.75757	
1	1.10264e-06	-0.000975492	1.10242e-06	0.999997	0.00226046	0.000975492	-0.00226046	0.999997	0.00229612	-0.00532119	4.69696	
0.999999	1.58316e-06	-0.0011689	1.58279e-06	0.999996	0.00270847	0.0011689	-0.00270847	0.999996	0.00330333	-0.00765508	5.63636	
0.999999	2.1485e-06	-0.00136173	2.1479e-06	0.999995	0.00315509	0.00136173	-0.00315509	0.999994	0.00449196	-0.0104092	6.57574	
0.999999	2.79782e-06	-0.00155397	2.79693e-06	0.999994	0.00360028	0.00155397	-0.00360028	0.999992	0.00586146	-0.0135822	7.51513	
0.999998	3.5303e-06	-0.00174561	3.52903e-06	0.999992	0.00404403	0.00174561	-0.00404403	0.99999	0.00741126	-0.0171727	8.45452	
0.999998	4.34509e-06	-0.00193664	4.34336e-06	0.99999	0.00448632	0.00193664	-0.00448632	0.999988	0.0091408	-0.0211793	9.3939	
0.999998	5.24133e-06	-0.00212705	5.23903e-06	0.999988	0.00492714	0.00212705	-0.00492714	0.999986	0.0110495	-0.0256008	10.3333	
0.999997	6.21816e-06	-0.00231685	6.21517e-06	0.999986	0.00536645	0.00231685	-0.00536645	0.999983	0.0131368	-0.0304357	11.2727	
0.999997	7.27469e-06	-0.002506	7.2709e-06	0.999983	0.00580424	0.002506	-0.00580424	0.99998	0.0154021	-0.0356825	12.212	
0.999996	8.41004e-06	-0.00269452	8.40531e-06	0.999981	0.0062405	0.00269452	-0.0062405	0.999977	0.0178447	-0.0413399	13.1514	
0.999996	9.62329e-06	-0.00288239	9.61749e-06	0.999978	0.00667521	0.00288239	-0.00667521	0.999974	0.0204642	-0.0474064	14.0908	
0.999995	1.09135e-05	-0.0030696	1.09065e-05	0.999975	0.00710833	0.0030696	-0.00710833	0.99997	0.0232598	-0.0538805	15.0302	
0.999995	1.22798e-05	-0.00325614	1.22715e-05	0.999972	0.00753987	0.00325614	-0.00753987	0.999966	0.026231	-0.0607607	15.9695	
0.999994	1.37213e-05	-0.00344201	1.37114e-05	0.999968	0.00796979	0.00344201	-0.00796979	0.999962	0.0293771	-0.0680455	16.9089	
0.999993	1.52369e-05	-0.0036272	1.52253e-05	0.999965	0.00839809	0.0036272	-0.00839809	0.999958	0.0326975	-0.0757335	17.8482	
0.999993	1.68258e-05	-0.0038117	1.68122e-05	0.999961	0.00882474	0.0038117	-0.00882474	0.999954	0.0361915	-0.083823	18.7876	
0.999992	1.84869e-05	-0.00399549	1.84713e-05	0.999957	0.00924972	0.00399549	-0.00924972	0.999949	0.0398585	-0.0923125	19.7269	
0.999991	2.02192e-05	-0.00417859	2.02014e-05	0.999953	0.00967301	0.00417859	-0.00967301	0.999944	0.0436979	-0.1012	20.6663	
0.99999	2.20219e-05	-0.00436096	2.20016e-05	0.999949	0.0100946	0.00436096	-0.0100946	0.99994	0.0477089	-0.110485	21.6056	
0.99999	2.38939e-05	-0.00454262	2.38709e-05	0.999945	0.0105145	0.00454262	-0.0105145	0.999934	0.0518909	-0.120165	22.545	
0.999989	2.58342e-05	-0.00472354	2.58082e-05	0.99994	0.0109326	0.00472354	-0.0109326	0.999929	0.0562431	-0.130239	23.4843	
0.999988	2.78417e-05	-0.00490372	2.78126e-05	0.999936	0.011349	0.00490372	-0.011349	0.999924	0.060765	-0.140704	24.4236	
0.999987	2.99155e-05	-0.00508316	2.9883e-05	0.999931	0.0117636	0.00508316	-0.0117636	0.999918	0.0654559	-0.15156	25.3629	
0.999986	3.20545e-05	-0.00526184	3.20185e-05	0.999926	0.0121764	0.00526185	-0.0121764	0.999912	0.0703149	-0.162805	26.3022	
0.999985	3.42577e-05	-0.00543977	3.42178e-05	0.999921	0.0125874	0.00543977	-0.0125874	0.999906	0.0753414	-0.174436	27.2415	
0.999984	3.6524e-05	-0.00561692	3.648e-05	0.999916	0.0129965	0.00561692	-0.0129965	0.9999	0.0805347	-0.186453	28.1809	
0.999983	3.88524e-05	-0.00579329	3.8804e-05	0.99991	0.0134038	0.00579329	-0.0134038	0.999893	0.085894	-0.198853	29.1201	
0.999982	4.12418e-05	-0.00596887	4.11888e-05	0.999905	0.0138093	0.00596887	-0.0138093	0.999887	0.0914187	-0.211635	30.0594	
0.999981	4.36911e-05	-0.00614367	4.36332e-05	0.999899	0.0142129	0.00614367	-0.0142129	0.99988	0.0971079	-0.224797	30.9987	
0.99998	4.61993e-05	-0.00631766	4.61362e-05	0.999893	0.0146145	0.00631766	-0.0146145	0.999873	0.102961	-0.238337	31.938	
0.999979	4.87652e-05	-0.00649084	4.86966e-05	0.999887	0.0150143	0.00649084	-0.0150143	0.999866	0.108977	-0.252254	32.8773	
0.999978	5.13878e-05	-0.0066632	5.13134e-05	0.999881	0.0154121	0.0066632	-0.0154121	0.999859	0.115155	-0.266545	33.8165	
0.999977	5.40659e-05	-0.00683474	5.39855e-05	0.999875	0.015808	0.00683474	-0.015808	0.999852	0.121495	-0.281209	34.7558	
0.999975	5.67985e-05	-0.00700545	5.67118e-05	0.999869	0.0162019	0.00700545	-0.0162019	0.999844	0.127996	-0.296244	35.695	
0.999974	5.95844e-05	-0.00717532	5.94911e-05	0.999862	0.0165938	0.00717532	-0.0165938	0.999837	0.134657	-0.311648	36.6343	
0.999973	6.24225e-05	-0.00734434	6.23223e-05	0.999856	0.0169837	0.00734434	-0.0169837	0.999829	0.141477	-0.327419	37.5735	
0.999972	6.53117e-05	-0.00751251	6.52043e-05	0.999849	0.0173716	0.00751251	-0.0173716	0.999821	0.148455	-0.343556	38.5128	
0.999971	6.82509e-05	-0.00767981	6.81359e-05	0.999842	0.0177575	0.00767981	-0.0177575	0.999813	0.155591	-0.360056	39.452	
0.999969	7.12389e-05	-0.00784625	7.1116e-05	0.999835	0.0181413	0.00784625	-0.0181413	0.999805	0.162883	-0.376917	40.3912	
0.999968	7.42745e-05	-0.00801181	7.41434e-05	0.999828	0.018523	0.00801181	-0.018523	0.999796	0.170332	-0.394138	41.3304	
0.999967	7.73567e-05	-0.00817648	7.72171e-05	0.999821	0.0189027	0.00817648	-0.0189027	0.999788	0.177935	-0.411717	42.2696	
0.999965	8.04842e-05	-0.00834026	8.03358e-05	0.999814	0.0192802	0.00834026	-0.0192802	0.999779	0.185693	-0.429651	43.2088	
0.999964	8.3656e-05	-0.00850315	8.34983e-05	0.999807	0.0196557	0.00850315	-0.0196557	0.999771	0.193604	-0.44794	44.148	
0.999962	8.68707e-05	-0.00866512	8.67036e-05	0.999799	0.020029	0.00866513	-0.020029	0.999762	0.201668	-0.466579	45.0871	
0.999961	9.01274e-05	-0.00882619	8.99504e-05	0.999792	0.0204001	0.00882619	-0.0204001	0.999753	0.209884	-0.485569	46.0263	
0.99996	9.34247e-05	-0.00898633	9.32376e-05	0.999784	0.0207691	0.00898634	-0.0207691	0.999744	0.21825	-0.504906	46.9655	
0.999958	9.67616e-05	-0.00914555	9.65639e-05	0.999777	0.0211359	0.00914555	-0.0211359	0.999735	0.226767	-0.524589	47.9046	
0.999957	0.000100137	-0.00930383	9.99283e-05	0.999769	0.0215006	0.00930384	-0.0215006	0.999726	0.235432	-0.544615	48.8438	
0.999955	0.000103549	-0.00946117	0.000103329	0.999761	0.021863	0.00946118	-0.021863	0.999716	0.244246	-0.564982	49.7829	
0.999954	0.000106998	-0.00961757	0.000106766	0.999753	0.0222231	0.00961757	-0.0222231	0.999707	0.253208	-0.58569	50.722	
0.999952	0.000110481	-0.009773	0.000110238	0.999745	0.0225811	0.00977301	-0.0225811	0.999697	0.262315	-0.606734	51.6611	
0.999951	0.000113998	-0.00992748	0.000113742	0.999737	0.0229367	0.00992748	-0.0229367	0.999688	0.271569	-0.628114	52.6002	
0.999949	0.000117547	-0.010081	0.000117279	0.999729	0.0232901	0.010081	-0.0232901	0.999678	0.280966	-0.649826	53.5393	
0.999948	0.000121127	-0.0102335	0.000120846	0.99972	0.0236412	0.0102335	-0.0236412	0.999668	0.290508	-0.67187	54.4784	
0.999946	0.000124737	-0.0103851	0.000124443	0.999712	0.0239901	0.0103851	-0.02399	0.999658	0.300193	-0.694242	55.4175	
0.999944	0.000128377	-0.0105356	0.000128069	0.999704	0.0243365	0.0105356	-0.0243365	0.999648	0.310019	-0.716941	56.3566	
0.999943	0.000132044	-0.0106852	0.000131722	0.999695	0.0246807	0.0106852	-0.0246807	0.999638	0.319986	-0.739964	57.2956	
0.999961	8.76762e-05	-0.0087945	0.000107911	0.999753	0.0222367	0.00879428	-0.0222368	0.999714	0.329136	-0.762001	58.2347	
0.999976	4.79125e-05	-0.00690271	8.87076e-05	0.999804	0.0197906	0.00690231	-0.0197907	0.99978	0.336508	-0.781741	59.1739	
0.999987	1.27624e-05	-0.00500988	7.41236e-05	0.99985	0.0173423	0.00500935	-0.0173425	0.999837	0.342103	-0.799183	60.1131	
0.999995	-1.77649e-05	-0.00311609	6.41687e-05	0.999889	0.0148922	0.00311548	-0.0148923	0.999884	0.34592	-0.814323	61.0523	
0.999999	-4.36606e-05	-0.00122142	5.8852e-05	0.999923	0.0124402	0.00122078	-0.0124403	0.999922	0.347956	-0.827161	61.9916	
1	-6.49168e-05	0.00067406	5.8182e-05	0.99995	0.00998665	-0.000674675	-0.00998661	0.99995	0.348213	-0.837695	62.931	
0.999997	-8.15264e-05	0.00257027	6.21662e-05	0.999972	0.00753154	-0.00257081	-0.00753135	0.999968	0.346688	-0.845923	63.8703	
0.99999	-9.34827e-05	0.00446713	7.08113e-05	0.999987	0.00507504	-0.00446755	-0.00507468	0.999977	0.343382	-0.851844	64.8097	
0.99998	-0.00010078	0.00636457	8.41231e-05	0.999997	0.00261731	-0.00636481	-0.00261673	0.999976	0.338295	-0.855457	65.7491	
0.999966	-0.000103413	0.00826251	0.000102107	1	0.000158482	-0.00826253	-0.000157633	0.999966	0.331424	-0.85676	66.6885	
0.999948	-0.000101377	0.0101609	0.000124766	0.999997	-0.00230131	-0.0101606	0.00230246	0.999946	0.322771	-0.855753	67.6278	
0.999927	-9.46683e-05	0.0120596	0.000152105	0.999989	-0.00476193	-0.012059	0.00476342	0.999916	0.312334	-0.852434	68.5671	
0.999903	-8.32841e-05	0.0139585	0.000184126	0.999974	-0.00722324	-0.0139576	0.0072251	0.999876	0.300114	-0.846803	69.5064	
0.999874	-6.7222e-05	0.0158577	0.00022083	0.999953	-0.00968509	-0.0158563	0.00968737	0.999827	0.286111	-0.838859	70.4457	
0.999842	-4.64801e-05	0.017757	0.000262218	0.999926	-0.0121473	-0.0177551	0.0121501	0.999769	0.270324	-0.828602	71.3849	
0.9995	0.000253541	0.0316251	0.000729979	0.999517	-0.031084	-0.0316176	0.0310915	0.999016	0.247132	-0.808291	72.3238	
0.998965	0.000816283	0.0454789	0.00146024	0.998748	-0.0500011	-0.0454627	0.0500158	0.997713	0.210926	-0.770193	73.2617	
0.998238	0.00164144	0.0593108	0.00245261	0.997621	-0.0688883	-0.0592828	0.0689124	0.99586	0.161725	-0.71433	74.1981	
0.99732	0.00272855	0.0731131	0.00370653	0.996137	-0.0877353	-0.0730701	0.0877711	0.993457	0.0995568	-0.640733	75.1325	
0.996211	0.00407701	0.0868784	0.00522131	0.994296	-0.106531	-0.0868171	0.106581	0.990507	0.0244548	-0.549442	76.0644	
0.994911	0.00568609	0.100599	0.00699612	0.992098	-0.125267	-0.100516	0.125333	0.98701	-0.0635391	-0.440508	76.9933	
0.993421	0.0075549	0.114267	0.00902998	0.989547	-0.14393	-0.11416	0.144015	0.982969	-0.164377	-0.31399	77.9186	
0.991743	0.00968239	0.127875	0.0113218	0.986642	-0.162512	-0.127741	0.162618	0.978385	-0.278002	-0.169959	78.8399	
0.989877	0.0120674	0.141416	0.0138702	0.983385	-0.181002	-0.141251	0.181131	0.973262	-0.404352	-0.00849299	79.7566	
0.987823	0.0147086	0.154883	0.0166739	0.979778	-0.19939	-0.154683	0.199545	0.967603	-0.543358	0.170318	80.6683	
0.985584	0.0176046	0.168267	0.0197313	0.975824	-0.217666	-0.168031	0.217848	0.961409	-0.694943	0.366375	81.5744	
0.983161	0.0207537	0.181561	0.0230408	0.971524	-0.235819	-0.181285	0.236031	0.954686	-0.859023	0.57957	82.4744	
0.980554	0.0241543	0.194758	0.0266004	0.96688	-0.25384	-0.194439	0.254084	0.947436	-1.03551	0.809787	83.3679	
0.977765	0.0278044	0.207852	0.0304083	0.961896	-0.271718	-0.207487	0.271997	0.939663	-1.2243	1.0569	84.2543	
0.974796	0.031702	0.220833	0.0344623	0.956574	-0.289445	-0.220419	0.28976	0.931372	-1.42529	1.32076	85.1331	
0.971649	0.035845	0.233696	0.0387602	0.950917	-0.307009	-0.233231	0.307363	0.922568	-1.63838	1.60124	86.004	
0.968324	0.040231	0.246434	0.0432996	0.944928	-0.324402	-0.245913	0.324797	0.913255	-1.86345	1.89818	86.8663	
0.964825	0.0448578	0.259038	0.0480781	0.93861	-0.341613	-0.25846	0.342051	0.903438	-2.10036	2.21141	87.7196	
0.961152	0.0497227	0.271503	0.0530929	0.931967	-0.358634	-0.270864	0.359117	0.893122	-2.34899	2.54076	88.5635	
0.957309	0.054823	0.283822	0.0583414	0.925003	-0.375454	-0.283119	0.375984	0.882315	-2.60921	2.88605	89.3974	
0.953296	0.0601559	0.295987	0.0638206	0.917721	-0.392066	-0.295218	0.392645	0.87102	-2.88086	3.24709	90.221	
0.949116	0.0657186	0.307992	0.0695275	0.910125	-0.408458	-0.307154	0.409088	0.859245	-3.16381	3.62368	91.0338	
0.944773	0.0715078	0.31983	0.075459	0.90222	-0.424623	-0.318921	0.425307	0.846997	-3.45789	4.01561	91.8352	
