1	0	0	0	1	0	0	0	1	0	0	0	
1	3.22279e-07	-0.000878345	3.22279e-07	1	0.000733834	0.000878345	-0.000733834	0.999999	0.000459135	-0.000383595	1.04545	
0.999998	1.29335e-06	-0.00175945	1.29371e-06	0.999999	0.00147038	0.00175945	-0.00147038	0.999997	0.00183798	-0.0015358	2.09091	
0.999997	2.91956e-06	-0.00264325	2.92101e-06	0.999998	0.00220961	0.00264325	-0.00220961	0.999994	0.00413939	-0.00345943	3.13636	
0.999994	5.20714e-06	-0.00352972	5.21078e-06	0.999996	0.00295147	0.00352972	-0.00295147	0.999989	0.00736617	-0.00615726	4.1818	
0.99999	8.16221e-06	-0.0044188	8.1695e-06	0.999993	0.00369593	0.0044188	-0.00369593	0.999983	0.0115211	-0.00963204	5.22724	
0.999986	1.17907e-05	-0.00531044	1.18036e-05	0.99999	0.00444295	0.00531044	-0.00444295	0.999976	0.0166068	-0.0138865	6.27268	
0.999981	1.60986e-05	-0.00620459	1.61192e-05	0.999987	0.0051925	0.00620459	-0.0051925	0.999967	0.022626	-0.0189232	7.3181	
0.999975	2.10916e-05	-0.0071012	2.11226e-05	0.999982	0.00594453	0.0071012	-0.00594453	0.999957	0.0295813	-0.0247448	8.36352	
0.999968	2.67753e-05	-0.00800022	2.68196e-05	0.999978	0.006699	0.00800022	-0.006699	0.999946	0.0374753	-0.0313539	9.40892	
0.99996	3.31552e-05	-0.00890161	3.32164e-05	0.999972	0.00745588	0.00890161	-0.00745588	0.999933	0.0463103	-0.0387531	10.4543	
0.999952	4.02367e-05	-0.00980531	4.03185e-05	0.999966	0.00821513	0.00980531	-0.00821513	0.999918	0.0560889	-0.0469447	11.4997	
0.999943	4.8025e-05	-0.0107113	4.81316e-05	0.99996	0.0089767	0.0107113	-0.0089767	0.999902	0.0668135	-0.0559314	12.545	
0.999932	5.65252e-05	-0.0116194	5.66612e-05	0.999953	0.00974056	0.0116194	-0.00974056	0.999885	0.0784864	-0.0657154	13.5904	
0.999921	6.57423e-05	-0.0125298	6.59128e-05	0.999945	0.0105067	0.0125298	-0.0105067	0.999866	0.0911098	-0.0762992	14.6357	
0.99991	7.56811e-05	-0.0134422	7.58916e-05	0.999936	0.011275	0.0134422	-0.011275	0.999846	0.104686	-0.087685	15.681	
0.999897	8.63463e-05	-0.0143568	8.66027e-05	0.999927	0.0120455	0.0143568	-0.0120455	0.999824	0.119217	-0.0998753	16.7263	
0.999883	9.77425e-05	-0.0152733	9.8051e-05	0.999918	0.0128181	0.0152733	-0.0128181	0.999801	0.134706	-0.112872	17.7716	
0.999869	0.000109874	-0.0161918	0.000110242	0.999908	0.0135928	0.0161918	-0.0135928	0.999777	0.151154	-0.126678	18.8168	
0.999854	0.000122746	-0.0171122	0.000123179	0.999897	0.0143695	0.0171122	-0.0143695	0.99975	0.168562	-0.141294	19.862	
0.999837	0.000136361	-0.0180345	0.000136868	0.999885	0.0151482	0.0180345	-0.0151483	0.999723	0.186935	-0.156724	20.9072	
0.99982	0.000150724	-0.0189586	0.000151312	0.999873	0.015929	0.0189585	-0.015929	0.999693	0.206272	-0.172969	21.9523	
0.999802	0.000165839	-0.0198844	0.000166517	0.99986	0.0167116	0.0198844	-0.0167116	0.999663	0.226576	-0.190031	22.9975	
0.999783	0.000181709	-0.020812	0.000182486	0.999847	0.0174961	0.0208119	-0.0174961	0.99963	0.247849	-0.207912	24.0425	
0.999764	0.000198339	-0.0217412	0.000199224	0.999833	0.0182825	0.0217412	-0.0182825	0.999596	0.270093	-0.226615	25.0876	
0.999743	0.000215731	-0.022672	0.000216734	0.999818	0.0190706	0.022672	-0.0190707	0.999561	0.293309	-0.24614	26.1326	
0.999721	0.000233888	-0.0236044	0.00023502	0.999803	0.0198606	0.0236044	-0.0198606	0.999524	0.317499	-0.266491	27.1776	
0.999699	0.000252815	-0.0245383	0.000254085	0.999787	0.0206522	0.0245383	-0.0206522	0.999486	0.342664	-0.287668	28.2225	
0.999675	0.000272514	-0.0254736	0.000273933	0.99977	0.0214455	0.0254736	-0.0214456	0.999445	0.368807	-0.309674	29.2674	
0.999651	0.000292987	-0.0264104	0.000294568	0.999753	0.0222405	0.0264103	-0.0222405	0.999404	0.395928	-0.33251	30.3123	
0.999626	0.000314238	-0.0273485	0.000315992	0.999735	0.023037	0.0273485	-0.0230371	0.99936	0.424029	-0.356177	31.3571	
0.9996	0.000336269	-0.0282879	0.000338208	0.999716	0.0238351	0.0282879	-0.0238352	0.999316	0.453112	-0.380679	32.4018	
0.999573	0.000359082	-0.0292286	0.00036122	0.999696	0.0246348	0.0292285	-0.0246348	0.999269	0.483177	-0.406015	33.4466	
0.999545	0.00038268	-0.0301704	0.000385029	0.999676	0.0254358	0.0301704	-0.0254359	0.999221	0.514227	-0.432189	34.4912	
0.999516	0.000407064	-0.0311134	0.00040964	0.999656	0.0262383	0.0311134	-0.0262384	0.999171	0.546261	-0.4592	35.5358	
0.999486	0.000432237	-0.0320576	0.000435052	0.999634	0.0270422	0.0320575	-0.0270423	0.99912	0.579282	-0.487051	36.5804	
0.999455	0.000458201	-0.0330027	0.00046127	0.999612	0.0278475	0.0330027	-0.0278475	0.999067	0.613291	-0.515744	37.6249	
0.999423	0.000484957	-0.0339489	0.000488296	0.999589	0.028654	0.0339489	-0.028654	0.999013	0.648289	-0.545279	38.6693	
0.999391	0.000512506	-0.034896	0.00051613	0.999566	0.0294618	0.034896	-0.0294618	0.998957	0.684276	-0.575658	39.7137	
0.999357	0.00054085	-0.035844	0.000544775	0.999542	0.0302708	0.035844	-0.0302708	0.998899	0.721253	-0.606881	40.7581	
0.999323	0.00056999	-0.0367929	0.000574232	0.999517	0.0310809	0.0367928	-0.031081	0.998839	0.759223	-0.638952	41.8023	
0.999287	0.000599926	-0.0377425	0.000604503	0.999491	0.0318922	0.0377425	-0.0318923	0.998778	0.798184	-0.67187	42.8466	
0.999251	0.000630661	-0.0386929	0.00063559	0.999465	0.0327046	0.0386928	-0.0327047	0.998716	0.838139	-0.705636	43.8907	
0.999214	0.000662194	-0.039644	0.000667492	0.999438	0.0335181	0.0396439	-0.0335182	0.998652	0.879088	-0.740253	44.9348	
0.999175	0.000694526	-0.0405957	0.000700212	0.99941	0.0343325	0.0405956	-0.0343326	0.998586	0.921031	-0.77572	45.9788	
0.999136	0.000727658	-0.041548	0.00073375	0.999382	0.0351479	0.0415479	-0.035148	0.998518	0.96397	-0.81204	47.0227	
0.999096	0.000761588	-0.0425009	0.000768107	0.999353	0.0359642	0.0425007	-0.0359643	0.998449	1.0079	-0.849212	48.0666	
0.999055	0.000796319	-0.0434542	0.000803282	0.999323	0.0367813	0.0434541	-0.0367815	0.998378	1.05284	-0.887238	49.1104	
0.999013	0.000831849	-0.044408	0.000839277	0.999293	0.0375993	0.0444078	-0.0375995	0.998306	1.09876	-0.926119	50.1541	
0.99897	0.000868178	-0.0453621	0.000876092	0.999261	0.0384181	0.0453619	-0.0384183	0.998232	1.14569	-0.965856	51.1978	
0.998926	0.000905305	-0.0463166	0.000913726	0.999229	0.0392376	0.0463164	-0.0392378	0.998156	1.19361	-1.00645	52.2413	
0.998882	0.000943231	-0.0472713	0.00095218	0.999197	0.0400579	0.0472712	-0.0400581	0.998079	1.24253	-1.0479	53.2848	
0.998836	0.000981954	-0.0482263	0.000991452	0.999164	0.0408787	0.0482261	-0.040879	0.998	1.29245	-1.09021	54.3282	
0.998789	0.00102147	-0.0491815	0.00103154	0.99913	0.0417002	0.0491813	-0.0417005	0.997919	1.34337	-1.13337	55.3715	
0.998742	0.00106179	-0.0501368	0.00107245	0.999095	0.0425223	0.0501366	-0.0425225	0.997837	1.39528	-1.1774	56.4148	
0.998693	0.0011029	-0.0510922	0.00111418	0.99906	0.0433448	0.0510919	-0.0433451	0.997753	1.4482	-1.22228	57.4579	
0.998644	0.0011448	-0.0520476	0.00115672	0.999023	0.0441679	0.0520473	-0.0441682	0.997667	1.50211	-1.26803	58.501	
0.998594	0.00118749	-0.0530029	0.00120008	0.998987	0.0449914	0.0530027	-0.0449917	0.99758	1.55703	-1.31464	59.544	
0.998542	0.00123097	-0.0539582	0.00124425	0.998949	0.0458153	0.0539579	-0.0458156	0.997492	1.61294	-1.3621	60.5868	
0.99849	0.00127524	-0.0549134	0.00128923	0.998911	0.0466395	0.0549131	-0.0466399	0.997401	1.66985	-1.41043	61.6296	
0.998437	0.00132029	-0.0558684	0.00133502	0.998872	0.047464	0.0558681	-0.0474644	0.997309	1.72776	-1.45962	62.6723	
0.998383	0.00136613	-0.0568232	0.00138162	0.998832	0.0482888	0.0568228	-0.0482893	0.997216	1.78666	-1.50968	63.7149	
0.998328	0.00141275	-0.0577777	0.00142903	0.998792	0.0491138	0.0577773	-0.0491143	0.997121	1.84657	-1.56059	64.7574	
0.998273	0.00146014	-0.0587318	0.00147724	0.998751	0.049939	0.0587314	-0.0499395	0.997024	1.90747	-1.61237	65.7998	
0.998216	0.00150831	-0.0596856	0.00152626	0.998709	0.0507643	0.0596851	-0.0507649	0.996926	1.96937	-1.66501	66.8421	
0.998159	0.00155726	-0.0606389	0.00157607	0.998667	0.0515897	0.0606385	-0.0515903	0.996826	2.03226	-1.71852	67.8843	
0.998223	0.00150002	-0.0595754	0.00182226	0.998447	0.0556727	0.0595664	-0.0556823	0.99667	2.0951	-1.77459	68.9263	
0.998286	0.00143841	-0.0585117	0.00206407	0.998211	0.059755	0.0584929	-0.0597733	0.996497	2.15681	-1.83494	69.9682	
0.998348	0.00137239	-0.0574476	0.00230147	0.997958	0.0638366	0.0574179	-0.0638633	0.996306	2.2174	-1.89957	71.0099	
0.999042	0.000341377	-0.043749	0.00342422	0.996292	0.0859689	0.0436162	-0.0860364	0.995337	2.27022	-1.97793	72.0511	
0.999547	-0.000994245	-0.0300685	0.00423989	0.994134	0.108072	0.0297846	-0.108151	0.993688	2.30859	-2.07944	73.0908	
0.999862	-0.00263356	-0.0164153	0.00474793	0.991485	0.130131	0.0159328	-0.130191	0.991361	2.33249	-2.20404	74.1285	
0.999986	-0.00457546	-0.00279874	0.00494799	0.988348	0.152131	0.00207006	-0.152143	0.988356	2.3419	-2.35163	75.1634	
0.999919	-0.00681861	0.0107718	0.00483993	0.984724	0.174056	-0.0117941	-0.17399	0.984677	2.33682	-2.52212	76.1949	
0.999661	-0.00936147	0.0242871	0.00442383	0.980615	0.195893	-0.0256502	-0.195719	0.980325	2.31724	-2.71539	77.2221	
0.999213	-0.0122023	0.037738	0.00369997	0.976025	0.217625	-0.0394888	-0.217314	0.975303	2.28319	-2.9313	78.2444	
0.998575	-0.0153392	0.0511152	0.00266884	0.970957	0.239238	-0.0533004	-0.23876	0.969615	2.23468	-3.16972	79.2611	
0.997747	-0.01877	0.0644095	0.00133115	0.965414	0.260717	-0.0670756	-0.260044	0.963264	2.17176	-3.43047	80.2715	
0.99673	-0.0224923	0.077612	-0.000312183	0.9594	0.282048	-0.0808049	-0.28115	0.956256	2.09445	-3.71338	81.275	
0.995524	-0.0265037	0.0907136	-0.00226004	0.952919	0.303216	-0.0944791	-0.302064	0.948594	2.00282	-4.01826	82.2708	
0.994131	-0.0308013	0.103705	-0.0045111	0.945976	0.324206	-0.108089	-0.322771	0.940285	1.89693	-4.3449	83.2582	
0.992551	-0.0353823	0.116578	-0.00706381	0.938574	0.345005	-0.121625	-0.343258	0.931333	1.77684	-4.69307	84.2366	
0.990785	-0.0402435	0.129324	-0.00991643	0.93072	0.365597	-0.135077	-0.363511	0.921745	1.64265	-5.06254	85.2053	
0.988835	-0.0453815	0.141933	-0.013067	0.922419	0.38597	-0.148438	-0.383515	0.911528	1.49444	-5.45305	86.1636	
0.986702	-0.0507929	0.154398	-0.0165134	0.913676	0.406108	-0.161697	-0.403257	0.900687	1.33231	-5.86434	87.111	
0.984388	-0.0564741	0.166709	-0.0202533	0.904497	0.425999	-0.174845	-0.422724	0.889232	1.15638	-6.29613	88.0467	
0.981893	-0.062421	0.178858	-0.024284	0.894889	0.445628	-0.187875	-0.441902	0.877169	0.96677	-6.74812	88.9701	
0.97922	-0.0686296	0.190837	-0.0286029	0.884858	0.464982	-0.200775	-0.460778	0.864507	0.7636	-7.22	89.8806	
0.97637	-0.0750958	0.202638	-0.033207	0.874411	0.484049	-0.213539	-0.47934	0.851255	0.547014	-7.71146	90.7775	
0.973346	-0.081815	0.214253	-0.0380932	0.863555	0.502815	-0.226157	-0.497574	0.837421	0.31716	-8.22215	91.6603	
0.970149	-0.0887827	0.225674	-0.0432581	0.852297	0.521266	-0.23862	-0.515468	0.823015	0.0741944	-8.75172	92.5283	
0.966782	-0.0959942	0.236892	-0.0486982	0.840646	0.539392	-0.250921	-0.53301	0.808046	-0.181717	-9.29982	93.3809	
0.963247	-0.103444	0.247901	-0.0544097	0.828609	0.557178	-0.26305	-0.550188	0.792526	-0.450398	-9.86607	94.2176	
0.959546	-0.111128	0.258692	-0.0603888	0.816194	0.574614	-0.274999	-0.56699	0.776465	-0.731667	-10.4501	95.0378	
0.955682	-0.119041	0.269259	-0.0666314	0.80341	0.591686	-0.286761	-0.583405	0.759873	-1.02533	-11.0515	95.8409	
0.951658	-0.127176	0.279595	-0.0731333	0.790266	0.608384	-0.298326	-0.599422	0.742762	-1.33119	-11.6698	96.6265	
0.947476	-0.135529	0.289691	-0.0798899	0.77677	0.624697	-0.309688	-0.615029	0.725144	-1.64903	-12.3047	97.3938	
0.943139	-0.144094	0.299541	-0.0868967	0.762932	0.640612	-0.320838	-0.630215	0.70703	-1.97864	-12.9556	98.1425	
0.938651	-0.152865	0.309139	-0.0941488	0.748761	0.656119	-0.331769	-0.644972	0.688433	-2.3198	-13.6222	98.872	
0.934013	-0.161836	0.318478	-0.101641	0.734268	0.671208	-0.342474	-0.659288	0.669367	-2.67227	-14.304	99.5818	
