1	0	0	0	1	0	0	0	1	0	0	0	
0.999998	-4.76741e-06	-0.00193244	-4.76741e-06	0.999988	-0.00493404	0.00193244	0.00493404	0.999986	0.00094524	0.00241345	0.978278	
0.999993	-1.90844e-05	-0.00386671	-1.90773e-05	0.999951	-0.00986903	0.00386671	0.00986903	0.999944	0.00378185	0.00965426	1.95653	
0.999983	-4.29711e-05	-0.00580272	-4.29425e-05	0.99989	-0.0148048	0.00580272	0.0148048	0.999874	0.00851158	0.0217233	2.93472	
0.99997	-7.6447e-05	-0.00774043	-7.63754e-05	0.999805	-0.0197412	0.00774043	0.0197412	0.999775	0.0151361	0.0386212	3.91284	
0.999953	-0.000119531	-0.00967977	-0.000119388	0.999695	-0.024678	0.00967977	0.024678	0.999649	0.0236571	0.0603485	4.89084	
0.999932	-0.000172243	-0.0116207	-0.000171992	0.999561	-0.0296151	0.0116207	0.0296151	0.999494	0.034076	0.0869056	5.86871	
0.999908	-0.000234599	-0.0135631	-0.000234198	0.999403	-0.0345523	0.0135631	0.0345523	0.999311	0.0463945	0.118293	6.84641	
0.99988	-0.000306619	-0.0155069	-0.000306017	0.99922	-0.0394895	0.0155069	0.0394895	0.9991	0.0606138	0.15451	7.82392	
0.999848	-0.000388318	-0.0174521	-0.000387459	0.999013	-0.0444265	0.0174521	0.0444265	0.99886	0.0767355	0.195556	8.8012	
0.999812	-0.000479715	-0.0193986	-0.000478533	0.998781	-0.0493631	0.0193986	0.049363	0.998593	0.0947607	0.241433	9.77824	
0.999772	-0.000580826	-0.0213463	-0.000579249	0.998525	-0.0542991	0.0213464	0.0542991	0.998297	0.114691	0.292138	10.755	
0.999728	-0.000691666	-0.0232952	-0.000689615	0.998244	-0.0592344	0.0232953	0.0592344	0.997972	0.136527	0.347673	11.7315	
0.999681	-0.000812251	-0.0252452	-0.000809641	0.997939	-0.0641689	0.0252453	0.0641688	0.99762	0.16027	0.408034	12.7076	
0.99963	-0.000942596	-0.0271963	-0.000939332	0.997609	-0.0691023	0.0271964	0.0691022	0.997239	0.185922	0.473223	13.6834	
0.999575	-0.00108272	-0.0291483	-0.0010787	0.997255	-0.0740345	0.0291485	0.0740344	0.99683	0.213482	0.543237	14.6587	
0.999515	-0.00123262	-0.0311013	-0.00122775	0.996877	-0.0789653	0.0311015	0.0789653	0.996392	0.242953	0.618076	15.6337	
0.999453	-0.00139233	-0.0330551	-0.00138648	0.996474	-0.0838947	0.0330553	0.0838946	0.995926	0.274335	0.697737	16.6082	
0.999386	-0.00156186	-0.0350097	-0.00155491	0.996046	-0.0888223	0.03501	0.0888221	0.995432	0.307629	0.782221	17.5823	
0.999315	-0.00174122	-0.0369649	-0.00173303	0.995594	-0.093748	0.0369653	0.0937479	0.994909	0.342835	0.871523	18.5559	
0.99924	-0.00193041	-0.0389209	-0.00192086	0.995118	-0.0986718	0.0389214	0.0986716	0.994359	0.379954	0.965644	19.5289	
0.999162	-0.00212946	-0.0408774	-0.0021184	0.994617	-0.103593	0.040878	0.103593	0.993779	0.418988	1.06458	20.5014	
0.999079	-0.00233837	-0.0428344	-0.00232566	0.994092	-0.108513	0.0428351	0.108512	0.993172	0.459935	1.16833	21.4733	
0.998993	-0.00255716	-0.0447919	-0.00254263	0.993543	-0.113429	0.0447927	0.113429	0.992536	0.502798	1.27689	22.4446	
0.998903	-0.00278583	-0.0467498	-0.00276932	0.992969	-0.118343	0.0467508	0.118343	0.991872	0.547576	1.39026	23.4152	
0.998808	-0.0030244	-0.048708	-0.00300573	0.992371	-0.123254	0.0487091	0.123254	0.991179	0.594269	1.50844	24.3852	
0.99871	-0.00327287	-0.0506664	-0.00325187	0.991748	-0.128163	0.0506678	0.128162	0.990458	0.642878	1.63141	25.3545	
0.998608	-0.00353125	-0.052625	-0.00350773	0.991101	-0.133068	0.0526266	0.133067	0.989709	0.693404	1.75919	26.3231	
0.998502	-0.00379956	-0.0545838	-0.00377333	0.990429	-0.137969	0.0545856	0.137968	0.988931	0.745846	1.89177	27.291	
0.998392	-0.00407781	-0.0565426	-0.00404866	0.989734	-0.142867	0.0565447	0.142867	0.988125	0.800205	2.02913	28.258	
0.998278	-0.00436599	-0.0585013	-0.00433371	0.989013	-0.147762	0.0585037	0.147761	0.987291	0.85648	2.17129	29.2243	
0.99816	-0.00466411	-0.06046	-0.0046285	0.988269	-0.152653	0.0604628	0.152652	0.986429	0.914671	2.31824	30.1897	
0.998038	-0.00497219	-0.0624186	-0.00493302	0.9875	-0.157539	0.0624217	0.157538	0.985538	0.974779	2.46996	31.1543	
0.997912	-0.00529023	-0.0643769	-0.00524728	0.986707	-0.162422	0.0643804	0.162421	0.984619	1.0368	2.62647	32.118	
0.997782	-0.00561823	-0.066335	-0.00557126	0.98589	-0.1673	0.066339	0.167299	0.983672	1.10074	2.78775	33.0807	
0.997648	-0.00595621	-0.0682927	-0.00590497	0.985049	-0.172174	0.0682971	0.172172	0.982696	1.1666	2.9538	34.0426	
0.997509	-0.00630416	-0.07025	-0.0062484	0.984183	-0.177043	0.070255	0.177041	0.981693	1.23437	3.12461	35.0034	
0.997367	-0.0066621	-0.0722068	-0.00660156	0.983293	-0.181908	0.0722124	0.181906	0.980661	1.30406	3.30019	35.9633	
0.997221	-0.00703002	-0.0741631	-0.00696445	0.982379	-0.186767	0.0741693	0.186765	0.979601	1.37566	3.48052	36.9222	
0.997071	-0.00740792	-0.0761187	-0.00733705	0.981441	-0.191622	0.0761256	0.191619	0.978513	1.44918	3.66561	37.88	
0.996917	-0.00779582	-0.0780737	-0.00771936	0.980479	-0.196471	0.0780813	0.196468	0.977396	1.52461	3.85544	38.8367	
0.996759	-0.00819372	-0.0800279	-0.00811139	0.979493	-0.201315	0.0800363	0.201311	0.976252	1.60195	4.05001	39.7923	
0.996597	-0.00860161	-0.0819813	-0.00851312	0.978483	-0.206153	0.0819906	0.206149	0.97508	1.6812	4.24931	40.7468	
0.996431	-0.00901951	-0.0839338	-0.00892456	0.977448	-0.210985	0.083944	0.210981	0.973879	1.76237	4.45335	41.7001	
0.99626	-0.0094474	-0.0858854	-0.00934569	0.97639	-0.215812	0.0858965	0.215807	0.97265	1.84544	4.66211	42.6522	
0.996086	-0.0098853	-0.087836	-0.00977651	0.975308	-0.220632	0.0878481	0.220628	0.971394	1.93043	4.87559	43.6031	
0.995908	-0.0103332	-0.0897854	-0.010217	0.974202	-0.225447	0.0897987	0.225441	0.970109	2.01732	5.09378	44.5528	
0.995725	-0.0107911	-0.0917338	-0.0106672	0.973072	-0.230255	0.0917482	0.230249	0.968797	2.10613	5.31668	45.5012	
0.995539	-0.011259	-0.0936809	-0.0111271	0.971918	-0.235056	0.0936966	0.23505	0.967457	2.19684	5.54428	46.4483	
0.995348	-0.0117369	-0.0956267	-0.0115966	0.970741	-0.239851	0.0956438	0.239844	0.966089	2.28945	5.77657	47.3941	
0.995153	-0.0122248	-0.0975711	-0.0120758	0.969539	-0.244639	0.0975897	0.244631	0.964693	2.38397	6.01354	48.3385	
0.994955	-0.0127227	-0.0995142	-0.0125646	0.968314	-0.24942	0.0995343	0.249412	0.963269	2.48039	6.2552	49.2816	
0.994752	-0.0132306	-0.101456	-0.0130631	0.967065	-0.254193	0.101477	0.254185	0.961817	2.57871	6.50153	50.2232	
0.994545	-0.0137485	-0.103396	-0.0135711	0.965793	-0.25896	0.103419	0.258951	0.960338	2.67894	6.75253	51.1634	
0.994334	-0.0142764	-0.105334	-0.0140889	0.964497	-0.263719	0.105359	0.263709	0.958831	2.78106	7.00818	52.1022	
0.994119	-0.0148143	-0.107271	-0.0146162	0.963177	-0.26847	0.107298	0.26846	0.957297	2.88508	7.26849	53.0394	
0.9939	-0.0153622	-0.109206	-0.0151531	0.961834	-0.273214	0.109235	0.273202	0.955734	2.991	7.53344	53.9752	
0.993677	-0.01592	-0.111139	-0.0156996	0.960467	-0.27795	0.11117	0.277937	0.954145	3.0988	7.80302	54.9094	
0.99345	-0.0164878	-0.11307	-0.0162557	0.959077	-0.282678	0.113104	0.282664	0.952527	3.20851	8.07724	55.842	
0.993219	-0.0170656	-0.114999	-0.0168214	0.957664	-0.287397	0.115035	0.287383	0.950883	3.3201	8.35607	56.773	
0.992984	-0.0176534	-0.116927	-0.0173966	0.956227	-0.292108	0.116965	0.292093	0.949211	3.43358	8.63952	57.7025	
0.992744	-0.0182511	-0.118852	-0.0179814	0.954767	-0.296811	0.118893	0.296794	0.947511	3.54895	8.92757	58.6302	
0.992501	-0.0188588	-0.120775	-0.0185757	0.953284	-0.301505	0.120819	0.301487	0.945785	3.6662	9.22021	59.5563	
0.992253	-0.0194764	-0.122696	-0.0191795	0.951777	-0.30619	0.122742	0.306171	0.944031	3.78534	9.51744	60.4807	
0.991835	-0.0205197	-0.125867	-0.0202114	0.949204	-0.314012	0.125917	0.313992	0.941039	3.90697	9.82079	61.4028	
0.991406	-0.0215896	-0.129029	-0.0212696	0.946565	-0.32181	0.129082	0.321788	0.937971	4.0317	10.1318	62.3219	
0.990966	-0.0226863	-0.132182	-0.0223539	0.943863	-0.329581	0.132239	0.329558	0.934829	4.15952	10.4504	63.238	
0.990515	-0.0238095	-0.135326	-0.0234644	0.941096	-0.337325	0.135386	0.337301	0.931611	4.29043	10.7766	64.1509	
0.990053	-0.0249592	-0.13846	-0.0246009	0.938265	-0.345042	0.138524	0.345017	0.928318	4.42441	11.1103	65.0607	
0.989581	-0.0261353	-0.141584	-0.0257633	0.93537	-0.352732	0.141652	0.352704	0.924951	4.56146	11.4516	65.9672	
0.989098	-0.0273378	-0.144698	-0.0269516	0.932412	-0.360392	0.14477	0.360363	0.92151	4.70156	11.8004	66.8704	
0.988604	-0.0285666	-0.147801	-0.0281657	0.92939	-0.368023	0.147878	0.367992	0.917994	4.84471	12.1567	67.7702	
0.9881	-0.0298215	-0.150893	-0.0294054	0.926305	-0.375625	0.150975	0.375592	0.914405	4.99089	12.5204	68.6665	
0.987585	-0.0311025	-0.153975	-0.0306707	0.923158	-0.383195	0.154061	0.38316	0.910743	5.1401	12.8915	69.5593	
0.986154	-0.0346624	-0.162168	-0.0342645	0.914218	-0.403772	0.162253	0.403739	0.900372	5.29483	13.2765	70.4452	
0.984649	-0.0384074	-0.170265	-0.0380434	0.904812	-0.424108	0.170347	0.424075	0.889462	5.45752	13.6814	71.3207	
0.983072	-0.0423352	-0.178261	-0.042005	0.894948	-0.444189	0.178339	0.444158	0.87802	5.62809	14.1061	72.1853	
0.981423	-0.0464435	-0.186151	-0.0461471	0.88463	-0.464005	0.186225	0.463975	0.866053	5.80642	14.5503	73.0384	
0.979703	-0.0507299	-0.193931	-0.050467	0.873865	-0.483542	0.193999	0.483515	0.853568	5.99241	15.0138	73.8796	
0.977913	-0.0551918	-0.201595	-0.0549623	0.862659	-0.50279	0.201658	0.502765	0.840572	6.18596	15.4963	74.7083	
0.976054	-0.0598265	-0.209139	-0.0596303	0.851019	-0.521738	0.209195	0.521715	0.827074	6.38693	15.9974	75.5241	
0.974128	-0.0646312	-0.216559	-0.0644681	0.838953	-0.540372	0.216608	0.540353	0.81308	6.59522	16.5169	76.3264	
0.972135	-0.0696031	-0.22385	-0.0694728	0.826466	-0.558684	0.223891	0.558667	0.798601	6.8107	17.0545	77.1148	
0.970077	-0.0747392	-0.231008	-0.0746416	0.813567	-0.57666	0.23104	0.576648	0.783644	7.03323	17.6099	77.8888	
0.967955	-0.0800364	-0.238029	-0.0799712	0.800263	-0.594292	0.238051	0.594283	0.768218	7.2627	18.1827	78.6479	
0.96577	-0.0854916	-0.244908	-0.0854585	0.786563	-0.611568	0.244919	0.611563	0.752333	7.49895	18.7725	79.3917	
0.963523	-0.0911015	-0.251641	-0.0911002	0.772474	-0.628478	0.251641	0.628478	0.735998	7.74185	19.3791	80.1197	
0.961217	-0.0968627	-0.258224	-0.096893	0.758005	-0.645011	0.258213	0.645016	0.719222	7.99125	20.0021	80.8316	
0.958852	-0.102772	-0.264654	-0.102833	0.743165	-0.661159	0.26463	0.661169	0.702016	8.24701	20.641	81.5268	
0.956429	-0.108825	-0.270926	-0.108918	0.727962	-0.676911	0.270889	0.676926	0.684391	8.50897	21.2956	82.205	
0.95395	-0.115019	-0.277037	-0.115142	0.712406	-0.692257	0.276986	0.692278	0.666356	8.77697	21.9653	82.8657	
0.951417	-0.121351	-0.282982	-0.121504	0.696505	-0.70719	0.282917	0.707216	0.647923	9.05085	22.6499	83.5086	
0.948832	-0.127815	-0.288759	-0.127998	0.68027	-0.721699	0.288678	0.721731	0.629102	9.33046	23.3489	84.1333	
0.946194	-0.134409	-0.294365	-0.134621	0.66371	-0.735776	0.294268	0.735815	0.609904	9.61562	24.0619	84.7394	
0.943507	-0.141128	-0.299795	-0.141369	0.646835	-0.749413	0.299681	0.749458	0.590342	9.90616	24.7884	85.3265	
0.940772	-0.147969	-0.305046	-0.148239	0.629655	-0.762601	0.304915	0.762653	0.570427	10.2019	25.5281	85.8943	
0.93799	-0.154927	-0.310115	-0.155225	0.61218	-0.775333	0.309966	0.775392	0.550171	10.5027	26.2805	86.4424	
0.935164	-0.161998	-0.315	-0.162323	0.594421	-0.7876	0.314833	0.787667	0.529585	10.8083	27.0451	86.9706	
0.932294	-0.169178	-0.319697	-0.169531	0.576389	-0.799397	0.31951	0.799471	0.508683	11.1186	27.8214	87.4785	
0.929383	-0.176463	-0.324204	-0.176842	0.558094	-0.810715	0.323997	0.810797	0.487477	11.4334	28.6091	87.9658	
