1	0	0	0	1	0	0	0	1	0	0	0	
0.999997	1.32255e-06	0.00236348	1.32255e-06	0.999999	-0.00111915	-0.00236348	0.00111915	0.999997	-0.00126888	0.000600838	1.07374	
0.999989	5.29484e-06	0.00472895	5.29519e-06	0.999997	-0.00223939	-0.00472895	0.00223939	0.999986	-0.00507659	0.00240393	2.14746	
0.999975	1.19235e-05	0.00709626	1.19249e-05	0.999994	-0.00336066	-0.00709626	0.00336066	0.999969	-0.0114252	0.00541043	3.22118	
0.999955	2.12148e-05	0.0094653	2.12183e-05	0.99999	-0.00448289	-0.0094653	0.00448289	0.999945	-0.0203166	0.00962138	4.29487	
0.99993	3.31742e-05	0.0118359	3.31813e-05	0.999984	-0.00560603	-0.0118359	0.00560603	0.999914	-0.0317525	0.0150378	5.36853	
0.999899	4.7807e-05	0.0142081	4.78194e-05	0.999977	-0.00673002	-0.0142081	0.00673002	0.999876	-0.0457348	0.0216607	6.44216	
0.999863	6.51177e-05	0.0165815	6.51376e-05	0.999969	-0.0078548	-0.0165815	0.0078548	0.999832	-0.0622647	0.0294908	7.51574	
0.99982	8.51106e-05	0.0189562	8.51405e-05	0.99996	-0.0089803	-0.0189562	0.0089803	0.99978	-0.0813438	0.038529	8.58927	
0.999772	0.000107789	0.021332	0.000107832	0.999949	-0.0101065	-0.021332	0.0101065	0.999721	-0.102973	0.0487761	9.66274	
0.999719	0.000133156	0.0237087	0.000133215	0.999937	-0.0112333	-0.0237087	0.0112333	0.999656	-0.127154	0.0602328	10.7361	
0.99966	0.000161215	0.0260863	0.000161294	0.999924	-0.0123606	-0.0260863	0.0123606	0.999583	-0.153888	0.0728996	11.8095	
0.999595	0.000191967	0.0284646	0.000192069	0.999909	-0.0134884	-0.0284646	0.0134884	0.999504	-0.183174	0.0867771	12.8827	
0.999524	0.000225415	0.0308434	0.000225544	0.999893	-0.0146167	-0.0308434	0.0146167	0.999417	-0.215015	0.101866	13.9559	
0.999448	0.000261558	0.0332227	0.00026172	0.999876	-0.0157453	-0.0332227	0.0157453	0.999324	-0.24941	0.118166	15.0289	
0.999366	0.000300398	0.0356024	0.000300598	0.999858	-0.0168742	-0.0356024	0.0168742	0.999224	-0.28636	0.135679	16.1019	
0.999278	0.000341934	0.0379823	0.000342177	0.999838	-0.0180034	-0.0379823	0.0180034	0.999116	-0.325865	0.154403	17.1747	
0.999185	0.000386166	0.0403622	0.000386458	0.999817	-0.0191327	-0.0403622	0.0191327	0.999002	-0.367926	0.17434	18.2475	
0.999086	0.000433094	0.0427421	0.00043344	0.999795	-0.0202622	-0.0427421	0.0202622	0.998881	-0.412542	0.19549	19.3201	
0.998981	0.000482715	0.0451218	0.000483123	0.999771	-0.0213918	-0.0451218	0.0213918	0.998752	-0.459714	0.217853	20.3925	
0.998871	0.000535027	0.0475012	0.000535503	0.999746	-0.0225213	-0.0475012	0.0225213	0.998617	-0.50944	0.241429	21.4649	
0.998755	0.000590029	0.0498802	0.00059058	0.99972	-0.0236508	-0.0498802	0.0236508	0.998475	-0.561721	0.266217	22.537	
0.998633	0.000647716	0.0522586	0.00064835	0.999693	-0.0247802	-0.0522586	0.0247802	0.998326	-0.616556	0.292218	23.6091	
0.998506	0.000708085	0.0546364	0.00070881	0.999664	-0.0259094	-0.0546364	0.0259095	0.99817	-0.673945	0.319432	24.6809	
0.998373	0.000771133	0.0570133	0.000771956	0.999634	-0.0270384	-0.0570133	0.0270385	0.998007	-0.733886	0.347858	25.7526	
0.998235	0.000836854	0.0593893	0.000837785	0.999603	-0.0281671	-0.0593893	0.0281672	0.997837	-0.796379	0.377496	26.8241	
0.99809	0.000905243	0.0617643	0.00090629	0.99957	-0.0292955	-0.0617643	0.0292955	0.997661	-0.861423	0.408346	27.8954	
0.997941	0.000976295	0.064138	0.000977468	0.999537	-0.0304234	-0.064138	0.0304234	0.997477	-0.929016	0.440407	28.9666	
0.997785	0.00105	0.0665105	0.00105131	0.999502	-0.0315509	-0.0665105	0.0315509	0.997287	-0.999157	0.47368	30.0375	
0.997624	0.00112636	0.0688815	0.00112781	0.999465	-0.0326778	-0.0688815	0.0326778	0.99709	-1.07184	0.508162	31.1082	
0.997458	0.00120536	0.0712509	0.00120697	0.999428	-0.0338041	-0.0712509	0.0338042	0.996885	-1.14708	0.543854	32.1787	
0.997286	0.001287	0.0736187	0.00128877	0.999389	-0.0349298	-0.0736187	0.0349299	0.996675	-1.22485	0.580755	33.249	
0.997108	0.00137126	0.0759846	0.00137321	0.999349	-0.0360548	-0.0759846	0.0360548	0.996457	-1.30517	0.618865	34.319	
0.996925	0.00145814	0.0783486	0.00146028	0.999308	-0.037179	-0.0783486	0.0371791	0.996233	-1.38803	0.658182	35.3889	
0.996736	0.00154763	0.0807106	0.00154997	0.999265	-0.0383023	-0.0807105	0.0383024	0.996001	-1.47342	0.698705	36.4584	
0.996542	0.00163972	0.0830703	0.00164227	0.999221	-0.0394248	-0.0830703	0.0394249	0.995764	-1.56135	0.740435	37.5277	
0.996343	0.00173439	0.0854278	0.00173717	0.999176	-0.0405463	-0.0854277	0.0405465	0.995519	-1.65181	0.783369	38.5968	
0.996138	0.00183165	0.0877828	0.00183466	0.99913	-0.0416669	-0.0877827	0.041667	0.995268	-1.7448	0.827507	39.6656	
0.995928	0.00193147	0.0901352	0.00193473	0.999082	-0.0427863	-0.0901352	0.0427864	0.99501	-1.84032	0.872847	40.7341	
0.995712	0.00203385	0.092485	0.00203737	0.999034	-0.0439046	-0.0924849	0.0439048	0.994746	-1.93836	0.919389	41.8024	
0.995491	0.00213876	0.0948319	0.00214257	0.998984	-0.0450217	-0.0948319	0.0450219	0.994475	-2.03893	0.967131	42.8703	
0.995265	0.00224621	0.097176	0.00225031	0.998933	-0.0461376	-0.0971759	0.0461378	0.994197	-2.14201	1.01607	43.938	
0.995033	0.00235618	0.0995169	0.00236058	0.99888	-0.0472522	-0.0995168	0.0472524	0.993913	-2.24761	1.06621	45.0053	
0.994796	0.00246865	0.101855	0.00247337	0.998827	-0.0483654	-0.101855	0.0483657	0.993623	-2.35572	1.11754	46.0724	
0.994554	0.0025836	0.104189	0.00258866	0.998772	-0.0494772	-0.104189	0.0494775	0.993326	-2.46634	1.17007	47.1391	
0.994307	0.00270103	0.10652	0.00270644	0.998716	-0.0505875	-0.10652	0.0505878	0.993023	-2.57946	1.2238	48.2055	
0.994054	0.00282092	0.108848	0.00282669	0.998659	-0.0516963	-0.108848	0.0516966	0.992713	-2.69509	1.27871	49.2716	
0.993797	0.00294326	0.111172	0.0029494	0.998601	-0.0528035	-0.111171	0.0528038	0.992397	-2.81321	1.33481	50.3373	
0.993534	0.00306802	0.113492	0.00307456	0.998541	-0.053909	-0.113492	0.0539093	0.992075	-2.93382	1.3921	51.4027	
0.993266	0.00319518	0.115808	0.00320214	0.998481	-0.0550128	-0.115808	0.0550132	0.991747	-3.05693	1.45058	52.4678	
0.992994	0.00332475	0.11812	0.00333213	0.998419	-0.0561148	-0.11812	0.0561152	0.991413	-3.18251	1.51024	53.5325	
0.992716	0.00345668	0.120428	0.00346451	0.998356	-0.057215	-0.120428	0.0572154	0.991072	-3.31058	1.57109	54.5968	
0.992433	0.00359098	0.122732	0.00359927	0.998292	-0.0583133	-0.122731	0.0583138	0.990725	-3.44113	1.63311	55.6608	
0.992146	0.00372761	0.125031	0.00373638	0.998227	-0.0594096	-0.125031	0.0594102	0.990373	-3.57414	1.69631	56.7244	
0.991853	0.00386656	0.127326	0.00387583	0.99816	-0.060504	-0.127325	0.0605045	0.990014	-3.70963	1.76069	57.7876	
0.991556	0.00400782	0.129616	0.0040176	0.998093	-0.0615962	-0.129616	0.0615969	0.989649	-3.84757	1.82624	58.8504	
0.991254	0.00415135	0.131901	0.00416167	0.998025	-0.0626864	-0.131901	0.0626871	0.989279	-3.98797	1.89297	59.9128	
0.990947	0.00429714	0.134182	0.00430801	0.997955	-0.0637744	-0.134181	0.0637751	0.988902	-4.13082	1.96086	60.9748	
0.990636	0.00444517	0.136457	0.00445661	0.997884	-0.0648601	-0.136457	0.0648609	0.98852	-4.27612	2.02992	62.0365	
0.99032	0.00459542	0.138728	0.00460745	0.997813	-0.0659436	-0.138727	0.0659444	0.988133	-4.42386	2.10015	63.0977	
0.989999	0.00474786	0.140993	0.0047605	0.99774	-0.0670247	-0.140993	0.0670256	0.987739	-4.57403	2.17153	64.1584	
0.989674	0.00490248	0.143253	0.00491574	0.997666	-0.0681034	-0.143253	0.0681044	0.98734	-4.72663	2.24408	65.2188	
0.989344	0.00505924	0.145507	0.00507315	0.997591	-0.0691796	-0.145507	0.0691807	0.986936	-4.88166	2.31778	66.2787	
0.98901	0.00521814	0.147756	0.00523271	0.997515	-0.0702534	-0.147756	0.0702545	0.986525	-5.0391	2.39264	67.3382	
0.988671	0.00537913	0.149999	0.00539439	0.997439	-0.0713245	-0.149999	0.0713257	0.98611	-5.19896	2.46865	68.3973	
0.988329	0.00554221	0.152237	0.00555818	0.997361	-0.0723931	-0.152236	0.0723943	0.985689	-5.36122	2.54581	69.4559	
0.987981	0.00570734	0.154468	0.00572403	0.997282	-0.0734589	-0.154468	0.0734602	0.985263	-5.52588	2.62412	70.514	
0.988125	0.00563952	0.153551	0.00553224	0.997373	-0.0722317	-0.153555	0.0722234	0.985497	-5.69124	2.70233	71.5721	
0.991224	0.00424249	0.132124	0.00327391	0.99839	-0.0566197	-0.132152	0.0565554	0.989615	-5.84464	2.77147	72.6325	
0.993858	0.00318584	0.110616	0.00135469	0.99916	-0.0409483	-0.110654	0.0408466	0.993019	-5.975	2.82377	73.697	
0.996025	0.00247034	0.0890417	-0.000224043	0.999682	-0.0252287	-0.0890757	0.0251084	0.995708	-6.08224	2.85918	74.7647	
0.997723	0.00209651	0.0674169	-0.00146115	0.999954	-0.00947222	-0.0674336	0.00935214	0.99768	-6.16627	2.87768	75.835	
0.99895	0.0020646	0.0457571	-0.00235574	0.999977	0.00630973	-0.045743	-0.0064109	0.998933	-6.22703	2.87926	76.907	
0.999707	0.00237464	0.0240779	-0.00290717	0.999751	0.0221058	-0.0240194	-0.0221693	0.999466	-6.26449	2.86391	77.9799	
0.999993	0.00302642	0.00239494	-0.00311503	0.999277	0.0379046	-0.00227849	-0.0379118	0.999278	-6.27861	2.83166	79.053	
0.999806	0.00401946	-0.0192761	-0.00297919	0.998553	0.0536947	0.0194641	-0.0536269	0.998371	-6.26938	2.78251	80.1256	
0.999148	0.00535304	-0.0409197	-0.00249974	0.997581	0.0694648	0.0411926	-0.0693034	0.996745	-6.23681	2.71651	81.1967	
0.998019	0.00702621	-0.0625202	-0.00167702	0.996362	0.0852036	0.0628914	-0.0849299	0.9944	-6.18093	2.6337	82.2658	
0.99642	0.00903775	-0.0840621	-0.000511633	0.994896	0.1009	0.084545	-0.100495	0.991339	-6.10177	2.53415	83.3319	
0.994351	0.0113862	-0.10553	0.00099559	0.993185	0.116542	0.106138	-0.115988	0.987563	-5.99939	2.41791	84.3944	
0.991815	0.0140699	-0.126908	0.00284356	0.99123	0.132118	0.127654	-0.131398	0.983076	-5.87387	2.28509	85.4524	
0.988813	0.017087	-0.148181	0.00503095	0.989032	0.147618	0.149078	-0.146712	0.977881	-5.72529	2.13578	86.5053	
0.985347	0.0204351	-0.169333	0.00755617	0.986592	0.163031	0.170395	-0.161921	0.971981	-5.55377	1.97007	87.5522	
0.98142	0.024112	-0.190351	0.0104174	0.983913	0.178344	0.191589	-0.177014	0.965381	-5.35942	1.7881	88.5923	
0.977035	0.0281149	-0.211217	0.0136126	0.980996	0.193548	0.212645	-0.191978	0.958085	-5.14239	1.58998	89.6251	
0.972194	0.032441	-0.231917	0.0171395	0.977844	0.208631	0.233547	-0.206805	0.950099	-4.90283	1.37588	90.6496	
0.966902	0.0370872	-0.252437	0.0209955	0.974459	0.223582	0.254282	-0.221482	0.941428	-4.64091	1.14593	91.6651	
0.961162	0.0420501	-0.272761	0.0251778	0.970843	0.238391	0.274833	-0.236	0.932079	-4.35683	0.900306	92.671	
0.954979	0.0473261	-0.292876	0.0296834	0.966999	0.253047	0.295186	-0.250348	0.922058	-4.05078	0.639185	93.6665	
0.948356	0.0529115	-0.312765	0.0345091	0.962929	0.267539	0.315327	-0.264515	0.911373	-3.723	0.362754	94.6509	
0.941298	0.0588022	-0.332416	0.0396514	0.958637	0.281857	0.33524	-0.278492	0.900031	-3.37371	0.0712129	95.6234	
0.933811	0.064994	-0.351813	0.0451066	0.954125	0.295991	0.354912	-0.292268	0.888041	-3.00317	-0.235229	96.5834	
0.9259	0.0714824	-0.370944	0.0508708	0.949398	0.30993	0.374328	-0.305834	0.875411	-2.61164	-0.556351	97.5302	
0.917571	0.0782627	-0.389793	0.0569398	0.944457	0.323664	0.393474	-0.319179	0.86215	-2.1994	-0.891921	98.4631	
0.908829	0.0853301	-0.408348	0.0633092	0.939308	0.337184	0.412337	-0.332295	0.848268	-1.76676	-1.2417	99.3815	
0.899681	0.0926794	-0.426596	0.0699745	0.933953	0.350479	0.430903	-0.34517	0.833775	-1.31403	-1.60543	100.285	
0.890134	0.100305	-0.444522	0.0769308	0.928396	0.363541	0.449158	-0.357798	0.818681	-0.841523	-1.98285	101.172	
0.880195	0.108203	-0.462114	0.0841731	0.922642	0.376359	0.467089	-0.370167	0.802997	-0.349589	-2.3737	102.042	
0.869869	0.116365	-0.47936	0.0916963	0.916695	0.388925	0.484684	-0.382269	0.786734	0.161419	-2.77768	102.896	
0.859166	0.124787	-0.496247	0.0994949	0.910558	0.401229	0.50193	-0.394097	0.769905	0.691134	-3.19451	103.732	
