1	0	0	0	1	0	0	0	1	0	0	0	
1	2.09558e-07	-0.000736548	2.09558e-07	1	0.000569028	0.000736548	-0.000569028	1	0.000391524	-0.000302476	1.06313	
0.999999	8.35525e-07	-0.00147069	8.35575e-07	0.999999	0.00113627	0.00147069	-0.00113627	0.999998	0.00156482	-0.00120895	2.12626	
0.999998	1.87379e-06	-0.00220239	1.87399e-06	0.999999	0.00170168	0.00220239	-0.00170168	0.999996	0.0035173	-0.00271751	3.18939	
0.999996	3.32017e-06	-0.00293161	3.32067e-06	0.999997	0.00226525	0.00293161	-0.00226525	0.999993	0.00624636	-0.00482619	4.25252	
0.999993	5.1704e-06	-0.00365829	5.17139e-06	0.999996	0.00282693	0.00365829	-0.00282693	0.999989	0.00974932	-0.00753302	5.31564	
0.99999	7.42014e-06	-0.00438242	7.42186e-06	0.999994	0.00338669	0.00438242	-0.00338669	0.999985	0.0140235	-0.010836	6.37876	
0.999987	1.0065e-05	-0.00510394	1.00677e-05	0.999992	0.00394451	0.00510394	-0.00394451	0.999979	0.0190661	-0.014733	7.44187	
0.999983	1.31005e-05	-0.00582281	1.31046e-05	0.99999	0.00450035	0.00582281	-0.00450035	0.999973	0.0248744	-0.019222	8.50497	
0.999979	1.6522e-05	-0.006539	1.65278e-05	0.999987	0.00505417	0.006539	-0.00505417	0.999966	0.0314455	-0.0243008	9.56807	
0.999974	2.03249e-05	-0.00725247	2.0333e-05	0.999984	0.00560596	0.00725247	-0.00560596	0.999958	0.0387766	-0.0299674	10.6312	
0.999968	2.45047e-05	-0.00796317	2.45153e-05	0.999981	0.00615568	0.00796317	-0.00615568	0.999949	0.0468647	-0.0362195	11.6942	
0.999962	2.90564e-05	-0.00867107	2.90701e-05	0.999978	0.00670329	0.00867107	-0.00670329	0.99994	0.0557069	-0.0430549	12.7573	
0.999956	3.39752e-05	-0.00937613	3.39927e-05	0.999974	0.00724878	0.00937613	-0.00724878	0.99993	0.0653001	-0.0504713	13.8204	
0.999949	3.92563e-05	-0.0100783	3.92781e-05	0.99997	0.0077921	0.0100783	-0.0077921	0.999919	0.0756415	-0.0584665	14.8834	
0.999942	4.48947e-05	-0.0107776	4.49214e-05	0.999965	0.00833322	0.0107776	-0.00833322	0.999907	0.0867277	-0.0670382	15.9465	
0.999934	5.08854e-05	-0.0114739	5.09177e-05	0.999961	0.00887213	0.0114739	-0.00887213	0.999895	0.0985558	-0.076184	17.0095	
0.999926	5.72233e-05	-0.0121672	5.72619e-05	0.999956	0.00940878	0.0121672	-0.00940878	0.999882	0.111123	-0.0859015	18.0725	
0.999917	6.39033e-05	-0.0128575	6.39489e-05	0.999951	0.00994314	0.0128575	-0.00994314	0.999868	0.124425	-0.0961883	19.1355	
0.999908	7.09201e-05	-0.0135447	7.09735e-05	0.999945	0.0104752	0.0135447	-0.0104752	0.999853	0.138459	-0.107042	20.1985	
0.999899	7.82685e-05	-0.0142288	7.83306e-05	0.999939	0.0110049	0.0142288	-0.0110049	0.999838	0.153223	-0.11846	21.2615	
0.999889	8.59431e-05	-0.0149097	8.60147e-05	0.999933	0.0115322	0.0149097	-0.0115322	0.999822	0.168712	-0.13044	22.3244	
0.999879	9.39387e-05	-0.0155875	9.40207e-05	0.999927	0.0120572	0.0155875	-0.0120572	0.999806	0.184923	-0.142979	23.3873	
0.999868	0.00010225	-0.0162621	0.000102343	0.999921	0.0125797	0.0162621	-0.0125797	0.999789	0.201853	-0.156075	24.4503	
0.999857	0.000110871	-0.0169333	0.000110976	0.999914	0.0130997	0.0169333	-0.0130997	0.999771	0.219499	-0.169726	25.5132	
0.999845	0.000119796	-0.0176013	0.000119915	0.999907	0.0136173	0.0176013	-0.0136173	0.999752	0.237856	-0.183928	26.576	
0.999833	0.000129021	-0.018266	0.000129154	0.9999	0.0141323	0.018266	-0.0141323	0.999733	0.256922	-0.198678	27.6389	
0.999821	0.000138539	-0.0189273	0.000138687	0.999893	0.0146448	0.0189273	-0.0146448	0.999714	0.276693	-0.213975	28.7017	
0.999808	0.000148344	-0.0195852	0.000148509	0.999885	0.0151547	0.0195852	-0.0151547	0.999693	0.297165	-0.229816	29.7645	
0.999795	0.000158431	-0.0202397	0.000158614	0.999877	0.015662	0.0202397	-0.015662	0.999672	0.318334	-0.246197	30.8273	
0.999782	0.000168795	-0.0208906	0.000168996	0.999869	0.0161666	0.0208906	-0.0161666	0.999651	0.340198	-0.263116	31.8901	
0.999768	0.000179429	-0.0215381	0.000179649	0.999861	0.0166686	0.0215381	-0.0166686	0.999629	0.362751	-0.28057	32.9529	
0.999754	0.000190327	-0.022182	0.000190568	0.999853	0.017168	0.022182	-0.017168	0.999607	0.385991	-0.298556	34.0156	
0.99974	0.000201484	-0.0228224	0.000201747	0.999844	0.0176646	0.0228224	-0.0176646	0.999583	0.409914	-0.317072	35.0783	
0.999725	0.000212893	-0.0234591	0.00021318	0.999835	0.0181584	0.0234591	-0.0181584	0.99956	0.434516	-0.336114	36.141	
0.99971	0.000224549	-0.0240922	0.000224861	0.999826	0.0186495	0.0240922	-0.0186495	0.999536	0.459793	-0.35568	37.2036	
0.999694	0.000236446	-0.0247216	0.000236784	0.999817	0.0191377	0.0247216	-0.0191378	0.999511	0.48574	-0.375766	38.2662	
0.999679	0.000248578	-0.0253472	0.000248943	0.999807	0.0196232	0.0253472	-0.0196232	0.999486	0.512355	-0.39637	39.3288	
0.999663	0.000260939	-0.0259691	0.000261332	0.999798	0.0201058	0.0259691	-0.0201058	0.999461	0.539633	-0.417489	40.3914	
0.999646	0.000273522	-0.0265873	0.000273945	0.999788	0.0205855	0.0265872	-0.0205855	0.999435	0.56757	-0.439119	41.4539	
0.99963	0.000286321	-0.0272015	0.000286775	0.999778	0.0210623	0.0272015	-0.0210623	0.999408	0.596163	-0.461257	42.5165	
0.999613	0.000299331	-0.027812	0.000299817	0.999768	0.0215361	0.027812	-0.0215361	0.999381	0.625406	-0.483901	43.579	
0.999596	0.000312545	-0.0284185	0.000313065	0.999758	0.022007	0.0284185	-0.022007	0.999354	0.655296	-0.507047	44.6414	
0.999579	0.000325957	-0.0290212	0.000326512	0.999747	0.0224749	0.0290212	-0.0224749	0.999326	0.685829	-0.530693	45.7038	
0.999561	0.00033956	-0.0296198	0.000340152	0.999737	0.0229398	0.0296198	-0.0229398	0.999298	0.717001	-0.554833	46.7662	
0.999543	0.00035335	-0.0302145	0.000353979	0.999726	0.0234017	0.0302145	-0.0234017	0.999269	0.748806	-0.579467	47.8286	
0.999525	0.000367318	-0.0308052	0.000367987	0.999715	0.0238605	0.0308052	-0.0238605	0.999241	0.781242	-0.60459	48.891	
0.999507	0.000381459	-0.0313918	0.000382169	0.999704	0.0243161	0.0313918	-0.0243162	0.999211	0.814304	-0.630199	49.9533	
0.999489	0.000395767	-0.0319743	0.000396519	0.999693	0.0247687	0.0319743	-0.0247687	0.999182	0.847987	-0.656291	51.0155	
0.99947	0.000410236	-0.0325527	0.000411031	0.999682	0.0252181	0.0325527	-0.0252181	0.999152	0.882288	-0.682862	52.0778	
0.999451	0.000424858	-0.033127	0.000425699	0.999671	0.0256644	0.033127	-0.0256644	0.999122	0.917201	-0.70991	53.14	
0.999432	0.000439629	-0.0336971	0.000440515	0.999659	0.0261074	0.0336971	-0.0261074	0.999091	0.952722	-0.73743	54.2022	
0.999413	0.00045454	-0.0342629	0.000455475	0.999647	0.0265473	0.0342629	-0.0265473	0.99906	0.988847	-0.765419	55.2643	
0.999393	0.000469587	-0.0348246	0.000470571	0.999636	0.0269839	0.0348245	-0.0269839	0.999029	1.02557	-0.793874	56.3264	
0.999374	0.000484762	-0.0353819	0.000485797	0.999624	0.0274172	0.0353819	-0.0274172	0.998998	1.06289	-0.822792	57.3885	
0.999354	0.00050006	-0.035935	0.000501146	0.999612	0.0278472	0.0359349	-0.0278472	0.998966	1.1008	-0.852169	58.4506	
0.999334	0.000515473	-0.0364837	0.000516613	0.9996	0.0282739	0.0364837	-0.0282739	0.998934	1.1393	-0.882001	59.5126	
0.999314	0.000530996	-0.037028	0.000532192	0.999588	0.0286973	0.037028	-0.0286973	0.998902	1.17837	-0.912285	60.5746	
0.999294	0.000546623	-0.037568	0.000547874	0.999576	0.0291173	0.037568	-0.0291173	0.99887	1.21803	-0.943017	61.6365	
0.999274	0.000562346	-0.0381035	0.000563655	0.999564	0.0295339	0.0381035	-0.0295339	0.998837	1.25825	-0.974194	62.6984	
0.999253	0.000578159	-0.0386346	0.000579528	0.999551	0.0299471	0.0386346	-0.0299471	0.998805	1.29904	-1.00581	63.7603	
0.999233	0.000594057	-0.0391612	0.000595486	0.999539	0.0303569	0.0391612	-0.0303569	0.998772	1.34039	-1.03787	64.8221	
0.999212	0.000610032	-0.0396834	0.000611523	0.999527	0.0307632	0.0396833	-0.0307632	0.998739	1.38231	-1.07036	65.884	
0.999191	0.000626079	-0.0402009	0.000627633	0.999514	0.031166	0.0402009	-0.031166	0.998705	1.42477	-1.10328	66.9457	
0.999171	0.000642191	-0.0407139	0.00064381	0.999501	0.0315653	0.0407139	-0.0315653	0.998672	1.46778	-1.13662	68.0075	
0.99915	0.000658362	-0.0412223	0.000660046	0.999489	0.0319611	0.0412223	-0.0319611	0.998639	1.51134	-1.17039	69.0692	
0.999129	0.000674584	-0.0417261	0.000676337	0.999476	0.0323533	0.0417261	-0.0323534	0.998605	1.55543	-1.20458	70.1308	
0.999217	0.000600847	-0.0395588	0.000808154	0.999366	0.0355923	0.0395551	-0.0355964	0.998583	1.59863	-1.2407	71.1925	
0.99977	-0.000221606	-0.0214289	0.00139958	0.998487	0.0549717	0.0213843	-0.0549891	0.998258	1.63103	-1.28885	72.254	
0.999994	-0.00139585	-0.00331128	0.00163815	0.997232	0.0743381	0.00319834	-0.074343	0.997228	1.6441	-1.35761	73.3148	
0.999886	-0.00292106	0.0147812	0.00152371	0.995601	0.0936775	-0.0149899	-0.0936444	0.995493	1.63783	-1.44691	74.3741	
0.999449	-0.00479615	0.0328359	0.00105634	0.993597	0.112977	-0.0331675	-0.11288	0.993055	1.61223	-1.55669	75.4312	
0.998682	-0.00701981	0.0508399	0.000236371	0.99122	0.132221	-0.0513217	-0.132035	0.989916	1.56731	-1.68689	76.4854	
0.997586	-0.00959045	0.0687805	-0.000935625	0.988472	0.151399	-0.0694396	-0.151097	0.986077	1.50312	-1.8374	77.5358	
0.996161	-0.0125063	0.0866451	-0.00245882	0.985356	0.170494	-0.0875085	-0.170053	0.981542	1.41969	-2.00813	78.5818	
0.994408	-0.0157652	0.104421	-0.00433213	0.981872	0.189496	-0.105516	-0.188888	0.976313	1.31707	-2.19894	79.6226	
0.992329	-0.019365	0.122096	-0.00655424	0.978024	0.208388	-0.123448	-0.20759	0.970395	1.19536	-2.4097	80.6574	
0.989926	-0.023303	0.139657	-0.00912357	0.973815	0.22716	-0.141293	-0.226146	0.963792	1.05462	-2.64028	81.6856	
0.987199	-0.0275765	0.157092	-0.0120383	0.969247	0.245796	-0.159039	-0.244541	0.956507	0.894966	-2.89049	82.7065	
0.984151	-0.0321825	0.174388	-0.0152964	0.964323	0.264285	-0.176672	-0.262764	0.948547	0.716503	-3.16017	83.7192	
0.980784	-0.0371177	0.191534	-0.0188956	0.959048	0.282613	-0.194181	-0.280801	0.939917	0.519359	-3.44913	84.7231	
0.9771	-0.0423786	0.208518	-0.0228332	0.953424	0.300767	-0.211552	-0.29864	0.930623	0.303673	-3.75716	85.7174	
0.973102	-0.0479615	0.225326	-0.0271066	0.947457	0.318734	-0.228774	-0.316268	0.920672	0.0695973	-4.08404	86.7016	
0.968793	-0.0538625	0.241948	-0.0317127	0.941149	0.336501	-0.245834	-0.333673	0.91007	-0.182703	-4.42955	87.6748	
0.964176	-0.0600774	0.258371	-0.0366483	0.934506	0.354056	-0.26272	-0.350842	0.898826	-0.453048	-4.79344	88.6364	
0.959253	-0.0666019	0.274585	-0.0419098	0.927532	0.371388	-0.279421	-0.367763	0.886947	-0.741249	-5.17544	89.5857	
0.95403	-0.0734312	0.290577	-0.0474936	0.920232	0.388482	-0.295925	-0.384424	0.874441	-1.0471	-5.5753	90.5221	
0.948508	-0.0805606	0.306337	-0.0533956	0.912611	0.405328	-0.31222	-0.400814	0.861317	-1.37039	-5.99273	91.4448	
0.942693	-0.0879851	0.321852	-0.0596119	0.904675	0.421913	-0.328294	-0.41692	0.847585	-1.71088	-6.42744	92.3532	
0.936588	-0.0956993	0.337113	-0.0661378	0.896429	0.438225	-0.344136	-0.432732	0.833255	-2.06835	-6.87911	93.2468	
0.930197	-0.103698	0.352108	-0.072969	0.887879	0.454254	-0.359735	-0.448239	0.818335	-2.44252	-7.34743	94.1248	
0.923525	-0.111975	0.366828	-0.0801004	0.879031	0.469988	-0.37508	-0.463429	0.802838	-2.83315	-7.83207	94.9866	
0.916578	-0.120525	0.38126	-0.0875271	0.869892	0.485415	-0.39016	-0.478291	0.786774	-3.23995	-8.33269	95.8316	
0.909358	-0.129342	0.395396	-0.0952438	0.860467	0.500525	-0.404964	-0.492816	0.770154	-3.66263	-8.84893	96.6593	
0.901873	-0.13842	0.409225	-0.103245	0.850764	0.515307	-0.419483	-0.506992	0.75299	-4.1009	-9.38042	97.469	
0.894127	-0.147752	0.422738	-0.111525	0.840789	0.529751	-0.433705	-0.520811	0.735294	-4.55446	-9.9268	98.2601	
0.886125	-0.157331	0.435924	-0.120079	0.830549	0.543846	-0.44762	-0.534261	0.717078	-5.02297	-10.4877	99.0322	
0.877873	-0.167151	0.448775	-0.128899	0.820052	0.557583	-0.46122	-0.547334	0.698356	-5.5061	-11.0626	99.7846	
0.869378	-0.177205	0.461282	-0.13798	0.809305	0.570952	-0.474494	-0.560021	0.679141	-6.00352	-11.6513	100.517	
0.860644	-0.187486	0.473435	-0.147316	0.798316	0.583943	-0.487432	-0.572312	0.659446	-6.51488	-12.2533	101.229	
