1	0	0	0	1	0	0	0	1	0	0	0	
0.999999	-2.43623e-06	0.00124511	-2.43623e-06	0.999992	0.00391326	-0.00124511	-0.00391326	0.999992	-0.00045717	-0.00143684	0.734341	
0.999997	-9.73882e-06	0.00248908	-9.74415e-06	0.999969	0.00782723	-0.00248908	-0.00782723	0.999966	-0.00182826	-0.00574763	1.46867	
0.999993	-2.18998e-05	0.0037319	-2.19212e-05	0.999931	0.0117418	-0.0037319	-0.0117418	0.999924	-0.00411243	-0.0129328	2.20297	
0.999988	-3.89113e-05	0.00497353	-3.89646e-05	0.999877	0.015657	-0.00497353	-0.015657	0.999865	-0.00730883	-0.0229929	2.93724	
0.999981	-6.0765e-05	0.00621396	-6.08715e-05	0.999808	0.0195727	-0.00621396	-0.0195727	0.999789	-0.0114166	-0.0359283	3.67146	
0.999972	-8.74527e-05	0.00745316	-8.76392e-05	0.999724	0.0234887	-0.00745316	-0.0234887	0.999696	-0.0164347	-0.0517392	4.40561	
0.999962	-0.000118966	0.00869111	-0.000119264	0.999624	0.0274052	-0.0086911	-0.0274052	0.999587	-0.0223625	-0.0704261	5.1397	
0.999951	-0.000155297	0.00992779	-0.000155744	0.999509	0.0313219	-0.00992778	-0.0313219	0.99946	-0.0291988	-0.091989	5.87369	
0.999938	-0.000196436	0.0111632	-0.000197075	0.999379	0.0352388	-0.0111632	-0.0352388	0.999317	-0.0369428	-0.116428	6.60759	
0.999923	-0.000242375	0.0123972	-0.000243254	0.999233	0.0391559	-0.0123972	-0.0391559	0.999156	-0.0455935	-0.143744	7.34137	
0.999907	-0.000293105	0.01363	-0.000294278	0.999072	0.043073	-0.0136299	-0.043073	0.998979	-0.05515	-0.173936	8.07503	
0.99989	-0.000348618	0.0148613	-0.000350142	0.998895	0.0469901	-0.0148613	-0.0469901	0.998785	-0.0656112	-0.207005	8.80855	
0.99987	-0.000408903	0.0160913	-0.000410844	0.998703	0.0509072	-0.0160913	-0.0509072	0.998574	-0.0769761	-0.24295	9.54193	
0.99985	-0.000473953	0.0173199	-0.000476379	0.998496	0.0548241	-0.0173198	-0.0548241	0.998346	-0.0892437	-0.281772	10.2751	
0.999828	-0.000543758	0.018547	-0.000546743	0.998273	0.0587408	-0.018547	-0.0587408	0.998101	-0.102413	-0.323469	11.0082	
0.999804	-0.000618308	0.0197728	-0.000621933	0.998035	0.0626572	-0.0197726	-0.0626572	0.997839	-0.116483	-0.368043	11.741	
0.999779	-0.000697595	0.020997	-0.000701945	0.997781	0.0665732	-0.0209968	-0.0665733	0.997561	-0.131452	-0.415493	12.4737	
0.999753	-0.000781608	0.0222197	-0.000786774	0.997512	0.0704888	-0.0222195	-0.0704889	0.997265	-0.14732	-0.465819	13.2061	
0.999725	-0.000870339	0.023441	-0.000876416	0.997228	0.074404	-0.0234407	-0.074404	0.996953	-0.164085	-0.519019	13.9384	
0.999695	-0.000963776	0.0246607	-0.000970866	0.996928	0.0783185	-0.0246604	-0.0783186	0.996623	-0.181747	-0.575095	14.6703	
0.999665	-0.00106191	0.0258788	-0.00107012	0.996613	0.0822324	-0.0258785	-0.0822325	0.996277	-0.200303	-0.634045	15.4021	
0.999632	-0.00116473	0.0270954	-0.00117417	0.996282	0.0861456	-0.0270949	-0.0861457	0.995914	-0.219754	-0.695869	16.1336	
0.999598	-0.00127223	0.0283103	-0.00128302	0.995936	0.090058	-0.0283098	-0.0900581	0.995534	-0.240097	-0.760566	16.8648	
0.999563	-0.0013844	0.0295237	-0.00139666	0.995574	0.0939695	-0.0295231	-0.0939697	0.995137	-0.261331	-0.828136	17.5957	
0.999526	-0.00150123	0.0307354	-0.00151508	0.995197	0.0978802	-0.0307347	-0.0978804	0.994723	-0.283456	-0.898578	18.3263	
0.999488	-0.0016227	0.0319454	-0.00163829	0.994805	0.10179	-0.0319446	-0.10179	0.994293	-0.30647	-0.971891	19.0566	
0.999449	-0.00174881	0.0331538	-0.00176626	0.994397	0.105698	-0.0331528	-0.105699	0.993845	-0.330372	-1.04808	19.7866	
0.999408	-0.00187954	0.0343604	-0.00189901	0.993973	0.109606	-0.0343593	-0.109606	0.993381	-0.355161	-1.12713	20.5163	
0.999365	-0.00201489	0.0355653	-0.00203652	0.993535	0.113512	-0.0355641	-0.113512	0.9929	-0.380835	-1.20905	21.2456	
0.999321	-0.00215484	0.0367685	-0.00217879	0.99308	0.117417	-0.0367671	-0.117417	0.992402	-0.407393	-1.29384	21.9745	
0.999276	-0.00229939	0.0379699	-0.00232581	0.992611	0.12132	-0.0379683	-0.121321	0.991887	-0.434834	-1.3815	22.7031	
0.99923	-0.00244852	0.0391695	-0.00247759	0.992126	0.125223	-0.0391677	-0.125223	0.991355	-0.463156	-1.47203	23.4313	
0.999182	-0.00260222	0.0403674	-0.0026341	0.991625	0.129123	-0.0403653	-0.129124	0.990807	-0.492358	-1.56541	24.1591	
0.999132	-0.00276048	0.0415634	-0.00279534	0.991109	0.133022	-0.041561	-0.133023	0.990241	-0.522439	-1.66167	24.8865	
0.999081	-0.0029233	0.0427575	-0.00296132	0.990578	0.13692	-0.0427549	-0.136921	0.989659	-0.553398	-1.76078	25.6134	
0.999029	-0.00309065	0.0439498	-0.00313202	0.990031	0.140816	-0.0439469	-0.140817	0.98906	-0.585232	-1.86276	26.34	
0.998975	-0.00326252	0.0451402	-0.00330744	0.989469	0.14471	-0.0451369	-0.144711	0.988444	-0.617941	-1.9676	27.066	
0.99892	-0.00343892	0.0463286	-0.00348757	0.988891	0.148602	-0.046325	-0.148603	0.987811	-0.651524	-2.0753	27.7917	
0.998864	-0.00361981	0.0475152	-0.00367241	0.988298	0.152492	-0.0475112	-0.152493	0.987162	-0.685978	-2.18585	28.5168	
0.998806	-0.0038052	0.0486998	-0.00386194	0.987689	0.15638	-0.0486953	-0.156382	0.986496	-0.721302	-2.29926	29.2415	
0.998747	-0.00399507	0.0498824	-0.00405617	0.987065	0.160266	-0.0498775	-0.160268	0.985813	-0.757495	-2.41552	29.9657	
0.998687	-0.00418941	0.0510631	-0.00425508	0.986426	0.16415	-0.0510576	-0.164152	0.985113	-0.794556	-2.53464	30.6893	
0.998625	-0.0043882	0.0522417	-0.00445866	0.985771	0.168032	-0.0522358	-0.168034	0.984396	-0.832482	-2.65661	31.4125	
0.998562	-0.00459144	0.0534183	-0.00466692	0.985101	0.171912	-0.0534118	-0.171914	0.983663	-0.871273	-2.78143	32.1351	
0.998497	-0.00479911	0.0545929	-0.00487985	0.984416	0.175789	-0.0545857	-0.175791	0.982913	-0.910927	-2.9091	32.8572	
0.998431	-0.00501121	0.0557654	-0.00509743	0.983715	0.179664	-0.0557576	-0.179666	0.982146	-0.951442	-3.03961	33.5787	
0.998364	-0.00522771	0.0569358	-0.00531966	0.982999	0.183536	-0.0569273	-0.183539	0.981363	-0.992816	-3.17297	34.2996	
0.998296	-0.0054486	0.0581041	-0.00554654	0.982267	0.187406	-0.0580948	-0.187409	0.980563	-1.03505	-3.30917	35.02	
0.998226	-0.00567388	0.0592703	-0.00577805	0.98152	0.191273	-0.0592602	-0.191276	0.979746	-1.07814	-3.44822	35.7398	
0.998155	-0.00590353	0.0604343	-0.00601419	0.980757	0.195138	-0.0604234	-0.195141	0.978912	-1.12208	-3.5901	36.4589	
0.998082	-0.00613754	0.0615962	-0.00625495	0.97998	0.199	-0.0615844	-0.199003	0.978062	-1.16688	-3.73482	37.1775	
0.998033	-0.00629786	0.062371	-0.006665	0.978641	0.205468	-0.0623328	-0.20548	0.976674	-1.21238	-3.88333	37.8952	
0.997983	-0.00646405	0.0631481	-0.00708009	0.97726	0.211928	-0.063082	-0.211948	0.975243	-1.25843	-4.0366	38.6119	
0.997932	-0.00663613	0.0639274	-0.00750021	0.975835	0.21838	-0.0638318	-0.218408	0.973768	-1.30503	-4.19462	39.3275	
0.997881	-0.00681412	0.0647088	-0.00792537	0.974367	0.224823	-0.0645822	-0.224859	0.972249	-1.35218	-4.35737	40.0421	
0.997829	-0.00699804	0.0654922	-0.00835558	0.972857	0.231257	-0.0653329	-0.231302	0.970686	-1.39988	-4.52486	40.7554	
0.997775	-0.0071879	0.0662774	-0.00879083	0.971303	0.237681	-0.0660839	-0.237735	0.969079	-1.44813	-4.69708	41.4677	
0.997721	-0.00738372	0.0670643	-0.00923112	0.969707	0.244096	-0.0668351	-0.244159	0.967429	-1.49694	-4.87402	42.1787	
0.997667	-0.00758551	0.0678528	-0.00967646	0.968068	0.250501	-0.0675863	-0.250573	0.965736	-1.54629	-5.05567	42.8885	
0.997611	-0.00779328	0.0686428	-0.0101268	0.966386	0.256895	-0.0683375	-0.256976	0.963999	-1.5962	-5.24203	43.5971	
0.997554	-0.00800704	0.0694341	-0.0105823	0.964662	0.263278	-0.0690885	-0.263369	0.962218	-1.64666	-5.43309	44.3043	
0.997497	-0.0082268	0.0702266	-0.0110427	0.962895	0.269651	-0.0698392	-0.269751	0.960394	-1.69767	-5.62883	45.0102	
0.997439	-0.00845255	0.0710202	-0.0115082	0.961085	0.276012	-0.0705894	-0.276122	0.958527	-1.74923	-5.82926	45.7148	
0.99738	-0.0086843	0.0718147	-0.0119788	0.959233	0.282361	-0.0713392	-0.282481	0.956616	-1.80134	-6.03437	46.418	
0.99732	-0.00892206	0.0726101	-0.0124543	0.957339	0.288698	-0.0720883	-0.288829	0.954663	-1.85401	-6.24414	47.1198	
0.99726	-0.00916583	0.0734063	-0.0129349	0.955403	0.295023	-0.0728367	-0.295164	0.952666	-1.90722	-6.45856	47.8201	
0.997199	-0.00941559	0.074203	-0.0134205	0.953424	0.301335	-0.0735841	-0.301487	0.950627	-1.96098	-6.67764	48.5189	
0.997137	-0.00967134	0.0750002	-0.0139112	0.951403	0.307635	-0.0743306	-0.307797	0.948544	-2.01529	-6.90135	49.2163	
0.997074	-0.00993309	0.0757978	-0.0144068	0.94934	0.313921	-0.075076	-0.314094	0.946419	-2.07015	-7.12969	49.912	
0.99701	-0.0102008	0.0765956	-0.0149074	0.947235	0.320193	-0.0758202	-0.320378	0.944251	-2.12555	-7.36265	50.6062	
0.996946	-0.0104745	0.0773935	-0.015413	0.945088	0.326452	-0.0765631	-0.326647	0.94204	-2.18151	-7.60022	51.2988	
0.99688	-0.0107542	0.0781914	-0.0159235	0.9429	0.332696	-0.0773045	-0.332903	0.939787	-2.238	-7.84239	51.9898	
0.996814	-0.0110398	0.0789892	-0.0164391	0.94067	0.338926	-0.0780444	-0.339144	0.937491	-2.29504	-8.08915	52.6791	
0.996748	-0.0113313	0.0797868	-0.0169595	0.938398	0.345141	-0.0787826	-0.345371	0.935154	-2.35262	-8.34049	53.3667	
0.99668	-0.0116288	0.080584	-0.0174849	0.936085	0.35134	-0.0795191	-0.351583	0.932773	-2.41075	-8.59639	54.0525	
0.996612	-0.0119321	0.0813807	-0.0180153	0.93373	0.357525	-0.0802536	-0.357779	0.930351	-2.46941	-8.85685	54.7366	
0.996543	-0.0122413	0.0821769	-0.0185505	0.931334	0.363693	-0.0809862	-0.36396	0.927887	-2.52862	-9.12185	55.4189	
0.996473	-0.0125564	0.0829723	-0.0190907	0.928897	0.369845	-0.0817167	-0.370125	0.925381	-2.58836	-9.39139	56.0994	
0.996402	-0.0128773	0.0837669	-0.0196357	0.926419	0.375982	-0.0824449	-0.376274	0.922833	-2.64863	-9.66545	56.778	
0.996331	-0.013204	0.0845606	-0.0201855	0.9239	0.382101	-0.0831708	-0.382406	0.920244	-2.70944	-9.94401	57.4547	
0.996259	-0.0135365	0.0853533	-0.0207403	0.92134	0.388203	-0.0838943	-0.388521	0.917613	-2.77078	-10.2271	58.1295	
0.996186	-0.0138748	0.0861447	-0.0212998	0.91874	0.394289	-0.0846153	-0.39462	0.91494	-2.83266	-10.5146	58.8024	
0.996113	-0.0142187	0.0869349	-0.0218642	0.916099	0.400356	-0.0853335	-0.400701	0.912227	-2.89506	-10.8066	59.4733	
0.996038	-0.0145684	0.0877237	-0.0224333	0.913417	0.406406	-0.086049	-0.406764	0.909472	-2.95798	-11.1031	60.1422	
0.995963	-0.0149236	0.0885111	-0.0230072	0.910695	0.412437	-0.0867617	-0.412809	0.906676	-3.02143	-11.404	60.809	
0.995888	-0.0152845	0.0892968	-0.0235859	0.907933	0.418451	-0.0874713	-0.418836	0.903839	-3.08541	-11.7094	61.4738	
0.995811	-0.015651	0.0900807	-0.0241693	0.905131	0.424445	-0.0881779	-0.424844	0.900962	-3.1499	-12.0192	62.1364	
0.995735	-0.0160231	0.0908629	-0.0247574	0.902289	0.43042	-0.0888812	-0.430834	0.898044	-3.21491	-12.3334	62.797	
0.995657	-0.0164006	0.0916431	-0.0253502	0.899407	0.436376	-0.0895813	-0.436804	0.895085	-3.28044	-12.6519	63.4554	
0.995579	-0.0167836	0.0924213	-0.0259476	0.896486	0.442312	-0.0902779	-0.442755	0.892086	-3.34648	-12.9749	64.1116	
0.9955	-0.0171719	0.0931973	-0.0265496	0.893524	0.448229	-0.090971	-0.448686	0.889047	-3.41303	-13.3022	64.7656	
0.99542	-0.0175657	0.0939711	-0.0271563	0.890524	0.454125	-0.0916605	-0.454597	0.885968	-3.48009	-13.6339	65.4173	
0.99534	-0.0179648	0.0947424	-0.0277675	0.887484	0.460001	-0.0923462	-0.460488	0.882849	-3.54765	-13.9699	66.0668	
0.995259	-0.0183691	0.0955114	-0.0283833	0.884405	0.465856	-0.0930281	-0.466358	0.879691	-3.61571	-14.3102	66.7139	
0.995177	-0.0187787	0.0962777	-0.0290037	0.881288	0.47169	-0.0937061	-0.472207	0.876493	-3.68428	-14.6548	67.3587	
0.995095	-0.0191934	0.0970414	-0.0296285	0.878131	0.477502	-0.09438	-0.478035	0.873255	-3.75334	-15.0037	68.0012	
0.995013	-0.0196133	0.0978023	-0.0302577	0.874936	0.483293	-0.0950497	-0.483842	0.869978	-3.82289	-15.3569	68.6413	
0.994929	-0.0200382	0.0985603	-0.0308915	0.871702	0.489062	-0.0957151	-0.489627	0.866663	-3.89293	-15.7143	69.2789	
0.995114	-0.0190652	0.0968742	-0.0326156	0.862619	0.504802	-0.0931897	-0.505495	0.857782	-3.9623	-16.0797	69.9121	
