1	0	0	0	1	0	0	0	1	0	0	0	
0.999997	-3.53097e-06	-0.00263435	-3.53097e-06	0.999996	-0.00268071	0.00263435	0.00268071	0.999993	0.00121872	0.00124017	0.92525	
0.999986	-1.41457e-05	-0.00527273	-1.41456e-05	0.999986	-0.00536551	0.00527273	0.00536551	0.999972	0.00487674	0.00496257	1.85049	
0.999969	-3.18762e-05	-0.00791504	-3.1876e-05	0.999968	-0.0080543	0.00791504	0.0080543	0.999936	0.0109778	0.0111709	2.7757	
0.999944	-5.67539e-05	-0.0105612	-5.67534e-05	0.999942	-0.010747	0.0105612	0.010747	0.999886	0.0195254	0.0198689	3.70087	
0.999913	-8.88095e-05	-0.0132111	-8.88086e-05	0.99991	-0.0134434	0.0132111	0.0134434	0.999822	0.0305231	0.03106	4.62599	
0.999874	-0.000128073	-0.0158646	-0.000128072	0.99987	-0.0161436	0.0158646	0.0161436	0.999744	0.0439743	0.0447478	5.55104	
0.999828	-0.000174574	-0.0185217	-0.000174571	0.999822	-0.0188473	0.0185217	0.0188473	0.999651	0.0598823	0.0609355	6.47602	
0.999776	-0.00022834	-0.0211822	-0.000228337	0.999768	-0.0215545	0.0211822	0.0215545	0.999543	0.0782504	0.0796265	7.4009	
0.999716	-0.000289401	-0.0238461	-0.000289395	0.999706	-0.0242652	0.0238461	0.0242652	0.999421	0.0990817	0.100824	8.32567	
0.999648	-0.000357782	-0.0265132	-0.000357774	0.999636	-0.026979	0.0265132	0.026979	0.999284	0.122379	0.124531	9.25033	
0.999574	-0.00043351	-0.0291834	-0.0004335	0.999559	-0.0296961	0.0291834	0.0296961	0.999133	0.148146	0.15075	10.1748	
0.999492	-0.000516612	-0.0318567	-0.000516599	0.999474	-0.0324163	0.0318567	0.0324163	0.998967	0.176385	0.179485	11.0992	
0.999403	-0.000607111	-0.034533	-0.000607095	0.999382	-0.0351394	0.034533	0.0351394	0.998786	0.207098	0.210738	12.0234	
0.999307	-0.000705033	-0.0372121	-0.000705013	0.999283	-0.0378655	0.0372121	0.0378654	0.99859	0.24029	0.244512	12.9475	
0.999204	-0.000810402	-0.0398939	-0.000810376	0.999175	-0.0405943	0.0398939	0.0405943	0.998379	0.275961	0.28081	13.8713	
0.999093	-0.000923239	-0.0425784	-0.000923208	0.999061	-0.0433257	0.0425784	0.0433257	0.998153	0.314115	0.319633	14.795	
0.998974	-0.00104357	-0.0452655	-0.00104353	0.998938	-0.0460598	0.0452655	0.0460598	0.997913	0.354754	0.360986	15.7184	
0.998849	-0.00117141	-0.047955	-0.00117136	0.998808	-0.0487964	0.047955	0.0487964	0.997657	0.39788	0.404869	16.6416	
0.998716	-0.00130678	-0.0506468	-0.00130673	0.99867	-0.0515353	0.0506468	0.0515353	0.997386	0.443496	0.451285	17.5646	
0.998575	-0.00144971	-0.053341	-0.00144965	0.998525	-0.0542765	0.053341	0.0542765	0.9971	0.491603	0.500236	18.4873	
0.998427	-0.00160021	-0.0560372	-0.00160014	0.998372	-0.0570199	0.0560372	0.0570199	0.996799	0.542205	0.551725	19.4097	
0.998272	-0.00175831	-0.0587355	-0.00175823	0.998211	-0.0597653	0.0587356	0.0597653	0.996483	0.595302	0.605753	20.3319	
0.998109	-0.00192401	-0.0614358	-0.00192392	0.998042	-0.0625127	0.0614358	0.0625127	0.996151	0.650896	0.662322	21.2537	
0.997939	-0.00209734	-0.064138	-0.00209723	0.997866	-0.065262	0.064138	0.065262	0.995805	0.70899	0.721434	22.1752	
0.997761	-0.00227831	-0.0668419	-0.00227819	0.997682	-0.0680131	0.0668419	0.0680131	0.995443	0.769585	0.783091	23.0964	
0.997576	-0.00246695	-0.0695475	-0.00246681	0.99749	-0.0707659	0.0695475	0.0707659	0.995065	0.832682	0.847293	24.0173	
0.997383	-0.00266325	-0.0722546	-0.0026631	0.99729	-0.0735202	0.0722546	0.0735202	0.994673	0.898284	0.914044	24.9378	
0.997182	-0.00286725	-0.0749632	-0.00286708	0.997083	-0.076276	0.0749632	0.076276	0.994265	0.966391	0.983344	25.8579	
0.996974	-0.00307895	-0.0776731	-0.00307876	0.996867	-0.0790331	0.0776731	0.0790331	0.993841	1.037	1.05519	26.7777	
0.996758	-0.00329837	-0.0803844	-0.00329816	0.996644	-0.0817916	0.0803844	0.0817916	0.993402	1.11013	1.1296	27.697	
0.996535	-0.00352551	-0.0830968	-0.00352528	0.996413	-0.0845512	0.0830968	0.0845512	0.992948	1.18576	1.20655	28.616	
0.996304	-0.00376039	-0.0858102	-0.00376014	0.996174	-0.0873119	0.0858102	0.0873119	0.992478	1.2639	1.28606	29.5345	
0.996066	-0.00400303	-0.0885247	-0.00400275	0.995927	-0.0900735	0.0885247	0.0900735	0.991993	1.34455	1.36812	30.4526	
0.99582	-0.00425342	-0.09124	-0.00425312	0.995672	-0.092836	0.09124	0.092836	0.991492	1.42771	1.45274	31.3702	
0.995566	-0.00451159	-0.093956	-0.00451126	0.99541	-0.0955993	0.0939561	0.0955993	0.990976	1.51339	1.53992	32.2873	
0.995305	-0.00477754	-0.0966728	-0.00477717	0.995139	-0.0983633	0.0966728	0.0983633	0.990444	1.60158	1.62965	33.204	
0.995036	-0.00505127	-0.0993901	-0.00505087	0.994861	-0.101128	0.0993902	0.101128	0.989896	1.69228	1.72194	34.1201	
0.994759	-0.0053328	-0.102108	-0.00533237	0.994574	-0.103893	0.102108	0.103893	0.989333	1.7855	1.81679	35.0358	
0.994475	-0.00562213	-0.104826	-0.00562166	0.99428	-0.106658	0.104826	0.106658	0.988755	1.88124	1.91419	35.9509	
0.994183	-0.00591926	-0.107545	-0.00591876	0.993978	-0.109424	0.107545	0.109424	0.98816	1.97948	2.01416	36.8655	
0.993883	-0.00622421	-0.110263	-0.00622367	0.993667	-0.11219	0.110263	0.11219	0.98755	2.08025	2.11668	37.7795	
0.993576	-0.00653698	-0.112982	-0.0065364	0.993349	-0.114956	0.112982	0.114956	0.986925	2.18353	2.22177	38.6929	
0.99326	-0.00685757	-0.115701	-0.00685695	0.993023	-0.117721	0.115701	0.117721	0.986283	2.28932	2.32941	39.6058	
0.992938	-0.00718598	-0.118419	-0.00718532	0.992689	-0.120487	0.118419	0.120487	0.985627	2.39763	2.43961	40.5181	
0.992607	-0.00752223	-0.121138	-0.00752151	0.992347	-0.123253	0.121138	0.123253	0.984954	2.50846	2.55237	41.4297	
0.992269	-0.0078663	-0.123856	-0.00786554	0.991997	-0.126018	0.123856	0.126018	0.984266	2.6218	2.66769	42.3407	
0.991923	-0.0082182	-0.126574	-0.00821739	0.991639	-0.128783	0.126574	0.128783	0.983562	2.73765	2.78557	43.2511	
0.99157	-0.00857793	-0.129291	-0.00857706	0.991273	-0.131547	0.129291	0.131547	0.982842	2.85602	2.906	44.1608	
0.991208	-0.0089455	-0.132008	-0.00894457	0.990899	-0.13431	0.132008	0.13431	0.982107	2.97691	3.029	45.0698	
0.990839	-0.00932089	-0.134724	-0.00931991	0.990517	-0.137073	0.134724	0.137073	0.981356	3.10031	3.15454	45.9782	
0.990463	-0.00970411	-0.137439	-0.00970307	0.990127	-0.139835	0.137439	0.139835	0.98059	3.22622	3.28265	46.8858	
0.990078	-0.0100952	-0.140153	-0.0100941	0.989729	-0.142597	0.140153	0.142597	0.979808	3.35464	3.41331	47.7928	
0.989686	-0.010494	-0.142866	-0.0104929	0.989324	-0.145357	0.142867	0.145357	0.97901	3.48557	3.54653	48.699	
0.989287	-0.0109007	-0.145579	-0.0108995	0.98891	-0.148116	0.145579	0.148116	0.978197	3.61901	3.68229	49.6044	
0.988879	-0.0113152	-0.14829	-0.0113139	0.988488	-0.150874	0.14829	0.150874	0.977367	3.75496	3.82061	50.5091	
0.988464	-0.0117375	-0.151	-0.0117361	0.988059	-0.15363	0.151	0.15363	0.976523	3.89342	3.96149	51.413	
0.988041	-0.0121677	-0.153708	-0.0121662	0.987621	-0.156386	0.153708	0.156385	0.975663	4.03439	4.10491	52.3162	
0.987611	-0.0126056	-0.156415	-0.012604	0.987176	-0.159139	0.156415	0.159139	0.974787	4.17786	4.25088	53.2185	
0.987173	-0.0130513	-0.159121	-0.0130497	0.986722	-0.161891	0.159121	0.161891	0.973895	4.32384	4.3994	54.12	
0.986727	-0.0135048	-0.161824	-0.0135031	0.986261	-0.164642	0.161825	0.164642	0.972988	4.47231	4.55046	55.0207	
0.986274	-0.013966	-0.164527	-0.0139642	0.985792	-0.16739	0.164527	0.16739	0.972066	4.62329	4.70407	55.9205	
0.986164	-0.0140774	-0.165173	-0.013991	0.985765	-0.167548	0.16518	0.167541	0.971929	4.77582	4.85901	56.8199	
0.986054	-0.0141891	-0.16582	-0.0140179	0.985737	-0.167706	0.165835	0.167692	0.971791	4.92896	5.0141	57.7191	
0.985943	-0.014301	-0.166469	-0.014045	0.98571	-0.167865	0.166491	0.167843	0.971653	5.0827	5.16933	58.6182	
0.985831	-0.0144133	-0.167119	-0.0140723	0.985683	-0.168024	0.167148	0.167995	0.971514	5.23705	5.32469	59.5171	
0.985719	-0.0145259	-0.167769	-0.0140998	0.985655	-0.168183	0.167806	0.168147	0.971374	5.39201	5.4802	60.416	
0.985606	-0.0146388	-0.168421	-0.0141275	0.985627	-0.168343	0.168465	0.168299	0.971234	5.54758	5.63585	61.3147	
0.985493	-0.0147519	-0.169074	-0.0141554	0.985599	-0.168504	0.169125	0.168453	0.971092	5.70376	5.79164	62.2132	
0.985379	-0.0148653	-0.169727	-0.0141835	0.985571	-0.168665	0.169785	0.168606	0.970951	5.86055	5.94757	63.1117	
0.985264	-0.014979	-0.170381	-0.0142118	0.985543	-0.168826	0.170447	0.16876	0.970808	6.01795	6.10365	64.01	
0.985149	-0.0150929	-0.171036	-0.0142404	0.985515	-0.168989	0.171109	0.168915	0.970664	6.17596	6.25987	64.9082	
0.985033	-0.0152071	-0.171692	-0.0142692	0.985487	-0.169152	0.171772	0.16907	0.97052	6.33458	6.41623	65.8062	
0.984917	-0.0153215	-0.172348	-0.0142982	0.985458	-0.169315	0.172436	0.169226	0.970375	6.49382	6.57273	66.7041	
0.9848	-0.0154361	-0.173005	-0.0143274	0.98543	-0.169479	0.173101	0.169382	0.97023	6.65368	6.72938	67.6019	
0.984682	-0.015551	-0.173663	-0.0143569	0.985401	-0.169644	0.173766	0.169539	0.970084	6.81415	6.88617	68.4995	
0.984564	-0.015666	-0.174321	-0.0143866	0.985372	-0.16981	0.174431	0.169697	0.969937	6.97523	7.04311	69.397	
0.984446	-0.0157813	-0.17498	-0.0144166	0.985343	-0.169976	0.175097	0.169855	0.969789	7.13693	7.2002	70.2944	
0.986859	-0.0134703	-0.161022	-0.0113664	0.988264	-0.152335	0.161184	0.152163	0.975124	7.29251	7.34918	71.1942	
0.989072	-0.0114138	-0.146991	-0.00856934	0.990863	-0.134602	0.147184	0.13439	0.979937	7.43518	7.48175	72.0987	
0.991084	-0.00961297	-0.132895	-0.00602699	0.993139	-0.116786	0.133106	0.116546	0.984226	7.56486	7.59785	73.0074	
0.992892	-0.00806868	-0.118741	-0.00374068	0.995091	-0.0988972	0.118956	0.0986384	0.987988	7.68147	7.6974	73.9199	
0.994498	-0.00678179	-0.104537	-0.00171164	0.996717	-0.0809449	0.104743	0.0806785	0.991221	7.78496	7.78036	74.8355	
0.995899	-0.00575299	-0.0902905	5.90521e-05	0.998017	-0.0629388	0.0904735	0.0626754	0.993925	7.87528	7.84668	75.754	
0.997095	-0.00498284	-0.0760088	0.00157045	0.998991	-0.0448885	0.0761558	0.0446387	0.996096	7.95237	7.89633	76.6746	
0.998085	-0.00447174	-0.0616999	0.00282174	0.999637	-0.0268036	0.0617973	0.0265782	0.997735	8.01619	7.92928	77.5971	
0.998868	-0.00421997	-0.0473712	0.00381226	0.999955	-0.00869388	0.0474057	0.00850345	0.99884	8.06672	7.94551	78.5208	
0.999445	-0.00422767	-0.0330305	0.00454147	0.999945	0.00943107	0.0329888	-0.00957585	0.99941	8.10391	7.94501	79.4453	
0.999815	-0.00449483	-0.0186855	0.00500899	0.999608	0.0275615	0.0185543	-0.02765	0.999445	8.12776	7.92779	80.37	
0.999978	-0.0050213	-0.00434378	0.00521456	0.998942	0.0456878	0.00410978	-0.0457094	0.998946	8.13824	7.89385	81.2946	
0.999933	-0.00580681	0.00998692	0.00515808	0.997949	0.0638001	-0.0103369	-0.0637443	0.997913	8.13536	7.84321	82.2184	
0.999681	-0.00685093	0.024299	0.00483957	0.99663	0.0818889	-0.0247781	-0.0817452	0.996345	8.11912	7.7759	83.1411	
0.999222	-0.00815311	0.0385847	0.00425921	0.994984	0.0999443	-0.039206	-0.0997022	0.994245	8.08951	7.69196	84.062	
0.998556	-0.00971265	0.0528364	0.0034173	0.993013	0.117957	-0.0536129	-0.117606	0.991612	8.04657	7.59142	84.9808	
0.997683	-0.0115287	0.0670466	0.0023143	0.990718	0.135917	-0.0679911	-0.135447	0.988449	7.99031	7.47435	85.8968	
0.996604	-0.0136003	0.0812075	0.0009508	0.988099	0.153815	-0.082333	-0.153215	0.984757	7.92077	7.3408	86.8097	
0.99532	-0.0159264	0.0953117	-0.000672476	0.985159	0.171641	-0.0966308	-0.170902	0.980538	7.83797	7.19085	87.719	
0.993831	-0.0185057	0.109352	-0.00255466	0.981899	0.189385	-0.110877	-0.188496	0.975795	7.74197	7.02457	88.6241	
0.992138	-0.0213367	0.12332	-0.00469474	0.978321	0.207039	-0.125064	-0.205991	0.970529	7.63281	6.84206	89.5245	
0.990241	-0.0244181	0.137208	-0.00709157	0.974427	0.224593	-0.139184	-0.223374	0.964744	7.51056	6.64342	90.4199	
