1	0	0	0	1	0	0	0	1	0	0	0	
0.999998	1.66839e-06	0.00199311	1.66839e-06	0.999999	-0.00167415	-0.00199311	0.00167415	0.999997	-0.00105242	0.000884003	1.05606	
0.999992	6.69019e-06	0.00399093	6.69187e-06	0.999994	-0.0033531	-0.00399093	0.0033531	0.999986	-0.00421218	0.00353854	2.11211	
0.999982	1.50904e-05	0.00599335	1.50971e-05	0.999987	-0.00503675	-0.00599335	0.00503675	0.999969	-0.00948419	0.00796864	3.16815	
0.999968	2.68932e-05	0.00800025	2.69101e-05	0.999977	-0.00672503	-0.00800025	0.00672503	0.999945	-0.0168732	0.0141792	4.22417	
0.99995	4.21226e-05	0.0100115	4.21565e-05	0.999965	-0.00841784	-0.0100115	0.00841784	0.999914	-0.026384	0.0221751	5.28015	
0.999928	6.08016e-05	0.0120271	6.08611e-05	0.999949	-0.0101151	-0.0120271	0.0101151	0.999877	-0.0380211	0.0319611	6.3361	
0.999901	8.29529e-05	0.0140468	8.30482e-05	0.99993	-0.0118167	-0.0140468	0.0118167	0.999832	-0.0517889	0.0435417	7.39201	
0.999871	0.000108598	0.0160706	0.000108742	0.999909	-0.0135226	-0.0160706	0.0135226	0.999779	-0.0676918	0.0569217	8.44787	
0.999836	0.000137759	0.0180983	0.000137965	0.999884	-0.0152327	-0.0180983	0.0152327	0.99972	-0.085734	0.0721054	9.50366	
0.999797	0.000170457	0.0201298	0.00017074	0.999856	-0.0169468	-0.0201298	0.0169469	0.999654	-0.10592	0.0890971	10.5594	
0.999754	0.000206711	0.0221651	0.000207089	0.999826	-0.018665	-0.0221651	0.018665	0.99958	-0.128253	0.107901	11.6151	
0.999707	0.000246541	0.024204	0.000247033	0.999792	-0.0203871	-0.024204	0.0203871	0.999499	-0.152737	0.128522	12.6706	
0.999655	0.000289965	0.0262464	0.000290593	0.999755	-0.022113	-0.0262464	0.022113	0.999411	-0.179376	0.150963	13.7261	
0.9996	0.000337003	0.0282922	0.00033779	0.999716	-0.0238427	-0.0282922	0.0238427	0.999315	-0.208174	0.175229	14.7815	
0.99954	0.000387672	0.0303413	0.000388642	0.999673	-0.025576	-0.0303413	0.025576	0.999212	-0.239135	0.201324	15.8368	
0.999475	0.000441989	0.0323935	0.000443169	0.999627	-0.0273129	-0.0323935	0.0273129	0.999102	-0.272261	0.229251	16.892	
0.999406	0.00049997	0.0344489	0.000501389	0.999578	-0.0290532	-0.0344489	0.0290532	0.998984	-0.307555	0.259014	17.947	
0.999333	0.000561631	0.0365072	0.00056332	0.999526	-0.0307969	-0.0365071	0.030797	0.998859	-0.345022	0.290617	19.0019	
0.999256	0.000626987	0.0385683	0.000628978	0.99947	-0.0325439	-0.0385683	0.032544	0.998726	-0.384664	0.324063	20.0567	
0.999174	0.000696053	0.0406322	0.00069838	0.999412	-0.0342941	-0.0406321	0.0342942	0.998585	-0.426485	0.359355	21.1114	
0.999088	0.000768842	0.0426987	0.000771541	0.99935	-0.0360475	-0.0426986	0.0360475	0.998437	-0.470486	0.396498	22.1658	
0.998997	0.000845368	0.0447677	0.000848477	0.999285	-0.0378038	-0.0447677	0.0378039	0.998282	-0.516671	0.435494	23.2202	
0.998902	0.000925643	0.0468392	0.000929203	0.999217	-0.0395631	-0.0468391	0.0395631	0.998119	-0.565042	0.476346	24.2743	
0.998803	0.00100968	0.0489129	0.00101373	0.999145	-0.0413252	-0.0489128	0.0413253	0.997948	-0.615602	0.519057	25.3283	
0.998699	0.00109749	0.0509888	0.00110208	0.999071	-0.04309	-0.0509887	0.0430901	0.997769	-0.668353	0.563631	26.3821	
0.99859	0.00118908	0.0530668	0.00119425	0.998993	-0.0448575	-0.0530667	0.0448576	0.997583	-0.723297	0.61007	27.4357	
0.998477	0.00128446	0.0551468	0.00129026	0.998912	-0.0466276	-0.0551467	0.0466277	0.997389	-0.780437	0.658378	28.4891	
0.99836	0.00138365	0.0572286	0.00139013	0.998827	-0.0484001	-0.0572285	0.0484003	0.997187	-0.839775	0.708555	29.5423	
0.998238	0.00148664	0.0593122	0.00149385	0.998739	-0.050175	-0.059312	0.0501752	0.996978	-0.901312	0.760606	30.5953	
0.998112	0.00159346	0.0613974	0.00160145	0.998648	-0.0519522	-0.0613972	0.0519524	0.99676	-0.96505	0.814533	31.6481	
0.997981	0.00170409	0.0634842	0.00171293	0.998554	-0.0537316	-0.0634839	0.0537319	0.996535	-1.03099	0.870337	32.7006	
0.997846	0.00181857	0.0655723	0.0018283	0.998456	-0.0555131	-0.0655721	0.0555134	0.996302	-1.09914	0.928022	33.7529	
0.997706	0.00193688	0.0676618	0.00194757	0.998355	-0.0572966	-0.0676615	0.057297	0.996062	-1.16949	0.987589	34.8049	
0.997562	0.00205903	0.0697525	0.00207074	0.998251	-0.059082	-0.0697522	0.0590824	0.995813	-1.24205	1.04904	35.8567	
0.997413	0.00218503	0.0718443	0.00219782	0.998143	-0.0608693	-0.0718439	0.0608697	0.995557	-1.31681	1.11238	36.9082	
0.99726	0.00231488	0.073937	0.00232882	0.998032	-0.0626583	-0.0739366	0.0626588	0.995293	-1.39379	1.17761	37.9594	
0.997102	0.00244859	0.0760307	0.00246374	0.997918	-0.0644489	-0.0760302	0.0644495	0.99502	-1.47298	1.24472	39.0103	
0.99694	0.00258615	0.0781251	0.00260259	0.9978	-0.0662411	-0.0781245	0.0662417	0.99474	-1.55438	1.31373	40.061	
0.996773	0.00272757	0.0802201	0.00274537	0.997679	-0.0680347	-0.0802195	0.0680354	0.994453	-1.63799	1.38464	41.1114	
0.996602	0.00287285	0.0823157	0.00289208	0.997555	-0.0698297	-0.082315	0.0698305	0.994157	-1.72381	1.45743	42.1614	
0.996426	0.003022	0.0844117	0.00304273	0.997427	-0.071626	-0.084411	0.0716269	0.993853	-1.81185	1.53213	43.2111	
0.996246	0.003175	0.0865081	0.00319731	0.997296	-0.0734235	-0.0865073	0.0734244	0.993542	-1.9021	1.60872	44.2605	
0.996061	0.00333186	0.0886046	0.00335583	0.997161	-0.075222	-0.0886037	0.0752231	0.993222	-1.99456	1.68721	45.3096	
0.995872	0.00349259	0.0907013	0.00351829	0.997023	-0.0770216	-0.0907003	0.0770227	0.992895	-2.08924	1.7676	46.3583	
0.995678	0.00365716	0.092798	0.00368469	0.996882	-0.078822	-0.0927969	0.0788233	0.99256	-2.18613	1.84989	47.4067	
0.99548	0.00382559	0.0948946	0.00385503	0.996737	-0.0806233	-0.0948934	0.0806247	0.992217	-2.28524	1.93408	48.4547	
0.995277	0.00399787	0.0969909	0.0040293	0.996589	-0.0824252	-0.0969896	0.0824268	0.991866	-2.38656	2.02018	49.5024	
0.99507	0.00417399	0.099087	0.0042075	0.996438	-0.0842278	-0.0990856	0.0842295	0.991508	-2.49009	2.10818	50.5497	
0.994858	0.00435395	0.101183	0.00438963	0.996283	-0.086031	-0.101181	0.0860328	0.991141	-2.59584	2.19808	51.5966	
0.994642	0.00453775	0.103278	0.00457569	0.996125	-0.0878345	-0.103276	0.0878365	0.990767	-2.7038	2.28989	52.6431	
0.994422	0.00472537	0.105372	0.00476567	0.995963	-0.0896384	-0.10537	0.0896406	0.990385	-2.81397	2.3836	53.6892	
0.994197	0.00491682	0.107466	0.00495957	0.995798	-0.0914426	-0.107464	0.0914449	0.989995	-2.92635	2.47922	54.7349	
0.993967	0.00511208	0.109559	0.00515737	0.99563	-0.0932469	-0.109556	0.0932494	0.989597	-3.04094	2.57675	55.7802	
0.993733	0.00531114	0.11165	0.00535908	0.995458	-0.0950513	-0.111648	0.095054	0.989191	-3.15775	2.67618	56.825	
0.993495	0.00551399	0.113741	0.00556469	0.995283	-0.0968557	-0.113739	0.0968586	0.988778	-3.27676	2.77751	57.8695	
0.993252	0.00572063	0.115831	0.00577418	0.995104	-0.0986599	-0.115828	0.0986631	0.988357	-3.39798	2.88075	58.9135	
0.993006	0.00593105	0.117919	0.00598755	0.994923	-0.100464	-0.117916	0.100467	0.987928	-3.5214	2.9859	59.957	
0.992754	0.00614523	0.120006	0.0062048	0.994738	-0.102268	-0.120003	0.102271	0.987492	-3.64703	3.09295	61.0001	
0.992498	0.00636316	0.122091	0.0064259	0.994549	-0.104071	-0.122088	0.104075	0.987048	-3.77486	3.20191	62.0427	
0.992238	0.00658483	0.124175	0.00665085	0.994357	-0.105874	-0.124172	0.105878	0.986596	-3.90489	3.31277	63.0848	
0.991974	0.00681023	0.126257	0.00687964	0.994162	-0.107676	-0.126253	0.107681	0.986136	-4.03713	3.42554	64.1265	
0.991706	0.00703934	0.128337	0.00711225	0.993964	-0.109478	-0.128333	0.109483	0.985669	-4.17155	3.54021	65.1677	
0.991433	0.00727215	0.130416	0.00734868	0.993762	-0.111279	-0.130412	0.111284	0.985195	-4.30818	3.65678	66.2084	
0.991156	0.00750864	0.132492	0.0075889	0.993557	-0.113079	-0.132488	0.113084	0.984713	-4.447	3.77525	67.2485	
0.990874	0.00774879	0.134566	0.00783291	0.993349	-0.114878	-0.134561	0.114883	0.984223	-4.58801	3.89563	68.2882	
0.990914	0.00771432	0.134277	0.0084887	0.992776	-0.119679	-0.134231	0.119731	0.98369	-4.72994	4.01951	69.3273	
0.990953	0.00767831	0.133987	0.00914286	0.99218	-0.124478	-0.133895	0.124576	0.983134	-4.87152	4.14851	70.3659	
0.990993	0.00764071	0.133696	0.00979532	0.991561	-0.129273	-0.133556	0.129418	0.982555	-5.01274	4.28263	71.4038	
0.993038	0.00536059	0.117672	0.0123973	0.98866	-0.14966	-0.11714	0.150077	0.98171	-5.14512	4.43022	72.4411	
0.994815	0.00274425	0.101667	0.0146577	0.985331	-0.170023	-0.100642	0.170632	0.980182	-5.26013	4.59957	73.477	
0.996322	-0.00020648	0.0856923	0.0165749	0.981577	-0.190347	-0.0840743	0.191068	0.97797	-5.35767	4.79057	74.5111	
0.997558	-0.00348956	0.0697594	0.0181476	0.9774	-0.210618	-0.0674478	0.21137	0.975076	-5.43768	5.00308	75.5424	
0.998522	-0.00710268	0.0538792	0.0193747	0.972803	-0.230822	-0.0507744	0.231525	0.971503	-5.50011	5.23696	76.5703	
0.999214	-0.0110433	0.0380629	0.0202552	0.967789	-0.250945	-0.0340656	0.251519	0.967253	-5.54491	5.49204	77.5941	
0.999634	-0.0153088	0.0223214	0.0207887	0.962363	-0.270973	-0.0173331	0.271337	0.962328	-5.57205	5.76814	78.613	
0.99978	-0.0198961	0.00666578	0.0209747	0.956526	-0.290891	-0.000588414	0.290967	0.956733	-5.58151	6.06507	79.6264	
0.999653	-0.0248019	-0.00889314	0.0208131	0.950285	-0.310686	0.0161566	0.310393	0.950471	-5.57329	6.38262	80.6335	
0.999253	-0.030023	-0.0243445	0.0203041	0.943642	-0.330344	0.0328904	0.329603	0.943546	-5.54739	6.72058	81.6337	
0.99858	-0.0355556	-0.0396775	0.0194479	0.936603	-0.349852	0.0496013	0.348584	0.935964	-5.50383	7.0787	82.6262	
0.997634	-0.041396	-0.0548815	0.0182451	0.929172	-0.369196	0.0662776	0.367321	0.92773	-5.44264	7.45674	83.6103	
0.996417	-0.0475399	-0.0699458	0.0166967	0.921356	-0.388362	0.0829077	0.385803	0.918849	-5.36386	7.85444	84.5854	
0.994929	-0.0539833	-0.08486	0.0148037	0.913158	-0.407337	0.09948	0.404015	0.909327	-5.26755	8.27151	85.5508	
0.993172	-0.0607214	-0.0996137	0.0125674	0.904585	-0.426108	0.115983	0.421946	0.899171	-5.15377	8.70767	86.5058	
0.991145	-0.0677498	-0.114197	0.00998929	0.895643	-0.444661	0.132405	0.439583	0.888389	-5.02261	9.16261	87.4498	
0.988852	-0.0750634	-0.128598	0.00707128	0.886338	-0.462984	0.148735	0.456913	0.876988	-4.87415	9.63601	88.382	
0.986293	-0.0826571	-0.142809	0.00381537	0.876677	-0.481064	0.164961	0.473925	0.864975	-4.7085	10.1276	89.3019	
0.98347	-0.0905258	-0.156819	0.000223824	0.866666	-0.498889	0.181072	0.490607	0.85236	-4.52577	10.6369	90.2087	
0.980385	-0.0986638	-0.170619	-0.00370086	0.856312	-0.516446	0.197057	0.506947	0.83915	-4.3261	11.1637	91.1019	
0.977041	-0.107066	-0.184198	-0.00795593	0.845623	-0.533722	0.212905	0.522933	0.825356	-4.10961	11.7075	91.9809	
0.973439	-0.115725	-0.197547	-0.0125384	0.834605	-0.550706	0.228604	0.538555	0.810986	-3.87647	12.268	92.845	
0.969582	-0.124637	-0.210657	-0.0174452	0.823268	-0.567385	0.244144	0.553802	0.796051	-3.62683	12.8449	93.6936	
0.965473	-0.133794	-0.223519	-0.0226728	0.811617	-0.583749	0.259514	0.568662	0.780561	-3.36087	13.4376	94.5261	
0.961115	-0.14319	-0.236124	-0.0282175	0.799663	-0.599786	0.274703	0.583126	0.764527	-3.07877	14.0458	95.342	
0.956511	-0.152819	-0.248463	-0.0340755	0.787412	-0.615485	0.2897	0.597184	0.747961	-2.78073	14.6691	96.1407	
0.951663	-0.162674	-0.260527	-0.0402428	0.774874	-0.630834	0.304496	0.610826	0.730872	-2.46696	15.307	96.9216	
0.946576	-0.172748	-0.272308	-0.046715	0.762057	-0.645823	0.319079	0.624041	0.713275	-2.13767	15.9591	97.6842	
0.941253	-0.183034	-0.283798	-0.0534876	0.74897	-0.660441	0.33344	0.636822	0.69518	-1.7931	16.6249	98.428	
0.935697	-0.193525	-0.294989	-0.0605559	0.735623	-0.674679	0.347568	0.649159	0.676601	-1.43349	17.304	99.1524	
0.929913	-0.204213	-0.305873	-0.067915	0.722024	-0.688527	0.361454	0.661043	0.65755	-1.05908	17.9958	99.8569	
