1	0	0	0	1	0	0	0	1	0	0	0	
0.999994	1.16698e-07	0.00334931	1.16698e-07	1	-6.9685e-05	-0.00334931	6.9685e-05	0.999994	-0.001585	3.29772e-05	0.946463	
0.999978	4.66668e-07	0.00670585	4.64395e-07	1	-0.000138842	-0.00670585	0.000138842	0.999978	-0.00634343	0.000131659	1.89292	
0.999949	1.04912e-06	0.0100695	1.04001e-06	1	-0.000207465	-0.0100695	0.000207465	0.999949	-0.0142821	0.000295543	2.83935	
0.99991	1.8632e-06	0.0134401	1.84037e-06	1	-0.000275549	-0.0134401	0.000275549	0.99991	-0.0254076	0.000524121	3.78574	
0.999859	2.90802e-06	0.0168175	2.86227e-06	1	-0.000343088	-0.0168175	0.000343087	0.999859	-0.0397265	0.00081688	4.7321	
0.999796	4.18263e-06	0.0202016	4.10241e-06	1	-0.000410076	-0.0202016	0.000410075	0.999796	-0.0572451	0.0011733	5.6784	
0.999722	5.68604e-06	0.0235923	5.55743e-06	1	-0.000476509	-0.0235923	0.000476507	0.999722	-0.0779699	0.00159286	6.62464	
0.999636	7.4172e-06	0.0269893	7.2239e-06	1	-0.00054238	-0.0269893	0.000542377	0.999636	-0.101907	0.00207503	7.5708	
0.999538	9.37501e-06	0.0303926	9.09833e-06	1	-0.000607684	-0.0303926	0.00060768	0.999538	-0.129062	0.00261928	8.51688	
0.999429	1.15583e-05	0.0338021	1.11772e-05	1	-0.000672417	-0.0338021	0.000672411	0.999428	-0.159441	0.00322506	9.46285	
0.999307	1.3966e-05	0.0372175	1.34568e-05	1	-0.000736573	-0.0372175	0.000736564	0.999307	-0.19305	0.00389183	10.4087	
0.999174	1.65967e-05	0.0406388	1.59335e-05	1	-0.000800147	-0.0406388	0.000800134	0.999174	-0.229894	0.00461904	11.3545	
0.999029	1.94492e-05	0.0440657	1.86035e-05	1	-0.000863135	-0.0440657	0.000863116	0.999028	-0.269979	0.00540615	12.3001	
0.998871	2.25222e-05	0.0474983	2.14631e-05	1	-0.000925531	-0.0474983	0.000925505	0.998871	-0.31331	0.00625258	13.2456	
0.998702	2.58143e-05	0.0509362	2.45084e-05	1	-0.00098733	-0.0509362	0.000987297	0.998701	-0.359892	0.00715778	14.1909	
0.99852	2.9324e-05	0.0543795	2.77355e-05	0.999999	-0.00104853	-0.0543795	0.00104848	0.99852	-0.409731	0.00812118	15.136	
0.998327	3.30499e-05	0.0578278	3.11403e-05	0.999999	-0.00110912	-0.0578278	0.00110907	0.998326	-0.462831	0.00914221	16.081	
0.998121	3.69904e-05	0.0612812	3.47189e-05	0.999999	-0.0011691	-0.0612812	0.00116903	0.99812	-0.519198	0.0102203	17.0258	
0.997902	4.11441e-05	0.0647394	3.84671e-05	0.999999	-0.00122847	-0.0647394	0.00122838	0.997901	-0.578835	0.0113548	17.9704	
0.997672	4.55093e-05	0.0682024	4.23809e-05	0.999999	-0.00128722	-0.0682024	0.00128711	0.997671	-0.641747	0.0125452	18.9147	
0.997428	5.00843e-05	0.0716699	4.64559e-05	0.999999	-0.00134534	-0.0716699	0.00134521	0.997427	-0.707939	0.0137909	19.8589	
0.997173	5.48676e-05	0.0751419	5.0688e-05	0.999999	-0.00140284	-0.0751419	0.00140269	0.997172	-0.777415	0.0150913	20.8028	
0.996905	5.98572e-05	0.0786181	5.50729e-05	0.999999	-0.00145971	-0.0786181	0.00145952	0.996904	-0.85018	0.0164458	21.7464	
0.996624	6.50515e-05	0.0820985	5.96062e-05	0.999999	-0.00151594	-0.0820985	0.00151572	0.996623	-0.926236	0.0178538	22.6898	
0.996331	7.04487e-05	0.085583	6.42835e-05	0.999999	-0.00157153	-0.085583	0.00157127	0.99633	-1.00559	0.0193147	23.633	
0.996025	7.60469e-05	0.0890713	6.91004e-05	0.999999	-0.00162648	-0.0890713	0.00162617	0.996024	-1.08824	0.0208278	24.5758	
0.995707	8.18443e-05	0.0925633	7.40523e-05	0.999999	-0.00168078	-0.0925633	0.00168042	0.995705	-1.1742	0.0223926	25.5184	
0.995376	8.78388e-05	0.0960589	7.91348e-05	0.999998	-0.00173443	-0.0960589	0.00173401	0.995374	-1.26346	0.0240084	26.4606	
0.995032	9.40285e-05	0.099558	8.43432e-05	0.999998	-0.00178743	-0.099558	0.00178694	0.99503	-1.35603	0.0256746	27.4025	
0.994675	0.000100411	0.10306	8.9673e-05	0.999998	-0.00183976	-0.10306	0.00183921	0.994673	-1.45192	0.0273906	28.3441	
0.994306	0.000106985	0.106566	9.51194e-05	0.999998	-0.00189144	-0.106566	0.00189081	0.994304	-1.55112	0.0291558	29.2854	
0.993923	0.000113749	0.110074	0.000100678	0.999998	-0.00194245	-0.110074	0.00194173	0.993921	-1.65364	0.0309695	30.2263	
0.993528	0.000120699	0.113586	0.000106343	0.999998	-0.0019928	-0.113586	0.00199198	0.993526	-1.75948	0.0328311	31.1668	
0.99312	0.000127834	0.1171	0.000112111	0.999998	-0.00204247	-0.1171	0.00204155	0.993118	-1.86865	0.0347398	32.107	
0.992699	0.000135151	0.120617	0.000117977	0.999998	-0.00209147	-0.120617	0.00209043	0.992697	-1.98115	0.0366952	33.0467	
0.992265	0.000142649	0.124136	0.000123935	0.999998	-0.00213979	-0.124136	0.00213863	0.992263	-2.09697	0.0386966	33.9861	
0.991818	0.000150325	0.127658	0.000129981	0.999998	-0.00218743	-0.127658	0.00218613	0.991816	-2.21613	0.0407432	34.925	
0.991358	0.000158177	0.131181	0.00013611	0.999997	-0.00223439	-0.131181	0.00223294	0.991356	-2.33862	0.0428344	35.8635	
0.990885	0.000166202	0.134707	0.000142317	0.999997	-0.00228067	-0.134707	0.00227905	0.990883	-2.46445	0.0449697	36.8015	
0.990399	0.000174399	0.138235	0.000148597	0.999997	-0.00232625	-0.138235	0.00232446	0.990397	-2.59361	0.0471482	37.7392	
0.9899	0.000182764	0.141764	0.000154945	0.999997	-0.00237115	-0.141764	0.00236917	0.989898	-2.72612	0.0493694	38.6763	
0.989388	0.000191296	0.145295	0.000161356	0.999997	-0.00241535	-0.145295	0.00241317	0.989385	-2.86196	0.0516325	39.613	
0.988863	0.000199992	0.148828	0.000167825	0.999997	-0.00245886	-0.148828	0.00245645	0.98886	-3.00115	0.053937	40.5491	
0.988325	0.000208849	0.152362	0.000174346	0.999997	-0.00250167	-0.152362	0.00249903	0.988322	-3.14368	0.0562821	41.4848	
0.987773	0.000217865	0.155897	0.000180915	0.999997	-0.00254378	-0.155897	0.00254088	0.98777	-3.28956	0.0586671	42.4199	
0.987209	0.000227037	0.159433	0.000187526	0.999997	-0.00258519	-0.159433	0.00258202	0.987205	-3.43879	0.0610915	43.3546	
0.986631	0.000236363	0.16297	0.000194174	0.999997	-0.00262589	-0.16297	0.00262243	0.986628	-3.59136	0.0635544	44.2887	
0.98604	0.000245841	0.166508	0.000200855	0.999996	-0.00266589	-0.166508	0.00266211	0.986037	-3.74728	0.0660552	45.2222	
0.985436	0.000255467	0.170046	0.000207562	0.999996	-0.00270517	-0.170046	0.00270107	0.985432	-3.90655	0.0685932	46.1551	
0.984819	0.000265239	0.173585	0.00021429	0.999996	-0.00274375	-0.173585	0.0027393	0.984815	-4.06916	0.0711678	47.0875	
0.984188	0.000275154	0.177124	0.000221035	0.999996	-0.00278162	-0.177125	0.00277679	0.984185	-4.23513	0.0737782	48.0193	
0.983545	0.00028521	0.180664	0.000227791	0.999996	-0.00281878	-0.180664	0.00281355	0.983541	-4.40445	0.0764237	48.9505	
0.982888	0.000295404	0.184204	0.000234553	0.999996	-0.00285522	-0.184204	0.00284956	0.982884	-4.57712	0.0791037	49.8811	
0.982218	0.000305732	0.187743	0.000241314	0.999996	-0.00289094	-0.187743	0.00288484	0.982214	-4.75313	0.0818174	50.811	
0.981535	0.000316194	0.191283	0.000248071	0.999996	-0.00292595	-0.191283	0.00291937	0.981531	-4.9325	0.0845641	51.7404	
0.980839	0.000326785	0.194822	0.000254818	0.999996	-0.00296024	-0.194822	0.00295316	0.980834	-5.11522	0.0873432	52.669	
0.980129	0.000337502	0.19836	0.000261549	0.999995	-0.00299381	-0.19836	0.0029862	0.980125	-5.30129	0.0901539	53.597	
0.979406	0.000348344	0.201898	0.000268258	0.999995	-0.00302666	-0.201898	0.00301849	0.979402	-5.4907	0.0929955	54.5243	
0.978671	0.000359306	0.205435	0.000274941	0.999995	-0.00305878	-0.205435	0.00305002	0.978666	-5.68346	0.0958673	55.4509	
0.977922	0.000370387	0.208972	0.000281593	0.999995	-0.00309019	-0.208972	0.0030808	0.977917	-5.87958	0.0987687	56.3769	
0.977159	0.000381584	0.212507	0.000288207	0.999995	-0.00312087	-0.212507	0.00311083	0.977155	-6.07903	0.101699	57.3021	
0.976384	0.000392892	0.216041	0.000294778	0.999995	-0.00315082	-0.216041	0.0031401	0.976379	-6.28184	0.104657	58.2265	
0.975434	0.000399222	0.22029	-0.000440712	1	0.000139198	-0.22029	-0.000232863	0.975434	-6.48832	0.106033	59.1502	
0.974464	0.000390854	0.224541	-0.00119044	0.999993	0.00342561	-0.224539	-0.00360544	0.974459	-6.69883	0.104216	60.0729	
0.973475	0.000367753	0.228793	-0.0019544	0.999976	0.00670832	-0.228785	-0.00697753	0.973452	-6.91336	0.0992081	60.9948	
0.972466	0.00032989	0.233045	-0.00273259	0.999946	0.00998723	-0.23303	-0.0103491	0.972415	-7.13191	0.0910085	61.9156	
0.971437	0.000277239	0.237297	-0.003525	0.999906	0.0132622	-0.237271	-0.0137199	0.971346	-7.35447	0.0796183	62.8355	
0.970389	0.000209781	0.241549	-0.00433161	0.999854	0.0165333	-0.24151	-0.01709	0.970248	-7.58104	0.065038	63.7543	
0.969321	0.000127501	0.245798	-0.00515241	0.999791	0.0198003	-0.245744	-0.0204593	0.969119	-7.81163	0.0472684	64.6721	
0.968234	3.03898e-05	0.250046	-0.0059874	0.999716	0.0230631	-0.249974	-0.0238276	0.967959	-8.04622	0.0263104	65.5888	
0.967128	-8.15565e-05	0.254291	-0.00683655	0.99963	0.0263216	-0.254199	-0.0271948	0.96677	-8.28481	0.0021649	66.5043	
0.966003	-0.000208337	0.258532	-0.00769985	0.999533	0.0295759	-0.258418	-0.030561	0.96555	-8.5274	-0.0251671	67.4188	
0.964858	-0.000349944	0.26277	-0.00857728	0.999424	0.0328257	-0.26263	-0.033926	0.9643	-8.77398	-0.0556845	68.332	
0.963695	-0.000506368	0.267003	-0.00946882	0.999304	0.036071	-0.266836	-0.0372896	0.96302	-9.02454	-0.0893861	69.2441	
0.962514	-0.000677591	0.271232	-0.0103744	0.999173	0.0393117	-0.271034	-0.0406519	0.961711	-9.27907	-0.126271	70.155	
0.961314	-0.000863591	0.275454	-0.0112941	0.999031	0.0425477	-0.275224	-0.0440127	0.960372	-9.53758	-0.166337	71.0646	
0.959873	-0.00115188	0.280433	-0.0177017	0.997749	0.0646882	-0.279876	-0.0670566	0.957691	-9.80029	-0.218901	71.9723	
0.958408	-0.0015597	0.285396	-0.0242149	0.995935	0.0867606	-0.284371	-0.0900629	0.954475	-10.0673	-0.293258	72.8772	
0.956921	-0.00208682	0.290341	-0.03083	0.993591	0.108753	-0.288707	-0.113019	0.950723	-10.3385	-0.389368	73.7789	
0.955411	-0.00273295	0.295266	-0.0375434	0.990717	0.130652	-0.292882	-0.135911	0.94644	-10.6138	-0.507175	74.6767	
0.95388	-0.00349771	0.300166	-0.0443512	0.987316	0.152446	-0.296892	-0.158728	0.941627	-10.8929	-0.646614	75.5703	
0.952329	-0.00438069	0.305041	-0.0512497	0.983389	0.174123	-0.300736	-0.181456	0.936286	-11.1757	-0.807608	76.459	
0.950759	-0.0053814	0.309886	-0.058235	0.978939	0.195671	-0.304412	-0.204082	0.930421	-11.4621	-0.990065	77.3424	
0.949169	-0.00649926	0.314699	-0.0653033	0.973968	0.217077	-0.307918	-0.226594	0.924036	-11.7519	-1.19388	78.22	
0.947562	-0.00773366	0.319478	-0.0724504	0.968478	0.23833	-0.311251	-0.248978	0.917133	-12.0449	-1.41895	79.0914	
0.945938	-0.0090839	0.32422	-0.0796725	0.962473	0.259417	-0.31441	-0.271224	0.909717	-12.341	-1.66514	79.9559	
0.944298	-0.0105492	0.328922	-0.0869654	0.955957	0.280328	-0.317392	-0.293318	0.901791	-12.64	-1.93231	80.8132	
0.942643	-0.0121288	0.333581	-0.0943252	0.948932	0.301049	-0.320197	-0.315247	0.89336	-12.9418	-2.22032	81.6628	
0.940974	-0.0138218	0.338196	-0.101748	0.941403	0.321571	-0.322823	-0.337	0.88443	-13.2461	-2.529	82.5042	
0.939292	-0.0156272	0.342763	-0.109229	0.933374	0.34188	-0.325268	-0.358565	0.875004	-13.5528	-2.85817	83.3368	
0.937598	-0.017544	0.347279	-0.116764	0.92485	0.361966	-0.327531	-0.379928	0.865088	-13.8617	-3.20767	84.1603	
0.935892	-0.0195712	0.351743	-0.12435	0.915834	0.381818	-0.329611	-0.401079	0.854688	-14.1727	-3.57729	84.9742	
0.934176	-0.0217076	0.356152	-0.131981	0.906333	0.401424	-0.331506	-0.422006	0.84381	-14.4856	-3.96681	85.778	
0.932451	-0.0239521	0.360503	-0.139654	0.896352	0.420773	-0.333216	-0.442696	0.832459	-14.8002	-4.37604	86.5713	
0.930717	-0.0263032	0.364793	-0.147364	0.885896	0.439855	-0.334739	-0.463138	0.820642	-15.1163	-4.80473	87.3537	
0.928976	-0.0287599	0.369022	-0.155107	0.874971	0.458659	-0.336074	-0.483321	0.808366	-15.4338	-5.25264	88.1246	
0.927228	-0.0313206	0.373185	-0.162879	0.863583	0.477174	-0.337222	-0.503233	0.795637	-15.7524	-5.71953	88.8837	
0.925475	-0.0339839	0.377281	-0.170676	0.851738	0.49539	-0.33818	-0.522864	0.782462	-16.072	-6.20514	89.6306	
0.923717	-0.0367484	0.381308	-0.178492	0.839444	0.513297	-0.338949	-0.542202	0.76885	-16.3925	-6.70919	90.3647	
