1	0	0	0	1	0	0	0	1	0	0	0	
0.999999	1.04256e-06	-0.00111408	1.04256e-06	0.999998	0.0018716	0.00111408	-0.0018716	0.999998	0.000466169	-0.000783144	0.836868	
0.999998	4.17579e-06	-0.00222938	4.17769e-06	0.999993	0.00374697	0.00222938	-0.00374697	0.99999	0.00186519	-0.00313415	1.67373	
0.999994	9.40831e-06	-0.00334587	9.41592e-06	0.999984	0.00562604	0.00334587	-0.00562604	0.999979	0.00419807	-0.00705615	2.51059	
0.99999	1.67485e-05	-0.00446351	1.67676e-05	0.999972	0.00750876	0.00446351	-0.00750876	0.999962	0.00746578	-0.0125522	3.34743	
0.999984	2.62045e-05	-0.00558226	2.62427e-05	0.999956	0.00939505	0.00558226	-0.00939505	0.99994	0.0116693	-0.0196253	4.18426	
0.999978	3.77842e-05	-0.00670207	3.78511e-05	0.999936	0.0112849	0.00670207	-0.0112849	0.999914	0.0168095	-0.0282785	5.02107	
0.999969	5.14952e-05	-0.00782291	5.16024e-05	0.999913	0.0131781	0.00782291	-0.0131781	0.999883	0.0228872	-0.0385147	5.85785	
0.99996	6.73448e-05	-0.00894474	6.75059e-05	0.999886	0.0150748	0.00894474	-0.0150748	0.999846	0.0299034	-0.0503367	6.69461	
0.999949	8.53404e-05	-0.0100675	8.55708e-05	0.999856	0.0169748	0.0100675	-0.0169748	0.999805	0.0378588	-0.0637474	7.53133	
0.999937	0.000105489	-0.0111912	0.000105806	0.999822	0.0188781	0.0111912	-0.0188781	0.999759	0.0467542	-0.0787495	8.36802	
0.999924	0.000127796	-0.0123158	0.00012822	0.999784	0.0207846	0.0123158	-0.0207846	0.999708	0.0565903	-0.0953458	9.20466	
0.99991	0.00015227	-0.0134412	0.000152821	0.999742	0.0226943	0.0134412	-0.0226943	0.999652	0.0673679	-0.113539	10.0413	
0.999894	0.000178915	-0.0145674	0.000179618	0.999697	0.024607	0.0145674	-0.024607	0.999591	0.0790876	-0.133331	10.8778	
0.999877	0.000207738	-0.0156943	0.000208618	0.999648	0.0265228	0.0156943	-0.0265228	0.999525	0.0917501	-0.154726	11.7143	
0.999858	0.000238744	-0.016822	0.000239829	0.999595	0.0284416	0.0168219	-0.0284416	0.999454	0.105356	-0.177725	12.5508	
0.999839	0.000271939	-0.0179503	0.000273259	0.999539	0.0303632	0.0179503	-0.0303632	0.999378	0.119906	-0.202331	13.3871	
0.999818	0.000307328	-0.0190793	0.000308914	0.999479	0.0322877	0.0190792	-0.0322877	0.999296	0.1354	-0.228546	14.2235	
0.999796	0.000344916	-0.0202088	0.000346802	0.999414	0.034215	0.0202088	-0.034215	0.99921	0.15184	-0.256373	15.0597	
0.999772	0.000384707	-0.021339	0.000386929	0.999346	0.036145	0.0213389	-0.036145	0.999119	0.169225	-0.285814	15.8959	
0.999747	0.000426705	-0.0224696	0.000429302	0.999275	0.0380776	0.0224695	-0.0380777	0.999022	0.187556	-0.316872	16.732	
0.999721	0.000470916	-0.0236007	0.000473926	0.999199	0.0400129	0.0236007	-0.0400129	0.99892	0.206833	-0.349547	17.568	
0.999694	0.000517342	-0.0247323	0.000520809	0.99912	0.0419507	0.0247322	-0.0419507	0.998814	0.227057	-0.383844	18.4039	
0.999665	0.000565988	-0.0258643	0.000569954	0.999036	0.0438909	0.0258642	-0.043891	0.998701	0.248229	-0.419763	19.2397	
0.999635	0.000616856	-0.0269966	0.000621369	0.998949	0.0458336	0.0269965	-0.0458336	0.998584	0.270347	-0.457307	20.0754	
0.999604	0.00066995	-0.0281293	0.000675058	0.998858	0.0477786	0.0281291	-0.0477786	0.998462	0.293414	-0.496477	20.9111	
0.999572	0.000725272	-0.0292622	0.000731026	0.998763	0.0497258	0.0292621	-0.0497259	0.998334	0.317428	-0.537277	21.7466	
0.999538	0.000782825	-0.0303954	0.000789278	0.998664	0.0516753	0.0303952	-0.0516754	0.998201	0.342391	-0.579706	22.582	
0.999502	0.000842612	-0.0315288	0.000849818	0.998561	0.053627	0.0315286	-0.0536271	0.998063	0.368302	-0.623769	23.4173	
0.999466	0.000904635	-0.0326624	0.00091265	0.998454	0.0555807	0.0326622	-0.0555809	0.99792	0.395162	-0.669465	24.2525	
0.999428	0.000968894	-0.0337961	0.000977779	0.998343	0.0575365	0.0337958	-0.0575367	0.997771	0.42297	-0.716797	25.0876	
0.999389	0.00103539	-0.0349299	0.00104521	0.998228	0.0594943	0.0349296	-0.0594944	0.997617	0.451727	-0.765767	25.9225	
0.999349	0.00110413	-0.0360637	0.00111494	0.998109	0.0614539	0.0360634	-0.0614541	0.997458	0.481433	-0.816376	26.7573	
0.999307	0.00117511	-0.0371976	0.00118698	0.997987	0.0634154	0.0371973	-0.0634156	0.997294	0.512088	-0.868626	27.592	
0.999264	0.00124833	-0.0383315	0.00126133	0.99786	0.0653786	0.0383311	-0.0653789	0.997124	0.543691	-0.922518	28.4265	
0.99922	0.0013238	-0.0394653	0.00133799	0.997729	0.0673436	0.0394648	-0.0673439	0.996949	0.576244	-0.978054	29.2609	
0.999175	0.0014015	-0.040599	0.00141696	0.997594	0.0693102	0.0405985	-0.0693105	0.996769	0.609745	-1.03523	30.0952	
0.999128	0.00148145	-0.0417326	0.00149825	0.997455	0.0712784	0.041732	-0.0712788	0.996583	0.644195	-1.09406	30.9293	
0.99908	0.00156365	-0.042866	0.00158186	0.997312	0.0732481	0.0428653	-0.0732485	0.996392	0.679593	-1.15454	31.7632	
0.99903	0.00164808	-0.0439992	0.0016678	0.997166	0.0752193	0.0439984	-0.0752198	0.996196	0.71594	-1.21666	32.597	
0.99898	0.00173476	-0.0451321	0.00175605	0.997015	0.0771919	0.0451313	-0.0771924	0.995994	0.753235	-1.28044	33.4306	
0.998928	0.00182367	-0.0462648	0.00184662	0.99686	0.0791658	0.0462639	-0.0791663	0.995787	0.791478	-1.34586	34.264	
0.998874	0.00191483	-0.0473971	0.00193952	0.996701	0.081141	0.0473961	-0.0811416	0.995575	0.830669	-1.41294	35.0972	
0.99882	0.00200822	-0.0485291	0.00203474	0.996538	0.0831174	0.048528	-0.083118	0.995357	0.870807	-1.48167	35.9303	
0.998764	0.00210385	-0.0496607	0.00213229	0.996371	0.0850949	0.0496595	-0.0850956	0.995135	0.911892	-1.55206	36.7632	
0.998707	0.00220171	-0.0507919	0.00223216	0.996199	0.0870735	0.0507905	-0.0870743	0.994906	0.953923	-1.6241	37.5959	
0.998648	0.00230181	-0.0519225	0.00233436	0.996024	0.0890531	0.0519211	-0.0890539	0.994673	0.996902	-1.6978	38.4284	
0.998589	0.00240413	-0.0530527	0.00243888	0.995845	0.0910336	0.0530511	-0.0910346	0.994434	1.04083	-1.77315	39.2607	
0.998528	0.00250868	-0.0541824	0.00254573	0.995661	0.0930151	0.0541806	-0.0930161	0.994189	1.0857	-1.85017	40.0928	
0.998466	0.00261546	-0.0553114	0.00265489	0.995474	0.0949973	0.0553095	-0.0949984	0.99394	1.13151	-1.92884	40.9247	
0.998402	0.00272445	-0.0564399	0.00276638	0.995282	0.0969804	0.0564378	-0.0969815	0.993685	1.17827	-2.00917	41.7564	
0.998338	0.00283566	-0.0575676	0.00288019	0.995087	0.0989641	0.0575654	-0.0989654	0.993424	1.22597	-2.09116	42.5879	
0.998272	0.00294908	-0.0586947	0.00299632	0.994887	0.100948	0.0586923	-0.10095	0.993159	1.27462	-2.17481	43.4192	
0.998204	0.00306471	-0.0598211	0.00311476	0.994683	0.102933	0.0598185	-0.102935	0.992888	1.32421	-2.26012	44.2502	
0.998136	0.00318255	-0.0609467	0.00323552	0.994476	0.104919	0.0609439	-0.10492	0.992611	1.37474	-2.3471	45.081	
0.998066	0.00330258	-0.0620715	0.00335858	0.994264	0.106905	0.0620685	-0.106906	0.99233	1.42621	-2.43573	45.9116	
0.997995	0.00342481	-0.0631955	0.00348396	0.994048	0.108891	0.0631922	-0.108893	0.992043	1.47862	-2.52603	46.7419	
0.997923	0.00354923	-0.0643185	0.00361164	0.993828	0.110877	0.0643151	-0.110879	0.991751	1.53198	-2.61799	47.572	
0.998043	0.0033374	-0.0624458	0.0037758	0.993537	0.113446	0.0624208	-0.11346	0.99158	1.58501	-2.71186	48.4019	
0.998159	0.00312073	-0.0605737	0.00393539	0.993239	0.11602	0.0605263	-0.116045	0.991398	1.63645	-2.8079	49.2316	
0.998271	0.00289923	-0.0587024	0.0040904	0.992934	0.118599	0.0586315	-0.118634	0.991205	1.68631	-2.90609	50.0612	
0.99838	0.00267288	-0.0568319	0.00424077	0.992621	0.121183	0.0567364	-0.121228	0.991002	1.73459	-3.00646	50.8906	
0.998485	0.00244166	-0.054962	0.00438649	0.992301	0.123771	0.0548411	-0.123825	0.990788	1.78127	-3.109	51.7199	
0.998587	0.00220559	-0.0530929	0.00452751	0.991974	0.126363	0.0529455	-0.126425	0.990562	1.82638	-3.21371	52.5489	
0.998685	0.00196464	-0.0512245	0.00466381	0.991639	0.12896	0.0510495	-0.129029	0.990326	1.86989	-3.3206	53.3778	
0.99878	0.0017188	-0.0493567	0.00479535	0.991297	0.131559	0.0491533	-0.131636	0.990079	1.91182	-3.42967	54.2065	
0.998871	0.00146808	-0.0474897	0.00492212	0.990947	0.134163	0.0472567	-0.134245	0.989821	1.95216	-3.54093	55.035	
0.998958	0.00121246	-0.0456234	0.00504408	0.99059	0.136769	0.0453599	-0.136857	0.989552	1.99092	-3.65437	55.8632	
0.999042	0.000951931	-0.0437577	0.0051612	0.990226	0.139379	0.0434627	-0.139471	0.989272	2.02808	-3.76999	56.6912	
0.999122	0.000686489	-0.0418927	0.00527347	0.989854	0.141991	0.0415651	-0.142087	0.988981	2.06366	-3.88781	57.519	
0.999198	0.000416127	-0.0400283	0.00538086	0.989475	0.144605	0.0396672	-0.144705	0.988679	2.09765	-4.00781	58.3465	
0.999271	0.000140837	-0.0381646	0.00548334	0.989088	0.147222	0.0377689	-0.147324	0.988367	2.13005	-4.13	59.1738	
0.999341	-0.000139388	-0.0363015	0.00558091	0.988694	0.14984	0.0358702	-0.149944	0.988044	2.16087	-4.25439	60.0008	
0.999407	-0.000424555	-0.034439	0.00567353	0.988293	0.15246	0.0339711	-0.152565	0.987709	2.19009	-4.38097	60.8275	
0.999469	-0.000714671	-0.0325771	0.00576118	0.987885	0.155082	0.0320716	-0.155187	0.987364	2.21772	-4.50975	61.6539	
0.999528	-0.00100974	-0.0307158	0.00584387	0.987469	0.157704	0.0301716	-0.157809	0.987009	2.24377	-4.64071	62.4801	
0.999583	-0.00130978	-0.0288551	0.00592155	0.987046	0.160328	0.0282713	-0.160432	0.986642	2.26822	-4.77388	63.3059	
0.999634	-0.00161478	-0.0269949	0.00599423	0.986616	0.162952	0.0263704	-0.163054	0.986265	2.29109	-4.90923	64.1314	
0.999682	-0.00192475	-0.0251353	0.00606189	0.986178	0.165577	0.0244692	-0.165677	0.985877	2.31236	-5.04679	64.9567	
0.999727	-0.00223971	-0.0232762	0.00612452	0.985734	0.168202	0.0225674	-0.168298	0.985478	2.33204	-5.18653	65.7815	
0.999767	-0.00255965	-0.0214176	0.0061821	0.985282	0.170826	0.0206651	-0.170919	0.985068	2.35013	-5.32847	66.6061	
0.999805	-0.00288459	-0.0195595	0.00623463	0.984823	0.17345	0.0187623	-0.173538	0.984648	2.36663	-5.47261	67.4303	
0.999838	-0.00321452	-0.0177019	0.0062821	0.984357	0.176074	0.016859	-0.176157	0.984218	2.38154	-5.61893	68.2541	
0.999868	-0.00354946	-0.0158448	0.0063245	0.983884	0.178697	0.0149551	-0.178773	0.983777	2.39485	-5.76745	69.0776	
0.999895	-0.0038894	-0.0139881	0.00636182	0.983404	0.181318	0.0130507	-0.181388	0.983325	2.40657	-5.91815	69.9007	
0.999917	-0.00423436	-0.0121318	0.00639407	0.982917	0.183939	0.0111457	-0.184001	0.982863	2.41669	-6.07104	70.7234	
0.999937	-0.00458434	-0.010276	0.00642123	0.982423	0.186557	0.00924015	-0.186612	0.98239	2.42522	-6.22612	71.5458	
0.999916	-0.00844254	0.00979821	0.0064168	0.981582	0.190932	-0.0112297	-0.190853	0.981554	2.42439	-6.38407	72.3676	
0.999478	-0.0123866	0.0298509	0.00632119	0.980723	0.195301	-0.0316946	-0.195011	0.980289	2.40643	-6.54553	73.1885	
0.998621	-0.0164148	0.0498734	0.00613445	0.979845	0.199665	-0.0521457	-0.199083	0.978594	2.37134	-6.71044	74.0082	
0.997346	-0.0205253	0.0698569	0.00585666	0.978949	0.204019	-0.0725739	-0.203069	0.976471	2.31915	-6.87872	74.8263	
0.995654	-0.0247164	0.0897926	0.00548794	0.978036	0.208363	-0.0929704	-0.206965	0.973921	2.24988	-7.0503	75.6424	
0.993545	-0.0289863	0.109672	0.00502845	0.977106	0.212695	-0.113326	-0.210771	0.970944	2.16356	-7.2251	76.4563	
0.991021	-0.033333	0.129486	0.00447839	0.976158	0.217013	-0.133632	-0.214484	0.967543	2.06022	-7.40305	77.2674	
0.988082	-0.0377546	0.149226	0.003838	0.975195	0.221314	-0.15388	-0.218104	0.963718	1.93991	-7.58407	78.0755	
0.98473	-0.0422493	0.168884	0.00310757	0.974216	0.225598	-0.17406	-0.221628	0.959471	1.80268	-7.76807	78.8803	
0.980966	-0.046815	0.18845	0.00228741	0.973221	0.229862	-0.194164	-0.225056	0.954804	1.6486	-7.95499	79.6813	
0.976792	-0.0514498	0.207917	0.00137788	0.972211	0.234104	-0.214184	-0.228384	0.949719	1.47773	-8.14473	80.4783	
0.97221	-0.0561516	0.227276	0.000379384	0.971186	0.238322	-0.234109	-0.231613	0.944218	1.29014	-8.33721	81.2708	
0.967222	-0.0609184	0.246518	-0.000707646	0.970147	0.242515	-0.253932	-0.23474	0.938305	1.08592	-8.53236	82.0585	
