1	0	0	0	1	0	0	0	1	0	0	0	
1	5.0212e-08	-0.000715758	5.0212e-08	1	0.000140304	0.000715758	-0.000140304	1	0.000351372	-6.88767e-05	0.981818	
0.999999	2.01836e-07	-0.00143473	2.02008e-07	1	0.000281478	0.00143473	-0.000281478	0.999999	0.00140707	-0.000275933	1.96364	
0.999998	4.5639e-07	-0.00215687	4.57079e-07	1	0.000423515	0.00215687	-0.000423515	0.999998	0.00317021	-0.000622021	2.94545	
0.999996	8.15381e-07	-0.00288216	8.17112e-07	1	0.000566413	0.00288216	-0.000566413	0.999996	0.00564392	-0.00110799	3.92727	
0.999993	1.28031e-06	-0.00361055	1.28378e-06	1	0.000710165	0.00361055	-0.000710165	0.999993	0.00883124	-0.00173467	4.90908	
0.999991	1.85265e-06	-0.00434201	1.85877e-06	1	0.000854767	0.00434201	-0.000854767	0.99999	0.0127352	-0.00250291	5.89089	
0.999987	2.5339e-06	-0.0050765	2.54372e-06	0.999999	0.00100021	0.0050765	-0.00100021	0.999987	0.0173589	-0.00341353	6.8727	
0.999983	3.3255e-06	-0.00581399	3.3403e-06	0.999999	0.0011465	0.00581399	-0.0011465	0.999982	0.0227051	-0.00446738	7.8545	
0.999979	4.22893e-06	-0.00655445	4.25015e-06	0.999999	0.00129362	0.00655445	-0.00129362	0.999978	0.0287769	-0.00566525	8.8363	
0.999973	5.2456e-06	-0.00729784	5.27492e-06	0.999999	0.00144157	0.00729784	-0.00144157	0.999972	0.0355771	-0.00700799	9.81809	
0.999968	6.37696e-06	-0.00804411	6.41621e-06	0.999999	0.00159035	0.00804411	-0.00159035	0.999966	0.0431086	-0.00849639	10.7999	
0.999961	7.62443e-06	-0.00879324	7.67565e-06	0.999998	0.00173995	0.00879324	-0.00173995	0.99996	0.0513742	-0.0101313	11.7817	
0.999954	8.98939e-06	-0.0095452	9.05486e-06	0.999998	0.00189036	0.0095452	-0.00189036	0.999953	0.0603767	-0.0119134	12.7634	
0.999947	1.04732e-05	-0.0102999	1.05554e-05	0.999998	0.00204157	0.0102999	-0.00204158	0.999945	0.0701189	-0.0138436	13.7452	
0.999939	1.20774e-05	-0.0110574	1.21789e-05	0.999998	0.0021936	0.0110574	-0.0021936	0.999936	0.0806034	-0.0159227	14.727	
0.99993	1.38031e-05	-0.0118176	1.39269e-05	0.999997	0.00234642	0.0118176	-0.00234642	0.999927	0.0918329	-0.0181514	15.7087	
0.999921	1.56519e-05	-0.0125805	1.5801e-05	0.999997	0.00250003	0.0125805	-0.00250003	0.999918	0.10381	-0.0205306	16.6905	
0.999911	1.76249e-05	-0.013346	1.78026e-05	0.999996	0.00265443	0.013346	-0.00265443	0.999907	0.116538	-0.023061	17.6722	
0.9999	1.97236e-05	-0.0141141	1.99335e-05	0.999996	0.00280961	0.0141141	-0.00280961	0.999896	0.130018	-0.0257433	18.6539	
0.999889	2.19492e-05	-0.0148847	2.2195e-05	0.999996	0.00296556	0.0148847	-0.00296556	0.999885	0.144254	-0.0285784	19.6356	
0.999877	2.4303e-05	-0.0156579	2.45886e-05	0.999995	0.00312229	0.0156579	-0.00312229	0.999873	0.159247	-0.031567	20.6173	
0.999865	2.67863e-05	-0.0164336	2.7116e-05	0.999995	0.00327977	0.0164336	-0.00327978	0.99986	0.175002	-0.0347098	21.599	
0.999852	2.94003e-05	-0.0172117	2.97785e-05	0.999994	0.00343802	0.0172117	-0.00343802	0.999846	0.191518	-0.0380077	22.5807	
0.999838	3.21463e-05	-0.0179923	3.25776e-05	0.999994	0.00359702	0.0179923	-0.00359702	0.999832	0.2088	-0.0414612	23.5623	
0.999824	3.50255e-05	-0.0187752	3.55148e-05	0.999993	0.00375676	0.0187752	-0.00375677	0.999817	0.22685	-0.0450713	24.544	
0.999809	3.80391e-05	-0.0195604	3.85915e-05	0.999992	0.00391724	0.0195604	-0.00391725	0.999801	0.245669	-0.0488385	25.5256	
0.999793	4.11883e-05	-0.020348	4.18091e-05	0.999992	0.00407846	0.020348	-0.00407847	0.999785	0.26526	-0.0527637	26.5072	
0.999777	4.44742e-05	-0.0211378	4.51691e-05	0.999991	0.0042404	0.0211378	-0.00424041	0.999768	0.285626	-0.0568475	27.4888	
0.99976	4.78981e-05	-0.0219298	4.86727e-05	0.99999	0.00440307	0.0219298	-0.00440308	0.99975	0.306768	-0.0610907	28.4704	
0.999742	5.14609e-05	-0.0227241	5.23214e-05	0.99999	0.00456645	0.0227241	-0.00456646	0.999731	0.328689	-0.0654939	29.452	
0.999723	5.51639e-05	-0.0235204	5.61166e-05	0.999989	0.00473054	0.0235204	-0.00473055	0.999712	0.351391	-0.0700579	30.4335	
0.999704	5.90081e-05	-0.0243189	6.00595e-05	0.999988	0.00489533	0.0243189	-0.00489534	0.999692	0.374876	-0.0747833	31.415	
0.999684	6.29946e-05	-0.0251195	6.41514e-05	0.999987	0.00506081	0.0251195	-0.00506083	0.999672	0.399146	-0.0796709	32.3966	
0.999664	6.71244e-05	-0.0259221	6.83938e-05	0.999986	0.00522699	0.0259221	-0.005227	0.99965	0.424203	-0.0847213	33.378	
0.999643	7.13986e-05	-0.0267266	7.27877e-05	0.999985	0.00539384	0.0267266	-0.00539386	0.999628	0.450048	-0.0899352	34.3595	
0.999621	7.58182e-05	-0.0275332	7.73346e-05	0.999985	0.00556138	0.0275332	-0.0055614	0.999605	0.476685	-0.0953132	35.3409	
0.999598	8.03842e-05	-0.0283416	8.20356e-05	0.999984	0.00572958	0.0283416	-0.0057296	0.999582	0.504114	-0.100856	36.3224	
0.999575	8.50975e-05	-0.029152	8.6892e-05	0.999983	0.00589844	0.029152	-0.00589847	0.999558	0.532339	-0.106564	37.3038	
0.999551	8.99591e-05	-0.0299641	9.19049e-05	0.999982	0.00606796	0.0299641	-0.00606799	0.999533	0.561359	-0.112439	38.2851	
0.999526	9.497e-05	-0.0307781	9.70756e-05	0.999981	0.00623813	0.0307781	-0.00623816	0.999507	0.591178	-0.11848	39.2665	
0.999501	0.000100131	-0.0315938	0.000102405	0.999979	0.00640894	0.0315938	-0.00640897	0.99948	0.621797	-0.124689	40.2478	
0.999475	0.000105443	-0.0324113	0.000107895	0.999978	0.00658038	0.0324113	-0.00658042	0.999453	0.653218	-0.131065	41.2291	
0.999448	0.000110907	-0.0332304	0.000113545	0.999977	0.00675245	0.0332304	-0.0067525	0.999425	0.685442	-0.13761	42.2104	
0.99942	0.000116523	-0.0340512	0.000119358	0.999976	0.00692514	0.0340512	-0.00692519	0.999396	0.718471	-0.144325	43.1916	
0.999392	0.000122293	-0.0348736	0.000125335	0.999975	0.00709845	0.0348736	-0.0070985	0.999367	0.752307	-0.151209	44.1728	
0.999363	0.000128218	-0.0356975	0.000131475	0.999974	0.00727236	0.0356975	-0.00727242	0.999336	0.786951	-0.158264	45.154	
0.999333	0.000134297	-0.036523	0.000137781	0.999972	0.00744687	0.036523	-0.00744693	0.999305	0.822405	-0.16549	46.1351	
0.999302	0.000140532	-0.03735	0.000144253	0.999971	0.00762197	0.03735	-0.00762204	0.999273	0.858669	-0.172887	47.1163	
0.999271	0.000146924	-0.0381784	0.000150893	0.99997	0.00779766	0.0381784	-0.00779773	0.999241	0.895747	-0.180457	48.0974	
0.999239	0.000153473	-0.0390082	0.000157701	0.999968	0.00797392	0.0390082	-0.007974	0.999207	0.933639	-0.1882	49.0784	
0.999206	0.000160179	-0.0398394	0.000164678	0.999967	0.00815075	0.0398394	-0.00815084	0.999173	0.972346	-0.196116	50.0594	
0.999173	0.000167045	-0.0406719	0.000171825	0.999965	0.00832815	0.0406719	-0.00832824	0.999138	1.01187	-0.204205	51.0404	
0.999138	0.000174069	-0.0415057	0.000179143	0.999964	0.00850609	0.0415057	-0.0085062	0.999102	1.05221	-0.212469	52.0214	
0.999103	0.000181253	-0.0423407	0.000186633	0.999962	0.00868459	0.0423407	-0.0086847	0.999065	1.09337	-0.220909	53.0023	
0.999067	0.000188598	-0.043177	0.000194295	0.999961	0.00886362	0.043177	-0.00886375	0.999028	1.13535	-0.229523	53.9832	
0.999031	0.000196103	-0.0440144	0.000202132	0.999959	0.00904319	0.0440144	-0.00904332	0.99899	1.17816	-0.238314	54.964	
0.998994	0.00020377	-0.044853	0.000210142	0.999957	0.00922328	0.0448529	-0.00922342	0.998951	1.22178	-0.247281	55.9448	
0.998956	0.000211598	-0.0456926	0.000218327	0.999956	0.00940388	0.0456926	-0.00940404	0.998911	1.26623	-0.256426	56.9256	
0.998917	0.000219589	-0.0465333	0.000226688	0.999954	0.009585	0.0465333	-0.00958516	0.998871	1.31151	-0.265748	57.9063	
0.998877	0.000227743	-0.047375	0.000235225	0.999952	0.00976661	0.047375	-0.00976679	0.998829	1.35761	-0.275248	58.887	
0.998837	0.00023606	-0.0482177	0.00024394	0.99995	0.00994871	0.0482176	-0.0099489	0.998787	1.40453	-0.284926	59.8677	
0.998796	0.00024454	-0.0490613	0.000252832	0.999949	0.0101313	0.0490612	-0.0101315	0.998744	1.45229	-0.294784	60.8483	
0.998754	0.000253184	-0.0499057	0.000261902	0.999947	0.0103144	0.0499057	-0.0103146	0.998701	1.50087	-0.304821	61.8288	
0.998695	0.000267375	-0.051067	0.000452712	0.999901	0.0140888	0.0510656	-0.0140935	0.998596	1.55044	-0.316803	62.8093	
0.998635	0.000285984	-0.0522296	0.000647927	0.99984	0.0178631	0.0522263	-0.0178726	0.998475	1.60115	-0.332496	63.7897	
0.998574	0.000309019	-0.0533933	0.00084755	0.999766	0.0216373	0.0533875	-0.0216517	0.998339	1.65299	-0.351899	64.77	
0.998511	0.000336487	-0.0545581	0.00105158	0.999677	0.0254113	0.054549	-0.0254308	0.998187	1.70598	-0.375012	65.7501	
0.998446	0.00036839	-0.0557236	0.00126002	0.999573	0.029185	0.0557106	-0.0292099	0.99802	1.76011	-0.401836	66.73	
0.99838	0.000404731	-0.0568897	0.00147287	0.999456	0.0329584	0.0568721	-0.0329888	0.997836	1.81538	-0.43237	67.7098	
0.998313	0.000445508	-0.0580562	0.00169013	0.999324	0.0367314	0.0580333	-0.0367676	0.997637	1.87179	-0.466614	68.6894	
0.998245	0.000490718	-0.0592229	0.00191179	0.999178	0.0405039	0.059194	-0.040546	0.997423	1.92933	-0.504568	69.6688	
0.998175	0.000540358	-0.0603895	0.00213786	0.999017	0.0442757	0.060354	-0.044324	0.997192	1.98802	-0.546231	70.648	
0.998103	0.000594419	-0.0615559	0.00236834	0.998842	0.048047	0.0615132	-0.0481017	0.996947	2.04785	-0.591604	71.6269	
0.997967	0.000725571	-0.0637224	0.00389794	0.997368	0.0724028	0.0636072	-0.072504	0.995338	2.10927	-0.650813	72.605	
0.997827	0.000909747	-0.0658847	0.00547828	0.995297	0.096712	0.0656629	-0.0968627	0.993129	2.17274	-0.733961	73.5812	
0.997682	0.00114684	-0.0680416	0.00710839	0.992632	0.12096	0.067679	-0.121163	0.990323	2.2382	-0.840997	74.555	
0.997532	0.0014367	-0.0701917	0.0087873	0.989373	0.145132	0.0696544	-0.14539	0.986919	2.30562	-0.971857	75.5257	
0.997379	0.00177916	-0.0723338	0.010514	0.985523	0.169213	0.0715877	-0.16953	0.982922	2.37496	-1.12646	76.4927	
0.997221	0.00217401	-0.0744666	0.0122874	0.981084	0.19319	0.073478	-0.193568	0.978331	2.44618	-1.30472	77.4556	
0.997059	0.00262101	-0.0765887	0.0141066	0.976059	0.217047	0.075324	-0.217489	0.973152	2.51923	-1.50652	78.4136	
0.996894	0.00311989	-0.0786989	0.0159702	0.970451	0.24077	0.0771246	-0.241279	0.967386	2.59407	-1.73175	79.3663	
0.996724	0.00367036	-0.080796	0.0178774	0.964262	0.264345	0.0788788	-0.264923	0.961038	2.67066	-1.98026	80.313	
0.99655	0.00427207	-0.0828786	0.0198269	0.957498	0.287758	0.0805854	-0.288408	0.95411	2.74894	-2.25191	81.2532	
0.996373	0.00492468	-0.0849455	0.0218175	0.950161	0.310994	0.0822435	-0.31172	0.946608	2.82888	-2.54653	82.1864	
0.996193	0.00562778	-0.0869955	0.023848	0.942257	0.33404	0.083852	-0.334843	0.938535	2.91042	-2.86395	83.1118	
0.996009	0.00638095	-0.0890273	0.0259172	0.93379	0.356882	0.0854101	-0.357765	0.929897	2.99352	-3.20397	84.0291	
0.995821	0.00718374	-0.0910397	0.0280239	0.924765	0.379506	0.0869166	-0.380471	0.920699	3.07812	-3.5664	84.9376	
0.995631	0.00803566	-0.0930316	0.0301668	0.915188	0.401898	0.0883708	-0.402948	0.910946	3.16418	-3.95101	85.8368	
0.995437	0.00893621	-0.0950016	0.0323446	0.905064	0.424045	0.0897718	-0.425182	0.900645	3.25163	-4.35756	86.7262	
0.99524	0.00988483	-0.0969486	0.034556	0.894399	0.445933	0.0911187	-0.447161	0.8898	3.34044	-4.78583	87.6052	
0.995041	0.010881	-0.0988714	0.0367997	0.883201	0.46755	0.0924107	-0.468869	0.87842	3.43054	-5.23554	88.4733	
0.994838	0.011924	-0.100769	0.0390743	0.871475	0.488881	0.093647	-0.490295	0.866511	3.52188	-5.70642	89.3299	
0.994633	0.0130133	-0.10264	0.0413784	0.859229	0.509916	0.0948269	-0.511426	0.854079	3.61441	-6.1982	90.1746	
0.994426	0.0141483	-0.104483	0.0437106	0.84647	0.53064	0.0959496	-0.532249	0.841133	3.70807	-6.71058	91.0069	
0.994216	0.0153281	-0.106298	0.0460696	0.833205	0.551041	0.0970146	-0.552751	0.82768	3.8028	-7.24324	91.8261	
0.994004	0.0165522	-0.108083	0.048454	0.819444	0.571108	0.0980211	-0.57292	0.813729	3.89855	-7.79587	92.632	
0.99379	0.0178198	-0.109837	0.0508622	0.805194	0.590827	0.0989686	-0.592744	0.799287	3.99526	-8.36813	93.4238	
0.993574	0.0191301	-0.111559	0.0532928	0.790463	0.610187	0.0998564	-0.612211	0.784364	4.09287	-8.95969	94.2013	
0.993356	0.0204824	-0.113248	0.0557445	0.775261	0.629177	0.100684	-0.631309	0.768968	4.19132	-9.57017	94.9639	
