1	0	0	0	1	0	0	0	1	0	0	0	
0.999999	-2.77135e-06	0.00165315	-2.77135e-06	0.999994	0.0033528	-0.00165315	-0.0033528	0.999993	-0.000650824	-0.00131996	0.787372	
0.999995	-1.10883e-05	0.00330619	-1.10953e-05	0.999977	0.00670962	-0.00330619	-0.00670962	0.999972	-0.00260325	-0.00528141	1.57473	
0.999988	-2.49565e-05	0.00495906	-2.49846e-05	0.999949	0.0100704	-0.00495906	-0.0100704	0.999937	-0.00585717	-0.0118875	2.36207	
0.999978	-4.43816e-05	0.00661174	-4.44518e-05	0.99991	0.013435	-0.00661174	-0.013435	0.999888	-0.0104125	-0.0211412	3.14938	
0.999966	-6.93684e-05	0.00826417	-6.9509e-05	0.999859	0.0168033	-0.00826417	-0.0168033	0.999825	-0.0162689	-0.0330456	3.93664	
0.999951	-9.99218e-05	0.0099163	-0.000100168	0.999796	0.0201753	-0.0099163	-0.0201753	0.999747	-0.0234263	-0.0476037	4.72384	
0.999933	-0.000136046	0.0115681	-0.00013644	0.999723	0.0235509	-0.0115681	-0.0235509	0.999656	-0.0318845	-0.0648181	5.51098	
0.999913	-0.000177745	0.0132195	-0.000178337	0.999637	0.02693	-0.0132195	-0.0269301	0.99955	-0.041643	-0.0846919	6.29805	
0.999889	-0.000225022	0.0148705	-0.000225869	0.99954	0.0303126	-0.0148705	-0.0303126	0.99943	-0.0527017	-0.107228	7.08502	
0.999863	-0.000277882	0.016521	-0.000279046	0.999432	0.0336984	-0.016521	-0.0336985	0.999295	-0.0650601	-0.132428	7.87189	
0.999835	-0.000336325	0.018171	-0.00033788	0.999312	0.0370876	-0.018171	-0.0370876	0.999147	-0.0787179	-0.160295	8.65865	
0.999803	-0.000400356	0.0198204	-0.000402379	0.99918	0.0404798	-0.0198204	-0.0404799	0.998984	-0.0936746	-0.190833	9.44529	
0.999769	-0.000469977	0.0214693	-0.000472553	0.999037	0.0438752	-0.0214692	-0.0438752	0.998806	-0.10993	-0.224042	10.2318	
0.999733	-0.000545188	0.0231174	-0.000548411	0.998882	0.0472736	-0.0231174	-0.0472736	0.998614	-0.127483	-0.259926	11.0182	
0.999693	-0.000625993	0.0247649	-0.000629962	0.998715	0.0506748	-0.0247648	-0.0506749	0.998408	-0.146334	-0.298488	11.8044	
0.999651	-0.000712391	0.0264116	-0.000717215	0.998536	0.0540789	-0.0264115	-0.054079	0.998187	-0.166481	-0.339728	12.5904	
0.999606	-0.000804384	0.0280576	-0.000810177	0.998346	0.0574857	-0.0280574	-0.0574858	0.997952	-0.187925	-0.383649	13.3762	
0.999558	-0.000901972	0.0297027	-0.000908857	0.998144	0.0608952	-0.0297025	-0.0608953	0.997702	-0.210664	-0.430255	14.1619	
0.999508	-0.00100516	0.031347	-0.00101326	0.99793	0.0643072	-0.0313467	-0.0643074	0.997438	-0.234698	-0.479545	14.9474	
0.999455	-0.00111394	0.0329904	-0.0011234	0.997704	0.0677217	-0.03299	-0.0677219	0.997159	-0.260027	-0.531523	15.7326	
0.999399	-0.00122831	0.0346328	-0.00123928	0.997466	0.0711387	-0.0346324	-0.0711388	0.996865	-0.286649	-0.586191	16.5176	
0.999341	-0.00134828	0.0362741	-0.0013609	0.997216	0.0745579	-0.0362737	-0.0745581	0.996557	-0.314564	-0.64355	17.3024	
0.99928	-0.00147384	0.0379145	-0.00148827	0.996954	0.0779793	-0.0379139	-0.0779796	0.996234	-0.343771	-0.703602	18.087	
0.999216	-0.00160499	0.0395538	-0.0016214	0.99668	0.0814029	-0.0395531	-0.0814032	0.995896	-0.374268	-0.766349	18.8712	
0.99915	-0.00174173	0.0411919	-0.0017603	0.996394	0.0848285	-0.0411911	-0.0848289	0.995544	-0.406056	-0.831793	19.6552	
0.999081	-0.00188406	0.0428289	-0.00190496	0.996096	0.0882561	-0.042828	-0.0882566	0.995177	-0.439134	-0.899934	20.439	
0.999009	-0.00203197	0.0444646	-0.0020554	0.995786	0.0916856	-0.0444636	-0.0916861	0.994795	-0.473499	-0.970776	21.2224	
0.998934	-0.00218547	0.0460992	-0.00221161	0.995464	0.0951169	-0.0460979	-0.0951175	0.994398	-0.509152	-1.04432	22.0055	
0.998857	-0.00234454	0.0477324	-0.00237361	0.995129	0.0985499	-0.0477309	-0.0985505	0.993987	-0.546091	-1.12056	22.7883	
0.998778	-0.00250919	0.0493642	-0.00254139	0.994783	0.101984	-0.0493626	-0.101985	0.99356	-0.584316	-1.19951	23.5708	
0.998695	-0.00267941	0.0509947	-0.00271496	0.994424	0.105421	-0.0509928	-0.105422	0.993119	-0.623825	-1.28116	24.3529	
0.99861	-0.0028552	0.0526238	-0.00289433	0.994053	0.108858	-0.0526217	-0.108859	0.992663	-0.664616	-1.36552	25.1347	
0.998523	-0.00303655	0.0542514	-0.0030795	0.99367	0.112297	-0.054249	-0.112298	0.992193	-0.70669	-1.45259	25.9161	
0.998432	-0.00322346	0.0558775	-0.00327046	0.993274	0.115737	-0.0558748	-0.115739	0.991707	-0.750044	-1.54237	26.6971	
0.99834	-0.00341593	0.0575021	-0.00346722	0.992867	0.119179	-0.057499	-0.11918	0.991206	-0.794678	-1.63485	27.4778	
0.998244	-0.00361394	0.059125	-0.00366979	0.992447	0.122621	-0.0591216	-0.122623	0.990691	-0.84059	-1.73005	28.258	
0.998146	-0.00381749	0.0607464	-0.00387817	0.992014	0.126065	-0.0607425	-0.126067	0.99016	-0.887779	-1.82795	29.0379	
0.998045	-0.00402659	0.062366	-0.00409235	0.99157	0.129509	-0.0623618	-0.129511	0.989615	-0.936244	-1.92857	29.8173	
0.997942	-0.00424121	0.063984	-0.00431234	0.991113	0.132955	-0.0639793	-0.132957	0.989055	-0.985983	-2.0319	30.5963	
0.997836	-0.00446135	0.0656002	-0.00453814	0.990643	0.136401	-0.065595	-0.136403	0.988479	-1.03699	-2.13794	31.3748	
0.997728	-0.00468702	0.0672147	-0.00476975	0.990162	0.139848	-0.0672088	-0.13985	0.987889	-1.08928	-2.2467	32.1529	
0.997616	-0.00491819	0.0688273	-0.00500717	0.989667	0.143295	-0.0688209	-0.143298	0.987284	-1.14283	-2.35817	32.9305	
0.997503	-0.00515486	0.070438	-0.0052504	0.989161	0.146743	-0.0704309	-0.146746	0.986664	-1.19765	-2.47236	33.7076	
0.997387	-0.00539703	0.0720468	-0.00549944	0.988642	0.150191	-0.0720391	-0.150195	0.986028	-1.25374	-2.58926	34.4842	
0.997268	-0.00564469	0.0736537	-0.00575429	0.98811	0.15364	-0.0736452	-0.153644	0.985378	-1.31109	-2.70888	35.2603	
0.997147	-0.00589783	0.0752586	-0.00601495	0.987566	0.157089	-0.0752493	-0.157093	0.984713	-1.36971	-2.83121	36.0359	
0.997023	-0.00615643	0.0768615	-0.00628141	0.98701	0.160538	-0.0768514	-0.160543	0.984032	-1.42959	-2.95626	36.811	
0.996896	-0.0064205	0.0784623	-0.00655368	0.986441	0.163987	-0.0784513	-0.163992	0.983337	-1.49073	-3.08403	37.5855	
0.996768	-0.00669001	0.080061	-0.00683176	0.985859	0.167436	-0.080049	-0.167442	0.982627	-1.55313	-3.21451	38.3595	
0.996636	-0.00696498	0.0816575	-0.00711564	0.985265	0.170885	-0.0816445	-0.170891	0.981901	-1.61679	-3.34771	39.1329	
0.996502	-0.00724537	0.0832519	-0.00740532	0.984659	0.174334	-0.0832378	-0.174341	0.981161	-1.6817	-3.48362	39.9057	
0.996366	-0.00753119	0.0848441	-0.00770079	0.98404	0.177782	-0.0848288	-0.17779	0.980405	-1.74787	-3.62225	40.678	
0.996227	-0.00782241	0.086434	-0.00800206	0.983408	0.181231	-0.0864175	-0.181239	0.979635	-1.81529	-3.76359	41.4496	
0.996085	-0.00811904	0.0880216	-0.00830912	0.982764	0.184679	-0.0880038	-0.184687	0.978849	-1.88395	-3.90765	42.2207	
0.996083	-0.00812347	0.0880446	-0.00883159	0.98165	0.190487	-0.0879764	-0.190519	0.977733	-1.95323	-4.05537	42.9909	
0.996081	-0.00812918	0.0880735	-0.0093545	0.9805	0.196296	-0.0879518	-0.196351	0.976581	-2.02249	-4.20767	43.7603	
0.996078	-0.00813623	0.088108	-0.00987786	0.979314	0.202105	-0.0879298	-0.202182	0.975393	-2.09174	-4.36457	44.5288	
0.996074	-0.00814465	0.088148	-0.0104017	0.978092	0.207912	-0.0879103	-0.208013	0.974168	-2.16096	-4.52606	45.2963	
0.99607	-0.00815447	0.0881934	-0.0109259	0.976834	0.213718	-0.0878931	-0.213842	0.972906	-2.23018	-4.69214	46.0629	
0.996065	-0.00816572	0.0882438	-0.0114505	0.97554	0.219522	-0.087878	-0.219669	0.971608	-2.29937	-4.86281	46.8284	
0.99606	-0.00817842	0.0882992	-0.0119756	0.97421	0.225324	-0.0878648	-0.225494	0.970274	-2.36856	-5.03806	47.5929	
0.996055	-0.0081926	0.0883594	-0.0125011	0.972844	0.231123	-0.0878535	-0.231316	0.968904	-2.43774	-5.2179	48.3563	
0.996049	-0.00820828	0.0884243	-0.013027	0.971442	0.236919	-0.0878437	-0.237135	0.967497	-2.50691	-5.40233	49.1187	
0.996043	-0.00822548	0.0884935	-0.0135533	0.970004	0.242712	-0.0878355	-0.242951	0.966054	-2.57607	-5.59133	49.8799	
0.996036	-0.00824421	0.088567	-0.01408	0.968529	0.2485	-0.0878285	-0.248762	0.964574	-2.64523	-5.78491	50.6399	
0.996029	-0.00826448	0.0886447	-0.0146071	0.967019	0.254285	-0.0878226	-0.25457	0.963058	-2.71438	-5.98307	51.3988	
0.996022	-0.00828629	0.0887262	-0.0151345	0.965473	0.260064	-0.0878177	-0.260372	0.961506	-2.78353	-6.18579	52.1565	
0.996014	-0.00830966	0.0888115	-0.0156623	0.96389	0.265838	-0.0878136	-0.266169	0.959918	-2.85267	-6.39309	52.9129	
0.996006	-0.00833459	0.0889003	-0.0161904	0.962272	0.271606	-0.0878101	-0.271961	0.958294	-2.92181	-6.60494	53.6681	
0.995997	-0.00836107	0.0889926	-0.0167189	0.960618	0.277369	-0.087807	-0.277746	0.956633	-2.99095	-6.82136	54.422	
0.995988	-0.0083891	0.0890881	-0.0172477	0.958928	0.283125	-0.0878042	-0.283525	0.954937	-3.06009	-7.04232	55.1746	
0.995979	-0.00841867	0.0891866	-0.0177768	0.957202	0.288874	-0.0878015	-0.289298	0.953204	-3.12922	-7.26784	55.9258	
0.99597	-0.00844977	0.0892879	-0.0183061	0.955441	0.294615	-0.0877987	-0.295063	0.951435	-3.19835	-7.49789	56.6756	
0.99596	-0.00848239	0.089392	-0.0188357	0.953643	0.300349	-0.0877958	-0.30082	0.949631	-3.26748	-7.73248	57.424	
0.995951	-0.00851651	0.0894986	-0.0193656	0.95181	0.306075	-0.0877924	-0.306569	0.947791	-3.33661	-7.97161	58.171	
0.99594	-0.00855211	0.0896075	-0.0198957	0.949942	0.311792	-0.0877884	-0.312309	0.945915	-3.40573	-8.21525	58.9166	
0.99593	-0.00858917	0.0897186	-0.020426	0.948038	0.317501	-0.0877837	-0.318041	0.944004	-3.47485	-8.46341	59.6606	
0.99592	-0.00862765	0.0898317	-0.0209565	0.946099	0.3232	-0.0877781	-0.323763	0.942058	-3.54397	-8.71608	60.4031	
0.995909	-0.00866754	0.0899466	-0.0214871	0.944124	0.328889	-0.0877715	-0.329476	0.940075	-3.61308	-8.97325	61.1441	
0.995898	-0.0087088	0.0900632	-0.0220179	0.942114	0.334568	-0.0877635	-0.335178	0.938058	-3.68219	-9.23492	61.8835	
0.995887	-0.00875139	0.0901813	-0.0225488	0.94007	0.340236	-0.0877542	-0.340871	0.936006	-3.75129	-9.50107	62.6213	
0.995876	-0.00879528	0.0903007	-0.0230798	0.93799	0.345894	-0.0877433	-0.346552	0.933918	-3.82038	-9.7717	63.3575	
0.995864	-0.00884042	0.0904212	-0.0236108	0.935875	0.351541	-0.0877307	-0.352222	0.931796	-3.88946	-10.0468	64.092	
0.995853	-0.00888677	0.0905427	-0.0241419	0.933725	0.357175	-0.0877161	-0.35788	0.929639	-3.95853	-10.3264	64.8248	
0.995841	-0.00893428	0.090665	-0.024673	0.931541	0.362798	-0.0876995	-0.363526	0.927447	-4.02759	-10.6104	65.5559	
0.99583	-0.00898291	0.090788	-0.0252041	0.929322	0.368408	-0.0876807	-0.36916	0.925221	-4.09664	-10.8988	66.2853	
0.995818	-0.00903259	0.0909114	-0.0257351	0.927069	0.374005	-0.0876594	-0.374781	0.92296	-4.16567	-11.1917	67.0129	
0.995806	-0.00908327	0.0910351	-0.0262661	0.924782	0.37959	-0.0876356	-0.380389	0.920665	-4.23468	-11.489	67.7387	
0.995794	-0.00913489	0.091159	-0.0267969	0.922461	0.38516	-0.087609	-0.385983	0.918336	-4.30367	-11.7907	68.4627	
0.995783	-0.00918739	0.0912828	-0.0273276	0.920105	0.390717	-0.0875795	-0.391563	0.915974	-4.37264	-12.0968	69.1848	
0.995771	-0.00924071	0.0914065	-0.0278581	0.917716	0.396259	-0.0875469	-0.39713	0.913577	-4.44158	-12.4073	69.9051	
0.996594	-0.00519372	0.0823056	-0.0292543	0.910849	0.411702	-0.0771062	-0.412707	0.907594	-4.50641	-12.7262	70.6221	
0.997312	-0.000991841	0.0732662	-0.0304732	0.903719	0.42704	-0.0666357	-0.428125	0.90126	-4.563	-13.0572	71.3342	
0.997925	0.0033633	0.0642919	-0.0315142	0.896329	0.442268	-0.0561393	-0.443376	0.894576	-4.61134	-13.4003	72.0413	
0.998434	0.00787002	0.0553861	-0.0323771	0.888682	0.457379	-0.0456211	-0.458456	0.887545	-4.6514	-13.7554	72.7429	
0.998837	0.0125266	0.0465523	-0.0330615	0.880781	0.472368	-0.0350853	-0.473358	0.880171	-4.68317	-14.1222	73.4388	
0.999135	0.0173311	0.037794	-0.033567	0.872628	0.48723	-0.0245358	-0.488077	0.872456	-4.70665	-14.5007	74.1288	
0.999328	0.0222819	0.0291144	-0.0338936	0.864228	0.501957	-0.0139769	-0.502607	0.864402	-4.72181	-14.8908	74.8126	
0.999415	0.0273769	0.020517	-0.034041	0.855583	0.516546	-0.00341257	-0.516942	0.856014	-4.72865	-15.2921	75.49	
