1	0	0	0	1	0	0	0	1	0	0	0	
0.999988	-5.72666e-08	-0.00480424	-5.72666e-08	1	-2.38399e-05	0.00480424	2.38399e-05	0.999988	0.00230749	1.14504e-05	0.960602	
0.999954	-2.24662e-07	-0.00961197	-2.1552e-07	1	-4.57942e-05	0.00961197	4.57942e-05	0.999954	0.00923165	4.48959e-05	1.92118	
0.999896	-4.93268e-07	-0.014423	-4.56672e-07	1	-6.58594e-05	0.014423	6.58591e-05	0.999896	0.0207758	9.85234e-05	2.88172	
0.999815	-8.54123e-07	-0.0192373	-7.62568e-07	1	-8.40323e-05	0.0192373	8.40314e-05	0.999815	0.0369429	0.000170516	3.84219	
0.999711	-1.29823e-06	-0.0240545	-1.11499e-06	1	-0.00010031	0.0240545	0.000100307	0.999711	0.0577361	0.000259055	4.80257	
0.999583	-1.81654e-06	-0.0288745	-1.49566e-06	1	-0.000114689	0.0288745	0.000114684	0.999583	0.0831581	0.000362316	5.76284	
0.999432	-2.39999e-06	-0.0336972	-1.88624e-06	1	-0.000127167	0.0336972	0.000127158	0.999432	0.113212	0.000478474	6.72297	
0.999258	-3.03947e-06	-0.0385223	-2.26834e-06	1	-0.000137742	0.0385223	0.000137727	0.999258	0.147899	0.0006057	7.68295	
0.99906	-3.72582e-06	-0.0433497	-2.62352e-06	1	-0.000146411	0.0433497	0.000146387	0.99906	0.187222	0.000742161	8.64275	
0.998839	-4.44986e-06	-0.0481793	-2.93327e-06	1	-0.000153172	0.0481793	0.000153136	0.998839	0.231184	0.000886023	9.60235	
0.998594	-5.20239e-06	-0.0530109	-3.17906e-06	1	-0.000158024	0.0530109	0.00015797	0.998594	0.279786	0.00103545	10.5617	
0.998326	-5.97415e-06	-0.0578442	-3.3423e-06	1	-0.000160964	0.0578442	0.000160888	0.998326	0.33303	0.0011886	11.5209	
0.998034	-6.75588e-06	-0.0626792	-3.40434e-06	1	-0.000161992	0.0626792	0.000161887	0.998034	0.390918	0.00134363	12.4797	
0.997718	-7.53826e-06	-0.0675156	-3.34653e-06	1	-0.000161106	0.0675156	0.000160964	0.997718	0.453451	0.00149869	13.4383	
0.997379	-8.31197e-06	-0.0723533	-3.15014e-06	1	-0.000158305	0.0723533	0.000158118	0.997379	0.520631	0.00165195	14.3965	
0.997016	-9.06764e-06	-0.0771921	-2.79644e-06	1	-0.000153587	0.0771921	0.000153345	0.997016	0.592458	0.00180155	15.3544	
0.99663	-9.79589e-06	-0.0820319	-2.26663e-06	1	-0.000146954	0.0820319	0.000146644	0.99663	0.668934	0.00194563	16.312	
0.996219	-1.04873e-05	-0.0868724	-1.54192e-06	1	-0.000138403	0.0868724	0.000138014	0.996219	0.750059	0.00208235	17.2692	
0.995785	-1.11325e-05	-0.0917135	-6.03469e-07	1	-0.000127935	0.0917135	0.000127451	0.995785	0.835835	0.00220986	18.2259	
0.995328	-1.17219e-05	-0.0965551	5.67598e-07	1	-0.00011555	0.0965551	0.000114955	0.995328	0.926261	0.00232629	19.1823	
0.994846	-1.22461e-05	-0.101397	1.99016e-06	1	-0.000101248	0.101397	0.000100524	0.994846	1.02134	0.00242978	20.1382	
0.994341	-1.26957e-05	-0.106239	3.68313e-06	1	-8.5029e-05	0.106239	8.41565e-05	0.994341	1.12107	0.00251849	21.0936	
0.993811	-1.3061e-05	-0.111081	5.66544e-06	1	-6.68938e-05	0.111081	6.58505e-05	0.993811	1.22545	0.00259054	22.0485	
0.993258	-1.33326e-05	-0.115922	7.95602e-06	1	-4.68432e-05	0.115922	4.56051e-05	0.993258	1.33448	0.00264407	23.0029	
0.992681	-1.35008e-05	-0.120763	1.05738e-05	1	-2.48781e-05	0.120763	2.34191e-05	0.992681	1.44816	0.00267722	23.9568	
0.99208	-1.35562e-05	-0.125604	1.35379e-05	1	-9.99703e-07	0.125604	-7.08623e-07	0.99208	1.56649	0.00268813	24.91	
0.991456	-1.34891e-05	-0.130444	1.6867e-05	1	2.47907e-05	0.130444	-2.67791e-05	0.991456	1.68947	0.00267493	25.8627	
0.990807	-1.329e-05	-0.135283	2.05804e-05	1	5.24915e-05	0.135283	-5.47931e-05	0.990807	1.8171	0.00263575	26.8148	
0.990134	-1.29492e-05	-0.140121	2.46969e-05	1	8.2101e-05	0.140121	-8.47516e-05	0.990134	1.94938	0.00256872	27.7663	
0.989438	-1.24571e-05	-0.144957	2.92356e-05	1	0.000113617	0.144957	-0.000116655	0.989438	2.0863	0.00247199	28.7171	
0.988717	-1.18041e-05	-0.149792	3.42153e-05	1	0.000147038	0.149792	-0.000150504	0.988717	2.22787	0.00234367	29.6672	
0.987973	-1.09805e-05	-0.154626	3.96552e-05	1	0.000182361	0.154626	-0.0001863	0.987973	2.37408	0.0021819	30.6166	
0.987205	-9.97674e-06	-0.159458	4.55742e-05	1	0.000219584	0.159458	-0.000224041	0.987205	2.52494	0.00198481	31.5653	
0.986412	-8.78305e-06	-0.164288	5.19913e-05	1	0.000258703	0.164288	-0.00026373	0.986412	2.68043	0.00175053	32.5132	
0.985596	-7.38982e-06	-0.169115	5.89254e-05	1	0.000299717	0.169115	-0.000305365	0.985596	2.84057	0.0014772	33.4604	
0.984756	-5.78737e-06	-0.173941	6.63954e-05	1	0.000342622	0.173941	-0.000348948	0.984756	3.00534	0.00116293	34.4068	
0.983892	-3.96602e-06	-0.178764	7.44204e-05	1	0.000387414	0.178764	-0.000394477	0.983892	3.17475	0.000805856	35.3523	
0.983004	-1.91608e-06	-0.183584	8.30193e-05	1	0.00043409	0.183584	-0.000441953	0.983004	3.34878	0.000404115	36.297	
0.982092	3.72112e-07	-0.188402	9.22109e-05	1	0.000482647	0.188402	-0.000491376	0.982092	3.52745	-4.41667e-05	37.2409	
0.981156	2.90826e-06	-0.193217	0.000102014	1	0.00053308	0.193217	-0.000542745	0.981156	3.71074	-0.000540859	38.1838	
0.980196	5.70204e-06	-0.198029	0.000112448	1	0.000585385	0.198029	-0.00059606	0.980196	3.89866	-0.00108783	39.1259	
0.979212	8.76315e-06	-0.202837	0.000123531	1	0.000639558	0.202837	-0.00065132	0.979212	4.0912	-0.00168695	40.067	
0.978205	1.21013e-05	-0.207642	0.000135282	1	0.000695595	0.207642	-0.000708525	0.978205	4.28835	-0.00234009	41.0071	
0.977173	1.57261e-05	-0.212444	0.00014772	1	0.00075349	0.212444	-0.000767673	0.977173	4.49012	-0.00304912	41.9463	
0.976118	1.96473e-05	-0.217241	0.000160864	1	0.00081324	0.217241	-0.000828765	0.976118	4.6965	-0.00381589	42.8845	
0.975039	2.38745e-05	-0.222035	0.000174732	1	0.000874839	0.222035	-0.000891798	0.975038	4.90749	-0.00464228	43.8216	
0.973936	2.84174e-05	-0.226825	0.000189343	1	0.000938281	0.226825	-0.000956773	0.973935	5.12308	-0.00553016	44.7577	
0.972809	3.32857e-05	-0.23161	0.000204716	0.999999	0.00100356	0.23161	-0.00102369	0.972808	5.34326	-0.00648138	45.6928	
0.971658	3.84891e-05	-0.236391	0.000220869	0.999999	0.00107067	0.236391	-0.00109254	0.971657	5.56805	-0.00749782	46.6267	
0.970483	4.40371e-05	-0.241168	0.000237821	0.999999	0.00113961	0.241168	-0.00116333	0.970483	5.79742	-0.00858132	47.5595	
0.969285	4.99395e-05	-0.245939	0.00025559	0.999999	0.00121037	0.245939	-0.00123606	0.969284	6.03138	-0.00973376	48.4912	
0.968063	5.62058e-05	-0.250706	0.000274195	0.999999	0.00128295	0.250706	-0.00131072	0.968062	6.26992	-0.010957	49.4217	
0.966818	6.28457e-05	-0.255468	0.000293654	0.999999	0.00135733	0.255468	-0.00138731	0.966817	6.51304	-0.0122529	50.351	
0.965548	6.98688e-05	-0.260225	0.000313985	0.999999	0.00143352	0.260224	-0.00146584	0.965547	6.76073	-0.0136232	51.2792	
0.964255	7.72846e-05	-0.264976	0.000335207	0.999999	0.0015115	0.264975	-0.00154629	0.964254	7.01298	-0.01507	52.206	
0.962938	8.51028e-05	-0.269721	0.000357339	0.999999	0.00159126	0.269721	-0.00162867	0.962937	7.2698	-0.0165949	53.1317	
0.961598	9.3333e-05	-0.274461	0.000380397	0.999999	0.00167281	0.274461	-0.00171298	0.961597	7.53117	-0.0181999	54.056	
0.960234	0.000101985	-0.279195	0.000404401	0.999998	0.00175613	0.279195	-0.00179921	0.960233	7.7971	-0.0198868	54.9791	
0.958847	0.000111067	-0.283923	0.000429369	0.999998	0.00184122	0.283923	-0.00188736	0.958845	8.06756	-0.0216575	55.9009	
0.957436	0.00012059	-0.288645	0.000455318	0.999998	0.00192807	0.288645	-0.00197743	0.957434	8.34257	-0.0235138	56.8212	
0.956002	0.000130563	-0.293361	0.000482266	0.999998	0.00201667	0.29336	-0.00206941	0.956	8.62211	-0.0254575	57.7403	
0.954544	0.000140996	-0.29807	0.000510231	0.999998	0.002107	0.298069	-0.00216331	0.954542	8.90618	-0.0274905	58.6579	
0.95321	0.000158603	-0.30231	0.00158931	0.999983	0.00553585	0.302306	-0.00575729	0.953193	9.19454	-0.0312948	59.5742	
0.951854	0.000192237	-0.306551	0.00268436	0.999956	0.00896212	0.306539	-0.00935353	0.951812	9.48697	-0.0385526	60.4892	
0.950479	0.000241946	-0.31079	0.00379531	0.999916	0.0123855	0.310767	-0.0129517	0.950398	9.78346	-0.0492659	61.4028	
0.949083	0.000307766	-0.315027	0.0049221	0.999863	0.0158056	0.314989	-0.0165514	0.948951	10.084	-0.0634364	62.3151	
0.947666	0.000389728	-0.319262	0.00606466	0.999797	0.0192222	0.319205	-0.0201525	0.947472	10.3886	-0.0810654	63.226	
0.94623	0.000487855	-0.323494	0.00722291	0.999718	0.0226349	0.323413	-0.0237544	0.94596	10.6973	-0.102154	64.1354	
0.944774	0.000602162	-0.327721	0.00839678	0.999626	0.0260435	0.327614	-0.027357	0.944415	11.01	-0.126703	65.0433	
0.943299	0.000732658	-0.331944	0.00958618	0.99952	0.0294475	0.331807	-0.0309599	0.942839	11.3267	-0.154713	65.9498	
0.941804	0.000879341	-0.336162	0.010791	0.999402	0.0328467	0.33599	-0.0345627	0.941231	11.6474	-0.186184	66.8547	
0.94029	0.0010422	-0.340374	0.0120112	0.999271	0.0362409	0.340164	-0.0381652	0.939591	11.9722	-0.221115	67.7581	
0.938756	0.00122123	-0.344579	0.0132466	0.999127	0.0396296	0.344327	-0.041767	0.93792	12.301	-0.259507	68.6599	
0.937205	0.0014164	-0.348777	0.0144972	0.998969	0.0430126	0.348479	-0.0453679	0.936218	12.6337	-0.301358	69.56	
0.938277	0.00123929	-0.345881	0.0227569	0.997606	0.0653072	0.345134	-0.0691475	0.936003	12.9669	-0.356363	70.4593	
0.939339	0.000988686	-0.342987	0.0309345	0.995676	0.0875903	0.341591	-0.0928872	0.935247	13.2967	-0.434193	71.3581	
0.94039	0.000664731	-0.340096	0.0390254	0.993182	0.109849	0.337851	-0.116573	0.933953	13.6231	-0.534802	72.2559	
0.941429	0.000267613	-0.33721	0.0470248	0.990124	0.13207	0.333915	-0.140192	0.932119	13.9457	-0.658133	73.1523	
0.942456	-0.000202439	-0.334331	0.0549283	0.986505	0.154242	0.329788	-0.16373	0.929749	14.2645	-0.804115	74.0466	
0.943469	-0.000745154	-0.331459	0.0627312	0.982326	0.17635	0.32547	-0.187174	0.926842	14.5793	-0.972664	74.9383	
0.944469	-0.00136022	-0.328598	0.070429	0.977591	0.198383	0.320964	-0.21051	0.9234	14.8898	-1.16368	75.8271	
0.945455	-0.00204728	-0.325748	0.0780173	0.972301	0.220328	0.316274	-0.233724	0.919426	15.1959	-1.37706	76.7122	
0.946425	-0.00280594	-0.32291	0.0854918	0.96646	0.242172	0.3114	-0.256804	0.914922	15.4973	-1.61267	77.5933	
0.947381	-0.00363576	-0.320088	0.092848	0.96007	0.263902	0.306348	-0.279735	0.90989	15.7941	-1.87039	78.4698	
0.94832	-0.00453626	-0.317282	0.100082	0.953137	0.285506	0.301118	-0.302505	0.904333	16.0859	-2.15005	79.3412	
0.949243	-0.00550692	-0.314494	0.107189	0.945663	0.306971	0.295715	-0.325101	0.898255	16.3725	-2.45151	80.207	
0.950149	-0.00654719	-0.311726	0.114165	0.937654	0.328286	0.290142	-0.347509	0.891659	16.6539	-2.77458	81.0668	
0.951038	-0.00765647	-0.308979	0.121007	0.929113	0.349437	0.284401	-0.369717	0.884548	16.9299	-3.11908	81.9199	
0.951909	-0.0088341	-0.306255	0.12771	0.920046	0.370413	0.278496	-0.391711	0.876928	17.2003	-3.48481	82.766	
0.952761	-0.0100794	-0.303555	0.134271	0.910458	0.391201	0.272431	-0.41348	0.868802	17.4649	-3.87157	83.6046	
0.953594	-0.0113917	-0.300881	0.140685	0.900354	0.41179	0.266208	-0.43501	0.860174	17.7236	-4.27912	84.435	
0.954407	-0.0127702	-0.298234	0.146949	0.88974	0.432168	0.259832	-0.456289	0.851051	17.9763	-4.70723	85.257	
0.955201	-0.0142141	-0.295616	0.15306	0.878623	0.452322	0.253306	-0.477305	0.841437	18.2228	-5.15566	86.0699	
0.955974	-0.0157226	-0.293029	0.159013	0.867008	0.472242	0.246634	-0.498046	0.831337	18.4629	-5.62415	86.8734	
0.956727	-0.0172948	-0.290474	0.164806	0.854903	0.491915	0.239819	-0.5185	0.820758	18.6966	-6.11242	87.6669	
0.957458	-0.0189298	-0.287952	0.170434	0.842314	0.511331	0.232867	-0.538655	0.809706	18.9236	-6.6202	88.4501	
0.958167	-0.0206267	-0.285466	0.175896	0.829249	0.530478	0.22578	-0.558499	0.798187	19.1439	-7.14719	89.2224	
0.958854	-0.0223845	-0.283015	0.181187	0.815715	0.549345	0.218563	-0.578021	0.786208	19.3573	-7.69309	89.9834	
0.959519	-0.0242021	-0.280602	0.186305	0.80172	0.567922	0.21122	-0.597209	0.773775	19.5638	-8.25759	90.7327	
