1	0	0	0	1	0	0	0	1	0	0	0	
0.999999	-1.89342e-07	-0.00138988	-1.89342e-07	1	-0.000272458	0.00138988	0.000272458	0.999999	0.000679848	0.00013327	0.978283	
0.999996	-7.60225e-07	-0.00278504	-7.60175e-07	1	-0.000545915	0.00278504	0.000545915	0.999996	0.00272197	0.000533571	1.95656	
0.999991	-1.71688e-06	-0.00418542	-1.71668e-06	1	-0.00082036	0.00418542	0.00082036	0.999991	0.00613152	0.00120187	2.93484	
0.999984	-3.06349e-06	-0.00559094	-3.06299e-06	0.999999	-0.00109578	0.00559094	0.00109578	0.999984	0.0109135	0.00213913	3.91311	
0.999975	-4.80417e-06	-0.00700155	-4.80317e-06	0.999999	-0.00137216	0.00700155	0.00137216	0.999975	0.0170731	0.0033463	4.89137	
0.999965	-6.94299e-06	-0.00841718	-6.94124e-06	0.999999	-0.00164948	0.00841718	0.00164948	0.999963	0.024615	0.00482431	5.86963	
0.999952	-9.48395e-06	-0.00983776	-9.48114e-06	0.999998	-0.00192774	0.00983776	0.00192774	0.99995	0.0335442	0.00657408	6.84787	
0.999937	-1.2431e-05	-0.0112632	-1.24268e-05	0.999998	-0.00220692	0.0112632	0.00220692	0.999934	0.0438656	0.00859651	7.82609	
0.999919	-1.57881e-05	-0.0126935	-1.5782e-05	0.999997	-0.002487	0.0126935	0.002487	0.999916	0.0555838	0.0108925	8.8043	
0.9999	-1.95589e-05	-0.0141285	-1.95505e-05	0.999996	-0.00276798	0.0141285	0.00276798	0.999896	0.0687036	0.0134629	9.78249	
0.999879	-2.37474e-05	-0.0155682	-2.37362e-05	0.999995	-0.00304984	0.0155682	0.00304984	0.999874	0.0832295	0.0163087	10.7607	
0.999855	-2.83571e-05	-0.0170125	-2.83425e-05	0.999994	-0.00333256	0.0170125	0.00333256	0.99985	0.0991661	0.0194306	11.7388	
0.99983	-3.33918e-05	-0.0184614	-3.33731e-05	0.999993	-0.00361614	0.0184614	0.00361614	0.999823	0.116518	0.0228295	12.7169	
0.999802	-3.8855e-05	-0.0199147	-3.88315e-05	0.999992	-0.00390056	0.0199147	0.00390056	0.999794	0.135289	0.0265062	13.695	
0.999772	-4.47502e-05	-0.0213725	-4.47212e-05	0.999991	-0.0041858	0.0213725	0.0041858	0.999763	0.155484	0.0304616	14.6731	
0.999739	-5.10809e-05	-0.0228345	-5.10456e-05	0.99999	-0.00447185	0.0228345	0.00447185	0.999729	0.177108	0.0346964	15.6511	
0.999705	-5.78505e-05	-0.0243009	-5.7808e-05	0.999989	-0.0047587	0.0243009	0.0047587	0.999693	0.200164	0.0392114	16.6291	
0.999668	-6.50622e-05	-0.0257715	-6.50117e-05	0.999987	-0.00504634	0.0257715	0.00504634	0.999655	0.224656	0.0440075	17.6071	
0.999629	-7.27194e-05	-0.0272461	-7.26598e-05	0.999986	-0.00533474	0.0272461	0.00533474	0.999615	0.250589	0.0490853	18.585	
0.999587	-8.08253e-05	-0.0287249	-8.07555e-05	0.999984	-0.00562391	0.0287249	0.00562391	0.999572	0.277967	0.0544456	19.5629	
0.999544	-8.93829e-05	-0.0302076	-8.93018e-05	0.999983	-0.00591382	0.0302076	0.00591381	0.999526	0.306794	0.0600892	20.5407	
0.999498	-9.83953e-05	-0.0316943	-9.83018e-05	0.999981	-0.00620445	0.0316943	0.00620445	0.999478	0.337072	0.0660167	21.5185	
0.999449	-0.000107865	-0.0331848	-0.000107758	0.999979	-0.0064958	0.0331848	0.0064958	0.999428	0.368807	0.072229	22.4963	
0.999398	-0.000117796	-0.0346791	-0.000117674	0.999977	-0.00678786	0.0346791	0.00678785	0.999375	0.402002	0.0787265	23.474	
0.999345	-0.000128191	-0.0361771	-0.000128052	0.999975	-0.0070806	0.0361771	0.00708059	0.99932	0.436661	0.0855102	24.4516	
0.99929	-0.000139051	-0.0376788	-0.000138895	0.999973	-0.00737401	0.0376788	0.00737401	0.999263	0.472787	0.0925805	25.4292	
0.999232	-0.000150381	-0.039184	-0.000150205	0.999971	-0.00766809	0.039184	0.00766808	0.999203	0.510384	0.0999382	26.4068	
0.999172	-0.000162182	-0.0406928	-0.000161986	0.999968	-0.00796281	0.0406928	0.0079628	0.99914	0.549455	0.107584	27.3842	
0.999109	-0.000174457	-0.0422049	-0.000174239	0.999966	-0.00825816	0.0422049	0.00825815	0.999075	0.590004	0.115518	28.3616	
0.999044	-0.000187209	-0.0437204	-0.000186967	0.999963	-0.00855413	0.0437205	0.00855412	0.999007	0.632033	0.123742	29.339	
0.998976	-0.00020044	-0.0452393	-0.000200172	0.999961	-0.0088507	0.0452393	0.00885069	0.998937	0.675547	0.132255	30.3163	
0.998906	-0.000214153	-0.0467613	-0.000213856	0.999958	-0.00914786	0.0467613	0.00914786	0.998864	0.720549	0.141059	31.2935	
0.998834	-0.000228348	-0.0482865	-0.000228023	0.999955	-0.0094456	0.0482865	0.00944559	0.998789	0.76704	0.150154	32.2706	
0.998758	-0.00024303	-0.0498147	-0.000242673	0.999952	-0.0097439	0.0498147	0.00974389	0.998711	0.815026	0.15954	33.2477	
0.998681	-0.000258199	-0.051346	-0.000257809	0.99995	-0.0100427	0.051346	0.0100427	0.99863	0.864508	0.169219	34.2246	
0.998601	-0.000273859	-0.0528802	-0.000273432	0.999946	-0.0103421	0.0528802	0.0103421	0.998547	0.915489	0.17919	35.2016	
0.998518	-0.00029001	-0.0544172	-0.000289546	0.999943	-0.010642	0.0544172	0.010642	0.998462	0.967973	0.189454	36.1784	
0.998433	-0.000306654	-0.0559571	-0.00030615	0.99994	-0.0109424	0.0559571	0.0109424	0.998373	1.02196	0.200012	37.1551	
0.998345	-0.000323794	-0.0574996	-0.000323248	0.999937	-0.0112433	0.0574996	0.0112433	0.998282	1.07746	0.210864	38.1318	
0.998255	-0.000341431	-0.0590448	-0.000340841	0.999933	-0.0115447	0.0590448	0.0115447	0.998189	1.13446	0.22201	39.1083	
0.998163	-0.000359567	-0.0605926	-0.00035893	0.99993	-0.0118465	0.0605926	0.0118465	0.998092	1.19298	0.233452	40.0848	
0.998067	-0.000378203	-0.0621429	-0.000377517	0.999926	-0.0121488	0.0621429	0.0121488	0.997993	1.25302	0.245189	41.0611	
0.997969	-0.000397341	-0.0636956	-0.000396603	0.999922	-0.0124515	0.0636956	0.0124515	0.997892	1.31457	0.257222	42.0374	
0.997869	-0.000416982	-0.0652506	-0.000416189	0.999919	-0.0127547	0.0652507	0.0127546	0.997787	1.37764	0.269552	43.0136	
0.997766	-0.000437128	-0.066808	-0.000436277	0.999915	-0.0130582	0.066808	0.0130582	0.99768	1.44224	0.282178	43.9896	
0.99766	-0.000457779	-0.0683675	-0.000456868	0.999911	-0.0133621	0.0683676	0.0133621	0.997571	1.50836	0.295101	44.9656	
0.997552	-0.000478936	-0.0699292	-0.000477963	0.999906	-0.0136665	0.0699292	0.0136664	0.997458	1.57601	0.308322	45.9415	
0.997441	-0.000500602	-0.071493	-0.000499563	0.999902	-0.0139711	0.071493	0.0139711	0.997343	1.64518	0.32184	46.9172	
0.997328	-0.000522776	-0.0730587	-0.000521669	0.999898	-0.0142761	0.0730587	0.0142761	0.997225	1.71589	0.335657	47.8928	
0.997211	-0.00054546	-0.0746264	-0.000544281	0.999894	-0.0145815	0.0746264	0.0145815	0.997105	1.78813	0.349773	48.8683	
0.997093	-0.000568654	-0.0761959	-0.000567401	0.999889	-0.0148872	0.0761959	0.0148871	0.996982	1.8619	0.364187	49.8437	
0.996971	-0.00059236	-0.0777672	-0.000591028	0.999884	-0.0151932	0.0777672	0.0151931	0.996856	1.93721	0.378901	50.819	
0.996847	-0.000616577	-0.0793402	-0.000615165	0.99988	-0.0154994	0.0793402	0.0154994	0.996727	2.01406	0.393913	51.7941	
0.996721	-0.000641306	-0.0809148	-0.00063981	0.999875	-0.015806	0.0809148	0.0158059	0.996596	2.09245	0.409226	52.7692	
0.996592	-0.000666549	-0.082491	-0.000664965	0.99987	-0.0161128	0.082491	0.0161127	0.996462	2.17237	0.424839	53.744	
0.99646	-0.000692304	-0.0840686	-0.000690629	0.999865	-0.0164198	0.0840687	0.0164198	0.996325	2.25385	0.440752	54.7188	
0.996325	-0.000718573	-0.0856477	-0.000716803	0.99986	-0.0167271	0.0856477	0.0167271	0.996185	2.33686	0.456965	55.6934	
0.996188	-0.000745355	-0.0872281	-0.000743488	0.999855	-0.0170347	0.0872281	0.0170346	0.996043	2.42142	0.47348	56.6679	
0.996048	-0.000772651	-0.0888098	-0.000770682	0.999849	-0.0173424	0.0888098	0.0173423	0.995898	2.50753	0.490295	57.6422	
0.995906	-0.000800462	-0.0903926	-0.000798387	0.999844	-0.0176503	0.0903926	0.0176502	0.99575	2.59518	0.507411	58.6164	
0.995761	-0.000828785	-0.0919766	-0.000826602	0.999838	-0.0179584	0.0919766	0.0179583	0.995599	2.68439	0.524829	59.5905	
0.995613	-0.000857623	-0.0935616	-0.000855326	0.999833	-0.0182666	0.0935616	0.0182665	0.995446	2.77514	0.542548	60.5644	
0.995463	-0.000886973	-0.0951476	-0.00088456	0.999827	-0.018575	0.0951476	0.0185749	0.99529	2.86745	0.560568	61.5381	
0.995017	-0.000968061	-0.0997006	-0.000718733	0.999857	-0.0168813	0.0997027	0.0168688	0.994874	2.96276	0.577905	62.5116	
0.99455	-0.00104137	-0.104253	-0.000545258	0.999884	-0.0151893	0.104257	0.0151634	0.994435	3.06252	0.593574	63.4847	
0.994063	-0.00110688	-0.108805	-0.000364131	0.999909	-0.013499	0.10881	0.0134584	0.993971	3.16674	0.607574	64.4573	
0.993554	-0.00116461	-0.113355	-0.000175348	0.99993	-0.0118102	0.113361	0.0117539	0.993484	3.27542	0.619906	65.4294	
0.993024	-0.00121454	-0.117904	2.10958e-05	0.999949	-0.0101229	0.11791	0.0100498	0.992973	3.38854	0.630571	66.4011	
0.992474	-0.00125667	-0.122451	0.000225207	0.999964	-0.00843693	0.122457	0.00834586	0.992439	3.50612	0.639569	67.3722	
0.991902	-0.00129099	-0.126995	0.000436995	0.999977	-0.00675227	0.127001	0.0066421	0.99188	3.62814	0.646901	68.3429	
0.99131	-0.00131752	-0.131537	0.000656467	0.999987	-0.00506879	0.131542	0.0049384	0.991298	3.7546	0.652565	69.3129	
0.990697	-0.00133623	-0.136076	0.000883633	0.999994	-0.00338641	0.13608	0.00323467	0.990693	3.88551	0.656563	70.2824	
0.990064	-0.00134714	-0.140612	0.00111851	0.999998	-0.00170503	0.140614	0.00153082	0.990063	4.02085	0.658894	71.2513	
0.987008	-0.0012394	-0.160669	0.00317553	0.999925	0.0117942	0.160643	-0.0121512	0.986938	4.16821	0.653699	72.2183	
0.983546	-0.000854105	-0.180657	0.00550541	0.999666	0.0252467	0.180575	-0.0258259	0.983222	4.33513	0.635122	73.1821	
0.979681	-0.0001915	-0.200564	0.00810676	0.99922	0.0386445	0.2004	-0.0394852	0.978918	4.52149	0.603174	74.1419	
0.975414	0.000748022	-0.220377	0.010978	0.998588	0.0519795	0.220105	-0.0531208	0.974029	4.72718	0.557874	75.0972	
0.97075	0.0019639	-0.240085	0.0141175	0.997769	0.0652437	0.239678	-0.0667247	0.968557	4.95209	0.49925	76.0475	
0.965689	0.0034554	-0.259677	0.0175233	0.996766	0.0784292	0.259108	-0.0802887	0.962506	5.19608	0.427336	76.9921	
0.960236	0.00522165	-0.279139	0.0211933	0.995577	0.0915282	0.278383	-0.0938046	0.955879	5.459	0.342175	77.9305	
0.954394	0.00726157	-0.298462	0.0251255	0.994204	0.104533	0.297491	-0.107264	0.94868	5.7407	0.243819	78.8621	
0.948166	0.00957395	-0.317633	0.0293173	0.992648	0.117435	0.316422	-0.12066	0.940914	6.04101	0.132326	79.7864	
0.941555	0.0121574	-0.33664	0.0337664	0.990909	0.130228	0.335163	-0.133984	0.932585	6.35974	0.00776329	80.7029	
0.934566	0.0150104	-0.355473	0.0384701	0.988989	0.142903	0.353703	-0.147227	0.923698	6.69671	-0.129795	81.6109	
0.927203	0.0181312	-0.374119	0.0434255	0.986888	0.155452	0.372033	-0.160382	0.914259	7.05171	-0.280267	82.51	
0.919471	0.021518	-0.392569	0.0486297	0.984609	0.16787	0.390139	-0.173442	0.904273	7.42454	-0.443563	83.3995	
0.911373	0.0251687	-0.410811	0.0540796	0.982152	0.180147	0.408012	-0.186397	0.893746	7.81497	-0.619584	84.2791	
0.902916	0.0290811	-0.428833	0.0597719	0.979519	0.192276	0.425642	-0.199242	0.882684	8.22277	-0.808225	85.148	
0.894103	0.033253	-0.446626	0.0657033	0.976711	0.204252	0.443016	-0.211967	0.871095	8.64768	-1.00937	86.0059	
0.88494	0.0376818	-0.464178	0.07187	0.97373	0.216065	0.460126	-0.224565	0.858985	9.08947	-1.22291	86.8522	
0.875433	0.0423648	-0.48148	0.0782686	0.970578	0.227709	0.476961	-0.237029	0.84636	9.54786	-1.44871	87.6864	
0.865587	0.0472993	-0.49852	0.0848951	0.967257	0.239178	0.49351	-0.249351	0.83323	10.0226	-1.68663	88.508	
0.855408	0.0524823	-0.515288	0.0917456	0.963769	0.250463	0.509764	-0.261524	0.819601	10.5133	-1.93653	89.3165	
0.844903	0.0579107	-0.531775	0.0988159	0.960116	0.26156	0.525713	-0.27354	0.805482	11.0199	-2.19826	90.1115	
0.834077	0.0635813	-0.547971	0.106102	0.956299	0.27246	0.541348	-0.285393	0.790881	11.5418	-2.47168	90.8924	
0.822938	0.0694907	-0.563866	0.113599	0.952322	0.283157	0.556658	-0.297076	0.775808	12.0789	-2.7566	91.6587	
0.811491	0.0756353	-0.57945	0.121303	0.948186	0.293646	0.571636	-0.30858	0.76027	12.6309	-3.05287	92.4101	
0.799743	0.0820115	-0.594714	0.12921	0.943895	0.303919	0.586272	-0.3199	0.744277	13.1973	-3.3603	93.1461	
0.787703	0.0886154	-0.609649	0.137314	0.93945	0.313971	0.600558	-0.331029	0.727839	13.7778	-3.67871	93.8662	
