1	0	0	0	1	0	0	0	1	0	0	0	
0.999997	-3.54811e-06	-0.00224996	-3.54811e-06	0.999995	-0.00315392	0.00224996	0.00315392	0.999992	0.000869873	0.00121936	0.77323	
0.99999	-1.42038e-05	-0.00450178	-1.42028e-05	0.99998	-0.00630999	0.00450178	0.00630999	0.99997	0.00348021	0.00487826	1.54645	
0.999977	-3.19836e-05	-0.00675539	-3.19796e-05	0.999955	-0.00946815	0.00675539	0.00946815	0.999932	0.00783242	0.0109784	2.31964	
0.999959	-5.69036e-05	-0.00901075	-5.68937e-05	0.99992	-0.0126283	0.00901075	0.0126283	0.99988	0.0139279	0.0195212	3.09281	
0.999937	-8.89798e-05	-0.0112678	-8.896e-05	0.999875	-0.0157904	0.0112678	0.0157904	0.999812	0.0217679	0.0305084	3.86592	
0.999909	-0.000128228	-0.0135265	-0.000128193	0.99982	-0.0189544	0.0135265	0.0189544	0.999729	0.0313538	0.0439413	4.63898	
0.999875	-0.000174662	-0.0157868	-0.000174607	0.999755	-0.0221201	0.0157868	0.0221201	0.999631	0.0426868	0.0598213	5.41196	
0.999837	-0.000228299	-0.0180486	-0.000228216	0.99968	-0.0252875	0.0180486	0.0252875	0.999517	0.0557681	0.0781499	6.18486	
0.999794	-0.000289152	-0.0203119	-0.000289033	0.999595	-0.0284566	0.0203119	0.0284566	0.999389	0.0705989	0.0989283	6.95767	
0.999745	-0.000357235	-0.0225766	-0.000357071	0.9995	-0.0316273	0.0225766	0.0316273	0.999245	0.0871803	0.122158	7.73038	
0.999691	-0.000432563	-0.0248427	-0.000432344	0.999394	-0.0347994	0.0248427	0.0347994	0.999086	0.105513	0.147839	8.50297	
0.999632	-0.000515148	-0.0271101	-0.000514864	0.999279	-0.0379729	0.0271101	0.0379729	0.998911	0.125599	0.175974	9.27543	
0.999568	-0.000605005	-0.0293788	-0.000604643	0.999153	-0.0411478	0.0293788	0.0411478	0.998721	0.147439	0.206564	10.0477	
0.999499	-0.000702146	-0.0316488	-0.000701693	0.999017	-0.0443239	0.0316488	0.0443239	0.998516	0.171033	0.239609	10.8199	
0.999424	-0.000806584	-0.0339198	-0.000806026	0.998871	-0.0475013	0.0339198	0.0475013	0.998295	0.196383	0.27511	11.5919	
0.999344	-0.00091833	-0.036192	-0.000917653	0.998715	-0.0506797	0.036192	0.0506797	0.998059	0.223489	0.313068	12.3637	
0.999259	-0.0010374	-0.0384653	-0.00103658	0.998548	-0.0538592	0.0384653	0.0538592	0.997807	0.252353	0.353485	13.1354	
0.999169	-0.0011638	-0.0407395	-0.00116283	0.998371	-0.0570396	0.0407396	0.0570396	0.99754	0.282975	0.39636	13.9068	
0.999074	-0.00129754	-0.0430147	-0.0012964	0.998184	-0.060221	0.0430148	0.0602209	0.997258	0.315356	0.441695	14.678	
0.998973	-0.00143864	-0.0452908	-0.00143731	0.997987	-0.0634031	0.0452909	0.0634031	0.99696	0.349496	0.48949	15.449	
0.998867	-0.00158711	-0.0475678	-0.00158557	0.997779	-0.066586	0.0475679	0.066586	0.996646	0.385397	0.539746	16.2198	
0.998755	-0.00174295	-0.0498456	-0.00174117	0.997562	-0.0697696	0.0498456	0.0697695	0.996317	0.423059	0.592463	16.9903	
0.998639	-0.00190617	-0.052124	-0.00190415	0.997334	-0.0729537	0.0521241	0.0729537	0.995972	0.462482	0.647642	17.7605	
0.998517	-0.00207679	-0.0544032	-0.00207449	0.997095	-0.0761384	0.0544033	0.0761383	0.995612	0.503667	0.705284	18.5305	
0.99839	-0.00225482	-0.056683	-0.00225222	0.996846	-0.0793235	0.0566832	0.0793234	0.995236	0.546615	0.765388	19.3002	
0.998257	-0.00244026	-0.0589634	-0.00243733	0.996587	-0.082509	0.0589636	0.0825089	0.994844	0.591326	0.827955	20.0696	
0.998119	-0.00263313	-0.0612444	-0.00262984	0.996318	-0.0856948	0.0612445	0.0856947	0.994437	0.637801	0.892985	20.8387	
0.997976	-0.00283342	-0.0635258	-0.00282976	0.996038	-0.0888808	0.063526	0.0888807	0.994014	0.686039	0.960479	21.6075	
0.997828	-0.00304116	-0.0658076	-0.00303708	0.995748	-0.092067	0.0658078	0.0920669	0.993576	0.736041	1.03044	22.3759	
0.997674	-0.00325634	-0.0680898	-0.00325183	0.995448	-0.0952532	0.06809	0.0952531	0.993122	0.787809	1.10286	23.144	
0.997515	-0.00347898	-0.0703724	-0.00347399	0.995137	-0.0984395	0.0703726	0.0984393	0.992652	0.841341	1.17774	23.9117	
0.99735	-0.00370908	-0.0726551	-0.00370359	0.994816	-0.101626	0.0726554	0.101625	0.992166	0.896638	1.25509	24.6791	
0.99718	-0.00394665	-0.0749382	-0.00394063	0.994484	-0.104812	0.0749385	0.104811	0.991665	0.9537	1.3349	25.4461	
0.997005	-0.00419169	-0.0772213	-0.00418511	0.994142	-0.107998	0.0772217	0.107997	0.991148	1.01253	1.41718	26.2127	
0.996825	-0.00444422	-0.0795046	-0.00443703	0.99379	-0.111183	0.079505	0.111183	0.990615	1.07312	1.50192	26.9789	
0.996639	-0.00470423	-0.0817879	-0.00469641	0.993427	-0.114368	0.0817884	0.114368	0.990066	1.13548	1.58912	27.7446	
0.996447	-0.00497174	-0.0840713	-0.00496325	0.993054	-0.117553	0.0840718	0.117553	0.989502	1.1996	1.67878	28.51	
0.996251	-0.00524675	-0.0863546	-0.00523754	0.992671	-0.120737	0.0863551	0.120737	0.988921	1.26549	1.77091	29.2748	
0.996049	-0.00552926	-0.0886377	-0.00551931	0.992277	-0.123921	0.0886384	0.12392	0.988325	1.33315	1.8655	30.0393	
0.995841	-0.00581929	-0.0909208	-0.00580854	0.991872	-0.127104	0.0909215	0.127103	0.987714	1.40257	1.96255	30.8033	
0.995628	-0.00611682	-0.0932036	-0.00610524	0.991458	-0.130286	0.0932044	0.130285	0.987086	1.47376	2.06206	31.5667	
0.99541	-0.00642188	-0.0954862	-0.00640942	0.991032	-0.133467	0.095487	0.133467	0.986443	1.54671	2.16403	32.3297	
0.995186	-0.00673445	-0.0977684	-0.00672108	0.990597	-0.136648	0.0977693	0.136647	0.985783	1.62142	2.26846	33.0922	
0.994957	-0.00705455	-0.10005	-0.00704023	0.990151	-0.139828	0.100051	0.139827	0.985108	1.6979	2.37535	33.8542	
0.994723	-0.00738218	-0.102332	-0.00736685	0.989694	-0.143006	0.102333	0.143005	0.984417	1.77615	2.4847	34.6157	
0.994483	-0.00771734	-0.104613	-0.00770096	0.989227	-0.146184	0.104614	0.146183	0.983711	1.85616	2.5965	35.3766	
0.994238	-0.00806004	-0.106893	-0.00804256	0.98875	-0.14936	0.106895	0.149359	0.982988	1.93793	2.71076	36.1369	
0.993987	-0.00841027	-0.109173	-0.00839165	0.988262	-0.152535	0.109175	0.152534	0.98225	2.02147	2.82748	36.8967	
0.993731	-0.00876804	-0.111453	-0.00874823	0.987764	-0.155709	0.111454	0.155708	0.981495	2.10677	2.94665	37.6559	
0.99347	-0.00913336	-0.113731	-0.0091123	0.987256	-0.158881	0.113733	0.15888	0.980725	2.19383	3.06828	38.4146	
0.993203	-0.00950621	-0.116009	-0.00948386	0.986737	-0.162052	0.116011	0.162051	0.979939	2.28265	3.19235	39.1726	
0.99293	-0.00988661	-0.118286	-0.00986291	0.986207	-0.165222	0.118288	0.16522	0.979137	2.37323	3.31888	39.93	
0.992653	-0.0102746	-0.120562	-0.0102495	0.985667	-0.16839	0.120565	0.168388	0.97832	2.46558	3.44786	40.6868	
0.992163	-0.0109581	-0.124468	-0.0109282	0.984719	-0.173805	0.12447	0.173803	0.976883	2.56031	3.58016	41.4427	
0.991658	-0.0116634	-0.128368	-0.0116286	0.983741	-0.179214	0.128372	0.179211	0.975399	2.65807	3.71664	42.1975	
0.991137	-0.0123905	-0.132264	-0.0123508	0.982733	-0.184615	0.132268	0.184612	0.97387	2.75883	3.8573	42.9511	
0.990601	-0.0131393	-0.136154	-0.0130947	0.981695	-0.190008	0.136158	0.190005	0.972296	2.86261	4.00213	43.7035	
0.990048	-0.0139099	-0.140039	-0.0138602	0.980627	-0.195393	0.140044	0.19539	0.970675	2.9694	4.15113	44.4547	
0.98948	-0.0147021	-0.143918	-0.0146474	0.979529	-0.20077	0.143924	0.200766	0.969009	3.07918	4.3043	45.2046	
0.988897	-0.015516	-0.147791	-0.0154562	0.978401	-0.206139	0.147798	0.206134	0.967298	3.19197	4.46161	45.9533	
0.988298	-0.0163516	-0.151658	-0.0162866	0.977243	-0.211499	0.151665	0.211494	0.96554	3.30775	4.62307	46.7005	
0.987683	-0.0172088	-0.155519	-0.0171386	0.976055	-0.216849	0.155527	0.216844	0.963738	3.42651	4.78868	47.4464	
0.987053	-0.0180876	-0.159374	-0.0180121	0.974837	-0.22219	0.159382	0.222184	0.96189	3.54826	4.95841	48.1909	
0.986407	-0.0189879	-0.163221	-0.018907	0.973589	-0.227522	0.163231	0.227515	0.959996	3.67299	5.13227	48.9339	
0.985745	-0.0199097	-0.167062	-0.0198234	0.972312	-0.232843	0.167072	0.232836	0.958058	3.80069	5.31025	49.6755	
0.985068	-0.020853	-0.170896	-0.0207613	0.971005	-0.238155	0.170907	0.238147	0.956074	3.93136	5.49234	50.4155	
0.984376	-0.0218177	-0.174722	-0.0217205	0.969669	-0.243456	0.174734	0.243447	0.954045	4.06499	5.67854	51.154	
0.983668	-0.0228038	-0.178541	-0.022701	0.968303	-0.248745	0.178554	0.248736	0.951971	4.20158	5.86882	51.8909	
0.982945	-0.0238113	-0.182352	-0.0237028	0.966907	-0.254024	0.182366	0.254014	0.949852	4.34111	6.06319	52.6262	
0.982206	-0.02484	-0.186155	-0.0247258	0.965482	-0.259292	0.18617	0.259281	0.947689	4.4836	6.26164	53.3598	
0.981452	-0.0258901	-0.18995	-0.0257701	0.964028	-0.264548	0.189966	0.264536	0.945481	4.62902	6.46416	54.0917	
0.980683	-0.0269613	-0.193737	-0.0268354	0.962545	-0.269792	0.193754	0.269779	0.943228	4.77737	6.67074	54.822	
0.979898	-0.0280538	-0.197515	-0.0279219	0.961032	-0.275023	0.197534	0.27501	0.94093	4.92865	6.88136	55.5504	
0.979098	-0.0291673	-0.201284	-0.0290295	0.95949	-0.280243	0.201304	0.280228	0.938589	5.08285	7.09603	56.2771	
0.978283	-0.030302	-0.205045	-0.030158	0.957919	-0.285449	0.205066	0.285434	0.936203	5.23996	7.31472	57.0019	
0.977453	-0.0314576	-0.208796	-0.0313075	0.956319	-0.290643	0.208819	0.290626	0.933772	5.39997	7.53744	57.7248	
0.976608	-0.0326343	-0.212539	-0.0324779	0.954691	-0.295823	0.212562	0.295806	0.931298	5.56289	7.76416	58.4459	
0.975747	-0.0338318	-0.216271	-0.0336691	0.953033	-0.300989	0.216297	0.300971	0.92878	5.72869	7.99489	59.1651	
0.974871	-0.0350502	-0.219994	-0.0348811	0.951347	-0.306142	0.220021	0.306123	0.926218	5.89738	8.2296	59.8822	
0.973981	-0.0362894	-0.223707	-0.0361138	0.949632	-0.311281	0.223735	0.31126	0.923612	6.06894	8.46829	60.5974	
0.973075	-0.0375494	-0.22741	-0.0373672	0.947888	-0.316405	0.22744	0.316384	0.920963	6.24338	8.71095	61.3106	
0.972154	-0.03883	-0.231102	-0.0386411	0.946116	-0.321515	0.231134	0.321492	0.91827	6.42067	8.95756	62.0216	
0.971219	-0.0401313	-0.234784	-0.0399357	0.944315	-0.32661	0.234818	0.326586	0.915534	6.60081	9.20812	62.7306	
0.970268	-0.0414531	-0.238456	-0.0412507	0.942486	-0.331689	0.238491	0.331664	0.912755	6.7838	9.46261	63.4375	
0.969303	-0.0427954	-0.242116	-0.0425861	0.940629	-0.336753	0.242153	0.336727	0.909932	6.96963	9.72102	64.1421	
0.968323	-0.0441582	-0.245766	-0.0439418	0.938744	-0.341801	0.245805	0.341774	0.907067	7.15828	9.98334	64.8446	
0.967328	-0.0455413	-0.249404	-0.0453178	0.936831	-0.346834	0.249445	0.346805	0.904159	7.34975	10.2496	65.5449	
0.966319	-0.0469448	-0.253031	-0.046714	0.93489	-0.35185	0.253073	0.351819	0.901209	7.54404	10.5197	66.2429	
0.965294	-0.0483684	-0.256646	-0.0481304	0.932921	-0.35685	0.25669	0.356817	0.898216	7.74112	10.7936	66.9386	
0.964256	-0.0498122	-0.260249	-0.0495668	0.930924	-0.361833	0.260296	0.361799	0.89518	7.941	11.0715	67.6319	
0.963203	-0.0512761	-0.26384	-0.0510232	0.9289	-0.366798	0.263889	0.366763	0.892103	8.14366	11.3531	68.3229	
0.962135	-0.05276	-0.267419	-0.0524996	0.926848	-0.371747	0.26747	0.37171	0.888983	8.34909	11.6386	69.0115	
0.961053	-0.0542639	-0.270986	-0.0539957	0.924769	-0.376678	0.271039	0.376639	0.885822	8.55729	11.928	69.6977	
0.957922	-0.0586136	-0.28098	-0.0583172	0.918765	-0.390474	0.281042	0.39043	0.876687	8.77074	12.2245	70.3791	
0.954679	-0.0631188	-0.290869	-0.0627944	0.912546	-0.404125	0.290939	0.404074	0.867225	8.99188	12.5317	71.0534	
0.951324	-0.0677779	-0.300649	-0.0674258	0.906114	-0.417625	0.300728	0.417568	0.857438	9.22063	12.8494	71.7202	
0.947858	-0.0725892	-0.310315	-0.0722095	0.899473	-0.430969	0.310404	0.430905	0.847331	9.45692	13.1774	72.3793	
0.944284	-0.0775508	-0.319866	-0.0771437	0.892624	-0.444153	0.319964	0.444082	0.836908	9.70063	13.5157	73.0305	
0.940601	-0.0826609	-0.329296	-0.0822267	0.88557	-0.45717	0.329405	0.457092	0.826171	9.9517	13.8641	73.6734	
