1	0	0	0	1	0	0	0	1	0	0	0	
0.999998	-3.17158e-06	-0.00180948	-3.17158e-06	0.999994	-0.0035055	0.00180948	0.0035055	0.999992	0.000881894	0.00170849	0.974745	
0.999993	-1.26983e-05	-0.00362049	-1.27004e-05	0.999975	-0.00701516	0.00362049	0.00701516	0.999969	0.00352832	0.00683599	1.94947	
0.999985	-2.85981e-05	-0.00543296	-2.86067e-05	0.999945	-0.0105288	0.00543296	0.0105288	0.99993	0.00794074	0.0153865	2.92417	
0.999974	-5.08882e-05	-0.00724681	-5.09099e-05	0.999901	-0.0140464	0.00724681	0.0140464	0.999875	0.0141205	0.0273638	3.89883	
0.999959	-7.95852e-05	-0.00906197	-7.96287e-05	0.999846	-0.0175677	0.00906197	0.0175677	0.999805	0.022069	0.0427718	4.87342	
0.999941	-0.000114705	-0.0108784	-0.000114781	0.999778	-0.0210926	0.0108784	0.0210926	0.999718	0.0317874	0.0616138	5.84794	
0.999919	-0.000156262	-0.0126959	-0.000156384	0.999697	-0.024621	0.0126959	0.024621	0.999616	0.0432769	0.0838935	6.82236	
0.999895	-0.000204272	-0.0145146	-0.000204455	0.999604	-0.0281527	0.0145146	0.0281527	0.999498	0.0565387	0.109614	7.79668	
0.999867	-0.000258748	-0.0163343	-0.00025901	0.999498	-0.0316876	0.0163343	0.0316876	0.999364	0.0715736	0.138779	8.77087	
0.999835	-0.000319703	-0.0181549	-0.000320063	0.999379	-0.0352255	0.0181549	0.0352255	0.999214	0.0883827	0.17139	9.74493	
0.9998	-0.000387149	-0.0199763	-0.00038763	0.999248	-0.0387663	0.0199763	0.0387664	0.999049	0.106967	0.207452	10.7188	
0.999762	-0.000461098	-0.0217986	-0.000461723	0.999104	-0.0423099	0.0217986	0.0423099	0.998867	0.127327	0.246967	11.6926	
0.999721	-0.00054156	-0.0236216	-0.000542357	0.998948	-0.0458561	0.0236216	0.0458561	0.998669	0.149464	0.289937	12.6661	
0.999676	-0.000628547	-0.0254453	-0.000629544	0.998779	-0.0494048	0.0254453	0.0494048	0.998455	0.173377	0.336364	13.6395	
0.999628	-0.000722067	-0.0272695	-0.000723295	0.998597	-0.0529558	0.0272695	0.0529558	0.998224	0.199069	0.386252	14.6126	
0.999576	-0.000822129	-0.0290942	-0.000823622	0.998402	-0.056509	0.0290942	0.0565091	0.997978	0.22654	0.439603	15.5855	
0.999521	-0.000928741	-0.0309194	-0.000930534	0.998194	-0.0600643	0.0309194	0.0600643	0.997716	0.255789	0.496418	16.5581	
0.999463	-0.00104191	-0.0327449	-0.00104404	0.997974	-0.0636215	0.0327449	0.0636215	0.997437	0.286817	0.556699	17.5305	
0.999402	-0.00116165	-0.0345707	-0.00116415	0.99774	-0.0671805	0.0345707	0.0671805	0.997142	0.319625	0.620449	18.5026	
0.999337	-0.00128795	-0.0363968	-0.00129088	0.997494	-0.0707411	0.0363967	0.0707411	0.99683	0.354212	0.687668	19.4744	
0.999268	-0.00142083	-0.0382229	-0.00142422	0.997235	-0.0743031	0.0382228	0.0743032	0.996503	0.39058	0.758359	20.4459	
0.999196	-0.00156029	-0.0400492	-0.0015642	0.996963	-0.0778666	0.040049	0.0778667	0.996159	0.428728	0.832523	21.4171	
0.999121	-0.00170633	-0.0418754	-0.0017108	0.996677	-0.0814312	0.0418752	0.0814313	0.995799	0.468655	0.91016	22.3879	
0.999043	-0.00185897	-0.0437015	-0.00186405	0.996379	-0.084997	0.0437013	0.0849971	0.995422	0.510363	0.991273	23.3584	
0.998961	-0.00201819	-0.0455275	-0.00202393	0.996068	-0.0885636	0.0455273	0.0885638	0.99503	0.553851	1.07586	24.3285	
0.998876	-0.002184	-0.0473533	-0.00219047	0.995744	-0.0921311	0.047353	0.0921312	0.99462	0.599118	1.16393	25.2982	
0.998787	-0.00235641	-0.0491788	-0.00236365	0.995407	-0.0956992	0.0491784	0.0956994	0.994195	0.646165	1.25547	26.2675	
0.998695	-0.0025354	-0.0510039	-0.00254349	0.995058	-0.0992678	0.0510035	0.099268	0.993753	0.694991	1.35049	27.2364	
0.9986	-0.00272099	-0.0528286	-0.00272999	0.994694	-0.102837	0.0528281	0.102837	0.993294	0.745596	1.449	28.2048	
0.998501	-0.00291318	-0.0546528	-0.00292314	0.994318	-0.106406	0.0546522	0.106406	0.99282	0.79798	1.55098	29.1728	
0.998399	-0.00311195	-0.0564764	-0.00312295	0.993929	-0.109975	0.0564758	0.109976	0.992328	0.852141	1.65643	30.1403	
0.998294	-0.00331731	-0.0582993	-0.00332941	0.993527	-0.113545	0.0582986	0.113545	0.991821	0.908079	1.76537	31.1073	
0.998185	-0.00352926	-0.0601215	-0.00354254	0.993112	-0.117114	0.0601208	0.117114	0.991297	0.965793	1.87779	32.0739	
0.998073	-0.00374778	-0.061943	-0.00376231	0.992684	-0.120682	0.0619421	0.120683	0.990757	1.02528	1.99369	33.0399	
0.997957	-0.00397289	-0.0637635	-0.00398874	0.992243	-0.124251	0.0637626	0.124251	0.9902	1.08655	2.11306	34.0053	
0.997838	-0.00420456	-0.0655832	-0.00422182	0.991789	-0.127818	0.0655821	0.127819	0.989627	1.14959	2.23591	34.9702	
0.997716	-0.0044428	-0.0674018	-0.00446155	0.991321	-0.131385	0.0674006	0.131386	0.989037	1.2144	2.36224	35.9346	
0.99759	-0.0046876	-0.0692194	-0.00470792	0.990841	-0.134951	0.069218	0.134952	0.988431	1.28098	2.49205	36.8984	
0.997462	-0.00493895	-0.0710358	-0.00496093	0.990348	-0.138516	0.0710342	0.138517	0.987809	1.34934	2.62533	37.8615	
0.997329	-0.00519685	-0.072851	-0.00522057	0.989841	-0.14208	0.0728493	0.142081	0.987171	1.41947	2.76209	38.8241	
0.997194	-0.00546128	-0.0746649	-0.00548683	0.989322	-0.145643	0.074663	0.145644	0.986516	1.49136	2.90232	39.786	
0.997055	-0.00573224	-0.0764774	-0.00575971	0.98879	-0.149204	0.0764754	0.149205	0.985845	1.56502	3.04602	40.7473	
0.996913	-0.00600971	-0.0782885	-0.0060392	0.988244	-0.152763	0.0782863	0.152765	0.985157	1.64045	3.19319	41.7079	
0.996767	-0.00629369	-0.0800982	-0.0063253	0.987686	-0.156321	0.0800957	0.156322	0.984453	1.71764	3.34383	42.6678	
0.996618	-0.00658417	-0.0819062	-0.00661799	0.987115	-0.159877	0.0819035	0.159879	0.983733	1.79659	3.49794	43.6271	
0.996466	-0.00688113	-0.0837127	-0.00691726	0.98653	-0.163431	0.0837097	0.163433	0.982997	1.87731	3.65551	44.5856	
0.996311	-0.00718456	-0.0855174	-0.00722311	0.985933	-0.166983	0.0855142	0.166985	0.982244	1.95978	3.81655	45.5434	
0.996152	-0.00749445	-0.0873204	-0.00753551	0.985323	-0.170533	0.0873168	0.170534	0.981475	2.04402	3.98105	46.5005	
0.99599	-0.00781078	-0.0891215	-0.00785447	0.9847	-0.17408	0.0891177	0.174082	0.98069	2.13001	4.14901	47.4568	
0.995825	-0.00813355	-0.0909207	-0.00817997	0.984064	-0.177625	0.0909165	0.177627	0.979889	2.21775	4.32042	48.4123	
0.995656	-0.00846272	-0.0927179	-0.00851199	0.983416	-0.181167	0.0927134	0.181169	0.979072	2.30725	4.49529	49.3671	
0.995485	-0.00879829	-0.0945131	-0.00885052	0.982754	-0.184706	0.0945083	0.184708	0.978239	2.39849	4.67361	50.321	
0.99531	-0.00914025	-0.0963062	-0.00919555	0.98208	-0.188242	0.096301	0.188245	0.977389	2.49149	4.85537	51.2742	
0.995132	-0.00948857	-0.0980971	-0.00954706	0.981392	-0.191775	0.0980915	0.191778	0.976524	2.58623	5.04059	52.2264	
0.99495	-0.00984324	-0.0998858	-0.00990504	0.980693	-0.195305	0.0998797	0.195308	0.975643	2.68272	5.22924	53.1779	
0.994766	-0.0102042	-0.101672	-0.0102695	0.97998	-0.198832	0.101666	0.198835	0.974745	2.78095	5.42134	54.1284	
0.994578	-0.0105715	-0.103456	-0.0106403	0.979254	-0.202355	0.103449	0.202358	0.973832	2.88091	5.61687	55.0781	
0.994387	-0.0109451	-0.105238	-0.0110176	0.978516	-0.205874	0.10523	0.205878	0.972903	2.98262	5.81583	56.0269	
0.994193	-0.011325	-0.107017	-0.0114013	0.977766	-0.20939	0.107009	0.209394	0.971958	3.08606	6.01823	56.9748	
0.993995	-0.0117111	-0.108793	-0.0117913	0.977002	-0.212902	0.108784	0.212907	0.970998	3.19123	6.22405	57.9217	
0.993795	-0.0121034	-0.110567	-0.0121877	0.976227	-0.21641	0.110558	0.216415	0.970021	3.29813	6.43329	58.8677	
0.993591	-0.012502	-0.112338	-0.0125905	0.975438	-0.219914	0.112328	0.219919	0.969029	3.40676	6.64594	59.8128	
0.993385	-0.0129067	-0.114106	-0.0129995	0.974637	-0.223413	0.114096	0.223419	0.968022	3.51711	6.86202	60.7569	
0.993535	-0.0126078	-0.112827	-0.0136036	0.973433	-0.228567	0.112711	0.228624	0.966968	3.62765	7.08233	61.6999	
0.993683	-0.0123023	-0.11155	-0.0142005	0.972201	-0.233716	0.111324	0.233824	0.965885	3.73684	7.30772	62.6419	
0.993829	-0.0119901	-0.110275	-0.0147902	0.970941	-0.238862	0.109935	0.239019	0.964772	3.84468	7.53817	63.5829	
0.993973	-0.0116711	-0.109002	-0.0153727	0.969653	-0.244003	0.108542	0.244208	0.963629	3.95116	7.77368	64.5228	
0.994115	-0.0113453	-0.107731	-0.0159477	0.968336	-0.249139	0.107147	0.249391	0.962457	4.05628	8.01425	65.4615	
0.994256	-0.0110128	-0.106462	-0.0165154	0.966993	-0.254268	0.105748	0.254566	0.961256	4.16004	8.25986	66.3991	
0.994394	-0.0106734	-0.105194	-0.0170755	0.965622	-0.259391	0.104346	0.259733	0.960026	4.26243	8.51052	67.3354	
0.994531	-0.0103272	-0.103927	-0.0176281	0.964223	-0.264506	0.102941	0.264891	0.958768	4.36346	8.76621	68.2706	
0.994666	-0.00997398	-0.102662	-0.0181731	0.962797	-0.269613	0.101532	0.27004	0.957481	4.46312	9.02692	69.2045	
0.994799	-0.00961386	-0.101398	-0.0187103	0.961345	-0.274711	0.10012	0.275179	0.956165	4.5614	9.29265	70.1372	
0.996707	-0.00361763	-0.0810013	-0.019761	0.958043	-0.285943	0.0786371	0.286602	0.954817	4.64852	9.56646	71.0686	
0.998156	0.00262063	-0.0606391	-0.0205588	0.954608	-0.297156	0.0571078	0.297855	0.952901	4.71468	9.85132	71.9984	
0.999145	0.0090972	-0.0403238	-0.0211034	0.951041	-0.308343	0.0355445	0.30893	0.95042	4.75984	10.1471	72.9261	
0.999674	0.0158083	-0.0200675	-0.0213944	0.947345	-0.319498	0.0139602	0.319823	0.947375	4.78397	10.4535	73.8511	
0.999741	0.0227498	0.000117767	-0.0214316	0.943523	-0.330613	-0.00763251	0.330525	0.943766	4.78705	10.7705	74.7728	
0.999348	0.0299177	0.02022	-0.021215	0.939576	-0.341683	-0.0292206	0.341031	0.939598	4.76909	11.0978	75.6908	
0.998494	0.0373078	0.0402273	-0.0207447	0.935506	-0.352701	-0.0507914	0.351335	0.934871	4.73009	11.4353	76.6044	
0.99718	0.0449155	0.0601278	-0.020021	0.931317	-0.363659	-0.072332	0.36143	0.929589	4.67008	11.7827	77.5131	
0.995406	0.0527365	0.0799097	-0.0190444	0.92701	-0.374553	-0.0938297	0.37131	0.923756	4.5891	12.1398	78.4164	
0.993174	0.060766	0.0995612	-0.0178153	0.922588	-0.385374	-0.115272	0.38097	0.917373	4.48718	12.5065	79.3138	
0.990485	0.0689994	0.119071	-0.0163346	0.918054	-0.396118	-0.136645	0.390404	0.910447	4.3644	12.8824	80.2047	
0.987341	0.0774316	0.138426	-0.0146032	0.913411	-0.406777	-0.157937	0.399606	0.902979	4.22082	13.2675	81.0885	
0.983743	0.0860578	0.157617	-0.0126219	0.908661	-0.417344	-0.179136	0.40857	0.894975	4.05653	13.6614	81.9649	
0.979694	0.0948727	0.176631	-0.0103922	0.903807	-0.427815	-0.200228	0.417292	0.88644	3.87163	14.0639	82.8331	
0.975196	0.103871	0.195457	-0.00791512	0.898851	-0.438182	-0.221202	0.425766	0.877378	3.66623	14.4748	83.6928	
0.970251	0.113048	0.214085	-0.0051923	0.893798	-0.44844	-0.242044	0.433988	0.867796	3.44044	14.8939	84.5434	
0.964864	0.122397	0.232502	-0.00222533	0.888649	-0.458582	-0.262742	0.441951	0.857698	3.19441	15.3208	85.3844	
0.959036	0.131914	0.250698	0.000984049	0.883409	-0.468602	-0.283284	0.449653	0.847091	2.92828	15.7554	86.2153	
0.952771	0.141592	0.268662	0.00443392	0.878079	-0.478495	-0.303658	0.457087	0.835981	2.6422	16.1973	87.0356	
0.946073	0.151426	0.286384	0.00812223	0.872664	-0.488254	-0.323852	0.46425	0.824374	2.33636	16.6464	87.8449	
0.938946	0.16141	0.303853	0.0120468	0.867166	-0.497873	-0.343853	0.471137	0.812278	2.01092	17.1023	88.6426	
0.931395	0.171538	0.321059	0.0162053	0.861589	-0.507348	-0.36365	0.477744	0.799699	1.66608	17.5647	89.4283	
0.923423	0.181804	0.337991	0.0205952	0.855936	-0.516672	-0.383231	0.484068	0.786646	1.30205	18.0335	90.2014	
0.915035	0.192202	0.354639	0.025214	0.85021	-0.52584	-0.402585	0.490104	0.773126	0.919049	18.5083	90.9617	
0.906237	0.202725	0.370994	0.0300589	0.844415	-0.534846	-0.4217	0.495849	0.759146	0.517295	18.9889	91.7085	
0.897034	0.213369	0.387046	0.035127	0.838554	-0.543686	-0.440564	0.5013	0.744716	0.0970291	19.4749	92.4415	
