1	0	0	0	1	0	0	0	1	0	0	0	
1	-1.01004e-06	-0.000526312	-1.01004e-06	0.999993	-0.00383815	0.000526312	0.00383815	0.999992	0.000230461	0.00168065	0.875755	
0.999999	-4.05181e-06	-0.00105445	-4.04706e-06	0.999971	-0.00768057	0.00105445	0.00768057	0.99997	0.000922643	0.00672446	1.7515	
0.999999	-9.14157e-06	-0.00158439	-9.12253e-06	0.999934	-0.0115271	0.00158439	0.0115271	0.999932	0.00207814	0.0151351	2.62721	
0.999998	-1.62954e-05	-0.00211613	-1.62478e-05	0.999882	-0.0153777	0.00211613	0.0153777	0.99988	0.00369852	0.0269162	3.50289	
0.999996	-2.55294e-05	-0.00264965	-2.5434e-05	0.999815	-0.0192322	0.00264965	0.0192322	0.999812	0.00578536	0.0420711	4.37851	
0.999995	-3.68594e-05	-0.00318494	-3.66922e-05	0.999733	-0.0230904	0.00318494	0.0230904	0.999728	0.00834021	0.0606033	5.25407	
0.999993	-5.03011e-05	-0.00372198	-5.00334e-05	0.999637	-0.0269523	0.00372198	0.0269523	0.99963	0.0113646	0.082516	6.12955	
0.999991	-6.58703e-05	-0.00426075	-6.54683e-05	0.999525	-0.0308177	0.00426076	0.0308177	0.999516	0.0148601	0.107812	7.00493	
0.999988	-8.35824e-05	-0.00480125	-8.30075e-05	0.999398	-0.0346865	0.00480126	0.0346865	0.999387	0.0188282	0.136495	7.88021	
0.999986	-0.000103453	-0.00534345	-0.000102662	0.999256	-0.0385586	0.00534347	0.0385586	0.999242	0.0232703	0.168568	8.75537	
0.999983	-0.000125497	-0.00588735	-0.000124441	0.999099	-0.0424338	0.00588737	0.0424338	0.999082	0.0281881	0.204033	9.63039	
0.999979	-0.00014973	-0.00643292	-0.000148356	0.998927	-0.0463121	0.00643295	0.0463121	0.998906	0.0335829	0.242893	10.5053	
0.999976	-0.000176167	-0.00698015	-0.000174416	0.99874	-0.0501933	0.00698019	0.0501933	0.998715	0.0394562	0.28515	11.38	
0.999972	-0.000204822	-0.00752902	-0.000202632	0.998537	-0.0540772	0.00752908	0.0540772	0.998508	0.0458095	0.330808	12.2545	
0.999967	-0.000235711	-0.00807953	-0.000233013	0.998319	-0.0579638	0.00807961	0.0579638	0.998286	0.0526443	0.379869	13.1289	
0.999963	-0.000268849	-0.00863165	-0.000265569	0.998085	-0.0618529	0.00863175	0.0618529	0.998048	0.0599618	0.432334	14.003	
0.999958	-0.000304249	-0.00918536	-0.000300309	0.997836	-0.0657444	0.00918549	0.0657444	0.997794	0.0677636	0.488206	14.877	
0.999953	-0.000341926	-0.00974066	-0.000337243	0.997572	-0.0696382	0.00974082	0.0696382	0.997525	0.0760511	0.547488	15.7507	
0.999947	-0.000381894	-0.0102975	-0.00037638	0.997293	-0.0735342	0.0102977	0.0735342	0.99724	0.0848255	0.61018	16.6242	
0.999941	-0.000424168	-0.0108559	-0.00041773	0.996998	-0.0774322	0.0108562	0.0774322	0.996939	0.0940884	0.676285	17.4974	
0.999935	-0.000468761	-0.0114159	-0.0004613	0.996687	-0.0813321	0.0114162	0.0813321	0.996622	0.103841	0.745804	18.3703	
0.999928	-0.000515688	-0.0119773	-0.0005071	0.996361	-0.0852338	0.0119777	0.0852338	0.996289	0.114085	0.81874	19.243	
0.999921	-0.000564961	-0.0125403	-0.000555139	0.996019	-0.0891372	0.0125407	0.0891371	0.99594	0.124821	0.895094	20.1153	
0.999914	-0.000616595	-0.0131048	-0.000605425	0.995662	-0.0930421	0.0131053	0.093042	0.995576	0.136051	0.974866	20.9874	
0.999906	-0.000670603	-0.0136707	-0.000657966	0.995289	-0.0969484	0.0136713	0.0969483	0.995196	0.147776	1.05806	21.8591	
0.999898	-0.000726999	-0.014238	-0.000712771	0.994901	-0.100856	0.0142387	0.100856	0.994799	0.159997	1.14467	22.7305	
0.99989	-0.000785795	-0.0148068	-0.000769847	0.994497	-0.104765	0.0148077	0.104765	0.994387	0.172716	1.23471	23.6015	
0.999881	-0.000847004	-0.015377	-0.000829203	0.994077	-0.108675	0.015378	0.108674	0.993958	0.185933	1.32817	24.4721	
0.999872	-0.000910639	-0.0159486	-0.000890847	0.993642	-0.112585	0.0159498	0.112585	0.993514	0.199651	1.42506	25.3424	
0.999863	-0.000976713	-0.0165216	-0.000954785	0.993191	-0.116497	0.0165229	0.116497	0.993054	0.21387	1.52537	26.2123	
0.999853	-0.00104524	-0.017096	-0.00102103	0.992724	-0.120409	0.0170974	0.120409	0.992577	0.228592	1.6291	27.0817	
0.999843	-0.00111623	-0.0176717	-0.00108958	0.992241	-0.124322	0.0176733	0.124322	0.992085	0.243817	1.73626	27.9508	
0.999833	-0.0011897	-0.0182487	-0.00116044	0.991743	-0.128235	0.0182506	0.128235	0.991576	0.259548	1.84685	28.8194	
0.999822	-0.00126565	-0.018827	-0.00123364	0.991229	-0.132148	0.0188292	0.132148	0.991051	0.275784	1.96087	29.6875	
0.999811	-0.0013441	-0.0194067	-0.00130916	0.990699	-0.136062	0.0194091	0.136062	0.99051	0.292528	2.07831	30.5552	
0.999799	-0.00142507	-0.0199876	-0.00138702	0.990154	-0.139976	0.0199902	0.139976	0.989953	0.30978	2.19918	31.4224	
0.999787	-0.00150856	-0.0205697	-0.00146722	0.989593	-0.14389	0.0205727	0.143889	0.98938	0.327542	2.32348	32.2891	
0.999775	-0.00159459	-0.0211531	-0.00154978	0.989016	-0.147803	0.0211565	0.147803	0.988791	0.345814	2.45121	33.1553	
0.999762	-0.00168316	-0.0217378	-0.00163469	0.988423	-0.151716	0.0217414	0.151716	0.988185	0.364598	2.58236	34.021	
0.999749	-0.00177429	-0.0223236	-0.00172196	0.987814	-0.155629	0.0223277	0.155628	0.987563	0.383895	2.71694	34.8862	
0.999736	-0.00186799	-0.0229106	-0.00181161	0.98719	-0.159541	0.0229151	0.159541	0.986925	0.403706	2.85495	35.7507	
0.999722	-0.00196426	-0.0234988	-0.00190362	0.986549	-0.163453	0.0235037	0.163452	0.986271	0.424032	2.99638	36.6148	
0.999708	-0.00206313	-0.0240881	-0.00199802	0.985893	-0.167364	0.0240936	0.167363	0.985601	0.444874	3.14124	37.4782	
0.999693	-0.0021646	-0.0246785	-0.00209481	0.985221	-0.171274	0.0246845	0.171273	0.984914	0.466233	3.28952	38.3411	
0.999678	-0.00226868	-0.0252701	-0.00219398	0.984534	-0.175182	0.0252767	0.175181	0.984212	0.48811	3.44122	39.2033	
0.999663	-0.00237538	-0.0258627	-0.00229556	0.98383	-0.17909	0.0258699	0.179089	0.983493	0.510506	3.59635	40.0649	
0.999647	-0.00248471	-0.0264564	-0.00239953	0.983111	-0.182996	0.0264643	0.182995	0.982758	0.533422	3.7549	40.9259	
0.999631	-0.00259669	-0.0270512	-0.00250591	0.982375	-0.186901	0.0270598	0.1869	0.982006	0.556859	3.91687	41.7862	
0.999614	-0.00271131	-0.027647	-0.0026147	0.981624	-0.190805	0.0276563	0.190804	0.981239	0.580818	4.08226	42.6459	
0.999597	-0.0028286	-0.0282438	-0.00272591	0.980858	-0.194707	0.0282539	0.194705	0.980455	0.6053	4.25106	43.5049	
0.99958	-0.00294855	-0.0288416	-0.00283954	0.980075	-0.198607	0.0288526	0.198605	0.979655	0.630305	4.42329	44.3632	
0.999562	-0.00307119	-0.0294404	-0.00295559	0.979277	-0.202505	0.0294523	0.202503	0.978839	0.655836	4.59892	45.2208	
0.999544	-0.00319651	-0.0300402	-0.00307407	0.978463	-0.206401	0.0300529	0.2064	0.978006	0.681892	4.77797	46.0776	
0.999525	-0.00332453	-0.0306408	-0.00319498	0.977633	-0.210296	0.0306546	0.210294	0.977158	0.708475	4.96044	46.9337	
0.999506	-0.00345526	-0.0312424	-0.00331833	0.976787	-0.214187	0.0312573	0.214185	0.976293	0.735585	5.14631	47.7891	
0.999486	-0.0035887	-0.0318449	-0.00344412	0.975925	-0.218077	0.0318609	0.218075	0.975412	0.763223	5.33558	48.6437	
0.999466	-0.00372486	-0.0324483	-0.00357235	0.975048	-0.221964	0.0324655	0.221962	0.974515	0.79139	5.52827	49.4976	
0.999446	-0.00386375	-0.0330525	-0.00370303	0.974155	-0.225849	0.0330709	0.225846	0.973602	0.820087	5.72435	50.3506	
0.999425	-0.00400538	-0.0336576	-0.00383615	0.973247	-0.22973	0.0336773	0.229727	0.972672	0.849315	5.92384	51.2028	
0.999328	-0.00465034	-0.0363498	-0.00406009	0.971759	-0.23594	0.0364205	0.235929	0.971088	0.880009	6.12774	52.054	
0.999224	-0.00531204	-0.0390359	-0.00430168	0.970231	-0.242143	0.0391601	0.242123	0.969455	0.913104	6.33707	52.9037	
0.999112	-0.00599048	-0.0417157	-0.00456091	0.968663	-0.248338	0.0418961	0.248308	0.967775	0.948597	6.55182	53.752	
0.998992	-0.00668561	-0.0443893	-0.00483777	0.967054	-0.254526	0.0446285	0.254484	0.966047	0.986485	6.77198	54.5988	
0.998865	-0.00739743	-0.0470566	-0.00513223	0.965405	-0.260705	0.0473573	0.260651	0.964271	1.02676	6.99755	55.444	
0.99873	-0.00812591	-0.0497177	-0.00544429	0.963716	-0.266876	0.0500823	0.266808	0.962448	1.06943	7.22852	56.2877	
0.998588	-0.00887103	-0.0523723	-0.00577392	0.961986	-0.273037	0.0528036	0.272954	0.960577	1.11448	7.46487	57.1297	
0.998439	-0.00963277	-0.0550206	-0.0061211	0.960217	-0.279188	0.0555211	0.279089	0.958659	1.16192	7.7066	57.9701	
0.998282	-0.0104111	-0.0576624	-0.0064858	0.958408	-0.285329	0.0582347	0.285212	0.956694	1.21173	7.95369	58.8088	
0.998118	-0.011206	-0.0602978	-0.00686801	0.956559	-0.291458	0.0609445	0.291324	0.954681	1.26391	8.20615	59.6458	
0.997946	-0.0120175	-0.0629267	-0.00726768	0.95467	-0.297577	0.0636503	0.297423	0.952622	1.31847	8.46395	60.4809	
0.997767	-0.0128455	-0.065549	-0.0076848	0.952742	-0.303683	0.0663522	0.303509	0.950516	1.3754	8.72708	61.3143	
0.99758	-0.0136901	-0.0681647	-0.00811933	0.950775	-0.309777	0.0690501	0.309581	0.948363	1.43469	8.99554	62.1458	
0.997386	-0.0145511	-0.0707738	-0.00857124	0.948768	-0.315858	0.071744	0.315639	0.946163	1.49634	9.26931	62.9753	
0.997185	-0.0154286	-0.0733762	-0.00904048	0.946722	-0.321925	0.0744338	0.321682	0.943917	1.56035	9.54838	63.803	
0.996976	-0.0163226	-0.075972	-0.00952703	0.944637	-0.327978	0.0771194	0.327711	0.941625	1.62671	9.83274	64.6286	
0.99676	-0.0172331	-0.078561	-0.0100308	0.942514	-0.334017	0.0798009	0.333723	0.939287	1.69542	10.1224	65.4522	
0.996537	-0.0181599	-0.0811432	-0.0105519	0.940351	-0.340041	0.0824783	0.33972	0.936903	1.76648	10.4173	66.2738	
0.996306	-0.0191032	-0.0837186	-0.0110901	0.938151	-0.34605	0.0851513	0.3457	0.934474	1.83988	10.7174	67.0932	
0.996068	-0.0200629	-0.0862872	-0.0116454	0.935912	-0.352042	0.0878202	0.351663	0.931998	1.91562	11.0228	67.9105	
0.995823	-0.021039	-0.0888489	-0.0122179	0.933635	-0.358018	0.0904847	0.357608	0.929478	1.9937	11.3333	68.7256	
0.99557	-0.0220314	-0.0914036	-0.0128073	0.93132	-0.363978	0.0931449	0.363536	0.926912	2.07411	11.6491	69.5385	
0.99531	-0.0230402	-0.0939513	-0.0134138	0.928967	-0.369919	0.0958007	0.369445	0.924301	2.15684	11.9701	70.3491	
0.993833	-0.0284556	-0.107177	-0.0151126	0.92274	-0.385126	0.109855	0.384371	0.916619	2.2469	12.3002	71.1552	
0.992154	-0.0340841	-0.120288	-0.0170432	0.916268	-0.400203	0.123857	0.399113	0.908498	2.34924	12.6432	71.9544	
0.990274	-0.0399231	-0.13328	-0.0192046	0.909554	-0.415141	0.137799	0.413663	0.899941	2.46382	12.9991	72.7464	
0.988194	-0.0459697	-0.146146	-0.0215958	0.902602	-0.429935	0.151675	0.428016	0.890953	2.59058	13.3677	73.5306	
0.985916	-0.0522211	-0.158879	-0.0242157	0.895413	-0.444577	0.165479	0.442163	0.881538	2.72946	13.7488	74.3068	
0.98344	-0.0586742	-0.171475	-0.0270629	0.887993	-0.459059	0.179203	0.456098	0.8717	2.88039	14.1421	75.0745	
0.980767	-0.0653259	-0.183925	-0.0301362	0.880345	-0.473376	0.192842	0.469814	0.861444	3.04331	14.5476	75.8334	
0.977899	-0.0721731	-0.196226	-0.033434	0.872472	-0.48752	0.206388	0.483306	0.850776	3.21813	14.9649	76.5832	
0.974837	-0.0792125	-0.20837	-0.0369548	0.864377	-0.501484	0.219835	0.496565	0.8397	3.40477	15.394	77.3235	
0.971583	-0.0864407	-0.220353	-0.0406969	0.856066	-0.515262	0.233176	0.509587	0.828221	3.60314	15.8346	78.0538	
0.968137	-0.0938543	-0.232167	-0.0446585	0.847542	-0.528847	0.246406	0.522364	0.816345	3.81315	16.2865	78.774	
0.964503	-0.10145	-0.243808	-0.0488377	0.838808	-0.542232	0.259518	0.534891	0.804078	4.03469	16.7495	79.4836	
0.960681	-0.109223	-0.255271	-0.0532325	0.82987	-0.555412	0.272505	0.547162	0.791426	4.26766	17.2233	80.1822	
0.956673	-0.117171	-0.266548	-0.0578407	0.820731	-0.568379	0.285362	0.559171	0.778394	4.51195	17.7077	80.8696	
0.952481	-0.125289	-0.277636	-0.0626603	0.811396	-0.581129	0.298082	0.570911	0.764989	4.76744	18.2026	81.5455	
0.948108	-0.133575	-0.288528	-0.0676888	0.801869	-0.593653	0.310659	0.582378	0.751217	5.034	18.7076	82.2094	
0.943555	-0.142023	-0.29922	-0.0729238	0.792155	-0.605947	0.323087	0.593565	0.737086	5.31152	19.2226	82.8611	
