1	0	0	0	1	0	0	0	1	0	0	0	
0.999999	1.52852e-06	-0.00144673	1.52852e-06	0.999998	0.00211306	0.00144673	-0.00211306	0.999997	0.000528641	-0.000772122	0.730807	
0.999996	6.11825e-06	-0.00289433	6.11915e-06	0.999991	0.00422803	0.00289433	-0.00422803	0.999987	0.00211488	-0.00308918	1.46161	
0.999991	1.37755e-05	-0.00434278	1.37791e-05	0.99998	0.00634484	0.00434278	-0.00634484	0.99997	0.00475936	-0.00695255	2.1924	
0.999983	2.45065e-05	-0.00579204	2.45154e-05	0.999964	0.00846345	0.00579204	-0.00846345	0.999947	0.00846266	-0.0123636	2.92318	
0.999974	3.8317e-05	-0.00724207	3.83349e-05	0.999944	0.0105838	0.00724207	-0.0105838	0.999918	0.0132254	-0.0193235	3.65394	
0.999962	5.52127e-05	-0.00869284	5.52441e-05	0.999919	0.0127059	0.00869284	-0.0127059	0.999881	0.0190481	-0.0278337	4.38468	
0.999949	7.5199e-05	-0.0101443	7.52494e-05	0.99989	0.0148296	0.0101443	-0.0148296	0.999839	0.0259312	-0.0378953	5.11538	
0.999933	9.82812e-05	-0.0115965	9.83568e-05	0.999856	0.0169549	0.0115965	-0.0169549	0.999789	0.0338754	-0.0495095	5.84605	
0.999915	0.000124464	-0.0130492	0.000124572	0.999818	0.0190818	0.0130492	-0.0190818	0.999733	0.042881	-0.0626775	6.57669	
0.999895	0.000153753	-0.0145026	0.000153902	0.999775	0.0212102	0.0145026	-0.0212102	0.99967	0.0529486	-0.0774004	7.30728	
0.999873	0.000186152	-0.0159566	0.00018635	0.999728	0.0233401	0.0159566	-0.0233401	0.9996	0.0640785	-0.0936792	8.03782	
0.999848	0.000221665	-0.0174111	0.000221923	0.999676	0.0254713	0.0174111	-0.0254713	0.999524	0.0762712	-0.111515	8.76831	
0.999822	0.000260297	-0.0188661	0.000260626	0.999619	0.0276039	0.0188661	-0.0276039	0.999441	0.089527	-0.130909	9.49874	
0.999793	0.000302052	-0.0203215	0.000302463	0.999558	0.0297379	0.0203215	-0.0297379	0.999351	0.103846	-0.151862	10.2291	
0.999763	0.000346933	-0.0217774	0.000347439	0.999492	0.031873	0.0217774	-0.031873	0.999255	0.119229	-0.174375	10.9594	
0.99973	0.000394943	-0.0232337	0.000395558	0.999421	0.0340094	0.0232337	-0.0340094	0.999151	0.135677	-0.198449	11.6896	
0.999695	0.000446086	-0.0246904	0.000446824	0.999346	0.036147	0.0246903	-0.036147	0.999041	0.153188	-0.224084	12.4198	
0.999658	0.000500365	-0.0261473	0.000501242	0.999267	0.0382857	0.0261473	-0.0382857	0.998925	0.171765	-0.251282	13.1498	
0.999619	0.000557782	-0.0276046	0.000558815	0.999182	0.0404254	0.0276046	-0.0404254	0.998801	0.191406	-0.280043	13.8798	
0.999577	0.00061834	-0.0290622	0.000619546	0.999093	0.0425661	0.0290621	-0.0425661	0.998671	0.212112	-0.310369	14.6097	
0.999534	0.000682042	-0.0305199	0.000683439	0.999	0.0447078	0.0305199	-0.0447078	0.998534	0.233884	-0.342259	15.3395	
0.999488	0.000748889	-0.0319779	0.000750496	0.998902	0.0468504	0.0319779	-0.0468505	0.99839	0.256721	-0.375715	16.0692	
0.999441	0.000818884	-0.033436	0.000820721	0.998799	0.0489939	0.033436	-0.0489939	0.998239	0.280623	-0.410737	16.7988	
0.999391	0.000892027	-0.0348943	0.000894116	0.998691	0.0511382	0.0348942	-0.0511383	0.998082	0.305591	-0.447326	17.5282	
0.999339	0.000968321	-0.0363526	0.000970684	0.998579	0.0532833	0.0363526	-0.0532833	0.997918	0.331625	-0.485482	18.2576	
0.999284	0.00104777	-0.037811	0.00105043	0.998462	0.0554291	0.037811	-0.0554291	0.997746	0.358725	-0.525206	18.9868	
0.999228	0.00113036	-0.0392695	0.00113334	0.998341	0.0575755	0.0392694	-0.0575756	0.997569	0.38689	-0.566498	19.7159	
0.99917	0.00121612	-0.0407279	0.00121944	0.998214	0.0597226	0.0407278	-0.0597226	0.997384	0.416122	-0.609359	20.4449	
0.999109	0.00130502	-0.0421862	0.00130872	0.998083	0.0618702	0.0421861	-0.0618703	0.997192	0.446419	-0.65379	21.1737	
0.999046	0.00139708	-0.0436445	0.00140117	0.997948	0.0640183	0.0436444	-0.0640184	0.996994	0.477782	-0.69979	21.9024	
0.998981	0.00149229	-0.0451027	0.00149681	0.997807	0.0661669	0.0451026	-0.066167	0.996789	0.51021	-0.74736	22.6309	
0.998914	0.00159066	-0.0465608	0.00159563	0.997662	0.068316	0.0465606	-0.0683161	0.996577	0.543704	-0.796501	23.3593	
0.998845	0.00169218	-0.0480186	0.00169764	0.997513	0.0704654	0.0480185	-0.0704655	0.996358	0.578264	-0.847213	24.0875	
0.998774	0.00179686	-0.0494763	0.00180283	0.997358	0.0726151	0.0494761	-0.0726152	0.996132	0.613889	-0.899495	24.8156	
0.9987	0.00190468	-0.0509337	0.0019112	0.997199	0.0747651	0.0509335	-0.0747653	0.9959	0.650579	-0.953348	25.5435	
0.998625	0.00201566	-0.0523909	0.00202275	0.997036	0.0769153	0.0523906	-0.0769155	0.99566	0.688334	-1.00877	26.2712	
0.998547	0.00212979	-0.0538477	0.00213749	0.996867	0.0790657	0.0538474	-0.0790659	0.995414	0.727154	-1.06577	26.9987	
0.998467	0.00224707	-0.0553041	0.00225541	0.996694	0.0812162	0.0553038	-0.0812164	0.995161	0.767038	-1.12434	27.7261	
0.998385	0.00236749	-0.0567602	0.00237652	0.996516	0.0833668	0.0567599	-0.083367	0.994901	0.807986	-1.18448	28.4533	
0.998301	0.00249106	-0.0582159	0.0025008	0.996334	0.0855174	0.0582155	-0.0855177	0.994634	0.849999	-1.24619	29.1803	
0.998215	0.00261777	-0.0596712	0.00262826	0.996146	0.087668	0.0596707	-0.0876683	0.994361	0.893075	-1.30947	29.9071	
0.998126	0.00274762	-0.0611259	0.0027589	0.995954	0.0898185	0.0611254	-0.0898188	0.994081	0.937215	-1.37433	30.6336	
0.998036	0.00288061	-0.0625802	0.00289272	0.995758	0.0919688	0.0625796	-0.0919692	0.993793	0.982417	-1.44075	31.36	
0.997943	0.00301673	-0.0640339	0.00302971	0.995556	0.094119	0.0640333	-0.0941195	0.9935	1.02868	-1.50875	32.0862	
0.997848	0.00315599	-0.065487	0.00316988	0.99535	0.096269	0.0654864	-0.0962695	0.993199	1.07601	-1.57832	32.8121	
0.997752	0.00329837	-0.0669395	0.00331321	0.99514	0.0984187	0.0669388	-0.0984192	0.992891	1.1244	-1.64946	33.5379	
0.997653	0.00344388	-0.0683914	0.00345971	0.994924	0.100568	0.0683906	-0.100569	0.992577	1.17385	-1.72217	34.2634	
0.997552	0.00359251	-0.0698426	0.00360938	0.994704	0.102717	0.0698417	-0.102718	0.992256	1.22436	-1.79645	34.9886	
0.997448	0.00374426	-0.0712931	0.00376221	0.994479	0.104866	0.0712921	-0.104866	0.991928	1.27593	-1.8723	35.7136	
0.997343	0.00389913	-0.0727428	0.0039182	0.99425	0.107014	0.0727418	-0.107015	0.991593	1.32856	-1.94973	36.4384	
0.997236	0.0040571	-0.0741918	0.00407734	0.994016	0.109161	0.0741907	-0.109162	0.991251	1.38225	-2.02872	37.163	
0.997277	0.00399532	-0.0736319	0.00410704	0.993972	0.10956	0.0736257	-0.109564	0.991249	1.43626	-2.10864	37.8874	
0.997319	0.00393314	-0.0730703	0.00413663	0.993927	0.10996	0.0730591	-0.109967	0.991246	1.48986	-2.18886	38.6118	
0.99736	0.00387056	-0.0725073	0.00416613	0.993883	0.110362	0.0724909	-0.110372	0.991243	1.54305	-2.26937	39.3362	
0.997402	0.00380757	-0.0719426	0.00419551	0.993838	0.110765	0.0719211	-0.110779	0.991239	1.59581	-2.35018	40.0606	
0.997442	0.00374419	-0.0713765	0.00422478	0.993792	0.11117	0.0713497	-0.111187	0.991235	1.64817	-2.43129	40.785	
0.997483	0.00368041	-0.070809	0.00425393	0.993747	0.111576	0.0707768	-0.111597	0.99123	1.7001	-2.51269	41.5094	
0.997524	0.00361623	-0.07024	0.00428295	0.993701	0.111985	0.0702025	-0.112008	0.991224	1.75161	-2.5944	42.2338	
0.997564	0.00355166	-0.0696696	0.00431185	0.993654	0.112394	0.0696267	-0.112421	0.991218	1.80271	-2.67641	42.9582	
0.997604	0.0034867	-0.0690979	0.0043406	0.993608	0.112805	0.0690496	-0.112835	0.991212	1.85338	-2.75872	43.6826	
0.997644	0.00342135	-0.0685249	0.00436922	0.993561	0.113218	0.068471	-0.113251	0.991204	1.90363	-2.84133	44.407	
0.997683	0.00335561	-0.0679506	0.0043977	0.993513	0.113632	0.0678911	-0.113667	0.991197	1.95346	-2.92425	45.1314	
0.997722	0.00328949	-0.0673751	0.00442602	0.993465	0.114047	0.06731	-0.114086	0.991188	2.00286	-3.00747	45.8557	
0.997761	0.00322299	-0.0667983	0.00445419	0.993417	0.114464	0.0667276	-0.114505	0.991179	2.05184	-3.091	46.5801	
0.9978	0.0031561	-0.0662204	0.00448221	0.993369	0.114882	0.0661439	-0.114926	0.99117	2.10039	-3.17483	47.3045	
0.997838	0.00308884	-0.0656414	0.00451006	0.99332	0.115301	0.0655591	-0.115348	0.991159	2.14852	-3.25897	48.0288	
0.997877	0.0030212	-0.0650613	0.00453774	0.993271	0.115721	0.0649731	-0.115771	0.991149	2.19621	-3.34343	48.7532	
0.997915	0.00295319	-0.0644801	0.00456525	0.993222	0.116143	0.064386	-0.116195	0.991137	2.24348	-3.42819	49.4775	
0.997952	0.00288481	-0.0638978	0.00459258	0.993172	0.116566	0.0637978	-0.11662	0.991125	2.29032	-3.51326	50.2018	
0.99799	0.00281606	-0.0633146	0.00461974	0.993122	0.116989	0.0632086	-0.117047	0.991113	2.33673	-3.59864	50.9261	
0.998027	0.00274694	-0.0627304	0.00464671	0.993072	0.117414	0.0626184	-0.117474	0.9911	2.38271	-3.68434	51.6504	
0.998064	0.00267746	-0.0621454	0.00467349	0.993022	0.11784	0.0620272	-0.117902	0.991086	2.42825	-3.77034	52.3747	
0.9981	0.00260763	-0.0615594	0.00470007	0.992971	0.118267	0.0614351	-0.118332	0.991072	2.47337	-3.85666	53.099	
0.998136	0.00253744	-0.0609726	0.00472646	0.99292	0.118695	0.060842	-0.118762	0.991057	2.51805	-3.9433	53.8233	
0.998172	0.00246689	-0.0603849	0.00475265	0.992868	0.119123	0.0602481	-0.119193	0.991042	2.56229	-4.03025	54.5476	
0.998208	0.00239599	-0.0597965	0.00477864	0.992816	0.119553	0.0596534	-0.119624	0.991025	2.60611	-4.11751	55.2718	
0.998243	0.00232475	-0.0592074	0.00480442	0.992764	0.119983	0.0590579	-0.120057	0.991009	2.64948	-4.20509	55.9961	
0.998278	0.00225316	-0.0586175	0.00482998	0.992712	0.120415	0.0584616	-0.12049	0.990992	2.69243	-4.29299	56.7203	
0.998313	0.00218124	-0.058027	0.00485533	0.992659	0.120846	0.0578647	-0.120924	0.990974	2.73493	-4.38121	57.4445	
0.998347	0.00210897	-0.0574359	0.00488046	0.992606	0.121279	0.057267	-0.121359	0.990955	2.777	-4.46974	58.1687	
0.998381	0.00203637	-0.0568441	0.00490537	0.992553	0.121712	0.0566687	-0.121794	0.990936	2.81863	-4.55859	58.8929	
0.998415	0.00196344	-0.0562519	0.00493006	0.9925	0.122146	0.0560698	-0.12223	0.990917	2.85983	-4.64775	59.6171	
0.998448	0.00189019	-0.055659	0.00495451	0.992446	0.122581	0.0554703	-0.122666	0.990897	2.90059	-4.73724	60.3413	
0.998481	0.00181661	-0.0550657	0.00497873	0.992392	0.123016	0.0548703	-0.123103	0.990876	2.94091	-4.82704	61.0654	
0.998514	0.00174271	-0.054472	0.00500272	0.992338	0.123451	0.0542697	-0.12354	0.990854	2.98079	-4.91717	61.7895	
0.998546	0.0016685	-0.0538778	0.00502647	0.992284	0.123887	0.0536688	-0.123978	0.990833	3.02023	-5.00761	62.5137	
0.998578	0.00159397	-0.0532832	0.00504998	0.992229	0.124324	0.0530673	-0.124416	0.99081	3.05923	-5.09838	63.2378	
0.99861	0.00151914	-0.0526884	0.00507324	0.992174	0.124761	0.0524655	-0.124855	0.990787	3.09779	-5.18946	63.9618	
0.998641	0.001444	-0.0520932	0.00509626	0.992119	0.125198	0.0518634	-0.125293	0.990763	3.13591	-5.28087	64.6859	
0.998672	0.00136856	-0.0514977	0.00511903	0.992063	0.125635	0.0512609	-0.125732	0.990739	3.1736	-5.37259	65.41	
0.998703	0.00129283	-0.050902	0.00514155	0.992008	0.126073	0.0506581	-0.126171	0.990714	3.21084	-5.46464	66.134	
0.998733	0.00121681	-0.0503061	0.00516381	0.991952	0.126511	0.0500551	-0.126611	0.990689	3.24764	-5.55701	66.858	
0.998763	0.00114049	-0.04971	0.00518582	0.991896	0.126949	0.0494519	-0.12705	0.990663	3.284	-5.6497	67.582	
0.998793	0.0010639	-0.0491138	0.00520756	0.991839	0.127388	0.0488485	-0.12749	0.990636	3.31992	-5.74271	68.306	
0.998822	0.000987029	-0.0485175	0.00522905	0.991783	0.127826	0.048245	-0.127929	0.990609	3.3554	-5.83604	69.0299	
0.998851	0.000909883	-0.0479212	0.00525027	0.991726	0.128265	0.0476414	-0.128369	0.990582	3.39043	-5.92969	69.7539	
0.998879	0.000832468	-0.0473248	0.00527123	0.991669	0.128703	0.0470377	-0.128808	0.990553	3.42503	-6.02366	70.4778	
0.998907	0.000754788	-0.0467285	0.00529192	0.991612	0.129142	0.046434	-0.129248	0.990525	3.45918	-6.11796	71.2017	
0.99946	-0.000971486	-0.0328594	0.00482791	0.993063	0.117487	0.0325173	-0.117582	0.992531	3.48803	-6.20815	71.9263	
