1	0	0	0	1	0	0	0	1	0	0	0	
1	-1.493e-07	-0.000161175	-1.493e-07	0.999998	-0.00185265	0.000161175	0.00185265	0.999998	7.59882e-05	0.00087346	0.942929	
1	-5.98644e-07	-0.000322686	-5.9903e-07	0.999993	-0.00371157	0.000322686	0.00371157	0.999993	0.000304111	0.00349679	1.88585	
1	-1.35025e-06	-0.000484525	-1.3518e-06	0.999984	-0.00557666	0.000484525	0.00557666	0.999984	0.000684683	0.00787587	2.82877	
1	-2.4063e-06	-0.000646684	-2.41018e-06	0.999972	-0.00744786	0.000646684	0.00744786	0.999972	0.00121801	0.0140165	3.77168	
1	-3.7689e-06	-0.000809155	-3.77669e-06	0.999957	-0.00932507	0.000809155	0.00932507	0.999956	0.00190439	0.0219243	4.71458	
1	-5.44012e-06	-0.000971928	-5.4538e-06	0.999937	-0.0112082	0.000971928	0.0112082	0.999937	0.0027441	0.031605	5.65746	
0.999999	-7.42199e-06	-0.001135	-7.44395e-06	0.999914	-0.0130972	0.001135	0.0130972	0.999914	0.00373744	0.0430642	6.60032	
0.999999	-9.71646e-06	-0.00129835	-9.7495e-06	0.999888	-0.014992	0.00129835	0.014992	0.999887	0.00488468	0.0563073	7.54315	
0.999999	-1.23254e-05	-0.00146198	-1.23728e-05	0.999857	-0.0168925	0.00146198	0.0168925	0.999856	0.00618608	0.0713397	8.48596	
0.999999	-1.52508e-05	-0.00162588	-1.53161e-05	0.999823	-0.0187985	0.00162588	0.0187985	0.999822	0.0076419	0.0881667	9.42874	
0.999998	-1.84943e-05	-0.00179004	-1.85817e-05	0.999786	-0.0207101	0.00179004	0.0207101	0.999784	0.00925238	0.106794	10.3715	
0.999998	-2.20578e-05	-0.00195446	-2.21717e-05	0.999744	-0.0226272	0.00195446	0.0226272	0.999742	0.0110178	0.127226	11.3142	
0.999998	-2.59429e-05	-0.00211912	-2.60883e-05	0.999699	-0.0245496	0.00211911	0.0245496	0.999696	0.0129383	0.149468	12.2569	
0.999997	-3.01513e-05	-0.00228401	-3.03336e-05	0.999649	-0.0264772	0.00228401	0.0264772	0.999647	0.0150142	0.173525	13.1995	
0.999997	-3.46846e-05	-0.00244913	-3.49096e-05	0.999596	-0.0284101	0.00244913	0.0284101	0.999593	0.0172457	0.199403	14.142	
0.999997	-3.95443e-05	-0.00261447	-3.98182e-05	0.999539	-0.0303481	0.00261447	0.0303481	0.999536	0.0196331	0.227105	15.0846	
0.999996	-4.47318e-05	-0.00278002	-4.50615e-05	0.999479	-0.032291	0.00278002	0.032291	0.999475	0.0221764	0.256637	16.027	
0.999996	-5.02487e-05	-0.00294578	-5.06413e-05	0.999414	-0.034239	0.00294577	0.034239	0.999409	0.0248759	0.288004	16.9694	
0.999995	-5.60963e-05	-0.00311173	-5.65595e-05	0.999345	-0.0361917	0.00311172	0.0361917	0.99934	0.0277318	0.321209	17.9118	
0.999995	-6.22759e-05	-0.00327786	-6.28178e-05	0.999272	-0.0381493	0.00327785	0.0381493	0.999267	0.0307442	0.356259	18.854	
0.999994	-6.87888e-05	-0.00344417	-6.9418e-05	0.999195	-0.0401115	0.00344416	0.0401115	0.999189	0.0339134	0.393156	19.7962	
0.999993	-7.56362e-05	-0.00361065	-7.63617e-05	0.999114	-0.0420784	0.00361064	0.0420784	0.999108	0.0372395	0.431905	20.7384	
0.999993	-8.28193e-05	-0.0037773	-8.36505e-05	0.999029	-0.0440497	0.00377728	0.0440497	0.999022	0.0407226	0.472512	21.6804	
0.999992	-9.03391e-05	-0.00394409	-9.12861e-05	0.99894	-0.0460255	0.00394407	0.0460255	0.998932	0.044363	0.514979	22.6224	
0.999992	-9.81966e-05	-0.00411104	-9.927e-05	0.998847	-0.0480056	0.00411101	0.0480056	0.998839	0.0481607	0.559311	23.5643	
0.999991	-0.000106393	-0.00427811	-0.000107604	0.99875	-0.0499899	0.00427808	0.0499899	0.998741	0.0521158	0.605513	24.5061	
0.99999	-0.000114929	-0.00444532	-0.000116288	0.998648	-0.0519785	0.00444528	0.0519785	0.998638	0.0562286	0.653587	25.4477	
0.999989	-0.000123806	-0.00461265	-0.000125326	0.998542	-0.0539711	0.00461261	0.0539711	0.998532	0.0604991	0.703539	26.3893	
0.999989	-0.000133024	-0.00478009	-0.000134717	0.998433	-0.0559677	0.00478004	0.0559677	0.998421	0.0649274	0.755371	27.3308	
0.999988	-0.000142584	-0.00494763	-0.000144463	0.998318	-0.0579683	0.00494757	0.0579683	0.998306	0.0695136	0.809088	28.2722	
0.999987	-0.000152487	-0.00511527	-0.000154565	0.9982	-0.0599726	0.00511521	0.0599726	0.998187	0.0742579	0.864693	29.2135	
0.999986	-0.000162734	-0.005283	-0.000165025	0.998077	-0.0619807	0.00528293	0.0619808	0.998063	0.0791602	0.92219	30.1547	
0.999985	-0.000173325	-0.0054508	-0.000175844	0.99795	-0.0639925	0.00545072	0.0639925	0.997935	0.0842207	0.981582	31.0957	
0.999984	-0.00018426	-0.00561868	-0.000187022	0.997819	-0.0660078	0.00561859	0.0660078	0.997803	0.0894395	1.04287	32.0366	
0.999983	-0.000195541	-0.00578663	-0.00019856	0.997683	-0.0680266	0.00578652	0.0680267	0.997667	0.0948167	1.10606	32.9774	
0.999982	-0.000207167	-0.00595463	-0.00021046	0.997544	-0.0700488	0.00595451	0.0700489	0.997526	0.100352	1.17116	33.9181	
0.999981	-0.000219139	-0.00612267	-0.000222723	0.997399	-0.0720744	0.00612254	0.0720744	0.99738	0.106046	1.23817	34.8586	
0.99998	-0.000231458	-0.00629076	-0.000235348	0.997251	-0.0741031	0.00629062	0.0741031	0.997231	0.111898	1.30709	35.799	
0.999979	-0.000244123	-0.00645888	-0.000248337	0.997097	-0.076135	0.00645872	0.076135	0.997077	0.117909	1.37792	36.7392	
0.999978	-0.000257135	-0.00662703	-0.000261692	0.99694	-0.0781699	0.00662685	0.0781699	0.996918	0.124079	1.45067	37.6793	
0.999977	-0.000270493	-0.00679519	-0.000275411	0.996778	-0.0802077	0.00679499	0.0802077	0.996755	0.130407	1.52534	38.6193	
0.999976	-0.000284199	-0.00696335	-0.000289496	0.996612	-0.0822485	0.00696314	0.0822485	0.996588	0.136893	1.60193	39.5591	
0.999975	-0.000298252	-0.00713152	-0.000303948	0.996441	-0.084292	0.00713128	0.084292	0.996416	0.143538	1.68045	40.4987	
0.999973	-0.000312651	-0.00729969	-0.000318766	0.996266	-0.0863382	0.00729942	0.0863382	0.996239	0.150342	1.76089	41.4382	
0.999972	-0.000327398	-0.00746783	-0.000333952	0.996086	-0.088387	0.00746754	0.0883871	0.996058	0.157304	1.84327	42.3775	
0.999971	-0.000342491	-0.00763596	-0.000349506	0.995902	-0.0904384	0.00763564	0.0904384	0.995873	0.164424	1.92758	43.3166	
0.999969	-0.000357931	-0.00780405	-0.000365428	0.995713	-0.0924922	0.0078037	0.0924922	0.995683	0.171703	2.01383	44.2555	
0.999968	-0.000373718	-0.00797211	-0.000381718	0.99552	-0.0945483	0.00797173	0.0945483	0.995488	0.179141	2.10201	45.1943	
0.999967	-0.00038985	-0.00814012	-0.000398377	0.995323	-0.0966067	0.00813971	0.0966067	0.995289	0.186737	2.19213	46.1329	
0.999965	-0.000406328	-0.00830808	-0.000415404	0.99512	-0.0986672	0.00830763	0.0986673	0.995086	0.194491	2.2842	47.0713	
0.999964	-0.000423152	-0.00847597	-0.0004328	0.994914	-0.10073	0.00847548	0.10073	0.994878	0.202404	2.3782	48.0095	
0.999963	-0.00044032	-0.0086438	-0.000450565	0.994703	-0.102795	0.00864327	0.102795	0.994665	0.210475	2.47416	48.9475	
0.999961	-0.000457832	-0.00881155	-0.000468698	0.994487	-0.104861	0.00881098	0.104861	0.994448	0.218704	2.57206	49.8853	
0.99996	-0.000475689	-0.00897922	-0.000487201	0.994266	-0.106929	0.0089786	0.106929	0.994226	0.227091	2.67191	50.8229	
0.999958	-0.000493888	-0.00914679	-0.000506072	0.994042	-0.109	0.00914613	0.109	0.994	0.235636	2.77372	51.7602	
0.999956	-0.00051243	-0.00931427	-0.000525311	0.993812	-0.111071	0.00931355	0.111071	0.993769	0.244339	2.87747	52.6974	
0.999955	-0.000531313	-0.00948164	-0.000544919	0.993578	-0.113145	0.00948087	0.113145	0.993533	0.2532	2.98318	53.6344	
0.999953	-0.000550538	-0.0096489	-0.000564894	0.99334	-0.115219	0.00964807	0.115219	0.993293	0.262219	3.09085	54.5711	
0.999952	-0.000570102	-0.00981603	-0.000585238	0.993097	-0.117295	0.00981514	0.117295	0.993049	0.271395	3.20047	55.5076	
0.99995	-0.000590006	-0.00998304	-0.000605948	0.992849	-0.119373	0.00998209	0.119373	0.992799	0.280729	3.31205	56.4438	
0.999948	-0.000610247	-0.0101499	-0.000627025	0.992597	-0.121451	0.0101489	0.121452	0.992545	0.29022	3.42559	57.3798	
0.999974	-0.000257525	-0.00727303	-0.000631191	0.992539	-0.121927	0.00725017	0.121928	0.992512	0.298423	3.54034	58.3157	
0.99999	9.67315e-05	-0.00439506	-0.000633992	0.99248	-0.122406	0.00435017	0.122408	0.99247	0.303892	3.65553	59.2516	
0.999999	0.000452517	-0.00151613	-0.000635403	0.99242	-0.122889	0.00144902	0.12289	0.992419	0.306626	3.77118	60.1874	
0.999999	0.000809827	0.00136363	-0.000635402	0.99236	-0.123375	-0.00145313	0.123374	0.992359	0.306624	3.88729	61.1231	
0.99999	0.00116866	0.00424408	-0.000633969	0.992299	-0.123865	-0.00435615	0.123861	0.99229	0.303885	4.00385	62.0588	
0.999973	0.001529	0.00712509	-0.000631084	0.992237	-0.124358	-0.00725992	0.12435	0.992212	0.298409	4.12087	62.9945	
0.999948	0.00189085	0.0100065	-0.00062673	0.992175	-0.124854	-0.0101643	0.124841	0.992125	0.290194	4.23836	63.93	
0.999914	0.00225419	0.0128882	-0.000620891	0.992112	-0.125353	-0.0130692	0.125334	0.992029	0.27924	4.35631	64.8655	
0.999872	0.00261903	0.0157701	-0.000613554	0.992049	-0.125854	-0.0159744	0.125828	0.991923	0.265547	4.47472	65.8008	
0.999822	0.00298535	0.018652	-0.000604706	0.991985	-0.126357	-0.0188798	0.126323	0.991809	0.249115	4.5936	66.7361	
0.999762	0.00335314	0.0215339	-0.000594337	0.99192	-0.126863	-0.0217852	0.12682	0.991686	0.229943	4.71295	67.6712	
0.999695	0.00372239	0.0244154	-0.000582436	0.991855	-0.127371	-0.0246907	0.127318	0.991555	0.208031	4.83277	68.6063	
0.999619	0.00409309	0.0272966	-0.000568997	0.991789	-0.127881	-0.0275959	0.127816	0.991414	0.183379	4.95305	69.5412	
0.999535	0.00446524	0.0301773	-0.000554014	0.991723	-0.128392	-0.0305008	0.128315	0.991264	0.155989	5.07381	70.4759	
0.999442	0.0048388	0.0330574	-0.000537482	0.991657	-0.128905	-0.0334053	0.128815	0.991106	0.125859	5.19504	71.4105	
0.998525	0.0074178	0.0537843	-0.00101494	0.993	-0.118109	-0.054284	0.117881	0.991543	0.084515	5.31135	72.3453	
0.997172	0.0097675	0.0745147	-0.00171961	0.994224	-0.107312	-0.0751324	0.106881	0.991429	0.023497	5.41732	73.2803	
0.995384	0.0118866	0.0952369	-0.00265108	0.995328	-0.0965193	-0.0959392	0.0958213	0.990764	-0.057161	5.5129	74.2149	
0.993161	0.0137739	0.115939	-0.00380885	0.996311	-0.0857366	-0.116693	0.0847087	0.989549	-0.157414	5.59801	75.1485	
0.990505	0.0154283	0.136611	-0.00519226	0.997172	-0.0749702	-0.137381	0.073549	0.987784	-0.277206	5.67263	76.0808	
0.987417	0.016849	0.15724	-0.00680056	0.997912	-0.064226	-0.157993	0.0623485	0.98547	-0.416472	5.7367	77.0112	
0.983899	0.0180352	0.177814	-0.00863284	0.99853	-0.0535099	-0.178518	0.0511133	0.982608	-0.575132	5.7902	77.9391	
0.979953	0.0189861	0.198323	-0.0106881	0.999025	-0.042828	-0.198943	0.0398497	0.9792	-0.7531	5.83309	78.8641	
0.975581	0.0197013	0.218756	-0.0129652	0.999398	-0.0321862	-0.219258	0.028564	0.975249	-0.950276	5.86534	79.7856	
0.970785	0.0201804	0.239099	-0.0154628	0.999647	-0.0215903	-0.239451	0.0172624	0.970755	-1.16655	5.88695	80.7031	
0.965569	0.0204231	0.259344	-0.0181796	0.999774	-0.0110463	-0.259511	0.00595123	0.965722	-1.4018	5.89789	81.6161	
0.959935	0.0204292	0.279477	-0.0211141	0.999777	-0.000560081	-0.279426	-0.00536326	0.960152	-1.65591	5.89817	82.5241	
0.953886	0.0201988	0.299489	-0.0242646	0.999657	0.00986261	-0.299187	-0.0166748	0.954049	-1.92871	5.88778	83.4267	
0.947426	0.019732	0.319367	-0.0276294	0.999414	0.020216	-0.318781	-0.027977	0.947416	-2.22008	5.86673	84.3232	
0.940558	0.0190291	0.339101	-0.0312066	0.999048	0.0304942	-0.338198	-0.0392637	0.940256	-2.52983	5.83502	85.2132	
0.933285	0.0180904	0.35868	-0.0349942	0.998559	0.0406916	-0.357427	-0.0505286	0.932573	-2.85781	5.79269	86.0962	
0.925613	0.0169165	0.378093	-0.0389902	0.997947	0.0508026	-0.376457	-0.0617654	0.924373	-3.20383	5.73974	86.9717	
0.917545	0.0155079	0.397329	-0.0431922	0.997214	0.0608214	-0.395278	-0.0729679	0.915659	-3.56769	5.67622	87.8393	
0.909086	0.0138656	0.416377	-0.047598	0.996358	0.0707426	-0.41388	-0.0841298	0.906436	-3.9492	5.60215	88.6984	
0.900241	0.0119904	0.435228	-0.0522051	0.995382	0.0805606	-0.432252	-0.095245	0.896709	-4.34814	5.51758	89.5485	
0.891013	0.00988332	0.453869	-0.057011	0.994284	0.0902699	-0.450383	-0.106307	0.886484	-4.76429	5.42255	90.3893	
0.88141	0.00754558	0.472292	-0.062013	0.993067	0.0998653	-0.468264	-0.11731	0.875767	-5.19742	5.31711	91.2202	
0.871435	0.00497846	0.490486	-0.0672083	0.99173	0.109341	-0.485885	-0.128248	0.864562	-5.64729	5.20134	92.0407	
