1	0	0	0	1	0	0	0	1	0	0	0	
0.999997	-2.65811e-06	-0.00247103	-2.65811e-06	0.999998	-0.00215141	0.00247103	0.00215141	0.999995	0.000942239	0.000820362	0.762625	
0.999988	-1.06443e-05	-0.00494417	-1.06498e-05	0.999991	-0.00430688	0.00494417	0.00430688	0.999979	0.00376976	0.00328299	1.52524	
0.999972	-2.39775e-05	-0.00741933	-2.39996e-05	0.999979	-0.00646634	0.00741933	0.00646634	0.999952	0.00848412	0.00739097	2.28784	
0.999951	-4.26763e-05	-0.00989646	-4.27315e-05	0.999963	-0.00862976	0.00989646	0.00862976	0.999914	0.0150869	0.0131473	3.05042	
0.999923	-6.67588e-05	-0.0123755	-6.68693e-05	0.999942	-0.0107971	0.0123755	0.0107971	0.999865	0.0235795	0.020555	3.81296	
0.99989	-9.6243e-05	-0.0148564	-9.64366e-05	0.999916	-0.0129682	0.0148564	0.0129682	0.999806	0.0339633	0.0296171	4.57546	
0.99985	-0.000131146	-0.017339	-0.000131456	0.999885	-0.0151432	0.017339	0.0151432	0.999735	0.0462399	0.0403363	5.33791	
0.999803	-0.000171486	-0.0198233	-0.000171951	0.99985	-0.0173219	0.0198233	0.0173219	0.999653	0.0604104	0.0527157	6.10031	
0.999751	-0.000217278	-0.0223093	-0.000217944	0.99981	-0.0195043	0.0223093	0.0195043	0.999561	0.0764761	0.066758	6.86263	
0.999692	-0.00026854	-0.0247968	-0.000269457	0.999765	-0.0216903	0.0247968	0.0216903	0.999457	0.0944383	0.0824661	7.62489	
0.999628	-0.000325287	-0.0272859	-0.000326511	0.999715	-0.0238799	0.0272859	0.0238799	0.999342	0.114298	0.0998426	8.38706	
0.999557	-0.000387536	-0.0297764	-0.000389129	0.99966	-0.026073	0.0297764	0.026073	0.999216	0.136057	0.11889	9.14913	
0.999479	-0.0004553	-0.0322682	-0.00045733	0.9996	-0.0282696	0.0322682	0.0282696	0.999079	0.159715	0.139612	9.91111	
0.999395	-0.000528597	-0.0347614	-0.000531137	0.999536	-0.0304696	0.0347614	0.0304697	0.998931	0.185274	0.16201	10.673	
0.999306	-0.00060744	-0.0372558	-0.00061057	0.999466	-0.032673	0.0372558	0.0326731	0.998771	0.212736	0.186087	11.4347	
0.999209	-0.000691843	-0.0397514	-0.000695648	0.999391	-0.0348797	0.0397513	0.0348798	0.998601	0.242099	0.211846	12.1964	
0.999107	-0.00078182	-0.0422481	-0.000786391	0.999312	-0.0370897	0.042248	0.0370898	0.998418	0.273367	0.239289	12.9578	
0.998998	-0.000877386	-0.0447459	-0.000882819	0.999227	-0.0393029	0.0447458	0.039303	0.998225	0.306539	0.268419	13.7192	
0.998883	-0.000978552	-0.0472446	-0.000984952	0.999137	-0.0415192	0.0472445	0.0415194	0.99802	0.341616	0.299237	14.4804	
0.998761	-0.00108533	-0.0497442	-0.00109281	0.999042	-0.0437387	0.0497441	0.0437389	0.997804	0.378599	0.331747	15.2414	
0.998634	-0.00119774	-0.0522447	-0.0012064	0.998942	-0.0459612	0.0522445	0.0459614	0.997576	0.417489	0.365951	16.0023	
0.998499	-0.00131579	-0.054746	-0.00132576	0.998837	-0.0481866	0.0547458	0.0481869	0.997337	0.458285	0.401851	16.763	
0.998359	-0.00143948	-0.057248	-0.00145089	0.998727	-0.050415	0.0572478	0.0504154	0.997086	0.50099	0.43945	17.5235	
0.998212	-0.00156884	-0.0597507	-0.00158182	0.998612	-0.0526463	0.0597504	0.0526467	0.996824	0.545603	0.478749	18.2838	
0.998059	-0.00170387	-0.062254	-0.00171856	0.998491	-0.0548805	0.0622536	0.0548809	0.99655	0.592125	0.51975	19.0439	
0.997899	-0.00184459	-0.0647577	-0.00186113	0.998366	-0.0571174	0.0647573	0.0571179	0.996265	0.640556	0.562457	19.8038	
0.997733	-0.001991	-0.067262	-0.00200954	0.998235	-0.059357	0.0672614	0.0593576	0.995968	0.690896	0.606871	20.5634	
0.997561	-0.00214312	-0.0697666	-0.00216381	0.998099	-0.0615993	0.069766	0.0616	0.99566	0.743147	0.652994	21.3229	
0.997382	-0.00230095	-0.0722716	-0.00232396	0.997957	-0.0638442	0.0722709	0.063845	0.99534	0.797307	0.700827	22.0821	
0.997197	-0.0024645	-0.0747769	-0.00249001	0.99781	-0.0660917	0.074776	0.0660926	0.995008	0.853378	0.750374	22.841	
0.997006	-0.00263378	-0.0772824	-0.00266195	0.997658	-0.0683416	0.0772814	0.0683427	0.994664	0.91136	0.801636	23.5997	
0.996808	-0.00280881	-0.079788	-0.00283983	0.997501	-0.070594	0.0797869	0.0705953	0.994309	0.971252	0.854615	24.3581	
0.996604	-0.00298959	-0.0822937	-0.00302363	0.997338	-0.0728488	0.0822924	0.0728502	0.993942	1.03306	0.909313	25.1163	
0.996393	-0.00317612	-0.0847994	-0.00321339	0.99717	-0.075106	0.0847979	0.0751075	0.993563	1.09677	0.965731	25.8741	
0.996176	-0.00336842	-0.087305	-0.00340912	0.996997	-0.0773654	0.0873034	0.0773672	0.993173	1.16239	1.02387	26.6317	
0.995952	-0.00356649	-0.0898106	-0.00361082	0.996818	-0.079627	0.0898088	0.079629	0.992771	1.22993	1.08374	27.389	
0.995723	-0.00377035	-0.0923159	-0.00381851	0.996634	-0.0818908	0.0923139	0.0818931	0.992357	1.29937	1.14533	28.1459	
0.995486	-0.00397998	-0.0948211	-0.0040322	0.996444	-0.0841568	0.0948188	0.0841593	0.991931	1.37073	1.20865	28.9026	
0.995244	-0.00419542	-0.0973259	-0.00425191	0.996249	-0.0864248	0.0973234	0.0864275	0.991493	1.444	1.27369	29.6589	
0.994995	-0.00441665	-0.0998304	-0.00447765	0.996049	-0.0886948	0.0998276	0.0886978	0.991043	1.51917	1.34047	30.4148	
0.994739	-0.00464368	-0.102334	-0.00470943	0.995843	-0.0909667	0.102331	0.0909701	0.990582	1.59626	1.40898	31.1705	
0.994477	-0.00487652	-0.104838	-0.00494725	0.995631	-0.0932406	0.104835	0.0932443	0.990109	1.67525	1.47922	31.9257	
0.994209	-0.00511518	-0.107341	-0.00519114	0.995414	-0.0955163	0.107337	0.0955203	0.989623	1.75616	1.5512	32.6806	
0.993934	-0.00535966	-0.109843	-0.0054411	0.995192	-0.0977937	0.109839	0.0977982	0.989126	1.83897	1.62492	33.4351	
0.993653	-0.00560996	-0.112345	-0.00569715	0.994964	-0.100073	0.112341	0.100078	0.988617	1.92369	1.70037	34.1893	
0.993366	-0.00586608	-0.114846	-0.00595929	0.99473	-0.102354	0.114841	0.102359	0.988096	2.01032	1.77756	34.943	
0.993072	-0.00612804	-0.117346	-0.00622753	0.994491	-0.104636	0.117341	0.104642	0.987563	2.09885	1.85649	35.6964	
0.992772	-0.00639583	-0.119846	-0.00650188	0.994246	-0.10692	0.11984	0.106927	0.987018	2.18929	1.93717	36.4493	
0.992465	-0.00666946	-0.122344	-0.00678235	0.993996	-0.109206	0.122338	0.109213	0.986461	2.28164	2.01958	37.2018	
0.992152	-0.00694893	-0.124841	-0.00706895	0.99374	-0.111493	0.124835	0.1115	0.985892	2.37589	2.10375	37.9539	
0.991833	-0.00723424	-0.127338	-0.00736169	0.993479	-0.113781	0.12733	0.113789	0.985312	2.47204	2.18965	38.7056	
0.991507	-0.00752539	-0.129833	-0.00766058	0.993211	-0.116071	0.129825	0.11608	0.984719	2.5701	2.2773	39.4568	
0.991175	-0.00782239	-0.132327	-0.00796562	0.992939	-0.118362	0.132318	0.118371	0.984114	2.67006	2.3667	40.2075	
0.990933	-0.00804193	-0.134114	-0.00863698	0.992329	-0.12332	0.134077	0.12336	0.983263	2.77164	2.45888	40.9577	
0.990687	-0.00827157	-0.135907	-0.00931784	0.991694	-0.128278	0.135839	0.12835	0.982382	2.87456	2.55486	41.7072	
0.990437	-0.00851135	-0.137706	-0.0100082	0.991034	-0.133237	0.137606	0.133341	0.981471	2.97883	2.65465	42.4561	
0.990182	-0.00876133	-0.139512	-0.0107081	0.990347	-0.138194	0.139376	0.138332	0.98053	3.08445	2.75824	43.2042	
0.989922	-0.00902156	-0.141323	-0.0114176	0.989635	-0.143152	0.141149	0.143323	0.979559	3.19142	2.86564	43.9516	
0.989659	-0.00929208	-0.143139	-0.0121366	0.988897	-0.148108	0.142926	0.148313	0.978558	3.29974	2.97684	44.6983	
0.989391	-0.00957294	-0.144961	-0.0128652	0.988133	-0.153063	0.144706	0.153304	0.977527	3.40942	3.09185	45.4441	
0.989119	-0.00986416	-0.146787	-0.0136034	0.987343	-0.158016	0.146488	0.158293	0.976465	3.52045	3.21067	46.1892	
0.988842	-0.0101658	-0.148618	-0.0143511	0.986527	-0.162967	0.148272	0.163282	0.975374	3.63285	3.33329	46.9335	
0.988562	-0.0104779	-0.150453	-0.0151084	0.985685	-0.167916	0.150058	0.168269	0.974253	3.7466	3.45972	47.6769	
0.988277	-0.0108004	-0.152292	-0.0158753	0.984818	-0.172863	0.151847	0.173254	0.973101	3.86173	3.58994	48.4195	
0.987987	-0.0111334	-0.154134	-0.0166519	0.983924	-0.177807	0.153636	0.178238	0.971919	3.97821	3.72397	49.1611	
0.987693	-0.0114769	-0.155981	-0.017438	0.983005	-0.182748	0.155427	0.183219	0.970708	4.09606	3.8618	49.9019	
0.987395	-0.0118309	-0.15783	-0.0182336	0.98206	-0.187686	0.157219	0.188198	0.969466	4.21528	4.00343	50.6417	
0.987093	-0.0121955	-0.159682	-0.0190389	0.981089	-0.19262	0.159011	0.193174	0.968194	4.33586	4.14885	51.3806	
0.986787	-0.0125706	-0.161537	-0.0198538	0.980092	-0.197551	0.160804	0.198148	0.966892	4.45781	4.29807	52.1184	
0.986476	-0.0129562	-0.163394	-0.0206782	0.979069	-0.202477	0.162597	0.203117	0.96556	4.58113	4.45107	52.8553	
0.986161	-0.0133524	-0.165253	-0.0215121	0.97802	-0.207399	0.16439	0.208083	0.964198	4.70581	4.60787	53.5911	
0.985841	-0.0137591	-0.167114	-0.0223557	0.976945	-0.212316	0.166183	0.213046	0.962806	4.83187	4.76845	54.3259	
0.985518	-0.0141763	-0.168977	-0.0232087	0.975845	-0.217228	0.167975	0.218004	0.961384	4.95928	4.93282	55.0597	
0.98519	-0.0146041	-0.170841	-0.0240713	0.974719	-0.222135	0.169766	0.222957	0.959932	5.08807	5.10096	55.7923	
0.984859	-0.0150424	-0.172706	-0.0249433	0.973567	-0.227036	0.171556	0.227906	0.95845	5.21822	5.27288	56.5238	
0.984523	-0.0154911	-0.174571	-0.0258249	0.972389	-0.231932	0.173344	0.23285	0.956939	5.34974	5.44858	57.2542	
0.984183	-0.0159504	-0.176437	-0.0267159	0.971186	-0.236821	0.175131	0.237789	0.955398	5.48261	5.62804	57.9834	
0.983839	-0.01642	-0.178303	-0.0276163	0.969957	-0.241705	0.176915	0.242722	0.953827	5.61685	5.81126	58.7114	
0.98349	-0.0169001	-0.180169	-0.0285262	0.968702	-0.246581	0.178698	0.24765	0.952227	5.75245	5.99825	59.4382	
0.983138	-0.0173906	-0.182035	-0.0294454	0.967422	-0.251451	0.180478	0.252571	0.950597	5.88941	6.18899	60.1637	
0.982782	-0.0178914	-0.1839	-0.030374	0.966116	-0.256314	0.182255	0.257486	0.948938	6.02773	6.38348	60.8881	
0.982422	-0.0184025	-0.185764	-0.0313119	0.964785	-0.261169	0.184029	0.262395	0.94725	6.1674	6.58172	61.6111	
0.982058	-0.0189239	-0.187627	-0.0322591	0.963428	-0.266017	0.1858	0.267297	0.945532	6.30842	6.7837	62.3329	
0.98169	-0.0194554	-0.189489	-0.0332155	0.962046	-0.270857	0.187567	0.272192	0.943785	6.45079	6.98942	63.0533	
0.981318	-0.0199972	-0.191349	-0.0341812	0.960639	-0.275689	0.18933	0.277079	0.942009	6.5945	7.19886	63.7724	
0.980943	-0.020549	-0.193207	-0.0351561	0.959206	-0.280512	0.19109	0.281959	0.940204	6.73956	7.41203	64.4901	
0.980564	-0.0211109	-0.195063	-0.0361401	0.957749	-0.285327	0.192845	0.286831	0.93837	6.88596	7.62892	65.2064	
0.980181	-0.0216828	-0.196916	-0.0371332	0.956266	-0.290133	0.194595	0.291694	0.936508	7.0337	7.84952	65.9213	
0.979794	-0.0222646	-0.198767	-0.0381354	0.954758	-0.294929	0.196341	0.29655	0.934617	7.18277	8.07382	66.6348	
0.979404	-0.0228563	-0.200614	-0.0391466	0.953225	-0.299717	0.198081	0.301397	0.932697	7.33317	8.30183	67.3468	
0.97901	-0.0234577	-0.202459	-0.0401667	0.951667	-0.304494	0.199816	0.306235	0.930749	7.48489	8.53353	68.0574	
0.978612	-0.0240689	-0.2043	-0.0411958	0.950084	-0.309262	0.201546	0.311064	0.928773	7.63793	8.76891	68.7665	
0.978212	-0.0246897	-0.206137	-0.0422337	0.948477	-0.31402	0.203269	0.315883	0.926768	7.7923	9.00798	69.474	
0.977807	-0.02532	-0.207971	-0.0432805	0.946845	-0.318767	0.204987	0.320694	0.924736	7.94797	9.25071	70.18	
0.97858	-0.0240643	-0.204457	-0.0470673	0.940688	-0.335993	0.200416	0.338419	0.919405	8.10256	9.50205	70.8832	
0.979334	-0.0227412	-0.200965	-0.050768	0.934201	-0.353116	0.195772	0.356021	0.913741	8.25364	9.76685	71.5822	
0.980071	-0.0213514	-0.197494	-0.0543813	0.927387	-0.37013	0.191057	0.373494	0.907744	8.40114	10.045	72.2768	
0.98079	-0.0198952	-0.194048	-0.0579058	0.920248	-0.387029	0.186272	0.390831	0.901418	8.54503	10.3365	72.9667	
0.981491	-0.0183733	-0.190626	-0.0613404	0.912786	-0.403807	0.18142	0.408025	0.894764	8.68524	10.6411	73.6516	
