1	0	0	0	1	0	0	0	1	0	0	0	
0.999998	-3.34651e-06	0.00210719	-3.34651e-06	0.999995	0.00317627	-0.00210719	-0.00317627	0.999993	-0.000814673	-0.001228	0.77323	
0.999991	-1.3393e-05	0.00421512	-1.3397e-05	0.99998	0.00635559	-0.00421512	-0.00635559	0.999971	-0.00325898	-0.00491317	1.54645	
0.99998	-3.01506e-05	0.00632376	-3.01668e-05	0.999955	0.00953789	-0.00632376	-0.00953789	0.999935	-0.00733349	-0.0110579	2.31965	
0.999964	-5.36301e-05	0.00843305	-5.36707e-05	0.999919	0.0127231	-0.00843305	-0.0127231	0.999883	-0.0130387	-0.0196643	3.09281	
0.999944	-8.38422e-05	0.0105429	-8.39233e-05	0.999873	0.0159111	-0.0105429	-0.0159111	0.999818	-0.0203752	-0.0307348	3.86593	
0.99992	-0.000120797	0.0126534	-0.000120939	0.999818	0.0191019	-0.0126534	-0.0191019	0.999737	-0.0293432	-0.0442714	4.63899	
0.999891	-0.000164504	0.0147643	-0.000164731	0.999751	0.0222954	-0.0147643	-0.0222954	0.999642	-0.0399434	-0.0602763	5.41198	
0.999858	-0.000214972	0.0168757	-0.000215314	0.999675	0.0254915	-0.0168757	-0.0254915	0.999533	-0.0521759	-0.0787515	6.1849	
0.99982	-0.000272212	0.0189874	-0.0002727	0.999588	0.0286901	-0.0189874	-0.0286901	0.999408	-0.0660412	-0.099699	6.95772	
0.999777	-0.000336232	0.0210996	-0.000336903	0.999491	0.0318911	-0.0210995	-0.0318911	0.999269	-0.0815395	-0.123121	7.73044	
0.99973	-0.000407039	0.0232119	-0.000407935	0.999384	0.0350946	-0.0232119	-0.0350946	0.999114	-0.098671	-0.149018	8.50305	
0.999679	-0.000484643	0.0253246	-0.000485808	0.999266	0.0383003	-0.0253246	-0.0383003	0.998945	-0.117436	-0.177394	9.27553	
0.999623	-0.00056905	0.0274374	-0.000570534	0.999138	0.0415083	-0.0274374	-0.0415083	0.998761	-0.137835	-0.208249	10.0479	
0.999563	-0.000660269	0.0295504	-0.000662126	0.998999	0.0447184	-0.0295503	-0.0447184	0.998562	-0.159867	-0.241586	10.8201	
0.999498	-0.000758307	0.0316634	-0.000760593	0.99885	0.0479306	-0.0316634	-0.0479306	0.998349	-0.183533	-0.277406	11.5921	
0.999429	-0.000863169	0.0337765	-0.000865947	0.998691	0.0511448	-0.0337764	-0.0511448	0.99812	-0.208833	-0.31571	12.364	
0.999355	-0.000974863	0.0358896	-0.000978199	0.998521	0.0543609	-0.0358895	-0.054361	0.997876	-0.235767	-0.3565	13.1357	
0.999277	-0.0010934	0.0380026	-0.00109736	0.99834	0.0575789	-0.0380025	-0.0575789	0.997617	-0.264335	-0.399778	13.9072	
0.999194	-0.00121877	0.0401155	-0.00122344	0.998149	0.0607986	-0.0401153	-0.0607987	0.997344	-0.294537	-0.445545	14.6784	
0.999107	-0.00135099	0.0422282	-0.00135644	0.997948	0.0640201	-0.042228	-0.0640202	0.997055	-0.326372	-0.493802	15.4495	
0.999015	-0.00149007	0.0443407	-0.00149638	0.997735	0.0672431	-0.0443405	-0.0672433	0.996751	-0.359841	-0.544551	16.2204	
0.998919	-0.00163601	0.0464529	-0.00164327	0.997513	0.0704678	-0.0464527	-0.0704679	0.996432	-0.394943	-0.597792	16.991	
0.998818	-0.00178881	0.0485649	-0.00179711	0.997279	0.0736939	-0.0485646	-0.0736941	0.996098	-0.431679	-0.653528	17.7613	
0.998713	-0.00194848	0.0506764	-0.00195792	0.997035	0.0769214	-0.0506761	-0.0769216	0.995748	-0.470047	-0.711758	18.5314	
0.998604	-0.00211502	0.0527876	-0.00212569	0.996781	0.0801502	-0.0527871	-0.0801504	0.995384	-0.510047	-0.772485	19.3012	
0.998489	-0.00228843	0.0548982	-0.00230045	0.996515	0.0833802	-0.0548977	-0.0833806	0.995004	-0.55168	-0.835708	20.0707	
0.998371	-0.00246872	0.0570084	-0.00248219	0.996239	0.0866115	-0.0570078	-0.0866118	0.99461	-0.594944	-0.90143	20.8399	
0.998247	-0.00265589	0.059118	-0.00267092	0.995952	0.0898438	-0.0591173	-0.0898442	0.9942	-0.63984	-0.969651	21.6088	
0.99812	-0.00284995	0.0612269	-0.00286665	0.995655	0.0930771	-0.0612261	-0.0930776	0.993775	-0.686367	-1.04037	22.3774	
0.997988	-0.00305089	0.0633352	-0.00306939	0.995347	0.0963114	-0.0633343	-0.096312	0.993334	-0.734524	-1.11359	23.1457	
0.997851	-0.00325871	0.0654428	-0.00327914	0.995027	0.0995466	-0.0654418	-0.0995473	0.992879	-0.784311	-1.18932	23.9136	
0.99771	-0.00347343	0.0675496	-0.00349591	0.994698	0.102783	-0.0675485	-0.102783	0.992408	-0.835727	-1.26754	24.6811	
0.997564	-0.00369504	0.0696556	-0.00371971	0.994357	0.106019	-0.0696543	-0.10602	0.991921	-0.888772	-1.34827	25.4483	
0.997414	-0.00392354	0.0717608	-0.00395053	0.994006	0.109257	-0.0717593	-0.109257	0.99142	-0.943445	-1.4315	26.2151	
0.99726	-0.00415893	0.073865	-0.00418839	0.993644	0.112494	-0.0738633	-0.112495	0.990903	-0.999745	-1.51723	26.9815	
0.997101	-0.00440121	0.0759683	-0.00443328	0.99327	0.115733	-0.0759664	-0.115734	0.990371	-1.05767	-1.60547	27.7475	
0.996937	-0.00465038	0.0780705	-0.00468522	0.992887	0.118972	-0.0780684	-0.118973	0.989824	-1.11722	-1.69621	28.513	
0.996769	-0.00490645	0.0801717	-0.0049442	0.992492	0.122211	-0.0801694	-0.122212	0.989261	-1.1784	-1.78946	29.2782	
0.996597	-0.00516941	0.0822718	-0.00521024	0.992086	0.12545	-0.0822692	-0.125452	0.988683	-1.2412	-1.88521	30.0429	
0.99642	-0.00543925	0.0843707	-0.00548333	0.99167	0.12869	-0.0843679	-0.128692	0.988089	-1.30563	-1.98346	30.8071	
0.996238	-0.00571599	0.0864684	-0.00576347	0.991242	0.131929	-0.0864653	-0.131931	0.987481	-1.37167	-2.08422	31.5709	
0.996052	-0.00599962	0.0885649	-0.00605068	0.990804	0.135169	-0.0885614	-0.135171	0.986856	-1.43934	-2.18749	32.3342	
0.995862	-0.00629013	0.0906601	-0.00634495	0.990355	0.138409	-0.0906563	-0.138411	0.986217	-1.50863	-2.29326	33.0971	
0.995667	-0.00658753	0.0927539	-0.00664628	0.989895	0.141648	-0.0927497	-0.141651	0.985562	-1.57954	-2.40154	33.8594	
0.995468	-0.00689181	0.0948463	-0.00695468	0.989424	0.144888	-0.0948417	-0.144891	0.984892	-1.65207	-2.51232	34.6212	
0.995264	-0.00720296	0.0969373	-0.00727014	0.988942	0.148127	-0.0969323	-0.14813	0.984206	-1.72621	-2.62561	35.3825	
0.995056	-0.007521	0.0990268	-0.00759268	0.988449	0.151366	-0.0990213	-0.151369	0.983505	-1.80197	-2.7414	36.1432	
0.994844	-0.0078459	0.101115	-0.00792228	0.987945	0.154604	-0.101109	-0.154608	0.982789	-1.87934	-2.85969	36.9034	
0.994627	-0.00817768	0.103201	-0.00825896	0.98743	0.157842	-0.103195	-0.157846	0.982057	-1.95833	-2.98049	37.6631	
0.994406	-0.00851632	0.105286	-0.00860271	0.986904	0.161079	-0.105279	-0.161084	0.981309	-2.03893	-3.1038	38.4222	
0.99418	-0.00886183	0.107369	-0.00895352	0.986367	0.164316	-0.107361	-0.164321	0.980547	-2.12114	-3.22961	39.1806	
0.99395	-0.00921419	0.10945	-0.00931141	0.985819	0.167552	-0.109442	-0.167557	0.979769	-2.20496	-3.35791	39.9385	
0.993715	-0.0095734	0.11153	-0.00967637	0.98526	0.170787	-0.111521	-0.170793	0.978975	-2.29039	-3.48873	40.6958	
0.993434	-0.0100061	0.113966	-0.0103667	0.984196	0.176779	-0.113933	-0.176799	0.97763	-2.37755	-3.62311	41.4523	
0.993147	-0.0104546	0.116402	-0.011072	0.983095	0.182763	-0.116345	-0.182799	0.976242	-2.46658	-3.76214	42.2077	
0.992853	-0.0109187	0.118839	-0.0117922	0.981956	0.188739	-0.118756	-0.188792	0.97481	-2.55747	-3.9058	42.962	
0.992553	-0.0113986	0.121277	-0.0125272	0.980781	0.194708	-0.121165	-0.194777	0.973335	-2.65023	-4.0541	43.7152	
0.992247	-0.0118942	0.123714	-0.0132772	0.979569	0.200669	-0.123573	-0.200755	0.971816	-2.74485	-4.20702	44.4672	
0.991933	-0.0124056	0.126151	-0.0140421	0.97832	0.206621	-0.125979	-0.206725	0.970254	-2.84133	-4.36456	45.218	
0.991614	-0.0129326	0.128588	-0.0148218	0.977035	0.212564	-0.128383	-0.212688	0.968649	-2.93967	-4.52671	45.9677	
0.991288	-0.0134754	0.131023	-0.0156163	0.975712	0.218499	-0.130786	-0.218641	0.967001	-3.03987	-4.69347	46.716	
0.990955	-0.014034	0.133458	-0.0164257	0.974353	0.224424	-0.133185	-0.224586	0.96531	-3.14193	-4.86483	47.4631	
0.990616	-0.0146082	0.135892	-0.01725	0.972958	0.230339	-0.135582	-0.230522	0.963575	-3.24584	-5.04078	48.2088	
0.99027	-0.0151981	0.138325	-0.018089	0.971525	0.236244	-0.137976	-0.236448	0.961798	-3.3516	-5.22132	48.9532	
0.989918	-0.0158038	0.140755	-0.0189429	0.970057	0.242139	-0.140367	-0.242365	0.959977	-3.45921	-5.40644	49.6962	
0.98956	-0.0164251	0.143184	-0.0198115	0.968551	0.248024	-0.142755	-0.248271	0.958114	-3.56867	-5.59612	50.4378	
0.989195	-0.017062	0.145611	-0.0206948	0.96701	0.253898	-0.145139	-0.254168	0.956208	-3.67998	-5.79038	51.1779	
0.988823	-0.0177146	0.148036	-0.0215929	0.965432	0.25976	-0.14752	-0.260054	0.954259	-3.79313	-5.98918	51.9165	
0.988446	-0.0183828	0.150458	-0.0225056	0.963817	0.265612	-0.149896	-0.265929	0.952267	-3.90811	-6.19254	52.6536	
0.988061	-0.0190666	0.152877	-0.0234331	0.962167	0.271451	-0.152269	-0.271793	0.950233	-4.02494	-6.40043	53.3891	
0.987671	-0.0197659	0.155293	-0.0243752	0.96048	0.277278	-0.154637	-0.277645	0.948157	-4.14359	-6.61285	54.1231	
0.987274	-0.0204808	0.157706	-0.0253319	0.958758	0.283093	-0.157	-0.283486	0.946037	-4.26407	-6.8298	54.8554	
0.98687	-0.0212111	0.160116	-0.0263032	0.956999	0.288896	-0.159359	-0.289314	0.943876	-4.38638	-7.05125	55.5861	
0.986461	-0.0219569	0.162522	-0.027289	0.955205	0.294685	-0.161712	-0.29513	0.941673	-4.51052	-7.27721	56.3151	
0.986045	-0.0227181	0.164924	-0.0282894	0.953374	0.300462	-0.16406	-0.300934	0.939427	-4.63647	-7.50766	57.0423	
0.985622	-0.0234946	0.167322	-0.0293042	0.951508	0.306224	-0.166403	-0.306725	0.937139	-4.76423	-7.74259	57.7678	
0.985194	-0.0242864	0.169716	-0.0303335	0.949607	0.311973	-0.16874	-0.312502	0.93481	-4.8938	-7.98199	58.4916	
0.984759	-0.0250935	0.172105	-0.0313771	0.947669	0.317708	-0.171071	-0.318266	0.932438	-5.02518	-8.22586	59.2135	
0.984318	-0.0259159	0.17449	-0.0324352	0.945696	0.323429	-0.173396	-0.324016	0.930025	-5.15836	-8.47417	59.9335	
0.983871	-0.0267534	0.176869	-0.0335075	0.943688	0.329135	-0.175715	-0.329753	0.927571	-5.29333	-8.72693	60.6517	
0.983417	-0.0276059	0.179244	-0.0345942	0.941645	0.334826	-0.178027	-0.335474	0.925075	-5.43009	-8.98412	61.368	
0.982958	-0.0284736	0.181613	-0.0356951	0.939566	0.340502	-0.180333	-0.341182	0.922537	-5.56864	-9.24573	62.0823	
0.982492	-0.0293562	0.183976	-0.0368101	0.937452	0.346162	-0.182631	-0.346874	0.919959	-5.70897	-9.51174	62.7946	
0.982021	-0.0302537	0.186334	-0.0379393	0.935304	0.351807	-0.184922	-0.352551	0.917339	-5.85107	-9.78215	63.505	
0.981543	-0.031166	0.188686	-0.0390826	0.93312	0.357435	-0.187206	-0.358212	0.914679	-5.99494	-10.0569	64.2133	
0.981059	-0.0320932	0.191031	-0.04024	0.930901	0.363047	-0.189483	-0.363858	0.911978	-6.14058	-10.3361	64.9195	
0.98057	-0.0330351	0.19337	-0.0414113	0.928648	0.368643	-0.191751	-0.369488	0.909236	-6.28797	-10.6196	65.6236	
0.980074	-0.0339915	0.195703	-0.0425966	0.92636	0.374222	-0.194012	-0.375101	0.906454	-6.43711	-10.9075	66.3256	
0.979573	-0.0349626	0.198028	-0.0437957	0.924038	0.379783	-0.196264	-0.380698	0.903631	-6.588	-11.1997	67.0254	
0.979065	-0.0359481	0.200347	-0.0450087	0.921682	0.385328	-0.198508	-0.386278	0.900768	-6.74062	-11.4962	67.723	
0.978552	-0.036948	0.202658	-0.0462354	0.919291	0.390854	-0.200743	-0.391841	0.897866	-6.89498	-11.7971	68.4184	
0.978033	-0.0379622	0.204962	-0.0474759	0.916866	0.396363	-0.202969	-0.397387	0.894923	-7.05106	-12.1022	69.1115	
0.977509	-0.0389907	0.207258	-0.04873	0.914407	0.401853	-0.205187	-0.402915	0.891941	-7.20886	-12.4116	69.8023	
0.976878	-0.040249	0.209972	-0.0526659	0.906551	0.418798	-0.207207	-0.420173	0.883471	-7.36831	-12.7298	70.4888	
0.976242	-0.0415599	0.21266	-0.0566396	0.898368	0.435577	-0.20915	-0.437274	0.87467	-7.52928	-13.0614	71.1685	
0.9756	-0.0429229	0.215321	-0.0606496	0.889859	0.452186	-0.211014	-0.454212	0.865543	-7.69173	-13.406	71.8413	
0.974952	-0.0443373	0.217953	-0.0646945	0.881029	0.468617	-0.2128	-0.47098	0.856092	-7.85559	-13.7637	72.507	
0.974298	-0.0458028	0.220556	-0.0687728	0.871881	0.484865	-0.214506	-0.487572	0.846322	-8.0208	-14.1343	73.1652	
0.97364	-0.0473187	0.223128	-0.0728828	0.862417	0.500924	-0.216132	-0.503981	0.836235	-8.18729	-14.5177	73.8157	
