1	0	0	0	1	0	0	0	1	0	0	0	
1	-2.77138e-08	-3.31784e-05	-2.77138e-08	0.999999	-0.00167059	3.31784e-05	0.00167059	0.999999	1.3883e-05	0.000699033	0.836868	
1	-1.1084e-07	-6.62987e-05	-1.11197e-07	0.999994	-0.00334903	6.62987e-05	0.00334903	0.999994	5.55077e-05	0.00279942	1.67373	
1	-2.49428e-07	-9.93575e-05	-2.50866e-07	0.999987	-0.00503526	9.93574e-05	0.00503526	0.999987	0.000124824	0.00630769	2.5106	
1	-4.43511e-07	-0.000132352	-4.47122e-07	0.999977	-0.00672922	0.000132352	0.00672922	0.999977	0.000221779	0.0112304	3.34745	
1	-6.93102e-07	-0.000165278	-7.00357e-07	0.999964	-0.00843085	0.000165278	0.00843085	0.999964	0.000346317	0.0175739	4.18429	
1	-9.98194e-07	-0.000198134	-1.01095e-06	0.999949	-0.0101401	0.000198133	0.0101401	0.999949	0.000498381	0.0253446	5.02113	
1	-1.35876e-06	-0.000230915	-1.37926e-06	0.99993	-0.0118569	0.000230915	0.0118569	0.99993	0.00067791	0.0345488	5.85794	
1	-1.77476e-06	-0.000263619	-1.80565e-06	0.999908	-0.0135811	0.000263619	0.0135811	0.999908	0.00088484	0.045193	6.69475	
1	-2.24613e-06	-0.000296243	-2.29045e-06	0.999883	-0.0153128	0.000296243	0.0153128	0.999883	0.00111911	0.0572832	7.53153	
1	-2.77279e-06	-0.000328784	-2.83399e-06	0.999855	-0.0170518	0.000328784	0.0170518	0.999855	0.00138064	0.0708256	8.36829	
1	-3.35463e-06	-0.000361239	-3.43659e-06	0.999823	-0.0187981	0.000361238	0.0187981	0.999823	0.00166937	0.0858265	9.20502	
1	-3.99153e-06	-0.000393604	-4.09854e-06	0.999789	-0.0205517	0.000393603	0.0205517	0.999789	0.00198522	0.102292	10.0417	
1	-4.68336e-06	-0.000425877	-4.82014e-06	0.999751	-0.0223124	0.000425875	0.0223124	0.999751	0.00232812	0.120228	10.8784	
1	-5.42996e-06	-0.000458054	-5.60167e-06	0.99971	-0.0240802	0.000458052	0.0240802	0.99971	0.00269798	0.13964	11.715	
1	-6.23116e-06	-0.000490134	-6.44338e-06	0.999666	-0.0258551	0.000490131	0.0258551	0.999666	0.00309474	0.160535	12.5517	
1	-7.08674e-06	-0.000522111	-7.34552e-06	0.999618	-0.0276369	0.000522108	0.0276369	0.999618	0.00351829	0.182917	13.3882	
1	-7.99652e-06	-0.000553985	-8.30834e-06	0.999567	-0.0294257	0.000553981	0.0294257	0.999567	0.00396856	0.206794	14.2248	
1	-8.96024e-06	-0.000585752	-9.33206e-06	0.999512	-0.0312213	0.000585746	0.0312213	0.999512	0.00444546	0.232171	15.0612	
1	-9.97765e-06	-0.000617409	-1.04169e-05	0.999455	-0.0330237	0.000617401	0.0330237	0.999454	0.0049489	0.259054	15.8977	
1	-1.10485e-05	-0.000648953	-1.1563e-05	0.999393	-0.0348328	0.000648944	0.0348328	0.999393	0.00547878	0.287447	16.7341	
1	-1.21725e-05	-0.000680381	-1.27706e-05	0.999328	-0.0366485	0.00068037	0.0366485	0.999328	0.00603502	0.317357	17.5704	
1	-1.33493e-05	-0.000711691	-1.40399e-05	0.99926	-0.0384708	0.000711677	0.0384708	0.999259	0.0066175	0.34879	18.4067	
1	-1.45786e-05	-0.000742879	-1.5371e-05	0.999188	-0.0402997	0.000742863	0.0402997	0.999187	0.00722613	0.38175	19.2429	
1	-1.58601e-05	-0.000773944	-1.67641e-05	0.999112	-0.042135	0.000773925	0.042135	0.999112	0.0078608	0.416244	20.079	
1	-1.71934e-05	-0.000804881	-1.82193e-05	0.999033	-0.0439767	0.000804859	0.0439767	0.999032	0.00852142	0.452276	20.9151	
1	-1.85781e-05	-0.00083569	-1.97367e-05	0.998949	-0.0458247	0.000835663	0.0458247	0.998949	0.00920787	0.489852	21.7512	
1	-2.00138e-05	-0.000866365	-2.13164e-05	0.998863	-0.047679	0.000866334	0.047679	0.998862	0.00992004	0.528977	22.5871	
1	-2.15002e-05	-0.000896906	-2.29585e-05	0.998772	-0.0495395	0.00089687	0.0495395	0.998772	0.0106578	0.569656	23.423	
1	-2.30367e-05	-0.00092731	-2.46632e-05	0.998678	-0.0514061	0.000927268	0.0514061	0.998677	0.0114211	0.611895	24.2588	
1	-2.46229e-05	-0.000957573	-2.64304e-05	0.99858	-0.0532787	0.000957525	0.0532787	0.998579	0.0122098	0.655699	25.0945	
1	-2.62584e-05	-0.000987694	-2.82602e-05	0.998478	-0.0551574	0.000987638	0.0551574	0.998477	0.0130237	0.701073	25.9302	
0.999999	-2.79426e-05	-0.00101767	-3.01527e-05	0.998372	-0.0570419	0.00101761	0.0570419	0.998371	0.0138628	0.748021	26.7657	
0.999999	-2.96751e-05	-0.0010475	-3.21079e-05	0.998262	-0.0589324	0.00104742	0.0589324	0.998261	0.0147268	0.796548	27.6012	
0.999999	-3.14553e-05	-0.00107717	-3.41258e-05	0.998148	-0.0608286	0.00107709	0.0608286	0.998148	0.0156158	0.84666	28.4365	
0.999999	-3.32828e-05	-0.0011067	-3.62064e-05	0.998031	-0.0627305	0.0011066	0.0627305	0.99803	0.0165295	0.898362	29.2718	
0.999999	-3.51568e-05	-0.00113606	-3.83497e-05	0.997909	-0.0646381	0.00113596	0.0646381	0.997908	0.0174679	0.951657	30.107	
0.999999	-3.7077e-05	-0.00116527	-4.05556e-05	0.997783	-0.0665513	0.00116516	0.0665513	0.997782	0.0184308	1.00655	30.942	
0.999999	-3.90426e-05	-0.00119432	-4.28243e-05	0.997653	-0.06847	0.00119419	0.06847	0.997652	0.019418	1.06305	31.777	
0.999999	-4.10531e-05	-0.00122321	-4.51555e-05	0.997519	-0.0703941	0.00122306	0.0703941	0.997519	0.0204295	1.12115	32.6118	
0.999999	-4.31078e-05	-0.00125193	-4.75492e-05	0.997381	-0.0723237	0.00125177	0.0723237	0.99738	0.021465	1.18087	33.4466	
0.999999	-4.52061e-05	-0.00128048	-5.00054e-05	0.997239	-0.0742585	0.0012803	0.0742585	0.997238	0.0225245	1.24221	34.2812	
0.999999	-4.73474e-05	-0.00130886	-5.25239e-05	0.997093	-0.0761986	0.00130867	0.0761986	0.997092	0.0236078	1.30516	35.1157	
0.999999	-4.9531e-05	-0.00133708	-5.51047e-05	0.996942	-0.0781438	0.00133686	0.0781438	0.996941	0.0247148	1.36975	35.9501	
0.999999	-5.17561e-05	-0.00136511	-5.77477e-05	0.996787	-0.0800942	0.00136487	0.0800942	0.996786	0.0258453	1.43596	36.7843	
0.999999	-5.40222e-05	-0.00139297	-6.04527e-05	0.996628	-0.0820496	0.00139271	0.0820496	0.996627	0.0269992	1.50381	37.6184	
0.999999	-5.63284e-05	-0.00142065	-6.32196e-05	0.996465	-0.08401	0.00142036	0.08401	0.996464	0.0281763	1.57329	38.4524	
0.999999	-5.8674e-05	-0.00144815	-6.60482e-05	0.996297	-0.0859752	0.00144783	0.0859752	0.996296	0.0293764	1.64442	39.2862	
0.999999	-6.10583e-05	-0.00147546	-6.89384e-05	0.996125	-0.0879453	0.00147511	0.0879453	0.996124	0.0305995	1.71719	40.1199	
0.999999	-6.34805e-05	-0.00150259	-7.189e-05	0.995949	-0.0899202	0.00150221	0.0899202	0.995948	0.0318453	1.79162	40.9535	
0.999999	-6.59398e-05	-0.00152953	-7.49028e-05	0.995768	-0.0918997	0.00152912	0.0918997	0.995767	0.0331137	1.8677	41.7869	
0.999999	-6.84355e-05	-0.00155628	-7.79766e-05	0.995583	-0.0938839	0.00155583	0.0938839	0.995582	0.0344046	1.94544	42.6201	
0.999999	-7.09666e-05	-0.00158284	-8.11112e-05	0.995394	-0.0958726	0.00158235	0.0958726	0.995392	0.0357177	2.02484	43.4532	
0.999999	-7.35325e-05	-0.0016092	-8.43064e-05	0.9952	-0.0978658	0.00160867	0.0978658	0.995198	0.0370529	2.1059	44.2862	
0.999999	-7.61322e-05	-0.00163537	-8.75619e-05	0.995001	-0.0998634	0.0016348	0.0998634	0.995	0.0384101	2.18864	45.1189	
0.999999	-7.87649e-05	-0.00166134	-9.08776e-05	0.994798	-0.101865	0.00166072	0.101865	0.994797	0.0397891	2.27305	45.9515	
0.999999	-8.14298e-05	-0.0016871	-9.42531e-05	0.994591	-0.103872	0.00168644	0.103872	0.994589	0.0411896	2.35914	46.784	
0.999999	-8.41258e-05	-0.00171267	-9.76881e-05	0.994379	-0.105882	0.00171195	0.105882	0.994377	0.0426116	2.44691	47.6162	
1	5.82036e-07	-0.000935585	-0.000104286	0.993837	-0.110848	0.000929755	0.110848	0.993837	0.043717	2.53759	48.4481	
1	8.90563e-05	-0.000159948	-0.000106981	0.993271	-0.115815	0.000148557	0.115815	0.993271	0.0441682	2.63244	49.2796	
1	0.000181293	0.000614264	-0.000105773	0.992679	-0.120784	-0.000631664	0.120784	0.992679	0.0439661	2.73144	50.1106	
0.999999	0.000277289	0.00138707	-0.000100657	0.992061	-0.125755	-0.00141093	0.125754	0.99206	0.0431114	2.8346	50.9411	
0.999998	0.000377041	0.0021585	-9.16337e-05	0.991419	-0.130726	-0.00218927	0.130726	0.991416	0.0416049	2.94192	51.7711	
0.999996	0.000480547	0.00292857	-7.87001e-05	0.99075	-0.135698	-0.00296669	0.135697	0.990746	0.0394475	3.0534	52.6005	
0.999993	0.000587804	0.00369731	-6.18553e-05	0.990056	-0.140671	-0.00374323	0.14067	0.99005	0.0366398	3.16904	53.4293	
0.99999	0.00069881	0.00446474	-4.10983e-05	0.989337	-0.145644	-0.00451891	0.145642	0.989327	0.0331826	3.28884	54.2575	
0.999986	0.000813564	0.00523087	-1.64282e-05	0.988592	-0.150616	-0.00529374	0.150614	0.988578	0.0290767	3.41281	55.0852	
0.999982	0.000932065	0.00599574	1.21554e-05	0.987822	-0.155589	-0.00606774	0.155586	0.987804	0.0243226	3.54093	55.9122	
0.999977	0.00105431	0.00675936	4.46529e-05	0.987026	-0.16056	-0.00684095	0.160557	0.987003	0.0189212	3.67322	56.7385	
0.999971	0.0011803	0.00752176	8.10641e-05	0.986205	-0.165531	-0.00761337	0.165527	0.986176	0.012873	3.80966	57.5641	
0.999965	0.00131004	0.00828296	0.000121389	0.985358	-0.1705	-0.00838504	0.170495	0.985323	0.00617869	3.95027	58.3891	
0.999958	0.00144353	0.00904298	0.000165627	0.984485	-0.175468	-0.00915597	0.175462	0.984444	-0.00116109	4.09503	59.2133	
0.999951	0.00158076	0.00980184	0.000213777	0.983587	-0.180433	-0.00992619	0.180427	0.983538	-0.00914574	4.24394	60.0368	
0.999943	0.00172174	0.0105596	0.000265838	0.982664	-0.185397	-0.0106957	0.185389	0.982607	-0.0177747	4.39701	60.8595	
0.999934	0.00186647	0.0113162	0.00032181	0.981715	-0.190358	-0.0114646	0.19035	0.981649	-0.0270473	4.55424	61.6814	
0.999925	0.00201495	0.0120717	0.00038169	0.98074	-0.195317	-0.0122328	0.195307	0.980666	-0.0369631	4.71561	62.5025	
0.999915	0.00216719	0.0128261	0.000445477	0.97974	-0.200272	-0.0130003	0.200261	0.979656	-0.0475215	4.88113	63.3228	
0.999905	0.00232319	0.0135795	0.000513168	0.978715	-0.205225	-0.0137673	0.205212	0.978621	-0.058722	5.05079	64.1422	
0.999894	0.00248294	0.0143319	0.000584762	0.977664	-0.210173	-0.0145336	0.210159	0.977559	-0.0705641	5.2246	64.9607	
0.999883	0.00264646	0.0150833	0.000660256	0.976588	-0.215118	-0.0152994	0.215103	0.976472	-0.0830473	5.40254	65.7783	
0.999871	0.00281375	0.0158336	0.000739647	0.975486	-0.220059	-0.0160647	0.220042	0.975358	-0.0961712	5.58462	66.595	
0.999858	0.00298482	0.016583	0.000822932	0.97436	-0.224995	-0.0168294	0.224976	0.974219	-0.109935	5.77083	67.4108	
0.999845	0.00315966	0.0173315	0.000910108	0.973208	-0.229926	-0.0175936	0.229906	0.973054	-0.124339	5.96117	68.2256	
0.999831	0.00333828	0.018079	0.00100117	0.97203	-0.234853	-0.0183574	0.234831	0.971863	-0.139382	6.15563	69.0394	
0.999817	0.00352069	0.0188257	0.00109612	0.970828	-0.239774	-0.0191207	0.23975	0.970646	-0.155064	6.35422	69.8523	
0.999802	0.0037069	0.0195714	0.00119495	0.969601	-0.244689	-0.0198835	0.244664	0.969404	-0.171385	6.55691	70.664	
0.999786	0.0038969	0.0203163	0.00129765	0.968348	-0.249599	-0.0206459	0.249572	0.968136	-0.188344	6.76372	71.4748	
0.999661	0.00529032	0.0255039	0.00176912	0.963105	-0.269121	-0.0259867	0.269075	0.962769	-0.207857	6.98075	72.2828	
0.999507	0.00678821	0.0306616	0.00234847	0.957468	-0.288531	-0.0313161	0.28846	0.95698	-0.231836	7.21405	73.0861	
0.999324	0.00838992	0.035787	0.00303545	0.95144	-0.307819	-0.0366317	0.307719	0.950772	-0.260268	7.46352	73.8844	
0.999113	0.0100948	0.0408779	0.00382975	0.945024	-0.326977	-0.0419314	0.326844	0.944148	-0.293143	7.72905	74.6773	
0.998874	0.011902	0.0459322	0.00473103	0.938224	-0.345997	-0.0472127	0.345825	0.93711	-0.330445	8.01053	75.4645	
0.998606	0.0138108	0.0509475	0.00573889	0.93104	-0.364871	-0.0524733	0.364655	0.929663	-0.372159	8.30783	76.2457	
0.99831	0.0158203	0.0559217	0.0068529	0.923478	-0.38359	-0.057711	0.383325	0.921809	-0.418266	8.62082	77.0204	
0.997986	0.0179297	0.0608526	0.00807256	0.91554	-0.402146	-0.0629234	0.401828	0.913551	-0.468745	8.94937	77.7884	
0.997634	0.0201381	0.0657381	0.00939733	0.907229	-0.420531	-0.0681082	0.420154	0.904893	-0.523575	9.29333	78.5494	
0.997254	0.0224444	0.070576	0.0108267	0.89855	-0.438738	-0.0732633	0.438297	0.895839	-0.582732	9.65254	79.3029	
0.996846	0.0248477	0.0753642	0.0123599	0.889506	-0.456757	-0.0783863	0.456248	0.886394	-0.64619	10.0269	80.0486	
0.996412	0.027347	0.0801006	0.0139964	0.880101	-0.474581	-0.083475	0.473999	0.87656	-0.713921	10.4161	80.7864	
0.995949	0.029941	0.0847832	0.0157354	0.870339	-0.492202	-0.0885271	0.491543	0.866342	-0.785895	10.8202	81.5157	
