1	0	0	0	1	0	0	0	1	0	0	0	
0.999996	-7.78598e-08	0.00280301	-7.78598e-08	1	5.55543e-05	-0.00280301	-5.55543e-05	0.999996	-0.00102919	-2.0398e-05	0.734342	
0.999984	-3.12511e-07	0.00561159	-3.13412e-07	1	0.00011154	-0.00561159	-0.00011154	0.999984	-0.00411879	-8.17505e-05	1.46868	
0.999965	-7.05784e-07	0.00842565	-7.09397e-07	1	0.000167958	-0.00842565	-0.000167958	0.999964	-0.00927287	-0.000184374	2.203	
0.999937	-1.25951e-06	0.0112451	-1.26856e-06	1	0.000224807	-0.0112451	-0.000224807	0.999937	-0.0164954	-0.000328587	2.93731	
0.999901	-1.97551e-06	0.01407	-1.99365e-06	1	0.000282088	-0.01407	-0.000282088	0.999901	-0.0257904	-0.000514705	3.6716	
0.999857	-2.85562e-06	0.0169001	-2.88741e-06	1	0.000339799	-0.0169001	-0.000339799	0.999857	-0.0371617	-0.000743044	4.40585	
0.999805	-3.90165e-06	0.0197353	-3.95262e-06	1	0.000397941	-0.0197353	-0.000397941	0.999805	-0.0506132	-0.00101392	5.14007	
0.999745	-5.11543e-06	0.0225758	-5.19203e-06	1	0.000456513	-0.0225758	-0.000456514	0.999745	-0.0661487	-0.00132765	5.87425	
0.999677	-6.49878e-06	0.0254212	-6.60841e-06	1	0.000515516	-0.0254212	-0.000515517	0.999677	-0.0837718	-0.00168456	6.60838	
0.9996	-8.0535e-06	0.0282717	-8.20452e-06	1	0.000574948	-0.0282717	-0.00057495	0.9996	-0.103486	-0.00208495	7.34246	
0.999515	-9.78142e-06	0.0311271	-9.98315e-06	1	0.000634809	-0.0311271	-0.000634812	0.999515	-0.125296	-0.00252914	8.07648	
0.999422	-1.16843e-05	0.0339873	-1.19471e-05	1	0.000695099	-0.0339873	-0.000695103	0.999422	-0.149204	-0.00301744	8.81043	
0.999321	-1.37641e-05	0.0368522	-1.40991e-05	1	0.000755817	-0.0368522	-0.000755824	0.99932	-0.175214	-0.00355018	9.54432	
0.999211	-1.60224e-05	0.0397219	-1.64419e-05	1	0.000816964	-0.0397219	-0.000816972	0.99921	-0.20333	-0.00412767	10.2781	
0.999092	-1.84612e-05	0.0425961	-1.89784e-05	1	0.000878538	-0.0425961	-0.000878549	0.999092	-0.233555	-0.00475022	11.0118	
0.998965	-2.10821e-05	0.0454749	-2.17113e-05	1	0.000940539	-0.0454749	-0.000940553	0.998965	-0.265892	-0.00541814	11.7455	
0.99883	-2.38871e-05	0.0483582	-2.46434e-05	0.999999	0.00100297	-0.0483582	-0.00100298	0.99883	-0.300345	-0.00613175	12.479	
0.998686	-2.68778e-05	0.0512458	-2.77775e-05	0.999999	0.00106582	-0.0512458	-0.00106584	0.998686	-0.336917	-0.00689137	13.2124	
0.998533	-3.00562e-05	0.0541378	-3.11163e-05	0.999999	0.0011291	-0.0541378	-0.00112913	0.998533	-0.375611	-0.0076973	13.9458	
0.998372	-3.34238e-05	0.057034	-3.46628e-05	0.999999	0.0011928	-0.057034	-0.00119283	0.998372	-0.41643	-0.00854986	14.679	
0.998202	-3.69826e-05	0.0599345	-3.84196e-05	0.999999	0.00125693	-0.0599344	-0.00125697	0.998202	-0.459378	-0.00944936	15.4121	
0.998024	-4.07343e-05	0.062839	-4.23896e-05	0.999999	0.00132148	-0.062839	-0.00132153	0.998023	-0.504457	-0.0103961	16.145	
0.997836	-4.46807e-05	0.0657475	-4.65756e-05	0.999999	0.00138645	-0.0657475	-0.00138651	0.997835	-0.55167	-0.0113904	16.8778	
0.99764	-4.88235e-05	0.06866	-5.09803e-05	0.999999	0.00145184	-0.06866	-0.00145192	0.997639	-0.601021	-0.0124326	17.6105	
0.997435	-5.31645e-05	0.0715763	-5.56065e-05	0.999999	0.00151766	-0.0715763	-0.00151775	0.997434	-0.652511	-0.013523	18.3431	
0.997221	-5.77055e-05	0.0744965	-6.04571e-05	0.999999	0.00158389	-0.0744965	-0.001584	0.99722	-0.706145	-0.0146619	19.0754	
0.996999	-6.24481e-05	0.0774204	-6.55348e-05	0.999999	0.00165055	-0.0774204	-0.00165067	0.996997	-0.761925	-0.0158495	19.8077	
0.996767	-6.73941e-05	0.0803479	-7.08424e-05	0.999999	0.00171762	-0.0803479	-0.00171776	0.996765	-0.819853	-0.0170863	20.5397	
0.996526	-7.25453e-05	0.0832791	-7.63827e-05	0.999998	0.00178511	-0.0832791	-0.00178527	0.996525	-0.879932	-0.0183726	21.2716	
0.996277	-7.79035e-05	0.0862137	-8.21585e-05	0.999998	0.00185302	-0.0862137	-0.00185321	0.996275	-0.942165	-0.0197085	22.0033	
0.996018	-8.34702e-05	0.0891518	-8.81725e-05	0.999998	0.00192135	-0.0891518	-0.00192156	0.996016	-1.00655	-0.0210945	22.7348	
0.99575	-8.92473e-05	0.0920932	-9.44276e-05	0.999998	0.00199009	-0.0920932	-0.00199032	0.995748	-1.0731	-0.0225308	23.4661	
0.995474	-9.52364e-05	0.095038	-0.000100926	0.999998	0.00205924	-0.095038	-0.00205951	0.995472	-1.14181	-0.0240178	24.1972	
0.995188	-0.000101439	0.0979859	-0.000107672	0.999998	0.0021288	-0.0979859	-0.00212911	0.995186	-1.21268	-0.0255557	24.9282	
0.994893	-0.000107858	0.100937	-0.000114667	0.999998	0.00219878	-0.100937	-0.00219913	0.99489	-1.28572	-0.027145	25.6589	
0.994589	-0.000114493	0.103891	-0.000121914	0.999997	0.00226917	-0.103891	-0.00226956	0.994586	-1.36093	-0.0287857	26.3893	
0.994275	-0.000121347	0.106848	-0.000129416	0.999997	0.00233997	-0.106848	-0.0023404	0.994273	-1.43831	-0.0304784	27.1196	
0.993953	-0.000128422	0.109808	-0.000137175	0.999997	0.00241118	-0.109808	-0.00241166	0.99395	-1.51786	-0.0322232	27.8496	
0.993621	-0.000135719	0.112771	-0.000145195	0.999997	0.0024828	-0.112771	-0.00248333	0.993618	-1.59958	-0.0340205	28.5794	
0.99328	-0.00014324	0.115737	-0.000153478	0.999997	0.00255482	-0.115737	-0.00255541	0.993277	-1.68349	-0.0358706	29.3089	
0.99293	-0.000150987	0.118705	-0.000162027	0.999997	0.00262725	-0.118705	-0.0026279	0.992926	-1.76957	-0.0377738	30.0382	
0.99257	-0.00015896	0.121676	-0.000170845	0.999996	0.00270008	-0.121676	-0.0027008	0.992566	-1.85783	-0.0397303	30.7672	
0.992201	-0.000167163	0.12465	-0.000179934	0.999996	0.00277331	-0.12465	-0.00277411	0.992197	-1.94827	-0.0417406	31.496	
0.991822	-0.000175596	0.127626	-0.000189298	0.999996	0.00284695	-0.127626	-0.00284783	0.991818	-2.0409	-0.0438048	32.2244	
0.991435	-0.000184261	0.130604	-0.000198938	0.999996	0.00292099	-0.130604	-0.00292195	0.99143	-2.13571	-0.0459233	32.9526	
0.991037	-0.000193159	0.133585	-0.000208857	0.999995	0.00299543	-0.133585	-0.00299648	0.991033	-2.23272	-0.0480964	33.6805	
0.990631	-0.000202293	0.136568	-0.000219059	0.999995	0.00307026	-0.136568	-0.00307141	0.990626	-2.33191	-0.0503243	34.4081	
0.990215	-0.000211664	0.139553	-0.000229546	0.999995	0.00314549	-0.139553	-0.00314674	0.99021	-2.43329	-0.0526074	35.1355	
0.989789	-0.000221274	0.142541	-0.000240321	0.999995	0.00322112	-0.14254	-0.00322248	0.989784	-2.53687	-0.0549461	35.8625	
0.989354	-0.000231124	0.14553	-0.000251386	0.999995	0.00329714	-0.14553	-0.00329862	0.989348	-2.64264	-0.0573404	36.5891	
0.988909	-0.000241215	0.148521	-0.000262744	0.999994	0.00337355	-0.148521	-0.00337516	0.988903	-2.75061	-0.0597908	37.3155	
0.988053	-0.000262264	0.154112	-0.000367858	0.999992	0.00406021	-0.154111	-0.00406839	0.988045	-2.86173	-0.0625239	38.0414	
0.987165	-0.000287246	0.159701	-0.000476658	0.999989	0.00474502	-0.1597	-0.00476024	0.987154	-2.97695	-0.0657655	38.7666	
0.986245	-0.000316158	0.165288	-0.000589134	0.999985	0.00542799	-0.165288	-0.00545071	0.98623	-3.09628	-0.0695147	39.4912	
0.985293	-0.000348995	0.170874	-0.000705275	0.999981	0.00610913	-0.170873	-0.0061398	0.985274	-3.21971	-0.0737704	40.2151	
0.984308	-0.000385754	0.176457	-0.000825072	0.999977	0.00678845	-0.176456	-0.00682752	0.984285	-3.34724	-0.0785317	40.9382	
0.983291	-0.000426432	0.182038	-0.000948516	0.999972	0.00746596	-0.182036	-0.00751388	0.983263	-3.47886	-0.0837975	41.6607	
0.982242	-0.000471024	0.187616	-0.0010756	0.999966	0.00814167	-0.187613	-0.00819889	0.982209	-3.61459	-0.0895668	42.3823	
0.981161	-0.000519527	0.193191	-0.0012063	0.99996	0.00881557	-0.193187	-0.00888255	0.981122	-3.75441	-0.0958386	43.1032	
0.980048	-0.000571935	0.198762	-0.00134063	0.999954	0.00948769	-0.198758	-0.00956486	0.980002	-3.89832	-0.102612	43.8233	
0.978902	-0.000628245	0.20433	-0.00147857	0.999947	0.010158	-0.204326	-0.0102458	0.978849	-4.04632	-0.109886	44.5425	
0.977724	-0.000688453	0.209894	-0.00162012	0.99994	0.0108266	-0.209889	-0.0109255	0.977664	-4.19841	-0.117659	45.2609	
0.976514	-0.000752553	0.215454	-0.00176525	0.999932	0.0114934	-0.215448	-0.0116038	0.976446	-4.35458	-0.125932	45.9784	
0.975271	-0.000820541	0.221009	-0.00191398	0.999924	0.0121584	-0.221002	-0.0122808	0.975196	-4.51484	-0.134701	46.695	
0.973997	-0.000892412	0.22656	-0.00206629	0.999916	0.0128217	-0.226552	-0.0129565	0.973913	-4.67917	-0.143968	47.4106	
0.97269	-0.000968161	0.232105	-0.00222217	0.999907	0.0134833	-0.232097	-0.0136309	0.972597	-4.84757	-0.15373	48.1254	
0.971351	-0.00104778	0.237646	-0.00238161	0.999897	0.0141431	-0.237636	-0.0143039	0.971249	-5.02004	-0.163987	48.8391	
0.96998	-0.00113127	0.243181	-0.00254462	0.999887	0.0148012	-0.24317	-0.0149757	0.969868	-5.19658	-0.174738	49.5518	
0.968577	-0.00121862	0.24871	-0.00271118	0.999877	0.0154576	-0.248698	-0.0156462	0.968455	-5.37718	-0.185981	50.2635	
0.967142	-0.00130983	0.254233	-0.00288129	0.999866	0.0161123	-0.25422	-0.0163154	0.967009	-5.56184	-0.197716	50.9742	
0.965675	-0.00140488	0.25975	-0.00305495	0.999855	0.0167652	-0.259736	-0.0169833	0.96553	-5.75055	-0.209943	51.6837	
0.964176	-0.00150379	0.26526	-0.00323214	0.999843	0.0174165	-0.265245	-0.0176499	0.96402	-5.94331	-0.222659	52.3922	
0.962645	-0.00160653	0.270763	-0.00341287	0.999831	0.0180661	-0.270747	-0.0183153	0.962476	-6.14011	-0.235865	53.0996	
0.961082	-0.0017131	0.27626	-0.00359712	0.999818	0.018714	-0.276241	-0.0189794	0.960901	-6.34095	-0.249558	53.8058	
0.959487	-0.0018235	0.281748	-0.0037849	0.999805	0.0193602	-0.281729	-0.0196422	0.959293	-6.54582	-0.263739	54.5108	
0.95786	-0.00193771	0.28723	-0.0039762	0.999792	0.0200047	-0.287209	-0.0203038	0.957653	-6.75472	-0.278406	55.2147	
0.956201	-0.00205574	0.292703	-0.00417101	0.999778	0.0206476	-0.29268	-0.0209641	0.955981	-6.96764	-0.293559	55.9173	
0.954511	-0.00217758	0.298168	-0.00436934	0.999764	0.0212889	-0.298144	-0.0216232	0.954276	-7.18457	-0.309195	56.6187	
0.952789	-0.00230322	0.303624	-0.00457117	0.999749	0.0219284	-0.303599	-0.0222811	0.952539	-7.40552	-0.325316	57.3188	
0.951035	-0.00243265	0.309072	-0.00477652	0.999734	0.0225664	-0.309045	-0.0229377	0.950771	-7.63046	-0.341919	58.0177	
0.94925	-0.00256587	0.314511	-0.00498536	0.999718	0.0232027	-0.314482	-0.0235931	0.94897	-7.8594	-0.359004	58.7152	
0.947434	-0.00270286	0.319941	-0.00519771	0.999702	0.0238373	-0.31991	-0.0242473	0.947138	-8.09234	-0.37657	59.4114	
0.945586	-0.00284363	0.325361	-0.00541355	0.999686	0.0244704	-0.325328	-0.0249002	0.945273	-8.32925	-0.394615	60.1062	
0.943706	-0.00298815	0.330771	-0.00563289	0.999669	0.0251018	-0.330737	-0.025552	0.943377	-8.57014	-0.41314	60.7997	
0.941796	-0.00313644	0.336172	-0.00585573	0.999652	0.0257317	-0.336135	-0.0262025	0.941449	-8.815	-0.432143	61.4918	
0.939854	-0.00328848	0.341562	-0.00608206	0.999634	0.0263599	-0.341523	-0.0268518	0.93949	-9.06381	-0.451623	62.1824	
0.937881	-0.00344425	0.346941	-0.00631189	0.999616	0.0269865	-0.346901	-0.0274999	0.937499	-9.31658	-0.471579	62.8716	
0.935876	-0.00360376	0.35231	-0.0065452	0.999597	0.0276115	-0.352268	-0.0281469	0.935476	-9.5733	-0.492011	63.5593	
0.933841	-0.00376699	0.357668	-0.00678201	0.999578	0.0282349	-0.357623	-0.0287927	0.933422	-9.83395	-0.512918	64.2455	
0.931775	-0.00393394	0.363014	-0.00702231	0.999559	0.0288568	-0.362968	-0.0294372	0.931337	-10.0985	-0.534298	64.9302	
0.929678	-0.0041046	0.368349	-0.0072661	0.999539	0.029477	-0.3683	-0.0300806	0.92922	-10.367	-0.556152	65.6133	
0.927551	-0.00427896	0.373672	-0.00751338	0.999519	0.0300957	-0.373621	-0.0307229	0.927072	-10.6394	-0.578477	66.2949	
0.925393	-0.00445701	0.378983	-0.00776415	0.999498	0.0307129	-0.37893	-0.031364	0.924894	-10.9158	-0.601274	66.9749	
0.923204	-0.00463875	0.384282	-0.00801841	0.999477	0.0313284	-0.384226	-0.0320039	0.922684	-11.196	-0.624541	67.6533	
0.920985	-0.00482416	0.389568	-0.00827617	0.999455	0.0319425	-0.38951	-0.0326427	0.920444	-11.4801	-0.648277	68.33	
0.918736	-0.00501323	0.394841	-0.00853742	0.999433	0.0325549	-0.394781	-0.0332803	0.918172	-11.768	-0.672482	69.0051	
0.916456	-0.00520596	0.400102	-0.00880217	0.999411	0.0331658	-0.400039	-0.0339168	0.91587	-12.0599	-0.697155	69.6785	
0.914146	-0.00540234	0.405349	-0.00907042	0.999388	0.0337752	-0.405283	-0.0345521	0.913538	-12.3556	-0.722295	70.3502	
0.906733	-0.00605629	0.421663	-0.010698	0.999245	0.0373568	-0.42157	-0.0383836	0.905983	-12.6592	-0.749076	71.0183	
