1	0	0	0	1	0	0	0	1	0	0	0	
0.999998	-5.54198e-08	-0.00210074	-5.54198e-08	1	-5.27621e-05	0.00210074	5.27621e-05	0.999998	0.000960717	2.41294e-05	0.914646	
0.999991	-2.22349e-07	-0.00420702	-2.22516e-07	1	-0.000105743	0.00420702	0.000105743	0.999991	0.0038454	9.66175e-05	1.82929	
0.99998	-5.01824e-07	-0.00631875	-5.02495e-07	1	-0.000158941	0.00631875	0.000158941	0.99998	0.00865908	0.000217664	2.74392	
0.999964	-8.94871e-07	-0.00843585	-8.96553e-07	1	-0.000212355	0.00843585	0.000212355	0.999964	0.0154067	0.000387466	3.65854	
0.999944	-1.4025e-06	-0.0105582	-1.40587e-06	1	-0.000265982	0.0105582	0.000265982	0.999944	0.0240932	0.00060622	4.57315	
0.99992	-2.02572e-06	-0.0126858	-2.03163e-06	1	-0.00031982	0.0126858	0.00031982	0.999919	0.0347232	0.000874121	5.48773	
0.99989	-2.7655e-06	-0.0148185	-2.775e-06	1	-0.000373869	0.0148185	0.000373869	0.99989	0.0473016	0.00119136	6.40229	
0.999856	-3.62284e-06	-0.0169563	-3.63711e-06	1	-0.000428127	0.0169563	0.000428127	0.999856	0.061833	0.00155813	7.31682	
0.999818	-4.59868e-06	-0.0190989	-4.61912e-06	1	-0.00048259	0.0190989	0.00048259	0.999817	0.0783218	0.00197463	8.23132	
0.999774	-5.69398e-06	-0.0212465	-5.72215e-06	1	-0.000537258	0.0212465	0.000537259	0.999774	0.0967727	0.00244103	9.14578	
0.999726	-6.90967e-06	-0.0233987	-6.94732e-06	1	-0.000592129	0.0233987	0.00059213	0.999726	0.11719	0.00295752	10.0602	
0.999673	-8.24668e-06	-0.0255557	-8.29574e-06	1	-0.000647201	0.0255557	0.000647202	0.999673	0.139578	0.0035243	10.9746	
0.999616	-9.70591e-06	-0.0277173	-9.76849e-06	1	-0.000702472	0.0277173	0.000702473	0.999616	0.163941	0.00414154	11.8889	
0.999553	-1.12883e-05	-0.0298834	-1.13667e-05	1	-0.000757941	0.0298834	0.000757942	0.999553	0.190283	0.00480942	12.8032	
0.999486	-1.29946e-05	-0.0320539	-1.30913e-05	1	-0.000813604	0.0320539	0.000813606	0.999486	0.218609	0.00552812	13.7174	
0.999414	-1.48258e-05	-0.0342287	-1.49435e-05	1	-0.000869461	0.0342287	0.000869463	0.999414	0.248921	0.00629783	14.6315	
0.999337	-1.67827e-05	-0.0364078	-1.69243e-05	1	-0.00092551	0.0364078	0.000925512	0.999337	0.281225	0.00711872	15.5456	
0.999255	-1.88662e-05	-0.038591	-1.90347e-05	1	-0.000981748	0.038591	0.000981751	0.999255	0.315524	0.00799095	16.4596	
0.999168	-2.10771e-05	-0.0407783	-2.12757e-05	0.999999	-0.00103817	0.0407783	0.00103818	0.999168	0.351821	0.00891471	17.3735	
0.999076	-2.34161e-05	-0.0429696	-2.36483e-05	0.999999	-0.00109478	0.0429696	0.00109479	0.999076	0.390121	0.00989017	18.2874	
0.99898	-2.58841e-05	-0.0451648	-2.61535e-05	0.999999	-0.00115158	0.0451648	0.00115159	0.998979	0.430427	0.0109175	19.2011	
0.998878	-2.84819e-05	-0.0473638	-2.87923e-05	0.999999	-0.00120856	0.0473638	0.00120856	0.998877	0.472742	0.0119968	20.1148	
0.998771	-3.12102e-05	-0.0495666	-3.15657e-05	0.999999	-0.00126571	0.0495666	0.00126572	0.99877	0.517071	0.0131284	21.0284	
0.998659	-3.40697e-05	-0.0517729	-3.44746e-05	0.999999	-0.00132305	0.0517729	0.00132306	0.998658	0.563416	0.0143123	21.9418	
0.998542	-3.70613e-05	-0.0539828	-3.75198e-05	0.999999	-0.00138056	0.0539828	0.00138057	0.998541	0.61178	0.0155487	22.8552	
0.99842	-4.01856e-05	-0.0561962	-4.07024e-05	0.999999	-0.00143824	0.0561962	0.00143826	0.998419	0.662168	0.0168378	23.7684	
0.998293	-4.34433e-05	-0.0584129	-4.40232e-05	0.999999	-0.0014961	0.0584129	0.00149611	0.998291	0.714581	0.0181798	24.6816	
0.99816	-4.68351e-05	-0.0606329	-4.74832e-05	0.999999	-0.00155412	0.0606329	0.00155414	0.998159	0.769024	0.0195748	25.5946	
0.998023	-5.03617e-05	-0.0628561	-5.10831e-05	0.999999	-0.00161231	0.0628561	0.00161234	0.998021	0.825498	0.0210229	26.5075	
0.99788	-5.40237e-05	-0.0650824	-5.48239e-05	0.999999	-0.00167067	0.0650824	0.0016707	0.997878	0.884007	0.0225243	27.4203	
0.997732	-5.78217e-05	-0.0673117	-5.87063e-05	0.999999	-0.00172919	0.0673117	0.00172922	0.99773	0.944554	0.0240791	28.3329	
0.997579	-6.17565e-05	-0.0695439	-6.27312e-05	0.999998	-0.00178787	0.0695439	0.00178791	0.997577	1.00714	0.0256876	29.2454	
0.997421	-6.58286e-05	-0.071779	-6.68995e-05	0.999998	-0.00184671	0.071779	0.00184675	0.997419	1.07177	0.0273498	30.1578	
0.997257	-7.00385e-05	-0.0740168	-7.12118e-05	0.999998	-0.00190571	0.0740168	0.00190576	0.997255	1.13845	0.0290659	31.07	
0.997088	-7.43869e-05	-0.0762573	-7.5669e-05	0.999998	-0.00196487	0.0762573	0.00196491	0.997086	1.20717	0.0308361	31.982	
0.996914	-7.88742e-05	-0.0785003	-8.02718e-05	0.999998	-0.00202417	0.0785003	0.00202423	0.996912	1.27795	0.0326604	32.894	
0.996735	-8.35011e-05	-0.0807459	-8.5021e-05	0.999998	-0.00208363	0.0807459	0.00208369	0.996733	1.35077	0.034539	33.8057	
0.99655	-8.82681e-05	-0.0829938	-8.99172e-05	0.999998	-0.00214323	0.0829938	0.0021433	0.996548	1.42565	0.0364721	34.7173	
0.99636	-9.31757e-05	-0.085244	-9.49613e-05	0.999998	-0.00220298	0.085244	0.00220306	0.996358	1.50259	0.0384598	35.6287	
0.996165	-9.82242e-05	-0.0874964	-0.000100154	0.999997	-0.00226288	0.0874964	0.00226296	0.996162	1.58159	0.0405022	36.5399	
0.995964	-0.000103414	-0.089751	-0.000105495	0.999997	-0.00232291	0.089751	0.00232301	0.995962	1.66265	0.0425995	37.4509	
0.995758	-0.000108746	-0.0920076	-0.000110987	0.999997	-0.00238309	0.0920076	0.00238319	0.995755	1.74577	0.0447518	38.3618	
0.995547	-0.000114221	-0.0942661	-0.000116629	0.999997	-0.0024434	0.0942661	0.00244352	0.995544	1.83096	0.0469591	39.2725	
0.99533	-0.000119838	-0.0965265	-0.000122422	0.999997	-0.00250385	0.0965265	0.00250398	0.995327	1.91822	0.0492217	40.1829	
0.995108	-0.000125599	-0.0987887	-0.000128367	0.999997	-0.00256443	0.0987887	0.00256457	0.995105	2.00754	0.0515397	41.0932	
0.994881	-0.000131503	-0.101052	-0.000134463	0.999997	-0.00262514	0.101052	0.00262529	0.994878	2.09893	0.0539132	42.0033	
0.994648	-0.000137551	-0.103318	-0.000140713	0.999996	-0.00268598	0.103318	0.00268615	0.994645	2.19239	0.0563422	42.9131	
0.99441	-0.000143743	-0.105585	-0.000147116	0.999996	-0.00274695	0.105585	0.00274713	0.994407	2.28793	0.058827	43.8228	
0.994167	-0.00015008	-0.107853	-0.000153673	0.999996	-0.00280804	0.107853	0.00280823	0.994163	2.38554	0.0613676	44.7322	
0.993918	-0.000156562	-0.110123	-0.000160384	0.999996	-0.00286925	0.110123	0.00286946	0.993914	2.48522	0.0639641	45.6414	
0.993664	-0.000163189	-0.112394	-0.00016725	0.999996	-0.00293058	0.112394	0.00293081	0.993659	2.58699	0.0666167	46.5503	
0.993404	-0.000169961	-0.114666	-0.000174272	0.999996	-0.00299203	0.114666	0.00299228	0.9934	2.69083	0.0693255	47.4591	
0.993139	-0.00017688	-0.116939	-0.000181449	0.999995	-0.00305359	0.116939	0.00305386	0.993134	2.79674	0.0720905	48.3676	
0.992869	-0.000183944	-0.119213	-0.000188783	0.999995	-0.00311526	0.119213	0.00311555	0.992864	2.90474	0.0749119	49.2758	
0.992593	-0.000191154	-0.121488	-0.000196273	0.999995	-0.00317705	0.121488	0.00317736	0.992588	3.01482	0.0777898	50.1838	
0.992312	-0.000198511	-0.123764	-0.00020392	0.999995	-0.00323894	0.123764	0.00323927	0.992306	3.12698	0.0807243	51.0915	
0.992025	-0.000206014	-0.12604	-0.000211725	0.999995	-0.00330093	0.12604	0.00330129	0.99202	3.24122	0.0837155	51.999	
0.991733	-0.000213664	-0.128317	-0.000219687	0.999994	-0.00336303	0.128317	0.00336342	0.991728	3.35754	0.0867634	52.9062	
0.991436	-0.000221461	-0.130594	-0.000227807	0.999994	-0.00342523	0.130594	0.00342565	0.99143	3.47595	0.0898682	53.8132	
0.991133	-0.000229405	-0.132872	-0.000236086	0.999994	-0.00348753	0.132872	0.00348797	0.991127	3.59644	0.0930299	54.7198	
0.991255	-0.000225714	-0.131958	-0.000371978	0.99999	-0.00450474	0.131958	0.00451443	0.991245	3.71755	0.0966896	55.6264	
0.991376	-0.000221082	-0.131045	-0.000507092	0.999985	-0.00552328	0.131044	0.0055421	0.991361	3.83783	0.101289	56.5331	
0.991496	-0.000215513	-0.130133	-0.000641417	0.999978	-0.00654307	0.130132	0.0065709	0.991475	3.95727	0.106828	57.4399	
0.991616	-0.000209009	-0.129223	-0.000774943	0.999971	-0.00756403	0.129221	0.00760075	0.991587	4.07588	0.113309	58.3468	
0.991734	-0.000201571	-0.128314	-0.000907658	0.999963	-0.00858608	0.128311	0.00863157	0.991696	4.19366	0.120733	59.2538	
0.99185	-0.000193202	-0.127407	-0.00103955	0.999953	-0.00960915	0.127403	0.00966329	0.991804	4.3106	0.129099	60.1609	
0.991966	-0.000183905	-0.126501	-0.00117062	0.999943	-0.0106332	0.126496	0.0106958	0.991909	4.42671	0.13841	61.0681	
0.992081	-0.000173683	-0.125597	-0.00130084	0.999931	-0.011658	0.12559	0.0117291	0.992013	4.542	0.148666	61.9754	
0.992195	-0.000162537	-0.124694	-0.00143021	0.999919	-0.0126837	0.124686	0.012763	0.992114	4.65646	0.159866	62.8828	
0.992308	-0.000150471	-0.123792	-0.00155873	0.999905	-0.01371	0.123783	0.0137975	0.992213	4.77009	0.172013	63.7903	
0.99242	-0.000137489	-0.122893	-0.00168637	0.99989	-0.014737	0.122881	0.0148325	0.992311	4.88289	0.185106	64.6979	
0.992531	-0.000123592	-0.121994	-0.00181314	0.999874	-0.0157645	0.121981	0.0158679	0.992406	4.99487	0.199146	65.6055	
0.992641	-0.000108784	-0.121097	-0.00193902	0.999857	-0.0167924	0.121082	0.0169037	0.992499	5.10603	0.214133	66.5133	
0.992749	-9.30679e-05	-0.120202	-0.002064	0.999839	-0.0178208	0.120184	0.0179397	0.99259	5.21637	0.230068	67.4211	
0.992857	-7.64476e-05	-0.119308	-0.00218808	0.99982	-0.0188494	0.119288	0.0189758	0.992678	5.32588	0.24695	68.329	
0.992964	-5.89262e-05	-0.118416	-0.00231125	0.9998	-0.0198783	0.118393	0.0200121	0.992765	5.43458	0.264781	69.237	
0.99307	-4.05072e-05	-0.117525	-0.0024335	0.999778	-0.0209073	0.1175	0.0210484	0.99285	5.54246	0.283558	70.145	
0.993175	-2.11941e-05	-0.116636	-0.00255482	0.999756	-0.0219364	0.116608	0.0220847	0.992932	5.64952	0.303284	71.0532	
0.995489	0.000534543	-0.0948778	-0.00325417	0.999588	-0.0285121	0.0948235	0.0286922	0.995081	5.74622	0.326507	71.9624	
0.997325	0.00123475	-0.0730783	-0.00380924	0.999377	-0.0351003	0.0729894	0.0352848	0.996708	5.82297	0.355766	72.8733	
0.998684	0.00207906	-0.0512489	-0.00421975	0.999121	-0.0416976	0.0511172	0.0418589	0.997815	5.87973	0.391047	73.7855	
0.999563	0.00306704	-0.029401	-0.00448547	0.998823	-0.0483004	0.0292182	0.0484112	0.9984	5.91647	0.432332	74.6985	
0.999963	0.00419817	-0.00754597	-0.00460628	0.998481	-0.0549054	0.007304	0.0549381	0.998463	5.93317	0.479598	75.6117	
0.999883	0.00547185	0.0143047	-0.0045821	0.998096	-0.0615091	-0.0146141	0.0614363	0.998004	5.92983	0.532821	76.5248	
0.999323	0.00688742	0.0361397	-0.00441295	0.997668	-0.068108	-0.0365245	0.0679024	0.997023	5.90644	0.591973	77.4372	
0.998284	0.00844414	0.0579474	-0.00409891	0.997198	-0.0746987	-0.0584158	0.074333	0.995521	5.86302	0.657024	78.3485	
0.996766	0.0101412	0.0797166	-0.00364016	0.996685	-0.0812778	-0.0802766	0.0807247	0.993498	5.79959	0.727938	79.2581	
0.99477	0.0119777	0.101436	-0.00303693	0.99613	-0.0878417	-0.102095	0.0870742	0.990956	5.71618	0.80468	80.1657	
0.992297	0.0139527	0.123094	-0.00228954	0.995533	-0.0943871	-0.123861	0.0933782	0.987896	5.61284	0.887209	81.0707	
0.989348	0.0160651	0.144679	-0.00139838	0.994895	-0.100911	-0.145561	0.0996334	0.98432	5.48962	0.975481	81.9727	
0.985925	0.0183139	0.16618	-0.00036391	0.994215	-0.107409	-0.167186	0.105836	0.980228	5.34659	1.06945	82.8712	
0.98203	0.0206979	0.187586	0.000813325	0.993494	-0.113878	-0.188723	0.111984	0.975624	5.18382	1.16907	83.7657	
0.977664	0.0232158	0.208886	0.00213271	0.992733	-0.120315	-0.210162	0.118073	0.970511	5.00139	1.27429	84.6557	
0.972831	0.0258664	0.230069	0.00359355	0.991932	-0.126717	-0.23149	0.124101	0.964889	4.79941	1.38504	85.5409	
0.967531	0.0286481	0.251122	0.00519509	0.991092	-0.13308	-0.252698	0.130063	0.958763	4.57797	1.50128	86.4206	
0.961769	0.0315596	0.272037	0.00693649	0.990212	-0.1394	-0.273773	0.135958	0.952136	4.33719	1.62295	87.2946	
0.955547	0.0345994	0.2928	0.00881684	0.989293	-0.145676	-0.294706	0.141782	0.945011	4.0772	1.74997	88.1622	
0.948869	0.0377658	0.313403	0.0108352	0.988336	-0.151902	-0.315484	0.147531	0.937392	3.79813	1.88228	89.0231	
0.941738	0.0410573	0.333833	0.0129904	0.987341	-0.158076	-0.336097	0.153203	0.929283	3.50014	2.01982	89.8768	
