1	0	0	0	1	0	0	0	1	0	0	0	
0.999994	-4.75322e-06	0.00336695	-4.75322e-06	0.999996	0.00282345	-0.00336695	-0.00282345	0.99999	-0.00167668	-0.00140602	0.995956	
0.999977	-1.90383e-05	0.00673874	-1.90339e-05	0.999984	0.00564963	-0.00673874	-0.00564963	0.999961	-0.00670911	-0.00562545	1.99189	
0.999949	-4.28915e-05	0.0101152	-4.28737e-05	0.999964	0.00847844	-0.0101152	-0.00847844	0.999913	-0.0151021	-0.012661	2.98779	
0.999909	-7.63482e-05	0.0134963	-7.63036e-05	0.999936	0.0113098	-0.0134963	-0.0113098	0.999845	-0.0268602	-0.0225151	3.98363	
0.999857	-0.000119443	0.0168818	-0.000119353	0.9999	0.0141435	-0.0168818	-0.0141435	0.999757	-0.0419879	-0.0351903	4.9794	
0.999794	-0.000172208	0.0202716	-0.000172052	0.999856	0.0169794	-0.0202716	-0.0169794	0.99965	-0.0604895	-0.0506889	5.97506	
0.99972	-0.000234678	0.0236655	-0.000234427	0.999804	0.0198176	-0.0236655	-0.0198175	0.999523	-0.0823694	-0.0690131	6.97061	
0.999634	-0.000306882	0.0270635	-0.000306506	0.999743	0.0226577	-0.0270635	-0.0226577	0.999377	-0.107631	-0.0901649	7.96603	
0.999536	-0.000388852	0.0304653	-0.000388314	0.999675	0.0254998	-0.0304654	-0.0254998	0.999211	-0.13628	-0.114146	8.96128	
0.999426	-0.000480617	0.0338709	-0.000479877	0.999598	0.0283436	-0.0338709	-0.0283436	0.999024	-0.168318	-0.140959	9.95637	
0.999305	-0.000582205	0.0372801	-0.000581217	0.999513	0.0311892	-0.0372801	-0.0311891	0.998818	-0.20375	-0.170606	10.9513	
0.999171	-0.000693645	0.0406927	-0.00069236	0.99942	0.0340363	-0.0406928	-0.0340362	0.998592	-0.242579	-0.203087	11.9459	
0.999026	-0.000814963	0.0441087	-0.000813325	0.999319	0.0368848	-0.0441087	-0.0368848	0.998346	-0.284808	-0.238404	12.9404	
0.998869	-0.000946184	0.0475279	-0.000944135	0.99921	0.0397347	-0.0475279	-0.0397346	0.998079	-0.330442	-0.276559	13.9345	
0.998701	-0.00108733	0.0509501	-0.00108481	0.999092	0.0425857	-0.0509501	-0.0425857	0.997793	-0.379482	-0.317553	14.9284	
0.99852	-0.00123843	0.0543752	-0.00123537	0.998966	0.0454379	-0.0543752	-0.0454378	0.997486	-0.431932	-0.361387	15.9221	
0.998327	-0.00139951	0.057803	-0.00139583	0.998832	0.048291	-0.0578031	-0.0482909	0.997159	-0.487794	-0.408062	16.9154	
0.998122	-0.00157058	0.0612335	-0.0015662	0.99869	0.051145	-0.0612336	-0.0511449	0.996812	-0.547072	-0.457579	17.9083	
0.997905	-0.00175167	0.0646665	-0.00174652	0.998539	0.0539997	-0.0646667	-0.0539995	0.996445	-0.609768	-0.509939	18.9009	
0.997676	-0.0019428	0.0681019	-0.00193678	0.998381	0.056855	-0.068102	-0.0568548	0.996057	-0.675885	-0.565142	19.8931	
0.997435	-0.00214399	0.0715394	-0.00213701	0.998213	0.0597109	-0.0715396	-0.0597106	0.995649	-0.745423	-0.623189	20.885	
0.997182	-0.00235525	0.0749791	-0.00234721	0.998038	0.0625671	-0.0749793	-0.0625668	0.99522	-0.818387	-0.684081	21.8764	
0.996917	-0.0025766	0.0784206	-0.00256741	0.997854	0.0654236	-0.0784209	-0.0654232	0.994771	-0.894777	-0.747818	22.8674	
0.99664	-0.00280805	0.081864	-0.0027976	0.997662	0.0682802	-0.0818643	-0.0682798	0.994302	-0.974596	-0.814399	23.8579	
0.99635	-0.00304964	0.085309	-0.00303781	0.997462	0.0711369	-0.0853094	-0.0711364	0.993812	-1.05785	-0.883826	24.8479	
0.996048	-0.00330135	0.0887555	-0.00328804	0.997253	0.0739935	-0.088756	-0.0739929	0.993301	-1.14453	-0.956097	25.8375	
0.995734	-0.00356322	0.0922034	-0.0035483	0.997036	0.07685	-0.092204	-0.0768493	0.99277	-1.23464	-1.03121	26.8265	
0.995407	-0.00383526	0.0956526	-0.0038186	0.996811	0.0797061	-0.0956533	-0.0797053	0.992218	-1.32819	-1.10918	27.815	
0.995069	-0.00411746	0.0991028	-0.00409895	0.996578	0.0825617	-0.0991036	-0.0825608	0.991646	-1.42518	-1.18998	28.8029	
0.994718	-0.00440985	0.102554	-0.00438934	0.996336	0.0854169	-0.102555	-0.0854158	0.991053	-1.5256	-1.27363	29.7903	
0.994354	-0.00471244	0.106006	-0.00468979	0.996085	0.0882714	-0.106007	-0.0882701	0.99044	-1.62946	-1.36012	30.777	
0.993979	-0.00502523	0.109459	-0.0050003	0.995827	0.0911251	-0.10946	-0.0911237	0.989806	-1.73676	-1.44946	31.7631	
0.993591	-0.00534822	0.112912	-0.00532086	0.99556	0.0939779	-0.112913	-0.0939763	0.989151	-1.84749	-1.54163	32.7486	
0.99319	-0.00568144	0.116366	-0.0056515	0.995285	0.0968297	-0.116367	-0.096828	0.988475	-1.96167	-1.63665	33.7334	
0.992777	-0.00602488	0.11982	-0.0059922	0.995001	0.0996804	-0.119821	-0.0996785	0.987779	-2.07929	-1.73451	34.7176	
0.992352	-0.00637855	0.123274	-0.00634296	0.99471	0.10253	-0.123276	-0.102528	0.987062	-2.20035	-1.8352	35.701	
0.991915	-0.00674244	0.126728	-0.00670379	0.99441	0.105378	-0.12673	-0.105376	0.986324	-2.32484	-1.93873	36.6837	
0.991465	-0.00711658	0.130182	-0.00707468	0.994101	0.108225	-0.130184	-0.108222	0.985566	-2.45278	-2.0451	37.6657	
0.991002	-0.00750095	0.133635	-0.00745563	0.993785	0.11107	-0.133638	-0.111067	0.984787	-2.58416	-2.1543	38.6469	
0.990527	-0.00789556	0.137089	-0.00784664	0.99346	0.113913	-0.137091	-0.11391	0.983987	-2.71898	-2.26634	39.6273	
0.99004	-0.0083004	0.140541	-0.0082477	0.993126	0.116755	-0.140544	-0.116751	0.983167	-2.85724	-2.3812	40.6069	
0.98954	-0.00871549	0.143993	-0.00865881	0.992785	0.119595	-0.143997	-0.119591	0.982325	-2.99893	-2.49889	41.5857	
0.989028	-0.00914081	0.147444	-0.00907996	0.992435	0.122433	-0.147448	-0.122428	0.981463	-3.14407	-2.61942	42.5636	
0.988503	-0.00957637	0.150895	-0.00951114	0.992077	0.125268	-0.150899	-0.125263	0.980581	-3.29264	-2.74276	43.5406	
0.987966	-0.0100221	0.154344	-0.00995235	0.991711	0.128102	-0.154348	-0.128096	0.979678	-3.44464	-2.86893	44.5168	
0.987417	-0.0104782	0.157791	-0.0104036	0.991337	0.130933	-0.157796	-0.130927	0.978754	-3.60009	-2.99792	45.4921	
0.986855	-0.0109444	0.161238	-0.0108648	0.990954	0.133761	-0.161243	-0.133755	0.977809	-3.75896	-3.12972	46.4664	
0.98628	-0.0114208	0.164683	-0.011336	0.990563	0.136587	-0.164689	-0.13658	0.976844	-3.92127	-3.26434	47.4398	
0.985694	-0.0119075	0.168126	-0.0118172	0.990164	0.139411	-0.168132	-0.139403	0.975858	-4.08701	-3.40178	48.4122	
0.985094	-0.0124043	0.171568	-0.0123084	0.989757	0.142231	-0.171575	-0.142223	0.974851	-4.25617	-3.54202	49.3836	
0.984482	-0.0129114	0.175007	-0.0128096	0.989342	0.145049	-0.175015	-0.14504	0.973824	-4.42877	-3.68507	50.354	
0.983858	-0.0134286	0.178445	-0.0133207	0.988918	0.147863	-0.178453	-0.147854	0.972776	-4.60479	-3.83093	51.3234	
0.983222	-0.013956	0.18188	-0.0138417	0.988486	0.150675	-0.181889	-0.150664	0.971708	-4.78423	-3.97959	52.2917	
0.982573	-0.0144935	0.185313	-0.0143726	0.988047	0.153483	-0.185322	-0.153472	0.970619	-4.9671	-4.13104	53.2589	
0.981911	-0.0150412	0.188744	-0.0149134	0.987599	0.156288	-0.188754	-0.156276	0.96951	-5.15338	-4.28529	54.2251	
0.981237	-0.0155991	0.192171	-0.0154641	0.987143	0.15909	-0.192182	-0.159076	0.96838	-5.34308	-4.44233	55.1901	
0.980551	-0.016167	0.195597	-0.0160247	0.986679	0.161888	-0.195608	-0.161874	0.96723	-5.53619	-4.60215	56.154	
0.979853	-0.016745	0.199019	-0.0165951	0.986207	0.164682	-0.199032	-0.164667	0.96606	-5.73271	-4.76476	57.1168	
0.979142	-0.0173332	0.202438	-0.0171753	0.985727	0.167473	-0.202452	-0.167456	0.964869	-5.93264	-4.93016	58.0783	
0.978418	-0.0179314	0.205855	-0.0177653	0.985239	0.170259	-0.205869	-0.170242	0.963657	-6.13598	-5.09832	59.0387	
0.977683	-0.0185396	0.209267	-0.0183651	0.984743	0.173042	-0.209283	-0.173023	0.962426	-6.34272	-5.26926	59.9978	
0.976935	-0.0191579	0.212677	-0.0189747	0.984239	0.175821	-0.212693	-0.175801	0.961174	-6.55285	-5.44297	60.9558	
0.976174	-0.0197862	0.216083	-0.019594	0.983728	0.178595	-0.2161	-0.178574	0.959902	-6.76638	-5.61944	61.9124	
0.97608	-0.0198654	0.216503	-0.0206367	0.982855	0.183221	-0.216431	-0.183306	0.958935	-6.98178	-5.79965	62.868	
0.975984	-0.0199471	0.216925	-0.0216814	0.98196	0.187844	-0.216758	-0.188036	0.957945	-7.1975	-5.98457	63.8225	
0.975888	-0.0200315	0.217349	-0.0227282	0.981041	0.192464	-0.217084	-0.192763	0.956931	-7.41354	-6.1742	64.7761	
0.975792	-0.0201184	0.217775	-0.0237767	0.980099	0.19708	-0.217406	-0.197487	0.955894	-7.62991	-6.36854	65.7286	
0.975694	-0.0202079	0.218203	-0.0248269	0.979134	0.201692	-0.217726	-0.202207	0.954834	-7.8466	-6.56758	66.6802	
0.975596	-0.0202999	0.218632	-0.0258786	0.978147	0.206298	-0.218042	-0.206921	0.953751	-8.0636	-6.77132	67.6306	
0.975498	-0.0203944	0.219062	-0.0269317	0.977137	0.210899	-0.218355	-0.211631	0.952646	-8.28092	-6.97975	68.5799	
0.975399	-0.0204913	0.219493	-0.0279861	0.976104	0.215493	-0.218664	-0.216334	0.951517	-8.49855	-7.19287	69.5282	
0.975299	-0.0205906	0.219925	-0.0290416	0.975049	0.22008	-0.21897	-0.221031	0.950367	-8.71648	-7.41067	70.4753	
0.979697	-0.0157883	0.199863	-0.0317999	0.972037	0.232664	-0.197948	-0.234296	0.951799	-8.92411	-7.63742	71.4226	
0.983649	-0.0107078	0.179778	-0.0342793	0.96885	0.245264	-0.176804	-0.247417	0.952641	-9.11073	-7.87732	72.371	
0.987154	-0.00535211	0.15968	-0.0364781	0.96549	0.257871	-0.15555	-0.260383	0.952893	-9.27625	-8.1302	73.32	
0.99021	0.000275373	0.139584	-0.0383951	0.96196	0.270477	-0.1342	-0.273189	0.952554	-9.42055	-8.39593	74.2689	
0.992815	0.00617118	0.119501	-0.040029	0.958262	0.283075	-0.112766	-0.285825	0.951624	-9.54354	-8.67432	75.2172	
0.994967	0.0123317	0.0994438	-0.0413789	0.954398	0.295657	-0.091263	-0.298284	0.950104	-9.64514	-8.96521	76.1642	
0.996664	0.018753	0.0794249	-0.0424438	0.950369	0.308215	-0.0697031	-0.310558	0.947995	-9.72531	-9.26841	77.1095	
0.997907	0.0254312	0.0594567	-0.0432232	0.94618	0.320741	-0.0480999	-0.322639	0.945299	-9.78397	-9.58375	78.0524	
0.998693	0.0323622	0.0395516	-0.0437165	0.941833	0.333227	-0.026467	-0.334521	0.942017	-9.82111	-9.91102	78.9923	
0.999023	0.0395415	0.0197218	-0.0439235	0.937329	0.345666	-0.00481763	-0.346195	0.93815	-9.83669	-10.25	79.9286	
0.998897	0.0469649	-2.02799e-05	-0.043844	0.932672	0.35805	0.0168347	-0.357654	0.933702	-9.8307	-10.6005	80.8608	
0.998313	0.0546276	-0.0196624	-0.043478	0.927866	0.370372	0.0384766	-0.368892	0.928676	-9.80316	-10.9624	81.7883	
0.997274	0.062525	-0.0391925	-0.0428259	0.922912	0.382623	0.0600947	-0.379901	0.923073	-9.75407	-11.3353	82.7105	
0.995778	0.0706521	-0.0585983	-0.041888	0.917813	0.394796	0.0816755	-0.390675	0.916898	-9.68347	-11.719	83.6268	
0.993828	0.079004	-0.0778679	-0.0406648	0.912574	0.406884	0.103206	-0.401206	0.910155	-9.59139	-12.1134	84.5367	
0.991425	0.0875753	-0.0969893	-0.0391572	0.907198	0.418878	0.124672	-0.411489	0.902848	-9.47791	-12.5181	85.4395	
0.98857	0.0963608	-0.115951	-0.037366	0.901687	0.430773	0.146061	-0.421516	0.894981	-9.34308	-12.9329	86.3349	
0.985264	0.105355	-0.13474	-0.0352924	0.896045	0.442559	0.167359	-0.431282	0.886559	-9.187	-13.3576	87.2221	
0.98151	0.114553	-0.153346	-0.0329377	0.890275	0.454231	0.188554	-0.440781	0.877587	-9.00975	-13.7919	88.1006	
0.977311	0.123948	-0.171757	-0.0303034	0.884382	0.46578	0.209631	-0.450007	0.868072	-8.81145	-14.2356	88.97	
0.972668	0.133534	-0.189962	-0.027391	0.878368	0.4772	0.230579	-0.458954	0.858018	-8.59223	-14.6882	89.8296	
0.967585	0.143307	-0.207949	-0.0242023	0.872238	0.488483	0.251384	-0.467616	0.847432	-8.35221	-15.1497	90.6789	
0.962064	0.153259	-0.225707	-0.0207394	0.865995	0.499622	0.272033	-0.475988	0.836321	-8.09154	-15.6196	91.5174	
0.95611	0.163384	-0.243226	-0.0170044	0.859643	0.510612	0.292513	-0.484065	0.824692	-7.81039	-16.0977	92.3446	
0.949726	0.173677	-0.260494	-0.0129996	0.853187	0.521444	0.312812	-0.491842	0.812551	-7.50894	-16.5837	93.16	
0.942916	0.18413	-0.2775	-0.0087275	0.846629	0.532111	0.332917	-0.499314	0.799907	-7.18736	-17.0773	93.963	
0.935683	0.194738	-0.294234	-0.00419072	0.839975	0.542609	0.352816	-0.506477	0.786767	-6.84586	-17.5782	94.7532	
