1	0	0	0	1	0	0	0	1	0	0	0	
0.999999	-8.82488e-07	0.00116731	-8.82488e-07	0.999999	0.001512	-0.00116731	-0.001512	0.999998	-0.000573042	-0.000742257	0.981818	
0.999997	-3.53995e-06	0.00233817	-3.53843e-06	0.999995	0.00302731	-0.00233817	-0.00302731	0.999993	-0.00229391	-0.00297065	1.96363	
0.999994	-7.9868e-06	0.00351252	-7.98072e-06	0.99999	0.00454584	-0.00351252	-0.00454584	0.999983	-0.00516607	-0.00668838	2.94544	
0.999989	-1.42372e-05	0.00469033	-1.4222e-05	0.999982	0.00606753	-0.00469033	-0.00606753	0.999971	-0.00919293	-0.0118986	3.92723	
0.999983	-2.2305e-05	0.00587153	-2.22745e-05	0.999971	0.00759231	-0.00587153	-0.00759231	0.999954	-0.0143778	-0.0186043	4.90902	
0.999975	-3.22038e-05	0.00705607	-3.21503e-05	0.999958	0.00912008	-0.00705607	-0.00912008	0.999934	-0.0207241	-0.0268086	5.89078	
0.999966	-4.3947e-05	0.0082439	-4.38611e-05	0.999943	0.0106508	-0.0082439	-0.0106508	0.999909	-0.028235	-0.0365143	6.87252	
0.999955	-5.75475e-05	0.00943497	-5.74185e-05	0.999926	0.0121844	-0.00943497	-0.0121844	0.999881	-0.0369137	-0.0477243	7.85424	
0.999944	-7.30183e-05	0.0106292	-7.28335e-05	0.999906	0.0137207	-0.0106292	-0.0137207	0.999849	-0.0467634	-0.0604414	8.83592	
0.99993	-9.03716e-05	0.0118266	-9.01171e-05	0.999884	0.0152598	-0.0118266	-0.0152598	0.999814	-0.0577872	-0.0746682	9.81758	
0.999915	-0.00010962	0.0130271	-0.00010928	0.999859	0.0168015	-0.0130271	-0.0168015	0.999774	-0.0699881	-0.0904074	10.7992	
0.999899	-0.000130775	0.0142306	-0.000130332	0.999832	0.0183458	-0.0142306	-0.0183458	0.99973	-0.0833692	-0.107662	11.7808	
0.999881	-0.000153848	0.015437	-0.000153283	0.999802	0.0198926	-0.015437	-0.0198926	0.999683	-0.0979333	-0.126433	12.7623	
0.999861	-0.000178851	0.0166464	-0.000178143	0.99977	0.0214418	-0.0166464	-0.0214418	0.999632	-0.113683	-0.146725	13.7438	
0.999841	-0.000205795	0.0178587	-0.000204922	0.999736	0.0229933	-0.0178587	-0.0229933	0.999576	-0.130622	-0.168538	14.7252	
0.999818	-0.00023469	0.0190737	-0.000233628	0.999699	0.0245471	-0.0190737	-0.0245471	0.999517	-0.148753	-0.191876	15.7066	
0.999794	-0.000265547	0.0202915	-0.00026427	0.999659	0.0261031	-0.0202915	-0.0261031	0.999453	-0.168077	-0.216741	16.6879	
0.999769	-0.000298377	0.021512	-0.000296857	0.999617	0.0276613	-0.0215121	-0.0276613	0.999386	-0.188599	-0.243134	17.6691	
0.999741	-0.000333188	0.0227352	-0.000331396	0.999573	0.0292214	-0.0227352	-0.0292214	0.999314	-0.210321	-0.271059	18.6503	
0.999713	-0.00036999	0.023961	-0.000367895	0.999526	0.0307836	-0.023961	-0.0307836	0.999239	-0.233244	-0.300516	19.6314	
0.999683	-0.000408793	0.0251892	-0.000406363	0.999477	0.0323477	-0.0251893	-0.0323476	0.999159	-0.257373	-0.331507	20.6125	
0.999651	-0.000449605	0.02642	-0.000446806	0.999425	0.0339135	-0.0264201	-0.0339135	0.999076	-0.282708	-0.364035	21.5934	
0.999617	-0.000492435	0.0276532	-0.00048923	0.99937	0.0354812	-0.0276533	-0.0354811	0.998988	-0.309253	-0.398102	22.5743	
0.999582	-0.000537291	0.0288888	-0.000533643	0.999313	0.0370505	-0.0288889	-0.0370504	0.998896	-0.33701	-0.433708	23.5551	
0.999546	-0.000584182	0.0301267	-0.000580051	0.999254	0.0386214	-0.0301268	-0.0386213	0.9988	-0.365981	-0.470856	24.5358	
0.999508	-0.000633114	0.0313668	-0.000628459	0.999192	0.0401938	-0.0313669	-0.0401937	0.998699	-0.396169	-0.509547	25.5163	
0.999468	-0.000684096	0.0326092	-0.000678873	0.999127	0.0417677	-0.0326093	-0.0417676	0.998595	-0.427576	-0.549783	26.4968	
0.999427	-0.000737133	0.0338537	-0.000731299	0.99906	0.043343	-0.0338538	-0.0433429	0.998487	-0.460203	-0.591564	27.4772	
0.999383	-0.000792234	0.0351003	-0.00078574	0.99899	0.0449196	-0.0351004	-0.0449195	0.998374	-0.494053	-0.634893	28.4575	
0.999339	-0.000849403	0.0363489	-0.000842203	0.998918	0.0464974	-0.0363491	-0.0464973	0.998257	-0.529129	-0.679771	29.4377	
0.999292	-0.000908647	0.0375995	-0.00090069	0.998843	0.0480764	-0.0375997	-0.0480762	0.998136	-0.565431	-0.726198	30.4177	
0.999245	-0.000969972	0.0388521	-0.000961206	0.998766	0.0496564	-0.0388523	-0.0496563	0.99801	-0.602962	-0.774175	31.3976	
0.999195	-0.00103338	0.0401065	-0.00102375	0.998686	0.0512375	-0.0401067	-0.0512373	0.997881	-0.641723	-0.823705	32.3774	
0.999144	-0.00109889	0.0413627	-0.00108834	0.998603	0.0528195	-0.041363	-0.0528193	0.997747	-0.681718	-0.874787	33.3571	
0.999091	-0.00116648	0.0426207	-0.00115496	0.998518	0.0544024	-0.042621	-0.0544022	0.997609	-0.722946	-0.927423	34.3366	
0.999036	-0.00123618	0.0438803	-0.00122363	0.998431	0.0559861	-0.0438807	-0.0559858	0.997467	-0.765411	-0.981614	35.316	
0.99898	-0.00130798	0.0451416	-0.00129433	0.998341	0.0575704	-0.045142	-0.0575701	0.99732	-0.809113	-1.03736	36.2953	
0.998922	-0.00138189	0.0464045	-0.00136708	0.998248	0.0591555	-0.046405	-0.0591551	0.99717	-0.854054	-1.09466	37.2744	
0.998862	-0.00145791	0.0476689	-0.00144188	0.998153	0.0607411	-0.0476694	-0.0607407	0.997015	-0.900236	-1.15352	38.2534	
0.998801	-0.00153605	0.0489348	-0.00151873	0.998055	0.0623271	-0.0489354	-0.0623267	0.996855	-0.94766	-1.21393	39.2322	
0.998738	-0.0016163	0.0502021	-0.00159763	0.997954	0.0639136	-0.0502027	-0.0639132	0.996692	-0.996328	-1.27591	40.2108	
0.998673	-0.00169867	0.0514708	-0.00167857	0.997851	0.0655005	-0.0514714	-0.0655	0.996524	-1.04624	-1.33944	41.1893	
0.998607	-0.00178316	0.0527407	-0.00176157	0.997746	0.0670876	-0.0527414	-0.067087	0.996352	-1.0974	-1.40452	42.1677	
0.998539	-0.00186977	0.0540119	-0.00184661	0.997637	0.0686749	-0.0540127	-0.0686743	0.996176	-1.14981	-1.47117	43.1458	
0.998469	-0.0019585	0.0552843	-0.00193371	0.997527	0.0702624	-0.0552851	-0.0702617	0.995995	-1.20346	-1.53938	44.1238	
0.998397	-0.00204936	0.0565578	-0.00202285	0.997413	0.0718499	-0.0565587	-0.0718491	0.995811	-1.25837	-1.60914	45.1016	
0.998324	-0.00214235	0.0578323	-0.00211404	0.997298	0.0734374	-0.0578333	-0.0734366	0.995622	-1.31452	-1.68046	46.0792	
0.998249	-0.00223746	0.0591079	-0.00220727	0.997179	0.0750248	-0.059109	-0.0750239	0.995428	-1.37193	-1.75334	47.0566	
0.998172	-0.0023347	0.0603844	-0.00230255	0.997058	0.076612	-0.0603856	-0.076611	0.995231	-1.43059	-1.82778	48.0338	
0.998094	-0.00243406	0.0616618	-0.00239987	0.996935	0.078199	-0.0616631	-0.0781979	0.995029	-1.49051	-1.90378	49.0109	
0.998014	-0.00253554	0.06294	-0.00249922	0.996809	0.0797857	-0.0629415	-0.0797845	0.994823	-1.55168	-1.98133	49.9877	
0.997932	-0.00263915	0.064219	-0.00260062	0.99668	0.081372	-0.0642206	-0.0813707	0.994613	-1.6141	-2.06045	50.9644	
0.997849	-0.00274488	0.0654987	-0.00270404	0.996549	0.0829578	-0.0655004	-0.0829565	0.994398	-1.67778	-2.14112	51.9408	
0.997764	-0.00285272	0.0667791	-0.0028095	0.996416	0.0845431	-0.0667809	-0.0845417	0.99418	-1.74272	-2.22334	52.917	
0.997677	-0.00296268	0.0680601	-0.00291698	0.99628	0.0861278	-0.0680621	-0.0861263	0.993957	-1.80892	-2.30712	53.893	
0.997588	-0.00307476	0.0693416	-0.00302648	0.996141	0.0877119	-0.0693437	-0.0877102	0.99373	-1.87637	-2.39246	54.8688	
0.997498	-0.00318895	0.0706236	-0.003138	0.996	0.0892952	-0.0706259	-0.0892934	0.993498	-1.94508	-2.47936	55.8443	
0.997406	-0.00330525	0.071906	-0.00325153	0.995857	0.0908776	-0.0719085	-0.0908757	0.993263	-2.01505	-2.5678	56.8196	
0.997312	-0.00342365	0.0731888	-0.00336707	0.995711	0.0924592	-0.0731914	-0.0924571	0.993023	-2.08629	-2.6578	57.7947	
0.997217	-0.00354415	0.0744719	-0.00348461	0.995562	0.0940399	-0.0744747	-0.0940376	0.992779	-2.15878	-2.74935	58.7696	
0.99712	-0.00366674	0.0757553	-0.00360414	0.995411	0.0956194	-0.0757583	-0.0956171	0.992531	-2.23253	-2.84246	59.7442	
0.997021	-0.00379143	0.0770388	-0.00372566	0.995258	0.0971979	-0.077042	-0.0971954	0.992279	-2.30754	-2.93711	60.7185	
0.99692	-0.00391821	0.0783224	-0.00384916	0.995102	0.0987753	-0.0783259	-0.0987725	0.992023	-2.38381	-3.03331	61.6926	
0.996935	-0.00389957	0.0781337	-0.00371607	0.995269	0.0970875	-0.0781426	-0.0970803	0.992204	-2.46062	-3.12946	62.6667	
0.99695	-0.00388135	0.0779458	-0.00358323	0.995433	0.0953987	-0.0779601	-0.095387	0.992383	-2.53725	-3.22394	63.641	
0.996965	-0.00386355	0.0777589	-0.00345063	0.995594	0.0937087	-0.0777783	-0.0936926	0.992558	-2.61371	-3.31676	64.6154	
0.996979	-0.00384614	0.0775728	-0.00331829	0.995752	0.0920177	-0.0775972	-0.0919971	0.992731	-2.68998	-3.40792	65.59	
0.996994	-0.00382914	0.0773876	-0.0031862	0.995907	0.0903257	-0.0774168	-0.0903007	0.992901	-2.76608	-3.49741	66.5648	
0.997008	-0.00381253	0.0772033	-0.00305438	0.99606	0.0886329	-0.077237	-0.0886035	0.993068	-2.842	-3.58524	67.5397	
0.997022	-0.00379632	0.0770197	-0.00292282	0.996209	0.0869393	-0.0770578	-0.0869055	0.993232	-2.91775	-3.6714	68.5148	
0.997036	-0.00378049	0.076837	-0.00279153	0.996356	0.085245	-0.0768793	-0.0852069	0.993393	-2.99331	-3.75589	69.49	
0.997051	-0.00376504	0.0766551	-0.00266052	0.9965	0.0835501	-0.0767013	-0.0835076	0.993551	-3.06871	-3.83871	70.4654	
0.997065	-0.00374996	0.0764739	-0.00252979	0.996641	0.0818546	-0.076524	-0.0818078	0.993706	-3.14393	-3.91987	71.441	
0.997786	-0.00303753	0.0664436	-0.000929239	0.998223	0.0595891	-0.0665066	-0.0595188	0.996009	-3.21415	-3.98925	72.4178	
0.998405	-0.00255	0.0563932	0.000446672	0.999305	0.0372787	-0.0564491	-0.0371941	0.997712	-3.27451	-4.03673	73.3966	
0.998924	-0.00228766	0.0463287	0.00159711	0.999887	0.014937	-0.0463576	-0.0148469	0.998815	-3.32498	-4.06228	74.3768	
0.99934	-0.00225067	0.036256	0.00252138	0.999969	-0.00742272	-0.0362382	0.00750923	0.999315	-3.36553	-4.06588	75.3577	
0.999654	-0.00243905	0.0261814	0.00321893	0.999551	-0.0297869	-0.026097	0.0298608	0.999213	-3.39613	-4.04753	76.3389	
0.999866	-0.0028527	0.0161108	0.00368934	0.998633	-0.052142	-0.01594	0.0521944	0.99851	-3.41677	-4.00725	77.3196	
0.999976	-0.00349135	0.0060503	0.00393232	0.997215	-0.0744746	-0.00577343	0.0744966	0.997205	-3.42743	-3.94505	78.2994	
0.999983	-0.00435463	-0.00399398	0.00394772	0.995299	-0.0967714	0.00439661	0.0967539	0.995299	-3.42811	-3.86098	79.2776	
0.999887	-0.00544202	-0.014016	0.00373555	0.992885	-0.119019	0.014564	0.118953	0.992793	-3.4188	-3.75508	80.2536	
0.999689	-0.00675285	-0.0240098	0.00329592	0.989975	-0.141203	0.0247226	0.14108	0.989689	-3.39951	-3.62742	81.2269	
0.999389	-0.00828635	-0.0339693	0.0026291	0.986571	-0.163312	0.0348663	0.163123	0.98599	-3.37026	-3.47808	82.1968	
0.998986	-0.0100416	-0.0438884	0.0017355	0.982675	-0.185331	0.0449891	0.185067	0.981696	-3.33105	-3.30714	83.1628	
0.998481	-0.0120175	-0.0537613	0.000615639	0.978288	-0.207247	0.0550847	0.206899	0.97681	-3.28192	-3.11471	84.1243	
0.997875	-0.0142129	-0.063582	-0.000729791	0.973415	-0.229047	0.0651471	0.228607	0.971337	-3.2229	-2.90091	85.0807	
0.997168	-0.0166265	-0.0733446	-0.00229999	0.968057	-0.250719	0.0751703	0.250177	0.965278	-3.15401	-2.66586	86.0314	
0.99636	-0.0192568	-0.0830431	-0.004094	0.962218	-0.272248	0.0851482	0.271597	0.958637	-3.0753	-2.4097	86.976	
0.995451	-0.0221022	-0.0926717	-0.00611075	0.955902	-0.293622	0.0950748	0.292853	0.951419	-2.98683	-2.13259	87.9137	
0.994443	-0.025161	-0.102225	-0.00834902	0.949112	-0.314828	0.104944	0.313932	0.943628	-2.88863	-1.8347	88.844	
0.993336	-0.0284314	-0.111696	-0.0108075	0.941852	-0.335854	0.11475	0.334822	0.935268	-2.78078	-1.51621	89.7664	
0.99213	-0.0319114	-0.121081	-0.0134846	0.934127	-0.356686	0.124487	0.355511	0.926345	-2.66333	-1.1773	90.6803	
0.990826	-0.0355989	-0.130372	-0.0163788	0.925942	-0.377312	0.134149	0.375985	0.916864	-2.53635	-0.818182	91.5852	
0.989425	-0.0394917	-0.139566	-0.0194884	0.9173	-0.397719	0.14373	0.396233	0.90683	-2.39993	-0.439073	92.4806	
0.987928	-0.0435874	-0.148655	-0.0228114	0.908208	-0.417896	0.153225	0.416243	0.89625	-2.25415	-0.0402017	93.3657	
0.986336	-0.0478836	-0.157635	-0.0263459	0.898671	-0.437831	0.162627	0.436001	0.88513	-2.09908	0.378193	94.2403	
0.984649	-0.0523776	-0.1665	-0.0300897	0.888695	-0.45751	0.171931	0.455497	0.873477	-1.93484	0.81586	95.1036	
0.982869	-0.0570669	-0.175245	-0.0340406	0.878286	-0.476923	0.181132	0.474718	0.861298	-1.76151	1.27253	95.9553	
