1	0	0	0	1	0	0	0	1	0	0	0	
0.999994	-7.77301e-06	0.0033584	-7.77301e-06	0.999989	0.00462896	-0.0033584	-0.00462896	0.999984	-0.0017021	-0.00234605	1.01363	
0.999977	-3.10926e-05	0.0067168	-3.10923e-05	0.999957	0.00925781	-0.0067168	-0.00925781	0.999935	-0.00680841	-0.00938414	2.02723	
0.999949	-6.99592e-05	0.0100751	-6.99578e-05	0.999904	0.0138864	-0.0100751	-0.0138864	0.999853	-0.0153189	-0.0211141	3.04076	
0.99991	-0.000124373	0.0134331	-0.000124369	0.999829	0.0185146	-0.0134331	-0.0185146	0.999738	-0.0272333	-0.0375355	4.05419	
0.999859	-0.000194332	0.0167909	-0.000194325	0.999732	0.0231422	-0.0167909	-0.0231422	0.999591	-0.0425514	-0.058648	5.06749	
0.999797	-0.000279836	0.0201481	-0.000279823	0.999614	0.027769	-0.0201481	-0.027769	0.999411	-0.0612728	-0.0844508	6.08062	
0.999724	-0.000380882	0.0235048	-0.000380862	0.999475	0.032395	-0.0235048	-0.032395	0.999199	-0.083397	-0.114943	7.09356	
0.999639	-0.000497469	0.0268609	-0.000497439	0.999314	0.0370199	-0.0268609	-0.0370199	0.998953	-0.108923	-0.150124	8.10626	
0.999543	-0.000629594	0.0302161	-0.00062955	0.999132	0.0416437	-0.0302161	-0.0416437	0.998676	-0.137851	-0.189992	9.1187	
0.999436	-0.000777252	0.0335704	-0.000777192	0.998929	0.0462661	-0.0335704	-0.0462661	0.998365	-0.170179	-0.234547	10.1308	
0.999318	-0.00094044	0.0369238	-0.00094036	0.998704	0.050887	-0.0369238	-0.050887	0.998022	-0.205907	-0.283786	11.1426	
0.999188	-0.00111915	0.040276	-0.00111905	0.998458	0.0555062	-0.040276	-0.0555062	0.997646	-0.245034	-0.337708	12.1541	
0.999047	-0.00131338	0.0436269	-0.00131325	0.99819	0.0601236	-0.0436269	-0.0601236	0.997237	-0.287557	-0.396311	13.1651	
0.998895	-0.00152313	0.0469765	-0.00152297	0.997901	0.0647391	-0.0469765	-0.0647391	0.996796	-0.333477	-0.459594	14.1758	
0.998731	-0.00174839	0.0503247	-0.00174818	0.997591	0.0693524	-0.0503247	-0.0693524	0.996322	-0.382791	-0.527554	15.1859	
0.998557	-0.00198914	0.0536713	-0.00198889	0.997259	0.0739635	-0.0536713	-0.0739635	0.995816	-0.435498	-0.60019	16.1956	
0.998371	-0.00224539	0.0570161	-0.00224509	0.996906	0.0785721	-0.0570162	-0.0785721	0.995277	-0.491597	-0.677498	17.2047	
0.998174	-0.00251712	0.0603592	-0.00251677	0.996532	0.0831781	-0.0603592	-0.0831781	0.994705	-0.551085	-0.759476	18.2132	
0.997965	-0.00280433	0.0637004	-0.00280392	0.996136	0.0877814	-0.0637004	-0.0877814	0.994101	-0.613961	-0.846121	19.2212	
0.997745	-0.00310701	0.0670396	-0.00310653	0.995719	0.0923818	-0.0670396	-0.0923818	0.993464	-0.680222	-0.937432	20.2285	
0.997515	-0.00342515	0.0703766	-0.00342459	0.995281	0.0969791	-0.0703766	-0.0969791	0.992795	-0.749868	-1.0334	21.2352	
0.997273	-0.00375873	0.0737113	-0.00375809	0.994821	0.101573	-0.0737114	-0.101573	0.992093	-0.822894	-1.13403	22.2412	
0.997019	-0.00410775	0.0770438	-0.00410702	0.99434	0.106164	-0.0770438	-0.106164	0.991359	-0.8993	-1.23932	23.2465	
0.996755	-0.0044722	0.0803737	-0.00447137	0.993838	0.110751	-0.0803737	-0.110751	0.990593	-0.979082	-1.34926	24.2509	
0.996479	-0.00485206	0.0837011	-0.00485112	0.993315	0.115335	-0.0837011	-0.115335	0.989794	-1.06224	-1.46384	25.2546	
0.996192	-0.00524732	0.0870257	-0.00524626	0.99277	0.119915	-0.0870258	-0.119915	0.988963	-1.14877	-1.58307	26.2575	
0.995894	-0.00565797	0.0903476	-0.00565679	0.992205	0.124491	-0.0903476	-0.124491	0.988099	-1.23866	-1.70694	27.2595	
0.995585	-0.00608399	0.0936665	-0.00608268	0.991618	0.129062	-0.0936666	-0.129062	0.987203	-1.33192	-1.83544	28.2607	
0.995265	-0.00652538	0.0969824	-0.00652392	0.99101	0.13363	-0.0969825	-0.13363	0.986275	-1.42855	-1.96858	29.2608	
0.994933	-0.00698211	0.100295	-0.00698049	0.990381	0.138193	-0.100295	-0.138193	0.985314	-1.52853	-2.10635	30.2601	
0.994591	-0.00745417	0.103605	-0.00745239	0.989731	0.142751	-0.103605	-0.142751	0.984321	-1.63187	-2.24873	31.2583	
0.994237	-0.00794155	0.106911	-0.00793959	0.989059	0.147305	-0.106911	-0.147305	0.983296	-1.73857	-2.39574	32.2556	
0.993872	-0.00844423	0.110214	-0.00844207	0.988367	0.151854	-0.110214	-0.151854	0.982239	-1.84861	-2.54736	33.2517	
0.993496	-0.00896219	0.113513	-0.00895983	0.987654	0.156397	-0.113513	-0.156397	0.98115	-1.962	-2.70359	34.2468	
0.993109	-0.00949541	0.116808	-0.00949284	0.986919	0.160936	-0.116808	-0.160936	0.980028	-2.07873	-2.86442	35.2408	
0.992711	-0.0100439	0.1201	-0.0100411	0.986164	0.165469	-0.1201	-0.165469	0.978875	-2.1988	-3.02985	36.2336	
0.992302	-0.0106076	0.123387	-0.0106045	0.985388	0.169997	-0.123388	-0.169997	0.977689	-2.32221	-3.19987	37.2252	
0.991882	-0.0111865	0.126671	-0.0111832	0.98459	0.174519	-0.126671	-0.174519	0.976472	-2.44894	-3.37447	38.2156	
0.99145	-0.0117806	0.129951	-0.011777	0.983772	0.179035	-0.129951	-0.179035	0.975223	-2.579	-3.55366	39.2048	
0.991008	-0.0123899	0.133226	-0.012386	0.982933	0.183546	-0.133226	-0.183545	0.973941	-2.71238	-3.73743	40.1927	
0.990555	-0.0130143	0.136497	-0.0130102	0.982073	0.18805	-0.136497	-0.18805	0.972628	-2.84909	-3.92576	41.1792	
0.990091	-0.0136538	0.139763	-0.0136494	0.981193	0.192548	-0.139764	-0.192548	0.971283	-2.9891	-4.11865	42.1644	
0.989616	-0.0143085	0.143025	-0.0143037	0.980291	0.197039	-0.143026	-0.197039	0.969907	-3.13242	-4.3161	43.1483	
0.989129	-0.0149782	0.146283	-0.0149731	0.979369	0.201525	-0.146283	-0.201524	0.968498	-3.27905	-4.5181	44.1307	
0.988632	-0.015663	0.149535	-0.0156576	0.978426	0.206003	-0.149536	-0.206002	0.967058	-3.42898	-4.72464	45.1117	
0.988124	-0.0163628	0.152783	-0.016357	0.977463	0.210474	-0.152783	-0.210474	0.965587	-3.5822	-4.93572	46.0912	
0.987605	-0.0170777	0.156025	-0.0170715	0.976478	0.214939	-0.156026	-0.214938	0.964084	-3.73871	-5.15133	47.0692	
0.987076	-0.0178075	0.159263	-0.0178009	0.975473	0.219396	-0.159263	-0.219396	0.962549	-3.8985	-5.37146	48.0456	
0.986535	-0.0185523	0.162495	-0.0185453	0.974448	0.223846	-0.162496	-0.223846	0.960983	-4.06158	-5.5961	49.0205	
0.985983	-0.019312	0.165722	-0.0193046	0.973402	0.228289	-0.165723	-0.228288	0.959385	-4.22793	-5.82525	49.9938	
0.985421	-0.0200867	0.168943	-0.0200788	0.972336	0.232724	-0.168944	-0.232723	0.957757	-4.39754	-6.0589	50.9654	
0.984848	-0.0208762	0.172159	-0.0208679	0.971249	0.237151	-0.17216	-0.23715	0.956097	-4.57042	-6.29704	51.9354	
0.984264	-0.0216806	0.175369	-0.0216718	0.970141	0.241571	-0.17537	-0.24157	0.954405	-4.74655	-6.53967	52.9037	
0.983669	-0.0224999	0.178574	-0.0224905	0.969013	0.245982	-0.178575	-0.245981	0.952683	-4.92594	-6.78677	53.8702	
0.983064	-0.0233339	0.181772	-0.023324	0.967865	0.250385	-0.181774	-0.250384	0.950929	-5.10857	-7.03834	54.835	
0.982448	-0.0241827	0.184965	-0.0241723	0.966697	0.25478	-0.184966	-0.254779	0.949144	-5.29444	-7.29436	55.798	
0.981821	-0.0250462	0.188151	-0.0250353	0.965508	0.259166	-0.188153	-0.259165	0.947329	-5.48355	-7.55484	56.7592	
0.981183	-0.0259245	0.191332	-0.025913	0.964299	0.263544	-0.191333	-0.263543	0.945482	-5.67588	-7.81976	57.7185	
0.980535	-0.0268175	0.194506	-0.0268053	0.96307	0.267913	-0.194507	-0.267912	0.943605	-5.87143	-8.08911	58.6759	
0.979876	-0.0277251	0.197673	-0.0277123	0.961821	0.272273	-0.197675	-0.272272	0.941697	-6.0702	-8.36288	59.6314	
0.979206	-0.0286473	0.200835	-0.0286339	0.960552	0.276624	-0.200836	-0.276623	0.939758	-6.27217	-8.64107	60.585	
0.978526	-0.0295841	0.203989	-0.02957	0.959262	0.280966	-0.203991	-0.280964	0.937788	-6.47734	-8.92367	61.5366	
0.977835	-0.0305355	0.207137	-0.0305207	0.957953	0.285298	-0.207139	-0.285297	0.935788	-6.68571	-9.21066	62.4861	
0.977134	-0.0315014	0.210278	-0.0314859	0.956623	0.289621	-0.21028	-0.289619	0.933757	-6.89727	-9.50204	63.4337	
0.976895	-0.0318347	0.211338	-0.0330904	0.95439	0.296722	-0.211145	-0.296859	0.931285	-7.11086	-9.79928	64.3789	
0.976653	-0.0321771	0.212398	-0.0347019	0.952102	0.303806	-0.212	-0.304083	0.928757	-7.32531	-10.1039	65.3216	
0.976411	-0.0325284	0.213457	-0.03632	0.949758	0.31087	-0.212844	-0.31129	0.926173	-7.54063	-10.4157	66.2617	
0.976167	-0.0328887	0.214515	-0.0379446	0.947359	0.317916	-0.213678	-0.318479	0.923533	-7.7568	-10.7349	67.1992	
0.975922	-0.0332577	0.215571	-0.0395756	0.944906	0.324941	-0.214502	-0.325649	0.920838	-7.97382	-11.0614	68.134	
0.975675	-0.0336354	0.216626	-0.0412127	0.942398	0.331946	-0.215313	-0.332799	0.918088	-8.19165	-11.3951	69.066	
0.975427	-0.0340216	0.217679	-0.0428557	0.939836	0.338928	-0.216113	-0.339928	0.915284	-8.41031	-11.736	69.9952	
0.978566	-0.0287527	0.203918	-0.0471001	0.93271	0.357539	-0.200476	-0.35948	0.911364	-8.62146	-12.0905	70.921	
0.981467	-0.023191	0.190221	-0.0510247	0.925188	0.376064	-0.184711	-0.3788	0.906858	-8.81669	-12.4647	71.8425	
0.984131	-0.01734	0.176596	-0.0546267	0.917275	0.394491	-0.168827	-0.397877	0.901771	-8.99588	-12.8584	72.7592	
0.986554	-0.0112036	0.163052	-0.057904	0.908975	0.412809	-0.152835	-0.416699	0.896104	-9.15891	-13.2712	73.6705	
0.988735	-0.00478552	0.149597	-0.0608544	0.900295	0.431005	-0.136744	-0.435254	0.889862	-9.30568	-13.7031	74.5757	
0.990674	0.00190997	0.136241	-0.063476	0.89124	0.449068	-0.120566	-0.453528	0.883049	-9.4361	-14.1535	75.4743	
0.992368	0.00887861	0.122992	-0.0657671	0.881815	0.466987	-0.10431	-0.471512	0.875669	-9.55008	-14.6224	76.3657	
0.993817	0.0161159	0.109859	-0.0677264	0.872027	0.48475	-0.0879877	-0.489193	0.867726	-9.64754	-15.1093	77.2493	
0.995019	0.0236172	0.0968492	-0.0693524	0.861881	0.502345	-0.0716085	-0.506559	0.859226	-9.72843	-15.614	78.1246	
0.995974	0.0313778	0.0839717	-0.0706443	0.851386	0.519761	-0.0551833	-0.523601	0.850175	-9.7927	-16.1361	78.991	
0.996681	0.0393926	0.0712347	-0.071601	0.840546	0.536988	-0.0387227	-0.540306	0.840577	-9.84029	-16.6754	79.848	
0.997141	0.0476564	0.0586464	-0.0722221	0.829369	0.554013	-0.0222373	-0.556664	0.83044	-9.87119	-17.2314	80.6949	
0.997351	0.056164	0.0462148	-0.0725071	0.817863	0.570826	-0.00573752	-0.572665	0.819769	-9.88537	-17.8038	81.5313	
0.997314	0.0649099	0.033948	-0.0724559	0.806035	0.587417	0.0107659	-0.588298	0.808572	-9.88282	-18.3922	82.3566	
0.997027	0.0738885	0.0218538	-0.0720685	0.793891	0.603774	0.0272624	-0.603554	0.796856	-9.86354	-18.9963	83.1703	
0.996492	0.0830941	0.0099399	-0.071345	0.781441	0.619887	0.0437415	-0.618421	0.784628	-9.82756	-19.6156	83.9719	
0.995709	0.0925206	-0.00178592	-0.0702861	0.768692	0.635745	0.0601924	-0.632892	0.771897	-9.77488	-20.2498	84.7608	
0.994679	0.102162	-0.0133162	-0.0688923	0.755652	0.65134	0.0766047	-0.646956	0.75867	-9.70554	-20.8985	85.5366	
0.993401	0.112012	-0.0246435	-0.0671646	0.74233	0.666659	0.0929678	-0.660605	0.744955	-9.6196	-21.5613	86.2987	
0.991878	0.122065	-0.0357606	-0.0651041	0.728734	0.681695	0.109271	-0.67383	0.730762	-9.51709	-22.2376	87.0466	
0.990109	0.132314	-0.0466603	-0.0627121	0.714873	0.696436	0.125504	-0.686622	0.7161	-9.3981	-22.9272	87.78	
0.988096	0.142752	-0.0573356	-0.0599901	0.700756	0.710874	0.141657	-0.698973	0.700978	-9.26269	-23.6294	88.4982	
0.985841	0.153373	-0.0677797	-0.0569399	0.686392	0.724999	0.157719	-0.710875	0.685406	-9.11095	-24.344	89.2009	
0.983345	0.16417	-0.0779858	-0.0535634	0.67179	0.738803	0.173679	-0.722321	0.669394	-8.94298	-25.0704	89.8876	
0.980608	0.175135	-0.0879475	-0.0498629	0.656959	0.752276	0.189528	-0.733302	0.652952	-8.75889	-25.8082	90.5578	
0.977634	0.186263	-0.0976583	-0.0458406	0.641909	0.765409	0.205255	-0.743814	0.636091	-8.5588	-26.5569	91.2111	
0.974424	0.197545	-0.107112	-0.0414992	0.62665	0.778195	0.22085	-0.753847	0.618821	-8.34283	-27.3159	91.8472	
0.97098	0.208975	-0.116302	-0.0368415	0.611192	0.790625	0.236304	-0.763396	0.601154	-8.11112	-28.085	92.4655	
