1	0	0	0	1	0	0	0	1	0	0	0	
1	1.49798e-06	0.00062385	1.49798e-06	0.999988	-0.00480234	-0.00062385	0.00480234	0.999988	-0.000267657	0.0020604	0.858077	
0.999999	6.00726e-06	0.00124983	5.99681e-06	0.999954	-0.00960433	-0.00124983	0.00960433	0.999953	-0.00107154	0.00824146	1.71613	
0.999998	1.35482e-05	0.00187793	1.35064e-05	0.999896	-0.0144059	-0.00187793	0.0144059	0.999894	-0.00241348	0.0185428	2.57415	
0.999997	2.41411e-05	0.00250812	2.40366e-05	0.999816	-0.0192068	-0.00250813	0.0192068	0.999812	-0.00429528	0.032964	3.43211	
0.999995	3.7806e-05	0.00314041	3.7597e-05	0.999712	-0.0240071	-0.00314041	0.0240071	0.999707	-0.00671873	0.0515046	4.28998	
0.999993	5.45631e-05	0.00377476	5.41974e-05	0.999585	-0.0288065	-0.00377476	0.0288065	0.999578	-0.00968563	0.0741638	5.14776	
0.99999	7.44325e-05	0.00441116	7.38473e-05	0.999435	-0.033605	-0.00441117	0.033605	0.999425	-0.0131977	0.100941	6.00542	
0.999987	9.7434e-05	0.0050496	9.65563e-05	0.999262	-0.0384025	-0.00504962	0.0384025	0.99925	-0.0172568	0.131835	6.86293	
0.999984	0.000123587	0.00569006	0.000122334	0.999066	-0.0431988	-0.00569009	0.0431988	0.99905	-0.0218646	0.166845	7.72028	
0.99998	0.000152913	0.00633253	0.000151189	0.998848	-0.0479938	-0.00633257	0.0479938	0.998828	-0.0270228	0.205971	8.57745	
0.999976	0.000185429	0.00697698	0.000183131	0.998606	-0.0527874	-0.00697704	0.0527874	0.998581	-0.0327332	0.24921	9.43443	
0.999971	0.000221157	0.0076234	0.000218169	0.998341	-0.0575796	-0.00762349	0.0575796	0.998312	-0.0389974	0.296562	10.2912	
0.999966	0.000260115	0.00827178	0.000256313	0.998053	-0.0623701	-0.0082719	0.0623701	0.998019	-0.0458172	0.348025	11.1477	
0.99996	0.000302322	0.0089221	0.00029757	0.997742	-0.0671588	-0.00892226	0.0671588	0.997702	-0.0531942	0.403599	12.0039	
0.999954	0.000347799	0.00957434	0.000341951	0.997408	-0.0719458	-0.00957455	0.0719457	0.997363	-0.0611301	0.46328	12.8599	
0.999948	0.000396564	0.0102285	0.000389464	0.997052	-0.0767307	-0.0102288	0.0767307	0.996999	-0.0696265	0.527069	13.7156	
0.999941	0.000448637	0.0108845	0.000440117	0.996672	-0.0815135	-0.0108849	0.0815135	0.996613	-0.0786851	0.594962	14.5709	
0.999933	0.000504036	0.0115424	0.00049392	0.99627	-0.0862942	-0.0115428	0.0862941	0.996203	-0.0883075	0.666958	15.4259	
0.999925	0.00056278	0.0122021	0.00055088	0.995844	-0.0910725	-0.0122027	0.0910724	0.99577	-0.0984953	0.743056	16.2805	
0.999917	0.000624888	0.0128637	0.000611008	0.995396	-0.0958484	-0.0128644	0.0958483	0.995313	-0.10925	0.823252	17.1348	
0.999908	0.00069038	0.0135271	0.000674309	0.994925	-0.100622	-0.0135279	0.100622	0.994833	-0.120574	0.907546	17.9886	
0.999899	0.000759272	0.0141923	0.000740794	0.99443	-0.105392	-0.0141933	0.105392	0.994329	-0.132467	0.995935	18.8421	
0.999889	0.000831585	0.0148593	0.000810471	0.993913	-0.11016	-0.0148605	0.11016	0.993803	-0.144932	1.08842	19.6951	
0.999879	0.000907336	0.015528	0.000883346	0.993374	-0.114925	-0.0155294	0.114925	0.993253	-0.157971	1.18499	20.5476	
0.999868	0.000986543	0.0161985	0.000959429	0.992811	-0.119687	-0.0162001	0.119687	0.992679	-0.171584	1.28564	21.3996	
0.999857	0.00106923	0.0168707	0.00103873	0.992226	-0.124446	-0.0168726	0.124446	0.992083	-0.185774	1.39039	22.2512	
0.999845	0.0011554	0.0175446	0.00112125	0.991618	-0.129202	-0.0175468	0.129202	0.991463	-0.200541	1.49921	23.1022	
0.999833	0.00124509	0.0182202	0.001207	0.990987	-0.133954	-0.0182227	0.133954	0.99082	-0.215888	1.61212	23.9527	
0.999821	0.0013383	0.0188974	0.001296	0.990333	-0.138703	-0.0189004	0.138703	0.990154	-0.231815	1.7291	24.8026	
0.999807	0.00143506	0.0195763	0.00138823	0.989657	-0.143448	-0.0195797	0.143448	0.989464	-0.248324	1.85015	25.652	
0.999794	0.00153539	0.0202568	0.00148373	0.988958	-0.14819	-0.0202607	0.148189	0.988751	-0.265418	1.97528	26.5007	
0.999779	0.0016393	0.020939	0.00158248	0.988236	-0.152928	-0.0209433	0.152927	0.988016	-0.283096	2.10447	27.3488	
0.999765	0.00174681	0.0216227	0.0016845	0.987492	-0.157661	-0.0216276	0.157661	0.987256	-0.301361	2.23772	28.1963	
0.999749	0.00185793	0.022308	0.0017898	0.986725	-0.162391	-0.0223136	0.16239	0.986474	-0.320213	2.37504	29.0431	
0.999734	0.00197269	0.0229948	0.00189839	0.985935	-0.167117	-0.0230011	0.167116	0.985669	-0.339655	2.51641	29.8892	
0.999717	0.00209109	0.0236832	0.00201026	0.985123	-0.171838	-0.0236902	0.171837	0.98484	-0.359687	2.66184	30.7347	
0.9997	0.00221317	0.0243731	0.00212543	0.984288	-0.176555	-0.0243809	0.176554	0.983989	-0.380312	2.81131	31.5794	
0.999683	0.00233893	0.0250644	0.0022439	0.983431	-0.181268	-0.0250731	0.181266	0.983114	-0.40153	2.96483	32.4233	
0.999665	0.00246839	0.0257573	0.00236569	0.982552	-0.185976	-0.0257669	0.185974	0.982217	-0.423342	3.12239	33.2665	
0.999647	0.00260157	0.0264515	0.00249079	0.981649	-0.190679	-0.0264622	0.190677	0.981296	-0.445751	3.28399	34.109	
0.999628	0.00273849	0.0271472	0.00261922	0.980725	-0.195377	-0.027159	0.195375	0.980352	-0.468756	3.44962	34.9506	
0.999608	0.00287915	0.0278443	0.00275098	0.979778	-0.20007	-0.0278573	0.200069	0.979386	-0.492361	3.61928	35.7914	
0.999588	0.00302359	0.0285428	0.00288608	0.978808	-0.204759	-0.0285571	0.204757	0.978396	-0.516565	3.79297	36.6314	
0.999567	0.0031718	0.0292427	0.00302452	0.977816	-0.209442	-0.0292583	0.20944	0.977384	-0.54137	3.97068	37.4705	
0.999546	0.00332382	0.0299439	0.00316631	0.976802	-0.21412	-0.029961	0.214117	0.976348	-0.566777	4.1524	38.3087	
0.999524	0.00347965	0.0306464	0.00331145	0.975766	-0.218792	-0.030665	0.21879	0.97529	-0.592788	4.33814	39.146	
0.999502	0.00363931	0.0313502	0.00345996	0.974707	-0.223459	-0.0313705	0.223456	0.974209	-0.619404	4.52788	39.9825	
0.999479	0.00380282	0.0320553	0.00361184	0.973626	-0.228121	-0.0320774	0.228117	0.973105	-0.646626	4.72162	40.8179	
0.999455	0.00397019	0.0327617	0.00376709	0.972523	-0.232776	-0.0327856	0.232773	0.971978	-0.674455	4.91936	41.6525	
0.999431	0.00414144	0.0334693	0.00392572	0.971398	-0.237426	-0.0334952	0.237422	0.970829	-0.702892	5.1211	42.486	
0.999406	0.00431658	0.034178	0.00408774	0.97025	-0.24207	-0.0342062	0.242066	0.969657	-0.731939	5.32682	43.3186	
0.999381	0.00449562	0.034888	0.00425315	0.969081	-0.246708	-0.0349184	0.246703	0.968462	-0.761596	5.53652	44.1501	
0.999355	0.0046786	0.0355992	0.00442196	0.967889	-0.251339	-0.035632	0.251335	0.967244	-0.791865	5.7502	44.9806	
0.999329	0.00486551	0.0363115	0.00459417	0.966675	-0.255964	-0.0363468	0.255959	0.966004	-0.822747	5.96785	45.81	
0.999302	0.00505637	0.0370249	0.00476978	0.96544	-0.260583	-0.0370629	0.260578	0.964741	-0.854243	6.18946	46.6384	
0.999274	0.0052512	0.0377394	0.00494881	0.964182	-0.265196	-0.0377802	0.26519	0.963456	-0.886354	6.41504	47.4657	
0.999245	0.00545001	0.038455	0.00513126	0.962902	-0.269801	-0.0384988	0.269795	0.962148	-0.919081	6.64457	48.2918	
0.999217	0.00565281	0.0391716	0.00531713	0.961601	-0.274401	-0.0392186	0.274394	0.960817	-0.952424	6.87805	49.1169	
0.999063	0.00668324	0.0427541	0.00547148	0.960563	-0.278009	-0.042926	0.277982	0.959627	-0.987668	7.11504	49.9408	
0.998896	0.00772847	0.0463369	0.00564015	0.959509	-0.281621	-0.0466372	0.281571	0.958406	-1.02609	7.35511	50.7637	
0.998715	0.00878845	0.0499197	0.00582321	0.958439	-0.285237	-0.0503518	0.285161	0.957156	-1.06771	7.59827	51.5856	
0.998519	0.00986315	0.053502	0.00602072	0.957354	-0.288855	-0.0540694	0.288749	0.955877	-1.11251	7.8445	52.4064	
0.998309	0.0109525	0.0570835	0.00623273	0.956253	-0.292476	-0.0577896	0.292337	0.954568	-1.1605	8.09381	53.226	
0.998085	0.0120565	0.0606638	0.00645927	0.955136	-0.296099	-0.0615121	0.295924	0.953229	-1.21169	8.34619	54.0445	
0.997847	0.013175	0.0642426	0.00670039	0.954003	-0.299723	-0.0652364	0.299508	0.951861	-1.26607	8.60166	54.8619	
0.997595	0.014308	0.0678194	0.00695612	0.952854	-0.303348	-0.0689623	0.30309	0.950463	-1.32364	8.8602	55.6781	
0.997328	0.0154555	0.071394	0.00722648	0.951691	-0.306973	-0.0726894	0.306669	0.949036	-1.38442	9.12181	56.493	
0.997048	0.0166173	0.0749659	0.0075115	0.950511	-0.310599	-0.0764172	0.310245	0.94758	-1.44839	9.38649	57.3068	
0.996753	0.0177935	0.0785348	0.00781119	0.949317	-0.314224	-0.0801455	0.313817	0.946095	-1.51556	9.65424	58.1192	
0.996443	0.0189838	0.0821003	0.00812557	0.948107	-0.317847	-0.0838739	0.317384	0.944581	-1.58593	9.92505	58.9304	
0.99612	0.0201883	0.0856622	0.00845462	0.946882	-0.32147	-0.0876019	0.320947	0.943037	-1.6595	10.1989	59.7403	
0.995782	0.0214069	0.08922	0.00879836	0.945642	-0.32509	-0.0913294	0.324504	0.941465	-1.73627	10.4758	60.5488	
0.99543	0.0226395	0.0927734	0.00915677	0.944387	-0.328708	-0.0950558	0.328055	0.939864	-1.81624	10.7558	61.356	
0.995064	0.0238859	0.0963222	0.00952984	0.943118	-0.332322	-0.0987809	0.3316	0.938234	-1.8994	11.0388	62.1618	
0.994683	0.0251461	0.0998658	0.00991755	0.941833	-0.335934	-0.102504	0.335138	0.936576	-1.98576	11.3249	62.9661	
0.994288	0.02642	0.103404	0.0103199	0.940535	-0.339541	-0.106226	0.338669	0.93489	-2.07532	11.614	63.7691	
0.99388	0.0277076	0.106937	0.0107368	0.939222	-0.343144	-0.109945	0.342192	0.933176	-2.16806	11.9061	64.5705	
0.993457	0.0290086	0.110463	0.0111683	0.937894	-0.346742	-0.113661	0.345706	0.931433	-2.264	12.2012	65.3705	
0.99302	0.0303229	0.113983	0.0116142	0.936553	-0.350334	-0.117374	0.349212	0.929663	-2.36312	12.4994	66.169	
0.992569	0.0316506	0.117497	0.0120747	0.935198	-0.353921	-0.121084	0.352709	0.927866	-2.46543	12.8005	66.966	
0.992104	0.0329914	0.121003	0.0125495	0.933828	-0.357501	-0.12479	0.356196	0.926041	-2.57092	13.1047	67.7614	
0.991625	0.0343452	0.124502	0.0130387	0.932446	-0.361074	-0.128493	0.359674	0.924189	-2.67959	13.4118	68.5552	
0.991132	0.0357119	0.127993	0.0135421	0.93105	-0.364641	-0.13219	0.36314	0.92231	-2.79143	13.722	69.3474	
0.988208	0.0431001	0.146924	0.0126568	0.933287	-0.358907	-0.152592	0.356535	0.921737	-2.91362	14.0307	70.1386	
0.984867	0.0503509	0.165839	0.0116447	0.935483	-0.353179	-0.172923	0.349766	0.92074	-3.05329	14.3338	70.9292	
0.981108	0.0574612	0.184729	0.0105066	0.937636	-0.347459	-0.193174	0.342835	0.919319	-3.21036	14.6309	71.7187	
0.976935	0.0644275	0.203586	0.00924274	0.939746	-0.341748	-0.213337	0.335747	0.917475	-3.38478	14.9221	72.5067	
0.972349	0.0712467	0.2224	0.00785385	0.941811	-0.33605	-0.233401	0.328505	0.915209	-3.57646	15.2071	73.2931	
0.967352	0.0779156	0.241164	0.00634053	0.943831	-0.330368	-0.253358	0.321111	0.912522	-3.7853	15.4858	74.0773	
0.961946	0.0844313	0.259868	0.00470349	0.945804	-0.324704	-0.273199	0.31357	0.909415	-4.01123	15.7581	74.859	
0.956134	0.0907906	0.278503	0.00294347	0.94773	-0.31906	-0.292914	0.305884	0.90589	-4.25412	16.0239	75.6379	
0.949919	0.0969906	0.297063	0.00106129	0.949608	-0.31344	-0.312494	0.298057	0.901948	-4.51387	16.283	76.4135	
0.943304	0.103029	0.315537	-0.000942198	0.951436	-0.307845	-0.33193	0.290094	0.89759	-4.79037	16.5354	77.1856	
0.93629	0.108902	0.333917	-0.00306606	0.953215	-0.302279	-0.351213	0.281997	0.89282	-5.08348	16.7808	77.9538	
0.928883	0.114607	0.352195	-0.00530932	0.954943	-0.296743	-0.370335	0.27377	0.887638	-5.39306	17.0193	78.7177	
0.921085	0.120142	0.370363	-0.00767095	0.956619	-0.291241	-0.389286	0.265417	0.882049	-5.71898	17.2506	79.477	
0.912899	0.125505	0.388411	-0.0101499	0.958243	-0.285775	-0.408059	0.256942	0.876053	-6.06109	17.4748	80.2314	
0.90433	0.130692	0.406333	-0.0127449	0.959814	-0.280348	-0.426643	0.248349	0.869654	-6.41922	17.6916	80.9804	
0.895382	0.135702	0.424119	-0.0154549	0.961331	-0.274962	-0.445031	0.239641	0.862855	-6.79322	17.9009	81.7237	
