1	0	0	0	1	0	0	0	1	0	0	0	
0.99999	4.24852e-07	-0.00458133	4.24852e-07	1	0.00018547	0.00458133	-0.00018547	0.999989	0.00206276	-8.35086e-05	0.900502	
0.999958	1.70425e-06	-0.00916513	1.71204e-06	1	0.000372741	0.00916513	-0.000372741	0.999958	0.00825215	-0.000334845	1.80098	
0.999905	3.84738e-06	-0.0137513	3.87855e-06	1	0.000561807	0.0137513	-0.000561807	0.999905	0.0185703	-0.000755628	2.70143	
0.999832	6.8634e-06	-0.0183396	6.94136e-06	1	0.000752666	0.0183396	-0.000752666	0.999832	0.0330194	-0.00134747	3.60182	
0.999737	1.07614e-05	-0.02293	1.09174e-05	1	0.000945312	0.02293	-0.000945314	0.999737	0.0516011	-0.002112	4.50213	
0.999621	1.55506e-05	-0.0275223	1.58237e-05	0.999999	0.00113974	0.0275223	-0.00113975	0.999621	0.0743174	-0.0030508	5.40235	
0.999484	2.12399e-05	-0.0321164	2.16772e-05	0.999999	0.00133595	0.0321164	-0.00133596	0.999483	0.10117	-0.0041655	6.30245	
0.999326	2.78385e-05	-0.0367121	2.84947e-05	0.999999	0.00153394	0.0367121	-0.00153395	0.999325	0.13216	-0.00545768	7.20242	
0.999146	3.53553e-05	-0.0413093	3.62932e-05	0.999998	0.00173369	0.0413093	-0.00173371	0.999145	0.16729	-0.00692895	8.10224	
0.998946	4.37994e-05	-0.0459079	4.50896e-05	0.999998	0.00193521	0.0459079	-0.00193524	0.998944	0.206559	-0.00858091	9.00188	
0.998724	5.31796e-05	-0.0505077	5.49006e-05	0.999998	0.00213849	0.0505077	-0.00213853	0.998721	0.249971	-0.0104151	9.90134	
0.99848	6.35048e-05	-0.0551086	6.57432e-05	0.999997	0.00234352	0.0551086	-0.00234358	0.998478	0.297525	-0.0124332	10.8006	
0.998216	7.4784e-05	-0.0597104	7.76341e-05	0.999997	0.0025503	0.0597104	-0.00255039	0.998212	0.349223	-0.0146367	11.6996	
0.99793	8.70261e-05	-0.064313	9.05901e-05	0.999996	0.00275883	0.064313	-0.00275894	0.997926	0.405064	-0.0170273	12.5984	
0.997622	0.00010024	-0.0689163	0.000104628	0.999996	0.00296909	0.0689163	-0.00296924	0.997618	0.465051	-0.0196064	13.4969	
0.997294	0.000114434	-0.0735201	0.000119764	0.999995	0.00318108	0.07352	-0.00318128	0.997289	0.529184	-0.0223757	14.3951	
0.996944	0.000129617	-0.0781242	0.000136016	0.999994	0.0033948	0.0781242	-0.00339505	0.996938	0.597462	-0.0253367	15.293	
0.996572	0.000145798	-0.0827287	0.0001534	0.999993	0.00361024	0.0827286	-0.00361056	0.996566	0.669887	-0.028491	16.1906	
0.996179	0.000162985	-0.0873332	0.000171932	0.999993	0.0038274	0.0873332	-0.00382779	0.996172	0.746458	-0.0318402	17.0878	
0.995765	0.000181188	-0.0919377	0.000191629	0.999992	0.00404626	0.0919377	-0.00404674	0.995757	0.827175	-0.0353857	17.9847	
0.995329	0.000200414	-0.096542	0.000212508	0.999991	0.00426682	0.096542	-0.0042674	0.99532	0.912038	-0.0391292	18.8812	
0.994872	0.000220673	-0.101146	0.000234585	0.99999	0.00448907	0.101146	-0.00448978	0.994861	1.00105	-0.0430721	19.7773	
0.994393	0.000241972	-0.10575	0.000257876	0.999989	0.00471301	0.10575	-0.00471386	0.994382	1.0942	-0.0472161	20.6729	
0.993892	0.000264321	-0.110353	0.000282399	0.999988	0.00493864	0.110353	-0.00493964	0.99388	1.1915	-0.0515626	21.5681	
0.993371	0.000287727	-0.114955	0.000308168	0.999987	0.00516593	0.114955	-0.00516711	0.993357	1.29295	-0.0561132	22.4629	
0.992827	0.000312199	-0.119556	0.000335202	0.999985	0.00539489	0.119556	-0.00539627	0.992813	1.39854	-0.0608694	23.3572	
0.992263	0.000337746	-0.124157	0.000363515	0.999984	0.0056255	0.124157	-0.00562711	0.992247	1.50827	-0.0658327	24.251	
0.991676	0.000364375	-0.128756	0.000393125	0.999983	0.00585777	0.128756	-0.00585963	0.991659	1.62215	-0.0710046	25.1442	
0.991068	0.000392096	-0.133354	0.000424047	0.999981	0.00609168	0.133354	-0.00609382	0.99105	1.74016	-0.0763867	26.0369	
0.990439	0.000420915	-0.13795	0.000456298	0.99998	0.00632722	0.13795	-0.00632967	0.990419	1.86232	-0.0819804	26.9291	
0.989788	0.000450842	-0.142545	0.000489893	0.999978	0.00656439	0.142545	-0.00656718	0.989767	1.98861	-0.0877873	27.8207	
0.989116	0.000481885	-0.147139	0.000524849	0.999977	0.00680317	0.147138	-0.00680635	0.989092	2.11904	-0.0938088	28.7117	
0.988422	0.000514051	-0.15173	0.000561181	0.999975	0.00704357	0.15173	-0.00704717	0.988397	2.25361	-0.100046	29.602	
0.987706	0.000547349	-0.15632	0.000598906	0.999973	0.00728557	0.156319	-0.00728962	0.98768	2.39231	-0.106502	30.4918	
0.986969	0.000581786	-0.160907	0.000638038	0.999971	0.00752915	0.160907	-0.00753371	0.986941	2.53514	-0.113176	31.3809	
0.986211	0.000617371	-0.165492	0.000678596	0.99997	0.00777433	0.165492	-0.00777943	0.98618	2.6821	-0.120071	32.2693	
0.985431	0.000654111	-0.170075	0.000720592	0.999968	0.00802107	0.170075	-0.00802677	0.985398	2.83319	-0.127187	33.157	
0.984629	0.000692015	-0.174655	0.000764045	0.999966	0.00826939	0.174655	-0.00827572	0.984595	2.98841	-0.134528	34.044	
0.983806	0.00073109	-0.179233	0.000808968	0.999963	0.00851925	0.179233	-0.00852629	0.98377	3.14775	-0.142093	34.9302	
0.982962	0.000771343	-0.183808	0.000855378	0.999961	0.00877067	0.183807	-0.00877846	0.982923	3.31121	-0.149884	35.8157	
0.982096	0.000812784	-0.18838	0.000903289	0.999959	0.00902362	0.188379	-0.00903222	0.982055	3.47879	-0.157904	36.7005	
0.981209	0.000855418	-0.192949	0.000952719	0.999957	0.0092781	0.192948	-0.00928758	0.981165	3.65048	-0.166152	37.5844	
0.9803	0.000899254	-0.197514	0.00100368	0.999954	0.0095341	0.197514	-0.00954452	0.980254	3.82629	-0.174631	38.4676	
0.979369	0.0009443	-0.202077	0.00105619	0.999952	0.00979161	0.202076	-0.00980303	0.979321	4.0062	-0.183343	39.3499	
0.978417	0.000990563	-0.206635	0.00111026	0.999949	0.0100506	0.206635	-0.0100631	0.978366	4.19023	-0.192288	40.2313	
0.977444	0.00103805	-0.211191	0.00116591	0.999946	0.0103111	0.21119	-0.0103248	0.97739	4.37835	-0.201467	41.1119	
0.97645	0.00108677	-0.215742	0.00122316	0.999943	0.0105731	0.215742	-0.010588	0.976393	4.57058	-0.210883	41.9916	
0.975434	0.00113673	-0.22029	0.00128201	0.99994	0.0108365	0.220289	-0.0108527	0.975374	4.76691	-0.220537	42.8704	
0.974396	0.00118793	-0.224834	0.00134249	0.999937	0.0111014	0.224833	-0.011119	0.974334	4.96732	-0.23043	43.7483	
0.973338	0.00124039	-0.229373	0.0014046	0.999934	0.0113677	0.229372	-0.0113868	0.973272	5.17183	-0.240563	44.6252	
0.972258	0.00129411	-0.233909	0.00146837	0.999931	0.0116355	0.233908	-0.0116562	0.972189	5.38042	-0.250938	45.5011	
0.971156	0.00134909	-0.23844	0.0015338	0.999928	0.0119047	0.238439	-0.0119271	0.971084	5.5931	-0.261557	46.3761	
0.970034	0.00140535	-0.242966	0.00160091	0.999925	0.0121753	0.242965	-0.0121994	0.969958	5.80985	-0.27242	47.2501	
0.96889	0.0014629	-0.247488	0.00166972	0.999921	0.0124473	0.247486	-0.0124733	0.968811	6.03068	-0.283529	48.123	
0.967725	0.00152173	-0.252005	0.00174025	0.999918	0.0127207	0.252003	-0.0127487	0.967642	6.25558	-0.294885	48.9949	
0.966539	0.00158186	-0.256517	0.00181249	0.999914	0.0129955	0.256515	-0.0130256	0.966452	6.48454	-0.30649	49.8657	
0.965331	0.00164329	-0.261024	0.00188648	0.99991	0.0132717	0.261022	-0.013304	0.965241	6.71756	-0.318345	50.7355	
0.964102	0.00170603	-0.265525	0.00196221	0.999906	0.0135492	0.265524	-0.0135838	0.964009	6.95464	-0.330451	51.6041	
0.962853	0.00177009	-0.270022	0.00203972	0.999902	0.013828	0.27002	-0.0138651	0.962755	7.19577	-0.34281	52.4717	
0.961582	0.00183547	-0.274513	0.002119	0.999898	0.0141082	0.274511	-0.0141479	0.96148	7.44095	-0.355423	53.338	
0.959863	0.00193307	-0.280463	0.00301554	0.999847	0.0172118	0.280453	-0.0173667	0.959711	7.69082	-0.369613	54.2031	
0.958106	0.00205072	-0.286408	0.00393085	0.999786	0.0203083	0.286388	-0.0205833	0.957893	7.94605	-0.3867	55.0665	
0.95631	0.00218844	-0.292347	0.00486491	0.999714	0.0233975	0.292314	-0.0237975	0.956026	8.20661	-0.406683	55.9282	
0.954476	0.00234623	-0.298279	0.0058177	0.999632	0.0264793	0.298232	-0.0270092	0.954111	8.4725	-0.429559	56.7883	
0.952603	0.00252411	-0.304204	0.00678921	0.99954	0.0295537	0.304139	-0.0302183	0.952148	8.74372	-0.455325	57.6466	
0.950693	0.00272208	-0.310122	0.00777939	0.999438	0.0326206	0.310036	-0.0334248	0.950137	9.02026	-0.483981	58.5031	
0.948745	0.00294014	-0.31603	0.00878824	0.999325	0.0356799	0.315922	-0.0366285	0.948078	9.3021	-0.515523	59.3578	
0.946758	0.00317828	-0.32193	0.00981572	0.999201	0.0387316	0.321796	-0.0398294	0.945971	9.58924	-0.549948	60.2106	
0.944734	0.0034365	-0.327819	0.0108618	0.999068	0.0417755	0.327657	-0.0430275	0.943816	9.88165	-0.587255	61.0615	
0.942673	0.00371479	-0.333698	0.0119265	0.998924	0.0448117	0.333506	-0.0462226	0.941614	10.1793	-0.62744	61.9104	
0.940574	0.00401312	-0.339566	0.0130097	0.99877	0.0478399	0.33934	-0.0494146	0.939365	10.4823	-0.670501	62.7573	
0.938438	0.00433148	-0.345421	0.0141115	0.998606	0.0508602	0.34516	-0.0526036	0.937069	10.7905	-0.716435	63.6022	
0.936265	0.00466984	-0.351264	0.0152318	0.998432	0.0538725	0.350965	-0.0557893	0.934725	11.1039	-0.76524	64.445	
0.934055	0.00502818	-0.357094	0.0163705	0.998247	0.0568767	0.356754	-0.0589718	0.932335	11.4226	-0.816911	65.2856	
0.931809	0.00540646	-0.36291	0.0175278	0.998052	0.0598728	0.362527	-0.062151	0.929899	11.7464	-0.871448	66.1241	
0.929526	0.00580464	-0.368711	0.0187034	0.997847	0.0628606	0.368282	-0.0653267	0.927416	12.0755	-0.928845	66.9604	
0.927207	0.00622268	-0.374498	0.0198974	0.997632	0.0658402	0.37402	-0.068499	0.924887	12.4097	-0.989101	67.7944	
0.924852	0.00666054	-0.380268	0.0211099	0.997406	0.0688114	0.37974	-0.0716678	0.922313	12.7491	-1.05221	68.6261	
0.922462	0.00711817	-0.386022	0.0223406	0.997171	0.0717742	0.385441	-0.074833	0.919693	13.0936	-1.11817	69.4554	
0.918276	0.00802645	-0.395859	0.030062	0.995495	0.0899197	0.394797	-0.0944715	0.913898	13.4449	-1.19441	70.2811	
0.913991	0.00914519	-0.405631	0.0379666	0.993432	0.107946	0.403954	-0.114062	0.90764	13.8046	-1.2883	71.1012	
0.909609	0.0104738	-0.415334	0.0460504	0.990981	0.125844	0.412906	-0.133595	0.900923	14.1724	-1.39982	71.9156	
0.905132	0.0120117	-0.424962	0.0543092	0.988144	0.143604	0.421648	-0.15306	0.893748	14.5482	-1.52889	72.7237	
0.900562	0.013758	-0.43451	0.062739	0.984923	0.161218	0.430177	-0.172448	0.886121	14.9317	-1.67546	73.5251	
0.895902	0.0157118	-0.443975	0.0713355	0.981318	0.178677	0.438488	-0.191748	0.878044	15.3229	-1.83944	74.3195	
0.891153	0.0178722	-0.45335	0.0800943	0.977333	0.195971	0.446576	-0.210951	0.869522	15.7214	-2.02077	75.1063	
0.88632	0.020238	-0.462631	0.0890109	0.972969	0.213092	0.454439	-0.230047	0.86056	16.1271	-2.21934	75.8853	
0.881403	0.0228082	-0.471814	0.0980808	0.968228	0.230032	0.462071	-0.249026	0.851162	16.5398	-2.43505	76.6561	
0.876405	0.0255813	-0.480894	0.107299	0.963113	0.246781	0.469468	-0.26788	0.841332	16.9592	-2.6678	77.4182	
0.87133	0.0285559	-0.489867	0.116662	0.957626	0.263331	0.476628	-0.286597	0.831076	17.3852	-2.91746	78.1712	
0.866179	0.0317306	-0.498726	0.126164	0.951769	0.279674	0.483547	-0.305169	0.820399	17.8176	-3.18392	78.9148	
0.860954	0.0351038	-0.507469	0.135801	0.945547	0.295802	0.49022	-0.323587	0.809306	18.256	-3.46703	79.6486	
0.85566	0.0386737	-0.516091	0.145567	0.938962	0.311707	0.496645	-0.341841	0.797803	18.7004	-3.76665	80.3723	
0.850298	0.0424385	-0.524587	0.155458	0.932017	0.327379	0.502818	-0.359921	0.785895	19.1504	-4.08263	81.0854	
0.844871	0.0463963	-0.532954	0.165468	0.924716	0.342812	0.508736	-0.377819	0.773589	19.6059	-4.41482	81.7875	
0.839383	0.0505452	-0.541186	0.175593	0.917063	0.357997	0.514397	-0.395526	0.760891	20.0666	-4.76303	82.4785	
0.833834	0.0548829	-0.54928	0.185828	0.909061	0.372928	0.519796	-0.413032	0.747808	20.5322	-5.1271	83.1578	
0.82823	0.0594074	-0.557231	0.196167	0.900715	0.387595	0.524933	-0.430328	0.734345	21.0026	-5.50684	83.8252	
0.822571	0.0641162	-0.565036	0.206605	0.892029	0.401993	0.529803	-0.447407	0.720511	21.4776	-5.90206	84.4803	
