1	0	0	0	1	0	0	0	1	0	0	0	
0.999992	-2.94992e-06	0.0039125	-2.94992e-06	0.999999	0.00150794	-0.0039125	-0.00150794	0.999991	-0.00163713	-0.000630975	0.836866	
0.999969	-1.18064e-05	0.00782786	-1.18023e-05	0.999995	0.00301593	-0.00782786	-0.00301593	0.999965	-0.0065497	-0.00252392	1.67372	
0.999931	-2.65782e-05	0.011746	-2.65617e-05	0.99999	0.00452392	-0.011746	-0.00452392	0.999921	-0.0147401	-0.00567886	2.51054	
0.999877	-4.72738e-05	0.0156667	-4.72326e-05	0.999982	0.00603188	-0.0156667	-0.00603188	0.999859	-0.0262105	-0.0100958	3.34732	
0.999808	-7.39013e-05	0.01959	-7.38188e-05	0.999972	0.00753976	-0.01959	-0.00753976	0.99978	-0.0409631	-0.0157746	4.18404	
0.999723	-0.000106469	0.0235157	-0.000106324	0.999959	0.00904753	-0.0235157	-0.00904752	0.999683	-0.059	-0.0227153	5.02068	
0.999623	-0.000144983	0.0274437	-0.000144752	0.999944	0.0105551	-0.0274437	-0.0105551	0.999568	-0.0803233	-0.0309178	5.85724	
0.999508	-0.000189452	0.031374	-0.000189105	0.999927	0.0120625	-0.031374	-0.0120625	0.999435	-0.104935	-0.0403818	6.69369	
0.999377	-0.000239882	0.0353064	-0.000239386	0.999908	0.0135697	-0.0353064	-0.0135697	0.999284	-0.132836	-0.0511072	7.53002	
0.99923	-0.00029628	0.0392408	-0.000295598	0.999886	0.0150766	-0.0392408	-0.0150766	0.999116	-0.164029	-0.0630938	8.36622	
0.999067	-0.000358652	0.0431771	-0.000357742	0.999862	0.0165831	-0.0431771	-0.0165831	0.99893	-0.198516	-0.0763413	9.20228	
0.998889	-0.000427004	0.0471152	-0.00042582	0.999836	0.0180893	-0.0471152	-0.0180893	0.998726	-0.236297	-0.0908494	10.0382	
0.998696	-0.000501342	0.051055	-0.000499834	0.999808	0.0195951	-0.051055	-0.019595	0.998504	-0.277375	-0.106618	10.8739	
0.998486	-0.00058167	0.0549964	-0.000579785	0.999777	0.0211004	-0.0549965	-0.0211004	0.998264	-0.321751	-0.123646	11.7094	
0.998261	-0.000667994	0.0589393	-0.000665673	0.999744	0.0226053	-0.0589394	-0.0226052	0.998006	-0.369425	-0.141934	12.5447	
0.998021	-0.000760319	0.0628836	-0.000757499	0.999709	0.0241096	-0.0628836	-0.0241095	0.99773	-0.4204	-0.161481	13.3798	
0.997764	-0.000858648	0.0668292	-0.000855263	0.999672	0.0256133	-0.0668292	-0.0256132	0.997436	-0.474677	-0.182287	14.2146	
0.997492	-0.000962987	0.0707759	-0.000958965	0.999632	0.0271165	-0.0707759	-0.0271163	0.997124	-0.532256	-0.204351	15.0492	
0.997204	-0.00107334	0.0747237	-0.0010686	0.99959	0.028619	-0.0747238	-0.0286188	0.996794	-0.593138	-0.227672	15.8836	
0.9969	-0.00118971	0.0786725	-0.00118418	0.999546	0.0301208	-0.0786725	-0.0301205	0.996445	-0.657324	-0.252251	16.7176	
0.99658	-0.00131209	0.0826221	-0.00130569	0.999499	0.0316218	-0.0826222	-0.0316216	0.996079	-0.724816	-0.278086	17.5513	
0.996245	-0.0014405	0.0865724	-0.00143314	0.99945	0.0331221	-0.0865726	-0.0331218	0.995695	-0.795613	-0.305177	18.3848	
0.995893	-0.00157493	0.0905235	-0.00156651	0.999399	0.0346216	-0.0905236	-0.0346212	0.995292	-0.869716	-0.333523	19.2179	
0.995526	-0.00171539	0.094475	-0.00170582	0.999346	0.0361202	-0.0944752	-0.0361198	0.994872	-0.947126	-0.363123	20.0506	
0.995143	-0.00186188	0.0984271	-0.00185106	0.99929	0.037618	-0.0984273	-0.0376174	0.994433	-1.02784	-0.393978	20.883	
0.994743	-0.0020144	0.102379	-0.00200222	0.999233	0.0391148	-0.10238	-0.0391142	0.993976	-1.11187	-0.426085	21.715	
0.994328	-0.00217295	0.106332	-0.0021593	0.999173	0.0406106	-0.106332	-0.0406099	0.993501	-1.1992	-0.459444	22.5467	
0.993897	-0.00233753	0.110285	-0.00232231	0.99911	0.0421055	-0.110285	-0.0421046	0.993008	-1.28984	-0.494055	23.3779	
0.99345	-0.00250815	0.114237	-0.00249123	0.999046	0.0435993	-0.114238	-0.0435983	0.992496	-1.38379	-0.529916	24.2087	
0.992987	-0.0026848	0.11819	-0.00266606	0.998979	0.045092	-0.11819	-0.0450909	0.991967	-1.48104	-0.567027	25.0391	
0.992508	-0.00286749	0.122143	-0.0028468	0.99891	0.0465835	-0.122143	-0.0465823	0.991419	-1.58161	-0.605386	25.869	
0.992014	-0.0030562	0.126095	-0.00303344	0.998839	0.048074	-0.126095	-0.0480725	0.990853	-1.68548	-0.644993	26.6984	
0.991503	-0.00325096	0.130046	-0.00322598	0.998766	0.0495632	-0.130047	-0.0495615	0.990268	-1.79266	-0.685846	27.5274	
0.990976	-0.00345174	0.133998	-0.00342442	0.99869	0.0510511	-0.133998	-0.0510493	0.989666	-1.90314	-0.727945	28.3559	
0.990433	-0.00365856	0.137948	-0.00362874	0.998612	0.0525378	-0.137949	-0.0525357	0.989045	-2.01694	-0.771289	29.1838	
0.989874	-0.0038714	0.141898	-0.00383895	0.998532	0.0540232	-0.141899	-0.0540208	0.988406	-2.13404	-0.815876	30.0113	
0.989299	-0.00409028	0.145847	-0.00405503	0.99845	0.0555072	-0.145848	-0.0555046	0.987749	-2.25444	-0.861705	30.8382	
0.988708	-0.00431518	0.149796	-0.00427699	0.998366	0.0569898	-0.149797	-0.0569869	0.987073	-2.37815	-0.908776	31.6645	
0.9881	-0.00454611	0.153743	-0.00450481	0.998279	0.0584709	-0.153744	-0.0584677	0.986379	-2.50516	-0.957086	32.4903	
0.987477	-0.00478306	0.157689	-0.00473849	0.99819	0.0599506	-0.15769	-0.0599471	0.985667	-2.63547	-1.00663	33.3154	
0.986838	-0.00502603	0.161634	-0.00497802	0.998099	0.0614288	-0.161635	-0.0614249	0.984937	-2.76909	-1.05742	34.14	
0.986183	-0.00527501	0.165577	-0.00522339	0.998006	0.0629054	-0.165579	-0.0629011	0.984189	-2.90601	-1.10944	34.964	
0.985511	-0.00553001	0.169519	-0.00547461	0.99791	0.0643804	-0.169521	-0.0643757	0.983422	-3.04623	-1.1627	35.7873	
0.984824	-0.00579102	0.17346	-0.00573165	0.997813	0.0658539	-0.173462	-0.0658487	0.982637	-3.18974	-1.21719	36.6099	
0.98412	-0.00605803	0.177399	-0.00599451	0.997713	0.0673256	-0.177401	-0.0673199	0.981833	-3.33656	-1.27291	37.4319	
0.983401	-0.00633105	0.181336	-0.00626318	0.997611	0.0687957	-0.181338	-0.0687894	0.981012	-3.48667	-1.32987	38.2533	
0.982665	-0.00661006	0.185271	-0.00653766	0.997507	0.070264	-0.185274	-0.0702572	0.980172	-3.64007	-1.38805	39.0739	
0.981913	-0.00689506	0.189205	-0.00681793	0.997401	0.0717305	-0.189208	-0.0717231	0.979314	-3.79677	-1.44746	39.8938	
0.981146	-0.00718605	0.193136	-0.00710399	0.997292	0.0731952	-0.193139	-0.0731872	0.978438	-3.95675	-1.50809	40.713	
0.980362	-0.00748303	0.197065	-0.00739582	0.997182	0.0746581	-0.197069	-0.0746494	0.977544	-4.12003	-1.56995	41.5315	
0.979562	-0.00778598	0.200992	-0.00769343	0.997069	0.0761191	-0.200996	-0.0761097	0.976631	-4.28659	-1.63304	42.3491	
0.978746	-0.0080949	0.204917	-0.00799679	0.996954	0.0775782	-0.204921	-0.077568	0.9757	-4.45644	-1.69734	43.1661	
0.977914	-0.00840978	0.208839	-0.00830589	0.996837	0.0790353	-0.208843	-0.0790243	0.974751	-4.62958	-1.76286	43.9822	
0.977066	-0.00873063	0.212758	-0.00862074	0.996718	0.0804904	-0.212763	-0.0804785	0.973784	-4.80599	-1.82961	44.7975	
0.976202	-0.00905742	0.216675	-0.00894131	0.996597	0.0819434	-0.21668	-0.0819307	0.972799	-4.98569	-1.89756	45.6121	
0.975322	-0.00939016	0.220589	-0.00926759	0.996474	0.0833945	-0.220595	-0.0833807	0.971795	-5.16866	-1.96674	46.4257	
0.974425	-0.00972884	0.224501	-0.00959958	0.996348	0.0848434	-0.224506	-0.0848286	0.970773	-5.3549	-2.03712	47.2386	
0.972813	-0.0103324	0.231362	-0.00984112	0.996258	0.0858711	-0.231384	-0.0858134	0.969071	-5.54566	-2.10852	48.0503	
0.971151	-0.0109431	0.238213	-0.0100908	0.996166	0.0869008	-0.238251	-0.0867976	0.967317	-5.74217	-2.18075	48.8605	
0.969441	-0.011561	0.245053	-0.0103488	0.996073	0.0879322	-0.245107	-0.087781	0.965514	-5.94443	-2.2538	49.6693	
0.967681	-0.0121859	0.251882	-0.0106149	0.995978	0.0889651	-0.251953	-0.0887635	0.96366	-6.15242	-2.32767	50.4765	
0.965873	-0.0128179	0.258699	-0.0108892	0.995882	0.0899993	-0.258787	-0.0897449	0.961756	-6.36613	-2.40237	51.2822	
0.964016	-0.0134569	0.265503	-0.0111718	0.995785	0.0910345	-0.265609	-0.0907249	0.959802	-6.58556	-2.47788	52.0863	
0.96211	-0.0141031	0.272295	-0.0114625	0.995686	0.0920707	-0.272419	-0.0917033	0.957799	-6.81069	-2.55422	52.8886	
0.960156	-0.0147562	0.279074	-0.0117614	0.995587	0.0931075	-0.279216	-0.0926801	0.955745	-7.04151	-2.63137	53.6893	
0.958154	-0.0154164	0.285839	-0.0120684	0.995485	0.0941448	-0.286	-0.0936549	0.953642	-7.27802	-2.70934	54.4883	
0.956103	-0.0160836	0.29259	-0.0123837	0.995383	0.0951824	-0.29277	-0.0946275	0.951489	-7.52019	-2.78812	55.2855	
0.954004	-0.0167578	0.299326	-0.012707	0.995279	0.0962201	-0.299525	-0.0955979	0.949287	-7.76803	-2.86772	56.0808	
0.951856	-0.0174389	0.306048	-0.0130384	0.995174	0.0972576	-0.306267	-0.0965657	0.947035	-8.02152	-2.94813	56.8743	
0.949661	-0.018127	0.312754	-0.013378	0.995067	0.0982948	-0.312993	-0.0975308	0.944734	-8.28064	-3.02934	57.6659	
0.947418	-0.0188219	0.319444	-0.0137255	0.99496	0.0993315	-0.319704	-0.098493	0.942385	-8.54538	-3.11137	58.4555	
0.945127	-0.0195238	0.326119	-0.0140811	0.994851	0.100367	-0.326399	-0.0994522	0.939986	-8.81573	-3.1942	59.2432	
0.942789	-0.0202325	0.332776	-0.0144447	0.994741	0.101403	-0.333078	-0.100408	0.937538	-9.09168	-3.27782	60.0288	
0.940403	-0.020948	0.339417	-0.0148162	0.994629	0.102436	-0.33974	-0.10136	0.935042	-9.37321	-3.36225	60.8124	
0.937969	-0.0216703	0.34604	-0.0151956	0.994517	0.103469	-0.346385	-0.102309	0.932497	-9.66031	-3.44747	61.5938	
0.935489	-0.0223994	0.352645	-0.0155828	0.994403	0.1045	-0.353012	-0.103254	0.929904	-9.95297	-3.53349	62.3731	
0.932961	-0.0231352	0.359232	-0.0159778	0.994288	0.10553	-0.359622	-0.104195	0.927262	-10.2512	-3.62029	63.1502	
0.930387	-0.0238776	0.365801	-0.0163805	0.994172	0.106557	-0.366213	-0.105131	0.924573	-10.5549	-3.70788	63.9251	
0.927766	-0.0246267	0.37235	-0.016791	0.994054	0.107583	-0.372785	-0.106064	0.921836	-10.8641	-3.79625	64.6977	
0.925098	-0.0253824	0.37888	-0.017209	0.993936	0.108606	-0.379339	-0.106991	0.919051	-11.1788	-3.8854	65.468	
0.922384	-0.0261447	0.385389	-0.0176346	0.993816	0.109627	-0.385872	-0.107914	0.916219	-11.499	-3.97533	66.2359	
0.919623	-0.0269135	0.391879	-0.0180677	0.993696	0.110645	-0.392386	-0.108832	0.913339	-11.8247	-4.06602	67.0015	
0.916817	-0.0276888	0.398348	-0.0185082	0.993574	0.11166	-0.39888	-0.109744	0.910413	-12.1558	-4.15748	67.7646	
0.913964	-0.0284705	0.404795	-0.0189561	0.993451	0.112672	-0.405352	-0.110652	0.907439	-12.4923	-4.2497	68.5253	
0.911066	-0.0292586	0.411221	-0.0194112	0.993328	0.113681	-0.411804	-0.111554	0.904419	-12.8342	-4.34268	69.2834	
0.908122	-0.030053	0.417625	-0.0198735	0.993203	0.114687	-0.418233	-0.11245	0.901352	-13.1815	-4.43641	70.039	
0.89924	-0.032356	0.436258	-0.0187983	0.993482	0.112432	-0.437052	-0.109304	0.89277	-13.5394	-4.52921	70.7898	
0.889968	-0.0345932	0.454709	-0.017676	0.993752	0.110198	-0.45568	-0.106111	0.883797	-13.913	-4.61935	71.5332	
0.880312	-0.0367636	0.472969	-0.0165071	0.994015	0.107988	-0.474108	-0.102871	0.874437	-14.302	-4.7068	72.2689	
0.870275	-0.0388662	0.49103	-0.0152922	0.99427	0.105802	-0.492328	-0.0995856	0.864694	-14.7064	-4.79151	72.9966	
0.859862	-0.0409001	0.508885	-0.0140317	0.994516	0.10364	-0.510334	-0.096257	0.854573	-15.126	-4.87346	73.7161	
0.849077	-0.0428644	0.526527	-0.0127263	0.994754	0.101505	-0.528115	-0.0928863	0.844077	-15.5605	-4.95261	74.4269	
0.837926	-0.0447583	0.543946	-0.0113764	0.994983	0.0993964	-0.545666	-0.0894749	0.833212	-16.0099	-5.02892	75.1287	
0.826412	-0.0465809	0.561136	-0.00998266	0.995204	0.0973156	-0.562978	-0.0860244	0.821983	-16.4738	-5.10236	75.8213	
0.814541	-0.0483315	0.578089	-0.00854573	0.995415	0.0952635	-0.580043	-0.0825362	0.810394	-16.9521	-5.17289	76.5044	
0.802319	-0.0500093	0.594797	-0.00706622	0.995618	0.093241	-0.596854	-0.0790119	0.79845	-17.4446	-5.24049	77.1776	
0.78975	-0.0516134	0.611254	-0.00554476	0.995813	0.0912489	-0.613404	-0.0754531	0.786156	-17.951	-5.30513	77.8407	
0.776839	-0.0531434	0.627452	-0.00398204	0.995998	0.0892882	-0.629686	-0.0718611	0.773519	-18.4712	-5.36677	78.4934	
0.763594	-0.0545984	0.643384	-0.00237872	0.996174	0.0873597	-0.645692	-0.0682378	0.760543	-19.0048	-5.42539	79.1353	
