1	0	0	0	1	0	0	0	1	0	0	0	
0.99999	8.44363e-06	-0.00436157	8.44363e-06	0.999993	0.00387179	0.00436157	-0.00387179	0.999983	0.00232618	-0.00206496	1.06666	
0.999962	3.37859e-05	-0.00872494	3.37791e-05	0.99997	0.00774363	0.00872494	-0.00774363	0.999932	0.00930567	-0.00825987	2.13328	
0.999914	7.60414e-05	-0.0130899	7.60143e-05	0.999933	0.0116153	0.0130899	-0.0116153	0.999847	0.0209403	-0.0185847	3.19984	
0.999848	0.000135224	-0.0174564	0.000135156	0.99988	0.0154868	0.0174564	-0.0154868	0.999728	0.0372317	-0.0330392	4.26628	
0.999762	0.000211346	-0.0218241	0.000211211	0.999813	0.0193578	0.0218241	-0.0193578	0.999574	0.0581813	-0.0516231	5.33258	
0.999657	0.00030442	-0.0261929	0.000304183	0.99973	0.0232283	0.0261929	-0.0232283	0.999387	0.0837905	-0.0743357	6.39869	
0.999533	0.000414457	-0.0305627	0.000414077	0.999633	0.0270981	0.0305627	-0.027098	0.999165	0.11406	-0.101177	7.46459	
0.99939	0.000541466	-0.0349332	0.000540897	0.99952	0.0309669	0.0349332	-0.0309669	0.99891	0.148991	-0.132145	8.53023	
0.999227	0.000685458	-0.0393043	0.000684645	0.999393	0.0348348	0.0393043	-0.0348348	0.99862	0.188585	-0.167239	9.59559	
0.999045	0.000846439	-0.0436758	0.000845321	0.99925	0.0387015	0.0436759	-0.0387014	0.998296	0.232841	-0.206458	10.6606	
0.998845	0.00102442	-0.0480476	0.00102293	0.999093	0.0425668	0.0480477	-0.0425668	0.997938	0.28176	-0.249802	11.7253	
0.998624	0.0012194	-0.0524195	0.00121746	0.998921	0.0464307	0.0524196	-0.0464306	0.997545	0.335343	-0.297267	12.7895	
0.998385	0.0014314	-0.0567913	0.00142893	0.998733	0.0502929	0.0567914	-0.0502929	0.997119	0.393589	-0.348853	13.8534	
0.998126	0.0016604	-0.0611629	0.00165732	0.998531	0.0541534	0.0611629	-0.0541533	0.996658	0.456498	-0.404558	14.9167	
0.997849	0.00190643	-0.065534	0.00190263	0.998314	0.058012	0.0655341	-0.0580118	0.996163	0.52407	-0.464379	15.9795	
0.997551	0.00216948	-0.0699045	0.00216487	0.998082	0.0618684	0.0699046	-0.0618683	0.995633	0.596304	-0.528316	17.0418	
0.997235	0.00244955	-0.0742742	0.00244401	0.997835	0.0657227	0.0742744	-0.0657225	0.99507	0.6732	-0.596364	18.1036	
0.996899	0.00274664	-0.078643	0.00274007	0.997573	0.0695745	0.0786432	-0.0695743	0.994472	0.754756	-0.668523	19.1646	
0.996544	0.00306076	-0.0830106	0.00305303	0.997296	0.0734239	0.0830109	-0.0734236	0.99384	0.840972	-0.744788	20.2251	
0.99617	0.0033919	-0.087377	0.00338289	0.997004	0.0772705	0.0873774	-0.0772701	0.993174	0.931846	-0.825159	21.2848	
0.995776	0.00374007	-0.091742	0.00372963	0.996698	0.0811144	0.0917424	-0.0811139	0.992474	1.02738	-0.90963	22.3438	
0.995363	0.00410526	-0.0961053	0.00409325	0.996376	0.0849552	0.0961058	-0.0849547	0.991739	1.12756	-0.9982	23.4021	
0.99493	0.00448746	-0.100467	0.00447374	0.99604	0.088793	0.100467	-0.0887923	0.99097	1.2324	-1.09087	24.4595	
0.994479	0.00488668	-0.104826	0.00487108	0.995689	0.0926275	0.104827	-0.0926266	0.990167	1.34189	-1.18762	25.5161	
0.994007	0.0053029	-0.109184	0.00528527	0.995323	0.0964585	0.109185	-0.0964576	0.98933	1.45603	-1.28847	26.5719	
0.993517	0.00573613	-0.113539	0.0057163	0.994942	0.100286	0.11354	-0.100285	0.988459	1.57482	-1.3934	27.6267	
0.993007	0.00618635	-0.117891	0.00616414	0.994547	0.10411	0.117893	-0.104108	0.987554	1.69825	-1.50241	28.6806	
0.992478	0.00665356	-0.122241	0.00662879	0.994136	0.10793	0.122243	-0.107928	0.986615	1.82632	-1.61549	29.7335	
0.99193	0.00713775	-0.126589	0.00711023	0.993711	0.111746	0.12659	-0.111744	0.985641	1.95903	-1.73265	30.7853	
0.991362	0.00763891	-0.130933	0.00760845	0.993272	0.115557	0.130934	-0.115555	0.984633	2.09638	-1.85388	31.8362	
0.990775	0.00815703	-0.135274	0.00812342	0.992817	0.119365	0.135276	-0.119363	0.983592	2.23836	-1.97917	32.8859	
0.990168	0.0086921	-0.139611	0.00865514	0.992348	0.123168	0.139614	-0.123165	0.982516	2.38497	-2.10852	33.9345	
0.989542	0.00924411	-0.143946	0.00920358	0.991864	0.126966	0.143948	-0.126963	0.981407	2.5362	-2.24192	34.9819	
0.988897	0.00981304	-0.148276	0.00976872	0.991366	0.13076	0.148279	-0.130757	0.980263	2.69206	-2.37937	36.0281	
0.988233	0.0103989	-0.152603	0.0103505	0.990853	0.134549	0.152606	-0.134545	0.979086	2.85253	-2.52087	37.0731	
0.987549	0.0110016	-0.156925	0.010949	0.990325	0.138333	0.156929	-0.138328	0.977874	3.01761	-2.6664	38.1168	
0.986846	0.0116212	-0.161244	0.0115642	0.989783	0.142111	0.161248	-0.142107	0.976629	3.18731	-2.81596	39.1592	
0.986124	0.0122577	-0.165558	0.0121959	0.989226	0.145884	0.165563	-0.145879	0.97535	3.36161	-2.96956	40.2003	
0.985382	0.0129111	-0.169868	0.0128442	0.988655	0.149652	0.169873	-0.149647	0.974038	3.54051	-3.12717	41.24	
0.984621	0.0135812	-0.174173	0.0135091	0.98807	0.153415	0.174178	-0.153408	0.972691	3.724	-3.2888	42.2782	
0.983841	0.0142682	-0.178473	0.0141906	0.987469	0.157171	0.178479	-0.157164	0.971311	3.91209	-3.45444	43.315	
0.983042	0.014972	-0.182768	0.0148886	0.986855	0.160922	0.182775	-0.160914	0.969897	4.10476	-3.62408	44.3504	
0.982224	0.0156925	-0.187058	0.015603	0.986226	0.164666	0.187065	-0.164658	0.96845	4.302	-3.79772	45.3841	
0.981386	0.0164298	-0.191342	0.016334	0.985583	0.168405	0.19135	-0.168395	0.966968	4.50383	-3.97535	46.4164	
0.980529	0.0171839	-0.195621	0.0170814	0.984925	0.172137	0.19563	-0.172126	0.965454	4.71022	-4.15696	47.447	
0.979653	0.0179546	-0.199895	0.0178451	0.984253	0.175862	0.199904	-0.175851	0.963906	4.92117	-4.34255	48.476	
0.978758	0.018742	-0.204162	0.0186253	0.983567	0.179581	0.204173	-0.179569	0.962324	5.13668	-4.53211	49.5033	
0.977843	0.0195461	-0.208424	0.0194218	0.982866	0.183294	0.208435	-0.18328	0.96071	5.35674	-4.72563	50.5289	
0.97691	0.0203668	-0.212679	0.0202347	0.982152	0.186999	0.212691	-0.186985	0.959062	5.58134	-4.9231	51.5528	
0.975957	0.0212041	-0.216928	0.0210638	0.981423	0.190697	0.216941	-0.190682	0.95738	5.81048	-5.12453	52.5749	
0.974986	0.0220581	-0.22117	0.0219091	0.98068	0.194389	0.221185	-0.194372	0.955666	6.04414	-5.32989	53.5952	
0.973995	0.0229285	-0.225406	0.0227707	0.979923	0.198073	0.225422	-0.198054	0.953918	6.28233	-5.53918	54.6137	
0.972985	0.0238155	-0.229635	0.0236485	0.979152	0.201749	0.229652	-0.20173	0.952137	6.52504	-5.7524	55.6302	
0.971957	0.024719	-0.233857	0.0245424	0.978367	0.205418	0.233875	-0.205397	0.950323	6.77226	-5.96954	56.6449	
0.970909	0.0256389	-0.238071	0.0254525	0.977567	0.209079	0.238091	-0.209057	0.948477	7.02397	-6.19058	57.6576	
0.969843	0.0265753	-0.242279	0.0263786	0.976754	0.212733	0.2423	-0.212708	0.946597	7.28018	-6.41552	58.6683	
0.968757	0.0275281	-0.246479	0.0273208	0.975927	0.216378	0.246502	-0.216352	0.944684	7.54088	-6.64436	59.677	
0.967653	0.0284973	-0.250671	0.0282789	0.975086	0.220016	0.250695	-0.219987	0.942739	7.80605	-6.87707	60.6836	
0.96653	0.0294828	-0.254855	0.029253	0.974232	0.223645	0.254882	-0.223614	0.940761	8.07569	-7.11366	61.6881	
0.965388	0.0304846	-0.259031	0.0302431	0.973363	0.227265	0.25906	-0.227233	0.938751	8.34979	-7.35411	62.6906	
0.964227	0.0315026	-0.2632	0.031249	0.972481	0.230877	0.26323	-0.230843	0.936708	8.62835	-7.59842	63.6908	
0.963047	0.0325369	-0.26736	0.0322708	0.971585	0.234481	0.267392	-0.234444	0.934632	8.91135	-7.84657	64.6888	
0.961849	0.0335874	-0.271511	0.0333084	0.970675	0.238076	0.271545	-0.238036	0.932524	9.19878	-8.09856	65.6847	
0.960632	0.0346541	-0.275654	0.0343617	0.969752	0.241661	0.27569	-0.24162	0.930384	9.49064	-8.35438	66.6782	
0.959397	0.0357369	-0.279788	0.0354307	0.968815	0.245238	0.279827	-0.245194	0.928212	9.78692	-8.61402	67.6695	
0.958142	0.0368358	-0.283913	0.0365154	0.967865	0.248806	0.283954	-0.248758	0.926007	10.0876	-8.87746	68.6584	
0.956186	0.0385314	-0.290212	0.0367209	0.967687	0.249467	0.290446	-0.249194	0.923874	10.394	-9.14303	69.645	
0.951396	0.04236	-0.305043	0.0303646	0.972767	0.229788	0.30647	-0.227882	0.9242	10.7123	-9.39749	70.6307	
0.94635	0.0458453	-0.319874	0.0236693	0.977392	0.210108	0.322275	-0.206407	0.923869	11.0477	-9.62912	71.6164	
0.941052	0.0489848	-0.334695	0.0166399	0.981557	0.190443	0.337851	-0.184786	0.922882	11.3998	-9.83777	72.6014	
0.935507	0.0517761	-0.349495	0.00928126	0.985261	0.170806	0.353187	-0.163034	0.921238	11.7683	-10.0233	73.585	
0.929717	0.0542174	-0.364263	0.0015987	0.9885	0.15121	0.368272	-0.141165	0.918939	12.1531	-10.1855	74.5665	
0.923687	0.0563069	-0.378988	-0.00640234	0.991273	0.131671	0.383095	-0.119196	0.915986	12.5539	-10.3244	75.5451	
0.917421	0.0580431	-0.393662	-0.0147162	0.993577	0.112201	0.397645	-0.0971425	0.912382	12.9703	-10.4398	76.5203	
0.910924	0.0594247	-0.408272	-0.0233369	0.99541	0.0928152	0.411913	-0.0750198	0.90813	13.4021	-10.5316	77.4913	
0.904201	0.0604508	-0.422808	-0.0322583	0.996771	0.0735267	0.425888	-0.0528438	0.903231	13.849	-10.5998	78.4574	
0.897255	0.0611208	-0.437261	-0.0414742	0.99766	0.0543493	0.43956	-0.0306301	0.897691	14.3106	-10.6443	79.418	
0.890093	0.0614339	-0.45162	-0.0509779	0.998076	0.0352967	0.45292	-0.00839472	0.891512	14.7866	-10.6652	80.3723	
0.882718	0.0613902	-0.465875	-0.0607626	0.998018	0.0163825	0.465957	0.0138467	0.884699	15.2767	-10.6622	81.3197	
0.875138	0.0609895	-0.480015	-0.0708216	0.997486	-0.00237995	0.478663	0.0360782	0.877257	15.7805	-10.6356	82.2594	
0.867356	0.0602322	-0.494031	-0.0811475	0.996481	-0.0209772	0.491029	0.0582841	0.869191	16.2977	-10.5853	83.1909	
0.859378	0.0591189	-0.507912	-0.091733	0.995004	-0.0393962	0.503046	0.0804485	0.860508	16.8279	-10.5113	84.1135	
0.85121	0.0576502	-0.521649	-0.102571	0.993055	-0.0576237	0.514704	0.102556	0.851212	17.3707	-10.4137	85.0265	
0.842858	0.0558273	-0.535232	-0.113653	0.990636	-0.0756467	0.525997	0.12459	0.841311	17.9258	-10.2925	85.9292	
0.834328	0.0536514	-0.548651	-0.124971	0.987749	-0.0934526	0.536916	0.146536	0.830812	18.4927	-10.1479	86.821	
0.825626	0.0511242	-0.561897	-0.136518	0.984396	-0.111029	0.547453	0.168377	0.819722	19.0711	-9.97996	87.7014	
0.816757	0.0482473	-0.574961	-0.148286	0.980579	-0.128362	0.557601	0.190099	0.808049	19.6605	-9.78876	88.5696	
0.807729	0.0450228	-0.587832	-0.160265	0.9763	-0.145441	0.567353	0.211686	0.795802	20.2605	-9.57446	89.425	
0.798548	0.0414531	-0.600502	-0.172448	0.971564	-0.162253	0.5767	0.233122	0.782988	20.8707	-9.33722	90.2671	
0.78922	0.0375407	-0.612963	-0.184825	0.966372	-0.178786	0.585638	0.254392	0.769618	21.4907	-9.07719	91.0952	
0.779751	0.0332883	-0.625204	-0.197388	0.96073	-0.195029	0.59416	0.275482	0.755701	22.1199	-8.79458	91.9087	
0.77015	0.028699	-0.637217	-0.210128	0.95464	-0.210969	0.602259	0.296375	0.741247	22.758	-8.48957	92.7072	
0.760422	0.023776	-0.648994	-0.223036	0.948108	-0.226596	0.609929	0.317058	0.726265	23.4046	-8.16238	93.4899	
0.750574	0.0185229	-0.660527	-0.236103	0.941138	-0.241898	0.617166	0.337515	0.710767	24.0591	-7.81326	94.2563	
0.740613	0.0129433	-0.671807	-0.24932	0.933734	-0.256865	0.623964	0.357733	0.694763	24.721	-7.44244	95.006	
0.730547	0.00704127	-0.682826	-0.262676	0.925903	-0.271486	0.630319	0.377696	0.678266	25.39	-7.05019	95.7383	
0.720383	0.000820983	-0.693576	-0.276163	0.917649	-0.285751	0.636225	0.39739	0.661286	26.0656	-6.63678	96.4528	
0.710127	-0.00571315	-0.70405	-0.289771	0.908979	-0.299649	0.641679	0.416802	0.643836	26.7472	-6.20252	97.1489	
0.699788	-0.0125565	-0.71424	-0.30349	0.899899	-0.31317	0.646676	0.435917	0.625928	27.4343	-5.74771	97.8261	
