1	0	0	0	1	0	0	0	1	0	0	0	
1	2.13547e-07	0.000854406	2.13547e-07	1	-0.000499872	-0.000854406	0.000499872	1	-0.000458704	0.000268365	1.07374	
0.999999	8.59505e-07	0.00171411	8.59527e-07	0.999999	-0.00100287	-0.00171411	0.00100287	0.999998	-0.00183766	0.00107514	2.14747	
0.999997	1.94582e-06	0.00257907	1.94591e-06	0.999999	-0.00150897	-0.00257907	0.00150897	0.999996	-0.00414254	0.00242367	3.22121	
0.999994	3.48039e-06	0.00344922	3.48062e-06	0.999998	-0.00201813	-0.00344922	0.00201813	0.999992	-0.00737894	0.00431725	4.29494	
0.999991	5.47106e-06	0.00432453	5.47151e-06	0.999997	-0.00253033	-0.00432453	0.00253033	0.999987	-0.0115524	0.00675918	5.36866	
0.999986	7.92561e-06	0.00520493	7.9264e-06	0.999995	-0.00304555	-0.00520493	0.00304555	0.999982	-0.0166685	0.0097527	6.44239	
0.999981	1.08518e-05	0.00609038	1.0853e-05	0.999994	-0.00356374	-0.00609038	0.00356374	0.999975	-0.0227326	0.013301	7.5161	
0.999976	1.42572e-05	0.00698083	1.42592e-05	0.999992	-0.00408489	-0.00698083	0.00408489	0.999967	-0.0297501	0.0174073	8.58981	
0.999969	1.81496e-05	0.00787623	1.81523e-05	0.999989	-0.00460895	-0.00787623	0.00460895	0.999958	-0.0377264	0.0220748	9.6635	
0.999961	2.25364e-05	0.00877652	2.25402e-05	0.999987	-0.00513591	-0.00877652	0.00513591	0.999948	-0.0466667	0.0273065	10.7372	
0.999953	2.74251e-05	0.00968165	2.74302e-05	0.999984	-0.00566573	-0.00968165	0.00566573	0.999937	-0.0565764	0.0331056	11.8109	
0.999944	3.28232e-05	0.0105916	3.28299e-05	0.999981	-0.00619838	-0.0105916	0.00619838	0.999925	-0.0674604	0.039475	12.8845	
0.999934	3.87379e-05	0.0115062	3.87465e-05	0.999977	-0.00673383	-0.0115062	0.00673383	0.999911	-0.079324	0.0464179	13.9582	
0.999923	4.51766e-05	0.0124256	4.51874e-05	0.999974	-0.00727205	-0.0124256	0.00727205	0.999896	-0.0921722	0.0539373	15.0318	
0.999911	5.21465e-05	0.0133495	5.21598e-05	0.999969	-0.00781301	-0.0133495	0.00781301	0.99988	-0.10601	0.062036	16.1054	
0.999898	5.96547e-05	0.0142781	5.96709e-05	0.999965	-0.00835668	-0.0142781	0.00835668	0.999863	-0.120842	0.070717	17.179	
0.999884	6.77081e-05	0.0152112	6.77277e-05	0.99996	-0.00890303	-0.0152112	0.00890303	0.999845	-0.136674	0.0799832	18.2526	
0.99987	7.63139e-05	0.0161487	7.63373e-05	0.999955	-0.00945202	-0.0161487	0.00945202	0.999825	-0.15351	0.0898374	19.3262	
0.999854	8.54788e-05	0.0170907	8.55065e-05	0.99995	-0.0100036	-0.0170907	0.0100036	0.999804	-0.171356	0.100283	20.3997	
0.999837	9.52097e-05	0.018037	9.52422e-05	0.999944	-0.0105578	-0.018037	0.0105578	0.999782	-0.190215	0.111321	21.4732	
0.99982	0.000105513	0.0189876	0.000105551	0.999938	-0.0111146	-0.0189876	0.0111146	0.999758	-0.210092	0.122957	22.5467	
0.999801	0.000116396	0.0199425	0.00011644	0.999932	-0.0116738	-0.0199425	0.0116738	0.999733	-0.230992	0.135191	23.6202	
0.999782	0.000127865	0.0209016	0.000127915	0.999925	-0.0122356	-0.0209016	0.0122356	0.999707	-0.25292	0.148027	24.6936	
0.999761	0.000139926	0.0218648	0.000139983	0.999918	-0.0127998	-0.0218648	0.0127998	0.999679	-0.27588	0.161468	25.767	
0.999739	0.000152586	0.0228321	0.000152651	0.999911	-0.0133664	-0.0228321	0.0133664	0.99965	-0.299877	0.175516	26.8404	
0.999717	0.00016585	0.0238035	0.000165924	0.999903	-0.0139354	-0.0238035	0.0139354	0.99962	-0.324914	0.190173	27.9137	
0.999693	0.000179726	0.0247788	0.000179809	0.999895	-0.0145068	-0.0247788	0.0145068	0.999588	-0.350996	0.205443	28.9871	
0.999668	0.000194219	0.025758	0.000194312	0.999886	-0.0150805	-0.025758	0.0150805	0.999554	-0.378128	0.221327	30.0603	
0.999642	0.000209335	0.0267412	0.000209438	0.999877	-0.0156565	-0.0267412	0.0156565	0.99952	-0.406313	0.237829	31.1336	
0.999615	0.000225079	0.0277281	0.000225195	0.999868	-0.0162347	-0.0277281	0.0162347	0.999484	-0.435556	0.25495	32.2068	
0.999588	0.000241459	0.0287187	0.000241587	0.999859	-0.0168152	-0.0287187	0.0168152	0.999446	-0.46586	0.272694	33.2799	
0.999558	0.000258479	0.0297131	0.00025862	0.999849	-0.0173979	-0.0297131	0.0173979	0.999407	-0.497231	0.291062	34.3531	
0.999528	0.000276145	0.0307111	0.0002763	0.999838	-0.0179827	-0.0307111	0.0179827	0.999367	-0.52967	0.310057	35.4261	
0.999497	0.000294462	0.0317127	0.000294632	0.999828	-0.0185697	-0.0317127	0.0185697	0.999325	-0.563184	0.32968	36.4992	
0.999465	0.000313435	0.0327178	0.000313622	0.999816	-0.0191588	-0.0327178	0.0191588	0.999281	-0.597774	0.349936	37.5722	
0.999431	0.000333071	0.0337263	0.000333275	0.999805	-0.0197499	-0.0337263	0.0197499	0.999236	-0.633446	0.370824	38.6451	
0.999396	0.000353373	0.0347383	0.000353596	0.999793	-0.020343	-0.0347383	0.020343	0.999189	-0.670203	0.392349	39.718	
0.999361	0.000374348	0.0357536	0.00037459	0.999781	-0.0209382	-0.0357536	0.0209382	0.999141	-0.708048	0.414512	40.7908	
0.999324	0.000395999	0.0367722	0.000396262	0.999768	-0.0215353	-0.0367722	0.0215353	0.999092	-0.746985	0.437314	41.8636	
0.999285	0.000418331	0.0377941	0.000418616	0.999755	-0.0221343	-0.0377941	0.0221343	0.99904	-0.787017	0.460759	42.9364	
0.999246	0.00044135	0.0388191	0.000441658	0.999741	-0.0227352	-0.0388191	0.0227352	0.998988	-0.828148	0.484848	44.009	
0.999206	0.000465059	0.0398472	0.000465392	0.999728	-0.023338	-0.0398472	0.023338	0.998933	-0.870382	0.509584	45.0817	
0.999164	0.000489464	0.0408784	0.000489822	0.999713	-0.0239426	-0.0408784	0.0239426	0.998877	-0.913721	0.534967	46.1542	
0.999121	0.000514567	0.0419126	0.000514953	0.999698	-0.024549	-0.0419126	0.024549	0.99882	-0.958169	0.561001	47.2267	
0.999077	0.000540374	0.0429497	0.000540788	0.999683	-0.0251571	-0.0429497	0.0251571	0.99876	-1.00373	0.587686	48.2992	
0.999032	0.000566889	0.0439897	0.000567333	0.999668	-0.025767	-0.0439897	0.025767	0.9987	-1.0504	0.615026	49.3715	
0.998985	0.000594114	0.0450326	0.00059459	0.999652	-0.0263785	-0.0450326	0.0263786	0.998637	-1.0982	0.643021	50.4438	
0.998938	0.000622055	0.0460782	0.000622563	0.999635	-0.0269917	-0.0460782	0.0269918	0.998573	-1.14711	0.671674	51.5161	
0.998889	0.000650714	0.0471265	0.000651257	0.999619	-0.0276066	-0.0471264	0.0276066	0.998507	-1.19715	0.700986	52.5883	
0.998839	0.000680096	0.0481774	0.000680674	0.999601	-0.028223	-0.0481774	0.028223	0.99844	-1.24832	0.730959	53.6604	
0.998787	0.000710202	0.0492309	0.000710818	0.999584	-0.0288409	-0.0492309	0.0288409	0.998371	-1.30061	0.761595	54.7324	
0.998735	0.000741038	0.0502869	0.000741693	0.999566	-0.0294603	-0.0502869	0.0294604	0.9983	-1.35404	0.792895	55.8043	
0.998681	0.000772605	0.0513454	0.000773301	0.999547	-0.0300813	-0.0513454	0.0300813	0.998228	-1.4086	0.824861	56.8762	
0.998626	0.000804906	0.0524063	0.000805645	0.999528	-0.0307036	-0.0524063	0.0307037	0.998154	-1.4643	0.857495	57.948	
0.998569	0.000837945	0.0534695	0.000838729	0.999509	-0.0313274	-0.0534695	0.0313274	0.998078	-1.52114	0.890798	59.0197	
0.998511	0.000871724	0.054535	0.000872554	0.999489	-0.0319525	-0.054535	0.0319526	0.998	-1.57913	0.924771	60.0913	
0.998453	0.000906246	0.0556028	0.000907124	0.999469	-0.032579	-0.0556028	0.032579	0.997921	-1.63826	0.959416	61.1629	
0.998392	0.000941512	0.0566727	0.00094244	0.999448	-0.0332068	-0.0566727	0.0332068	0.99784	-1.69854	0.994734	62.2344	
0.998331	0.000977526	0.0577447	0.000978506	0.999427	-0.0338358	-0.0577446	0.0338359	0.997758	-1.75996	1.03073	63.3057	
0.998268	0.00101429	0.0588187	0.00101532	0.999405	-0.0344661	-0.0588187	0.0344661	0.997674	-1.82254	1.0674	64.377	
0.998204	0.0010518	0.0598947	0.00105289	0.999383	-0.0350975	-0.0598947	0.0350976	0.997587	-1.88628	1.10474	65.4482	
0.998139	0.00109007	0.0609726	0.00109122	0.999361	-0.0357302	-0.0609726	0.0357302	0.9975	-1.95117	1.14277	66.5193	
0.998072	0.00112909	0.0620524	0.0011303	0.999338	-0.0363639	-0.0620523	0.0363639	0.99741	-2.01721	1.18147	67.5903	
0.998004	0.00116887	0.0631339	0.00117014	0.999315	-0.0369987	-0.0631339	0.0369987	0.997319	-2.08442	1.22086	68.6612	
0.997935	0.0012094	0.0642172	0.00121074	0.999291	-0.0376346	-0.0642172	0.0376346	0.997226	-2.15279	1.26093	69.732	
0.997865	0.0012507	0.0653022	0.0012521	0.999267	-0.0382714	-0.0653021	0.0382715	0.997131	-2.22233	1.30168	70.8027	
0.997857	0.00125563	0.0654236	0.00154405	0.999086	-0.0427249	-0.0654174	0.0427344	0.996942	-2.29251	1.34517	71.8733	
0.998266	0.000888811	0.058865	0.00316029	0.997635	-0.0686574	-0.0587868	0.0687244	0.995902	-2.35919	1.40501	72.9433	
0.998631	0.000351084	0.0523156	0.00460342	0.995509	-0.0945535	-0.0521138	0.0946648	0.994144	-2.41874	1.49273	74.0117	
0.998951	-0.000357164	0.0457801	0.00587239	0.992709	-0.120395	-0.0454033	0.120537	0.99167	-2.47109	1.60828	75.0779	
0.999228	-0.00123542	0.0392632	0.00696629	0.989236	-0.146162	-0.03866	0.146323	0.988481	-2.51623	1.75155	76.141	
0.99946	-0.00228305	0.0327697	0.00788433	0.985094	-0.171837	-0.0318889	0.172002	0.98458	-2.5541	1.92246	77.2004	
0.999648	-0.00349931	0.0263042	0.00862584	0.980285	-0.197401	-0.0250949	0.197559	0.97997	-2.5847	2.12088	78.2552	
0.999791	-0.00488331	0.0198714	0.00919031	0.974813	-0.222836	-0.0182827	0.222972	0.974653	-2.60799	2.34666	79.3046	
0.999888	-0.00643406	0.0134759	0.00957731	0.968681	-0.248124	-0.0114574	0.248225	0.968635	-2.62396	2.59965	80.3479	
0.999941	-0.00815044	0.00712227	0.00978657	0.961894	-0.273246	-0.0046238	0.273299	0.961918	-2.63259	2.87966	81.3845	
0.999949	-0.0100312	0.000815152	0.00981794	0.954458	-0.298184	0.00221312	0.298177	0.954508	-2.63388	3.18648	82.4134	
0.999912	-0.012075	-0.00544093	0.0096714	0.946377	-0.32292	0.00904844	0.322839	0.946411	-2.62784	3.51991	83.434	
0.99983	-0.0142804	-0.0116415	0.00934704	0.937657	-0.347437	0.0158772	0.347269	0.937631	-2.61445	3.87969	84.4455	
0.999703	-0.0166458	-0.017782	0.00884512	0.928304	-0.371716	0.0226946	0.371449	0.928176	-2.59375	4.26557	85.4473	
0.999532	-0.0191694	-0.0238581	0.00816597	0.918326	-0.395741	0.0294956	0.395361	0.918052	-2.56572	4.67727	86.4385	
0.999315	-0.0218495	-0.0298654	0.00731011	0.907729	-0.419493	0.0362754	0.418988	0.907267	-2.53041	5.11449	87.4185	
0.999054	-0.0246841	-0.0357995	0.00627814	0.896521	-0.442957	0.043029	0.442313	0.895828	-2.48783	5.57693	88.3866	
0.998749	-0.0276712	-0.0416562	0.0050708	0.88471	-0.466114	0.0497516	0.465319	0.883744	-2.43802	6.06424	89.3421	
0.998399	-0.0308086	-0.0474313	0.00368897	0.872305	-0.488948	0.0564384	0.487991	0.871022	-2.38101	6.57607	90.2842	
0.998006	-0.0340941	-0.0531206	0.00213365	0.859314	-0.511443	0.0630845	0.51031	0.857674	-2.31683	7.11206	91.2124	
0.997569	-0.0375253	-0.05872	0.000405943	0.845748	-0.533583	0.0696851	0.532262	0.843707	-2.24555	7.67182	92.1258	
0.997089	-0.0410997	-0.0642254	-0.00149289	0.831614	-0.555351	0.0762356	0.55383	0.829132	-2.1672	8.25494	93.024	
0.996566	-0.0448148	-0.069633	-0.00356149	0.816925	-0.576733	0.0827311	0.575	0.81396	-2.08186	8.86101	93.9062	
0.996	-0.0486679	-0.0749387	-0.00579837	0.80169	-0.597711	0.089167	0.595755	0.798201	-1.98956	9.48959	94.7717	
0.995392	-0.0526561	-0.0801389	-0.00820191	0.785921	-0.618272	0.0955386	0.616081	0.781868	-1.89039	10.1402	95.6201	
0.994742	-0.0567767	-0.0852296	-0.0107704	0.769628	-0.638401	0.101841	0.635963	0.764971	-1.78442	10.8124	96.4506	
0.994051	-0.0610266	-0.0902074	-0.0135019	0.752824	-0.658083	0.108071	0.655386	0.747522	-1.67172	11.5058	97.2626	
0.99332	-0.0654028	-0.0950685	-0.0163946	0.735521	-0.677304	0.114222	0.674338	0.729535	-1.55237	12.2197	98.0557	
0.992548	-0.0699022	-0.0998095	-0.0194463	0.717731	-0.696049	0.120292	0.692803	0.711023	-1.42646	12.9537	98.8291	
0.991737	-0.0745215	-0.104427	-0.0226548	0.699466	-0.714306	0.126274	0.71077	0.691998	-1.29408	13.7073	99.5824	
0.990886	-0.0792573	-0.108918	-0.0260178	0.680741	-0.732062	0.132166	0.728224	0.672475	-1.15532	14.4799	100.315	
0.989997	-0.0841064	-0.113278	-0.0295329	0.661568	-0.749303	0.137962	0.745153	0.652467	-1.01029	15.271	101.026	
0.98907	-0.089065	-0.117505	-0.0331976	0.641962	-0.766018	0.143659	0.761546	0.631989	-0.859085	16.0799	101.716	
