1	0	0	0	1	0	0	0	1	0	0	0	
0.999997	2.4423e-06	0.00229706	2.4423e-06	0.999998	-0.00212645	-0.00229706	0.00212645	0.999995	-0.00106268	0.000983752	0.925251	
0.999989	9.7885e-06	0.0045984	9.79057e-06	0.999991	-0.00425776	-0.0045984	0.00425776	0.99998	-0.00425271	0.00393726	1.85049	
0.999976	2.20676e-05	0.00690392	2.20759e-05	0.99998	-0.00639384	-0.00690392	0.00639384	0.999956	-0.00957399	0.00886497	2.77572	
0.999958	3.93081e-05	0.00921353	3.9329e-05	0.999964	-0.00853463	-0.00921353	0.00853463	0.999921	-0.0170303	0.0157713	3.70091	
0.999934	6.15379e-05	0.0115271	6.15797e-05	0.999943	-0.01068	-0.0115271	0.01068	0.999877	-0.0266255	0.0246605	4.62607	
0.999904	8.87842e-05	0.0138446	8.88575e-05	0.999918	-0.0128299	-0.0138446	0.0128299	0.999822	-0.0383632	0.0355368	5.55119	
0.999869	0.000121074	0.0161659	0.000121191	0.999888	-0.0149843	-0.0161659	0.0149843	0.999757	-0.0522469	0.0484044	6.47624	
0.999829	0.000158433	0.018491	0.000158609	0.999853	-0.0171431	-0.018491	0.0171431	0.999682	-0.0682801	0.0632674	7.40124	
0.999783	0.000200887	0.0208196	0.000201139	0.999814	-0.0193061	-0.0208196	0.0193061	0.999597	-0.0864662	0.0801298	8.32616	
0.999732	0.000248461	0.0231518	0.000248809	0.999769	-0.0214733	-0.0231518	0.0214733	0.999501	-0.106809	0.0989954	9.25099	
0.999675	0.000301179	0.0254874	0.000301644	0.99972	-0.0236446	-0.0254874	0.0236446	0.999395	-0.12931	0.119868	10.1757	
0.999613	0.000359065	0.0278264	0.00035967	0.999667	-0.02582	-0.0278264	0.02582	0.999279	-0.153975	0.142752	11.1004	
0.999545	0.000422143	0.0301686	0.000422914	0.999608	-0.0279993	-0.0301686	0.0279993	0.999153	-0.180805	0.16765	12.0249	
0.999471	0.000490434	0.032514	0.0004914	0.999544	-0.0301824	-0.032514	0.0301825	0.999015	-0.209803	0.194566	12.9493	
0.999392	0.000563962	0.0348624	0.000565153	0.999476	-0.0323694	-0.0348624	0.0323694	0.998868	-0.240974	0.223505	13.8736	
0.999307	0.000642746	0.0372138	0.000644195	0.999402	-0.03456	-0.0372138	0.0345601	0.99871	-0.274318	0.254468	14.7977	
0.999217	0.000726809	0.0395681	0.00072855	0.999324	-0.0367543	-0.0395681	0.0367543	0.998541	-0.309839	0.28746	15.7217	
0.99912	0.00081617	0.0419252	0.000818241	0.999241	-0.0389521	-0.0419251	0.0389521	0.998361	-0.34754	0.322484	16.6455	
0.999019	0.000910849	0.0442849	0.00091329	0.999152	-0.0411533	-0.0442849	0.0411533	0.998171	-0.387423	0.359543	17.5692	
0.998911	0.00101086	0.0466473	0.00101372	0.999059	-0.0433579	-0.0466472	0.0433579	0.99797	-0.429491	0.39864	18.4926	
0.998798	0.00111624	0.0490121	0.00111954	0.998961	-0.0455657	-0.0490121	0.0455658	0.997758	-0.473745	0.439778	19.4159	
0.998678	0.00122698	0.0513794	0.00123079	0.998857	-0.0477767	-0.0513793	0.0477768	0.997536	-0.520189	0.482961	20.339	
0.998554	0.00134311	0.053749	0.00134748	0.998749	-0.0499909	-0.0537489	0.049991	0.997302	-0.568824	0.528191	21.2619	
0.998423	0.00146466	0.0561208	0.00146962	0.998635	-0.052208	-0.0561207	0.0522082	0.997058	-0.619653	0.575471	22.1845	
0.998286	0.00159162	0.0584947	0.00159724	0.998516	-0.0544281	-0.0584946	0.0544283	0.996803	-0.672677	0.624804	23.1069	
0.998144	0.00172402	0.0608707	0.00173035	0.998393	-0.0566511	-0.0608705	0.0566513	0.996537	-0.727898	0.676192	24.0291	
0.997996	0.00186188	0.0632486	0.00186898	0.998264	-0.0588768	-0.0632484	0.058877	0.99626	-0.785319	0.729639	24.951	
0.997842	0.0020052	0.0656284	0.00201313	0.998129	-0.0611052	-0.0656282	0.0611054	0.995971	-0.844941	0.785146	25.8727	
0.997682	0.002154	0.06801	0.00216283	0.99799	-0.0633361	-0.0680097	0.0633364	0.995672	-0.906765	0.842716	26.7941	
0.997517	0.0023083	0.0703932	0.00231808	0.997845	-0.0655696	-0.0703928	0.0655699	0.995362	-0.970794	0.902352	27.7152	
0.997345	0.0024681	0.0727779	0.00247891	0.997695	-0.0678055	-0.0727776	0.0678059	0.995041	-1.03703	0.964055	28.636	
0.997168	0.00263342	0.0751642	0.00264533	0.99754	-0.0700437	-0.0751638	0.0700442	0.994708	-1.10547	1.02783	29.5565	
0.996984	0.00280427	0.0775518	0.00281735	0.99738	-0.0722842	-0.0775514	0.0722847	0.994364	-1.17612	1.09367	30.4767	
0.996795	0.00298066	0.0799408	0.00299498	0.997215	-0.0745269	-0.0799402	0.0745274	0.99401	-1.24898	1.16159	31.3966	
0.9966	0.00316259	0.0823309	0.00317824	0.997044	-0.0767716	-0.0823303	0.0767723	0.993644	-1.32405	1.23159	32.3161	
0.996399	0.00335009	0.0847222	0.00336713	0.996867	-0.0790183	-0.0847215	0.0790191	0.993266	-1.40133	1.30366	33.2353	
0.996192	0.00354315	0.0871144	0.00356168	0.996686	-0.081267	-0.0871137	0.0812678	0.992878	-1.48083	1.37781	34.1541	
0.995979	0.00374179	0.0895076	0.00376188	0.996499	-0.0835174	-0.0895068	0.0835183	0.992478	-1.56254	1.45405	35.0726	
0.99576	0.00394601	0.0919016	0.00396775	0.996307	-0.0857696	-0.0919007	0.0857706	0.992067	-1.64646	1.53237	35.9907	
0.995535	0.00415582	0.0942964	0.00417931	0.99611	-0.0880235	-0.0942954	0.0880246	0.991645	-1.7326	1.61277	36.9084	
0.995305	0.00437122	0.0966918	0.00439654	0.995907	-0.0902789	-0.0966907	0.0902801	0.991212	-1.82096	1.69526	37.8258	
0.995068	0.00459222	0.0990878	0.00461948	0.995699	-0.0925358	-0.0990865	0.0925371	0.990767	-1.91153	1.77983	38.7427	
0.994825	0.00481883	0.101484	0.00484811	0.995485	-0.0947941	-0.101483	0.0947955	0.990311	-2.00432	1.8665	39.6592	
0.994577	0.00505105	0.103881	0.00508246	0.995266	-0.0970537	-0.10388	0.0970553	0.989843	-2.09932	1.95525	40.5752	
0.994322	0.00528889	0.106278	0.00532251	0.995042	-0.0993145	-0.106276	0.0993163	0.989364	-2.19655	2.0461	41.4909	
0.994062	0.00553234	0.108675	0.00556829	0.994812	-0.101576	-0.108674	0.101578	0.988874	-2.29599	2.13904	42.4061	
0.993795	0.00578141	0.111073	0.0058198	0.994577	-0.103839	-0.111071	0.103842	0.988372	-2.39765	2.23407	43.3208	
0.993523	0.0060361	0.11347	0.00607703	0.994337	-0.106103	-0.113468	0.106106	0.98786	-2.50153	2.3312	44.2351	
0.993245	0.00629641	0.115868	0.00633999	0.994091	-0.108368	-0.115865	0.108371	0.987335	-2.60762	2.43042	45.1488	
0.99296	0.00656234	0.118265	0.0066087	0.993839	-0.110634	-0.118262	0.110637	0.9868	-2.71593	2.53174	46.0621	
0.99267	0.0068339	0.120662	0.00688313	0.993582	-0.1129	-0.120659	0.112903	0.986253	-2.82647	2.63516	46.9749	
0.992374	0.00711108	0.123058	0.00716331	0.99332	-0.115167	-0.123055	0.115171	0.985694	-2.93921	2.74067	47.8872	
0.992072	0.00739388	0.125454	0.00744923	0.993053	-0.117435	-0.125451	0.117438	0.985125	-3.05418	2.84828	48.7989	
0.991764	0.0076823	0.12785	0.00774089	0.99278	-0.119703	-0.127846	0.119707	0.984543	-3.17136	2.95799	49.7102	
0.99145	0.00797634	0.130245	0.0080383	0.992501	-0.121971	-0.130241	0.121975	0.983951	-3.29076	3.0698	50.6208	
0.99113	0.00827599	0.132639	0.00834144	0.992217	-0.12424	-0.132635	0.124244	0.983347	-3.41237	3.18371	51.531	
0.990804	0.00858125	0.135032	0.00865032	0.991928	-0.126509	-0.135028	0.126513	0.982732	-3.5362	3.29971	52.4405	
0.990472	0.00889212	0.137425	0.00896494	0.991633	-0.128778	-0.13742	0.128783	0.982105	-3.66224	3.41782	53.3495	
0.990135	0.00920858	0.139816	0.00928529	0.991333	-0.131047	-0.139811	0.131052	0.981467	-3.7905	3.53803	54.2579	
0.989791	0.00953065	0.142207	0.00961137	0.991027	-0.133316	-0.142201	0.133321	0.980818	-3.92096	3.66033	55.1657	
0.989442	0.0098583	0.144596	0.00994319	0.990716	-0.135584	-0.14459	0.135591	0.980158	-4.05364	3.78474	56.0729	
0.989577	0.00972995	0.143678	0.0103387	0.99034	-0.138274	-0.143635	0.138318	0.979917	-4.18698	3.91146	56.9797	
0.989711	0.00959917	0.14276	0.0107323	0.989956	-0.140968	-0.14268	0.14105	0.979667	-4.31944	4.0407	57.8862	
0.989844	0.00946596	0.141844	0.011124	0.989564	-0.143666	-0.141724	0.143785	0.979408	-4.45101	4.17247	58.7926	
0.989976	0.00933033	0.140929	0.0115136	0.989163	-0.146367	-0.140768	0.146523	0.97914	-4.5817	4.30677	59.6986	
0.990107	0.00919227	0.140015	0.0119012	0.988755	-0.149072	-0.139811	0.149264	0.978863	-4.7115	4.44361	60.6045	
0.990237	0.00905177	0.139102	0.0122866	0.988338	-0.15178	-0.138854	0.152007	0.978577	-4.84042	4.58299	61.51	
0.990366	0.00890884	0.138191	0.0126699	0.987913	-0.15449	-0.137897	0.154752	0.978282	-4.96845	4.7249	62.4153	
0.990494	0.00876348	0.13728	0.013051	0.98748	-0.157202	-0.136939	0.157499	0.977978	-5.0956	4.86936	63.3203	
0.99062	0.00861568	0.13637	0.0134298	0.987039	-0.159916	-0.13598	0.160248	0.977666	-5.22186	5.01636	64.2251	
0.990746	0.00846544	0.135462	0.0138062	0.98659	-0.162632	-0.135022	0.162997	0.977344	-5.34723	5.1659	65.1295	
0.990871	0.00831277	0.134554	0.0141803	0.986133	-0.165349	-0.134063	0.165747	0.977013	-5.47172	5.31799	66.0337	
0.990995	0.00815766	0.133647	0.0145519	0.985668	-0.168067	-0.133103	0.168498	0.976674	-5.59531	5.47262	66.9375	
0.991118	0.00800011	0.132742	0.0149211	0.985195	-0.170785	-0.132143	0.171249	0.976326	-5.71802	5.62979	67.841	
0.99124	0.00784012	0.131837	0.0152878	0.984715	-0.173503	-0.131182	0.173999	0.975969	-5.83985	5.78951	68.7442	
0.991361	0.00767768	0.130933	0.0156519	0.984226	-0.176222	-0.130221	0.176749	0.975604	-5.96078	5.95178	69.647	
0.991482	0.00751281	0.13003	0.0160134	0.98373	-0.178939	-0.129259	0.179497	0.97523	-6.08082	6.11659	70.5495	
0.994183	0.00336182	0.107651	0.0163798	0.983167	-0.181975	-0.10645	0.18268	0.977393	-6.18987	6.28415	71.4529	
0.996361	-0.000860992	0.0852278	0.0166752	0.982594	-0.185016	-0.0835851	0.185764	0.979033	-6.27779	6.45461	72.358	
0.998015	-0.00515338	0.0627732	0.0168995	0.982012	-0.188062	-0.0606749	0.18875	0.980149	-6.34453	6.62787	73.2645	
0.999142	-0.00951304	0.040299	0.0170525	0.98142	-0.191111	-0.0377323	0.191634	0.980741	-6.39006	6.80386	74.1717	
0.999744	-0.0139376	0.0178173	0.0171341	0.98082	-0.19416	-0.0147694	0.194416	0.980808	-6.41435	6.98246	75.0792	
0.999819	-0.0184248	-0.00465995	0.0171443	0.980212	-0.197209	0.00820128	0.197093	0.98035	-6.41739	7.16359	75.9865	
0.999368	-0.0229722	-0.0271207	0.0170831	0.979595	-0.200256	0.0311676	0.199666	0.979368	-6.39917	7.34715	76.8931	
0.998391	-0.0275772	-0.049553	0.0169505	0.97897	-0.203298	0.0541173	0.202131	0.977862	-6.35972	7.53304	77.7986	
0.996888	-0.0322376	-0.0719447	0.0167466	0.978338	-0.206336	0.077038	0.204489	0.975833	-6.29904	7.72116	78.7025	
0.994859	-0.0369507	-0.0942839	0.0164715	0.977699	-0.209366	0.0999175	0.206737	0.973281	-6.21717	7.91142	79.6043	
0.992307	-0.0417141	-0.116559	0.0161254	0.977053	-0.212387	0.122743	0.208874	0.970209	-6.11416	8.1037	80.5034	
0.989233	-0.0465252	-0.138757	0.0157084	0.9764	-0.215398	0.145504	0.210899	0.966618	-5.99005	8.2979	81.3995	
0.985638	-0.0513815	-0.160867	0.0152207	0.975741	-0.218397	0.168186	0.212812	0.962509	-5.84492	8.49393	82.292	
0.981524	-0.0562803	-0.182877	0.0146626	0.975077	-0.221383	0.190779	0.214611	0.957886	-5.67885	8.69168	83.1805	
0.976893	-0.061219	-0.204775	0.0140345	0.974407	-0.224353	0.213269	0.216295	0.95275	-5.49192	8.89104	84.0644	
0.971748	-0.066195	-0.22655	0.0133366	0.973732	-0.227307	0.235646	0.217863	0.947104	-5.28423	9.0919	84.9434	
0.966091	-0.0712056	-0.24819	0.0125693	0.973052	-0.230242	0.257896	0.219315	0.940952	-5.05589	9.29416	85.8169	
0.959926	-0.0762481	-0.269682	0.0117331	0.972368	-0.233157	0.280008	0.220649	0.934296	-4.80703	9.49771	86.6844	
0.953256	-0.0813199	-0.291016	0.0108283	0.97168	-0.236051	0.301971	0.221866	0.92714	-4.53778	9.70243	87.5456	
0.946084	-0.0864182	-0.312181	0.00985552	0.970989	-0.238922	0.323772	0.222963	0.919489	-4.24829	9.90823	88.4	
0.938414	-0.0915402	-0.333165	0.00881521	0.970294	-0.241768	0.345399	0.223942	0.911345	-3.9387	10.115	89.247	
0.930251	-0.0966834	-0.353956	0.00770794	0.969596	-0.244588	0.366842	0.2248	0.902714	-3.60918	10.3226	90.0863	
