1	0	0	0	1	0	0	0	1	0	0	0	
0.999993	-6.05876e-06	-0.00361609	-6.05876e-06	0.999994	-0.00335098	0.00361609	0.00335098	0.999988	0.00161537	0.00149695	0.893431	
0.999974	-2.42423e-05	-0.00723343	-2.42391e-05	0.999978	-0.00670225	0.00723343	0.00670225	0.999951	0.00646205	0.00598791	1.78684	
0.999941	-5.45605e-05	-0.0108519	-5.45477e-05	0.999949	-0.0100537	0.0108519	0.0100537	0.999891	0.0145411	0.0134731	2.68021	
0.999895	-9.70225e-05	-0.0144715	-9.69906e-05	0.99991	-0.0134053	0.0144715	0.0134053	0.999805	0.0258535	0.0239527	3.57351	
0.999836	-0.000151637	-0.018092	-0.000151574	0.99986	-0.0167568	0.018092	0.0167568	0.999696	0.0404002	0.0374266	4.46672	
0.999764	-0.000218413	-0.0217134	-0.000218302	0.999798	-0.0201083	0.0217134	0.0201083	0.999562	0.058182	0.0538949	5.35982	
0.999679	-0.000297359	-0.0253355	-0.00029718	0.999725	-0.0234596	0.0253355	0.0234596	0.999404	0.0791996	0.0733575	6.2528	
0.999581	-0.000388481	-0.0289583	-0.000388213	0.99964	-0.0268106	0.0289583	0.0268106	0.999221	0.103454	0.0958142	7.14562	
0.999469	-0.000491786	-0.0325817	-0.000491404	0.999545	-0.0301613	0.0325817	0.0301613	0.999014	0.130945	0.121265	8.03827	
0.999344	-0.000607283	-0.0362055	-0.000606757	0.999438	-0.0335115	0.0362055	0.0335115	0.998782	0.161673	0.149708	8.93072	
0.999206	-0.000734976	-0.0398296	-0.000734274	0.99932	-0.0368612	0.0398296	0.0368612	0.998526	0.195639	0.181145	9.82295	
0.999055	-0.000874871	-0.0434541	-0.000873959	0.999191	-0.0402102	0.0434541	0.0402102	0.998246	0.232844	0.215574	10.7149	
0.998891	-0.00102697	-0.0470786	-0.00102581	0.99905	-0.0435585	0.0470787	0.0435585	0.997941	0.273286	0.252995	11.6067	
0.998713	-0.00119129	-0.0507033	-0.00118984	0.998899	-0.0469059	0.0507033	0.0469059	0.997612	0.316967	0.293407	12.4981	
0.998522	-0.00136782	-0.0543279	-0.00136604	0.998736	-0.0502525	0.0543279	0.0502524	0.997258	0.363887	0.33681	13.3893	
0.998318	-0.00155658	-0.0579523	-0.00155441	0.998561	-0.053598	0.0579524	0.0535979	0.99688	0.414044	0.383202	14.2801	
0.998101	-0.00175756	-0.0615766	-0.00175495	0.998376	-0.0569424	0.0615766	0.0569424	0.996477	0.46744	0.432582	15.1706	
0.99787	-0.00197076	-0.0652004	-0.00196767	0.998179	-0.0602857	0.0652005	0.0602856	0.996049	0.524074	0.48495	16.0607	
0.997626	-0.0021962	-0.0688239	-0.00219256	0.997971	-0.0636276	0.068824	0.0636275	0.995598	0.583945	0.540304	16.9504	
0.997369	-0.00243387	-0.0724468	-0.00242962	0.997752	-0.0669682	0.0724469	0.066968	0.995121	0.647053	0.598643	17.8397	
0.997099	-0.00268377	-0.076069	-0.00267886	0.997522	-0.0703073	0.0760692	0.0703071	0.994621	0.713398	0.659967	18.7285	
0.996815	-0.00294591	-0.0796905	-0.00294026	0.99728	-0.0736449	0.0796907	0.0736446	0.994095	0.782979	0.724272	19.6169	
0.996518	-0.00322029	-0.0833112	-0.00321383	0.997027	-0.0769807	0.0833115	0.0769805	0.993546	0.855795	0.791559	20.5048	
0.996208	-0.00350691	-0.0869309	-0.00349956	0.996763	-0.0803149	0.0869312	0.0803146	0.992972	0.931845	0.861826	21.3922	
0.995885	-0.00380576	-0.0905496	-0.00379746	0.996488	-0.0836472	0.09055	0.0836468	0.992373	1.01113	0.93507	22.2791	
0.995548	-0.00411685	-0.0941672	-0.00410751	0.996202	-0.0869776	0.0941676	0.0869772	0.99175	1.09365	1.01129	23.1655	
0.995198	-0.00444018	-0.0977835	-0.00442972	0.995904	-0.090306	0.097784	0.0903055	0.991102	1.17939	1.09049	24.0512	
0.994834	-0.00477574	-0.101398	-0.00476407	0.995595	-0.0936322	0.101399	0.0936317	0.99043	1.26837	1.17265	24.9364	
0.994458	-0.00512354	-0.105012	-0.00511057	0.995276	-0.0969563	0.105013	0.0969556	0.989733	1.36058	1.25779	25.821	
0.994068	-0.00548356	-0.108624	-0.00546921	0.994944	-0.100278	0.108625	0.100277	0.989012	1.45602	1.3459	26.7049	
0.993665	-0.00585582	-0.112234	-0.00583998	0.994602	-0.103598	0.112235	0.103597	0.988267	1.55468	1.43698	27.5882	
0.993248	-0.00624031	-0.115843	-0.00622289	0.994249	-0.106914	0.115844	0.106913	0.987497	1.65657	1.53101	28.4708	
0.992818	-0.00663702	-0.11945	-0.00661791	0.993884	-0.110229	0.119451	0.110228	0.986702	1.76168	1.62801	29.3527	
0.992375	-0.00704594	-0.123055	-0.00702505	0.993509	-0.113541	0.123056	0.113539	0.985883	1.87001	1.72798	30.2339	
0.991918	-0.00746709	-0.126657	-0.0074443	0.993122	-0.11685	0.126659	0.116848	0.98504	1.98156	1.83089	31.1144	
0.991449	-0.00790045	-0.130258	-0.00787564	0.992724	-0.120156	0.13026	0.120154	0.984172	2.09633	1.93677	31.9941	
0.990966	-0.00834601	-0.133857	-0.00831908	0.992315	-0.123459	0.133858	0.123457	0.98328	2.21432	2.04559	32.873	
0.990469	-0.00880377	-0.137453	-0.0087746	0.991895	-0.126759	0.137455	0.126757	0.982364	2.33552	2.15737	33.7511	
0.98996	-0.00927373	-0.141046	-0.0092422	0.991464	-0.130056	0.141048	0.130054	0.981423	2.45993	2.27209	34.6283	
0.989437	-0.00975588	-0.144638	-0.00972186	0.991021	-0.13335	0.14464	0.133348	0.980458	2.58755	2.38976	35.5047	
0.9889	-0.0102502	-0.148226	-0.0102136	0.990568	-0.136641	0.148229	0.136638	0.979468	2.71838	2.51036	36.3803	
0.988351	-0.0107567	-0.151812	-0.0107173	0.990104	-0.139928	0.151815	0.139925	0.978455	2.85242	2.63391	37.2549	
0.987788	-0.0112754	-0.155395	-0.0112331	0.989628	-0.143212	0.155398	0.143209	0.977416	2.98965	2.76039	38.1286	
0.987212	-0.0118062	-0.158975	-0.011761	0.989142	-0.146492	0.158978	0.146489	0.976354	3.13009	2.8898	39.0014	
0.986623	-0.0123492	-0.162552	-0.0123008	0.988644	-0.149769	0.162556	0.149765	0.975267	3.27373	3.02215	39.8732	
0.98602	-0.0129043	-0.166126	-0.0128527	0.988136	-0.153042	0.16613	0.153038	0.974156	3.42056	3.15741	40.7441	
0.985404	-0.0134716	-0.169697	-0.0134165	0.987617	-0.156311	0.169701	0.156306	0.973021	3.57058	3.2956	41.6139	
0.984775	-0.014051	-0.173264	-0.0139923	0.987086	-0.159576	0.173269	0.159571	0.971862	3.72379	3.43671	42.4827	
0.984133	-0.0146425	-0.176828	-0.0145801	0.986545	-0.162838	0.176833	0.162832	0.970678	3.88018	3.58073	43.3505	
0.983477	-0.0152461	-0.180388	-0.0151798	0.985993	-0.166095	0.180394	0.166089	0.96947	4.03976	3.72767	44.2172	
0.982809	-0.0158618	-0.183945	-0.0157915	0.98543	-0.169348	0.183951	0.169341	0.968238	4.20252	3.87751	45.0828	
0.982127	-0.0164896	-0.187498	-0.016415	0.984856	-0.172597	0.187505	0.17259	0.966982	4.36846	4.03026	45.9473	
0.981431	-0.0171295	-0.191048	-0.0170505	0.984271	-0.175841	0.191055	0.175833	0.965702	4.53757	4.18591	46.8107	
0.980723	-0.0177814	-0.194593	-0.0176979	0.983675	-0.179081	0.194601	0.179073	0.964398	4.70985	4.34445	47.6729	
0.980001	-0.0184454	-0.198134	-0.0183572	0.983068	-0.182317	0.198143	0.182308	0.96307	4.88529	4.50588	48.5339	
0.979267	-0.0191214	-0.201672	-0.0190284	0.982451	-0.185548	0.20168	0.185538	0.961718	5.0639	4.67021	49.3937	
0.978519	-0.0198095	-0.205205	-0.0197113	0.981823	-0.188774	0.205214	0.188764	0.960341	5.24567	4.83741	50.2524	
0.977757	-0.0205095	-0.208734	-0.0204062	0.981184	-0.191995	0.208744	0.191984	0.958941	5.43059	5.0075	51.1097	
0.976983	-0.0212216	-0.212258	-0.0211128	0.980534	-0.195212	0.212269	0.1952	0.957517	5.61867	5.18046	51.9659	
0.97561	-0.0224825	-0.218358	-0.0222385	0.9795	-0.200212	0.218383	0.200184	0.95511	5.81105	5.35709	52.8203	
0.974197	-0.0237753	-0.224442	-0.0233964	0.978441	-0.205199	0.224482	0.205156	0.952638	6.00888	5.53816	53.6725	
0.972746	-0.0250997	-0.230511	-0.0245863	0.977355	-0.210175	0.230566	0.210114	0.950101	6.21216	5.72367	54.5225	
0.971256	-0.0264558	-0.236563	-0.0258081	0.976243	-0.215137	0.236634	0.215059	0.947499	6.42087	5.91361	55.3702	
0.969727	-0.0278434	-0.242599	-0.0270618	0.975105	-0.220087	0.242687	0.219989	0.944832	6.63499	6.10795	56.2155	
0.96816	-0.0292624	-0.248617	-0.0283473	0.973941	-0.225023	0.248723	0.224906	0.942101	6.85451	6.30669	57.0585	
0.966554	-0.0307128	-0.254618	-0.0296644	0.972751	-0.229945	0.254743	0.229807	0.939306	7.07942	6.50982	57.8989	
0.964909	-0.0321945	-0.260602	-0.0310132	0.971536	-0.234853	0.260745	0.234694	0.936446	7.3097	6.71732	58.7368	
0.963227	-0.0337073	-0.266567	-0.0323934	0.970295	-0.239746	0.26673	0.239565	0.933522	7.54533	6.92919	59.5722	
0.961506	-0.0352513	-0.272513	-0.0338051	0.969028	-0.244624	0.272696	0.24442	0.930535	7.78631	7.14539	60.4049	
0.959747	-0.0368262	-0.278441	-0.035248	0.967736	-0.249487	0.278645	0.249259	0.927484	8.0326	7.36593	61.2349	
0.95795	-0.038432	-0.284349	-0.0367222	0.966419	-0.254334	0.284574	0.254081	0.92437	8.2842	7.59078	62.0622	
0.956116	-0.0400686	-0.290237	-0.0382274	0.965076	-0.259165	0.290485	0.258886	0.921193	8.54109	7.81993	62.8866	
0.954243	-0.0417359	-0.296105	-0.0397636	0.963708	-0.263979	0.296376	0.263674	0.917953	8.80325	8.05337	63.7082	
0.952333	-0.0434338	-0.301952	-0.0413306	0.962316	-0.268776	0.302247	0.268444	0.91465	9.07067	8.29108	64.5269	
0.950386	-0.0451622	-0.307779	-0.0429284	0.960898	-0.273556	0.308098	0.273196	0.911284	9.34332	8.53304	65.3426	
0.948401	-0.0469209	-0.313584	-0.0445568	0.959455	-0.278319	0.313928	0.27793	0.907857	9.6212	8.77924	66.1552	
0.946378	-0.0487098	-0.319367	-0.0462158	0.957987	-0.283063	0.319738	0.282644	0.904367	9.90427	9.02966	66.9648	
0.944319	-0.0505289	-0.325128	-0.047905	0.956495	-0.287789	0.325525	0.28734	0.900816	10.1925	9.28428	67.7712	
0.942223	-0.0523781	-0.330867	-0.0496246	0.954978	-0.292496	0.331291	0.292015	0.897203	10.4859	9.54309	68.5744	
0.940089	-0.0542571	-0.336583	-0.0513742	0.953437	-0.297184	0.337035	0.296671	0.893529	10.7845	9.80607	69.3743	
0.933767	-0.0597917	-0.352852	-0.0557903	0.949572	-0.308547	0.353507	0.307797	0.883342	11.093	10.0761	70.1681	
0.927144	-0.0655287	-0.368931	-0.0604159	0.945565	-0.319777	0.369803	0.318769	0.872715	11.4161	10.356	70.9526	
0.920224	-0.0714651	-0.384811	-0.0652488	0.941418	-0.330869	0.385914	0.329582	0.861653	11.7537	10.6457	71.7274	
0.913012	-0.0775981	-0.400485	-0.0702864	0.937135	-0.341816	0.401833	0.340231	0.850161	12.1056	10.9449	72.4922	
0.905509	-0.0839244	-0.415945	-0.0755265	0.932716	-0.352613	0.417551	0.350709	0.838245	12.4717	11.2536	73.2464	
0.897721	-0.0904411	-0.431182	-0.0809662	0.928165	-0.363256	0.433061	0.361013	0.82591	12.8517	11.5715	73.9899	
0.88965	-0.0971448	-0.44619	-0.0866029	0.923483	-0.373738	0.448355	0.371137	0.813164	13.2454	11.8986	74.7221	
0.881302	-0.104032	-0.46096	-0.0924338	0.918672	-0.384054	0.463425	0.381076	0.800011	13.6528	12.2346	75.4428	
0.87268	-0.1111	-0.475486	-0.098456	0.913736	-0.3942	0.478264	0.390824	0.78646	14.0734	12.5795	76.1515	
0.863788	-0.118344	-0.48976	-0.104666	0.908676	-0.404169	0.492865	0.400378	0.772516	14.5073	12.9329	76.8479	
0.854631	-0.125762	-0.503776	-0.111062	0.903495	-0.413958	0.507219	0.409732	0.758187	14.9541	13.2948	77.5318	
0.845213	-0.133349	-0.517526	-0.11764	0.898196	-0.423562	0.521321	0.418881	0.74348	15.4135	13.665	78.2026	
0.83554	-0.141101	-0.531002	-0.124396	0.892781	-0.432974	0.535162	0.427822	0.728402	15.8855	14.0432	78.8602	
0.825615	-0.149016	-0.5442	-0.131327	0.887254	-0.442192	0.548737	0.436549	0.712961	16.3697	14.4294	79.5041	
0.815445	-0.157088	-0.557111	-0.138431	0.881616	-0.45121	0.562038	0.445058	0.697163	16.8659	14.8232	80.134	
0.805033	-0.165314	-0.56973	-0.145703	0.87587	-0.460023	0.575058	0.453346	0.681018	17.3739	15.2246	80.7497	
0.794386	-0.17369	-0.58205	-0.153139	0.870021	-0.468628	0.587792	0.461407	0.664534	17.8934	15.6332	81.3508	
0.783508	-0.182211	-0.594065	-0.160737	0.864069	-0.47702	0.600232	0.469238	0.647717	18.4241	16.049	81.937	
0.772406	-0.190873	-0.60577	-0.168491	0.858019	-0.485195	0.612373	0.476834	0.630578	18.9659	16.4716	82.5081	
