1	0	0	0	1	0	0	0	1	0	0	0	
1	1.77851e-06	-0.000996863	1.77851e-06	0.999994	0.00356819	0.000996863	-0.00356819	0.999993	0.000454127	-0.00162551	0.911109	
0.999998	7.11696e-06	-0.00199377	7.12198e-06	0.999974	0.0071416	0.00199377	-0.0071416	0.999973	0.00181653	-0.00650442	1.82221	
0.999996	1.60207e-05	-0.0029907	1.60408e-05	0.999943	0.0107201	0.0029907	-0.0107201	0.999938	0.00408724	-0.0146414	2.73328	
0.999992	2.84947e-05	-0.00398759	2.85451e-05	0.999898	0.0143036	0.00398759	-0.0143036	0.99989	0.00726623	-0.0260411	3.64431	
0.999988	4.45436e-05	-0.00498441	4.46445e-05	0.99984	0.0178919	0.00498441	-0.0178919	0.999828	0.0113535	-0.0407079	4.55529	
0.999982	6.41714e-05	-0.00598113	6.43483e-05	0.999769	0.0214849	0.00598112	-0.0214849	0.999751	0.0163489	-0.0586462	5.46621	
0.999976	8.7382e-05	-0.0069777	8.76653e-05	0.999685	0.0250825	0.00697769	-0.0250825	0.999661	0.0222524	-0.0798603	6.37706	
0.999968	0.000114179	-0.00797408	0.000114604	0.999589	0.0286845	0.00797407	-0.0286845	0.999557	0.0290637	-0.104354	7.28781	
0.99996	0.000144565	-0.00897024	0.000145173	0.999479	0.0322909	0.00897023	-0.0322909	0.999438	0.0367828	-0.132132	8.19847	
0.99995	0.000178542	-0.00996614	0.00017938	0.999355	0.0359014	0.00996612	-0.0359014	0.999306	0.0454094	-0.163197	9.10901	
0.99994	0.000216114	-0.0109617	0.000217232	0.999219	0.039516	0.0109617	-0.039516	0.999159	0.0549432	-0.197554	10.0194	
0.999928	0.000257281	-0.011957	0.000258737	0.999069	0.0431346	0.011957	-0.0431346	0.998998	0.0653839	-0.235206	10.9297	
0.999916	0.000302046	-0.0129519	0.000303901	0.998906	0.046757	0.0129518	-0.046757	0.998822	0.0767313	-0.276157	11.8398	
0.999903	0.000350409	-0.0139464	0.00035273	0.99873	0.0503831	0.0139463	-0.0503831	0.998633	0.0889849	-0.32041	12.7498	
0.999888	0.000402371	-0.0149404	0.000405231	0.99854	0.0540127	0.0149403	-0.0540127	0.998428	0.102144	-0.367968	13.6595	
0.999873	0.000457932	-0.0159339	0.000461409	0.998337	0.0576457	0.0159338	-0.0576457	0.99821	0.116209	-0.418834	14.5691	
0.999857	0.000517093	-0.0169269	0.000521269	0.99812	0.0612821	0.0169268	-0.0612821	0.997977	0.131179	-0.473013	15.4785	
0.999839	0.000579852	-0.0179193	0.000584817	0.99789	0.0649216	0.0179192	-0.0649216	0.997729	0.147053	-0.530506	16.3877	
0.999821	0.00064621	-0.0189112	0.000652057	0.997646	0.0685641	0.018911	-0.0685642	0.997467	0.163832	-0.591316	17.2966	
0.999802	0.000716164	-0.0199024	0.000722992	0.997389	0.0722096	0.0199021	-0.0722097	0.997191	0.181513	-0.655446	18.2053	
0.999781	0.000789713	-0.0208929	0.000797627	0.997118	0.0758579	0.0208926	-0.075858	0.9969	0.200097	-0.722899	19.1137	
0.99976	0.000866856	-0.0218827	0.000875966	0.996834	0.0795088	0.0218823	-0.0795089	0.996594	0.219584	-0.793678	20.0218	
0.999738	0.00094759	-0.0228718	0.000958011	0.996536	0.0831622	0.0228713	-0.0831624	0.996274	0.239972	-0.867784	20.9297	
0.999715	0.00103191	-0.02386	0.00104377	0.996224	0.0868181	0.0238595	-0.0868182	0.995938	0.26126	-0.945219	21.8372	
0.999691	0.00111982	-0.0248475	0.00113323	0.995898	0.0904762	0.0248469	-0.0904764	0.995589	0.283449	-1.02599	22.7445	
0.999666	0.00121131	-0.0258341	0.00122641	0.995559	0.0941365	0.0258334	-0.0941367	0.995224	0.306536	-1.11009	23.6514	
0.999639	0.00130638	-0.0268198	0.00132331	0.995205	0.0977987	0.026819	-0.097799	0.994845	0.330522	-1.19753	24.558	
0.999612	0.00140502	-0.0278046	0.00142392	0.994838	0.101463	0.0278036	-0.101463	0.994451	0.355406	-1.2883	25.4643	
0.999584	0.00150723	-0.0287884	0.00152825	0.994457	0.105129	0.0287873	-0.105129	0.994042	0.381186	-1.38242	26.3701	
0.999555	0.00161301	-0.0297712	0.00163629	0.994063	0.108796	0.0297699	-0.108797	0.993618	0.407863	-1.47987	27.2756	
0.999526	0.00172235	-0.030753	0.00174806	0.993654	0.112465	0.0307515	-0.112466	0.99318	0.435433	-1.58067	28.1807	
0.999495	0.00183524	-0.0317337	0.00186354	0.993232	0.116136	0.031732	-0.116136	0.992726	0.463898	-1.68481	29.0854	
0.999463	0.00195168	-0.0327133	0.00198275	0.992795	0.119807	0.0327114	-0.119808	0.992258	0.493256	-1.79229	29.9897	
0.99943	0.00207166	-0.0336917	0.00210567	0.992345	0.12348	0.0336896	-0.123481	0.991775	0.523505	-1.90313	30.8935	
0.999396	0.00219517	-0.034669	0.0022323	0.99188	0.127154	0.0346666	-0.127155	0.991277	0.554645	-2.01731	31.7969	
0.999362	0.00232222	-0.0356451	0.00236265	0.991402	0.130829	0.0356424	-0.130829	0.990764	0.586675	-2.13483	32.6998	
0.999326	0.00245279	-0.0366199	0.00249672	0.99091	0.134504	0.0366169	-0.134505	0.990236	0.619593	-2.25571	33.6023	
0.99929	0.00258687	-0.0375935	0.00263449	0.990404	0.13818	0.0375902	-0.138181	0.989693	0.653399	-2.37993	34.5043	
0.999252	0.00272446	-0.0385657	0.00277597	0.989883	0.141856	0.038562	-0.141857	0.989136	0.68809	-2.5075	35.4057	
0.999214	0.00286555	-0.0395366	0.00292116	0.989349	0.145533	0.0395325	-0.145534	0.988563	0.723667	-2.63843	36.3067	
0.999175	0.00301012	-0.0405061	0.00307005	0.988801	0.14921	0.0405016	-0.149212	0.987975	0.760127	-2.7727	37.2071	
0.999135	0.00315818	-0.0414742	0.00322264	0.988238	0.152887	0.0414692	-0.152889	0.987373	0.797469	-2.91032	38.107	
0.999093	0.00330971	-0.0424408	0.00337892	0.987662	0.156565	0.0424354	-0.156566	0.986755	0.835692	-3.0513	39.0063	
0.999052	0.00346469	-0.043406	0.0035389	0.987072	0.160241	0.0434	-0.160243	0.986123	0.874795	-3.19562	39.9051	
0.999009	0.00362314	-0.0443697	0.00370256	0.986467	0.163918	0.0443631	-0.16392	0.985476	0.914776	-3.3433	40.8032	
0.998965	0.00378502	-0.0453318	0.0038699	0.985848	0.167594	0.0453246	-0.167596	0.984813	0.955634	-3.49432	41.7008	
0.99892	0.00395034	-0.0462923	0.00404092	0.985216	0.17127	0.0462845	-0.171272	0.984136	0.997367	-3.64869	42.5978	
0.998875	0.00411907	-0.0472513	0.00421561	0.984569	0.174945	0.0472428	-0.174947	0.983444	1.03997	-3.80642	43.4941	
0.998828	0.00429122	-0.0482086	0.00439397	0.983908	0.178619	0.0481993	-0.178622	0.982737	1.08345	-3.96749	44.3898	
0.998781	0.00446676	-0.0491642	0.00457598	0.983234	0.182293	0.0491541	-0.182295	0.982014	1.1278	-4.1319	45.2849	
0.998732	0.00464569	-0.0501181	0.00476164	0.982545	0.185965	0.0501072	-0.185968	0.981277	1.17302	-4.29967	46.1793	
0.998683	0.00482799	-0.0510703	0.00495095	0.981842	0.189636	0.0510585	-0.189639	0.980525	1.21911	-4.47078	47.073	
0.998633	0.00501366	-0.0520207	0.0051439	0.981125	0.193306	0.0520079	-0.193309	0.979758	1.26606	-4.64523	47.966	
0.998583	0.00520267	-0.0529693	0.00534048	0.980394	0.196974	0.0529556	-0.196978	0.978977	1.31388	-4.82303	48.8583	
0.998531	0.00539502	-0.053916	0.00554069	0.979649	0.200641	0.0539013	-0.200645	0.97818	1.36256	-5.00417	49.7499	
0.998478	0.00559069	-0.054861	0.0057445	0.97889	0.204306	0.0548451	-0.204311	0.977369	1.4121	-5.18865	50.6408	
0.998425	0.00578968	-0.055804	0.00595193	0.978117	0.20797	0.0557869	-0.207974	0.976542	1.4625	-5.37647	51.5309	
0.998371	0.00599195	-0.0567451	0.00616295	0.97733	0.211631	0.0567268	-0.211636	0.975701	1.51375	-5.56763	52.4203	
0.998316	0.00619751	-0.0576842	0.00637756	0.976529	0.215291	0.0576646	-0.215296	0.974845	1.56586	-5.76212	53.3088	
0.99826	0.00640634	-0.0586214	0.00659575	0.975714	0.218948	0.0586004	-0.218953	0.973974	1.61883	-5.95994	54.1966	
0.998389	0.00590739	-0.0564259	0.00686533	0.974676	0.223515	0.0563174	-0.223543	0.973066	1.67118	-6.16152	55.0836	
0.998514	0.00539825	-0.0542333	0.00712459	0.973615	0.228085	0.0540336	-0.228133	0.97213	1.72145	-6.36729	55.9698	
0.998633	0.00487894	-0.0520435	0.00737348	0.972531	0.232658	0.051749	-0.232723	0.971165	1.76964	-6.57723	56.855	
0.998747	0.00434944	-0.0498566	0.00761194	0.971423	0.237231	0.0494637	-0.237314	0.970173	1.81575	-6.79136	57.7394	
0.998856	0.00380975	-0.0476725	0.0078399	0.970293	0.241806	0.0471775	-0.241903	0.969153	1.85978	-7.00967	58.6229	
0.998959	0.00325987	-0.0454914	0.00805732	0.96914	0.246381	0.0448907	-0.246491	0.968105	1.90172	-7.23216	59.5054	
0.999058	0.0026998	-0.0433132	0.00826415	0.967963	0.250955	0.0426031	-0.251077	0.967029	1.94158	-7.45883	60.387	
0.999151	0.00212953	-0.0411379	0.00846035	0.966764	0.255529	0.0403148	-0.25566	0.965926	1.97935	-7.68968	61.2676	
0.999239	0.00154906	-0.0389655	0.00864588	0.965543	0.260102	0.0380258	-0.260241	0.964795	2.01504	-7.9247	62.1471	
0.999322	0.000958395	-0.0367961	0.00882069	0.964298	0.264672	0.0357361	-0.264817	0.963636	2.04864	-8.1639	63.0256	
0.9994	0.000357526	-0.0346297	0.00898475	0.963031	0.269239	0.0334457	-0.269389	0.96245	2.08016	-8.40726	63.9031	
0.999473	-0.000253546	-0.0324662	0.00913803	0.961742	0.273804	0.0311547	-0.273956	0.961237	2.10959	-8.65478	64.7794	
0.99954	-0.000874821	-0.0303057	0.00928051	0.960431	0.278365	0.028863	-0.278518	0.959997	2.13693	-8.90647	65.6547	
0.999603	-0.0015063	-0.0281482	0.00941214	0.959097	0.282921	0.0265707	-0.283073	0.95873	2.16218	-9.1623	66.5287	
0.99966	-0.00214798	-0.0259937	0.00953292	0.957741	0.287472	0.0242777	-0.287622	0.957436	2.18535	-9.42229	67.4017	
0.999712	-0.00279987	-0.0238422	0.00964283	0.956364	0.292018	0.0219842	-0.292164	0.956115	2.20642	-9.68641	68.2734	
0.999759	-0.00346196	-0.0216937	0.00974184	0.954965	0.296558	0.01969	-0.296698	0.954768	2.22541	-9.95467	69.1439	
0.9998	-0.00413425	-0.0195481	0.00982994	0.953545	0.301092	0.0173952	-0.301224	0.953395	2.2423	-10.2271	70.0132	
0.999837	-0.00481675	-0.0174057	0.00990713	0.952103	0.305618	0.0150999	-0.30574	0.951995	2.2571	-10.5036	70.8812	
0.999928	-0.0115356	0.00328245	0.00993545	0.950016	0.312044	-0.006718	-0.311989	0.950062	2.26092	-10.785	71.7477	
0.999545	-0.0183886	0.0239231	0.00981635	0.947887	0.318456	-0.0285324	-0.318076	0.947636	2.24486	-11.072	72.6123	
0.998687	-0.0253723	0.0445057	0.0095499	0.945717	0.32485	-0.050332	-0.323998	0.944718	2.20893	-11.3645	73.4744	
0.997355	-0.0324829	0.0650195	0.00913622	0.943509	0.331222	-0.0721055	-0.329752	0.94131	2.15316	-11.6624	74.3336	
0.99555	-0.0397169	0.0854538	0.00857554	0.941262	0.337569	-0.0938416	-0.335334	0.937414	2.07755	-11.9654	75.1895	
0.993273	-0.0470704	0.105798	0.00786815	0.938977	0.343889	-0.115529	-0.340743	0.933031	1.98217	-12.2734	76.0416	
0.990525	-0.0545396	0.126042	0.00701441	0.936657	0.350177	-0.137156	-0.345975	0.928164	1.86705	-12.5862	76.8896	
0.987306	-0.0621207	0.146174	0.00601477	0.934302	0.356431	-0.158713	-0.351028	0.922816	1.73226	-12.9038	77.7328	
0.98362	-0.0698097	0.166185	0.00486974	0.931914	0.362647	-0.180187	-0.355898	0.916989	1.57787	-13.2258	78.571	
0.979468	-0.0776027	0.186064	0.00357992	0.929493	0.368822	-0.201567	-0.360584	0.910687	1.40395	-13.5522	79.4036	
0.974852	-0.0854955	0.205801	0.00214598	0.927041	0.374953	-0.222843	-0.365082	0.903911	1.2106	-13.8828	80.2303	
0.969774	-0.0934842	0.225386	0.000568659	0.92456	0.381037	-0.244003	-0.369392	0.896667	0.997916	-14.2174	81.0506	
0.964238	-0.101564	0.244807	-0.00115122	0.92205	0.38707	-0.265037	-0.373509	0.888958	0.76601	-14.5559	81.8641	
0.958245	-0.109732	0.264056	-0.00301276	0.919512	0.393049	-0.285933	-0.377433	0.880787	0.515001	-14.898	82.6704	
0.951799	-0.117983	0.283123	-0.00501501	0.916949	0.398972	-0.306681	-0.381161	0.87216	0.245021	-15.2436	83.469	
0.944904	-0.126313	0.301996	-0.00715692	0.914362	0.404835	-0.32727	-0.384691	0.86308	-0.0437915	-15.5925	84.2595	
0.937563	-0.134718	0.320668	-0.00943738	0.911751	0.410635	-0.347689	-0.388022	0.853552	-0.351286	-15.9445	85.0415	
0.929779	-0.143193	0.339127	-0.0118552	0.909119	0.416369	-0.367927	-0.391151	0.843582	-0.677303	-16.2995	85.8147	
0.921557	-0.151733	0.357364	-0.0144092	0.906466	0.422034	-0.387975	-0.394078	0.833174	-1.02167	-16.6572	86.5786	
0.912902	-0.160335	0.375371	-0.0170979	0.903793	0.427627	-0.407821	-0.3968	0.822333	-1.38422	-17.0175	87.3328	
