1	0	0	0	1	0	0	0	1	0	0	0	
0.999992	6.54781e-06	0.00410545	6.54781e-06	0.999995	-0.00318979	-0.00410545	0.00318979	0.999986	-0.00199364	0.00154898	0.971208	
0.999966	2.61974e-05	0.00821239	2.61897e-05	0.99998	-0.00637885	-0.00821239	0.00637885	0.999946	-0.00797527	0.00619558	1.94239	
0.999924	5.89555e-05	0.0123207	5.89247e-05	0.999954	-0.00956709	-0.0123207	0.00956709	0.999878	-0.0179463	0.013939	2.91352	
0.999865	0.000104828	0.0164302	0.000104751	0.999919	-0.0127544	-0.0164302	0.0127544	0.999784	-0.0319079	0.0247785	3.88457	
0.999789	0.000163821	0.0205408	0.000163667	0.999873	-0.0159407	-0.0205408	0.0159407	0.999662	-0.0498613	0.038713	4.85551	
0.999696	0.00023594	0.0246523	0.00023567	0.999817	-0.0191258	-0.0246523	0.0191258	0.999513	-0.0718074	0.0557415	5.82633	
0.999586	0.000321187	0.0287647	0.000320755	0.999751	-0.0223097	-0.0287647	0.0223097	0.999337	-0.097747	0.0758629	6.79698	
0.999459	0.000419568	0.0328777	0.00041892	0.999675	-0.0254922	-0.0328777	0.0254922	0.999134	-0.127681	0.0990758	7.76746	
0.999315	0.000531084	0.0369913	0.000530158	0.999589	-0.0286733	-0.0369913	0.0286733	0.998904	-0.16161	0.125379	8.73772	
0.999155	0.000655738	0.0411053	0.000654466	0.999492	-0.0318528	-0.0411053	0.0318528	0.998647	-0.199534	0.154771	9.70774	
0.998977	0.000793532	0.0452195	0.000791836	0.999386	-0.0350307	-0.0452196	0.0350306	0.998363	-0.241454	0.18725	10.6775	
0.998782	0.000944467	0.0493339	0.000942261	0.999269	-0.0382068	-0.049334	0.0382067	0.998051	-0.28737	0.222814	11.647	
0.99857	0.00110854	0.0534484	0.00110574	0.999143	-0.041381	-0.0534484	0.041381	0.997713	-0.337282	0.261463	12.6161	
0.998341	0.00128576	0.0575627	0.00128225	0.999006	-0.0445533	-0.0575627	0.0445532	0.997347	-0.39119	0.303193	13.5849	
0.998095	0.00147612	0.0616767	0.0014718	0.998859	-0.0477235	-0.0616768	0.0477234	0.996955	-0.449093	0.348003	14.5534	
0.997832	0.00167961	0.0657903	0.00167437	0.998703	-0.0508915	-0.0657905	0.0508914	0.996535	-0.510992	0.395891	15.5214	
0.997552	0.00189624	0.0699034	0.00188995	0.998536	-0.0540573	-0.0699036	0.0540571	0.996088	-0.576886	0.446855	16.4891	
0.997255	0.00212601	0.0740159	0.00211854	0.998359	-0.0572207	-0.0740161	0.0572204	0.995614	-0.646775	0.500892	17.4563	
0.996941	0.0023689	0.0781275	0.00236011	0.998173	-0.0603816	-0.0781278	0.0603813	0.995113	-0.720657	0.558	18.423	
0.996609	0.00262492	0.0822383	0.00261467	0.997976	-0.0635399	-0.0822386	0.0635395	0.994585	-0.798532	0.618177	19.3892	
0.996261	0.00289407	0.0863479	0.00288219	0.997769	-0.0666956	-0.0863483	0.0666951	0.99403	-0.880399	0.68142	20.3549	
0.995895	0.00317632	0.0904564	0.00316267	0.997553	-0.0698484	-0.0904569	0.0698478	0.993448	-0.966257	0.747726	21.32	
0.995513	0.00347169	0.0945635	0.00345609	0.997326	-0.0729984	-0.0945641	0.0729977	0.992839	-1.0561	0.817093	22.2846	
0.995113	0.00378016	0.0986692	0.00376243	0.99709	-0.0761454	-0.0986698	0.0761445	0.992203	-1.14994	0.889517	23.2485	
0.994696	0.00410173	0.102773	0.00408169	0.996843	-0.0792893	-0.102774	0.0792883	0.99154	-1.24776	0.964997	24.2118	
0.994263	0.00443638	0.106876	0.00441384	0.996587	-0.08243	-0.106876	0.0824288	0.99085	-1.34957	1.04353	25.1745	
0.993812	0.00478412	0.110976	0.00475887	0.996321	-0.0855675	-0.110977	0.0855661	0.990133	-1.45536	1.12511	26.1365	
0.993344	0.00514492	0.115074	0.00511677	0.996045	-0.0887015	-0.115076	0.0886999	0.989389	-1.56513	1.20973	27.0977	
0.992858	0.00551878	0.119171	0.00548751	0.995759	-0.0918321	-0.119172	0.0918302	0.988618	-1.67889	1.2974	28.0583	
0.992356	0.0059057	0.123265	0.00587108	0.995464	-0.0949591	-0.123266	0.0949569	0.98782	-1.79662	1.3881	29.0181	
0.991837	0.00630565	0.127356	0.00626745	0.995159	-0.0980824	-0.127358	0.0980799	0.986996	-1.91832	1.48184	29.977	
0.991301	0.00671863	0.131445	0.00667662	0.994844	-0.101202	-0.131448	0.101199	0.986144	-2.044	1.57862	30.9352	
0.990747	0.00714463	0.135532	0.00709856	0.994519	-0.104318	-0.135534	0.104314	0.985266	-2.17365	1.67841	31.8925	
0.990177	0.00758362	0.139615	0.00753325	0.994184	-0.107429	-0.139618	0.107426	0.984361	-2.30726	1.78124	32.849	
0.989589	0.00803561	0.143696	0.00798067	0.99384	-0.110537	-0.143699	0.110533	0.983429	-2.44485	1.88708	33.8046	
0.988985	0.00850057	0.147774	0.0084408	0.993486	-0.11364	-0.147777	0.113636	0.982471	-2.58639	1.99594	34.7592	
0.988363	0.00897849	0.151848	0.00891361	0.993123	-0.116739	-0.151852	0.116734	0.981486	-2.73189	2.10781	35.7129	
0.987724	0.00946935	0.155919	0.00939909	0.992749	-0.119834	-0.155923	0.119828	0.980474	-2.88135	2.22268	36.6657	
0.987069	0.00997314	0.159987	0.0098972	0.992367	-0.122924	-0.159991	0.122918	0.979436	-3.03476	2.34056	37.6174	
0.986396	0.0104898	0.164051	0.0104079	0.991974	-0.12601	-0.164056	0.126003	0.978371	-3.19212	2.46144	38.5682	
0.985707	0.0110194	0.168111	0.0109313	0.991573	-0.129091	-0.168117	0.129083	0.977279	-3.35342	2.58531	39.5178	
0.985	0.0115619	0.172167	0.0114671	0.991161	-0.132167	-0.172173	0.132159	0.976161	-3.51867	2.71217	40.4664	
0.984276	0.0121172	0.176219	0.0120156	0.99074	-0.135239	-0.176226	0.13523	0.975017	-3.68786	2.84202	41.4139	
0.983536	0.0126854	0.180268	0.0125765	0.99031	-0.138305	-0.180275	0.138295	0.973846	-3.86098	2.97484	42.3603	
0.982778	0.0132664	0.184312	0.0131499	0.98987	-0.141367	-0.18432	0.141356	0.972648	-4.03803	3.11064	43.3056	
0.982004	0.0138602	0.188351	0.0137358	0.989421	-0.144423	-0.18836	0.144411	0.971425	-4.219	3.24942	44.2496	
0.981213	0.0144667	0.192386	0.0143342	0.988962	-0.147474	-0.192396	0.147461	0.970175	-4.4039	3.39115	45.1925	
0.980405	0.015086	0.196416	0.0149449	0.988494	-0.15052	-0.196427	0.150505	0.968899	-4.59272	3.53584	46.1341	
0.97958	0.0157181	0.200442	0.015568	0.988017	-0.15356	-0.200454	0.153544	0.967596	-4.78544	3.68349	47.0745	
0.978738	0.0163628	0.204462	0.0162034	0.98753	-0.156595	-0.204475	0.156578	0.966268	-4.98208	3.83409	48.0136	
0.977879	0.0170203	0.208478	0.0168512	0.987034	-0.159624	-0.208492	0.159606	0.964913	-5.18262	3.98763	48.9514	
0.977003	0.0176904	0.212488	0.0175112	0.986529	-0.162647	-0.212503	0.162628	0.963532	-5.38706	4.14411	49.8878	
0.976111	0.0183731	0.216493	0.0181835	0.986014	-0.165665	-0.216509	0.165644	0.962126	-5.59539	4.30352	50.8229	
0.975202	0.0190685	0.220493	0.018868	0.985491	-0.168676	-0.22051	0.168654	0.960693	-5.80761	4.46586	51.7567	
0.974276	0.0197764	0.224487	0.0195647	0.984958	-0.171682	-0.224505	0.171658	0.959235	-6.02371	4.63112	52.689	
0.973334	0.0204969	0.228475	0.0202735	0.984416	-0.174682	-0.228495	0.174656	0.95775	-6.24369	4.79929	53.6199	
0.972375	0.0212299	0.232457	0.0209945	0.983865	-0.177675	-0.232479	0.177647	0.95624	-6.46754	4.97037	54.5494	
0.971399	0.0219755	0.236434	0.0217275	0.983305	-0.180662	-0.236457	0.180632	0.954704	-6.69526	5.14435	55.4773	
0.970407	0.0227335	0.240404	0.0224726	0.982736	-0.183643	-0.240429	0.183611	0.953143	-6.92684	5.32123	56.4038	
0.969398	0.0235039	0.244368	0.0232297	0.982158	-0.186618	-0.244394	0.186583	0.951556	-7.16227	5.501	57.3287	
0.968372	0.0242868	0.248326	0.0239988	0.981571	-0.189585	-0.248354	0.189549	0.949943	-7.40156	5.68365	58.2521	
0.96733	0.025082	0.252277	0.0247798	0.980975	-0.192547	-0.252307	0.192508	0.948305	-7.64468	5.86918	59.1739	
0.966635	0.0256094	0.254875	0.02474	0.981005	-0.192398	-0.254961	0.192284	0.94764	-7.89101	6.05604	60.0946	
0.965931	0.0261367	0.257475	0.0246991	0.981036	-0.192247	-0.257617	0.192057	0.946968	-8.13992	6.24268	61.0146	
0.96522	0.0266639	0.260075	0.0246572	0.981067	-0.192093	-0.260273	0.191825	0.946288	-8.39141	6.42909	61.934	
0.964501	0.0271908	0.262675	0.0246142	0.981098	-0.191938	-0.262929	0.19159	0.945601	-8.64548	6.61528	62.8527	
0.963774	0.0277175	0.265275	0.0245701	0.98113	-0.19178	-0.265585	0.191351	0.944907	-8.90213	6.80124	63.7708	
0.96304	0.0282438	0.267874	0.0245251	0.981163	-0.191621	-0.268241	0.191108	0.944206	-9.16136	6.98697	64.6881	
0.962298	0.0287697	0.270473	0.0244791	0.981195	-0.19146	-0.270895	0.190863	0.943497	-9.42317	7.17245	65.6048	
0.961548	0.029295	0.273071	0.0244323	0.981228	-0.191298	-0.273549	0.190614	0.942782	-9.68756	7.3577	66.5208	
0.96079	0.0298198	0.275667	0.0243845	0.981261	-0.191134	-0.276201	0.190362	0.942059	-9.95452	7.54271	67.4361	
0.960026	0.030344	0.278262	0.0243359	0.981294	-0.190969	-0.278852	0.190107	0.941329	-10.2241	7.72746	68.3507	
0.959254	0.0308674	0.280855	0.0242865	0.981328	-0.190803	-0.2815	0.18985	0.940593	-10.4962	7.91197	69.2645	
0.958475	0.03139	0.283445	0.0242364	0.981361	-0.190637	-0.284146	0.18959	0.939849	-10.7708	8.09623	70.1777	
0.961152	0.0296792	0.274418	0.0179927	0.985351	-0.169589	-0.275431	0.167938	0.946538	-11.0426	8.26986	71.0938	
0.963746	0.028176	0.26533	0.0119453	0.988856	-0.148397	-0.266554	0.146187	0.952669	-11.3058	8.42241	72.0161	
0.966254	0.0268814	0.256186	0.00609769	0.991874	-0.127076	-0.25752	0.124349	0.958238	-11.5603	8.55379	72.9441	
0.968674	0.0257962	0.246991	0.000453421	0.994405	-0.105636	-0.248334	0.102439	0.963243	-11.806	8.66392	73.8772	
0.971006	0.0249209	0.237751	-0.00498422	0.996446	-0.0840908	-0.239001	0.0804677	0.967679	-12.0426	8.75275	74.8149	
0.973248	0.0242562	0.228471	-0.010212	0.997996	-0.0624531	-0.229528	0.0584492	0.971545	-12.2702	8.82021	75.7567	
0.975399	0.0238023	0.219157	-0.0152269	0.999054	-0.0407355	-0.219919	0.0363962	0.974839	-12.4884	8.86627	76.7019	
0.977457	0.0235596	0.209814	-0.020026	0.99962	-0.0189508	-0.210181	0.0143219	0.977558	-12.6973	8.8909	77.65	
0.979422	0.0235282	0.200449	-0.0246063	0.999693	0.00288812	-0.200319	-0.00776098	0.9797	-12.8966	8.89408	78.6005	
0.981291	0.0237082	0.191065	-0.0289652	0.999274	0.0247684	-0.190339	-0.0298392	0.981265	-13.0864	8.87583	79.5528	
0.983064	0.0240993	0.181669	-0.0331002	0.998361	0.0466772	-0.180246	-0.0518999	0.982251	-13.2663	8.83613	80.5064	
0.984741	0.0247014	0.172266	-0.0370087	0.996957	0.0686015	-0.170048	-0.07393	0.982659	-13.4364	8.77502	81.4606	
0.986319	0.0255142	0.162863	-0.0406886	0.995062	0.0905284	-0.159749	-0.0959165	0.982487	-13.5966	8.69254	82.4149	
0.987798	0.0265371	0.153463	-0.0441375	0.992677	0.112445	-0.149355	-0.117846	0.981736	-13.7467	8.58873	83.3688	
0.989177	0.0277696	0.144074	-0.0473536	0.989803	0.134338	-0.138874	-0.139707	0.980406	-13.8867	8.46366	84.3217	
0.990456	0.0292108	0.1347	-0.0503348	0.986443	0.156196	-0.128311	-0.161485	0.978498	-14.0164	8.31739	85.273	
0.991633	0.0308601	0.125347	-0.0530795	0.982597	0.178004	-0.117673	-0.183168	0.976014	-14.1359	8.15001	86.2222	
0.992708	0.0327163	0.116021	-0.0555859	0.978269	0.19975	-0.106965	-0.204743	0.972954	-14.245	7.96163	87.1687	
0.99368	0.0347785	0.106727	-0.0578528	0.97346	0.221422	-0.0961934	-0.226197	0.96932	-14.3436	7.75236	88.1119	
0.994549	0.0370454	0.0974698	-0.0598786	0.968175	0.243006	-0.0853656	-0.247518	0.965115	-14.4318	7.5223	89.0513	
0.995314	0.0395156	0.088256	-0.0616622	0.962415	0.26449	-0.0744874	-0.268693	0.960341	-14.5094	7.27162	89.9864	
0.995974	0.0421877	0.0790906	-0.0632026	0.956184	0.285862	-0.0635654	-0.28971	0.955001	-14.5765	7.00044	90.9165	
0.99653	0.0450601	0.069979	-0.0644988	0.949487	0.307108	-0.0526059	-0.310555	0.949098	-14.6329	6.70893	91.8412	
0.996981	0.0481311	0.0609266	-0.0655501	0.942326	0.328215	-0.0416153	-0.331218	0.942636	-14.6787	6.39727	92.7599	
0.997327	0.051399	0.0519387	-0.0663559	0.934706	0.349173	-0.0306003	-0.351686	0.935618	-14.7137	6.06563	93.672	
