1	0	0	0	1	0	0	0	1	0	0	0	
1	3.54718e-08	-0.000488969	3.54718e-08	1	0.000145088	0.000488969	-0.000145088	1	0.000219295	-6.50697e-05	0.89697	
1	1.42741e-07	-0.00098071	1.42837e-07	1	0.000291195	0.00098071	-0.000291195	0.999999	0.000878424	-0.000260736	1.79394	
0.999999	3.2311e-07	-0.0014752	3.23498e-07	1	0.000438318	0.0014752	-0.000438318	0.999999	0.00197986	-0.000587912	2.69091	
0.999998	5.7788e-07	-0.00197242	5.78855e-07	1	0.000586453	0.00197242	-0.000586453	0.999998	0.00352607	-0.00104751	3.58788	
0.999997	9.08349e-07	-0.00247236	9.10309e-07	1	0.000735595	0.00247236	-0.000735595	0.999997	0.00551949	-0.00164042	4.48484	
0.999996	1.31581e-06	-0.00297498	1.31926e-06	1	0.000885742	0.00297498	-0.000885742	0.999995	0.00796254	-0.00236757	5.38181	
0.999994	1.80156e-06	-0.00348027	1.80711e-06	0.999999	0.00103689	0.00348027	-0.00103689	0.999993	0.0108576	-0.00322984	6.27877	
0.999992	2.36688e-06	-0.00398821	2.37525e-06	0.999999	0.00118903	0.00398821	-0.00118903	0.999991	0.0142071	-0.00422813	7.17574	
0.99999	3.01305e-06	-0.00449877	3.02508e-06	0.999999	0.00134216	0.00449877	-0.00134216	0.999989	0.0180134	-0.00536333	8.0727	
0.999987	3.74136e-06	-0.00501194	3.75799e-06	0.999999	0.00149629	0.00501194	-0.00149629	0.999986	0.0222788	-0.00663634	8.96966	
0.999985	4.55309e-06	-0.0055277	4.57538e-06	0.999999	0.00165139	0.0055277	-0.00165139	0.999983	0.0270057	-0.00804802	9.86661	
0.999982	5.4495e-06	-0.00604601	5.47863e-06	0.999998	0.00180748	0.00604601	-0.00180748	0.99998	0.0321963	-0.00959927	10.7636	
0.999978	6.43187e-06	-0.00656687	6.46913e-06	0.999998	0.00196453	0.00656687	-0.00196453	0.999977	0.037853	-0.011291	11.6605	
0.999975	7.50144e-06	-0.00709025	7.54827e-06	0.999998	0.00212256	0.00709025	-0.00212256	0.999973	0.043978	-0.013124	12.5575	
0.999971	8.65949e-06	-0.00761613	8.71742e-06	0.999997	0.00228156	0.00761613	-0.00228156	0.999968	0.0505736	-0.0150991	13.4544	
0.999967	9.90726e-06	-0.00814448	9.97796e-06	0.999997	0.00244151	0.00814448	-0.00244151	0.999964	0.057642	-0.0172174	14.3513	
0.999962	1.1246e-05	-0.00867529	1.13313e-05	0.999997	0.00260243	0.00867529	-0.00260243	0.999959	0.0651854	-0.0194795	15.2483	
0.999958	1.26769e-05	-0.00920854	1.27787e-05	0.999996	0.00276429	0.00920854	-0.00276429	0.999954	0.073206	-0.0218864	16.1452	
0.999953	1.42013e-05	-0.00974419	1.43217e-05	0.999996	0.0029271	0.00974419	-0.0029271	0.999948	0.0817061	-0.0244389	17.0421	
0.999947	1.58204e-05	-0.0102822	1.59615e-05	0.999995	0.00309086	0.0102822	-0.00309086	0.999942	0.0906876	-0.0271379	17.9391	
0.999941	1.75353e-05	-0.0108226	1.76995e-05	0.999995	0.00325555	0.0108226	-0.00325555	0.999936	0.100153	-0.0299841	18.836	
0.999935	1.93473e-05	-0.0113654	1.95371e-05	0.999994	0.00342118	0.0113654	-0.00342118	0.99993	0.110104	-0.0329785	19.7329	
0.999929	2.12577e-05	-0.0119105	2.14755e-05	0.999994	0.00358773	0.0119105	-0.00358773	0.999923	0.120543	-0.0361219	20.6298	
0.999922	2.32675e-05	-0.0124579	2.35163e-05	0.999993	0.00375521	0.0124579	-0.00375521	0.999915	0.131472	-0.0394151	21.5267	
0.999915	2.53781e-05	-0.0130075	2.56606e-05	0.999992	0.0039236	0.0130075	-0.0039236	0.999908	0.142892	-0.042859	22.4236	
0.999908	2.75905e-05	-0.0135594	2.79098e-05	0.999992	0.00409291	0.0135594	-0.00409291	0.9999	0.154807	-0.0464542	23.3205	
0.9999	2.99059e-05	-0.0141136	3.02653e-05	0.999991	0.00426313	0.0141136	-0.00426313	0.999891	0.167218	-0.0502018	24.2173	
0.999892	3.23256e-05	-0.0146699	3.27283e-05	0.99999	0.00443425	0.0146699	-0.00443425	0.999883	0.180127	-0.0541024	25.1142	
0.999884	3.48507e-05	-0.0152285	3.53001e-05	0.999989	0.00460627	0.0152285	-0.00460627	0.999873	0.193536	-0.058157	26.0111	
0.999875	3.74822e-05	-0.0157892	3.79821e-05	0.999989	0.00477918	0.0157892	-0.00477918	0.999864	0.207447	-0.0623662	26.9079	
0.999866	4.02215e-05	-0.016352	4.07755e-05	0.999988	0.00495298	0.016352	-0.00495298	0.999854	0.221862	-0.0667309	27.8048	
0.999857	4.30695e-05	-0.016917	4.36817e-05	0.999987	0.00512766	0.016917	-0.00512766	0.999844	0.236782	-0.071252	28.7016	
0.999847	4.60274e-05	-0.017484	4.67018e-05	0.999986	0.00530321	0.017484	-0.00530322	0.999833	0.252211	-0.07593	29.5984	
0.999837	4.90964e-05	-0.0180531	4.98372e-05	0.999985	0.00547964	0.0180531	-0.00547965	0.999822	0.268149	-0.080766	30.4952	
0.999827	5.22774e-05	-0.0186243	5.30892e-05	0.999984	0.00565693	0.0186243	-0.00565694	0.999811	0.284598	-0.0857606	31.392	
0.999816	5.55717e-05	-0.0191975	5.64589e-05	0.999983	0.00583509	0.0191975	-0.00583509	0.999799	0.30156	-0.0909146	32.2888	
0.999804	5.89802e-05	-0.0197727	5.99476e-05	0.999982	0.00601409	0.0197727	-0.0060141	0.999786	0.319038	-0.0962288	33.1856	
0.999793	6.25042e-05	-0.0203499	6.35565e-05	0.999981	0.00619395	0.0203499	-0.00619396	0.999774	0.337032	-0.101704	34.0824	
0.999781	6.61445e-05	-0.020929	6.72869e-05	0.99998	0.00637465	0.020929	-0.00637466	0.999761	0.355545	-0.107341	34.9791	
0.999769	6.99022e-05	-0.0215101	7.114e-05	0.999979	0.00655619	0.0215101	-0.0065562	0.999747	0.374579	-0.11314	35.8759	
0.999756	7.37785e-05	-0.0220931	7.5117e-05	0.999977	0.00673856	0.0220931	-0.00673857	0.999733	0.394134	-0.119103	36.7726	
0.999743	7.77743e-05	-0.0226779	7.9219e-05	0.999976	0.00692175	0.0226779	-0.00692177	0.999719	0.414213	-0.125229	37.6694	
0.999729	8.18905e-05	-0.0232647	8.34473e-05	0.999975	0.00710576	0.0232647	-0.00710578	0.999704	0.434818	-0.13152	38.5661	
0.999715	8.61283e-05	-0.0238532	8.78029e-05	0.999973	0.00729059	0.0238532	-0.00729061	0.999689	0.455949	-0.137977	39.4628	
0.999701	9.04886e-05	-0.0244436	9.22871e-05	0.999972	0.00747623	0.0244436	-0.00747625	0.999673	0.47761	-0.144599	40.3594	
0.999687	9.49724e-05	-0.0250357	9.69011e-05	0.999971	0.00766266	0.0250357	-0.00766269	0.999657	0.4998	-0.151389	41.2561	
0.999672	9.95806e-05	-0.0256296	0.000101646	0.999969	0.0078499	0.0256296	-0.00784992	0.999641	0.522523	-0.158346	42.1528	
0.999656	0.000104314	-0.0262253	0.000106523	0.999968	0.00803792	0.0262253	-0.00803795	0.999624	0.545779	-0.165472	43.0494	
0.99964	0.000109174	-0.0268227	0.000111532	0.999966	0.00822673	0.0268226	-0.00822676	0.999606	0.56957	-0.172766	43.946	
0.999624	0.000114161	-0.0274217	0.000116676	0.999965	0.00841631	0.0274217	-0.00841634	0.999589	0.593898	-0.18023	44.8426	
0.999607	0.000119276	-0.0280224	0.000121956	0.999963	0.00860666	0.0280224	-0.0086067	0.99957	0.618764	-0.187865	45.7392	
0.99959	0.000124521	-0.0286248	0.000127371	0.999961	0.00879778	0.0286248	-0.00879782	0.999552	0.644169	-0.195671	46.6358	
0.999573	0.000129895	-0.0292288	0.000132924	0.99996	0.00898966	0.0292288	-0.0089897	0.999532	0.670116	-0.203648	47.5324	
0.999555	0.0001354	-0.0298344	0.000138615	0.999958	0.00918228	0.0298344	-0.00918233	0.999513	0.696605	-0.211798	48.4289	
0.999537	0.000141036	-0.0304415	0.000144446	0.999956	0.00937566	0.0304415	-0.00937571	0.999493	0.723638	-0.220121	49.3254	
0.999518	0.000146805	-0.0310502	0.000150417	0.999954	0.00956977	0.0310502	-0.00956982	0.999472	0.751216	-0.228618	50.2219	
0.999499	0.000152707	-0.0316604	0.00015653	0.999952	0.00976461	0.0316604	-0.00976467	0.999451	0.77934	-0.237289	51.1184	
0.999479	0.000158744	-0.0322721	0.000162785	0.99995	0.00996018	0.0322721	-0.00996025	0.999429	0.808013	-0.246135	52.0149	
0.999459	0.000164915	-0.0328853	0.000169184	0.999948	0.0101565	0.0328853	-0.0101565	0.999408	0.837235	-0.255157	52.9113	
0.999481	0.00015709	-0.0322211	0.000274539	0.99991	0.013391	0.0322203	-0.0133929	0.999391	0.866434	-0.265719	53.8078	
0.999502	0.000147153	-0.0315596	0.000377784	0.999862	0.0166266	0.0315576	-0.0166302	0.999364	0.895038	-0.279184	54.7042	
0.999522	0.000135118	-0.0309005	0.000478922	0.999803	0.0198632	0.0308971	-0.0198685	0.999325	0.923048	-0.295553	55.6006	
0.999543	0.000120999	-0.0302439	0.000577959	0.999733	0.0231009	0.0302386	-0.0231078	0.999276	0.950466	-0.314827	56.4969	
0.999562	0.00010481	-0.0295897	0.000674898	0.999653	0.0263394	0.0295822	-0.0263478	0.999215	0.977295	-0.337007	57.3932	
0.999581	8.65628e-05	-0.0289379	0.000769745	0.999562	0.0295788	0.0289277	-0.0295887	0.999143	1.00354	-0.362094	58.2894	
0.9996	6.62705e-05	-0.0282882	0.000862501	0.999461	0.032819	0.0282752	-0.0328302	0.999061	1.02919	-0.390088	59.1856	
0.999618	4.39442e-05	-0.0276408	0.000953173	0.999349	0.0360599	0.0276244	-0.0360724	0.998967	1.05426	-0.42099	60.0817	
0.999636	1.95946e-05	-0.0269955	0.00104176	0.999227	0.0393014	0.0269754	-0.0393152	0.998863	1.07875	-0.4548	60.9777	
0.999653	-6.76822e-06	-0.0263523	0.00112827	0.999094	0.0425435	0.0263282	-0.0425585	0.998747	1.10265	-0.491519	61.8736	
0.999669	-3.51348e-05	-0.0257111	0.00121271	0.998951	0.0457861	0.0256825	-0.0458022	0.99862	1.12598	-0.531148	62.7694	
0.999686	-6.54963e-05	-0.0250718	0.00129508	0.998797	0.0490292	0.0250384	-0.0490463	0.998483	1.14873	-0.573686	63.6651	
0.999701	-9.78447e-05	-0.0244344	0.00137537	0.998632	0.0522727	0.0243959	-0.0522907	0.998334	1.1709	-0.619134	64.5606	
0.999717	-0.000132173	-0.0237988	0.00145361	0.998457	0.0555165	0.0237547	-0.0555353	0.998174	1.19249	-0.667492	65.456	
0.999732	-0.000168473	-0.0231649	0.00152977	0.998271	0.0587605	0.023115	-0.0587802	0.998003	1.21351	-0.718761	66.3513	
0.999746	-0.000206741	-0.0225327	0.00160388	0.998075	0.0620047	0.0224765	-0.0620251	0.997821	1.23396	-0.77294	67.2464	
0.99976	-0.000246969	-0.0219021	0.00167593	0.997868	0.065249	0.0218393	-0.0652701	0.997629	1.25384	-0.83003	68.1413	
0.999774	-0.000289155	-0.021273	0.00174593	0.99765	0.0684934	0.0212032	-0.068515	0.997425	1.27314	-0.890031	69.036	
0.999787	-0.000333293	-0.0206454	0.00181387	0.997422	0.0717377	0.0205682	-0.0717599	0.99721	1.29187	-0.952942	69.9306	
0.9998	-0.000379381	-0.0200191	0.00187976	0.997183	0.074982	0.0199343	-0.0750046	0.996984	1.31004	-1.01876	70.825	
0.999812	-0.000427416	-0.0193942	0.00194361	0.996934	0.0782261	0.0193013	-0.0782491	0.996747	1.32763	-1.0875	71.7191	
0.999941	-0.00119121	-0.0108045	0.00225344	0.995101	0.0988413	0.0106339	-0.0988598	0.995045	1.34106	-1.16693	72.6124	
0.999995	-0.00213256	-0.00223165	0.0023838	0.992841	0.119416	0.00196101	-0.119421	0.992842	1.34671	-1.26483	73.504	
0.999975	-0.00325099	0.00632007	0.00233461	0.990157	0.13994	-0.00671281	-0.139922	0.99014	1.34458	-1.38115	74.3934	
0.999879	-0.00454594	0.0148463	0.00210592	0.987049	0.160403	-0.0153833	-0.160352	0.98694	1.33467	-1.51582	75.2801	
0.999709	-0.00601675	0.0233429	0.00169782	0.983519	0.180795	-0.024046	-0.180702	0.983244	1.31698	-1.66878	76.1638	
0.999465	-0.0076627	0.0318054	0.00111053	0.979569	0.201104	-0.0326966	-0.200962	0.979053	1.29153	-1.83996	77.0439	
0.999145	-0.00948295	0.0402297	0.000344345	0.975201	0.221323	-0.0413308	-0.22112	0.974371	1.25833	-2.02927	77.92	
0.998752	-0.0114766	0.0486114	-0.000600357	0.970416	0.241439	-0.0499442	-0.241166	0.969198	1.2174	-2.2366	78.7917	
0.998284	-0.0136426	0.0569464	-0.0017231	0.965217	0.261443	-0.0585325	-0.261092	0.963538	1.16874	-2.46187	79.6585	
0.997742	-0.0159799	0.0652306	-0.00302331	0.959608	0.281324	-0.0670913	-0.280886	0.957393	1.1124	-2.70495	80.5201	
0.997127	-0.0184874	0.0734596	-0.00450035	0.95359	0.301074	-0.0756164	-0.30054	0.950767	1.0484	-2.96572	81.3759	
0.996438	-0.0211636	0.0816295	-0.00615346	0.947167	0.320681	-0.0841035	-0.320042	0.943663	0.976761	-3.24405	82.2255	
0.995676	-0.0240075	0.089736	-0.00798182	0.940342	0.340137	-0.0925483	-0.339383	0.936085	0.897532	-3.53981	83.0686	
0.994842	-0.0270173	0.0977751	-0.00998451	0.933118	0.359431	-0.100947	-0.358553	0.928035	0.810749	-3.85283	83.9047	
0.993935	-0.0301918	0.105743	-0.0121605	0.9255	0.378553	-0.109294	-0.377543	0.919519	0.716455	-4.18297	84.7333	
0.992957	-0.0335292	0.113635	-0.0145088	0.91749	0.397494	-0.117587	-0.396343	0.910541	0.614698	-4.53007	85.5541	
0.991907	-0.037028	0.121448	-0.017028	0.909093	0.416245	-0.12582	-0.414944	0.901105	0.505529	-4.89393	86.3666	
0.990786	-0.0406862	0.129177	-0.0197171	0.900313	0.434796	-0.13399	-0.433337	0.891216	0.389003	-5.27439	87.1705	
0.989596	-0.0445022	0.13682	-0.0225746	0.891155	0.453137	-0.142093	-0.451511	0.880879	0.265179	-5.67125	87.9653	
