1	0	0	0	1	0	0	0	1	0	0	0	
0.999999	-2.58322e-06	-0.00114684	-2.58322e-06	0.99999	-0.0045049	0.00114684	0.0045049	0.999989	0.000469742	0.00184519	0.819189	
0.999997	-1.03165e-05	-0.00229118	-1.03285e-05	0.999959	-0.00901044	0.00229118	0.00901044	0.999957	0.00187794	0.00738103	1.63836	
0.999994	-2.31782e-05	-0.00343299	-2.32261e-05	0.999909	-0.0135165	0.00343299	0.0135165	0.999903	0.00422255	0.016608	2.4575	
0.99999	-4.11464e-05	-0.00457225	-4.12663e-05	0.999838	-0.018023	0.00457225	0.018023	0.999827	0.00750147	0.0295265	3.27658	
0.999984	-6.41994e-05	-0.00570894	-6.44391e-05	0.999746	-0.0225298	0.00570894	0.0225298	0.99973	0.0117126	0.0461367	4.09559	
0.999977	-9.2315e-05	-0.00684302	-9.27345e-05	0.999634	-0.0270368	0.00684302	0.0270368	0.999611	0.0168538	0.0664391	4.91451	
0.999968	-0.000125471	-0.00797448	-0.000126142	0.999502	-0.031544	0.00797447	0.031544	0.999471	0.022923	0.0904336	5.73333	
0.999959	-0.000163645	-0.00910328	-0.000164652	0.99935	-0.0360512	0.00910327	0.0360512	0.999308	0.029918	0.11812	6.55202	
0.999948	-0.000206815	-0.0102294	-0.000208254	0.999177	-0.0405583	0.0102294	0.0405583	0.999125	0.0378366	0.149499	7.37058	
0.999936	-0.000254959	-0.0113528	-0.000256936	0.998984	-0.0450652	0.0113528	0.0450653	0.99892	0.0466766	0.18457	8.18897	
0.999922	-0.000308052	-0.0124736	-0.000310689	0.998771	-0.0495719	0.0124735	0.0495719	0.998693	0.0564358	0.223334	9.00718	
0.999908	-0.000366074	-0.0135915	-0.000369501	0.998537	-0.0540782	0.0135914	0.0540782	0.998444	0.0671119	0.265788	9.8252	
0.999892	-0.000429001	-0.0147067	-0.000433362	0.998282	-0.058584	0.0147066	0.0585841	0.998174	0.0787027	0.311934	10.643	
0.999875	-0.000496809	-0.0158191	-0.000502261	0.998008	-0.0630893	0.0158189	0.0630893	0.997883	0.0912058	0.361771	11.4606	
0.999857	-0.000569476	-0.0169287	-0.000576185	0.997713	-0.0675939	0.0169285	0.0675939	0.997569	0.104619	0.415299	12.2779	
0.999837	-0.000646979	-0.0180354	-0.000655125	0.997397	-0.0720977	0.0180351	0.0720978	0.997234	0.11894	0.472516	13.095	
0.999817	-0.000729294	-0.0191393	-0.000739068	0.997062	-0.0766006	0.0191389	0.0766007	0.996878	0.134166	0.533423	13.9118	
0.999795	-0.000816398	-0.0202403	-0.000828004	0.996705	-0.0811026	0.0202398	0.0811027	0.9965	0.150296	0.598017	14.7282	
0.999772	-0.000908266	-0.0213384	-0.000921919	0.996329	-0.0856035	0.0213378	0.0856036	0.996101	0.167326	0.6663	15.5444	
0.999748	-0.00100488	-0.0224336	-0.0010208	0.995932	-0.0901032	0.0224328	0.0901033	0.99568	0.185254	0.738269	16.3602	
0.999723	-0.0011062	-0.0235258	-0.00112464	0.995515	-0.0946016	0.0235249	0.0946018	0.995237	0.204078	0.813923	17.1757	
0.999696	-0.00121223	-0.024615	-0.00123343	0.995077	-0.0990987	0.0246139	0.0990989	0.994773	0.223796	0.893262	17.9908	
0.999669	-0.00132292	-0.0257012	-0.00134715	0.994619	-0.103594	0.0257	0.103595	0.994288	0.244404	0.976285	18.8055	
0.99964	-0.00143826	-0.0267844	-0.00146578	0.99414	-0.108088	0.0267829	0.108089	0.99378	0.265901	1.06299	19.6198	
0.99961	-0.00155821	-0.0278646	-0.00158933	0.993641	-0.112581	0.0278629	0.112581	0.993252	0.288284	1.15338	20.4337	
0.99958	-0.00168277	-0.0289417	-0.00171777	0.993122	-0.117071	0.0289397	0.117072	0.992702	0.31155	1.24744	21.2472	
0.999548	-0.0018119	-0.0300158	-0.00185109	0.992582	-0.12156	0.0300134	0.12156	0.99213	0.335697	1.34518	22.0601	
0.999515	-0.00194557	-0.0310867	-0.00198928	0.992022	-0.126047	0.0310839	0.126047	0.991537	0.360722	1.4466	22.8726	
0.999481	-0.00208378	-0.0321545	-0.00213233	0.991442	-0.130531	0.0321513	0.130532	0.990923	0.386623	1.5517	23.6846	
0.999446	-0.00222647	-0.0332191	-0.00228022	0.990841	-0.135014	0.0332155	0.135015	0.990287	0.413397	1.66046	24.4961	
0.999409	-0.00237365	-0.0342806	-0.00243294	0.99022	-0.139494	0.0342765	0.139495	0.989629	0.441042	1.7729	25.3071	
0.999372	-0.00252527	-0.035339	-0.00259048	0.989578	-0.143972	0.0353342	0.143973	0.988951	0.469554	1.88901	26.1175	
0.999334	-0.00268132	-0.0363941	-0.00275283	0.988917	-0.148447	0.0363887	0.148448	0.98825	0.498931	2.00878	26.9274	
0.999295	-0.00284176	-0.0374459	-0.00291996	0.988234	-0.15292	0.0374399	0.152921	0.987529	0.529171	2.13222	27.7367	
0.999254	-0.00300658	-0.0384946	-0.00309187	0.987532	-0.15739	0.0384878	0.157392	0.986786	0.560271	2.25933	28.5453	
0.999213	-0.00317575	-0.0395399	-0.00326854	0.986809	-0.161857	0.0395324	0.161859	0.986022	0.592228	2.39009	29.3534	
0.999171	-0.00334924	-0.040582	-0.00344997	0.986066	-0.166322	0.0405736	0.166324	0.985236	0.625039	2.52451	30.1608	
0.999127	-0.00352703	-0.0416208	-0.00363612	0.985302	-0.170783	0.0416114	0.170785	0.984429	0.658702	2.66259	30.9676	
0.999083	-0.00370909	-0.0426563	-0.003827	0.984518	-0.175242	0.0426458	0.175244	0.983601	0.693213	2.80433	31.7737	
0.999038	-0.00389539	-0.0436884	-0.00402258	0.983714	-0.179697	0.0436768	0.1797	0.982751	0.728571	2.94971	32.5791	
0.998991	-0.00408592	-0.0447171	-0.00422286	0.982889	-0.184149	0.0447044	0.184152	0.981881	0.764771	3.09874	33.3838	
0.998944	-0.00428064	-0.0457425	-0.00442782	0.982045	-0.188597	0.0457285	0.188601	0.980989	0.801813	3.25142	34.1878	
0.998896	-0.00447953	-0.0467645	-0.00463743	0.981179	-0.193043	0.0467491	0.193046	0.980075	0.839691	3.40774	34.991	
0.998847	-0.00468256	-0.0477831	-0.0048517	0.980294	-0.197484	0.0477662	0.197488	0.979141	0.878404	3.5677	35.7935	
0.998797	-0.00488972	-0.0487982	-0.0050706	0.979388	-0.201922	0.0487797	0.201926	0.978185	0.917949	3.7313	36.5952	
0.998746	-0.00510096	-0.0498099	-0.00529412	0.978463	-0.206356	0.0497897	0.206361	0.977208	0.958323	3.89853	37.3961	
0.998694	-0.00531626	-0.0508181	-0.00552224	0.977517	-0.210786	0.0507962	0.210792	0.97621	0.999522	4.0694	38.1963	
0.998641	-0.00553561	-0.0518229	-0.00575496	0.97655	-0.215213	0.051799	0.215218	0.975191	1.04155	4.24389	38.9956	
0.998587	-0.00575896	-0.0528241	-0.00599224	0.975564	-0.219635	0.0527981	0.219641	0.974151	1.08439	4.42201	39.794	
0.998533	-0.0059863	-0.0538218	-0.00623409	0.974557	-0.224053	0.0537937	0.22406	0.97309	1.12805	4.60375	40.5916	
0.998477	-0.0062176	-0.054816	-0.00648047	0.97353	-0.228467	0.0547855	0.228474	0.972007	1.17252	4.7891	41.3883	
0.998421	-0.00645283	-0.0558066	-0.00673139	0.972483	-0.232876	0.0557737	0.232884	0.970904	1.21781	4.97807	42.1841	
0.998364	-0.00669197	-0.0567937	-0.00698681	0.971416	-0.237281	0.0567582	0.23729	0.969779	1.2639	5.17066	42.979	
0.998305	-0.00693499	-0.0577772	-0.00724673	0.970329	-0.241681	0.0577389	0.241691	0.968634	1.3108	5.36684	43.773	
0.998246	-0.00718185	-0.058757	-0.00751113	0.969221	-0.246077	0.0587158	0.246087	0.967468	1.3585	5.56664	44.566	
0.998187	-0.00743255	-0.0597333	-0.00778	0.968094	-0.250468	0.059689	0.250479	0.96628	1.40699	5.77003	45.358	
0.998264	-0.00710023	-0.0584681	-0.00816151	0.966454	-0.256711	0.0583295	0.256742	0.964718	1.45533	5.97778	46.149	
0.998339	-0.00676066	-0.0572086	-0.00853469	0.964772	-0.26295	0.056971	0.263002	0.963112	1.50256	6.19067	46.9386	
0.998413	-0.00641388	-0.0559547	-0.0088995	0.963047	-0.269186	0.0556135	0.269257	0.961461	1.54867	6.40868	47.7269	
0.998484	-0.00605989	-0.0547063	-0.00925592	0.96128	-0.275419	0.0542571	0.275508	0.959767	1.59368	6.63182	48.5138	
0.998554	-0.00569872	-0.0534633	-0.00960391	0.95947	-0.281647	0.0529015	0.281753	0.958028	1.63757	6.86007	49.2994	
0.998621	-0.0053304	-0.0522258	-0.00994344	0.957618	-0.287869	0.0515468	0.287992	0.956245	1.68035	7.09343	50.0834	
0.998687	-0.00495493	-0.0509936	-0.0102745	0.955724	-0.294087	0.050193	0.294224	0.954417	1.72202	7.33191	50.866	
0.99875	-0.00457232	-0.0497667	-0.010597	0.953787	-0.300298	0.0488399	0.30045	0.952546	1.76259	7.57549	51.6471	
0.998812	-0.0041826	-0.048545	-0.0109111	0.951808	-0.306502	0.0474875	0.306667	0.950631	1.80204	7.82416	52.4267	
0.998872	-0.00378577	-0.0473285	-0.0112165	0.949786	-0.312698	0.0461357	0.312877	0.948673	1.84039	8.07792	53.2046	
0.99893	-0.00338184	-0.046117	-0.0115134	0.947723	-0.318887	0.0447846	0.319077	0.94667	1.87763	8.33677	53.9809	
0.998987	-0.00297081	-0.0449106	-0.0118017	0.945617	-0.325067	0.0434339	0.325268	0.944624	1.91377	8.60069	54.7556	
0.999041	-0.0025527	-0.0437091	-0.0120813	0.94347	-0.331239	0.0420837	0.331449	0.942534	1.94879	8.86968	55.5286	
0.999094	-0.00212749	-0.0425124	-0.0123523	0.94128	-0.3374	0.0407339	0.33762	0.940401	1.98272	9.14373	56.2998	
0.999145	-0.0016952	-0.0413206	-0.0126147	0.939049	-0.343552	0.0393845	0.343779	0.938224	2.01553	9.42283	57.0693	
0.999194	-0.00125582	-0.0401335	-0.0128683	0.936776	-0.349692	0.0380353	0.349927	0.936005	2.04724	9.70697	57.837	
0.999241	-0.000809351	-0.0389511	-0.0131133	0.934462	-0.355822	0.0366863	0.356062	0.933742	2.07785	9.99614	58.6028	
0.999286	-0.000355779	-0.0377732	-0.0133495	0.932106	-0.361939	0.0353374	0.362185	0.931436	2.10735	10.2903	59.3668	
0.99933	0.000104901	-0.0365999	-0.013577	0.929709	-0.368045	0.0339886	0.368295	0.929088	2.13574	10.5895	60.1289	
0.999372	0.000572699	-0.0354309	-0.0137957	0.927271	-0.374137	0.0326398	0.374391	0.926696	2.16304	10.8937	60.889	
0.999412	0.00104763	-0.0342664	-0.0140057	0.924792	-0.380216	0.031291	0.380472	0.924263	2.18922	11.2029	61.6471	
0.999451	0.0015297	-0.0331061	-0.0142069	0.922272	-0.386281	0.029942	0.386539	0.921787	2.2143	11.5171	62.4033	
0.999487	0.00201893	-0.0319501	-0.0143992	0.919711	-0.392331	0.0285928	0.39259	0.919269	2.23828	11.8362	63.1574	
0.999522	0.00251534	-0.0307982	-0.0145828	0.917111	-0.398366	0.0272433	0.398625	0.916709	2.26115	12.1603	63.9094	
0.999556	0.00301895	-0.0296504	-0.0147575	0.914469	-0.404386	0.0258936	0.404644	0.914108	2.28291	12.4893	64.6593	
0.999587	0.00352977	-0.0285066	-0.0149234	0.911788	-0.41039	0.0245434	0.410646	0.911465	2.30357	12.8233	65.407	
0.999617	0.00404785	-0.0273666	-0.0150804	0.909067	-0.416377	0.0231927	0.41663	0.90878	2.32312	13.1621	66.1526	
0.999645	0.00457319	-0.0262306	-0.0152285	0.906306	-0.422347	0.0218415	0.422597	0.906055	2.34157	13.5059	66.896	
0.999672	0.00510583	-0.0250983	-0.0153678	0.903506	-0.428299	0.0204897	0.428545	0.903288	2.35891	13.8545	67.6371	
0.999697	0.00564579	-0.0239697	-0.0154982	0.900667	-0.434234	0.0191372	0.434473	0.900481	2.37514	14.208	68.3759	
0.99972	0.00619312	-0.0228448	-0.0156196	0.897789	-0.440149	0.0177839	0.440383	0.897634	2.39026	14.5663	69.1124	
0.999873	0.0129494	-0.00930645	-0.0157592	0.891627	-0.452497	0.00243833	0.452586	0.891717	2.39855	14.9321	69.8453	
0.999794	0.0198889	0.00413954	-0.0156869	0.885298	-0.46476	-0.0129083	0.464599	0.885427	2.39426	15.3078	70.5733	
0.999482	0.0270087	0.0174875	-0.0154029	0.878804	-0.476934	-0.0282495	0.476418	0.878765	2.3774	15.6932	71.2959	
0.998939	0.0343058	0.0307319	-0.0149073	0.872149	-0.489013	-0.0435788	0.488036	0.871735	2.34798	16.0883	72.0129	
0.998163	0.0417772	0.0438672	-0.0142002	0.865335	-0.500993	-0.0588899	0.49945	0.864339	2.306	16.4928	72.724	
0.997157	0.0494197	0.0568878	-0.0132819	0.858364	-0.512869	-0.0741763	0.510655	0.85658	2.2515	16.9065	73.4289	
0.995919	0.0572302	0.0697883	-0.012153	0.851241	-0.524634	-0.0894315	0.521645	0.848462	2.18448	17.3293	74.1273	
0.99445	0.0652053	0.0825632	-0.0108137	0.843967	-0.536285	-0.104649	0.532416	0.839989	2.10499	17.7611	74.8189	
0.992752	0.0733417	0.0952073	-0.00926471	0.836547	-0.547817	-0.119823	0.542965	0.831163	2.01304	18.2016	75.5035	
0.990824	0.081636	0.107715	-0.00750666	0.828982	-0.559225	-0.134947	0.553285	0.821988	1.90868	18.6506	76.1806	
0.988668	0.0900847	0.120082	-0.00554028	0.821276	-0.570504	-0.150014	0.563374	0.812469	1.79196	19.108	76.8501	
0.986285	0.0986843	0.132301	-0.00336639	0.813433	-0.581649	-0.165018	0.573226	0.802609	1.66292	19.5736	77.5116	
