1	0	0	0	1	0	0	0	1	0	0	0	
0.999986	2.62848e-06	0.00532431	2.62848e-06	1	-0.000987341	-0.00532431	0.000987341	0.999985	-0.00266082	0.000493422	0.99949	
0.999943	1.05135e-05	0.0106499	1.05072e-05	0.999998	-0.00197373	-0.0106499	0.00197373	0.999941	-0.0106439	0.00197321	1.99895	
0.999872	2.36528e-05	0.0159767	2.36273e-05	0.999996	-0.00295913	-0.0159767	0.00295913	0.999868	-0.0239506	0.0044384	2.99835	
0.999773	4.20437e-05	0.0213044	4.198e-05	0.999992	-0.0039435	-0.0213044	0.0039435	0.999765	-0.0425817	0.00788798	3.99767	
0.999645	6.56834e-05	0.0266328	6.55558e-05	0.999988	-0.00492682	-0.0266328	0.00492682	0.999633	-0.0665383	0.0123209	4.99686	
0.999489	9.45686e-05	0.0319619	9.43453e-05	0.999983	-0.00590905	-0.0319619	0.00590904	0.999472	-0.0958209	0.0177361	5.99591	
0.999304	0.000128696	0.0372913	0.000128339	0.999976	-0.00689015	-0.0372913	0.00689014	0.999281	-0.13043	0.0241325	6.99479	
0.999091	0.000168062	0.0426209	0.000167526	0.999969	-0.00787009	-0.0426209	0.00787008	0.99906	-0.170366	0.0315089	7.99346	
0.99885	0.000212662	0.0479505	0.000211897	0.999961	-0.00884884	-0.0479505	0.00884882	0.998811	-0.215629	0.0398641	8.99189	
0.99858	0.000262493	0.05328	0.00026144	0.999952	-0.00982636	-0.05328	0.00982634	0.998531	-0.266219	0.049197	9.99006	
0.998281	0.00031755	0.0586092	0.000316146	0.999942	-0.0108026	-0.0586092	0.0108026	0.998223	-0.322135	0.0595063	10.9879	
0.997954	0.000377828	0.0639378	0.000376002	0.999931	-0.0117776	-0.0639378	0.0117775	0.997884	-0.383378	0.0707907	11.9855	
0.997598	0.000443322	0.0692657	0.000440998	0.999919	-0.0127512	-0.0692657	0.0127512	0.997517	-0.449946	0.0830489	12.9827	
0.997214	0.000514027	0.0745928	0.000511122	0.999906	-0.0137235	-0.0745928	0.0137234	0.99712	-0.52184	0.0962795	13.9795	
0.996801	0.000589937	0.0799187	0.000586362	0.999892	-0.0146944	-0.0799187	0.0146943	0.996693	-0.599056	0.110481	14.9759	
0.99636	0.000671047	0.0852434	0.000666706	0.999877	-0.0156639	-0.0852434	0.0156637	0.996237	-0.681596	0.125653	15.9719	
0.99589	0.000757351	0.0905667	0.000752141	0.999861	-0.0166319	-0.0905667	0.0166317	0.995752	-0.769457	0.141792	16.9674	
0.995392	0.000848843	0.0958883	0.000842655	0.999845	-0.0175984	-0.0958883	0.0175981	0.995237	-0.862638	0.158898	17.9624	
0.994865	0.000945515	0.101208	0.000938236	0.999827	-0.0185634	-0.101208	0.0185631	0.994692	-0.961136	0.17697	18.9568	
0.994309	0.00104736	0.106526	0.00103887	0.999809	-0.0195269	-0.106526	0.0195264	0.994118	-1.06495	0.196005	19.9507	
0.993725	0.00115438	0.111842	0.00114454	0.999789	-0.0204887	-0.111842	0.0204882	0.993515	-1.17408	0.216002	20.944	
0.993113	0.00126655	0.117155	0.00125524	0.999769	-0.021449	-0.117155	0.0214483	0.992882	-1.28852	0.23696	21.9367	
0.992472	0.00138388	0.122466	0.00137095	0.999748	-0.0224076	-0.122466	0.0224068	0.99222	-1.40827	0.258877	22.9288	
0.991802	0.00150635	0.127774	0.00149166	0.999726	-0.0233645	-0.127774	0.0233635	0.991528	-1.53333	0.28175	23.9202	
0.991104	0.00163395	0.133079	0.00161736	0.999703	-0.0243197	-0.133079	0.0243186	0.990807	-1.66369	0.305579	24.9108	
0.990377	0.00176669	0.138381	0.00174802	0.999679	-0.0252731	-0.138381	0.0252718	0.990057	-1.79935	0.330362	25.9008	
0.989622	0.00190455	0.14368	0.00188364	0.999654	-0.0262248	-0.14368	0.0262233	0.989277	-1.94031	0.356097	26.8899	
0.988839	0.00204751	0.148975	0.00202419	0.999629	-0.0271747	-0.148976	0.0271729	0.988467	-2.08657	0.382781	27.8783	
0.988027	0.00219558	0.154267	0.00216967	0.999602	-0.0281227	-0.154267	0.0281207	0.987629	-2.23811	0.410414	28.8659	
0.987186	0.00234875	0.159555	0.00232006	0.999575	-0.0290689	-0.159555	0.0290666	0.986761	-2.39494	0.438994	29.8526	
0.986317	0.00250699	0.164839	0.00247535	0.999546	-0.0300132	-0.164839	0.0300105	0.985864	-2.55706	0.468517	30.8384	
0.98542	0.00267031	0.170119	0.00263551	0.999517	-0.0309555	-0.170119	0.0309525	0.984937	-2.72445	0.498984	31.8233	
0.984494	0.0028387	0.175394	0.00280053	0.999487	-0.0318959	-0.175395	0.0318925	0.983981	-2.89712	0.53039	32.8073	
0.98354	0.00301214	0.180665	0.0029704	0.999456	-0.0328343	-0.180666	0.0328305	0.982996	-3.07506	0.562736	33.7903	
0.982558	0.00319062	0.185931	0.00314509	0.999425	-0.0337706	-0.185932	0.0337664	0.981982	-3.25827	0.596017	34.7722	
0.981547	0.00337413	0.191193	0.0033246	0.999392	-0.034705	-0.191193	0.0347002	0.980939	-3.44674	0.630233	35.7532	
0.980508	0.00356267	0.196449	0.0035089	0.999359	-0.0356372	-0.19645	0.0356319	0.979866	-3.64046	0.665382	36.7331	
0.97944	0.00375622	0.2017	0.00369798	0.999324	-0.0365674	-0.201701	0.0365614	0.978765	-3.83944	0.70146	37.7119	
0.978345	0.00395476	0.206945	0.00389182	0.999289	-0.0374954	-0.206947	0.0374888	0.977634	-4.04366	0.738467	38.6897	
0.977221	0.0041583	0.212185	0.0040904	0.999253	-0.0384212	-0.212187	0.0384139	0.976474	-4.25312	0.776399	39.6662	
0.976068	0.00436681	0.21742	0.00429371	0.999216	-0.0393448	-0.217421	0.0393368	0.975285	-4.46782	0.815255	40.6416	
0.974888	0.00458028	0.222648	0.00450172	0.999179	-0.0402663	-0.222649	0.0402574	0.974067	-4.68774	0.855032	41.6158	
0.97368	0.00479871	0.22787	0.00471442	0.99914	-0.0411854	-0.227872	0.0411757	0.97282	-4.91289	0.895728	42.5887	
0.972443	0.00502207	0.233086	0.00493179	0.999101	-0.0421023	-0.233088	0.0420916	0.971544	-5.14325	0.937341	43.5604	
0.971179	0.00525036	0.238295	0.00515381	0.999061	-0.0430169	-0.238297	0.0430052	0.97024	-5.37883	0.979868	44.5308	
0.969886	0.00548357	0.243497	0.00538046	0.99902	-0.0439291	-0.2435	0.0439164	0.968906	-5.6196	1.02331	45.4999	
0.968565	0.00572167	0.248693	0.00561173	0.998978	-0.044839	-0.248696	0.0448251	0.967544	-5.86558	1.06766	46.4677	
0.967217	0.00596467	0.253882	0.00584759	0.998936	-0.0457465	-0.253885	0.0457314	0.966153	-6.11674	1.11291	47.434	
0.96584	0.00621253	0.259063	0.00608803	0.998893	-0.0466516	-0.259066	0.0466351	0.964733	-6.37309	1.15907	48.399	
0.964436	0.00646526	0.264238	0.00633302	0.998849	-0.0475542	-0.264241	0.0475364	0.963285	-6.63461	1.20613	49.3625	
0.963004	0.00672282	0.269404	0.00658254	0.998804	-0.0484543	-0.269408	0.0484351	0.961807	-6.9013	1.25409	50.3246	
0.961544	0.00698523	0.274563	0.00683658	0.998758	-0.049352	-0.274567	0.0493311	0.960302	-7.17315	1.30295	51.2851	
0.960056	0.00725244	0.279714	0.00709512	0.998712	-0.0502471	-0.279718	0.0502246	0.958768	-7.45015	1.35271	52.2442	
0.958541	0.00752446	0.284857	0.00735813	0.998664	-0.0511396	-0.284861	0.0511154	0.957205	-7.7323	1.40335	53.2017	
0.956997	0.00780127	0.289992	0.00762559	0.998616	-0.0520296	-0.289996	0.0520036	0.955614	-8.01959	1.45488	54.1576	
0.955427	0.00808284	0.295118	0.00789749	0.998568	-0.052917	-0.295123	0.052889	0.953994	-8.312	1.5073	55.112	
0.953828	0.00836917	0.300235	0.0081738	0.998518	-0.0538017	-0.300241	0.0537717	0.952347	-8.60953	1.56061	56.0646	
0.952203	0.00866025	0.305344	0.0084545	0.998468	-0.0546838	-0.30535	0.0546516	0.950671	-8.91217	1.61479	57.0157	
0.950549	0.00895604	0.310444	0.00873957	0.998417	-0.0555632	-0.31045	0.0555287	0.948966	-9.21992	1.66985	57.965	
0.948869	0.00925655	0.315535	0.00902898	0.998365	-0.0564398	-0.315541	0.056403	0.947234	-9.53276	1.72579	58.9126	
0.947161	0.00956175	0.320616	0.00932273	0.998313	-0.0573138	-0.320623	0.0572744	0.945474	-9.85068	1.7826	59.8585	
0.945426	0.00987162	0.325688	0.00962077	0.998259	-0.058185	-0.325696	0.0581429	0.943685	-10.1737	1.84028	60.8026	
0.943663	0.0101862	0.330751	0.00992311	0.998206	-0.0590534	-0.330759	0.0590086	0.941869	-10.5017	1.89883	61.7449	
0.940844	0.010678	0.338671	0.00954617	0.998271	-0.0579943	-0.338705	0.0577966	0.939116	-10.8363	1.9572	62.685	
0.937958	0.0111598	0.34657	0.00916086	0.998336	-0.0569399	-0.346629	0.0565821	0.936294	-11.1788	2.01436	63.6222	
0.935004	0.0116313	0.354447	0.00876712	0.998398	-0.05589	-0.354529	0.0553648	0.933405	-11.5292	2.07031	64.5566	
0.931983	0.0120927	0.362299	0.00836492	0.99846	-0.0548443	-0.362404	0.0541446	0.930447	-11.8875	2.12504	65.488	
0.928896	0.0125438	0.370127	0.0079542	0.99852	-0.0538028	-0.370254	0.0529213	0.927422	-12.2536	2.17854	66.4165	
0.925743	0.0129846	0.37793	0.0075349	0.998579	-0.0527653	-0.378078	0.0516947	0.924329	-12.6276	2.23082	67.3419	
0.922524	0.0134151	0.385706	0.00710696	0.998636	-0.0517315	-0.385874	0.0504647	0.92117	-13.0094	2.28188	68.2642	
0.919239	0.0138352	0.393456	0.00667032	0.998692	-0.0507013	-0.393642	0.0492311	0.917944	-13.399	2.3317	69.1833	
0.91589	0.0142449	0.401177	0.0062249	0.998746	-0.0496746	-0.401382	0.0479937	0.914652	-13.7963	2.38029	70.0991	
0.907342	0.0150963	0.420123	0.000536805	0.999313	-0.0370676	-0.420394	0.0338585	0.90671	-14.207	2.4212	71.0094	
0.898401	0.0156534	0.438897	-0.00541267	0.999683	-0.0245746	-0.439143	0.0197022	0.898201	-14.6366	2.44796	71.9115	
0.889073	0.0159159	0.457489	-0.0116198	0.999858	-0.0122031	-0.457618	0.00553356	0.889132	-15.0847	2.46058	72.8047	
0.879364	0.0158836	0.475886	-0.0180807	0.999837	3.8874e-05	-0.475808	-0.00863854	0.879507	-15.5512	2.45902	73.6886	
0.869279	0.0155565	0.494077	-0.0247914	0.999619	0.0121439	-0.4937	-0.0228052	0.869333	-16.0358	2.44331	74.5627	
0.858825	0.0149349	0.512051	-0.0317476	0.999205	0.0241042	-0.511284	-0.0369577	0.858617	-16.538	2.41344	75.4262	
0.848009	0.0140191	0.529796	-0.038945	0.998596	0.0359126	-0.528549	-0.0510871	0.847364	-17.0577	2.36944	76.2789	
0.836837	0.0128096	0.547302	-0.0463792	0.997791	0.0475614	-0.545484	-0.0651846	0.835583	-17.5945	2.31133	77.1199	
0.825316	0.0113073	0.564557	-0.0540454	0.996791	0.0590436	-0.562078	-0.0792414	0.823279	-18.148	2.23915	77.949	
0.813454	0.00951311	0.581551	-0.0619389	0.995597	0.0703519	-0.578322	-0.0932487	0.810462	-18.718	2.15294	78.7655	
0.801258	0.0074281	0.598273	-0.0700548	0.99421	0.0814793	-0.594204	-0.107198	0.797139	-19.304	2.05277	79.5689	
0.788735	0.00505359	0.614713	-0.078388	0.99263	0.0924187	-0.609715	-0.12108	0.783318	-19.9056	1.93868	80.3588	
0.775893	0.00239107	0.63086	-0.0869333	0.990858	0.103164	-0.624846	-0.134887	0.769008	-20.5226	1.81075	81.1346	
0.762741	-0.000557806	0.646704	-0.0956853	0.988896	0.113707	-0.639587	-0.148609	0.754218	-21.1546	1.66907	81.8959	
0.749286	-0.00379119	0.662236	-0.104639	0.986744	0.124042	-0.653928	-0.162239	0.738957	-21.801	1.51372	82.6421	
0.735537	-0.00730707	0.677446	-0.113788	0.984405	0.134163	-0.667861	-0.175767	0.723234	-22.4616	1.34479	83.3729	
0.721502	-0.0111032	0.692323	-0.123127	0.981879	0.144063	-0.681377	-0.189185	0.70706	-23.1359	1.1624	84.0877	
0.707191	-0.0151773	0.70686	-0.13265	0.979168	0.153736	-0.694468	-0.202486	0.690445	-23.8236	0.96665	84.7862	
0.692612	-0.0195268	0.721046	-0.142351	0.976273	0.163176	-0.707125	-0.21566	0.673399	-24.524	0.757672	85.4678	
0.677774	-0.024149	0.734874	-0.152225	0.973198	0.172378	-0.71934	-0.228699	0.655932	-25.2369	0.535593	86.1321	
0.662686	-0.0290409	0.748334	-0.162265	0.969942	0.181334	-0.731107	-0.241596	0.638055	-25.9618	0.300552	86.7788	
0.647359	-0.0341996	0.761417	-0.172464	0.96651	0.190041	-0.742417	-0.254342	0.619781	-26.6983	0.052696	87.4075	
0.631801	-0.0396217	0.774117	-0.182817	0.962901	0.198491	-0.753263	-0.266929	0.601119	-27.4458	-0.207821	88.0176	
0.616023	-0.045304	0.786425	-0.193316	0.95912	0.206681	-0.763639	-0.279349	0.582082	-28.2039	-0.480836	88.609	
0.600033	-0.0512429	0.798332	-0.203956	0.955168	0.214605	-0.773539	-0.291595	0.562682	-28.9721	-0.766178	89.1811	
0.583843	-0.0574346	0.809833	-0.21473	0.951048	0.222258	-0.782955	-0.303659	0.54293	-29.75	-1.06367	89.7337	
0.567462	-0.0638754	0.820919	-0.22563	0.946762	0.229635	-0.791883	-0.315533	0.522839	-30.5371	-1.37313	90.2663	
