1	0	0	0	1	0	0	0	1	0	0	0	
1	3.24556e-08	-3.76021e-05	3.24556e-08	0.999999	0.00172626	3.76021e-05	-0.00172626	0.999999	1.63322e-05	-0.00074979	0.868686	
1	1.30904e-07	-7.55618e-05	1.30594e-07	0.999994	0.00346071	7.55618e-05	-0.00346071	0.999994	6.54843e-05	-0.00300272	1.73737	
1	2.96895e-07	-0.000113879	2.95652e-07	0.999986	0.00520326	0.000113879	-0.00520326	0.999986	0.000147767	-0.00676586	2.60605	
1	5.31989e-07	-0.000152554	5.28866e-07	0.999976	0.00695387	0.000152554	-0.00695387	0.999976	0.00026349	-0.0120462	3.47472	
1	8.37752e-07	-0.000191587	8.31477e-07	0.999962	0.00871246	0.000191587	-0.00871246	0.999962	0.000412966	-0.0188508	4.34338	
1	1.21576e-06	-0.000230979	1.20473e-06	0.999945	0.010479	0.000230979	-0.010479	0.999945	0.000596505	-0.0271865	5.21203	
1	1.66758e-06	-0.000270728	1.64985e-06	0.999925	0.0122533	0.000270728	-0.0122533	0.999925	0.000814418	-0.0370601	6.08066	
1	2.19482e-06	-0.000310836	2.16811e-06	0.999901	0.0140354	0.000310836	-0.0140354	0.999901	0.00106702	-0.0484784	6.94927	
1	2.79906e-06	-0.000351302	2.76073e-06	0.999875	0.0158252	0.000351303	-0.0158252	0.999875	0.00135461	-0.0614482	7.81786	
1	3.48191e-06	-0.000392127	3.42896e-06	0.999845	0.0176227	0.000392127	-0.0176227	0.999845	0.00167752	-0.0759761	8.68642	
1	4.24496e-06	-0.00043331	4.17405e-06	0.999811	0.0194277	0.00043331	-0.0194277	0.999811	0.00203604	-0.0920686	9.55496	
1	5.08983e-06	-0.000474851	4.99725e-06	0.999774	0.0212402	0.000474852	-0.0212402	0.999774	0.00243049	-0.109732	10.4235	
1	6.01814e-06	-0.00051675	5.8998e-06	0.999734	0.0230601	0.000516752	-0.0230601	0.999734	0.00286119	-0.128974	11.2919	
1	7.03151e-06	-0.000559008	6.88295e-06	0.99969	0.0248874	0.00055901	-0.0248874	0.99969	0.00332844	-0.1498	12.1604	
1	8.13156e-06	-0.000601624	7.94794e-06	0.999643	0.026722	0.000601626	-0.026722	0.999643	0.00383256	-0.172216	13.0288	
1	9.31993e-06	-0.000644597	9.09602e-06	0.999592	0.0285638	0.0006446	-0.0285638	0.999592	0.00437385	-0.196229	13.8971	
1	1.05982e-05	-0.000687928	1.03284e-05	0.999537	0.0304127	0.000687933	-0.0304127	0.999537	0.00495262	-0.221845	14.7654	
1	1.19682e-05	-0.000731617	1.16464e-05	0.999479	0.0322687	0.000731622	-0.0322687	0.999479	0.0055692	-0.24907	15.6337	
1	1.34313e-05	-0.000775663	1.30512e-05	0.999417	0.0341317	0.00077567	-0.0341317	0.999417	0.00622388	-0.277911	16.5019	
1	1.49893e-05	-0.000820066	1.45441e-05	0.999352	0.0360016	0.000820074	-0.0360016	0.999351	0.00691698	-0.308373	17.3701	
1	1.66439e-05	-0.000864826	1.61263e-05	0.999282	0.0378784	0.000864836	-0.0378784	0.999282	0.00764881	-0.340462	18.2382	
1	1.83966e-05	-0.000909942	1.7799e-05	0.999209	0.039762	0.000909954	-0.039762	0.999209	0.00841968	-0.374185	19.1062	
1	2.02492e-05	-0.000955414	1.95635e-05	0.999132	0.0416522	0.000955428	-0.0416522	0.999132	0.0092299	-0.409547	19.9742	
0.999999	2.22033e-05	-0.00100124	2.1421e-05	0.999051	0.0435491	0.00100126	-0.0435491	0.999051	0.0100798	-0.446553	20.842	
0.999999	2.42605e-05	-0.00104742	2.33728e-05	0.998966	0.0454526	0.00104745	-0.0454526	0.998966	0.0109696	-0.485211	21.7099	
0.999999	2.64225e-05	-0.00109396	2.542e-05	0.998878	0.0473626	0.00109399	-0.0473626	0.998877	0.0118997	-0.525524	22.5776	
0.999999	2.86911e-05	-0.00114086	2.7564e-05	0.998785	0.0492789	0.00114088	-0.0492789	0.998784	0.0128704	-0.5675	23.4453	
0.999999	3.10677e-05	-0.0011881	2.98058e-05	0.998688	0.0512017	0.00118813	-0.0512017	0.998688	0.013882	-0.611143	24.3129	
0.999999	3.35542e-05	-0.0012357	3.21468e-05	0.998588	0.0531306	0.00123574	-0.0531306	0.998587	0.0149348	-0.656459	25.1804	
0.999999	3.61522e-05	-0.00128365	3.45882e-05	0.998483	0.0550658	0.0012837	-0.0550658	0.998482	0.0160291	-0.703454	26.0478	
0.999999	3.88633e-05	-0.00133196	3.71311e-05	0.998374	0.0570071	0.00133201	-0.0570071	0.998373	0.0171652	-0.752132	26.9151	
0.999999	4.16892e-05	-0.00138062	3.97768e-05	0.998261	0.0589545	0.00138067	-0.0589545	0.99826	0.0183435	-0.802499	27.7823	
0.999999	4.46316e-05	-0.00142962	4.25265e-05	0.998143	0.0609078	0.00142969	-0.0609078	0.998142	0.0195641	-0.85456	28.6495	
0.999999	4.76921e-05	-0.00147898	4.53814e-05	0.998022	0.062867	0.00147905	-0.062867	0.998021	0.0208275	-0.908321	29.5165	
0.999999	5.08724e-05	-0.00152869	4.83427e-05	0.997896	0.0648321	0.00152877	-0.0648321	0.997895	0.022134	-0.963786	30.3834	
0.999999	5.41742e-05	-0.00157875	5.14116e-05	0.997766	0.0668029	0.00157884	-0.0668029	0.997765	0.0234837	-1.02096	31.2502	
0.999999	5.75991e-05	-0.00162915	5.45893e-05	0.997632	0.0687793	0.00162926	-0.0687793	0.997631	0.0248771	-1.07985	32.1169	
0.999999	6.11488e-05	-0.0016799	5.78769e-05	0.997493	0.0707614	0.00168002	-0.0707614	0.997492	0.0263145	-1.14046	32.9835	
0.999998	6.4825e-05	-0.001731	6.12756e-05	0.99735	0.072749	0.00173113	-0.072749	0.997349	0.0277961	-1.20279	33.8499	
0.999998	6.86292e-05	-0.00178245	6.47867e-05	0.997203	0.074742	0.00178259	-0.074742	0.997201	0.0293223	-1.26685	34.7162	
0.999998	7.25633e-05	-0.00183424	6.84112e-05	0.997051	0.0767404	0.0018344	-0.0767404	0.997049	0.0308933	-1.33265	35.5824	
0.999998	7.66287e-05	-0.00188638	7.21503e-05	0.996895	0.0787441	0.00188655	-0.0787441	0.996893	0.0325095	-1.40018	36.4485	
0.999998	8.08271e-05	-0.00193885	7.60052e-05	0.996734	0.080753	0.00193905	-0.080753	0.996732	0.0341711	-1.46946	37.3144	
0.999998	8.51603e-05	-0.00199168	7.99771e-05	0.996569	0.082767	0.00199189	-0.082767	0.996567	0.0358785	-1.54048	38.1802	
0.999998	8.96298e-05	-0.00204484	8.4067e-05	0.996399	0.0847861	0.00204507	-0.0847861	0.996397	0.0376319	-1.61326	39.0458	
0.999998	9.42373e-05	-0.00209834	8.82762e-05	0.996225	0.0868102	0.0020986	-0.0868102	0.996223	0.0394317	-1.68779	39.9113	
0.999998	9.89844e-05	-0.00215218	9.26056e-05	0.996046	0.0888392	0.00215247	-0.0888392	0.996044	0.0412781	-1.76408	40.7766	
0.999998	0.000103873	-0.00220637	9.70566e-05	0.995862	0.0908731	0.00220668	-0.0908731	0.99586	0.0431715	-1.84214	41.6418	
0.999997	0.000108904	-0.00226088	0.00010163	0.995674	0.0929117	0.00226122	-0.0929117	0.995672	0.0451121	-1.92197	42.5068	
0.999997	0.000114079	-0.00231574	0.000106327	0.995482	0.094955	0.00231611	-0.094955	0.995479	0.0471002	-2.00356	43.3716	
0.999997	0.000119401	-0.00237093	0.000111149	0.995284	0.0970029	0.00237133	-0.0970028	0.995281	0.0491362	-2.08694	44.2363	
0.999997	0.00012487	-0.00242645	0.000116097	0.995082	0.0990553	0.00242689	-0.0990553	0.995079	0.0512202	-2.1721	45.1008	
0.999997	0.000130489	-0.00248231	0.000121172	0.994875	0.101112	0.00248278	-0.101112	0.994872	0.0533527	-2.25904	45.9651	
0.999997	0.000136259	-0.0025385	0.000126375	0.994663	0.103173	0.00253901	-0.103173	0.99466	0.0555339	-2.34777	46.8293	
0.999997	0.000142181	-0.00259502	0.000131706	0.994447	0.105239	0.00259557	-0.105239	0.994444	0.0577641	-2.43829	47.6932	
0.999996	0.000148257	-0.00265187	0.000137168	0.994226	0.107309	0.00265247	-0.107309	0.994222	0.0600435	-2.53061	48.557	
0.999996	0.000154488	-0.00270905	0.000142762	0.994	0.109383	0.00270969	-0.109383	0.993996	0.0623726	-2.62473	49.4206	
0.999996	0.000160877	-0.00276655	0.000148487	0.993769	0.11146	0.00276724	-0.11146	0.993765	0.0647514	-2.72065	50.2839	
0.999996	0.000149038	-0.00266345	0.000162835	0.993166	0.116711	0.00266265	-0.116711	0.993162	0.0671099	-2.81975	51.1469	
0.999997	0.000136734	-0.00256109	0.000176643	0.992535	0.121962	0.00255865	-0.121962	0.992531	0.0693777	-2.92342	52.0094	
0.999997	0.00012397	-0.00245944	0.000189912	0.991875	0.127214	0.00245523	-0.127214	0.991872	0.0715555	-3.03165	52.8713	
0.999997	0.000110751	-0.00235849	0.000202645	0.991188	0.132466	0.00235238	-0.132466	0.991185	0.0736436	-3.14444	53.7327	
0.999997	9.70818e-05	-0.00225824	0.000214843	0.990471	0.137718	0.00225009	-0.137718	0.990469	0.0756427	-3.26179	54.5934	
0.999998	8.29655e-05	-0.00215865	0.000226509	0.989727	0.14297	0.00214833	-0.14297	0.989725	0.0775531	-3.38371	55.4535	
0.999998	6.84064e-05	-0.00205972	0.000237643	0.988954	0.148221	0.00204711	-0.148221	0.988952	0.0793754	-3.51018	56.3129	
0.999998	5.34083e-05	-0.00196143	0.000248248	0.988153	0.153471	0.00194639	-0.153472	0.988151	0.0811099	-3.64122	57.1716	
0.999998	3.79744e-05	-0.00186377	0.000258325	0.987324	0.15872	0.00184617	-0.158721	0.987322	0.0827572	-3.77682	58.0297	
0.999998	2.2108e-05	-0.00176672	0.000267876	0.986466	0.163968	0.00174643	-0.163968	0.986464	0.0843176	-3.91698	58.887	
0.999999	5.81198e-06	-0.00167026	0.000276903	0.985579	0.169213	0.00164716	-0.169214	0.985578	0.0857916	-4.0617	59.7435	
0.999999	-1.09111e-05	-0.00157439	0.000285408	0.984665	0.174457	0.00154834	-0.174457	0.984664	0.0871796	-4.21097	60.5993	
0.999999	-2.80588e-05	-0.00147909	0.000293391	0.983722	0.179698	0.00144997	-0.179698	0.983721	0.0884819	-4.36479	61.4542	
0.999999	-4.5629e-05	-0.00138433	0.000300854	0.982751	0.184936	0.00135201	-0.184936	0.98275	0.0896989	-4.52317	62.3084	
0.999999	-6.36199e-05	-0.00129011	0.0003078	0.981751	0.190171	0.00125447	-0.190171	0.98175	0.090831	-4.68609	63.1616	
0.999999	-8.20299e-05	-0.00119641	0.000314229	0.980723	0.195402	0.00115731	-0.195402	0.980722	0.0918785	-4.85357	64.014	
0.999999	-0.000100858	-0.00110321	0.000320143	0.979667	0.20063	0.00106054	-0.20063	0.979667	0.0928418	-5.02558	64.8655	
0.999999	-0.000120102	-0.0010105	0.000325544	0.978583	0.205853	0.000964131	-0.205853	0.978582	0.0937213	-5.20213	65.7161	
1	-0.000139762	-0.000918257	0.000330433	0.97747	0.211072	0.000868069	-0.211073	0.97747	0.0945171	-5.38322	66.5657	
1	-0.000159838	-0.000826475	0.000334811	0.97633	0.216287	0.000772341	-0.216287	0.97633	0.0952296	-5.56884	67.4143	
1	-0.000180329	-0.000735133	0.000338679	0.975161	0.221496	0.000676931	-0.221496	0.975161	0.095859	-5.75899	68.2619	
1	-0.000201236	-0.000644215	0.00034204	0.973964	0.2267	0.000581823	-0.226701	0.973964	0.0964058	-5.95367	69.1085	
1	-0.000222557	-0.000553706	0.000344894	0.97274	0.231899	0.000487001	-0.231899	0.97274	0.09687	-6.15286	69.954	
1	-0.000244295	-0.00046359	0.000347243	0.971487	0.237091	0.000392452	-0.237091	0.971487	0.097252	-6.35656	70.7985	
1	-0.000510507	0.00057804	0.000344014	0.966117	0.258106	-0.000690219	-0.258106	0.966116	0.0971227	-6.57165	71.6401	
0.999998	-0.000799247	0.00161365	0.000317303	0.960291	0.278999	-0.00177256	-0.278998	0.96029	0.0960529	-6.80495	72.4769	
0.999996	-0.00111038	0.00264275	0.000267124	0.954014	0.299761	-0.00285407	-0.299759	0.954011	0.0940433	-7.05634	73.3084	
0.999992	-0.00144376	0.00366486	0.0001935	0.947288	0.320382	-0.00393424	-0.320379	0.947281	0.0910947	-7.3257	74.1342	
0.999987	-0.00179922	0.0046795	9.64659e-05	0.940117	0.340852	-0.00501254	-0.340847	0.940105	0.0872086	-7.61291	74.954	
0.999981	-0.00217661	0.00568618	-2.39325e-05	0.932503	0.361162	-0.00608849	-0.361155	0.932486	0.0823868	-7.91783	75.7674	
0.999974	-0.00257574	0.00668443	-0.000167639	0.924451	0.381301	-0.00716156	-0.381292	0.924427	0.0766315	-8.24032	76.574	
0.999966	-0.00299642	0.00767378	-0.000334584	0.915964	0.401261	-0.00823125	-0.40125	0.915932	0.0699454	-8.58023	77.3734	
0.999957	-0.00343847	0.00865377	-0.000524691	0.907046	0.421032	-0.00929707	-0.421018	0.907005	0.0623318	-8.93739	78.1652	
0.999946	-0.00390165	0.00962393	-0.000737869	0.897701	0.440605	-0.0103585	-0.440588	0.89765	0.0537942	-9.31164	78.949	
0.999934	-0.00438577	0.0105838	-0.000974019	0.887934	0.45997	-0.011415	-0.45995	0.887871	0.0443367	-9.7028	79.7246	
0.999922	-0.00489059	0.0115329	-0.00123303	0.877749	0.479119	-0.0124662	-0.479095	0.877674	0.0339636	-10.1107	80.4915	
0.999908	-0.00541587	0.0124709	-0.00151477	0.867152	0.498041	-0.0135115	-0.498014	0.867064	0.0226799	-10.5351	81.2493	
0.999892	-0.00596137	0.0133972	-0.00181912	0.856147	0.51673	-0.0145504	-0.516699	0.856044	0.010491	-10.9758	81.9978	
0.999876	-0.00652682	0.0143115	-0.00214593	0.844739	0.535175	-0.0155824	-0.535139	0.84462	-0.00259755	-11.4327	82.7365	
0.999859	-0.00711197	0.0152132	-0.00249505	0.832934	0.553367	-0.0166071	-0.553327	0.832798	-0.0165794	-11.9055	83.4651	
0.999841	-0.00771653	0.016102	-0.00286631	0.820737	0.571299	-0.017624	-0.571255	0.820584	-0.0314481	-12.394	84.1832	
