1	0	0	0	1	0	0	0	1	0	0	0	
1	-1.09872e-06	0.000550237	-1.09872e-06	0.999992	0.0039936	-0.000550237	-0.0039936	0.999992	-0.00020884	-0.00151575	0.759089	
0.999999	-4.41217e-06	0.00110331	-4.40139e-06	0.999968	0.00798817	-0.00110331	-0.00798817	0.999967	-0.000836437	-0.00606338	1.51817	
0.999999	-9.96361e-06	0.00165921	-9.92046e-06	0.999928	0.0119836	-0.00165921	-0.0119836	0.999927	-0.00188494	-0.0136436	2.27722	
0.999998	-1.77762e-05	0.00221792	-1.76683e-05	0.999872	0.0159799	-0.00221792	-0.0159799	0.99987	-0.00335649	-0.0242571	3.03623	
0.999996	-2.78731e-05	0.00277944	-2.76572e-05	0.9998	0.0199769	-0.00277944	-0.0199769	0.999797	-0.00525321	-0.0379044	3.7952	
0.999994	-4.02774e-05	0.00334375	-3.98995e-05	0.999713	0.0239746	-0.00334376	-0.0239746	0.999707	-0.00757725	-0.054586	4.5541	
0.999992	-5.50121e-05	0.00391085	-5.44073e-05	0.999609	0.0279728	-0.00391086	-0.0279728	0.999601	-0.0103307	-0.0743024	5.31293	
0.99999	-7.21002e-05	0.00448072	-7.11926e-05	0.999489	0.0319715	-0.00448073	-0.0319715	0.999479	-0.0135157	-0.0970541	6.07167	
0.999987	-9.15646e-05	0.00505335	-9.02677e-05	0.999353	0.0359706	-0.00505337	-0.0359706	0.99934	-0.0171343	-0.122841	6.83032	
0.999984	-0.000113428	0.00562873	-0.000111644	0.999201	0.03997	-0.00562877	-0.03997	0.999185	-0.0211887	-0.151664	7.58885	
0.999981	-0.000137714	0.00620686	-0.000135335	0.999033	0.0439696	-0.00620691	-0.0439696	0.999014	-0.0256809	-0.183523	8.34726	
0.999977	-0.000164444	0.00678771	-0.000161351	0.998849	0.0479693	-0.00678778	-0.0479693	0.998826	-0.030613	-0.218418	9.10553	
0.999973	-0.000193642	0.00737127	-0.000189703	0.998649	0.0519691	-0.00737138	-0.0519691	0.998621	-0.035987	-0.256349	9.86365	
0.999968	-0.000225329	0.00795755	-0.000220405	0.998432	0.0559688	-0.00795768	-0.0559688	0.998401	-0.0418051	-0.297317	10.6216	
0.999963	-0.00025953	0.00854651	-0.000253468	0.9982	0.0599685	-0.00854669	-0.0599684	0.998164	-0.0480693	-0.34132	11.3794	
0.999958	-0.000296265	0.00913816	-0.000288903	0.997952	0.0639679	-0.00913839	-0.0639679	0.99791	-0.0547816	-0.38836	12.137	
0.999953	-0.000335558	0.00973247	-0.000326721	0.997688	0.067967	-0.00973277	-0.067967	0.99764	-0.061944	-0.438435	12.8944	
0.999947	-0.00037743	0.0103294	-0.000366934	0.997407	0.0719658	-0.0103298	-0.0719657	0.997354	-0.0695587	-0.491546	13.6516	
0.99994	-0.000421905	0.0109291	-0.000409554	0.99711	0.0759641	-0.0109295	-0.075964	0.997051	-0.0776276	-0.547692	14.4086	
0.999933	-0.000469004	0.0115313	-0.000454592	0.996798	0.0799619	-0.0115319	-0.0799618	0.996731	-0.0861528	-0.606873	15.1653	
0.999926	-0.00051875	0.0121362	-0.000502059	0.996469	0.083959	-0.0121369	-0.0839589	0.996395	-0.0951361	-0.669089	15.9218	
0.999919	-0.000571165	0.0127436	-0.000551966	0.996124	0.0879555	-0.0127445	-0.0879553	0.996043	-0.10458	-0.734338	16.678	
0.999911	-0.00062627	0.0133537	-0.000604325	0.995763	0.0919511	-0.0133547	-0.091951	0.995674	-0.114486	-0.802621	17.434	
0.999902	-0.000684087	0.0139663	-0.000659145	0.995386	0.0959459	-0.0139675	-0.0959457	0.995289	-0.124856	-0.873936	18.1896	
0.999893	-0.000744639	0.0145815	-0.00071644	0.994993	0.0999397	-0.0145829	-0.0999395	0.994887	-0.135692	-0.948283	18.945	
0.999884	-0.000807947	0.0151993	-0.000776218	0.994584	0.103932	-0.0152009	-0.103932	0.994468	-0.146996	-1.02566	19.7	
0.999874	-0.000874033	0.0158196	-0.000838491	0.994159	0.107924	-0.0158215	-0.107924	0.994033	-0.158771	-1.10607	20.4548	
0.999864	-0.000942919	0.0164424	-0.00090327	0.993717	0.111915	-0.0164446	-0.111914	0.993582	-0.171017	-1.18951	21.2091	
0.999854	-0.00101463	0.0170677	-0.000970565	0.99326	0.115904	-0.0170703	-0.115903	0.993114	-0.183738	-1.27598	21.9632	
0.999843	-0.00108917	0.0176955	-0.00104039	0.992786	0.119891	-0.0176985	-0.119891	0.992629	-0.196934	-1.36547	22.7169	
0.999831	-0.00116659	0.0183258	-0.00111275	0.992297	0.123878	-0.0183292	-0.123877	0.992128	-0.210608	-1.45799	23.4702	
0.999819	-0.00124689	0.0189586	-0.00118766	0.991791	0.127863	-0.0189624	-0.127862	0.991611	-0.224762	-1.55354	24.2231	
0.999807	-0.00133009	0.0195938	-0.00126512	0.991269	0.131846	-0.0195981	-0.131845	0.991077	-0.239397	-1.65211	24.9756	
0.999794	-0.00141622	0.0202314	-0.00134516	0.990732	0.135827	-0.0202363	-0.135826	0.990526	-0.254516	-1.7537	25.7277	
0.999781	-0.0015053	0.0208715	-0.00142777	0.990178	0.139807	-0.020877	-0.139806	0.989959	-0.270121	-1.85832	26.4794	
0.999767	-0.00159735	0.021514	-0.00151297	0.989608	0.143784	-0.0215201	-0.143784	0.989375	-0.286212	-1.96595	27.2307	
0.999753	-0.00169239	0.0221588	-0.00160078	0.989022	0.14776	-0.0221657	-0.147759	0.988775	-0.302793	-2.07661	27.9815	
0.999738	-0.00179045	0.0228061	-0.00169119	0.98842	0.151734	-0.0228137	-0.151733	0.988158	-0.319865	-2.19028	28.7318	
0.999723	-0.00189153	0.0234557	-0.00178422	0.987802	0.155706	-0.0234641	-0.155704	0.987525	-0.337429	-2.30697	29.4817	
0.999707	-0.00199567	0.0241076	-0.00187987	0.987168	0.159675	-0.0241169	-0.159674	0.986875	-0.355488	-2.42667	30.231	
0.999691	-0.00210288	0.0247619	-0.00197817	0.986518	0.163642	-0.0247722	-0.163641	0.986209	-0.374044	-2.54938	30.9799	
0.999674	-0.00221318	0.0254185	-0.00207912	0.985852	0.167607	-0.0254298	-0.167605	0.985526	-0.393098	-2.6751	31.7283	
0.999657	-0.0023266	0.0260773	-0.00218272	0.98517	0.171569	-0.0260898	-0.171567	0.984827	-0.412652	-2.80383	32.4761	
0.999639	-0.00244315	0.0267385	-0.00228899	0.984472	0.175529	-0.0267521	-0.175527	0.984111	-0.432708	-2.93557	33.2234	
0.999621	-0.00256285	0.0274019	-0.00239794	0.983758	0.179486	-0.0274168	-0.179484	0.983379	-0.453268	-3.07031	33.9702	
0.999602	-0.00268573	0.0280675	-0.00250958	0.983028	0.183441	-0.0280838	-0.183438	0.98263	-0.474333	-3.20806	34.7164	
0.999583	-0.0028118	0.0287354	-0.00262391	0.982282	0.187392	-0.0287532	-0.187389	0.981865	-0.495905	-3.34881	35.462	
0.999563	-0.00294109	0.0294055	-0.00274094	0.98152	0.191341	-0.0294248	-0.191338	0.981083	-0.517986	-3.49255	36.207	
0.999543	-0.00307361	0.0300778	-0.00286069	0.980742	0.195287	-0.0300988	-0.195284	0.980285	-0.540578	-3.63929	36.9514	
0.999522	-0.00320938	0.0307523	-0.00298316	0.979948	0.19923	-0.030775	-0.199226	0.97947	-0.563683	-3.78903	37.6953	
0.9995	-0.00334843	0.0314289	-0.00310837	0.979139	0.203169	-0.0314535	-0.203166	0.978639	-0.587301	-3.94175	38.4384	
0.999478	-0.00349077	0.0321076	-0.00323631	0.978313	0.207106	-0.0321343	-0.207102	0.977791	-0.611436	-4.09747	39.181	
0.999361	-0.00421305	0.0354804	-0.00338769	0.977377	0.211476	-0.0355687	-0.211461	0.976739	-0.637132	-4.25633	39.9228	
0.999233	-0.00495059	0.0388505	-0.00355482	0.97642	0.215852	-0.039003	-0.215824	0.975653	-0.665436	-4.41851	40.6639	
0.999092	-0.0057034	0.0422176	-0.00373776	0.97544	0.220233	-0.0424368	-0.22019	0.974533	-0.696346	-4.58399	41.404	
0.99894	-0.00647147	0.0455816	-0.00393656	0.974439	0.224618	-0.0458701	-0.224559	0.97338	-0.729862	-4.7528	42.1434	
0.998775	-0.00725481	0.0489423	-0.00415127	0.973416	0.229007	-0.0493026	-0.22893	0.972194	-0.765985	-4.92492	42.8818	
0.998599	-0.00805342	0.0522996	-0.00438195	0.972371	0.2334	-0.0527342	-0.233302	0.970973	-0.804712	-5.10036	43.6193	
0.998411	-0.0088673	0.0556532	-0.00462863	0.971304	0.237796	-0.0561648	-0.237676	0.969719	-0.846045	-5.27911	44.3559	
0.998211	-0.00969645	0.0590031	-0.00489137	0.970215	0.242195	-0.0595941	-0.24205	0.968432	-0.889981	-5.46119	45.0915	
0.997999	-0.0105409	0.062349	-0.00517019	0.969104	0.246597	-0.063022	-0.246425	0.967111	-0.936519	-5.64659	45.8262	
0.997775	-0.0114005	0.0656908	-0.00546514	0.967972	0.251	-0.0664484	-0.2508	0.965756	-0.985659	-5.83531	46.5598	
0.997539	-0.0122755	0.0690283	-0.00577624	0.966817	0.255405	-0.069873	-0.255175	0.964367	-1.0374	-6.02735	47.2923	
0.997292	-0.0131656	0.0723615	-0.00610352	0.96564	0.25981	-0.0732957	-0.259548	0.962945	-1.09174	-6.22271	48.0238	
0.997032	-0.014071	0.07569	-0.00644701	0.964442	0.264217	-0.0767164	-0.263921	0.961489	-1.14868	-6.4214	48.7543	
0.996761	-0.0149917	0.0790139	-0.00680672	0.963221	0.268623	-0.0801349	-0.268291	0.959999	-1.20821	-6.62339	49.4836	
0.996478	-0.0159275	0.0823328	-0.00718268	0.961979	0.27303	-0.0835511	-0.272659	0.958476	-1.27033	-6.82871	50.2117	
0.996183	-0.0168786	0.0856467	-0.00757489	0.960714	0.277436	-0.0869648	-0.277025	0.956919	-1.33505	-7.03734	50.9387	
0.995876	-0.0178448	0.0889555	-0.00798338	0.959428	0.28184	-0.0903758	-0.281388	0.955329	-1.40236	-7.24929	51.6645	
0.995557	-0.0188262	0.092259	-0.00840814	0.95812	0.286243	-0.0937841	-0.285747	0.953705	-1.47226	-7.46454	52.389	
0.995227	-0.0198227	0.095557	-0.00884918	0.95679	0.290645	-0.0971894	-0.290103	0.952048	-1.54474	-7.6831	53.1124	
0.994884	-0.0208344	0.0988494	-0.0093065	0.955439	0.295043	-0.100592	-0.294454	0.950357	-1.61981	-7.90497	53.8344	
0.99453	-0.0218612	0.102136	-0.00978009	0.954065	0.299439	-0.103991	-0.2988	0.948633	-1.69746	-8.13014	54.5552	
0.994164	-0.0229031	0.105417	-0.01027	0.95267	0.303832	-0.107386	-0.303142	0.946875	-1.77769	-8.3586	55.2746	
0.993787	-0.02396	0.108692	-0.0107761	0.951254	0.308222	-0.110779	-0.307478	0.945085	-1.86049	-8.59036	55.9927	
0.993397	-0.025032	0.111961	-0.0112985	0.949815	0.312607	-0.114167	-0.311808	0.943261	-1.94587	-8.82541	56.7094	
0.992996	-0.026119	0.115223	-0.0118371	0.948356	0.316988	-0.117552	-0.316131	0.941405	-2.03381	-9.06374	57.4247	
0.992583	-0.027221	0.118479	-0.0123919	0.946875	0.321363	-0.120933	-0.320448	0.939515	-2.12433	-9.30535	58.1386	
0.992159	-0.0283379	0.121729	-0.0129629	0.945373	0.325734	-0.12431	-0.324758	0.937592	-2.21741	-9.55024	58.8511	
0.991723	-0.0294698	0.124972	-0.0135501	0.943849	0.330099	-0.127682	-0.32906	0.935637	-2.31305	-9.79839	59.562	
0.991275	-0.0306166	0.128208	-0.0141535	0.942304	0.334458	-0.131051	-0.333354	0.933649	-2.41126	-10.0498	60.2715	
0.990815	-0.0317783	0.131437	-0.0147729	0.940739	0.338811	-0.134415	-0.33764	0.931629	-2.51201	-10.3045	60.9795	
0.990344	-0.0329548	0.134659	-0.0154084	0.939152	0.343156	-0.137774	-0.341917	0.929576	-2.61532	-10.5624	61.6859	
0.989861	-0.0341461	0.137874	-0.01606	0.937544	0.347494	-0.141129	-0.346185	0.92749	-2.72118	-10.8236	62.3907	
0.989366	-0.0353521	0.141082	-0.0167275	0.935916	0.351825	-0.144479	-0.350444	0.925373	-2.82958	-11.088	63.094	
0.98886	-0.0365729	0.144283	-0.017411	0.934267	0.356148	-0.147824	-0.354692	0.923223	-2.94052	-11.3556	63.7956	
0.988343	-0.0378084	0.147476	-0.0181104	0.932598	0.360462	-0.151164	-0.358931	0.921042	-3.054	-11.6265	64.4956	
0.987814	-0.0390586	0.150661	-0.0188257	0.930908	0.364767	-0.154499	-0.363158	0.918829	-3.17001	-11.9005	65.1939	
0.987273	-0.0403234	0.153839	-0.0195567	0.929199	0.369063	-0.157829	-0.367375	0.916584	-3.28856	-12.1778	65.8905	
0.986721	-0.0416027	0.157009	-0.0203035	0.927469	0.37335	-0.161153	-0.371579	0.914308	-3.40962	-12.4583	66.5854	
0.986157	-0.0428966	0.16017	-0.021066	0.925719	0.377626	-0.164472	-0.375773	0.912	-3.53321	-12.7419	67.2786	
0.985582	-0.0442049	0.163324	-0.021844	0.923949	0.381892	-0.167785	-0.379953	0.909661	-3.65932	-13.0288	67.97	
0.984995	-0.0455277	0.16647	-0.0226377	0.922159	0.386147	-0.171092	-0.384122	0.907292	-3.78794	-13.3188	68.6596	
0.984397	-0.0468649	0.169607	-0.0234468	0.92035	0.390391	-0.174394	-0.388277	0.904891	-3.91907	-13.6119	69.3474	
0.981014	-0.0540566	0.186253	-0.0242643	0.918613	0.394414	-0.192415	-0.391445	0.89986	-4.05829	-13.9079	70.0325	
0.977299	-0.0613055	0.202803	-0.0251621	0.916861	0.398413	-0.210367	-0.394471	0.894504	-4.21117	-14.2062	70.7135	
0.973253	-0.0686089	0.219252	-0.0261396	0.915096	0.402388	-0.228244	-0.397356	0.888827	-4.37765	-14.5067	71.3904	
0.968879	-0.0759642	0.235593	-0.0271967	0.913319	0.406336	-0.246038	-0.400098	0.882829	-4.55767	-14.8094	72.0628	
0.964177	-0.0833687	0.25182	-0.0283329	0.911529	0.410258	-0.263744	-0.402696	0.876513	-4.75116	-15.1141	72.7306	
