1	0	0	0	1	0	0	0	1	0	0	0	
0.999997	3.11255e-06	-0.00239753	3.11255e-06	0.999997	0.00259645	0.00239753	-0.00259645	0.999994	0.00124902	-0.00135265	1.04192	
0.999988	1.24874e-05	-0.00480258	1.24834e-05	0.999986	0.00519938	0.00480258	-0.00519938	0.999975	0.00499999	-0.00541397	2.08382	
0.999974	2.81786e-05	-0.00721503	2.81626e-05	0.99997	0.00780864	0.00721503	-0.00780864	0.999943	0.0112607	-0.0121906	3.1257	
0.999954	5.02395e-05	-0.00963476	5.01993e-05	0.999946	0.0104241	0.00963476	-0.0104241	0.999899	0.0200388	-0.0216892	4.16754	
0.999927	7.87224e-05	-0.0120616	7.86418e-05	0.999915	0.0130456	0.0120616	-0.0130456	0.999842	0.0313417	-0.033916	5.20932	
0.999895	0.000113679	-0.0144956	0.000113537	0.999877	0.0156731	0.0144956	-0.0156731	0.999772	0.045177	-0.0488772	6.25104	
0.999857	0.000155159	-0.0169364	0.000154932	0.999832	0.0183063	0.0169364	-0.0183063	0.999689	0.0615518	-0.0665791	7.29268	
0.999812	0.000203213	-0.0193841	0.000202872	0.999781	0.0209451	0.0193841	-0.0209451	0.999593	0.0804733	-0.0870276	8.33423	
0.999761	0.000257889	-0.0218384	0.000257401	0.999722	0.0235895	0.0218384	-0.0235895	0.999483	0.101949	-0.110228	9.37567	
0.999705	0.000319236	-0.0242992	0.000318562	0.999656	0.0262392	0.0242993	-0.0262392	0.99936	0.125984	-0.136187	10.417	
0.999642	0.000387299	-0.0267665	0.000386399	0.999582	0.0288942	0.0267666	-0.0288942	0.999224	0.152588	-0.164909	11.4582	
0.999572	0.000462126	-0.0292402	0.000460952	0.999502	0.0315542	0.0292402	-0.0315542	0.999074	0.181765	-0.196401	12.4992	
0.999497	0.000543761	-0.03172	0.000542263	0.999414	0.0342192	0.03172	-0.0342192	0.998911	0.213523	-0.230666	13.5401	
0.999415	0.000632247	-0.0342058	0.000630372	0.999319	0.036889	0.0342059	-0.036889	0.998734	0.247868	-0.267711	14.5808	
0.999326	0.00072763	-0.0366976	0.000725315	0.999217	0.0395635	0.0366977	-0.0395635	0.998543	0.284805	-0.307539	15.6213	
0.999231	0.000829949	-0.0391952	0.000827133	0.999107	0.0422425	0.0391953	-0.0422424	0.998338	0.324343	-0.350157	16.6616	
0.99913	0.000939248	-0.0416986	0.00093586	0.99899	0.0449259	0.0416986	-0.0449258	0.99812	0.366485	-0.395568	17.7016	
0.999022	0.00105556	-0.0442074	0.00105153	0.998865	0.0476135	0.0442075	-0.0476134	0.997887	0.411239	-0.443777	18.7415	
0.998907	0.00117894	-0.0467218	0.00117419	0.998733	0.0503053	0.0467219	-0.0503052	0.99764	0.458609	-0.494789	19.7811	
0.998786	0.00130941	-0.0492414	0.00130386	0.998594	0.053001	0.0492416	-0.0530008	0.99738	0.508603	-0.548607	20.8204	
0.998658	0.00144702	-0.0517663	0.00144057	0.998446	0.0557005	0.0517665	-0.0557004	0.997105	0.561224	-0.605236	21.8594	
0.998524	0.0015918	-0.0542962	0.00158436	0.998292	0.0584038	0.0542964	-0.0584036	0.996815	0.616478	-0.66468	22.8982	
0.998382	0.00174378	-0.0568311	0.00173527	0.998129	0.0611106	0.0568313	-0.0611103	0.996512	0.674371	-0.726942	23.9366	
0.998234	0.001903	-0.0593708	0.00189331	0.99796	0.0638208	0.0593711	-0.0638205	0.996194	0.734908	-0.792026	24.9748	
0.998079	0.0020695	-0.0619152	0.00205852	0.997782	0.0665343	0.0619155	-0.066534	0.995861	0.798094	-0.859935	26.0125	
0.997918	0.00224331	-0.0644641	0.00223093	0.997597	0.0692509	0.0644646	-0.0692505	0.995514	0.863933	-0.930674	27.05	
0.997749	0.00242445	-0.0670175	0.00241056	0.997404	0.0719706	0.067018	-0.0719701	0.995153	0.93243	-1.00424	28.087	
0.997573	0.00261296	-0.0695753	0.00259744	0.997203	0.074693	0.0695759	-0.0746925	0.994776	1.00359	-1.08065	29.1237	
0.997391	0.00280887	-0.0721372	0.00279159	0.996995	0.0774183	0.0721379	-0.0774176	0.994386	1.07742	-1.15989	30.16	
0.997201	0.00301221	-0.0747032	0.00299304	0.996779	0.080146	0.074704	-0.0801453	0.99398	1.15392	-1.24198	31.1958	
0.997005	0.003223	-0.0772731	0.00320181	0.996555	0.0828763	0.077274	-0.0828755	0.993559	1.23309	-1.3269	32.2313	
0.996801	0.00344127	-0.0798469	0.00341792	0.996323	0.0856088	0.0798479	-0.0856079	0.993124	1.31494	-1.41468	33.2662	
0.996591	0.00366704	-0.0824243	0.00364139	0.996083	0.0883435	0.0824255	-0.0883425	0.992674	1.39948	-1.5053	34.3008	
0.996373	0.00390035	-0.0850053	0.00387225	0.995836	0.0910803	0.0850066	-0.0910791	0.992209	1.48671	-1.59877	35.3348	
0.996148	0.00414121	-0.0875898	0.0041105	0.995581	0.0938189	0.0875912	-0.0938176	0.991729	1.57662	-1.69509	36.3684	
0.995916	0.00438965	-0.0901775	0.00435618	0.995318	0.0965593	0.0901792	-0.0965578	0.991234	1.66924	-1.79427	37.4014	
0.995677	0.00464569	-0.0927685	0.00460928	0.995047	0.0993013	0.0927703	-0.0992996	0.990724	1.76455	-1.89631	38.4339	
0.995431	0.00490935	-0.0953625	0.00486984	0.994768	0.102045	0.0953645	-0.102043	0.990198	1.86256	-2.0012	39.4659	
0.995177	0.00518064	-0.0979594	0.00513787	0.994481	0.10479	0.0979617	-0.104788	0.989658	1.96327	-2.10895	40.4973	
0.994916	0.00545959	-0.100559	0.00541337	0.994186	0.107536	0.100562	-0.107533	0.989103	2.06669	-2.21956	41.5282	
0.994648	0.00574622	-0.103162	0.00569636	0.993884	0.110283	0.103164	-0.11028	0.988532	2.17283	-2.33303	42.5585	
0.994373	0.00604053	-0.105767	0.00598686	0.993573	0.113031	0.10577	-0.113028	0.987946	2.28167	-2.44937	43.5881	
0.99409	0.00634256	-0.108374	0.00628487	0.993255	0.11578	0.108377	-0.115777	0.987345	2.39324	-2.56856	44.6172	
0.9938	0.0066523	-0.110984	0.0065904	0.992929	0.118529	0.110987	-0.118526	0.986729	2.50752	-2.69063	45.6456	
0.993503	0.00696977	-0.113595	0.00690347	0.992594	0.121279	0.113599	-0.121275	0.986097	2.62452	-2.81555	46.6734	
0.993198	0.007295	-0.116209	0.00722407	0.992252	0.12403	0.116214	-0.124026	0.98545	2.74424	-2.94334	47.7005	
0.992886	0.00762798	-0.118825	0.00755222	0.991902	0.12678	0.11883	-0.126776	0.984788	2.86669	-3.074	48.7269	
0.992566	0.00796872	-0.121443	0.00788792	0.991544	0.129531	0.121448	-0.129526	0.98411	2.99186	-3.20753	49.7526	
0.99224	0.00831725	-0.124062	0.00823118	0.991178	0.132282	0.124068	-0.132277	0.983418	3.11977	-3.34391	50.7776	
0.991905	0.00867356	-0.126683	0.00858199	0.990804	0.135033	0.126689	-0.135027	0.982709	3.2504	-3.48317	51.8019	
0.991564	0.00903766	-0.129305	0.00894036	0.990422	0.137783	0.129312	-0.137777	0.981986	3.38377	-3.62529	52.8254	
0.991215	0.00940956	-0.131929	0.0093063	0.990032	0.140533	0.131936	-0.140526	0.981247	3.51987	-3.77027	53.8482	
0.990858	0.00978926	-0.134553	0.0096798	0.989635	0.143282	0.134561	-0.143275	0.980493	3.6587	-3.91812	54.8701	
0.990494	0.0101768	-0.137179	0.0100609	0.989229	0.146031	0.137187	-0.146023	0.979723	3.80027	-4.06884	55.8913	
0.990123	0.0105721	-0.139805	0.0104495	0.988815	0.148779	0.139815	-0.14877	0.978938	3.94458	-4.22241	56.9117	
0.989744	0.0109752	-0.142433	0.0108457	0.988394	0.151526	0.142443	-0.151517	0.978137	4.09162	-4.37885	57.9313	
0.989357	0.0113862	-0.145061	0.0112494	0.987964	0.154272	0.145071	-0.154262	0.977322	4.24141	-4.53815	58.95	
0.988963	0.0118049	-0.147689	0.0116607	0.987527	0.157017	0.147701	-0.157006	0.97649	4.39393	-4.70031	59.9679	
0.988562	0.0122315	-0.150318	0.0120795	0.987082	0.15976	0.15033	-0.159748	0.975644	4.54919	-4.86532	60.9848	
0.988153	0.0126659	-0.152947	0.0125059	0.986629	0.162502	0.152961	-0.162489	0.974782	4.7072	-5.03319	62.0009	
0.987737	0.0131081	-0.155577	0.0129398	0.986168	0.165242	0.155591	-0.165229	0.973905	4.86794	-5.20392	63.0161	
0.987313	0.0135581	-0.158206	0.0133812	0.985699	0.167981	0.158221	-0.167967	0.973012	5.03142	-5.3775	64.0304	
0.986882	0.0140158	-0.160835	0.0138301	0.985223	0.170717	0.160851	-0.170702	0.972105	5.19765	-5.55394	65.0437	
0.986443	0.0144814	-0.163464	0.0142865	0.984739	0.173452	0.163482	-0.173436	0.971182	5.36661	-5.73322	66.0561	
0.985997	0.0149548	-0.166093	0.0147504	0.984247	0.176185	0.166111	-0.176168	0.970243	5.53832	-5.91535	67.0675	
0.985563	0.0154097	-0.168606	0.0145808	0.984425	0.175202	0.16868	-0.175131	0.969988	5.71273	-6.09836	68.0783	
0.985122	0.0158625	-0.171121	0.0144087	0.984601	0.17422	0.171249	-0.174094	0.969724	5.88982	-6.28029	69.0888	
0.984675	0.016313	-0.173637	0.0142341	0.984777	0.173239	0.17382	-0.173055	0.969453	6.06958	-6.46114	70.099	
0.98422	0.0167611	-0.176155	0.014057	0.984952	0.172258	0.176391	-0.172016	0.969173	6.25203	-6.64091	71.109	
0.984362	0.0166324	-0.175369	0.00947073	0.989096	0.146968	0.175901	-0.146331	0.973471	6.43557	-6.80677	72.1211	
0.984504	0.0165244	-0.17458	0.00489874	0.99257	0.121574	0.175292	-0.120546	0.977109	6.61854	-6.94581	73.1373	
0.984646	0.0164374	-0.173788	0.000344166	0.995372	0.0960949	0.174564	-0.0946792	0.980083	6.80081	-7.05794	74.157	
0.984787	0.0163713	-0.172995	-0.00418991	0.9975	0.0705465	0.173717	-0.0687484	0.982393	6.98226	-7.14308	75.1794	
0.984927	0.0163262	-0.172199	-0.0087004	0.998952	0.0449466	0.172753	-0.042771	0.984036	7.16277	-7.20118	76.2039	
0.985066	0.0163021	-0.171403	-0.0131843	0.999727	0.0193127	0.171671	-0.0167645	0.985012	7.34221	-7.2322	77.2297	
0.985205	0.016299	-0.170606	-0.0176384	0.999824	-0.00633794	0.170473	0.00925339	0.985319	7.52046	-7.23611	78.2563	
0.985342	0.0163171	-0.169809	-0.0220599	0.999245	-0.0319879	0.169159	0.035265	0.984958	7.69741	-7.21292	79.2828	
0.985478	0.0163561	-0.169013	-0.0264457	0.997988	-0.0576197	0.16773	0.0612526	0.983928	7.87292	-7.16263	80.3085	
0.985613	0.0164161	-0.168218	-0.0307928	0.996056	-0.083216	0.166188	0.0871987	0.982231	8.04689	-7.08529	81.3329	
0.985747	0.0164971	-0.167424	-0.0350983	0.993448	-0.10876	0.164533	0.113086	0.979868	8.21919	-6.98095	82.3551	
0.985879	0.0165991	-0.166633	-0.0393592	0.990168	-0.134233	0.162766	0.138896	0.976839	8.38971	-6.84967	83.3745	
0.98601	0.0167218	-0.165844	-0.0435727	0.986217	-0.159619	0.160889	0.164612	0.973148	8.55833	-6.69154	84.3905	
0.98614	0.0168653	-0.165059	-0.0477359	0.981597	-0.1849	0.158903	0.190216	0.968797	8.72494	-6.50668	85.4022	
0.986267	0.0170295	-0.164277	-0.0518459	0.976313	-0.210059	0.156808	0.215691	0.963789	8.88942	-6.29521	86.409	
0.986393	0.0172142	-0.1635	-0.0559001	0.970367	-0.235079	0.154608	0.24102	0.958126	9.05167	-6.05727	87.4103	
0.986517	0.0174194	-0.162727	-0.0598956	0.963764	-0.259944	0.152302	0.266186	0.951814	9.21156	-5.79302	88.4054	
0.98664	0.0176448	-0.16196	-0.0638297	0.956508	-0.284635	0.149894	0.29117	0.944855	9.369	-5.50264	89.3935	
0.98676	0.0178903	-0.161199	-0.0676998	0.948605	-0.309138	0.147383	0.315958	0.937256	9.52388	-5.18633	90.3741	
0.986878	0.0181559	-0.160444	-0.0715032	0.940058	-0.333434	0.144773	0.340531	0.929021	9.67609	-4.84431	91.3464	
0.986994	0.0184412	-0.159696	-0.0752374	0.930875	-0.357507	0.142064	0.364872	0.920155	9.82553	-4.4768	92.3098	
0.987108	0.018746	-0.158955	-0.0788998	0.921061	-0.381341	0.139259	0.388967	0.910666	9.9721	-4.08406	93.2636	
0.987219	0.0190703	-0.158223	-0.0824879	0.910623	-0.404921	0.13636	0.412797	0.900558	10.1157	-3.66635	94.2073	
0.987328	0.0194138	-0.157499	-0.0859993	0.899569	-0.428229	0.133367	0.436347	0.889839	10.2562	-3.22396	95.1401	
0.987435	0.0197761	-0.156784	-0.0894317	0.887905	-0.45125	0.130285	0.459602	0.878517	10.3936	-2.75718	96.0613	
0.987539	0.0201572	-0.156078	-0.0927826	0.87564	-0.473969	0.127114	0.482544	0.866599	10.5277	-2.26633	96.9705	
0.987641	0.0205567	-0.155382	-0.0960499	0.862781	-0.49637	0.123857	0.505159	0.854092	10.6584	-1.75175	97.867	
0.987739	0.0209743	-0.154696	-0.0992312	0.849339	-0.518437	0.120516	0.527432	0.841007	10.7857	-1.21378	98.7501	
0.987836	0.0214098	-0.154021	-0.102324	0.835321	-0.540157	0.117093	0.549346	0.82735	10.9095	-0.652789	99.6193	
0.987929	0.0218629	-0.153358	-0.105328	0.820737	-0.561513	0.11359	0.570888	0.813132	11.0297	-0.0691592	100.474	
