1	0	0	0	1	0	0	0	1	0	0	0	
1	3.3991e-07	-0.000472365	3.3991e-07	0.999999	0.00143918	0.000472365	-0.00143918	0.999999	0.000249423	-0.000759932	1.05606	
1	1.36289e-06	-0.000945846	1.36297e-06	0.999996	0.00288192	0.000945846	-0.00288192	0.999995	0.000998282	-0.00304161	2.11212	
0.999999	3.07374e-06	-0.00142042	3.07404e-06	0.999991	0.00432814	0.00142042	-0.00432814	0.99999	0.00224774	-0.00684874	3.16817	
0.999998	5.47713e-06	-0.00189605	5.47788e-06	0.999983	0.00577775	0.00189605	-0.00577775	0.999982	0.00399893	-0.012185	4.22422	
0.999997	8.57757e-06	-0.00237272	8.57908e-06	0.999974	0.00723069	0.00237272	-0.00723069	0.999971	0.00625297	-0.0190538	5.28025	
0.999996	1.23795e-05	-0.0028504	1.23821e-05	0.999962	0.00868687	0.0028504	-0.00868687	0.999958	0.00901094	-0.0274588	6.33628	
0.999994	1.68871e-05	-0.00332907	1.68913e-05	0.999949	0.0101462	0.00332907	-0.0101462	0.999943	0.0122739	-0.0374032	7.39228	
0.999993	2.21045e-05	-0.00380869	2.21109e-05	0.999933	0.0116086	0.00380869	-0.0116086	0.999925	0.0160428	-0.0488904	8.44828	
0.999991	2.80358e-05	-0.00428925	2.80449e-05	0.999915	0.0130741	0.00428925	-0.0130741	0.999905	0.0203188	-0.0619237	9.50425	
0.999989	3.46846e-05	-0.00477072	3.46972e-05	0.999894	0.0145424	0.00477071	-0.0145424	0.999883	0.0251027	-0.076506	10.5602	
0.999986	4.20549e-05	-0.00525306	4.20717e-05	0.999872	0.0160136	0.00525306	-0.0160136	0.999858	0.0303956	-0.0926405	11.6161	
0.999984	5.015e-05	-0.00573626	5.01719e-05	0.999847	0.0174876	0.00573626	-0.0174876	0.999831	0.0361983	-0.11033	12.672	
0.999981	5.89735e-05	-0.00622028	5.90014e-05	0.99982	0.0189643	0.00622028	-0.0189643	0.999801	0.0425117	-0.129578	13.7279	
0.999978	6.85285e-05	-0.00670511	6.85634e-05	0.999791	0.0204435	0.00670511	-0.0204435	0.999769	0.0493367	-0.150386	14.7837	
0.999974	7.88182e-05	-0.00719071	7.88613e-05	0.99976	0.0219253	0.00719071	-0.0219253	0.999734	0.0566741	-0.172758	15.8395	
0.999971	8.98457e-05	-0.00767706	8.98981e-05	0.999726	0.0234095	0.00767706	-0.0234095	0.999696	0.0645248	-0.196697	16.8953	
0.999967	0.000101614	-0.00816413	0.000101677	0.99969	0.0248961	0.00816413	-0.0248961	0.999657	0.0728894	-0.222203	17.951	
0.999963	0.000114125	-0.0086519	0.0001142	0.999652	0.026385	0.0086519	-0.026385	0.999614	0.0817688	-0.249281	19.0067	
0.999958	0.000127382	-0.00914034	0.00012747	0.999611	0.0278761	0.00914034	-0.0278761	0.99957	0.0911636	-0.277933	20.0623	
0.999954	0.000141387	-0.00962941	0.00014149	0.999569	0.0293693	0.00962941	-0.0293693	0.999522	0.101075	-0.30816	21.1179	
0.999949	0.000156142	-0.0101191	0.000156262	0.999524	0.0308646	0.0101191	-0.0308646	0.999472	0.111502	-0.339966	22.1734	
0.999944	0.00017165	-0.0106094	0.000171788	0.999476	0.0323618	0.0106094	-0.0323618	0.99942	0.122448	-0.373351	23.2289	
0.999938	0.000187913	-0.0111002	0.000188071	0.999427	0.0338609	0.0111002	-0.0338609	0.999365	0.133911	-0.408319	24.2843	
0.999933	0.000204931	-0.0115916	0.000205111	0.999375	0.0353618	0.0115916	-0.0353618	0.999307	0.145893	-0.44487	25.3397	
0.999927	0.000222708	-0.0120835	0.000222911	0.99932	0.0368644	0.0120835	-0.0368644	0.999247	0.158394	-0.483008	26.395	
0.999921	0.000241244	-0.0125759	0.000241473	0.999264	0.0383687	0.0125759	-0.0383687	0.999185	0.171415	-0.522733	27.4502	
0.999915	0.00026054	-0.0130687	0.000260797	0.999205	0.0398745	0.0130687	-0.0398745	0.999119	0.184956	-0.564048	28.5054	
0.999908	0.000280599	-0.013562	0.000280886	0.999143	0.0413818	0.0135619	-0.0413818	0.999051	0.199018	-0.606954	29.5605	
0.999901	0.00030142	-0.0140556	0.00030174	0.99908	0.0428905	0.0140556	-0.0428905	0.998981	0.213601	-0.651452	30.6155	
0.999894	0.000323005	-0.0145496	0.000323359	0.999014	0.0444005	0.0145496	-0.0444005	0.998908	0.228705	-0.697545	31.6704	
0.999887	0.000345355	-0.015044	0.000345746	0.998945	0.0459117	0.015044	-0.0459117	0.998832	0.244332	-0.745232	32.7253	
0.999879	0.000368469	-0.0155387	0.000368901	0.998875	0.0474241	0.0155387	-0.0474241	0.998754	0.26048	-0.794517	33.7801	
0.999871	0.000392349	-0.0160337	0.000392823	0.998802	0.0489376	0.0160337	-0.0489376	0.998673	0.277152	-0.845398	34.8348	
0.999863	0.000416995	-0.016529	0.000417514	0.998726	0.050452	0.016529	-0.050452	0.99859	0.294346	-0.897879	35.8894	
0.999855	0.000442407	-0.0170245	0.000442974	0.998649	0.0519674	0.0170245	-0.0519674	0.998504	0.312063	-0.95196	36.9439	
0.999846	0.000468585	-0.0175202	0.000469202	0.998569	0.0534836	0.0175202	-0.0534836	0.998415	0.330304	-1.00764	37.9984	
0.999838	0.000495528	-0.0180161	0.000496199	0.998486	0.0550005	0.0180161	-0.0550005	0.998324	0.349068	-1.06492	39.0527	
0.999828	0.000523237	-0.0185122	0.000523964	0.998401	0.056518	0.0185122	-0.0565181	0.99823	0.368356	-1.12381	40.1069	
0.999819	0.00055171	-0.0190084	0.000552497	0.998314	0.0580362	0.0190084	-0.0580362	0.998133	0.388168	-1.1843	41.1611	
0.99981	0.000580947	-0.0195047	0.000581797	0.998225	0.0595549	0.0195047	-0.0595549	0.998034	0.408504	-1.24639	42.2151	
0.9998	0.000610947	-0.0200011	0.000611864	0.998133	0.0610739	0.0200011	-0.0610739	0.997933	0.429364	-1.31008	43.269	
0.99979	0.00064171	-0.0204976	0.000642696	0.998039	0.0625933	0.0204976	-0.0625933	0.997829	0.450749	-1.37538	44.3229	
0.999779	0.000673234	-0.0209941	0.000674293	0.997942	0.064113	0.020994	-0.064113	0.997722	0.472658	-1.44229	45.3766	
0.999769	0.000705517	-0.0214906	0.000706653	0.997844	0.0656328	0.0214905	-0.0656328	0.997612	0.495091	-1.5108	46.4302	
0.999758	0.000738559	-0.021987	0.000739775	0.997742	0.0671527	0.021987	-0.0671528	0.9975	0.518048	-1.58091	47.4837	
0.999747	0.000772358	-0.0224834	0.000773658	0.997639	0.0686727	0.0224834	-0.0686727	0.997386	0.54153	-1.65263	48.537	
0.999736	0.000806911	-0.0229797	0.000808299	0.997533	0.0701925	0.0229797	-0.0701925	0.997269	0.565536	-1.72596	49.5903	
0.999724	0.000842218	-0.023476	0.000843697	0.997425	0.0717122	0.0234759	-0.0717122	0.997149	0.590066	-1.80089	50.6434	
0.999712	0.000878276	-0.0239721	0.00087985	0.997315	0.0732317	0.023972	-0.0732317	0.997027	0.61512	-1.87742	51.6964	
0.9997	0.000915082	-0.024468	0.000916756	0.997202	0.0747508	0.0244679	-0.0747509	0.996902	0.640697	-1.95556	52.7492	
0.999688	0.000952634	-0.0249637	0.000954412	0.997087	0.0762696	0.0249637	-0.0762696	0.996775	0.666799	-2.03531	53.8019	
0.999675	0.000990931	-0.0254593	0.000992816	0.996969	0.0777879	0.0254592	-0.0777879	0.996645	0.693424	-2.11665	54.8545	
0.999663	0.00102997	-0.0259546	0.00103197	0.99685	0.0793056	0.0259545	-0.0793056	0.996512	0.720572	-2.1996	55.907	
0.99965	0.00106974	-0.0264496	0.00107186	0.996728	0.0808226	0.0264495	-0.0808227	0.996377	0.748242	-2.28416	56.9593	
0.999636	0.00111025	-0.0269443	0.00111249	0.996604	0.082339	0.0269442	-0.082339	0.99624	0.776436	-2.37031	58.0114	
0.999623	0.0011515	-0.0274388	0.00115386	0.996477	0.0838545	0.0274387	-0.0838545	0.9961	0.805152	-2.45807	59.0634	
0.999609	0.00119347	-0.0279328	0.00119596	0.996349	0.0853691	0.0279327	-0.0853692	0.995958	0.83439	-2.54742	60.1153	
0.999595	0.00123617	-0.0284265	0.00123879	0.996218	0.0868828	0.0284264	-0.0868829	0.995813	0.864149	-2.63838	61.167	
0.999581	0.00127959	-0.0289199	0.00128235	0.996085	0.0883955	0.0289197	-0.0883955	0.995666	0.894429	-2.73093	62.2186	
0.999566	0.00132372	-0.0294127	0.00132663	0.995949	0.089907	0.0294126	-0.089907	0.995516	0.925231	-2.82508	63.27	
0.999552	0.00136857	-0.0299052	0.00137163	0.995812	0.0914173	0.0299051	-0.0914173	0.995364	0.956552	-2.92082	64.3212	
0.999537	0.00141413	-0.0303972	0.00141734	0.995672	0.0929263	0.030397	-0.0929263	0.995209	0.988394	-3.01816	65.3723	
0.999522	0.0014604	-0.0308886	0.00146376	0.99553	0.0944339	0.0308885	-0.0944339	0.995052	1.02075	-3.11709	66.4232	
0.999506	0.00150737	-0.0313796	0.00151089	0.995386	0.0959401	0.0313794	-0.0959401	0.994892	1.05363	-3.21762	67.474	
0.999491	0.00155503	-0.03187	0.00155873	0.99524	0.0974447	0.0318698	-0.0974448	0.994731	1.08703	-3.31973	68.5246	
0.999571	0.00129495	-0.0292665	0.00167593	0.994859	0.101259	0.0292472	-0.101265	0.99443	1.1193	-3.42465	69.5749	
0.999644	0.00102484	-0.0266634	0.00178302	0.994463	0.105071	0.0266235	-0.105081	0.994107	1.1488	-3.53361	70.6249	
0.99971	0.00074468	-0.0240607	0.00188002	0.994053	0.10888	0.0239987	-0.108894	0.993764	1.17553	-3.6466	71.6746	
0.999994	-0.00172419	-0.00306013	0.00209199	0.992208	0.124575	0.0028215	-0.124581	0.992205	1.1897	-3.76989	72.7233	
0.99983	-0.00452392	0.0179002	0.0019692	0.990115	0.140241	-0.0183577	-0.140182	0.989956	1.18149	-3.9097	73.77	
0.999217	-0.00765255	0.0388056	0.00151175	0.987777	0.155865	-0.039524	-0.155685	0.987016	1.15093	-4.06593	74.814	
0.998158	-0.0111079	0.0596415	0.000719948	0.985195	0.171438	-0.0606628	-0.171079	0.983388	1.09802	-4.23848	75.8545	
0.996652	-0.0148876	0.0803935	-0.000405646	0.98237	0.186948	-0.0817594	-0.186354	0.979075	1.02282	-4.42723	76.8908	
0.9947	-0.0189889	0.101047	-0.00186425	0.979304	0.202384	-0.102799	-0.2015	0.974079	0.925357	-4.63204	77.9221	
0.992305	-0.0234091	0.121588	-0.00365485	0.976001	0.217736	-0.123767	-0.216505	0.968405	0.805717	-4.85277	78.9479	
0.989466	-0.028145	0.142001	-0.0057762	0.972461	0.232993	-0.144648	-0.231359	0.962055	0.663977	-5.08927	79.9673	
0.986187	-0.0331934	0.162274	-0.00822681	0.968688	0.248144	-0.165429	-0.246051	0.955035	0.500237	-5.34137	80.9796	
0.98247	-0.0385506	0.18239	-0.011005	0.964684	0.263179	-0.186095	-0.260573	0.947349	0.314611	-5.6089	81.9842	
0.978317	-0.0442131	0.202337	-0.0141088	0.960452	0.278087	-0.206631	-0.274912	0.939003	0.107228	-5.89167	82.9803	
0.973732	-0.0501768	0.222101	-0.017536	0.955995	0.292858	-0.227022	-0.28906	0.930003	-0.121767	-6.18948	83.9673	
0.968716	-0.0564376	0.241668	-0.0212844	0.951316	0.307482	-0.247256	-0.303007	0.920354	-0.372215	-6.50213	84.9444	
0.963275	-0.0629911	0.261023	-0.0253511	0.946418	0.321948	-0.267317	-0.316742	0.910064	-0.64394	-6.82939	85.9109	
0.957411	-0.0698328	0.280155	-0.0297336	0.941304	0.336247	-0.287192	-0.330257	0.899139	-0.936755	-7.17105	86.8663	
0.95113	-0.0769578	0.299048	-0.0344285	0.935979	0.350368	-0.306867	-0.343541	0.887588	-1.25045	-7.52686	87.8098	
0.944434	-0.0843613	0.317691	-0.0394328	0.930446	0.364301	-0.326327	-0.356586	0.875418	-1.58482	-7.89657	88.7408	
0.937329	-0.092038	0.33607	-0.0447429	0.924708	0.378037	-0.345561	-0.369382	0.862638	-1.93962	-8.27992	89.6586	
0.92982	-0.0999826	0.354173	-0.0503551	0.918771	0.391567	-0.364553	-0.381921	0.849257	-2.3146	-8.67665	90.5626	
0.921912	-0.10819	0.371986	-0.0562655	0.912637	0.40488	-0.383292	-0.394194	0.835284	-2.70951	-9.08649	91.4521	
0.91361	-0.116653	0.389497	-0.0624699	0.906311	0.417968	-0.401763	-0.406192	0.820728	-3.12407	-9.50914	92.3266	
0.904921	-0.125368	0.406695	-0.0689642	0.899798	0.430821	-0.419954	-0.417907	0.805601	-3.55798	-9.94432	93.1854	
0.89585	-0.134327	0.423566	-0.0757436	0.893102	0.443431	-0.437853	-0.42933	0.789912	-4.01096	-10.3917	94.0279	
0.886404	-0.143524	0.4401	-0.0828035	0.886228	0.455788	-0.455446	-0.440455	0.773672	-4.48267	-10.851	94.8536	
0.876589	-0.152954	0.456285	-0.0901391	0.879181	0.467885	-0.472722	-0.451272	0.756893	-4.9728	-11.3219	95.6618	
0.866413	-0.162609	0.47211	-0.0977451	0.871965	0.479712	-0.489669	-0.461775	0.739587	-5.481	-11.804	96.452	
0.855881	-0.172482	0.487563	-0.105616	0.864585	0.491261	-0.506274	-0.471956	0.721765	-6.00692	-12.2971	97.2237	
0.845002	-0.182568	0.502634	-0.113747	0.857047	0.502525	-0.522526	-0.481808	0.70344	-6.55019	-12.8008	97.9763	
0.833783	-0.192858	0.517312	-0.122132	0.849357	0.513495	-0.538414	-0.491324	0.684625	-7.11043	-13.3146	98.7093	
0.822232	-0.203346	0.531587	-0.130765	0.841518	0.524164	-0.553927	-0.500497	0.665333	-7.68725	-13.8384	99.4222	
0.810357	-0.214025	0.545449	-0.13964	0.833537	0.534525	-0.569053	-0.509322	0.645576	-8.28026	-14.3716	100.114	
