1	0	0	0	1	0	0	0	1	0	0	0	
0.999998	-3.32752e-06	-0.00183165	-3.32752e-06	0.999993	-0.00363335	0.00183165	0.00363335	0.999992	0.000789089	0.00156528	0.861614	
0.999993	-1.33307e-05	-0.00366667	-1.33224e-05	0.999974	-0.00726888	0.00366667	0.00726888	0.999967	0.00315781	0.00626206	1.72321	
0.999985	-3.00378e-05	-0.00550501	-3.00047e-05	0.999941	-0.0109065	0.00550501	0.0109065	0.999925	0.00710905	0.0140922	2.58478	
0.999973	-5.34771e-05	-0.00734663	-5.33941e-05	0.999894	-0.014546	0.00734663	0.014546	0.999867	0.0126457	0.0250573	3.44631	
0.999958	-8.36762e-05	-0.00919147	-8.351e-05	0.999835	-0.0181874	0.00919147	0.0181874	0.999792	0.0197704	0.0391591	4.30778	
0.999939	-0.000120662	-0.0110395	-0.000120371	0.999762	-0.0218305	0.0110395	0.0218305	0.999701	0.0284861	0.0563992	5.16918	
0.999917	-0.000164462	-0.0128906	-0.000163996	0.999675	-0.0254752	0.0128906	0.0254752	0.999592	0.0387954	0.0767789	6.03049	
0.999891	-0.000215102	-0.0147448	-0.000214403	0.999576	-0.0291215	0.0147448	0.0291215	0.999467	0.0507009	0.1003	6.89171	
0.999862	-0.000272608	-0.016602	-0.000271608	0.999463	-0.0327691	0.016602	0.0327691	0.999325	0.0642054	0.126963	7.7528	
0.99983	-0.000337006	-0.0184621	-0.00033563	0.999337	-0.0364181	0.0184622	0.0364181	0.999166	0.0793113	0.156769	8.61377	
0.999793	-0.000408321	-0.0203252	-0.000406485	0.999197	-0.0400682	0.0203252	0.0400682	0.99899	0.0960213	0.18972	9.47459	
0.999754	-0.000486577	-0.0221911	-0.000484189	0.999044	-0.0437194	0.0221911	0.0437194	0.998797	0.114338	0.225816	10.3353	
0.99971	-0.0005718	-0.0240598	-0.000568757	0.998877	-0.0473716	0.0240599	0.0473715	0.998588	0.134263	0.265059	11.1957	
0.999664	-0.000664012	-0.0259312	-0.000660206	0.998697	-0.0510246	0.0259313	0.0510246	0.998361	0.1558	0.307449	12.0561	
0.999613	-0.000763238	-0.0278054	-0.000758551	0.998504	-0.0546784	0.0278055	0.0546783	0.998117	0.17895	0.352987	12.9162	
0.999559	-0.0008695	-0.0296822	-0.000863805	0.998297	-0.0583328	0.0296823	0.0583327	0.997856	0.203716	0.401673	13.776	
0.999501	-0.000982821	-0.0315615	-0.000975982	0.998076	-0.0619877	0.0315617	0.0619876	0.997578	0.230101	0.453508	14.6357	
0.99944	-0.00110322	-0.0334434	-0.0010951	0.997843	-0.0656431	0.0334437	0.0656429	0.997283	0.258106	0.508492	15.4951	
0.999375	-0.00123073	-0.0353278	-0.00122116	0.997595	-0.0692987	0.0353281	0.0692986	0.99697	0.287733	0.566626	16.3542	
0.999306	-0.00136536	-0.0372145	-0.00135419	0.997334	-0.0729546	0.0372149	0.0729544	0.996641	0.318985	0.62791	17.2131	
0.999234	-0.00150713	-0.0391037	-0.0014942	0.99706	-0.0766106	0.0391042	0.0766103	0.996294	0.351864	0.692344	18.0717	
0.999158	-0.00165608	-0.0409951	-0.00164119	0.996772	-0.0802665	0.0409957	0.0802662	0.99593	0.386372	0.759928	18.9299	
0.999078	-0.0018122	-0.0428888	-0.00179518	0.996471	-0.0839224	0.0428896	0.083922	0.995549	0.42251	0.830661	19.7879	
0.998995	-0.00197554	-0.0447847	-0.00195618	0.996156	-0.087578	0.0447856	0.0875775	0.99515	0.460282	0.904545	20.6455	
0.998907	-0.00214609	-0.0466828	-0.0021242	0.995827	-0.0912332	0.0466838	0.0912327	0.994735	0.499687	0.981578	21.5028	
0.998816	-0.0023239	-0.0485829	-0.00229926	0.995485	-0.094888	0.0485841	0.0948874	0.994302	0.54073	1.06176	22.3596	
0.998722	-0.00250896	-0.0504851	-0.00248135	0.99513	-0.0985423	0.0504865	0.0985416	0.993851	0.58341	1.14509	23.2162	
0.998623	-0.00270131	-0.0523893	-0.00267049	0.994761	-0.102196	0.0523909	0.102195	0.993384	0.627731	1.23157	24.0723	
0.998521	-0.00290095	-0.0542954	-0.0028667	0.994378	-0.105849	0.0542972	0.105848	0.992899	0.673693	1.3212	24.928	
0.998415	-0.00310791	-0.0562033	-0.00306997	0.993982	-0.109501	0.0562054	0.1095	0.992396	0.721298	1.41397	25.7833	
0.998304	-0.0033222	-0.0581131	-0.00328031	0.993572	-0.113152	0.0581155	0.11315	0.991877	0.770549	1.50989	26.6381	
0.998191	-0.00354383	-0.0600246	-0.00349774	0.993149	-0.116802	0.0600273	0.1168	0.99134	0.821446	1.60895	27.4925	
0.998073	-0.00377284	-0.0619378	-0.00372226	0.992712	-0.12045	0.0619409	0.120449	0.990785	0.873991	1.71116	28.3464	
0.997951	-0.00400922	-0.0638527	-0.00395388	0.992262	-0.124098	0.0638561	0.124096	0.990213	0.928185	1.81652	29.1998	
0.997826	-0.00425299	-0.0657691	-0.0041926	0.991798	-0.127744	0.065773	0.127742	0.989624	0.98403	1.92501	30.0528	
0.997696	-0.00450418	-0.0676871	-0.00443843	0.991321	-0.131388	0.0676915	0.131386	0.989017	1.04153	2.03664	30.9052	
0.997563	-0.00476278	-0.0696066	-0.00469137	0.99083	-0.135031	0.0696114	0.135029	0.988393	1.10068	2.15142	31.7571	
0.997426	-0.00502883	-0.0715275	-0.00495144	0.990326	-0.138672	0.0715329	0.138669	0.987752	1.16149	2.26933	32.6084	
0.997285	-0.00530232	-0.0734497	-0.00521863	0.989808	-0.142311	0.0734557	0.142308	0.987093	1.22395	2.39038	33.4592	
0.99714	-0.00558328	-0.0753733	-0.00549295	0.989277	-0.145949	0.0753799	0.145945	0.986417	1.28807	2.51456	34.3094	
0.996991	-0.00587171	-0.0772981	-0.0057744	0.988732	-0.149584	0.0773054	0.14958	0.985723	1.35385	2.64187	35.159	
0.996838	-0.00616763	-0.0792241	-0.00606299	0.988174	-0.153217	0.0792321	0.153213	0.985012	1.42128	2.77232	36.008	
0.996681	-0.00647105	-0.0811512	-0.00635872	0.987602	-0.156848	0.0811601	0.156844	0.984283	1.49038	2.9059	36.8564	
0.99652	-0.00678197	-0.0830794	-0.00666159	0.987017	-0.160477	0.0830891	0.160472	0.983537	1.56114	3.0426	37.7042	
0.996355	-0.00710042	-0.0850086	-0.0069716	0.986419	-0.164103	0.0850193	0.164098	0.982773	1.63356	3.18243	38.5513	
0.996186	-0.0074264	-0.0869388	-0.00728876	0.985807	-0.167727	0.0869505	0.167721	0.981993	1.70765	3.32538	39.3977	
0.996013	-0.00775992	-0.0888699	-0.00761307	0.985181	-0.171348	0.0888826	0.171341	0.981194	1.7834	3.47145	40.2435	
0.995836	-0.00810099	-0.0908019	-0.00794453	0.984542	-0.174966	0.0908157	0.174959	0.980378	1.86082	3.62064	41.0885	
0.995655	-0.00844962	-0.0927346	-0.00828313	0.98389	-0.178581	0.0927496	0.178573	0.979545	1.9399	3.77294	41.9329	
0.99547	-0.00880582	-0.0946681	-0.00862889	0.983225	-0.182193	0.0946844	0.182185	0.978695	2.02065	3.92836	42.7765	
0.995281	-0.00916959	-0.0966022	-0.00898179	0.982546	-0.185803	0.0966199	0.185793	0.977827	2.10306	4.08689	43.6194	
0.995088	-0.00954094	-0.098537	-0.00934184	0.981854	-0.189409	0.0985561	0.189399	0.976942	2.18715	4.24852	44.4615	
0.99489	-0.00991989	-0.100472	-0.00970904	0.981148	-0.193011	0.100493	0.193001	0.976039	2.2729	4.41326	45.3029	
0.994689	-0.0103064	-0.102408	-0.0100834	0.98043	-0.196611	0.10243	0.196599	0.975119	2.36032	4.58111	46.1435	
0.994484	-0.0107006	-0.104344	-0.0104649	0.979698	-0.200207	0.104368	0.200194	0.974181	2.44941	4.75205	46.9832	
0.994274	-0.0111023	-0.106281	-0.0108535	0.978953	-0.203799	0.106307	0.203786	0.973227	2.54017	4.92609	47.8222	
0.994061	-0.0115117	-0.108218	-0.0112493	0.978194	-0.207388	0.108246	0.207373	0.972255	2.6326	5.10322	48.6603	
0.993843	-0.0119287	-0.110155	-0.0116522	0.977423	-0.210973	0.110185	0.210957	0.971265	2.7267	5.28344	49.4976	
0.993287	-0.0129765	-0.11495	-0.0119357	0.976888	-0.213417	0.115063	0.213356	0.970175	2.82374	5.46624	50.334	
0.992706	-0.0140374	-0.119744	-0.0122325	0.976346	-0.215865	0.119942	0.215756	0.969053	2.92498	5.6511	51.1694	
0.9921	-0.0151111	-0.124537	-0.0125425	0.975797	-0.218318	0.124822	0.218156	0.967899	3.03043	5.83803	52.0039	
0.991469	-0.0161978	-0.129329	-0.0128657	0.97524	-0.220775	0.129703	0.220556	0.966712	3.14008	6.02703	52.8374	
0.990814	-0.0172974	-0.13412	-0.0132022	0.974675	-0.223236	0.134584	0.222956	0.965494	3.25394	6.2181	53.6698	
0.990134	-0.0184098	-0.138908	-0.013552	0.974103	-0.225699	0.139466	0.225355	0.964243	3.372	6.41124	54.5011	
0.989429	-0.019535	-0.143694	-0.0139152	0.973523	-0.228165	0.144346	0.227752	0.962961	3.49427	6.60644	55.3314	
0.9887	-0.020673	-0.148477	-0.0142916	0.972936	-0.230633	0.149226	0.230148	0.961646	3.62075	6.80371	56.1605	
0.987945	-0.0218237	-0.153257	-0.0146814	0.972341	-0.233102	0.154105	0.232542	0.9603	3.75142	7.00304	56.9885	
0.987166	-0.0229871	-0.158033	-0.0150845	0.97174	-0.235573	0.158982	0.234934	0.958922	3.8863	7.20443	57.8153	
0.986362	-0.0241631	-0.162805	-0.0155009	0.97113	-0.238045	0.163857	0.237322	0.957512	4.02539	7.40789	58.6409	
0.985534	-0.0253516	-0.167573	-0.0159306	0.970514	-0.240518	0.168729	0.239708	0.95607	4.16867	7.6134	59.4653	
0.98468	-0.0265527	-0.172336	-0.0163736	0.969891	-0.24299	0.173599	0.242089	0.954597	4.31615	7.82096	60.2885	
0.983802	-0.0277661	-0.177094	-0.0168298	0.96926	-0.245462	0.178465	0.244466	0.953093	4.46782	8.03057	61.1103	
0.9829	-0.028992	-0.181846	-0.0172992	0.968623	-0.247933	0.183328	0.246839	0.951557	4.62368	8.24223	61.9308	
0.981972	-0.0302301	-0.186592	-0.0177817	0.967978	-0.250403	0.188187	0.249207	0.94999	4.78373	8.45593	62.7501	
0.98102	-0.0314805	-0.191332	-0.0182774	0.967327	-0.252871	0.193042	0.251569	0.948392	4.94797	8.67167	63.5679	
0.980044	-0.032743	-0.196066	-0.0187861	0.966669	-0.255337	0.197891	0.253925	0.946763	5.11639	8.88944	64.3843	
0.979043	-0.0340176	-0.200792	-0.0193078	0.966005	-0.257801	0.202736	0.256275	0.945104	5.28898	9.10924	65.1994	
0.978018	-0.0353042	-0.205511	-0.0198425	0.965334	-0.260262	0.207575	0.258619	0.943413	5.46575	9.33106	66.013	
0.976968	-0.0366027	-0.210222	-0.02039	0.964657	-0.262719	0.212408	0.260955	0.941693	5.64668	9.5549	66.8251	
0.975894	-0.037913	-0.214925	-0.0209503	0.963973	-0.265173	0.217235	0.263284	0.939942	5.83178	9.78075	67.6357	
0.974796	-0.039235	-0.219619	-0.0215233	0.963283	-0.267623	0.222056	0.265605	0.938161	6.02103	10.0086	68.4448	
0.973674	-0.0405686	-0.224305	-0.0221089	0.962587	-0.270068	0.226869	0.267918	0.936349	6.21443	10.2384	69.2524	
0.972528	-0.0419137	-0.228981	-0.022707	0.961885	-0.272509	0.231676	0.270222	0.934509	6.41197	10.4703	70.0584	
0.967633	-0.047308	-0.247886	-0.0209393	0.963834	-0.265681	0.25149	0.262272	0.931647	6.62013	10.6997	70.8623	
0.962339	-0.0525399	-0.266728	-0.019027	0.965723	-0.258876	0.271187	0.254201	0.928353	6.84531	10.9222	71.6637	
0.956646	-0.0576072	-0.285499	-0.0169711	0.967553	-0.252097	0.290758	0.246013	0.924628	7.08741	11.1377	72.462	
0.950558	-0.0625074	-0.30419	-0.0147725	0.969323	-0.245346	0.310195	0.237709	0.920475	7.34632	11.3461	73.2569	
0.944078	-0.0672383	-0.322793	-0.0124321	0.971032	-0.238628	0.329487	0.229296	0.915894	7.62191	11.5473	74.0481	
0.937209	-0.0717976	-0.341299	-0.00995114	0.972678	-0.231944	0.348627	0.220776	0.910888	7.91406	11.7412	74.8351	
0.929953	-0.0761832	-0.359699	-0.00733073	0.974262	-0.225299	0.367605	0.212154	0.90546	8.22263	11.9277	75.6176	
0.922315	-0.0803932	-0.377984	-0.00457207	0.975783	-0.218695	0.386412	0.203434	0.899611	8.54748	12.1068	76.3953	
0.914297	-0.0844256	-0.396147	-0.00167646	0.977239	-0.212135	0.40504	0.194619	0.893345	8.88846	12.2783	77.1677	
0.905904	-0.0882784	-0.414179	0.00135478	0.97863	-0.205623	0.42348	0.185713	0.886665	9.2454	12.4421	77.9346	
0.89714	-0.0919499	-0.432072	0.00452023	0.979956	-0.199161	0.441724	0.176722	0.879573	9.61815	12.5983	78.6955	
0.888007	-0.0954385	-0.449816	0.00781842	0.981216	-0.192752	0.459763	0.167648	0.872073	10.0065	12.7466	79.4502	
0.878512	-0.0987424	-0.467405	0.0112478	0.98241	-0.1864	0.477588	0.158497	0.864169	10.4104	12.8871	80.1982	
0.868657	-0.10186	-0.484829	0.0148069	0.983536	-0.180107	0.495192	0.149272	0.855864	10.8295	13.0197	80.9392	
0.858448	-0.10479	-0.502081	0.0184939	0.984594	-0.173876	0.512566	0.139978	0.847161	11.2636	13.1443	81.6729	
0.84789	-0.107532	-0.519153	0.0223071	0.985584	-0.167711	0.529703	0.130619	0.838066	11.7127	13.2609	82.399	
