1	0	0	0	1	0	0	0	1	0	0	0	
1	-3.6687e-07	-0.000363147	-3.6687e-07	0.999998	-0.0020205	0.000363147	0.0020205	0.999998	0.000133337	0.000741872	0.734343	
1	-1.46763e-06	-0.000726107	-1.46943e-06	0.999992	-0.00404493	0.000726107	0.00404493	0.999992	0.000533281	0.00296893	1.46868	
0.999999	-3.3029e-06	-0.00108887	-3.31011e-06	0.999982	-0.00607322	0.00108887	0.00607322	0.999981	0.00119969	0.00668403	2.20302	
0.999999	-5.87319e-06	-0.00145142	-5.89125e-06	0.999967	-0.00810533	0.00145142	0.00810533	0.999966	0.00213241	0.01189	2.93734	
0.999998	-9.17895e-06	-0.00181375	-9.21513e-06	0.999949	-0.0101412	0.00181375	0.0101412	0.999947	0.00333129	0.0185896	3.67165	
0.999998	-1.32205e-05	-0.00217584	-1.3284e-05	0.999926	-0.0121808	0.00217584	0.0121808	0.999923	0.00479616	0.0267856	4.40595	
0.999997	-1.79982e-05	-0.00253769	-1.80998e-05	0.999899	-0.014224	0.00253769	0.014224	0.999896	0.00652683	0.0364807	5.14023	
0.999996	-2.35121e-05	-0.00289927	-2.36649e-05	0.999868	-0.0162709	0.00289927	0.0162709	0.999863	0.00852313	0.0476776	5.87448	
0.999995	-2.97623e-05	-0.00326058	-2.9981e-05	0.999832	-0.0183213	0.00326058	0.0183213	0.999827	0.0107848	0.0603789	6.60871	
0.999993	-3.6749e-05	-0.00362161	-3.70501e-05	0.999792	-0.0203752	0.00362161	0.0203752	0.999786	0.0133118	0.0745872	7.34291	
0.999992	-4.44718e-05	-0.00398234	-4.4874e-05	0.999748	-0.0224326	0.00398234	0.0224326	0.99974	0.0161037	0.090305	8.07708	
0.999991	-5.29308e-05	-0.00434276	-5.34545e-05	0.9997	-0.0244934	0.00434276	0.0244934	0.999691	0.0191605	0.107535	8.81122	
0.999989	-6.21257e-05	-0.00470286	-6.27933e-05	0.999647	-0.0265575	0.00470285	0.0265575	0.999636	0.0224818	0.126279	9.54531	
0.999987	-7.2056e-05	-0.00506263	-7.2892e-05	0.99959	-0.0286249	0.00506262	0.0286249	0.999577	0.0260674	0.146541	10.2794	
0.999985	-8.27215e-05	-0.00542206	-8.3752e-05	0.999529	-0.0306956	0.00542204	0.0306956	0.999514	0.0299171	0.168322	11.0134	
0.999983	-9.41216e-05	-0.00578113	-9.53749e-05	0.999463	-0.0327695	0.00578111	0.0327695	0.999446	0.0340305	0.191624	11.7473	
0.999981	-0.000106256	-0.00613983	-0.000107762	0.999393	-0.0348465	0.0061398	0.0348465	0.999374	0.0384076	0.216451	12.4813	
0.999979	-0.000119123	-0.00649815	-0.000120915	0.999318	-0.0369265	0.00649811	0.0369266	0.999297	0.0430478	0.242804	13.2151	
0.999976	-0.000132723	-0.00685608	-0.000134834	0.999239	-0.0390097	0.00685604	0.0390097	0.999215	0.0479511	0.270686	13.9489	
0.999974	-0.000147055	-0.0072136	-0.000149522	0.999155	-0.0410958	0.00721355	0.0410958	0.999129	0.0531171	0.300098	14.6826	
0.999971	-0.000162118	-0.00757072	-0.000164978	0.999067	-0.0431848	0.00757065	0.0431848	0.999038	0.0585454	0.331043	15.4163	
0.999969	-0.00017791	-0.0079274	-0.000181205	0.998974	-0.0452767	0.00792733	0.0452767	0.998943	0.0642358	0.363524	16.1499	
0.999966	-0.000194431	-0.00828365	-0.000198202	0.998877	-0.0473714	0.00828356	0.0473714	0.998843	0.070188	0.397542	16.8834	
0.999963	-0.00021168	-0.00863945	-0.000215972	0.998776	-0.0494689	0.00863935	0.0494689	0.998738	0.0764016	0.433099	17.6169	
0.99996	-0.000229655	-0.0089948	-0.000234514	0.998669	-0.0515691	0.00899467	0.0515692	0.998629	0.0828764	0.470197	18.3503	
0.999956	-0.000248355	-0.00934967	-0.000253829	0.998559	-0.053672	0.00934952	0.053672	0.998515	0.0896118	0.508839	19.0836	
0.999953	-0.000267779	-0.00970405	-0.000273918	0.998443	-0.0557775	0.00970388	0.0557775	0.998396	0.0966077	0.549026	19.8168	
0.999949	-0.000287925	-0.0100579	-0.000294782	0.998323	-0.0578855	0.0100578	0.0578856	0.998273	0.103864	0.59076	20.5499	
0.999946	-0.000308792	-0.0104113	-0.000316421	0.998199	-0.0599961	0.0104111	0.0599961	0.998144	0.111379	0.634042	21.2829	
0.999942	-0.000330377	-0.0107642	-0.000338836	0.998069	-0.0621091	0.010764	0.0621091	0.998011	0.119154	0.678876	22.0159	
0.999938	-0.00035268	-0.0111166	-0.000362026	0.997935	-0.0642245	0.0111163	0.0642245	0.997874	0.127188	0.725262	22.7487	
0.999934	-0.000375698	-0.0114684	-0.000385993	0.997797	-0.0663422	0.011468	0.0663423	0.997731	0.13548	0.773203	23.4814	
0.99993	-0.00039943	-0.0118196	-0.000410736	0.997654	-0.0684623	0.0118193	0.0684623	0.997584	0.144031	0.822699	24.214	
0.999926	-0.000423873	-0.0121704	-0.000436255	0.997506	-0.0705845	0.0121699	0.0705846	0.997432	0.152839	0.873753	24.9466	
0.999922	-0.000449026	-0.0125205	-0.000462551	0.997353	-0.072709	0.01252	0.0727091	0.997275	0.161904	0.926367	25.679	
0.999917	-0.000474887	-0.0128701	-0.000489624	0.997196	-0.0748356	0.0128695	0.0748357	0.997113	0.171227	0.980541	26.4112	
0.999912	-0.000501452	-0.013219	-0.000517473	0.997034	-0.0769643	0.0132184	0.0769644	0.996946	0.180805	1.03628	27.1434	
0.999908	-0.000528721	-0.0135674	-0.000546098	0.996867	-0.0790949	0.0135667	0.0790951	0.996775	0.19064	1.09358	27.8754	
0.999903	-0.00055669	-0.0139151	-0.000575499	0.996695	-0.0812276	0.0139144	0.0812277	0.996598	0.20073	1.15244	28.6074	
0.999898	-0.000585358	-0.0142623	-0.000605676	0.996519	-0.0833622	0.0142614	0.0833623	0.996417	0.211076	1.21288	29.3391	
0.999893	-0.000614722	-0.0146088	-0.000636629	0.996338	-0.0854986	0.0146078	0.0854988	0.996231	0.221676	1.27488	30.0708	
0.999888	-0.000644779	-0.0149547	-0.000668356	0.996152	-0.0876369	0.0149536	0.087637	0.99604	0.23253	1.33845	30.8023	
0.999883	-0.000675526	-0.0152999	-0.000700858	0.995962	-0.0897769	0.0152987	0.0897771	0.995844	0.243638	1.40359	31.5336	
0.999877	-0.000706962	-0.0156444	-0.000734134	0.995766	-0.0919186	0.0156432	0.0919188	0.995644	0.254999	1.4703	32.2649	
0.999872	-0.000739082	-0.0159883	-0.000768183	0.995566	-0.0940619	0.0159869	0.0940622	0.995438	0.266612	1.53859	32.9959	
0.999866	-0.000771885	-0.0163315	-0.000803005	0.995361	-0.0962069	0.01633	0.0962071	0.995227	0.278478	1.60845	33.7269	
0.999861	-0.000805368	-0.016674	-0.000838598	0.995151	-0.0983534	0.0166724	0.0983537	0.995012	0.290596	1.67989	34.4576	
0.999855	-0.000839527	-0.0170158	-0.000874962	0.994937	-0.100501	0.017014	0.100502	0.994791	0.302964	1.7529	35.1882	
0.999849	-0.000874359	-0.0173569	-0.000912097	0.994717	-0.102651	0.017355	0.102651	0.994566	0.315584	1.8275	35.9186	
0.999843	-0.000909862	-0.0176973	-0.00095	0.994493	-0.104802	0.0176952	0.104802	0.994336	0.328453	1.90367	36.6489	
0.999837	-0.000946032	-0.0180369	-0.000988671	0.994264	-0.106954	0.0180346	0.106954	0.9941	0.341572	1.98142	37.379	
0.999877	-0.000691215	-0.0156923	-0.00102505	0.99403	-0.109099	0.015674	0.109102	0.993907	0.353949	2.06075	38.109	
0.999911	-0.000431253	-0.0133474	-0.00105645	0.993792	-0.111252	0.0133125	0.111257	0.993703	0.364592	2.14166	38.8388	
0.999939	-0.000166131	-0.0110025	-0.00108283	0.993547	-0.113413	0.0109503	0.113418	0.993487	0.373501	2.22415	39.5684	
0.999963	0.000104168	-0.00865748	-0.00110415	0.993297	-0.115581	0.00858741	0.115586	0.99326	0.380674	2.30823	40.2979	
0.99998	0.000379658	-0.00631247	-0.00112037	0.993042	-0.117756	0.00622384	0.117761	0.993022	0.386113	2.39391	41.0272	
0.999992	0.000660354	-0.0039675	-0.00113145	0.992781	-0.119938	0.00385966	0.119941	0.992773	0.389815	2.48119	41.7563	
0.999998	0.000946268	-0.00162263	-0.00113735	0.992514	-0.122126	0.00149492	0.122128	0.992513	0.391781	2.57007	42.4852	
0.999999	0.00123742	0.000722101	-0.00113804	0.992241	-0.124321	-0.000870335	0.12432	0.992242	0.39201	2.66056	43.214	
0.999994	0.00153381	0.00306664	-0.00113349	0.991963	-0.126523	-0.00323605	0.126518	0.991959	0.390503	2.75266	43.9425	
0.999984	0.00183546	0.00541093	-0.00112365	0.991679	-0.12873	-0.00560219	0.128722	0.991665	0.387257	2.84638	44.6709	
0.999968	0.00214237	0.00775494	-0.00110851	0.991389	-0.130943	-0.0079687	0.13093	0.99136	0.382275	2.94172	45.399	
0.999946	0.00245457	0.0100986	-0.00108802	0.991094	-0.133162	-0.0103355	0.133144	0.991043	0.375554	3.03868	46.1269	
0.999919	0.00277206	0.0124419	-0.00106217	0.990792	-0.135386	-0.0127026	0.135362	0.990715	0.367095	3.13726	46.8545	
0.999886	0.00309485	0.0147848	-0.00103091	0.990485	-0.137615	-0.01507	0.137584	0.990375	0.356898	3.23748	47.5819	
0.999847	0.00342295	0.0171272	-0.000994237	0.990172	-0.139849	-0.0174375	0.139811	0.990025	0.344962	3.33933	48.3091	
0.999803	0.00375637	0.019469	-0.000952114	0.989853	-0.142089	-0.0198052	0.142042	0.989662	0.331287	3.44282	49.0359	
0.999754	0.00409511	0.0218103	-0.00090452	0.989529	-0.144332	-0.022173	0.144277	0.989289	0.315874	3.54795	49.7626	
0.999698	0.00443919	0.024151	-0.000851433	0.989198	-0.14658	-0.0245409	0.146516	0.988904	0.298722	3.65472	50.4889	
0.999638	0.00478862	0.0264911	-0.000792833	0.988862	-0.148833	-0.0269087	0.148758	0.988508	0.279831	3.76314	51.2149	
0.999571	0.00514339	0.0288305	-0.0007287	0.98852	-0.151089	-0.0292766	0.151003	0.9881	0.259201	3.8732	51.9407	
0.999499	0.00550352	0.0311691	-0.000659018	0.988172	-0.153349	-0.0316444	0.153251	0.98768	0.236833	3.98492	52.6662	
0.999421	0.00586902	0.0335069	-0.000583769	0.987818	-0.155612	-0.0340121	0.155503	0.98725	0.212726	4.09828	53.3913	
0.999338	0.00623988	0.035844	-0.000502938	0.987458	-0.157879	-0.0363796	0.157756	0.986808	0.18688	4.2133	54.1161	
0.999249	0.00661611	0.0381802	-0.000416513	0.987093	-0.160149	-0.038747	0.160013	0.986354	0.159295	4.32998	54.8406	
0.999154	0.00699772	0.0405155	-0.000324481	0.986721	-0.162422	-0.0411141	0.162271	0.985889	0.129973	4.44831	55.5648	
0.999054	0.00738472	0.0428499	-0.000226831	0.986344	-0.164697	-0.0434809	0.164532	0.985413	0.0989118	4.5683	56.2886	
0.998948	0.00777709	0.0451833	-0.000123554	0.985961	-0.166975	-0.0458475	0.166794	0.984925	0.0661129	4.68996	57.012	
0.998837	0.00817486	0.0475156	-1.46417e-05	0.985572	-0.169256	-0.0482137	0.169058	0.984426	0.0315762	4.81327	57.7351	
0.99872	0.00857801	0.049847	9.99124e-05	0.985178	-0.171538	-0.0505796	0.171323	0.983916	-0.00469791	4.93825	58.4578	
0.998597	0.00898656	0.0521772	0.000220113	0.984777	-0.173822	-0.052945	0.17359	0.983394	-0.0427092	5.06489	59.1802	
0.998469	0.0094005	0.0545064	0.000345965	0.984371	-0.176108	-0.05531	0.175857	0.982861	-0.0824575	5.1932	59.9021	
0.998335	0.00981983	0.0568344	0.00047747	0.983959	-0.178395	-0.0576745	0.178125	0.982316	-0.123942	5.32317	60.6237	
0.998196	0.0102446	0.0591612	0.00061463	0.983541	-0.180684	-0.0600384	0.180394	0.98176	-0.167163	5.45481	61.3448	
0.998051	0.0106747	0.0614867	0.000757443	0.983118	-0.182973	-0.0624018	0.182663	0.981193	-0.21212	5.58812	62.0656	
0.9979	0.0111102	0.063811	0.000905908	0.982688	-0.185264	-0.0647647	0.184933	0.980615	-0.258812	5.72309	62.7859	
0.997744	0.0115511	0.066134	0.00106002	0.982254	-0.187555	-0.0671268	0.187202	0.980025	-0.307239	5.85972	63.5058	
0.997582	0.0119974	0.0684557	0.00121978	0.981813	-0.189846	-0.0694883	0.189471	0.979424	-0.3574	5.99803	64.2252	
0.997415	0.0124491	0.0707759	0.00138518	0.981367	-0.192138	-0.0718491	0.191739	0.978812	-0.409295	6.138	64.9442	
0.997241	0.0129062	0.0730948	0.00155621	0.980915	-0.194429	-0.0742092	0.194007	0.978189	-0.462924	6.27963	65.6628	
0.997063	0.0133686	0.0754123	0.00173286	0.980458	-0.196721	-0.0765684	0.196274	0.977555	-0.518285	6.42293	66.3809	
0.996879	0.0138365	0.0777282	0.00191513	0.979995	-0.199012	-0.0789269	0.198539	0.97691	-0.575378	6.5679	67.0985	
0.996689	0.0143097	0.0800427	0.00210299	0.979527	-0.201302	-0.0812845	0.200804	0.976253	-0.634204	6.71453	67.8157	
0.996493	0.0147883	0.0823556	0.00229645	0.979053	-0.203591	-0.0836413	0.203067	0.975586	-0.69476	6.86282	68.5323	
0.996292	0.0152722	0.084667	0.00249547	0.978574	-0.20588	-0.0859971	0.205328	0.974908	-0.757046	7.01277	69.2485	
0.996086	0.0157615	0.0869767	0.00270006	0.97809	-0.208167	-0.088352	0.207587	0.974218	-0.821062	7.16438	69.9642	
0.995873	0.0162562	0.0892848	0.00291019	0.9776	-0.210453	-0.090706	0.209844	0.973518	-0.886807	7.31765	70.6793	
0.995656	0.0167562	0.0915912	0.00312584	0.977105	-0.212737	-0.0930589	0.212099	0.972807	-0.954281	7.47257	71.394	
0.993782	0.0206503	0.109408	0.00322281	0.976903	-0.213659	-0.111294	0.212683	0.970762	-1.02932	7.62854	72.1076	
