1	0	0	0	1	0	0	0	1	0	0	0	
0.999998	-4.78723e-06	-0.00203143	-4.78723e-06	0.999989	-0.00471314	0.00203143	0.00471314	0.999987	0.000954158	0.00221375	0.93939	
0.999992	-1.91526e-05	-0.00406329	-1.91509e-05	0.999956	-0.00942646	0.00406329	0.00942646	0.999947	0.00381684	0.00885509	1.87875	
0.999981	-4.31009e-05	-0.00609554	-4.30942e-05	0.9999	-0.0141398	0.00609554	0.0141398	0.999881	0.00858842	0.0199241	2.81807	
0.999967	-7.66365e-05	-0.0081281	-7.66197e-05	0.999822	-0.0188531	0.0081281	0.0188531	0.999789	0.0152692	0.0354209	3.75731	
0.999948	-0.000119763	-0.0101609	-0.00011973	0.999722	-0.0235662	0.0101609	0.0235662	0.999671	0.0238595	0.0553451	4.69645	
0.999926	-0.000172485	-0.0121939	-0.000172427	0.9996	-0.0282788	0.0121939	0.0282788	0.999526	0.0343596	0.0796966	5.63547	
0.999899	-0.000234806	-0.0142271	-0.000234712	0.999456	-0.032991	0.0142271	0.032991	0.999354	0.0467695	0.108475	6.57434	
0.999868	-0.000306727	-0.0162603	-0.000306586	0.999289	-0.0377025	0.0162603	0.0377025	0.999157	0.0610893	0.14168	7.51304	
0.999833	-0.000388252	-0.0182935	-0.00038805	0.9991	-0.0424132	0.0182935	0.0424132	0.998933	0.0773192	0.17931	8.45154	
0.999793	-0.000479382	-0.0203267	-0.000479105	0.998889	-0.047123	0.0203267	0.047123	0.998682	0.095459	0.221365	9.38981	
0.99975	-0.00058012	-0.0223598	-0.000579751	0.998656	-0.0518317	0.0223598	0.0518317	0.998405	0.115509	0.267844	10.3278	
0.999702	-0.000690467	-0.0243927	-0.000689987	0.9984	-0.0565392	0.0243927	0.0565392	0.998102	0.137468	0.318745	11.2656	
0.99965	-0.000810424	-0.0264254	-0.000809813	0.998122	-0.0612454	0.0264254	0.0612454	0.997773	0.161338	0.374068	12.2031	
0.999595	-0.000939991	-0.0284578	-0.000939227	0.997822	-0.06595	0.0284578	0.06595	0.997417	0.187116	0.433812	13.1402	
0.999534	-0.00107917	-0.0304898	-0.00107823	0.9975	-0.070653	0.0304898	0.070653	0.997035	0.214804	0.497974	14.077	
0.99947	-0.00122796	-0.0325214	-0.00122682	0.997156	-0.0753543	0.0325215	0.0753543	0.996626	0.2444	0.566553	15.0134	
0.999402	-0.00138635	-0.0345526	-0.00138498	0.99679	-0.0800536	0.0345527	0.0800536	0.996192	0.275905	0.639548	15.9494	
0.999329	-0.00155436	-0.0365832	-0.00155273	0.996401	-0.0847509	0.0365833	0.0847508	0.99573	0.309317	0.716956	16.885	
0.999253	-0.00173198	-0.0386133	-0.00173006	0.99599	-0.089446	0.0386133	0.0894459	0.995243	0.344637	0.798776	17.8202	
0.999172	-0.0019192	-0.0406426	-0.00191696	0.995557	-0.0941387	0.0406427	0.0941387	0.994729	0.381863	0.885006	18.7549	
0.999087	-0.00211602	-0.0426713	-0.00211344	0.995102	-0.098829	0.0426714	0.0988289	0.994189	0.420996	0.975642	19.6891	
0.998998	-0.00232244	-0.0446992	-0.00231947	0.994625	-0.103517	0.0446994	0.103517	0.993623	0.462033	1.07068	20.6227	
0.998905	-0.00253847	-0.0467263	-0.00253507	0.994126	-0.108202	0.0467264	0.108201	0.99303	0.504976	1.17013	21.5559	
0.998807	-0.00276409	-0.0487524	-0.00276023	0.993604	-0.112884	0.0487526	0.112884	0.992411	0.549822	1.27397	22.4884	
0.998705	-0.0029993	-0.0507776	-0.00299494	0.993061	-0.117563	0.0507779	0.117562	0.991766	0.596572	1.38221	23.4204	
0.9986	-0.0032441	-0.0528018	-0.00323919	0.992495	-0.122238	0.0528021	0.122238	0.991095	0.645223	1.49484	24.3517	
0.99849	-0.00349848	-0.0548249	-0.00349299	0.991908	-0.126911	0.0548253	0.126911	0.990398	0.695775	1.61187	25.2824	
0.998376	-0.00376244	-0.0568469	-0.00375632	0.991298	-0.13158	0.0568473	0.13158	0.989674	0.748228	1.73328	26.2125	
0.998258	-0.00403598	-0.0588677	-0.00402917	0.990667	-0.136246	0.0588681	0.136245	0.988925	0.802579	1.85908	27.1418	
0.998135	-0.00431908	-0.0608872	-0.00431155	0.990013	-0.140907	0.0608877	0.140907	0.988149	0.858828	1.98926	28.0704	
0.998009	-0.00461174	-0.0629054	-0.00460344	0.989338	-0.145565	0.062906	0.145565	0.987347	0.916974	2.12381	28.9983	
0.997878	-0.00491396	-0.0649222	-0.00490483	0.988641	-0.150219	0.0649229	0.150219	0.986519	0.977015	2.26274	29.9254	
0.997743	-0.00522573	-0.0669376	-0.00521572	0.987921	-0.154869	0.0669384	0.154869	0.985665	1.03895	2.40604	30.8518	
0.997605	-0.00554705	-0.0689515	-0.00553609	0.98718	-0.159515	0.0689523	0.159514	0.984785	1.10278	2.55371	31.7773	
0.997462	-0.00587789	-0.0709638	-0.00586595	0.986417	-0.164156	0.0709648	0.164155	0.983879	1.1685	2.70573	32.702	
0.997314	-0.00621827	-0.0729745	-0.00620527	0.985632	-0.168792	0.0729756	0.168792	0.982947	1.2361	2.86212	33.6258	
0.997163	-0.00656816	-0.0749835	-0.00655405	0.984825	-0.173424	0.0749847	0.173424	0.981989	1.3056	3.02285	34.5487	
0.997008	-0.00692756	-0.0769908	-0.00691229	0.983997	-0.178051	0.0769922	0.178051	0.981005	1.37698	3.18794	35.4707	
0.996848	-0.00729647	-0.0789963	-0.00727996	0.983147	-0.182673	0.0789978	0.182673	0.979995	1.45025	3.35737	36.3918	
0.996685	-0.00767487	-0.0809999	-0.00765706	0.982275	-0.18729	0.0810016	0.18729	0.978959	1.5254	3.53114	37.3119	
0.996517	-0.00806275	-0.0830016	-0.00804358	0.981381	-0.191902	0.0830035	0.191901	0.977898	1.60244	3.70925	38.231	
0.996345	-0.0084601	-0.0850013	-0.0084395	0.980466	-0.196509	0.0850034	0.196508	0.976811	1.68135	3.89168	39.1492	
0.996169	-0.00886692	-0.086999	-0.00884481	0.979529	-0.20111	0.0870013	0.201109	0.975698	1.76214	4.07844	40.0663	
0.995989	-0.00928319	-0.0889946	-0.00925951	0.97857	-0.205705	0.0889971	0.205704	0.974559	1.84481	4.26952	40.9823	
0.995805	-0.00970889	-0.090988	-0.00968358	0.97759	-0.210294	0.0909907	0.210293	0.973395	1.92935	4.46491	41.8972	
0.995616	-0.010144	-0.0929792	-0.010117	0.976588	-0.214878	0.0929822	0.214877	0.972205	2.01576	4.66462	42.8111	
0.995424	-0.0105886	-0.0949681	-0.0105598	0.975565	-0.219456	0.0949714	0.219454	0.970989	2.10404	4.86862	43.7238	
0.995228	-0.0110425	-0.0969547	-0.0110118	0.974521	-0.224027	0.0969582	0.224026	0.969748	2.19419	5.07692	44.6354	
0.995027	-0.0115059	-0.0989389	-0.0114733	0.973455	-0.228592	0.0989427	0.22859	0.968482	2.2862	5.28952	45.5457	
0.994822	-0.0119786	-0.100921	-0.011944	0.972367	-0.233151	0.100925	0.233149	0.96719	2.38008	5.50639	46.4549	
0.994614	-0.0124607	-0.1029	-0.0124239	0.971258	-0.237703	0.102904	0.237701	0.965872	2.47582	5.72755	47.3629	
0.994401	-0.0129522	-0.104877	-0.0129132	0.970128	-0.242248	0.104881	0.242246	0.964529	2.57341	5.95298	48.2696	
0.994184	-0.0134529	-0.106851	-0.0134117	0.968977	-0.246787	0.106856	0.246784	0.963161	2.67287	6.18268	49.175	
0.993963	-0.0139631	-0.108822	-0.0139195	0.967804	-0.251318	0.108827	0.251316	0.961768	2.77417	6.41663	50.0792	
0.993738	-0.0144825	-0.11079	-0.0144364	0.966611	-0.255843	0.110796	0.25584	0.960349	2.87733	6.65484	50.982	
0.993509	-0.0150112	-0.112756	-0.0149626	0.965396	-0.26036	0.112763	0.260357	0.958905	2.98233	6.8973	51.8834	
0.993276	-0.0155492	-0.114719	-0.015498	0.96416	-0.26487	0.114726	0.264867	0.957436	3.08919	7.144	52.7835	
0.993039	-0.0160964	-0.116679	-0.0160425	0.962903	-0.269372	0.116687	0.269369	0.955942	3.19788	7.39493	53.6822	
0.992798	-0.0166529	-0.118636	-0.0165962	0.961624	-0.273867	0.118644	0.273863	0.954423	3.30841	7.65008	54.5795	
0.992553	-0.0172186	-0.12059	-0.017159	0.960325	-0.278354	0.120599	0.27835	0.952878	3.42079	7.90946	55.4754	
0.992304	-0.0177935	-0.122541	-0.0177309	0.959005	-0.282833	0.12255	0.282829	0.951309	3.53499	8.17304	56.3698	
0.992296	-0.0178122	-0.122603	-0.0179609	0.958473	-0.284617	0.122582	0.284626	0.950769	3.65013	8.43957	57.2632	
0.992288	-0.0178307	-0.122665	-0.0181909	0.957937	-0.286401	0.122612	0.286423	0.950225	3.7653	8.70779	58.1561	
0.99228	-0.017849	-0.122725	-0.0184211	0.957398	-0.288183	0.122641	0.288219	0.949678	3.88049	8.9777	59.0485	
0.992272	-0.0178672	-0.122785	-0.0186512	0.956855	-0.289965	0.122669	0.290014	0.949128	3.99571	9.24929	59.9403	
0.992265	-0.0178853	-0.122844	-0.0188815	0.95631	-0.291746	0.122695	0.291808	0.948575	4.11096	9.52257	60.8317	
0.992257	-0.0179034	-0.122903	-0.0191117	0.95576	-0.293525	0.122721	0.293601	0.948018	4.22623	9.79754	61.7225	
0.99225	-0.0179214	-0.122961	-0.019342	0.955208	-0.295303	0.122746	0.295393	0.947458	4.34153	10.0742	62.6128	
0.992242	-0.0179395	-0.123019	-0.0195723	0.954652	-0.29708	0.12277	0.297183	0.946895	4.45684	10.3525	63.5026	
0.992235	-0.0179576	-0.123076	-0.0198025	0.954093	-0.298855	0.122793	0.298972	0.946329	4.57218	10.6325	64.3918	
0.992227	-0.0179758	-0.123134	-0.0200328	0.953531	-0.300629	0.122816	0.300759	0.945759	4.68754	10.9142	65.2805	
0.99222	-0.017994	-0.123191	-0.020263	0.952965	-0.302401	0.122838	0.302545	0.945186	4.80293	11.1976	66.1687	
0.992212	-0.0180124	-0.123248	-0.0204932	0.952397	-0.304172	0.12286	0.304329	0.944611	4.91833	11.4826	67.0563	
0.992205	-0.018031	-0.123306	-0.0207234	0.951825	-0.305941	0.122882	0.306111	0.944032	5.03375	11.7694	67.9434	
0.992197	-0.0180498	-0.123363	-0.0209535	0.95125	-0.307708	0.122903	0.307892	0.94345	5.1492	12.0578	68.83	
0.99219	-0.0180688	-0.123421	-0.0211835	0.950672	-0.309473	0.122925	0.309671	0.942865	5.26466	12.3478	69.716	
0.993766	-0.0139975	-0.110603	-0.0189502	0.956441	-0.291311	0.109863	0.291591	0.950213	5.37401	12.6303	70.6052	
0.995165	-0.0101721	-0.0976882	-0.016968	0.961861	-0.273012	0.0967396	0.27335	0.957038	5.47105	12.8956	71.501	
0.996386	-0.00659474	-0.0846847	-0.0152382	0.966929	-0.254588	0.0835631	0.254959	0.963334	5.55575	13.1438	72.4031	
0.997428	-0.00326742	-0.0715996	-0.0137616	0.971644	-0.236048	0.0703406	0.236427	0.9691	5.62804	13.3746	73.3108	
0.998291	-0.000191946	-0.05844	-0.0125391	0.976001	-0.217403	0.0570793	0.217764	0.974331	5.68789	13.5879	74.2236	
0.998974	0.00262997	-0.0452132	-0.0115714	0.98	-0.198662	0.0437864	0.198982	0.979025	5.73527	13.7837	75.1412	
0.999477	0.00519678	-0.0319265	-0.010859	0.983637	-0.179837	0.0304695	0.180089	0.983178	5.77015	13.9617	76.0628	
0.999799	0.00750707	-0.0185872	-0.0104023	0.98691	-0.160937	0.0171357	0.161098	0.98679	5.79251	14.122	76.9882	
0.999941	0.00955956	-0.00520269	-0.0102015	0.989818	-0.141973	0.00379253	0.142017	0.989857	5.80234	14.2644	77.9166	
0.999902	0.0113531	0.00821966	-0.0102567	0.992359	-0.122955	-0.00955277	0.122858	0.992378	5.79963	14.3888	78.8477	
0.999682	0.0128868	0.0216725	-0.010568	0.994532	-0.103894	-0.0228928	0.103632	0.994352	5.78439	14.4952	79.7809	
0.999282	0.0141596	0.0351483	-0.0111352	0.996336	-0.0848005	-0.0362202	0.0843482	0.995778	5.75663	14.5835	80.7157	
0.998701	0.015171	0.0486397	-0.0119578	0.997769	-0.0656849	-0.0495276	0.065018	0.996654	5.71635	14.6536	81.6516	
0.997941	0.0159204	0.0621392	-0.0130356	0.998831	-0.0465578	-0.0628078	0.0456519	0.996981	5.66358	14.7056	82.5881	
0.997	0.0164074	0.0756395	-0.0143678	0.99952	-0.0274297	-0.0760532	0.0262607	0.996758	5.59836	14.7394	83.5246	
0.995881	0.0166316	0.089133	-0.0159538	0.999838	-0.0083112	-0.0892568	0.00685495	0.995985	5.52071	14.755	84.4606	
0.994583	0.016593	0.102612	-0.0177927	0.999784	0.0107872	-0.102411	-0.0125546	0.994663	5.43068	14.7523	85.3956	
0.993107	0.0162916	0.11607	-0.0198834	0.999356	0.0298551	-0.115509	-0.0319571	0.992792	5.32832	14.7314	86.3292	
0.991455	0.0157276	0.129499	-0.0222249	0.998557	0.0488817	-0.128543	-0.0513421	0.990374	5.21368	14.6922	87.2607	
0.989626	0.0149012	0.142891	-0.0248158	0.997386	0.0678567	-0.141506	-0.0706987	0.98741	5.08683	14.6349	88.1897	
0.987623	0.0138129	0.156239	-0.0276546	0.995844	0.0867696	-0.154391	-0.0900164	0.983901	4.94784	14.5594	89.1157	
0.985445	0.0124634	0.169536	-0.0307399	0.993932	0.10561	-0.167191	-0.109284	0.979849	4.79679	14.4658	90.0381	
0.983095	0.0108533	0.182775	-0.0340699	0.991651	0.124367	-0.179899	-0.128492	0.975257	4.63376	14.3541	90.9564	
