1	0	0	0	1	0	0	0	1	0	0	0	
1	-1.05521e-06	-0.00054381	-1.05521e-06	0.999992	-0.00388079	0.00054381	0.00388079	0.999992	0.000253504	0.00180908	0.932321	
0.999999	-4.23881e-06	-0.00109039	-4.23158e-06	0.99997	-0.00776808	0.00109039	0.00776808	0.999969	0.00101531	0.00723935	1.86463	
0.999999	-9.57587e-06	-0.00163973	-9.5469e-06	0.999932	-0.0116617	0.00163973	0.0116617	0.999931	0.00228799	0.0162968	2.79691	
0.999998	-1.70914e-05	-0.00219182	-1.70188e-05	0.999879	-0.0155615	0.00219182	0.0155615	0.999877	0.00407411	0.0289872	3.72914	
0.999996	-2.68101e-05	-0.00274663	-2.66648e-05	0.99981	-0.0194674	0.00274663	0.0194674	0.999807	0.00637623	0.0453164	4.66132	
0.999995	-3.87569e-05	-0.00330415	-3.85021e-05	0.999727	-0.0233791	0.00330416	0.0233791	0.999721	0.00919688	0.0652898	5.59342	
0.999993	-5.29564e-05	-0.00386437	-5.2548e-05	0.999627	-0.0272966	0.00386438	0.0272966	0.99962	0.0125386	0.0889129	6.52544	
0.99999	-6.9433e-05	-0.00442727	-6.88195e-05	0.999513	-0.0312197	0.00442728	0.0312197	0.999503	0.0164038	0.116191	7.45735	
0.999988	-8.82112e-05	-0.00499284	-8.73334e-05	0.999382	-0.0351482	0.00499285	0.0351482	0.99937	0.0207951	0.147129	8.38915	
0.999985	-0.000109315	-0.00556105	-0.000108106	0.999236	-0.0390819	0.00556107	0.0390819	0.999221	0.025715	0.181732	9.32082	
0.999981	-0.000132769	-0.00613189	-0.000131155	0.999074	-0.0430208	0.00613192	0.0430208	0.999055	0.0311658	0.220006	10.2523	
0.999978	-0.000158597	-0.00670534	-0.000156496	0.998897	-0.0469647	0.00670539	0.0469647	0.998874	0.0371501	0.261953	11.1837	
0.999973	-0.000186823	-0.00728139	-0.000184144	0.998703	-0.0509134	0.00728146	0.0509134	0.998677	0.0436702	0.307581	12.1149	
0.999969	-0.000217471	-0.00786002	-0.000214117	0.998494	-0.0548667	0.00786012	0.0548667	0.998463	0.0507287	0.356891	13.0459	
0.999964	-0.000250564	-0.00844122	-0.00024643	0.998268	-0.0588246	0.00844134	0.0588246	0.998233	0.0583278	0.40989	13.9767	
0.999959	-0.000286126	-0.00902495	-0.000281099	0.998027	-0.0627869	0.00902511	0.0627868	0.997986	0.06647	0.466581	14.9072	
0.999954	-0.000324179	-0.00961121	-0.000318139	0.997769	-0.0667533	0.00961141	0.0667533	0.997723	0.0751576	0.526967	15.8375	
0.999948	-0.000364748	-0.0102	-0.000357565	0.997496	-0.0707238	0.0102002	0.0707238	0.997444	0.0843931	0.591054	16.7676	
0.999942	-0.000407856	-0.0107912	-0.000399394	0.997206	-0.0746983	0.0107916	0.0746982	0.997148	0.0941787	0.658844	17.6974	
0.999935	-0.000453525	-0.011385	-0.000443639	0.9969	-0.0786764	0.0113854	0.0786764	0.996835	0.104517	0.730342	18.6269	
0.999928	-0.000501777	-0.0119811	-0.000490315	0.996578	-0.0826582	0.0119816	0.0826581	0.996506	0.115409	0.80555	19.5562	
0.999921	-0.000552637	-0.0125798	-0.000539438	0.996239	-0.0866434	0.0125803	0.0866434	0.99616	0.126859	0.884472	20.4851	
0.999913	-0.000606125	-0.0131808	-0.000591021	0.995884	-0.090632	0.0131815	0.0906319	0.995797	0.138869	0.967111	21.4136	
0.999905	-0.000662265	-0.0137842	-0.000645079	0.995513	-0.0946237	0.013785	0.0946235	0.995418	0.151439	1.05347	22.3419	
0.999896	-0.000721078	-0.01439	-0.000701626	0.995125	-0.0986183	0.0143909	0.0986182	0.995021	0.164574	1.14355	23.2697	
0.999887	-0.000782586	-0.0149981	-0.000760677	0.994721	-0.102616	0.0149993	0.102616	0.994608	0.178274	1.23736	24.1972	
0.999878	-0.000846812	-0.0156086	-0.000822243	0.9943	-0.106616	0.0156099	0.106616	0.994178	0.192543	1.3349	25.1243	
0.999868	-0.000913776	-0.0162214	-0.00088634	0.993863	-0.110619	0.0162229	0.110619	0.993731	0.207383	1.43616	26.051	
0.999858	-0.000983501	-0.0168365	-0.000952981	0.993408	-0.114624	0.0168382	0.114624	0.993266	0.222794	1.54116	26.9773	
0.999847	-0.00105601	-0.0174538	-0.00102218	0.992938	-0.118631	0.0174558	0.118631	0.992785	0.238781	1.6499	27.9031	
0.999836	-0.00113132	-0.0180734	-0.00109395	0.992451	-0.122641	0.0180757	0.12264	0.992287	0.255344	1.76237	28.8285	
0.999824	-0.00120945	-0.0186953	-0.00116829	0.991946	-0.126652	0.0186979	0.126652	0.991771	0.272487	1.87858	29.7534	
0.999813	-0.00129042	-0.0193193	-0.00124524	0.991426	-0.130665	0.0193223	0.130665	0.991238	0.290211	1.99853	30.6778	
0.9998	-0.00137427	-0.0199455	-0.00132479	0.990888	-0.13468	0.0199489	0.13468	0.990688	0.308517	2.12222	31.6017	
0.999787	-0.00146099	-0.0205739	-0.00140696	0.990334	-0.138697	0.0205777	0.138696	0.990121	0.327409	2.24966	32.525	
0.999774	-0.00155062	-0.0212045	-0.00149177	0.989763	-0.142714	0.0212087	0.142714	0.989537	0.346888	2.38084	33.4479	
0.99976	-0.00164318	-0.0218371	-0.00157921	0.989175	-0.146733	0.0218419	0.146732	0.988935	0.366957	2.51577	34.3702	
0.999746	-0.00173868	-0.0224719	-0.00166932	0.98857	-0.150753	0.0224772	0.150752	0.988316	0.387617	2.65445	35.2919	
0.999731	-0.00183715	-0.0231087	-0.00176209	0.987948	-0.154774	0.0231146	0.154773	0.98768	0.40887	2.79687	36.213	
0.999716	-0.0019386	-0.0237476	-0.00185753	0.98731	-0.158795	0.0237541	0.158794	0.987026	0.430718	2.94304	37.1336	
0.9997	-0.00204305	-0.0243885	-0.00195567	0.986654	-0.162817	0.0243957	0.162816	0.986355	0.453164	3.09297	38.0535	
0.999684	-0.00215053	-0.0250315	-0.00205651	0.985982	-0.16684	0.0250394	0.166838	0.985666	0.476209	3.24664	38.9728	
0.999668	-0.00226104	-0.0256764	-0.00216005	0.985293	-0.170862	0.0256851	0.170861	0.98496	0.499855	3.40406	39.8914	
0.999651	-0.00237462	-0.0263232	-0.00226632	0.984586	-0.174885	0.0263328	0.174884	0.984237	0.524103	3.56524	40.8093	
0.999633	-0.00249127	-0.0269721	-0.00237532	0.983863	-0.178908	0.0269825	0.178906	0.983496	0.548957	3.73016	41.7266	
0.999615	-0.00261102	-0.0276228	-0.00248706	0.983123	-0.182931	0.0276342	0.182929	0.982738	0.574417	3.89883	42.6432	
0.999596	-0.00273388	-0.0282754	-0.00260155	0.982365	-0.186953	0.0282879	0.186951	0.981962	0.600486	4.07126	43.5591	
0.999577	-0.00285988	-0.0289299	-0.00271881	0.981591	-0.190975	0.0289435	0.190973	0.981168	0.627165	4.24743	44.4742	
0.999558	-0.00298902	-0.0295862	-0.00283883	0.9808	-0.194996	0.029601	0.194994	0.980358	0.654456	4.42735	45.3886	
0.999538	-0.00312133	-0.0302443	-0.00296163	0.979992	-0.199017	0.0302604	0.199015	0.979529	0.682361	4.61103	46.3022	
0.999517	-0.00325683	-0.0309043	-0.00308722	0.979166	-0.203037	0.0309217	0.203034	0.978683	0.710882	4.79845	47.2151	
0.999496	-0.00339552	-0.031566	-0.00321561	0.978324	-0.207055	0.0315848	0.207053	0.97782	0.74002	4.98961	48.1271	
0.999474	-0.00353743	-0.0322294	-0.0033468	0.977465	-0.211073	0.0322498	0.21107	0.976939	0.769778	5.18453	49.0384	
0.999452	-0.00368257	-0.0328946	-0.00348081	0.976588	-0.215089	0.0329165	0.215086	0.97604	0.800156	5.38318	49.9488	
0.999429	-0.00383097	-0.0335614	-0.00361764	0.975695	-0.219104	0.0335851	0.2191	0.975124	0.831156	5.58559	50.8583	
0.999406	-0.00398262	-0.0342299	-0.0037573	0.974785	-0.223117	0.0342554	0.223113	0.974191	0.862781	5.79173	51.767	
0.999382	-0.00413756	-0.0349001	-0.0038998	0.973857	-0.227128	0.0349275	0.227124	0.973239	0.895031	6.00161	52.6748	
0.999358	-0.0042958	-0.0355719	-0.00404515	0.972913	-0.231137	0.0356013	0.231133	0.972271	0.927909	6.21523	53.5818	
0.999333	-0.00445734	-0.0362453	-0.00419334	0.971951	-0.235144	0.0362767	0.235139	0.971284	0.961416	6.43259	54.4878	
0.999308	-0.00462221	-0.0369202	-0.0043444	0.970973	-0.239149	0.0369539	0.239144	0.970281	0.995553	6.65368	55.3929	
0.999282	-0.00479043	-0.0375967	-0.00449833	0.969978	-0.243152	0.0376327	0.243146	0.969259	1.03032	6.87851	56.297	
0.999124	-0.00576218	-0.0414449	-0.00462148	0.969217	-0.246164	0.0415875	0.24614	0.968342	1.06725	7.1066	57.2002	
0.998951	-0.00674679	-0.0452931	-0.00475726	0.968445	-0.249181	0.0455451	0.249135	0.967397	1.10787	7.33748	58.1026	
0.998762	-0.00774424	-0.0491412	-0.00490572	0.967662	-0.252201	0.0495052	0.25213	0.966426	1.15218	7.57115	59.0041	
0.998557	-0.00875447	-0.0529886	-0.0050669	0.966868	-0.255225	0.0534674	0.255125	0.965429	1.20018	7.80761	59.9046	
0.998336	-0.00977747	-0.0568351	-0.00524083	0.966063	-0.258252	0.0574314	0.25812	0.964404	1.25188	8.04687	60.8043	
0.998099	-0.0108132	-0.0606804	-0.00542754	0.965248	-0.261281	0.0613969	0.261113	0.963354	1.30727	8.28891	61.7029	
0.997846	-0.0118615	-0.064524	-0.00562704	0.964421	-0.264311	0.0653635	0.264105	0.962277	1.36636	8.53375	62.6006	
0.997577	-0.0129225	-0.0683658	-0.00583936	0.963584	-0.267343	0.0693309	0.267094	0.961173	1.42915	8.78137	63.4972	
0.997292	-0.013996	-0.0722053	-0.00606449	0.962736	-0.270376	0.0732988	0.270081	0.960043	1.49564	9.03179	64.3928	
0.996991	-0.0150821	-0.0760422	-0.00630245	0.961877	-0.273408	0.0772668	0.273065	0.958888	1.56583	9.28498	65.2873	
0.996673	-0.0161805	-0.0798761	-0.00655323	0.961009	-0.276441	0.0812346	0.276045	0.957706	1.63972	9.54095	66.1808	
0.99634	-0.0172913	-0.0837069	-0.0068168	0.96013	-0.279472	0.0852019	0.27902	0.956498	1.7173	9.79971	67.0731	
0.995991	-0.0184144	-0.0875341	-0.00709316	0.95924	-0.282502	0.0891684	0.281991	0.955265	1.79859	10.0612	67.9643	
0.995626	-0.0195497	-0.0913574	-0.00738228	0.958341	-0.28553	0.0931336	0.284956	0.954005	1.88357	10.3255	68.8543	
0.995245	-0.0206972	-0.0951766	-0.00768413	0.957432	-0.288556	0.0970974	0.287915	0.952721	1.97225	10.5926	69.7432	
0.994848	-0.0218567	-0.0989912	-0.00799867	0.956514	-0.291578	0.101059	0.290868	0.951411	2.06462	10.8624	70.6308	
0.992342	-0.0282783	-0.120243	-0.00725367	0.958422	-0.285262	0.12331	0.283949	0.950877	2.16922	11.1303	71.5176	
0.989339	-0.0345436	-0.141477	-0.00636113	0.960284	-0.278951	0.145494	0.276877	0.949827	2.29453	11.3918	72.4037	
0.985841	-0.0406492	-0.162681	-0.00532153	0.962099	-0.272648	0.167598	0.269653	0.94826	2.44049	11.6466	73.2886	
0.98185	-0.0465917	-0.183845	-0.00413545	0.963865	-0.266358	0.189612	0.262284	0.946179	2.60701	11.8946	74.1717	
0.977369	-0.0523681	-0.204957	-0.00280351	0.965582	-0.260083	0.211522	0.254772	0.943583	2.79402	12.1356	75.0527	
0.9724	-0.057975	-0.226004	-0.00132645	0.967249	-0.253827	0.233318	0.247121	0.940475	3.00139	12.3696	75.931	
0.966944	-0.0634095	-0.246977	0.000294926	0.968864	-0.247594	0.254987	0.239336	0.936856	3.22903	12.5963	76.8062	
0.961007	-0.0686686	-0.267863	0.00205974	0.970427	-0.241386	0.276517	0.231422	0.932728	3.47681	12.8158	77.6778	
0.95459	-0.0737494	-0.288652	0.00396704	0.971937	-0.235207	0.297898	0.223381	0.928094	3.74459	13.0278	78.5452	
0.947697	-0.0786493	-0.309331	0.00601579	0.973394	-0.229061	0.319116	0.215219	0.922955	4.03223	13.2323	79.4082	
0.940331	-0.0833655	-0.329889	0.00820487	0.974795	-0.22295	0.340161	0.206941	0.917315	4.33958	13.4291	80.2661	
0.932498	-0.0878954	-0.350317	0.0105331	0.976142	-0.216879	0.361021	0.198549	0.911176	4.66646	13.6181	81.1185	
0.924201	-0.0922367	-0.370601	0.0129992	0.977432	-0.21085	0.381685	0.19005	0.904543	5.01269	13.7993	81.9649	
0.915444	-0.0963869	-0.390732	0.0156018	0.978666	-0.204867	0.402142	0.181448	0.897418	5.3781	13.9725	82.805	
0.906233	-0.100344	-0.410698	0.0183396	0.979842	-0.198933	0.42238	0.172747	0.889805	5.76248	14.1376	83.6381	
0.896572	-0.104105	-0.430488	0.021211	0.98096	-0.19305	0.442389	0.163953	0.881709	6.16562	14.2946	84.464	
0.886467	-0.107669	-0.450093	0.0242145	0.982019	-0.187224	0.462158	0.155069	0.873135	6.5873	14.4433	85.2821	
0.875923	-0.111034	-0.4695	0.0273484	0.983019	-0.181455	0.481675	0.146101	0.864085	7.0273	14.5837	86.0919	
0.864946	-0.114197	-0.4887	0.030611	0.983959	-0.175749	0.500931	0.137053	0.854567	7.48538	14.7157	86.8931	
0.853541	-0.117157	-0.507682	0.0340007	0.984839	-0.170107	0.519915	0.127932	0.844584	7.96128	14.8392	87.6853	
0.841716	-0.119913	-0.526436	0.0375154	0.985658	-0.164533	0.538616	0.11874	0.834143	8.45474	14.9542	88.4679	
0.829476	-0.122463	-0.544952	0.0411534	0.986416	-0.159029	0.557024	0.109484	0.823248	8.96551	15.0606	89.2405	
