1	0	0	0	1	0	0	0	1	0	0	0	
0.999998	2.59232e-06	-0.00190577	2.59232e-06	0.999996	0.00272048	0.00190577	-0.00272048	0.999994	0.000696378	-0.000994076	0.730807	
0.999993	1.03854e-05	-0.00381503	1.03795e-05	0.999985	0.00544284	0.00381503	-0.00544284	0.999978	0.00278679	-0.00397699	1.46161	
0.999984	2.34017e-05	-0.00572774	2.3378e-05	0.999967	0.008167	0.00572774	-0.008167	0.99995	0.00627376	-0.00895008	2.19239	
0.999971	4.16635e-05	-0.00764386	4.16042e-05	0.999941	0.0108929	0.00764386	-0.0108929	0.999911	0.0111598	-0.0159147	2.92315	
0.999954	6.51927e-05	-0.00956334	6.5074e-05	0.999907	0.0136205	0.00956334	-0.0136205	0.999862	0.0174474	-0.024872	3.65387	
0.999934	9.40111e-05	-0.0114862	9.38031e-05	0.999866	0.0163497	0.0114862	-0.0163497	0.9998	0.025139	-0.0358232	4.38456	
0.99991	0.00012814	-0.0134122	0.000127807	0.999818	0.0190805	0.0134122	-0.0190805	0.999728	0.034237	-0.0487696	5.11519	
0.999882	0.000167601	-0.0153416	0.000167101	0.999762	0.0218127	0.0153416	-0.0218127	0.999644	0.0447437	-0.0637121	5.84577	
0.999851	0.000212414	-0.0172741	0.000211699	0.999699	0.0245464	0.0172741	-0.0245464	0.999549	0.0566617	-0.080652	6.57629	
0.999815	0.000262601	-0.0192098	0.000261617	0.999628	0.0272815	0.0192098	-0.0272814	0.999443	0.0699931	-0.0995901	7.30673	
0.999776	0.000318182	-0.0211486	0.000316868	0.999549	0.0300178	0.0211487	-0.0300178	0.999326	0.0847402	-0.120527	8.03709	
0.999733	0.000379176	-0.0230905	0.000377467	0.999463	0.0327554	0.0230906	-0.0327553	0.999197	0.100905	-0.143465	8.76736	
0.999686	0.000445604	-0.0250355	0.000443427	0.99937	0.0354941	0.0250355	-0.0354941	0.999056	0.118491	-0.168404	9.49753	
0.999636	0.000517486	-0.0269834	0.000514761	0.999269	0.0382339	0.0269834	-0.0382339	0.998904	0.137499	-0.195344	10.2276	
0.999581	0.00059484	-0.0289343	0.000591483	0.99916	0.0409748	0.0289343	-0.0409748	0.998741	0.157931	-0.224287	10.9575	
0.999523	0.000677686	-0.030888	0.000673606	0.999044	0.0437167	0.0308881	-0.0437166	0.998566	0.179791	-0.255234	11.6874	
0.99946	0.000766042	-0.0328447	0.000761142	0.99892	0.0464594	0.0328448	-0.0464594	0.99838	0.203079	-0.288185	12.4171	
0.999394	0.000859928	-0.0348042	0.000854104	0.998788	0.0492031	0.0348043	-0.049203	0.998182	0.227798	-0.32314	13.1466	
0.999323	0.000959361	-0.0367664	0.000952503	0.998649	0.0519475	0.0367666	-0.0519473	0.997973	0.253951	-0.360101	13.876	
0.999249	0.00106436	-0.0387314	0.00105635	0.998503	0.0546926	0.0387317	-0.0546924	0.997752	0.281538	-0.399068	14.6053	
0.999171	0.00117494	-0.0406991	0.00116566	0.998348	0.0574384	0.0406994	-0.0574382	0.997519	0.310563	-0.440041	15.3343	
0.999088	0.00129112	-0.0426695	0.00128044	0.998186	0.0601848	0.0426698	-0.0601845	0.997275	0.341026	-0.48302	16.0632	
0.999002	0.00141292	-0.0446424	0.0014007	0.998017	0.0629317	0.0446428	-0.0629314	0.997019	0.372931	-0.528008	16.792	
0.998912	0.00154035	-0.046618	0.00152646	0.99784	0.0656791	0.0466184	-0.0656787	0.996751	0.406278	-0.575002	17.5205	
0.998817	0.00167344	-0.048596	0.00165772	0.997655	0.0684269	0.0485966	-0.0684265	0.996472	0.44107	-0.624005	18.2488	
0.998719	0.00181219	-0.0505766	0.00179449	0.997462	0.071175	0.0505772	-0.0711745	0.996181	0.477308	-0.675016	18.977	
0.998616	0.00195663	-0.0525596	0.00193679	0.997262	0.0739234	0.0525603	-0.0739229	0.995878	0.514995	-0.728035	19.7049	
0.998509	0.00210676	-0.054545	0.00208462	0.997054	0.076672	0.0545458	-0.0766714	0.995563	0.554132	-0.783063	20.4325	
0.998398	0.00226262	-0.0565327	0.00223799	0.996839	0.0794208	0.0565337	-0.0794201	0.995237	0.594721	-0.840099	21.16	
0.998283	0.0024242	-0.0585227	0.00239692	0.996615	0.0821697	0.0585239	-0.0821689	0.994899	0.636764	-0.899145	21.8872	
0.998164	0.00259153	-0.060515	0.0025614	0.996385	0.0849186	0.0605163	-0.0849177	0.994549	0.680262	-0.960199	22.6142	
0.998041	0.00276461	-0.0625096	0.00273145	0.996146	0.0876675	0.062511	-0.0876665	0.994187	0.725216	-1.02326	23.3408	
0.997913	0.00294348	-0.0645063	0.00290708	0.9959	0.0904163	0.064508	-0.0904151	0.993813	0.77163	-1.08833	24.0673	
0.997781	0.00312813	-0.0665052	0.00308829	0.995646	0.0931649	0.066507	-0.0931636	0.993427	0.819503	-1.15541	24.7934	
0.997645	0.00331858	-0.0685061	0.0032751	0.995384	0.0959133	0.0685082	-0.0959118	0.993029	0.868838	-1.2245	25.5193	
0.997505	0.00351485	-0.0705091	0.0034675	0.995115	0.0986614	0.0705114	-0.0986598	0.99262	0.919637	-1.2956	26.2448	
0.99736	0.00371695	-0.0725141	0.00366551	0.994838	0.101409	0.0725167	-0.101407	0.992199	0.9719	-1.36871	26.9701	
0.997212	0.0039249	-0.0745211	0.00386913	0.994553	0.104157	0.074524	-0.104154	0.991765	1.02563	-1.44382	27.695	
0.997059	0.0041387	-0.0765299	0.00407837	0.994261	0.106903	0.0765332	-0.106901	0.99132	1.08083	-1.52094	28.4197	
0.996901	0.00435837	-0.0785407	0.00429323	0.993961	0.10965	0.0785443	-0.109647	0.990862	1.13749	-1.60007	29.144	
0.99674	0.00458392	-0.0805533	0.00451373	0.993653	0.112396	0.0805572	-0.112393	0.990393	1.19563	-1.6812	29.8679	
0.996574	0.00481536	-0.0825676	0.00473986	0.993338	0.115141	0.082572	-0.115138	0.989912	1.25524	-1.76434	30.5915	
0.996404	0.00505271	-0.0845837	0.00497163	0.993015	0.117885	0.0845885	-0.117882	0.989418	1.31632	-1.84949	31.3148	
0.996229	0.00529598	-0.0866015	0.00520906	0.992684	0.120629	0.0866068	-0.120625	0.988913	1.37887	-1.93664	32.0377	
0.99605	0.00554517	-0.088621	0.00545213	0.992346	0.123372	0.0886268	-0.123368	0.988396	1.4429	-2.0258	32.7602	
0.995867	0.0058003	-0.090642	0.00570086	0.991999	0.126114	0.0906484	-0.126109	0.987866	1.50841	-2.11696	33.4823	
0.995679	0.00606138	-0.0926647	0.00595526	0.991646	0.128855	0.0926716	-0.12885	0.987325	1.5754	-2.21012	34.2041	
0.995487	0.00632842	-0.0946888	0.00621531	0.991284	0.131595	0.0946963	-0.131589	0.986771	1.64386	-2.30528	34.9254	
0.99529	0.00660144	-0.0967144	0.00648104	0.990915	0.134333	0.0967226	-0.134328	0.986205	1.71381	-2.40245	35.6464	
0.995089	0.00688043	-0.0987415	0.00675244	0.990538	0.137071	0.0987503	-0.137065	0.985628	1.78524	-2.50162	36.3669	
0.994884	0.00716541	-0.10077	0.00702951	0.990154	0.139808	0.100779	-0.139801	0.985038	1.85814	-2.60279	37.087	
0.994395	0.00783494	-0.105442	0.00730326	0.989779	0.142421	0.10548	-0.142393	0.984174	1.93351	-2.7059	37.8065	
0.993883	0.00851718	-0.110113	0.00759039	0.989397	0.145041	0.110181	-0.144989	0.983279	2.01232	-2.81091	38.5254	
0.993348	0.00921218	-0.114782	0.00789096	0.989006	0.147666	0.11488	-0.147589	0.982354	2.09455	-2.91782	39.2437	
0.992791	0.00991993	-0.119449	0.00820501	0.988607	0.150296	0.119579	-0.150193	0.981398	2.18023	-3.02663	39.9613	
0.992211	0.0106405	-0.124115	0.00853261	0.9882	0.152932	0.124277	-0.152799	0.980412	2.26933	-3.13735	40.6781	
0.991608	0.0113738	-0.128778	0.00887379	0.987785	0.155572	0.128974	-0.155409	0.979395	2.36187	-3.24997	41.3942	
0.990983	0.0121199	-0.133438	0.0092286	0.987361	0.158217	0.133669	-0.158021	0.978346	2.45784	-3.3645	42.1096	
0.990335	0.0128789	-0.138096	0.00959707	0.98693	0.160866	0.138363	-0.160636	0.977268	2.55725	-3.48094	42.8242	
0.989665	0.0136506	-0.14275	0.00997925	0.98649	0.163518	0.143054	-0.163253	0.976158	2.66008	-3.59929	43.538	
0.988971	0.0144353	-0.147402	0.0103752	0.986042	0.166175	0.147743	-0.165872	0.975017	2.76634	-3.71955	44.251	
0.988255	0.0152327	-0.15205	0.0107848	0.985585	0.168835	0.15243	-0.168492	0.973846	2.87602	-3.84173	44.9631	
0.987517	0.016043	-0.156694	0.0112083	0.985121	0.171498	0.157114	-0.171113	0.972644	2.98913	-3.96582	45.6743	
0.986756	0.0168662	-0.161335	0.0116456	0.984648	0.174163	0.161796	-0.173735	0.97141	3.10566	-4.09183	46.3847	
0.985972	0.0177022	-0.165971	0.0120967	0.984167	0.176831	0.166474	-0.176358	0.970146	3.22561	-4.21976	47.0942	
0.985165	0.0185511	-0.170604	0.0125617	0.983677	0.179502	0.171149	-0.178982	0.968852	3.34898	-4.3496	47.8027	
0.984336	0.0194128	-0.175231	0.0130405	0.98318	0.182174	0.17582	-0.181605	0.967526	3.47576	-4.48136	48.5102	
0.983484	0.0202874	-0.179854	0.0135332	0.982674	0.184848	0.180488	-0.184229	0.96617	3.60596	-4.61504	49.2168	
0.98261	0.0211748	-0.184472	0.0140398	0.98216	0.187523	0.185151	-0.186852	0.964783	3.73957	-4.75063	49.9224	
0.981713	0.0220751	-0.189084	0.0145602	0.981637	0.190199	0.189811	-0.189474	0.963365	3.87658	-4.88815	50.627	
0.980793	0.0229882	-0.193692	0.0150946	0.981107	0.192877	0.194466	-0.192096	0.961916	4.017	-5.02757	51.3305	
0.979851	0.0239141	-0.198293	0.0156428	0.980568	0.195554	0.199116	-0.194716	0.960437	4.16081	-5.16892	52.0329	
0.978886	0.0248529	-0.202889	0.0162049	0.980021	0.198232	0.203762	-0.197335	0.958927	4.30803	-5.31217	52.7343	
0.977899	0.0258044	-0.207479	0.0167809	0.979466	0.20091	0.208403	-0.199951	0.957386	4.45864	-5.45734	53.4345	
0.97689	0.0267687	-0.212062	0.0173707	0.978903	0.203588	0.213038	-0.202566	0.955815	4.61263	-5.60443	54.1336	
0.975857	0.0277458	-0.216639	0.0179743	0.978331	0.206265	0.217668	-0.205179	0.954213	4.77001	-5.75342	54.8315	
0.974803	0.0287356	-0.221209	0.0185918	0.977752	0.208941	0.222292	-0.207789	0.952581	4.93078	-5.90432	55.5283	
0.973726	0.0297382	-0.225773	0.0192231	0.977164	0.211616	0.22691	-0.210396	0.950918	5.09492	-6.05713	56.2238	
0.972627	0.0307534	-0.230329	0.0198681	0.976568	0.214289	0.231522	-0.213	0.949225	5.26243	-6.21184	56.9181	
0.971505	0.0317814	-0.234878	0.0205269	0.975964	0.216961	0.236128	-0.2156	0.947502	5.43331	-6.36845	57.6112	
0.970361	0.032822	-0.23942	0.0211994	0.975353	0.219631	0.240728	-0.218197	0.945749	5.60756	-6.52696	58.303	
0.969195	0.0338752	-0.243954	0.0218855	0.974733	0.222299	0.24532	-0.22079	0.943965	5.78516	-6.68737	58.9935	
0.968007	0.0349411	-0.24848	0.0225853	0.974105	0.224964	0.249906	-0.223379	0.942151	5.96612	-6.84967	59.6827	
0.966796	0.0360195	-0.252998	0.0232987	0.97347	0.227627	0.254485	-0.225963	0.940308	6.15043	-7.01386	60.3706	
0.965563	0.0371105	-0.257507	0.0240256	0.972826	0.230286	0.259056	-0.228543	0.938434	6.33808	-7.17994	61.0571	
0.964309	0.038214	-0.262009	0.0247661	0.972175	0.232942	0.26362	-0.231117	0.936531	6.52907	-7.3479	61.7422	
0.963032	0.03933	-0.266501	0.02552	0.971516	0.235595	0.268176	-0.233686	0.934597	6.72339	-7.51774	62.4259	
0.961733	0.0404584	-0.270985	0.0262873	0.97085	0.238244	0.272724	-0.23625	0.932635	6.92104	-7.68946	63.1082	
0.960412	0.0415992	-0.275459	0.0270679	0.970175	0.240888	0.277265	-0.238808	0.930642	7.122	-7.86305	63.7891	
0.95907	0.0427525	-0.279925	0.0278619	0.969493	0.243529	0.281797	-0.24136	0.92862	7.32629	-8.03851	64.4684	
0.957705	0.043918	-0.284381	0.028669	0.968804	0.246164	0.28632	-0.243906	0.926569	7.53388	-8.21582	65.1463	
0.956319	0.0450958	-0.288827	0.0294893	0.968107	0.248795	0.290835	-0.246445	0.924489	7.74478	-8.395	65.8227	
0.954911	0.0462859	-0.293263	0.0303227	0.967403	0.251421	0.295341	-0.248977	0.92238	7.95897	-8.57603	66.4976	
0.953481	0.0474881	-0.29769	0.0311692	0.966691	0.254042	0.299838	-0.251502	0.920241	8.17645	-8.75891	67.1709	
0.952029	0.0487026	-0.302106	0.0320285	0.965972	0.256656	0.304326	-0.25402	0.918074	8.39721	-8.94363	67.8426	
0.950556	0.0499291	-0.306512	0.0329007	0.965246	0.259265	0.308804	-0.256531	0.915878	8.62125	-9.13019	68.5128	
0.949062	0.0511677	-0.310907	0.0337857	0.964512	0.261868	0.313273	-0.259033	0.913653	8.84856	-9.31858	69.1813	
0.947546	0.0524183	-0.315291	0.0346835	0.963772	0.264465	0.317732	-0.261528	0.9114	9.07914	-9.50879	69.8482	
0.941585	0.0571898	-0.331884	0.0348143	0.963667	0.264829	0.334972	-0.260913	0.905383	9.31764	-9.6997	70.512	
