1	0	0	0	1	0	0	0	1	0	0	0	
1	-1.11033e-06	-0.00076178	-1.11033e-06	0.999996	-0.00291507	0.00076178	0.00291507	0.999995	0.000314715	0.00120431	0.826261	
0.999999	-4.44474e-06	-0.00152413	-4.44493e-06	0.999983	-0.00583258	0.00152413	0.00583258	0.999982	0.0012591	0.00481824	1.65252	
0.999997	-1.00083e-05	-0.00228702	-1.00091e-05	0.999962	-0.00875242	0.00228702	0.00875242	0.999959	0.0028336	0.0108438	2.47875	
0.999995	-1.78059e-05	-0.00305044	-1.78078e-05	0.999932	-0.0116745	0.00305044	0.0116745	0.999927	0.00503868	0.0192828	3.30497	
0.999993	-2.78421e-05	-0.00381436	-2.7846e-05	0.999893	-0.0145988	0.00381436	0.0145988	0.999886	0.00787474	0.0301371	4.13116	
0.99999	-4.01215e-05	-0.00457875	-4.01283e-05	0.999846	-0.0175251	0.00457875	0.0175251	0.999836	0.0113422	0.0434085	4.9573	
0.999986	-5.46483e-05	-0.0053436	-5.46592e-05	0.999791	-0.0204535	0.0053436	0.0204535	0.999777	0.0154414	0.0590987	5.78341	
0.999981	-7.14266e-05	-0.00610888	-7.14429e-05	0.999727	-0.0233838	0.00610888	0.0233838	0.999708	0.0201728	0.0772093	6.60946	
0.999976	-9.04603e-05	-0.00687458	-9.04836e-05	0.999654	-0.0263159	0.00687458	0.0263159	0.99963	0.0255367	0.0977417	7.43545	
0.999971	-0.000111753	-0.00764066	-0.000111785	0.999572	-0.0292497	0.00764066	0.0292497	0.999543	0.0315334	0.120698	8.26137	
0.999965	-0.000135308	-0.00840711	-0.000135351	0.999482	-0.0321852	0.00840711	0.0321852	0.999447	0.0381632	0.146078	9.08722	
0.999958	-0.000161129	-0.0091739	-0.000161185	0.999383	-0.0351222	0.0091739	0.0351222	0.999341	0.0454265	0.173885	9.91298	
0.999951	-0.000189219	-0.00994101	-0.00018929	0.999275	-0.0380608	0.00994101	0.0380608	0.999226	0.0533235	0.204119	10.7386	
0.999943	-0.000219581	-0.0107084	-0.000219669	0.999159	-0.0410007	0.0107084	0.0410007	0.999102	0.0618544	0.236782	11.5642	
0.999934	-0.000252217	-0.0114761	-0.000252326	0.999034	-0.0439419	0.0114761	0.0439419	0.998968	0.0710195	0.271875	12.3897	
0.999925	-0.000287129	-0.012244	-0.000287262	0.9989	-0.0468844	0.012244	0.0468844	0.998825	0.0808191	0.309398	13.215	
0.999915	-0.000324322	-0.0130122	-0.000324481	0.998758	-0.049828	0.0130122	0.049828	0.998673	0.0912532	0.349353	14.0403	
0.999905	-0.000363795	-0.0137806	-0.000363984	0.998606	-0.0527727	0.0137806	0.0527727	0.998511	0.102322	0.39174	14.8654	
0.999894	-0.000405552	-0.0145491	-0.000405774	0.998446	-0.0557183	0.0145491	0.0557183	0.998341	0.114026	0.436561	15.6903	
0.999883	-0.000449593	-0.0153179	-0.000449853	0.998278	-0.0586648	0.0153178	0.0586648	0.99816	0.126365	0.483817	16.5151	
0.99987	-0.000495921	-0.0160867	-0.000496222	0.9981	-0.0616121	0.0160867	0.0616121	0.997971	0.139339	0.533507	17.3398	
0.999858	-0.000544536	-0.0168557	-0.000544883	0.997914	-0.0645601	0.0168557	0.0645601	0.997771	0.152949	0.585633	18.1643	
0.999844	-0.000595441	-0.0176248	-0.000595837	0.997719	-0.0675087	0.0176248	0.0675088	0.997563	0.167194	0.640194	18.9887	
0.999831	-0.000648634	-0.0183939	-0.000649085	0.997515	-0.0704579	0.0183939	0.0704579	0.997345	0.182074	0.697193	19.8128	
0.999816	-0.000704119	-0.0191631	-0.000704628	0.997302	-0.0734075	0.0191631	0.0734075	0.997118	0.19759	0.756628	20.6368	
0.999801	-0.000761894	-0.0199324	-0.000762467	0.99708	-0.0763575	0.0199323	0.0763575	0.996881	0.213742	0.818501	21.4606	
0.999785	-0.00082196	-0.0207016	-0.000822603	0.99685	-0.0793078	0.0207016	0.0793078	0.996635	0.230529	0.882811	22.2842	
0.999769	-0.000884317	-0.0214708	-0.000885035	0.996611	-0.0822582	0.0214708	0.0822583	0.99638	0.247952	0.949559	23.1075	
0.999752	-0.000948966	-0.02224	-0.000949763	0.996363	-0.0852088	0.0222399	0.0852088	0.996115	0.26601	1.01875	23.9307	
0.999735	-0.00101591	-0.0230091	-0.00101679	0.996106	-0.0881594	0.0230091	0.0881594	0.995841	0.284704	1.09037	24.7536	
0.999717	-0.00108514	-0.0237781	-0.00108611	0.99584	-0.0911099	0.0237781	0.0911099	0.995557	0.304033	1.16443	25.5763	
0.999698	-0.00115666	-0.0245471	-0.00115773	0.995566	-0.0940603	0.024547	0.0940603	0.995264	0.323998	1.24093	26.3988	
0.999679	-0.00123046	-0.0253159	-0.00123164	0.995283	-0.0970105	0.0253158	0.0970105	0.994961	0.344597	1.31987	27.221	
0.999659	-0.00130656	-0.0260845	-0.00130785	0.994991	-0.0999603	0.0260844	0.0999603	0.994649	0.365833	1.40124	28.043	
0.999638	-0.00138494	-0.026853	-0.00138635	0.99469	-0.10291	0.0268529	0.10291	0.994328	0.387703	1.48505	28.8647	
0.999617	-0.00146561	-0.0276213	-0.00146714	0.99438	-0.105859	0.0276212	0.105859	0.993997	0.410208	1.5713	29.6862	
0.999596	-0.00154856	-0.0283893	-0.00155022	0.994062	-0.108807	0.0283892	0.108807	0.993657	0.433347	1.65999	30.5073	
0.999574	-0.00163379	-0.0291572	-0.00163559	0.993734	-0.111755	0.0291571	0.111755	0.993308	0.457121	1.75111	31.3282	
0.999551	-0.0017213	-0.0299247	-0.00172325	0.993398	-0.114702	0.0299246	0.114702	0.992949	0.48153	1.84467	32.1488	
0.999527	-0.00181109	-0.030692	-0.00181319	0.993054	-0.117648	0.0306919	0.117648	0.992581	0.506573	1.94066	32.9691	
0.999503	-0.00190315	-0.031459	-0.00190542	0.9927	-0.120593	0.0314588	0.120593	0.992203	0.532249	2.03908	33.7891	
0.999479	-0.00199749	-0.0322256	-0.00199992	0.992338	-0.123537	0.0322255	0.123537	0.991817	0.558559	2.13994	34.6087	
0.999453	-0.00209409	-0.0329919	-0.0020967	0.991967	-0.12648	0.0329918	0.12648	0.99142	0.585502	2.24323	35.4281	
0.999428	-0.00219296	-0.0337579	-0.00219576	0.991587	-0.129422	0.0337577	0.129422	0.991015	0.613079	2.34895	36.2471	
0.999401	-0.0022941	-0.0345234	-0.00229709	0.991199	-0.132363	0.0345232	0.132363	0.9906	0.641288	2.4571	37.0657	
0.999374	-0.00239749	-0.0352885	-0.00240068	0.990801	-0.135302	0.0352883	0.135302	0.990176	0.670129	2.56768	37.884	
0.999347	-0.00250314	-0.0360532	-0.00250655	0.990396	-0.13824	0.036053	0.13824	0.989742	0.699602	2.68069	38.702	
0.999319	-0.00261104	-0.0368174	-0.00261467	0.989981	-0.141177	0.0368172	0.141177	0.9893	0.729707	2.79613	39.5196	
0.99929	-0.00272118	-0.0375812	-0.00272505	0.989558	-0.144111	0.0375809	0.144112	0.988848	0.760444	2.91399	40.3369	
0.999261	-0.00283357	-0.0383444	-0.00283768	0.989126	-0.147045	0.0383441	0.147045	0.988386	0.791811	3.03428	41.1537	
0.999231	-0.0029482	-0.0391071	-0.00295256	0.988685	-0.149976	0.0391068	0.149976	0.987916	0.823808	3.15699	41.9702	
0.9992	-0.00306507	-0.0398693	-0.00306969	0.988236	-0.152906	0.039869	0.152906	0.987436	0.856435	3.28212	42.7863	
0.999169	-0.00318416	-0.0406309	-0.00318905	0.987778	-0.155833	0.0406305	0.155833	0.986947	0.889692	3.40967	43.6019	
0.999138	-0.00330548	-0.0413919	-0.00331065	0.987312	-0.158759	0.0413915	0.158759	0.986449	0.923578	3.53963	44.4172	
0.999105	-0.00342902	-0.0421523	-0.00343448	0.986837	-0.161682	0.0421519	0.161683	0.985942	0.958093	3.67202	45.2321	
0.999073	-0.00355477	-0.0429121	-0.00356054	0.986353	-0.164604	0.0429116	0.164604	0.985426	0.993235	3.80682	46.0465	
0.999037	-0.00368849	-0.0437128	-0.00355732	0.986366	-0.164531	0.0437237	0.164528	0.985403	1.02903	3.94279	46.8607	
0.999001	-0.00382242	-0.0445151	-0.00355401	0.986378	-0.164457	0.0445374	0.164451	0.985379	1.06549	4.0787	47.6749	
0.998965	-0.00395655	-0.045319	-0.00355061	0.98639	-0.164382	0.0453526	0.164373	0.985355	1.10263	4.21455	48.4891	
0.998927	-0.00409087	-0.0461244	-0.00354713	0.986403	-0.164307	0.0461694	0.164294	0.98533	1.14044	4.35033	49.3032	
0.998889	-0.00422536	-0.0469312	-0.00354355	0.986415	-0.164231	0.0469876	0.164215	0.985305	1.17892	4.48605	50.1174	
0.99885	-0.00436001	-0.0477393	-0.00353987	0.986428	-0.164155	0.0478071	0.164135	0.985279	1.21809	4.6217	50.9315	
0.998811	-0.00449481	-0.0485487	-0.0035361	0.986441	-0.164078	0.0486279	0.164055	0.985252	1.25793	4.75729	51.7456	
0.99877	-0.00462975	-0.0493592	-0.00353224	0.986454	-0.164	0.0494499	0.163973	0.985225	1.29845	4.89281	52.5596	
0.998729	-0.0047648	-0.0501709	-0.00352828	0.986467	-0.163922	0.050273	0.163891	0.985197	1.33964	5.02826	53.3737	
0.998687	-0.00489996	-0.0509835	-0.00352422	0.98648	-0.163843	0.0510971	0.163808	0.985168	1.38152	5.16364	54.1877	
0.998645	-0.00503521	-0.0517971	-0.00352007	0.986493	-0.163764	0.0519221	0.163724	0.985139	1.42408	5.29895	55.0017	
0.998602	-0.00517054	-0.0526116	-0.00351581	0.986507	-0.163684	0.052748	0.16364	0.985109	1.46733	5.4342	55.8157	
0.998558	-0.00530593	-0.0534269	-0.00351145	0.98652	-0.163603	0.0535747	0.163555	0.985079	1.51125	5.56937	56.6296	
0.998513	-0.00544137	-0.0542428	-0.00350699	0.986534	-0.163522	0.0544022	0.163469	0.985047	1.55586	5.70448	57.4435	
0.998468	-0.00557685	-0.0550594	-0.00350243	0.986547	-0.16344	0.0552302	0.163382	0.985016	1.60115	5.83951	58.2574	
0.998421	-0.00571235	-0.0558766	-0.00349776	0.986561	-0.163357	0.0560588	0.163294	0.984983	1.64713	5.97447	59.0713	
0.998374	-0.00584786	-0.0566942	-0.00349299	0.986575	-0.163274	0.0568878	0.163206	0.984951	1.69379	6.10936	59.8851	
0.998327	-0.00598337	-0.0575122	-0.0034881	0.986589	-0.16319	0.0577173	0.163117	0.984917	1.74114	6.24417	60.6989	
0.998279	-0.00611886	-0.0583305	-0.00348312	0.986603	-0.163105	0.058547	0.163028	0.984883	1.78917	6.37891	61.5127	
0.99823	-0.00625432	-0.059149	-0.00347802	0.986617	-0.16302	0.059377	0.162937	0.984848	1.83789	6.51358	62.3265	
0.99818	-0.00638973	-0.0599677	-0.00347281	0.986631	-0.162934	0.0602071	0.162846	0.984813	1.88729	6.64817	63.1402	
0.998129	-0.00652508	-0.0607865	-0.00346749	0.986645	-0.162848	0.0610373	0.162754	0.984777	1.93738	6.78268	63.9539	
0.998078	-0.00666036	-0.0616052	-0.00346206	0.986659	-0.162761	0.0618674	0.162661	0.98474	1.98816	6.91712	64.7676	
0.998027	-0.00679556	-0.0624239	-0.00345651	0.986674	-0.162673	0.0626975	0.162568	0.984703	2.03962	7.05149	65.5812	
0.997974	-0.00693065	-0.0632424	-0.00345085	0.986689	-0.162585	0.0635274	0.162474	0.984666	2.09177	7.18577	66.3948	
0.997921	-0.00706564	-0.0640607	-0.00344507	0.986703	-0.162496	0.0643571	0.162379	0.984628	2.1446	7.31998	67.2084	
0.997867	-0.00720049	-0.0648787	-0.00343918	0.986718	-0.162406	0.0651864	0.162283	0.984589	2.19812	7.4541	68.022	
0.997813	-0.00733521	-0.0656962	-0.00343316	0.986733	-0.162316	0.0660153	0.162186	0.984549	2.25232	7.58815	68.8355	
0.997758	-0.00746977	-0.0665133	-0.00342703	0.986748	-0.162225	0.0668437	0.162089	0.98451	2.30721	7.72212	69.6489	
0.997702	-0.00760417	-0.0673299	-0.00342078	0.986763	-0.162133	0.0676715	0.161991	0.984469	2.36278	7.85601	70.4624	
0.997645	-0.00773839	-0.0681458	-0.0034144	0.986778	-0.162041	0.0684987	0.161892	0.984428	2.41904	7.98982	71.2758	
0.997612	-0.00781196	-0.068624	-0.00199422	0.989911	-0.141679	0.0690384	0.141478	0.987531	2.47586	8.11515	72.0905	
0.997578	-0.00787561	-0.0691036	-0.000563199	0.992621	-0.121257	0.0695487	0.121003	0.990213	2.53312	8.2236	72.9076	
0.997545	-0.00792932	-0.0695845	0.000878056	0.994908	-0.100785	0.0700293	0.100476	0.992472	2.59078	8.3151	73.7268	
0.99751	-0.00797307	-0.0700663	0.00232893	0.99677	-0.0802696	0.07048	0.0799066	0.994308	2.64884	8.38962	74.5476	
0.997476	-0.00800683	-0.0705489	0.0037888	0.998208	-0.059721	0.0709006	0.0593029	0.995719	2.70725	8.44714	75.3698	
0.997442	-0.00803059	-0.0710321	0.00525704	0.99922	-0.0391476	0.071291	0.038674	0.996706	2.76599	8.48762	76.1929	
0.997407	-0.00804434	-0.0715156	0.00673303	0.999805	-0.0185582	0.071651	0.0180286	0.997267	2.82505	8.51104	77.0167	
0.997372	-0.00804808	-0.0719994	0.00821614	0.999964	0.00203836	0.0719804	-0.00262456	0.997403	2.88439	8.51741	77.8408	
0.997337	-0.0080418	-0.0724831	0.00970573	0.999697	0.0226333	0.0722791	-0.0232766	0.997113	2.94399	8.5067	78.6648	
0.997302	-0.0080255	-0.0729665	0.0112012	0.999003	0.0432179	0.0725469	-0.0439186	0.996398	3.00382	8.47894	79.4884	
0.997267	-0.0079992	-0.0734495	0.0127018	0.997883	0.0637834	0.0727838	-0.064542	0.995257	3.06387	8.43413	80.3113	
0.997232	-0.0079629	-0.0739319	0.0142071	0.996337	0.0843209	0.0729896	-0.0851378	0.993692	3.12409	8.37229	81.133	
