1	0	0	0	1	0	0	0	1	0	0	0	
0.999997	-3.63096e-08	0.00246775	-3.63096e-08	1	2.94273e-05	-0.00246775	-2.94273e-05	0.999997	-0.00108494	-1.29376e-05	0.879292	
0.999988	-1.46327e-07	0.00494341	-1.47565e-07	1	5.94509e-05	-0.00494341	-5.94509e-05	0.999988	-0.00434323	-5.20126e-05	1.75858	
0.999972	-3.32e-07	0.00742689	-3.36971e-07	1	9.0073e-05	-0.00742689	-9.0073e-05	0.999972	-0.00978179	-0.00011775	2.63785	
0.999951	-5.95291e-07	0.00991809	-6.07759e-07	1	0.000121296	-0.00991809	-0.000121296	0.999951	-0.0174075	-0.000210678	3.51711	
0.999923	-9.38173e-07	0.0124169	-9.63185e-07	1	0.00015312	-0.0124169	-0.000153121	0.999923	-0.027227	-0.000331324	4.39635	
0.999889	-1.36263e-06	0.0149233	-1.40654e-06	1	0.000185549	-0.0149233	-0.00018555	0.999889	-0.039247	-0.000480219	5.27556	
0.999848	-1.87065e-06	0.0174371	-1.94112e-06	1	0.000218584	-0.0174371	-0.000218585	0.999848	-0.0534741	-0.000657896	6.15474	
0.999801	-2.46425e-06	0.0199582	-2.57027e-06	1	0.000252227	-0.0199582	-0.000252228	0.999801	-0.0699148	-0.000864887	7.03388	
0.999747	-3.14543e-06	0.0224866	-3.29735e-06	1	0.000286479	-0.0224866	-0.000286481	0.999747	-0.0885756	-0.00110173	7.91297	
0.999687	-3.91623e-06	0.0250221	-4.12573e-06	1	0.000321342	-0.0250221	-0.000321345	0.999687	-0.109463	-0.00136896	8.79202	
0.99962	-4.77867e-06	0.0275647	-5.05883e-06	1	0.000356818	-0.0275647	-0.000356822	0.99962	-0.132582	-0.00166711	9.67101	
0.999546	-5.73481e-06	0.0301142	-6.10007e-06	1	0.000392908	-0.0301142	-0.000392913	0.999546	-0.157941	-0.00199673	10.5499	
0.999466	-6.78669e-06	0.0326706	-7.25291e-06	1	0.000429613	-0.0326706	-0.000429621	0.999466	-0.185544	-0.00235835	11.4288	
0.999379	-7.93636e-06	0.0352338	-8.5208e-06	1	0.000466935	-0.0352338	-0.000466945	0.999379	-0.215398	-0.00275253	12.3076	
0.999285	-9.18591e-06	0.0378036	-9.90725e-06	1	0.000504875	-0.0378036	-0.000504889	0.999285	-0.247508	-0.00317979	13.1863	
0.999184	-1.05374e-05	0.0403799	-1.14158e-05	1	0.000543435	-0.0403799	-0.000543452	0.999184	-0.281881	-0.00364069	14.0649	
0.999077	-1.19929e-05	0.0429628	-1.30499e-05	1	0.000582615	-0.0429628	-0.000582638	0.999077	-0.318523	-0.00413577	14.9434	
0.998962	-1.35545e-05	0.045552	-1.48131e-05	1	0.000622417	-0.045552	-0.000622445	0.998962	-0.357438	-0.00466558	15.8219	
0.99884	-1.52244e-05	0.0481474	-1.67091e-05	1	0.000662841	-0.0481474	-0.000662877	0.99884	-0.398633	-0.00523067	16.7002	
0.998711	-1.70045e-05	0.050749	-1.87413e-05	1	0.000703889	-0.050749	-0.000703933	0.998711	-0.442112	-0.00583158	17.5784	
0.998576	-1.88971e-05	0.0533568	-2.09135e-05	1	0.000745562	-0.0533568	-0.000745616	0.998575	-0.487882	-0.00646887	18.4565	
0.998432	-2.09042e-05	0.0559704	-2.32291e-05	1	0.00078786	-0.0559704	-0.000787926	0.998432	-0.535947	-0.00714309	19.3345	
0.998282	-2.30279e-05	0.05859	-2.56919e-05	1	0.000830785	-0.05859	-0.000830863	0.998282	-0.586313	-0.00785479	20.2123	
0.998125	-2.52704e-05	0.0612153	-2.83055e-05	1	0.000874337	-0.0612153	-0.00087443	0.998124	-0.638985	-0.00860451	21.09	
0.99796	-2.76338e-05	0.0638463	-3.10735e-05	1	0.000918516	-0.0638463	-0.000918626	0.997959	-0.693968	-0.00939282	21.9676	
0.997788	-3.01202e-05	0.0664829	-3.39996e-05	1	0.000963324	-0.0664829	-0.000963453	0.997787	-0.751267	-0.0102203	22.845	
0.997608	-3.27318e-05	0.0691249	-3.70875e-05	0.999999	0.00100876	-0.0691249	-0.00100891	0.997608	-0.810887	-0.0110874	23.7223	
0.997421	-3.54706e-05	0.0717724	-4.03409e-05	0.999999	0.00105483	-0.0717724	-0.001055	0.99742	-0.872832	-0.0119948	24.5994	
0.997227	-3.83389e-05	0.0744251	-4.37635e-05	0.999999	0.00110152	-0.0744251	-0.00110173	0.997226	-0.937107	-0.012943	25.4764	
0.997025	-4.13387e-05	0.077083	-4.73589e-05	0.999999	0.00114885	-0.077083	-0.00114908	0.997024	-1.00372	-0.0139326	26.3531	
0.996815	-4.44722e-05	0.0797459	-5.11311e-05	0.999999	0.00119681	-0.0797459	-0.00119707	0.996815	-1.07267	-0.014964	27.2297	
0.996598	-4.77416e-05	0.0824139	-5.50836e-05	0.999999	0.00124539	-0.0824138	-0.0012457	0.996597	-1.14396	-0.016038	28.1061	
0.996374	-5.11489e-05	0.0850867	-5.92202e-05	0.999999	0.00129461	-0.0850867	-0.00129496	0.996373	-1.2176	-0.017155	28.9823	
0.996141	-5.46964e-05	0.0877643	-6.35446e-05	0.999999	0.00134446	-0.0877643	-0.00134485	0.99614	-1.29359	-0.0183156	29.8583	
0.995901	-5.83861e-05	0.0904465	-6.80607e-05	0.999999	0.00139494	-0.0904465	-0.00139538	0.9959	-1.37194	-0.0195203	30.7341	
0.995654	-6.22202e-05	0.0931334	-7.27721e-05	0.999999	0.00144605	-0.0931334	-0.00144655	0.995653	-1.45265	-0.0207698	31.6097	
0.995398	-6.62008e-05	0.0958247	-7.76827e-05	0.999999	0.0014978	-0.0958247	-0.00149835	0.995397	-1.53573	-0.0220645	32.485	
0.995135	-7.03301e-05	0.0985204	-8.27962e-05	0.999999	0.00155017	-0.0985204	-0.00155079	0.995134	-1.62117	-0.023405	33.3602	
0.994864	-7.46103e-05	0.10122	-8.81164e-05	0.999999	0.00160318	-0.10122	-0.00160386	0.994863	-1.70899	-0.0247919	34.2351	
0.994585	-7.90434e-05	0.103925	-9.3647e-05	0.999999	0.00165681	-0.103925	-0.00165757	0.994584	-1.79918	-0.0262258	35.1097	
0.994298	-8.36315e-05	0.106633	-9.93919e-05	0.999999	0.00171108	-0.106633	-0.00171192	0.994297	-1.89175	-0.0277072	35.9841	
0.994004	-8.83769e-05	0.109345	-0.000105355	0.999998	0.00176597	-0.109345	-0.0017669	0.994002	-1.9867	-0.0292367	36.8583	
0.993701	-9.32817e-05	0.112061	-0.00011154	0.999998	0.00182149	-0.112061	-0.00182252	0.9937	-2.08404	-0.0308147	37.7322	
0.993391	-9.83478e-05	0.114781	-0.00011795	0.999998	0.00187765	-0.114781	-0.00187878	0.993389	-2.18377	-0.032442	38.6058	
0.993072	-0.000103578	0.117504	-0.000124589	0.999998	0.00193443	-0.117504	-0.00193567	0.99307	-2.2859	-0.034119	39.4791	
0.992746	-0.000108973	0.120231	-0.000131462	0.999998	0.00199184	-0.120231	-0.00199319	0.992744	-2.39042	-0.0358463	40.3522	
0.992411	-0.000114536	0.122962	-0.000138572	0.999998	0.00204987	-0.122962	-0.00205136	0.992409	-2.49734	-0.0376245	41.2249	
0.992069	-0.000120269	0.125696	-0.000145922	0.999998	0.00210853	-0.125696	-0.00211015	0.992067	-2.60666	-0.0394541	42.0974	
0.991718	-0.000126174	0.128433	-0.000153517	0.999998	0.00216782	-0.128433	-0.00216958	0.991716	-2.71838	-0.0413357	42.9696	
0.991359	-0.000132254	0.131174	-0.00016136	0.999998	0.00222773	-0.131173	-0.00222965	0.991357	-2.83252	-0.0432698	43.8414	
0.990993	-0.000138509	0.133917	-0.000169456	0.999997	0.00228827	-0.133917	-0.00229035	0.99099	-2.94907	-0.045257	44.713	
0.990618	-0.000144943	0.136663	-0.000177806	0.999997	0.00234943	-0.136663	-0.00235168	0.990615	-3.06803	-0.0472978	45.5842	
0.990234	-0.000151557	0.139413	-0.000186417	0.999997	0.00241121	-0.139413	-0.00241365	0.990231	-3.1894	-0.0493929	46.455	
0.989843	-0.000158353	0.142165	-0.00019529	0.999997	0.00247361	-0.142165	-0.00247624	0.98984	-3.3132	-0.0515427	47.3256	
0.989443	-0.000165333	0.144919	-0.000204431	0.999997	0.00253662	-0.144919	-0.00253947	0.98944	-3.43941	-0.0537478	48.1958	
0.989036	-0.000172501	0.147677	-0.000213842	0.999997	0.00260026	-0.147676	-0.00260333	0.989032	-3.56805	-0.0560089	49.0656	
0.98862	-0.000179856	0.150436	-0.000223528	0.999996	0.00266451	-0.150436	-0.00266782	0.988616	-3.69911	-0.0583263	49.9351	
0.988195	-0.000187402	0.153198	-0.000233492	0.999996	0.00272938	-0.153198	-0.00273294	0.988192	-3.83261	-0.0607007	50.8041	
0.987763	-0.000195141	0.155963	-0.000243737	0.999996	0.00279487	-0.155963	-0.00279868	0.987759	-3.96853	-0.0631327	51.6729	
0.986909	-0.00021562	0.161277	-0.000563062	0.999988	0.00478251	-0.161276	-0.00481071	0.986898	-4.108	-0.0664781	52.541	
0.986026	-0.000246952	0.166592	-0.000892787	0.999977	0.0067666	-0.166589	-0.00682078	0.986003	-4.25215	-0.0715919	53.4084	
0.985113	-0.000289147	0.171906	-0.00123291	0.999961	0.00874718	-0.171902	-0.00882891	0.985075	-4.40096	-0.0784722	54.275	
0.984171	-0.000342209	0.17722	-0.00158343	0.999941	0.0107243	-0.177213	-0.0108351	0.984113	-4.55445	-0.0871175	55.1407	
0.9832	-0.000406145	0.182532	-0.00194433	0.999917	0.0126979	-0.182522	-0.0128395	0.983118	-4.71261	-0.097526	56.0056	
0.982199	-0.000480958	0.187844	-0.00231562	0.99989	0.0146681	-0.18783	-0.014842	0.982089	-4.87543	-0.109696	56.8696	
0.981168	-0.000566651	0.193153	-0.0026973	0.999858	0.0166349	-0.193135	-0.0168426	0.981028	-5.04292	-0.123626	57.7327	
0.980109	-0.000663225	0.19846	-0.00308936	0.999822	0.0185983	-0.198437	-0.0188415	0.979933	-5.21508	-0.139315	58.5948	
0.97902	-0.000770681	0.203764	-0.00349181	0.999783	0.0205584	-0.203736	-0.0208386	0.978804	-5.39189	-0.15676	59.456	
0.977901	-0.000889018	0.209066	-0.00390464	0.999739	0.0225151	-0.209031	-0.0228339	0.977642	-5.57336	-0.17596	60.3161	
0.976753	-0.00101823	0.214363	-0.00432786	0.999691	0.0244686	-0.214322	-0.0248275	0.976447	-5.75949	-0.196915	61.1752	
0.975576	-0.00115832	0.219657	-0.00476147	0.99964	0.0264188	-0.219609	-0.0268195	0.975219	-5.95027	-0.219621	62.0333	
0.97437	-0.00130928	0.224947	-0.00520546	0.999584	0.0283658	-0.22489	-0.0288097	0.973958	-6.14569	-0.244078	62.8902	
0.973135	-0.0014711	0.230231	-0.00565985	0.999525	0.0303095	-0.230166	-0.0307983	0.972664	-6.34575	-0.270285	63.7461	
0.97187	-0.00164378	0.235511	-0.00612464	0.999461	0.0322501	-0.235437	-0.0327854	0.971337	-6.55045	-0.298239	64.6007	
0.970577	-0.00182731	0.240785	-0.00659982	0.999394	0.0341876	-0.240701	-0.0347708	0.969976	-6.75979	-0.32794	65.4542	
0.969254	-0.00202167	0.246052	-0.00708542	0.999322	0.0361219	-0.245959	-0.0367547	0.968583	-6.97375	-0.359386	66.3065	
0.967903	-0.00222687	0.251314	-0.00758142	0.999247	0.0380531	-0.251209	-0.038737	0.967157	-7.19232	-0.392576	67.1576	
0.966523	-0.00244287	0.256569	-0.00808785	0.999168	0.0399812	-0.256453	-0.0407179	0.965699	-7.41552	-0.427508	68.0073	
0.965114	-0.00266968	0.261816	-0.0086047	0.999084	0.0419063	-0.261688	-0.0426972	0.964208	-7.64332	-0.464181	68.8558	
0.963677	-0.00290727	0.267056	-0.00913198	0.998997	0.0438284	-0.266916	-0.0446752	0.962684	-7.87572	-0.502594	69.703	
0.962211	-0.00315564	0.272288	-0.00966971	0.998906	0.0457475	-0.272134	-0.0466517	0.961128	-8.11271	-0.542746	70.5488	
0.95725	-0.00409524	0.289232	-0.0133344	0.998212	0.0582657	-0.288953	-0.0596316	0.955484	-8.3594	-0.589475	71.3914	
0.951994	-0.00526409	0.306072	-0.0172179	0.997348	0.0707072	-0.305632	-0.0725828	0.949379	-8.62082	-0.647605	72.2289	
0.946444	-0.00666162	0.3228	-0.0213183	0.996316	0.083066	-0.322164	-0.0854989	0.942815	-8.89684	-0.717108	73.0609	
0.940603	-0.00828716	0.339408	-0.0256337	0.995115	0.095336	-0.33854	-0.0983736	0.935796	-9.18732	-0.79795	73.8868	
0.934474	-0.0101399	0.355888	-0.0301619	0.993746	0.107511	-0.354752	-0.111201	0.928324	-9.49214	-0.890092	74.7064	
0.928059	-0.012219	0.372231	-0.0349007	0.99221	0.119586	-0.370793	-0.123974	0.920404	-9.81114	-0.99349	75.5192	
0.921363	-0.0145234	0.388431	-0.039848	0.990508	0.131555	-0.386655	-0.136688	0.912039	-10.1442	-1.10809	76.3249	
0.914388	-0.017052	0.404479	-0.0450012	0.98864	0.143411	-0.40233	-0.149335	0.903233	-10.491	-1.23385	77.123	
0.907138	-0.0198036	0.420368	-0.0503579	0.986607	0.15515	-0.41781	-0.161911	0.893991	-10.8516	-1.37069	77.9132	
0.899615	-0.0227769	0.436089	-0.0559155	0.98441	0.166765	-0.433089	-0.174408	0.884317	-11.2257	-1.51856	78.695	
0.891825	-0.0259703	0.451635	-0.0616713	0.982051	0.17825	-0.448158	-0.186821	0.874215	-11.6132	-1.67738	79.4682	
0.883769	-0.0293825	0.467	-0.0676225	0.97953	0.189601	-0.463011	-0.199143	0.863691	-12.0138	-1.84707	80.2323	
0.875453	-0.0330116	0.482174	-0.0737663	0.976849	0.200812	-0.47764	-0.21137	0.85275	-12.4274	-2.02756	80.9869	
0.866881	-0.0368561	0.497151	-0.0800997	0.974008	0.211877	-0.492038	-0.223494	0.841397	-12.8537	-2.21876	81.7318	
0.858056	-0.0409139	0.511924	-0.0866197	0.97101	0.222792	-0.506199	-0.23551	0.829637	-13.2926	-2.42056	82.4665	
0.848983	-0.0451833	0.526485	-0.093323	0.967856	0.23355	-0.520115	-0.247413	0.817476	-13.7438	-2.63289	83.1907	
0.839666	-0.049662	0.540828	-0.100206	0.964547	0.244146	-0.533779	-0.259196	0.804921	-14.2072	-2.85563	83.904	
0.830109	-0.0543479	0.554946	-0.107267	0.961085	0.254576	-0.547186	-0.270853	0.791976	-14.6825	-3.08867	84.6061	
