1	0	0	0	1	0	0	0	1	0	0	0	
0.999999	2.4829e-06	0.00128187	2.4829e-06	0.999992	-0.00387387	-0.00128187	0.00387387	0.999992	-0.000522783	0.00157987	0.815654	
0.999997	9.92908e-06	0.0025629	9.93668e-06	0.99997	-0.00775114	-0.0025629	0.00775114	0.999967	-0.00209079	0.00632089	1.6313	
0.999993	2.23364e-05	0.00384307	2.23668e-05	0.999932	-0.0116317	-0.00384307	0.0116317	0.999925	-0.00470333	0.0142258	2.44691	
0.999987	3.97025e-05	0.00512234	3.97786e-05	0.99988	-0.0155155	-0.00512234	0.0155155	0.999867	-0.00835969	0.0252972	3.26248	
0.99998	6.20246e-05	0.00640066	6.21769e-05	0.999812	-0.0194024	-0.00640066	0.0194025	0.999791	-0.0130591	0.0395378	4.078	
0.999971	8.92997e-05	0.00767801	8.95663e-05	0.999729	-0.0232924	-0.00767801	0.0232924	0.999699	-0.0188008	0.05695	4.89345	
0.99996	0.000121524	0.00895435	0.000121951	0.99963	-0.0271852	-0.00895435	0.0271852	0.99959	-0.0255839	0.0775362	5.70882	
0.999948	0.000158695	0.0102296	0.000159336	0.999517	-0.0310808	-0.0102296	0.0310808	0.999465	-0.0334077	0.101299	6.52409	
0.999934	0.000200808	0.0115039	0.000201724	0.999388	-0.0349792	-0.0115038	0.0349792	0.999322	-0.0422713	0.12824	7.33925	
0.999918	0.000247859	0.012777	0.000249119	0.999244	-0.0388801	-0.0127769	0.0388802	0.999162	-0.0521737	0.158362	8.15429	
0.999901	0.000299843	0.0140489	0.000301524	0.999084	-0.0427836	-0.0140489	0.0427836	0.998986	-0.063114	0.191667	8.96919	
0.999883	0.000356755	0.0153197	0.000358942	0.998909	-0.0466895	-0.0153196	0.0466895	0.998792	-0.0750913	0.228156	9.78395	
0.999862	0.000418591	0.0165892	0.000421377	0.998719	-0.0505976	-0.0165891	0.0505977	0.998581	-0.0881046	0.267833	10.5985	
0.99984	0.000485345	0.0178575	0.000488829	0.998513	-0.054508	-0.0178574	0.054508	0.998354	-0.102153	0.310698	11.4129	
0.999817	0.000557011	0.0191245	0.000561302	0.998292	-0.0584205	-0.0191243	0.0584205	0.998109	-0.117235	0.356754	12.2272	
0.999792	0.000633584	0.0203901	0.000638798	0.998055	-0.0623349	-0.02039	0.062335	0.997847	-0.13335	0.406001	13.0412	
0.999765	0.000715057	0.0216544	0.000721317	0.997803	-0.0662513	-0.0216542	0.0662513	0.997568	-0.150497	0.458442	13.855	
0.999737	0.000801424	0.0229173	0.000808861	0.997535	-0.0701694	-0.0229171	0.0701695	0.997272	-0.168674	0.514079	14.6685	
0.999707	0.000892678	0.0241788	0.000901432	0.997251	-0.0740893	-0.0241785	0.0740894	0.996958	-0.187881	0.572912	15.4818	
0.999676	0.000988812	0.0254389	0.000999031	0.996952	-0.0780107	-0.0254385	0.0780109	0.996628	-0.208117	0.634943	16.2949	
0.999643	0.00108982	0.0266974	0.00110166	0.996637	-0.0819337	-0.0266969	0.0819338	0.99628	-0.229379	0.700173	17.1076	
0.999608	0.00119569	0.0279544	0.00120931	0.996307	-0.085858	-0.0279538	0.0858582	0.995915	-0.251667	0.768603	17.9201	
0.999572	0.00130642	0.0292099	0.00132199	0.99596	-0.0897836	-0.0292092	0.0897839	0.995533	-0.27498	0.840235	18.7323	
0.999535	0.00142199	0.0304637	0.0014397	0.995598	-0.0937104	-0.0304629	0.0937107	0.995133	-0.299316	0.915069	19.5441	
0.999496	0.00154241	0.0317159	0.00156244	0.995221	-0.0976383	-0.031715	0.0976386	0.994716	-0.324674	0.993107	20.3556	
0.999455	0.00166766	0.0329665	0.0016902	0.994827	-0.101567	-0.0329654	0.101568	0.994282	-0.351052	1.07435	21.1668	
0.999413	0.00179773	0.0342154	0.00182299	0.994418	-0.105497	-0.0342141	0.105497	0.993831	-0.37845	1.1588	21.9776	
0.999369	0.00193262	0.0354625	0.0019608	0.993993	-0.109428	-0.035461	0.109428	0.993362	-0.406865	1.24645	22.788	
0.999324	0.00207231	0.0367079	0.00210364	0.993552	-0.113359	-0.0367062	0.113359	0.992876	-0.436297	1.33731	23.5981	
0.999277	0.0022168	0.0379516	0.0022515	0.993095	-0.117291	-0.0379495	0.117291	0.992372	-0.466744	1.43137	24.4077	
0.999229	0.00236607	0.0391934	0.00240437	0.992622	-0.121223	-0.039191	0.121224	0.991851	-0.498204	1.52865	25.217	
0.999179	0.00252011	0.0404333	0.00256226	0.992134	-0.125156	-0.0404306	0.125156	0.991313	-0.530676	1.62913	26.0257	
0.999128	0.00267892	0.0416713	0.00272517	0.991629	-0.129089	-0.0416684	0.129089	0.990757	-0.564158	1.73282	26.8341	
0.999075	0.00284249	0.0429075	0.00289309	0.991109	-0.133022	-0.0429041	0.133023	0.990184	-0.59865	1.83971	27.642	
0.999021	0.00301079	0.0441417	0.00306601	0.990573	-0.136955	-0.0441379	0.136956	0.989593	-0.634148	1.94982	28.4494	
0.998965	0.00318383	0.0453739	0.00324394	0.99002	-0.140888	-0.0453696	0.140889	0.988985	-0.670652	2.06313	29.2563	
0.998908	0.00336158	0.0466041	0.00342688	0.989452	-0.144821	-0.0465994	0.144823	0.98836	-0.708159	2.17965	30.0627	
0.998849	0.00354405	0.0478323	0.00361481	0.988868	-0.148754	-0.047827	0.148756	0.987717	-0.746669	2.29938	30.8686	
0.998789	0.00373121	0.0490584	0.00380773	0.988267	-0.152686	-0.0490525	0.152688	0.987056	-0.786179	2.42232	31.674	
0.998727	0.00392306	0.0502824	0.00400564	0.987651	-0.156619	-0.0502759	0.156621	0.986378	-0.826688	2.54847	32.4788	
0.998664	0.00411957	0.0515043	0.00420854	0.987019	-0.16055	-0.0514971	0.160552	0.985683	-0.868194	2.67782	33.2831	
0.9986	0.00432075	0.052724	0.00441642	0.98637	-0.164481	-0.0527161	0.164484	0.98497	-0.910695	2.81038	34.0868	
0.998534	0.00452657	0.0539415	0.00462927	0.985706	-0.168411	-0.0539328	0.168414	0.98424	-0.95419	2.94614	34.8899	
0.998466	0.00473703	0.0551568	0.00484709	0.985026	-0.172341	-0.0551472	0.172344	0.983492	-0.998676	3.08511	35.6924	
0.998398	0.00495211	0.0563699	0.00506988	0.984329	-0.176269	-0.0563594	0.176272	0.982727	-1.04415	3.22729	36.4943	
0.998327	0.00517179	0.0575806	0.00529762	0.983616	-0.180196	-0.0575692	0.1802	0.981944	-1.09061	3.37267	37.2955	
0.998256	0.00539607	0.0587891	0.00553032	0.982888	-0.184123	-0.0587766	0.184127	0.981144	-1.13806	3.52125	38.0961	
0.998183	0.00562493	0.0599952	0.00576797	0.982143	-0.188048	-0.0599816	0.188052	0.980326	-1.1865	3.67304	38.8961	
0.998108	0.00585835	0.061199	0.00601055	0.981382	-0.191971	-0.0611842	0.191976	0.97949	-1.23591	3.82802	39.6953	
0.998033	0.00609632	0.0624004	0.00625807	0.980605	-0.195894	-0.0623843	0.195899	0.978638	-1.28631	3.98621	40.4939	
0.997955	0.00633883	0.0635993	0.00651051	0.979812	-0.199815	-0.063582	0.19982	0.977767	-1.33768	4.1476	41.2918	
0.997877	0.00658586	0.0647958	0.00676788	0.979003	-0.203734	-0.064777	0.20374	0.97688	-1.39003	4.31218	42.0889	
0.997797	0.0068374	0.0659898	0.00703015	0.978178	-0.207651	-0.0659696	0.207658	0.975975	-1.44335	4.47996	42.8854	
0.997716	0.00709343	0.0671813	0.00729734	0.977336	-0.211567	-0.0671595	0.211574	0.975052	-1.49764	4.65093	43.6811	
0.997633	0.00735393	0.0683703	0.00756941	0.976479	-0.21548	-0.0683468	0.215488	0.974112	-1.55291	4.8251	44.476	
0.997549	0.00761889	0.0695567	0.00784638	0.975605	-0.219392	-0.0695314	0.2194	0.973154	-1.60914	5.00246	45.2701	
0.997638	0.00733007	0.0682923	0.00823538	0.97435	-0.224886	-0.0681891	0.224917	0.971989	-1.6653	5.18367	46.0634	
0.997726	0.00703496	0.0670332	0.00861746	0.973062	-0.230383	-0.0668482	0.230437	0.970788	-1.72038	5.36937	46.8557	
0.997811	0.00673359	0.0657794	0.00899257	0.97174	-0.235882	-0.0655088	0.235958	0.969553	-1.77436	5.55958	47.6471	
0.997895	0.00642596	0.0645308	0.00936069	0.970385	-0.241383	-0.0641708	0.241479	0.968282	-1.82724	5.7543	48.4374	
0.997977	0.0061121	0.0632873	0.00972176	0.968996	-0.246885	-0.0628342	0.247001	0.966976	-1.87904	5.95351	49.2266	
0.998056	0.00579202	0.062049	0.0100758	0.967574	-0.252388	-0.0614988	0.252522	0.965635	-1.92975	6.15723	50.0148	
0.998134	0.00546574	0.0608157	0.0104227	0.966118	-0.25789	-0.0601647	0.258043	0.964258	-1.97936	6.36546	50.8019	
0.99821	0.00513328	0.0595874	0.0107624	0.964629	-0.263392	-0.0588318	0.263562	0.962847	-2.02789	6.57818	51.5878	
0.998284	0.00479465	0.058364	0.011095	0.963106	-0.268893	-0.0575	0.269079	0.9614	-2.07534	6.79541	52.3726	
0.998356	0.00444985	0.0571455	0.0114203	0.96155	-0.274393	-0.0561693	0.274594	0.959918	-2.1217	7.01713	53.1561	
0.998426	0.00409889	0.0559318	0.0117385	0.95996	-0.27989	-0.0548395	0.280106	0.958401	-2.16697	7.24336	53.9385	
0.998495	0.0037418	0.0547228	0.0120493	0.958337	-0.285385	-0.0535108	0.285615	0.956849	-2.21116	7.47408	54.7196	
0.998561	0.00337856	0.0535186	0.0123529	0.956681	-0.290876	-0.0521829	0.291119	0.955263	-2.25426	7.70928	55.4994	
0.998626	0.00300919	0.0523189	0.0126491	0.954991	-0.296364	-0.0508559	0.296619	0.953641	-2.29628	7.94898	56.2779	
0.998689	0.00263369	0.0511238	0.012938	0.953268	-0.301848	-0.0495296	0.302114	0.951984	-2.33722	8.19316	57.0551	
0.99875	0.00225207	0.0499331	0.0132195	0.951512	-0.307327	-0.0482041	0.307603	0.950293	-2.37708	8.44182	57.8309	
0.998809	0.00186431	0.0487469	0.0134935	0.949723	-0.312801	-0.0468792	0.313086	0.948567	-2.41586	8.69496	58.6053	
0.998867	0.00147043	0.047565	0.0137602	0.947901	-0.318269	-0.0455548	0.318563	0.946807	-2.45356	8.95256	59.3783	
0.998923	0.00107041	0.0463873	0.0140194	0.946045	-0.323731	-0.044231	0.324032	0.945012	-2.49018	9.21463	60.1498	
0.998977	0.000664256	0.0452138	0.0142712	0.944157	-0.329185	-0.0429076	0.329494	0.943182	-2.52571	9.48116	60.9199	
0.99903	0.000251961	0.0440445	0.0145154	0.942237	-0.334633	-0.0415846	0.334948	0.941319	-2.56017	9.75214	61.6884	
0.99908	-0.000166485	0.0428791	0.0147521	0.940283	-0.340073	-0.0402619	0.340393	0.939421	-2.59355	10.0276	62.4555	
0.999129	-0.000591091	0.0417178	0.0149813	0.938297	-0.345505	-0.0389395	0.345829	0.937489	-2.62585	10.3074	63.2209	
0.999177	-0.00102187	0.0405603	0.015203	0.936279	-0.350927	-0.0376172	0.351255	0.935524	-2.65707	10.5917	63.9848	
0.999222	-0.00145882	0.0394067	0.0154171	0.934229	-0.356341	-0.036295	0.356671	0.933525	-2.68722	10.8804	64.747	
0.999266	-0.00190198	0.0382568	0.0156236	0.932146	-0.361745	-0.0349729	0.362077	0.931492	-2.71628	11.1736	65.5076	
0.999308	-0.00235134	0.0371105	0.0158225	0.930032	-0.367138	-0.0336507	0.367471	0.929426	-2.74427	11.4711	66.2666	
0.999349	-0.00280694	0.0359679	0.0160137	0.927886	-0.372521	-0.0323285	0.372854	0.927327	-2.77118	11.773	67.0238	
0.999388	-0.00326878	0.0348288	0.0161974	0.925708	-0.377892	-0.031006	0.378225	0.925194	-2.79701	12.0793	67.7793	
0.999425	-0.00373689	0.0336931	0.0163734	0.923499	-0.383252	-0.0296834	0.383583	0.923029	-2.82176	12.39	68.5331	
0.999461	-0.00421128	0.0325608	0.0165417	0.921258	-0.3886	-0.0283604	0.388929	0.920831	-2.84543	12.7051	69.2851	
0.999495	-0.00469199	0.0314318	0.0167024	0.918987	-0.393935	-0.0270371	0.394261	0.918601	-2.86802	13.0245	70.0353	
0.999804	-0.0113068	0.0162639	0.0169247	0.914226	-0.404851	-0.0102913	0.405047	0.914238	-2.88325	13.3505	70.7828	
0.999836	-0.0180987	0.00117133	0.0169475	0.909338	-0.415713	0.00645871	0.415664	0.909495	-2.88481	13.6852	71.5266	
0.99959	-0.0250649	-0.0138396	0.0167709	0.904324	-0.426516	0.0232061	0.426109	0.904374	-2.87271	14.0285	72.2663	
0.999067	-0.0322025	-0.0287626	0.0163947	0.899187	-0.437256	0.0399437	0.436377	0.898877	-2.84696	14.3803	73.0018	
0.998268	-0.0395086	-0.0435916	0.0158193	0.893929	-0.447929	0.0566648	0.446463	0.893006	-2.80755	14.7403	73.7326	
0.997192	-0.04698	-0.0583203	0.0150449	0.888552	-0.458529	0.0733624	0.456364	0.886764	-2.75452	15.1085	74.4584	
0.99584	-0.0546138	-0.0729427	0.0140717	0.883058	-0.469053	0.0900294	0.466075	0.880153	-2.68789	15.4847	75.1791	
0.994212	-0.0624067	-0.0874526	0.0129003	0.87745	-0.479496	0.106659	0.475592	0.873176	-2.60767	15.8688	75.8941	
0.992309	-0.0703555	-0.101844	0.011531	0.871729	-0.489853	0.123244	0.484911	0.865836	-2.5139	16.2605	76.6034	
0.990133	-0.0784568	-0.116111	0.00996443	0.865898	-0.500121	0.139778	0.494029	0.858136	-2.40663	16.6598	77.3065	
0.987683	-0.0867074	-0.130248	0.00820127	0.85996	-0.510295	0.156254	0.502941	0.850079	-2.2859	17.0664	78.0032	
