1	0	0	0	1	0	0	0	1	0	0	0	
0.999995	3.15613e-06	-0.00314407	3.15613e-06	0.999998	0.00200766	0.00314407	-0.00200766	0.999993	0.00161015	-0.00102817	1.02424	
0.99998	1.26382e-05	-0.00629205	1.2634e-05	0.999992	0.00401647	0.00629205	-0.00401647	0.999972	0.00644259	-0.00411326	2.04847	
0.999955	2.84651e-05	-0.00944378	2.84482e-05	0.999982	0.00602635	0.00944378	-0.00602635	0.999937	0.0145013	-0.00925641	3.07266	
0.999921	5.06547e-05	-0.0125991	5.06126e-05	0.999968	0.0080372	0.0125991	-0.0080372	0.999888	0.0257899	-0.0164587	4.09682	
0.999876	7.92242e-05	-0.0157579	7.914e-05	0.99995	0.0100489	0.0157579	-0.0100489	0.999825	0.0403122	-0.0257209	5.12091	
0.999821	0.00011419	-0.0189201	0.000114042	0.999927	0.0120614	0.0189201	-0.0120614	0.999748	0.0580716	-0.0370441	6.14494	
0.999756	0.000155567	-0.0220854	0.000155331	0.999901	0.0140746	0.0220854	-0.0140746	0.999657	0.0790714	-0.050429	7.16888	
0.999681	0.00020337	-0.0252538	0.000203015	0.999871	0.0160884	0.0252538	-0.0160884	0.999552	0.103315	-0.0658761	8.19272	
0.999596	0.000257613	-0.0284251	0.000257106	0.999836	0.0181027	0.0284251	-0.0181027	0.999432	0.130805	-0.0833861	9.21644	
0.999501	0.000318308	-0.0315992	0.00031761	0.999798	0.0201174	0.0315992	-0.0201174	0.999298	0.161545	-0.102959	10.24	
0.999395	0.000385467	-0.0347759	0.000384536	0.999755	0.0221325	0.0347759	-0.0221324	0.99915	0.195537	-0.124597	11.2635	
0.999279	0.000459101	-0.037955	0.00045789	0.999708	0.0241477	0.0379551	-0.0241477	0.998988	0.232784	-0.148298	12.2868	
0.999153	0.000539221	-0.0411365	0.000537678	0.999658	0.0261631	0.0411366	-0.0261631	0.998811	0.273289	-0.174063	13.3099	
0.999017	0.000625836	-0.0443202	0.000623906	0.999603	0.0281786	0.0443203	-0.0281785	0.99862	0.317053	-0.201892	14.3328	
0.998871	0.000718954	-0.047506	0.000716577	0.999544	0.030194	0.047506	-0.0301939	0.998414	0.364079	-0.231786	15.3555	
0.998714	0.000818582	-0.0506936	0.000815694	0.999481	0.0322092	0.0506937	-0.0322091	0.998195	0.414369	-0.263744	16.378	
0.998547	0.000924728	-0.053883	0.000921259	0.999414	0.0342242	0.0538831	-0.0342242	0.997961	0.467925	-0.297766	17.4003	
0.998369	0.0010374	-0.0570741	0.00103327	0.999343	0.036239	0.0570741	-0.0362388	0.997712	0.524749	-0.333852	18.4224	
0.998182	0.00115659	-0.0602666	0.00115174	0.999267	0.0382533	0.0602667	-0.0382531	0.997449	0.584842	-0.372001	19.4441	
0.997984	0.00128232	-0.0634604	0.00127666	0.999188	0.0402671	0.0634605	-0.0402669	0.997172	0.648205	-0.412212	20.4656	
0.997775	0.00141459	-0.0666555	0.00140802	0.999105	0.0422803	0.0666556	-0.04228	0.99688	0.714841	-0.454487	21.4868	
0.997556	0.00155339	-0.0698516	0.00154584	0.999017	0.0442928	0.0698517	-0.0442925	0.996574	0.784749	-0.498822	22.5077	
0.997327	0.00169873	-0.0730486	0.00169009	0.998926	0.0463045	0.0730488	-0.0463042	0.996253	0.857931	-0.545219	23.5283	
0.997087	0.00185061	-0.0762463	0.00184079	0.99883	0.0483154	0.0762466	-0.048315	0.995918	0.934389	-0.593675	24.5485	
0.996837	0.00200902	-0.0794447	0.00199792	0.998731	0.0503253	0.079445	-0.0503249	0.995568	1.01412	-0.644191	25.5684	
0.996577	0.00217398	-0.0826436	0.00216149	0.998627	0.0523342	0.0826439	-0.0523337	0.995204	1.09713	-0.696765	26.5879	
0.996306	0.00234547	-0.0858428	0.00233147	0.99852	0.054342	0.0858431	-0.0543414	0.994826	1.18342	-0.751395	27.607	
0.996025	0.0025235	-0.0890421	0.00250788	0.998408	0.0563485	0.0890426	-0.0563478	0.994433	1.27298	-0.808082	28.6258	
0.995733	0.00270805	-0.0922416	0.00269069	0.998292	0.0583537	0.0922421	-0.0583529	0.994025	1.36582	-0.866822	29.6441	
0.995431	0.00289913	-0.0954409	0.0028799	0.998173	0.0603575	0.0954415	-0.0603566	0.993604	1.46194	-0.927616	30.662	
0.995118	0.00309673	-0.09864	0.0030755	0.998049	0.0623598	0.0986407	-0.0623588	0.993167	1.56133	-0.990461	31.6795	
0.994795	0.00330083	-0.101839	0.00327748	0.997921	0.0643606	0.101839	-0.0643594	0.992717	1.664	-1.05536	32.6965	
0.994462	0.00351145	-0.105037	0.00348583	0.99779	0.0663597	0.105038	-0.0663583	0.992252	1.76995	-1.1223	33.713	
0.994118	0.00372856	-0.108234	0.00370053	0.997654	0.068357	0.108235	-0.0683555	0.991772	1.87917	-1.19129	34.7291	
0.993764	0.00395216	-0.111431	0.00392158	0.997514	0.0703525	0.111432	-0.0703507	0.991279	1.99167	-1.26232	35.7447	
0.9934	0.00418223	-0.114627	0.00414895	0.997371	0.072346	0.114628	-0.0723441	0.990771	2.10744	-1.3354	36.7597	
0.993025	0.00441878	-0.117822	0.00438264	0.997224	0.0743375	0.117823	-0.0743354	0.990248	2.22648	-1.41052	37.7742	
0.99264	0.00466178	-0.121015	0.00462262	0.997072	0.076327	0.121017	-0.0763246	0.989712	2.34879	-1.48768	38.7882	
0.992244	0.00491122	-0.124207	0.00486888	0.996917	0.0783142	0.124209	-0.0783116	0.989161	2.47438	-1.56687	39.8017	
0.991838	0.00516709	-0.127398	0.00512141	0.996758	0.0802992	0.1274	-0.0802963	0.988596	2.60323	-1.64809	40.8145	
0.991422	0.00542938	-0.130587	0.00538018	0.996595	0.0822818	0.130589	-0.0822785	0.988017	2.73536	-1.73135	41.8268	
0.990995	0.00569806	-0.133774	0.00564517	0.996428	0.0842619	0.133776	-0.0842584	0.987423	2.87074	-1.81664	42.8384	
0.990559	0.00597313	-0.136959	0.00591637	0.996257	0.0862395	0.136962	-0.0862356	0.986816	3.00939	-1.90395	43.8495	
0.990112	0.00625457	-0.140142	0.00619376	0.996082	0.0882145	0.140145	-0.0882103	0.986194	3.15131	-1.99329	44.8599	
0.989654	0.00654236	-0.143323	0.00647731	0.995904	0.0901868	0.143326	-0.0901821	0.985558	3.29648	-2.08465	45.8697	
0.989187	0.00683648	-0.146502	0.006767	0.995722	0.0921564	0.146505	-0.0921512	0.984908	3.44491	-2.17803	46.8788	
0.988709	0.00713691	-0.149678	0.00706281	0.995536	0.094123	0.149681	-0.0941174	0.984245	3.59659	-2.27342	47.8873	
0.988221	0.00744363	-0.152851	0.00736471	0.995346	0.0960867	0.152855	-0.0960806	0.983567	3.75152	-2.37082	48.895	
0.987723	0.00775662	-0.156022	0.00767267	0.995152	0.0980473	0.156026	-0.0980407	0.982875	3.90971	-2.47024	49.9021	
0.987215	0.00807587	-0.159189	0.00798669	0.994955	0.100005	0.159194	-0.0999976	0.98217	4.07114	-2.57166	50.9084	
0.986697	0.00840133	-0.162354	0.00830671	0.994754	0.101959	0.162359	-0.101951	0.981451	4.23581	-2.67508	51.914	
0.986169	0.008733	-0.165515	0.00863273	0.994549	0.10391	0.165521	-0.103902	0.980718	4.40373	-2.7805	52.9189	
0.98563	0.00907085	-0.168674	0.0089647	0.994341	0.105858	0.168679	-0.105849	0.979971	4.57488	-2.88792	53.923	
0.985082	0.00941485	-0.171828	0.00930261	0.994129	0.107802	0.171834	-0.107792	0.979211	4.74926	-2.99733	54.9263	
0.984524	0.00976498	-0.174979	0.00964642	0.993913	0.109743	0.174986	-0.109732	0.978437	4.92688	-3.10873	55.9289	
0.983956	0.0101212	-0.178126	0.0099961	0.993694	0.11168	0.178134	-0.111668	0.97765	5.10772	-3.22211	56.9307	
0.983378	0.0104835	-0.18127	0.0103516	0.993471	0.113613	0.181277	-0.113601	0.976849	5.29178	-3.33748	57.9316	
0.98279	0.0108518	-0.184409	0.0107129	0.993245	0.115543	0.184417	-0.11553	0.976034	5.47906	-3.45482	58.9317	
0.982192	0.0112262	-0.187544	0.0110801	0.993015	0.117468	0.187553	-0.117454	0.975207	5.66955	-3.57414	59.931	
0.981585	0.0116065	-0.190675	0.0114529	0.992781	0.11939	0.190685	-0.119375	0.974366	5.86326	-3.69542	60.9294	
0.980967	0.0119928	-0.193802	0.0118314	0.992544	0.121308	0.193812	-0.121292	0.973512	6.06017	-3.81867	61.927	
0.980341	0.012385	-0.196924	0.0122157	0.992304	0.123221	0.196934	-0.123205	0.972645	6.26028	-3.94388	62.9236	
0.979704	0.0127831	-0.200041	0.0126055	0.99206	0.125131	0.200052	-0.125113	0.971764	6.46358	-4.07105	63.9194	
0.979058	0.0131871	-0.203153	0.013001	0.991813	0.127036	0.203165	-0.127017	0.970871	6.67008	-4.20017	64.9143	
0.978558	0.0134956	-0.205528	0.0126474	0.992031	0.125357	0.205582	-0.125268	0.97059	6.87941	-4.32938	65.9085	
0.978053	0.0137998	-0.207901	0.0122891	0.992247	0.123675	0.207995	-0.123516	0.9703	7.09121	-4.45678	66.9025	
0.977541	0.0140995	-0.210272	0.011926	0.992459	0.121991	0.210406	-0.121759	0.970002	7.30548	-4.58239	67.8962	
0.977024	0.0143947	-0.212641	0.0115582	0.99267	0.120306	0.212814	-0.119999	0.969696	7.52222	-4.7062	68.8895	
0.976502	0.0146854	-0.215007	0.0111857	0.992877	0.118618	0.215217	-0.118236	0.969382	7.74142	-4.82821	69.8826	
0.975975	0.0149715	-0.217369	0.0108085	0.993081	0.116929	0.217616	-0.116469	0.96906	7.96309	-4.94841	70.8753	
0.977076	0.014439	-0.2124	0.00540853	0.995692	0.0925678	0.212821	-0.0915946	0.972789	8.18354	-5.05497	71.8698	
0.978153	0.014034	-0.207412	0.000130605	0.997677	0.0681211	0.207887	-0.0666599	0.975879	8.399	-5.13602	72.8678	
0.979204	0.0137567	-0.202411	-0.0050218	0.999036	0.0436049	0.202816	-0.0416816	0.978329	8.60934	-5.1915	73.8687	
0.980229	0.0136074	-0.197399	-0.0100453	0.999768	0.0190353	0.197612	-0.016676	0.980138	8.81442	-5.22139	74.8717	
0.981227	0.013586	-0.192379	-0.0149366	0.999873	-0.00557172	0.192279	0.00834061	0.981305	9.0141	-5.22566	75.8762	
0.982197	0.0136927	-0.187355	-0.0196925	0.99935	-0.0301999	0.186819	0.0333517	0.981828	9.20826	-5.20431	76.8817	
0.983139	0.0139274	-0.182329	-0.0243099	0.9982	-0.0548331	0.181237	0.058341	0.981707	9.39676	-5.15735	77.8873	
0.984052	0.0142899	-0.177306	-0.0287858	0.996423	-0.0794552	0.175537	0.083292	0.980943	9.57948	-5.08481	78.8925	
0.984936	0.01478	-0.172289	-0.0331171	0.994021	-0.10405	0.169721	0.108188	0.979536	9.7563	-4.98674	79.8965	
0.985789	0.0153973	-0.16728	-0.0373012	0.990995	-0.128602	0.163794	0.133014	0.977486	9.92711	-4.86321	80.8988	
0.986612	0.0161414	-0.162284	-0.0413352	0.987347	-0.153094	0.157759	0.157752	0.974796	10.0918	-4.7143	81.8987	
0.987404	0.0170119	-0.157303	-0.0452165	0.98308	-0.17751	0.151621	0.182387	0.971466	10.2502	-4.54009	82.8954	
0.988164	0.0180082	-0.15234	-0.0489425	0.978196	-0.201835	0.145384	0.206902	0.967499	10.4024	-4.34072	83.8885	
0.988892	0.0191297	-0.1474	-0.0525109	0.972699	-0.226053	0.139051	0.231282	0.962898	10.548	-4.1163	84.8771	
0.989587	0.0203755	-0.142485	-0.0559192	0.966592	-0.250147	0.132628	0.25551	0.957666	10.6872	-3.867	85.8607	
0.990249	0.0217449	-0.137598	-0.0591652	0.959879	-0.274102	0.126117	0.27957	0.951806	10.8197	-3.59295	86.8387	
0.990878	0.023237	-0.132743	-0.0622468	0.952565	-0.297902	0.119523	0.303447	0.945322	10.9455	-3.29436	87.8103	
0.991473	0.0248509	-0.127922	-0.0651621	0.944654	-0.321531	0.112852	0.327125	0.938218	11.0645	-2.97142	88.7749	
0.992033	0.0265853	-0.123139	-0.067909	0.936152	-0.344975	0.106106	0.350589	0.930499	11.1766	-2.62432	89.732	
0.992559	0.0284393	-0.118398	-0.0704857	0.927064	-0.368218	0.0992906	0.373823	0.92217	11.2818	-2.25332	90.6808	
0.99305	0.0304116	-0.113701	-0.0728907	0.917396	-0.391243	0.0924101	0.396812	0.913236	11.38	-1.85864	91.6208	
0.993505	0.0325009	-0.10905	-0.0751222	0.907155	-0.414037	0.0854691	0.41954	0.903704	11.4711	-1.44054	92.5514	
0.993924	0.0347058	-0.104451	-0.0771789	0.896346	-0.436585	0.078472	0.441994	0.893579	11.5551	-0.999309	93.4719	
0.994308	0.0370249	-0.0999042	-0.0790594	0.884978	-0.458871	0.0714234	0.464158	0.882868	11.6318	-0.535225	94.3817	
0.994655	0.0394567	-0.0954141	-0.0807625	0.873058	-0.480881	0.0643281	0.486017	0.871579	11.7014	-0.0485935	95.2802	
0.994966	0.0419995	-0.0909832	-0.082287	0.860593	-0.502601	0.0571906	0.507558	0.859718	11.7636	0.460265	96.1669	
0.995241	0.0446518	-0.0866145	-0.0836319	0.847592	-0.524016	0.0500155	0.528766	0.847293	11.8185	0.991017	97.0411	
0.995478	0.0474117	-0.0823108	-0.0847964	0.834064	-0.545112	0.0428077	0.549627	0.834313	11.866	1.54332	97.9024	
0.995679	0.0502775	-0.0780749	-0.0857797	0.820016	-0.565876	0.0355718	0.570128	0.820785	11.9062	2.1168	98.75	
