1	0	0	0	1	0	0	0	1	0	0	0	
0.999998	-5.25035e-06	-0.00203709	-5.25035e-06	0.999987	-0.00515473	0.00203709	0.00515473	0.999985	0.000992824	0.00251229	0.974742	
0.999992	-2.10075e-05	-0.00407496	-2.10024e-05	0.999947	-0.010309	0.00407496	0.010309	0.999939	0.00397168	0.0100489	1.94946	
0.999981	-4.72789e-05	-0.00611355	-4.72587e-05	0.99988	-0.0154625	0.00611355	0.0154625	0.999862	0.0089373	0.0226093	2.92411	
0.999967	-8.40719e-05	-0.0081528	-8.40213e-05	0.999787	-0.0206153	0.0081528	0.0206153	0.999754	0.0158904	0.0401927	3.89867	
0.999948	-0.000131393	-0.0101926	-0.000131292	0.999668	-0.0257671	0.0101926	0.0257671	0.999616	0.0248315	0.0627984	4.87311	
0.999925	-0.00018925	-0.012233	-0.000189073	0.999522	-0.0309178	0.012233	0.0309178	0.999447	0.0357612	0.0904252	5.84741	
0.999898	-0.000257647	-0.0142739	-0.000257364	0.999349	-0.0360671	0.0142739	0.0360671	0.999247	0.04868	0.123072	6.82152	
0.999867	-0.000336592	-0.0163151	-0.000336168	0.99915	-0.0412151	0.0163151	0.0412151	0.999017	0.0635883	0.160737	7.79542	
0.999831	-0.00042609	-0.0183567	-0.000425483	0.998925	-0.0463614	0.0183567	0.0463614	0.998756	0.0804865	0.20342	8.76909	
0.999792	-0.000526145	-0.0203986	-0.000525311	0.998673	-0.0515059	0.0203986	0.0515059	0.998464	0.0993749	0.251118	9.74248	
0.999748	-0.000636764	-0.0224407	-0.000635652	0.998394	-0.0566486	0.0224407	0.0566485	0.998142	0.120254	0.30383	10.7156	
0.9997	-0.00075795	-0.0244829	-0.000756505	0.998089	-0.0617891	0.024483	0.0617891	0.997789	0.143123	0.361553	11.6883	
0.999648	-0.000889708	-0.0265253	-0.000887868	0.997757	-0.0669274	0.0265253	0.0669274	0.997405	0.167983	0.424286	12.6608	
0.999591	-0.00103204	-0.0285676	-0.00102974	0.9974	-0.0720633	0.0285677	0.0720633	0.996991	0.194834	0.492027	13.6328	
0.999531	-0.00118495	-0.03061	-0.00118212	0.997015	-0.0771966	0.0306101	0.0771966	0.996546	0.223676	0.564773	14.6044	
0.999466	-0.00134845	-0.0326522	-0.00134501	0.996604	-0.0823273	0.0326523	0.0823272	0.99607	0.254509	0.64252	15.5755	
0.999397	-0.00152253	-0.0346942	-0.00151841	0.996167	-0.087455	0.0346944	0.0874549	0.995564	0.287332	0.725268	16.5462	
0.999324	-0.0017072	-0.0367361	-0.0017023	0.995704	-0.0925797	0.0367363	0.0925796	0.995027	0.322145	0.813012	17.5164	
0.999246	-0.00190245	-0.0387776	-0.0018967	0.995214	-0.0977013	0.0387779	0.0977011	0.99446	0.358949	0.90575	18.486	
0.999164	-0.0021083	-0.0408188	-0.00210159	0.994698	-0.102819	0.0408191	0.102819	0.993862	0.397743	1.00348	19.455	
0.999078	-0.00232475	-0.0428595	-0.00231698	0.994155	-0.107934	0.0428599	0.107934	0.993234	0.438526	1.10619	20.4235	
0.998988	-0.00255179	-0.0448998	-0.00254285	0.993587	-0.113045	0.0449003	0.113045	0.992575	0.481298	1.21389	21.3913	
0.998894	-0.00278942	-0.0469395	-0.00277921	0.992992	-0.118152	0.0469401	0.118152	0.991885	0.526059	1.32657	22.3585	
0.998795	-0.00303765	-0.0489786	-0.00302605	0.99237	-0.123256	0.0489793	0.123255	0.991166	0.572807	1.44423	23.325	
0.998692	-0.00329648	-0.051017	-0.00328337	0.991723	-0.128355	0.0510179	0.128354	0.990415	0.621543	1.56686	24.2908	
0.998585	-0.0035659	-0.0530547	-0.00355116	0.991049	-0.133449	0.0530557	0.133449	0.989635	0.672266	1.69445	25.2558	
0.998474	-0.00384592	-0.0550916	-0.00382941	0.990349	-0.13854	0.0550927	0.138539	0.988823	0.724975	1.82701	26.2201	
0.998358	-0.00413653	-0.0571276	-0.00411812	0.989624	-0.143626	0.0571289	0.143625	0.987982	0.779669	1.96453	27.1835	
0.998238	-0.00443774	-0.0591626	-0.00441729	0.988872	-0.148706	0.0591642	0.148706	0.98711	0.836347	2.10701	28.1461	
0.998114	-0.00474954	-0.0611967	-0.00472691	0.988093	-0.153783	0.0611984	0.153782	0.986208	0.895009	2.25443	29.1079	
0.997986	-0.00507193	-0.0632297	-0.00504696	0.987289	-0.158854	0.0632317	0.158853	0.985275	0.955653	2.4068	30.0687	
0.997854	-0.00540491	-0.0652616	-0.00537745	0.986459	-0.163919	0.0652638	0.163918	0.984313	1.01828	2.56412	31.0286	
0.997717	-0.00574848	-0.0672923	-0.00571837	0.985603	-0.16898	0.0672948	0.168979	0.98332	1.08288	2.72636	31.9876	
0.997576	-0.00610262	-0.0693217	-0.0060697	0.984721	-0.174035	0.0693246	0.174033	0.982297	1.14947	2.89354	32.9456	
0.99743	-0.00646735	-0.0713498	-0.00643145	0.983813	-0.179084	0.071353	0.179082	0.981243	1.21803	3.06564	33.9026	
0.997281	-0.00684265	-0.0733765	-0.0068036	0.982879	-0.184127	0.0733801	0.184126	0.98016	1.28857	3.24265	34.8585	
0.997127	-0.00722853	-0.0754018	-0.00718614	0.981919	-0.189164	0.0754058	0.189163	0.979046	1.36109	3.42459	35.8134	
0.996969	-0.00762497	-0.0774255	-0.00757907	0.980934	-0.194195	0.07743	0.194194	0.977903	1.43557	3.61142	36.7672	
0.996807	-0.00803198	-0.0794477	-0.00798237	0.979922	-0.19922	0.0794527	0.199218	0.976729	1.51204	3.80316	37.7198	
0.99664	-0.00844955	-0.0814683	-0.00839604	0.978885	-0.204239	0.0814738	0.204236	0.975525	1.59047	3.9998	38.6713	
0.996469	-0.00887767	-0.0834871	-0.00882007	0.977822	-0.20925	0.0834932	0.209248	0.974292	1.67087	4.20132	39.6216	
0.996294	-0.00931633	-0.0855041	-0.00925444	0.976734	-0.214255	0.0855109	0.214253	0.973028	1.75324	4.40772	40.5706	
0.996115	-0.00976554	-0.0875194	-0.00969914	0.97562	-0.219253	0.0875268	0.21925	0.971735	1.83757	4.619	41.5185	
0.995931	-0.0102253	-0.0895327	-0.0101542	0.97448	-0.224244	0.0895408	0.224241	0.970411	1.92387	4.83515	42.465	
0.995744	-0.0106956	-0.091544	-0.0106195	0.973315	-0.229228	0.0915529	0.229225	0.969058	2.01213	5.05616	43.4103	
0.995552	-0.0111764	-0.0935534	-0.0110952	0.972124	-0.234204	0.093563	0.234201	0.967676	2.10235	5.28202	44.3542	
0.995355	-0.0116677	-0.0955606	-0.0115811	0.970908	-0.239173	0.0955711	0.239169	0.966263	2.19453	5.51273	45.2967	
0.995155	-0.0121695	-0.0975657	-0.0120773	0.969666	-0.244134	0.0975771	0.24413	0.964821	2.28866	5.74827	46.2379	
0.99495	-0.0126818	-0.0995685	-0.0125838	0.968399	-0.249088	0.099581	0.249083	0.963349	2.38475	5.98865	47.1776	
0.994741	-0.0132046	-0.101569	-0.0131005	0.967107	-0.254033	0.101583	0.254027	0.961848	2.4828	6.23386	48.1159	
0.994528	-0.0137379	-0.103567	-0.0136275	0.965789	-0.25897	0.103582	0.258964	0.960317	2.58279	6.48388	49.0528	
0.99431	-0.0142817	-0.105563	-0.0141647	0.964446	-0.263899	0.105579	0.263892	0.958756	2.68473	6.7387	49.9881	
0.994088	-0.0148359	-0.107556	-0.0147121	0.963078	-0.268819	0.107573	0.268812	0.957167	2.78861	6.99833	50.9218	
0.993862	-0.0154006	-0.109547	-0.0152697	0.961685	-0.273731	0.109566	0.273724	0.955547	2.89444	7.26275	51.854	
0.993632	-0.0159757	-0.111535	-0.0158375	0.960267	-0.278634	0.111555	0.278626	0.953899	3.00221	7.53195	52.7847	
0.993398	-0.0165613	-0.113521	-0.0164154	0.958823	-0.283528	0.113542	0.28352	0.952221	3.11192	7.80593	53.7137	
0.993159	-0.0171572	-0.115504	-0.0170035	0.957355	-0.288413	0.115526	0.288404	0.950514	3.22356	8.08467	54.641	
0.992916	-0.0177636	-0.117484	-0.0176018	0.955862	-0.293289	0.117508	0.293279	0.948778	3.33713	8.36816	55.5667	
0.992669	-0.0183804	-0.119461	-0.0182102	0.954344	-0.298155	0.119487	0.298145	0.947012	3.45264	8.65641	56.4906	
0.992417	-0.0190076	-0.121435	-0.0188286	0.952801	-0.303012	0.121463	0.303001	0.945218	3.57007	8.94939	57.4129	
0.992162	-0.0196452	-0.123406	-0.0194572	0.951233	-0.30786	0.123436	0.307848	0.943395	3.68943	9.24711	58.3333	
0.991902	-0.0202931	-0.125374	-0.0200958	0.94964	-0.312697	0.125406	0.312685	0.941542	3.81071	9.54954	59.252	
0.991638	-0.0209514	-0.127339	-0.0207445	0.948023	-0.317525	0.127373	0.317511	0.939661	3.93391	9.85668	60.1688	
0.990949	-0.0226422	-0.132313	-0.0212041	0.946895	-0.320844	0.132551	0.320746	0.937844	4.06059	10.1678	61.0839	
0.990233	-0.024351	-0.13728	-0.0216825	0.945753	-0.324161	0.137726	0.323972	0.935988	4.19232	10.482	61.9972	
0.989489	-0.0260777	-0.142239	-0.0221797	0.944599	-0.327475	0.142898	0.327188	0.934092	4.32909	10.7993	62.9086	
0.988717	-0.027822	-0.147189	-0.0226958	0.943433	-0.330785	0.148066	0.330393	0.932157	4.47089	11.1198	63.8181	
0.987918	-0.0295838	-0.15213	-0.0232306	0.942255	-0.334091	0.153229	0.333588	0.930183	4.61774	11.4434	64.7258	
0.987091	-0.0313628	-0.157062	-0.023784	0.941064	-0.337391	0.158387	0.336771	0.92817	4.76961	11.7701	65.6315	
0.986236	-0.0331589	-0.161984	-0.0243561	0.939862	-0.340686	0.163539	0.339942	0.926118	4.92651	12.1	66.5353	
0.985354	-0.0349718	-0.166894	-0.0249466	0.938647	-0.343975	0.168684	0.343101	0.924028	5.08843	12.4329	67.437	
0.984445	-0.0368014	-0.171794	-0.0255556	0.937422	-0.347257	0.173823	0.346246	0.9219	5.25536	12.7688	68.3366	
0.983509	-0.0386473	-0.176681	-0.0261829	0.936185	-0.350531	0.178953	0.349377	0.919735	5.42729	13.1079	69.2342	
0.979354	-0.046174	-0.196807	-0.0241485	0.93987	-0.340677	0.200703	0.338396	0.919351	5.61234	13.4431	70.1306	
0.974725	-0.053458	-0.216918	-0.0218816	0.943437	-0.330829	0.222334	0.327214	0.918422	5.81852	13.7675	71.0263	
0.969623	-0.0604952	-0.237004	-0.0193837	0.946883	-0.320994	0.243833	0.315838	0.916947	6.04573	14.0809	71.9208	
0.964053	-0.0672814	-0.257051	-0.0166561	0.950206	-0.311178	0.265187	0.304274	0.914928	6.29383	14.3832	72.8137	
0.958017	-0.0738125	-0.277048	-0.0137005	0.953404	-0.301387	0.286384	0.292529	0.912366	6.56266	14.674	73.7043	
0.951519	-0.0800846	-0.296982	-0.0105186	0.956475	-0.291625	0.307411	0.280611	0.909261	6.85208	14.9534	74.5922	
0.944562	-0.0860941	-0.316843	-0.00711242	0.959417	-0.2819	0.328255	0.268526	0.905617	7.1619	15.221	75.4767	
0.937152	-0.0918373	-0.336619	-0.00348386	0.96223	-0.272217	0.348904	0.256282	0.901435	7.49195	15.4768	76.3575	
0.929292	-0.0973109	-0.356297	0.000364892	0.96491	-0.262582	0.369346	0.243885	0.896718	7.84202	15.7206	77.2339	
0.920987	-0.102511	-0.375866	0.00443154	0.967456	-0.253	0.389569	0.231344	0.891468	8.21191	15.9522	78.1055	
0.912241	-0.107436	-0.395314	0.00871368	0.969868	-0.243477	0.409561	0.218665	0.885689	8.60141	16.1716	78.9717	
0.903061	-0.112082	-0.41463	0.0132088	0.972142	-0.234019	0.429309	0.205856	0.879384	9.01027	16.3785	79.8319	
0.893452	-0.116446	-0.433802	0.0179141	0.974279	-0.224631	0.448802	0.192926	0.872557	9.43826	16.5728	80.6858	
0.883418	-0.120526	-0.45282	0.022827	0.976277	-0.215319	0.468029	0.17988	0.865212	9.88512	16.7545	81.5328	
0.872967	-0.124319	-0.47167	0.0279444	0.978134	-0.206089	0.486978	0.166728	0.857353	10.3506	16.9235	82.3724	
0.862105	-0.127823	-0.490344	0.0332633	0.97985	-0.196945	0.505637	0.153477	0.848985	10.8344	17.0795	83.2041	
0.850837	-0.131036	-0.508828	0.0387806	0.981423	-0.187894	0.523997	0.140135	0.840113	11.3362	17.2226	84.0273	
0.839171	-0.133956	-0.527113	0.044493	0.982853	-0.178941	0.542045	0.126709	0.830742	11.8558	17.3527	84.8417	
0.827113	-0.136582	-0.545188	0.0503971	0.984139	-0.170091	0.559772	0.113208	0.820877	12.3928	17.4696	85.6467	
0.814671	-0.138911	-0.563041	0.0564894	0.985279	-0.161349	0.577166	0.0996405	0.810525	12.947	17.5734	86.4418	
0.801852	-0.140943	-0.580662	0.0627662	0.986274	-0.152721	0.594217	0.0860133	0.799692	13.5179	17.6639	87.2267	
0.788664	-0.142676	-0.598041	0.0692239	0.987123	-0.144211	0.610916	0.0723351	0.788384	14.1053	17.7411	88.0007	
0.775114	-0.144109	-0.615168	0.0758586	0.987824	-0.135825	0.627251	0.0586139	0.776608	14.7088	17.8049	88.7635	
0.76121	-0.145241	-0.632031	0.0826664	0.988379	-0.127568	0.643215	0.0448579	0.764371	15.328	17.8553	89.5145	
0.746962	-0.146072	-0.648622	0.0896433	0.988786	-0.119444	0.658796	0.0310753	0.75168	15.9626	17.8923	90.2534	
0.732377	-0.146601	-0.66493	0.096785	0.989045	-0.111458	0.673986	0.0172743	0.738542	16.6122	17.9159	90.9798	
