1	0	0	0	1	0	0	0	1	0	0	0	
0.999988	6.81405e-06	-0.00497929	6.81405e-06	0.999996	0.00273694	0.00497929	-0.00273694	0.999984	0.0025324	-0.00139197	1.01717	
0.99995	2.7257e-05	-0.00995932	2.72492e-05	0.999985	0.00547271	0.00995932	-0.00547271	0.999935	0.01013	-0.00556729	2.0343	
0.999888	6.13279e-05	-0.0149399	6.12967e-05	0.999966	0.00820724	0.0149399	-0.00820724	0.999855	0.0227934	-0.0125247	3.05137	
0.999802	0.000109025	-0.0199209	0.000108947	0.99994	0.0109404	0.0199209	-0.0109404	0.999742	0.0405232	-0.022263	4.06834	
0.99969	0.000170346	-0.0249022	0.00017019	0.999907	0.0136722	0.0249022	-0.0136722	0.999596	0.0633197	-0.0347806	5.08517	
0.999553	0.000245288	-0.0298835	0.000245015	0.999865	0.0164024	0.0298835	-0.0164024	0.999419	0.091183	-0.0500762	6.10185	
0.999392	0.000333848	-0.0348647	0.000333411	0.999817	0.019131	0.0348647	-0.019131	0.999209	0.124113	-0.068148	7.11832	
0.999206	0.000436022	-0.0398456	0.000435367	0.999761	0.0218579	0.0398456	-0.0218578	0.998967	0.16211	-0.0889944	8.13457	
0.998995	0.000551806	-0.0448261	0.000550871	0.999698	0.0245829	0.0448261	-0.0245829	0.998692	0.205173	-0.112614	9.15055	
0.998759	0.000681195	-0.049806	0.000679908	0.999627	0.0273061	0.049806	-0.0273061	0.998386	0.253301	-0.139004	10.1662	
0.998498	0.000824183	-0.054785	0.000822468	0.999549	0.0300273	0.054785	-0.0300272	0.998047	0.306495	-0.168163	11.1816	
0.998212	0.000980765	-0.0597631	0.000978535	0.999463	0.0327463	0.0597632	-0.0327463	0.997675	0.364753	-0.200088	12.1966	
0.997901	0.00115093	-0.0647401	0.00114809	0.99937	0.0354632	0.0647401	-0.0354632	0.997272	0.428074	-0.234779	13.2112	
0.997566	0.00133468	-0.0697158	0.00133113	0.99927	0.0381779	0.0697158	-0.0381778	0.996836	0.496456	-0.272232	14.2254	
0.997206	0.001532	-0.07469	0.00152764	0.999162	0.0408902	0.0746901	-0.04089	0.996368	0.569899	-0.312444	15.2391	
0.99682	0.00174288	-0.0796625	0.00173758	0.999048	0.0436	0.0796627	-0.0435998	0.995868	0.648401	-0.355415	16.2523	
0.99641	0.00196732	-0.0846333	0.00196096	0.998925	0.0463072	0.0846334	-0.046307	0.995336	0.73196	-0.40114	17.265	
0.995975	0.00220531	-0.089602	0.00219776	0.998796	0.0490119	0.0896022	-0.0490115	0.994771	0.820574	-0.449618	18.2772	
0.995515	0.00245683	-0.0945687	0.00244795	0.998659	0.0517138	0.0945689	-0.0517134	0.994174	0.914241	-0.500845	19.2887	
0.995031	0.00272188	-0.0995329	0.00271152	0.998515	0.0544129	0.0995332	-0.0544124	0.993545	1.01296	-0.55482	20.2997	
0.994521	0.00300044	-0.104495	0.00298844	0.998363	0.0571091	0.104495	-0.0571084	0.992884	1.11673	-0.611538	21.3099	
0.993986	0.0032925	-0.109454	0.00327871	0.998205	0.0598023	0.109454	-0.0598015	0.992191	1.22554	-0.670997	22.3195	
0.993427	0.00359806	-0.11441	0.0035823	0.998039	0.0624924	0.114411	-0.0624914	0.991466	1.33939	-0.733193	23.3284	
0.992843	0.0039171	-0.119363	0.00389919	0.997866	0.0651793	0.119364	-0.0651782	0.990709	1.45829	-0.798124	24.3365	
0.992234	0.0042496	-0.124314	0.00422936	0.997686	0.0678629	0.124314	-0.0678617	0.98992	1.58222	-0.865787	25.3438	
0.9916	0.00459555	-0.12926	0.00457279	0.997498	0.0705432	0.129261	-0.0705417	0.989098	1.71118	-0.936177	26.3503	
0.990941	0.00495494	-0.134204	0.00492946	0.997304	0.07322	0.134205	-0.0732183	0.988245	1.84518	-1.00929	27.356	
0.990258	0.00532776	-0.139143	0.00529935	0.997102	0.0758933	0.139144	-0.0758914	0.98736	1.9842	-1.08513	28.3607	
0.98955	0.00571399	-0.144079	0.00568242	0.996893	0.078563	0.14408	-0.0785607	0.986443	2.12824	-1.16368	29.3646	
0.988817	0.0061136	-0.149011	0.00607867	0.996677	0.081229	0.149012	-0.0812263	0.985494	2.27731	-1.24494	30.3675	
0.988059	0.0065266	-0.153938	0.00648806	0.996454	0.0838911	0.15394	-0.0838881	0.984513	2.43139	-1.32892	31.3694	
0.987276	0.00695295	-0.158861	0.00691057	0.996224	0.0865494	0.158863	-0.086546	0.9835	2.59047	-1.4156	32.3703	
0.986469	0.00739265	-0.16378	0.00734618	0.995986	0.0892037	0.163782	-0.0891998	0.982456	2.75457	-1.50498	33.3702	
0.985637	0.00784567	-0.168694	0.00779486	0.995742	0.0918539	0.168696	-0.0918495	0.981379	2.92366	-1.59706	34.3689	
0.984781	0.008312	-0.173603	0.00825659	0.995491	0.0944999	0.173605	-0.0944951	0.980271	3.09775	-1.69183	35.3666	
0.983899	0.00879162	-0.178507	0.00873134	0.995232	0.0971417	0.17851	-0.0971363	0.979132	3.27683	-1.7893	36.3631	
0.982993	0.0092845	-0.183406	0.00921908	0.994967	0.0997792	0.183409	-0.0997731	0.97796	3.4609	-1.88944	37.3585	
0.982063	0.00979063	-0.188299	0.00971979	0.994695	0.102412	0.188303	-0.102406	0.976757	3.64995	-1.99227	38.3526	
0.981108	0.01031	-0.193187	0.0102334	0.994415	0.105041	0.193191	-0.105033	0.975523	3.84397	-2.09777	39.3455	
0.980128	0.0108426	-0.198069	0.01076	0.994129	0.107665	0.198074	-0.107657	0.974257	4.04296	-2.20594	40.3372	
0.979124	0.0113883	-0.202945	0.0112994	0.993836	0.110284	0.20295	-0.110275	0.97296	4.24692	-2.31678	41.3275	
0.978095	0.0119472	-0.207816	0.0118517	0.993536	0.112899	0.207821	-0.112889	0.971631	4.45583	-2.43027	42.3165	
0.977042	0.0125193	-0.21268	0.0124168	0.993229	0.115508	0.212686	-0.115497	0.970271	4.66969	-2.54643	43.3041	
0.975964	0.0131045	-0.217537	0.0129947	0.992915	0.118113	0.217544	-0.118101	0.968879	4.8885	-2.66523	44.2904	
0.974862	0.0137027	-0.222388	0.0135854	0.992595	0.120713	0.222396	-0.120699	0.967456	5.11225	-2.78668	45.2752	
0.973735	0.0143141	-0.227233	0.0141888	0.992267	0.123307	0.227241	-0.123293	0.966002	5.34093	-2.91078	46.2585	
0.972584	0.0149384	-0.23207	0.0148049	0.991933	0.125897	0.232079	-0.125881	0.964517	5.57453	-3.0375	47.2403	
0.971409	0.0155758	-0.236901	0.0154336	0.991592	0.128481	0.23691	-0.128464	0.963001	5.81306	-3.16686	48.2206	
0.970209	0.0162262	-0.241724	0.016075	0.991244	0.13106	0.241734	-0.131041	0.961454	6.05649	-3.29884	49.1994	
0.968985	0.0168896	-0.24654	0.016729	0.99089	0.133633	0.246551	-0.133613	0.959875	6.30482	-3.43344	50.1765	
0.967737	0.0175659	-0.251348	0.0173955	0.990529	0.136201	0.25136	-0.136179	0.958266	6.55806	-3.57065	51.1521	
0.966465	0.0182551	-0.256149	0.0180746	0.990161	0.138763	0.256162	-0.138739	0.956626	6.81617	-3.71047	52.126	
0.965168	0.0189572	-0.260942	0.0187662	0.989786	0.14132	0.260955	-0.141294	0.954955	7.07917	-3.85289	53.0982	
0.963848	0.0196722	-0.265726	0.0194703	0.989405	0.14387	0.265741	-0.143843	0.953253	7.34704	-3.99791	54.0687	
0.962503	0.0204	-0.270503	0.0201867	0.989017	0.146415	0.270519	-0.146386	0.95152	7.61978	-4.14552	55.0374	
0.961134	0.0211406	-0.275271	0.0209156	0.988623	0.148954	0.275288	-0.148922	0.949757	7.89737	-4.29571	56.0044	
0.959741	0.0218939	-0.28003	0.0216568	0.988222	0.151487	0.280049	-0.151453	0.947963	8.17981	-4.44847	56.9695	
0.958325	0.02266	-0.284781	0.0224104	0.987814	0.154014	0.284801	-0.153977	0.946139	8.46708	-4.60381	57.9329	
0.956884	0.0234388	-0.289523	0.0231762	0.987401	0.156535	0.289544	-0.156496	0.944284	8.75919	-4.76171	58.8943	
0.955419	0.0242303	-0.294256	0.0239543	0.98698	0.159049	0.294279	-0.159007	0.942399	9.05611	-4.92218	59.8538	
0.953931	0.0250344	-0.29898	0.0247445	0.986553	0.161557	0.299004	-0.161512	0.940484	9.35785	-5.08519	60.8115	
0.952419	0.0258512	-0.303695	0.025547	0.98612	0.164059	0.30372	-0.164011	0.938538	9.66439	-5.25074	61.7671	
0.950883	0.0266805	-0.308399	0.0263615	0.98568	0.166554	0.308427	-0.166503	0.936563	9.97572	-5.41884	62.7208	
0.949323	0.0275223	-0.313095	0.0271882	0.985234	0.169042	0.313124	-0.168988	0.934557	10.2918	-5.58947	63.6724	
0.947062	0.0287272	-0.319762	0.0270555	0.985304	0.168651	0.319908	-0.168374	0.932367	10.6138	-5.76105	64.6219	
0.944752	0.0299281	-0.326417	0.0269202	0.985375	0.168261	0.326679	-0.167753	0.930129	10.9426	-5.932	65.5691	
0.942393	0.0311248	-0.333056	0.0267822	0.985445	0.167873	0.333434	-0.167122	0.927843	11.2784	-6.10231	66.5141	
0.939985	0.0323172	-0.339681	0.0266413	0.985515	0.167485	0.340173	-0.166483	0.925508	11.6209	-6.27198	67.4567	
0.93753	0.0335051	-0.346288	0.0264976	0.985584	0.167099	0.346895	-0.165836	0.923126	11.9704	-6.44099	68.3968	
0.935026	0.0346882	-0.352879	0.0263509	0.985653	0.166712	0.353599	-0.165179	0.920697	12.3266	-6.60934	69.3346	
0.929803	0.0369274	-0.3662	0.0188135	0.988885	0.147487	0.367576	-0.144024	0.918774	12.6934	-6.7666	70.2702	
0.92438	0.0388596	-0.379489	0.0109864	0.991673	0.128308	0.381315	-0.122775	0.916256	13.0743	-6.9023	71.2035	
0.918759	0.0404834	-0.392738	0.00287478	0.994017	0.109188	0.394808	-0.101447	0.913146	13.4691	-7.01634	72.134	
0.912945	0.0417978	-0.405937	-0.00551625	0.995914	0.0901395	0.408046	-0.0800532	0.909445	13.8774	-7.10866	73.0609	
0.906941	0.0428019	-0.419078	-0.0141812	0.997363	0.0711742	0.421019	-0.0586077	0.905156	14.2991	-7.17918	73.9839	
0.900751	0.0434952	-0.432153	-0.0231146	0.998364	0.0523046	0.433721	-0.0371244	0.900282	14.7338	-7.22787	74.9021	
0.894379	0.0438772	-0.445153	-0.0323104	0.998915	0.033543	0.446142	-0.0156171	0.894826	15.1813	-7.2547	75.8152	
0.887829	0.0439475	-0.45807	-0.041763	0.999016	0.0149015	0.458274	0.00590032	0.888791	15.6413	-7.25964	76.7223	
0.881106	0.0437063	-0.470895	-0.051466	0.998668	-0.0036078	0.47011	0.0274139	0.882182	16.1135	-7.2427	77.6231	
0.874213	0.0431536	-0.48362	-0.0614132	0.997871	-0.021973	0.481642	0.0489098	0.875002	16.5976	-7.20388	78.5168	
0.867156	0.0422897	-0.496238	-0.0715983	0.996624	-0.0401823	0.492863	0.0703741	0.867256	17.0932	-7.14321	79.4029	
0.859939	0.0411153	-0.508739	-0.0820145	0.994929	-0.0582237	0.503765	0.0917928	0.85895	17.6001	-7.06073	80.2809	
0.852566	0.0396311	-0.521116	-0.0926553	0.992787	-0.0760857	0.514341	0.113152	0.850088	18.118	-6.95649	81.1501	
0.845042	0.0378381	-0.53336	-0.103514	0.990199	-0.0937568	0.524585	0.134438	0.840676	18.6464	-6.83056	82.0101	
0.837372	0.0357374	-0.545464	-0.114583	0.987168	-0.111225	0.53449	0.155638	0.830721	19.185	-6.68302	82.8602	
0.829561	0.0333303	-0.55742	-0.125855	0.983694	-0.12848	0.544048	0.176736	0.820229	19.7336	-6.51397	83.6999	
0.821615	0.0306185	-0.56922	-0.137323	0.97978	-0.14551	0.553256	0.197721	0.809206	20.2917	-6.32352	84.5286	
0.813537	0.0276037	-0.580857	-0.148981	0.975429	-0.162305	0.562105	0.218577	0.79766	20.859	-6.11179	85.3459	
0.805334	0.0242879	-0.592323	-0.160819	0.970644	-0.178852	0.570591	0.239292	0.785599	21.4351	-5.87891	86.1512	
0.797011	0.0206731	-0.603611	-0.172831	0.965427	-0.195142	0.578708	0.259853	0.773029	22.0196	-5.62504	86.9439	
0.788573	0.0167617	-0.614712	-0.185009	0.959782	-0.211164	0.58645	0.280245	0.759959	22.6123	-5.35033	87.7236	
0.780026	0.0125563	-0.625621	-0.197344	0.953713	-0.226908	0.593814	0.300457	0.746399	23.2126	-5.05498	88.4898	
0.771375	0.00805959	-0.63633	-0.20983	0.947223	-0.242363	0.600794	0.320474	0.732355	23.8201	-4.73917	89.2419	
0.762625	0.00327444	-0.646833	-0.222457	0.940317	-0.25752	0.607385	0.340283	0.717838	24.4346	-4.4031	89.9795	
0.753783	-0.00179605	-0.657121	-0.235218	0.933	-0.272368	0.613583	0.359873	0.702857	25.0556	-4.04699	90.7021	
0.744854	-0.00714858	-0.667189	-0.248104	0.925275	-0.286899	0.619384	0.37923	0.687421	25.6827	-3.67107	91.4092	
0.735844	-0.0127797	-0.677031	-0.261108	0.917148	-0.301102	0.624786	0.398342	0.671541	26.3155	-3.27559	92.1004	
0.726758	-0.0186858	-0.686639	-0.27422	0.908624	-0.314969	0.629783	0.417196	0.655226	26.9536	-2.8608	92.7752	
0.717603	-0.024863	-0.696008	-0.287432	0.89971	-0.32849	0.634373	0.43578	0.638488	27.5966	-2.42696	93.4332	
