1	0	0	0	1	0	0	0	1	0	0	0	
1	-1.33219e-06	-0.000786179	-1.33219e-06	0.999994	-0.00338903	0.000786179	0.00338903	0.999994	0.000317847	0.00137016	0.808584	
0.999999	-5.33111e-06	-0.00157242	-5.33475e-06	0.999977	-0.00678298	0.00157242	0.00678298	0.999976	0.00127141	0.00548264	1.61716	
0.999997	-1.2001e-05	-0.00235871	-1.20156e-05	0.999948	-0.0101818	0.00235871	0.0101818	0.999945	0.00286075	0.0123414	2.42571	
0.999995	-2.13457e-05	-0.00314502	-2.13823e-05	0.999908	-0.0135853	0.00314502	0.0135853	0.999903	0.00508587	0.0219502	3.23424	
0.999992	-3.33692e-05	-0.00393131	-3.34424e-05	0.999856	-0.0169934	0.00393131	0.0169934	0.999848	0.00794678	0.034313	4.04272	
0.999989	-4.80749e-05	-0.00471758	-4.82031e-05	0.999792	-0.0204061	0.00471758	0.0204061	0.999781	0.0114435	0.0494334	4.85116	
0.999985	-6.54661e-05	-0.00550378	-6.56715e-05	0.999716	-0.0238232	0.00550378	0.0238232	0.999701	0.0155759	0.067315	5.65954	
0.99998	-8.55458e-05	-0.00628991	-8.58543e-05	0.999629	-0.0272447	0.0062899	0.0272447	0.999609	0.020344	0.0879614	6.46785	
0.999975	-0.000108317	-0.00707592	-0.000108758	0.99953	-0.0306704	0.00707591	0.0306704	0.999505	0.0257477	0.111376	7.27607	
0.999969	-0.000133782	-0.0078618	-0.00013439	0.999418	-0.0341003	0.00786179	0.0341003	0.999387	0.0317869	0.137563	8.08421	
0.999963	-0.000161944	-0.00864752	-0.000162755	0.999295	-0.0375342	0.00864751	0.0375342	0.999258	0.0384615	0.166524	8.89225	
0.999955	-0.000192804	-0.00943307	-0.00019386	0.99916	-0.0409721	0.00943304	0.0409721	0.999116	0.0457714	0.198264	9.70018	
0.999948	-0.000226364	-0.0102184	-0.00022771	0.999013	-0.0444139	0.0102184	0.0444139	0.998961	0.0537163	0.232784	10.508	
0.999939	-0.000262627	-0.0110035	-0.000264311	0.998854	-0.0478594	0.0110035	0.0478594	0.998793	0.0622962	0.27009	11.3157	
0.99993	-0.000301594	-0.0117884	-0.000303668	0.998683	-0.0513086	0.0117883	0.0513086	0.998613	0.0715107	0.310183	12.1232	
0.999921	-0.000343265	-0.0125729	-0.000345787	0.998499	-0.0547613	0.0125729	0.0547613	0.99842	0.0813598	0.353066	12.9306	
0.999911	-0.000387642	-0.0133572	-0.000390672	0.998304	-0.0582175	0.0133571	0.0582175	0.998215	0.0918431	0.398743	13.7378	
0.9999	-0.000434727	-0.0141411	-0.000438329	0.998096	-0.0616771	0.014141	0.0616771	0.997996	0.10296	0.447215	14.5449	
0.999889	-0.000484518	-0.0149247	-0.000488761	0.997876	-0.06514	0.0149246	0.06514	0.997765	0.114711	0.498487	15.3517	
0.999876	-0.000537018	-0.0157079	-0.000541973	0.997644	-0.068606	0.0157078	0.0686061	0.99752	0.127096	0.552559	16.1584	
0.999864	-0.000592225	-0.0164907	-0.000597969	0.997399	-0.0720751	0.0164905	0.0720752	0.997263	0.140113	0.609436	16.9649	
0.999851	-0.00065014	-0.0172731	-0.000656753	0.997142	-0.0755473	0.0172729	0.0755473	0.996993	0.153764	0.669119	17.7712	
0.999837	-0.000710763	-0.0180551	-0.000718328	0.996873	-0.0790223	0.0180548	0.0790223	0.996709	0.168046	0.73161	18.5772	
0.999822	-0.000774093	-0.0188365	-0.000782699	0.996591	-0.0825	0.0188362	0.0825001	0.996413	0.182961	0.796913	19.383	
0.999807	-0.00084013	-0.0196175	-0.000849868	0.996296	-0.0859805	0.0196171	0.0859806	0.996104	0.198508	0.865028	20.1886	
0.999792	-0.000908873	-0.020398	-0.000919839	0.99599	-0.0894636	0.0203975	0.0894637	0.995781	0.214685	0.935959	20.9939	
0.999775	-0.000980319	-0.0211779	-0.000992615	0.99567	-0.0929492	0.0211773	0.0929493	0.995446	0.231494	1.00971	21.7989	
0.999758	-0.00105447	-0.0219572	-0.0010682	0.995339	-0.0964372	0.0219566	0.0964373	0.995097	0.248932	1.08628	22.6037	
0.999741	-0.00113132	-0.022736	-0.00114659	0.994994	-0.0999274	0.0227352	0.0999276	0.994735	0.267001	1.16566	23.4082	
0.999723	-0.00121087	-0.0235142	-0.00122779	0.994637	-0.10342	0.0235133	0.10342	0.99436	0.285699	1.24788	24.2123	
0.999704	-0.00129312	-0.0242917	-0.00131181	0.994267	-0.106915	0.0242907	0.106915	0.993971	0.305026	1.33291	25.0162	
0.999685	-0.00137807	-0.0250685	-0.00139864	0.993885	-0.110411	0.0250674	0.110411	0.99357	0.324981	1.42078	25.8198	
0.999665	-0.00146571	-0.0258447	-0.0014883	0.99349	-0.11391	0.0258434	0.11391	0.993155	0.345564	1.51147	26.623	
0.999644	-0.00155604	-0.0266202	-0.00158077	0.993082	-0.11741	0.0266188	0.11741	0.992727	0.366774	1.60499	27.4259	
0.999623	-0.00164906	-0.027395	-0.00167606	0.992662	-0.120912	0.0273934	0.120912	0.992285	0.388611	1.70134	28.2284	
0.999602	-0.00174476	-0.028169	-0.00177417	0.992229	-0.124416	0.0281672	0.124416	0.99183	0.411073	1.80053	29.0305	
0.999579	-0.00184315	-0.0289423	-0.0018751	0.991783	-0.127921	0.0289402	0.127921	0.991362	0.434162	1.90255	29.8323	
0.999557	-0.00194422	-0.0297147	-0.00197886	0.991324	-0.131428	0.0297124	0.131428	0.99088	0.457874	2.0074	30.6337	
0.999533	-0.00204796	-0.0304864	-0.00208544	0.990852	-0.134936	0.0304838	0.134936	0.990385	0.482211	2.11509	31.4348	
0.999509	-0.00215437	-0.0312572	-0.00219485	0.990368	-0.138445	0.0312544	0.138445	0.989877	0.507172	2.22561	32.2354	
0.999484	-0.00226345	-0.0320271	-0.00230708	0.98987	-0.141955	0.032024	0.141956	0.989355	0.532755	2.33898	33.0356	
0.999459	-0.0023752	-0.0327962	-0.00242213	0.98936	-0.145466	0.0327928	0.145467	0.988819	0.55896	2.45518	33.8353	
0.999433	-0.0024896	-0.0335644	-0.00254001	0.988837	-0.148979	0.0335606	0.14898	0.988271	0.585786	2.57422	34.6346	
0.999407	-0.00260666	-0.0343317	-0.00266071	0.988301	-0.152492	0.0343275	0.152493	0.987708	0.613233	2.69611	35.4335	
0.99938	-0.00272637	-0.035098	-0.00278424	0.987752	-0.156006	0.0350934	0.156007	0.987132	0.641299	2.82083	36.2319	
0.999353	-0.00284873	-0.0358633	-0.00291058	0.98719	-0.15952	0.0358584	0.159522	0.986543	0.669985	2.9484	37.0299	
0.999325	-0.00297373	-0.0366277	-0.00303975	0.986616	-0.163036	0.0366223	0.163037	0.98594	0.699288	3.07881	37.8273	
0.999296	-0.00310136	-0.0373911	-0.00317173	0.986028	-0.166551	0.0373852	0.166552	0.985324	0.729209	3.21206	38.6243	
0.999267	-0.00323162	-0.0381534	-0.00330654	0.985427	-0.170067	0.038147	0.170069	0.984694	0.759746	3.34815	39.4208	
0.999237	-0.00336451	-0.0389147	-0.00344416	0.984813	-0.173583	0.0389077	0.173585	0.98405	0.790899	3.48709	40.2167	
0.999207	-0.00350001	-0.0396749	-0.0035846	0.984186	-0.1771	0.0396674	0.177101	0.983393	0.822666	3.62887	41.0121	
0.999176	-0.00363813	-0.040434	-0.00372785	0.983547	-0.180616	0.0404259	0.180618	0.982722	0.855047	3.77349	41.807	
0.999144	-0.00377885	-0.0411921	-0.00387391	0.982894	-0.184133	0.0411832	0.184135	0.982038	0.888041	3.92096	42.6014	
0.999112	-0.00392218	-0.0419489	-0.00402278	0.982228	-0.187649	0.0419394	0.187651	0.98134	0.921647	4.07127	43.3952	
0.999079	-0.0040681	-0.0427047	-0.00417446	0.981549	-0.191165	0.0426944	0.191167	0.980628	0.955864	4.22442	44.1884	
0.999075	-0.0040892	-0.0428111	-0.00445159	0.980289	-0.19752	0.0427749	0.197528	0.979364	0.990419	4.38157	44.9808	
0.99907	-0.0041116	-0.0429203	-0.00472937	0.978987	-0.20387	0.0428566	0.203884	0.978057	1.02504	4.54386	45.7722	
0.999065	-0.00413532	-0.0430323	-0.00500781	0.977643	-0.210214	0.0429395	0.210233	0.976708	1.05973	4.71128	46.5625	
0.99906	-0.00416036	-0.0431468	-0.00528692	0.976257	-0.216552	0.0430233	0.216577	0.975317	1.09448	4.88384	47.3516	
0.999055	-0.00418675	-0.0432639	-0.00556669	0.974829	-0.222883	0.0431081	0.222914	0.973885	1.1293	5.06152	48.1397	
0.99905	-0.00421449	-0.0433833	-0.00584712	0.97336	-0.229208	0.0431935	0.229244	0.97241	1.16419	5.24433	48.9266	
0.999044	-0.00424359	-0.0435049	-0.00612822	0.971849	-0.235525	0.0432797	0.235566	0.970894	1.19915	5.43225	49.7122	
0.999039	-0.00427405	-0.0436287	-0.00640998	0.970296	-0.241834	0.0433664	0.241881	0.969336	1.23419	5.62528	50.4967	
0.999033	-0.00430588	-0.0437545	-0.00669241	0.968702	-0.248136	0.0434536	0.248188	0.967737	1.26929	5.82341	51.2798	
0.999027	-0.00433907	-0.0438822	-0.0069755	0.967066	-0.254428	0.043541	0.254487	0.966096	1.30446	6.02664	52.0617	
0.999021	-0.00437364	-0.0440117	-0.00725925	0.965389	-0.260712	0.0436287	0.260777	0.964413	1.3397	6.23496	52.8421	
0.999015	-0.00440956	-0.0441429	-0.00754365	0.963671	-0.266987	0.0437165	0.267057	0.962689	1.37501	6.44836	53.6213	
0.999009	-0.00444684	-0.0442756	-0.00782871	0.96191	-0.273253	0.0438043	0.273328	0.960923	1.4104	6.66683	54.399	
0.999003	-0.00448547	-0.0444097	-0.00811441	0.960109	-0.279508	0.0438919	0.27959	0.959116	1.44585	6.89037	55.1752	
0.998997	-0.00452545	-0.0445452	-0.00840076	0.958267	-0.285753	0.0439794	0.28584	0.957268	1.48138	7.11897	55.95	
0.998991	-0.00456675	-0.0446819	-0.00868774	0.956383	-0.291987	0.0440665	0.29208	0.955378	1.51697	7.35262	56.7233	
0.998984	-0.00460937	-0.0448197	-0.00897535	0.954458	-0.29821	0.0441531	0.298309	0.953447	1.55264	7.59132	57.495	
0.998978	-0.0046533	-0.0449585	-0.00926359	0.952492	-0.304422	0.0442392	0.304527	0.951476	1.58838	7.83504	58.2652	
0.998972	-0.00469851	-0.0450982	-0.00955243	0.950486	-0.310622	0.0443246	0.310733	0.949463	1.62418	8.08379	59.0337	
0.998965	-0.00474498	-0.0452386	-0.00984189	0.948438	-0.316809	0.0444093	0.316926	0.94741	1.66006	8.33754	59.8006	
0.998958	-0.0047927	-0.0453798	-0.0101319	0.94635	-0.322984	0.0444931	0.323108	0.945316	1.696	8.59631	60.5658	
0.998952	-0.00484164	-0.0455214	-0.0104226	0.944221	-0.329146	0.0445759	0.329276	0.943181	1.73201	8.86006	61.3293	
0.998945	-0.00489177	-0.0456635	-0.0107138	0.942052	-0.335295	0.0446576	0.335431	0.941006	1.76809	9.1288	62.0911	
0.998938	-0.00494307	-0.045806	-0.0110055	0.939843	-0.34143	0.0447381	0.341572	0.93879	1.80423	9.40251	62.8511	
0.998931	-0.00499552	-0.0459487	-0.0112978	0.937593	-0.347552	0.0448173	0.347699	0.936534	1.84044	9.68118	63.6093	
0.998924	-0.00504907	-0.0460915	-0.0115907	0.935303	-0.353658	0.0448951	0.353812	0.934238	1.87671	9.96479	64.3656	
0.998918	-0.00510369	-0.0462343	-0.0118841	0.932973	-0.35975	0.0449714	0.35991	0.931902	1.91304	10.2533	65.1201	
0.998911	-0.00515936	-0.0463771	-0.0121779	0.930603	-0.365827	0.0450461	0.365994	0.929526	1.94943	10.5468	65.8726	
0.998904	-0.00521603	-0.0465196	-0.0124723	0.928193	-0.371889	0.045119	0.372061	0.927111	1.98589	10.8452	66.6233	
0.998897	-0.00527366	-0.0466619	-0.0127672	0.925744	-0.377935	0.0451901	0.378113	0.924656	2.0224	11.1485	67.3719	
0.99889	-0.00533222	-0.0468037	-0.0130625	0.923256	-0.383964	0.0452592	0.384149	0.922161	2.05897	11.4567	68.1186	
0.998883	-0.00539166	-0.0469451	-0.0133582	0.920728	-0.389977	0.0453263	0.390169	0.919627	2.09559	11.7697	68.8632	
0.998876	-0.00545193	-0.0470859	-0.0136544	0.91816	-0.395974	0.0453912	0.396171	0.917054	2.13227	12.0877	69.6058	
0.998869	-0.005513	-0.047226	-0.0139509	0.915554	-0.401953	0.0454539	0.402157	0.914442	2.16899	12.4104	70.3462	
0.999046	-0.00383143	-0.0435026	-0.0148076	0.907414	-0.419977	0.041084	0.420221	0.906491	2.20398	12.7429	71.0824	
0.999205	-0.00207634	-0.0398125	-0.0155775	0.898917	-0.437841	0.0366973	0.438113	0.89817	2.23543	13.0899	71.8121	
0.999346	-0.000248445	-0.0361572	-0.0162604	0.890069	-0.455537	0.0322956	0.455827	0.889482	2.26332	13.4514	72.5348	
0.999469	0.00165151	-0.0325381	-0.0168561	0.880871	-0.473056	0.0278806	0.473354	0.880431	2.28765	13.827	73.2504	
0.999574	0.00362274	-0.0289568	-0.0173642	0.871328	-0.490393	0.0234543	0.490687	0.87102	2.30841	14.2168	73.9586	
0.999661	0.00566445	-0.0254148	-0.0177847	0.861444	-0.507541	0.0190185	0.507821	0.861253	2.32558	14.6205	74.6589	
0.99973	0.00777581	-0.0219133	-0.0181172	0.851223	-0.524491	0.0145748	0.524746	0.851134	2.33916	15.038	75.3513	
0.99978	0.00995594	-0.018454	-0.0183617	0.840669	-0.541238	0.0101252	0.541457	0.840667	2.34915	15.4691	76.0353	
0.999812	0.012204	-0.0150382	-0.0185181	0.829787	-0.557774	0.00567143	0.557947	0.829857	2.35554	15.9136	76.7107	
0.999827	0.014519	-0.0116673	-0.0185862	0.81858	-0.574092	0.00121536	0.574209	0.818708	2.35832	16.3713	77.3772	
