1	0	0	0	1	0	0	0	1	0	0	0	
0.999999	-1.92623e-06	-0.00157986	-1.92623e-06	0.999997	-0.00243848	0.00157986	0.00243848	0.999996	0.00082025	0.00126604	1.03838	
0.999995	-7.73286e-06	-0.00316524	-7.73477e-06	0.999988	-0.00488668	0.00316524	0.00488668	0.999983	0.00328387	0.0050692	2.07676	
0.999989	-1.74619e-05	-0.00475605	-1.74695e-05	0.999973	-0.00734449	0.00475605	0.00734449	0.999962	0.00739654	0.0114195	3.11511	
0.99998	-3.11546e-05	-0.0063522	-3.11738e-05	0.999952	-0.00981177	0.0063522	0.00981177	0.999932	0.0131639	0.0203269	4.15344	
0.999968	-4.88518e-05	-0.00795361	-4.88904e-05	0.999924	-0.0122884	0.00795361	0.0122884	0.999893	0.0205913	0.0318012	5.19173	
0.999954	-7.05937e-05	-0.00956018	-7.06615e-05	0.999891	-0.0147742	0.00956018	0.0147742	0.999845	0.0296844	0.0458519	6.22998	
0.999938	-9.64197e-05	-0.0111718	-9.65285e-05	0.999851	-0.0172691	0.0111718	0.0172691	0.999788	0.0404483	0.0624885	7.26818	
0.999918	-0.000126369	-0.0127885	-0.000126532	0.999804	-0.019773	0.0127885	0.019773	0.999723	0.0528882	0.0817205	8.30631	
0.999896	-0.000160479	-0.01441	-0.000160714	0.999752	-0.0222857	0.01441	0.0222857	0.999648	0.0670095	0.103557	9.34437	
0.999871	-0.000198788	-0.0160363	-0.000199112	0.999692	-0.0248071	0.0160363	0.0248071	0.999564	0.0828169	0.128007	10.3823	
0.999844	-0.000241333	-0.0176673	-0.000241767	0.999626	-0.027337	0.0176673	0.027337	0.99947	0.100316	0.15508	11.4202	
0.999814	-0.00028815	-0.019303	-0.000288716	0.999554	-0.0298753	0.019303	0.0298753	0.999367	0.11951	0.184784	12.458	
0.999781	-0.000339275	-0.0209432	-0.000339997	0.999474	-0.032422	0.0209432	0.032422	0.999255	0.140406	0.217129	13.4957	
0.999745	-0.000394743	-0.0225878	-0.000395649	0.999388	-0.0349768	0.0225878	0.0349768	0.999133	0.163007	0.252121	14.5332	
0.999706	-0.000454588	-0.0242368	-0.000455706	0.999295	-0.0375396	0.0242368	0.0375396	0.999001	0.187318	0.289771	15.5706	
0.999665	-0.000518843	-0.02589	-0.000520206	0.999195	-0.0401103	0.02589	0.0401103	0.99886	0.213343	0.330087	16.6079	
0.99962	-0.000587543	-0.0275474	-0.000589183	0.999088	-0.0426888	0.0275474	0.0426888	0.998709	0.241087	0.373075	17.645	
0.999573	-0.000660718	-0.0292089	-0.000662673	0.998974	-0.0452749	0.0292089	0.0452749	0.998547	0.270555	0.418745	18.682	
0.999523	-0.000738401	-0.0308744	-0.000740708	0.998853	-0.0478685	0.0308743	0.0478685	0.998376	0.30175	0.467105	19.7188	
0.99947	-0.000820623	-0.0325437	-0.000823323	0.998725	-0.0504694	0.0325437	0.0504694	0.998195	0.334676	0.518161	20.7554	
0.999414	-0.000907414	-0.0342169	-0.000910549	0.99859	-0.0530775	0.0342168	0.0530776	0.998004	0.369337	0.571922	21.7918	
0.999355	-0.000998802	-0.0358938	-0.00100242	0.998447	-0.0556928	0.0358937	0.0556928	0.997803	0.405738	0.628395	22.828	
0.999293	-0.00109482	-0.0375743	-0.00109896	0.998298	-0.0583149	0.0375742	0.058315	0.997591	0.443882	0.687587	23.864	
0.999228	-0.00119549	-0.0392583	-0.00120021	0.99814	-0.0609439	0.0392582	0.060944	0.997369	0.483773	0.749505	24.8998	
0.999161	-0.00130084	-0.0409458	-0.0013062	0.997976	-0.0635796	0.0409456	0.0635797	0.997136	0.525414	0.814157	25.9353	
0.99909	-0.00141091	-0.0426366	-0.00141695	0.997804	-0.0662218	0.0426364	0.0662219	0.996894	0.568809	0.881549	26.9706	
0.999016	-0.00152571	-0.0443306	-0.00153249	0.997624	-0.0688703	0.0443304	0.0688705	0.99664	0.613962	0.951688	28.0056	
0.998939	-0.00164526	-0.0460279	-0.00165286	0.997437	-0.0715252	0.0460276	0.0715254	0.996376	0.660875	1.02458	29.0404	
0.998859	-0.00176961	-0.0477281	-0.00177807	0.997243	-0.0741862	0.0477278	0.0741864	0.996102	0.709552	1.10023	30.0748	
0.998776	-0.00189876	-0.0494314	-0.00190815	0.997041	-0.0768531	0.0494311	0.0768533	0.995816	0.759996	1.17865	31.109	
0.99869	-0.00203275	-0.0511376	-0.00204314	0.996831	-0.0795259	0.0511372	0.0795262	0.99552	0.81221	1.25984	32.1429	
0.9986	-0.00217158	-0.0528465	-0.00218305	0.996613	-0.0822044	0.0528461	0.0822047	0.995213	0.866198	1.34381	33.1765	
0.998508	-0.0023153	-0.0545582	-0.0023279	0.996388	-0.0848885	0.0545577	0.0848889	0.994896	0.921961	1.43057	34.2097	
0.998412	-0.00246391	-0.0562725	-0.00247773	0.996155	-0.087578	0.0562719	0.0875784	0.994567	0.979503	1.52011	35.2427	
0.998314	-0.00261744	-0.0579893	-0.00263255	0.995914	-0.0902728	0.0579886	0.0902733	0.994227	1.03883	1.61245	36.2752	
0.998212	-0.0027759	-0.0597085	-0.00279239	0.995665	-0.0929728	0.0597077	0.0929733	0.993877	1.09993	1.70759	37.3074	
0.998107	-0.00293932	-0.0614301	-0.00295727	0.995408	-0.0956778	0.0614292	0.0956784	0.993515	1.16283	1.80554	38.3393	
0.997999	-0.00310771	-0.0631539	-0.0031272	0.995143	-0.0983877	0.0631529	0.0983883	0.993142	1.22751	1.90629	39.3707	
0.997888	-0.00328109	-0.0648799	-0.00330222	0.994871	-0.101102	0.0648788	0.101103	0.992758	1.29398	2.00987	40.4018	
0.997773	-0.00345948	-0.0666079	-0.00348232	0.99459	-0.103821	0.0666067	0.103822	0.992363	1.36225	2.11626	41.4325	
0.997656	-0.00364289	-0.0683379	-0.00366755	0.994301	-0.106545	0.0683366	0.106546	0.991957	1.43231	2.22548	42.4627	
0.997535	-0.00383133	-0.0700698	-0.0038579	0.994004	-0.109273	0.0700684	0.109274	0.991539	1.50417	2.33754	43.4925	
0.997411	-0.00402483	-0.0718035	-0.00405341	0.993699	-0.112005	0.0718019	0.112006	0.99111	1.57783	2.45242	44.5219	
0.997283	-0.00422339	-0.0735389	-0.00425407	0.993386	-0.114742	0.0735372	0.114743	0.99067	1.65328	2.57015	45.5508	
0.997153	-0.00442702	-0.0752759	-0.00445992	0.993065	-0.117482	0.075274	0.117483	0.990218	1.73055	2.69072	46.5793	
0.997019	-0.00463575	-0.0770145	-0.00467096	0.992736	-0.120226	0.0770124	0.120227	0.989755	1.80961	2.81414	47.6073	
0.996882	-0.00484957	-0.0787544	-0.00488721	0.992398	-0.122973	0.0787521	0.122975	0.98928	1.89048	2.94041	48.6348	
0.996742	-0.0050685	-0.0804957	-0.00510869	0.992052	-0.125724	0.0804932	0.125726	0.988794	1.97316	3.06953	49.6618	
0.996599	-0.00529255	-0.0822383	-0.00533539	0.991698	-0.128478	0.0822355	0.12848	0.988297	2.05765	3.20151	50.6883	
0.996452	-0.00552173	-0.083982	-0.00556734	0.991336	-0.131236	0.083979	0.131238	0.987787	2.14395	3.33635	51.7142	
0.996302	-0.00575604	-0.0857268	-0.00580454	0.990965	-0.133997	0.0857235	0.133999	0.987267	2.23206	3.47406	52.7397	
0.996149	-0.0059955	-0.0874726	-0.006047	0.990586	-0.13676	0.087469	0.136763	0.986735	2.32198	3.61464	53.7645	
0.995992	-0.0062401	-0.0892192	-0.00629474	0.990198	-0.139527	0.0892154	0.139529	0.986191	2.41371	3.75809	54.7889	
0.995833	-0.00648986	-0.0909667	-0.00654776	0.989803	-0.142296	0.0909625	0.142298	0.985635	2.50726	3.90441	55.8126	
0.99567	-0.00674478	-0.0927149	-0.00680607	0.989398	-0.145067	0.0927104	0.14507	0.985068	2.60262	4.05361	56.8358	
0.995504	-0.00700486	-0.0944636	-0.00706968	0.988986	-0.147841	0.0944588	0.147844	0.98449	2.6998	4.20569	57.8584	
0.995334	-0.00727011	-0.096213	-0.00733858	0.988565	-0.150617	0.0962078	0.15062	0.983899	2.79879	4.36065	58.8804	
0.995162	-0.00754053	-0.0979627	-0.0076128	0.988136	-0.153395	0.0979572	0.153399	0.983297	2.8996	4.5185	59.9017	
0.994986	-0.00781612	-0.0997129	-0.00789232	0.987698	-0.156175	0.0997069	0.156179	0.982683	3.00222	4.67923	60.9224	
0.994806	-0.00809688	-0.101463	-0.00817716	0.987252	-0.158957	0.101457	0.158962	0.982058	3.10667	4.84284	61.9425	
0.994624	-0.00838281	-0.103214	-0.00846731	0.986797	-0.161741	0.103207	0.161746	0.981421	3.21292	5.00935	62.9619	
0.994438	-0.00867391	-0.104965	-0.00876279	0.986334	-0.164526	0.104957	0.164531	0.980772	3.321	5.17875	63.9807	
0.994249	-0.00897019	-0.106715	-0.00906358	0.985862	-0.167313	0.106707	0.167318	0.980111	3.4309	5.35105	64.9988	
0.994057	-0.00927163	-0.108466	-0.00936969	0.985382	-0.170101	0.108457	0.170106	0.979439	3.54261	5.52623	66.0161	
0.993861	-0.00957823	-0.110216	-0.00968113	0.984894	-0.17289	0.110207	0.172895	0.978755	3.65614	5.70432	67.0328	
0.993526	-0.0101069	-0.113153	-0.0104037	0.983754	-0.179218	0.113126	0.179235	0.977281	3.77209	5.88714	68.0484	
0.993182	-0.0106548	-0.116086	-0.0111454	0.982574	-0.18554	0.11604	0.185568	0.975756	3.89107	6.07655	69.0624	
0.992829	-0.0112219	-0.119016	-0.0119063	0.981351	-0.191853	0.118949	0.191895	0.97418	4.01308	6.27252	70.0748	
0.992467	-0.0118081	-0.121941	-0.0126863	0.980088	-0.198159	0.121853	0.198213	0.972555	4.1381	6.47507	71.0855	
0.991428	-0.0135438	-0.129947	-0.0157819	0.974914	-0.22202	0.129694	0.222167	0.966344	4.26871	6.69334	72.0922	
0.990325	-0.0154768	-0.137898	-0.0190694	0.969153	-0.245719	0.137448	0.245972	0.959482	4.40741	6.9364	73.0922	
0.989159	-0.0176057	-0.145791	-0.0225466	0.962809	-0.269242	0.145109	0.269611	0.951974	4.55412	7.2041	74.0846	
0.987929	-0.019929	-0.153619	-0.0262112	0.955884	-0.292573	0.152672	0.293068	0.943823	4.70874	7.49626	75.069	
0.986638	-0.0224452	-0.161377	-0.0300607	0.948385	-0.315694	0.160133	0.316327	0.935037	4.87115	7.81267	76.0445	
0.985285	-0.0251527	-0.16906	-0.0340925	0.940315	-0.338592	0.167486	0.339373	0.925621	5.04126	8.15312	77.0106	
0.983872	-0.0280495	-0.176662	-0.0383038	0.931682	-0.361251	0.174726	0.362191	0.915581	5.21894	8.51739	77.9666	
0.9824	-0.0311337	-0.184179	-0.0426919	0.922489	-0.383654	0.181848	0.384765	0.904924	5.40408	8.90522	78.9118	
0.980869	-0.0344032	-0.191605	-0.0472538	0.912745	-0.405788	0.188847	0.407079	0.893657	5.59656	9.31637	79.8457	
0.979281	-0.037856	-0.198936	-0.0519864	0.902454	-0.427637	0.19572	0.429119	0.881788	5.79623	9.75054	80.7676	
0.977637	-0.0414895	-0.206167	-0.0568865	0.891625	-0.449187	0.20246	0.45087	0.869325	6.00297	10.2074	81.6768	
0.975938	-0.0453014	-0.213292	-0.0619509	0.880264	-0.470423	0.209064	0.472317	0.856276	6.21665	10.6868	82.5727	
0.974185	-0.0492891	-0.220307	-0.067176	0.868379	-0.49133	0.215527	0.493446	0.84265	6.4371	11.1882	83.4549	
0.972379	-0.0534499	-0.227207	-0.0725584	0.855978	-0.511895	0.221845	0.514242	0.828456	6.6642	11.7114	84.3225	
0.970521	-0.057781	-0.233987	-0.0780945	0.84307	-0.532104	0.228013	0.534692	0.813704	6.89777	12.2561	85.1752	
0.968613	-0.0622795	-0.240644	-0.0837805	0.829662	-0.551943	0.234028	0.554781	0.798404	7.13767	12.8217	86.0122	
0.966657	-0.0669423	-0.247172	-0.0896126	0.815765	-0.571399	0.239885	0.574497	0.782566	7.38374	13.4081	86.8331	
0.964652	-0.0717664	-0.253567	-0.0955869	0.801387	-0.590459	0.24558	0.593825	0.7662	7.6358	14.0147	87.6372	
0.962601	-0.0767484	-0.259824	-0.101699	0.786539	-0.609109	0.25111	0.612753	0.749318	7.89369	14.6412	88.4241	
0.960505	-0.0818851	-0.265941	-0.107946	0.771229	-0.627338	0.256471	0.631269	0.731931	8.15724	15.2871	89.1932	
0.958366	-0.0871728	-0.271911	-0.114322	0.75547	-0.645133	0.261659	0.649359	0.714051	8.42626	15.952	89.944	
0.956184	-0.0926082	-0.277732	-0.120824	0.73927	-0.662481	0.26667	0.667011	0.695689	8.70058	16.6355	90.676	
0.953962	-0.0981875	-0.283399	-0.127447	0.722641	-0.679372	0.271502	0.684214	0.676859	8.98001	17.3371	91.3886	
0.951701	-0.103907	-0.288909	-0.134186	0.705595	-0.695794	0.276151	0.700956	0.657573	9.26437	18.0563	92.0815	
0.949402	-0.109763	-0.294258	-0.141038	0.688143	-0.711736	0.280614	0.717225	0.637843	9.55345	18.7927	92.7541	
0.947067	-0.115751	-0.299442	-0.147997	0.670295	-0.727187	0.284887	0.733011	0.617684	9.84707	19.5457	93.406	
0.944698	-0.121867	-0.304458	-0.155059	0.652066	-0.742136	0.288969	0.748304	0.597109	10.145	20.3148	94.0367	
0.942295	-0.128108	-0.309303	-0.162219	0.633466	-0.756575	0.292856	0.763092	0.576131	10.4471	21.0995	94.6459	
0.939862	-0.134468	-0.313972	-0.169473	0.614509	-0.770492	0.296546	0.777365	0.554765	10.7532	21.8994	95.2331	
0.937398	-0.140945	-0.318464	-0.176814	0.595207	-0.783879	0.300035	0.791115	0.533025	11.0629	22.7138	95.7979	
