1	0	0	0	1	0	0	0	1	0	0	0	
1	5.8653e-07	0.000526225	5.8653e-07	0.999998	-0.00222919	-0.000526225	0.00222919	0.999997	-0.000203447	0.000861842	0.773232	
0.999999	2.3529e-06	0.00105393	2.35325e-06	0.99999	-0.00446532	-0.00105393	0.00446532	0.999989	-0.00081436	0.00345005	1.54646	
0.999999	5.30929e-06	0.00158309	5.31071e-06	0.999977	-0.00670831	-0.00158309	0.00670831	0.999976	-0.00183388	0.00776996	2.31968	
0.999998	9.46579e-06	0.0021137	9.46934e-06	0.99996	-0.00895809	-0.0021137	0.00895809	0.999958	-0.00326312	0.0138268	3.09289	
0.999996	1.48324e-05	0.00264574	1.48395e-05	0.999937	-0.0112146	-0.00264574	0.0112146	0.999934	-0.00510319	0.0216259	3.86608	
0.999995	2.14189e-05	0.00317918	2.14314e-05	0.999909	-0.0134778	-0.00317918	0.0134778	0.999904	-0.0073552	0.0311724	4.63925	
0.999993	2.92352e-05	0.00371402	2.92553e-05	0.999876	-0.0157475	-0.00371402	0.0157475	0.999869	-0.0100202	0.0424714	5.41239	
0.999991	3.8291e-05	0.00425023	3.83211e-05	0.999838	-0.0180238	-0.00425023	0.0180238	0.999829	-0.0130993	0.055528	6.18551	
0.999989	4.85957e-05	0.00478781	4.86389e-05	0.999794	-0.0203066	-0.00478781	0.0203066	0.999782	-0.0165936	0.0703471	6.95859	
0.999986	6.01588e-05	0.00532672	6.02185e-05	0.999745	-0.0225957	-0.00532672	0.0225957	0.99973	-0.020504	0.0869339	7.73163	
0.999983	7.29898e-05	0.00586696	7.30696e-05	0.99969	-0.0248912	-0.00586696	0.0248912	0.999673	-0.0248317	0.105293	8.50464	
0.999979	8.70978e-05	0.00640851	8.72018e-05	0.99963	-0.0271929	-0.00640851	0.0271929	0.99961	-0.0295776	0.12543	9.27759	
0.999976	0.000102492	0.00695135	0.000102625	0.999565	-0.0295007	-0.00695134	0.0295007	0.999541	-0.0347427	0.147348	10.0505	
0.999972	0.000119182	0.00749546	0.000119348	0.999494	-0.0318147	-0.00749545	0.0318147	0.999466	-0.0403281	0.171054	10.8233	
0.999968	0.000137175	0.00804082	0.000137381	0.999417	-0.0341347	-0.00804082	0.0341347	0.999385	-0.0463347	0.196551	11.5961	
0.999963	0.000156482	0.00858743	0.000156732	0.999335	-0.0364607	-0.00858742	0.0364607	0.999298	-0.0527634	0.223844	12.3689	
0.999958	0.00017711	0.00913525	0.000177411	0.999247	-0.0387926	-0.00913525	0.0387926	0.999206	-0.0596153	0.252938	13.1415	
0.999953	0.000199069	0.00968429	0.000199427	0.999154	-0.0411303	-0.00968428	0.0411303	0.999107	-0.0668912	0.283838	13.9141	
0.999948	0.000222366	0.0102345	0.000222789	0.999055	-0.0434738	-0.0102345	0.0434738	0.999002	-0.0745922	0.316547	14.6866	
0.999942	0.000247011	0.0107859	0.000247505	0.99895	-0.045823	-0.0107859	0.045823	0.998891	-0.082719	0.351071	15.459	
0.999936	0.000273011	0.0113384	0.000273585	0.998839	-0.0481778	-0.0113384	0.0481778	0.998774	-0.0912726	0.387413	16.2313	
0.999929	0.000300374	0.0118921	0.000301036	0.998722	-0.0505381	-0.0118921	0.0505381	0.998651	-0.100254	0.425578	17.0036	
0.999922	0.000329109	0.0124469	0.000329867	0.9986	-0.0529039	-0.0124469	0.052904	0.998522	-0.109664	0.465571	17.7757	
0.999915	0.000359224	0.0130028	0.000360088	0.998471	-0.0552752	-0.0130028	0.0552752	0.998386	-0.119503	0.507395	18.5478	
0.999908	0.000390726	0.0135598	0.000391705	0.998337	-0.0576517	-0.0135597	0.0576518	0.998245	-0.129772	0.551054	19.3197	
0.9999	0.000423623	0.0141178	0.000424727	0.998196	-0.0600336	-0.0141178	0.0600336	0.998097	-0.140473	0.596553	20.0915	
0.999892	0.000457922	0.0146769	0.000459162	0.99805	-0.0624206	-0.0146769	0.0624206	0.997942	-0.151606	0.643896	20.8632	
0.999884	0.000493631	0.015237	0.000495018	0.997897	-0.0648128	-0.015237	0.0648128	0.997781	-0.163171	0.693086	21.6348	
0.999875	0.000530758	0.0157982	0.000532302	0.997739	-0.06721	-0.0157981	0.06721	0.997614	-0.175169	0.744129	22.4062	
0.999866	0.00056931	0.0163603	0.000571023	0.997574	-0.0696122	-0.0163602	0.0696122	0.99744	-0.187602	0.797026	23.1776	
0.999857	0.000609293	0.0169234	0.000611188	0.997403	-0.0720193	-0.0169233	0.0720193	0.99726	-0.20047	0.851783	23.9487	
0.999847	0.000650715	0.0174875	0.000652805	0.997226	-0.0744312	-0.0174874	0.0744312	0.997073	-0.213774	0.908403	24.7198	
0.999837	0.000693582	0.0180525	0.00069588	0.997043	-0.0768479	-0.0180524	0.076848	0.996879	-0.227514	0.96689	25.4907	
0.999826	0.000737902	0.0186184	0.000740421	0.996853	-0.0792693	-0.0186183	0.0792694	0.996679	-0.241692	1.02725	26.2614	
0.999816	0.00078368	0.0191853	0.000786435	0.996657	-0.0816954	-0.0191852	0.0816954	0.996473	-0.256307	1.08948	27.032	
0.999805	0.000830924	0.019753	0.000833929	0.996455	-0.084126	-0.0197529	0.084126	0.996259	-0.271361	1.15359	27.8024	
0.999793	0.00087964	0.0203217	0.000882909	0.996246	-0.0865611	-0.0203215	0.0865611	0.996039	-0.286855	1.21958	28.5727	
0.999781	0.000929833	0.0208911	0.000933384	0.996031	-0.0890005	-0.020891	0.0890006	0.995812	-0.302788	1.28745	29.3428	
0.999769	0.000981511	0.0214615	0.000985358	0.99581	-0.0914444	-0.0214613	0.0914444	0.995579	-0.319162	1.35722	30.1127	
0.999757	0.00103468	0.0220326	0.00103884	0.995582	-0.0938925	-0.0220324	0.0938925	0.995339	-0.335978	1.42887	30.8824	
0.999744	0.00108934	0.0226045	0.00109383	0.995347	-0.0963447	-0.0226043	0.0963448	0.995091	-0.353235	1.50242	31.6519	
0.999731	0.00114551	0.0231773	0.00115035	0.995107	-0.0988012	-0.023177	0.0988012	0.994837	-0.370935	1.57787	32.4213	
0.999717	0.00120318	0.0237508	0.00120839	0.994859	-0.101262	-0.0237505	0.101262	0.994576	-0.389078	1.65521	33.1904	
0.999703	0.00126237	0.024325	0.00126796	0.994605	-0.103726	-0.0243247	0.103726	0.994308	-0.407664	1.73447	33.9593	
0.999689	0.00132308	0.0249	0.00132906	0.994344	-0.106194	-0.0248997	0.106194	0.994034	-0.426695	1.81563	34.7281	
0.999674	0.00138531	0.0254757	0.00139171	0.994077	-0.108667	-0.0254754	0.108667	0.993752	-0.446171	1.89869	35.4966	
0.99966	0.00144906	0.0260522	0.00145591	0.993803	-0.111143	-0.0260518	0.111143	0.993463	-0.466093	1.98368	36.2649	
0.999644	0.00151436	0.0266293	0.00152167	0.993523	-0.113622	-0.0266288	0.113622	0.993167	-0.48646	2.07057	37.0329	
0.999629	0.00158119	0.027207	0.00158898	0.993236	-0.116105	-0.0272066	0.116106	0.992864	-0.507273	2.15939	37.8008	
0.999613	0.00164956	0.0277854	0.00165786	0.992942	-0.118592	-0.0277849	0.118592	0.992554	-0.528534	2.25013	38.5684	
0.999596	0.00171948	0.0283645	0.00172831	0.992641	-0.121082	-0.0283639	0.121083	0.992237	-0.550242	2.34279	39.3357	
0.999579	0.00179096	0.0289441	0.00180033	0.992333	-0.123576	-0.0289436	0.123576	0.991913	-0.572398	2.43738	40.1028	
0.999562	0.00186399	0.0295244	0.00187394	0.992019	-0.126073	-0.0295238	0.126073	0.991581	-0.595003	2.5339	40.8697	
0.999544	0.00194122	0.030119	0.0020339	0.991329	-0.131391	-0.0301129	0.131392	0.990873	-0.618059	2.63344	41.6361	
0.999526	0.00202194	0.0307155	0.00219715	0.990609	-0.136708	-0.0307034	0.136711	0.990135	-0.641572	2.73709	42.402	
0.999507	0.00210618	0.0313137	0.00236369	0.98986	-0.142026	-0.0312953	0.14203	0.989368	-0.665541	2.84486	43.1673	
0.999488	0.00219395	0.0319136	0.00253354	0.989082	-0.147343	-0.0318884	0.147348	0.988571	-0.689969	2.95674	43.932	
0.999469	0.00228526	0.0325151	0.00270669	0.988275	-0.152659	-0.0324827	0.152666	0.987744	-0.714856	3.07273	44.6961	
0.999449	0.00238012	0.0331181	0.00288316	0.987439	-0.157974	-0.0330781	0.157982	0.986888	-0.740203	3.19283	45.4595	
0.999428	0.00247856	0.0337226	0.00306295	0.986574	-0.163288	-0.0336745	0.163298	0.986002	-0.766011	3.31704	46.2223	
0.999407	0.00258057	0.0343284	0.00324607	0.985679	-0.1686	-0.0342719	0.168611	0.985087	-0.79228	3.44536	46.9843	
0.999386	0.00268617	0.0349355	0.00343253	0.984756	-0.17391	-0.0348701	0.173923	0.984142	-0.819012	3.57779	47.7457	
0.999364	0.00279537	0.0355438	0.00362232	0.983803	-0.179219	-0.035469	0.179233	0.983167	-0.846206	3.71433	48.5063	
0.999342	0.00290817	0.0361532	0.00381546	0.98282	-0.184525	-0.0360687	0.184541	0.982163	-0.873864	3.85497	49.2661	
0.999319	0.00302458	0.0367637	0.00401194	0.981809	-0.189828	-0.036669	0.189846	0.981129	-0.901985	3.99971	50.0251	
0.999296	0.0031446	0.0373751	0.00421177	0.980769	-0.195128	-0.0372699	0.195149	0.980065	-0.930572	4.14856	50.7834	
0.999273	0.00326825	0.0379874	0.00441496	0.979699	-0.200426	-0.0378712	0.200448	0.978972	-0.959622	4.3015	51.5408	
0.999249	0.00339552	0.0386005	0.00462149	0.9786	-0.20572	-0.038473	0.205743	0.977849	-0.989138	4.45854	52.2973	
0.999225	0.00352641	0.0392144	0.00483138	0.977472	-0.21101	-0.039075	0.211036	0.976697	-1.01912	4.61968	53.053	
0.9992	0.00366093	0.0398289	0.00504463	0.976315	-0.216296	-0.0396773	0.216324	0.975515	-1.04957	4.7849	53.8077	
0.999175	0.00379908	0.0404439	0.00526123	0.975129	-0.221578	-0.0402798	0.221608	0.974304	-1.08048	4.95421	54.5616	
0.999149	0.00394085	0.0410595	0.00548118	0.973913	-0.226855	-0.0408824	0.226887	0.973063	-1.11186	5.12761	55.3144	
0.999123	0.00408624	0.0416755	0.00570449	0.972669	-0.232128	-0.041485	0.232162	0.971792	-1.1437	5.30509	56.0664	
0.999096	0.00423525	0.0422918	0.00593115	0.971395	-0.237396	-0.0420875	0.237432	0.970492	-1.17601	5.48664	56.8173	
0.999069	0.00438788	0.0429084	0.00616115	0.970092	-0.242658	-0.0426898	0.242697	0.969162	-1.20879	5.67227	57.5672	
0.999042	0.00454411	0.0435252	0.0063945	0.968761	-0.247915	-0.043292	0.247956	0.967804	-1.24203	5.86196	58.316	
0.999014	0.00470395	0.044142	0.0066312	0.9674	-0.253166	-0.0438939	0.253209	0.966415	-1.27574	6.05572	59.0638	
0.998986	0.00486738	0.044759	0.00687123	0.966011	-0.258411	-0.0444954	0.258456	0.964998	-1.30991	6.25354	59.8106	
0.998957	0.0050344	0.0453758	0.00711459	0.964592	-0.26365	-0.0450965	0.263698	0.963551	-1.34455	6.45541	60.5562	
0.998928	0.00520499	0.0459926	0.00736129	0.963145	-0.268882	-0.045697	0.268932	0.962074	-1.37965	6.66134	61.3007	
0.998899	0.00537915	0.0466091	0.0076113	0.961669	-0.274107	-0.046297	0.27416	0.960569	-1.41522	6.8713	62.044	
0.998869	0.00555686	0.0472254	0.00786463	0.960164	-0.279325	-0.0468963	0.27938	0.959035	-1.45125	7.08531	62.7861	
0.998838	0.00573811	0.0478413	0.00812127	0.958631	-0.284536	-0.0474949	0.284594	0.957471	-1.48774	7.30335	63.5271	
0.998808	0.00592289	0.0484568	0.00838121	0.957069	-0.289739	-0.0480926	0.289799	0.955878	-1.5247	7.52542	64.2668	
0.998777	0.00611118	0.0490719	0.00864444	0.955479	-0.294934	-0.0486895	0.294997	0.954257	-1.56212	7.75152	65.0053	
0.998745	0.00630297	0.0496863	0.00891095	0.953859	-0.300121	-0.0492854	0.300187	0.952606	-1.59999	7.98163	65.7425	
0.998713	0.00649823	0.0503001	0.00918074	0.952212	-0.3053	-0.0498803	0.305369	0.950927	-1.63833	8.21574	66.4785	
0.998681	0.00669695	0.0509132	0.00945379	0.950536	-0.31047	-0.050474	0.310542	0.949219	-1.67713	8.45387	67.2131	
0.998648	0.00689911	0.0515255	0.00973009	0.948832	-0.315631	-0.0510666	0.315706	0.947482	-1.71639	8.69598	67.9464	
0.998615	0.00710469	0.0521369	0.0100096	0.9471	-0.320783	-0.0516579	0.320861	0.945717	-1.7561	8.94209	68.6783	
0.998581	0.00731367	0.0527474	0.0102924	0.945339	-0.325926	-0.0522479	0.326006	0.943923	-1.79628	9.19218	69.4089	
0.998547	0.00752603	0.0533568	0.0105784	0.943551	-0.331059	-0.0528364	0.331142	0.9421	-1.8369	9.44625	70.1381	
0.998513	0.00774174	0.0539652	0.0108676	0.941734	-0.336182	-0.0534235	0.336268	0.94025	-1.87799	9.70428	70.8658	
0.998497	0.00784472	0.0542446	0.011901	0.935059	-0.354291	-0.0535012	0.354404	0.933561	-1.91933	9.97131	71.5903	
0.998481	0.00795308	0.0545219	0.0129357	0.928035	-0.372268	-0.0535589	0.372408	0.926522	-1.96072	10.2523	72.3095	
0.998465	0.0080668	0.0547971	0.0139713	0.920664	-0.390106	-0.0535966	0.390272	0.919138	-2.00215	10.5472	73.023	
0.998449	0.00818582	0.05507	0.0150074	0.912949	-0.407797	-0.0536143	0.407991	0.91141	-2.0436	10.8558	73.7308	
0.998433	0.0083101	0.0553406	0.0160437	0.904893	-0.425336	-0.0536119	0.425557	0.903342	-2.08506	11.1781	74.4324	
0.998417	0.0084396	0.0556087	0.0170798	0.8965	-0.442715	-0.0535896	0.442964	0.894936	-2.1265	11.5139	75.1277	
