1	0	0	0	1	0	0	0	1	0	0	0	
0.999998	2.78477e-06	-0.00190446	2.78477e-06	0.999996	0.00292446	0.00190446	-0.00292446	0.999994	0.000716098	-0.00109963	0.752019	
0.999993	1.11539e-05	-0.00381208	1.11466e-05	0.999983	0.00584989	0.00381208	-0.00584989	0.999976	0.00286558	-0.00439888	1.50403	
0.999984	2.51278e-05	-0.00572281	2.50983e-05	0.999961	0.00877623	0.00572281	-0.00877623	0.999945	0.00645079	-0.00989845	2.25602	
0.999971	4.47262e-05	-0.00763661	4.46524e-05	0.999932	0.0117034	0.00763661	-0.0117034	0.999902	0.0114741	-0.017599	3.00798	
0.999954	6.99689e-05	-0.00955343	6.98212e-05	0.999893	0.0146313	0.00955344	-0.0146313	0.999847	0.0179377	-0.0275011	3.75991	
0.999934	0.000100875	-0.0114733	0.000100617	0.999846	0.01756	0.0114733	-0.01756	0.99978	0.025844	-0.0396054	4.51179	
0.99991	0.000137465	-0.013396	0.00013705	0.99979	0.0204892	0.013396	-0.0204892	0.9997	0.0351951	-0.0539123	5.26362	
0.999883	0.000179756	-0.0153217	0.000179134	0.999726	0.023419	0.0153217	-0.023419	0.999608	0.0459932	-0.0704223	6.01538	
0.999851	0.000227767	-0.0172502	0.000226878	0.999653	0.0263494	0.0172502	-0.0263494	0.999504	0.0582406	-0.0891357	6.76706	
0.999816	0.000281517	-0.0191816	0.000280294	0.999571	0.0292801	0.0191816	-0.0292801	0.999387	0.0719393	-0.110053	7.51867	
0.999777	0.000341023	-0.0211157	0.000339391	0.999481	0.0322112	0.0211157	-0.0322112	0.999258	0.0870916	-0.133174	8.27018	
0.999734	0.000406303	-0.0230526	0.000404181	0.999382	0.0351426	0.0230526	-0.0351425	0.999116	0.103699	-0.1585	9.02159	
0.999688	0.000477376	-0.0249921	0.000474672	0.999275	0.0380742	0.0249922	-0.0380741	0.998962	0.121765	-0.18603	9.77289	
0.999637	0.000554257	-0.0269343	0.000550876	0.999159	0.0410059	0.0269344	-0.0410059	0.998796	0.14129	-0.215765	10.5241	
0.999583	0.000636963	-0.0288791	0.0006328	0.999034	0.0439377	0.0288792	-0.0439377	0.998617	0.162276	-0.247705	11.2751	
0.999524	0.000725512	-0.0308265	0.000720454	0.998901	0.0468696	0.0308266	-0.0468695	0.998425	0.184726	-0.281849	12.026	
0.999462	0.00081992	-0.0327764	0.000813846	0.998759	0.0498014	0.0327766	-0.0498013	0.998221	0.208642	-0.318198	12.7768	
0.999396	0.000920202	-0.0347288	0.000912985	0.998608	0.0527331	0.034729	-0.0527329	0.998005	0.234024	-0.356752	13.5274	
0.999326	0.00102637	-0.0366836	0.00101788	0.998449	0.0556645	0.0366838	-0.0556644	0.997775	0.260876	-0.397511	14.2778	
0.999253	0.00113845	-0.0386408	0.00112854	0.998281	0.0585958	0.0386411	-0.0585956	0.997534	0.289199	-0.440474	15.0281	
0.999175	0.00125645	-0.0406004	0.00124496	0.998105	0.0615267	0.0406007	-0.0615264	0.997279	0.318995	-0.485641	15.7781	
0.999093	0.00138039	-0.0425622	0.00136717	0.99792	0.0644572	0.0425627	-0.0644569	0.997012	0.350265	-0.533012	16.528	
0.999007	0.00151027	-0.0445263	0.00149516	0.997726	0.0673873	0.0445269	-0.0673869	0.996733	0.383012	-0.582587	17.2777	
0.998917	0.00164612	-0.0464927	0.00162894	0.997523	0.0703168	0.0464933	-0.0703164	0.996441	0.417236	-0.634365	18.0271	
0.998823	0.00178795	-0.0484612	0.00176851	0.997312	0.0732457	0.0484619	-0.0732453	0.996136	0.452941	-0.688345	18.7764	
0.998726	0.00193577	-0.0504318	0.0019139	0.997093	0.076174	0.0504327	-0.0761735	0.995818	0.490126	-0.744528	19.5254	
0.998624	0.00208959	-0.0524046	0.00206509	0.996864	0.0791016	0.0524055	-0.079101	0.995488	0.528794	-0.802913	20.2741	
0.998518	0.00224944	-0.0543793	0.00222209	0.996628	0.0820284	0.0543805	-0.0820276	0.995145	0.568947	-0.863499	21.0226	
0.998408	0.00241532	-0.0563561	0.00238491	0.996382	0.0849543	0.0563574	-0.0849534	0.99479	0.610586	-0.926286	21.7709	
0.998294	0.00258724	-0.0583348	0.00255356	0.996128	0.0878793	0.0583363	-0.0878783	0.994422	0.653712	-0.991272	22.5188	
0.998176	0.00276521	-0.0603155	0.00272804	0.995865	0.0908033	0.0603172	-0.0908022	0.994041	0.698327	-1.05846	23.2665	
0.998053	0.00294926	-0.062298	0.00290835	0.995594	0.0937262	0.0622999	-0.093725	0.993647	0.744432	-1.12784	24.0139	
0.997927	0.00313938	-0.0642823	0.0030945	0.995314	0.0966481	0.0642845	-0.0966466	0.993241	0.792029	-1.19942	24.761	
0.997796	0.0033356	-0.0662684	0.00328649	0.995025	0.0995687	0.0662708	-0.0995671	0.992822	0.841119	-1.2732	25.5078	
0.997662	0.00353792	-0.0682562	0.00348433	0.994728	0.102488	0.068259	-0.102486	0.99239	0.891704	-1.34918	26.2542	
0.997523	0.00374635	-0.0702457	0.00368801	0.994422	0.105406	0.0702488	-0.105404	0.991945	0.943784	-1.42735	27.0004	
0.99738	0.00396091	-0.0722369	0.00389754	0.994108	0.108323	0.0722403	-0.108321	0.991488	0.997361	-1.50771	27.7461	
0.997232	0.0041816	-0.0742296	0.00411293	0.993785	0.111238	0.0742335	-0.111235	0.991018	1.05244	-1.59026	28.4916	
0.997081	0.00440843	-0.0762239	0.00433417	0.993454	0.114152	0.0762282	-0.114149	0.990535	1.10901	-1.67501	29.2367	
0.996925	0.00464142	-0.0782197	0.00456127	0.993114	0.117064	0.0782244	-0.117061	0.990039	1.16709	-1.76195	29.9814	
0.996765	0.00488057	-0.080217	0.00479423	0.992765	0.119974	0.0802222	-0.119971	0.989531	1.22667	-1.85107	30.7257	
0.996601	0.00512589	-0.0822157	0.00503305	0.992408	0.122883	0.0822214	-0.122879	0.98901	1.28775	-1.94239	31.4697	
0.996433	0.0053774	-0.0842157	0.00527773	0.992043	0.12579	0.084222	-0.125786	0.988476	1.35033	-2.03589	32.2132	
0.99626	0.00563509	-0.0862171	0.00552827	0.991669	0.128695	0.086224	-0.128691	0.987929	1.41442	-2.13157	32.9564	
0.996084	0.00589898	-0.0882198	0.00578467	0.991286	0.131599	0.0882273	-0.131594	0.98737	1.48002	-2.22944	33.6991	
0.995902	0.00616907	-0.0902236	0.00604694	0.990895	0.1345	0.0902319	-0.134494	0.986798	1.54712	-2.3295	34.4414	
0.995717	0.00644538	-0.0922287	0.00631508	0.990496	0.137399	0.0922377	-0.137393	0.986213	1.61573	-2.43173	35.1833	
0.995527	0.0067279	-0.0942349	0.00658907	0.990088	0.140296	0.0942447	-0.14029	0.985615	1.68585	-2.53614	35.9247	
0.995333	0.00701666	-0.0962423	0.00686893	0.989671	0.143191	0.0962529	-0.143184	0.985004	1.75748	-2.64273	36.6657	
0.995135	0.00731164	-0.0982506	0.00715465	0.989246	0.146084	0.0982622	-0.146076	0.984381	1.83062	-2.75149	37.4062	
0.994932	0.00761287	-0.10026	0.00744622	0.988813	0.148975	0.100273	-0.148966	0.983745	1.90527	-2.86243	38.1463	
0.994725	0.00792034	-0.10227	0.00774366	0.988371	0.151863	0.102284	-0.151854	0.983096	1.98143	-2.97555	38.8858	
0.994399	0.00839761	-0.105356	0.00778486	0.988311	0.152253	0.105403	-0.15222	0.98271	2.05952	-3.08988	39.625	
0.994062	0.0088776	-0.10845	0.00782761	0.98825	0.152645	0.108531	-0.152588	0.982313	2.13997	-3.20449	40.3638	
0.993714	0.00936027	-0.111553	0.00787194	0.988189	0.153041	0.111668	-0.152957	0.981903	2.22276	-3.31938	41.1024	
0.993356	0.00984559	-0.114664	0.00791787	0.988126	0.153439	0.114813	-0.153327	0.981483	2.30792	-3.43455	41.8407	
0.992986	0.0103336	-0.117783	0.00796541	0.988064	0.15384	0.117967	-0.153699	0.981051	2.39545	-3.54999	42.5786	
0.992604	0.0108241	-0.12091	0.00801458	0.988	0.154243	0.121129	-0.154071	0.980607	2.48535	-3.66571	43.3162	
0.992212	0.0113173	-0.124044	0.00806538	0.987937	0.154649	0.124298	-0.154445	0.980151	2.57763	-3.78172	44.0535	
0.991809	0.0118129	-0.127185	0.00811784	0.987872	0.155057	0.127475	-0.15482	0.979684	2.6723	-3.89801	44.7904	
0.991394	0.0123112	-0.130333	0.00817196	0.987807	0.155468	0.130658	-0.155195	0.979205	2.76936	-4.01458	45.5269	
0.990968	0.0128118	-0.133488	0.00822777	0.987742	0.155881	0.133849	-0.155571	0.978714	2.86882	-4.13143	46.2631	
0.99053	0.013315	-0.136649	0.00828526	0.987675	0.156296	0.137046	-0.155949	0.978212	2.97068	-4.24856	46.999	
0.990081	0.0138206	-0.139815	0.00834445	0.987609	0.156714	0.140249	-0.156326	0.977697	3.07495	-4.36598	47.7344	
0.989621	0.0143286	-0.142988	0.00840535	0.987542	0.157134	0.143458	-0.156705	0.977171	3.18162	-4.48368	48.4695	
0.989149	0.0148389	-0.146165	0.00846796	0.987474	0.157555	0.146672	-0.157083	0.976633	3.29072	-4.60167	49.2041	
0.988665	0.0153516	-0.149348	0.0085323	0.987406	0.157979	0.149892	-0.157463	0.976083	3.40223	-4.71994	49.9383	
0.988171	0.0158666	-0.152536	0.00859837	0.987337	0.158404	0.153118	-0.157842	0.975521	3.51616	-4.8385	50.6722	
0.987664	0.0163839	-0.155728	0.00866618	0.987268	0.158832	0.156347	-0.158222	0.974947	3.63252	-4.95735	51.4056	
0.987146	0.0169034	-0.158924	0.00873573	0.987198	0.159261	0.159582	-0.158602	0.974361	3.75132	-5.07647	52.1385	
0.986616	0.0174251	-0.162124	0.00880702	0.987128	0.159692	0.16282	-0.158982	0.973763	3.87254	-5.19589	52.871	
0.986075	0.0179489	-0.165328	0.00888006	0.987057	0.160124	0.166062	-0.159363	0.973153	3.99621	-5.31559	53.6031	
0.985522	0.0184749	-0.168535	0.00895484	0.986986	0.160558	0.169308	-0.159743	0.972531	4.12231	-5.43558	54.3347	
0.984958	0.0190031	-0.171746	0.00903138	0.986914	0.160993	0.172558	-0.160123	0.971897	4.25085	-5.55585	55.0658	
0.984382	0.0195332	-0.174959	0.00910966	0.986842	0.16143	0.17581	-0.160503	0.971252	4.38184	-5.67641	55.7965	
0.983794	0.0200654	-0.178174	0.00918969	0.98677	0.161868	0.179065	-0.160882	0.970594	4.51528	-5.79725	56.5266	
0.983195	0.0205996	-0.181392	0.00927147	0.986697	0.162307	0.182323	-0.161261	0.969924	4.65117	-5.91838	57.2563	
0.982584	0.0211358	-0.184612	0.00935498	0.986623	0.162747	0.185582	-0.16164	0.969243	4.7895	-6.0398	57.9854	
0.981962	0.0216738	-0.187834	0.00944024	0.98655	0.163188	0.188844	-0.162018	0.968549	4.93029	-6.16149	58.7141	
0.981328	0.0222137	-0.191056	0.00952722	0.986476	0.163631	0.192107	-0.162395	0.967844	5.07353	-6.28348	59.4422	
0.980682	0.0227555	-0.19428	0.00961593	0.986401	0.164074	0.195372	-0.162772	0.967127	5.21923	-6.40574	60.1697	
0.980025	0.0232991	-0.197505	0.00970636	0.986326	0.164517	0.198637	-0.163148	0.966398	5.36738	-6.52829	60.8968	
0.979356	0.0238444	-0.20073	0.0097985	0.986251	0.164962	0.201904	-0.163523	0.965658	5.51799	-6.65112	61.6232	
0.978676	0.0243915	-0.203956	0.00989233	0.986176	0.165407	0.205171	-0.163897	0.964906	5.67105	-6.77424	62.3491	
0.977985	0.0249402	-0.207181	0.00998785	0.9861	0.165852	0.208438	-0.16427	0.964142	5.82657	-6.89763	63.0745	
0.977282	0.0254905	-0.210406	0.0100851	0.986024	0.166298	0.211705	-0.164642	0.963366	5.98455	-7.02131	63.7992	
0.976567	0.0260425	-0.213631	0.0101839	0.985948	0.166744	0.214972	-0.165013	0.962579	6.14499	-7.14526	64.5234	
0.975841	0.026596	-0.216855	0.0102844	0.985871	0.167191	0.218238	-0.165382	0.96178	6.30788	-7.26949	65.247	
0.975104	0.027151	-0.220078	0.0103866	0.985794	0.167638	0.221503	-0.16575	0.96097	6.47322	-7.394	65.97	
0.974356	0.0277074	-0.223299	0.0104903	0.985717	0.168084	0.224767	-0.166116	0.960149	6.64103	-7.51879	66.6923	
0.973597	0.0282653	-0.226518	0.0105957	0.985639	0.168531	0.228029	-0.166481	0.959316	6.81128	-7.64385	67.4141	
0.972826	0.0288246	-0.229736	0.0107027	0.985562	0.168977	0.23129	-0.166844	0.958472	6.98399	-7.76918	68.1352	
0.972044	0.0293851	-0.232951	0.0108112	0.985484	0.169424	0.234548	-0.167206	0.957616	7.15915	-7.89479	68.8557	
0.971252	0.029947	-0.236164	0.0109212	0.985406	0.16987	0.237805	-0.167566	0.95675	7.33676	-8.02067	69.5755	
0.970448	0.0305101	-0.239375	0.0110328	0.985328	0.170315	0.241059	-0.167923	0.955873	7.51682	-8.14681	70.2946	
0.968346	0.0318769	-0.247567	0.0069278	0.987998	0.154313	0.249514	-0.151144	0.956503	7.70128	-8.26679	71.0137	
0.966173	0.0330997	-0.255763	0.00268202	0.990386	0.138303	0.257882	-0.134311	0.956796	7.89208	-8.37413	71.7332	
0.963928	0.034178	-0.26396	-0.00170303	0.992493	0.122291	0.266158	-0.11743	0.95675	8.08913	-8.46878	72.4527	
0.961613	0.0351116	-0.272155	-0.0062258	0.994316	0.106282	0.27434	-0.100508	0.956366	8.29236	-8.55073	73.1721	
