1	0	0	0	1	0	0	0	1	0	0	0	
0.999991	7.58608e-07	-0.00431957	7.58608e-07	1	0.000351241	0.00431957	-0.000351241	0.999991	0.00216633	-0.000176153	1.00303	
0.999963	3.03632e-06	-0.00864699	3.02898e-06	1	0.000701422	0.00864699	-0.000701422	0.999962	0.00866926	-0.00070408	2.00604	
0.999916	6.83396e-06	-0.0129821	6.80455e-06	0.999999	0.00105052	0.0129821	-0.00105052	0.999915	0.0195166	-0.00158271	3.00901	
0.99985	1.21521e-05	-0.0173246	1.20785e-05	0.999999	0.00139852	0.0173246	-0.00139851	0.999849	0.0347159	-0.00281094	4.01192	
0.999765	1.89912e-05	-0.0216745	1.88436e-05	0.999998	0.00174539	0.0216745	-0.00174538	0.999764	0.0542745	-0.00438765	5.01476	
0.999661	2.73512e-05	-0.0260314	2.70926e-05	0.999998	0.00209111	0.0260314	-0.00209111	0.999659	0.0781998	-0.00631172	6.0175	
0.999538	3.72322e-05	-0.0303952	3.68176e-05	0.999997	0.00243567	0.0303952	-0.00243567	0.999535	0.106499	-0.00858197	7.02013	
0.999395	4.86338e-05	-0.0347657	4.80109e-05	0.999996	0.00277905	0.0347657	-0.00277904	0.999392	0.139178	-0.0111972	8.02262	
0.999234	6.15555e-05	-0.0391428	6.06642e-05	0.999995	0.00312121	0.0391428	-0.0031212	0.999229	0.176244	-0.0141563	9.02496	
0.999052	7.59964e-05	-0.0435261	7.47689e-05	0.999994	0.00346215	0.0435261	-0.00346213	0.999046	0.217704	-0.0174579	10.0271	
0.998851	9.19557e-05	-0.0479156	9.03164e-05	0.999993	0.00380185	0.0479156	-0.00380181	0.998844	0.263563	-0.0211009	11.0291	
0.998631	0.000109432	-0.052311	0.000107298	0.999991	0.00414028	0.052311	-0.00414022	0.998622	0.313829	-0.025084	12.0309	
0.998391	0.000128424	-0.0567121	0.000125704	0.99999	0.00447742	0.0567121	-0.00447734	0.998381	0.368505	-0.0294058	13.0324	
0.99813	0.00014893	-0.0611188	0.000145524	0.999988	0.00481326	0.0611188	-0.00481316	0.998119	0.427599	-0.0340651	14.0337	
0.997851	0.000170948	-0.0655308	0.00016675	0.999987	0.00514778	0.0655309	-0.00514764	0.997837	0.491116	-0.0390606	15.0347	
0.997551	0.000194477	-0.069948	0.000189372	0.999985	0.00548095	0.0699481	-0.00548077	0.997536	0.559061	-0.0443909	16.0354	
0.997231	0.000219513	-0.0743702	0.000213378	0.999983	0.00581276	0.0743702	-0.00581254	0.997214	0.631439	-0.0500547	17.0358	
0.996891	0.000246054	-0.0787972	0.000238759	0.999981	0.0061432	0.0787972	-0.00614291	0.996872	0.708255	-0.0560506	18.0358	
0.99653	0.000274099	-0.0832287	0.000265504	0.999979	0.00647224	0.0832287	-0.00647188	0.996509	0.789514	-0.0623771	19.0356	
0.99615	0.000303642	-0.0876646	0.000293602	0.999977	0.00679986	0.0876646	-0.00679942	0.996127	0.875219	-0.0690329	20.0349	
0.995749	0.000334683	-0.0921047	0.000323042	0.999975	0.00712606	0.0921047	-0.00712552	0.995724	0.965377	-0.0760164	21.0338	
0.995328	0.000367217	-0.0965488	0.000353812	0.999972	0.0074508	0.0965488	-0.00745015	0.9953	1.05999	-0.0833264	22.0324	
0.994887	0.000401241	-0.100997	0.000385901	0.99997	0.00777408	0.100997	-0.0077733	0.994856	1.15906	-0.0909612	23.0305	
0.994425	0.000436751	-0.105448	0.000419297	0.999967	0.00809588	0.105448	-0.00809495	0.994392	1.2626	-0.0989194	24.0281	
0.993942	0.000473743	-0.109903	0.000453988	0.999964	0.00841617	0.109903	-0.00841508	0.993907	1.3706	-0.107199	25.0253	
0.993439	0.000512213	-0.114361	0.000489962	0.999962	0.00873495	0.114361	-0.00873368	0.993401	1.48307	-0.1158	26.0219	
0.992915	0.000552157	-0.118823	0.000527207	0.999959	0.0090522	0.118823	-0.00905071	0.992874	1.60002	-0.124719	27.0181	
0.992371	0.000593571	-0.123287	0.000565709	0.999956	0.0093679	0.123287	-0.00936618	0.992327	1.72144	-0.133955	28.0137	
0.991806	0.000636449	-0.127753	0.000605456	0.999953	0.00968204	0.127754	-0.00968005	0.991759	1.84734	-0.143507	29.0087	
0.99122	0.000680787	-0.132223	0.000646434	0.99995	0.0099946	0.132223	-0.00999232	0.99117	1.97772	-0.153373	30.0032	
0.990613	0.00072658	-0.136694	0.000688631	0.999947	0.0103056	0.136694	-0.010303	0.99056	2.11259	-0.163552	30.9971	
0.989985	0.000773823	-0.141168	0.000732034	0.999943	0.0106149	0.141168	-0.010612	0.989929	2.25194	-0.174041	31.9903	
0.989337	0.00082251	-0.145643	0.000776628	0.99994	0.0109227	0.145643	-0.0109193	0.989277	2.39578	-0.184839	32.9829	
0.988667	0.000872635	-0.15012	0.0008224	0.999937	0.0112287	0.15012	-0.011225	0.988604	2.54411	-0.195945	33.9749	
0.987977	0.000924194	-0.154599	0.000869335	0.999933	0.0115332	0.154599	-0.0115289	0.98791	2.69693	-0.207356	34.9661	
0.987265	0.000977179	-0.159079	0.000917421	0.99993	0.011836	0.159079	-0.0118312	0.987195	2.85425	-0.219072	35.9567	
0.986533	0.00103158	-0.16356	0.000966642	0.999926	0.0121371	0.16356	-0.0121317	0.986459	3.01606	-0.23109	36.9465	
0.985779	0.00108741	-0.168042	0.00101698	0.999922	0.0124365	0.168042	-0.0124305	0.985701	3.18236	-0.243408	37.9356	
0.985005	0.00114463	-0.172524	0.00106843	0.999918	0.0127341	0.172525	-0.0127275	0.984923	3.35316	-0.256025	38.9239	
0.984209	0.00120326	-0.177008	0.00112097	0.999914	0.0130301	0.177008	-0.0130228	0.984123	3.52846	-0.268939	39.9114	
0.983392	0.00126329	-0.181491	0.00117459	0.999911	0.0133244	0.181492	-0.0133162	0.983302	3.70825	-0.282149	40.8981	
0.982554	0.0013247	-0.185975	0.00122926	0.999907	0.0136169	0.185976	-0.0136079	0.98246	3.89254	-0.295652	41.8839	
0.981694	0.00138749	-0.190459	0.00128499	0.999902	0.0139076	0.190459	-0.0138977	0.981597	4.08133	-0.309446	42.8689	
0.980814	0.00145166	-0.194942	0.00134174	0.999898	0.0141966	0.194943	-0.0141857	0.980712	4.27461	-0.32353	43.8531	
0.979912	0.00151719	-0.199426	0.00139951	0.999894	0.0144837	0.199426	-0.0144719	0.979806	4.4724	-0.337903	44.8363	
0.978989	0.00158408	-0.203908	0.00145828	0.99989	0.0147691	0.203909	-0.0147562	0.978879	4.67468	-0.352561	45.8186	
0.978044	0.00165232	-0.20839	0.00151803	0.999886	0.0150527	0.208391	-0.0150386	0.97793	4.88145	-0.367503	46.8	
0.977079	0.00172191	-0.212871	0.00157875	0.999881	0.0153345	0.212872	-0.0153191	0.97696	5.09272	-0.382728	47.7804	
0.976092	0.00179283	-0.21735	0.00164042	0.999877	0.0156144	0.217352	-0.0155977	0.975969	5.30848	-0.398234	48.7598	
0.975084	0.00186507	-0.221829	0.00170303	0.999872	0.0158925	0.22183	-0.0158743	0.974956	5.52874	-0.414017	49.7382	
0.974054	0.00193863	-0.226306	0.00176655	0.999868	0.0161688	0.226307	-0.0161491	0.973922	5.75349	-0.430078	50.7156	
0.973004	0.0020135	-0.230781	0.00183098	0.999863	0.0164432	0.230782	-0.0164219	0.972867	5.98273	-0.446412	51.692	
0.971932	0.00208968	-0.235254	0.00189629	0.999858	0.0167157	0.235256	-0.0166927	0.97179	6.21645	-0.46302	52.6673	
0.970838	0.00216714	-0.239725	0.00196247	0.999854	0.0169864	0.239727	-0.0169615	0.970692	6.45466	-0.479898	53.6414	
0.969724	0.00224589	-0.244194	0.00202951	0.999849	0.0172552	0.244196	-0.0172283	0.969573	6.69736	-0.497045	54.6145	
0.968588	0.00232591	-0.24866	0.00209738	0.999844	0.017522	0.248662	-0.0174932	0.968432	6.94454	-0.514458	55.5865	
0.967431	0.00240719	-0.253124	0.00216607	0.999839	0.017787	0.253126	-0.017756	0.96727	7.19619	-0.532136	56.5572	
0.966252	0.00248973	-0.257585	0.00223555	0.999835	0.0180501	0.257588	-0.0180168	0.966087	7.45232	-0.550077	57.5268	
0.965053	0.00257352	-0.262043	0.00230583	0.99983	0.0183112	0.262046	-0.0182755	0.964882	7.71293	-0.568278	58.4953	
0.963832	0.00265854	-0.266498	0.00237686	0.999825	0.0185704	0.266501	-0.0185322	0.963657	7.978	-0.586738	59.4625	
0.96259	0.00274479	-0.270949	0.00244865	0.99982	0.0188277	0.270952	-0.0187868	0.962409	8.24754	-0.605454	60.4284	
0.961326	0.00283226	-0.275397	0.00252117	0.999815	0.019083	0.2754	-0.0190393	0.961141	8.52155	-0.624424	61.3931	
0.960042	0.00292093	-0.279841	0.0025944	0.99981	0.0193364	0.279845	-0.0192897	0.959852	8.80001	-0.643647	62.3565	
0.958736	0.0030108	-0.284282	0.00266833	0.999805	0.0195878	0.284285	-0.0195381	0.958541	9.08293	-0.663119	63.3186	
0.956338	0.00317438	-0.292245	0.00274861	0.999799	0.0198544	0.29225	-0.0197908	0.956137	9.37207	-0.682844	64.2789	
0.953873	0.0033401	-0.300191	0.00283064	0.999794	0.0201188	0.300196	-0.0200405	0.953667	9.6692	-0.70282	65.2367	
0.951342	0.00350791	-0.308117	0.00291439	0.999788	0.020381	0.308123	-0.0202873	0.95113	9.97428	-0.723045	66.1919	
0.948744	0.0036778	-0.316024	0.00299981	0.999782	0.020641	0.316031	-0.0205311	0.948527	10.2873	-0.743516	67.1447	
0.94608	0.00384973	-0.323909	0.00308687	0.999777	0.0208987	0.323918	-0.0207717	0.945857	10.6082	-0.76423	68.0947	
0.94335	0.00402368	-0.331774	0.00317552	0.999771	0.0211541	0.331783	-0.0210093	0.943122	10.9371	-0.785184	69.0421	
0.940555	0.00419963	-0.339617	0.00326572	0.999766	0.0214072	0.339627	-0.0212437	0.94032	11.2738	-0.806375	69.9867	
0.931743	0.00473252	-0.363087	0.00330989	0.999763	0.0215248	0.363102	-0.0212574	0.931507	11.6263	-0.827691	70.9255	
0.922347	0.00526559	-0.386328	0.00335699	0.99976	0.0216413	0.386349	-0.0212577	0.922108	12.0021	-0.849014	71.8551	
0.91237	0.0057985	-0.409326	0.003407	0.999757	0.0217566	0.409353	-0.0212446	0.912129	12.4012	-0.87033	72.7751	
0.901819	0.00633091	-0.432067	0.00345989	0.999755	0.0218706	0.4321	-0.0212182	0.901576	12.8232	-0.891627	73.6847	
0.890702	0.0068625	-0.454536	0.00351561	0.999752	0.0219832	0.454574	-0.0211785	0.890457	13.268	-0.912891	74.5835	
0.879024	0.00739292	-0.47672	0.00357415	0.99975	0.0220944	0.476764	-0.0211254	0.878778	13.7351	-0.934108	75.4708	
0.866794	0.00792185	-0.498603	0.00363545	0.999747	0.0222041	0.498653	-0.021059	0.866546	14.2243	-0.955265	76.3462	
0.854019	0.00844894	-0.520173	0.00369949	0.999744	0.0223122	0.520229	-0.0209794	0.853769	14.7353	-0.976349	77.209	
0.840707	0.00897387	-0.541416	0.00376622	0.999742	0.0224187	0.541477	-0.0208866	0.840456	15.2678	-0.997347	78.0587	
0.826866	0.00949631	-0.562318	0.0038356	0.999739	0.0225235	0.562385	-0.0207807	0.826614	15.8214	-1.01824	78.8948	
0.812506	0.0100159	-0.582867	0.00390758	0.999736	0.0226265	0.58294	-0.0206617	0.812252	16.3958	-1.03903	79.7168	
0.797634	0.0105324	-0.603049	0.00398213	0.999734	0.0227276	0.603128	-0.0205298	0.79738	16.9907	-1.05969	80.5241	
0.782262	0.0110454	-0.622852	0.00405919	0.999731	0.0228269	0.622937	-0.0203849	0.782006	17.6056	-1.08021	81.3162	
0.766397	0.0115546	-0.642263	0.00413871	0.999729	0.0229242	0.642354	-0.0202272	0.766141	18.2402	-1.10058	82.0927	
0.75005	0.0120597	-0.661271	0.00422065	0.999726	0.0230195	0.661367	-0.0200568	0.749794	18.8941	-1.12078	82.853	
0.733232	0.0125604	-0.679862	0.00430495	0.999724	0.0231127	0.679965	-0.0198737	0.732975	19.5668	-1.14081	83.5967	
0.715953	0.0130563	-0.698026	0.00439157	0.999721	0.0232037	0.698135	-0.0196782	0.715696	20.258	-1.16065	84.3232	
0.698224	0.0135472	-0.715751	0.00448044	0.999719	0.0232926	0.715866	-0.0194703	0.697967	20.9672	-1.18028	85.0322	
0.680056	0.0140327	-0.733026	0.00457151	0.999716	0.0233792	0.733146	-0.0192502	0.679798	21.6939	-1.1997	85.7232	
0.66146	0.0145125	-0.74984	0.00466472	0.999714	0.0234635	0.749966	-0.0190179	0.661203	22.4377	-1.21889	86.3958	
0.642448	0.0149863	-0.766183	0.00476002	0.999711	0.0235454	0.766314	-0.0187737	0.642191	23.1982	-1.23785	87.0495	
0.623032	0.0154539	-0.782043	0.00485735	0.999709	0.0236249	0.782181	-0.0185177	0.622776	23.9749	-1.25655	87.6839	
0.603225	0.0159149	-0.797412	0.00495663	0.999707	0.0237019	0.797556	-0.0182501	0.602969	24.7672	-1.27499	88.2987	
0.583038	0.0163691	-0.81228	0.00505782	0.999705	0.0237764	0.812429	-0.0179709	0.582783	25.5746	-1.29316	88.8934	
0.562485	0.0168161	-0.826636	0.00516085	0.999702	0.0238484	0.826791	-0.0176805	0.562231	26.3968	-1.31104	89.4677	
0.541579	0.0172557	-0.840473	0.00526565	0.9997	0.0239178	0.840634	-0.017379	0.541325	27.2331	-1.32862	90.0212	
0.520331	0.0176875	-0.853781	0.00537215	0.999698	0.0239845	0.853948	-0.0170665	0.520079	28.083	-1.3459	90.5535	
0.498757	0.0181115	-0.866553	0.0054803	0.999696	0.0240485	0.866725	-0.0167433	0.498506	28.9459	-1.36286	91.0644	
