1	0	0	0	1	0	0	0	1	0	0	0	
1	4.99209e-07	-0.000341366	4.99209e-07	0.999996	0.00292477	0.000341366	-0.00292477	0.999996	0.00014827	-0.00127035	0.868686	
1	1.99564e-06	-0.000682269	1.99864e-06	0.999983	0.00585436	0.000682269	-0.00585436	0.999983	0.000592879	-0.00508351	1.73736	
0.999999	4.48814e-06	-0.00102269	4.50018e-06	0.999961	0.0087887	0.00102269	-0.0087887	0.999961	0.00133342	-0.0114436	2.60603	
0.999999	7.97542e-06	-0.00136263	8.00556e-06	0.999931	0.0117277	0.00136263	-0.0117277	0.99993	0.00236947	-0.0203548	3.47467	
0.999999	1.2456e-05	-0.00170205	1.25164e-05	0.999892	0.0146712	0.00170205	-0.0146712	0.999891	0.00370059	-0.031821	4.34328	
0.999998	1.79284e-05	-0.00204095	1.80342e-05	0.999845	0.0176191	0.00204095	-0.0176191	0.999843	0.00532634	-0.045846	5.21185	
0.999997	2.43908e-05	-0.00237932	2.45603e-05	0.999788	0.0205714	0.00237932	-0.0205714	0.999786	0.00724625	-0.0624338	6.08037	
0.999996	3.18413e-05	-0.00271713	3.2096e-05	0.999723	0.0235279	0.00271713	-0.0235279	0.999719	0.00945986	-0.0815881	6.94885	
0.999995	4.0278e-05	-0.00305438	4.06424e-05	0.999649	0.0264885	0.00305438	-0.0264885	0.999644	0.0119667	-0.103312	7.81726	
0.999994	4.96986e-05	-0.00339105	5.02005e-05	0.999566	0.0294532	0.00339104	-0.0294532	0.99956	0.0147662	-0.12761	8.6856	
0.999993	6.0101e-05	-0.00372713	6.07711e-05	0.999474	0.0324218	0.00372712	-0.0324218	0.999467	0.0178579	-0.154485	9.55387	
0.999992	7.14827e-05	-0.00406259	7.2355e-05	0.999373	0.0353942	0.00406258	-0.0353942	0.999365	0.0212413	-0.183941	10.422	
0.99999	8.38411e-05	-0.00439744	8.49528e-05	0.999264	0.0383704	0.00439742	-0.0383704	0.999254	0.0249159	-0.21598	11.2901	
0.999989	9.71735e-05	-0.00473165	9.8565e-05	0.999145	0.0413501	0.00473162	-0.0413501	0.999134	0.028881	-0.250606	12.1581	
0.999987	0.000111477	-0.00506521	0.000113192	0.999017	0.0443334	0.00506517	-0.0443335	0.999004	0.0331362	-0.287822	13.026	
0.999985	0.000126749	-0.00539811	0.000128834	0.99888	0.0473202	0.00539806	-0.0473202	0.998865	0.0376808	-0.327631	13.8938	
0.999984	0.000142986	-0.00573033	0.000145492	0.998734	0.0503102	0.00573026	-0.0503102	0.998717	0.0425144	-0.370037	14.7614	
0.999982	0.000160185	-0.00606186	0.000163164	0.998578	0.0533035	0.00606178	-0.0533035	0.99856	0.0476362	-0.415041	15.6289	
0.99998	0.000178343	-0.00639268	0.000181852	0.998414	0.0562999	0.00639259	-0.0562999	0.998393	0.0530456	-0.462646	16.4963	
0.999977	0.000197455	-0.00672279	0.000201554	0.99824	0.0592993	0.00672267	-0.0592994	0.998218	0.0587422	-0.512856	17.3635	
0.999975	0.000217519	-0.00705217	0.000222271	0.998057	0.0623017	0.00705203	-0.0623017	0.998032	0.0647251	-0.565673	18.2305	
0.999973	0.000238531	-0.00738081	0.000244002	0.997865	0.0653068	0.00738063	-0.0653069	0.997838	0.0709939	-0.621099	19.0974	
0.99997	0.000260487	-0.00770869	0.000266747	0.997664	0.0683147	0.00770848	-0.0683147	0.997634	0.0775477	-0.679136	19.9642	
0.999968	0.000283382	-0.0080358	0.000290504	0.997453	0.0713252	0.00803555	-0.0713252	0.997421	0.084386	-0.739788	20.8307	
0.999965	0.000307214	-0.00836213	0.000315273	0.997233	0.0743382	0.00836183	-0.0743382	0.997198	0.0915081	-0.803056	21.697	
0.999962	0.000331976	-0.00868767	0.000341054	0.997004	0.0773536	0.00868732	-0.0773537	0.996966	0.0989133	-0.868942	22.5632	
0.999959	0.000357666	-0.0090124	0.000367844	0.996765	0.0803713	0.00901199	-0.0803714	0.996724	0.106601	-0.937449	23.4291	
0.999956	0.000384279	-0.00933631	0.000395643	0.996517	0.0833913	0.00933583	-0.0833913	0.996473	0.11457	-1.00858	24.2949	
0.999953	0.00041181	-0.00965939	0.00042445	0.996259	0.0864133	0.00965884	-0.0864134	0.996213	0.12282	-1.08233	25.1604	
0.99995	0.000440254	-0.00998162	0.000454263	0.995992	0.0894374	0.00998099	-0.0894374	0.995942	0.131351	-1.15871	26.0257	
0.999947	0.000469607	-0.010303	0.00048508	0.995716	0.0924633	0.0103023	-0.0924634	0.995663	0.140161	-1.23772	26.8907	
0.999943	0.000499863	-0.0106235	0.0005169	0.99543	0.095491	0.0106227	-0.0954911	0.995374	0.149249	-1.31936	27.7555	
0.99994	0.000531018	-0.0109431	0.000549722	0.995135	0.0985205	0.0109422	-0.0985206	0.995075	0.158616	-1.40362	28.62	
0.999936	0.000563066	-0.0112619	0.000583543	0.99483	0.101552	0.0112608	-0.101552	0.994767	0.16826	-1.49052	29.4843	
0.999933	0.000596002	-0.0115797	0.000618361	0.994516	0.104584	0.0115785	-0.104584	0.994449	0.17818	-1.58006	30.3483	
0.999929	0.000629821	-0.0118966	0.000654175	0.994192	0.107618	0.0118953	-0.107618	0.994121	0.188376	-1.67223	31.212	
0.999925	0.000664517	-0.0122126	0.000690982	0.993859	0.110653	0.0122112	-0.110653	0.993784	0.198846	-1.76703	32.0755	
0.999921	0.000700085	-0.0125277	0.00072878	0.993516	0.11369	0.0125261	-0.11369	0.993437	0.209591	-1.86447	32.9386	
0.999917	0.000736519	-0.0128418	0.000767566	0.993164	0.116727	0.01284	-0.116727	0.993081	0.220608	-1.96455	33.8014	
0.999913	0.000773812	-0.0131549	0.000807339	0.992802	0.119766	0.0131529	-0.119766	0.992715	0.231898	-2.06727	34.664	
0.999909	0.00081196	-0.0134671	0.000848094	0.99243	0.122805	0.0134649	-0.122805	0.992339	0.243459	-2.17263	35.5262	
0.999905	0.000850956	-0.0137783	0.000889831	0.992049	0.125845	0.0137759	-0.125846	0.991954	0.255291	-2.28063	36.388	
0.9999	0.000890793	-0.0140885	0.000932545	0.991659	0.128886	0.0140858	-0.128886	0.991559	0.267393	-2.39127	37.2496	
0.999896	0.000931467	-0.0143977	0.000976234	0.991259	0.131928	0.0143948	-0.131928	0.991155	0.279763	-2.50456	38.1107	
0.999891	0.00097297	-0.0147059	0.00102089	0.990849	0.13497	0.0147027	-0.13497	0.990741	0.292401	-2.62048	38.9716	
0.999887	0.0010153	-0.0150131	0.00106652	0.99043	0.138012	0.0150095	-0.138012	0.990317	0.305307	-2.73905	39.832	
0.999882	0.00105844	-0.0153192	0.00111312	0.990001	0.141055	0.0153153	-0.141055	0.989883	0.318478	-2.86026	40.6921	
0.999877	0.00110239	-0.0156243	0.00116067	0.989563	0.144097	0.0156201	-0.144098	0.98944	0.331915	-2.98412	41.5518	
0.999872	0.00114714	-0.0159283	0.00120919	0.989115	0.14714	0.0159237	-0.147141	0.988987	0.345615	-3.11061	42.4111	
0.999868	0.00119269	-0.0162313	0.00125866	0.988657	0.150183	0.0162263	-0.150184	0.988525	0.35958	-3.23975	43.2701	
0.999863	0.00123904	-0.0165331	0.00130908	0.98819	0.153226	0.0165277	-0.153226	0.988053	0.373806	-3.37154	44.1286	
0.999857	0.00128616	-0.0168339	0.00136045	0.987714	0.156268	0.0168281	-0.156269	0.987571	0.388294	-3.50597	44.9867	
0.999852	0.00133406	-0.0171337	0.00141276	0.987228	0.159311	0.0171273	-0.159311	0.98708	0.403042	-3.64304	45.8443	
0.999847	0.00138272	-0.0174323	0.00146602	0.986732	0.162352	0.0174255	-0.162353	0.986579	0.41805	-3.78275	46.7016	
0.999842	0.00143215	-0.0177298	0.0015202	0.986226	0.165394	0.0177224	-0.165394	0.986068	0.433316	-3.9251	47.5584	
0.999836	0.00148233	-0.0180261	0.00157532	0.985712	0.168434	0.0180182	-0.168435	0.985548	0.44884	-4.0701	48.4148	
0.999831	0.00153326	-0.0183214	0.00163137	0.985187	0.171474	0.0183129	-0.171475	0.985018	0.46462	-4.21774	49.2707	
0.999825	0.00158492	-0.0186155	0.00168834	0.984653	0.174513	0.0186064	-0.174514	0.984479	0.480656	-4.36802	50.1261	
0.999874	0.0010878	-0.0158416	0.00175345	0.983986	0.17824	0.0157818	-0.178245	0.98386	0.495592	-4.52124	50.981	
0.999914	0.00058024	-0.01307	0.00180795	0.983302	0.18197	0.0129573	-0.181979	0.983217	0.508075	-4.6777	51.8354	
0.999947	6.22287e-05	-0.0103006	0.00185182	0.982604	0.185705	0.0101329	-0.185714	0.982552	0.518104	-4.8374	52.6892	
0.999972	-0.000466236	-0.00753345	0.001885	0.98189	0.189442	0.00730869	-0.189451	0.981863	0.52568	-5.00035	53.5425	
0.999988	-0.00100516	-0.00476868	0.00190747	0.981161	0.193183	0.00448466	-0.19319	0.981151	0.530802	-5.16655	54.3951	
0.999997	-0.00155454	-0.00200631	0.0019192	0.980417	0.196925	0.00166089	-0.196929	0.980416	0.533471	-5.336	55.2471	
0.999997	-0.00211439	0.000753621	0.00192015	0.979657	0.20067	-0.00116258	-0.200668	0.979659	0.533688	-5.50869	56.0984	
0.99999	-0.0026847	0.00351106	0.0019103	0.978882	0.204416	-0.00398571	-0.204407	0.978878	0.531452	-5.68463	56.9491	
0.999975	-0.00326547	0.00626598	0.00188963	0.978092	0.208163	-0.00680845	-0.208146	0.978074	0.526763	-5.86382	57.7991	
0.999952	-0.00385671	0.00901831	0.00185813	0.977287	0.211911	-0.00963076	-0.211884	0.977247	0.519623	-6.04626	58.6484	
0.999921	-0.00445841	0.011768	0.00181576	0.976467	0.215658	-0.0124526	-0.21562	0.976398	0.510031	-6.23194	59.4969	
0.999882	-0.00507058	0.0145151	0.00176253	0.975632	0.219406	-0.0152739	-0.219354	0.975526	0.497988	-6.42087	60.3448	
0.999835	-0.0056932	0.0172594	0.00169842	0.974782	0.223153	-0.0180946	-0.223086	0.974631	0.483495	-6.61304	61.1918	
0.99978	-0.00632628	0.020001	0.00162343	0.973917	0.226898	-0.0209148	-0.226816	0.973713	0.466551	-6.80846	62.038	
0.999717	-0.00696981	0.0227399	0.00153756	0.973037	0.230642	-0.0237343	-0.230542	0.972773	0.447158	-7.00711	62.8835	
0.999646	-0.00762379	0.0254759	0.00144079	0.972143	0.234384	-0.0265531	-0.234264	0.97181	0.425316	-7.20899	63.7281	
0.999568	-0.00828821	0.028209	0.00133314	0.971234	0.238123	-0.0293712	-0.237982	0.970825	0.401026	-7.41411	64.5719	
0.999481	-0.00896306	0.0309393	0.00121462	0.970311	0.241859	-0.0321885	-0.241696	0.969818	0.374288	-7.62246	65.4148	
0.999387	-0.00964834	0.0336666	0.00108523	0.969373	0.245592	-0.0350051	-0.245405	0.968788	0.345103	-7.83403	66.2568	
0.999284	-0.010344	0.036391	0.000944988	0.96842	0.249322	-0.0378208	-0.249109	0.967737	0.313471	-8.04882	67.0979	
0.999174	-0.0110501	0.0391123	0.000793906	0.967454	0.253047	-0.0406356	-0.252807	0.966663	0.279394	-8.26682	67.9381	
0.999055	-0.0117666	0.0418307	0.000632004	0.966473	0.256767	-0.0434495	-0.256498	0.965568	0.242872	-8.48803	68.7774	
0.998929	-0.0124935	0.0445459	0.000459305	0.965478	0.260482	-0.0462625	-0.260183	0.96445	0.203906	-8.71245	69.6157	
0.998795	-0.0132308	0.047258	0.000275833	0.96447	0.264192	-0.0490744	-0.263861	0.963312	0.162497	-8.94007	70.453	
0.997539	-0.0188428	0.0675385	-3.52636e-05	0.96308	0.269214	-0.0701178	-0.268554	0.960709	0.110725	-9.17133	71.2887	
0.995839	-0.0245524	0.0877594	-0.000456122	0.961667	0.274221	-0.091128	-0.27312	0.957654	0.0406861	-9.40661	72.122	
0.993697	-0.0303569	0.107911	-0.000986544	0.960229	0.279211	-0.112095	-0.277558	0.954147	-0.0475861	-9.6458	72.9524	
0.991113	-0.0362536	0.127984	-0.00162628	0.958769	0.284181	-0.13301	-0.281864	0.95019	-0.15405	-9.88879	73.7795	
0.98809	-0.0422397	0.147969	-0.00237503	0.957287	0.28913	-0.153861	-0.286038	0.945785	-0.278656	-10.1355	74.6031	
0.984627	-0.0483123	0.167856	-0.00323243	0.955783	0.294054	-0.174641	-0.290077	0.940934	-0.421344	-10.3857	75.4226	
0.980727	-0.0544687	0.187637	-0.00419809	0.954259	0.298952	-0.195337	-0.293978	0.935639	-0.582048	-10.6394	76.2377	
0.976392	-0.0607058	0.207301	-0.00527155	0.952714	0.303822	-0.215942	-0.297742	0.929903	-0.760691	-10.8964	77.048	
0.971624	-0.0670208	0.226839	-0.0064523	0.951151	0.30866	-0.236445	-0.301365	0.923728	-0.95719	-11.1566	77.8532	
0.966424	-0.0734106	0.246243	-0.00773978	0.949568	0.313464	-0.256836	-0.304845	0.917118	-1.17145	-11.42	78.6528	
0.960796	-0.0798724	0.265503	-0.0091334	0.947968	0.318233	-0.277106	-0.308182	0.910075	-1.40338	-11.6862	79.4464	
0.954742	-0.0864029	0.28461	-0.0106325	0.946351	0.322965	-0.297246	-0.311374	0.902603	-1.65285	-11.9553	80.2338	
0.948265	-0.0929992	0.303554	-0.0122363	0.944718	0.327656	-0.317245	-0.314419	0.894705	-1.91976	-12.2272	81.0145	
0.941367	-0.0996581	0.322328	-0.0139442	0.943069	0.332304	-0.337095	-0.317315	0.886385	-2.20398	-12.5016	81.7881	
0.934054	-0.106376	0.340922	-0.0157552	0.941406	0.336908	-0.356785	-0.320062	0.877647	-2.50537	-12.7784	82.5543	
0.926326	-0.113151	0.359328	-0.0176686	0.939728	0.341466	-0.376308	-0.322658	0.868496	-2.8238	-13.0576	83.3128	
0.918189	-0.119979	0.377536	-0.0196835	0.938037	0.345975	-0.395653	-0.325101	0.858934	-3.15911	-13.3389	84.0631	
