1	0	0	0	1	0	0	0	1	0	0	0	
1	-1.59277e-06	-0.000756851	-1.59277e-06	0.999991	-0.00420892	0.000756851	0.00420892	0.999991	0.000348802	0.00193972	0.921714	
0.999999	-6.37046e-06	-0.0015133	-6.37578e-06	0.999965	-0.00842265	0.0015133	0.00842265	0.999963	0.00139502	0.0077611	1.84341	
0.999997	-1.43332e-05	-0.00226932	-1.43546e-05	0.99992	-0.012641	0.00226932	0.012641	0.999918	0.00313828	0.0174685	2.76508	
0.999995	-2.5481e-05	-0.00302489	-2.55343e-05	0.999858	-0.0168639	0.00302489	0.0168639	0.999853	0.00557817	0.0310661	3.68669	
0.999993	-3.98132e-05	-0.00377997	-3.992e-05	0.999778	-0.0210912	0.00377997	0.0210912	0.99977	0.00871425	0.0485581	4.60823	
0.99999	-5.73293e-05	-0.00453453	-5.75163e-05	0.999679	-0.0253227	0.00453453	0.0253227	0.999669	0.0125461	0.0699484	5.52969	
0.999986	-7.8028e-05	-0.00528855	-7.83276e-05	0.999563	-0.0295583	0.00528855	0.0295583	0.999549	0.0170731	0.0952408	6.45105	
0.999982	-0.000101908	-0.006042	-0.000102358	0.999429	-0.0337978	0.00604199	0.0337978	0.99941	0.0222949	0.124439	7.37229	
0.999977	-0.000128968	-0.00679484	-0.000129611	0.999276	-0.0380411	0.00679483	0.0380411	0.999253	0.0282109	0.157547	8.29339	
0.999972	-0.000159206	-0.00754706	-0.000160091	0.999105	-0.042288	0.00754705	0.042288	0.999077	0.0348205	0.194567	9.21434	
0.999966	-0.000192619	-0.00829863	-0.000193801	0.998916	-0.0465384	0.0082986	0.0465384	0.998882	0.0421231	0.235504	10.1351	
0.999959	-0.000229206	-0.00904951	-0.000230743	0.998709	-0.0507921	0.00904947	0.0507921	0.998668	0.0501181	0.280359	11.0557	
0.999952	-0.000268963	-0.00979967	-0.000270921	0.998484	-0.0550491	0.00979962	0.0550491	0.998436	0.0588049	0.329137	11.9761	
0.999944	-0.000311887	-0.0105491	-0.000314337	0.99824	-0.0593091	0.010549	0.0593091	0.998184	0.0681827	0.38184	12.8963	
0.999936	-0.000357975	-0.0112978	-0.000360993	0.997977	-0.063572	0.0112977	0.063572	0.997913	0.078251	0.438471	13.8162	
0.999927	-0.000407223	-0.0120456	-0.000410891	0.997696	-0.0678376	0.0120455	0.0678376	0.997624	0.0890089	0.499032	14.7358	
0.999918	-0.000459628	-0.0127927	-0.000464033	0.997397	-0.0721059	0.0127925	0.0721059	0.997315	0.100456	0.563527	15.6552	
0.999908	-0.000515185	-0.0135389	-0.00052042	0.997079	-0.0763766	0.0135387	0.0763766	0.996987	0.112591	0.631956	16.5743	
0.999898	-0.000573889	-0.0142842	-0.000580054	0.996742	-0.0806496	0.0142839	0.0806496	0.99664	0.125413	0.704323	17.4931	
0.999887	-0.000635737	-0.0150286	-0.000642934	0.996387	-0.0849248	0.0150283	0.0849249	0.996274	0.138922	0.78063	18.4116	
0.999875	-0.000700722	-0.0157721	-0.000709063	0.996013	-0.089202	0.0157717	0.0892021	0.995889	0.153116	0.860878	19.3297	
0.999863	-0.00076884	-0.0165146	-0.000778439	0.995621	-0.0934811	0.0165142	0.0934812	0.995484	0.167996	0.945069	20.2474	
0.999851	-0.000840085	-0.0172562	-0.000851064	0.995209	-0.0977619	0.0172556	0.097762	0.99506	0.183559	1.03321	21.1648	
0.999838	-0.000914452	-0.0179967	-0.000926936	0.994779	-0.102044	0.0179961	0.102044	0.994617	0.199805	1.12529	22.0817	
0.999824	-0.000991934	-0.0187362	-0.00100606	0.994331	-0.106328	0.0187355	0.106328	0.994155	0.216733	1.22132	22.9983	
0.99981	-0.00107252	-0.0194747	-0.00108842	0.993863	-0.110613	0.0194738	0.110613	0.993673	0.234342	1.3213	23.9144	
0.999795	-0.00115622	-0.020212	-0.00117404	0.993376	-0.1149	0.020211	0.1149	0.993171	0.252631	1.42523	24.83	
0.99978	-0.00124301	-0.0209483	-0.00126289	0.992871	-0.119187	0.0209471	0.119187	0.992651	0.271599	1.53311	25.7452	
0.999764	-0.00133288	-0.0216834	-0.001355	0.992347	-0.123475	0.021682	0.123475	0.992111	0.291245	1.64494	26.6599	
0.999748	-0.00142584	-0.0224174	-0.00145034	0.991804	-0.127764	0.0224158	0.127764	0.991551	0.311568	1.76073	27.5741	
0.999731	-0.00152187	-0.0231501	-0.00154892	0.991241	-0.132053	0.0231483	0.132053	0.990972	0.332567	1.88047	28.4878	
0.999713	-0.00162097	-0.0238817	-0.00165074	0.99066	-0.136343	0.0238796	0.136343	0.990374	0.35424	2.00416	29.4009	
0.999696	-0.00172313	-0.024612	-0.0017558	0.99006	-0.140633	0.0246097	0.140633	0.989756	0.376587	2.13181	30.3134	
0.999677	-0.00182833	-0.0253411	-0.00186408	0.989441	-0.144923	0.0253384	0.144924	0.989118	0.399606	2.26341	31.2254	
0.999658	-0.00193658	-0.0260688	-0.0019756	0.988803	-0.149213	0.0260659	0.149214	0.988461	0.423296	2.39897	32.1368	
0.999639	-0.00204785	-0.0267953	-0.00209034	0.988146	-0.153503	0.026792	0.153504	0.987785	0.447656	2.53848	33.0476	
0.999619	-0.00216215	-0.0275204	-0.00220831	0.98747	-0.157793	0.0275167	0.157794	0.987089	0.472685	2.68194	33.9577	
0.999598	-0.00227947	-0.0282442	-0.00232949	0.986774	-0.162082	0.0282401	0.162083	0.986373	0.498381	2.82936	34.8672	
0.999578	-0.00239978	-0.0289665	-0.00245389	0.98606	-0.166371	0.028962	0.166372	0.985638	0.524743	2.98073	35.776	
0.999556	-0.0025231	-0.0296875	-0.0025815	0.985327	-0.170659	0.0296825	0.17066	0.984883	0.55177	3.13605	36.6842	
0.999534	-0.00264939	-0.030407	-0.00271232	0.984574	-0.174946	0.0304015	0.174947	0.984108	0.57946	3.29533	37.5916	
0.999512	-0.00277866	-0.0311251	-0.00284634	0.983803	-0.179232	0.031119	0.179233	0.983314	0.607812	3.45856	38.4983	
0.999489	-0.0029109	-0.0318417	-0.00298356	0.983012	-0.183516	0.031835	0.183518	0.982501	0.636825	3.62573	39.4043	
0.999465	-0.00304608	-0.0325568	-0.00312397	0.982202	-0.1878	0.0325494	0.187801	0.981668	0.666497	3.79686	40.3095	
0.999441	-0.00318421	-0.0332704	-0.00326756	0.981373	-0.192082	0.0332623	0.192083	0.980815	0.696827	3.97193	41.2139	
0.999417	-0.00332528	-0.0339824	-0.00341434	0.980525	-0.196362	0.0339736	0.196364	0.979942	0.727814	4.15095	42.1175	
0.999392	-0.00346926	-0.0346929	-0.00356429	0.979658	-0.200641	0.0346833	0.200643	0.97905	0.759455	4.33392	43.0204	
0.999367	-0.00361615	-0.0354018	-0.00371742	0.978772	-0.204918	0.0353913	0.204919	0.978139	0.791749	4.52082	43.9223	
0.999341	-0.00376593	-0.036109	-0.0038737	0.977867	-0.209192	0.0360976	0.209194	0.977208	0.824696	4.71167	44.8235	
0.999314	-0.00391861	-0.0368146	-0.00403315	0.976942	-0.213465	0.0368023	0.213467	0.976257	0.858292	4.90646	45.7238	
0.999288	-0.00407415	-0.0375186	-0.00419574	0.975999	-0.217735	0.0375052	0.217737	0.975287	0.892538	5.10518	46.6231	
0.99926	-0.00423255	-0.0382209	-0.00436147	0.975036	-0.222003	0.0382064	0.222005	0.974297	0.92743	5.30784	47.5216	
0.999233	-0.00439381	-0.0389215	-0.00453035	0.974055	-0.226268	0.0389058	0.226271	0.973287	0.962968	5.51444	48.4192	
0.999204	-0.0045579	-0.0396203	-0.00470235	0.973054	-0.23053	0.0396034	0.230533	0.972258	0.99915	5.72496	49.3158	
0.999176	-0.00472481	-0.0403174	-0.00487747	0.972034	-0.23479	0.0402993	0.234793	0.97121	1.03597	5.93941	50.2115	
0.999147	-0.00489452	-0.0410128	-0.00505571	0.970995	-0.239046	0.0409932	0.23905	0.970142	1.07344	6.15778	51.1062	
0.999117	-0.00506704	-0.0417063	-0.00523705	0.969937	-0.243299	0.0416853	0.243303	0.969054	1.11154	6.38008	51.9999	
0.999087	-0.00524234	-0.0423981	-0.00542148	0.96886	-0.247549	0.0423756	0.247553	0.967947	1.15028	6.60629	52.8925	
0.999057	-0.0054204	-0.043088	-0.00560901	0.967764	-0.251796	0.0430639	0.2518	0.966821	1.18966	6.83643	53.7842	
0.999026	-0.00560122	-0.0437761	-0.00579962	0.966649	-0.256039	0.0437502	0.256043	0.965675	1.22967	7.07047	54.6748	
0.998994	-0.00578478	-0.0444623	-0.0059933	0.965515	-0.260278	0.0444347	0.260283	0.964509	1.27031	7.30842	55.5644	
0.9991	-0.0051424	-0.0420968	-0.00613064	0.964683	-0.263343	0.0419642	0.263365	0.963783	1.31012	7.54975	56.453	
0.9992	-0.00449165	-0.0397301	-0.0062604	0.963839	-0.266413	0.0394901	0.266449	0.96304	1.34766	7.79392	57.341	
0.999294	-0.00383257	-0.0373626	-0.00638252	0.962983	-0.269486	0.0370124	0.269535	0.962279	1.38292	8.04093	58.2283	
0.999382	-0.0031652	-0.0349945	-0.00649694	0.962116	-0.272563	0.0345315	0.272622	0.961501	1.41589	8.29079	59.1149	
0.999465	-0.00248958	-0.0326261	-0.0066036	0.961238	-0.275642	0.0320477	0.27571	0.960706	1.44658	8.5435	60.0008	
0.999541	-0.00180577	-0.0302577	-0.00670246	0.960348	-0.278724	0.0295612	0.278799	0.959894	1.47497	8.79905	60.8859	
0.99961	-0.00111381	-0.0278894	-0.00679347	0.959447	-0.281808	0.0270723	0.281888	0.959065	1.50107	9.05744	61.7703	
0.999674	-0.000413749	-0.0255216	-0.00687659	0.958535	-0.284893	0.0245812	0.284976	0.958219	1.52487	9.31869	62.6539	
0.999732	0.000294352	-0.0231546	-0.00695178	0.957611	-0.28798	0.0220883	0.288063	0.957357	1.54638	9.58278	63.5367	
0.999783	0.00101044	-0.0207885	-0.00701901	0.956677	-0.291067	0.0195938	0.291149	0.956477	1.56559	9.84971	64.4187	
0.999829	0.00173444	-0.0184236	-0.00707825	0.955732	-0.294154	0.0170979	0.294234	0.955581	1.5825	10.1195	65.2999	
0.999868	0.0024663	-0.0160603	-0.00712947	0.954776	-0.29724	0.0146009	0.297315	0.954668	1.59711	10.3921	66.1802	
0.999901	0.00320596	-0.0136987	-0.00717265	0.95381	-0.300326	0.0121031	0.300394	0.953738	1.60942	10.6676	67.0597	
0.999928	0.00395333	-0.0113391	-0.00720777	0.952833	-0.303411	0.00960476	0.30347	0.952792	1.61942	10.9459	67.9384	
0.999949	0.00470834	-0.00898171	-0.00723482	0.951845	-0.306493	0.00710612	0.306543	0.95183	1.62712	11.227	68.8161	
0.999963	0.00547093	-0.00662685	-0.00725379	0.950848	-0.309574	0.00460746	0.309611	0.950852	1.63252	11.511	69.693	
0.999971	0.006241	-0.00427473	-0.00726466	0.94984	-0.312652	0.00210905	0.312674	0.949858	1.63562	11.7977	70.569	
0.999784	0.0129189	0.0162922	-0.00733369	0.952297	-0.305084	-0.0194563	0.304898	0.952186	1.62762	12.0824	71.4456	
0.99913	0.0194268	0.036904	-0.0075743	0.954692	-0.297499	-0.0410114	0.29696	0.954009	1.59975	12.3598	72.3241	
0.99801	0.0257613	0.0575497	-0.00798636	0.957023	-0.289901	-0.0625447	0.288865	0.955325	1.55203	12.6298	73.2041	
0.996425	0.0319192	0.0782185	-0.00856967	0.959289	-0.282295	-0.0840448	0.280616	0.956134	1.48447	12.8922	74.085	
0.994376	0.037897	0.0988992	-0.00932389	0.961489	-0.274685	-0.1055	0.272218	0.956435	1.39711	13.147	74.9665	
0.991863	0.0436916	0.119581	-0.0102486	0.963622	-0.267074	-0.1269	0.263675	0.956228	1.29	13.394	75.848	
0.988888	0.0493	0.140253	-0.0113434	0.965685	-0.259467	-0.148232	0.254993	0.955514	1.1632	13.633	76.7291	
0.985452	0.0547192	0.160904	-0.0126077	0.96768	-0.251867	-0.169485	0.246175	0.954292	1.01677	13.864	77.6093	
0.981558	0.0599462	0.181522	-0.0140407	0.969603	-0.24428	-0.190648	0.237226	0.952563	0.850791	14.0868	78.4881	
0.977207	0.0649784	0.202099	-0.0156417	0.971455	-0.236708	-0.211711	0.228152	0.950329	0.665352	14.3013	79.3651	
0.972402	0.069813	0.222621	-0.01741	0.973234	-0.229156	-0.23266	0.218956	0.94759	0.460551	14.5073	80.2398	
0.967145	0.0744474	0.243079	-0.0193444	0.974939	-0.221628	-0.253487	0.209644	0.944348	0.236496	14.7049	81.1118	
0.96144	0.0788793	0.263461	-0.021444	0.97657	-0.214127	-0.274178	0.200221	0.940605	-0.00669328	14.8938	81.9805	
0.955288	0.0831063	0.283756	-0.0237078	0.978126	-0.206658	-0.294724	0.190691	0.936362	-0.268888	15.0739	82.8456	
0.948694	0.0871261	0.303955	-0.0261344	0.979605	-0.199225	-0.315114	0.18106	0.931623	-0.54995	15.2453	83.7065	
0.941661	0.0909365	0.324046	-0.0287227	0.981007	-0.191832	-0.335336	0.171333	0.926388	-0.849728	15.4077	84.5628	
0.934192	0.0945356	0.344018	-0.0314711	0.982332	-0.184482	-0.35538	0.161515	0.920662	-1.16806	15.5611	85.4141	
0.926292	0.0979215	0.363861	-0.0343783	0.983578	-0.17718	-0.375236	0.151612	0.914446	-1.50479	15.7054	86.2598	
0.917964	0.101092	0.383565	-0.0374428	0.984745	-0.169929	-0.394892	0.141627	0.907746	-1.85973	15.8405	87.0996	
0.909214	0.104046	0.403118	-0.0406628	0.985832	-0.162734	-0.414339	0.131568	0.900563	-2.23268	15.9664	87.933	
0.900046	0.106782	0.422511	-0.0440368	0.986838	-0.155598	-0.433565	0.121439	0.892902	-2.62346	16.0831	88.7596	
