1	0	0	0	1	0	0	0	1	0	0	0	
0.999997	1.16606e-06	0.00244262	1.16606e-06	1	-0.000954761	-0.00244262	0.000954761	0.999997	-0.00130705	0.000510894	1.0702	
0.999988	4.67566e-06	0.00489084	4.67704e-06	0.999998	-0.00191228	-0.00489084	0.00191228	0.999986	-0.0052312	0.00204505	2.14039	
0.999973	1.0546e-05	0.00734453	1.05515e-05	0.999996	-0.00287249	-0.00734453	0.00287249	0.999969	-0.0117784	0.00460538	3.21057	
0.999952	1.87937e-05	0.00980355	1.88076e-05	0.999993	-0.00383537	-0.00980355	0.00383537	0.999945	-0.0209543	0.00819477	4.28073	
0.999925	2.94352e-05	0.0122678	2.9463e-05	0.999988	-0.00480084	-0.0122678	0.00480084	0.999913	-0.0327647	0.012816	5.35086	
0.999891	4.24863e-05	0.014737	4.25351e-05	0.999983	-0.00576887	-0.014737	0.00576887	0.999875	-0.047215	0.0184719	6.42094	
0.999852	5.79627e-05	0.0172112	5.80409e-05	0.999977	-0.00673941	-0.0172112	0.00673941	0.999829	-0.0643106	0.0251651	7.49099	
0.999806	7.58792e-05	0.0196902	7.59968e-05	0.99997	-0.0077124	-0.0196902	0.0077124	0.999776	-0.0840566	0.0328983	8.56098	
0.999754	9.62506e-05	0.0221739	9.64189e-05	0.999962	-0.00868779	-0.0221739	0.00868779	0.999716	-0.106458	0.041674	9.63091	
0.999696	0.000119091	0.0246621	0.000119323	0.999953	-0.00966553	-0.0246621	0.00966553	0.999649	-0.13152	0.0514949	10.7008	
0.999631	0.000144414	0.0271546	0.000144724	0.999943	-0.0106456	-0.0271546	0.0106456	0.999575	-0.159247	0.0623634	11.7706	
0.99956	0.000172234	0.0296515	0.000172637	0.999932	-0.0116279	-0.0296515	0.0116279	0.999493	-0.189644	0.074282	12.8403	
0.999483	0.000202562	0.0321524	0.000203076	0.99992	-0.0126123	-0.0321524	0.0126124	0.999403	-0.222716	0.0872529	13.9099	
0.999399	0.000235412	0.0346573	0.000236056	0.999908	-0.013599	-0.0346573	0.013599	0.999307	-0.258466	0.101279	14.9794	
0.999309	0.000270795	0.0371661	0.00027159	0.999894	-0.0145877	-0.0371661	0.0145877	0.999203	-0.296898	0.116361	16.0488	
0.999212	0.000308723	0.0396785	0.00030969	0.999879	-0.0155785	-0.0396785	0.0155785	0.999091	-0.338018	0.132503	17.1181	
0.999109	0.000349207	0.0421946	0.00035037	0.999863	-0.0165713	-0.0421946	0.0165713	0.998972	-0.381828	0.149707	18.1873	
0.999	0.000392258	0.0447141	0.000393641	0.999846	-0.017566	-0.044714	0.017566	0.998845	-0.428333	0.167974	19.2563	
0.998884	0.000437886	0.0472368	0.000439516	0.999828	-0.0185625	-0.0472368	0.0185626	0.998711	-0.477536	0.187306	20.3252	
0.998761	0.000486101	0.0497628	0.000488005	0.999809	-0.019561	-0.0497628	0.019561	0.998569	-0.529441	0.207706	21.3939	
0.998632	0.000536911	0.0522917	0.00053912	0.999788	-0.0205612	-0.0522917	0.0205612	0.99842	-0.58405	0.229176	22.4625	
0.998496	0.000590326	0.0548236	0.00059287	0.999767	-0.0215631	-0.0548236	0.0215632	0.998263	-0.641368	0.251716	23.5309	
0.998353	0.000646355	0.0573582	0.000649267	0.999745	-0.0225667	-0.0573582	0.0225668	0.998099	-0.701397	0.27533	24.5992	
0.998204	0.000705004	0.0598954	0.000708318	0.999722	-0.023572	-0.0598954	0.0235721	0.997926	-0.764139	0.300019	25.6673	
0.998049	0.000766281	0.0624352	0.000770033	0.999698	-0.0245788	-0.0624351	0.0245789	0.997746	-0.829598	0.325785	26.7352	
0.997886	0.000830194	0.0649772	0.000834421	0.999672	-0.0255871	-0.0649772	0.0255873	0.997559	-0.897777	0.352629	27.8029	
0.997717	0.000896748	0.0675215	0.00090149	0.999646	-0.0265969	-0.0675214	0.0265971	0.997363	-0.968677	0.380553	28.8703	
0.997542	0.00096595	0.0700678	0.000971247	0.999618	-0.0276081	-0.0700678	0.0276083	0.99716	-1.0423	0.409558	29.9376	
0.997359	0.00103781	0.0726161	0.0010437	0.99959	-0.0286207	-0.072616	0.0286209	0.996949	-1.11865	0.439647	31.0047	
0.99717	0.00111232	0.0751662	0.00111885	0.99956	-0.0296346	-0.0751661	0.0296348	0.996731	-1.19773	0.470819	32.0715	
0.996975	0.0011895	0.0777179	0.00119671	0.999529	-0.0306497	-0.0777178	0.03065	0.996504	-1.27954	0.503078	33.1381	
0.996772	0.00126934	0.0802712	0.00127729	0.999498	-0.031666	-0.080271	0.0316663	0.99627	-1.36408	0.536423	34.2044	
0.996563	0.00135185	0.0828258	0.00136058	0.999465	-0.0326835	-0.0828257	0.0326838	0.996028	-1.45135	0.570857	35.2705	
0.996347	0.00143704	0.0853817	0.0014466	0.999431	-0.0337021	-0.0853816	0.0337025	0.995778	-1.54136	0.606381	36.3363	
0.996125	0.0015249	0.0879387	0.00153535	0.999396	-0.0347217	-0.0879385	0.0347221	0.995521	-1.6341	0.642995	37.4019	
0.995895	0.00161545	0.0904967	0.00162682	0.99936	-0.0357422	-0.0904965	0.0357428	0.995255	-1.72958	0.680701	38.4671	
0.995659	0.00170867	0.0930556	0.00172103	0.999323	-0.0367638	-0.0930553	0.0367643	0.994982	-1.8278	0.719499	39.5321	
0.995417	0.00180457	0.0956151	0.00181798	0.999284	-0.0377862	-0.0956149	0.0377868	0.994701	-1.92876	0.759392	40.5968	
0.995167	0.00190316	0.0981752	0.00191767	0.999245	-0.0388094	-0.098175	0.0388101	0.994412	-2.03246	0.800379	41.6612	
0.994911	0.00200442	0.100736	0.0020201	0.999204	-0.0398334	-0.100735	0.0398341	0.994115	-2.1389	0.842461	42.7252	
0.994648	0.00210837	0.103297	0.00212527	0.999163	-0.0408581	-0.103296	0.0408589	0.993811	-2.24807	0.88564	43.789	
0.994379	0.002215	0.105858	0.00223318	0.99912	-0.0418834	-0.105857	0.0418844	0.993499	-2.35999	0.929916	44.8524	
0.994103	0.00232431	0.108419	0.00234384	0.999076	-0.0429094	-0.108418	0.0429104	0.993179	-2.47465	0.97529	45.9154	
0.99382	0.0024363	0.11098	0.00245724	0.999031	-0.0439359	-0.110979	0.0439371	0.992851	-2.59205	1.02176	46.9782	
0.99353	0.00255096	0.11354	0.00257338	0.998985	-0.0449629	-0.11354	0.0449642	0.992515	-2.71219	1.06933	48.0405	
0.993234	0.0026683	0.116101	0.00269226	0.998938	-0.0459904	-0.1161	0.0459918	0.992172	-2.83507	1.118	49.1026	
0.992931	0.00278831	0.11866	0.00281389	0.99889	-0.0470182	-0.11866	0.0470198	0.991821	-2.96069	1.16777	50.1642	
0.992621	0.00291098	0.12122	0.00293824	0.998841	-0.0480464	-0.121219	0.0480481	0.991462	-3.08905	1.21865	51.2255	
0.992305	0.00303631	0.123778	0.00306534	0.99879	-0.0490749	-0.123777	0.0490767	0.991096	-3.22015	1.27062	52.2863	
0.991983	0.0031643	0.126335	0.00319516	0.998739	-0.0501036	-0.126335	0.0501055	0.990721	-3.35398	1.32369	53.3468	
0.991653	0.00329495	0.128892	0.00332772	0.998686	-0.0511325	-0.128891	0.0511346	0.99034	-3.49056	1.37786	54.4069	
0.991317	0.00342824	0.131447	0.00346299	0.998633	-0.0521614	-0.131446	0.0521637	0.98995	-3.62986	1.43314	55.4665	
0.990975	0.00356417	0.134001	0.00360098	0.998578	-0.0531905	-0.134	0.053193	0.989553	-3.7719	1.48952	56.5258	
0.990626	0.00370273	0.136553	0.00374169	0.998522	-0.0542196	-0.136552	0.0542222	0.989148	-3.91668	1.54699	57.5846	
0.99027	0.00384392	0.139104	0.0038851	0.998465	-0.0552486	-0.139103	0.0552515	0.988735	-4.06418	1.60557	58.6429	
0.989908	0.00398772	0.141654	0.00403122	0.998407	-0.0562775	-0.141652	0.0562806	0.988315	-4.21441	1.66525	59.7008	
0.98954	0.00413414	0.144201	0.00418002	0.998348	-0.0573062	-0.1442	0.0573096	0.987888	-4.36737	1.72604	60.7583	
0.989165	0.00428316	0.146746	0.00433152	0.998288	-0.0583348	-0.146745	0.0583384	0.987453	-4.52306	1.78792	61.8153	
0.988784	0.00443477	0.149289	0.00448569	0.998226	-0.0593631	-0.149288	0.0593669	0.98701	-4.68146	1.8509	62.8719	
0.988396	0.00458896	0.15183	0.00464253	0.998164	-0.0603911	-0.151829	0.0603952	0.98656	-4.84259	1.91499	63.9279	
0.988002	0.00474573	0.154369	0.00480204	0.998101	-0.0614187	-0.154367	0.0614231	0.986102	-5.00644	1.98017	64.9835	
0.987602	0.00490505	0.156905	0.00496419	0.998036	-0.0624459	-0.156903	0.0624505	0.985638	-5.173	2.04646	66.0386	
0.987195	0.00506693	0.159438	0.00512899	0.99797	-0.0634726	-0.159436	0.0634775	0.985165	-5.34227	2.11384	67.0932	
0.986782	0.00523135	0.161969	0.00529642	0.997904	-0.0644987	-0.161967	0.064504	0.984686	-5.51426	2.18233	68.1472	
0.986363	0.00539829	0.164497	0.00546647	0.997836	-0.0655243	-0.164495	0.06553	0.984199	-5.68895	2.25191	69.2008	
0.985938	0.00556775	0.167022	0.00563914	0.997767	-0.0665492	-0.167019	0.0665553	0.983705	-5.86634	2.32259	70.2538	
0.985543	0.0057298	0.16933	0.0064749	0.997424	-0.0714365	-0.169303	0.0715001	0.982967	-6.04631	2.39646	71.3062	
0.985791	0.00560497	0.167885	0.0109755	0.995158	-0.0976707	-0.167619	0.0981255	0.980956	-6.2266	2.48723	72.3571	
0.986036	0.00544102	0.166443	0.0154296	0.992182	-0.123842	-0.165816	0.124681	0.978243	-6.40504	2.60646	73.4056	
0.986279	0.00523804	0.165006	0.0198339	0.988497	-0.149931	-0.163893	0.151147	0.97483	-6.58147	2.75407	74.4507	
0.986518	0.00499619	0.163574	0.0241852	0.984107	-0.17592	-0.161853	0.177504	0.970719	-6.75579	2.92994	75.4919	
0.986755	0.00471565	0.162149	0.0284805	0.979015	-0.20179	-0.159698	0.203735	0.965913	-6.92787	3.13395	76.5282	
0.986988	0.00439661	0.160731	0.0327167	0.973223	-0.227522	-0.157428	0.22982	0.960416	-7.09757	3.36596	77.559	
0.987218	0.00403929	0.159323	0.0368907	0.966737	-0.253098	-0.155045	0.25574	0.954232	-7.26478	3.6258	78.5836	
0.987445	0.00364397	0.157923	0.0409996	0.959561	-0.278499	-0.152552	0.281477	0.947364	-7.42939	3.91328	79.6012	
0.987667	0.00321091	0.156534	0.0450405	0.9517	-0.303708	-0.149949	0.307013	0.939818	-7.59127	4.2282	80.6111	
0.987886	0.00274044	0.155157	0.0490103	0.943159	-0.328707	-0.147239	0.332329	0.9316	-7.7503	4.57034	81.6126	
0.988101	0.00223287	0.153793	0.0529064	0.933946	-0.353477	-0.144423	0.357407	0.922714	-7.90638	4.93944	82.6049	
0.988311	0.00168859	0.152442	0.0567258	0.924066	-0.378001	-0.141505	0.38223	0.913169	-8.05939	5.33524	83.5873	
0.988517	0.00110798	0.151105	0.0604659	0.913526	-0.402261	-0.138484	0.406778	0.902969	-8.20922	5.75747	84.5592	
0.988719	0.000491452	0.149784	0.064124	0.902335	-0.42624	-0.135365	0.431036	0.892123	-8.35577	6.20581	85.5198	
0.988915	-0.000160551	0.14848	0.0676975	0.890499	-0.449921	-0.132149	0.454985	0.880639	-8.49892	6.67995	86.4685	
0.989107	-0.00084756	0.147193	0.0711838	0.878028	-0.473286	-0.128838	0.478608	0.868524	-8.63859	7.17955	87.4045	
0.989295	-0.00156909	0.145924	0.0745804	0.86493	-0.496319	-0.125435	0.501889	0.855788	-8.77466	7.70424	88.3273	
0.989477	-0.00232461	0.144674	0.0778849	0.851216	-0.519005	-0.121942	0.524811	0.842439	-8.90704	8.25366	89.236	
0.989653	-0.00311359	0.143444	0.0810949	0.836894	-0.541325	-0.118362	0.547357	0.828487	-9.03563	8.82741	90.1302	
0.989825	-0.00393547	0.142236	0.0842081	0.821974	-0.563265	-0.114698	0.569511	0.813942	-9.16035	9.42509	91.0091	
0.989991	-0.00478965	0.141049	0.0872223	0.806469	-0.584808	-0.110951	0.591257	0.798815	-9.2811	10.0463	91.8722	
0.990151	-0.00567553	0.139885	0.0901354	0.790388	-0.605939	-0.107124	0.61258	0.783115	-9.3978	10.6905	92.7187	
0.990306	-0.00659246	0.138744	0.0929452	0.773743	-0.626644	-0.103221	0.633465	0.766855	-9.51036	11.3573	93.5482	
0.990455	-0.0075398	0.137628	0.0956497	0.756546	-0.646907	-0.0992445	0.653896	0.750047	-9.61871	12.0462	94.3599	
0.990598	-0.00851687	0.136537	0.0982471	0.73881	-0.666714	-0.0951966	0.67386	0.732701	-9.72276	12.7567	95.1534	
0.990735	-0.00952296	0.135472	0.100735	0.720547	-0.68605	-0.0910806	0.693341	0.714831	-9.82244	13.4883	95.928	
0.990866	-0.0105574	0.134433	0.103113	0.70177	-0.704902	-0.0868993	0.712325	0.696449	-9.91769	14.2406	96.6832	
0.990991	-0.0116193	0.133422	0.105378	0.682493	-0.723256	-0.0826559	0.7308	0.677569	-10.0084	15.0128	97.4185	
0.99111	-0.0127081	0.132439	0.107529	0.662729	-0.741099	-0.0783533	0.748752	0.658203	-10.0946	15.8046	98.1333	
0.991222	-0.0138229	0.131485	0.109564	0.642492	-0.758419	-0.0739946	0.766167	0.638367	-10.1761	16.6153	98.8271	
0.991327	-0.0149629	0.13056	0.111482	0.621798	-0.775203	-0.069583	0.783035	0.618074	-10.2529	17.4443	99.4995	
0.991427	-0.0161273	0.129666	0.113281	0.600661	-0.791438	-0.0651215	0.799342	0.597338	-10.325	18.2911	100.15	
