1	0	0	0	1	0	0	0	1	0	0	0	
0.999989	4.61974e-06	0.00464502	4.61974e-06	0.999998	-0.0019891	-0.00464502	0.0019891	0.999987	-0.00218997	0.000937792	0.942925	
0.999957	1.84837e-05	0.00929107	1.84843e-05	0.999992	-0.00397877	-0.00929107	0.00397877	0.999949	-0.00876036	0.00375144	1.88583	
0.999903	4.15987e-05	0.013938	4.16012e-05	0.999982	-0.00596895	-0.013938	0.00596895	0.999885	-0.0197121	0.00844144	2.82868	
0.999827	7.39713e-05	0.0185856	7.39775e-05	0.999968	-0.00795957	-0.0185856	0.00795957	0.999796	-0.0350458	0.0150083	3.77146	
0.99973	0.000115607	0.0232339	0.00011562	0.99995	-0.00995058	-0.0232339	0.00995058	0.999681	-0.0547623	0.0234523	4.71414	
0.999611	0.000166513	0.0278825	0.000166535	0.999929	-0.0119419	-0.0278825	0.0119419	0.99954	-0.0788619	0.0337738	5.65671	
0.999471	0.000226693	0.0325315	0.000226727	0.999903	-0.0139335	-0.0325315	0.0139335	0.999374	-0.107345	0.0459732	6.59913	
0.999309	0.000296152	0.0371807	0.000296204	0.999873	-0.0159253	-0.0371807	0.0159253	0.999182	-0.140212	0.0600506	7.54138	
0.999125	0.000374894	0.0418298	0.000374969	0.999839	-0.0179172	-0.0418298	0.0179172	0.998964	-0.177463	0.0760062	8.48343	
0.998919	0.000462924	0.0464788	0.000463026	0.999802	-0.0199092	-0.0464788	0.0199092	0.998721	-0.219097	0.0938401	9.42527	
0.998692	0.000560245	0.0511276	0.000560381	0.99976	-0.0219013	-0.0511276	0.0219013	0.998452	-0.265115	0.113552	10.3669	
0.998443	0.000666859	0.0557759	0.000667037	0.999714	-0.0238933	-0.0557759	0.0238933	0.998157	-0.315517	0.135143	11.3082	
0.998173	0.00078277	0.0604236	0.000782997	0.999665	-0.0258851	-0.0604236	0.0258851	0.997837	-0.370301	0.158612	12.2492	
0.99788	0.00090798	0.0650707	0.000908263	0.999611	-0.0278768	-0.0650707	0.0278768	0.997491	-0.429467	0.183959	13.19	
0.997566	0.00104249	0.0697169	0.00104284	0.999553	-0.0298683	-0.0697169	0.0298683	0.99712	-0.493015	0.211183	14.1304	
0.997231	0.0011863	0.0743621	0.00118673	0.999492	-0.0318595	-0.0743621	0.0318595	0.996722	-0.560943	0.240286	15.0704	
0.996873	0.00133942	0.0790062	0.00133992	0.999426	-0.0338503	-0.0790062	0.0338503	0.996299	-0.633251	0.271266	16.01	
0.996494	0.00150184	0.083649	0.00150244	0.999356	-0.0358407	-0.083649	0.0358408	0.995851	-0.709937	0.304123	16.9493	
0.996093	0.00167356	0.0882904	0.00167427	0.999283	-0.0378307	-0.0882903	0.0378307	0.995376	-0.791001	0.338856	17.8881	
0.995671	0.00185458	0.0929302	0.00185541	0.999205	-0.0398201	-0.0929302	0.0398201	0.994876	-0.87644	0.375466	18.8264	
0.995227	0.00204491	0.0975683	0.00204587	0.999124	-0.0418089	-0.0975683	0.0418089	0.99435	-0.966253	0.413951	19.7642	
0.994761	0.00224454	0.102205	0.00224564	0.999038	-0.043797	-0.102205	0.0437971	0.993799	-1.06044	0.454312	20.7016	
0.994273	0.00245347	0.106839	0.00245473	0.998948	-0.0457844	-0.106839	0.0457845	0.993222	-1.159	0.496546	21.6384	
0.993764	0.00267169	0.111471	0.00267312	0.998855	-0.0477711	-0.111471	0.0477712	0.992619	-1.26192	0.540655	22.5747	
0.993233	0.00289921	0.116101	0.00290083	0.998757	-0.0497569	-0.116101	0.049757	0.99199	-1.36921	0.586636	23.5103	
0.992681	0.00313603	0.120728	0.00313785	0.998656	-0.0517418	-0.120728	0.0517419	0.991336	-1.48087	0.634489	24.4454	
0.992106	0.00338213	0.125353	0.00338417	0.99855	-0.0537257	-0.125353	0.0537258	0.990656	-1.59689	0.684213	25.3798	
0.991511	0.00363752	0.129975	0.00363979	0.99844	-0.0557086	-0.129975	0.0557087	0.989951	-1.71727	0.735808	26.3136	
0.990893	0.00390219	0.134595	0.00390471	0.998327	-0.0576904	-0.134594	0.0576906	0.98922	-1.842	0.789272	27.2467	
0.990254	0.00417614	0.139211	0.00417893	0.998209	-0.0596711	-0.139211	0.0596713	0.988463	-1.97109	0.844604	28.1792	
0.989593	0.00445936	0.143824	0.00446244	0.998088	-0.0616505	-0.143824	0.0616507	0.987681	-2.10453	0.901803	29.1108	
0.988911	0.00475184	0.148434	0.00475523	0.997962	-0.0636287	-0.148434	0.0636289	0.986873	-2.24232	0.960868	30.0418	
0.988207	0.00505359	0.153041	0.00505731	0.997833	-0.0656055	-0.15304	0.0656058	0.98604	-2.38446	1.0218	30.9719	
0.987482	0.0053646	0.157644	0.00536866	0.997699	-0.067581	-0.157643	0.0675813	0.985181	-2.53094	1.08459	31.9013	
0.986734	0.00568485	0.162243	0.00568928	0.997562	-0.069555	-0.162243	0.0695554	0.984296	-2.68175	1.14925	32.8298	
0.985966	0.00601434	0.166838	0.00601917	0.99742	-0.0715275	-0.166838	0.0715279	0.983386	-2.8369	1.21576	33.7575	
0.985176	0.00635307	0.17143	0.00635831	0.997275	-0.0734984	-0.17143	0.0734989	0.982451	-2.99638	1.28414	34.6844	
0.984364	0.00670103	0.176017	0.0067067	0.997126	-0.0754677	-0.176017	0.0754682	0.98149	-3.16019	1.35437	35.6103	
0.983531	0.0070582	0.1806	0.00706434	0.996972	-0.0774353	-0.1806	0.0774359	0.980504	-3.32832	1.42646	36.5353	
0.982677	0.00742459	0.185179	0.00743121	0.996815	-0.0794011	-0.185179	0.0794018	0.979492	-3.50078	1.5004	37.4594	
0.981801	0.00780018	0.189753	0.0078073	0.996654	-0.0813652	-0.189753	0.0813658	0.978455	-3.67754	1.5762	38.3825	
0.980904	0.00818496	0.194323	0.00819261	0.996489	-0.0833273	-0.194322	0.0833281	0.977392	-3.85862	1.65385	39.3046	
0.979985	0.00857892	0.198887	0.00858713	0.996319	-0.0852875	-0.198887	0.0852883	0.976304	-4.04401	1.73334	40.2257	
0.979045	0.00898205	0.203447	0.00899085	0.996146	-0.0872457	-0.203447	0.0872466	0.975191	-4.23369	1.81469	41.1458	
0.978083	0.00939435	0.208002	0.00940376	0.995969	-0.0892019	-0.208001	0.0892029	0.974053	-4.42768	1.89788	42.0648	
0.977101	0.0098158	0.212551	0.00982585	0.995788	-0.0911559	-0.212551	0.091157	0.972889	-4.62595	1.98291	42.9827	
0.976097	0.0102464	0.217095	0.0102571	0.995603	-0.0931078	-0.217095	0.093109	0.9717	-4.82852	2.06979	43.8995	
0.975071	0.0106861	0.221634	0.0106975	0.995414	-0.0950575	-0.221633	0.0950587	0.970486	-5.03536	2.1585	44.8152	
0.974025	0.0111349	0.226167	0.0111471	0.995221	-0.0970048	-0.226166	0.0970062	0.969246	-5.24648	2.24905	45.7297	
0.972957	0.0115929	0.230694	0.0116058	0.995025	-0.0989498	-0.230693	0.0989513	0.967982	-5.46188	2.34144	46.643	
0.971869	0.0120599	0.235215	0.0120736	0.994824	-0.100892	-0.235214	0.100894	0.966693	-5.68154	2.43566	47.5551	
0.970759	0.012536	0.23973	0.0125505	0.99462	-0.102832	-0.239729	0.102834	0.965378	-5.90545	2.53171	48.466	
0.969628	0.0130212	0.244239	0.0130365	0.994411	-0.10477	-0.244238	0.104772	0.964039	-6.13363	2.62959	49.3757	
0.968476	0.0135154	0.248742	0.0135316	0.994199	-0.106705	-0.248741	0.106707	0.962674	-6.36605	2.7293	50.2841	
0.967302	0.0140186	0.253238	0.0140358	0.993982	-0.108637	-0.253237	0.10864	0.961285	-6.60272	2.83082	51.1912	
0.966108	0.0145309	0.257728	0.014549	0.993762	-0.110567	-0.257727	0.110569	0.959871	-6.84362	2.93417	52.0969	
0.964893	0.0150522	0.26221	0.0150712	0.993538	-0.112494	-0.262209	0.112496	0.958431	-7.08875	3.03934	53.0013	
0.963657	0.0155825	0.266686	0.0156025	0.99331	-0.114418	-0.266685	0.114421	0.956968	-7.33811	3.14633	53.9044	
0.962401	0.0161217	0.271155	0.0161428	0.993078	-0.116339	-0.271154	0.116342	0.955479	-7.59168	3.25512	54.806	
0.961123	0.0166699	0.275617	0.0166921	0.992843	-0.118257	-0.275616	0.11826	0.953966	-7.84946	3.36573	55.7063	
0.959824	0.017227	0.280072	0.0172504	0.992603	-0.120173	-0.28007	0.120176	0.952428	-8.11145	3.47814	56.6051	
0.95771	0.0181376	0.287163	0.0184065	0.992105	-0.12405	-0.287146	0.12409	0.949815	-8.37887	3.59331	57.5019	
0.955542	0.0190775	0.294236	0.0195911	0.991592	-0.127915	-0.294202	0.127993	0.947134	-8.65296	3.71216	58.3963	
0.953322	0.0200465	0.301288	0.0208041	0.991062	-0.131768	-0.301237	0.131886	0.944385	-8.93369	3.83468	59.2881	
0.95105	0.0210446	0.308321	0.0220453	0.990517	-0.135609	-0.308251	0.135768	0.941567	-9.22104	3.96087	60.1772	
0.948724	0.0220716	0.315333	0.0233146	0.989956	-0.139437	-0.315243	0.139639	0.938681	-9.515	4.09072	61.0637	
0.946347	0.0231275	0.322323	0.0246121	0.98938	-0.143252	-0.322213	0.143499	0.935728	-9.81554	4.22421	61.9474	
0.943918	0.0242122	0.329292	0.0259375	0.988788	-0.147054	-0.32916	0.147348	0.932707	-10.1226	4.36133	62.8283	
0.941437	0.0253257	0.336237	0.0272909	0.988181	-0.150843	-0.336083	0.151185	0.929619	-10.4363	4.50208	63.7063	
0.938904	0.0264677	0.34316	0.028672	0.987558	-0.154618	-0.342983	0.15501	0.926464	-10.7564	4.64644	64.5814	
0.93632	0.0276381	0.350059	0.0300809	0.98692	-0.158379	-0.349857	0.158824	0.923242	-11.0831	4.7944	65.4535	
0.933685	0.028837	0.356933	0.0315173	0.986267	-0.162126	-0.356706	0.162625	0.919953	-11.4162	4.94596	66.3225	
0.930999	0.0300642	0.363782	0.0329813	0.985598	-0.16586	-0.363529	0.166413	0.916599	-11.7558	5.10109	67.1884	
0.928262	0.0313195	0.370606	0.0344728	0.984914	-0.169578	-0.370326	0.170189	0.913178	-12.1018	5.25978	68.0511	
0.925475	0.0326028	0.377404	0.0359916	0.984214	-0.173282	-0.377096	0.173952	0.909692	-12.4542	5.42203	68.9105	
0.922637	0.0339141	0.384175	0.0375376	0.9835	-0.176972	-0.383838	0.177702	0.90614	-12.8129	5.58783	69.7666	
0.915196	0.0374089	0.401269	0.0430283	0.980921	-0.189585	-0.400705	0.190773	0.896126	-13.1828	5.76156	70.6163	
0.907437	0.0411506	0.418167	0.0487536	0.97816	-0.202055	-0.417349	0.203739	0.885613	-13.5685	5.94757	71.4564	
0.899365	0.0451373	0.434862	0.0547103	0.975218	-0.214374	-0.433762	0.216592	0.874608	-13.9698	6.14575	72.2863	
0.890984	0.0493666	0.451344	0.060895	0.972097	-0.226536	-0.449933	0.229324	0.863117	-14.3865	6.35599	73.1056	
0.882298	0.0538362	0.467603	0.0673043	0.968799	-0.238534	-0.465855	0.241929	0.851146	-14.8182	6.57818	73.9139	
0.873313	0.0585436	0.48363	0.0739347	0.965326	-0.25036	-0.481517	0.2544	0.838702	-15.2649	6.81219	74.7106	
0.864033	0.0634862	0.499417	0.0807824	0.961678	-0.26201	-0.496912	0.266729	0.825793	-15.7262	7.0579	75.4954	
0.854463	0.0686613	0.514954	0.0878437	0.95786	-0.273475	-0.512031	0.27891	0.812424	-16.2019	7.31516	76.2678	
0.84461	0.074066	0.530234	0.0951147	0.953871	-0.28475	-0.526866	0.290936	0.798604	-16.6918	7.58383	77.0274	
0.834478	0.0796973	0.545248	0.102591	0.949716	-0.295829	-0.541407	0.3028	0.784341	-17.1954	7.86377	77.7737	
0.824073	0.085552	0.559986	0.110269	0.945396	-0.306704	-0.555648	0.314496	0.769641	-17.7127	8.15482	78.5064	
0.813401	0.091627	0.574442	0.118144	0.940913	-0.317372	-0.56958	0.326017	0.754514	-18.2432	8.45681	79.225	
0.802467	0.0979187	0.588607	0.126212	0.93627	-0.327824	-0.583195	0.337357	0.738968	-18.7867	8.76958	79.9292	
0.791279	0.104424	0.602473	0.134468	0.93147	-0.338056	-0.596487	0.34851	0.723011	-19.3429	9.09296	80.6185	
0.779841	0.111139	0.616033	0.142908	0.926515	-0.348062	-0.609447	0.359469	0.706652	-19.9115	9.42676	81.2926	
0.768161	0.118059	0.629278	0.151527	0.921408	-0.357836	-0.622068	0.370228	0.6899	-20.4922	9.77081	81.951	
0.756244	0.125182	0.642203	0.160321	0.916152	-0.367373	-0.634344	0.380782	0.672765	-21.0845	10.1249	82.5935	
0.744098	0.132504	0.654798	0.169283	0.91075	-0.376667	-0.646267	0.391124	0.655257	-21.6883	10.4888	83.2196	
0.73173	0.140019	0.667058	0.17841	0.905204	-0.385714	-0.657831	0.401248	0.637384	-22.3032	10.8624	83.8291	
0.719145	0.147724	0.678976	0.187696	0.899518	-0.394508	-0.66903	0.41115	0.619157	-22.9288	11.2455	84.4215	
0.706351	0.155615	0.690544	0.197137	0.893696	-0.403045	-0.679856	0.420823	0.600586	-23.5648	11.6377	84.9966	
0.693356	0.163687	0.701758	0.206726	0.887739	-0.411319	-0.690305	0.430262	0.581681	-24.2108	12.039	85.5541	
0.680166	0.171936	0.712609	0.216459	0.881652	-0.419326	-0.700371	0.439462	0.562453	-24.8665	12.4491	86.0935	
