1	0	0	0	1	0	0	0	1	0	0	0	
0.999999	-3.63726e-06	0.00147161	-3.63726e-06	0.999988	0.0049432	-0.00147161	-0.0049432	0.999987	-0.00074584	-0.00250531	1.01363	
0.999996	-1.45514e-05	0.00294309	-1.45583e-05	0.999951	0.00989061	-0.00294309	-0.00989061	0.999947	-0.0029833	-0.0100234	2.02724	
0.99999	-3.27474e-05	0.00441438	-3.27748e-05	0.99989	0.014842	-0.00441438	-0.014842	0.99988	-0.0067122	-0.0225583	3.04079	
0.999983	-5.82295e-05	0.00588541	-5.8298e-05	0.999804	0.0197973	-0.00588541	-0.0197973	0.999787	-0.0119323	-0.0401142	4.05426	
0.999973	-9.10013e-05	0.00735614	-9.11384e-05	0.999694	0.0247561	-0.00735614	-0.0247561	0.999666	-0.0186434	-0.0626947	5.06762	
0.999961	-0.000131066	0.00882649	-0.000131306	0.999558	0.0297184	-0.00882649	-0.0297184	0.999519	-0.0268451	-0.0903035	6.08084	
0.999947	-0.000178426	0.0102964	-0.000178811	0.999398	0.0346839	-0.0102964	-0.0346839	0.999345	-0.0365369	-0.122944	7.09391	
0.999931	-0.000233084	0.0117659	-0.000233661	0.999214	0.0396525	-0.0117658	-0.0396525	0.999144	-0.0477185	-0.160619	8.10678	
0.999912	-0.00029504	0.0132347	-0.000295865	0.999004	0.0446239	-0.0132347	-0.0446239	0.998916	-0.0603893	-0.203332	9.11944	
0.999892	-0.000364297	0.014703	-0.000365431	0.998769	0.0495979	-0.014703	-0.0495979	0.998661	-0.0745487	-0.251085	10.1318	
0.999869	-0.000440853	0.0161707	-0.000442366	0.99851	0.0545744	-0.0161706	-0.0545744	0.998379	-0.090196	-0.303882	11.144	
0.999844	-0.000524708	0.0176376	-0.000526678	0.998225	0.0595532	-0.0176375	-0.0595532	0.998069	-0.107331	-0.361724	12.1558	
0.999817	-0.000615863	0.0191037	-0.000618371	0.997915	0.064534	-0.0191036	-0.064534	0.997733	-0.125952	-0.424614	13.1673	
0.999788	-0.000714315	0.0205689	-0.000717451	0.997581	0.0695167	-0.0205688	-0.0695168	0.997369	-0.146058	-0.492553	14.1785	
0.999757	-0.000820062	0.0220333	-0.000823925	0.997221	0.0745011	-0.0220332	-0.0745012	0.996977	-0.16765	-0.565544	15.1893	
0.999723	-0.000933102	0.0234967	-0.000937795	0.996835	0.079487	-0.0234966	-0.079487	0.996559	-0.190725	-0.643589	16.1996	
0.999688	-0.00105343	0.0249592	-0.00105907	0.996425	0.0844741	-0.0249589	-0.0844742	0.996113	-0.215284	-0.726687	17.2096	
0.99965	-0.00118105	0.0264205	-0.00118774	0.995989	0.0894624	-0.0264202	-0.0894625	0.99564	-0.241323	-0.814842	18.219	
0.99961	-0.00131595	0.0278807	-0.00132383	0.995529	0.0944516	-0.0278803	-0.0944517	0.995139	-0.268844	-0.908053	19.228	
0.999568	-0.00145813	0.0293397	-0.00146732	0.995042	0.0994414	-0.0293393	-0.0994416	0.994611	-0.297844	-1.00632	20.2364	
0.999524	-0.00160757	0.0307975	-0.00161823	0.994531	0.104432	-0.030797	-0.104432	0.994055	-0.328322	-1.10965	21.2443	
0.999478	-0.00176429	0.032254	-0.00177655	0.993994	0.109423	-0.0322534	-0.109423	0.993472	-0.360277	-1.21803	22.2516	
0.99943	-0.00192827	0.0337092	-0.00194228	0.993431	0.114413	-0.0337084	-0.114414	0.992861	-0.393708	-1.33148	23.2583	
0.999379	-0.0020995	0.0351629	-0.00211543	0.992843	0.119404	-0.0351619	-0.119404	0.992223	-0.428613	-1.44998	24.2644	
0.999327	-0.00227798	0.0366152	-0.002296	0.99223	0.124395	-0.036614	-0.124395	0.991557	-0.46499	-1.57354	25.2698	
0.999272	-0.00246369	0.0380659	-0.00248397	0.991591	0.129385	-0.0380646	-0.129385	0.990864	-0.502839	-1.70217	26.2746	
0.999215	-0.00265664	0.0395151	-0.00267936	0.990927	0.134374	-0.0395135	-0.134375	0.990143	-0.542157	-1.83584	27.2786	
0.999157	-0.00285681	0.0409626	-0.00288217	0.990237	0.139363	-0.0409608	-0.139363	0.989394	-0.582943	-1.97458	28.2818	
0.999096	-0.00306419	0.0424084	-0.00309237	0.989522	0.14435	-0.0424064	-0.144351	0.988617	-0.625195	-2.11837	29.2843	
0.999033	-0.00327878	0.0438525	-0.00330999	0.988781	0.149336	-0.0438502	-0.149337	0.987814	-0.668912	-2.26722	30.286	
0.998968	-0.00350056	0.0452948	-0.00353501	0.988014	0.154321	-0.0452922	-0.154322	0.986982	-0.714091	-2.42112	31.2869	
0.9989	-0.00372952	0.0467353	-0.00376743	0.987222	0.159305	-0.0467323	-0.159306	0.986123	-0.76073	-2.58007	32.2869	
0.998831	-0.00396566	0.0481738	-0.00400724	0.986405	0.164286	-0.0481704	-0.164287	0.985236	-0.808829	-2.74407	33.286	
0.99876	-0.00420895	0.0496104	-0.00425444	0.985561	0.169266	-0.0496065	-0.169267	0.984321	-0.858384	-2.91313	34.2842	
0.998686	-0.00445939	0.051045	-0.00450903	0.984692	0.174243	-0.0510406	-0.174244	0.983379	-0.909394	-3.08722	35.2815	
0.998611	-0.00471696	0.0524775	-0.004771	0.983798	0.179218	-0.0524726	-0.179219	0.982409	-0.961857	-3.26637	36.2778	
0.998533	-0.00498166	0.0539079	-0.00504034	0.982878	0.18419	-0.0539024	-0.184192	0.981411	-1.01577	-3.45055	37.2731	
0.998454	-0.00525347	0.0553361	-0.00531705	0.981932	0.18916	-0.05533	-0.189162	0.980386	-1.07113	-3.63977	38.2674	
0.998372	-0.00553237	0.0567621	-0.00560112	0.98096	0.194127	-0.0567553	-0.194129	0.979333	-1.12794	-3.83403	39.2606	
0.998289	-0.00581835	0.0581858	-0.00589254	0.979963	0.19909	-0.0581783	-0.199092	0.978252	-1.18619	-4.03332	40.2528	
0.998203	-0.00611139	0.0596072	-0.0061913	0.978941	0.20405	-0.0595989	-0.204053	0.977144	-1.24588	-4.23765	41.2438	
0.998116	-0.00641149	0.0610261	-0.0064974	0.977893	0.209007	-0.0610171	-0.20901	0.976008	-1.30701	-4.44699	42.2337	
0.998026	-0.00671861	0.0624427	-0.00681083	0.976819	0.21396	-0.0624327	-0.213963	0.974845	-1.36958	-4.66136	43.2224	
0.997934	-0.00703276	0.0638568	-0.00713157	0.975719	0.218909	-0.0638458	-0.218913	0.973653	-1.43358	-4.88075	44.2099	
0.997841	-0.00735391	0.0652683	-0.00745963	0.974594	0.223854	-0.0652563	-0.223858	0.972435	-1.49901	-5.10516	45.1963	
0.997745	-0.00768204	0.0666772	-0.00779497	0.973443	0.228795	-0.0666641	-0.228799	0.971188	-1.56587	-5.33457	46.1813	
0.997647	-0.00801714	0.0680835	-0.00813761	0.972267	0.233732	-0.0680692	-0.233736	0.969915	-1.63415	-5.569	47.1651	
0.997548	-0.00835918	0.0694871	-0.00848752	0.971065	0.238663	-0.0694715	-0.238668	0.968613	-1.70386	-5.80842	48.1476	
0.997446	-0.00870816	0.070888	-0.00884469	0.969838	0.24359	-0.0708711	-0.243595	0.967284	-1.77499	-6.05284	49.1287	
0.997343	-0.00906405	0.072286	-0.00920911	0.968585	0.248512	-0.0722677	-0.248517	0.965928	-1.84754	-6.30225	50.1085	
0.997237	-0.00942682	0.0736812	-0.00958077	0.967307	0.253429	-0.0736614	-0.253434	0.964544	-1.9215	-6.55665	51.0869	
0.99713	-0.00979648	0.0750736	-0.00995966	0.966003	0.25834	-0.0750521	-0.258346	0.963133	-1.99687	-6.81603	52.0639	
0.997021	-0.010173	0.076463	-0.0103458	0.964673	0.263246	-0.0764398	-0.263252	0.961694	-2.07365	-7.08039	53.0395	
0.996909	-0.0105563	0.0778494	-0.0107391	0.963319	0.268145	-0.0778244	-0.268153	0.960228	-2.15183	-7.34971	54.0135	
0.996796	-0.0109465	0.0792327	-0.0111395	0.961938	0.273039	-0.0792058	-0.273047	0.958734	-2.23142	-7.624	54.9861	
0.996681	-0.0113434	0.080613	-0.0115472	0.960533	0.277927	-0.0805841	-0.277936	0.957214	-2.3124	-7.90325	55.9571	
0.996564	-0.0117471	0.0819901	-0.011962	0.959102	0.282809	-0.0819591	-0.282818	0.955666	-2.39478	-8.18745	56.9266	
0.996445	-0.0121575	0.0833641	-0.0123839	0.957645	0.287684	-0.0833308	-0.287694	0.95409	-2.47855	-8.4766	57.8945	
0.996324	-0.0125747	0.0847348	-0.012813	0.956164	0.292552	-0.0846991	-0.292563	0.952488	-2.56371	-8.77068	58.8608	
0.996202	-0.0129986	0.0861023	-0.0132491	0.954657	0.297414	-0.0860641	-0.297425	0.950858	-2.65026	-9.0697	59.8255	
0.996077	-0.0134291	0.0874664	-0.0136924	0.953125	0.302268	-0.0874255	-0.30228	0.949202	-2.73819	-9.37364	60.7885	
0.995951	-0.0138663	0.0888271	-0.0141427	0.951567	0.307115	-0.0887835	-0.307128	0.947518	-2.82749	-9.6825	61.7497	
0.995822	-0.0143102	0.0901844	-0.0146001	0.949985	0.311955	-0.090138	-0.311969	0.945807	-2.91817	-9.99627	62.7093	
0.995692	-0.0147606	0.0915383	-0.0150645	0.948377	0.316788	-0.0914888	-0.316802	0.944069	-3.01023	-10.3149	63.6671	
0.995878	-0.0141041	0.0896025	-0.0156465	0.946318	0.322858	-0.0893461	-0.322929	0.942196	-3.10188	-10.6392	64.6231	
0.996059	-0.0134351	0.0876709	-0.016215	0.944218	0.328921	-0.0871996	-0.329046	0.940279	-3.19135	-10.9696	65.5772	
0.996236	-0.0127537	0.0857436	-0.01677	0.942078	0.334974	-0.0850493	-0.335151	0.938318	-3.27865	-11.3062	66.5293	
0.996408	-0.0120598	0.0838206	-0.0173114	0.939898	0.341017	-0.0828954	-0.341243	0.936313	-3.36377	-11.649	67.4794	
0.996576	-0.0113535	0.0819018	-0.0178391	0.937677	0.347049	-0.0807377	-0.347321	0.934264	-3.4467	-11.998	68.4275	
0.996739	-0.0106348	0.0799873	-0.0183529	0.935417	0.353069	-0.0785764	-0.353385	0.932172	-3.52745	-12.3532	69.3734	
0.996898	-0.00990358	0.0780771	-0.0188529	0.933118	0.359076	-0.0764113	-0.359434	0.930037	-3.606	-12.7144	70.3172	
0.998425	-0.00129398	0.0560821	-0.0194367	0.929826	0.367485	-0.0526221	-0.367996	0.928337	-3.6714	-13.0831	71.2591	
0.999389	0.0075155	0.0341343	-0.0198052	0.926458	0.375876	-0.0287991	-0.376322	0.926041	-3.71267	-13.4604	72.199	
0.999789	0.0165192	0.012248	-0.0199579	0.923016	0.384243	-0.00495768	-0.384406	0.923151	-3.72978	-13.8459	73.1363	
0.999624	0.0257114	-0.00956297	-0.0198949	0.919502	0.392582	0.018887	-0.392244	0.919667	-3.72272	-14.2396	74.0703	
0.998895	0.035086	-0.0312845	-0.0196161	0.915918	0.400886	0.0427195	-0.399829	0.915594	-3.69149	-14.641	75.0005	
0.997602	0.0446373	-0.0529026	-0.0191218	0.912266	0.409151	0.0665246	-0.407158	0.910932	-3.63612	-15.0501	75.9263	
0.995746	0.0543589	-0.0744034	-0.0184122	0.90855	0.417371	0.090287	-0.414226	0.905685	-3.55664	-15.4664	76.847	
0.993328	0.0642446	-0.0957731	-0.0174879	0.90477	0.425541	0.113991	-0.421027	0.899857	-3.4531	-15.8897	77.7621	
0.99035	0.0742882	-0.116998	-0.0163493	0.90093	0.433656	0.137623	-0.427558	0.893451	-3.32557	-16.3198	78.6711	
0.986813	0.0844831	-0.138065	-0.0149973	0.897033	0.44171	0.161165	-0.433815	0.886471	-3.17414	-16.7564	79.5732	
0.982721	0.0948228	-0.158959	-0.0134327	0.89308	0.449698	0.184605	-0.439793	0.878922	-2.99888	-17.1992	80.468	
0.978075	0.105301	-0.179668	-0.0116565	0.889074	0.457616	0.207926	-0.445488	0.870808	-2.79993	-17.6479	81.3548	
0.972879	0.11591	-0.200179	-0.00966992	0.885018	0.465457	0.231113	-0.450898	0.862136	-2.57741	-18.1022	82.2332	
0.967135	0.126644	-0.220477	-0.00747412	0.880914	0.473218	0.254152	-0.456018	0.85291	-2.33145	-18.5619	83.1024	
0.960849	0.137496	-0.240551	-0.00507055	0.876765	0.480892	0.277027	-0.460845	0.843136	-2.06223	-19.0266	83.9621	
0.954022	0.148458	-0.260387	-0.00246077	0.872574	0.488476	0.299725	-0.465376	0.83282	-1.7699	-19.496	84.8115	
0.946661	0.159524	-0.279973	0.00035355	0.868343	0.495964	0.322231	-0.469609	0.82197	-1.45467	-19.9699	85.6502	
0.93877	0.170687	-0.299295	0.00337061	0.864075	0.503351	0.344529	-0.473539	0.810592	-1.11672	-20.448	86.4777	
0.930353	0.181939	-0.318342	0.00658846	0.859774	0.510633	0.366606	-0.477166	0.798694	-0.756288	-20.9298	87.2933	
0.921416	0.193273	-0.337101	0.0100051	0.85544	0.517805	0.388448	-0.480487	0.786283	-0.373592	-21.4152	88.0967	
0.911966	0.204683	-0.355561	0.0136182	0.851078	0.524862	0.41004	-0.483498	0.773367	0.0311182	-21.9038	88.8872	
0.902007	0.21616	-0.373709	0.0174255	0.84669	0.5318	0.431369	-0.4862	0.759954	0.457583	-22.3953	89.6643	
0.891547	0.227697	-0.391533	0.0214246	0.84228	0.538615	0.452421	-0.488589	0.746053	0.905528	-22.8894	90.4277	
0.880592	0.239287	-0.409023	0.025613	0.837848	0.545302	0.473183	-0.490664	0.731674	1.37467	-23.3857	91.1766	
0.869149	0.250923	-0.426167	0.0299878	0.8334	0.551856	0.493641	-0.492425	0.716824	1.8647	-23.884	91.9108	
0.857225	0.262596	-0.442954	0.0345463	0.828937	0.558274	0.513781	-0.493869	0.701514	2.3753	-24.3839	92.6297	
0.844829	0.2743	-0.459373	0.0392856	0.824462	0.564551	0.533592	-0.494996	0.685754	2.90616	-24.8851	93.3328	
0.831968	0.286027	-0.475414	0.0442027	0.819979	0.570684	0.55306	-0.495805	0.669553	3.45693	-25.3872	94.0197	
