1	0	0	0	1	0	0	0	1	0	0	0	
0.999997	4.58947e-06	0.00259474	4.58947e-06	0.999994	-0.0035375	-0.00259474	0.0035375	0.99999	-0.00100317	0.00136766	0.77323	
0.999987	1.83696e-05	0.00519211	1.83551e-05	0.999975	-0.00707303	-0.00519211	0.00707303	0.999962	-0.00401369	0.00546987	1.54644	
0.99997	4.13541e-05	0.00779208	4.12961e-05	0.999944	-0.0106065	-0.00779208	0.0106065	0.999913	-0.0090336	0.0123051	2.31963	
0.999946	7.35565e-05	0.0103946	7.34116e-05	0.9999	-0.0141378	-0.0103946	0.0141378	0.999846	-0.0160649	0.0218716	3.09277	
0.999915	0.00011499	0.0129996	0.0001147	0.999844	-0.017667	-0.0129996	0.017667	0.999759	-0.0251094	0.0341679	3.86585	
0.999878	0.000165668	0.015607	0.000165161	0.999775	-0.0211939	-0.015607	0.0211939	0.999654	-0.0361692	0.0491922	4.63886	
0.999834	0.000225603	0.0182168	0.000224792	0.999694	-0.0247184	-0.0182168	0.0247184	0.999528	-0.049246	0.0669426	5.41178	
0.999783	0.000294809	0.0208289	0.000293592	0.999601	-0.0282406	-0.0208289	0.0282406	0.999384	-0.0643417	0.0874175	6.18459	
0.999725	0.000373296	0.0234433	0.000371558	0.999495	-0.0317602	-0.0234433	0.0317602	0.999221	-0.0814581	0.110615	6.95728	
0.99966	0.000461078	0.0260599	0.000458689	0.999377	-0.0352774	-0.0260599	0.0352773	0.999038	-0.100597	0.136533	7.72984	
0.999589	0.000558167	0.0286787	0.000554981	0.999247	-0.0387919	-0.0286787	0.0387918	0.998836	-0.12176	0.165169	8.50225	
0.99951	0.000664573	0.0312995	0.000660432	0.999105	-0.0423037	-0.0312996	0.0423036	0.998614	-0.144948	0.196522	9.2745	
0.999424	0.00078031	0.0339225	0.00077504	0.99895	-0.0458128	-0.0339226	0.0458127	0.998374	-0.170164	0.230589	10.0466	
0.999332	0.000905388	0.0365475	0.0008988	0.998783	-0.049319	-0.0365476	0.0493189	0.998114	-0.197409	0.267369	10.8184	
0.999232	0.00103982	0.0391744	0.00103171	0.998603	-0.0528224	-0.0391746	0.0528222	0.997835	-0.226685	0.306858	11.5901	
0.999125	0.00118361	0.0418032	0.00117377	0.998412	-0.0563228	-0.0418034	0.0563226	0.997537	-0.257992	0.349055	12.3616	
0.999011	0.00133678	0.0444338	0.00132497	0.998208	-0.0598202	-0.0444342	0.0598199	0.99722	-0.291333	0.393958	13.1328	
0.998891	0.00149933	0.0470663	0.0014853	0.997993	-0.0633145	-0.0470667	0.0633141	0.996883	-0.326709	0.441564	13.9037	
0.998763	0.00167127	0.0497004	0.00165478	0.997765	-0.0668056	-0.049701	0.0668052	0.996527	-0.364121	0.49187	14.6744	
0.998628	0.00185262	0.0523363	0.00183338	0.997525	-0.0702935	-0.052337	0.070293	0.996152	-0.403571	0.544874	15.4448	
0.998486	0.00204339	0.0549738	0.00202111	0.997273	-0.073778	-0.0549746	0.0737774	0.995758	-0.445059	0.600574	16.2149	
0.998336	0.00224357	0.0576128	0.00221795	0.997009	-0.0772593	-0.0576138	0.0772585	0.995345	-0.488588	0.658967	16.9847	
0.99818	0.00245319	0.0602534	0.00242392	0.996732	-0.080737	-0.0602546	0.0807361	0.994913	-0.534158	0.720051	17.7542	
0.998017	0.00267225	0.0628955	0.00263899	0.996444	-0.0842113	-0.0628969	0.0842103	0.994461	-0.58177	0.783822	18.5233	
0.997846	0.00290077	0.0655389	0.00286317	0.996144	-0.087682	-0.0655406	0.0876808	0.99399	-0.631426	0.850278	19.2921	
0.997668	0.00313874	0.0681837	0.00309644	0.995832	-0.0911491	-0.0681856	0.0911476	0.9935	-0.683127	0.919416	20.0605	
0.997483	0.00338618	0.0708298	0.00333882	0.995509	-0.0946124	-0.0708321	0.0946107	0.992991	-0.736873	0.991233	20.8285	
0.99729	0.00364309	0.0734772	0.00359027	0.995173	-0.098072	-0.0734798	0.09807	0.992463	-0.792667	1.06573	21.5961	
0.997091	0.00390949	0.0761257	0.00385081	0.994825	-0.101528	-0.0761287	0.101525	0.991916	-0.850508	1.14289	22.3633	
0.996884	0.00418538	0.0787753	0.00412042	0.994466	-0.10498	-0.0787788	0.104977	0.991349	-0.910398	1.22273	23.13	
0.996669	0.00447076	0.0814261	0.0043991	0.994095	-0.108427	-0.08143	0.108424	0.990764	-0.972337	1.30524	23.8964	
0.996448	0.00476566	0.0840778	0.00468684	0.993712	-0.111871	-0.0840822	0.111868	0.990159	-1.03633	1.3904	24.6622	
0.996219	0.00507006	0.0867305	0.00498364	0.993317	-0.115311	-0.0867355	0.115307	0.989536	-1.10237	1.47823	25.4276	
0.995983	0.00538399	0.0893841	0.00528948	0.992911	-0.118746	-0.0893898	0.118742	0.988893	-1.17046	1.56872	26.1925	
0.995739	0.00570744	0.0920386	0.00560436	0.992492	-0.122178	-0.0920449	0.122173	0.988232	-1.24061	1.66186	26.9569	
0.995488	0.00604042	0.0946939	0.00592827	0.992063	-0.125605	-0.094701	0.125599	0.987551	-1.31281	1.75766	27.7208	
0.99523	0.00638294	0.0973499	0.0062612	0.991621	-0.129027	-0.0973578	0.129021	0.986851	-1.38706	1.8561	28.4841	
0.994964	0.006735	0.100007	0.00660314	0.991168	-0.132445	-0.100015	0.132439	0.986132	-1.46337	1.95718	29.2469	
0.994691	0.00709662	0.102664	0.0069541	0.990704	-0.135859	-0.102674	0.135852	0.985395	-1.54173	2.06091	30.0091	
0.99441	0.00746778	0.105322	0.00731405	0.990228	-0.139268	-0.105333	0.13926	0.984638	-1.62215	2.16727	30.7708	
0.994122	0.00784851	0.10798	0.00768299	0.98974	-0.142673	-0.107992	0.142664	0.983862	-1.70462	2.27627	31.5318	
0.993827	0.0082388	0.110639	0.00806091	0.989241	-0.146072	-0.110652	0.146063	0.983068	-1.78915	2.38789	32.2923	
0.993523	0.00863866	0.113298	0.0084478	0.988731	-0.149467	-0.113313	0.149457	0.982254	-1.87574	2.50215	33.0521	
0.993213	0.0090481	0.115958	0.00884365	0.988209	-0.152858	-0.115974	0.152846	0.981422	-1.96439	2.61902	33.8113	
0.992895	0.00946711	0.118618	0.00924845	0.987675	-0.156243	-0.118635	0.15623	0.98057	-2.05509	2.73851	34.5698	
0.992569	0.0098957	0.121278	0.00966219	0.987131	-0.159623	-0.121297	0.159609	0.9797	-2.14785	2.86062	35.3277	
0.992236	0.0103339	0.123938	0.0100849	0.986575	-0.162999	-0.123958	0.162983	0.978811	-2.24267	2.98534	36.0849	
0.991895	0.0107816	0.126598	0.0105165	0.986008	-0.166369	-0.126621	0.166352	0.977903	-2.33955	3.11267	36.8414	
0.991547	0.011239	0.129259	0.010957	0.985429	-0.169734	-0.129283	0.169715	0.976976	-2.43849	3.2426	37.5972	
0.991191	0.0117059	0.131919	0.0114064	0.984839	-0.173094	-0.131945	0.173074	0.976031	-2.53948	3.37513	38.3522	
0.990828	0.0121825	0.134579	0.0118647	0.984238	-0.176448	-0.134608	0.176427	0.975066	-2.64254	3.51025	39.1066	
0.990457	0.0126686	0.13724	0.0123319	0.983626	-0.179798	-0.13727	0.179774	0.974083	-2.74765	3.64796	39.8601	
0.990078	0.0131644	0.1399	0.0128079	0.983003	-0.183142	-0.139933	0.183116	0.973081	-2.85482	3.78826	40.6129	
0.989313	0.0141536	0.145121	0.0131449	0.982568	-0.185441	-0.145216	0.185366	0.97188	-2.96506	3.93072	41.3649	
0.988518	0.0151561	0.150342	0.0134957	0.982125	-0.187745	-0.1505	0.187618	0.970644	-3.07939	4.07493	42.1159	
0.987694	0.016172	0.155563	0.0138603	0.981676	-0.190054	-0.155786	0.189871	0.969371	-3.19781	4.22087	42.866	
0.98684	0.0172011	0.160783	0.0142388	0.98122	-0.192368	-0.161072	0.192126	0.968062	-3.32031	4.36856	43.615	
0.985957	0.0182436	0.166001	0.0146311	0.980756	-0.194686	-0.166358	0.194381	0.966717	-3.4469	4.51799	44.363	
0.985044	0.0192994	0.171218	0.0150374	0.980286	-0.197009	-0.171645	0.196637	0.965335	-3.57758	4.66916	45.11	
0.984102	0.0203685	0.176432	0.0154577	0.97981	-0.199335	-0.17693	0.198893	0.963918	-3.71234	4.82208	45.8559	
0.98313	0.0214508	0.181644	0.015892	0.979326	-0.201664	-0.182215	0.201149	0.962464	-3.8512	4.97674	46.6006	
0.982129	0.0225464	0.186853	0.0163403	0.978835	-0.203997	-0.187498	0.203405	0.960974	-3.99413	5.13315	47.3443	
0.981098	0.0236553	0.192059	0.0168027	0.978338	-0.206332	-0.19278	0.205659	0.959448	-4.14116	5.2913	48.0867	
0.980038	0.0247774	0.197261	0.0172793	0.977833	-0.20867	-0.198059	0.207913	0.957886	-4.29226	5.4512	48.828	
0.978948	0.0259126	0.202459	0.0177699	0.977322	-0.21101	-0.203336	0.210165	0.956287	-4.44745	5.61283	49.5681	
0.977828	0.0270611	0.207652	0.0182747	0.976805	-0.213352	-0.208609	0.212416	0.954653	-4.60671	5.77621	50.3069	
0.976679	0.0282227	0.212841	0.0187937	0.97628	-0.215695	-0.21388	0.214665	0.952982	-4.77005	5.94133	51.0444	
0.975501	0.0293974	0.218024	0.0193268	0.975749	-0.218039	-0.219146	0.216911	0.951275	-4.93747	6.10818	51.7806	
0.974292	0.0305851	0.223201	0.019874	0.975211	-0.220384	-0.224409	0.219155	0.949532	-5.10895	6.27677	52.5155	
0.973055	0.0317859	0.228373	0.0204354	0.974666	-0.22273	-0.229667	0.221395	0.947754	-5.28451	6.4471	53.249	
0.971788	0.0329997	0.233538	0.0210109	0.974115	-0.225076	-0.23492	0.223633	0.945939	-5.46413	6.61915	53.9812	
0.970491	0.0342265	0.238696	0.0216006	0.973557	-0.227422	-0.240168	0.225867	0.944089	-5.6478	6.79294	54.7119	
0.969165	0.0354662	0.243847	0.0222043	0.972992	-0.229767	-0.24541	0.228096	0.942203	-5.83554	6.96845	55.4411	
0.96781	0.0367187	0.248991	0.0228221	0.972421	-0.232111	-0.250647	0.230322	0.940281	-6.02732	7.14568	56.1689	
0.966425	0.0379841	0.254126	0.023454	0.971844	-0.234455	-0.255877	0.232543	0.938323	-6.22315	7.32463	56.8952	
0.965011	0.0392622	0.259254	0.0240999	0.97126	-0.236797	-0.2611	0.23476	0.93633	-6.42302	7.5053	57.62	
0.963568	0.0405531	0.264373	0.0247597	0.97067	-0.239137	-0.266316	0.236971	0.934302	-6.62693	7.68768	58.3432	
0.962095	0.0418566	0.269483	0.0254335	0.970074	-0.241476	-0.271525	0.239176	0.932239	-6.83487	7.87176	59.0649	
0.960594	0.0431727	0.274583	0.0261212	0.969471	-0.243812	-0.276726	0.241376	0.93014	-7.04683	8.05755	59.7849	
0.959063	0.0445014	0.279674	0.0268227	0.968862	-0.246145	-0.281919	0.24357	0.928006	-7.26282	8.24504	60.5033	
0.957503	0.0458426	0.284755	0.027538	0.968247	-0.248475	-0.287104	0.245758	0.925837	-7.48281	8.43422	61.22	
0.955915	0.0471961	0.289826	0.028267	0.967625	-0.250802	-0.29228	0.247938	0.923634	-7.70681	8.6251	61.9351	
0.954298	0.048562	0.294886	0.0290097	0.966998	-0.253126	-0.297446	0.250112	0.921395	-7.93481	8.81765	62.6484	
0.952652	0.0499402	0.299935	0.029766	0.966365	-0.255446	-0.302604	0.252279	0.919123	-8.1668	9.01188	63.36	
0.950977	0.0513306	0.304972	0.0305357	0.965726	-0.257761	-0.307751	0.254437	0.916816	-8.40277	9.20779	64.0698	
0.949274	0.0527331	0.309998	0.0313189	0.965081	-0.260072	-0.312888	0.256588	0.914474	-8.64272	9.40536	64.7778	
0.947542	0.0541476	0.315012	0.0321155	0.964431	-0.262378	-0.318015	0.258731	0.912099	-8.88664	9.60459	65.484	
0.945781	0.0555741	0.320014	0.0329253	0.963774	-0.264679	-0.32313	0.260865	0.90969	-9.13452	9.80548	66.1883	
0.943993	0.0570125	0.325003	0.0337483	0.963112	-0.266975	-0.328235	0.262991	0.907247	-9.38635	10.008	66.8908	
0.942176	0.0584627	0.329979	0.0345844	0.962445	-0.269265	-0.333328	0.265107	0.904771	-9.64212	10.2122	67.5913	
0.940331	0.0599246	0.334941	0.0354334	0.961772	-0.271549	-0.33841	0.267214	0.902261	-9.90182	10.418	68.2899	
0.938459	0.0613982	0.33989	0.0362953	0.961094	-0.273827	-0.343479	0.269311	0.899719	-10.1655	10.6254	68.9866	
0.936558	0.0628832	0.344825	0.03717	0.960411	-0.276098	-0.348536	0.271399	0.897143	-10.433	10.8345	69.6813	
0.929979	0.0678181	0.361302	0.0350698	0.961986	-0.270838	-0.365935	0.264544	0.892249	-10.7092	11.0417	70.3731	
0.923081	0.0726259	0.377685	0.0328677	0.963521	-0.265608	-0.383198	0.257591	0.887021	-10.9989	11.2435	71.0611	
0.915867	0.0773047	0.393969	0.0305646	0.965014	-0.260409	-0.400317	0.250542	0.881462	-11.3018	11.44	71.7448	
0.908338	0.0818529	0.410148	0.0281613	0.966466	-0.255245	-0.417287	0.243399	0.875573	-11.6179	11.631	72.4241	
0.900499	0.0862686	0.426215	0.0256587	0.967876	-0.250115	-0.4341	0.236165	0.869358	-11.9471	11.8164	73.0988	
0.892351	0.0905504	0.442165	0.0230576	0.969243	-0.245024	-0.450752	0.228843	0.862817	-12.2892	11.9962	73.7685	
