1	0	0	0	1	0	0	0	1	0	0	0	
1	-3.97213e-08	2.45541e-05	-3.97213e-08	0.999995	0.0032354	-2.45541e-05	-0.0032354	0.999995	-1.28351e-05	-0.00169124	1.04545	
1	-1.53152e-07	4.79024e-05	-1.57299e-07	0.999979	0.00648083	-4.79024e-05	-0.00648083	0.999979	-5.07101e-05	-0.00677018	2.09089	
1	-3.32626e-07	7.00358e-05	-3.49266e-07	0.999953	0.0097361	-7.00358e-05	-0.0097361	0.999953	-0.00011236	-0.0152472	3.13631	
1	-5.70354e-07	9.09455e-05	-6.1208e-07	0.999915	0.013001	-9.09452e-05	-0.013001	0.999915	-0.000196509	-0.0271325	4.1817	
1	-8.58427e-07	0.000110623	-9.42127e-07	0.999868	0.0162755	-0.000110622	-0.0162755	0.999868	-0.000301874	-0.0424362	5.22704	
1	-1.18881e-06	0.000129059	-1.33572e-06	0.999809	0.0195593	-0.000129058	-0.0195593	0.999809	-0.000427161	-0.061168	6.27233	
1	-1.55336e-06	0.000146246	-1.7891e-06	0.999739	0.0228522	-0.000146244	-0.0228522	0.999739	-0.000571069	-0.0833377	7.31755	
1	-1.94381e-06	0.000162176	-2.29843e-06	0.999658	0.0261541	-0.000162172	-0.0261541	0.999658	-0.000732286	-0.108955	8.36269	
1	-2.3518e-06	0.000176841	-2.85983e-06	0.999566	0.0294649	-0.000176834	-0.0294649	0.999566	-0.000909493	-0.138028	9.40774	
1	-2.76883e-06	0.000190233	-3.46932e-06	0.999462	0.0327843	-0.000190222	-0.0327843	0.999462	-0.00110136	-0.170568	10.4527	
1	-3.18631e-06	0.000202345	-4.12289e-06	0.999348	0.0361121	-0.000202329	-0.0361121	0.999348	-0.00130656	-0.206582	11.4975	
1	-3.59556e-06	0.00021317	-4.81642e-06	0.999222	0.0394482	-0.000213146	-0.0394482	0.999222	-0.00152374	-0.246079	12.5422	
1	-3.98777e-06	0.0002227	-5.54577e-06	0.999084	0.0427925	-0.000222667	-0.0427925	0.999084	-0.00175155	-0.289069	13.5868	
1	-4.35405e-06	0.000230929	-6.30672e-06	0.998935	0.0461447	-0.000230884	-0.0461447	0.998935	-0.00198864	-0.335559	14.6312	
1	-4.68542e-06	0.00023785	-7.09499e-06	0.998774	0.0495046	-0.00023779	-0.0495046	0.998774	-0.00223362	-0.385557	15.6755	
1	-4.97278e-06	0.000243456	-7.90623e-06	0.998601	0.0528722	-0.000243378	-0.0528722	0.998601	-0.00248514	-0.439072	16.7196	
1	-5.20696e-06	0.000247742	-8.73606e-06	0.998417	0.0562472	-0.000247643	-0.0562472	0.998417	-0.00274181	-0.496112	17.7635	
1	-5.37871e-06	0.000250701	-9.58002e-06	0.998221	0.0596294	-0.000250576	-0.0596294	0.998221	-0.00300225	-0.556684	18.8072	
1	-5.47866e-06	0.000252328	-1.04336e-05	0.998012	0.0630187	-0.000252172	-0.0630187	0.998012	-0.00326505	-0.620795	19.8506	
1	-5.49739e-06	0.000252617	-1.12923e-05	0.997792	0.0664148	-0.000252424	-0.0664148	0.997792	-0.00352881	-0.688454	20.8939	
1	-5.42539e-06	0.000251562	-1.21514e-05	0.99756	0.0698177	-0.000251327	-0.0698177	0.99756	-0.00379214	-0.759666	21.9369	
1	-5.25308e-06	0.000249159	-1.30062e-05	0.997315	0.0732271	-0.000248875	-0.0732271	0.997315	-0.00405361	-0.83444	22.9797	
1	-4.97078e-06	0.000245403	-1.38522e-05	0.997059	0.0766429	-0.000245062	-0.0766429	0.997059	-0.0043118	-0.912781	24.0222	
1	-4.56876e-06	0.000240288	-1.46845e-05	0.99679	0.0800649	-0.000239882	-0.0800649	0.99679	-0.0045653	-0.994697	25.0645	
1	-4.03724e-06	0.00023381	-1.54983e-05	0.996508	0.0834928	-0.000233331	-0.0834928	0.996508	-0.00481266	-1.08019	26.1064	
1	-3.36633e-06	0.000225965	-1.62888e-05	0.996215	0.0869266	-0.000225402	-0.0869266	0.996215	-0.00505245	-1.16928	27.1481	
1	-2.5461e-06	0.000216749	-1.7051e-05	0.995909	0.0903661	-0.000216092	-0.0903661	0.995909	-0.00528323	-1.26195	28.1894	
1	-1.56658e-06	0.000206157	-1.77801e-05	0.99559	0.093811	-0.000205395	-0.093811	0.99559	-0.00550355	-1.35823	29.2304	
1	-4.17701e-07	0.000194186	-1.84711e-05	0.995259	0.0972613	-0.000193306	-0.0972613	0.995259	-0.00571197	-1.45811	30.2711	
1	9.10625e-07	0.000180833	-1.91189e-05	0.994915	0.100717	-0.000179822	-0.100717	0.994915	-0.00590701	-1.56159	31.3114	
1	2.42855e-06	0.000166095	-1.97186e-05	0.994559	0.104177	-0.000164938	-0.104177	0.994559	-0.00608723	-1.6687	32.3514	
1	4.14629e-06	0.000149967	-2.02649e-05	0.99419	0.107642	-0.000148649	-0.107642	0.99419	-0.00625115	-1.77942	33.3909	
1	6.07407e-06	0.000132448	-2.07529e-05	0.993808	0.111112	-0.000130953	-0.111112	0.993808	-0.0063973	-1.89377	34.4301	
1	8.22218e-06	0.000113534	-2.11774e-05	0.993413	0.114586	-0.000111844	-0.114586	0.993413	-0.00652422	-2.01175	35.4689	
1	1.0601e-05	9.32233e-05	-2.15331e-05	0.993006	0.118064	-9.13197e-05	-0.118064	0.993006	-0.00663042	-2.13336	36.5072	
1	1.32208e-05	7.15136e-05	-2.1815e-05	0.992586	0.121546	-6.93764e-05	-0.121546	0.992586	-0.00671442	-2.25861	37.5452	
1	1.6092e-05	4.84027e-05	-2.20176e-05	0.992153	0.125033	-4.60109e-05	-0.125033	0.992153	-0.00677473	-2.3875	38.5826	
1	1.92251e-05	2.38889e-05	-2.21359e-05	0.991707	0.128523	-2.12199e-05	-0.128523	0.991707	-0.00680988	-2.52005	39.6197	
1	2.26305e-05	-2.02947e-06	-2.21645e-05	0.991248	0.132016	4.99929e-06	-0.132016	0.991248	-0.00681836	-2.65624	40.6562	
1	2.63187e-05	-2.93539e-05	-2.20981e-05	0.990776	0.135513	3.26496e-05	-0.135513	0.990776	-0.00679868	-2.79608	41.6923	
1	3.03001e-05	-5.80854e-05	-2.19313e-05	0.990291	0.139013	6.17336e-05	-0.139013	0.990291	-0.00674934	-2.93958	42.7278	
1	3.45854e-05	-8.82252e-05	-2.16589e-05	0.989793	0.142516	9.22536e-05	-0.142516	0.989793	-0.00666885	-3.08675	43.7629	
1	3.9185e-05	-0.000119774	-2.12754e-05	0.989281	0.146022	0.000124212	-0.146022	0.989281	-0.00655569	-3.23757	44.7974	
1	4.41096e-05	-0.000152732	-2.07756e-05	0.988757	0.14953	0.000157611	-0.14953	0.988757	-0.00640838	-3.39207	45.8314	
1	4.93695e-05	-0.000187101	-2.01539e-05	0.98822	0.153041	0.000192452	-0.153041	0.98822	-0.00622539	-3.55023	46.8648	
1	5.49755e-05	-0.000222879	-1.9405e-05	0.987669	0.156554	0.000228737	-0.156554	0.987669	-0.00600522	-3.71206	47.8976	
1	6.09381e-05	-0.000260067	-1.85235e-05	0.987106	0.16007	0.000266468	-0.16007	0.987106	-0.00574637	-3.87757	48.9299	
1	6.72678e-05	-0.000298665	-1.75039e-05	0.986529	0.163587	0.000305646	-0.163587	0.986529	-0.00544731	-4.04675	49.9616	
1	7.39752e-05	-0.000338673	-1.63408e-05	0.985939	0.167106	0.000346272	-0.167106	0.985939	-0.00510653	-4.21962	50.9926	
1	8.10709e-05	-0.000380089	-1.50288e-05	0.985336	0.170626	0.000388348	-0.170626	0.985336	-0.00472252	-4.39616	52.0231	
1	8.85654e-05	-0.000422913	-1.35625e-05	0.984719	0.174148	0.000431874	-0.174148	0.984719	-0.00429377	-4.57638	53.0529	
1	9.64693e-05	-0.000467143	-1.19363e-05	0.98409	0.177672	0.000476851	-0.177672	0.98409	-0.00381875	-4.76029	54.082	
1	0.000104793	-0.000512779	-1.01448e-05	0.983447	0.181196	0.00052328	-0.181196	0.983447	-0.00329596	-4.94788	55.1105	
1	0.000113547	-0.00055982	-8.18262e-06	0.982791	0.184721	0.00057116	-0.184721	0.982791	-0.00272386	-5.13915	56.1383	
1	0.000122742	-0.000608262	-6.04428e-06	0.982122	0.188247	0.000620493	-0.188247	0.982121	-0.00210095	-5.33411	57.1654	
1	0.000132389	-0.000658105	-3.72433e-06	0.981439	0.191774	0.000671278	-0.191774	0.981439	-0.00142571	-5.53276	58.1919	
1	0.000142497	-0.000709345	-1.21735e-06	0.980743	0.1953	0.000723516	-0.1953	0.980743	-0.000696612	-5.7351	59.2175	
1	0.000153077	-0.000761982	1.4821e-06	0.980035	0.198827	0.000777205	-0.198827	0.980034	8.78569e-05	-5.94112	60.2425	
1	0.00016414	-0.000816013	4.37944e-06	0.979312	0.202354	0.000832346	-0.202354	0.979312	0.000929214	-6.15083	61.2667	
1	0.000175696	-0.000871434	7.48007e-06	0.978577	0.205881	0.000888938	-0.205881	0.978577	0.00182898	-6.36422	62.2901	
1	0.000187755	-0.000928243	1.07894e-05	0.977828	0.209408	0.00094698	-0.209408	0.977828	0.00278866	-6.58131	63.3128	
0.999999	0.000200327	-0.000986437	1.43128e-05	0.977067	0.212934	0.00100647	-0.212934	0.977066	0.00380979	-6.80208	64.3347	
0.999999	0.000213423	-0.00104601	1.80556e-05	0.976292	0.216459	0.00106741	-0.216459	0.976291	0.00489386	-7.02653	65.3558	
0.999999	0.000227053	-0.00110697	2.20233e-05	0.975504	0.219984	0.0011298	-0.219983	0.975503	0.0060424	-7.25467	66.376	
0.999999	0.000241227	-0.00116929	2.6221e-05	0.974702	0.223507	0.00119363	-0.223507	0.974702	0.00725692	-7.4865	67.3954	
1	3.58092e-05	-0.000273273	2.61476e-05	0.974725	0.22341	0.000274366	-0.22341	0.974725	0.00802429	-7.72011	68.4145	
1	-0.000169209	0.000621413	2.61657e-05	0.974747	0.223314	-0.000643507	-0.223314	0.974746	0.00783133	-7.95363	69.4335	
0.999999	-0.000373801	0.00151464	2.62717e-05	0.974768	0.22322	-0.00155986	-0.22322	0.974767	0.00667957	-8.18704	70.4526	
0.999966	-0.00178596	0.00806024	0.000150252	0.980096	0.198525	-0.00825436	-0.198517	0.980063	0.00154911	-8.40751	71.4745	
0.999888	-0.00303223	0.0146391	0.0004433	0.984798	0.173705	-0.0149432	-0.173679	0.984689	-0.0105776	-8.60208	72.5016	
0.999766	-0.00411177	0.0212466	0.000905215	0.98887	0.148777	-0.0216219	-0.148723	0.988643	-0.0296923	-8.77061	73.5331	
0.999599	-0.00502384	0.0278784	0.00153568	0.992311	0.123757	-0.0282858	-0.123665	0.991921	-0.0557818	-8.91301	74.5685	
0.999387	-0.00576781	0.0345298	0.00233427	0.995118	0.0986629	-0.0349303	-0.0985218	0.994522	-0.0888285	-9.02916	75.6069	
0.999131	-0.00634319	0.0411964	0.00330044	0.997289	0.0735117	-0.041551	-0.0733118	0.996443	-0.12881	-9.11898	76.6477	
0.998831	-0.00674956	0.0478736	0.00443352	0.998822	0.0483205	-0.0481434	-0.0480517	0.997684	-0.175698	-9.18243	77.6901	
0.998486	-0.00698667	0.0545568	0.00573274	0.999717	0.0231065	-0.0547028	-0.0227588	0.998243	-0.229462	-9.21944	78.7335	
0.998098	-0.00705434	0.0612415	0.00719722	0.999972	-0.00211291	-0.0612249	0.00254966	0.998121	-0.290064	-9.23001	79.7771	
0.997666	-0.00695252	0.0679231	0.00882596	0.999588	-0.0273206	-0.0677051	0.0278564	0.997316	-0.357463	-9.21411	80.8203	
0.997191	-0.0066813	0.074597	0.0106178	0.998565	-0.0524995	-0.0741391	0.0531441	0.995831	-0.431613	-9.17177	81.8622	
0.996674	-0.00624085	0.0812587	0.0125716	0.996903	-0.0776321	-0.0805225	0.0783955	0.993665	-0.512463	-9.10301	82.9022	
0.996113	-0.00563147	0.0879036	0.014686	0.994604	-0.102702	-0.0868509	0.103593	0.990821	-0.599959	-9.00787	83.9396	
0.99551	-0.00485359	0.0945272	0.0169595	0.991669	-0.127691	-0.0931199	0.12872	0.987299	-0.69404	-8.88643	84.9737	
0.994866	-0.00390773	0.101125	0.0193906	0.988101	-0.152582	-0.0993253	0.15376	0.983103	-0.794642	-8.73876	86.0037	
0.99418	-0.00279453	0.107692	0.0219776	0.983901	-0.177359	-0.105463	0.178694	0.978236	-0.901696	-8.56497	87.0291	
0.993454	-0.00151476	0.114225	0.0247188	0.979073	-0.202005	-0.111528	0.203506	0.972701	-1.01513	-8.36517	88.0489	
0.992687	-6.93007e-05	0.120718	0.0276123	0.973619	-0.226502	-0.117518	0.228179	0.966501	-1.13487	-8.1395	89.0626	
0.99188	0.00154087	0.127168	0.0306561	0.967545	-0.250834	-0.123427	0.252696	0.959641	-1.26082	-7.88812	90.0696	
0.991034	0.00331466	0.133569	0.0338481	0.960853	-0.274985	-0.129252	0.277041	0.952125	-1.39291	-7.6112	91.0689	
0.990149	0.00525084	0.139918	0.0371861	0.953548	-0.298938	-0.134988	0.301196	0.943959	-1.53104	-7.30892	92.0601	
0.989226	0.0073481	0.14621	0.040668	0.945635	-0.322676	-0.140632	0.325146	0.935149	-1.67513	-6.9815	93.0425	
0.988266	0.009605	0.152441	0.0442912	0.937121	-0.346183	-0.146181	0.348873	0.925699	-1.82506	-6.62915	94.0152	
0.987269	0.01202	0.158606	0.0480533	0.92801	-0.369444	-0.151629	0.372362	0.915617	-1.98074	-6.25212	94.9778	
0.986235	0.0145915	0.164702	0.0519518	0.918308	-0.392442	-0.156974	0.395597	0.90491	-2.14207	-5.85066	95.9295	
0.985167	0.0173176	0.170724	0.055984	0.908023	-0.415162	-0.162211	0.418562	0.893585	-2.30892	-5.42505	96.8697	
0.984063	0.0201966	0.176669	0.0601471	0.897162	-0.437588	-0.167338	0.44124	0.881649	-2.4812	-4.97559	97.7977	
0.982926	0.0232264	0.182531	0.0644383	0.885731	-0.459705	-0.172351	0.463618	0.869111	-2.65877	-4.50257	98.7129	
0.981755	0.0264051	0.188307	0.0688546	0.873739	-0.481497	-0.177245	0.485678	0.855979	-2.84153	-4.00631	99.6147	
0.980552	0.0297304	0.193994	0.0733931	0.861193	-0.502951	-0.182019	0.507407	0.842263	-3.02933	-3.48717	100.502	
0.979318	0.0332	0.199586	0.0780506	0.848103	-0.52405	-0.186668	0.52879	0.827971	-3.22207	-2.94549	101.376	
