1	0	0	0	1	0	0	0	1	0	0	0	
0.999998	-6.33299e-07	0.00173217	-6.33299e-07	1	0.000731219	-0.00173217	-0.000731219	0.999998	-0.000703367	-0.000296919	0.812121	
0.999994	-2.54308e-06	0.0034708	-2.54393e-06	0.999999	0.00146565	-0.0034708	-0.00146565	0.999993	-0.00281609	-0.00118898	1.62424	
0.999986	-5.74432e-06	0.00521583	-5.74773e-06	0.999998	0.00220329	-0.00521583	-0.00220329	0.999984	-0.00634339	-0.0026788	2.43635	
0.999976	-1.02519e-05	0.00696719	-1.02604e-05	0.999996	0.00294409	-0.00696719	-0.00294409	0.999971	-0.0112904	-0.00476894	3.24845	
0.999962	-1.60806e-05	0.00872484	-1.60977e-05	0.999993	0.00368804	-0.00872484	-0.00368804	0.999955	-0.0176624	-0.00746199	4.06055	
0.999945	-2.3245e-05	0.0104887	-2.32752e-05	0.99999	0.00443513	-0.0104887	-0.00443513	0.999935	-0.0254642	-0.0107605	4.87262	
0.999925	-3.17599e-05	0.0122587	-3.18083e-05	0.999987	0.00518532	-0.0122587	-0.00518532	0.999911	-0.034701	-0.014667	5.68468	
0.999902	-4.16396e-05	0.0140348	-4.17125e-05	0.999982	0.0059386	-0.0140348	-0.0059386	0.999884	-0.0453778	-0.019184	6.49672	
0.999875	-5.28985e-05	0.015817	-5.30031e-05	0.999978	0.00669494	-0.015817	-0.00669494	0.999852	-0.0574995	-0.024314	7.30873	
0.999845	-6.55509e-05	0.0176051	-6.56952e-05	0.999972	0.00745432	-0.0176051	-0.00745432	0.999817	-0.0710709	-0.0300594	8.12072	
0.999812	-7.96109e-05	0.0193991	-7.98041e-05	0.999966	0.00821672	-0.0193991	-0.00821672	0.999778	-0.0860968	-0.0364228	8.93268	
0.999775	-9.50927e-05	0.021199	-9.53447e-05	0.99996	0.00898211	-0.021199	-0.00898212	0.999735	-0.102582	-0.0434066	9.7446	
0.999735	-0.00011201	0.0230047	-0.000112332	0.999952	0.00975048	-0.0230047	-0.00975048	0.999688	-0.120532	-0.0510132	10.5565	
0.999692	-0.000130377	0.0248161	-0.000130781	0.999945	0.0105218	-0.0248161	-0.0105218	0.999637	-0.13995	-0.0592449	11.3683	
0.999645	-0.000150207	0.0266332	-0.000150705	0.999936	0.011296	-0.0266332	-0.011296	0.999581	-0.160841	-0.0681043	12.1801	
0.999595	-0.000171514	0.0284558	-0.000172121	0.999927	0.0120732	-0.0284558	-0.0120732	0.999522	-0.183211	-0.0775936	12.9919	
0.999541	-0.000194311	0.0302841	-0.000195042	0.999917	0.0128532	-0.0302841	-0.0128532	0.999459	-0.207063	-0.0877153	13.8036	
0.999484	-0.000218611	0.0321178	-0.000219483	0.999907	0.0136361	-0.0321178	-0.0136361	0.999391	-0.232402	-0.0984715	14.6153	
0.999423	-0.000244429	0.0339569	-0.000245457	0.999896	0.0144218	-0.0339569	-0.0144218	0.999319	-0.259232	-0.109865	15.4269	
0.999359	-0.000271776	0.0358013	-0.00027298	0.999884	0.0152103	-0.0358013	-0.0152103	0.999243	-0.287558	-0.121897	16.2384	
0.999291	-0.000300667	0.0376511	-0.000302065	0.999872	0.0160016	-0.0376511	-0.0160017	0.999163	-0.317384	-0.134571	17.0499	
0.999219	-0.000331113	0.0395061	-0.000332726	0.999859	0.0167957	-0.0395061	-0.0167957	0.999078	-0.348715	-0.147889	17.8613	
0.999144	-0.000363127	0.0413662	-0.000364977	0.999845	0.0175925	-0.0413662	-0.0175926	0.998989	-0.381554	-0.161853	18.6726	
0.999065	-0.000396723	0.0432315	-0.000398832	0.999831	0.018392	-0.0432315	-0.0183921	0.998896	-0.415905	-0.176465	19.4839	
0.998982	-0.000431912	0.0451018	-0.000434304	0.999816	0.0191943	-0.0451017	-0.0191943	0.998798	-0.451774	-0.191727	20.2951	
0.998896	-0.000468708	0.046977	-0.000471407	0.9998	0.0199991	-0.046977	-0.0199992	0.998696	-0.489164	-0.207642	21.1062	
0.998806	-0.000507121	0.0488572	-0.000510153	0.999783	0.0208067	-0.0488572	-0.0208067	0.998589	-0.528078	-0.224212	21.9172	
0.998712	-0.000547165	0.0507422	-0.000550557	0.999766	0.0216168	-0.0507422	-0.0216169	0.998478	-0.568522	-0.241438	22.7281	
0.998614	-0.00058885	0.0526321	-0.000592631	0.999748	0.0224295	-0.052632	-0.0224296	0.998362	-0.610498	-0.259324	23.539	
0.998512	-0.00063219	0.0545266	-0.000636389	0.99973	0.0232448	-0.0545265	-0.0232449	0.998242	-0.654011	-0.27787	24.3497	
0.998407	-0.000677195	0.0564258	-0.000681842	0.99971	0.0240627	-0.0564257	-0.0240628	0.998117	-0.699064	-0.29708	25.1603	
0.998297	-0.000723877	0.0583296	-0.000729004	0.99969	0.024883	-0.0583295	-0.0248832	0.997987	-0.745662	-0.316955	25.9709	
0.998184	-0.000772248	0.0602379	-0.000777888	0.999669	0.0257059	-0.0602378	-0.0257061	0.997853	-0.793807	-0.337498	26.7813	
0.998066	-0.000822318	0.0621507	-0.000828505	0.999648	0.0265312	-0.0621506	-0.0265314	0.997714	-0.843504	-0.358709	27.5916	
0.997945	-0.0008741	0.0640678	-0.000880868	0.999625	0.027359	-0.0640677	-0.0273592	0.99757	-0.894757	-0.380592	28.4018	
0.99782	-0.000927602	0.0659894	-0.000934989	0.999602	0.0281892	-0.0659893	-0.0281894	0.997422	-0.947568	-0.403148	29.2119	
0.997691	-0.000982838	0.0679152	-0.00099088	0.999578	0.0290217	-0.067915	-0.029022	0.997269	-1.00194	-0.426379	30.0219	
0.997557	-0.00103982	0.0698452	-0.00104855	0.999554	0.0298567	-0.069845	-0.029857	0.997111	-1.05788	-0.450288	30.8317	
0.99742	-0.00109855	0.0717793	-0.00110802	0.999528	0.030694	-0.0717792	-0.0306943	0.996948	-1.11539	-0.474875	31.6414	
0.997278	-0.00115904	0.0737175	-0.00116929	0.999502	0.0315336	-0.0737174	-0.0315339	0.99678	-1.17447	-0.500144	32.451	
0.997133	-0.00122131	0.0756598	-0.00123238	0.999475	0.0323755	-0.0756596	-0.0323759	0.996608	-1.23512	-0.526095	33.2605	
0.996983	-0.00128537	0.0776059	-0.0012973	0.999447	0.0332196	-0.0776057	-0.0332201	0.996431	-1.29736	-0.552731	34.0697	
0.996829	-0.00135122	0.079556	-0.00136405	0.999419	0.034066	-0.0795558	-0.0340665	0.996248	-1.36118	-0.580053	34.8789	
0.996672	-0.00141887	0.0815099	-0.00143266	0.999389	0.0349146	-0.0815097	-0.0349152	0.996061	-1.42658	-0.608064	35.6879	
0.996509	-0.00148833	0.0834675	-0.00150312	0.999359	0.0357654	-0.0834673	-0.035766	0.995868	-1.49357	-0.636765	36.4967	
0.996343	-0.00155962	0.0854289	-0.00157546	0.999328	0.0366184	-0.0854286	-0.0366191	0.995671	-1.56215	-0.666158	37.3054	
0.996173	-0.00163274	0.0873938	-0.00164968	0.999296	0.0374735	-0.0873935	-0.0374742	0.995469	-1.63233	-0.696244	38.1139	
0.995998	-0.0017077	0.0893624	-0.00172579	0.999264	0.0383307	-0.089362	-0.0383315	0.995261	-1.7041	-0.727026	38.9223	
0.995819	-0.00178451	0.0913344	-0.0018038	0.99923	0.03919	-0.091334	-0.0391909	0.995049	-1.77747	-0.758505	39.7305	
0.995635	-0.00186318	0.0933098	-0.00188373	0.999196	0.0400513	-0.0933094	-0.0400523	0.994831	-1.85245	-0.790682	40.5385	
0.995448	-0.00194371	0.0952886	-0.00196557	0.999161	0.0409147	-0.0952882	-0.0409158	0.994608	-1.92903	-0.82356	41.3463	
0.995256	-0.00202612	0.0972707	-0.00204935	0.999125	0.0417801	-0.0972702	-0.0417812	0.994381	-2.00722	-0.85714	42.154	
0.99506	-0.00211042	0.0992561	-0.00213507	0.999088	0.0426475	-0.0992555	-0.0426487	0.994148	-2.08703	-0.891424	42.9615	
0.994859	-0.0021966	0.101245	-0.00222275	0.99905	0.0435168	-0.101244	-0.0435181	0.993909	-2.16844	-0.926413	43.7687	
0.994654	-0.00228469	0.103236	-0.00231238	0.999012	0.044388	-0.103236	-0.0443894	0.993666	-2.25147	-0.962109	44.5758	
0.994212	-0.00247716	0.107408	-0.00261848	0.998878	0.0472751	-0.107404	-0.0472827	0.99309	-2.337	-0.999333	45.3825	
0.993752	-0.00268201	0.111581	-0.00293678	0.998737	0.0501613	-0.111575	-0.0501756	0.992489	-2.42592	-1.03891	46.1888	
0.993273	-0.00289925	0.115756	-0.00326729	0.998587	0.0530464	-0.115747	-0.0530678	0.99186	-2.51823	-1.08083	46.9946	
0.992777	-0.00312888	0.119933	-0.00361002	0.998428	0.0559304	-0.11992	-0.0559594	0.991205	-2.61392	-1.1251	47.7998	
0.992263	-0.00337093	0.124111	-0.00396498	0.998261	0.0588131	-0.124094	-0.0588502	0.990524	-2.71301	-1.17172	48.6045	
0.99173	-0.00362541	0.12829	-0.00433216	0.998086	0.0616945	-0.128268	-0.0617401	0.989816	-2.81548	-1.22069	49.4087	
0.991179	-0.00389231	0.13247	-0.00471159	0.997902	0.0645745	-0.132443	-0.0646291	0.989081	-2.92135	-1.272	50.2122	
0.990611	-0.00417166	0.13665	-0.00510326	0.997709	0.067453	-0.136618	-0.067517	0.98832	-3.0306	-1.32566	51.0152	
0.990024	-0.00446346	0.14083	-0.00550717	0.997509	0.0703299	-0.140793	-0.0704038	0.987533	-3.14325	-1.38167	51.8175	
0.989419	-0.00476771	0.14501	-0.00592333	0.997299	0.073205	-0.144968	-0.0732893	0.986718	-3.25929	-1.44001	52.6192	
0.988795	-0.00508441	0.14919	-0.00635174	0.997082	0.0760783	-0.149142	-0.0761735	0.985877	-3.37871	-1.50071	53.4202	
0.988154	-0.00541357	0.153369	-0.0067924	0.996855	0.0789498	-0.153315	-0.0790563	0.98501	-3.50153	-1.56374	54.2205	
0.987495	-0.00575518	0.157548	-0.00724531	0.996621	0.0818193	-0.157486	-0.0819376	0.984116	-3.62773	-1.62911	55.02	
0.986817	-0.00610924	0.161725	-0.00771046	0.996378	0.0846866	-0.161656	-0.0848172	0.983195	-3.75732	-1.69682	55.8189	
0.986121	-0.00647575	0.1659	-0.00818786	0.996126	0.0875518	-0.165825	-0.0876951	0.982248	-3.8903	-1.76688	56.617	
0.985407	-0.0068547	0.170074	-0.0086775	0.995866	0.0904148	-0.169991	-0.0905712	0.981275	-4.02666	-1.83926	57.4143	
0.984675	-0.00724607	0.174246	-0.00917937	0.995598	0.0932754	-0.174155	-0.0934454	0.980274	-4.16641	-1.91398	58.2108	
0.983925	-0.00764987	0.178416	-0.00969348	0.995321	0.0961335	-0.178317	-0.0963176	0.979248	-4.30953	-1.99104	59.0065	
0.983157	-0.00806609	0.182583	-0.0102198	0.995036	0.098989	-0.182475	-0.0991877	0.978195	-4.45604	-2.07043	59.8013	
0.982371	-0.0084947	0.186748	-0.0107584	0.994742	0.101842	-0.186631	-0.102056	0.977115	-4.60592	-2.15214	60.5953	
0.981567	-0.00893569	0.190909	-0.0113091	0.99444	0.104692	-0.190783	-0.104921	0.976009	-4.75917	-2.23619	61.3884	
0.980745	-0.00938905	0.195067	-0.0118721	0.99413	0.107539	-0.194932	-0.107785	0.974876	-4.91579	-2.32256	62.1806	
0.979905	-0.00985476	0.199222	-0.0124472	0.993811	0.110384	-0.199076	-0.110645	0.973718	-5.07579	-2.41126	62.9718	
0.979047	-0.0103328	0.203372	-0.0130345	0.993484	0.113225	-0.203217	-0.113504	0.972533	-5.23914	-2.50228	63.7621	
0.978171	-0.0108231	0.207519	-0.013634	0.993148	0.116064	-0.207353	-0.116359	0.971321	-5.40586	-2.59561	64.5514	
0.977277	-0.0113258	0.211661	-0.0142457	0.992804	0.118899	-0.211485	-0.119212	0.970084	-5.57593	-2.69127	65.3398	
0.976366	-0.0118407	0.215799	-0.0148694	0.992452	0.12173	-0.215611	-0.122062	0.96882	-5.74936	-2.78924	66.1271	
0.975437	-0.0123678	0.219932	-0.0155053	0.992091	0.124559	-0.219733	-0.124909	0.96753	-5.92614	-2.88953	66.9134	
0.97449	-0.0129071	0.22406	-0.0161533	0.991722	0.127384	-0.223849	-0.127753	0.966215	-6.10626	-2.99213	67.6986	
0.973526	-0.0134586	0.228182	-0.0168134	0.991345	0.130205	-0.227959	-0.130594	0.964873	-6.28972	-3.09703	68.4827	
0.972543	-0.0140222	0.232299	-0.0174856	0.990959	0.133023	-0.232064	-0.133432	0.963505	-6.47652	-3.20424	69.2658	
0.971544	-0.014598	0.236409	-0.0181698	0.990565	0.135836	-0.236162	-0.136267	0.962112	-6.66665	-3.31376	70.0477	
0.970527	-0.0151858	0.240514	-0.018866	0.990162	0.138646	-0.240253	-0.139098	0.960693	-6.8601	-3.42557	70.8285	
0.966808	-0.0173763	0.254912	-0.0222427	0.988173	0.15172	-0.254533	-0.152354	0.954987	-7.06102	-3.54392	71.6064	
0.962876	-0.0197656	0.269221	-0.0258136	0.986004	0.164713	-0.268708	-0.165548	0.948889	-7.27349	-3.67301	72.3795	
0.958731	-0.0223526	0.283435	-0.0295772	0.983655	0.17762	-0.282773	-0.178673	0.942399	-7.49744	-3.81279	73.1475	
0.954376	-0.0251364	0.297549	-0.033532	0.981127	0.190436	-0.29672	-0.191725	0.935521	-7.73275	-3.9632	73.9101	
0.949812	-0.0281158	0.311557	-0.0376763	0.978421	0.203156	-0.310546	-0.204698	0.928257	-7.97935	-4.12418	74.6669	
0.945041	-0.0312896	0.325452	-0.0420084	0.975539	0.215773	-0.324243	-0.217586	0.92061	-8.23712	-4.29566	75.4177	
0.940065	-0.0346564	0.33923	-0.0465266	0.972482	0.228284	-0.337807	-0.230385	0.912584	-8.50596	-4.47757	76.1621	
0.934886	-0.0382149	0.352884	-0.051229	0.969251	0.240683	-0.351231	-0.243089	0.904182	-8.78576	-4.66983	76.8998	
0.929507	-0.0419636	0.366409	-0.0561136	0.965847	0.252964	-0.364511	-0.255692	0.895407	-9.07641	-4.87238	77.6306	
0.923929	-0.045901	0.3798	-0.0611784	0.962272	0.265123	-0.37764	-0.268191	0.886263	-9.37778	-5.08511	78.3541	
0.918155	-0.0500254	0.39305	-0.0664214	0.958527	0.277155	-0.390614	-0.280578	0.876753	-9.68974	-5.30795	79.07	
