1	0	0	0	1	0	0	0	1	0	0	0	
0.999999	2.19181e-06	-0.00123989	2.19181e-06	0.999994	0.00353547	0.00123989	-0.00353547	0.999993	0.000610867	-0.00174185	0.985351	
0.999997	8.78234e-06	-0.0024819	8.78248e-06	0.999975	0.00707708	0.0024819	-0.00707708	0.999972	0.00244451	-0.00697041	1.97069	
0.999993	1.97939e-05	-0.00372596	1.97945e-05	0.999944	0.0106247	0.00372596	-0.0106247	0.999937	0.00550298	-0.0156917	2.956	
0.999988	3.52482e-05	-0.00497203	3.52496e-05	0.999899	0.0141781	0.00497203	-0.0141781	0.999887	0.00978828	-0.0279114	3.94127	
0.999981	5.51666e-05	-0.00622005	5.51694e-05	0.999843	0.0177372	0.00622005	-0.0177372	0.999823	0.0153024	-0.0436354	4.92648	
0.999972	7.95697e-05	-0.00746997	7.95746e-05	0.999773	0.0213018	0.00746997	-0.0213018	0.999745	0.0220471	-0.062869	5.91162	
0.999962	0.000108478	-0.00872174	0.000108486	0.999691	0.0248718	0.00872174	-0.0248718	0.999653	0.0300244	-0.0856177	6.89668	
0.99995	0.00014191	-0.00997529	0.000141922	0.999595	0.0284471	0.00997529	-0.0284471	0.999546	0.039236	-0.111887	7.88164	
0.999937	0.000179886	-0.0112306	0.000179903	0.999487	0.0320273	0.0112306	-0.0320273	0.999424	0.0496837	-0.141681	8.86648	
0.999922	0.000222425	-0.0124876	0.000222448	0.999366	0.0356126	0.0124876	-0.0356126	0.999288	0.0613691	-0.175006	9.8512	
0.999905	0.000269543	-0.0137462	0.000269574	0.999231	0.0392025	0.0137462	-0.0392025	0.999137	0.0742938	-0.211865	10.8358	
0.999887	0.000321259	-0.0150064	0.0003213	0.999084	0.0427971	0.0150064	-0.0427971	0.998971	0.0884596	-0.252265	11.8202	
0.999868	0.00037759	-0.0162681	0.000377641	0.998923	0.0463961	0.0162681	-0.0463961	0.998791	0.103868	-0.296208	12.8045	
0.999846	0.000438552	-0.0175312	0.000438616	0.998749	0.0499995	0.0175312	-0.0499995	0.998595	0.12052	-0.3437	13.7885	
0.999823	0.00050416	-0.0187958	0.00050424	0.998562	0.0536069	0.0187958	-0.0536069	0.998385	0.138417	-0.394745	14.7724	
0.999799	0.000574431	-0.0200618	0.000574528	0.998362	0.0572184	0.0200618	-0.0572184	0.99816	0.157562	-0.449346	15.756	
0.999772	0.000649379	-0.021329	0.000649495	0.998148	0.0608337	0.021329	-0.0608337	0.99792	0.177954	-0.507507	16.7395	
0.999744	0.000729018	-0.0225975	0.000729156	0.99792	0.0644527	0.0225975	-0.0644527	0.997665	0.199596	-0.569233	17.7226	
0.999715	0.000813362	-0.0238672	0.000813524	0.99768	0.0680753	0.0238672	-0.0680753	0.997395	0.222488	-0.634527	18.7056	
0.999684	0.000902424	-0.0251381	0.000902613	0.997426	0.0717012	0.0251381	-0.0717012	0.997109	0.246631	-0.703392	19.6882	
0.999651	0.000996216	-0.02641	0.000996436	0.997158	0.0753303	0.02641	-0.0753303	0.996809	0.272028	-0.775831	20.6706	
0.999616	0.00109475	-0.027683	0.001095	0.996877	0.0789625	0.027683	-0.0789625	0.996493	0.298678	-0.851847	21.6526	
0.99958	0.00119804	-0.0289569	0.00119833	0.996582	0.0825976	0.0289569	-0.0825977	0.996162	0.326584	-0.931444	22.6344	
0.999542	0.0013061	-0.0302318	0.00130643	0.996274	0.0862355	0.0302318	-0.0862355	0.995816	0.355744	-1.01462	23.6158	
0.999503	0.00141893	-0.0315076	0.0014193	0.995952	0.0898761	0.0315076	-0.0898761	0.995454	0.386162	-1.10139	24.5968	
0.999461	0.00153654	-0.0327842	0.00153696	0.995616	0.093519	0.0327841	-0.093519	0.995078	0.417837	-1.19175	25.5775	
0.999418	0.00165895	-0.0340615	0.00165942	0.995267	0.0971643	0.0340615	-0.0971643	0.994685	0.45077	-1.28569	26.5578	
0.999374	0.00178617	-0.0353396	0.00178669	0.994904	0.100812	0.0353395	-0.100812	0.994278	0.484963	-1.38323	27.5377	
0.999327	0.0019182	-0.0366183	0.00191878	0.994527	0.104461	0.0366183	-0.104461	0.993855	0.520415	-1.48436	28.5172	
0.99928	0.00205504	-0.0378976	0.00205569	0.994137	0.108112	0.0378976	-0.108112	0.993416	0.557127	-1.58909	29.4963	
0.99923	0.00219672	-0.0391775	0.00219743	0.993732	0.111765	0.0391775	-0.111765	0.992962	0.5951	-1.69742	30.475	
0.999178	0.00234322	-0.0404579	0.00234401	0.993314	0.11542	0.0404578	-0.11542	0.992493	0.634335	-1.80935	31.4532	
0.999125	0.00249457	-0.0417387	0.00249543	0.992882	0.119076	0.0417386	-0.119076	0.992007	0.674831	-1.92488	32.4309	
0.999071	0.00265076	-0.0430199	0.00265171	0.992436	0.122733	0.0430199	-0.122733	0.991507	0.71659	-2.04401	33.4081	
0.999014	0.0028118	-0.0443015	0.00281284	0.991977	0.126391	0.0443014	-0.126391	0.990991	0.759611	-2.16675	34.3848	
0.998956	0.0029777	-0.0455833	0.00297883	0.991503	0.13005	0.0455832	-0.13005	0.990459	0.803895	-2.2931	35.3611	
0.998896	0.00314846	-0.0468654	0.00314968	0.991015	0.13371	0.0468653	-0.13371	0.989912	0.849442	-2.42304	36.3367	
0.998835	0.00332407	-0.0481476	0.0033254	0.990514	0.137371	0.0481475	-0.137371	0.989349	0.896253	-2.5566	37.3119	
0.998771	0.00350456	-0.04943	0.00350599	0.989999	0.141032	0.0494299	-0.141032	0.98877	0.944327	-2.69376	38.2865	
0.998706	0.00368991	-0.0507124	0.00369146	0.98947	0.144693	0.0507123	-0.144693	0.988176	0.993665	-2.83453	39.2605	
0.99864	0.00388012	-0.0519949	0.0038818	0.988927	0.148354	0.0519948	-0.148354	0.987566	1.04427	-2.97891	40.2339	
0.998571	0.00407521	-0.0532773	0.00407701	0.98837	0.152016	0.0532772	-0.152016	0.986941	1.09613	-3.1269	41.2067	
0.998501	0.00427517	-0.0545597	0.0042771	0.987799	0.155677	0.0545595	-0.155677	0.9863	1.14926	-3.27849	42.1788	
0.99843	0.00448	-0.0558419	0.00448207	0.987214	0.159338	0.0558417	-0.159338	0.985643	1.20365	-3.43369	43.1504	
0.998356	0.0046897	-0.0571239	0.00469192	0.986615	0.162999	0.0571237	-0.162999	0.984971	1.25931	-3.5925	44.1212	
0.998281	0.00490427	-0.0584057	0.00490664	0.986002	0.166659	0.0584055	-0.166659	0.984283	1.31623	-3.75491	45.0914	
0.998204	0.00512371	-0.0596871	0.00512624	0.985376	0.170318	0.0596869	-0.170319	0.98358	1.37441	-3.92093	46.061	
0.998125	0.00534802	-0.0609682	0.00535071	0.984735	0.173977	0.060968	-0.173977	0.982861	1.43385	-4.09056	47.0298	
0.998045	0.00557719	-0.0622489	0.00558005	0.984081	0.177634	0.0622487	-0.177634	0.982126	1.49456	-4.26379	47.9979	
0.997963	0.00581121	-0.0635292	0.00581426	0.983412	0.181291	0.0635289	-0.181291	0.981375	1.55653	-4.44063	48.9653	
0.997879	0.0060501	-0.0648089	0.00605334	0.98273	0.184945	0.0648086	-0.184946	0.98061	1.61975	-4.62106	49.9319	
0.997794	0.00629384	-0.0660881	0.00629727	0.982034	0.188599	0.0660878	-0.188599	0.979828	1.68424	-4.8051	50.8977	
0.997707	0.00654242	-0.0673667	0.00654606	0.981324	0.192251	0.0673664	-0.192251	0.979031	1.74999	-4.99274	51.8628	
0.997618	0.00679585	-0.0686446	0.0067997	0.9806	0.195901	0.0686442	-0.195901	0.978218	1.817	-5.18397	52.8271	
0.997528	0.00705412	-0.0699218	0.00705819	0.979863	0.199549	0.0699214	-0.199549	0.97739	1.88527	-5.3788	53.7906	
0.997435	0.00731721	-0.0711982	0.00732151	0.979111	0.203195	0.0711978	-0.203195	0.976546	1.9548	-5.57722	54.7533	
0.997341	0.00758513	-0.0724739	0.00758967	0.978346	0.206838	0.0724734	-0.206839	0.975687	2.02558	-5.77924	55.7151	
0.997246	0.00785787	-0.0737486	0.00786265	0.977567	0.21048	0.0737481	-0.21048	0.974812	2.09762	-5.98484	56.6761	
0.997149	0.00813542	-0.0750224	0.00814045	0.976774	0.214119	0.0750219	-0.214119	0.973922	2.17092	-6.19403	57.6362	
0.99705	0.00841776	-0.0762953	0.00842306	0.975967	0.217755	0.0762947	-0.217755	0.973017	2.24547	-6.4068	58.5954	
0.996949	0.0087049	-0.0775671	0.00871046	0.975147	0.221388	0.0775665	-0.221389	0.972096	2.32127	-6.62316	59.5537	
0.996847	0.00899682	-0.0788378	0.00900266	0.974313	0.225019	0.0788372	-0.225019	0.97116	2.39833	-6.84309	60.5111	
0.996743	0.00929351	-0.0801075	0.00929964	0.973465	0.228646	0.0801067	-0.228646	0.970208	2.47664	-7.0666	61.4675	
0.996409	0.0102257	-0.0840502	0.0094136	0.973147	0.229992	0.084145	-0.229957	0.969556	2.55756	-7.29255	62.4232	
0.996059	0.0111636	-0.0879923	0.00953341	0.972826	0.23134	0.0881839	-0.231267	0.968886	2.64246	-7.51978	63.3783	
0.995692	0.0121073	-0.0919334	0.00965908	0.972503	0.232689	0.0922228	-0.232574	0.968196	2.73134	-7.74831	64.3326	
0.995308	0.0130567	-0.095873	0.00979059	0.972178	0.23404	0.0962614	-0.23388	0.967488	2.82421	-7.97812	65.2863	
0.994908	0.0140116	-0.0998107	0.00992793	0.97185	0.235391	0.100299	-0.235183	0.966762	2.92105	-8.20922	66.2392	
0.994491	0.0149719	-0.103746	0.0100711	0.97152	0.236743	0.104336	-0.236484	0.966017	3.02187	-8.4416	67.1915	
0.994058	0.0159376	-0.107678	0.01022	0.971188	0.238095	0.108371	-0.237781	0.965254	3.12666	-8.67525	68.143	
0.993608	0.0169086	-0.111608	0.0103746	0.970854	0.239447	0.112403	-0.239074	0.964473	3.23543	-8.91019	69.0937	
0.993143	0.0178847	-0.115533	0.010535	0.970518	0.240798	0.116434	-0.240363	0.963675	3.34817	-9.1464	70.0437	
0.99266	0.0188658	-0.119454	0.010701	0.97018	0.242148	0.120461	-0.241649	0.962858	3.46489	-9.38387	70.9928	
0.990217	0.0232639	-0.137586	0.00863623	0.973896	0.226829	0.139271	-0.225798	0.964167	3.59286	-9.61419	71.9423	
0.98742	0.0273626	-0.155736	0.00627311	0.977359	0.211494	0.157997	-0.20981	0.964892	3.73932	-9.82881	72.8927	
0.984271	0.0311591	-0.173895	0.00361303	0.980567	0.196152	0.176627	-0.193695	0.965031	3.90419	-10.0276	73.8436	
0.980773	0.0346513	-0.19205	0.000657601	0.983517	0.180813	0.19515	-0.177462	0.964585	4.08737	-10.2105	74.7943	
0.976928	0.037837	-0.210192	-0.00259138	0.986209	0.165485	0.213555	-0.161122	0.963553	4.28874	-10.3773	75.7443	
0.972737	0.0407143	-0.228309	-0.00613194	0.98864	0.150178	0.23183	-0.144684	0.961936	4.50818	-10.528	76.693	
0.968204	0.0432815	-0.24639	-0.00996193	0.990809	0.134902	0.249964	-0.128158	0.959736	4.74556	-10.6624	77.6398	
0.963331	0.0455369	-0.264424	-0.014079	0.992714	0.119666	0.267946	-0.111555	0.956954	5.00073	-10.7805	78.5842	
0.958121	0.0474793	-0.2824	-0.0184807	0.994355	0.104478	0.285766	-0.0948834	0.95359	5.27355	-10.8822	79.5255	
0.952578	0.0491074	-0.300307	-0.0231644	0.995731	0.0893481	0.303413	-0.0781545	0.949649	5.56384	-10.9675	80.4632	
0.946704	0.0504203	-0.318135	-0.0281272	0.99684	0.0742856	0.320875	-0.0613782	0.94513	5.87143	-11.0362	81.3968	
0.940503	0.0514171	-0.335873	-0.033366	0.997682	0.0592995	0.338143	-0.0445647	0.940039	6.19613	-11.0884	82.3256	
0.933979	0.0520972	-0.353509	-0.0388777	0.998257	0.044399	0.355206	-0.0277241	0.934377	6.53774	-11.124	83.2491	
0.927137	0.0524603	-0.371033	-0.044659	0.998564	0.0295929	0.372053	-0.0108667	0.928148	6.89606	-11.1431	84.1668	
0.919979	0.0525061	-0.388435	-0.0507064	0.998603	0.0148904	0.388674	0.00599732	0.921356	7.27087	-11.1455	85.0781	
0.912511	0.0522346	-0.405704	-0.0570162	0.998373	0.000300265	0.40506	0.0228577	0.914005	7.66195	-11.1312	85.9824	
0.904737	0.051646	-0.422829	-0.0635845	0.997876	-0.0141686	0.421199	0.0397042	0.906099	8.06905	-11.1004	86.8791	
0.896661	0.0507406	-0.4398	-0.0704073	0.997111	-0.0285073	0.437083	0.0565266	0.897643	8.49193	-11.053	87.7678	
0.888289	0.0495189	-0.456608	-0.0774806	0.996079	-0.0427073	0.452702	0.0733147	0.888643	8.93032	-10.989	88.6479	
0.879626	0.0479817	-0.47324	-0.0848001	0.99478	-0.0567599	0.468046	0.0900583	0.879103	9.38398	-10.9085	89.5189	
0.870676	0.04613	-0.489688	-0.0923612	0.993216	-0.0706566	0.483107	0.106747	0.86903	9.85261	-10.8116	90.3802	
0.861446	0.0439648	-0.505942	-0.100159	0.991386	-0.084389	0.497874	0.123371	0.85843	10.3359	-10.6982	91.2313	
0.851941	0.0414875	-0.521991	-0.10819	0.989293	-0.0979486	0.512338	0.139921	0.847308	10.8337	-10.5685	92.0718	
0.842167	0.0386996	-0.537826	-0.116448	0.986938	-0.111327	0.526492	0.156385	0.835673	11.3455	-10.4225	92.901	
0.83213	0.0356028	-0.553437	-0.124929	0.984321	-0.124517	0.540327	0.172755	0.823531	11.8711	-10.2603	93.7185	
0.821835	0.0321989	-0.568815	-0.133627	0.981445	-0.13751	0.553834	0.189019	0.810888	12.4102	-10.0821	94.5237	
