1	0	0	0	1	0	0	0	1	0	0	0	
0.999997	2.03544e-06	0.00226805	2.03544e-06	0.999998	-0.00179488	-0.00226805	0.00179488	0.999996	-0.000860827	0.000681239	0.75909	
0.99999	8.15812e-06	0.00454094	8.15592e-06	0.999994	-0.00359263	-0.00454094	0.00359263	0.999983	-0.00344515	0.00272604	1.51817	
0.999977	1.83918e-05	0.00681862	1.8383e-05	0.999985	-0.00539319	-0.00681862	0.00539319	0.999962	-0.00775662	0.00613657	2.27724	
0.999959	3.276e-05	0.00910103	3.27379e-05	0.999974	-0.00719652	-0.00910103	0.00719652	0.999933	-0.0137989	0.0109149	3.0363	
0.999935	5.12858e-05	0.0113881	5.12416e-05	0.999959	-0.00900256	-0.0113881	0.00900256	0.999895	-0.0215754	0.0170632	3.79532	
0.999906	7.39922e-05	0.0136798	7.39147e-05	0.999942	-0.0108113	-0.0136798	0.0108113	0.999848	-0.0310898	0.0245835	4.55432	
0.999872	0.000100902	0.015976	0.000100777	0.99992	-0.0126226	-0.015976	0.0126226	0.999793	-0.0423456	0.0334777	5.31327	
0.999833	0.000132037	0.0182767	0.00013185	0.999896	-0.0144364	-0.0182767	0.0144364	0.999729	-0.055346	0.0437478	6.07218	
0.999788	0.000167419	0.0205819	0.000167152	0.999868	-0.0162528	-0.0205819	0.0162528	0.999656	-0.0700946	0.0553958	6.83104	
0.999738	0.000207071	0.0228914	0.000206702	0.999837	-0.0180717	-0.0228914	0.0180717	0.999575	-0.0865947	0.0684235	7.58984	
0.999682	0.000251013	0.0252052	0.000250521	0.999802	-0.0198929	-0.0252052	0.0198929	0.999484	-0.10485	0.0828328	8.34857	
0.999621	0.000299266	0.0275232	0.000298626	0.999764	-0.0217165	-0.0275232	0.0217165	0.999385	-0.124862	0.0986255	9.10723	
0.999554	0.000351852	0.0298455	0.000351036	0.999723	-0.0235424	-0.0298455	0.0235424	0.999277	-0.146636	0.115803	9.86582	
0.999482	0.000408791	0.0321718	0.000407769	0.999678	-0.0253706	-0.0321718	0.0253705	0.99916	-0.170175	0.134368	10.6243	
0.999405	0.000470103	0.0345022	0.000468842	0.99963	-0.0272009	-0.0345022	0.0272009	0.999034	-0.195481	0.154321	11.3827	
0.999321	0.000535808	0.0368366	0.000534274	0.999578	-0.0290334	-0.0368366	0.0290334	0.998899	-0.222557	0.175665	12.141	
0.999232	0.000605925	0.039175	0.000604082	0.999523	-0.030868	-0.039175	0.030868	0.998755	-0.251407	0.1984	12.8992	
0.999138	0.000680474	0.0415172	0.000678282	0.999465	-0.0327047	-0.0415172	0.0327046	0.998602	-0.282033	0.222529	13.6573	
0.999037	0.000759474	0.0438632	0.000756891	0.999403	-0.0345433	-0.0438633	0.0345433	0.99844	-0.314439	0.248052	14.4153	
0.998931	0.000842943	0.046213	0.000839925	0.999338	-0.0363839	-0.0462131	0.0363839	0.998269	-0.348627	0.274973	15.1731	
0.99882	0.0009309	0.0485665	0.000927399	0.999269	-0.0382264	-0.0485666	0.0382263	0.998088	-0.3846	0.303291	15.9308	
0.998702	0.00102336	0.0509236	0.00101933	0.999196	-0.0400708	-0.0509237	0.0400707	0.997898	-0.422362	0.333008	16.6884	
0.998579	0.00112035	0.0532843	0.00111573	0.99912	-0.0419169	-0.0532844	0.0419168	0.997699	-0.461913	0.364126	17.4458	
0.99845	0.00122188	0.0556485	0.00121662	0.999041	-0.0437648	-0.0556486	0.0437646	0.997491	-0.503258	0.396646	18.2031	
0.998315	0.00132796	0.0580161	0.00132201	0.998958	-0.0456143	-0.0580162	0.0456142	0.997273	-0.546399	0.430569	18.9602	
0.998174	0.00143862	0.0603871	0.00143192	0.998872	-0.0474655	-0.0603872	0.0474653	0.997046	-0.591339	0.465897	19.7171	
0.998027	0.00155387	0.0627614	0.00154636	0.998782	-0.0493183	-0.0627616	0.0493181	0.996809	-0.638079	0.502631	20.4739	
0.997875	0.00167373	0.065139	0.00166534	0.998688	-0.0511727	-0.0651392	0.0511724	0.996563	-0.686624	0.540772	21.2305	
0.997716	0.00179822	0.0675198	0.00178887	0.998591	-0.0530285	-0.06752	0.0530282	0.996308	-0.736974	0.58032	21.9869	
0.997552	0.00192734	0.0699037	0.00191698	0.998491	-0.0548858	-0.069904	0.0548854	0.996043	-0.789133	0.621279	22.743	
0.997381	0.00206111	0.0722907	0.00204967	0.998387	-0.0567444	-0.072291	0.056744	0.995768	-0.843102	0.663647	23.499	
0.997205	0.00219956	0.0746806	0.00218695	0.998279	-0.0586044	-0.074681	0.0586039	0.995484	-0.898885	0.707427	24.2548	
0.997023	0.00234269	0.0770736	0.00232884	0.998168	-0.0604656	-0.077074	0.0604651	0.99519	-0.956483	0.752619	25.0103	
0.996834	0.00249052	0.0794694	0.00247535	0.998053	-0.0623281	-0.0794699	0.0623275	0.994887	-1.0159	0.799224	25.7657	
0.99664	0.00264306	0.0818681	0.00262649	0.997934	-0.0641918	-0.0818686	0.0641912	0.994574	-1.07713	0.847244	26.5208	
0.996439	0.00280033	0.0842695	0.00278227	0.997812	-0.0660567	-0.0842701	0.0660559	0.994251	-1.14019	0.896679	27.2756	
0.996232	0.00296233	0.0866736	0.0029427	0.997686	-0.0679226	-0.0866742	0.0679217	0.993919	-1.20507	0.947529	28.0302	
0.99602	0.00312909	0.0890803	0.00310779	0.997557	-0.0697895	-0.089081	0.0697885	0.993576	-1.27178	0.999797	28.7846	
0.995801	0.00330061	0.0914896	0.00327756	0.997424	-0.0716574	-0.0914904	0.0716564	0.993224	-1.34031	1.05348	29.5386	
0.995575	0.00347692	0.0939014	0.00345201	0.997287	-0.0735263	-0.0939023	0.0735251	0.992863	-1.41068	1.10858	30.2925	
0.995344	0.00365801	0.0963157	0.00363115	0.997147	-0.075396	-0.0963167	0.0753947	0.992491	-1.48288	1.16511	31.046	
0.995107	0.0038439	0.0987323	0.00381499	0.997003	-0.0772666	-0.0987334	0.0772651	0.99211	-1.55691	1.22305	31.7992	
0.994863	0.00403461	0.101151	0.00400355	0.996856	-0.0791379	-0.101153	0.0791363	0.991719	-1.63277	1.28241	32.5522	
0.994613	0.00423014	0.103573	0.00419682	0.996704	-0.08101	-0.103574	0.0810083	0.991317	-1.71048	1.34319	33.3048	
0.994357	0.00443051	0.105996	0.00439482	0.99655	-0.0828828	-0.105997	0.0828809	0.990906	-1.79002	1.40539	34.0572	
0.994094	0.00463572	0.108421	0.00459755	0.996391	-0.0847562	-0.108423	0.0847541	0.990485	-1.8714	1.46902	34.8092	
0.993825	0.00484579	0.110849	0.00480503	0.996229	-0.0866302	-0.110851	0.0866279	0.990054	-1.95462	1.53407	35.5609	
0.99355	0.00506073	0.113279	0.00501726	0.996063	-0.0885047	-0.113281	0.0885022	0.989613	-2.03969	1.60054	36.3123	
0.993269	0.00528054	0.11571	0.00523424	0.995894	-0.0903797	-0.115712	0.090377	0.989163	-2.12661	1.66843	37.0633	
0.992981	0.00550524	0.118144	0.00545599	0.99572	-0.0922551	-0.118146	0.0922522	0.988702	-2.21537	1.73775	37.814	
0.992687	0.00573483	0.120579	0.0056825	0.995544	-0.0941309	-0.120582	0.0941278	0.988231	-2.30597	1.80849	38.5644	
0.992387	0.00596933	0.123016	0.0059138	0.995363	-0.0960071	-0.123019	0.0960037	0.98775	-2.39843	1.88065	39.3143	
0.991735	0.00647418	0.128142	0.00622961	0.995119	-0.0984899	-0.128154	0.0984741	0.986853	-2.49376	1.95446	40.0638	
0.991056	0.00699206	0.133265	0.00655894	0.994867	-0.100975	-0.133287	0.100946	0.985923	-2.59299	2.03015	40.8125	
0.99035	0.00752299	0.138386	0.0069018	0.994609	-0.103462	-0.138418	0.103419	0.984959	-2.69612	2.10772	41.5606	
0.989617	0.00806697	0.143503	0.00725821	0.994345	-0.105951	-0.143546	0.105892	0.983962	-2.80314	2.18716	42.3079	
0.988857	0.00862401	0.148616	0.0076282	0.994074	-0.108441	-0.148671	0.108366	0.982931	-2.91405	2.26848	43.0544	
0.988071	0.00919412	0.153726	0.00801178	0.993796	-0.110933	-0.153792	0.110841	0.981867	-3.02884	2.35168	43.8001	
0.987257	0.0097773	0.158832	0.00840896	0.993511	-0.113426	-0.158911	0.113316	0.980769	-3.14753	2.43676	44.5451	
0.986417	0.0103735	0.163934	0.00881977	0.993219	-0.115919	-0.164025	0.115791	0.979637	-3.2701	2.52372	45.2891	
0.985549	0.0109829	0.169032	0.00924419	0.992921	-0.118414	-0.169136	0.118265	0.978471	-3.39655	2.61255	46.0323	
0.984655	0.0116053	0.174125	0.00968226	0.992616	-0.120909	-0.174242	0.12074	0.977272	-3.52688	2.70326	46.7746	
0.983734	0.0122408	0.179213	0.010134	0.992305	-0.123404	-0.179345	0.123213	0.97604	-3.66108	2.79586	47.516	
0.982786	0.0128893	0.184296	0.0105993	0.991986	-0.1259	-0.184442	0.125686	0.974774	-3.79915	2.89033	48.2564	
0.981811	0.0135509	0.189374	0.0110783	0.991661	-0.128395	-0.189535	0.128158	0.973474	-3.9411	2.98667	48.9959	
0.98081	0.0142256	0.194447	0.0115709	0.991329	-0.13089	-0.194623	0.130628	0.972141	-4.0869	3.08489	49.7343	
0.979782	0.0149133	0.199513	0.0120771	0.990991	-0.133384	-0.199705	0.133097	0.970774	-4.23657	3.18499	50.4717	
0.978727	0.0156141	0.204574	0.012597	0.990646	-0.135878	-0.204782	0.135564	0.969374	-4.39009	3.28696	51.2081	
0.977645	0.0163279	0.209628	0.0131305	0.990293	-0.13837	-0.209853	0.13803	0.967941	-4.54746	3.3908	51.9434	
0.976536	0.0170547	0.214676	0.0136776	0.989935	-0.140862	-0.214918	0.140493	0.966474	-4.70868	3.49651	52.6776	
0.975401	0.0177946	0.219718	0.0142382	0.989569	-0.143352	-0.219977	0.142954	0.964974	-4.87374	3.60409	53.4107	
0.974239	0.0185474	0.224752	0.0148125	0.989197	-0.14584	-0.225029	0.145413	0.96344	-5.04264	3.71354	54.1426	
0.973051	0.0193132	0.22978	0.0154003	0.988818	-0.148327	-0.230075	0.147868	0.961873	-5.21538	3.82485	54.8734	
0.971836	0.020092	0.2348	0.0160016	0.988433	-0.150812	-0.235114	0.150321	0.960273	-5.39194	3.93803	55.6029	
0.970595	0.0208838	0.239812	0.0166164	0.988041	-0.153294	-0.240146	0.152771	0.95864	-5.57232	4.05307	56.3312	
0.969327	0.0216884	0.244817	0.0172447	0.987642	-0.155774	-0.24517	0.155218	0.956974	-5.75652	4.16997	57.0583	
0.968032	0.022506	0.249814	0.0178865	0.987237	-0.158251	-0.250187	0.157661	0.955275	-5.94453	4.28872	57.7841	
0.966712	0.0233364	0.254802	0.0185416	0.986825	-0.160726	-0.255196	0.1601	0.953542	-6.13635	4.40932	58.5086	
0.965364	0.0241797	0.259782	0.0192102	0.986406	-0.163197	-0.260197	0.162535	0.951777	-6.33197	4.53178	59.2317	
0.963991	0.0250358	0.264754	0.0198921	0.985981	-0.165666	-0.26519	0.164967	0.949979	-6.53137	4.65608	59.9535	
0.962591	0.0259047	0.269716	0.0205873	0.98555	-0.168131	-0.270174	0.167394	0.948148	-6.73457	4.78223	60.6739	
0.961165	0.0267865	0.27467	0.0212957	0.985112	-0.170592	-0.27515	0.169816	0.946285	-6.94155	4.91021	61.393	
0.959713	0.0276809	0.279614	0.0220174	0.984667	-0.173049	-0.280117	0.172234	0.944389	-7.1523	5.04004	62.1106	
0.958235	0.0285881	0.284548	0.0227523	0.984216	-0.175502	-0.285074	0.174647	0.94246	-7.36681	5.17169	62.8267	
0.956731	0.0295079	0.289473	0.0235003	0.983759	-0.177952	-0.290022	0.177055	0.940499	-7.58509	5.30518	63.5414	
0.955201	0.0304404	0.294388	0.0242614	0.983295	-0.180396	-0.294961	0.179457	0.938506	-7.80712	5.44049	64.2546	
0.953645	0.0313855	0.299292	0.0250356	0.982825	-0.182836	-0.29989	0.181854	0.93648	-8.03289	5.57763	64.9662	
0.952063	0.0323432	0.304186	0.0258227	0.982348	-0.185272	-0.304809	0.184245	0.934422	-8.2624	5.71658	65.6763	
0.950456	0.0333134	0.30907	0.0266227	0.981865	-0.187702	-0.309718	0.186631	0.932332	-8.49564	5.85734	66.3848	
0.948822	0.0342961	0.313942	0.0274356	0.981376	-0.190127	-0.314616	0.18901	0.930211	-8.73261	5.99992	67.0917	
0.947163	0.0352913	0.318804	0.0282613	0.980881	-0.192547	-0.319504	0.191383	0.928057	-8.97328	6.14429	67.797	
0.945479	0.0362989	0.323654	0.0290997	0.980379	-0.194961	-0.324381	0.193749	0.925872	-9.21767	6.29047	68.5007	
0.943769	0.0373189	0.328493	0.0299508	0.979872	-0.197369	-0.329247	0.196109	0.923655	-9.46575	6.43844	69.2027	
0.942033	0.0383512	0.33332	0.0308145	0.979358	-0.199771	-0.334101	0.198462	0.921406	-9.71752	6.5882	69.903	
0.935728	0.0420379	0.350208	0.0324071	0.978427	-0.204037	-0.35123	0.202272	0.914179	-9.97764	6.7403	70.5997	
0.929109	0.0457941	0.366959	0.0340789	0.977478	-0.208268	-0.368232	0.206009	0.906623	-10.2507	6.89527	71.2908	
0.922179	0.0496184	0.383568	0.0358294	0.976512	-0.212463	-0.385101	0.209672	0.898741	-10.5367	7.05304	71.976	
0.914939	0.0535093	0.40003	0.037658	0.975529	-0.216621	-0.401832	0.213259	0.890535	-10.8353	7.21357	72.6551	
0.907393	0.0574656	0.416337	0.039564	0.97453	-0.22074	-0.418418	0.216769	0.882008	-11.1467	7.37679	73.3279	
