1	0	0	0	1	0	0	0	1	0	0	0	
0.999996	-2.49646e-06	-0.00297896	-2.49646e-06	0.999999	-0.00167606	0.00297896	0.00167606	0.999994	0.00149926	0.000843533	1.00656	
0.999982	-1.00109e-05	-0.00596528	-1.00115e-05	0.999994	-0.00335646	0.00596528	0.00335646	0.999977	0.00600075	0.00337632	2.01312	
0.99996	-2.25806e-05	-0.00895881	-2.2583e-05	0.999987	-0.00504113	0.00895881	0.00504113	0.999947	0.0135118	0.00760268	3.01964	
0.999928	-4.02422e-05	-0.0119594	-4.02482e-05	0.999977	-0.00672997	0.0119594	0.00672997	0.999906	0.0240396	0.0135269	4.02614	
0.999888	-6.30314e-05	-0.014967	-6.30435e-05	0.999965	-0.00842292	0.014967	0.00842292	0.999853	0.0375912	0.0211531	5.03258	
0.999838	-9.09836e-05	-0.0179813	-9.10047e-05	0.999949	-0.0101199	0.0179813	0.0101199	0.999787	0.0541735	0.0304854	6.03897	
0.999779	-0.000124133	-0.0210023	-0.000124167	0.99993	-0.0118208	0.0210023	0.0118208	0.99971	0.0737933	0.0415278	7.04528	
0.999711	-0.000162514	-0.0240298	-0.000162565	0.999909	-0.0135256	0.0240298	0.0135256	0.99962	0.0964572	0.0542842	8.05151	
0.999634	-0.000206159	-0.0270636	-0.000206232	0.999884	-0.0152342	0.0270636	0.0152342	0.999518	0.122172	0.0687585	9.05764	
0.999547	-0.000255101	-0.0301037	-0.000255202	0.999856	-0.0169465	0.0301037	0.0169465	0.999403	0.150943	0.0849545	10.0637	
0.99945	-0.000309372	-0.0331498	-0.000309506	0.999826	-0.0186624	0.0331498	0.0186624	0.999276	0.182777	0.102876	11.0696	
0.999344	-0.000369002	-0.0362019	-0.000369177	0.999792	-0.0203818	0.0362019	0.0203818	0.999137	0.217681	0.122526	12.0753	
0.999229	-0.000434022	-0.0392597	-0.000434245	0.999756	-0.0221047	0.0392597	0.0221047	0.998985	0.25566	0.143909	13.081	
0.999104	-0.000504461	-0.0423232	-0.000504741	0.999716	-0.023831	0.0423232	0.023831	0.99882	0.296719	0.167028	14.0864	
0.998969	-0.000580349	-0.0453922	-0.000580694	0.999673	-0.0255606	0.0453922	0.0255607	0.998642	0.340865	0.191886	15.0917	
0.998825	-0.000661713	-0.0484666	-0.000662133	0.999627	-0.0272935	0.0484666	0.0272935	0.998452	0.388102	0.218486	16.0968	
0.99867	-0.000748582	-0.0515461	-0.000749086	0.999578	-0.0290295	0.0515461	0.0290295	0.998249	0.438437	0.246833	17.1017	
0.998506	-0.00084098	-0.0546308	-0.000841581	0.999526	-0.0307685	0.0546308	0.0307685	0.998032	0.491874	0.276928	18.1064	
0.998332	-0.000938936	-0.0577203	-0.000939644	0.999471	-0.0325105	0.0577203	0.0325105	0.997803	0.548418	0.308775	19.1109	
0.998149	-0.00104247	-0.0608146	-0.0010433	0.999413	-0.0342554	0.0608146	0.0342555	0.997561	0.608075	0.342377	20.1151	
0.997955	-0.00115162	-0.0639136	-0.00115258	0.999351	-0.0360032	0.0639136	0.0360032	0.997306	0.670849	0.377737	21.1191	
0.997751	-0.00126639	-0.067017	-0.0012675	0.999286	-0.0377537	0.067017	0.0377537	0.997037	0.736744	0.414858	22.1228	
0.997537	-0.00138682	-0.0701248	-0.00138809	0.999218	-0.0395068	0.0701248	0.0395068	0.996756	0.805765	0.453742	23.1263	
0.997313	-0.00151293	-0.0732368	-0.00151437	0.999147	-0.0412625	0.0732368	0.0412626	0.996461	0.877917	0.494392	24.1294	
0.99708	-0.00164473	-0.0763528	-0.00164636	0.999073	-0.0430207	0.0763528	0.0430208	0.996152	0.953202	0.53681	25.1323	
0.996835	-0.00178225	-0.0794728	-0.00178409	0.998995	-0.0447814	0.0794727	0.0447814	0.995831	1.03163	0.581	26.1348	
0.996581	-0.00192551	-0.0825965	-0.00192757	0.998914	-0.0465443	0.0825965	0.0465444	0.995496	1.11319	0.626963	27.137	
0.996317	-0.00207452	-0.0857238	-0.00207683	0.99883	-0.0483096	0.0857238	0.0483097	0.995147	1.19791	0.674701	28.1389	
0.996042	-0.00222932	-0.0888546	-0.00223189	0.998743	-0.0500769	0.0888546	0.0500771	0.994785	1.28577	0.724217	29.1404	
0.995757	-0.00238991	-0.0919888	-0.00239275	0.998652	-0.0518464	0.0919887	0.0518466	0.994409	1.37678	0.775514	30.1415	
0.995462	-0.00255631	-0.0951261	-0.00255946	0.998558	-0.0536179	0.095126	0.0536181	0.99402	1.47096	0.828593	31.1422	
0.995156	-0.00272854	-0.0982664	-0.002732	0.998461	-0.0553913	0.0982663	0.0553915	0.993617	1.56829	0.883455	32.1426	
0.994841	-0.00290661	-0.10141	-0.00291042	0.99836	-0.0571666	0.10141	0.0571668	0.993201	1.66878	0.940104	33.1425	
0.994514	-0.00309054	-0.104556	-0.00309472	0.998257	-0.0589436	0.104556	0.0589439	0.992771	1.77244	0.99854	34.142	
0.994178	-0.00328035	-0.107704	-0.00328491	0.998149	-0.0607223	0.107704	0.0607226	0.992327	1.87927	1.05877	35.1411	
0.99383	-0.00347604	-0.110855	-0.00348101	0.998039	-0.0625027	0.110855	0.0625029	0.991869	1.98926	1.12078	36.1397	
0.993473	-0.00367763	-0.114009	-0.00368304	0.997925	-0.0642845	0.114009	0.0642848	0.991398	2.10243	1.18459	37.1378	
0.993105	-0.00388514	-0.117164	-0.003891	0.997808	-0.0660678	0.117164	0.0660681	0.990912	2.21878	1.2502	38.1355	
0.992726	-0.00409856	-0.120322	-0.00410491	0.997687	-0.0678524	0.120322	0.0678528	0.990413	2.3383	1.3176	39.1327	
0.992337	-0.00431792	-0.123481	-0.00432478	0.997563	-0.0696383	0.123481	0.0696388	0.9899	2.461	1.3868	40.1293	
0.991938	-0.00454323	-0.126643	-0.00455062	0.997436	-0.0714255	0.126642	0.0714259	0.989374	2.58689	1.45779	41.1255	
0.991528	-0.00477448	-0.129805	-0.00478244	0.997305	-0.0732137	0.129805	0.0732142	0.988833	2.71595	1.53059	42.1211	
0.991107	-0.0050117	-0.13297	-0.00502025	0.997171	-0.075003	0.132969	0.0750035	0.988278	2.8482	1.60518	43.1161	
0.990676	-0.00525488	-0.136135	-0.00526405	0.997033	-0.0767932	0.136135	0.0767938	0.987709	2.98364	1.68158	44.1106	
0.990235	-0.00550404	-0.139302	-0.00551386	0.996892	-0.0785843	0.139302	0.078585	0.987127	3.12226	1.75978	45.1045	
0.989782	-0.00575918	-0.14247	-0.00576968	0.996748	-0.0803762	0.142469	0.0803769	0.98653	3.26407	1.83978	46.0978	
0.98932	-0.0060203	-0.145638	-0.00603152	0.9966	-0.0821688	0.145638	0.0821696	0.98592	3.40907	1.92159	47.0905	
0.988846	-0.00628741	-0.148808	-0.00629938	0.996449	-0.083962	0.148807	0.0839629	0.985295	3.55726	2.0052	48.0826	
0.988362	-0.00656052	-0.151978	-0.00657327	0.996295	-0.0857558	0.151977	0.0857568	0.984657	3.70864	2.09062	49.074	
0.987868	-0.00683962	-0.155148	-0.00685318	0.996137	-0.08755	0.155148	0.0875511	0.984004	3.86321	2.17784	50.0648	
0.987362	-0.00712473	-0.158319	-0.00713913	0.995975	-0.0893447	0.158318	0.0893458	0.983337	4.02097	2.26687	51.055	
0.986846	-0.00741583	-0.16149	-0.00743111	0.99581	-0.0911396	0.161489	0.0911409	0.982657	4.18193	2.35771	52.0444	
0.98632	-0.00771294	-0.164661	-0.00772913	0.995642	-0.0929348	0.16466	0.0929361	0.981962	4.34607	2.45035	53.0332	
0.985783	-0.00801604	-0.167832	-0.00803319	0.995471	-0.0947301	0.167831	0.0947316	0.981254	4.51341	2.5448	54.0212	
0.985235	-0.00832515	-0.171002	-0.00834329	0.995296	-0.0965255	0.171001	0.0965271	0.980531	4.68394	2.64106	55.0086	
0.984677	-0.00864025	-0.174172	-0.00865942	0.995117	-0.0983209	0.174172	0.0983226	0.979794	4.85766	2.73912	55.9952	
0.984108	-0.00896135	-0.177342	-0.00898158	0.994935	-0.100116	0.177341	0.100118	0.979044	5.03457	2.83899	56.981	
0.983529	-0.00928845	-0.180511	-0.00930978	0.99475	-0.101911	0.18051	0.101913	0.978279	5.21467	2.94067	57.9661	
0.982939	-0.00962153	-0.183679	-0.009644	0.994561	-0.103706	0.183678	0.103708	0.9775	5.39796	3.04416	58.9504	
0.982339	-0.0099606	-0.186846	-0.00998426	0.994369	-0.105501	0.186845	0.105503	0.976708	5.58444	3.14945	59.9339	
0.981728	-0.0103056	-0.190012	-0.0103305	0.994174	-0.107295	0.190011	0.107297	0.975901	5.7741	3.25655	60.9166	
0.981106	-0.0106567	-0.193177	-0.0106828	0.993975	-0.109089	0.193176	0.109091	0.975081	5.96695	3.36545	61.8985	
0.980474	-0.0110137	-0.196341	-0.0110411	0.993772	-0.110882	0.196339	0.110884	0.974246	6.16299	3.47616	62.8796	
0.979831	-0.0113766	-0.199503	-0.0114054	0.993567	-0.112674	0.199501	0.112677	0.973398	6.36221	3.58868	63.8598	
0.978619	-0.0120641	-0.205327	-0.0122814	0.99307	-0.116883	0.205314	0.116906	0.971689	6.56595	3.70422	64.8387	
0.977372	-0.012777	-0.211143	-0.0131826	0.992555	-0.121085	0.211118	0.121128	0.969926	6.77553	3.82402	65.8159	
0.97609	-0.0135153	-0.216948	-0.0141089	0.992021	-0.125279	0.21691	0.125345	0.968111	6.99095	3.94807	66.7913	
0.974773	-0.014279	-0.222743	-0.0150604	0.99147	-0.129466	0.222692	0.129554	0.966242	7.2122	4.07636	67.7648	
0.973421	-0.0150679	-0.228528	-0.0160369	0.9909	-0.133644	0.228462	0.133757	0.964321	7.43926	4.20888	68.7365	
0.972034	-0.0158821	-0.234301	-0.0170383	0.990311	-0.137815	0.234219	0.137953	0.962346	7.67212	4.34562	69.7061	
0.970614	-0.0167213	-0.240062	-0.0180647	0.989705	-0.141976	0.239964	0.142141	0.960319	7.91077	4.48659	70.6738	
0.965974	-0.0195242	-0.2579	-0.02227	0.987165	-0.158146	0.257678	0.158508	0.953141	8.16123	4.63791	71.6368	
0.961006	-0.0226314	-0.2756	-0.0267733	0.984348	-0.174189	0.275228	0.174775	0.945359	8.42945	4.80565	72.5924	
0.955712	-0.0260408	-0.293149	-0.0315717	0.981258	-0.190096	0.292605	0.190932	0.936978	8.71525	4.98972	73.5398	
0.950096	-0.0297504	-0.310536	-0.0366623	0.977895	-0.205855	0.309796	0.206967	0.928004	9.01844	5.18999	74.4784	
0.944161	-0.0337577	-0.32775	-0.0420417	0.974263	-0.221459	0.32679	0.222872	0.918442	9.33884	5.40633	75.4078	
0.937912	-0.0380603	-0.34478	-0.0477066	0.970363	-0.236895	0.343578	0.238635	0.908299	9.67624	5.63861	76.3272	
0.931351	-0.0426553	-0.361616	-0.0536534	0.966198	-0.252156	0.360149	0.254247	0.897581	10.0304	5.88668	77.2361	
0.924483	-0.04754	-0.378247	-0.0598783	0.961771	-0.26723	0.376491	0.269699	0.886294	10.4012	6.15039	78.1339	
0.917313	-0.0527112	-0.394662	-0.0663774	0.957083	-0.282109	0.392595	0.284979	0.874446	10.7883	6.42956	79.0201	
0.909845	-0.0581656	-0.410851	-0.0731465	0.952139	-0.296783	0.40845	0.300079	0.862045	11.1915	6.72403	79.8941	
0.902084	-0.0638998	-0.426804	-0.0801815	0.946942	-0.311243	0.424047	0.314989	0.849097	11.6105	7.0336	80.7554	
0.894034	-0.0699101	-0.44251	-0.0874778	0.941494	-0.32548	0.439375	0.3297	0.835612	12.045	7.35808	81.6033	
0.885702	-0.0761928	-0.45796	-0.0950308	0.935799	-0.339484	0.454425	0.344202	0.821598	12.4949	7.69726	82.4374	
0.877091	-0.0827439	-0.473144	-0.102836	0.929861	-0.353247	0.469187	0.358486	0.807064	12.9597	8.05093	83.2571	
0.868208	-0.0895591	-0.488052	-0.110888	0.923684	-0.36676	0.483652	0.372543	0.792018	13.4393	8.41886	84.0619	
0.859058	-0.0966343	-0.502675	-0.119181	0.91727	-0.380014	0.497811	0.386364	0.776471	13.9333	8.80082	84.8514	
0.849647	-0.103965	-0.517003	-0.127712	0.910626	-0.393002	0.511655	0.39994	0.760433	14.4414	9.19658	85.6249	
0.83998	-0.111546	-0.531028	-0.136473	0.903754	-0.405714	0.525174	0.413263	0.743913	14.9632	9.60587	86.3821	
0.830065	-0.119374	-0.54474	-0.145461	0.896659	-0.418143	0.538361	0.426324	0.726921	15.4985	10.0284	87.1224	
0.819907	-0.127442	-0.558131	-0.154668	0.889346	-0.430281	0.551208	0.439116	0.70947	16.0469	10.464	87.8453	
0.809513	-0.135746	-0.571193	-0.16409	0.881819	-0.442121	0.563705	0.451629	0.691569	16.608	10.9123	88.5505	
0.798889	-0.144281	-0.583917	-0.173719	0.874082	-0.453654	0.575845	0.463857	0.673231	17.1816	11.3731	89.2374	
0.788043	-0.153041	-0.596295	-0.183551	0.866142	-0.464873	0.587621	0.47579	0.654466	17.7672	11.8461	89.9056	
0.77698	-0.162021	-0.608319	-0.193579	0.858002	-0.475772	0.599024	0.487423	0.635286	18.3644	12.3308	90.5548	
0.765708	-0.171215	-0.619982	-0.203796	0.849669	-0.486344	0.610048	0.498747	0.615705	18.973	12.8272	91.1844	
0.754234	-0.180617	-0.631276	-0.214196	0.841146	-0.496581	0.620686	0.509755	0.595733	19.5924	13.3348	91.7941	
0.742565	-0.190222	-0.642194	-0.224773	0.832441	-0.506477	0.630931	0.52044	0.575385	20.2223	13.8533	92.3836	
0.730709	-0.200022	-0.652729	-0.235519	0.823558	-0.516027	0.640777	0.530796	0.554672	20.8624	14.3824	92.9523	
