1	0	0	0	1	0	0	0	1	0	0	0	
1	-4.56379e-08	0.000171519	-4.56379e-08	1	0.000532163	-0.000171519	-0.000532163	1	-6.87374e-05	-0.000213268	0.801515	
1	-1.82025e-07	0.000342537	-1.82036e-07	0.999999	0.00106284	-0.000342537	-0.00106284	0.999999	-0.000274749	-0.000852476	1.60303	
1	-4.08367e-07	0.00051305	-4.0841e-07	0.999999	0.001592	-0.00051305	-0.001592	0.999999	-0.000617632	-0.00191642	2.40454	
1	-7.23862e-07	0.000683052	-7.23968e-07	0.999998	0.00211964	-0.000683052	-0.00211964	0.999998	-0.00109698	-0.00340389	3.20606	
1	-1.1277e-06	0.000852538	-1.12791e-06	0.999997	0.00264575	-0.000852538	-0.00264575	0.999996	-0.00171238	-0.00531366	4.00757	
0.999999	-1.61905e-06	0.0010215	-1.61942e-06	0.999995	0.00317029	-0.0010215	-0.00317029	0.999994	-0.00246341	-0.00764448	4.80908	
0.999999	-2.1971e-06	0.00118994	-2.19769e-06	0.999993	0.00369327	-0.00118994	-0.00369327	0.999992	-0.00334967	-0.0103951	5.61059	
0.999999	-2.861e-06	0.00135785	-2.86188e-06	0.999991	0.00421465	-0.00135785	-0.00421465	0.99999	-0.00437071	-0.0135643	6.4121	
0.999999	-3.60991e-06	0.00152522	-3.61117e-06	0.999989	0.00473443	-0.00152522	-0.00473443	0.999988	-0.00552612	-0.0171507	7.21361	
0.999999	-4.44298e-06	0.00169205	-4.4447e-06	0.999986	0.00525259	-0.00169205	-0.00525259	0.999985	-0.00681547	-0.0211531	8.01511	
0.999998	-5.35934e-06	0.00185833	-5.36163e-06	0.999983	0.0057691	-0.00185833	-0.0057691	0.999982	-0.0082383	-0.0255701	8.81661	
0.999998	-6.35813e-06	0.00202405	-6.36109e-06	0.99998	0.00628396	-0.00202405	-0.00628396	0.999978	-0.0097942	-0.0304004	9.61811	
0.999998	-7.43846e-06	0.00218922	-7.44222e-06	0.999977	0.00679715	-0.00218922	-0.00679715	0.999975	-0.0114827	-0.0356428	10.4196	
0.999997	-8.59946e-06	0.00235383	-8.60415e-06	0.999973	0.00730865	-0.00235383	-0.00730865	0.999971	-0.0133034	-0.0412958	11.2211	
0.999997	-9.84023e-06	0.00251787	-9.84598e-06	0.999969	0.00781845	-0.00251787	-0.00781845	0.999966	-0.0152557	-0.0473581	12.0226	
0.999996	-1.11599e-05	0.00268134	-1.11668e-05	0.999965	0.00832653	-0.00268134	-0.00832653	0.999962	-0.0173394	-0.0538283	12.8241	
0.999996	-1.25575e-05	0.00284423	-1.25658e-05	0.999961	0.00883287	-0.00284423	-0.00883287	0.999957	-0.0195538	-0.0607051	13.6256	
0.999995	-1.40321e-05	0.00300654	-1.4042e-05	0.999956	0.00933746	-0.00300654	-0.00933746	0.999952	-0.0218985	-0.067987	14.427	
0.999995	-1.55829e-05	0.00316826	-1.55945e-05	0.999952	0.00984029	-0.00316826	-0.00984029	0.999947	-0.0243731	-0.0756726	15.2285	
0.999994	-1.72089e-05	0.00332939	-1.72224e-05	0.999947	0.0103413	-0.00332939	-0.0103413	0.999941	-0.0269771	-0.0837605	16.03	
0.999994	-1.89092e-05	0.00348992	-1.89247e-05	0.999941	0.0108406	-0.00348992	-0.0108406	0.999935	-0.02971	-0.0922494	16.8314	
0.999993	-2.06828e-05	0.00364984	-2.07006e-05	0.999936	0.011338	-0.00364984	-0.011338	0.999929	-0.0325713	-0.101138	17.6329	
0.999993	-2.25288e-05	0.00380916	-2.2549e-05	0.99993	0.0118336	-0.00380916	-0.0118336	0.999923	-0.0355605	-0.110424	18.4344	
0.999992	-2.44462e-05	0.00396787	-2.44691e-05	0.999924	0.0123273	-0.00396787	-0.0123273	0.999916	-0.0386773	-0.120106	19.2358	
0.999991	-2.6434e-05	0.00412596	-2.64599e-05	0.999918	0.0128192	-0.00412596	-0.0128192	0.999909	-0.0419209	-0.130184	20.0373	
0.999991	-2.84914e-05	0.00428343	-2.85204e-05	0.999911	0.0133092	-0.00428343	-0.0133092	0.999902	-0.045291	-0.140655	20.8387	
0.99999	-3.06173e-05	0.00444027	-3.06497e-05	0.999905	0.0137973	-0.00444027	-0.0137973	0.999895	-0.0487871	-0.151518	21.6401	
0.999989	-3.28108e-05	0.00459648	-3.28468e-05	0.999898	0.0142835	-0.00459648	-0.0142835	0.999887	-0.0524087	-0.162772	22.4416	
0.999989	-3.50709e-05	0.00475205	-3.51107e-05	0.999891	0.0147678	-0.00475205	-0.0147678	0.99988	-0.0561552	-0.174415	23.243	
0.999988	-3.73965e-05	0.00490698	-3.74404e-05	0.999884	0.0152501	-0.00490698	-0.0152501	0.999872	-0.0600261	-0.186444	24.0444	
0.999987	-3.97868e-05	0.00506127	-3.9835e-05	0.999876	0.0157305	-0.00506127	-0.0157305	0.999863	-0.0640209	-0.19886	24.8458	
0.999986	-4.22406e-05	0.0052149	-4.22935e-05	0.999869	0.0162089	-0.0052149	-0.0162089	0.999855	-0.0681392	-0.21166	25.6472	
0.999986	-4.47571e-05	0.00536788	-4.48148e-05	0.999861	0.0166854	-0.00536788	-0.0166854	0.999846	-0.0723803	-0.224843	26.4486	
0.999985	-4.73351e-05	0.0055202	-4.73981e-05	0.999853	0.0171598	-0.0055202	-0.0171598	0.999838	-0.0767438	-0.238407	27.25	
0.999984	-4.99737e-05	0.00567185	-5.00421e-05	0.999845	0.0176322	-0.00567185	-0.0176322	0.999828	-0.0812291	-0.25235	28.0514	
0.999983	-5.26719e-05	0.00582284	-5.27461e-05	0.999836	0.0181026	-0.00582284	-0.0181026	0.999819	-0.0858357	-0.266671	28.8527	
0.999982	-5.54286e-05	0.00597315	-5.55088e-05	0.999828	0.0185709	-0.00597315	-0.0185709	0.99981	-0.090563	-0.281368	29.6541	
0.999981	-5.82428e-05	0.00612278	-5.83294e-05	0.999819	0.0190372	-0.00612278	-0.0190372	0.9998	-0.0954105	-0.29644	30.4555	
0.99998	-6.11136e-05	0.00627173	-6.12068e-05	0.99981	0.0195014	-0.00627173	-0.0195014	0.99979	-0.100378	-0.311884	31.2568	
0.999979	-6.40398e-05	0.00641999	-6.414e-05	0.999801	0.0199635	-0.00641999	-0.0199635	0.99978	-0.105464	-0.3277	32.0582	
0.999978	-6.70203e-05	0.00656756	-6.71278e-05	0.999791	0.0204235	-0.00656756	-0.0204235	0.99977	-0.110669	-0.343886	32.8595	
0.999977	-7.00543e-05	0.00671443	-7.01694e-05	0.999782	0.0208814	-0.00671443	-0.0208814	0.999759	-0.115992	-0.360439	33.6608	
0.999976	-7.31406e-05	0.0068606	-7.32637e-05	0.999772	0.0213372	-0.0068606	-0.0213372	0.999749	-0.121432	-0.377358	34.4621	
0.999975	-7.62782e-05	0.00700606	-7.64095e-05	0.999763	0.0217908	-0.00700606	-0.0217908	0.999738	-0.126989	-0.394642	35.2635	
0.999974	-7.94661e-05	0.00715082	-7.96059e-05	0.999753	0.0222423	-0.00715082	-0.0222423	0.999727	-0.132663	-0.412289	36.0648	
0.999973	-8.27031e-05	0.00729486	-8.28519e-05	0.999743	0.0226915	-0.00729486	-0.0226915	0.999716	-0.138452	-0.430296	36.8661	
0.999972	-8.59883e-05	0.00743818	-8.61463e-05	0.999732	0.0231386	-0.00743818	-0.0231386	0.999705	-0.144356	-0.448663	37.6673	
0.999971	-8.93205e-05	0.00758078	-8.94882e-05	0.999722	0.0235835	-0.00758077	-0.0235835	0.999693	-0.150375	-0.467387	38.4686	
0.99997	-9.26987e-05	0.00772264	-9.28764e-05	0.999711	0.0240262	-0.00772264	-0.0240262	0.999682	-0.156508	-0.486467	39.2699	
0.999969	-9.61219e-05	0.00786378	-9.63099e-05	0.999701	0.0244666	-0.00786378	-0.0244666	0.99967	-0.162755	-0.505901	40.0711	
0.999968	-9.9589e-05	0.00800418	-9.97876e-05	0.99969	0.0249048	-0.00800418	-0.0249048	0.999658	-0.169114	-0.525687	40.8724	
0.999967	-0.000103099	0.00814384	-0.000103308	0.999679	0.0253407	-0.00814384	-0.0253407	0.999646	-0.175585	-0.545823	41.6736	
0.999966	-0.000106651	0.00828276	-0.000106871	0.999668	0.0257744	-0.00828276	-0.0257744	0.999633	-0.182168	-0.566308	42.4748	
0.999965	-0.000110243	0.00842093	-0.000110476	0.999657	0.0262057	-0.00842092	-0.0262057	0.999621	-0.188862	-0.58714	43.2761	
0.999963	-0.000113875	0.00855834	-0.00011412	0.999645	0.0266348	-0.00855834	-0.0266348	0.999609	-0.195667	-0.608316	44.0773	
0.999978	-6.43042e-05	0.00663728	-0.000101344	0.999689	0.0249539	-0.00663682	-0.024954	0.999667	-0.201757	-0.62899	44.8785	
0.999989	-1.79405e-05	0.00471507	-9.17899e-05	0.999729	0.023271	-0.00471421	-0.0232712	0.999718	-0.206306	-0.648317	45.6798	
0.999996	2.52082e-05	0.00279177	-8.54664e-05	0.999767	0.0215863	-0.00279057	-0.0215864	0.999763	-0.209313	-0.666294	46.4811	
1	6.51342e-05	0.0008674	-8.23824e-05	0.999802	0.0198997	-0.000865932	-0.0198998	0.999802	-0.210779	-0.68292	47.2824	
0.999999	0.00010183	-0.00105798	-8.25459e-05	0.999834	0.0182115	0.00105966	-0.0182114	0.999834	-0.210701	-0.698193	48.0838	
0.999996	0.000135289	-0.00298432	-8.5965e-05	0.999864	0.0165215	0.00298615	-0.0165212	0.999859	-0.20908	-0.712113	48.8852	
0.999988	0.000165503	-0.00491159	-9.26472e-05	0.99989	0.01483	0.0049135	-0.0148294	0.999878	-0.205914	-0.724677	49.6866	
0.999977	0.000192467	-0.00683974	-0.0001026	0.999914	0.0131369	0.00684167	-0.0131359	0.99989	-0.201203	-0.735884	50.488	
0.999962	0.000216173	-0.00876871	-0.000115829	0.999935	0.0114423	0.00877061	-0.0114409	0.999896	-0.194946	-0.745733	51.2894	
0.999943	0.000236617	-0.0106985	-0.000132342	0.999952	0.00974639	0.0107003	-0.00974441	0.999895	-0.187143	-0.754223	52.0909	
0.99992	0.000253792	-0.012629	-0.000152144	0.999968	0.00804909	0.0126306	-0.00804652	0.999888	-0.177793	-0.761353	52.8923	
0.999894	0.000267692	-0.0145602	-0.00017524	0.99998	0.00635051	0.0145616	-0.00634729	0.999874	-0.166895	-0.767122	53.6937	
0.999864	0.000278313	-0.0164921	-0.000201637	0.999989	0.00465073	0.0164932	-0.00464677	0.999853	-0.15445	-0.771528	54.4951	
0.99983	0.00028565	-0.0184245	-0.000231339	0.999996	0.00294981	0.0184253	-0.00294505	0.999826	-0.140456	-0.77457	55.2965	
0.999793	0.000289697	-0.0203576	-0.000264349	0.999999	0.00124782	0.0203579	-0.00124218	0.999792	-0.124913	-0.776248	56.0979	
0.999751	0.000290452	-0.0222911	-0.000300673	1	-0.000455173	0.022291	0.000461763	0.999751	-0.107821	-0.776561	56.8992	
0.999706	0.00028791	-0.0242252	-0.000340313	0.999998	-0.00215911	0.0242245	0.00216672	0.999704	-0.08918	-0.775508	57.7005	
0.999658	0.000282066	-0.0261596	-0.000383274	0.999992	-0.00386391	0.0261583	0.00387261	0.99965	-0.0689887	-0.773087	58.5017	
0.999605	0.000272919	-0.0280945	-0.000429556	0.999984	-0.00556951	0.0280925	0.00557938	0.99959	-0.0472473	-0.769299	59.303	
0.999549	0.000260464	-0.0300296	-0.000479164	0.999973	-0.00727585	0.0300269	0.00728696	0.999523	-0.0239555	-0.764143	60.1041	
0.999489	0.000244699	-0.0319651	-0.000532099	0.99996	-0.00898286	0.0319616	0.00899528	0.999449	0.000886923	-0.757618	60.9052	
0.999425	0.000225621	-0.0339008	-0.000588362	0.999943	-0.0106905	0.0338965	0.0107043	0.999368	0.0272801	-0.749723	61.7063	
0.999358	0.000203228	-0.0358368	-0.000647955	0.999923	-0.0123986	0.0358315	0.0124139	0.999281	0.0552241	-0.740458	62.5072	
0.999286	0.000177518	-0.0377729	-0.000710878	0.9999	-0.0141072	0.0377666	0.014124	0.999187	0.0847191	-0.729823	63.3081	
0.999211	0.00014849	-0.0397091	-0.000777132	0.999875	-0.0158162	0.0397018	0.0158346	0.999086	0.115765	-0.717817	64.109	
0.999132	0.000116142	-0.0416454	-0.000846717	0.999846	-0.0175255	0.0416369	0.0175456	0.998979	0.148362	-0.70444	64.9097	
0.99905	8.04732e-05	-0.0435817	-0.000919631	0.999815	-0.0192351	0.0435721	0.0192569	0.998865	0.18251	-0.689691	65.7104	
0.998964	4.14824e-05	-0.045518	-0.000995876	0.99978	-0.0209449	0.0455071	0.0209685	0.998744	0.21821	-0.67357	66.5109	
0.998873	-8.30652e-07	-0.0474542	-0.00107545	0.999743	-0.0226548	0.047442	0.0226803	0.998616	0.25546	-0.656077	67.3114	
0.99878	-4.64661e-05	-0.0493903	-0.00115835	0.999702	-0.0243648	0.0493768	0.0243923	0.998482	0.294261	-0.637213	68.1117	
0.998682	-9.54238e-05	-0.0513263	-0.00124457	0.999659	-0.0260747	0.0513113	0.0261042	0.998341	0.334612	-0.616976	68.912	
0.998581	-0.000147703	-0.0532621	-0.00133411	0.999613	-0.0277846	0.0532456	0.0278162	0.998194	0.376514	-0.595367	69.7121	
0.998475	-0.000203304	-0.0551976	-0.00142698	0.999564	-0.0294943	0.0551796	0.0295281	0.99804	0.419966	-0.572386	70.5121	
0.998367	-0.000262225	-0.0571329	-0.00152316	0.999512	-0.0312039	0.0571132	0.0312399	0.997879	0.464969	-0.548032	71.312	
0.997467	-0.000800917	-0.071128	-0.00243998	0.998963	-0.0454657	0.0710906	0.045524	0.99643	0.516349	-0.517267	72.1112	
0.996371	-0.00153996	-0.0850999	-0.0035565	0.99821	-0.0597039	0.0850395	0.0597899	0.994582	0.578921	-0.475061	72.9092	
0.99508	-0.00247905	-0.0990431	-0.00487229	0.997253	-0.0739128	0.0989543	0.0740318	0.992334	0.652661	-0.421429	73.7055	
0.993594	-0.00361782	-0.112952	-0.00638681	0.996092	-0.0880868	0.112829	0.0882439	0.989688	0.737537	-0.356393	74.4998	
0.991913	-0.00495581	-0.126821	-0.00809945	0.994729	-0.10222	0.126659	0.102421	0.986645	0.833517	-0.279981	75.2919	
0.990039	-0.00649249	-0.140644	-0.0100095	0.993163	-0.116307	0.140438	0.116556	0.983205	0.940562	-0.192221	76.0813	
0.987972	-0.00822722	-0.154417	-0.0121163	0.991395	-0.130342	0.15416	0.130645	0.97937	1.05863	-0.0931501	76.8679	
0.985712	-0.0101593	-0.168133	-0.0144188	0.989426	-0.144319	0.167821	0.144681	0.975143	1.18767	0.0171927	77.6512	
0.983261	-0.012288	-0.181786	-0.0169163	0.987257	-0.158233	0.181414	0.15866	0.970524	1.32763	0.138763	78.431	
0.98062	-0.0146125	-0.195372	-0.0196077	0.984888	-0.172078	0.194934	0.172574	0.965515	1.47846	0.271512	79.2069	
