1	0	0	0	1	0	0	0	1	0	0	0	
1	-1.70751e-08	-0.000291872	-1.70751e-08	1	-0.000117004	0.000291872	0.000117004	1	0.000139155	5.57837e-05	0.953535	
1	-6.75213e-08	-0.000580379	-6.75338e-08	1	-0.000232702	0.000580379	0.000232702	1	0.000555017	0.000222512	1.90707	
1	-1.50179e-07	-0.000865508	-1.50228e-07	1	-0.000347087	0.000865508	0.000347087	1	0.00124437	0.000498936	2.86061	
0.999999	-2.63894e-07	-0.00114725	-2.64016e-07	1	-0.000460154	0.00114725	0.000460154	0.999999	0.00220399	0.000883803	3.81414	
0.999999	-4.07523e-07	-0.00142558	-4.07764e-07	1	-0.000571897	0.00142558	0.000571897	0.999999	0.00343063	0.00137585	4.76767	
0.999999	-5.79927e-07	-0.0017005	-5.80344e-07	1	-0.00068231	0.0017005	0.00068231	0.999998	0.00492104	0.00197382	5.72121	
0.999998	-7.79978e-07	-0.001972	-7.80637e-07	1	-0.000791387	0.001972	0.000791387	0.999998	0.00667198	0.00267643	6.67474	
0.999997	-1.00655e-06	-0.00224006	-1.00753e-06	1	-0.000899122	0.00224006	0.000899122	0.999997	0.00868015	0.00348241	7.62828	
0.999997	-1.25854e-06	-0.00250466	-1.25992e-06	0.999999	-0.00100551	0.00250466	0.00100551	0.999996	0.0109423	0.00439047	8.58181	
0.999996	-1.53484e-06	-0.00276581	-1.53672e-06	0.999999	-0.00111055	0.00276581	0.00111055	0.999996	0.0134551	0.00539934	9.53534	
0.999995	-1.83436e-06	-0.00302348	-1.83682e-06	0.999999	-0.00121422	0.00302348	0.00121422	0.999995	0.0162152	0.00650771	10.4889	
0.999995	-2.156e-06	-0.00327767	-2.15917e-06	0.999999	-0.00131653	0.00327767	0.00131653	0.999994	0.0192194	0.0077143	11.4424	
0.999994	-2.49871e-06	-0.00352836	-2.50268e-06	0.999999	-0.00141748	0.00352836	0.00141748	0.999993	0.0224643	0.00901779	12.3959	
0.999993	-2.8614e-06	-0.00377555	-2.8663e-06	0.999999	-0.00151705	0.00377555	0.00151705	0.999992	0.0259466	0.0104169	13.3495	
0.999992	-3.24302e-06	-0.00401922	-3.24898e-06	0.999999	-0.00161523	0.00401922	0.00161523	0.999991	0.0296628	0.0119102	14.303	
0.999991	-3.64254e-06	-0.00425936	-3.64968e-06	0.999999	-0.00171204	0.00425936	0.00171204	0.999989	0.0336098	0.0134966	15.2565	
0.99999	-4.05891e-06	-0.00449597	-4.06737e-06	0.999998	-0.00180745	0.00449597	0.00180745	0.999988	0.0377841	0.0151746	16.21	
0.999989	-4.49112e-06	-0.00472903	-4.50102e-06	0.999998	-0.00190146	0.00472903	0.00190146	0.999987	0.0421822	0.0169428	17.1636	
0.999988	-4.93814e-06	-0.00495853	-4.94964e-06	0.999998	-0.00199408	0.00495853	0.00199408	0.999986	0.046801	0.0188001	18.1171	
0.999987	-5.39899e-06	-0.00518447	-5.41221e-06	0.999998	-0.00208529	0.00518447	0.00208529	0.999984	0.0516368	0.020745	19.0706	
0.999985	-5.87266e-06	-0.00540683	-5.88776e-06	0.999998	-0.00217509	0.00540683	0.00217509	0.999983	0.0566864	0.0227762	20.0241	
0.999984	-6.35818e-06	-0.0056256	-6.37531e-06	0.999997	-0.00226347	0.0056256	0.00226347	0.999982	0.0619463	0.0248924	20.9776	
0.999983	-6.85459e-06	-0.00584077	-6.87388e-06	0.999997	-0.00235043	0.00584077	0.00235043	0.99998	0.0674131	0.0270922	21.9312	
0.999982	-7.36093e-06	-0.00605234	-7.38254e-06	0.999997	-0.00243597	0.00605234	0.00243597	0.999979	0.0730834	0.0293742	22.8847	
0.99998	-7.87627e-06	-0.0062603	-7.90034e-06	0.999997	-0.00252007	0.0062603	0.00252007	0.999977	0.0789536	0.031737	23.8382	
0.999979	-8.39966e-06	-0.00646463	-8.42634e-06	0.999997	-0.00260275	0.00646463	0.00260275	0.999976	0.0850205	0.0341794	24.7917	
0.999978	-8.9302e-06	-0.00666534	-8.95964e-06	0.999996	-0.00268398	0.00666534	0.00268398	0.999974	0.0912804	0.0367	25.7452	
0.999976	-9.46699e-06	-0.0068624	-9.49933e-06	0.999996	-0.00276376	0.0068624	0.00276376	0.999973	0.09773	0.0392973	26.6987	
0.999975	-1.00091e-05	-0.00705581	-1.00445e-05	0.999996	-0.0028421	0.00705581	0.0028421	0.999971	0.104366	0.04197	27.6522	
0.999974	-1.05557e-05	-0.00724557	-1.05943e-05	0.999996	-0.00291899	0.00724557	0.00291899	0.999969	0.111184	0.0447167	28.6057	
0.999972	-1.1106e-05	-0.00743166	-1.11479e-05	0.999996	-0.00299442	0.00743166	0.00299442	0.999968	0.118182	0.047536	29.5592	
0.999971	-1.1659e-05	-0.00761408	-1.17044e-05	0.999995	-0.00306839	0.00761408	0.00306839	0.999966	0.125355	0.0504265	30.5127	
0.99997	-1.22139e-05	-0.00779282	-1.22629e-05	0.999995	-0.00314089	0.00779282	0.00314089	0.999965	0.132701	0.0533869	31.4662	
0.999968	-1.277e-05	-0.00796787	-1.28227e-05	0.999995	-0.00321192	0.00796787	0.00321192	0.999963	0.140215	0.0564157	32.4197	
0.999967	-1.33263e-05	-0.00813922	-1.33829e-05	0.999995	-0.00328148	0.00813922	0.00328148	0.999961	0.147894	0.0595116	33.3732	
0.999965	-1.38822e-05	-0.00830688	-1.39427e-05	0.999994	-0.00334956	0.00830688	0.00334956	0.99996	0.155735	0.0626731	34.3267	
0.999964	-1.44368e-05	-0.00847082	-1.45014e-05	0.999994	-0.00341616	0.00847082	0.00341616	0.999958	0.163734	0.0658987	35.2802	
0.999963	-1.49894e-05	-0.00863105	-1.50582e-05	0.999994	-0.00348127	0.00863105	0.00348127	0.999957	0.171888	0.0691872	36.2337	
0.999961	-1.55393e-05	-0.00878755	-1.56123e-05	0.999994	-0.00354489	0.00878755	0.00354489	0.999955	0.180192	0.072537	37.1872	
0.99996	-1.60856e-05	-0.00894032	-1.61631e-05	0.999993	-0.00360702	0.00894032	0.00360702	0.999954	0.188645	0.0759468	38.1407	
0.999959	-1.66277e-05	-0.00908936	-1.67097e-05	0.999993	-0.00366765	0.00908936	0.00366765	0.999952	0.19724	0.0794152	39.0942	
0.999957	-1.71649e-05	-0.00923466	-1.72515e-05	0.999993	-0.00372678	0.00923466	0.00372678	0.99995	0.205977	0.0829406	40.0477	
0.999956	-1.76966e-05	-0.0093762	-1.77878e-05	0.999993	-0.00378441	0.0093762	0.00378441	0.999949	0.21485	0.0865217	41.0012	
0.999955	-1.82219e-05	-0.009514	-1.83178e-05	0.999993	-0.00384053	0.009514	0.00384053	0.999947	0.223856	0.090157	41.9547	
0.999953	-1.87404e-05	-0.00964803	-1.88411e-05	0.999992	-0.00389514	0.00964803	0.00389514	0.999946	0.232992	0.0938451	42.9082	
0.999952	-1.92513e-05	-0.0097783	-1.93568e-05	0.999992	-0.00394823	0.0097783	0.00394823	0.999944	0.242254	0.0975846	43.8616	
0.999951	-1.9754e-05	-0.0099048	-1.98644e-05	0.999992	-0.00399981	0.0099048	0.00399981	0.999943	0.251638	0.101374	44.8151	
0.99995	-2.0248e-05	-0.0100275	-2.03633e-05	0.999992	-0.00404986	0.0100275	0.00404986	0.999942	0.261141	0.105212	45.7686	
0.999949	-2.07326e-05	-0.0101465	-2.08528e-05	0.999992	-0.00409839	0.0101465	0.00409839	0.99994	0.270759	0.109097	46.7221	
0.999947	-2.12073e-05	-0.0102616	-2.13325e-05	0.999991	-0.00414539	0.0102616	0.00414539	0.999939	0.280489	0.113027	47.6756	
0.999946	-2.16715e-05	-0.010373	-2.18016e-05	0.999991	-0.00419086	0.010373	0.00419087	0.999937	0.290327	0.117001	48.629	
0.999945	-2.21247e-05	-0.0104805	-2.22598e-05	0.999991	-0.0042348	0.0104805	0.0042348	0.999936	0.30027	0.121019	49.5825	
0.999944	-2.25664e-05	-0.0105843	-2.27064e-05	0.999991	-0.00427721	0.0105843	0.00427721	0.999935	0.310313	0.125077	50.536	
0.999943	-2.2996e-05	-0.0106843	-2.3141e-05	0.999991	-0.00431807	0.0106843	0.00431807	0.999934	0.320453	0.129175	51.4895	
0.999942	-2.34132e-05	-0.0107805	-2.35631e-05	0.999991	-0.00435739	0.0107805	0.00435739	0.999932	0.330686	0.133311	52.4429	
0.999941	-2.38173e-05	-0.0108728	-2.39721e-05	0.99999	-0.00439517	0.0108728	0.00439517	0.999931	0.34101	0.137484	53.3964	
0.99994	-2.42081e-05	-0.0109613	-2.43676e-05	0.99999	-0.0044314	0.0109613	0.0044314	0.99993	0.35142	0.141692	54.3499	
0.999939	-2.4585e-05	-0.0110461	-2.47493e-05	0.99999	-0.00446608	0.0110461	0.00446608	0.999929	0.361912	0.145934	55.3033	
0.999938	-2.49477e-05	-0.011127	-2.51166e-05	0.99999	-0.00449921	0.011127	0.00449921	0.999928	0.372484	0.150208	56.2568	
0.999937	-2.52957e-05	-0.011204	-2.54691e-05	0.99999	-0.00453078	0.011204	0.00453078	0.999927	0.38313	0.154514	57.2103	
0.999936	-2.56287e-05	-0.0112773	-2.58066e-05	0.99999	-0.0045608	0.0112773	0.0045608	0.999926	0.393849	0.158848	58.1637	
0.999936	-2.59463e-05	-0.0113467	-2.61285e-05	0.999989	-0.00458925	0.0113467	0.00458925	0.999925	0.404635	0.163211	59.1172	
0.999965	-1.46501e-05	-0.00834095	-9.76217e-06	0.999996	-0.00292675	0.00834096	0.00292673	0.999961	0.414021	0.166794	60.0707	
0.999986	-8.34614e-06	-0.00533158	1.61373e-06	0.999999	-0.00126274	0.00533159	0.00126272	0.999985	0.42054	0.168791	61.0242	
0.999997	-7.05059e-06	-0.00231876	7.98433e-06	1	0.000402684	0.00231875	-0.000402701	0.999997	0.424188	0.169201	61.9777	
1	-1.07787e-05	0.000697347	9.33558e-06	0.999998	0.00206946	-0.000697368	-0.00206945	0.999998	0.424961	0.168023	62.9313	
0.999993	-1.95449e-05	0.00371655	5.65421e-06	0.999993	0.0037375	-0.0037166	-0.00373745	0.999986	0.422856	0.165254	63.8848	
0.999977	-3.33625e-05	0.00673868	-3.07221e-06	0.999985	0.00540673	-0.00673876	-0.00540663	0.999963	0.417871	0.160895	64.8383	
0.999952	-5.22441e-05	0.00976355	-1.68553e-05	0.999975	0.00707707	-0.00976368	-0.0070769	0.999927	0.410004	0.154943	65.7918	
0.999918	-7.62011e-05	0.012791	-3.57059e-05	0.999962	0.00874844	-0.0127912	-0.00874818	0.99988	0.39925	0.147398	66.7452	
0.999875	-0.000105244	0.0158208	-5.9634e-05	0.999946	0.0104208	-0.0158211	-0.0104204	0.999821	0.385609	0.138259	67.6986	
0.999822	-0.000139383	0.0188528	-8.86488e-05	0.999927	0.012094	-0.0188532	-0.0120935	0.999749	0.369077	0.127525	68.6519	
0.99976	-0.000178626	0.0218869	-0.000122759	0.999905	0.013768	-0.0218873	-0.0137674	0.999666	0.349653	0.115196	69.6052	
0.999689	-0.000222981	0.0249228	-0.000161971	0.999881	0.0154427	-0.0249233	-0.0154419	0.99957	0.327336	0.101269	70.5584	
0.999609	-0.000272456	0.0279604	-0.000206292	0.999853	0.0171181	-0.027961	-0.0171171	0.999462	0.302122	0.0857463	71.5115	
0.998807	-0.000749852	0.048826	-0.000647431	0.999591	0.0285955	-0.0488275	-0.028593	0.998398	0.26551	0.0639522	72.464	
0.997569	-0.00146679	0.0696635	-0.00132816	0.999196	0.0400574	-0.0696663	-0.0400526	0.996766	0.209013	0.0312227	73.4153	
0.995897	-0.00242285	0.090461	-0.0022481	0.998671	0.0514974	-0.0904655	-0.0514894	0.994568	0.132664	-0.0124237	74.3647	
0.993791	-0.0036175	0.111207	-0.00340671	0.998013	0.0629088	-0.111213	-0.062897	0.991804	0.0365055	-0.066962	75.3118	
0.991252	-0.00505006	0.131889	-0.00480336	0.997225	0.0742852	-0.131898	-0.0742689	0.988477	-0.0794076	-0.132361	76.256	
0.988281	-0.00671972	0.152495	-0.00643723	0.996307	0.0856202	-0.152508	-0.0855985	0.984588	-0.215009	-0.208585	77.1967	
0.984881	-0.00862552	0.173015	-0.0083074	0.995259	0.0969073	-0.173031	-0.0968795	0.98014	-0.370223	-0.295588	78.1335	
0.981054	-0.0107664	0.193436	-0.0104128	0.994081	0.10814	-0.193455	-0.108105	0.975135	-0.54496	-0.393323	79.0658	
0.976801	-0.0131411	0.213747	-0.0127523	0.992775	0.119312	-0.21377	-0.11927	0.969576	-0.739121	-0.501734	79.993	
0.972125	-0.0157483	0.233935	-0.0153244	0.991341	0.130417	-0.233963	-0.130367	0.963465	-0.952596	-0.620758	80.9146	
0.967028	-0.0185865	0.253991	-0.0181278	0.98978	0.141449	-0.254024	-0.141389	0.956808	-1.18526	-0.750329	81.8302	
0.961514	-0.0216541	0.273901	-0.0211609	0.988092	0.152401	-0.27394	-0.152332	0.949606	-1.43699	-0.890372	82.7392	
0.955586	-0.0249494	0.293656	-0.0244219	0.98628	0.163267	-0.2937	-0.163187	0.941865	-1.70764	-1.04081	83.641	
0.949246	-0.0284705	0.313243	-0.027909	0.984343	0.174041	-0.313293	-0.173951	0.933589	-1.99704	-1.20155	84.5352	
0.942499	-0.0322154	0.332652	-0.0316202	0.982283	0.184718	-0.332709	-0.184615	0.924782	-2.30505	-1.37251	85.4212	
0.935349	-0.0361819	0.351871	-0.0355534	0.980101	0.195289	-0.351935	-0.195174	0.91545	-2.63148	-1.55359	86.2986	
0.927799	-0.0403678	0.37089	-0.0397064	0.977798	0.205751	-0.370962	-0.205622	0.905598	-2.97615	-1.74469	87.1669	
0.919854	-0.0447707	0.389698	-0.0440767	0.975377	0.216097	-0.389777	-0.215954	0.895231	-3.33887	-1.94569	88.0255	
0.911518	-0.0493882	0.408284	-0.0486619	0.972837	0.22632	-0.408371	-0.226163	0.884355	-3.71942	-2.15649	88.874	
0.902796	-0.0542176	0.426638	-0.0534595	0.97018	0.236416	-0.426733	-0.236243	0.872977	-4.11759	-2.37696	89.7119	
0.893693	-0.0592561	0.444748	-0.0584666	0.967409	0.246378	-0.444853	-0.246189	0.861102	-4.53315	-2.60698	90.5387	
0.884215	-0.0645009	0.462606	-0.0636805	0.964524	0.256201	-0.46272	-0.255995	0.848739	-4.96587	-2.84641	91.3539	
0.874365	-0.069949	0.4802	-0.0690982	0.961527	0.265879	-0.480323	-0.265656	0.835893	-5.4155	-3.09513	92.1571	
0.864151	-0.0755974	0.497521	-0.0747165	0.95842	0.275406	-0.497654	-0.275166	0.822572	-5.8818	-3.35299	92.9479	
