1	0	0	0	1	0	0	0	1	0	0	0	
1	-2.13355e-06	-0.000758875	-2.13355e-06	0.999984	-0.00562288	0.000758875	0.00562288	0.999984	0.000389979	0.00288954	1.02777	
0.999999	-8.55645e-06	-0.00152031	-8.54295e-06	0.999937	-0.0112469	0.00152031	0.0112469	0.999936	0.00156123	0.0115588	2.05551	
0.999997	-1.92986e-05	-0.00228428	-1.92446e-05	0.999858	-0.016872	0.00228428	0.016872	0.999855	0.00351638	0.0260088	3.08318	
0.999995	-3.43896e-05	-0.00305076	-3.42545e-05	0.999747	-0.0224978	0.00305076	0.0224978	0.999742	0.006258	0.0462405	4.11076	
0.999993	-5.38591e-05	-0.00381972	-5.35888e-05	0.999604	-0.0281241	0.00381972	0.0281241	0.999597	0.00978868	0.0722546	5.1382	
0.999989	-7.77363e-05	-0.00459113	-7.72632e-05	0.99943	-0.0337508	0.00459113	0.0337508	0.99942	0.0141109	0.104052	6.16547	
0.999986	-0.00010605	-0.00536496	-0.000105293	0.999224	-0.0393777	0.00536497	0.0393777	0.99921	0.0192273	0.141632	7.19255	
0.999981	-0.00013883	-0.00614119	-0.000137694	0.998987	-0.0450045	0.00614121	0.0450045	0.998968	0.0251402	0.184995	8.21939	
0.999976	-0.000176105	-0.00691979	-0.000174481	0.998717	-0.050631	0.00691983	0.050631	0.998693	0.0318521	0.234141	9.24597	
0.99997	-0.000217902	-0.00770072	-0.00021567	0.998416	-0.0562571	0.00770078	0.0562571	0.998387	0.0393655	0.28907	10.2723	
0.999964	-0.000264251	-0.00848397	-0.000261274	0.998083	-0.0618825	0.00848406	0.0618825	0.998047	0.0476828	0.349781	11.2982	
0.999957	-0.000315179	-0.00926949	-0.000311309	0.997719	-0.067507	0.00926962	0.067507	0.997676	0.0568062	0.416273	12.3238	
0.999949	-0.000370715	-0.0100573	-0.000365788	0.997322	-0.0731304	0.0100575	0.0731303	0.997272	0.0667382	0.488545	13.349	
0.999941	-0.000430886	-0.0108473	-0.000424727	0.996894	-0.0787525	0.0108475	0.0787524	0.996835	0.0774811	0.566596	14.3737	
0.999932	-0.000495719	-0.0116395	-0.000488138	0.996434	-0.0843731	0.0116398	0.084373	0.996366	0.0890371	0.650424	15.398	
0.999923	-0.000565243	-0.0124338	-0.000556037	0.995942	-0.0899919	0.0124342	0.0899919	0.995865	0.101408	0.740029	16.4218	
0.999912	-0.000639484	-0.0132303	-0.000628435	0.995419	-0.0956089	0.0132308	0.0956088	0.995331	0.114597	0.835407	17.4451	
0.999901	-0.000718469	-0.0140289	-0.000705347	0.994863	-0.101224	0.0140296	0.101224	0.994765	0.128606	0.936557	18.4677	
0.99989	-0.000802225	-0.0148295	-0.000786786	0.994276	-0.106836	0.0148304	0.106836	0.994166	0.143437	1.04348	19.4898	
0.999877	-0.000890777	-0.0156322	-0.000872765	0.993657	-0.112446	0.0156333	0.112446	0.993535	0.159092	1.15616	20.5113	
0.999864	-0.000984154	-0.0164369	-0.000963296	0.993007	-0.118053	0.0164382	0.118053	0.992871	0.175573	1.27462	21.5321	
0.999851	-0.00108238	-0.0172436	-0.00105839	0.992324	-0.123658	0.0172451	0.123658	0.992175	0.192883	1.39883	22.5522	
0.999836	-0.00118548	-0.0180522	-0.00115807	0.99161	-0.129259	0.018054	0.129259	0.991447	0.211023	1.5288	23.5715	
0.999821	-0.00129348	-0.0188628	-0.00126233	0.990864	-0.134857	0.0188649	0.134856	0.990686	0.229995	1.66453	24.5901	
0.999805	-0.00140641	-0.0196752	-0.00137119	0.990087	-0.140451	0.0196777	0.140451	0.989892	0.249802	1.806	25.6079	
0.999789	-0.00152429	-0.0204894	-0.00148467	0.989277	-0.146041	0.0204924	0.146041	0.989066	0.270445	1.95323	26.6249	
0.999772	-0.00164715	-0.0213055	-0.00160278	0.988436	-0.151628	0.0213089	0.151627	0.988208	0.291926	2.1062	27.641	
0.999754	-0.001775	-0.0221234	-0.00172552	0.987564	-0.15721	0.0221273	0.15721	0.987317	0.314247	2.26491	28.6562	
0.999735	-0.00190789	-0.022943	-0.0018529	0.986659	-0.162788	0.0229475	0.162787	0.986394	0.337411	2.42935	29.6705	
0.999715	-0.00204582	-0.0237643	-0.00198495	0.985723	-0.168361	0.0237695	0.168361	0.985439	0.361418	2.59952	30.6838	
0.999695	-0.00218882	-0.0245873	-0.00212166	0.984756	-0.17393	0.0245932	0.173929	0.984451	0.386271	2.77542	31.6961	
0.999674	-0.00233693	-0.025412	-0.00226306	0.983757	-0.179494	0.0254187	0.179493	0.983431	0.411972	2.95704	32.7074	
0.999653	-0.00249015	-0.0262382	-0.00240914	0.982726	-0.185052	0.0262458	0.185051	0.982378	0.438522	3.14438	33.7176	
0.99963	-0.00264852	-0.0270661	-0.00255992	0.981663	-0.190605	0.0270746	0.190604	0.981294	0.465923	3.33742	34.7267	
0.999607	-0.00281206	-0.0278955	-0.00271542	0.98057	-0.196153	0.027905	0.196151	0.980177	0.494176	3.53617	35.7347	
0.999583	-0.00298078	-0.0287264	-0.00287563	0.979444	-0.201694	0.0287371	0.201693	0.979027	0.523284	3.74062	36.7415	
0.999558	-0.00315472	-0.0295587	-0.00304058	0.978288	-0.20723	0.0295707	0.207228	0.977846	0.553248	3.95076	37.7471	
0.999532	-0.0033339	-0.0303926	-0.00321026	0.977099	-0.212759	0.0304059	0.212758	0.976632	0.584069	4.16659	38.7515	
0.999506	-0.00351833	-0.0312278	-0.00338469	0.97588	-0.218283	0.0312426	0.21828	0.975386	0.61575	4.38809	39.7546	
0.999479	-0.00370804	-0.0320644	-0.00356388	0.974629	-0.223799	0.0320807	0.223797	0.974108	0.648291	4.61527	40.7565	
0.999451	-0.00390305	-0.0329023	-0.00374783	0.973347	-0.229309	0.0329204	0.229306	0.972797	0.681694	4.84812	41.7569	
0.999422	-0.00410338	-0.0337415	-0.00393656	0.972033	-0.234812	0.0337614	0.234809	0.971455	0.715961	5.08662	42.7561	
0.999393	-0.00430906	-0.034582	-0.00413007	0.970688	-0.240307	0.0346039	0.240304	0.970081	0.751094	5.33078	43.7538	
0.999362	-0.0045201	-0.0354237	-0.00432837	0.969312	-0.245795	0.0354477	0.245792	0.968674	0.787092	5.58058	44.7501	
0.999331	-0.00473652	-0.0362666	-0.00453146	0.967905	-0.251276	0.0362928	0.251272	0.967236	0.823959	5.83602	45.745	
0.999299	-0.00495835	-0.0371107	-0.00473937	0.966467	-0.256749	0.0371393	0.256745	0.965765	0.861695	6.09708	46.7383	
0.999266	-0.0051856	-0.0379559	-0.00495209	0.964997	-0.262214	0.037987	0.262209	0.964263	0.900302	6.36377	47.7301	
0.999232	-0.0054183	-0.0388021	-0.00516963	0.963497	-0.26767	0.038836	0.267665	0.962729	0.939781	6.63606	48.7204	
0.999198	-0.00565646	-0.0396494	-0.005392	0.961965	-0.273119	0.0396862	0.273113	0.961163	0.980132	6.91396	49.7091	
0.999162	-0.00590011	-0.0404977	-0.0056192	0.960403	-0.278558	0.0405376	0.278552	0.959565	1.02136	7.19746	50.6961	
0.999126	-0.00614926	-0.041347	-0.00585124	0.95881	-0.283989	0.0413902	0.283983	0.957936	1.06346	7.48654	51.6815	
0.999089	-0.00640392	-0.0421972	-0.00608814	0.957186	-0.289411	0.0422439	0.289404	0.956274	1.10644	7.7812	52.6652	
0.999051	-0.00666413	-0.0430483	-0.00632989	0.955531	-0.294824	0.0430987	0.294817	0.954581	1.1503	8.08142	53.6472	
0.999012	-0.0069299	-0.0439002	-0.0065765	0.953845	-0.300228	0.0439545	0.30022	0.952857	1.19503	8.38721	54.6274	
0.998972	-0.00720124	-0.0447529	-0.00682797	0.952129	-0.305622	0.0448114	0.305613	0.951101	1.24065	8.69854	55.6058	
0.998931	-0.00747818	-0.0456065	-0.00708432	0.950382	-0.311006	0.0456693	0.310997	0.949313	1.28715	9.01541	56.5824	
0.99889	-0.00776072	-0.0464607	-0.00734555	0.948604	-0.31638	0.0465282	0.31637	0.947494	1.33452	9.33781	57.5572	
0.998848	-0.0080489	-0.0473157	-0.00761166	0.946796	-0.321744	0.047388	0.321734	0.945644	1.38279	9.66572	58.53	
0.998804	-0.00834272	-0.0481713	-0.00788266	0.944958	-0.327098	0.0482487	0.327087	0.943762	1.43193	9.99914	59.501	
0.99876	-0.0086422	-0.0490275	-0.00815855	0.943089	-0.332441	0.0491103	0.332429	0.941849	1.48197	10.3381	60.47	
0.998715	-0.00894735	-0.0498844	-0.00843934	0.941189	-0.337774	0.0499728	0.337761	0.939904	1.53288	10.6825	61.437	
0.998669	-0.00925821	-0.0507417	-0.00872504	0.93926	-0.343096	0.0508361	0.343082	0.937929	1.58469	11.0323	62.402	
0.998622	-0.00957477	-0.0515996	-0.00901564	0.9373	-0.348407	0.0517002	0.348392	0.935922	1.63738	11.3877	63.3649	
0.998574	-0.00989705	-0.0524579	-0.00931115	0.93531	-0.353706	0.0525651	0.35369	0.933884	1.69096	11.7485	64.3258	
0.998362	-0.0112813	-0.0560944	-0.00949321	0.934123	-0.356824	0.0564246	0.356772	0.932486	1.74697	12.1136	65.2849	
0.998134	-0.012679	-0.0597289	-0.00968831	0.932926	-0.359939	0.0602862	0.359846	0.931062	1.80695	12.4818	66.2426	
0.997891	-0.0140897	-0.0633607	-0.00989642	0.931717	-0.363051	0.0641495	0.362912	0.929613	1.87089	12.8533	67.1988	
0.997633	-0.0155133	-0.0669892	-0.0101175	0.930497	-0.366159	0.0680136	0.36597	0.928138	1.93881	13.2278	68.1534	
0.99736	-0.0169496	-0.0706137	-0.0103517	0.929267	-0.369263	0.0718779	0.369019	0.926638	2.0107	13.6055	69.1066	
0.997071	-0.0183984	-0.0742338	-0.0105987	0.928027	-0.372362	0.0757418	0.372059	0.925114	2.08656	13.9864	70.0582	
0.99533	-0.0257856	-0.093025	-0.00924166	0.933784	-0.357718	0.0960893	0.356907	0.929185	2.17487	14.361	71.0111	
0.993177	-0.0328634	-0.111893	-0.00756369	0.9393	-0.343014	0.116373	0.341519	0.932642	2.28405	14.7199	71.968	
0.990613	-0.039627	-0.130824	-0.00556594	0.944571	-0.32826	0.13658	0.325907	0.935484	2.41405	15.0629	72.928	
0.987641	-0.046072	-0.149807	-0.00324972	0.949594	-0.313466	0.156697	0.310079	0.937708	2.56477	15.3898	73.8907	
0.984263	-0.0521941	-0.168828	-0.000616559	0.954365	-0.298642	0.176711	0.294046	0.939314	2.73612	15.7002	74.8553	
0.980479	-0.0579894	-0.187876	0.0023318	0.958882	-0.283797	0.196608	0.277819	0.940299	2.92797	15.9941	75.8213	
0.976294	-0.0634538	-0.206937	0.00559342	0.96314	-0.268942	0.216375	0.261409	0.940663	3.14021	16.2712	76.788	
0.97171	-0.068584	-0.226	0.00916614	0.967138	-0.254086	0.235999	0.244826	0.940407	3.37269	16.5314	77.7547	
0.966729	-0.0733763	-0.245051	0.0130476	0.970873	-0.239238	0.255468	0.228082	0.939529	3.62527	16.7744	78.7208	
0.961356	-0.0778278	-0.264078	0.0172352	0.974342	-0.22441	0.274768	0.211187	0.938031	3.89776	17.0002	79.6857	
0.955593	-0.0819355	-0.283068	0.0217263	0.977544	-0.20961	0.293886	0.194152	0.935914	4.19001	17.2085	80.6488	
0.949445	-0.0856966	-0.30201	0.0265178	0.980475	-0.194849	0.312811	0.17699	0.93318	4.5018	17.3992	81.6093	
0.942916	-0.0891087	-0.320889	0.0316066	0.983134	-0.180135	0.331528	0.15971	0.929829	4.83293	17.5723	82.5668	
0.936009	-0.0921695	-0.339694	0.0369893	0.985519	-0.165479	0.350028	0.142325	0.925864	5.1832	17.7275	83.5204	
0.928729	-0.0948769	-0.358413	0.0426624	0.987629	-0.150891	0.368296	0.124846	0.921288	5.55236	17.8648	84.4697	
0.921082	-0.0972293	-0.377033	0.0486222	0.989463	-0.13638	0.38632	0.107285	0.916104	5.94017	17.9841	85.414	
0.913072	-0.0992251	-0.395542	0.0548646	0.991018	-0.121956	0.40409	0.089653	0.910315	6.34637	18.0853	86.3526	
0.904705	-0.100863	-0.413927	0.0613856	0.992294	-0.107627	0.421593	0.0719617	0.903925	6.7707	18.1684	87.285	
0.895986	-0.102142	-0.432177	0.0681809	0.993291	-0.0934045	0.438818	0.0542229	0.896939	7.21288	18.2332	88.2105	
0.88692	-0.10306	-0.450279	0.0752459	0.994007	-0.0792969	0.455753	0.0364483	0.88936	7.67262	18.2798	89.1285	
0.877514	-0.103619	-0.468222	0.0825761	0.994442	-0.0653136	0.472387	0.0186497	0.881194	8.14961	18.3081	90.0384	
0.867775	-0.103816	-0.485993	0.0901665	0.994596	-0.0514638	0.488709	0.000838731	0.872446	8.64353	18.3181	90.9396	
0.857708	-0.103653	-0.503581	0.0980123	0.994469	-0.0377568	0.504709	-0.0169728	0.863123	9.15407	18.3099	91.8316	
0.84732	-0.103128	-0.520974	0.106108	0.99406	-0.0242016	0.520375	-0.0347731	0.853229	9.68087	18.2833	92.7136	
0.836617	-0.102243	-0.538161	0.114449	0.99337	-0.0108071	0.535698	-0.0525504	0.842773	10.2236	18.2384	93.5852	
0.825608	-0.100999	-0.555131	0.123028	0.9924	0.00241787	0.550668	-0.0702931	0.83176	10.7819	18.1752	94.4458	
0.814299	-0.0993946	-0.571872	0.131842	0.99115	0.0154645	0.565273	-0.0879893	0.820197	11.3554	18.0939	95.2948	
0.802698	-0.0974325	-0.588372	0.140883	0.989621	0.0283243	0.579506	-0.105627	0.808094	11.9437	17.9944	96.1316	
0.790813	-0.0951136	-0.604623	0.150146	0.987814	0.0409887	0.593356	-0.123196	0.795457	12.5465	17.8768	96.9557	
