1	0	0	0	1	0	0	0	1	0	0	0	
0.999989	4.45333e-07	-0.00464111	4.45333e-07	1	0.000191907	0.00464111	-0.000191907	0.999989	0.00237682	-9.82798e-05	1.02424	
0.999957	1.78289e-06	-0.00928959	1.78031e-06	1	0.000383561	0.00928959	-0.000383561	0.999957	0.00951104	-0.00039299	2.04846	
0.999903	4.0143e-06	-0.0139452	4.00393e-06	1	0.000574952	0.0139452	-0.000574952	0.999903	0.0214101	-0.000883865	3.07263	
0.999827	7.14104e-06	-0.0186078	7.11508e-06	1	0.00076607	0.0186078	-0.000766069	0.999827	0.0380812	-0.00157063	4.09673	
0.999729	1.11645e-05	-0.0232772	1.11125e-05	1	0.000956903	0.0232772	-0.000956903	0.999729	0.0595315	-0.002453	5.12075	
0.999609	1.6086e-05	-0.027953	1.59948e-05	0.999999	0.00114744	0.027953	-0.00114744	0.999609	0.0857676	-0.00353069	6.14465	
0.999467	2.19066e-05	-0.0326352	2.17605e-05	0.999999	0.00133768	0.0326352	-0.00133768	0.999466	0.116796	-0.00480337	7.16843	
0.999303	2.86273e-05	-0.0373235	2.8408e-05	0.999999	0.0015276	0.0373235	-0.0015276	0.999302	0.152624	-0.00627074	8.19204	
0.999117	3.62492e-05	-0.0420177	3.59354e-05	0.999999	0.0017172	0.0420177	-0.00171719	0.999115	0.193256	-0.00793247	9.21547	
0.998908	4.47731e-05	-0.0467177	4.4341e-05	0.999998	0.00190647	0.0467177	-0.00190646	0.998906	0.238699	-0.00978822	10.2387	
0.998677	5.41996e-05	-0.0514231	5.36227e-05	0.999998	0.00209539	0.0514231	-0.00209537	0.998675	0.288959	-0.0118376	11.2617	
0.998423	6.45293e-05	-0.0561337	6.37783e-05	0.999997	0.00228396	0.0561337	-0.00228393	0.998421	0.344042	-0.0140804	12.2845	
0.998147	7.57628e-05	-0.0608495	7.48057e-05	0.999997	0.00247216	0.0608495	-0.00247213	0.998144	0.403951	-0.0165161	13.307	
0.997848	8.79004e-05	-0.0655701	8.67025e-05	0.999996	0.00265999	0.0655701	-0.00265995	0.997844	0.468694	-0.0191443	14.3291	
0.997526	0.000100942	-0.0702953	9.94661e-05	0.999996	0.00284745	0.0702953	-0.00284739	0.997522	0.538273	-0.0219648	15.351	
0.997182	0.000114889	-0.075025	0.000113094	0.999995	0.00303451	0.075025	-0.00303444	0.997177	0.612695	-0.024977	16.3725	
0.996814	0.00012974	-0.0797589	0.000127584	0.999995	0.00322117	0.0797589	-0.00322108	0.996809	0.691963	-0.0281806	17.3937	
0.996424	0.000145496	-0.0844968	0.000142932	0.999994	0.00340742	0.0844968	-0.00340731	0.996418	0.776082	-0.0315751	18.4145	
0.99601	0.000162156	-0.0892386	0.000159136	0.999994	0.00359325	0.0892386	-0.00359311	0.996004	0.865056	-0.0351602	19.4348	
0.995574	0.00017972	-0.0939839	0.000176193	0.999993	0.00377865	0.0939839	-0.00377848	0.995567	0.958888	-0.0389353	20.4548	
0.995114	0.000198189	-0.0987326	0.0001941	0.999992	0.00396362	0.0987326	-0.00396341	0.995106	1.05758	-0.0429001	21.4742	
0.994631	0.00021756	-0.103485	0.000212852	0.999991	0.00414814	0.103485	-0.00414789	0.994622	1.16114	-0.0470541	22.4932	
0.994125	0.000237835	-0.108239	0.000232448	0.999991	0.0043322	0.108239	-0.00433191	0.994115	1.26957	-0.0513968	23.5117	
0.993595	0.000259011	-0.112997	0.000252884	0.99999	0.0045158	0.112997	-0.00451546	0.993585	1.38287	-0.0559278	24.5296	
0.993042	0.000281089	-0.117757	0.000274155	0.999989	0.00469893	0.117757	-0.00469852	0.993031	1.50105	-0.0606464	25.547	
0.992466	0.000304068	-0.12252	0.000296259	0.999988	0.00488158	0.12252	-0.0048811	0.992454	1.6241	-0.0655524	26.5638	
0.991866	0.000327946	-0.127284	0.000319191	0.999987	0.00506374	0.127285	-0.00506318	0.991853	1.75203	-0.0706451	27.5801	
0.991243	0.000352722	-0.132051	0.000342947	0.999986	0.0052454	0.132051	-0.00524476	0.991229	1.88484	-0.075924	28.5956	
0.990596	0.000378396	-0.136819	0.000367524	0.999985	0.00542656	0.136819	-0.00542581	0.990581	2.02253	-0.0813886	29.6106	
0.989925	0.000404966	-0.141589	0.000392918	0.999984	0.0056072	0.141589	-0.00560634	0.98991	2.16511	-0.0870384	30.6248	
0.989231	0.000432431	-0.14636	0.000419124	0.999983	0.00578732	0.14636	-0.00578634	0.989214	2.31258	-0.0928729	31.6384	
0.988513	0.000460789	-0.151133	0.000446138	0.999982	0.00596691	0.151133	-0.00596579	0.988495	2.46493	-0.0988914	32.6512	
0.987772	0.000490039	-0.155906	0.000473956	0.999981	0.00614596	0.155906	-0.00614469	0.987753	2.62217	-0.105093	33.6633	
0.987006	0.000520179	-0.16068	0.000502573	0.99998	0.00632446	0.16068	-0.00632303	0.986986	2.7843	-0.111478	34.6746	
0.986217	0.000551208	-0.165454	0.000531985	0.999979	0.00650241	0.165454	-0.0065008	0.986196	2.95132	-0.118046	35.6851	
0.985404	0.000583123	-0.170229	0.000562187	0.999978	0.00667979	0.170229	-0.006678	0.985382	3.12323	-0.124795	36.6948	
0.984568	0.000615923	-0.175003	0.000593174	0.999976	0.00685661	0.175003	-0.0068546	0.984544	3.30003	-0.131725	37.7036	
0.983707	0.000649605	-0.179778	0.000624941	0.999975	0.00703284	0.179778	-0.00703061	0.983682	3.48173	-0.138836	38.7116	
0.982823	0.000684168	-0.184552	0.000657484	0.999974	0.00720849	0.184552	-0.00720601	0.982796	3.66831	-0.146127	39.7187	
0.981914	0.00071961	-0.189325	0.000690798	0.999973	0.00738355	0.189326	-0.0073808	0.981887	3.85978	-0.153597	40.7248	
0.980982	0.000755928	-0.194098	0.000724877	0.999971	0.00755801	0.194098	-0.00755497	0.980953	4.05614	-0.161246	41.7301	
0.980026	0.00079312	-0.19887	0.000759717	0.99997	0.00773187	0.19887	-0.00772851	0.979995	4.25739	-0.169073	42.7343	
0.979045	0.000831183	-0.203641	0.000795311	0.999968	0.0079051	0.203641	-0.00790141	0.979014	4.46352	-0.177078	43.7376	
0.978041	0.000870115	-0.20841	0.000831656	0.999967	0.00807772	0.20841	-0.00807367	0.978008	4.67454	-0.185259	44.7398	
0.977013	0.000909913	-0.213178	0.000868745	0.999966	0.00824971	0.213178	-0.00824527	0.976979	4.89045	-0.193616	45.741	
0.975961	0.000950575	-0.217944	0.000906572	0.999964	0.00842106	0.217944	-0.00841621	0.975925	5.11123	-0.202149	46.7411	
0.974885	0.000992098	-0.222708	0.000945134	0.999963	0.00859177	0.222708	-0.00858647	0.974847	5.3369	-0.210856	47.7401	
0.973785	0.00103448	-0.22747	0.000984422	0.999961	0.00876183	0.22747	-0.00875606	0.973746	5.56745	-0.219738	48.7381	
0.97266	0.00107771	-0.232229	0.00102443	0.99996	0.00893124	0.23223	-0.00892497	0.97262	5.80287	-0.228793	49.7348	
0.971512	0.0011218	-0.236986	0.00106516	0.999958	0.00909998	0.236987	-0.00909317	0.97147	6.04317	-0.23802	50.7304	
0.97034	0.00116674	-0.24174	0.0011066	0.999956	0.00926806	0.241741	-0.00926068	0.970297	6.28833	-0.24742	51.7249	
0.969144	0.00121252	-0.246492	0.00114874	0.999955	0.00943546	0.246492	-0.00942747	0.969099	6.53837	-0.25699	52.7181	
0.967924	0.00125915	-0.25124	0.00119158	0.999953	0.00960217	0.25124	-0.00959355	0.967877	6.79327	-0.266731	53.71	
0.96668	0.00130661	-0.255984	0.00123511	0.999952	0.0097682	0.255984	-0.0097589	0.966632	7.05303	-0.276642	54.7007	
0.965412	0.00135491	-0.260725	0.00127933	0.99995	0.00993354	0.260725	-0.00992352	0.965362	7.31765	-0.286722	55.6902	
0.96412	0.00140404	-0.265462	0.00132423	0.999948	0.0100982	0.265463	-0.0100874	0.964068	7.58712	-0.29697	56.6783	
0.962804	0.001454	-0.270196	0.0013698	0.999946	0.0102621	0.270196	-0.0102505	0.962751	7.86144	-0.307386	57.665	
0.961465	0.00150478	-0.274925	0.00141605	0.999945	0.0104253	0.274925	-0.0104129	0.961409	8.14061	-0.317968	58.6504	
0.960101	0.00155639	-0.279649	0.00146295	0.999943	0.0105878	0.27965	-0.0105745	0.960044	8.42462	-0.328716	59.6345	
0.958713	0.00160881	-0.284369	0.0015105	0.999941	0.0107496	0.28437	-0.0107353	0.958655	8.71347	-0.339629	60.6171	
0.957302	0.00166205	-0.289085	0.00155871	0.999939	0.0109107	0.289085	-0.0108954	0.957241	9.00715	-0.350707	61.5982	
0.955867	0.0017161	-0.293795	0.00160756	0.999937	0.011071	0.293796	-0.0110547	0.955804	9.30565	-0.361948	62.578	
0.954408	0.00177095	-0.2985	0.00165704	0.999936	0.0112306	0.298501	-0.0112132	0.954343	9.60898	-0.373352	63.5562	
0.952925	0.0018266	-0.3032	0.00170715	0.999934	0.0113894	0.303201	-0.0113708	0.952859	9.91713	-0.384917	64.5329	
0.951245	0.00189971	-0.308429	0.00289653	0.999882	0.0150919	0.308422	-0.0152495	0.951128	10.2304	-0.39855	65.508	
0.949536	0.0019942	-0.313653	0.00410583	0.999815	0.0187866	0.313632	-0.0191263	0.949352	10.5489	-0.416155	66.4813	
0.947796	0.00211006	-0.31887	0.00533499	0.999733	0.0224731	0.318832	-0.023001	0.947532	10.8728	-0.437729	67.4527	
0.946027	0.00224731	-0.32408	0.00658393	0.999636	0.0261512	0.324021	-0.0268734	0.945668	11.202	-0.463271	68.4222	
0.944229	0.00240592	-0.329281	0.00785258	0.999524	0.0298207	0.329196	-0.0307433	0.943761	11.5366	-0.492778	69.3899	
0.942402	0.00258588	-0.334473	0.00914084	0.999398	0.0334815	0.334359	-0.0346104	0.94181	11.8764	-0.526247	70.3555	
0.941103	0.00276852	-0.338109	0.0176466	0.998202	0.0572915	0.33766	-0.0598837	0.939361	12.2206	-0.574642	71.319	
0.939792	0.00304878	-0.341735	0.0262331	0.996366	0.0810317	0.34074	-0.0851177	0.936297	12.568	-0.648905	72.2796	
0.938469	0.00342648	-0.345347	0.0348947	0.993893	0.104687	0.343597	-0.110296	0.932618	12.9185	-0.748985	73.2367	
0.937136	0.00390136	-0.348944	0.0436259	0.990783	0.128241	0.346228	-0.135402	0.928328	13.2718	-0.874819	74.1898	
0.935793	0.00447312	-0.352523	0.0524207	0.987039	0.151678	0.348632	-0.160419	0.923429	13.6277	-1.02632	75.1382	
0.934441	0.00514139	-0.356082	0.0612735	0.982663	0.174984	0.350808	-0.185331	0.917925	13.9859	-1.2034	76.0812	
0.933081	0.00590572	-0.359618	0.0701785	0.977657	0.198143	0.352754	-0.210121	0.911819	14.3462	-1.40593	77.0183	
0.931714	0.00676561	-0.36313	0.0791298	0.972026	0.22114	0.354468	-0.234774	0.905115	14.7084	-1.63378	77.9489	
0.930341	0.0077205	-0.366615	0.0881216	0.965773	0.24396	0.35595	-0.259273	0.897818	15.0722	-1.88681	78.8723	
0.928962	0.00876977	-0.37007	0.0971479	0.958902	0.266588	0.357199	-0.283601	0.889932	15.4375	-2.16484	79.7878	
0.92758	0.00991273	-0.373494	0.106203	0.951417	0.289008	0.358213	-0.307744	0.881463	15.8039	-2.4677	80.6951	
0.926193	0.0111486	-0.376884	0.115281	0.943324	0.311207	0.358993	-0.331685	0.872416	16.1712	-2.79518	81.5933	
0.924805	0.0124766	-0.380238	0.124375	0.934628	0.33317	0.359537	-0.355409	0.862796	16.5392	-3.14708	82.482	
0.923414	0.0138959	-0.383553	0.13348	0.925334	0.354882	0.359846	-0.378899	0.852611	16.9076	-3.52315	83.3605	
0.922023	0.0154055	-0.386828	0.14259	0.915448	0.376329	0.359919	-0.402142	0.841867	17.2763	-3.92316	84.2284	
0.920632	0.0170044	-0.390061	0.151699	0.904977	0.397497	0.359755	-0.42512	0.830572	17.6448	-4.34684	85.0849	
0.919242	0.0186916	-0.393248	0.160801	0.893928	0.418372	0.359356	-0.44782	0.818731	18.0131	-4.79392	85.9296	
0.917854	0.020466	-0.396389	0.16989	0.882309	0.438941	0.358721	-0.470226	0.806354	18.3809	-5.26409	86.7619	
0.916469	0.0223265	-0.399482	0.178959	0.870126	0.459189	0.357851	-0.492324	0.793448	18.7479	-5.75706	87.5812	
0.915088	0.0242717	-0.402523	0.188004	0.857387	0.479105	0.356747	-0.514099	0.780022	19.1139	-6.2725	88.3871	
0.913712	0.0263004	-0.405511	0.197018	0.844102	0.498674	0.355408	-0.535537	0.766084	19.4786	-6.81007	89.1789	
0.912341	0.0284113	-0.408445	0.205995	0.830279	0.517884	0.353837	-0.556624	0.751645	19.8418	-7.36942	89.9562	
0.910977	0.0306031	-0.411321	0.214929	0.815926	0.536722	0.352033	-0.577346	0.736712	20.2033	-7.95018	90.7185	
0.90962	0.0328742	-0.414139	0.223815	0.801054	0.555176	0.349999	-0.597689	0.721296	20.5629	-8.55198	91.4652	
0.908271	0.0352232	-0.416897	0.232646	0.785671	0.573234	0.347735	-0.617641	0.705408	20.9202	-9.17441	92.1959	
0.906932	0.0376485	-0.419592	0.241417	0.769789	0.590883	0.345243	-0.637187	0.689057	21.2751	-9.81707	92.9101	
0.905602	0.0401486	-0.422223	0.250122	0.753417	0.608113	0.342525	-0.656316	0.672254	21.6274	-10.4795	93.6072	
0.904284	0.0427218	-0.424789	0.258755	0.736566	0.624913	0.339582	-0.675015	0.655011	21.9767	-11.1614	94.287	
0.902977	0.0453664	-0.427286	0.267311	0.719248	0.64127	0.336417	-0.693271	0.637338	22.3229	-11.8621	94.9489	
