1	0	0	0	1	0	0	0	1	0	0	0	
0.999991	6.18968e-06	-0.00424671	6.18968e-06	0.999996	0.00291503	0.00424671	-0.00291503	0.999987	0.00222738	-0.00152892	1.04899	
0.999964	2.47714e-05	-0.00849544	2.47721e-05	0.999983	0.00583162	0.00849544	-0.00583162	0.999947	0.00891059	-0.0061165	2.09794	
0.999919	5.57634e-05	-0.012746	5.57664e-05	0.999962	0.00874965	0.012746	-0.00874965	0.99988	0.0200516	-0.0137643	3.14684	
0.999856	9.91832e-05	-0.0169983	9.91908e-05	0.999932	0.011669	0.0169983	-0.011669	0.999787	0.0356524	-0.0244738	4.19566	
0.999774	0.000155047	-0.021252	0.000155062	0.999894	0.0145896	0.021252	-0.0145896	0.999668	0.0557145	-0.0382464	5.24437	
0.999675	0.00022337	-0.0255071	0.000223397	0.999847	0.0175112	0.0255071	-0.0175112	0.999521	0.0802394	-0.0550831	6.29294	
0.999557	0.000304167	-0.0297633	0.000304209	0.999791	0.0204338	0.0297633	-0.0204338	0.999348	0.109229	-0.0749852	7.34133	
0.999421	0.00039745	-0.0340204	0.000397514	0.999727	0.0233573	0.0340204	-0.0233573	0.999148	0.142683	-0.0979534	8.38954	
0.999267	0.000503233	-0.0382784	0.000503324	0.999654	0.0262815	0.0382784	-0.0262815	0.998921	0.180603	-0.123989	9.43752	
0.999095	0.000621525	-0.042537	0.00062165	0.999573	0.0292063	0.042537	-0.0292063	0.998668	0.222991	-0.153092	10.4852	
0.998904	0.000752338	-0.0467961	0.000752505	0.999483	0.0321316	0.0467961	-0.0321316	0.998388	0.269846	-0.185263	11.5327	
0.998695	0.000895681	-0.0510554	0.000895897	0.999385	0.0350572	0.0510554	-0.0350572	0.99808	0.321168	-0.220504	12.5798	
0.998468	0.00105156	-0.0553148	0.00105184	0.999278	0.0379831	0.0553148	-0.0379831	0.997746	0.376959	-0.258813	13.6266	
0.998223	0.00121998	-0.0595741	0.00122033	0.999162	0.0409091	0.0595741	-0.0409091	0.997385	0.437218	-0.300192	14.6731	
0.99796	0.00140096	-0.0638332	0.00140138	0.999038	0.0438351	0.0638332	-0.0438351	0.996997	0.501944	-0.34464	15.7191	
0.997678	0.00159449	-0.0680919	0.00159501	0.998905	0.046761	0.0680919	-0.046761	0.996583	0.571139	-0.392157	16.7647	
0.997378	0.00180058	-0.07235	0.0018012	0.998763	0.0496867	0.0723499	-0.0496867	0.996141	0.6448	-0.442743	17.8099	
0.997059	0.00201923	-0.0766073	0.00201997	0.998613	0.052612	0.0766072	-0.0526121	0.995672	0.722927	-0.496399	18.8546	
0.996723	0.00225045	-0.0808636	0.00225132	0.998454	0.0555369	0.0808636	-0.0555369	0.995177	0.80552	-0.553122	19.8988	
0.996368	0.00249424	-0.0851188	0.00249525	0.998287	0.0584611	0.0851188	-0.0584612	0.994654	0.892577	-0.612914	20.9425	
0.995994	0.00275059	-0.0893728	0.00275175	0.99811	0.0613847	0.0893727	-0.0613847	0.994105	0.984097	-0.675773	21.9856	
0.995603	0.0030195	-0.0936253	0.00302084	0.997926	0.0643074	0.0936252	-0.0643075	0.993528	1.08008	-0.741698	23.0281	
0.995193	0.00330098	-0.0978761	0.00330251	0.997732	0.0672292	0.097876	-0.0672293	0.992925	1.18052	-0.810688	24.07	
0.994765	0.00359501	-0.102125	0.00359676	0.99753	0.0701499	0.102125	-0.07015	0.992295	1.28542	-0.882743	25.1112	
0.994319	0.00390161	-0.106372	0.00390358	0.997319	0.0730694	0.106372	-0.0730695	0.991638	1.39478	-0.957861	26.1518	
0.993854	0.00422075	-0.110617	0.00422297	0.9971	0.0759876	0.110617	-0.0759878	0.990954	1.50859	-1.03604	27.1916	
0.993371	0.00455244	-0.11486	0.00455493	0.996872	0.0789044	0.11486	-0.0789046	0.990243	1.62685	-1.11728	28.2308	
0.99287	0.00489667	-0.1191	0.00489944	0.996635	0.0818197	0.1191	-0.0818199	0.989505	1.74956	-1.20158	29.2691	
0.992351	0.00525342	-0.123337	0.00525651	0.99639	0.0847333	0.123337	-0.0847335	0.988741	1.87672	-1.28894	30.3067	
0.991813	0.0056227	-0.127572	0.00562612	0.996136	0.0876451	0.127571	-0.0876453	0.987949	2.00832	-1.37935	31.3435	
0.991258	0.00600449	-0.131803	0.00600826	0.995873	0.090555	0.131803	-0.0905553	0.987131	2.14436	-1.47282	32.3794	
0.990684	0.00639878	-0.136032	0.00640292	0.995602	0.0934629	0.136031	-0.0934632	0.986286	2.28484	-1.56933	33.4144	
0.990092	0.00680555	-0.140257	0.0068101	0.995322	0.0963687	0.140256	-0.096369	0.985414	2.42975	-1.6689	34.4486	
0.989482	0.0072248	-0.144478	0.00722978	0.995034	0.0992723	0.144478	-0.0992726	0.984516	2.57909	-1.77151	35.4818	
0.988853	0.00765652	-0.148696	0.00766194	0.994737	0.102173	0.148696	-0.102174	0.98359	2.73286	-1.87717	36.5141	
0.988207	0.00810068	-0.15291	0.00810658	0.994432	0.105072	0.152909	-0.105073	0.982639	2.89105	-1.98587	37.5454	
0.987543	0.00855727	-0.15712	0.00856367	0.994117	0.107968	0.157119	-0.107969	0.98166	3.05366	-2.09761	38.5756	
0.98686	0.00902627	-0.161325	0.00903321	0.993795	0.110862	0.161325	-0.110862	0.980655	3.22068	-2.21238	39.6049	
0.986159	0.00950767	-0.165527	0.00951517	0.993464	0.113752	0.165526	-0.113753	0.979623	3.39211	-2.33019	40.633	
0.985441	0.0100014	-0.169723	0.0100095	0.993124	0.11664	0.169723	-0.11664	0.978565	3.56795	-2.45103	41.6601	
0.984705	0.0105076	-0.173915	0.0105163	0.992776	0.119524	0.173915	-0.119525	0.97748	3.74818	-2.5749	42.686	
0.98395	0.0110261	-0.178103	0.0110354	0.992419	0.122406	0.178102	-0.122406	0.976369	3.93282	-2.70179	43.7108	
0.983178	0.0115568	-0.182285	0.0115669	0.992054	0.125284	0.182284	-0.125285	0.975231	4.12184	-2.83171	44.7344	
0.982388	0.0120999	-0.186462	0.0121107	0.99168	0.128158	0.186461	-0.128159	0.974067	4.31524	-2.96464	45.7568	
0.98158	0.0126553	-0.190633	0.0126668	0.991298	0.131029	0.190633	-0.131031	0.972877	4.51303	-3.10058	46.778	
0.980754	0.0132229	-0.194799	0.0132351	0.990907	0.133897	0.194798	-0.133898	0.971661	4.71518	-3.23954	47.7979	
0.97991	0.0138027	-0.19896	0.0138158	0.990508	0.136761	0.198959	-0.136762	0.970418	4.92171	-3.3815	48.8165	
0.979049	0.0143947	-0.203114	0.0144086	0.9901	0.139621	0.203113	-0.139622	0.96915	5.13259	-3.52646	49.8338	
0.97817	0.0149988	-0.207262	0.0150137	0.989684	0.142476	0.207261	-0.142478	0.967855	5.34783	-3.67442	50.8497	
0.977274	0.0156151	-0.211405	0.0156309	0.98926	0.145328	0.211404	-0.14533	0.966534	5.56742	-3.82537	51.8643	
0.97636	0.0162435	-0.215541	0.0162603	0.988827	0.148176	0.215539	-0.148178	0.965187	5.79135	-3.97932	52.8775	
0.975428	0.016884	-0.21967	0.0169017	0.988386	0.151019	0.219669	-0.151021	0.963814	6.01962	-4.13625	53.8892	
0.974479	0.0175365	-0.223793	0.0175553	0.987937	0.153858	0.223791	-0.15386	0.962416	6.25221	-4.29616	54.8995	
0.973512	0.0182011	-0.227908	0.0182209	0.987479	0.156692	0.227907	-0.156695	0.960992	6.48912	-4.45904	55.9084	
0.972529	0.0188776	-0.232017	0.0188985	0.987013	0.159522	0.232015	-0.159524	0.959542	6.73035	-4.6249	56.9157	
0.971527	0.0195661	-0.236119	0.0195882	0.986539	0.162347	0.236117	-0.162349	0.958067	6.97588	-4.79372	57.9215	
0.970509	0.0202664	-0.240213	0.0202897	0.986057	0.165167	0.240211	-0.16517	0.956566	7.22572	-4.9655	58.9257	
0.969473	0.0209787	-0.2443	0.0210032	0.985566	0.167982	0.244298	-0.167985	0.955039	7.47984	-5.14024	59.9283	
0.96842	0.0217027	-0.248379	0.0217286	0.985068	0.170792	0.248377	-0.170795	0.953487	7.73824	-5.31793	60.9293	
0.96735	0.0224386	-0.25245	0.0224658	0.984561	0.173596	0.252448	-0.1736	0.95191	8.00092	-5.49856	61.9287	
0.966263	0.0231863	-0.256513	0.0232148	0.984046	0.176396	0.256511	-0.176399	0.950308	8.26787	-5.68213	62.9264	
0.965158	0.0239456	-0.260569	0.0239755	0.983522	0.17919	0.260566	-0.179194	0.948681	8.53908	-5.86864	63.9224	
0.964037	0.0247166	-0.264616	0.024748	0.982991	0.181978	0.264613	-0.181982	0.947028	8.81453	-6.05808	64.9167	
0.962899	0.0254993	-0.268654	0.0255322	0.982452	0.184761	0.268651	-0.184765	0.945351	9.09423	-6.25043	65.9093	
0.961744	0.0262936	-0.272684	0.026328	0.981904	0.187538	0.272681	-0.187543	0.943649	9.37815	-6.44571	66.9	
0.961125	0.0267171	-0.274817	0.0262306	0.981971	0.187202	0.274864	-0.187134	0.943097	9.66534	-6.64222	67.8896	
0.960502	0.0271395	-0.276947	0.0261323	0.982038	0.186866	0.277044	-0.186723	0.94254	9.95481	-6.83831	68.8786	
0.959874	0.0275606	-0.279075	0.026033	0.982104	0.18653	0.279221	-0.18631	0.941979	10.2466	-7.03396	69.867	
0.963593	0.0251693	-0.266185	0.0199174	0.986036	0.165337	0.266629	-0.164619	0.949636	10.5329	-7.21804	70.8592	
0.96714	0.0230744	-0.253195	0.0140861	0.98948	0.14398	0.253854	-0.142815	0.956641	10.8059	-7.37929	71.8591	
0.970511	0.0212774	-0.240115	0.00854303	0.992435	0.122473	0.240904	-0.120912	0.962988	11.0654	-7.51762	72.866	
0.973705	0.0197793	-0.226952	0.00329196	0.994898	0.100831	0.227789	-0.0989269	0.968672	11.3112	-7.63293	73.8792	
0.976719	0.0185814	-0.213717	-0.00166347	0.996868	0.0790695	0.214516	-0.0768732	0.973691	11.5432	-7.72515	74.898	
0.979551	0.0176844	-0.200417	-0.00631985	0.998343	0.057203	0.201097	-0.0547667	0.978039	11.7612	-7.79419	75.9218	
0.982199	0.0170889	-0.187063	-0.010674	0.999322	0.0352466	0.187539	-0.0326225	0.981715	11.9651	-7.84003	76.9497	
0.984662	0.0167954	-0.173664	-0.0147229	0.999804	0.0132154	0.173852	-0.0104559	0.984716	12.1546	-7.86263	77.9812	
0.986937	0.016804	-0.160228	-0.0184637	0.99979	-0.00887544	0.160045	0.0117179	0.98704	12.3298	-7.86197	79.0154	
0.989023	0.0171147	-0.146765	-0.021894	0.999279	-0.0310108	0.146129	0.0338837	0.988685	12.4904	-7.83805	80.0517	
0.990919	0.0177274	-0.133285	-0.0250113	0.998272	-0.0531754	0.132112	0.0560261	0.98965	12.6363	-7.79089	81.0894	
0.992624	0.0186415	-0.119795	-0.0278135	0.996769	-0.0753539	0.118004	0.07813	0.989935	12.7675	-7.72052	82.1277	
0.994135	0.0198566	-0.106307	-0.0302987	0.994771	-0.0975313	0.103815	0.10018	0.989539	12.8839	-7.62699	83.166	
0.995453	0.0213716	-0.0928287	-0.0324651	0.99228	-0.119692	0.089554	0.122162	0.988462	12.9853	-7.51037	84.2035	
0.996576	0.0231857	-0.0793696	-0.0343113	0.989297	-0.141821	0.075232	0.144059	0.986705	13.0717	-7.37073	85.2396	
0.997503	0.0252975	-0.0659392	-0.035836	0.985825	-0.163903	0.0608582	0.165857	0.98427	13.1431	-7.20817	86.2734	
0.998234	0.0277056	-0.0525465	-0.0370382	0.981866	-0.185923	0.0464425	0.187541	0.981158	13.1994	-7.0228	87.3043	
0.998769	0.0304083	-0.0392008	-0.037917	0.977422	-0.207866	0.0319949	0.209096	0.977371	13.2405	-6.81476	88.3316	
0.999106	0.0334038	-0.0259114	-0.0384718	0.972497	-0.229716	0.0175253	0.230508	0.972913	13.2665	-6.58417	89.3546	
0.999246	0.0366901	-0.0126872	-0.0387022	0.967094	-0.251459	0.00304367	0.251761	0.967785	13.2773	-6.33121	90.3725	
0.999189	0.0402648	0.000462518	-0.0386082	0.961216	-0.27308	-0.0114401	0.27284	0.961991	13.2729	-6.05605	91.3847	
0.998934	0.0441255	0.0135288	-0.0381896	0.954869	-0.294563	-0.0259159	0.293732	0.955536	13.2533	-5.75886	92.3905	
0.998483	0.0482695	0.0265026	-0.037447	0.948055	-0.315894	-0.040374	0.314423	0.948424	13.2185	-5.43987	93.3892	
0.997834	0.052694	0.0393751	-0.0363806	0.94078	-0.337059	-0.0548043	0.334896	0.94066	13.1686	-5.09929	94.3801	
0.996989	0.057396	0.0521373	-0.0349913	0.933049	-0.358042	-0.0691969	0.35514	0.932249	13.1036	-4.73735	95.3625	
0.995948	0.0623723	0.0647805	-0.0332801	0.924868	-0.37883	-0.0835419	0.375139	0.923196	13.0234	-4.3543	96.3357	
0.994712	0.0676193	0.077296	-0.0312481	0.916241	-0.399408	-0.0978294	0.394881	0.913509	12.9283	-3.9504	97.2991	
0.993282	0.0731335	0.0896753	-0.0288967	0.907174	-0.419762	-0.11205	0.41435	0.903194	12.8182	-3.52594	98.252	
0.991659	0.0789111	0.10191	-0.0262275	0.897675	-0.439877	-0.126193	0.433535	0.892257	12.6933	-3.0812	99.1937	
0.989843	0.0849481	0.113991	-0.0232424	0.887749	-0.459741	-0.140249	0.452422	0.880707	12.5535	-2.6165	100.124	
0.987837	0.0912404	0.125911	-0.0199433	0.877403	-0.479339	-0.154209	0.470998	0.868551	12.3991	-2.13214	101.041	
