1	0	0	0	1	0	0	0	1	0	0	0	
1	-1.30767e-06	-0.000596962	-1.30767e-06	0.99999	-0.00438105	0.000596962	0.00438105	0.99999	0.000298331	0.00218942	0.999492	
0.999999	-5.23759e-06	-0.00119465	-5.23849e-06	0.999962	-0.00876896	0.00119465	0.00876896	0.999961	0.00119369	0.00876112	1.99896	
0.999998	-1.18002e-05	-0.00179305	-1.18038e-05	0.999913	-0.0131635	0.00179305	0.0131635	0.999912	0.00268679	0.0197218	2.9984	
0.999997	-2.10055e-05	-0.00239212	-2.10145e-05	0.999846	-0.0175646	0.00239212	0.0175646	0.999843	0.00477832	0.0350782	3.99777	
0.999996	-3.28634e-05	-0.00299185	-3.28815e-05	0.999759	-0.021972	0.00299185	0.021972	0.999754	0.00746895	0.0548365	4.99707	
0.999994	-4.73835e-05	-0.0035922	-4.74151e-05	0.999652	-0.0263855	0.0035922	0.0263855	0.999645	0.0107593	0.0790031	5.99626	
0.999991	-6.45749e-05	-0.00419314	-6.46256e-05	0.999525	-0.0308049	0.00419314	0.0308049	0.999517	0.01465	0.107584	6.99534	
0.999989	-8.44466e-05	-0.00479467	-8.45228e-05	0.999379	-0.03523	0.00479466	0.03523	0.999368	0.0191417	0.140585	7.99428	
0.999985	-0.000107007	-0.00539673	-0.000107116	0.999213	-0.0396607	0.00539673	0.0396607	0.999199	0.0242348	0.178011	8.99306	
0.999982	-0.000132266	-0.00599932	-0.000132416	0.999027	-0.0440967	0.00599932	0.0440967	0.999009	0.02993	0.219869	9.99166	
0.999978	-0.000160229	-0.0066024	-0.00016043	0.998821	-0.0485379	0.0066024	0.0485379	0.9988	0.0362276	0.266163	10.9901	
0.999974	-0.000190907	-0.00720595	-0.000191167	0.998595	-0.0529841	0.00720594	0.0529841	0.998569	0.0431283	0.316898	11.9882	
0.999969	-0.000224305	-0.00780994	-0.000224637	0.998349	-0.0574351	0.00780993	0.0574351	0.998319	0.0506325	0.37208	12.9862	
0.999965	-0.000260431	-0.00841435	-0.000260847	0.998083	-0.0618906	0.00841434	0.0618906	0.998047	0.0587405	0.431713	13.9839	
0.999959	-0.000299292	-0.00901915	-0.000299805	0.997796	-0.0663506	0.00901913	0.0663506	0.997756	0.0674529	0.495801	14.9813	
0.999954	-0.000340896	-0.00962431	-0.000341519	0.997489	-0.0708148	0.00962429	0.0708148	0.997443	0.0767699	0.564349	15.9784	
0.999948	-0.000385248	-0.0102298	-0.000385997	0.997162	-0.0752831	0.0102298	0.0752831	0.99711	0.0866919	0.637362	16.9751	
0.999941	-0.000432354	-0.0108356	-0.000433245	0.996814	-0.0797551	0.0108356	0.0797551	0.996756	0.0972193	0.714842	17.9716	
0.999934	-0.000482221	-0.0114417	-0.00048327	0.996446	-0.0842309	0.0114417	0.0842309	0.996381	0.108352	0.796793	18.9676	
0.999927	-0.000534854	-0.0120481	-0.000536079	0.996057	-0.0887101	0.012048	0.0887101	0.995985	0.120091	0.88322	19.9633	
0.99992	-0.000590259	-0.0126547	-0.000591679	0.995648	-0.0931926	0.0126546	0.0931926	0.995568	0.132436	0.974126	20.9586	
0.999912	-0.000648439	-0.0132615	-0.000650075	0.995218	-0.0976782	0.0132614	0.0976782	0.99513	0.145388	1.06951	21.9534	
0.999904	-0.000709402	-0.0138685	-0.000711272	0.994767	-0.102167	0.0138684	0.102167	0.994671	0.158946	1.16939	22.9478	
0.999895	-0.00077315	-0.0144756	-0.000775278	0.994295	-0.106658	0.0144755	0.106658	0.99419	0.173111	1.27375	23.9418	
0.999886	-0.000839688	-0.0150829	-0.000842096	0.993803	-0.111152	0.0150827	0.111152	0.993689	0.187882	1.38259	24.9352	
0.999876	-0.00090902	-0.0156902	-0.000911732	0.99329	-0.115648	0.0156901	0.115648	0.993166	0.203261	1.49594	25.9281	
0.999867	-0.00098115	-0.0162977	-0.00098419	0.992756	-0.120146	0.0162975	0.120146	0.992622	0.219247	1.61377	26.9205	
0.999857	-0.00105608	-0.0169052	-0.00105948	0.992201	-0.124646	0.016905	0.124646	0.992057	0.23584	1.73611	27.9124	
0.999846	-0.00113382	-0.0175128	-0.00113759	0.991625	-0.129148	0.0175125	0.129148	0.991471	0.25304	1.86294	28.9036	
0.999835	-0.00121436	-0.0181203	-0.00121854	0.991028	-0.133652	0.01812	0.133652	0.990863	0.270847	1.99428	29.8943	
0.999824	-0.00129771	-0.0187278	-0.00130233	0.99041	-0.138156	0.0187275	0.138157	0.990233	0.289262	2.13011	30.8844	
0.999812	-0.00138388	-0.0193353	-0.00138897	0.98977	-0.142663	0.0193349	0.142663	0.989582	0.308283	2.27045	31.8738	
0.9998	-0.00147286	-0.0199427	-0.00147844	0.98911	-0.14717	0.0199423	0.14717	0.98891	0.327912	2.41529	32.8625	
0.999788	-0.00156465	-0.02055	-0.00157077	0.988429	-0.151678	0.0205496	0.151678	0.988216	0.348148	2.56464	33.8506	
0.999775	-0.00165927	-0.0211572	-0.00166594	0.987726	-0.156187	0.0211567	0.156187	0.987501	0.36899	2.7185	34.8379	
0.999762	-0.0017567	-0.0217642	-0.00176397	0.987002	-0.160696	0.0217637	0.160696	0.986764	0.39044	2.87686	35.8246	
0.999748	-0.00185696	-0.0223711	-0.00186486	0.986257	-0.165205	0.0223705	0.165205	0.986005	0.412496	3.03973	36.8105	
0.999734	-0.00196003	-0.0229778	-0.0019686	0.985491	-0.169715	0.022977	0.169715	0.985225	0.435158	3.2071	37.7956	
0.99972	-0.00206593	-0.0235842	-0.00207519	0.984704	-0.174224	0.0235834	0.174224	0.984424	0.458426	3.37899	38.7799	
0.999705	-0.00217465	-0.0241904	-0.00218465	0.983895	-0.178733	0.0241895	0.178733	0.9836	0.482301	3.55538	39.7634	
0.99969	-0.00228619	-0.0247963	-0.00229697	0.983065	-0.183242	0.0247953	0.183242	0.982755	0.506781	3.73627	40.7461	
0.999674	-0.00240055	-0.025402	-0.00241215	0.982214	-0.18775	0.0254009	0.18775	0.981888	0.531866	3.92168	41.7279	
0.999659	-0.00251774	-0.0260073	-0.00253019	0.981341	-0.192257	0.0260061	0.192257	0.981	0.557557	4.11158	42.7089	
0.999642	-0.00263774	-0.0266122	-0.0026511	0.980447	-0.196763	0.0266109	0.196764	0.98009	0.583852	4.306	43.6889	
0.999626	-0.00276057	-0.0272168	-0.00277486	0.979532	-0.201269	0.0272154	0.201269	0.979158	0.610752	4.50491	44.6681	
0.999609	-0.00288621	-0.027821	-0.00290149	0.978596	-0.205772	0.0278194	0.205772	0.978204	0.638255	4.70833	45.6463	
0.999591	-0.00301467	-0.0284248	-0.00303098	0.977638	-0.210274	0.028423	0.210274	0.977229	0.666362	4.91625	46.6235	
0.999574	-0.00314595	-0.0290281	-0.00316333	0.976659	-0.214775	0.0290262	0.214775	0.976232	0.695073	5.12867	47.5997	
0.999556	-0.00328004	-0.029631	-0.00329854	0.975658	-0.219273	0.0296289	0.219273	0.975213	0.724385	5.34558	48.575	
0.999537	-0.00341694	-0.0302333	-0.00343661	0.974636	-0.223769	0.0302311	0.22377	0.974173	0.7543	5.56699	49.5492	
0.999518	-0.00355665	-0.0308352	-0.00357754	0.973593	-0.228263	0.0308328	0.228264	0.973111	0.784817	5.79289	50.5223	
0.999499	-0.00369917	-0.0314365	-0.00372132	0.972528	-0.232755	0.0314339	0.232755	0.972027	0.815935	6.02329	51.4944	
0.999479	-0.00384449	-0.0320372	-0.00386795	0.971442	-0.237244	0.0320344	0.237244	0.970922	0.847653	6.25817	52.4654	
0.999459	-0.00399261	-0.0326374	-0.00401744	0.970335	-0.24173	0.0326343	0.24173	0.969795	0.879971	6.49754	53.4352	
0.999439	-0.00414353	-0.0332369	-0.00416977	0.969207	-0.246213	0.0332337	0.246213	0.968646	0.912888	6.74139	54.404	
0.999418	-0.00429723	-0.0338358	-0.00432495	0.968057	-0.250693	0.0338323	0.250693	0.967475	0.946404	6.98971	55.3715	
0.999397	-0.00445373	-0.0344341	-0.00448297	0.966886	-0.255169	0.0344303	0.25517	0.966283	0.980519	7.24252	56.3379	
0.999376	-0.00461302	-0.0350317	-0.00464383	0.965694	-0.259642	0.0350276	0.259643	0.965069	1.01523	7.49979	57.3031	
0.999354	-0.00477508	-0.0356285	-0.00480753	0.96448	-0.264111	0.0356241	0.264112	0.963834	1.05054	7.76154	58.2671	
0.999331	-0.00493992	-0.0362246	-0.00497406	0.963245	-0.268577	0.03622	0.268577	0.962577	1.08644	8.02775	59.2298	
0.999309	-0.00510753	-0.03682	-0.00514342	0.96199	-0.273038	0.036815	0.273039	0.961298	1.12294	8.29842	60.1913	
0.999286	-0.00527791	-0.0374146	-0.00531561	0.960712	-0.277495	0.0374093	0.277496	0.959998	1.16003	8.57355	61.1514	
0.999263	-0.00545105	-0.0380084	-0.00549061	0.959414	-0.281947	0.0380027	0.281948	0.958677	1.19772	8.85313	62.1103	
0.999115	-0.00649836	-0.041552	-0.0055957	0.958667	-0.284475	0.0416832	0.284456	0.957783	1.23754	9.13619	63.068	
0.998954	-0.00755543	-0.045094	-0.0057107	0.957912	-0.287005	0.0453645	0.286962	0.956867	1.28105	9.42176	64.0249	
0.998779	-0.00862215	-0.0486337	-0.00583563	0.957149	-0.289536	0.0490462	0.289466	0.955931	1.32823	9.70983	64.9808	
0.998591	-0.0096984	-0.0521709	-0.00597049	0.956379	-0.292068	0.0527277	0.291968	0.954974	1.37909	10.0004	65.9358	
0.998389	-0.0107841	-0.0557049	-0.00611528	0.955601	-0.2946	0.0564087	0.294466	0.953996	1.43363	10.2935	66.8898	
0.998173	-0.011879	-0.0592355	-0.00627	0.954816	-0.297133	0.0600886	0.296962	0.952997	1.49185	10.589	67.8428	
0.997944	-0.0129831	-0.062762	-0.00643464	0.954023	-0.299665	0.063767	0.299453	0.951978	1.55375	10.8871	68.7948	
0.997701	-0.0140962	-0.0662841	-0.00660917	0.953223	-0.302196	0.0674434	0.30194	0.950938	1.61932	11.1876	69.7458	
0.997445	-0.0152182	-0.0698014	-0.00679358	0.952416	-0.304726	0.0711173	0.304422	0.949879	1.68856	11.4907	70.6957	
0.995731	-0.0214689	-0.0897665	-0.00568717	0.956452	-0.291834	0.0921227	0.291099	0.952247	1.77015	11.7883	71.6463	
0.993578	-0.0274381	-0.109775	-0.00429642	0.960307	-0.278914	0.113071	0.277594	0.954021	1.8727	12.0725	72.599	
0.990985	-0.0331219	-0.129815	-0.00262219	0.963977	-0.265973	0.133948	0.263916	0.9552	1.99615	12.3431	73.5532	
0.987955	-0.0385168	-0.149873	-0.000665523	0.96746	-0.253021	0.154741	0.250073	0.955782	2.14043	12.6	74.5083	
0.984489	-0.0436195	-0.169937	0.00157236	0.970755	-0.240065	0.175439	0.236074	0.955767	2.30544	12.843	75.4636	
0.98059	-0.0484268	-0.189994	0.00409006	0.97386	-0.227114	0.196026	0.221928	0.955155	2.49109	13.0719	76.4186	
0.97626	-0.0529357	-0.210032	0.006886	0.976771	-0.214174	0.216491	0.207643	0.953947	2.69726	13.2866	77.3728	
0.971502	-0.0571433	-0.230039	0.00995844	0.979488	-0.201255	0.236821	0.193229	0.952144	2.92381	13.4869	78.3254	
0.966319	-0.0610471	-0.250002	0.0133055	0.982009	-0.188364	0.257003	0.178694	0.949746	3.17061	13.6728	79.2759	
0.960714	-0.0646446	-0.269908	0.016925	0.984332	-0.17551	0.277025	0.164047	0.946755	3.4375	13.8441	80.2237	
0.95469	-0.0679335	-0.289745	0.0208147	0.986456	-0.162701	0.296874	0.149298	0.943173	3.72432	14.0007	81.1683	
0.948251	-0.0709118	-0.309501	0.0249723	0.988379	-0.149944	0.316537	0.134456	0.939003	4.03089	14.1425	82.1089	
0.941402	-0.0735777	-0.329163	0.029395	0.990101	-0.137248	0.336003	0.119529	0.934246	4.35701	14.2694	83.0451	
0.934147	-0.0759295	-0.348719	0.0340802	0.991619	-0.12462	0.355259	0.104529	0.928905	4.70249	14.3814	83.9763	
0.926489	-0.0779657	-0.368157	0.039025	0.992934	-0.112068	0.374293	0.0894624	0.922985	5.0671	14.4784	84.9018	
0.918434	-0.079685	-0.387464	0.0442261	0.994044	-0.0996004	0.393093	0.0743404	0.916489	5.45062	14.5602	85.8211	
0.909988	-0.0810863	-0.406629	0.0496805	0.994949	-0.0872248	0.411648	0.059172	0.90942	5.8528	14.6269	86.7337	
0.901154	-0.0821689	-0.42564	0.0553846	0.995648	-0.0749489	0.429946	0.0439666	0.901783	6.27341	14.6785	87.6388	
0.891939	-0.082932	-0.444485	0.0613349	0.996141	-0.0627803	0.447976	0.0287338	0.893584	6.71217	14.7148	88.5361	
0.882349	-0.0833751	-0.463151	0.0675278	0.996427	-0.0507267	0.465726	0.0134831	0.884826	7.16882	14.7359	89.4249	
0.872389	-0.083498	-0.481628	0.0739593	0.996506	-0.0387955	0.483185	-0.0017761	0.875517	7.64306	14.7418	90.3047	
0.862066	-0.0833005	-0.499904	0.0806254	0.996379	-0.0269942	0.500342	-0.0170342	0.86566	8.1346	14.7324	91.1749	
0.851385	-0.0827829	-0.517967	0.087522	0.996045	-0.0153302	0.517187	-0.0322816	0.855263	8.64313	14.7077	92.035	
0.840355	-0.0819454	-0.535806	0.0946447	0.995504	-0.00381074	0.533709	-0.0475088	0.844332	9.16834	14.6679	92.8844	
0.828981	-0.0807886	-0.553411	0.101989	0.994757	0.00755697	0.549898	-0.0627064	0.832874	9.7099	14.6128	93.7226	
0.817271	-0.0793131	-0.570769	0.109551	0.993804	0.0187658	0.565744	-0.0778649	0.820896	10.2675	14.5425	94.5491	
0.805232	-0.0775199	-0.58787	0.117325	0.992646	0.0298089	0.581236	-0.0929747	0.808406	10.8407	14.4571	95.3634	
