1	0	0	0	1	0	0	0	1	0	0	0	
0.999988	6.04491e-06	-0.00485088	6.04491e-06	0.999997	0.00249228	0.00485088	-0.00249228	0.999985	0.00238134	-0.00122348	0.981813	
0.999953	2.41834e-05	-0.00970286	2.41789e-05	0.999988	0.00498419	0.00970286	-0.00498419	0.999941	0.00952592	-0.00489376	1.9636	
0.999894	5.44198e-05	-0.0145558	5.44016e-05	0.999972	0.00747565	0.0145558	-0.00747565	0.999866	0.0214348	-0.0110104	2.94532	
0.999812	9.67576e-05	-0.0194095	9.67122e-05	0.99995	0.00996659	0.0194095	-0.00996659	0.999762	0.0381087	-0.019573	3.92696	
0.999706	0.0001512	-0.0242639	0.000151109	0.999922	0.0124569	0.0242639	-0.0124569	0.999628	0.0595484	-0.0305809	4.90848	
0.999576	0.00021775	-0.0291187	0.000217591	0.999888	0.0149465	0.0291187	-0.0149465	0.999464	0.0857545	-0.0440336	5.88986	
0.999423	0.00029641	-0.0339739	0.000296155	0.999848	0.0174354	0.0339739	-0.0174354	0.999271	0.116727	-0.0599302	6.87106	
0.999246	0.000387181	-0.0388292	0.000386799	0.999801	0.0199234	0.0388292	-0.0199234	0.999047	0.152467	-0.07827	7.85205	
0.999045	0.000490064	-0.0436846	0.000489519	0.999749	0.0224105	0.0436846	-0.0224105	0.998794	0.192974	-0.0990522	8.83281	
0.998821	0.000605061	-0.0485397	0.000604311	0.99969	0.0248966	0.0485397	-0.0248965	0.998511	0.238248	-0.122276	9.81331	
0.998573	0.000732171	-0.0533946	0.000731172	0.999625	0.0273815	0.0533946	-0.0273815	0.998198	0.288289	-0.14794	10.7935	
0.998302	0.000871395	-0.058249	0.000870095	0.999554	0.0298653	0.058249	-0.0298653	0.997855	0.343096	-0.176043	11.7734	
0.998007	0.00102273	-0.0631027	0.00102108	0.999476	0.0323478	0.0631028	-0.0323478	0.997483	0.402668	-0.206584	12.7529	
0.997688	0.00118618	-0.0679557	0.00118411	0.999393	0.034829	0.0679557	-0.034829	0.99708	0.467006	-0.239561	13.7321	
0.997345	0.00136174	-0.0728077	0.00135919	0.999303	0.0373088	0.0728078	-0.0373087	0.996648	0.536109	-0.274974	14.7108	
0.996979	0.0015494	-0.0776586	0.00154631	0.999207	0.0397871	0.0776587	-0.039787	0.996186	0.609974	-0.312822	15.6891	
0.996589	0.00174917	-0.0825083	0.00174546	0.999105	0.0422638	0.0825084	-0.0422636	0.995694	0.688602	-0.353101	16.667	
0.996175	0.00196104	-0.0873565	0.00195664	0.998997	0.0447388	0.0873566	-0.0447386	0.995172	0.77199	-0.395811	17.6443	
0.995738	0.00218501	-0.0922032	0.00217983	0.998883	0.0472121	0.0922033	-0.0472119	0.99462	0.860138	-0.440951	18.6211	
0.995277	0.00242108	-0.0970481	0.00241503	0.998762	0.0496836	0.0970483	-0.0496833	0.994039	0.953044	-0.488518	19.5974	
0.994792	0.00266923	-0.101891	0.00266223	0.998636	0.0521532	0.101891	-0.0521528	0.993428	1.05071	-0.53851	20.573	
0.994283	0.00292947	-0.106732	0.00292142	0.998503	0.0546208	0.106732	-0.0546204	0.992786	1.15312	-0.590926	21.5481	
0.993751	0.00320178	-0.111571	0.00319258	0.998364	0.0570864	0.111571	-0.0570858	0.992115	1.26029	-0.645764	22.5225	
0.993195	0.00348617	-0.116407	0.00347572	0.998219	0.0595498	0.116408	-0.0595492	0.991415	1.37221	-0.703021	23.4962	
0.992616	0.00378262	-0.121241	0.00377081	0.998068	0.062011	0.121242	-0.0620103	0.990684	1.48887	-0.762696	24.4693	
0.992013	0.00409114	-0.126072	0.00407785	0.997911	0.0644699	0.126073	-0.064469	0.989924	1.61028	-0.824786	25.4416	
0.991386	0.00441171	-0.130901	0.00439682	0.997748	0.0669264	0.130901	-0.0669254	0.989134	1.73643	-0.889289	26.4131	
0.990735	0.00474432	-0.135726	0.00472772	0.997579	0.0693805	0.135727	-0.0693794	0.988314	1.86732	-0.956202	27.3838	
0.990061	0.00508896	-0.140548	0.00507052	0.997404	0.0718321	0.140549	-0.0718308	0.987465	2.00295	-1.02552	28.3538	
0.989363	0.00544563	-0.145367	0.00542522	0.997223	0.074281	0.145368	-0.0742795	0.986585	2.14331	-1.09725	29.3229	
0.988641	0.00581433	-0.150183	0.0057918	0.997035	0.0767273	0.150183	-0.0767256	0.985676	2.2884	-1.17138	30.2911	
0.987896	0.00619502	-0.154994	0.00617025	0.996842	0.0791708	0.154995	-0.0791688	0.984738	2.43821	-1.24791	31.2584	
0.987127	0.00658772	-0.159802	0.00656056	0.996643	0.0816114	0.159804	-0.0816092	0.98377	2.59275	-1.32684	32.2247	
0.986335	0.0069924	-0.164607	0.0069627	0.996437	0.0840492	0.164608	-0.0840467	0.982772	2.75201	-1.40816	33.1901	
0.985518	0.00740906	-0.169407	0.00737666	0.996226	0.0864839	0.169408	-0.0864811	0.981744	2.91598	-1.49187	34.1545	
0.984679	0.00783769	-0.174202	0.00780243	0.996009	0.0889156	0.174204	-0.0889125	0.980687	3.08466	-1.57798	35.1179	
0.983815	0.00827826	-0.178994	0.00824	0.995785	0.0913441	0.178995	-0.0913406	0.979601	3.25805	-1.66647	36.0802	
0.982929	0.00873078	-0.18378	0.00868933	0.995556	0.0937694	0.183782	-0.0937655	0.978485	3.43614	-1.75734	37.0415	
0.982018	0.00919522	-0.188562	0.00915042	0.995321	0.0961913	0.188565	-0.0961871	0.977339	3.61893	-1.85059	38.0016	
0.981084	0.00967158	-0.19334	0.00962326	0.99508	0.0986099	0.193342	-0.0986052	0.976164	3.80641	-1.94621	38.9606	
0.980127	0.0101598	-0.198112	0.0101078	0.994833	0.101025	0.198115	-0.10102	0.974959	3.99858	-2.04421	39.9184	
0.979146	0.01066	-0.202879	0.0106041	0.99458	0.103437	0.202882	-0.103431	0.973725	4.19544	-2.14458	40.875	
0.978141	0.011172	-0.207641	0.011112	0.994321	0.105845	0.207644	-0.105838	0.972462	4.39697	-2.24731	41.8305	
0.977114	0.0116958	-0.212397	0.0116316	0.994056	0.108249	0.2124	-0.108242	0.971169	4.60317	-2.3524	42.7846	
0.976062	0.0122316	-0.217147	0.0121628	0.993785	0.110649	0.217151	-0.110642	0.969847	4.81404	-2.45986	43.7375	
0.974988	0.0127791	-0.221892	0.0127057	0.993508	0.113046	0.221896	-0.113038	0.968496	5.02957	-2.56966	44.689	
0.973889	0.0133384	-0.226631	0.0132602	0.993226	0.115439	0.226635	-0.11543	0.967115	5.24976	-2.68182	45.6392	
0.972768	0.0139095	-0.231363	0.0138262	0.992938	0.117828	0.231368	-0.117818	0.965706	5.4746	-2.79632	46.5881	
0.971623	0.0144924	-0.23609	0.0144038	0.992644	0.120212	0.236095	-0.120202	0.964267	5.70408	-2.91317	47.5355	
0.970455	0.0150871	-0.24081	0.014993	0.992344	0.122593	0.240816	-0.122581	0.962799	5.93821	-3.03235	48.4815	
0.969264	0.0156935	-0.245523	0.0155936	0.992038	0.124969	0.24553	-0.124957	0.961302	6.17696	-3.15387	49.4261	
0.968049	0.0163116	-0.25023	0.0162058	0.991727	0.127341	0.250237	-0.127328	0.959776	6.42033	-3.27772	50.3692	
0.966811	0.0169414	-0.25493	0.0168294	0.991409	0.129709	0.254937	-0.129695	0.95822	6.66833	-3.4039	51.3107	
0.96555	0.0175829	-0.259623	0.0174645	0.991086	0.132072	0.259631	-0.132057	0.956636	6.92094	-3.53239	52.2508	
0.964266	0.018236	-0.264308	0.018111	0.990757	0.134431	0.264317	-0.134414	0.955023	7.17815	-3.66321	53.1892	
0.962958	0.0189008	-0.268987	0.0187689	0.990423	0.136785	0.268996	-0.136767	0.953381	7.43996	-3.79633	54.1261	
0.961628	0.0195772	-0.273657	0.0194381	0.990083	0.139135	0.273667	-0.139115	0.951711	7.70635	-3.93177	55.0613	
0.960274	0.0202652	-0.278321	0.0201187	0.989737	0.14148	0.278331	-0.141459	0.950011	7.97734	-4.0695	55.9949	
0.958898	0.0209648	-0.282976	0.0208107	0.989385	0.14382	0.282987	-0.143797	0.948283	8.25289	-4.20954	56.9268	
0.957498	0.0216759	-0.287623	0.0215139	0.989028	0.146155	0.287636	-0.146131	0.946526	8.53302	-4.35187	57.8569	
0.956076	0.0223985	-0.292263	0.0222284	0.988665	0.148485	0.292276	-0.148459	0.944741	8.8177	-4.49648	58.7854	
0.95463	0.0231327	-0.296894	0.0229541	0.988296	0.15081	0.296908	-0.150783	0.942926	9.10694	-4.64339	59.7121	
0.953162	0.0238783	-0.301517	0.0236911	0.987922	0.15313	0.301532	-0.153101	0.941084	9.40072	-4.79257	60.6369	
0.950584	0.0251763	-0.309445	0.0242122	0.98766	0.154733	0.309522	-0.154579	0.938244	9.70069	-4.94361	61.5595	
0.947938	0.026487	-0.31735	0.0247478	0.987394	0.156333	0.317491	-0.156048	0.935333	10.0085	-5.0961	62.4793	
0.945225	0.0278101	-0.325232	0.0252977	0.987126	0.157931	0.325437	-0.157508	0.932353	10.3241	-5.25003	63.3962	
0.942445	0.0291457	-0.333088	0.0258619	0.986855	0.159525	0.333359	-0.158958	0.929303	10.6475	-5.40539	64.3101	
0.939598	0.0304936	-0.340919	0.0264402	0.986581	0.161116	0.341258	-0.160398	0.926183	10.9787	-5.56216	65.2209	
0.936684	0.0318536	-0.348725	0.0270326	0.986305	0.162702	0.349131	-0.161828	0.922995	11.3176	-5.72035	66.1287	
0.933703	0.0332258	-0.356503	0.0276388	0.986026	0.164285	0.35698	-0.163246	0.919737	11.6643	-5.87993	67.0334	
0.930656	0.03461	-0.364254	0.0282588	0.985744	0.165862	0.364802	-0.164654	0.916411	12.0186	-6.0409	67.9347	
0.927543	0.036006	-0.371977	0.0288924	0.98546	0.167434	0.372597	-0.166049	0.913017	12.3806	-6.20325	68.8328	
0.924365	0.0374138	-0.379671	0.0295394	0.985173	0.169	0.380364	-0.167433	0.909554	12.7502	-6.36696	69.7275	
0.914961	0.0413646	-0.401417	0.0275622	0.986004	0.164427	0.4026	-0.161509	0.901015	13.1346	-6.52844	70.6164	
0.905026	0.045172	-0.422951	0.0254732	0.986805	0.1599	0.424593	-0.155487	0.891933	13.5407	-6.68407	71.4966	
0.894565	0.0488335	-0.444261	0.0232738	0.987574	0.155419	0.446331	-0.149372	0.882313	13.9683	-6.83373	72.3677	
0.883586	0.0523472	-0.465334	0.0209653	0.988313	0.150988	0.4678	-0.143167	0.872162	14.4171	-6.97735	73.229	
0.872094	0.0557107	-0.486156	0.0185491	0.98902	0.14661	0.488986	-0.136876	0.861486	14.8868	-7.11483	74.0801	
0.860097	0.0589221	-0.506716	0.0160266	0.989696	0.142287	0.509879	-0.130502	0.85029	15.3772	-7.2461	74.9205	
0.847602	0.0619794	-0.527001	0.0133994	0.990338	0.138022	0.530464	-0.12405	0.838582	15.8879	-7.37107	75.7496	
0.834616	0.0648809	-0.546998	0.010669	0.990949	0.133818	0.550729	-0.117522	0.826369	16.4187	-7.48966	76.567	
0.821147	0.0676247	-0.566696	0.00783706	0.991525	0.129676	0.570663	-0.110924	0.813658	16.9692	-7.60181	77.3721	
0.807204	0.0702092	-0.586083	0.00490533	0.992069	0.1256	0.590252	-0.10426	0.800457	17.5391	-7.70746	78.1646	
0.792794	0.0726329	-0.605146	0.00187557	0.992578	0.121592	0.609487	-0.0975322	0.786774	18.1281	-7.80652	78.9438	
0.777927	0.0748942	-0.623876	-0.00125042	0.993054	0.117654	0.628354	-0.0907458	0.772617	18.7358	-7.89895	79.7093	
0.762611	0.0769919	-0.642259	-0.00447074	0.993495	0.113788	0.646842	-0.0839048	0.757994	19.3619	-7.9847	80.4608	
0.746855	0.0789247	-0.660286	-0.00778346	0.993901	0.109998	0.664941	-0.0770133	0.742915	20.0059	-8.0637	81.1976	
0.73067	0.0806913	-0.677946	-0.0111866	0.994273	0.106285	0.682639	-0.0700753	0.727388	20.6674	-8.13591	81.9194	
0.714064	0.0822908	-0.695227	-0.014678	0.994609	0.102651	0.699926	-0.0630952	0.711423	21.3462	-8.20129	82.6258	
0.697048	0.0837221	-0.71212	-0.0182558	0.99491	0.0990997	0.716792	-0.056077	0.695029	22.0417	-8.25979	83.3163	
0.679633	0.0849845	-0.728613	-0.0219176	0.995175	0.0956318	0.733225	-0.049025	0.678216	22.7536	-8.31139	83.9904	
0.661827	0.0860771	-0.744698	-0.0256613	0.995405	0.0922498	0.749217	-0.0419435	0.660995	23.4814	-8.35605	84.6479	
0.643643	0.0869992	-0.760365	-0.0294846	0.995599	0.0889558	0.764757	-0.0348368	0.643376	24.2246	-8.39374	85.2883	
0.625092	0.0877505	-0.775603	-0.0333852	0.995757	0.0857517	0.779837	-0.027709	0.625369	24.9829	-8.42445	85.9111	
0.606183	0.0883303	-0.790405	-0.0373609	0.995879	0.0826396	0.794447	-0.0205646	0.606985	25.7558	-8.44815	86.5161	
0.58693	0.0887383	-0.80476	-0.0414091	0.995965	0.0796212	0.808578	-0.0134077	0.588236	26.5428	-8.46483	87.1029	
0.567343	0.0889743	-0.818661	-0.0455274	0.996014	0.0766985	0.822222	-0.00624283	0.569132	27.3434	-8.47447	87.6711	
0.547434	0.0890382	-0.832099	-0.0497134	0.996028	0.0738731	0.835371	0.000925845	0.549686	28.1571	-8.47708	88.2204	
0.527215	0.0889298	-0.845065	-0.0539646	0.996005	0.0711467	0.848016	0.00809396	0.529908	28.9836	-8.47265	88.7504	
