1	0	0	0	1	0	0	0	1	0	0	0	
1	3.39047e-11	9.63831e-06	3.39047e-11	1	-7.0354e-06	-9.63831e-06	7.0354e-06	1	-4.49301e-06	3.27964e-06	0.932323	
1	1.48272e-10	2.01548e-05	1.483e-10	1	-1.47147e-05	-2.01548e-05	1.47147e-05	1	-1.83814e-05	1.34187e-05	1.86465	
1	3.63349e-10	3.15489e-05	3.63468e-10	1	-2.30378e-05	-3.15489e-05	2.30378e-05	1	-4.24837e-05	3.10175e-05	2.79697	
1	7.01056e-10	4.38196e-05	7.01378e-10	1	-3.20047e-05	-4.38196e-05	3.20047e-05	1	-7.76176e-05	5.66761e-05	3.72929	
1	1.18499e-09	5.69664e-05	1.18568e-09	1	-4.16152e-05	-5.69664e-05	4.16152e-05	1	-0.0001246	9.09949e-05	4.66162	
1	1.8404e-09	7.09883e-05	1.84171e-09	1	-5.18693e-05	-7.09883e-05	5.18693e-05	1	-0.000184248	0.000134574	5.59394	
1	2.69422e-09	8.58844e-05	2.69646e-09	1	-6.27667e-05	-8.58844e-05	6.27667e-05	1	-0.000257376	0.000188013	6.52626	
1	3.77502e-09	0.000101654	3.77862e-09	1	-7.43073e-05	-0.000101654	7.43073e-05	1	-0.000344799	0.000251911	7.45859	
1	5.11301e-09	0.000118296	5.1185e-09	1	-8.64909e-05	-0.000118296	8.64909e-05	1	-0.000447331	0.000326869	8.39091	
1	6.74008e-09	0.000135809	6.74812e-09	1	-9.93172e-05	-0.000135809	9.93172e-05	1	-0.000565785	0.000413486	9.32323	
1	8.68972e-09	0.000154193	8.7011e-09	1	-0.000112786	-0.000154193	0.000112786	1	-0.000700973	0.00051236	10.2556	
1	1.0997e-08	0.000173446	1.10127e-08	1	-0.000126897	-0.000173446	0.000126897	1	-0.000853706	0.000624091	11.1879	
1	1.36988e-08	0.000193568	1.372e-08	1	-0.000141649	-0.000193568	0.000141649	1	-0.00102479	0.000749277	12.1202	
1	1.68334e-08	0.000214557	1.68613e-08	1	-0.000157044	-0.000214557	0.000157044	1	-0.00121505	0.000888516	13.0525	
1	2.04408e-08	0.000236411	2.0477e-08	1	-0.000173079	-0.000236411	0.000173079	1	-0.00142527	0.00104241	13.9848	
1	2.45625e-08	0.000259131	2.46089e-08	1	-0.000189755	-0.000259131	0.000189755	1	-0.00165627	0.00121155	14.9172	
1	2.92417e-08	0.000282714	2.93002e-08	1	-0.000207071	-0.000282714	0.000207071	1	-0.00190886	0.00139653	15.8495	
1	3.45231e-08	0.00030716	3.45961e-08	1	-0.000225027	-0.00030716	0.000225027	1	-0.00218384	0.00159796	16.7818	
1	4.0453e-08	0.000332466	4.05431e-08	1	-0.000243622	-0.000332466	0.000243622	1	-0.00248201	0.00181642	17.7141	
1	4.70793e-08	0.000358632	4.71894e-08	1	-0.000262856	-0.000358632	0.000262856	1	-0.00280417	0.00205253	18.6465	
1	5.44514e-08	0.000385656	5.45847e-08	1	-0.000282728	-0.000385656	0.000282728	1	-0.00315113	0.00230686	19.5788	
1	6.26201e-08	0.000413538	6.27804e-08	1	-0.000303238	-0.000413538	0.000303238	1	-0.00352368	0.00258001	20.5111	
1	7.1638e-08	0.000442274	7.18292e-08	1	-0.000324385	-0.000442274	0.000324385	1	-0.00392263	0.00287259	21.4434	
1	8.1559e-08	0.000471865	8.17857e-08	1	-0.000346168	-0.000471865	0.000346168	1	-0.00434877	0.00318517	22.3758	
1	9.24386e-08	0.000502308	9.27057e-08	1	-0.000368587	-0.000502308	0.000368587	1	-0.00480289	0.00351836	23.3081	
1	1.04334e-07	0.000533601	1.04647e-07	1	-0.000391641	-0.000533601	0.000391641	1	-0.00528579	0.00387275	24.2404	
1	1.17303e-07	0.000565744	1.17667e-07	1	-0.00041533	-0.000565744	0.00041533	1	-0.00579826	0.00424893	25.1727	
1	1.31406e-07	0.000598735	1.31829e-07	1	-0.000439652	-0.000598735	0.000439652	1	-0.0063411	0.00464749	26.105	
1	1.46705e-07	0.000632571	1.47192e-07	1	-0.000464607	-0.000632571	0.000464607	1	-0.00691508	0.00506902	27.0374	
1	1.63261e-07	0.000667252	1.63821e-07	1	-0.000490193	-0.000667252	0.000490193	1	-0.00752101	0.00551411	27.9697	
1	1.8114e-07	0.000702775	1.81781e-07	1	-0.000516411	-0.000702775	0.000516411	1	-0.00815966	0.00598335	28.902	
1	2.00407e-07	0.000739138	2.01137e-07	1	-0.00054326	-0.000739138	0.00054326	1	-0.00883183	0.00647733	29.8343	
1	2.21128e-07	0.000776341	2.21958e-07	1	-0.000570737	-0.000776341	0.000570737	1	-0.00953829	0.00699663	30.7667	
1	2.43374e-07	0.000814381	2.44313e-07	1	-0.000598844	-0.000814381	0.000598844	0.999999	-0.0102798	0.00754185	31.699	
1	2.67212e-07	0.000853255	2.68272e-07	1	-0.000627578	-0.000853255	0.000627578	0.999999	-0.0110572	0.00811356	32.6313	
1	2.92715e-07	0.000892963	2.93907e-07	1	-0.000656938	-0.000892963	0.000656938	0.999999	-0.0118712	0.00871235	33.5636	
1	3.19954e-07	0.000933502	3.21291e-07	1	-0.000686924	-0.000933502	0.000686924	0.999999	-0.0127227	0.00933881	34.496	
1	3.49004e-07	0.000974871	3.505e-07	1	-0.000717535	-0.000974871	0.000717535	0.999999	-0.0136123	0.00999351	35.4283	
0.999999	3.7994e-07	0.00101707	3.81608e-07	1	-0.00074877	-0.00101707	0.00074877	0.999999	-0.0145408	0.010677	36.3606	
0.999999	4.12838e-07	0.00106009	4.14694e-07	1	-0.000780627	-0.00106009	0.000780627	0.999999	-0.0155091	0.01139	37.2929	
0.999999	4.47776e-07	0.00110393	4.49836e-07	1	-0.000813105	-0.00110393	0.000813105	0.999999	-0.0165179	0.0121329	38.2252	
0.999999	4.84832e-07	0.0011486	4.87114e-07	1	-0.000846204	-0.0011486	0.000846204	0.999999	-0.0175679	0.0129064	39.1576	
0.999999	5.24087e-07	0.00119408	5.26609e-07	1	-0.000879921	-0.00119408	0.000879921	0.999999	-0.01866	0.0137111	40.0899	
0.999999	5.65622e-07	0.00124038	5.68403e-07	1	-0.000914257	-0.00124038	0.000914257	0.999999	-0.0197949	0.0145475	41.0222	
0.999999	6.0952e-07	0.00128749	6.12581e-07	1	-0.000949209	-0.00128749	0.000949209	0.999999	-0.0209733	0.0154161	41.9545	
0.999999	6.55865e-07	0.00133542	6.59227e-07	1	-0.000984777	-0.00133542	0.000984777	0.999999	-0.022196	0.0163177	42.8869	
0.999999	7.04741e-07	0.00138416	7.08427e-07	0.999999	-0.00102096	-0.00138416	0.00102096	0.999999	-0.0234637	0.0172527	43.8192	
0.999999	7.56234e-07	0.0014337	7.60269e-07	0.999999	-0.00105775	-0.0014337	0.00105775	0.999998	-0.0247773	0.0182217	44.7515	
0.999999	8.10433e-07	0.00148405	8.1484e-07	0.999999	-0.00109516	-0.00148405	0.00109516	0.999998	-0.0261374	0.0192253	45.6838	
0.999999	8.67424e-07	0.0015352	8.72232e-07	0.999999	-0.00113318	-0.0015352	0.00113318	0.999998	-0.0275449	0.0202641	46.6161	
0.999999	9.27297e-07	0.00158715	9.32534e-07	0.999999	-0.0011718	-0.00158715	0.0011718	0.999998	-0.0290004	0.0213386	47.5485	
0.999999	9.90144e-07	0.0016399	9.95838e-07	0.999999	-0.00121104	-0.0016399	0.00121104	0.999998	-0.0305047	0.0224494	48.4808	
0.999999	1.05605e-06	0.00169344	1.06224e-06	0.999999	-0.00125088	-0.00169344	0.00125088	0.999998	-0.0320586	0.023597	49.4131	
0.999998	1.12512e-06	0.00174778	1.13183e-06	0.999999	-0.00129132	-0.00174778	0.00129132	0.999998	-0.0336628	0.0247821	50.3454	
0.999998	1.19744e-06	0.00180291	1.2047e-06	0.999999	-0.00133237	-0.00180291	0.00133237	0.999997	-0.035318	0.0260052	51.2777	
0.999998	1.2731e-06	0.00185882	1.28095e-06	0.999999	-0.00137402	-0.00185882	0.00137402	0.999997	-0.0370249	0.0272668	52.2101	
0.999998	1.35221e-06	0.00191552	1.36068e-06	0.999999	-0.00141627	-0.00191552	0.00141627	0.999997	-0.0387844	0.0285675	53.1424	
0.999998	1.43485e-06	0.001973	1.44399e-06	0.999999	-0.00145911	-0.001973	0.00145911	0.999997	-0.0405971	0.0299079	54.0747	
0.999998	1.52112e-06	0.00203126	1.53097e-06	0.999999	-0.00150256	-0.00203126	0.00150256	0.999997	-0.0424637	0.0312885	55.007	
0.999998	1.61113e-06	0.0020903	1.62173e-06	0.999999	-0.0015466	-0.0020903	0.0015466	0.999997	-0.044385	0.0327099	55.9394	
0.999998	1.70497e-06	0.00215011	1.71636e-06	0.999999	-0.00159123	-0.00215011	0.00159123	0.999996	-0.0463617	0.0341726	56.8717	
1	-5.47598e-06	-0.000786688	2.88061e-06	0.999995	-0.00329907	0.000786702	0.00329907	0.999994	-0.0469973	0.0364523	57.804	
0.999993	-1.76698e-05	-0.00372254	-9.71696e-07	0.999987	-0.00500766	0.00372259	0.00500763	0.999981	-0.0448952	0.0403246	58.7363	
0.999978	-3.48751e-05	-0.00665738	-9.84353e-06	0.999977	-0.006717	0.00665747	0.00671692	0.999955	-0.0400565	0.0457901	59.6686	
0.999954	-5.70906e-05	-0.00959112	-2.3738e-05	0.999964	-0.00842711	0.00959126	0.00842695	0.999918	-0.0324819	0.0528496	60.6009	
0.999922	-8.43146e-05	-0.0125237	-4.26582e-05	0.999949	-0.010138	0.0125239	0.0101377	0.99987	-0.0221727	0.0615038	61.5331	
0.999881	-0.000116545	-0.015455	-6.66076e-05	0.99993	-0.0118497	0.0154553	0.0118493	0.99981	-0.00912982	0.0717533	62.4653	
0.999831	-0.000153781	-0.018385	-9.55896e-05	0.999908	-0.0135621	0.0183854	0.0135616	0.999739	0.00664544	0.0835989	63.3974	
0.999773	-0.000196019	-0.0213136	-0.000129608	0.999883	-0.0152754	0.0213141	0.0152747	0.999656	0.0251519	0.0970412	64.3294	
0.999706	-0.000243256	-0.0242408	-0.000168665	0.999856	-0.0169894	0.0242414	0.0169885	0.999562	0.0463881	0.112081	65.2614	
0.999631	-0.000295492	-0.0271664	-0.000212766	0.999825	-0.0187043	0.0271671	0.0187032	0.999456	0.0703528	0.128719	66.1932	
0.999547	-0.000352722	-0.0300903	-0.000261915	0.999791	-0.02042	0.0300913	0.0204186	0.999339	0.0970445	0.146956	67.125	
0.999455	-0.000414944	-0.0330126	-0.000316114	0.999755	-0.0221365	0.0330137	0.0221349	0.99921	0.126462	0.166793	68.0567	
0.999354	-0.000482154	-0.0359332	-0.000375369	0.999715	-0.0238538	0.0359344	0.0238519	0.999069	0.158603	0.18823	68.9882	
0.999245	-0.00055435	-0.0388518	-0.000439683	0.999673	-0.025572	0.0388533	0.0255698	0.998918	0.193466	0.211269	69.9196	
0.999127	-0.000631528	-0.0417686	-0.00050906	0.999627	-0.027291	0.0417703	0.0272885	0.998755	0.23105	0.235909	70.8508	
0.999001	-0.000713684	-0.0446834	-0.000583505	0.999579	-0.0290109	0.0446853	0.029008	0.99858	0.271352	0.262153	71.7819	
0.997883	-0.00141986	-0.0650196	-0.00120399	0.999187	-0.0402977	0.065024	0.0402907	0.99707	0.322496	0.294459	72.7122	
0.996351	-0.00235575	-0.0853196	-0.00205433	0.998668	-0.0515644	0.0853274	0.0515515	0.995018	0.392588	0.337274	73.6409	
0.994405	-0.00352087	-0.105572	-0.00313408	0.998021	-0.0628048	0.105584	0.0627843	0.992426	0.481587	0.390575	74.5674	
0.992048	-0.00491457	-0.125767	-0.00444263	0.997247	-0.0740129	0.125784	0.073983	0.989295	0.589447	0.454334	75.4913	
0.989279	-0.00653609	-0.145892	-0.00597929	0.996347	-0.0851825	0.145915	0.0851416	0.985627	0.716109	0.528515	76.4119	
0.986101	-0.00838456	-0.165936	-0.00774321	0.995322	-0.0963075	0.165967	0.0962538	0.981422	0.861503	0.613078	77.3289	
0.982515	-0.010459	-0.18589	-0.00973343	0.99417	-0.107382	0.185929	0.107314	0.976685	1.02555	0.707978	78.2418	
0.978523	-0.0127582	-0.205742	-0.0119489	0.992894	-0.1184	0.20579	0.118315	0.971417	1.20816	0.813163	79.1499	
0.974128	-0.015281	-0.225481	-0.0143884	0.991494	-0.129355	0.225539	0.129253	0.965622	1.40924	0.928575	80.053	
0.969331	-0.018026	-0.245096	-0.0170505	0.98997	-0.140242	0.245166	0.14012	0.959302	1.62868	1.05415	80.9503	
0.964136	-0.0209917	-0.264578	-0.019934	0.988324	-0.151054	0.264659	0.150911	0.952461	1.86635	1.18983	81.8416	
0.958545	-0.0241764	-0.283914	-0.0230371	0.986557	-0.161787	0.284009	0.16162	0.945102	2.12213	1.33552	82.7262	
0.952561	-0.0275786	-0.303096	-0.0263582	0.984669	-0.172432	0.303204	0.172242	0.93723	2.39588	1.49116	83.6037	
0.946188	-0.0311963	-0.322112	-0.0298955	0.982661	-0.182987	0.322235	0.182769	0.928849	2.68745	1.65666	84.4736	
0.939428	-0.0350275	-0.340952	-0.0336471	0.980534	-0.193443	0.341091	0.193198	0.919963	2.99668	1.83193	85.3355	
0.932286	-0.0390701	-0.359605	-0.0376109	0.978291	-0.203796	0.359761	0.203521	0.910577	3.3234	2.01688	86.1889	
0.924766	-0.0433221	-0.378063	-0.0417848	0.975931	-0.21404	0.378236	0.213734	0.900697	3.66744	2.21139	87.0332	
0.916871	-0.047781	-0.396314	-0.0461665	0.973456	-0.224169	0.396505	0.223831	0.890328	4.02861	2.41538	87.8682	
0.908606	-0.0524444	-0.414348	-0.0507536	0.970868	-0.234179	0.414559	0.233806	0.879475	4.40672	2.62872	88.6932	
0.899975	-0.0573099	-0.432157	-0.0555437	0.968167	-0.244063	0.432388	0.243654	0.868144	4.80155	2.8513	89.5079	
0.890984	-0.0623747	-0.44973	-0.0605342	0.965356	-0.253816	0.449982	0.25337	0.856341	5.2129	3.08301	90.3119	
0.881636	-0.0676362	-0.467058	-0.0657222	0.962436	-0.263433	0.467331	0.262948	0.844073	5.64053	3.32371	91.1046	
