1	0	0	0	1	0	0	0	1	0	0	0	
0.99999	-5.31346e-06	-0.00455624	-5.31346e-06	0.999997	-0.00233237	0.00455624	0.00233237	0.999987	0.00205952	0.00105428	0.904036	
0.999958	-2.12543e-05	-0.00911162	-2.12626e-05	0.999989	-0.00466611	0.00911162	0.00466611	0.999948	0.00823768	0.00421774	1.80805	
0.999907	-4.78251e-05	-0.013666	-4.78581e-05	0.999975	-0.00700114	0.013666	0.00700114	0.999882	0.0185336	0.00949158	2.71201	
0.999834	-8.50282e-05	-0.0182193	-8.51105e-05	0.999956	-0.00933741	0.0182193	0.00933741	0.99979	0.0329465	0.016877	3.61591	
0.999741	-0.000132865	-0.0227713	-0.00013303	0.999932	-0.0116749	0.0227713	0.0116749	0.999673	0.0514751	0.026375	4.51971	
0.999627	-0.000191338	-0.027322	-0.000191627	0.999902	-0.0140134	0.027322	0.0140134	0.999528	0.0741183	0.0379866	5.42339	
0.999492	-0.000260449	-0.0318712	-0.00026091	0.999866	-0.016353	0.0318712	0.016353	0.999358	0.100875	0.0517129	6.32693	
0.999337	-0.000340197	-0.0364188	-0.000340889	0.999825	-0.0186936	0.0364188	0.0186936	0.999162	0.131743	0.0675547	7.2303	
0.999161	-0.000430585	-0.0409647	-0.000431572	0.999779	-0.0210352	0.0409647	0.0210352	0.998939	0.166722	0.085513	8.13349	
0.998964	-0.000531612	-0.0455088	-0.00053297	0.999727	-0.0233775	0.0455088	0.0233776	0.99869	0.20581	0.105588	9.03646	
0.998746	-0.000643278	-0.0500509	-0.000645089	0.999669	-0.0257207	0.0500509	0.0257208	0.998415	0.249005	0.127782	9.93919	
0.998509	-0.000765584	-0.0545909	-0.000767938	0.999606	-0.0280646	0.0545909	0.0280647	0.998114	0.296306	0.152094	10.8417	
0.99825	-0.000898529	-0.0591288	-0.000901524	0.999537	-0.0304092	0.0591287	0.0304093	0.997787	0.347709	0.178526	11.7439	
0.997971	-0.00104211	-0.0636643	-0.00104586	0.999463	-0.0327544	0.0636642	0.0327545	0.997434	0.403214	0.207077	12.6457	
0.997671	-0.00119633	-0.0681974	-0.00120094	0.999383	-0.0351002	0.0681973	0.0351003	0.997054	0.462818	0.237749	13.5473	
0.997351	-0.00136119	-0.0727279	-0.00136678	0.999298	-0.0374464	0.0727278	0.0374466	0.996649	0.52652	0.270542	14.4485	
0.99701	-0.00153668	-0.0772557	-0.00154339	0.999207	-0.039793	0.0772556	0.0397933	0.996217	0.594315	0.305456	15.3493	
0.996649	-0.0017228	-0.0817807	-0.00173077	0.99911	-0.04214	0.0817806	0.0421403	0.995759	0.666203	0.342491	16.2497	
0.996267	-0.00191956	-0.0863029	-0.00192893	0.999008	-0.0444873	0.0863026	0.0444877	0.995275	0.74218	0.381649	17.1497	
0.995865	-0.00212694	-0.0908219	-0.00213787	0.9989	-0.0468348	0.0908217	0.0468353	0.994765	0.822244	0.422929	18.0492	
0.995442	-0.00234494	-0.0953378	-0.0023576	0.998787	-0.0491825	0.0953375	0.0491831	0.994229	0.906392	0.466331	18.9483	
0.994999	-0.00257357	-0.0998505	-0.00258812	0.998668	-0.0515302	0.0998501	0.051531	0.993667	0.994621	0.511856	19.8469	
0.994536	-0.00281281	-0.10436	-0.00282944	0.998544	-0.053878	0.104359	0.0538789	0.993079	1.08693	0.559504	20.7449	
0.994052	-0.00306267	-0.108865	-0.00308157	0.998413	-0.0562258	0.108865	0.0562268	0.992465	1.18331	0.609274	21.6424	
0.993548	-0.00332314	-0.113368	-0.00334449	0.998277	-0.0585735	0.113367	0.0585747	0.991825	1.28376	0.661167	22.5394	
0.993023	-0.00359422	-0.117866	-0.00361823	0.998136	-0.060921	0.117865	0.0609224	0.991159	1.38829	0.715182	23.4357	
0.992478	-0.00387589	-0.12236	-0.00390279	0.997989	-0.0632683	0.122359	0.0632699	0.990467	1.49687	0.771319	24.3315	
0.991913	-0.00416817	-0.126851	-0.00419816	0.997836	-0.0656153	0.12685	0.0656172	0.989749	1.60952	0.829579	25.2266	
0.991328	-0.00447103	-0.131337	-0.00450434	0.997678	-0.0679619	0.131336	0.0679641	0.989005	1.72622	0.889961	26.121	
0.990722	-0.00478448	-0.135819	-0.00482135	0.997514	-0.0703082	0.135818	0.0703107	0.988236	1.84698	0.952464	27.0148	
0.990096	-0.00510851	-0.140297	-0.00514919	0.997344	-0.0726539	0.140296	0.0726568	0.98744	1.97179	1.01709	27.9078	
0.98945	-0.00544311	-0.14477	-0.00548785	0.997168	-0.0749991	0.144769	0.0750024	0.986619	2.10065	1.08383	28.8001	
0.988784	-0.00578828	-0.149239	-0.00583733	0.996987	-0.0773437	0.149237	0.0773474	0.985772	2.23355	1.1527	29.6917	
0.988098	-0.00614401	-0.153703	-0.00619765	0.996801	-0.0796876	0.153701	0.0796918	0.984899	2.37048	1.22368	30.5825	
0.987392	-0.00651029	-0.158162	-0.00656879	0.996608	-0.0820308	0.15816	0.0820354	0.984	2.51145	1.29679	31.4725	
0.986665	-0.00688712	-0.162617	-0.00695076	0.99641	-0.0843731	0.162614	0.0843784	0.983075	2.65644	1.37201	32.3616	
0.985919	-0.00727449	-0.167066	-0.00734356	0.996206	-0.0867146	0.167063	0.0867205	0.982125	2.80546	1.44935	33.2499	
0.985153	-0.00767239	-0.17151	-0.00774719	0.995997	-0.0890552	0.171506	0.0890617	0.981149	2.95851	1.52881	34.1374	
0.984366	-0.00808081	-0.175949	-0.00816165	0.995781	-0.0913947	0.175945	0.0914019	0.980147	3.11556	1.61038	35.0239	
0.98356	-0.00849975	-0.180382	-0.00858694	0.99556	-0.0937332	0.180378	0.0937412	0.97912	3.27663	1.69407	35.9096	
0.982734	-0.00892919	-0.18481	-0.00902306	0.995334	-0.0960706	0.184805	0.0960793	0.978067	3.4417	1.77987	36.7942	
0.981888	-0.00936912	-0.189232	-0.00947	0.995101	-0.0984067	0.189227	0.0984164	0.976989	3.61077	1.86779	37.678	
0.981022	-0.00981954	-0.193648	-0.00992777	0.994863	-0.100742	0.193643	0.100752	0.975885	3.78383	1.95782	38.5607	
0.980136	-0.0102804	-0.198059	-0.0103964	0.994619	-0.103075	0.198053	0.103087	0.974755	3.96089	2.04996	39.4424	
0.979231	-0.0107518	-0.202464	-0.0108758	0.99437	-0.105407	0.202457	0.10542	0.9736	4.14193	2.14421	40.3231	
0.978306	-0.0112336	-0.206862	-0.011366	0.994114	-0.107738	0.206855	0.107752	0.97242	4.32694	2.24056	41.2028	
0.977361	-0.0117259	-0.211254	-0.011867	0.993853	-0.110067	0.211246	0.110082	0.971214	4.51593	2.33903	42.0813	
0.976396	-0.0122286	-0.21564	-0.0123789	0.993587	-0.112395	0.215632	0.112411	0.969983	4.70889	2.4396	42.9588	
0.975412	-0.0127417	-0.22002	-0.0129015	0.993314	-0.114721	0.220011	0.114739	0.968726	4.90581	2.54228	43.8351	
0.974408	-0.0132653	-0.224393	-0.013435	0.993036	-0.117045	0.224383	0.117064	0.967444	5.10669	2.64706	44.7103	
0.973385	-0.0137992	-0.228759	-0.0139792	0.992752	-0.119367	0.228748	0.119388	0.966137	5.31151	2.75394	45.5844	
0.972343	-0.0143435	-0.233118	-0.0145343	0.992462	-0.121688	0.233107	0.121711	0.964805	5.52028	2.86292	46.4572	
0.97128	-0.0148982	-0.237471	-0.0151001	0.992166	-0.124007	0.237458	0.124031	0.963447	5.73299	2.974	47.3288	
0.970199	-0.0154633	-0.241817	-0.0156767	0.991865	-0.126323	0.241803	0.12635	0.962064	5.94962	3.08718	48.1992	
0.969098	-0.0160387	-0.246155	-0.0162641	0.991558	-0.128638	0.24614	0.128666	0.960656	6.17018	3.20245	49.0683	
0.967977	-0.0166245	-0.250486	-0.0168623	0.991246	-0.13095	0.25047	0.130981	0.959223	6.39466	3.31982	49.9361	
0.966838	-0.0172205	-0.25481	-0.0174712	0.990927	-0.133261	0.254793	0.133293	0.957765	6.62305	3.43928	50.8026	
0.965679	-0.0178269	-0.259126	-0.0180909	0.990603	-0.135569	0.259108	0.135604	0.956282	6.85534	3.56082	51.6678	
0.964501	-0.0184436	-0.263435	-0.0187214	0.990273	-0.137875	0.263416	0.137912	0.954774	7.09154	3.68446	52.5316	
0.963303	-0.0190706	-0.267736	-0.0193626	0.989937	-0.140178	0.267715	0.140218	0.95324	7.33162	3.81018	53.3941	
0.962844	-0.0193143	-0.269368	-0.0204941	0.989337	-0.144193	0.269281	0.144356	0.952181	7.57435	3.93881	54.2554	
0.96238	-0.0195655	-0.271001	-0.0216342	0.988719	-0.14821	0.270844	0.148498	0.951101	7.8185	4.07119	55.1157	
0.961913	-0.0198244	-0.272635	-0.0227828	0.988082	-0.15223	0.272404	0.152643	0.949998	8.06406	4.20731	55.9751	
0.961443	-0.0200908	-0.27427	-0.0239398	0.987427	-0.156251	0.273961	0.156792	0.948874	8.31103	4.34718	56.8334	
0.960969	-0.0203648	-0.275905	-0.025105	0.986753	-0.160273	0.275514	0.160944	0.947728	8.5594	4.4908	57.6907	
0.960492	-0.0206464	-0.277541	-0.0262783	0.986061	-0.164295	0.277065	0.165097	0.946561	8.80918	4.63818	58.547	
0.960011	-0.0209355	-0.279177	-0.0274595	0.98535	-0.168317	0.278611	0.169252	0.945373	9.06036	4.78931	59.4021	
0.959527	-0.0212323	-0.280814	-0.0286487	0.984621	-0.172338	0.280154	0.173408	0.944163	9.31293	4.9442	60.2563	
0.95904	-0.0215365	-0.28245	-0.0298455	0.983874	-0.176358	0.281693	0.177564	0.942932	9.5669	5.10285	61.1093	
0.95855	-0.0218484	-0.284086	-0.0310499	0.983108	-0.180376	0.283228	0.18172	0.941679	9.82225	5.26526	61.9611	
0.958057	-0.0221677	-0.285721	-0.0322618	0.982323	-0.184392	0.284757	0.185875	0.940406	10.079	5.43142	62.8119	
0.95756	-0.0224946	-0.287355	-0.0334809	0.981521	-0.188404	0.286283	0.190029	0.939112	10.3371	5.60133	63.6615	
0.957061	-0.0228289	-0.288988	-0.0347071	0.9807	-0.192413	0.287803	0.194181	0.937797	10.5966	5.775	64.5099	
0.956558	-0.0231706	-0.29062	-0.0359404	0.979861	-0.196418	0.289318	0.198331	0.936461	10.8575	5.95243	65.3571	
0.956053	-0.0235198	-0.29225	-0.0371805	0.979005	-0.200419	0.290828	0.202477	0.935105	11.1197	6.1336	66.2031	
0.955544	-0.0238763	-0.293879	-0.0384272	0.97813	-0.204414	0.292332	0.20662	0.933729	11.3833	6.31852	67.0478	
0.955033	-0.0242401	-0.295506	-0.0396805	0.977238	-0.208404	0.293831	0.210759	0.932333	11.6483	6.50718	67.8913	
0.95452	-0.0246113	-0.29713	-0.0409401	0.976328	-0.212388	0.295324	0.214893	0.930916	11.9146	6.69959	68.7335	
0.954003	-0.0249896	-0.298752	-0.0422059	0.9754	-0.216365	0.29681	0.219022	0.92948	12.1822	6.89573	69.5745	
0.959397	-0.0207628	-0.281296	-0.0458332	0.972557	-0.228106	0.278312	0.231737	0.932116	12.4422	7.09949	70.416	
0.964441	-0.0162985	-0.263794	-0.0492263	0.969554	-0.239877	0.259672	0.244333	0.934276	12.6854	7.31469	71.2597	
0.969135	-0.0115992	-0.246256	-0.0523834	0.966394	-0.251673	0.2409	0.256805	0.935959	12.9117	7.54122	72.1051	
0.973476	-0.00666721	-0.228691	-0.0553029	0.963077	-0.263487	0.222004	0.269145	0.937163	13.1209	7.77897	72.9518	
0.977461	-0.00150507	-0.211108	-0.0579834	0.959605	-0.275313	0.202995	0.281348	0.937889	13.3131	8.02782	73.7994	
0.981089	0.00388458	-0.193516	-0.0604235	0.95598	-0.287145	0.183882	0.293408	0.938136	13.4879	8.28763	74.6475	
0.984358	0.009499	-0.175924	-0.0626218	0.952203	-0.298977	0.164676	0.305317	0.937904	13.6455	8.55828	75.4955	
0.987265	0.0153353	-0.158341	-0.0645774	0.948278	-0.310803	0.145385	0.317071	0.937192	13.7857	8.83962	76.3431	
0.98981	0.0213905	-0.140775	-0.0662892	0.944205	-0.322618	0.12602	0.328662	0.936002	13.9084	9.13152	77.1899	
0.991992	0.0276616	-0.123237	-0.0677562	0.939987	-0.334414	0.106591	0.340086	0.934334	14.0135	9.43382	78.0353	
0.993808	0.0341452	-0.105734	-0.0689779	0.935627	-0.346186	0.0871068	0.351336	0.932189	14.1011	9.74637	78.8791	
0.995259	0.0408382	-0.0882756	-0.0699535	0.931125	-0.357928	0.0675785	0.362406	0.929567	14.171	10.069	79.7207	
0.996343	0.0477371	-0.070871	-0.0706825	0.926485	-0.369634	0.0480156	0.373292	0.926471	14.2232	10.4016	80.5597	
0.997059	0.0548383	-0.0535289	-0.0711647	0.921709	-0.381298	0.0284283	0.383986	0.922901	14.2578	10.7439	81.3957	
0.997409	0.0621383	-0.0362582	-0.0713997	0.916799	-0.392914	0.00882642	0.394485	0.91886	14.2746	11.0958	82.2282	
0.99739	0.0696332	-0.0190676	-0.0713873	0.911758	-0.404476	-0.01078	0.404782	0.91435	14.2738	11.4571	83.0569	
0.997004	0.0773194	-0.00196603	-0.0711277	0.906588	-0.415979	-0.0303808	0.414873	0.909372	14.2551	11.8276	83.8813	
0.996251	0.0851928	0.0150378	-0.070621	0.901293	-0.427415	-0.0499662	0.424751	0.90393	14.2188	12.2072	84.701	
0.99513	0.0932494	0.0319353	-0.0698673	0.895874	-0.43878	-0.069526	0.434412	0.898027	14.1648	12.5955	85.5155	
0.993643	0.101485	0.0487178	-0.0688672	0.890335	-0.450068	-0.0890503	0.443852	0.891664	14.0931	12.9925	86.3245	
