1	0	0	0	1	0	0	0	1	0	0	0	
1	1.01307e-06	-0.00093029	1.01307e-06	0.999998	0.00217796	0.00093029	-0.00217796	0.999997	0.000481355	-0.00112693	1.03485	
0.999998	4.06194e-06	-0.00186283	4.06163e-06	0.99999	0.00436085	0.00186283	-0.00436085	0.999989	0.00192658	-0.00451028	2.06969	
0.999996	9.16076e-06	-0.00279757	9.1595e-06	0.999979	0.00654855	0.00279757	-0.00654855	0.999975	0.00433799	-0.0101551	3.10452	
0.999993	1.63233e-05	-0.00373446	1.63202e-05	0.999962	0.00874096	0.00373446	-0.00874096	0.999955	0.00771782	-0.0180662	4.13933	
0.999989	2.55631e-05	-0.00467346	2.55568e-05	0.99994	0.0109379	0.00467346	-0.0109379	0.999929	0.0120683	-0.0282486	5.17412	
0.999984	3.68932e-05	-0.00561452	3.68821e-05	0.999914	0.0131394	0.00561452	-0.0131394	0.999898	0.0173915	-0.0407068	6.20888	
0.999978	5.03264e-05	-0.0065576	5.03086e-05	0.999882	0.0153452	0.0065576	-0.0153452	0.999861	0.0236897	-0.0554455	7.2436	
0.999972	6.58751e-05	-0.00750264	6.58482e-05	0.999846	0.0175553	0.00750264	-0.0175553	0.999818	0.0309648	-0.072469	8.27829	
0.999964	8.35512e-05	-0.00844959	8.35128e-05	0.999805	0.0197696	0.00844959	-0.0197696	0.999769	0.0392189	-0.0917818	9.31292	
0.999956	0.000103367	-0.00939842	0.000103314	0.999758	0.0219878	0.00939842	-0.0219878	0.999714	0.0484539	-0.113388	10.3475	
0.999946	0.000125332	-0.0103491	0.000125262	0.999707	0.02421	0.0103491	-0.02421	0.999653	0.0586717	-0.137292	11.382	
0.999936	0.00014946	-0.0113015	0.000149368	0.99965	0.0264359	0.0113015	-0.0264359	0.999587	0.0698742	-0.163497	12.4165	
0.999925	0.000175759	-0.0122556	0.000175641	0.999589	0.0286656	0.0122556	-0.0286656	0.999514	0.0820633	-0.192008	13.4509	
0.999913	0.000204241	-0.0132115	0.000204093	0.999522	0.0308988	0.0132115	-0.0308988	0.999435	0.0952406	-0.222828	14.4852	
0.9999	0.000234914	-0.0141689	0.000234733	0.999451	0.0331355	0.0141689	-0.0331355	0.99935	0.109408	-0.255961	15.5194	
0.999886	0.000267789	-0.015128	0.000267569	0.999374	0.0353756	0.015128	-0.0353756	0.99926	0.124567	-0.291411	16.5535	
0.999871	0.000302875	-0.0160885	0.00030261	0.999292	0.0376188	0.0160885	-0.0376188	0.999163	0.140719	-0.32918	17.5876	
0.999855	0.000340181	-0.0170506	0.000339865	0.999205	0.0398652	0.0170506	-0.0398652	0.99906	0.157866	-0.369272	18.6215	
0.999838	0.000379713	-0.0180141	0.000379341	0.999113	0.0421146	0.0180141	-0.0421146	0.99895	0.176009	-0.41169	19.6553	
0.99982	0.000421482	-0.018979	0.000421047	0.999015	0.0443669	0.018979	-0.0443669	0.998835	0.19515	-0.456438	20.689	
0.999801	0.000465494	-0.0199452	0.000464989	0.998912	0.046622	0.0199452	-0.046622	0.998713	0.215291	-0.503518	21.7226	
0.999781	0.000511756	-0.0209127	0.000511175	0.998805	0.0488797	0.0209127	-0.0488797	0.998586	0.236432	-0.552933	22.756	
0.99976	0.000560275	-0.0218815	0.00055961	0.998691	0.05114	0.0218815	-0.05114	0.998452	0.258574	-0.604685	23.7894	
0.999739	0.000611058	-0.0228514	0.000610301	0.998573	0.0534027	0.0228514	-0.0534027	0.998312	0.28172	-0.658778	24.8225	
0.999716	0.00066411	-0.0238225	0.000663254	0.998449	0.0556678	0.0238225	-0.0556678	0.998165	0.30587	-0.715214	25.8556	
0.999692	0.000719438	-0.0247947	0.000718473	0.99832	0.057935	0.0247947	-0.057935	0.998012	0.331026	-0.773995	26.8884	
0.999668	0.000777047	-0.0257679	0.000775964	0.998186	0.0602044	0.025768	-0.0602044	0.997853	0.357189	-0.835123	27.9211	
0.999642	0.00083694	-0.0267422	0.000835731	0.998046	0.0624757	0.0267422	-0.0624757	0.997688	0.384359	-0.898601	28.9537	
0.999615	0.000899124	-0.0277174	0.000897778	0.997901	0.0647489	0.0277174	-0.0647489	0.997517	0.412537	-0.96443	29.986	
0.999588	0.000963601	-0.0286935	0.000962109	0.997751	0.0670238	0.0286935	-0.0670238	0.997339	0.441726	-1.03261	31.0182	
0.999559	0.00103038	-0.0296704	0.00102873	0.997595	0.0693004	0.0296705	-0.0693004	0.997155	0.471925	-1.10315	32.0502	
0.99953	0.00109945	-0.0306482	0.00109764	0.997434	0.0715785	0.0306482	-0.0715785	0.996964	0.503135	-1.17604	33.082	
0.999499	0.00117083	-0.0316267	0.00116884	0.997268	0.073858	0.0316268	-0.0738579	0.996767	0.535358	-1.2513	34.1136	
0.999468	0.00124452	-0.0326059	0.00124233	0.997096	0.0761388	0.032606	-0.0761387	0.996564	0.568593	-1.32891	35.145	
0.999435	0.00132051	-0.0335858	0.00131812	0.996919	0.0784207	0.0335859	-0.0784207	0.996354	0.602843	-1.40888	36.1762	
0.999401	0.00139881	-0.0345662	0.00139621	0.996737	0.0807038	0.0345663	-0.0807037	0.996139	0.638106	-1.49122	37.2072	
0.999367	0.00147943	-0.0355473	0.0014766	0.996549	0.0829877	0.0355474	-0.0829877	0.995916	0.674385	-1.57591	38.2379	
0.999331	0.00156235	-0.0365288	0.00155929	0.996356	0.0852726	0.036529	-0.0852725	0.995688	0.711679	-1.66298	39.2684	
0.999295	0.00164759	-0.0375108	0.00164428	0.996158	0.0875581	0.037511	-0.087558	0.995453	0.749989	-1.7524	40.2987	
0.999257	0.00173514	-0.0384933	0.00173156	0.995954	0.0898442	0.0384934	-0.0898442	0.995212	0.789316	-1.84419	41.3287	
0.999219	0.001825	-0.0394761	0.00182115	0.995745	0.0921309	0.0394762	-0.0921308	0.994964	0.829659	-1.93835	42.3585	
0.999179	0.00191718	-0.0404592	0.00191303	0.995531	0.0944179	0.0404593	-0.0944178	0.99471	0.87102	-2.03488	43.388	
0.999139	0.00201166	-0.0414425	0.0020072	0.995311	0.0967051	0.0414427	-0.096705	0.99445	0.913398	-2.13377	44.4172	
0.999097	0.00210845	-0.0424261	0.00210367	0.995086	0.0989925	0.0424263	-0.0989924	0.994183	0.956794	-2.23503	45.4462	
0.999055	0.00220755	-0.0434098	0.00220244	0.994856	0.10128	0.0434101	-0.10128	0.99391	1.00121	-2.33865	46.4749	
0.999011	0.00230895	-0.0443937	0.00230349	0.99462	0.103567	0.044394	-0.103567	0.993631	1.04664	-2.44465	47.5033	
0.998967	0.00241266	-0.0453777	0.00240682	0.994379	0.105855	0.045378	-0.105854	0.993346	1.09309	-2.55301	48.5314	
0.998922	0.00251866	-0.0463616	0.00251244	0.994132	0.108141	0.046362	-0.108141	0.993054	1.14056	-2.66373	49.5592	
0.998875	0.00262696	-0.0473455	0.00262033	0.993881	0.110428	0.0473459	-0.110428	0.992756	1.18904	-2.77683	50.5867	
0.998828	0.00273754	-0.0483294	0.0027305	0.993624	0.112714	0.0483298	-0.112714	0.992451	1.23855	-2.89229	51.6139	
0.998779	0.00285042	-0.0493131	0.00284294	0.993362	0.114999	0.0493136	-0.114999	0.992141	1.28907	-3.01011	52.6408	
0.99873	0.00296557	-0.0502967	0.00295764	0.993094	0.117284	0.0502971	-0.117283	0.991824	1.34061	-3.1303	53.6673	
0.99868	0.003083	-0.05128	0.0030746	0.992821	0.119567	0.0512805	-0.119567	0.991501	1.39317	-3.25285	54.6936	
0.998628	0.0032027	-0.0522631	0.00319381	0.992543	0.12185	0.0522636	-0.12185	0.991172	1.44675	-3.37777	55.7194	
0.998576	0.00332467	-0.0532458	0.00331527	0.99226	0.124131	0.0532464	-0.124131	0.990836	1.50134	-3.50504	56.745	
0.998523	0.00344889	-0.0542282	0.00343896	0.991972	0.126412	0.0542288	-0.126412	0.990495	1.55695	-3.63468	57.7702	
0.998468	0.00357536	-0.0552101	0.00356489	0.991678	0.128691	0.0552108	-0.128691	0.990147	1.61358	-3.76667	58.795	
0.998413	0.00370408	-0.0561916	0.00369304	0.99138	0.130968	0.0561923	-0.130968	0.989793	1.67122	-3.90103	59.8195	
0.998357	0.00383503	-0.0571726	0.00382341	0.991076	0.133245	0.0571733	-0.133244	0.989433	1.72988	-4.03774	60.8436	
0.9983	0.00396821	-0.058153	0.00395598	0.990767	0.135519	0.0581538	-0.135519	0.989067	1.78955	-4.1768	61.8673	
0.998242	0.00410361	-0.0591328	0.00409075	0.990453	0.137792	0.0591336	-0.137791	0.988695	1.85024	-4.31822	62.8906	
0.998183	0.00424122	-0.0601119	0.00422772	0.990134	0.140062	0.0601128	-0.140062	0.988316	1.91194	-4.46199	63.9136	
0.998123	0.00438103	-0.0610903	0.00436686	0.989809	0.142331	0.0610913	-0.142331	0.987932	1.97466	-4.6081	64.9362	
0.998062	0.00452303	-0.062068	0.00450817	0.98948	0.144598	0.0620691	-0.144597	0.987542	2.03838	-4.75657	65.9583	
0.998	0.00466721	-0.0630448	0.00465165	0.989146	0.146862	0.063046	-0.146862	0.987146	2.10312	-4.90738	66.9801	
0.998173	0.00425104	-0.060268	0.00478455	0.988827	0.14899	0.060228	-0.149007	0.987	2.1669	-5.06047	68.0015	
0.998339	0.00382879	-0.0574912	0.00491133	0.988504	0.151118	0.0574089	-0.151149	0.986843	2.22777	-5.21577	69.0229	
0.998496	0.00340044	-0.0547145	0.00503196	0.988176	0.153243	0.0545886	-0.153288	0.986673	2.28572	-5.3733	70.044	
0.998646	0.00296603	-0.0519379	0.00514644	0.987843	0.155367	0.0517673	-0.155424	0.98649	2.34075	-5.53303	71.065	
0.99965	-0.00104127	-0.0264159	0.00511078	0.987986	0.154461	0.0259377	-0.154542	0.987646	2.38096	-5.69343	72.0865	
0.999987	-0.00502443	-0.00087259	0.00509883	0.988127	0.153555	9.07051e-05	-0.153557	0.98814	2.39443	-5.85285	73.1089	
0.999655	-0.00898079	0.024675	0.00511061	0.988267	0.152648	-0.0257564	-0.152469	0.987973	2.38115	-6.01121	74.1314	
0.998655	-0.0129077	0.0502096	0.00514611	0.988407	0.151741	-0.0515862	-0.151279	0.987144	2.34113	-6.16838	75.1534	
0.996988	-0.0168025	0.0757143	0.00520529	0.988545	0.150836	-0.0773815	-0.149987	0.985655	2.27439	-6.32427	76.1743	
0.994654	-0.0206627	0.101172	0.00528813	0.988682	0.149932	-0.103125	-0.148596	0.983506	2.18099	-6.47878	77.1932	
0.991656	-0.0244855	0.126566	0.00539456	0.988818	0.149031	-0.128799	-0.147105	0.980699	2.06098	-6.63179	78.2096	
0.987995	-0.0282686	0.151878	0.00552452	0.988952	0.148132	-0.154388	-0.145515	0.977236	1.91445	-6.7832	79.2227	
0.983674	-0.0320092	0.177093	0.00567791	0.989085	0.147237	-0.179873	-0.143828	0.973118	1.74148	-6.93292	80.232	
0.978695	-0.0357051	0.202192	0.00585464	0.989216	0.146346	-0.205237	-0.142045	0.96835	1.5422	-7.08085	81.2366	
0.973062	-0.0393535	0.22716	0.00605459	0.989346	0.14546	-0.230464	-0.140166	0.962933	1.31675	-7.22688	82.2359	
0.966779	-0.0429522	0.25198	0.00627762	0.989473	0.144579	-0.255537	-0.138194	0.956871	1.06527	-7.37092	83.2293	
0.95985	-0.0464987	0.276635	0.00652359	0.989599	0.143704	-0.280439	-0.136129	0.95017	0.787924	-7.51287	84.2161	
0.952279	-0.0499907	0.301108	0.00679232	0.989723	0.142835	-0.305154	-0.133974	0.942832	0.484907	-7.65264	85.1957	
0.944072	-0.0534257	0.325383	0.00708365	0.989845	0.141973	-0.329664	-0.131728	0.934863	0.156418	-7.79012	86.1673	
0.935234	-0.0568016	0.349444	0.00739736	0.989965	0.141119	-0.353953	-0.129395	0.926269	-0.197321	-7.92524	87.1303	
0.925771	-0.060116	0.373275	0.00773327	0.990083	0.140273	-0.378005	-0.126974	0.917055	-0.576075	-8.0579	88.0842	
0.91569	-0.0633667	0.396859	0.00809113	0.990198	0.139436	-0.401805	-0.124469	0.907227	-0.979591	-8.18801	89.0282	
0.904996	-0.0665515	0.420182	0.00847071	0.990311	0.138608	-0.425335	-0.121881	0.896791	-1.4076	-8.31549	89.9617	
0.893698	-0.0696684	0.443227	0.00887176	0.990422	0.13779	-0.448581	-0.119211	0.885756	-1.85981	-8.44024	90.884	
0.881803	-0.0727152	0.465979	0.00929401	0.99053	0.136983	-0.471527	-0.116461	0.874128	-2.33592	-8.56219	91.7947	
0.869318	-0.0756899	0.488423	0.00973717	0.990635	0.136186	-0.494157	-0.113633	0.861914	-2.83562	-8.68125	92.693	
0.856253	-0.0785905	0.510544	0.010201	0.990738	0.135401	-0.516456	-0.110729	0.849124	-3.35856	-8.79735	93.5784	
0.842615	-0.0814151	0.532326	0.010685	0.990839	0.134628	-0.53841	-0.107751	0.835766	-3.90441	-8.9104	94.4502	
0.828415	-0.0841617	0.553756	0.0111891	0.990936	0.133867	-0.560004	-0.104701	0.821848	-4.47278	-9.02034	95.308	
0.813661	-0.0868286	0.574819	0.0117128	0.991031	0.133119	-0.581222	-0.101581	0.80738	-5.06331	-9.12708	96.151	
0.798363	-0.0894139	0.595501	0.0122559	0.991123	0.132385	-0.602052	-0.098393	0.792372	-5.6756	-9.23056	96.9788	
0.782532	-0.0919159	0.615788	0.0128178	0.991211	0.131665	-0.622478	-0.095139	0.776833	-6.30924	-9.3307	97.7908	
0.766178	-0.0943329	0.635666	0.0133983	0.991297	0.130959	-0.642488	-0.0918214	0.760774	-6.9638	-9.42744	98.5865	
0.749313	-0.0966634	0.655123	0.013997	0.99138	0.130269	-0.662068	-0.0884423	0.744207	-7.63885	-9.52072	99.3652	
