1	0	0	0	1	0	0	0	1	0	0	0	
1	1.796e-07	0.000751865	1.796e-07	1	-0.000477746	-0.000751865	0.000477746	1	-0.000315935	0.00020075	0.840404	
0.999999	7.17346e-07	0.00150269	7.17229e-07	1	-0.000954673	-0.00150269	0.000954673	0.999998	-0.0012633	0.000802655	1.68081	
0.999997	1.61159e-06	0.00225244	1.61113e-06	0.999999	-0.00143076	-0.00225244	0.00143076	0.999996	-0.00284122	0.00180502	2.52121	
0.999995	2.86065e-06	0.0030011	2.85948e-06	0.999998	-0.00190601	-0.0030011	0.00190601	0.999994	-0.00504876	0.00320714	3.36161	
0.999993	4.46278e-06	0.00374864	4.46045e-06	0.999997	-0.00238038	-0.00374864	0.00238038	0.99999	-0.00788502	0.00500829	4.20201	
0.99999	6.4162e-06	0.00449503	6.41212e-06	0.999996	-0.00285387	-0.00449503	0.00285387	0.999986	-0.011349	0.00720773	5.0424	
0.999986	8.71909e-06	0.00524024	8.71257e-06	0.999994	-0.00332647	-0.00524024	0.00332647	0.999981	-0.0154398	0.00980472	5.88279	
0.999982	1.13696e-05	0.00598426	1.13598e-05	0.999993	-0.00379814	-0.00598426	0.00379814	0.999975	-0.0201564	0.0127985	6.72318	
0.999977	1.43657e-05	0.00672706	1.43518e-05	0.999991	-0.00426889	-0.00672706	0.00426889	0.999968	-0.0254977	0.0161883	7.56356	
0.999972	1.77056e-05	0.0074686	1.76865e-05	0.999989	-0.00473869	-0.0074686	0.00473869	0.999961	-0.0314627	0.0199733	8.40393	
0.999966	2.13872e-05	0.00820887	2.13618e-05	0.999986	-0.00520753	-0.00820887	0.00520753	0.999953	-0.0380504	0.0241527	9.2443	
0.99996	2.54085e-05	0.00894784	2.53755e-05	0.999984	-0.0056754	-0.00894784	0.0056754	0.999944	-0.0452597	0.0287257	10.0847	
0.999953	2.97673e-05	0.00968547	2.97254e-05	0.999981	-0.00614226	-0.00968547	0.00614226	0.999934	-0.0530895	0.0336916	10.925	
0.999946	3.44616e-05	0.0104218	3.44093e-05	0.999978	-0.00660812	-0.0104218	0.00660812	0.999924	-0.0615386	0.0390493	11.7654	
0.999938	3.94892e-05	0.0111567	3.94249e-05	0.999975	-0.00707296	-0.0111567	0.00707296	0.999913	-0.0706059	0.0447981	12.6057	
0.999929	4.48478e-05	0.0118902	4.47699e-05	0.999972	-0.00753675	-0.0118902	0.00753675	0.999901	-0.0802902	0.0509371	13.446	
0.99992	5.05352e-05	0.0126222	5.04419e-05	0.999968	-0.00799949	-0.0126222	0.00799949	0.999888	-0.0905904	0.0574655	14.2863	
0.999911	5.65491e-05	0.0133529	5.64385e-05	0.999964	-0.00846116	-0.0133529	0.00846116	0.999875	-0.101505	0.0643823	15.1266	
0.999901	6.28872e-05	0.014082	6.27573e-05	0.99996	-0.00892174	-0.014082	0.00892174	0.999861	-0.113033	0.0716866	15.9669	
0.99989	6.9547e-05	0.0148096	6.93958e-05	0.999956	-0.00938121	-0.0148096	0.00938121	0.999846	-0.125174	0.0793776	16.8072	
0.999879	7.65262e-05	0.0155357	7.63515e-05	0.999952	-0.00983957	-0.0155357	0.00983957	0.999831	-0.137925	0.0874542	17.6475	
0.999868	8.38223e-05	0.0162602	8.36217e-05	0.999947	-0.0102968	-0.0162602	0.0102968	0.999815	-0.151286	0.0959155	18.4877	
0.999856	9.14328e-05	0.0169832	9.1204e-05	0.999942	-0.0107529	-0.0169832	0.0107529	0.999798	-0.165254	0.104761	19.328	
0.999843	9.93551e-05	0.0177046	9.90957e-05	0.999937	-0.0112078	-0.0177046	0.0112078	0.99978	-0.17983	0.113989	20.1682	
0.99983	0.000107587	0.0184243	0.000107294	0.999932	-0.0116615	-0.0184243	0.0116615	0.999762	-0.195012	0.123598	21.0084	
0.999817	0.000116125	0.0191423	0.000115796	0.999927	-0.0121141	-0.0191423	0.0121141	0.999743	-0.210797	0.133589	21.8486	
0.999803	0.000124967	0.0198587	0.0001246	0.999921	-0.0125654	-0.0198587	0.0125654	0.999724	-0.227186	0.143959	22.6888	
0.999788	0.000134111	0.0205734	0.000133702	0.999915	-0.0130155	-0.0205734	0.0130155	0.999704	-0.244175	0.154708	23.529	
0.999773	0.000143553	0.0212863	0.0001431	0.999909	-0.0134644	-0.0212863	0.0134644	0.999683	-0.261765	0.165835	24.3691	
0.999758	0.000153291	0.0219975	0.00015279	0.999903	-0.013912	-0.0219975	0.013912	0.999661	-0.279953	0.177339	25.2092	
0.999742	0.000163322	0.0227069	0.000162771	0.999897	-0.0143584	-0.0227069	0.0143584	0.999639	-0.298738	0.189218	26.0493	
0.999726	0.000173643	0.0234145	0.000173038	0.99989	-0.0148034	-0.0234145	0.0148034	0.999616	-0.318118	0.201472	26.8894	
0.999709	0.000184251	0.0241202	0.000183589	0.999884	-0.0152472	-0.0241202	0.0152472	0.999593	-0.338092	0.214099	27.7295	
0.999692	0.000195144	0.0248241	0.000194422	0.999877	-0.0156897	-0.0248241	0.0156896	0.999569	-0.358659	0.227099	28.5696	
0.999674	0.000206318	0.0255261	0.000205532	0.99987	-0.0161308	-0.0255262	0.0161308	0.999544	-0.379816	0.24047	29.4096	
0.999656	0.000217771	0.0262263	0.000216918	0.999863	-0.0165706	-0.0262263	0.0165706	0.999519	-0.401562	0.254211	30.2496	
0.999637	0.000229499	0.0269244	0.000228575	0.999855	-0.017009	-0.0269245	0.017009	0.999493	-0.423896	0.268321	31.0896	
0.999618	0.0002415	0.0276207	0.000240501	0.999848	-0.0174461	-0.0276207	0.017446	0.999466	-0.446816	0.2828	31.9296	
0.999599	0.00025377	0.0283149	0.000252692	0.99984	-0.0178817	-0.0283149	0.0178817	0.999439	-0.470321	0.297644	32.7695	
0.999579	0.000266306	0.0290072	0.000265146	0.999832	-0.018316	-0.0290072	0.018316	0.999411	-0.494408	0.312855	33.6094	
0.999559	0.000279105	0.0296974	0.000277859	0.999824	-0.0187489	-0.0296974	0.0187489	0.999383	-0.519075	0.328429	34.4493	
0.999538	0.000292164	0.0303856	0.000290828	0.999816	-0.0191803	-0.0303856	0.0191803	0.999354	-0.544322	0.344367	35.2892	
0.999517	0.00030548	0.0310716	0.00030405	0.999808	-0.0196103	-0.0310717	0.0196103	0.999325	-0.570147	0.360667	36.129	
0.999496	0.000319049	0.0317556	0.000317521	0.999799	-0.0200388	-0.0317557	0.0200388	0.999295	-0.596547	0.377328	36.9689	
0.999474	0.000332868	0.0324375	0.000331238	0.99979	-0.0204659	-0.0324375	0.0204659	0.999264	-0.623521	0.394348	37.8087	
0.999451	0.000346934	0.0331172	0.000345198	0.999782	-0.0208915	-0.0331172	0.0208914	0.999233	-0.651067	0.411726	38.6484	
0.999429	0.000361244	0.0337948	0.000359397	0.999773	-0.0213155	-0.0337948	0.0213155	0.999201	-0.679184	0.429462	39.4882	
0.999406	0.000375794	0.0344701	0.000373832	0.999764	-0.0217381	-0.0344702	0.0217381	0.999169	-0.707869	0.447553	40.3279	
0.999382	0.000390581	0.0351433	0.000388499	0.999754	-0.0221591	-0.0351433	0.0221591	0.999137	-0.737121	0.465999	41.1676	
0.999358	0.000405602	0.0358142	0.000403396	0.999745	-0.0225786	-0.0358142	0.0225786	0.999103	-0.766937	0.484798	42.0073	
0.999334	0.000420852	0.0364828	0.000418518	0.999735	-0.0229966	-0.0364828	0.0229965	0.99907	-0.797317	0.503948	42.8469	
0.99931	0.000436329	0.0371491	0.000433861	0.999726	-0.023413	-0.0371492	0.0234129	0.999035	-0.828257	0.52345	43.6865	
0.999285	0.000452029	0.0378132	0.000449424	0.999716	-0.0238278	-0.0378132	0.0238277	0.999001	-0.859756	0.5433	44.5261	
0.999259	0.000467949	0.0384749	0.000465201	0.999706	-0.024241	-0.0384749	0.0242409	0.998965	-0.891813	0.563499	45.3656	
0.999234	0.000484084	0.0391342	0.000481189	0.999696	-0.0246525	-0.0391342	0.0246525	0.99893	-0.924424	0.584044	46.2051	
0.999208	0.000500432	0.0397912	0.000497385	0.999686	-0.0250625	-0.0397912	0.0250624	0.998894	-0.957589	0.604934	47.0446	
0.999182	0.000516989	0.0404457	0.000513785	0.999675	-0.0254708	-0.0404458	0.0254708	0.998857	-0.991304	0.626168	47.8841	
0.999181	0.000517474	0.0404658	0.000407911	0.999739	-0.0228567	-0.040467	0.0228545	0.998919	-1.0253	0.646475	48.7236	
0.99918	0.000517881	0.0404846	0.000301909	0.999795	-0.0202407	-0.0404868	0.0202363	0.998975	-1.05932	0.664582	49.5631	
0.999179	0.000518217	0.0405024	0.000195785	0.999845	-0.0176227	-0.0405052	0.0176162	0.999024	-1.09335	0.680487	50.4026	
0.999179	0.000518487	0.0405189	8.95449e-05	0.999887	-0.0150029	-0.0405221	0.0149942	0.999066	-1.1274	0.69419	51.2423	
0.999178	0.000518697	0.0405343	-1.68065e-05	0.999923	-0.0123813	-0.0405376	0.0123704	0.999101	-1.16146	0.705689	52.0819	
0.999177	0.000518854	0.0405484	-0.000123264	0.999952	-0.00975789	-0.0405516	0.00974486	0.99913	-1.19554	0.714982	52.9215	
0.999177	0.000518964	0.0405614	-0.000229822	0.999975	-0.00713283	-0.0405641	0.00711764	0.999152	-1.22962	0.722067	53.7612	
0.999176	0.000519032	0.0405732	-0.000336475	0.99999	-0.00450614	-0.0405751	0.00448878	0.999166	-1.26372	0.726944	54.6009	
0.999176	0.000519066	0.0405837	-0.000443219	0.999998	-0.00187787	-0.0405846	0.00185833	0.999174	-1.29782	0.729612	55.4406	
0.999176	0.000519071	0.0405931	-0.000550047	1	0.000751929	-0.0405927	-0.000773638	0.999175	-1.33193	0.730067	56.2803	
0.999175	0.000519054	0.0406012	-0.000656954	0.999994	0.0033832	-0.0405992	-0.00340708	0.99917	-1.36605	0.728311	57.1201	
0.999175	0.000519021	0.0406081	-0.000763935	0.999982	0.00601589	-0.0406042	-0.00604195	0.999157	-1.40017	0.72434	57.9598	
0.999175	0.00051898	0.0406137	-0.000870985	0.999962	0.00864994	-0.0406077	-0.00867818	0.999137	-1.4343	0.718155	58.7994	
0.999175	0.000518935	0.0406181	-0.000978097	0.999936	0.0112853	-0.0406096	-0.0113157	0.999111	-1.46842	0.709753	59.6391	
0.999174	0.000518896	0.0406213	-0.00108527	0.999902	0.0139219	-0.0406101	-0.0139545	0.999078	-1.50255	0.699135	60.4788	
0.999174	0.000518866	0.0406232	-0.00119249	0.999862	0.0165597	-0.040609	-0.0165945	0.999037	-1.53668	0.686298	61.3184	
0.999174	0.000518855	0.0406238	-0.00129976	0.999815	0.0191987	-0.0406063	-0.0192357	0.99899	-1.57081	0.671242	62.1579	
0.999174	0.000518867	0.0406232	-0.00140707	0.999761	0.0218388	-0.0406022	-0.0218779	0.998936	-1.60493	0.653966	62.9975	
0.999174	0.000518911	0.0406213	-0.00151441	0.999699	0.0244799	-0.0405964	-0.0245212	0.998875	-1.63905	0.634469	63.837	
0.999175	0.000518992	0.0406182	-0.00162178	0.999631	0.027122	-0.0405891	-0.0271654	0.998807	-1.67317	0.61275	64.6764	
0.999175	0.000519118	0.0406138	-0.00172918	0.999555	0.029765	-0.0405803	-0.0298106	0.998731	-1.70727	0.588809	65.5158	
0.999175	0.000519296	0.0406081	-0.0018366	0.999473	0.0324089	-0.0405698	-0.0324567	0.998649	-1.74137	0.562644	66.3551	
0.999175	0.000519532	0.0406011	-0.00194403	0.999384	0.0350536	-0.0405579	-0.0351036	0.99856	-1.77546	0.534255	67.1943	
0.999176	0.000519833	0.0405928	-0.00205146	0.999287	0.037699	-0.0405443	-0.0377512	0.998464	-1.80954	0.503641	68.0335	
0.999176	0.000520207	0.0405833	-0.0021589	0.999183	0.0403452	-0.0405292	-0.0403996	0.998361	-1.84361	0.470802	68.8725	
0.999176	0.000520661	0.0405724	-0.00226634	0.999073	0.0429921	-0.0405124	-0.0430486	0.998251	-1.87766	0.435737	69.7115	
0.999177	0.0005212	0.0405603	-0.00237376	0.998955	0.0456395	-0.0404941	-0.0456982	0.998134	-1.9117	0.398445	70.5504	
0.999178	0.000521833	0.0405469	-0.00248117	0.99883	0.0482875	-0.0404742	-0.0483484	0.99801	-1.94573	0.358926	71.3892	
0.999339	0.000768023	0.0363578	-0.0032706	0.997624	0.0688227	-0.0362186	-0.0688961	0.996966	-1.97795	0.309658	72.2275	
0.999482	0.00110044	0.0321741	-0.00397226	0.995994	0.0893319	-0.0319469	-0.0894134	0.995482	-2.0066	0.243134	73.0648	
0.999607	0.00151894	0.0279975	-0.00458583	0.993942	0.109806	-0.0276611	-0.109891	0.993559	-2.03165	0.159383	73.9006	
0.999714	0.00202334	0.0238299	-0.00511105	0.99147	0.130236	-0.0233631	-0.13032	0.991197	-2.05309	0.0584415	74.7346	
0.999803	0.00261341	0.0196731	-0.00554767	0.988577	0.150613	-0.0190548	-0.150692	0.988397	-2.07091	-0.059645	75.5665	
0.999874	0.00328889	0.015529	-0.00589552	0.985266	0.170927	-0.0147381	-0.170997	0.985161	-2.08511	-0.194825	76.3958	
0.999927	0.00404949	0.0113995	-0.00615443	0.981537	0.191171	-0.0104149	-0.191227	0.981491	-2.09568	-0.347038	77.2222	
0.999961	0.00489488	0.00728621	-0.00632429	0.977393	0.211335	-0.00608703	-0.211373	0.977387	-2.10262	-0.516217	78.0454	
0.999978	0.00582466	0.00319109	-0.00640503	0.972835	0.231409	-0.00175653	-0.231425	0.972851	-2.10591	-0.702289	78.8649	
0.999976	0.00683844	-0.000884071	-0.00639661	0.967866	0.251386	0.00257475	-0.251375	0.967886	-2.10557	-0.905169	79.6804	
0.999956	0.00793578	-0.00493749	-0.00629903	0.962486	0.271257	0.0069049	-0.271214	0.962494	-2.10158	-1.12477	80.4916	
0.999918	0.00911617	-0.00896737	-0.00611234	0.9567	0.291011	0.011232	-0.290933	0.956678	-2.09396	-1.36099	81.2981	
0.999862	0.0103791	-0.0129719	-0.00583661	0.950509	0.310642	0.0155541	-0.310524	0.950438	-2.08271	-1.61374	82.0995	
0.999788	0.011724	-0.0169494	-0.00547198	0.943916	0.33014	0.0198694	-0.329977	0.94378	-2.06782	-1.88289	82.8955	
