1	0	0	0	1	0	0	0	1	0	0	0	
1	1.3897e-07	-0.000124772	1.3897e-07	0.999998	0.00222759	0.000124772	-0.00222759	0.999998	5.00033e-05	-0.000892722	0.801514	
1	5.60628e-07	-0.000250848	5.58494e-07	0.99999	0.00446134	0.000250848	-0.00446134	0.99999	0.000200536	-0.00357336	1.60302	
1	1.27158e-06	-0.000378228	1.26302e-06	0.999978	0.00670119	0.000378228	-0.00670119	0.999977	0.000452643	-0.00804683	2.40453	
1	2.27848e-06	-0.000506915	2.25702e-06	0.99996	0.00894707	0.000506915	-0.00894707	0.99996	0.000807371	-0.014318	3.20602	
1	3.58797e-06	-0.000636909	3.54493e-06	0.999937	0.0111989	0.000636909	-0.0111989	0.999937	0.00126577	-0.0223917	4.00749	
1	5.20676e-06	-0.000768211	5.13124e-06	0.999909	0.0134566	0.000768211	-0.0134566	0.999909	0.00182888	-0.0322725	4.80895	
1	7.14155e-06	-0.000900822	7.02039e-06	0.999876	0.0157201	0.000900823	-0.0157201	0.999876	0.00249776	-0.0439654	5.61038	
0.999999	9.39908e-06	-0.00103474	9.21686e-06	0.999838	0.0179894	0.00103474	-0.0179894	0.999838	0.00327345	-0.0574747	6.41178	
0.999999	1.19861e-05	-0.00116997	1.17251e-05	0.999795	0.0202643	0.00116998	-0.0202643	0.999794	0.00415701	-0.0728052	7.21314	
0.999999	1.49094e-05	-0.00130652	1.45496e-05	0.999746	0.0225449	0.00130652	-0.0225449	0.999745	0.00514949	-0.0899613	8.01447	
0.999999	1.81758e-05	-0.00144437	1.76949e-05	0.999692	0.0248309	0.00144438	-0.0248309	0.999691	0.00625193	-0.108948	8.81576	
0.999999	2.17921e-05	-0.00158354	2.11653e-05	0.999632	0.0271224	0.00158355	-0.0271224	0.999631	0.0074654	-0.129768	9.61701	
0.999999	2.57652e-05	-0.00172402	2.49653e-05	0.999567	0.0294193	0.00172403	-0.0294193	0.999566	0.00879093	-0.152428	10.4182	
0.999998	3.01018e-05	-0.00186581	2.90995e-05	0.999497	0.0317215	0.00186582	-0.0317215	0.999495	0.0102296	-0.17693	11.2193	
0.999998	3.48089e-05	-0.00200891	3.35723e-05	0.999421	0.0340289	0.00200893	-0.0340289	0.999419	0.0117824	-0.20328	12.0204	
0.999998	3.98934e-05	-0.00215333	3.83881e-05	0.999339	0.0363414	0.00215335	-0.0363414	0.999337	0.0134505	-0.231482	12.8214	
0.999997	4.53621e-05	-0.00229906	4.35513e-05	0.999252	0.0386591	0.00229909	-0.0386591	0.99925	0.0152349	-0.261539	13.6224	
0.999997	5.1222e-05	-0.0024461	4.90665e-05	0.99916	0.0409818	0.00244614	-0.0409817	0.999157	0.0171365	-0.293456	14.4233	
0.999997	5.748e-05	-0.00259445	5.4938e-05	0.999062	0.0433094	0.0025945	-0.0433093	0.999058	0.0191566	-0.327236	15.2241	
0.999996	6.4143e-05	-0.00274411	6.11704e-05	0.998958	0.0456418	0.00274418	-0.0456418	0.998954	0.0212961	-0.362884	16.0248	
0.999996	7.1218e-05	-0.00289509	6.7768e-05	0.998848	0.0479791	0.00289517	-0.0479791	0.998844	0.0235562	-0.400403	16.8254	
0.999995	7.87119e-05	-0.00304737	7.47352e-05	0.998733	0.050321	0.00304747	-0.050321	0.998728	0.0259377	-0.439798	17.626	
0.999995	8.66318e-05	-0.00320097	8.20764e-05	0.998612	0.0526677	0.00320109	-0.0526677	0.998607	0.0284419	-0.481071	18.4264	
0.999994	9.49845e-05	-0.00335587	8.97962e-05	0.998485	0.0550189	0.00335602	-0.0550188	0.99848	0.0310697	-0.524227	19.2268	
0.999994	0.000103777	-0.00351208	9.78988e-05	0.998353	0.0573745	0.00351225	-0.0573745	0.998347	0.0338222	-0.56927	20.027	
0.999993	0.000113016	-0.0036696	0.000106389	0.998214	0.0597346	0.0036698	-0.0597346	0.998208	0.0367005	-0.616202	20.8271	
0.999993	0.000122709	-0.00382843	0.00011527	0.99807	0.0620991	0.00382866	-0.0620991	0.998063	0.0397055	-0.665028	21.6272	
0.999992	0.000132863	-0.00398856	0.000124547	0.99792	0.0644678	0.00398882	-0.0644678	0.997912	0.0428384	-0.715751	22.4271	
0.999991	0.000143485	-0.00414999	0.000134225	0.997764	0.0668407	0.0041503	-0.0668407	0.997755	0.0461003	-0.768374	23.2268	
0.999991	0.000154582	-0.00431272	0.000144308	0.997602	0.0692178	0.00431308	-0.0692178	0.997592	0.049492	-0.8229	24.0265	
0.99999	0.00016616	-0.00447675	0.000154799	0.997433	0.0715989	0.00447716	-0.0715989	0.997423	0.0530148	-0.879333	24.826	
0.999989	0.000178227	-0.00464209	0.000165704	0.997259	0.073984	0.00464255	-0.0739839	0.997249	0.0566696	-0.937677	25.6254	
0.999988	0.000190789	-0.00480872	0.000177026	0.997079	0.0763729	0.00480924	-0.0763729	0.997068	0.0604575	-0.997933	26.4246	
0.999988	0.000203855	-0.00497664	0.00018877	0.996893	0.0787658	0.00497723	-0.0787657	0.996881	0.0643795	-1.06011	27.2237	
0.999987	0.000217429	-0.00514586	0.00020094	0.996701	0.0811623	0.00514653	-0.0811623	0.996688	0.0684366	-1.1242	28.0226	
0.999986	0.000231521	-0.00531636	0.000213541	0.996503	0.0835625	0.00531712	-0.0835625	0.996488	0.07263	-1.19021	28.8214	
0.999985	0.000246136	-0.00548816	0.000226576	0.996298	0.0859664	0.005489	-0.0859663	0.996283	0.0769607	-1.25815	29.62	
0.999984	0.000261282	-0.00566125	0.00024005	0.996087	0.0883737	0.00566219	-0.0883737	0.996071	0.0814296	-1.32802	30.4185	
0.999983	0.000276965	-0.00583562	0.000253967	0.995871	0.0907846	0.00583666	-0.0907845	0.995853	0.0860378	-1.39982	31.2168	
0.999982	0.000293192	-0.00601127	0.000268331	0.995647	0.0931988	0.00601243	-0.0931987	0.995629	0.0907865	-1.47355	32.0149	
0.999981	0.000309971	-0.0061882	0.000283147	0.995418	0.0956163	0.00618948	-0.0956162	0.995399	0.0956765	-1.54922	32.8128	
0.99998	0.000327308	-0.0063664	0.000298418	0.995183	0.098037	0.00636782	-0.0980369	0.995162	0.100709	-1.62683	33.6105	
0.999979	0.00034521	-0.00654588	0.000314148	0.994941	0.100461	0.00654745	-0.100461	0.994919	0.105885	-1.70638	34.4081	
0.999977	0.000363684	-0.00672664	0.000330342	0.994693	0.102888	0.00672836	-0.102888	0.99467	0.111205	-1.78787	35.2054	
0.999976	0.000382737	-0.00690866	0.000347004	0.994439	0.105318	0.00691055	-0.105318	0.994415	0.116671	-1.87131	36.0026	
0.999975	0.000402376	-0.00709194	0.000364138	0.994178	0.107751	0.00709401	-0.107751	0.994153	0.122284	-1.9567	36.7995	
0.999973	0.000422607	-0.00727649	0.000381748	0.993911	0.110186	0.00727875	-0.110186	0.993884	0.128044	-2.04404	37.5962	
0.999972	0.000443437	-0.0074623	0.000399837	0.993637	0.112625	0.00746477	-0.112625	0.99361	0.133952	-2.13334	38.3927	
0.999971	0.000464873	-0.00764937	0.00041841	0.993358	0.115066	0.00765205	-0.115066	0.993328	0.14001	-2.22458	39.189	
0.999969	0.000486923	-0.00783768	0.000437471	0.993072	0.11751	0.0078406	-0.11751	0.993041	0.146219	-2.31779	39.9851	
0.999968	0.000509591	-0.00802725	0.000457023	0.992779	0.119956	0.00803041	-0.119956	0.992747	0.152579	-2.41296	40.7809	
0.999966	0.000532887	-0.00821806	0.000477071	0.99248	0.122405	0.00822149	-0.122405	0.992446	0.159093	-2.51009	41.5765	
0.999964	0.000556815	-0.00841011	0.000497618	0.992175	0.124857	0.00841382	-0.124856	0.992139	0.165759	-2.60918	42.3718	
0.999963	0.000581382	-0.0086034	0.000518669	0.991863	0.12731	0.00860741	-0.12731	0.991826	0.172581	-2.71023	43.1669	
0.999961	0.000606596	-0.00879793	0.000540227	0.991544	0.129766	0.00880225	-0.129766	0.991506	0.179558	-2.81326	43.9617	
0.99993	0.00100255	-0.0117844	0.000574753	0.991104	0.133086	0.011813	-0.133084	0.991034	0.187819	-2.9186	44.7562	
0.99989	0.00140845	-0.014769	0.000619475	0.990652	0.136414	0.0148231	-0.136408	0.990542	0.198494	-3.0266	45.5504	
0.999841	0.00182432	-0.0177517	0.000674435	0.990187	0.139747	0.0178324	-0.139737	0.990028	0.211581	-3.13727	46.3441	
0.999783	0.00225015	-0.0207323	0.000739676	0.98971	0.143086	0.020841	-0.14307	0.989493	0.22708	-3.2506	47.1374	
0.999715	0.00268598	-0.023711	0.000815234	0.989221	0.146431	0.0238487	-0.146409	0.988937	0.24499	-3.36662	47.9303	
0.999639	0.00313181	-0.0266875	0.000901148	0.988719	0.149782	0.0268555	-0.149752	0.988359	0.26531	-3.4853	48.7227	
0.999554	0.00358765	-0.0296619	0.000997451	0.988204	0.153137	0.0298615	-0.153098	0.98776	0.288039	-3.60667	49.5146	
0.999459	0.00405352	-0.0326342	0.00110417	0.987678	0.156497	0.0328664	-0.156448	0.987139	0.313178	-3.73073	50.3061	
0.999356	0.00452942	-0.0356042	0.00122135	0.987139	0.159861	0.0358703	-0.159802	0.986497	0.340725	-3.85747	51.0971	
0.999243	0.00501537	-0.0385719	0.001349	0.986587	0.16323	0.0388732	-0.163158	0.985834	0.370679	-3.9869	51.8875	
0.999122	0.00551138	-0.0415373	0.00148714	0.986023	0.166602	0.0418749	-0.166517	0.985149	0.40304	-4.11902	52.6774	
0.998991	0.00601745	-0.0445003	0.00163581	0.985447	0.169977	0.0448755	-0.169879	0.984443	0.437805	-4.25383	53.4667	
0.998852	0.00653359	-0.0474609	0.00179503	0.984858	0.173356	0.0478749	-0.173242	0.983715	0.474976	-4.39134	54.2555	
0.998703	0.00705981	-0.0504191	0.0019648	0.984256	0.176737	0.050873	-0.176607	0.982966	0.51455	-4.53154	55.0436	
0.998546	0.00759611	-0.0533747	0.00214514	0.983642	0.18012	0.0538698	-0.179973	0.982195	0.556527	-4.67445	55.8312	
0.998379	0.00814251	-0.0563278	0.00233607	0.983016	0.183506	0.0568653	-0.18334	0.981403	0.600905	-4.82005	56.6181	
0.998204	0.008699	-0.0592783	0.00253759	0.982377	0.186893	0.0598594	-0.186708	0.98059	0.647683	-4.96835	57.4044	
0.998019	0.00926559	-0.0622262	0.00274972	0.981726	0.190282	0.0628521	-0.190076	0.979755	0.696861	-5.11935	58.19	
0.997826	0.00984228	-0.0651714	0.00297245	0.981062	0.193672	0.0658433	-0.193445	0.978899	0.748436	-5.27304	58.975	
0.997623	0.0104291	-0.0681138	0.00320579	0.980386	0.197063	0.068833	-0.196813	0.978022	0.802409	-5.42944	59.7592	
0.997412	0.011026	-0.0710536	0.00344974	0.979697	0.200454	0.0718212	-0.20018	0.977123	0.858777	-5.58854	60.5428	
0.997191	0.011633	-0.0739905	0.00370429	0.978996	0.203845	0.0748077	-0.203546	0.976203	0.91754	-5.75034	61.3256	
0.996962	0.0122501	-0.0769245	0.00396945	0.978283	0.207236	0.0777926	-0.206911	0.975262	0.978696	-5.91483	62.1076	
0.996723	0.0128774	-0.0798557	0.00424521	0.977558	0.210626	0.0807759	-0.210275	0.9743	1.04224	-6.08202	62.8889	
0.996476	0.0135147	-0.082784	0.00453155	0.97682	0.214015	0.0837574	-0.213636	0.973316	1.10818	-6.25191	63.6695	
0.99622	0.0141622	-0.0857093	0.00482847	0.97607	0.217404	0.0867372	-0.216996	0.972311	1.17651	-6.42449	64.4492	
0.995954	0.0148198	-0.0886316	0.00513594	0.975308	0.220791	0.0897151	-0.220352	0.971286	1.24722	-6.59976	65.2281	
0.99568	0.0154875	-0.0915508	0.00545396	0.974534	0.224176	0.0926912	-0.223706	0.970239	1.32032	-6.77772	66.0062	
0.995397	0.0161652	-0.094467	0.00578251	0.973747	0.227558	0.0956655	-0.227057	0.969171	1.39581	-6.95837	66.7834	
0.995105	0.0168531	-0.09738	0.00612156	0.972949	0.230939	0.0986378	-0.230404	0.968083	1.47368	-7.1417	67.5598	
0.994803	0.0175511	-0.10029	0.00647109	0.972139	0.234316	0.101608	-0.233748	0.966974	1.55393	-7.32771	68.3353	
0.994493	0.0182592	-0.103197	0.00683107	0.971317	0.237691	0.104577	-0.237087	0.965843	1.63656	-7.5164	69.1099	
0.994174	0.0189773	-0.1061	0.00720149	0.970483	0.241062	0.107543	-0.240422	0.964693	1.72157	-7.70777	69.8835	
0.993846	0.0197055	-0.109	0.00758229	0.969637	0.24443	0.110507	-0.243752	0.963521	1.80895	-7.9018	70.6563	
0.991575	0.0243797	-0.127219	0.00836454	0.968028	0.250704	0.129264	-0.249656	0.959668	1.90505	-8.09955	71.427	
0.988949	0.0291648	-0.145361	0.00926899	0.96638	0.256952	0.147968	-0.25546	0.95543	2.01615	-8.30198	72.1946	
0.985969	0.0340589	-0.163419	0.0102953	0.964694	0.263171	0.166613	-0.261161	0.950808	2.14223	-8.50903	72.9585	
0.982636	0.0390599	-0.181386	0.011443	0.962972	0.269359	0.185191	-0.266757	0.945804	2.28322	-8.7206	73.7186	
0.978952	0.044166	-0.199255	0.0127118	0.961214	0.275512	0.203695	-0.272246	0.94042	2.43907	-8.93662	74.4746	
0.974918	0.0493751	-0.217018	0.014101	0.95942	0.28163	0.222117	-0.277626	0.934659	2.60973	-9.15699	75.2261	
0.970536	0.0546851	-0.234668	0.0156101	0.957591	0.287708	0.24045	-0.282894	0.928523	2.79511	-9.38163	75.9728	
0.965808	0.0600937	-0.252199	0.0172385	0.955728	0.293746	0.258686	-0.288049	0.922014	2.99515	-9.61045	76.7144	
0.960735	0.065599	-0.269603	0.0189855	0.953832	0.299739	0.276818	-0.293088	0.915134	3.20976	-9.84335	77.4507	
0.955319	0.0711986	-0.286873	0.0208506	0.951904	0.305687	0.29484	-0.29801	0.907887	3.43887	-10.0802	78.1813	
