1	0	0	0	1	0	0	0	1	0	0	0	
1	-3.40846e-07	0.000473763	-3.40846e-07	0.999999	0.00143889	-0.000473763	-0.00143889	0.999999	-0.000201589	-0.000612255	0.85101	
1	-1.36578e-06	0.000948416	-1.36543e-06	0.999996	0.00287975	-0.000948416	-0.00287975	0.999995	-0.000806733	-0.00244986	1.70202	
0.999999	-3.07823e-06	0.00142394	-3.07683e-06	0.999991	0.00432252	-0.00142394	-0.00432252	0.99999	-0.00181618	-0.00551446	2.55302	
0.999998	-5.48155e-06	0.00190033	-5.47806e-06	0.999983	0.00576716	-0.00190033	-0.00576716	0.999982	-0.00323068	-0.00980767	3.40402	
0.999997	-8.57902e-06	0.00237756	-8.57202e-06	0.999974	0.00721362	-0.00237756	-0.00721362	0.999971	-0.00505094	-0.0153311	4.25501	
0.999996	-1.23738e-05	0.00285561	-1.23616e-05	0.999962	0.00866185	-0.00285561	-0.00866185	0.999958	-0.00727768	-0.0220862	5.10599	
0.999994	-1.68691e-05	0.00333447	-1.68494e-05	0.999949	0.0101118	-0.00333447	-0.0101118	0.999943	-0.00991159	-0.0300744	5.95696	
0.999993	-2.20677e-05	0.00381413	-2.20382e-05	0.999933	0.0115634	-0.00381413	-0.0115634	0.999926	-0.0129534	-0.0392973	6.80791	
0.999991	-2.79728e-05	0.00429457	-2.79306e-05	0.999915	0.0130166	-0.00429457	-0.0130166	0.999906	-0.0164037	-0.0497563	7.65885	
0.999989	-3.45871e-05	0.00477577	-3.4529e-05	0.999895	0.0144714	-0.00477577	-0.0144714	0.999884	-0.0202631	-0.0614526	8.50977	
0.999986	-4.19134e-05	0.00525771	-4.18358e-05	0.999873	0.0159277	-0.00525771	-0.0159277	0.999859	-0.0245324	-0.0743876	9.36067	
0.999984	-4.99543e-05	0.00574038	-4.98534e-05	0.999849	0.0173855	-0.00574038	-0.0173855	0.999832	-0.0292122	-0.0885625	10.2116	
0.999981	-5.87124e-05	0.00622377	-5.85839e-05	0.999822	0.0188447	-0.00622377	-0.0188447	0.999803	-0.034303	-0.103979	11.0624	
0.999977	-6.81903e-05	0.00670785	-6.80295e-05	0.999794	0.0203052	-0.00670785	-0.0203052	0.999771	-0.0398054	-0.120637	11.9132	
0.999974	-7.83904e-05	0.00719261	-7.81922e-05	0.999763	0.021767	-0.00719261	-0.021767	0.999737	-0.0457202	-0.138539	12.764	
0.999971	-8.93148e-05	0.00767804	-8.90739e-05	0.99973	0.0232302	-0.00767804	-0.0232302	0.999701	-0.0520477	-0.157686	13.6148	
0.999967	-0.000100966	0.00816411	-0.000100677	0.999695	0.0246945	-0.00816412	-0.0246945	0.999662	-0.0587886	-0.178078	14.4655	
0.999963	-0.000113346	0.00865082	-0.000113002	0.999658	0.02616	-0.00865082	-0.02616	0.99962	-0.0659435	-0.199717	15.3163	
0.999958	-0.000126457	0.00913814	-0.000126052	0.999618	0.0276265	-0.00913814	-0.0276265	0.999577	-0.0735128	-0.222603	16.1669	
0.999954	-0.000140301	0.00962605	-0.000139827	0.999577	0.0290942	-0.00962606	-0.0290942	0.99953	-0.081497	-0.246738	17.0176	
0.999949	-0.000154879	0.0101146	-0.000154331	0.999533	0.0305628	-0.0101146	-0.0305628	0.999482	-0.0898968	-0.272122	17.8681	
0.999944	-0.000170194	0.0106036	-0.000169563	0.999487	0.0320324	-0.0106036	-0.0320324	0.999431	-0.0987125	-0.298757	18.7187	
0.999938	-0.000186247	0.0110932	-0.000185525	0.999439	0.0335029	-0.0110932	-0.0335029	0.999377	-0.107945	-0.326643	19.5692	
0.999933	-0.000203039	0.0115834	-0.000202218	0.999388	0.0349743	-0.0115834	-0.0349743	0.999321	-0.117594	-0.35578	20.4196	
0.999927	-0.000220573	0.012074	-0.000219644	0.999336	0.0364464	-0.012074	-0.0364464	0.999263	-0.12766	-0.38617	21.2701	
0.999921	-0.00023885	0.0125652	-0.000237804	0.999281	0.0379193	-0.0125652	-0.0379193	0.999202	-0.138144	-0.417813	22.1204	
0.999915	-0.00025787	0.0130568	-0.000256698	0.999224	0.0393929	-0.0130568	-0.0393929	0.999138	-0.149046	-0.45071	22.9707	
0.999908	-0.000277636	0.0135489	-0.000276327	0.999165	0.0408672	-0.0135489	-0.0408672	0.999073	-0.160367	-0.484861	23.821	
0.999901	-0.000298148	0.0140415	-0.000296693	0.999103	0.042342	-0.0140415	-0.042342	0.999004	-0.172107	-0.520267	24.6712	
0.999894	-0.000319407	0.0145344	-0.000317795	0.99904	0.0438174	-0.0145345	-0.0438174	0.998934	-0.184266	-0.556928	25.5213	
0.999887	-0.000341415	0.0150278	-0.000339634	0.998974	0.0452933	-0.0150279	-0.0452933	0.998861	-0.196845	-0.594845	26.3714	
0.999879	-0.000364172	0.0155216	-0.000362211	0.998906	0.0467696	-0.0155217	-0.0467696	0.998785	-0.209844	-0.634018	27.2214	
0.999872	-0.000387678	0.0160158	-0.000385527	0.998835	0.0482464	-0.0160158	-0.0482463	0.998707	-0.223264	-0.674448	28.0713	
0.999864	-0.000411935	0.0165103	-0.00040958	0.998763	0.0497234	-0.0165104	-0.0497234	0.998627	-0.237104	-0.716135	28.9212	
0.999855	-0.000436943	0.0170052	-0.000434373	0.998688	0.0512008	-0.0170053	-0.0512008	0.998544	-0.251365	-0.759078	29.771	
0.999847	-0.000462703	0.0175004	-0.000459904	0.998611	0.0526784	-0.0175005	-0.0526784	0.998458	-0.266047	-0.803279	30.6207	
0.999838	-0.000489214	0.0179959	-0.000486174	0.998532	0.0541562	-0.017996	-0.0541561	0.99837	-0.281151	-0.848738	31.4704	
0.999829	-0.000516477	0.0184917	-0.000513182	0.998451	0.0556341	-0.0184918	-0.055634	0.99828	-0.296677	-0.895454	32.32	
0.99982	-0.000544493	0.0189878	-0.000540928	0.998368	0.0571121	-0.0189879	-0.0571121	0.998187	-0.312625	-0.943428	33.1695	
0.99981	-0.000573261	0.0194842	-0.000569413	0.998282	0.0585901	-0.0194843	-0.0585901	0.998092	-0.328995	-0.99266	34.0189	
0.9998	-0.000602782	0.0199808	-0.000598636	0.998194	0.0600681	-0.0199809	-0.0600681	0.997994	-0.345788	-1.04315	34.8683	
0.99979	-0.000633054	0.0204776	-0.000628595	0.998104	0.0615461	-0.0204778	-0.0615461	0.997894	-0.363003	-1.0949	35.7175	
0.99978	-0.000664079	0.0209747	-0.000659292	0.998012	0.0630239	-0.0209748	-0.0630239	0.997792	-0.380641	-1.1479	36.5667	
0.999769	-0.000695856	0.0214719	-0.000690724	0.997917	0.0645016	-0.021472	-0.0645016	0.997687	-0.398703	-1.20217	37.4158	
0.999758	-0.000728383	0.0219693	-0.000722892	0.997821	0.0659791	-0.0219695	-0.065979	0.997579	-0.417187	-1.25769	38.2648	
0.999747	-0.000761662	0.0224668	-0.000755793	0.997722	0.0674563	-0.022467	-0.0674562	0.997469	-0.436095	-1.31446	39.1137	
0.999736	-0.00079569	0.0229645	-0.000789429	0.997621	0.0689331	-0.0229648	-0.068933	0.997357	-0.455427	-1.3725	39.9625	
0.999724	-0.000830468	0.0234624	-0.000823796	0.997518	0.0704096	-0.0234626	-0.0704095	0.997242	-0.475182	-1.43179	40.8112	
0.999713	-0.000865995	0.0239603	-0.000858895	0.997413	0.0718857	-0.0239606	-0.0718856	0.997125	-0.49536	-1.49234	41.6598	
0.9997	-0.000902269	0.0244583	-0.000894723	0.997305	0.0733613	-0.0244586	-0.0733612	0.997005	-0.515963	-1.55414	42.5083	
0.999688	-0.000939291	0.0249564	-0.000931281	0.997195	0.0748363	-0.0249567	-0.0748362	0.996883	-0.53699	-1.6172	43.3567	
0.999676	-0.000977057	0.0254546	-0.000968565	0.997084	0.0763108	-0.0254549	-0.0763107	0.996759	-0.55844	-1.68151	44.205	
0.999663	-0.00101557	0.0259527	-0.00100657	0.99697	0.0777847	-0.0259531	-0.0777846	0.996632	-0.580314	-1.74708	45.0532	
0.99965	-0.00105482	0.026451	-0.00104531	0.996854	0.0792579	-0.0264513	-0.0792577	0.996503	-0.602613	-1.8139	45.9013	
0.999636	-0.00109482	0.0269492	-0.00108476	0.996735	0.0807303	-0.0269496	-0.0807302	0.996372	-0.625335	-1.88198	46.7493	
0.999623	-0.00113556	0.0274474	-0.00112494	0.996615	0.082202	-0.0274478	-0.0822019	0.996238	-0.648481	-1.95131	47.5972	
0.999609	-0.00117703	0.0279455	-0.00116584	0.996493	0.0836729	-0.027946	-0.0836727	0.996101	-0.672052	-2.02189	48.4449	
0.999533	-0.00139401	0.0305416	-0.00114133	0.996562	0.0828384	-0.0305521	-0.0828345	0.996095	-0.696943	-2.09274	49.2926	
0.999449	-0.00160898	0.0331398	-0.00111469	0.996631	0.0820052	-0.0331601	-0.081997	0.996081	-0.724053	-2.16287	50.1403	
0.999359	-0.00182195	0.0357401	-0.0010859	0.996699	0.0811734	-0.03577	-0.0811602	0.996059	-0.753383	-2.2323	50.988	
0.999263	-0.00203289	0.0383423	-0.00105498	0.996767	0.0803427	-0.0383816	-0.0803239	0.99603	-0.784935	-2.30101	51.8356	
0.999159	-0.0022418	0.0409462	-0.00102193	0.996833	0.0795132	-0.0409948	-0.0794882	0.995992	-0.81871	-2.36901	52.6832	
0.999048	-0.00244866	0.0435519	-0.000986747	0.996899	0.0786848	-0.0436095	-0.0786529	0.995948	-0.85471	-2.4363	53.5308	
0.998931	-0.00265348	0.0461592	-0.000949431	0.996964	0.0778575	-0.0462256	-0.077818	0.995895	-0.892935	-2.50288	54.3783	
0.998806	-0.00285623	0.0487679	-0.000909984	0.997028	0.077031	-0.0488429	-0.0769834	0.995835	-0.933387	-2.56875	55.2258	
0.998675	-0.00305691	0.0513779	-0.000868405	0.997092	0.0762055	-0.0514614	-0.0761491	0.995768	-0.976067	-2.63391	56.0733	
0.998536	-0.00325551	0.0539891	-0.000824695	0.997154	0.0753807	-0.0540809	-0.0753149	0.995692	-1.02098	-2.69836	56.9206	
0.998391	-0.00345203	0.0566014	-0.000778852	0.997216	0.0745567	-0.0567013	-0.0744808	0.995609	-1.06811	-2.76209	57.768	
0.998239	-0.00364644	0.0592148	-0.000730874	0.997278	0.0737333	-0.0593224	-0.0736467	0.995518	-1.11748	-2.82512	58.6152	
0.998079	-0.00383875	0.0618289	-0.000680759	0.997338	0.0729105	-0.0619442	-0.0728126	0.99542	-1.16908	-2.88744	59.4623	
0.997913	-0.00402893	0.0644438	-0.000628504	0.997398	0.0720883	-0.0645666	-0.0719783	0.995314	-1.22291	-2.94905	60.3094	
0.99774	-0.004217	0.0670594	-0.000574106	0.997457	0.0712664	-0.0671894	-0.0711439	0.995201	-1.27898	-3.00995	61.1564	
0.99756	-0.00440292	0.0696754	-0.000517561	0.997516	0.070445	-0.0698125	-0.0703092	0.995079	-1.33727	-3.07014	62.0033	
0.997373	-0.00458671	0.0722919	-0.000458865	0.997573	0.0696238	-0.0724358	-0.0694741	0.99495	-1.3978	-3.12962	62.85	
0.997179	-0.00476834	0.0749086	-0.000398013	0.99763	0.0688029	-0.0750591	-0.0686386	0.994814	-1.46056	-3.18839	63.6967	
0.996978	-0.00494781	0.0775254	-0.000334999	0.997686	0.0679822	-0.0776825	-0.0678027	0.99467	-1.52555	-3.24644	64.5432	
0.99677	-0.0051251	0.0801424	-0.000269818	0.997742	0.0671615	-0.0803056	-0.0669662	0.994518	-1.59278	-3.30379	65.3896	
0.996555	-0.00530022	0.0827592	-0.000202463	0.997797	0.0663408	-0.0829285	-0.066129	0.994359	-1.66223	-3.36042	66.2359	
0.996334	-0.00547315	0.0853759	-0.000132927	0.997851	0.0655201	-0.085551	-0.0652912	0.994192	-1.73392	-3.41634	67.082	
0.996105	-0.00564389	0.0879922	-6.12017e-05	0.997905	0.0646992	-0.088173	-0.0644526	0.994018	-1.80784	-3.47155	67.928	
0.99587	-0.00581242	0.0906081	1.27197e-05	0.997958	0.0638781	-0.0907944	-0.0636131	0.993836	-1.88399	-3.52604	68.7739	
0.995627	-0.00597873	0.0932235	8.88463e-05	0.99801	0.0630568	-0.093415	-0.0627728	0.993646	-1.96238	-3.57982	69.6196	
0.995378	-0.00614282	0.0958383	0.000167187	0.998062	0.0622351	-0.0960348	-0.0619314	0.993449	-2.04299	-3.63288	70.4651	
0.995122	-0.00630469	0.0984522	0.000247752	0.998112	0.061413	-0.0986536	-0.061089	0.993245	-2.12583	-3.68523	71.3104	
0.993585	-0.00707789	0.112863	0.00189463	0.998941	0.0459665	-0.113069	-0.0454578	0.992547	-2.21592	-3.73056	72.1554	
0.99184	-0.00762407	0.12726	0.00376537	0.999527	0.0305344	-0.127433	-0.0298061	0.991399	-2.31826	-3.76259	72.9996	
0.989887	-0.00794299	0.141638	0.00585912	0.999868	0.0151236	-0.141739	-0.0141408	0.989803	-2.4328	-3.78129	73.8427	
0.987726	-0.0080345	0.155989	0.00817494	0.999967	-0.000258809	-0.155981	0.00153083	0.987759	-2.55948	-3.78666	74.6842	
0.985359	-0.00789856	0.170307	0.0107118	0.999821	-0.015606	-0.170153	0.0172018	0.985268	-2.69826	-3.77869	75.5237	
0.982788	-0.00753523	0.184585	0.0134685	0.999431	-0.0309109	-0.184248	0.0328649	0.98233	-2.84907	-3.75738	76.361	
0.980012	-0.00694467	0.198818	0.0164438	0.998798	-0.0461667	-0.198259	0.0485132	0.978948	-3.01183	-3.72275	77.1956	
0.977033	-0.00612716	0.212999	0.0196364	0.997922	-0.0613664	-0.21218	0.0641396	0.975123	-3.18648	-3.67482	78.0271	
0.973853	-0.00508306	0.227121	0.0230448	0.996803	-0.0765032	-0.226006	0.0797369	0.970857	-3.37294	-3.61359	78.8551	
0.970474	-0.00381285	0.241177	0.0266675	0.995441	-0.0915702	-0.239729	0.0952981	0.966151	-3.57112	-3.53911	79.6794	
0.966895	-0.0023171	0.255162	0.0305029	0.993838	-0.106561	-0.253343	0.110816	0.961008	-3.78093	-3.45141	80.4994	
0.96312	-0.000596485	0.26907	0.0345491	0.991994	-0.121468	-0.266843	0.126284	0.95543	-4.00228	-3.35052	81.3149	
0.95915	0.00134821	0.282893	0.0388045	0.989909	-0.136284	-0.280222	0.141695	0.94942	-4.23507	-3.23649	82.1254	
0.954987	0.00351612	0.296626	0.043267	0.987586	-0.151004	-0.293475	0.157041	0.94298	-4.47919	-3.10937	82.9307	
0.950633	0.00590624	0.310263	0.0479346	0.985024	-0.165621	-0.306594	0.172317	0.936113	-4.73453	-2.96922	83.7303	
