1	0	0	0	1	0	0	0	1	0	0	0	
0.999999	-3.73241e-06	-0.00136437	-3.73241e-06	0.999985	-0.00547122	0.00136437	0.00547122	0.999984	0.000725252	0.00290832	1.06313	
0.999996	-1.49333e-05	-0.00272891	-1.49361e-05	0.99994	-0.0109452	0.00272891	0.0109452	0.999936	0.0029011	0.0116347	2.12622	
0.999992	-3.36085e-05	-0.00409357	-3.36197e-05	0.999865	-0.0164217	0.00409357	0.0164217	0.999857	0.00652771	0.0261821	3.18924	
0.999985	-5.97633e-05	-0.00545829	-5.97914e-05	0.99976	-0.0219005	0.00545829	0.0219005	0.999745	0.0116052	0.0465529	4.25216	
0.999977	-9.34026e-05	-0.00682302	-9.34587e-05	0.999625	-0.0273814	0.00682302	0.0273814	0.999602	0.0181335	0.0727496	5.31495	
0.999966	-0.000134531	-0.0081877	-0.000134629	0.99946	-0.0328642	0.0081877	0.0328642	0.999426	0.0261127	0.104774	6.37757	
0.999954	-0.000183151	-0.00955228	-0.000183309	0.999264	-0.0383486	0.00955228	0.0383486	0.999219	0.0355427	0.142629	7.43998	
0.99994	-0.000239268	-0.0109167	-0.000239504	0.999039	-0.0438344	0.0109167	0.0438344	0.998979	0.0464233	0.186314	8.50216	
0.999925	-0.000302883	-0.0122809	-0.00030322	0.998783	-0.0493215	0.0122809	0.0493215	0.998707	0.0587544	0.235833	9.56406	
0.999907	-0.000373999	-0.0136448	-0.000374463	0.998497	-0.0548094	0.0136448	0.0548094	0.998404	0.0725356	0.291186	10.6257	
0.999887	-0.000452618	-0.0150084	-0.000453237	0.99818	-0.0602982	0.0150084	0.0602982	0.998068	0.0877667	0.352373	11.6869	
0.999866	-0.000538741	-0.0163716	-0.000539546	0.997834	-0.0657874	0.0163716	0.0657874	0.997699	0.104447	0.419396	12.7478	
0.999843	-0.000632369	-0.0177344	-0.000633394	0.997456	-0.071277	0.0177344	0.071277	0.997299	0.122577	0.492255	13.8083	
0.999817	-0.000733503	-0.0190967	-0.000734785	0.997049	-0.0767666	0.0190966	0.0767666	0.996866	0.142155	0.57095	14.8683	
0.99979	-0.000842142	-0.0204584	-0.00084372	0.996611	-0.0822561	0.0204584	0.0822561	0.996401	0.163181	0.655481	15.9279	
0.999761	-0.000958285	-0.0218195	-0.000960202	0.996142	-0.0877453	0.0218195	0.0877453	0.995904	0.185655	0.745848	16.9869	
0.999731	-0.00108193	-0.02318	-0.00108423	0.995644	-0.0932338	0.0231799	0.0932338	0.995374	0.209575	0.842051	18.0454	
0.999698	-0.00121308	-0.0245398	-0.00121581	0.995114	-0.0987215	0.0245396	0.0987215	0.994812	0.234941	0.944088	19.1033	
0.999664	-0.00135173	-0.0258988	-0.00135495	0.994555	-0.104208	0.0258986	0.104208	0.994218	0.261752	1.05196	20.1606	
0.999627	-0.00149788	-0.0272569	-0.00150163	0.993964	-0.109694	0.0272567	0.109694	0.993592	0.290008	1.16566	21.2173	
0.999589	-0.00165152	-0.0286142	-0.00165587	0.993344	-0.115178	0.0286139	0.115178	0.992933	0.319707	1.2852	22.2733	
0.999549	-0.00181265	-0.0299705	-0.00181765	0.992692	-0.12066	0.0299702	0.12066	0.992241	0.350848	1.41056	23.3285	
0.999507	-0.00198128	-0.0313259	-0.00198699	0.99201	-0.12614	0.0313255	0.12614	0.991518	0.383431	1.54175	24.383	
0.999464	-0.00215738	-0.0326802	-0.00216387	0.991298	-0.131618	0.0326798	0.131618	0.990762	0.417454	1.67877	25.4367	
0.999418	-0.00234096	-0.0340334	-0.0023483	0.990555	-0.137094	0.0340329	0.137094	0.989973	0.452917	1.82161	26.4896	
0.999371	-0.00253202	-0.0353855	-0.00254028	0.989782	-0.142567	0.0353849	0.142568	0.989152	0.489817	1.97026	27.5417	
0.999321	-0.00273054	-0.0367364	-0.00273979	0.988978	-0.148038	0.0367357	0.148038	0.988299	0.528154	2.12474	28.5928	
0.99927	-0.00293652	-0.038086	-0.00294685	0.988143	-0.153505	0.0380852	0.153506	0.987414	0.567926	2.28503	29.643	
0.999217	-0.00314996	-0.0394343	-0.00316143	0.987278	-0.15897	0.0394334	0.15897	0.986496	0.609132	2.45113	30.6923	
0.999162	-0.00337085	-0.0407812	-0.00338355	0.986383	-0.16443	0.0407802	0.16443	0.985545	0.651771	2.62304	31.7406	
0.999106	-0.00359918	-0.0421267	-0.00361319	0.985457	-0.169887	0.0421255	0.169888	0.984563	0.695841	2.80075	32.7878	
0.999047	-0.00383494	-0.0434708	-0.00385035	0.9845	-0.17534	0.0434694	0.175341	0.983548	0.741341	2.98427	33.834	
0.998987	-0.00407812	-0.0448133	-0.00409503	0.983513	-0.180789	0.0448118	0.18079	0.9825	0.788268	3.17357	34.8791	
0.998925	-0.00432872	-0.0461542	-0.00434721	0.982496	-0.186234	0.0461525	0.186234	0.981421	0.836622	3.36867	35.923	
0.998861	-0.00458673	-0.0474935	-0.0046069	0.981448	-0.191674	0.0474916	0.191675	0.980309	0.8864	3.56956	36.9658	
0.998795	-0.00485213	-0.0488312	-0.00487408	0.980369	-0.197109	0.048829	0.19711	0.979165	0.937601	3.77622	38.0074	
0.998728	-0.00512492	-0.0501671	-0.00514875	0.97926	-0.20254	0.0501646	0.20254	0.977988	0.990222	3.98866	39.0478	
0.998658	-0.00540508	-0.0515012	-0.0054309	0.978121	-0.207965	0.0514984	0.207966	0.97678	1.04426	4.20687	40.0869	
0.998587	-0.00569261	-0.0528334	-0.00572052	0.976952	-0.213385	0.0528304	0.213385	0.975539	1.09972	4.43085	41.1247	
0.998514	-0.00598749	-0.0541638	-0.0060176	0.975751	-0.218799	0.0541604	0.2188	0.974266	1.15659	4.66059	42.1611	
0.998439	-0.00628972	-0.0554922	-0.00632214	0.974521	-0.224207	0.0554885	0.224208	0.97296	1.21488	4.89607	43.1962	
0.998363	-0.00659927	-0.0568186	-0.00663412	0.97326	-0.229609	0.0568146	0.22961	0.971623	1.27458	5.13731	44.2299	
0.998284	-0.00691614	-0.058143	-0.00695354	0.971969	-0.235005	0.0581385	0.235006	0.970254	1.33568	5.38428	45.2621	
0.998204	-0.00724032	-0.0594653	-0.00728038	0.970648	-0.240394	0.0594604	0.240395	0.968852	1.39819	5.63699	46.2929	
0.998122	-0.00757179	-0.0607854	-0.00761463	0.969297	-0.245777	0.06078	0.245778	0.967419	1.46211	5.89542	47.3221	
0.998038	-0.00791053	-0.0621033	-0.00795629	0.967915	-0.251153	0.0620975	0.251154	0.965953	1.52743	6.15958	48.3498	
0.997953	-0.00825654	-0.063419	-0.00830534	0.966503	-0.256521	0.0634126	0.256523	0.964456	1.59414	6.42944	49.376	
0.997866	-0.00860979	-0.0647323	-0.00866177	0.965061	-0.261882	0.0647254	0.261884	0.962926	1.66226	6.70501	50.4005	
0.997776	-0.00897028	-0.0660434	-0.00902556	0.963589	-0.267236	0.0660358	0.267238	0.961365	1.73177	6.98627	51.4234	
0.997686	-0.00933798	-0.067352	-0.00939671	0.962087	-0.272582	0.0673438	0.272584	0.959772	1.80267	7.27322	52.4446	
0.997593	-0.00971289	-0.0686581	-0.00977519	0.960555	-0.277919	0.0686493	0.277922	0.958148	1.87496	7.56586	53.4641	
0.997499	-0.010095	-0.0699617	-0.010161	0.958993	-0.283249	0.0699522	0.283251	0.956491	1.94863	7.86416	54.4819	
0.997402	-0.0104842	-0.0712628	-0.0105541	0.957401	-0.28857	0.0712525	0.288573	0.954803	2.02369	8.16812	55.4979	
0.997305	-0.0108807	-0.0725613	-0.0109546	0.955779	-0.293883	0.0725502	0.293886	0.953083	2.10013	8.47774	56.512	
0.997205	-0.0112842	-0.0738571	-0.0113623	0.954127	-0.299187	0.0738452	0.29919	0.951332	2.17795	8.79299	57.5244	
0.997104	-0.0116949	-0.0751502	-0.0117772	0.952446	-0.304481	0.0751374	0.304484	0.949549	2.25715	9.11389	58.5348	
0.997001	-0.0121126	-0.0764406	-0.0121995	0.950734	-0.309767	0.0764268	0.30977	0.947735	2.33771	9.44041	59.5433	
0.996896	-0.0125375	-0.0777282	-0.0126289	0.948993	-0.315043	0.0777134	0.315046	0.945889	2.41965	9.77254	60.5499	
0.996789	-0.0129694	-0.0790129	-0.0130656	0.947223	-0.320309	0.078997	0.320313	0.944012	2.50295	10.1103	61.5545	
0.996681	-0.0134083	-0.0802947	-0.0135095	0.945423	-0.325565	0.0802777	0.32557	0.942104	2.58761	10.4536	62.5571	
0.996571	-0.0138543	-0.0815736	-0.0139606	0.943593	-0.330812	0.0815554	0.330816	0.940165	2.67364	10.8025	63.5577	
0.996459	-0.0143072	-0.0828494	-0.0144188	0.941735	-0.336048	0.0828301	0.336053	0.938194	2.76102	11.157	64.5562	
0.996346	-0.0147672	-0.0841222	-0.0148842	0.939846	-0.341273	0.0841016	0.341278	0.936192	2.84976	11.517	65.5525	
0.996231	-0.0152341	-0.085392	-0.0153567	0.937929	-0.346488	0.08537	0.346494	0.93416	2.93984	11.8826	66.5467	
0.996114	-0.0157079	-0.0866585	-0.0158363	0.935982	-0.351692	0.0866352	0.351698	0.932096	3.03128	12.2538	67.5388	
0.995996	-0.0161887	-0.0879219	-0.016323	0.934006	-0.356885	0.0878971	0.356891	0.930002	3.12405	12.6304	68.5286	
0.995917	-0.0165103	-0.0887482	-0.0171579	0.930588	-0.365665	0.0886252	0.365695	0.926506	3.21788	13.0145	69.5155	
0.996193	-0.0153112	-0.085824	-0.0194486	0.920615	-0.389987	0.084982	0.390172	0.916812	3.31017	13.4164	70.4954	
0.996456	-0.0140349	-0.0829316	-0.0216424	0.909999	-0.414045	0.0812788	0.414373	0.90647	3.39856	13.8441	71.4646	
0.996708	-0.0126823	-0.080073	-0.0237377	0.898748	-0.437822	0.0775181	0.438282	0.895489	3.48297	14.2973	72.4225	
0.996948	-0.0112543	-0.0772503	-0.025733	0.886871	-0.461301	0.0737027	0.461881	0.883874	3.56336	14.7759	73.3684	
0.997176	-0.00975197	-0.0744655	-0.027627	0.874375	-0.484464	0.0698352	0.485154	0.871636	3.63967	15.2793	74.3017	
0.997391	-0.00817634	-0.0717204	-0.0294183	0.861269	-0.507297	0.0659184	0.508084	0.858782	3.71183	15.8073	75.2216	
0.997594	-0.00652852	-0.0690171	-0.0311055	0.847563	-0.529783	0.061955	0.530655	0.845321	3.77981	16.3595	76.1274	
0.997784	-0.00480969	-0.0663574	-0.0326876	0.833266	-0.551905	0.0579479	0.552851	0.831263	3.84355	16.9355	77.0187	
0.997962	-0.00302105	-0.0637433	-0.0341635	0.818389	-0.573649	0.0538998	0.574657	0.816617	3.90301	17.5349	77.8947	
0.998126	-0.00116387	-0.0611765	-0.035532	0.802941	-0.594998	0.0498136	0.596057	0.801395	3.95814	18.1572	78.7549	
0.998278	0.000760532	-0.0586589	-0.0367921	0.786935	-0.615938	0.0456923	0.617036	0.785607	4.00891	18.8021	79.5985	
0.998416	0.00275081	-0.0561923	-0.0379432	0.77038	-0.636455	0.0415387	0.637579	0.769264	4.05528	19.469	80.4251	
0.998541	0.00480554	-0.0537785	-0.0389842	0.753289	-0.656533	0.0373558	0.657672	0.752378	4.09722	20.1576	81.234	
0.998653	0.00692329	-0.051419	-0.0399144	0.735675	-0.676158	0.0331464	0.6773	0.73496	4.1347	20.8672	82.0246	
0.998752	0.00910256	-0.0491156	-0.0407333	0.717548	-0.695317	0.0289137	0.696449	0.717023	4.16769	21.5975	82.7965	
0.998837	0.0113418	-0.04687	-0.0414402	0.698923	-0.713996	0.0246605	0.715107	0.69858	4.19617	22.3479	83.549	
0.998908	0.0136394	-0.0446836	-0.0420346	0.679812	-0.732181	0.0203899	0.73326	0.679643	4.22012	23.1179	84.2817	
0.998966	0.0159938	-0.0425581	-0.0425162	0.660228	-0.749861	0.0161049	0.750895	0.660226	4.23952	23.9068	84.994	
0.99901	0.0184034	-0.0404949	-0.0428845	0.640187	-0.767021	0.0118086	0.767999	0.640342	4.25436	24.7143	85.6853	
0.999041	0.0208663	-0.0384956	-0.0431393	0.619701	-0.783652	0.00750384	0.784561	0.620007	4.26463	25.5396	86.3553	
0.999058	0.0233809	-0.0365614	-0.0432805	0.598785	-0.799739	0.00319383	0.800568	0.599233	4.27031	26.3822	87.0035	
0.999061	0.0259453	-0.0346938	-0.0433079	0.577455	-0.815273	-0.00111843	0.81601	0.578036	4.27142	27.2416	87.6293	
0.999051	0.0285579	-0.0328942	-0.0432215	0.555724	-0.830242	-0.00542991	0.830876	0.556431	4.26794	28.1171	88.2324	
0.999027	0.0312167	-0.0311636	-0.0430213	0.533609	-0.844636	-0.00973755	0.845155	0.534433	4.25987	29.0081	88.8123	
0.998989	0.0339198	-0.0295035	-0.0427076	0.511125	-0.858445	-0.0140383	0.858837	0.512057	4.24723	29.9139	89.3686	
0.998938	0.0366654	-0.027915	-0.0422805	0.488288	-0.871658	-0.0183292	0.871912	0.48932	4.23003	30.834	89.9009	
0.998873	0.0394515	-0.0263991	-0.0417404	0.465114	-0.884266	-0.0226071	0.884371	0.466236	4.20827	31.7676	90.4089	
0.998794	0.0422762	-0.024957	-0.0410875	0.441619	-0.896261	-0.026869	0.896206	0.442824	4.18197	32.7142	90.8922	
0.998702	0.0451374	-0.0235897	-0.0403225	0.417821	-0.907634	-0.0311119	0.907407	0.419099	4.15114	33.6729	91.3503	
0.998597	0.0480331	-0.0222981	-0.0394458	0.393735	-0.918377	-0.0353329	0.917968	0.395078	4.11582	34.6433	91.7832	
0.998478	0.0509613	-0.0210832	-0.038458	0.36938	-0.928483	-0.0395289	0.92788	0.370777	4.07602	35.6246	92.1903	
0.998346	0.0539199	-0.0199458	-0.0373598	0.344771	-0.937943	-0.043697	0.937137	0.346215	4.03178	36.616	92.5714	
