1	0	0	0	1	0	0	0	1	0	0	0	
0.999994	5.17747e-06	0.00355675	5.17747e-06	0.999996	-0.00291134	-0.00355675	0.00291134	0.999989	-0.00148198	0.00121306	0.83333	
0.999975	2.07142e-05	0.00711448	2.07108e-05	0.999983	-0.00582252	-0.00711448	0.00582252	0.999958	-0.00592833	0.00485217	1.66664	
0.999943	4.66158e-05	0.0106731	4.66021e-05	0.999962	-0.00873349	-0.0106731	0.00873349	0.999905	-0.0133398	0.0109172	2.49992	
0.999899	8.28872e-05	0.0142326	8.28531e-05	0.999932	-0.0116442	-0.0142326	0.0116442	0.999831	-0.0237172	0.0194079	3.33315	
0.999842	0.000129533	0.0177927	0.000129465	0.999894	-0.0145545	-0.0177927	0.0145545	0.999736	-0.0370611	0.030324	4.1663	
0.999772	0.000186559	0.0213536	0.000186439	0.999847	-0.0174644	-0.0213536	0.0174644	0.999619	-0.0533721	0.0436652	4.99937	
0.99969	0.000253967	0.024915	0.000253776	0.999792	-0.0203738	-0.024915	0.0203738	0.999482	-0.0726507	0.0594312	5.83233	
0.999594	0.000331763	0.0284768	0.000331477	0.999729	-0.0232826	-0.0284769	0.0232826	0.999323	-0.0948973	0.0776213	6.66516	
0.999487	0.00041995	0.0320391	0.000419541	0.999657	-0.0261908	-0.0320391	0.0261908	0.999143	-0.120112	0.0982353	7.49786	
0.999366	0.00051853	0.0356017	0.000517968	0.999576	-0.0290983	-0.0356017	0.0290983	0.998942	-0.148296	0.121272	8.3304	
0.999233	0.000627507	0.0391645	0.000626758	0.999488	-0.0320051	-0.0391645	0.032005	0.99872	-0.179449	0.146732	9.16276	
0.999086	0.000746884	0.0427275	0.00074591	0.99939	-0.034911	-0.0427275	0.0349109	0.998477	-0.213571	0.174614	9.99492	
0.998928	0.000876663	0.0462905	0.000875423	0.999284	-0.0378159	-0.0462905	0.0378159	0.998212	-0.250661	0.204917	10.8269	
0.998756	0.00101684	0.0498535	0.00101529	0.99917	-0.04072	-0.0498535	0.0407199	0.997926	-0.290722	0.23764	11.6586	
0.998572	0.00116743	0.0534164	0.00116552	0.999047	-0.0436229	-0.0534164	0.0436229	0.997619	-0.333751	0.272783	12.4901	
0.998374	0.00132843	0.0569791	0.00132611	0.998916	-0.0465248	-0.0569791	0.0465247	0.997291	-0.379749	0.310345	13.3213	
0.998165	0.00149983	0.0605415	0.00149705	0.998777	-0.0494255	-0.0605416	0.0494254	0.996941	-0.428716	0.350324	14.1522	
0.997942	0.00168164	0.0641036	0.00167834	0.998629	-0.0523249	-0.0641037	0.0523248	0.996571	-0.480652	0.39272	14.9829	
0.997706	0.00187386	0.0676652	0.00186997	0.998472	-0.055223	-0.0676653	0.0552229	0.996179	-0.535555	0.437532	15.8132	
0.997458	0.00207648	0.0712263	0.00207195	0.998307	-0.0581198	-0.0712264	0.0581196	0.995765	-0.593427	0.484758	16.6432	
0.997197	0.00228952	0.0747868	0.00228427	0.998134	-0.0610151	-0.0747869	0.0610149	0.995331	-0.654266	0.534397	17.4728	
0.996923	0.00251297	0.0783465	0.00250693	0.997953	-0.0639088	-0.0783467	0.0639086	0.994876	-0.718072	0.586449	18.302	
0.996636	0.00274682	0.0819056	0.00273992	0.997763	-0.066801	-0.0819058	0.0668007	0.994399	-0.784844	0.640911	19.1309	
0.996337	0.00299107	0.0854637	0.00298324	0.997564	-0.0696916	-0.085464	0.0696912	0.993901	-0.854581	0.697783	19.9594	
0.996024	0.00324574	0.0890209	0.00323688	0.997357	-0.0725804	-0.0890212	0.07258	0.993382	-0.927284	0.757063	20.7874	
0.995699	0.0035108	0.092577	0.00350083	0.997142	-0.0754674	-0.0925774	0.0754669	0.992841	-1.00295	0.818749	21.615	
0.995361	0.00378627	0.0961321	0.0037751	0.996919	-0.0783525	-0.0961325	0.078352	0.99228	-1.08158	0.88284	22.4421	
0.995011	0.00407213	0.0996859	0.00405968	0.996687	-0.0812358	-0.0996864	0.0812352	0.991697	-1.16317	0.949335	23.2688	
0.994647	0.00436839	0.103238	0.00435456	0.996446	-0.084117	-0.103239	0.0841163	0.991093	-1.24772	1.01823	24.0949	
0.994271	0.00467504	0.10679	0.00465973	0.996198	-0.0869962	-0.10679	0.0869954	0.990468	-1.33524	1.08953	24.9206	
0.993881	0.00499208	0.110339	0.00497519	0.995941	-0.0898733	-0.11034	0.0898724	0.989822	-1.42571	1.16322	25.7457	
0.993479	0.00531951	0.113888	0.00530093	0.995675	-0.0927482	-0.113888	0.0927471	0.989155	-1.51914	1.23931	26.5703	
0.993065	0.00565732	0.117434	0.00563694	0.995402	-0.0956208	-0.117435	0.0956196	0.988466	-1.61552	1.3178	27.3943	
0.992637	0.00600551	0.120979	0.00598322	0.99512	-0.0984911	-0.12098	0.0984897	0.987757	-1.71486	1.39868	28.2177	
0.992196	0.00636407	0.124522	0.00633975	0.99483	-0.101359	-0.124523	0.101357	0.987026	-1.81715	1.48195	29.0406	
0.991743	0.00673299	0.128063	0.00670654	0.994531	-0.104224	-0.128065	0.104223	0.986274	-1.9224	1.56761	29.8628	
0.991277	0.00711228	0.131603	0.00708356	0.994224	-0.107087	-0.131604	0.107085	0.985501	-2.03059	1.65565	30.6843	
0.990798	0.00750193	0.13514	0.00747082	0.993909	-0.109948	-0.135142	0.109946	0.984707	-2.14174	1.74608	31.5053	
0.990306	0.00790193	0.138675	0.00786831	0.993586	-0.112805	-0.138677	0.112803	0.983892	-2.25583	1.8389	32.3255	
0.989802	0.00831228	0.142208	0.008276	0.993254	-0.11566	-0.14221	0.115658	0.983056	-2.37287	1.93409	33.1451	
0.989285	0.00873297	0.145739	0.0086939	0.992915	-0.118512	-0.145741	0.11851	0.982199	-2.49285	2.03166	33.9639	
0.988754	0.00916398	0.149267	0.009122	0.992566	-0.121362	-0.149269	0.121359	0.981321	-2.61577	2.1316	34.7821	
0.988212	0.00960533	0.152793	0.00956028	0.99221	-0.124208	-0.152795	0.124205	0.980422	-2.74163	2.23392	35.5995	
0.987656	0.010057	0.156316	0.0100087	0.991846	-0.127052	-0.156319	0.127048	0.979502	-2.87043	2.33861	36.4161	
0.987087	0.010519	0.159836	0.0104674	0.991473	-0.129892	-0.15984	0.129888	0.97856	-3.00216	2.44567	37.232	
0.986506	0.0109912	0.163354	0.0109361	0.991092	-0.132729	-0.163358	0.132725	0.977598	-3.13682	2.55509	38.047	
0.985912	0.0114738	0.166869	0.011415	0.990703	-0.135563	-0.166874	0.135558	0.976615	-3.27442	2.66687	38.8613	
0.985305	0.0119667	0.170382	0.0119041	0.990306	-0.138394	-0.170386	0.138389	0.975611	-3.41495	2.78102	39.6747	
0.984686	0.0124698	0.173891	0.0124032	0.9899	-0.141221	-0.173896	0.141216	0.974586	-3.5584	2.89752	40.4873	
0.984054	0.0129832	0.177397	0.0129125	0.989487	-0.144046	-0.177403	0.144039	0.97354	-3.70477	3.01638	41.299	
0.983409	0.0135069	0.1809	0.0134318	0.989065	-0.146866	-0.180906	0.146859	0.972474	-3.85407	3.13758	42.1099	
0.982751	0.0140408	0.1844	0.0139613	0.988635	-0.149683	-0.184406	0.149676	0.971386	-4.00628	3.26114	42.9198	
0.98208	0.014585	0.187897	0.0145008	0.988198	-0.152497	-0.187904	0.152489	0.970278	-4.16141	3.38704	43.7288	
0.981397	0.0151394	0.19139	0.0150503	0.987752	-0.155307	-0.191397	0.155298	0.969149	-4.31945	3.51529	44.5369	
0.980701	0.015704	0.19488	0.0156099	0.987298	-0.158113	-0.194888	0.158104	0.967999	-4.48041	3.64587	45.3441	
0.979993	0.0162788	0.198367	0.0161795	0.986836	-0.160916	-0.198375	0.160906	0.966828	-4.64427	3.77879	46.1503	
0.979271	0.0168638	0.201849	0.0167592	0.986365	-0.163714	-0.201858	0.163704	0.965637	-4.81103	3.91405	46.9555	
0.978865	0.0171921	0.203784	0.0168168	0.986319	-0.163989	-0.203815	0.16395	0.965184	-4.98006	4.05057	47.76	
0.978454	0.0175214	0.205721	0.0168745	0.986273	-0.164261	-0.205775	0.164193	0.964727	-5.15072	4.1873	48.5641	
0.978038	0.0178518	0.20766	0.0169324	0.986227	-0.164531	-0.207737	0.164433	0.964265	-5.32302	4.32422	49.3678	
0.977618	0.0181833	0.209602	0.0169903	0.986181	-0.164798	-0.209702	0.164671	0.963799	-5.49695	4.46135	50.1712	
0.977193	0.0185158	0.211547	0.0170484	0.986136	-0.165064	-0.21167	0.164906	0.963329	-5.67252	4.59867	50.9742	
0.976763	0.0188493	0.213493	0.0171066	0.98609	-0.165327	-0.21364	0.165138	0.962854	-5.84974	4.73619	51.7767	
0.976328	0.0191838	0.215441	0.017165	0.986045	-0.165589	-0.215611	0.165368	0.962375	-6.02859	4.8739	52.5789	
0.975889	0.0195192	0.217391	0.0172235	0.986001	-0.165849	-0.217585	0.165595	0.961891	-6.20909	5.0118	53.3807	
0.975446	0.0198555	0.219343	0.0172823	0.985956	-0.166108	-0.219561	0.16582	0.961404	-6.39123	5.14989	54.1821	
0.974998	0.0201927	0.221296	0.0173412	0.985912	-0.166365	-0.221538	0.166043	0.960911	-6.57503	5.28817	54.983	
0.974545	0.0205308	0.223251	0.0174004	0.985868	-0.16662	-0.223517	0.166263	0.960415	-6.76047	5.42663	55.7836	
0.974087	0.0208697	0.225207	0.0174598	0.985824	-0.166874	-0.225497	0.166482	0.959914	-6.94755	5.56527	56.5837	
0.973626	0.0212094	0.227164	0.0175194	0.98578	-0.167127	-0.227478	0.166699	0.959409	-7.13629	5.7041	57.3834	
0.973159	0.02155	0.229122	0.0175793	0.985736	-0.167378	-0.229461	0.166913	0.958899	-7.32669	5.8431	58.1827	
0.972688	0.0218912	0.231081	0.0176395	0.985692	-0.167628	-0.231444	0.167126	0.958385	-7.51873	5.98229	58.9816	
0.972213	0.0222332	0.23304	0.0177	0.985649	-0.167878	-0.233428	0.167338	0.957867	-7.71243	6.12165	59.7801	
0.971733	0.022576	0.235	0.0177608	0.985605	-0.168126	-0.235413	0.167548	0.957344	-7.90778	6.26118	60.5781	
0.971249	0.0229194	0.236961	0.0178219	0.985562	-0.168374	-0.237399	0.167756	0.956818	-8.10478	6.40089	61.3756	
0.97076	0.0232634	0.238921	0.0178834	0.985519	-0.168621	-0.239384	0.167963	0.956286	-8.30344	6.54078	62.1728	
0.970267	0.0236081	0.240882	0.0179453	0.985476	-0.168867	-0.24137	0.168169	0.955751	-8.50376	6.68083	62.9694	
0.96977	0.0239534	0.242843	0.0180076	0.985432	-0.169112	-0.243356	0.168373	0.955211	-8.70573	6.82106	63.7657	
0.969268	0.0242993	0.244803	0.0180703	0.985389	-0.169357	-0.245342	0.168576	0.954667	-8.90935	6.96145	64.5615	
0.968762	0.0246457	0.246763	0.0181335	0.985346	-0.169602	-0.247327	0.168779	0.954119	-9.11463	7.10202	65.3568	
0.968252	0.0249926	0.248723	0.0181971	0.985302	-0.169847	-0.249312	0.16898	0.953567	-9.32156	7.24275	66.1516	
0.967738	0.0253401	0.250682	0.0182613	0.985259	-0.170091	-0.251297	0.169181	0.95301	-9.53015	7.38365	66.9461	
0.967219	0.025688	0.25264	0.0183259	0.985216	-0.170335	-0.25328	0.169381	0.952449	-9.74039	7.52472	67.74	
0.966697	0.0260364	0.254597	0.0183911	0.985172	-0.170579	-0.255263	0.16958	0.951884	-9.95228	7.66595	68.5335	
0.96617	0.0263852	0.256553	0.0184568	0.985129	-0.170823	-0.257245	0.169779	0.951315	-10.1658	7.80735	69.3265	
0.965639	0.0267344	0.258508	0.0185232	0.985085	-0.171067	-0.259226	0.169978	0.950741	-10.381	7.94892	70.119	
0.968332	0.0250263	0.248409	0.0139617	0.987978	-0.15396	-0.249275	0.152553	0.956342	-10.5929	8.08331	70.9136	
0.970919	0.0235032	0.238252	0.00957974	0.990558	-0.136756	-0.239217	0.135062	0.961527	-10.7965	8.20315	71.7128	
0.973399	0.0221655	0.228042	0.00537918	0.992824	-0.119463	-0.229054	0.117512	0.966295	-10.9916	8.3084	72.5161	
0.975771	0.0210141	0.217784	0.00136183	0.994774	-0.102088	-0.218792	0.0999108	0.970643	-11.1782	8.39899	73.3232	
0.978033	0.0200493	0.207483	-0.00247055	0.996409	-0.0846384	-0.208434	0.0822666	0.97457	-11.3562	8.4749	74.1337	
0.980186	0.0192716	0.197141	-0.00611631	0.997726	-0.0671225	-0.197987	0.0645867	0.978075	-11.5255	8.53609	74.9473	
0.982227	0.0186812	0.186766	-0.00957385	0.998726	-0.0495474	-0.187453	0.0468787	0.981154	-11.6862	8.58254	75.7637	
0.984156	0.0182786	0.176359	-0.0128417	0.999408	-0.0319209	-0.176838	0.0291504	0.983808	-11.8379	8.61422	76.5825	
0.985973	0.0180638	0.165927	-0.0159184	0.999772	-0.0142507	-0.166147	0.0114095	0.986035	-11.9809	8.63112	77.4033	
0.987675	0.0180369	0.155474	-0.0188026	0.999817	0.0034557	-0.155383	-0.00633642	0.987834	-12.1148	8.63323	78.2257	
0.989264	0.018198	0.145003	-0.0214932	0.999544	0.0211905	-0.144552	-0.0240796	0.989204	-12.2398	8.62056	79.0495	
0.990737	0.018547	0.134521	-0.0239888	0.998953	0.038946	-0.133658	-0.0418123	0.990145	-12.3557	8.5931	79.8743	
0.992095	0.0190837	0.124031	-0.0262885	0.998044	0.0567146	-0.122706	-0.0595268	0.990656	-12.4626	8.55088	80.6997	
