1	0	0	0	1	0	0	0	1	0	0	0	
1	9.21298e-07	0.000905018	9.21298e-07	0.999998	-0.00203598	-0.000905018	0.00203598	0.999998	-0.000434683	0.000977885	0.960605	
0.999998	3.70055e-06	0.0018138	3.70053e-06	0.999992	-0.0040804	-0.0018138	0.0040804	0.99999	-0.00174054	0.0039156	1.92121	
0.999996	8.36063e-06	0.00272631	8.36055e-06	0.999981	-0.00613319	-0.00272631	0.00613319	0.999977	-0.00392117	0.00882122	2.8818	
0.999993	1.49242e-05	0.0036425	1.4924e-05	0.999966	-0.00819423	-0.0036425	0.00819423	0.99996	-0.00698014	0.0157027	3.84237	
0.99999	2.34136e-05	0.00456234	2.34132e-05	0.999947	-0.0102634	-0.00456234	0.0102634	0.999937	-0.0109209	0.024568	4.80293	
0.999985	3.38511e-05	0.00548576	3.38504e-05	0.999924	-0.0123407	-0.00548576	0.0123407	0.999909	-0.0157471	0.0354249	5.76346	
0.999979	4.62586e-05	0.00641275	4.62574e-05	0.999896	-0.014426	-0.00641275	0.014426	0.999875	-0.021462	0.048281	6.72396	
0.999973	6.06578e-05	0.00734324	6.06561e-05	0.999864	-0.0165191	-0.00734324	0.0165191	0.999837	-0.028069	0.0631441	7.68443	
0.999966	7.70701e-05	0.00827721	7.70677e-05	0.999827	-0.01862	-0.00827721	0.01862	0.999792	-0.0355716	0.0800215	8.64486	
0.999958	9.55169e-05	0.00921459	9.55136e-05	0.999785	-0.0207286	-0.00921459	0.0207286	0.999743	-0.0439729	0.0989208	9.60524	
0.999948	0.000116019	0.0101554	0.000116015	0.999739	-0.0228448	-0.0101554	0.0228448	0.999687	-0.0532764	0.119849	10.5656	
0.999938	0.000138597	0.0110995	0.000138591	0.999688	-0.0249685	-0.0110995	0.0249685	0.999627	-0.0634852	0.142814	11.5259	
0.999927	0.000163272	0.0120469	0.000163265	0.999633	-0.0270995	-0.0120469	0.0270995	0.99956	-0.0746024	0.167823	12.4861	
0.999916	0.000190064	0.0129975	0.000190054	0.999572	-0.0292379	-0.0129975	0.0292379	0.999488	-0.0866313	0.194882	13.4462	
0.999903	0.000218992	0.0139514	0.00021898	0.999507	-0.0313834	-0.0139514	0.0313834	0.99941	-0.099575	0.223998	14.4063	
0.999889	0.000250076	0.0149084	0.000250062	0.999437	-0.0335361	-0.0149084	0.0335361	0.999326	-0.113436	0.255179	15.3663	
0.999874	0.000283336	0.0158686	0.000283319	0.999363	-0.0356957	-0.0158686	0.0356957	0.999237	-0.128219	0.288432	16.3262	
0.999858	0.000318791	0.0168318	0.000318771	0.999283	-0.0378622	-0.0168318	0.0378622	0.999141	-0.143925	0.323762	17.286	
0.999842	0.00035646	0.017798	0.000356436	0.999198	-0.0400355	-0.017798	0.0400355	0.99904	-0.160558	0.361176	18.2458	
0.999824	0.000396361	0.0187673	0.000396333	0.999108	-0.0422155	-0.0187673	0.0422155	0.998932	-0.17812	0.400682	19.2054	
0.999805	0.000438513	0.0197395	0.00043848	0.999014	-0.0444021	-0.0197395	0.0444021	0.998819	-0.196615	0.442284	20.1649	
0.999785	0.000482933	0.0207145	0.000482895	0.998914	-0.0465952	-0.0207145	0.0465952	0.998699	-0.216045	0.485991	21.1243	
0.999765	0.000529639	0.0216925	0.000529596	0.998809	-0.0487947	-0.0216925	0.0487947	0.998573	-0.236413	0.531807	22.0836	
0.999743	0.000578649	0.0226732	0.000578599	0.998698	-0.0510005	-0.0226732	0.0510005	0.998441	-0.257722	0.579739	23.0428	
0.99972	0.000629979	0.0236567	0.000629923	0.998583	-0.0532125	-0.0236567	0.0532125	0.998303	-0.279975	0.629793	24.0019	
0.999696	0.000683647	0.0246429	0.000683584	0.998462	-0.0554306	-0.0246429	0.0554306	0.998158	-0.303173	0.681974	24.9608	
0.999671	0.000739669	0.0256318	0.000739599	0.998336	-0.0576546	-0.0256318	0.0576546	0.998007	-0.327321	0.736289	25.9195	
0.999645	0.000798062	0.0266234	0.000797983	0.998205	-0.0598846	-0.0266234	0.0598846	0.99785	-0.352419	0.792744	26.8781	
0.999618	0.00085884	0.0276175	0.000858752	0.998068	-0.0621203	-0.0276175	0.0621203	0.997686	-0.378471	0.851343	27.8366	
0.99959	0.000922021	0.0286141	0.000921923	0.997926	-0.0643617	-0.0286141	0.0643617	0.997516	-0.405479	0.912093	28.7949	
0.999561	0.000987618	0.0296133	0.00098751	0.997779	-0.0666087	-0.0296133	0.0666087	0.99734	-0.433446	0.974998	29.753	
0.999531	0.00105565	0.0306148	0.00105553	0.997626	-0.0688612	-0.0306148	0.0688612	0.997156	-0.462374	1.04007	30.711	
0.999499	0.00112612	0.0316188	0.00112599	0.997467	-0.071119	-0.0316188	0.071119	0.996967	-0.492265	1.1073	31.6688	
0.999467	0.00119906	0.0326252	0.00119892	0.997303	-0.0733821	-0.0326252	0.0733821	0.99677	-0.523121	1.1767	32.6264	
0.999433	0.00127447	0.0336338	0.00127431	0.997134	-0.0756504	-0.0336338	0.0756504	0.996567	-0.554946	1.24828	33.5838	
0.999399	0.00135237	0.0346447	0.0013522	0.996958	-0.0779238	-0.0346447	0.0779238	0.996357	-0.58774	1.32205	34.541	
0.999363	0.00143278	0.0356579	0.00143259	0.996778	-0.0802021	-0.0356579	0.0802021	0.996141	-0.621507	1.39799	35.498	
0.999326	0.00151569	0.0366732	0.00151549	0.996591	-0.0824853	-0.0366732	0.0824853	0.995917	-0.656248	1.47613	36.4548	
0.999288	0.00160114	0.0376906	0.00160092	0.996399	-0.0847732	-0.0376906	0.0847732	0.995687	-0.691965	1.55647	37.4114	
0.999249	0.00168913	0.0387101	0.00168889	0.996201	-0.0870658	-0.0387101	0.0870658	0.99545	-0.72866	1.639	38.3677	
0.999209	0.00177966	0.0397317	0.00177941	0.995998	-0.089363	-0.0397317	0.089363	0.995206	-0.766336	1.72374	39.3238	
0.999167	0.00187277	0.0407552	0.00187249	0.995788	-0.0916646	-0.0407552	0.0916646	0.994956	-0.804994	1.81069	40.2797	
0.999125	0.00196844	0.0417807	0.00196814	0.995573	-0.0939705	-0.0417807	0.0939705	0.994698	-0.844636	1.89985	41.2354	
0.999081	0.00206671	0.042808	0.00206639	0.995352	-0.0962807	-0.0428081	0.0962807	0.994433	-0.885265	1.99123	42.1907	
0.999036	0.00216757	0.0438373	0.00216722	0.995125	-0.098595	-0.0438373	0.098595	0.994162	-0.926881	2.08483	43.1459	
0.99899	0.00227104	0.0448683	0.00227067	0.994893	-0.100913	-0.0448683	0.100913	0.993883	-0.969486	2.18065	44.1007	
0.998943	0.00237712	0.0459011	0.00237673	0.994654	-0.103236	-0.0459011	0.103236	0.993597	-1.01308	2.27871	45.0553	
0.998895	0.00248583	0.0469356	0.00248541	0.99441	-0.105562	-0.0469356	0.105562	0.993304	-1.05767	2.37899	46.0097	
0.998845	0.00259718	0.0479717	0.00259673	0.994159	-0.107892	-0.0479718	0.107892	0.993005	-1.10326	2.48152	46.9637	
0.998795	0.00271118	0.0490095	0.0027107	0.993903	-0.110225	-0.0490096	0.110225	0.992698	-1.14984	2.58628	47.9174	
0.998743	0.00282782	0.0500489	0.00282731	0.993641	-0.112562	-0.0500489	0.112562	0.992383	-1.19742	2.69328	48.8709	
0.99869	0.00294713	0.0510898	0.00294659	0.993372	-0.114902	-0.0510898	0.114902	0.992062	-1.24599	2.80253	49.824	
0.998635	0.00306911	0.0521321	0.00306854	0.993098	-0.117246	-0.0521322	0.117246	0.991734	-1.29557	2.91404	50.7768	
0.99858	0.00319377	0.0531759	0.00319316	0.992818	-0.119593	-0.0531759	0.119593	0.991398	-1.34615	3.02779	51.7293	
0.998523	0.00332111	0.0542211	0.00332046	0.992532	-0.121943	-0.0542211	0.121943	0.991055	-1.39773	3.1438	52.6815	
0.998466	0.00345114	0.0552676	0.00345046	0.992239	-0.124296	-0.0552677	0.124296	0.990705	-1.45032	3.26207	53.6334	
0.998407	0.00358387	0.0563154	0.00358315	0.991941	-0.126651	-0.0563155	0.126651	0.990347	-1.50392	3.3826	54.5849	
0.998346	0.0037193	0.0573645	0.00371854	0.991636	-0.12901	-0.0573645	0.12901	0.989983	-1.55852	3.5054	55.536	
0.998285	0.00385745	0.0584147	0.00385665	0.991326	-0.131371	-0.0584148	0.131371	0.989611	-1.61413	3.63046	56.4868	
0.998222	0.00399831	0.0594662	0.00399746	0.991009	-0.133735	-0.0594662	0.133735	0.989231	-1.67074	3.75779	57.4373	
0.998158	0.00414189	0.0605187	0.00414099	0.990686	-0.136101	-0.0605187	0.136101	0.988845	-1.72837	3.88739	58.3873	
0.998093	0.00428819	0.0615723	0.00428725	0.990357	-0.13847	-0.0615723	0.13847	0.988451	-1.78701	4.01927	59.337	
0.997981	0.00454227	0.063348	0.00465289	0.98953	-0.144254	-0.06334	0.144258	0.987511	-1.84701	4.15507	60.2861	
0.997866	0.00480704	0.065124	0.00502905	0.988668	-0.150035	-0.0651072	0.150042	0.986533	-1.9087	4.29642	61.2342	
0.997747	0.00508249	0.0668999	0.00541574	0.987772	-0.155813	-0.0668738	0.155824	0.985518	-1.97209	4.44333	62.1814	
0.997625	0.00536861	0.0686756	0.00581294	0.986841	-0.161587	-0.0686394	0.161603	0.984466	-2.03718	4.59579	63.1276	
0.997499	0.00566539	0.0704508	0.00622065	0.985877	-0.167357	-0.070404	0.167377	0.983376	-2.10397	4.7538	64.0728	
0.99737	0.00597282	0.0722254	0.00663885	0.984878	-0.173123	-0.0721673	0.173147	0.982248	-2.17244	4.91736	65.0169	
0.997238	0.00629088	0.0739992	0.00706752	0.983845	-0.178884	-0.073929	0.178913	0.981083	-2.24261	5.08645	65.9599	
0.997103	0.00661955	0.0757718	0.00750666	0.982778	-0.184639	-0.0756891	0.184673	0.979881	-2.31448	5.26108	66.9017	
0.996965	0.00695881	0.0775432	0.00795624	0.981676	-0.190389	-0.0774472	0.190428	0.978641	-2.38803	5.44125	67.8424	
0.996823	0.00730864	0.0793131	0.00841623	0.980541	-0.196133	-0.0792033	0.196177	0.977364	-2.46327	5.62693	68.7819	
0.996678	0.007669	0.0810814	0.00888663	0.979372	-0.20187	-0.080957	0.20192	0.97605	-2.54019	5.81814	69.7201	
0.99653	0.00803986	0.0828477	0.0093674	0.978169	-0.207601	-0.0827081	0.207656	0.974699	-2.6188	6.01486	70.6571	
0.996105	0.00913277	0.0876959	0.0113659	0.973022	-0.230433	-0.0874345	0.230533	0.969128	-2.70053	6.22534	71.5908	
0.995658	0.0103395	0.092515	0.0134749	0.967339	-0.253129	-0.0921105	0.253276	0.962999	-2.78677	6.45772	72.5188	
0.995187	0.0116593	0.0973021	0.0156931	0.961123	-0.275673	-0.0967334	0.275873	0.956314	-2.87747	6.71189	73.4407	
0.994693	0.0130914	0.102054	0.0180193	0.954379	-0.298055	-0.101301	0.298312	0.949078	-2.97259	6.98768	74.3559	
0.994176	0.014635	0.106769	0.0204521	0.947109	-0.320259	-0.105809	0.320578	0.941294	-3.07207	7.28495	75.2639	
0.993637	0.0162892	0.111444	0.02299	0.939319	-0.342275	-0.110257	0.342659	0.932967	-3.17586	7.60352	76.1642	
0.993076	0.0180531	0.116076	0.0256317	0.931012	-0.364089	-0.114641	0.364543	0.924103	-3.28388	7.94321	77.0562	
0.992494	0.0199256	0.120662	0.0283757	0.922193	-0.385688	-0.118959	0.386216	0.914705	-3.39609	8.30382	77.9394	
0.99189	0.0219057	0.1252	0.0312202	0.912868	-0.40706	-0.123208	0.407667	0.90478	-3.5124	8.68514	78.8134	
0.991265	0.0239922	0.129688	0.0341638	0.903041	-0.428193	-0.127386	0.428883	0.894333	-3.63277	9.08696	79.6775	
0.990619	0.0261839	0.134121	0.0372046	0.89272	-0.449074	-0.131491	0.449851	0.883371	-3.75712	9.50904	80.5314	
0.989953	0.0284795	0.138499	0.040341	0.881908	-0.469692	-0.13552	0.47056	0.871899	-3.88537	9.95114	81.3745	
0.989267	0.0308778	0.142819	0.0435711	0.870613	-0.490034	-0.139471	0.490998	0.859924	-4.01746	10.413	82.2063	
0.988562	0.0333773	0.147077	0.0468931	0.858842	-0.51009	-0.143342	0.511152	0.847453	-4.1533	10.8944	83.0264	
0.987837	0.0359766	0.151272	0.0503051	0.8466	-0.529846	-0.147129	0.531012	0.834494	-4.29282	11.3949	83.8343	
0.987094	0.0386743	0.155401	0.053805	0.833896	-0.549293	-0.150832	0.550565	0.821053	-4.43594	11.9144	84.6295	
0.986333	0.0414687	0.159462	0.0573909	0.820736	-0.568418	-0.154448	0.569801	0.807139	-4.58257	12.4526	85.4116	
0.985553	0.0443582	0.163453	0.0610607	0.807128	-0.587211	-0.157975	0.588708	0.792759	-4.73264	13.009	86.1801	
0.984757	0.0473411	0.16737	0.0648123	0.793079	-0.605661	-0.161411	0.607276	0.777922	-4.88605	13.5835	86.9345	
0.983943	0.0504159	0.171213	0.0686435	0.778599	-0.623756	-0.164753	0.625494	0.762636	-5.04271	14.1756	87.6745	
0.983113	0.0535806	0.174978	0.0725522	0.763695	-0.641488	-0.168001	0.64335	0.746911	-5.20254	14.7851	88.3995	
0.982267	0.0568334	0.178663	0.0765359	0.748375	-0.658845	-0.171152	0.660836	0.730755	-5.36544	15.4115	89.1093	
0.981406	0.0601726	0.182267	0.0805926	0.73265	-0.675818	-0.174204	0.677941	0.714177	-5.53133	16.0546	89.8033	
0.98053	0.063596	0.185787	0.0847197	0.716527	-0.692396	-0.177155	0.694655	0.697188	-5.7001	16.7139	90.4813	
0.979639	0.0671019	0.189222	0.088915	0.700016	-0.70857	-0.180005	0.710968	0.679796	-5.87165	17.389	91.1427	
