1	0	0	0	1	0	0	0	1	0	0	0	
0.999997	-2.99541e-06	-0.00246802	-2.99541e-06	0.999997	-0.00242737	0.00246802	0.00242737	0.999994	0.00112432	0.0011058	0.911109	
0.999988	-1.19984e-05	-0.00493983	-1.19951e-05	0.999988	-0.0048571	0.00493983	0.0048571	0.999976	0.00449901	0.00442429	1.82221	
0.999973	-2.7033e-05	-0.00741533	-2.70195e-05	0.999973	-0.0072891	0.00741533	0.0072891	0.999946	0.0101275	0.00995756	2.73328	
0.999951	-4.81224e-05	-0.00989444	-4.80887e-05	0.999953	-0.00972328	0.00989444	0.00972328	0.999904	0.018013	0.0177077	3.64433	
0.999923	-7.52893e-05	-0.0123771	-7.52218e-05	0.999926	-0.0121596	0.0123771	0.0121596	0.999849	0.028159	0.0276765	4.55533	
0.99989	-0.000108556	-0.0148632	-0.000108437	0.999893	-0.0145978	0.0148632	0.0145978	0.999783	0.0405684	0.039866	5.46627	
0.999849	-0.000147943	-0.0173526	-0.000147754	0.999855	-0.017038	0.0173526	0.017038	0.999704	0.0552445	0.0542779	6.37715	
0.999803	-0.000193473	-0.0198453	-0.000193188	0.99981	-0.01948	0.0198453	0.01948	0.999613	0.0721902	0.0709139	7.28795	
0.99975	-0.000245164	-0.0223411	-0.000244757	0.99976	-0.0219238	0.0223411	0.0219238	0.99951	0.0914084	0.0897756	8.19866	
0.999691	-0.000303037	-0.02484	-0.000302477	0.999703	-0.0243692	0.02484	0.0243692	0.999394	0.112902	0.110865	9.10928	
0.999626	-0.000367111	-0.027342	-0.000366363	0.99964	-0.0268161	0.027342	0.0268161	0.999266	0.136674	0.134182	10.0198	
0.999554	-0.000437404	-0.0298468	-0.00043643	0.999572	-0.0292645	0.0298468	0.0292645	0.999126	0.162727	0.15973	10.9302	
0.999476	-0.000513933	-0.0323544	-0.000512693	0.999497	-0.0317143	0.0323545	0.0317143	0.998973	0.191063	0.18751	11.8404	
0.999392	-0.000596717	-0.0348648	-0.000595164	0.999416	-0.0341654	0.0348648	0.0341654	0.998808	0.221685	0.217521	12.7505	
0.999301	-0.00068577	-0.0373778	-0.000683858	0.999329	-0.0366177	0.0373779	0.0366177	0.99863	0.254596	0.249767	13.6605	
0.999204	-0.00078111	-0.0398934	-0.000778786	0.999236	-0.0390711	0.0398935	0.039071	0.99844	0.289797	0.284248	14.5702	
0.9991	-0.000882751	-0.0424114	-0.000879959	0.999137	-0.0415255	0.0424115	0.0415255	0.998237	0.327291	0.320964	15.4798	
0.99899	-0.000990708	-0.0449318	-0.00098739	0.999032	-0.0439809	0.0449319	0.0439808	0.998021	0.367081	0.359917	16.3892	
0.998873	-0.001105	-0.0474545	-0.00110109	0.998921	-0.0464371	0.0474546	0.046437	0.997793	0.409169	0.401107	17.2984	
0.998749	-0.00122563	-0.0499794	-0.00122106	0.998803	-0.048894	0.0499795	0.0488939	0.997553	0.453555	0.444536	18.2074	
0.99862	-0.00135261	-0.0525064	-0.00134732	0.99868	-0.0513517	0.0525065	0.0513515	0.997299	0.500243	0.490203	19.1162	
0.998483	-0.00148597	-0.0550354	-0.00147988	0.99855	-0.0538099	0.0550356	0.0538097	0.997033	0.549235	0.53811	20.0247	
0.99834	-0.0016257	-0.0575663	-0.00161874	0.998414	-0.0562686	0.0575665	0.0562684	0.996755	0.600531	0.588257	20.933	
0.998191	-0.00177183	-0.0600991	-0.00176391	0.998272	-0.0587277	0.0600993	0.0587274	0.996463	0.654135	0.640644	21.841	
0.998035	-0.00192435	-0.0626336	-0.00191539	0.998124	-0.0611871	0.0626339	0.0611868	0.996159	0.710047	0.695271	22.7488	
0.997872	-0.00208329	-0.0651698	-0.0020732	0.99797	-0.0636468	0.0651701	0.0636464	0.995842	0.768269	0.75214	23.6563	
0.997703	-0.00224864	-0.0677076	-0.00223734	0.99781	-0.0661066	0.0677079	0.0661062	0.995513	0.828802	0.811249	24.5634	
0.997527	-0.00242042	-0.0702468	-0.00240781	0.997644	-0.0685664	0.0702472	0.068566	0.99517	0.891648	0.8726	25.4703	
0.997344	-0.00259864	-0.0727874	-0.00258461	0.997471	-0.0710262	0.0727879	0.0710257	0.994815	0.956809	0.936192	26.3768	
0.997155	-0.0027833	-0.0753293	-0.00276776	0.997292	-0.0734859	0.0753299	0.0734853	0.994447	1.02428	1.00202	27.2831	
0.996959	-0.00297441	-0.0778725	-0.00295725	0.997108	-0.0759454	0.0778731	0.0759447	0.994066	1.09408	1.0701	28.1889	
0.996756	-0.00317197	-0.0804167	-0.00315308	0.996917	-0.0784046	0.0804175	0.0784038	0.993673	1.16619	1.14041	29.0945	
0.996547	-0.00337599	-0.082962	-0.00335526	0.99672	-0.0808634	0.0829629	0.0808626	0.993267	1.24062	1.21297	29.9996	
0.996331	-0.00358648	-0.0855082	-0.00356379	0.996516	-0.0833218	0.0855092	0.0833208	0.992847	1.31736	1.28776	30.9044	
0.996108	-0.00380343	-0.0880553	-0.00377867	0.996307	-0.0857795	0.0880564	0.0857785	0.992415	1.39643	1.3648	31.8088	
0.995879	-0.00402686	-0.0906032	-0.00399989	0.996092	-0.0882367	0.0906044	0.0882355	0.99197	1.47782	1.44407	32.7128	
0.995643	-0.00425675	-0.0931517	-0.00422746	0.99587	-0.0906931	0.093153	0.0906917	0.991513	1.56154	1.52558	33.6164	
0.9954	-0.00449313	-0.0957008	-0.00446138	0.995642	-0.0931487	0.0957023	0.0931472	0.991042	1.64757	1.60933	34.5196	
0.99515	-0.00473598	-0.0982504	-0.00470164	0.995408	-0.0956034	0.0982521	0.0956017	0.990559	1.73593	1.69532	35.4223	
0.994894	-0.00498531	-0.1008	-0.00494824	0.995168	-0.0980571	0.100802	0.0980552	0.990063	1.82661	1.78354	36.3246	
0.994631	-0.00524112	-0.103351	-0.00520118	0.994922	-0.10051	0.103353	0.100508	0.989554	1.91961	1.87399	37.2264	
0.994361	-0.0055034	-0.105901	-0.00546045	0.99467	-0.102961	0.105904	0.102959	0.989032	2.01494	1.96668	38.1278	
0.994085	-0.00577217	-0.108452	-0.00572605	0.994412	-0.105411	0.108454	0.105409	0.988497	2.11259	2.06161	39.0286	
0.993802	-0.0060474	-0.111003	-0.00599797	0.994148	-0.10786	0.111005	0.107858	0.98795	2.21257	2.15876	39.929	
0.993512	-0.00632911	-0.113553	-0.00627621	0.993878	-0.110308	0.113556	0.110305	0.987389	2.31487	2.25815	40.8289	
0.993215	-0.00661729	-0.116104	-0.00656076	0.993601	-0.112754	0.116107	0.112751	0.986816	2.41949	2.35976	41.7283	
0.992912	-0.00691193	-0.118654	-0.00685161	0.993319	-0.115198	0.118658	0.115195	0.98623	2.52644	2.4636	42.6271	
0.992601	-0.00721303	-0.121204	-0.00714876	0.99303	-0.117641	0.121208	0.117637	0.985632	2.63571	2.56967	43.5254	
0.992284	-0.00752059	-0.123754	-0.00745219	0.992736	-0.120082	0.123758	0.120078	0.98502	2.74731	2.67796	44.4231	
0.991961	-0.0078346	-0.126303	-0.0077619	0.992436	-0.122521	0.126308	0.122517	0.984396	2.86123	2.78848	45.3203	
0.99163	-0.00815505	-0.128852	-0.00807788	0.992129	-0.124958	0.128857	0.124953	0.983759	2.97747	2.90122	46.2169	
0.991293	-0.00848194	-0.1314	-0.00840012	0.991817	-0.127394	0.131405	0.127388	0.98311	3.09603	3.01617	47.1129	
0.990949	-0.00881526	-0.133947	-0.00872861	0.991498	-0.129827	0.133953	0.129821	0.982448	3.21692	3.13335	48.0084	
0.990599	-0.009155	-0.136493	-0.00906333	0.991174	-0.132258	0.136499	0.132252	0.981773	3.34013	3.25273	48.9032	
0.990241	-0.00950116	-0.139039	-0.00940428	0.990844	-0.134687	0.139045	0.13468	0.981085	3.46565	3.37434	49.7974	
0.989877	-0.00985372	-0.141583	-0.00975143	0.990507	-0.137113	0.14159	0.137106	0.980385	3.5935	3.49815	50.6909	
0.989507	-0.0102127	-0.144126	-0.0101048	0.990165	-0.139537	0.144134	0.139529	0.979672	3.72366	3.62417	51.5838	
0.989129	-0.010578	-0.146669	-0.0104643	0.989817	-0.141959	0.146677	0.14195	0.978946	3.85614	3.7524	52.4761	
0.988745	-0.0109497	-0.149209	-0.01083	0.989463	-0.144377	0.149218	0.144368	0.978208	3.99094	3.88284	53.3677	
0.988354	-0.0113278	-0.151749	-0.0112019	0.989104	-0.146794	0.151758	0.146784	0.977458	4.12805	4.01547	54.2586	
0.987905	-0.0117567	-0.154613	-0.0110697	0.98923	-0.14595	0.154664	0.145897	0.977135	4.26764	4.14881	55.149	
0.987447	-0.0121837	-0.157481	-0.0109349	0.989356	-0.145107	0.157573	0.145008	0.976803	4.40988	4.28133	56.0392	
0.986979	-0.0126088	-0.160353	-0.0107976	0.98948	-0.144264	0.160486	0.144117	0.97646	4.55478	4.41304	56.929	
0.986502	-0.013032	-0.163229	-0.0106577	0.989604	-0.14342	0.163401	0.143224	0.976108	4.70233	4.54394	57.8185	
0.986016	-0.0134531	-0.166108	-0.0105152	0.989728	-0.142577	0.16632	0.14233	0.975746	4.85253	4.67403	58.7077	
0.98552	-0.0138722	-0.168989	-0.0103702	0.989851	-0.141734	0.16924	0.141434	0.975374	5.0054	4.8033	59.5965	
0.985016	-0.0142891	-0.171873	-0.0102225	0.989972	-0.14089	0.172162	0.140536	0.974992	5.16093	4.93175	60.485	
0.984502	-0.0147038	-0.174758	-0.0100723	0.990094	-0.140047	0.175086	0.139636	0.974601	5.31912	5.05938	61.3732	
0.983978	-0.0151162	-0.177646	-0.00991945	0.990214	-0.139203	0.178011	0.138735	0.974199	5.47997	5.1862	62.2609	
0.983446	-0.0155263	-0.180534	-0.009764	0.990334	-0.138359	0.180937	0.137832	0.973789	5.64349	5.31219	63.1484	
0.982905	-0.015934	-0.183423	-0.00960594	0.990453	-0.137516	0.183863	0.136927	0.973368	5.80968	5.43736	64.0354	
0.982355	-0.0163393	-0.186313	-0.00944526	0.990571	-0.136672	0.18679	0.13602	0.972938	5.97853	5.5617	64.9221	
0.981795	-0.0167421	-0.189203	-0.00928195	0.990689	-0.135828	0.189716	0.135112	0.972498	6.15005	5.68522	65.8083	
0.981227	-0.0171423	-0.192093	-0.00911602	0.990806	-0.134984	0.192641	0.134201	0.972049	6.32424	5.8079	66.6942	
0.98065	-0.0175399	-0.194982	-0.00894746	0.990922	-0.13414	0.195565	0.133289	0.971591	6.50109	5.92976	67.5796	
0.980064	-0.0179349	-0.197871	-0.00877625	0.991037	-0.133296	0.198488	0.132375	0.971123	6.6806	6.05078	68.4646	
0.979469	-0.0183272	-0.200758	-0.00860241	0.991152	-0.132452	0.201409	0.13146	0.970646	6.86278	6.17098	69.3492	
0.978866	-0.0187167	-0.203643	-0.00842591	0.991266	-0.131608	0.204328	0.130542	0.970159	7.04761	6.29033	70.2333	
0.978254	-0.0191034	-0.206527	-0.00824677	0.991379	-0.130764	0.207244	0.129623	0.969664	7.23511	6.40885	71.117	
0.977721	-0.0194062	-0.20901	-0.00352605	0.994058	-0.108791	0.20988	0.107104	0.971843	7.42514	6.5167	72.0015	
0.977181	-0.0196514	-0.211499	0.00125309	0.996227	-0.0867747	0.212406	0.0845295	0.973519	7.61752	6.604	72.8878	
0.976634	-0.0198388	-0.213991	0.00608817	0.997884	-0.0647263	0.214823	0.061911	0.974689	7.81216	6.67072	73.7754	
0.976081	-0.0199682	-0.216486	0.0109767	0.999029	-0.042657	0.217128	0.0392604	0.975353	8.00894	6.71681	74.6637	
0.975523	-0.0200396	-0.218982	0.0159161	0.999662	-0.0205785	0.21932	0.0165895	0.975512	8.20778	6.74225	75.5525	
0.974959	-0.0200531	-0.221478	0.0209039	0.99978	0.00149789	0.221399	-0.00609012	0.975164	8.40856	6.74704	76.4412	
0.97439	-0.0200085	-0.223972	0.0259374	0.999386	0.0235607	0.223363	-0.0287665	0.974311	8.61118	6.73116	77.3293	
0.973816	-0.0199059	-0.226463	0.031014	0.998478	0.0455985	0.22521	-0.051428	0.972952	8.81554	6.69462	78.2164	
0.973238	-0.0197453	-0.22895	0.0361311	0.997058	0.0675997	0.226941	-0.0740629	0.971088	9.02153	6.63745	79.1021	
0.972655	-0.0195269	-0.231431	0.0412861	0.995126	0.0895531	0.228555	-0.0966592	0.968721	9.22904	6.55967	79.9858	
0.972069	-0.0192508	-0.233906	0.0464763	0.992683	0.111447	0.230049	-0.119205	0.965851	9.43797	6.46133	80.8672	
0.971478	-0.018917	-0.236373	0.0516989	0.98973	0.133271	0.231425	-0.14169	0.962479	9.64821	6.34247	81.7457	
0.970884	-0.0185258	-0.238831	0.0569513	0.98627	0.155012	0.23268	-0.164101	0.958609	9.85964	6.20316	82.6209	
0.970288	-0.0180774	-0.241278	0.0622308	0.982303	0.176661	0.233815	-0.186427	0.954241	10.0722	6.04347	83.4923	
0.969688	-0.0175719	-0.243713	0.0675346	0.977831	0.198204	0.234828	-0.208656	0.949378	10.2857	5.86348	84.3596	
0.969086	-0.0170097	-0.246136	0.0728599	0.972858	0.219633	0.235719	-0.230776	0.944023	10.5	5.66329	85.2221	
0.968482	-0.0163911	-0.248544	0.078204	0.967386	0.240934	0.236488	-0.252777	0.938177	10.7152	5.44299	86.0796	
0.967876	-0.0157164	-0.250936	0.0835641	0.961417	0.262098	0.237135	-0.274647	0.931845	10.9309	5.20271	86.9316	
0.967269	-0.0149859	-0.253312	0.0889375	0.954954	0.283112	0.237658	-0.296375	0.92503	11.1472	4.94257	87.7775	
0.96666	-0.0141999	-0.255669	0.0943213	0.948002	0.303968	0.238058	-0.317948	0.917735	11.364	4.6627	88.617	
