1	0	0	0	1	0	0	0	1	0	0	0	
0.999997	-1.9952e-06	-0.00231451	-1.9952e-06	0.999999	-0.00172408	0.00231451	0.00172408	0.999996	0.000845734	0.000629985	0.730807	
0.999989	-7.99558e-06	-0.00463336	-7.99512e-06	0.999994	-0.00345118	0.00463336	0.00345118	0.999983	0.00338452	0.00252105	1.46161	
0.999976	-1.80229e-05	-0.00695648	-1.80211e-05	0.999987	-0.00518127	0.00695648	0.00518127	0.999962	0.00761949	0.00567538	2.1924	
0.999957	-3.20989e-05	-0.00928381	-3.20944e-05	0.999976	-0.00691431	0.00928381	0.00691431	0.999933	0.0135538	0.0100952	2.92317	
0.999933	-5.02447e-05	-0.0116153	-5.02356e-05	0.999963	-0.00865024	0.0116153	0.00865024	0.999895	0.0211904	0.0157825	3.65391	
0.999903	-7.24815e-05	-0.0139509	-7.24655e-05	0.999946	-0.010389	0.0139509	0.010389	0.999849	0.0305324	0.0227395	4.38463	
0.999867	-9.88299e-05	-0.0162905	-9.88044e-05	0.999926	-0.0121306	0.0162905	0.0121306	0.999794	0.0415827	0.0309683	5.11531	
0.999826	-0.000129311	-0.0186341	-0.000129272	0.999904	-0.013875	0.0186341	0.013875	0.99973	0.0543443	0.0404709	5.84594	
0.99978	-0.000163944	-0.0209816	-0.000163889	0.999878	-0.0156221	0.0209816	0.0156221	0.999658	0.0688201	0.0512492	6.57653	
0.999728	-0.000202749	-0.023333	-0.000202674	0.999849	-0.0173718	0.023333	0.0173718	0.999577	0.0850128	0.0633053	7.30705	
0.99967	-0.000245747	-0.0256882	-0.000245646	0.999817	-0.0191242	0.0256882	0.0191242	0.999487	0.102925	0.0766412	8.03752	
0.999607	-0.000292957	-0.0280472	-0.000292825	0.999782	-0.0208792	0.0280472	0.0208792	0.999389	0.122561	0.0912586	8.76792	
0.999537	-0.000344397	-0.0304098	-0.000344229	0.999744	-0.0226368	0.0304098	0.0226367	0.999281	0.143921	0.10716	9.49824	
0.999463	-0.000400087	-0.0327761	-0.000399877	0.999702	-0.0243968	0.0327761	0.0243968	0.999165	0.167009	0.124346	10.2285	
0.999382	-0.000460046	-0.0351459	-0.000459787	0.999658	-0.0261593	0.0351459	0.0261593	0.99904	0.191828	0.142819	10.9586	
0.999296	-0.000524291	-0.0375192	-0.000523976	0.99961	-0.0279242	0.0375192	0.0279242	0.998906	0.218381	0.162581	11.6887	
0.999204	-0.000592842	-0.039896	-0.000592463	0.999559	-0.0296915	0.0398961	0.0296914	0.998763	0.246668	0.183634	12.4186	
0.999106	-0.000665715	-0.0422762	-0.000665265	0.999505	-0.031461	0.0422763	0.031461	0.99861	0.276695	0.20598	13.1485	
0.999002	-0.000742928	-0.0446598	-0.000742398	0.999447	-0.0332329	0.0446598	0.0332329	0.998449	0.308461	0.229619	13.8782	
0.998892	-0.0008245	-0.0470466	-0.00082388	0.999387	-0.035007	0.0470466	0.035007	0.998279	0.341971	0.254554	14.6078	
0.998777	-0.000910446	-0.0494366	-0.000909727	0.999323	-0.0367833	0.0494366	0.0367833	0.9981	0.377227	0.280787	15.3373	
0.998655	-0.00100078	-0.0518298	-0.000999956	0.999256	-0.0385618	0.0518298	0.0385618	0.997911	0.41423	0.308318	16.0667	
0.998528	-0.00109553	-0.0542261	-0.00109458	0.999185	-0.0403423	0.0542261	0.0403423	0.997713	0.452983	0.33715	16.7959	
0.998395	-0.0011947	-0.0566254	-0.00119362	0.999112	-0.042125	0.0566254	0.0421249	0.997506	0.493489	0.367284	17.525	
0.998255	-0.00129831	-0.0590277	-0.00129709	0.999035	-0.0439096	0.0590278	0.0439095	0.99729	0.535749	0.398722	18.2539	
0.99811	-0.00140638	-0.061433	-0.001405	0.998954	-0.0456962	0.061433	0.0456961	0.997065	0.579766	0.431464	18.9826	
0.997959	-0.00151891	-0.0638411	-0.00151737	0.998871	-0.0474847	0.0638411	0.0474847	0.99683	0.625542	0.465513	19.7112	
0.997802	-0.00163594	-0.066252	-0.00163422	0.998784	-0.0492751	0.066252	0.049275	0.996585	0.673078	0.500869	20.4396	
0.997638	-0.00175747	-0.0686656	-0.00175555	0.998694	-0.0510673	0.0686657	0.0510673	0.996332	0.722378	0.537534	21.1678	
0.997469	-0.00188351	-0.071082	-0.00188138	0.9986	-0.0528614	0.071082	0.0528613	0.996069	0.773442	0.57551	21.8958	
0.997293	-0.00201408	-0.073501	-0.00201173	0.998503	-0.0546572	0.073501	0.0546571	0.995796	0.826273	0.614798	22.6237	
0.997111	-0.0021492	-0.0759225	-0.00214661	0.998403	-0.0564546	0.0759226	0.0564545	0.995514	0.880873	0.655399	23.3513	
0.996924	-0.00228887	-0.0783465	-0.00228603	0.998299	-0.0582538	0.0783466	0.0582537	0.995223	0.937244	0.697314	24.0787	
0.99673	-0.00243312	-0.080773	-0.00243001	0.998192	-0.0600545	0.0807731	0.0600544	0.994922	0.995387	0.740544	24.8059	
0.996529	-0.00258196	-0.0832019	-0.00257856	0.998082	-0.0618569	0.083202	0.0618567	0.994611	1.0553	0.785091	25.5329	
0.996323	-0.00273539	-0.0856332	-0.00273168	0.997968	-0.0636607	0.0856333	0.0636606	0.994291	1.117	0.830955	26.2597	
0.99611	-0.00289343	-0.0880667	-0.0028894	0.997851	-0.0654661	0.0880668	0.0654659	0.993961	1.18047	0.878139	26.9862	
0.995892	-0.0030561	-0.0905024	-0.00305173	0.99773	-0.0672728	0.0905025	0.0672726	0.993622	1.24572	0.926642	27.7125	
0.995666	-0.0032234	-0.0929402	-0.00321867	0.997606	-0.069081	0.0929404	0.0690808	0.993272	1.31275	0.976466	28.4385	
0.995435	-0.00339535	-0.0953802	-0.00339024	0.997478	-0.0708905	0.0953804	0.0708903	0.992913	1.38156	1.02761	29.1642	
0.995197	-0.00357196	-0.0978222	-0.00356645	0.997347	-0.0727014	0.0978224	0.0727011	0.992545	1.45216	1.08008	29.8897	
0.994954	-0.00375324	-0.100266	-0.00374731	0.997213	-0.0745134	0.100266	0.0745131	0.992167	1.52454	1.13387	30.615	
0.994703	-0.0039392	-0.102712	-0.00393283	0.997075	-0.0763267	0.102712	0.0763264	0.991778	1.59871	1.18899	31.3399	
0.994447	-0.00412985	-0.10516	-0.00412302	0.996934	-0.0781412	0.10516	0.0781409	0.991381	1.67467	1.24543	32.0646	
0.994184	-0.00432521	-0.107609	-0.0043179	0.996789	-0.0799568	0.10761	0.0799564	0.990973	1.75242	1.3032	32.7889	
0.993915	-0.00452528	-0.110061	-0.00451746	0.996641	-0.0817735	0.110061	0.0817731	0.990555	1.83195	1.3623	33.513	
0.993639	-0.00473008	-0.112514	-0.00472172	0.996489	-0.0835913	0.112514	0.0835908	0.990128	1.91328	1.42272	34.2367	
0.993357	-0.00493961	-0.114968	-0.0049307	0.996334	-0.08541	0.114969	0.0854095	0.989691	1.99641	1.48448	34.9602	
0.993068	-0.00515388	-0.117424	-0.00514439	0.996175	-0.0872297	0.117425	0.0872291	0.989243	2.08132	1.54756	35.6833	
0.992774	-0.0053729	-0.119882	-0.00536281	0.996013	-0.0890503	0.119883	0.0890496	0.988786	2.16804	1.61197	36.4061	
0.992472	-0.00559669	-0.122341	-0.00558596	0.995847	-0.0908717	0.122342	0.0908711	0.988319	2.25655	1.67772	37.1285	
0.991875	-0.00603971	-0.127074	-0.00598894	0.995548	-0.0940639	0.127077	0.0940606	0.987423	2.34769	1.74529	37.8504	
0.991254	-0.00649822	-0.131805	-0.00640752	0.995239	-0.0972554	0.13181	0.0972493	0.986493	2.44228	1.8152	38.5717	
0.990611	-0.00697221	-0.136533	-0.0068417	0.994919	-0.100446	0.13654	0.100437	0.98553	2.54034	1.88743	39.2923	
0.989945	-0.00746168	-0.141259	-0.0072915	0.994589	-0.103636	0.141268	0.103624	0.984533	2.64185	1.962	40.0122	
0.989255	-0.00796665	-0.145982	-0.00775692	0.994248	-0.106824	0.145993	0.106809	0.983503	2.74682	2.03889	40.7313	
0.988543	-0.0084871	-0.150701	-0.00823796	0.993896	-0.110012	0.150715	0.109993	0.982439	2.85524	2.11811	41.4497	
0.987808	-0.00902304	-0.155417	-0.00873462	0.993534	-0.113198	0.155434	0.113175	0.981342	2.96711	2.19966	42.1673	
0.98705	-0.00957447	-0.16013	-0.0092469	0.993162	-0.116382	0.160149	0.116355	0.980211	3.08242	2.28353	42.884	
0.986268	-0.0101414	-0.164838	-0.00977481	0.992778	-0.119564	0.16486	0.119534	0.979047	3.20118	2.36973	43.5999	
0.985464	-0.0107238	-0.169543	-0.0103183	0.992385	-0.122744	0.169568	0.12271	0.977849	3.32338	2.45824	44.315	
0.984638	-0.0113216	-0.174243	-0.0108775	0.99198	-0.125923	0.174272	0.125884	0.976618	3.44902	2.54908	45.0292	
0.983788	-0.0119349	-0.178939	-0.0114522	0.991566	-0.129099	0.178971	0.129055	0.975353	3.5781	2.64224	45.7424	
0.982915	-0.0125637	-0.183631	-0.0120426	0.99114	-0.132272	0.183665	0.132224	0.974055	3.71061	2.73771	46.4548	
0.982019	-0.0132079	-0.188317	-0.0126485	0.990704	-0.135443	0.188355	0.13539	0.972724	3.84655	2.8355	47.1661	
0.981101	-0.0138676	-0.192998	-0.01327	0.990258	-0.138611	0.19304	0.138553	0.971359	3.98591	2.9356	47.8765	
0.98016	-0.0145427	-0.197675	-0.0139071	0.989801	-0.141776	0.19772	0.141713	0.969961	4.1287	3.03801	48.5859	
0.979196	-0.0152332	-0.202345	-0.0145598	0.989334	-0.144938	0.202395	0.144869	0.968529	4.2749	3.14272	49.2942	
0.978209	-0.0159391	-0.20701	-0.015228	0.988856	-0.148097	0.207064	0.148022	0.967065	4.42452	3.24975	50.0015	
0.977199	-0.0166603	-0.211669	-0.0159117	0.988367	-0.151252	0.211727	0.151172	0.965567	4.57755	3.35908	50.7077	
0.976167	-0.017397	-0.216322	-0.016611	0.987868	-0.154404	0.216384	0.154317	0.964035	4.73398	3.4707	51.4128	
0.975112	-0.018149	-0.220969	-0.0173257	0.987359	-0.157552	0.221035	0.157459	0.962471	4.89382	3.58463	52.1167	
0.974034	-0.0189163	-0.225609	-0.0180559	0.986839	-0.160696	0.225679	0.160597	0.960873	5.05705	3.70085	52.8195	
0.972934	-0.0196989	-0.230242	-0.0188015	0.986308	-0.163836	0.230317	0.16373	0.959243	5.22367	3.81936	53.5211	
0.971811	-0.0204968	-0.234868	-0.0195626	0.985768	-0.166971	0.234948	0.166859	0.957579	5.39368	3.94016	54.2215	
0.970666	-0.0213099	-0.239487	-0.0203391	0.985216	-0.170102	0.239572	0.169983	0.955882	5.56707	4.06324	54.9207	
0.969498	-0.0221383	-0.244099	-0.021131	0.984655	-0.173229	0.244188	0.173103	0.954153	5.74384	4.18861	55.6187	
0.968307	-0.0229819	-0.248703	-0.0219382	0.984083	-0.176351	0.248798	0.176218	0.95239	5.92398	4.31625	56.3153	
0.967094	-0.0238407	-0.2533	-0.0227608	0.983501	-0.179468	0.253399	0.179327	0.950595	6.10749	4.44617	57.0107	
0.965859	-0.0247146	-0.257888	-0.0235986	0.982908	-0.182579	0.257993	0.182432	0.948767	6.29435	4.57836	57.7047	
0.964601	-0.0256037	-0.262469	-0.0244517	0.982305	-0.185686	0.262579	0.185531	0.946906	6.48457	4.71281	58.3974	
0.963321	-0.0265078	-0.267041	-0.02532	0.981692	-0.188787	0.267156	0.188624	0.945013	6.67814	4.84953	59.0887	
0.962018	-0.0274271	-0.271604	-0.0262036	0.981068	-0.191883	0.271725	0.191712	0.943087	6.87505	4.98851	59.7787	
0.960694	-0.0283613	-0.276158	-0.0271022	0.980434	-0.194973	0.276285	0.194794	0.941128	7.07529	5.12974	60.4672	
0.959347	-0.0293106	-0.280704	-0.0280161	0.97979	-0.198057	0.280836	0.197869	0.939137	7.27887	5.27322	61.1542	
0.957978	-0.0302748	-0.28524	-0.028945	0.979136	-0.201135	0.285378	0.200939	0.937114	7.48577	5.41894	61.8398	
0.956587	-0.031254	-0.289767	-0.0298889	0.978471	-0.204207	0.289911	0.204002	0.935059	7.69598	5.56691	62.5239	
0.955174	-0.032248	-0.294285	-0.0308479	0.977797	-0.207272	0.294435	0.207059	0.932971	7.9095	5.71712	63.2065	
0.953739	-0.0332569	-0.298792	-0.0318218	0.977112	-0.210332	0.298948	0.210109	0.930851	8.12633	5.86955	63.8875	
0.952282	-0.0342806	-0.30329	-0.0328106	0.976417	-0.213384	0.303452	0.213153	0.928699	8.34645	6.02421	64.567	
0.950803	-0.0353191	-0.307777	-0.0338144	0.975712	-0.21643	0.307946	0.216189	0.926516	8.56986	6.1811	65.2449	
0.949302	-0.0363723	-0.312254	-0.0348329	0.974998	-0.219468	0.312429	0.219219	0.9243	8.79655	6.3402	65.9212	
0.94778	-0.0374402	-0.31672	-0.0358663	0.974273	-0.2225	0.316902	0.222241	0.922053	9.02651	6.50151	66.5959	
0.946236	-0.0385227	-0.321176	-0.0369143	0.973538	-0.225524	0.321365	0.225255	0.919774	9.25973	6.66503	67.2689	
0.94467	-0.0396199	-0.32562	-0.0379771	0.972793	-0.228541	0.325816	0.228262	0.917464	9.49622	6.83074	67.9402	
0.943083	-0.0407316	-0.330054	-0.0390545	0.972039	-0.231551	0.330257	0.231262	0.915122	9.73595	6.99866	68.6099	
0.941474	-0.0418578	-0.334476	-0.0401465	0.971274	-0.234553	0.334686	0.234253	0.912749	9.97892	7.16876	69.2778	
0.939844	-0.0429984	-0.338886	-0.041253	0.9705	-0.237547	0.339103	0.237237	0.910345	10.2251	7.34104	69.944	
0.934449	-0.0467618	-0.353012	-0.0445554	0.968196	-0.246194	0.353297	0.245784	0.902647	10.4781	7.51755	70.6065	
