1	0	0	0	1	0	0	0	1	0	0	0	
0.999997	5.65699e-06	-0.00250007	5.65699e-06	0.99999	0.00452543	0.00250007	-0.00452543	0.999987	0.0011566	-0.00209359	0.925248	
0.999987	2.26328e-05	-0.00500086	2.26287e-05	0.999959	0.00905052	0.00500086	-0.00905052	0.999947	0.00462674	-0.00837419	1.85047	
0.999972	5.09334e-05	-0.00750228	5.09172e-05	0.999908	0.0135751	0.00750228	-0.0135751	0.99988	0.010411	-0.0188414	2.77565	
0.99995	9.05644e-05	-0.0100043	9.05238e-05	0.999836	0.0180992	0.0100043	-0.0180992	0.999786	0.01851	-0.0334948	3.70075	
0.999922	0.000141531	-0.0125067	0.00014145	0.999744	0.0226225	0.0125067	-0.0226225	0.999666	0.0289242	-0.0523338	4.62575	
0.999887	0.000203838	-0.0150097	0.000203696	0.999631	0.0271449	0.0150097	-0.0271449	0.999519	0.0416541	-0.0753575	5.55062	
0.999847	0.00027749	-0.0175129	0.000277263	0.999498	0.0316664	0.0175129	-0.0316664	0.999345	0.0566999	-0.102565	6.47535	
0.9998	0.000362491	-0.0200165	0.00036215	0.999345	0.0361867	0.0200165	-0.0361867	0.999145	0.074062	-0.133956	7.39991	
0.999746	0.000458845	-0.0225202	0.000458358	0.999171	0.0407059	0.0225202	-0.0407059	0.998917	0.0937407	-0.169529	8.32427	
0.999687	0.000566554	-0.0250241	0.000565885	0.998977	0.0452236	0.0250241	-0.0452236	0.998663	0.115736	-0.209282	9.2484	
0.999621	0.000685623	-0.0275281	0.000684731	0.998762	0.0497399	0.0275281	-0.0497399	0.998383	0.140048	-0.253215	10.1723	
0.999549	0.000816054	-0.0300321	0.000814894	0.998527	0.0542546	0.0300321	-0.0542546	0.998075	0.166677	-0.301325	11.0959	
0.99947	0.000957849	-0.032536	0.000956372	0.998271	0.0587675	0.032536	-0.0587675	0.997741	0.195623	-0.353612	12.0192	
0.999385	0.00111101	-0.0350397	0.00110916	0.997995	0.0632785	0.0350398	-0.0632785	0.997381	0.226885	-0.410074	12.9422	
0.999294	0.00127554	-0.0375433	0.00127327	0.997699	0.0677876	0.0375434	-0.0677875	0.996993	0.260464	-0.470709	13.8649	
0.999197	0.00145143	-0.0400466	0.00144868	0.997382	0.0722945	0.0400467	-0.0722945	0.996579	0.296359	-0.535515	14.7872	
0.999093	0.0016387	-0.0425495	0.00163539	0.997045	0.0767992	0.0425496	-0.0767991	0.996138	0.334571	-0.604489	15.709	
0.998983	0.00183733	-0.0450519	0.00183341	0.996688	0.0813015	0.0450521	-0.0813014	0.995671	0.375098	-0.677631	16.6305	
0.998867	0.00204734	-0.0475539	0.00204272	0.99631	0.0858013	0.0475541	-0.0858012	0.995177	0.41794	-0.754937	17.5515	
0.998744	0.00226871	-0.0500553	0.00226332	0.995912	0.0902984	0.0500556	-0.0902983	0.994656	0.463097	-0.836406	18.4721	
0.998615	0.00250146	-0.0525561	0.00249521	0.995494	0.0947928	0.0525564	-0.0947927	0.994109	0.510568	-0.922034	19.3921	
0.998479	0.00274557	-0.0550562	0.00273839	0.995055	0.0992844	0.0550565	-0.0992842	0.993535	0.560353	-1.01182	20.3117	
0.998338	0.00300104	-0.0575555	0.00299284	0.994597	0.103773	0.0575559	-0.103773	0.992934	0.61245	-1.10576	21.2307	
0.99819	0.00326788	-0.0600539	0.00325857	0.994117	0.108258	0.0600544	-0.108258	0.992307	0.66686	-1.20385	22.1491	
0.998035	0.00354609	-0.0625514	0.00353555	0.993618	0.11274	0.062552	-0.11274	0.991654	0.723581	-1.30609	23.0669	
0.997875	0.00383565	-0.0650479	0.0038238	0.993099	0.117219	0.0650486	-0.117219	0.990973	0.782612	-1.41247	23.9841	
0.997708	0.00413656	-0.0675433	0.0041233	0.992559	0.121694	0.0675441	-0.121694	0.990267	0.843953	-1.523	24.9007	
0.997534	0.00444883	-0.0700376	0.00443404	0.991999	0.126166	0.0700385	-0.126165	0.989534	0.907603	-1.63767	25.8166	
0.997355	0.00477245	-0.0725307	0.00475602	0.991419	0.130634	0.0725318	-0.130633	0.988774	0.97356	-1.75647	26.7319	
0.997169	0.00510742	-0.0750225	0.00508923	0.990819	0.135098	0.0750237	-0.135097	0.987988	1.04182	-1.8794	27.6464	
0.996976	0.00545373	-0.0775129	0.00543366	0.990199	0.139557	0.0775143	-0.139557	0.987175	1.11239	-2.00647	28.5601	
0.996778	0.00581137	-0.080002	0.0057893	0.989559	0.144013	0.0800036	-0.144012	0.986337	1.18526	-2.13765	29.4731	
0.996573	0.00618034	-0.0824895	0.00615615	0.988899	0.148465	0.0824913	-0.148464	0.985471	1.26044	-2.27296	30.3853	
0.996361	0.00656064	-0.0849754	0.00653418	0.988218	0.152912	0.0849775	-0.152911	0.98458	1.33791	-2.41238	31.2967	
0.996144	0.00695225	-0.0874598	0.0069234	0.987518	0.157354	0.0874621	-0.157353	0.983662	1.41769	-2.55592	32.2073	
0.99592	0.00735518	-0.0899424	0.00732379	0.986798	0.161792	0.0899449	-0.161791	0.982717	1.49976	-2.70357	33.117	
0.99569	0.00776941	-0.0924232	0.00773535	0.986057	0.166225	0.0924261	-0.166224	0.981747	1.58413	-2.85531	34.0258	
0.995453	0.00819495	-0.0949022	0.00815805	0.985297	0.170654	0.0949054	-0.170652	0.98075	1.6708	-3.01116	34.9337	
0.99521	0.00863177	-0.0973792	0.0085919	0.984517	0.175077	0.0973828	-0.175075	0.979727	1.75975	-3.17111	35.8407	
0.994961	0.00907988	-0.0998543	0.00903687	0.983717	0.179495	0.0998582	-0.179493	0.978678	1.851	-3.33514	36.7467	
0.994705	0.00953926	-0.102327	0.00949296	0.982898	0.183908	0.102332	-0.183906	0.977603	1.94454	-3.50326	37.6517	
0.994443	0.0100099	-0.104798	0.00996016	0.982058	0.188316	0.104803	-0.188313	0.976501	2.04037	-3.67545	38.5557	
0.994175	0.0104918	-0.107267	0.0104384	0.981199	0.192718	0.107272	-0.192715	0.975374	2.13848	-3.85173	39.4587	
0.9939	0.010985	-0.109733	0.0109278	0.98032	0.197114	0.109739	-0.197111	0.97422	2.23887	-4.03207	40.3607	
0.99362	0.0114894	-0.112197	0.0114282	0.979421	0.201505	0.112203	-0.201501	0.97304	2.34155	-4.21648	41.2615	
0.993332	0.012005	-0.114659	0.0119397	0.978502	0.205889	0.114666	-0.205886	0.971835	2.44651	-4.40495	42.1613	
0.993039	0.0125318	-0.117118	0.0124622	0.977564	0.210268	0.117125	-0.210264	0.970603	2.55374	-4.59747	43.0599	
0.992739	0.0130699	-0.119574	0.0129958	0.976607	0.214641	0.119583	-0.214636	0.969346	2.66325	-4.79404	43.9574	
0.992433	0.0136191	-0.122028	0.0135403	0.975629	0.219007	0.122037	-0.219002	0.968062	2.77503	-4.99465	44.8537	
0.992121	0.0141796	-0.12448	0.0140959	0.974632	0.223367	0.124489	-0.223362	0.966753	2.88908	-5.1993	45.7488	
0.991802	0.0147512	-0.126928	0.0146624	0.973616	0.227721	0.126938	-0.227715	0.965418	3.00539	-5.40798	46.6427	
0.991477	0.0153339	-0.129374	0.0152398	0.97258	0.232068	0.129385	-0.232061	0.964058	3.12398	-5.62069	47.5353	
0.991146	0.0159278	-0.131816	0.0158283	0.971525	0.236408	0.131828	-0.236401	0.962671	3.24482	-5.83741	48.4266	
0.990809	0.0165329	-0.134256	0.0164276	0.97045	0.240741	0.134269	-0.240734	0.961259	3.36792	-6.05815	49.3167	
0.990465	0.017149	-0.136693	0.0170379	0.969356	0.245068	0.136707	-0.24506	0.959821	3.49328	-6.28289	50.2054	
0.990115	0.0177763	-0.139126	0.017659	0.968243	0.249387	0.139141	-0.249379	0.958358	3.6209	-6.51163	51.0928	
0.989759	0.0184147	-0.141556	0.018291	0.96711	0.253699	0.141572	-0.25369	0.956869	3.75077	-6.74437	51.9789	
0.989396	0.0190641	-0.143983	0.0189339	0.965958	0.258004	0.144001	-0.257994	0.955355	3.88288	-6.98108	52.8635	
0.989028	0.0197246	-0.146407	0.0195876	0.964787	0.262301	0.146426	-0.262291	0.953815	4.01724	-7.22178	53.7468	
0.988653	0.0203962	-0.148827	0.0202522	0.963597	0.266591	0.148847	-0.26658	0.95225	4.15384	-7.46645	54.6286	
0.988272	0.0210788	-0.151244	0.0209275	0.962388	0.270873	0.151265	-0.270861	0.950659	4.29268	-7.71509	55.5089	
0.988205	0.0211979	-0.151661	0.021204	0.961891	0.272608	0.15166	-0.272609	0.950097	4.43282	-7.96651	56.3882	
0.988139	0.0213178	-0.152077	0.0214812	0.961392	0.274342	0.152054	-0.274355	0.949531	4.57333	-8.21955	57.2671	
0.988072	0.0214384	-0.152493	0.0217592	0.96089	0.276075	0.152448	-0.2761	0.948962	4.7142	-8.47421	58.1453	
0.988005	0.0215597	-0.152909	0.0220378	0.960384	0.277807	0.152841	-0.277844	0.948389	4.85543	-8.73048	59.0231	
0.987938	0.0216818	-0.153324	0.0223172	0.959875	0.279537	0.153233	-0.279587	0.947814	4.99703	-8.98836	59.9003	
0.987871	0.0218046	-0.153739	0.0225972	0.959364	0.281267	0.153624	-0.281329	0.947235	5.13899	-9.24785	60.777	
0.987804	0.0219282	-0.154154	0.0228779	0.958849	0.282995	0.154016	-0.28307	0.946652	5.28131	-9.50896	61.6532	
0.987736	0.0220526	-0.154569	0.0231593	0.95833	0.284722	0.154407	-0.284809	0.946067	5.424	-9.77167	62.5288	
0.987668	0.0221779	-0.154983	0.0234413	0.957809	0.286447	0.154797	-0.286547	0.945478	5.56704	-10.036	63.4039	
0.9876	0.022304	-0.155398	0.023724	0.957285	0.288171	0.155188	-0.288284	0.944886	5.71045	-10.3019	64.2784	
0.987532	0.0224311	-0.155813	0.0240073	0.956758	0.289893	0.155578	-0.290019	0.94429	5.85422	-10.5695	65.1524	
0.987463	0.022559	-0.156228	0.0242912	0.956228	0.291613	0.155968	-0.291753	0.943692	5.99835	-10.8386	66.0259	
0.987395	0.0226878	-0.156644	0.0245757	0.955695	0.293332	0.156358	-0.293484	0.94309	6.14284	-11.1094	66.8987	
0.987326	0.0228177	-0.157059	0.0248609	0.955158	0.295049	0.156749	-0.295214	0.942485	6.28769	-11.3817	67.771	
0.987256	0.0229485	-0.157476	0.0251466	0.954619	0.296765	0.15714	-0.296943	0.941877	6.4329	-11.6557	68.6428	
0.987187	0.0230803	-0.157892	0.0254329	0.954078	0.298478	0.15753	-0.298669	0.941266	6.57848	-11.9312	69.514	
0.989347	0.0189198	-0.144342	0.0226982	0.959344	0.281325	0.143796	-0.281605	0.948695	6.71789	-12.1997	70.3884	
0.99131	0.0150051	-0.130688	0.0202134	0.964299	0.264042	0.129984	-0.264389	0.955616	6.84455	-12.4523	71.2694	
0.993074	0.0113383	-0.116939	0.01798	0.968941	0.246638	0.116103	-0.247033	0.962026	6.9584	-12.6889	72.1566	
0.994639	0.00792131	-0.103101	0.0159991	0.973266	0.229122	0.10216	-0.229544	0.967922	7.05938	-12.9094	73.0495	
0.996004	0.00475599	-0.0891831	0.0142717	0.977273	0.211504	0.0881621	-0.211932	0.9733	7.14743	-13.1136	73.9476	
0.997167	0.00184404	-0.0751914	0.0127989	0.980959	0.193793	0.0741171	-0.194207	0.978157	7.22251	-13.3015	74.8504	
0.998129	-0.000812989	-0.0611339	0.0115814	0.984322	0.175999	0.0600324	-0.176378	0.98249	7.28457	-13.473	75.7575	
0.998889	-0.00321368	-0.047018	0.0106199	0.987361	0.158131	0.0459156	-0.158454	0.986298	7.33359	-13.6279	76.6684	
0.999446	-0.00535675	-0.0328513	0.00991476	0.990074	0.140198	0.0317742	-0.140446	0.989578	7.36953	-13.7661	77.5825	
0.9998	-0.00724105	-0.0186413	0.00946651	0.992459	0.122211	0.0176158	-0.122363	0.992329	7.39238	-13.8877	78.4994	
0.999951	-0.00886557	-0.00439571	0.00927534	0.994515	0.104178	0.003448	-0.104214	0.994549	7.40213	-13.9926	79.4186	
0.999899	-0.0102294	0.00987791	0.00934135	0.996242	0.0861103	-0.0107216	-0.0860093	0.996237	7.39876	-14.0806	80.3397	
0.999644	-0.0113319	0.0241719	0.00966451	0.997637	0.0680166	-0.0248856	-0.0677588	0.997391	7.38229	-14.1517	81.262	
0.999185	-0.0121725	0.0384786	0.0102447	0.998701	0.0499068	-0.0390362	-0.0494719	0.998012	7.35272	-14.2059	82.1852	
0.998524	-0.0127506	0.0527905	0.0110815	0.999433	0.0317905	-0.0531659	-0.0311586	0.998099	7.31006	-14.2432	83.1087	
0.997661	-0.0130659	0.0670997	0.0121745	0.999832	0.0136775	-0.0672671	-0.0128286	0.997653	7.25434	-14.2636	84.032	
0.996595	-0.0131184	0.0813987	0.0135231	0.999899	-0.00442252	-0.0813324	0.00550823	0.996672	7.18559	-14.267	84.9547	
0.995328	-0.012908	0.0956798	0.0151267	0.999632	-0.0224999	-0.0953542	0.0238421	0.995158	7.10385	-14.2534	85.8762	
0.993861	-0.0124347	0.109935	0.0169843	0.999033	-0.040545	-0.109325	0.0421633	0.993111	7.00915	-14.2229	86.796	
0.992194	-0.0116989	0.124158	0.019095	0.998102	-0.0585481	-0.123237	0.0604619	0.990534	6.90156	-14.1754	87.7138	
0.990327	-0.010701	0.138339	0.0214576	0.996839	-0.0764996	-0.137083	0.0787281	0.987426	6.78112	-14.111	88.6289	
0.988263	-0.00944137	0.152473	0.0240709	0.995244	-0.0943899	-0.150856	0.0969522	0.98379	6.64791	-14.0297	89.5409	
