1	0	0	0	1	0	0	0	1	0	0	0	
0.999998	-3.9204e-06	0.0019804	-3.9204e-06	0.999992	0.00395918	-0.0019804	-0.00395918	0.99999	-0.000779658	-0.00155868	0.787371	
0.999992	-1.56659e-05	0.00395786	-1.56807e-05	0.999969	0.00791994	-0.00395786	-0.00791994	0.999961	-0.00311748	-0.00623534	1.57473	
0.999982	-3.52167e-05	0.00593234	-3.52758e-05	0.999929	0.0118822	-0.00593234	-0.0118822	0.999912	-0.00701113	-0.0140312	2.36205	
0.999969	-6.25525e-05	0.00790381	-6.27002e-05	0.999874	0.0158459	-0.00790381	-0.0158459	0.999843	-0.0124582	-0.0249474	3.14933	
0.999951	-9.76531e-05	0.00987221	-9.79485e-05	0.999804	0.0198109	-0.00987221	-0.0198109	0.999755	-0.0194564	-0.0389851	3.93655	
0.99993	-0.000140498	0.0118375	-0.000141015	0.999717	0.0237772	-0.0118375	-0.0237772	0.999647	-0.0280033	-0.0561452	4.72369	
0.999905	-0.000191066	0.0137997	-0.000191893	0.999615	0.0277447	-0.0137997	-0.0277447	0.99952	-0.0380963	-0.0764287	5.51073	
0.999876	-0.000249337	0.0157586	-0.000250577	0.999497	0.0317132	-0.0157586	-0.0317132	0.999373	-0.049733	-0.0998365	6.29767	
0.999843	-0.000315288	0.0177144	-0.000317061	0.999363	0.0356827	-0.0177144	-0.0356828	0.999206	-0.0629109	-0.126369	7.08449	
0.999807	-0.0003889	0.0196669	-0.000391337	0.999213	0.0396532	-0.0196668	-0.0396532	0.99902	-0.0776275	-0.156028	7.87117	
0.999766	-0.00047015	0.0216161	-0.000473399	0.999048	0.0436245	-0.021616	-0.0436246	0.998814	-0.09388	-0.188814	8.65769	
0.999722	-0.000559016	0.0235619	-0.00056324	0.998866	0.0475966	-0.0235618	-0.0475966	0.998589	-0.111666	-0.224726	9.44404	
0.999674	-0.000655477	0.0255044	-0.000660853	0.998669	0.0515693	-0.0255042	-0.0515694	0.998344	-0.130983	-0.263767	10.2302	
0.999623	-0.00075951	0.0274434	-0.00076623	0.998456	0.0555426	-0.0274432	-0.0555427	0.998079	-0.151827	-0.305936	11.0162	
0.999568	-0.000871094	0.029379	-0.000879364	0.998227	0.0595164	-0.0293787	-0.0595166	0.997795	-0.174197	-0.351233	11.8019	
0.999509	-0.000990204	0.0313111	-0.00100025	0.997982	0.0634907	-0.0313107	-0.0634908	0.997491	-0.19809	-0.399659	12.5874	
0.999447	-0.00111682	0.0332396	-0.00112887	0.997721	0.0674652	-0.0332392	-0.0674654	0.997168	-0.223503	-0.451215	13.3727	
0.999381	-0.00125092	0.0351646	-0.00126522	0.997444	0.0714401	-0.035164	-0.0714403	0.996825	-0.250432	-0.505901	14.1577	
0.999311	-0.00139247	0.0370859	-0.0014093	0.997151	0.0754151	-0.0370853	-0.0754154	0.996462	-0.278876	-0.563716	14.9425	
0.999238	-0.00154146	0.0390036	-0.0015611	0.996842	0.0793901	-0.0390028	-0.0793905	0.99608	-0.308831	-0.624661	15.7269	
0.999161	-0.00169786	0.0409176	-0.0017206	0.996518	0.0833652	-0.0409166	-0.0833657	0.995679	-0.340294	-0.688736	16.511	
0.999081	-0.00186165	0.0428279	-0.00188779	0.996177	0.0873402	-0.0428267	-0.0873407	0.995257	-0.373263	-0.755941	17.2948	
0.998997	-0.00203281	0.0447344	-0.00206268	0.99582	0.091315	-0.044733	-0.0913157	0.994817	-0.407734	-0.826276	18.0783	
0.998909	-0.0022113	0.0466371	-0.00224524	0.995447	0.0952896	-0.0466354	-0.0952904	0.994357	-0.443705	-0.89974	18.8614	
0.998819	-0.00239711	0.0485359	-0.00243547	0.995058	0.0992638	-0.048534	-0.0992647	0.993877	-0.481172	-0.976334	19.6442	
0.998724	-0.00259021	0.0504309	-0.00263336	0.994653	0.103238	-0.0504286	-0.103239	0.993377	-0.520132	-1.05606	20.4265	
0.998626	-0.00279057	0.0523219	-0.0028389	0.994232	0.107211	-0.0523193	-0.107212	0.992859	-0.560583	-1.13891	21.2085	
0.998525	-0.00299818	0.054209	-0.00305208	0.993795	0.111184	-0.054206	-0.111185	0.99232	-0.60252	-1.22489	21.99	
0.99842	-0.00321301	0.0560922	-0.00327288	0.993342	0.115156	-0.0560887	-0.115157	0.991762	-0.645942	-1.314	22.7711	
0.998312	-0.00343502	0.0579712	-0.0035013	0.992873	0.119127	-0.0579673	-0.119129	0.991185	-0.690844	-1.40623	23.5518	
0.998201	-0.0036642	0.0598463	-0.00373733	0.992388	0.123097	-0.0598418	-0.123099	0.990588	-0.737224	-1.5016	24.332	
0.998086	-0.00390053	0.0617172	-0.00398095	0.991886	0.127067	-0.0617121	-0.127069	0.989972	-0.785078	-1.60008	25.1117	
0.997968	-0.00414396	0.063584	-0.00423216	0.991369	0.131035	-0.0635782	-0.131038	0.989337	-0.834404	-1.7017	25.8909	
0.997846	-0.00439449	0.0654466	-0.00449093	0.990835	0.135003	-0.0654401	-0.135006	0.988681	-0.885197	-1.80644	26.6697	
0.997722	-0.00465207	0.0673051	-0.00475727	0.990285	0.138969	-0.0672977	-0.138972	0.988007	-0.937454	-1.9143	27.4479	
0.997594	-0.0049167	0.0691593	-0.00503115	0.989719	0.142934	-0.069151	-0.142938	0.987313	-0.991172	-2.02528	28.2255	
0.997462	-0.00518833	0.0710092	-0.00531257	0.989137	0.146897	-0.071	-0.146902	0.9866	-1.04635	-2.13939	29.0026	
0.997328	-0.00546695	0.0728548	-0.00560152	0.988539	0.150859	-0.0728446	-0.150864	0.985867	-1.10298	-2.25661	29.7791	
0.99719	-0.00575252	0.0746961	-0.00589797	0.987925	0.15482	-0.0746848	-0.154826	0.985115	-1.16106	-2.37696	30.5551	
0.997049	-0.00604503	0.076533	-0.00620192	0.987295	0.158779	-0.0765204	-0.158785	0.984343	-1.22059	-2.50043	31.3305	
0.996905	-0.00634443	0.0783655	-0.00651336	0.986648	0.162736	-0.0783516	-0.162743	0.983553	-1.28156	-2.62701	32.1052	
0.996757	-0.00665071	0.0801936	-0.00683227	0.985985	0.166692	-0.0801783	-0.166699	0.982742	-1.34397	-2.7567	32.8793	
0.996607	-0.00696384	0.0820171	-0.00715864	0.985306	0.170646	-0.0820004	-0.170654	0.981913	-1.40782	-2.88952	33.6528	
0.996453	-0.00728379	0.0838362	-0.00749246	0.984611	0.174597	-0.0838178	-0.174606	0.981064	-1.4731	-3.02544	34.4256	
0.996296	-0.00761053	0.0856507	-0.0078337	0.9839	0.178547	-0.0856306	-0.178557	0.980196	-1.53981	-3.16448	35.1977	
0.996136	-0.00794404	0.0874607	-0.00818236	0.983173	0.182495	-0.0874387	-0.182505	0.979309	-1.60794	-3.30662	35.9691	
0.995973	-0.00828428	0.089266	-0.00853843	0.982429	0.18644	-0.0892421	-0.186452	0.978403	-1.6775	-3.45188	36.7398	
0.995807	-0.00863123	0.0910668	-0.00890188	0.98167	0.190383	-0.0910407	-0.190396	0.977477	-1.74847	-3.60024	37.5098	
0.995638	-0.00898486	0.0928628	-0.00927271	0.980894	0.194324	-0.0928345	-0.194337	0.976532	-1.82086	-3.7517	38.2791	
0.995466	-0.00934514	0.0946541	-0.0096509	0.980102	0.198262	-0.0946234	-0.198277	0.975568	-1.89466	-3.90627	39.0476	
0.995291	-0.00971204	0.0964407	-0.0100364	0.979293	0.202198	-0.0964075	-0.202214	0.974585	-1.96987	-4.06394	39.8154	
0.995113	-0.0100855	0.0982226	-0.0104293	0.978469	0.206131	-0.0981867	-0.206148	0.973582	-2.04648	-4.2247	40.5823	
0.994932	-0.0104656	0.0999996	-0.0108295	0.977628	0.210061	-0.0999609	-0.21008	0.972561	-2.12449	-4.38857	41.3485	
0.994749	-0.0108522	0.101772	-0.0112369	0.976771	0.213989	-0.10173	-0.214009	0.97152	-2.20389	-4.55553	42.1139	
0.994823	-0.0106927	0.101057	-0.0117842	0.975601	0.219233	-0.100936	-0.219288	0.970425	-2.28368	-4.72611	42.8784	
0.994897	-0.0105299	0.100346	-0.0123282	0.9744	0.224481	-0.100141	-0.224573	0.969298	-2.36284	-4.90085	43.642	
0.99497	-0.0103638	0.0996375	-0.0128691	0.973168	0.229734	-0.099345	-0.229861	0.96814	-2.44137	-5.07976	44.4048	
0.995042	-0.0101944	0.0989324	-0.0134067	0.971905	0.234991	-0.0985485	-0.235152	0.96695	-2.51928	-5.26283	45.1666	
0.995113	-0.0100217	0.0982305	-0.013941	0.970611	0.240252	-0.0977513	-0.240447	0.965728	-2.59656	-5.45006	45.9275	
0.995184	-0.00984567	0.0975318	-0.014472	0.969285	0.245515	-0.0969533	-0.245744	0.964474	-2.67322	-5.64147	46.6874	
0.995253	-0.00966639	0.0968362	-0.0149995	0.967928	0.250781	-0.0961545	-0.251043	0.963188	-2.74924	-5.83705	47.4463	
0.995322	-0.00948385	0.0961436	-0.0155235	0.966539	0.256049	-0.0953549	-0.256343	0.961871	-2.82463	-6.0368	48.2042	
0.99539	-0.00929805	0.095454	-0.016044	0.96512	0.261318	-0.0945543	-0.261644	0.960522	-2.8994	-6.24073	48.961	
0.995458	-0.009109	0.0947675	-0.016561	0.963668	0.266587	-0.0937528	-0.266946	0.95914	-2.97353	-6.44883	49.7167	
0.995524	-0.00891671	0.0940839	-0.0170743	0.962186	0.271857	-0.0929503	-0.272247	0.957727	-3.04704	-6.6611	50.4714	
0.99559	-0.00872118	0.0934032	-0.0175839	0.960672	0.277127	-0.0921467	-0.277548	0.956283	-3.11991	-6.87755	51.2249	
0.995655	-0.00852241	0.0927253	-0.0180898	0.959127	0.282396	-0.091342	-0.282847	0.954806	-3.19214	-7.09817	51.9773	
0.99572	-0.0083204	0.0920502	-0.0185919	0.957551	0.287664	-0.0905362	-0.288144	0.953297	-3.26375	-7.32296	52.7285	
0.995783	-0.00811515	0.0913779	-0.0190902	0.955943	0.29293	-0.0897293	-0.29344	0.951757	-3.33472	-7.55192	53.4785	
0.995846	-0.00790666	0.0907083	-0.0195847	0.954304	0.298194	-0.088921	-0.298732	0.950185	-3.40505	-7.78506	54.2272	
0.995908	-0.00769494	0.0900413	-0.0200752	0.952634	0.303455	-0.0881115	-0.304021	0.948582	-3.47474	-8.02235	54.9748	
0.99597	-0.00747996	0.0893769	-0.0205618	0.950933	0.308713	-0.0873006	-0.309307	0.946947	-3.5438	-8.26381	55.721	
0.996031	-0.00726174	0.0887151	-0.0210443	0.949201	0.313967	-0.0864883	-0.314588	0.94528	-3.61222	-8.50943	56.4659	
0.996091	-0.00704025	0.0880557	-0.0215228	0.947437	0.319217	-0.0856746	-0.319864	0.943582	-3.68	-8.75921	57.2096	
0.99615	-0.0068155	0.0873987	-0.0219972	0.945643	0.324462	-0.0848593	-0.325135	0.941852	-3.74714	-9.01314	57.9518	
0.996209	-0.00658747	0.0867441	-0.0224675	0.943818	0.329702	-0.0840425	-0.330401	0.940092	-3.81363	-9.27121	58.6927	
0.996267	-0.00635615	0.0860917	-0.0229335	0.941962	0.334935	-0.083224	-0.33566	0.9383	-3.87948	-9.53343	59.4322	
0.996324	-0.00612153	0.0854416	-0.0233954	0.940075	0.340163	-0.0824038	-0.340912	0.936477	-3.94469	-9.79979	60.1703	
0.996381	-0.00588359	0.0847936	-0.0238529	0.938158	0.345384	-0.0815819	-0.346157	0.934623	-4.00925	-10.0703	60.9069	
0.996437	-0.00564232	0.0841477	-0.0243062	0.936211	0.350598	-0.0807581	-0.351394	0.932738	-4.07316	-10.3449	61.6421	
0.996493	-0.00539769	0.0835038	-0.0247551	0.934233	0.355804	-0.0799325	-0.356623	0.930823	-4.13642	-10.6236	62.3758	
0.996548	-0.0051497	0.0828619	-0.0251996	0.932225	0.361002	-0.079105	-0.361844	0.928877	-4.19903	-10.9065	63.1079	
0.996602	-0.00489832	0.0822219	-0.0256397	0.930186	0.366191	-0.0782754	-0.367055	0.9269	-4.26099	-11.1934	63.8385	
0.996656	-0.00464353	0.0815837	-0.0260753	0.928118	0.371371	-0.0774438	-0.372257	0.924893	-4.32229	-11.4845	64.5675	
0.996709	-0.0043853	0.0809473	-0.0265064	0.92602	0.376542	-0.0766101	-0.377448	0.922856	-4.38294	-11.7797	65.295	
0.996761	-0.00412361	0.0803125	-0.0269329	0.923893	0.381702	-0.0757741	-0.382629	0.920789	-4.44293	-12.0789	66.0208	
0.996813	-0.00385844	0.0796794	-0.0273549	0.921736	0.386852	-0.074936	-0.387799	0.918693	-4.50227	-12.3822	66.745	
0.996864	-0.00358976	0.0790478	-0.0277722	0.91955	0.391991	-0.0740956	-0.392958	0.916567	-4.56094	-12.6896	67.4675	
0.996915	-0.00331754	0.0784177	-0.0281848	0.917334	0.397119	-0.0732527	-0.398104	0.914411	-4.61895	-13.001	68.1883	
0.996965	-0.00304176	0.0777891	-0.0285928	0.91509	0.402235	-0.0724075	-0.403238	0.912226	-4.67629	-13.3165	68.9074	
0.997015	-0.00276237	0.0771618	-0.028996	0.912817	0.407338	-0.0715598	-0.40836	0.910012	-4.73297	-13.636	69.6248	
0.998067	0.00413099	0.0620031	-0.0296548	0.908503	0.416825	-0.0546081	-0.417858	0.90687	-4.78264	-13.9613	70.3401	
0.998837	0.0111815	0.0468997	-0.0301364	0.90409	0.426277	-0.0376352	-0.427195	0.903376	-4.81896	-14.294	71.0528	
0.999323	0.0183864	0.0318576	-0.0304407	0.899581	0.435691	-0.0206477	-0.436366	0.899532	-4.84191	-14.634	71.7626	
0.999526	0.025743	0.0168825	-0.0305676	0.894977	0.445063	-0.00365218	-0.445368	0.89534	-4.85147	-14.9811	72.4693	
0.999445	0.0332483	0.00198023	-0.030517	0.89028	0.45439	0.0133447	-0.454198	0.890801	-4.84766	-15.3353	73.1725	
0.999081	0.0408995	-0.0128434	-0.0302889	0.885492	0.463667	0.0303365	-0.462852	0.885916	-4.83046	-15.6963	73.872	
0.998433	0.0486936	-0.0275827	-0.0298835	0.880614	0.472891	0.0473164	-0.471326	0.880689	-4.79989	-16.0641	74.5675	
0.997502	0.0566276	-0.0422318	-0.0293008	0.875648	0.482059	0.0642781	-0.479618	0.87512	-4.75595	-16.4385	75.2588	
