1	0	0	0	1	0	0	0	1	0	0	0	
0.999993	1.53701e-06	-0.00360932	1.53701e-06	1	0.000851684	0.00360932	-0.000851684	0.999993	0.00135714	-0.000320242	0.752018	
0.999974	6.15463e-06	-0.00722118	6.15905e-06	0.999999	0.00170519	0.00722118	-0.00170519	0.999972	0.00542953	-0.00128165	1.50403	
0.999941	1.38638e-05	-0.0108355	1.38815e-05	0.999997	0.00256051	0.0108355	-0.00256051	0.999938	0.012219	-0.0028856	2.25601	
0.999896	2.46752e-05	-0.0144522	2.47196e-05	0.999994	0.00341762	0.0144522	-0.00341762	0.99989	0.0217275	-0.00513344	3.00797	
0.999837	3.85996e-05	-0.0180712	3.86883e-05	0.999991	0.0042765	0.0180712	-0.0042765	0.999828	0.0339566	-0.00802651	3.75989	
0.999765	5.56475e-05	-0.0216924	5.58029e-05	0.999987	0.00513713	0.0216924	-0.00513713	0.999751	0.0489081	-0.0115661	4.51175	
0.99968	7.58292e-05	-0.0253157	7.6078e-05	0.999982	0.0059995	0.0253157	-0.0059995	0.999662	0.0665836	-0.0157536	5.26355	
0.999581	9.91551e-05	-0.0289411	9.95285e-05	0.999976	0.00686359	0.0289411	-0.00686359	0.999558	0.0869848	-0.0205903	6.01528	
0.99947	0.000125635	-0.0325684	0.000126169	0.99997	0.00772938	0.0325684	-0.00772938	0.99944	0.110113	-0.0260774	6.76692	
0.999345	0.000155279	-0.0361976	0.000156014	0.999963	0.00859685	0.0361976	-0.00859686	0.999308	0.13597	-0.0322162	7.51847	
0.999207	0.000188098	-0.0398286	0.000189078	0.999955	0.00946598	0.0398286	-0.009466	0.999162	0.164556	-0.0390081	8.26992	
0.999055	0.0002241	-0.0434613	0.000225375	0.999947	0.0103368	0.0434613	-0.0103368	0.999002	0.195874	-0.0464541	9.02125	
0.99889	0.000263295	-0.0470957	0.000264919	0.999937	0.0112092	0.0470957	-0.0112092	0.998827	0.229925	-0.0545556	9.77245	
0.998712	0.000305694	-0.0507316	0.000307725	0.999927	0.0120832	0.0507316	-0.0120832	0.998639	0.266709	-0.0633139	10.5235	
0.998521	0.000351304	-0.054369	0.000353805	0.999916	0.0129588	0.054369	-0.0129589	0.998437	0.306228	-0.0727299	11.2744	
0.998316	0.000400136	-0.0580078	0.000403175	0.999904	0.013836	0.0580077	-0.0138361	0.99822	0.348483	-0.0828051	12.0252	
0.998098	0.000452199	-0.0616478	0.000455848	0.999892	0.0147147	0.0616478	-0.0147148	0.997989	0.393474	-0.0935406	12.7758	
0.997866	0.0005075	-0.0652891	0.000511836	0.999878	0.015595	0.0652891	-0.0155951	0.997745	0.441204	-0.104937	13.5262	
0.997621	0.00056605	-0.0689316	0.000571154	0.999864	0.0164768	0.0689315	-0.0164769	0.997485	0.491672	-0.116997	14.2764	
0.997363	0.000627857	-0.0725751	0.000633816	0.999849	0.01736	0.072575	-0.0173603	0.997212	0.54488	-0.12972	15.0265	
0.997091	0.000692929	-0.0762196	0.000699833	0.999833	0.0182448	0.0762195	-0.0182451	0.996924	0.600829	-0.143108	15.7763	
0.996805	0.000761275	-0.0798649	0.000769219	0.999817	0.019131	0.0798648	-0.0191313	0.996622	0.659518	-0.157162	16.5259	
0.996506	0.000832903	-0.0835111	0.000841987	0.999799	0.0200187	0.083511	-0.020019	0.996306	0.720949	-0.171883	17.2752	
0.996194	0.000907821	-0.087158	0.000918149	0.999781	0.0209077	0.0871579	-0.0209082	0.995975	0.785122	-0.187272	18.0244	
0.995868	0.000986038	-0.0908056	0.000997719	0.999762	0.0217982	0.0908055	-0.0217987	0.99563	0.852038	-0.20333	18.7732	
0.995529	0.00106756	-0.0944537	0.00108071	0.999742	0.0226901	0.0944536	-0.0226907	0.995271	0.921698	-0.220059	19.5218	
0.995176	0.0011524	-0.0981023	0.00116713	0.999721	0.0235833	0.0981022	-0.023584	0.994897	0.994101	-0.237458	20.2702	
0.994809	0.00124055	-0.101751	0.001257	0.9997	0.0244779	0.101751	-0.0244787	0.994509	1.06925	-0.255531	21.0182	
0.994429	0.00133204	-0.105401	0.00135032	0.999677	0.0253737	0.1054	-0.0253747	0.994106	1.14714	-0.274276	21.7659	
0.994035	0.00142687	-0.10905	0.00144711	0.999654	0.0262709	0.10905	-0.026272	0.993689	1.22777	-0.293696	22.5134	
0.993628	0.00152503	-0.1127	0.00154739	0.99963	0.0271694	0.1127	-0.0271707	0.993258	1.31115	-0.313791	23.2605	
0.993207	0.00162655	-0.11635	0.00165115	0.999605	0.0280691	0.11635	-0.0280706	0.992812	1.39728	-0.334562	24.0073	
0.992772	0.00173143	-0.12	0.00175842	0.999579	0.0289701	0.119999	-0.0289718	0.992351	1.48615	-0.35601	24.7537	
0.992324	0.00183967	-0.123649	0.0018692	0.999552	0.0298723	0.123649	-0.0298742	0.991876	1.57776	-0.378137	25.4998	
0.991862	0.00195128	-0.127299	0.00198352	0.999524	0.0307757	0.127299	-0.0307778	0.991387	1.67212	-0.400943	26.2455	
0.991387	0.00206627	-0.130948	0.00210136	0.999496	0.0316803	0.130948	-0.0316827	0.990883	1.76923	-0.424429	26.9909	
0.990898	0.00218464	-0.134597	0.00222276	0.999466	0.0325861	0.134597	-0.0325887	0.990364	1.86907	-0.448595	27.7358	
0.990395	0.0023064	-0.138246	0.00234772	0.999436	0.033493	0.138245	-0.0334959	0.989831	1.97167	-0.473444	28.4804	
0.989879	0.00243156	-0.141894	0.00247625	0.999405	0.034401	0.141893	-0.0344042	0.989284	2.077	-0.498975	29.2246	
0.989349	0.00256013	-0.145542	0.00260836	0.999373	0.0353102	0.145541	-0.0353137	0.988722	2.18508	-0.52519	29.9683	
0.988805	0.0026921	-0.149189	0.00274407	0.99934	0.0362204	0.149188	-0.0362243	0.988145	2.2959	-0.552089	30.7117	
0.988248	0.00282749	-0.152835	0.00288337	0.999306	0.0371317	0.152834	-0.037136	0.987554	2.40946	-0.579673	31.4545	
0.987677	0.0029663	-0.15648	0.00302629	0.999271	0.038044	0.156479	-0.0380487	0.986948	2.52577	-0.607943	32.197	
0.987092	0.00310853	-0.160125	0.00317283	0.999236	0.0389574	0.160123	-0.0389625	0.986328	2.64481	-0.6369	32.9389	
0.986493	0.00325419	-0.163768	0.00332301	0.999199	0.0398717	0.163767	-0.0398774	0.985693	2.7666	-0.666545	33.6804	
0.985881	0.0034033	-0.167411	0.00347683	0.999162	0.040787	0.167409	-0.0407932	0.985043	2.89113	-0.696878	34.4215	
0.985256	0.00355584	-0.171052	0.0036343	0.999123	0.0417033	0.17105	-0.0417101	0.984379	3.01839	-0.7279	35.162	
0.984616	0.00371183	-0.174692	0.00379543	0.999084	0.0426206	0.17469	-0.0426279	0.9837	3.14839	-0.759612	35.902	
0.983963	0.00387127	-0.178331	0.00396024	0.999044	0.0435387	0.178329	-0.0435467	0.983007	3.28113	-0.792015	36.6415	
0.983296	0.00403417	-0.181968	0.00412873	0.999003	0.0444578	0.181966	-0.0444664	0.982299	3.41661	-0.825109	37.3805	
0.982616	0.00420053	-0.185604	0.00430091	0.998961	0.0453777	0.185602	-0.0453871	0.981576	3.55481	-0.858894	38.1189	
0.981921	0.00437035	-0.189239	0.00447678	0.998918	0.0462985	0.189236	-0.0463087	0.980839	3.69576	-0.893373	38.8568	
0.980829	0.00464187	-0.194815	0.00502708	0.998781	0.0491076	0.194806	-0.0491455	0.97961	3.84016	-0.929265	39.594	
0.979704	0.00492975	-0.200389	0.00559291	0.998636	0.0519111	0.200372	-0.0519783	0.97834	3.98875	-0.967289	40.3302	
0.978546	0.00523399	-0.20596	0.00617426	0.998483	0.0547089	0.205934	-0.0548068	0.97703	4.14153	-1.00744	41.0654	
0.977356	0.00555458	-0.211528	0.0067711	0.998322	0.0575009	0.211492	-0.0576311	0.975679	4.29849	-1.04972	41.7997	
0.976133	0.00589152	-0.217092	0.00738341	0.998154	0.060287	0.217046	-0.0604511	0.974288	4.45962	-1.09412	42.5329	
0.974878	0.00624479	-0.222652	0.00801116	0.997977	0.0630673	0.222595	-0.0632666	0.972856	4.62493	-1.14064	43.265	
0.97359	0.00661439	-0.228208	0.00865432	0.997793	0.0658416	0.228139	-0.0660777	0.971384	4.79441	-1.18927	43.9961	
0.972269	0.00700031	-0.233759	0.00931288	0.9976	0.0686098	0.233678	-0.0688842	0.969871	4.96806	-1.24002	44.726	
0.970916	0.00740252	-0.239304	0.00998681	0.9974	0.071372	0.23921	-0.0716861	0.968318	5.14587	-1.29288	45.4548	
0.969531	0.00782103	-0.244845	0.0106761	0.997192	0.074128	0.244737	-0.0744834	0.966724	5.32784	-1.34784	46.1824	
0.968113	0.00825581	-0.250379	0.0113807	0.996976	0.0768778	0.250257	-0.0772759	0.965091	5.51397	-1.4049	46.9088	
0.966662	0.00870685	-0.255908	0.0121005	0.996752	0.0796213	0.25577	-0.0800636	0.963417	5.70424	-1.46406	47.6339	
0.965179	0.00917413	-0.261429	0.0128357	0.99652	0.0823585	0.261275	-0.0828464	0.961703	5.89865	-1.52532	48.3578	
0.963664	0.00965763	-0.266944	0.0135861	0.996281	0.0850893	0.266773	-0.0856242	0.959948	6.09721	-1.58867	49.0803	
0.962116	0.0101573	-0.272452	0.0143517	0.996034	0.0878137	0.272263	-0.0883971	0.958154	6.29989	-1.6541	49.8016	
0.960536	0.0106732	-0.277952	0.0151325	0.995779	0.0905315	0.277745	-0.0911648	0.956319	6.5067	-1.72162	50.5214	
0.958923	0.0112052	-0.283445	0.0159285	0.995516	0.0932428	0.283219	-0.0939275	0.954445	6.71763	-1.79121	51.2399	
0.957278	0.0117534	-0.288929	0.0167396	0.995246	0.0959474	0.288683	-0.0966849	0.95253	6.93267	-1.86289	51.9569	
0.955602	0.0123176	-0.294404	0.0175658	0.994968	0.0986453	0.294138	-0.099437	0.950576	7.15182	-1.93663	52.6725	
0.953893	0.012898	-0.299871	0.0184071	0.994682	0.101336	0.299583	-0.102184	0.948582	7.37506	-2.01244	53.3866	
0.952152	0.0134944	-0.305328	0.0192635	0.994389	0.104021	0.305018	-0.104925	0.946549	7.6024	-2.09032	54.0992	
0.950379	0.0141068	-0.310775	0.0201349	0.994088	0.106698	0.310443	-0.107661	0.944476	7.83382	-2.17025	54.8103	
0.948574	0.0147351	-0.316213	0.0210214	0.993779	0.109369	0.315857	-0.110392	0.942363	8.06931	-2.25224	55.5197	
0.946737	0.0153795	-0.32164	0.0219228	0.993463	0.112032	0.32126	-0.113116	0.940211	8.30888	-2.33628	56.2276	
0.944869	0.0160397	-0.327056	0.0228392	0.993139	0.114689	0.326652	-0.115836	0.93802	8.5525	-2.42237	56.9339	
0.942969	0.0167159	-0.332462	0.0237705	0.992807	0.117338	0.332032	-0.118549	0.935789	8.80017	-2.5105	57.6384	
0.941037	0.0174079	-0.337856	0.0247168	0.992469	0.119981	0.3374	-0.121257	0.933519	9.05189	-2.60067	58.3413	
0.939074	0.0181157	-0.343238	0.0256779	0.992122	0.122616	0.342756	-0.123959	0.93121	9.30763	-2.69288	59.0425	
0.937079	0.0188393	-0.348609	0.0266539	0.991768	0.125243	0.348099	-0.126655	0.928863	9.5674	-2.78711	59.7419	
0.935053	0.0195786	-0.353967	0.0276447	0.991406	0.127864	0.353429	-0.129345	0.926476	9.83118	-2.88337	60.4395	
0.932996	0.0203336	-0.359313	0.0286503	0.991037	0.130477	0.358745	-0.132029	0.924051	10.099	-2.98165	61.1353	
0.930907	0.0211043	-0.364645	0.0296707	0.990661	0.133082	0.364048	-0.134707	0.921587	10.3707	-3.08195	61.8293	
0.928788	0.0218906	-0.369964	0.0307059	0.990277	0.13568	0.369337	-0.137378	0.919085	10.6465	-3.18425	62.5214	
0.926638	0.0226924	-0.37527	0.0317557	0.989885	0.138271	0.374612	-0.140044	0.916544	10.9262	-3.28857	63.2116	
0.924457	0.0235098	-0.380562	0.0328203	0.989486	0.140854	0.379872	-0.142703	0.913966	11.2099	-3.39488	63.8999	
0.922245	0.0243426	-0.385839	0.0338996	0.98908	0.143429	0.385117	-0.145356	0.911349	11.4976	-3.5032	64.5863	
0.920003	0.0251908	-0.391102	0.0349935	0.988666	0.145996	0.390347	-0.148003	0.908694	11.7892	-3.6135	65.2706	
0.91773	0.0260545	-0.396349	0.036102	0.988245	0.148556	0.395561	-0.150643	0.906001	12.0847	-3.7258	65.953	
0.915427	0.0269334	-0.401582	0.0372252	0.987816	0.151108	0.400759	-0.153277	0.903271	12.3841	-3.84007	66.6333	
0.913094	0.0278277	-0.406799	0.0383629	0.98738	0.153652	0.405941	-0.155904	0.900503	12.6874	-3.95633	67.3115	
0.910731	0.0287371	-0.412	0.0395151	0.986937	0.156188	0.411106	-0.158525	0.897698	12.9946	-4.07456	67.9877	
0.908337	0.0296618	-0.417185	0.0406819	0.986486	0.158716	0.416255	-0.161139	0.894855	13.3057	-4.19476	68.6617	
0.905915	0.0306015	-0.422353	0.0418631	0.986028	0.161235	0.421386	-0.163747	0.891976	13.6207	-4.31692	69.3336	
0.899942	0.0329732	-0.434762	0.0472391	0.983893	0.172404	0.433444	-0.175691	0.883889	13.9421	-4.44455	70.0013	
0.893802	0.0355113	-0.447054	0.0527657	0.981608	0.183468	0.445348	-0.187573	0.875489	14.2726	-4.58115	70.6629	
0.887496	0.0382151	-0.459228	0.0584411	0.979175	0.194425	0.457094	-0.199389	0.866781	14.6119	-4.72666	71.318	
0.881028	0.0410835	-0.471277	0.0642632	0.976593	0.205271	0.46868	-0.211135	0.857765	14.96	-4.88102	71.9665	
