1	0	0	0	1	0	0	0	1	0	0	0	
0.999993	-7.33628e-06	-0.00369927	-7.33628e-06	0.999992	-0.00396631	0.00369927	0.00396631	0.999985	0.00189448	0.00203124	1.02424	
0.999973	-2.93515e-05	-0.00739919	-2.93525e-05	0.999969	-0.0079336	0.00739919	0.0079336	0.999941	0.00757825	0.00812545	2.04844	
0.999938	-6.60548e-05	-0.0110996	-6.60587e-05	0.999929	-0.0119017	0.0110996	0.0119017	0.999868	0.0170519	0.0182836	3.07259	
0.99989	-0.000117455	-0.0148005	-0.000117464	0.999874	-0.0158705	0.0148005	0.0158705	0.999765	0.030316	0.0325063	4.09665	
0.999829	-0.000183558	-0.0185016	-0.000183578	0.999803	-0.0198398	0.0185016	0.0198398	0.999632	0.0473707	0.0507944	5.12058	
0.999753	-0.000264373	-0.0222028	-0.000264406	0.999716	-0.0238095	0.0222028	0.0238095	0.99947	0.0682164	0.0731482	6.14437	
0.999664	-0.000359903	-0.025904	-0.000359957	0.999614	-0.0277795	0.025904	0.0277795	0.999278	0.0928529	0.0995681	7.16797	
0.999562	-0.000470155	-0.0296051	-0.000470236	0.999496	-0.0317496	0.0296051	0.0317496	0.999057	0.12128	0.130054	8.19137	
0.999445	-0.000595132	-0.0333058	-0.000595248	0.999362	-0.0357196	0.0333058	0.0357196	0.998807	0.153498	0.164607	9.21452	
0.999315	-0.000734838	-0.0370062	-0.000734998	0.999212	-0.0396894	0.0370062	0.0396894	0.998527	0.189507	0.203225	10.2374	
0.999171	-0.000889275	-0.040706	-0.000889488	0.999046	-0.0436589	0.040706	0.0436589	0.998217	0.229305	0.24591	11.26	
0.999013	-0.00105844	-0.0444051	-0.00105872	0.998865	-0.0476279	0.044405	0.0476279	0.997878	0.272892	0.29266	12.2822	
0.998842	-0.00124235	-0.0481033	-0.0012427	0.998667	-0.0515963	0.0481033	0.0515963	0.997509	0.320268	0.343475	13.3041	
0.998656	-0.00144098	-0.0518006	-0.00144142	0.998454	-0.0555639	0.0518006	0.0555639	0.997111	0.371431	0.398354	14.3256	
0.998457	-0.00165435	-0.0554968	-0.00165489	0.998225	-0.0595305	0.0554968	0.0595306	0.996683	0.42638	0.457296	15.3467	
0.998245	-0.00188245	-0.0591918	-0.00188311	0.99798	-0.0634962	0.0591918	0.0634962	0.996225	0.485115	0.520301	16.3673	
0.998018	-0.00212528	-0.0628854	-0.00212607	0.99772	-0.0674606	0.0628853	0.0674606	0.995738	0.547633	0.587367	17.3874	
0.997778	-0.00238283	-0.0665775	-0.00238377	0.997443	-0.0714236	0.0665774	0.0714237	0.995222	0.613934	0.658493	18.407	
0.997525	-0.0026551	-0.0702679	-0.0026562	0.997151	-0.0753852	0.0702679	0.0753852	0.994676	0.684016	0.733677	19.4261	
0.997257	-0.00294208	-0.0739566	-0.00294337	0.996843	-0.0793451	0.0739565	0.0793452	0.9941	0.757876	0.812918	20.4446	
0.996976	-0.00324378	-0.0776434	-0.00324527	0.996519	-0.0833033	0.0776433	0.0833033	0.993495	0.835514	0.896214	21.4625	
0.996681	-0.00356018	-0.0813281	-0.00356189	0.996179	-0.0872595	0.081328	0.0872595	0.99286	0.916927	0.983563	22.4797	
0.996372	-0.00389127	-0.0850107	-0.00389323	0.995824	-0.0912136	0.0850106	0.0912137	0.992196	1.00211	1.07496	23.4963	
0.99605	-0.00423705	-0.0886909	-0.00423928	0.995452	-0.0951655	0.0886908	0.0951656	0.991503	1.09107	1.17041	24.5122	
0.995714	-0.00459751	-0.0923687	-0.00460003	0.995065	-0.0991151	0.0923686	0.0991152	0.99078	1.18379	1.26991	25.5274	
0.995365	-0.00497263	-0.096044	-0.00497546	0.994662	-0.103062	0.0960438	0.103062	0.990027	1.28028	1.37345	26.5418	
0.995001	-0.00536241	-0.0997165	-0.00536558	0.994244	-0.107006	0.0997163	0.107007	0.989245	1.38054	1.48103	27.5554	
0.994625	-0.00576684	-0.103386	-0.00577038	0.993809	-0.110948	0.103386	0.110948	0.988434	1.48455	1.59265	28.5682	
0.994234	-0.00618589	-0.107053	-0.00618983	0.993359	-0.114887	0.107053	0.114887	0.987593	1.59232	1.7083	29.5802	
0.99383	-0.00661957	-0.110716	-0.00662392	0.992893	-0.118822	0.110716	0.118823	0.986723	1.70384	1.82799	30.5913	
0.993412	-0.00706785	-0.114377	-0.00707265	0.992412	-0.122755	0.114376	0.122755	0.985824	1.81912	1.95171	31.6015	
0.992981	-0.00753073	-0.118034	-0.007536	0.991915	-0.126684	0.118033	0.126684	0.984896	1.93814	2.07945	32.6107	
0.992536	-0.00800817	-0.121687	-0.00801396	0.991402	-0.130609	0.121687	0.130609	0.983938	2.06091	2.21122	33.619	
0.992078	-0.00850018	-0.125337	-0.00850651	0.990873	-0.134531	0.125337	0.134531	0.982951	2.18741	2.347	34.6263	
0.991606	-0.00900672	-0.128983	-0.00901363	0.990329	-0.138449	0.128983	0.138449	0.981934	2.31766	2.4868	35.6326	
0.99112	-0.00952779	-0.132625	-0.0095353	0.989769	-0.142363	0.132625	0.142364	0.980889	2.45163	2.63061	36.6378	
0.990622	-0.0100634	-0.136263	-0.0100715	0.989193	-0.146273	0.136263	0.146274	0.979815	2.58934	2.77843	37.6419	
0.990109	-0.0106134	-0.139897	-0.0106222	0.988602	-0.150179	0.139897	0.15018	0.978711	2.73076	2.93025	38.6449	
0.989583	-0.0111779	-0.143527	-0.0111875	0.987995	-0.15408	0.143526	0.154081	0.977578	2.87591	3.08607	39.6468	
0.989044	-0.0117569	-0.147152	-0.0117672	0.987373	-0.157977	0.147151	0.157978	0.976417	3.02477	3.24588	40.6475	
0.988491	-0.0123503	-0.150773	-0.0123614	0.986735	-0.16187	0.150772	0.16187	0.975226	3.17735	3.40968	41.6469	
0.987925	-0.012958	-0.154389	-0.01297	0.986081	-0.165757	0.154388	0.165758	0.974007	3.33362	3.57747	42.6452	
0.987346	-0.0135802	-0.158	-0.013593	0.985412	-0.16964	0.157999	0.169641	0.972758	3.49361	3.74923	43.6422	
0.986753	-0.0142167	-0.161606	-0.0142304	0.984728	-0.173517	0.161605	0.173518	0.971481	3.65728	3.92497	44.6379	
0.986147	-0.0148675	-0.165207	-0.0148821	0.984028	-0.177389	0.165206	0.177391	0.970175	3.82465	4.10468	45.6322	
0.985527	-0.0155326	-0.168803	-0.0155483	0.983313	-0.181256	0.168802	0.181258	0.96884	3.9957	4.28835	46.6252	
0.984895	-0.016212	-0.172394	-0.0162287	0.982582	-0.185118	0.172392	0.185119	0.967477	4.17043	4.47598	47.6169	
0.984249	-0.0169056	-0.175979	-0.0169234	0.981836	-0.188974	0.175977	0.188975	0.966085	4.34884	4.66757	48.6071	
0.98359	-0.0176135	-0.179559	-0.0176324	0.981075	-0.192824	0.179557	0.192826	0.964665	4.53092	4.86309	49.5959	
0.982917	-0.0183355	-0.183132	-0.0183556	0.980298	-0.196668	0.18313	0.19667	0.963216	4.71666	5.06256	50.5832	
0.982232	-0.0190717	-0.1867	-0.019093	0.979506	-0.200506	0.186698	0.200508	0.961738	4.90606	5.26597	51.569	
0.981533	-0.019822	-0.190262	-0.0198445	0.978699	-0.204338	0.19026	0.20434	0.960232	5.09911	5.4733	52.5533	
0.980821	-0.0205864	-0.193818	-0.0206102	0.977877	-0.208164	0.193816	0.208166	0.958698	5.2958	5.68455	53.536	
0.980097	-0.0213649	-0.197368	-0.0213901	0.977039	-0.211983	0.197365	0.211986	0.957136	5.49613	5.89972	54.5171	
0.979359	-0.0221573	-0.200911	-0.022184	0.976187	-0.215796	0.200908	0.215798	0.955545	5.7001	6.1188	55.4967	
0.978608	-0.0229638	-0.204448	-0.0229919	0.975319	-0.219602	0.204445	0.219605	0.953927	5.90769	6.34178	56.4745	
0.977844	-0.0237843	-0.207978	-0.0238138	0.974436	-0.223401	0.207975	0.223404	0.95228	6.1189	6.56865	57.4508	
0.977068	-0.0246186	-0.211502	-0.0246498	0.973538	-0.227193	0.211498	0.227196	0.950605	6.33372	6.79942	58.4253	
0.976278	-0.0254668	-0.215018	-0.0254996	0.972625	-0.230978	0.215014	0.230981	0.948903	6.55214	7.03406	59.3981	
0.975475	-0.0263289	-0.218528	-0.0263634	0.971697	-0.234755	0.218524	0.234759	0.947172	6.77417	7.27258	60.3691	
0.97466	-0.0272048	-0.22203	-0.027241	0.970754	-0.238526	0.222026	0.23853	0.945414	6.99978	7.51496	61.3383	
0.973832	-0.0280945	-0.225526	-0.0281325	0.969796	-0.242288	0.225521	0.242293	0.943628	7.22898	7.7612	62.3057	
0.972991	-0.0289979	-0.229014	-0.0290377	0.968824	-0.246043	0.229009	0.246048	0.941815	7.46176	8.01129	63.2713	
0.972138	-0.029915	-0.232494	-0.0299567	0.967836	-0.249791	0.232489	0.249796	0.939974	7.6981	8.26522	64.235	
0.970637	-0.0315095	-0.238475	-0.0302695	0.967504	-0.251038	0.238636	0.250885	0.938142	7.93938	8.52163	65.1968	
0.969098	-0.0331111	-0.244445	-0.0305908	0.96717	-0.252283	0.244773	0.251965	0.936269	8.18694	8.77915	66.1568	
0.967519	-0.0347196	-0.250404	-0.0309206	0.966834	-0.253528	0.250901	0.253036	0.934356	8.44079	9.03777	67.1148	
0.965901	-0.0363348	-0.256349	-0.0312587	0.966496	-0.254771	0.257018	0.254096	0.932404	8.7009	9.29749	68.0708	
0.964245	-0.0379564	-0.262281	-0.031605	0.966157	-0.256011	0.263122	0.255147	0.930412	8.96728	9.55828	69.0248	
0.96255	-0.0395843	-0.268199	-0.0319595	0.965817	-0.257249	0.269214	0.256186	0.928382	9.2399	9.82015	69.9767	
0.957487	-0.0440805	-0.285088	-0.0269469	0.970268	-0.240527	0.287214	0.237984	0.927832	9.52487	10.0732	70.9274	
0.952099	-0.048244	-0.301961	-0.0216116	0.974391	-0.22382	0.305026	0.219625	0.926674	9.82819	10.3076	71.8771	
0.946388	-0.0520721	-0.318807	-0.0159573	0.978181	-0.20714	0.322637	0.201122	0.924908	10.1496	10.5231	72.8254	
0.940359	-0.0555624	-0.335616	-0.00998751	0.981637	-0.190497	0.340037	0.182488	0.922536	10.489	10.7196	73.7716	
0.934015	-0.0587124	-0.352376	-0.00370625	0.984756	-0.173903	0.357214	0.163734	0.919559	10.8461	10.8969	74.715	
0.927361	-0.0615202	-0.369076	0.00288237	0.987536	-0.157367	0.374157	0.144872	0.915979	11.2207	11.0549	75.6551	
0.9204	-0.063984	-0.385706	0.00977406	0.989975	-0.140901	0.390855	0.125916	0.911799	11.6125	11.1936	76.5912	
0.913138	-0.066102	-0.402254	0.0169643	0.992073	-0.124516	0.407296	0.106877	0.907021	12.0213	11.3128	77.5227	
0.90558	-0.067873	-0.41871	0.0244483	0.993826	-0.108223	0.423471	0.0877676	0.901648	12.4468	11.4125	78.449	
0.897729	-0.0692957	-0.435063	0.0322213	0.995235	-0.0920313	0.439367	0.0686009	0.895684	12.8887	11.4926	79.3695	
0.889592	-0.0703692	-0.451302	0.040278	0.996298	-0.0759527	0.454976	0.0493893	0.889133	13.3467	11.553	80.2836	
0.881174	-0.0710928	-0.467417	0.0486134	0.997014	-0.0599973	0.470286	0.0301453	0.881999	13.8206	11.5938	81.1907	
0.87248	-0.0714661	-0.483396	0.0572217	0.997384	-0.0441756	0.485288	0.0108815	0.874286	14.31	11.6148	82.0902	
0.863515	-0.0714888	-0.49923	0.0660976	0.997406	-0.0284981	0.499972	-0.00838936	0.866001	14.8146	11.6161	82.9814	
0.854287	-0.0711608	-0.514908	0.075235	0.997081	-0.0129749	0.514328	-0.0276548	0.857147	15.334	11.5976	83.864	
0.8448	-0.0704825	-0.530419	0.084628	0.99641	0.00238363	0.528347	-0.046902	0.847732	15.868	11.5594	84.7371	
0.835062	-0.0694542	-0.545755	0.0942705	0.995392	0.0175675	0.54202	-0.0661186	0.837761	16.4162	11.5015	85.6003	
0.825077	-0.0680766	-0.560904	0.104156	0.994028	0.0325669	0.555337	-0.0852917	0.82724	16.9782	11.424	86.4531	
0.814854	-0.0663506	-0.575856	0.114278	0.992319	0.0473717	0.56829	-0.104409	0.816177	17.5537	11.3268	87.2947	
0.804399	-0.0642774	-0.590602	0.124631	0.990266	0.0619725	0.58087	-0.123458	0.80458	18.1422	11.2101	88.1248	
0.793718	-0.0618583	-0.605133	0.135206	0.987871	0.0763595	0.593069	-0.142426	0.792454	18.7435	11.074	88.9427	
0.782818	-0.0590949	-0.619438	0.145998	0.985135	0.0905234	0.60488	-0.1613	0.779809	19.357	10.9184	89.748	
0.771708	-0.055989	-0.633508	0.156999	0.982059	0.104455	0.616294	-0.180069	0.766653	19.9824	10.7436	90.54	
0.760393	-0.0525426	-0.647335	0.168202	0.978647	0.118145	0.627304	-0.198719	0.752994	20.6193	10.5496	91.3183	
0.748881	-0.048758	-0.660908	0.1796	0.9749	0.131584	0.637903	-0.21724	0.738841	21.2673	10.3365	92.0823	
0.737181	-0.0446378	-0.674219	0.191185	0.97082	0.144764	0.648084	-0.235618	0.724204	21.9259	10.1046	92.8316	
0.725299	-0.0401845	-0.68726	0.202949	0.966411	0.157676	0.657839	-0.253841	0.709092	22.5948	9.85393	93.5657	
0.713244	-0.0354011	-0.700021	0.214886	0.961675	0.170312	0.667164	-0.271898	0.693516	23.2734	9.58467	94.284	
0.701023	-0.0302907	-0.712495	0.226986	0.956615	0.182662	0.676051	-0.289777	0.677484	23.9613	9.29701	94.9862	
