1	0	0	0	1	0	0	0	1	0	0	0	
0.999993	4.09725e-06	0.00360886	4.09725e-06	0.999997	-0.00227065	-0.00360886	0.00227065	0.999991	-0.00139525	0.000877872	0.77323	
0.999974	1.63917e-05	0.00721805	1.63937e-05	0.99999	-0.00454207	-0.00721805	0.00454207	0.999964	-0.00558111	0.00351178	1.54645	
0.999941	3.68879e-05	0.0108275	3.68959e-05	0.999977	-0.0068142	-0.0108275	0.0068142	0.999918	-0.0125578	0.00790231	2.31963	
0.999896	6.55899e-05	0.0144371	6.56099e-05	0.999959	-0.009087	-0.0144371	0.009087	0.999854	-0.0223255	0.01405	3.09278	
0.999837	0.000102502	0.0180469	0.000102542	0.999935	-0.0113604	-0.0180469	0.0113604	0.999773	-0.0348844	0.0219553	3.86587	
0.999765	0.000147627	0.0216566	0.000147697	0.999907	-0.0136344	-0.0216566	0.0136344	0.999672	-0.0502344	0.0316187	4.63889	
0.999681	0.00020097	0.0252664	0.000201082	0.999873	-0.015909	-0.0252664	0.015909	0.999554	-0.0683757	0.0430407	5.41182	
0.999583	0.000262533	0.028876	0.000262701	0.999835	-0.018184	-0.028876	0.018184	0.999418	-0.089308	0.0562216	6.18466	
0.999472	0.00033232	0.0324855	0.00033256	0.999791	-0.0204594	-0.0324855	0.0204594	0.999263	-0.113031	0.0711618	6.95738	
0.999348	0.000410333	0.0360946	0.000410663	0.999741	-0.0227353	-0.0360946	0.0227353	0.99909	-0.139546	0.0878616	7.72998	
0.999211	0.000496575	0.0397035	0.000497016	0.999687	-0.0250115	-0.0397035	0.0250115	0.998898	-0.16885	0.106321	8.50243	
0.999061	0.000591049	0.0433119	0.000591622	0.999627	-0.027288	-0.0433119	0.027288	0.998689	-0.200946	0.126541	9.27473	
0.998898	0.000693757	0.0469199	0.000694486	0.999563	-0.0295647	-0.0469199	0.0295647	0.998461	-0.235831	0.148521	10.0469	
0.998722	0.0008047	0.0505273	0.000805612	0.999493	-0.0318417	-0.0505273	0.0318417	0.998215	-0.273505	0.172262	10.8188	
0.998533	0.000923881	0.0541341	0.000925003	0.999417	-0.0341188	-0.0541341	0.0341188	0.997951	-0.313969	0.197764	11.5906	
0.998331	0.0010513	0.0577402	0.00105266	0.999337	-0.036396	-0.0577402	0.036396	0.997668	-0.357222	0.225026	12.3621	
0.998116	0.00118696	0.0613455	0.0011886	0.999251	-0.0386733	-0.0613455	0.0386733	0.997367	-0.403262	0.254049	13.1334	
0.997888	0.00133086	0.0649499	0.00133281	0.99916	-0.0409506	-0.0649499	0.0409507	0.997048	-0.45209	0.284833	13.9045	
0.997646	0.00148301	0.0685535	0.00148529	0.999064	-0.0432279	-0.0685534	0.0432279	0.99671	-0.503705	0.317378	14.6753	
0.997392	0.0016434	0.072156	0.00164606	0.998963	-0.0455051	-0.072156	0.0455052	0.996355	-0.558105	0.351683	15.4459	
0.997125	0.00181203	0.0757575	0.00181512	0.998856	-0.0477822	-0.0757574	0.0477823	0.995981	-0.615291	0.38775	16.2161	
0.996844	0.00198891	0.0793578	0.00199246	0.998744	-0.0500591	-0.0793578	0.0500592	0.995588	-0.675261	0.425577	16.9861	
0.996551	0.00217403	0.082957	0.00217809	0.998627	-0.0523358	-0.0829569	0.0523359	0.995178	-0.738015	0.465165	17.7558	
0.996244	0.00236739	0.0865548	0.002372	0.998505	-0.0546122	-0.0865547	0.0546124	0.994749	-0.803551	0.506513	18.5251	
0.995925	0.002569	0.0901513	0.00257421	0.998377	-0.0568884	-0.0901511	0.0568886	0.994302	-0.871868	0.549621	19.2941	
0.995592	0.00277886	0.0937463	0.00278472	0.998244	-0.0591641	-0.0937461	0.0591644	0.993837	-0.942966	0.594489	20.0628	
0.995247	0.00299695	0.0973398	0.00300352	0.998106	-0.0614395	-0.0973396	0.0614398	0.993353	-1.01684	0.641117	20.831	
0.994888	0.00322329	0.100932	0.00323061	0.997963	-0.0637145	-0.100932	0.0637148	0.992851	-1.0935	0.689504	21.5989	
0.994517	0.00345786	0.104522	0.003466	0.997814	-0.0659889	-0.104522	0.0659893	0.992331	-1.17293	0.739649	22.3664	
0.994132	0.00370068	0.108111	0.00370969	0.99766	-0.0682628	-0.10811	0.0682633	0.991792	-1.25514	0.791554	23.1335	
0.993734	0.00395173	0.111697	0.00396167	0.997501	-0.0705361	-0.111697	0.0705367	0.991236	-1.34012	0.845216	23.9002	
0.993324	0.00421102	0.115282	0.00422195	0.997337	-0.0728088	-0.115282	0.0728094	0.990661	-1.42787	0.900636	24.6664	
0.9929	0.00447854	0.118865	0.00449053	0.997167	-0.0750808	-0.118865	0.0750815	0.990068	-1.5184	0.957813	25.4322	
0.992464	0.00475429	0.122446	0.00476741	0.996992	-0.0773521	-0.122446	0.0773529	0.989456	-1.61169	1.01675	26.1975	
0.992014	0.00503827	0.126025	0.00505258	0.996812	-0.0796226	-0.126025	0.0796235	0.988827	-1.70775	1.07744	26.9624	
0.991552	0.00533048	0.129602	0.00534605	0.996627	-0.0818923	-0.129601	0.0818933	0.988179	-1.80658	1.13988	27.7267	
0.991076	0.00563091	0.133176	0.00564782	0.996436	-0.0841611	-0.133176	0.0841622	0.987513	-1.90818	1.20408	28.4906	
0.990588	0.00593957	0.136748	0.00595787	0.99624	-0.086429	-0.136748	0.0864303	0.986828	-2.01253	1.27004	29.2539	
0.990087	0.00625643	0.140318	0.00627623	0.996039	-0.088696	-0.140317	0.0886974	0.986126	-2.11965	1.33774	30.0167	
0.989572	0.00658152	0.143886	0.00660287	0.995832	-0.0909619	-0.143885	0.0909635	0.985405	-2.22953	1.4072	30.7789	
0.989045	0.00691481	0.14745	0.0069378	0.995621	-0.0932268	-0.147449	0.0932285	0.984666	-2.34216	1.47841	31.5405	
0.988505	0.00725631	0.151013	0.00728102	0.995404	-0.0954906	-0.151011	0.0954925	0.983909	-2.45755	1.55138	32.3016	
0.987952	0.00760601	0.154572	0.00763253	0.995181	-0.0977533	-0.154571	0.0977553	0.983134	-2.5757	1.62609	33.0621	
0.987386	0.00796391	0.158129	0.00799232	0.994954	-0.100015	-0.158128	0.100017	0.98234	-2.69659	1.70255	33.822	
0.986808	0.00833	0.161683	0.00836039	0.994721	-0.102275	-0.161681	0.102277	0.981529	-2.82024	1.78076	34.5813	
0.986216	0.00870428	0.165234	0.00873673	0.994483	-0.104534	-0.165232	0.104537	0.980699	-2.94663	1.86072	35.3399	
0.985611	0.00908674	0.168782	0.00912136	0.99424	-0.106792	-0.16878	0.106794	0.979851	-3.07576	1.94242	36.0979	
0.984994	0.00947738	0.172327	0.00951425	0.993991	-0.109048	-0.172325	0.109051	0.978985	-3.20764	2.02587	36.8552	
0.984364	0.0098762	0.175869	0.00991541	0.993737	-0.111303	-0.175867	0.111306	0.978101	-3.34225	2.11107	37.6118	
0.983721	0.0102832	0.179408	0.0103248	0.993478	-0.113556	-0.179406	0.11356	0.977199	-3.47961	2.198	38.3678	
0.983065	0.0106983	0.182944	0.0107425	0.993214	-0.115808	-0.182941	0.115812	0.976279	-3.6197	2.28668	39.123	
0.982397	0.0111216	0.186476	0.0111685	0.992944	-0.118058	-0.186474	0.118062	0.97534	-3.76252	2.3771	39.8776	
0.981715	0.0115531	0.190005	0.0116027	0.992669	-0.120307	-0.190002	0.120311	0.974384	-3.90807	2.46926	40.6314	
0.980611	0.012254	0.195582	0.0124152	0.992153	-0.12441	-0.195572	0.124426	0.972764	-4.05714	2.56388	41.3842	
0.979474	0.0129786	0.20115	0.013251	0.99162	-0.128506	-0.201132	0.128533	0.971095	-4.21052	2.66168	42.1357	
0.978306	0.0137269	0.20671	0.0141101	0.99107	-0.132593	-0.206684	0.132633	0.969376	-4.36818	2.76265	42.8859	
0.977105	0.0144988	0.212261	0.0149924	0.990503	-0.136673	-0.212227	0.136726	0.967608	-4.53014	2.86679	43.6348	
0.975873	0.0152944	0.217803	0.0158979	0.989918	-0.140744	-0.21776	0.140811	0.965791	-4.69638	2.97409	44.3823	
0.974609	0.0161134	0.223335	0.0168265	0.989317	-0.144807	-0.223283	0.144888	0.963925	-4.8669	3.08455	45.1283	
0.973312	0.016956	0.228858	0.0177781	0.988698	-0.148861	-0.228795	0.148957	0.962011	-5.04168	3.19815	45.8729	
0.971984	0.0178221	0.23437	0.0187528	0.988063	-0.152907	-0.234298	0.153018	0.960047	-5.22072	3.3149	46.616	
0.970624	0.0187116	0.239872	0.0197505	0.98741	-0.156943	-0.239789	0.157071	0.958034	-5.40401	3.43479	47.3576	
0.969232	0.0196245	0.245364	0.0207711	0.986741	-0.160971	-0.245269	0.161114	0.955973	-5.59154	3.55781	48.0976	
0.967809	0.0205607	0.250844	0.0218146	0.986054	-0.164988	-0.250738	0.165149	0.953864	-5.78331	3.68394	48.836	
0.966354	0.0215202	0.256313	0.0228809	0.985351	-0.168997	-0.256195	0.169175	0.951706	-5.9793	3.8132	49.5727	
0.964868	0.022503	0.26177	0.02397	0.984631	-0.172995	-0.26164	0.173192	0.949499	-6.1795	3.94557	50.3077	
0.96335	0.0235089	0.267216	0.0250819	0.983894	-0.176984	-0.267072	0.1772	0.947245	-6.38391	4.08103	51.0411	
0.961801	0.0245379	0.272648	0.0262164	0.98314	-0.180963	-0.272492	0.181198	0.944942	-6.59252	4.2196	51.7726	
0.96022	0.0255901	0.278069	0.0273735	0.98237	-0.184931	-0.277899	0.185186	0.942591	-6.80531	4.36125	52.5024	
0.958608	0.0266652	0.283476	0.0285532	0.981583	-0.188889	-0.283292	0.189165	0.940193	-7.02227	4.50598	53.2303	
0.956966	0.0277633	0.28887	0.0297554	0.98078	-0.192836	-0.288672	0.193133	0.937746	-7.2434	4.65378	53.9563	
0.955292	0.0288843	0.294251	0.0309801	0.97996	-0.196773	-0.294038	0.197091	0.935252	-7.46869	4.80465	54.6805	
0.953587	0.0300282	0.299618	0.0322272	0.979123	-0.200698	-0.299389	0.201039	0.932711	-7.69812	4.95857	55.4026	
0.951851	0.0311948	0.30497	0.0334965	0.97827	-0.204612	-0.304726	0.204976	0.930122	-7.93168	5.11555	56.1229	
0.950084	0.0323842	0.310308	0.0347882	0.9774	-0.208515	-0.310048	0.208902	0.927486	-8.16936	5.27556	56.841	
0.948287	0.0335961	0.315632	0.0361021	0.976514	-0.212406	-0.315355	0.212817	0.924803	-8.41116	5.4386	57.5572	
0.946459	0.0348307	0.32094	0.0374381	0.975612	-0.216286	-0.320646	0.216721	0.922073	-8.65705	5.60467	58.2712	
0.9446	0.0360878	0.326233	0.0387962	0.974693	-0.220154	-0.325922	0.220614	0.919296	-8.90702	5.77375	58.9831	
0.942711	0.0373674	0.33151	0.0401764	0.973758	-0.22401	-0.331182	0.224495	0.916472	-9.16107	5.94584	59.6928	
0.940792	0.0386693	0.336771	0.0415785	0.972807	-0.227853	-0.336425	0.228365	0.913602	-9.41918	6.12092	60.4004	
0.938843	0.0399935	0.342016	0.0430025	0.97184	-0.231684	-0.341651	0.232223	0.910685	-9.68133	6.29899	61.1057	
0.936863	0.0413399	0.347245	0.0444483	0.970857	-0.235503	-0.346861	0.236068	0.907722	-9.94752	6.48004	61.8087	
0.934853	0.0427085	0.352456	0.0459159	0.969857	-0.239309	-0.352053	0.239902	0.904713	-10.2177	6.66406	62.5094	
0.932814	0.0440992	0.357651	0.0474051	0.968842	-0.243101	-0.357227	0.243723	0.901658	-10.492	6.85104	63.2078	
0.930744	0.0455119	0.362827	0.048916	0.96781	-0.246881	-0.362384	0.247531	0.898558	-10.7702	7.04097	63.9038	
0.928645	0.0469465	0.367986	0.0504485	0.966763	-0.250648	-0.367523	0.251327	0.895412	-11.0524	7.23383	64.5974	
0.926517	0.048403	0.373128	0.0520024	0.9657	-0.254401	-0.372643	0.25511	0.89222	-11.3385	7.42963	65.2885	
0.924359	0.0498812	0.37825	0.0535777	0.964621	-0.25814	-0.377744	0.25888	0.888983	-11.6286	7.62835	65.9772	
0.922171	0.0513811	0.383354	0.0551744	0.963526	-0.261865	-0.382827	0.262636	0.885701	-11.9227	7.82998	66.6633	
0.919954	0.0529026	0.388439	0.0567923	0.962415	-0.265577	-0.38789	0.266379	0.882374	-12.2207	8.0345	67.3469	
0.917709	0.0544456	0.393505	0.0584314	0.961289	-0.269275	-0.392933	0.270109	0.879002	-12.5225	8.24192	68.0278	
0.915434	0.05601	0.398552	0.0600916	0.960147	-0.272958	-0.397957	0.273824	0.875586	-12.8283	8.45221	68.7062	
0.91313	0.0575958	0.403578	0.0617729	0.95899	-0.276626	-0.40296	0.277526	0.872125	-13.138	8.66538	69.3819	
0.9072	0.0617006	0.416149	0.0670066	0.955367	-0.287722	-0.415328	0.288906	0.862575	-13.4543	8.88437	70.0526	
0.901092	0.0659697	0.42858	0.0723976	0.951599	-0.298692	-0.427541	0.300178	0.852703	-13.7802	9.11213	70.7157	
0.894808	0.0704012	0.440865	0.0779437	0.947688	-0.309535	-0.439594	0.311337	0.842512	-14.1155	9.34856	71.3712	
0.888351	0.0749937	0.453	0.083643	0.943635	-0.320245	-0.451483	0.32238	0.832006	-14.46	9.59357	72.0186	
0.881722	0.0797454	0.464981	0.0894933	0.939441	-0.330819	-0.463203	0.333303	0.821189	-14.8136	9.84708	72.6577	
0.874925	0.0846545	0.476802	0.0954925	0.935109	-0.341252	-0.47475	0.344101	0.810066	-15.1763	10.109	73.2884	
