1	0	0	0	1	0	0	0	1	0	0	0	
0.999989	-2.62343e-06	0.00461222	-2.62343e-06	0.999999	0.00113759	-0.00461222	-0.00113759	0.999989	-0.00236202	-0.000582587	1.02424	
0.999957	-1.05074e-05	0.00923047	-1.05068e-05	0.999997	0.00227656	-0.00923047	-0.00227656	0.999955	-0.00945116	-0.00233105	2.04845	
0.999904	-2.36717e-05	0.0138545	-2.36696e-05	0.999994	0.00341685	-0.0138545	-0.00341685	0.999898	-0.0212735	-0.00524678	3.07262	
0.999829	-4.2136e-05	0.0184843	-4.21306e-05	0.99999	0.00455842	-0.0184843	-0.00455842	0.999819	-0.0378349	-0.00933109	4.09672	
0.999733	-6.59189e-05	0.0231194	-6.59082e-05	0.999984	0.0057012	-0.0231194	-0.0057012	0.999716	-0.0591411	-0.0145853	5.12073	
0.999615	-9.50389e-05	0.0277598	-9.50202e-05	0.999977	0.00684516	-0.0277598	-0.00684516	0.999591	-0.0851974	-0.0210105	6.14462	
0.999475	-0.000129514	0.0324052	-0.000129484	0.999968	0.00799025	-0.0324052	-0.00799025	0.999443	-0.116009	-0.0286081	7.16837	
0.999313	-0.000169361	0.0370554	-0.000169316	0.999958	0.00913641	-0.0370554	-0.0091364	0.999271	-0.151582	-0.037379	8.19195	
0.99913	-0.000214597	0.0417103	-0.000214532	0.999947	0.0102836	-0.0417103	-0.0102836	0.999077	-0.191919	-0.0473244	9.21535	
0.998924	-0.000265238	0.0463696	-0.000265149	0.999935	0.0114317	-0.0463696	-0.0114317	0.998859	-0.237027	-0.0584453	10.2385	
0.998697	-0.0003213	0.0510331	-0.000321182	0.999921	0.0125808	-0.0510331	-0.0125808	0.998618	-0.286909	-0.0707427	11.2615	
0.998447	-0.000382799	0.0557006	-0.000382645	0.999906	0.0137308	-0.0557006	-0.0137308	0.998353	-0.34157	-0.0842175	12.2842	
0.998176	-0.000449748	0.060372	-0.000449552	0.999889	0.0148816	-0.060372	-0.0148816	0.998065	-0.401013	-0.0988705	13.3066	
0.997882	-0.000522162	0.065047	-0.000521917	0.999871	0.0160331	-0.065047	-0.0160331	0.997753	-0.465243	-0.114703	14.3287	
0.997566	-0.000600056	0.0697254	-0.000599753	0.999852	0.0171854	-0.0697254	-0.0171854	0.997418	-0.534263	-0.131715	15.3505	
0.997228	-0.000683441	0.074407	-0.000683073	0.999832	0.0183384	-0.074407	-0.0183384	0.997059	-0.608076	-0.149907	16.3719	
0.996867	-0.00077233	0.0790917	-0.000771888	0.99981	0.019492	-0.0790917	-0.019492	0.996677	-0.686686	-0.169281	17.3929	
0.996484	-0.000866736	0.0837792	-0.000866211	0.999786	0.0206461	-0.0837792	-0.0206461	0.99627	-0.770096	-0.189836	18.4136	
0.996078	-0.000966671	0.0884693	-0.000966053	0.999762	0.0218008	-0.0884693	-0.0218008	0.99584	-0.858308	-0.211574	19.4338	
0.99565	-0.00107214	0.0931618	-0.00107142	0.999736	0.022956	-0.0931618	-0.022956	0.995386	-0.951326	-0.234495	20.4535	
0.9952	-0.00118317	0.0978566	-0.00118233	0.999709	0.0241116	-0.0978566	-0.0241116	0.994908	-1.04915	-0.2586	21.4728	
0.994727	-0.00129975	0.102553	-0.00129879	0.99968	0.0252676	-0.102553	-0.0252676	0.994407	-1.15178	-0.283888	22.4916	
0.994231	-0.00142191	0.107252	-0.00142081	0.99965	0.0264239	-0.107252	-0.0264239	0.993881	-1.25923	-0.31036	23.5098	
0.993712	-0.00154964	0.111952	-0.00154839	0.999618	0.0275805	-0.111952	-0.0275805	0.993331	-1.37149	-0.338017	24.5275	
0.993171	-0.00168296	0.116654	-0.00168154	0.999586	0.0287374	-0.116654	-0.0287373	0.992757	-1.48856	-0.366859	25.5446	
0.992607	-0.00182188	0.121357	-0.00182028	0.999551	0.0298944	-0.121357	-0.0298943	0.992159	-1.61045	-0.396885	26.5611	
0.992021	-0.00196639	0.126061	-0.00196461	0.999516	0.0310515	-0.126061	-0.0310514	0.991536	-1.73716	-0.428097	27.577	
0.991411	-0.00211652	0.130765	-0.00211453	0.999479	0.0322088	-0.130765	-0.0322086	0.99089	-1.86869	-0.460494	28.5923	
0.990779	-0.00227227	0.135471	-0.00227005	0.999441	0.033366	-0.135471	-0.0333659	0.990219	-2.00503	-0.494076	29.6068	
0.990124	-0.00243364	0.140176	-0.00243118	0.999401	0.0345233	-0.140176	-0.0345231	0.989525	-2.1462	-0.528843	30.6207	
0.989445	-0.00260064	0.144882	-0.00259792	0.99936	0.0356805	-0.144882	-0.0356803	0.988805	-2.29218	-0.564796	31.6339	
0.988744	-0.00277327	0.149588	-0.00277028	0.999317	0.0368376	-0.149588	-0.0368374	0.988062	-2.44299	-0.601934	32.6463	
0.988021	-0.00295154	0.154294	-0.00294826	0.999274	0.0379945	-0.154294	-0.0379943	0.987294	-2.59861	-0.640257	33.6579	
0.987274	-0.00313545	0.159	-0.00313186	0.999228	0.0391512	-0.159	-0.0391509	0.986502	-2.75906	-0.679765	34.6687	
0.986504	-0.00332501	0.163705	-0.00332109	0.999182	0.0403077	-0.163705	-0.0403074	0.985686	-2.92432	-0.720457	35.6787	
0.985711	-0.00352022	0.168409	-0.00351595	0.999134	0.0414639	-0.168409	-0.0414635	0.984845	-3.09441	-0.762334	36.6879	
0.984895	-0.00372108	0.173112	-0.00371644	0.999084	0.0426197	-0.173112	-0.0426193	0.98398	-3.26931	-0.805394	37.6961	
0.984056	-0.00392759	0.177814	-0.00392257	0.999034	0.0437751	-0.177814	-0.0437746	0.98309	-3.44902	-0.849639	38.7035	
0.983194	-0.00413977	0.182515	-0.00413433	0.998982	0.0449301	-0.182515	-0.0449296	0.982176	-3.63356	-0.895066	39.71	
0.982309	-0.00435759	0.187214	-0.00435173	0.998928	0.0460845	-0.187214	-0.046084	0.981238	-3.8229	-0.941676	40.7155	
0.981402	-0.00458108	0.191911	-0.00457476	0.998873	0.0472384	-0.191912	-0.0472378	0.980275	-4.01706	-0.989468	41.72	
0.980471	-0.00481023	0.196607	-0.00480343	0.998817	0.0483918	-0.196607	-0.0483911	0.979287	-4.21603	-1.03844	42.7236	
0.979517	-0.00504503	0.2013	-0.00503773	0.998759	0.0495445	-0.2013	-0.0495437	0.978276	-4.41981	-1.0886	43.7261	
0.97854	-0.00528549	0.205991	-0.00527767	0.9987	0.0506965	-0.205992	-0.0506956	0.97724	-4.62839	-1.13993	44.7275	
0.977539	-0.00553161	0.21068	-0.00552324	0.99864	0.0518477	-0.21068	-0.0518468	0.976179	-4.84178	-1.19245	45.7279	
0.976516	-0.00578339	0.215366	-0.00577444	0.998578	0.0529982	-0.215366	-0.0529972	0.975094	-5.05997	-1.24614	46.7272	
0.97547	-0.00604082	0.220049	-0.00603126	0.998515	0.0541479	-0.220049	-0.0541468	0.973985	-5.28295	-1.30101	47.7254	
0.974401	-0.00630389	0.224728	-0.00629372	0.99845	0.0552966	-0.224729	-0.0552955	0.972851	-5.51073	-1.35706	48.7224	
0.973309	-0.00657262	0.229405	-0.00656179	0.998384	0.0564445	-0.229405	-0.0564432	0.971693	-5.7433	-1.41428	49.7182	
0.972194	-0.00684699	0.234078	-0.00683548	0.998317	0.0575914	-0.234078	-0.05759	0.970511	-5.98066	-1.47268	50.7129	
0.971056	-0.007127	0.238747	-0.00711478	0.998248	0.0587372	-0.238748	-0.0587358	0.969304	-6.22281	-1.53225	51.7063	
0.969894	-0.00741265	0.243413	-0.00739969	0.998178	0.059882	-0.243413	-0.0598804	0.968072	-6.46973	-1.593	52.6985	
0.96871	-0.00770393	0.248074	-0.0076902	0.998107	0.0610257	-0.248075	-0.061024	0.966817	-6.72144	-1.65492	53.6894	
0.967503	-0.00800083	0.252732	-0.00798631	0.998034	0.0621683	-0.252732	-0.0621664	0.965537	-6.97791	-1.71801	54.679	
0.966273	-0.00830335	0.257384	-0.00828801	0.99796	0.0633096	-0.257385	-0.0633076	0.964233	-7.23915	-1.78226	55.6673	
0.965021	-0.00861149	0.262032	-0.00859529	0.997884	0.0644497	-0.262033	-0.0644475	0.962905	-7.50516	-1.84769	56.6542	
0.963745	-0.00892524	0.266676	-0.00890815	0.997807	0.0655884	-0.266676	-0.0655861	0.961552	-7.77592	-1.91428	57.6397	
0.962446	-0.00924458	0.271314	-0.00922658	0.997729	0.0667259	-0.271315	-0.0667234	0.960175	-8.05144	-1.98204	58.6239	
0.961125	-0.00956952	0.275947	-0.00955057	0.997649	0.0678619	-0.275948	-0.0678593	0.958774	-8.3317	-2.05096	59.6066	
0.959781	-0.00990005	0.280575	-0.00988011	0.997568	0.0689965	-0.280576	-0.0689937	0.957349	-8.61671	-2.12105	60.5879	
0.958414	-0.0102361	0.285197	-0.0102152	0.997486	0.0701297	-0.285198	-0.0701266	0.9559	-8.90646	-2.1923	61.5678	
0.957025	-0.0105778	0.289814	-0.0105558	0.997402	0.0712613	-0.289815	-0.071258	0.954426	-9.20093	-2.2647	62.5461	
0.955612	-0.010925	0.294424	-0.010902	0.997317	0.0723913	-0.294425	-0.0723879	0.952929	-9.50014	-2.33827	63.5229	
0.954177	-0.0112778	0.299029	-0.0112536	0.99723	0.0735198	-0.29903	-0.0735161	0.951408	-9.80406	-2.41299	64.4981	
0.953852	-0.0113586	0.300063	-0.0117123	0.997117	0.0749763	-0.300049	-0.0750307	0.950968	-10.1109	-2.48906	65.4724	
0.953525	-0.0114411	0.301098	-0.0121728	0.997	0.076433	-0.301069	-0.0765459	0.950525	-10.4187	-2.56669	66.4462	
0.953196	-0.0115253	0.302134	-0.012635	0.996882	0.0778896	-0.302089	-0.0780615	0.950078	-10.7276	-2.64586	67.4195	
0.952866	-0.0116113	0.30317	-0.013099	0.996761	0.0793459	-0.303109	-0.0795772	0.949627	-11.0375	-2.72659	68.3924	
0.952534	-0.0116991	0.304207	-0.0135645	0.996638	0.0808016	-0.304129	-0.0810927	0.949173	-11.3485	-2.80888	69.3648	
0.952201	-0.0117886	0.305245	-0.0140316	0.996512	0.0822565	-0.30515	-0.0826078	0.948715	-11.6605	-2.89271	70.3368	
0.95967	-0.0096487	0.280962	-0.0147249	0.996314	0.0845105	-0.280741	-0.0852394	0.955991	-11.9606	-2.97867	71.3122	
0.966515	-0.00744244	0.256501	-0.0153603	0.996109	0.086781	-0.256149	-0.0878151	0.96264	-12.2356	-3.0673	72.2949	
0.972731	-0.00517124	0.231879	-0.0159372	0.995898	0.0890665	-0.231389	-0.0903333	0.968658	-12.4853	-3.15854	73.284	
0.978313	-0.00283659	0.207112	-0.0164554	0.995681	0.0913655	-0.206477	-0.0927922	0.974042	-12.7095	-3.25233	74.2789	
0.983259	-0.000440011	0.182215	-0.0169145	0.995459	0.0936765	-0.181429	-0.0951903	0.978786	-12.9082	-3.34861	75.2791	
0.987564	0.00201691	0.157206	-0.0173141	0.995231	0.095998	-0.156263	-0.097526	0.982889	-13.0811	-3.44731	76.2837	
0.991226	0.00453258	0.132101	-0.017654	0.994997	0.0983284	-0.130994	-0.0997977	0.986347	-13.2282	-3.54836	77.2923	
0.994243	0.00710533	0.106915	-0.0179341	0.994759	0.100666	-0.105639	-0.102004	0.989159	-13.3494	-3.65172	78.304	
0.996612	0.00973349	0.0816659	-0.018154	0.994515	0.10301	-0.0802153	-0.104143	0.991322	-13.4446	-3.7573	79.3183	
0.998333	0.0124153	0.0563701	-0.0183137	0.994266	0.105358	-0.0547388	-0.106215	0.992835	-13.5137	-3.86503	80.3345	
0.999403	0.0151491	0.0310439	-0.0184131	0.994012	0.107709	-0.0292263	-0.108216	0.993698	-13.5567	-3.97485	81.3519	
0.999823	0.017933	0.00570405	-0.018452	0.993754	0.110061	-0.0036947	-0.110147	0.993908	-13.5736	-4.08668	82.3699	
0.999592	0.0207652	-0.0196329	-0.0184306	0.993491	0.112413	0.0218393	-0.112005	0.993468	-13.5643	-4.20046	83.3877	
0.998709	0.0236438	-0.0449502	-0.0183487	0.993223	0.114763	0.047359	-0.11379	0.992375	-13.5289	-4.3161	84.4048	
0.997177	0.026567	-0.0702314	-0.0182064	0.992952	0.11711	0.0728477	-0.1155	0.990633	-13.4673	-4.43353	85.4204	
0.994995	0.0295329	-0.0954599	-0.0180039	0.992677	0.119451	0.0982886	-0.117135	0.98824	-13.3797	-4.55267	86.4338	
0.992165	0.0325394	-0.120619	-0.0177412	0.992398	0.121787	0.123665	-0.118693	0.9852	-13.266	-4.67345	87.4445	
0.98869	0.0355847	-0.145693	-0.0174186	0.992115	0.124114	0.14896	-0.120173	0.981514	-13.1264	-4.79579	88.4518	
0.98457	0.0386667	-0.170664	-0.0170362	0.991829	0.126432	0.174158	-0.121574	0.977184	-12.9609	-4.9196	89.4549	
0.97981	0.0417834	-0.195517	-0.0165943	0.99154	0.128739	0.199242	-0.122895	0.972214	-12.7696	-5.0448	90.4533	
0.974412	0.0449328	-0.220235	-0.0160933	0.991247	0.131033	0.224195	-0.124136	0.966606	-12.5528	-5.17132	91.4463	
0.968379	0.0481128	-0.244801	-0.0155333	0.990952	0.133314	0.249001	-0.125296	0.960364	-12.3104	-5.29907	92.4332	
0.961716	0.0513213	-0.269201	-0.0149148	0.990654	0.135579	0.273643	-0.126373	0.953493	-12.0428	-5.42796	93.4134	
0.954426	0.0545562	-0.293417	-0.0142382	0.990354	0.137826	0.298106	-0.127367	0.945997	-11.7499	-5.55791	94.3862	
0.946516	0.0578154	-0.317435	-0.0135039	0.990052	0.140056	0.322374	-0.128278	0.93788	-11.4322	-5.68884	95.351	
0.937989	0.0610968	-0.341237	-0.0127124	0.989747	0.142265	0.346431	-0.129105	0.929149	-11.0896	-5.82066	96.3072	
0.928852	0.0643982	-0.36481	-0.0118643	0.98944	0.144453	0.37026	-0.129848	0.919808	-10.7226	-5.95328	97.2541	
0.919111	0.0677174	-0.388136	-0.0109601	0.989132	0.146619	0.393847	-0.130505	0.909865	-10.3312	-6.08662	98.1912	
0.908771	0.0710522	-0.411201	-0.0100003	0.988823	0.14876	0.417175	-0.131076	0.899324	-9.91588	-6.22059	99.1178	
