1	0	0	0	1	0	0	0	1	0	0	0	
0.999992	-3.24017e-07	0.00390336	-3.24017e-07	1	0.000166019	-0.00390336	-0.000166019	0.999992	-0.0014539	-6.18379e-05	0.744948	
0.99997	-1.30052e-06	0.00780828	-1.30837e-06	1	0.000334114	-0.00780828	-0.000334114	0.999969	-0.0058162	-0.000248125	1.48988	
0.999931	-2.93816e-06	0.0117147	-2.96955e-06	1	0.000504282	-0.0117147	-0.000504283	0.999931	-0.013088	-0.000560407	2.2348	
0.999878	-5.24555e-06	0.0156225	-5.32406e-06	1	0.000676523	-0.0156225	-0.000676524	0.999878	-0.0232704	-0.00100023	2.97968	
0.999809	-8.23132e-06	0.0195316	-8.3884e-06	1	0.000850834	-0.0195316	-0.000850835	0.999809	-0.0363644	-0.00156913	3.72451	
0.999725	-1.19041e-05	0.0234419	-1.21791e-05	0.999999	0.00102721	-0.0234419	-0.00102722	0.999725	-0.052371	-0.00226866	4.46929	
0.999626	-1.62724e-05	0.0273534	-1.67126e-05	0.999999	0.00120566	-0.0273534	-0.00120566	0.999625	-0.071291	-0.00310035	5.214	
0.999511	-2.1345e-05	0.031266	-2.20055e-05	0.999999	0.00138616	-0.031266	-0.00138617	0.99951	-0.0931252	-0.00406575	5.95862	
0.999381	-2.71303e-05	0.0351795	-2.80742e-05	0.999999	0.00156873	-0.0351795	-0.00156875	0.99938	-0.117875	-0.00516638	6.70316	
0.999236	-3.3637e-05	0.039094	-3.49354e-05	0.999998	0.00175336	-0.039094	-0.00175338	0.999234	-0.14554	-0.00640379	7.44759	
0.999075	-4.08736e-05	0.0430093	-4.26054e-05	0.999998	0.00194003	-0.0430093	-0.00194007	0.999073	-0.176121	-0.00777951	8.19191	
0.998898	-4.88487e-05	0.0469253	-5.11008e-05	0.999998	0.00212877	-0.0469253	-0.00212882	0.998896	-0.209619	-0.00929507	8.93611	
0.998707	-5.75708e-05	0.050842	-6.0438e-05	0.999997	0.00231955	-0.050842	-0.00231962	0.998704	-0.246035	-0.010952	9.68016	
0.9985	-6.70485e-05	0.0547593	-7.06337e-05	0.999997	0.00251237	-0.0547593	-0.00251247	0.998496	-0.285369	-0.0127518	10.4241	
0.998277	-7.72902e-05	0.0586771	-8.17041e-05	0.999996	0.00270724	-0.0586771	-0.00270737	0.998273	-0.327621	-0.0146961	11.1678	
0.998039	-8.83045e-05	0.0625954	-9.3666e-05	0.999996	0.00290415	-0.0625954	-0.00290432	0.998035	-0.372793	-0.0167863	11.9114	
0.997785	-0.0001001	0.066514	-0.000106536	0.999995	0.00310309	-0.066514	-0.00310331	0.997781	-0.420883	-0.019024	12.6548	
0.997517	-0.000112685	0.0704328	-0.000120329	0.999995	0.00330407	-0.0704328	-0.00330434	0.997511	-0.471892	-0.0214107	13.398	
0.997232	-0.000126068	0.0743518	-0.000135064	0.999994	0.00350707	-0.0743518	-0.00350741	0.997226	-0.52582	-0.0239479	14.141	
0.996932	-0.000140257	0.078271	-0.000150756	0.999993	0.0037121	-0.0782709	-0.00371251	0.996925	-0.582669	-0.0266371	14.8837	
0.996617	-0.000155261	0.0821901	-0.000167421	0.999992	0.00391914	-0.0821901	-0.00391964	0.996609	-0.642436	-0.0294799	15.6263	
0.996286	-0.000171089	0.0861092	-0.000185077	0.999991	0.00412821	-0.0861092	-0.00412881	0.996277	-0.705124	-0.0324778	16.3686	
0.995939	-0.000187748	0.0900282	-0.000203738	0.999991	0.00433928	-0.0900281	-0.00434	0.99593	-0.770731	-0.0356322	17.1106	
0.995577	-0.000205248	0.0939469	-0.000223423	0.99999	0.00455236	-0.0939469	-0.00455322	0.995567	-0.839257	-0.0389447	17.8524	
0.9952	-0.000223596	0.0978654	-0.000244146	0.999989	0.00476744	-0.0978653	-0.00476845	0.995188	-0.910702	-0.0424168	18.5939	
0.994807	-0.000242801	0.101783	-0.000265925	0.999988	0.00498453	-0.101783	-0.00498571	0.994794	-0.985066	-0.04605	19.3351	
0.994398	-0.000262871	0.105701	-0.000288776	0.999986	0.0052036	-0.105701	-0.00520497	0.994384	-1.06235	-0.0498458	20.0761	
0.993974	-0.000283815	0.109618	-0.000312715	0.999985	0.00542466	-0.109618	-0.00542625	0.993959	-1.14255	-0.0538056	20.8167	
0.993534	-0.00030564	0.113535	-0.000337759	0.999984	0.00564771	-0.113534	-0.00564954	0.993518	-1.22567	-0.0579311	21.557	
0.993079	-0.000328356	0.11745	-0.000363923	0.999983	0.00587273	-0.11745	-0.00587483	0.993061	-1.3117	-0.0622236	22.2969	
0.992608	-0.00035197	0.121365	-0.000391224	0.999981	0.00609973	-0.121365	-0.00610212	0.992589	-1.40066	-0.0666847	23.0365	
0.992121	-0.000376491	0.125279	-0.000419678	0.99998	0.0063287	-0.125279	-0.00633141	0.992101	-1.49253	-0.0713159	23.7758	
0.991619	-0.000401926	0.129193	-0.000449302	0.999978	0.00655962	-0.129192	-0.0065627	0.991598	-1.58731	-0.0761187	24.5146	
0.991102	-0.000428285	0.133105	-0.000480111	0.999977	0.00679251	-0.133104	-0.00679597	0.991079	-1.68501	-0.0810944	25.2531	
0.990569	-0.000455575	0.137016	-0.000512122	0.999975	0.00702734	-0.137016	-0.00703124	0.990544	-1.78562	-0.0862447	25.9912	
0.99002	-0.000483805	0.140926	-0.000545351	0.999973	0.00726412	-0.140925	-0.00726848	0.989994	-1.88915	-0.091571	26.7289	
0.989456	-0.000512982	0.144834	-0.000579813	0.999972	0.00750284	-0.144834	-0.00750771	0.989427	-1.99559	-0.0970748	27.4662	
0.988876	-0.000543116	0.148741	-0.000615526	0.99997	0.00774349	-0.148741	-0.00774891	0.988846	-2.10494	-0.102757	28.2031	
0.988281	-0.000574213	0.152647	-0.000652505	0.999968	0.00798607	-0.152647	-0.00799208	0.988248	-2.2172	-0.108621	28.9395	
0.98767	-0.000606282	0.156552	-0.000690765	0.999966	0.00823057	-0.156551	-0.00823722	0.987635	-2.33236	-0.114666	29.6755	
0.987043	-0.000639331	0.160454	-0.000730324	0.999964	0.00847698	-0.160454	-0.00848433	0.987007	-2.45044	-0.120894	30.411	
0.986401	-0.000673369	0.164356	-0.000771196	0.999962	0.0087253	-0.164355	-0.0087334	0.986363	-2.57142	-0.127307	31.146	
0.985743	-0.000708402	0.168255	-0.000813399	0.999959	0.00897552	-0.168254	-0.00898442	0.985703	-2.69531	-0.133907	31.8806	
0.98507	-0.00074444	0.172153	-0.000856947	0.999957	0.00922764	-0.172152	-0.00923739	0.985027	-2.82211	-0.140694	32.6146	
0.984381	-0.00078149	0.176048	-0.000901857	0.999955	0.00948164	-0.176048	-0.00949232	0.984336	-2.9518	-0.14767	33.3481	
0.983677	-0.000819561	0.179942	-0.000948144	0.999952	0.00973752	-0.179941	-0.00974919	0.983629	-3.0844	-0.154837	34.0812	
0.982957	-0.000858659	0.183834	-0.000995824	0.99995	0.00999528	-0.183833	-0.010008	0.982907	-3.2199	-0.162196	34.8137	
0.982222	-0.000898793	0.187723	-0.00104491	0.999947	0.0102549	-0.187722	-0.0102687	0.982168	-3.35829	-0.169749	35.5456	
0.981471	-0.000939972	0.19161	-0.00109543	0.999944	0.0105164	-0.19161	-0.0105314	0.981415	-3.49958	-0.177496	36.277	
0.980704	-0.000982202	0.195496	-0.00114738	0.999941	0.0107797	-0.195495	-0.010796	0.980645	-3.64377	-0.18544	37.0078	
0.979922	-0.00102549	0.199378	-0.00120079	0.999938	0.0110449	-0.199377	-0.0110625	0.97986	-3.79085	-0.193582	37.738	
0.979125	-0.00106985	0.203258	-0.00125567	0.999935	0.0113119	-0.203257	-0.011331	0.97906	-3.94082	-0.201923	38.4677	
0.977952	-0.00114113	0.208826	-0.00175016	0.999905	0.0136602	-0.208821	-0.0137245	0.977857	-4.09431	-0.211256	39.1966	
0.976747	-0.00122612	0.214392	-0.0022574	0.999869	0.0160027	-0.214384	-0.0161146	0.976617	-4.25194	-0.22237	39.9246	
0.975508	-0.00132482	0.219958	-0.00277735	0.999828	0.0183395	-0.219945	-0.0185012	0.975337	-4.41372	-0.235263	40.6516	
0.974237	-0.00143725	0.225523	-0.00330999	0.999781	0.0206704	-0.225503	-0.0208844	0.974019	-4.57964	-0.249934	41.3777	
0.972932	-0.00156341	0.231086	-0.00385531	0.999728	0.0229955	-0.231059	-0.023264	0.972662	-4.7497	-0.266378	42.1028	
0.971594	-0.00170331	0.236646	-0.00441328	0.99967	0.0253148	-0.236611	-0.0256401	0.971266	-4.92389	-0.284593	42.8269	
0.970223	-0.00185694	0.242205	-0.00498387	0.999606	0.0276281	-0.242161	-0.0280126	0.969832	-5.10223	-0.304578	43.5499	
0.968819	-0.00202432	0.24776	-0.00556706	0.999536	0.0299356	-0.247706	-0.0303815	0.968359	-5.28469	-0.326328	44.2718	
0.967382	-0.00220543	0.253312	-0.00616283	0.999461	0.0322371	-0.253247	-0.0327467	0.966847	-5.47128	-0.349842	44.9926	
0.965912	-0.00240029	0.258861	-0.00677116	0.999381	0.0345326	-0.258783	-0.0351082	0.965297	-5.662	-0.375116	45.7123	
0.964408	-0.00260888	0.264405	-0.00739203	0.999294	0.0368222	-0.264315	-0.0374661	0.963708	-5.85684	-0.402148	46.4308	
0.962872	-0.00283121	0.269945	-0.00802541	0.999203	0.0391057	-0.269841	-0.0398202	0.962081	-6.0558	-0.430936	47.1481	
0.961302	-0.00306727	0.27548	-0.00867129	0.999106	0.0413832	-0.275361	-0.0421705	0.960416	-6.25888	-0.461475	47.8642	
0.959699	-0.00331704	0.28101	-0.00932964	0.999003	0.0436546	-0.280874	-0.044517	0.958712	-6.46606	-0.493764	48.5791	
0.958063	-0.00358053	0.286534	-0.0100004	0.998895	0.04592	-0.286382	-0.0468597	0.956969	-6.67735	-0.5278	49.2926	
0.956395	-0.00385773	0.292052	-0.0106837	0.998782	0.0481793	-0.291882	-0.0491986	0.955188	-6.89274	-0.563579	50.0048	
0.954693	-0.00414862	0.297563	-0.0113793	0.998663	0.0504324	-0.297374	-0.0515336	0.953369	-7.11222	-0.6011	50.7157	
0.952959	-0.00445319	0.303068	-0.0120874	0.998538	0.0526795	-0.302859	-0.0538647	0.951512	-7.3358	-0.640358	51.4252	
0.951191	-0.00477144	0.308565	-0.0128078	0.998409	0.0549204	-0.308336	-0.0561918	0.949616	-7.56345	-0.681351	52.1334	
0.949391	-0.00510333	0.314055	-0.0135406	0.998273	0.0571551	-0.313804	-0.058515	0.947683	-7.79518	-0.724077	52.8401	
0.947558	-0.00544887	0.319537	-0.0142857	0.998133	0.0593836	-0.319264	-0.0608342	0.945711	-8.03099	-0.768532	53.5453	
0.945693	-0.00580803	0.32501	-0.0150432	0.997987	0.0616059	-0.324714	-0.0631495	0.943702	-8.27085	-0.814713	54.2491	
0.943795	-0.0061808	0.330474	-0.0158129	0.997836	0.0638221	-0.330154	-0.0654607	0.941655	-8.51478	-0.862617	54.9513	
0.941864	-0.00656715	0.33593	-0.016595	0.99768	0.0660319	-0.335584	-0.0677678	0.93957	-8.76275	-0.912241	55.652	
0.939901	-0.00696707	0.341376	-0.0173893	0.997518	0.0682356	-0.341004	-0.070071	0.937447	-9.01476	-0.963583	56.3512	
0.937906	-0.00738053	0.346812	-0.0181958	0.997351	0.0704329	-0.346413	-0.07237	0.935286	-9.27081	-1.01664	57.0487	
0.935878	-0.00780752	0.352237	-0.0190147	0.997178	0.072624	-0.35181	-0.0746649	0.933089	-9.53088	-1.07141	57.7447	
0.933818	-0.008248	0.357652	-0.0198457	0.997	0.0748088	-0.357197	-0.0769557	0.930854	-9.79496	-1.12788	58.4389	
0.931726	-0.00870195	0.363057	-0.020689	0.996817	0.0769873	-0.362571	-0.0792424	0.928581	-10.0631	-1.18606	59.1315	
0.929603	-0.00916936	0.368449	-0.0215445	0.996629	0.0791595	-0.367933	-0.0815249	0.926272	-10.3352	-1.24594	59.8224	
0.927447	-0.00965018	0.37383	-0.0224121	0.996436	0.0813253	-0.373282	-0.0838032	0.923925	-10.6112	-1.30752	60.5116	
0.92526	-0.0101444	0.379199	-0.023292	0.996237	0.0834848	-0.378619	-0.0860774	0.921541	-10.8913	-1.3708	61.199	
0.923041	-0.010652	0.384555	-0.024184	0.996033	0.0856379	-0.383942	-0.0883473	0.919121	-11.1753	-1.43577	61.8846	
0.92079	-0.0111729	0.389899	-0.0250881	0.995824	0.0877846	-0.389251	-0.090613	0.916664	-11.4633	-1.50243	62.5683	
0.918508	-0.0117071	0.395229	-0.0260044	0.995609	0.089925	-0.394546	-0.0928745	0.91417	-11.7553	-1.57077	63.2503	
0.916195	-0.0122546	0.400546	-0.0269329	0.995389	0.0920589	-0.399827	-0.0951317	0.91164	-12.0512	-1.6408	63.9304	
0.91385	-0.0128153	0.405849	-0.0278734	0.995164	0.0941864	-0.405093	-0.0973847	0.909074	-12.351	-1.71251	64.6085	
0.911475	-0.0133892	0.411137	-0.0288261	0.994934	0.0963075	-0.410344	-0.0996334	0.906472	-12.6547	-1.78589	65.2848	
0.909069	-0.0139762	0.416411	-0.0297908	0.994699	0.0984221	-0.415579	-0.101878	0.903833	-12.9623	-1.86095	65.9591	
0.906632	-0.0145764	0.42167	-0.0307677	0.994458	0.10053	-0.420799	-0.104118	0.901159	-13.2739	-1.93768	66.6314	
0.904165	-0.0151897	0.426914	-0.0317566	0.994212	0.102632	-0.426002	-0.106354	0.898449	-13.5893	-2.01607	67.3017	
0.901667	-0.0158161	0.432142	-0.0327577	0.993961	0.104727	-0.431189	-0.108585	0.895704	-13.9086	-2.09613	67.97	
0.899139	-0.0164554	0.437355	-0.0337708	0.993705	0.106816	-0.436359	-0.110812	0.892923	-14.2317	-2.17785	68.6362	
0.89658	-0.0171077	0.442551	-0.0347959	0.993444	0.108898	-0.441512	-0.113035	0.890107	-14.5587	-2.26123	69.3003	
0.890953	-0.0186154	0.453713	-0.0409282	0.991801	0.121063	-0.452247	-0.126431	0.882886	-14.8916	-2.35043	69.9607	
0.885192	-0.0202915	0.464783	-0.0472066	0.989974	0.133126	-0.462825	-0.139783	0.875359	-15.2325	-2.44959	70.6157	
0.879298	-0.0221354	0.475757	-0.0536292	0.987965	0.145085	-0.473242	-0.153087	0.867529	-15.5811	-2.55868	71.2649	
