1	0	0	0	1	0	0	0	1	0	0	0	
1	-1.64933e-06	-0.000721311	-1.64933e-06	0.99999	-0.00457311	0.000721311	0.00457311	0.999989	0.000312022	0.00197822	0.865148	
0.999999	-6.57906e-06	-0.00143987	-6.59259e-06	0.999958	-0.00914758	0.00143987	0.00914758	0.999957	0.0012469	0.00791347	1.73028	
0.999998	-1.47651e-05	-0.00215567	-1.48192e-05	0.999906	-0.0137233	0.00215567	0.0137233	0.999904	0.00280225	0.0178069	2.59537	
0.999996	-2.61831e-05	-0.00286868	-2.63185e-05	0.999833	-0.0183001	0.00286868	0.0183001	0.999828	0.00497567	0.0316594	3.46041	
0.999994	-4.08087e-05	-0.00357889	-4.10796e-05	0.999738	-0.0228779	0.00357888	0.0228779	0.999732	0.00776473	0.0494721	4.32537	
0.999991	-5.86174e-05	-0.00428627	-5.90915e-05	0.999623	-0.0274566	0.00428626	0.0274566	0.999614	0.011167	0.0712456	5.19024	
0.999988	-7.95842e-05	-0.0049908	-8.03429e-05	0.999487	-0.032036	0.00499079	0.032036	0.999474	0.01518	0.0969806	6.055	
0.999984	-0.000103684	-0.00569247	-0.000104823	0.999329	-0.036616	0.00569245	0.036616	0.999313	0.0198014	0.126678	6.91963	
0.99998	-0.000130893	-0.00639126	-0.000132519	0.999151	-0.0411966	0.00639123	0.0411966	0.999131	0.0250285	0.160338	7.78411	
0.999975	-0.000161185	-0.00708715	-0.000163421	0.998952	-0.0457775	0.0070871	0.0457775	0.998927	0.0308589	0.197961	8.64842	
0.99997	-0.000194534	-0.00778012	-0.000197516	0.998731	-0.0503587	0.00778005	0.0503587	0.998701	0.0372901	0.239547	9.51255	
0.999964	-0.000230916	-0.00847016	-0.000234793	0.99849	-0.0549401	0.00847005	0.0549401	0.998454	0.0443195	0.285097	10.3765	
0.999958	-0.000270304	-0.00915724	-0.000275239	0.998227	-0.0595214	0.00915709	0.0595215	0.998185	0.0519446	0.33461	11.2402	
0.999952	-0.000312673	-0.00984135	-0.000318842	0.997943	-0.0641027	0.00984115	0.0641027	0.997895	0.0601628	0.388087	12.1036	
0.999945	-0.000357997	-0.0105225	-0.000365591	0.997638	-0.0686838	0.0105222	0.0686838	0.997583	0.0689715	0.445527	12.9668	
0.999937	-0.00040625	-0.0112006	-0.000415472	0.997312	-0.0732645	0.0112002	0.0732645	0.99725	0.0783681	0.506931	13.8297	
0.999929	-0.000457406	-0.0118757	-0.000468473	0.996965	-0.0778447	0.0118752	0.0778448	0.996895	0.08835	0.572297	14.6924	
0.999921	-0.000511439	-0.0125477	-0.000524581	0.996597	-0.0824244	0.0125472	0.0824245	0.996518	0.0989146	0.641626	15.5547	
0.999912	-0.000568321	-0.0132167	-0.000583784	0.996208	-0.0870034	0.013216	0.0870035	0.99612	0.110059	0.714917	16.4166	
0.999903	-0.000628027	-0.0138826	-0.000646067	0.995797	-0.0915815	0.0138818	0.0915817	0.995701	0.121781	0.792168	17.2782	
0.999894	-0.00069053	-0.0145455	-0.000711419	0.995366	-0.0961588	0.0145445	0.0961589	0.99526	0.134078	0.873381	18.1395	
0.999884	-0.000755803	-0.0152052	-0.000779826	0.994913	-0.100735	0.015204	0.100735	0.994797	0.146946	0.958552	19.0003	
0.999874	-0.000823819	-0.0158618	-0.000851274	0.994439	-0.10531	0.0158604	0.10531	0.994313	0.160384	1.04768	19.8608	
0.999863	-0.000894551	-0.0165153	-0.00092575	0.993944	-0.109884	0.0165136	0.109884	0.993807	0.174388	1.14077	20.7208	
0.999852	-0.000967973	-0.0171656	-0.00100324	0.993428	-0.114456	0.0171636	0.114456	0.99328	0.188956	1.23781	21.5804	
0.999841	-0.00104406	-0.0178128	-0.00108373	0.99289	-0.119026	0.0178104	0.119027	0.992731	0.204085	1.33881	22.4395	
0.999829	-0.00112277	-0.0184568	-0.00116721	0.992332	-0.123595	0.018454	0.123596	0.992161	0.219772	1.44377	23.2981	
0.999817	-0.0012041	-0.0190976	-0.00125366	0.991752	-0.128163	0.0190944	0.128163	0.991569	0.236014	1.55267	24.1562	
0.999804	-0.001288	-0.0197351	-0.00134307	0.991152	-0.132728	0.0197315	0.132729	0.990956	0.25281	1.66553	25.0138	
0.999792	-0.00137446	-0.0203695	-0.00143542	0.99053	-0.137291	0.0203653	0.137292	0.990321	0.270155	1.78233	25.8708	
0.999778	-0.00146344	-0.0210006	-0.0015307	0.989887	-0.141853	0.0209958	0.141853	0.989665	0.288046	1.90308	26.7273	
0.999765	-0.00155491	-0.0216285	-0.00162889	0.989222	-0.146411	0.0216231	0.146412	0.988987	0.306482	2.02778	27.5833	
0.999751	-0.00164886	-0.0222532	-0.00172999	0.988537	-0.150968	0.022247	0.150969	0.988288	0.32546	2.15642	28.4386	
0.999737	-0.00174524	-0.0228745	-0.00183397	0.987831	-0.155522	0.0228676	0.155523	0.987568	0.344975	2.289	29.2933	
0.999722	-0.00184403	-0.0234926	-0.00194082	0.987103	-0.160073	0.0234848	0.160075	0.986826	0.365026	2.42552	30.1474	
0.999707	-0.00194521	-0.0241074	-0.00205053	0.986355	-0.164622	0.0240986	0.164623	0.986062	0.385609	2.56598	31.0008	
0.999692	-0.00204875	-0.0247188	-0.00216308	0.985585	-0.169168	0.0247091	0.169169	0.985277	0.406723	2.71037	31.8536	
0.999677	-0.00215461	-0.025327	-0.00227845	0.984794	-0.173711	0.0253161	0.173712	0.984471	0.428362	2.85869	32.7056	
0.999661	-0.00226277	-0.0259318	-0.00239663	0.983982	-0.17825	0.0259197	0.178252	0.983643	0.450526	3.01094	33.557	
0.999645	-0.0023732	-0.0265332	-0.00251761	0.983149	-0.182787	0.0265199	0.182789	0.982794	0.47321	3.16712	34.4076	
0.999629	-0.00248587	-0.0271313	-0.00264136	0.982295	-0.18732	0.0271167	0.187322	0.981924	0.496412	3.32722	35.2575	
0.999612	-0.00260075	-0.0277261	-0.00276788	0.98142	-0.19185	0.0277099	0.191852	0.981033	0.520128	3.49124	36.1066	
0.999595	-0.00271782	-0.0283175	-0.00289714	0.980524	-0.196376	0.0282997	0.196378	0.98012	0.544357	3.65918	36.955	
0.999578	-0.00283704	-0.0289054	-0.00302913	0.979607	-0.200898	0.0288859	0.200901	0.979186	0.569094	3.83104	37.8025	
0.999561	-0.00295839	-0.02949	-0.00316384	0.97867	-0.205417	0.0294687	0.20542	0.97823	0.594337	4.0068	38.6493	
0.999543	-0.00308184	-0.0300712	-0.00330125	0.977711	-0.209931	0.0300479	0.209935	0.977254	0.620082	4.18647	39.4952	
0.999525	-0.00320735	-0.030649	-0.00344134	0.976731	-0.214442	0.0306236	0.214445	0.976256	0.646327	4.37005	40.3402	
0.999507	-0.0033349	-0.0312233	-0.00358409	0.97573	-0.218948	0.0311957	0.218952	0.975237	0.673069	4.55753	41.1844	
0.999488	-0.00346446	-0.0317942	-0.0037295	0.974708	-0.22345	0.0317642	0.223455	0.974197	0.700304	4.7489	42.0277	
0.99947	-0.003596	-0.0323617	-0.00387753	0.973666	-0.227948	0.0323291	0.227953	0.973135	0.728029	4.94417	42.87	
0.999451	-0.00372949	-0.0329257	-0.00402818	0.972602	-0.232441	0.0328904	0.232446	0.972053	0.756242	5.14333	43.7115	
0.999432	-0.00386491	-0.0334862	-0.00418143	0.971518	-0.23693	0.0334481	0.236935	0.970949	0.784938	5.34637	44.552	
0.999412	-0.00400221	-0.0340433	-0.00433727	0.970413	-0.241414	0.0340022	0.24142	0.969825	0.814116	5.5533	45.3915	
0.999393	-0.00414138	-0.0345969	-0.00449566	0.969287	-0.245893	0.0345526	0.245899	0.968679	0.843771	5.7641	46.23	
0.999373	-0.00428238	-0.035147	-0.00465661	0.96814	-0.250367	0.0350994	0.250373	0.967513	0.873901	5.97878	47.0676	
0.999353	-0.00442519	-0.0356936	-0.00482008	0.966972	-0.254835	0.0356424	0.254843	0.966325	0.904502	6.19732	47.9041	
0.999333	-0.00456977	-0.0362367	-0.00498607	0.965784	-0.259299	0.0361818	0.259307	0.965117	0.935571	6.41973	48.7396	
0.999312	-0.00471609	-0.0367763	-0.00515455	0.964575	-0.263757	0.0367174	0.263766	0.963888	0.967106	6.646	49.5741	
0.99939	-0.00413779	-0.0346754	-0.0052615	0.963779	-0.26665	0.0345227	0.26667	0.963169	0.997923	6.87545	50.4077	
0.999463	-0.00355135	-0.0325696	-0.00536208	0.962972	-0.269548	0.0323208	0.269578	0.962436	1.02684	7.10742	51.2406	
0.999532	-0.00295681	-0.0304592	-0.00545622	0.962155	-0.272449	0.030112	0.272488	0.961688	1.05384	7.34191	52.073	
0.999595	-0.00235419	-0.0283445	-0.00554388	0.961327	-0.275355	0.0278965	0.2754	0.960925	1.07894	7.57891	52.9046	
0.999655	-0.00174352	-0.0262258	-0.005625	0.960488	-0.278263	0.0256748	0.278315	0.960147	1.10211	7.81843	53.7357	
0.999709	-0.00112485	-0.0241035	-0.00569952	0.959639	-0.281175	0.0234469	0.281231	0.959354	1.12336	8.06048	54.566	
0.999758	-0.0004982	-0.0219778	-0.00576739	0.95878	-0.28409	0.0212134	0.284148	0.958546	1.14268	8.30505	55.3956	
0.999803	0.000136379	-0.0198489	-0.00582857	0.957911	-0.287007	0.0189743	0.287066	0.957723	1.16006	8.55214	56.2246	
0.999843	0.000778848	-0.0177173	-0.00588301	0.957031	-0.289926	0.0167302	0.289985	0.956885	1.17551	8.80176	57.0528	
0.999878	0.00142916	-0.0155831	-0.00593067	0.956141	-0.292847	0.0144811	0.292904	0.956032	1.18901	9.05391	57.8803	
0.999907	0.00208727	-0.0134466	-0.00597151	0.955241	-0.29577	0.0122274	0.295823	0.955165	1.20056	9.30857	58.707	
0.999932	0.00275312	-0.0113083	-0.00600549	0.95433	-0.298693	0.00996947	0.298741	0.954282	1.21016	9.56577	59.533	
0.999952	0.00342666	-0.00916819	-0.00603258	0.95341	-0.301617	0.0077075	0.301658	0.953385	1.21781	9.82549	60.3582	
0.999967	0.00410784	-0.00702673	-0.00605276	0.95248	-0.304541	0.00544181	0.304574	0.952473	1.2235	10.0877	61.1826	
0.999977	0.00479658	-0.00488415	-0.00606599	0.95154	-0.307466	0.00317268	0.307488	0.951547	1.22723	10.3525	62.0062	
0.999981	0.00549284	-0.00274073	-0.00607225	0.95059	-0.31039	0.000900391	0.310401	0.950605	1.22899	10.6198	62.8291	
0.999981	0.00619655	-0.000596757	-0.00607152	0.949631	-0.313313	-0.00137476	0.313311	0.94965	1.22878	10.8896	63.6511	
0.999975	0.00690763	0.0015475	-0.00606378	0.948661	-0.316235	-0.00365249	0.316218	0.94868	1.22661	11.1619	64.4723	
0.999964	0.00762603	0.00369177	-0.00604902	0.947683	-0.319156	-0.00593252	0.319122	0.947695	1.22246	11.4367	65.2926	
0.999948	0.00835165	0.00583578	-0.00602722	0.946695	-0.322075	-0.00821456	0.322023	0.946696	1.21634	11.7141	66.112	
0.999927	0.00908444	0.00797925	-0.00599838	0.945698	-0.324992	-0.0104983	0.32492	0.945683	1.20825	11.9939	66.9306	
0.999901	0.0098243	0.0101219	-0.00596249	0.944692	-0.327906	-0.0127835	0.327813	0.944656	1.19818	12.2763	67.7484	
0.999869	0.0105712	0.0122635	-0.00591954	0.943676	-0.330818	-0.0150699	0.330702	0.943615	1.18613	12.5611	68.5652	
0.999832	0.0113249	0.0144038	-0.00586954	0.942652	-0.333726	-0.0173571	0.333586	0.94256	1.1721	12.8485	69.3811	
0.99979	0.0120855	0.0165424	-0.00581248	0.941619	-0.336631	-0.019645	0.336464	0.941491	1.15609	13.1383	70.1961	
0.99924	0.0183581	0.0343916	-0.00611679	0.945087	-0.326761	-0.0385018	0.326302	0.944481	1.13094	13.4251	71.012	
0.998333	0.0244368	0.0522932	-0.00661838	0.948449	-0.316862	-0.0573405	0.315987	0.947029	1.08948	13.7029	71.8302	
0.997069	0.0303189	0.0702389	-0.00731701	0.951701	-0.306938	-0.0761525	0.305525	0.949134	1.03173	13.9718	72.6505	
0.99545	0.0360017	0.0882202	-0.00821236	0.954844	-0.296995	-0.0949288	0.294919	0.950795	0.957723	14.2315	73.4724	
0.993476	0.0414823	0.106229	-0.009304	0.957874	-0.287037	-0.113661	0.284176	0.952011	0.867489	14.482	74.2955	
0.991148	0.0467584	0.124256	-0.0105914	0.960792	-0.277068	-0.13234	0.273299	0.952782	0.761071	14.7232	75.1195	
0.988467	0.0518274	0.142294	-0.0120741	0.963595	-0.267094	-0.150956	0.262295	0.953107	0.638519	14.9549	75.944	
0.985434	0.0566869	0.160333	-0.0137512	0.966282	-0.257118	-0.169503	0.251168	0.952987	0.499891	15.177	76.7685	
0.982051	0.0613347	0.178367	-0.015622	0.968852	-0.247146	-0.18797	0.239924	0.95242	0.345251	15.3894	77.5928	
0.978319	0.0657686	0.196385	-0.0176856	0.971304	-0.237183	-0.206349	0.228567	0.951408	0.174672	15.5921	78.4164	
0.97424	0.0699865	0.21438	-0.0199411	0.973636	-0.227232	-0.224631	0.217104	0.949951	-0.0117667	15.7849	79.2389	
0.969816	0.0739865	0.232343	-0.0223875	0.975848	-0.217299	-0.242808	0.205538	0.94805	-0.213978	15.9677	80.06	
0.965049	0.0777666	0.250266	-0.0250235	0.977939	-0.207388	-0.260872	0.193877	0.945705	-0.431866	16.1405	80.8792	
0.959941	0.0813252	0.26814	-0.0278479	0.979906	-0.197504	-0.278814	0.182125	0.942917	-0.66533	16.3032	81.6962	
0.954495	0.0846605	0.285957	-0.0308594	0.981751	-0.187651	-0.296625	0.170288	0.939689	-0.914261	16.4556	82.5106	
0.948713	0.087771	0.303709	-0.0340567	0.983471	-0.177835	-0.314298	0.158371	0.936021	-1.17854	16.5978	83.322	
