1	0	0	0	1	0	0	0	1	0	0	0	
1	6.96931e-08	-3.40958e-05	6.96931e-08	0.999992	0.00408806	3.40958e-05	-0.00408806	0.999992	1.24588e-05	-0.00149379	0.730806	
1	2.94742e-07	-7.07945e-05	2.8411e-07	0.999967	0.00817638	7.07946e-05	-0.00817638	0.999967	5.07862e-05	-0.00597527	1.4616	
1	6.96449e-07	-0.000110096	6.53918e-07	0.999925	0.0122649	0.000110096	-0.0122649	0.999925	0.000116884	-0.0134446	2.19237	
1	1.29612e-06	-0.000151999	1.18978e-06	0.999866	0.0163535	0.000152	-0.0163535	0.999866	0.000212656	-0.0239019	2.9231	
1	2.11505e-06	-0.000196504	1.90237e-06	0.999791	0.0204422	0.000196506	-0.0204422	0.999791	0.000340002	-0.0373472	3.65379	
1	3.17456e-06	-0.00024361	2.80235e-06	0.999699	0.0245308	0.000243614	-0.0245308	0.999699	0.000500824	-0.0537806	4.38441	
1	4.49596e-06	-0.000293315	3.90038e-06	0.99959	0.0286194	0.000293324	-0.0286194	0.99959	0.000697023	-0.0732019	5.11496	
1	6.10055e-06	-0.000345619	5.20715e-06	0.999465	0.0327077	0.000345634	-0.0327077	0.999465	0.000930501	-0.0956111	5.84542	
1	8.00964e-06	-0.000400521	6.7333e-06	0.999323	0.0367959	0.000400545	-0.0367959	0.999323	0.00120316	-0.121008	6.57579	
1	1.02445e-05	-0.000458019	8.48951e-06	0.999164	0.0408836	0.000458055	-0.0408836	0.999164	0.00151689	-0.149393	7.30604	
1	1.28265e-05	-0.000518112	1.04864e-05	0.998988	0.044971	0.000518165	-0.044971	0.998988	0.00187361	-0.180764	8.03618	
1	1.5777e-05	-0.000580798	1.27348e-05	0.998796	0.0490579	0.000580873	-0.0490579	0.998796	0.0022752	-0.215123	8.76618	
1	1.91171e-05	-0.000646075	1.52451e-05	0.998587	0.0531443	0.000646178	-0.0531443	0.998587	0.00272357	-0.252468	9.49603	
1	2.28682e-05	-0.000713942	1.80282e-05	0.998361	0.05723	0.000714081	-0.05723	0.998361	0.00322062	-0.292799	10.2257	
1	2.70516e-05	-0.000784397	2.10946e-05	0.998118	0.061315	0.00078458	-0.061315	0.998118	0.00376824	-0.336116	10.9552	
1	3.16885e-05	-0.000857437	2.44551e-05	0.997859	0.0653993	0.000857673	-0.0653993	0.997859	0.00436832	-0.382418	11.6846	
1	3.68002e-05	-0.00093306	2.81202e-05	0.997583	0.0694827	0.000933362	-0.0694827	0.997583	0.00502277	-0.431704	12.4137	
0.999999	4.2408e-05	-0.00101126	3.21006e-05	0.99729	0.0735651	0.00101164	-0.0735651	0.99729	0.00573349	-0.483975	13.1427	
0.999999	4.85332e-05	-0.00109204	3.6407e-05	0.996981	0.0776466	0.00109252	-0.0776466	0.99698	0.00650236	-0.539228	13.8714	
0.999999	5.51968e-05	-0.0011754	4.105e-05	0.996655	0.081727	0.00117598	-0.081727	0.996654	0.00733128	-0.597464	14.5999	
0.999999	6.24203e-05	-0.00126133	4.60402e-05	0.996312	0.0858063	0.00126204	-0.0858063	0.996311	0.00822214	-0.658682	15.3281	
0.999999	7.02247e-05	-0.00134983	5.13883e-05	0.995952	0.0898844	0.00135068	-0.0898844	0.995951	0.00917684	-0.72288	16.0561	
0.999999	7.86313e-05	-0.0014409	5.71049e-05	0.995576	0.0939611	0.00144191	-0.0939611	0.995575	0.0101973	-0.790058	16.7838	
0.999999	8.76612e-05	-0.00153452	6.32005e-05	0.995183	0.0980365	0.00153573	-0.0980365	0.995182	0.0112853	-0.860214	17.5112	
0.999999	9.73357e-05	-0.00163071	6.9686e-05	0.994773	0.10211	0.00163213	-0.10211	0.994772	0.0124429	-0.933349	18.2384	
0.999998	0.000107676	-0.00172946	7.65717e-05	0.994347	0.106183	0.00173111	-0.106183	0.994345	0.0136718	-1.00946	18.9652	
0.999998	0.000118703	-0.00183075	8.38684e-05	0.993903	0.110254	0.00183268	-0.110254	0.993902	0.014974	-1.08855	19.6917	
0.999998	0.000130438	-0.0019346	9.15867e-05	0.993444	0.114323	0.00193683	-0.114323	0.993442	0.0163514	-1.17061	20.4179	
0.999998	0.000142902	-0.00204099	9.97371e-05	0.992967	0.11839	0.00204355	-0.11839	0.992965	0.0178059	-1.25564	21.1437	
0.999998	0.000156116	-0.00214992	0.00010833	0.992474	0.122456	0.00215286	-0.122456	0.992472	0.0193393	-1.34365	21.8692	
0.999997	0.000170101	-0.00226139	0.000117377	0.991964	0.12652	0.00226474	-0.12652	0.991962	0.0209535	-1.43463	22.5943	
0.999997	0.000184878	-0.00237539	0.000126887	0.991438	0.130582	0.00237919	-0.130582	0.991435	0.0226504	-1.52857	23.3191	
0.999997	0.000200469	-0.00249191	0.000136872	0.990894	0.134641	0.00249621	-0.134641	0.990891	0.0244319	-1.62549	24.0434	
0.999997	0.000216893	-0.00261096	0.000147341	0.990335	0.138699	0.00261581	-0.138699	0.990331	0.0262998	-1.72537	24.7674	
0.999996	0.000234173	-0.00273253	0.000158307	0.989758	0.142755	0.00273797	-0.142754	0.989754	0.0282561	-1.82821	25.4909	
0.999996	0.000252329	-0.00285661	0.000169778	0.989165	0.146808	0.0028627	-0.146808	0.989161	0.0303026	-1.93402	26.214	
0.999996	0.000271382	-0.0029832	0.000181766	0.988555	0.150859	0.00299	-0.150859	0.988551	0.0324412	-2.04279	26.9367	
0.999995	0.000291352	-0.00311229	0.000194281	0.987929	0.154907	0.00311985	-0.154907	0.987924	0.0346738	-2.15451	27.6589	
0.999995	0.000312262	-0.00324388	0.000207334	0.987286	0.158953	0.00325227	-0.158953	0.987281	0.0370022	-2.2692	28.3807	
0.999994	0.000334131	-0.00337796	0.000220935	0.986627	0.162997	0.00338724	-0.162997	0.986621	0.0394283	-2.38684	29.1019	
0.999994	0.00035698	-0.00351452	0.000235095	0.98595	0.167038	0.00352478	-0.167037	0.985944	0.041954	-2.50744	29.8227	
0.999993	0.000380831	-0.00365357	0.000249823	0.985258	0.171076	0.00366486	-0.171076	0.985251	0.0445811	-2.63099	30.543	
0.999993	0.000405703	-0.00379509	0.000265132	0.984549	0.175111	0.0038075	-0.175111	0.984541	0.0473115	-2.75748	31.2628	
0.999992	0.000431618	-0.00393909	0.00028103	0.983823	0.179144	0.00395268	-0.179144	0.983815	0.0501472	-2.88693	31.982	
0.999992	0.000458596	-0.00408554	0.000297529	0.983081	0.183174	0.00410042	-0.183173	0.983072	0.0530898	-3.01932	32.7007	
0.999991	0.000486658	-0.00423445	0.000314639	0.982322	0.1872	0.0042507	-0.1872	0.982313	0.0561413	-3.15466	33.4189	
0.99999	0.000515824	-0.00438581	0.00033237	0.981546	0.191224	0.00440352	-0.191224	0.981537	0.0593036	-3.29294	34.1365	
0.99999	0.000546116	-0.00453962	0.000350733	0.980755	0.195244	0.00455887	-0.195244	0.980744	0.0625785	-3.43415	34.8535	
0.999989	0.000577553	-0.00469586	0.000369738	0.979946	0.199262	0.00471677	-0.199261	0.979935	0.0659679	-3.57831	35.5699	
0.999988	0.000610156	-0.00485453	0.000389396	0.979121	0.203276	0.0048772	-0.203275	0.979109	0.0694736	-3.7254	36.2858	
0.999987	0.000643945	-0.00501562	0.000409717	0.97828	0.207287	0.00504016	-0.207286	0.978267	0.0730974	-3.87542	37.001	
0.999972	0.00116562	-0.00744488	0.000443998	0.977134	0.212622	0.00752248	-0.21262	0.977106	0.0776879	-4.02885	37.7155	
0.99995	0.00170004	-0.00986895	0.00049189	0.975958	0.21796	0.0100022	-0.217954	0.975908	0.0840915	-4.18619	38.4292	
0.999922	0.0022472	-0.0122878	0.000553419	0.97475	0.223298	0.0124793	-0.223288	0.974673	0.0923064	-4.34742	39.1419	
0.999888	0.00280709	-0.0147013	0.000628607	0.973511	0.228637	0.0149537	-0.228621	0.973401	0.102331	-4.51255	39.8538	
0.999848	0.00337967	-0.0171095	0.000717474	0.972242	0.233977	0.0174253	-0.233954	0.972092	0.114162	-4.68157	40.5647	
0.999802	0.00396493	-0.0195122	0.000820039	0.970941	0.239316	0.0198941	-0.239285	0.970746	0.127799	-4.8545	41.2746	
0.99975	0.00456285	-0.0219095	0.000936317	0.96961	0.244655	0.02236	-0.244615	0.969363	0.143238	-5.03132	41.9835	
0.999691	0.00517342	-0.0243012	0.00106632	0.968247	0.249993	0.0248229	-0.249942	0.967943	0.160479	-5.21203	42.6914	
0.999627	0.00579661	-0.0266874	0.00121007	0.966853	0.25533	0.0272828	-0.255267	0.966486	0.179519	-5.39664	43.3982	
0.999557	0.0064324	-0.0290679	0.00136758	0.965428	0.260665	0.0297397	-0.260589	0.964992	0.200355	-5.58513	44.104	
0.99948	0.00708078	-0.0314428	0.00153884	0.963972	0.265998	0.0321934	-0.265908	0.963461	0.222986	-5.77752	44.8087	
0.999398	0.00774172	-0.0338119	0.00172387	0.962485	0.271328	0.034644	-0.271223	0.961893	0.247409	-5.97379	45.5122	
0.99931	0.0084152	-0.0361753	0.00192268	0.960967	0.276655	0.0370914	-0.276534	0.960288	0.273621	-6.17394	46.2146	
0.999216	0.00910122	-0.0385329	0.00213527	0.959418	0.281979	0.0395355	-0.28184	0.958646	0.301621	-6.37798	46.9158	
0.999116	0.00979974	-0.0408847	0.00236165	0.957838	0.287299	0.0419763	-0.287142	0.956968	0.331406	-6.58588	47.6158	
0.99901	0.0105108	-0.0432305	0.0026018	0.956227	0.292615	0.0444138	-0.292438	0.955253	0.362973	-6.79767	48.3145	
0.998898	0.0112342	-0.0455704	0.00285574	0.954585	0.297926	0.0468478	-0.297728	0.953501	0.396321	-7.01332	49.012	
0.99878	0.0119702	-0.0479044	0.00312346	0.952912	0.303232	0.0492784	-0.303012	0.951712	0.431446	-7.23283	49.7081	
0.998657	0.0127185	-0.0502324	0.00340495	0.951208	0.308533	0.0517055	-0.308289	0.949886	0.468346	-7.4562	50.403	
0.998527	0.0134793	-0.0525543	0.00370021	0.949473	0.313828	0.0541291	-0.31356	0.948024	0.507018	-7.68343	51.0965	
0.998392	0.0142525	-0.0548702	0.00400924	0.947707	0.319116	0.056549	-0.318823	0.946126	0.547461	-7.9145	51.7886	
0.998251	0.015038	-0.0571799	0.00433202	0.945911	0.324399	0.0589654	-0.324079	0.944191	0.58967	-8.14942	52.4794	
0.998104	0.0158359	-0.0594835	0.00466855	0.944083	0.329674	0.0613781	-0.329326	0.942219	0.633645	-8.38818	53.1687	
0.997951	0.0166462	-0.0617809	0.00501881	0.942226	0.334941	0.0637871	-0.334565	0.940211	0.679381	-8.63077	53.8565	
0.997792	0.0174688	-0.0640722	0.00538278	0.940337	0.340201	0.0661923	-0.339795	0.938167	0.726876	-8.87719	54.5429	
0.997628	0.0183037	-0.0663572	0.00576047	0.938418	0.345453	0.0685938	-0.345016	0.936087	0.776127	-9.12742	55.2277	
0.997458	0.0191508	-0.0686359	0.00615184	0.936469	0.350696	0.0709915	-0.350227	0.933971	0.827132	-9.38146	55.9111	
0.997282	0.0200103	-0.0709083	0.00655688	0.934489	0.355931	0.0733854	-0.355428	0.931818	0.879889	-9.63931	56.5928	
0.997101	0.020882	-0.0731744	0.00697557	0.932479	0.361156	0.0757753	-0.360619	0.92963	0.934393	-9.90096	57.273	
0.996913	0.021766	-0.0754342	0.00740789	0.930439	0.366371	0.0781614	-0.365799	0.927406	0.990642	-10.1664	57.9516	
0.99672	0.0226621	-0.0776876	0.00785382	0.928369	0.371576	0.0805435	-0.370968	0.925146	1.04863	-10.4356	58.6285	
0.996521	0.0235705	-0.0799346	0.00831333	0.926269	0.376771	0.0829216	-0.376125	0.922851	1.10836	-10.7086	59.3038	
0.996317	0.0244911	-0.0821751	0.0087864	0.924139	0.381955	0.0852957	-0.381271	0.92052	1.16983	-10.9854	59.9774	
0.996107	0.0254239	-0.0844092	0.00927301	0.921979	0.387128	0.0876658	-0.386404	0.918154	1.23303	-11.2659	60.6492	
0.995891	0.0263688	-0.0866368	0.00977313	0.91979	0.39229	0.0900318	-0.391524	0.915753	1.29796	-11.5501	61.3194	
0.995669	0.0273259	-0.0888579	0.0102867	0.917571	0.397439	0.0923938	-0.396632	0.913316	1.36462	-11.8381	61.9877	
0.995442	0.0282951	-0.0910724	0.0108138	0.915323	0.402576	0.0947516	-0.401726	0.910845	1.43301	-12.1299	62.6543	
0.995209	0.0292764	-0.0932804	0.0113542	0.913045	0.407701	0.0971052	-0.406807	0.908338	1.50311	-12.4253	63.319	
0.994971	0.0302699	-0.0954818	0.011908	0.910738	0.412813	0.0994547	-0.411873	0.905797	1.57494	-12.7244	63.9819	
0.994727	0.0312754	-0.0976766	0.0124752	0.908402	0.417911	0.1018	-0.416926	0.903222	1.64848	-13.0273	64.6429	
0.994477	0.032293	-0.0998648	0.0130557	0.906038	0.422995	0.104141	-0.421963	0.900612	1.72373	-13.3338	65.3021	
0.994221	0.0333227	-0.102046	0.0136495	0.903644	0.428066	0.106478	-0.426985	0.897968	1.80069	-13.644	65.9593	
0.99396	0.0343645	-0.104221	0.0142565	0.901223	0.433122	0.10881	-0.431992	0.89529	1.87936	-13.9579	66.6145	
0.993694	0.0354183	-0.106389	0.0148767	0.898772	0.438163	0.111139	-0.436983	0.892577	1.95973	-14.2754	67.2678	
0.993421	0.0364841	-0.108551	0.0155101	0.896294	0.44319	0.113463	-0.441958	0.889831	2.0418	-14.5966	67.9191	
0.993143	0.0375619	-0.110705	0.0161565	0.893787	0.4482	0.115782	-0.446916	0.887052	2.12557	-14.9214	68.5684	
0.99286	0.0386517	-0.112853	0.0168161	0.891253	0.453196	0.118097	-0.451857	0.884239	2.21103	-15.2498	69.2156	
0.990982	0.0454801	-0.126039	0.0181303	0.886473	0.462426	0.132761	-0.460541	0.877654	2.30269	-15.5832	69.8595	
