1	0	0	0	1	0	0	0	1	0	0	0	
1	-7.26127e-08	-0.000873907	-7.26127e-08	1	-0.000166179	0.000873907	0.000166179	1	0.000365673	6.95352e-05	0.836869	
0.999998	-2.90438e-07	-0.0017479	-2.90353e-07	1	-0.000332278	0.0017479	0.000332278	0.999998	0.00146273	0.000278107	1.67374	
0.999997	-6.53419e-07	-0.00262195	-6.53079e-07	1	-0.000498291	0.00262195	0.000498291	0.999996	0.00329123	0.000625645	2.5106	
0.999994	-1.16148e-06	-0.00349604	-1.16063e-06	1	-0.000664211	0.00349604	0.000664211	0.999994	0.0058512	0.00111208	3.34747	
0.99999	-1.81453e-06	-0.00437011	-1.81283e-06	1	-0.000830034	0.00437011	0.000830034	0.99999	0.00914267	0.00173732	4.18433	
0.999986	-2.61245e-06	-0.00524416	-2.60947e-06	1	-0.000995753	0.00524416	0.000995753	0.999986	0.0131656	0.00250129	5.02119	
0.999981	-3.55511e-06	-0.00611815	-3.55035e-06	0.999999	-0.00116136	0.00611815	0.00116136	0.999981	0.01792	0.0034039	5.85804	
0.999976	-4.64236e-06	-0.00699204	-4.63521e-06	0.999999	-0.00132686	0.00699204	0.00132686	0.999975	0.0234058	0.00444506	6.69489	
0.999969	-5.87402e-06	-0.00786582	-5.86381e-06	0.999999	-0.00149223	0.00786582	0.00149223	0.999968	0.0296228	0.00562467	7.53174	
0.999962	-7.24991e-06	-0.00873944	-7.23587e-06	0.999999	-0.00165748	0.00873944	0.00165748	0.99996	0.036571	0.00694262	8.36858	
0.999954	-8.7698e-06	-0.00961288	-8.75109e-06	0.999998	-0.0018226	0.00961288	0.0018226	0.999952	0.0442502	0.00839881	9.20541	
0.999945	-1.04335e-05	-0.0104861	-1.04092e-05	0.999998	-0.00198758	0.0104861	0.00198758	0.999943	0.0526604	0.00999312	10.0422	
0.999935	-1.22407e-05	-0.0113591	-1.22097e-05	0.999998	-0.00215242	0.0113591	0.00215242	0.999933	0.0618012	0.0117254	10.8791	
0.999925	-1.41912e-05	-0.0122318	-1.41525e-05	0.999997	-0.00231711	0.0122318	0.00231711	0.999923	0.0716724	0.0135956	11.7159	
0.999914	-1.62846e-05	-0.0131043	-1.6237e-05	0.999997	-0.00248165	0.0131043	0.00248165	0.999911	0.0822739	0.0156036	12.5527	
0.999902	-1.85207e-05	-0.0139763	-1.8463e-05	0.999996	-0.00264603	0.0139763	0.00264603	0.999899	0.0936054	0.0177492	13.3894	
0.99989	-2.08992e-05	-0.0148481	-2.08299e-05	0.999996	-0.00281024	0.0148481	0.00281024	0.999886	0.105666	0.0200323	14.2262	
0.999876	-2.34197e-05	-0.0157194	-2.33374e-05	0.999996	-0.00297428	0.0157194	0.00297428	0.999872	0.118457	0.0224527	15.063	
0.999862	-2.60818e-05	-0.0165904	-2.5985e-05	0.999995	-0.00313815	0.0165904	0.00313815	0.999857	0.131977	0.0250104	15.8997	
0.999848	-2.88851e-05	-0.0174608	-2.87723e-05	0.999995	-0.00330184	0.0174608	0.00330184	0.999842	0.146225	0.0277051	16.7365	
0.999832	-3.18293e-05	-0.0183308	-3.16987e-05	0.999994	-0.00346534	0.0183308	0.00346534	0.999826	0.161201	0.0305367	17.5732	
0.999816	-3.4914e-05	-0.0192003	-3.47638e-05	0.999993	-0.00362864	0.0192003	0.00362864	0.999809	0.176905	0.0335051	18.4099	
0.999799	-3.81386e-05	-0.0200693	-3.79671e-05	0.999993	-0.00379175	0.0200693	0.00379175	0.999791	0.193337	0.03661	19.2466	
0.999781	-4.15028e-05	-0.0209377	-4.13079e-05	0.999992	-0.00395466	0.0209377	0.00395466	0.999773	0.210496	0.0398514	20.0833	
0.999762	-4.5006e-05	-0.0218055	-4.47859e-05	0.999992	-0.00411736	0.0218055	0.00411735	0.999754	0.228381	0.043229	20.92	
0.999743	-4.86478e-05	-0.0226726	-4.84003e-05	0.999991	-0.00427984	0.0226726	0.00427984	0.999734	0.246992	0.0467427	21.7567	
0.999723	-5.24277e-05	-0.0235391	-5.21506e-05	0.99999	-0.0044421	0.0235391	0.0044421	0.999713	0.266329	0.0503922	22.5933	
0.999702	-5.63451e-05	-0.024405	-5.60361e-05	0.999989	-0.00460414	0.024405	0.00460414	0.999692	0.28639	0.0541775	23.4299	
0.999681	-6.03995e-05	-0.0252701	-6.00564e-05	0.999989	-0.00476595	0.0252701	0.00476595	0.999669	0.307176	0.0580983	24.2665	
0.999658	-6.45902e-05	-0.0261344	-6.42106e-05	0.999988	-0.00492753	0.0261344	0.00492752	0.999646	0.328685	0.0621544	25.1031	
0.999635	-6.89168e-05	-0.026998	-6.84982e-05	0.999987	-0.00508886	0.026998	0.00508886	0.999623	0.350918	0.0663456	25.9397	
0.999612	-7.33787e-05	-0.0278608	-7.29185e-05	0.999986	-0.00524995	0.0278608	0.00524994	0.999598	0.373873	0.0706717	26.7762	
0.999587	-7.79751e-05	-0.0287228	-7.74707e-05	0.999985	-0.00541079	0.0287228	0.00541078	0.999573	0.397549	0.0751325	27.6127	
0.999562	-8.27055e-05	-0.0295839	-8.21542e-05	0.999984	-0.00557137	0.0295839	0.00557136	0.999547	0.421947	0.0797278	28.4492	
0.999536	-8.75692e-05	-0.0304441	-8.69682e-05	0.999984	-0.00573168	0.0304441	0.00573167	0.99952	0.447064	0.0844574	29.2857	
0.99951	-9.25656e-05	-0.0313033	-9.1912e-05	0.999983	-0.00589173	0.0313033	0.00589172	0.999493	0.472902	0.089321	30.1222	
0.999483	-9.76939e-05	-0.0321617	-9.69848e-05	0.999982	-0.00605151	0.0321617	0.0060515	0.999464	0.499458	0.0943184	30.9586	
0.999455	-0.000102953	-0.033019	-0.000102186	0.999981	-0.00621101	0.033019	0.006211	0.999435	0.526731	0.0994495	31.795	
0.999426	-0.000108343	-0.0338754	-0.000107514	0.99998	-0.00637023	0.0338754	0.00637022	0.999406	0.554722	0.104714	32.6314	
0.999397	-0.000113863	-0.0347307	-0.000112969	0.999979	-0.00652916	0.0347307	0.00652914	0.999375	0.58343	0.110111	33.4677	
0.999367	-0.000119512	-0.0355849	-0.00011855	0.999978	-0.0066878	0.0355849	0.00668778	0.999344	0.612852	0.115642	34.3041	
0.999336	-0.000125289	-0.0364381	-0.000124256	0.999977	-0.00684613	0.0364381	0.00684612	0.999312	0.642989	0.121305	35.1404	
0.999304	-0.000131194	-0.0372901	-0.000130086	0.999975	-0.00700417	0.0372901	0.00700415	0.99928	0.673839	0.1271	35.9767	
0.999272	-0.000137225	-0.0381409	-0.000136039	0.999974	-0.00716189	0.0381409	0.00716187	0.999247	0.705402	0.133028	36.8129	
0.99924	-0.000143382	-0.0389906	-0.000142115	0.999973	-0.00731931	0.0389906	0.00731928	0.999213	0.737677	0.139087	37.6491	
0.999206	-0.000149664	-0.0398391	-0.000148311	0.999972	-0.0074764	0.0398391	0.00747637	0.999178	0.770662	0.145278	38.4853	
0.999172	-0.00015607	-0.0406863	-0.000154629	0.999971	-0.00763317	0.0406863	0.00763314	0.999143	0.804356	0.151601	39.3215	
0.999137	-0.000162599	-0.0415323	-0.000161065	0.99997	-0.00778961	0.0415323	0.00778958	0.999107	0.838759	0.158054	40.1576	
0.999102	-0.00016925	-0.0423769	-0.000167621	0.999968	-0.00794572	0.0423769	0.00794568	0.99907	0.87387	0.164638	40.9937	
0.999066	-0.000176023	-0.0432203	-0.000174294	0.999967	-0.00810148	0.0432203	0.00810145	0.999033	0.909687	0.171353	41.8298	
0.999029	-0.000182917	-0.0440622	-0.000181083	0.999966	-0.00825691	0.0440622	0.00825687	0.998995	0.946209	0.178198	42.6659	
0.998991	-0.00018993	-0.0449028	-0.000187988	0.999965	-0.00841198	0.0449028	0.00841194	0.998956	0.983435	0.185173	43.5019	
0.998953	-0.000197061	-0.045742	-0.000195008	0.999963	-0.0085667	0.045742	0.00856665	0.998917	1.02136	0.192277	44.3378	
0.998915	-0.000204311	-0.0465797	-0.000202141	0.999962	-0.00872106	0.0465798	0.00872101	0.998877	1.05999	0.199511	45.1738	
0.998875	-0.000211676	-0.047416	-0.000209387	0.999961	-0.00887506	0.047416	0.008875	0.998836	1.09933	0.206874	46.0097	
0.998835	-0.000219158	-0.0482508	-0.000216744	0.999959	-0.00902869	0.0482508	0.00902863	0.998794	1.13936	0.214365	46.8456	
0.998795	-0.000226754	-0.049084	-0.000224212	0.999958	-0.00918194	0.049084	0.00918188	0.998752	1.18008	0.221985	47.6814	
0.998818	-0.000222915	-0.0485968	-9.59667e-05	0.999978	-0.00655936	0.0485972	0.00655628	0.998797	1.22096	0.22857	48.5173	
0.998842	-0.000220357	-0.0481095	3.10485e-05	0.999992	-0.00393567	0.04811	0.00392962	0.998834	1.26142	0.232958	49.3531	
0.998865	-0.000219081	-0.0476221	0.00015683	0.999999	-0.00131093	0.0476223	0.00130197	0.998865	1.30148	0.235147	50.189	
0.998889	-0.000219087	-0.0471346	0.000281373	0.999999	0.00131483	0.0471342	-0.00132663	0.998888	1.34113	0.235137	51.025	
0.998911	-0.000220376	-0.0466469	0.000404676	0.999992	0.00394153	0.0466457	-0.00395612	0.998904	1.38037	0.232926	51.8609	
0.998934	-0.000222951	-0.0461591	0.000526733	0.999978	0.00656914	0.0461567	-0.00658645	0.998912	1.4192	0.228515	52.6969	
0.998957	-0.00022681	-0.0456712	0.000647542	0.999957	0.0091976	0.0456672	-0.00921757	0.998914	1.45762	0.221902	53.5328	
0.998979	-0.000231958	-0.0451831	0.000767098	0.99993	0.0118268	0.0451772	-0.0118494	0.998909	1.49564	0.213087	54.3688	
0.999001	-0.000238394	-0.0446948	0.000885399	0.999895	0.0144568	0.0446866	-0.014482	0.998896	1.53324	0.202069	55.2047	
0.999022	-0.00024612	-0.0442062	0.00100244	0.999853	0.0170875	0.0441956	-0.0171151	0.998876	1.57043	0.188847	56.0407	
0.999044	-0.000255139	-0.0437175	0.00111822	0.999805	0.0197189	0.0437039	-0.0197489	0.998849	1.60721	0.173422	56.8766	
0.999065	-0.000265453	-0.0432285	0.00123273	0.999749	0.0223508	0.0432117	-0.0223832	0.998815	1.64358	0.155793	57.7125	
0.999086	-0.000277062	-0.0427392	0.00134597	0.999687	0.0249833	0.0427189	-0.0250179	0.998774	1.67954	0.135958	58.5484	
0.999107	-0.000289971	-0.0422497	0.00145794	0.999618	0.0276162	0.0422255	-0.0276531	0.998725	1.71508	0.113919	59.3842	
0.999128	-0.00030418	-0.0417598	0.00156863	0.999541	0.0302496	0.0417315	-0.0302887	0.99867	1.75021	0.0896742	60.22	
0.999148	-0.000319693	-0.0412697	0.00167804	0.999458	0.0328833	0.0412368	-0.0329246	0.998607	1.78493	0.0632236	61.0557	
0.999168	-0.000336512	-0.0407792	0.00178616	0.999367	0.0355174	0.0407415	-0.0355607	0.998537	1.81923	0.034567	61.8914	
0.999188	-0.00035464	-0.0402884	0.00189299	0.99927	0.0381518	0.0402455	-0.0381971	0.998459	1.85312	0.00370415	62.727	
0.999208	-0.00037408	-0.0397972	0.00199854	0.999166	0.0407864	0.0397488	-0.0408336	0.998375	1.88659	-0.029365	63.5625	
0.999227	-0.000394835	-0.0393057	0.00210279	0.999055	0.0434212	0.0392514	-0.0434703	0.998283	1.91965	-0.0646407	64.398	
0.999246	-0.000416908	-0.0388137	0.00220573	0.998936	0.0460561	0.0387532	-0.046107	0.998185	1.95229	-0.102123	65.2334	
0.999265	-0.000440301	-0.0383214	0.00230738	0.998811	0.0486911	0.0382544	-0.0487437	0.998078	1.98451	-0.141812	66.0687	
0.999284	-0.00046502	-0.0378286	0.00240772	0.998679	0.0513261	0.0377548	-0.0513804	0.997965	2.01631	-0.183707	66.9039	
0.999303	-0.000491067	-0.0373354	0.00250675	0.99854	0.053961	0.0372544	-0.054017	0.997845	2.0477	-0.227809	67.739	
0.999321	-0.000518445	-0.0368417	0.00260447	0.998394	0.0565959	0.0367532	-0.0566535	0.997717	2.07867	-0.274117	68.574	
0.999339	-0.000547159	-0.0363475	0.00270087	0.998241	0.0592307	0.0362512	-0.0592897	0.997582	2.10921	-0.322632	69.4089	
0.999357	-0.000577213	-0.0358529	0.00279595	0.998081	0.0618653	0.0357484	-0.0619258	0.99744	2.13934	-0.373353	70.2437	
0.999375	-0.00060861	-0.0353578	0.00288971	0.997914	0.0644996	0.0352447	-0.0645615	0.997291	2.16905	-0.426279	71.0784	
0.999392	-0.000641355	-0.0348621	0.00298214	0.99774	0.0671337	0.0347402	-0.0671969	0.997135	2.19833	-0.481412	71.9129	
0.99966	-0.00131964	-0.0260428	0.00355633	0.996286	0.0860268	0.0258326	-0.0860902	0.995952	2.22368	-0.545555	72.7469	
0.999849	-0.00216496	-0.017236	0.00396154	0.994476	0.104893	0.0169137	-0.104946	0.994334	2.24157	-0.625494	73.5798	
0.999959	-0.00317695	-0.00844536	0.00419758	0.992308	0.123725	0.00798732	-0.123756	0.992281	2.25199	-0.721194	74.4111	
0.99999	-0.00435516	0.00032517	0.00426436	0.989784	0.142514	-0.000942518	-0.142511	0.989793	2.25493	-0.832613	75.2405	
0.999943	-0.00569907	0.00907176	0.00416185	0.986905	0.161251	-0.00987195	-0.161204	0.986872	2.25041	-0.959702	76.0676	
0.999816	-0.00720811	0.0177906	0.00389009	0.983672	0.179929	-0.0187971	-0.179827	0.983519	2.23841	-1.10241	76.8921	
0.99961	-0.00888161	0.0264778	0.00344919	0.980087	0.19854	-0.0277139	-0.198371	0.979735	2.21895	-1.26066	77.7136	
0.999325	-0.0107188	0.0351297	0.00283936	0.976151	0.217074	-0.0366187	-0.216828	0.975523	2.19203	-1.4344	78.5318	
0.998962	-0.012719	0.0437424	0.00206086	0.971866	0.235525	-0.0455074	-0.23519	0.970883	2.15766	-1.62355	79.3463	
0.99852	-0.0148812	0.0523122	0.00111403	0.967234	0.253883	-0.0543762	-0.253449	0.965819	2.11587	-1.82802	80.1567	
0.998	-0.0172045	0.0608352	-7.10019e-07	0.962257	0.272142	-0.0632212	-0.271598	0.960332	2.06666	-2.04773	80.9627	
0.997401	-0.0196878	0.0693079	-0.00128288	0.956937	0.290293	-0.0720385	-0.289627	0.954425	2.01006	-2.28257	81.7639	
0.996725	-0.0223302	0.0777264	-0.00273192	0.951276	0.308327	-0.0808243	-0.30753	0.9481	1.94609	-2.53245	82.56	
