1	0	0	0	1	0	0	0	1	0	0	0	
0.999999	-4.51409e-07	0.00160421	-4.51409e-07	1	0.000562779	-0.00160421	-0.000562779	0.999999	-0.000832895	-0.00029219	1.03838	
0.999995	-1.81368e-06	0.00321588	-1.81296e-06	0.999999	0.00112773	-0.00321588	-0.00112773	0.999994	-0.00333545	-0.00116989	2.07676	
0.999988	-4.09859e-06	0.00483491	-4.09572e-06	0.999999	0.00169481	-0.00483491	-0.00169481	0.999987	-0.00751536	-0.00263533	3.11514	
0.999979	-7.31777e-06	0.00646122	-7.31056e-06	0.999997	0.00226399	-0.00646122	-0.00226399	0.999977	-0.0133802	-0.0046907	4.1535	
0.999967	-1.14827e-05	0.00809473	-1.14682e-05	0.999996	0.00283524	-0.00809473	-0.00283524	0.999963	-0.0209376	-0.00733818	5.19186	
0.999953	-1.66047e-05	0.00973534	-1.65793e-05	0.999994	0.00340852	-0.00973534	-0.00340852	0.999947	-0.0301948	-0.0105799	6.23019	
0.999935	-2.2695e-05	0.011383	-2.26541e-05	0.999992	0.0039838	-0.011383	-0.0039838	0.999927	-0.0411592	-0.0144179	7.26851	
0.999915	-2.97646e-05	0.0130375	-2.9703e-05	0.99999	0.00456105	-0.0130375	-0.00456105	0.999905	-0.0538382	-0.0188543	8.30681	
0.999892	-3.78244e-05	0.0146989	-3.7736e-05	0.999987	0.00514022	-0.0146989	-0.00514022	0.999879	-0.0682387	-0.0238912	9.34508	
0.999866	-4.6885e-05	0.0163671	-4.6763e-05	0.999984	0.00572129	-0.0163671	-0.00572129	0.99985	-0.084368	-0.0295304	10.3833	
0.999837	-5.6957e-05	0.0180419	-5.67937e-05	0.99998	0.00630422	-0.0180419	-0.00630422	0.999817	-0.102233	-0.0357739	11.4215	
0.999805	-6.80509e-05	0.0197234	-6.78376e-05	0.999976	0.00688897	-0.0197234	-0.00688897	0.999782	-0.12184	-0.0426237	12.4597	
0.999771	-8.01767e-05	0.0214113	-7.99042e-05	0.999972	0.00747552	-0.0214113	-0.00747552	0.999743	-0.143197	-0.0500816	13.4978	
0.999733	-9.33446e-05	0.0231056	-9.30026e-05	0.999967	0.00806383	-0.0231056	-0.00806382	0.999701	-0.16631	-0.0581496	14.5359	
0.999692	-0.000107564	0.0248062	-0.000107142	0.999963	0.00865385	-0.0248062	-0.00865385	0.999655	-0.191185	-0.0668292	15.574	
0.999648	-0.000122846	0.026513	-0.000122331	0.999957	0.00924557	-0.026513	-0.00924556	0.999606	-0.21783	-0.0761225	16.612	
0.999602	-0.000139198	0.028226	-0.000138578	0.999952	0.00983894	-0.028226	-0.00983893	0.999553	-0.24625	-0.086031	17.6499	
0.999552	-0.000156631	0.029945	-0.000155892	0.999946	0.0104339	-0.029945	-0.0104339	0.999497	-0.276452	-0.0965565	18.6878	
0.999498	-0.000175154	0.03167	-0.00017428	0.999939	0.0110305	-0.03167	-0.0110305	0.999438	-0.308442	-0.107701	19.7257	
0.999442	-0.000194775	0.0334008	-0.000193752	0.999932	0.0116286	-0.0334008	-0.0116286	0.999374	-0.342226	-0.119465	20.7634	
0.999382	-0.000215503	0.0351374	-0.000214315	0.999925	0.0122283	-0.0351374	-0.0122282	0.999308	-0.377811	-0.131851	21.8011	
0.99932	-0.000237348	0.0368797	-0.000235976	0.999918	0.0128294	-0.0368797	-0.0128294	0.999237	-0.415201	-0.144861	22.8388	
0.999254	-0.000260317	0.0386275	-0.000258743	0.99991	0.0134319	-0.0386275	-0.0134319	0.999163	-0.454404	-0.158496	23.8763	
0.999184	-0.000284418	0.0403809	-0.000282623	0.999901	0.0140359	-0.0403809	-0.0140359	0.999086	-0.495425	-0.172757	24.9138	
0.999112	-0.00030966	0.0421396	-0.000307624	0.999893	0.0146413	-0.0421396	-0.0146412	0.999004	-0.538269	-0.187646	25.9512	
0.999036	-0.00033605	0.0439037	-0.000333752	0.999884	0.015248	-0.0439037	-0.0152479	0.998919	-0.582942	-0.203164	26.9885	
0.998956	-0.000363597	0.0456729	-0.000361014	0.999874	0.015856	-0.045673	-0.0158559	0.998831	-0.629449	-0.219313	28.0257	
0.998874	-0.000392307	0.0474473	-0.000389416	0.999864	0.0164652	-0.0474473	-0.0164652	0.998738	-0.677796	-0.236094	29.0628	
0.998788	-0.000422187	0.0492267	-0.000418965	0.999854	0.0170757	-0.0492268	-0.0170757	0.998642	-0.727989	-0.253508	30.0998	
0.998698	-0.000453246	0.0510111	-0.000449666	0.999843	0.0176874	-0.0510111	-0.0176873	0.998541	-0.780032	-0.271556	31.1368	
0.998605	-0.000485488	0.0528003	-0.000481526	0.999832	0.0183003	-0.0528003	-0.0183002	0.998437	-0.83393	-0.290241	32.1736	
0.998508	-0.000518922	0.0545942	-0.00051455	0.999821	0.0189143	-0.0545942	-0.0189142	0.998329	-0.889688	-0.309562	33.2103	
0.998409	-0.000553554	0.0563928	-0.000548743	0.999809	0.0195294	-0.0563928	-0.0195293	0.998218	-0.947312	-0.329522	34.2469	
0.998305	-0.000589389	0.0581959	-0.000584111	0.999797	0.0201456	-0.0581959	-0.0201454	0.998102	-1.00681	-0.350121	35.2834	
0.998198	-0.000626434	0.0600035	-0.000620658	0.999784	0.0207628	-0.0600035	-0.0207626	0.997982	-1.06817	-0.37136	36.3197	
0.998087	-0.000664695	0.0618154	-0.00065839	0.999771	0.021381	-0.0618155	-0.0213808	0.997859	-1.13142	-0.39324	37.3559	
0.997973	-0.000704177	0.0636317	-0.000697311	0.999758	0.0220001	-0.0636317	-0.0219999	0.997731	-1.19655	-0.415763	38.392	
0.997855	-0.000744885	0.0654521	-0.000737425	0.999744	0.0226202	-0.0654522	-0.0226199	0.997599	-1.26357	-0.438929	39.428	
0.997734	-0.000786824	0.0672765	-0.000778736	0.99973	0.0232411	-0.0672766	-0.0232409	0.997464	-1.33248	-0.46274	40.4638	
0.997609	-0.00083	0.069105	-0.000821249	0.999715	0.0238629	-0.0691051	-0.0238626	0.997324	-1.40329	-0.487196	41.4995	
0.99748	-0.000874417	0.0709374	-0.000864966	0.9997	0.0244856	-0.0709375	-0.0244852	0.99718	-1.476	-0.512298	42.535	
0.997348	-0.00092008	0.0727735	-0.000909892	0.999684	0.025109	-0.0727736	-0.0251086	0.997032	-1.55061	-0.538046	43.5704	
0.997212	-0.000966993	0.0746133	-0.000956029	0.999668	0.0257331	-0.0746135	-0.0257327	0.99688	-1.62714	-0.564443	44.6056	
0.997072	-0.00101516	0.0764568	-0.00100338	0.999652	0.026358	-0.0764569	-0.0263576	0.996724	-1.70557	-0.591488	45.6407	
0.996929	-0.00106458	0.0783037	-0.00105195	0.999635	0.0269836	-0.0783039	-0.0269831	0.996564	-1.78592	-0.619182	46.6756	
0.996782	-0.00111527	0.0801541	-0.00110174	0.999618	0.0276098	-0.0801542	-0.0276092	0.9964	-1.86819	-0.647526	47.7103	
0.996631	-0.00116722	0.0820077	-0.00115275	0.999601	0.0282366	-0.0820079	-0.028236	0.996232	-1.95239	-0.67652	48.7449	
0.996476	-0.00122044	0.0838646	-0.00120498	0.999583	0.028864	-0.0838648	-0.0288633	0.996059	-2.0385	-0.706166	49.7793	
0.996318	-0.00127493	0.0857245	-0.00125844	0.999564	0.0294919	-0.0857248	-0.0294912	0.995882	-2.12655	-0.736463	50.8135	
0.996156	-0.00133069	0.0875875	-0.00131313	0.999545	0.0301204	-0.0875878	-0.0301196	0.995701	-2.21654	-0.767412	51.8475	
0.99599	-0.00138773	0.0894535	-0.00136905	0.999526	0.0307493	-0.0894537	-0.0307484	0.995516	-2.30846	-0.799014	52.8813	
0.99582	-0.00144604	0.0913222	-0.0014262	0.999507	0.0313786	-0.0913225	-0.0313777	0.995327	-2.40231	-0.83127	53.9149	
0.995647	-0.00150564	0.0931936	-0.00148458	0.999486	0.0320084	-0.093194	-0.0320074	0.995133	-2.49811	-0.864179	54.9484	
0.99547	-0.00156651	0.0950677	-0.00154419	0.999466	0.0326385	-0.0950681	-0.0326375	0.994936	-2.59586	-0.897742	55.9816	
0.995288	-0.00162867	0.0969443	-0.00160503	0.999445	0.033269	-0.0969447	-0.0332678	0.994734	-2.69555	-0.931959	57.0146	
0.995104	-0.00169212	0.0988234	-0.00166711	0.999424	0.0338998	-0.0988238	-0.0338985	0.994527	-2.79719	-0.966832	58.0474	
0.994915	-0.00175685	0.100705	-0.00173041	0.999402	0.0345308	-0.100705	-0.0345295	0.994317	-2.90078	-1.00236	59.08	
0.994722	-0.00182287	0.102588	-0.00179496	0.99938	0.0351621	-0.102589	-0.0351606	0.994102	-3.00633	-1.03854	60.1124	
0.994526	-0.00189017	0.104474	-0.00186073	0.999357	0.0357935	-0.104475	-0.035792	0.993883	-3.11384	-1.07538	61.1445	
0.994326	-0.00195876	0.106362	-0.00192773	0.999335	0.0364252	-0.106362	-0.0364235	0.99366	-3.2233	-1.11287	62.1764	
0.994121	-0.00202864	0.108252	-0.00199597	0.999311	0.0370569	-0.108252	-0.0370552	0.993433	-3.33473	-1.15102	63.2081	
0.993914	-0.00209981	0.110143	-0.00206543	0.999287	0.0376888	-0.110144	-0.0376869	0.993201	-3.44812	-1.18983	64.2396	
0.993702	-0.00217226	0.112037	-0.00213612	0.999263	0.0383207	-0.112037	-0.0383187	0.992965	-3.56347	-1.22929	65.2708	
0.993486	-0.002246	0.113932	-0.00220804	0.999239	0.0389527	-0.113932	-0.0389505	0.992725	-3.6808	-1.26941	66.3017	
0.993267	-0.00232102	0.115828	-0.00228118	0.999214	0.0395847	-0.115829	-0.0395824	0.99248	-3.80009	-1.31018	67.3324	
0.992705	-0.00250446	0.120541	-0.00205458	0.999288	0.0376823	-0.12055	-0.0376551	0.991993	-3.92281	-1.35028	68.3627	
0.992121	-0.00267881	0.125254	-0.00181898	0.999358	0.0357813	-0.125269	-0.0357272	0.991479	-4.05044	-1.38838	69.3926	
0.991514	-0.00284405	0.129965	-0.00157436	0.999425	0.0338815	-0.129987	-0.0337986	0.990939	-4.18297	-1.42448	70.4218	
0.990885	-0.00300017	0.134676	-0.0013207	0.999488	0.0319827	-0.134703	-0.0318691	0.990373	-4.32039	-1.45857	71.4505	
0.988101	-0.00344709	0.153765	0.00118424	0.99989	0.0148054	-0.1538	-0.0144471	0.987996	-4.47019	-1.48262	72.4777	
0.98495	-0.00355769	0.172803	0.00401989	0.999989	-0.00232484	-0.172793	0.0029845	0.984954	-4.63976	-1.48857	73.5021	
0.981433	-0.00333191	0.191775	0.00718435	0.999786	-0.0193965	-0.19167	0.0204141	0.981247	-4.829	-1.47642	74.523	
0.977553	-0.0027699	0.21067	0.0106755	0.99928	-0.036398	-0.210417	0.03783	0.976879	-5.03777	-1.44618	75.5397	
0.973313	-0.00187204	0.229473	0.014491	0.998472	-0.053318	-0.229023	0.0552204	0.971853	-5.26594	-1.39787	76.5515	
0.968715	-0.000638929	0.248174	0.0186282	0.997363	-0.070145	-0.247474	0.0725736	0.966173	-5.51334	-1.33152	77.5578	
0.963763	0.0009286	0.266758	0.0230843	0.995952	-0.0868677	-0.265759	0.0898778	0.959841	-5.77983	-1.24717	78.5578	
0.95846	0.00282949	0.285214	0.0278565	0.994242	-0.103475	-0.283865	0.107122	0.952862	-6.0652	-1.14488	79.5509	
0.952809	0.00506246	0.30353	0.0329414	0.992233	-0.119955	-0.301779	0.124293	0.945241	-6.36928	-1.02473	80.5365	
0.946814	0.007626	0.321692	0.0383356	0.989926	-0.136298	-0.31949	0.141381	0.936983	-6.69186	-0.886782	81.5138	
0.940479	0.0105184	0.339688	0.0440355	0.987323	-0.152491	-0.336986	0.158373	0.928094	-7.03271	-0.731144	82.4821	
0.933809	0.0137377	0.357507	0.0500372	0.984427	-0.168525	-0.354255	0.175259	0.918579	-7.39162	-0.557915	83.441	
0.926809	0.0172817	0.375136	0.0563367	0.981238	-0.184388	-0.371284	0.192027	0.908446	-7.76833	-0.367212	84.3896	
0.919481	0.0211481	0.392564	0.0629298	0.977758	-0.20007	-0.388064	0.208665	0.8977	-8.1626	-0.159165	85.3274	
0.911833	0.0253342	0.409779	0.069812	0.973992	-0.21556	-0.404582	0.225163	0.886349	-8.57416	0.0660879	86.2537	
0.903868	0.0298372	0.426769	0.0769787	0.96994	-0.230848	-0.420828	0.241509	0.874401	-9.00273	0.308393	87.1679	
0.895593	0.0346541	0.443522	0.084425	0.965606	-0.245924	-0.43679	0.257692	0.861864	-9.44803	0.567589	88.0694	
0.887013	0.0397816	0.460028	0.0921459	0.960992	-0.260776	-0.452458	0.273701	0.848746	-9.90974	0.843499	88.9576	
0.878133	0.0452163	0.476276	0.100136	0.956101	-0.275396	-0.46782	0.289526	0.835056	-10.3876	1.13594	89.8319	
0.868959	0.0509545	0.492254	0.108391	0.950938	-0.289773	-0.482868	0.305156	0.820803	-10.8812	1.44471	90.6916	
0.859499	0.0569924	0.507951	0.116904	0.945505	-0.303898	-0.49759	0.320581	0.805998	-11.3903	1.76961	91.5363	
0.849757	0.0633259	0.523357	0.125669	0.939806	-0.317761	-0.511977	0.335789	0.790649	-11.9145	2.11041	92.3653	
0.839741	0.0699506	0.538462	0.134682	0.933845	-0.331352	-0.526019	0.350771	0.774767	-12.4534	2.46688	93.1781	
0.829458	0.0768622	0.553256	0.143935	0.927626	-0.344664	-0.539706	0.365517	0.758363	-13.0067	2.8388	93.9741	
0.818914	0.084056	0.567728	0.153423	0.921153	-0.357686	-0.55303	0.380016	0.741448	-13.5741	3.22589	94.7529	
0.808116	0.0915272	0.581869	0.163138	0.91443	-0.37041	-0.565981	0.39426	0.724034	-14.1551	3.62791	95.5138	
0.797072	0.0992707	0.595669	0.173076	0.907462	-0.382828	-0.57855	0.408237	0.706132	-14.7494	4.04459	96.2564	
0.78579	0.107281	0.609118	0.183228	0.900254	-0.39493	-0.59073	0.42194	0.687754	-15.3565	4.47563	96.9801	
0.774276	0.115553	0.622209	0.193589	0.892811	-0.406709	-0.602512	0.435358	0.668912	-15.9761	4.92076	97.6845	
0.762539	0.124082	0.634932	0.20415	0.885137	-0.418158	-0.613887	0.448483	0.64962	-16.6076	5.37967	98.3691	
