1	0	0	0	1	0	0	0	1	0	0	0	
1	2.45421e-09	5.42194e-05	2.45421e-09	1	-9.05289e-05	-5.42194e-05	9.05289e-05	1	-2.00995e-05	3.35597e-05	0.741414	
1	9.49481e-09	0.000106645	9.49484e-09	1	-0.000178064	-0.000106645	0.000178064	1	-7.97332e-05	0.000133129	1.48283	
1	2.06505e-08	0.000157276	2.06506e-08	1	-0.000262602	-0.000157276	0.000262602	1	-0.000177571	0.000296487	2.22424	
1	3.54656e-08	0.000206111	3.54659e-08	1	-0.000344142	-0.000206111	0.000344142	1	-0.000312281	0.000521411	2.96566	
1	5.35002e-08	0.000253148	5.35007e-08	1	-0.000422681	-0.000253148	0.000422681	1	-0.000482531	0.000805678	3.70707	
1	7.43301e-08	0.000298386	7.43311e-08	1	-0.000498217	-0.000298386	0.000498217	1	-0.000686989	0.00114706	4.44848	
1	9.75472e-08	0.000341825	9.75487e-08	1	-0.000570748	-0.000341825	0.000570748	1	-0.00092432	0.00154333	5.1899	
1	1.22759e-07	0.000383462	1.22761e-07	1	-0.000640272	-0.000383462	0.000640272	1	-0.00119319	0.00199227	5.93131	
1	1.49589e-07	0.000423297	1.49592e-07	1	-0.000706787	-0.000423297	0.000706787	1	-0.00149226	0.00249163	6.67273	
1	1.77677e-07	0.000461329	1.77681e-07	1	-0.000770292	-0.000461329	0.000770292	1	-0.0018202	0.0030392	7.41414	
1	2.06679e-07	0.000497557	2.06684e-07	1	-0.000830784	-0.000497557	0.000830784	1	-0.00217566	0.00363273	8.15555	
1	2.36266e-07	0.000531979	2.36272e-07	1	-0.000888263	-0.000531979	0.000888263	0.999999	-0.00255732	0.00426999	8.89697	
1	2.66126e-07	0.000564595	2.66133e-07	1	-0.000942726	-0.000564595	0.000942726	0.999999	-0.00296383	0.00494875	9.63838	
1	2.95963e-07	0.000595405	2.95972e-07	1	-0.000994172	-0.000595405	0.000994172	0.999999	-0.00339385	0.00566677	10.3798	
1	3.25498e-07	0.000624407	3.25509e-07	0.999999	-0.0010426	-0.000624407	0.0010426	0.999999	-0.00384604	0.00642182	11.1212	
1	3.54467e-07	0.0006516	3.5448e-07	0.999999	-0.00108801	-0.0006516	0.00108801	0.999999	-0.00431907	0.00721165	11.8626	
1	3.82624e-07	0.000676984	3.82638e-07	0.999999	-0.0011304	-0.000676984	0.0011304	0.999999	-0.00481158	0.00803403	12.604	
1	4.09736e-07	0.000700559	4.09752e-07	0.999999	-0.00116976	-0.000700559	0.00116976	0.999999	-0.00532225	0.00888671	13.3454	
1	4.35591e-07	0.000722323	4.35608e-07	0.999999	-0.00120611	-0.000722323	0.00120611	0.999999	-0.00584972	0.00976747	14.0869	
1	4.59989e-07	0.000742276	4.60008e-07	0.999999	-0.00123943	-0.000742276	0.00123943	0.999999	-0.00639266	0.010674	14.8283	
1	4.82749e-07	0.000760418	4.8277e-07	0.999999	-0.00126972	-0.000760418	0.00126972	0.999999	-0.00694972	0.0116042	15.5697	
1	5.03707e-07	0.000776748	5.0373e-07	0.999999	-0.00129699	-0.000776748	0.00129699	0.999999	-0.00751955	0.0125557	16.3111	
1	5.22712e-07	0.000791266	5.22737e-07	0.999999	-0.00132123	-0.000791266	0.00132123	0.999999	-0.00810083	0.0135263	17.0525	
1	5.39634e-07	0.000803971	5.3966e-07	0.999999	-0.00134245	-0.000803971	0.00134245	0.999999	-0.00869219	0.0145137	17.7939	
1	5.54356e-07	0.000814864	5.54383e-07	0.999999	-0.00136064	-0.000814864	0.00136064	0.999999	-0.00929231	0.0155158	18.5353	
1	5.66778e-07	0.000823943	5.66807e-07	0.999999	-0.0013758	-0.000823943	0.0013758	0.999999	-0.00989982	0.0165302	19.2768	
1	5.76819e-07	0.00083121	5.76849e-07	0.999999	-0.00138794	-0.00083121	0.00138794	0.999999	-0.0105134	0.0175548	20.0182	
1	5.84412e-07	0.000836663	5.84443e-07	0.999999	-0.00139704	-0.000836663	0.00139704	0.999999	-0.0111317	0.0185872	20.7596	
1	5.89508e-07	0.000840302	5.8954e-07	0.999999	-0.00140312	-0.000840302	0.00140312	0.999999	-0.0117534	0.0196252	21.501	
1	5.92073e-07	0.000842128	5.92105e-07	0.999999	-0.00140617	-0.000842128	0.00140617	0.999999	-0.012377	0.0206666	22.2424	
1	5.9209e-07	0.00084214	5.92122e-07	0.999999	-0.00140619	-0.00084214	0.00140619	0.999999	-0.0130014	0.0217092	22.9838	
1	5.89561e-07	0.000840339	5.89592e-07	0.999999	-0.00140319	-0.000840339	0.00140319	0.999999	-0.0136251	0.0227507	23.7252	
1	5.845e-07	0.000836725	5.84531e-07	0.999999	-0.00139715	-0.000836725	0.00139715	0.999999	-0.0142468	0.0237888	24.4666	
1	5.76942e-07	0.000831298	5.76971e-07	0.999999	-0.00138809	-0.000831298	0.00138809	0.999999	-0.0148652	0.0248213	25.2081	
1	5.66935e-07	0.000824058	5.66963e-07	0.999999	-0.00137599	-0.000824058	0.00137599	0.999999	-0.0154788	0.0258459	25.9495	
1	5.54547e-07	0.000815005	5.54573e-07	0.999999	-0.00136087	-0.000815005	0.00136087	0.999999	-0.0160864	0.0268605	26.6909	
1	5.39859e-07	0.00080414	5.39883e-07	0.999999	-0.00134273	-0.00080414	0.00134273	0.999999	-0.0166867	0.0278628	27.4323	
1	5.22972e-07	0.000791462	5.22992e-07	0.999999	-0.00132156	-0.000791462	0.00132156	0.999999	-0.0172782	0.0288504	28.1737	
1	5.03999e-07	0.000776974	5.04015e-07	0.999999	-0.00129736	-0.000776974	0.00129736	0.999999	-0.0178596	0.0298213	28.9151	
1	4.83074e-07	0.000760674	4.83086e-07	0.999999	-0.00127014	-0.000760674	0.00127014	0.999999	-0.0184296	0.0307731	29.6565	
1	4.60346e-07	0.000742564	4.60352e-07	0.999999	-0.00123989	-0.000742564	0.00123989	0.999999	-0.0189869	0.0317035	30.398	
1	4.35978e-07	0.000722643	4.35979e-07	0.999999	-0.00120662	-0.000722643	0.00120662	0.999999	-0.01953	0.0326105	31.1394	
1	4.10153e-07	0.000700914	4.10147e-07	0.999999	-0.00117033	-0.000700914	0.00117033	0.999999	-0.0200578	0.0334916	31.8808	
1	3.83068e-07	0.000677375	3.83055e-07	0.999999	-0.00113102	-0.000677375	0.00113102	0.999999	-0.0205687	0.0343448	32.6222	
1	3.54937e-07	0.000652029	3.54917e-07	0.999999	-0.00108868	-0.000652029	0.00108868	0.999999	-0.0210615	0.0351676	33.3636	
1	3.25992e-07	0.000624876	3.25962e-07	0.999999	-0.00104333	-0.000624876	0.00104333	0.999999	-0.0215349	0.035958	34.105	
1	2.96477e-07	0.000595916	2.96438e-07	1	-0.000994965	-0.000595916	0.000994965	0.999999	-0.0219874	0.0367136	34.8464	
1	2.66657e-07	0.00056515	2.66608e-07	1	-0.000943581	-0.00056515	0.000943581	0.999999	-0.0224178	0.0374322	35.5878	
1	2.36811e-07	0.00053258	2.36751e-07	1	-0.000889182	-0.00053258	0.000889182	0.999999	-0.0228248	0.0381116	36.3293	
1	2.07233e-07	0.000498207	2.07161e-07	1	-0.000831771	-0.000498207	0.000831771	1	-0.0232069	0.0387496	37.0707	
1	1.78236e-07	0.000462031	1.78151e-07	1	-0.000771348	-0.000462031	0.000771348	1	-0.0235629	0.0393439	37.8121	
1	7.2978e-07	-0.000586227	3.39297e-07	0.999998	0.00182365	0.000586228	-0.00182365	0.999998	-0.0235168	0.0389538	38.5535	
0.999999	4.00861e-06	-0.00163626	3.22616e-06	0.99999	0.0044215	0.00163626	-0.0044215	0.999989	-0.0226929	0.0366387	39.2949	
0.999996	1.00267e-05	-0.00268802	8.84916e-06	0.999975	0.00702212	0.00268802	-0.00702211	0.999972	-0.0210899	0.0323964	40.0363	
0.999993	1.87956e-05	-0.00374145	1.72184e-05	0.999954	0.00962541	0.00374146	-0.0096254	0.999947	-0.0187064	0.0262251	40.7777	
0.999988	3.03265e-05	-0.00479652	2.83437e-05	0.999925	0.0122313	0.00479653	-0.0122313	0.999914	-0.0155413	0.0181227	41.5191	
0.999983	4.46303e-05	-0.00585317	4.22345e-05	0.99989	0.0148397	0.00585319	-0.0148397	0.999873	-0.0115934	0.00808725	42.2604	
0.999976	6.17174e-05	-0.00691135	5.89e-05	0.999848	0.0174505	0.00691138	-0.0174505	0.999824	-0.00686149	-0.00388294	43.0017	
0.999968	8.15977e-05	-0.00797102	7.83489e-05	0.999799	0.0200636	0.00797106	-0.0200636	0.999767	-0.00134446	-0.0177897	43.743	
0.999959	0.000104281	-0.00903213	0.00010059	0.999743	0.022679	0.00903217	-0.022679	0.999702	0.00495876	-0.0336347	44.4842	
0.999949	0.000129776	-0.0100946	0.000125631	0.99968	0.0252966	0.0100947	-0.0252966	0.999629	0.0120492	-0.0514196	45.2253	
0.999938	0.000158093	-0.0111585	0.000153481	0.99961	0.0279162	0.0111585	-0.0279162	0.999548	0.0199279	-0.071146	45.9665	
0.999925	0.000189239	-0.0122236	0.000184146	0.999534	0.0305379	0.0122237	-0.0305379	0.999459	0.0285959	-0.0928154	46.7075	
0.999912	0.000223222	-0.01329	0.000217634	0.99945	0.0331614	0.0132901	-0.0331614	0.999362	0.038054	-0.116429	47.4485	
0.999897	0.000260051	-0.0143575	0.000253951	0.999359	0.0357868	0.0143576	-0.0357868	0.999256	0.0483032	-0.141989	48.1894	
0.999881	0.000299732	-0.0154262	0.000293105	0.999262	0.0384139	0.0154264	-0.0384138	0.999143	0.0593444	-0.169495	48.9302	
0.999864	0.000342273	-0.016496	0.000335102	0.999157	0.0410426	0.0164962	-0.0410426	0.999021	0.0711783	-0.19895	49.6709	
0.999846	0.000387679	-0.0175669	0.000379947	0.999046	0.0436729	0.0175671	-0.0436729	0.998891	0.0838058	-0.230355	50.4116	
0.999826	0.000435957	-0.0186387	0.000427647	0.998927	0.0463047	0.0186389	-0.0463047	0.998753	0.0972276	-0.26371	51.1521	
0.999806	0.000487112	-0.0197115	0.000478205	0.998802	0.0489379	0.0197117	-0.0489378	0.998607	0.111444	-0.299018	51.8926	
0.999784	0.00054115	-0.0207852	0.000531628	0.998669	0.0515724	0.0207855	-0.0515723	0.998453	0.126457	-0.336277	52.6329	
0.999761	0.000598075	-0.0218598	0.00058792	0.998529	0.0542081	0.02186	-0.0542079	0.99829	0.142266	-0.375491	53.3731	
0.999737	0.000657892	-0.0229351	0.000647084	0.998383	0.0568449	0.0229354	-0.0568447	0.99812	0.158872	-0.416659	54.1132	
0.999711	0.000720605	-0.0240112	0.000709126	0.998229	0.0594827	0.0240115	-0.0594826	0.997941	0.176276	-0.459782	54.8531	
0.999685	0.000786217	-0.025088	0.000774048	0.998068	0.0621215	0.0250884	-0.0621213	0.997753	0.194477	-0.504862	55.5929	
0.999657	0.000854732	-0.0261654	0.000841854	0.9979	0.0647612	0.0261658	-0.064761	0.997558	0.213478	-0.551898	56.3326	
0.999628	0.000926152	-0.0272435	0.000912546	0.997726	0.0674016	0.0272439	-0.0674014	0.997354	0.233277	-0.600892	57.0721	
0.999598	0.00100048	-0.028322	0.000986128	0.997544	0.0700427	0.0283225	-0.0700425	0.997142	0.253876	-0.651843	57.8115	
0.999567	0.00107772	-0.0294011	0.0010626	0.997354	0.0726845	0.0294017	-0.0726842	0.996922	0.275275	-0.704753	58.5507	
0.999535	0.00115786	-0.0304807	0.00114197	0.997158	0.0753267	0.0304813	-0.0753265	0.996693	0.297474	-0.759622	59.2898	
0.999501	0.00124092	-0.0315606	0.00122423	0.996955	0.0779694	0.0315613	-0.0779691	0.996456	0.320473	-0.816449	60.0287	
0.999466	0.0013269	-0.0326409	0.00130938	0.996745	0.0806124	0.0326416	-0.0806121	0.996211	0.344274	-0.875237	60.7674	
0.99943	0.00141578	-0.0337215	0.00139744	0.996527	0.0832557	0.0337223	-0.0832553	0.995958	0.368875	-0.935983	61.5059	
0.999393	0.00150758	-0.0348023	0.00148839	0.996303	0.0858991	0.0348032	-0.0858988	0.995696	0.394278	-0.99869	62.2442	
0.999355	0.00160229	-0.0358834	0.00158224	0.996071	0.0885426	0.0358843	-0.0885422	0.995426	0.420483	-1.06336	62.9823	
0.999315	0.00169991	-0.0369646	0.00167898	0.995832	0.0911861	0.0369656	-0.0911857	0.995148	0.447489	-1.12998	63.7202	
0.999274	0.00180044	-0.0380459	0.00177862	0.995587	0.0938295	0.0380469	-0.0938291	0.994861	0.475296	-1.19857	64.4579	
0.999232	0.00190388	-0.0391273	0.00188116	0.995334	0.0964727	0.0391283	-0.0964723	0.994566	0.503906	-1.26912	65.1954	
0.999189	0.00201022	-0.0402086	0.00198659	0.995074	0.0991157	0.0402098	-0.0991152	0.994263	0.533317	-1.34162	65.9327	
0.999145	0.00211947	-0.0412899	0.00209492	0.994807	0.101758	0.0412912	-0.101758	0.993952	0.56353	-1.41609	66.6698	
0.999099	0.00223161	-0.0423711	0.00220613	0.994533	0.1044	0.0423725	-0.1044	0.993632	0.594545	-1.49251	67.4066	
0.999053	0.00234666	-0.0434522	0.00232024	0.994252	0.107042	0.0434536	-0.107041	0.993305	0.626361	-1.57089	68.1431	
0.999005	0.00246459	-0.044533	0.00243723	0.993964	0.109683	0.0445346	-0.109682	0.992969	0.658979	-1.65123	68.8795	
0.998956	0.00258541	-0.0456137	0.0025571	0.993668	0.112323	0.0456153	-0.112323	0.992624	0.692398	-1.73353	69.6155	
0.998906	0.00270912	-0.046694	0.00267986	0.993366	0.114963	0.0466957	-0.114962	0.992272	0.726618	-1.81779	70.3514	
0.998854	0.0028357	-0.047774	0.00280549	0.993057	0.117601	0.0477757	-0.117601	0.991911	0.76164	-1.904	71.0869	
0.998802	0.00296515	-0.0488535	0.00293399	0.992741	0.120239	0.0488554	-0.120238	0.991542	0.797462	-1.99217	71.8222	
0.998442	0.00385094	-0.0556659	0.00383351	0.990524	0.137283	0.0556671	-0.137283	0.988966	0.83621	-2.08764	72.5564	
0.998036	0.00485383	-0.0624593	0.00485011	0.988015	0.15428	0.0624596	-0.15428	0.986051	0.880002	-2.19573	73.2886	
