1	0	0	0	1	0	0	0	1	0	0	0	
1	1.49177e-07	8.1265e-05	1.49177e-07	0.999993	-0.00367136	-8.1265e-05	0.00367136	0.999993	-3.91755e-05	0.00176986	0.964139	
1	6.01359e-07	0.000163315	5.99114e-07	0.999973	-0.00735056	-0.000163315	0.00735056	0.999973	-0.000157081	0.00708321	1.92827	
1	1.36297e-06	0.000246149	1.35397e-06	0.999939	-0.0110374	-0.000246149	0.0110374	0.999939	-0.000354471	0.0159475	2.89237	
1	2.44044e-06	0.000329766	2.41789e-06	0.999891	-0.0147318	-0.000329767	0.0147318	0.999891	-0.000632104	0.0283702	3.85643	
1	3.8402e-06	0.000414166	3.79502e-06	0.99983	-0.0184336	-0.000414166	0.0184336	0.99983	-0.000990732	0.0443583	4.82043	
1	5.56871e-06	0.000499346	5.48947e-06	0.999755	-0.0221426	-0.000499347	0.0221426	0.999755	-0.00143111	0.0639189	5.78438	
1	7.63239e-06	0.000585305	7.50536e-06	0.999666	-0.0258586	-0.000585307	0.0258586	0.999665	-0.00195399	0.0870589	6.74824	
1	1.00377e-05	0.000672044	9.84677e-06	0.999562	-0.0295815	-0.000672046	0.0295815	0.999562	-0.00256012	0.113785	7.71201	
1	1.27911e-05	0.000759558	1.25178e-05	0.999445	-0.0333112	-0.000759563	0.0333112	0.999445	-0.00325026	0.144104	8.67567	
1	1.5899e-05	0.000847849	1.55225e-05	0.999314	-0.0370474	-0.000847856	0.0370474	0.999313	-0.00402515	0.178022	9.63922	
1	1.93679e-05	0.000936913	1.8865e-05	0.999168	-0.0407901	-0.000936923	0.0407901	0.999167	-0.00488554	0.215545	10.6026	
0.999999	2.32043e-05	0.00102675	2.25492e-05	0.999008	-0.044539	-0.00102676	0.044539	0.999007	-0.00583218	0.25668	11.5659	
0.999999	2.74145e-05	0.00111736	2.65792e-05	0.998833	-0.048294	-0.00111738	0.048294	0.998833	-0.00686581	0.301432	12.529	
0.999999	3.2005e-05	0.00120873	3.0959e-05	0.998644	-0.052055	-0.00120876	0.052055	0.998643	-0.00798717	0.349807	13.4919	
0.999999	3.69822e-05	0.00130087	3.56925e-05	0.998441	-0.0558217	-0.00130091	0.0558217	0.99844	-0.00919701	0.401811	14.4547	
0.999999	4.23526e-05	0.00139378	4.07838e-05	0.998223	-0.0595941	-0.00139383	0.0595941	0.998222	-0.0104961	0.45745	15.4172	
0.999999	4.81227e-05	0.00148745	4.62367e-05	0.99799	-0.063372	-0.00148751	0.0633719	0.997989	-0.0118851	0.516728	16.3795	
0.999999	5.42987e-05	0.00158188	5.20553e-05	0.997743	-0.0671551	-0.00158196	0.0671551	0.997741	-0.0133648	0.579652	17.3416	
0.999999	6.08871e-05	0.00167707	5.82433e-05	0.99748	-0.0709434	-0.00167716	0.0709434	0.997479	-0.0149359	0.646225	18.3034	
0.999998	6.78944e-05	0.00177301	6.48048e-05	0.997203	-0.0747367	-0.00177313	0.0747367	0.997202	-0.0165992	0.716453	19.265	
0.999998	7.53268e-05	0.00186971	7.17435e-05	0.996911	-0.0785348	-0.00186985	0.0785348	0.99691	-0.0183554	0.790341	20.2263	
0.999998	8.31908e-05	0.00196716	7.90632e-05	0.996604	-0.0823376	-0.00196733	0.0823376	0.996603	-0.0202052	0.867893	21.1873	
0.999998	9.14926e-05	0.00206536	8.67679e-05	0.996283	-0.0861449	-0.00206556	0.0861449	0.99628	-0.0221493	0.949114	22.148	
0.999998	0.000100239	0.0021643	9.48612e-05	0.995946	-0.0899566	-0.00216454	0.0899566	0.995943	-0.0241885	1.03401	23.1084	
0.999997	0.000109435	0.00226399	0.000103347	0.995594	-0.0937725	-0.00226428	0.0937725	0.995591	-0.0263235	1.12258	24.0685	
0.999997	0.000119089	0.00236442	0.000112229	0.995226	-0.0975924	-0.00236475	0.0975924	0.995224	-0.028555	1.21483	25.0282	
0.999997	0.000129206	0.00246558	0.000121511	0.994844	-0.101416	-0.00246597	0.101416	0.994841	-0.0308838	1.31077	25.9876	
0.999997	0.000139792	0.00256748	0.000131197	0.994446	-0.105244	-0.00256794	0.105244	0.994443	-0.0333105	1.41039	26.9465	
0.999996	0.000150853	0.00267012	0.000141289	0.994034	-0.109075	-0.00267064	0.109075	0.99403	-0.0358359	1.51371	27.9051	
0.999996	0.000162397	0.00277348	0.000151793	0.993605	-0.112909	-0.00277408	0.112909	0.993601	-0.0384606	1.62072	28.8633	
0.999996	0.000174429	0.00287756	0.000162712	0.993162	-0.116747	-0.00287825	0.116747	0.993158	-0.0411854	1.73143	29.8211	
0.999996	0.000186955	0.00298237	0.000174048	0.992703	-0.120588	-0.00298315	0.120588	0.992698	-0.0440111	1.84584	30.7784	
0.999995	0.000199981	0.0030879	0.000185806	0.992228	-0.124431	-0.00308878	0.124431	0.992223	-0.0469382	1.96396	31.7353	
0.999995	0.000213514	0.00319414	0.000197989	0.991738	-0.128278	-0.00319514	0.128278	0.991733	-0.0499675	2.08578	32.6917	
0.999995	0.000227559	0.0033011	0.000210601	0.991233	-0.132127	-0.00330222	0.132127	0.991227	-0.0530997	2.21132	33.6476	
0.999994	0.000242123	0.00340876	0.000223645	0.990712	-0.135979	-0.00341002	0.135979	0.990706	-0.0563354	2.34056	34.603	
0.999994	0.000257212	0.00351713	0.000237125	0.990175	-0.139833	-0.00351854	0.139832	0.990169	-0.0596755	2.47352	35.558	
0.999993	0.000272832	0.0036262	0.000251044	0.989623	-0.143688	-0.00362777	0.143688	0.989616	-0.0631205	2.6102	36.5123	
0.999993	0.000288988	0.00373597	0.000265405	0.989055	-0.147546	-0.00373771	0.147546	0.989048	-0.0666712	2.7506	37.4662	
0.999993	0.000305687	0.00384643	0.000280212	0.988472	-0.151406	-0.00384837	0.151406	0.988464	-0.0703282	2.89471	38.4195	
0.999992	0.000322935	0.00395758	0.000295468	0.987872	-0.155268	-0.00395972	0.155268	0.987865	-0.0740923	3.04255	39.3722	
0.999992	0.000340737	0.00406941	0.000311176	0.987257	-0.159131	-0.00407178	0.159131	0.987249	-0.0779641	3.19411	40.3244	
0.999991	0.000359099	0.00418193	0.000327339	0.986627	-0.162995	-0.00418453	0.162995	0.986618	-0.0819442	3.3494	41.2759	
0.999991	0.000378027	0.00429512	0.000343962	0.98598	-0.16686	-0.00429799	0.16686	0.985971	-0.0860334	3.50842	42.2269	
0.99999	0.000397528	0.00440899	0.000361046	0.985318	-0.170727	-0.00441213	0.170727	0.985309	-0.0902323	3.67116	43.1772	
0.99999	0.000417605	0.00452353	0.000378595	0.98464	-0.174594	-0.00452696	0.174594	0.98463	-0.0945415	3.83763	44.1268	
0.999989	0.000438267	0.00463873	0.000396613	0.983947	-0.178463	-0.00464248	0.178462	0.983936	-0.0989619	4.00782	45.0758	
0.999989	0.000459516	0.00475459	0.000415101	0.983237	-0.182331	-0.00475868	0.182331	0.983226	-0.103494	4.18175	46.0241	
0.999988	0.000481361	0.00487111	0.000434064	0.982512	-0.1862	-0.00487555	0.1862	0.9825	-0.108138	4.35941	46.9717	
0.999987	0.000503805	0.00498828	0.000453504	0.981771	-0.19007	-0.0049931	0.19007	0.981758	-0.112896	4.5408	47.9186	
0.999987	0.000526856	0.00510609	0.000473425	0.981013	-0.193939	-0.00511132	0.193939	0.981	-0.117767	4.72592	48.8648	
0.999986	0.000550517	0.00522455	0.000493828	0.980241	-0.197808	-0.00523021	0.197808	0.980227	-0.122752	4.91477	49.8103	
0.999986	0.000574794	0.00534364	0.000514717	0.979452	-0.201678	-0.00534976	0.201677	0.979437	-0.127852	5.10735	50.755	
0.999985	0.000599694	0.00546337	0.000536095	0.978647	-0.205546	-0.00546997	0.205546	0.978632	-0.133068	5.30366	51.6989	
0.999984	0.00062522	0.00558372	0.000557964	0.977827	-0.209415	-0.00559084	0.209415	0.977811	-0.1384	5.5037	52.6421	
0.999984	0.00065138	0.00570469	0.000580328	0.97699	-0.213282	-0.00571236	0.213282	0.976974	-0.143849	5.70747	53.5844	
0.999983	0.000678176	0.00582628	0.000603189	0.976138	-0.217149	-0.00583452	0.217149	0.976121	-0.149416	5.91497	54.5259	
0.999982	0.000705616	0.00594849	0.000626549	0.97527	-0.221015	-0.00595733	0.221015	0.975252	-0.1551	6.1262	55.4666	
0.999981	0.000733704	0.0060713	0.000650412	0.974386	-0.22488	-0.00608078	0.224879	0.974368	-0.160903	6.34115	56.4065	
0.999981	0.000762444	0.00619471	0.000674779	0.973487	-0.228743	-0.00620487	0.228743	0.973467	-0.166826	6.55983	57.3455	
0.99998	0.000791843	0.00631872	0.000699654	0.972571	-0.232605	-0.00632959	0.232605	0.972551	-0.172869	6.78223	58.2836	
0.999979	0.000821905	0.00644331	0.000725039	0.97164	-0.236465	-0.00645493	0.236465	0.971619	-0.179032	7.00835	59.2208	
0.999967	0.00121932	0.00805113	0.000777253	0.969919	-0.243427	-0.00810576	0.243425	0.969886	-0.186051	7.2397	60.1568	
0.999952	0.00162802	0.00965513	0.000841324	0.968147	-0.250379	-0.00975521	0.250375	0.9681	-0.194661	7.47774	61.091	
0.999935	0.002048	0.0112553	0.000917249	0.966326	-0.25732	-0.0114033	0.257314	0.966261	-0.204861	7.72249	62.0235	
0.999914	0.00247928	0.0128518	0.00100502	0.964454	-0.26425	-0.0130501	0.264241	0.964368	-0.216649	7.97391	62.9542	
0.999891	0.00292184	0.0144445	0.00110464	0.962531	-0.271168	-0.0146956	0.271155	0.962424	-0.230025	8.23201	63.8831	
0.999866	0.0033757	0.0160335	0.00121609	0.960559	-0.278074	-0.0163398	0.278056	0.960426	-0.244986	8.49677	64.81	
0.999837	0.00384085	0.0176188	0.00133938	0.958537	-0.284966	-0.0179828	0.284943	0.958376	-0.261532	8.76818	65.735	
0.999806	0.00431731	0.0192005	0.00147448	0.956465	-0.291844	-0.0196246	0.291816	0.956273	-0.279662	9.04622	66.658	
0.999773	0.00480509	0.0207786	0.0016214	0.954343	-0.298708	-0.0212652	0.298674	0.954118	-0.299374	9.33088	67.579	
0.999736	0.00530419	0.0223531	0.00178012	0.952172	-0.305557	-0.0229047	0.305516	0.951911	-0.320667	9.62214	68.4978	
0.999697	0.00581462	0.023924	0.00195063	0.949952	-0.312391	-0.0245431	0.312343	0.949652	-0.34354	9.92	69.4145	
0.999655	0.0063364	0.0254914	0.00213291	0.947682	-0.319208	-0.0261804	0.319152	0.947342	-0.367992	10.2244	70.329	
0.999332	0.00973809	0.0352361	0.00281495	0.940508	-0.33976	-0.0364485	0.339632	0.939852	-0.398185	10.542	71.2388	
0.998902	0.0133503	0.0449007	0.00372041	0.93289	-0.360143	-0.0466954	0.359914	0.931816	-0.438269	10.8793	72.1411	
0.998367	0.0171708	0.0544794	0.00484875	0.924832	-0.380345	-0.0569152	0.379988	0.923239	-0.488219	11.236	73.0355	
0.997727	0.0211975	0.0639668	0.00619932	0.91634	-0.400354	-0.0671019	0.39984	0.914125	-0.548006	11.6119	73.9212	
0.996981	0.0254281	0.0733574	0.00777133	0.907417	-0.420159	-0.0772496	0.419461	0.904481	-0.617597	12.0069	74.798	
0.996132	0.02986	0.0826456	0.00956388	0.89807	-0.439748	-0.0873524	0.438837	0.894311	-0.696951	12.4207	75.6652	
0.995178	0.0344907	0.0918261	0.0115759	0.888304	-0.45911	-0.0974045	0.457959	0.883621	-0.786021	12.853	76.5223	
0.99412	0.0393175	0.100894	0.0138063	0.878124	-0.478234	-0.1074	0.476815	0.872418	-0.884756	13.3037	77.3689	
0.99296	0.0443376	0.109843	0.0162537	0.867537	-0.497108	-0.117333	0.495393	0.860708	-0.993099	13.7724	78.2044	
0.991697	0.049548	0.118668	0.0189167	0.856548	-0.515721	-0.127198	0.513684	0.848498	-1.11099	14.2588	79.0284	
0.990333	0.0549458	0.127365	0.0217937	0.845163	-0.534064	-0.136989	0.531677	0.835795	-1.23835	14.7628	79.8404	
0.988868	0.0605279	0.135929	0.0248832	0.833391	-0.552124	-0.146701	0.54936	0.822607	-1.37511	15.284	80.6399	
0.987303	0.0662909	0.144353	0.0281832	0.821236	-0.569892	-0.156327	0.566724	0.808941	-1.5212	15.822	81.4264	
0.98564	0.0722315	0.152634	0.0316919	0.808707	-0.587357	-0.165862	0.58376	0.794805	-1.67653	16.3767	82.1996	
0.983878	0.0783463	0.160767	0.0354072	0.795811	-0.604509	-0.175301	0.600456	0.780207	-1.841	16.9476	82.9589	
0.982019	0.0846318	0.168747	0.0393271	0.782555	-0.621338	-0.184639	0.616803	0.765156	-2.01453	17.5344	83.7039	
0.980065	0.0910842	0.176569	0.0434491	0.768946	-0.637835	-0.193869	0.632792	0.74966	-2.197	18.1368	84.4342	
0.978016	0.0976998	0.184228	0.0477709	0.754994	-0.65399	-0.202986	0.648413	0.733729	-2.38832	18.7545	85.1493	
0.975873	0.104475	0.191721	0.05229	0.740705	-0.669792	-0.211985	0.663657	0.717371	-2.58838	19.387	85.8489	
0.973638	0.111405	0.199043	0.0570038	0.726089	-0.685234	-0.220862	0.678516	0.700597	-2.79705	20.0341	86.5325	
0.971312	0.118487	0.20619	0.0619095	0.711153	-0.700306	-0.229609	0.692981	0.683416	-3.01422	20.6953	87.1997	
0.968896	0.125716	0.213157	0.0670043	0.695906	-0.715	-0.238224	0.707043	0.665837	-3.23976	21.3702	87.8502	
0.966392	0.133088	0.21994	0.0722852	0.680358	-0.729307	-0.2467	0.720695	0.647872	-3.47354	22.0585	88.4835	
0.963801	0.1406	0.226536	0.0777492	0.664517	-0.743218	-0.255033	0.733927	0.629531	-3.71542	22.7598	89.0993	
0.961125	0.148245	0.232941	0.0833931	0.648392	-0.756725	-0.263218	0.746734	0.610823	-3.96527	23.4736	89.6973	
