1	0	0	0	1	0	0	0	1	0	0	0	
1	-4.10983e-07	-0.000589335	-4.10983e-07	0.999999	-0.00139473	0.000589335	0.00139473	0.999999	0.000272642	0.00064524	0.925252	
0.999999	-1.64819e-06	-0.00118	-1.64927e-06	0.999996	-0.00279445	0.00118	0.00279445	0.999995	0.00109118	0.00258327	1.8505	
0.999998	-3.71817e-06	-0.00177196	-3.72251e-06	0.999991	-0.00419909	0.00177196	0.00419909	0.99999	0.00245684	0.00581866	2.77575	
0.999997	-6.62735e-06	-0.0023652	-6.63824e-06	0.999984	-0.0056086	0.0023652	0.0056086	0.999981	0.0043708	0.010356	3.70099	
0.999996	-1.0382e-05	-0.00295968	-1.04039e-05	0.999975	-0.00702292	0.00295968	0.00702292	0.999971	0.00683423	0.0161996	4.62622	
0.999994	-1.49883e-05	-0.00355537	-1.50267e-05	0.999964	-0.00844199	0.00355537	0.00844199	0.999958	0.00984826	0.0233541	5.55144	
0.999991	-2.04523e-05	-0.00415224	-2.05138e-05	0.999951	-0.00986575	0.00415224	0.00986575	0.999943	0.013414	0.0318237	6.47664	
0.999989	-2.67798e-05	-0.00475027	-2.68724e-05	0.999936	-0.0112941	0.00475027	0.0112941	0.999925	0.0175325	0.0416129	7.40184	
0.999986	-3.39766e-05	-0.00534942	-3.41093e-05	0.999919	-0.0127271	0.00534942	0.0127271	0.999905	0.0222049	0.0527257	8.32701	
0.999982	-4.20482e-05	-0.00594966	-4.22313e-05	0.9999	-0.0141646	0.00594966	0.0141646	0.999882	0.0274322	0.0651666	9.25216	
0.999979	-5.10002e-05	-0.00655097	-5.12451e-05	0.999878	-0.0156066	0.00655097	0.0156066	0.999857	0.0332153	0.0789395	10.1773	
0.999974	-6.08379e-05	-0.00715332	-6.11573e-05	0.999855	-0.0170529	0.00715331	0.0170529	0.999829	0.0395553	0.0940486	11.1024	
0.99997	-7.15665e-05	-0.00775667	-7.19741e-05	0.999829	-0.0185036	0.00775667	0.0185036	0.999799	0.046453	0.110498	12.0275	
0.999965	-8.31909e-05	-0.008361	-8.3702e-05	0.999801	-0.0199585	0.00836099	0.0199586	0.999766	0.0539095	0.128292	12.9525	
0.99996	-9.57162e-05	-0.00896628	-9.6347e-05	0.999771	-0.0214177	0.00896627	0.0214177	0.99973	0.0619255	0.147433	13.8776	
0.999954	-0.000109147	-0.00957248	-0.000109915	0.999738	-0.0228811	0.00957247	0.0228811	0.999692	0.070502	0.167927	14.8025	
0.999948	-0.000123488	-0.0101796	-0.000124412	0.999704	-0.0243485	0.0101796	0.0243485	0.999652	0.0796398	0.189777	15.7275	
0.999942	-0.000138743	-0.0107875	-0.000139844	0.999667	-0.02582	0.0107875	0.02582	0.999608	0.0893397	0.212986	16.6524	
0.999935	-0.000154918	-0.0113963	-0.000156217	0.999627	-0.0272955	0.0113963	0.0272955	0.999562	0.0996025	0.237559	17.5773	
0.999928	-0.000172016	-0.0120059	-0.000173535	0.999586	-0.0287748	0.0120059	0.0287748	0.999514	0.110429	0.263498	18.5021	
0.99992	-0.00019004	-0.0126162	-0.000191805	0.999542	-0.0302581	0.0126162	0.0302581	0.999462	0.12182	0.290808	19.4269	
0.999912	-0.000208996	-0.0132273	-0.00021103	0.999496	-0.0317451	0.0132273	0.0317451	0.999408	0.133776	0.319493	20.3516	
0.999904	-0.000228887	-0.0138391	-0.000231218	0.999448	-0.0332359	0.0138391	0.0332359	0.999352	0.146297	0.349555	21.2763	
0.999896	-0.000249715	-0.0144516	-0.000252371	0.999397	-0.0347303	0.0144516	0.0347303	0.999292	0.159385	0.380998	22.2009	
0.999886	-0.000271486	-0.0150648	-0.000274496	0.999344	-0.0362283	0.0150647	0.0362284	0.99923	0.17304	0.413825	23.1255	
0.999877	-0.000294201	-0.0156786	-0.000297597	0.999288	-0.0377299	0.0156785	0.03773	0.999165	0.187263	0.44804	24.05	
0.999867	-0.000317865	-0.016293	-0.000321677	0.99923	-0.039235	0.0162929	0.039235	0.999097	0.202054	0.483646	24.9744	
0.999857	-0.00034248	-0.0169079	-0.000346743	0.99917	-0.0407435	0.0169078	0.0407436	0.999027	0.217413	0.520646	25.8988	
0.999846	-0.000368049	-0.0175234	-0.000372797	0.999107	-0.0422554	0.0175233	0.0422554	0.998953	0.233342	0.559044	26.8231	
0.999835	-0.000394574	-0.0181394	-0.000399843	0.999042	-0.0437706	0.0181393	0.0437706	0.998877	0.249841	0.598842	27.7474	
0.999824	-0.000422058	-0.0187559	-0.000427887	0.998974	-0.045289	0.0187558	0.045289	0.998798	0.266909	0.640043	28.6716	
0.999812	-0.000450504	-0.0193729	-0.000456931	0.998904	-0.0468105	0.0193727	0.0468106	0.998716	0.284549	0.682651	29.5957	
0.9998	-0.000479914	-0.0199903	-0.000486979	0.998831	-0.0483352	0.0199901	0.0483353	0.998631	0.302759	0.726668	30.5197	
0.999788	-0.000510289	-0.0206081	-0.000518035	0.998756	-0.049863	0.0206079	0.0498631	0.998543	0.321541	0.772097	31.4436	
0.999775	-0.000541633	-0.0212262	-0.000550101	0.998678	-0.0513937	0.021226	0.0513938	0.998453	0.340894	0.818941	32.3675	
0.999761	-0.000573945	-0.0218447	-0.000583181	0.998598	-0.0529274	0.0218445	0.0529275	0.998359	0.360819	0.867203	33.2913	
0.999747	-0.000607228	-0.0224635	-0.000617279	0.998516	-0.0544639	0.0224632	0.054464	0.998263	0.381317	0.916885	34.215	
0.999733	-0.000641484	-0.0230826	-0.000652396	0.99843	-0.0560032	0.0230823	0.0560033	0.998164	0.402388	0.96799	35.1386	
0.999719	-0.000676714	-0.0237019	-0.000688536	0.998343	-0.0575453	0.0237016	0.0575454	0.998062	0.424031	1.02052	36.0621	
0.999704	-0.000712919	-0.0243215	-0.0007257	0.998252	-0.05909	0.0243211	0.0590901	0.997956	0.446248	1.07448	36.9855	
0.999689	-0.000750099	-0.0249413	-0.000763893	0.99816	-0.0606373	0.0249409	0.0606375	0.997848	0.469038	1.12987	37.9088	
0.999673	-0.000788256	-0.0255613	-0.000803115	0.998064	-0.0621872	0.0255608	0.0621874	0.997737	0.492401	1.18669	38.832	
0.999657	-0.00082739	-0.0261813	-0.000843369	0.997966	-0.0637395	0.0261808	0.0637397	0.997623	0.516338	1.24495	39.7551	
0.99964	-0.000867502	-0.0268016	-0.000884656	0.997866	-0.0652943	0.026801	0.0652945	0.997506	0.540849	1.30464	40.6781	
0.999624	-0.000908592	-0.0274219	-0.000926979	0.997763	-0.0668514	0.0274212	0.0668516	0.997386	0.565934	1.36578	41.601	
0.999606	-0.000950661	-0.0280422	-0.00097034	0.997657	-0.0684108	0.0280416	0.0684111	0.997263	0.591592	1.42835	42.5238	
0.999589	-0.000993708	-0.0286626	-0.00101474	0.997548	-0.0699724	0.0286619	0.0699727	0.997137	0.617825	1.49237	43.4464	
0.999571	-0.00103773	-0.029283	-0.00106018	0.997437	-0.0715362	0.0292822	0.0715365	0.997008	0.644631	1.55784	44.369	
0.999552	-0.00108274	-0.0299034	-0.00110666	0.997324	-0.0731021	0.0299025	0.0731024	0.996876	0.672012	1.62475	45.2914	
0.999533	-0.00112872	-0.0305237	-0.00115418	0.997208	-0.07467	0.0305228	0.0746703	0.996741	0.699966	1.69312	46.2137	
0.999514	-0.00117568	-0.031144	-0.00120274	0.997089	-0.0762398	0.031143	0.0762402	0.996603	0.728494	1.76293	47.1359	
0.999495	-0.00122361	-0.0317642	-0.00125235	0.996967	-0.0778116	0.031763	0.077812	0.996462	0.757596	1.8342	48.0579	
0.999475	-0.00127252	-0.0323842	-0.00130301	0.996843	-0.0793852	0.032383	0.0793857	0.996318	0.787272	1.90692	48.9798	
0.999454	-0.0013224	-0.033004	-0.0013547	0.996716	-0.0809605	0.0330027	0.0809611	0.996171	0.817521	1.9811	49.9016	
0.999434	-0.00137326	-0.0336237	-0.00140745	0.996587	-0.0825376	0.0336223	0.0825382	0.996021	0.848344	2.05674	50.8233	
0.999413	-0.00142509	-0.0342432	-0.00146123	0.996455	-0.0841163	0.0342417	0.0841169	0.995867	0.879739	2.13384	51.7448	
0.999391	-0.00147789	-0.0348624	-0.00151606	0.99632	-0.0856966	0.0348608	0.0856973	0.995711	0.911708	2.2124	52.6661	
0.999369	-0.00153166	-0.0354814	-0.00157194	0.996183	-0.0872784	0.0354796	0.0872791	0.995552	0.944249	2.29243	53.5873	
0.999347	-0.00158639	-0.0361	-0.00162886	0.996043	-0.0888616	0.0360981	0.0888624	0.99539	0.977363	2.37391	54.5084	
0.999324	-0.00164209	-0.0367184	-0.00168682	0.9959	-0.0904463	0.0367164	0.0904471	0.995224	1.01105	2.45687	55.4293	
0.999301	-0.00169875	-0.0373364	-0.00174583	0.995755	-0.0920322	0.0373342	0.0920331	0.995056	1.04531	2.54129	56.3501	
0.999399	-0.00144643	-0.034642	-0.00182845	0.995541	-0.0943169	0.034624	0.0943236	0.994939	1.0786	2.6275	57.2707	
0.999489	-0.00118794	-0.0319483	-0.00190497	0.995321	-0.0966052	0.0319136	0.0966167	0.99481	1.10938	2.71584	58.1912	
0.999572	-0.000923248	-0.0292551	-0.00197537	0.995096	-0.0988969	0.029203	0.0989123	0.994668	1.13765	2.80629	59.1116	
0.999647	-0.000652358	-0.0265625	-0.00203962	0.994865	-0.101192	0.0264921	0.10121	0.994512	1.16342	2.89887	60.0318	
0.999715	-0.00037526	-0.0238705	-0.00209769	0.994628	-0.103489	0.0237811	0.10351	0.994344	1.18668	2.99358	60.9519	
0.999776	-9.19444e-05	-0.0211791	-0.00214957	0.994386	-0.105789	0.0210699	0.105811	0.994163	1.20743	3.09042	61.8719	
0.999829	0.000197596	-0.0184882	-0.00219524	0.994138	-0.108092	0.0183585	0.108114	0.993969	1.22567	3.18939	62.7916	
0.999875	0.000493369	-0.0157979	-0.00223466	0.993885	-0.110396	0.0156468	0.110418	0.993762	1.2414	3.29049	63.7112	
0.999914	0.000795382	-0.0131081	-0.00226783	0.993626	-0.112703	0.012935	0.112723	0.993542	1.25462	3.39372	64.6306	
0.999945	0.00110364	-0.010419	-0.00229473	0.993362	-0.115011	0.0102229	0.115028	0.99331	1.26533	3.49908	65.5498	
0.999969	0.00141815	-0.00773033	-0.00231535	0.993091	-0.11732	0.00751054	0.117335	0.993064	1.27354	3.60658	66.4687	
0.999986	0.00173892	-0.00504225	-0.00232967	0.992816	-0.119631	0.00479799	0.119641	0.992806	1.27923	3.71621	67.3874	
0.999995	0.00206596	-0.00235471	-0.00233769	0.992534	-0.121942	0.0020852	0.121947	0.992534	1.28242	3.82797	68.3059	
0.999997	0.00239926	0.000332283	-0.00233938	0.992248	-0.124254	-0.000627826	0.124253	0.99225	1.28309	3.94187	69.2241	
0.999992	0.00273884	0.00301874	-0.00233476	0.991955	-0.126566	-0.0033411	0.126558	0.991954	1.28125	4.05791	70.142	
0.999979	0.0030847	0.00570466	-0.0023238	0.991658	-0.128879	-0.00605463	0.128863	0.991644	1.27691	4.17607	71.0597	
0.999586	0.00605189	0.028114	-0.00223893	0.991016	-0.133724	-0.0286708	0.133606	0.99062	1.26084	4.2975	71.9768	
0.998683	0.00912552	0.0504943	-0.00204352	0.990352	-0.138563	-0.0512715	0.138277	0.989066	1.22386	4.42329	72.8927	
0.997268	0.0123039	0.0728334	-0.0017377	0.989664	-0.143393	-0.0738449	0.142875	0.986982	1.16597	4.55336	73.8069	
0.995344	0.0155854	0.0951194	-0.00132162	0.988955	-0.148212	-0.0963787	0.147396	0.984371	1.08722	4.68765	74.719	
0.992911	0.0189682	0.11734	-0.000795515	0.988223	-0.153016	-0.118861	0.151838	0.981233	0.987639	4.82609	75.6283	
0.98997	0.0224506	0.139485	-0.000159654	0.98747	-0.157804	-0.14128	0.156199	0.977569	0.867286	4.9686	76.5346	
0.986523	0.0260306	0.16154	0.000585617	0.986696	-0.162573	-0.163623	0.160476	0.973383	0.726224	5.11511	77.4372	
0.982572	0.0297063	0.183495	0.0014399	0.985902	-0.16732	-0.185878	0.164668	0.968676	0.564528	5.26554	78.3357	
0.978119	0.0334758	0.205337	0.00240274	0.985087	-0.172042	-0.208034	0.168771	0.963451	0.382286	5.41981	79.2295	
0.973166	0.0373371	0.227056	0.00347362	0.984252	-0.176738	-0.230079	0.172784	0.95771	0.179594	5.57782	80.1184	
0.967716	0.0412881	0.248639	0.00465197	0.983397	-0.181405	-0.252001	0.176705	0.951457	-0.0434393	5.73952	81.0016	
0.961772	0.0453266	0.270075	0.00593715	0.982524	-0.18604	-0.273788	0.180531	0.944695	-0.286694	5.90479	81.8789	
0.955337	0.0494505	0.291352	0.00732848	0.981633	-0.19064	-0.295428	0.184261	0.937427	-0.55004	6.07356	82.7496	
0.948414	0.0536577	0.31246	0.00882522	0.980723	-0.195204	-0.316911	0.187892	0.929658	-0.833336	6.24573	83.6134	
0.941008	0.0579458	0.333386	0.0104266	0.979796	-0.199728	-0.338223	0.191422	0.921392	-1.13643	6.42122	84.4698	
0.933122	0.0623126	0.354119	0.0121316	0.978852	-0.204211	-0.359355	0.19485	0.912632	-1.45916	6.59993	85.3183	
0.92476	0.0667557	0.374649	0.0139396	0.977891	-0.20865	-0.380295	0.198174	0.903384	-1.80136	6.78176	86.1585	
0.915928	0.0712728	0.394965	0.0158494	0.976914	-0.213043	-0.401031	0.201391	0.893653	-2.16284	6.96662	86.9899	
0.906628	0.0758614	0.415055	0.01786	0.975922	-0.217386	-0.421552	0.204501	0.883444	-2.5434	7.1544	87.8121	
0.896868	0.080519	0.434908	0.0199704	0.974915	-0.221679	-0.441848	0.207502	0.872762	-2.94285	7.34502	88.6246	
0.886651	0.0852433	0.454515	0.0221794	0.973894	-0.225918	-0.461908	0.210392	0.861613	-3.36097	7.53835	89.427	
0.875983	0.0900316	0.473865	0.0244859	0.972858	-0.230102	-0.48172	0.213168	0.850003	-3.79754	7.73431	90.2188	
