1	0	0	0	1	0	0	0	1	0	0	0	
1	1.60521e-07	0.000291754	1.60521e-07	0.999999	-0.00110039	-0.000291754	0.00110039	0.999999	-0.000113313	0.000427372	0.776768	
1	6.45123e-07	0.000584847	6.453e-07	0.999998	-0.00220642	-0.000584847	0.00220642	0.999997	-0.000453771	0.00171168	1.55353	
1	1.45839e-06	0.000879267	1.4591e-06	0.999994	-0.00331808	-0.000879267	0.00331808	0.999994	-0.00102241	0.00385731	2.3303	
0.999999	2.60488e-06	0.001175	2.60667e-06	0.99999	-0.00443533	-0.001175	0.00443533	0.999989	-0.00182025	0.00686861	3.10706	
0.999999	4.08914e-06	0.00147205	4.09274e-06	0.999985	-0.00555813	-0.00147205	0.00555813	0.999983	-0.00284833	0.0107499	3.88382	
0.999998	5.91569e-06	0.00177038	5.92202e-06	0.999978	-0.00668644	-0.00177038	0.00668644	0.999976	-0.00410763	0.0155055	4.66057	
0.999998	8.08902e-06	0.00207001	8.0992e-06	0.999969	-0.00782024	-0.00207001	0.00782024	0.999967	-0.00559918	0.0211397	5.43731	
0.999997	1.06136e-05	0.0023709	1.06289e-05	0.99996	-0.00895949	-0.0023709	0.00895949	0.999957	-0.00732396	0.0276566	6.21405	
0.999996	1.34939e-05	0.00267306	1.35159e-05	0.999949	-0.0101041	-0.00267306	0.0101041	0.999945	-0.00928295	0.0350606	6.99078	
0.999996	1.67342e-05	0.00297647	1.67647e-05	0.999937	-0.0112542	-0.00297647	0.0112542	0.999932	-0.0114771	0.0433559	7.7675	
0.999995	2.03391e-05	0.00328113	2.03799e-05	0.999923	-0.0124096	-0.00328113	0.0124096	0.999918	-0.0139075	0.0525465	8.54421	
0.999994	2.43129e-05	0.00358701	2.43661e-05	0.999908	-0.0135702	-0.00358701	0.0135702	0.999901	-0.016575	0.0626366	9.32091	
0.999992	2.86598e-05	0.00389411	2.87279e-05	0.999891	-0.0147362	-0.00389411	0.0147362	0.999884	-0.0194805	0.0736304	10.0976	
0.999991	3.33843e-05	0.00420242	3.34698e-05	0.999873	-0.0159074	-0.00420242	0.0159074	0.999865	-0.0226251	0.0855319	10.8743	
0.99999	3.84906e-05	0.00451193	3.85963e-05	0.999854	-0.0170838	-0.00451193	0.0170838	0.999844	-0.0260096	0.0983451	11.6509	
0.999988	4.39829e-05	0.00482263	4.41119e-05	0.999833	-0.0182653	-0.00482263	0.0182653	0.999822	-0.029635	0.112074	12.4276	
0.999987	4.98656e-05	0.0051345	5.0021e-05	0.999811	-0.019452	-0.0051345	0.019452	0.999798	-0.0335022	0.126723	13.2042	
0.999985	5.61426e-05	0.00544754	5.63281e-05	0.999787	-0.0206438	-0.00544754	0.0206438	0.999772	-0.0376121	0.142296	13.9808	
0.999983	6.28183e-05	0.00576173	6.30375e-05	0.999761	-0.0218406	-0.00576173	0.0218406	0.999745	-0.0419656	0.158796	14.7574	
0.999982	6.98968e-05	0.00607706	7.01537e-05	0.999734	-0.0230425	-0.00607706	0.0230425	0.999716	-0.0465636	0.176228	15.5339	
0.99998	7.73821e-05	0.00639352	7.76809e-05	0.999706	-0.0242493	-0.00639352	0.0242493	0.999685	-0.0514069	0.194595	16.3105	
0.999977	8.52784e-05	0.00671111	8.56234e-05	0.999676	-0.0254611	-0.0067111	0.0254611	0.999653	-0.0564966	0.213902	17.087	
0.999975	9.35895e-05	0.0070298	9.39857e-05	0.999644	-0.0266778	-0.0070298	0.0266778	0.999619	-0.0618333	0.234152	17.8634	
0.999973	0.00010232	0.00734959	0.000102772	0.999611	-0.0278993	-0.00734959	0.0278993	0.999584	-0.067418	0.255349	18.6399	
0.999971	0.000111473	0.00767047	0.000111986	0.999576	-0.0291257	-0.00767046	0.0291257	0.999546	-0.0732516	0.277496	19.4163	
0.999968	0.000121053	0.00799243	0.000121632	0.999539	-0.0303569	-0.00799242	0.0303569	0.999507	-0.0793348	0.300598	20.1927	
0.999965	0.000131063	0.00831544	0.000131715	0.999501	-0.0315929	-0.00831543	0.0315929	0.999466	-0.0856685	0.324659	20.9691	
0.999963	0.000141508	0.00863952	0.000142239	0.999461	-0.0328335	-0.0086395	0.0328335	0.999423	-0.0922535	0.349681	21.7454	
0.99996	0.000152392	0.00896463	0.000153207	0.999419	-0.0340789	-0.00896462	0.0340789	0.999379	-0.0990907	0.375669	22.5217	
0.999957	0.000163718	0.00929078	0.000164624	0.999376	-0.0353289	-0.00929076	0.0353289	0.999333	-0.106181	0.402625	23.298	
0.999954	0.000175489	0.00961794	0.000176494	0.999331	-0.0365834	-0.00961792	0.0365835	0.999284	-0.113525	0.430555	24.0742	
0.999951	0.000187711	0.00994611	0.00018882	0.999284	-0.0378426	-0.00994609	0.0378426	0.999234	-0.121123	0.459461	24.8504	
0.999947	0.000200385	0.0102753	0.000201607	0.999235	-0.0391063	-0.0102753	0.0391063	0.999182	-0.128977	0.489347	25.6266	
0.999944	0.000213517	0.0106054	0.000214858	0.999185	-0.0403745	-0.0106054	0.0403745	0.999128	-0.137086	0.520216	26.4027	
0.99994	0.000227109	0.0109366	0.000228578	0.999132	-0.0416471	-0.0109365	0.0416471	0.999073	-0.145453	0.552072	27.1788	
0.999936	0.000241165	0.0112687	0.00024277	0.999078	-0.0429242	-0.0112686	0.0429242	0.999015	-0.154077	0.584918	27.9548	
0.999933	0.000255689	0.0116017	0.000257438	0.999022	-0.0442056	-0.0116017	0.0442056	0.998955	-0.162959	0.618757	28.7308	
0.999929	0.000270684	0.0119357	0.000272586	0.998965	-0.0454914	-0.0119356	0.0454914	0.998893	-0.172101	0.653594	29.5067	
0.999925	0.000286153	0.0122706	0.000288218	0.998905	-0.0467814	-0.0122705	0.0467814	0.99883	-0.181502	0.689432	30.2826	
0.99992	0.0003021	0.0126064	0.000304336	0.998844	-0.0480757	-0.0126064	0.0480757	0.998764	-0.191164	0.726273	31.0584	
0.999916	0.000318528	0.0129432	0.000320946	0.99878	-0.0493743	-0.0129431	0.0493743	0.998696	-0.201087	0.764121	31.8342	
0.999912	0.000335441	0.0132808	0.00033805	0.998715	-0.050677	-0.0132807	0.050677	0.998627	-0.211272	0.802979	32.6099	
0.999907	0.000352842	0.0136193	0.000355652	0.998648	-0.0519838	-0.0136192	0.0519838	0.998555	-0.221719	0.842851	33.3856	
0.999903	0.000370733	0.0139587	0.000373755	0.998579	-0.0532948	-0.0139586	0.0532948	0.998481	-0.23243	0.883739	34.1612	
0.999898	0.000389118	0.0142989	0.000392363	0.998508	-0.0546098	-0.0142988	0.0546098	0.998405	-0.243405	0.925648	34.9368	
0.999893	0.000408001	0.01464	0.00041148	0.998435	-0.0559288	-0.0146399	0.0559288	0.998327	-0.254644	0.968579	35.7123	
0.999888	0.000427384	0.0149819	0.000431109	0.99836	-0.0572518	-0.0149818	0.0572518	0.998247	-0.266149	1.01254	36.4877	
0.999882	0.000447271	0.0153247	0.000451252	0.998283	-0.0585788	-0.0153246	0.0585788	0.998165	-0.277919	1.05752	37.2631	
0.999877	0.000467663	0.0156683	0.000471914	0.998204	-0.0599096	-0.0156681	0.0599096	0.998081	-0.289956	1.10354	38.0384	
0.999872	0.000488565	0.0160126	0.000493098	0.998123	-0.0612443	-0.0160125	0.0612443	0.997994	-0.302261	1.1506	38.8136	
0.999866	0.000509979	0.0163578	0.000514806	0.99804	-0.0625828	-0.0163576	0.0625829	0.997906	-0.314833	1.19869	39.5888	
0.99986	0.000531908	0.0167037	0.000537043	0.997955	-0.0639251	-0.0167036	0.0639252	0.997815	-0.327673	1.24782	40.3639	
0.999854	0.000554355	0.0170504	0.000559811	0.997867	-0.0652712	-0.0170503	0.0652712	0.997722	-0.340783	1.298	41.139	
0.999876	0.000465504	0.0157295	0.000619914	0.997621	-0.0689301	-0.0157242	0.0689313	0.997497	-0.353512	1.35012	41.9139	
0.999896	0.000372028	0.014412	0.00067524	0.997361	-0.0725935	-0.014401	0.0725957	0.997257	-0.365212	1.40509	42.6886	
0.999914	0.000273936	0.0130979	0.000725784	0.997088	-0.0762613	-0.0130806	0.0762643	0.997002	-0.375885	1.4629	43.4631	
0.999931	0.000171241	0.0117871	0.00077154	0.9968	-0.0799333	-0.011763	0.0799368	0.996731	-0.385534	1.52357	44.2375	
0.999945	6.39532e-05	0.0104796	0.000812503	0.996498	-0.0836093	-0.0104482	0.0836132	0.996444	-0.394161	1.58709	45.0116	
0.999958	-4.79178e-05	0.00917526	0.000848669	0.996183	-0.087289	-0.00913605	0.0872931	0.996141	-0.401767	1.65347	45.7855	
0.999969	-0.000164362	0.00787412	0.000880035	0.995853	-0.0909723	-0.00782651	0.0909764	0.995822	-0.408355	1.72271	46.5591	
0.999978	-0.000285372	0.00657608	0.000906595	0.995509	-0.094659	-0.00651953	0.0946629	0.995488	-0.413927	1.7948	47.3325	
0.999986	-0.000410938	0.00528107	0.000928346	0.995152	-0.0983488	-0.00521505	0.0983524	0.995138	-0.418484	1.86977	48.1057	
0.999992	-0.000541054	0.00398905	0.000945286	0.99478	-0.102042	-0.00391301	0.102045	0.994772	-0.422029	1.9476	48.8785	
0.999996	-0.000675712	0.00269994	0.000957411	0.994394	-0.105737	-0.00261335	0.10574	0.99439	-0.424564	2.0283	49.6511	
0.999999	-0.000814905	0.00141369	0.00096472	0.993993	-0.109436	-0.00131602	0.109437	0.993993	-0.42609	2.11187	50.4233	
1	-0.000958629	0.000130239	0.000967209	0.993579	-0.113136	-2.09471e-05	0.113136	0.993579	-0.426609	2.19831	51.1953	
0.999999	-0.00110688	-0.00115047	0.000964878	0.99315	-0.116839	0.00127192	0.116838	0.99315	-0.426124	2.28763	51.9669	
0.999996	-0.00125965	-0.00242851	0.000957724	0.992708	-0.120544	0.00256264	0.120541	0.992705	-0.424634	2.37983	52.7381	
0.999992	-0.00141694	-0.00370392	0.000945746	0.99225	-0.124251	0.00385128	0.124246	0.992244	-0.422143	2.4749	53.5091	
0.999986	-0.00157874	-0.00497678	0.000928944	0.991779	-0.127959	0.00513788	0.127953	0.991767	-0.418652	2.57285	54.2796	
0.999979	-0.00174505	-0.00624714	0.000907317	0.991293	-0.131669	0.00642252	0.131661	0.991274	-0.414162	2.67368	55.0498	
0.99997	-0.00191587	-0.00751507	0.000880865	0.990793	-0.13538	0.00770525	0.135369	0.990765	-0.408675	2.77739	55.8196	
0.999959	-0.0020912	-0.00878062	0.000849588	0.990279	-0.139092	0.00898614	0.139079	0.99024	-0.402192	2.88398	56.589	
0.999947	-0.00227104	-0.0100439	0.000813486	0.98975	-0.142805	0.0102652	0.142789	0.9897	-0.394716	2.99346	57.358	
0.999933	-0.00245538	-0.0113048	0.000772561	0.989208	-0.146519	0.0115426	0.1465	0.989143	-0.386246	3.10581	58.1265	
0.999918	-0.00264423	-0.0125636	0.000726812	0.98865	-0.150233	0.0128183	0.150211	0.988571	-0.376784	3.22105	58.8946	
0.9999	-0.0028376	-0.0138203	0.000676242	0.988079	-0.153947	0.0140924	0.153923	0.987982	-0.366333	3.33917	59.6623	
0.999882	-0.00303547	-0.0150749	0.000620851	0.987493	-0.157662	0.0153649	0.157634	0.987378	-0.354892	3.46017	60.4295	
0.999861	-0.00323786	-0.0163274	0.000560643	0.986893	-0.161376	0.0166359	0.161344	0.986758	-0.342463	3.58406	61.1962	
0.99984	-0.00344477	-0.0175781	0.000495618	0.986278	-0.16509	0.0179056	0.165055	0.986122	-0.329048	3.71083	61.9625	
0.999816	-0.00365619	-0.0188268	0.00042578	0.98565	-0.168803	0.0191738	0.168764	0.98547	-0.314647	3.84048	62.7282	
0.999791	-0.00387215	-0.0200737	0.000351132	0.985007	-0.172516	0.0204407	0.172473	0.984802	-0.299261	3.97301	63.4934	
0.999764	-0.00409264	-0.0213188	0.000271675	0.984349	-0.176228	0.0217064	0.176181	0.984119	-0.282892	4.10842	64.2581	
0.999736	-0.00431766	-0.0225623	0.000187415	0.983678	-0.179939	0.0229709	0.179887	0.983419	-0.26554	4.24671	65.0223	
0.999706	-0.00454723	-0.0238041	9.83532e-05	0.982992	-0.183648	0.0242343	0.183592	0.982704	-0.247206	4.38788	65.7859	
0.999675	-0.00478135	-0.0250443	4.49495e-06	0.982292	-0.187356	0.0254966	0.187295	0.981973	-0.227891	4.53193	66.5489	
0.999642	-0.00502003	-0.0262829	-9.41559e-05	0.981578	-0.191062	0.0267579	0.190996	0.981226	-0.207597	4.67885	67.3114	
0.999607	-0.00526328	-0.0275201	-0.000197595	0.98085	-0.194767	0.0280182	0.194696	0.980463	-0.186322	4.82865	68.0733	
0.999571	-0.00551111	-0.0287559	-0.000305817	0.980107	-0.198469	0.0292777	0.198393	0.979685	-0.16407	4.98132	68.8346	
0.999534	-0.00576353	-0.0299904	-0.000418818	0.97935	-0.202169	0.0305363	0.202088	0.978891	-0.140839	5.13686	69.5953	
0.999494	-0.00602055	-0.0312236	-0.000536592	0.97858	-0.205867	0.0317942	0.20578	0.978082	-0.116631	5.29527	70.3553	
0.999453	-0.00628217	-0.0324555	-0.000659133	0.977795	-0.209562	0.0330514	0.209469	0.977257	-0.0914456	5.45654	71.1148	
0.999027	-0.00868479	-0.0432434	-0.00127479	0.974328	-0.22513	0.0440884	0.224966	0.973369	-0.0614848	5.62527	71.8724	
0.998478	-0.0112584	-0.0539862	-0.00206648	0.970614	-0.240633	0.0551089	0.240378	0.969114	-0.0229569	5.80601	72.6268	
0.997808	-0.0140019	-0.0646799	-0.00303391	0.966655	-0.256065	0.0661086	0.2557	0.964493	0.0241234	5.99869	73.3778	
0.997016	-0.0169144	-0.0753205	-0.00417673	0.962452	-0.271421	0.0770833	0.270925	0.959509	0.0797386	6.20323	74.1251	
0.996103	-0.0199947	-0.085904	-0.00549449	0.958007	-0.286694	0.088029	0.286048	0.954163	0.143868	6.41955	74.8684	
0.995069	-0.0232417	-0.0964264	-0.0069867	0.953321	-0.301878	0.0989414	0.301063	0.948457	0.216486	6.64758	75.6073	
0.993914	-0.0266541	-0.106884	-0.00865279	0.948396	-0.316969	0.109817	0.315965	0.942394	0.297567	6.88724	76.3417	
