1	0	0	0	1	0	0	0	1	0	0	0	
0.999988	-3.36827e-06	-0.00484315	-3.36827e-06	0.999999	-0.00139094	0.00484315	0.00139094	0.999987	0.00215496	0.000618897	0.889895	
0.999953	-1.34686e-05	-0.00968684	-1.34561e-05	0.999996	-0.00277945	0.00968684	0.00277945	0.999949	0.00862009	0.00247451	1.77977	
0.999894	-3.0291e-05	-0.0145309	-3.02411e-05	0.999991	-0.0041655	0.0145309	0.0041655	0.999886	0.0193958	0.00556467	2.6696	
0.999812	-5.38254e-05	-0.0193753	-5.37004e-05	0.999985	-0.00554905	0.0193753	0.00554905	0.999797	0.0344824	0.00988716	3.55935	
0.999707	-8.40612e-05	-0.0242199	-8.38114e-05	0.999976	-0.00693008	0.0242199	0.00693008	0.999683	0.0538802	0.0154398	4.44902	
0.999578	-0.000120988	-0.0290645	-0.000120551	0.999965	-0.00830854	0.0290645	0.00830853	0.999543	0.0775891	0.0222202	5.33858	
0.999425	-0.000164595	-0.033909	-0.000163896	0.999953	-0.0096844	0.033909	0.00968439	0.999378	0.105609	0.0302261	6.228	
0.999249	-0.000214871	-0.0387533	-0.000213822	0.999939	-0.0110576	0.0387534	0.0110576	0.999188	0.13794	0.0394553	7.11726	
0.999049	-0.000271806	-0.0435973	-0.000270307	0.999923	-0.0124282	0.0435973	0.0124281	0.998972	0.174582	0.0499053	8.00635	
0.998826	-0.000335387	-0.0484408	-0.000333327	0.999905	-0.013796	0.0484408	0.013796	0.998731	0.215535	0.0615737	8.89522	
0.998579	-0.000405604	-0.0532837	-0.000402857	0.999885	-0.0151611	0.0532838	0.0151611	0.998464	0.260797	0.0744582	9.78388	
0.998309	-0.000482444	-0.0581259	-0.000478873	0.999863	-0.0165235	0.058126	0.0165234	0.998173	0.310369	0.0885561	10.6723	
0.998015	-0.000565896	-0.0629673	-0.000561351	0.99984	-0.017883	0.0629673	0.0178828	0.997855	0.364249	0.103865	11.5604	
0.997698	-0.000655948	-0.0678077	-0.000650268	0.999815	-0.0192397	0.0678077	0.0192395	0.997513	0.422438	0.120383	12.4483	
0.997357	-0.000752587	-0.072647	-0.000745597	0.999788	-0.0205935	0.072647	0.0205932	0.997145	0.484933	0.138106	13.3358	
0.996993	-0.000855801	-0.077485	-0.000847314	0.999759	-0.0219444	0.0774851	0.0219441	0.996752	0.551735	0.157033	14.223	
0.996605	-0.000965578	-0.0823218	-0.000955394	0.999728	-0.0232923	0.0823219	0.0232919	0.996334	0.622841	0.177161	15.1098	
0.996194	-0.0010819	-0.087157	-0.00106981	0.999696	-0.0246373	0.0871572	0.0246368	0.99589	0.698251	0.198487	15.9962	
0.995759	-0.00120477	-0.0919907	-0.00119054	0.999662	-0.0259793	0.0919908	0.0259786	0.995421	0.777963	0.221008	16.8823	
0.995301	-0.00133415	-0.0968226	-0.00131756	0.999626	-0.0273182	0.0968228	0.0273174	0.994927	0.861975	0.244722	17.7679	
0.994819	-0.00147005	-0.101653	-0.00145084	0.999588	-0.0286541	0.101653	0.0286531	0.994407	0.950287	0.269627	18.653	
0.994313	-0.00161244	-0.106481	-0.00159036	0.999549	-0.0299869	0.106481	0.0299857	0.993862	1.0429	0.295718	19.5377	
0.993785	-0.00176131	-0.111307	-0.00173608	0.999508	-0.0313165	0.111307	0.0313151	0.993293	1.1398	0.322994	20.4219	
0.993232	-0.00191666	-0.116131	-0.00188799	0.999465	-0.032643	0.116131	0.0326413	0.992697	1.241	0.351451	21.3056	
0.992656	-0.00207846	-0.120952	-0.00204605	0.999421	-0.0339662	0.120952	0.0339642	0.992077	1.34649	0.381087	22.1887	
0.992057	-0.00224669	-0.125771	-0.00221025	0.999375	-0.0352862	0.125771	0.0352839	0.991432	1.45627	0.411899	23.0712	
0.991434	-0.00242136	-0.130587	-0.00238055	0.999327	-0.036603	0.130588	0.0366003	0.990761	1.57034	0.443884	23.9532	
0.990787	-0.00260243	-0.135401	-0.00255692	0.999278	-0.0379165	0.135402	0.0379134	0.990065	1.68869	0.477039	24.8346	
0.990118	-0.0027899	-0.140211	-0.00273935	0.999227	-0.0392266	0.140212	0.0392231	0.989344	1.81132	0.511361	25.7153	
0.989424	-0.00298376	-0.145019	-0.0029278	0.999174	-0.0405334	0.14502	0.0405293	0.988598	1.93824	0.546847	26.5954	
0.988708	-0.00318397	-0.149824	-0.00312224	0.99912	-0.0418368	0.149825	0.0418322	0.987827	2.06943	0.583494	27.4748	
0.987967	-0.00339054	-0.154625	-0.00332265	0.999064	-0.0431368	0.154627	0.0431315	0.987031	2.2049	0.621298	28.3535	
0.987204	-0.00360345	-0.159423	-0.00352901	0.999006	-0.0444334	0.159425	0.0444274	0.98621	2.34463	0.660258	29.2315	
0.986417	-0.00382267	-0.164218	-0.00374127	0.998947	-0.0457265	0.16422	0.0457197	0.985364	2.48864	0.700369	30.1088	
0.985606	-0.0040482	-0.169009	-0.00395942	0.998886	-0.047016	0.169011	0.0470085	0.984493	2.63691	0.741628	30.9853	
0.984772	-0.00428001	-0.173796	-0.00418343	0.998824	-0.0483021	0.173798	0.0482936	0.983596	2.78944	0.784033	31.861	
0.983915	-0.00451809	-0.178579	-0.00441327	0.99876	-0.0495846	0.178582	0.0495751	0.982675	2.94624	0.82758	32.7359	
0.983035	-0.00476243	-0.183359	-0.0046489	0.998695	-0.0508634	0.183361	0.0508529	0.981729	3.10728	0.872265	33.6099	
0.982131	-0.00501301	-0.188134	-0.00489031	0.998628	-0.0521387	0.188137	0.0521271	0.980759	3.27258	0.918086	34.4831	
0.981203	-0.0052698	-0.192905	-0.00513746	0.998559	-0.0534103	0.192908	0.0533975	0.979763	3.44213	0.965039	35.3555	
0.980253	-0.0055328	-0.197671	-0.00539033	0.998489	-0.0546783	0.197675	0.0546641	0.978742	3.61592	1.01312	36.2269	
0.979279	-0.00580199	-0.202433	-0.00564888	0.998418	-0.0559425	0.202438	0.0559269	0.977697	3.79395	1.06233	37.0974	
0.978282	-0.00607735	-0.207191	-0.00591309	0.998345	-0.0572031	0.207196	0.0571858	0.976627	3.97621	1.11266	37.967	
0.977261	-0.00635885	-0.211944	-0.00618293	0.998271	-0.0584598	0.211949	0.0584409	0.975532	4.16271	1.16411	38.8356	
0.976217	-0.00664649	-0.216692	-0.00645836	0.998195	-0.0597128	0.216697	0.0596921	0.974412	4.35344	1.21667	39.7033	
0.975151	-0.00694025	-0.221435	-0.00673937	0.998117	-0.0609619	0.221441	0.0609394	0.973268	4.54839	1.27035	40.5699	
0.97406	-0.00724011	-0.226172	-0.00702591	0.998039	-0.0622073	0.226179	0.0621827	0.972099	4.74756	1.32513	41.4355	
0.972947	-0.00754604	-0.230905	-0.00731796	0.997958	-0.0634487	0.230912	0.063422	0.970905	4.95094	1.38102	42.3	
0.971811	-0.00785804	-0.235632	-0.00761549	0.997877	-0.0646863	0.23564	0.0646573	0.969687	5.15853	1.43801	43.1635	
0.970651	-0.00817607	-0.240354	-0.00791847	0.997793	-0.0659199	0.240362	0.0658885	0.968444	5.37033	1.49609	44.0259	
0.969468	-0.00850013	-0.24507	-0.00822687	0.997709	-0.0671496	0.245079	0.0671156	0.967177	5.58633	1.55527	44.8871	
0.968262	-0.0088302	-0.24978	-0.00854066	0.997623	-0.0683753	0.24979	0.0683385	0.965885	5.80652	1.61554	45.7472	
0.967033	-0.00916625	-0.254485	-0.00885981	0.997536	-0.0695971	0.254496	0.0695574	0.964569	6.0309	1.6769	46.6062	
0.965781	-0.00950827	-0.259183	-0.00918428	0.997447	-0.0708148	0.259195	0.070772	0.963229	6.25947	1.73934	47.464	
0.964506	-0.00985623	-0.263876	-0.00951406	0.997357	-0.0720284	0.263888	0.0719824	0.961864	6.49222	1.80286	48.3205	
0.963208	-0.0102101	-0.268562	-0.0098491	0.997266	-0.073238	0.268575	0.0731886	0.960474	6.72914	1.86745	49.1759	
0.961887	-0.0105699	-0.273242	-0.0101894	0.997173	-0.0744435	0.273256	0.0743904	0.959061	6.97022	1.93312	50.03	
0.960543	-0.0109356	-0.277915	-0.0105349	0.997079	-0.0756449	0.277931	0.075588	0.957623	7.21548	1.99985	50.8828	
0.959177	-0.0113072	-0.282582	-0.0108855	0.996984	-0.0768421	0.282598	0.0767812	0.95616	7.46488	2.06765	51.7343	
0.957792	-0.0116751	-0.287224	-0.0103092	0.997137	-0.0749093	0.287276	0.0747086	0.95493	7.71845	2.13505	52.5847	
0.956383	-0.0120337	-0.291868	-0.00972268	0.997286	-0.0729768	0.291954	0.0726315	0.95367	7.97618	2.20061	53.4339	
0.954948	-0.0123827	-0.296515	-0.00912611	0.997431	-0.0710449	0.296633	0.0705502	0.952382	8.23807	2.26432	54.282	
0.953488	-0.0127222	-0.301163	-0.00851948	0.997572	-0.0691138	0.301311	0.0684649	0.951065	8.50413	2.32617	55.129	
0.952002	-0.013052	-0.305812	-0.0079028	0.997709	-0.0671836	0.305988	0.0663758	0.949719	8.77434	2.38617	55.9747	
0.950492	-0.013372	-0.310461	-0.0072761	0.997842	-0.0652547	0.310664	0.064283	0.948344	9.04872	2.44431	56.8192	
0.948957	-0.0136822	-0.31511	-0.00663941	0.997971	-0.063327	0.315337	0.0621867	0.94694	9.32726	2.50058	57.6626	
0.947396	-0.0139825	-0.319758	-0.00599277	0.998095	-0.0614009	0.320007	0.0600872	0.945508	9.60996	2.55499	58.5046	
0.945811	-0.0142729	-0.324404	-0.0053362	0.998215	-0.0594765	0.324674	0.0579846	0.944047	9.89681	2.60752	59.3454	
0.944201	-0.0145531	-0.329048	-0.00466974	0.998331	-0.057554	0.329336	0.0558791	0.942558	10.1878	2.65819	60.1848	
0.942567	-0.0148233	-0.333689	-0.00399344	0.998443	-0.0556336	0.333994	0.0537709	0.94104	10.483	2.70698	61.0229	
0.940908	-0.0150833	-0.338326	-0.00330732	0.998551	-0.0537154	0.338646	0.0516602	0.939495	10.7823	2.75389	61.8597	
0.939225	-0.015333	-0.342959	-0.00261143	0.998654	-0.0517995	0.343292	0.049547	0.937921	11.0857	2.79892	62.695	
0.937518	-0.0155725	-0.347588	-0.00190582	0.998753	-0.0498863	0.347931	0.0474317	0.936319	11.3932	2.84207	63.529	
0.935787	-0.0158017	-0.352211	-0.00119054	0.998848	-0.0479758	0.352563	0.0453144	0.93469	11.7049	2.88334	64.3615	
0.934033	-0.0160205	-0.356828	-0.000465623	0.998938	-0.0460681	0.357187	0.0431953	0.933033	12.0207	2.92272	65.1925	
0.932255	-0.0162289	-0.361439	0.000268862	0.999024	-0.0441636	0.361803	0.0410745	0.931349	12.3406	2.96022	66.0221	
0.930453	-0.0164269	-0.366042	0.00101287	0.999106	-0.0422622	0.366409	0.0389523	0.929638	12.6647	2.99582	66.8501	
0.928629	-0.0166143	-0.370638	0.00176633	0.999183	-0.0403643	0.371006	0.0368288	0.9279	12.9928	3.02954	67.6766	
0.926782	-0.0167913	-0.375225	0.0025292	0.999257	-0.0384698	0.375592	0.0347041	0.926135	13.325	3.06137	68.5016	
0.924912	-0.0169578	-0.379803	0.00330141	0.999325	-0.0365791	0.380167	0.0325785	0.924344	13.6613	3.09131	69.325	
0.924735	-0.0169678	-0.380233	0.0117606	0.999803	-0.0160138	0.380429	0.0103368	0.924752	13.9997	3.1104	70.1477	
0.924558	-0.0169674	-0.380662	0.0202235	0.999785	0.00455537	0.380503	-0.01191	0.924703	14.3383	3.1097	70.9707	
0.924382	-0.0169567	-0.381092	0.028686	0.999273	0.0251184	0.380389	-0.034151	0.924196	14.6769	3.08921	71.7934	
0.924205	-0.0169357	-0.381521	0.0371438	0.998266	0.045665	0.380087	-0.056375	0.923231	15.0152	3.04893	72.6154	
0.924028	-0.0169043	-0.38195	0.0455928	0.996765	0.0661852	0.379596	-0.0785712	0.92181	15.3533	2.98888	73.4364	
0.923852	-0.0168626	-0.382378	0.0540288	0.994771	0.0866686	0.378917	-0.100728	0.919932	15.6908	2.9091	74.2559	
0.923676	-0.0168107	-0.382805	0.0624477	0.992285	0.107105	0.378051	-0.122836	0.917599	16.0276	2.80962	75.0736	
0.923501	-0.0167485	-0.383231	0.0708451	0.989307	0.127485	0.376998	-0.144882	0.914812	16.3636	2.69049	75.8889	
0.923326	-0.016676	-0.383655	0.0792171	0.98584	0.147797	0.375758	-0.166857	0.911573	16.6985	2.55178	76.7016	
0.923151	-0.0165934	-0.384078	0.0875594	0.981885	0.168033	0.374332	-0.18875	0.907882	17.0323	2.39355	77.5112	
0.922978	-0.0165006	-0.384499	0.095868	0.977444	0.188181	0.372721	-0.210549	0.903741	17.3647	2.21587	78.3173	
0.922805	-0.0163977	-0.384918	0.104139	0.97252	0.208233	0.370926	-0.232243	0.899154	17.6956	2.01884	79.1196	
0.922633	-0.0162848	-0.385335	0.112367	0.967114	0.228177	0.368947	-0.253823	0.894121	18.0248	1.80256	79.9175	
0.922462	-0.0161618	-0.385749	0.12055	0.961229	0.248005	0.366785	-0.275277	0.888646	18.3522	1.56713	80.7108	
0.922292	-0.0160289	-0.386161	0.128683	0.954869	0.267706	0.364442	-0.296595	0.882731	18.6776	1.31266	81.499	
0.922123	-0.0158861	-0.38657	0.136761	0.948036	0.28727	0.361918	-0.317766	0.876379	19.0008	1.03929	82.2817	
0.921956	-0.0157336	-0.386975	0.144781	0.940734	0.306688	0.359216	-0.33878	0.869593	19.3217	0.747149	83.0586	
0.92179	-0.0155713	-0.387378	0.152739	0.932967	0.325951	0.356335	-0.359626	0.862377	19.6401	0.436381	83.8293	
0.921625	-0.0153993	-0.387777	0.160632	0.924737	0.345048	0.353278	-0.380294	0.854734	19.9558	0.107141	84.5934	
