1	0	0	0	1	0	0	0	1	0	0	0	
0.999999	3.56423e-07	-0.00143467	3.56423e-07	1	0.00049687	0.00143467	-0.00049687	0.999999	0.000544523	-0.000188585	0.759091	
0.999996	1.43228e-06	-0.00287605	1.43212e-06	1	0.000995949	0.00287605	-0.000995949	0.999995	0.00218064	-0.000755178	1.51818	
0.999991	3.2374e-06	-0.00432409	3.23674e-06	0.999999	0.00149722	0.00432409	-0.00149722	0.99999	0.00491342	-0.00170145	2.27726	
0.999983	5.78155e-06	-0.00577874	5.7799e-06	0.999998	0.00200067	0.00577874	-0.00200067	0.999981	0.0087479	-0.00302906	3.03634	
0.999974	9.07446e-06	-0.00723997	9.07116e-06	0.999997	0.00250627	0.00723997	-0.00250627	0.999971	0.0136891	-0.00473965	3.79542	
0.999962	1.31258e-05	-0.00870773	1.312e-05	0.999995	0.00301402	0.00870773	-0.00301402	0.999958	0.019742	-0.00683485	4.55448	
0.999948	1.79453e-05	-0.010182	1.7936e-05	0.999994	0.0035239	0.010182	-0.0035239	0.999942	0.0269115	-0.00931629	5.31353	
0.999932	2.35426e-05	-0.0116627	2.35285e-05	0.999992	0.00403589	0.0116627	-0.00403589	0.999924	0.0352025	-0.0121856	6.07257	
0.999914	2.99271e-05	-0.0131497	2.99069e-05	0.99999	0.00454998	0.0131497	-0.00454998	0.999903	0.04462	-0.0154443	6.8316	
0.999893	3.71084e-05	-0.0146432	3.70805e-05	0.999987	0.00506614	0.0146432	-0.00506614	0.99988	0.0551686	-0.0190941	7.59061	
0.99987	4.50959e-05	-0.0161429	4.50586e-05	0.999984	0.00558436	0.0161429	-0.00558436	0.999854	0.0668534	-0.0231364	8.3496	
0.999844	5.38992e-05	-0.0176489	5.38504e-05	0.999981	0.00610463	0.0176489	-0.00610463	0.999826	0.0796789	-0.0275729	9.10857	
0.999816	6.35275e-05	-0.0191612	6.34651e-05	0.999978	0.00662693	0.0191612	-0.00662693	0.999794	0.09365	-0.0324051	9.86752	
0.999786	7.39901e-05	-0.0206795	7.39119e-05	0.999974	0.00715124	0.0206795	-0.00715124	0.999761	0.108771	-0.0376346	10.6264	
0.999753	8.52964e-05	-0.0222041	8.51997e-05	0.999971	0.00767754	0.0222041	-0.00767754	0.999724	0.125048	-0.0432628	11.3853	
0.999718	9.74556e-05	-0.0237347	9.73376e-05	0.999966	0.00820582	0.0237347	-0.00820582	0.999685	0.142484	-0.0492912	12.1442	
0.999681	0.000110477	-0.0252713	0.000110335	0.999962	0.00873607	0.0252713	-0.00873607	0.999642	0.161084	-0.0557214	12.903	
0.99964	0.000124369	-0.0268139	0.000124199	0.999957	0.00926826	0.0268139	-0.00926826	0.999597	0.180852	-0.0625549	13.6618	
0.999598	0.000139141	-0.0283625	0.000138941	0.999952	0.00980238	0.0283625	-0.00980237	0.99955	0.201794	-0.0697931	14.4206	
0.999552	0.000154803	-0.029917	0.000154568	0.999947	0.0103384	0.029917	-0.0103384	0.999499	0.223914	-0.0774374	15.1793	
0.999504	0.000171362	-0.0314773	0.00017109	0.999941	0.0108763	0.0314773	-0.0108763	0.999445	0.247216	-0.0854894	15.938	
0.999454	0.000188829	-0.0330434	0.000188514	0.999935	0.0114161	0.0330434	-0.0114161	0.999389	0.271704	-0.0939504	16.6967	
0.999401	0.000207211	-0.0346152	0.00020685	0.999928	0.0119578	0.0346152	-0.0119578	0.999329	0.297384	-0.102822	17.4553	
0.999345	0.000226517	-0.0361928	0.000226105	0.999922	0.0125013	0.0361928	-0.0125013	0.999267	0.324259	-0.112105	18.2138	
0.999286	0.000246757	-0.0377761	0.000246289	0.999915	0.0130466	0.0377761	-0.0130466	0.999201	0.352333	-0.121802	18.9723	
0.999225	0.000267939	-0.0393649	0.00026741	0.999908	0.0135938	0.0393649	-0.0135937	0.999132	0.381612	-0.131913	19.7308	
0.999161	0.00029007	-0.0409593	0.000289477	0.9999	0.0141427	0.0409593	-0.0141427	0.999061	0.412099	-0.14244	20.4892	
0.999094	0.000313161	-0.0425593	0.000312496	0.999892	0.0146934	0.0425593	-0.0146934	0.998986	0.443798	-0.153385	21.2476	
0.999024	0.000337219	-0.0441647	0.000336477	0.999884	0.0152458	0.0441647	-0.0152458	0.998908	0.476713	-0.164748	22.0059	
0.998952	0.000362252	-0.0457755	0.000361428	0.999875	0.0158	0.0457755	-0.0158	0.998827	0.51085	-0.176531	22.7641	
0.998876	0.000388269	-0.0473917	0.000387356	0.999866	0.016356	0.0473917	-0.0163559	0.998742	0.546211	-0.188736	23.5223	
0.998798	0.000415278	-0.0490133	0.00041427	0.999857	0.0169136	0.0490133	-0.0169136	0.998655	0.582801	-0.201363	24.2804	
0.998717	0.000443287	-0.0506401	0.000442178	0.999847	0.0174729	0.0506401	-0.0174729	0.998564	0.620624	-0.214415	25.0384	
0.998633	0.000472305	-0.0522722	0.000471087	0.999837	0.0180339	0.0522722	-0.0180339	0.99847	0.659684	-0.227891	25.7964	
0.998546	0.000502339	-0.0539094	0.000501005	0.999827	0.0185965	0.0539094	-0.0185965	0.998373	0.699985	-0.241794	26.5542	
0.998456	0.000533396	-0.0555518	0.00053194	0.999816	0.0191608	0.0555518	-0.0191608	0.998272	0.74153	-0.256125	27.3121	
0.998363	0.000565486	-0.0571992	0.000563899	0.999805	0.0197267	0.0571992	-0.0197267	0.998168	0.784324	-0.270884	28.0698	
0.998267	0.000598616	-0.0588517	0.00059689	0.999794	0.0202942	0.0588517	-0.0202941	0.99806	0.828371	-0.286074	28.8275	
0.998167	0.000632793	-0.0605092	0.000630921	0.999782	0.0208633	0.0605092	-0.0208632	0.99795	0.873674	-0.301695	29.585	
0.998065	0.000668025	-0.0621716	0.000665998	0.99977	0.0214339	0.0621716	-0.0214338	0.997835	0.920237	-0.317749	30.3425	
0.99796	0.000704319	-0.0638389	0.000702129	0.999758	0.0220061	0.063839	-0.022006	0.997718	0.968064	-0.334236	31.0999	
0.997852	0.000741684	-0.0655111	0.000739321	0.999745	0.0225798	0.0655111	-0.0225797	0.997596	1.01716	-0.351158	31.8572	
0.99774	0.000780126	-0.067188	0.000777582	0.999732	0.023155	0.0671881	-0.0231549	0.997472	1.06752	-0.368517	32.6145	
0.997625	0.000819653	-0.0688697	0.000816917	0.999718	0.0237318	0.0688697	-0.0237317	0.997343	1.11916	-0.386312	33.3716	
0.997507	0.000860271	-0.0705561	0.000857335	0.999704	0.0243099	0.0705561	-0.0243098	0.997212	1.17208	-0.404546	34.1286	
0.997386	0.000901989	-0.0722471	0.000898842	0.99969	0.0248896	0.0722471	-0.0248895	0.997076	1.22628	-0.42322	34.8855	
0.997262	0.000944813	-0.0739427	0.000941445	0.999675	0.0254707	0.0739428	-0.0254706	0.996937	1.28177	-0.442333	35.6424	
0.997134	0.000988749	-0.0756429	0.00098515	0.99966	0.0260532	0.0756429	-0.0260531	0.996795	1.33854	-0.461889	36.3991	
0.997004	0.00103381	-0.0773475	0.00102996	0.999645	0.0266371	0.0773476	-0.026637	0.996648	1.39661	-0.481887	37.1557	
0.99687	0.00107999	-0.0790566	0.00107589	0.999629	0.0272225	0.0790567	-0.0272223	0.996498	1.45597	-0.502329	37.9122	
0.996732	0.00112731	-0.0807701	0.00112295	0.999613	0.0278091	0.0807701	-0.027809	0.996345	1.51663	-0.523216	38.6685	
0.996591	0.00117576	-0.0824879	0.00117113	0.999596	0.0283972	0.082488	-0.028397	0.996187	1.5786	-0.544549	39.4248	
0.996214	0.00130491	-0.0869254	0.00127164	0.999562	0.029579	0.0869259	-0.0295775	0.995776	1.6429	-0.566553	40.1808	
0.995816	0.00143946	-0.0913653	0.00137759	0.999526	0.0307622	0.0913663	-0.0307593	0.995342	1.71057	-0.589454	40.9366	
0.995399	0.0015794	-0.0958074	0.00148899	0.999488	0.0319467	0.0958089	-0.0319424	0.994887	1.78161	-0.613252	41.6919	
0.994961	0.00172477	-0.100252	0.00160587	0.99945	0.0331326	0.100253	-0.0331266	0.99441	1.85602	-0.637949	42.447	
0.994502	0.00187556	-0.104697	0.00172823	0.999409	0.0343197	0.1047	-0.0343119	0.993912	1.93381	-0.663545	43.2016	
0.994024	0.00203179	-0.109145	0.00185609	0.999368	0.0355079	0.109148	-0.0354982	0.993391	2.01498	-0.690041	43.9559	
0.993525	0.00219347	-0.113594	0.00198945	0.999324	0.0366971	0.113597	-0.0366855	0.992849	2.09952	-0.717438	44.7098	
0.993006	0.00236061	-0.118044	0.00212834	0.99928	0.0378873	0.118048	-0.0378735	0.992285	2.18744	-0.745736	45.4632	
0.992466	0.00253321	-0.122495	0.00227276	0.999234	0.0390784	0.1225	-0.0390624	0.9917	2.27874	-0.774937	46.2162	
0.991906	0.00271129	-0.126947	0.00242271	0.999186	0.0402704	0.126952	-0.040252	0.991092	2.37342	-0.805041	46.9688	
0.991325	0.00289485	-0.131399	0.00257822	0.999137	0.0414631	0.131406	-0.0414422	0.990462	2.47148	-0.836047	47.7209	
0.990724	0.0030839	-0.135852	0.00273928	0.999086	0.0426564	0.135859	-0.0426329	0.98981	2.57292	-0.867958	48.4725	
0.990103	0.00327844	-0.140305	0.0029059	0.999034	0.0438504	0.140313	-0.0438241	0.989137	2.67774	-0.900772	49.2236	
0.989461	0.00347848	-0.144758	0.00307809	0.99898	0.0450449	0.144767	-0.0450157	0.988441	2.78594	-0.934491	49.9742	
0.988799	0.00368402	-0.14921	0.00325586	0.998925	0.0462398	0.14922	-0.0462077	0.987724	2.89752	-0.969114	50.7242	
0.988116	0.00389507	-0.153662	0.0034392	0.998868	0.0474351	0.153673	-0.0473999	0.986984	3.01248	-1.00464	51.4737	
0.987412	0.00411163	-0.158114	0.00362813	0.99881	0.0486307	0.158126	-0.0485922	0.986223	3.13082	-1.04108	52.2226	
0.986688	0.0043337	-0.162565	0.00382263	0.998751	0.0498265	0.162578	-0.0497847	0.985439	3.25254	-1.07841	52.971	
0.985944	0.00456129	-0.167014	0.00402272	0.998689	0.0510225	0.167028	-0.0509771	0.984633	3.37765	-1.11666	53.7187	
0.985179	0.00479439	-0.171463	0.0042284	0.998627	0.0522185	0.171478	-0.0521696	0.983806	3.50612	-1.15581	54.4658	
0.984393	0.00503301	-0.17591	0.00443966	0.998563	0.0534145	0.175926	-0.0533619	0.982956	3.63798	-1.19586	55.2123	
0.983587	0.00527714	-0.180355	0.0046565	0.998497	0.0546104	0.180373	-0.054554	0.982084	3.77321	-1.23682	55.9581	
0.982761	0.00552679	-0.184799	0.00487893	0.99843	0.0558062	0.184817	-0.0557458	0.981191	3.91182	-1.27868	56.7033	
0.981914	0.00578194	-0.18924	0.00510694	0.998361	0.0570017	0.18926	-0.0569372	0.980275	4.0538	-1.32145	57.4477	
0.981046	0.00604261	-0.19368	0.00534052	0.998291	0.058197	0.1937	-0.0581283	0.979337	4.19915	-1.36513	58.1915	
0.980158	0.00630878	-0.198117	0.00557967	0.998219	0.0593918	0.198138	-0.0593188	0.978377	4.34787	-1.4097	58.9345	
0.97925	0.00658046	-0.202551	0.00582438	0.998146	0.0605862	0.202574	-0.0605088	0.977396	4.49996	-1.45518	59.6769	
0.978321	0.00685763	-0.206982	0.00607466	0.998071	0.0617801	0.207007	-0.0616981	0.976392	4.65541	-1.50157	60.4184	
0.977371	0.0071403	-0.21141	0.00633048	0.997995	0.0629733	0.211436	-0.0628867	0.975367	4.81423	-1.54885	61.1592	
0.976402	0.00742845	-0.215835	0.00659185	0.997917	0.0641659	0.215863	-0.0640744	0.974319	4.97641	-1.59704	61.8992	
0.975411	0.00772209	-0.220257	0.00685875	0.997838	0.0653577	0.220286	-0.0652614	0.97325	5.14195	-1.64613	62.6384	
0.974401	0.00802119	-0.224675	0.00713118	0.997758	0.0665487	0.224705	-0.0664473	0.972159	5.31084	-1.69612	63.3768	
0.97337	0.00832576	-0.229089	0.00740912	0.997676	0.0677388	0.22912	-0.0676323	0.971046	5.48309	-1.74701	64.1143	
0.972319	0.00863579	-0.233499	0.00769256	0.997592	0.0689279	0.233532	-0.0688161	0.969911	5.65869	-1.79879	64.851	
0.971247	0.00895126	-0.237905	0.00798149	0.997507	0.070116	0.237939	-0.0699988	0.968754	5.83763	-1.85148	65.5868	
0.970155	0.00927217	-0.242306	0.00827589	0.99742	0.0713029	0.242342	-0.0711802	0.967576	6.01992	-1.90507	66.3217	
0.969044	0.0095985	-0.246703	0.00857576	0.997332	0.0724887	0.246741	-0.0723604	0.966376	6.20555	-1.95955	67.0557	
0.967911	0.00993025	-0.251095	0.00888108	0.997243	0.0736732	0.251134	-0.0735391	0.965155	6.39452	-2.01492	67.7888	
0.966759	0.0102674	-0.255482	0.00919182	0.997152	0.0748563	0.255523	-0.0747164	0.963912	6.58682	-2.07119	68.521	
0.965587	0.0106099	-0.259864	0.00950799	0.99706	0.0760381	0.259906	-0.0758921	0.962647	6.78245	-2.12835	69.2522	
0.964395	0.0109579	-0.26424	0.00982954	0.996966	0.0772183	0.264284	-0.0770663	0.961361	6.9814	-2.18641	69.9825	
0.963182	0.0113111	-0.268611	0.0101565	0.99687	0.078397	0.268657	-0.0782388	0.960053	7.18368	-2.24535	70.7117	
0.958041	0.0127965	-0.286344	0.011301	0.99654	0.0823449	0.286407	-0.0821258	0.954582	7.39436	-2.30622	71.4385	
0.952572	0.0143535	-0.303974	0.0125185	0.996193	0.0862696	0.304055	-0.0859833	0.948766	7.61847	-2.37003	72.1609	
0.946777	0.0159817	-0.321492	0.0138086	0.995831	0.0901695	0.321592	-0.0898098	0.942609	7.85594	-2.43675	72.8788	
0.940659	0.0176806	-0.338893	0.0151707	0.995453	0.0940434	0.339015	-0.093604	0.936113	8.10668	-2.50637	73.5918	
0.934219	0.0194493	-0.35617	0.0166045	0.995059	0.0978898	0.356314	-0.0973645	0.929279	8.3706	-2.57885	74.2999	
