1	0	0	0	1	0	0	0	1	0	0	0	
0.999995	-5.37255e-06	0.00328979	-5.37255e-06	0.999995	0.00326617	-0.00328979	-0.00326617	0.999989	-0.00145798	-0.00144751	0.88636	
0.999978	-2.14957e-05	0.00657969	-2.15048e-05	0.999979	0.0065352	-0.00657969	-0.0065352	0.999957	-0.00583196	-0.00579131	1.7727	
0.999951	-4.83798e-05	0.0098696	-4.84159e-05	0.999952	0.00980698	-0.0098696	-0.00980698	0.999903	-0.013122	-0.0130339	2.65901	
0.999913	-8.60342e-05	0.0131594	-8.61247e-05	0.999914	0.0130814	-0.0131594	-0.0130814	0.999828	-0.0233281	-0.0231776	3.54525	
0.999865	-0.000134468	0.0164491	-0.000134649	0.999866	0.0163585	-0.0164491	-0.0163585	0.999731	-0.03645	-0.0362249	4.43142	
0.999805	-0.00019369	0.0197384	-0.000194007	0.999807	0.019638	-0.0197384	-0.019638	0.999612	-0.0524877	-0.0521779	5.31749	
0.999735	-0.000263708	0.0230274	-0.000264216	0.999737	0.0229198	-0.0230274	-0.0229198	0.999472	-0.0714408	-0.0710387	6.20345	
0.999654	-0.00034453	0.0263159	-0.000345291	0.999657	0.026204	-0.0263159	-0.026204	0.99931	-0.0933089	-0.0928096	7.08928	
0.999562	-0.000436162	0.0296039	-0.00043725	0.999565	0.0294904	-0.0296039	-0.0294904	0.999127	-0.118092	-0.117492	7.97495	
0.999459	-0.00053861	0.0328912	-0.000540107	0.999462	0.0327789	-0.0328911	-0.0327789	0.998921	-0.145788	-0.145089	8.86045	
0.999345	-0.000651881	0.0361777	-0.000653878	0.999349	0.0360694	-0.0361777	-0.0360694	0.998694	-0.176398	-0.175601	9.74576	
0.999221	-0.00077598	0.0394634	-0.000778576	0.999225	0.0393618	-0.0394633	-0.0393618	0.998445	-0.209921	-0.209031	10.6309	
0.999085	-0.000910912	0.0427481	-0.000914217	0.999089	0.042656	-0.042748	-0.0426561	0.998175	-0.246356	-0.24538	11.5157	
0.998939	-0.00105668	0.0460318	-0.00106081	0.998943	0.045952	-0.0460317	-0.0459521	0.997883	-0.285701	-0.28465	12.4003	
0.998783	-0.00121329	0.0493144	-0.00121838	0.998786	0.0492495	-0.0493142	-0.0492497	0.997568	-0.327957	-0.326841	13.2847	
0.998615	-0.00138074	0.0525957	-0.00138692	0.998617	0.0525487	-0.0525955	-0.0525488	0.997232	-0.373122	-0.371957	14.1688	
0.998437	-0.00155904	0.0558757	-0.00156646	0.998438	0.0558492	-0.0558755	-0.0558494	0.996874	-0.421194	-0.419997	15.0525	
0.998247	-0.00174819	0.0591543	-0.001757	0.998247	0.0591512	-0.0591541	-0.0591514	0.996495	-0.472173	-0.470963	15.9359	
0.998047	-0.00194819	0.0624314	-0.00195856	0.998046	0.0624543	-0.0624311	-0.0624547	0.996093	-0.526058	-0.524857	16.819	
0.997837	-0.00215904	0.0657069	-0.00217114	0.997833	0.0657587	-0.0657065	-0.0657591	0.99567	-0.582846	-0.581679	17.7017	
0.997615	-0.00238074	0.0689807	-0.00239475	0.997609	0.0690641	-0.0689802	-0.0690646	0.995225	-0.642537	-0.641431	18.5841	
0.997383	-0.00261329	0.0722526	-0.00262941	0.997374	0.0723704	-0.0722521	-0.072371	0.994757	-0.705128	-0.704113	19.466	
0.99714	-0.00285669	0.0755227	-0.00287512	0.997128	0.0756777	-0.075522	-0.0756784	0.994268	-0.770619	-0.769725	20.3475	
0.996886	-0.00311095	0.0787909	-0.00313189	0.996871	0.0789857	-0.07879	-0.0789865	0.993757	-0.839008	-0.83827	21.2285	
0.996622	-0.00337605	0.0820569	-0.00339973	0.996602	0.0822944	-0.082056	-0.0822954	0.993224	-0.910292	-0.909748	22.1091	
0.996347	-0.003652	0.0853208	-0.00367865	0.996322	0.0856037	-0.0853197	-0.0856049	0.992669	-0.98447	-0.984158	22.9893	
0.996061	-0.0039388	0.0885825	-0.00396865	0.996031	0.0889135	-0.0885811	-0.0889149	0.992093	-1.06154	-1.0615	23.8689	
0.995765	-0.00423643	0.0918418	-0.00426973	0.995729	0.0922237	-0.0918402	-0.0922253	0.991494	-1.1415	-1.14178	24.748	
0.995457	-0.00454491	0.0950986	-0.00458191	0.995416	0.0955342	-0.0950968	-0.095536	0.990873	-1.22435	-1.22499	25.6265	
0.99514	-0.00486422	0.0983529	-0.00490519	0.995091	0.098845	-0.0983509	-0.098847	0.99023	-1.31008	-1.31114	26.5045	
0.994811	-0.00519436	0.101605	-0.00523958	0.994755	0.102156	-0.101602	-0.102158	0.989566	-1.3987	-1.40022	27.3819	
0.994472	-0.00553532	0.104854	-0.00558507	0.994407	0.105467	-0.104851	-0.105469	0.988879	-1.49019	-1.49224	28.2587	
0.994123	-0.0058871	0.1081	-0.00594167	0.994048	0.108777	-0.108097	-0.10878	0.988171	-1.58457	-1.58719	29.1349	
0.993762	-0.0062497	0.111343	-0.00630939	0.993678	0.112088	-0.11134	-0.112091	0.987441	-1.68182	-1.68508	30.0105	
0.993392	-0.0066231	0.114583	-0.00668822	0.993297	0.115398	-0.11458	-0.115402	0.986688	-1.78194	-1.7859	30.8854	
0.99301	-0.00700731	0.117821	-0.00707818	0.992904	0.118708	-0.117816	-0.118713	0.985914	-1.88493	-1.88965	31.7596	
0.992618	-0.0074023	0.121055	-0.00747926	0.9925	0.122018	-0.12105	-0.122023	0.985118	-1.9908	-1.99634	32.6331	
0.992216	-0.00780808	0.124285	-0.00789145	0.992084	0.125327	-0.12428	-0.125332	0.9843	-2.09952	-2.10597	33.5059	
0.991803	-0.00822464	0.127513	-0.00831478	0.991657	0.128635	-0.127507	-0.128641	0.98346	-2.21111	-2.21852	34.378	
0.991379	-0.00865197	0.130737	-0.00874922	0.991219	0.131943	-0.13073	-0.131949	0.982598	-2.32556	-2.33401	35.2493	
0.990945	-0.00909005	0.133957	-0.00919479	0.990769	0.13525	-0.13395	-0.135257	0.981714	-2.44286	-2.45243	36.1199	
0.990501	-0.00953888	0.137174	-0.00965148	0.990308	0.138555	-0.137166	-0.138563	0.980809	-2.56301	-2.57379	36.9896	
0.990046	-0.00999845	0.140387	-0.0101193	0.989835	0.14186	-0.140379	-0.141869	0.979881	-2.68601	-2.69807	37.8586	
0.989581	-0.0104687	0.143597	-0.0105982	0.989351	0.145164	-0.143587	-0.145173	0.978932	-2.81186	-2.82528	38.7267	
0.989105	-0.0109498	0.146802	-0.0110883	0.988855	0.148466	-0.146792	-0.148477	0.977961	-2.94055	-2.95542	39.594	
0.988619	-0.0114415	0.150004	-0.0115894	0.988348	0.151767	-0.149992	-0.151779	0.976968	-3.07208	-3.08849	40.4603	
0.988123	-0.0119439	0.153201	-0.0121017	0.98783	0.155067	-0.153189	-0.155079	0.975953	-3.20645	-3.22448	41.3258	
0.987616	-0.012457	0.156395	-0.0126251	0.9873	0.158365	-0.156381	-0.158379	0.974916	-3.34364	-3.3634	42.1904	
0.987099	-0.0129807	0.159584	-0.0131595	0.986758	0.161662	-0.159569	-0.161676	0.973858	-3.48367	-3.50524	43.0541	
0.986572	-0.0135151	0.162768	-0.0137051	0.986206	0.164957	-0.162753	-0.164973	0.972777	-3.62652	-3.65001	43.9168	
0.986034	-0.0140602	0.165949	-0.0142618	0.985641	0.16825	-0.165932	-0.168267	0.971675	-3.77218	-3.7977	44.7786	
0.985486	-0.0146159	0.169125	-0.0148295	0.985065	0.171541	-0.169106	-0.17156	0.970552	-3.92067	-3.9483	45.6393	
0.984928	-0.0151822	0.172296	-0.0154083	0.984478	0.174831	-0.172276	-0.17485	0.969406	-4.07196	-4.10182	46.4991	
0.98436	-0.015759	0.175463	-0.0159982	0.983879	0.178118	-0.175441	-0.178139	0.968239	-4.22606	-4.25826	47.3578	
0.983782	-0.0163465	0.178624	-0.0165992	0.983269	0.181403	-0.178601	-0.181426	0.96705	-4.38297	-4.41762	48.2155	
0.983193	-0.0169445	0.181782	-0.0172112	0.982647	0.184686	-0.181756	-0.18471	0.96584	-4.54267	-4.57988	49.0721	
0.982594	-0.0175531	0.184934	-0.0178343	0.982014	0.187966	-0.184907	-0.187993	0.964608	-4.70517	-4.74506	49.9277	
0.981985	-0.0181722	0.188081	-0.0184684	0.981369	0.191244	-0.188052	-0.191272	0.963354	-4.87046	-4.91314	50.7821	
0.981367	-0.0188018	0.191223	-0.0191136	0.980712	0.194519	-0.191192	-0.19455	0.962079	-5.03853	-5.08413	51.6354	
0.980452	-0.0197357	0.195765	-0.0203353	0.979464	0.200589	-0.195704	-0.200649	0.959917	-5.21	-5.25928	52.4872	
0.979516	-0.0206988	0.200298	-0.0215856	0.978178	0.206645	-0.200204	-0.206735	0.957694	-5.38546	-5.43982	53.3371	
0.978559	-0.0216907	0.204821	-0.0228644	0.976853	0.212687	-0.204694	-0.21281	0.955412	-5.5649	-5.62576	54.1849	
0.97758	-0.0227116	0.209335	-0.0241716	0.975489	0.218715	-0.209171	-0.218871	0.95307	-5.74832	-5.81707	55.0307	
0.97658	-0.0237614	0.213838	-0.0255073	0.974087	0.224729	-0.213637	-0.22492	0.950668	-5.9357	-6.01375	55.8744	
0.975559	-0.0248399	0.21833	-0.0268712	0.972647	0.230728	-0.21809	-0.230955	0.948207	-6.12704	-6.21579	56.716	
0.974516	-0.025947	0.222811	-0.0282634	0.971169	0.236712	-0.222529	-0.236977	0.945686	-6.32231	-6.42317	57.5553	
0.973453	-0.0270828	0.227281	-0.0296837	0.969652	0.24268	-0.226956	-0.242984	0.943106	-6.52152	-6.63588	58.3924	
0.972368	-0.0282471	0.231739	-0.0311321	0.968097	0.248633	-0.231369	-0.248977	0.940467	-6.72464	-6.85391	59.2272	
0.971262	-0.0294397	0.236184	-0.0326085	0.966505	0.254569	-0.235767	-0.254955	0.93777	-6.93167	-7.07724	60.0596	
0.970136	-0.0306607	0.240616	-0.0341128	0.964874	0.260488	-0.240151	-0.260917	0.935013	-7.14259	-7.30587	60.8896	
0.968989	-0.0319099	0.245036	-0.0356449	0.963206	0.266391	-0.24452	-0.266864	0.932198	-7.35739	-7.53977	61.7171	
0.967821	-0.0331871	0.249442	-0.0372048	0.9615	0.272276	-0.248874	-0.272795	0.929325	-7.57605	-7.77894	62.5421	
0.966633	-0.0344924	0.253834	-0.0387923	0.959756	0.278144	-0.253212	-0.27871	0.926393	-7.79857	-8.02336	63.3645	
0.965424	-0.0358255	0.258211	-0.0404074	0.957975	0.283993	-0.257534	-0.284607	0.923404	-8.02492	-8.27301	64.1843	
0.964195	-0.0371864	0.262574	-0.0420499	0.956156	0.289824	-0.261839	-0.290488	0.920357	-8.2551	-8.52789	65.0015	
0.962946	-0.038575	0.266922	-0.0437198	0.9543	0.295636	-0.266128	-0.296351	0.917252	-8.48909	-8.78797	65.8159	
0.961676	-0.039991	0.271255	-0.045417	0.952406	0.301429	-0.270399	-0.302197	0.91409	-8.72687	-9.05323	66.6275	
0.960387	-0.0414345	0.275572	-0.0471413	0.950476	0.307203	-0.274653	-0.308024	0.910871	-8.96843	-9.32367	67.4363	
0.959078	-0.0429052	0.279873	-0.0488927	0.948508	0.312956	-0.278889	-0.313833	0.907596	-9.21375	-9.59927	68.2422	
0.957749	-0.044403	0.284157	-0.050671	0.946504	0.318689	-0.283106	-0.319623	0.904263	-9.46281	-9.88001	69.0452	
0.956401	-0.0459278	0.288424	-0.0524762	0.944463	0.324402	-0.287305	-0.325394	0.900874	-9.71561	-10.1659	69.8452	
0.953452	-0.0493101	0.297487	-0.0582256	0.937868	0.342071	-0.295871	-0.34347	0.891341	-9.97408	-10.4623	70.6395	
0.950417	-0.0528743	0.306451	-0.0641425	0.930919	0.359548	-0.304292	-0.361377	0.88137	-10.2401	-10.7747	71.4252	
0.947298	-0.0566187	0.315312	-0.070224	0.923619	0.376824	-0.312563	-0.379107	0.870966	-10.5135	-11.1029	72.2018	
0.944096	-0.0605414	0.324065	-0.076467	0.915971	0.393891	-0.320681	-0.396651	0.860135	-10.7941	-11.4467	72.969	
0.940812	-0.0646406	0.332707	-0.0828686	0.907979	0.410739	-0.328642	-0.414	0.848881	-11.0819	-11.806	73.7264	
0.937449	-0.0689143	0.341233	-0.0894255	0.899647	0.427362	-0.336441	-0.431145	0.83721	-11.3767	-12.1805	74.4737	
0.934008	-0.0733602	0.349639	-0.0961346	0.890979	0.443751	-0.344075	-0.448079	0.825129	-11.6783	-12.5702	75.2105	
0.93049	-0.0779763	0.357921	-0.102993	0.881979	0.459898	-0.35154	-0.464793	0.812642	-11.9866	-12.9748	75.9363	
0.926898	-0.0827603	0.366074	-0.109996	0.872652	0.475794	-0.358832	-0.481279	0.799756	-12.3014	-13.3941	76.6509	
0.923233	-0.0877099	0.374096	-0.117141	0.863002	0.491432	-0.365949	-0.497529	0.786478	-12.6226	-13.8279	77.354	
0.919497	-0.0928225	0.38198	-0.124425	0.853034	0.506805	-0.372885	-0.513534	0.772813	-12.9501	-14.276	78.045	
0.915692	-0.0980957	0.389725	-0.131844	0.842753	0.521905	-0.379639	-0.529287	0.758769	-13.2836	-14.7382	78.7238	
0.911819	-0.103527	0.397326	-0.139395	0.832164	0.536724	-0.386206	-0.54478	0.744352	-13.623	-15.2142	79.39	
0.907881	-0.109113	0.404779	-0.147073	0.821272	0.551255	-0.392583	-0.560006	0.72957	-13.9682	-15.7039	80.0433	
0.90388	-0.114853	0.412081	-0.154874	0.810083	0.565491	-0.398768	-0.574956	0.714429	-14.3189	-16.2069	80.6832	
0.899816	-0.120742	0.419228	-0.162796	0.798601	0.579425	-0.404757	-0.589625	0.698938	-14.675	-16.723	81.3097	
0.895694	-0.126777	0.426216	-0.170834	0.786834	0.59305	-0.410547	-0.604004	0.683104	-15.0364	-17.252	81.9222	
0.891513	-0.132957	0.433043	-0.178984	0.774785	0.60636	-0.416135	-0.618086	0.666934	-15.4027	-17.7937	82.5205	
