1	0	0	0	1	0	0	0	1	0	0	0	
0.999999	-5.66215e-07	-0.00147701	-5.66215e-07	1	-0.000766703	0.00147701	0.000766703	0.999999	0.000751187	0.000389935	1.01717	
0.999996	-2.27631e-06	-0.00296148	-2.27629e-06	0.999999	-0.00153727	0.00296148	0.00153727	0.999994	0.00300854	0.0015617	2.03434	
0.99999	-5.14734e-06	-0.00445333	-5.14728e-06	0.999997	-0.00231165	0.00445333	0.00231165	0.999987	0.00677961	0.00351921	3.0515	
0.999982	-9.19624e-06	-0.00595249	-9.19608e-06	0.999995	-0.00308982	0.00595249	0.00308982	0.999978	0.0120719	0.00626632	4.06866	
0.999972	-1.44398e-05	-0.00745887	-1.44395e-05	0.999993	-0.00387173	0.00745887	0.00387173	0.999965	0.0188927	0.00980687	5.0858	
0.99996	-2.08945e-05	-0.0089724	-2.0894e-05	0.999989	-0.00465734	0.0089724	0.00465734	0.999949	0.0272494	0.0141446	6.10293	
0.999945	-2.8577e-05	-0.010493	-2.85761e-05	0.999985	-0.0054466	0.010493	0.0054466	0.99993	0.0371492	0.0192834	7.12004	
0.999928	-3.75035e-05	-0.0120206	-3.75022e-05	0.999981	-0.00623948	0.0120206	0.00623948	0.999908	0.0485993	0.0252267	8.13713	
0.999908	-4.76902e-05	-0.0135551	-4.76882e-05	0.999975	-0.00703594	0.0135551	0.00703594	0.999883	0.0616067	0.0319784	9.15419	
0.999886	-5.91529e-05	-0.0150964	-5.91502e-05	0.999969	-0.00783594	0.0150964	0.00783594	0.999855	0.0761785	0.0395421	10.1712	
0.999861	-7.19076e-05	-0.0166445	-7.1904e-05	0.999963	-0.00863943	0.0166445	0.00863943	0.999824	0.0923215	0.0479212	11.1882	
0.999834	-8.59698e-05	-0.0181993	-8.59651e-05	0.999955	-0.00944636	0.0181993	0.00944636	0.99979	0.110043	0.0571194	12.2052	
0.999805	-0.000101355	-0.0197606	-0.000101349	0.999947	-0.0102567	0.0197606	0.0102567	0.999752	0.129348	0.0671401	13.2222	
0.999773	-0.000118078	-0.0213285	-0.000118071	0.999939	-0.0110704	0.0213285	0.0110704	0.999711	0.150246	0.0779868	14.2391	
0.999738	-0.000136155	-0.0229027	-0.000136146	0.999929	-0.0118875	0.0229027	0.0118875	0.999667	0.172741	0.0896628	15.2559	
0.9997	-0.0001556	-0.0244834	-0.000155589	0.999919	-0.0127078	0.0244834	0.0127078	0.999619	0.196841	0.102172	16.2727	
0.99966	-0.000176428	-0.0260703	-0.000176414	0.999908	-0.0135314	0.0260703	0.0135314	0.999569	0.222552	0.115517	17.2895	
0.999617	-0.000198653	-0.0276633	-0.000198637	0.999897	-0.0143581	0.0276633	0.0143581	0.999514	0.24988	0.129701	18.3062	
0.999572	-0.00022229	-0.0292625	-0.000222271	0.999885	-0.015188	0.0292625	0.015188	0.999456	0.278832	0.144727	19.3228	
0.999523	-0.000247353	-0.0308677	-0.00024733	0.999872	-0.0160211	0.0308677	0.0160211	0.999395	0.309413	0.1606	20.3394	
0.999472	-0.000273855	-0.0324789	-0.000273829	0.999858	-0.0168572	0.0324789	0.0168572	0.99933	0.34163	0.177321	21.3559	
0.999419	-0.000301811	-0.0340958	-0.000301781	0.999843	-0.0176963	0.0340958	0.0176963	0.999262	0.375489	0.194895	22.3724	
0.999362	-0.000331234	-0.0357186	-0.000331199	0.999828	-0.0185384	0.0357186	0.0185384	0.99919	0.410996	0.213323	23.3888	
0.999302	-0.000362137	-0.037347	-0.000362097	0.999812	-0.0193834	0.037347	0.0193834	0.999114	0.448156	0.23261	24.4051	
0.99924	-0.000394533	-0.0389811	-0.000394488	0.999795	-0.0202314	0.0389811	0.0202314	0.999035	0.486975	0.252757	25.4213	
0.999175	-0.000428435	-0.0406206	-0.000428384	0.999778	-0.0210822	0.0406206	0.0210822	0.998952	0.52746	0.273769	26.4375	
0.999106	-0.000463855	-0.0422656	-0.000463799	0.999759	-0.0219358	0.0422656	0.0219358	0.998866	0.569614	0.295647	27.4535	
0.999035	-0.000500807	-0.0439159	-0.000500744	0.99974	-0.0227921	0.0439159	0.0227921	0.998775	0.613445	0.318395	28.4695	
0.998961	-0.000539302	-0.0455715	-0.000539231	0.99972	-0.0236512	0.0455715	0.0236512	0.998681	0.658957	0.342015	29.4854	
0.998884	-0.000579351	-0.0472323	-0.000579273	0.999699	-0.024513	0.0472323	0.0245129	0.998583	0.706156	0.366511	30.5012	
0.998804	-0.000620968	-0.0488982	-0.000620881	0.999678	-0.0253773	0.0488982	0.0253773	0.998481	0.755047	0.391885	31.5168	
0.99872	-0.000664162	-0.0505691	-0.000664066	0.999655	-0.0262443	0.0505691	0.0262443	0.998376	0.805634	0.418139	32.5324	
0.998634	-0.000708946	-0.0522448	-0.00070884	0.999632	-0.0271138	0.0522449	0.0271138	0.998266	0.857924	0.445276	33.5479	
0.998545	-0.00075533	-0.0539255	-0.000755214	0.999608	-0.0279858	0.0539255	0.0279858	0.998153	0.911921	0.473299	34.5632	
0.998452	-0.000803325	-0.0556109	-0.000803198	0.999583	-0.0288603	0.0556109	0.0288603	0.998035	0.967629	0.50221	35.5785	
0.998357	-0.000852942	-0.0573009	-0.000852803	0.999557	-0.0297372	0.0573009	0.0297372	0.997914	1.02505	0.532012	36.5936	
0.998258	-0.00090419	-0.0589955	-0.000904039	0.999531	-0.0306164	0.0589955	0.0306164	0.997789	1.0842	0.562707	37.6086	
0.998156	-0.00095708	-0.0606946	-0.000956915	0.999503	-0.0314979	0.0606946	0.0314979	0.997659	1.14507	0.594297	38.6234	
0.998051	-0.00101162	-0.0623981	-0.00101144	0.999475	-0.0323818	0.0623981	0.0323817	0.997526	1.20768	0.626785	39.6381	
0.997943	-0.00106782	-0.064106	-0.00106763	0.999446	-0.0332678	0.064106	0.0332678	0.997388	1.27202	0.660174	40.6527	
0.997831	-0.00112569	-0.065818	-0.00112549	0.999416	-0.034156	0.065818	0.034156	0.997247	1.33809	0.694465	41.6672	
0.997716	-0.00118525	-0.0675342	-0.00118502	0.999385	-0.0350464	0.0675342	0.0350464	0.997101	1.40591	0.72966	42.6815	
0.997598	-0.00124648	-0.0692544	-0.00124624	0.999353	-0.0359388	0.0692544	0.0359388	0.996951	1.47548	0.765762	43.6956	
0.997477	-0.00130942	-0.0709787	-0.00130916	0.999321	-0.0368333	0.0709787	0.0368333	0.996798	1.5468	0.802773	44.7096	
0.997352	-0.00137406	-0.0727067	-0.00137378	0.999287	-0.0377298	0.0727067	0.0377298	0.996639	1.61988	0.840695	45.7234	
0.997225	-0.0014404	-0.0744386	-0.00144011	0.999253	-0.0386283	0.0744386	0.0386283	0.996477	1.69472	0.879529	46.7371	
0.997093	-0.00150847	-0.0761742	-0.00150815	0.999217	-0.0395287	0.0761742	0.0395286	0.996311	1.77132	0.919279	47.7506	
0.996959	-0.00157827	-0.0779134	-0.00157793	0.999181	-0.0404309	0.0779134	0.0404309	0.99614	1.84968	0.959945	48.764	
0.996821	-0.0016498	-0.0796561	-0.00164943	0.999144	-0.0413349	0.0796561	0.0413349	0.995965	1.92982	1.00153	49.7771	
0.99668	-0.00172307	-0.0814023	-0.00172268	0.999106	-0.0422407	0.0814023	0.0422407	0.995786	2.01173	1.04404	50.7901	
0.996535	-0.00179809	-0.0831518	-0.00179767	0.999067	-0.0431483	0.0831518	0.0431482	0.995602	2.09542	1.08746	51.8029	
0.996387	-0.00187486	-0.0849045	-0.00187442	0.999027	-0.0440575	0.0849045	0.0440574	0.995415	2.18089	1.13181	52.8155	
0.996236	-0.00195339	-0.0866604	-0.00195292	0.998987	-0.0449683	0.0866604	0.0449683	0.995222	2.26815	1.17709	53.8279	
0.996081	-0.00203368	-0.0884194	-0.00203318	0.998945	-0.0458807	0.0884195	0.0458807	0.995026	2.35719	1.2233	54.8401	
0.995923	-0.00211574	-0.0901814	-0.00211522	0.998902	-0.0467947	0.0901815	0.0467947	0.994825	2.44803	1.27043	55.8521	
0.995762	-0.00219958	-0.0919464	-0.00219902	0.998859	-0.0477102	0.0919464	0.0477101	0.99462	2.54065	1.31849	56.8639	
0.995597	-0.0022852	-0.0937141	-0.00228461	0.998814	-0.0486271	0.0937141	0.048627	0.994411	2.63508	1.36749	57.8755	
0.995428	-0.0023726	-0.0954845	-0.00237198	0.998769	-0.0495454	0.0954845	0.0495453	0.994197	2.7313	1.41742	58.8869	
0.995256	-0.00246179	-0.0972576	-0.00246114	0.998723	-0.050465	0.0972576	0.050465	0.993979	2.82933	1.46828	59.8981	
0.995081	-0.00255277	-0.0990332	-0.00255208	0.998676	-0.051386	0.0990332	0.051386	0.993756	2.92916	1.52008	60.909	
0.994902	-0.00264555	-0.100811	-0.00264482	0.998627	-0.0523082	0.100811	0.0523082	0.99353	3.0308	1.57282	61.9197	
0.99472	-0.00274013	-0.102592	-0.00273936	0.998578	-0.0532317	0.102592	0.0532316	0.993298	3.13424	1.6265	62.9302	
0.994534	-0.00283651	-0.104374	-0.0028357	0.998528	-0.0541563	0.104374	0.0541563	0.993062	3.2395	1.68111	63.9404	
0.994345	-0.00293469	-0.106159	-0.00293384	0.998478	-0.055082	0.106159	0.055082	0.992822	3.34658	1.73667	64.9504	
0.994543	-0.00283085	-0.104292	-0.00296256	0.998462	-0.055353	0.104289	0.0553599	0.993005	3.45361	1.79284	65.9604	
0.994737	-0.00272664	-0.102427	-0.00299093	0.998447	-0.0556257	0.10242	0.0556392	0.993184	3.55874	1.84929	66.9705	
0.994927	-0.00262205	-0.100565	-0.00301897	0.998432	-0.0559	0.100554	0.05592	0.993359	3.66197	1.90603	67.9808	
0.995114	-0.0025171	-0.0987053	-0.00304665	0.998416	-0.056176	0.0986903	0.0562022	0.99353	3.7633	1.96305	68.9913	
0.995296	-0.00241178	-0.096848	-0.00307396	0.9984	-0.0564536	0.0968293	0.0564858	0.993697	3.86274	2.02036	70.002	
0.995475	-0.0023061	-0.0949935	-0.00310089	0.998385	-0.0567327	0.0949709	0.0567706	0.99386	3.96029	2.07796	71.0129	
0.99754	-0.000940647	-0.0700869	-0.00273054	0.998629	-0.0522663	0.07004	0.0523291	0.996171	4.04421	2.13345	72.025	
0.998981	0.000313211	-0.0451305	-0.0024722	0.998854	-0.047791	0.0450639	0.0478538	0.997837	4.10276	2.18441	73.0392	
0.999796	0.00145466	-0.0201405	-0.00232604	0.999059	-0.0433096	0.0200586	0.0433476	0.998859	4.13588	2.23079	74.0547	
0.999985	0.00248296	0.00486698	-0.00229215	0.999243	-0.038825	-0.0049597	0.0388133	0.999234	4.14356	2.27258	75.071	
0.999548	0.00339745	0.0298758	-0.00237056	0.999407	-0.0343403	-0.0299748	0.0342539	0.998964	4.12579	2.30975	76.0873	
0.998485	0.00419753	0.0548697	-0.00256121	0.999551	-0.0298582	-0.0549704	0.0296724	0.998047	4.08259	2.34226	77.103	
0.996796	0.00488269	0.0798327	-0.00286398	0.999674	-0.0253816	-0.0799306	0.0250717	0.996485	4.01397	2.3701	78.1175	
0.994484	0.00545248	0.104748	-0.00327868	0.999776	-0.0209136	-0.104839	0.0204548	0.994279	3.92	2.39326	79.13	
0.991549	0.00590654	0.129601	-0.00380504	0.999857	-0.0164568	-0.12968	0.0158246	0.99143	3.80072	2.41171	80.1399	
0.987993	0.00624458	0.154374	-0.00444271	0.999918	-0.0120143	-0.154436	0.0111842	0.987939	3.65621	2.42545	81.1467	
0.983818	0.00646637	0.179052	-0.00519128	0.999958	-0.00758893	-0.179093	0.00653662	0.98381	3.48658	2.43446	82.1495	
0.979028	0.00657176	0.203618	-0.00605028	0.999977	-0.00318349	-0.203635	0.00188478	0.979045	3.29192	2.43874	83.1479	
0.973626	0.00656071	0.228058	-0.00701914	0.999975	0.00119914	-0.228044	-0.00276828	0.973647	3.07236	2.43829	84.141	
0.967614	0.0064332	0.252354	-0.00809724	0.999952	0.00555612	-0.252306	-0.00741955	0.967619	2.82805	2.43311	85.1284	
0.960996	0.00618932	0.276491	-0.00928388	0.999908	0.00988464	-0.276405	-0.012066	0.960966	2.55914	2.4232	86.1093	
0.953778	0.00582924	0.300455	-0.0105783	0.999843	0.0141819	-0.300325	-0.0167047	0.953691	2.2658	2.40857	87.0831	
0.945964	0.00535318	0.324228	-0.0119796	0.999758	0.0184451	-0.324051	-0.0213326	0.945799	1.94824	2.38922	88.0492	
0.937558	0.00476145	0.347796	-0.013487	0.999652	0.0226716	-0.347567	-0.0259466	0.937296	1.60664	2.36518	89.007	
0.928566	0.00405443	0.371144	-0.0150995	0.999525	0.0268584	-0.370859	-0.0305439	0.928187	1.24124	2.33644	89.9558	
0.918995	0.00323258	0.394256	-0.0168159	0.999378	0.0310031	-0.393911	-0.0351215	0.918477	0.85227	2.30305	90.895	
0.908849	0.00229644	0.417118	-0.0186353	0.99921	0.0351028	-0.416708	-0.0396763	0.908174	0.439979	2.265	91.8241	
0.898137	0.0012466	0.439715	-0.0205564	0.999022	0.039155	-0.439236	-0.0442055	0.897284	0.00463448	2.22234	92.7424	
0.886864	8.37452e-05	0.462031	-0.0225779	0.998813	0.043157	-0.461479	-0.0487061	0.885813	-0.453481	2.17508	93.6493	
0.875037	-0.00119137	0.484054	-0.0246987	0.998584	0.0471062	-0.483425	-0.0531752	0.873769	-0.934072	2.12327	94.5442	
0.862666	-0.00257792	0.505768	-0.0269172	0.998336	0.0510001	-0.505057	-0.0576099	0.861161	-1.43683	2.06692	95.4266	
0.849757	-0.00407501	0.527159	-0.0292321	0.998067	0.0548361	-0.526363	-0.0620074	0.847996	-1.96142	2.00608	96.2959	
0.836319	-0.00568168	0.548214	-0.0316419	0.997779	0.0586119	-0.547329	-0.0663648	0.834282	-2.50752	1.94079	97.1516	
0.822361	-0.00739688	0.568919	-0.0341451	0.997472	0.0623248	-0.567941	-0.0706792	0.820029	-3.07476	1.87109	97.993	
0.807891	-0.0092195	0.58926	-0.0367399	0.997145	0.0659726	-0.588186	-0.074948	0.805246	-3.66278	1.79702	98.8196	
