1	0	0	0	1	0	0	0	1	0	0	0	
1	-1.08112e-06	0.000751823	-1.08112e-06	0.999996	0.002876	-0.000751823	-0.002876	0.999996	-0.000331866	-0.00126951	0.882827	
0.999999	-4.32808e-06	0.00150416	-4.32931e-06	0.999983	0.00575559	-0.00150416	-0.00575559	0.999982	-0.00132769	-0.00507962	1.76565	
0.999997	-9.74636e-06	0.00225697	-9.7513e-06	0.999963	0.00863868	-0.00225697	-0.00863868	0.99996	-0.00298791	-0.0114335	2.64845	
0.999995	-1.73412e-05	0.00301025	-1.73536e-05	0.999934	0.0115252	-0.00301025	-0.0115252	0.999929	-0.00531293	-0.0203341	3.53123	
0.999993	-2.71176e-05	0.00376395	-2.71424e-05	0.999896	0.0144149	-0.00376395	-0.0144149	0.999889	-0.00830316	-0.0317844	4.41398	
0.99999	-3.90804e-05	0.00451805	-3.91238e-05	0.99985	0.0173079	-0.00451805	-0.0173079	0.99984	-0.011959	-0.0457873	5.29669	
0.999986	-5.3234e-05	0.00527253	-5.33035e-05	0.999796	0.020204	-0.00527253	-0.020204	0.999782	-0.0162807	-0.0623456	6.17935	
0.999982	-6.95828e-05	0.00602736	-6.96872e-05	0.999733	0.023103	-0.00602735	-0.023103	0.999715	-0.0212686	-0.0814619	7.06196	
0.999977	-8.81307e-05	0.0067825	-8.828e-05	0.999662	0.026005	-0.0067825	-0.026005	0.999639	-0.026923	-0.103139	7.9445	
0.999972	-0.000108882	0.00753795	-0.000109087	0.999582	0.0289097	-0.00753794	-0.0289097	0.999554	-0.0332443	-0.127379	8.82697	
0.999966	-0.000131839	0.00829366	-0.000132113	0.999494	0.0318172	-0.00829365	-0.0318172	0.999459	-0.0402326	-0.154185	9.70937	
0.999959	-0.000157006	0.00904961	-0.000157363	0.999397	0.0347272	-0.0090496	-0.0347272	0.999356	-0.0478882	-0.183558	10.5917	
0.999952	-0.000184386	0.00980577	-0.00018484	0.999291	0.0376397	-0.00980577	-0.0376397	0.999243	-0.0562112	-0.215502	11.4739	
0.999944	-0.000213981	0.0105621	-0.00021455	0.999177	0.0405546	-0.0105621	-0.0405546	0.999121	-0.0652019	-0.250018	12.356	
0.999936	-0.000245795	0.0113186	-0.000246496	0.999055	0.0434718	-0.0113186	-0.0434718	0.998991	-0.0748603	-0.287109	13.238	
0.999927	-0.000279829	0.0120753	-0.000280681	0.998923	0.0463913	-0.0120753	-0.0463913	0.99885	-0.0851867	-0.326776	14.1199	
0.999918	-0.000316086	0.012832	-0.000317109	0.998783	0.0493128	-0.012832	-0.0493128	0.998701	-0.0961812	-0.369021	15.0016	
0.999908	-0.000354567	0.0135889	-0.000355782	0.998635	0.0522362	-0.0135888	-0.0522363	0.998542	-0.107844	-0.413846	15.8832	
0.999897	-0.000395274	0.0143458	-0.000396705	0.998477	0.0551616	-0.0143457	-0.0551616	0.998374	-0.120174	-0.461253	16.7647	
0.999886	-0.000438208	0.0151027	-0.00043988	0.998311	0.0580888	-0.0151026	-0.0580888	0.998197	-0.133173	-0.511243	17.646	
0.999874	-0.000483371	0.0158596	-0.000485308	0.998137	0.0610177	-0.0158596	-0.0610177	0.998011	-0.146841	-0.563819	18.5272	
0.999862	-0.000530763	0.0166165	-0.000532992	0.997953	0.0639481	-0.0166164	-0.0639481	0.997815	-0.161176	-0.61898	19.4081	
0.999849	-0.000580384	0.0173734	-0.000582934	0.997761	0.0668801	-0.0173733	-0.0668801	0.99761	-0.176179	-0.67673	20.289	
0.999835	-0.000632237	0.0181301	-0.000635136	0.99756	0.0698134	-0.01813	-0.0698134	0.997395	-0.191851	-0.737068	21.1696	
0.999821	-0.000686319	0.0188868	-0.000689599	0.99735	0.072748	-0.0188867	-0.0727481	0.997172	-0.208191	-0.799997	22.05	
0.999807	-0.000742632	0.0196433	-0.000746325	0.997132	0.0756839	-0.0196432	-0.0756839	0.996938	-0.225198	-0.865517	22.9302	
0.999792	-0.000801174	0.0203997	-0.000805313	0.996904	0.0786208	-0.0203995	-0.0786208	0.996696	-0.242874	-0.93363	23.8103	
0.999776	-0.000861946	0.0211559	-0.000866566	0.996668	0.0815587	-0.0211557	-0.0815587	0.996444	-0.261217	-1.00434	24.6901	
0.999759	-0.000924947	0.0219119	-0.000930083	0.996423	0.0844975	-0.0219117	-0.0844975	0.996183	-0.280228	-1.07763	25.5696	
0.999743	-0.000990174	0.0226676	-0.000995865	0.99617	0.087437	-0.0226674	-0.0874371	0.995912	-0.299905	-1.15353	26.449	
0.999725	-0.00105763	0.0234231	-0.00106391	0.995907	0.0903773	-0.0234228	-0.0903774	0.995632	-0.32025	-1.23202	27.3281	
0.999707	-0.00112731	0.0241783	-0.00113422	0.995636	0.0933181	-0.024178	-0.0933182	0.995343	-0.341262	-1.3131	28.2069	
0.999688	-0.00119921	0.0249332	-0.0012068	0.995356	0.0962595	-0.0249328	-0.0962596	0.995044	-0.36294	-1.39679	29.0855	
0.999669	-0.00127333	0.0256878	-0.00128163	0.995067	0.0992012	-0.0256874	-0.0992013	0.994736	-0.385285	-1.48307	29.9638	
0.999649	-0.00134967	0.026442	-0.00135873	0.994769	0.102143	-0.0264415	-0.102143	0.994418	-0.408295	-1.57194	30.8419	
0.999629	-0.00142823	0.0271958	-0.0014381	0.994462	0.105085	-0.0271952	-0.105086	0.994091	-0.431971	-1.66342	31.7196	
0.999608	-0.001509	0.0279492	-0.00151972	0.994147	0.108028	-0.0279486	-0.108028	0.993755	-0.456312	-1.75749	32.5971	
0.999587	-0.00159198	0.0287021	-0.00160359	0.993822	0.11097	-0.0287015	-0.11097	0.993409	-0.481319	-1.85416	33.4742	
0.999565	-0.00167716	0.0294546	-0.00168973	0.993489	0.113912	-0.0294539	-0.113912	0.993054	-0.506989	-1.95342	34.3511	
0.999542	-0.00176455	0.0302066	-0.00177812	0.993147	0.116854	-0.0302058	-0.116854	0.99269	-0.533324	-2.05529	35.2276	
0.999519	-0.00185414	0.0309581	-0.00186876	0.992797	0.119796	-0.0309572	-0.119796	0.992316	-0.560322	-2.15975	36.1038	
0.999495	-0.00194593	0.031709	-0.00196164	0.992437	0.122737	-0.031708	-0.122737	0.991933	-0.587983	-2.26681	36.9797	
0.999471	-0.00203991	0.0324593	-0.00205678	0.992069	0.125678	-0.0324583	-0.125678	0.99154	-0.616307	-2.37646	37.8553	
0.999446	-0.00213607	0.0332091	-0.00215415	0.991692	0.128618	-0.033208	-0.128618	0.991138	-0.645293	-2.48871	38.7304	
0.999421	-0.00223442	0.0339583	-0.00225377	0.991306	0.131557	-0.033957	-0.131558	0.990727	-0.674941	-2.60356	39.6053	
0.999395	-0.00233494	0.0347068	-0.00235562	0.990911	0.134496	-0.0347054	-0.134496	0.990306	-0.705249	-2.721	40.4797	
0.999368	-0.00243764	0.0354546	-0.00245971	0.990508	0.137434	-0.0354531	-0.137434	0.989876	-0.736218	-2.84103	41.3538	
0.999341	-0.00254251	0.0362018	-0.00256602	0.990096	0.14037	-0.0362001	-0.140371	0.989437	-0.767847	-2.96366	42.2275	
0.999314	-0.00264954	0.0369482	-0.00267455	0.989675	0.143306	-0.0369464	-0.143306	0.988989	-0.800135	-3.08888	43.1008	
0.999286	-0.00275872	0.0376939	-0.00278531	0.989245	0.14624	-0.037692	-0.146241	0.988531	-0.833082	-3.21669	43.9737	
0.999257	-0.00287006	0.0384389	-0.00289827	0.988807	0.149173	-0.0384367	-0.149174	0.988064	-0.866686	-3.34709	44.8462	
0.999228	-0.00298354	0.039183	-0.00301345	0.98836	0.152105	-0.0391807	-0.152106	0.987587	-0.900947	-3.48008	45.7183	
0.999198	-0.00309915	0.0399263	-0.00313083	0.987904	0.155035	-0.0399239	-0.155036	0.987102	-0.935865	-3.61565	46.5899	
0.999168	-0.0032169	0.0406688	-0.00325041	0.98744	0.157964	-0.0406662	-0.157964	0.986607	-0.971439	-3.75381	47.4612	
0.999137	-0.00333677	0.0414104	-0.00337219	0.986966	0.160891	-0.0414076	-0.160891	0.986103	-1.00767	-3.89456	48.3319	
0.999105	-0.00345876	0.0421512	-0.00349614	0.986485	0.163816	-0.0421481	-0.163817	0.98559	-1.04455	-4.03789	49.2023	
0.999073	-0.00358286	0.042891	-0.00362228	0.985994	0.166739	-0.0428877	-0.16674	0.985068	-1.08209	-4.18381	50.0722	
0.999041	-0.00370905	0.0436299	-0.0037506	0.985495	0.16966	-0.0436263	-0.169661	0.984536	-1.12027	-4.3323	50.9416	
0.999008	-0.00383735	0.0443678	-0.00388108	0.984988	0.172579	-0.044364	-0.17258	0.983996	-1.15911	-4.48337	51.8105	
0.999077	-0.00356506	0.0428184	-0.00391156	0.984867	0.173268	-0.0427882	-0.173275	0.983944	-1.19759	-4.63603	52.6792	
0.999143	-0.00329121	0.0412666	-0.003941	0.984745	0.173957	-0.0412096	-0.173971	0.983888	-1.23466	-4.78931	53.5478	
0.999207	-0.00301584	0.0397124	-0.00396939	0.984623	0.174648	-0.0396284	-0.174668	0.98383	-1.27035	-4.94321	54.4164	
0.999268	-0.00273894	0.0381559	-0.00399673	0.9845	0.175341	-0.0380447	-0.175365	0.983768	-1.30463	-5.09772	55.2849	
0.999327	-0.00246055	0.0365973	-0.004023	0.984376	0.176035	-0.0364587	-0.176063	0.983703	-1.33752	-5.25284	56.1534	
0.999384	-0.00218068	0.0350368	-0.00404819	0.984251	0.176729	-0.0348704	-0.176762	0.983636	-1.369	-5.40858	57.0218	
0.999438	-0.00189935	0.0334744	-0.00407229	0.984126	0.177425	-0.03328	-0.177462	0.983565	-1.39909	-5.56494	57.8901	
0.999489	-0.00161658	0.0319103	-0.0040953	0.984	0.178122	-0.0316877	-0.178161	0.983491	-1.42776	-5.72192	58.7584	
0.999539	-0.00133239	0.0303447	-0.0041172	0.983873	0.178819	-0.0300936	-0.178861	0.983414	-1.45504	-5.87952	59.6267	
0.999585	-0.00104679	0.0287775	-0.00413799	0.983746	0.179517	-0.0284977	-0.179562	0.983334	-1.4809	-6.03773	60.4948	
0.999629	-0.000759818	0.0272091	-0.00415766	0.983618	0.180215	-0.0269003	-0.180262	0.983251	-1.50535	-6.19656	61.3629	
0.999671	-0.000471481	0.0256394	-0.00417621	0.98349	0.180914	-0.0253014	-0.180962	0.983165	-1.5284	-6.35601	62.2309	
0.99971	-0.000181805	0.0240687	-0.00419364	0.983361	0.181613	-0.0237013	-0.181662	0.983075	-1.55003	-6.51608	63.0988	
0.999747	0.000109187	0.0224971	-0.00420992	0.983232	0.182312	-0.0221	-0.182361	0.982983	-1.57024	-6.67676	63.9667	
0.999781	0.000401475	0.0209247	-0.00422507	0.983102	0.183011	-0.0204976	-0.18306	0.982888	-1.58905	-6.83806	64.8344	
0.999812	0.000695034	0.0193516	-0.00423908	0.982971	0.18371	-0.0188944	-0.183758	0.98279	-1.60643	-6.99998	65.7021	
0.999841	0.000989843	0.0177779	-0.00425194	0.98284	0.184409	-0.0172903	-0.184456	0.982689	-1.62241	-7.16252	66.5697	
0.999868	0.00128588	0.0162039	-0.00426366	0.982709	0.185108	-0.0156857	-0.185152	0.982585	-1.63696	-7.32567	67.4372	
0.999892	0.00158311	0.0146295	-0.00427424	0.982577	0.185806	-0.0140805	-0.185848	0.982478	-1.6501	-7.48943	68.3046	
0.999913	0.00188152	0.013055	-0.00428366	0.982445	0.186503	-0.0124749	-0.186543	0.982368	-1.66182	-7.65381	69.1719	
0.999932	0.00218108	0.0114805	-0.00429194	0.982313	0.187199	-0.0108691	-0.187236	0.982255	-1.67213	-7.8188	70.0391	
0.999948	0.00248177	0.00990603	-0.00429907	0.98218	0.187895	-0.00926319	-0.187928	0.982139	-1.68101	-7.9844	70.9062	
0.999969	0.00535942	-0.00578318	-0.00427893	0.984931	0.172892	0.00662264	-0.172862	0.984924	-1.68218	-8.14367	71.7746	
0.999737	0.00799606	-0.021513	-0.00450109	0.987453	0.15785	0.0225052	-0.157712	0.987229	-1.66932	-8.28959	72.6451	
0.999251	0.0103904	-0.0372757	-0.00496544	0.989742	0.142777	0.0383769	-0.142485	0.989053	-1.64245	-8.42211	73.5175	
0.998512	0.0125413	-0.0530637	-0.00567177	0.991799	0.127679	0.0542298	-0.127189	0.990395	-1.60157	-8.54115	74.3913	
0.997521	0.0144477	-0.0688693	-0.00661971	0.993622	0.112565	0.0700563	-0.11183	0.991255	-1.5467	-8.64666	75.2661	
0.996278	0.0161087	-0.0846847	-0.00780882	0.995211	0.0974414	0.0858488	-0.0964174	0.991632	-1.47788	-8.73859	76.1414	
0.994783	0.0175234	-0.100502	-0.00923851	0.996563	0.0823156	0.101599	-0.0809576	0.991526	-1.39514	-8.81689	77.0168	
0.993037	0.0186912	-0.116314	-0.0109081	0.99768	0.0671951	0.1173	-0.0654584	0.990937	-1.29851	-8.88152	77.8919	
0.991041	0.0196116	-0.132113	-0.0128167	0.99856	0.0520873	0.132944	-0.0499274	0.989865	-1.18804	-8.93246	78.7663	
0.988796	0.0202839	-0.147891	-0.0149635	0.999203	0.0369995	0.148524	-0.034372	0.988311	-1.06379	-8.96967	79.6396	
0.986303	0.020708	-0.16364	-0.0173474	0.999609	0.0219391	0.16403	-0.0187998	0.986276	-0.925821	-8.99314	80.5112	
0.983563	0.0208836	-0.179353	-0.0199672	0.999777	0.00691336	0.179457	-0.00321854	0.98376	-0.774194	-9.00286	81.3808	
0.980578	0.0208107	-0.195022	-0.0228217	0.999707	-0.00807032	0.194797	0.0123643	0.980766	-0.608986	-8.99882	82.248	
0.977349	0.0204892	-0.210639	-0.0259095	0.9994	-0.0230047	0.210042	0.0279412	0.977293	-0.430278	-8.98103	83.1124	
0.973878	0.0199194	-0.226198	-0.029229	0.998855	-0.0378824	0.225184	0.0435044	0.973345	-0.238155	-8.94949	83.9735	
0.970166	0.0191014	-0.241689	-0.0327787	0.998072	-0.0526963	0.240217	0.0590464	0.968922	-0.0327123	-8.90422	84.8309	
0.966215	0.0180358	-0.257106	-0.0365568	0.997053	-0.0674392	0.255132	0.0745597	0.964027	0.185951	-8.84525	85.6841	
0.962027	0.016723	-0.272442	-0.0405614	0.995798	-0.0821038	0.269924	0.0900367	0.958663	0.417727	-8.77259	86.5329	
