1	0	0	0	1	0	0	0	1	0	0	0	
1	-1.15544e-08	-0.000489217	-1.15544e-08	1	-4.72361e-05	0.000489217	4.72361e-05	1	0.000228919	2.21032e-05	0.935859	
1	-4.62304e-08	-0.000978203	-4.63001e-08	1	-9.45924e-05	0.000978203	9.45924e-05	1	0.000915568	8.84689e-05	1.87172	
0.999999	-1.04062e-07	-0.00146694	-1.04341e-07	1	-0.000142067	0.00146694	0.000142067	0.999999	0.00205972	0.000199209	2.80757	
0.999998	-1.85079e-07	-0.0019554	-1.85775e-07	1	-0.000189656	0.0019554	0.000189656	0.999998	0.00366113	0.000354431	3.74343	
0.999997	-2.89306e-07	-0.00244356	-2.90698e-07	1	-0.00023736	0.00244356	0.00023736	0.999997	0.00571953	0.000554245	4.67929	
0.999996	-4.16766e-07	-0.00293141	-4.192e-07	1	-0.000285175	0.00293141	0.000285175	0.999996	0.00823464	0.000798754	5.61514	
0.999994	-5.67475e-07	-0.00341893	-5.71367e-07	1	-0.000333098	0.00341893	0.000333098	0.999994	0.0112062	0.00108806	6.551	
0.999992	-7.41446e-07	-0.00390608	-7.4728e-07	1	-0.000381129	0.00390608	0.000381129	0.999992	0.0146337	0.00142227	7.48685	
0.99999	-9.38689e-07	-0.00439286	-9.47017e-07	1	-0.000429264	0.00439286	0.000429264	0.99999	0.0185171	0.00180148	8.4227	
0.999988	-1.15921e-06	-0.00487924	-1.17065e-06	1	-0.000477501	0.00487924	0.000477501	0.999988	0.0228557	0.00222578	9.35855	
0.999986	-1.403e-06	-0.0053652	-1.41825e-06	1	-0.000525839	0.0053652	0.000525839	0.999985	0.0276494	0.00269527	10.2944	
0.999983	-1.67007e-06	-0.00585071	-1.68987e-06	1	-0.000574274	0.00585071	0.000574274	0.999983	0.0328977	0.00321005	11.2302	
0.99998	-1.9604e-06	-0.00633577	-1.98558e-06	1	-0.000622804	0.00633577	0.000622804	0.99998	0.0386001	0.00377019	12.1661	
0.999977	-2.27398e-06	-0.00682034	-2.30544e-06	1	-0.000671427	0.00682034	0.000671427	0.999977	0.0447562	0.0043758	13.1019	
0.999973	-2.61079e-06	-0.00730441	-2.64948e-06	1	-0.00072014	0.00730441	0.000720141	0.999973	0.0513656	0.00502696	14.0378	
0.99997	-2.97082e-06	-0.00778795	-3.01776e-06	1	-0.000768942	0.00778795	0.000768942	0.999969	0.0584277	0.00572374	14.9736	
0.999966	-3.35403e-06	-0.00827095	-3.41031e-06	1	-0.00081783	0.00827095	0.00081783	0.999965	0.0659422	0.00646624	15.9094	
0.999962	-3.76041e-06	-0.00875338	-3.82717e-06	1	-0.000866801	0.00875338	0.000866801	0.999961	0.0739083	0.00725453	16.8452	
0.999957	-4.18991e-06	-0.00923522	-4.26838e-06	1	-0.000915852	0.00923522	0.000915853	0.999957	0.0823257	0.00808868	17.7811	
0.999953	-4.64249e-06	-0.00971646	-4.73395e-06	1	-0.000964983	0.00971646	0.000964983	0.999952	0.0911938	0.00896878	18.7169	
0.999948	-5.11812e-06	-0.0101971	-5.22391e-06	0.999999	-0.00101419	0.0101971	0.00101419	0.999947	0.100512	0.00989489	19.6527	
0.999943	-5.61674e-06	-0.010677	-5.73827e-06	0.999999	-0.00106347	0.010677	0.00106347	0.999942	0.11028	0.0108671	20.5885	
0.999938	-6.13831e-06	-0.0111563	-6.27705e-06	0.999999	-0.00111282	0.0111563	0.00111282	0.999937	0.120496	0.0118854	21.5243	
0.999932	-6.68276e-06	-0.0116349	-6.84025e-06	0.999999	-0.00116224	0.0116349	0.00116224	0.999932	0.131161	0.01295	22.4601	
0.999927	-7.25005e-06	-0.0121128	-7.42787e-06	0.999999	-0.00121172	0.0121128	0.00121172	0.999926	0.142273	0.0140609	23.3959	
0.999921	-7.8401e-06	-0.01259	-8.03991e-06	0.999999	-0.00126127	0.01259	0.00126127	0.99992	0.153832	0.015218	24.3317	
0.999915	-8.45284e-06	-0.0130664	-8.67636e-06	0.999999	-0.00131088	0.0130664	0.00131088	0.999914	0.165837	0.0164216	25.2675	
0.999908	-9.08821e-06	-0.013542	-9.33721e-06	0.999999	-0.00136055	0.013542	0.00136055	0.999907	0.178288	0.0176717	26.2032	
0.999902	-9.74612e-06	-0.0140168	-1.00224e-05	0.999999	-0.00141027	0.0140168	0.00141028	0.999901	0.191184	0.0189682	27.139	
0.999895	-1.04265e-05	-0.0144909	-1.0732e-05	0.999999	-0.00146005	0.0144909	0.00146005	0.999894	0.204523	0.0203113	28.0748	
0.999888	-1.11293e-05	-0.0149641	-1.14659e-05	0.999999	-0.00150988	0.0149641	0.00150988	0.999887	0.218306	0.0217011	29.0105	
0.999881	-1.18543e-05	-0.0154364	-1.22241e-05	0.999999	-0.00155975	0.0154364	0.00155976	0.99988	0.232531	0.0231374	29.9463	
0.999873	-1.26015e-05	-0.0159079	-1.30066e-05	0.999999	-0.00160967	0.0159079	0.00160968	0.999872	0.247198	0.0246205	30.882	
0.999866	-1.33708e-05	-0.0163784	-1.38133e-05	0.999999	-0.00165964	0.0163784	0.00165964	0.999864	0.262306	0.0261503	31.8177	
0.999858	-1.41622e-05	-0.0168481	-1.46441e-05	0.999999	-0.00170964	0.0168481	0.00170964	0.999857	0.277854	0.0277269	32.7535	
0.99985	-1.49753e-05	-0.0173168	-1.5499e-05	0.999998	-0.00175968	0.0173168	0.00175968	0.999849	0.29384	0.0293503	33.6892	
0.999842	-1.58103e-05	-0.0177846	-1.6378e-05	0.999998	-0.00180975	0.0177846	0.00180976	0.99984	0.310265	0.0310205	34.6249	
0.999833	-1.66669e-05	-0.0182514	-1.7281e-05	0.999998	-0.00185986	0.0182514	0.00185987	0.999832	0.327128	0.0327377	35.5606	
0.999825	-1.75451e-05	-0.0187172	-1.82079e-05	0.999998	-0.00191	0.0187172	0.00191	0.999823	0.344426	0.0345017	36.4963	
0.999816	-1.84446e-05	-0.0191819	-1.91586e-05	0.999998	-0.00196016	0.0191819	0.00196017	0.999814	0.36216	0.0363127	37.432	
0.999807	-1.93655e-05	-0.0196457	-2.01331e-05	0.999998	-0.00201035	0.0196457	0.00201035	0.999805	0.380329	0.0381706	38.3677	
0.999798	-2.03074e-05	-0.0201084	-2.11313e-05	0.999998	-0.00206055	0.0201084	0.00206056	0.999796	0.398931	0.0400755	39.3033	
0.999788	-2.12704e-05	-0.02057	-2.2153e-05	0.999998	-0.00211078	0.02057	0.00211079	0.999786	0.417966	0.0420274	40.239	
0.999779	-2.22543e-05	-0.0210305	-2.31983e-05	0.999998	-0.00216102	0.0210305	0.00216103	0.999776	0.437432	0.0440263	41.1747	
0.999769	-2.32589e-05	-0.0214899	-2.42669e-05	0.999998	-0.00221127	0.0214899	0.00221128	0.999767	0.457328	0.0460722	42.1103	
0.999759	-2.4284e-05	-0.0219482	-2.53588e-05	0.999997	-0.00226154	0.0219482	0.00226155	0.999757	0.477654	0.0481652	43.0459	
0.999749	-2.53295e-05	-0.0224053	-2.64739e-05	0.999997	-0.00231181	0.0224053	0.00231182	0.999746	0.498409	0.0503052	43.9816	
0.999739	-2.63954e-05	-0.0228613	-2.76121e-05	0.999997	-0.00236208	0.0228613	0.00236209	0.999736	0.51959	0.0524923	44.9172	
0.999728	-2.74813e-05	-0.023316	-2.87732e-05	0.999997	-0.00241236	0.023316	0.00241237	0.999725	0.541198	0.0547264	45.8528	
0.999717	-2.85871e-05	-0.0237696	-2.99572e-05	0.999997	-0.00246263	0.0237696	0.00246265	0.999714	0.563231	0.0570075	46.7884	
0.999707	-2.97127e-05	-0.0242219	-3.11638e-05	0.999997	-0.0025129	0.0242219	0.00251292	0.999703	0.585687	0.0593358	47.724	
0.999696	-3.08578e-05	-0.024673	-3.23929e-05	0.999997	-0.00256316	0.024673	0.00256318	0.999692	0.608567	0.061711	48.6595	
0.999684	-3.20224e-05	-0.0251228	-3.36445e-05	0.999997	-0.00261342	0.0251228	0.00261344	0.999681	0.631868	0.0641333	49.5951	
0.999673	-3.32062e-05	-0.0255713	-3.49183e-05	0.999996	-0.00266366	0.0255713	0.00266368	0.999669	0.655589	0.0666026	50.5307	
0.999661	-3.4409e-05	-0.0260185	-3.62143e-05	0.999996	-0.00271388	0.0260184	0.0027139	0.999658	0.679729	0.0691189	51.4662	
0.99965	-3.56307e-05	-0.0264643	-3.75322e-05	0.999996	-0.00276408	0.0264643	0.00276411	0.999646	0.704287	0.0716823	52.4017	
0.999638	-3.6871e-05	-0.0269088	-3.88719e-05	0.999996	-0.00281427	0.0269088	0.00281429	0.999634	0.729262	0.0742926	53.3373	
0.999626	-3.81297e-05	-0.027352	-4.02332e-05	0.999996	-0.00286443	0.027352	0.00286445	0.999622	0.754652	0.0769498	54.2728	
0.999614	-3.94067e-05	-0.0277938	-4.1616e-05	0.999996	-0.00291456	0.0277938	0.00291459	0.999609	0.780457	0.079654	55.2083	
0.999601	-4.07018e-05	-0.0282341	-4.30201e-05	0.999996	-0.00296466	0.0282341	0.00296469	0.999597	0.806674	0.0824051	56.1438	
0.999589	-4.20146e-05	-0.0286731	-4.44452e-05	0.999995	-0.00301472	0.0286731	0.00301476	0.999584	0.833302	0.085203	57.0792	
0.999662	-3.19375e-05	-0.0260143	-8.67647e-05	0.99999	-0.00456182	0.0260142	0.00456254	0.999651	0.858892	0.0887487	58.0147	
0.999727	-1.77377e-05	-0.0233543	-0.000124975	0.999981	-0.00610929	0.0233539	0.00611055	0.999709	0.881993	0.0937429	58.9503	
0.999786	5.88256e-07	-0.0206931	-0.000159072	0.999971	-0.00765711	0.0206925	0.00765876	0.999757	0.902604	0.100186	59.8859	
0.999837	2.3043e-05	-0.018031	-0.000189052	0.999958	-0.00920524	0.01803	0.00920716	0.999795	0.920723	0.108078	60.8216	
0.999882	4.96287e-05	-0.015368	-0.000214913	0.999942	-0.0107537	0.0153666	0.0107557	0.999824	0.93635	0.117419	61.7572	
0.999919	8.03471e-05	-0.0127042	-0.000236652	0.999924	-0.0123024	0.0127023	0.0123044	0.999844	0.949484	0.12821	62.6929	
0.99995	0.000115199	-0.0100398	-0.000254266	0.999904	-0.0138513	0.0100373	0.0138532	0.999854	0.960125	0.14045	63.6287	
0.999973	0.000154186	-0.0073749	-0.000267752	0.999881	-0.0154005	0.00737165	0.015402	0.999854	0.968271	0.154139	64.5644	
0.999989	0.000197308	-0.00470959	-0.00027711	0.999856	-0.0169498	0.00470557	0.0169509	0.999845	0.973922	0.169278	65.5001	
0.999998	0.000244564	-0.002044	-0.000282336	0.999829	-0.0184993	0.00203913	0.0184999	0.999827	0.977078	0.185866	66.4358	
1	0.000295955	0.000621742	-0.00028343	0.999799	-0.020049	-0.000627551	0.0200488	0.999799	0.977739	0.203904	67.3715	
0.999995	0.000351477	0.00328752	-0.00028039	0.999767	-0.0215987	-0.00329435	0.0215977	0.999761	0.975904	0.223392	68.3071	
0.999982	0.00041113	0.00595322	-0.000273216	0.999732	-0.0231486	-0.00596114	0.0231466	0.999714	0.971573	0.244329	69.2428	
0.999963	0.000474911	0.00861871	-0.000261906	0.999695	-0.0246985	-0.00862781	0.0246954	0.999658	0.964746	0.266716	70.1783	
0.999936	0.000542818	0.0112839	-0.000246461	0.999655	-0.0262485	-0.0112942	0.026244	0.999592	0.955424	0.290552	71.1138	
0.999477	0.0012026	0.0323253	-2.39333e-05	0.999336	-0.0364383	-0.0323476	0.0364184	0.998813	0.935002	0.319875	72.049	
0.998574	0.00207642	0.0533445	0.000413205	0.998913	-0.0466173	-0.0533833	0.0465729	0.997487	0.894884	0.358711	72.9832	
0.997229	0.00316381	0.0743301	0.00106471	0.998386	-0.0567801	-0.0743897	0.0567019	0.995616	0.835093	0.407038	73.9158	
0.995441	0.00446417	0.0952705	0.00193024	0.997756	-0.066921	-0.0953555	0.0667998	0.993199	0.75566	0.464831	74.8465	
0.993213	0.00597679	0.116154	0.0030093	0.997024	-0.0770344	-0.116269	0.0768612	0.990239	0.65663	0.532057	75.7747	
0.990545	0.00770084	0.13697	0.00430132	0.996189	-0.087115	-0.137119	0.0868805	0.986737	0.538057	0.60868	76.6998	
0.987439	0.00963538	0.157706	0.00580557	0.995252	-0.097157	-0.157894	0.0968522	0.982695	0.400006	0.694658	77.6214	
0.983896	0.0117793	0.178352	0.00752125	0.994214	-0.107155	-0.178582	0.106771	0.978115	0.242552	0.789944	78.5389	
0.979919	0.0141316	0.198895	0.00944741	0.993075	-0.117104	-0.199173	0.116631	0.972999	0.0657812	0.894485	79.452	
0.975509	0.0166908	0.219325	0.011583	0.991835	-0.126998	-0.219654	0.126428	0.967351	-0.130209	1.00822	80.36	
0.970669	0.0194555	0.239631	0.0139268	0.990497	-0.136831	-0.240016	0.136155	0.961173	-0.345312	1.1311	81.2624	
0.965402	0.0224243	0.259801	0.0164776	0.989059	-0.146599	-0.260246	0.145808	0.95447	-0.57941	1.26304	82.1588	
0.95971	0.0255956	0.279824	0.019234	0.987523	-0.156296	-0.280334	0.155381	0.947243	-0.832375	1.40399	83.0487	
0.953597	0.0289675	0.29969	0.0221945	0.98589	-0.165916	-0.300268	0.164868	0.939499	-1.10407	1.55385	83.9316	
0.947065	0.0325383	0.319387	0.0253574	0.984161	-0.175455	-0.320037	0.174266	0.93124	-1.39434	1.71254	84.8071	
0.94012	0.0363059	0.338905	0.028721	0.982336	-0.184907	-0.339632	0.183568	0.922471	-1.70303	1.87999	85.6745	
0.932763	0.0402684	0.358233	0.0322835	0.980417	-0.194267	-0.359041	0.19277	0.913197	-2.02998	2.0561	86.5335	
0.925	0.0444236	0.37736	0.036043	0.978405	-0.20353	-0.378253	0.201866	0.903424	-2.37499	2.24077	87.3836	
0.916835	0.0487691	0.396277	0.0399973	0.976301	-0.21269	-0.397258	0.210852	0.893156	-2.73789	2.4339	88.2243	
0.908272	0.0533027	0.414972	0.0441443	0.974105	-0.221744	-0.416046	0.219722	0.882399	-3.11848	2.63539	89.0552	
0.899315	0.0580218	0.433435	0.0484817	0.97182	-0.230685	-0.434606	0.228472	0.871159	-3.51654	2.84512	89.8758	
0.88997	0.0629238	0.451657	0.0530072	0.969446	-0.239509	-0.452928	0.237097	0.859442	-3.93187	3.06299	90.6856	
0.880242	0.0680061	0.469627	0.0577183	0.966985	-0.248212	-0.471002	0.245592	0.847255	-4.36422	3.28886	91.4842	
