1	0	0	0	1	0	0	0	1	0	0	0	
0.999999	-7.31901e-07	-0.00120367	-7.31901e-07	0.999999	-0.00121612	0.00120367	0.00121612	0.999999	0.000635574	0.000642146	1.05606	
0.999997	-2.93791e-06	-0.00241156	-2.93793e-06	0.999997	-0.00243652	0.00241156	0.00243652	0.999994	0.00254453	0.00257085	2.11212	
0.999993	-6.63331e-06	-0.00362362	-6.6334e-06	0.999993	-0.00366115	0.00362362	0.00366115	0.999987	0.00573129	0.00579061	3.16817	
0.999988	-1.18331e-05	-0.00483977	-1.18333e-05	0.999988	-0.00488993	0.00483977	0.00488993	0.999976	0.0102002	0.0103058	4.22421	
0.999982	-1.85521e-05	-0.00605995	-1.85525e-05	0.999981	-0.0061228	0.00605995	0.0061228	0.999963	0.0159556	0.0161209	5.28024	
0.999973	-2.68047e-05	-0.00728409	-2.68055e-05	0.999973	-0.0073597	0.00728409	0.0073597	0.999946	0.0230017	0.0232401	6.33625	
0.999964	-3.66052e-05	-0.00851212	-3.66064e-05	0.999963	-0.00860055	0.00851212	0.00860055	0.999927	0.0313425	0.0316676	7.39224	
0.999953	-4.79675e-05	-0.00974399	-4.79694e-05	0.999952	-0.00984528	0.00974399	0.00984528	0.999904	0.0409823	0.0414075	8.44822	
0.99994	-6.09053e-05	-0.0109796	-6.0908e-05	0.999938	-0.0110938	0.0109796	0.0110938	0.999878	0.051925	0.052464	9.50416	
0.999925	-7.5432e-05	-0.0122189	-7.54358e-05	0.999924	-0.0123461	0.0122189	0.0123461	0.999849	0.0641745	0.064841	10.5601	
0.999909	-9.15607e-05	-0.0134619	-9.15658e-05	0.999907	-0.0136021	0.0134619	0.0136021	0.999817	0.0777348	0.0785425	11.616	
0.999892	-0.000109304	-0.0147084	-0.000109311	0.99989	-0.0148617	0.0147084	0.0148617	0.999781	0.0926095	0.0935722	12.6718	
0.999873	-0.000128675	-0.0159583	-0.000128684	0.99987	-0.0161248	0.0159583	0.0161248	0.999743	0.108802	0.109934	13.7276	
0.999852	-0.000149686	-0.0172117	-0.000149696	0.999849	-0.0173915	0.0172117	0.0173915	0.999701	0.126317	0.127632	14.7834	
0.999829	-0.000172348	-0.0184685	-0.000172361	0.999826	-0.0186615	0.0184685	0.0186615	0.999655	0.145158	0.146669	15.8391	
0.999805	-0.000196674	-0.0197285	-0.000196689	0.999801	-0.0199348	0.0197285	0.0199348	0.999607	0.165327	0.167049	16.8948	
0.99978	-0.000222674	-0.0209918	-0.000222693	0.999775	-0.0212115	0.0209918	0.0212115	0.999555	0.186828	0.188775	17.9504	
0.999752	-0.000250359	-0.0222582	-0.000250382	0.999747	-0.0224913	0.0222582	0.0224913	0.999499	0.209666	0.211852	19.006	
0.999723	-0.000279741	-0.0235277	-0.000279768	0.999717	-0.0237743	0.0235277	0.0237743	0.99944	0.233842	0.236281	20.0615	
0.999692	-0.00031083	-0.0248002	-0.000310862	0.999686	-0.0250603	0.0248002	0.0250603	0.999378	0.259361	0.262067	21.1169	
0.99966	-0.000343636	-0.0260756	-0.000343673	0.999653	-0.0263493	0.0260756	0.0263493	0.999313	0.286224	0.289213	22.1723	
0.999626	-0.000378169	-0.0273539	-0.000378211	0.999618	-0.0276412	0.0273539	0.0276412	0.999244	0.314437	0.317722	23.2276	
0.99959	-0.000414438	-0.028635	-0.000414487	0.999581	-0.028936	0.028635	0.028936	0.999171	0.344001	0.347596	24.2828	
0.999552	-0.000452453	-0.0299188	-0.000452508	0.999543	-0.0302335	0.0299188	0.0302335	0.999095	0.374919	0.37884	25.3379	
0.999513	-0.000492222	-0.0312053	-0.000492284	0.999503	-0.0315338	0.0312053	0.0315338	0.999015	0.407194	0.411455	26.393	
0.999472	-0.000533754	-0.0324944	-0.000533824	0.999461	-0.0328367	0.0324944	0.0328367	0.998932	0.44083	0.445444	27.448	
0.999429	-0.000577057	-0.033786	-0.000577136	0.999417	-0.0341422	0.033786	0.0341422	0.998846	0.475828	0.480811	28.5029	
0.999384	-0.000622139	-0.03508	-0.000622227	0.999371	-0.0354501	0.03508	0.0354501	0.998756	0.512191	0.517558	29.5577	
0.999338	-0.000669008	-0.0363764	-0.000669105	0.999324	-0.0367605	0.0363764	0.0367605	0.998662	0.549922	0.555688	30.6124	
0.99929	-0.00071767	-0.0376752	-0.000717778	0.999275	-0.0380733	0.0376752	0.0380733	0.998564	0.589024	0.595202	31.667	
0.99924	-0.000768133	-0.0389762	-0.000768253	0.999224	-0.0393883	0.0389762	0.0393883	0.998464	0.629498	0.636104	32.7214	
0.999188	-0.000820403	-0.0402793	-0.000820535	0.999171	-0.0407056	0.0402793	0.0407056	0.998359	0.671347	0.678396	33.7758	
0.999135	-0.000874487	-0.0415846	-0.000874632	0.999116	-0.0420249	0.0415846	0.0420249	0.998251	0.714574	0.72208	34.8301	
0.999079	-0.000930389	-0.0428918	-0.000930549	0.99906	-0.0433464	0.0428918	0.0433464	0.998139	0.75918	0.767159	35.8843	
0.999022	-0.000988117	-0.0442011	-0.000988291	0.999001	-0.0446699	0.0442011	0.0446699	0.998023	0.805168	0.813634	36.9383	
0.998963	-0.00104767	-0.0455122	-0.00104786	0.998941	-0.0459952	0.0455122	0.0459952	0.997904	0.852539	0.861508	37.9922	
0.998902	-0.00110907	-0.0468251	-0.00110927	0.998879	-0.0473225	0.0468251	0.0473225	0.997782	0.901296	0.910783	39.046	
0.99884	-0.0011723	-0.0481398	-0.00117252	0.998815	-0.0486515	0.0481398	0.0486515	0.997655	0.95144	0.96146	40.0996	
0.998776	-0.00123737	-0.0494562	-0.00123762	0.998749	-0.0499822	0.0494562	0.0499822	0.997525	1.00297	1.01354	41.1531	
0.998709	-0.0013043	-0.0507741	-0.00130456	0.998682	-0.0513146	0.0507741	0.0513146	0.997391	1.0559	1.06703	42.2065	
0.998641	-0.00137307	-0.0520936	-0.00137335	0.998612	-0.0526486	0.0520936	0.0526486	0.997253	1.11022	1.12193	43.2598	
0.998571	-0.0014437	-0.0534146	-0.001444	0.998541	-0.053984	0.0534146	0.053984	0.997112	1.16593	1.17823	44.3128	
0.9985	-0.00151618	-0.0547369	-0.00151651	0.998467	-0.0553209	0.0547369	0.0553209	0.996967	1.22303	1.23595	45.3658	
0.998426	-0.00159052	-0.0560606	-0.00159088	0.998392	-0.0566591	0.0560606	0.0566591	0.996818	1.28154	1.29508	46.4186	
0.998351	-0.00166673	-0.0573855	-0.00166711	0.998315	-0.0579986	0.0573855	0.0579986	0.996666	1.34144	1.35562	47.4712	
0.998273	-0.00174479	-0.0587116	-0.0017452	0.998236	-0.0593393	0.0587115	0.0593393	0.99651	1.40274	1.41758	48.5236	
0.998194	-0.00182472	-0.0600387	-0.00182516	0.998156	-0.0606811	0.0600387	0.0606812	0.99635	1.46545	1.48095	49.5759	
0.998113	-0.00190652	-0.061367	-0.00190698	0.998073	-0.0620241	0.061367	0.0620241	0.996186	1.52955	1.54574	50.628	
0.998031	-0.00199018	-0.0626962	-0.00199067	0.997988	-0.063368	0.0626961	0.063368	0.996019	1.59506	1.61195	51.68	
0.997946	-0.00207571	-0.0640262	-0.00207623	0.997902	-0.0647128	0.0640262	0.0647128	0.995848	1.66198	1.67958	52.7318	
0.99786	-0.0021631	-0.0653571	-0.00216365	0.997813	-0.0660585	0.0653571	0.0660585	0.995673	1.7303	1.74864	53.7833	
0.997771	-0.00225236	-0.0666888	-0.00225295	0.997723	-0.0674049	0.0666887	0.067405	0.995494	1.80002	1.81911	54.8347	
0.997681	-0.00234348	-0.0680211	-0.0023441	0.997631	-0.0687521	0.0680211	0.0687521	0.995312	1.87115	1.891	55.8859	
0.997589	-0.00243646	-0.069354	-0.00243712	0.997537	-0.0700999	0.069354	0.0700999	0.995126	1.94369	1.96432	56.937	
0.997495	-0.00253131	-0.0706875	-0.00253201	0.997441	-0.0714482	0.0706875	0.0714483	0.994936	2.01763	2.03906	57.9878	
0.9974	-0.00262801	-0.0720214	-0.00262875	0.997343	-0.0727971	0.0720214	0.0727971	0.994743	2.09299	2.11523	59.0384	
0.997302	-0.00272658	-0.0733557	-0.00272736	0.997244	-0.0741463	0.0733557	0.0741464	0.994546	2.16975	2.19282	60.0888	
0.997203	-0.00282699	-0.0746904	-0.00282782	0.997142	-0.075496	0.0746903	0.075496	0.994345	2.24793	2.27184	61.139	
0.997102	-0.00292926	-0.0760252	-0.00293013	0.997039	-0.0768458	0.0760252	0.0768459	0.99414	2.32751	2.35228	62.189	
0.996999	-0.00303338	-0.0773603	-0.00303429	0.996933	-0.0781959	0.0773603	0.0781959	0.993932	2.4085	2.43414	63.2387	
0.996894	-0.00313934	-0.0786955	-0.0031403	0.996826	-0.0795461	0.0786954	0.0795462	0.99372	2.4909	2.51744	64.2883	
0.996787	-0.00324714	-0.0800307	-0.00324815	0.996717	-0.0808964	0.0800307	0.0808964	0.993504	2.57471	2.60215	65.3376	
0.996679	-0.00335677	-0.0813659	-0.00335784	0.996606	-0.0822466	0.0813658	0.0822467	0.993285	2.65994	2.6883	66.3867	
0.996568	-0.00346824	-0.0827009	-0.00346936	0.996494	-0.0835968	0.0827009	0.0835968	0.993062	2.74657	2.77587	67.4355	
0.996456	-0.00358153	-0.0840358	-0.0035827	0.996379	-0.0849468	0.0840358	0.0849469	0.992835	2.83461	2.86487	68.4841	
0.996097	-0.00394433	-0.0881774	-0.00392878	0.99603	-0.0889357	0.0881781	0.088935	0.992127	2.92555	2.95668	69.5323	
0.99572	-0.00432374	-0.0923156	-0.00429147	0.995664	-0.0929214	0.0923171	0.0929199	0.991385	3.02085	3.05271	70.5796	
0.995327	-0.00471972	-0.0964502	-0.00467075	0.995283	-0.0969037	0.0964526	0.0969013	0.990609	3.12053	3.15294	71.6262	
0.993288	-0.00675559	-0.115467	-0.00658725	0.993369	-0.114784	0.115477	0.114774	0.986657	3.23244	3.26472	72.6703	
0.990885	-0.00913448	-0.134402	-0.00884709	0.991132	-0.132587	0.134421	0.132568	0.982017	3.3644	3.39533	73.7099	
0.988118	-0.0118548	-0.15324	-0.0114487	0.988574	-0.1503	0.153271	0.150268	0.976692	3.51632	3.54468	74.7442	
0.984989	-0.0149145	-0.17197	-0.0143903	0.985697	-0.16791	0.172014	0.167864	0.970687	3.68809	3.71268	75.7725	
0.981501	-0.0183116	-0.190577	-0.0176698	0.982503	-0.185406	0.190638	0.185343	0.964005	3.87959	3.89919	76.7942	
0.977656	-0.0220437	-0.20905	-0.0212849	0.978994	-0.202774	0.209129	0.202693	0.956651	4.0907	4.1041	77.8084	
0.973457	-0.0261081	-0.227375	-0.0252331	0.975173	-0.220004	0.227473	0.219902	0.94863	4.32125	4.32725	78.8145	
0.968907	-0.0305021	-0.245539	-0.0295117	0.971041	-0.237083	0.24566	0.236957	0.939948	4.57109	4.5685	79.8118	
0.964008	-0.0352226	-0.263529	-0.0341177	0.966603	-0.253998	0.263675	0.253847	0.930611	4.84005	4.82768	80.7995	
0.958765	-0.0402663	-0.281334	-0.0390478	0.96186	-0.270739	0.281506	0.270561	0.920626	5.12794	5.1046	81.7771	
0.95318	-0.0456296	-0.298941	-0.0442986	0.956818	-0.287294	0.299141	0.287085	0.909998	5.43456	5.39907	82.7438	
0.947258	-0.0513089	-0.316337	-0.0498665	0.951478	-0.30365	0.316568	0.30341	0.898737	5.75969	5.71089	83.6989	
0.941003	-0.0573002	-0.333511	-0.0557476	0.945845	-0.319797	0.333774	0.319523	0.886849	6.10311	6.03983	84.6418	
0.93442	-0.0635993	-0.350449	-0.0619378	0.939922	-0.335724	0.350747	0.335413	0.874342	6.46458	6.38568	85.5718	
0.927512	-0.0702017	-0.367142	-0.0684327	0.933714	-0.351419	0.367476	0.35107	0.861227	6.84384	6.74818	86.4883	
0.920285	-0.077103	-0.383576	-0.0752279	0.927225	-0.366871	0.383948	0.366482	0.847511	7.24064	7.12709	87.3906	
0.912744	-0.0842983	-0.399741	-0.0823186	0.92046	-0.38207	0.400153	0.381638	0.833204	7.65469	7.52215	88.2781	
0.904893	-0.0917826	-0.415625	-0.0896999	0.913423	-0.397005	0.41608	0.396528	0.818317	8.08571	7.93307	89.1502	
0.896739	-0.0995507	-0.431217	-0.0973666	0.906119	-0.411665	0.431716	0.411143	0.802859	8.5334	8.35957	90.0063	
0.888287	-0.107597	-0.446507	-0.105313	0.898553	-0.426041	0.447051	0.42547	0.786842	8.99744	8.80135	90.8458	
0.879544	-0.115916	-0.461483	-0.113535	0.890731	-0.440122	0.462075	0.439501	0.770277	9.47752	9.25811	91.668	
0.870514	-0.124502	-0.476135	-0.122025	0.882658	-0.453899	0.476776	0.453226	0.753174	9.97329	9.72952	92.4725	
0.861205	-0.133349	-0.490454	-0.130778	0.87434	-0.467362	0.491145	0.466634	0.735546	10.4844	10.2153	93.2586	
0.851622	-0.142451	-0.504428	-0.139788	0.865782	-0.480501	0.505172	0.479718	0.717406	11.0105	10.715	94.0259	
0.841773	-0.151802	-0.518048	-0.149048	0.85699	-0.493307	0.518847	0.492467	0.698766	11.5513	11.2284	94.7737	
0.831665	-0.161394	-0.531306	-0.158552	0.847971	-0.505772	0.532161	0.504873	0.679639	12.1063	11.755	95.5016	
0.821304	-0.171221	-0.54419	-0.168294	0.838731	-0.517887	0.545103	0.516927	0.660038	12.6751	12.2946	96.209	
0.810698	-0.181277	-0.556694	-0.178266	0.829276	-0.529643	0.557665	0.52862	0.639977	13.2575	12.8467	96.8955	
0.799853	-0.191555	-0.568807	-0.188463	0.819613	-0.541033	0.569839	0.539946	0.61947	13.8528	13.411	97.5606	
0.788779	-0.202046	-0.580521	-0.198875	0.809749	-0.552047	0.581615	0.550894	0.598531	14.4609	13.987	98.2038	
0.777482	-0.212745	-0.591829	-0.209497	0.799689	-0.562679	0.592986	0.561459	0.577175	15.0811	14.5744	98.8246	
