1	0	0	0	1	0	0	0	1	0	0	0	
0.999993	-4.01359e-06	0.00381777	-4.01359e-06	0.999998	0.00210257	-0.00381777	-0.00210257	0.999991	-0.00148951	-0.000820322	0.780301	
0.999971	-1.60557e-05	0.00763483	-1.60639e-05	0.999991	0.0042069	-0.00763483	-0.0042069	0.999962	-0.00595777	-0.00328198	1.56059	
0.999934	-3.61302e-05	0.0114511	-3.61631e-05	0.99998	0.00631295	-0.0114511	-0.00631295	0.999915	-0.0134042	-0.00738632	2.34084	
0.999883	-6.42409e-05	0.0152665	-6.4323e-05	0.999965	0.00842067	-0.0152665	-0.00842067	0.999848	-0.0238281	-0.0131347	3.12105	
0.999818	-0.000100391	0.019081	-0.000100555	0.999945	0.01053	-0.019081	-0.01053	0.999762	-0.0372289	-0.0205283	3.90121	
0.999738	-0.000144585	0.0228944	-0.000144872	0.99992	0.012641	-0.0228944	-0.012641	0.999658	-0.0536056	-0.0295685	4.68128	
0.999643	-0.000196824	0.0267067	-0.000197284	0.999891	0.0147534	-0.0267067	-0.0147534	0.999534	-0.0729576	-0.0402565	5.46127	
0.999534	-0.000257112	0.0305179	-0.000257802	0.999858	0.0168674	-0.0305179	-0.0168674	0.999392	-0.0952839	-0.0525934	6.24116	
0.999411	-0.000325452	0.0343278	-0.000326438	0.99982	0.0189829	-0.0343278	-0.0189829	0.99923	-0.120584	-0.0665805	7.02093	
0.999272	-0.000401847	0.0381364	-0.000403202	0.999777	0.0210997	-0.0381363	-0.0210997	0.99905	-0.148856	-0.0822188	7.80056	
0.99912	-0.000486298	0.0419435	-0.000488105	0.99973	0.0232179	-0.0419435	-0.023218	0.99885	-0.180099	-0.0995095	8.58004	
0.998953	-0.000578808	0.0457492	-0.000581157	0.999679	0.0253375	-0.0457492	-0.0253375	0.998632	-0.214312	-0.118454	9.35937	
0.998771	-0.000679378	0.0495533	-0.000682368	0.999623	0.0274583	-0.0495533	-0.0274584	0.998394	-0.251495	-0.139052	10.1385	
0.998575	-0.000788011	0.0533558	-0.000791748	0.999562	0.0295804	-0.0533557	-0.0295805	0.998137	-0.291645	-0.161306	10.9175	
0.998365	-0.000904707	0.0571565	-0.000909307	0.999497	0.0317037	-0.0571564	-0.0317038	0.997862	-0.334762	-0.185216	11.6962	
0.99814	-0.00102947	0.0609555	-0.00103505	0.999427	0.0338281	-0.0609554	-0.0338283	0.997567	-0.380843	-0.210784	12.4747	
0.997901	-0.0011623	0.0647526	-0.001169	0.999353	0.0359536	-0.0647524	-0.0359539	0.997253	-0.429888	-0.238009	13.253	
0.997647	-0.00130319	0.0685477	-0.00131115	0.999274	0.0380802	-0.0685475	-0.0380805	0.996921	-0.481896	-0.266894	14.031	
0.997379	-0.00145216	0.0723408	-0.00146152	0.99919	0.0402078	-0.0723406	-0.0402082	0.996569	-0.536863	-0.297438	14.8088	
0.997096	-0.00160919	0.0761318	-0.00162011	0.999102	0.0423364	-0.0761316	-0.0423369	0.996199	-0.59479	-0.329643	15.5863	
0.9968	-0.00177429	0.0799206	-0.00178693	0.999009	0.044466	-0.0799203	-0.0444665	0.995809	-0.655674	-0.36351	16.3635	
0.996488	-0.00194746	0.0837072	-0.001962	0.998912	0.0465964	-0.0837068	-0.046597	0.9954	-0.719514	-0.399039	17.1403	
0.996163	-0.0021287	0.0874914	-0.00214532	0.99881	0.0487276	-0.087491	-0.0487284	0.994973	-0.786307	-0.43623	17.9169	
0.995823	-0.00231801	0.0912733	-0.00233689	0.998703	0.0508597	-0.0912728	-0.0508605	0.994526	-0.856052	-0.475085	18.6931	
0.995469	-0.00251538	0.0950526	-0.00253673	0.998592	0.0529925	-0.095052	-0.0529935	0.994061	-0.928747	-0.515604	19.469	
0.995101	-0.00272083	0.0988294	-0.00274484	0.998476	0.055126	-0.0988287	-0.0551272	0.993576	-1.00439	-0.557787	20.2444	
0.994718	-0.00293434	0.102604	-0.00296122	0.998355	0.0572602	-0.102603	-0.0572615	0.993073	-1.08298	-0.601636	21.0195	
0.994321	-0.00315592	0.106375	-0.0031859	0.998229	0.059395	-0.106374	-0.0593966	0.992551	-1.16451	-0.64715	21.7942	
0.99391	-0.00338556	0.110144	-0.00341887	0.998099	0.0615303	-0.110143	-0.0615322	0.992009	-1.24899	-0.694331	22.5685	
0.993485	-0.00362326	0.113909	-0.00366014	0.997965	0.0636662	-0.113908	-0.0636683	0.991449	-1.3364	-0.743178	23.3424	
0.993045	-0.00386903	0.117672	-0.00390972	0.997825	0.0658026	-0.117671	-0.065805	0.99087	-1.42675	-0.793692	24.1158	
0.992591	-0.00412286	0.121432	-0.00416761	0.997681	0.0679394	-0.121431	-0.0679421	0.990272	-1.52004	-0.845874	24.8887	
0.992123	-0.00438474	0.125189	-0.00443382	0.997532	0.0700766	-0.125187	-0.0700797	0.989655	-1.61626	-0.899724	25.6612	
0.991641	-0.00465468	0.128942	-0.00470835	0.997378	0.0722142	-0.12894	-0.0722177	0.989019	-1.7154	-0.955241	26.4332	
0.991145	-0.00493268	0.132693	-0.00499121	0.99722	0.074352	-0.132691	-0.0743559	0.988365	-1.81748	-1.01243	27.2046	
0.990635	-0.00521872	0.13644	-0.00528241	0.997056	0.0764902	-0.136437	-0.0764945	0.987691	-1.92248	-1.07128	27.9756	
0.99011	-0.00551281	0.140183	-0.00558195	0.996888	0.0786285	-0.140181	-0.0786334	0.986999	-2.0304	-1.13181	28.746	
0.989572	-0.00581495	0.143924	-0.00588984	0.996716	0.080767	-0.143921	-0.0807724	0.986287	-2.14125	-1.194	29.5159	
0.989019	-0.00612513	0.14766	-0.00620608	0.996538	0.0829056	-0.147657	-0.0829116	0.985557	-2.25501	-1.25786	30.2852	
0.988453	-0.00644335	0.151393	-0.00653067	0.996356	0.0850443	-0.151389	-0.0850509	0.984808	-2.37168	-1.32339	31.054	
0.987872	-0.0067696	0.155123	-0.00686362	0.996169	0.087183	-0.155118	-0.0871903	0.984041	-2.49126	-1.39059	31.8221	
0.987277	-0.00710389	0.158848	-0.00720494	0.995977	0.0893217	-0.158844	-0.0893298	0.983254	-2.61376	-1.45946	32.5897	
0.986669	-0.0074462	0.16257	-0.00755462	0.99578	0.0914603	-0.162565	-0.0914692	0.982449	-2.73916	-1.53	33.3566	
0.986046	-0.00779654	0.166288	-0.00791268	0.995579	0.0935989	-0.166282	-0.0936086	0.981625	-2.86746	-1.60221	34.1229	
0.98541	-0.00815489	0.170002	-0.00827911	0.995372	0.0957372	-0.169996	-0.0957479	0.980782	-2.99866	-1.67609	34.8885	
0.98476	-0.00852126	0.173711	-0.00865392	0.995161	0.0978754	-0.173705	-0.097887	0.979921	-3.13275	-1.75163	35.6535	
0.984096	-0.00889564	0.177417	-0.00903711	0.994945	0.100013	-0.17741	-0.100026	0.979041	-3.26974	-1.82885	36.4178	
0.983418	-0.00927803	0.181118	-0.00942869	0.994724	0.102151	-0.181111	-0.102165	0.978142	-3.40962	-1.90773	37.1814	
0.982726	-0.00966841	0.184816	-0.00982865	0.994499	0.104288	-0.184807	-0.104303	0.977224	-3.55238	-1.98829	37.9443	
0.98202	-0.0100668	0.188508	-0.010237	0.994268	0.106425	-0.188499	-0.106441	0.976288	-3.69803	-2.07051	38.7064	
0.981301	-0.0104732	0.192197	-0.0106537	0.994033	0.108562	-0.192187	-0.108579	0.975333	-3.84655	-2.1544	39.4679	
0.980567	-0.0108875	0.195881	-0.0110789	0.993792	0.110698	-0.19587	-0.110717	0.97436	-3.99795	-2.23996	40.2286	
0.97982	-0.0113098	0.19956	-0.0115124	0.993547	0.112833	-0.199548	-0.112854	0.973368	-4.15223	-2.32719	40.9885	
0.97906	-0.0117402	0.203235	-0.0119543	0.993297	0.114968	-0.203222	-0.11499	0.972357	-4.30937	-2.41608	41.7476	
0.978875	-0.0118456	0.204118	-0.0124157	0.993034	0.11717	-0.204084	-0.117229	0.971909	-4.46828	-2.50668	42.5061	
0.978689	-0.0119531	0.205	-0.0128806	0.992765	0.119379	-0.204944	-0.119475	0.971454	-4.62786	-2.59903	43.2644	
0.978503	-0.0120624	0.205881	-0.013349	0.99249	0.121594	-0.205801	-0.121729	0.970993	-4.78811	-2.69314	44.0222	
0.978316	-0.0121738	0.206761	-0.013821	0.992209	0.123816	-0.206657	-0.123989	0.970525	-4.94904	-2.789	44.7797	
0.978128	-0.0122871	0.207639	-0.0142964	0.991922	0.126043	-0.207511	-0.126255	0.970051	-5.11062	-2.88664	45.5368	
0.97794	-0.0124025	0.208517	-0.0147752	0.991628	0.128277	-0.208363	-0.128528	0.96957	-5.27288	-2.98604	46.2936	
0.977751	-0.0125198	0.209394	-0.0152574	0.991329	0.130515	-0.209213	-0.130806	0.969082	-5.4358	-3.08722	47.0499	
0.977562	-0.0126391	0.21027	-0.015743	0.991023	0.132759	-0.210061	-0.133091	0.968587	-5.59938	-3.19018	47.8059	
0.977371	-0.0127604	0.211145	-0.0162319	0.990711	0.135009	-0.210907	-0.135381	0.968086	-5.76362	-3.29493	48.5615	
0.977181	-0.0128837	0.212019	-0.0167241	0.990393	0.137263	-0.211751	-0.137676	0.967578	-5.92852	-3.40146	49.3167	
0.976989	-0.013009	0.212893	-0.0172195	0.990069	0.139521	-0.212594	-0.139977	0.967063	-6.09408	-3.50979	50.0715	
0.976797	-0.0131364	0.213765	-0.0177181	0.989739	0.141784	-0.213434	-0.142282	0.966541	-6.26029	-3.61991	50.8259	
0.976604	-0.0132657	0.214637	-0.0182199	0.989402	0.144052	-0.214273	-0.144592	0.966013	-6.42716	-3.73183	51.5799	
0.97641	-0.0133971	0.215507	-0.0187248	0.98906	0.146323	-0.21511	-0.146907	0.965477	-6.59469	-3.84556	52.3335	
0.976216	-0.0135305	0.216377	-0.0192328	0.988711	0.148598	-0.215945	-0.149225	0.964935	-6.76286	-3.9611	53.0866	
0.976021	-0.013666	0.217246	-0.0197438	0.988355	0.150876	-0.216778	-0.151548	0.964386	-6.93169	-4.07845	53.8394	
0.975826	-0.0138035	0.218114	-0.0202578	0.987994	0.153158	-0.217609	-0.153874	0.96383	-7.10117	-4.19761	54.5917	
0.975629	-0.013943	0.218981	-0.0207748	0.987626	0.155443	-0.218439	-0.156204	0.963268	-7.27129	-4.31859	55.3435	
0.975433	-0.0140846	0.219848	-0.0212947	0.987253	0.15773	-0.219267	-0.158537	0.962698	-7.44206	-4.44138	56.0949	
0.975235	-0.0142283	0.220713	-0.0218174	0.986873	0.16002	-0.220093	-0.160873	0.962122	-7.61348	-4.566	56.8459	
0.975037	-0.014374	0.221578	-0.0223429	0.986486	0.162313	-0.220917	-0.163211	0.961539	-7.78554	-4.69244	57.5964	
0.974838	-0.0145218	0.222442	-0.0228712	0.986094	0.164607	-0.221739	-0.165553	0.960949	-7.95825	-4.82071	58.3465	
0.974638	-0.0146716	0.223306	-0.0234023	0.985695	0.166903	-0.22256	-0.167896	0.960353	-8.13159	-4.95081	59.0961	
0.974438	-0.0148235	0.224168	-0.023936	0.985291	0.169201	-0.223379	-0.170242	0.95975	-8.30557	-5.08273	59.8452	
0.974237	-0.0149775	0.22503	-0.0244723	0.98488	0.171501	-0.224196	-0.172589	0.95914	-8.4802	-5.21649	60.5939	
0.974035	-0.0151336	0.225891	-0.0250112	0.984463	0.173802	-0.225012	-0.174939	0.958523	-8.65546	-5.35208	61.3421	
0.973833	-0.0152917	0.226752	-0.0255527	0.98404	0.176103	-0.225826	-0.177289	0.957899	-8.83135	-5.4895	62.0898	
0.973629	-0.0154519	0.227611	-0.0260966	0.983611	0.178405	-0.226638	-0.179641	0.957269	-9.00788	-5.62875	62.837	
0.973426	-0.0156142	0.22847	-0.026643	0.983176	0.180708	-0.227448	-0.181993	0.956633	-9.18504	-5.76985	63.5837	
0.973221	-0.0157785	0.229328	-0.0271917	0.982735	0.183011	-0.228257	-0.184346	0.955989	-9.36284	-5.91277	64.3299	
0.973016	-0.015945	0.230186	-0.0277427	0.982288	0.185314	-0.229063	-0.1867	0.955339	-9.54126	-6.05754	65.0756	
0.97281	-0.0161135	0.231042	-0.0282961	0.981835	0.187617	-0.229869	-0.189054	0.954683	-9.72031	-6.20414	65.8208	
0.972604	-0.0162842	0.231898	-0.0288516	0.981376	0.18992	-0.230672	-0.191407	0.95402	-9.89999	-6.35258	66.5655	
0.972396	-0.0164569	0.232754	-0.0294093	0.980911	0.192222	-0.231474	-0.193761	0.95335	-10.0803	-6.50285	67.3096	
0.972189	-0.0166317	0.233608	-0.0299692	0.98044	0.194522	-0.232274	-0.196114	0.952674	-10.2612	-6.65496	68.0533	
0.97198	-0.0168086	0.234462	-0.0305311	0.979964	0.196822	-0.233073	-0.198466	0.951992	-10.4428	-6.80891	68.7964	
0.971771	-0.0169876	0.235316	-0.031095	0.979481	0.199121	-0.23387	-0.200817	0.951303	-10.625	-6.96469	69.539	
0.971561	-0.0171687	0.236168	-0.0316608	0.978994	0.201418	-0.234665	-0.203167	0.950608	-10.8078	-7.1223	70.281	
0.975944	-0.0131987	0.217623	-0.0319477	0.978734	0.202632	-0.215669	-0.20471	0.954767	-10.9835	-7.28144	71.0244	
0.979956	-0.00919948	0.199	-0.0322104	0.978472	0.203851	-0.196591	-0.206174	0.958564	-11.1443	-7.44175	71.7709	
0.983597	-0.00517248	0.180306	-0.0324486	0.978208	0.205074	-0.177438	-0.207561	0.961995	-11.2903	-7.60318	72.5202	
0.986864	-0.00111927	0.16155	-0.0326625	0.977943	0.206302	-0.158217	-0.208868	0.96506	-11.4212	-7.76565	73.2721	
0.989756	0.00295863	0.142737	-0.0328518	0.977676	0.207533	-0.138937	-0.210096	0.967758	-11.5372	-7.92912	74.0262	
0.992273	0.00705965	0.123876	-0.0330165	0.977408	0.208767	-0.119603	-0.211244	0.970088	-11.638	-8.09351	74.7823	
0.994412	0.0111822	0.104972	-0.0331565	0.977138	0.210005	-0.100224	-0.212312	0.972049	-11.7238	-8.25877	75.5401	
