1	0	0	0	1	0	0	0	1	0	0	0	
0.999994	-6.67681e-06	0.00335455	-6.67681e-06	0.999992	0.00398072	-0.00335455	-0.00398072	0.999986	-0.00158156	-0.00187677	0.942925	
0.999977	-2.67244e-05	0.00671222	-2.67081e-05	0.999968	0.00796026	-0.00671222	-0.00796026	0.999946	-0.0063277	-0.00750653	1.88582	
0.999949	-6.01641e-05	0.0100729	-6.00987e-05	0.999929	0.0119385	-0.0100729	-0.0119385	0.999878	-0.0142413	-0.0168881	2.82867	
0.99991	-0.000107016	0.0134365	-0.000106853	0.999873	0.0159153	-0.0134365	-0.0159153	0.999783	-0.0253252	-0.0300202	3.77144	
0.999859	-0.000167302	0.0168029	-0.000166975	0.999802	0.0198906	-0.0168029	-0.0198906	0.999661	-0.039582	-0.0469015	4.71411	
0.999796	-0.00024104	0.020172	-0.000240467	0.999715	0.0238642	-0.020172	-0.0238642	0.999512	-0.0570144	-0.0675304	5.65666	
0.999723	-0.000328249	0.0235437	-0.000327333	0.999612	0.027836	-0.0235437	-0.027836	0.999335	-0.0776249	-0.0919053	6.59904	
0.999638	-0.000428948	0.0269179	-0.000427573	0.999494	0.0318059	-0.0269179	-0.0318059	0.999132	-0.101416	-0.120024	7.54125	
0.999541	-0.000543155	0.0302945	-0.000541191	0.99936	0.0357738	-0.0302945	-0.0357738	0.998901	-0.12839	-0.151886	8.48326	
0.999433	-0.000670887	0.0336734	-0.000668186	0.99921	0.0397395	-0.0336734	-0.0397395	0.998643	-0.158548	-0.187488	9.42503	
0.999313	-0.00081216	0.0370544	-0.000808559	0.999044	0.0437029	-0.0370545	-0.0437029	0.998357	-0.191894	-0.226828	10.3665	
0.999182	-0.000966992	0.0404376	-0.00096231	0.998863	0.047664	-0.0404377	-0.0476639	0.998045	-0.228429	-0.269904	11.3078	
0.999039	-0.0011354	0.0438227	-0.00112944	0.998666	0.0516225	-0.0438228	-0.0516223	0.997705	-0.268155	-0.316714	12.2487	
0.998884	-0.00131739	0.0472097	-0.00130994	0.998453	0.0555783	-0.0472099	-0.0555781	0.997338	-0.311074	-0.367256	13.1893	
0.998718	-0.00151299	0.0505984	-0.00150382	0.998225	0.0595314	-0.0505987	-0.0595311	0.996943	-0.357187	-0.421526	14.1295	
0.99854	-0.0017222	0.0539888	-0.00171107	0.997982	0.0634816	-0.0539892	-0.0634813	0.996522	-0.406497	-0.479522	15.0694	
0.99835	-0.00194505	0.0573808	-0.00193168	0.997722	0.0674287	-0.0573812	-0.0674284	0.996073	-0.459004	-0.541241	16.0088	
0.998149	-0.00218154	0.0607742	-0.00216566	0.997447	0.0713728	-0.0607747	-0.0713723	0.995597	-0.51471	-0.606681	16.9478	
0.997936	-0.00243168	0.0641689	-0.002413	0.997157	0.0753136	-0.0641696	-0.075313	0.995093	-0.573617	-0.675838	17.8864	
0.997711	-0.00269549	0.0675649	-0.0026737	0.996851	0.079251	-0.0675657	-0.0792503	0.994562	-0.635726	-0.748709	18.8244	
0.997475	-0.00297298	0.070962	-0.00294775	0.99653	0.083185	-0.070963	-0.0831841	0.994004	-0.701038	-0.825292	19.762	
0.997226	-0.00326416	0.0743601	-0.00323514	0.996193	0.0871153	-0.0743614	-0.0871142	0.993419	-0.769553	-0.905581	20.699	
0.996966	-0.00356904	0.0777591	-0.00353588	0.995841	0.0910419	-0.0777606	-0.0910406	0.992807	-0.841273	-0.989575	21.6354	
0.996694	-0.00388762	0.081159	-0.00384994	0.995473	0.0949646	-0.0811608	-0.0949631	0.992167	-0.916199	-1.07727	22.5713	
0.996409	-0.00421992	0.0845595	-0.00417733	0.99509	0.0988834	-0.0845616	-0.0988816	0.9915	-0.994332	-1.16866	23.5065	
0.996113	-0.00456595	0.0879607	-0.00451803	0.994692	0.102798	-0.0879631	-0.102796	0.990805	-1.07567	-1.26374	24.4411	
0.995806	-0.00492571	0.0913623	-0.00487205	0.994278	0.106709	-0.0913652	-0.106706	0.990084	-1.16022	-1.36252	25.375	
0.995486	-0.00529922	0.0947643	-0.00523936	0.99385	0.110615	-0.0947676	-0.110612	0.989335	-1.24797	-1.46498	26.3082	
0.995154	-0.00568647	0.0981666	-0.00561996	0.993405	0.114516	-0.0981704	-0.114513	0.988559	-1.33894	-1.57111	27.2407	
0.99481	-0.00608747	0.101569	-0.00601385	0.992946	0.118414	-0.101573	-0.11841	0.987756	-1.43311	-1.68093	28.1725	
0.994454	-0.00650223	0.104972	-0.006421	0.992472	0.122306	-0.104977	-0.122302	0.986926	-1.53049	-1.79442	29.1035	
0.994086	-0.00693076	0.108374	-0.00684141	0.991982	0.126194	-0.10838	-0.126189	0.986068	-1.63108	-1.91157	30.0337	
0.993706	-0.00737306	0.111776	-0.00727507	0.991477	0.130077	-0.111783	-0.130071	0.985183	-1.73488	-2.03239	30.9631	
0.993314	-0.00782912	0.115178	-0.00772196	0.990957	0.133954	-0.115186	-0.133948	0.984271	-1.84189	-2.15687	31.8916	
0.99291	-0.00829897	0.11858	-0.00818207	0.990423	0.137827	-0.118588	-0.13782	0.983332	-1.9521	-2.285	32.8193	
0.992494	-0.00878259	0.121981	-0.0086554	0.989873	0.141695	-0.12199	-0.141687	0.982366	-2.06553	-2.41677	33.746	
0.992065	-0.00927999	0.125382	-0.00914192	0.989308	0.145557	-0.125392	-0.145548	0.981373	-2.18216	-2.55219	34.6719	
0.991625	-0.00979118	0.128782	-0.00964162	0.988728	0.149413	-0.128793	-0.149403	0.980352	-2.302	-2.69125	35.5967	
0.991172	-0.0103161	0.132181	-0.0101545	0.988133	0.153264	-0.132193	-0.153253	0.979305	-2.42505	-2.83395	36.5206	
0.990707	-0.0108549	0.135579	-0.0106805	0.987523	0.157109	-0.135593	-0.157097	0.978231	-2.5513	-2.98027	37.4436	
0.99023	-0.0114074	0.138976	-0.0112197	0.986899	0.160949	-0.138991	-0.160935	0.977129	-2.68076	-3.13021	38.3654	
0.989741	-0.0119738	0.142372	-0.0117719	0.98626	0.164782	-0.142389	-0.164768	0.976001	-2.81342	-3.28377	39.2863	
0.989239	-0.0125539	0.145767	-0.0123373	0.985606	0.16861	-0.145786	-0.168594	0.974845	-2.94928	-3.44093	40.206	
0.988726	-0.0131478	0.14916	-0.0129158	0.984937	0.172431	-0.149181	-0.172413	0.973663	-3.08835	-3.60171	41.1247	
0.9882	-0.0137554	0.152552	-0.0135073	0.984253	0.176246	-0.152575	-0.176227	0.972453	-3.23062	-3.76608	42.0422	
0.987661	-0.0143769	0.155943	-0.0141119	0.983555	0.180054	-0.155967	-0.180034	0.971217	-3.37608	-3.93404	42.9586	
0.987111	-0.0150121	0.159332	-0.0147295	0.982843	0.183857	-0.159358	-0.183834	0.969954	-3.52475	-4.10559	43.8738	
0.986548	-0.0156611	0.162719	-0.0153602	0.982115	0.187652	-0.162747	-0.187627	0.968664	-3.67661	-4.28073	44.7878	
0.985973	-0.0163238	0.166104	-0.0160038	0.981374	0.191441	-0.166135	-0.191414	0.967347	-3.83167	-4.45943	45.7005	
0.985386	-0.0170003	0.169487	-0.0166604	0.980617	0.195223	-0.169521	-0.195194	0.966003	-3.98992	-4.6417	46.612	
0.984786	-0.0176906	0.172868	-0.0173299	0.979847	0.198998	-0.172904	-0.198966	0.964633	-4.15136	-4.82754	47.5223	
0.984174	-0.0183946	0.176247	-0.0180124	0.979062	0.202766	-0.176286	-0.202731	0.963236	-4.31599	-5.01692	48.4312	
0.98355	-0.0191123	0.179623	-0.0187078	0.978262	0.206527	-0.179666	-0.20649	0.961812	-4.48381	-5.20986	49.3388	
0.982913	-0.0198438	0.182997	-0.0194161	0.977448	0.21028	-0.183043	-0.21024	0.960362	-4.65481	-5.40633	50.245	
0.982264	-0.0205891	0.186369	-0.0201372	0.97662	0.214026	-0.186418	-0.213983	0.958885	-4.829	-5.60634	51.1499	
0.981603	-0.021348	0.189737	-0.0208712	0.975778	0.217765	-0.18979	-0.217719	0.957381	-5.00637	-5.80987	52.0533	
0.980929	-0.0221206	0.193103	-0.021618	0.974922	0.221496	-0.19316	-0.221446	0.955851	-5.18692	-6.01692	52.9554	
0.980243	-0.022907	0.196467	-0.0223776	0.974051	0.225219	-0.196528	-0.225166	0.954294	-5.37064	-6.22748	53.8559	
0.979544	-0.023707	0.199827	-0.02315	0.973166	0.228935	-0.199892	-0.228878	0.952711	-5.55754	-6.44155	54.755	
0.978834	-0.0245208	0.203184	-0.0239352	0.972268	0.232643	-0.203254	-0.232582	0.951101	-5.74761	-6.65911	55.6526	
0.97811	-0.0253481	0.206538	-0.024733	0.971355	0.236342	-0.206612	-0.236277	0.949465	-5.94085	-6.88016	56.5487	
0.976641	-0.0270141	0.213172	-0.0255798	0.970395	0.240166	-0.213348	-0.240009	0.947036	-6.13885	-7.10472	57.4428	
0.975125	-0.0287067	0.21979	-0.0264545	0.969418	0.243984	-0.220073	-0.243729	0.944544	-6.34319	-7.33278	58.3346	
0.973561	-0.0304259	0.226393	-0.0273569	0.968426	0.247794	-0.226785	-0.247436	0.94199	-6.55387	-7.56435	59.2241	
0.971949	-0.0321714	0.23298	-0.0282871	0.967419	0.251596	-0.233484	-0.251129	0.939372	-6.77087	-7.79941	60.1111	
0.97029	-0.0339433	0.239551	-0.029245	0.966396	0.25539	-0.24017	-0.254808	0.936692	-6.99418	-8.03794	60.9956	
0.968584	-0.0357415	0.246104	-0.0302303	0.965357	0.259175	-0.246841	-0.258472	0.933949	-7.22379	-8.27994	61.8775	
0.966831	-0.0375657	0.252639	-0.0312431	0.964303	0.26295	-0.253499	-0.262121	0.931145	-7.45969	-8.52538	62.7568	
0.965031	-0.0394159	0.259157	-0.0322831	0.963235	0.266715	-0.260142	-0.265754	0.928278	-7.70185	-8.77425	63.6335	
0.963183	-0.041292	0.265655	-0.0333503	0.962151	0.270469	-0.266769	-0.269371	0.925351	-7.95027	-9.02655	64.5074	
0.961289	-0.0431939	0.272135	-0.0344445	0.961052	0.274212	-0.27338	-0.272971	0.922361	-8.20493	-9.28225	65.3786	
0.959348	-0.0451214	0.278595	-0.0355656	0.959939	0.277943	-0.279975	-0.276553	0.919311	-8.46582	-9.54133	66.2468	
0.957361	-0.0470744	0.285035	-0.0367134	0.958811	0.281662	-0.286553	-0.280117	0.9162	-8.73292	-9.80378	67.1122	
0.955326	-0.0490528	0.291454	-0.0378878	0.957669	0.285368	-0.293114	-0.283662	0.913028	-9.00622	-10.0696	67.9746	
0.953246	-0.0510564	0.297851	-0.0390885	0.956513	0.28906	-0.299657	-0.287188	0.909796	-9.28569	-10.3387	68.834	
0.951119	-0.0530851	0.304228	-0.0403154	0.955342	0.292739	-0.306181	-0.290694	0.906504	-9.57132	-10.6112	69.6904	
0.943648	-0.0599269	0.325479	-0.0406971	0.954993	0.293824	-0.328438	-0.290513	0.898739	-9.87054	-10.8852	70.5415	
0.935656	-0.0667626	0.346541	-0.0411054	0.954643	0.294901	-0.350511	-0.29017	0.890474	-10.1907	-11.159	71.3851	
0.927146	-0.0735884	0.367403	-0.0415402	0.954295	0.295966	-0.37239	-0.289666	0.881714	-10.5315	-11.4324	72.2207	
0.918124	-0.0804003	0.388052	-0.0420012	0.953947	0.297021	-0.394062	-0.289001	0.872464	-10.8929	-11.7052	73.0477	
0.908593	-0.0871947	0.408479	-0.0424881	0.953599	0.298065	-0.415515	-0.288175	0.86273	-11.2746	-11.9773	73.8659	
0.898561	-0.0939678	0.42867	-0.0430007	0.953253	0.299097	-0.436737	-0.28719	0.852516	-11.6764	-12.2486	74.6746	
0.888032	-0.100716	0.448616	-0.0435387	0.952909	0.300116	-0.457716	-0.286044	0.841828	-12.0981	-12.5189	75.4734	
0.877011	-0.107435	0.468304	-0.0441017	0.952565	0.301122	-0.478441	-0.28474	0.830673	-12.5395	-12.788	76.262	
0.865506	-0.114122	0.487725	-0.0446895	0.952224	0.302114	-0.498901	-0.283278	0.819056	-13.0003	-13.0558	77.0398	
0.853523	-0.120772	0.506866	-0.0453018	0.951884	0.303092	-0.519083	-0.281658	0.806983	-13.4803	-13.3222	77.8065	
0.841067	-0.127382	0.525718	-0.0459381	0.951546	0.304055	-0.538976	-0.279881	0.794463	-13.9791	-13.5869	78.5615	
0.828147	-0.133949	0.54427	-0.0465983	0.951211	0.305003	-0.55857	-0.277949	0.781501	-14.4966	-13.8499	79.3046	
0.81477	-0.140468	0.562511	-0.0472818	0.950878	0.305935	-0.577854	-0.275863	0.768105	-15.0324	-14.1111	80.0352	
0.800942	-0.146937	0.580433	-0.0479883	0.950547	0.306851	-0.596816	-0.273623	0.754282	-15.5863	-14.3701	80.753	
0.786671	-0.153351	0.598024	-0.0487174	0.950219	0.307749	-0.615447	-0.271232	0.740039	-16.1578	-14.627	81.4575	
0.771966	-0.159706	0.615274	-0.0494687	0.949895	0.308631	-0.633736	-0.268689	0.725386	-16.7468	-14.8816	82.1485	
0.756834	-0.166001	0.632175	-0.0502418	0.949573	0.309494	-0.651673	-0.265997	0.710329	-17.3528	-15.1337	82.8254	
0.741285	-0.17223	0.648717	-0.0510362	0.949255	0.310339	-0.669248	-0.263158	0.694878	-17.9756	-15.3832	83.4879	
0.725326	-0.17839	0.664891	-0.0518516	0.94894	0.311166	-0.68645	-0.260172	0.679041	-18.6148	-15.6299	84.1357	
0.708966	-0.184479	0.680687	-0.0526874	0.948629	0.311973	-0.703272	-0.257042	0.662826	-19.2701	-15.8738	84.7684	
0.692215	-0.190492	0.696097	-0.0535433	0.948322	0.31276	-0.719702	-0.253769	0.646243	-19.941	-16.1146	85.3856	
0.675082	-0.196427	0.711112	-0.0544186	0.948019	0.313527	-0.735733	-0.250354	0.629301	-20.6272	-16.3523	85.987	
0.657576	-0.202279	0.725725	-0.055313	0.94772	0.314274	-0.751355	-0.246801	0.612009	-21.3283	-16.5867	86.5723	
