1	0	0	0	1	0	0	0	1	0	0	0	
1	1.0655e-06	0.000930012	1.0655e-06	0.999997	-0.00229138	-0.000930012	0.00229138	0.999997	-0.000412164	0.0010155	0.886363	
0.999998	4.27333e-06	0.00186245	4.27363e-06	0.999989	-0.00458906	-0.00186245	0.00458906	0.999988	-0.00164974	0.00406478	1.77272	
0.999996	9.64035e-06	0.00279729	9.64155e-06	0.999976	-0.00689297	-0.00279729	0.00689297	0.999972	-0.00371485	0.00915341	2.65907	
0.999993	1.71832e-05	0.00373448	1.71862e-05	0.999958	-0.00920302	-0.00373448	0.00920302	0.999951	-0.00660961	0.0162869	3.5454	
0.999989	2.69182e-05	0.004674	2.69242e-05	0.999934	-0.0115191	-0.004674	0.0115191	0.999923	-0.0103361	0.0254705	4.4317	
0.999984	3.88615e-05	0.0056158	3.88721e-05	0.999904	-0.0138412	-0.0056158	0.0138412	0.999888	-0.0148964	0.0367098	5.31798	
0.999978	5.3029e-05	0.00655985	5.3046e-05	0.999869	-0.0161691	-0.00655985	0.0161691	0.999848	-0.0202924	0.0500098	6.20423	
0.999972	6.94363e-05	0.00750612	6.94619e-05	0.999829	-0.0185028	-0.00750612	0.0185028	0.999801	-0.0265262	0.0653757	7.09044	
0.999964	8.80987e-05	0.00845456	8.81354e-05	0.999783	-0.0208422	-0.00845456	0.0208422	0.999747	-0.0335997	0.0828128	7.9766	
0.999956	0.000109031	0.00940514	0.000109082	0.999731	-0.0231873	-0.00940514	0.0231873	0.999687	-0.0415148	0.102326	8.86272	
0.999946	0.000132249	0.0103578	0.000132317	0.999674	-0.0255378	-0.0103578	0.0255378	0.99962	-0.0502734	0.12392	9.74877	
0.999936	0.000157767	0.0113126	0.000157855	0.999611	-0.0278938	-0.0113126	0.0278938	0.999547	-0.0598773	0.1476	10.6348	
0.999925	0.000185599	0.0122694	0.000185711	0.999542	-0.0302551	-0.0122694	0.0302551	0.999467	-0.0703284	0.17337	11.5207	
0.999912	0.000215758	0.0132281	0.000215899	0.999468	-0.0326217	-0.0132281	0.0326217	0.99938	-0.0816284	0.201236	12.4065	
0.999899	0.00024826	0.0141889	0.000248434	0.999388	-0.0349934	-0.0141889	0.0349934	0.999287	-0.0937791	0.231202	13.2923	
0.999885	0.000283117	0.0151515	0.000283329	0.999301	-0.0373702	-0.0151515	0.0373702	0.999187	-0.106782	0.263272	14.178	
0.99987	0.000320343	0.0161161	0.000320598	0.99921	-0.039752	-0.0161161	0.039752	0.99908	-0.12064	0.297451	15.0636	
0.999854	0.000359951	0.0170825	0.000360254	0.999112	-0.0421387	-0.0170825	0.0421387	0.998966	-0.135353	0.333744	15.9491	
0.999837	0.000401954	0.0180507	0.000402311	0.999008	-0.0445302	-0.0180506	0.0445303	0.998845	-0.150923	0.372154	16.8345	
0.999819	0.000446363	0.0190206	0.000446781	0.998898	-0.0469265	-0.0190206	0.0469265	0.998717	-0.167352	0.412686	17.7198	
0.9998	0.000493191	0.0199923	0.000493676	0.998783	-0.0493273	-0.0199923	0.0493273	0.998583	-0.184642	0.455344	18.6049	
0.99978	0.000542451	0.0209657	0.00054301	0.998661	-0.0517327	-0.0209657	0.0517327	0.998441	-0.202794	0.500132	19.49	
0.999759	0.000594153	0.0219408	0.000594794	0.998533	-0.0541426	-0.0219408	0.0541426	0.998292	-0.221809	0.547054	20.3749	
0.999737	0.00064831	0.0229175	0.000649039	0.998399	-0.0565568	-0.0229175	0.0565568	0.998136	-0.24169	0.596114	21.2597	
0.999714	0.000704932	0.0238958	0.000705758	0.998259	-0.0589753	-0.0238958	0.0589753	0.997973	-0.262436	0.647316	22.1443	
0.99969	0.00076403	0.0248756	0.000764961	0.998113	-0.0613979	-0.0248756	0.0613979	0.997803	-0.284051	0.700663	23.0288	
0.999665	0.000825614	0.025857	0.000826659	0.997961	-0.0638246	-0.025857	0.0638247	0.997626	-0.306535	0.75616	23.9132	
0.999639	0.000889695	0.0268398	0.000890863	0.997802	-0.0662554	-0.0268398	0.0662554	0.997442	-0.329889	0.813809	24.7973	
0.999612	0.000956284	0.0278241	0.000957584	0.997638	-0.06869	-0.027824	0.06869	0.99725	-0.354115	0.873614	25.6814	
0.999584	0.00102539	0.0288098	0.00102683	0.997467	-0.0711285	-0.0288097	0.0711285	0.997051	-0.379214	0.935579	26.5652	
0.999555	0.00109702	0.0297968	0.00109861	0.997289	-0.0735707	-0.0297967	0.0735707	0.996845	-0.405188	0.999707	27.4488	
0.999525	0.00117118	0.0307852	0.00117294	0.997106	-0.0760165	-0.0307851	0.0760165	0.996631	-0.432036	1.066	28.3323	
0.999494	0.00124789	0.0317748	0.00124983	0.996916	-0.0784658	-0.0317748	0.0784659	0.99641	-0.459762	1.13447	29.2156	
0.999462	0.00132716	0.0327658	0.00132927	0.99672	-0.0809187	-0.0327657	0.0809187	0.996182	-0.488365	1.2051	30.0987	
0.999429	0.00140898	0.0337579	0.00141129	0.996517	-0.0833748	-0.0337578	0.0833749	0.995946	-0.517847	1.27791	30.9816	
0.999395	0.00149337	0.0347512	0.00149589	0.996308	-0.0858343	-0.0347511	0.0858343	0.995703	-0.548209	1.3529	31.8642	
0.99936	0.00158034	0.0357457	0.00158308	0.996093	-0.0882969	-0.0357455	0.088297	0.995453	-0.579452	1.43008	32.7467	
0.999323	0.00166989	0.0367412	0.00167287	0.995871	-0.0907626	-0.0367411	0.0907627	0.995195	-0.611576	1.50943	33.6289	
0.999286	0.00176203	0.0377379	0.00176526	0.995643	-0.0932313	-0.0377377	0.0932314	0.994929	-0.644584	1.59098	34.5109	
0.999248	0.00185677	0.0387355	0.00186026	0.995408	-0.095703	-0.0387354	0.095703	0.994656	-0.678476	1.67471	35.3926	
0.999208	0.00195412	0.0397342	0.00195788	0.995167	-0.0981774	-0.039734	0.0981775	0.994375	-0.713252	1.76063	36.2741	
0.999168	0.00205407	0.0407338	0.00205812	0.994919	-0.100655	-0.0407336	0.100655	0.994087	-0.748914	1.84875	37.1554	
0.999126	0.00215665	0.0417344	0.002161	0.994665	-0.103134	-0.0417342	0.103134	0.993792	-0.785462	1.93907	38.0364	
0.999084	0.00226184	0.0427358	0.00226651	0.994404	-0.105617	-0.0427356	0.105617	0.993488	-0.822897	2.03158	38.9171	
0.99904	0.00236966	0.0437381	0.00237466	0.994137	-0.108101	-0.0437378	0.108102	0.993177	-0.861221	2.1263	39.7975	
0.998996	0.00248011	0.0447412	0.00248547	0.993863	-0.110589	-0.0447409	0.110589	0.992859	-0.900433	2.22322	40.6777	
0.99895	0.00259321	0.045745	0.00259892	0.993583	-0.113078	-0.0457447	0.113078	0.992532	-0.940535	2.32234	41.5576	
0.998903	0.00270894	0.0467496	0.00271504	0.993296	-0.11557	-0.0467493	0.11557	0.992199	-0.981526	2.42367	42.4372	
0.998855	0.00282732	0.0477549	0.00283382	0.993002	-0.118063	-0.0477545	0.118063	0.991857	-1.02341	2.52722	43.3165	
0.998806	0.00294835	0.0487609	0.00295526	0.992702	-0.120559	-0.0487605	0.120559	0.991508	-1.06618	2.63297	44.1955	
0.998756	0.00307203	0.0497675	0.00307938	0.992395	-0.123057	-0.049767	0.123057	0.991151	-1.10985	2.74094	45.0742	
0.998705	0.00319837	0.0507746	0.00320617	0.992081	-0.125556	-0.0507741	0.125556	0.990786	-1.15441	2.85112	45.9525	
0.998653	0.00332736	0.0517823	0.00333564	0.991761	-0.128057	-0.0517818	0.128057	0.990414	-1.19986	2.96351	46.8306	
0.9986	0.00345902	0.0527906	0.00346779	0.991434	-0.13056	-0.05279	0.13056	0.990034	-1.2462	3.07813	47.7083	
0.998545	0.00359335	0.0537993	0.00360262	0.991101	-0.133064	-0.0537987	0.133064	0.989646	-1.29344	3.19496	48.5856	
0.99849	0.00373034	0.0548084	0.00374014	0.990761	-0.13557	-0.0548078	0.13557	0.989251	-1.34157	3.31402	49.4626	
0.998433	0.00387	0.055818	0.00388035	0.990414	-0.138077	-0.0558173	0.138077	0.988847	-1.3906	3.43529	50.3393	
0.998376	0.00401233	0.0568279	0.00402325	0.99006	-0.140585	-0.0568271	0.140586	0.988436	-1.44052	3.55879	51.2156	
0.998317	0.00415733	0.0578382	0.00416884	0.9897	-0.143095	-0.0578373	0.143095	0.988018	-1.49134	3.68451	52.0915	
0.998085	0.0047224	0.0616841	0.00441288	0.989108	-0.147127	-0.061707	0.147117	0.987192	-1.54432	3.81313	52.9669	
0.997837	0.00530299	0.0655257	0.00467302	0.988498	-0.151161	-0.0655737	0.15114	0.986335	-1.60073	3.94531	53.8415	
0.997574	0.00589909	0.0693631	0.00494927	0.987871	-0.155195	-0.0694373	0.155162	0.985446	-1.66056	4.08106	54.7154	
0.997296	0.0065107	0.073196	0.00524165	0.987228	-0.15923	-0.0732978	0.159183	0.984524	-1.72382	4.22037	55.5885	
0.997004	0.0071378	0.0770243	0.00555013	0.986567	-0.163266	-0.0771549	0.163204	0.983571	-1.7905	4.36325	56.4607	
0.996696	0.00778039	0.0808479	0.00587473	0.985888	-0.167301	-0.0810086	0.167223	0.982585	-1.86059	4.50969	57.332	
0.996374	0.00843844	0.0846666	0.00621544	0.985193	-0.171335	-0.0848588	0.17124	0.981568	-1.9341	4.65969	58.2025	
0.996036	0.00911195	0.0884805	0.00657224	0.984481	-0.175369	-0.0887053	0.175255	0.980519	-2.01102	4.81325	59.0721	
0.995684	0.00980089	0.0922893	0.00694512	0.983752	-0.179401	-0.092548	0.179268	0.979438	-2.09135	4.97037	59.9407	
0.995317	0.0105053	0.0960929	0.00733406	0.983005	-0.183431	-0.0963868	0.183277	0.978325	-2.17508	5.13104	60.8084	
0.994935	0.011225	0.0998911	0.00773904	0.982242	-0.187459	-0.100221	0.187283	0.97718	-2.26222	5.29527	61.675	
0.994538	0.0119601	0.103684	0.00816003	0.981462	-0.191485	-0.104052	0.191285	0.976004	-2.35275	5.46304	62.5406	
0.994127	0.0127106	0.107471	0.00859701	0.980665	-0.195507	-0.107878	0.195283	0.974796	-2.44667	5.63436	63.4052	
0.993701	0.0134765	0.111253	0.00904995	0.979851	-0.199526	-0.1117	0.199276	0.973556	-2.54399	5.80922	64.2687	
0.99326	0.0142576	0.115029	0.0095188	0.97902	-0.203541	-0.115518	0.203264	0.972286	-2.64468	5.98762	65.131	
0.992804	0.015054	0.118799	0.0100035	0.978173	-0.207552	-0.11933	0.207247	0.970984	-2.74877	6.16956	65.9922	
0.992334	0.0158656	0.122563	0.0105041	0.977309	-0.211558	-0.123138	0.211224	0.96965	-2.85622	6.35501	66.8523	
0.991849	0.0166925	0.126321	0.0110204	0.976428	-0.21556	-0.126941	0.215195	0.968286	-2.96705	6.544	67.7112	
0.991349	0.0175346	0.130072	0.0115525	0.975532	-0.219556	-0.130739	0.219159	0.96689	-3.08125	6.73649	68.5688	
0.990835	0.0183918	0.133818	0.0121003	0.974618	-0.223546	-0.134533	0.223116	0.965464	-3.19882	6.9325	69.4252	
0.990307	0.0192641	0.137556	0.0126637	0.973689	-0.22753	-0.13832	0.227066	0.964006	-3.31974	7.13202	70.2803	
0.989763	0.0201515	0.141289	0.0132426	0.972743	-0.231507	-0.142103	0.231008	0.962519	-3.44402	7.33503	71.1341	
0.98682	0.0247326	0.159921	0.014863	0.970221	-0.241765	-0.161138	0.240955	0.957066	-3.57842	7.5442	71.9849	
0.983508	0.0295056	0.178443	0.0166864	0.967594	-0.251961	-0.180094	0.250783	0.951143	-3.72965	7.76214	72.8306	
0.979829	0.0344682	0.196845	0.0187119	0.964862	-0.262092	-0.198962	0.260488	0.944754	-3.89765	7.98873	73.6708	
0.975784	0.0396179	0.215119	0.0209385	0.962027	-0.272152	-0.217732	0.270066	0.937901	-4.08233	8.22388	74.5052	
0.971376	0.0449523	0.233255	0.0233651	0.95909	-0.282136	-0.236395	0.27951	0.930587	-4.2836	8.46745	75.3333	
0.966607	0.0504687	0.251245	0.0259906	0.956053	-0.29204	-0.254942	0.288818	0.922816	-4.50136	8.71933	76.1548	
0.961479	0.0561644	0.269079	0.0288136	0.952917	-0.301858	-0.273364	0.297983	0.914592	-4.7355	8.9794	76.9691	
0.955995	0.0620366	0.28675	0.0318327	0.949685	-0.311586	-0.291651	0.307002	0.905919	-4.98592	9.24753	77.776	
0.950157	0.0680824	0.304247	0.0350466	0.946356	-0.321219	-0.309796	0.315871	0.896801	-5.25248	9.52359	78.5749	
0.943968	0.0742989	0.321564	0.0384535	0.942934	-0.330752	-0.327788	0.324584	0.887243	-5.53505	9.80744	79.3656	
0.937432	0.080683	0.338691	0.0420519	0.93942	-0.34018	-0.345619	0.333138	0.877249	-5.83351	10.0989	80.1476	
0.930551	0.0872315	0.355619	0.0458399	0.935814	-0.3495	-0.363281	0.341529	0.866825	-6.14769	10.398	80.9206	
0.923329	0.0939414	0.372341	0.0498157	0.932121	-0.358706	-0.380764	0.349752	0.855974	-6.47745	10.7043	81.6842	
0.91577	0.100809	0.388849	0.0539773	0.92834	-0.367793	-0.398061	0.357803	0.844704	-6.82263	11.0179	82.4379	
0.907876	0.107831	0.405133	0.0583228	0.924474	-0.376758	-0.415162	0.365678	0.833019	-7.18305	11.3386	83.1815	
0.899653	0.115005	0.421187	0.0628499	0.920525	-0.385596	-0.432059	0.373374	0.820925	-7.55854	11.6661	83.9145	
0.891103	0.122326	0.437002	0.0675565	0.916494	-0.394302	-0.448744	0.380886	0.808427	-7.94891	12.0004	84.6366	
0.882232	0.129791	0.452571	0.0724402	0.912385	-0.402873	-0.465208	0.388212	0.795533	-8.35397	12.3413	85.3475	
