1	0	0	0	1	0	0	0	1	0	0	0	
1	-4.42779e-07	-0.000540767	-4.42779e-07	0.999999	-0.0016376	0.000540767	0.0016376	0.999999	0.000260688	0.000789438	0.964141	
0.999999	-1.77607e-06	-0.00108301	-1.77627e-06	0.999995	-0.00328004	0.00108301	0.00328004	0.999994	0.00104346	0.00316009	1.92828	
0.999999	-4.00725e-06	-0.00162671	-4.00804e-06	0.999988	-0.00492726	0.00162671	0.00492726	0.999987	0.00234975	0.00711659	2.89241	
0.999998	-7.14356e-06	-0.00217184	-7.14555e-06	0.999978	-0.00657917	0.00217184	0.00657917	0.999976	0.00418092	0.0126635	3.85653	
0.999996	-1.11921e-05	-0.00271838	-1.11961e-05	0.999966	-0.00823571	0.00271838	0.00823571	0.999962	0.00653835	0.0198053	4.82065	
0.999995	-1.61599e-05	-0.00326629	-1.61669e-05	0.999951	-0.0098968	0.00326629	0.0098968	0.999946	0.00942339	0.0285465	5.78474	
0.999993	-2.20536e-05	-0.00381556	-2.20649e-05	0.999933	-0.0115624	0.00381556	0.0115624	0.999926	0.0128373	0.0388913	6.74882	
0.99999	-2.88801e-05	-0.00436615	-2.8897e-05	0.999912	-0.0132323	0.00436615	0.0132323	0.999903	0.0167815	0.0508441	7.71288	
0.999988	-3.66458e-05	-0.00491805	-3.66701e-05	0.999889	-0.0149066	0.00491805	0.0149066	0.999877	0.0212571	0.0644091	8.67692	
0.999985	-4.53572e-05	-0.00547122	-4.53906e-05	0.999862	-0.0165851	0.00547122	0.0165851	0.999847	0.0262655	0.0795903	9.64093	
0.999982	-5.50205e-05	-0.00602564	-5.50652e-05	0.999833	-0.0182678	0.00602564	0.0182678	0.999815	0.0318078	0.0963919	10.6049	
0.999978	-6.56418e-05	-0.00658129	-6.57e-05	0.999801	-0.0199546	0.00658129	0.0199546	0.999779	0.0378852	0.114818	11.5689	
0.999975	-7.72271e-05	-0.00713814	-7.73014e-05	0.999766	-0.0216455	0.00713814	0.0216455	0.99974	0.044499	0.134872	12.5328	
0.99997	-8.97822e-05	-0.00769616	-8.98752e-05	0.999728	-0.0233402	0.00769616	0.0233402	0.999698	0.0516502	0.156558	13.4966	
0.999966	-0.000103313	-0.00825534	-0.000103427	0.999686	-0.0250389	0.00825534	0.0250389	0.999652	0.0593399	0.179881	14.4605	
0.999961	-0.000117824	-0.00881563	-0.000117964	0.999642	-0.0267413	0.00881563	0.0267413	0.999604	0.0675693	0.204842	15.4242	
0.999956	-0.000133322	-0.00937702	-0.00013349	0.999595	-0.0284474	0.00937702	0.0284474	0.999551	0.0763395	0.231447	16.388	
0.999951	-0.000149811	-0.00993949	-0.000150011	0.999545	-0.0301572	0.00993948	0.0301572	0.999496	0.0856514	0.259699	17.3517	
0.999945	-0.000167297	-0.010503	-0.000167533	0.999492	-0.0318705	0.010503	0.0318705	0.999437	0.0955061	0.2896	18.3153	
0.999939	-0.000185784	-0.0110675	-0.00018606	0.999436	-0.0335874	0.0110675	0.0335874	0.999375	0.105905	0.321156	19.2789	
0.999932	-0.000205278	-0.011633	-0.000205598	0.999376	-0.0353076	0.011633	0.0353076	0.999309	0.116848	0.354368	20.2424	
0.999926	-0.000225782	-0.0121995	-0.000226152	0.999314	-0.0370311	0.0121995	0.0370311	0.99924	0.128337	0.38924	21.2058	
0.999918	-0.000247302	-0.012767	-0.000247725	0.999249	-0.0387579	0.012767	0.0387579	0.999167	0.140372	0.425776	22.1692	
0.999911	-0.000269841	-0.0133353	-0.000270323	0.99918	-0.0404879	0.0133353	0.0404879	0.999091	0.152956	0.463978	23.1325	
0.999903	-0.000293404	-0.0139045	-0.00029395	0.999108	-0.042221	0.0139045	0.042221	0.999012	0.166087	0.50385	24.0957	
0.999895	-0.000317994	-0.0144746	-0.000318609	0.999033	-0.0439571	0.0144746	0.0439571	0.998929	0.179768	0.545394	25.0589	
0.999887	-0.000343616	-0.0150456	-0.000344306	0.998955	-0.0456961	0.0150456	0.0456961	0.998842	0.193999	0.588613	26.0219	
0.999878	-0.000370273	-0.0156173	-0.000371044	0.998874	-0.047438	0.0156173	0.047438	0.998752	0.20878	0.63351	26.9849	
0.999869	-0.000397968	-0.0161899	-0.000398827	0.99879	-0.0491827	0.0161898	0.0491827	0.998659	0.224114	0.680088	27.9478	
0.999859	-0.000426705	-0.0167632	-0.000427658	0.998702	-0.0509301	0.0167631	0.0509301	0.998562	0.239999	0.72835	28.9106	
0.99985	-0.000456487	-0.0173372	-0.00045754	0.998611	-0.0526801	0.0173372	0.0526801	0.998461	0.256438	0.778297	29.8733	
0.999839	-0.000487317	-0.0179119	-0.000488478	0.998517	-0.0544327	0.0179119	0.0544327	0.998357	0.273431	0.829933	30.8359	
0.999829	-0.000519197	-0.0184873	-0.000520473	0.99842	-0.0561877	0.0184873	0.0561877	0.998249	0.290978	0.88326	31.7984	
0.999818	-0.000552131	-0.0190634	-0.000553529	0.99832	-0.0579451	0.0190634	0.0579452	0.998138	0.30908	0.93828	32.7608	
0.999807	-0.000586121	-0.0196401	-0.000587648	0.998216	-0.0597049	0.0196401	0.0597049	0.998023	0.327738	0.994996	33.7231	
0.999795	-0.000621168	-0.0202174	-0.000622834	0.998109	-0.0614669	0.0202174	0.0614669	0.997904	0.346952	1.05341	34.6853	
0.999784	-0.000657276	-0.0207953	-0.000659088	0.997999	-0.063231	0.0207952	0.063231	0.997782	0.366723	1.11352	35.6474	
0.999771	-0.000694447	-0.0213737	-0.000696413	0.997885	-0.0649972	0.0213737	0.0649972	0.997657	0.387051	1.17534	36.6093	
0.999759	-0.000732681	-0.0219527	-0.00073481	0.997768	-0.0667654	0.0219526	0.0667654	0.997527	0.407937	1.23886	37.5711	
0.999746	-0.000771981	-0.0225321	-0.000774282	0.997648	-0.0685355	0.022532	0.0685356	0.997394	0.429382	1.30408	38.5328	
0.999733	-0.000812349	-0.023112	-0.00081483	0.997525	-0.0703075	0.023112	0.0703075	0.997258	0.451386	1.37101	39.4944	
0.999719	-0.000853784	-0.0236924	-0.000856456	0.997398	-0.0720812	0.0236923	0.0720813	0.997117	0.473949	1.43965	40.4558	
0.999705	-0.00089629	-0.0242732	-0.000899162	0.997268	-0.0738566	0.0242731	0.0738567	0.996973	0.497071	1.51001	41.4171	
0.999691	-0.000939865	-0.0248544	-0.000942948	0.997135	-0.0756337	0.0248543	0.0756337	0.996826	0.520754	1.58207	42.3782	
0.999676	-0.000984513	-0.0254359	-0.000987815	0.996999	-0.0774122	0.0254358	0.0774122	0.996675	0.544998	1.65585	43.3393	
0.999661	-0.00103023	-0.0260178	-0.00103376	0.996859	-0.0791922	0.0260177	0.0791922	0.99652	0.569802	1.73135	44.3001	
0.999646	-0.00107702	-0.0266001	-0.0010808	0.996716	-0.0809735	0.0265999	0.0809736	0.996361	0.595167	1.80856	45.2608	
0.99963	-0.00112489	-0.0271826	-0.00112891	0.996569	-0.0827562	0.0271824	0.0827562	0.996199	0.621094	1.88749	46.2214	
0.999614	-0.00117383	-0.0277653	-0.00117811	0.996419	-0.08454	0.0277651	0.0845401	0.996033	0.647583	1.96813	47.1818	
0.999597	-0.00122383	-0.0283483	-0.0012284	0.996266	-0.086325	0.0283481	0.086325	0.995864	0.674633	2.0505	48.142	
0.999581	-0.00127492	-0.0289315	-0.00127976	0.99611	-0.088111	0.0289313	0.0881111	0.99569	0.702246	2.13459	49.1021	
0.999563	-0.00132707	-0.0295149	-0.00133222	0.99595	-0.089898	0.0295147	0.0898981	0.995514	0.730421	2.22041	50.062	
0.999546	-0.0013803	-0.0300985	-0.00138575	0.995787	-0.0916859	0.0300982	0.0916859	0.995333	0.759159	2.30794	51.0217	
0.999528	-0.00143459	-0.0306822	-0.00144037	0.995621	-0.0934745	0.0306819	0.0934746	0.995149	0.788459	2.3972	51.9813	
0.99951	-0.00148996	-0.031266	-0.00149607	0.995451	-0.095264	0.0312657	0.0952641	0.994961	0.818322	2.48819	52.9406	
0.999491	-0.0015464	-0.0318498	-0.00155285	0.995278	-0.097054	0.0318495	0.0970541	0.994769	0.848748	2.5809	53.8998	
0.999473	-0.0016039	-0.0324338	-0.00161072	0.995102	-0.0988447	0.0324334	0.0988448	0.994574	0.879737	2.67534	54.8588	
0.999453	-0.00166247	-0.0330177	-0.00166966	0.994922	-0.100636	0.0330174	0.100636	0.994375	0.911289	2.7715	55.8177	
0.999434	-0.0017221	-0.0336017	-0.00172968	0.994739	-0.102427	0.0336013	0.102428	0.994173	0.943404	2.86939	56.7763	
0.999414	-0.00178279	-0.0341856	-0.00179077	0.994553	-0.104219	0.0341852	0.104219	0.993967	0.976082	2.96901	57.7347	
0.999394	-0.00184455	-0.0347695	-0.00185294	0.994363	-0.106011	0.0347691	0.106012	0.993757	1.00932	3.07036	58.6929	
0.999373	-0.00190736	-0.0353534	-0.00191618	0.99417	-0.107804	0.0353529	0.107804	0.993543	1.04313	3.17343	59.6509	
0.999472	-0.00158966	-0.0324437	-0.00196215	0.994023	-0.109152	0.0324233	0.109158	0.993496	1.0758	3.27802	60.6088	
0.999563	-0.00126798	-0.029534	-0.00200423	0.993874	-0.110502	0.0294932	0.110513	0.993437	1.10565	3.38392	61.5667	
0.999645	-0.000942308	-0.0266244	-0.00204238	0.993723	-0.111854	0.0265627	0.111869	0.993368	1.13267	3.49112	62.5245	
0.999719	-0.000612656	-0.023715	-0.00207659	0.993569	-0.113208	0.0236318	0.113225	0.993288	1.15687	3.59963	63.4822	
0.999783	-0.000279022	-0.0208057	-0.00210685	0.993414	-0.114564	0.0207006	0.114583	0.993198	1.17824	3.70945	64.4398	
0.99984	5.8591e-05	-0.0178966	-0.00213313	0.993256	-0.115921	0.0177692	0.115941	0.993097	1.19678	3.82058	65.3973	
0.999888	0.000400179	-0.0149879	-0.00215543	0.993097	-0.117279	0.0148375	0.117298	0.992986	1.2125	3.93302	66.3548	
0.999927	0.000745739	-0.0120796	-0.00217374	0.992935	-0.118639	0.0119058	0.118656	0.992864	1.2254	4.04677	67.3121	
0.999957	0.00109527	-0.00917178	-0.00218805	0.992772	-0.119999	0.00897405	0.120014	0.992732	1.23546	4.16182	68.2693	
0.999979	0.00144875	-0.00626445	-0.00219834	0.992606	-0.12136	0.00604231	0.121371	0.992589	1.2427	4.27819	69.2263	
0.999993	0.00180619	-0.00335771	-0.00220461	0.992439	-0.122721	0.00311067	0.122727	0.992436	1.24711	4.39586	70.1833	
0.999998	0.00216758	-0.00045163	-0.00220687	0.99227	-0.124082	0.000179181	0.124082	0.992272	1.2487	4.51484	71.14	
0.999716	0.00509936	0.0232852	-0.00224189	0.992634	-0.121131	-0.0237313	0.121044	0.992363	1.23734	4.63301	72.0968	
0.998862	0.00795763	0.0470172	-0.002348	0.992989	-0.11818	-0.0476281	0.117936	0.991878	1.20294	4.74822	73.0534	
0.997438	0.0107407	0.0707308	-0.00252513	0.993335	-0.115232	-0.0714971	0.114758	0.990817	1.14551	4.86041	74.0093	
0.995442	0.013447	0.0944121	-0.00277318	0.993672	-0.112288	-0.0953246	0.111515	0.98918	1.06509	4.96949	74.9638	
0.992878	0.0160749	0.118047	-0.00309201	0.993999	-0.10935	-0.119097	0.108206	0.986969	0.961718	5.07542	75.9165	
0.989745	0.0186229	0.141623	-0.00348143	0.994315	-0.106419	-0.1428	0.104834	0.984184	0.835459	5.17812	76.8668	
0.986047	0.0210896	0.165125	-0.00394121	0.994622	-0.103497	-0.16642	0.101402	0.980827	0.686386	5.27755	77.8141	
0.981785	0.0234734	0.18854	-0.0044711	0.994918	-0.100586	-0.189943	0.0979108	0.976901	0.514586	5.37363	78.7579	
0.976961	0.0257731	0.211854	-0.00507077	0.995204	-0.0976875	-0.213356	0.0943626	0.972407	0.320158	5.46633	79.6977	
0.971579	0.0279872	0.235054	-0.00573989	0.995479	-0.0948032	-0.236645	0.0907596	0.967348	0.103215	5.55557	80.6328	
0.965642	0.0301145	0.258127	-0.00647806	0.995744	-0.0919348	-0.259797	0.0871039	0.961727	-0.136117	5.64132	81.5628	
0.959152	0.0321537	0.281058	-0.00728486	0.995997	-0.089084	-0.282797	0.0833976	0.955547	-0.397698	5.72352	82.4871	
0.952114	0.0341037	0.303834	-0.00815981	0.99624	-0.0862523	-0.305633	0.0796428	0.948813	-0.681377	5.80212	83.4052	
0.944532	0.0359634	0.326443	-0.00910241	0.996471	-0.0834415	-0.328292	0.0758418	0.941527	-0.986988	5.87708	84.3165	
0.936411	0.0377316	0.348871	-0.0101121	0.996691	-0.0806532	-0.35076	0.0719967	0.933694	-1.31436	5.94835	85.2205	
0.927754	0.0394073	0.371106	-0.0111883	0.996899	-0.077889	-0.373024	0.0681098	0.925318	-1.66329	6.01589	86.1168	
0.918567	0.0409895	0.393133	-0.0123304	0.997096	-0.0751505	-0.395072	0.0641833	0.916405	-2.03358	6.07967	87.0046	
0.908856	0.0424774	0.414941	-0.0135378	0.997281	-0.0724393	-0.41689	0.0602195	0.90696	-2.42502	6.13965	87.8837	
0.898626	0.0438701	0.436517	-0.0148096	0.997454	-0.069757	-0.438466	0.0562208	0.896988	-2.83739	6.19578	88.7533	
0.887882	0.0451667	0.457848	-0.0161452	0.997615	-0.067105	-0.459787	0.0521893	0.886494	-3.27043	6.24805	89.6131	
0.876632	0.0463665	0.478922	-0.0175439	0.997764	-0.0644851	-0.480841	0.0481276	0.875486	-3.7239	6.29641	90.4626	
0.864882	0.0474688	0.499726	-0.0190047	0.997901	-0.0618987	-0.501616	0.0440379	0.863969	-4.19754	6.34084	91.3012	
0.852638	0.048473	0.520249	-0.0205269	0.998026	-0.0593472	-0.522099	0.0399226	0.85195	-4.69106	6.38132	92.1284	
0.839908	0.0493785	0.540478	-0.0221096	0.998139	-0.0568323	-0.542279	0.0357841	0.839436	-5.20419	6.41781	92.9438	
0.826698	0.0501847	0.560403	-0.0237518	0.998239	-0.0543552	-0.562144	0.0316248	0.826435	-5.73663	6.45031	93.7469	
