1	0	0	0	1	0	0	0	1	0	0	0	
0.999996	-4.94831e-06	0.00274533	-4.94831e-06	0.999994	0.00360487	-0.00274533	-0.00360487	0.99999	-0.00122154	-0.00160399	0.889896	
0.999985	-1.98018e-05	0.00549147	-1.98067e-05	0.999974	0.00721259	-0.00549147	-0.00721259	0.999959	-0.00488651	-0.00641722	1.77977	
0.999966	-4.45741e-05	0.00823832	-4.45939e-05	0.999941	0.0108231	-0.00823832	-0.0108231	0.999907	-0.0109956	-0.0144422	2.66961	
0.99994	-7.92783e-05	0.0109858	-7.93277e-05	0.999896	0.0144362	-0.0109858	-0.0144362	0.999835	-0.0195494	-0.0256813	3.5594	
0.999906	-0.000123927	0.0137339	-0.000124026	0.999837	0.0180518	-0.0137339	-0.0180518	0.999743	-0.0305484	-0.0401368	4.44911	
0.999864	-0.000178532	0.0164824	-0.000178705	0.999765	0.0216698	-0.0164824	-0.0216698	0.999629	-0.0439931	-0.0578109	5.33873	
0.999815	-0.000243104	0.0192313	-0.000243381	0.99968	0.0252902	-0.0192313	-0.0252902	0.999495	-0.0598839	-0.0787058	6.22825	
0.999758	-0.000317655	0.0219805	-0.000318071	0.999582	0.0289128	-0.0219805	-0.0289128	0.99934	-0.078221	-0.102823	7.11763	
0.999694	-0.000402194	0.0247299	-0.000402789	0.99947	0.0325374	-0.0247299	-0.0325374	0.999165	-0.0990048	-0.130166	8.00686	
0.999622	-0.000496732	0.0274794	-0.00049755	0.999346	0.0361641	-0.0274794	-0.0361641	0.998968	-0.122235	-0.160735	8.89593	
0.999543	-0.000601277	0.0302291	-0.000602368	0.999208	0.0397926	-0.030229	-0.0397927	0.998751	-0.147913	-0.194532	9.78482	
0.999456	-0.000715838	0.0329786	-0.000717258	0.999057	0.043423	-0.0329786	-0.043423	0.998512	-0.176037	-0.231558	10.6735	
0.999361	-0.000840423	0.0357281	-0.000842231	0.998892	0.0470549	-0.0357281	-0.047055	0.998253	-0.206608	-0.271817	11.562	
0.999259	-0.00097504	0.0384774	-0.0009773	0.998714	0.0506885	-0.0384773	-0.0506885	0.997973	-0.239626	-0.315308	12.4502	
0.999149	-0.00111969	0.0412264	-0.00112248	0.998523	0.0543235	-0.0412263	-0.0543236	0.997672	-0.27509	-0.362033	13.3381	
0.999032	-0.00127439	0.0439751	-0.00127777	0.998318	0.0579598	-0.043975	-0.0579599	0.99735	-0.313	-0.411993	14.2258	
0.998907	-0.00143914	0.0467233	-0.0014432	0.9981	0.0615974	-0.0467232	-0.0615975	0.997007	-0.353356	-0.46519	15.1132	
0.998774	-0.00161395	0.049471	-0.00161877	0.997869	0.0652361	-0.0494708	-0.0652363	0.996643	-0.396158	-0.521625	16.0003	
0.998634	-0.00179881	0.0522181	-0.00180449	0.997624	0.0688759	-0.0522179	-0.068876	0.996258	-0.441404	-0.581298	16.887	
0.998486	-0.00199374	0.0549645	-0.00200037	0.997365	0.0725165	-0.0549642	-0.0725167	0.995852	-0.489095	-0.644211	17.7734	
0.998331	-0.00219874	0.0577101	-0.00220642	0.997093	0.076158	-0.0577098	-0.0761582	0.995424	-0.539229	-0.710364	18.6594	
0.998168	-0.00241381	0.0604549	-0.00242264	0.996808	0.0798001	-0.0604546	-0.0798004	0.994976	-0.591807	-0.779758	19.5451	
0.997997	-0.00263896	0.0631988	-0.00264905	0.996509	0.0834429	-0.0631984	-0.0834432	0.994507	-0.646826	-0.852393	20.4303	
0.997819	-0.00287418	0.0659417	-0.00288565	0.996197	0.0870861	-0.0659412	-0.0870865	0.994016	-0.704287	-0.92827	21.3151	
0.997634	-0.00311947	0.0686835	-0.00313245	0.995871	0.0907297	-0.0686829	-0.0907301	0.993504	-0.764188	-1.00739	22.1994	
0.99744	-0.00337485	0.0714241	-0.00338945	0.995531	0.0943736	-0.0714234	-0.0943741	0.992971	-0.826528	-1.08975	23.0833	
0.997239	-0.00364031	0.0741634	-0.00365666	0.995178	0.0980176	-0.0741626	-0.0980182	0.992417	-0.891307	-1.17536	23.9667	
0.997031	-0.00391584	0.0769014	-0.00393409	0.994811	0.101662	-0.0769005	-0.101662	0.991842	-0.958522	-1.2642	24.8496	
0.996815	-0.00420145	0.0796381	-0.00422173	0.994431	0.105306	-0.079637	-0.105306	0.991246	-1.02817	-1.3563	25.732	
0.996591	-0.00449714	0.0823732	-0.0045196	0.994037	0.10895	-0.082372	-0.10895	0.990628	-1.10026	-1.45163	26.6138	
0.99636	-0.00480291	0.0851067	-0.0048277	0.993629	0.112593	-0.0851053	-0.112594	0.98999	-1.17478	-1.55021	27.4951	
0.996122	-0.00511875	0.0878386	-0.00514602	0.993208	0.116236	-0.0878371	-0.116238	0.98933	-1.25173	-1.65202	28.3758	
0.995875	-0.00544466	0.0905688	-0.00547458	0.992773	0.119879	-0.090567	-0.11988	0.988649	-1.33111	-1.75709	29.2559	
0.995622	-0.00578063	0.0932972	-0.00581337	0.992325	0.123521	-0.0932951	-0.123523	0.987946	-1.41292	-1.86539	30.1354	
0.99536	-0.00612668	0.0960237	-0.00616239	0.991863	0.127163	-0.0960214	-0.127164	0.987223	-1.49716	-1.97693	31.0142	
0.995091	-0.00648278	0.0987482	-0.00652165	0.991387	0.130803	-0.0987456	-0.130805	0.986478	-1.58382	-2.09171	31.8924	
0.994815	-0.00684893	0.101471	-0.00689115	0.990897	0.134443	-0.101468	-0.134445	0.985712	-1.6729	-2.20974	32.77	
0.994531	-0.00722514	0.104191	-0.00727089	0.990394	0.138082	-0.104188	-0.138084	0.984925	-1.76441	-2.331	33.6468	
0.99424	-0.0076114	0.106909	-0.00766086	0.989877	0.141719	-0.106906	-0.141722	0.984117	-1.85834	-2.4555	34.5229	
0.993941	-0.00800769	0.109625	-0.00806106	0.989347	0.145356	-0.109621	-0.145359	0.983287	-1.95468	-2.58324	35.3983	
0.993634	-0.00841401	0.112338	-0.0084715	0.988802	0.148991	-0.112334	-0.148994	0.982437	-2.05344	-2.71421	36.273	
0.993321	-0.00883036	0.115049	-0.00889216	0.988244	0.152624	-0.115045	-0.152628	0.981565	-2.15461	-2.84841	37.1469	
0.992999	-0.00925672	0.117758	-0.00932306	0.987673	0.156256	-0.117753	-0.15626	0.980672	-2.25819	-2.98585	38.02	
0.99267	-0.00969309	0.120464	-0.00976418	0.987087	0.159886	-0.120458	-0.159891	0.979758	-2.36419	-3.12653	38.8923	
0.992334	-0.0101395	0.123167	-0.0102155	0.986488	0.163515	-0.123161	-0.16352	0.978822	-2.47258	-3.27043	39.7637	
0.99199	-0.0105958	0.125868	-0.0106771	0.985875	0.167142	-0.125861	-0.167147	0.977866	-2.58339	-3.41756	40.6344	
0.991639	-0.0110622	0.128565	-0.0111488	0.985248	0.170766	-0.128558	-0.170772	0.976888	-2.69659	-3.56791	41.5041	
0.991281	-0.0115385	0.13126	-0.0116308	0.984608	0.174389	-0.131252	-0.174395	0.975889	-2.81219	-3.7215	42.373	
0.990915	-0.0120248	0.133952	-0.012123	0.983954	0.178009	-0.133943	-0.178016	0.974869	-2.93019	-3.8783	43.241	
0.990542	-0.012521	0.136641	-0.0126254	0.983286	0.181628	-0.136631	-0.181635	0.973828	-3.05058	-4.03833	44.1081	
0.990161	-0.0130272	0.139326	-0.0131379	0.982605	0.185243	-0.139316	-0.185251	0.972766	-3.17336	-4.20158	44.9742	
0.989773	-0.0135433	0.142009	-0.0136607	0.98191	0.188857	-0.141997	-0.188865	0.971682	-3.29854	-4.36804	45.8394	
0.989377	-0.0140693	0.144688	-0.0141936	0.981201	0.192467	-0.144675	-0.192476	0.970578	-3.42609	-4.53772	46.7036	
0.988975	-0.0146052	0.147363	-0.0147367	0.980478	0.196075	-0.14735	-0.196085	0.969453	-3.55603	-4.71061	47.5668	
0.988564	-0.015151	0.150036	-0.0152899	0.979742	0.19968	-0.150022	-0.199691	0.968306	-3.68834	-4.88671	48.429	
0.988147	-0.0157067	0.152704	-0.0158533	0.978992	0.203282	-0.152689	-0.203294	0.967139	-3.82303	-5.06602	49.2902	
0.987722	-0.0162722	0.15537	-0.0164268	0.978228	0.206881	-0.155353	-0.206893	0.965951	-3.9601	-5.24853	50.1503	
0.98729	-0.0168476	0.158031	-0.0170105	0.977451	0.210477	-0.158014	-0.21049	0.964741	-4.09953	-5.43424	51.0094	
0.986851	-0.0174328	0.160689	-0.0176042	0.97666	0.21407	-0.16067	-0.214084	0.963511	-4.24133	-5.62316	51.8674	
0.986179	-0.0183309	0.164666	-0.0186933	0.975205	0.220514	-0.164626	-0.220545	0.961384	-4.38607	-5.81655	52.7239	
0.98549	-0.0192559	0.168636	-0.0198089	0.973706	0.226945	-0.168572	-0.226992	0.959197	-4.53433	-6.01568	53.5784	
0.984785	-0.0202078	0.172597	-0.020951	0.972164	0.233361	-0.172509	-0.233426	0.95695	-4.68609	-6.22054	54.431	
0.984064	-0.0211864	0.17655	-0.0221195	0.97058	0.239762	-0.176436	-0.239846	0.954643	-4.84136	-6.43113	55.2816	
0.983326	-0.0221917	0.180494	-0.0233144	0.968952	0.246148	-0.180353	-0.246252	0.952278	-5.00011	-6.64742	56.1301	
0.982571	-0.0232237	0.184429	-0.0245355	0.967281	0.252519	-0.184259	-0.252643	0.949853	-5.16234	-6.8694	56.9764	
0.981801	-0.0242823	0.188354	-0.0257829	0.965567	0.258874	-0.188154	-0.259019	0.947369	-5.32805	-7.09707	57.8206	
0.981014	-0.0253673	0.192269	-0.0270564	0.96381	0.265212	-0.192039	-0.265379	0.944826	-5.49722	-7.3304	58.6625	
0.980212	-0.0264788	0.196174	-0.028356	0.962011	0.271533	-0.195911	-0.271723	0.942224	-5.66984	-7.56938	59.5022	
0.979393	-0.0276165	0.200068	-0.0296816	0.960169	0.277837	-0.199772	-0.27805	0.939563	-5.8459	-7.814	60.3395	
0.978558	-0.0287805	0.203952	-0.0310331	0.958285	0.284124	-0.203621	-0.284361	0.936844	-6.02539	-8.06425	61.1744	
0.977707	-0.0299706	0.207824	-0.0324104	0.956359	0.290392	-0.207458	-0.290654	0.934067	-6.2083	-8.3201	62.0069	
0.97684	-0.0311867	0.211685	-0.0338135	0.95439	0.296642	-0.211281	-0.29693	0.931232	-6.39462	-8.58155	62.8368	
0.975958	-0.0324288	0.215533	-0.0352422	0.952379	0.302874	-0.215091	-0.303188	0.928339	-6.58433	-8.84857	63.6642	
0.97506	-0.0336967	0.21937	-0.0366965	0.950326	0.309086	-0.218888	-0.309427	0.925388	-6.77743	-9.12116	64.4891	
0.974146	-0.0349903	0.223194	-0.0381762	0.948231	0.315278	-0.222671	-0.315647	0.92238	-6.9739	-9.39929	65.3112	
0.973216	-0.0363096	0.227005	-0.0396814	0.946095	0.32145	-0.22644	-0.321848	0.919314	-7.17374	-9.68294	66.1307	
0.972272	-0.0376543	0.230803	-0.0412118	0.943917	0.327602	-0.230195	-0.32803	0.916191	-7.37692	-9.97211	66.9474	
0.971311	-0.0390244	0.234588	-0.0427674	0.941697	0.333733	-0.233935	-0.334191	0.913012	-7.58343	-10.2668	67.7613	
0.970336	-0.0404198	0.238359	-0.0443481	0.939436	0.339842	-0.237659	-0.340332	0.909776	-7.79327	-10.5669	68.5724	
0.969345	-0.0418404	0.242115	-0.0459538	0.937134	0.34593	-0.241369	-0.346452	0.906483	-8.00641	-10.8725	69.3805	
0.967023	-0.0452047	0.250646	-0.0508967	0.929972	0.364089	-0.249552	-0.364839	0.897004	-8.22486	-11.189	70.183	
0.964624	-0.0487421	0.259084	-0.0560031	0.922442	0.382052	-0.257612	-0.383046	0.88708	-8.45053	-11.5218	70.9769	
0.96215	-0.0524508	0.267427	-0.0612705	0.914547	0.399811	-0.265545	-0.401063	0.876718	-8.68332	-11.8707	71.7617	
0.959601	-0.0563291	0.275669	-0.0666964	0.906292	0.417357	-0.273346	-0.418882	0.865921	-8.92311	-12.2355	72.5371	
0.956979	-0.0603749	0.283808	-0.072278	0.897679	0.434681	-0.281012	-0.436494	0.854696	-9.16978	-12.6161	73.3027	
0.954285	-0.0645863	0.291838	-0.0780125	0.888715	0.451775	-0.288539	-0.453889	0.843048	-9.42321	-13.0123	74.0582	
0.95152	-0.0689612	0.299756	-0.0838972	0.879402	0.46863	-0.295923	-0.47106	0.830983	-9.68328	-13.4239	74.8031	
0.948687	-0.0734974	0.307558	-0.0899291	0.869745	0.485238	-0.30316	-0.487997	0.818506	-9.94985	-13.8506	75.537	
0.945785	-0.0781927	0.315239	-0.0961053	0.85975	0.501591	-0.310248	-0.504693	0.805625	-10.2228	-14.2924	76.2597	
0.942818	-0.0830448	0.322798	-0.102423	0.849422	0.51768	-0.317182	-0.52114	0.792344	-10.502	-14.7488	76.9708	
0.939785	-0.0880512	0.330228	-0.108878	0.838764	0.533498	-0.323959	-0.537328	0.778672	-10.7873	-15.2198	77.6698	
0.936689	-0.0932095	0.337528	-0.115468	0.827784	0.549036	-0.330576	-0.55325	0.764614	-11.0785	-15.7051	78.3565	
0.933532	-0.0985171	0.344693	-0.12219	0.816485	0.564288	-0.337029	-0.568899	0.750177	-11.3756	-16.2044	79.0306	
0.930314	-0.103971	0.351719	-0.12904	0.804875	0.579246	-0.343315	-0.584266	0.735369	-11.6783	-16.7175	79.6916	
0.927037	-0.10957	0.358604	-0.136015	0.792957	0.593901	-0.349431	-0.599344	0.720198	-11.9866	-17.2442	80.3393	
0.923703	-0.115309	0.365343	-0.143111	0.78074	0.608247	-0.355375	-0.614125	0.70467	-12.3002	-17.7841	80.9733	
0.920314	-0.121187	0.371934	-0.150326	0.768227	0.622278	-0.361142	-0.628602	0.688793	-12.619	-18.3371	81.5933	
0.916872	-0.127201	0.378373	-0.157654	0.755426	0.635985	-0.366731	-0.642768	0.672575	-12.9429	-18.9028	82.1991	
0.913377	-0.133347	0.384657	-0.165094	0.742343	0.649362	-0.372138	-0.656616	0.656024	-13.2717	-19.481	82.7903	
