1	0	0	0	1	0	0	0	1	0	0	0	
1	8.09932e-08	0.00027729	8.09932e-08	1	-0.000584177	-0.00027729	0.000584177	1	-0.0001224	0.000257864	0.882828	
1	3.24937e-07	0.000555441	3.24854e-07	0.999999	-0.00116987	-0.000555441	0.00116987	0.999999	-0.000489979	0.00103212	1.76566	
1	7.33243e-07	0.000834442	7.32909e-07	0.999998	-0.00175704	-0.000834442	0.00175704	0.999998	-0.00110349	0.0023241	2.64848	
0.999999	1.3073e-06	0.00111428	1.30646e-06	0.999997	-0.00234569	-0.00111428	0.00234569	0.999997	-0.00196369	0.00413511	3.53131	
0.999999	2.04848e-06	0.00139495	2.0468e-06	0.999996	-0.00293578	-0.00139495	0.00293578	0.999995	-0.0030713	0.00646642	4.41413	
0.999999	2.95813e-06	0.00167644	2.95519e-06	0.999994	-0.00352728	-0.00167644	0.00352728	0.999992	-0.00442706	0.0093193	5.29696	
0.999998	4.03759e-06	0.00195875	4.03286e-06	0.999992	-0.00412019	-0.00195875	0.00412019	0.99999	-0.00603168	0.012695	6.17978	
0.999997	5.28815e-06	0.00224185	5.28104e-06	0.999989	-0.00471447	-0.00224185	0.00471447	0.999986	-0.00788588	0.0165948	7.06259	
0.999997	6.7111e-06	0.00252573	6.70092e-06	0.999986	-0.0053101	-0.00252573	0.0053101	0.999983	-0.00999036	0.0210197	7.94541	
0.999996	8.30771e-06	0.0028104	8.29368e-06	0.999983	-0.00590706	-0.0028104	0.00590706	0.999979	-0.0123458	0.0259712	8.82822	
0.999995	1.00792e-05	0.00309584	1.00605e-05	0.999979	-0.00650532	-0.00309584	0.00650532	0.999974	-0.0149529	0.0314502	9.71103	
0.999994	1.20269e-05	0.00338203	1.20024e-05	0.999975	-0.00710487	-0.00338203	0.00710487	0.999969	-0.0178123	0.0374579	10.5938	
0.999993	1.41518e-05	0.00366897	1.41206e-05	0.99997	-0.00770568	-0.00366897	0.00770568	0.999964	-0.0209247	0.0439955	11.4766	
0.999992	1.64552e-05	0.00395665	1.64162e-05	0.999965	-0.00830771	-0.00395665	0.00830771	0.999958	-0.0242908	0.051064	12.3594	
0.999991	1.89383e-05	0.00424505	1.88901e-05	0.99996	-0.00891097	-0.00424505	0.00891097	0.999951	-0.0279111	0.0586646	13.2422	
0.99999	2.16022e-05	0.00453417	2.15435e-05	0.999955	-0.00951541	-0.00453417	0.00951541	0.999944	-0.0317864	0.0667982	14.125	
0.999988	2.44479e-05	0.004824	2.43774e-05	0.999949	-0.010121	-0.004824	0.010121	0.999937	-0.0359173	0.075466	15.0078	
0.999987	2.74766e-05	0.00511452	2.73926e-05	0.999942	-0.0107278	-0.00511452	0.0107278	0.999929	-0.0403043	0.084669	15.8905	
0.999985	3.06893e-05	0.00540572	3.05903e-05	0.999936	-0.0113356	-0.00540572	0.0113356	0.999921	-0.044948	0.0944081	16.7733	
0.999984	3.40871e-05	0.0056976	3.39713e-05	0.999929	-0.0119446	-0.0056976	0.0119446	0.999912	-0.0498492	0.104684	17.6561	
0.999982	3.76709e-05	0.00599014	3.75366e-05	0.999921	-0.0125546	-0.00599014	0.0125546	0.999903	-0.0550083	0.115499	18.5388	
0.99998	4.14417e-05	0.00628333	4.1287e-05	0.999913	-0.0131657	-0.00628333	0.0131657	0.999894	-0.060426	0.126852	19.4215	
0.999978	4.54006e-05	0.00657716	4.52234e-05	0.999905	-0.0137778	-0.00657716	0.0137778	0.999883	-0.0661028	0.138745	20.3043	
0.999976	4.95484e-05	0.00687162	4.93466e-05	0.999896	-0.0143909	-0.00687162	0.0143909	0.999873	-0.0720393	0.151179	21.187	
0.999974	5.3886e-05	0.0071667	5.36574e-05	0.999887	-0.015005	-0.0071667	0.015005	0.999862	-0.078236	0.164155	22.0697	
0.999972	5.84144e-05	0.00746239	5.81567e-05	0.999878	-0.01562	-0.00746239	0.01562	0.99985	-0.0846935	0.177673	22.9524	
0.99997	6.31343e-05	0.00775867	6.28452e-05	0.999868	-0.0162359	-0.00775868	0.0162359	0.999838	-0.0914123	0.191735	23.8351	
0.999968	6.80467e-05	0.00805554	6.77236e-05	0.999858	-0.0168528	-0.00805555	0.0168528	0.999826	-0.0983929	0.206341	24.7178	
0.999965	7.31523e-05	0.00835299	7.27926e-05	0.999847	-0.0174705	-0.00835299	0.0174705	0.999812	-0.105636	0.221491	25.6004	
0.999963	7.84519e-05	0.008651	7.80529e-05	0.999836	-0.0180891	-0.00865101	0.0180891	0.999799	-0.113142	0.237188	26.4831	
0.99996	8.39463e-05	0.00894957	8.35052e-05	0.999825	-0.0187086	-0.00894957	0.0187086	0.999785	-0.120911	0.253431	27.3657	
0.999957	8.96361e-05	0.00924867	8.91501e-05	0.999813	-0.0193288	-0.00924868	0.0193288	0.99977	-0.128944	0.270221	28.2484	
0.999954	9.55222e-05	0.00954831	9.49882e-05	0.999801	-0.0199498	-0.00954831	0.0199498	0.999755	-0.137241	0.287559	29.131	
0.999951	0.000101605	0.00984846	0.00010102	0.999788	-0.0205716	-0.00984847	0.0205716	0.99974	-0.145803	0.305446	30.0136	
0.999948	0.000107885	0.0101491	0.000107246	0.999775	-0.0211941	-0.0101491	0.0211941	0.999724	-0.15463	0.323882	30.8962	
0.999945	0.000114364	0.0104503	0.000113667	0.999762	-0.0218174	-0.0104503	0.0218174	0.999707	-0.163723	0.342868	31.7788	
0.999942	0.000121041	0.0107519	0.000120283	0.999748	-0.0224413	-0.0107519	0.0224413	0.99969	-0.173082	0.362404	32.6613	
0.999939	0.000127918	0.0110541	0.000127096	0.999734	-0.0230659	-0.0110541	0.0230659	0.999673	-0.182708	0.382492	33.5439	
0.999936	0.000134994	0.0113566	0.000134104	0.999719	-0.0236911	-0.0113567	0.0236911	0.999655	-0.1926	0.403131	34.4264	
0.999932	0.000142271	0.0116597	0.000141309	0.999704	-0.024317	-0.0116597	0.024317	0.999636	-0.20276	0.424322	35.3089	
0.999928	0.000149748	0.0119632	0.000148711	0.999689	-0.0249434	-0.0119632	0.0249434	0.999617	-0.213187	0.446067	36.1914	
0.999925	0.000157427	0.0122671	0.00015631	0.999673	-0.0255704	-0.0122671	0.0255704	0.999598	-0.223883	0.468364	37.0739	
0.999921	0.000165308	0.0125714	0.000164107	0.999657	-0.026198	-0.0125714	0.026198	0.999578	-0.234847	0.491215	37.9564	
0.999917	0.00017339	0.0128761	0.000172102	0.99964	-0.026826	-0.0128761	0.026826	0.999557	-0.24608	0.514621	38.8388	
0.999913	0.000181675	0.0131813	0.000180295	0.999623	-0.0274546	-0.0131813	0.0274546	0.999536	-0.257582	0.538581	39.7212	
0.999909	0.000190163	0.0134868	0.000188687	0.999606	-0.0280836	-0.0134868	0.0280836	0.999515	-0.269354	0.563097	40.6037	
0.999905	0.000198854	0.0137926	0.000197277	0.999588	-0.0287131	-0.0137927	0.0287131	0.999493	-0.281395	0.588167	41.486	
0.999901	0.000207748	0.0140989	0.000206066	0.999569	-0.029343	-0.0140989	0.029343	0.99947	-0.293707	0.613794	42.3684	
0.999896	0.000216846	0.0144055	0.000215054	0.999551	-0.0299734	-0.0144055	0.0299733	0.999447	-0.306289	0.639977	43.2508	
0.999892	0.000226148	0.0147124	0.000224242	0.999532	-0.030604	-0.0147124	0.030604	0.999423	-0.319142	0.666717	44.1331	
0.999887	0.000235654	0.0150197	0.000233628	0.999512	-0.0312351	-0.0150197	0.0312351	0.999399	-0.332266	0.694014	45.0154	
0.999883	0.000245364	0.0153272	0.000243214	0.999492	-0.0318664	-0.0153273	0.0318664	0.999375	-0.345662	0.721868	45.8977	
0.999878	0.000255278	0.0156351	0.000252999	0.999472	-0.0324981	-0.0156352	0.0324981	0.999349	-0.359329	0.750279	46.78	
0.999873	0.000265397	0.0159433	0.000262984	0.999451	-0.0331301	-0.0159433	0.03313	0.999324	-0.373268	0.779248	47.6622	
0.999868	0.000275721	0.0162517	0.000273168	0.99943	-0.0337623	-0.0162518	0.0337622	0.999298	-0.38748	0.808775	48.5444	
0.999863	0.000286248	0.0165604	0.000283551	0.999408	-0.0343947	-0.0165605	0.0343947	0.999271	-0.401964	0.838861	49.4266	
0.999858	0.000296981	0.0168694	0.000294133	0.999386	-0.0350273	-0.0168695	0.0350273	0.999244	-0.41672	0.869505	50.3088	
0.999852	0.000307918	0.0171786	0.000304915	0.999364	-0.0356601	-0.0171787	0.0356601	0.999216	-0.431749	0.900707	51.1909	
0.999847	0.00031906	0.0174881	0.000315895	0.999341	-0.0362931	-0.0174881	0.0362931	0.999188	-0.447052	0.932468	52.0731	
0.999784	0.0004381	0.0207931	0.000304215	0.999363	-0.0356834	-0.0207955	0.035682	0.999147	-0.463951	0.964239	52.9552	
0.999709	0.000555146	0.0240988	0.000290546	0.999385	-0.0350751	-0.0241034	0.0350719	0.999094	-0.48377	0.995471	53.8372	
0.999624	0.000670198	0.0274048	0.000274894	0.999406	-0.034468	-0.0274117	0.0344626	0.99903	-0.506509	1.02616	54.7192	
0.999528	0.000783255	0.0307113	0.000257266	0.999426	-0.0338621	-0.0307202	0.033854	0.998955	-0.53217	1.05632	55.6011	
0.999421	0.00089432	0.0340181	0.000237665	0.999447	-0.0332573	-0.034029	0.0332462	0.998868	-0.560751	1.08594	56.483	
0.999303	0.00100339	0.0373252	0.000216095	0.999467	-0.0326536	-0.037338	0.0326389	0.99877	-0.592253	1.11502	57.3648	
0.999174	0.00111047	0.0406323	0.000192559	0.999486	-0.0320507	-0.040647	0.0320321	0.99866	-0.626677	1.14357	58.2465	
0.999033	0.00121555	0.0439396	0.000167059	0.999505	-0.0314488	-0.0439561	0.0314257	0.998539	-0.664022	1.17158	59.1281	
0.998882	0.00131864	0.0472468	0.000139595	0.999524	-0.0308476	-0.047265	0.0308197	0.998407	-0.704288	1.19906	60.0096	
0.99872	0.00141973	0.050554	0.000110169	0.999542	-0.030247	-0.0505738	0.0302139	0.998263	-0.747476	1.226	60.8909	
0.998547	0.00151882	0.0538609	7.87794e-05	0.99956	-0.0296471	-0.0538823	0.0296083	0.998108	-0.793584	1.2524	61.7722	
0.998363	0.00161592	0.0571677	4.54248e-05	0.999578	-0.0290477	-0.0571905	0.0290028	0.997942	-0.842613	1.27828	62.6532	
0.998168	0.00171102	0.0604741	1.01028e-05	0.999595	-0.0284487	-0.0604983	0.0283972	0.997764	-0.894563	1.30361	63.5342	
0.997962	0.00180412	0.06378	-2.71896e-05	0.999612	-0.0278501	-0.0638055	0.0277916	0.997575	-0.949432	1.32841	64.4149	
0.997745	0.00189521	0.0670855	-6.64565e-05	0.999629	-0.0272518	-0.0671123	0.0271859	0.997375	-1.00722	1.35268	65.2955	
0.997518	0.0019843	0.0703905	-0.000107703	0.999645	-0.0266536	-0.0704183	0.0265798	0.997163	-1.06793	1.37642	66.176	
0.997279	0.00207138	0.0736947	-0.000150934	0.99966	-0.0260555	-0.0737237	0.0259735	0.99694	-1.13156	1.39961	67.0562	
0.997029	0.00215645	0.0769983	-0.000196157	0.999676	-0.0254574	-0.0770282	0.0253667	0.996706	-1.1981	1.42228	67.9362	
0.996768	0.00223951	0.080301	-0.00024338	0.999691	-0.0248593	-0.0803318	0.0247594	0.996461	-1.26756	1.4444	68.816	
0.996496	0.00232056	0.0836028	-0.00029261	0.999706	-0.024261	-0.0836345	0.0241516	0.996204	-1.33994	1.46599	69.6956	
0.996214	0.00239959	0.0869037	-0.000343856	0.99972	-0.0236625	-0.0869361	0.023543	0.995936	-1.41523	1.48705	70.575	
0.99592	0.00247659	0.0902035	-0.000397129	0.999734	-0.0230637	-0.0902366	0.0229338	0.995656	-1.49344	1.50756	71.4541	
0.99387	0.00285892	0.110518	-0.00123761	0.999891	-0.014736	-0.110548	0.0145089	0.993765	-1.58207	1.52409	72.3323	
0.991406	0.00306913	0.130788	-0.00224791	0.999977	-0.00642615	-0.130805	0.00607692	0.991389	-1.68861	1.53318	73.2086	
0.988528	0.0031071	0.151005	-0.00342753	0.999992	0.00186177	-0.150998	-0.00235799	0.988531	-1.81301	1.53482	74.0826	
0.985239	0.00297283	0.171159	-0.00477591	0.999937	0.0101237	-0.171118	-0.0107918	0.985191	-1.9552	1.52901	74.9539	
0.98154	0.00266637	0.19124	-0.00629238	0.999812	0.0183558	-0.191155	-0.0192203	0.981372	-2.11512	1.51577	75.822	
0.977432	0.00218788	0.211238	-0.00797621	0.999616	0.0265538	-0.211099	-0.0276394	0.977074	-2.29269	1.49508	76.6865	
0.972919	0.00153759	0.231143	-0.00982658	0.999349	0.0347138	-0.230939	-0.0360451	0.9723	-2.48782	1.46697	77.547	
0.968001	0.000715823	0.250946	-0.0118426	0.999012	0.0428319	-0.250668	-0.0444332	0.967053	-2.70041	1.43144	78.4031	
0.962681	-0.000277031	0.270637	-0.0140232	0.998605	0.0509041	-0.270274	-0.0527997	0.961335	-2.93037	1.38852	79.2544	
0.956963	-0.00144048	0.290206	-0.0163675	0.998128	0.0589265	-0.289748	-0.0611404	0.955148	-3.17759	1.33822	80.1004	
0.950848	-0.00277397	0.309645	-0.0188742	0.997581	0.0668951	-0.309081	-0.0694514	0.948496	-3.44193	1.28058	80.9407	
0.94434	-0.00427684	0.328942	-0.0215421	0.996965	0.0748062	-0.328264	-0.0777286	0.941382	-3.72327	1.21561	81.7749	
0.937442	-0.00594836	0.34809	-0.0243699	0.99628	0.0826557	-0.347287	-0.0859679	0.93381	-4.02148	1.14335	82.6027	
0.930157	-0.00778771	0.367079	-0.0273563	0.995526	0.0904399	-0.366141	-0.0941653	0.925783	-4.33641	1.06383	83.4236	
0.922489	-0.00979401	0.385899	-0.0304998	0.994704	0.0981551	-0.384816	-0.102317	0.917305	-4.66791	0.977095	84.2372	
0.914442	-0.0119663	0.404541	-0.0337989	0.993813	0.105797	-0.403304	-0.110419	0.90838	-5.01581	0.883187	85.0431	
0.906019	-0.0143034	0.422996	-0.0372519	0.992855	0.113363	-0.421595	-0.118466	0.899012	-5.37995	0.78215	85.8409	
0.897224	-0.0168044	0.441256	-0.0408572	0.99183	0.120849	-0.439682	-0.126457	0.889207	-5.76014	0.674033	86.6303	
