1	0	0	0	1	0	0	0	1	0	0	0	
0.999997	-4.97324e-07	-0.00253136	-4.97324e-07	1	-0.000392929	0.00253136	0.000392929	0.999997	0.00092497	0.000143578	0.730807	
0.999987	-1.99301e-06	-0.00506556	-1.99595e-06	1	-0.000787462	0.00506556	0.000787462	0.999987	0.00370092	0.000574898	1.46161	
0.999971	-4.49333e-06	-0.00760254	-4.50512e-06	0.999999	-0.00118359	0.00760254	0.00118359	0.99997	0.0083299	0.00129513	2.1924	
0.999949	-8.00449e-06	-0.0101422	-8.03399e-06	0.999999	-0.00158131	0.0101422	0.00158131	0.999947	0.0148139	0.00230544	2.92318	
0.99992	-1.25326e-05	-0.0126846	-1.25917e-05	0.999998	-0.00198062	0.0126846	0.00198062	0.999918	0.0231549	0.00360698	3.65394	
0.999884	-1.80839e-05	-0.0152296	-1.81874e-05	0.999997	-0.0023815	0.0152296	0.0023815	0.999881	0.0333549	0.00520092	4.38468	
0.999842	-2.46643e-05	-0.017777	-2.483e-05	0.999996	-0.00278394	0.017777	0.00278395	0.999838	0.0454156	0.00708839	5.11538	
0.999793	-3.22797e-05	-0.020327	-3.25287e-05	0.999995	-0.00318795	0.020327	0.00318796	0.999788	0.059339	0.00927055	5.84605	
0.999738	-4.09363e-05	-0.0228794	-4.12923e-05	0.999994	-0.00359352	0.0228794	0.00359352	0.999732	0.0751268	0.0117485	6.57669	
0.999676	-5.06397e-05	-0.0254341	-5.11297e-05	0.999992	-0.00400063	0.0254341	0.00400064	0.999668	0.0927808	0.0145235	7.30728	
0.999608	-6.13957e-05	-0.0279911	-6.20499e-05	0.99999	-0.00440928	0.0279911	0.00440929	0.999598	0.112303	0.0175965	8.03782	
0.999533	-7.32103e-05	-0.0305503	-7.40615e-05	0.999988	-0.00481947	0.0305503	0.00481948	0.999522	0.133694	0.0209687	8.7683	
0.999452	-8.60889e-05	-0.0331118	-8.71734e-05	0.999986	-0.00523117	0.0331118	0.00523119	0.999438	0.156956	0.0246413	9.49873	
0.999363	-0.000100037	-0.0356753	-0.000101394	0.999984	-0.0056444	0.0356753	0.00564442	0.999347	0.182091	0.0286153	10.2291	
0.999269	-0.000115061	-0.0382408	-0.000116733	0.999982	-0.00605913	0.0382408	0.00605916	0.99925	0.209101	0.0328918	10.9594	
0.999167	-0.000131165	-0.0408084	-0.000133197	0.999979	-0.00647536	0.0408084	0.00647541	0.999146	0.237985	0.037472	11.6896	
0.999059	-0.000148356	-0.0433778	-0.000150797	0.999976	-0.00689309	0.0433778	0.00689314	0.999035	0.268747	0.0423569	12.4198	
0.998944	-0.000166638	-0.0459491	-0.000169539	0.999973	-0.0073123	0.0459491	0.00731237	0.998917	0.301388	0.0475477	13.1498	
0.998822	-0.000186017	-0.0485222	-0.000189434	0.99997	-0.00773299	0.0485222	0.00773307	0.998792	0.335908	0.0530454	13.8798	
0.998694	-0.000206498	-0.0510971	-0.000210488	0.999967	-0.00815515	0.0510971	0.00815525	0.99866	0.372309	0.058851	14.6097	
0.998559	-0.000228086	-0.0536736	-0.000232711	0.999963	-0.00857876	0.0536736	0.00857889	0.998522	0.410593	0.0649657	15.3394	
0.998417	-0.000250787	-0.0562517	-0.00025611	0.999959	-0.00900383	0.0562517	0.00900398	0.998376	0.45076	0.0713906	16.0691	
0.998268	-0.000274605	-0.0588314	-0.000280694	0.999955	-0.00943034	0.0588314	0.00943052	0.998223	0.492812	0.0781266	16.7987	
0.998112	-0.000299546	-0.0614126	-0.00030647	0.999951	-0.00985829	0.0614126	0.0098585	0.998064	0.53675	0.0851749	17.5281	
0.99795	-0.000325613	-0.0639952	-0.000333448	0.999947	-0.0102877	0.0639952	0.0102879	0.997897	0.582574	0.0925365	18.2575	
0.997781	-0.000352813	-0.0665792	-0.000361635	0.999942	-0.0107184	0.0665791	0.0107187	0.997724	0.630287	0.100212	18.9867	
0.997605	-0.00038115	-0.0691645	-0.000391038	0.999938	-0.0111506	0.0691644	0.011151	0.997543	0.679888	0.108204	19.7158	
0.997422	-0.000410628	-0.071751	-0.000421666	0.999933	-0.0115842	0.0717509	0.0115846	0.997355	0.731379	0.116511	20.4447	
0.997233	-0.000441253	-0.0743387	-0.000453527	0.999928	-0.0120192	0.0743386	0.0120197	0.997161	0.784761	0.125137	21.1735	
0.997037	-0.000473028	-0.0769275	-0.000486628	0.999922	-0.0124556	0.0769274	0.0124561	0.996959	0.840034	0.13408	21.9022	
0.996833	-0.000505958	-0.0795174	-0.000520977	0.999917	-0.0128933	0.0795173	0.0128939	0.99675	0.8972	0.143343	22.6307	
0.996623	-0.000540048	-0.0821083	-0.000556582	0.999911	-0.0133324	0.0821081	0.0133331	0.996534	0.956258	0.152927	23.359	
0.996406	-0.000575302	-0.0847001	-0.000593449	0.999905	-0.0137729	0.0846999	0.0137737	0.996311	1.01721	0.162831	24.0872	
0.996183	-0.000611724	-0.0872928	-0.000631587	0.999899	-0.0142147	0.0872926	0.0142155	0.996081	1.08006	0.173059	24.8153	
0.995952	-0.000649319	-0.0898863	-0.000671003	0.999892	-0.0146578	0.0898861	0.0146588	0.995844	1.1448	0.18361	25.5431	
0.995714	-0.00068809	-0.0924805	-0.000711705	0.999886	-0.0151023	0.0924803	0.0151034	0.9956	1.21144	0.194485	26.2708	
0.99547	-0.000728042	-0.0950755	-0.000753698	0.999879	-0.015548	0.0950753	0.0155493	0.995349	1.27997	0.205685	26.9983	
0.995218	-0.000769178	-0.0976711	-0.000796992	0.999872	-0.0159951	0.0976708	0.0159965	0.99509	1.3504	0.217212	27.7256	
0.99496	-0.000811503	-0.100267	-0.000841592	0.999864	-0.0164435	0.100267	0.016445	0.994825	1.42273	0.229067	28.4527	
0.994695	-0.000855021	-0.102864	-0.000887505	0.999857	-0.0168932	0.102864	0.0168948	0.994552	1.49695	0.241249	29.1797	
0.994423	-0.000899734	-0.105461	-0.00093474	0.999849	-0.0173441	0.105461	0.0173459	0.994272	1.57308	0.253761	29.9064	
0.994144	-0.000945647	-0.108058	-0.000983302	0.999841	-0.0177963	0.108058	0.0177983	0.993985	1.6511	0.266603	30.6329	
0.993858	-0.000992763	-0.110656	-0.0010332	0.999833	-0.0182498	0.110656	0.018252	0.993691	1.73101	0.279776	31.3592	
0.993565	-0.00104109	-0.113254	-0.00108444	0.999824	-0.0187045	0.113254	0.0187069	0.99339	1.81283	0.293281	32.0853	
0.993266	-0.00109062	-0.115853	-0.00113702	0.999816	-0.0191604	0.115852	0.0191631	0.993082	1.89655	0.307119	32.8112	
0.992959	-0.00114137	-0.118451	-0.00119096	0.999807	-0.0196176	0.118451	0.0196205	0.992766	1.98216	0.32129	33.5368	
0.992646	-0.00119333	-0.12105	-0.00124626	0.999798	-0.0200759	0.121049	0.0200792	0.992443	2.06968	0.335797	34.2622	
0.992325	-0.00124652	-0.123648	-0.00130293	0.999788	-0.0205355	0.123648	0.020539	0.992114	2.15909	0.350639	34.9874	
0.991998	-0.00130092	-0.126247	-0.00136097	0.999779	-0.0209963	0.126246	0.0210001	0.991777	2.2504	0.365817	35.7123	
0.991664	-0.00135656	-0.128845	-0.00142039	0.999769	-0.0214583	0.128844	0.0214624	0.991433	2.34361	0.381333	36.437	
0.991323	-0.00141342	-0.131443	-0.00148119	0.999759	-0.0219214	0.131442	0.0219259	0.991081	2.43872	0.397188	37.1614	
0.991216	-0.00143224	-0.132249	-0.00180485	0.999702	-0.0243542	0.132244	0.024379	0.990917	2.53508	0.414108	37.8856	
0.991107	-0.00145319	-0.133059	-0.00213126	0.999639	-0.0267924	0.13305	0.0268377	0.990746	2.63202	0.432822	38.6097	
0.990997	-0.00147632	-0.133876	-0.00246041	0.99957	-0.0292357	0.133861	0.0293019	0.990567	2.72955	0.453336	39.3337	
0.990886	-0.00150165	-0.134697	-0.00279231	0.999494	-0.031684	0.134677	0.0317713	0.99038	2.82767	0.475652	40.0575	
0.990773	-0.0015292	-0.135524	-0.00312695	0.999412	-0.0341372	0.135496	0.034246	0.990186	2.92639	0.499775	40.7813	
0.990659	-0.00155901	-0.136355	-0.00346435	0.999324	-0.0365951	0.13632	0.0367256	0.989984	3.02572	0.525709	41.5048	
0.990543	-0.0015911	-0.137192	-0.00380449	0.99923	-0.0390576	0.137148	0.0392102	0.989774	3.12564	0.553456	42.2282	
0.990426	-0.00162548	-0.138033	-0.00414739	0.999129	-0.0415244	0.137981	0.0416994	0.989557	3.22618	0.583021	42.9515	
0.990308	-0.0016622	-0.138879	-0.00449304	0.999022	-0.0439955	0.138816	0.0441931	0.989332	3.32732	0.614406	43.6746	
0.990188	-0.00170127	-0.13973	-0.00484143	0.998908	-0.0464707	0.139656	0.0466913	0.989099	3.42908	0.647616	44.3975	
0.990067	-0.00174271	-0.140584	-0.00519257	0.998788	-0.0489499	0.140499	0.0491937	0.988858	3.53145	0.682652	45.1203	
0.989945	-0.00178654	-0.141444	-0.00554646	0.998661	-0.0514328	0.141346	0.0517001	0.988609	3.63443	0.719519	45.8428	
0.989821	-0.00183279	-0.142307	-0.00590309	0.998528	-0.0539194	0.142196	0.0542106	0.988353	3.73804	0.75822	46.5652	
0.989696	-0.00188146	-0.143174	-0.00626246	0.998388	-0.0564094	0.143049	0.0567248	0.988089	3.84227	0.798756	47.2874	
0.989569	-0.00193259	-0.144045	-0.00662457	0.998242	-0.0589028	0.143906	0.0592426	0.987817	3.94712	0.841131	48.0094	
0.989441	-0.00198618	-0.14492	-0.00698941	0.998089	-0.0613994	0.144765	0.061764	0.987536	4.05261	0.885347	48.7312	
0.989312	-0.00204225	-0.145798	-0.00735697	0.997929	-0.063899	0.145627	0.0642887	0.987249	4.15872	0.931407	49.4528	
0.989182	-0.00210082	-0.14668	-0.00772726	0.997763	-0.0664014	0.146492	0.0668165	0.986953	4.26546	0.979314	50.1742	
0.98905	-0.0021619	-0.147566	-0.00810026	0.99759	-0.0689066	0.147359	0.0693474	0.986649	4.37283	1.02907	50.8954	
0.988917	-0.00222549	-0.148454	-0.00847597	0.997411	-0.0714144	0.148229	0.0718812	0.986337	4.48084	1.08067	51.6163	
0.988782	-0.00229163	-0.149346	-0.00885438	0.997225	-0.0739246	0.149101	0.0744177	0.986018	4.58949	1.13413	52.337	
0.988647	-0.0023603	-0.15024	-0.00923548	0.997032	-0.0764371	0.149975	0.0769568	0.98569	4.69877	1.18945	53.0575	
0.98851	-0.00243153	-0.151137	-0.00961927	0.996832	-0.0789517	0.150851	0.0794984	0.985355	4.80869	1.24661	53.7777	
0.988372	-0.00250532	-0.152037	-0.0100057	0.996626	-0.0814683	0.151729	0.0820422	0.985011	4.91926	1.30564	54.4977	
0.988232	-0.00258167	-0.15294	-0.0103949	0.996413	-0.0839868	0.152608	0.0845882	0.98466	5.03046	1.36653	55.2174	
0.988091	-0.00266059	-0.153845	-0.0107866	0.996193	-0.0865069	0.153489	0.0871362	0.984301	5.14231	1.42928	55.9369	
0.98795	-0.0027421	-0.154752	-0.0111811	0.995966	-0.0890286	0.154372	0.089686	0.983934	5.25481	1.49389	56.6561	
0.987806	-0.00282618	-0.155662	-0.0115781	0.995733	-0.0915516	0.155256	0.0922375	0.983559	5.36794	1.56037	57.375	
0.987662	-0.00291284	-0.156573	-0.0119778	0.995493	-0.0940759	0.156141	0.0947906	0.983176	5.48173	1.62871	58.0937	
0.987517	-0.00300209	-0.157486	-0.0123801	0.995246	-0.0966013	0.157027	0.0973451	0.982785	5.59616	1.69891	58.812	
0.98737	-0.00309392	-0.158401	-0.012785	0.994993	-0.0991277	0.157915	0.0999008	0.982386	5.71125	1.77099	59.5301	
0.987222	-0.00318834	-0.159318	-0.0131924	0.994732	-0.101655	0.158802	0.102458	0.98198	5.82697	1.84493	60.2479	
0.987073	-0.00328533	-0.160235	-0.0136024	0.994465	-0.104183	0.159691	0.105016	0.981565	5.94335	1.92074	60.9654	
0.986923	-0.0033849	-0.161155	-0.014015	0.994191	-0.106711	0.16058	0.107574	0.981143	6.06038	1.99842	61.6826	
0.986772	-0.00348704	-0.162075	-0.0144301	0.993911	-0.10924	0.161469	0.110133	0.980713	6.17806	2.07798	62.3995	
0.98662	-0.00359174	-0.162997	-0.0148477	0.993623	-0.111769	0.162359	0.112693	0.980275	6.29639	2.1594	63.116	
0.986467	-0.00369901	-0.163919	-0.0152678	0.993329	-0.114298	0.163248	0.115254	0.97983	6.41537	2.24269	63.8322	
0.986313	-0.00380882	-0.164842	-0.0156904	0.993028	-0.116827	0.164138	0.117814	0.979377	6.53499	2.32785	64.5481	
0.986157	-0.00392117	-0.165766	-0.0161155	0.992721	-0.119355	0.165027	0.120375	0.978916	6.65527	2.41489	65.2637	
0.986001	-0.00403605	-0.16669	-0.016543	0.992406	-0.121884	0.165916	0.122935	0.978447	6.7762	2.5038	65.9789	
0.985844	-0.00415345	-0.167614	-0.0169729	0.992085	-0.124412	0.166805	0.125495	0.977971	6.89778	2.59457	66.6938	
0.985686	-0.00427335	-0.168539	-0.0174052	0.991758	-0.126939	0.167693	0.128055	0.977487	7.02	2.68722	67.4084	
0.985527	-0.00439575	-0.169464	-0.0178399	0.991423	-0.129466	0.16858	0.130615	0.976996	7.14288	2.78174	68.1225	
0.985367	-0.00452061	-0.170389	-0.018277	0.991082	-0.131991	0.169466	0.133174	0.976497	7.2664	2.87813	68.8363	
0.985206	-0.00464794	-0.171313	-0.0187163	0.990735	-0.134516	0.170351	0.135732	0.97599	7.39057	2.97639	69.5498	
0.985044	-0.00477771	-0.172237	-0.019158	0.99038	-0.137039	0.171235	0.138289	0.975477	7.51539	3.07652	70.2629	
0.984881	-0.00490989	-0.173161	-0.019602	0.990019	-0.139561	0.172118	0.140845	0.974955	7.64085	3.17852	70.9756	
0.986794	-0.0032087	-0.161947	-0.0219626	0.98792	-0.153399	0.160483	0.15493	0.974804	7.76239	3.2866	71.688	
