1	0	0	0	1	0	0	0	1	0	0	0	
0.999997	3.16287e-06	0.00261778	3.16287e-06	0.999997	-0.00241645	-0.00261778	0.00241645	0.999994	-0.000965802	0.000891524	0.737877	
0.999986	1.26597e-05	0.00523776	1.26546e-05	0.999988	-0.00483299	-0.00523776	0.00483299	0.999975	-0.00386402	0.00356613	1.47575	
0.999969	2.85014e-05	0.00785989	2.8481e-05	0.999974	-0.00724957	-0.00785989	0.00724957	0.999943	-0.00869626	0.00802386	2.21359	
0.999945	5.06984e-05	0.0104841	5.06476e-05	0.999953	-0.00966614	-0.0104841	0.00966614	0.999898	-0.0154641	0.0142647	2.95142	
0.999914	7.92611e-05	0.0131104	7.91594e-05	0.999927	-0.0120827	-0.0131104	0.0120826	0.999841	-0.024169	0.0222887	3.6892	
0.999876	0.0001142	0.0157386	0.000114022	0.999895	-0.014499	-0.0157386	0.014499	0.999771	-0.0348126	0.0320958	4.42694	
0.999831	0.000155523	0.0183688	0.000155238	0.999857	-0.0169153	-0.0183688	0.0169153	0.999688	-0.0473962	0.0436858	5.16462	
0.999779	0.000203242	0.0210009	0.000202814	0.999813	-0.0193313	-0.0210009	0.0193313	0.999593	-0.0619212	0.0570586	5.90223	
0.999721	0.000257365	0.0236347	0.000256753	0.999763	-0.021747	-0.0236347	0.021747	0.999484	-0.078389	0.072214	6.63977	
0.999655	0.0003179	0.0262704	0.000317059	0.999708	-0.0241625	-0.0262704	0.0241625	0.999363	-0.096801	0.0891519	7.37722	
0.999582	0.000384857	0.0289077	0.000383736	0.999647	-0.0265775	-0.0289078	0.0265775	0.999229	-0.117158	0.107872	8.11458	
0.999502	0.000458244	0.0315468	0.000456786	0.99958	-0.0289922	-0.0315468	0.0289922	0.999082	-0.139463	0.128374	8.85184	
0.999415	0.000538069	0.0341874	0.000536212	0.999507	-0.0314064	-0.0341874	0.0314063	0.998922	-0.163714	0.150657	9.58898	
0.999321	0.000624339	0.0368296	0.000622017	0.999428	-0.03382	-0.0368296	0.03382	0.998749	-0.189915	0.174722	10.326	
0.99922	0.000717062	0.0394732	0.000714203	0.999343	-0.0362331	-0.0394733	0.036233	0.998563	-0.218067	0.200567	11.0629	
0.999112	0.000816245	0.0421183	0.000812772	0.999253	-0.0386455	-0.0421184	0.0386455	0.998365	-0.248169	0.228193	11.7996	
0.998997	0.000921895	0.0447648	0.000917727	0.999156	-0.0410573	-0.0447649	0.0410572	0.998153	-0.280224	0.257598	12.5362	
0.998875	0.00103402	0.0474127	0.00102907	0.999054	-0.0434684	-0.0474128	0.0434683	0.997929	-0.314232	0.288783	13.2727	
0.998745	0.00115262	0.0500618	0.0011468	0.998946	-0.0458787	-0.0500619	0.0458785	0.997692	-0.350194	0.321747	14.0089	
0.998609	0.00127771	0.0527121	0.00127091	0.998833	-0.0482881	-0.0527123	0.0482879	0.997442	-0.388112	0.356488	14.745	
0.998465	0.0014093	0.0553636	0.00140142	0.998713	-0.0506967	-0.0553638	0.0506965	0.997178	-0.427985	0.393008	15.4809	
0.998314	0.00154738	0.0580162	0.00153831	0.998588	-0.0531043	-0.0580164	0.0531041	0.996902	-0.469816	0.431304	16.2166	
0.998156	0.00169196	0.0606698	0.0016816	0.998457	-0.055511	-0.0606701	0.0555107	0.996613	-0.513604	0.471376	16.9521	
0.997991	0.00184305	0.0633245	0.00183127	0.99832	-0.0579167	-0.0633248	0.0579163	0.996311	-0.55935	0.513224	17.6874	
0.997819	0.00200065	0.0659801	0.00198734	0.998177	-0.0603212	-0.0659805	0.0603208	0.995996	-0.607056	0.556846	18.4224	
0.997639	0.00216477	0.0686366	0.00214979	0.998029	-0.0627247	-0.0686371	0.0627242	0.995668	-0.656722	0.602242	19.1572	
0.997453	0.00233541	0.0712939	0.00231862	0.997874	-0.065127	-0.0712945	0.0651264	0.995327	-0.708348	0.649411	19.8918	
0.997259	0.00251257	0.0739521	0.00249385	0.997714	-0.067528	-0.0739527	0.0675273	0.994973	-0.761936	0.698353	20.6261	
0.997057	0.00269626	0.0766109	0.00267545	0.997548	-0.0699278	-0.0766116	0.069927	0.994606	-0.817485	0.749065	21.3601	
0.996849	0.00288648	0.0792704	0.00286344	0.997377	-0.0723262	-0.0792712	0.0723253	0.994226	-0.874996	0.801548	22.0939	
0.996633	0.00308324	0.0819305	0.00305781	0.9972	-0.0747233	-0.0819315	0.0747223	0.993833	-0.934471	0.855799	22.8273	
0.99641	0.00328654	0.0845912	0.00325855	0.997017	-0.077119	-0.0845923	0.0771178	0.993427	-0.995908	0.911819	23.5605	
0.99618	0.00349637	0.0872524	0.00346567	0.996828	-0.0795131	-0.0872536	0.0795118	0.993008	-1.05931	0.969606	24.2934	
0.995943	0.00371274	0.089914	0.00367916	0.996633	-0.0819058	-0.0899154	0.0819043	0.992576	-1.12467	1.02916	25.0259	
0.995698	0.00393566	0.0925761	0.00389902	0.996433	-0.0842969	-0.0925776	0.0842952	0.992131	-1.192	1.09048	25.7582	
0.995446	0.00416513	0.0952384	0.00412525	0.996227	-0.0866864	-0.0952402	0.0866845	0.991673	-1.2613	1.15356	26.4901	
0.995186	0.00440114	0.0979011	0.00435783	0.996015	-0.0890742	-0.097903	0.089072	0.991202	-1.33255	1.2184	27.2216	
0.99492	0.00464369	0.100564	0.00459678	0.995798	-0.0914603	-0.100566	0.0914579	0.990718	-1.40578	1.28501	27.9529	
0.994646	0.0048928	0.103227	0.00484207	0.995575	-0.0938446	-0.103229	0.0938419	0.990221	-1.48097	1.35337	28.6837	
0.994364	0.00514846	0.10589	0.00509372	0.995346	-0.0962271	-0.105893	0.0962242	0.989711	-1.55812	1.42349	29.4142	
0.994076	0.00541066	0.108553	0.0053517	0.995112	-0.0986077	-0.108556	0.0986045	0.989188	-1.63724	1.49537	30.1443	
0.99378	0.00567941	0.111217	0.00561602	0.994872	-0.100986	-0.11122	0.100983	0.988652	-1.71832	1.56901	30.874	
0.993477	0.00595471	0.11388	0.00588668	0.994626	-0.103363	-0.113883	0.103359	0.988103	-1.80137	1.6444	31.6033	
0.993166	0.00623656	0.116543	0.00616366	0.994375	-0.105738	-0.116547	0.105734	0.987541	-1.88639	1.72154	32.3322	
0.992848	0.00652496	0.119206	0.00644697	0.994118	-0.108111	-0.11921	0.108106	0.986966	-1.97337	1.80044	33.0607	
0.992523	0.0068199	0.121869	0.00673659	0.993855	-0.110481	-0.121873	0.110476	0.986378	-2.06231	1.88108	33.7887	
0.99219	0.00712138	0.124531	0.00703251	0.993587	-0.11285	-0.124536	0.112844	0.985777	-2.15322	1.96347	34.5163	
0.99185	0.00742941	0.127193	0.00733474	0.993313	-0.115216	-0.127199	0.11521	0.985164	-2.2461	2.04761	35.2435	
0.991503	0.00774398	0.129855	0.00764326	0.993034	-0.11758	-0.129861	0.117574	0.984537	-2.34094	2.13349	35.9702	
0.991148	0.00806509	0.132516	0.00795807	0.992749	-0.119942	-0.132523	0.119935	0.983897	-2.43774	2.22112	36.6964	
0.990786	0.00839274	0.135177	0.00827916	0.992458	-0.122301	-0.135184	0.122294	0.983244	-2.53651	2.31049	37.4222	
0.99052	0.00863105	0.137095	0.00825094	0.992484	-0.122098	-0.137118	0.122071	0.983004	-2.63697	2.40064	38.1476	
0.99025	0.00886976	0.139018	0.00822199	0.992509	-0.121891	-0.139058	0.121846	0.98276	-2.73886	2.49063	38.8728	
0.989975	0.00910885	0.140948	0.0081923	0.992535	-0.121683	-0.141005	0.121618	0.98251	-2.84219	2.58046	39.5979	
0.989695	0.00934829	0.142884	0.00816187	0.992561	-0.121473	-0.142957	0.121387	0.982257	-2.94695	2.67011	40.3228	
0.989411	0.00958805	0.144826	0.0081307	0.992587	-0.12126	-0.144915	0.121153	0.981999	-3.05316	2.75959	41.0475	
0.989121	0.00982811	0.146773	0.0080988	0.992614	-0.121045	-0.146879	0.120917	0.981736	-3.16082	2.8489	41.772	
0.988827	0.0100684	0.148726	0.00806615	0.992641	-0.120828	-0.148848	0.120678	0.981469	-3.26992	2.93804	42.4963	
0.988528	0.010309	0.150685	0.00803276	0.992667	-0.12061	-0.150823	0.120437	0.981197	-3.38048	3.02699	43.2204	
0.988224	0.0105498	0.152648	0.00799863	0.992695	-0.120389	-0.152803	0.120193	0.98092	-3.4925	3.11577	43.9443	
0.987916	0.0107908	0.154617	0.00796376	0.992722	-0.120167	-0.154788	0.119946	0.980639	-3.60598	3.20437	44.668	
0.987602	0.011032	0.15659	0.00792815	0.992749	-0.119943	-0.156778	0.119697	0.980354	-3.72093	3.29278	45.3915	
0.987284	0.0112733	0.158568	0.0078918	0.992777	-0.119717	-0.158772	0.119446	0.980063	-3.83735	3.38101	46.1147	
0.98696	0.0115147	0.160551	0.00785471	0.992804	-0.119489	-0.160771	0.119192	0.979768	-3.95524	3.46905	46.8378	
0.986632	0.0117562	0.162538	0.00781688	0.992832	-0.11926	-0.162775	0.118937	0.979468	-4.07461	3.55691	47.5606	
0.986299	0.0119978	0.164529	0.00777831	0.99286	-0.11903	-0.164782	0.118679	0.979164	-4.19546	3.64457	48.2833	
0.985961	0.0122394	0.166524	0.00773901	0.992888	-0.118798	-0.166794	0.118419	0.978855	-4.31779	3.73205	49.0056	
0.985619	0.012481	0.168524	0.00769897	0.992917	-0.118564	-0.16881	0.118156	0.978541	-4.44161	3.81933	49.7278	
0.985271	0.0127226	0.170527	0.00765821	0.992945	-0.118329	-0.170829	0.117892	0.978222	-4.56692	3.90642	50.4497	
0.984918	0.0129642	0.172533	0.00761671	0.992973	-0.118093	-0.172852	0.117626	0.977899	-4.69371	3.99331	51.1714	
0.984561	0.0132057	0.174543	0.00757449	0.993002	-0.117856	-0.174878	0.117358	0.977571	-4.82201	4.08001	51.8929	
0.984199	0.0134472	0.176556	0.00753155	0.99303	-0.117617	-0.176907	0.117088	0.977238	-4.95179	4.1665	52.6141	
0.983832	0.0136885	0.178572	0.00748789	0.993059	-0.117377	-0.17894	0.116817	0.9769	-5.08308	4.2528	53.335	
0.98346	0.0139297	0.180592	0.00744351	0.993088	-0.117136	-0.180975	0.116543	0.976558	-5.21587	4.33889	54.0557	
0.983083	0.0141708	0.182614	0.00739843	0.993117	-0.116894	-0.183013	0.116268	0.976211	-5.35016	4.42479	54.7762	
0.982701	0.0144117	0.184638	0.00735263	0.993146	-0.116652	-0.185054	0.115991	0.975859	-5.48595	4.51048	55.4964	
0.982314	0.0146523	0.186665	0.00730614	0.993175	-0.116408	-0.187097	0.115713	0.975503	-5.62325	4.59596	56.2163	
0.981923	0.0148928	0.188694	0.00725895	0.993204	-0.116163	-0.189142	0.115433	0.975141	-5.76206	4.68124	56.936	
0.981527	0.015133	0.190725	0.00721106	0.993233	-0.115918	-0.191189	0.115152	0.974775	-5.90238	4.76631	57.6554	
0.981126	0.0153729	0.192758	0.0071625	0.993262	-0.115671	-0.193238	0.114869	0.974405	-6.04421	4.85118	58.3745	
0.98072	0.0156126	0.194793	0.00711325	0.993291	-0.115424	-0.195288	0.114585	0.974029	-6.18755	4.93583	59.0934	
0.98031	0.0158519	0.19683	0.00706332	0.99332	-0.115177	-0.197341	0.114299	0.973649	-6.33241	5.02028	59.812	
0.979894	0.0160908	0.198868	0.00701273	0.993349	-0.114929	-0.199394	0.114012	0.973264	-6.47878	5.10451	60.5303	
0.979474	0.0163295	0.200907	0.00696148	0.993378	-0.11468	-0.201449	0.113724	0.972875	-6.62667	5.18853	61.2483	
0.97905	0.0165677	0.202947	0.00690958	0.993407	-0.11443	-0.203505	0.113435	0.97248	-6.77607	5.27234	61.966	
0.97862	0.0168055	0.204988	0.00685702	0.993436	-0.114181	-0.205561	0.113145	0.972082	-6.92699	5.35593	62.6834	
0.978186	0.0170429	0.20703	0.00680384	0.993465	-0.11393	-0.207619	0.112854	0.971678	-7.07943	5.43931	63.4005	
0.977748	0.0172799	0.209072	0.00675002	0.993495	-0.11368	-0.209676	0.112561	0.97127	-7.23339	5.52248	64.1174	
0.977304	0.0175164	0.211115	0.00669558	0.993524	-0.113429	-0.211735	0.112268	0.970858	-7.38886	5.60543	64.8339	
0.976856	0.0177523	0.213158	0.00664052	0.993553	-0.113178	-0.213793	0.111974	0.97044	-7.54586	5.68816	65.5501	
0.976404	0.0179878	0.215201	0.00658486	0.993582	-0.112926	-0.215851	0.111679	0.970019	-7.70437	5.77067	66.266	
0.975947	0.0182228	0.217244	0.00652861	0.99361	-0.112675	-0.217909	0.111383	0.969592	-7.8644	5.85297	66.9816	
0.975486	0.0184572	0.219287	0.00647177	0.993639	-0.112423	-0.219967	0.111086	0.969162	-8.02595	5.93504	67.6969	
0.97502	0.018691	0.221329	0.00641436	0.993668	-0.112171	-0.222024	0.110789	0.968726	-8.18902	6.0169	68.4119	
0.97455	0.0189243	0.223371	0.00635638	0.993697	-0.11192	-0.224081	0.110491	0.968287	-8.3536	6.09854	69.1265	
0.974075	0.0191569	0.225412	0.00629785	0.993726	-0.111668	-0.226137	0.110193	0.967843	-8.51971	6.17996	69.8408	
0.973596	0.0193889	0.227452	0.00623878	0.993754	-0.111416	-0.228192	0.109894	0.967394	-8.68733	6.26116	70.5548	
0.974559	0.0189587	0.223326	0.00217949	0.995567	-0.0940272	-0.224119	0.0921218	0.970198	-8.85421	6.33569	71.2697	
0.975505	0.0186043	0.219189	-0.00180602	0.997061	-0.0765908	-0.21997	0.0743188	0.972672	-9.01805	6.3971	71.9865	
