1	0	0	0	1	0	0	0	1	0	0	0	
0.999991	2.257e-06	0.00412316	2.257e-06	0.999999	-0.00109479	-0.00412316	0.00109479	0.999991	-0.00157222	0.000417457	0.762624	
0.999966	9.03327e-06	0.00824585	9.04565e-06	0.999998	-0.00219245	-0.00824585	0.00219245	0.999964	-0.00628869	0.00167092	1.52523	
0.999924	2.03397e-05	0.012368	2.03892e-05	0.999995	-0.00329296	-0.012368	0.00329296	0.999918	-0.014149	0.00376259	2.28782	
0.999864	3.61871e-05	0.0164895	3.63109e-05	0.99999	-0.00439631	-0.0164895	0.00439631	0.999854	-0.0251528	0.00669461	3.05036	
0.999788	5.65862e-05	0.0206102	5.68338e-05	0.999985	-0.00550246	-0.0206102	0.00550246	0.999772	-0.0392994	0.0104691	3.81284	
0.999694	8.15475e-05	0.0247302	8.19807e-05	0.999978	-0.00661141	-0.0247302	0.00661141	0.999672	-0.0565883	0.0150883	4.57526	
0.999584	0.000111082	0.0288493	0.000111775	0.99997	-0.00772312	-0.0288493	0.00772313	0.999554	-0.0770189	0.0205543	5.33759	
0.999456	0.000145199	0.0329674	0.000146238	0.999961	-0.00883757	-0.0329674	0.00883759	0.999417	-0.10059	0.0268691	6.09983	
0.999312	0.000183909	0.0370845	0.000185394	0.99995	-0.00995475	-0.0370845	0.00995477	0.999263	-0.127302	0.0340349	6.86195	
0.999151	0.000227222	0.0412004	0.000229265	0.999939	-0.0110746	-0.0412004	0.0110747	0.99909	-0.157153	0.0420537	7.62395	
0.998973	0.000275149	0.0453151	0.000277873	0.999926	-0.0121972	-0.0453151	0.0121972	0.998898	-0.190143	0.0509276	8.38581	
0.998778	0.0003277	0.0494286	0.00033124	0.999911	-0.0133224	-0.0494285	0.0133225	0.998689	-0.22627	0.0606586	9.14752	
0.998566	0.000384883	0.0535406	0.000389389	0.999896	-0.0144502	-0.0535406	0.0144503	0.998461	-0.265533	0.0712488	9.90906	
0.998337	0.000446709	0.0576513	0.000452342	0.999879	-0.0155806	-0.0576512	0.0155808	0.998215	-0.307932	0.0827	10.6704	
0.998091	0.000513187	0.0617603	0.00052012	0.99986	-0.0167137	-0.0617603	0.0167139	0.997951	-0.353466	0.0950145	11.4316	
0.997828	0.000584327	0.0658678	0.000592745	0.999841	-0.0178493	-0.0658677	0.0178495	0.997669	-0.402132	0.108194	12.1925	
0.997549	0.000660138	0.0699736	0.000670239	0.999819	-0.0189874	-0.0699735	0.0189877	0.997368	-0.45393	0.122241	12.9533	
0.997252	0.000740628	0.0740776	0.000752624	0.999797	-0.020128	-0.0740774	0.0201285	0.997049	-0.508859	0.137156	13.7138	
0.996939	0.000825809	0.0781797	0.00083992	0.999773	-0.0212711	-0.0781795	0.0212717	0.996712	-0.566916	0.152943	14.474	
0.996609	0.000915687	0.0822799	0.00093215	0.999748	-0.0224167	-0.0822797	0.0224174	0.996357	-0.628102	0.169602	15.234	
0.996262	0.00101027	0.0863781	0.00102933	0.999722	-0.0235648	-0.0863778	0.0235656	0.995984	-0.692413	0.187136	15.9937	
0.995898	0.00110957	0.0904741	0.00113149	0.999694	-0.0247152	-0.0904739	0.0247162	0.995592	-0.759849	0.205546	16.7531	
0.995518	0.0012136	0.094568	0.00123865	0.999665	-0.025868	-0.0945677	0.0258692	0.995182	-0.830408	0.224835	17.5122	
0.99512	0.00132236	0.0986597	0.00135082	0.999634	-0.0270232	-0.0986593	0.0270246	0.994754	-0.904088	0.245004	18.271	
0.994706	0.00143586	0.102749	0.00146803	0.999602	-0.0281808	-0.102749	0.0281824	0.994308	-0.980888	0.266055	19.0295	
0.994275	0.00155411	0.106836	0.0015903	0.999568	-0.0293406	-0.106835	0.0293426	0.993844	-1.0608	0.287991	19.7876	
0.993828	0.00167711	0.11092	0.00171765	0.999533	-0.0305028	-0.11092	0.0305051	0.993361	-1.14384	0.310811	20.5453	
0.993364	0.00180489	0.115002	0.00185009	0.999497	-0.0316672	-0.115001	0.0316698	0.99286	-1.22998	0.334519	21.3027	
0.992883	0.00193743	0.119081	0.00198766	0.999459	-0.0328339	-0.11908	0.0328369	0.992341	-1.31924	0.359117	22.0597	
0.992385	0.00207476	0.123158	0.00213036	0.999419	-0.0340028	-0.123157	0.0340062	0.991804	-1.41161	0.384605	22.8163	
0.991871	0.00221688	0.127231	0.00227822	0.999379	-0.0351738	-0.12723	0.0351777	0.991249	-1.50709	0.410986	23.5724	
0.99134	0.00236379	0.131302	0.00243127	0.999336	-0.0363471	-0.131301	0.0363515	0.990676	-1.60567	0.438261	24.3282	
0.990792	0.00251551	0.13537	0.0025895	0.999292	-0.0375224	-0.135368	0.0375275	0.990084	-1.70735	0.466432	25.0835	
0.990228	0.00267204	0.139434	0.00275296	0.999247	-0.0386999	-0.139433	0.0387056	0.989475	-1.81214	0.495501	25.8383	
0.989647	0.00283339	0.143496	0.00292165	0.9992	-0.0398795	-0.143494	0.0398858	0.988847	-1.92002	0.525468	26.5927	
0.989049	0.00299956	0.147554	0.0030956	0.999152	-0.0410611	-0.147552	0.0410682	0.988201	-2.031	0.556337	27.3465	
0.988435	0.00317057	0.151609	0.00327483	0.999102	-0.0422447	-0.151607	0.0422527	0.987537	-2.14507	0.588109	28.0999	
0.987805	0.00334642	0.155661	0.00345935	0.99905	-0.0434304	-0.155658	0.0434392	0.986855	-2.26224	0.620784	28.8528	
0.987158	0.00352711	0.159709	0.00364918	0.998997	-0.044618	-0.159706	0.0446278	0.986155	-2.38249	0.654365	29.6051	
0.986494	0.00371266	0.163753	0.00384434	0.998943	-0.0458076	-0.16375	0.0458185	0.985437	-2.50583	0.688854	30.3569	
0.985814	0.00390306	0.167794	0.00404485	0.998887	-0.0469991	-0.167791	0.0470111	0.984701	-2.63225	0.724251	31.1082	
0.985118	0.00409834	0.171832	0.00425073	0.998829	-0.0481925	-0.171828	0.0482057	0.983947	-2.76175	0.760559	31.8588	
0.984405	0.00429848	0.175865	0.004462	0.99877	-0.0493878	-0.175861	0.0494023	0.983175	-2.89433	0.797778	32.6089	
0.983676	0.0045035	0.179895	0.00467867	0.998709	-0.0505849	-0.179891	0.0506008	0.982384	-3.02998	0.83591	33.3584	
0.98293	0.00471341	0.183921	0.00490076	0.998646	-0.0517839	-0.183916	0.0518013	0.981576	-3.16871	0.874958	34.1073	
0.982168	0.00492821	0.187943	0.00512829	0.998582	-0.0529846	-0.187937	0.0530036	0.98075	-3.3105	0.914921	34.8556	
0.981389	0.0051479	0.19196	0.00536128	0.998516	-0.0541871	-0.191954	0.0542078	0.979906	-3.45536	0.955802	35.6032	
0.980594	0.0053725	0.195974	0.00559974	0.998449	-0.0553913	-0.195968	0.0554138	0.979043	-3.60328	0.997603	36.3502	
0.979783	0.005602	0.199983	0.0058437	0.99838	-0.0565972	-0.199976	0.0566216	0.978163	-3.75426	1.04032	37.0965	
0.978956	0.00583642	0.203988	0.00609316	0.998309	-0.0578048	-0.203981	0.0578313	0.977265	-3.90829	1.08397	37.8421	
0.978112	0.00607576	0.207989	0.00634815	0.998237	-0.059014	-0.207981	0.0590427	0.976349	-4.06538	1.12853	38.587	
0.977252	0.00632002	0.211985	0.00660869	0.998163	-0.0602248	-0.211976	0.0602558	0.975415	-4.22551	1.17402	39.3313	
0.976376	0.0065692	0.215977	0.00687478	0.998087	-0.0614373	-0.215967	0.0614707	0.974464	-4.3887	1.22044	40.0748	
0.975521	0.00681835	0.219799	0.00775607	0.997831	-0.0653768	-0.219768	0.0654812	0.973352	-4.55485	1.26885	40.8175	
0.974649	0.00708394	0.223628	0.00865348	0.997557	-0.069315	-0.223572	0.0694929	0.972207	-4.7239	1.32031	41.5594	
0.973759	0.00736604	0.227461	0.00956701	0.997268	-0.0732516	-0.227379	0.0735055	0.971028	-4.89585	1.37484	42.3004	
0.972852	0.00766473	0.2313	0.0104967	0.996961	-0.0771863	-0.231188	0.0775187	0.969816	-5.07071	1.43243	43.0404	
0.971928	0.00798005	0.235142	0.0114425	0.996639	-0.0811188	-0.234999	0.0815323	0.96857	-5.24848	1.49308	43.7796	
0.970987	0.00831206	0.238989	0.0124044	0.9963	-0.085049	-0.238812	0.085546	0.96729	-5.42915	1.55679	44.5177	
0.970028	0.00866081	0.24284	0.0133825	0.995944	-0.0889765	-0.242625	0.0895595	0.965977	-5.61273	1.62356	45.2549	
0.969052	0.00902636	0.246693	0.0143766	0.995572	-0.0929011	-0.24644	0.0935726	0.96463	-5.79921	1.69339	45.9911	
0.968058	0.00940874	0.25055	0.0153869	0.995183	-0.0968225	-0.250254	0.097585	0.96325	-5.98861	1.76628	46.7262	
0.967047	0.009808	0.254409	0.0164133	0.994777	-0.100741	-0.254068	0.101597	0.961836	-6.18091	1.84223	47.4603	
0.966019	0.0102242	0.258269	0.0174559	0.994355	-0.104655	-0.257882	0.105607	0.960388	-6.37613	1.92124	48.1933	
0.964973	0.0106573	0.262132	0.0185145	0.993917	-0.108565	-0.261694	0.109616	0.958906	-6.57425	2.00331	48.9251	
0.96391	0.0111073	0.265995	0.0195891	0.993462	-0.112471	-0.265505	0.113623	0.957391	-6.77528	2.08843	49.6558	
0.96283	0.0115744	0.269859	0.0206798	0.99299	-0.116373	-0.269314	0.117628	0.955842	-6.97921	2.17661	50.3854	
0.961733	0.0120584	0.273723	0.0217866	0.992502	-0.120271	-0.273121	0.121632	0.954259	-7.18605	2.26784	51.1137	
0.960618	0.0125595	0.277587	0.0229093	0.991997	-0.124163	-0.276925	0.125633	0.952643	-7.39579	2.36213	51.8408	
0.959486	0.0130775	0.281451	0.0240481	0.991476	-0.12805	-0.280727	0.129631	0.950993	-7.60843	2.45946	52.5667	
0.958338	0.0136126	0.285314	0.0252028	0.990938	-0.131932	-0.284524	0.133626	0.94931	-7.82397	2.55985	53.2913	
0.957171	0.0141648	0.289175	0.0263734	0.990384	-0.135809	-0.288318	0.137619	0.947594	-8.0424	2.66328	54.0147	
0.955988	0.014734	0.293034	0.0275599	0.989813	-0.139679	-0.292107	0.141608	0.945844	-8.26373	2.76975	54.7367	
0.954788	0.0153201	0.296892	0.0287623	0.989226	-0.143544	-0.295892	0.145593	0.944061	-8.48794	2.87926	55.4573	
0.953571	0.0159233	0.300747	0.0299805	0.988622	-0.147402	-0.299672	0.149575	0.942244	-8.71504	2.99182	56.1766	
0.952337	0.0165435	0.304598	0.0312145	0.988002	-0.151254	-0.303446	0.153553	0.940395	-8.94501	3.1074	56.8945	
0.951086	0.0171807	0.308447	0.0324643	0.987365	-0.155099	-0.307214	0.157526	0.938512	-9.17787	3.22602	57.6109	
0.949819	0.0178348	0.312291	0.0337297	0.986712	-0.158938	-0.310976	0.161496	0.936596	-9.41359	3.34767	58.3259	
0.948535	0.0185058	0.316132	0.0350109	0.986043	-0.162769	-0.314732	0.16546	0.934648	-9.65218	3.47234	59.0394	
0.947234	0.0191937	0.319968	0.0363076	0.985357	-0.166593	-0.31848	0.16942	0.932667	-9.89364	3.60004	59.7515	
0.945917	0.0198985	0.323798	0.03762	0.984655	-0.17041	-0.322221	0.173375	0.930653	-10.1379	3.73075	60.462	
0.944583	0.02062	0.327624	0.0389479	0.983936	-0.174219	-0.325954	0.177325	0.928607	-10.3851	3.86448	61.1709	
0.943233	0.0213584	0.331444	0.0402912	0.983202	-0.17802	-0.329678	0.181269	0.926528	-10.6351	4.00121	61.8783	
0.941867	0.0221135	0.335257	0.04165	0.982451	-0.181813	-0.333394	0.185207	0.924417	-10.8879	4.14096	62.5841	
0.940485	0.0228852	0.339064	0.0430241	0.981683	-0.185598	-0.337101	0.18914	0.922274	-11.1436	4.2837	63.2883	
0.939087	0.0236735	0.342864	0.0444135	0.9809	-0.189374	-0.340799	0.193066	0.920099	-11.4021	4.42944	63.9908	
0.937672	0.0244784	0.346657	0.0458182	0.980101	-0.193141	-0.344487	0.196986	0.917892	-11.6634	4.57817	64.6917	
0.936243	0.0252998	0.350442	0.047238	0.979285	-0.1969	-0.348164	0.2009	0.915653	-11.9275	4.72989	65.3908	
0.934797	0.0261376	0.354219	0.048673	0.978453	-0.200649	-0.351832	0.204807	0.913383	-12.1945	4.88459	66.0883	
0.933336	0.0269918	0.357988	0.0501231	0.977606	-0.204389	-0.355488	0.208707	0.911082	-12.4642	5.04227	66.784	
0.93186	0.0278622	0.361748	0.0515881	0.976742	-0.20812	-0.359133	0.212601	0.908749	-12.7367	5.20292	67.4779	
0.930368	0.0287488	0.365498	0.053068	0.975862	-0.211841	-0.362766	0.216487	0.906385	-13.0119	5.36654	68.17	
0.928861	0.0296516	0.369239	0.0545628	0.974967	-0.215553	-0.366388	0.220365	0.903991	-13.29	5.53312	68.8603	
0.927339	0.0305703	0.372971	0.0560723	0.974055	-0.219254	-0.369997	0.224236	0.901566	-13.5708	5.70265	69.5488	
0.927208	0.0306531	0.37329	0.0631178	0.969604	-0.236398	-0.369189	0.242751	0.89709	-13.8526	5.88072	70.2347	
0.927078	0.0307425	0.373607	0.0701467	0.964801	-0.253453	-0.368248	0.261178	0.892289	-14.1338	6.07289	70.917	
0.926947	0.0308384	0.373923	0.0771563	0.959647	-0.270414	-0.367173	0.27951	0.887163	-14.4143	6.27906	71.5956	
0.926817	0.0309408	0.374236	0.0841442	0.954145	-0.287274	-0.365964	0.29774	0.881715	-14.6938	6.49918	72.2701	
0.926687	0.0310497	0.374548	0.0911078	0.948297	-0.304027	-0.364623	0.315862	0.875946	-14.9724	6.73316	72.9403	
