1	0	0	0	1	0	0	0	1	0	0	0	
0.999999	1.54209e-06	0.00100996	1.54209e-06	0.999995	-0.00305374	-0.00100996	0.00305374	0.999995	-0.000481518	0.00145593	0.953534	
0.999998	6.17554e-06	0.0020209	6.17789e-06	0.999981	-0.00611277	-0.0020209	0.00611277	0.999979	-0.00192654	0.00582623	1.90706	
0.999995	1.39114e-05	0.00303277	1.39209e-05	0.999958	-0.00917696	-0.00303277	0.00917696	0.999953	-0.00433597	0.0131159	2.86056	
0.999992	2.47604e-05	0.00404554	2.4784e-05	0.999925	-0.0122462	-0.00404554	0.0122462	0.999917	-0.00771068	0.0233297	3.81404	
0.999987	3.87327e-05	0.00505914	3.878e-05	0.999883	-0.0153203	-0.00505914	0.0153203	0.99987	-0.0120515	0.0364726	4.76747	
0.999982	5.58382e-05	0.00607356	5.59211e-05	0.999831	-0.0183992	-0.00607355	0.0183992	0.999812	-0.0173592	0.052549	5.72085	
0.999975	7.60862e-05	0.00708873	7.62191e-05	0.999769	-0.0214828	-0.00708872	0.0214828	0.999744	-0.0236346	0.0715635	6.67418	
0.999967	9.94858e-05	0.00810461	9.96854e-05	0.999698	-0.0245709	-0.00810461	0.0245709	0.999665	-0.0308783	0.0935204	7.62743	
0.999958	0.000126045	0.00912117	0.000126331	0.999617	-0.0276635	-0.00912116	0.0276635	0.999576	-0.039091	0.118424	8.58061	
0.999949	0.000155773	0.0101384	0.000156167	0.999527	-0.0307603	-0.0101383	0.0307603	0.999475	-0.0482733	0.146279	9.53369	
0.999938	0.000188678	0.0111561	0.000189203	0.999427	-0.0338612	-0.0111561	0.0338612	0.999364	-0.0584258	0.177088	10.4867	
0.999926	0.000224765	0.0121744	0.000225449	0.999316	-0.0369662	-0.0121744	0.0369662	0.999242	-0.0695491	0.210856	11.4395	
0.999913	0.000264043	0.0131932	0.000264914	0.999197	-0.0400752	-0.0131932	0.0400752	0.99911	-0.0816436	0.247587	12.3923	
0.999899	0.000306517	0.0142125	0.000307608	0.999067	-0.0431878	-0.0142125	0.0431878	0.998966	-0.0947097	0.287285	13.3449	
0.999884	0.000352195	0.0152322	0.000353539	0.998927	-0.0463042	-0.0152322	0.0463042	0.998811	-0.108748	0.329951	14.2974	
0.999868	0.000401081	0.0162522	0.000402715	0.998778	-0.049424	-0.0162522	0.0494241	0.998646	-0.123759	0.375592	15.2497	
0.999851	0.00045318	0.0172726	0.000455144	0.998618	-0.0525473	-0.0172726	0.0525473	0.998469	-0.139742	0.424208	16.2019	
0.999833	0.000508499	0.0182933	0.000510833	0.998449	-0.0556739	-0.0182932	0.0556739	0.998281	-0.156699	0.475805	17.1539	
0.999813	0.00056704	0.0193142	0.00056979	0.998269	-0.0588036	-0.0193141	0.0588036	0.998083	-0.174629	0.530384	18.1057	
0.999793	0.000628809	0.0203353	0.000632021	0.99808	-0.0619363	-0.0203352	0.0619363	0.997873	-0.193532	0.587949	19.0573	
0.999772	0.000693808	0.0213565	0.000697532	0.99788	-0.0650719	-0.0213564	0.0650719	0.997652	-0.21341	0.648502	20.0087	
0.999749	0.000762041	0.0223779	0.000766329	0.997671	-0.0682103	-0.0223778	0.0682103	0.99742	-0.234261	0.712047	20.9599	
0.999726	0.000833511	0.0233993	0.000838417	0.997451	-0.0713513	-0.0233992	0.0713513	0.997177	-0.256086	0.778586	21.9108	
0.999701	0.00090822	0.0244208	0.000913801	0.997221	-0.0744948	-0.0244206	0.0744949	0.996922	-0.278885	0.84812	22.8615	
0.999676	0.00098617	0.0254423	0.000992485	0.996981	-0.0776408	-0.025442	0.0776408	0.996657	-0.302658	0.920654	23.812	
0.999649	0.00106736	0.0264637	0.00107447	0.996731	-0.0807889	-0.0264634	0.080789	0.99638	-0.327404	0.996188	24.7622	
0.999622	0.0011518	0.027485	0.00115977	0.99647	-0.0839393	-0.0274846	0.0839394	0.996092	-0.353125	1.07473	25.7122	
0.999593	0.00123948	0.0285061	0.00124838	0.9962	-0.0870916	-0.0285057	0.0870917	0.995792	-0.379819	1.15627	26.6619	
0.999563	0.00133041	0.0295271	0.00134031	0.995919	-0.0902458	-0.0295267	0.090246	0.995482	-0.407487	1.24082	27.6112	
0.999532	0.00142458	0.0305479	0.00143555	0.995627	-0.0934018	-0.0305473	0.093402	0.99516	-0.436129	1.32837	28.5603	
0.9995	0.00152199	0.0315683	0.00153411	0.995326	-0.0965594	-0.0315678	0.0965596	0.994826	-0.465743	1.41894	29.5091	
0.999468	0.00162265	0.0325885	0.00163599	0.995014	-0.0997185	-0.0325879	0.0997187	0.994482	-0.496331	1.51252	30.4575	
0.999434	0.00172655	0.0336084	0.00174119	0.994692	-0.102879	-0.0336076	0.102879	0.994126	-0.527891	1.60911	31.4056	
0.999399	0.00183369	0.0346278	0.00184972	0.99436	-0.106041	-0.0346269	0.106041	0.993759	-0.560423	1.70872	32.3534	
0.999363	0.00194407	0.0356468	0.00196157	0.994017	-0.109204	-0.0356458	0.109204	0.99338	-0.593926	1.81134	33.3008	
0.999325	0.00205768	0.0366653	0.00207675	0.993665	-0.112367	-0.0366643	0.112368	0.99299	-0.628402	1.91698	34.2478	
0.999287	0.00217453	0.0376834	0.00219524	0.993301	-0.115532	-0.0376822	0.115533	0.992589	-0.663848	2.02564	35.1945	
0.999248	0.0022946	0.0387008	0.00231706	0.992928	-0.118698	-0.0386995	0.118698	0.992176	-0.700264	2.13731	36.1407	
0.999208	0.0024179	0.0397177	0.0024422	0.992544	-0.121864	-0.0397162	0.121864	0.991752	-0.73765	2.252	37.0866	
0.999167	0.00254443	0.040734	0.00257066	0.99215	-0.12503	-0.0407323	0.125031	0.991316	-0.776005	2.36971	38.0321	
0.999125	0.00267417	0.0417495	0.00270244	0.991745	-0.128197	-0.0417477	0.128198	0.99087	-0.815329	2.49044	38.9771	
0.999081	0.00280712	0.0427644	0.00283754	0.99133	-0.131364	-0.0427624	0.131365	0.990411	-0.855621	2.6142	39.9217	
0.999037	0.00294328	0.0437785	0.00297594	0.990905	-0.134532	-0.0437762	0.134532	0.989942	-0.89688	2.74097	40.8659	
0.998992	0.00308264	0.0447918	0.00311766	0.990469	-0.137699	-0.0447893	0.1377	0.989461	-0.939105	2.87076	41.8096	
0.998945	0.0032252	0.0458042	0.00326268	0.990023	-0.140866	-0.0458016	0.140867	0.988969	-0.982296	3.00357	42.7529	
0.998898	0.00337094	0.0468158	0.003411	0.989567	-0.144033	-0.0468129	0.144034	0.988465	-1.02645	3.1394	43.6956	
0.998849	0.00351987	0.0478265	0.00356262	0.9891	-0.147199	-0.0478233	0.1472	0.98795	-1.07157	3.27825	44.6379	
0.9988	0.00367197	0.0488362	0.00371754	0.988623	-0.150365	-0.0488327	0.150367	0.987424	-1.11765	3.42012	45.5797	
0.99875	0.00382724	0.0498449	0.00387574	0.988136	-0.153531	-0.0498411	0.153532	0.986886	-1.1647	3.56501	46.521	
0.998698	0.00398566	0.0508525	0.00403722	0.987639	-0.156695	-0.0508485	0.156697	0.986337	-1.2127	3.71292	47.4618	
0.998646	0.00414724	0.0518592	0.00420198	0.987131	-0.159859	-0.0518547	0.15986	0.985777	-1.26167	3.86384	48.402	
0.998592	0.00431196	0.0528646	0.00437	0.986613	-0.163022	-0.0528599	0.163023	0.985205	-1.31159	4.01778	49.3417	
0.998538	0.00447981	0.053869	0.00454129	0.986084	-0.166183	-0.0538638	0.166185	0.984622	-1.36248	4.17474	50.2809	
0.998483	0.00465078	0.0548721	0.00471584	0.985546	-0.169344	-0.0548666	0.169345	0.984028	-1.41432	4.33471	51.2195	
0.998426	0.00482487	0.055874	0.00489363	0.984997	-0.172502	-0.0558681	0.172504	0.983423	-1.46711	4.49769	52.1575	
0.998369	0.00500205	0.0568747	0.00507467	0.984438	-0.17566	-0.0568683	0.175662	0.982807	-1.52086	4.66369	53.0949	
0.99831	0.00518233	0.057874	0.00525893	0.983869	-0.178816	-0.0578671	0.178818	0.982179	-1.57556	4.83269	54.0318	
0.998251	0.0053657	0.058872	0.00544642	0.983289	-0.18197	-0.0588646	0.181972	0.98154	-1.63122	5.00471	54.968	
0.998191	0.00555213	0.0598687	0.00563712	0.982699	-0.185122	-0.0598607	0.185124	0.98089	-1.68782	5.17973	55.9036	
0.99813	0.00574161	0.0608639	0.00583103	0.9821	-0.188272	-0.0608554	0.188275	0.980229	-1.74537	5.35775	56.8386	
0.998067	0.00593414	0.0618576	0.00602813	0.98149	-0.19142	-0.0618485	0.191423	0.979557	-1.80387	5.53878	57.773	
0.998004	0.00612971	0.0628499	0.00622841	0.98087	-0.194566	-0.0628402	0.194569	0.978874	-1.86332	5.72281	58.7067	
0.997867	0.0065473	0.0649512	0.00622173	0.98089	-0.194463	-0.0649832	0.194453	0.978757	-1.92426	5.90828	59.6401	
0.997725	0.0069649	0.0670537	0.00621487	0.98091	-0.194362	-0.0671274	0.194336	0.978635	-1.98725	6.09364	60.5733	
0.997578	0.00738246	0.069157	0.00620783	0.98093	-0.194261	-0.0692723	0.19422	0.978509	-2.05228	6.27889	61.5064	
0.997427	0.00779995	0.0712608	0.00620061	0.98095	-0.19416	-0.0714177	0.194103	0.978378	-2.11936	6.46403	62.4394	
0.997271	0.0082173	0.073365	0.0061932	0.98097	-0.19406	-0.0735635	0.193985	0.978242	-2.18848	6.64906	63.3722	
0.997111	0.00863448	0.0754692	0.0061856	0.98099	-0.193961	-0.0757093	0.193867	0.978102	-2.25965	6.83398	64.3049	
0.996946	0.00905142	0.0775733	0.00617781	0.981009	-0.193861	-0.0778549	0.193749	0.977957	-2.33286	7.01878	65.2375	
0.996776	0.00946809	0.0796769	0.00616982	0.981029	-0.193762	-0.08	0.193629	0.977808	-2.40812	7.20347	66.17	
0.996601	0.00988444	0.0817799	0.00616163	0.981049	-0.193664	-0.0821443	0.193509	0.977654	-2.48543	7.38804	67.1023	
0.996422	0.0103004	0.083882	0.00615323	0.981068	-0.193565	-0.0842877	0.193389	0.977495	-2.56478	7.5725	68.0344	
0.996239	0.010716	0.0859829	0.00614461	0.981088	-0.193466	-0.0864299	0.193267	0.977332	-2.64617	7.75685	68.9664	
0.996051	0.011131	0.0880824	0.00613578	0.981107	-0.193368	-0.0885706	0.193145	0.977164	-2.72961	7.94108	69.8983	
0.995859	0.0115456	0.0901802	0.00612672	0.981127	-0.193269	-0.0907096	0.193021	0.976993	-2.81508	8.12519	70.8299	
0.99512	0.0129656	0.0978202	0.00399467	0.985224	-0.171224	-0.0985948	0.170779	0.980364	-2.90534	8.29865	71.7632	
0.994319	0.0142116	0.105484	0.00168563	0.988819	-0.14911	-0.106424	0.14844	0.983178	-3.00309	8.45085	72.6994	
0.993458	0.0152829	0.113168	-0.000799081	0.99191	-0.126938	-0.114193	0.126017	0.985434	-3.10828	8.5817	73.638	
0.992537	0.0161788	0.120868	-0.00345805	0.994496	-0.104722	-0.121897	0.103522	0.987129	-3.22084	8.69115	74.5785	
0.991555	0.0168989	0.128578	-0.00628978	0.996573	-0.0824739	-0.129531	0.0809687	0.988264	-3.34072	8.77911	75.5203	
0.990515	0.0174428	0.136295	-0.00929264	0.998143	-0.0602067	-0.137092	0.058369	0.988837	-3.46785	8.84555	76.463	
0.989415	0.0178101	0.144015	-0.0124649	0.999203	-0.0379329	-0.144575	0.0357362	0.988848	-3.60214	8.89041	77.406	
0.988258	0.0180007	0.151732	-0.0158049	0.999752	-0.0156651	-0.151976	0.0130831	0.988298	-3.74353	8.91369	78.3486	
0.987043	0.0180143	0.159443	-0.0193105	0.999792	0.00658386	-0.159291	-0.00957747	0.987185	-3.89194	8.91536	79.2905	
0.985771	0.0178511	0.167143	-0.02298	0.999321	0.0288015	-0.166515	-0.0322326	0.985512	-4.04729	8.89543	80.2311	
0.984443	0.0175112	0.174827	-0.026811	0.99834	0.0509751	-0.173645	-0.0548694	0.983279	-4.20947	8.8539	81.1698	
0.98306	0.0169946	0.182492	-0.0308016	0.996849	0.0730921	-0.180675	-0.077475	0.980487	-4.37841	8.7908	82.1061	
0.981623	0.0163017	0.190134	-0.0349493	0.99485	0.09514	-0.187603	-0.100037	0.977137	-4.554	8.70616	83.0395	
0.980132	0.0154329	0.197746	-0.039252	0.992343	0.117106	-0.194425	-0.122541	0.973233	-4.73615	8.60004	83.9694	
0.978588	0.0143888	0.205326	-0.043707	0.98933	0.138978	-0.201136	-0.144977	0.968776	-4.92474	8.47249	84.8953	
0.976992	0.0131697	0.21287	-0.0483119	0.985813	0.160744	-0.207733	-0.167329	0.963768	-5.11969	8.32358	85.8167	
0.975345	0.0117766	0.220372	-0.0530641	0.981793	0.18239	-0.214211	-0.189587	0.958212	-5.32087	8.15341	86.7331	
0.973648	0.0102102	0.227828	-0.0579608	0.977273	0.203905	-0.220568	-0.211737	0.952112	-5.52817	7.96206	87.6439	
0.971902	0.00847124	0.235235	-0.0629993	0.972256	0.225277	-0.2268	-0.233766	0.945471	-5.74147	7.74965	88.5487	
0.970107	0.00656088	0.242588	-0.0681767	0.966744	0.246493	-0.232903	-0.255663	0.938292	-5.96065	7.5163	89.4468	
0.968266	0.00448015	0.249882	-0.0734901	0.96074	0.267541	-0.238873	-0.277415	0.930581	-6.18559	7.26213	90.3379	
0.966378	0.00223023	0.257115	-0.0789365	0.954248	0.28841	-0.244708	-0.299009	0.92234	-6.41615	6.9873	91.2214	
0.964446	-0.000187602	0.264281	-0.0845127	0.947271	0.309087	-0.250403	-0.320433	0.913576	-6.65222	6.69195	92.0967	
0.962469	-0.00277197	0.271376	-0.0902156	0.939814	0.329561	-0.255957	-0.341674	0.904292	-6.89365	6.37627	92.9635	
