1	0	0	0	1	0	0	0	1	0	0	0	
0.999999	2.0133e-06	-0.00109916	2.0133e-06	0.999993	0.00366332	0.00109916	-0.00366332	0.999993	0.000426897	-0.00142278	0.776766	
0.999998	8.05837e-06	-0.00219895	8.05939e-06	0.999973	0.00732965	0.00219895	-0.00732965	0.999971	0.00170783	-0.00569227	1.55352	
0.999995	1.81431e-05	-0.00329934	1.81472e-05	0.99994	0.0109989	0.00329934	-0.0109989	0.999934	0.00384328	-0.0128108	2.33025	
0.99999	3.22752e-05	-0.0044003	3.22854e-05	0.999892	0.014671	0.0044003	-0.014671	0.999883	0.0068337	-0.0227806	3.10695	
0.999985	5.04621e-05	-0.00550181	5.04824e-05	0.999832	0.0183458	0.00550181	-0.0183458	0.999817	0.0106795	-0.0356038	3.8836	
0.999978	7.2711e-05	-0.00660383	7.27466e-05	0.999757	0.0220233	0.00660383	-0.0220233	0.999736	0.0153812	-0.0512825	4.6602	
0.99997	9.9029e-05	-0.00770635	9.9086e-05	0.99967	0.0257034	0.00770635	-0.0257034	0.99964	0.020939	-0.0698188	5.43672	
0.999961	0.000129423	-0.00880934	0.000129509	0.999568	0.0293859	0.00880933	-0.0293859	0.999529	0.0273534	-0.0912147	6.21317	
0.999951	0.0001639	-0.00991276	0.000164022	0.999453	0.0330709	0.00991276	-0.0330709	0.999404	0.0346248	-0.115472	6.98952	
0.999939	0.000202465	-0.0110166	0.000202634	0.999324	0.0367581	0.0110166	-0.0367581	0.999263	0.0427534	-0.142592	7.76577	
0.999927	0.000245126	-0.0121208	0.000245351	0.999182	0.0404476	0.0121208	-0.0404476	0.999108	0.0517396	-0.172578	8.54191	
0.999912	0.000291888	-0.0132254	0.00029218	0.999025	0.0441392	0.0132254	-0.0441392	0.998938	0.0615837	-0.20543	9.31792	
0.999897	0.000342757	-0.0143303	0.00034313	0.998855	0.0478328	0.0143303	-0.0478328	0.998753	0.0722859	-0.241151	10.0938	
0.999881	0.000397739	-0.0154355	0.000398205	0.998671	0.0515284	0.0154355	-0.0515284	0.998552	0.0838465	-0.279741	10.8695	
0.999863	0.000456839	-0.016541	0.000457413	0.998474	0.0552259	0.016541	-0.0552259	0.998337	0.0962657	-0.321203	11.6451	
0.999844	0.000520063	-0.0176468	0.00052076	0.998262	0.0589251	0.0176467	-0.0589251	0.998106	0.109544	-0.365537	12.4205	
0.999824	0.000587415	-0.0187527	0.000588252	0.998037	0.0626261	0.0187527	-0.0626261	0.997861	0.123681	-0.412746	13.1957	
0.999803	0.0006589	-0.0198589	0.000659894	0.997798	0.0663286	0.0198589	-0.0663286	0.9976	0.138677	-0.46283	13.9707	
0.99978	0.000734523	-0.0209652	0.000735694	0.997544	0.0700326	0.0209652	-0.0700326	0.997324	0.154532	-0.51579	14.7455	
0.999756	0.000814288	-0.0220717	0.000815655	0.997277	0.0737381	0.0220717	-0.0737381	0.997033	0.171247	-0.571629	15.52	
0.999731	0.0008982	-0.0231783	0.000899784	0.996996	0.0774449	0.0231783	-0.0774449	0.996727	0.188821	-0.630346	16.2944	
0.999705	0.000986262	-0.024285	0.000988085	0.996701	0.0811529	0.024285	-0.0811529	0.996406	0.207255	-0.691943	17.0685	
0.999677	0.00107848	-0.0253918	0.00108056	0.996392	0.0848621	0.0253917	-0.0848621	0.996069	0.226549	-0.75642	17.8423	
0.999648	0.00117485	-0.0264986	0.00117722	0.996069	0.0885724	0.0264985	-0.0885724	0.995717	0.246702	-0.823779	18.6159	
0.999618	0.00127539	-0.0276054	0.00127807	0.995732	0.0922836	0.0276053	-0.0922837	0.99535	0.267715	-0.894021	19.3892	
0.999587	0.00138009	-0.0287122	0.00138311	0.995381	0.0959958	0.0287121	-0.0959958	0.994968	0.289588	-0.967146	20.1622	
0.999554	0.00148896	-0.029819	0.00149234	0.995016	0.0997087	0.0298188	-0.0997088	0.99457	0.312321	-1.04315	20.9349	
0.99952	0.001602	-0.0309257	0.00160577	0.994636	0.103422	0.0309255	-0.103422	0.994157	0.335913	-1.12205	21.7073	
0.999485	0.00171921	-0.0320323	0.00172341	0.994243	0.107137	0.0320321	-0.107137	0.993728	0.360365	-1.20383	22.4794	
0.999449	0.0018406	-0.0331388	0.00184525	0.993835	0.110852	0.0331385	-0.110852	0.993284	0.385676	-1.28849	23.2511	
0.999412	0.00196617	-0.0342451	0.0019713	0.993414	0.114567	0.0342448	-0.114567	0.992825	0.411847	-1.37604	24.0225	
0.999373	0.00209592	-0.0353513	0.00210156	0.992978	0.118283	0.035351	-0.118283	0.992351	0.438876	-1.46647	24.7935	
0.999333	0.00222985	-0.0364573	0.00223604	0.992528	0.121999	0.0364569	-0.121999	0.99186	0.466765	-1.55979	25.5641	
0.999291	0.00236796	-0.037563	0.00237474	0.992064	0.125715	0.0375626	-0.125715	0.991355	0.495514	-1.656	26.3344	
0.999249	0.00251026	-0.0386685	0.00251766	0.991585	0.129431	0.0386681	-0.129431	0.990834	0.52512	-1.7551	27.1042	
0.999205	0.00265675	-0.0397738	0.0026648	0.991093	0.133147	0.0397732	-0.133147	0.990298	0.555586	-1.85708	27.8737	
0.99916	0.00280742	-0.0408787	0.00281617	0.990586	0.136863	0.0408781	-0.136864	0.989746	0.586909	-1.96195	28.6427	
0.999114	0.00296229	-0.0419833	0.00297177	0.990065	0.140579	0.0419826	-0.14058	0.989179	0.619091	-2.0697	29.4113	
0.999066	0.00312134	-0.0430876	0.00313159	0.98953	0.144295	0.0430868	-0.144295	0.988596	0.652131	-2.18034	30.1794	
0.999018	0.00328459	-0.0441914	0.00329565	0.98898	0.148011	0.0441906	-0.148011	0.987998	0.686028	-2.29387	30.9471	
0.998968	0.00345202	-0.0452949	0.00346394	0.988417	0.151726	0.045294	-0.151726	0.987384	0.720782	-2.41028	31.7143	
0.998916	0.00362365	-0.0463979	0.00363647	0.987839	0.15544	0.0463969	-0.155441	0.986755	0.756394	-2.52958	32.481	
0.998864	0.00379947	-0.0475005	0.00381323	0.987246	0.159154	0.0474994	-0.159155	0.98611	0.792862	-2.65177	33.2472	
0.99881	0.00397948	-0.0486026	0.00399423	0.98664	0.162868	0.0486014	-0.162868	0.98545	0.830186	-2.77683	34.013	
0.998755	0.00416368	-0.0497042	0.00417947	0.986019	0.16658	0.0497029	-0.166581	0.984774	0.868366	-2.90479	34.7782	
0.998699	0.00435207	-0.0508053	0.00436894	0.985384	0.170292	0.0508038	-0.170292	0.984083	0.907401	-3.03562	35.5428	
0.998642	0.00454465	-0.0519058	0.00456265	0.984735	0.174003	0.0519042	-0.174003	0.983376	0.947291	-3.16934	36.307	
0.998583	0.00474143	-0.0530057	0.00476061	0.984071	0.177712	0.053004	-0.177713	0.982654	0.988036	-3.30594	37.0706	
0.998523	0.00494239	-0.054105	0.0049628	0.983393	0.181421	0.0541031	-0.181421	0.981916	1.02963	-3.44542	37.8336	
0.998462	0.00514753	-0.0552037	0.00516923	0.982701	0.185128	0.0552016	-0.185129	0.981163	1.07209	-3.58779	38.596	
0.998399	0.00535687	-0.0563017	0.00537989	0.981994	0.188834	0.0562995	-0.188835	0.980394	1.11539	-3.73303	39.3578	
0.998336	0.00557038	-0.057399	0.0055948	0.981273	0.192539	0.0573966	-0.19254	0.979609	1.15955	-3.88115	40.1191	
0.998271	0.00578808	-0.0584956	0.00581394	0.980538	0.196242	0.0584931	-0.196243	0.978809	1.20456	-4.03215	40.8797	
0.998175	0.00611071	-0.0600777	0.00620493	0.979223	0.202694	0.060068	-0.202696	0.977398	1.25061	-4.18709	41.6394	
0.998076	0.00644404	-0.0616586	0.00660638	0.977864	0.209137	0.0616414	-0.209142	0.975941	1.29788	-4.34704	42.3981	
0.997975	0.00678805	-0.0632384	0.00701829	0.976463	0.215571	0.0632132	-0.215578	0.974438	1.34637	-4.51199	43.1556	
0.997872	0.00714275	-0.0648168	0.00744063	0.975019	0.221997	0.0647833	-0.222006	0.972891	1.39608	-4.68195	43.9119	
0.997765	0.00750813	-0.0663939	0.00787341	0.973533	0.228413	0.0663516	-0.228425	0.971298	1.44701	-4.85689	44.667	
0.997656	0.00788417	-0.0679695	0.00831662	0.972003	0.23482	0.0679179	-0.234835	0.96966	1.49916	-5.03681	45.4208	
0.997545	0.00827087	-0.0695434	0.00877023	0.970432	0.241217	0.0694822	-0.241234	0.967976	1.55252	-5.22171	46.1734	
0.99743	0.00866823	-0.0711155	0.00923423	0.968818	0.247603	0.0710443	-0.247624	0.966248	1.6071	-5.41157	46.9246	
0.997314	0.00907622	-0.0726859	0.00970862	0.967161	0.253979	0.0726041	-0.254003	0.964475	1.66289	-5.6064	47.6745	
0.997194	0.00949483	-0.0742542	0.0101934	0.965462	0.260344	0.0741616	-0.260371	0.962656	1.7199	-5.80617	48.4229	
0.997072	0.00992405	-0.0758205	0.0106885	0.963721	0.266698	0.0757165	-0.266728	0.960793	1.77811	-6.01089	49.17	
0.996947	0.0103639	-0.0773846	0.0111939	0.961937	0.273041	0.0772689	-0.273073	0.958885	1.83752	-6.22054	49.9156	
0.99682	0.0108143	-0.0789464	0.0117097	0.960112	0.279371	0.0788185	-0.279407	0.956932	1.89814	-6.43512	50.6596	
0.99669	0.0112752	-0.0805058	0.0122358	0.958244	0.285689	0.0803654	-0.285729	0.954935	1.95997	-6.65461	51.4022	
0.996558	0.0117467	-0.0820627	0.0127721	0.956335	0.291995	0.0819093	-0.292038	0.952893	2.02299	-6.879	52.1431	
0.996423	0.0122287	-0.0836169	0.0133187	0.954383	0.298288	0.0834502	-0.298334	0.950806	2.08722	-7.1083	52.8825	
0.996285	0.0127212	-0.0851684	0.0138755	0.95239	0.304567	0.084988	-0.304618	0.948675	2.15264	-7.34247	53.6202	
0.996145	0.0132242	-0.0867171	0.0144426	0.950355	0.310833	0.0865225	-0.310887	0.9465	2.21925	-7.58153	54.3563	
0.996002	0.0137376	-0.0882629	0.0150198	0.948278	0.317085	0.0880537	-0.317143	0.944281	2.28705	-7.82544	55.0907	
0.995857	0.0142614	-0.0898056	0.0156073	0.94616	0.323323	0.0895815	-0.323385	0.942018	2.35604	-8.07422	55.8233	
0.995709	0.0147957	-0.0913451	0.0162048	0.944	0.329546	0.0911056	-0.329613	0.93971	2.42622	-8.32783	56.5541	
0.995559	0.0153403	-0.0928813	0.0168125	0.941799	0.335755	0.0926262	-0.335825	0.937359	2.49758	-8.58628	57.2831	
0.995406	0.0158952	-0.0944142	0.0174303	0.939557	0.341948	0.0941429	-0.342023	0.934964	2.57012	-8.84954	58.0103	
0.995251	0.0164605	-0.0959436	0.0180582	0.937274	0.348126	0.0956558	-0.348205	0.932525	2.64383	-9.11762	58.7356	
0.995093	0.0170361	-0.0974694	0.0186961	0.93495	0.354287	0.0971647	-0.354371	0.930043	2.71872	-9.39049	59.459	
0.994932	0.0176219	-0.0989915	0.019344	0.932584	0.360433	0.0986695	-0.360521	0.927517	2.79478	-9.66814	60.1805	
0.994769	0.0182179	-0.10051	0.0200019	0.930179	0.366562	0.10017	-0.366655	0.924949	2.87201	-9.95057	60.8999	
0.994604	0.0188241	-0.102024	0.0206697	0.927732	0.372675	0.101666	-0.372772	0.922337	2.9504	-10.2377	61.6174	
0.994436	0.0194404	-0.103535	0.0213475	0.925245	0.37877	0.103158	-0.378872	0.919681	3.02995	-10.5297	62.3328	
0.994265	0.0200668	-0.105041	0.0220351	0.922717	0.384848	0.104646	-0.384955	0.916983	3.11065	-10.8263	63.0461	
0.994093	0.0207034	-0.106543	0.0227326	0.920149	0.390908	0.106129	-0.39102	0.914243	3.19252	-11.1277	63.7574	
0.993917	0.0213499	-0.108041	0.02344	0.917541	0.39695	0.107607	-0.397067	0.911459	3.27553	-11.4338	64.4664	
0.993739	0.0220064	-0.109534	0.0241571	0.914893	0.402973	0.10908	-0.403096	0.908634	3.35969	-11.7446	65.1733	
0.993559	0.0226729	-0.111023	0.024884	0.912205	0.408978	0.110549	-0.409107	0.905765	3.44499	-12.06	65.878	
0.993377	0.0233493	-0.112507	0.0256206	0.909477	0.414964	0.112012	-0.415098	0.902855	3.53143	-12.3801	66.5805	
0.993191	0.0240355	-0.113987	0.0263668	0.90671	0.42093	0.11347	-0.42107	0.899903	3.619	-12.7049	67.2806	
0.993004	0.0247316	-0.115462	0.0271228	0.903903	0.426877	0.114923	-0.427023	0.896908	3.7077	-13.0343	67.9785	
0.992814	0.0254375	-0.116931	0.0278883	0.901056	0.432804	0.116371	-0.432955	0.893872	3.79754	-13.3683	68.674	
0.992622	0.026153	-0.118396	0.0286634	0.898171	0.438711	0.117814	-0.438868	0.890795	3.88849	-13.7069	69.3671	
0.992202	0.0277294	-0.121519	0.0309413	0.889628	0.455637	0.120742	-0.455844	0.881832	3.98114	-14.0544	70.0556	
0.991771	0.0293653	-0.12461	0.0332746	0.880762	0.472389	0.123624	-0.472648	0.872537	4.07605	-14.415	70.737	
0.99133	0.0310601	-0.127668	0.0356626	0.871577	0.488961	0.12646	-0.489275	0.862913	4.17319	-14.7886	71.411	
0.99088	0.0328132	-0.130691	0.0381043	0.862076	0.505345	0.129248	-0.505716	0.852963	4.2725	-15.1751	72.0775	
0.99042	0.0346238	-0.133679	0.0405987	0.852263	0.521536	0.131987	-0.521967	0.842692	4.37396	-15.5742	72.7361	
0.98995	0.0364914	-0.13663	0.043145	0.842141	0.537529	0.134677	-0.538021	0.832103	4.47754	-15.9859	73.3866	
0.989471	0.0384152	-0.139543	0.0457422	0.831715	0.553315	0.137315	-0.553872	0.8212	4.58318	-16.41	74.0287	
