1	0	0	0	1	0	0	0	1	0	0	0	
0.999995	2.78383e-06	0.00320115	2.78383e-06	0.999998	-0.00173926	-0.00320115	0.00173926	0.999993	-0.00120932	0.000657055	0.755554	
0.999979	1.11449e-05	0.006404	1.1152e-05	0.999994	-0.00348166	-0.006404	0.00348166	0.999973	-0.00483794	0.00262941	1.5111	
0.999954	2.50991e-05	0.00960847	2.51275e-05	0.999986	-0.00522717	-0.00960847	0.00522717	0.99994	-0.0108871	0.00591941	2.26662	
0.999918	4.46621e-05	0.0128145	4.47332e-05	0.999976	-0.00697574	-0.0128145	0.00697574	0.999894	-0.019358	0.0105294	3.02212	
0.999872	6.98494e-05	0.016022	6.99917e-05	0.999962	-0.00872734	-0.016022	0.00872734	0.999834	-0.0302518	0.0164617	3.77757	
0.999815	0.000100676	0.0192309	0.000100925	0.999945	-0.0104819	-0.0192309	0.0104819	0.99976	-0.0435696	0.0237185	4.53297	
0.999748	0.000137157	0.0224411	0.000137556	0.999925	-0.0122395	-0.0224411	0.0122395	0.999673	-0.0593124	0.0323022	5.28831	
0.999671	0.000179306	0.0256526	0.000179905	0.999902	-0.0139999	-0.0256526	0.0139999	0.999573	-0.0774811	0.0422149	6.04359	
0.999583	0.000227138	0.0288652	0.000227995	0.999876	-0.0157632	-0.0288652	0.0157633	0.999459	-0.0980767	0.0534587	6.79878	
0.999485	0.000280667	0.0320789	0.000281846	0.999846	-0.0175294	-0.0320789	0.0175294	0.999332	-0.1211	0.066036	7.55388	
0.999377	0.000339907	0.0352937	0.000341479	0.999814	-0.0192984	-0.0352937	0.0192984	0.999191	-0.146552	0.0799487	8.30887	
0.999258	0.000404871	0.0385094	0.000406917	0.999778	-0.0210701	-0.0385094	0.0210701	0.999036	-0.174433	0.0951991	9.06376	
0.999129	0.000475572	0.0417259	0.000478177	0.999739	-0.0228445	-0.0417259	0.0228446	0.998868	-0.204744	0.111789	9.81852	
0.998989	0.000552024	0.0449433	0.000555282	0.999697	-0.0246216	-0.0449432	0.0246217	0.998686	-0.237486	0.129721	10.5732	
0.998839	0.000634238	0.0481614	0.000638251	0.999651	-0.0264014	-0.0481613	0.0264015	0.998491	-0.272659	0.148996	11.3276	
0.998679	0.000722227	0.0513801	0.000727104	0.999602	-0.0281838	-0.05138	0.0281839	0.998281	-0.310263	0.169617	12.082	
0.998508	0.000816004	0.0545993	0.00082186	0.999551	-0.0299687	-0.0545993	0.0299688	0.998059	-0.3503	0.191586	12.8362	
0.998327	0.000915579	0.0578191	0.000922538	0.999495	-0.0317561	-0.057819	0.0317563	0.997822	-0.392769	0.214905	13.5902	
0.998135	0.00102097	0.0610393	0.00102916	0.999437	-0.0335461	-0.0610392	0.0335463	0.997571	-0.437671	0.239575	14.344	
0.997933	0.00113217	0.0642598	0.00114174	0.999375	-0.0353384	-0.0642597	0.0353387	0.997307	-0.485006	0.265598	15.0976	
0.99772	0.00124921	0.0674806	0.00126029	0.99931	-0.0371332	-0.0674804	0.0371336	0.997029	-0.534775	0.292976	15.851	
0.997497	0.0013721	0.0707016	0.00138485	0.999241	-0.0389303	-0.0707014	0.0389308	0.996738	-0.586977	0.321712	16.6042	
0.997263	0.00150084	0.0739227	0.00151542	0.999169	-0.0407298	-0.0739224	0.0407303	0.996432	-0.641613	0.351806	17.3572	
0.997019	0.00163544	0.0771439	0.00165202	0.999094	-0.0425315	-0.0771435	0.0425322	0.996112	-0.698682	0.383261	18.1099	
0.996764	0.00177591	0.080365	0.00179467	0.999015	-0.0443355	-0.0803646	0.0443363	0.995779	-0.758185	0.416078	18.8624	
0.996499	0.00192227	0.083586	0.00194338	0.998933	-0.0461417	-0.0835855	0.0461426	0.995432	-0.820122	0.450259	19.6147	
0.996223	0.00207453	0.0868068	0.00209818	0.998848	-0.04795	-0.0868063	0.0479511	0.995071	-0.884492	0.485805	20.3666	
0.995937	0.00223268	0.0900274	0.00225908	0.998759	-0.0497605	-0.0900268	0.0497617	0.994695	-0.951296	0.522719	21.1183	
0.99564	0.00239675	0.0932477	0.00242609	0.998666	-0.0515731	-0.0932469	0.0515744	0.994306	-1.02053	0.561002	21.8697	
0.995333	0.00256674	0.0964675	0.00259924	0.99857	-0.0533877	-0.0964667	0.0533892	0.993903	-1.0922	0.600655	22.6208	
0.995015	0.00274265	0.0996869	0.00277854	0.998471	-0.0552042	-0.0996859	0.055206	0.993486	-1.1663	0.64168	23.3716	
0.994687	0.0029245	0.102906	0.00296399	0.998368	-0.0570228	-0.102905	0.0570248	0.993055	-1.24284	0.684078	24.1221	
0.994348	0.00311229	0.106124	0.00315563	0.998262	-0.0588433	-0.106123	0.0588456	0.99261	-1.3218	0.727851	24.8722	
0.993999	0.00330604	0.109341	0.00335346	0.998153	-0.0606656	-0.10934	0.0606682	0.992151	-1.4032	0.773001	25.622	
0.993639	0.00350574	0.112558	0.0035575	0.998039	-0.0624898	-0.112557	0.0624927	0.991678	-1.48703	0.819528	26.3715	
0.993269	0.00371141	0.115774	0.00376776	0.997922	-0.0643157	-0.115772	0.064319	0.991191	-1.57329	0.867435	27.1206	
0.992888	0.00392305	0.118989	0.00398426	0.997802	-0.0661435	-0.118987	0.0661471	0.99069	-1.66197	0.916722	27.8693	
0.992496	0.00414066	0.122203	0.00420701	0.997678	-0.0679729	-0.122201	0.067977	0.990175	-1.75309	0.967392	28.6176	
0.992095	0.00436427	0.125416	0.00443602	0.997551	-0.069804	-0.125413	0.0698085	0.989646	-1.84663	1.01944	29.3655	
0.991682	0.00459386	0.128628	0.00467131	0.99742	-0.0716367	-0.128625	0.0716417	0.989102	-1.9426	1.07288	30.1131	
0.991259	0.00482945	0.131838	0.0049129	0.997285	-0.073471	-0.131835	0.0734766	0.988545	-2.041	1.1277	30.8602	
0.990826	0.00507104	0.135048	0.00516078	0.997147	-0.0753069	-0.135044	0.075313	0.987973	-2.14182	1.18391	31.6069	
0.990382	0.00531864	0.138256	0.00541498	0.997005	-0.0771442	-0.138252	0.0771509	0.987388	-2.24507	1.24151	32.3531	
0.989928	0.00557225	0.141462	0.00567552	0.99686	-0.078983	-0.141458	0.0789904	0.986788	-2.35073	1.3005	33.0989	
0.989463	0.00583188	0.144667	0.00594239	0.996711	-0.0808233	-0.144663	0.0808313	0.986174	-2.45882	1.36087	33.8442	
0.988988	0.00609753	0.147871	0.00621561	0.996558	-0.0826649	-0.147866	0.0826737	0.985546	-2.56934	1.42264	34.5891	
0.988502	0.0063692	0.151072	0.0064952	0.996402	-0.0845078	-0.151067	0.0845174	0.984904	-2.68227	1.4858	35.3335	
0.988006	0.0066469	0.154273	0.00678117	0.996242	-0.0863521	-0.154267	0.0863625	0.984248	-2.79761	1.55036	36.0774	
0.987499	0.00693063	0.157471	0.00707352	0.996078	-0.0881976	-0.157464	0.0882089	0.983577	-2.91538	1.61631	36.8208	
0.986982	0.0072204	0.160667	0.00737227	0.99591	-0.0900443	-0.16066	0.0900566	0.982893	-3.03556	1.68365	37.5637	
0.986455	0.00751621	0.163862	0.00767742	0.995739	-0.0918921	-0.163854	0.0919054	0.982194	-3.15815	1.75239	38.3061	
0.985917	0.00781806	0.167054	0.007989	0.995565	-0.0937411	-0.167046	0.0937555	0.981481	-3.28316	1.82253	39.0479	
0.985311	0.00816299	0.170577	0.00877265	0.995119	-0.0982953	-0.170547	0.0983478	0.980429	-3.4107	1.89511	39.7891	
0.98469	0.00852526	0.174104	0.0095728	0.994651	-0.102846	-0.17405	0.102938	0.979342	-3.54088	1.97115	40.5294	
0.984056	0.00890489	0.177635	0.0103895	0.994162	-0.107393	-0.177555	0.107526	0.978219	-3.67371	2.05066	41.269	
0.983408	0.00930194	0.18117	0.0112226	0.993652	-0.111935	-0.181061	0.112111	0.977061	-3.80918	2.13363	42.0076	
0.982745	0.00971644	0.184708	0.0120723	0.99312	-0.116474	-0.184569	0.116694	0.975867	-3.94731	2.22007	42.7454	
0.982069	0.0101484	0.188249	0.0129385	0.992567	-0.121008	-0.188077	0.121273	0.974638	-4.08809	2.30997	43.4823	
0.981378	0.0105979	0.191792	0.0138212	0.991993	-0.125537	-0.191587	0.12585	0.973374	-4.23152	2.40332	44.2182	
0.980674	0.011065	0.195337	0.0147205	0.991397	-0.130061	-0.195096	0.130423	0.972074	-4.3776	2.50014	44.9531	
0.979955	0.0115496	0.198885	0.0156363	0.990779	-0.13458	-0.198605	0.134992	0.970738	-4.52633	2.60041	45.6871	
0.979222	0.0120518	0.202434	0.0165686	0.990141	-0.139094	-0.202114	0.139558	0.969368	-4.67771	2.70413	46.42	
0.978475	0.0125716	0.205983	0.0175174	0.98948	-0.143602	-0.205622	0.144119	0.967961	-4.83175	2.81129	47.1519	
0.977713	0.013109	0.209534	0.0184827	0.988799	-0.148104	-0.209129	0.148676	0.96652	-4.98843	2.92191	47.8827	
0.976938	0.0136641	0.213085	0.0194645	0.988096	-0.152601	-0.212634	0.153229	0.965043	-5.14777	3.03596	48.6124	
0.976149	0.0142367	0.216637	0.0204628	0.987372	-0.157091	-0.216137	0.157777	0.96353	-5.30975	3.15345	49.341	
0.975345	0.014827	0.220187	0.0214776	0.986627	-0.161575	-0.219639	0.16232	0.961983	-5.47437	3.27438	50.0684	
0.974527	0.015435	0.223738	0.0225088	0.98586	-0.166052	-0.223137	0.166858	0.9604	-5.64164	3.39873	50.7946	
0.973695	0.0160606	0.227287	0.0235565	0.985072	-0.170523	-0.226633	0.171391	0.958782	-5.81156	3.52652	51.5197	
0.972849	0.0167037	0.230835	0.0246206	0.984263	-0.174986	-0.230126	0.175918	0.957128	-5.98411	3.65772	52.2434	
0.97199	0.0173645	0.234382	0.0257011	0.983433	-0.179442	-0.233615	0.18044	0.95544	-6.1593	3.79235	52.966	
0.971116	0.0180429	0.237926	0.026798	0.982581	-0.183891	-0.2371	0.184956	0.953716	-6.33713	3.93039	53.6872	
0.970228	0.0187389	0.241468	0.0279113	0.981709	-0.188333	-0.240581	0.189465	0.951958	-6.51759	4.07184	54.4071	
0.969326	0.0194524	0.245008	0.0290409	0.980815	-0.192766	-0.244057	0.193968	0.950164	-6.70067	4.21669	55.1257	
0.96841	0.0201834	0.248544	0.0301868	0.9799	-0.197192	-0.247529	0.198465	0.948336	-6.88638	4.36494	55.8429	
0.967481	0.0209319	0.252078	0.031349	0.978964	-0.201609	-0.250995	0.202955	0.946473	-7.07472	4.51659	56.5588	
0.966537	0.0216979	0.255607	0.0325275	0.978007	-0.206018	-0.254456	0.207438	0.944575	-7.26566	4.67163	57.2731	
0.96558	0.0224812	0.259132	0.0337222	0.97703	-0.210419	-0.257911	0.211915	0.942642	-7.45922	4.83005	57.9861	
0.964609	0.023282	0.262654	0.0349331	0.976031	-0.21481	-0.261359	0.216383	0.940675	-7.65539	4.99185	58.6976	
0.963625	0.0241001	0.26617	0.0361601	0.975011	-0.219193	-0.264801	0.220845	0.938673	-7.85417	5.15703	59.4076	
0.962627	0.0249355	0.269682	0.0374033	0.973971	-0.223567	-0.268237	0.225298	0.936637	-8.05554	5.32557	60.116	
0.961615	0.0257882	0.273188	0.0386626	0.972909	-0.227931	-0.271665	0.229744	0.934567	-8.2595	5.49748	60.8229	
0.96059	0.026658	0.276688	0.0399379	0.971827	-0.232286	-0.275086	0.234182	0.932463	-8.46605	5.67274	61.5282	
0.959551	0.027545	0.280183	0.0412292	0.970724	-0.236631	-0.278498	0.238612	0.930324	-8.67518	5.85135	62.232	
0.958499	0.028449	0.283671	0.0425365	0.969601	-0.240967	-0.281903	0.243033	0.928152	-8.88689	6.03331	62.934	
0.957434	0.02937	0.287153	0.0438597	0.968457	-0.245292	-0.285299	0.247446	0.925945	-9.10117	6.2186	63.6345	
0.956356	0.030308	0.290628	0.0451988	0.967292	-0.249607	-0.288687	0.25185	0.923705	-9.31801	6.40722	64.3332	
0.955265	0.0312629	0.294095	0.0465537	0.966106	-0.253912	-0.292065	0.256245	0.921432	-9.5374	6.59917	65.0303	
0.95416	0.0322345	0.297555	0.0479245	0.9649	-0.258206	-0.295434	0.260631	0.919125	-9.75935	6.79443	65.7256	
0.953043	0.0332229	0.301007	0.0493109	0.963674	-0.26249	-0.298794	0.265007	0.916784	-9.98384	6.99301	66.4192	
0.951913	0.0342279	0.304451	0.050713	0.962427	-0.266763	-0.302143	0.269374	0.914411	-10.2109	7.19489	67.111	
0.95077	0.0352495	0.307887	0.0521307	0.96116	-0.271024	-0.305482	0.273732	0.912004	-10.4404	7.40006	67.801	
0.949614	0.0362875	0.311313	0.0535641	0.959872	-0.275274	-0.30881	0.27808	0.909565	-10.6725	7.60852	68.4891	
0.948446	0.0373419	0.314731	0.0550129	0.958565	-0.279513	-0.312128	0.282417	0.907093	-10.907	7.82027	69.1754	
0.947266	0.0384126	0.318139	0.0564772	0.957237	-0.28374	-0.315434	0.286745	0.904588	-11.1441	8.03528	69.8598	
0.946176	0.0394295	0.32124	0.0623558	0.951747	-0.300481	-0.317588	0.304339	0.898062	-11.3833	8.25859	70.5408	
0.94508	0.0405068	0.324319	0.0682735	0.945932	-0.317097	-0.319628	0.321825	0.891216	-11.624	8.49515	71.2168	
0.943977	0.041644	0.327373	0.074228	0.939794	-0.333584	-0.321555	0.339196	0.884053	-11.8662	8.74487	71.8875	
0.942868	0.0428408	0.330402	0.0802172	0.933333	-0.349934	-0.323367	0.356446	0.876573	-12.1099	9.00768	72.5526	
