1	0	0	0	1	0	0	0	1	0	0	0	
0.999992	-2.05361e-06	0.00401238	-2.05361e-06	0.999999	0.00102363	-0.00401238	-0.00102363	0.999991	-0.00148742	-0.000379469	0.741412	
0.999968	-8.21101e-06	0.00802574	-8.19993e-06	0.999998	0.00204475	-0.00802574	-0.00204475	0.999966	-0.00595004	-0.00151694	1.48281	
0.999928	-1.84642e-05	0.01204	-1.84198e-05	0.999995	0.00306334	-0.01204	-0.00306334	0.999923	-0.0133886	-0.00341055	2.22419	
0.999871	-3.28051e-05	0.0160551	-3.26941e-05	0.999992	0.00407937	-0.0160551	-0.00407937	0.999863	-0.0238036	-0.00605841	2.96552	
0.999799	-5.12254e-05	0.0200709	-5.10035e-05	0.999987	0.00509283	-0.0200709	-0.00509283	0.999786	-0.0371958	-0.00945861	3.70681	
0.99971	-7.37168e-05	0.0240875	-7.33286e-05	0.999981	0.0061037	-0.0240875	-0.0061037	0.999691	-0.0535657	-0.0136093	4.44803	
0.999605	-0.000100271	0.0281046	-9.96498e-05	0.999975	0.00711196	-0.0281046	-0.00711196	0.99958	-0.0729137	-0.0185084	5.18917	
0.999484	-0.000130879	0.0321222	-0.000129947	0.999967	0.0081176	-0.0321222	-0.00811758	0.999451	-0.0952402	-0.0241541	5.93023	
0.999347	-0.000165533	0.0361403	-0.000164202	0.999958	0.00912058	-0.0361403	-0.00912056	0.999305	-0.120546	-0.0305444	6.67118	
0.999193	-0.000204224	0.0401588	-0.000202393	0.999949	0.0101209	-0.0401588	-0.0101209	0.999142	-0.14883	-0.0376774	7.41202	
0.999024	-0.000246942	0.0441776	-0.000244502	0.999938	0.0111185	-0.0441776	-0.0111185	0.998962	-0.180095	-0.0455509	8.15273	
0.998838	-0.00029368	0.0481966	-0.000290507	0.999927	0.0121135	-0.0481966	-0.0121134	0.998764	-0.214338	-0.0541632	8.89331	
0.998636	-0.000344428	0.0522158	-0.000340389	0.999914	0.0131057	-0.0522158	-0.0131056	0.99855	-0.251562	-0.063512	9.63373	
0.998417	-0.000399176	0.056235	-0.000394128	0.999901	0.0140951	-0.056235	-0.014095	0.998318	-0.291766	-0.0735955	10.374	
0.998183	-0.000457916	0.0602542	-0.000451702	0.999886	0.0150819	-0.0602543	-0.0150817	0.998069	-0.334949	-0.0844115	11.1141	
0.997932	-0.000520638	0.0642734	-0.000513093	0.999871	0.0160658	-0.0642734	-0.0160656	0.997803	-0.381112	-0.095958	11.8539	
0.997665	-0.000587333	0.0682923	-0.000578279	0.999855	0.0170469	-0.0682924	-0.0170466	0.99752	-0.430255	-0.108233	12.5936	
0.997382	-0.000657991	0.0723111	-0.000647239	0.999837	0.0180253	-0.0723112	-0.0180249	0.997219	-0.482378	-0.121234	13.3331	
0.997082	-0.000732602	0.0763296	-0.000719954	0.999819	0.0190008	-0.0763297	-0.0190003	0.996902	-0.537481	-0.13496	14.0723	
0.996767	-0.000811158	0.0803477	-0.000796401	0.9998	0.0199735	-0.0803478	-0.0199729	0.996567	-0.595562	-0.149407	14.8113	
0.996434	-0.000893647	0.0843653	-0.000876561	0.99978	0.0209433	-0.0843655	-0.0209426	0.996215	-0.656623	-0.164575	15.5501	
0.996086	-0.00098006	0.0883824	-0.000960412	0.999759	0.0219102	-0.0883826	-0.0219093	0.995846	-0.720662	-0.180461	16.2885	
0.995721	-0.00107039	0.0923989	-0.00104793	0.999738	0.0228743	-0.0923991	-0.0228732	0.995459	-0.787679	-0.197062	17.0267	
0.995341	-0.00116462	0.0964147	-0.0011391	0.999715	0.0238354	-0.096415	-0.0238342	0.995056	-0.857674	-0.214377	17.7646	
0.994943	-0.00126274	0.10043	-0.0012339	0.999692	0.0247936	-0.10043	-0.0247921	0.994635	-0.930646	-0.232403	18.5022	
0.99453	-0.00136475	0.104444	-0.0013323	0.999668	0.0257489	-0.104444	-0.0257472	0.994197	-1.00659	-0.251138	19.2395	
0.9941	-0.00147063	0.108457	-0.00143429	0.999642	0.0267012	-0.108458	-0.0266992	0.993742	-1.08552	-0.27058	19.9764	
0.993654	-0.00158037	0.11247	-0.00153985	0.999616	0.0276505	-0.11247	-0.0276482	0.99327	-1.16742	-0.290727	20.713	
0.993191	-0.00169397	0.116481	-0.00164894	0.99959	0.0285968	-0.116481	-0.0285942	0.992781	-1.25229	-0.311577	21.4493	
0.992713	-0.0018114	0.120491	-0.00176155	0.999562	0.0295402	-0.120492	-0.0295372	0.992275	-1.34014	-0.333127	22.1852	
0.992218	-0.00193267	0.1245	-0.00187767	0.999534	0.0304805	-0.124501	-0.0304771	0.991751	-1.43096	-0.355374	22.9206	
0.991706	-0.00205775	0.128508	-0.00199726	0.999504	0.0314178	-0.128508	-0.0314139	0.991211	-1.52475	-0.378318	23.6557	
0.991179	-0.00218664	0.132514	-0.0021203	0.999474	0.032352	-0.132515	-0.0323476	0.990653	-1.62152	-0.401955	24.3904	
0.990635	-0.00231933	0.136519	-0.00224678	0.999443	0.0332832	-0.13652	-0.0332782	0.990078	-1.72125	-0.426283	25.1247	
0.990075	-0.0024558	0.140522	-0.00237666	0.999412	0.0342113	-0.140523	-0.0342057	0.989486	-1.82395	-0.451299	25.8585	
0.989498	-0.00259605	0.144524	-0.00250994	0.999379	0.0351363	-0.144525	-0.03513	0.988877	-1.92962	-0.477003	26.5919	
0.988905	-0.00274006	0.148524	-0.00264658	0.999346	0.0360581	-0.148525	-0.0360512	0.988251	-2.03826	-0.50339	27.3249	
0.988296	-0.00288783	0.152522	-0.00278657	0.999312	0.0369769	-0.152524	-0.0369691	0.987608	-2.14986	-0.530459	28.0573	
0.98767	-0.00303933	0.156519	-0.00292987	0.999278	0.0378925	-0.156521	-0.0378839	0.986948	-2.26442	-0.558208	28.7893	
0.987029	-0.00319456	0.160513	-0.00307648	0.999242	0.038805	-0.160515	-0.0387955	0.986271	-2.38195	-0.586633	29.5208	
0.98637	-0.00335351	0.164506	-0.00322636	0.999206	0.0397143	-0.164508	-0.0397038	0.985576	-2.50244	-0.615734	30.2518	
0.985696	-0.00351616	0.168496	-0.0033795	0.999169	0.0406204	-0.168499	-0.0406088	0.984865	-2.62589	-0.645506	30.9823	
0.985005	-0.0036825	0.172485	-0.00353587	0.999131	0.0415234	-0.172488	-0.0415106	0.984137	-2.7523	-0.675948	31.7122	
0.984298	-0.00385253	0.176471	-0.00369545	0.999093	0.0424231	-0.176475	-0.0424091	0.983391	-2.88166	-0.707058	32.4416	
0.983575	-0.00402622	0.180455	-0.00385821	0.999054	0.0433196	-0.180459	-0.0433043	0.982629	-3.01398	-0.738833	33.1704	
0.982835	-0.00420357	0.184437	-0.00402413	0.999014	0.0442129	-0.184441	-0.0441962	0.981849	-3.14925	-0.77127	33.8986	
0.982079	-0.00438457	0.188416	-0.0041932	0.998974	0.0451029	-0.188421	-0.0450847	0.981053	-3.28747	-0.804367	34.6263	
0.981307	-0.00456919	0.192393	-0.00436538	0.998932	0.0459897	-0.192398	-0.0459699	0.98024	-3.42864	-0.838122	35.3533	
0.980519	-0.00475744	0.196367	-0.00454066	0.998891	0.0468732	-0.196372	-0.0468517	0.979409	-3.57276	-0.872531	36.0798	
0.979714	-0.00494929	0.200339	-0.00471901	0.998848	0.0477534	-0.200344	-0.0477301	0.978562	-3.71983	-0.907593	36.8056	
0.978893	-0.00514473	0.204308	-0.0049004	0.998805	0.0486304	-0.204314	-0.0486051	0.977698	-3.86984	-0.943306	37.5308	
0.977655	-0.00543183	0.210144	-0.00468359	0.998855	0.0476081	-0.210162	-0.0475286	0.976511	-4.02349	-0.978943	38.2553	
0.976381	-0.00571287	0.21598	-0.00446159	0.998904	0.0465914	-0.21601	-0.0464546	0.975285	-4.18147	-1.01378	38.9788	
0.97507	-0.00598783	0.221816	-0.00423444	0.998952	0.0455802	-0.221857	-0.0453831	0.974023	-4.34379	-1.04783	39.7015	
0.973722	-0.00625671	0.227652	-0.00400218	0.998998	0.0445744	-0.227703	-0.0443142	0.972722	-4.51045	-1.08108	40.4231	
0.972338	-0.00651949	0.233487	-0.00376482	0.999043	0.043574	-0.233547	-0.0432477	0.971383	-4.68144	-1.11354	41.1438	
0.970917	-0.00677617	0.23932	-0.00352241	0.999087	0.0425789	-0.23939	-0.0421835	0.970007	-4.85676	-1.14521	41.8635	
0.96946	-0.00702674	0.245151	-0.00327498	0.999129	0.0415891	-0.245229	-0.0411218	0.968593	-5.03641	-1.17609	42.5822	
0.967965	-0.0072712	0.250979	-0.00302254	0.999171	0.0406045	-0.251066	-0.0400623	0.96714	-5.22039	-1.20619	43.2998	
0.966434	-0.00750952	0.256805	-0.00276513	0.999211	0.039625	-0.2569	-0.0390051	0.965651	-5.4087	-1.2355	44.0163	
0.964866	-0.00774171	0.262628	-0.00250276	0.99925	0.0386507	-0.26273	-0.03795	0.964123	-5.60133	-1.26403	44.7316	
0.963262	-0.00796776	0.268447	-0.00223548	0.999287	0.0376814	-0.268556	-0.0368971	0.962557	-5.79828	-1.29177	45.4459	
0.96162	-0.00818767	0.274261	-0.00196328	0.999324	0.036717	-0.274377	-0.0358463	0.960954	-5.99955	-1.31874	46.1589	
0.959942	-0.00840142	0.280072	-0.0016862	0.999359	0.0357576	-0.280193	-0.0347975	0.959313	-6.20514	-1.34493	46.8708	
0.958228	-0.00860901	0.285877	-0.00140425	0.999393	0.034803	-0.286003	-0.0337507	0.957634	-6.41503	-1.37034	47.5814	
0.956476	-0.00881044	0.291677	-0.00111746	0.999426	0.0338532	-0.291808	-0.0327058	0.955918	-6.62923	-1.39497	48.2908	
0.954688	-0.0090057	0.297471	-0.000825826	0.999458	0.0329082	-0.297606	-0.0316627	0.954164	-6.84773	-1.41884	48.9989	
0.952864	-0.00919478	0.303259	-0.000529373	0.999489	0.0319677	-0.303398	-0.0306214	0.952372	-7.07053	-1.44193	49.7056	
0.951003	-0.00937769	0.30904	-0.000228111	0.999518	0.0310319	-0.309182	-0.0295819	0.950543	-7.29762	-1.46424	50.4111	
0.949105	-0.00955441	0.314815	7.79494e-05	0.999547	0.0301006	-0.314959	-0.0285441	0.948676	-7.52899	-1.48579	51.1151	
0.947171	-0.00972495	0.320581	0.0003888	0.999574	0.0291737	-0.320729	-0.0275079	0.946772	-7.76464	-1.50657	51.8178	
0.945201	-0.00988929	0.32634	0.000704432	0.999601	0.0282512	-0.326489	-0.0264732	0.94483	-8.00457	-1.52658	52.519	
0.943194	-0.0100474	0.332091	0.00102484	0.999626	0.027333	-0.332241	-0.02544	0.942851	-8.24877	-1.54583	53.2188	
0.941151	-0.0101994	0.337833	0.00135002	0.99965	0.0264191	-0.337984	-0.0244083	0.940835	-8.49723	-1.56431	53.9171	
0.939072	-0.0103451	0.343566	0.00167998	0.999673	0.0255093	-0.343718	-0.0233779	0.938782	-8.74994	-1.58202	54.6139	
0.936956	-0.0104847	0.349289	0.0020147	0.999695	0.0246037	-0.349441	-0.0223489	0.936692	-9.0069	-1.59897	55.3091	
0.934805	-0.010618	0.355003	0.00235419	0.999716	0.0237021	-0.355154	-0.0213211	0.934565	-9.2681	-1.61516	56.0028	
0.932618	-0.0107452	0.360706	0.00269846	0.999736	0.0228044	-0.360856	-0.0202944	0.932401	-9.53353	-1.63059	56.6949	
0.930394	-0.0108661	0.366399	0.00304751	0.999755	0.0219106	-0.366547	-0.0192689	0.9302	-9.80318	-1.64525	57.3854	
0.928135	-0.0109808	0.372081	0.00340134	0.999773	0.0210207	-0.372227	-0.0182445	0.927962	-10.0771	-1.65916	58.0742	
0.925841	-0.0110893	0.377751	0.00375996	0.99979	0.0201345	-0.377895	-0.017221	0.925688	-10.3551	-1.67231	58.7614	
0.923511	-0.0111915	0.383409	0.00412338	0.999806	0.019252	-0.38355	-0.0161985	0.923378	-10.6374	-1.6847	59.4469	
0.921145	-0.0112876	0.389055	0.00449161	0.999821	0.0183731	-0.389193	-0.0151768	0.921031	-10.9239	-1.69633	60.1306	
0.918744	-0.0113774	0.394689	0.00486467	0.999835	0.0174977	-0.394823	-0.0141559	0.918648	-11.2145	-1.7072	60.8126	
0.916308	-0.011461	0.40031	0.00524256	0.999848	0.0166258	-0.400439	-0.0131357	0.916229	-11.5093	-1.71732	61.4928	
0.913837	-0.0115384	0.405917	0.00562531	0.99986	0.0157573	-0.406042	-0.0121162	0.913774	-11.8083	-1.72668	62.1712	
0.911331	-0.0116095	0.411511	0.00601293	0.999871	0.0148921	-0.41163	-0.0110973	0.911283	-12.1114	-1.73529	62.8478	
0.90879	-0.0116744	0.41709	0.00640544	0.999881	0.0140302	-0.417204	-0.0100788	0.908757	-12.4187	-1.74314	63.5225	
0.906215	-0.0117331	0.422655	0.00680287	0.99989	0.0131715	-0.422763	-0.00906091	0.906195	-12.73	-1.75023	64.1953	
0.903605	-0.0117856	0.428205	0.00720522	0.999898	0.0123159	-0.428307	-0.00804335	0.903598	-13.0455	-1.75657	64.8662	
0.90096	-0.0118318	0.43374	0.00761253	0.999905	0.0114633	-0.433835	-0.00702612	0.900965	-13.3651	-1.76216	65.5352	
0.898282	-0.0118718	0.43926	0.00802483	0.999911	0.0106137	-0.439347	-0.00600914	0.898297	-13.6888	-1.76699	66.2022	
0.895569	-0.0119055	0.444763	0.00844213	0.999917	0.00976709	-0.444843	-0.00499235	0.895595	-14.0166	-1.77107	66.8672	
0.892822	-0.0119331	0.450251	0.00886447	0.999921	0.00892329	-0.450322	-0.00397568	0.892858	-14.3485	-1.77439	67.5302	
0.890042	-0.0119543	0.455721	0.00929188	0.999924	0.00808228	-0.455783	-0.00295906	0.890086	-14.6844	-1.77696	68.1911	
0.887228	-0.0119694	0.461175	0.00972439	0.999926	0.00724399	-0.461228	-0.00194243	0.88728	-15.0243	-1.77878	68.85	
0.884381	-0.0119782	0.466611	0.010162	0.999928	0.00640835	-0.466654	-0.000925705	0.884439	-15.3683	-1.77984	69.5068	
0.87775	-0.011905	0.47897	0.015891	0.999865	-0.00426936	-0.478854	0.0113587	0.877821	-15.7188	-1.77598	70.1601	
0.87095	-0.0116596	0.491234	0.0217667	0.999653	-0.014865	-0.49089	0.0236393	0.870901	-16.0783	-1.763	70.8084	
