1	0	0	0	1	0	0	0	1	0	0	0	
0.999998	-3.40418e-07	-0.00203372	-3.40418e-07	1	-0.000334774	0.00203372	0.000334774	0.999998	0.000912092	0.000150141	0.896969	
0.999992	-1.36529e-06	-0.00407348	-1.36442e-06	1	-0.000670115	0.00407348	0.000670115	0.999991	0.00365108	0.000600819	1.79393	
0.999981	-3.07976e-06	-0.00611922	-3.07626e-06	0.999999	-0.00100601	0.00611922	0.00100601	0.999981	0.00822235	0.00135253	2.69089	
0.999967	-5.48888e-06	-0.00817084	-5.4801e-06	0.999999	-0.00134243	0.00817084	0.00134243	0.999966	0.0146312	0.00240577	3.58784	
0.999948	-8.5976e-06	-0.0102283	-8.57998e-06	0.999999	-0.00167938	0.0102283	0.00167938	0.999946	0.022883	0.00376101	4.48477	
0.999924	-1.24108e-05	-0.0122914	-1.23799e-05	0.999998	-0.00201683	0.0122914	0.00201683	0.999922	0.0329827	0.0054187	5.38168	
0.999897	-1.69332e-05	-0.0143602	-1.68836e-05	0.999997	-0.00235476	0.0143602	0.00235476	0.999894	0.0449356	0.00737929	6.27857	
0.999865	-2.21695e-05	-0.0164346	-2.20949e-05	0.999996	-0.00269317	0.0164346	0.00269317	0.999861	0.0587466	0.00964322	7.17543	
0.999829	-2.81242e-05	-0.0185145	-2.80174e-05	0.999995	-0.00303204	0.0185145	0.00303204	0.999824	0.0744208	0.0122109	8.07226	
0.999788	-3.4802e-05	-0.0205997	-3.46546e-05	0.999994	-0.00337135	0.0205997	0.00337135	0.999782	0.0919629	0.0150827	8.96905	
0.999743	-4.2207e-05	-0.0226903	-4.201e-05	0.999993	-0.00371109	0.0226903	0.00371109	0.999736	0.111378	0.0182591	9.8658	
0.999693	-5.03436e-05	-0.0247862	-5.00868e-05	0.999992	-0.00405124	0.0247862	0.00405123	0.999685	0.13267	0.0217404	10.7625	
0.999638	-5.9216e-05	-0.0268872	-5.88883e-05	0.99999	-0.00439178	0.0268872	0.00439178	0.999629	0.155845	0.0255269	11.6592	
0.99958	-6.88283e-05	-0.0289932	-6.84176e-05	0.999989	-0.0047327	0.0289932	0.0047327	0.999568	0.180907	0.0296191	12.5558	
0.999516	-7.91844e-05	-0.0311043	-7.86777e-05	0.999987	-0.00507399	0.0311043	0.00507398	0.999503	0.207859	0.0340173	13.4523	
0.999448	-9.02882e-05	-0.0332203	-8.96714e-05	0.999985	-0.00541563	0.0332203	0.00541562	0.999433	0.236708	0.0387217	14.3488	
0.999375	-0.000102144	-0.0353411	-0.000101402	0.999983	-0.0057576	0.0353411	0.00575759	0.999359	0.267457	0.0437327	15.2453	
0.999298	-0.000114754	-0.0374667	-0.000113871	0.999981	-0.00609989	0.0374667	0.00609988	0.999279	0.30011	0.0490506	16.1416	
0.999216	-0.000128123	-0.0395969	-0.000127082	0.999979	-0.00644249	0.0395969	0.00644247	0.999195	0.334672	0.0546757	17.0379	
0.999129	-0.000142255	-0.0417317	-0.000141037	0.999977	-0.00678537	0.0417317	0.00678535	0.999106	0.371147	0.0606081	17.9341	
0.999037	-0.000157152	-0.0438711	-0.000155738	0.999975	-0.00712853	0.0438711	0.0071285	0.999012	0.409538	0.0668483	18.8302	
0.998941	-0.000172818	-0.0460148	-0.000171188	0.999972	-0.00747194	0.0460148	0.00747191	0.998913	0.449851	0.0733963	19.7263	
0.998839	-0.000189256	-0.0481629	-0.000187389	0.999969	-0.0078156	0.0481629	0.00781556	0.998809	0.492088	0.0802525	20.6222	
0.998733	-0.000206469	-0.0503152	-0.000204343	0.999967	-0.00815949	0.0503152	0.00815943	0.9987	0.536254	0.0874171	21.5181	
0.998622	-0.000224461	-0.0524717	-0.000222051	0.999964	-0.00850359	0.0524717	0.00850352	0.998586	0.582352	0.0948902	22.4138	
0.998507	-0.000243233	-0.0546323	-0.000240516	0.999961	-0.00884789	0.0546323	0.00884781	0.998467	0.630387	0.102672	23.3095	
0.998386	-0.000262789	-0.0567969	-0.00025974	0.999958	-0.00919237	0.0567969	0.00919228	0.998343	0.680361	0.110763	24.205	
0.99826	-0.000283131	-0.0589654	-0.000279723	0.999954	-0.00953701	0.0589655	0.00953691	0.998214	0.732279	0.119162	25.1004	
0.998129	-0.000304262	-0.0611378	-0.000300467	0.999951	-0.00988182	0.0611378	0.0098817	0.99808	0.786143	0.127871	25.9958	
0.997994	-0.000326185	-0.0633139	-0.000321974	0.999948	-0.0102268	0.0633139	0.0102266	0.997941	0.841958	0.13689	26.8909	
0.997853	-0.000348901	-0.0654937	-0.000344245	0.999944	-0.0105718	0.0654937	0.0105717	0.997797	0.899726	0.146217	27.786	
0.997707	-0.000372413	-0.067677	-0.000367281	0.99994	-0.010917	0.067677	0.0109168	0.997648	0.959452	0.155855	28.6809	
0.997556	-0.000396723	-0.0698639	-0.000391083	0.999937	-0.0112623	0.0698639	0.0112621	0.997493	1.02114	0.165802	29.5757	
0.997401	-0.000421833	-0.0720541	-0.000415652	0.999933	-0.0116076	0.0720542	0.0116074	0.997333	1.08478	0.176058	30.4704	
0.99724	-0.000447745	-0.0742477	-0.000440988	0.999928	-0.011953	0.0742478	0.0119528	0.997168	1.1504	0.186625	31.3649	
0.997074	-0.000474461	-0.0764446	-0.000467093	0.999924	-0.0122985	0.0764446	0.0122982	0.996998	1.21798	0.197501	32.2592	
0.996903	-0.000501982	-0.0786446	-0.000493968	0.99992	-0.012644	0.0786447	0.0126436	0.996823	1.28754	0.208687	33.1534	
0.996726	-0.00053031	-0.0808477	-0.000521612	0.999915	-0.0129895	0.0808477	0.0129891	0.996642	1.35907	0.220183	34.0475	
0.996545	-0.000559447	-0.0830538	-0.000550025	0.999911	-0.013335	0.0830538	0.0133346	0.996456	1.43257	0.231989	34.9413	
0.996358	-0.000589394	-0.0852628	-0.000579209	0.999906	-0.0136805	0.0852628	0.0136801	0.996265	1.50806	0.244104	35.835	
0.996167	-0.000620151	-0.0874746	-0.000609164	0.999901	-0.014026	0.0874747	0.0140255	0.996068	1.58553	0.25653	36.7286	
0.99597	-0.000651721	-0.0896891	-0.000639889	0.999897	-0.0143715	0.0896892	0.0143709	0.995866	1.66499	0.269265	37.6219	
0.995767	-0.000684105	-0.0919063	-0.000671384	0.999891	-0.0147169	0.0919064	0.0147163	0.995659	1.74643	0.28231	38.5151	
0.99556	-0.000717302	-0.0941261	-0.000703649	0.999886	-0.0150622	0.0941262	0.0150616	0.995446	1.82986	0.295665	39.4081	
0.995347	-0.000751315	-0.0963484	-0.000736684	0.999881	-0.0154075	0.0963485	0.0154067	0.995228	1.91529	0.30933	40.3009	
0.99513	-0.000786144	-0.098573	-0.000770489	0.999876	-0.0157526	0.0985732	0.0157518	0.995005	2.00271	0.323304	41.1935	
0.994906	-0.000821789	-0.1008	-0.000805063	0.99987	-0.0160977	0.1008	0.0160968	0.994776	2.09212	0.337588	42.0858	
0.994678	-0.000858251	-0.103029	-0.000840405	0.999864	-0.0164426	0.103029	0.0164417	0.994542	2.18354	0.352181	42.978	
0.994444	-0.000895531	-0.105261	-0.000876515	0.999859	-0.0167874	0.105261	0.0167864	0.994303	2.27695	0.367083	43.87	
0.994205	-0.000933628	-0.107494	-0.000913392	0.999853	-0.017132	0.107494	0.0171309	0.994058	2.37237	0.382294	44.7617	
0.993961	-0.000972543	-0.109729	-0.000951035	0.999847	-0.0174765	0.10973	0.0174753	0.993808	2.46979	0.397815	45.6533	
0.993711	-0.00101228	-0.111967	-0.000989443	0.999841	-0.0178208	0.111967	0.0178195	0.993552	2.56922	0.413644	46.5446	
0.993457	-0.00105283	-0.114206	-0.00102861	0.999834	-0.0181649	0.114206	0.0181635	0.993291	2.67066	0.429782	47.4356	
0.993196	-0.0010942	-0.116446	-0.00106855	0.999828	-0.0185088	0.116447	0.0185073	0.993024	2.7741	0.446228	48.3265	
0.992931	-0.00113638	-0.118689	-0.00110924	0.999822	-0.0188525	0.118689	0.0188509	0.992753	2.87955	0.462983	49.2171	
0.99266	-0.00117939	-0.120933	-0.0011507	0.999815	-0.019196	0.120933	0.0191942	0.992475	2.98702	0.480045	50.1074	
0.992384	-0.00122321	-0.123178	-0.00119291	0.999808	-0.0195392	0.123179	0.0195373	0.992192	3.0965	0.497416	50.9975	
0.992102	-0.00126784	-0.125425	-0.00123588	0.999802	-0.0198821	0.125425	0.0198801	0.991904	3.208	0.515094	51.8873	
0.991815	-0.0013133	-0.127673	-0.00127961	0.999795	-0.0202248	0.127674	0.0202226	0.99161	3.32151	0.533079	52.7769	
0.991571	-0.001349	-0.129561	-0.000902489	0.99985	-0.0173176	0.129565	0.0172885	0.99142	3.43688	0.549903	53.6663	
0.991321	-0.00137921	-0.131454	-0.000519741	0.999896	-0.0144104	0.13146	0.0143537	0.991218	3.55394	0.564094	54.5555	
0.991068	-0.0014039	-0.133352	-0.000131357	0.999934	-0.0115033	0.13336	0.011418	0.991002	3.67271	0.575652	55.4445	
0.99081	-0.00142301	-0.135255	0.000262671	0.999963	-0.00859631	0.135263	0.00848178	0.990773	3.79318	0.584577	56.3333	
0.990547	-0.00143651	-0.137163	0.000662349	0.999984	-0.00568958	0.137169	0.00554495	0.990532	3.91536	0.590867	57.2218	
0.990281	-0.00144438	-0.139076	0.00106768	0.999996	-0.00278318	0.139079	0.00260764	0.990278	4.03926	0.594524	58.1102	
0.99001	-0.00144659	-0.140992	0.00147868	0.999999	0.000122821	0.140992	-0.000330075	0.990011	4.16486	0.595545	58.9983	
0.989734	-0.0014431	-0.142912	0.00189533	0.999994	0.00302834	0.142907	-0.00326812	0.989731	4.29219	0.593932	59.8862	
0.989455	-0.00143389	-0.144836	0.00231765	0.99998	0.00593329	0.144824	-0.0062064	0.989438	4.42123	0.589682	60.7738	
0.989171	-0.00141894	-0.146762	0.00274564	0.999957	0.0088376	0.146744	-0.00914486	0.989132	4.552	0.582798	61.6612	
0.988883	-0.00139823	-0.148692	0.00317929	0.999926	0.0117412	0.148665	-0.0120834	0.988814	4.68448	0.573277	62.5483	
0.98859	-0.00137174	-0.150624	0.00361861	0.999886	0.014644	0.150587	-0.0150219	0.988483	4.81869	0.561121	63.4351	
0.988293	-0.00133946	-0.152559	0.0040636	0.999838	0.0175459	0.152511	-0.0179604	0.988139	4.95463	0.546329	64.3216	
0.987993	-0.00130137	-0.154496	0.00451424	0.999781	0.0204468	0.154435	-0.0208988	0.987782	5.09229	0.528901	65.2077	
0.987688	-0.00125746	-0.156434	0.00497054	0.999715	0.0233468	0.156361	-0.0238369	0.987412	5.23168	0.508837	66.0936	
0.987378	-0.00120773	-0.158374	0.00543249	0.999641	0.0262456	0.158286	-0.0267747	0.98703	5.37279	0.486139	66.9791	
0.987065	-0.00115218	-0.160316	0.00590009	0.999558	0.0291432	0.160211	-0.0297121	0.986635	5.51563	0.460805	67.8642	
0.986748	-0.00109079	-0.162258	0.00637333	0.999466	0.0320395	0.162136	-0.0326491	0.986228	5.6602	0.432837	68.749	
0.986426	-0.00102357	-0.1642	0.0068522	0.999366	0.0349345	0.164061	-0.0355855	0.985808	5.80649	0.402235	69.6335	
0.986101	-0.000950521	-0.166143	0.00733668	0.999257	0.0378281	0.165984	-0.0385213	0.985376	5.95451	0.368999	70.5175	
0.985772	-0.00087165	-0.168086	0.00782678	0.99914	0.0407202	0.167906	-0.0414564	0.984931	6.10426	0.333131	71.4012	
0.986139	-0.000987625	-0.165916	0.0115472	0.997966	0.0626917	0.165516	-0.0637386	0.984145	6.2538	0.28595	72.2843	
0.986502	-0.0011527	-0.163747	0.0152133	0.996295	0.0846401	0.163043	-0.0859887	0.982865	6.40116	0.218797	73.1665	
0.986858	-0.00136678	-0.161582	0.0188234	0.994129	0.106554	0.160487	-0.108196	0.98109	6.54626	0.131705	74.0474	
0.987209	-0.00162977	-0.159421	0.0223755	0.991467	0.128424	0.157851	-0.130348	0.978822	6.68904	0.0247168	74.9264	
0.987554	-0.00194153	-0.157266	0.0258679	0.988312	0.150237	0.155136	-0.152435	0.976062	6.82942	-0.102112	75.8032	
0.987893	-0.00230191	-0.155117	0.0292988	0.984664	0.171983	0.152343	-0.174445	0.972811	6.96732	-0.248719	76.6772	
0.988226	-0.00271072	-0.152976	0.0326665	0.980527	0.193651	0.149472	-0.196368	0.96907	7.10269	-0.415031	77.5482	
0.988552	-0.00316777	-0.150844	0.0359694	0.975901	0.21523	0.146527	-0.218192	0.964843	7.23544	-0.600962	78.4155	
0.988872	-0.00367281	-0.148722	0.0392057	0.970789	0.236709	0.143508	-0.239906	0.96013	7.36553	-0.806421	79.2789	
0.989185	-0.0042256	-0.146611	0.0423738	0.965194	0.258078	0.140417	-0.261499	0.954935	7.49287	-1.0313	80.1378	
0.989491	-0.00482586	-0.144511	0.0454721	0.959119	0.279325	0.137256	-0.282961	0.94926	7.61741	-1.2755	80.9919	
0.98979	-0.00547328	-0.142425	0.0484992	0.952567	0.300441	0.134025	-0.304281	0.943107	7.73908	-1.53888	81.8406	
0.990082	-0.00616754	-0.140353	0.0514533	0.94554	0.321414	0.130727	-0.325448	0.93648	7.85782	-1.82131	82.6836	
0.990367	-0.0069083	-0.138296	0.0543332	0.938043	0.342234	0.127363	-0.346451	0.929382	7.97357	-2.12266	83.5204	
0.990644	-0.00769517	-0.136255	0.0571372	0.930079	0.36289	0.123935	-0.36728	0.921816	8.08628	-2.44277	84.3507	
0.990913	-0.00852776	-0.134231	0.0598641	0.921652	0.383372	0.120445	-0.387924	0.913788	8.19589	-2.78148	85.174	
0.991175	-0.00940567	-0.132226	0.0625124	0.912767	0.40367	0.116894	-0.408373	0.905299	8.30233	-3.13863	85.9899	
0.991429	-0.0103284	-0.130239	0.0650808	0.903427	0.423773	0.113285	-0.428617	0.896356	8.40557	-3.51402	86.7979	
0.991675	-0.0112956	-0.128273	0.067568	0.893639	0.443672	0.109618	-0.448645	0.886962	8.50554	-3.90747	87.5977	
