1	0	0	0	1	0	0	0	1	0	0	0	
1	3.05196e-07	-0.000859304	3.05196e-07	1	0.000710334	0.000859304	-0.000710334	0.999999	0.0004507	-0.000372567	1.04899	
0.999999	1.2201e-06	-0.00171812	1.2201e-06	0.999999	0.00142027	0.00171812	-0.00142027	0.999998	0.00180255	-0.00149006	2.09798	
0.999997	2.74357e-06	-0.0025764	2.7436e-06	0.999998	0.00212978	0.0025764	-0.00212978	0.999994	0.004055	-0.00335204	3.14696	
0.999994	4.87436e-06	-0.00343409	4.87445e-06	0.999996	0.00283882	0.00343409	-0.00283882	0.99999	0.00720747	-0.00595805	4.19595	
0.999991	7.61109e-06	-0.00429117	7.61126e-06	0.999994	0.00354734	0.00429117	-0.00354734	0.999985	0.0112593	-0.00930756	5.24492	
0.999987	1.09522e-05	-0.00514756	1.09525e-05	0.999991	0.00425532	0.00514756	-0.00425532	0.999978	0.0162099	-0.0134	6.29389	
0.999982	1.48962e-05	-0.00600324	1.48967e-05	0.999988	0.00496272	0.00600324	-0.00496272	0.99997	0.0220584	-0.0182348	7.34285	
0.999976	1.94412e-05	-0.00685816	1.94419e-05	0.999984	0.00566949	0.00685816	-0.00566949	0.99996	0.0288042	-0.0238114	8.39181	
0.99997	2.45853e-05	-0.00771226	2.45863e-05	0.99998	0.00637561	0.00771226	-0.00637561	0.99995	0.0364463	-0.030129	9.44075	
0.999963	3.03265e-05	-0.00856551	3.03279e-05	0.999975	0.00708102	0.00856551	-0.00708102	0.999938	0.0449839	-0.0371869	10.4897	
0.999956	3.66628e-05	-0.00941785	3.66646e-05	0.99997	0.0077857	0.00941785	-0.0077857	0.999925	0.0544161	-0.0449844	11.5386	
0.999947	4.35917e-05	-0.0102693	4.35941e-05	0.999964	0.00848961	0.0102693	-0.00848961	0.999911	0.0647419	-0.0535208	12.5875	
0.999938	5.1111e-05	-0.0111197	5.11141e-05	0.999958	0.00919271	0.0111197	-0.00919271	0.999896	0.0759602	-0.062795	13.6364	
0.999928	5.92181e-05	-0.011969	5.92219e-05	0.999951	0.00989495	0.011969	-0.00989495	0.999879	0.0880701	-0.0728064	14.6853	
0.999918	6.79104e-05	-0.0128173	6.79151e-05	0.999944	0.0105963	0.0128173	-0.0105963	0.999862	0.10107	-0.083554	15.7341	
0.999907	7.71852e-05	-0.0136645	7.71909e-05	0.999936	0.0112967	0.0136645	-0.0112967	0.999843	0.11496	-0.0950368	16.783	
0.999895	8.70395e-05	-0.0145104	8.70463e-05	0.999928	0.0119962	0.0145104	-0.0119962	0.999823	0.129738	-0.107254	17.8318	
0.999882	9.74704e-05	-0.0153552	9.74785e-05	0.999919	0.0126947	0.0153552	-0.0126947	0.999802	0.145402	-0.120204	18.8806	
0.999869	0.000108475	-0.0161987	0.000108484	0.99991	0.0133921	0.0161987	-0.0133921	0.999779	0.161952	-0.133887	19.9293	
0.999855	0.000120049	-0.0170409	0.00012006	0.999901	0.0140885	0.0170409	-0.0140885	0.999756	0.179386	-0.1483	20.9781	
0.99984	0.000132191	-0.0178817	0.000132204	0.999891	0.0147838	0.0178817	-0.0147838	0.999731	0.197703	-0.163443	22.0268	
0.999825	0.000144896	-0.0187211	0.00014491	0.99988	0.0154779	0.0187211	-0.0154779	0.999705	0.216901	-0.179315	23.0755	
0.999809	0.00015816	-0.0195591	0.000158177	0.999869	0.0161708	0.0195591	-0.0161708	0.999678	0.236978	-0.195915	24.1242	
0.999792	0.000171981	-0.0203956	0.000172	0.999858	0.0168625	0.0203956	-0.0168625	0.99965	0.257934	-0.213241	25.1728	
0.999775	0.000186354	-0.0212306	0.000186375	0.999846	0.0175529	0.0212306	-0.0175529	0.999621	0.279767	-0.231291	26.2214	
0.999757	0.000201275	-0.0220639	0.000201299	0.999834	0.0182421	0.0220639	-0.0182421	0.99959	0.302475	-0.250066	27.27	
0.999738	0.000216741	-0.0228957	0.000216768	0.999821	0.0189299	0.0228957	-0.0189299	0.999559	0.326056	-0.269562	28.3185	
0.999718	0.000232746	-0.0237258	0.000232776	0.999808	0.0196163	0.0237258	-0.0196163	0.999526	0.350509	-0.289779	29.367	
0.999698	0.000249288	-0.0245542	0.000249321	0.999794	0.0203013	0.0245542	-0.0203013	0.999492	0.375831	-0.310716	30.4155	
0.999678	0.000266361	-0.0253808	0.000266398	0.99978	0.0209849	0.0253808	-0.0209849	0.999458	0.402022	-0.332371	31.4639	
0.999657	0.000283961	-0.0262056	0.000284001	0.999765	0.021667	0.0262056	-0.021667	0.999422	0.429079	-0.354741	32.5124	
0.999635	0.000302083	-0.0270286	0.000302128	0.99975	0.0223476	0.0270286	-0.0223476	0.999385	0.457	-0.377827	33.5607	
0.999612	0.000320723	-0.0278497	0.000320772	0.999735	0.0230267	0.0278497	-0.0230267	0.999347	0.485783	-0.401625	34.609	
0.999589	0.000339875	-0.0286688	0.000339929	0.999719	0.0237041	0.0286688	-0.0237041	0.999308	0.515427	-0.426135	35.6573	
0.999565	0.000359536	-0.029486	0.000359594	0.999703	0.02438	0.029486	-0.02438	0.999268	0.545929	-0.451355	36.7056	
0.999541	0.000379699	-0.0303011	0.000379762	0.999686	0.0250541	0.0303011	-0.0250541	0.999227	0.577287	-0.477283	37.7538	
0.999516	0.00040036	-0.0311142	0.000400429	0.999669	0.0257266	0.0311142	-0.0257266	0.999185	0.609499	-0.503917	38.8019	
0.99949	0.000421514	-0.0319252	0.000421588	0.999651	0.0263973	0.0319252	-0.0263973	0.999142	0.642563	-0.531256	39.85	
0.999464	0.000443154	-0.032734	0.000443234	0.999634	0.0270663	0.032734	-0.0270663	0.999098	0.676476	-0.559298	40.8981	
0.999437	0.000465277	-0.0335407	0.000465363	0.999615	0.0277334	0.0335407	-0.0277334	0.999052	0.711237	-0.58804	41.9461	
0.99941	0.000487875	-0.0343451	0.000487967	0.999597	0.0283988	0.0343451	-0.0283988	0.999006	0.746843	-0.617481	42.9941	
0.999382	0.000510944	-0.0351472	0.000511043	0.999577	0.0290622	0.0351472	-0.0290622	0.998959	0.783291	-0.647619	44.042	
0.999354	0.000534477	-0.035947	0.000534583	0.999558	0.0297237	0.035947	-0.0297237	0.998912	0.820579	-0.678452	45.0899	
0.999325	0.00055847	-0.0367444	0.000558583	0.999538	0.0303833	0.0367444	-0.0303833	0.998863	0.858706	-0.709978	46.1377	
0.999295	0.000582915	-0.0375395	0.000583036	0.999518	0.0310409	0.0375395	-0.0310409	0.998813	0.897667	-0.742194	47.1855	
0.999265	0.000607808	-0.038332	0.000607937	0.999497	0.0316965	0.038332	-0.0316965	0.998762	0.937461	-0.7751	48.2332	
0.999234	0.000633141	-0.0391221	0.000633278	0.999476	0.03235	0.0391221	-0.03235	0.998711	0.978086	-0.808692	49.2809	
0.999203	0.000658909	-0.0399097	0.000659054	0.999455	0.0330015	0.0399097	-0.0330015	0.998658	1.01954	-0.842968	50.3285	
0.999171	0.000685105	-0.0406946	0.000685259	0.999433	0.0336508	0.0406946	-0.0336508	0.998605	1.06181	-0.877927	51.376	
0.999139	0.000711723	-0.041477	0.000711887	0.999411	0.034298	0.041477	-0.034298	0.998551	1.10491	-0.913566	52.4235	
0.999107	0.000738756	-0.0422567	0.00073893	0.999389	0.034943	0.0422567	-0.034943	0.998496	1.14883	-0.949883	53.471	
0.999073	0.000766198	-0.0430337	0.000766382	0.999366	0.0355857	0.0430337	-0.0355857	0.99844	1.19357	-0.986875	54.5184	
0.99904	0.000794043	-0.043808	0.000794237	0.999343	0.0362262	0.043808	-0.0362262	0.998383	1.23911	-1.02454	55.5657	
0.999006	0.000822283	-0.0445794	0.000822488	0.99932	0.0368644	0.0445794	-0.0368644	0.998325	1.28547	-1.06288	56.6129	
0.998971	0.000850912	-0.0453481	0.000851127	0.999296	0.0375003	0.0453481	-0.0375003	0.998267	1.33264	-1.10188	57.6601	
0.998936	0.000879922	-0.0461139	0.000880149	0.999272	0.0381338	0.0461138	-0.0381338	0.998208	1.38061	-1.14155	58.7073	
0.9989	0.000909308	-0.0468767	0.000909547	0.999248	0.0387649	0.0468767	-0.0387649	0.998148	1.42938	-1.18188	59.7544	
0.998864	0.000939061	-0.0476367	0.000939312	0.999223	0.0393936	0.0476366	-0.0393936	0.998088	1.47895	-1.22288	60.8014	
0.998828	0.000969175	-0.0483936	0.000969439	0.999198	0.0400198	0.0483936	-0.0400198	0.998026	1.52932	-1.26453	61.8483	
0.998791	0.000999643	-0.0491475	0.000999919	0.999173	0.0406435	0.0491475	-0.0406435	0.997964	1.58048	-1.30683	62.8952	
0.998754	0.00103046	-0.0498983	0.00103075	0.999148	0.0412647	0.0498983	-0.0412647	0.997901	1.63243	-1.3498	63.942	
0.998716	0.00106161	-0.0506461	0.00106191	0.999122	0.0418833	0.0506461	-0.0418833	0.997838	1.68517	-1.39341	64.9888	
0.998678	0.00109309	-0.0513907	0.00109341	0.999096	0.0424994	0.0513907	-0.0424994	0.997774	1.73868	-1.43766	66.0355	
0.99864	0.0011249	-0.0521321	0.00112523	0.99907	0.0431128	0.0521321	-0.0431128	0.997709	1.79298	-1.48257	67.0821	
0.998601	0.00115703	-0.0528702	0.00115737	0.999043	0.0437235	0.0528702	-0.0437235	0.997644	1.84805	-1.52811	68.1287	
0.998415	0.001302	-0.0562626	0.00103845	0.999136	0.0415495	0.0562681	-0.0415421	0.997551	1.9053	-1.57283	69.1751	
0.998218	0.00143942	-0.0596514	0.000911983	0.999224	0.0393731	0.0596618	-0.0393574	0.997442	1.9661	-1.61527	70.2215	
0.99801	0.00156929	-0.0630365	0.000777944	0.999308	0.0371943	0.0630512	-0.0371693	0.997318	2.03046	-1.6554	71.2677	
0.996704	0.00207064	-0.0810968	-0.00058909	0.999833	0.0182886	0.0811211	-0.0181806	0.996538	2.10609	-1.68444	72.3136	
0.995071	0.00222789	-0.0991367	-0.00229827	0.999997	-0.000595737	0.0991351	0.000820644	0.995074	2.20063	-1.69354	73.3582	
0.993113	0.00204091	-0.117144	-0.00434842	0.999801	-0.0194458	0.117081	0.0198213	0.992925	2.31405	-1.68271	74.401	
0.99083	0.00150985	-0.135106	-0.00673813	0.999246	-0.0382487	0.134946	0.0388083	0.990093	2.44624	-1.65196	75.4411	
0.988224	0.000635059	-0.153011	-0.00946576	0.99833	-0.0569914	0.152719	0.0577686	0.98658	2.59713	-1.6013	76.4779	
0.985298	-0.000582856	-0.170846	-0.0125294	0.997055	-0.075661	0.170386	0.0766892	0.982389	2.7666	-1.53078	77.5107	
0.982052	-0.00214306	-0.188598	-0.015927	0.995422	-0.0942448	0.187937	0.0955571	0.977522	2.95455	-1.44043	78.5387	
0.97849	-0.00404447	-0.206257	-0.0196562	0.993431	-0.11273	0.205358	0.114359	0.971983	3.16085	-1.33032	79.5613	
0.974613	-0.00628579	-0.223809	-0.0237145	0.991085	-0.131104	0.222638	0.133083	0.965775	3.38534	-1.20053	80.5777	
0.970424	-0.00886548	-0.241243	-0.0280989	0.988385	-0.149353	0.239765	0.151715	0.958903	3.62788	-1.05115	81.5872	
0.965927	-0.0117818	-0.258546	-0.0328066	0.985332	-0.167466	0.256727	0.170242	0.951372	3.88831	-0.882277	82.5892	
0.961124	-0.0150326	-0.275707	-0.0378343	0.981929	-0.185431	0.273512	0.188653	0.943187	4.16643	-0.694027	83.583	
0.956019	-0.0186158	-0.292713	-0.0431786	0.978178	-0.203233	0.290109	0.206934	0.934353	4.46206	-0.486532	84.5678	
0.950615	-0.0225289	-0.309554	-0.0488356	0.974082	-0.220862	0.306507	0.225072	0.924876	4.775	-0.259934	85.543	
0.944916	-0.0267692	-0.326218	-0.0548017	0.969643	-0.238306	0.322694	0.243056	0.914764	5.10503	-0.0143888	86.5079	
0.938925	-0.0313338	-0.342692	-0.0610726	0.964865	-0.255551	0.338659	0.260873	0.904022	5.45193	0.249934	87.4619	
0.932647	-0.0362195	-0.358966	-0.0676441	0.95975	-0.272587	0.354391	0.27851	0.892659	5.81545	0.532854	88.4043	
0.926087	-0.041423	-0.375029	-0.0745116	0.954303	-0.289402	0.36988	0.295956	0.880681	6.19535	0.834176	89.3345	
0.919248	-0.0469407	-0.39087	-0.0816704	0.948527	-0.305984	0.385114	0.313198	0.868098	6.59136	1.15369	90.2518	
0.912136	-0.0527688	-0.406477	-0.0891155	0.942426	-0.322321	0.400083	0.330224	0.854918	7.00322	1.49118	91.1555	
0.904755	-0.0589033	-0.42184	-0.096842	0.936005	-0.338404	0.414777	0.347024	0.841151	7.43063	1.84642	92.0452	
0.89711	-0.0653399	-0.436948	-0.104844	0.929267	-0.354219	0.429186	0.363585	0.826804	7.87331	2.21915	92.92	
0.889208	-0.0720744	-0.451791	-0.113117	0.922217	-0.369757	0.4433	0.379896	0.811889	8.33095	2.60912	93.7796	
0.881052	-0.0791019	-0.466359	-0.121655	0.914861	-0.385007	0.457108	0.395946	0.796416	8.80324	3.01607	94.6232	
0.872648	-0.0864178	-0.480642	-0.130451	0.907202	-0.399958	0.470603	0.411723	0.780395	9.28985	3.43971	95.4503	
0.864004	-0.0940169	-0.494629	-0.139501	0.899247	-0.4146	0.483774	0.427218	0.763838	9.79044	3.87976	96.2602	
0.855123	-0.101894	-0.508312	-0.148797	0.891002	-0.428924	0.496612	0.442418	0.746755	10.3047	4.33591	97.0526	
0.846014	-0.110044	-0.521681	-0.158333	0.88247	-0.442918	0.509109	0.457314	0.729159	10.8322	4.80784	97.8267	
0.836681	-0.11846	-0.534727	-0.168103	0.87366	-0.456574	0.521255	0.471896	0.711061	11.3727	5.29523	98.5822	
0.827131	-0.127138	-0.54744	-0.1781	0.864576	-0.469883	0.533043	0.486153	0.692474	11.9257	5.79775	99.3184	
0.817371	-0.136072	-0.559812	-0.188316	0.855224	-0.482834	0.544465	0.500076	0.673411	12.4908	6.31505	100.035	
