1	0	0	0	1	0	0	0	1	0	0	0	
1	-1.63418e-07	0.000108299	-1.63418e-07	0.999995	0.0030179	-0.000108299	-0.0030179	0.999995	-4.32101e-05	-0.00120411	0.797979	
1	-6.51304e-07	0.000216036	-6.53342e-07	0.999982	0.00603897	-0.000216036	-0.00603897	0.999982	-0.000172617	-0.00481771	1.59595	
1	-1.46058e-06	0.000323207	-1.46874e-06	0.999959	0.00906312	-0.000323207	-0.00906312	0.999959	-0.000387769	-0.0108433	2.39391	
1	-2.58813e-06	0.000429808	-2.60856e-06	0.999927	0.0120903	-0.000429808	-0.0120903	0.999927	-0.000688215	-0.0192833	3.19184	
1	-4.03079e-06	0.000535835	-4.07169e-06	0.999886	0.0151204	-0.000535834	-0.0151204	0.999886	-0.0010735	-0.0301401	3.98975	
1	-5.78536e-06	0.000641282	-5.85699e-06	0.999835	0.0181533	-0.000641282	-0.0181533	0.999835	-0.00154315	-0.043416	4.78762	
1	-7.84857e-06	0.000746147	-7.96329e-06	0.999775	0.021189	-0.000746146	-0.021189	0.999775	-0.00209672	-0.0591131	5.58544	
1	-1.02171e-05	0.000850425	-1.03894e-05	0.999706	0.0242273	-0.000850423	-0.0242273	0.999706	-0.00273374	-0.0772338	6.38321	
1	-1.28877e-05	0.000954112	-1.3134e-05	0.999628	0.0272683	-0.000954109	-0.0272683	0.999628	-0.00345373	-0.09778	7.18093	
0.999999	-1.5857e-05	0.0010572	-1.6196e-05	0.99954	0.0303117	-0.0010572	-0.0303117	0.99954	-0.00425622	-0.120754	7.97858	
0.999999	-1.91215e-05	0.0011597	-1.95739e-05	0.999443	0.0333576	-0.00115969	-0.0333576	0.999443	-0.00514074	-0.146157	8.77615	
0.999999	-2.26778e-05	0.00126159	-2.32664e-05	0.999337	0.0364058	-0.00126158	-0.0364058	0.999336	-0.0061068	-0.173992	9.57364	
0.999999	-2.65224e-05	0.00136287	-2.72721e-05	0.999221	0.0394563	-0.00136286	-0.0394563	0.99922	-0.00715393	-0.20426	10.371	
0.999999	-3.06517e-05	0.00146355	-3.15897e-05	0.999096	0.0425089	-0.00146353	-0.0425089	0.999095	-0.00828163	-0.236964	11.1684	
0.999999	-3.50623e-05	0.00156361	-3.62177e-05	0.998961	0.0455636	-0.00156358	-0.0455636	0.99896	-0.00948941	-0.272104	11.9656	
0.999999	-3.97504e-05	0.00166305	-4.11546e-05	0.998817	0.0486203	-0.00166301	-0.0486203	0.998816	-0.0107768	-0.309682	12.7627	
0.999998	-4.47125e-05	0.00176187	-4.63989e-05	0.998664	0.051679	-0.00176183	-0.051679	0.998662	-0.0121433	-0.349701	13.5596	
0.999998	-4.99449e-05	0.00186007	-5.1949e-05	0.998501	0.0547394	-0.00186001	-0.0547395	0.998499	-0.0135883	-0.392161	14.3565	
0.999998	-5.54438e-05	0.00195763	-5.78035e-05	0.998328	0.0578017	-0.00195757	-0.0578017	0.998326	-0.0151115	-0.437063	15.1532	
0.999998	-6.12056e-05	0.00205457	-6.39606e-05	0.998146	0.0608656	-0.00205449	-0.0608656	0.998144	-0.0167123	-0.484411	15.9498	
0.999998	-6.72264e-05	0.00215087	-7.04188e-05	0.997954	0.0639311	-0.00215077	-0.0639311	0.997952	-0.0183901	-0.534203	16.7462	
0.999997	-7.35024e-05	0.00224653	-7.71764e-05	0.997753	0.0669981	-0.00224641	-0.0669981	0.997751	-0.0201446	-0.586443	17.5425	
0.999997	-8.00298e-05	0.00234156	-8.42316e-05	0.997542	0.0700665	-0.00234141	-0.0700665	0.99754	-0.0219751	-0.64113	18.3386	
0.999997	-8.68047e-05	0.00243593	-9.15829e-05	0.997322	0.0731362	-0.00243576	-0.0731362	0.997319	-0.0238811	-0.698266	19.1345	
0.999997	-9.38233e-05	0.00252966	-9.92283e-05	0.997092	0.0762072	-0.00252946	-0.0762072	0.997089	-0.0258622	-0.757853	19.9302	
0.999997	-0.000101081	0.00262274	-0.000107166	0.996852	0.0792794	-0.0026225	-0.0792794	0.996849	-0.0279178	-0.819891	20.7258	
0.999996	-0.000108575	0.00271516	-0.000115395	0.996603	0.0823526	-0.00271488	-0.0823526	0.9966	-0.0300473	-0.88438	21.5212	
0.999996	-0.000116301	0.00280693	-0.000123912	0.996344	0.0854269	-0.0028066	-0.0854269	0.99634	-0.0322503	-0.951323	22.3163	
0.999996	-0.000124254	0.00289804	-0.000132716	0.996076	0.088502	-0.00289766	-0.088502	0.996072	-0.0345263	-1.02072	23.1113	
0.999996	-0.000132431	0.00298848	-0.000141805	0.995798	0.091578	-0.00298805	-0.091578	0.995793	-0.0368746	-1.09257	23.906	
0.999995	-0.000140827	0.00307826	-0.000151178	0.99551	0.0946548	-0.00307777	-0.0946548	0.995505	-0.0392948	-1.16687	24.7005	
0.999995	-0.000149439	0.00316737	-0.000160831	0.995213	0.0977322	-0.00316681	-0.0977322	0.995208	-0.0417864	-1.24363	25.4948	
0.999995	-0.000158262	0.00325581	-0.000170764	0.994906	0.10081	-0.00325518	-0.10081	0.9949	-0.0443487	-1.32285	26.2888	
0.999994	-0.000167293	0.00334358	-0.000180973	0.994589	0.103889	-0.00334286	-0.103889	0.994583	-0.0469812	-1.40452	27.0826	
0.999994	-0.000176526	0.00343067	-0.000191458	0.994262	0.106968	-0.00342987	-0.106968	0.994257	-0.0496835	-1.48865	27.8761	
0.999994	-0.000185958	0.00351708	-0.000202216	0.993926	0.110047	-0.00351618	-0.110047	0.99392	-0.0524549	-1.57524	28.6694	
0.999993	-0.000195585	0.00360281	-0.000213245	0.993581	0.113126	-0.00360181	-0.113126	0.993574	-0.0552949	-1.66428	29.4624	
0.999993	-0.000205401	0.00368786	-0.000224543	0.993225	0.116206	-0.00368674	-0.116206	0.993218	-0.058203	-1.75579	30.2551	
0.999993	-0.000215404	0.00377222	-0.000236107	0.99286	0.119286	-0.00377098	-0.119286	0.992853	-0.0611785	-1.84974	31.0475	
0.999993	-0.000225589	0.00385589	-0.000247936	0.992485	0.122366	-0.00385452	-0.122366	0.992478	-0.064221	-1.94616	31.8397	
0.999992	-0.000235951	0.00393887	-0.000260028	0.992101	0.125445	-0.00393736	-0.125445	0.992093	-0.0673299	-2.04503	32.6315	
0.999992	-0.000246486	0.00402116	-0.00027238	0.991706	0.128525	-0.00401949	-0.128525	0.991698	-0.0705046	-2.14637	33.423	
0.999992	-0.000257189	0.00410276	-0.000284989	0.991302	0.131604	-0.00410092	-0.131604	0.991294	-0.0737446	-2.25016	34.2142	
0.999991	-0.000268057	0.00418366	-0.000297855	0.990889	0.134683	-0.00418164	-0.134683	0.99088	-0.0770492	-2.3564	35.0051	
0.999991	-0.000279085	0.00426386	-0.000310974	0.990465	0.137761	-0.00426165	-0.137762	0.990456	-0.080418	-2.4651	35.7956	
0.999991	-0.000290269	0.00434335	-0.000324344	0.990032	0.140839	-0.00434094	-0.14084	0.990023	-0.0838504	-2.57626	36.5858	
0.99999	-0.000301603	0.00442215	-0.000337962	0.98959	0.143917	-0.00441952	-0.143917	0.98958	-0.0873457	-2.68988	37.3756	
0.99999	-0.000313084	0.00450024	-0.000351828	0.989137	0.146994	-0.00449738	-0.146994	0.989127	-0.0909035	-2.80595	38.1651	
0.999989	-0.000324708	0.00457763	-0.000365937	0.988675	0.15007	-0.00457452	-0.15007	0.988665	-0.0945231	-2.92447	38.9542	
0.999989	-0.000336469	0.00465431	-0.000380289	0.988204	0.153145	-0.00465093	-0.153145	0.988193	-0.0982039	-3.04545	39.743	
0.999989	-0.000348363	0.00473028	-0.000394879	0.987722	0.156219	-0.00472662	-0.156219	0.987711	-0.101945	-3.16889	40.5313	
0.999988	-0.000360387	0.00480554	-0.000409707	0.987231	0.159293	-0.00480158	-0.159293	0.98722	-0.105747	-3.29477	41.3193	
0.999988	-0.000372534	0.00488008	-0.000424769	0.986731	0.162365	-0.00487581	-0.162365	0.986719	-0.109608	-3.42311	42.1069	
0.999988	-0.000384801	0.00495391	-0.000440063	0.98622	0.165436	-0.00494931	-0.165436	0.986208	-0.113528	-3.5539	42.8941	
0.999987	-0.000397183	0.00502703	-0.000455587	0.985701	0.168506	-0.00502207	-0.168506	0.985688	-0.117507	-3.68714	43.6808	
0.999993	-0.000191195	0.00382383	-0.000457709	0.985619	0.16898	-0.00380115	-0.168981	0.985612	-0.121027	-3.8218	44.4674	
0.999997	1.60005e-05	0.00261707	-0.00045925	0.985538	0.169456	-0.00257651	-0.169457	0.985534	-0.123572	-3.95683	45.2538	
0.999999	0.000224391	0.00140686	-0.000460201	0.985455	0.169934	-0.00134827	-0.169935	0.985454	-0.125138	-4.09224	46.0402	
1	0.000433962	0.000193316	-0.000460557	0.985373	0.170414	-0.000116535	-0.170414	0.985373	-0.125722	-4.22804	46.8266	
0.999999	0.0006447	-0.00102346	-0.000460313	0.985289	0.170895	0.00111858	-0.170894	0.985289	-0.125323	-4.36422	47.6129	
0.999997	0.000856592	-0.00224334	-0.000459461	0.985205	0.171378	0.00235695	-0.171376	0.985203	-0.123936	-4.50078	48.3991	
0.999993	0.00106962	-0.00346623	-0.000457997	0.985121	0.171862	0.00359849	-0.171859	0.985115	-0.12156	-4.63773	49.1852	
0.999988	0.00128378	-0.00469201	-0.000455916	0.985036	0.172348	0.00484306	-0.172344	0.985025	-0.118192	-4.77506	49.9713	
0.999981	0.00149904	-0.00592057	-0.000453211	0.984951	0.172835	0.00609056	-0.172829	0.984933	-0.113829	-4.91278	50.7573	
0.999973	0.00171541	-0.0071518	-0.000449879	0.984865	0.173324	0.00734088	-0.173316	0.984839	-0.10847	-5.05089	51.5432	
0.999963	0.00193285	-0.00838559	-0.000445915	0.984778	0.173814	0.0085939	-0.173803	0.984743	-0.102112	-5.18939	52.329	
0.999951	0.00215136	-0.00962181	-0.000441314	0.984692	0.174305	0.00984951	-0.174292	0.984645	-0.0947536	-5.32827	53.1148	
0.999938	0.00237091	-0.0108604	-0.000436072	0.984604	0.174797	0.0111076	-0.174782	0.984545	-0.0863919	-5.46755	53.9005	
0.999923	0.0025915	-0.0121011	-0.000430186	0.984517	0.175291	0.012368	-0.175273	0.984442	-0.0770254	-5.60722	54.6861	
0.999907	0.00281311	-0.013344	-0.000423652	0.984428	0.175786	0.0136307	-0.175764	0.984338	-0.0666521	-5.74728	55.4716	
0.999889	0.00303572	-0.0145889	-0.000416465	0.98434	0.176282	0.0148956	-0.176256	0.984232	-0.0552704	-5.88773	56.257	
0.999869	0.00325931	-0.0158357	-0.000408625	0.984251	0.176779	0.0161624	-0.176749	0.984123	-0.0428786	-6.02858	57.0424	
0.999848	0.00348387	-0.0170842	-0.000400126	0.984161	0.177277	0.0174312	-0.177243	0.984013	-0.029475	-6.16981	57.8277	
0.999825	0.00370939	-0.0183344	-0.000390968	0.984071	0.177775	0.0187018	-0.177737	0.9839	-0.0150584	-6.31145	58.6128	
0.9998	0.00393583	-0.0195861	-0.000381147	0.983981	0.178275	0.019974	-0.178232	0.983786	0.00037288	-6.45348	59.3979	
0.999774	0.0041632	-0.0208392	-0.000370662	0.98389	0.178776	0.0212478	-0.178728	0.983669	0.01682	-6.5959	60.1829	
0.999746	0.00439146	-0.0220937	-0.00035951	0.983799	0.179277	0.022523	-0.179223	0.983551	0.0342841	-6.73872	60.9678	
0.999717	0.0046206	-0.0233494	-0.000347691	0.983707	0.179779	0.0237996	-0.17972	0.98343	0.0527664	-6.88193	61.7526	
0.999685	0.0048506	-0.0246061	-0.000335202	0.983615	0.180281	0.0250774	-0.180216	0.983307	0.0722678	-7.02554	62.5373	
0.999653	0.00508144	-0.0258639	-0.000322044	0.983523	0.180784	0.0263564	-0.180713	0.983183	0.0927894	-7.16955	63.322	
0.999618	0.00531311	-0.0271225	-0.000308215	0.98343	0.181288	0.0276363	-0.18121	0.983056	0.114332	-7.31396	64.1065	
0.999582	0.00554559	-0.0283818	-0.000293715	0.983337	0.181792	0.0289171	-0.181708	0.982927	0.136896	-7.45876	64.8909	
0.999544	0.00577885	-0.0296418	-0.000278544	0.983244	0.182296	0.0301986	-0.182205	0.982797	0.160483	-7.60395	65.6752	
0.999504	0.00601288	-0.0309024	-0.000262701	0.98315	0.182801	0.0314808	-0.182703	0.982664	0.185092	-7.74955	66.4594	
0.999463	0.00624765	-0.0321633	-0.000246188	0.983056	0.183306	0.0327635	-0.1832	0.98253	0.210725	-7.89554	67.2435	
0.99942	0.00648316	-0.0334245	-0.000229006	0.982961	0.183812	0.0340467	-0.183698	0.982393	0.237382	-8.04193	68.0274	
0.999376	0.00671937	-0.034686	-0.000211154	0.982867	0.184317	0.0353302	-0.184195	0.982255	0.265062	-8.18871	68.8113	
0.999329	0.00695626	-0.0359474	-0.000192634	0.982772	0.184823	0.0366138	-0.184692	0.982114	0.293767	-8.3359	69.5951	
0.999282	0.00719382	-0.0372089	-0.000173449	0.982677	0.185329	0.0378975	-0.185189	0.981972	0.323497	-8.48347	70.3787	
0.999232	0.00743203	-0.0384702	-0.000153598	0.982581	0.185834	0.0391812	-0.185686	0.981828	0.35425	-8.63145	71.1623	
0.998832	0.00905182	-0.0474716	-0.000929079	0.985717	0.168407	0.048318	-0.168166	0.984574	0.389163	-8.77264	71.9469	
0.998347	0.0105109	-0.0564964	-0.00186634	0.988542	0.150934	0.0574355	-0.150579	0.986928	0.431359	-8.89982	72.7335	
0.99778	0.0118087	-0.0655409	-0.00296501	0.991055	0.133423	0.0665302	-0.132932	0.98889	0.480821	-9.01294	73.5219	
0.997129	0.0129447	-0.0746016	-0.00422466	0.993254	0.11588	0.0755984	-0.115233	0.990458	0.537531	-9.11196	74.3116	
0.996396	0.0139185	-0.0836748	-0.00564477	0.995139	0.0983137	0.0846365	-0.097487	0.991631	0.601465	-9.19683	75.1025	
0.99558	0.0147296	-0.0927569	-0.0072248	0.99671	0.0807297	0.0936409	-0.0797027	0.992411	0.672598	-9.26753	75.8941	
0.994681	0.0153777	-0.101844	-0.00896409	0.997965	0.0631354	0.102608	-0.0618866	0.992795	0.750902	-9.32403	76.6862	
0.993701	0.0158626	-0.110934	-0.010862	0.998904	0.0455377	0.111534	-0.044046	0.992784	0.836346	-9.36629	77.4785	
0.992639	0.0161841	-0.120021	-0.0129177	0.999526	0.0279438	0.120416	-0.0261877	0.992378	0.928895	-9.39432	78.2706	
