1	0	0	0	1	0	0	0	1	0	0	0	
1	8.09825e-09	0.000119216	8.09825e-09	1	-0.000135858	-0.000119216	0.000135858	1	-5.53633e-05	6.30917e-05	0.928788	
1	3.28341e-08	0.000240052	3.28331e-08	1	-0.000273554	-0.000240052	0.000273554	1	-0.000222206	0.00025322	1.85758	
1	7.48736e-08	0.000362503	7.48695e-08	1	-0.00041308	-0.000362503	0.00041308	1	-0.000502029	0.000572089	2.78636	
1	1.34889e-07	0.000486564	1.34878e-07	1	-0.000554433	-0.000486564	0.000554433	1	-0.000896331	0.0010214	3.71515	
1	2.13557e-07	0.000612229	2.13536e-07	1	-0.000697604	-0.000612229	0.000697604	1	-0.0014066	0.00160283	4.64394	
1	3.11562e-07	0.000739492	3.11525e-07	1	-0.000842588	-0.000739492	0.000842588	0.999999	-0.00203433	0.00231809	5.57273	
1	4.29594e-07	0.00086835	4.29533e-07	1	-0.000989378	-0.00086835	0.000989378	0.999999	-0.00278101	0.00316884	6.50151	
1	5.68345e-07	0.000998795	5.68253e-07	0.999999	-0.00113797	-0.000998795	0.00113797	0.999999	-0.0036481	0.00415677	7.4303	
0.999999	7.28517e-07	0.00113082	7.28383e-07	0.999999	-0.00128835	-0.00113082	0.00128835	0.999999	-0.00463708	0.00528354	8.35909	
0.999999	9.10813e-07	0.00126443	9.10627e-07	0.999999	-0.00144052	-0.00126443	0.00144052	0.999998	-0.00574942	0.00655081	9.28787	
0.999999	1.11594e-06	0.0013996	1.11569e-06	0.999999	-0.00159447	-0.0013996	0.00159447	0.999998	-0.00698658	0.00796025	10.2167	
0.999999	1.34462e-06	0.00153635	1.34429e-06	0.999998	-0.0017502	-0.00153635	0.0017502	0.999997	-0.00835002	0.00951349	11.1454	
0.999999	1.59757e-06	0.00167465	1.59714e-06	0.999998	-0.00190769	-0.00167465	0.00190769	0.999997	-0.00984118	0.0112122	12.0742	
0.999998	1.87551e-06	0.0018145	1.87497e-06	0.999998	-0.00206694	-0.0018145	0.00206694	0.999996	-0.0114615	0.013058	13.003	
0.999998	2.17916e-06	0.00195591	2.1785e-06	0.999998	-0.00222794	-0.00195591	0.00222794	0.999996	-0.0132125	0.0150525	13.9318	
0.999998	2.50927e-06	0.00209885	2.50845e-06	0.999997	-0.00239069	-0.00209885	0.00239069	0.999995	-0.0150955	0.0171974	14.8606	
0.999997	2.86657e-06	0.00224334	2.86557e-06	0.999997	-0.00255518	-0.00224334	0.00255518	0.999994	-0.017112	0.0194942	15.7894	
0.999997	3.25179e-06	0.00238935	3.25059e-06	0.999996	-0.0027214	-0.00238935	0.0027214	0.999993	-0.0192634	0.0219446	16.7181	
0.999997	3.66569e-06	0.00253688	3.66426e-06	0.999996	-0.00288934	-0.00253688	0.00288934	0.999993	-0.0215511	0.0245502	17.6469	
0.999996	4.109e-06	0.00268593	4.10731e-06	0.999995	-0.003059	-0.00268593	0.003059	0.999992	-0.0239765	0.0273126	18.5757	
0.999996	4.58248e-06	0.0028365	4.58051e-06	0.999995	-0.00323037	-0.0028365	0.00323037	0.999991	-0.0265411	0.0302333	19.5045	
0.999996	5.08688e-06	0.00298857	5.08459e-06	0.999994	-0.00340344	-0.00298857	0.00340344	0.99999	-0.0292462	0.033314	20.4333	
0.999995	5.62296e-06	0.00314213	5.62031e-06	0.999994	-0.00357821	-0.00314213	0.00357821	0.999989	-0.0320933	0.0365563	21.362	
0.999995	6.19148e-06	0.00329719	6.18843e-06	0.999993	-0.00375466	-0.00329719	0.00375466	0.999988	-0.0350837	0.0399616	22.2908	
0.999994	6.79319e-06	0.00345373	6.78972e-06	0.999992	-0.00393279	-0.00345373	0.00393279	0.999986	-0.0382188	0.0435316	23.2196	
0.999993	7.42888e-06	0.00361176	7.42492e-06	0.999992	-0.00411259	-0.00361176	0.00411259	0.999985	-0.0414999	0.0472678	24.1484	
0.999993	8.09929e-06	0.00377125	8.09481e-06	0.999991	-0.00429406	-0.00377125	0.00429406	0.999984	-0.0449286	0.0511718	25.0771	
0.999992	8.8052e-06	0.00393221	8.80016e-06	0.99999	-0.00447718	-0.00393221	0.00447718	0.999982	-0.048506	0.0552451	26.0059	
0.999992	9.54739e-06	0.00409463	9.54173e-06	0.999989	-0.00466195	-0.00409463	0.00466195	0.999981	-0.0522336	0.0594893	26.9347	
0.999991	1.03266e-05	0.00425849	1.03203e-05	0.999988	-0.00484836	-0.00425849	0.00484836	0.999979	-0.0561127	0.0639058	27.8635	
0.99999	1.11437e-05	0.00442381	1.11366e-05	0.999987	-0.0050364	-0.00442381	0.0050364	0.999978	-0.0601448	0.0684963	28.7922	
0.999989	1.19993e-05	0.00459056	1.19915e-05	0.999986	-0.00522606	-0.00459056	0.00522606	0.999976	-0.064331	0.0732621	29.721	
0.999989	1.28944e-05	0.00475874	1.28857e-05	0.999985	-0.00541734	-0.00475874	0.00541734	0.999974	-0.0686727	0.0782048	30.6498	
0.999988	1.38295e-05	0.00492834	1.38199e-05	0.999984	-0.00561022	-0.00492834	0.00561022	0.999972	-0.0731713	0.0833259	31.5785	
0.999987	1.48056e-05	0.00509936	1.47951e-05	0.999983	-0.00580471	-0.00509936	0.00580471	0.99997	-0.0778281	0.088627	32.5073	
0.999986	1.58235e-05	0.00527178	1.58118e-05	0.999982	-0.00600078	-0.00527178	0.00600078	0.999968	-0.0826444	0.0941094	33.436	
0.999985	1.68838e-05	0.00544561	1.6871e-05	0.999981	-0.00619843	-0.00544561	0.00619843	0.999966	-0.0876215	0.0997746	34.3648	
0.999984	1.79874e-05	0.00562084	1.79734e-05	0.99998	-0.00639766	-0.00562084	0.00639766	0.999964	-0.0927607	0.105624	35.2936	
0.999983	1.91351e-05	0.00579745	1.91198e-05	0.999978	-0.00659845	-0.00579745	0.00659845	0.999961	-0.0980633	0.111659	36.2223	
0.999982	2.03276e-05	0.00597543	2.0311e-05	0.999977	-0.00680079	-0.00597543	0.00680079	0.999959	-0.103531	0.117882	37.1511	
0.999981	2.15657e-05	0.00615479	2.15477e-05	0.999975	-0.00700469	-0.00615479	0.00700469	0.999957	-0.109164	0.124293	38.0798	
0.99998	2.28502e-05	0.00633552	2.28307e-05	0.999974	-0.00721012	-0.00633552	0.00721012	0.999954	-0.114964	0.130894	39.0086	
0.999979	2.41819e-05	0.0065176	2.41607e-05	0.999972	-0.00741707	-0.0065176	0.00741707	0.999951	-0.120933	0.137687	39.9373	
0.999978	2.55616e-05	0.00670102	2.55387e-05	0.999971	-0.00762555	-0.00670102	0.00762555	0.999948	-0.127072	0.144673	40.866	
0.999976	2.699e-05	0.00688579	2.69653e-05	0.999969	-0.00783554	-0.00688579	0.00783554	0.999946	-0.133381	0.151853	41.7948	
0.999975	2.8468e-05	0.00707189	2.84414e-05	0.999968	-0.00804703	-0.00707189	0.00804703	0.999943	-0.139863	0.159229	42.7235	
0.999974	2.99963e-05	0.00725932	2.99676e-05	0.999966	-0.00826001	-0.00725932	0.00826001	0.99994	-0.146519	0.166802	43.6522	
0.999972	3.15756e-05	0.00744806	3.15448e-05	0.999964	-0.00847448	-0.00744806	0.00847448	0.999936	-0.153349	0.174573	44.581	
0.999971	3.32069e-05	0.00763811	3.31738e-05	0.999962	-0.00869042	-0.00763811	0.00869042	0.999933	-0.160355	0.182544	45.5097	
0.999969	3.48907e-05	0.00782947	3.48553e-05	0.99996	-0.00890783	-0.00782947	0.00890783	0.99993	-0.167538	0.190717	46.4384	
0.999968	3.6628e-05	0.00802211	3.659e-05	0.999958	-0.00912668	-0.00802211	0.00912668	0.999926	-0.174899	0.199092	47.3671	
0.999966	3.84194e-05	0.00821604	3.83788e-05	0.999956	-0.00934699	-0.00821604	0.00934699	0.999923	-0.18244	0.207671	48.2959	
0.999965	4.02658e-05	0.00841125	4.02225e-05	0.999954	-0.00956873	-0.00841125	0.00956873	0.999919	-0.190161	0.216455	49.2246	
0.999963	4.21678e-05	0.00860772	4.21217e-05	0.999952	-0.0097919	-0.00860772	0.0097919	0.999915	-0.198065	0.225446	50.1533	
0.999961	4.41264e-05	0.00880545	4.40772e-05	0.99995	-0.0100165	-0.00880545	0.0100165	0.999911	-0.206152	0.234645	51.082	
0.999959	4.61422e-05	0.00900444	4.60898e-05	0.999948	-0.0102425	-0.00900444	0.0102425	0.999907	-0.214422	0.244053	52.0107	
0.999958	4.8216e-05	0.00920466	4.81603e-05	0.999945	-0.0104699	-0.00920466	0.0104699	0.999903	-0.222879	0.253672	52.9394	
0.999956	5.03485e-05	0.00940613	5.02894e-05	0.999943	-0.0106986	-0.00940613	0.0106986	0.999899	-0.231521	0.263503	53.8681	
0.999954	5.25405e-05	0.00960881	5.24778e-05	0.99994	-0.0109288	-0.00960881	0.0109288	0.999894	-0.240352	0.273546	54.7968	
0.999952	5.47928e-05	0.00981272	5.47263e-05	0.999938	-0.0111603	-0.00981272	0.0111603	0.99989	-0.249371	0.283804	55.7255	
0.99995	5.71061e-05	0.0100178	5.70356e-05	0.999935	-0.0113932	-0.0100178	0.0113932	0.999885	-0.25858	0.294278	56.6542	
0.999958	4.65155e-05	0.009212	9.06428e-05	0.999889	-0.0148881	-0.00921167	0.0148883	0.999847	-0.26751	0.306483	57.5828	
0.999965	3.3132e-05	0.00840768	0.000121446	0.999831	-0.0183842	-0.00840687	0.0183846	0.999796	-0.275692	0.321935	58.5114	
0.999971	1.69635e-05	0.00760479	0.000149448	0.999761	-0.0218814	-0.00760334	0.0218819	0.999732	-0.283127	0.340634	59.44	
0.999977	-1.98317e-06	0.00680327	0.00017465	0.999678	-0.0253795	-0.00680103	0.0253801	0.999655	-0.289816	0.362582	60.3685	
0.999982	-2.37019e-05	0.00600302	0.000197054	0.999583	-0.0288784	-0.00599984	0.0288791	0.999565	-0.295761	0.38778	61.2969	
0.999986	-4.81874e-05	0.00520399	0.00021666	0.999476	-0.0323781	-0.0051997	0.0323788	0.999462	-0.300962	0.416228	62.2253	
0.99999	-7.5435e-05	0.00440609	0.000233472	0.999356	-0.0358783	-0.00440055	0.035879	0.999346	-0.30542	0.447926	63.1535	
0.999993	-0.000105441	0.00360925	0.00024749	0.999224	-0.039379	-0.0036023	0.0393796	0.999218	-0.309137	0.482876	64.0816	
0.999996	-0.000138203	0.00281339	0.000258715	0.99908	-0.04288	-0.00280488	0.0428806	0.999076	-0.312112	0.521077	65.0096	
0.999998	-0.000173718	0.00201844	0.000267149	0.998924	-0.0463813	-0.00200821	0.0463817	0.998922	-0.314348	0.56253	65.9375	
0.999999	-0.000211985	0.00122432	0.000272794	0.998755	-0.0498826	-0.00121222	0.0498829	0.998754	-0.315843	0.607235	66.8652	
1	-0.000253004	0.000430961	0.00027565	0.998574	-0.0533839	-0.00041684	0.0533841	0.998574	-0.3166	0.655192	67.7928	
1	-0.000296775	-0.00036172	0.000275718	0.998381	-0.0568851	0.000378016	0.056885	0.998381	-0.316618	0.7064	68.7201	
0.999999	-0.000343299	-0.0011538	0.000272999	0.998175	-0.060386	0.00117242	0.0603857	0.998174	-0.315898	0.76086	69.6473	
0.999998	-0.000392577	-0.00194534	0.000267495	0.997957	-0.0638866	0.00196645	0.0638859	0.997955	-0.31444	0.818571	70.5743	
0.999996	-0.000444614	-0.00273644	0.000259205	0.997727	-0.0673866	0.00276018	0.0673856	0.997723	-0.312245	0.879533	71.5011	
0.999954	-0.000983021	-0.00957864	0.000121799	0.995987	-0.0894994	0.00962818	0.0894941	0.995941	-0.306492	0.95239	72.427	
0.999864	-0.00167301	-0.0164068	-0.000167903	0.993757	-0.111567	0.016491	0.111554	0.993622	-0.294361	1.04576	73.351	
0.999727	-0.00251422	-0.0232171	-0.000609744	0.991038	-0.133577	0.0233449	0.133554	0.990766	-0.275861	1.15959	74.2725	
0.999544	-0.00350619	-0.0300061	-0.00120349	0.987832	-0.155517	0.0301862	0.155482	0.987377	-0.251	1.29382	75.1912	
0.999313	-0.00464838	-0.0367699	-0.00194881	0.984141	-0.177377	0.0370113	0.177327	0.983456	-0.219793	1.44839	76.1065	
0.999036	-0.00594018	-0.043505	-0.00284532	0.979966	-0.199144	0.0438164	0.199075	0.979004	-0.182255	1.62319	77.0179	
0.998712	-0.0073809	-0.0502078	-0.00389252	0.97531	-0.220806	0.0505979	0.220717	0.974025	-0.138408	1.81815	77.9249	
0.998341	-0.00896975	-0.0568745	-0.00508985	0.970175	-0.242351	0.0573521	0.242239	0.96852	-0.0882743	2.03315	78.8271	
0.997924	-0.0107059	-0.0635017	-0.00643666	0.964564	-0.263769	0.0640754	0.263631	0.962493	-0.0318816	2.26809	79.7239	
0.997462	-0.0125884	-0.0700858	-0.00793224	0.95848	-0.285048	0.0707641	0.28488	0.955948	0.0307398	2.52282	80.6148	
0.996953	-0.0146162	-0.0766231	-0.00957577	0.951927	-0.306175	0.0774147	0.305976	0.948886	0.0995563	2.79723	81.4994	
0.996399	-0.0167882	-0.0831102	-0.0113664	0.944907	-0.327141	0.0840236	0.326907	0.941314	0.174531	3.09115	82.3773	
0.9958	-0.0191033	-0.0895436	-0.0133031	0.937425	-0.347932	0.0905871	0.347662	0.933234	0.255622	3.40443	83.2478	
0.995156	-0.0215602	-0.0959198	-0.0153848	0.929485	-0.368539	0.0971018	0.368229	0.92465	0.342788	3.7369	84.1107	
0.994467	-0.0241576	-0.102235	-0.0176105	0.921091	-0.38895	0.103564	0.388598	0.915569	0.43598	4.08838	84.9653	
0.993734	-0.0268941	-0.108487	-0.019979	0.912247	-0.409154	0.109971	0.408758	0.905993	0.535149	4.45868	85.8113	
0.992957	-0.0297683	-0.114671	-0.0224888	0.902958	-0.42914	0.116318	0.428696	0.895929	0.640241	4.84761	86.6481	
0.992137	-0.0327784	-0.120785	-0.0251388	0.89323	-0.448897	0.122602	0.448404	0.885383	0.751199	5.25495	87.4754	
0.991275	-0.0359231	-0.126824	-0.0279275	0.883067	-0.468416	0.128821	0.46787	0.874358	0.867964	5.68048	88.2926	
0.990369	-0.0392005	-0.132786	-0.0308534	0.872475	-0.487684	0.13497	0.487084	0.862863	0.990472	6.12397	89.0994	
0.989422	-0.0426088	-0.138668	-0.0339148	0.86146	-0.506692	0.141046	0.506035	0.850902	1.11866	6.58519	89.8953	
0.988433	-0.0461463	-0.144466	-0.0371102	0.850027	-0.52543	0.147046	0.524714	0.838482	1.25245	7.06389	90.6799	
