1	0	0	0	1	0	0	0	1	0	0	0	
1	3.5991e-10	0.000168576	3.5991e-10	1	-4.27001e-06	-0.000168576	4.27001e-06	1	-6.51741e-05	1.65086e-06	0.773232	
1	1.47276e-09	0.000341076	1.4716e-09	1	-8.63255e-06	-0.000341076	8.63255e-06	1	-0.000262214	6.6392e-06	1.54646	
1	3.38866e-09	0.000517497	3.38391e-09	1	-1.30872e-05	-0.000517497	1.30872e-05	1	-0.000594152	1.50364e-05	2.3197	
1	6.15865e-09	0.000697831	6.1465e-09	1	-1.76334e-05	-0.000697831	1.76334e-05	1	-0.00106402	2.69135e-05	3.09293	
1	9.8347e-09	0.000882074	9.80984e-09	1	-2.22708e-05	-0.000882074	2.22708e-05	1	-0.00167483	4.23411e-05	3.86616	
0.999999	1.44697e-08	0.00107022	1.44252e-08	1	-2.6999e-05	-0.00107022	2.6999e-05	0.999999	-0.00242962	6.13896e-05	4.63939	
0.999999	2.01173e-08	0.00126226	2.00446e-08	1	-3.18174e-05	-0.00126226	3.18174e-05	0.999999	-0.0033314	8.4129e-05	5.41262	
0.999999	2.68323e-08	0.0014582	2.67209e-08	1	-3.67256e-05	-0.0014582	3.67256e-05	0.999999	-0.00438317	0.000110629	6.18586	
0.999999	3.46701e-08	0.00165802	3.45077e-08	1	-4.17231e-05	-0.00165802	4.17231e-05	0.999999	-0.00558795	0.000140958	6.95909	
0.999998	4.36871e-08	0.00186172	4.34591e-08	1	-4.68096e-05	-0.00186172	4.68096e-05	0.999998	-0.00694874	0.000175186	7.73232	
0.999998	5.39406e-08	0.00206929	5.36303e-08	1	-5.19844e-05	-0.00206929	5.19844e-05	0.999998	-0.00846853	0.000213382	8.50555	
0.999997	6.54885e-08	0.00228073	6.50769e-08	1	-5.72472e-05	-0.00228073	5.72472e-05	0.999997	-0.0101503	0.000255613	9.27878	
0.999997	7.83897e-08	0.00249603	7.78553e-08	1	-6.25974e-05	-0.00249603	6.25974e-05	0.999997	-0.0119971	0.000301946	10.052	
0.999996	9.27038e-08	0.00271518	9.20227e-08	1	-6.80347e-05	-0.00271518	6.80347e-05	0.999996	-0.0140118	0.000352451	10.8252	
0.999996	1.08491e-07	0.00293818	1.07637e-07	1	-7.35584e-05	-0.00293818	7.35584e-05	0.999996	-0.0161975	0.000407193	11.5985	
0.999995	1.25814e-07	0.00316501	1.24756e-07	1	-7.91682e-05	-0.00316501	7.91682e-05	0.999995	-0.0185571	0.00046624	12.3717	
0.999994	1.44732e-07	0.00339568	1.43439e-07	1	-8.48636e-05	-0.00339568	8.48636e-05	0.999994	-0.0210936	0.000529657	13.1449	
0.999993	1.6531e-07	0.00363018	1.63745e-07	1	-9.06441e-05	-0.00363018	9.06441e-05	0.999993	-0.0238099	0.000597511	13.9182	
0.999993	1.87611e-07	0.00386849	1.85735e-07	1	-9.65092e-05	-0.00386849	9.65092e-05	0.999993	-0.026709	0.000669868	14.6914	
0.999992	2.11699e-07	0.00411062	2.0947e-07	1	-0.000102458	-0.00411062	0.000102458	0.999992	-0.0297938	0.000746792	15.4646	
0.999991	2.37639e-07	0.00435655	2.35011e-07	1	-0.000108491	-0.00435655	0.000108491	0.999991	-0.0330674	0.000828348	16.2378	
0.999989	2.65496e-07	0.00460628	2.62419e-07	1	-0.000114607	-0.00460628	0.000114607	0.999989	-0.0365326	0.000914602	17.0111	
0.999988	2.95336e-07	0.00485979	2.91758e-07	1	-0.000120806	-0.00485979	0.000120806	0.999988	-0.0401923	0.00100562	17.7843	
0.999987	3.27228e-07	0.00511709	3.2309e-07	1	-0.000127087	-0.00511709	0.000127087	0.999987	-0.0440495	0.00110146	18.5575	
0.999986	3.61237e-07	0.00537816	3.56478e-07	1	-0.000133449	-0.00537816	0.000133449	0.999986	-0.0481071	0.00120218	19.3307	
0.999984	3.97432e-07	0.00564299	3.91987e-07	1	-0.000139893	-0.00564299	0.000139893	0.999984	-0.0523681	0.00130786	20.1039	
0.999983	4.35883e-07	0.00591158	4.2968e-07	1	-0.000146417	-0.00591158	0.000146417	0.999983	-0.0568353	0.00141855	20.8772	
0.999981	4.76658e-07	0.00618392	4.69623e-07	1	-0.000153021	-0.00618392	0.000153021	0.999981	-0.0615116	0.00153432	21.6504	
0.999979	5.19828e-07	0.00646	5.11881e-07	1	-0.000159706	-0.00646	0.000159706	0.999979	-0.0663999	0.00165523	22.4236	
0.999977	5.65462e-07	0.00673981	5.56519e-07	1	-0.000166469	-0.00673981	0.000166469	0.999977	-0.0715032	0.00178133	23.1968	
0.999975	6.13633e-07	0.00702334	6.03604e-07	1	-0.000173311	-0.00702334	0.000173311	0.999975	-0.0768243	0.00191269	23.97	
0.999973	6.64411e-07	0.00731059	6.53201e-07	1	-0.000180231	-0.00731059	0.000180231	0.999973	-0.082366	0.00204938	24.7432	
0.999971	7.1787e-07	0.00760154	7.05379e-07	1	-0.000187229	-0.00760154	0.000187229	0.999971	-0.0881313	0.00219145	25.5165	
0.999969	7.74081e-07	0.0078962	7.60203e-07	1	-0.000194304	-0.0078962	0.000194304	0.999969	-0.0941229	0.00233895	26.2897	
0.999966	8.33118e-07	0.00819454	8.17742e-07	1	-0.000201455	-0.00819454	0.000201455	0.999966	-0.100344	0.00249196	27.0629	
0.999964	8.95055e-07	0.00849655	8.78063e-07	1	-0.000208683	-0.00849655	0.000208683	0.999964	-0.106797	0.00265052	27.8361	
0.999961	9.59966e-07	0.00880224	9.41235e-07	1	-0.000215986	-0.00880224	0.000215986	0.999961	-0.113485	0.00281471	28.6093	
0.999958	1.02792e-06	0.00911159	1.00732e-06	1	-0.000223365	-0.00911159	0.000223365	0.999958	-0.120411	0.00298457	29.3825	
0.999956	1.09901e-06	0.00942459	1.0764e-06	1	-0.000230818	-0.00942459	0.000230818	0.999956	-0.127577	0.00316016	30.1557	
0.999953	1.17329e-06	0.00974123	1.14854e-06	1	-0.000238345	-0.00974123	0.000238345	0.999953	-0.134987	0.00334155	30.9289	
0.999949	1.25084e-06	0.0100615	1.2238e-06	1	-0.000245945	-0.0100615	0.000245945	0.999949	-0.142643	0.00352878	31.7021	
0.999946	1.33175e-06	0.0103854	1.30225e-06	1	-0.000253619	-0.0103854	0.000253619	0.999946	-0.150548	0.00372192	32.4753	
0.999943	1.41609e-06	0.0107129	1.38397e-06	1	-0.000261365	-0.0107129	0.000261365	0.999943	-0.158705	0.00392102	33.2485	
0.999939	1.50392e-06	0.011044	1.46902e-06	1	-0.000269183	-0.011044	0.000269182	0.999939	-0.167117	0.00412614	34.0216	
0.999935	1.59535e-06	0.0113787	1.55748e-06	1	-0.000277072	-0.0113787	0.000277072	0.999935	-0.175786	0.00433733	34.7948	
0.999931	1.69043e-06	0.011717	1.64941e-06	1	-0.000285032	-0.011717	0.000285032	0.999931	-0.184715	0.00455465	35.568	
0.999927	1.78925e-06	0.0120588	1.74488e-06	1	-0.000293063	-0.0120588	0.000293063	0.999927	-0.193907	0.00477815	36.3412	
0.999923	1.89188e-06	0.0124043	1.84397e-06	1	-0.000301164	-0.0124043	0.000301163	0.999923	-0.203365	0.00500789	37.1144	
0.999919	1.99841e-06	0.0127532	1.94675e-06	1	-0.000309333	-0.0127532	0.000309333	0.999919	-0.213091	0.00524392	37.8875	
0.999914	2.10891e-06	0.0131057	2.05328e-06	1	-0.000317572	-0.0131057	0.000317572	0.999914	-0.223088	0.00548629	38.6607	
0.999909	2.22347e-06	0.0134618	2.16363e-06	1	-0.000325879	-0.0134618	0.000325879	0.999909	-0.23336	0.00573506	39.4339	
0.999904	2.34215e-06	0.0138213	2.27789e-06	1	-0.000334254	-0.0138213	0.000334253	0.999904	-0.243908	0.00599027	40.207	
0.999899	2.46505e-06	0.0141844	2.39611e-06	1	-0.000342695	-0.0141844	0.000342695	0.999899	-0.254735	0.00625199	40.9802	
0.999852	2.0042e-06	0.0172122	-1.31413e-05	1	0.000646931	-0.0172122	-0.000647061	0.999852	-0.266874	0.00613432	41.7533	
0.999795	-1.45715e-06	0.0202434	-3.16687e-05	0.999999	0.00163605	-0.0202434	-0.00163636	0.999794	-0.281355	0.00525151	42.5264	
0.999729	-7.92431e-06	0.0232778	-5.31868e-05	0.999997	0.00262468	-0.0232777	-0.0026252	0.999726	-0.298181	0.00360392	43.2995	
0.999654	-1.74023e-05	0.0263152	-7.76964e-05	0.999993	0.0036128	-0.0263151	-0.00361359	0.999647	-0.317354	0.0011919	44.0724	
0.999569	-2.98959e-05	0.0293557	-0.000105198	0.999989	0.00460042	-0.0293555	-0.00460153	0.999558	-0.338877	-0.0019842	44.8454	
0.999475	-4.54096e-05	0.0323989	-0.000135693	0.999984	0.00558755	-0.0323986	-0.00558901	0.999459	-0.362752	-0.00592403	45.6182	
0.999372	-6.39475e-05	0.0354448	-0.000169181	0.999978	0.00657418	-0.0354445	-0.00657604	0.99935	-0.388982	-0.0106272	46.391	
0.999259	-8.55136e-05	0.0384933	-0.000205662	0.999971	0.00756031	-0.0384928	-0.00756262	0.99923	-0.417567	-0.0160935	47.1637	
0.999137	-0.000110112	0.0415442	-0.000245139	0.999963	0.00854595	-0.0415437	-0.00854876	0.9991	-0.448511	-0.0223224	47.9363	
0.999005	-0.000137745	0.0445975	-0.000287611	0.999955	0.0095311	-0.0445968	-0.00953445	0.99896	-0.481814	-0.0293137	48.7087	
0.998864	-0.000168417	0.047653	-0.000333079	0.999945	0.0105158	-0.0476521	-0.0105197	0.998809	-0.517479	-0.0370669	49.4811	
0.998713	-0.00020213	0.0507105	-0.000381543	0.999934	0.0114999	-0.0507095	-0.0115045	0.998647	-0.555507	-0.0455818	50.2534	
0.998553	-0.000238886	0.05377	-0.000433004	0.999922	0.0124836	-0.0537688	-0.0124888	0.998475	-0.5959	-0.0548581	51.0255	
0.998384	-0.000278689	0.0568314	-0.000487462	0.999909	0.0134668	-0.0568299	-0.0134728	0.998293	-0.638659	-0.0648952	51.7975	
0.998205	-0.00032154	0.0598944	-0.000544918	0.999895	0.0144495	-0.0598928	-0.0144562	0.9981	-0.683786	-0.0756931	52.5693	
0.998016	-0.00036744	0.062959	-0.000605373	0.999881	0.0154318	-0.0629571	-0.0154393	0.997897	-0.731282	-0.0872512	53.341	
0.997818	-0.000416392	0.066025	-0.000668827	0.999865	0.0164135	-0.0660229	-0.0164219	0.997683	-0.781148	-0.0995692	54.1125	
0.99761	-0.000468397	0.0690924	-0.00073528	0.999848	0.0173948	-0.06909	-0.017404	0.997459	-0.833385	-0.112647	54.8839	
0.997393	-0.000523455	0.0721609	-0.000804733	0.999831	0.0183756	-0.0721583	-0.0183858	0.997224	-0.887994	-0.126484	55.6551	
0.997166	-0.000581567	0.0752305	-0.000877187	0.999812	0.0193559	-0.0752277	-0.0193671	0.996978	-0.944976	-0.14108	56.426	
0.99693	-0.000642733	0.0783011	-0.000952641	0.999793	0.0203358	-0.078298	-0.020348	0.996722	-1.00433	-0.156434	57.1968	
0.996684	-0.000706954	0.0813725	-0.0010311	0.999772	0.0213152	-0.081369	-0.0213284	0.996456	-1.06606	-0.172547	57.9674	
0.996428	-0.00077423	0.0844446	-0.00111255	0.999751	0.0222941	-0.0844408	-0.0223084	0.996179	-1.13017	-0.189418	58.7378	
0.996163	-0.000844559	0.0875172	-0.00119701	0.999728	0.0232726	-0.0875131	-0.023288	0.995891	-1.19665	-0.207046	59.508	
0.995888	-0.000917942	0.0905903	-0.00128447	0.999705	0.0242505	-0.0905858	-0.0242672	0.995593	-1.2655	-0.225432	60.2779	
0.995603	-0.000994377	0.0936637	-0.00137494	0.999681	0.0252281	-0.0936588	-0.0252459	0.995284	-1.33673	-0.244574	61.0476	
0.995309	-0.00107386	0.0967372	-0.00146841	0.999656	0.0262051	-0.096732	-0.0262243	0.994965	-1.41034	-0.264473	61.8171	
0.995006	-0.0011564	0.0998108	-0.00156488	0.999629	0.0271817	-0.0998053	-0.0272022	0.994635	-1.48633	-0.285129	62.5863	
0.994693	-0.00124198	0.102884	-0.00166435	0.999602	0.0281579	-0.102878	-0.0281797	0.994295	-1.56469	-0.30654	63.3553	
0.99437	-0.00133061	0.105958	-0.00176683	0.999574	0.0291336	-0.105951	-0.0291568	0.993944	-1.64542	-0.328708	64.124	
0.994037	-0.00142228	0.109031	-0.00187232	0.999545	0.0301088	-0.109024	-0.0301334	0.993582	-1.72854	-0.35163	64.8924	
0.993695	-0.001517	0.112103	-0.00198081	0.999515	0.0310836	-0.112096	-0.0311097	0.99321	-1.81403	-0.375308	65.6605	
0.993344	-0.00161475	0.115175	-0.0020923	0.999484	0.0320579	-0.115168	-0.0320855	0.992828	-1.90189	-0.39974	66.4283	
0.992983	-0.00171553	0.118247	-0.0022068	0.999452	0.0330318	-0.118239	-0.033061	0.992435	-1.99213	-0.424927	67.1959	
0.992612	-0.00181935	0.121317	-0.00232431	0.999419	0.0340053	-0.121309	-0.034036	0.992031	-2.08474	-0.450868	67.9631	
0.992232	-0.00192619	0.124387	-0.00244482	0.999385	0.0349783	-0.124378	-0.0350107	0.991617	-2.17973	-0.477562	68.73	
0.991842	-0.00203606	0.127455	-0.00256834	0.99935	0.0359508	-0.127446	-0.0359849	0.991193	-2.27709	-0.50501	69.4966	
0.991443	-0.00214895	0.130523	-0.00269486	0.999314	0.036923	-0.130512	-0.0369588	0.990758	-2.37682	-0.533212	70.2628	
0.991034	-0.00226485	0.133588	-0.00282439	0.999278	0.0378947	-0.133578	-0.0379322	0.990312	-2.47892	-0.562166	71.0288	
0.990616	-0.00238377	0.136653	-0.00295693	0.99924	0.0388659	-0.136642	-0.0389053	0.989856	-2.58339	-0.591872	71.7943	
0.987978	-0.00314924	0.154563	-0.00393762	0.998956	0.0455235	-0.154545	-0.0455849	0.986934	-2.69597	-0.624539	72.5586	
0.985016	-0.0040356	0.172416	-0.0050387	0.998626	0.0521603	-0.17239	-0.0522474	0.983642	-2.82237	-0.662363	73.3205	
0.981731	-0.00504251	0.190206	-0.00625977	0.998252	0.0587736	-0.19017	-0.0588905	0.979983	-2.96255	-0.705332	74.0797	
0.978125	-0.00616959	0.207927	-0.00760036	0.997833	0.065361	-0.20788	-0.0655115	0.975958	-3.11645	-0.75343	74.8359	
0.974198	-0.00741642	0.225572	-0.00905998	0.997369	0.0719201	-0.225512	-0.0721081	0.971568	-3.28401	-0.806637	75.5889	
0.969953	-0.00878253	0.243133	-0.0106381	0.996861	0.0784483	-0.243059	-0.0786777	0.966815	-3.46517	-0.864935	76.3383	
