1	0	0	0	1	0	0	0	1	0	0	0	
0.999999	2.11548e-07	-0.0011296	2.11548e-07	1	0.000374554	0.0011296	-0.000374554	0.999999	0.000462679	-0.000153416	0.819192	
0.999997	8.49341e-07	-0.00226341	8.49322e-07	1	0.000750488	0.00226341	-0.000750488	0.999997	0.00185244	-0.000614228	1.63838	
0.999994	1.91807e-06	-0.00340139	1.91799e-06	0.999999	0.00112779	0.00340139	-0.00112779	0.999994	0.00417272	-0.00138356	2.45757	
0.99999	3.42238e-06	-0.00454351	3.42219e-06	0.999999	0.00150644	0.00454351	-0.00150644	0.999989	0.00742692	-0.00246253	3.27676	
0.999984	5.36689e-06	-0.00568972	5.36651e-06	0.999998	0.00188644	0.00568972	-0.00188644	0.999982	0.0116184	-0.00385224	4.09594	
0.999977	7.75618e-06	-0.00683999	7.75551e-06	0.999997	0.00226776	0.00683999	-0.00226776	0.999974	0.0167505	-0.00555379	4.91511	
0.999968	1.05948e-05	-0.00799429	1.05937e-05	0.999996	0.0026504	0.00799429	-0.0026504	0.999965	0.0228266	-0.00756825	5.73428	
0.999958	1.38872e-05	-0.00915256	1.38855e-05	0.999995	0.00303435	0.00915256	-0.00303435	0.999954	0.0298499	-0.0098967	6.55343	
0.999947	1.76378e-05	-0.0103148	1.76355e-05	0.999994	0.00341958	0.0103148	-0.00341958	0.999941	0.0378236	-0.0125402	7.37258	
0.999934	2.18511e-05	-0.0114809	2.18479e-05	0.999993	0.00380609	0.0114809	-0.00380609	0.999927	0.046751	-0.0154998	8.19172	
0.99992	2.65314e-05	-0.0126509	2.65271e-05	0.999991	0.00419386	0.0126509	-0.00419386	0.999911	0.0566353	-0.0187766	9.01085	
0.999904	3.1683e-05	-0.0138247	3.16774e-05	0.999989	0.00458289	0.0138247	-0.00458289	0.999894	0.0674796	-0.0223715	9.82996	
0.999887	3.73103e-05	-0.0150023	3.73031e-05	0.999988	0.00497315	0.0150023	-0.00497315	0.999875	0.079287	-0.0262856	10.6491	
0.999869	4.34173e-05	-0.0161837	4.34084e-05	0.999986	0.00536464	0.0161837	-0.00536464	0.999855	0.0920607	-0.0305199	11.4681	
0.999849	5.00085e-05	-0.0173687	4.99974e-05	0.999983	0.00575734	0.0173687	-0.00575734	0.999833	0.105804	-0.0350754	12.2872	
0.999828	5.70878e-05	-0.0185574	5.70743e-05	0.999981	0.00615124	0.0185574	-0.00615124	0.999809	0.120519	-0.0399531	13.1062	
0.999805	6.46593e-05	-0.0197498	6.46431e-05	0.999979	0.00654632	0.0197498	-0.00654632	0.999784	0.136209	-0.045154	13.9253	
0.999781	7.27272e-05	-0.0209457	7.27079e-05	0.999976	0.00694257	0.0209457	-0.00694257	0.999757	0.152878	-0.050679	14.7443	
0.999755	8.12953e-05	-0.0221452	8.12726e-05	0.999973	0.00733999	0.0221452	-0.00733999	0.999728	0.170528	-0.0565291	15.5633	
0.999727	9.03678e-05	-0.0233482	9.03411e-05	0.99997	0.00773855	0.0233482	-0.00773855	0.999697	0.189162	-0.0627052	16.3822	
0.999698	9.99483e-05	-0.0245547	9.99173e-05	0.999967	0.00813824	0.0245547	-0.00813824	0.999665	0.208783	-0.0692083	17.2011	
0.999668	0.000110041	-0.0257646	0.000110005	0.999964	0.00853905	0.0257646	-0.00853905	0.999632	0.229393	-0.0760392	18.02	
0.999636	0.000120649	-0.0269779	0.000120608	0.99996	0.00894096	0.0269779	-0.00894096	0.999596	0.250996	-0.0831989	18.8389	
0.999602	0.000131777	-0.0281946	0.00013173	0.999956	0.00934397	0.0281946	-0.00934397	0.999559	0.273595	-0.0906884	19.6578	
0.999567	0.000143428	-0.0294145	0.000143375	0.999952	0.00974805	0.0294145	-0.00974805	0.99952	0.297191	-0.0985084	20.4766	
0.999531	0.000155606	-0.0306378	0.000155546	0.999948	0.0101532	0.0306378	-0.0101532	0.999479	0.321789	-0.10666	21.2954	
0.999492	0.000168315	-0.0318642	0.000168248	0.999944	0.0105594	0.0318642	-0.0105594	0.999436	0.347389	-0.115144	22.1141	
0.999452	0.000181557	-0.0330939	0.000181482	0.99994	0.0109666	0.0330939	-0.0109666	0.999392	0.373996	-0.123961	22.9328	
0.999411	0.000195337	-0.0343267	0.000195253	0.999935	0.0113749	0.0343267	-0.0113749	0.999346	0.401611	-0.133112	23.7515	
0.999367	0.000209658	-0.0355626	0.000209565	0.999931	0.0117842	0.0355626	-0.0117842	0.999298	0.430237	-0.142598	24.5701	
0.999323	0.000224523	-0.0368015	0.00022442	0.999926	0.0121945	0.0368015	-0.0121945	0.999248	0.459877	-0.152419	25.3887	
0.999276	0.000239936	-0.0380435	0.000239822	0.999921	0.0126057	0.0380435	-0.0126057	0.999197	0.490534	-0.162577	26.2073	
0.999228	0.000255899	-0.0392885	0.000255775	0.999915	0.0130179	0.0392885	-0.0130179	0.999143	0.522208	-0.173072	27.0258	
0.999178	0.000272417	-0.0405364	0.00027228	0.99991	0.0134311	0.0405364	-0.0134311	0.999088	0.554904	-0.183906	27.8443	
0.999126	0.000289492	-0.0417872	0.000289342	0.999904	0.0138452	0.0417872	-0.0138452	0.999031	0.588624	-0.195078	28.6627	
0.999073	0.000307127	-0.0430409	0.000306964	0.999898	0.0142603	0.0430409	-0.0142603	0.998972	0.623369	-0.20659	29.4811	
0.999018	0.000325325	-0.0442974	0.000325148	0.999892	0.0146762	0.0442974	-0.0146762	0.998911	0.659143	-0.218442	30.2994	
0.998962	0.00034409	-0.0455566	0.000343897	0.999886	0.0150931	0.0455566	-0.0150931	0.998848	0.695946	-0.230636	31.1177	
0.998903	0.000363424	-0.0468186	0.000363215	0.99988	0.0155109	0.0468186	-0.0155108	0.998783	0.733783	-0.243171	31.9359	
0.998843	0.00038333	-0.0480833	0.000383104	0.999873	0.0159295	0.0480833	-0.0159295	0.998716	0.772654	-0.256049	32.7541	
0.998781	0.000403811	-0.0493507	0.000403567	0.999866	0.016349	0.0493507	-0.016349	0.998648	0.812563	-0.26927	33.5722	
0.998718	0.00042487	-0.0506206	0.000424606	0.999859	0.0167693	0.0506206	-0.0167693	0.998577	0.853511	-0.282835	34.3902	
0.998653	0.000446509	-0.0518932	0.000446225	0.999852	0.0171904	0.0518932	-0.0171904	0.998505	0.8955	-0.296745	35.2082	
0.998585	0.00046873	-0.0531682	0.000468426	0.999845	0.0176124	0.0531682	-0.0176124	0.99843	0.938533	-0.311	36.0262	
0.998517	0.000491537	-0.0544457	0.000491211	0.999837	0.0180352	0.0544457	-0.0180352	0.998354	0.982611	-0.325601	36.844	
0.998446	0.000514932	-0.0557257	0.000514583	0.999829	0.0184588	0.0557257	-0.0184588	0.998275	1.02774	-0.340549	37.6618	
0.998374	0.000538918	-0.0570081	0.000538544	0.999822	0.0188831	0.0570081	-0.0188831	0.998195	1.07391	-0.355844	38.4796	
0.998299	0.000563496	-0.0582928	0.000563096	0.999813	0.0193082	0.0582928	-0.0193082	0.998113	1.12114	-0.371487	39.2973	
0.998223	0.000588669	-0.0595798	0.000588243	0.999805	0.0197341	0.0595798	-0.019734	0.998028	1.16942	-0.387478	40.1149	
0.998146	0.000614439	-0.0608691	0.000613985	0.999797	0.0201606	0.0608691	-0.0201606	0.997942	1.21875	-0.403819	40.9324	
0.998066	0.000640809	-0.0621607	0.000640326	0.999788	0.0205879	0.0621607	-0.0205879	0.997854	1.26915	-0.42051	41.7499	
0.997985	0.00066778	-0.0634544	0.000667267	0.999779	0.0210159	0.0634544	-0.0210159	0.997763	1.3206	-0.43755	42.5673	
0.997901	0.000695354	-0.0647503	0.00069481	0.99977	0.0214446	0.0647503	-0.0214446	0.997671	1.37311	-0.454942	43.3846	
0.997816	0.000723534	-0.0660483	0.000722958	0.99976	0.021874	0.0660483	-0.021874	0.997577	1.42669	-0.472685	44.2019	
0.997729	0.000752322	-0.0673483	0.000751711	0.999751	0.022304	0.0673483	-0.022304	0.99748	1.48132	-0.49078	45.019	
0.99764	0.000781719	-0.0686503	0.000781073	0.999741	0.0227347	0.0686503	-0.0227347	0.997382	1.53703	-0.509228	45.8361	
0.997353	0.000872468	-0.0727012	0.000725583	0.999759	0.0219518	0.0727029	-0.0219464	0.997112	1.59493	-0.527529	46.653	
0.99705	0.00096008	-0.0767538	0.000667105	0.999776	0.0211716	0.0767569	-0.0211603	0.996825	1.65614	-0.545186	47.4698	
0.996729	0.00104456	-0.0808079	0.000605651	0.999792	0.0203942	0.0808123	-0.0203764	0.996521	1.72068	-0.562199	48.2862	
0.996392	0.0011259	-0.0848631	0.000541235	0.999807	0.0196194	0.0848689	-0.0195946	0.996199	1.78855	-0.578571	49.1024	
0.996038	0.00120411	-0.0889195	0.000473865	0.999822	0.0188472	0.0889264	-0.0188147	0.99586	1.85973	-0.594303	49.9184	
0.995667	0.00127919	-0.0929767	0.00040355	0.999837	0.0180775	0.0929846	-0.0180367	0.995504	1.93424	-0.609397	50.734	
0.99528	0.00135114	-0.0970345	0.000330301	0.99985	0.0173102	0.0970433	-0.0172605	0.99513	2.01208	-0.623855	51.5494	
0.994876	0.00141997	-0.101093	0.000254123	0.999863	0.0165452	0.101102	-0.0164861	0.994739	2.09324	-0.637677	52.3644	
0.994455	0.00148567	-0.105151	0.000175024	0.999875	0.0157824	0.105161	-0.0157133	0.994331	2.17772	-0.650866	53.1791	
0.994018	0.00154824	-0.10921	9.30079e-05	0.999887	0.0150217	0.10922	-0.014942	0.993905	2.26553	-0.663422	53.9935	
0.993563	0.00160769	-0.113268	8.07988e-06	0.999898	0.0142632	0.113279	-0.0141723	0.993462	2.35667	-0.675348	54.8075	
0.993092	0.00166402	-0.117326	-7.9757e-05	0.999909	0.0135066	0.117337	-0.0134039	0.993002	2.45113	-0.686643	55.6212	
0.992604	0.00171723	-0.121383	-0.000170501	0.999919	0.0127518	0.121395	-0.0126368	0.992524	2.54891	-0.697309	56.4345	
0.9921	0.00176733	-0.125439	-0.000264149	0.999928	0.0119989	0.125451	-0.011871	0.992029	2.65002	-0.707347	57.2473	
0.991578	0.0018143	-0.129494	-0.000360704	0.999937	0.0112478	0.129507	-0.0111063	0.991516	2.75445	-0.716759	58.0598	
0.991041	0.00185817	-0.133549	-0.000460164	0.999945	0.0104982	0.133561	-0.0103427	0.990987	2.8622	-0.725544	58.8718	
0.990486	0.00189891	-0.137601	-0.000562532	0.999952	0.00975023	0.137613	-0.00958006	0.99044	2.97327	-0.733704	59.6834	
0.989915	0.00193655	-0.141652	-0.000667811	0.999959	0.00900371	0.141664	-0.00881831	0.989876	3.08766	-0.74124	60.4945	
0.989327	0.00197108	-0.145701	-0.000776005	0.999966	0.00825858	0.145713	-0.00805737	0.989294	3.20537	-0.748153	61.3052	
0.988722	0.00200249	-0.149748	-0.000887118	0.999971	0.00751474	0.149759	-0.00729715	0.988696	3.32639	-0.754442	62.1154	
0.988101	0.0020308	-0.153793	-0.00100116	0.999977	0.00677213	0.153803	-0.00653757	0.98808	3.45073	-0.760108	62.925	
0.987463	0.002056	-0.157835	-0.00111813	0.999981	0.00603064	0.157845	-0.00577856	0.987447	3.57838	-0.765153	63.7342	
0.986809	0.0020781	-0.161875	-0.00123804	0.999985	0.00529021	0.161884	-0.00502002	0.986797	3.70934	-0.769576	64.5428	
0.986138	0.00209709	-0.165912	-0.00136091	0.999989	0.00455074	0.16592	-0.00426187	0.98613	3.84361	-0.773378	65.351	
0.985451	0.00211298	-0.169946	-0.00148673	0.999992	0.00381215	0.169952	-0.00350403	0.985446	3.98118	-0.776559	66.1585	
0.984748	0.00212576	-0.173976	-0.00161553	0.999994	0.00307436	0.173981	-0.00274641	0.984745	4.12206	-0.779119	66.9655	
0.984028	0.00213545	-0.178003	-0.0017473	0.999996	0.00233728	0.178007	-0.00198892	0.984027	4.26623	-0.781058	67.7719	
0.983291	0.00214203	-0.182026	-0.00188208	0.999997	0.00160084	0.182029	-0.0012315	0.983292	4.4137	-0.782378	68.5777	
0.982539	0.00214552	-0.186045	-0.00201987	0.999998	0.000864936	0.186047	-0.000474046	0.982541	4.56446	-0.783076	69.3829	
0.98177	0.00214591	-0.190061	-0.00216068	0.999998	0.000129501	0.19006	0.000283521	0.981772	4.71851	-0.783154	70.1875	
0.980985	0.0021432	-0.194072	-0.00230454	0.999997	-0.000605553	0.19407	0.00104128	0.980987	4.87585	-0.782612	70.9914	
0.977159	0.00204722	-0.212497	-0.00394661	0.999956	-0.00851462	0.212471	0.00915879	0.977125	5.04237	-0.778433	71.7935	
0.972988	0.0017985	-0.230847	-0.00573697	0.999849	-0.0163908	0.230782	0.0172725	0.972852	5.22394	-0.767607	72.5922	
0.968474	0.00139715	-0.249112	-0.00767486	0.999677	-0.0242309	0.248997	0.0253789	0.968172	5.42046	-0.750137	73.3873	
0.963617	0.000843341	-0.267285	-0.00975948	0.999439	-0.0320315	0.267108	0.0334747	0.963085	5.63186	-0.72603	74.1783	
0.958421	0.000137298	-0.285359	-0.0119899	0.999136	-0.0397894	0.285107	0.0415564	0.957595	5.85805	-0.695296	74.9651	
0.952887	-0.000720679	-0.303325	-0.0143653	0.998768	-0.0475013	0.302986	0.0496207	0.951702	6.09894	-0.657949	75.7471	
0.947018	-0.00173023	-0.321177	-0.0168846	0.998335	-0.055164	0.320737	0.0576642	0.945411	6.35443	-0.614004	76.5242	
0.940816	-0.00289093	-0.338907	-0.0195468	0.997836	-0.0627742	0.338355	0.0656835	0.938723	6.6244	-0.563479	77.296	
0.934283	-0.0042023	-0.356507	-0.0223507	0.997273	-0.0703289	0.35583	0.0736753	0.931642	6.90874	-0.506397	78.0621	
0.927424	-0.00566378	-0.37397	-0.0252952	0.996646	-0.0778248	0.373157	0.0816361	0.92417	7.20734	-0.44278	78.8222	
0.920239	-0.00727477	-0.391289	-0.028379	0.995955	-0.0852587	0.390326	0.0895628	0.91631	7.52007	-0.372655	79.5761	
0.912733	-0.00903458	-0.408456	-0.0316008	0.995199	-0.0926276	0.407332	0.0974518	0.908066	7.8468	-0.296052	80.3234	
