1	0	0	0	1	0	0	0	1	0	0	0	
1	5.39894e-09	-0.000289639	5.39894e-09	1	3.72806e-05	0.000289639	-3.72806e-05	1	0.000114027	-1.46769e-05	0.787374	
1	2.16731e-08	-0.00058024	2.1684e-08	1	7.47226e-05	0.00058024	-7.47226e-05	1	0.000456487	-5.87711e-05	1.57475	
1	4.89405e-08	-0.000871795	4.89841e-08	1	0.000112325	0.000871795	-0.000112325	1	0.00102813	-0.000132409	2.36212	
0.999999	8.73183e-08	-0.00116429	8.74279e-08	1	0.000150088	0.00116429	-0.000150088	0.999999	0.00182972	-0.000235718	3.14949	
0.999999	1.36923e-07	-0.00145773	1.37143e-07	1	0.000188009	0.00145773	-0.000188009	0.999999	0.00286197	-0.000368822	3.93687	
0.999998	1.9787e-07	-0.00175209	1.98256e-07	1	0.000226087	0.00175209	-0.000226087	0.999998	0.00412564	-0.000531846	4.72424	
0.999998	2.70275e-07	-0.00204737	2.70894e-07	1	0.000264323	0.00204737	-0.000264323	0.999998	0.00562144	-0.000724914	5.51161	
0.999997	3.5425e-07	-0.00234356	3.55182e-07	1	0.000302715	0.00234356	-0.000302715	0.999997	0.00735009	-0.00094815	6.29898	
0.999997	4.49909e-07	-0.00264065	4.51245e-07	1	0.000341262	0.00264065	-0.000341262	0.999996	0.00931231	-0.00120167	7.08636	
0.999996	5.57364e-07	-0.00293863	5.59206e-07	1	0.000379962	0.00293863	-0.000379962	0.999996	0.0115088	-0.00148561	7.87373	
0.999995	6.76726e-07	-0.00323749	6.7919e-07	1	0.000418816	0.00323749	-0.000418816	0.999995	0.0139402	-0.00180008	8.6611	
0.999994	8.08105e-07	-0.00353722	8.11318e-07	1	0.000457822	0.00353722	-0.000457822	0.999994	0.0166074	-0.0021452	9.44847	
0.999993	9.5161e-07	-0.00383781	9.55711e-07	1	0.00049698	0.00383781	-0.00049698	0.999993	0.0195108	-0.00252109	10.2358	
0.999991	1.10735e-06	-0.00413926	1.11249e-06	1	0.000536287	0.00413926	-0.000536287	0.999991	0.0226513	-0.00292788	11.0232	
0.99999	1.27543e-06	-0.00444155	1.28178e-06	1	0.000575743	0.00444155	-0.000575743	0.99999	0.0260294	-0.00336567	11.8106	
0.999989	1.45596e-06	-0.00474468	1.46369e-06	1	0.000615348	0.00474468	-0.000615348	0.999989	0.0296459	-0.00383459	12.5979	
0.999987	1.64904e-06	-0.00504863	1.65834e-06	1	0.0006551	0.00504863	-0.0006551	0.999987	0.0335014	-0.00433475	13.3853	
0.999986	1.85477e-06	-0.0053534	1.86586e-06	1	0.000694998	0.0053534	-0.000694998	0.999985	0.0375966	-0.00486626	14.1727	
0.999984	2.07327e-06	-0.00565898	2.08635e-06	1	0.000735041	0.00565898	-0.000735041	0.999984	0.041932	-0.00542925	14.96	
0.999982	2.30463e-06	-0.00596535	2.31992e-06	1	0.000775229	0.00596535	-0.000775229	0.999982	0.0465083	-0.00602382	15.7474	
0.99998	2.54895e-06	-0.00627251	2.56671e-06	1	0.000815559	0.00627251	-0.000815559	0.99998	0.0513262	-0.0066501	16.5347	
0.999978	2.80633e-06	-0.00658045	2.82681e-06	1	0.000856032	0.00658045	-0.000856032	0.999978	0.0563863	-0.00730818	17.3221	
0.999976	3.07687e-06	-0.00688916	3.10034e-06	1	0.000896646	0.00688916	-0.000896646	0.999976	0.0616891	-0.00799818	18.1095	
0.999974	3.36067e-06	-0.00719863	3.38741e-06	1	0.000937399	0.00719863	-0.000937399	0.999974	0.0672353	-0.00872022	18.8968	
0.999972	3.65782e-06	-0.00750885	3.68814e-06	1	0.000978292	0.00750885	-0.000978292	0.999971	0.0730254	-0.00947441	19.6842	
0.999969	3.96841e-06	-0.00781981	4.00262e-06	0.999999	0.00101932	0.00781981	-0.00101932	0.999969	0.0790601	-0.0102608	20.4715	
0.999967	4.29255e-06	-0.0081315	4.33096e-06	0.999999	0.00106049	0.0081315	-0.00106049	0.999966	0.0853399	-0.0110796	21.2589	
0.999964	4.63033e-06	-0.00844391	4.67328e-06	0.999999	0.00110179	0.00844391	-0.00110179	0.999964	0.0918654	-0.0119309	22.0462	
0.999962	4.98183e-06	-0.00875704	5.02968e-06	0.999999	0.00114323	0.00875704	-0.00114323	0.999961	0.0986372	-0.0128147	22.8335	
0.999959	5.34714e-06	-0.00907087	5.40026e-06	0.999999	0.0011848	0.00907087	-0.0011848	0.999958	0.105656	-0.0137312	23.6209	
0.999956	5.72636e-06	-0.00938539	5.78512e-06	0.999999	0.0012265	0.00938539	-0.00122651	0.999955	0.112922	-0.0146805	24.4082	
0.999953	6.11957e-06	-0.00970059	6.18437e-06	0.999999	0.00126834	0.00970059	-0.00126834	0.999952	0.120436	-0.0156627	25.1956	
0.99995	6.52686e-06	-0.0100165	6.59811e-06	0.999999	0.00131031	0.0100165	-0.00131031	0.999949	0.128198	-0.0166779	25.9829	
0.999947	6.94831e-06	-0.010333	7.02643e-06	0.999999	0.0013524	0.010333	-0.0013524	0.999946	0.136209	-0.0177262	26.7702	
0.999943	7.384e-06	-0.0106502	7.46943e-06	0.999999	0.00139462	0.0106502	-0.00139462	0.999942	0.14447	-0.0188077	27.5576	
0.99994	7.83402e-06	-0.010968	7.92722e-06	0.999999	0.00143697	0.010968	-0.00143697	0.999939	0.152981	-0.0199224	28.3449	
0.999936	8.29845e-06	-0.0112865	8.39988e-06	0.999999	0.00147945	0.0112865	-0.00147945	0.999935	0.161742	-0.0210706	29.1322	
0.999933	8.77737e-06	-0.0116056	8.88752e-06	0.999999	0.00152205	0.0116056	-0.00152205	0.999931	0.170755	-0.0222522	29.9195	
0.999929	9.27085e-06	-0.0119253	9.39021e-06	0.999999	0.00156477	0.0119253	-0.00156477	0.999928	0.180018	-0.0234675	30.7069	
0.999925	9.77898e-06	-0.0122456	9.90806e-06	0.999999	0.00160762	0.0122456	-0.00160762	0.999924	0.189534	-0.0247164	31.4942	
0.999921	1.03018e-05	-0.0125666	1.04411e-05	0.999999	0.00165058	0.0125666	-0.00165058	0.99992	0.199303	-0.0259991	32.2815	
0.999917	1.08394e-05	-0.0128881	1.09896e-05	0.999999	0.00169367	0.0128881	-0.00169367	0.999916	0.209324	-0.0273157	33.0688	
0.999913	1.13919e-05	-0.0132101	1.15534e-05	0.999998	0.00173687	0.0132101	-0.00173688	0.999911	0.219598	-0.0286662	33.8561	
0.999908	1.19594e-05	-0.0135328	1.21328e-05	0.999998	0.0017802	0.0135328	-0.0017802	0.999907	0.230127	-0.0300509	34.6434	
0.999904	1.25418e-05	-0.013856	1.27277e-05	0.999998	0.00182364	0.013856	-0.00182364	0.999902	0.240909	-0.0314697	35.4307	
0.999899	1.31393e-05	-0.0141797	1.33383e-05	0.999998	0.00186719	0.0141797	-0.00186719	0.999898	0.251946	-0.0329227	36.218	
0.999895	1.37519e-05	-0.014504	1.39647e-05	0.999998	0.00191086	0.014504	-0.00191086	0.999893	0.263239	-0.0344101	37.0053	
0.99989	1.43798e-05	-0.0148288	1.46069e-05	0.999998	0.00195464	0.0148288	-0.00195465	0.999888	0.274787	-0.0359319	37.7926	
0.999885	1.50229e-05	-0.0151541	1.5265e-05	0.999998	0.00199854	0.0151541	-0.00199854	0.999883	0.286591	-0.0374882	38.5799	
0.99988	1.56813e-05	-0.0154799	1.59391e-05	0.999998	0.00204254	0.0154799	-0.00204254	0.999878	0.298651	-0.0390791	39.3671	
0.999875	1.63551e-05	-0.0158063	1.66292e-05	0.999998	0.00208665	0.0158063	-0.00208666	0.999873	0.310968	-0.0407047	40.1544	
0.99987	1.70443e-05	-0.0161331	1.73355e-05	0.999998	0.00213088	0.0161331	-0.00213088	0.999868	0.323542	-0.0423651	40.9417	
0.999865	1.77491e-05	-0.0164603	1.8058e-05	0.999998	0.0021752	0.0164603	-0.00217521	0.999862	0.336373	-0.0440603	41.7289	
0.999859	1.84694e-05	-0.0167881	1.87968e-05	0.999998	0.00221964	0.0167881	-0.00221964	0.999857	0.349463	-0.0457905	42.5162	
0.999849	2.07282e-05	-0.0174014	6.88025e-05	0.999987	0.00514441	0.0174013	-0.00514482	0.999835	0.362923	-0.0486898	43.3035	
0.999838	2.47895e-05	-0.018016	0.000120604	0.999967	0.00806911	0.0180156	-0.00806998	0.999805	0.376866	-0.0538923	44.0907	
0.999826	3.066e-05	-0.0186317	0.000174204	0.99994	0.0109937	0.0186309	-0.0109951	0.999766	0.391293	-0.061398	44.8779	
0.999815	3.83461e-05	-0.0192485	0.000229605	0.999903	0.0139182	0.0192472	-0.0139201	0.999718	0.406205	-0.0712068	45.6651	
0.999803	4.78534e-05	-0.0198664	0.000286811	0.999858	0.0168426	0.0198644	-0.016845	0.999661	0.421603	-0.0833186	46.4522	
0.99979	5.91871e-05	-0.0204852	0.000345823	0.999805	0.0197668	0.0204824	-0.0197697	0.999595	0.437487	-0.0977333	47.2393	
0.999777	7.2352e-05	-0.021105	0.000406645	0.999742	0.0226907	0.0211012	-0.0226943	0.99952	0.453858	-0.114451	48.0263	
0.999764	8.73524e-05	-0.0217256	0.000469278	0.999672	0.0256145	0.0217207	-0.0256186	0.999436	0.470716	-0.133471	48.8133	
0.99975	0.000104192	-0.0223471	0.000533724	0.999593	0.028538	0.022341	-0.0285428	0.999343	0.488063	-0.154794	49.6002	
0.999736	0.000122874	-0.0229693	0.000599985	0.999505	0.0314611	0.0229618	-0.0314666	0.999241	0.505898	-0.178419	50.387	
0.999722	0.000143401	-0.0235922	0.000668063	0.999408	0.034384	0.0235831	-0.0343902	0.99913	0.524222	-0.204346	51.1737	
0.999707	0.000165776	-0.0242157	0.000737959	0.999304	0.0373065	0.024205	-0.0373135	0.99901	0.543036	-0.232574	51.9604	
0.999691	0.00019	-0.0248397	0.000809675	0.99919	0.0402287	0.0248273	-0.0402364	0.998882	0.562339	-0.263105	52.7469	
0.999676	0.000216074	-0.0254643	0.000883211	0.999068	0.0431505	0.0254499	-0.0431589	0.998744	0.582133	-0.295936	53.5333	
0.99966	0.000244	-0.0260893	0.000958568	0.998938	0.0460718	0.0260729	-0.0460811	0.998597	0.602416	-0.331069	54.3197	
0.999643	0.000273777	-0.0267147	0.00103575	0.998799	0.0489926	0.0266961	-0.0490028	0.998442	0.623191	-0.368502	55.1059	
0.999626	0.000305405	-0.0273405	0.00111475	0.998651	0.051913	0.0273194	-0.0519241	0.998277	0.644456	-0.408236	55.892	
0.999609	0.000338884	-0.0279665	0.00119558	0.998495	0.0548328	0.027943	-0.0548448	0.998104	0.666212	-0.45027	56.6779	
0.999591	0.000374212	-0.0285927	0.00127822	0.99833	0.0577522	0.0285665	-0.0577651	0.997921	0.688459	-0.494603	57.4637	
0.999573	0.000411388	-0.029219	0.0013627	0.998157	0.0606709	0.0291901	-0.0606848	0.99773	0.711197	-0.541235	58.2494	
0.999554	0.00045041	-0.0298454	0.00144899	0.997975	0.063589	0.0298136	-0.0636039	0.99753	0.734426	-0.590166	59.0349	
0.999536	0.000491274	-0.0304719	0.00153711	0.997785	0.0665065	0.0304371	-0.0665225	0.997321	0.758146	-0.641395	59.8202	
0.999516	0.000533977	-0.0310983	0.00162705	0.997586	0.0694233	0.0310603	-0.0694404	0.997102	0.782357	-0.694922	60.6054	
0.999496	0.000578517	-0.0317246	0.00171881	0.997379	0.0723395	0.0316833	-0.0723576	0.996875	0.807058	-0.750746	61.3904	
0.999476	0.000624888	-0.0323508	0.00181239	0.997163	0.0752549	0.032306	-0.0752742	0.996639	0.83225	-0.808866	62.1752	
0.999456	0.000673086	-0.0329767	0.00190779	0.996938	0.0781696	0.0329284	-0.07819	0.996395	0.857932	-0.869283	62.9599	
0.999435	0.000723105	-0.0336024	0.00200501	0.996705	0.0810835	0.0335503	-0.0811051	0.996141	0.884104	-0.931996	63.7443	
0.999414	0.000774941	-0.0342277	0.00210405	0.996464	0.0839967	0.0341718	-0.0840194	0.995878	0.910765	-0.997003	64.5285	
0.999392	0.000828586	-0.0348527	0.0022049	0.996214	0.0869089	0.0347927	-0.086933	0.995606	0.937916	-1.0643	65.3126	
0.99937	0.000884035	-0.0354771	0.00230756	0.995955	0.0898204	0.0354131	-0.0898456	0.995326	0.965555	-1.1339	66.0964	
0.999348	0.00094128	-0.0361011	0.00241204	0.995688	0.0927309	0.0360327	-0.0927575	0.995037	0.993682	-1.20579	66.8799	
0.999325	0.00100031	-0.0367245	0.00251833	0.995413	0.0956405	0.0366517	-0.0956684	0.994738	1.0223	-1.27997	67.6633	
0.999302	0.00106113	-0.0373473	0.00262642	0.995129	0.0985492	0.0372699	-0.0985785	0.994431	1.0514	-1.35644	68.4464	
0.999278	0.00112371	-0.0379693	0.00273632	0.994836	0.101457	0.0378873	-0.101488	0.994115	1.08099	-1.43521	69.2293	
0.999254	0.00118806	-0.0385906	0.00284801	0.994535	0.104364	0.0385037	-0.104396	0.99379	1.11106	-1.51626	70.0119	
0.99923	0.00125416	-0.0392111	0.00296151	0.994226	0.107269	0.0391193	-0.107303	0.993456	1.14162	-1.5996	70.7942	
0.999206	0.00132201	-0.0398308	0.00307681	0.993908	0.110174	0.0397338	-0.110209	0.993114	1.17266	-1.68523	71.5763	
0.999122	0.00156677	-0.0418552	0.00387405	0.99156	0.129594	0.041705	-0.129643	0.990683	1.20473	-1.77966	72.3573	
0.999035	0.00185114	-0.0438743	0.00470972	0.988832	0.148963	0.04366	-0.149026	0.987869	1.23833	-1.88938	73.1363	
0.998944	0.00217502	-0.0458872	0.00558351	0.985725	0.168273	0.0455981	-0.168352	0.984672	1.27348	-2.01433	73.9129	
0.998849	0.00253827	-0.0478932	0.00649507	0.98224	0.187517	0.0475186	-0.187612	0.981093	1.31014	-2.15447	74.6868	
0.99875	0.00294076	-0.0498915	0.00744405	0.978379	0.206687	0.0494206	-0.2068	0.977134	1.3483	-2.30975	75.4578	
0.998648	0.00338233	-0.0518814	0.00843008	0.974143	0.225776	0.0513035	-0.225908	0.972797	1.38796	-2.48011	76.2255	
0.998541	0.0038628	-0.053862	0.00945279	0.969534	0.244776	0.0531665	-0.244928	0.968082	1.42909	-2.66547	76.9896	
0.998431	0.004382	-0.0558326	0.0105118	0.964553	0.26368	0.055009	-0.263853	0.962993	1.47167	-2.86578	77.7498	
