1	0	0	0	1	0	0	0	1	0	0	0	
1	2.85695e-09	0.000308036	2.85695e-09	1	-1.85494e-05	-0.000308036	1.85494e-05	1	-0.000138694	8.35192e-06	0.900505	
1	1.13875e-08	0.000615362	1.13594e-08	1	-3.6965e-05	-0.000615362	3.6965e-05	1	-0.000554457	3.33474e-05	1.80101	
1	2.55236e-08	0.000921965	2.54117e-08	1	-5.52465e-05	-0.000921965	5.52465e-05	1	-0.00124664	7.48659e-05	2.70151	
0.999999	4.51971e-08	0.00122783	4.4918e-08	1	-7.33936e-05	-0.00122783	7.33936e-05	0.999999	-0.00221459	0.000132786	3.60202	
0.999999	7.03389e-08	0.00153295	6.97822e-08	1	-9.14059e-05	-0.00153295	9.14059e-05	0.999999	-0.00345764	0.000206988	4.50252	
0.999998	1.0088e-07	0.00183731	9.9908e-08	1	-0.000109283	-0.00183731	0.000109283	0.999998	-0.00497512	0.000297349	5.40303	
0.999998	1.3675e-07	0.0021409	1.35199e-07	1	-0.000127026	-0.0021409	0.000127026	0.999998	-0.00676632	0.000403747	6.30353	
0.999997	1.7788e-07	0.00244371	1.75559e-07	1	-0.000144632	-0.00244371	0.000144632	0.999997	-0.00883055	0.000526062	7.20403	
0.999996	2.24199e-07	0.00274572	2.20891e-07	1	-0.000162103	-0.00274572	0.000162103	0.999996	-0.0111671	0.00066417	8.10454	
0.999995	2.75635e-07	0.00304692	2.71099e-07	1	-0.000179438	-0.00304692	0.000179438	0.999995	-0.0137752	0.00081795	9.00504	
0.999994	3.32118e-07	0.0033473	3.26086e-07	1	-0.000196637	-0.0033473	0.000196637	0.999994	-0.0166543	0.000987279	9.90554	
0.999993	3.93576e-07	0.00364684	3.85756e-07	1	-0.0002137	-0.00364684	0.0002137	0.999993	-0.0198034	0.00117203	10.806	
0.999992	4.59938e-07	0.00394555	4.50011e-07	1	-0.000230626	-0.00394555	0.000230626	0.999992	-0.0232219	0.00137209	11.7065	
0.999991	5.3113e-07	0.0042434	5.18755e-07	1	-0.000247415	-0.0042434	0.000247415	0.999991	-0.026909	0.00158733	12.607	
0.99999	6.07081e-07	0.00454038	5.91892e-07	1	-0.000264068	-0.00454038	0.000264068	0.99999	-0.0308639	0.00181763	13.5075	
0.999988	6.87717e-07	0.00483648	6.69324e-07	1	-0.000280583	-0.00483648	0.000280583	0.999988	-0.0350858	0.00206286	14.408	
0.999987	7.72966e-07	0.00513168	7.50957e-07	1	-0.000296962	-0.00513168	0.000296961	0.999987	-0.039574	0.0023229	15.3085	
0.999985	8.62754e-07	0.00542599	8.36692e-07	1	-0.000313203	-0.00542599	0.000313203	0.999985	-0.0443276	0.00259763	16.209	
0.999984	9.57008e-07	0.00571938	9.26435e-07	1	-0.000329306	-0.00571938	0.000329306	0.999984	-0.0493459	0.00288692	17.1095	
0.999982	1.05565e-06	0.00601184	1.02009e-06	1	-0.000345273	-0.00601184	0.000345273	0.999982	-0.0546279	0.00319065	18.01	
0.99998	1.15862e-06	0.00630336	1.11756e-06	1	-0.000361102	-0.00630336	0.000361102	0.99998	-0.0601728	0.0035087	18.9105	
0.999978	1.26583e-06	0.00659393	1.21875e-06	1	-0.000376793	-0.00659393	0.000376793	0.999978	-0.0659799	0.00384094	19.811	
0.999976	1.3772e-06	0.00688354	1.32356e-06	1	-0.000392346	-0.00688354	0.000392346	0.999976	-0.0720481	0.00418724	20.7114	
0.999974	1.49268e-06	0.00717218	1.4319e-06	1	-0.000407762	-0.00717218	0.000407762	0.999974	-0.0783768	0.00454749	21.6119	
0.999972	1.61217e-06	0.00745983	1.54368e-06	1	-0.00042304	-0.00745983	0.00042304	0.999972	-0.0849649	0.00492156	22.5124	
0.99997	1.73561e-06	0.00774649	1.6588e-06	1	-0.000438181	-0.00774649	0.00043818	0.99997	-0.0918116	0.00530933	23.4129	
0.999968	1.86292e-06	0.00803213	1.77716e-06	1	-0.000453183	-0.00803213	0.000453183	0.999968	-0.0989159	0.00571067	24.3134	
0.999965	1.99403e-06	0.00831676	1.89868e-06	1	-0.000468048	-0.00831676	0.000468048	0.999965	-0.106277	0.00612545	25.2138	
0.999963	2.12886e-06	0.00860036	2.02325e-06	1	-0.000482775	-0.00860036	0.000482774	0.999963	-0.113894	0.00655356	26.1143	
0.999961	2.26734e-06	0.00888291	2.15079e-06	1	-0.000497364	-0.00888291	0.000497364	0.99996	-0.121766	0.00699487	27.0148	
0.999958	2.40938e-06	0.00916441	2.2812e-06	1	-0.000511816	-0.00916441	0.000511815	0.999958	-0.129892	0.00744926	27.9153	
0.999955	2.55493e-06	0.00944485	2.41439e-06	1	-0.00052613	-0.00944485	0.000526129	0.999955	-0.138271	0.0079166	28.8157	
0.999953	2.70389e-06	0.00972421	2.55027e-06	1	-0.000540306	-0.00972421	0.000540305	0.999953	-0.146902	0.00839676	29.7162	
0.99995	2.85621e-06	0.0100025	2.68875e-06	1	-0.000554345	-0.0100025	0.000554344	0.99995	-0.155784	0.00888963	30.6166	
0.999947	3.01179e-06	0.0102797	2.82973e-06	1	-0.000568246	-0.0102797	0.000568245	0.999947	-0.164916	0.00939508	31.5171	
0.999944	3.17057e-06	0.0105557	2.97313e-06	1	-0.00058201	-0.0105557	0.000582009	0.999944	-0.174297	0.00991298	32.4176	
0.999941	3.33247e-06	0.0108307	3.11885e-06	1	-0.000595637	-0.0108307	0.000595636	0.999941	-0.183926	0.0104432	33.318	
0.999938	3.49742e-06	0.0111045	3.26681e-06	1	-0.000609127	-0.0111045	0.000609126	0.999938	-0.193802	0.0109857	34.2185	
0.999935	3.66534e-06	0.0113771	3.41692e-06	1	-0.00062248	-0.0113771	0.000622479	0.999935	-0.203925	0.0115402	35.1189	
0.999932	3.83616e-06	0.0116487	3.56909e-06	1	-0.000635696	-0.0116487	0.000635695	0.999932	-0.214292	0.0121067	36.0194	
0.999929	4.0098e-06	0.011919	3.72322e-06	1	-0.000648776	-0.011919	0.000648774	0.999929	-0.224904	0.012685	36.9198	
0.999926	4.18619e-06	0.0121882	3.87925e-06	1	-0.000661719	-0.0121882	0.000661717	0.999926	-0.235758	0.0132751	37.8202	
0.999922	4.36526e-06	0.0124562	4.03706e-06	1	-0.000674525	-0.0124562	0.000674523	0.999922	-0.246854	0.0138767	38.7207	
0.999919	4.54692e-06	0.012723	4.19659e-06	1	-0.000687196	-0.012723	0.000687194	0.999919	-0.258191	0.0144898	39.6211	
0.999916	4.73111e-06	0.0129886	4.35775e-06	1	-0.000699731	-0.0129886	0.000699728	0.999915	-0.269768	0.0151143	40.5215	
0.999912	4.91775e-06	0.0132529	4.52045e-06	1	-0.00071213	-0.0132529	0.000712127	0.999912	-0.281583	0.01575	41.422	
0.999909	5.10678e-06	0.0135161	4.68461e-06	1	-0.000724394	-0.0135161	0.000724391	0.999908	-0.293636	0.0163968	42.3224	
0.999905	5.2981e-06	0.013778	4.85014e-06	1	-0.000736522	-0.013778	0.000736519	0.999905	-0.305925	0.0170546	43.2228	
0.999901	5.49166e-06	0.0140386	5.01697e-06	1	-0.000748516	-0.0140386	0.000748512	0.999901	-0.31845	0.0177232	44.1232	
0.999898	5.68738e-06	0.014298	5.18501e-06	1	-0.000760374	-0.014298	0.000760371	0.999897	-0.331208	0.0184026	45.0236	
0.999894	5.88518e-06	0.0145561	5.35417e-06	1	-0.000772099	-0.0145561	0.000772095	0.999894	-0.3442	0.0190926	45.9241	
0.99989	6.085e-06	0.014813	5.52439e-06	1	-0.000783689	-0.014813	0.000783685	0.99989	-0.357423	0.0197931	46.8245	
0.999886	6.28676e-06	0.0150685	5.69558e-06	1	-0.000795146	-0.0150685	0.000795141	0.999886	-0.370878	0.020504	47.7249	
0.999883	6.49039e-06	0.0153228	5.86766e-06	1	-0.000806469	-0.0153228	0.000806464	0.999882	-0.384561	0.0212251	48.6253	
0.999879	6.69581e-06	0.0155757	6.04056e-06	1	-0.000817659	-0.0155757	0.000817654	0.999878	-0.398474	0.0219563	49.5257	
0.999875	6.90297e-06	0.0158274	6.21419e-06	1	-0.000828716	-0.0158274	0.00082871	0.999874	-0.412613	0.0226976	50.4261	
0.999871	7.11178e-06	0.0160776	6.38849e-06	1	-0.00083964	-0.0160776	0.000839635	0.99987	-0.426978	0.0234488	51.3264	
0.999867	7.32217e-06	0.0163266	6.56337e-06	1	-0.000850433	-0.0163266	0.000850427	0.999866	-0.441568	0.0242098	52.2268	
0.999863	7.53408e-06	0.0165742	6.73877e-06	1	-0.000861093	-0.0165742	0.000861087	0.999862	-0.456382	0.0249804	53.1272	
0.999859	7.74744e-06	0.0168204	6.9146e-06	1	-0.000871623	-0.0168204	0.000871616	0.999858	-0.471418	0.0257605	54.0276	
0.999843	7.07127e-06	0.0177279	-4.89374e-05	0.999997	0.00236117	-0.0177278	-0.00236167	0.99984	-0.486973	0.0250896	54.928	
0.999826	3.46482e-06	0.0186342	-0.000107722	0.999984	0.00559394	-0.0186339	-0.00559498	0.999811	-0.503345	0.0215071	55.8283	
0.999809	-3.06469e-06	0.0195395	-0.000169436	0.999961	0.00882666	-0.0195387	-0.00882829	0.99977	-0.520533	0.015013	56.7286	
0.999791	-1.25095e-05	0.0204435	-0.000234074	0.999927	0.0120593	-0.0204421	-0.0120616	0.999718	-0.538534	0.00560729	57.6289	
0.999772	-2.48614e-05	0.0213462	-0.000301633	0.999883	0.0152918	-0.0213441	-0.0152948	0.999655	-0.557349	-0.00670998	58.5291	
0.999752	-4.01114e-05	0.0222476	-0.000372107	0.999828	0.0185242	-0.0222446	-0.0185279	0.999581	-0.576975	-0.0219387	59.4293	
0.999732	-5.82502e-05	0.0231477	-0.000445493	0.999763	0.0217564	-0.0231435	-0.0217609	0.999495	-0.597411	-0.0400789	60.3294	
0.999711	-7.9268e-05	0.0240462	-0.000521784	0.999688	0.0249884	-0.0240407	-0.0249937	0.999398	-0.618655	-0.0611303	61.2294	
0.999689	-0.000103154	0.0249433	-0.000600977	0.999602	0.0282201	-0.0249363	-0.0282263	0.99929	-0.640707	-0.0850928	62.1293	
0.999666	-0.000129898	0.0258388	-0.000683065	0.999505	0.0314516	-0.0258301	-0.0314588	0.999171	-0.663565	-0.111966	63.0291	
0.999643	-0.000159487	0.0267326	-0.000768043	0.999398	0.0346828	-0.026722	-0.0346909	0.999041	-0.687227	-0.14175	63.9288	
0.999618	-0.000191911	0.0276247	-0.000855906	0.999281	0.0379136	-0.0276121	-0.0379228	0.998899	-0.711691	-0.174445	64.8284	
0.999593	-0.000227156	0.0285151	-0.000946647	0.999153	0.0411441	-0.0285002	-0.0411543	0.998746	-0.736956	-0.210049	65.7278	
0.999568	-0.000265209	0.0294036	-0.00104026	0.999014	0.0443741	-0.0293864	-0.0443855	0.998582	-0.763019	-0.248564	66.6271	
0.999541	-0.000306057	0.0302902	-0.00113674	0.998866	0.0476038	-0.0302704	-0.0476164	0.998407	-0.78988	-0.289988	67.5263	
0.999514	-0.000349686	0.0311749	-0.00123608	0.998706	0.0508329	-0.0311524	-0.0508468	0.99822	-0.817536	-0.334321	68.4253	
0.999486	-0.00039608	0.0320576	-0.00133827	0.998537	0.0540616	-0.0320321	-0.0540767	0.998023	-0.845985	-0.381564	69.3241	
0.999457	-0.000445226	0.0329382	-0.00144331	0.998357	0.0572897	-0.0329096	-0.0573062	0.997814	-0.875225	-0.431714	70.2227	
0.999428	-0.000497106	0.0338167	-0.00155119	0.998166	0.0605173	-0.0337848	-0.0605351	0.997594	-0.905254	-0.484772	71.1212	
0.999265	-0.000821032	0.0383303	-0.00234569	0.996588	0.0824985	-0.0382673	-0.0825278	0.995854	-0.937697	-0.54919	72.0188	
0.999081	-0.00124446	0.0428349	-0.00323883	0.994526	0.104436	-0.0427304	-0.104479	0.993609	-0.974168	-0.633393	72.9146	
0.998878	-0.00176716	0.0473282	-0.00423016	0.991981	0.126318	-0.0471719	-0.126376	0.99086	-1.01465	-0.737341	73.8081	
0.998654	-0.00238889	0.0518079	-0.00531917	0.988953	0.148134	-0.0515894	-0.14821	0.987609	-1.05912	-0.860979	74.699	
0.998411	-0.00310931	0.0562717	-0.00650532	0.985445	0.169873	-0.0559809	-0.169969	0.983858	-1.10755	-1.00425	75.5867	
0.998147	-0.00392808	0.0607174	-0.007788	0.981457	0.191523	-0.0603439	-0.191641	0.979608	-1.15993	-1.16707	76.4707	
0.997864	-0.00484477	0.0651428	-0.00916656	0.976993	0.213075	-0.0646763	-0.213217	0.974862	-1.21622	-1.34937	77.3508	
0.997562	-0.00585891	0.0695455	-0.0106403	0.972054	0.234516	-0.068976	-0.234684	0.969621	-1.2764	-1.55104	78.2263	
0.99724	-0.00697	0.0739234	-0.0122085	0.966643	0.255836	-0.0732407	-0.256033	0.96389	-1.34044	-1.772	79.0969	
0.996898	-0.00817748	0.0782743	-0.0138703	0.960763	0.277025	-0.0774683	-0.277251	0.957669	-1.4083	-2.01212	79.9622	
0.996538	-0.00948072	0.0825958	-0.0156249	0.954416	0.298071	-0.0816567	-0.298329	0.950964	-1.47995	-2.27129	80.8216	
0.996159	-0.0108791	0.0868859	-0.0174715	0.947606	0.318964	-0.0858036	-0.319256	0.943776	-1.55535	-2.54937	81.6747	
0.995761	-0.0123718	0.0911424	-0.019409	0.940336	0.339693	-0.0899071	-0.340022	0.93611	-1.63447	-2.84622	82.5212	
0.995345	-0.0139582	0.0953631	-0.0214365	0.932611	0.360247	-0.093965	-0.360614	0.92797	-1.71726	-3.1617	83.3605	
0.99491	-0.0156374	0.0995458	-0.023553	0.924433	0.380617	-0.0979753	-0.381025	0.919359	-1.80369	-3.49564	84.1923	
0.994457	-0.0174087	0.103689	-0.0257573	0.915807	0.400792	-0.101936	-0.401242	0.910283	-1.8937	-3.84787	85.0162	
0.993987	-0.019271	0.107789	-0.0280485	0.906737	0.420762	-0.105845	-0.421255	0.900745	-1.98726	-4.21822	85.8316	
0.993499	-0.0212234	0.111845	-0.0304252	0.897229	0.440516	-0.1097	-0.441055	0.89075	-2.08431	-4.60649	86.6383	
0.992994	-0.0232651	0.115856	-0.0328864	0.887286	0.460045	-0.1135	-0.460632	0.880304	-2.18481	-5.0125	87.4357	
0.992471	-0.0253948	0.119817	-0.0354307	0.876914	0.479339	-0.117242	-0.479975	0.869413	-2.28871	-5.43602	88.2236	
