1	0	0	0	1	0	0	0	1	0	0	0	
0.99999	-1.88009e-06	-0.0044282	-1.88009e-06	1	-0.000849142	0.0044282	0.000849142	0.99999	0.00175898	0.000337299	0.794442	
0.999961	-7.51954e-06	-0.00885647	-7.51738e-06	0.999999	-0.00169781	0.00885647	0.00169781	0.999959	0.00703595	0.00134901	1.58887	
0.999912	-1.69165e-05	-0.0132847	-1.69079e-05	0.999997	-0.00254599	0.0132847	0.00254599	0.999909	0.0158309	0.00303474	2.38326	
0.999843	-3.0069e-05	-0.0177129	-3.00475e-05	0.999994	-0.00339367	0.0177129	0.00339367	0.999837	0.0281439	0.00539411	3.17761	
0.999755	-4.6975e-05	-0.0221408	-4.6932e-05	0.999991	-0.00424082	0.0221408	0.00424081	0.999746	0.0439747	0.0084267	3.97189	
0.999647	-6.76326e-05	-0.0265685	-6.75572e-05	0.999987	-0.00508742	0.0265685	0.00508742	0.999634	0.0633231	0.0121321	4.76609	
0.99952	-9.20394e-05	-0.0309957	-9.19188e-05	0.999982	-0.00593347	0.0309957	0.00593347	0.999502	0.0861889	0.0165098	5.56019	
0.999372	-0.000120193	-0.0354225	-0.000120012	0.999977	-0.00677895	0.0354225	0.00677894	0.999349	0.112572	0.0215595	6.35418	
0.999206	-0.000152092	-0.0398488	-0.000151833	0.999971	-0.00762382	0.0398488	0.00762382	0.999177	0.142471	0.0272806	7.14804	
0.999019	-0.000187733	-0.0442744	-0.000187377	0.999964	-0.00846809	0.0442744	0.00846809	0.998984	0.175887	0.0336727	7.94175	
0.998813	-0.000227113	-0.0486992	-0.00022664	0.999957	-0.00931174	0.0486992	0.00931172	0.99877	0.212818	0.0407352	8.73531	
0.998588	-0.000270231	-0.0531232	-0.000269616	0.999948	-0.0101547	0.0531232	0.0101547	0.998536	0.253264	0.0484677	9.52868	
0.998343	-0.000317084	-0.0575463	-0.0003163	0.999939	-0.0109971	0.0575463	0.010997	0.998282	0.297225	0.0568697	10.3219	
0.998078	-0.000367668	-0.0619684	-0.000366689	0.99993	-0.0118387	0.0619684	0.0118387	0.998008	0.344699	0.0659406	11.1148	
0.997794	-0.000421982	-0.0663893	-0.000420776	0.99992	-0.0126797	0.0663893	0.0126796	0.997713	0.395685	0.0756798	11.9076	
0.99749	-0.000480021	-0.0708091	-0.000478558	0.999908	-0.0135199	0.0708091	0.0135199	0.997398	0.450184	0.0860869	12.7001	
0.997166	-0.000541784	-0.0752276	-0.000540028	0.999897	-0.0143594	0.0752276	0.0143594	0.997063	0.508193	0.0971612	13.4923	
0.996823	-0.000607267	-0.0796446	-0.000605182	0.999884	-0.0151982	0.0796447	0.0151981	0.996707	0.569712	0.108902	14.2843	
0.99646	-0.000676467	-0.0840603	-0.000674015	0.999871	-0.0160362	0.0840603	0.0160361	0.996332	0.634739	0.121309	15.076	
0.996078	-0.000749381	-0.0884743	-0.00074652	0.999857	-0.0168734	0.0884743	0.0168733	0.995936	0.703274	0.134381	15.8674	
0.995676	-0.000826006	-0.0928867	-0.000822693	0.999843	-0.0177099	0.0928868	0.0177097	0.995519	0.775315	0.148119	16.6584	
0.995255	-0.000906338	-0.0972974	-0.000902529	0.999828	-0.0185455	0.0972974	0.0185453	0.995083	0.85086	0.16252	17.4491	
0.994814	-0.000990373	-0.101706	-0.000986021	0.999812	-0.0193803	0.101706	0.01938	0.994626	0.929909	0.177585	18.2395	
0.994353	-0.00107811	-0.106113	-0.00107316	0.999795	-0.0202142	0.106113	0.0202139	0.994149	1.01246	0.193312	19.0295	
0.993873	-0.00116954	-0.110518	-0.00116395	0.999778	-0.0210473	0.110518	0.021047	0.993651	1.09851	0.209702	19.8191	
0.993374	-0.00126467	-0.114921	-0.00125838	0.99976	-0.0218795	0.114921	0.0218791	0.993134	1.18806	0.226753	20.6083	
0.992855	-0.00136348	-0.119321	-0.00135644	0.999741	-0.0227108	0.119321	0.0227103	0.992596	1.28111	0.244465	21.397	
0.992316	-0.00146598	-0.12372	-0.00145813	0.999722	-0.0235411	0.12372	0.0235406	0.992038	1.37765	0.262837	22.1854	
0.991758	-0.00157216	-0.128116	-0.00156344	0.999702	-0.0243706	0.128116	0.02437	0.99146	1.47768	0.281868	22.9733	
0.99118	-0.00168202	-0.132509	-0.00167237	0.999681	-0.0251991	0.132509	0.0251984	0.990861	1.58121	0.301558	23.7607	
0.990583	-0.00179556	-0.1369	-0.0017849	0.99966	-0.0260266	0.1369	0.0260259	0.990243	1.68822	0.321906	24.5476	
0.989967	-0.00191276	-0.141288	-0.00190104	0.999638	-0.0268532	0.141288	0.0268523	0.989604	1.79873	0.34291	25.3341	
0.989331	-0.00203363	-0.145674	-0.00202078	0.999615	-0.0276787	0.145674	0.0276778	0.988945	1.91272	0.364571	26.12	
0.988675	-0.00215816	-0.150056	-0.00214411	0.999591	-0.0285033	0.150057	0.0285022	0.988266	2.03019	0.386887	26.9054	
0.988	-0.00228634	-0.154436	-0.00227102	0.999567	-0.0293268	0.154436	0.0293256	0.987567	2.15114	0.409857	27.6902	
0.987306	-0.00241818	-0.158813	-0.00240151	0.999543	-0.0301493	0.158813	0.0301479	0.986848	2.27557	0.433482	28.4745	
0.986592	-0.00255366	-0.163187	-0.00253557	0.999517	-0.0309707	0.163187	0.0309692	0.986109	2.40347	0.457759	29.2582	
0.985859	-0.00269279	-0.167557	-0.00267319	0.999491	-0.031791	0.167557	0.0317894	0.98535	2.53485	0.482688	30.0413	
0.985106	-0.00283556	-0.171924	-0.00281437	0.999464	-0.0326102	0.171925	0.0326084	0.98457	2.6697	0.508268	30.8238	
0.984334	-0.00298196	-0.176288	-0.00295911	0.999437	-0.0334284	0.176289	0.0334263	0.983771	2.80802	0.534499	31.6057	
0.983543	-0.00313199	-0.180649	-0.00310738	0.999409	-0.0342454	0.180649	0.0342431	0.982951	2.94981	0.561378	32.3869	
0.982732	-0.00328564	-0.185005	-0.0032592	0.99938	-0.0350612	0.185006	0.0350588	0.982112	3.09505	0.588907	33.1675	
0.981902	-0.00344291	-0.189359	-0.00341454	0.99935	-0.0358759	0.189359	0.0358732	0.981252	3.24376	0.617083	33.9474	
0.981053	-0.0036038	-0.193708	-0.00357341	0.99932	-0.0366895	0.193709	0.0366865	0.980373	3.39592	0.645905	34.7266	
0.980184	-0.00376829	-0.198054	-0.00373579	0.99929	-0.0375018	0.198054	0.0374986	0.979473	3.55154	0.675373	35.5051	
0.979296	-0.00393639	-0.202396	-0.00390168	0.999258	-0.0383129	0.202396	0.0383094	0.978554	3.71061	0.705486	36.2829	
0.978389	-0.00410809	-0.206733	-0.00407107	0.999226	-0.0391229	0.206734	0.039119	0.977615	3.87312	0.736242	37.0599	
0.977462	-0.00428337	-0.211067	-0.00424396	0.999193	-0.0399315	0.211068	0.0399273	0.976656	4.03908	0.767641	37.8362	
0.976516	-0.00446225	-0.215396	-0.00442033	0.99916	-0.040739	0.215397	0.0407344	0.975677	4.20848	0.799682	38.6117	
0.975552	-0.00464471	-0.219722	-0.00460018	0.999126	-0.0415451	0.219723	0.0415402	0.974678	4.38132	0.832363	39.3864	
0.974567	-0.00483074	-0.224043	-0.0047835	0.999091	-0.04235	0.224044	0.0423446	0.973659	4.5576	0.865684	40.1603	
0.973564	-0.00502035	-0.228359	-0.00497029	0.999056	-0.0431536	0.22836	0.0431478	0.97262	4.7373	0.899643	40.9334	
0.972542	-0.00521352	-0.232671	-0.00516053	0.99902	-0.0439558	0.232672	0.0439496	0.971562	4.92044	0.93424	41.7057	
0.9715	-0.00541025	-0.236978	-0.00535422	0.998984	-0.0447567	0.23698	0.04475	0.970483	5.10699	0.969474	42.4771	
0.971126	-0.00548074	-0.238502	-0.00541544	0.998972	-0.0450066	0.238504	0.0449987	0.970098	5.29587	1.00512	43.248	
0.970751	-0.00555162	-0.240026	-0.00547689	0.99896	-0.0452557	0.240028	0.0452466	0.969711	5.48595	1.04097	44.0185	
0.970372	-0.0056229	-0.241549	-0.00553859	0.998949	-0.0455041	0.241551	0.0454938	0.969321	5.67724	1.07702	44.7888	
0.969992	-0.00569458	-0.243072	-0.00560054	0.998937	-0.0457519	0.243074	0.0457402	0.968929	5.86975	1.11326	45.5587	
0.969608	-0.00576665	-0.244594	-0.00566272	0.998925	-0.0459989	0.244597	0.045986	0.968534	6.06346	1.14969	46.3283	
0.969223	-0.00583911	-0.246116	-0.00572514	0.998914	-0.0462453	0.246119	0.046231	0.968136	6.25838	1.18632	47.0976	
0.968835	-0.00591196	-0.247637	-0.00578781	0.998902	-0.046491	0.24764	0.0464753	0.967737	6.45452	1.22315	47.8665	
0.968444	-0.00598521	-0.249158	-0.00585071	0.99889	-0.046736	0.249161	0.0467189	0.967334	6.65186	1.26017	48.6352	
0.968051	-0.00605884	-0.250679	-0.00591386	0.998878	-0.0469803	0.250682	0.0469618	0.96693	6.85041	1.29738	49.4035	
0.967656	-0.00613286	-0.252198	-0.00597724	0.998866	-0.047224	0.252202	0.047204	0.966523	7.05016	1.33478	50.1715	
0.967258	-0.00620727	-0.253718	-0.00604085	0.998855	-0.047467	0.253722	0.0474455	0.966113	7.25113	1.37238	50.9392	
0.966858	-0.00628207	-0.255237	-0.00610471	0.998843	-0.0477094	0.255241	0.0476864	0.965701	7.4533	1.41017	51.7066	
0.966456	-0.00635725	-0.256755	-0.0061688	0.998831	-0.0479511	0.25676	0.0479265	0.965286	7.65668	1.44815	52.4736	
0.966051	-0.00643281	-0.258273	-0.00623313	0.998819	-0.0481922	0.258278	0.0481659	0.964869	7.86126	1.48632	53.2403	
0.965643	-0.00650876	-0.25979	-0.0062977	0.998807	-0.0484326	0.259795	0.0484047	0.96445	8.06705	1.52468	54.0067	
0.965233	-0.00658509	-0.261307	-0.0063625	0.998795	-0.0486725	0.261312	0.0486428	0.964028	8.27405	1.56323	54.7727	
0.964821	-0.0066618	-0.262823	-0.00642754	0.998782	-0.0489116	0.262829	0.0488803	0.963603	8.48225	1.60197	55.5384	
0.964406	-0.00673888	-0.264339	-0.00649281	0.99877	-0.0491502	0.264345	0.0491171	0.963177	8.69165	1.64089	56.3038	
0.963989	-0.00681635	-0.265854	-0.00655832	0.998758	-0.0493882	0.26586	0.0493532	0.962747	8.90226	1.68001	57.0688	
0.96357	-0.0068942	-0.267369	-0.00662406	0.998746	-0.0496255	0.267375	0.0495887	0.962316	9.11407	1.71931	57.8335	
0.963148	-0.00697242	-0.268883	-0.00669004	0.998734	-0.0498622	0.26889	0.0498235	0.961881	9.32709	1.7588	58.5978	
0.962723	-0.00705102	-0.270396	-0.00675625	0.998721	-0.0500984	0.270404	0.0500577	0.961445	9.54131	1.79847	59.3618	
0.962297	-0.00712999	-0.271909	-0.0068227	0.998709	-0.0503339	0.271917	0.0502913	0.961006	9.75673	1.83833	60.1254	
0.961867	-0.00720934	-0.273421	-0.00688939	0.998697	-0.0505689	0.27343	0.0505243	0.960564	9.97336	1.87838	60.8887	
0.961436	-0.00728905	-0.274933	-0.0069563	0.998684	-0.0508033	0.274942	0.0507566	0.96012	10.1912	1.91861	61.6517	
0.961002	-0.00736914	-0.276444	-0.00702346	0.998672	-0.0510371	0.276453	0.0509883	0.959674	10.4102	1.95903	62.4142	
0.960565	-0.00744961	-0.277955	-0.00709085	0.99866	-0.0512703	0.277964	0.0512194	0.959225	10.6304	1.99963	63.1765	
0.960126	-0.00753044	-0.279465	-0.00715847	0.998647	-0.051503	0.279475	0.0514499	0.958774	10.8519	2.04041	63.9383	
0.959685	-0.00761163	-0.280974	-0.00722633	0.998635	-0.0517351	0.280985	0.0516799	0.95832	11.0745	2.08137	64.6999	
0.959241	-0.0076932	-0.282483	-0.00729443	0.998622	-0.0519667	0.282494	0.0519092	0.957864	11.2983	2.12252	65.461	
0.958795	-0.00777514	-0.283991	-0.00736276	0.99861	-0.0521977	0.284002	0.0521379	0.957405	11.5233	2.16385	66.2218	
0.958347	-0.00785743	-0.285499	-0.00743133	0.998597	-0.0524282	0.28551	0.0523661	0.956944	11.7496	2.20536	66.9822	
0.957896	-0.0079401	-0.287006	-0.00750014	0.998584	-0.0526582	0.287018	0.0525936	0.95648	11.977	2.24705	67.7423	
0.957443	-0.00802313	-0.288512	-0.00756918	0.998572	-0.0528876	0.288525	0.0528207	0.956014	12.2056	2.28893	68.502	
0.956987	-0.00810652	-0.290018	-0.00763847	0.998559	-0.0531165	0.290031	0.0530471	0.955546	12.4354	2.33098	69.2613	
0.956529	-0.00819027	-0.291523	-0.00770799	0.998546	-0.0533449	0.291536	0.053273	0.955075	12.6664	2.37321	70.0202	
0.962026	-0.00718874	-0.272863	-0.00661441	0.998746	-0.0496329	0.272877	0.049553	0.960772	12.8906	2.41406	70.7813	
0.967159	-0.00625987	-0.254095	-0.00559335	0.99893	-0.0458995	0.254111	0.0458134	0.96609	13.1	2.45194	71.5467	
0.971925	-0.00540402	-0.235227	-0.00464521	0.999101	-0.0421463	0.235244	0.0420557	0.971026	13.2944	2.48685	72.3162	
0.976323	-0.00462154	-0.216267	-0.00377036	0.999256	-0.0383746	0.216284	0.0382815	0.97558	13.4737	2.51876	73.0894	
0.980351	-0.00391272	-0.197222	-0.00296914	0.999397	-0.0345861	0.197239	0.0344921	0.979748	13.638	2.54767	73.8661	
0.984007	-0.00327785	-0.1781	-0.00224187	0.999524	-0.0307822	0.178116	0.0306892	0.983531	13.7871	2.57356	74.646	
0.98729	-0.00271718	-0.158908	-0.00158884	0.999635	-0.0269643	0.158923	0.0268741	0.986925	13.921	2.59643	75.4288	
0.990198	-0.00223093	-0.139653	-0.00101031	0.999732	-0.0231341	0.139667	0.0230484	0.98993	14.0396	2.61626	76.214	
0.992731	-0.0018193	-0.120344	-0.000506507	0.999814	-0.019293	0.120356	0.0192137	0.992545	14.1429	2.63305	77.0016	
