1	0	0	0	1	0	0	0	1	0	0	0	
1	2.08697e-08	-0.00018538	2.08697e-08	1	0.000225156	0.00018538	-0.000225156	1	7.888e-05	-9.58049e-05	0.85101	
1	8.30767e-08	-0.000369856	8.3085e-08	1	0.00044926	0.000369856	-0.00044926	1	0.000315136	-0.000382772	1.70202	
1	1.86018e-07	-0.000553424	1.86051e-07	1	0.000672305	0.000553424	-0.000672305	1	0.000707996	-0.000860004	2.55303	
1	3.29088e-07	-0.000736076	3.29171e-07	1	0.000894281	0.000736076	-0.000894281	0.999999	0.00125668	-0.00152659	3.40404	
1	5.11678e-07	-0.000917806	5.11843e-07	0.999999	0.00111518	0.000917806	-0.00111518	0.999999	0.00196042	-0.00238163	4.25505	
0.999999	7.33177e-07	-0.00109861	7.33464e-07	0.999999	0.001335	0.00109861	-0.001335	0.999999	0.00281841	-0.00342419	5.10606	
0.999999	9.92971e-07	-0.00127848	9.93428e-07	0.999999	0.00155372	0.00127848	-0.00155372	0.999998	0.00382987	-0.00465336	5.95707	
0.999999	1.29044e-06	-0.0014574	1.29113e-06	0.999998	0.00177135	0.0014574	-0.00177135	0.999997	0.004994	-0.0060682	6.80807	
0.999999	1.62498e-06	-0.00163538	1.62595e-06	0.999998	0.00198787	0.00163538	-0.00198787	0.999997	0.00631	-0.00766776	7.65908	
0.999998	1.99595e-06	-0.00181241	1.99728e-06	0.999998	0.00220327	0.00181241	-0.00220327	0.999996	0.00777705	-0.00945111	8.51009	
0.999998	2.40275e-06	-0.00198848	2.4045e-06	0.999997	0.00241755	0.00198848	-0.00241755	0.999995	0.00939435	-0.0114173	9.3611	
0.999998	2.84473e-06	-0.00216358	2.84701e-06	0.999997	0.00263069	0.00216358	-0.00263069	0.999994	0.0111611	-0.0135653	10.2121	
0.999997	3.32128e-06	-0.00233772	3.32416e-06	0.999996	0.0028427	0.00233772	-0.0028427	0.999993	0.0130764	-0.0158943	11.0631	
0.999997	3.83178e-06	-0.00251087	3.83536e-06	0.999995	0.00305356	0.00251087	-0.00305356	0.999992	0.0151395	-0.0184032	11.9141	
0.999996	4.37558e-06	-0.00268305	4.37996e-06	0.999995	0.00326327	0.00268305	-0.00326327	0.999991	0.0173495	-0.021091	12.7651	
0.999996	4.95205e-06	-0.00285423	4.95735e-06	0.999994	0.00347181	0.00285423	-0.00347181	0.99999	0.0197057	-0.0239568	13.6161	
0.999995	5.56058e-06	-0.00302442	5.5669e-06	0.999993	0.00367919	0.00302442	-0.00367919	0.999989	0.0222071	-0.0269996	14.4671	
0.999995	6.20051e-06	-0.00319361	6.20797e-06	0.999992	0.00388538	0.00319361	-0.00388538	0.999987	0.0248529	-0.0302184	15.3181	
0.999994	6.87122e-06	-0.0033618	6.87995e-06	0.999992	0.00409039	0.0033618	-0.00409039	0.999986	0.0276422	-0.0336121	16.1691	
0.999994	7.57207e-06	-0.00352897	7.5822e-06	0.999991	0.00429421	0.00352897	-0.00429421	0.999985	0.0305743	-0.0371798	17.0201	
0.999993	8.30242e-06	-0.00369512	8.31409e-06	0.99999	0.00449683	0.00369512	-0.00449684	0.999983	0.0336482	-0.0409204	17.8711	
0.999993	9.06163e-06	-0.00386026	9.07498e-06	0.999989	0.00469825	0.00386026	-0.00469825	0.999982	0.036863	-0.044833	18.7221	
0.999992	9.84907e-06	-0.00402436	9.86423e-06	0.999988	0.00489845	0.00402436	-0.00489845	0.99998	0.040218	-0.0489164	19.5731	
0.999991	1.06641e-05	-0.00418743	1.06812e-05	0.999987	0.00509742	0.00418743	-0.00509742	0.999978	0.0437121	-0.0531697	20.4241	
0.999991	1.15061e-05	-0.00434946	1.15253e-05	0.999986	0.00529517	0.00434946	-0.00529517	0.999977	0.0473446	-0.0575918	21.2751	
0.99999	1.23743e-05	-0.00451044	1.23959e-05	0.999985	0.00549168	0.00451044	-0.00549168	0.999975	0.0511146	-0.0621817	22.1261	
0.999989	1.32683e-05	-0.00467037	1.32923e-05	0.999984	0.00568695	0.00467037	-0.00568695	0.999973	0.055021	-0.0669383	22.9771	
0.999988	1.41872e-05	-0.00482925	1.42138e-05	0.999983	0.00588097	0.00482925	-0.00588097	0.999971	0.0590632	-0.0718605	23.828	
0.999988	1.51306e-05	-0.00498706	1.516e-05	0.999982	0.00607373	0.00498706	-0.00607373	0.999969	0.0632401	-0.0769473	24.679	
0.999987	1.60976e-05	-0.00514381	1.613e-05	0.99998	0.00626522	0.00514381	-0.00626522	0.999967	0.0675508	-0.0821975	25.53	
0.999986	1.70878e-05	-0.00529948	1.71233e-05	0.999979	0.00645544	0.00529948	-0.00645544	0.999965	0.0719945	-0.0876102	26.381	
0.999985	1.81005e-05	-0.00545408	1.81392e-05	0.999978	0.00664439	0.00545408	-0.00664439	0.999963	0.0765702	-0.0931843	27.232	
0.999984	1.91349e-05	-0.0056076	1.91772e-05	0.999977	0.00683205	0.0056076	-0.00683205	0.999961	0.081277	-0.0989186	28.0829	
0.999983	2.01905e-05	-0.00576002	2.02365e-05	0.999975	0.00701841	0.00576002	-0.00701841	0.999959	0.0861139	-0.104812	28.9339	
0.999983	2.12667e-05	-0.00591135	2.13165e-05	0.999974	0.00720348	0.00591135	-0.00720348	0.999957	0.0910802	-0.110864	29.7849	
0.999982	2.23628e-05	-0.00606159	2.24167e-05	0.999973	0.00738724	0.00606159	-0.00738724	0.999954	0.0961747	-0.117072	30.6359	
0.999981	2.34781e-05	-0.00621072	2.35362e-05	0.999971	0.00756969	0.00621072	-0.00756969	0.999952	0.101397	-0.123436	31.4868	
0.99998	2.4612e-05	-0.00635874	2.46746e-05	0.99997	0.00775081	0.00635874	-0.00775082	0.99995	0.106745	-0.129955	32.3378	
0.999979	2.5764e-05	-0.00650565	2.58312e-05	0.999969	0.00793062	0.00650565	-0.00793062	0.999947	0.112219	-0.136628	33.1888	
0.999978	2.69333e-05	-0.00665144	2.70053e-05	0.999967	0.00810909	0.00665144	-0.00810909	0.999945	0.117817	-0.143453	34.0397	
0.999977	2.81193e-05	-0.00679611	2.81964e-05	0.999966	0.00828622	0.00679611	-0.00828622	0.999943	0.123539	-0.150429	34.8907	
0.999976	2.93214e-05	-0.00693965	2.94037e-05	0.999964	0.008462	0.00693965	-0.008462	0.99994	0.129384	-0.157555	35.7417	
0.999975	3.05389e-05	-0.00708206	3.06267e-05	0.999963	0.00863643	0.00708206	-0.00863643	0.999938	0.13535	-0.164831	36.5926	
0.999974	3.17713e-05	-0.00722333	3.18647e-05	0.999961	0.0088095	0.00722333	-0.0088095	0.999935	0.141437	-0.172254	37.4436	
0.999973	3.30178e-05	-0.00736345	3.31171e-05	0.99996	0.00898121	0.00736345	-0.00898121	0.999933	0.147644	-0.179824	38.2945	
0.999972	3.42779e-05	-0.00750243	3.43833e-05	0.999958	0.00915155	0.00750243	-0.00915155	0.99993	0.15397	-0.18754	39.1455	
0.999971	3.5551e-05	-0.00764026	3.56627e-05	0.999957	0.00932051	0.00764026	-0.00932051	0.999927	0.160413	-0.1954	39.9964	
0.99997	3.68364e-05	-0.00777693	3.69545e-05	0.999955	0.00948808	0.00777693	-0.00948808	0.999925	0.166973	-0.203403	40.8474	
0.999969	3.81335e-05	-0.00791244	3.82583e-05	0.999953	0.00965426	0.00791244	-0.00965426	0.999922	0.173649	-0.211548	41.6983	
0.999968	3.94417e-05	-0.00804679	3.95733e-05	0.999952	0.00981905	0.00804678	-0.00981905	0.999919	0.18044	-0.219834	42.5493	
0.999967	4.07603e-05	-0.00817996	4.08991e-05	0.99995	0.00998244	0.00817996	-0.00998244	0.999917	0.187344	-0.22826	43.4002	
0.999965	4.20888e-05	-0.00831196	4.22348e-05	0.999949	0.0101444	0.00831196	-0.0101444	0.999914	0.194361	-0.236824	44.2511	
0.999964	4.34265e-05	-0.00844278	4.35801e-05	0.999947	0.010305	0.00844278	-0.010305	0.999911	0.201491	-0.245525	45.1021	
0.999963	4.47728e-05	-0.00857242	4.49341e-05	0.999945	0.0104641	0.00857242	-0.0104641	0.999909	0.208731	-0.254362	45.953	
0.999962	4.61272e-05	-0.00870087	4.62964e-05	0.999944	0.0106218	0.00870087	-0.0106218	0.999906	0.216081	-0.263335	46.8039	
0.999961	4.7489e-05	-0.00882813	4.76663e-05	0.999942	0.0107781	0.00882813	-0.0107781	0.999903	0.223539	-0.27244	47.6549	
0.99996	4.88576e-05	-0.00895419	4.90432e-05	0.99994	0.010933	0.00895419	-0.010933	0.9999	0.231106	-0.281679	48.5058	
0.99997	3.73784e-05	-0.00775753	2.663e-05	0.999966	0.00825086	0.00775757	-0.00825082	0.999936	0.238217	-0.289841	49.3567	
0.999978	2.91032e-05	-0.00655985	7.41838e-06	0.999985	0.00556735	0.00655991	-0.00556728	0.999963	0.244309	-0.295721	50.2077	
0.999986	2.4039e-05	-0.00536122	-8.58518e-06	0.999996	0.00288253	0.00536127	-0.00288244	0.999981	0.249381	-0.299316	51.0587	
0.999991	2.21925e-05	-0.00416172	-2.13748e-05	1	0.000196504	0.00416173	-0.000196413	0.999991	0.253434	-0.300627	51.9097	
0.999996	2.35694e-05	-0.00296142	-3.09452e-05	0.999997	-0.00249062	0.00296135	0.0024907	0.999993	0.256464	-0.29965	52.7607	
0.999998	2.81751e-05	-0.00176038	-3.72913e-05	0.999987	-0.00517873	0.00176021	0.00517879	0.999985	0.258473	-0.296387	53.6117	
1	3.60143e-05	-0.000558685	-4.04088e-05	0.999969	-0.00786773	0.000558384	0.00786775	0.999969	0.25946	-0.290836	54.4627	
1	4.7091e-05	0.000643607	-4.02935e-05	0.999944	-0.0105575	-0.000644068	0.0105575	0.999944	0.259424	-0.282996	55.3137	
0.999998	6.14088e-05	0.00184642	-3.69421e-05	0.999912	-0.013248	-0.00184707	0.0132479	0.999911	0.258364	-0.272866	56.1646	
0.999995	7.89704e-05	0.00304968	-3.03515e-05	0.999873	-0.015939	-0.00305055	0.0159389	0.999868	0.25628	-0.260447	57.0155	
0.999991	9.97781e-05	0.00425332	-2.05192e-05	0.999826	-0.0186306	-0.00425444	0.0186303	0.999817	0.253171	-0.245738	57.8664	
0.999985	0.000123833	0.00545727	-7.44306e-06	0.999773	-0.0213225	-0.00545867	0.0213221	0.999758	0.249038	-0.228738	58.7172	
0.999978	0.000151138	0.00666145	8.87843e-06	0.999712	-0.0240146	-0.00666316	0.0240142	0.999689	0.24388	-0.209447	59.568	
0.999969	0.000181691	0.0078658	2.84464e-05	0.999643	-0.026707	-0.00786785	0.0267064	0.999612	0.237697	-0.187865	60.4187	
0.999959	0.000215493	0.00907024	5.12614e-05	0.999568	-0.0293993	-0.00907266	0.0293986	0.999527	0.230489	-0.163992	61.2694	
0.999947	0.000252543	0.0102747	7.73236e-05	0.999485	-0.0320917	-0.0102775	0.0320908	0.999432	0.222256	-0.137828	62.1199	
0.999934	0.00029284	0.0114791	0.000106633	0.999395	-0.0347839	-0.0114824	0.0347828	0.999329	0.212997	-0.109373	62.9704	
0.99992	0.000336382	0.0126834	0.000139188	0.999298	-0.0374758	-0.0126871	0.0374746	0.999217	0.202712	-0.078627	63.8208	
0.999903	0.000383165	0.0138875	0.000174988	0.999193	-0.0401674	-0.0138917	0.040166	0.999096	0.191403	-0.0455906	64.6711	
0.999886	0.000433187	0.0150914	0.00021403	0.999081	-0.0428585	-0.0150961	0.0428569	0.998967	0.179068	-0.0102639	65.5213	
0.999867	0.000486443	0.0162949	0.000256314	0.998962	-0.0455491	-0.0163001	0.0455472	0.998829	0.165709	0.0273525	66.3714	
0.999847	0.00054293	0.017498	0.000301835	0.998836	-0.048239	-0.0175038	0.0482369	0.998683	0.151325	0.0672582	67.2213	
0.999825	0.000602642	0.0187007	0.000350591	0.998702	-0.0509281	-0.0187071	0.0509258	0.998527	0.135917	0.109452	68.0711	
0.999802	0.000665574	0.0199028	0.000402577	0.998562	-0.0536164	-0.0199098	0.0536137	0.998363	0.119486	0.153935	68.9208	
0.999777	0.000731718	0.0211042	0.000457791	0.998414	-0.0563036	-0.021112	0.0563007	0.998191	0.102031	0.200704	69.7704	
0.999751	0.000801068	0.0223051	0.000516226	0.998258	-0.0589898	-0.0223135	0.0589866	0.998009	0.083553	0.249759	70.6198	
0.999723	0.000873617	0.0235051	0.000577878	0.998096	-0.0616748	-0.0235142	0.0616713	0.997819	0.0640531	0.3011	71.469	
0.999472	0.00151376	0.0324583	0.00111783	0.996721	-0.0809051	-0.0324744	0.0808987	0.996193	0.0402288	0.361766	72.3175	
0.99914	0.00232641	0.0413949	0.00183047	0.994976	-0.1001	-0.0414198	0.100089	0.994116	0.00878522	0.43878	73.1644	
0.998728	0.00331119	0.0503108	0.00271547	0.992861	-0.11925	-0.0503465	0.119235	0.991589	-0.0302633	0.532108	74.0094	
0.998236	0.00446765	0.0592021	0.00377242	0.990377	-0.138347	-0.0592504	0.138326	0.988613	-0.0768991	0.641705	74.852	
0.997664	0.00579528	0.0680645	0.00500086	0.987525	-0.157382	-0.0681275	0.157355	0.985189	-0.131101	0.767524	75.6919	
0.997013	0.00729346	0.0768943	0.00640021	0.984307	-0.176347	-0.0769738	0.176313	0.98132	-0.192845	0.909506	76.5287	
0.996282	0.00896153	0.0856873	0.00796986	0.980724	-0.195233	-0.0857852	0.19519	0.977006	-0.262102	1.06759	77.362	
0.995472	0.0107987	0.0944395	0.00970909	0.976778	-0.214032	-0.0945578	0.21398	0.972251	-0.338842	1.2417	78.1914	
0.994584	0.0128042	0.103147	0.0116171	0.972471	-0.232735	-0.103288	0.232673	0.967055	-0.423029	1.43176	79.0167	
0.993617	0.0149771	0.111806	0.0136931	0.967804	-0.251333	-0.111971	0.25126	0.961421	-0.514626	1.63768	79.8373	
0.992573	0.0173164	0.120413	0.015936	0.962779	-0.269818	-0.120603	0.269733	0.955353	-0.613591	1.85938	80.6529	
0.991451	0.019821	0.128963	0.0183449	0.9574	-0.288183	-0.129181	0.288085	0.948852	-0.719879	2.09674	81.4632	
0.990253	0.0224899	0.137452	0.0209187	0.951667	-0.306417	-0.1377	0.306306	0.941921	-0.833443	2.34967	82.2677	
0.988979	0.0253217	0.145878	0.0236563	0.945585	-0.324514	-0.146157	0.324388	0.934564	-0.95423	2.61804	83.0662	
0.987628	0.0283153	0.154235	0.0265563	0.939155	-0.342465	-0.154548	0.342324	0.926784	-1.08219	2.90174	83.8583	
