1	0	0	0	1	0	0	0	1	0	0	0	
0.999997	1.74958e-07	0.00245731	1.74958e-07	1	-0.000142398	-0.00245731	0.000142398	0.999997	-0.00123238	7.14149e-05	1.00303	
0.999988	7.02272e-07	0.00492082	7.03604e-07	1	-0.000285698	-0.00492082	0.000285698	0.999988	-0.00493262	0.000286112	2.00605	
0.999973	1.5859e-06	0.00739041	1.59124e-06	1	-0.000429895	-0.00739041	0.000429895	0.999973	-0.0111069	0.000644993	3.00906	
0.999951	2.82977e-06	0.00986597	2.84316e-06	1	-0.000574985	-0.00986597	0.000574985	0.999951	-0.0197612	0.00114896	4.01206	
0.999924	4.43776e-06	0.0123474	4.4646e-06	1	-0.000720964	-0.0123474	0.000720965	0.999924	-0.0309016	0.00179889	5.01502	
0.99989	6.41372e-06	0.0148345	6.4608e-06	1	-0.000867828	-0.0148345	0.000867828	0.99989	-0.0445337	0.0025957	6.01796	
0.99985	8.76145e-06	0.0173273	8.83696e-06	0.999999	-0.00101557	-0.0173273	0.00101557	0.999849	-0.0606634	0.00354025	7.02086	
0.999803	1.14847e-05	0.0198255	1.15982e-05	0.999999	-0.00116419	-0.0198255	0.00116419	0.999803	-0.079296	0.00463344	8.02372	
0.999751	1.45872e-05	0.0223291	1.47498e-05	0.999999	-0.00131368	-0.0223291	0.00131368	0.99975	-0.100437	0.00587613	9.02652	
0.999691	1.80726e-05	0.024838	1.82966e-05	0.999999	-0.00146403	-0.024838	0.00146404	0.99969	-0.124092	0.00726919	10.0293	
0.999626	2.19446e-05	0.027352	2.22439e-05	0.999999	-0.00161525	-0.027352	0.00161525	0.999625	-0.150266	0.0088135	11.032	
0.999554	2.62067e-05	0.0298709	2.65967e-05	0.999998	-0.00176732	-0.0298709	0.00176732	0.999552	-0.178964	0.0105099	12.0346	
0.999475	3.08625e-05	0.0323948	3.13599e-05	0.999998	-0.00192024	-0.0323948	0.00192025	0.999473	-0.210192	0.0123593	13.0371	
0.99939	3.59154e-05	0.0349235	3.65385e-05	0.999998	-0.00207401	-0.0349235	0.00207402	0.999388	-0.243953	0.0143625	14.0396	
0.999298	4.13689e-05	0.0374568	4.21375e-05	0.999998	-0.00222861	-0.0374568	0.00222863	0.999296	-0.280253	0.0165203	15.042	
0.9992	4.72264e-05	0.0399946	4.81616e-05	0.999997	-0.00238406	-0.0399946	0.00238407	0.999197	-0.319096	0.0188337	16.0442	
0.999095	5.34913e-05	0.0425368	5.46158e-05	0.999997	-0.00254033	-0.0425368	0.00254035	0.999092	-0.360487	0.0213033	17.0464	
0.998983	6.01668e-05	0.0450833	6.15047e-05	0.999996	-0.00269742	-0.0450833	0.00269745	0.99898	-0.404429	0.0239302	18.0485	
0.998865	6.72562e-05	0.047634	6.88333e-05	0.999996	-0.00285534	-0.047634	0.00285537	0.998861	-0.450929	0.026715	19.0504	
0.99874	7.47626e-05	0.0501887	7.66062e-05	0.999995	-0.00301406	-0.0501887	0.00301411	0.998735	-0.499988	0.0296586	20.0522	
0.998608	8.26892e-05	0.0527473	8.48279e-05	0.999995	-0.00317359	-0.0527473	0.00317365	0.998603	-0.551612	0.0327619	21.0539	
0.998469	9.10392e-05	0.0553098	9.35032e-05	0.999994	-0.00333393	-0.0553098	0.003334	0.998464	-0.605804	0.0360256	22.0555	
0.998324	9.98154e-05	0.0578759	0.000102637	0.999994	-0.00349506	-0.0578759	0.00349514	0.998318	-0.662569	0.0394505	23.0569	
0.998171	0.000109021	0.0604455	0.000112233	0.999993	-0.00365697	-0.0604455	0.00365707	0.998165	-0.721909	0.0430374	24.0582	
0.998012	0.000118659	0.0630186	0.000122296	0.999993	-0.00381967	-0.0630186	0.00381979	0.998005	-0.783828	0.0467872	25.0593	
0.997846	0.000128731	0.065595	0.00013283	0.999992	-0.00398315	-0.065595	0.00398328	0.997838	-0.84833	0.0507006	26.0602	
0.997673	0.000139242	0.0681746	0.000143841	0.999991	-0.0041474	-0.0681746	0.00414755	0.997665	-0.915417	0.0547783	27.061	
0.997494	0.000150193	0.0707572	0.000155331	0.999991	-0.00431241	-0.0707572	0.00431259	0.997484	-0.985094	0.0590212	28.0616	
0.997307	0.000161588	0.0733428	0.000167306	0.99999	-0.00447817	-0.0733428	0.00447838	0.997297	-1.05736	0.06343	29.062	
0.997113	0.000173429	0.0759312	0.000179769	0.999989	-0.00464469	-0.0759312	0.00464493	0.997102	-1.13223	0.0680055	30.0622	
0.996912	0.000185718	0.0785223	0.000192725	0.999988	-0.00481195	-0.0785223	0.00481223	0.996901	-1.20969	0.0727484	31.0623	
0.996705	0.000198458	0.0811159	0.000206178	0.999988	-0.00497995	-0.0811159	0.00498027	0.996692	-1.28975	0.0776595	32.0621	
0.99649	0.000211651	0.0837121	0.000220131	0.999987	-0.00514868	-0.083712	0.00514904	0.996477	-1.37241	0.0827395	33.0617	
0.996268	0.000225301	0.0863105	0.000234589	0.999986	-0.00531814	-0.0863105	0.00531854	0.996254	-1.45768	0.0879891	34.0611	
0.99604	0.000239408	0.0889112	0.000249556	0.999985	-0.00548831	-0.0889111	0.00548876	0.996024	-1.54556	0.0934092	35.0602	
0.995804	0.000253976	0.0915139	0.000265035	0.999984	-0.00565919	-0.0915139	0.00565969	0.995788	-1.63604	0.0990003	36.0592	
0.995561	0.000269006	0.0941186	0.000281029	0.999983	-0.00583077	-0.0941186	0.00583134	0.995544	-1.72914	0.104763	37.0578	
0.995311	0.000284502	0.0967251	0.000297544	0.999982	-0.00600305	-0.0967251	0.00600368	0.995293	-1.82485	0.110699	38.0563	
0.995054	0.000300464	0.0993334	0.000314582	0.999981	-0.00617601	-0.0993333	0.00617671	0.995035	-1.92318	0.116807	39.0545	
0.99479	0.000316894	0.101943	0.000332147	0.99998	-0.00634966	-0.101943	0.00635044	0.99477	-2.02412	0.12309	40.0524	
0.994519	0.000333796	0.104555	0.000350242	0.999979	-0.00652398	-0.104554	0.00652484	0.994498	-2.12768	0.129547	41.05	
0.994241	0.00035117	0.107167	0.000368872	0.999977	-0.00669896	-0.107167	0.00669991	0.994218	-2.23386	0.136179	42.0474	
0.993956	0.000369018	0.109781	0.000388038	0.999976	-0.0068746	-0.109781	0.00687565	0.993932	-2.34267	0.142988	43.0445	
0.993663	0.000387342	0.112396	0.000407744	0.999975	-0.0070509	-0.112396	0.00705205	0.993638	-2.45409	0.149973	44.0413	
0.993364	0.000406144	0.115012	0.000427994	0.999974	-0.00722783	-0.115012	0.00722909	0.993338	-2.56814	0.157135	45.0378	
0.993058	0.000425425	0.117629	0.000448791	0.999972	-0.0074054	-0.117629	0.00740678	0.99303	-2.68481	0.164475	46.034	
0.992744	0.000445187	0.120246	0.000470137	0.999971	-0.0075836	-0.120246	0.0075851	0.992715	-2.80411	0.171994	47.0299	
0.992423	0.000465432	0.122865	0.000492036	0.99997	-0.00776241	-0.122865	0.00776405	0.992393	-2.92604	0.179692	48.0254	
0.992096	0.000486159	0.125483	0.000514491	0.999968	-0.00794184	-0.125483	0.00794362	0.992064	-3.05059	0.187569	49.0207	
0.991761	0.000507372	0.128102	0.000537504	0.999967	-0.00812186	-0.128102	0.0081238	0.991728	-3.17776	0.195627	50.0156	
0.991419	0.00052907	0.130722	0.000561077	0.999965	-0.00830249	-0.130722	0.00830459	0.991384	-3.30757	0.203866	51.0101	
0.99107	0.000551256	0.133341	0.000585215	0.999964	-0.00848369	-0.133341	0.00848597	0.991034	-3.44	0.212287	52.0043	
0.990714	0.00057393	0.135961	0.000609918	0.999962	-0.00866548	-0.13596	0.00866794	0.990676	-3.57506	0.22089	52.9982	
0.990351	0.000597094	0.13858	0.00063519	0.999961	-0.00884784	-0.13858	0.00885049	0.990312	-3.71274	0.229676	53.9917	
0.989981	0.000620747	0.141199	0.000661033	0.999959	-0.00903075	-0.141199	0.00903361	0.98994	-3.85306	0.238645	54.9848	
0.989604	0.000644891	0.143818	0.00068745	0.999957	-0.00921422	-0.143817	0.00921729	0.989561	-3.996	0.247798	55.9776	
0.98922	0.000669528	0.146436	0.000714441	0.999956	-0.00939823	-0.146436	0.00940154	0.989176	-4.14156	0.257136	56.9699	
0.988829	0.000694656	0.149053	0.000742011	0.999954	-0.00958277	-0.149053	0.00958632	0.988783	-4.28975	0.266658	57.9619	
0.988431	0.000720278	0.15167	0.00077016	0.999952	-0.00976785	-0.15167	0.00977165	0.988383	-4.44057	0.276367	58.9535	
0.988026	0.000746393	0.154286	0.00079889	0.99995	-0.00995343	-0.154286	0.00995751	0.987976	-4.59401	0.286261	59.9447	
0.987614	0.000773002	0.156902	0.000828204	0.999948	-0.0101395	-0.156901	0.0101439	0.987562	-4.75008	0.296342	60.9354	
0.987195	0.000800105	0.159516	0.000858104	0.999946	-0.0103261	-0.159515	0.0103308	0.987141	-4.90877	0.306611	61.9258	
0.986769	0.000827703	0.162128	0.00088859	0.999944	-0.0105132	-0.162128	0.0105182	0.986714	-5.07008	0.317067	62.9157	
0.986337	0.000855796	0.16474	0.000919664	0.999942	-0.0107008	-0.16474	0.0107061	0.986279	-5.23401	0.327711	63.9052	
0.986129	0.000871516	0.165979	0.00151597	0.999897	-0.014257	-0.165975	0.0143109	0.986026	-5.39986	0.340257	64.8943	
0.985919	0.000891784	0.167219	0.0021169	0.999839	-0.0178133	-0.167208	0.0179165	0.985759	-5.56696	0.35642	65.8832	
0.985708	0.000916604	0.16846	0.00272243	0.999768	-0.0213696	-0.16844	0.0215228	0.985477	-5.73529	0.376199	66.8718	
0.985495	0.000945972	0.1697	0.00333253	0.999684	-0.0249255	-0.16967	0.0251295	0.98518	-5.90486	0.399596	67.8601	
0.985281	0.000979884	0.170941	0.00394716	0.999587	-0.0284809	-0.170898	0.0287364	0.98487	-6.07566	0.426611	68.8481	
0.985065	0.00101833	0.17218	0.00456629	0.999476	-0.0320356	-0.172123	0.0323433	0.984544	-6.24769	0.457243	69.8358	
0.984848	0.0010613	0.173419	0.00518989	0.999353	-0.0355893	-0.173345	0.0359501	0.984205	-6.42095	0.491493	70.8232	
0.986437	0.000613017	0.16414	0.00910823	0.998248	-0.0584663	-0.163888	0.0591683	0.984703	-6.59008	0.539199	71.8107	
0.987937	-5.39381e-05	0.154859	0.0128056	0.996604	-0.0813476	-0.154328	0.0823493	0.984582	-6.74968	0.610176	72.7983	
0.989346	-0.000939148	0.145582	0.0162797	0.994421	-0.104219	-0.144672	0.105479	0.983842	-6.89964	0.70438	73.7856	
0.990663	-0.00204206	0.136315	0.0195284	0.991702	-0.127066	-0.134924	0.128542	0.982483	-7.03987	0.821751	74.7718	
0.991889	-0.00336197	0.127063	0.0225495	0.988448	-0.149874	-0.125092	0.151524	0.980506	-7.17028	0.962215	75.7563	
0.993021	-0.00489806	0.117834	0.0253413	0.984661	-0.172629	-0.115181	0.17441	0.977913	-7.29079	1.12568	76.7385	
0.99406	-0.00664935	0.108631	0.0279019	0.980343	-0.195317	-0.105197	0.197188	0.974705	-7.40132	1.31206	77.7178	
0.995004	-0.00861476	0.0994619	0.0302297	0.975498	-0.217923	-0.0951475	0.219841	0.970885	-7.5018	1.52121	78.6936	
0.995853	-0.010793	0.0903314	0.0323233	0.970127	-0.240433	-0.085038	0.242356	0.966453	-7.59217	1.75302	79.6653	
0.996607	-0.0131828	0.0812456	0.0341814	0.964236	-0.262833	-0.074875	0.264718	0.961415	-7.67237	2.00734	80.6322	
0.997265	-0.0157826	0.0722102	0.0358027	0.957826	-0.285109	-0.064665	0.286914	0.955771	-7.74236	2.28401	81.5938	
0.997826	-0.0185907	0.0632307	0.0371863	0.950903	-0.307247	-0.0544143	0.30893	0.949527	-7.80208	2.58285	82.5493	
0.99829	-0.0216055	0.054313	0.0383313	0.94347	-0.329233	-0.0441294	0.330752	0.942685	-7.8515	2.90368	83.4984	
0.998658	-0.0248249	0.0454625	0.0392369	0.935533	-0.351053	-0.0338168	0.352365	0.935251	-7.8906	3.24629	84.4402	
0.998928	-0.028247	0.0366848	0.0399027	0.927096	-0.372693	-0.0234829	0.373757	0.927229	-7.91934	3.61047	85.3743	
0.9991	-0.0318697	0.0279856	0.0403282	0.918165	-0.39414	-0.0131342	0.394914	0.918624	-7.9377	3.99599	86.3001	
0.999175	-0.0356906	0.0193701	0.040513	0.908745	-0.415381	-0.0027773	0.415823	0.909441	-7.94568	4.40261	87.217	
0.999153	-0.0397074	0.0108439	0.0404572	0.898842	-0.436401	0.00758138	0.43647	0.899687	-7.94327	4.83007	88.1243	
0.999032	-0.0439174	0.00241231	0.0401607	0.888463	-0.457188	0.0179353	0.456843	0.889367	-7.93047	5.2781	89.0216	
0.998814	-0.0483182	-0.00591936	0.0396238	0.877613	-0.477729	0.0282779	0.476928	0.878487	-7.9073	5.74643	89.9082	
0.998499	-0.0529068	-0.0141459	0.0388467	0.8663	-0.498011	0.0386028	0.496714	0.867055	-7.87375	6.23475	90.7837	
0.998087	-0.0576805	-0.0222621	0.03783	0.854531	-0.518021	0.0489034	0.516187	0.855078	-7.82986	6.74276	91.6474	
0.997577	-0.0626362	-0.0302629	0.0365742	0.842313	-0.537746	0.0591732	0.535336	0.842564	-7.77566	7.27014	92.4989	
0.996972	-0.0677708	-0.0381432	0.0350802	0.829655	-0.557174	0.0694058	0.554148	0.829519	-7.71117	7.81656	93.3375	
0.996269	-0.0730811	-0.0458981	0.033349	0.816563	-0.576293	0.0795948	0.572612	0.815953	-7.63644	8.38168	94.1628	
0.995471	-0.0785637	-0.0535227	0.0313815	0.803046	-0.59509	0.0897337	0.590716	0.801874	-7.55152	8.96514	94.9742	
0.994578	-0.0842152	-0.0610123	0.0291791	0.789113	-0.613555	0.0998163	0.608448	0.787291	-7.45645	9.56657	95.7712	
0.99359	-0.0900321	-0.068362	0.0267432	0.774772	-0.631675	0.109836	0.625798	0.772213	-7.3513	10.1856	96.5534	
