1	0	0	0	1	0	0	0	1	0	0	0	
1	8.24126e-08	0.000867052	8.24126e-08	1	-0.000190098	-0.000867052	0.000190098	1	-0.000421046	9.23129e-05	0.971212	
0.999998	3.30583e-07	0.0017368	3.30398e-07	1	-0.000380574	-0.0017368	0.000380574	0.999998	-0.00168549	0.000369435	1.94242	
0.999997	7.45845e-07	0.0026092	7.45103e-07	1	-0.000571418	-0.0026092	0.000571418	0.999996	-0.00379594	0.000831728	2.91363	
0.999994	1.3295e-06	0.00348422	1.32764e-06	1	-0.000762619	-0.00348422	0.000762619	0.999994	-0.00675494	0.00147954	3.88484	
0.99999	2.08283e-06	0.00436181	2.07909e-06	1	-0.000954167	-0.00436181	0.000954167	0.99999	-0.010565	0.00231323	4.85604	
0.999986	3.00707e-06	0.00524194	3.00052e-06	0.999999	-0.00114605	-0.00524194	0.00114605	0.999986	-0.0152287	0.00333311	5.82724	
0.999981	4.10344e-06	0.00612456	4.09293e-06	0.999999	-0.00133827	-0.00612456	0.00133827	0.99998	-0.0207483	0.00453951	6.79844	
0.999975	5.37314e-06	0.00700964	5.35732e-06	0.999999	-0.0015308	-0.00700964	0.0015308	0.999974	-0.0271264	0.00593274	7.76963	
0.999969	6.81731e-06	0.00789712	6.79465e-06	0.999999	-0.00172363	-0.00789712	0.00172363	0.999967	-0.0343652	0.00751311	8.74081	
0.999961	8.43709e-06	0.00878698	8.40585e-06	0.999998	-0.00191677	-0.00878698	0.00191677	0.99996	-0.0424671	0.00928091	9.71199	
0.999953	1.02336e-05	0.00967917	1.01918e-05	0.999998	-0.00211019	-0.00967917	0.00211019	0.999951	-0.0514343	0.0112364	10.6832	
0.999944	1.22078e-05	0.0105736	1.21534e-05	0.999997	-0.00230389	-0.0105736	0.00230389	0.999941	-0.0612692	0.0133799	11.6543	
0.999934	1.43609e-05	0.0114704	1.42914e-05	0.999997	-0.00249785	-0.0114704	0.00249785	0.999931	-0.0719739	0.0157117	12.6255	
0.999923	1.66937e-05	0.0123693	1.66066e-05	0.999996	-0.00269207	-0.0123693	0.00269207	0.99992	-0.0835506	0.0182319	13.5966	
0.999912	1.92074e-05	0.0132704	1.90999e-05	0.999996	-0.00288654	-0.0132704	0.00288654	0.999908	-0.0960014	0.0209409	14.5677	
0.9999	2.19027e-05	0.0141736	2.17719e-05	0.999995	-0.00308125	-0.0141736	0.00308125	0.999895	-0.109328	0.0238389	15.5389	
0.999886	2.47807e-05	0.0150789	2.46234e-05	0.999995	-0.00327618	-0.0150789	0.00327618	0.999881	-0.123534	0.0269261	16.51	
0.999872	2.78422e-05	0.0159862	2.76549e-05	0.999994	-0.00347133	-0.0159862	0.00347133	0.999866	-0.138619	0.0302028	17.481	
0.999857	3.10881e-05	0.0168956	3.08672e-05	0.999993	-0.00366668	-0.0168956	0.00366668	0.999851	-0.154587	0.033669	18.4521	
0.999841	3.45192e-05	0.0178069	3.42608e-05	0.999993	-0.00386224	-0.0178069	0.00386223	0.999834	-0.171438	0.0373251	19.4232	
0.999825	3.81362e-05	0.0187201	3.78363e-05	0.999992	-0.00405798	-0.0187201	0.00405797	0.999817	-0.189176	0.0411712	20.3942	
0.999807	4.19399e-05	0.0196351	4.15942e-05	0.999991	-0.00425389	-0.0196351	0.00425389	0.999798	-0.207802	0.0452075	21.3652	
0.999789	4.5931e-05	0.020552	4.55351e-05	0.99999	-0.00444998	-0.020552	0.00444997	0.999779	-0.227317	0.0494342	22.3363	
0.999769	5.01102e-05	0.0214707	4.96593e-05	0.999989	-0.00464622	-0.0214707	0.00464621	0.999759	-0.247723	0.0538513	23.3072	
0.999749	5.44782e-05	0.0223911	5.39674e-05	0.999988	-0.0048426	-0.0223912	0.0048426	0.999738	-0.269023	0.0584591	24.2782	
0.999728	5.90356e-05	0.0233133	5.84597e-05	0.999987	-0.00503913	-0.0233133	0.00503912	0.999716	-0.291217	0.0632578	25.2492	
0.999706	6.3783e-05	0.0242371	6.31365e-05	0.999986	-0.00523578	-0.0242371	0.00523577	0.999693	-0.314308	0.0682473	26.2201	
0.999683	6.87208e-05	0.0251625	6.79982e-05	0.999985	-0.00543255	-0.0251625	0.00543254	0.999669	-0.338297	0.0734279	27.191	
0.99966	7.38497e-05	0.0260895	7.30451e-05	0.999984	-0.00562943	-0.0260895	0.00562942	0.999644	-0.363185	0.0787997	28.1619	
0.999635	7.91701e-05	0.027018	7.82775e-05	0.999983	-0.00582641	-0.027018	0.00582639	0.999618	-0.388974	0.0843627	29.1327	
0.999609	8.46824e-05	0.027948	8.36956e-05	0.999982	-0.00602347	-0.027948	0.00602346	0.999591	-0.415666	0.090117	30.1035	
0.999583	9.03872e-05	0.0288794	8.92995e-05	0.999981	-0.00622061	-0.0288794	0.0062206	0.999564	-0.443262	0.0960628	31.0743	
0.999556	9.62846e-05	0.0298123	9.50894e-05	0.999979	-0.00641782	-0.0298123	0.0064178	0.999535	-0.471763	0.1022	32.0451	
0.999527	0.000102375	0.0307465	0.000101065	0.999978	-0.00661509	-0.0307465	0.00661507	0.999505	-0.50117	0.108529	33.0159	
0.999498	0.000108659	0.031682	0.000107228	0.999977	-0.00681241	-0.031682	0.00681239	0.999475	-0.531486	0.115049	33.9866	
0.999468	0.000115137	0.0326188	0.000113576	0.999975	-0.00700977	-0.0326188	0.00700974	0.999443	-0.562711	0.121762	34.9573	
0.999437	0.000121809	0.0335568	0.000120111	0.999974	-0.00720715	-0.0335568	0.00720713	0.999411	-0.594846	0.128665	35.9279	
0.999405	0.000128675	0.034496	0.000126832	0.999973	-0.00740456	-0.034496	0.00740453	0.999377	-0.627893	0.135761	36.8985	
0.999372	0.000135735	0.0354364	0.00013374	0.999971	-0.00760198	-0.0354364	0.00760194	0.999343	-0.661853	0.143048	37.8691	
0.999338	0.000142989	0.0363778	0.000140833	0.99997	-0.0077994	-0.0363778	0.00779936	0.999308	-0.696726	0.150527	38.8397	
0.999303	0.000150439	0.0373203	0.000148113	0.999968	-0.00799681	-0.0373203	0.00799676	0.999271	-0.732514	0.158198	39.8102	
0.999268	0.000158083	0.0382638	0.000155578	0.999966	-0.0081942	-0.0382638	0.00819415	0.999234	-0.769218	0.16606	40.7807	
0.999231	0.000165921	0.0392083	0.000163229	0.999965	-0.00839156	-0.0392083	0.00839151	0.999196	-0.806839	0.174114	41.7512	
0.999193	0.000173954	0.0401537	0.000171065	0.999963	-0.00858888	-0.0401537	0.00858882	0.999157	-0.845378	0.18236	42.7216	
0.999155	0.000182182	0.0411	0.000179087	0.999961	-0.00878616	-0.0411	0.0087861	0.999116	-0.884835	0.190797	43.6919	
0.999116	0.000190605	0.0420471	0.000187294	0.99996	-0.00898338	-0.0420471	0.00898331	0.999075	-0.925212	0.199426	44.6623	
0.999075	0.000199222	0.042995	0.000195685	0.999958	-0.00918053	-0.0429951	0.00918046	0.999033	-0.966509	0.208247	45.6326	
0.999034	0.000208033	0.0439437	0.00020426	0.999956	-0.00937761	-0.0439437	0.00937753	0.99899	-1.00873	0.217259	46.6028	
0.998992	0.000217039	0.0448931	0.000213019	0.999954	-0.00957461	-0.0448931	0.00957452	0.998946	-1.05187	0.226462	47.573	
0.998949	0.000226239	0.0458431	0.000221962	0.999952	-0.00977151	-0.0458432	0.00977141	0.998901	-1.09593	0.235856	48.5432	
0.998905	0.000235632	0.0467938	0.000231088	0.99995	-0.0099683	-0.0467938	0.00996819	0.998855	-1.14091	0.245442	49.5133	
0.99886	0.000245219	0.047745	0.000240395	0.999948	-0.010165	-0.0477451	0.0101649	0.998808	-1.18682	0.255219	50.4834	
0.998814	0.000254999	0.0486968	0.000249885	0.999946	-0.0103615	-0.0486968	0.0103614	0.99876	-1.23366	0.265186	51.4534	
0.998767	0.000264972	0.0496491	0.000259556	0.999944	-0.010558	-0.0496491	0.0105578	0.998711	-1.28141	0.275345	52.4234	
0.998719	0.000275137	0.0506018	0.000269408	0.999942	-0.0107543	-0.0506018	0.0107541	0.998661	-1.3301	0.285694	53.3933	
0.99867	0.000285494	0.0515548	0.00027944	0.99994	-0.0109504	-0.0515549	0.0109502	0.99861	-1.3797	0.296234	54.3632	
0.99862	0.000296043	0.0525083	0.000289652	0.999938	-0.0111464	-0.0525083	0.0111462	0.998558	-1.43024	0.306964	55.3331	
0.99857	0.000306783	0.0534621	0.000300042	0.999936	-0.0113422	-0.0534621	0.011342	0.998505	-1.4817	0.317884	56.3029	
0.998518	0.000317714	0.0544161	0.00031061	0.999933	-0.0115378	-0.0544161	0.0115376	0.998452	-1.53408	0.328995	57.2726	
0.998466	0.000328834	0.0553703	0.000321356	0.999931	-0.0117333	-0.0553704	0.011733	0.998397	-1.5874	0.340295	58.2423	
0.998412	0.000340144	0.0563248	0.000332278	0.999929	-0.0119285	-0.0563248	0.0119283	0.998341	-1.64164	0.351785	59.2119	
0.998358	0.000351643	0.0572794	0.000343375	0.999926	-0.0121235	-0.0572794	0.0121233	0.998285	-1.6968	0.363465	60.1815	
0.99849	0.000324436	0.0549283	0.000279388	0.99994	-0.0109849	-0.0549286	0.0109837	0.99843	-1.75129	0.374686	61.1511	
0.998617	0.000299918	0.0525774	0.000218063	0.999952	-0.00984576	-0.0525778	0.00984361	0.998568	-1.8035	0.3848	62.1208	
0.998738	0.00027809	0.0502268	0.000159406	0.999962	-0.00870618	-0.0502273	0.0087032	0.9987	-1.85342	0.393806	63.0907	
0.998853	0.000258952	0.0478766	0.000103418	0.999971	-0.0075662	-0.0478772	0.00756247	0.998825	-1.90106	0.401705	64.0607	
0.998963	0.000242505	0.0455269	5.01022e-05	0.999979	-0.00642587	-0.0455275	0.00642149	0.998942	-1.94642	0.408496	65.0309	
0.999067	0.000228747	0.0431779	-5.38691e-07	0.999986	-0.00528525	-0.0431785	0.00528029	0.999053	-1.98949	0.414178	66.0011	
0.999166	0.000217677	0.0408295	-4.85031e-05	0.999991	-0.00414438	-0.0408301	0.00413894	0.999158	-2.03029	0.418752	66.9715	
0.999259	0.000209295	0.0384821	-9.37897e-05	0.999995	-0.00300331	-0.0384826	0.00299747	0.999255	-2.0688	0.422218	67.9419	
0.999347	0.000203597	0.0361357	-0.000136397	0.999998	-0.00186209	-0.036136	0.00185594	0.999345	-2.10504	0.424574	68.9124	
0.999429	0.000200581	0.0337904	-0.000176326	1	-0.000720773	-0.0337905	0.000714403	0.999429	-2.139	0.425823	69.883	
0.999505	0.000200244	0.0314463	-0.000213575	1	0.000420592	-0.0314462	-0.0004271	0.999505	-2.17068	0.425962	70.8537	
0.999576	0.000202582	0.0291035	-0.000248146	0.999999	0.00156196	-0.0291032	-0.00156852	0.999575	-2.20008	0.424993	71.8245	
0.999978	0.000340165	0.00659351	-0.000410375	0.999943	0.01065	-0.00658951	-0.0106525	0.999922	-2.21741	0.419058	72.7955	
0.999873	0.000682208	-0.0159177	-0.00036793	0.999805	0.0197386	0.015928	-0.0197302	0.999678	-2.21288	0.404303	73.7666	
0.999261	0.00122851	-0.0384168	-0.000120835	0.999585	0.0288222	0.0384362	-0.0287963	0.998846	-2.18648	0.380738	74.7371	
0.998142	0.00197875	-0.0608905	0.000330765	0.999282	0.0378956	0.0609217	-0.0378453	0.997425	-2.13823	0.348374	75.7066	
0.996518	0.00293249	-0.0833256	0.000986602	0.998897	0.0469534	0.0833713	-0.0468721	0.995416	-2.06815	0.307233	76.6744	
0.994389	0.00408916	-0.105709	0.00184629	0.99843	0.0559903	0.105772	-0.0558713	0.99282	-1.9763	0.257338	77.6399	
0.991756	0.00544808	-0.128027	0.00290932	0.997881	0.0650009	0.12811	-0.0648375	0.989638	-1.86272	0.198718	78.6027	
0.988621	0.00700845	-0.150267	0.00417507	0.997251	0.07398	0.150372	-0.0737655	0.985874	-1.72748	0.131408	79.562	
0.984985	0.00876935	-0.172416	0.0056428	0.99654	0.0829221	0.172546	-0.08265	0.981528	-1.57066	0.0554482	80.5175	
0.980852	0.0107297	-0.19446	0.00731163	0.995749	0.0918222	0.194619	-0.0914858	0.976603	-1.39235	-0.0291174	81.4684	
0.976223	0.0128885	-0.216387	0.00918058	0.994877	0.100675	0.216576	-0.100268	0.971103	-1.19267	-0.122239	82.4142	
0.9711	0.0152443	-0.238184	0.0112486	0.993926	0.109475	0.238406	-0.10899	0.96503	-0.971713	-0.22386	83.3545	
0.965488	0.0177957	-0.259837	0.0135143	0.992896	0.118217	0.260095	-0.117649	0.958389	-0.729626	-0.333923	84.2886	
0.95939	0.0205414	-0.281335	0.0159766	0.991787	0.126897	0.281631	-0.126238	0.951182	-0.466547	-0.452362	85.2159	
0.952808	0.0234796	-0.302664	0.0186338	0.990601	0.135508	0.303001	-0.134753	0.943415	-0.182632	-0.579107	86.136	
0.945747	0.0266086	-0.323812	0.0214845	0.989338	0.144046	0.324192	-0.143188	0.935092	0.121951	-0.714083	87.0482	
0.938211	0.0299266	-0.344766	0.024527	0.987998	0.152506	0.345193	-0.151539	0.926217	0.447025	-0.857211	87.9521	
0.930205	0.0334316	-0.365515	0.0277594	0.986583	0.160883	0.365989	-0.1598	0.916796	0.792396	-1.00841	88.8472	
0.921733	0.0371216	-0.386045	0.03118	0.985093	0.169171	0.38657	-0.167968	0.906835	1.15786	-1.16758	89.7328	
0.9128	0.0409943	-0.406345	0.0347865	0.98353	0.177367	0.406923	-0.176036	0.89634	1.54321	-1.33464	90.6084	
0.903411	0.0450475	-0.426402	0.038577	0.981893	0.185465	0.427036	-0.184001	0.885316	1.9482	-1.50948	91.4737	
0.893573	0.0492789	-0.446206	0.0425492	0.980185	0.193461	0.446898	-0.191857	0.87377	2.37261	-1.69201	92.3279	
0.88329	0.0536858	-0.465744	0.0467007	0.978406	0.201349	0.466496	-0.1996	0.861709	2.81618	-1.88211	93.1707	
0.872569	0.0582658	-0.485004	0.0510292	0.976557	0.209125	0.485819	-0.207225	0.849139	3.27865	-2.07968	94.0016	
0.861416	0.0630161	-0.503976	0.055532	0.974639	0.216784	0.504855	-0.214728	0.83607	3.75975	-2.28459	94.82	
