1	0	0	0	1	0	0	0	1	0	0	0	
0.999994	-3.18108e-06	0.00339128	-3.18108e-06	0.999998	0.00187603	-0.00339128	-0.00187603	0.999992	-0.00136508	-0.000755151	0.805048	
0.999977	-1.27325e-05	0.00678585	-1.27239e-05	0.999993	0.00375133	-0.00678585	-0.00375133	0.99997	-0.00546163	-0.00302031	1.61008	
0.999948	-2.86642e-05	0.0101836	-2.86295e-05	0.999984	0.00562586	-0.0101836	-0.00562586	0.999932	-0.0122923	-0.00679487	2.4151	
0.999908	-5.09855e-05	0.0135846	-5.08987e-05	0.999972	0.00749955	-0.0135846	-0.00749955	0.99988	-0.0218596	-0.0120782	3.22007	
0.999856	-7.97056e-05	0.0169885	-7.95319e-05	0.999956	0.00937236	-0.0169885	-0.00937236	0.999812	-0.0341661	-0.0188696	4.025	
0.999792	-0.000114833	0.0203954	-0.000114529	0.999937	0.0112442	-0.0203954	-0.0112442	0.999729	-0.0492141	-0.0271683	4.82987	
0.999717	-0.000156377	0.0238052	-0.00015589	0.999914	0.0131151	-0.0238052	-0.0131151	0.999631	-0.067006	-0.0369735	5.63466	
0.99963	-0.000204344	0.0272178	-0.000203613	0.999888	0.014985	-0.0272178	-0.014985	0.999517	-0.0875441	-0.0482846	6.43937	
0.999531	-0.000258743	0.0306331	-0.000257699	0.999858	0.0168538	-0.0306331	-0.0168538	0.999389	-0.110831	-0.0611005	7.24398	
0.99942	-0.000319581	0.034051	-0.000318144	0.999825	0.0187215	-0.034051	-0.0187214	0.999245	-0.136868	-0.0754204	8.04848	
0.999298	-0.000386864	0.0374714	-0.000384947	0.999788	0.0205879	-0.0374714	-0.0205879	0.999086	-0.165657	-0.0912435	8.85286	
0.999163	-0.0004606	0.0408943	-0.000458107	0.999748	0.0224532	-0.0408943	-0.0224531	0.998911	-0.197201	-0.108569	9.65711	
0.999017	-0.000540794	0.0443195	-0.000537619	0.999704	0.0243172	-0.0443195	-0.0243171	0.998721	-0.231502	-0.127395	10.4612	
0.998859	-0.000627452	0.047747	-0.000623482	0.999657	0.0261798	-0.047747	-0.0261797	0.998516	-0.268561	-0.147721	11.2651	
0.998689	-0.00072058	0.0511766	-0.000715691	0.999607	0.0280411	-0.0511767	-0.028041	0.998296	-0.308381	-0.169546	12.0689	
0.998508	-0.000820183	0.0546084	-0.000814243	0.999553	0.029901	-0.0546085	-0.0299008	0.99806	-0.350962	-0.192869	12.8725	
0.998314	-0.000926265	0.0580422	-0.000919134	0.999495	0.0317594	-0.0580423	-0.0317591	0.997809	-0.396307	-0.217689	13.6759	
0.998108	-0.00103883	0.0614779	-0.00103036	0.999434	0.0336162	-0.061478	-0.033616	0.997542	-0.444417	-0.244004	14.4791	
0.99789	-0.00115789	0.0649154	-0.00114791	0.99937	0.0354715	-0.0649156	-0.0354712	0.99726	-0.495293	-0.271814	15.282	
0.99766	-0.00128343	0.0683547	-0.00127179	0.999302	0.0373252	-0.0683549	-0.0373248	0.996963	-0.548938	-0.301116	16.0848	
0.997418	-0.00141547	0.0717957	-0.00140199	0.999231	0.0391772	-0.0717959	-0.0391768	0.99665	-0.605353	-0.33191	16.8872	
0.997164	-0.00155401	0.0752382	-0.0015385	0.999157	0.0410276	-0.0752385	-0.041027	0.996321	-0.664538	-0.364194	17.6895	
0.996898	-0.00169905	0.0786822	-0.00168132	0.999079	0.0428761	-0.0786826	-0.0428754	0.995977	-0.726495	-0.397967	18.4914	
0.99662	-0.00185059	0.0821276	-0.00183043	0.998998	0.0447229	-0.0821281	-0.044722	0.995618	-0.791225	-0.433227	19.2931	
0.99633	-0.00200864	0.0855744	-0.00198584	0.998913	0.0465678	-0.0855749	-0.0465668	0.995243	-0.85873	-0.469973	20.0944	
0.996027	-0.00217319	0.0890224	-0.00214753	0.998825	0.0484108	-0.089023	-0.0484096	0.994852	-0.92901	-0.508203	20.8955	
0.995713	-0.00234425	0.0924715	-0.0023155	0.998734	0.0502518	-0.0924722	-0.0502505	0.994446	-1.00207	-0.547917	21.6963	
0.995386	-0.00252182	0.0959217	-0.00248974	0.998639	0.0520909	-0.0959225	-0.0520894	0.994025	-1.0779	-0.589111	22.4967	
0.995047	-0.0027059	0.0993728	-0.00267025	0.998541	0.053928	-0.0993738	-0.0539262	0.993588	-1.15651	-0.631785	23.2967	
0.994695	-0.00289649	0.102825	-0.002857	0.99844	0.0557629	-0.102826	-0.0557609	0.993135	-1.2379	-0.675937	24.0964	
0.994332	-0.00309358	0.106278	-0.00305	0.998335	0.0575957	-0.106279	-0.0575934	0.992667	-1.32207	-0.721565	24.8958	
0.993956	-0.00329719	0.109731	-0.00324923	0.998227	0.0594264	-0.109733	-0.0594237	0.992183	-1.40902	-0.768667	25.6947	
0.993568	-0.0035073	0.113185	-0.00345468	0.998116	0.0612548	-0.113187	-0.0612518	0.991684	-1.49875	-0.817243	26.4933	
0.993167	-0.00372392	0.11664	-0.00366635	0.998002	0.063081	-0.116642	-0.0630776	0.991169	-1.59127	-0.867288	27.2914	
0.992755	-0.00394704	0.120095	-0.00388422	0.997884	0.0649048	-0.120097	-0.0649011	0.990638	-1.68656	-0.918803	28.0892	
0.992329	-0.00417666	0.123551	-0.00410828	0.997763	0.0667263	-0.123553	-0.0667221	0.990092	-1.78464	-0.971785	28.8865	
0.991892	-0.00441279	0.127007	-0.00433853	0.997639	0.0685454	-0.127009	-0.0685407	0.989531	-1.88549	-1.02623	29.6833	
0.991442	-0.00465541	0.130463	-0.00457494	0.997511	0.0703621	-0.130465	-0.0703568	0.988953	-1.98913	-1.08214	30.4797	
0.99098	-0.00490453	0.133919	-0.00481752	0.99738	0.0721763	-0.133922	-0.0721704	0.98836	-2.09556	-1.13951	31.2756	
0.990506	-0.00516014	0.137375	-0.00506623	0.997246	0.0739879	-0.137378	-0.0739814	0.987752	-2.20476	-1.19834	32.0711	
0.990019	-0.00542224	0.140831	-0.00532109	0.997109	0.075797	-0.140835	-0.0757898	0.987128	-2.31675	-1.25863	32.866	
0.98952	-0.00569082	0.144287	-0.00558206	0.996969	0.0776034	-0.144291	-0.0775955	0.986488	-2.43152	-1.32037	33.6604	
0.989008	-0.00596589	0.147742	-0.00584914	0.996825	0.0794072	-0.147747	-0.0793985	0.985833	-2.54907	-1.38356	34.4543	
0.988484	-0.00624743	0.151198	-0.00612232	0.996678	0.0812083	-0.151203	-0.0811987	0.985162	-2.66941	-1.44821	35.2477	
0.987947	-0.00653543	0.154652	-0.00640158	0.996528	0.0830066	-0.154658	-0.0829961	0.984476	-2.79252	-1.5143	36.0405	
0.987398	-0.00682991	0.158107	-0.0066869	0.996375	0.0848021	-0.158113	-0.0847907	0.983774	-2.91842	-1.58184	36.8328	
0.986837	-0.00713084	0.161561	-0.00697828	0.996219	0.0865948	-0.161567	-0.0865824	0.983056	-3.0471	-1.65082	37.6245	
0.986263	-0.00743823	0.165014	-0.00727569	0.99606	0.0883846	-0.165021	-0.0883711	0.982323	-3.17856	-1.72125	38.4156	
0.985677	-0.00775206	0.168466	-0.00757913	0.995897	0.0901715	-0.168474	-0.0901568	0.981574	-3.3128	-1.79311	39.2061	
0.985078	-0.00807234	0.171917	-0.00788857	0.995732	0.0919554	-0.171926	-0.0919395	0.98081	-3.44982	-1.86641	39.9961	
0.984467	-0.00839904	0.175368	-0.00820401	0.995563	0.0937364	-0.175377	-0.0937191	0.98003	-3.58962	-1.94114	40.7853	
0.983844	-0.00873218	0.178818	-0.00852542	0.995392	0.0955142	-0.178827	-0.0954956	0.979235	-3.7322	-2.0173	41.574	
0.983207	-0.00907173	0.182266	-0.00885279	0.995217	0.097289	-0.182277	-0.0972689	0.978424	-3.87755	-2.09489	42.362	
0.982559	-0.0094177	0.185713	-0.00918611	0.995039	0.0990607	-0.185725	-0.0990389	0.977598	-4.02568	-2.17391	43.1494	
0.981898	-0.00977007	0.189159	-0.00952535	0.994858	0.100829	-0.189172	-0.100806	0.976756	-4.17659	-2.25436	43.936	
0.981147	-0.010164	0.192997	-0.00931052	0.994971	0.0997315	-0.19304	-0.0996481	0.976118	-4.33044	-2.33504	44.7221	
0.980378	-0.0105544	0.196842	-0.00909127	0.995082	0.0986343	-0.196915	-0.0984884	0.975461	-4.4874	-2.4148	45.5077	
0.979593	-0.0109413	0.200695	-0.00886761	0.995192	0.0975375	-0.200798	-0.0973267	0.974786	-4.64749	-2.49362	46.2927	
0.978789	-0.0113246	0.204556	-0.00863952	0.995301	0.0964412	-0.204687	-0.0961629	0.974092	-4.81071	-2.5715	47.0772	
0.977969	-0.0117042	0.208423	-0.00840702	0.995409	0.0953456	-0.208582	-0.0949972	0.97338	-4.97706	-2.64845	47.8611	
0.97713	-0.0120801	0.212297	-0.00817009	0.995515	0.0942506	-0.212484	-0.0938296	0.972649	-5.14655	-2.72446	48.6444	
0.976275	-0.0124522	0.216177	-0.00792873	0.99562	0.0931563	-0.21639	-0.0926601	0.9719	-5.31918	-2.79953	49.4271	
0.975402	-0.0128204	0.220062	-0.00768295	0.995724	0.0920627	-0.220301	-0.0914888	0.971132	-5.49496	-2.87365	50.2093	
0.974511	-0.0131847	0.223953	-0.00743274	0.995826	0.0909698	-0.224217	-0.0903157	0.970345	-5.67389	-2.94683	50.9908	
0.973602	-0.013545	0.227848	-0.00717809	0.995927	0.0898778	-0.228137	-0.0891408	0.96954	-5.85598	-3.01907	51.7716	
0.972677	-0.0139014	0.231748	-0.00691902	0.996027	0.0887866	-0.232061	-0.0879641	0.968716	-6.04122	-3.09036	52.5518	
0.971733	-0.0142536	0.235651	-0.00665551	0.996125	0.0876963	-0.235988	-0.0867858	0.967873	-6.22962	-3.1607	53.3313	
0.970772	-0.0146017	0.239558	-0.00638757	0.996222	0.086607	-0.239917	-0.0856058	0.967012	-6.42119	-3.23009	54.1102	
0.969794	-0.0149456	0.243468	-0.00611519	0.996318	0.0855186	-0.243849	-0.0844242	0.966131	-6.61592	-3.29853	54.8883	
0.968798	-0.0152852	0.24738	-0.00583838	0.996412	0.0844311	-0.247783	-0.083241	0.965233	-6.81381	-3.36602	55.6657	
0.967784	-0.0156206	0.251295	-0.00555714	0.996505	0.0833447	-0.251719	-0.0820562	0.964316	-7.01487	-3.43256	56.4424	
0.966754	-0.0159516	0.255212	-0.00527147	0.996597	0.0822593	-0.255655	-0.0808699	0.96338	-7.2191	-3.49814	57.2184	
0.965705	-0.0162782	0.259129	-0.00498136	0.996687	0.081175	-0.259592	-0.079682	0.962425	-7.4265	-3.56277	57.9936	
0.96464	-0.0166004	0.263048	-0.00468683	0.996776	0.0800918	-0.26353	-0.0784926	0.961452	-7.63707	-3.62644	58.768	
0.963557	-0.0169181	0.266968	-0.00438786	0.996864	0.0790097	-0.267467	-0.0773018	0.960461	-7.85081	-3.68915	59.5416	
0.962457	-0.0172313	0.270887	-0.00408446	0.996951	0.0779288	-0.271404	-0.0761095	0.959452	-8.06772	-3.7509	60.3144	
0.96134	-0.0175399	0.274806	-0.00377664	0.997036	0.076849	-0.27534	-0.0749158	0.958424	-8.2878	-3.81169	61.0864	
0.960205	-0.017844	0.278725	-0.00346438	0.997119	0.0757704	-0.279274	-0.0737207	0.957377	-8.51105	-3.87152	61.8576	
0.959054	-0.0181433	0.282642	-0.00314771	0.997202	0.0746929	-0.283206	-0.0725242	0.956313	-8.73746	-3.93039	62.6279	
0.957886	-0.018438	0.286558	-0.00282661	0.997283	0.0736168	-0.287136	-0.0713264	0.95523	-8.96704	-3.98829	63.3973	
0.9567	-0.0187279	0.290472	-0.00250108	0.997362	0.0725418	-0.291064	-0.0701273	0.95413	-9.19978	-4.04523	64.1659	
0.955498	-0.0190131	0.294383	-0.00217114	0.997441	0.0714681	-0.294988	-0.0689268	0.953011	-9.43568	-4.1012	64.9336	
0.95428	-0.0192935	0.298292	-0.00183679	0.997517	0.0703957	-0.29891	-0.0677251	0.951875	-9.67474	-4.15621	65.7003	
0.953044	-0.0195691	0.302197	-0.00149802	0.997593	0.0693246	-0.302827	-0.0665221	0.950721	-9.91695	-4.21025	66.4662	
0.951793	-0.0198398	0.306099	-0.00115484	0.997667	0.0682547	-0.30674	-0.0653179	0.94955	-10.1623	-4.26332	67.2311	
0.950525	-0.0201057	0.309997	-0.000807259	0.99774	0.0671862	-0.310648	-0.0641124	0.94836	-10.4108	-4.31541	67.995	
0.949241	-0.0203666	0.313891	-0.000455273	0.997812	0.066119	-0.314551	-0.0629058	0.947154	-10.6625	-4.36654	68.758	
0.94794	-0.0206226	0.31778	-9.88878e-05	0.997882	0.0650532	-0.318448	-0.061698	0.94593	-10.9173	-4.4167	69.5201	
0.946624	-0.0208736	0.321664	0.000261891	0.997951	0.0639888	-0.32234	-0.060489	0.944689	-11.1752	-4.46588	70.2811	
0.945399	-0.0210647	0.325234	0.00666884	0.99895	0.0453148	-0.325847	-0.0406716	0.944547	-11.4361	-4.5066	71.0416	
0.944161	-0.021181	0.328804	0.0131438	0.999558	0.0266474	-0.329223	-0.0208377	0.944022	-11.6998	-4.53136	71.8018	
0.94291	-0.0212223	0.33237	0.0196842	0.999774	0.00799414	-0.332465	-0.000995311	0.943115	-11.9662	-4.54015	72.5614	
0.941648	-0.0211885	0.335933	0.0262874	0.999598	-0.0106374	-0.335572	0.0188475	0.941826	-12.2351	-4.53297	73.3202	
0.940374	-0.0210798	0.339489	0.0329506	0.999029	-0.0292397	-0.338544	0.0386826	0.940155	-12.5065	-4.50981	74.0778	
0.939089	-0.0208961	0.343039	0.0396712	0.998069	-0.0478051	-0.341378	0.058502	0.938104	-12.7802	-4.47069	74.8338	
0.937793	-0.0206376	0.346581	0.0464465	0.996716	-0.0663263	-0.344074	0.0782978	0.935672	-13.0561	-4.41562	75.5881	
0.936488	-0.0203043	0.350112	0.0532737	0.994973	-0.0847957	-0.34663	0.0980619	0.932862	-13.3341	-4.34463	76.3403	
0.935173	-0.0198963	0.353632	0.0601501	0.99284	-0.103206	-0.349047	0.117786	0.929674	-13.6141	-4.25774	77.09	
0.933849	-0.0194139	0.35714	0.0670728	0.990317	-0.121549	-0.351321	0.137463	0.926109	-13.8961	-4.15499	77.837	
