1	0	0	0	1	0	0	0	1	0	0	0	
0.999989	-6.65218e-06	-0.00471649	-6.65218e-06	0.999996	-0.0028208	0.00471649	0.0028208	0.999985	0.00254882	0.00152437	1.0808	
0.999955	-2.66309e-05	-0.00943822	-2.66151e-05	0.999984	-0.00564137	0.00943822	0.00564137	0.99994	0.0101981	0.00609737	2.16157	
0.9999	-5.99648e-05	-0.014165	-5.99015e-05	0.999964	-0.00846159	0.014165	0.00846159	0.999864	0.0229534	0.0137187	3.24228	
0.999821	-0.000106681	-0.0188965	-0.000106523	0.999936	-0.0112813	0.0188965	0.0112813	0.999758	0.04082	0.0243879	4.32288	
0.999721	-0.000166806	-0.0236327	-0.000166489	0.999901	-0.0141005	0.0236327	0.0141005	0.999621	0.0638031	0.0381043	5.40336	
0.999597	-0.000240365	-0.0283733	-0.00023981	0.999857	-0.0169189	0.0283733	0.0169188	0.999454	0.0919074	0.0548673	6.48367	
0.999451	-0.000327381	-0.0331181	-0.000326492	0.999805	-0.0197364	0.0331181	0.0197364	0.999257	0.125138	0.074676	7.56378	
0.999283	-0.000427878	-0.0378668	-0.000426544	0.999746	-0.0225529	0.0378668	0.0225529	0.999028	0.163498	0.0975293	8.64367	
0.999091	-0.000541876	-0.0426193	-0.000539969	0.999678	-0.0253683	0.0426193	0.0253683	0.998769	0.206993	0.123426	9.72329	
0.998877	-0.000669397	-0.0473754	-0.000666773	0.999603	-0.0281825	0.0473754	0.0281824	0.99848	0.255627	0.152365	10.8026	
0.99864	-0.000810459	-0.0521348	-0.000806958	0.999519	-0.0309952	0.0521349	0.0309951	0.998159	0.309403	0.184345	11.8816	
0.99838	-0.000965081	-0.0568974	-0.000960527	0.999428	-0.0338065	0.0568974	0.0338064	0.997808	0.368325	0.219364	12.9602	
0.998096	-0.00113328	-0.0616628	-0.00112748	0.999329	-0.0366161	0.0616629	0.0366159	0.997425	0.432395	0.257421	14.0385	
0.99779	-0.00131507	-0.066431	-0.00130782	0.999222	-0.039424	0.0664312	0.0394237	0.997012	0.501618	0.298513	15.1163	
0.997461	-0.00151047	-0.0712017	-0.00150154	0.999107	-0.04223	0.0712019	0.0422297	0.996568	0.575996	0.342639	16.1936	
0.997108	-0.00171949	-0.0759747	-0.00170864	0.998984	-0.0450339	0.075975	0.0450335	0.996092	0.655531	0.389797	17.2705	
0.996733	-0.00194215	-0.0807498	-0.00192911	0.998853	-0.0478358	0.0807501	0.0478353	0.995586	0.740226	0.439983	18.3468	
0.996333	-0.00217844	-0.0855267	-0.00216296	0.998715	-0.0506354	0.0855271	0.0506347	0.995048	0.830083	0.493197	19.4225	
0.995911	-0.0024284	-0.0903053	-0.00241018	0.998569	-0.0534326	0.0903058	0.0534317	0.99448	0.925104	0.549435	20.4977	
0.995465	-0.00269202	-0.0950854	-0.00267075	0.998414	-0.0562272	0.095086	0.0562262	0.99388	1.02529	0.608695	21.5722	
0.994996	-0.00296931	-0.0998667	-0.00294467	0.998252	-0.0590193	0.0998674	0.0590181	0.993249	1.13064	0.670973	22.6461	
0.994504	-0.00326028	-0.104649	-0.00323194	0.998083	-0.0618086	0.10465	0.0618071	0.992587	1.24117	0.736268	23.7192	
0.993988	-0.00356494	-0.109432	-0.00353253	0.997905	-0.064595	0.109433	0.0645932	0.991893	1.35686	0.804575	24.7916	
0.993448	-0.00388329	-0.114216	-0.00384645	0.99772	-0.0673784	0.114217	0.0673763	0.991168	1.47772	0.875892	25.8633	
0.992885	-0.00421534	-0.119	-0.00417367	0.997527	-0.0701587	0.119001	0.0701562	0.990412	1.60375	0.950216	26.9341	
0.992299	-0.00456108	-0.123784	-0.00451419	0.997326	-0.0729358	0.123786	0.0729329	0.989625	1.73496	1.02754	28.0042	
0.991688	-0.00492052	-0.128569	-0.00486798	0.997118	-0.0757095	0.128571	0.0757061	0.988806	1.87133	1.10787	29.0733	
0.991055	-0.00529366	-0.133353	-0.00523504	0.996902	-0.0784797	0.133355	0.0784758	0.987956	2.01288	1.19119	30.1416	
0.990397	-0.00568051	-0.138136	-0.00561535	0.996678	-0.0812463	0.138139	0.0812418	0.987075	2.15959	1.2775	31.2089	
0.989716	-0.00608105	-0.142919	-0.00600889	0.996447	-0.0840092	0.142922	0.084004	0.986163	2.31148	1.3668	32.2752	
0.989011	-0.00649528	-0.147701	-0.00641564	0.996208	-0.0867683	0.147705	0.0867624	0.985219	2.46854	1.45908	33.3406	
0.988282	-0.00692321	-0.152482	-0.00683558	0.995961	-0.0895234	0.152486	0.0895167	0.984243	2.63076	1.55435	34.4049	
0.987529	-0.00736482	-0.157262	-0.00726869	0.995707	-0.0922744	0.157266	0.0922668	0.983237	2.79815	1.65258	35.4681	
0.986753	-0.00782012	-0.16204	-0.00771495	0.995445	-0.0950213	0.162045	0.0950127	0.982199	2.97071	1.75379	36.5303	
0.985953	-0.00828909	-0.166817	-0.00817434	0.995176	-0.0977638	0.166822	0.0977541	0.981129	3.14843	1.85796	37.5913	
0.985129	-0.00877173	-0.171591	-0.00864683	0.994899	-0.100502	0.171597	0.100491	0.980028	3.33132	1.96509	38.6511	
0.984281	-0.00926803	-0.176364	-0.0091324	0.994615	-0.103235	0.176371	0.103223	0.978896	3.51936	2.07518	39.7097	
0.98341	-0.00977798	-0.181134	-0.00963102	0.994323	-0.105964	0.181142	0.105951	0.977733	3.71256	2.18822	40.7671	
0.982514	-0.0103016	-0.185901	-0.0101427	0.994024	-0.108689	0.18591	0.108674	0.976539	3.91092	2.30421	41.8232	
0.981595	-0.0108388	-0.190666	-0.0106673	0.993718	-0.111408	0.190676	0.111391	0.975313	4.11443	2.42313	42.878	
0.980652	-0.0113896	-0.195428	-0.0112049	0.993404	-0.114122	0.195438	0.114104	0.974056	4.32309	2.54499	43.9314	
0.979685	-0.011954	-0.200186	-0.0117555	0.993082	-0.116831	0.200198	0.116811	0.972767	4.53689	2.66978	44.9835	
0.978694	-0.0125321	-0.204942	-0.012319	0.992754	-0.119535	0.204955	0.119513	0.971447	4.75584	2.79749	46.0341	
0.977679	-0.0131236	-0.209693	-0.0128953	0.992418	-0.122234	0.209708	0.12221	0.970097	4.97992	2.92812	47.0834	
0.97664	-0.0137288	-0.214441	-0.0134845	0.992074	-0.124927	0.214457	0.1249	0.968715	5.20914	3.06166	48.1311	
0.975578	-0.0143474	-0.219185	-0.0140866	0.991724	-0.127615	0.219202	0.127586	0.967302	5.4435	3.1981	49.1773	
0.974491	-0.0149796	-0.223925	-0.0147014	0.991366	-0.130297	0.223943	0.130265	0.965857	5.68297	3.33744	50.222	
0.973381	-0.0156253	-0.22866	-0.0153289	0.991001	-0.132973	0.22868	0.132938	0.964382	5.92757	3.47968	51.2651	
0.972247	-0.0162845	-0.233391	-0.0159691	0.990629	-0.135643	0.233412	0.135606	0.962876	6.17729	3.6248	52.3066	
0.971089	-0.0169571	-0.238116	-0.0166221	0.99025	-0.138307	0.23814	0.138267	0.961338	6.43212	3.77281	53.3465	
0.969907	-0.0176432	-0.242837	-0.0172876	0.989864	-0.140966	0.242863	0.140922	0.95977	6.69206	3.92368	54.3847	
0.968701	-0.0183426	-0.247553	-0.0179658	0.98947	-0.143618	0.24758	0.14357	0.958171	6.9571	4.07742	55.4211	
0.967471	-0.0190555	-0.252263	-0.0186565	0.98907	-0.146263	0.252292	0.146212	0.956541	7.22723	4.23402	56.4559	
0.966218	-0.0197817	-0.256967	-0.0193598	0.988662	-0.148903	0.256999	0.148847	0.95488	7.50245	4.39347	57.4888	
0.96494	-0.0205212	-0.261666	-0.0200755	0.988248	-0.151536	0.2617	0.151476	0.953188	7.78276	4.55577	58.5199	
0.963639	-0.021274	-0.266358	-0.0208036	0.987827	-0.154162	0.266395	0.154098	0.951466	8.06815	4.7209	59.5492	
0.962315	-0.0220401	-0.271044	-0.0215442	0.987398	-0.156781	0.271084	0.156712	0.949713	8.3586	4.88887	60.5766	
0.960966	-0.0228195	-0.275724	-0.0222971	0.986963	-0.159394	0.275767	0.15932	0.947929	8.65412	5.05965	61.6021	
0.959594	-0.0236121	-0.280397	-0.0230623	0.986521	-0.162	0.280443	0.16192	0.946115	8.9547	5.23325	62.6257	
0.958198	-0.0244178	-0.285063	-0.0238397	0.986073	-0.164598	0.285112	0.164513	0.94427	9.26033	5.40966	63.6473	
0.956778	-0.0252368	-0.289722	-0.0246294	0.985617	-0.16719	0.289775	0.167099	0.942395	9.571	5.58886	64.6668	
0.955335	-0.0260688	-0.294374	-0.0254312	0.985155	-0.169774	0.29443	0.169677	0.94049	9.88671	5.77086	65.6843	
0.953868	-0.0269139	-0.299019	-0.0262452	0.984686	-0.172351	0.299078	0.172248	0.938554	10.2074	5.95564	66.6998	
0.952377	-0.0277721	-0.303655	-0.0270712	0.98421	-0.174921	0.303719	0.174811	0.936588	10.5332	6.14319	67.7131	
0.950863	-0.0286433	-0.308284	-0.0279092	0.983728	-0.177483	0.308351	0.177366	0.934591	10.864	6.33351	68.7243	
0.949325	-0.0295275	-0.312905	-0.0287593	0.983239	-0.180037	0.312976	0.179913	0.932565	11.1997	6.52658	69.7333	
0.949854	-0.0291997	-0.311327	-0.0371661	0.97803	-0.205124	0.310476	0.206409	0.927901	11.5367	6.73537	70.7388	
0.950379	-0.0288272	-0.309757	-0.0455024	0.972108	-0.230076	0.30775	0.232754	0.922559	11.8708	6.97271	71.7389	
0.950898	-0.02841	-0.308197	-0.0537621	0.965478	-0.254875	0.304798	0.25893	0.916544	12.2018	7.23843	72.7328	
0.951413	-0.0279487	-0.306647	-0.0619393	0.958145	-0.279503	0.301624	0.284916	0.90986	12.5296	7.53234	73.7198	
0.951922	-0.0274434	-0.30511	-0.0700279	0.950114	-0.303941	0.29823	0.310695	0.902512	12.8537	7.85423	74.6993	
0.952425	-0.0268945	-0.303585	-0.078022	0.94139	-0.328173	0.294618	0.336246	0.894505	13.1741	8.20386	75.6705	
0.952921	-0.0263026	-0.302075	-0.0859158	0.931981	-0.352179	0.290791	0.361552	0.885845	13.4905	8.58098	76.6327	
0.953411	-0.0256679	-0.30058	-0.0937035	0.921893	-0.375944	0.286752	0.386595	0.876538	13.8026	8.98531	77.5851	
0.953894	-0.0249909	-0.299101	-0.10138	0.911133	-0.399449	0.282503	0.411354	0.866591	14.1103	9.41655	78.5272	
0.95437	-0.0242722	-0.297639	-0.108938	0.899709	-0.422677	0.278048	0.435814	0.856011	14.4132	9.87439	79.4581	
0.954838	-0.0235123	-0.296196	-0.116374	0.887631	-0.445611	0.27339	0.459956	0.844807	14.7113	10.3585	80.3773	
0.955297	-0.0227117	-0.294773	-0.123681	0.874905	-0.468235	0.268533	0.483761	0.832986	15.0041	10.8685	81.284	
0.955749	-0.021871	-0.29337	-0.130855	0.861543	-0.490532	0.263479	0.507214	0.820556	15.2916	11.4041	82.1777	
0.956191	-0.0209908	-0.291989	-0.13789	0.847553	-0.512485	0.258234	0.530296	0.807528	15.5736	11.9648	83.0576	
0.956625	-0.0200718	-0.29063	-0.144781	0.832945	-0.534079	0.252799	0.552991	0.79391	15.8498	12.5502	83.923	
0.957049	-0.0191146	-0.289295	-0.151523	0.817731	-0.555298	0.24718	0.575283	0.779713	16.12	13.16	84.7735	
0.957463	-0.01812	-0.287985	-0.158111	0.801922	-0.576127	0.241381	0.597154	0.764946	16.384	13.7936	85.6083	
0.957868	-0.0170886	-0.2867	-0.16454	0.785528	-0.59655	0.235405	0.61859	0.749621	16.6417	14.4507	86.4268	
0.958262	-0.0160212	-0.285442	-0.170805	0.768563	-0.616552	0.229258	0.639573	0.733748	16.8928	15.1306	87.2285	
0.958646	-0.0149186	-0.284211	-0.176903	0.751038	-0.636119	0.222943	0.66009	0.71734	17.1372	15.833	88.0127	
0.959019	-0.0137816	-0.283008	-0.182828	0.732966	-0.655236	0.216465	0.680125	0.700409	17.3747	16.5573	88.7789	
0.95938	-0.0126111	-0.281834	-0.188576	0.714361	-0.67389	0.20983	0.699664	0.682965	17.6051	17.303	89.5265	
0.95973	-0.0114078	-0.280691	-0.194144	0.695235	-0.692067	0.203041	0.718692	0.665024	17.8282	18.0695	90.255	
0.960069	-0.0101727	-0.279578	-0.199526	0.675604	-0.709753	0.196104	0.737195	0.646597	18.0439	18.8563	90.9639	
0.960396	-0.00890664	-0.278497	-0.204719	0.65548	-0.726936	0.189024	0.75516	0.627697	18.252	19.6629	91.6525	
0.96071	-0.00761057	-0.277448	-0.209719	0.63488	-0.743603	0.181806	0.772573	0.60834	18.4525	20.4885	92.3205	
0.961013	-0.00628544	-0.276433	-0.214523	0.613818	-0.759742	0.174455	0.789423	0.588538	18.645	21.3327	92.9674	
0.961302	-0.00493221	-0.275452	-0.219127	0.592309	-0.775341	0.166977	0.805696	0.568307	18.8295	22.1947	93.5926	
0.961579	-0.00355187	-0.274505	-0.223528	0.570369	-0.790389	0.159376	0.821381	0.547661	19.0059	23.0741	94.1957	
0.961843	-0.00214542	-0.273593	-0.227722	0.548014	-0.804875	0.15166	0.836466	0.526615	19.174	23.97	94.7763	
0.962094	-0.000713894	-0.272718	-0.231706	0.525261	-0.818788	0.143833	0.850941	0.505184	19.3337	24.882	95.3339	
0.962331	0.000741664	-0.271879	-0.235478	0.502125	-0.832118	0.1359	0.864795	0.483385	19.4849	25.8092	95.8681	
0.962555	0.00222019	-0.271078	-0.239035	0.478625	-0.844855	0.127869	0.878017	0.461233	19.6274	26.7511	96.3787	
