1	0	0	0	1	0	0	0	1	0	0	0	
0.999995	4.78855e-06	0.00330872	4.78855e-06	0.999996	-0.00289449	-0.00330872	0.00289449	0.99999	-0.00128506	0.00112417	0.776765	
0.999978	1.91599e-05	0.00661962	1.91455e-05	0.999983	-0.00578652	-0.00661962	0.00578652	0.999961	-0.00514107	0.00449574	1.55352	
0.999951	4.31187e-05	0.00993263	4.3061e-05	0.999962	-0.00867605	-0.00993263	0.00867605	0.999913	-0.0115697	0.0101128	2.33024	
0.999912	7.66695e-05	0.0132477	7.65253e-05	0.999933	-0.011563	-0.0132477	0.011563	0.999845	-0.0205726	0.0179733	3.10691	
0.999863	0.000119817	0.0165647	0.000119528	0.999896	-0.0144473	-0.0165647	0.0144473	0.999758	-0.0321512	0.0280753	3.88353	
0.999802	0.000172564	0.0198836	0.000172059	0.99985	-0.017329	-0.0198836	0.017329	0.999652	-0.0463072	0.0404167	4.66007	
0.999731	0.000234915	0.0232044	0.000234108	0.999796	-0.0202079	-0.0232044	0.0202079	0.999526	-0.063042	0.0549955	5.43652	
0.999648	0.000306874	0.026527	0.000305663	0.999733	-0.023084	-0.026527	0.023084	0.999382	-0.0823569	0.0718094	6.21286	
0.999554	0.000388444	0.0298512	0.000386714	0.999663	-0.0259572	-0.0298512	0.0259572	0.999217	-0.104253	0.0908562	6.98909	
0.999449	0.000479628	0.0331771	0.00047725	0.999584	-0.0288276	-0.0331771	0.0288275	0.999034	-0.128733	0.112134	7.76517	
0.999333	0.000580428	0.0365046	0.000577258	0.999497	-0.0316949	-0.0365046	0.0316949	0.998831	-0.155796	0.13564	8.54111	
0.999206	0.000690848	0.0398335	0.000686727	0.999402	-0.0345592	-0.0398336	0.0345592	0.998609	-0.185444	0.161372	9.31689	
0.999068	0.00081089	0.0431639	0.000805645	0.999299	-0.0374205	-0.043164	0.0374204	0.998367	-0.217679	0.189327	10.0925	
0.998918	0.000940556	0.0464957	0.000933999	0.999188	-0.0402786	-0.0464958	0.0402784	0.998106	-0.252502	0.219504	10.8679	
0.998757	0.00107985	0.0498288	0.00107178	0.999069	-0.0431335	-0.0498289	0.0431333	0.997826	-0.289913	0.2519	11.6431	
0.998585	0.00122877	0.053163	0.00121897	0.998941	-0.0459851	-0.0531633	0.0459849	0.997526	-0.329914	0.286512	12.418	
0.998402	0.00138731	0.0564985	0.00137556	0.998806	-0.0488335	-0.0564988	0.0488331	0.997208	-0.372505	0.323338	13.1928	
0.998207	0.00155549	0.059835	0.00154153	0.998663	-0.0516784	-0.0598354	0.051678	0.99687	-0.417687	0.362375	13.9672	
0.998001	0.0017333	0.0631726	0.00171688	0.998511	-0.0545199	-0.063173	0.0545194	0.996512	-0.465462	0.403621	14.7414	
0.997784	0.00192074	0.0665111	0.00190158	0.998352	-0.057358	-0.0665117	0.0573574	0.996136	-0.515829	0.447072	15.5153	
0.997555	0.00211781	0.0698505	0.00209563	0.998185	-0.0601925	-0.0698512	0.0601917	0.99574	-0.56879	0.492726	16.289	
0.997315	0.00232452	0.0731907	0.00229901	0.998009	-0.0630234	-0.0731915	0.0630225	0.995325	-0.624346	0.540581	17.0623	
0.997064	0.00254085	0.0765317	0.00251171	0.997826	-0.0658507	-0.0765326	0.0658496	0.99489	-0.682496	0.590632	17.8352	
0.996801	0.00276682	0.0798733	0.00273371	0.997635	-0.0686743	-0.0798744	0.068673	0.994437	-0.743242	0.642879	18.6078	
0.996527	0.00300242	0.0832155	0.002965	0.997437	-0.0714941	-0.0832169	0.0714926	0.993964	-0.806585	0.697317	19.3801	
0.996241	0.00324765	0.0865583	0.00320555	0.99723	-0.0743101	-0.0865599	0.0743083	0.993472	-0.872523	0.753944	20.152	
0.995944	0.00350251	0.0899016	0.00345537	0.997016	-0.0771223	-0.0899034	0.0771202	0.99296	-0.941059	0.812756	20.9235	
0.995636	0.003767	0.0932452	0.00371443	0.996794	-0.0799305	-0.0932473	0.0799281	0.99243	-1.01219	0.873751	21.6946	
0.995316	0.00404112	0.0965892	0.00398271	0.996564	-0.0827348	-0.0965916	0.0827319	0.99188	-1.08592	0.936926	22.4653	
0.994985	0.00432486	0.0999334	0.0042602	0.996326	-0.085535	-0.0999362	0.0855318	0.991311	-1.16225	1.00228	23.2355	
0.994642	0.00461822	0.103278	0.00454689	0.996081	-0.0883311	-0.103281	0.0883274	0.990723	-1.24118	1.0698	24.0053	
0.994287	0.00492121	0.106622	0.00484275	0.995828	-0.0911231	-0.106626	0.0911189	0.990115	-1.3227	1.1395	24.7746	
0.993921	0.00523382	0.109967	0.00514778	0.995567	-0.093911	-0.109971	0.0939062	0.989489	-1.40682	1.21136	25.5435	
0.993544	0.00555604	0.113312	0.00546195	0.995299	-0.0966945	-0.113316	0.0966892	0.988843	-1.49355	1.28538	26.3118	
0.993155	0.00588787	0.116656	0.00578525	0.995023	-0.0994738	-0.116661	0.0994678	0.988178	-1.58287	1.36156	27.0797	
0.992754	0.00622931	0.12	0.00611767	0.99474	-0.102249	-0.120006	0.102242	0.987494	-1.67478	1.43991	27.847	
0.992342	0.00658036	0.123344	0.00645917	0.994449	-0.105019	-0.123351	0.105012	0.986791	-1.7693	1.5204	28.6138	
0.991918	0.00694102	0.126688	0.00680975	0.994151	-0.107785	-0.126695	0.107777	0.986069	-1.86641	1.60304	29.38	
0.991483	0.00731127	0.130032	0.00716939	0.993845	-0.110547	-0.13004	0.110538	0.985328	-1.96613	1.68783	30.1457	
0.991036	0.00769112	0.133375	0.00753807	0.993532	-0.113304	-0.133383	0.113294	0.984568	-2.06843	1.77477	30.9107	
0.990577	0.00808056	0.136717	0.00791577	0.993211	-0.116056	-0.136727	0.116045	0.983788	-2.17334	1.86384	31.6752	
0.990107	0.00847958	0.140059	0.00830248	0.992883	-0.118804	-0.14007	0.118792	0.98299	-2.28084	1.95504	32.4391	
0.989625	0.00888819	0.1434	0.00869817	0.992548	-0.121547	-0.143412	0.121533	0.982172	-2.39094	2.04838	33.2023	
0.989131	0.00930637	0.146741	0.00910283	0.992205	-0.124285	-0.146753	0.12427	0.981336	-2.50364	2.14385	33.9649	
0.988626	0.00973412	0.15008	0.00951643	0.991855	-0.127019	-0.150094	0.127002	0.980481	-2.61893	2.24144	34.7269	
0.988109	0.0101714	0.153419	0.00993897	0.991497	-0.129747	-0.153434	0.129729	0.979606	-2.73682	2.34115	35.4881	
0.98758	0.0106183	0.156757	0.0103704	0.991133	-0.132471	-0.156774	0.132451	0.978713	-2.8573	2.44298	36.2487	
0.98704	0.0110748	0.160094	0.0108107	0.990761	-0.13519	-0.160112	0.135168	0.9778	-2.98037	2.54692	37.0086	
0.986487	0.0115407	0.16343	0.0112599	0.990382	-0.137903	-0.163449	0.13788	0.976869	-3.10604	2.65296	37.7677	
0.985924	0.0120162	0.166764	0.011718	0.989995	-0.140612	-0.166786	0.140587	0.975919	-3.23429	2.76112	38.5262	
0.985348	0.0125013	0.170098	0.0121849	0.989602	-0.143316	-0.170121	0.143288	0.97495	-3.36514	2.87137	39.2839	
0.98476	0.0129959	0.17343	0.0126606	0.989202	-0.146014	-0.173455	0.145984	0.973962	-3.49858	2.98372	40.0408	
0.984161	0.0135	0.176761	0.0131451	0.988794	-0.148707	-0.176787	0.148675	0.972955	-3.63461	3.09816	40.7969	
0.983242	0.0142631	0.181745	0.0132295	0.988724	-0.149165	-0.181824	0.14907	0.971966	-3.77389	3.2138	41.5523	
0.982295	0.01503	0.186736	0.0133173	0.988653	-0.149628	-0.186866	0.149465	0.970949	-3.91708	3.32975	42.3069	
0.98132	0.0158005	0.191732	0.0134082	0.988581	-0.150094	-0.191915	0.149861	0.969902	-4.0642	3.446	43.0607	
0.980317	0.0165747	0.196734	0.0135025	0.988508	-0.150564	-0.196968	0.150256	0.968827	-4.21523	3.56256	43.8137	
0.979286	0.0173525	0.201739	0.0136001	0.988435	-0.151037	-0.202027	0.150652	0.967724	-4.3702	3.67943	44.5658	
0.978226	0.0181338	0.206749	0.013701	0.98836	-0.151514	-0.20709	0.151048	0.966591	-4.52909	3.79661	45.3171	
0.977138	0.0189187	0.211762	0.0138053	0.988285	-0.151995	-0.212156	0.151444	0.96543	-4.69192	3.91409	46.0674	
0.976022	0.019707	0.216778	0.013913	0.988209	-0.152479	-0.217226	0.151839	0.964239	-4.85869	4.03188	46.8169	
0.974878	0.0204988	0.221796	0.0140241	0.988132	-0.152966	-0.222299	0.152234	0.96302	-5.02939	4.14998	47.5654	
0.973705	0.021294	0.226817	0.0141386	0.988054	-0.153456	-0.227375	0.152628	0.961772	-5.20404	4.26838	48.313	
0.972503	0.0220925	0.231839	0.0142565	0.987976	-0.153949	-0.232452	0.153022	0.960495	-5.38263	4.38709	49.0596	
0.971274	0.0228943	0.236862	0.014378	0.987897	-0.154445	-0.237531	0.153414	0.959189	-5.56516	4.5061	49.8051	
0.970015	0.0236994	0.241885	0.0145028	0.987817	-0.154944	-0.24261	0.153806	0.957854	-5.75164	4.62542	50.5497	
0.968729	0.0245076	0.246909	0.0146312	0.987736	-0.155445	-0.24769	0.154197	0.95649	-5.94207	4.74505	51.2932	
0.967414	0.0253191	0.251932	0.014763	0.987655	-0.155948	-0.25277	0.154586	0.955097	-6.13644	4.86497	52.0356	
0.96607	0.0261336	0.256955	0.0148983	0.987573	-0.156454	-0.25785	0.154974	0.953675	-6.33475	4.9852	52.777	
0.964698	0.0269512	0.261976	0.015037	0.98749	-0.156962	-0.262929	0.15536	0.952225	-6.53702	5.10573	53.5172	
0.963298	0.0277718	0.266995	0.0151793	0.987407	-0.157472	-0.268006	0.155745	0.950745	-6.74322	5.22656	54.2563	
0.961869	0.0285953	0.272012	0.0153249	0.987323	-0.157983	-0.273081	0.156128	0.949237	-6.95337	5.34769	54.9942	
0.960412	0.0294217	0.277027	0.0154741	0.987238	-0.158497	-0.278154	0.156509	0.9477	-7.16747	5.46911	55.7309	
0.958926	0.030251	0.282038	0.0156267	0.987153	-0.159011	-0.283225	0.156888	0.946134	-7.3855	5.59083	56.4665	
0.957413	0.0310831	0.287045	0.0157827	0.987067	-0.159528	-0.288292	0.157264	0.94454	-7.60746	5.71284	57.2008	
0.955871	0.0319178	0.292049	0.0159422	0.986981	-0.160045	-0.293355	0.157638	0.942917	-7.83337	5.83514	57.9338	
0.954301	0.0327553	0.297048	0.016105	0.986894	-0.160563	-0.298414	0.15801	0.941266	-8.0632	5.95774	58.6656	
0.952702	0.0335954	0.302042	0.0162712	0.986807	-0.161083	-0.303469	0.158379	0.939587	-8.29696	6.08062	59.3961	
0.951076	0.034438	0.307031	0.0164408	0.986719	-0.161603	-0.308518	0.158745	0.937879	-8.53465	6.20378	60.1253	
0.949422	0.0352832	0.312014	0.0166137	0.986631	-0.162124	-0.313562	0.159108	0.936143	-8.77626	6.32723	60.8531	
0.94774	0.0361308	0.31699	0.0167899	0.986542	-0.162645	-0.318601	0.159468	0.934379	-9.02178	6.45096	61.5796	
0.946031	0.0369807	0.32196	0.0169694	0.986453	-0.163167	-0.323632	0.159824	0.932587	-9.27121	6.57497	62.3047	
0.944293	0.037833	0.326923	0.017152	0.986363	-0.163689	-0.328657	0.160178	0.930767	-9.52455	6.69925	63.0284	
0.942529	0.0386875	0.331878	0.0173379	0.986273	-0.164211	-0.333675	0.160527	0.92892	-9.78179	6.82381	63.7507	
0.940737	0.0395442	0.336825	0.0175269	0.986183	-0.164733	-0.338685	0.160873	0.927045	-10.0429	6.94864	64.4715	
0.938917	0.040403	0.341764	0.0177191	0.986092	-0.165254	-0.343687	0.161216	0.925143	-10.3079	7.07373	65.1909	
0.93707	0.0412638	0.346693	0.0179143	0.986001	-0.165775	-0.34868	0.161554	0.923213	-10.5769	7.19909	65.9087	
0.935197	0.0421267	0.351614	0.0181125	0.98591	-0.166296	-0.353665	0.161888	0.921256	-10.8496	7.32471	66.6251	
0.933296	0.0429915	0.356525	0.0183137	0.985818	-0.166815	-0.35864	0.162218	0.919273	-11.1263	7.45059	67.3399	
0.931369	0.0438581	0.361425	0.0185177	0.985726	-0.167334	-0.363605	0.162543	0.917263	-11.4068	7.57672	68.0532	
0.929415	0.0447264	0.366315	0.0187247	0.985634	-0.167852	-0.36856	0.162864	0.915226	-11.6912	7.7031	68.7649	
0.927435	0.0455965	0.371195	0.0189344	0.985542	-0.168369	-0.373505	0.16318	0.913163	-11.9794	7.82973	69.4751	
0.922593	0.0475822	0.382828	0.0133774	0.987821	-0.155017	-0.385542	0.148138	0.910721	-12.2742	7.95065	70.1834	
0.917599	0.0493757	0.394428	0.00764528	0.98988	-0.141702	-0.397433	0.133041	0.907935	-12.5783	8.05986	70.8898	
0.912454	0.0509763	0.405991	0.0017401	0.991717	-0.128431	-0.409175	0.117894	0.904808	-12.8916	8.15732	71.5939	
0.90716	0.0523834	0.417511	-0.00433588	0.993332	-0.115208	-0.420762	0.102702	0.901339	-13.2139	8.243	72.2954	
0.90172	0.0535964	0.428986	-0.0105804	0.994724	-0.102039	-0.432191	0.0874715	0.89753	-13.5452	8.31686	72.994	
0.896135	0.0546149	0.440409	-0.016991	0.995893	-0.0889274	-0.443457	0.072208	0.893382	-13.8853	8.37888	73.6896	
0.890407	0.0554385	0.451777	-0.0235653	0.996839	-0.0758793	-0.454555	0.0569172	0.888898	-14.2341	8.42903	74.3819	
