1	0	0	0	1	0	0	0	1	0	0	0	
0.999985	7.93854e-06	0.00539541	7.93854e-06	0.999996	-0.00294267	-0.00539541	0.00294267	0.999981	-0.00291571	0.00159024	1.0808	
0.999942	3.17528e-05	0.0107927	3.17267e-05	0.999983	-0.00588151	-0.0107927	0.00588151	0.999924	-0.0116638	0.00635888	2.16156	
0.999869	7.14336e-05	0.0161915	7.13292e-05	0.999961	-0.00881639	-0.0161915	0.00881639	0.99983	-0.0262462	0.0143017	3.24224	
0.999767	0.000126971	0.0215918	0.00012671	0.999931	-0.0117472	-0.0215918	0.0117472	0.999698	-0.0466646	0.0254144	4.3228	
0.999636	0.000198355	0.0269933	0.000197833	0.999892	-0.0146738	-0.0269933	0.0146738	0.999528	-0.0729202	0.0396925	5.40319	
0.999475	0.000285575	0.0323958	0.000284661	0.999845	-0.0175962	-0.0323958	0.0175962	0.99932	-0.105014	0.0571314	6.48338	
0.999285	0.000388618	0.0377991	0.000387156	0.999789	-0.0205142	-0.0377991	0.0205141	0.999075	-0.142948	0.0777264	7.56332	
0.999066	0.000507473	0.043203	0.00050528	0.999725	-0.0234276	-0.043203	0.0234276	0.998792	-0.186722	0.101473	8.64298	
0.998818	0.000642126	0.0486072	0.000638994	0.999653	-0.0263364	-0.0486073	0.0263364	0.998471	-0.236337	0.128365	9.72231	
0.99854	0.000792563	0.0540116	0.000788257	0.999572	-0.0292405	-0.0540117	0.0292404	0.998112	-0.291793	0.158399	10.8013	
0.998233	0.000958771	0.059416	0.00095303	0.999483	-0.0321398	-0.0594161	0.0321397	0.997716	-0.35309	0.19157	11.8798	
0.997896	0.00114073	0.0648202	0.00113327	0.999385	-0.0350342	-0.0648203	0.0350339	0.997282	-0.420228	0.227871	12.9579	
0.99753	0.00133844	0.0702239	0.00132894	0.99928	-0.0379234	-0.0702241	0.0379231	0.99681	-0.493207	0.267297	14.0356	
0.997135	0.00155186	0.0756269	0.00153999	0.999166	-0.0408076	-0.0756271	0.0408071	0.996301	-0.572026	0.309843	15.1127	
0.99671	0.001781	0.0810291	0.00176639	0.999044	-0.0436864	-0.0810294	0.0436859	0.995754	-0.656684	0.355504	16.1892	
0.996256	0.00202582	0.0864301	0.00200809	0.998913	-0.0465599	-0.0864306	0.0465592	0.995169	-0.74718	0.404273	17.2651	
0.995772	0.00228631	0.0918299	0.00226504	0.998775	-0.049428	-0.0918305	0.049427	0.994547	-0.843513	0.456144	18.3403	
0.995259	0.00256245	0.0972282	0.0025372	0.998629	-0.0522904	-0.0972289	0.0522892	0.993888	-0.945682	0.511112	19.4149	
0.994716	0.00285423	0.102625	0.00282452	0.998474	-0.0551472	-0.102626	0.0551457	0.99319	-1.05368	0.569171	20.4887	
0.994144	0.00316162	0.108019	0.00312697	0.998312	-0.0579982	-0.10802	0.0579963	0.992456	-1.16752	0.630313	21.5618	
0.993542	0.00348459	0.113412	0.00344448	0.998141	-0.0608432	-0.113413	0.060841	0.991683	-1.28718	0.694533	22.634	
0.992911	0.00382314	0.118802	0.00377703	0.997963	-0.0636823	-0.118804	0.0636796	0.990874	-1.41267	0.761825	23.7054	
0.99225	0.00417724	0.12419	0.00412455	0.997777	-0.0665153	-0.124192	0.066512	0.990027	-1.54399	0.832181	24.7759	
0.991559	0.00454686	0.129575	0.004487	0.997583	-0.0693421	-0.129577	0.0693382	0.989142	-1.68113	0.905596	25.8454	
0.990839	0.00493198	0.134957	0.00486433	0.997381	-0.0721626	-0.134959	0.072158	0.98822	-1.82409	0.982061	26.914	
0.99009	0.00533258	0.140336	0.00525649	0.997171	-0.0749767	-0.140338	0.0749713	0.987261	-1.97286	1.06157	27.9816	
0.989311	0.00574863	0.145711	0.00566344	0.996954	-0.0777843	-0.145714	0.0777781	0.986265	-2.12744	1.14412	29.0481	
0.988502	0.00618011	0.151083	0.00608512	0.996729	-0.0805853	-0.151087	0.0805781	0.985231	-2.28783	1.22969	30.1135	
0.987664	0.00662699	0.156451	0.00652148	0.996497	-0.0833796	-0.156455	0.0833713	0.98416	-2.45403	1.31829	31.1778	
0.986796	0.00708924	0.161815	0.00697247	0.996256	-0.0861671	-0.16182	0.0861576	0.983052	-2.62603	1.40991	32.2409	
0.985898	0.00756684	0.167174	0.00743803	0.996009	-0.0889477	-0.16718	0.0889368	0.981907	-2.80382	1.50453	33.3027	
0.984971	0.00805976	0.17253	0.00791812	0.995753	-0.0917213	-0.172536	0.0917089	0.980725	-2.98741	1.60215	34.3633	
0.984015	0.00856797	0.17788	0.00841268	0.99549	-0.0944878	-0.177888	0.0944738	0.979505	-3.17678	1.70277	35.4227	
0.983029	0.00909144	0.183226	0.00892166	0.99522	-0.0972471	-0.183235	0.0972314	0.978249	-3.37193	1.80636	36.4807	
0.982013	0.00963014	0.188567	0.009445	0.994943	-0.0999991	-0.188576	0.0999815	0.976956	-3.57286	1.91294	37.5373	
0.980968	0.010184	0.193903	0.00998264	0.994658	-0.102744	-0.193913	0.102724	0.975626	-3.77956	2.02248	38.5924	
0.979893	0.0107531	0.199233	0.0105345	0.994366	-0.105481	-0.199244	0.105459	0.974259	-3.99203	2.13499	39.6462	
0.978789	0.0113373	0.204557	0.0111006	0.994066	-0.108211	-0.20457	0.108186	0.972855	-4.21025	2.25044	40.6984	
0.977655	0.0119366	0.209875	0.0116809	0.993759	-0.110933	-0.20989	0.110905	0.971415	-4.43423	2.36884	41.7491	
0.976492	0.012551	0.215188	0.0122752	0.993445	-0.113647	-0.215204	0.113617	0.969937	-4.66395	2.49017	42.7982	
0.975299	0.0131804	0.220494	0.0128835	0.993124	-0.116353	-0.220511	0.11632	0.968424	-4.89941	2.61443	43.8457	
0.974077	0.0138249	0.225793	0.0135058	0.992796	-0.119051	-0.225813	0.119015	0.966873	-5.14061	2.74161	44.8916	
0.972825	0.0144843	0.231086	0.0141421	0.992461	-0.121742	-0.231107	0.121702	0.965287	-5.38753	2.87169	45.9357	
0.971544	0.0151586	0.236372	0.0147921	0.992119	-0.124424	-0.236395	0.12438	0.963663	-5.64017	3.00468	46.9781	
0.970234	0.0158478	0.241651	0.015456	0.99177	-0.127098	-0.241676	0.12705	0.962004	-5.89852	3.14055	48.0188	
0.968894	0.0165519	0.246922	0.0161336	0.991414	-0.129764	-0.24695	0.129711	0.960308	-6.16258	3.2793	49.0576	
0.967525	0.0172708	0.252186	0.0168248	0.991051	-0.132421	-0.252216	0.132364	0.958575	-6.43233	3.42093	50.0946	
0.966126	0.0180045	0.257442	0.0175297	0.990681	-0.13507	-0.257475	0.135007	0.956807	-6.70777	3.56542	51.1297	
0.964698	0.018753	0.26269	0.0182481	0.990304	-0.13771	-0.262725	0.137642	0.955003	-6.98889	3.71276	52.1628	
0.963241	0.0195161	0.26793	0.01898	0.989921	-0.140342	-0.267968	0.140268	0.953162	-7.27568	3.86295	53.194	
0.961754	0.0202939	0.273161	0.0197253	0.989531	-0.142965	-0.273203	0.142885	0.951285	-7.56813	4.01596	54.2232	
0.960238	0.0210864	0.278384	0.020484	0.989135	-0.145579	-0.278429	0.145493	0.949373	-7.86624	4.1718	55.2503	
0.958693	0.0218934	0.283598	0.021256	0.988731	-0.148184	-0.283647	0.148091	0.947425	-8.16999	4.33046	56.2753	
0.957119	0.0227149	0.288803	0.0220412	0.988322	-0.15078	-0.288855	0.15068	0.945441	-8.47937	4.49192	57.2982	
0.955516	0.023551	0.293999	0.0228396	0.987905	-0.153367	-0.294055	0.153259	0.943421	-8.79438	4.65617	58.319	
0.953883	0.0244015	0.299185	0.023651	0.987483	-0.155945	-0.299246	0.155829	0.941366	-9.115	4.8232	59.3375	
0.952221	0.0252665	0.304362	0.0244756	0.987053	-0.158513	-0.304427	0.158389	0.939275	-9.44123	4.99301	60.3539	
0.950531	0.0261458	0.309529	0.025313	0.986618	-0.161073	-0.309598	0.16094	0.937149	-9.77305	5.16557	61.3679	
0.948811	0.0270394	0.314686	0.0261634	0.986176	-0.163623	-0.31476	0.16348	0.934987	-10.1105	5.34089	62.3796	
0.947062	0.0279473	0.319832	0.0270266	0.985728	-0.166163	-0.319911	0.166011	0.93279	-10.4534	5.51895	63.389	
0.945284	0.0288694	0.324969	0.0279026	0.985273	-0.168694	-0.325053	0.168531	0.930558	-10.802	5.69974	64.3959	
0.943477	0.0298057	0.330094	0.0287913	0.984813	-0.171215	-0.330184	0.171041	0.928291	-11.1561	5.88324	65.4005	
0.941642	0.0307562	0.335209	0.0296927	0.984346	-0.173726	-0.335304	0.173541	0.925988	-11.5157	6.06946	66.4025	
0.939777	0.0317207	0.340312	0.0306066	0.983873	-0.176228	-0.340414	0.176031	0.923651	-11.8809	6.25837	67.4021	
0.937884	0.0326993	0.345404	0.031533	0.983395	-0.17872	-0.345513	0.17851	0.921279	-12.2515	6.44997	68.3991	
0.935962	0.0336919	0.350485	0.0324718	0.98291	-0.181201	-0.3506	0.180979	0.918872	-12.6277	6.64424	69.3935	
0.937727	0.0328413	0.345817	0.0232189	0.987369	-0.156729	-0.346596	0.154998	0.92512	-13.0045	6.82581	70.3901	
0.939471	0.0321225	0.341118	0.0140756	0.991137	-0.132099	-0.342338	0.128905	0.930692	-13.3768	6.97924	71.393	
0.941193	0.0315362	0.336394	0.00504866	0.994211	-0.107331	-0.337831	0.102717	0.935585	-13.7444	7.10442	72.4016	
0.942892	0.0310825	0.331646	-0.00385537	0.996588	-0.0824413	-0.333077	0.0764546	0.939795	-14.107	7.20125	73.4152	
0.944566	0.0307621	0.326878	-0.01263	0.998269	-0.0574494	-0.32808	0.0501362	0.943319	-14.4643	7.26966	74.4329	
0.946214	0.0305749	0.322095	-0.0212688	0.99925	-0.032373	-0.322843	0.0237813	0.946154	-14.8161	7.30961	75.454	
0.947834	0.0305213	0.317299	-0.0297654	0.999531	-0.00723062	-0.31737	-0.00259109	0.948298	-15.1621	7.32106	76.4778	
0.949427	0.0306012	0.312493	-0.0381137	0.999112	0.0179595	-0.311666	-0.0289616	0.94975	-15.5021	7.30401	77.5036	
0.95099	0.0308145	0.307682	-0.0463076	0.997994	0.043179	-0.305734	-0.0553109	0.950509	-15.8357	7.25847	78.5306	
0.952522	0.0311612	0.302869	-0.0543411	0.996176	0.0684094	-0.29958	-0.0816198	0.950574	-16.1629	7.18447	79.558	
0.954023	0.0316409	0.298058	-0.0622083	0.993661	0.0936324	-0.293206	-0.107869	0.949944	-16.4832	7.08206	80.5851	
0.955491	0.0322533	0.293251	-0.0699036	0.990451	0.118829	-0.286618	-0.13404	0.948622	-16.7966	6.95132	81.6112	
0.956925	0.032998	0.288453	-0.0774211	0.986547	0.143982	-0.279821	-0.160112	0.946607	-17.1027	6.79235	82.6354	
0.958324	0.0338745	0.283667	-0.0847556	0.981953	0.169072	-0.27282	-0.186068	0.9439	-17.4014	6.60526	83.6571	
0.959688	0.034882	0.278896	-0.0919015	0.976671	0.194081	-0.26562	-0.211888	0.940505	-17.6924	6.39019	84.6755	
0.961014	0.0360198	0.274144	-0.0988538	0.970706	0.218991	-0.258226	-0.237554	0.936423	-17.9755	6.1473	85.6899	
0.962302	0.0372872	0.269415	-0.105607	0.964063	0.243784	-0.250643	-0.263046	0.931657	-18.2505	5.87675	86.6994	
0.963551	0.0386831	0.264711	-0.112157	0.956745	0.26844	-0.242877	-0.288345	0.926211	-18.5172	5.57876	87.7035	
0.964761	0.0402067	0.260037	-0.118498	0.948758	0.292944	-0.234934	-0.313435	0.920089	-18.7754	5.25354	88.7013	
0.96593	0.0418566	0.255396	-0.124627	0.940109	0.317276	-0.22682	-0.338295	0.913296	-19.025	4.90132	89.6921	
0.967058	0.0436319	0.25079	-0.130537	0.930803	0.341419	-0.218539	-0.362909	0.905835	-19.2657	4.52236	90.6753	
0.968143	0.0455311	0.246224	-0.136226	0.920847	0.365355	-0.2101	-0.387258	0.897714	-19.4973	4.11694	91.65	
0.969185	0.0475528	0.241701	-0.141689	0.910248	0.389066	-0.201507	-0.411323	0.888937	-19.7198	3.68536	92.6155	
0.970183	0.0496957	0.237224	-0.146921	0.899015	0.412536	-0.192766	-0.435089	0.87951	-19.9329	3.22793	93.5713	
0.971137	0.0519581	0.232796	-0.15192	0.887155	0.435748	-0.183885	-0.458537	0.869442	-20.1364	2.74498	94.5165	
0.972045	0.0543384	0.228421	-0.156681	0.874677	0.458684	-0.17487	-0.48165	0.858739	-20.3303	2.23687	95.4505	
0.972907	0.0568348	0.224101	-0.161202	0.861591	0.481327	-0.165727	-0.504412	0.84741	-20.5144	1.70396	96.3725	
0.973723	0.0594455	0.219841	-0.165478	0.847905	0.503661	-0.156464	-0.526805	0.835461	-20.6885	1.14666	97.282	
0.974491	0.0621686	0.215642	-0.169506	0.83363	0.52567	-0.147085	-0.548814	0.822903	-20.8525	0.565352	98.1782	
0.975212	0.0650022	0.211509	-0.173284	0.818775	0.547338	-0.1376	-0.570422	0.809744	-21.0064	-0.0395245	99.0606	
0.975885	0.0679441	0.207444	-0.17681	0.803353	0.568649	-0.128014	-0.591614	0.795993	-21.1499	-0.667532	99.9284	
0.976508	0.0709922	0.203449	-0.180079	0.787375	0.589587	-0.118335	-0.612374	0.781662	-21.2831	-1.31821	100.781	
0.977083	0.0741444	0.199529	-0.18309	0.770851	0.610137	-0.108569	-0.632686	0.76676	-21.4057	-1.99109	101.618	
