1	0	0	0	1	0	0	0	1	0	0	0	
0.999997	-2.18455e-06	-0.00239272	-2.18455e-06	0.999998	-0.00182599	0.00239272	0.00182599	0.999995	0.00111117	0.000847979	0.928786	
0.999989	-8.75711e-06	-0.00479051	-8.75784e-06	0.999993	-0.00365615	0.00479051	0.00365615	0.999982	0.00444702	0.00339385	1.85756	
0.999974	-1.97459e-05	-0.00719326	-1.97488e-05	0.999985	-0.0054904	0.00719326	0.0054904	0.999959	0.0100122	0.00764146	2.78633	
0.999954	-3.51785e-05	-0.00960088	-3.51858e-05	0.999973	-0.00732867	0.00960088	0.00732867	0.999927	0.0178113	0.0135946	3.71506	
0.999928	-5.50821e-05	-0.0120133	-5.50967e-05	0.999958	-0.0091709	0.0120133	0.0091709	0.999886	0.0278488	0.0212569	4.64376	
0.999896	-7.94833e-05	-0.0144304	-7.95089e-05	0.999939	-0.011017	0.0144304	0.011017	0.999835	0.0401291	0.030632	5.57242	
0.999858	-0.000108408	-0.016852	-0.000108449	0.999917	-0.0128669	0.016852	0.0128669	0.999775	0.0546564	0.0417235	6.50103	
0.999814	-0.000141882	-0.0192781	-0.000141944	0.999892	-0.0147205	0.0192781	0.0147205	0.999706	0.0714351	0.054535	7.42958	
0.999764	-0.000179931	-0.0217087	-0.000180019	0.999863	-0.0165778	0.0217087	0.0165778	0.999627	0.0904691	0.0690698	8.35806	
0.999708	-0.000222578	-0.0241435	-0.000222699	0.99983	-0.0184387	0.0241435	0.0184387	0.999538	0.111763	0.0853312	9.28646	
0.999647	-0.000269847	-0.0265824	-0.000270009	0.999794	-0.0203031	0.0265824	0.0203031	0.99944	0.135319	0.103323	10.2148	
0.999579	-0.000321763	-0.0290255	-0.000321974	0.999754	-0.0221709	0.0290255	0.0221709	0.999333	0.161143	0.123047	11.143	
0.999505	-0.000378347	-0.0314726	-0.000378616	0.999711	-0.0240421	0.0314726	0.0240421	0.999215	0.189238	0.144508	12.0711	
0.999424	-0.000439622	-0.0339236	-0.00043996	0.999664	-0.0259165	0.0339236	0.0259165	0.999088	0.219608	0.167709	12.9991	
0.999338	-0.000505611	-0.0363783	-0.000506027	0.999614	-0.0277942	0.0363783	0.0277942	0.998951	0.252256	0.192652	13.927	
0.999245	-0.000576333	-0.0388368	-0.000576839	0.999559	-0.029675	0.0388368	0.029675	0.998805	0.287185	0.21934	14.8547	
0.999147	-0.00065181	-0.0412989	-0.000652418	0.999502	-0.0315589	0.0412989	0.0315589	0.998648	0.3244	0.247777	15.7823	
0.999042	-0.000732062	-0.0437644	-0.000732786	0.99944	-0.0334458	0.0437644	0.0334458	0.998482	0.363903	0.277965	16.7098	
0.99893	-0.000817108	-0.0462334	-0.000817961	0.999375	-0.0353356	0.0462334	0.0353356	0.998305	0.405697	0.309906	17.6371	
0.998813	-0.000906968	-0.0487057	-0.000907964	0.999306	-0.0372282	0.0487057	0.0372282	0.998119	0.449786	0.343605	18.5642	
0.998689	-0.00100166	-0.0511812	-0.00100281	0.999234	-0.0391236	0.0511811	0.0391236	0.997923	0.496173	0.379062	19.4912	
0.998559	-0.0011012	-0.0536598	-0.00110253	0.999158	-0.0410217	0.0536597	0.0410217	0.997716	0.544861	0.416281	20.4179	
0.998422	-0.00120561	-0.0561414	-0.00120713	0.999078	-0.0429224	0.0561413	0.0429225	0.9975	0.595852	0.455264	21.3445	
0.998279	-0.0013149	-0.0586259	-0.00131663	0.998994	-0.0448257	0.0586258	0.0448257	0.997273	0.649149	0.496014	22.2709	
0.99813	-0.00142909	-0.0611132	-0.00143105	0.998906	-0.0467314	0.0611131	0.0467315	0.997036	0.704755	0.538533	23.197	
0.997974	-0.0015482	-0.0636032	-0.00155041	0.998815	-0.0486395	0.0636032	0.0486396	0.996789	0.762673	0.582822	24.1229	
0.997812	-0.00167223	-0.0660959	-0.00167472	0.99872	-0.05055	0.0660958	0.05055	0.996532	0.822904	0.628886	25.0486	
0.997643	-0.00180122	-0.0685911	-0.00180399	0.998621	-0.0524627	0.068591	0.0524627	0.996264	0.885452	0.676724	25.9741	
0.997468	-0.00193516	-0.0710886	-0.00193824	0.998519	-0.0543775	0.0710886	0.0543776	0.995987	0.950318	0.72634	26.8992	
0.997287	-0.00207407	-0.0735886	-0.00207749	0.998412	-0.0562945	0.0735885	0.0562946	0.995699	1.01751	0.777736	27.8242	
0.997098	-0.00221797	-0.0760907	-0.00222175	0.998302	-0.0582134	0.0760906	0.0582136	0.9954	1.08702	0.830913	28.7488	
0.996904	-0.00236686	-0.078595	-0.00237103	0.998187	-0.0601344	0.0785948	0.0601345	0.995091	1.15885	0.885873	29.6732	
0.996703	-0.00252077	-0.0811012	-0.00252534	0.998069	-0.0620572	0.0811011	0.0620573	0.994772	1.23301	0.942618	30.5973	
0.996495	-0.00267969	-0.0836094	-0.0026847	0.997947	-0.0639817	0.0836093	0.063982	0.994442	1.3095	1.00115	31.5211	
0.996281	-0.00284364	-0.0861195	-0.00284912	0.997822	-0.0659081	0.0861193	0.0659083	0.994102	1.38832	1.06147	32.4445	
0.99606	-0.00301264	-0.0886313	-0.0030186	0.997692	-0.067836	0.088631	0.0678363	0.993752	1.46948	1.12358	33.3677	
0.995833	-0.00318668	-0.0911447	-0.00319316	0.997558	-0.0697655	0.0911444	0.0697658	0.993391	1.55296	1.18748	34.2905	
0.995599	-0.00336578	-0.0936596	-0.00337281	0.997421	-0.0716966	0.0936593	0.0716969	0.993019	1.63879	1.25318	35.213	
0.995358	-0.00354995	-0.096176	-0.00355756	0.997279	-0.073629	0.0961757	0.0736294	0.992637	1.72694	1.32067	36.1351	
0.995111	-0.00373919	-0.0986937	-0.00374741	0.997134	-0.0755628	0.0986934	0.0755632	0.992245	1.81744	1.38995	37.0569	
0.994857	-0.00393352	-0.101213	-0.00394238	0.996985	-0.0774978	0.101212	0.0774983	0.991842	1.91027	1.46103	37.9783	
0.994597	-0.00413293	-0.103733	-0.00414247	0.996832	-0.0794341	0.103732	0.0794346	0.991428	2.00545	1.53391	38.8993	
0.99433	-0.00433743	-0.106254	-0.00434768	0.996674	-0.0813715	0.106253	0.081372	0.991004	2.10297	1.60859	39.8199	
0.994056	-0.00454703	-0.108776	-0.00455803	0.996513	-0.0833099	0.108775	0.0833105	0.990569	2.20282	1.68506	40.7402	
0.993776	-0.00476174	-0.111299	-0.00477351	0.996348	-0.0852493	0.111298	0.08525	0.990124	2.30503	1.76334	41.66	
0.993489	-0.00498155	-0.113823	-0.00499414	0.996179	-0.0871896	0.113822	0.0871903	0.989668	2.40957	1.84342	42.5794	
0.993195	-0.00520647	-0.116347	-0.00521992	0.996006	-0.0891307	0.116346	0.0891315	0.989201	2.51646	1.92531	43.4984	
0.992895	-0.00543651	-0.118872	-0.00545085	0.995829	-0.0910726	0.118871	0.0910734	0.988724	2.62569	2.00899	44.4169	
0.992588	-0.00567167	-0.121397	-0.00568693	0.995648	-0.0930151	0.121396	0.0930161	0.988236	2.73727	2.09448	45.335	
0.992274	-0.00591194	-0.123923	-0.00592817	0.995464	-0.0949583	0.123922	0.0949593	0.987738	2.8512	2.18178	46.2526	
0.991954	-0.00615733	-0.126449	-0.00617458	0.995275	-0.0969019	0.126448	0.096903	0.987229	2.96747	2.27088	47.1698	
0.991627	-0.00640784	-0.128975	-0.00642614	0.995082	-0.098846	0.128974	0.0988472	0.986709	3.08608	2.36178	48.0865	
0.991294	-0.00666347	-0.131501	-0.00668286	0.994885	-0.100791	0.1315	0.100792	0.986179	3.20705	2.45449	49.0027	
0.990953	-0.00692422	-0.134027	-0.00694475	0.994684	-0.102735	0.134026	0.102737	0.985638	3.33035	2.54901	49.9184	
0.990607	-0.00719009	-0.136553	-0.0072118	0.99448	-0.10468	0.136552	0.104682	0.985086	3.45601	2.64533	50.8336	
0.990253	-0.00746107	-0.139079	-0.00748401	0.994271	-0.106625	0.139078	0.106627	0.984524	3.58401	2.74347	51.7482	
0.989893	-0.00773717	-0.141605	-0.00776137	0.994058	-0.108571	0.141603	0.108572	0.983951	3.71436	2.8434	52.6624	
0.989526	-0.00801838	-0.14413	-0.0080439	0.993842	-0.110516	0.144128	0.110518	0.983368	3.84705	2.94515	53.576	
0.989153	-0.00830469	-0.146654	-0.00833158	0.993621	-0.112461	0.146653	0.112463	0.982774	3.98209	3.0487	54.4891	
0.988773	-0.00859611	-0.149178	-0.00862441	0.993397	-0.114406	0.149177	0.114408	0.98217	4.11947	3.15406	55.4016	
0.988386	-0.00889263	-0.151702	-0.00892239	0.993168	-0.116351	0.1517	0.116353	0.981554	4.25919	3.26122	56.3135	
0.987786	-0.00934528	-0.155539	-0.00874429	0.993302	-0.115213	0.155574	0.115166	0.981088	4.40189	3.36874	57.2249	
0.987169	-0.00979385	-0.159379	-0.00856214	0.993435	-0.114079	0.15945	0.11398	0.980604	4.54819	3.47515	58.1359	
0.986536	-0.0102383	-0.163222	-0.00837595	0.993566	-0.112948	0.163328	0.112795	0.980103	4.69808	3.58046	59.0465	
0.985888	-0.0106785	-0.167066	-0.00818569	0.993695	-0.11182	0.167207	0.11161	0.979584	4.85158	3.68468	59.9566	
0.985223	-0.0111146	-0.170913	-0.00799139	0.993822	-0.110695	0.171087	0.110425	0.979048	5.00868	3.78779	60.8661	
0.984543	-0.0115463	-0.17476	-0.00779303	0.993948	-0.109573	0.174968	0.109241	0.978495	5.16939	3.8898	61.7752	
0.983847	-0.0119737	-0.178608	-0.00759061	0.994073	-0.108454	0.178848	0.108058	0.977925	5.3337	3.99071	62.6838	
0.983136	-0.0123968	-0.182457	-0.00738413	0.994195	-0.107337	0.182728	0.106874	0.977337	5.50161	4.09053	63.5918	
0.982408	-0.0128154	-0.186305	-0.00717357	0.994316	-0.106223	0.186607	0.105691	0.976733	5.67313	4.18924	64.4992	
0.981665	-0.0132295	-0.190153	-0.00695894	0.994436	-0.105112	0.190485	0.104508	0.976111	5.84825	4.28686	65.4061	
0.980907	-0.0136392	-0.193999	-0.00674021	0.994554	-0.104003	0.194361	0.103324	0.975473	6.02697	4.38337	66.3124	
0.980133	-0.0140442	-0.197844	-0.0065174	0.994671	-0.102896	0.198235	0.102141	0.974818	6.20929	4.47879	67.2181	
0.979343	-0.0144447	-0.201687	-0.00629047	0.994786	-0.101791	0.202106	0.100957	0.974146	6.39521	4.57311	68.1232	
0.978539	-0.0148406	-0.205528	-0.00605943	0.9949	-0.100688	0.205974	0.0997727	0.973458	6.58472	4.66632	69.0277	
0.977719	-0.0152318	-0.209366	-0.00582426	0.995012	-0.0995875	0.209839	0.098588	0.972753	6.77782	4.75844	69.9315	
0.976884	-0.0156182	-0.213201	-0.00558494	0.995123	-0.0984887	0.213699	0.0974027	0.972032	6.97451	4.84946	70.8346	
0.974849	-0.0164268	-0.222261	-0.000942645	0.996967	-0.0778177	0.222866	0.07607	0.971877	7.17725	4.93002	71.7374	
0.972729	-0.0170363	-0.231318	0.00389332	0.998358	-0.0571557	0.231912	0.0546964	0.971198	7.38846	4.99075	72.6398	
0.970525	-0.0174464	-0.240366	0.00892035	0.999293	-0.0365136	0.240833	0.0332933	0.969995	7.60801	5.03162	73.5413	
0.968239	-0.0176569	-0.249401	0.0141357	0.999774	-0.0159027	0.249625	0.0118722	0.96827	7.83579	5.05259	74.4415	
0.965872	-0.0176677	-0.258416	0.0195367	0.999798	0.00466594	0.258282	-0.00955529	0.966022	8.07166	5.05367	75.3398	
0.963425	-0.0174788	-0.267409	0.0251202	0.999367	0.0251813	0.266799	-0.0309776	0.963254	8.31552	5.03484	76.2358	
0.960898	-0.0170902	-0.276373	0.0308834	0.998481	0.0456322	0.275173	-0.0523832	0.959966	8.56722	4.99613	77.129	
0.958295	-0.0165023	-0.285304	0.0368231	0.997139	0.0660077	0.283399	-0.0737606	0.956161	8.82663	4.93755	78.0188	
0.955615	-0.0157152	-0.294197	0.0429361	0.995344	0.0862968	0.291471	-0.0950982	0.951841	9.09361	4.85913	78.9049	
0.952861	-0.0147295	-0.303048	0.0492191	0.993095	0.106489	0.299387	-0.116385	0.947007	9.36801	4.76091	79.7868	
0.950034	-0.0135456	-0.311851	0.0556687	0.990394	0.126572	0.307141	-0.137608	0.941663	9.64969	4.64295	80.6639	
0.947136	-0.0121642	-0.320602	0.0622815	0.987243	0.146537	0.31473	-0.158758	0.93581	9.9385	4.50531	81.5358	
0.944167	-0.0105861	-0.329296	0.0690538	0.983642	0.166371	0.322149	-0.179821	0.929454	10.2343	4.34807	82.4021	
0.94113	-0.00881208	-0.337929	0.0759821	0.979595	0.186065	0.329394	-0.200788	0.922596	10.5369	4.17131	83.2622	
0.938027	-0.00684309	-0.346495	0.0830626	0.975103	0.205608	0.336461	-0.221647	0.915241	10.8461	3.97513	84.1157	
0.934858	-0.00468021	-0.35499	0.0902915	0.970169	0.22499	0.343348	-0.242386	0.907393	11.1618	3.75962	84.9622	
0.931626	-0.00232461	-0.36341	0.0976649	0.964795	0.244199	0.350049	-0.262995	0.899055	11.4838	3.52492	85.8011	
0.928333	0.000222441	-0.37175	0.105179	0.958984	0.263226	0.356561	-0.283461	0.890233	11.812	3.27114	86.6321	
0.924979	0.00295957	-0.380006	0.112829	0.952739	0.28206	0.362881	-0.303775	0.88093	12.1461	2.99841	87.4547	
0.921568	0.00588531	-0.388172	0.120612	0.946064	0.300691	0.369006	-0.323925	0.871153	12.486	2.7069	88.2684	
0.918101	0.00899807	-0.396245	0.128523	0.938963	0.319109	0.374931	-0.3439	0.860906	12.8315	2.39675	89.0727	
0.914579	0.0122962	-0.404221	0.136557	0.931439	0.337304	0.380655	-0.363691	0.850195	13.1824	2.06814	89.8674	
