1	0	0	0	1	0	0	0	1	0	0	0	
0.999994	-3.2594e-06	0.00352787	-3.2594e-06	0.999998	0.00184779	-0.00352787	-0.00184779	0.999992	-0.00130781	-0.000684991	0.741412	
0.999975	-1.30419e-05	0.00705524	-1.30539e-05	0.999993	0.00369873	-0.00705524	-0.00369873	0.999968	-0.00523105	-0.00274113	1.48281	
0.999944	-2.93569e-05	0.0105821	-2.94048e-05	0.999985	0.00555276	-0.0105821	-0.00555276	0.999929	-0.0117693	-0.00617072	2.22419	
0.9999	-5.22133e-05	0.0141082	-5.23333e-05	0.999973	0.00740986	-0.0141082	-0.00740986	0.999873	-0.0209222	-0.0109761	2.96553	
0.999845	-8.16202e-05	0.0176337	-8.18602e-05	0.999957	0.00927	-0.0176337	-0.00927	0.999802	-0.0326892	-0.0171594	3.70683	
0.999776	-0.000117586	0.0211584	-0.000118006	0.999938	0.0111331	-0.0211584	-0.0111331	0.999714	-0.0470697	-0.024723	4.44806	
0.999695	-0.00016012	0.0246822	-0.000160792	0.999915	0.0129992	-0.0246822	-0.0129992	0.999611	-0.0640631	-0.0336691	5.18923	
0.999602	-0.000209229	0.0282051	-0.000210238	0.999889	0.0148682	-0.0282051	-0.0148682	0.999492	-0.0836688	-0.0439997	5.93031	
0.999497	-0.000264922	0.031727	-0.000266363	0.99986	0.0167401	-0.031727	-0.0167402	0.999356	-0.105886	-0.0557172	6.6713	
0.999379	-0.000327207	0.0352479	-0.000329189	0.999827	0.0186149	-0.0352478	-0.0186149	0.999205	-0.130714	-0.0688236	7.41218	
0.999248	-0.000396091	0.0387676	-0.000398734	0.99979	0.0204924	-0.0387676	-0.0204925	0.999038	-0.158152	-0.083321	8.15294	
0.999105	-0.000471582	0.0422861	-0.000475019	0.99975	0.0223728	-0.0422861	-0.0223728	0.998855	-0.188199	-0.0992115	8.89358	
0.99895	-0.000553686	0.0458033	-0.000558061	0.999706	0.0242558	-0.0458033	-0.0242559	0.998656	-0.220855	-0.116497	9.63407	
0.998783	-0.000642412	0.0493192	-0.000647882	0.999658	0.0261416	-0.0493192	-0.0261418	0.998441	-0.256117	-0.13518	10.3744	
0.998603	-0.000737765	0.0528337	-0.000744498	0.999607	0.0280301	-0.0528336	-0.0280302	0.99821	-0.293986	-0.155262	11.1146	
0.998411	-0.000839752	0.0563467	-0.00084793	0.999552	0.0299211	-0.0563466	-0.0299214	0.997963	-0.33446	-0.176745	11.8546	
0.998206	-0.000948379	0.0598582	-0.000958194	0.999493	0.0318148	-0.059858	-0.0318151	0.9977	-0.377538	-0.199631	12.5944	
0.99799	-0.00106365	0.063368	-0.00107531	0.999431	0.033711	-0.0633678	-0.0337114	0.997421	-0.423219	-0.223922	13.334	
0.997761	-0.00118558	0.0668761	-0.0011993	0.999365	0.0356097	-0.0668759	-0.0356102	0.997126	-0.471501	-0.24962	14.0734	
0.997519	-0.00131417	0.0703825	-0.00133017	0.999295	0.0375109	-0.0703822	-0.0375115	0.996815	-0.522384	-0.276727	14.8126	
0.997266	-0.00144942	0.073887	-0.00146795	0.999222	0.0394145	-0.0738867	-0.0394152	0.996487	-0.575865	-0.305244	15.5515	
0.997	-0.00159133	0.0773897	-0.00161265	0.999145	0.0413206	-0.0773892	-0.0413214	0.996144	-0.631944	-0.335174	16.2902	
0.996721	-0.00173993	0.0808903	-0.00176429	0.999064	0.0432289	-0.0808898	-0.0432299	0.995785	-0.69062	-0.366518	17.0286	
0.996431	-0.0018952	0.084389	-0.00192289	0.998979	0.0451396	-0.0843883	-0.0451408	0.99541	-0.75189	-0.399278	17.7667	
0.996128	-0.00205715	0.0878855	-0.00208846	0.99889	0.0470526	-0.0878848	-0.047054	0.995019	-0.815752	-0.433455	18.5046	
0.995814	-0.0022258	0.0913798	-0.00226102	0.998798	0.0489679	-0.091379	-0.0489695	0.994611	-0.882207	-0.469052	19.2422	
0.995487	-0.00240113	0.0948719	-0.00244059	0.998702	0.0508853	-0.0948709	-0.0508872	0.994188	-0.951251	-0.506069	19.9794	
0.995147	-0.00258317	0.0983617	-0.00262717	0.998601	0.0528049	-0.0983606	-0.0528071	0.993749	-1.02288	-0.544509	20.7164	
0.994796	-0.0027719	0.101849	-0.0028208	0.998497	0.0547266	-0.101848	-0.0547291	0.993293	-1.0971	-0.584374	21.453	
0.994432	-0.00296734	0.105334	-0.00302148	0.99839	0.0566504	-0.105333	-0.0566533	0.992822	-1.17391	-0.625664	22.1893	
0.994057	-0.00316949	0.108817	-0.00322923	0.998278	0.0585763	-0.108815	-0.0585795	0.992335	-1.25329	-0.668382	22.9252	
0.993669	-0.00337834	0.112296	-0.00344407	0.998162	0.0605041	-0.112294	-0.0605078	0.991831	-1.33526	-0.712528	23.6607	
0.993269	-0.00359391	0.115774	-0.003666	0.998042	0.062434	-0.115771	-0.0624381	0.991311	-1.4198	-0.758105	24.3959	
0.992857	-0.0038162	0.119248	-0.00389505	0.997919	0.0643657	-0.119246	-0.0643704	0.990776	-1.50693	-0.805114	25.1307	
0.992433	-0.00404521	0.12272	-0.00413123	0.997791	0.0662993	-0.122717	-0.0663046	0.990224	-1.59662	-0.853557	25.865	
0.991997	-0.00428094	0.126189	-0.00437455	0.99766	0.0682348	-0.126185	-0.0682408	0.989657	-1.68889	-0.903434	26.599	
0.991549	-0.00452339	0.129654	-0.00462502	0.997524	0.0701721	-0.129651	-0.0701787	0.989073	-1.78373	-0.954747	27.3325	
0.991089	-0.00477257	0.133117	-0.00488267	0.997385	0.0721112	-0.133113	-0.0721185	0.988473	-1.88114	-1.0075	28.0656	
0.990617	-0.00502848	0.136577	-0.00514751	0.997241	0.0740519	-0.136573	-0.0740601	0.987858	-1.98112	-1.06169	28.7983	
0.990133	-0.00529111	0.140034	-0.00541954	0.997094	0.0759944	-0.140029	-0.0760035	0.987226	-2.08366	-1.11732	29.5304	
0.989637	-0.00556048	0.143488	-0.00569879	0.996942	0.0779385	-0.143482	-0.0779485	0.986578	-2.18876	-1.17439	30.2621	
0.989129	-0.00583658	0.146938	-0.00598526	0.996786	0.0798842	-0.146932	-0.0798952	0.985915	-2.29641	-1.2329	30.9934	
0.988609	-0.00611942	0.150385	-0.00627896	0.996626	0.0818315	-0.150378	-0.0818436	0.985235	-2.40663	-1.29286	31.7241	
0.988077	-0.00640898	0.153828	-0.00657992	0.996463	0.0837803	-0.153821	-0.0837935	0.984539	-2.5194	-1.35426	32.4543	
0.987533	-0.00670529	0.157268	-0.00688814	0.996295	0.0857305	-0.157261	-0.085745	0.983828	-2.63472	-1.41711	33.184	
0.986978	-0.00700832	0.160705	-0.00720364	0.996122	0.0876822	-0.160696	-0.0876981	0.9831	-2.75259	-1.48141	33.9131	
0.98641	-0.0073181	0.164138	-0.00752642	0.995946	0.0896353	-0.164129	-0.0896526	0.982356	-2.873	-1.54715	34.6417	
0.985831	-0.0076346	0.167567	-0.0078565	0.995766	0.0915898	-0.167557	-0.0916085	0.981597	-2.99596	-1.61435	35.3698	
0.98524	-0.00795785	0.170993	-0.00819389	0.995581	0.0935455	-0.170982	-0.0935659	0.980821	-3.12146	-1.68299	36.0973	
0.984637	-0.00828783	0.174415	-0.0085386	0.995393	0.0955026	-0.174403	-0.0955247	0.98003	-3.2495	-1.75309	36.8242	
0.984023	-0.00862454	0.177833	-0.00889065	0.9952	0.0974608	-0.17782	-0.0974847	0.979223	-3.38007	-1.82464	37.5505	
0.983639	-0.00883827	0.179932	-0.00967289	0.994764	0.101742	-0.179889	-0.101818	0.978403	-3.51267	-1.89852	38.2762	
0.98325	-0.00906224	0.182039	-0.0104657	0.994308	0.106027	-0.181963	-0.106157	0.977558	-3.64682	-1.97562	39.0013	
0.982854	-0.00929652	0.184152	-0.0112692	0.993833	0.110317	-0.184042	-0.110501	0.976687	-3.7825	-2.05594	39.7257	
0.982452	-0.00954119	0.186272	-0.0120832	0.993337	0.114611	-0.186124	-0.114851	0.975791	-3.91972	-2.13948	40.4495	
0.982044	-0.0097963	0.188398	-0.0129079	0.992821	0.118908	-0.18821	-0.119205	0.974868	-4.05849	-2.22624	41.1727	
0.98163	-0.0100619	0.19053	-0.0137432	0.992286	0.123209	-0.1903	-0.123564	0.973919	-4.19881	-2.31624	41.8951	
0.98121	-0.0103381	0.192668	-0.0145891	0.99173	0.127512	-0.192393	-0.127927	0.972944	-4.34067	-2.40947	42.6168	
0.980783	-0.0106249	0.194812	-0.0154456	0.991154	0.131818	-0.194489	-0.132294	0.971943	-4.48409	-2.50594	43.3378	
0.980351	-0.0109224	0.19696	-0.0163128	0.990557	0.136126	-0.196587	-0.136665	0.970915	-4.62907	-2.60564	44.058	
0.979912	-0.0112306	0.199114	-0.0171906	0.98994	0.140436	-0.198689	-0.141038	0.969861	-4.7756	-2.70859	44.7775	
0.979467	-0.0115495	0.201273	-0.018079	0.989303	0.144748	-0.200792	-0.145414	0.968781	-4.92369	-2.81478	45.4962	
0.979016	-0.0118793	0.203436	-0.0189781	0.988646	0.14906	-0.202897	-0.149793	0.967675	-5.07334	-2.92421	46.214	
0.978559	-0.0122199	0.205603	-0.0198877	0.987968	0.153374	-0.205004	-0.154174	0.966542	-5.22455	-3.0369	46.931	
0.978096	-0.0125714	0.207775	-0.0208079	0.98727	0.157688	-0.207112	-0.158557	0.965383	-5.37733	-3.15283	47.6472	
0.977627	-0.0129338	0.20995	-0.0217387	0.986551	0.162002	-0.209221	-0.162941	0.964197	-5.53167	-3.27201	48.3625	
0.977151	-0.0133071	0.212128	-0.0226801	0.985812	0.166316	-0.211332	-0.167327	0.962985	-5.68757	-3.39444	49.077	
0.97667	-0.0136914	0.21431	-0.0236321	0.985052	0.170629	-0.213442	-0.171713	0.961747	-5.84504	-3.52013	49.7905	
0.976182	-0.0140866	0.216494	-0.0245945	0.984272	0.174942	-0.215553	-0.176099	0.960482	-6.00407	-3.64907	50.5031	
0.975689	-0.0144929	0.218681	-0.0255675	0.983471	0.179253	-0.217665	-0.180486	0.959191	-6.16466	-3.78125	51.2147	
0.975189	-0.0149102	0.220871	-0.026551	0.982649	0.183563	-0.219775	-0.184873	0.957873	-6.32683	-3.9167	51.9254	
0.974684	-0.0153384	0.223062	-0.0275449	0.981807	0.187871	-0.221886	-0.189259	0.956529	-6.49055	-4.05539	52.6351	
0.974172	-0.0157777	0.225255	-0.0285493	0.980945	0.192177	-0.223995	-0.193645	0.955159	-6.65585	-4.19733	53.3437	
0.973654	-0.0162281	0.22745	-0.0295641	0.980062	0.196481	-0.226104	-0.198029	0.953762	-6.8227	-4.34253	54.0514	
0.973131	-0.0166894	0.229646	-0.0305892	0.979158	0.200782	-0.228211	-0.202412	0.952339	-6.99112	-4.49098	54.758	
0.972602	-0.0171618	0.231843	-0.0316247	0.978234	0.20508	-0.230317	-0.206793	0.950889	-7.1611	-4.64267	55.4635	
0.972067	-0.0176452	0.234041	-0.0326705	0.977289	0.209375	-0.23242	-0.211173	0.949414	-7.33264	-4.79762	56.168	
0.971526	-0.0181396	0.236239	-0.0337266	0.976324	0.213666	-0.234522	-0.21555	0.947912	-7.50574	-4.95581	56.8713	
0.970979	-0.0186449	0.238438	-0.0347929	0.975339	0.217953	-0.236621	-0.219924	0.946385	-7.68039	-5.11724	57.5736	
0.970426	-0.0191613	0.240636	-0.0358694	0.974333	0.222237	-0.238718	-0.224296	0.944831	-7.85661	-5.28192	58.2747	
0.969868	-0.0196885	0.242834	-0.036956	0.973306	0.226515	-0.240811	-0.228664	0.943251	-8.03437	-5.44983	58.9746	
0.969304	-0.0202267	0.245031	-0.0380528	0.97226	0.230789	-0.242902	-0.233029	0.941646	-8.21369	-5.62098	59.6733	
0.968735	-0.0207758	0.247227	-0.0391596	0.971192	0.235057	-0.244989	-0.23739	0.940014	-8.39455	-5.79537	60.3709	
0.96816	-0.0213357	0.249422	-0.0402764	0.970105	0.239321	-0.247072	-0.241746	0.938357	-8.57696	-5.97299	61.0672	
0.967579	-0.0219065	0.251616	-0.0414031	0.968997	0.243578	-0.249151	-0.246099	0.936675	-8.76092	-6.15384	61.7623	
0.966993	-0.022488	0.253808	-0.0425398	0.967869	0.24783	-0.251226	-0.250447	0.934966	-8.94641	-6.33791	62.4561	
0.966402	-0.0230802	0.255998	-0.0436863	0.966721	0.252075	-0.253296	-0.254789	0.933233	-9.13344	-6.52521	63.1487	
0.965805	-0.0236832	0.258185	-0.0448426	0.965553	0.256314	-0.255362	-0.259127	0.931474	-9.322	-6.71572	63.8399	
0.965203	-0.0242967	0.260371	-0.0460086	0.964365	0.260546	-0.257423	-0.263459	0.92969	-9.5121	-6.90945	64.5299	
0.964596	-0.0249209	0.262553	-0.0471842	0.963156	0.264771	-0.259478	-0.267785	0.927881	-9.70372	-7.10638	65.2185	
0.963983	-0.0255555	0.264732	-0.0483695	0.961928	0.268988	-0.261527	-0.272105	0.926046	-9.89686	-7.30653	65.9058	
0.963366	-0.0262006	0.266908	-0.0495643	0.96068	0.273198	-0.263571	-0.276419	0.924188	-10.0915	-7.50987	66.5917	
0.962743	-0.0268561	0.269081	-0.0507685	0.959412	0.2774	-0.265609	-0.280726	0.922304	-10.2877	-7.71641	67.2762	
0.962116	-0.0275219	0.271249	-0.0519821	0.958124	0.281594	-0.267641	-0.285026	0.920396	-10.4854	-7.92614	67.9593	
0.961483	-0.028198	0.273414	-0.0532051	0.956817	0.28578	-0.269665	-0.289319	0.918463	-10.6846	-8.13905	68.641	
0.960846	-0.0288842	0.275574	-0.0544373	0.95549	0.289956	-0.271683	-0.293605	0.916507	-10.8852	-8.35514	69.3212	
0.960204	-0.0295806	0.27773	-0.0556786	0.954144	0.294124	-0.273694	-0.297883	0.914526	-11.0874	-8.57441	70	
0.96224	-0.0272693	0.270834	-0.0602419	0.948964	0.309579	-0.265454	-0.314205	0.911488	-11.2873	-8.80133	70.6769	
0.964213	-0.0248351	0.263963	-0.0646648	0.943508	0.32498	-0.257122	-0.330419	0.908136	-11.481	-9.0403	71.3515	
