1	0	0	0	1	0	0	0	1	0	0	0	
0.999998	-2.96173e-06	-0.00212009	-2.96173e-06	0.999996	-0.00279396	0.00212009	0.00279396	0.999994	0.000819661	0.00108019	0.773231	
0.999991	-1.18626e-05	-0.00424304	-1.18618e-05	0.999984	-0.00559131	0.00424304	0.00559131	0.999975	0.00327975	0.00432207	1.54645	
0.99998	-2.67258e-05	-0.00636881	-2.67226e-05	0.999965	-0.00839198	0.00636881	0.00839198	0.999945	0.00738247	0.00972825	2.31965	
0.999964	-4.75741e-05	-0.00849734	-4.75659e-05	0.999937	-0.0111959	0.00849734	0.0111959	0.999901	0.01313	0.0173012	3.09283	
0.999944	-7.44298e-05	-0.0106286	-7.44133e-05	0.999902	-0.014003	0.0106286	0.014003	0.999845	0.0205244	0.0270435	3.86596	
0.999919	-0.000107315	-0.0127624	-0.000107286	0.999859	-0.0168132	0.0127624	0.0168132	0.999777	0.0295677	0.0389576	4.63905	
0.999889	-0.000146251	-0.0148989	-0.000146205	0.999807	-0.0196264	0.0148989	0.0196264	0.999696	0.0402621	0.0530457	5.41208	
0.999855	-0.00019126	-0.0170379	-0.000191191	0.999748	-0.0224425	0.0170379	0.0224425	0.999603	0.0526094	0.0693103	6.18504	
0.999816	-0.000242362	-0.0191794	-0.000242263	0.999681	-0.0252616	0.0191794	0.0252616	0.999497	0.0666116	0.0877535	6.95793	
0.999773	-0.000299578	-0.0213234	-0.000299441	0.999606	-0.0280835	0.0213234	0.0280835	0.999378	0.0822706	0.108378	7.73073	
0.999724	-0.000362929	-0.0234697	-0.000362746	0.999522	-0.030908	0.0234697	0.030908	0.999247	0.0995884	0.131185	8.50343	
0.999672	-0.000432433	-0.0256183	-0.000432195	0.999431	-0.0337353	0.0256183	0.0337353	0.999102	0.118567	0.156177	9.27602	
0.999614	-0.000508111	-0.0277692	-0.000507808	0.999331	-0.0365651	0.0277692	0.0365651	0.998945	0.139207	0.183356	10.0485	
0.999552	-0.000589982	-0.0299223	-0.000589603	0.999223	-0.0393975	0.0299223	0.0393975	0.998775	0.161512	0.212725	10.8209	
0.999485	-0.000678064	-0.0320775	-0.000677597	0.999108	-0.0422323	0.0320775	0.0422323	0.998593	0.185482	0.244284	11.5931	
0.999414	-0.000772377	-0.0342349	-0.000771809	0.998984	-0.0450695	0.0342349	0.0450695	0.998397	0.211119	0.278036	12.3651	
0.999337	-0.000872937	-0.0363943	-0.000872255	0.998851	-0.047909	0.0363943	0.0479089	0.998188	0.238426	0.313983	13.137	
0.999256	-0.000979764	-0.0385557	-0.000978953	0.998711	-0.0507507	0.0385557	0.0507506	0.997967	0.267402	0.352127	13.9088	
0.99917	-0.00109287	-0.040719	-0.00109192	0.998562	-0.0535945	0.040719	0.0535945	0.997732	0.298051	0.392468	14.6804	
0.999079	-0.00121228	-0.0428842	-0.00121117	0.998405	-0.0564404	0.0428842	0.0564404	0.997485	0.330374	0.43501	15.4518	
0.998984	-0.00133801	-0.0450512	-0.00133672	0.99824	-0.0592884	0.0450513	0.0592883	0.997224	0.364371	0.479752	16.2229	
0.998883	-0.00147007	-0.04722	-0.00146858	0.998066	-0.0621382	0.0472201	0.0621382	0.99695	0.400045	0.526698	16.9939	
0.998778	-0.00160848	-0.0493906	-0.00160678	0.997885	-0.06499	0.0493906	0.0649899	0.996663	0.437396	0.575848	17.7647	
0.998668	-0.00175325	-0.0515628	-0.00175132	0.997694	-0.0678435	0.0515628	0.0678434	0.996363	0.476426	0.627203	18.5352	
0.998553	-0.00190441	-0.0537365	-0.00190222	0.997496	-0.0706987	0.0537366	0.0706986	0.996049	0.517137	0.680766	19.3055	
0.998434	-0.00206196	-0.0559119	-0.00205949	0.997289	-0.0735556	0.055912	0.0735555	0.995723	0.559529	0.736537	20.0756	
0.998309	-0.00222592	-0.0580887	-0.00222315	0.997074	-0.076414	0.0580888	0.0764139	0.995383	0.603603	0.794518	20.8454	
0.998179	-0.0023963	-0.060267	-0.00239321	0.99685	-0.0792739	0.0602671	0.0792738	0.995029	0.649362	0.854709	21.6149	
0.998045	-0.00257312	-0.0624467	-0.00256968	0.996618	-0.0821353	0.0624468	0.0821352	0.994663	0.696805	0.917112	22.3841	
0.997906	-0.00275639	-0.0646277	-0.00275258	0.996377	-0.084998	0.0646278	0.0849979	0.994283	0.745934	0.981729	23.1531	
0.997761	-0.00294612	-0.0668099	-0.00294192	0.996128	-0.087862	0.0668101	0.0878619	0.99389	0.79675	1.04856	23.9218	
0.997612	-0.00314234	-0.0689934	-0.00313771	0.995871	-0.0907272	0.0689936	0.090727	0.993483	0.849254	1.1176	24.6901	
0.997458	-0.00334504	-0.0711781	-0.00333996	0.995605	-0.0935935	0.0711783	0.0935933	0.993063	0.903447	1.18887	25.4581	
0.997299	-0.00355424	-0.0733638	-0.00354868	0.99533	-0.0964609	0.0733641	0.0964607	0.992629	0.95933	1.26234	26.2258	
0.997135	-0.00376996	-0.0755507	-0.00376389	0.995047	-0.0993293	0.075551	0.0993291	0.992182	1.0169	1.33804	26.9932	
0.996966	-0.0039922	-0.0777385	-0.00398559	0.994756	-0.102199	0.0777388	0.102198	0.991722	1.07617	1.41595	27.7602	
0.996792	-0.00422098	-0.0799273	-0.0042138	0.994456	-0.105069	0.0799276	0.105068	0.991248	1.13712	1.49609	28.5269	
0.996613	-0.0044563	-0.0821169	-0.00444852	0.994147	-0.10794	0.0821174	0.107939	0.99076	1.19977	1.57844	29.2931	
0.996429	-0.00469819	-0.0843074	-0.00468976	0.99383	-0.110811	0.0843079	0.110811	0.990259	1.26412	1.66301	30.059	
0.99624	-0.00494664	-0.0864987	-0.00493754	0.993505	-0.113684	0.0864992	0.113683	0.989744	1.33015	1.7498	30.8245	
0.996046	-0.00520166	-0.0886907	-0.00519186	0.993171	-0.116556	0.0886913	0.116556	0.989216	1.39788	1.83882	31.5896	
0.995847	-0.00546327	-0.0908834	-0.00545273	0.992828	-0.11943	0.090884	0.119429	0.988674	1.46731	1.93005	32.3543	
0.995642	-0.00573148	-0.0930767	-0.00572015	0.992476	-0.122303	0.0930774	0.122303	0.988119	1.53843	2.02351	33.1186	
0.995433	-0.00600629	-0.0952706	-0.00599415	0.992116	-0.125177	0.0952713	0.125177	0.98755	1.61125	2.11919	33.8824	
0.995219	-0.00628772	-0.097465	-0.00627472	0.991748	-0.128052	0.0974658	0.128051	0.986967	1.68577	2.21709	34.6458	
0.995	-0.00657576	-0.0996598	-0.00656186	0.99137	-0.130926	0.0996607	0.130925	0.98637	1.76198	2.31722	35.4087	
0.994776	-0.00687043	-0.101855	-0.0068556	0.990985	-0.133801	0.101856	0.1338	0.98576	1.83989	2.41957	36.1712	
0.994546	-0.00717174	-0.104051	-0.00715593	0.99059	-0.136675	0.104052	0.136675	0.985136	1.9195	2.52414	36.9332	
0.994312	-0.00747969	-0.106246	-0.00746286	0.990187	-0.13955	0.106248	0.139549	0.984499	2.0008	2.63093	37.6946	
0.994072	-0.00779429	-0.108443	-0.0077764	0.989775	-0.142425	0.108444	0.142424	0.983847	2.08381	2.73994	38.4556	
0.993828	-0.00811555	-0.110639	-0.00809654	0.989355	-0.145299	0.11064	0.145298	0.983182	2.16851	2.85118	39.2161	
0.993578	-0.00844347	-0.112835	-0.00842331	0.988926	-0.148173	0.112837	0.148172	0.982503	2.25491	2.96464	39.9761	
0.993323	-0.00877805	-0.115032	-0.00875669	0.988488	-0.151047	0.115033	0.151046	0.981811	2.34301	3.08032	40.7355	
0.992809	-0.00945078	-0.119335	-0.00931806	0.987753	-0.155747	0.119345	0.155739	0.980562	2.43362	3.19893	41.4942	
0.992276	-0.0101441	-0.123633	-0.00990045	0.986995	-0.160444	0.123653	0.160429	0.979271	2.52757	3.32117	42.2519	
0.991724	-0.0108581	-0.127925	-0.0105038	0.986215	-0.165138	0.127955	0.165115	0.977939	2.62484	3.44703	43.0086	
0.991154	-0.0115926	-0.132212	-0.0111283	0.985411	-0.169828	0.132252	0.169797	0.976565	2.72544	3.57651	43.7643	
0.990564	-0.0123478	-0.136493	-0.0117737	0.984584	-0.174515	0.136543	0.174475	0.975148	2.82936	3.70962	44.5188	
0.989956	-0.0131234	-0.140767	-0.0124401	0.983735	-0.179197	0.140829	0.179148	0.97369	2.9366	3.84633	45.2723	
0.989328	-0.0139196	-0.145036	-0.0131274	0.982862	-0.183874	0.14511	0.183816	0.972191	3.04715	3.98666	46.0246	
0.988682	-0.0147363	-0.149298	-0.0138357	0.981967	-0.188547	0.149384	0.188479	0.970649	3.16101	4.1306	46.7757	
0.988018	-0.0155735	-0.153553	-0.014565	0.981048	-0.193215	0.153652	0.193137	0.969066	3.27817	4.27814	47.5257	
0.987334	-0.0164311	-0.157802	-0.0153152	0.980107	-0.197878	0.157914	0.197788	0.967441	3.39862	4.42927	48.2743	
0.986632	-0.0173092	-0.162043	-0.0160862	0.979143	-0.202535	0.162169	0.202434	0.965775	3.52237	4.58401	49.0218	
0.985911	-0.0182076	-0.166277	-0.0168781	0.978156	-0.207186	0.166417	0.207073	0.964067	3.64941	4.74233	49.7679	
0.985171	-0.0191265	-0.170504	-0.0176909	0.977146	-0.211831	0.170659	0.211706	0.962318	3.77973	4.90424	50.5126	
0.984413	-0.0200657	-0.174723	-0.0185245	0.976114	-0.216469	0.174893	0.216332	0.960527	3.91333	5.06972	51.2561	
0.983636	-0.0210252	-0.178934	-0.0193788	0.975058	-0.221101	0.17912	0.220951	0.958695	4.05019	5.23878	51.9981	
0.982841	-0.0220049	-0.183137	-0.0202539	0.97398	-0.225726	0.183339	0.225562	0.956822	4.19033	5.41141	52.7386	
0.982027	-0.023005	-0.187332	-0.0211498	0.97288	-0.230343	0.187551	0.230165	0.954908	4.33372	5.58761	53.4777	
0.981195	-0.0240252	-0.191519	-0.0220663	0.971756	-0.234953	0.191754	0.234761	0.952952	4.48036	5.76735	54.2154	
0.980344	-0.0250656	-0.195697	-0.0230034	0.97061	-0.239555	0.19595	0.239348	0.950955	4.63026	5.95065	54.9514	
0.979475	-0.0261261	-0.199866	-0.0239611	0.969442	-0.244149	0.200137	0.243927	0.948918	4.78339	6.1375	55.686	
0.978587	-0.0272068	-0.204026	-0.0249394	0.968251	-0.248735	0.204316	0.248497	0.946839	4.93976	6.32788	56.4189	
0.977681	-0.0283074	-0.208177	-0.0259383	0.967037	-0.253311	0.208486	0.253058	0.94472	5.09936	6.52179	57.1502	
0.976757	-0.0294281	-0.212319	-0.0269576	0.965801	-0.257879	0.212647	0.257609	0.94256	5.26217	6.71922	57.8799	
0.975815	-0.0305688	-0.216451	-0.0279973	0.964543	-0.262438	0.216799	0.262151	0.940359	5.42821	6.92017	58.6078	
0.974854	-0.0317294	-0.220574	-0.0290574	0.963262	-0.266987	0.220942	0.266683	0.938118	5.59744	7.12462	59.3341	
0.973875	-0.0329098	-0.224686	-0.0301378	0.961959	-0.271527	0.225075	0.271205	0.935836	5.76988	7.33258	60.0586	
0.972878	-0.0341101	-0.228789	-0.0312385	0.960634	-0.276056	0.229199	0.275716	0.933514	5.94551	7.54403	60.7813	
0.971863	-0.0353302	-0.232881	-0.0323594	0.959286	-0.280575	0.233313	0.280216	0.931152	6.12433	7.75896	61.5022	
0.97083	-0.03657	-0.236963	-0.0335005	0.957917	-0.285084	0.237416	0.284706	0.92875	6.30632	7.97737	62.2213	
0.969779	-0.0378294	-0.241034	-0.0346616	0.956526	-0.289581	0.24151	0.289184	0.926307	6.49148	8.19925	62.9385	
0.96871	-0.0391085	-0.245094	-0.0358428	0.955112	-0.294068	0.245593	0.293651	0.923825	6.6798	8.42458	63.6538	
0.967623	-0.0404072	-0.249144	-0.037044	0.953677	-0.298543	0.249666	0.298106	0.921303	6.87128	8.65337	64.3671	
0.966518	-0.0417254	-0.253182	-0.0382652	0.95222	-0.303006	0.253728	0.302549	0.918742	7.0659	8.88559	65.0785	
0.965396	-0.0430631	-0.257209	-0.0395061	0.950741	-0.307458	0.257779	0.30698	0.91614	7.26366	9.12124	65.7879	
0.964256	-0.0444201	-0.261224	-0.0407669	0.949241	-0.311897	0.261819	0.311398	0.9135	7.46454	9.36032	66.4953	
0.963098	-0.0457965	-0.265227	-0.0420473	0.947719	-0.316324	0.265847	0.315803	0.91082	7.66855	9.60281	67.2006	
0.961922	-0.0471922	-0.269219	-0.0433474	0.946175	-0.320739	0.269865	0.320196	0.908101	7.87566	9.8487	67.9038	
0.960729	-0.0486071	-0.273198	-0.0446671	0.94461	-0.32514	0.27387	0.324574	0.905343	8.08588	10.098	68.605	
0.959518	-0.0500411	-0.277166	-0.0460063	0.943024	-0.329528	0.277864	0.32894	0.902547	8.29919	10.3506	69.3039	
0.95829	-0.0514943	-0.28112	-0.0473649	0.941417	-0.333903	0.281845	0.333291	0.899711	8.51558	10.6067	70.0007	
0.954126	-0.0563872	-0.294047	-0.0510733	0.937059	-0.345416	0.295017	0.344588	0.891193	8.73862	10.8688	70.6931	
0.949773	-0.0614423	-0.306849	-0.0549503	0.932557	-0.356817	0.308077	0.355757	0.882341	8.97179	11.1395	71.3788	
0.945232	-0.0666577	-0.31952	-0.0589945	0.927912	-0.368102	0.321023	0.366792	0.87316	9.21502	11.4189	72.0575	
0.940505	-0.0720314	-0.332056	-0.0632044	0.923126	-0.379267	0.333849	0.37769	0.863652	9.46821	11.7067	72.729	
0.935594	-0.0775614	-0.344453	-0.0675783	0.918201	-0.390308	0.34655	0.388448	0.853822	9.73127	12.0029	73.3931	
0.930501	-0.0832456	-0.356705	-0.0721147	0.913138	-0.401221	0.359121	0.39906	0.843672	10.0041	12.3074	74.0494	
