1	0	0	0	1	0	0	0	1	0	0	0	
0.999997	-1.26928e-06	0.00259737	-1.26928e-06	1	0.000977357	-0.00259737	-0.000977357	0.999996	-0.00101337	-0.000381318	0.780302	
0.999986	-5.08968e-06	0.00520063	-5.09169e-06	0.999998	0.00195771	-0.00520063	-0.00195771	0.999985	-0.00405577	-0.00152644	1.5606	
0.99997	-1.14804e-05	0.0078097	-1.14885e-05	0.999996	0.00294102	-0.0078097	-0.00294102	0.999965	-0.00913177	-0.00343768	2.34088	
0.999946	-2.04605e-05	0.0104245	-2.04807e-05	0.999992	0.00392727	-0.0104245	-0.00392727	0.999938	-0.0162459	-0.00611736	3.12115	
0.999915	-3.20488e-05	0.013045	-3.20892e-05	0.999988	0.00491644	-0.013045	-0.00491644	0.999903	-0.0254026	-0.00956775	3.90139	
0.999877	-4.62639e-05	0.015671	-4.63348e-05	0.999983	0.00590849	-0.015671	-0.00590849	0.99986	-0.0366062	-0.0137911	4.6816	
0.999832	-6.31242e-05	0.0183026	-6.3238e-05	0.999976	0.0069034	-0.0183026	-0.0069034	0.999809	-0.049861	-0.0187897	5.46177	
0.999781	-8.26481e-05	0.0209396	-8.28191e-05	0.999969	0.00790114	-0.0209396	-0.00790115	0.99975	-0.0651714	-0.0245657	6.24191	
0.999722	-0.000104854	0.0235819	-0.000105098	0.99996	0.0089017	-0.0235819	-0.0089017	0.999682	-0.0825416	-0.0311214	7.02199	
0.999656	-0.000129759	0.0262295	-0.000130096	0.999951	0.00990503	-0.0262295	-0.00990503	0.999607	-0.101976	-0.0384589	7.80201	
0.999583	-0.000157381	0.0288822	-0.000157832	0.99994	0.0109111	-0.0288822	-0.0109111	0.999523	-0.123477	-0.0465803	8.58198	
0.999502	-0.000187738	0.0315401	-0.000188325	0.999929	0.0119199	-0.0315401	-0.0119199	0.999431	-0.147051	-0.0554879	9.36187	
0.999415	-0.000220846	0.034203	-0.000221596	0.999916	0.0129314	-0.034203	-0.0129315	0.999331	-0.172701	-0.0651837	10.1417	
0.99932	-0.000256724	0.0368708	-0.000257663	0.999903	0.0139456	-0.0368708	-0.0139456	0.999223	-0.200431	-0.0756699	10.9214	
0.999218	-0.000295388	0.0395435	-0.000296545	0.999888	0.0149625	-0.0395435	-0.0149625	0.999106	-0.230244	-0.0869484	11.7011	
0.999108	-0.000336854	0.042221	-0.000338263	0.999872	0.0159819	-0.042221	-0.0159819	0.99898	-0.262144	-0.0990214	12.4806	
0.998991	-0.00038114	0.0449032	-0.000382833	0.999855	0.017004	-0.0449032	-0.017004	0.998847	-0.296136	-0.111891	13.2601	
0.998867	-0.000428261	0.04759	-0.000430276	0.999837	0.0180286	-0.04759	-0.0180286	0.998704	-0.332222	-0.125559	14.0394	
0.998735	-0.000478233	0.0502814	-0.000480609	0.999818	0.0190557	-0.0502814	-0.0190558	0.998553	-0.370407	-0.140028	14.8187	
0.998596	-0.000531073	0.0529772	-0.00053385	0.999798	0.0200853	-0.0529772	-0.0200854	0.998394	-0.410694	-0.155299	15.5978	
0.998449	-0.000586796	0.0556775	-0.000590018	0.999777	0.0211175	-0.0556774	-0.0211176	0.998225	-0.453086	-0.171374	16.3768	
0.998294	-0.000645417	0.058382	-0.00064913	0.999754	0.0221521	-0.058382	-0.0221522	0.998049	-0.497586	-0.188256	17.1556	
0.998132	-0.000706953	0.0610908	-0.000711204	0.999731	0.0231891	-0.0610907	-0.0231892	0.997863	-0.544198	-0.205946	17.9343	
0.997962	-0.000771417	0.0638037	-0.000776257	0.999706	0.0242285	-0.0638036	-0.0242286	0.997668	-0.592926	-0.224446	18.7129	
0.997785	-0.000838825	0.0665207	-0.000844307	0.99968	0.0252702	-0.0665206	-0.0252704	0.997465	-0.643772	-0.243758	19.4913	
0.9976	-0.000909191	0.0692416	-0.00091537	0.999653	0.0263143	-0.0692415	-0.0263146	0.997253	-0.69674	-0.263884	20.2695	
0.997407	-0.00098253	0.0719665	-0.000989463	0.999625	0.0273608	-0.0719664	-0.027361	0.997032	-0.751833	-0.284826	21.0476	
0.997206	-0.00105886	0.0746952	-0.0010666	0.999596	0.0284095	-0.0746951	-0.0284098	0.996802	-0.809053	-0.306585	21.8255	
0.996997	-0.00113818	0.0774276	-0.00114681	0.999565	0.0294605	-0.0774275	-0.0294608	0.996563	-0.868404	-0.329163	22.6032	
0.996781	-0.00122053	0.0801638	-0.00123009	0.999534	0.0305136	-0.0801636	-0.030514	0.996315	-0.929888	-0.352562	23.3808	
0.996557	-0.0013059	0.0829035	-0.00131647	0.999501	0.031569	-0.0829033	-0.0315695	0.996057	-0.993509	-0.376784	24.1581	
0.996325	-0.00139431	0.0856467	-0.00140596	0.999467	0.0326266	-0.0856465	-0.0326271	0.995791	-1.05927	-0.401831	24.9352	
0.996085	-0.00148578	0.0883933	-0.00149858	0.999431	0.0336863	-0.0883931	-0.0336869	0.995516	-1.12717	-0.427703	25.7121	
0.995837	-0.00158031	0.0911433	-0.00159434	0.999395	0.0347481	-0.091143	-0.0347488	0.995231	-1.19722	-0.454403	26.4888	
0.995581	-0.00167793	0.0938965	-0.00169326	0.999357	0.035812	-0.0938963	-0.0358128	0.994938	-1.26941	-0.481933	27.2653	
0.995317	-0.00177864	0.096653	-0.00179535	0.999318	0.036878	-0.0966527	-0.0368788	0.994635	-1.34375	-0.510294	28.0415	
0.995045	-0.00188246	0.0994125	-0.00190063	0.999278	0.037946	-0.0994122	-0.0379469	0.994323	-1.42025	-0.539487	28.8175	
0.994764	-0.00198939	0.102175	-0.00200911	0.999237	0.039016	-0.102175	-0.039017	0.994001	-1.4989	-0.569515	29.5933	
0.994476	-0.00209945	0.104941	-0.0021208	0.999194	0.0400879	-0.10494	-0.040089	0.99367	-1.5797	-0.600378	30.3687	
0.99418	-0.00221266	0.107709	-0.00223573	0.99915	0.0411618	-0.107709	-0.041163	0.99333	-1.66267	-0.632079	31.144	
0.993876	-0.00232901	0.11048	-0.0023539	0.999105	0.0422376	-0.11048	-0.042239	0.99298	-1.7478	-0.664618	31.9189	
0.993563	-0.00244853	0.113254	-0.00247534	0.999058	0.0433153	-0.113253	-0.0433168	0.992621	-1.83509	-0.697998	32.6936	
0.993242	-0.00257123	0.116031	-0.00260004	0.999011	0.0443948	-0.11603	-0.0443965	0.992253	-1.92454	-0.73222	33.468	
0.992913	-0.00269711	0.11881	-0.00272803	0.998962	0.0454762	-0.118809	-0.045478	0.991875	-2.01616	-0.767284	34.2421	
0.992576	-0.00282619	0.121591	-0.00285931	0.998911	0.0465593	-0.12159	-0.0465613	0.991488	-2.10996	-0.803194	35.016	
0.992231	-0.00295847	0.124375	-0.00299391	0.99886	0.0476442	-0.124374	-0.0476464	0.991091	-2.20592	-0.839949	35.7895	
0.991877	-0.00309398	0.127161	-0.00313183	0.998807	0.0487309	-0.12716	-0.0487333	0.990684	-2.30406	-0.877552	36.5627	
0.991515	-0.0032327	0.12995	-0.00327309	0.998753	0.0498192	-0.129949	-0.0498219	0.990268	-2.40437	-0.916003	37.3355	
0.991145	-0.00337467	0.13274	-0.00341769	0.998697	0.0509092	-0.132739	-0.0509121	0.989843	-2.50686	-0.955305	38.1081	
0.990767	-0.00351988	0.135533	-0.00356566	0.998641	0.0520009	-0.135532	-0.052004	0.989407	-2.61152	-0.995458	38.8803	
0.99038	-0.00366835	0.138328	-0.003717	0.998583	0.0530942	-0.138326	-0.0530976	0.988962	-2.71837	-1.03646	39.6521	
0.989985	-0.00382008	0.141124	-0.00387172	0.998523	0.0541891	-0.141123	-0.0541927	0.988508	-2.8274	-1.07832	40.4237	
0.989581	-0.00397508	0.143922	-0.00402984	0.998462	0.0552855	-0.143921	-0.0552895	0.988043	-2.93861	-1.12104	41.1948	
0.989169	-0.00413337	0.146723	-0.00419137	0.9984	0.0563834	-0.146721	-0.0563877	0.987569	-3.052	-1.16461	41.9656	
0.988448	-0.00441353	0.151494	-0.00466465	0.998216	0.0595168	-0.151486	-0.0595359	0.986665	-3.16835	-1.20984	42.7359	
0.987704	-0.00470922	0.156266	-0.00515303	0.998022	0.0626469	-0.156252	-0.0626818	0.985726	-3.28841	-1.25752	43.5054	
0.986935	-0.00502047	0.161038	-0.00565649	0.997819	0.0657738	-0.161017	-0.0658254	0.984754	-3.4122	-1.30766	44.2742	
0.986143	-0.00534726	0.165811	-0.00617503	0.997605	0.0688972	-0.165782	-0.0689664	0.983748	-3.5397	-1.36025	45.0422	
0.985327	-0.00568963	0.170583	-0.00670865	0.997381	0.0720172	-0.170546	-0.0721049	0.982708	-3.67092	-1.41529	45.8094	
0.984487	-0.00604756	0.175355	-0.00725735	0.997147	0.0751337	-0.175309	-0.0752407	0.981634	-3.80585	-1.47277	46.5758	
0.983623	-0.00642107	0.180126	-0.00782113	0.996903	0.0782465	-0.180071	-0.0783738	0.980526	-3.94451	-1.53271	47.3413	
0.982735	-0.00681016	0.184896	-0.00839997	0.99665	0.0813555	-0.18483	-0.081504	0.979385	-4.08687	-1.59508	48.106	
0.981823	-0.00721483	0.189664	-0.00899388	0.996386	0.0844606	-0.189588	-0.0846312	0.97821	-4.23295	-1.6599	48.8698	
0.980887	-0.00763508	0.194431	-0.00960285	0.996113	0.0875619	-0.194343	-0.0877554	0.977	-4.38274	-1.72716	49.6326	
0.979927	-0.0080709	0.199195	-0.0102269	0.995829	0.0906591	-0.199096	-0.0908764	0.975757	-4.53625	-1.79685	50.3945	
0.978943	-0.0085223	0.203957	-0.0108659	0.995536	0.0937521	-0.203845	-0.0939942	0.97448	-4.69345	-1.86898	51.1554	
0.977935	-0.00898927	0.208716	-0.01152	0.995233	0.096841	-0.208592	-0.0971086	0.97317	-4.85437	-1.94354	51.9152	
0.976903	-0.00947179	0.213472	-0.0121892	0.99492	0.0999255	-0.213334	-0.10022	0.971825	-5.01898	-2.02053	52.6741	
0.975848	-0.00996986	0.218225	-0.0128733	0.994597	0.103006	-0.218073	-0.103327	0.970447	-5.1873	-2.09994	53.4319	
0.974768	-0.0104835	0.222974	-0.0135724	0.994265	0.106081	-0.222807	-0.106431	0.969035	-5.35931	-2.18178	54.1886	
0.973665	-0.0110126	0.227719	-0.0142866	0.993922	0.109152	-0.227537	-0.109531	0.96759	-5.53501	-2.26604	54.9441	
0.972537	-0.0115573	0.232459	-0.0150157	0.99357	0.112219	-0.232262	-0.112627	0.966111	-5.7144	-2.35271	55.6986	
0.971386	-0.0121174	0.237195	-0.0157598	0.993208	0.11528	-0.236981	-0.11572	0.964598	-5.89748	-2.4418	56.4519	
0.970212	-0.012693	0.241926	-0.0165188	0.992836	0.118337	-0.241695	-0.118808	0.963051	-6.08424	-2.5333	57.2039	
0.969013	-0.0132841	0.246652	-0.0172928	0.992454	0.121389	-0.246404	-0.121893	0.961471	-6.27467	-2.62721	57.9548	
0.967791	-0.0138906	0.251373	-0.0180817	0.992063	0.124435	-0.251106	-0.124973	0.959858	-6.46877	-2.72353	58.7044	
0.966545	-0.0145125	0.256087	-0.0188856	0.991662	0.127477	-0.255802	-0.128049	0.958211	-6.66654	-2.82225	59.4527	
0.965275	-0.0151497	0.260795	-0.0197043	0.991251	0.130513	-0.260491	-0.13112	0.956531	-6.86798	-2.92336	60.1998	
0.963982	-0.0158024	0.265497	-0.0205379	0.99083	0.133544	-0.265173	-0.134187	0.954818	-7.07307	-3.02687	60.9455	
0.962666	-0.0164703	0.270192	-0.0213863	0.9904	0.13657	-0.269847	-0.13725	0.953071	-7.28181	-3.13277	61.6899	
0.961326	-0.0171536	0.27488	-0.0222496	0.989959	0.13959	-0.274515	-0.140307	0.951292	-7.49419	-3.24106	62.4329	
0.959962	-0.0178521	0.279561	-0.0231277	0.98951	0.142604	-0.279174	-0.14336	0.949479	-7.71021	-3.35174	63.1745	
0.958575	-0.0185659	0.284233	-0.0240206	0.98905	0.145613	-0.283825	-0.146409	0.947633	-7.92987	-3.46479	63.9146	
0.957165	-0.0192948	0.288898	-0.0249283	0.988581	0.148616	-0.288467	-0.149452	0.945754	-8.15315	-3.58022	64.6533	
0.955732	-0.0200389	0.293555	-0.0258507	0.988102	0.151613	-0.2931	-0.15249	0.943843	-8.38005	-3.69803	65.3906	
0.954276	-0.0207981	0.298203	-0.0267879	0.987613	0.154604	-0.297725	-0.155523	0.941898	-8.61056	-3.8182	66.1263	
0.952796	-0.0215724	0.302842	-0.0277397	0.987115	0.157589	-0.30234	-0.158551	0.939921	-8.84468	-3.94074	66.8605	
0.951294	-0.0223617	0.307472	-0.0287063	0.986607	0.160568	-0.306945	-0.161574	0.937912	-9.08239	-4.06563	67.5931	
0.949769	-0.023166	0.312093	-0.0296875	0.98609	0.163541	-0.31154	-0.164592	0.93587	-9.3237	-4.19289	68.3242	
0.948221	-0.0239853	0.316704	-0.0306833	0.985563	0.166507	-0.316125	-0.167603	0.933795	-9.56858	-4.32249	69.0536	
0.946651	-0.0248194	0.321305	-0.0316938	0.985026	0.169467	-0.3207	-0.17061	0.931689	-9.81704	-4.45445	69.7815	
0.945057	-0.0256684	0.325895	-0.0327188	0.98448	0.172421	-0.325263	-0.173611	0.92955	-10.0691	-4.58875	70.5076	
0.940462	-0.0281654	0.338729	-0.0372709	0.982006	0.185135	-0.337848	-0.186737	0.92249	-10.3278	-4.72934	71.2302	
0.935694	-0.0308438	0.351462	-0.0419949	0.979353	0.197749	-0.350305	-0.199792	0.915079	-10.5963	-4.88015	71.9472	
0.930754	-0.0337027	0.364091	-0.046889	0.976521	0.210259	-0.362628	-0.212772	0.90732	-10.8744	-5.04112	72.6582	
0.925643	-0.0367409	0.376609	-0.0519514	0.973511	0.222661	-0.374814	-0.22567	0.899215	-11.1622	-5.21218	73.3631	
0.920365	-0.0399572	0.389013	-0.05718	0.970324	0.234949	-0.386856	-0.238482	0.890768	-11.4593	-5.39328	74.0614	
0.914922	-0.0433505	0.401297	-0.062573	0.966963	0.247118	-0.398752	-0.251204	0.881983	-11.7659	-5.58434	74.7531	
0.909314	-0.0469194	0.413457	-0.0681283	0.963427	0.259165	-0.410496	-0.26383	0.872861	-12.0816	-5.78528	75.4378	
