1	0	0	0	1	0	0	0	1	0	0	0	
0.999995	2.73383e-06	-0.00320326	2.73383e-06	0.999999	0.0017069	0.00320326	-0.0017069	0.999993	0.00170274	-0.000907333	1.06313	
0.999979	1.0974e-05	-0.0064179	1.09734e-05	0.999994	0.00341967	0.0064179	-0.00341967	0.999974	0.00681703	-0.00363245	2.12624	
0.999953	2.47779e-05	-0.00964376	2.47752e-05	0.999987	0.0051382	0.00964376	-0.0051382	0.99994	0.0153549	-0.00818152	3.18933	
0.999917	4.42018e-05	-0.0128807	4.41951e-05	0.999976	0.0068624	0.0128807	-0.0068624	0.999893	0.0273281	-0.0145606	4.25237	
0.99987	6.93015e-05	-0.0161284	6.9288e-05	0.999963	0.00859217	0.0161284	-0.00859217	0.999833	0.0427483	-0.0227758	5.31536	
0.999812	0.000100132	-0.0193868	0.000100108	0.999947	0.0103274	0.0193868	-0.0103274	0.999759	0.061627	-0.0328328	6.37828	
0.999743	0.000136746	-0.0226557	0.000136708	0.999927	0.012068	0.0226557	-0.012068	0.99967	0.0839754	-0.0447374	7.44111	
0.999664	0.000179199	-0.0259349	0.000179142	0.999905	0.0138139	0.0259349	-0.0138139	0.999568	0.109805	-0.0584954	8.50383	
0.999573	0.000227541	-0.0292243	0.000227459	0.999879	0.015565	0.0292243	-0.015565	0.999452	0.139125	-0.0741122	9.56645	
0.999471	0.000281825	-0.0325236	0.000281712	0.99985	0.0173211	0.0325236	-0.0173211	0.999321	0.171948	-0.0915934	10.6289	
0.999358	0.0003421	-0.0358326	0.000341949	0.999818	0.0190823	0.0358326	-0.0190823	0.999176	0.208284	-0.110944	11.6913	
0.999233	0.000408418	-0.0391512	0.00040822	0.999783	0.0208483	0.0391512	-0.0208483	0.999016	0.248143	-0.13217	12.7534	
0.999097	0.000480825	-0.0424793	0.000480573	0.999744	0.0226191	0.0424793	-0.0226191	0.998841	0.291535	-0.155276	13.8154	
0.99895	0.000559371	-0.0458165	0.000559056	0.999702	0.0243946	0.0458165	-0.0243946	0.998652	0.33847	-0.180267	14.8772	
0.998791	0.000644103	-0.0491627	0.000643713	0.999657	0.0261746	0.0491628	-0.0261746	0.998448	0.388958	-0.207147	15.9388	
0.99862	0.000735066	-0.0525178	0.000734591	0.999609	0.0279592	0.0525179	-0.0279592	0.998229	0.443008	-0.235923	17.0002	
0.998437	0.000832307	-0.0558816	0.000831735	0.999557	0.0297481	0.0558816	-0.0297481	0.997994	0.500629	-0.266598	18.0613	
0.998243	0.000935869	-0.0592538	0.000935188	0.999502	0.0315414	0.0592539	-0.0315413	0.997745	0.561832	-0.299178	19.1222	
0.998036	0.0010458	-0.0626344	0.00104499	0.999444	0.0333388	0.0626344	-0.0333388	0.99748	0.626623	-0.333666	20.1828	
0.997817	0.00116213	-0.066023	0.00116119	0.999382	0.0351403	0.066023	-0.0351403	0.997199	0.695013	-0.370067	21.2431	
0.997587	0.00128491	-0.0694195	0.00128382	0.999316	0.0369458	0.0694196	-0.0369457	0.996903	0.76701	-0.408386	22.3031	
0.997344	0.00141419	-0.0728238	0.00141293	0.999248	0.0387552	0.0728238	-0.0387551	0.996592	0.842622	-0.448626	23.3627	
0.997089	0.00154999	-0.0762356	0.00154855	0.999176	0.0405684	0.0762357	-0.0405683	0.996264	0.921857	-0.490791	24.4221	
0.996821	0.00169236	-0.0796548	0.00169072	0.9991	0.0423852	0.0796548	-0.0423852	0.995921	1.00472	-0.534886	25.4811	
0.996541	0.00184134	-0.0830812	0.00183948	0.999021	0.0442057	0.0830812	-0.0442056	0.995562	1.09123	-0.580915	26.5397	
0.996249	0.00199697	-0.0865145	0.00199487	0.998938	0.0460296	0.0865146	-0.0460295	0.995187	1.18138	-0.628881	27.5979	
0.995944	0.00215927	-0.0899547	0.00215691	0.998852	0.047857	0.0899547	-0.0478569	0.994795	1.27518	-0.678788	28.6557	
0.995626	0.00232829	-0.0934014	0.00232565	0.998762	0.0496876	0.0934015	-0.0496875	0.994388	1.37265	-0.730639	29.7131	
0.995295	0.00250406	-0.0968546	0.00250112	0.998669	0.0515214	0.0968547	-0.0515213	0.993964	1.47378	-0.784438	30.77	
0.994952	0.00268662	-0.100314	0.00268336	0.998572	0.0533583	0.100314	-0.0533582	0.993524	1.57859	-0.840189	31.8265	
0.994596	0.00287599	-0.10378	0.00287238	0.998471	0.0551982	0.10378	-0.055198	0.993067	1.68708	-0.897894	32.8825	
0.994227	0.0030722	-0.107251	0.00306823	0.998367	0.057041	0.107251	-0.0570408	0.992594	1.79926	-0.957556	33.938	
0.993845	0.0032753	-0.110728	0.00327093	0.998259	0.0588866	0.110728	-0.0588864	0.992105	1.91513	-1.01918	34.993	
0.99345	0.0034853	-0.11421	0.00348051	0.998148	0.0607349	0.114211	-0.0607346	0.991598	2.0347	-1.08277	36.0475	
0.993042	0.00370224	-0.117698	0.003697	0.998033	0.0625858	0.117698	-0.0625855	0.991075	2.15797	-1.14832	37.1014	
0.992621	0.00392615	-0.121191	0.00392043	0.997914	0.0644391	0.121191	-0.0644388	0.990535	2.28496	-1.21584	38.1548	
0.992187	0.00415704	-0.124689	0.00415082	0.997791	0.0662949	0.124689	-0.0662945	0.989979	2.41566	-1.28533	39.2075	
0.99174	0.00439496	-0.128192	0.0043882	0.997665	0.0681529	0.128192	-0.0681525	0.989405	2.55009	-1.3568	40.2597	
0.991279	0.00463991	-0.131699	0.00463259	0.997535	0.0700132	0.131699	-0.0700127	0.988814	2.68823	-1.43025	41.3113	
0.990805	0.00489193	-0.135211	0.00488402	0.997402	0.0718755	0.135211	-0.071875	0.988206	2.83012	-1.50567	42.3622	
0.990317	0.00515104	-0.138726	0.0051425	0.997264	0.0737398	0.138727	-0.0737392	0.987582	2.97573	-1.58307	43.4124	
0.989816	0.00541727	-0.142246	0.00540807	0.997123	0.075606	0.142247	-0.0756054	0.98694	3.12509	-1.66246	44.462	
0.989302	0.00569062	-0.14577	0.00568073	0.996978	0.0774741	0.14577	-0.0774733	0.98628	3.27819	-1.74383	45.5109	
0.988774	0.00597113	-0.149297	0.00596051	0.996829	0.0793438	0.149297	-0.079343	0.985604	3.43504	-1.82719	46.5591	
0.988233	0.0062588	-0.152828	0.00624742	0.996677	0.0812151	0.152828	-0.0812142	0.98491	3.59564	-1.91253	47.6066	
0.987678	0.00655367	-0.156362	0.00654149	0.996521	0.0830879	0.156362	-0.0830869	0.984199	3.75999	-1.99987	48.6533	
0.98711	0.00685575	-0.159899	0.00684273	0.996361	0.0849621	0.159899	-0.0849611	0.98347	3.9281	-2.0892	49.6992	
0.986527	0.00716505	-0.163439	0.00715116	0.996197	0.0868376	0.163439	-0.0868365	0.982724	4.09998	-2.18052	50.7444	
0.985932	0.00748159	-0.166981	0.00746678	0.996029	0.0887143	0.166982	-0.0887131	0.981961	4.27562	-2.27384	51.7888	
0.985322	0.00780538	-0.170526	0.00778962	0.995858	0.0905921	0.170527	-0.0905908	0.98118	4.45503	-2.36915	52.8323	
0.984699	0.00813644	-0.174074	0.00811969	0.995682	0.092471	0.174074	-0.0924695	0.980381	4.63821	-2.46646	53.875	
0.984062	0.00847478	-0.177623	0.00845699	0.995503	0.0943507	0.177624	-0.0943491	0.979565	4.82516	-2.56577	54.9168	
0.983411	0.00882042	-0.181175	0.00880155	0.99532	0.0962312	0.181176	-0.0962295	0.978731	5.01588	-2.66707	55.9578	
0.982747	0.00917335	-0.184728	0.00915336	0.995133	0.0981125	0.184729	-0.0981106	0.97788	5.21039	-2.77038	56.9979	
0.982069	0.0095336	-0.188283	0.00951244	0.994943	0.0999944	0.188284	-0.0999923	0.977011	5.40867	-2.87568	58.037	
0.981376	0.00990116	-0.191839	0.00987879	0.994748	0.101877	0.191841	-0.101875	0.976124	5.61073	-2.98299	59.0752	
0.98067	0.0102761	-0.195397	0.0102524	0.99455	0.10376	0.195398	-0.103757	0.97522	5.81657	-3.09229	60.1125	
0.979951	0.0106583	-0.198956	0.0106334	0.994347	0.105643	0.198957	-0.10564	0.974298	6.0262	-3.2036	61.1488	
0.979217	0.0110479	-0.202515	0.0110216	0.994141	0.107526	0.202516	-0.107523	0.973358	6.23961	-3.31691	62.1841	
0.978469	0.0114448	-0.206075	0.0114171	0.993931	0.10941	0.206077	-0.109407	0.9724	6.4568	-3.43222	63.2184	
0.977708	0.011849	-0.209636	0.0118199	0.993717	0.111293	0.209637	-0.11129	0.971425	6.67778	-3.54954	64.2517	
0.976932	0.0122607	-0.213197	0.01223	0.9935	0.113176	0.213199	-0.113173	0.970432	6.90255	-3.66886	65.2839	
0.976143	0.0126796	-0.216758	0.0126474	0.993278	0.11506	0.21676	-0.115056	0.969421	7.1311	-3.79018	66.3151	
0.97534	0.013106	-0.220319	0.0130722	0.993053	0.116943	0.220321	-0.116939	0.968392	7.36344	-3.9135	67.3452	
0.974523	0.0135396	-0.22388	0.0135042	0.992823	0.118825	0.223882	-0.118821	0.967346	7.59956	-4.03882	68.3741	
0.973692	0.0139807	-0.22744	0.0139435	0.99259	0.120708	0.227442	-0.120703	0.966282	7.83947	-4.16614	69.402	
0.973494	0.0140876	-0.228279	0.0150047	0.992017	0.125206	0.228221	-0.125313	0.965511	8.08169	-4.29692	70.4289	
0.977684	0.0115094	-0.209764	0.0190341	0.989538	0.14301	0.209216	-0.143811	0.967237	8.31423	-4.43998	71.4563	
0.981509	0.00857787	-0.191223	0.0227121	0.986719	0.160839	0.190063	-0.162208	0.968279	8.52648	-4.60266	72.4852	
0.984966	0.00529494	-0.172668	0.0260359	0.983563	0.178681	0.170776	-0.18049	0.968638	8.7183	-4.78484	73.5149	
0.988052	0.00166296	-0.154112	0.0290034	0.98007	0.196523	0.151368	-0.198645	0.968312	8.88955	-4.98638	74.5446	
0.990765	-0.00231551	-0.13557	0.0316123	0.976245	0.214353	0.131853	-0.216659	0.967302	9.04011	-5.20716	75.5735	
0.993103	-0.00663766	-0.117053	0.0338608	0.972088	0.232158	0.112245	-0.234521	0.965609	9.16987	-5.44701	76.601	
0.995065	-0.0113004	-0.0985756	0.0357473	0.967605	0.249926	0.0925579	-0.252216	0.963234	9.27875	-5.70575	77.6264	
0.99665	-0.0163005	-0.0801499	0.0372706	0.962797	0.267643	0.0728054	-0.269734	0.960179	9.36665	-5.98322	78.6489	
0.997855	-0.0216344	-0.0617893	0.0384295	0.957668	0.285298	0.0530014	-0.287061	0.956445	9.43353	-6.27921	79.6678	
0.99868	-0.0272984	-0.0435068	0.0392231	0.952222	0.302878	0.03316	-0.304185	0.952036	9.47933	-6.59352	80.6823	
0.999125	-0.0332883	-0.0253151	0.0396511	0.946462	0.320371	0.0132951	-0.321095	0.946954	9.50403	-6.92591	81.6918	
0.999189	-0.0396001	-0.00722719	0.0397129	0.940393	0.337764	-0.00657909	-0.337777	0.941203	9.5076	-7.27617	82.6955	
0.998873	-0.0462292	0.0107442	0.0394087	0.934018	0.355045	-0.0264487	-0.354221	0.934788	9.49004	-7.64403	83.6928	
0.998176	-0.053171	0.0285863	0.0387386	0.927343	0.372201	-0.0462996	-0.370415	0.927712	9.45137	-8.02924	84.6829	
0.997099	-0.0604205	0.0462865	0.037703	0.920372	0.389221	-0.0661178	-0.386347	0.919981	9.39161	-8.43154	85.6651	
0.995643	-0.0679727	0.0638324	0.0363028	0.91311	0.406093	-0.0858893	-0.402006	0.9116	9.3108	-8.85062	86.6388	
0.993809	-0.0758221	0.0812116	0.0345389	0.905563	0.422804	-0.1056	-0.417381	0.902575	9.20901	-9.28621	87.6032	
0.991597	-0.0839633	0.0984118	0.0324126	0.897734	0.439343	-0.125236	-0.432462	0.892912	9.08629	-9.73798	88.5577	
0.989011	-0.0923905	0.115421	0.0299253	0.889631	0.455699	-0.144784	-0.447237	0.882619	8.94275	-10.2056	89.5016	
0.98605	-0.101098	0.132227	0.0270788	0.881258	0.471859	-0.16423	-0.461696	0.871703	8.77848	-10.6888	90.4341	
0.982719	-0.110079	0.148817	0.0238751	0.872622	0.487812	-0.183559	-0.475829	0.86017	8.5936	-11.1872	91.3548	
0.979018	-0.119328	0.165181	0.0203165	0.863729	0.503547	-0.202759	-0.489626	0.84803	8.38823	-11.7004	92.2629	
0.974951	-0.128837	0.181307	0.0164055	0.854585	0.519053	-0.221816	-0.503077	0.835291	8.16253	-12.2281	93.1577	
0.97052	-0.138601	0.197183	0.0121449	0.845196	0.534319	-0.240715	-0.516172	0.821963	7.91665	-12.77	94.0387	
0.965728	-0.148613	0.212798	0.00753768	0.835569	0.549334	-0.259445	-0.528903	0.808053	7.65077	-13.3255	94.9052	
0.96058	-0.158865	0.228141	0.00258706	0.825711	0.564087	-0.277992	-0.541261	0.793573	7.36507	-13.8944	95.7567	
0.955078	-0.16935	0.243201	-0.00270344	0.815629	0.578569	-0.296342	-0.553236	0.778532	7.05975	-14.4763	96.5924	
0.949226	-0.18006	0.257968	-0.00833008	0.80533	0.592768	-0.314483	-0.56482	0.762941	6.73504	-15.0706	97.4118	
0.94303	-0.190989	0.272431	-0.0142889	0.794821	0.606675	-0.332402	-0.576005	0.746811	6.39116	-15.6771	98.2144	
0.936492	-0.202128	0.28658	-0.0205756	0.78411	0.62028	-0.350086	-0.586784	0.730154	6.02835	-16.2952	98.9995	
0.929617	-0.21347	0.300404	-0.0271859	0.773205	0.633574	-0.367523	-0.597148	0.712981	5.64687	-16.9246	99.7667	
0.922411	-0.225006	0.313895	-0.034115	0.762112	0.646546	-0.3847	-0.60709	0.695304	5.24699	-17.5648	100.515	
