1	0	0	0	1	0	0	0	1	0	0	0	
0.999997	6.2526e-06	0.00263628	6.2526e-06	0.999989	-0.00474346	-0.00263628	0.00474346	0.999985	-0.0013501	0.00242923	1.02424	
0.999986	2.50193e-05	0.00527347	2.50189e-05	0.999955	-0.0094884	-0.00527347	0.0094884	0.999941	-0.00540086	0.00971769	2.04844	
0.999969	5.63129e-05	0.00791146	5.63113e-05	0.999899	-0.0142346	-0.00791146	0.0142346	0.999867	-0.0121532	0.0218668	3.07259	
0.999944	0.000100145	0.0105502	0.000100141	0.99982	-0.018982	-0.0105502	0.018982	0.999764	-0.0216078	0.0388778	4.09665	
0.999913	0.000156528	0.0131895	0.00015652	0.999718	-0.0237303	-0.0131895	0.0237303	0.999631	-0.0337654	0.0607517	5.12058	
0.999875	0.000225471	0.0158293	0.000225457	0.999594	-0.0284793	-0.0158293	0.0284793	0.999469	-0.0486265	0.0874894	6.14437	
0.999829	0.000306985	0.0184695	0.000306961	0.999448	-0.033229	-0.0184695	0.033229	0.999277	-0.0661918	0.119092	7.16797	
0.999777	0.000401077	0.0211101	0.000401043	0.999278	-0.037979	-0.0211101	0.037979	0.999056	-0.0864614	0.155559	8.19136	
0.999718	0.000507758	0.0237509	0.000507708	0.999087	-0.0427293	-0.0237509	0.0427293	0.998804	-0.109436	0.196891	9.21451	
0.999651	0.000627034	0.0263918	0.000626966	0.998872	-0.0474797	-0.0263918	0.0474797	0.998523	-0.135115	0.243089	10.2374	
0.999578	0.000758912	0.0290327	0.000758821	0.998635	-0.05223	-0.0290327	0.05223	0.998213	-0.163499	0.294153	11.26	
0.999498	0.000903399	0.0316736	0.00090328	0.998375	-0.0569799	-0.0316736	0.0569799	0.997873	-0.194588	0.350082	12.2822	
0.999411	0.0010605	0.0343143	0.00106035	0.998092	-0.0617294	-0.0343143	0.0617294	0.997503	-0.228382	0.410876	13.3041	
0.999316	0.00123022	0.0369547	0.00123003	0.997787	-0.0664783	-0.0369547	0.0664783	0.997103	-0.26488	0.476534	14.3256	
0.999215	0.00141256	0.0395947	0.00141233	0.997459	-0.0712263	-0.0395947	0.0712263	0.996674	-0.304083	0.547055	15.3466	
0.999106	0.00160753	0.0422343	0.00160724	0.997109	-0.0759734	-0.0422343	0.0759734	0.996215	-0.34599	0.622439	16.3672	
0.998991	0.00181512	0.0448733	0.00181478	0.996735	-0.0807193	-0.0448734	0.0807193	0.995726	-0.390599	0.702685	17.3873	
0.998869	0.00203535	0.0475117	0.00203494	0.996339	-0.0854639	-0.0475117	0.0854639	0.995208	-0.437912	0.787791	18.4069	
0.998739	0.0022682	0.0501493	0.00226773	0.99592	-0.0902069	-0.0501494	0.0902069	0.99466	-0.487926	0.877756	19.426	
0.998603	0.00251369	0.0527861	0.00251314	0.995479	-0.0949483	-0.0527861	0.0949483	0.994082	-0.540642	0.972579	20.4445	
0.998459	0.00277181	0.0554219	0.00277117	0.995015	-0.0996878	-0.055422	0.0996878	0.993474	-0.596058	1.07226	21.4623	
0.998309	0.00304256	0.0580567	0.00304182	0.994528	-0.104425	-0.0580567	0.104425	0.992837	-0.654173	1.17679	22.4796	
0.998151	0.00332593	0.0606903	0.0033251	0.994019	-0.109161	-0.0606904	0.10916	0.99217	-0.714986	1.28617	23.4961	
0.997987	0.00362194	0.0633227	0.00362098	0.993486	-0.113893	-0.0633228	0.113893	0.991473	-0.778496	1.4004	24.512	
0.997815	0.00393056	0.0659538	0.00392949	0.992932	-0.118624	-0.0659539	0.118624	0.990746	-0.844701	1.51948	25.5272	
0.997636	0.00425181	0.0685834	0.0042506	0.992354	-0.123351	-0.0685835	0.123351	0.98999	-0.913601	1.6434	26.5415	
0.997451	0.00458567	0.0712115	0.00458431	0.991754	-0.128076	-0.0712116	0.128076	0.989204	-0.985193	1.77216	27.5551	
0.997258	0.00493214	0.073838	0.00493063	0.991131	-0.132798	-0.0738381	0.132797	0.988389	-1.05948	1.90576	28.5679	
0.997058	0.00529121	0.0764627	0.00528953	0.990485	-0.137516	-0.0764628	0.137516	0.987544	-1.13645	2.04419	29.5798	
0.996852	0.00566288	0.0790857	0.00566102	0.989817	-0.142231	-0.0790858	0.142231	0.986669	-1.21611	2.18746	30.5909	
0.996638	0.00604714	0.0817067	0.00604509	0.989127	-0.146942	-0.0817068	0.146942	0.985765	-1.29845	2.33555	31.601	
0.996417	0.00644398	0.0843257	0.00644172	0.988413	-0.15165	-0.0843259	0.15165	0.984831	-1.38348	2.48846	32.6102	
0.99619	0.0068534	0.0869426	0.00685092	0.987677	-0.156353	-0.0869428	0.156353	0.983867	-1.47119	2.6462	33.6184	
0.995955	0.00727538	0.0895573	0.00727266	0.986919	-0.161053	-0.0895575	0.161053	0.982874	-1.56158	2.80875	34.6256	
0.995713	0.00770991	0.0921697	0.00770695	0.986138	-0.165748	-0.0921699	0.165748	0.981851	-1.65465	2.97611	35.6318	
0.995465	0.00815698	0.0947797	0.00815376	0.985335	-0.170439	-0.09478	0.170439	0.980799	-1.75039	3.14828	36.6369	
0.995209	0.00861659	0.0973872	0.00861309	0.984509	-0.175125	-0.0973875	0.175125	0.979718	-1.8488	3.32525	37.6409	
0.994947	0.00908871	0.0999922	0.00908493	0.98366	-0.179806	-0.0999925	0.179806	0.978607	-1.94989	3.50702	38.6438	
0.994677	0.00957334	0.102594	0.00956925	0.982789	-0.184483	-0.102595	0.184482	0.977466	-2.05364	3.69358	39.6456	
0.994401	0.0100705	0.105194	0.0100661	0.981896	-0.189154	-0.105194	0.189154	0.976297	-2.16005	3.88493	40.6461	
0.994117	0.0105801	0.107791	0.0105753	0.98098	-0.19382	-0.107791	0.19382	0.975097	-2.26913	4.08106	41.6455	
0.993827	0.0111021	0.110384	0.011097	0.980042	-0.19848	-0.110385	0.19848	0.973869	-2.38086	4.28196	42.6436	
0.99353	0.0116367	0.112975	0.0116312	0.979082	-0.203135	-0.112975	0.203135	0.972611	-2.49525	4.48764	43.6404	
0.993226	0.0121836	0.115562	0.0121777	0.978099	-0.207784	-0.115563	0.207784	0.971324	-2.61229	4.69808	44.636	
0.992914	0.012743	0.118146	0.0127367	0.977094	-0.212427	-0.118147	0.212427	0.970008	-2.73197	4.91328	45.6302	
0.992596	0.0133147	0.120727	0.013308	0.976067	-0.217064	-0.120728	0.217064	0.968663	-2.85431	5.13323	46.623	
0.992272	0.0138989	0.123305	0.0138917	0.975017	-0.221695	-0.123306	0.221694	0.967289	-2.97928	5.35793	47.6144	
0.99194	0.0144954	0.125879	0.0144878	0.973946	-0.226319	-0.12588	0.226318	0.965885	-3.10689	5.58736	48.6045	
0.991601	0.0151042	0.128449	0.0150961	0.972852	-0.230936	-0.12845	0.230935	0.964453	-3.23714	5.82153	49.593	
0.991256	0.0157254	0.131016	0.0157168	0.971736	-0.235547	-0.131017	0.235546	0.962992	-3.37002	6.06043	50.5801	
0.990903	0.0163588	0.133578	0.0163497	0.970598	-0.24015	-0.133579	0.24015	0.961501	-3.50553	6.30404	51.5657	
0.990544	0.0170046	0.136137	0.0169949	0.969438	-0.244747	-0.136138	0.244746	0.959982	-3.64366	6.55237	52.5497	
0.990178	0.0176626	0.138692	0.0176524	0.968256	-0.249336	-0.138693	0.249335	0.958434	-3.7844	6.8054	53.5322	
0.989805	0.0183328	0.141243	0.018322	0.967052	-0.253917	-0.141244	0.253917	0.956858	-3.92777	7.06313	54.5131	
0.989426	0.0190153	0.14379	0.0190038	0.965827	-0.258491	-0.143791	0.258491	0.955252	-4.07374	7.32554	55.4923	
0.989039	0.0197099	0.146332	0.0196978	0.964579	-0.263058	-0.146333	0.263057	0.953618	-4.22232	7.59264	56.4699	
0.988646	0.0204167	0.14887	0.020404	0.96331	-0.267616	-0.148872	0.267615	0.951956	-4.3735	7.86441	57.4458	
0.988246	0.0211356	0.151403	0.0211222	0.962019	-0.272166	-0.151405	0.272165	0.950265	-4.52728	8.14084	58.4199	
0.987839	0.0218667	0.153932	0.0218526	0.960706	-0.276708	-0.153934	0.276706	0.948545	-4.68365	8.42193	59.3924	
0.987426	0.0226098	0.156457	0.022595	0.959371	-0.281241	-0.156459	0.28124	0.946797	-4.84261	8.70767	60.363	
0.987006	0.023365	0.158977	0.0233494	0.958015	-0.285766	-0.158979	0.285764	0.945021	-5.00415	8.99804	61.3318	
0.986579	0.0241322	0.161491	0.0241159	0.956637	-0.290281	-0.161494	0.29028	0.943216	-5.16827	9.29305	62.2989	
0.986146	0.0249114	0.164001	0.0248943	0.955238	-0.294788	-0.164004	0.294787	0.941384	-5.33497	9.59267	63.264	
0.985705	0.0257026	0.166506	0.0256846	0.953818	-0.299286	-0.166509	0.299285	0.939523	-5.50423	9.89691	64.2273	
0.985563	0.025958	0.167306	0.0259319	0.953373	-0.300678	-0.16731	0.300675	0.938937	-5.67519	10.2042	65.1893	
0.98542	0.0262145	0.168105	0.0261803	0.952927	-0.302068	-0.16811	0.302065	0.938347	-5.84696	10.5128	66.1507	
0.985277	0.0264722	0.168903	0.0264298	0.952479	-0.303457	-0.16891	0.303453	0.937756	-6.01956	10.8229	67.1114	
0.985133	0.0267311	0.169701	0.0266804	0.952028	-0.304844	-0.169709	0.30484	0.937161	-6.19297	11.1345	68.0716	
0.984988	0.0269911	0.170499	0.0269322	0.951576	-0.306231	-0.170508	0.306226	0.936564	-6.3672	11.4474	69.0312	
0.984843	0.0272523	0.171295	0.0271851	0.951122	-0.307616	-0.171306	0.30761	0.935965	-6.54225	11.7618	69.9902	
0.986882	0.0235918	0.159708	0.0234696	0.95779	-0.286509	-0.159726	0.286499	0.944673	-6.71179	12.066	70.9533	
0.988779	0.0201926	0.148017	0.0200153	0.963982	-0.265212	-0.148041	0.265199	0.952761	-6.86941	12.3486	71.9251	
0.99053	0.0170569	0.136231	0.0168244	0.969694	-0.243741	-0.13626	0.243725	0.960225	-7.01502	12.6092	72.9048	
0.992136	0.0141869	0.124356	0.0138989	0.974923	-0.22211	-0.124389	0.222092	0.967059	-7.14851	12.8478	73.8919	
0.993595	0.0115843	0.112401	0.0112409	0.979664	-0.200332	-0.112436	0.200313	0.973259	-7.2698	13.0641	74.8856	
0.994907	0.00925089	0.100374	0.00885193	0.983914	-0.178422	-0.10041	0.178402	0.978821	-7.37881	13.2581	75.8854	
0.99607	0.00718821	0.0882817	0.00673369	0.987672	-0.156395	-0.0883176	0.156375	0.983741	-7.47547	13.4295	76.8905	
0.997083	0.00539761	0.0761331	0.00488755	0.990933	-0.134264	-0.0761675	0.134245	0.988017	-7.55971	13.5784	77.9003	
0.997946	0.00388024	0.0639357	0.0033147	0.993698	-0.112045	-0.0639675	0.112027	0.991644	-7.63148	13.7045	78.9142	
0.998659	0.00263712	0.0516976	0.00201619	0.995962	-0.0897517	-0.0517256	0.0897356	0.994622	-7.69073	13.8078	79.9315	
0.999221	0.00166904	0.0394269	0.000992854	0.997726	-0.0673987	-0.0394497	0.0673854	0.996947	-7.73742	13.8883	80.9515	
0.999631	0.000976651	0.0271316	0.000245374	0.998987	-0.0450009	-0.027148	0.044991	0.998618	-7.77153	13.9459	81.9735	
0.99989	0.000560402	0.0148196	-0.000225761	0.999745	-0.022573	-0.0148285	0.0225671	0.999635	-7.79303	13.9805	82.9969	
0.999997	0.000420567	0.00249922	-0.000420245	1	-0.00012952	-0.00249928	0.000128469	0.999997	-7.8019	13.9921	84.021	
0.999952	0.000557237	-0.0098216	-0.000337948	0.999751	0.0223147	0.00983159	-0.0223103	0.999703	-7.79815	13.9807	85.0452	
0.999755	0.000970322	-0.0221348	2.10739e-05	0.998998	0.0447449	0.022156	-0.0447344	0.998753	-7.78177	13.9464	86.0687	
0.999406	0.00165955	-0.0344322	0.000656586	0.997743	0.0671465	0.0344659	-0.0671292	0.997149	-7.75277	13.8891	87.0909	
0.998905	0.00262447	-0.0467058	0.00156817	0.995985	0.0895047	0.0467532	-0.08948	0.994891	-7.71117	13.8089	88.1111	
0.998254	0.00386446	-0.0589476	0.00275524	0.993726	0.111805	0.0590099	-0.111772	0.99198	-7.657	13.7058	89.1287	
0.997451	0.00537869	-0.0711495	0.004217	0.990968	0.134033	0.0712278	-0.133991	0.988419	-7.5903	13.58	90.1429	
0.996498	0.00716617	-0.0833036	0.00595249	0.987712	0.156173	0.0833991	-0.156122	0.984211	-7.51111	13.4314	91.1532	
0.995396	0.00922574	-0.0954018	0.0079606	0.98396	0.178212	0.0955157	-0.178151	0.979356	-7.41948	13.2602	92.1588	
0.994145	0.011556	-0.107436	0.01024	0.979715	0.200134	0.10757	-0.200062	0.97386	-7.31547	13.0665	93.1592	
0.992745	0.0141555	-0.119399	0.0127892	0.97498	0.221926	0.119553	-0.221843	0.967726	-7.19915	12.8504	94.1536	
0.991199	0.0170225	-0.131282	0.0156065	0.969757	0.243573	0.131458	-0.243478	0.960956	-7.07059	12.6121	95.1413	
0.989506	0.0201552	-0.143078	0.01869	0.96405	0.265061	0.143277	-0.264954	0.953557	-6.92989	12.3517	96.1218	
0.987668	0.0235514	-0.154779	0.0220378	0.957864	0.286376	0.155002	-0.286256	0.945533	-6.77713	12.0694	97.0945	
0.985687	0.0272089	-0.166377	0.0256477	0.951201	0.307504	0.166625	-0.30737	0.936888	-6.6124	11.7654	98.0585	
0.983562	0.0311254	-0.177865	0.0295173	0.944067	0.328431	0.178139	-0.328283	0.92763	-6.43583	11.4398	99.0135	
