1	0	0	0	1	0	0	0	1	0	0	0	
1	7.93245e-07	0.000555761	7.93245e-07	0.999996	-0.00285462	-0.000555761	0.00285462	0.999996	-0.000292477	0.00150228	1.05252	
0.999999	3.17679e-06	0.00111212	3.17756e-06	0.999984	-0.00571369	-0.00111212	0.00571369	0.999983	-0.00117022	0.00601147	2.10504	
0.999999	7.15631e-06	0.00166904	7.15942e-06	0.999963	-0.00857706	-0.00166904	0.00857706	0.999962	-0.00263384	0.0135322	3.15754	
0.999998	1.27372e-05	0.0022265	1.2745e-05	0.999935	-0.0114446	-0.0022265	0.0114446	0.999932	-0.00468392	0.0240688	4.21001	
0.999996	1.99247e-05	0.00278446	1.99402e-05	0.999898	-0.0143161	-0.00278446	0.0143161	0.999894	-0.007321	0.0376257	5.26244	
0.999994	2.87234e-05	0.00334291	2.87507e-05	0.999852	-0.0171915	-0.00334291	0.0171915	0.999847	-0.0105456	0.0542071	6.31483	
0.999992	3.91381e-05	0.0039018	3.91818e-05	0.999799	-0.0200707	-0.0039018	0.0200707	0.999791	-0.0143582	0.0738168	7.36716	
0.99999	5.1173e-05	0.00446111	5.12386e-05	0.999737	-0.0229534	-0.00446111	0.0229534	0.999727	-0.0187593	0.0964588	8.41944	
0.999987	6.4832e-05	0.00502082	6.49259e-05	0.999666	-0.0258395	-0.00502082	0.0258395	0.999653	-0.0237493	0.122137	9.47164	
0.999984	8.01189e-05	0.00558088	8.02482e-05	0.999587	-0.0287289	-0.00558088	0.0287289	0.999572	-0.0293286	0.150854	10.5238	
0.999981	9.70371e-05	0.00614128	9.72096e-05	0.9995	-0.0316215	-0.00614128	0.0316215	0.999481	-0.0354975	0.182614	11.5758	
0.999978	0.00011559	0.00670199	0.000115814	0.999404	-0.034517	-0.00670198	0.034517	0.999382	-0.0422565	0.21742	12.6277	
0.999974	0.000135779	0.00726296	0.000136066	0.9993	-0.0374154	-0.00726296	0.0374154	0.999273	-0.0496057	0.255276	13.6795	
0.999969	0.000157609	0.00782419	0.000157967	0.999187	-0.0403164	-0.00782418	0.0403164	0.999156	-0.0575455	0.296183	14.7312	
0.999965	0.000181081	0.00838563	0.000181522	0.999066	-0.04322	-0.00838562	0.04322	0.99903	-0.0660761	0.340145	15.7828	
0.99996	0.000206196	0.00894726	0.000206733	0.998936	-0.046126	-0.00894724	0.046126	0.998896	-0.0751978	0.387165	16.8342	
0.999955	0.000232958	0.00950904	0.000233602	0.998797	-0.0490343	-0.00950903	0.0490343	0.998752	-0.0849106	0.437244	17.8855	
0.999949	0.000261366	0.010071	0.000262132	0.99865	-0.0519447	-0.0100709	0.0519447	0.998599	-0.0952148	0.490386	18.9367	
0.999943	0.000291423	0.010633	0.000292325	0.998494	-0.054857	-0.010633	0.054857	0.998438	-0.106111	0.546591	19.9876	
0.999937	0.000323129	0.0111951	0.000324183	0.99833	-0.0577711	-0.011195	0.0577711	0.998267	-0.117598	0.605863	21.0384	
0.999931	0.000356485	0.0117572	0.000357706	0.998157	-0.0606869	-0.0117572	0.0606869	0.998088	-0.129677	0.668204	22.089	
0.999924	0.00039149	0.0123194	0.000392896	0.997975	-0.0636042	-0.0123193	0.0636042	0.997899	-0.142347	0.733613	23.1394	
0.999917	0.000428146	0.0128815	0.000429753	0.997785	-0.0665229	-0.0128814	0.0665229	0.997702	-0.155609	0.802094	24.1896	
0.99991	0.000466451	0.0134436	0.000468279	0.997586	-0.0694428	-0.0134435	0.0694428	0.997495	-0.169463	0.873648	25.2396	
0.999902	0.000506405	0.0140056	0.000508473	0.997378	-0.0723638	-0.0140056	0.0723638	0.99728	-0.183909	0.948276	26.2894	
0.999894	0.000548007	0.0145676	0.000550335	0.997162	-0.0752857	-0.0145675	0.0752857	0.997056	-0.198946	1.02598	27.339	
0.999885	0.000591255	0.0151294	0.000593865	0.996937	-0.0782083	-0.0151293	0.0782084	0.996822	-0.214574	1.10676	28.3883	
0.999877	0.00063615	0.015691	0.000639063	0.996703	-0.0811316	-0.0156909	0.0811317	0.99658	-0.230793	1.19061	29.4373	
0.999868	0.000682688	0.0162525	0.000685926	0.996461	-0.0840554	-0.0162523	0.0840555	0.996329	-0.247604	1.27754	30.4861	
0.999858	0.000730868	0.0168137	0.000734455	0.99621	-0.0869796	-0.0168136	0.0869796	0.996068	-0.265005	1.36755	31.5346	
0.999849	0.000780687	0.0173747	0.000784648	0.99595	-0.0899039	-0.0173745	0.0899039	0.995799	-0.282997	1.46064	32.5829	
0.999839	0.000832142	0.0179355	0.000836502	0.995682	-0.0928282	-0.0179353	0.0928283	0.995521	-0.30158	1.5568	33.6308	
0.999829	0.000885232	0.0184959	0.000890017	0.995405	-0.0957525	-0.0184957	0.0957526	0.995233	-0.320752	1.65605	34.6785	
0.999818	0.000939953	0.019056	0.000945188	0.995119	-0.0986765	-0.0190558	0.0986766	0.994937	-0.340514	1.75837	35.7259	
0.999807	0.0009963	0.0196158	0.00100201	0.994825	-0.1016	-0.0196155	0.1016	0.994632	-0.360865	1.86377	36.7729	
0.999796	0.00105427	0.0201752	0.00106049	0.994522	-0.104523	-0.0201748	0.104523	0.994318	-0.381805	1.97224	37.8196	
0.999784	0.00111386	0.0207341	0.00112062	0.99421	-0.107446	-0.0207338	0.107446	0.993995	-0.403334	2.08379	38.866	
0.999773	0.00117507	0.0212927	0.00118239	0.99389	-0.110367	-0.0212923	0.110367	0.993663	-0.425451	2.19842	39.912	
0.99976	0.00123789	0.0218507	0.0012458	0.993561	-0.113288	-0.0218503	0.113288	0.993322	-0.448155	2.31612	40.9577	
0.999748	0.00130231	0.0224083	0.00131086	0.993224	-0.116207	-0.0224078	0.116207	0.992972	-0.471446	2.4369	42.003	
0.999735	0.00136833	0.0229654	0.00137754	0.992878	-0.119125	-0.0229648	0.119125	0.992614	-0.495324	2.56074	43.0479	
0.999722	0.00143595	0.0235219	0.00144585	0.992524	-0.122042	-0.0235213	0.122042	0.992246	-0.519788	2.68766	44.0925	
0.999709	0.00150516	0.0240778	0.00151579	0.992161	-0.124957	-0.0240772	0.124957	0.99187	-0.544838	2.81765	45.1367	
0.999695	0.00157595	0.0246332	0.00158734	0.99179	-0.127871	-0.0246325	0.127871	0.991485	-0.570472	2.9507	46.1804	
0.999681	0.00164832	0.0251879	0.0016605	0.99141	-0.130783	-0.0251871	0.130783	0.991091	-0.59669	3.08682	47.2238	
0.999667	0.00172226	0.025742	0.00173528	0.991021	-0.133692	-0.0257411	0.133692	0.990689	-0.623491	3.22601	48.2667	
0.999653	0.00179777	0.0262953	0.00181165	0.990625	-0.1366	-0.0262944	0.1366	0.990277	-0.650876	3.36825	49.3092	
0.999638	0.00187483	0.026848	0.00188962	0.99022	-0.139505	-0.026847	0.139505	0.989857	-0.678842	3.51355	50.3513	
0.999623	0.00195344	0.0273999	0.00196918	0.989806	-0.142408	-0.0273988	0.142408	0.989429	-0.70739	3.66191	51.3929	
0.999607	0.00203359	0.0279511	0.00205031	0.989384	-0.145308	-0.0279499	0.145308	0.988992	-0.736518	3.81333	52.4341	
0.999592	0.00211528	0.0285014	0.00213302	0.988954	-0.148205	-0.0285001	0.148206	0.988546	-0.766225	3.96779	53.4748	
0.999576	0.0021985	0.029051	0.0022173	0.988516	-0.1511	-0.0290496	0.1511	0.988091	-0.796511	4.12531	54.515	
0.999559	0.00228323	0.0295997	0.00230314	0.988069	-0.153992	-0.0295982	0.153992	0.987629	-0.827375	4.28587	55.5548	
0.999543	0.00236947	0.0301476	0.00239053	0.987615	-0.15688	-0.0301459	0.156881	0.987157	-0.858817	4.44947	56.594	
0.999526	0.00245721	0.0306945	0.00247946	0.987152	-0.159766	-0.0306927	0.159766	0.986678	-0.890834	4.61611	57.6328	
0.999509	0.00254645	0.0312405	0.00256992	0.986681	-0.162647	-0.0312386	0.162648	0.98619	-0.923426	4.78578	58.671	
0.999491	0.00263716	0.0317856	0.00266191	0.986202	-0.165526	-0.0317835	0.165526	0.985693	-0.956592	4.95849	59.7088	
0.999474	0.00272935	0.0323297	0.00275542	0.985715	-0.1684	-0.0323275	0.168401	0.985188	-0.990331	5.13422	60.746	
0.999456	0.002823	0.0328728	0.00285043	0.98522	-0.171271	-0.0328704	0.171271	0.984675	-1.02464	5.31298	61.7826	
0.999437	0.0029181	0.0334149	0.00294694	0.984717	-0.174137	-0.0334123	0.174138	0.984154	-1.05952	5.49475	62.8188	
0.999419	0.00301464	0.0339559	0.00304494	0.984206	-0.177	-0.0339532	0.177001	0.983625	-1.09498	5.67954	63.8543	
0.9994	0.00311261	0.0344958	0.00314441	0.983687	-0.179858	-0.0344929	0.179859	0.983087	-1.131	5.86735	64.8893	
0.999381	0.003212	0.0350347	0.00324536	0.983161	-0.182712	-0.0350316	0.182713	0.982542	-1.16759	6.05815	65.9238	
0.999362	0.0033128	0.0355724	0.00334775	0.982627	-0.185562	-0.0355691	0.185562	0.981989	-1.20474	6.25196	66.9576	
0.999342	0.003415	0.0361089	0.0034516	0.982085	-0.188406	-0.0361055	0.188407	0.981427	-1.24246	6.44877	67.9909	
0.999216	0.0040507	0.039371	0.0036625	0.981017	-0.193885	-0.039409	0.193877	0.980234	-1.2822	6.64995	69.0233	
0.99908	0.00470434	0.0426278	0.00389171	0.97992	-0.199354	-0.0427097	0.199336	0.979	-1.32542	6.85689	70.0543	
0.998933	0.00537589	0.0458795	0.00413917	0.978793	-0.204811	-0.0460075	0.204783	0.977726	-1.37211	7.06956	71.0841	
0.997885	0.00941504	0.0643167	0.00515328	0.974882	-0.222663	-0.0647976	0.222523	0.972772	-1.43042	7.29445	72.1106	
0.996483	0.0137881	0.0826539	0.00651093	0.970648	-0.240417	-0.0835428	0.24011	0.967144	-1.50849	7.53793	73.1316	
0.994727	0.0184921	0.100878	0.00821117	0.966093	-0.258063	-0.10223	0.25753	0.960847	-1.60626	7.79983	74.1463	
0.992618	0.0235238	0.118978	0.0102528	0.961221	-0.275587	-0.120847	0.274773	0.953885	-1.72367	8.07998	75.154	
0.990158	0.0288796	0.136939	0.0126345	0.956036	-0.292978	-0.13938	0.291824	0.946262	-1.86062	8.37818	76.154	
0.987349	0.0345558	0.15475	0.0153545	0.95054	-0.310223	-0.157816	0.308674	0.937984	-2.01703	8.69422	77.1457	
0.984192	0.0405486	0.172398	0.018411	0.944738	-0.32731	-0.176143	0.32531	0.929057	-2.19279	9.02788	78.1283	
0.98069	0.0468538	0.189872	0.0218018	0.938633	-0.344229	-0.194348	0.341721	0.919486	-2.38778	9.37893	79.1012	
0.976845	0.053467	0.207158	0.0255246	0.93223	-0.360966	-0.212419	0.357896	0.909279	-2.60186	9.74713	80.0636	
0.97266	0.0603836	0.224246	0.0295769	0.925533	-0.377511	-0.230343	0.373822	0.898443	-2.83488	10.1322	81.015	
0.968137	0.0675989	0.241123	0.0339558	0.918547	-0.393851	-0.248107	0.38949	0.886984	-3.08669	10.534	81.9547	
0.963281	0.0751078	0.257777	0.0386583	0.911276	-0.409977	-0.265699	0.404888	0.874911	-3.3571	10.952	82.882	
0.958093	0.0829052	0.274198	0.0436811	0.903727	-0.425875	-0.283107	0.420006	0.862233	-3.64593	11.3862	83.7962	
0.952578	0.0909856	0.290373	0.0490208	0.895903	-0.441537	-0.30032	0.434833	0.848957	-3.95299	11.8361	84.6968	
0.94674	0.0993435	0.306292	0.0546736	0.887811	-0.45695	-0.317324	0.449358	0.835094	-4.27805	12.3014	85.5831	
0.940582	0.107973	0.321943	0.0606357	0.879455	-0.472103	-0.334109	0.463573	0.820653	-4.62089	12.7819	86.4545	
0.934109	0.116868	0.337316	0.0669029	0.870843	-0.486988	-0.350662	0.477467	0.805643	-4.98128	13.2771	87.3104	
0.927326	0.126023	0.352399	0.0734709	0.861979	-0.501592	-0.366973	0.49103	0.790076	-5.35897	13.7869	88.1502	
0.920236	0.135431	0.367184	0.0803351	0.85287	-0.515907	-0.38303	0.504254	0.773962	-5.75369	14.3107	88.9734	
0.912846	0.145086	0.381658	0.0874908	0.843522	-0.529921	-0.398821	0.517128	0.757311	-6.16517	14.8482	89.7793	
0.905159	0.154981	0.395813	0.094933	0.833941	-0.543626	-0.414336	0.529644	0.740137	-6.59313	15.3991	90.5674	
0.897182	0.165108	0.409638	0.102657	0.824135	-0.557012	-0.429565	0.541793	0.72245	-7.03727	15.963	91.3371	
0.88892	0.175462	0.423124	0.110656	0.81411	-0.57007	-0.444496	0.553568	0.704263	-7.49728	16.5395	92.088	
0.880379	0.186035	0.436262	0.118926	0.803873	-0.58279	-0.459119	0.564959	0.685588	-7.97285	17.1282	92.8195	
0.871564	0.19682	0.449042	0.127461	0.793431	-0.595164	-0.473424	0.575959	0.666439	-8.46364	17.7286	93.531	
0.862481	0.207809	0.461456	0.136255	0.782792	-0.607184	-0.487402	0.58656	0.646828	-8.96931	18.3404	94.2222	
0.853138	0.218994	0.473495	0.145301	0.771962	-0.61884	-0.501042	0.596755	0.62677	-9.48953	18.9632	94.8925	
0.84354	0.230369	0.48515	0.154594	0.760949	-0.630125	-0.514335	0.606537	0.606277	-10.0239	19.5965	95.5414	
0.833694	0.241924	0.496414	0.164127	0.749761	-0.641031	-0.527272	0.615899	0.585365	-10.5721	20.2399	96.1686	
0.823607	0.253652	0.507279	0.173894	0.738405	-0.651551	-0.539845	0.624835	0.564047	-11.1337	20.8928	96.7735	
0.813286	0.265545	0.517737	0.183887	0.72689	-0.661677	-0.552043	0.633338	0.542339	-11.7084	21.555	97.3558	
