1	0	0	0	1	0	0	0	1	0	0	0	
0.999998	7.56941e-07	-0.00189769	7.56941e-07	1	0.00079775	0.00189769	-0.00079775	0.999998	0.00084102	-0.000353549	0.886363	
0.999993	3.04026e-06	-0.00380317	3.04033e-06	0.999999	0.00159881	0.00380317	-0.00159881	0.999991	0.00336754	-0.00141566	1.77272	
0.999984	6.8686e-06	-0.00571637	6.86888e-06	0.999997	0.00240316	0.00571637	-0.00240316	0.999981	0.00758642	-0.00318927	2.65907	
0.999971	1.22605e-05	-0.00763721	1.22612e-05	0.999995	0.00321076	0.00763721	-0.00321076	0.999966	0.0135045	-0.00567725	3.54541	
0.999954	1.92342e-05	-0.00956562	1.92356e-05	0.999992	0.00402157	0.00956562	-0.00402157	0.999946	0.0211285	-0.00888249	4.43174	
0.999934	2.78081e-05	-0.0115015	2.78105e-05	0.999988	0.00483557	0.0115015	-0.00483557	0.999922	0.0304651	-0.0128078	5.31804	
0.99991	3.8e-05	-0.0134448	3.8004e-05	0.999984	0.00565273	0.0134448	-0.00565273	0.999894	0.0415208	-0.017456	6.20433	
0.999881	4.98279e-05	-0.0153955	4.98339e-05	0.999979	0.006473	0.0153955	-0.006473	0.999861	0.0543023	-0.0228299	7.09058	
0.999849	6.33096e-05	-0.0173534	6.33182e-05	0.999973	0.00729637	0.0173534	-0.00729637	0.999823	0.068816	-0.0289323	7.97681	
0.999813	7.84625e-05	-0.0193184	7.84743e-05	0.999967	0.00812279	0.0193184	-0.00812279	0.99978	0.0850683	-0.0357658	8.86299	
0.999773	9.5304e-05	-0.0212906	9.53199e-05	0.99996	0.00895223	0.0212906	-0.00895223	0.999733	0.103066	-0.0433331	9.74914	
0.999729	0.000113851	-0.0232698	0.000113872	0.999952	0.00978467	0.0232698	-0.00978467	0.999681	0.122814	-0.051637	10.6352	
0.999681	0.000134122	-0.0252559	0.000134148	0.999944	0.0106201	0.0252559	-0.0106201	0.999625	0.14432	-0.06068	11.5213	
0.999629	0.000156132	-0.0272489	0.000156165	0.999934	0.0114584	0.0272489	-0.0114584	0.999563	0.167589	-0.0704647	12.4073	
0.999572	0.000179898	-0.0292487	0.000179939	0.999924	0.0122996	0.0292487	-0.0122996	0.999496	0.192628	-0.0809938	13.2933	
0.999511	0.000205438	-0.0312552	0.000205488	0.999914	0.0131437	0.0312552	-0.0131437	0.999425	0.219442	-0.0922698	14.1791	
0.999446	0.000232767	-0.0332683	0.000232827	0.999902	0.0139905	0.0332683	-0.0139905	0.999349	0.248037	-0.104295	15.065	
0.999377	0.000261901	-0.035288	0.000261973	0.99989	0.0148402	0.035288	-0.0148402	0.999267	0.27842	-0.117072	15.9507	
0.999304	0.000292856	-0.0373141	0.000292941	0.999877	0.0156927	0.0373141	-0.0156927	0.99918	0.310596	-0.130604	16.8364	
0.999226	0.000325649	-0.0393466	0.000325748	0.999863	0.0165478	0.0393466	-0.0165478	0.999089	0.344571	-0.144893	17.722	
0.999143	0.000360295	-0.0413854	0.00036041	0.999848	0.0174057	0.0413854	-0.0174057	0.998992	0.38035	-0.15994	18.6075	
0.999056	0.000396808	-0.0434304	0.000396941	0.999833	0.0182662	0.0434304	-0.0182662	0.998889	0.417939	-0.175749	19.4929	
0.998965	0.000435205	-0.0454815	0.000435358	0.999817	0.0191294	0.0454815	-0.0191294	0.998782	0.457343	-0.192322	20.3783	
0.998869	0.0004755	-0.0475388	0.000475674	0.9998	0.0199951	0.0475388	-0.0199951	0.998669	0.498568	-0.209662	21.2635	
0.998769	0.000517708	-0.049602	0.000517906	0.999782	0.0208634	0.049602	-0.0208634	0.998551	0.541619	-0.227769	22.1486	
0.998664	0.000561844	-0.0516711	0.000562067	0.999764	0.0217342	0.0516711	-0.0217342	0.998428	0.586501	-0.246648	23.0336	
0.998554	0.000607922	-0.053746	0.000608173	0.999744	0.0226075	0.053746	-0.0226075	0.998299	0.63322	-0.266299	23.9186	
0.99844	0.000655956	-0.0558266	0.000656237	0.999724	0.0234832	0.0558266	-0.0234832	0.998164	0.681781	-0.286726	24.8034	
0.998321	0.000705961	-0.0579129	0.000706273	0.999703	0.0243614	0.0579129	-0.0243614	0.998024	0.732188	-0.30793	25.688	
0.998198	0.000757949	-0.0600048	0.000758296	0.999681	0.0252419	0.0600048	-0.0252419	0.997879	0.784447	-0.329913	26.5726	
0.998069	0.000811935	-0.0621021	0.000812319	0.999658	0.0261248	0.0621021	-0.0261248	0.997728	0.838563	-0.352678	27.457	
0.997936	0.000867931	-0.0642049	0.000868355	0.999635	0.0270101	0.0642049	-0.0270101	0.997571	0.89454	-0.376226	28.3413	
0.997798	0.000925952	-0.066313	0.000926418	0.99961	0.0278976	0.066313	-0.0278976	0.997409	0.952383	-0.40056	29.2254	
0.997656	0.000986009	-0.0684263	0.000986521	0.999585	0.0287873	0.0684263	-0.0287873	0.997241	1.0121	-0.425682	30.1094	
0.997508	0.00104812	-0.0705448	0.00104868	0.999559	0.0296793	0.0705448	-0.0296793	0.997067	1.07369	-0.451593	30.9932	
0.997356	0.00111229	-0.0726683	0.0011129	0.999532	0.0305734	0.0726683	-0.0305734	0.996887	1.13716	-0.478296	31.8769	
0.997198	0.00117853	-0.0747969	0.00117919	0.999504	0.0314697	0.0747969	-0.0314697	0.996702	1.20251	-0.505793	32.7605	
0.997036	0.00124686	-0.0769303	0.00124758	0.999475	0.0323681	0.0769303	-0.0323681	0.996511	1.26975	-0.534084	33.6438	
0.996868	0.00131728	-0.0790686	0.00131807	0.999446	0.0332685	0.0790686	-0.0332685	0.996314	1.33889	-0.563173	34.527	
0.996696	0.00138982	-0.0812116	0.00139067	0.999415	0.034171	0.0812116	-0.034171	0.996111	1.40992	-0.593061	35.41	
0.996518	0.00146448	-0.0833593	0.00146539	0.999384	0.0350755	0.0833593	-0.0350755	0.995902	1.48286	-0.62375	36.2928	
0.996336	0.00154127	-0.0855115	0.00154226	0.999351	0.035982	0.0855115	-0.035982	0.995687	1.5577	-0.655242	37.1755	
0.996148	0.0016202	-0.0876683	0.00162126	0.999318	0.0368904	0.0876683	-0.0368904	0.995466	1.63445	-0.687537	38.0579	
0.995956	0.00170129	-0.0898294	0.00170243	0.999284	0.0378007	0.0898294	-0.0378007	0.99524	1.71311	-0.720639	38.9402	
0.995758	0.00178454	-0.0919949	0.00178576	0.999249	0.0387128	0.0919949	-0.0387129	0.995007	1.79369	-0.754549	39.8222	
0.995555	0.00186996	-0.0941646	0.00187127	0.999213	0.0396268	0.0941646	-0.0396269	0.994768	1.87619	-0.789267	40.704	
0.995347	0.00195757	-0.0963384	0.00195897	0.999176	0.0405426	0.0963384	-0.0405427	0.994523	1.96062	-0.824797	41.5856	
0.995133	0.00204737	-0.0985164	0.00204887	0.999138	0.0414601	0.0985163	-0.0414602	0.994271	2.04698	-0.861139	42.467	
0.994915	0.00213937	-0.100698	0.00214097	0.999099	0.0423794	0.100698	-0.0423795	0.994014	2.13527	-0.898296	43.3482	
0.994691	0.00223359	-0.102884	0.00223529	0.99906	0.0433003	0.102884	-0.0433004	0.99375	2.22549	-0.936267	44.2292	
0.994462	0.00233003	-0.105074	0.00233184	0.999019	0.0442229	0.105074	-0.044223	0.993481	2.31765	-0.975056	45.1099	
0.994227	0.00242869	-0.107267	0.00243062	0.998977	0.0451471	0.107267	-0.0451472	0.993205	2.41176	-1.01466	45.9903	
0.993988	0.0025296	-0.109464	0.00253164	0.998935	0.0460729	0.109464	-0.046073	0.992922	2.50781	-1.05509	46.8705	
0.993742	0.00263275	-0.111665	0.00263492	0.998891	0.0470002	0.111665	-0.0470003	0.992634	2.60581	-1.09634	47.7505	
0.993492	0.00273816	-0.113869	0.00274045	0.998847	0.0479291	0.113869	-0.0479292	0.992339	2.70576	-1.13841	48.6302	
0.993236	0.00284583	-0.116076	0.00284826	0.998802	0.0488594	0.116076	-0.0488595	0.992038	2.80767	-1.18131	49.5096	
0.992975	0.00295577	-0.118287	0.00295833	0.998755	0.0497911	0.118287	-0.0497913	0.99173	2.91154	-1.22503	50.3888	
0.992708	0.00306798	-0.120501	0.00307069	0.998708	0.0507243	0.120501	-0.0507244	0.991416	3.01736	-1.26957	51.2677	
0.992436	0.00318248	-0.122718	0.00318534	0.99866	0.0516588	0.122718	-0.051659	0.991096	3.12515	-1.31495	52.1463	
0.991747	0.00346934	-0.128161	0.00332606	0.998601	0.0527702	0.128165	-0.0527609	0.990348	3.23634	-1.36122	53.0245	
0.991028	0.00376244	-0.133604	0.00347329	0.998541	0.0538838	0.133612	-0.0538643	0.989569	3.35235	-1.40848	53.9019	
0.990278	0.00406179	-0.139045	0.00362706	0.99848	0.0549994	0.139057	-0.054969	0.988758	3.4732	-1.45671	54.7787	
0.989497	0.00436739	-0.144485	0.00378738	0.998417	0.056117	0.144502	-0.0560748	0.987914	3.59887	-1.50592	55.6547	
0.988687	0.00467926	-0.149924	0.00395425	0.998353	0.0572362	0.149945	-0.0571815	0.987039	3.72936	-1.55612	56.53	
0.987845	0.00499739	-0.15536	0.00412768	0.998287	0.058357	0.155385	-0.058289	0.986133	3.86468	-1.60729	57.4045	
0.986974	0.00532179	-0.160794	0.00430768	0.99822	0.0594792	0.160824	-0.059397	0.985194	4.00481	-1.65945	58.2781	
0.986072	0.00565244	-0.166225	0.00449425	0.998152	0.0606026	0.16626	-0.0605055	0.984224	4.14977	-1.71259	59.1509	
0.985139	0.00598937	-0.171653	0.0046874	0.998082	0.061727	0.171693	-0.0616143	0.983222	4.29955	-1.76671	60.0229	
0.984177	0.00633255	-0.177078	0.00488711	0.998011	0.0628523	0.177123	-0.0627231	0.982188	4.45414	-1.82181	60.8939	
0.983183	0.00668198	-0.182499	0.00509338	0.997938	0.0639782	0.18255	-0.0638319	0.981122	4.61354	-1.8779	61.764	
0.98216	0.00703767	-0.187916	0.00530621	0.997864	0.0651047	0.187972	-0.0649404	0.980025	4.77775	-1.93497	62.6332	
0.981106	0.00739959	-0.193328	0.00552559	0.997789	0.0662316	0.193391	-0.0660484	0.978896	4.94676	-1.99302	63.5013	
0.980022	0.00776775	-0.198736	0.00575149	0.997712	0.0673586	0.198804	-0.0671559	0.977736	5.12058	-2.05206	64.3685	
0.978908	0.00814213	-0.204139	0.00598392	0.997634	0.0684856	0.204213	-0.0682627	0.976543	5.29919	-2.11207	65.2346	
0.977764	0.00852272	-0.209536	0.00622284	0.997555	0.0696125	0.209617	-0.0693685	0.97532	5.48259	-2.17307	66.0996	
0.976589	0.00890951	-0.214928	0.00646824	0.997474	0.0707391	0.215015	-0.0704733	0.974065	5.67078	-2.23504	66.9635	
0.975385	0.00930248	-0.220314	0.0067201	0.997392	0.0718652	0.220408	-0.0715768	0.972778	5.86375	-2.298	67.8263	
0.97415	0.00970163	-0.225693	0.00697839	0.997308	0.0729907	0.225794	-0.0726788	0.97146	6.0615	-2.36193	68.688	
0.972886	0.0101069	-0.231066	0.00724308	0.997223	0.0741153	0.231174	-0.0737793	0.970111	6.26402	-2.42684	69.5485	
0.971591	0.0105183	-0.236432	0.00751415	0.997137	0.0752389	0.236547	-0.0748781	0.968731	6.47131	-2.49272	70.4077	
0.970267	0.0109359	-0.241791	0.00779155	0.99705	0.0763614	0.241913	-0.0759749	0.967319	6.68335	-2.55957	71.2658	
0.964679	0.0126281	-0.263126	0.00812421	0.996949	0.0776315	0.263303	-0.0770272	0.961633	6.90726	-2.62738	72.1207	
0.958619	0.0143433	-0.28433	0.00848495	0.996847	0.0788939	0.284565	-0.0780417	0.955475	7.15008	-2.69611	72.9703	
0.952091	0.0160804	-0.305392	0.0088736	0.996743	0.0801478	0.305687	-0.0790179	0.948848	7.41168	-2.76572	73.8143	
0.945097	0.0178387	-0.326303	0.00928997	0.996639	0.0813926	0.326658	-0.0799552	0.941754	7.69193	-2.83618	74.6522	
0.937641	0.0196173	-0.347052	0.00973385	0.996533	0.0826278	0.34747	-0.0808534	0.934199	7.99071	-2.90745	75.4837	
0.929726	0.0214154	-0.367629	0.010205	0.996426	0.0838528	0.368111	-0.0817118	0.926185	8.30785	-2.9795	76.3082	
0.921357	0.023232	-0.388023	0.0107033	0.996318	0.0850669	0.388571	-0.0825301	0.917715	8.64321	-3.05229	77.1254	
0.912537	0.0250662	-0.408225	0.0112283	0.996209	0.0862696	0.40884	-0.0833079	0.908796	8.99663	-3.12579	77.9349	
0.903271	0.0269172	-0.428225	0.0117799	0.996098	0.0874602	0.428908	-0.0840447	0.89943	9.36792	-3.19996	78.7363	
0.893564	0.028784	-0.448012	0.0123578	0.995987	0.0886382	0.448766	-0.0847403	0.889622	9.7569	-3.27476	79.5292	
0.88342	0.0306658	-0.467578	0.0129617	0.995875	0.089803	0.468404	-0.0853943	0.879378	10.1634	-3.35017	80.3132	
0.872843	0.0325615	-0.486913	0.0135913	0.995762	0.090954	0.487811	-0.0860064	0.868702	10.5872	-3.42613	81.088	
0.861841	0.0344704	-0.506006	0.0142464	0.995649	0.0920907	0.506979	-0.0865762	0.857599	11.0281	-3.50262	81.8531	
0.850417	0.0363913	-0.52485	0.0149265	0.995534	0.0932125	0.525898	-0.0871036	0.846076	11.4858	-3.57959	82.6082	
0.838577	0.0383235	-0.543434	0.0156313	0.995419	0.0943188	0.544559	-0.0875881	0.834137	11.9603	-3.65702	83.3528	
0.826327	0.0402659	-0.561749	0.0163605	0.995304	0.0954091	0.562952	-0.0880297	0.821788	12.4511	-3.73485	84.0867	
0.813674	0.0422176	-0.579786	0.0171138	0.995187	0.0964829	0.581069	-0.088428	0.809036	12.9582	-3.81306	84.8095	
0.800623	0.0441776	-0.597538	0.0178908	0.995071	0.0975397	0.598901	-0.0887829	0.795886	13.4811	-3.8916	85.5208	
