1	0	0	0	1	0	0	0	1	0	0	0	
0.999993	-5.44766e-06	-0.00382624	-5.44766e-06	0.999996	-0.00284751	0.00382624	0.00284751	0.999989	0.00176336	0.0013123	0.921714	
0.999971	-2.18021e-05	-0.00765333	-2.18145e-05	0.999984	-0.00569891	0.00765333	0.00569891	0.999954	0.00705383	0.005251	1.84341	
0.999934	-4.90829e-05	-0.0114811	-4.91329e-05	0.999963	-0.0085541	0.0114811	0.0085541	0.999898	0.0158721	0.0118196	2.76506	
0.999883	-8.73094e-05	-0.0153095	-8.74343e-05	0.999935	-0.011413	0.0153095	0.011413	0.999818	0.0282189	0.0210217	3.68664	
0.999817	-0.0001365	-0.0191384	-0.00013675	0.999898	-0.0142755	0.0191384	0.0142755	0.999715	0.0440945	0.0328605	4.60815	
0.999736	-0.000196672	-0.0229676	-0.00019711	0.999853	-0.0171416	0.0229676	0.0171416	0.999589	0.0634995	0.0473393	5.52955	
0.999641	-0.000267843	-0.026797	-0.000268544	0.9998	-0.0200111	0.026797	0.0200111	0.999441	0.086434	0.0644615	6.45082	
0.999531	-0.00035003	-0.0306266	-0.000351082	0.999738	-0.0228839	0.0306266	0.0228839	0.999269	0.112898	0.0842301	7.37194	
0.999406	-0.000443248	-0.0344561	-0.000444751	0.999668	-0.02576	0.034456	0.02576	0.999074	0.142892	0.106648	8.2929	
0.999267	-0.000547513	-0.0382854	-0.00054958	0.99959	-0.0286393	0.0382854	0.0286393	0.998856	0.176416	0.131719	9.21366	
0.999113	-0.000662838	-0.0421144	-0.000665596	0.999503	-0.0315216	0.0421144	0.0315217	0.998615	0.213469	0.159444	10.1342	
0.998944	-0.000789239	-0.0459431	-0.000792826	0.999408	-0.0344069	0.045943	0.034407	0.998351	0.254051	0.189828	11.0545	
0.99876	-0.000926728	-0.0497712	-0.000931296	0.999304	-0.0372951	0.0497711	0.0372952	0.998064	0.298162	0.222873	11.9746	
0.998562	-0.00107532	-0.0535987	-0.00108103	0.999192	-0.0401861	0.0535986	0.0401863	0.997754	0.3458	0.258581	12.8944	
0.998349	-0.00123502	-0.0574254	-0.00124206	0.999071	-0.0430799	0.0574252	0.0430801	0.99742	0.396967	0.296955	13.8139	
0.998121	-0.00140585	-0.0612512	-0.00141439	0.998942	-0.0459762	0.061251	0.0459765	0.997063	0.45166	0.337998	14.7331	
0.997879	-0.00158781	-0.065076	-0.00159807	0.998804	-0.0488751	0.0650757	0.0488754	0.996683	0.509879	0.381711	15.6519	
0.997622	-0.00178092	-0.0688996	-0.00179311	0.998657	-0.0517764	0.0688993	0.0517768	0.996279	0.571622	0.428097	16.5704	
0.99735	-0.00198518	-0.072722	-0.00199953	0.998502	-0.05468	0.0727216	0.0546805	0.995852	0.63689	0.477159	17.4885	
0.997064	-0.00220061	-0.0765429	-0.00221735	0.998338	-0.0575859	0.0765424	0.0575865	0.995402	0.705679	0.528899	18.4062	
0.996763	-0.00242721	-0.0803624	-0.0024466	0.998166	-0.0604939	0.0803618	0.0604947	0.994928	0.77799	0.583317	19.3234	
0.996447	-0.00266499	-0.0841802	-0.0026873	0.997984	-0.063404	0.0841795	0.063405	0.994431	0.853821	0.640418	20.2402	
0.996117	-0.00291395	-0.0879963	-0.00293946	0.997794	-0.0663161	0.0879954	0.0663172	0.993911	0.933169	0.700201	21.1566	
0.995771	-0.00317411	-0.0918105	-0.00320311	0.997596	-0.06923	0.0918095	0.0692314	0.993367	1.01603	0.76267	22.0724	
0.995412	-0.00344547	-0.0956227	-0.00347826	0.997388	-0.0721458	0.0956215	0.0721473	0.9928	1.10241	0.827826	22.9878	
0.995037	-0.00372803	-0.0994328	-0.00376493	0.997172	-0.0750632	0.0994314	0.075065	0.992209	1.19231	0.89567	23.9026	
0.994648	-0.00402181	-0.103241	-0.00406315	0.996946	-0.0779822	0.103239	0.0779843	0.991595	1.28571	0.966204	24.8168	
0.994245	-0.00432679	-0.107046	-0.00437292	0.996712	-0.0809027	0.107044	0.0809052	0.990957	1.38262	1.03943	25.7305	
0.993826	-0.00464299	-0.110849	-0.00469426	0.996469	-0.0838246	0.110847	0.0838275	0.990296	1.48304	1.11535	26.6436	
0.993394	-0.00497042	-0.114649	-0.00502719	0.996218	-0.0867479	0.114647	0.0867511	0.989611	1.58696	1.19396	27.5561	
0.992946	-0.00530906	-0.118447	-0.00537173	0.995957	-0.0896723	0.118444	0.0896761	0.988903	1.69438	1.27527	28.4679	
0.992484	-0.00565893	-0.122242	-0.00572788	0.995687	-0.0925979	0.122239	0.0926021	0.988171	1.8053	1.35927	29.379	
0.992008	-0.00602002	-0.126034	-0.00609566	0.995408	-0.0955245	0.12603	0.0955293	0.987416	1.91972	1.44598	30.2895	
0.991517	-0.00639234	-0.129823	-0.00647509	0.995121	-0.0984521	0.129819	0.0984575	0.986637	2.03763	1.53538	31.1993	
0.991011	-0.00677589	-0.133608	-0.00686618	0.994824	-0.10138	0.133604	0.101387	0.985835	2.15903	1.62748	32.1083	
0.990491	-0.00717066	-0.137391	-0.00726893	0.994518	-0.10431	0.137385	0.104316	0.985009	2.28392	1.72228	33.0166	
0.989956	-0.00757665	-0.141169	-0.00768337	0.994204	-0.107239	0.141164	0.107247	0.98416	2.41229	1.81978	33.9241	
0.989407	-0.00799387	-0.144945	-0.0081095	0.99388	-0.11017	0.144938	0.110178	0.983287	2.54414	1.91998	34.8308	
0.988844	-0.0084223	-0.148716	-0.00854733	0.993547	-0.113101	0.148709	0.11311	0.982391	2.67947	2.02289	35.7367	
0.988266	-0.00886195	-0.152484	-0.00899687	0.993205	-0.116032	0.152476	0.116042	0.981471	2.81828	2.12849	36.6418	
0.987674	-0.00931282	-0.156248	-0.00945814	0.992854	-0.118963	0.15624	0.118975	0.980528	2.96055	2.2368	37.546	
0.987067	-0.00977489	-0.160008	-0.00993113	0.992493	-0.121895	0.159999	0.121908	0.979561	3.10629	2.34782	38.4493	
0.986446	-0.0102482	-0.163764	-0.0104159	0.992124	-0.124827	0.163753	0.124841	0.97857	3.2555	2.46153	39.3517	
0.985811	-0.0107326	-0.167516	-0.0109123	0.991745	-0.127759	0.167504	0.127774	0.977556	3.40816	2.57795	40.2532	
0.985161	-0.0112283	-0.171263	-0.0114206	0.991357	-0.13069	0.17125	0.130707	0.976519	3.56428	2.69707	41.1538	
0.984498	-0.0117352	-0.175005	-0.0119405	0.99096	-0.133622	0.174992	0.13364	0.975458	3.72385	2.8189	42.0534	
0.983819	-0.0122532	-0.178744	-0.0124723	0.990554	-0.136553	0.178728	0.136573	0.974374	3.88686	2.94343	42.952	
0.983127	-0.0127824	-0.182477	-0.0130158	0.990139	-0.139484	0.182461	0.139505	0.973266	4.05332	3.07066	43.8496	
0.98242	-0.0133228	-0.186206	-0.0135711	0.989714	-0.142414	0.186188	0.142437	0.972135	4.22321	3.2006	44.7461	
0.9817	-0.0138743	-0.189929	-0.0141381	0.98928	-0.145344	0.18991	0.145369	0.97098	4.39654	3.33324	45.6416	
0.980965	-0.014437	-0.193648	-0.014717	0.988837	-0.148273	0.193627	0.1483	0.969802	4.5733	3.46858	46.536	
0.980216	-0.0150108	-0.197361	-0.0153076	0.988385	-0.151201	0.197339	0.151231	0.9686	4.75348	3.60662	47.4294	
0.979453	-0.0155958	-0.20107	-0.01591	0.987923	-0.154128	0.201045	0.154161	0.967376	4.93708	3.74736	48.3216	
0.978676	-0.0161919	-0.204772	-0.0165242	0.987452	-0.157055	0.204746	0.15709	0.966127	5.12409	3.89081	49.2127	
0.977885	-0.016799	-0.20847	-0.0171502	0.986971	-0.15998	0.208441	0.160018	0.964856	5.31451	4.03695	50.1026	
0.977079	-0.0174173	-0.212161	-0.0177879	0.986481	-0.162905	0.212131	0.162945	0.963561	5.50834	4.18579	50.9913	
0.97626	-0.0180467	-0.215847	-0.0184375	0.985982	-0.165828	0.215814	0.165871	0.962243	5.70556	4.33733	51.8788	
0.975427	-0.0186871	-0.219528	-0.0190988	0.985474	-0.168749	0.219492	0.168795	0.960901	5.90617	4.49156	52.7651	
0.97458	-0.0193386	-0.223202	-0.0197719	0.984956	-0.17167	0.223164	0.171719	0.959537	6.11018	4.64849	53.6502	
0.97372	-0.0200011	-0.22687	-0.0204568	0.984429	-0.174588	0.226829	0.174641	0.958149	6.31756	4.80811	54.534	
0.972845	-0.0206746	-0.230532	-0.0211535	0.983892	-0.177505	0.230488	0.177562	0.956738	6.52832	4.97043	55.4165	
0.972422	-0.0210049	-0.232282	-0.0224928	0.982848	-0.183041	0.232143	0.183217	0.95527	6.74153	5.1367	56.2976	
0.971994	-0.0213464	-0.234035	-0.0238432	0.98177	-0.188574	0.233793	0.188873	0.953765	6.95626	5.30818	57.1774	
0.971562	-0.0216994	-0.235789	-0.0252047	0.980657	-0.194104	0.23544	0.194527	0.952222	7.17251	5.48487	58.0558	
0.971126	-0.0220636	-0.237545	-0.0265773	0.979511	-0.199631	0.237082	0.20018	0.950642	7.39028	5.66678	58.9328	
0.970686	-0.0224391	-0.239302	-0.0279606	0.97833	-0.205154	0.23872	0.205832	0.949024	7.60955	5.85389	59.8082	
0.970242	-0.0228259	-0.24106	-0.0293548	0.977116	-0.210673	0.240352	0.21148	0.947369	7.83034	6.04621	60.6822	
0.969794	-0.0232239	-0.242818	-0.0307596	0.975867	-0.216187	0.241979	0.217125	0.945676	8.05263	6.24374	61.5546	
0.969342	-0.0236332	-0.244576	-0.0321749	0.974585	-0.221694	0.243599	0.222767	0.943946	8.27641	6.44647	62.4255	
0.968887	-0.0240535	-0.246333	-0.0336006	0.973269	-0.227196	0.245213	0.228404	0.94218	8.50168	6.6544	63.2947	
0.968428	-0.024485	-0.248089	-0.0350367	0.97192	-0.23269	0.24682	0.234036	0.940376	8.72844	6.86752	64.1623	
0.967965	-0.0249274	-0.249844	-0.0364828	0.970536	-0.238177	0.24842	0.239662	0.938536	8.95668	7.08582	65.0282	
0.967499	-0.0253809	-0.251598	-0.037939	0.96912	-0.243655	0.250012	0.245282	0.936659	9.18638	7.30932	65.8924	
0.96703	-0.0258452	-0.253349	-0.0394051	0.967669	-0.249125	0.251597	0.250894	0.934747	9.41756	7.53798	66.7549	
0.966557	-0.0263202	-0.255097	-0.040881	0.966186	-0.254585	0.253172	0.2565	0.932798	9.65018	7.77182	67.6156	
0.966081	-0.026806	-0.256843	-0.0423664	0.964669	-0.260035	0.254739	0.262097	0.930813	9.88426	8.01082	68.4744	
0.965602	-0.0273024	-0.258585	-0.0438613	0.963119	-0.265475	0.256297	0.267685	0.928793	10.1198	8.25498	69.3315	
0.965121	-0.0278092	-0.260324	-0.0453654	0.961537	-0.270904	0.257845	0.273265	0.926738	10.3567	8.50428	70.1866	
0.96844	-0.0240734	-0.24808	-0.0501021	0.956206	-0.288374	0.244158	0.291703	0.924822	10.5881	8.76466	71.0399	
0.971578	-0.0200946	-0.235865	-0.0545793	0.950529	-0.305804	0.230342	0.309986	0.922416	10.8068	9.04197	71.8913	
0.974532	-0.0158752	-0.223685	-0.0587946	0.944508	-0.323184	0.216403	0.328104	0.91952	11.0127	9.33605	72.7402	
0.977301	-0.0114173	-0.211547	-0.0627457	0.938147	-0.340504	0.20235	0.346049	0.916136	11.2057	9.64675	73.5862	
0.979884	-0.00672334	-0.199457	-0.0664307	0.931449	-0.357756	0.188189	0.363809	0.912265	11.3857	9.97391	74.4289	
0.982278	-0.00179574	-0.187421	-0.0698475	0.924418	-0.37493	0.173928	0.381377	0.90791	11.5525	10.3173	75.2678	
0.984483	0.00336286	-0.175445	-0.0729942	0.917057	-0.392018	0.159575	0.398742	0.903073	11.7063	10.6769	76.1024	
0.986498	0.00874971	-0.163537	-0.0758694	0.909371	-0.40901	0.145137	0.415895	0.897756	11.8467	11.0523	76.9324	
0.988322	0.014362	-0.151702	-0.0784713	0.901362	-0.425897	0.130622	0.432827	0.891963	11.9738	11.4435	77.7572	
0.989953	0.0201966	-0.139948	-0.0807987	0.893037	-0.44267	0.116038	0.44953	0.885696	12.0875	11.8502	78.5765	
0.991391	0.0262506	-0.128279	-0.0828503	0.884398	-0.459321	0.101392	0.465994	0.878959	12.1877	12.2721	79.3898	
0.992634	0.0325207	-0.116702	-0.0846249	0.875452	-0.47584	0.0866922	0.482211	0.871755	12.2744	12.7091	80.1967	
0.993683	0.0390035	-0.105223	-0.0861218	0.866201	-0.492218	0.0719464	0.498171	0.864089	12.3475	13.1609	80.9967	
0.994537	0.0456957	-0.0938495	-0.08734	0.856652	-0.508448	0.0571625	0.513867	0.855963	12.407	13.6274	81.7894	
0.995195	0.0525937	-0.082586	-0.0882789	0.846809	-0.52452	0.0423481	0.52929	0.847383	12.4528	14.1081	82.5745	
0.995657	0.0596937	-0.0714389	-0.0889381	0.836678	-0.540426	0.0275113	0.544432	0.838353	12.485	14.603	83.3514	
0.995923	0.0669922	-0.0604142	-0.0893171	0.826264	-0.556157	0.0126599	0.559285	0.828879	12.5035	15.1117	84.1198	
0.995992	0.0744851	-0.0495177	-0.0894159	0.815572	-0.571705	-0.00219823	0.573841	0.818963	12.5084	15.6339	84.8792	
0.995865	0.0821684	-0.0387552	-0.0892342	0.804609	-0.587062	-0.0170552	0.588093	0.808614	12.4995	16.1694	85.6293	
0.995541	0.0900382	-0.0281325	-0.0887722	0.793379	-0.60222	-0.0319031	0.602032	0.797834	12.4769	16.7179	86.3697	
0.995021	0.0980903	-0.0176551	-0.0880302	0.78189	-0.61717	-0.0467341	0.615652	0.786631	12.4407	17.2791	87.1	
