1	0	0	0	1	0	0	0	1	0	0	0	
1	1.21516e-07	-0.000624071	1.21516e-07	1	0.000389428	0.000624071	-0.000389428	1	0.00030195	-0.00018842	0.967677	
0.999999	4.90083e-07	-0.0012534	4.89925e-07	1	0.000781881	0.0012534	-0.000781881	0.999999	0.00121034	-0.000755145	1.93535	
0.999998	1.1117e-06	-0.00188795	1.11106e-06	0.999999	0.00117734	0.00188795	-0.00117734	0.999998	0.00273024	-0.00170309	2.90303	
0.999997	1.99235e-06	-0.0025277	1.99074e-06	0.999999	0.00157577	0.0025277	-0.00157577	0.999996	0.0048667	-0.00303515	3.8707	
0.999995	3.13803e-06	-0.00317262	3.13478e-06	0.999998	0.00197717	0.00317262	-0.00197717	0.999993	0.00762473	-0.0047542	4.83837	
0.999993	4.55474e-06	-0.00382267	4.54901e-06	0.999997	0.0023815	0.00382267	-0.0023815	0.99999	0.0110093	-0.00686309	5.80604	
0.99999	6.24845e-06	-0.00447784	6.23921e-06	0.999996	0.00278875	0.00447784	-0.00278875	0.999986	0.0150254	-0.00936465	6.77371	
0.999987	8.22516e-06	-0.00513809	8.21118e-06	0.999995	0.00319889	0.00513809	-0.00319889	0.999982	0.019678	-0.0122617	7.74137	
0.999983	1.04908e-05	-0.0058034	1.04707e-05	0.999993	0.0036119	0.0058034	-0.0036119	0.999977	0.0249719	-0.015557	8.70902	
0.999979	1.30514e-05	-0.00647372	1.30235e-05	0.999992	0.00402776	0.00647372	-0.00402776	0.999971	0.030912	-0.0192534	9.67668	
0.999974	1.59129e-05	-0.00714904	1.58754e-05	0.99999	0.00444644	0.00714904	-0.00444644	0.999965	0.0375033	-0.0233535	10.6443	
0.999969	1.90812e-05	-0.00782932	1.90322e-05	0.999988	0.00486793	0.00782932	-0.00486793	0.999958	0.0447504	-0.0278602	11.612	
0.999964	2.25623e-05	-0.00851453	2.24994e-05	0.999986	0.00529219	0.00851453	-0.00529219	0.99995	0.0526582	-0.032776	12.5796	
0.999958	2.63621e-05	-0.00920465	2.62828e-05	0.999984	0.00571922	0.00920465	-0.00571922	0.999941	0.0612314	-0.0381038	13.5472	
0.999951	3.04864e-05	-0.00989963	3.03882e-05	0.999981	0.00614897	0.00989963	-0.00614897	0.999932	0.0704748	-0.0438461	14.5148	
0.999944	3.49412e-05	-0.0105994	3.48211e-05	0.999978	0.00658144	0.0105994	-0.00658144	0.999922	0.080393	-0.0500055	15.4824	
0.999936	3.97324e-05	-0.0113041	3.95872e-05	0.999975	0.00701659	0.0113041	-0.00701659	0.999911	0.0909908	-0.0565848	16.45	
0.999928	4.48658e-05	-0.0120135	4.46921e-05	0.999972	0.00745441	0.0120135	-0.00745441	0.9999	0.102273	-0.0635864	17.4176	
0.999919	5.03472e-05	-0.0127276	5.01415e-05	0.999969	0.00789487	0.0127276	-0.00789487	0.999888	0.114243	-0.071013	18.3852	
0.99991	5.61824e-05	-0.0134465	5.59407e-05	0.999965	0.00833795	0.0134465	-0.00833795	0.999875	0.126907	-0.078867	19.3528	
0.9999	6.23773e-05	-0.01417	6.20955e-05	0.999961	0.00878362	0.01417	-0.00878362	0.999861	0.140269	-0.0871511	20.3203	
0.999889	6.89375e-05	-0.0148982	6.86112e-05	0.999957	0.00923186	0.0148982	-0.00923186	0.999846	0.154334	-0.0958677	21.2878	
0.999878	7.58688e-05	-0.015631	7.54934e-05	0.999953	0.00968265	0.015631	-0.00968265	0.999831	0.169105	-0.105019	22.2554	
0.999866	8.3177e-05	-0.0163684	8.27475e-05	0.999949	0.010136	0.0163684	-0.010136	0.999815	0.184587	-0.114608	23.2229	
0.999854	9.08677e-05	-0.0171103	9.03788e-05	0.999944	0.0105918	0.0171103	-0.0105918	0.999798	0.200786	-0.124637	24.1904	
0.999841	9.89465e-05	-0.0178567	9.83929e-05	0.999939	0.01105	0.0178567	-0.01105	0.999779	0.217704	-0.135108	25.1578	
0.999827	0.000107419	-0.0186076	0.000106795	0.999934	0.0115108	0.0186076	-0.0115108	0.999761	0.235347	-0.146024	26.1253	
0.999813	0.000116291	-0.019363	0.00011559	0.999928	0.0119739	0.019363	-0.0119739	0.999741	0.253719	-0.157387	27.0927	
0.999798	0.000125568	-0.0201228	0.000124784	0.999923	0.0124395	0.0201228	-0.0124395	0.99972	0.272823	-0.169199	28.0601	
0.999782	0.000135255	-0.0208869	0.000134382	0.999917	0.0129074	0.0208869	-0.0129074	0.999699	0.292665	-0.181463	29.0275	
0.999765	0.000145358	-0.0216554	0.000144389	0.999911	0.0133777	0.0216554	-0.0133777	0.999676	0.313249	-0.194181	29.9949	
0.999748	0.000155883	-0.0224282	0.000154809	0.999904	0.0138503	0.0224282	-0.0138503	0.999653	0.334578	-0.207354	30.9623	
0.999731	0.000166834	-0.0232053	0.000165649	0.999897	0.0143252	0.0232053	-0.0143252	0.999628	0.356658	-0.220987	31.9296	
0.999712	0.000178217	-0.0239866	0.000176913	0.99989	0.0148024	0.0239866	-0.0148024	0.999603	0.379491	-0.23508	32.8969	
0.999693	0.000190038	-0.0247721	0.000188607	0.999883	0.0152819	0.0247721	-0.0152819	0.999576	0.403082	-0.249636	33.8642	
0.999673	0.000202301	-0.0255618	0.000200734	0.999876	0.0157635	0.0255618	-0.0157635	0.999549	0.427436	-0.264657	34.8314	
0.999653	0.000215012	-0.0263556	0.000213301	0.999868	0.0162474	0.0263556	-0.0162474	0.999521	0.452555	-0.280145	35.7986	
0.999631	0.000228176	-0.0271535	0.000226312	0.99986	0.0167335	0.0271535	-0.0167334	0.999491	0.478445	-0.296102	36.7658	
0.999609	0.000241799	-0.0279555	0.000239771	0.999852	0.0172217	0.0279555	-0.0172217	0.999461	0.505109	-0.312531	37.733	
0.999586	0.000255884	-0.0287614	0.000253684	0.999843	0.017712	0.0287615	-0.017712	0.999429	0.532551	-0.329433	38.7002	
0.999563	0.000270439	-0.0295714	0.000268055	0.999834	0.0182044	0.0295714	-0.0182044	0.999397	0.560775	-0.346811	39.6673	
0.999538	0.000285466	-0.0303853	0.000282889	0.999825	0.018699	0.0303854	-0.0186989	0.999363	0.589784	-0.364666	40.6343	
0.999513	0.000300972	-0.0312032	0.00029819	0.999816	0.0191955	0.0312032	-0.0191955	0.999329	0.619583	-0.383001	41.6014	
0.999487	0.000316961	-0.0320249	0.000313963	0.999806	0.0196941	0.0320249	-0.0196941	0.999293	0.650175	-0.401817	42.5684	
0.99946	0.000333437	-0.0328504	0.000330213	0.999796	0.0201947	0.0328504	-0.0201946	0.999256	0.681564	-0.421117	43.5354	
0.999433	0.000350407	-0.0336797	0.000346943	0.999786	0.0206973	0.0336798	-0.0206972	0.999218	0.713754	-0.440902	44.5023	
0.999404	0.000367874	-0.0345128	0.000364159	0.999775	0.0212018	0.0345129	-0.0212017	0.999179	0.746748	-0.461174	45.4692	
0.999375	0.000385843	-0.0353497	0.000381864	0.999764	0.0217082	0.0353497	-0.0217081	0.999139	0.78055	-0.481936	46.4361	
0.999345	0.000404319	-0.0361902	0.000400063	0.999753	0.0222165	0.0361902	-0.0222165	0.999098	0.815164	-0.503188	47.4029	
0.999314	0.000423306	-0.0370343	0.00041876	0.999742	0.0227267	0.0370344	-0.0227266	0.999056	0.850593	-0.524933	48.3697	
0.999282	0.000442808	-0.0378821	0.000437959	0.99973	0.0232388	0.0378821	-0.0232387	0.999012	0.886841	-0.547173	49.3364	
0.999249	0.000462831	-0.0387334	0.000457664	0.999718	0.0237526	0.0387335	-0.0237525	0.998967	0.92391	-0.569909	50.3031	
0.999216	0.000483378	-0.0395883	0.000477879	0.999705	0.0242683	0.0395883	-0.0242682	0.998921	0.961805	-0.593144	51.2698	
0.999182	0.000504455	-0.0404466	0.000498607	0.999693	0.0247857	0.0404467	-0.0247856	0.998874	1.00053	-0.616878	52.2364	
0.999146	0.000526064	-0.0413084	0.000519854	0.99968	0.0253049	0.0413085	-0.0253047	0.998826	1.04009	-0.641113	53.203	
0.99911	0.00054821	-0.0421737	0.000541622	0.999666	0.0258258	0.0421738	-0.0258256	0.998776	1.08048	-0.665852	54.1695	
0.999073	0.000570897	-0.0430423	0.000563915	0.999653	0.0263483	0.0430424	-0.0263482	0.998726	1.12171	-0.691096	55.1359	
0.999035	0.00059413	-0.0439142	0.000586737	0.999639	0.0268725	0.0439143	-0.0268724	0.998674	1.16378	-0.716846	56.1024	
0.998996	0.000617911	-0.0447894	0.000610091	0.999624	0.0273984	0.0447895	-0.0273982	0.998621	1.2067	-0.743104	57.0687	
0.998956	0.000642246	-0.0456679	0.000633982	0.99961	0.0279259	0.045668	-0.0279257	0.998566	1.25047	-0.769872	58.035	
0.998916	0.000667138	-0.0465496	0.000658411	0.999595	0.0284549	0.0465497	-0.0284547	0.998511	1.29508	-0.797151	59.0013	
0.998874	0.00069259	-0.0474345	0.000683383	0.99958	0.0289855	0.0474346	-0.0289853	0.998454	1.34056	-0.824943	59.9675	
0.998679	0.000804697	-0.0513828	0.000620499	0.999616	0.0277149	0.0513853	-0.0277101	0.998294	1.38837	-0.852374	60.9336	
0.998467	0.000911861	-0.0553339	0.000552712	0.99965	0.0264468	0.0553387	-0.0264369	0.998118	1.44001	-0.878573	61.8996	
0.99824	0.00101408	-0.0592877	0.000480027	0.999683	0.0251812	0.0592944	-0.0251654	0.997923	1.49547	-0.90354	62.8653	
0.997997	0.00111134	-0.0632439	0.000402451	0.999714	0.0239179	0.0632524	-0.0238955	0.997711	1.55477	-0.927277	63.8309	
0.997739	0.00120363	-0.0672023	0.000319988	0.999743	0.0226568	0.0672123	-0.0226271	0.997482	1.61789	-0.949787	64.7962	
0.997464	0.00129097	-0.0711626	0.00023264	0.999771	0.0213978	0.071174	-0.02136	0.997235	1.68485	-0.971069	65.7614	
0.997173	0.00137333	-0.0751247	0.000140407	0.999797	0.0201406	0.0751371	-0.0200943	0.996971	1.75564	-0.991127	66.7262	
0.996867	0.00145071	-0.0790882	4.32907e-05	0.999822	0.0188853	0.0791015	-0.0188296	0.996689	1.83026	-1.00996	67.6908	
0.996544	0.00152311	-0.083053	-5.87122e-05	0.999845	0.0176317	0.083067	-0.0175659	0.996389	1.90873	-1.02757	68.6552	
0.996205	0.00159053	-0.0870189	-0.000165605	0.999866	0.0163796	0.0870332	-0.016303	0.996072	1.99103	-1.04396	69.6192	
0.995851	0.00165295	-0.0909855	-0.000277392	0.999886	0.015129	0.0910001	-0.0150409	0.995737	2.07717	-1.05912	70.5829	
0.99548	0.00171037	-0.0949527	-0.00039408	0.999904	0.0138796	0.0949672	-0.0137794	0.995385	2.16715	-1.07307	71.5463	
0.993282	0.00186974	-0.1157	-0.00168394	0.999997	0.0017036	0.115702	-0.00149733	0.993283	2.26908	-1.08046	72.5085	
0.990653	0.00177284	-0.136397	-0.00322731	0.99994	-0.0104431	0.13637	0.0107857	0.990599	2.39105	-1.07596	73.4685	
0.987593	0.00141972	-0.157032	-0.00502326	0.999733	-0.0225534	0.156958	0.0230623	0.987336	2.53298	-1.05959	74.4255	
0.984104	0.000810583	-0.177593	-0.00707076	0.999376	-0.0346201	0.177454	0.0353255	0.983495	2.69479	-1.03133	75.3791	
0.980188	-5.42126e-05	-0.198067	-0.0093686	0.998868	-0.0466364	0.197846	0.047568	0.979078	2.87638	-0.991225	76.3287	
0.975849	-0.00117416	-0.218444	-0.0119154	0.998211	-0.058595	0.218122	0.0597827	0.974089	3.07765	-0.939282	77.2738	
0.971087	-0.0025486	-0.238711	-0.0147098	0.997404	-0.070489	0.238271	0.0719624	0.968529	3.29848	-0.875536	78.2138	
0.965907	-0.00417674	-0.258855	-0.01775	0.996449	-0.0823115	0.25828	0.0840999	0.962403	3.53875	-0.800023	79.1481	
0.960311	-0.00605762	-0.278866	-0.0210343	0.995345	-0.0940555	0.278138	0.0961883	0.955713	3.7983	-0.712789	80.0762	
0.954302	-0.00819013	-0.298732	-0.0245608	0.994093	-0.105714	0.297833	0.10822	0.948464	4.07699	-0.613883	80.9975	
0.947884	-0.010573	-0.31844	-0.0283274	0.992695	-0.117281	0.317354	0.120189	0.94066	4.37465	-0.503364	81.9116	
0.941061	-0.0132049	-0.33798	-0.0323319	0.99115	-0.128748	0.336689	0.132087	0.932305	4.69112	-0.381297	82.8179	
0.933836	-0.0160843	-0.35734	-0.036572	0.98946	-0.14011	0.355827	0.143909	0.923405	5.0262	-0.247753	83.7158	
0.926214	-0.0192094	-0.376509	-0.0410451	0.987626	-0.15136	0.374757	0.155645	0.913965	5.3797	-0.102811	84.6048	
0.918199	-0.0225785	-0.395474	-0.0457487	0.985649	-0.162491	0.393468	0.167291	0.903989	5.75142	0.0534463	85.4844	
0.909797	-0.0261895	-0.414227	-0.05068	0.98353	-0.173496	0.411948	0.178839	0.893485	6.14113	0.220926	86.3542	
0.901011	-0.0300404	-0.432755	-0.0558361	0.98127	-0.18437	0.430187	0.190282	0.882458	6.54861	0.399529	87.2135	
0.891848	-0.0341289	-0.451047	-0.0612141	0.97887	-0.195105	0.448175	0.201614	0.870914	6.97361	0.589153	88.0619	
0.882311	-0.0384526	-0.469093	-0.0668107	0.976333	-0.205696	0.4659	0.212828	0.85886	7.4159	0.789686	88.8988	
0.872408	-0.043009	-0.486882	-0.0726226	0.973659	-0.216136	0.483353	0.223917	0.846304	7.87521	1.00101	89.7239	
0.862144	-0.0477954	-0.504404	-0.0786466	0.97085	-0.226419	0.500523	0.234876	0.833253	8.35127	1.223	90.5366	
0.851524	-0.0528091	-0.521649	-0.084879	0.967907	-0.23654	0.517399	0.245697	0.819714	8.8438	1.45553	91.3364	
0.840556	-0.058047	-0.538606	-0.0913162	0.964833	-0.246492	0.533973	0.256374	0.805695	9.35252	1.69847	92.1229	
0.829245	-0.0635061	-0.555266	-0.0979545	0.961629	-0.256269	0.550235	0.266901	0.791205	9.87713	1.95166	92.8955	
0.817597	-0.0691832	-0.571619	-0.10479	0.958298	-0.265866	0.566174	0.277271	0.776252	10.4173	2.21496	93.654	
