1	0	0	0	1	0	0	0	1	0	0	0	
0.999994	-8.0721e-06	-0.00354068	-8.0721e-06	0.99999	-0.00455959	0.00354068	0.00455959	0.999983	0.00181952	0.00234313	1.02777	
0.999975	-3.22879e-05	-0.00708115	-3.22891e-05	0.999958	-0.00911926	0.00708115	0.00911926	0.999933	0.00727798	0.00937256	2.05551	
0.999944	-7.26466e-05	-0.0106213	-7.26515e-05	0.999906	-0.0136789	0.0106213	0.0136789	0.99985	0.0163751	0.0210883	3.08318	
0.9999	-0.000129147	-0.014161	-0.000129159	0.999834	-0.0182382	0.014161	0.0182382	0.999733	0.0291105	0.0374902	4.11075	
0.999843	-0.000201786	-0.0177001	-0.00020181	0.99974	-0.0227972	0.0177001	0.0227972	0.999583	0.0454836	0.0585778	5.13818	
0.999774	-0.000290562	-0.0212385	-0.000290604	0.999626	-0.0273556	0.0212385	0.0273556	0.9994	0.0654938	0.0843508	6.16543	
0.999693	-0.00039547	-0.0247761	-0.000395539	0.999491	-0.0319132	0.0247761	0.0319132	0.999184	0.0891402	0.114809	7.19249	
0.999599	-0.000516508	-0.0283128	-0.000516611	0.999335	-0.0364701	0.0283128	0.0364701	0.998934	0.116422	0.14995	8.2193	
0.999492	-0.000653671	-0.0318484	-0.000653817	0.999158	-0.0410258	0.0318483	0.0410259	0.99865	0.147338	0.189774	9.24584	
0.999374	-0.000806953	-0.0353828	-0.000807154	0.99896	-0.0455805	0.0353827	0.0455805	0.998334	0.181888	0.234281	10.2721	
0.999242	-0.000976348	-0.0389158	-0.000976616	0.998742	-0.0501337	0.0389158	0.0501337	0.997984	0.220069	0.283467	11.298	
0.999098	-0.00116185	-0.0424475	-0.0011622	0.998503	-0.0546855	0.0424475	0.0546855	0.997601	0.261881	0.337333	12.3235	
0.998942	-0.00136345	-0.0459776	-0.0013639	0.998243	-0.0592356	0.0459776	0.0592356	0.997185	0.307322	0.395876	13.3486	
0.998773	-0.00158115	-0.049506	-0.0015817	0.997962	-0.0637839	0.049506	0.0637839	0.996735	0.35639	0.459094	14.3732	
0.998591	-0.00181493	-0.0530327	-0.00181561	0.997661	-0.0683302	0.0530326	0.0683302	0.996252	0.409083	0.526986	15.3974	
0.998397	-0.00206478	-0.0565574	-0.00206561	0.997339	-0.0728743	0.0565574	0.0728744	0.995736	0.465401	0.59955	16.4211	
0.998191	-0.0023307	-0.0600801	-0.00233169	0.996996	-0.0774162	0.06008	0.0774163	0.995187	0.525339	0.676783	17.4442	
0.997972	-0.00261267	-0.0636006	-0.00261385	0.996633	-0.0819557	0.0636005	0.0819557	0.994605	0.588898	0.758683	18.4667	
0.997741	-0.00291069	-0.0671188	-0.00291208	0.996248	-0.0864925	0.0671187	0.0864926	0.993989	0.656073	0.845247	19.4886	
0.997497	-0.00322474	-0.0706346	-0.00322636	0.995843	-0.0910266	0.0706345	0.0910267	0.99334	0.726863	0.936472	20.5099	
0.997241	-0.00355482	-0.0741479	-0.00355669	0.995418	-0.0955578	0.0741478	0.0955578	0.992658	0.801265	1.03236	21.5305	
0.996972	-0.0039009	-0.0776585	-0.00390306	0.994971	-0.100086	0.0776584	0.100086	0.991944	0.879277	1.1329	22.5504	
0.996691	-0.00426298	-0.0811664	-0.00426544	0.994504	-0.104611	0.0811663	0.104611	0.991196	0.960896	1.23809	23.5695	
0.996398	-0.00464104	-0.0846714	-0.00464384	0.994016	-0.109132	0.0846713	0.109132	0.990415	1.04612	1.34793	24.5878	
0.996092	-0.00503506	-0.0881734	-0.00503823	0.993508	-0.11365	0.0881732	0.11365	0.9896	1.13494	1.46241	25.6053	
0.995774	-0.00544504	-0.0916722	-0.0054486	0.992979	-0.118164	0.091672	0.118165	0.988753	1.22736	1.58154	26.622	
0.995444	-0.00587096	-0.0951678	-0.00587494	0.99243	-0.122675	0.0951676	0.122675	0.987873	1.32338	1.70531	27.6377	
0.995101	-0.00631279	-0.09866	-0.00631724	0.991859	-0.127181	0.0986597	0.127181	0.986961	1.42298	1.8337	28.6526	
0.994746	-0.00677053	-0.102149	-0.00677547	0.991269	-0.131683	0.102148	0.131684	0.986015	1.52618	1.96673	29.6665	
0.994379	-0.00724416	-0.105634	-0.00724962	0.990657	-0.136181	0.105633	0.136181	0.985036	1.63295	2.10439	30.6794	
0.993999	-0.00773365	-0.109115	-0.00773967	0.990026	-0.140675	0.109115	0.140675	0.984025	1.74331	2.24666	31.6913	
0.993607	-0.00823899	-0.112593	-0.00824561	0.989373	-0.145163	0.112592	0.145164	0.98298	1.85724	2.39355	32.7021	
0.993203	-0.00876016	-0.116066	-0.00876742	0.988701	-0.149647	0.116066	0.149648	0.981903	1.97475	2.54505	33.7118	
0.992786	-0.00929714	-0.119536	-0.00930508	0.988007	-0.154126	0.119535	0.154127	0.980794	2.09582	2.70116	34.7204	
0.992358	-0.00984991	-0.123001	-0.00985857	0.987294	-0.1586	0.123	0.158601	0.979651	2.22046	2.86186	35.7279	
0.991917	-0.0104185	-0.126462	-0.0104279	0.98656	-0.163069	0.126461	0.16307	0.978476	2.34865	3.02717	36.7342	
0.991464	-0.0110027	-0.129918	-0.011013	0.985805	-0.167532	0.129917	0.167533	0.977269	2.4804	3.19706	37.7392	
0.990998	-0.0116027	-0.13337	-0.0116138	0.98503	-0.17199	0.133369	0.171991	0.976029	2.6157	3.37154	38.743	
0.990521	-0.0122185	-0.136817	-0.0122304	0.984235	-0.176442	0.136816	0.176443	0.974756	2.75455	3.5506	39.7455	
0.990031	-0.0128498	-0.14026	-0.0128627	0.98342	-0.180888	0.140259	0.180889	0.973451	2.89694	3.73423	40.7466	
0.98953	-0.0134969	-0.143697	-0.0135108	0.982584	-0.185328	0.143696	0.185329	0.972113	3.04286	3.92242	41.7464	
0.989016	-0.0141596	-0.14713	-0.0141745	0.981728	-0.189762	0.147128	0.189763	0.970744	3.19231	4.11518	42.7449	
0.98849	-0.0148378	-0.150557	-0.0148538	0.980852	-0.194189	0.150555	0.194191	0.969342	3.34529	4.31249	43.7418	
0.987952	-0.0155317	-0.153979	-0.0155488	0.979955	-0.198611	0.153977	0.198612	0.967907	3.50178	4.51434	44.7374	
0.987402	-0.0162411	-0.157395	-0.0162594	0.979039	-0.203025	0.157394	0.203026	0.966441	3.66179	4.72074	45.7314	
0.98684	-0.016966	-0.160807	-0.0169856	0.978102	-0.207433	0.160804	0.207434	0.964942	3.82531	4.93167	46.7239	
0.986266	-0.0177064	-0.164212	-0.0177273	0.977145	-0.211833	0.16421	0.211835	0.963411	3.99233	5.14713	47.7149	
0.98568	-0.0184623	-0.167612	-0.0184845	0.976168	-0.216227	0.167609	0.216229	0.961848	4.16285	5.36711	48.7043	
0.985082	-0.0192336	-0.171005	-0.0192573	0.975171	-0.220613	0.171003	0.220615	0.960254	4.33686	5.5916	49.692	
0.984473	-0.0200204	-0.174393	-0.0200455	0.974154	-0.224992	0.17439	0.224994	0.958627	4.51436	5.8206	50.6781	
0.983851	-0.0208225	-0.177775	-0.0208491	0.973117	-0.229364	0.177772	0.229366	0.956968	4.69533	6.05409	51.6625	
0.983217	-0.02164	-0.181151	-0.0216681	0.972061	-0.233727	0.181147	0.23373	0.955278	4.87977	6.29207	52.6452	
0.982572	-0.0224727	-0.18452	-0.0225026	0.970984	-0.238083	0.184516	0.238086	0.953556	5.06768	6.53453	53.6261	
0.981915	-0.0233208	-0.187883	-0.0233523	0.969888	-0.242431	0.187879	0.242434	0.951802	5.25905	6.78146	54.6053	
0.981246	-0.0241841	-0.191239	-0.0242174	0.968771	-0.246771	0.191234	0.246774	0.950017	5.45388	7.03286	55.5826	
0.980565	-0.0250627	-0.194588	-0.0250978	0.967635	-0.251102	0.194584	0.251106	0.9482	5.65215	7.28872	56.5581	
0.979872	-0.0259564	-0.197931	-0.0259934	0.966479	-0.255425	0.197926	0.255429	0.946352	5.85385	7.54902	57.5317	
0.979168	-0.0268652	-0.201267	-0.0269042	0.965304	-0.259739	0.201262	0.259743	0.944472	6.05899	7.81376	58.5034	
0.978452	-0.0277892	-0.204596	-0.0278303	0.964109	-0.264045	0.20459	0.264049	0.942561	6.26755	8.08294	59.4731	
0.977724	-0.0287283	-0.207917	-0.0287714	0.962894	-0.268342	0.207911	0.268346	0.940619	6.47953	8.35653	60.4408	
0.976985	-0.0296824	-0.211232	-0.0297277	0.96166	-0.272629	0.211225	0.272634	0.938645	6.69492	8.63453	61.4066	
0.976234	-0.0306516	-0.214539	-0.0306991	0.960406	-0.276908	0.214532	0.276913	0.93664	6.91372	8.91694	62.3703	
0.975472	-0.0316356	-0.217838	-0.0316855	0.959133	-0.281177	0.217831	0.281182	0.934605	7.1359	9.20374	63.3319	
0.974698	-0.0326347	-0.22113	-0.0326869	0.95784	-0.285436	0.221123	0.285442	0.932538	7.36148	9.49492	64.2914	
0.97363	-0.0340007	-0.225584	-0.0329098	0.957555	-0.286366	0.225745	0.286239	0.931185	7.59112	9.7887	65.2491	
0.97254	-0.035371	-0.230032	-0.0331376	0.957269	-0.287296	0.230364	0.287029	0.92981	7.82551	10.0833	66.2055	
0.971428	-0.0367453	-0.234475	-0.0333702	0.956981	-0.288224	0.234979	0.287813	0.928412	8.06464	10.3787	67.1604	
0.970293	-0.0381235	-0.238911	-0.0336075	0.956693	-0.289152	0.239588	0.288591	0.926991	8.30852	10.6749	68.1139	
0.969136	-0.0395052	-0.24334	-0.0338495	0.956404	-0.290079	0.244191	0.289363	0.925549	8.55713	10.9719	69.0659	
0.967958	-0.0408902	-0.24776	-0.0340963	0.956114	-0.291005	0.248786	0.290128	0.924084	8.81046	11.2697	70.0164	
0.965789	-0.0432731	-0.255692	-0.0279594	0.962857	-0.268561	0.257816	0.266522	0.928707	9.07082	11.5558	70.9686	
0.963544	-0.0454531	-0.26366	-0.0216058	0.969026	-0.246012	0.266676	0.24274	0.932717	9.34036	11.8175	71.9252	
0.961224	-0.0474289	-0.27166	-0.0150397	0.974617	-0.223373	0.275359	0.218797	0.936112	9.61892	12.0547	72.8856	
0.95883	-0.049199	-0.279687	-0.00826544	0.979626	-0.20066	0.283861	0.19471	0.938888	9.90631	12.2672	73.8492	
0.956364	-0.0507624	-0.287734	-0.00128747	0.98405	-0.177886	0.292175	0.170495	0.941045	10.2023	12.4549	74.8153	
0.953828	-0.0521179	-0.295798	0.00588961	0.987886	-0.155069	0.300296	0.146167	0.94258	10.5068	12.6176	75.7833	
0.951223	-0.0532648	-0.303871	0.013261	0.991132	-0.132221	0.308219	0.121742	0.943493	10.8196	12.7553	76.7526	
0.948551	-0.0542022	-0.31195	0.020822	0.993784	-0.109359	0.315939	0.0972371	0.943784	11.1403	12.8678	77.7225	
0.945814	-0.0549295	-0.320029	0.0285674	0.995842	-0.0864974	0.32345	0.072668	0.943451	11.4689	12.9552	78.6924	
0.943013	-0.0554463	-0.328103	0.0364922	0.997305	-0.0636514	0.330748	0.0480509	0.942495	11.8051	13.0172	79.6616	
0.940151	-0.0557522	-0.336165	0.0445912	0.99817	-0.0408361	0.337827	0.0234021	0.940917	12.1487	13.0539	80.6296	
0.93723	-0.0558469	-0.344211	0.052859	0.998439	-0.0180666	0.344683	-0.00126214	0.938718	12.4995	13.0653	81.5955	
0.93425	-0.0557306	-0.352236	0.0612901	0.998109	0.00464217	0.351312	-0.0259256	0.9359	12.8571	13.0513	82.5589	
0.931215	-0.0554031	-0.360234	0.0698791	0.997183	0.0272751	0.357708	-0.0505719	0.932463	13.2215	13.012	83.5191	
0.928126	-0.0548648	-0.3682	0.0786201	0.995659	0.0498174	0.363869	-0.0751848	0.928411	13.5924	12.9474	84.4755	
0.924986	-0.0541159	-0.376129	0.0875075	0.99354	0.0722541	0.369789	-0.0997481	0.923746	13.9694	12.8575	85.4273	
0.921795	-0.053157	-0.384015	0.0965354	0.990827	0.0945703	0.375465	-0.124246	0.918471	14.3524	12.7424	86.3741	
0.918558	-0.0519888	-0.391853	0.105698	0.987521	0.116751	0.380894	-0.148661	0.91259	14.7411	12.6021	87.3151	
0.915274	-0.0506119	-0.399639	0.114989	0.983624	0.138783	0.386071	-0.172978	0.906106	15.1353	12.4368	88.2497	
0.911948	-0.0490273	-0.407366	0.124402	0.97914	0.16065	0.390993	-0.197181	0.899024	15.5346	12.2466	89.1774	
0.90858	-0.0472361	-0.41503	0.133931	0.974072	0.182338	0.395656	-0.221254	0.891349	15.9389	12.0316	90.0975	
0.905174	-0.0452394	-0.422626	0.14357	0.968421	0.203833	0.400059	-0.245181	0.883085	16.3478	11.7918	91.0094	
0.901731	-0.0430385	-0.430149	0.153313	0.962193	0.225121	0.404198	-0.268946	0.874238	16.7611	11.5276	91.9125	
0.898254	-0.040635	-0.437594	0.163152	0.955392	0.246187	0.408069	-0.292533	0.864814	17.1786	11.2391	92.8063	
0.894745	-0.0380303	-0.444955	0.173083	0.948021	0.267019	0.411672	-0.315928	0.854819	17.5998	10.9264	93.69	
0.891206	-0.0352262	-0.452228	0.183097	0.940086	0.287601	0.415002	-0.339113	0.84426	18.0247	10.5897	94.5632	
0.88764	-0.0322246	-0.459409	0.193188	0.931592	0.307921	0.418059	-0.362075	0.833144	18.4528	10.2294	95.4253	
0.884049	-0.0290274	-0.466492	0.203351	0.922544	0.327965	0.42084	-0.384798	0.821477	18.8839	9.84555	96.2756	
0.880435	-0.0256367	-0.473473	0.213577	0.912949	0.347719	0.423342	-0.407267	0.809268	19.3178	9.4385	97.1137	
